code/data/2022/thursday_data/Station SH2.cnv
* Sea-Bird SBE 9 Data File:
* FileName = C:\Users\ctd-user\Desktop\CTD data\MAR440 Sept 2022\Day2\Station SH2.hex
* Software Version Seasave V 7.26.2.13
* Temperature SN = 4493
* Conductivity SN = 1899
* Number of Bytes Per Scan = 37
* Number of Voltage Words = 4
* Number of Scans Averaged by the Deck Unit = 1
* NMEA Latitude = 58 19.39 N
* NMEA Longitude = 011 49.77 E
* NMEA UTC (Time) = Sep 08 2022 11:26:14
* NMEA baud rate = 4800
** Ship:
** Station:
** Operator:
# nquan = 12                                
# nvalues = 1061                        
# units = specified
# name 0 = scan: Scan Count
# name 1 = prDM: Pressure, Digiquartz [db]
# name 2 = t090C: Temperature [ITS-90, deg C]
# name 3 = c0S/m: Conductivity [S/m]
# name 4 = sbeox0V: Oxygen raw, SBE 43 [V]
# name 5 = flECO-AFL: Fluorescence, WET Labs ECO-AFL/FL [mg/m^3]
# name 6 = upoly0: Upoly 0, Turbidity
# name 7 = xmiss: Beam Transmission, Chelsea/Seatech [%]
# name 8 = depSM: Depth [salt water, m], lat = 58.3232
# name 9 = sal00: Salinity, Practical [PSU]
# name 10 = sbeox0ML/L: Oxygen, SBE 43 [ml/l], WS = 2
# name 11 = flag: flag
# span 0 =          1,       1061       
# span 1 =      1.231,     17.610       
# span 2 =    12.6845,    18.5204       
# span 3 =   3.258608,   3.382989       
# span 4 =     1.4026,     2.6154       
# span 5 =     0.0076,     0.0212       
# span 6 =  0.0960420,  0.0990550       
# span 7 =    86.4175,    93.3594       
# span 8 =      1.220,     17.446       
# span 9 =    23.8568,    27.3621       
# span 10 =     2.2610,     5.1814      
# span 11 = 0.0000e+00, 0.0000e+00      
# interval = seconds: 0.0416667
# start_time = Sep 08 2022 11:26:14 [NMEA time, header]
# bad_flag = -9.990e-29
*END*
[from data line 722]
        723     12.664    17.1514   3.365838     1.8480     0.0153  0.0967682    92.1876     12.546    25.3010     3.0909 0.0000e+00
        724     12.685    17.1370   3.365543     1.8455     0.0153  0.0967454    92.2045     12.567    25.3075     3.0855 0.0000e+00
        725     12.706    17.1233   3.365245     1.8431     0.0153  0.0967194    92.2207     12.588    25.3136     3.0802 0.0000e+00
        726     12.727    17.1104   3.364947     1.8406     0.0152  0.0966902    92.2361     12.608    25.3192     3.0746 0.0000e+00
        727     12.748    17.0981   3.364650     1.8382     0.0152  0.0966575    92.2510     12.629    25.3244     3.0691 0.0000e+00
        728     12.770    17.0866   3.364356     1.8357     0.0152  0.0966212    92.2653     12.651    25.3291     3.0633 0.0000e+00
        729     12.791    17.0756   3.364064     1.8333     0.0151  0.0965809    92.2790     12.672    25.3336     3.0575 0.0000e+00
        730     12.812    17.0653   3.363777     1.8308     0.0151  0.0965372    92.2921     12.693    25.3376     3.0514 0.0000e+00
        731     12.833    17.0555   3.363495     1.8283     0.0150  0.0964907    92.3049     12.713    25.3414     3.0452 0.0000e+00
        732     12.854    17.0463   3.363219     1.8259     0.0150  0.0964411    92.3172     12.734    25.3449     3.0392 0.0000e+00
        733     12.875    17.0376   3.362949     1.8234     0.0149  0.0963888    92.3292     12.755    25.3481     3.0328 0.0000e+00
        734     12.896    17.0294   3.362684     1.8209     0.0149  0.0963360    92.3410     12.776    25.3510     3.0264 0.0000e+00
        735     12.916    17.0216   3.362423     1.8184     0.0148  0.0962867    92.3527     12.796    25.3537     3.0199 0.0000e+00
        736     12.937    17.0142   3.362164     1.8159     0.0148  0.0962430    92.3642     12.816    25.3562     3.0133 0.0000e+00
        737     12.958    17.0071   3.361909     1.8134     0.0147  0.0962045    92.3751     12.837    25.3585     3.0066 0.0000e+00
        738     12.978    17.0004   3.361658     1.8108     0.0147  0.0961720    92.3849     12.857    25.3606     2.9997 0.0000e+00
        739     12.999    16.9941   3.361410     1.8083     0.0146  0.0961452    92.3934     12.878    25.3625     2.9930 0.0000e+00
        740     13.019    16.9880   3.361166     1.8057     0.0146  0.0961221    92.4003     12.898    25.3642     2.9860 0.0000e+00
        741     13.039    16.9823   3.360926     1.8031     0.0145  0.0961019    92.4059     12.917    25.3658     2.9790 0.0000e+00
        742     13.060    16.9769   3.360690     1.8005     0.0145  0.0960842    92.4105     12.938    25.3672     2.9720 0.0000e+00
        743     13.080    16.9717   3.360458     1.7979     0.0145  0.0960691    92.4144     12.958    25.3686     2.9650 0.0000e+00
        744     13.100    16.9667   3.360230     1.7953     0.0144  0.0960573    92.4178     12.978    25.3698     2.9580 0.0000e+00
        745     13.120    16.9619   3.360005     1.7926     0.0144  0.0960494    92.4211     12.998    25.3709     2.9508 0.0000e+00
        746     13.140    16.9572   3.359785     1.7900     0.0143  0.0960447    92.4241     13.017    25.3720     2.9439 0.0000e+00
        747     13.159    16.9526   3.359568     1.7873     0.0143  0.0960422    92.4269     13.036    25.3731     2.9367 0.0000e+00
        748     13.179    16.9481   3.359355     1.7846     0.0143  0.0960420    92.4292     13.056    25.3741     2.9296 0.0000e+00
        749     13.198    16.9435   3.359143     1.7820     0.0142  0.0960440    92.4310     13.075    25.3752     2.9229 0.0000e+00
        750     13.218    16.9388   3.358934     1.7793     0.0142  0.0960482    92.4322     13.095    25.3764     2.9159 0.0000e+00
        751     13.237    16.9340   3.358727     1.7766     0.0141  0.0960546    92.4327     13.114    25.3777     2.9090 0.0000e+00
        752     13.256    16.9290   3.358521     1.7739     0.0141  0.0960643    92.4325     13.132    25.3791     2.9023 0.0000e+00
        753     13.276    16.9236   3.358317     1.7711     0.0140  0.0960780    92.4315     13.152    25.3808     2.8953 0.0000e+00
        754     13.295    16.9180   3.358115     1.7684     0.0140  0.0960950    92.4296     13.171    25.3827     2.8887 0.0000e+00
        755     13.314    16.9121   3.357914     1.7657     0.0139  0.0961146    92.4267     13.190    25.3847     2.8822 0.0000e+00
        756     13.332    16.9058   3.357713     1.7630     0.0139  0.0961369    92.4227     13.208    25.3870     2.8758 0.0000e+00
        757     13.351    16.8993   3.357514     1.7602     0.0138  0.0961621    92.4175     13.226    25.3894     2.8693 0.0000e+00
        758     13.370    16.8924   3.357314     1.7575     0.0137  0.0961904    92.4112     13.245    25.3920     2.8632 0.0000e+00
        759     13.388    16.8852   3.357116     1.7548     0.0136  0.0962211    92.4041     13.263    25.3949     2.8571 0.0000e+00
        760     13.407    16.8777   3.356917     1.7521     0.0135  0.0962518    92.3965     13.282    25.3980     2.8512 0.0000e+00
        761     13.425    16.8697   3.356715     1.7493     0.0135  0.0962803    92.3885     13.300    25.4013     2.8452 0.0000e+00
        762     13.444    16.8614   3.356513     1.7466     0.0134  0.0963059    92.3805     13.319    25.4048     2.8396 0.0000e+00
        763     13.462    16.8527   3.356307     1.7439     0.0133  0.0963287    92.3725     13.336    25.4086     2.8341 0.0000e+00
        764     13.480    16.8434   3.356098     1.7412     0.0132  0.0963489    92.3647     13.354    25.4127     2.8287 0.0000e+00
        765     13.498    16.8337   3.355886     1.7386     0.0132  0.0963676    92.3570     13.372    25.4170     2.8237 0.0000e+00
        766     13.516    16.8235   3.355669     1.7359     0.0131  0.0963856    92.3493     13.390    25.4216     2.8187 0.0000e+00
        767     13.534    16.8127   3.355449     1.7333     0.0131  0.0964023    92.3416     13.408    25.4266     2.8139 0.0000e+00
        768     13.552    16.8012   3.355223     1.7306     0.0130  0.0964170    92.3339     13.426    25.4319     2.8092 0.0000e+00
        769     13.570    16.7891   3.354992     1.7280     0.0130  0.0964296    92.3265     13.443    25.4376     2.8048 0.0000e+00
        770     13.588    16.7763   3.354758     1.7254     0.0129  0.0964404    92.3195     13.461    25.4438     2.8005 0.0000e+00
        771     13.605    16.7627   3.354518     1.7228     0.0129  0.0964494    92.3130     13.478    25.4503     2.7964 0.0000e+00
        772     13.623    16.7482   3.354273     1.7203     0.0128  0.0964567    92.3071     13.496    25.4574     2.7926 0.0000e+00
        773     13.641    16.7328   3.354021     1.7178     0.0128  0.0964622    92.3014     13.514    25.4651     2.7890 0.0000e+00
        774     13.658    16.7164   3.353764     1.7153     0.0128  0.0964661    92.2958     13.531    25.4733     2.7856 0.0000e+00
        775     13.676    16.6989   3.353500     1.7128     0.0127  0.0964684    92.2903     13.548    25.4821     2.7823 0.0000e+00
        776     13.693    16.6802   3.353229     1.7103     0.0127  0.0964691    92.2853     13.565    25.4917     2.7792 0.0000e+00
        777     13.710    16.6602   3.352949     1.7079     0.0127  0.0964682    92.2807     13.582    25.5020     2.7765 0.0000e+00
        778     13.728    16.6388   3.352662     1.7055     0.0127  0.0964656    92.2762     13.600    25.5132     2.7739 0.0000e+00
        779     13.745    16.6160   3.352364     1.7031     0.0126  0.0964615    92.2715     13.617    25.5251     2.7714 0.0000e+00
        780     13.762    16.5919   3.352058     1.7008     0.0126  0.0964556    92.2662     13.634    25.5379     2.7693 0.0000e+00
        781     13.779    16.5666   3.351745     1.6985     0.0126  0.0964481    92.2602     13.650    25.5513     2.7674 0.0000e+00
        782     13.796    16.5402   3.351422     1.6962     0.0125  0.0964389    92.2534     13.667    25.5654     2.7655 0.0000e+00
        783     13.813    16.5129   3.351091     1.6939     0.0125  0.0964278    92.2458     13.684    25.5800     2.7638 0.0000e+00
        784     13.830    16.4846   3.350752     1.6917     0.0125  0.0964157    92.2375     13.701    25.5952     2.7624 0.0000e+00
        785     13.847    16.4549   3.350402     1.6895     0.0125  0.0964041    92.2283     13.718    25.6112     2.7611 0.0000e+00
        786     13.864    16.4240   3.350043     1.6874     0.0124  0.0963939    92.2184     13.735    25.6279     2.7601 0.0000e+00
        787     13.881    16.3920   3.349673     1.6852     0.0124  0.0963850    92.2077     13.752    25.6452     2.7589 0.0000e+00
        788     13.898    16.3594   3.349296     1.6832     0.0124  0.0963772    92.1959     13.768    25.6629     2.7583 0.0000e+00
        789     13.915    16.3266   3.348912     1.6811     0.0124  0.0963707    92.1832     13.785    25.6807     2.7574 0.0000e+00
        790     13.932    16.2937   3.348522     1.6791     0.0123  0.0963652    92.1696     13.802    25.6985     2.7569 0.0000e+00
        791     13.948    16.2612   3.348127     1.6771     0.0123  0.0963608    92.1553     13.818    25.7161     2.7563 0.0000e+00
        792     13.965    16.2291   3.347729     1.6752     0.0123  0.0963575    92.1404     13.835    25.7334     2.7559 0.0000e+00
        793     13.982    16.1976   3.347330     1.6733     0.0123  0.0963551    92.1249     13.852    25.7503     2.7555 0.0000e+00
        794     13.998    16.1667   3.346930     1.6714     0.0123  0.0963538    92.1092     13.867    25.7668     2.7550 0.0000e+00
        795     14.014    16.1367   3.346532     1.6696     0.0122  0.0963534    92.0938     13.883    25.7828     2.7547 0.0000e+00
        796     14.031    16.1076   3.346136     1.6678     0.0122  0.0963541    92.0787     13.900    25.7982     2.7542 0.0000e+00
        797     14.047    16.0795   3.345742     1.6661     0.0122  0.0963557    92.0638     13.916    25.8130     2.7540 0.0000e+00
        798     14.063    16.0525   3.345352     1.6644     0.0122  0.0963584    92.0492     13.932    25.8272     2.7536 0.0000e+00
        799     14.080    16.0264   3.344965     1.6627     0.0122  0.0963621    92.0348     13.949    25.8408     2.7531 0.0000e+00
        800     14.096    16.0012   3.344587     1.6611     0.0121  0.0963668    92.0205     13.965    25.8540     2.7527 0.0000e+00
        801     14.112    15.9769   3.344218     1.6595     0.0121  0.0963726    92.0062     13.980    25.8666     2.7521 0.0000e+00
        802     14.127    15.9534   3.343857     1.6579     0.0121  0.0963795    91.9918     13.995    25.8788     2.7514 0.0000e+00
        803     14.143    15.9306   3.343506     1.6564     0.0121  0.0963876    91.9777     14.011    25.8906     2.7508 0.0000e+00
        804     14.159    15.9087   3.343165     1.6548     0.0121  0.0963969    91.9642     14.027    25.9020     2.7498 0.0000e+00
        805     14.174    15.8874   3.342834     1.6534     0.0120  0.0964076    91.9516     14.042    25.9130     2.7491 0.0000e+00
        806     14.190    15.8667   3.342514     1.6519     0.0120  0.0964195    91.9404     14.058    25.9238     2.7480 0.0000e+00
        807     14.205    15.8466   3.342204     1.6504     0.0120  0.0964330    91.9306     14.073    25.9342     2.7467 0.0000e+00
        808     14.221    15.8271   3.341904     1.6490     0.0120  0.0964480    91.9218     14.088    25.9444     2.7454 0.0000e+00
        809     14.236    15.8081   3.341612     1.6476     0.0119  0.0964646    91.9143     14.103    25.9543     2.7440 0.0000e+00
        810     14.251    15.7895   3.341325     1.6462     0.0119  0.0964830    91.9085     14.118    25.9640     2.7423 0.0000e+00
        811     14.266    15.7714   3.341043     1.6448     0.0119  0.0965024    91.9045     14.133    25.9734     2.7405 0.0000e+00
        812     14.281    15.7537   3.340767     1.6435     0.0119  0.0965213    91.9023     14.148    25.9826     2.7387 0.0000e+00
        813     14.295    15.7364   3.340493     1.6421     0.0118  0.0965389    91.9016     14.162    25.9916     2.7364 0.0000e+00
        814     14.310    15.7195   3.340225     1.6408     0.0118  0.0965555    91.9025     14.177    26.0004     2.7342 0.0000e+00
        815     14.325    15.7028   3.339958     1.6394     0.0118  0.0965710    91.9049     14.191    26.0090     2.7315 0.0000e+00
        816     14.339    15.6864   3.339694     1.6381     0.0118  0.0965857    91.9089     14.205    26.0175     2.7289 0.0000e+00
        817     14.354    15.6702   3.339433     1.6367     0.0117  0.0965995    91.9141     14.220    26.0259     2.7259 0.0000e+00
        818     14.368    15.6542   3.339172     1.6353     0.0117  0.0966127    91.9209     14.234    26.0342     2.7227 0.0000e+00
        819     14.382    15.6385   3.338914     1.6339     0.0117  0.0966252    91.9300     14.248    26.0423     2.7193 0.0000e+00
        820     14.397    15.6231   3.338657     1.6325     0.0117  0.0966373    91.9419     14.263    26.0502     2.7157 0.0000e+00
        821     14.411    15.6080   3.338402     1.6311     0.0117  0.0966489    91.9575     14.277    26.0579     2.7119 0.0000e+00
        822     14.426    15.5933   3.338148     1.6297     0.0116  0.0966610    91.9775     14.291    26.0654     2.7080 0.0000e+00
        823     14.441    15.5789   3.337895     1.6282     0.0116  0.0966745    92.0020     14.306    26.0727     2.7037 0.0000e+00
        824     14.455    15.5648   3.337641     1.6268     0.0116  0.0966887    92.0314     14.320    26.0798     2.6995 0.0000e+00
        825     14.469    15.5509   3.337388     1.6253     0.0116  0.0967028    92.0653     14.334    26.0868     2.6950 0.0000e+00
        826     14.484    15.5372   3.337134     1.6238     0.0116  0.0967170    92.1034     14.349    26.0936     2.6903 0.0000e+00
        827     14.498    15.5238   3.336881     1.6223     0.0116  0.0967313    92.1454     14.363    26.1003     2.6855 0.0000e+00
        828     14.512    15.5106   3.336626     1.6208     0.0115  0.0967458    92.1906     14.377    26.1068     2.6806 0.0000e+00
        829     14.527    15.4977   3.336373     1.6192     0.0115  0.0967606    92.2389     14.391    26.1131     2.6753 0.0000e+00
        830     14.541    15.4849   3.336120     1.6176     0.0115  0.0967758    92.2900     14.405    26.1194     2.6700 0.0000e+00
        831     14.555    15.4723   3.335868     1.6160     0.0115  0.0967916    92.3436     14.419    26.1256     2.6646 0.0000e+00
        832     14.570    15.4599   3.335619     1.6144     0.0114  0.0968080    92.3991     14.434    26.1316     2.6591 0.0000e+00
        833     14.584    15.4476   3.335375     1.6127     0.0114  0.0968252    92.4553     14.448    26.1376     2.6534 0.0000e+00
        834     14.599    15.4352   3.335132     1.6110     0.0114  0.0968432    92.5111     14.463    26.1437     2.6476 0.0000e+00
        835     14.613    15.4229   3.334895     1.6093     0.0114  0.0968622    92.5660     14.477    26.1498     2.6418 0.0000e+00
        836     14.628    15.4105   3.334661     1.6076     0.0113  0.0968815    92.6193     14.492    26.1560     2.6361 0.0000e+00
        837     14.643    15.3981   3.334430     1.6058     0.0113  0.0968996    92.6712     14.506    26.1622     2.6300 0.0000e+00
        838     14.657    15.3855   3.334201     1.6040     0.0113  0.0969156    92.7224     14.520    26.1686     2.6240 0.0000e+00
        839     14.672    15.3727   3.333974     1.6022     0.0113  0.0969297    92.7732     14.535    26.1751     2.6181 0.0000e+00
        840     14.686    15.3597   3.333748     1.6004     0.0112  0.0969421    92.8237     14.549    26.1818     2.6122 0.0000e+00
        841     14.701    15.3464   3.333522     1.5986     0.0112  0.0969527    92.8739     14.564    26.1887     2.6064 0.0000e+00
        842     14.716    15.3329   3.333299     1.5967     0.0112  0.0969617    92.9238     14.579    26.1957     2.6004 0.0000e+00
