code/data/2022/thursday_data/Station H3.cnv
* Sea-Bird SBE 9 Data File:
* FileName = C:\Users\ctd-user\Desktop\CTD data\MAR440 Sept 2022\Day2\Station H3.hex
* Software Version Seasave V 7.26.2.13
* Temperature SN = 4493
* Conductivity SN = 1899
* Number of Bytes Per Scan = 37
* Number of Voltage Words = 4
* Number of Scans Averaged by the Deck Unit = 1
* NMEA Latitude = 58 18.76 N
* NMEA Longitude = 011 46.14 E
* NMEA UTC (Time) = Sep 08 2022 12:29:29
* NMEA baud rate = 4800
** Ship:
** Station:
** Operator:
# nquan = 12                                
# nvalues = 2310                        
# units = specified
# name 0 = scan: Scan Count
# name 1 = prDM: Pressure, Digiquartz [db]
# name 2 = t090C: Temperature [ITS-90, deg C]
# name 3 = c0S/m: Conductivity [S/m]
# name 4 = sbeox0V: Oxygen raw, SBE 43 [V]
# name 5 = flECO-AFL: Fluorescence, WET Labs ECO-AFL/FL [mg/m^3]
# name 6 = upoly0: Upoly 0, Turbidity
# name 7 = xmiss: Beam Transmission, Chelsea/Seatech [%]
# name 8 = depSM: Depth [salt water, m], lat = 58.3127
# name 9 = sal00: Salinity, Practical [PSU]
# name 10 = sbeox0ML/L: Oxygen, SBE 43 [ml/l], WS = 2
# name 11 = flag: flag
# span 0 =          1,       2310       
# span 1 =      1.048,     38.707       
# span 2 =     6.2357,    18.5693       
# span 3 =   3.125462,   3.400501       
# span 4 =     0.5972,     2.7745       
# span 5 =     0.0026,     0.0189       
# span 6 =  0.0942873,  0.1112639       
# span 7 =    82.1723,    95.3789       
# span 8 =      1.038,     38.344       
# span 9 =    23.8324,    31.3578       
# span 10 =     0.2686,     5.5407      
# span 11 = 0.0000e+00, 0.0000e+00      
# interval = seconds: 0.0416667
# start_time = Sep 08 2022 12:29:29 [NMEA time, header]
# bad_flag = -9.990e-29
*END*
[from data line 361]
        362      5.789    18.5689   3.290577     2.7737     0.0151  0.0966607    90.2195      5.735    23.8388     5.5399 0.0000e+00
        363      5.811    18.5690   3.290578     2.7738     0.0151  0.0966592    90.2234      5.757    23.8388     5.5400 0.0000e+00
        364      5.833    18.5690   3.290579     2.7738     0.0151  0.0966573    90.2270      5.779    23.8388     5.5400 0.0000e+00
        365      5.855    18.5690   3.290580     2.7738     0.0151  0.0966552    90.2302      5.801    23.8388     5.5400 0.0000e+00
        366      5.877    18.5690   3.290580     2.7739     0.0151  0.0966536    90.2330      5.822    23.8388     5.5402 0.0000e+00
        367      5.899    18.5690   3.290580     2.7739     0.0151  0.0966534    90.2353      5.844    23.8388     5.5401 0.0000e+00
        368      5.921    18.5690   3.290581     2.7739     0.0151  0.0966537    90.2373      5.866    23.8388     5.5400 0.0000e+00
        369      5.943    18.5690   3.290582     2.7739     0.0151  0.0966537    90.2389      5.888    23.8388     5.5399 0.0000e+00
        370      5.964    18.5690   3.290583     2.7739     0.0151  0.0966534    90.2401      5.908    23.8388     5.5399 0.0000e+00
        371      5.986    18.5690   3.290585     2.7739     0.0151  0.0966527    90.2413      5.930    23.8388     5.5397 0.0000e+00
        372      6.008    18.5690   3.290586     2.7739     0.0151  0.0966518    90.2424      5.952    23.8388     5.5396 0.0000e+00
        373      6.029    18.5690   3.290586     2.7739     0.0151  0.0966505    90.2436      5.973    23.8388     5.5395 0.0000e+00
        374      6.051    18.5690   3.290587     2.7739     0.0151  0.0966497    90.2448      5.995    23.8388     5.5394 0.0000e+00
        375      6.072    18.5690   3.290589     2.7739     0.0151  0.0966502    90.2462      6.015    23.8388     5.5392 0.0000e+00
        376      6.094    18.5690   3.290590     2.7739     0.0151  0.0966513    90.2477      6.037    23.8388     5.5391 0.0000e+00
        377      6.116    18.5690   3.290591     2.7739     0.0151  0.0966520    90.2492      6.059    23.8388     5.5389 0.0000e+00
        378      6.137    18.5690   3.290592     2.7739     0.0152  0.0966524    90.2508      6.080    23.8388     5.5387 0.0000e+00
        379      6.159    18.5690   3.290593     2.7739     0.0152  0.0966525    90.2529      6.102    23.8388     5.5385 0.0000e+00
        380      6.180    18.5690   3.290594     2.7739     0.0152  0.0966522    90.2559      6.122    23.8388     5.5384 0.0000e+00
        381      6.202    18.5690   3.290595     2.7739     0.0152  0.0966517    90.2596      6.144    23.8388     5.5382 0.0000e+00
        382      6.223    18.5690   3.290597     2.7739     0.0152  0.0966507    90.2636      6.165    23.8388     5.5380 0.0000e+00
        383      6.245    18.5689   3.290597     2.7739     0.0152  0.0966495    90.2674      6.187    23.8389     5.5379 0.0000e+00
        384      6.266    18.5689   3.290599     2.7738     0.0152  0.0966487    90.2712      6.208    23.8389     5.5375 0.0000e+00
        385      6.288    18.5689   3.290600     2.7738     0.0152  0.0966493    90.2747      6.229    23.8389     5.5373 0.0000e+00
        386      6.309    18.5689   3.290602     2.7738     0.0152  0.0966504    90.2780      6.250    23.8389     5.5372 0.0000e+00
        387      6.331    18.5689   3.290603     2.7738     0.0152  0.0966520    90.2809      6.272    23.8389     5.5371 0.0000e+00
        388      6.352    18.5689   3.290605     2.7738     0.0152  0.0966549    90.2835      6.293    23.8389     5.5370 0.0000e+00
        389      6.373    18.5689   3.290606     2.7738     0.0152  0.0966584    90.2859      6.314    23.8389     5.5369 0.0000e+00
        390      6.395    18.5689   3.290607     2.7738     0.0152  0.0966616    90.2878      6.335    23.8389     5.5368 0.0000e+00
        391      6.416    18.5689   3.290609     2.7737     0.0152  0.0966646    90.2895      6.356    23.8389     5.5365 0.0000e+00
        392      6.438    18.5689   3.290610     2.7737     0.0152  0.0966673    90.2910      6.378    23.8389     5.5364 0.0000e+00
        393      6.459    18.5689   3.290612     2.7737     0.0152  0.0966697    90.2926      6.399    23.8389     5.5364 0.0000e+00
        394      6.481    18.5690   3.290614     2.7737     0.0152  0.0966720    90.2941      6.421    23.8389     5.5364 0.0000e+00
        395      6.502    18.5690   3.290615     2.7736     0.0152  0.0966741    90.2954      6.441    23.8389     5.5361 0.0000e+00
        396      6.523    18.5690   3.290617     2.7736     0.0152  0.0966760    90.2962      6.462    23.8389     5.5361 0.0000e+00
        397      6.544    18.5690   3.290618     2.7735     0.0152  0.0966777    90.2965      6.483    23.8389     5.5359 0.0000e+00
        398      6.566    18.5690   3.290619     2.7735     0.0152  0.0966793    90.2967      6.505    23.8389     5.5360 0.0000e+00
        399      6.587    18.5690   3.290621     2.7734     0.0152  0.0966807    90.2969      6.526    23.8389     5.5358 0.0000e+00
        400      6.608    18.5691   3.290622     2.7734     0.0152  0.0966821    90.2971      6.546    23.8389     5.5358 0.0000e+00
        401      6.630    18.5691   3.290623     2.7733     0.0152  0.0966832    90.2972      6.568    23.8389     5.5356 0.0000e+00
        402      6.651    18.5691   3.290625     2.7732     0.0152  0.0966843    90.2973      6.589    23.8389     5.5355 0.0000e+00
        403      6.672    18.5691   3.290625     2.7732     0.0152  0.0966853    90.2977      6.610    23.8389     5.5356 0.0000e+00
        404      6.694    18.5691   3.290627     2.7731     0.0152  0.0966861    90.2987      6.632    23.8389     5.5355 0.0000e+00
        405      6.715    18.5692   3.290630     2.7731     0.0152  0.0966869    90.3003      6.652    23.8388     5.5356 0.0000e+00
        406      6.736    18.5692   3.290631     2.7731     0.0152  0.0966876    90.3021      6.673    23.8388     5.5357 0.0000e+00
        407      6.758    18.5692   3.290633     2.7730     0.0152  0.0966882    90.3038      6.695    23.8389     5.5356 0.0000e+00
        408      6.779    18.5692   3.290635     2.7730     0.0152  0.0966887    90.3053      6.716    23.8389     5.5357 0.0000e+00
        409      6.800    18.5692   3.290637     2.7730     0.0152  0.0966892    90.3062      6.737    23.8389     5.5358 0.0000e+00
        410      6.822    18.5692   3.290639     2.7730     0.0152  0.0966895    90.3063      6.758    23.8389     5.5359 0.0000e+00
        411      6.843    18.5692   3.290641     2.7730     0.0152  0.0966898    90.3057      6.779    23.8389     5.5361 0.0000e+00
        412      6.865    18.5692   3.290643     2.7729     0.0152  0.0966901    90.3048      6.801    23.8389     5.5360 0.0000e+00
        413      6.886    18.5692   3.290644     2.7729     0.0151  0.0966903    90.3040      6.822    23.8389     5.5361 0.0000e+00
        414      6.908    18.5692   3.290646     2.7729     0.0151  0.0966904    90.3037      6.844    23.8389     5.5362 0.0000e+00
        415      6.929    18.5693   3.290649     2.7729     0.0151  0.0966904    90.3038      6.864    23.8389     5.5363 0.0000e+00
        416      6.950    18.5693   3.290650     2.7729     0.0151  0.0966904    90.3043      6.885    23.8389     5.5364 0.0000e+00
        417      6.972    18.5693   3.290651     2.7730     0.0151  0.0966903    90.3048      6.907    23.8389     5.5368 0.0000e+00
        418      6.993    18.5693   3.290653     2.7730     0.0151  0.0966902    90.3050      6.928    23.8389     5.5369 0.0000e+00
        419      7.015    18.5693   3.290654     2.7730     0.0151  0.0966899    90.3048      6.950    23.8389     5.5370 0.0000e+00
        420      7.036    18.5693   3.290655     2.7730     0.0151  0.0966905    90.3044      6.970    23.8389     5.5371 0.0000e+00
        421      7.057    18.5693   3.290656     2.7730     0.0151  0.0966927    90.3040      6.991    23.8389     5.5372 0.0000e+00
        422      7.079    18.5693   3.290657     2.7731     0.0151  0.0966957    90.3035      7.013    23.8389     5.5376 0.0000e+00
        423      7.101    18.5693   3.290659     2.7731     0.0151  0.0966987    90.3028      7.035    23.8389     5.5376 0.0000e+00
        424      7.122    18.5693   3.290659     2.7731     0.0151  0.0967017    90.3019      7.056    23.8389     5.5377 0.0000e+00
        425      7.144    18.5693   3.290660     2.7731     0.0151  0.0967046    90.3007      7.077    23.8389     5.5378 0.0000e+00
        426      7.165    18.5692   3.290661     2.7732     0.0151  0.0967077    90.2993      7.098    23.8390     5.5382 0.0000e+00
        427      7.187    18.5692   3.290662     2.7732     0.0151  0.0967107    90.2975      7.120    23.8390     5.5382 0.0000e+00
        428      7.209    18.5692   3.290663     2.7732     0.0151  0.0967139    90.2954      7.142    23.8390     5.5383 0.0000e+00
        429      7.231    18.5691   3.290663     2.7732     0.0151  0.0967180    90.2930      7.164    23.8390     5.5383 0.0000e+00
        430      7.252    18.5691   3.290664     2.7732     0.0151  0.0967239    90.2905      7.184    23.8390     5.5384 0.0000e+00
        431      7.274    18.5690   3.290664     2.7732     0.0151  0.0967309    90.2877      7.206    23.8391     5.5384 0.0000e+00
        432      7.296    18.5690   3.290665     2.7732     0.0151  0.0967380    90.2849      7.228    23.8391     5.5384 0.0000e+00
        433      7.318    18.5689   3.290666     2.7732     0.0151  0.0967455    90.2819      7.250    23.8391     5.5385 0.0000e+00
        434      7.339    18.5689   3.290666     2.7732     0.0150  0.0967532    90.2784      7.271    23.8391     5.5385 0.0000e+00
        435      7.361    18.5688   3.290665     2.7732     0.0150  0.0967613    90.2742      7.292    23.8392     5.5386 0.0000e+00
        436      7.383    18.5687   3.290666     2.7732     0.0150  0.0967699    90.2694      7.314    23.8392     5.5387 0.0000e+00
        437      7.405    18.5687   3.290666     2.7731     0.0150  0.0967789    90.2642      7.336    23.8392     5.5384 0.0000e+00
        438      7.426    18.5686   3.290665     2.7731     0.0150  0.0967885    90.2587      7.357    23.8393     5.5385 0.0000e+00
        439      7.448    18.5685   3.290664     2.7731     0.0150  0.0967987    90.2531      7.379    23.8393     5.5385 0.0000e+00
        440      7.470    18.5685   3.290663     2.7731     0.0150  0.0968096    90.2475      7.400    23.8393     5.5386 0.0000e+00
        441      7.492    18.5684   3.290662     2.7731     0.0150  0.0968213    90.2415      7.422    23.8394     5.5386 0.0000e+00
        442      7.514    18.5683   3.290661     2.7731     0.0150  0.0968338    90.2351      7.444    23.8394     5.5387 0.0000e+00
        443      7.536    18.5683   3.290660     2.7730     0.0150  0.0968473    90.2285      7.466    23.8394     5.5385 0.0000e+00
        444      7.558    18.5682   3.290660     2.7730     0.0150  0.0968618    90.2222      7.488    23.8394     5.5385 0.0000e+00
        445      7.580    18.5681   3.290659     2.7730     0.0150  0.0968774    90.2164      7.509    23.8395     5.5386 0.0000e+00
        446      7.602    18.5680   3.290659     2.7730     0.0150  0.0968942    90.2115      7.531    23.8395     5.5387 0.0000e+00
        447      7.624    18.5680   3.290659     2.7730     0.0150  0.0969115    90.2074      7.553    23.8395     5.5387 0.0000e+00
        448      7.646    18.5679   3.290659     2.7731     0.0150  0.0969278    90.2043      7.575    23.8396     5.5391 0.0000e+00
        449      7.668    18.5678   3.290659     2.7731     0.0150  0.0969423    90.2020      7.597    23.8396     5.5391 0.0000e+00
        450      7.690    18.5677   3.290658     2.7731     0.0150  0.0969550    90.2004      7.618    23.8397     5.5392 0.0000e+00
        451      7.712    18.5677   3.290658     2.7731     0.0150  0.0969670    90.1999      7.640    23.8397     5.5393 0.0000e+00
        452      7.734    18.5676   3.290658     2.7731     0.0150  0.0969792    90.2009      7.662    23.8397     5.5394 0.0000e+00
        453      7.756    18.5675   3.290657     2.7732     0.0150  0.0969907    90.2034      7.684    23.8398     5.5397 0.0000e+00
        454      7.779    18.5675   3.290657     2.7732     0.0150  0.0970009    90.2070      7.707    23.8398     5.5398 0.0000e+00
        455      7.801    18.5674   3.290657     2.7732     0.0150  0.0970097    90.2113      7.728    23.8398     5.5398 0.0000e+00
        456      7.823    18.5674   3.290657     2.7732     0.0150  0.0970182    90.2157      7.750    23.8398     5.5399 0.0000e+00
        457      7.845    18.5673   3.290656     2.7733     0.0150  0.0970272    90.2198      7.772    23.8398     5.5402 0.0000e+00
        458      7.867    18.5673   3.290656     2.7733     0.0150  0.0970359    90.2234      7.794    23.8398     5.5402 0.0000e+00
        459      7.889    18.5673   3.290657     2.7733     0.0150  0.0970436    90.2264      7.816    23.8398     5.5403 0.0000e+00
        460      7.912    18.5672   3.290657     2.7734     0.0150  0.0970502    90.2285      7.838    23.8399     5.5405 0.0000e+00
        461      7.934    18.5672   3.290658     2.7734     0.0150  0.0970559    90.2297      7.860    23.8399     5.5406 0.0000e+00
        462      7.956    18.5672   3.290658     2.7734     0.0150  0.0970607    90.2302      7.882    23.8399     5.5405 0.0000e+00
        463      7.978    18.5671   3.290658     2.7735     0.0150  0.0970654    90.2303      7.904    23.8399     5.5407 0.0000e+00
        464      8.000    18.5671   3.290659     2.7735     0.0151  0.0970710    90.2296      7.926    23.8399     5.5407 0.0000e+00
        465      8.023    18.5671   3.290660     2.7735     0.0151  0.0970767    90.2283      7.948    23.8399     5.5406 0.0000e+00
        466      8.045    18.5671   3.290661     2.7735     0.0151  0.0970815    90.2265      7.970    23.8400     5.5405 0.0000e+00
        467      8.067    18.5671   3.290663     2.7735     0.0151  0.0970856    90.2245      7.992    23.8400     5.5405 0.0000e+00
        468      8.090    18.5671   3.290664     2.7735     0.0151  0.0970890    90.2226      8.015    23.8400     5.5403 0.0000e+00
        469      8.112    18.5671   3.290666     2.7736     0.0151  0.0970917    90.2212      8.036    23.8400     5.5404 0.0000e+00
        470      8.134    18.5671   3.290668     2.7736     0.0151  0.0970938    90.2204      8.058    23.8400     5.5403 0.0000e+00
        471      8.157    18.5671   3.290670     2.7736     0.0151  0.0970952    90.2204      8.081    23.8400     5.5401 0.0000e+00
        472      8.179    18.5671   3.290671     2.7736     0.0151  0.0970959    90.2213      8.103    23.8400     5.5399 0.0000e+00
        473      8.202    18.5671   3.290674     2.7736     0.0151  0.0970960    90.2226      8.126    23.8400     5.5397 0.0000e+00
        474      8.224    18.5671   3.290676     2.7736     0.0151  0.0970955    90.2237      8.147    23.8400     5.5395 0.0000e+00
        475      8.247    18.5672   3.290680     2.7736     0.0151  0.0970943    90.2241      8.170    23.8400     5.5393 0.0000e+00
        476      8.269    18.5672   3.290683     2.7736     0.0151  0.0970925    90.2239      8.192    23.8400     5.5391 0.0000e+00
        477      8.291    18.5672   3.290686     2.7736     0.0151  0.0970900    90.2235      8.214    23.8400     5.5389 0.0000e+00
        478      8.314    18.5673   3.290689     2.7736     0.0152  0.0970868    90.2235      8.237    23.8400     5.5387 0.0000e+00
        479      8.337    18.5673   3.290693     2.7736     0.0152  0.0970829    90.2240      8.259    23.8400     5.5384 0.0000e+00
        480      8.359    18.5673   3.290697     2.7736     0.0152  0.0970791    90.2249      8.281    23.8400     5.5382 0.0000e+00
        481      8.382    18.5674   3.290701     2.7736     0.0152  0.0970763    90.2259      8.304    23.8400     5.5380 0.0000e+00
