code/data/2022/thursday_data/Station SB2.cnv
* Sea-Bird SBE 9 Data File:
* FileName = C:\Users\ctd-user\Desktop\CTD data\MAR440 Sept 2022\Day2\Station SB2.hex
* Software Version Seasave V 7.26.2.13
* Temperature SN = 4493
* Conductivity SN = 1899
* Number of Bytes Per Scan = 37
* Number of Voltage Words = 4
* Number of Scans Averaged by the Deck Unit = 1
* NMEA Latitude = 58 19.59 N
* NMEA Longitude = 011 50.88 E
* NMEA UTC (Time) = Sep 08 2022 10:57:29
* NMEA baud rate = 4800
** Ship:
** Station:
** Operator:
# nquan = 12                                
# nvalues = 1004                        
# units = specified
# name 0 = scan: Scan Count
# name 1 = prDM: Pressure, Digiquartz [db]
# name 2 = t090C: Temperature [ITS-90, deg C]
# name 3 = c0S/m: Conductivity [S/m]
# name 4 = sbeox0V: Oxygen raw, SBE 43 [V]
# name 5 = flECO-AFL: Fluorescence, WET Labs ECO-AFL/FL [mg/m^3]
# name 6 = upoly0: Upoly 0, Turbidity
# name 7 = xmiss: Beam Transmission, Chelsea/Seatech [%]
# name 8 = depSM: Depth [salt water, m], lat = 58.3265
# name 9 = sal00: Salinity, Practical [PSU]
# name 10 = sbeox0ML/L: Oxygen, SBE 43 [ml/l], WS = 2
# name 11 = flag: flag
# span 0 =          1,       1004       
# span 1 =      1.322,     16.089       
# span 2 =    13.4628,    18.7332       
# span 3 =   3.243365,   3.386959       
# span 4 =     1.3612,     2.7570       
# span 5 =     0.0060,     0.0257       
# span 6 =  0.0969700,  0.1022527       
# span 7 =    83.0092,    92.2754       
# span 8 =      1.310,     15.939       
# span 9 =    23.6536,    26.6717       
# span 10 =     2.0625,     5.5306      
# span 11 = 0.0000e+00, 0.0000e+00      
# interval = seconds: 0.0416667
# start_time = Sep 08 2022 10:57:29 [NMEA time, header]
# bad_flag = -9.990e-29
*END*
[from data line 722]
        723     12.860    15.7574   3.318808     1.6558     0.0079  0.0978757    91.3783     12.740    25.7918     2.9357 0.0000e+00
        724     12.872    15.7844   3.319085     1.6559     0.0079  0.0978650    91.3985     12.752    25.7766     2.9352 0.0000e+00
        725     12.884    15.8110   3.319384     1.6561     0.0078  0.0978555    91.4175     12.764    25.7619     2.9348 0.0000e+00
        726     12.896    15.8371   3.319705     1.6562     0.0077  0.0978473    91.4352     12.776    25.7477     2.9338 0.0000e+00
        727     12.908    15.8627   3.320044     1.6564     0.0077  0.0978403    91.4518     12.788    25.7340     2.9327 0.0000e+00
        728     12.920    15.8878   3.320400     1.6565     0.0076  0.0978344    91.4672     12.800    25.7208     2.9312 0.0000e+00
        729     12.931    15.9124   3.320772     1.6567     0.0076  0.0978297    91.4813     12.810    25.7081     2.9296 0.0000e+00
        730     12.943    15.9366   3.321160     1.6568     0.0076  0.0978260    91.4941     12.822    25.6958     2.9276 0.0000e+00
        731     12.955    15.9605   3.321568     1.6569     0.0075  0.0978233    91.5060     12.834    25.6838     2.9253 0.0000e+00
        732     12.967    15.9842   3.321993     1.6570     0.0075  0.0978216    91.5177     12.846    25.6721     2.9227 0.0000e+00
        733     12.979    16.0076   3.322427     1.6570     0.0075  0.0978210    91.5294     12.858    25.6608     2.9197 0.0000e+00
        734     12.990    16.0309   3.322867     1.6571     0.0074  0.0978214    91.5408     12.869    25.6495     2.9167 0.0000e+00
        735     13.002    16.0541   3.323309     1.6571     0.0074  0.0978228    91.5517     12.881    25.6383     2.9131 0.0000e+00
        736     13.014    16.0770   3.323749     1.6571     0.0074  0.0978252    91.5620     12.893    25.6273     2.9094 0.0000e+00
        737     13.025    16.0996   3.324186     1.6570     0.0074  0.0978286    91.5716     12.904    25.6165     2.9052 0.0000e+00
        738     13.037    16.1218   3.324619     1.6569     0.0074  0.0978331    91.5808     12.915    25.6060     2.9007 0.0000e+00
        739     13.049    16.1434   3.325048     1.6568     0.0073  0.0978387    91.5899     12.927    25.5958     2.8961 0.0000e+00
        740     13.060    16.1645   3.325474     1.6566     0.0073  0.0978454    91.5996     12.938    25.5858     2.8911 0.0000e+00
        741     13.072    16.1850   3.325894     1.6565     0.0073  0.0978533    91.6098     12.950    25.5763     2.8861 0.0000e+00
        742     13.084    16.2048   3.326310     1.6562     0.0073  0.0978624    91.6199     12.962    25.5671     2.8805 0.0000e+00
        743     13.096    16.2238   3.326720     1.6560     0.0073  0.0978728    91.6291     12.974    25.5584     2.8749 0.0000e+00
        744     13.107    16.2421   3.327126     1.6557     0.0073  0.0978846    91.6370     12.985    25.5502     2.8690 0.0000e+00
        745     13.119    16.2596   3.327525     1.6554     0.0073  0.0978978    91.6430     12.997    25.5424     2.8629 0.0000e+00
        746     13.131    16.2761   3.327916     1.6550     0.0073  0.0979125    91.6472     13.009    25.5351     2.8565 0.0000e+00
        747     13.143    16.2918   3.328300     1.6546     0.0073  0.0979281    91.6497     13.020    25.5284     2.8499 0.0000e+00
        748     13.154    16.3065   3.328674     1.6541     0.0073  0.0979429    91.6508     13.031    25.5222     2.8430 0.0000e+00
        749     13.166    16.3202   3.329038     1.6536     0.0073  0.0979561    91.6507     13.043    25.5165     2.8360 0.0000e+00
        750     13.178    16.3330   3.329391     1.6530     0.0074  0.0979678    91.6499     13.055    25.5113     2.8287 0.0000e+00
        751     13.189    16.3448   3.329732     1.6524     0.0074  0.0979782    91.6482     13.066    25.5067     2.8213 0.0000e+00
        752     13.201    16.3555   3.330060     1.6518     0.0074  0.0979873    91.6454     13.078    25.5026     2.8139 0.0000e+00
        753     13.213    16.3651   3.330375     1.6510     0.0074  0.0979952    91.6412     13.090    25.4992     2.8060 0.0000e+00
        754     13.224    16.3735   3.330674     1.6502     0.0074  0.0980019    91.6357     13.101    25.4964     2.7981 0.0000e+00
        755     13.236    16.3808   3.330959     1.6494     0.0074  0.0980074    91.6293     13.113    25.4941     2.7901 0.0000e+00
        756     13.248    16.3870   3.331228     1.6485     0.0075  0.0980119    91.6224     13.124    25.4925     2.7820 0.0000e+00
        757     13.259    16.3922   3.331481     1.6475     0.0075  0.0980153    91.6153     13.135    25.4913     2.7736 0.0000e+00
        758     13.271    16.3964   3.331717     1.6465     0.0075  0.0980176    91.6083     13.147    25.4906     2.7652 0.0000e+00
        759     13.283    16.3999   3.331936     1.6454     0.0075  0.0980189    91.6015     13.159    25.4902     2.7566 0.0000e+00
        760     13.294    16.4025   3.332138     1.6442     0.0076  0.0980192    91.5953     13.170    25.4903     2.7478 0.0000e+00
        761     13.306    16.4045   3.332323     1.6429     0.0076  0.0980185    91.5899     13.182    25.4906     2.7389 0.0000e+00
        762     13.317    16.4058   3.332491     1.6416     0.0076  0.0980168    91.5855     13.193    25.4912     2.7299 0.0000e+00
        763     13.329    16.4064   3.332640     1.6402     0.0077  0.0980141    91.5818     13.205    25.4920     2.7208 0.0000e+00
        764     13.340    16.4064   3.332772     1.6387     0.0077  0.0980103    91.5786     13.216    25.4931     2.7116 0.0000e+00
        765     13.352    16.4058   3.332885     1.6372     0.0078  0.0980054    91.5756     13.227    25.4945     2.7024 0.0000e+00
        766     13.364    16.4045   3.332978     1.6356     0.0078  0.0979994    91.5728     13.239    25.4961     2.6931 0.0000e+00
        767     13.375    16.4027   3.333050     1.6339     0.0079  0.0979923    91.5701     13.250    25.4978     2.6836 0.0000e+00
        768     13.387    16.4003   3.333104     1.6322     0.0079  0.0979839    91.5675     13.262    25.4998     2.6742 0.0000e+00
        769     13.399    16.3973   3.333138     1.6304     0.0080  0.0979743    91.5649     13.274    25.5020     2.6648 0.0000e+00
        770     13.411    16.3937   3.333152     1.6286     0.0081  0.0979634    91.5625     13.286    25.5044     2.6555 0.0000e+00
        771     13.422    16.3895   3.333151     1.6267     0.0081  0.0979511    91.5605     13.297    25.5071     2.6461 0.0000e+00
        772     13.434    16.3847   3.333131     1.6247     0.0082  0.0979382    91.5585     13.309    25.5100     2.6366 0.0000e+00
        773     13.446    16.3793   3.333096     1.6228     0.0083  0.0979262    91.5562     13.321    25.5131     2.6275 0.0000e+00
        774     13.458    16.3733   3.333043     1.6208     0.0084  0.0979159    91.5529     13.332    25.5165     2.6183 0.0000e+00
        775     13.469    16.3668   3.332974     1.6187     0.0084  0.0979073    91.5485     13.343    25.5200     2.6091 0.0000e+00
        776     13.481    16.3597   3.332889     1.6167     0.0085  0.0979004    91.5426     13.355    25.5238     2.6003 0.0000e+00
        777     13.493    16.3520   3.332788     1.6145     0.0085  0.0978949    91.5355     13.367    25.5279     2.5912 0.0000e+00
        778     13.505    16.3436   3.332670     1.6124     0.0086  0.0978911    91.5274     13.379    25.5323     2.5825 0.0000e+00
        779     13.517    16.3346   3.332536     1.6102     0.0086  0.0978887    91.5186     13.391    25.5369     2.5738 0.0000e+00
        780     13.529    16.3249   3.332385     1.6080     0.0087  0.0978877    91.5096     13.403    25.5418     2.5653 0.0000e+00
        781     13.542    16.3144   3.332217     1.6058     0.0087  0.0978883    91.5008     13.416    25.5470     2.5570 0.0000e+00
        782     13.554    16.3029   3.332030     1.6036     0.0088  0.0978903    91.4927     13.428    25.5528     2.5489 0.0000e+00
        783     13.566    16.2905   3.331826     1.6013     0.0088  0.0978938    91.4857     13.439    25.5590     2.5408 0.0000e+00
        784     13.578    16.2770   3.331603     1.5990     0.0088  0.0978988    91.4798     13.451    25.5657     2.5330 0.0000e+00
        785     13.590    16.2624   3.331363     1.5967     0.0089  0.0979054    91.4750     13.463    25.5730     2.5253 0.0000e+00
        786     13.602    16.2465   3.331103     1.5944     0.0089  0.0979135    91.4712     13.475    25.5810     2.5179 0.0000e+00
        787     13.615    16.2291   3.330823     1.5920     0.0089  0.0979234    91.4684     13.488    25.5898     2.5104 0.0000e+00
        788     13.627    16.2101   3.330523     1.5897     0.0090  0.0979349    91.4664     13.500    25.5994     2.5034 0.0000e+00
        789     13.639    16.1893   3.330204     1.5873     0.0090  0.0979482    91.4649     13.512    25.6100     2.4964 0.0000e+00
        790     13.652    16.1666   3.329862     1.5849     0.0090  0.0979634    91.4639     13.525    25.6217     2.4896 0.0000e+00
        791     13.664    16.1418   3.329499     1.5825     0.0091  0.0979806    91.4635     13.537    25.6345     2.4830 0.0000e+00
        792     13.676    16.1148   3.329112     1.5801     0.0091  0.0980000    91.4633     13.548    25.6486     2.4767 0.0000e+00
        793     13.689    16.0853   3.328701     1.5777     0.0091  0.0980215    91.4632     13.561    25.6640     2.4706 0.0000e+00
        794     13.702    16.0533   3.328264     1.5752     0.0092  0.0980455    91.4634     13.574    25.6809     2.4644 0.0000e+00
        795     13.714    16.0184   3.327799     1.5728     0.0092  0.0980721    91.4645     13.586    25.6995     2.4587 0.0000e+00
        796     13.727    15.9805   3.327305     1.5704     0.0092  0.0981014    91.4667     13.599    25.7197     2.4533 0.0000e+00
        797     13.739    15.9395   3.326783     1.5679     0.0093  0.0981328    91.4696     13.611    25.7418     2.4478 0.0000e+00
        798     13.752    15.8960   3.326233     1.5655     0.0093  0.0981639    91.4728     13.624    25.7652     2.4428 0.0000e+00
        799     13.764    15.8513   3.325659     1.5630     0.0093  0.0981926    91.4760     13.636    25.7893     2.4377 0.0000e+00
        800     13.777    15.8068   3.325065     1.5606     0.0093  0.0982180    91.4791     13.649    25.8131     2.4330 0.0000e+00
        801     13.790    15.7630   3.324455     1.5581     0.0094  0.0982404    91.4819     13.661    25.8364     2.4281 0.0000e+00
        802     13.802    15.7203   3.323827     1.5557     0.0094  0.0982599    91.4844     13.673    25.8588     2.4236 0.0000e+00
        803     13.815    15.6793   3.323183     1.5532     0.0094  0.0982767    91.4869     13.686    25.8801     2.4189 0.0000e+00
        804     13.828    15.6404   3.322525     1.5508     0.0094  0.0982909    91.4898     13.699    25.8998     2.4145 0.0000e+00
        805     13.840    15.6036   3.321852     1.5484     0.0094  0.0983025    91.4940     13.711    25.9181     2.4101 0.0000e+00
        806     13.853    15.5689   3.321163     1.5459     0.0094  0.0983117    91.4997     13.724    25.9349     2.4055 0.0000e+00
        807     13.866    15.5363   3.320458     1.5435     0.0094  0.0983186    91.5065     13.737    25.9502     2.4013 0.0000e+00
        808     13.879    15.5059   3.319734     1.5412     0.0094  0.0983231    91.5141     13.750    25.9639     2.3974 0.0000e+00
        809     13.892    15.4780   3.318997     1.5388     0.0094  0.0983253    91.5217     13.762    25.9759     2.3932 0.0000e+00
        810     13.905    15.4523   3.318249     1.5364     0.0094  0.0983252    91.5290     13.775    25.9863     2.3891 0.0000e+00
        811     13.918    15.4289   3.317501     1.5341     0.0094  0.0983229    91.5357     13.788    25.9953     2.3853 0.0000e+00
        812     13.931    15.4072   3.316755     1.5317     0.0094  0.0983182    91.5416     13.801    26.0031     2.3812 0.0000e+00
        813     13.943    15.3871   3.316018     1.5294     0.0094  0.0983112    91.5466     13.813    26.0100     2.3775 0.0000e+00
        814     13.956    15.3682   3.315293     1.5272     0.0094  0.0983019    91.5508     13.826    26.0161     2.3740 0.0000e+00
        815     13.969    15.3503   3.314582     1.5249     0.0094  0.0982901    91.5540     13.839    26.0218     2.3703 0.0000e+00
        816     13.982    15.3331   3.313884     1.5226     0.0094  0.0982757    91.5567     13.852    26.0271     2.3667 0.0000e+00
        817     13.995    15.3164   3.313204     1.5204     0.0094  0.0982588    91.5594     13.864    26.0322     2.3634 0.0000e+00
        818     14.008    15.2999   3.312537     1.5182     0.0093  0.0982391    91.5626     13.877    26.0373     2.3601 0.0000e+00
        819     14.022    15.2835   3.311885     1.5160     0.0093  0.0982165    91.5666     13.891    26.0425     2.3569 0.0000e+00
        820     14.035    15.2668   3.311250     1.5139     0.0093  0.0981909    91.5709     13.904    26.0480     2.3540 0.0000e+00
        821     14.048    15.2495   3.310629     1.5117     0.0092  0.0981621    91.5751     13.917    26.0540     2.3509 0.0000e+00
        822     14.061    15.2314   3.310023     1.5096     0.0092  0.0981307    91.5791     13.930    26.0608     2.3480 0.0000e+00
        823     14.074    15.2120   3.309427     1.5075     0.0091  0.0980990    91.5829     13.943    26.0684     2.3453 0.0000e+00
        824     14.087    15.1910   3.308838     1.5054     0.0091  0.0980695    91.5863     13.956    26.0772     2.3425 0.0000e+00
        825     14.101    15.1681   3.308251     1.5033     0.0091  0.0980427    91.5895     13.969    26.0873     2.3399 0.0000e+00
        826     14.114    15.1440   3.307670     1.5012     0.0090  0.0980184    91.5926     13.982    26.0982     2.3372 0.0000e+00
        827     14.127    15.1192   3.307094     1.4992     0.0090  0.0979965    91.5956     13.995    26.1097     2.3349 0.0000e+00
        828     14.140    15.0947   3.306524     1.4972     0.0090  0.0979769    91.5983     14.008    26.1210     2.3325 0.0000e+00
        829     14.153    15.0708   3.305962     1.4952     0.0089  0.0979593    91.6010     14.021    26.1320     2.3301 0.0000e+00
        830     14.167    15.0479   3.305406     1.4932     0.0089  0.0979437    91.6040     14.035    26.1424     2.3276 0.0000e+00
        831     14.180    15.0262   3.304853     1.4913     0.0089  0.0979300    91.6075     14.048    26.1520     2.3253 0.0000e+00
        832     14.193    15.0059   3.304306     1.4894     0.0088  0.0979180    91.6113     14.061    26.1608     2.3228 0.0000e+00
        833     14.207    14.9870   3.303760     1.4874     0.0088  0.0979077    91.6152     14.074    26.1686     2.3201 0.0000e+00
        834     14.220    14.9694   3.303213     1.4856     0.0088  0.0978990    91.6191     14.087    26.1756     2.3178 0.0000e+00
        835     14.233    14.9531   3.302663     1.4837     0.0087  0.0978919    91.6232     14.100    26.1816     2.3151 0.0000e+00
        836     14.247    14.9378   3.302109     1.4818     0.0087  0.0978862    91.6275     14.114    26.1870     2.3122 0.0000e+00
        837     14.260    14.9236   3.301551     1.4800     0.0086  0.0978821    91.6324     14.127    26.1916     2.3095 0.0000e+00
        838     14.273    14.9103   3.300992     1.4782     0.0086  0.0978793    91.6380     14.140    26.1956     2.3067 0.0000e+00
        839     14.287    14.8980   3.300437     1.4764     0.0086  0.0978780    91.6443     14.154    26.1990     2.3038 0.0000e+00
        840     14.300    14.8866   3.299892     1.4746     0.0085  0.0978780    91.6512     14.167    26.2018     2.3008 0.0000e+00
        841     14.314    14.8760   3.299360     1.4729     0.0085  0.0978795    91.6591     14.180    26.2042     2.2979 0.0000e+00
        842     14.327    14.8661   3.298840     1.4711     0.0084  0.0978824    91.6679     14.193    26.2063     2.2946 0.0000e+00
