code/data/2022/thursday_data/Station H2.cnv
* Sea-Bird SBE 9 Data File:
* FileName = C:\Users\ctd-user\Desktop\CTD data\MAR440 Sept 2022\Day2\Station H2.hex
* Software Version Seasave V 7.26.2.13
* Temperature SN = 4493
* Conductivity SN = 1899
* Number of Bytes Per Scan = 37
* Number of Voltage Words = 4
* Number of Scans Averaged by the Deck Unit = 1
* NMEA Latitude = 58 19.21 N
* NMEA Longitude = 011 48.96 E
* NMEA UTC (Time) = Sep 08 2022 11:56:46
* NMEA baud rate = 4800
** Ship:
** Station:
** Operator:
# nquan = 12                                
# nvalues = 1726                        
# units = specified
# name 0 = scan: Scan Count
# name 1 = prDM: Pressure, Digiquartz [db]
# name 2 = t090C: Temperature [ITS-90, deg C]
# name 3 = c0S/m: Conductivity [S/m]
# name 4 = sbeox0V: Oxygen raw, SBE 43 [V]
# name 5 = flECO-AFL: Fluorescence, WET Labs ECO-AFL/FL [mg/m^3]
# name 6 = upoly0: Upoly 0, Turbidity
# name 7 = xmiss: Beam Transmission, Chelsea/Seatech [%]
# name 8 = depSM: Depth [salt water, m], lat = 58.3202
# name 9 = sal00: Salinity, Practical [PSU]
# name 10 = sbeox0ML/L: Oxygen, SBE 43 [ml/l], WS = 2
# name 11 = flag: flag
# span 0 =          1,       1726       
# span 1 =      0.910,     32.907       
# span 2 =     6.2865,    18.4763       
# span 3 =   3.127423,   3.451424       
# span 4 =     0.6631,     2.7561       
# span 5 =     0.0026,     0.0195       
# span 6 =  0.0944301,  0.1126861       
# span 7 =    74.1976,    95.7524       
# span 8 =      0.902,     32.599       
# span 9 =    23.7919,    31.2947       
# span 10 =     0.4010,     5.5152      
# span 11 = 0.0000e+00, 0.0000e+00      
# interval = seconds: 0.0416667
# start_time = Sep 08 2022 11:56:46 [NMEA time, header]
# bad_flag = -9.990e-29
*END*
[from data line 1564]
       1565     31.499     6.3145   3.129815     0.6988     0.0027  0.1050584    86.1581     31.204    31.2476     0.4218 0.0000e+00
       1566     31.510     6.3139   3.129840     0.6980     0.0027  0.1051428    86.0807     31.215    31.2484     0.4206 0.0000e+00
       1567     31.520     6.3134   3.129866     0.6972     0.0027  0.1052281    86.0035     31.225    31.2492     0.4195 0.0000e+00
       1568     31.531     6.3129   3.129892     0.6964     0.0027  0.1053151    85.9264     31.236    31.2499     0.4184 0.0000e+00
       1569     31.542     6.3125   3.129918     0.6955     0.0027  0.1054042    85.8495     31.246    31.2506     0.4170 0.0000e+00
       1570     31.552     6.3120   3.129943     0.6947     0.0027  0.1054961    85.7723     31.256    31.2513     0.4159 0.0000e+00
       1571     31.563     6.3115   3.129968     0.6939     0.0027  0.1055914    85.6943     31.267    31.2520     0.4149 0.0000e+00
       1572     31.573     6.3111   3.129994     0.6931     0.0027  0.1056908    85.6150     31.277    31.2527     0.4139 0.0000e+00
       1573     31.584     6.3107   3.130019     0.6923     0.0027  0.1057951    85.5343     31.288    31.2533     0.4128 0.0000e+00
       1574     31.595     6.3103   3.130045     0.6916     0.0027  0.1059048    85.4528     31.299    31.2540     0.4121 0.0000e+00
       1575     31.605     6.3099   3.130069     0.6908     0.0027  0.1060208    85.3712     31.309    31.2546     0.4111 0.0000e+00
       1576     31.616     6.3095   3.130094     0.6900     0.0027  0.1061439    85.2902     31.320    31.2552     0.4101 0.0000e+00
       1577     31.626     6.3092   3.130117     0.6893     0.0027  0.1062741    85.2104     31.330    31.2558     0.4094 0.0000e+00
       1578     31.636     6.3088   3.130142     0.6885     0.0027  0.1064072    85.1320     31.340    31.2564     0.4084 0.0000e+00
       1579     31.647     6.3085   3.130165     0.6878     0.0027  0.1065356    85.0555     31.350    31.2569     0.4077 0.0000e+00
       1580     31.657     6.3081   3.130188     0.6871     0.0027  0.1066551    84.9812     31.360    31.2575     0.4071 0.0000e+00
       1581     31.667     6.3078   3.130210     0.6863     0.0027  0.1067658    84.9094     31.370    31.2580     0.4061 0.0000e+00
       1582     31.678     6.3075   3.130233     0.6856     0.0027  0.1068684    84.8400     31.381    31.2586     0.4055 0.0000e+00
       1583     31.688     6.3072   3.130256     0.6849     0.0027  0.1069635    84.7721     31.391    31.2591     0.4049 0.0000e+00
       1584     31.698     6.3069   3.130277     0.6842     0.0027  0.1070519    84.7050     31.401    31.2596     0.4043 0.0000e+00
       1585     31.709     6.3066   3.130299     0.6835     0.0027  0.1071342    84.6375     31.412    31.2601     0.4037 0.0000e+00
       1586     31.719     6.3064   3.130321     0.6828     0.0027  0.1072109    84.5690     31.422    31.2605     0.4032 0.0000e+00
       1587     31.729     6.3061   3.130341     0.6821     0.0027  0.1072826    84.4994     31.432    31.2610     0.4027 0.0000e+00
       1588     31.740     6.3058   3.130362     0.6815     0.0027  0.1073497    84.4284     31.443    31.2615     0.4025 0.0000e+00
       1589     31.750     6.3056   3.130382     0.6808     0.0027  0.1074128    84.3558     31.453    31.2619     0.4020 0.0000e+00
       1590     31.760     6.3053   3.130401     0.6801     0.0027  0.1074723    84.2823     31.462    31.2624     0.4015 0.0000e+00
       1591     31.770     6.3051   3.130421     0.6795     0.0027  0.1075286    84.2094     31.472    31.2628     0.4014 0.0000e+00
       1592     31.780     6.3049   3.130441     0.6789     0.0027  0.1075821    84.1385     31.482    31.2632     0.4014 0.0000e+00
       1593     31.790     6.3046   3.130459     0.6782     0.0027  0.1076331    84.0714     31.492    31.2637     0.4010 0.0000e+00
       1594     31.800     6.3044   3.130477     0.6776     0.0027  0.1076821    84.0090     31.502    31.2641     0.4010 0.0000e+00
       1595     31.810     6.3042   3.130494     0.6770     0.0027  0.1077293    83.9524     31.512    31.2644     0.4010 0.0000e+00
       1596     31.820     6.3040   3.130513     0.6764     0.0027  0.1077751    83.9027     31.522    31.2648     0.4010 0.0000e+00
       1597     31.830     6.3038   3.130530     0.6758     0.0027  0.1078198    83.8595     31.532    31.2652     0.4011 0.0000e+00
       1598     31.840     6.3036   3.130547     0.6752     0.0027  0.1078637    83.8216     31.542    31.2655     0.4012 0.0000e+00
       1599     31.850     6.3034   3.130563     0.6746     0.0027  0.1079071    83.7872     31.552    31.2659     0.4014 0.0000e+00
       1600     31.860     6.3032   3.130580     0.6740     0.0027  0.1079504    83.7547     31.561    31.2663     0.4017 0.0000e+00
       1601     31.870     6.3030   3.130595     0.6734     0.0027  0.1079938    83.7231     31.571    31.2666     0.4021 0.0000e+00
       1602     31.881     6.3029   3.130611     0.6728     0.0027  0.1080376    83.6918     31.582    31.2669     0.4025 0.0000e+00
       1603     31.891     6.3027   3.130626     0.6723     0.0027  0.1080821    83.6601     31.592    31.2672     0.4033 0.0000e+00
       1604     31.901     6.3025   3.130641     0.6717     0.0027  0.1081268    83.6279     31.602    31.2676     0.4039 0.0000e+00
       1605     31.911     6.3023   3.130656     0.6712     0.0027  0.1081703    83.5949     31.612    31.2679     0.4049 0.0000e+00
       1606     31.921     6.3022   3.130671     0.6707     0.0027  0.1082121    83.5616     31.622    31.2682     0.4060 0.0000e+00
       1607     31.931     6.3020   3.130686     0.6702     0.0027  0.1082524    83.5284     31.632    31.2685     0.4069 0.0000e+00
       1608     31.941     6.3018   3.130700     0.6697     0.0027  0.1082916    83.4961     31.642    31.2688     0.4051 0.0000e+00
       1609     31.952     6.3016   3.130714     0.6692     0.0027  0.1083298    83.4653     31.653    31.2692     0.4061 0.0000e+00
       1610     31.962     6.3015   3.130728     0.6688     0.0027  0.1083683    83.4363     31.663    31.2694     0.4046 0.0000e+00
       1611     31.972     6.3013   3.130742     0.6683     0.0027  0.1084081    83.4092     31.672    31.2698     0.4056 0.0000e+00
       1612     31.982     6.3011   3.130756     0.6678     0.0027  0.1084486    83.3842     31.682    31.2701     0.4039 0.0000e+00
       1613     31.992     6.3009   3.130768     0.6674     0.0027  0.1084894    83.3608     31.692    31.2704     0.4053 0.0000e+00
       1614     32.001     6.3007   3.130782     0.6670     0.0027  0.1085306    83.3384     31.701    31.2707     0.4039 0.0000e+00
       1615     32.011     6.3005   3.130794     0.6666     0.0027  0.1085725    83.3160     31.711    31.2710     0.4054 0.0000e+00
       1616     32.021     6.3003   3.130808     0.6662     0.0027  0.1086156    83.2926     31.721    31.2714     0.4039 0.0000e+00
       1617     32.031     6.3001   3.130820     0.6658     0.0027  0.1086599    83.2674     31.731    31.2717     0.4056 0.0000e+00
       1618     32.041     6.2999   3.130832     0.6654     0.0027  0.1087060    83.2397     31.741    31.2720     0.4041 0.0000e+00
       1619     32.051     6.2997   3.130844     0.6651     0.0027  0.1087540    83.2090     31.751    31.2723     0.4062 0.0000e+00
       1620     32.061     6.2995   3.130856     0.6648     0.0027  0.1088043    83.1754     31.761    31.2726     0.4050 0.0000e+00
       1621     32.071     6.2993   3.130868     0.6645     0.0027  0.1088573    83.1395     31.770    31.2729     0.4073 0.0000e+00
       1622     32.080     6.2991   3.130880     0.6642     0.0027  0.1089134    83.1019     31.779    31.2732     0.4062 0.0000e+00
       1623     32.090     6.2988   3.130892     0.6640     0.0027  0.1089728    83.0639     31.789    31.2737     0.4089 0.0000e+00
       1624     32.100     6.2986   3.130903     0.6638     0.0027  0.1090361    83.0268     31.799    31.2740     0.4081 0.0000e+00
       1625     32.109     6.2984   3.130915     0.6636     0.0027  0.1091037    82.9913     31.808    31.2743     0.4109 0.0000e+00
       1626     32.119     6.2982   3.130927     0.6634     0.0027  0.1091760    82.9579     31.818    31.2746     0.4101 0.0000e+00
       1627     32.129     6.2981   3.130937     0.6633     0.0027  0.1092536    82.9261     31.828    31.2748     0.4132 0.0000e+00
       1628     32.138     6.2979   3.130949     0.6632     0.0027  0.1093361    82.8952     31.837    31.2751     0.4127 0.0000e+00
       1629     32.148     6.2977   3.130960     0.6631     0.0028  0.1094207    82.8646     31.847    31.2754     0.4160 0.0000e+00
       1630     32.157     6.2975   3.130971     0.6631     0.0028  0.1095030    82.8339     31.856    31.2757     0.4157 0.0000e+00
       1631     32.167     6.2973   3.130983 -9.990e-29     0.0028  0.1095800    82.8026     31.866    31.2760 -9.990e-29 0.0000e+00
       1632     32.176     6.2971   3.130993 -9.990e-29     0.0028  0.1096515    82.7709     31.874    31.2763 -9.990e-29 0.0000e+00
       1633     32.186     6.2969   3.131004 -9.990e-29     0.0028  0.1097180    82.7396     31.884    31.2766 -9.990e-29 0.0000e+00
       1634     32.196     6.2968   3.131015 -9.990e-29     0.0028  0.1097799    82.7096     31.894    31.2768 -9.990e-29 0.0000e+00
       1635     32.205     6.2966   3.131026 -9.990e-29     0.0028  0.1098376    82.6818     31.903    31.2771 -9.990e-29 0.0000e+00
       1636     32.215     6.2964   3.131036 -9.990e-29     0.0028  0.1098916    82.6565     31.913    31.2774 -9.990e-29 0.0000e+00
       1637     32.224     6.2962   3.131046 -9.990e-29     0.0028  0.1099423    82.6340     31.922    31.2777 -9.990e-29 0.0000e+00
       1638     32.234     6.2960   3.131057 -9.990e-29     0.0028  0.1099899    82.6147     31.932    31.2780 -9.990e-29 0.0000e+00
       1639     32.243     6.2959   3.131068 -9.990e-29     0.0028  0.1100349    82.5987     31.941    31.2782 -9.990e-29 0.0000e+00
       1640     32.253     6.2957   3.131077 -9.990e-29     0.0028  0.1100775    82.5857     31.951    31.2785 -9.990e-29 0.0000e+00
       1641     32.262     6.2955   3.131088 -9.990e-29     0.0028  0.1101181    82.5748     31.960    31.2788 -9.990e-29 0.0000e+00
       1642     32.272     6.2953   3.131098 -9.990e-29     0.0028  0.1101568    82.5653     31.970    31.2791 -9.990e-29 0.0000e+00
       1643     32.281     6.2952   3.131109 -9.990e-29     0.0028  0.1101940    82.5565     31.979    31.2793 -9.990e-29 0.0000e+00
       1644     32.290     6.2950   3.131119 -9.990e-29     0.0028  0.1102300    82.5478     31.987    31.2796 -9.990e-29 0.0000e+00
       1645     32.300     6.2948   3.131129 -9.990e-29     0.0028  0.1102650    82.5387     31.997    31.2798 -9.990e-29 0.0000e+00
       1646     32.309     6.2947   3.131139 -9.990e-29     0.0028  0.1102992    82.5287     32.006    31.2800 -9.990e-29 0.0000e+00
       1647     32.318     6.2945   3.131148 -9.990e-29     0.0028  0.1103329    82.5178     32.015    31.2803 -9.990e-29 0.0000e+00
       1648     32.328     6.2943   3.131158 -9.990e-29     0.0028  0.1103663    82.5061     32.025    31.2806 -9.990e-29 0.0000e+00
       1649     32.337     6.2942   3.131168 -9.990e-29     0.0028  0.1103996    82.4942     32.034    31.2808 -9.990e-29 0.0000e+00
       1650     32.346     6.2940   3.131178 -9.990e-29     0.0028  0.1104331    82.4826     32.043    31.2811 -9.990e-29 0.0000e+00
       1651     32.356     6.2938   3.131188 -9.990e-29     0.0028  0.1104670    82.4724     32.053    31.2814 -9.990e-29 0.0000e+00
       1652     32.365     6.2936   3.131197 -9.990e-29     0.0028  0.1105016    82.4642     32.062    31.2817 -9.990e-29 0.0000e+00
       1653     32.375     6.2934   3.131208 -9.990e-29     0.0028  0.1105370    82.4587     32.072    31.2820 -9.990e-29 0.0000e+00
       1654     32.384     6.2933   3.131218 -9.990e-29     0.0028  0.1105736    82.4567     32.081    31.2822 -9.990e-29 0.0000e+00
       1655     32.394     6.2931   3.131227 -9.990e-29     0.0028  0.1106107    82.4588     32.090    31.2824 -9.990e-29 0.0000e+00
       1656     32.403     6.2929   3.131236 -9.990e-29     0.0028  0.1106468    82.4646     32.099    31.2827 -9.990e-29 0.0000e+00
       1657     32.413     6.2927   3.131246 -9.990e-29     0.0029  0.1106815    82.4731     32.109    31.2830 -9.990e-29 0.0000e+00
       1658     32.422     6.2925   3.131256 -9.990e-29     0.0029  0.1107149    82.4823     32.118    31.2833 -9.990e-29 0.0000e+00
       1659     32.432     6.2924   3.131265 -9.990e-29     0.0029  0.1107473    82.4905     32.128    31.2835 -9.990e-29 0.0000e+00
       1660     32.441     6.2922   3.131274 -9.990e-29     0.0029  0.1107789    82.4967     32.137    31.2838 -9.990e-29 0.0000e+00
       1661     32.450     6.2920   3.131284 -9.990e-29     0.0029  0.1108099    82.5008     32.146    31.2841 -9.990e-29 0.0000e+00
       1662     32.460     6.2918   3.131293 -9.990e-29     0.0029  0.1108405    82.5031     32.156    31.2843 -9.990e-29 0.0000e+00
       1663     32.469     6.2917   3.131302 -9.990e-29     0.0029  0.1108710    82.5048     32.165    31.2845 -9.990e-29 0.0000e+00
       1664     32.479     6.2915   3.131312 -9.990e-29     0.0029  0.1109015    82.5074     32.175    31.2848 -9.990e-29 0.0000e+00
       1665     32.489     6.2914   3.131321 -9.990e-29     0.0029  0.1109323    82.5118     32.185    31.2850 -9.990e-29 0.0000e+00
       1666     32.498     6.2912   3.131331 -9.990e-29     0.0029  0.1109636    82.5187     32.193    31.2853 -9.990e-29 0.0000e+00
       1667     32.508     6.2911   3.131340 -9.990e-29     0.0029  0.1109955    82.5284     32.203    31.2855 -9.990e-29 0.0000e+00
       1668     32.517     6.2909   3.131349 -9.990e-29     0.0029  0.1110284    82.5411     32.212    31.2858 -9.990e-29 0.0000e+00
       1669     32.527     6.2907   3.131359 -9.990e-29     0.0029  0.1110625    82.5563     32.222    31.2861 -9.990e-29 0.0000e+00
       1670     32.536     6.2906   3.131367 -9.990e-29     0.0029  0.1110979    82.5729     32.231    31.2862 -9.990e-29 0.0000e+00
       1671     32.545     6.2904   3.131377 -9.990e-29     0.0029  0.1111350    82.5899     32.240    31.2865 -9.990e-29 0.0000e+00
       1672     32.554     6.2902   3.131386 -9.990e-29     0.0029  0.1111739    82.6066     32.249    31.2868 -9.990e-29 0.0000e+00
       1673     32.564     6.2900   3.131395 -9.990e-29     0.0029  0.1112150    82.6226     32.259    31.2871 -9.990e-29 0.0000e+00
       1674     32.573     6.2899   3.131404 -9.990e-29     0.0029  0.1112586    82.6377     32.268    31.2873 -9.990e-29 0.0000e+00
       1675     32.582     6.2897   3.131414 -9.990e-29     0.0029  0.1113049    82.6515     32.277    31.2876 -9.990e-29 0.0000e+00
       1676     32.591     6.2895   3.131423 -9.990e-29     0.0029  0.1113542    82.6636     32.286    31.2878 -9.990e-29 0.0000e+00
       1677     32.600     6.2894   3.131433 -9.990e-29     0.0029  0.1114070    82.6730     32.294    31.2880 -9.990e-29 0.0000e+00
       1678     32.609     6.2893   3.131443 -9.990e-29     0.0029  0.1114636    82.6795     32.303    31.2882 -9.990e-29 0.0000e+00
       1679     32.617     6.2891   3.131453 -9.990e-29     0.0029  0.1115244    82.6828     32.311    31.2885 -9.990e-29 0.0000e+00
       1680     32.626     6.2890   3.131462 -9.990e-29     0.0029  0.1115880    82.6830     32.320    31.2887 -9.990e-29 0.0000e+00
       1681     32.635     6.2889   3.131472 -9.990e-29     0.0029  0.1116508    82.6801     32.329    31.2889 -9.990e-29 0.0000e+00
       1682     32.644     6.2887   3.131481 -9.990e-29     0.0029  0.1117097    82.6742     32.338    31.2892 -9.990e-29 0.0000e+00
       1683     32.653     6.2886   3.131491 -9.990e-29     0.0029  0.1117643    82.6656     32.347    31.2894 -9.990e-29 0.0000e+00
       1684     32.661     6.2885   3.131501 -9.990e-29     0.0028  0.1118149    82.6555     32.355    31.2896 -9.990e-29 0.0000e+00
