code/data/2022/thursday_data/Station SH2.cnv
* Sea-Bird SBE 9 Data File:
* FileName = C:\Users\ctd-user\Desktop\CTD data\MAR440 Sept 2022\Day2\Station SH2.hex
* Software Version Seasave V 7.26.2.13
* Temperature SN = 4493
* Conductivity SN = 1899
* Number of Bytes Per Scan = 37
* Number of Voltage Words = 4
* Number of Scans Averaged by the Deck Unit = 1
* NMEA Latitude = 58 19.39 N
* NMEA Longitude = 011 49.77 E
* NMEA UTC (Time) = Sep 08 2022 11:26:14
* NMEA baud rate = 4800
** Ship:
** Station:
** Operator:
# nquan = 12                                
# nvalues = 1061                        
# units = specified
# name 0 = scan: Scan Count
# name 1 = prDM: Pressure, Digiquartz [db]
# name 2 = t090C: Temperature [ITS-90, deg C]
# name 3 = c0S/m: Conductivity [S/m]
# name 4 = sbeox0V: Oxygen raw, SBE 43 [V]
# name 5 = flECO-AFL: Fluorescence, WET Labs ECO-AFL/FL [mg/m^3]
# name 6 = upoly0: Upoly 0, Turbidity
# name 7 = xmiss: Beam Transmission, Chelsea/Seatech [%]
# name 8 = depSM: Depth [salt water, m], lat = 58.3232
# name 9 = sal00: Salinity, Practical [PSU]
# name 10 = sbeox0ML/L: Oxygen, SBE 43 [ml/l], WS = 2
# name 11 = flag: flag
# span 0 =          1,       1061       
# span 1 =      1.231,     17.610       
# span 2 =    12.6845,    18.5204       
# span 3 =   3.258608,   3.382989       
# span 4 =     1.4026,     2.6154       
# span 5 =     0.0076,     0.0212       
# span 6 =  0.0960420,  0.0990550       
# span 7 =    86.4175,    93.3594       
# span 8 =      1.220,     17.446       
# span 9 =    23.8568,    27.3621       
# span 10 =     2.2610,     5.1814      
# span 11 = 0.0000e+00, 0.0000e+00      
# interval = seconds: 0.0416667
# start_time = Sep 08 2022 11:26:14 [NMEA time, header]
# bad_flag = -9.990e-29
*END*
[from data line 963]
        964     16.529    13.4896   3.280002     1.4027     0.0103  0.0970662    91.8740     16.375    26.9834     2.2762 0.0000e+00
        965     16.543    13.4750   3.279610     1.4026     0.0103  0.0970998    91.8706     16.389    26.9901     2.2760 0.0000e+00
        966     16.557    13.4603   3.279216 -9.990e-29     0.0102  0.0971328    91.8668     16.402    26.9969 -9.990e-29 0.0000e+00
        967     16.571    13.4453   3.278821 -9.990e-29     0.0102  0.0971654    91.8621     16.416    27.0039 -9.990e-29 0.0000e+00
        968     16.585    13.4301   3.278424 -9.990e-29     0.0101  0.0971978    91.8563     16.430    27.0110 -9.990e-29 0.0000e+00
        969     16.599    13.4147   3.278024 -9.990e-29     0.0101  0.0972303    91.8494     16.444    27.0182 -9.990e-29 0.0000e+00
        970     16.613    13.3991   3.277624 -9.990e-29     0.0101  0.0972631    91.8408     16.458    27.0256 -9.990e-29 0.0000e+00
        971     16.627    13.3833   3.277221 -9.990e-29     0.0100  0.0972965    91.8308     16.472    27.0331 -9.990e-29 0.0000e+00
        972     16.640    13.3673   3.276819 -9.990e-29     0.0100  0.0973305    91.8198     16.485    27.0408 -9.990e-29 0.0000e+00
        973     16.654    13.3511   3.276414 -9.990e-29     0.0100  0.0973656    91.8087     16.499    27.0485 -9.990e-29 0.0000e+00
        974     16.668    13.3347   3.276008 -9.990e-29     0.0100  0.0974019    91.7977     16.512    27.0564 -9.990e-29 0.0000e+00
        975     16.682    13.3182   3.275600 -9.990e-29     0.0099  0.0974397    91.7867     16.526    27.0644 -9.990e-29 0.0000e+00
        976     16.696    13.3015   3.275192 -9.990e-29     0.0099  0.0974793    91.7756     16.540    27.0725 -9.990e-29 0.0000e+00
        977     16.709    13.2848   3.274781 -9.990e-29     0.0099  0.0975209    91.7642     16.553    27.0806 -9.990e-29 0.0000e+00
        978     16.723    13.2681   3.274370 -9.990e-29     0.0099  0.0975648    91.7526     16.567    27.0887 -9.990e-29 0.0000e+00
        979     16.737    13.2514   3.273958 -9.990e-29     0.0098  0.0976113    91.7406     16.581    27.0968 -9.990e-29 0.0000e+00
        980     16.751    13.2347   3.273545 -9.990e-29     0.0098  0.0976608    91.7289     16.595    27.1049 -9.990e-29 0.0000e+00
        981     16.764    13.2182   3.273132 -9.990e-29     0.0098  0.0977135    91.7180     16.608    27.1128 -9.990e-29 0.0000e+00
        982     16.778    13.2018   3.272719 -9.990e-29     0.0098  0.0977699    91.7083     16.621    27.1207 -9.990e-29 0.0000e+00
        983     16.791    13.1856   3.272308 -9.990e-29     0.0097  0.0978304    91.6997     16.634    27.1285 -9.990e-29 0.0000e+00
        984     16.805    13.1695   3.271897 -9.990e-29     0.0097  0.0978953    91.6916     16.648    27.1362 -9.990e-29 0.0000e+00
        985     16.819    13.1537   3.271488 -9.990e-29     0.0097  0.0979651    91.6837     16.662    27.1437 -9.990e-29 0.0000e+00
        986     16.832    13.1381   3.271081 -9.990e-29     0.0097  0.0980404    91.6757     16.675    27.1511 -9.990e-29 0.0000e+00
        987     16.846    13.1227   3.270677 -9.990e-29     0.0096  0.0981216    91.6677     16.689    27.1583 -9.990e-29 0.0000e+00
        988     16.860    13.1077   3.270276 -9.990e-29     0.0096  0.0982084    91.6595     16.703    27.1654 -9.990e-29 0.0000e+00
        989     16.873    13.0928   3.269878 -9.990e-29     0.0096  0.0982972    91.6515     16.716    27.1723 -9.990e-29 0.0000e+00
        990     16.887    13.0784   3.269484 -9.990e-29     0.0095  0.0983819    91.6433     16.729    27.1790 -9.990e-29 0.0000e+00
        991     16.901    13.0642   3.269095 -9.990e-29     0.0095  0.0984587    91.6349     16.743    27.1856 -9.990e-29 0.0000e+00
        992     16.914    13.0505   3.268711 -9.990e-29     0.0095  0.0985273    91.6258     16.756    27.1918 -9.990e-29 0.0000e+00
        993     16.928    13.0372   3.268334 -9.990e-29     0.0095  0.0985883    91.6159     16.770    27.1979 -9.990e-29 0.0000e+00
        994     16.941    13.0243   3.267962 -9.990e-29     0.0094  0.0986421    91.6053     16.783    27.2037 -9.990e-29 0.0000e+00
        995     16.955    13.0119   3.267599 -9.990e-29     0.0094  0.0986890    91.5943     16.797    27.2092 -9.990e-29 0.0000e+00
        996     16.968    12.9998   3.267240 -9.990e-29     0.0094  0.0987293    91.5833     16.810    27.2146 -9.990e-29 0.0000e+00
        997     16.981    12.9883   3.266890 -9.990e-29     0.0094  0.0987634    91.5723     16.822    27.2196 -9.990e-29 0.0000e+00
        998     16.995    12.9772   3.266546 -9.990e-29     0.0093  0.0987914    91.5615     16.836    27.2244 -9.990e-29 0.0000e+00
        999     17.008    12.9665   3.266210 -9.990e-29     0.0093  0.0988136    91.5506     16.849    27.2290 -9.990e-29 0.0000e+00
       1000     17.022    12.9563   3.265882 -9.990e-29     0.0093  0.0988301    91.5394     16.863    27.2333 -9.990e-29 0.0000e+00
       1001     17.035    12.9465   3.265561 -9.990e-29     0.0092  0.0988411    91.5279     16.876    27.2373 -9.990e-29 0.0000e+00
       1002     17.048    12.9370   3.265249 -9.990e-29     0.0092  0.0988465    91.5161     16.889    27.2413 -9.990e-29 0.0000e+00
       1003     17.061    12.9278   3.264946 -9.990e-29     0.0092  0.0988466    91.5039     16.902    27.2451 -9.990e-29 0.0000e+00
       1004     17.074    12.9190   3.264651 -9.990e-29     0.0091  0.0988411    91.4921     16.915    27.2487 -9.990e-29 0.0000e+00
       1005     17.088    12.9105   3.264367 -9.990e-29     0.0091  0.0988302    91.4823     16.928    27.2521 -9.990e-29 0.0000e+00
       1006     17.101    12.9022   3.264093 -9.990e-29     0.0091  0.0988137    91.4756     16.941    27.2556 -9.990e-29 0.0000e+00
       1007     17.114    12.8941   3.263827 -9.990e-29     0.0090  0.0987916    91.4721     16.954    27.2589 -9.990e-29 0.0000e+00
       1008     17.127    12.8863   3.263572 -9.990e-29     0.0090  0.0987636    91.4712     16.967    27.2622 -9.990e-29 0.0000e+00
       1009     17.140    12.8786   3.263326 -9.990e-29     0.0090  0.0987296    91.4719     16.980    27.2654 -9.990e-29 0.0000e+00
       1010     17.153    12.8711   3.263089 -9.990e-29     0.0089  0.0986893    91.4733     16.993    27.2686 -9.990e-29 0.0000e+00
       1011     17.166    12.8638   3.262861 -9.990e-29     0.0089  0.0986424    91.4748     17.006    27.2718 -9.990e-29 0.0000e+00
       1012     17.179    12.8566   3.262640 -9.990e-29     0.0088  0.0985887    91.4765     17.019    27.2749 -9.990e-29 0.0000e+00
       1013     17.192    12.8496   3.262428 -9.990e-29     0.0087  0.0985287    91.4784     17.032    27.2780 -9.990e-29 0.0000e+00
       1014     17.205    12.8427   3.262221 -9.990e-29     0.0087  0.0984652    91.4810     17.044    27.2810 -9.990e-29 0.0000e+00
       1015     17.218    12.8358   3.262021 -9.990e-29     0.0086  0.0984029    91.4838     17.057    27.2842 -9.990e-29 0.0000e+00
       1016     17.230    12.8291   3.261828 -9.990e-29     0.0086  0.0983448    91.4863     17.069    27.2872 -9.990e-29 0.0000e+00
       1017     17.243    12.8225   3.261640 -9.990e-29     0.0085  0.0982914    91.4882     17.082    27.2902 -9.990e-29 0.0000e+00
       1018     17.255    12.8159   3.261458 -9.990e-29     0.0085  0.0982423    91.4894     17.094    27.2933 -9.990e-29 0.0000e+00
       1019     17.268    12.8093   3.261281 -9.990e-29     0.0084  0.0981971    91.4901     17.107    27.2964 -9.990e-29 0.0000e+00
       1020     17.280    12.8028   3.261109 -9.990e-29     0.0084  0.0981555    91.4899     17.119    27.2995 -9.990e-29 0.0000e+00
       1021     17.292    12.7963   3.260942 -9.990e-29     0.0083  0.0981173    91.4890     17.131    27.3026 -9.990e-29 0.0000e+00
       1022     17.305    12.7898   3.260781 -9.990e-29     0.0083  0.0980821    91.4877     17.143    27.3058 -9.990e-29 0.0000e+00
       1023     17.317    12.7833   3.260626 -9.990e-29     0.0082  0.0980497    91.4862     17.155    27.3091 -9.990e-29 0.0000e+00
       1024     17.329    12.7769   3.260476 -9.990e-29     0.0082  0.0980200    91.4843     17.167    27.3123 -9.990e-29 0.0000e+00
       1025     17.341    12.7705   3.260331 -9.990e-29     0.0082  0.0979926    91.4818     17.179    27.3156 -9.990e-29 0.0000e+00
       1026     17.353    12.7641   3.260190 -9.990e-29     0.0081  0.0979674    91.4784     17.191    27.3189 -9.990e-29 0.0000e+00
       1027     17.364    12.7579   3.260057 -9.990e-29     0.0081  0.0979443    91.4737     17.202    27.3221 -9.990e-29 0.0000e+00
       1028     17.376    12.7518   3.259927 -9.990e-29     0.0081  0.0979230    91.4677     17.214    27.3253 -9.990e-29 0.0000e+00
       1029     17.387    12.7458   3.259802 -9.990e-29     0.0080  0.0979035    91.4606     17.225    27.3285 -9.990e-29 0.0000e+00
       1030     17.399    12.7399   3.259683 -9.990e-29     0.0080  0.0978855    91.4524     17.237    27.3316 -9.990e-29 0.0000e+00
       1031     17.410    12.7342   3.259569 -9.990e-29     0.0080  0.0978689    91.4435     17.247    27.3347 -9.990e-29 0.0000e+00
       1032     17.421    12.7286   3.259460 -9.990e-29     0.0080  0.0978538    91.4345     17.258    27.3377 -9.990e-29 0.0000e+00
       1033     17.432    12.7231   3.259356 -9.990e-29     0.0079  0.0978398    91.4259     17.269    27.3407 -9.990e-29 0.0000e+00
       1034     17.443    12.7178   3.259258 -9.990e-29     0.0079  0.0978270    91.4186     17.280    27.3437 -9.990e-29 0.0000e+00
       1035     17.453    12.7127   3.259167 -9.990e-29     0.0079  0.0978152    91.4128     17.290    27.3465 -9.990e-29 0.0000e+00
       1036     17.464    12.7078   3.259082 -9.990e-29     0.0079  0.0978044    91.4082     17.301    27.3493 -9.990e-29 0.0000e+00
       1037     17.474    12.7032   3.259004 -9.990e-29     0.0078  0.0977945    91.4048     17.311    27.3519 -9.990e-29 0.0000e+00
       1038     17.484    12.6989   3.258933 -9.990e-29     0.0078  0.0977854    91.4028     17.321    27.3543 -9.990e-29 0.0000e+00
       1039     17.494    12.6950   3.258868 -9.990e-29     0.0078  0.0977771    91.4026     17.331    27.3565 -9.990e-29 0.0000e+00
       1040     17.503    12.6915   3.258811 -9.990e-29     0.0077  0.0977694    91.4040     17.340    27.3585 -9.990e-29 0.0000e+00
       1041     17.512    12.6887   3.258761 -9.990e-29     0.0077  0.0977625    91.4064     17.349    27.3601 -9.990e-29 0.0000e+00
       1042     17.521    12.6865   3.258718 -9.990e-29     0.0077  0.0977561    91.4090     17.357    27.3613 -9.990e-29 0.0000e+00
       1043     17.530    12.6851   3.258683 -9.990e-29     0.0077  0.0977502    91.4115     17.366    27.3620 -9.990e-29 0.0000e+00
       1044     17.538    12.6845   3.258656 -9.990e-29     0.0077  0.0977449    91.4136     17.374    27.3621 -9.990e-29 0.0000e+00
       1045     17.546    12.6848   3.258635 -9.990e-29     0.0076  0.0977401    91.4155     17.382    27.3617 -9.990e-29 0.0000e+00
       1046     17.554    12.6859   3.258623 -9.990e-29     0.0076  0.0977357    91.4173     17.390    27.3608 -9.990e-29 0.0000e+00
       1047     17.561    12.6874   3.258614 -9.990e-29     0.0076  0.0977317    91.4191     17.397    27.3596 -9.990e-29 0.0000e+00
       1048     17.567    12.6889   3.258611 -9.990e-29     0.0076  0.0977281    91.4210     17.403    27.3585 -9.990e-29 0.0000e+00
       1049     17.574    12.6896   3.258608 -9.990e-29     0.0076  0.0977248    91.4229     17.410    27.3580 -9.990e-29 0.0000e+00
       1050     17.579 -9.990e-29   3.266682 -9.990e-29     0.0076  0.0977219    91.4249     17.415 -9.990e-29 -9.990e-29 0.0000e+00
       1051     17.585 -9.990e-29   3.266644 -9.990e-29     0.0076  0.0977193    91.4278     17.421 -9.990e-29 -9.990e-29 0.0000e+00
       1052     17.590 -9.990e-29   3.266611 -9.990e-29     0.0076  0.0977170    91.4315     17.426 -9.990e-29 -9.990e-29 0.0000e+00
       1053     17.594 -9.990e-29   3.266584 -9.990e-29     0.0076  0.0977150    91.4361     17.430 -9.990e-29 -9.990e-29 0.0000e+00
       1054     17.598 -9.990e-29   3.266564 -9.990e-29     0.0076  0.0977133    91.4410     17.434 -9.990e-29 -9.990e-29 0.0000e+00
       1055     17.601 -9.990e-29   3.266550 -9.990e-29     0.0076  0.0977118    91.4456     17.437 -9.990e-29 -9.990e-29 0.0000e+00
       1056     17.604 -9.990e-29   3.266542 -9.990e-29     0.0076  0.0977106    91.4494     17.440 -9.990e-29 -9.990e-29 -9.990e-29
       1057     17.606 -9.990e-29   3.266541 -9.990e-29     0.0076  0.0977096    91.4523     17.442 -9.990e-29 -9.990e-29 -9.990e-29
       1058     17.608 -9.990e-29   3.266546 -9.990e-29     0.0076  0.0977088    91.4544     17.444 -9.990e-29 -9.990e-29 -9.990e-29
       1059     17.609 -9.990e-29   3.266555 -9.990e-29     0.0076  0.0977082    91.4559     17.445 -9.990e-29 -9.990e-29 -9.990e-29
       1060     17.610 -9.990e-29   3.266563 -9.990e-29     0.0076  0.0977079    91.4568     17.446 -9.990e-29 -9.990e-29 -9.990e-29
       1061     17.610 -9.990e-29   3.266567 -9.990e-29     0.0076  0.0977078    91.4571     17.446 -9.990e-29 -9.990e-29 -9.990e-29
