code/data/2022/thursday_data/Station SH2.cnv
* Sea-Bird SBE 9 Data File:
* FileName = C:\Users\ctd-user\Desktop\CTD data\MAR440 Sept 2022\Day2\Station SH2.hex
* Software Version Seasave V 7.26.2.13
* Temperature SN = 4493
* Conductivity SN = 1899
* Number of Bytes Per Scan = 37
* Number of Voltage Words = 4
* Number of Scans Averaged by the Deck Unit = 1
* NMEA Latitude = 58 19.39 N
* NMEA Longitude = 011 49.77 E
* NMEA UTC (Time) = Sep 08 2022 11:26:14
* NMEA baud rate = 4800
** Ship:
** Station:
** Operator:
# nquan = 12                                
# nvalues = 1061                        
# units = specified
# name 0 = scan: Scan Count
# name 1 = prDM: Pressure, Digiquartz [db]
# name 2 = t090C: Temperature [ITS-90, deg C]
# name 3 = c0S/m: Conductivity [S/m]
# name 4 = sbeox0V: Oxygen raw, SBE 43 [V]
# name 5 = flECO-AFL: Fluorescence, WET Labs ECO-AFL/FL [mg/m^3]
# name 6 = upoly0: Upoly 0, Turbidity
# name 7 = xmiss: Beam Transmission, Chelsea/Seatech [%]
# name 8 = depSM: Depth [salt water, m], lat = 58.3232
# name 9 = sal00: Salinity, Practical [PSU]
# name 10 = sbeox0ML/L: Oxygen, SBE 43 [ml/l], WS = 2
# name 11 = flag: flag
# span 0 =          1,       1061       
# span 1 =      1.231,     17.610       
# span 2 =    12.6845,    18.5204       
# span 3 =   3.258608,   3.382989       
# span 4 =     1.4026,     2.6154       
# span 5 =     0.0076,     0.0212       
# span 6 =  0.0960420,  0.0990550       
# span 7 =    86.4175,    93.3594       
# span 8 =      1.220,     17.446       
# span 9 =    23.8568,    27.3621       
# span 10 =     2.2610,     5.1814      
# span 11 = 0.0000e+00, 0.0000e+00      
# interval = seconds: 0.0416667
# start_time = Sep 08 2022 11:26:14 [NMEA time, header]
# bad_flag = -9.990e-29
*END*
[from data line 241]
        242      2.404    18.4096   3.282888     2.6106     0.0205  0.0989565    86.4682      2.382    23.8699     5.1375 -9.990e-29
        243      2.424    18.4099   3.282951     2.6104     0.0205  0.0989422    86.4659      2.401    23.8703     5.1366 -9.990e-29
        244      2.444    18.4101   3.283017     2.6103     0.0205  0.0989265    86.4634      2.421    23.8707     5.1360 -9.990e-29
        245      2.464    18.4103   3.283089     2.6101     0.0206  0.0989093    86.4608      2.441    23.8711     5.1351 -9.990e-29
        246      2.483    18.4103   3.283165     2.6099     0.0206  0.0988905    86.4583      2.460    23.8717     5.1343 -9.990e-29
        247      2.503    18.4103   3.283247     2.6097     0.0206  0.0988700    86.4559      2.480    23.8724     5.1334 -9.990e-29
        248      2.523    18.4103   3.283334     2.6095     0.0207  0.0988484    86.4537      2.500    23.8731     5.1326 -9.990e-29
        249      2.543    18.4103   3.283421     2.6093     0.0207  0.0988273    86.4517      2.519    23.8738     5.1317 -9.990e-29
        250      2.562    18.4102   3.283510     2.6091     0.0207  0.0988075    86.4499      2.538    23.8746     5.1309 -9.990e-29
        251      2.582    18.4102   3.283600     2.6089     0.0208  0.0987887    86.4480      2.558    23.8753     5.1301 -9.990e-29
        252      2.602    18.4101   3.283689     2.6087     0.0208  0.0987708    86.4462      2.578    23.8760     5.1294 -9.990e-29
        253      2.621    18.4099   3.283775     2.6084     0.0208  0.0987538    86.4443      2.597    23.8768     5.1283 -9.990e-29
        254      2.641    18.4097   3.283857     2.6082     0.0209  0.0987374    86.4425      2.616    23.8776     5.1276 -9.990e-29
        255      2.661    18.4095   3.283931     2.6080     0.0209  0.0987217    86.4406      2.636    23.8783     5.1269 -9.990e-29
        256      2.681    18.4093   3.283998     2.6078     0.0209  0.0987064    86.4384      2.656    23.8790     5.1261 -9.990e-29
        257      2.701    18.4092   3.284057     2.6076     0.0209  0.0986915    86.4360      2.676    23.8795     5.1254 -9.990e-29
        258      2.721    18.4091   3.284110     2.6073     0.0209  0.0986769    86.4339      2.696    23.8800     5.1244 -9.990e-29
        259      2.740    18.4090   3.284157     2.6071     0.0210  0.0986624    86.4323      2.715    23.8804     5.1237 -9.990e-29
        260      2.760    18.4089   3.284202     2.6069     0.0210  0.0986480    86.4313      2.734    23.8808     5.1229 -9.990e-29
        261      2.780    18.4089   3.284244     2.6066     0.0210  0.0986344    86.4308      2.754    23.8811     5.1219 -9.990e-29
        262      2.800    18.4089   3.284284     2.6064     0.0210  0.0986224    86.4306      2.774    23.8815     5.1212 -9.990e-29
        263      2.820    18.4089   3.284321     2.6062     0.0210  0.0986110    86.4300      2.794    23.8817     5.1204 -9.990e-29
        264      2.840    18.4090   3.284355     2.6059     0.0210  0.0985993    86.4288      2.814    23.8820     5.1194 -9.990e-29
        265      2.860    18.4092   3.284386     2.6057     0.0210  0.0985873    86.4269      2.833    23.8821     5.1186 -9.990e-29
        266      2.880    18.4094   3.284414     2.6055     0.0211  0.0985747    86.4246      2.853    23.8822     5.1178 -9.990e-29
        267      2.900    18.4097   3.284442     2.6052     0.0211  0.0985617    86.4223      2.873    23.8822     5.1167 -9.990e-29
        268      2.920    18.4101   3.284473     2.6050     0.0211  0.0985480    86.4204      2.893    23.8822     5.1158 -9.990e-29
        269      2.940    18.4105   3.284505     2.6048     0.0211  0.0985335    86.4193      2.913    23.8823     5.1148 -9.990e-29
        270      2.960    18.4109   3.284543     2.6045     0.0211  0.0985183    86.4187      2.932    23.8823     5.1136 -9.990e-29
        271      2.980    18.4114   3.284584     2.6043     0.0211  0.0985021    86.4186      2.952    23.8824     5.1126 -9.990e-29
        272      3.000    18.4119   3.284630     2.6041     0.0211  0.0984848    86.4186      2.972    23.8824     5.1115 -9.990e-29
        273      3.020    18.4123   3.284679     2.6038     0.0211  0.0984664    86.4188      2.992    23.8826     5.1102 -9.990e-29
        274      3.040    18.4128   3.284734     2.6036     0.0211  0.0984475    86.4191      3.012    23.8828     5.1090 -9.990e-29
        275      3.060    18.4132   3.284794     2.6033     0.0211  0.0984298    86.4193      3.032    23.8830     5.1076 -9.990e-29
        276      3.079    18.4136   3.284860     2.6031     0.0211  0.0984138    86.4192      3.050    23.8833     5.1063 -9.990e-29
        277      3.099    18.4141   3.284934     2.6028     0.0211  0.0983997    86.4189      3.070    23.8836     5.1047 -9.990e-29
        278      3.119    18.4145   3.285016     2.6026     0.0211  0.0983871    86.4184      3.090    23.8840     5.1033 -9.990e-29
        279      3.139    18.4149   3.285106     2.6023     0.0212  0.0983761    86.4178      3.110    23.8845     5.1016 -9.990e-29
        280      3.159    18.4153   3.285205     2.6020     0.0212  0.0983666    86.4175      3.130    23.8851     5.0998 -9.990e-29
        281      3.179    18.4158   3.285310     2.6017     0.0212  0.0983584    86.4177      3.149    23.8856     5.0980 -9.990e-29
        282      3.199    18.4162   3.285418     2.6014     0.0212  0.0983516    86.4182      3.169    23.8862     5.0961 -9.990e-29
        283      3.218    18.4167   3.285532     2.6011     0.0212  0.0983462    86.4190      3.188    23.8869     5.0941 -9.990e-29
        284      3.238    18.4171   3.285646     2.6008     0.0212  0.0983419    86.4197      3.208    23.8875     5.0921 -9.990e-29
        285      3.258    18.4176   3.285762     2.6004     0.0212  0.0983390    86.4201      3.228    23.8882     5.0898 -9.990e-29
        286      3.277    18.4180   3.285878     2.6001     0.0212  0.0983372    86.4202      3.247    23.8889     5.0876 -9.990e-29
        287      3.297    18.4184   3.285993     2.5997     0.0212  0.0983366    86.4197      3.266    23.8896     5.0851 -9.990e-29
        288      3.317    18.4189   3.286110     2.5994     0.0212  0.0983372    86.4192      3.286    23.8902     5.0829 -9.990e-29
        289      3.336    18.4192   3.286227     2.5990     0.0212  0.0983390    86.4190      3.305    23.8910     5.0803 -9.990e-29
        290      3.356    18.4196   3.286344     2.5986     0.0212  0.0983421    86.4195      3.325    23.8917     5.0776 -9.990e-29
        291      3.376    18.4199   3.286463     2.5981     0.0212  0.0983463    86.4206      3.345    23.8924     5.0747 -9.990e-29
        292      3.395    18.4202   3.286585     2.5977     0.0212  0.0983518    86.4223      3.363    23.8932     5.0720 -9.990e-29
        293      3.415    18.4205   3.286709     2.5972     0.0212  0.0983587    86.4243      3.383    23.8941     5.0690 -9.990e-29
        294      3.434    18.4207   3.286834     2.5967     0.0212  0.0983669    86.4264      3.402    23.8949     5.0659 -9.990e-29
        295      3.454    18.4209   3.286960     2.5961     0.0212  0.0983764    86.4285      3.422    23.8958     5.0626 -9.990e-29
        296      3.473    18.4210   3.287087     2.5955     0.0212  0.0983875    86.4306      3.441    23.8968     5.0593 -9.990e-29
        297      3.493    18.4212   3.287214     2.5950     0.0212  0.0984001    86.4324      3.461    23.8977     5.0563 -9.990e-29
        298      3.512    18.4212   3.287340     2.5943     0.0212  0.0984143    86.4337      3.479    23.8987     5.0527 -9.990e-29
        299      3.532    18.4213   3.287467     2.5937     0.0212  0.0984303    86.4344      3.499    23.8997     5.0493 -9.990e-29
        300      3.551    18.4214   3.287592     2.5930     0.0212  0.0984473    86.4342      3.518    23.9006     5.0457 -9.990e-29
        301      3.571    18.4215   3.287715     2.5923     0.0212  0.0984636    86.4332      3.538    23.9015     5.0422 -9.990e-29
        302      3.590    18.4215   3.287836     2.5916     0.0212  0.0984787    86.4316      3.557    23.9025     5.0386 -9.990e-29
        303      3.610    18.4216   3.287956     2.5909     0.0212  0.0984926    86.4296      3.576    23.9034     5.0350 -9.990e-29
        304      3.629    18.4216   3.288072     2.5901     0.0212  0.0985053    86.4271      3.595    23.9043     5.0313 -9.990e-29
        305      3.648    18.4216   3.288186     2.5893     0.0212  0.0985170    86.4245      3.614    23.9052     5.0276 -9.990e-29
        306      3.668    18.4216   3.288296     2.5885     0.0212  0.0985278    86.4226      3.634    23.9061     5.0238 -9.990e-29
        307      3.687    18.4216   3.288402     2.5876     0.0212  0.0985377    86.4218      3.653    23.9070     5.0199 -9.990e-29
        308      3.707    18.4216   3.288507     2.5868     0.0212  0.0985468    86.4222      3.673    23.9078     5.0164 -9.990e-29
        309      3.726    18.4215   3.288610     2.5859     0.0212  0.0985551    86.4239      3.691    23.9087     5.0126 -9.990e-29
        310      3.745    18.4215   3.288712     2.5849     0.0212  0.0985628    86.4264      3.710    23.9095     5.0086 -9.990e-29
        311      3.764    18.4214   3.288814     2.5840     0.0212  0.0985698    86.4296      3.729    23.9104     5.0050 -9.990e-29
        312      3.784    18.4214   3.288918     2.5831     0.0212  0.0985762    86.4334      3.749    23.9112     5.0014 -9.990e-29
        313      3.803    18.4213   3.289023     2.5821     0.0212  0.0985822    86.4379      3.768    23.9121     4.9976 -9.990e-29
        314      3.822    18.4213   3.289127     2.5811     0.0212  0.0985876    86.4431      3.786    23.9129     4.9940 -9.990e-29
        315      3.842    18.4213   3.289232     2.5801     0.0212  0.0985926    86.4490      3.806    23.9138     4.9904 -9.990e-29
        316      3.861    18.4214   3.289339     2.5791     0.0212  0.0985971    86.4557      3.825    23.9146     4.9869 -9.990e-29
        317      3.881    18.4215   3.289445     2.5781     0.0212  0.0986013    86.4631      3.845    23.9153     4.9835 -9.990e-29
        318      3.900    18.4216   3.289553     2.5771     0.0212  0.0986050    86.4710      3.864    23.9161     4.9802 -9.990e-29
        319      3.919    18.4217   3.289661     2.5761     0.0212  0.0986085    86.4795      3.883    23.9169     4.9770 -9.990e-29
        320      3.939    18.4219   3.289771     2.5751     0.0212  0.0986117    86.4885      3.902    23.9177     4.9739 -9.990e-29
        321      3.958    18.4221   3.289881     2.5740     0.0212  0.0986145    86.4981      3.921    23.9185     4.9705 -9.990e-29
        322      3.977    18.4223   3.289992     2.5730     0.0212  0.0986171    86.5083      3.940    23.9192     4.9676 -9.990e-29
        323      3.996    18.4226   3.290106     2.5719     0.0212  0.0986194    86.5193      3.959    23.9200     4.9644 -9.990e-29
        324      4.015    18.4230   3.290224     2.5708     0.0212  0.0986215    86.5311      3.978    23.9207     4.9613 -9.990e-29
        325      4.034    18.4235   3.290348     2.5697     0.0212  0.0986234    86.5434      3.996    23.9214     4.9583 -9.990e-29
        326      4.054    18.4240   3.290477     2.5687     0.0212  0.0986251    86.5559      4.016    23.9221     4.9556 -9.990e-29
        327      4.073    18.4246   3.290613     2.5676     0.0212  0.0986266    86.5684      4.035    23.9229     4.9528 -9.990e-29
        328      4.092    18.4253   3.290755     2.5666     0.0212  0.0986279    86.5807      4.054    23.9236     4.9502 -9.990e-29
        329      4.111    18.4261   3.290905     2.5655     0.0212  0.0986290    86.5925      4.073    23.9243     4.9474 -9.990e-29
        330      4.130    18.4270   3.291061     2.5644     0.0212  0.0986299    86.6037      4.092    23.9251     4.9447 -9.990e-29
        331      4.148    18.4280   3.291225     2.5634     0.0212  0.0986307    86.6137      4.109    23.9258     4.9423 -9.990e-29
        332      4.168    18.4291   3.291397     2.5624     0.0212  0.0986314    86.6221      4.129    23.9265     4.9399 -9.990e-29
        333      4.187    18.4303   3.291577     2.5613     0.0212  0.0986319    86.6287      4.148    23.9273     4.9373 -9.990e-29
        334      4.206    18.4316   3.291768     2.5603     0.0212  0.0986322    86.6338      4.167    23.9281     4.9350 -9.990e-29
        335      4.225    18.4329   3.291968     2.5593     0.0212  0.0986324    86.6376      4.186    23.9289     4.9327 -9.990e-29
        336      4.244    18.4344   3.292181     2.5583     0.0212  0.0986324    86.6403      4.205    23.9298     4.9303 -9.990e-29
        337      4.263    18.4360   3.292405     2.5573     0.0212  0.0986323    86.6418      4.223    23.9306     4.9280 -9.990e-29
        338      4.282    18.4375   3.292640     2.5564     0.0212  0.0986321    86.6419      4.242    23.9316     4.9260 -9.990e-29
        339      4.301    18.4391   3.292889     2.5554     0.0212  0.0986317    86.6406      4.261    23.9327     4.9237 -9.990e-29
        340      4.320    18.4407   3.293152     2.5544     0.0212  0.0986311    86.6380      4.280    23.9339     4.9214 -9.990e-29
        341      4.339    18.4422   3.293428     2.5535     0.0212  0.0986304    86.6344      4.299    23.9352     4.9193 -9.990e-29
        342      4.358    18.4437   3.293719     2.5525     0.0212  0.0986296    86.6302      4.317    23.9367     4.9169 -9.990e-29
        343      4.377    18.4452   3.294026     2.5516     0.0212  0.0986285    86.6255      4.336    23.9383     4.9148 -9.990e-29
        344      4.396    18.4466   3.294347     2.5507     0.0212  0.0986273    86.6205      4.355    23.9400     4.9127 -9.990e-29
        345      4.415    18.4481   3.294682     2.5498     0.0212  0.0986268    86.6158      4.374    23.9419     4.9105 -9.990e-29
        346      4.434    18.4495   3.295031     2.5488     0.0212  0.0986278    86.6115      4.393    23.9438     4.9080 -9.990e-29
        347      4.453    18.4509   3.295394     2.5479     0.0212  0.0986295    86.6077      4.412    23.9459     4.9058 -9.990e-29
        348      4.472    18.4522   3.295769     2.5470     0.0212  0.0986310    86.6042      4.430    23.9482     4.9034 -9.990e-29
        349      4.491    18.4534   3.296155     2.5461     0.0212  0.0986323    86.6010      4.449    23.9506     4.9011 -9.990e-29
        350      4.511    18.4547   3.296548     2.5452     0.0212  0.0986335    86.5980      4.469    23.9530     4.8986 -9.990e-29
        351      4.530    18.4559   3.296944     2.5443     0.0212  0.0986346    86.5956      4.488    23.9555     4.8961 -9.990e-29
        352      4.549    18.4570   3.297342     2.5434     0.0212  0.0986355    86.5940      4.507    23.9580     4.8935 -9.990e-29
        353      4.568    18.4581   3.297739     2.5425     0.0212  0.0986363    86.5940      4.525    23.9606     4.8909 -9.990e-29
        354      4.587    18.4590   3.298135     2.5416     0.0212  0.0986370    86.5958      4.544    23.9632     4.8882 -9.990e-29
        355      4.607    18.4599   3.298531     2.5407     0.0212  0.0986376    86.5997      4.564    23.9659     4.8855 -9.990e-29
        356      4.626    18.4608   3.298924     2.5398     0.0212  0.0986381    86.6057      4.583    23.9685     4.8826 -9.990e-29
        357      4.645    18.4616   3.299317     2.5388     0.0212  0.0986385    86.6139      4.602    23.9712     4.8795 -9.990e-29
        358      4.664    18.4623   3.299707     2.5379     0.0212  0.0986387    86.6240      4.621    23.9739     4.8765 -9.990e-29
        359      4.684    18.4630   3.300093     2.5370     0.0212  0.0986389    86.6361      4.640    23.9766     4.8735 -9.990e-29
        360      4.703    18.4637   3.300473     2.5360     0.0212  0.0986390    86.6502      4.659    23.9792     4.8701 -9.990e-29
