code/data/2022/thursday_data/Station H3.cnv
* Sea-Bird SBE 9 Data File:
* FileName = C:\Users\ctd-user\Desktop\CTD data\MAR440 Sept 2022\Day2\Station H3.hex
* Software Version Seasave V 7.26.2.13
* Temperature SN = 4493
* Conductivity SN = 1899
* Number of Bytes Per Scan = 37
* Number of Voltage Words = 4
* Number of Scans Averaged by the Deck Unit = 1
* NMEA Latitude = 58 18.76 N
* NMEA Longitude = 011 46.14 E
* NMEA UTC (Time) = Sep 08 2022 12:29:29
* NMEA baud rate = 4800
** Ship:
** Station:
** Operator:
# nquan = 12                                
# nvalues = 2310                        
# units = specified
# name 0 = scan: Scan Count
# name 1 = prDM: Pressure, Digiquartz [db]
# name 2 = t090C: Temperature [ITS-90, deg C]
# name 3 = c0S/m: Conductivity [S/m]
# name 4 = sbeox0V: Oxygen raw, SBE 43 [V]
# name 5 = flECO-AFL: Fluorescence, WET Labs ECO-AFL/FL [mg/m^3]
# name 6 = upoly0: Upoly 0, Turbidity
# name 7 = xmiss: Beam Transmission, Chelsea/Seatech [%]
# name 8 = depSM: Depth [salt water, m], lat = 58.3127
# name 9 = sal00: Salinity, Practical [PSU]
# name 10 = sbeox0ML/L: Oxygen, SBE 43 [ml/l], WS = 2
# name 11 = flag: flag
# span 0 =          1,       2310       
# span 1 =      1.048,     38.707       
# span 2 =     6.2357,    18.5693       
# span 3 =   3.125462,   3.400501       
# span 4 =     0.5972,     2.7745       
# span 5 =     0.0026,     0.0189       
# span 6 =  0.0942873,  0.1112639       
# span 7 =    82.1723,    95.3789       
# span 8 =      1.038,     38.344       
# span 9 =    23.8324,    31.3578       
# span 10 =     0.2686,     5.5407      
# span 11 = 0.0000e+00, 0.0000e+00      
# interval = seconds: 0.0416667
# start_time = Sep 08 2022 12:29:29 [NMEA time, header]
# bad_flag = -9.990e-29
*END*
[from data line 2046]
       2047     38.601     6.4041   3.138623     0.6111     0.0026  0.1091173    84.4167     38.239    31.2593     0.3704 -9.990e-29
       2048     38.600     6.4039   3.138672     0.6113     0.0026  0.1091060    84.4102     38.238    31.2600     0.3704 -9.990e-29
       2049     38.600     6.4036   3.138716     0.6116     0.0026  0.1090927    84.4038     38.238    31.2608     0.3708 -9.990e-29
       2050     38.600     6.4033   3.138756     0.6118     0.0026  0.1090773    84.3972     38.238    31.2615     0.3708 -9.990e-29
       2051     38.600     6.4030   3.138791     0.6120     0.0026  0.1090597    84.3905     38.238    31.2622     0.3708 -9.990e-29
       2052     38.600     6.4027   3.138823     0.6122     0.0026  0.1090397    84.3839     38.238    31.2628     0.3708 -9.990e-29
       2053     38.600     6.4023   3.138851     0.6125     0.0026  0.1090181    84.3776     38.238    31.2635     0.3711 -9.990e-29
       2054     38.599     6.4020   3.138877     0.6127     0.0026  0.1089963    84.3717     38.237    31.2640     0.3711 -9.990e-29
       2055     38.599     6.4017   3.138900     0.6129     0.0026  0.1089752    84.3659     38.237    31.2646     0.3711 -9.990e-29
       2056     38.599     6.4014   3.138920     0.6131     0.0026  0.1089545    84.3601     38.237    31.2650     0.3711 -9.990e-29
       2057     38.598     6.4012   3.138940     0.6133     0.0026  0.1089350    84.3542     38.236    31.2655     0.3711 -9.990e-29
       2058     38.598     6.4010   3.138958     0.6135     0.0026  0.1089174    84.3482     38.236    31.2658     0.3711 -9.990e-29
       2059     38.598     6.4008   3.138975     0.6137     0.0027  0.1089006    84.3423     38.236    31.2662     0.3711 -9.990e-29
       2060     38.598     6.4006   3.138990     0.6139     0.0027  0.1088838    84.3367     38.236    31.2666     0.3711 -9.990e-29
       2061     38.598     6.4005   3.139005     0.6141     0.0027  0.1088669    84.3316     38.236    31.2668     0.3711 -9.990e-29
       2062     38.597     6.4003   3.139018     0.6143     0.0027  0.1088496    84.3266     38.235    31.2671     0.3711 -9.990e-29
       2063     38.597     6.4002   3.139030     0.6145     0.0027  0.1088319    84.3218     38.235    31.2674     0.3710 -9.990e-29
       2064     38.597     6.4000   3.139040     0.6146     0.0027  0.1088137    84.3168     38.235    31.2677     0.3707 -9.990e-29
       2065     38.597     6.3999   3.139050     0.6148     0.0027  0.1087948    84.3115     38.235    31.2679     0.3707 -9.990e-29
       2066     38.596     6.3998   3.139059     0.6150     0.0027  0.1087759    84.3059     38.234    31.2680     0.3706 -9.990e-29
       2067     38.596     6.3997   3.139067     0.6152     0.0027  0.1087578    84.3001     38.234    31.2682     0.3706 -9.990e-29
       2068     38.596     6.3995   3.139074     0.6153     0.0027  0.1087396    84.2945     38.234    31.2685     0.3703 -9.990e-29
       2069     38.596     6.3993   3.139079     0.6155     0.0027  0.1087201    84.2891     38.234    31.2687     0.3702 -9.990e-29
       2070     38.596     6.3991   3.139084     0.6157     0.0027  0.1086993    84.2838     38.234    31.2690     0.3702 -9.990e-29
       2071     38.596     6.3989   3.139088     0.6158     0.0027  0.1086770    84.2786     38.234    31.2692     0.3698 -9.990e-29
       2072     38.596     6.3987   3.139092     0.6160     0.0027  0.1086532    84.2735     38.234    31.2694     0.3698 -9.990e-29
       2073     38.595     6.3985   3.139095     0.6161     0.0027  0.1086275    84.2685     38.233    31.2696     0.3694 -9.990e-29
       2074     38.595     6.3983   3.139098     0.6163     0.0027  0.1085999    84.2635     38.233    31.2699     0.3694 -9.990e-29
       2075     38.595     6.3981   3.139101     0.6164     0.0027  0.1085701    84.2582     38.233    31.2701     0.3691 -9.990e-29
       2076     38.595     6.3978   3.139101     0.6166     0.0027  0.1085380    84.2523     38.233    31.2703     0.3690 -9.990e-29
       2077     38.596     6.3976   3.139102     0.6167     0.0027  0.1085033    84.2458     38.234    31.2705     0.3686 -9.990e-29
       2078     38.596     6.3973   3.139103     0.6168     0.0027  0.1084666    84.2383     38.234    31.2708     0.3683 -9.990e-29
       2079     38.596     6.3970   3.139103     0.6170     0.0027  0.1084302    84.2299     38.234    31.2711     0.3683 -9.990e-29
       2080     38.596     6.3967   3.139103     0.6171     0.0027  0.1083964    84.2206     38.234    31.2714     0.3680 -9.990e-29
       2081     38.596     6.3964   3.139102     0.6172     0.0027  0.1083659    84.2105     38.234    31.2716     0.3676 -9.990e-29
       2082     38.596     6.3961   3.139099     0.6173     0.0027  0.1083384    84.1997     38.234    31.2719     0.3673 -9.990e-29
       2083     38.596     6.3958   3.139097     0.6175     0.0027  0.1083137    84.1887     38.234    31.2721     0.3672 -9.990e-29
       2084     38.597     6.3956   3.139095     0.6176     0.0027  0.1082916    84.1782     38.235    31.2723     0.3669 -9.990e-29
       2085     38.597     6.3954   3.139093     0.6177     0.0027  0.1082721    84.1688     38.235    31.2725     0.3666 -9.990e-29
       2086     38.597     6.3953   3.139090     0.6178     0.0026  0.1082549    84.1606     38.235    31.2725     0.3662 -9.990e-29
       2087     38.598     6.3953   3.139088     0.6179     0.0026  0.1082399    84.1531     38.236    31.2725     0.3659 -9.990e-29
       2088     38.598     6.3953   3.139085     0.6180     0.0026  0.1082271    84.1463     38.236    31.2725     0.3656 -9.990e-29
       2089     38.598     6.3953   3.139082     0.6181     0.0026  0.1082163    84.1398     38.236    31.2724     0.3652 -9.990e-29
       2090     38.598     6.3953   3.139079     0.6182     0.0026  0.1082075    84.1334     38.236    31.2724     0.3649 -9.990e-29
       2091     38.598     6.3952   3.139074     0.6183     0.0026  0.1082006    84.1266     38.236    31.2724     0.3646 -9.990e-29
       2092     38.598     6.3952   3.139070     0.6184     0.0026  0.1081956    84.1188     38.236    31.2724     0.3643 -9.990e-29
       2093     38.598     6.3951   3.139065     0.6185     0.0026  0.1081924    84.1097     38.236    31.2724     0.3639 -9.990e-29
       2094     38.598     6.3950   3.139060     0.6186     0.0026  0.1081910    84.0993     38.236    31.2725     0.3636 -9.990e-29
       2095     38.598     6.3949   3.139055     0.6187     0.0026  0.1081914    84.0877     38.236    31.2725     0.3633 -9.990e-29
       2096     38.598     6.3948   3.139049     0.6188     0.0026  0.1081936    84.0754     38.236    31.2725     0.3629 -9.990e-29
       2097     38.598     6.3947   3.139044     0.6188     0.0026  0.1081976    84.0632     38.236    31.2726     0.3623 -9.990e-29
       2098     38.598     6.3945   3.139038     0.6189     0.0026  0.1082035    84.0513     38.236    31.2727     0.3620 -9.990e-29
       2099     38.598     6.3943   3.139033     0.6190     0.0026  0.1082112    84.0399     38.236    31.2728     0.3617 -9.990e-29
       2100     38.598     6.3941   3.139029     0.6190     0.0026  0.1082209    84.0289     38.236    31.2729     0.3611 -9.990e-29
       2101     38.597     6.3939   3.139023     0.6191     0.0026  0.1082325    84.0181     38.235    31.2731     0.3608 -9.990e-29
       2102     38.597     6.3936   3.139018     0.6192     0.0026  0.1082463    84.0074     38.235    31.2733     0.3605 -9.990e-29
       2103     38.597     6.3933   3.139012     0.6192     0.0026  0.1082622    83.9965     38.235    31.2735     0.3599 -9.990e-29
       2104     38.597     6.3929   3.139006     0.6193     0.0026  0.1082805    83.9856     38.235    31.2738     0.3597 -9.990e-29
       2105     38.597     6.3925   3.139000     0.6193     0.0026  0.1083003    83.9751     38.235    31.2741     0.3591 -9.990e-29
       2106     38.597     6.3920   3.138993     0.6194     0.0026  0.1083201    83.9656     38.235    31.2745     0.3588 -9.990e-29
       2107     38.596     6.3915   3.138986     0.6194     0.0026  0.1083392    83.9587     38.234    31.2749     0.3582 -9.990e-29
       2108     38.596     6.3910   3.138978     0.6195     0.0026  0.1083578    83.9561     38.234    31.2752     0.3580 -9.990e-29
       2109     38.596     6.3905   3.138970     0.6195     0.0026  0.1083759    83.9577     38.234    31.2756     0.3574 -9.990e-29
       2110     38.596     6.3899   3.138961     0.6195     0.0026  0.1083936    83.9625     38.234    31.2760     0.3569 -9.990e-29
       2111     38.595     6.3892   3.138951     0.6196     0.0026  0.1084112    83.9692     38.233    31.2766     0.3566 -9.990e-29
       2112     38.595     6.3886   3.138942     0.6196     0.0026  0.1084288    83.9766     38.233    31.2770     0.3560 -9.990e-29
       2113     38.595     6.3878   3.138932     0.6196     0.0026  0.1084463    83.9843     38.233    31.2777     0.3554 -9.990e-29
       2114     38.595     6.3870   3.138922     0.6197     0.0026  0.1084641    83.9920     38.233    31.2783     0.3551 -9.990e-29
       2115     38.595     6.3862   3.138911     0.6197     0.0026  0.1084821    83.9995     38.233    31.2789     0.3546 -9.990e-29
       2116     38.595     6.3853   3.138898     0.6197     0.0026  0.1085006    84.0066     38.233    31.2796     0.3540 -9.990e-29
       2117     38.595     6.3843   3.138886     0.6197     0.0026  0.1085196    84.0130     38.233    31.2804     0.3534 -9.990e-29
       2118     38.595     6.3832   3.138872     0.6197     0.0026  0.1085393    84.0185     38.233    31.2812     0.3529 -9.990e-29
       2119     38.595     6.3821   3.138859     0.6197     0.0026  0.1085599    84.0230     38.233    31.2821     0.3523 -9.990e-29
       2120     38.595     6.3808   3.138845     0.6197     0.0026  0.1085814    84.0268     38.233    31.2831     0.3518 -9.990e-29
       2121     38.595     6.3794   3.138830     0.6197     0.0026  0.1086040    84.0299     38.233    31.2842     0.3513 -9.990e-29
       2122     38.594     6.3780   3.138815     0.6198     0.0026  0.1086279    84.0325     38.232    31.2854     0.3511 -9.990e-29
       2123     38.594     6.3766   3.138800     0.6198     0.0026  0.1086532    84.0343     38.232    31.2865     0.3505 -9.990e-29
       2124     38.594     6.3755   3.138787     0.6198     0.0026  0.1086801    84.0356     38.232    31.2873     0.3501 -9.990e-29
       2125     38.594     6.3746   3.138774     0.6198     0.0026  0.1087089    84.0365     38.232    31.2880     0.3495 -9.990e-29
       2126     38.594     6.3739   3.138762     0.6198     0.0026  0.1087396    84.0372     38.232    31.2885     0.3491 -9.990e-29
       2127     38.594     6.3734   3.138750     0.6198     0.0026  0.1087725    84.0379     38.232    31.2889     0.3486 -9.990e-29
       2128     38.594     6.3729   3.138739     0.6198     0.0026  0.1088079    84.0384     38.232    31.2892     0.3481 -9.990e-29
       2129     38.593     6.3725   3.138727     0.6198     0.0026  0.1088452    84.0391     38.231    31.2894     0.3477 -9.990e-29
       2130     38.593     6.3721   3.138714     0.6197     0.0026  0.1088820    84.0399     38.231    31.2897     0.3469 -9.990e-29
       2131     38.593     6.3716   3.138700     0.6197     0.0026  0.1089160    84.0405     38.231    31.2900     0.3465 -9.990e-29
       2132     38.593     6.3712   3.138687     0.6197     0.0026  0.1089467    84.0412     38.231    31.2902     0.3460 -9.990e-29
       2133     38.593     6.3707   3.138672     0.6197     0.0026  0.1089743    84.0420     38.231    31.2905     0.3456 -9.990e-29
       2134     38.593     6.3702   3.138658     0.6197     0.0026  0.1089989    84.0431     38.231    31.2908     0.3452 -9.990e-29
       2135     38.593     6.3696   3.138643     0.6196     0.0026  0.1090207    84.0439     38.231    31.2912     0.3444 -9.990e-29
       2136     38.593     6.3691   3.138629     0.6196     0.0026  0.1090399    84.0444     38.231    31.2915     0.3440 -9.990e-29
       2137     38.593     6.3685   3.138614     0.6195     0.0026  0.1090566    84.0445     38.231    31.2919     0.3433 -9.990e-29
       2138     38.593     6.3679   3.138599     0.6195     0.0026  0.1090710    84.0444     38.231    31.2922     0.3429 -9.990e-29
       2139     38.593     6.3672   3.138584     0.6195     0.0026  0.1090830    84.0445     38.231    31.2927     0.3426 -9.990e-29
       2140     38.593     6.3665   3.138569     0.6194     0.0026  0.1090929    84.0449     38.231    31.2932     0.3419 -9.990e-29
       2141     38.593     6.3657   3.138553     0.6194     0.0026  0.1091007    84.0451     38.231    31.2938     0.3415 -9.990e-29
       2142     38.593     6.3650   3.138538     0.6193     0.0026  0.1091064    84.0452     38.231    31.2942     0.3408 -9.990e-29
       2143     38.593     6.3643   3.138523     0.6193     0.0026  0.1091100    84.0456     38.231    31.2947     0.3405 -9.990e-29
       2144     38.593     6.3637   3.138508     0.6192     0.0026  0.1091117    84.0473     38.231    31.2951     0.3398 -9.990e-29
       2145     38.593     6.3630   3.138493     0.6192     0.0026  0.1091113    84.0510     38.231    31.2956     0.3394 -9.990e-29
       2146     38.593     6.3624   3.138478     0.6192     0.0026  0.1091090    84.0567     38.231    31.2960     0.3390 -9.990e-29
       2147     38.593     6.3617   3.138461     0.6191     0.0026  0.1091046    84.0640     38.231    31.2964     0.3384 -9.990e-29
       2148     38.594     6.3609   3.138444     0.6191     0.0026  0.1090983    84.0724     38.232    31.2970     0.3381 -9.990e-29
       2149     38.594     6.3600   3.138426     0.6190     0.0027  0.1090898    84.0816     38.232    31.2976     0.3375 -9.990e-29
       2150     38.594     6.3590   3.138407     0.6190     0.0027  0.1090792    84.0915     38.232    31.2983     0.3373 -9.990e-29
       2151     38.594     6.3580   3.138388     0.6189     0.0027  0.1090663    84.1019     38.232    31.2990     0.3367 -9.990e-29
       2152     38.595     6.3569   3.138367     0.6189     0.0027  0.1090512    84.1121     38.233    31.2998     0.3364 -9.990e-29
       2153     38.595     6.3557   3.138345     0.6188     0.0027  0.1090337    84.1219     38.233    31.3006     0.3359 -9.990e-29
       2154     38.595     6.3545   3.138322     0.6188     0.0027  0.1090136    84.1309     38.233    31.3015     0.3357 -9.990e-29
       2155     38.595     6.3532   3.138299     0.6187     0.0027  0.1089917    84.1388     38.233    31.3024     0.3351 -9.990e-29
       2156     38.596     6.3518   3.138275     0.6186     0.0027  0.1089695    84.1454     38.234    31.3035     0.3346 -9.990e-29
       2157     38.596     6.3503   3.138251     0.6186     0.0027  0.1089477    84.1508     38.234    31.3046     0.3345 -9.990e-29
       2158     38.597     6.3488   3.138226     0.6185     0.0027  0.1089262    84.1548     38.235    31.3057     0.3340 -9.990e-29
       2159     38.597     6.3472   3.138201     0.6185     0.0027  0.1089048    84.1577     38.235    31.3069     0.3339 -9.990e-29
       2160     38.597     6.3454   3.138173     0.6184     0.0027  0.1088834    84.1599     38.235    31.3082     0.3334 -9.990e-29
       2161     38.598     6.3436   3.138145     0.6183     0.0027  0.1088618    84.1616     38.236    31.3096     0.3330 -9.990e-29
       2162     38.598     6.3418   3.138116     0.6183     0.0027  0.1088398    84.1627     38.236    31.3109     0.3328 -9.990e-29
       2163     38.598     6.3400   3.138086     0.6182     0.0027  0.1088174    84.1630     38.236    31.3122     0.3325 -9.990e-29
       2164     38.599     6.3382   3.138057     0.6181     0.0027  0.1087943    84.1624     38.237    31.3135     0.3321 -9.990e-29
       2165     38.599     6.3365   3.138027     0.6180     0.0027  0.1087705    84.1610     38.237    31.3148     0.3317 -9.990e-29
