code/data/2022/thursday_data/Station SB2.cnv
* Sea-Bird SBE 9 Data File:
* FileName = C:\Users\ctd-user\Desktop\CTD data\MAR440 Sept 2022\Day2\Station SB2.hex
* Software Version Seasave V 7.26.2.13
* Temperature SN = 4493
* Conductivity SN = 1899
* Number of Bytes Per Scan = 37
* Number of Voltage Words = 4
* Number of Scans Averaged by the Deck Unit = 1
* NMEA Latitude = 58 19.59 N
* NMEA Longitude = 011 50.88 E
* NMEA UTC (Time) = Sep 08 2022 10:57:29
* NMEA baud rate = 4800
** Ship:
** Station:
** Operator:
# nquan = 12                                
# nvalues = 1004                        
# units = specified
# name 0 = scan: Scan Count
# name 1 = prDM: Pressure, Digiquartz [db]
# name 2 = t090C: Temperature [ITS-90, deg C]
# name 3 = c0S/m: Conductivity [S/m]
# name 4 = sbeox0V: Oxygen raw, SBE 43 [V]
# name 5 = flECO-AFL: Fluorescence, WET Labs ECO-AFL/FL [mg/m^3]
# name 6 = upoly0: Upoly 0, Turbidity
# name 7 = xmiss: Beam Transmission, Chelsea/Seatech [%]
# name 8 = depSM: Depth [salt water, m], lat = 58.3265
# name 9 = sal00: Salinity, Practical [PSU]
# name 10 = sbeox0ML/L: Oxygen, SBE 43 [ml/l], WS = 2
# name 11 = flag: flag
# span 0 =          1,       1004       
# span 1 =      1.322,     16.089       
# span 2 =    13.4628,    18.7332       
# span 3 =   3.243365,   3.386959       
# span 4 =     1.3612,     2.7570       
# span 5 =     0.0060,     0.0257       
# span 6 =  0.0969700,  0.1022527       
# span 7 =    83.0092,    92.2754       
# span 8 =      1.310,     15.939       
# span 9 =    23.6536,    26.6717       
# span 10 =     2.0625,     5.5306      
# span 11 = 0.0000e+00, 0.0000e+00      
# interval = seconds: 0.0416667
# start_time = Sep 08 2022 10:57:29 [NMEA time, header]
# bad_flag = -9.990e-29
*END*
[from data line 241]
        242      4.545    18.3194   3.251228     2.7372     0.0253  0.0996042    83.7433      4.503    23.6669     5.4195 -9.990e-29
        243      4.561    18.3207   3.251360     2.7365     0.0253  0.0996025    83.7480      4.519    23.6672     5.4176 -9.990e-29
        244      4.578    18.3221   3.251501     2.7358     0.0253  0.0996006    83.7527      4.535    23.6675     5.4157 -9.990e-29
        245      4.594    18.3235   3.251649     2.7351     0.0253  0.0995984    83.7575      4.551    23.6679     5.4138 -9.990e-29
        246      4.611    18.3249   3.251806     2.7344     0.0253  0.0995961    83.7621      4.568    23.6684     5.4121 -9.990e-29
        247      4.627    18.3263   3.251970     2.7336     0.0253  0.0995935    83.7664      4.584    23.6689     5.4101 -9.990e-29
        248      4.644    18.3277   3.252144     2.7329     0.0252  0.0995907    83.7704      4.601    23.6695     5.4085 -9.990e-29
        249      4.660    18.3290   3.252325     2.7322     0.0252  0.0995875    83.7743      4.617    23.6702     5.4070 -9.990e-29
        250      4.676    18.3303   3.252516     2.7316     0.0252  0.0995841    83.7784      4.632    23.6709     5.4057 -9.990e-29
        251      4.693    18.3316   3.252715     2.7309     0.0252  0.0995812    83.7831      4.649    23.6718     5.4043 -9.990e-29
        252      4.709    18.3329   3.252924     2.7302     0.0252  0.0995797    83.7886      4.665    23.6727     5.4029 -9.990e-29
        253      4.725    18.3341   3.253139     2.7295     0.0252  0.0995787    83.7950      4.681    23.6738     5.4017 -9.990e-29
        254      4.741    18.3354   3.253362     2.7288     0.0251  0.0995773    83.8026      4.697    23.6748     5.4005 -9.990e-29
        255      4.757    18.3366   3.253587     2.7282     0.0251  0.0995764    83.8113      4.713    23.6759     5.3996 -9.990e-29
        256      4.773    18.3378   3.253817     2.7275     0.0251  0.0995769    83.8211      4.729    23.6771     5.3984 -9.990e-29
        257      4.789    18.3390   3.254050     2.7269     0.0251  0.0995786    83.8318      4.744    23.6783     5.3976 -9.990e-29
        258      4.805    18.3402   3.254285     2.7263     0.0250  0.0995817    83.8433      4.760    23.6794     5.3969 -9.990e-29
        259      4.821    18.3415   3.254523     2.7257     0.0250  0.0995853    83.8555      4.776    23.6806     5.3962 -9.990e-29
        260      4.837    18.3427   3.254760     2.7251     0.0250  0.0995886    83.8683      4.792    23.6818     5.3955 -9.990e-29
        261      4.852    18.3440   3.254999     2.7245     0.0249  0.0995916    83.8815      4.807    23.6830     5.3948 -9.990e-29
        262      4.868    18.3452   3.255235     2.7240     0.0249  0.0995944    83.8949      4.823    23.6842     5.3945 -9.990e-29
        263      4.884    18.3464   3.255472     2.7234     0.0248  0.0995969    83.9083      4.839    23.6854     5.3939 -9.990e-29
        264      4.900    18.3476   3.255708     2.7229     0.0248  0.0995992    83.9215      4.854    23.6866     5.3936 -9.990e-29
        265      4.915    18.3487   3.255942     2.7224     0.0247  0.0996012    83.9346      4.869    23.6879     5.3933 -9.990e-29
        266      4.931    18.3499   3.256176     2.7219     0.0247  0.0996031    83.9476      4.885    23.6890     5.3931 -9.990e-29
        267      4.947    18.3509   3.256409     2.7214     0.0247  0.0996047    83.9608      4.901    23.6903     5.3929 -9.990e-29
        268      4.962    18.3520   3.256642     2.7209     0.0246  0.0996062    83.9744      4.916    23.6916     5.3927 -9.990e-29
        269      4.978    18.3530   3.256876     2.7204     0.0246  0.0996075    83.9883      4.932    23.6929     5.3925 -9.990e-29
        270      4.994    18.3540   3.257111     2.7200     0.0246  0.0996087    84.0024      4.948    23.6942     5.3926 0.0000e+00
        271      5.010    18.3550   3.257347     2.7195     0.0245  0.0996097    84.0165      4.963    23.6955     5.3925 0.0000e+00
        272      5.025    18.3560   3.257581     2.7191     0.0245  0.0996106    84.0306      4.978    23.6968     5.3927 0.0000e+00
        273      5.041    18.3570   3.257815     2.7187     0.0245  0.0996114    84.0452      4.994    23.6981     5.3928 0.0000e+00
        274      5.057    18.3581   3.258047     2.7183     0.0244  0.0996120    84.0607      5.010    23.6993     5.3930 0.0000e+00
        275      5.073    18.3593   3.258278     2.7179     0.0244  0.0996125    84.0770      5.026    23.7005     5.3932 0.0000e+00
        276      5.089    18.3605   3.258506     2.7176     0.0244  0.0996128    84.0939      5.042    23.7016     5.3936 0.0000e+00
        277      5.105    18.3618   3.258732     2.7172     0.0244  0.0996131    84.1110      5.057    23.7027     5.3939 0.0000e+00
        278      5.121    18.3631   3.258952     2.7169     0.0243  0.0996132    84.1282      5.073    23.7037     5.3943 0.0000e+00
        279      5.138    18.3645   3.259168     2.7166     0.0243  0.0996132    84.1451      5.090    23.7046     5.3948 0.0000e+00
        280      5.154    18.3657   3.259380     2.7163     0.0243  0.0996131    84.1619      5.106    23.7057     5.3953 0.0000e+00
        281      5.171    18.3669   3.259589     2.7160     0.0242  0.0996129    84.1787      5.123    23.7066     5.3959 0.0000e+00
        282      5.187    18.3680   3.259797     2.7157     0.0242  0.0996126    84.1956      5.139    23.7077     5.3965 0.0000e+00
        283      5.204    18.3689   3.260003     2.7154     0.0241  0.0996121    84.2126      5.156    23.7088     5.3971 0.0000e+00
        284      5.221    18.3698   3.260210     2.7151     0.0241  0.0996115    84.2296      5.172    23.7100     5.3977 0.0000e+00
        285      5.238    18.3705   3.260416     2.7148     0.0240  0.0996108    84.2465      5.189    23.7112     5.3983 0.0000e+00
        286      5.255    18.3710   3.260622     2.7146     0.0240  0.0996100    84.2634      5.206    23.7126     5.3993 0.0000e+00
        287      5.272    18.3714   3.260831     2.7144     0.0239  0.0996090    84.2803      5.223    23.7140     5.4002 0.0000e+00
        288      5.289    18.3716   3.261043     2.7142     0.0239  0.0996079    84.2969      5.240    23.7156     5.4012 0.0000e+00
        289      5.306    18.3718   3.261258     2.7140     0.0238  0.0996066    84.3134      5.257    23.7172     5.4022 0.0000e+00
        290      5.324    18.3719   3.261472     2.7138     0.0238  0.0996052    84.3297      5.274    23.7189     5.4033 0.0000e+00
        291      5.341    18.3719   3.261682     2.7136     0.0237  0.0996035    84.3455      5.291    23.7205     5.4043 0.0000e+00
        292      5.359    18.3718   3.261882     2.7135     0.0237  0.0996017    84.3601      5.309    23.7222     5.4056 0.0000e+00
        293      5.376    18.3717   3.262071     2.7134     0.0237  0.0995997    84.3734      5.326    23.7238     5.4069 0.0000e+00
        294      5.394    18.3715   3.262248     2.7133     0.0236  0.0995975    84.3856      5.344    23.7253     5.4082 0.0000e+00
        295      5.411    18.3713   3.262411     2.7132     0.0236  0.0995951    84.3968      5.361    23.7267     5.4096 0.0000e+00
        296      5.429    18.3710   3.262561     2.7131     0.0236  0.0995924    84.4073      5.378    23.7281     5.4109 0.0000e+00
        297      5.447    18.3706   3.262697     2.7131     0.0235  0.0995895    84.4169      5.396    23.7294     5.4124 0.0000e+00
        298      5.465    18.3701   3.262818     2.7131     0.0235  0.0995871    84.4261      5.414    23.7307     5.4140 0.0000e+00
        299      5.482    18.3696   3.262924     2.7131     0.0235  0.0995862    84.4347      5.431    23.7318     5.4155 0.0000e+00
        300      5.500    18.3691   3.263014     2.7131     0.0234  0.0995857    84.4427      5.449    23.7328     5.4170 0.0000e+00
        301      5.518    18.3685   3.263093     2.7132     0.0234  0.0995850    84.4501      5.467    23.7338     5.4188 0.0000e+00
        302      5.536    18.3678   3.263163     2.7132     0.0234  0.0995840    84.4569      5.484    23.7347     5.4203 0.0000e+00
        303      5.553    18.3672   3.263225     2.7133     0.0233  0.0995834    84.4634      5.501    23.7356     5.4220 0.0000e+00
        304      5.571    18.3665   3.263278     2.7135     0.0233  0.0995843    84.4698      5.519    23.7364     5.4239 0.0000e+00
        305      5.589    18.3658   3.263323     2.7136     0.0233  0.0995857    84.4758      5.537    23.7372     5.4255 0.0000e+00
        306      5.607    18.3652   3.263358     2.7138     0.0233  0.0995868    84.4816      5.555    23.7378     5.4273 0.0000e+00
        307      5.625    18.3645   3.263384     2.7139     0.0232  0.0995875    84.4873      5.573    23.7384     5.4288 0.0000e+00
        308      5.643    18.3639   3.263402     2.7141     0.0232  0.0995880    84.4929      5.590    23.7389     5.4305 0.0000e+00
        309      5.661    18.3634   3.263414     2.7143     0.0232  0.0995882    84.4986      5.608    23.7393     5.4320 0.0000e+00
        310      5.679    18.3629   3.263418     2.7145     0.0231  0.0995881    84.5043      5.626    23.7396     5.4335 0.0000e+00
        311      5.697    18.3625   3.263415     2.7148     0.0231  0.0995886    84.5105      5.644    23.7398     5.4351 0.0000e+00
        312      5.715    18.3623   3.263406     2.7150     0.0230  0.0995904    84.5178      5.662    23.7398     5.4364 0.0000e+00
        313      5.733    18.3621   3.263389     2.7153     0.0230  0.0995929    84.5265      5.680    23.7398     5.4378 0.0000e+00
        314      5.751    18.3621   3.263369     2.7155     0.0230  0.0995951    84.5366      5.697    23.7396     5.4389 0.0000e+00
        315      5.769    18.3621   3.263343     2.7158     0.0229  0.0995970    84.5475      5.715    23.7394     5.4400 0.0000e+00
        316      5.787    18.3622   3.263316     2.7161     0.0229  0.0995987    84.5589      5.733    23.7391     5.4410 0.0000e+00
        317      5.805    18.3623   3.263287     2.7164     0.0229  0.0996002    84.5704      5.751    23.7388     5.4419 0.0000e+00
        318      5.823    18.3625   3.263258     2.7167     0.0229  0.0996015    84.5817      5.769    23.7385     5.4427 0.0000e+00
        319      5.841    18.3627   3.263228     2.7170     0.0228  0.0996026    84.5922      5.787    23.7381     5.4433 0.0000e+00
        320      5.860    18.3629   3.263200     2.7173     0.0228  0.0996035    84.6017      5.805    23.7378     5.4438 0.0000e+00
        321      5.878    18.3631   3.263174     2.7175     0.0228  0.0996042    84.6102      5.823    23.7374     5.4438 0.0000e+00
        322      5.896    18.3633   3.263153     2.7178     0.0228  0.0996048    84.6178      5.841    23.7372     5.4440 0.0000e+00
        323      5.914    18.3636   3.263138     2.7181     0.0227  0.0996051    84.6248      5.859    23.7369     5.4440 0.0000e+00
        324      5.933    18.3639   3.263130     2.7184     0.0227  0.0996053    84.6315      5.878    23.7366     5.4439 0.0000e+00
        325      5.951    18.3641   3.263129     2.7187     0.0227  0.0996053    84.6382      5.896    23.7365     5.4436 0.0000e+00
        326      5.969    18.3643   3.263134     2.7190     0.0227  0.0996052    84.6449      5.913    23.7364     5.4432 0.0000e+00
        327      5.987    18.3643   3.263145     2.7192     0.0227  0.0996049    84.6515      5.931    23.7365     5.4424 0.0000e+00
        328      6.006    18.3642   3.263160     2.7195     0.0226  0.0996044    84.6577      5.950    23.7367     5.4417 0.0000e+00
        329      6.024    18.3640   3.263177     2.7197     0.0226  0.0996037    84.6632      5.968    23.7369     5.4406 0.0000e+00
        330      6.042    18.3637   3.263192     2.7199     0.0226  0.0996028    84.6676      5.986    23.7372     5.4394 0.0000e+00
        331      6.061    18.3633   3.263207     2.7201     0.0226  0.0996018    84.6706      6.005    23.7375     5.4381 0.0000e+00
        332      6.079    18.3628   3.263222     2.7202     0.0225  0.0996005    84.6724      6.022    23.7379     5.4364 0.0000e+00
        333      6.097    18.3621   3.263236     2.7204     0.0225  0.0995991    84.6733      6.040    23.7385     5.4349 0.0000e+00
        334      6.116    18.3613   3.263252     2.7205     0.0225  0.0995974    84.6735      6.059    23.7390     5.4330 0.0000e+00
        335      6.134    18.3605   3.263269     2.7205     0.0225  0.0995955    84.6731      6.077    23.7396     5.4307 0.0000e+00
        336      6.152    18.3595   3.263284     2.7206     0.0224  0.0995934    84.6722      6.095    23.7403     5.4287 0.0000e+00
        337      6.170    18.3586   3.263295     2.7206     0.0224  0.0995910    84.6708      6.113    23.7409     5.4262 0.0000e+00
        338      6.188    18.3576   3.263297     2.7206     0.0224  0.0995883    84.6692      6.130    23.7415     5.4237 0.0000e+00
        339      6.207    18.3566   3.263290     2.7205     0.0224  0.0995854    84.6675      6.149    23.7420     5.4209 0.0000e+00
        340      6.225    18.3556   3.263274     2.7204     0.0223  0.0995821    84.6657      6.167    23.7425     5.4180 0.0000e+00
        341      6.243    18.3546   3.263249     2.7202     0.0223  0.0995785    84.6640      6.185    23.7428     5.4148 0.0000e+00
        342      6.261    18.3536   3.263216     2.7201     0.0223  0.0995746    84.6624      6.203    23.7431     5.4118 0.0000e+00
        343      6.279    18.3526   3.263176     2.7199     0.0223  0.0995703    84.6611      6.221    23.7434     5.4085 0.0000e+00
        344      6.298    18.3516   3.263128     2.7196     0.0223  0.0995655    84.6600      6.239    23.7436     5.4048 0.0000e+00
        345      6.316    18.3507   3.263071     2.7193     0.0223  0.0995603    84.6592      6.257    23.7436     5.4012 0.0000e+00
        346      6.334    18.3498   3.263006     2.7189     0.0223  0.0995546    84.6586      6.275    23.7436     5.3972 0.0000e+00
        347      6.353    18.3490   3.262933     2.7185     0.0223  0.0995484    84.6584      6.294    23.7435     5.3932 0.0000e+00
        348      6.371    18.3482   3.262857     2.7181     0.0223  0.0995416    84.6586      6.312    23.7433     5.3892 0.0000e+00
        349      6.389    18.3475   3.262780     2.7176     0.0223  0.0995342    84.6592      6.330    23.7431     5.3849 0.0000e+00
        350      6.408    18.3468   3.262705     2.7171     0.0223  0.0995270    84.6602      6.348    23.7429     5.3806 0.0000e+00
        351      6.426    18.3462   3.262632     2.7166     0.0223  0.0995208    84.6615      6.366    23.7427     5.3762 0.0000e+00
        352      6.445    18.3456   3.262558     2.7160     0.0223  0.0995147    84.6630      6.385    23.7424     5.3716 0.0000e+00
        353      6.463    18.3450   3.262487     2.7154     0.0223  0.0995077    84.6644      6.403    23.7422     5.3669 0.0000e+00
        354      6.482    18.3445   3.262419     2.7147     0.0223  0.0995000    84.6655      6.422    23.7419     5.3620 0.0000e+00
        355      6.500    18.3441   3.262357     2.7140     0.0223  0.0994913    84.6661      6.439    23.7416     5.3570 0.0000e+00
        356      6.519    18.3436   3.262299     2.7133     0.0224  0.0994816    84.6659      6.458    23.7415     5.3521 0.0000e+00
        357      6.537    18.3433   3.262250     2.7126     0.0224  0.0994709    84.6650      6.476    23.7412     5.3471 0.0000e+00
        358      6.556    18.3429   3.262207     2.7118     0.0224  0.0994591    84.6635      6.495    23.7411     5.3418 0.0000e+00
        359      6.574    18.3426   3.262172     2.7110     0.0224  0.0994461    84.6618      6.513    23.7410     5.3365 0.0000e+00
        360      6.593    18.3424   3.262145     2.7102     0.0225  0.0994319    84.6601      6.532    23.7409     5.3312 0.0000e+00
