code/data/2022/thursday_data/Station H2.cnv
* Sea-Bird SBE 9 Data File:
* FileName = C:\Users\ctd-user\Desktop\CTD data\MAR440 Sept 2022\Day2\Station H2.hex
* Software Version Seasave V 7.26.2.13
* Temperature SN = 4493
* Conductivity SN = 1899
* Number of Bytes Per Scan = 37
* Number of Voltage Words = 4
* Number of Scans Averaged by the Deck Unit = 1
* NMEA Latitude = 58 19.21 N
* NMEA Longitude = 011 48.96 E
* NMEA UTC (Time) = Sep 08 2022 11:56:46
* NMEA baud rate = 4800
** Ship:
** Station:
** Operator:
# nquan = 12                                
# nvalues = 1726                        
# units = specified
# name 0 = scan: Scan Count
# name 1 = prDM: Pressure, Digiquartz [db]
# name 2 = t090C: Temperature [ITS-90, deg C]
# name 3 = c0S/m: Conductivity [S/m]
# name 4 = sbeox0V: Oxygen raw, SBE 43 [V]
# name 5 = flECO-AFL: Fluorescence, WET Labs ECO-AFL/FL [mg/m^3]
# name 6 = upoly0: Upoly 0, Turbidity
# name 7 = xmiss: Beam Transmission, Chelsea/Seatech [%]
# name 8 = depSM: Depth [salt water, m], lat = 58.3202
# name 9 = sal00: Salinity, Practical [PSU]
# name 10 = sbeox0ML/L: Oxygen, SBE 43 [ml/l], WS = 2
# name 11 = flag: flag
# span 0 =          1,       1726       
# span 1 =      0.910,     32.907       
# span 2 =     6.2865,    18.4763       
# span 3 =   3.127423,   3.451424       
# span 4 =     0.6631,     2.7561       
# span 5 =     0.0026,     0.0195       
# span 6 =  0.0944301,  0.1126861       
# span 7 =    74.1976,    95.7524       
# span 8 =      0.902,     32.599       
# span 9 =    23.7919,    31.2947       
# span 10 =     0.4010,     5.5152      
# span 11 = 0.0000e+00, 0.0000e+00      
# interval = seconds: 0.0416667
# start_time = Sep 08 2022 11:56:46 [NMEA time, header]
# bad_flag = -9.990e-29
*END*
[from data line 602]
        603     11.788    18.4248   3.330862     2.3108     0.0184  0.0973131    88.6993     11.678    24.2443     3.7621 0.0000e+00
        604     11.809    18.4196   3.332061     2.3037     0.0184  0.0973176    88.7102     11.699    24.2570     3.7507 0.0000e+00
        605     11.831    18.4140   3.333283     2.2966     0.0184  0.0973230    88.7212     11.721    24.2701     3.7395 0.0000e+00
        606     11.853    18.4079   3.334528     2.2896     0.0184  0.0973294    88.7325     11.743    24.2837     3.7289 0.0000e+00
        607     11.875    18.4013   3.335791     2.2827     0.0184  0.0973367    88.7444     11.764    24.2977     3.7188 0.0000e+00
        608     11.896    18.3940   3.337075     2.2760     0.0184  0.0973451    88.7571     11.785    24.3123     3.7095 0.0000e+00
        609     11.918    18.3859   3.338380     2.2693     0.0184  0.0973545    88.7708     11.807    24.3276     3.7003 0.0000e+00
        610     11.940    18.3769   3.339712     2.2627     0.0184  0.0973643    88.7857     11.829    24.3436     3.6916 0.0000e+00
        611     11.962    18.3668   3.341070     2.2562     0.0185  0.0973727    88.8019     11.850    24.3605     3.6833 0.0000e+00
        612     11.984    18.3554   3.342456     2.2498     0.0185  0.0973791    88.8191     11.872    24.3784     3.6755 0.0000e+00
        613     12.005    18.3428   3.343872     2.2435     0.0185  0.0973833    88.8371     11.893    24.3973     3.6679 0.0000e+00
        614     12.027    18.3289   3.345319     2.2373     0.0185  0.0973856    88.8555     11.915    24.4172     3.6607 0.0000e+00
        615     12.049    18.3141   3.346796     2.2312     0.0185  0.0973858    88.8743     11.937    24.4379     3.6539 0.0000e+00
        616     12.071    18.2983   3.348306     2.2252     0.0185  0.0973840    88.8934     11.958    24.4594     3.6473 0.0000e+00
        617     12.093    18.2819   3.349849     2.2192     0.0185  0.0973801    88.9126     11.980    24.4816     3.6408 0.0000e+00
        618     12.115    18.2650   3.351425     2.2134     0.0185  0.0973742    88.9318     12.002    24.5044     3.6348 0.0000e+00
        619     12.137    18.2476   3.353030     2.2077     0.0185  0.0973662    88.9512     12.024    24.5277     3.6290 0.0000e+00
        620     12.159    18.2297   3.354659     2.2021     0.0185  0.0973560    88.9713     12.046    24.5515     3.6235 0.0000e+00
        621     12.181    18.2116   3.356306     2.1965     0.0185  0.0973436    88.9926     12.067    24.5757     3.6179 0.0000e+00
        622     12.203    18.1934   3.357956     2.1911     0.0185  0.0973289    89.0152     12.089    24.5999     3.6127 0.0000e+00
        623     12.225    18.1752   3.359599     2.1857     0.0185  0.0973126    89.0391     12.111    24.6241     3.6075 0.0000e+00
        624     12.247    18.1573   3.361224     2.1804     0.0185  0.0972955    89.0644     12.133    24.6480     3.6025 0.0000e+00
        625     12.268    18.1397   3.362824     2.1752     0.0185  0.0972774    89.0909     12.154    24.6715     3.5975 0.0000e+00
        626     12.290    18.1225   3.364390     2.1701     0.0185  0.0972591    89.1187     12.175    24.6945     3.5927 0.0000e+00
        627     12.312    18.1058   3.365916     2.1651     0.0185  0.0972405    89.1479     12.197    24.7169     3.5881 0.0000e+00
        628     12.334    18.0897   3.367398     2.1601     0.0185  0.0972196    89.1788     12.219    24.7386     3.5833 0.0000e+00
        629     12.356    18.0741   3.368830     2.1552     0.0185  0.0971956    89.2114     12.241    24.7597     3.5786 0.0000e+00
        630     12.378    18.0591   3.370214     2.1504     0.0185  0.0971683    89.2455     12.263    24.7799     3.5741 0.0000e+00
        631     12.400    18.0446   3.371547     2.1456     0.0185  0.0971374    89.2810     12.284    24.7995     3.5693 0.0000e+00
        632     12.422    18.0306   3.372828     2.1410     0.0185  0.0971028    89.3174     12.306    24.8184     3.5650 0.0000e+00
        633     12.444    18.0170   3.374057     2.1363     0.0185  0.0970650    89.3544     12.328    24.8366     3.5602 0.0000e+00
        634     12.466    18.0039   3.375234     2.1318     0.0185  0.0970255    89.3919     12.350    24.8541     3.5558 0.0000e+00
        635     12.488    17.9913   3.376361     2.1274     0.0185  0.0969857    89.4302     12.372    24.8709     3.5515 0.0000e+00
        636     12.510    17.9791   3.377439     2.1230     0.0186  0.0969471    89.4694     12.393    24.8871     3.5470 0.0000e+00
        637     12.532    17.9675   3.378471     2.1186     0.0186  0.0969102    89.5095     12.415    24.9025     3.5424 0.0000e+00
        638     12.554    17.9563   3.379455     2.1143     0.0186  0.0968748    89.5502     12.437    24.9174     3.5378 0.0000e+00
        639     12.576    17.9456   3.380395     2.1101     0.0186  0.0968405    89.5916     12.459    24.9315     3.5333 0.0000e+00
        640     12.598    17.9353   3.381290     2.1060     0.0186  0.0968073    89.6342     12.481    24.9451     3.5289 0.0000e+00
        641     12.620    17.9254   3.382145     2.1019     0.0186  0.0967757    89.6784     12.502    24.9581     3.5244 0.0000e+00
        642     12.642    17.9159   3.382961     2.0978     0.0186  0.0967462    89.7241     12.524    24.9705     3.5196 0.0000e+00
        643     12.664    17.9068   3.383741     2.0938     0.0186  0.0967180    89.7706     12.546    24.9824     3.5149 0.0000e+00
        644     12.686    17.8979   3.384488     2.0899     0.0186  0.0966907    89.8174     12.568    24.9940     3.5104 0.0000e+00
        645     12.708    17.8893   3.385202     2.0860     0.0186  0.0966651    89.8638     12.590    25.0050     3.5056 0.0000e+00
        646     12.730    17.8810   3.385886     2.0821     0.0186  0.0966401    89.9091     12.611    25.0157     3.5007 0.0000e+00
        647     12.752    17.8729   3.386541     2.0783     0.0186  0.0966147    89.9528     12.633    25.0260     3.4959 0.0000e+00
        648     12.774    17.8651   3.387166     2.0746     0.0186  0.0965887    89.9942     12.655    25.0358     3.4911 0.0000e+00
        649     12.796    17.8575   3.387762     2.0708     0.0186  0.0965619    90.0325     12.677    25.0454     3.4860 0.0000e+00
        650     12.818    17.8501   3.388333     2.0671     0.0186  0.0965341    90.0666     12.698    25.0545     3.4809 0.0000e+00
        651     12.840    17.8429   3.388876     2.0635     0.0185  0.0965052    90.0957     12.720    25.0634     3.4760 0.0000e+00
        652     12.861    17.8358   3.389395     2.0599     0.0185  0.0964750    90.1195     12.741    25.0720     3.4708 0.0000e+00
        653     12.883    17.8287   3.389889     2.0563     0.0185  0.0964432    90.1381     12.763    25.0804     3.4656 0.0000e+00
        654     12.905    17.8218   3.390361     2.0528     0.0185  0.0964096    90.1520     12.785    25.0884     3.4604 0.0000e+00
        655     12.927    17.8148   3.390810     2.0493     0.0185  0.0963740    90.1615     12.806    25.0964     3.4551 0.0000e+00
        656     12.949    17.8078   3.391239     2.0459     0.0185  0.0963361    90.1668     12.828    25.1042     3.4499 0.0000e+00
        657     12.972    17.8008   3.391647     2.0424     0.0185  0.0962957    90.1677     12.851    25.1118     3.4444 0.0000e+00
        658     12.994    17.7937   3.392035     2.0390     0.0185  0.0962524    90.1637     12.873    25.1194     3.4389 0.0000e+00
        659     13.016    17.7865   3.392404     2.0356     0.0185  0.0962070    90.1548     12.895    25.1268     3.4334 0.0000e+00
        660     13.038    17.7792   3.392755     2.0323     0.0185  0.0961615    90.1411     12.916    25.1342     3.4280 0.0000e+00
        661     13.060    17.7717   3.393089     2.0289     0.0185  0.0961181    90.1228     12.938    25.1415     3.4222 0.0000e+00
        662     13.082    17.7640   3.393404     2.0256     0.0185  0.0960776    90.1000     12.960    25.1488     3.4166 0.0000e+00
        663     13.104    17.7562   3.393704     2.0223     0.0184  0.0960395    90.0732     12.982    25.1561     3.4108 0.0000e+00
        664     13.126    17.7482   3.393988     2.0190     0.0184  0.0960036    90.0430     13.004    25.1633     3.4050 0.0000e+00
        665     13.148    17.7400   3.394257     2.0157     0.0184  0.0959697    90.0102     13.025    25.1706     3.3991 0.0000e+00
        666     13.170    17.7317   3.394510     2.0125     0.0184  0.0959375    89.9752     13.047    25.1777     3.3933 0.0000e+00
        667     13.193    17.7232   3.394749     2.0092     0.0184  0.0959076    89.9382     13.070    25.1849     3.3872 0.0000e+00
        668     13.215    17.7144   3.394975     2.0060     0.0184  0.0958807    89.8988     13.092    25.1922     3.3813 0.0000e+00
        669     13.237    17.7055   3.395186     2.0028     0.0183  0.0958557    89.8572     13.114    25.1994     3.3753 0.0000e+00
        670     13.259    17.6965   3.395386     1.9995     0.0183  0.0958317    89.8143     13.135    25.2066     3.3690 0.0000e+00
        671     13.281    17.6872   3.395572     1.9963     0.0183  0.0958085    89.7713     13.157    25.2139     3.3629 0.0000e+00
        672     13.304    17.6778   3.395747     1.9931     0.0183  0.0957858    89.7292     13.180    25.2211     3.3567 0.0000e+00
        673     13.326    17.6682   3.395910     1.9899     0.0183  0.0957636    89.6889     13.202    25.2284     3.3505 0.0000e+00
        674     13.348    17.6584   3.396060     1.9868     0.0183  0.0957416    89.6504     13.224    25.2356     3.3445 0.0000e+00
        675     13.370    17.6483   3.396200     1.9836     0.0182  0.0957198    89.6139     13.245    25.2430     3.3382 0.0000e+00
        676     13.392    17.6380   3.396329     1.9804     0.0182  0.0956980    89.5796     13.267    25.2505     3.3318 0.0000e+00
        677     13.415    17.6275   3.396448     1.9773     0.0182  0.0956760    89.5476     13.290    25.2579     3.3257 0.0000e+00
        678     13.437    17.6167   3.396556     1.9741     0.0182  0.0956537    89.5181     13.312    25.2655     3.3194 0.0000e+00
        679     13.459    17.6055   3.396653     1.9710     0.0181  0.0956317    89.4906     13.333    25.2732     3.3133 0.0000e+00
        680     13.482    17.5942   3.396742     1.9679     0.0181  0.0956108    89.4650     13.356    25.2810     3.3072 0.0000e+00
        681     13.504    17.5825   3.396818     1.9647     0.0181  0.0955900    89.4409     13.378    25.2888     3.3008 0.0000e+00
        682     13.526    17.5706   3.396887     1.9617     0.0180  0.0955682    89.4184     13.400    25.2968     3.2950 0.0000e+00
        683     13.548    17.5584   3.396946     1.9586     0.0180  0.0955454    89.3977     13.422    25.3048     3.2889 0.0000e+00
        684     13.571    17.5460   3.396996     1.9555     0.0179  0.0955214    89.3787     13.444    25.3129     3.2828 0.0000e+00
        685     13.593    17.5334   3.397037     1.9524     0.0179  0.0954967    89.3611     13.466    25.3211     3.2767 0.0000e+00
        686     13.615    17.5206   3.397067     1.9494     0.0179  0.0954731    89.3445     13.488    25.3293     3.2709 0.0000e+00
        687     13.638    17.5076   3.397089     1.9463     0.0178  0.0954511    89.3291     13.511    25.3375     3.2649 0.0000e+00
        688     13.660    17.4943   3.397101     1.9432     0.0178  0.0954307    89.3150     13.533    25.3459     3.2589 0.0000e+00
        689     13.683    17.4808   3.397102     1.9402     0.0177  0.0954124    89.3020     13.555    25.3543     3.2532 0.0000e+00
        690     13.705    17.4672   3.397092     1.9372     0.0177  0.0953980    89.2900     13.577    25.3627     3.2475 0.0000e+00
        691     13.727    17.4534   3.397073     1.9341     0.0177  0.0953880    89.2786     13.599    25.3711     3.2416 0.0000e+00
        692     13.750    17.4396   3.397043     1.9311     0.0176  0.0953817    89.2680     13.622    25.3795     3.2360 0.0000e+00
        693     13.772    17.4257   3.397000     1.9281     0.0176  0.0953773    89.2581     13.644    25.3878     3.2305 0.0000e+00
        694     13.794    17.4116   3.396947     1.9251     0.0176  0.0953738    89.2492     13.665    25.3962     3.2250 0.0000e+00
        695     13.817    17.3973   3.396881     1.9221     0.0175  0.0953713    89.2415     13.688    25.4045     3.2195 0.0000e+00
        696     13.839    17.3828   3.396803     1.9192     0.0175  0.0953698    89.2355     13.710    25.4129     3.2143 0.0000e+00
        697     13.861    17.3680   3.396712     1.9162     0.0175  0.0953692    89.2315     13.732    25.4214     3.2089 0.0000e+00
        698     13.884    17.3528   3.396609     1.9133     0.0175  0.0953696    89.2300     13.755    25.4301     3.2038 0.0000e+00
        699     13.906    17.3372   3.396496     1.9104     0.0174  0.0953709    89.2311     13.776    25.4389     3.1988 0.0000e+00
        700     13.928    17.3212   3.396370     1.9075     0.0174  0.0953731    89.2346     13.798    25.4479     3.1939 0.0000e+00
        701     13.951    17.3048   3.396235     1.9046     0.0174  0.0953764    89.2402     13.821    25.4570     3.1890 0.0000e+00
        702     13.973    17.2879   3.396089     1.9018     0.0174  0.0953806    89.2481     13.843    25.4664     3.1844 0.0000e+00
        703     13.995    17.2706   3.395933     1.8989     0.0173  0.0953858    89.2585     13.864    25.4760     3.1796 0.0000e+00
        704     14.018    17.2529   3.395768     1.8961     0.0173  0.0953920    89.2715     13.887    25.4857     3.1751 0.0000e+00
        705     14.040    17.2347   3.395593     1.8933     0.0173  0.0953994    89.2874     13.909    25.4957     3.1707 0.0000e+00
        706     14.062    17.2162   3.395409     1.8905     0.0173  0.0954079    89.3066     13.931    25.5058     3.1663 0.0000e+00
        707     14.085    17.1972   3.395216     1.8877     0.0172  0.0954176    89.3290     13.954    25.5161     3.1620 0.0000e+00
        708     14.107    17.1778   3.395014     1.8849     0.0172  0.0954286    89.3542     13.975    25.5267     3.1577 0.0000e+00
        709     14.129    17.1582   3.394803     1.8822     0.0172  0.0954410    89.3823     13.997    25.5372     3.1537 0.0000e+00
        710     14.152    17.1382   3.394584     1.8795     0.0171  0.0954548    89.4131     14.020    25.5480     3.1497 0.0000e+00
        711     14.174    17.1181   3.394356     1.8768     0.0171  0.0954692    89.4468     14.042    25.5588     3.1458 0.0000e+00
        712     14.196    17.0978   3.394121     1.8741     0.0171  0.0954828    89.4832     14.064    25.5697     3.1418 0.0000e+00
        713     14.218    17.0774   3.393876     1.8715     0.0170  0.0954947    89.5224     14.085    25.5805     3.1381 0.0000e+00
        714     14.241    17.0570   3.393624     1.8689     0.0170  0.0955050    89.5637     14.108    25.5913     3.1344 0.0000e+00
        715     14.263    17.0367   3.393365     1.8663     0.0170  0.0955137    89.6064     14.130    25.6020     3.1307 0.0000e+00
        716     14.285    17.0166   3.393097     1.8637     0.0170  0.0955211    89.6500     14.152    25.6125     3.1269 0.0000e+00
        717     14.308    16.9967   3.392821     1.8611     0.0169  0.0955270    89.6945     14.175    25.6228     3.1231 0.0000e+00
        718     14.330    16.9769   3.392539     1.8586     0.0169  0.0955315    89.7402     14.196    25.6330     3.1194 0.0000e+00
        719     14.352    16.9575   3.392249     1.8561     0.0169  0.0955348    89.7877     14.218    25.6428     3.1157 0.0000e+00
        720     14.375    16.9382   3.391951     1.8536     0.0169  0.0955367    89.8371     14.241    25.6526     3.1120 0.0000e+00
        721     14.397    16.9193   3.391647     1.8512     0.0169  0.0955373    89.8879     14.263    25.6621     3.1084 0.0000e+00
