code/data/2022/thursday_data/Station SB2.cnv
* Sea-Bird SBE 9 Data File:
* FileName = C:\Users\ctd-user\Desktop\CTD data\MAR440 Sept 2022\Day2\Station SB2.hex
* Software Version Seasave V 7.26.2.13
* Temperature SN = 4493
* Conductivity SN = 1899
* Number of Bytes Per Scan = 37
* Number of Voltage Words = 4
* Number of Scans Averaged by the Deck Unit = 1
* NMEA Latitude = 58 19.59 N
* NMEA Longitude = 011 50.88 E
* NMEA UTC (Time) = Sep 08 2022 10:57:29
* NMEA baud rate = 4800
** Ship:
** Station:
** Operator:
# nquan = 12                                
# nvalues = 1004                        
# units = specified
# name 0 = scan: Scan Count
# name 1 = prDM: Pressure, Digiquartz [db]
# name 2 = t090C: Temperature [ITS-90, deg C]
# name 3 = c0S/m: Conductivity [S/m]
# name 4 = sbeox0V: Oxygen raw, SBE 43 [V]
# name 5 = flECO-AFL: Fluorescence, WET Labs ECO-AFL/FL [mg/m^3]
# name 6 = upoly0: Upoly 0, Turbidity
# name 7 = xmiss: Beam Transmission, Chelsea/Seatech [%]
# name 8 = depSM: Depth [salt water, m], lat = 58.3265
# name 9 = sal00: Salinity, Practical [PSU]
# name 10 = sbeox0ML/L: Oxygen, SBE 43 [ml/l], WS = 2
# name 11 = flag: flag
# span 0 =          1,       1004       
# span 1 =      1.322,     16.089       
# span 2 =    13.4628,    18.7332       
# span 3 =   3.243365,   3.386959       
# span 4 =     1.3612,     2.7570       
# span 5 =     0.0060,     0.0257       
# span 6 =  0.0969700,  0.1022527       
# span 7 =    83.0092,    92.2754       
# span 8 =      1.310,     15.939       
# span 9 =    23.6536,    26.6717       
# span 10 =     2.0625,     5.5306      
# span 11 = 0.0000e+00, 0.0000e+00      
# interval = seconds: 0.0416667
# start_time = Sep 08 2022 10:57:29 [NMEA time, header]
# bad_flag = -9.990e-29
*END*
[from data line 963]
        964     15.853    13.5331   3.247871 -9.990e-29     0.0067  0.0998077    91.2204     15.705    26.6611 -9.990e-29 0.0000e+00
        965     15.862    13.5280   3.247614 -9.990e-29     0.0067  0.0998740    91.1811     15.714    26.6623 -9.990e-29 0.0000e+00
        966     15.872    13.5231   3.247364 -9.990e-29     0.0067  0.0999420    91.1433     15.724    26.6635 -9.990e-29 0.0000e+00
        967     15.882    13.5185   3.247122 -9.990e-29     0.0066  0.1000121    91.1071     15.734    26.6645 -9.990e-29 0.0000e+00
        968     15.891    13.5141   3.246886 -9.990e-29     0.0066  0.1000850    91.0727     15.743    26.6654 -9.990e-29 0.0000e+00
        969     15.901    13.5098   3.246656 -9.990e-29     0.0066  0.1001610    91.0404     15.753    26.6663 -9.990e-29 0.0000e+00
        970     15.910    13.5058   3.246434 -9.990e-29     0.0066  0.1002407    91.0106     15.762    26.6670 -9.990e-29 0.0000e+00
        971     15.919    13.5020   3.246219 -9.990e-29     0.0065  0.1003246    90.9834     15.770    26.6677 -9.990e-29 0.0000e+00
        972     15.928    13.4983   3.246009 -9.990e-29     0.0065  0.1004134    90.9585     15.779    26.6684 -9.990e-29 0.0000e+00
        973     15.937    13.4948   3.245807 -9.990e-29     0.0065  0.1005076    90.9355     15.788    26.6690 -9.990e-29 0.0000e+00
        974     15.945    13.4915   3.245611 -9.990e-29     0.0064  0.1006079    90.9142     15.796    26.6695 -9.990e-29 0.0000e+00
        975     15.954    13.4883   3.245420 -9.990e-29     0.0064  0.1007142    90.8946     15.805    26.6700 -9.990e-29 0.0000e+00
        976     15.962    13.4854   3.245239 -9.990e-29     0.0064  0.1008229    90.8766     15.813    26.6704 -9.990e-29 0.0000e+00
        977     15.970    13.4826   3.245064 -9.990e-29     0.0063  0.1009280    90.8600     15.821    26.6707 -9.990e-29 0.0000e+00
        978     15.978    13.4800   3.244897 -9.990e-29     0.0063  0.1010261    90.8440     15.829    26.6710 -9.990e-29 0.0000e+00
        979     15.986    13.4776   3.244737 -9.990e-29     0.0063  0.1011168    90.8281     15.837    26.6713 -9.990e-29 0.0000e+00
        980     15.994    13.4753   3.244584 -9.990e-29     0.0062  0.1012009    90.8117     15.845    26.6715 -9.990e-29 0.0000e+00
        981     16.001    13.4733   3.244441 -9.990e-29     0.0062  0.1012790    90.7946     15.852    26.6716 -9.990e-29 0.0000e+00
        982     16.008    13.4714   3.244304 -9.990e-29     0.0062  0.1013515    90.7771     15.859    26.6716 -9.990e-29 0.0000e+00
        983     16.015    13.4697   3.244176 -9.990e-29     0.0062  0.1014190    90.7596     15.866    26.6717 -9.990e-29 0.0000e+00
        984     16.022    13.4681   3.244053 -9.990e-29     0.0062  0.1014820    90.7427     15.872    26.6716 -9.990e-29 0.0000e+00
        985     16.029    13.4667   3.243939 -9.990e-29     0.0061  0.1015408    90.7271     15.879    26.6716 -9.990e-29 0.0000e+00
        986     16.035    13.4656   3.243832 -9.990e-29     0.0061  0.1015960    90.7134     15.885    26.6714 -9.990e-29 0.0000e+00
        987     16.041    13.4647   3.243735 -9.990e-29     0.0061  0.1016479    90.7020     15.891    26.6711 -9.990e-29 0.0000e+00
        988     16.046    13.4640   3.243645 -9.990e-29     0.0061  0.1016968    90.6933     15.896    26.6708 -9.990e-29 0.0000e+00
        989     16.051    13.4634   3.243563 -9.990e-29     0.0061  0.1017431    90.6872     15.901    26.6705 -9.990e-29 0.0000e+00
        990     16.056    13.4631   3.243489 -9.990e-29     0.0061  0.1017871    90.6831     15.906    26.6700 -9.990e-29 0.0000e+00
        991     16.061    13.4629   3.243424 -9.990e-29     0.0061  0.1018291    90.6809     15.911    26.6695 -9.990e-29 0.0000e+00
        992     16.065    13.4628   3.243365 -9.990e-29     0.0060  0.1018694    90.6802     15.915    26.6691 -9.990e-29 0.0000e+00
        993     16.069 -9.990e-29   3.250216 -9.990e-29     0.0060  0.1019084    90.6810     15.919 -9.990e-29 -9.990e-29 0.0000e+00
        994     16.073 -9.990e-29   3.250138 -9.990e-29     0.0060  0.1019462    90.6831     15.923 -9.990e-29 -9.990e-29 0.0000e+00
        995     16.076 -9.990e-29   3.250068 -9.990e-29     0.0060  0.1019831    90.6870     15.926 -9.990e-29 -9.990e-29 0.0000e+00
        996     16.079 -9.990e-29   3.250007 -9.990e-29     0.0060  0.1020194    90.6922     15.929 -9.990e-29 -9.990e-29 -9.990e-29
        997     16.081 -9.990e-29   3.249954 -9.990e-29     0.0060  0.1020553    90.6983     15.931 -9.990e-29 -9.990e-29 -9.990e-29
        998     16.083 -9.990e-29   3.249910 -9.990e-29     0.0060  0.1020911    90.7048     15.933 -9.990e-29 -9.990e-29 -9.990e-29
        999     16.085 -9.990e-29   3.249874 -9.990e-29     0.0060  0.1021270    90.7110     15.935 -9.990e-29 -9.990e-29 -9.990e-29
       1000     16.086 -9.990e-29   3.249846 -9.990e-29     0.0060  0.1021634    90.7165     15.936 -9.990e-29 -9.990e-29 -9.990e-29
       1001     16.087 -9.990e-29   3.249827 -9.990e-29     0.0060  0.1021986    90.7211     15.937 -9.990e-29 -9.990e-29 -9.990e-29
       1002     16.088 -9.990e-29   3.249815 -9.990e-29     0.0060  0.1022280    90.7244     15.938 -9.990e-29 -9.990e-29 -9.990e-29
       1003     16.089 -9.990e-29   3.249810 -9.990e-29     0.0060  0.1022465    90.7266     15.939 -9.990e-29 -9.990e-29 -9.990e-29
       1004     16.089 -9.990e-29   3.249808 -9.990e-29     0.0060  0.1022527    90.7273     15.939 -9.990e-29 -9.990e-29 -9.990e-29
