code/data/2022/thursday_data/Station SH2.cnv
* Sea-Bird SBE 9 Data File:
* FileName = C:\Users\ctd-user\Desktop\CTD data\MAR440 Sept 2022\Day2\Station SH2.hex
* Software Version Seasave V 7.26.2.13
* Temperature SN = 4493
* Conductivity SN = 1899
* Number of Bytes Per Scan = 37
* Number of Voltage Words = 4
* Number of Scans Averaged by the Deck Unit = 1
* NMEA Latitude = 58 19.39 N
* NMEA Longitude = 011 49.77 E
* NMEA UTC (Time) = Sep 08 2022 11:26:14
* NMEA baud rate = 4800
** Ship:
** Station:
** Operator:
# nquan = 12                                
# nvalues = 1061                        
# units = specified
# name 0 = scan: Scan Count
# name 1 = prDM: Pressure, Digiquartz [db]
# name 2 = t090C: Temperature [ITS-90, deg C]
# name 3 = c0S/m: Conductivity [S/m]
# name 4 = sbeox0V: Oxygen raw, SBE 43 [V]
# name 5 = flECO-AFL: Fluorescence, WET Labs ECO-AFL/FL [mg/m^3]
# name 6 = upoly0: Upoly 0, Turbidity
# name 7 = xmiss: Beam Transmission, Chelsea/Seatech [%]
# name 8 = depSM: Depth [salt water, m], lat = 58.3232
# name 9 = sal00: Salinity, Practical [PSU]
# name 10 = sbeox0ML/L: Oxygen, SBE 43 [ml/l], WS = 2
# name 11 = flag: flag
# span 0 =          1,       1061       
# span 1 =      1.231,     17.610       
# span 2 =    12.6845,    18.5204       
# span 3 =   3.258608,   3.382989       
# span 4 =     1.4026,     2.6154       
# span 5 =     0.0076,     0.0212       
# span 6 =  0.0960420,  0.0990550       
# span 7 =    86.4175,    93.3594       
# span 8 =      1.220,     17.446       
# span 9 =    23.8568,    27.3621       
# span 10 =     2.2610,     5.1814      
# span 11 = 0.0000e+00, 0.0000e+00      
# interval = seconds: 0.0416667
# start_time = Sep 08 2022 11:26:14 [NMEA time, header]
# bad_flag = -9.990e-29
*END*
[from data line 361]
        362      4.742    18.4649   3.301216     2.5341     0.0212  0.0986388    86.6836      4.698    23.9845     4.8634 -9.990e-29
        363      4.761    18.4655   3.301581     2.5332     0.0212  0.0986385    86.7022      4.717    23.9871     4.8601 -9.990e-29
        364      4.781    18.4662   3.301940     2.5322     0.0212  0.0986382    86.7214      4.737    23.9895     4.8564 -9.990e-29
        365      4.800    18.4669   3.302292     2.5312     0.0212  0.0986378    86.7409      4.755    23.9920     4.8527 -9.990e-29
        366      4.820    18.4677   3.302635     2.5301     0.0212  0.0986372    86.7601      4.775    23.9942     4.8486 -9.990e-29
        367      4.839    18.4685   3.302972     2.5291     0.0212  0.0986366    86.7791      4.794    23.9965     4.8447 -9.990e-29
        368      4.859    18.4693   3.303303     2.5281     0.0212  0.0986358    86.7979      4.814    23.9987     4.8407 -9.990e-29
        369      4.879    18.4701   3.303626     2.5270     0.0212  0.0986349    86.8166      4.834    24.0008     4.8364 -9.990e-29
        370      4.898    18.4708   3.303942     2.5259     0.0212  0.0986339    86.8353      4.852    24.0029     4.8321 -9.990e-29
        371      4.918    18.4715   3.304254     2.5248     0.0212  0.0986327    86.8538      4.872    24.0050     4.8276 -9.990e-29
        372      4.938    18.4721   3.304559     2.5237     0.0212  0.0986314    86.8722      4.892    24.0071     4.8231 -9.990e-29
        373      4.957    18.4726   3.304859     2.5225     0.0211  0.0986300    86.8905      4.911    24.0092     4.8182 -9.990e-29
        374      4.977    18.4730   3.305156     2.5213     0.0211  0.0986284    86.9089      4.931    24.0114     4.8133 -9.990e-29
        375      4.997    18.4733   3.305452     2.5202     0.0211  0.0986266    86.9274      4.951    24.0136     4.8086 0.0000e+00
        376      5.016    18.4735   3.305751     2.5189     0.0211  0.0986246    86.9460      4.969    24.0158     4.8033 0.0000e+00
        377      5.036    18.4737   3.306056     2.5177     0.0211  0.0986224    86.9647      4.989    24.0182     4.7981 0.0000e+00
        378      5.056    18.4738   3.306364     2.5165     0.0211  0.0986200    86.9834      5.009    24.0206     4.7928 0.0000e+00
        379      5.076    18.4739   3.306677     2.5152     0.0211  0.0986174    87.0020      5.029    24.0230     4.7873 0.0000e+00
        380      5.096    18.4740   3.306990     2.5139     0.0211  0.0986146    87.0206      5.049    24.0255     4.7816 0.0000e+00
        381      5.116    18.4740   3.307299     2.5126     0.0211  0.0986114    87.0397      5.068    24.0279     4.7759 0.0000e+00
        382      5.136    18.4740   3.307603     2.5113     0.0211  0.0986080    87.0599      5.088    24.0304     4.7701 0.0000e+00
        383      5.156    18.4739   3.307897     2.5099     0.0211  0.0986043    87.0811      5.108    24.0328     4.7640 0.0000e+00
        384      5.176    18.4739   3.308184     2.5085     0.0211  0.0986002    87.1032      5.128    24.0351     4.7579 0.0000e+00
        385      5.197    18.4738   3.308460     2.5071     0.0211  0.0985958    87.1259      5.149    24.0374     4.7516 0.0000e+00
        386      5.217    18.4738   3.308724     2.5057     0.0211  0.0985909    87.1491      5.168    24.0395     4.7454 0.0000e+00
        387      5.237    18.4739   3.308980     2.5042     0.0210  0.0985856    87.1728      5.188    24.0415     4.7387 0.0000e+00
        388      5.258    18.4740   3.309225     2.5027     0.0210  0.0985799    87.1973      5.209    24.0434     4.7321 0.0000e+00
        389      5.279    18.4742   3.309464     2.5012     0.0210  0.0985736    87.2225      5.230    24.0452     4.7254 0.0000e+00
        390      5.300    18.4744   3.309698     2.4996     0.0210  0.0985668    87.2484      5.251    24.0469     4.7184 0.0000e+00
        391      5.320    18.4746   3.309928     2.4979     0.0210  0.0985594    87.2752      5.270    24.0486     4.7110 0.0000e+00
        392      5.341    18.4748   3.310157     2.4963     0.0210  0.0985513    87.3029      5.291    24.0504     4.7039 0.0000e+00
        393      5.362    18.4751   3.310383     2.4946     0.0210  0.0985426    87.3316      5.312    24.0520     4.6965 0.0000e+00
        394      5.383    18.4754   3.310607     2.4928     0.0210  0.0985330    87.3606      5.333    24.0536     4.6888 0.0000e+00
        395      5.404    18.4757   3.310831     2.4911     0.0210  0.0985226    87.3895      5.354    24.0552     4.6813 0.0000e+00
        396      5.425    18.4761   3.311057     2.4893     0.0210  0.0985113    87.4180      5.375    24.0568     4.6735 0.0000e+00
        397      5.446    18.4764   3.311288     2.4874     0.0210  0.0984991    87.4457      5.395    24.0585     4.6655 0.0000e+00
        398      5.467    18.4767   3.311526     2.4855     0.0210  0.0984857    87.4721      5.416    24.0602     4.6574 0.0000e+00
        399      5.489    18.4769   3.311772     2.4836     0.0209  0.0984712    87.4972      5.438    24.0621     4.6493 0.0000e+00
        400      5.510    18.4771   3.312027     2.4816     0.0209  0.0984554    87.5208      5.459    24.0640     4.6409 0.0000e+00
        401      5.531    18.4773   3.312290     2.4795     0.0209  0.0984383    87.5430      5.480    24.0660     4.6323 0.0000e+00
        402      5.553    18.4774   3.312564     2.4774     0.0209  0.0984205    87.5637      5.501    24.0681     4.6237 0.0000e+00
        403      5.575    18.4775   3.312846     2.4753     0.0209  0.0984036    87.5831      5.523    24.0703     4.6152 0.0000e+00
        404      5.596    18.4775   3.313137     2.4731     0.0209  0.0983884    87.6017      5.544    24.0727     4.6064 0.0000e+00
        405      5.618    18.4775   3.313436     2.4709     0.0209  0.0983748    87.6196      5.566    24.0750     4.5976 0.0000e+00
        406      5.640    18.4775   3.313744     2.4687     0.0208  0.0983626    87.6370      5.588    24.0775     4.5888 0.0000e+00
        407      5.662    18.4774   3.314060     2.4664     0.0208  0.0983517    87.6537      5.609    24.0801     4.5799 0.0000e+00
        408      5.684    18.4773   3.314384     2.4641     0.0208  0.0983422    87.6698      5.631    24.0828     4.5709 0.0000e+00
        409      5.706    18.4771   3.314716     2.4617     0.0208  0.0983340    87.6856      5.653    24.0855     4.5617 0.0000e+00
        410      5.728    18.4770   3.315055     2.4594     0.0208  0.0983268    87.7012      5.675    24.0883     4.5529 0.0000e+00
        411      5.750    18.4768   3.315400     2.4569     0.0208  0.0983209    87.7166      5.696    24.0912     4.5436 0.0000e+00
        412      5.772    18.4767   3.315750     2.4545     0.0208  0.0983160    87.7318      5.718    24.0941     4.5346 0.0000e+00
        413      5.794    18.4766   3.316104     2.4520     0.0208  0.0983121    87.7470      5.740    24.0969     4.5253 0.0000e+00
        414      5.816    18.4765   3.316465     2.4494     0.0208  0.0983093    87.7621      5.762    24.0999     4.5160 0.0000e+00
        415      5.838    18.4764   3.316831     2.4468     0.0208  0.0983075    87.7771      5.784    24.1029     4.5066 0.0000e+00
        416      5.860    18.4762   3.317203     2.4442     0.0207  0.0983067    87.7918      5.805    24.1060     4.4973 0.0000e+00
        417      5.883    18.4762   3.317584     2.4416     0.0207  0.0983069    87.8060      5.828    24.1090     4.4881 0.0000e+00
        418      5.905    18.4762   3.317970     2.4389     0.0207  0.0983080    87.8198      5.850    24.1121     4.4787 0.0000e+00
        419      5.927    18.4763   3.318362     2.4362     0.0207  0.0983102    87.8331      5.872    24.1152     4.4693 0.0000e+00
        420      5.950    18.4763   3.318760     2.4335     0.0207  0.0983133    87.8460      5.895    24.1184     4.4600 0.0000e+00
        421      5.972    18.4764   3.319166     2.4307     0.0207  0.0983175    87.8583      5.916    24.1216     4.4505 0.0000e+00
        422      5.994    18.4764   3.319580     2.4279     0.0206  0.0983228    87.8700      5.938    24.1249     4.4411 0.0000e+00
        423      6.017    18.4765   3.320004     2.4251     0.0206  0.0983292    87.8809      5.961    24.1283     4.4317 0.0000e+00
        424      6.039    18.4765   3.320439     2.4223     0.0206  0.0983367    87.8911      5.983    24.1318     4.4225 0.0000e+00
        425      6.061    18.4764   3.320881     2.4195     0.0206  0.0983454    87.9006      6.005    24.1354     4.4133 0.0000e+00
        426      6.084    18.4763   3.321331     2.4166     0.0206  0.0983553    87.9094      6.027    24.1390     4.4039 0.0000e+00
        427      6.106    18.4762   3.321789     2.4138     0.0206  0.0983666    87.9174      6.049    24.1428     4.3948 0.0000e+00
        428      6.129    18.4761   3.322252     2.4109     0.0205  0.0983784    87.9248      6.072    24.1465     4.3856 0.0000e+00
        429      6.151    18.4760   3.322722     2.4079     0.0205  0.0983892    87.9318      6.094    24.1504     4.3762 0.0000e+00
        430      6.174    18.4757   3.323196     2.4050     0.0205  0.0983982    87.9386      6.117    24.1543     4.3671 0.0000e+00
        431      6.196    18.4754   3.323676     2.4020     0.0205  0.0984053    87.9449      6.138    24.1584     4.3578 0.0000e+00
        432      6.219    18.4751   3.324166     2.3990     0.0205  0.0984108    87.9507      6.161    24.1625     4.3487 0.0000e+00
        433      6.242    18.4747   3.324666     2.3960     0.0205  0.0984145    87.9560      6.184    24.1667     4.3396 0.0000e+00
        434      6.264    18.4742   3.325183     2.3930     0.0205  0.0984166    87.9609      6.206    24.1711     4.3306 0.0000e+00
        435      6.287    18.4737   3.325714     2.3899     0.0205  0.0984171    87.9654      6.228    24.1757     4.3215 0.0000e+00
        436      6.310    18.4731   3.326260     2.3869     0.0205  0.0984159    87.9700      6.251    24.1804     4.3128 0.0000e+00
        437      6.333    18.4724   3.326817     2.3838     0.0204  0.0984130    87.9747      6.274    24.1853     4.3039 0.0000e+00
        438      6.355    18.4716   3.327386     2.3807     0.0204  0.0984085    87.9798      6.296    24.1903     4.2951 0.0000e+00
        439      6.378    18.4708   3.327968     2.3775     0.0204  0.0984023    87.9853      6.319    24.1955     4.2862 0.0000e+00
        440      6.401    18.4700   3.328563     2.3744     0.0204  0.0983943    87.9914      6.341    24.2007     4.2776 0.0000e+00
        441      6.423    18.4693   3.329174     2.3712     0.0204  0.0983846    87.9985      6.363    24.2060     4.2689 0.0000e+00
        442      6.446    18.4687   3.329798     2.3681     0.0204  0.0983729    88.0068      6.386    24.2114     4.2606 0.0000e+00
        443      6.469    18.4683   3.330438     2.3649     0.0204  0.0983593    88.0160      6.409    24.2168     4.2521 0.0000e+00
        444      6.492    18.4680   3.331097     2.3617     0.0204  0.0983437    88.0263      6.432    24.2222     4.2438 0.0000e+00
        445      6.514    18.4679   3.331775     2.3585     0.0204  0.0983259    88.0377      6.453    24.2277     4.2356 0.0000e+00
        446      6.537    18.4679   3.332470     2.3552     0.0204  0.0983059    88.0501      6.476    24.2333     4.2272 0.0000e+00
        447      6.560    18.4681   3.333183     2.3520     0.0204  0.0982834    88.0631      6.499    24.2389     4.2192 0.0000e+00
        448      6.583    18.4684   3.333912     2.3488     0.0204  0.0982584    88.0767      6.522    24.2446     4.2113 0.0000e+00
        449      6.605    18.4689   3.334654     2.3456     0.0204  0.0982306    88.0909      6.544    24.2503     4.2036 0.0000e+00
        450      6.628    18.4695   3.335412     2.3423     0.0204  0.0981998    88.1062      6.566    24.2560     4.1958 0.0000e+00
        451      6.651    18.4702   3.336184     2.3391     0.0204  0.0981659    88.1228      6.589    24.2618     4.1883 0.0000e+00
        452      6.674    18.4711   3.336969     2.3359     0.0204  0.0981287    88.1405      6.612    24.2676     4.1810 0.0000e+00
        453      6.697    18.4721   3.337761     2.3327     0.0204  0.0980894    88.1595      6.635    24.2733     4.1738 0.0000e+00
        454      6.719    18.4733   3.338554     2.3294     0.0204  0.0980514    88.1797      6.656    24.2790     4.1665 0.0000e+00
        455      6.742    18.4746   3.339339     2.3262     0.0204  0.0980159    88.2013      6.679    24.2846     4.1596 0.0000e+00
        456      6.765    18.4760   3.340114     2.3231     0.0203  0.0979837    88.2243      6.702    24.2900     4.1531 0.0000e+00
        457      6.787    18.4776   3.340883     2.3199     0.0203  0.0979553    88.2487      6.724    24.2952     4.1464 0.0000e+00
        458      6.810    18.4794   3.341649     2.3168     0.0203  0.0979297    88.2747      6.747    24.3003     4.1402 0.0000e+00
        459      6.833    18.4814   3.342412     2.3137     0.0203  0.0979059    88.3021      6.769    24.3052     4.1340 0.0000e+00
        460      6.855    18.4835   3.343172     2.3106     0.0203  0.0978836    88.3307      6.791    24.3101     4.1280 0.0000e+00
        461      6.878    18.4858   3.343933     2.3076     0.0203  0.0978628    88.3607      6.814    24.3149     4.1224 0.0000e+00
        462      6.901    18.4883   3.344700     2.3045     0.0203  0.0978433    88.3921      6.837    24.3196     4.1166 0.0000e+00
        463      6.923    18.4909   3.345477     2.3015     0.0203  0.0978249    88.4250      6.859    24.3243     4.1112 0.0000e+00
        464      6.946    18.4936   3.346265     2.2985     0.0203  0.0978076    88.4594      6.881    24.3290     4.1059 0.0000e+00
        465      6.969    18.4963   3.347066     2.2956     0.0203  0.0977912    88.4957      6.904    24.3338     4.1009 0.0000e+00
        466      6.992    18.4992   3.347876     2.2927     0.0203  0.0977756    88.5341      6.927    24.3386     4.0960 0.0000e+00
        467      7.014    18.5020   3.348688     2.2898     0.0203  0.0977607    88.5747      6.949    24.3435     4.0913 0.0000e+00
        468      7.037    18.5049   3.349495     2.2870     0.0203  0.0977464    88.6177      6.971    24.3483     4.0868 0.0000e+00
        469      7.060    18.5077   3.350292     2.2842     0.0202  0.0977325    88.6634      6.994    24.3530     4.0825 0.0000e+00
        470      7.083    18.5103   3.351071     2.2814     0.0202  0.0977199    88.7117      7.017    24.3578     4.0782 0.0000e+00
        471      7.105    18.5127   3.351831     2.2787     0.0202  0.0977093    88.7628      7.039    24.3624     4.0743 0.0000e+00
        472      7.128    18.5149   3.352569     2.2760     0.0202  0.0976998    88.8164      7.062    24.3671     4.0704 0.0000e+00
        473      7.151    18.5168   3.353286     2.2733     0.0202  0.0976905    88.8727      7.084    24.3717     4.0665 0.0000e+00
        474      7.174    18.5183   3.353984     2.2707     0.0202  0.0976812    88.9318      7.107    24.3764     4.0631 0.0000e+00
        475      7.196    18.5194   3.354665     2.2681     0.0201  0.0976720    88.9939      7.129    24.3812     4.0596 0.0000e+00
        476      7.219    18.5201   3.355339     2.2656     0.0201  0.0976627    89.0585      7.152    24.3862     4.0565 0.0000e+00
        477      7.242    18.5204   3.356004     2.2631     0.0201  0.0976534    89.1243      7.175    24.3914     4.0534 0.0000e+00
        478      7.264    18.5202   3.356664     2.2606     0.0201  0.0976438    89.1901      7.196    24.3968     4.0504 0.0000e+00
        479      7.287    18.5197   3.357318     2.2582     0.0200  0.0976341    89.2548      7.219    24.4024     4.0476 0.0000e+00
        480      7.310    18.5187   3.357970     2.2558     0.0200  0.0976241    89.3178      7.242    24.4082     4.0448 0.0000e+00
        481      7.333    18.5174   3.358619     2.2534     0.0200  0.0976137    89.3790      7.265    24.4142     4.0421 0.0000e+00
