code/data/2022/thursday_data/Station H2.cnv
* Sea-Bird SBE 9 Data File:
* FileName = C:\Users\ctd-user\Desktop\CTD data\MAR440 Sept 2022\Day2\Station H2.hex
* Software Version Seasave V 7.26.2.13
* Temperature SN = 4493
* Conductivity SN = 1899
* Number of Bytes Per Scan = 37
* Number of Voltage Words = 4
* Number of Scans Averaged by the Deck Unit = 1
* NMEA Latitude = 58 19.21 N
* NMEA Longitude = 011 48.96 E
* NMEA UTC (Time) = Sep 08 2022 11:56:46
* NMEA baud rate = 4800
** Ship:
** Station:
** Operator:
# nquan = 12                                
# nvalues = 1726                        
# units = specified
# name 0 = scan: Scan Count
# name 1 = prDM: Pressure, Digiquartz [db]
# name 2 = t090C: Temperature [ITS-90, deg C]
# name 3 = c0S/m: Conductivity [S/m]
# name 4 = sbeox0V: Oxygen raw, SBE 43 [V]
# name 5 = flECO-AFL: Fluorescence, WET Labs ECO-AFL/FL [mg/m^3]
# name 6 = upoly0: Upoly 0, Turbidity
# name 7 = xmiss: Beam Transmission, Chelsea/Seatech [%]
# name 8 = depSM: Depth [salt water, m], lat = 58.3202
# name 9 = sal00: Salinity, Practical [PSU]
# name 10 = sbeox0ML/L: Oxygen, SBE 43 [ml/l], WS = 2
# name 11 = flag: flag
# span 0 =          1,       1726       
# span 1 =      0.910,     32.907       
# span 2 =     6.2865,    18.4763       
# span 3 =   3.127423,   3.451424       
# span 4 =     0.6631,     2.7561       
# span 5 =     0.0026,     0.0195       
# span 6 =  0.0944301,  0.1126861       
# span 7 =    74.1976,    95.7524       
# span 8 =      0.902,     32.599       
# span 9 =    23.7919,    31.2947       
# span 10 =     0.4010,     5.5152      
# span 11 = 0.0000e+00, 0.0000e+00      
# interval = seconds: 0.0416667
# start_time = Sep 08 2022 11:56:46 [NMEA time, header]
# bad_flag = -9.990e-29
*END*
[from data line 1444]
       1445     30.137     6.4406   3.127442     0.8046     0.0028  0.1026567    88.8976     29.855    31.1067     0.7696 0.0000e+00
       1446     30.151     6.4392   3.127437     0.8039     0.0028  0.1026313    88.9014     29.869    31.1080     0.7672 0.0000e+00
       1447     30.165     6.4378   3.127433     0.8032     0.0028  0.1026031    88.9082     29.882    31.1092     0.7647 0.0000e+00
       1448     30.179     6.4364   3.127429     0.8025     0.0028  0.1025717    88.9173     29.896    31.1104     0.7621 0.0000e+00
       1449     30.193     6.4351   3.127427     0.8018     0.0028  0.1025370    88.9286     29.910    31.1116     0.7596 0.0000e+00
       1450     30.206     6.4338   3.127425     0.8011     0.0028  0.1024996    88.9417     29.923    31.1127     0.7569 0.0000e+00
       1451     30.220     6.4325   3.127424     0.8004     0.0028  0.1024618    88.9563     29.937    31.1139     0.7543 0.0000e+00
       1452     30.233     6.4312   3.127423     0.7997     0.0028  0.1024259    88.9720     29.950    31.1151     0.7516 0.0000e+00
       1453     30.246     6.4300   3.127424     0.7990     0.0028  0.1023924    88.9889     29.963    31.1162     0.7488 0.0000e+00
       1454     30.260     6.4288   3.127425     0.7983     0.0028  0.1023611    89.0067     29.977    31.1173     0.7461 0.0000e+00
       1455     30.273     6.4276   3.127427     0.7976     0.0028  0.1023319    89.0256     29.989    31.1184     0.7433 0.0000e+00
       1456     30.286     6.4265   3.127430     0.7969     0.0028  0.1023044    89.0455     30.002    31.1194     0.7404 0.0000e+00
       1457     30.299     6.4253   3.127433     0.7961     0.0028  0.1022786    89.0661     30.015    31.1205     0.7373 0.0000e+00
       1458     30.311     6.4242   3.127437     0.7954     0.0028  0.1022542    89.0870     30.027    31.1216     0.7345 0.0000e+00
       1459     30.324     6.4231   3.127443     0.7946     0.0028  0.1022311    89.1080     30.040    31.1226     0.7313 0.0000e+00
       1460     30.336     6.4220   3.127448     0.7939     0.0028  0.1022091    89.1290     30.052    31.1237     0.7284 0.0000e+00
       1461     30.348     6.4209   3.127454     0.7932     0.0028  0.1021880    89.1495     30.064    31.1247     0.7255 0.0000e+00
       1462     30.361     6.4198   3.127461     0.7924     0.0028  0.1021678    89.1693     30.077    31.1258     0.7222 0.0000e+00
       1463     30.373     6.4187   3.127468     0.7917     0.0028  0.1021482    89.1876     30.089    31.1269     0.7193 0.0000e+00
       1464     30.385     6.4176   3.127476     0.7909     0.0028  0.1021292    89.2041     30.100    31.1280     0.7160 0.0000e+00
       1465     30.397     6.4165   3.127484     0.7901     0.0028  0.1021105    89.2183     30.112    31.1291     0.7128 0.0000e+00
       1466     30.409     6.4153   3.127492     0.7894     0.0028  0.1020921    89.2300     30.124    31.1302     0.7098 0.0000e+00
       1467     30.420     6.4141   3.127501     0.7886     0.0028  0.1020739    89.2397     30.135    31.1314     0.7065 0.0000e+00
       1468     30.432     6.4129   3.127510     0.7878     0.0028  0.1020556    89.2481     30.147    31.1326     0.7031 0.0000e+00
       1469     30.444     6.4117   3.127520     0.7870     0.0028  0.1020373    89.2558     30.159    31.1338     0.6998 0.0000e+00
       1470     30.455     6.4104   3.127530     0.7863     0.0028  0.1020187    89.2630     30.170    31.1351     0.6967 0.0000e+00
       1471     30.467     6.4091   3.127540     0.7855     0.0028  0.1019997    89.2694     30.182    31.1364     0.6933 0.0000e+00
       1472     30.478     6.4078   3.127549     0.7847     0.0028  0.1019802    89.2751     30.193    31.1377     0.6899 0.0000e+00
       1473     30.490     6.4065   3.127561     0.7839     0.0028  0.1019601    89.2799     30.204    31.1390     0.6865 0.0000e+00
       1474     30.501     6.4052   3.127571     0.7831     0.0028  0.1019393    89.2838     30.215    31.1403     0.6832 0.0000e+00
       1475     30.512     6.4039   3.127584     0.7822     0.0028  0.1019175    89.2866     30.226    31.1416     0.6794 0.0000e+00
       1476     30.523     6.4026   3.127595     0.7814     0.0027  0.1018954    89.2885     30.237    31.1429     0.6760 0.0000e+00
       1477     30.535     6.4012   3.127606     0.7806     0.0027  0.1018747    89.2894     30.249    31.1443     0.6726 0.0000e+00
       1478     30.546     6.3999   3.127619     0.7798     0.0027  0.1018560    89.2891     30.260    31.1456     0.6692 0.0000e+00
       1479     30.557     6.3985   3.127633     0.7789     0.0027  0.1018392    89.2877     30.271    31.1471     0.6655 0.0000e+00
       1480     30.568     6.3972   3.127646     0.7781     0.0027  0.1018242    89.2851     30.282    31.1484     0.6621 0.0000e+00
       1481     30.579     6.3958   3.127660     0.7773     0.0027  0.1018109    89.2814     30.293    31.1498     0.6587 0.0000e+00
       1482     30.590     6.3945   3.127675     0.7764     0.0027  0.1017991    89.2767     30.303    31.1512     0.6550 0.0000e+00
       1483     30.601     6.3931   3.127690     0.7756     0.0027  0.1017889    89.2711     30.314    31.1526     0.6516 0.0000e+00
       1484     30.612     6.3918   3.127706     0.7747     0.0027  0.1017800    89.2646     30.325    31.1540     0.6479 0.0000e+00
       1485     30.623     6.3904   3.127723     0.7739     0.0027  0.1017726    89.2576     30.336    31.1554     0.6445 0.0000e+00
       1486     30.634     6.3890   3.127740     0.7730     0.0027  0.1017664    89.2506     30.347    31.1569     0.6408 0.0000e+00
       1487     30.645     6.3876   3.127757     0.7721     0.0027  0.1017616    89.2439     30.358    31.1584     0.6371 0.0000e+00
       1488     30.656     6.3862   3.127775     0.7713     0.0027  0.1017579    89.2372     30.369    31.1598     0.6337 0.0000e+00
       1489     30.667     6.3848   3.127792     0.7704     0.0027  0.1017555    89.2304     30.380    31.1613     0.6301 0.0000e+00
       1490     30.678     6.3835   3.127811     0.7695     0.0027  0.1017543    89.2231     30.391    31.1627     0.6264 0.0000e+00
       1491     30.689     6.3822   3.127830     0.7686     0.0027  0.1017542    89.2154     30.402    31.1641     0.6227 0.0000e+00
       1492     30.700     6.3809   3.127848     0.7677     0.0027  0.1017554    89.2071     30.412    31.1655     0.6191 0.0000e+00
       1493     30.711     6.3796   3.127866     0.7668     0.0027  0.1017586    89.1978     30.423    31.1668     0.6154 0.0000e+00
       1494     30.722     6.3784   3.127885     0.7659     0.0027  0.1017655    89.1876     30.434    31.1681     0.6117 0.0000e+00
       1495     30.733     6.3773   3.127905     0.7650     0.0027  0.1017763    89.1761     30.445    31.1694     0.6081 0.0000e+00
       1496     30.744     6.3762   3.127924     0.7641     0.0027  0.1017892    89.1635     30.456    31.1706     0.6045 0.0000e+00
       1497     30.755     6.3751   3.127944     0.7632     0.0027  0.1018036    89.1502     30.467    31.1718     0.6009 0.0000e+00
       1498     30.766     6.3741   3.127965     0.7623     0.0027  0.1018195    89.1376     30.478    31.1729     0.5973 0.0000e+00
       1499     30.777     6.3731   3.127985     0.7613     0.0028  0.1018371    89.1262     30.489    31.1741     0.5934 0.0000e+00
       1500     30.788     6.3722   3.128007     0.7604     0.0028  0.1018564    89.1160     30.500    31.1751     0.5898 0.0000e+00
       1501     30.799     6.3713   3.128030     0.7595     0.0028  0.1018776    89.1064     30.511    31.1762     0.5863 0.0000e+00
       1502     30.810     6.3705   3.128053     0.7585     0.0028  0.1019001    89.0974     30.521    31.1772     0.5825 0.0000e+00
       1503     30.821     6.3696   3.128077     0.7576     0.0028  0.1019221    89.0895     30.532    31.1783     0.5790 0.0000e+00
       1504     30.832     6.3688   3.128100     0.7566     0.0028  0.1019432    89.0831     30.543    31.1792     0.5752 0.0000e+00
       1505     30.843     6.3681   3.128124     0.7557     0.0028  0.1019633    89.0779     30.554    31.1801     0.5718 0.0000e+00
       1506     30.854     6.3673   3.128149     0.7547     0.0028  0.1019827    89.0732     30.565    31.1811     0.5681 0.0000e+00
       1507     30.865     6.3666   3.128174     0.7538     0.0028  0.1020014    89.0681     30.576    31.1821     0.5647 0.0000e+00
       1508     30.876     6.3659   3.128199     0.7528     0.0028  0.1020197    89.0617     30.587    31.1830     0.5611 0.0000e+00
       1509     30.887     6.3651   3.128225     0.7518     0.0028  0.1020376    89.0535     30.598    31.1840     0.5574 0.0000e+00
       1510     30.898     6.3644   3.128251     0.7509     0.0028  0.1020552    89.0433     30.609    31.1849     0.5542 0.0000e+00
       1511     30.909     6.3637   3.128278     0.7499     0.0028  0.1020728    89.0311     30.619    31.1858     0.5506 0.0000e+00
       1512     30.920     6.3629   3.128304     0.7489     0.0028  0.1020903    89.0169     30.630    31.1868     0.5471 0.0000e+00
       1513     30.931     6.3622   3.128332     0.7480     0.0028  0.1021080    89.0007     30.641    31.1878     0.5440 0.0000e+00
       1514     30.942     6.3614   3.128360     0.7470     0.0028  0.1021259    88.9829     30.652    31.1888     0.5406 0.0000e+00
       1515     30.953     6.3606   3.128388     0.7460     0.0028  0.1021442    88.9636     30.663    31.1899     0.5372 0.0000e+00
       1516     30.964     6.3598   3.128416     0.7450     0.0028  0.1021630    88.9437     30.674    31.1909     0.5338 0.0000e+00
       1517     30.975     6.3589   3.128445     0.7440     0.0028  0.1021825    88.9237     30.685    31.1920     0.5305 0.0000e+00
       1518     30.986     6.3580   3.128474     0.7430     0.0028  0.1022027    88.9038     30.696    31.1932     0.5272 0.0000e+00
       1519     30.997     6.3571   3.128503     0.7420     0.0028  0.1022238    88.8833     30.707    31.1943     0.5240 0.0000e+00
       1520     31.008     6.3562   3.128533     0.7410     0.0028  0.1022459    88.8616     30.718    31.1955     0.5208 0.0000e+00
       1521     31.018     6.3552   3.128563     0.7400     0.0028  0.1022693    88.8383     30.727    31.1967     0.5176 0.0000e+00
       1522     31.029     6.3542   3.128592     0.7390     0.0028  0.1022941    88.8129     30.738    31.1979     0.5145 0.0000e+00
       1523     31.040     6.3531   3.128621     0.7380     0.0028  0.1023204    88.7853     30.749    31.1993     0.5114 0.0000e+00
       1524     31.051     6.3521   3.128651     0.7370     0.0028  0.1023484    88.7549     30.760    31.2005     0.5083 0.0000e+00
       1525     31.062     6.3510   3.128682     0.7361     0.0028  0.1023784    88.7218     30.771    31.2018     0.5056 0.0000e+00
       1526     31.073     6.3499   3.128711     0.7351     0.0028  0.1024104    88.6857     30.782    31.2032     0.5027 0.0000e+00
       1527     31.084     6.3487   3.128740     0.7341     0.0028  0.1024449    88.6465     30.793    31.2046     0.4998 0.0000e+00
       1528     31.095     6.3476   3.128770     0.7331     0.0028  0.1024810    88.6043     30.804    31.2059     0.4969 0.0000e+00
       1529     31.106     6.3464   3.128800     0.7321     0.0028  0.1025175    88.5584     30.815    31.2073     0.4941 0.0000e+00
       1530     31.117     6.3452   3.128829     0.7311     0.0028  0.1025537    88.5089     30.826    31.2088     0.4913 0.0000e+00
       1531     31.128     6.3441   3.128860     0.7302     0.0028  0.1025898    88.4560     30.836    31.2101     0.4888 0.0000e+00
       1532     31.139     6.3429   3.128889     0.7292     0.0028  0.1026262    88.4000     30.847    31.2115     0.4861 0.0000e+00
       1533     31.150     6.3418   3.128920     0.7282     0.0028  0.1026630    88.3416     30.858    31.2129     0.4835 0.0000e+00
       1534     31.160     6.3406   3.128949     0.7272     0.0028  0.1027005    88.2809     30.868    31.2143     0.4808 0.0000e+00
       1535     31.171     6.3395   3.128979     0.7263     0.0028  0.1027389    88.2186     30.879    31.2156     0.4785 0.0000e+00
       1536     31.182     6.3384   3.129009     0.7253     0.0028  0.1027787    88.1551     30.890    31.2169     0.4759 0.0000e+00
       1537     31.193     6.3373   3.129039     0.7243     0.0028  0.1028199    88.0915     30.901    31.2183     0.4734 0.0000e+00
       1538     31.204     6.3362   3.129070     0.7234     0.0028  0.1028630    88.0284     30.912    31.2196     0.4712 0.0000e+00
       1539     31.215     6.3351   3.129101     0.7224     0.0028  0.1029081    87.9660     30.923    31.2210     0.4687 0.0000e+00
       1540     31.226     6.3340   3.129131     0.7214     0.0028  0.1029557    87.9041     30.933    31.2223     0.4663 0.0000e+00
       1541     31.237     6.3330   3.129162     0.7205     0.0028  0.1030060    87.8418     30.944    31.2236     0.4642 0.0000e+00
       1542     31.248     6.3320   3.129192     0.7195     0.0028  0.1030594    87.7790     30.955    31.2248     0.4619 0.0000e+00
       1543     31.259     6.3310   3.129223     0.7186     0.0028  0.1031163    87.7155     30.966    31.2261     0.4599 0.0000e+00
       1544     31.270     6.3301   3.129253     0.7176     0.0028  0.1031771    87.6512     30.977    31.2272     0.4576 0.0000e+00
       1545     31.281     6.3291   3.129282     0.7167     0.0028  0.1032421    87.5860     30.988    31.2284     0.4556 0.0000e+00
       1546     31.292     6.3282   3.129311     0.7157     0.0028  0.1033119    87.5200     30.999    31.2296     0.4533 0.0000e+00
       1547     31.303     6.3273   3.129340     0.7148     0.0028  0.1033869    87.4535     31.010    31.2307     0.4513 0.0000e+00
       1548     31.313     6.3264   3.129368     0.7138     0.0028  0.1034677    87.3870     31.020    31.2318     0.4491 0.0000e+00
       1549     31.324     6.3255   3.129395     0.7129     0.0028  0.1035548    87.3208     31.031    31.2330     0.4472 0.0000e+00
       1550     31.335     6.3247   3.129423     0.7120     0.0027  0.1036488    87.2551     31.041    31.2340     0.4454 0.0000e+00
       1551     31.346     6.3238   3.129450     0.7111     0.0027  0.1037512    87.1896     31.052    31.2351     0.4436 0.0000e+00
       1552     31.357     6.3230   3.129478     0.7102     0.0027  0.1038619    87.1243     31.063    31.2362     0.4418 0.0000e+00
       1553     31.368     6.3222   3.129504     0.7093     0.0027  0.1039757    87.0589     31.074    31.2372     0.4400 0.0000e+00
       1554     31.379     6.3215   3.129531     0.7084     0.0027  0.1040866    86.9926     31.085    31.2381     0.4383 0.0000e+00
       1555     31.390     6.3207   3.129557     0.7075     0.0027  0.1041920    86.9247     31.096    31.2391     0.4365 0.0000e+00
       1556     31.401     6.3200   3.129583     0.7066     0.0027  0.1042918    86.8546     31.107    31.2400     0.4349 0.0000e+00
       1557     31.412     6.3194   3.129610     0.7057     0.0027  0.1043866    86.7820     31.118    31.2409     0.4332 0.0000e+00
       1558     31.423     6.3187   3.129635     0.7048     0.0027  0.1044771    86.7070     31.129    31.2418     0.4316 0.0000e+00
       1559     31.434     6.3180   3.129661     0.7039     0.0027  0.1045640    86.6300     31.140    31.2427     0.4300 0.0000e+00
       1560     31.445     6.3174   3.129687     0.7031     0.0027  0.1046479    86.5516     31.150    31.2436     0.4287 0.0000e+00
       1561     31.456     6.3168   3.129713     0.7022     0.0027  0.1047301    86.4725     31.161    31.2444     0.4272 0.0000e+00
       1562     31.467     6.3162   3.129738     0.7013     0.0027  0.1048121    86.3933     31.172    31.2452     0.4256 0.0000e+00
       1563     31.477     6.3156   3.129764     0.7005     0.0027  0.1048936    86.3144     31.182    31.2460     0.4244 0.0000e+00
