code/data/2022/thursday_data/Station H3.cnv
* Sea-Bird SBE 9 Data File:
* FileName = C:\Users\ctd-user\Desktop\CTD data\MAR440 Sept 2022\Day2\Station H3.hex
* Software Version Seasave V 7.26.2.13
* Temperature SN = 4493
* Conductivity SN = 1899
* Number of Bytes Per Scan = 37
* Number of Voltage Words = 4
* Number of Scans Averaged by the Deck Unit = 1
* NMEA Latitude = 58 18.76 N
* NMEA Longitude = 011 46.14 E
* NMEA UTC (Time) = Sep 08 2022 12:29:29
* NMEA baud rate = 4800
** Ship:
** Station:
** Operator:
# nquan = 12                                
# nvalues = 2310                        
# units = specified
# name 0 = scan: Scan Count
# name 1 = prDM: Pressure, Digiquartz [db]
# name 2 = t090C: Temperature [ITS-90, deg C]
# name 3 = c0S/m: Conductivity [S/m]
# name 4 = sbeox0V: Oxygen raw, SBE 43 [V]
# name 5 = flECO-AFL: Fluorescence, WET Labs ECO-AFL/FL [mg/m^3]
# name 6 = upoly0: Upoly 0, Turbidity
# name 7 = xmiss: Beam Transmission, Chelsea/Seatech [%]
# name 8 = depSM: Depth [salt water, m], lat = 58.3127
# name 9 = sal00: Salinity, Practical [PSU]
# name 10 = sbeox0ML/L: Oxygen, SBE 43 [ml/l], WS = 2
# name 11 = flag: flag
# span 0 =          1,       2310       
# span 1 =      1.048,     38.707       
# span 2 =     6.2357,    18.5693       
# span 3 =   3.125462,   3.400501       
# span 4 =     0.5972,     2.7745       
# span 5 =     0.0026,     0.0189       
# span 6 =  0.0942873,  0.1112639       
# span 7 =    82.1723,    95.3789       
# span 8 =      1.038,     38.344       
# span 9 =    23.8324,    31.3578       
# span 10 =     0.2686,     5.5407      
# span 11 = 0.0000e+00, 0.0000e+00      
# interval = seconds: 0.0416667
# start_time = Sep 08 2022 12:29:29 [NMEA time, header]
# bad_flag = -9.990e-29
*END*
[from data line 2166]
       2167     38.599     6.3339   3.137971     0.6179     0.0027  0.1087196    84.1560     38.237    31.3166     0.3312 -9.990e-29
       2168     38.600     6.3332   3.137945     0.6178     0.0027  0.1086923    84.1526     38.238    31.3169     0.3309 -9.990e-29
       2169     38.600     6.3328   3.137921     0.6177     0.0027  0.1086635    84.1486     38.238    31.3170     0.3305 -9.990e-29
       2170     38.600     6.3328   3.137898     0.6177     0.0027  0.1086330    84.1438     38.238    31.3168     0.3305 -9.990e-29
       2171     38.601     6.3330   3.137875     0.6176     0.0027  0.1086005    84.1382     38.239    31.3163     0.3302 -9.990e-29
       2172     38.601     6.3334   3.137855     0.6175     0.0028  0.1085660    84.1315     38.239    31.3157     0.3298 -9.990e-29
       2173     38.601     6.3340   3.137835     0.6175     0.0028  0.1085290    84.1239     38.239    31.3150     0.3298 -9.990e-29
       2174     38.601     6.3348   3.137817     0.6174     0.0028  0.1084893    84.1154     38.239    31.3140     0.3295 -9.990e-29
       2175     38.602     6.3357   3.137800     0.6173     0.0028  0.1084468    84.1062     38.240    31.3130     0.3292 -9.990e-29
       2176     38.602     6.3367   3.137784     0.6172     0.0028  0.1084010    84.0965     38.240    31.3119     0.3289 -9.990e-29
       2177     38.603     6.3379   3.137771     0.6172     0.0028  0.1083517    84.0869     38.241    31.3107     0.3290 -9.990e-29
       2178     38.603     6.3391   3.137758     0.6171     0.0028  0.1082985    84.0776     38.241    31.3094     0.3287 -9.990e-29
       2179     38.603     6.3403   3.137747     0.6170     0.0027  0.1082410    84.0681     38.241    31.3082     0.3285 -9.990e-29
       2180     38.604     6.3415   3.137736     0.6170     0.0027  0.1081806    84.0584     38.242    31.3070     0.3286 -9.990e-29
       2181     38.604     6.3426   3.137728     0.6169     0.0027  0.1081211    84.0481     38.242    31.3059     0.3284 -9.990e-29
       2182     38.605     6.3436   3.137721     0.6168     0.0027  0.1080654    84.0372     38.243    31.3049     0.3283 -9.990e-29
       2183     38.605     6.3445   3.137714     0.6168     0.0028  0.1080141    84.0260     38.243    31.3040     0.3284 -9.990e-29
       2184     38.606     6.3454   3.137707     0.6167     0.0028  0.1079667    84.0146     38.244    31.3031     0.3283 -9.990e-29
       2185     38.606     6.3462   3.137702     0.6167     0.0028  0.1079229    84.0034     38.244    31.3023     0.3285 -9.990e-29
       2186     38.607     6.3471   3.137699     0.6166     0.0028  0.1078825    83.9926     38.245    31.3014     0.3284 -9.990e-29
       2187     38.608     6.3479   3.137696     0.6166     0.0028  0.1078451    83.9831     38.246    31.3006     0.3286 -9.990e-29
       2188     38.608     6.3486   3.137694     0.6165     0.0028  0.1078105    83.9757     38.246    31.3000     0.3286 -9.990e-29
       2189     38.609     6.3493   3.137692     0.6164     0.0028  0.1077793    83.9713     38.247    31.2993     0.3285 -9.990e-29
       2190     38.609     6.3499   3.137692     0.6164     0.0028  0.1077522    83.9702     38.247    31.2988     0.3288 -9.990e-29
       2191     38.610     6.3504   3.137692     0.6163     0.0028  0.1077280    83.9727     38.248    31.2983     0.3287 -9.990e-29
       2192     38.610     6.3509   3.137692     0.6163     0.0028  0.1077058    83.9783     38.248    31.2978     0.3287 -9.990e-29
       2193     38.611     6.3514   3.137695     0.6162     0.0028  0.1076854    83.9864     38.249    31.2974     0.3286 -9.990e-29
       2194     38.611     6.3518   3.137697     0.6161     0.0028  0.1076667    83.9965     38.249    31.2971     0.3283 -9.990e-29
       2195     38.612     6.3522   3.137700     0.6161     0.0028  0.1076495    84.0080     38.250    31.2967     0.3286 -9.990e-29
       2196     38.613     6.3527   3.137704     0.6160     0.0028  0.1076338    84.0203     38.251    31.2963     0.3282 -9.990e-29
       2197     38.613     6.3531   3.137708     0.6159     0.0027  0.1076194    84.0330     38.251    31.2960     0.3282 -9.990e-29
       2198     38.614     6.3536   3.137712     0.6159     0.0027  0.1076062    84.0455     38.252    31.2956     0.3282 -9.990e-29
       2199     38.615     6.3541   3.137718     0.6158     0.0027  0.1075941    84.0577     38.253    31.2952     0.3281 -9.990e-29
       2200     38.615     6.3546   3.137722     0.6158     0.0027  0.1075830    84.0691     38.253    31.2948     0.3281 -9.990e-29
       2201     38.616     6.3550   3.137727     0.6158     0.0027  0.1075730    84.0795     38.254    31.2945     0.3284 -9.990e-29
       2202     38.616     6.3553   3.137731     0.6157     0.0027  0.1075638    84.0888     38.254    31.2942     0.3280 -9.990e-29
       2203     38.617     6.3556   3.137736     0.6157     0.0027  0.1075554    84.0968     38.255    31.2940     0.3283 -9.990e-29
       2204     38.617     6.3557   3.137739     0.6157     0.0027  0.1075479    84.1037     38.255    31.2940     0.3283 -9.990e-29
       2205     38.618     6.3557   3.137742     0.6156     0.0027  0.1075410    84.1095     38.256    31.2940     0.3283 -9.990e-29
       2206     38.619     6.3555   3.137744     0.6156     0.0027  0.1075348    84.1144     38.257    31.2942     0.3283 -9.990e-29
       2207     38.620     6.3552   3.137745     0.6156     0.0027  0.1075293    84.1186     38.258    31.2945     0.3286 -9.990e-29
       2208     38.620     6.3549   3.137746     0.6156     0.0027  0.1075243    84.1227     38.258    31.2948     0.3285 -9.990e-29
       2209     38.621     6.3546   3.137746     0.6155     0.0027  0.1075199    84.1274     38.259    31.2950     0.3286 -9.990e-29
       2210     38.622     6.3545   3.137747     0.6155     0.0027  0.1075160    84.1331     38.260    31.2951     0.3286 -9.990e-29
       2211     38.622     6.3546   3.137749     0.6155     0.0027  0.1075127    84.1401     38.260    31.2951     0.3290 -9.990e-29
       2212     38.623     6.3549   3.137750     0.6155     0.0027  0.1075098    84.1480     38.261    31.2948     0.3290 -9.990e-29
       2213     38.624     6.3553   3.137753     0.6155     0.0027  0.1075073    84.1566     38.262    31.2945     0.3296 -9.990e-29
       2214     38.625     6.3557   3.137755     0.6155     0.0027  0.1075053    84.1655     38.262    31.2941     0.3295 -9.990e-29
       2215     38.625     6.3560   3.137756 -9.990e-29     0.0027  0.1075037    84.1744     38.262    31.2939 -9.990e-29 -9.990e-29
       2216     38.626     6.3562   3.137758 -9.990e-29     0.0027  0.1075025    84.1834     38.263    31.2937 -9.990e-29 -9.990e-29
       2217     38.627     6.3563   3.137757 -9.990e-29     0.0027  0.1075017    84.1927     38.264    31.2936 -9.990e-29 -9.990e-29
       2218     38.628     6.3563   3.137758 -9.990e-29     0.0027  0.1075014    84.2025     38.265    31.2936 -9.990e-29 -9.990e-29
       2219     38.628     6.3562   3.137758 -9.990e-29     0.0027  0.1075014    84.2125     38.265    31.2937 -9.990e-29 -9.990e-29
       2220     38.629     6.3560   3.137756 -9.990e-29     0.0027  0.1075018    84.2223     38.266    31.2939 -9.990e-29 -9.990e-29
       2221     38.630     6.3556   3.137755 -9.990e-29     0.0027  0.1075026    84.2315     38.267    31.2942 -9.990e-29 -9.990e-29
       2222     38.631     6.3552   3.137753 -9.990e-29     0.0027  0.1075038    84.2398     38.268    31.2946 -9.990e-29 -9.990e-29
       2223     38.632     6.3546   3.137749 -9.990e-29     0.0027  0.1075055    84.2470     38.269    31.2951 -9.990e-29 -9.990e-29
       2224     38.632     6.3540   3.137747 -9.990e-29     0.0027  0.1075075    84.2532     38.269    31.2956 -9.990e-29 -9.990e-29
       2225     38.634     6.3533   3.137742 -9.990e-29     0.0027  0.1075100    84.2583     38.271    31.2962 -9.990e-29 -9.990e-29
       2226     38.635     6.3525   3.137737 -9.990e-29     0.0026  0.1075130    84.2621     38.272    31.2969 -9.990e-29 -9.990e-29
       2227     38.636     6.3517   3.137731 -9.990e-29     0.0026  0.1075164    84.2649     38.273    31.2975 -9.990e-29 -9.990e-29
       2228     38.636     6.3508   3.137726 -9.990e-29     0.0026  0.1075203    84.2668     38.273    31.2983 -9.990e-29 -9.990e-29
       2229     38.637     6.3498   3.137718 -9.990e-29     0.0026  0.1075248    84.2682     38.274    31.2991 -9.990e-29 -9.990e-29
       2230     38.638     6.3488   3.137710 -9.990e-29     0.0026  0.1075298    84.2696     38.275    31.3000 -9.990e-29 -9.990e-29
       2231     38.639     6.3478   3.137703 -9.990e-29     0.0026  0.1075354    84.2711     38.276    31.3008 -9.990e-29 -9.990e-29
       2232     38.640     6.3468   3.137694 -9.990e-29     0.0026  0.1075417    84.2729     38.277    31.3016 -9.990e-29 -9.990e-29
       2233     38.641     6.3458   3.137686 -9.990e-29     0.0026  0.1075486    84.2753     38.278    31.3024 -9.990e-29 -9.990e-29
       2234     38.642     6.3448   3.137677 -9.990e-29     0.0026  0.1075563    84.2782     38.279    31.3033 -9.990e-29 -9.990e-29
       2235     38.643     6.3438   3.137666 -9.990e-29     0.0026  0.1075647    84.2816     38.280    31.3041 -9.990e-29 -9.990e-29
       2236     38.644     6.3428   3.137656 -9.990e-29     0.0026  0.1075740    84.2852     38.281    31.3049 -9.990e-29 -9.990e-29
       2237     38.645     6.3417   3.137646 -9.990e-29     0.0026  0.1075841    84.2891     38.282    31.3058 -9.990e-29 -9.990e-29
       2238     38.647     6.3406   3.137636 -9.990e-29     0.0026  0.1075953    84.2930     38.284    31.3067 -9.990e-29 -9.990e-29
       2239     38.648     6.3396   3.137624 -9.990e-29     0.0026  0.1076074    84.2972     38.285    31.3075 -9.990e-29 -9.990e-29
       2240     38.649     6.3387   3.137614 -9.990e-29     0.0026  0.1076208    84.3015     38.286    31.3082 -9.990e-29 -9.990e-29
       2241     38.650     6.3378   3.137602 -9.990e-29     0.0026  0.1076353    84.3060     38.287    31.3089 -9.990e-29 -9.990e-29
       2242     38.651     6.3370   3.137592 -9.990e-29     0.0026  0.1076512    84.3106     38.288    31.3095 -9.990e-29 -9.990e-29
       2243     38.652     6.3363   3.137580 -9.990e-29     0.0026  0.1076685    84.3150     38.289    31.3100 -9.990e-29 -9.990e-29
       2244     38.653     6.3358   3.137569 -9.990e-29     0.0026  0.1076874    84.3189     38.290    31.3103 -9.990e-29 -9.990e-29
       2245     38.654     6.3353   3.137558 -9.990e-29     0.0026  0.1077079    84.3217     38.291    31.3107 -9.990e-29 -9.990e-29
       2246     38.655     6.3349   3.137546 -9.990e-29     0.0026  0.1077303    84.3232     38.292    31.3109 -9.990e-29 -9.990e-29
       2247     38.656     6.3346   3.137535 -9.990e-29     0.0026  0.1077547    84.3232     38.293    31.3111 -9.990e-29 -9.990e-29
       2248     38.657     6.3345   3.137523 -9.990e-29     0.0026  0.1077813    84.3218     38.294    31.3110 -9.990e-29 -9.990e-29
       2249     38.658     6.3344   3.137511 -9.990e-29     0.0026  0.1078102    84.3184     38.295    31.3110 -9.990e-29 -9.990e-29
       2250     38.659     6.3344   3.137499 -9.990e-29     0.0026  0.1078416    84.3130     38.296    31.3109 -9.990e-29 -9.990e-29
       2251     38.660     6.3345   3.137487 -9.990e-29     0.0026  0.1078758    84.3056     38.297    31.3106 -9.990e-29 -9.990e-29
       2252     38.661     6.3346   3.137475 -9.990e-29     0.0026  0.1079130    84.2966     38.298    31.3104 -9.990e-29 -9.990e-29
       2253     38.662     6.3348   3.137464 -9.990e-29     0.0026  0.1079535    84.2862     38.299    31.3101 -9.990e-29 -9.990e-29
       2254     38.663     6.3350   3.137452 -9.990e-29     0.0026  0.1079975    84.2745     38.300    31.3098 -9.990e-29 -9.990e-29
       2255     38.664     6.3352   3.137440 -9.990e-29     0.0026  0.1080461    84.2620     38.301    31.3095 -9.990e-29 -9.990e-29
       2256     38.665     6.3353   3.137428 -9.990e-29     0.0026  0.1080999    84.2492     38.302    31.3092 -9.990e-29 -9.990e-29
       2257     38.666     6.3353   3.137416 -9.990e-29     0.0026  0.1081556    84.2366     38.303    31.3091 -9.990e-29 -9.990e-29
       2258     38.667     6.3354   3.137405 -9.990e-29     0.0026  0.1082095    84.2248     38.304    31.3089 -9.990e-29 -9.990e-29
       2259     38.668     6.3354   3.137393 -9.990e-29     0.0026  0.1082594    84.2138     38.305    31.3088 -9.990e-29 -9.990e-29
       2260     38.669     6.3353   3.137381 -9.990e-29     0.0026  0.1083047    84.2039     38.306    31.3087 -9.990e-29 -9.990e-29
       2261     38.670     6.3352   3.137369 -9.990e-29     0.0026  0.1083459    84.1950     38.307    31.3087 -9.990e-29 -9.990e-29
       2262     38.671     6.3351   3.137359 -9.990e-29     0.0026  0.1083831    84.1869     38.308    31.3087 -9.990e-29 -9.990e-29
       2263     38.672     6.3348   3.137347 -9.990e-29     0.0026  0.1084167    84.1794     38.309    31.3088 -9.990e-29 -9.990e-29
       2264     38.673     6.3345   3.137336 -9.990e-29     0.0026  0.1084468    84.1721     38.310    31.3090 -9.990e-29 -9.990e-29
       2265     38.673     6.3342   3.137324 -9.990e-29     0.0026  0.1084737    84.1647     38.310    31.3091 -9.990e-29 -9.990e-29
       2266     38.674     6.3337   3.137312 -9.990e-29     0.0026  0.1084976    84.1572     38.311    31.3094 -9.990e-29 -9.990e-29
       2267     38.676     6.3332   3.137300 -9.990e-29     0.0026  0.1085186    84.1499     38.313    31.3097 -9.990e-29 -9.990e-29
       2268     38.677     6.3325   3.137287 -9.990e-29     0.0026  0.1085369    84.1431     38.314    31.3102 -9.990e-29 -9.990e-29
       2269     38.678     6.3318   3.137273 -9.990e-29     0.0026  0.1085526    84.1372     38.315    31.3107 -9.990e-29 -9.990e-29
       2270     38.679     6.3310   3.137259 -9.990e-29     0.0026  0.1085658    84.1327     38.316    31.3113 -9.990e-29 -9.990e-29
       2271     38.680     6.3302   3.137245 -9.990e-29     0.0026  0.1085766    84.1301     38.317    31.3119 -9.990e-29 -9.990e-29
       2272     38.681     6.3293   3.137230 -9.990e-29     0.0026  0.1085851    84.1293     38.318    31.3126 -9.990e-29 -9.990e-29
       2273     38.682     6.3284   3.137214 -9.990e-29     0.0026  0.1085914    84.1296     38.319    31.3132 -9.990e-29 -9.990e-29
       2274     38.682     6.3274   3.137199 -9.990e-29     0.0026  0.1085954    84.1300     38.319    31.3140 -9.990e-29 -9.990e-29
       2275     38.683     6.3263   3.137182 -9.990e-29     0.0026  0.1085973    84.1302     38.320    31.3148 -9.990e-29 -9.990e-29
       2276     38.685     6.3251   3.137165 -9.990e-29     0.0026  0.1085969    84.1299     38.322    31.3157 -9.990e-29 -9.990e-29
       2277     38.686     6.3239   3.137147 -9.990e-29     0.0026  0.1085944    84.1291     38.323    31.3166 -9.990e-29 -9.990e-29
       2278     38.687     6.3228   3.137130 -9.990e-29     0.0026  0.1085898    84.1278     38.324    31.3174 -9.990e-29 -9.990e-29
       2279     38.688     6.3218   3.137113 -9.990e-29     0.0026  0.1085828    84.1253     38.325    31.3182 -9.990e-29 -9.990e-29
       2280     38.689     6.3211   3.137096 -9.990e-29     0.0026  0.1085737    84.1215     38.326    31.3186 -9.990e-29 -9.990e-29
       2281     38.690     6.3206   3.137080 -9.990e-29     0.0026  0.1085621    84.1160     38.327    31.3189 -9.990e-29 -9.990e-29
       2282     38.691     6.3203   3.137065 -9.990e-29     0.0026  0.1085490    84.1090     38.328    31.3190 -9.990e-29 -9.990e-29
       2283     38.692     6.3202   3.137050 -9.990e-29     0.0026  0.1085360    84.1007     38.329    31.3189 -9.990e-29 -9.990e-29
       2284     38.693     6.3202   3.137035 -9.990e-29     0.0026  0.1085237    84.0911     38.330    31.3188 -9.990e-29 -9.990e-29
       2285     38.694     6.3202   3.137020 -9.990e-29     0.0026  0.1085122    84.0799     38.331    31.3186 -9.990e-29 -9.990e-29
