code/data/2022/thursday_data/Station H3.cnv
* Sea-Bird SBE 9 Data File:
* FileName = C:\Users\ctd-user\Desktop\CTD data\MAR440 Sept 2022\Day2\Station H3.hex
* Software Version Seasave V 7.26.2.13
* Temperature SN = 4493
* Conductivity SN = 1899
* Number of Bytes Per Scan = 37
* Number of Voltage Words = 4
* Number of Scans Averaged by the Deck Unit = 1
* NMEA Latitude = 58 18.76 N
* NMEA Longitude = 011 46.14 E
* NMEA UTC (Time) = Sep 08 2022 12:29:29
* NMEA baud rate = 4800
** Ship:
** Station:
** Operator:
# nquan = 12                                
# nvalues = 2310                        
# units = specified
# name 0 = scan: Scan Count
# name 1 = prDM: Pressure, Digiquartz [db]
# name 2 = t090C: Temperature [ITS-90, deg C]
# name 3 = c0S/m: Conductivity [S/m]
# name 4 = sbeox0V: Oxygen raw, SBE 43 [V]
# name 5 = flECO-AFL: Fluorescence, WET Labs ECO-AFL/FL [mg/m^3]
# name 6 = upoly0: Upoly 0, Turbidity
# name 7 = xmiss: Beam Transmission, Chelsea/Seatech [%]
# name 8 = depSM: Depth [salt water, m], lat = 58.3127
# name 9 = sal00: Salinity, Practical [PSU]
# name 10 = sbeox0ML/L: Oxygen, SBE 43 [ml/l], WS = 2
# name 11 = flag: flag
# span 0 =          1,       2310       
# span 1 =      1.048,     38.707       
# span 2 =     6.2357,    18.5693       
# span 3 =   3.125462,   3.400501       
# span 4 =     0.5972,     2.7745       
# span 5 =     0.0026,     0.0189       
# span 6 =  0.0942873,  0.1112639       
# span 7 =    82.1723,    95.3789       
# span 8 =      1.038,     38.344       
# span 9 =    23.8324,    31.3578       
# span 10 =     0.2686,     5.5407      
# span 11 = 0.0000e+00, 0.0000e+00      
# interval = seconds: 0.0416667
# start_time = Sep 08 2022 12:29:29 [NMEA time, header]
# bad_flag = -9.990e-29
*END*
[from data line 1204]
       1205     24.240    10.2434   3.356541     1.2380     0.0027  0.0951464    94.5435     24.013    30.1973     1.8997 0.0000e+00
       1206     24.263    10.1947   3.353805     1.2370     0.0027  0.0951281    94.5893     24.036    30.2105     1.8909 0.0000e+00
       1207     24.286    10.1459   3.351005     1.2359     0.0027  0.0951091    94.6336     24.059    30.2232     1.8818 0.0000e+00
       1208     24.309    10.0970   3.348148     1.2348     0.0027  0.0950892    94.6769     24.082    30.2354     1.8726 0.0000e+00
       1209     24.332    10.0480   3.345241     1.2336     0.0027  0.0950683    94.7194     24.104    30.2472     1.8631 0.0000e+00
       1210     24.355     9.9987   3.342289     1.2324     0.0027  0.0950462    94.7609     24.127    30.2588     1.8536 0.0000e+00
       1211     24.378     9.9492   3.339298     1.2311     0.0027  0.0950237    94.8013     24.150    30.2702     1.8437 0.0000e+00
       1212     24.401     9.8996   3.336278     1.2298     0.0027  0.0950023    94.8404     24.173    30.2814     1.8339 0.0000e+00
       1213     24.424     9.8501   3.333233     1.2285     0.0027  0.0949826    94.8781     24.196    30.2923     1.8241 0.0000e+00
       1214     24.447     9.8007   3.330169     1.2270     0.0027  0.0949646    94.9138     24.218    30.3029     1.8138 0.0000e+00
       1215     24.470     9.7515   3.327090     1.2256     0.0027  0.0949481    94.9476     24.241    30.3132     1.8038 0.0000e+00
       1216     24.493     9.7026   3.323999     1.2241     0.0027  0.0949330    94.9795     24.264    30.3232     1.7935 0.0000e+00
       1217     24.516     9.6541   3.320898     1.2225     0.0027  0.0949193    95.0095     24.287    30.3327     1.7829 0.0000e+00
       1218     24.539     9.6058   3.317786     1.2209     0.0027  0.0949067    95.0375     24.310    30.3419     1.7724 0.0000e+00
       1219     24.562     9.5577   3.314667     1.2193     0.0027  0.0948952    95.0637     24.332    30.3509     1.7620 0.0000e+00
       1220     24.585     9.5098   3.311541     1.2176     0.0027  0.0948848    95.0883     24.355    30.3597     1.7513 0.0000e+00
       1221     24.607     9.4621   3.308411     1.2158     0.0027  0.0948754    95.1120     24.377    30.3682     1.7404 0.0000e+00
       1222     24.630     9.4145   3.305278     1.2141     0.0027  0.0948668    95.1351     24.400    30.3767     1.7299 0.0000e+00
       1223     24.653     9.3669   3.302146     1.2122     0.0027  0.0948591    95.1578     24.422    30.3852     1.7189 0.0000e+00
       1224     24.676     9.3193   3.299016     1.2103     0.0027  0.0948522    95.1799     24.445    30.3936     1.7080 0.0000e+00
       1225     24.699     9.2715   3.295892     1.2084     0.0027  0.0948460    95.2014     24.468    30.4024     1.6972 0.0000e+00
       1226     24.722     9.2236   3.292779     1.2065     0.0027  0.0948405    95.2223     24.491    30.4113     1.6865 0.0000e+00
       1227     24.745     9.1755   3.289680     1.2045     0.0027  0.0948357    95.2423     24.514    30.4205     1.6756 0.0000e+00
       1228     24.768     9.1273   3.286597     1.2024     0.0027  0.0948315    95.2616     24.536    30.4300     1.6645 0.0000e+00
       1229     24.790     9.0790   3.283532     1.2003     0.0027  0.0948279    95.2805     24.558    30.4398     1.6534 0.0000e+00
       1230     24.813     9.0308   3.280488     1.1982     0.0027  0.0948249    95.2988     24.581    30.4497     1.6425 0.0000e+00
       1231     24.836     8.9827   3.277467     1.1961     0.0027  0.0948224    95.3160     24.604    30.4598     1.6317 0.0000e+00
       1232     24.859     8.9348   3.274472     1.1939     0.0027  0.0948204    95.3315     24.627    30.4700     1.6207 0.0000e+00
       1233     24.881     8.8874   3.271503     1.1917     0.0027  0.0948190    95.3451     24.648    30.4800     1.6098 0.0000e+00
       1234     24.904     8.8407   3.268561     1.1894     0.0026  0.0948180    95.3566     24.671    30.4897     1.5987 0.0000e+00
       1235     24.927     8.7948   3.265646     1.1871     0.0026  0.0948176    95.3658     24.694    30.4990     1.5877 0.0000e+00
       1236     24.950     8.7500   3.262759     1.1848     0.0026  0.0948177    95.3727     24.717    30.5077     1.5768 0.0000e+00
       1237     24.972     8.7063   3.259897     1.1825     0.0026  0.0948182    95.3771     24.738    30.5156     1.5659 0.0000e+00
       1238     24.995     8.6636   3.257060     1.1802     0.0026  0.0948193    95.3789     24.761    30.5230     1.5552 0.0000e+00
       1239     25.018     8.6221   3.254246     1.1778     0.0026  0.0948209    95.3783     24.784    30.5296     1.5443 0.0000e+00
       1240     25.040     8.5818   3.251454     1.1754     0.0026  0.0948230    95.3753     24.806    30.5353     1.5334 0.0000e+00
       1241     25.063     8.5426   3.248686     1.1730     0.0026  0.0948256    95.3699     24.829    30.5404     1.5228 0.0000e+00
       1242     25.085     8.5045   3.245943     1.1705     0.0026  0.0948288    95.3623     24.850    30.5448     1.5119 0.0000e+00
       1243     25.108     8.4676   3.243228     1.1681     0.0026  0.0948325    95.3524     24.873    30.5484     1.5014 0.0000e+00
       1244     25.131     8.4318   3.240541     1.1656     0.0026  0.0948369    95.3399     24.896    30.5514     1.4907 0.0000e+00
       1245     25.153     8.3971   3.237885     1.1631     0.0026  0.0948419    95.3245     24.918    30.5537     1.4802 0.0000e+00
       1246     25.176     8.3635   3.235266     1.1606     0.0027  0.0948475    95.3060     24.941    30.5555     1.4697 0.0000e+00
       1247     25.198     8.3309   3.232685     1.1581     0.0027  0.0948539    95.2841     24.962    30.5567     1.4594 0.0000e+00
       1248     25.221     8.2995   3.230146     1.1555     0.0027  0.0948610    95.2592     24.985    30.5574     1.4488 0.0000e+00
       1249     25.243     8.2691   3.227653     1.1529     0.0027  0.0948689    95.2316     25.007    30.5577     1.4383 0.0000e+00
       1250     25.266     8.2395   3.225206     1.1503     0.0027  0.0948777    95.2014     25.030    30.5577     1.4280 0.0000e+00
       1251     25.288     8.2108   3.222808     1.1477     0.0027  0.0948874    95.1685     25.051    30.5575     1.4178 0.0000e+00
       1252     25.311     8.1829   3.220461     1.1451     0.0027  0.0948981    95.1329     25.074    30.5571     1.4077 0.0000e+00
       1253     25.333     8.1557   3.218164     1.1424     0.0027  0.0949098    95.0944     25.096    30.5567     1.3974 0.0000e+00
       1254     25.356     8.1292   3.215917     1.1398     0.0027  0.0949227    95.0531     25.119    30.5561     1.3874 0.0000e+00
       1255     25.378     8.1032   3.213721     1.1371     0.0027  0.0949368    95.0092     25.141    30.5556     1.3773 0.0000e+00
       1256     25.401     8.0777   3.211574     1.1344     0.0027  0.0949522    94.9626     25.163    30.5552     1.3673 0.0000e+00
       1257     25.423     8.0526   3.209479     1.1317     0.0027  0.0949691    94.9131     25.185    30.5550     1.3574 0.0000e+00
       1258     25.445     8.0277   3.207433     1.1290     0.0027  0.0949875    94.8607     25.207    30.5552     1.3477 0.0000e+00
       1259     25.467     8.0030   3.205434     1.1263     0.0027  0.0950076    94.8054     25.229    30.5556     1.3380 0.0000e+00
       1260     25.490     7.9784   3.203486     1.1235     0.0027  0.0950295    94.7477     25.252    30.5565     1.3280 0.0000e+00
       1261     25.512     7.9540   3.201584     1.1208     0.0027  0.0950534    94.6878     25.273    30.5577     1.3185 0.0000e+00
       1262     25.534     7.9297   3.199728     1.1180     0.0027  0.0950794    94.6261     25.295    30.5593     1.3088 0.0000e+00
       1263     25.557     7.9056   3.197917     1.1152     0.0027  0.0951069    94.5630     25.318    30.5612     1.2993 0.0000e+00
       1264     25.579     7.8818   3.196151     1.1124     0.0027  0.0951344    94.4991     25.340    30.5634     1.2899 0.0000e+00
       1265     25.601     7.8582   3.194429     1.1097     0.0027  0.0951611    94.4345     25.362    30.5658     1.2809 0.0000e+00
       1266     25.623     7.8351   3.192750     1.1069     0.0027  0.0951874    94.3693     25.383    30.5682     1.2717 0.0000e+00
       1267     25.646     7.8125   3.191111     1.1041     0.0027  0.0952133    94.3036     25.406    30.5706     1.2626 0.0000e+00
       1268     25.668     7.7905   3.189513     1.1013     0.0028  0.0952391    94.2376     25.428    30.5729     1.2537 0.0000e+00
       1269     25.690     7.7691   3.187954     1.0985     0.0028  0.0952649    94.1711     25.450    30.5751     1.2449 0.0000e+00
       1270     25.712     7.7483   3.186432     1.0957     0.0028  0.0952909    94.1039     25.471    30.5772     1.2362 0.0000e+00
       1271     25.734     7.7281   3.184945     1.0929     0.0028  0.0953182    94.0363     25.493    30.5791     1.2276 0.0000e+00
       1272     25.756     7.7085   3.183493     1.0900     0.0028  0.0953477    93.9681     25.515    30.5808     1.2190 0.0000e+00
       1273     25.779     7.6893   3.182076     1.0872     0.0028  0.0953789    93.8994     25.538    30.5826     1.2107 0.0000e+00
       1274     25.801     7.6704   3.180690     1.0844     0.0028  0.0954111    93.8303     25.560    30.5845     1.2026 0.0000e+00
       1275     25.823     7.6519   3.179337     1.0816     0.0028  0.0954445    93.7605     25.581    30.5863     1.1946 0.0000e+00
       1276     25.845     7.6335   3.178016     1.0788     0.0028  0.0954794    93.6899     25.603    30.5884     1.1867 0.0000e+00
       1277     25.868     7.6153   3.176727     1.0760     0.0028  0.0955160    93.6182     25.626    30.5906     1.1790 0.0000e+00
       1278     25.890     7.5971   3.175471     1.0732     0.0028  0.0955545    93.5459     25.648    30.5933     1.1714 0.0000e+00
       1279     25.912     7.5788   3.174248     1.0704     0.0028  0.0955961    93.4736     25.670    30.5963     1.1639 0.0000e+00
       1280     25.934     7.5605   3.173056     1.0676     0.0028  0.0956420    93.4021     25.691    30.5997     1.1566 0.0000e+00
       1281     25.956     7.5420   3.171898     1.0648     0.0028  0.0956915    93.3313     25.713    30.6036     1.1494 0.0000e+00
       1282     25.978     7.5233   3.170772     1.0620     0.0028  0.0957442    93.2611     25.735    30.6080     1.1423 0.0000e+00
       1283     26.000     7.5043   3.169675     1.0592     0.0028  0.0958004    93.1913     25.757    30.6131     1.1353 0.0000e+00
       1284     26.022     7.4852   3.168610     1.0564     0.0028  0.0958606    93.1220     25.779    30.6185     1.1285 0.0000e+00
       1285     26.045     7.4658   3.167572     1.0537     0.0028  0.0959251    93.0527     25.801    30.6245     1.1221 0.0000e+00
       1286     26.067     7.4461   3.166562     1.0509     0.0028  0.0959945    92.9833     25.823    30.6311     1.1154 0.0000e+00
       1287     26.089     7.4262   3.165577     1.0482     0.0029  0.0960691    92.9135     25.845    30.6381     1.1092 0.0000e+00
       1288     26.111     7.4061   3.164616     1.0455     0.0029  0.0961479    92.8425     25.867    30.6455     1.1031 0.0000e+00
       1289     26.133     7.3858   3.163677     1.0428     0.0029  0.0962270    92.7697     25.889    30.6534     1.0971 0.0000e+00
       1290     26.155     7.3655   3.162761     1.0401     0.0029  0.0963037    92.6943     25.910    30.6615     1.0912 0.0000e+00
       1291     26.177     7.3452   3.161864     1.0374     0.0029  0.0963777    92.6165     25.932    30.6699     1.0855 0.0000e+00
       1292     26.199     7.3251   3.160986     1.0347     0.0029  0.0964494    92.5368     25.954    30.6782     1.0798 0.0000e+00
       1293     26.221     7.3053   3.160127     1.0320     0.0029  0.0965194    92.4560     25.976    30.6866     1.0742 0.0000e+00
       1294     26.244     7.2860   3.159288     1.0294     0.0029  0.0965881    92.3744     25.998    30.6946     1.0691 0.0000e+00
       1295     26.266     7.2674   3.158466     1.0268     0.0029  0.0966560    92.2921     26.020    30.7023     1.0640 0.0000e+00
       1296     26.288     7.2495   3.157661     1.0242     0.0029  0.0967237    92.2093     26.042    30.7095     1.0590 0.0000e+00
       1297     26.310     7.2325   3.156875     1.0216     0.0029  0.0967915    92.1266     26.064    30.7161     1.0541 0.0000e+00
       1298     26.332     7.2163   3.156104     1.0190     0.0029  0.0968599    92.0446     26.086    30.7222     1.0493 0.0000e+00
       1299     26.353     7.2009   3.155350     1.0165     0.0029  0.0969295    91.9634     26.106    30.7278     1.0450 0.0000e+00
       1300     26.375     7.1863   3.154612     1.0139     0.0029  0.0970007    91.8834     26.128    30.7328     1.0403 0.0000e+00
       1301     26.397     7.1725   3.153890     1.0114     0.0029  0.0970739    91.8050     26.150    30.7373     1.0361 0.0000e+00
       1302     26.419     7.1595   3.153184     1.0089     0.0029  0.0971498    91.7281     26.172    30.7412     1.0320 0.0000e+00
       1303     26.441     7.1471   3.152494     1.0064     0.0029  0.0972288    91.6527     26.194    30.7448     1.0280 0.0000e+00
       1304     26.463     7.1353   3.151822     1.0039     0.0029  0.0973115    91.5788     26.215    30.7481     1.0241 0.0000e+00
       1305     26.485     7.1241   3.151166     1.0015     0.0029  0.0973984    91.5065     26.237    30.7510     1.0205 0.0000e+00
       1306     26.507     7.1134   3.150527     0.9990     0.0029  0.0974902    91.4356     26.259    30.7536     1.0168 0.0000e+00
       1307     26.529     7.1032   3.149906     0.9966     0.0030  0.0975875    91.3657     26.281    30.7560     1.0133 0.0000e+00
       1308     26.551     7.0935   3.149303     0.9942     0.0030  0.0976910    91.2964     26.303    30.7581     1.0100 0.0000e+00
       1309     26.572     7.0841   3.148717     0.9918     0.0030  0.0978013    91.2275     26.323    30.7601     1.0066 0.0000e+00
       1310     26.594     7.0752   3.148150     0.9894     0.0030  0.0979194    91.1582     26.345    30.7619     1.0034 0.0000e+00
       1311     26.616     7.0666   3.147601     0.9871     0.0030  0.0980467    91.0875     26.367    30.7637     1.0005 0.0000e+00
       1312     26.638     7.0583   3.147070     0.9848     0.0030  0.0981852    91.0149     26.389    30.7653     0.9977 0.0000e+00
       1313     26.659     7.0504   3.146557     0.9825     0.0030  0.0983322    90.9398     26.410    30.7668     0.9949 0.0000e+00
       1314     26.681     7.0427   3.146060     0.9802     0.0030  0.0984805    90.8619     26.431    30.7683     0.9922 0.0000e+00
       1315     26.703     7.0354   3.145579     0.9780     0.0030  0.0986224    90.7809     26.453    30.7696     0.9899 0.0000e+00
       1316     26.724     7.0282   3.145113     0.9757     0.0030  0.0987548    90.6965     26.474    30.7710     0.9872 0.0000e+00
       1317     26.746     7.0213   3.144662     0.9735     0.0030  0.0988777    90.6090     26.496    30.7722     0.9849 0.0000e+00
       1318     26.768     7.0146   3.144225     0.9713     0.0030  0.0989920    90.5190     26.518    30.7735     0.9826 0.0000e+00
       1319     26.789     7.0081   3.143801     0.9692     0.0030  0.0990984    90.4273     26.538    30.7747     0.9807 0.0000e+00
       1320     26.811     7.0018   3.143390     0.9670     0.0030  0.0991977    90.3343     26.560    30.7759     0.9785 0.0000e+00
       1321     26.832     6.9957   3.142992     0.9649     0.0030  0.0992907    90.2407     26.581    30.7770     0.9767 0.0000e+00
       1322     26.854     6.9897   3.142606     0.9628     0.0030  0.0993778    90.1472     26.603    30.7782     0.9748 0.0000e+00
       1323     26.875     6.9839   3.142231     0.9608     0.0030  0.0994598    90.0543     26.624    30.7793     0.9734 0.0000e+00
