code/data/2022/thursday_data/Station H2.cnv
* Sea-Bird SBE 9 Data File:
* FileName = C:\Users\ctd-user\Desktop\CTD data\MAR440 Sept 2022\Day2\Station H2.hex
* Software Version Seasave V 7.26.2.13
* Temperature SN = 4493
* Conductivity SN = 1899
* Number of Bytes Per Scan = 37
* Number of Voltage Words = 4
* Number of Scans Averaged by the Deck Unit = 1
* NMEA Latitude = 58 19.21 N
* NMEA Longitude = 011 48.96 E
* NMEA UTC (Time) = Sep 08 2022 11:56:46
* NMEA baud rate = 4800
** Ship:
** Station:
** Operator:
# nquan = 12                                
# nvalues = 1726                        
# units = specified
# name 0 = scan: Scan Count
# name 1 = prDM: Pressure, Digiquartz [db]
# name 2 = t090C: Temperature [ITS-90, deg C]
# name 3 = c0S/m: Conductivity [S/m]
# name 4 = sbeox0V: Oxygen raw, SBE 43 [V]
# name 5 = flECO-AFL: Fluorescence, WET Labs ECO-AFL/FL [mg/m^3]
# name 6 = upoly0: Upoly 0, Turbidity
# name 7 = xmiss: Beam Transmission, Chelsea/Seatech [%]
# name 8 = depSM: Depth [salt water, m], lat = 58.3202
# name 9 = sal00: Salinity, Practical [PSU]
# name 10 = sbeox0ML/L: Oxygen, SBE 43 [ml/l], WS = 2
# name 11 = flag: flag
# span 0 =          1,       1726       
# span 1 =      0.910,     32.907       
# span 2 =     6.2865,    18.4763       
# span 3 =   3.127423,   3.451424       
# span 4 =     0.6631,     2.7561       
# span 5 =     0.0026,     0.0195       
# span 6 =  0.0944301,  0.1126861       
# span 7 =    74.1976,    95.7524       
# span 8 =      0.902,     32.599       
# span 9 =    23.7919,    31.2947       
# span 10 =     0.4010,     5.5152      
# span 11 = 0.0000e+00, 0.0000e+00      
# interval = seconds: 0.0416667
# start_time = Sep 08 2022 11:56:46 [NMEA time, header]
# bad_flag = -9.990e-29
*END*
[from data line 1324]
       1325     27.687     6.8375   3.135367     0.9222     0.0029  0.1004801    89.7854     27.428    30.8355     0.9350 0.0000e+00
       1326     27.709     6.8344   3.135186     0.9206     0.0029  0.1005767    89.7052     27.450    30.8363     0.9338 0.0000e+00
       1327     27.731     6.8314   3.135010     0.9190     0.0029  0.1006663    89.6299     27.471    30.8371     0.9326 0.0000e+00
       1328     27.752     6.8283   3.134840     0.9174     0.0029  0.1007496    89.5593     27.492    30.8380     0.9314 0.0000e+00
       1329     27.774     6.8252   3.134672     0.9158     0.0029  0.1008270    89.4935     27.514    30.8390     0.9301 0.0000e+00
       1330     27.796     6.8220   3.134509     0.9142     0.0029  0.1009001    89.4322     27.536    30.8400     0.9287 0.0000e+00
       1331     27.818     6.8188   3.134349     0.9127     0.0029  0.1009701    89.3752     27.558    30.8412     0.9277 0.0000e+00
       1332     27.840     6.8156   3.134193     0.9112     0.0029  0.1010366    89.3223     27.579    30.8423     0.9267 0.0000e+00
       1333     27.862     6.8124   3.134042     0.9096     0.0029  0.1010994    89.2734     27.601    30.8436     0.9252 0.0000e+00
       1334     27.884     6.8091   3.133893     0.9081     0.0029  0.1011588    89.2285     27.623    30.8449     0.9241 0.0000e+00
       1335     27.906     6.8058   3.133748     0.9067     0.0029  0.1012152    89.1874     27.645    30.8463     0.9232 0.0000e+00
       1336     27.928     6.8024   3.133605     0.9052     0.0029  0.1012691    89.1501     27.667    30.8477     0.9220 0.0000e+00
       1337     27.950     6.7990   3.133466     0.9038     0.0029  0.1013208    89.1161     27.688    30.8493     0.9211 0.0000e+00
       1338     27.971     6.7955   3.133329     0.9024     0.0029  0.1013707    89.0854     27.709    30.8509     0.9201 0.0000e+00
       1339     27.993     6.7919   3.133195     0.9009     0.0029  0.1014190    89.0578     27.731    30.8527     0.9188 0.0000e+00
       1340     28.015     6.7883   3.133063     0.8996     0.0029  0.1014671    89.0330     27.753    30.8545     0.9180 0.0000e+00
       1341     28.037     6.7846   3.132934     0.8982     0.0029  0.1015161    89.0109     27.775    30.8564     0.9168 0.0000e+00
       1342     28.059     6.7808   3.132808     0.8968     0.0029  0.1015655    88.9916     27.796    30.8584     0.9157 0.0000e+00
       1343     28.080     6.7770   3.132684     0.8955     0.0029  0.1016155    88.9750     27.817    30.8605     0.9148 0.0000e+00
       1344     28.102     6.7731   3.132563     0.8942     0.0029  0.1016675    88.9605     27.839    30.8627     0.9139 0.0000e+00
       1345     28.124     6.7692   3.132444     0.8928     0.0029  0.1017210    88.9473     27.861    30.8649     0.9126 0.0000e+00
       1346     28.146     6.7653   3.132328     0.8916     0.0029  0.1017753    88.9351     27.883    30.8671     0.9119 0.0000e+00
       1347     28.168     6.7614   3.132215     0.8903     0.0029  0.1018311    88.9245     27.904    30.8694     0.9108 0.0000e+00
       1348     28.190     6.7575   3.132105     0.8890     0.0029  0.1018876    88.9160     27.926    30.8717     0.9096 0.0000e+00
       1349     28.212     6.7536   3.131996     0.8878     0.0029  0.1019430    88.9099     27.948    30.8740     0.9088 0.0000e+00
       1350     28.234     6.7496   3.131891     0.8866     0.0029  0.1019948    88.9061     27.970    30.8764     0.9078 0.0000e+00
       1351     28.256     6.7457   3.131789     0.8854     0.0029  0.1020427    88.9042     27.991    30.8788     0.9069 0.0000e+00
       1352     28.278     6.7417   3.131689     0.8842     0.0029  0.1020871    88.9038     28.013    30.8813     0.9058 0.0000e+00
       1353     28.300     6.7377   3.131591     0.8830     0.0029  0.1021281    88.9048     28.035    30.8838     0.9048 0.0000e+00
       1354     28.322     6.7336   3.131495     0.8818     0.0029  0.1021661    88.9073     28.057    30.8865     0.9036 0.0000e+00
       1355     28.344     6.7296   3.131401     0.8807     0.0029  0.1022023    88.9112     28.079    30.8890     0.9028 0.0000e+00
       1356     28.367     6.7255   3.131308     0.8795     0.0029  0.1022376    88.9165     28.101    30.8917     0.9015 0.0000e+00
       1357     28.389     6.7214   3.131216     0.8783     0.0029  0.1022715    88.9229     28.123    30.8944     0.9003 0.0000e+00
       1358     28.411     6.7174   3.131127     0.8772     0.0029  0.1023035    88.9301     28.145    30.8970     0.8993 0.0000e+00
       1359     28.433     6.7134   3.131040     0.8761     0.0029  0.1023336    88.9375     28.167    30.8997     0.8981 0.0000e+00
       1360     28.455     6.7095   3.130955     0.8750     0.0029  0.1023622    88.9442     28.189    30.9022     0.8970 0.0000e+00
       1361     28.477     6.7056   3.130872     0.8739     0.0029  0.1023894    88.9496     28.210    30.9048     0.8958 0.0000e+00
       1362     28.500     6.7018   3.130793     0.8728     0.0029  0.1024154    88.9536     28.233    30.9074     0.8946 0.0000e+00
       1363     28.522     6.6980   3.130715     0.8717     0.0029  0.1024404    88.9563     28.255    30.9100     0.8934 0.0000e+00
       1364     28.544     6.6942   3.130640     0.8706     0.0029  0.1024645    88.9577     28.277    30.9125     0.8920 0.0000e+00
       1365     28.567     6.6905   3.130567     0.8695     0.0029  0.1024880    88.9581     28.300    30.9151     0.8906 0.0000e+00
       1366     28.589     6.6867   3.130496     0.8685     0.0029  0.1025110    88.9574     28.321    30.9177     0.8895 0.0000e+00
       1367     28.611     6.6829   3.130429     0.8674     0.0029  0.1025337    88.9560     28.343    30.9204     0.8881 0.0000e+00
       1368     28.633     6.6791   3.130364     0.8664     0.0029  0.1025561    88.9539     28.365    30.9231     0.8869 0.0000e+00
       1369     28.655     6.6752   3.130302     0.8654     0.0029  0.1025785    88.9510     28.387    30.9260     0.8857 0.0000e+00
       1370     28.677     6.6714   3.130242     0.8643     0.0029  0.1026011    88.9471     28.409    30.9287     0.8841 0.0000e+00
       1371     28.699     6.6674   3.130185     0.8633     0.0029  0.1026239    88.9421     28.430    30.9317     0.8828 0.0000e+00
       1372     28.721     6.6635   3.130131     0.8623     0.0029  0.1026472    88.9362     28.452    30.9346     0.8816 0.0000e+00
       1373     28.744     6.6595   3.130079     0.8613     0.0029  0.1026711    88.9300     28.475    30.9377     0.8802 0.0000e+00
       1374     28.766     6.6555   3.130028     0.8603     0.0029  0.1026949    88.9236     28.497    30.9407     0.8789 0.0000e+00
       1375     28.788     6.6514   3.129978     0.8593     0.0029  0.1027171    88.9176     28.518    30.9438     0.8775 0.0000e+00
       1376     28.810     6.6473   3.129928     0.8583     0.0029  0.1027370    88.9120     28.540    30.9470     0.8761 0.0000e+00
       1377     28.832     6.6432   3.129879     0.8574     0.0029  0.1027547    88.9072     28.562    30.9502     0.8750 0.0000e+00
       1378     28.854     6.6391   3.129829     0.8564     0.0029  0.1027704    88.9032     28.584    30.9533     0.8736 0.0000e+00
       1379     28.876     6.6350   3.129779     0.8555     0.0029  0.1027841    88.9004     28.606    30.9565     0.8725 0.0000e+00
       1380     28.898     6.6309   3.129727     0.8545     0.0029  0.1027960    88.8991     28.627    30.9596     0.8710 0.0000e+00
       1381     28.920     6.6268   3.129674     0.8536     0.0029  0.1028061    88.8996     28.649    30.9627     0.8698 0.0000e+00
       1382     28.942     6.6227   3.129619     0.8527     0.0029  0.1028145    88.9022     28.671    30.9658     0.8686 0.0000e+00
       1383     28.964     6.6187   3.129564     0.8517     0.0029  0.1028214    88.9068     28.693    30.9688     0.8671 0.0000e+00
       1384     28.986     6.6146   3.129506     0.8508     0.0029  0.1028266    88.9130     28.715    30.9719     0.8659 0.0000e+00
       1385     29.008     6.6105   3.129447     0.8499     0.0029  0.1028303    88.9205     28.736    30.9749     0.8646 0.0000e+00
       1386     29.030     6.6063   3.129386     0.8490     0.0029  0.1028324    88.9293     28.758    30.9781     0.8633 0.0000e+00
       1387     29.052     6.6021   3.129324     0.8481     0.0028  0.1028331    88.9393     28.780    30.9812     0.8620 0.0000e+00
       1388     29.074     6.5979   3.129260     0.8472     0.0028  0.1028323    88.9510     28.802    30.9843     0.8607 0.0000e+00
       1389     29.096     6.5937   3.129195     0.8463     0.0028  0.1028308    88.9644     28.824    30.9873     0.8594 0.0000e+00
       1390     29.118     6.5894   3.129128     0.8454     0.0028  0.1028294    88.9797     28.845    30.9905     0.8580 0.0000e+00
       1391     29.140     6.5852   3.129063     0.8446     0.0028  0.1028274    88.9964     28.867    30.9936     0.8570 0.0000e+00
       1392     29.162     6.5809   3.128996     0.8437     0.0028  0.1028239    89.0143     28.889    30.9967     0.8555 0.0000e+00
       1393     29.184     6.5766   3.128931     0.8429     0.0028  0.1028188    89.0323     28.911    30.9999     0.8545 0.0000e+00
       1394     29.206     6.5724   3.128866     0.8420     0.0028  0.1028121    89.0498     28.933    31.0030     0.8530 0.0000e+00
       1395     29.227     6.5682   3.128802     0.8412     0.0028  0.1028038    89.0660     28.953    31.0061     0.8518 0.0000e+00
       1396     29.249     6.5641   3.128740     0.8404     0.0028  0.1027937    89.0805     28.975    31.0091     0.8507 0.0000e+00
       1397     29.271     6.5600   3.128680     0.8396     0.0028  0.1027819    89.0930     28.997    31.0122     0.8495 0.0000e+00
       1398     29.292     6.5560   3.128622     0.8387     0.0028  0.1027682    89.1038     29.018    31.0151     0.8480 0.0000e+00
       1399     29.314     6.5520   3.128564     0.8379     0.0028  0.1027534    89.1130     29.040    31.0181     0.8468 0.0000e+00
       1400     29.335     6.5481   3.128509     0.8371     0.0028  0.1027392    89.1206     29.060    31.0211     0.8455 0.0000e+00
       1401     29.357     6.5443   3.128455     0.8363     0.0028  0.1027261    89.1266     29.082    31.0239     0.8442 0.0000e+00
       1402     29.378     6.5405   3.128405     0.8355     0.0027  0.1027142    89.1309     29.103    31.0268     0.8430 0.0000e+00
       1403     29.399     6.5369   3.128356     0.8347     0.0027  0.1027034    89.1336     29.124    31.0295     0.8416 0.0000e+00
       1404     29.420     6.5333   3.128309     0.8339     0.0027  0.1026936    89.1349     29.145    31.0323     0.8403 0.0000e+00
       1405     29.442     6.5299   3.128265     0.8331     0.0027  0.1026847    89.1348     29.166    31.0349     0.8390 0.0000e+00
       1406     29.463     6.5265   3.128223     0.8324     0.0027  0.1026775    89.1336     29.187    31.0375     0.8379 0.0000e+00
       1407     29.484     6.5232   3.128182     0.8316     0.0027  0.1026728    89.1314     29.208    31.0400     0.8365 0.0000e+00
       1408     29.504     6.5201   3.128145     0.8308     0.0027  0.1026698    89.1283     29.228    31.0424     0.8351 0.0000e+00
       1409     29.525     6.5170   3.128109     0.8300     0.0027  0.1026675    89.1246     29.249    31.0448     0.8337 0.0000e+00
       1410     29.546     6.5140   3.128076     0.8293     0.0027  0.1026659    89.1202     29.269    31.0472     0.8325 0.0000e+00
       1411     29.566     6.5111   3.128044     0.8285     0.0027  0.1026651    89.1156     29.289    31.0494     0.8310 0.0000e+00
       1412     29.587     6.5083   3.128014     0.8278     0.0027  0.1026651    89.1110     29.310    31.0517     0.8298 0.0000e+00
       1413     29.607     6.5055   3.127985     0.8270     0.0027  0.1026657    89.1069     29.330    31.0539     0.8282 0.0000e+00
       1414     29.626     6.5028   3.127957     0.8263     0.0027  0.1026671    89.1033     29.349    31.0560     0.8269 0.0000e+00
       1415     29.646     6.5002   3.127932     0.8255     0.0027  0.1026692    89.1002     29.368    31.0581     0.8253 0.0000e+00
       1416     29.666     6.4976   3.127906     0.8248     0.0027  0.1026721    89.0979     29.388    31.0602     0.8240 0.0000e+00
       1417     29.685     6.4951   3.127882     0.8241     0.0027  0.1026758    89.0966     29.407    31.0622     0.8226 0.0000e+00
       1418     29.704     6.4926   3.127857     0.8233     0.0027  0.1026802    89.0965     29.426    31.0642     0.8209 0.0000e+00
       1419     29.723     6.4902   3.127834     0.8226     0.0027  0.1026855    89.0975     29.445    31.0661     0.8194 0.0000e+00
       1420     29.741     6.4878   3.127811     0.8219     0.0027  0.1026917    89.0994     29.462    31.0680     0.8180 0.0000e+00
       1421     29.760     6.4855   3.127789     0.8212     0.0028  0.1026988    89.1020     29.481    31.0698     0.8165 0.0000e+00
       1422     29.778     6.4831   3.127766     0.8205     0.0028  0.1027069    89.1053     29.499    31.0718     0.8150 0.0000e+00
       1423     29.795     6.4809   3.127745     0.8198     0.0028  0.1027159    89.1092     29.516    31.0735     0.8134 0.0000e+00
       1424     29.813     6.4787   3.127725     0.8191     0.0028  0.1027261    89.1133     29.534    31.0753     0.8117 0.0000e+00
       1425     29.830     6.4765   3.127705     0.8184     0.0028  0.1027374    89.1172     29.551    31.0771     0.8101 0.0000e+00
       1426     29.847     6.4744   3.127686     0.8177     0.0028  0.1027491    89.1203     29.567    31.0788     0.8084 0.0000e+00
       1427     29.864     6.4723   3.127667     0.8170     0.0028  0.1027595    89.1222     29.584    31.0805     0.8067 0.0000e+00
       1428     29.880     6.4702   3.127649     0.8163     0.0028  0.1027679    89.1226     29.600    31.0822     0.8050 0.0000e+00
       1429     29.896     6.4682   3.127630     0.8156     0.0028  0.1027744    89.1213     29.616    31.0838     0.8032 0.0000e+00
       1430     29.913     6.4662   3.127612     0.8149     0.0028  0.1027790    89.1179     29.633    31.0854     0.8013 0.0000e+00
       1431     29.929     6.4642   3.127595     0.8142     0.0028  0.1027817    89.1122     29.649    31.0870     0.7995 0.0000e+00
       1432     29.944     6.4623   3.127578     0.8136     0.0028  0.1027825    89.1037     29.664    31.0886     0.7980 0.0000e+00
       1433     29.960     6.4604   3.127562     0.8129     0.0028  0.1027824    89.0923     29.679    31.0901     0.7960 0.0000e+00
       1434     29.975     6.4585   3.127547     0.8122     0.0028  0.1027820    89.0777     29.694    31.0917     0.7940 0.0000e+00
       1435     29.991     6.4566   3.127533     0.8115     0.0028  0.1027807    89.0600     29.710    31.0932     0.7920 0.0000e+00
       1436     30.006     6.4548   3.127520     0.8108     0.0028  0.1027775    89.0393     29.725    31.0947     0.7899 0.0000e+00
       1437     30.021     6.4531   3.127508     0.8101     0.0028  0.1027724    89.0163     29.740    31.0961     0.7878 0.0000e+00
       1438     30.036     6.4514   3.127497     0.8095     0.0028  0.1027654    88.9919     29.755    31.0975     0.7860 0.0000e+00
       1439     30.051     6.4497   3.127486     0.8088     0.0028  0.1027565    88.9675     29.770    31.0990     0.7838 0.0000e+00
       1440     30.066     6.4481   3.127477     0.8081     0.0028  0.1027454    88.9452     29.784    31.1003     0.7815 0.0000e+00
       1441     30.080     6.4466   3.127468     0.8074     0.0028  0.1027323    88.9265     29.798    31.1016     0.7792 0.0000e+00
       1442     30.095     6.4450   3.127461     0.8067     0.0028  0.1027170    88.9121     29.813    31.1030     0.7769 0.0000e+00
       1443     30.109     6.4435   3.127454     0.8060     0.0028  0.1026994    88.9024     29.827    31.1042     0.7745 0.0000e+00
