code/data/2022/thursday_data/Station SB2.cnv
* Sea-Bird SBE 9 Data File:
* FileName = C:\Users\ctd-user\Desktop\CTD data\MAR440 Sept 2022\Day2\Station SB2.hex
* Software Version Seasave V 7.26.2.13
* Temperature SN = 4493
* Conductivity SN = 1899
* Number of Bytes Per Scan = 37
* Number of Voltage Words = 4
* Number of Scans Averaged by the Deck Unit = 1
* NMEA Latitude = 58 19.59 N
* NMEA Longitude = 011 50.88 E
* NMEA UTC (Time) = Sep 08 2022 10:57:29
* NMEA baud rate = 4800
** Ship:
** Station:
** Operator:
# nquan = 12                                
# nvalues = 1004                        
# units = specified
# name 0 = scan: Scan Count
# name 1 = prDM: Pressure, Digiquartz [db]
# name 2 = t090C: Temperature [ITS-90, deg C]
# name 3 = c0S/m: Conductivity [S/m]
# name 4 = sbeox0V: Oxygen raw, SBE 43 [V]
# name 5 = flECO-AFL: Fluorescence, WET Labs ECO-AFL/FL [mg/m^3]
# name 6 = upoly0: Upoly 0, Turbidity
# name 7 = xmiss: Beam Transmission, Chelsea/Seatech [%]
# name 8 = depSM: Depth [salt water, m], lat = 58.3265
# name 9 = sal00: Salinity, Practical [PSU]
# name 10 = sbeox0ML/L: Oxygen, SBE 43 [ml/l], WS = 2
# name 11 = flag: flag
# span 0 =          1,       1004       
# span 1 =      1.322,     16.089       
# span 2 =    13.4628,    18.7332       
# span 3 =   3.243365,   3.386959       
# span 4 =     1.3612,     2.7570       
# span 5 =     0.0060,     0.0257       
# span 6 =  0.0969700,  0.1022527       
# span 7 =    83.0092,    92.2754       
# span 8 =      1.310,     15.939       
# span 9 =    23.6536,    26.6717       
# span 10 =     2.0625,     5.5306      
# span 11 = 0.0000e+00, 0.0000e+00      
# interval = seconds: 0.0416667
# start_time = Sep 08 2022 10:57:29 [NMEA time, header]
# bad_flag = -9.990e-29
*END*
          1      1.322    18.3147   3.251328     2.7474     0.0252  0.1000933    83.1258      1.310    23.6712     5.5037 -9.990e-29
          2      1.327    18.3148   3.251336     2.7474     0.0252  0.1000911    83.1283      1.315    23.6712     5.5037 -9.990e-29
          3      1.332    18.3150   3.251345     2.7474     0.0252  0.1000887    83.1310      1.320    23.6712     5.5037 -9.990e-29
          4      1.338    18.3151   3.251355     2.7474     0.0252  0.1000861    83.1336      1.326    23.6712     5.5037 -9.990e-29
          5      1.343    18.3153   3.251364     2.7474     0.0252  0.1000833    83.1362      1.331    23.6712     5.5037 -9.990e-29
          6      1.350    18.3155   3.251375     2.7473     0.0252  0.1000803    83.1383      1.337    23.6711     5.5034 -9.990e-29
          7      1.356    18.3157   3.251386     2.7473     0.0252  0.1000769    83.1398      1.343    23.6711     5.5034 -9.990e-29
          8      1.362    18.3160   3.251397     2.7473     0.0252  0.1000733    83.1403      1.349    23.6710     5.5034 -9.990e-29
          9      1.368    18.3163   3.251408     2.7473     0.0252  0.1000694    83.1399      1.355    23.6709     5.5033 -9.990e-29
         10      1.375    18.3166   3.251420     2.7473     0.0252  0.1000652    83.1387      1.362    23.6709     5.5033 -9.990e-29
         11      1.381    18.3169   3.251432     2.7473     0.0252  0.1000605    83.1368      1.368    23.6708     5.5033 -9.990e-29
         12      1.387    18.3173   3.251444     2.7473     0.0252  0.1000555    83.1342      1.374    23.6706     5.5033 -9.990e-29
         13      1.394    18.3177   3.251456     2.7473     0.0252  0.1000500    83.1307      1.381    23.6705     5.5032 -9.990e-29
         14      1.400    18.3181   3.251468     2.7473     0.0252  0.1000441    83.1261      1.387    23.6704     5.5032 -9.990e-29
         15      1.406    18.3186   3.251481     2.7473     0.0252  0.1000376    83.1204      1.393    23.6702     5.5031 -9.990e-29
         16      1.413    18.3192   3.251493     2.7473     0.0252  0.1000306    83.1138      1.400    23.6699     5.5031 -9.990e-29
         17      1.420    18.3198   3.251507     2.7473     0.0252  0.1000238    83.1064      1.407    23.6697     5.5030 -9.990e-29
         18      1.427    18.3206   3.251521     2.7473     0.0252  0.1000180    83.0985      1.414    23.6694     5.5030 -9.990e-29
         19      1.434    18.3213   3.251535     2.7474     0.0252  0.1000125    83.0898      1.421    23.6691     5.5032 -9.990e-29
         20      1.441    18.3222   3.251551     2.7474     0.0252  0.1000061    83.0807      1.428    23.6687     5.5031 -9.990e-29
         21      1.449    18.3232   3.251569     2.7474     0.0252  0.0999990    83.0713      1.436    23.6683     5.5030 -9.990e-29
         22      1.456    18.3243   3.251587     2.7475     0.0252  0.0999911    83.0619      1.442    23.6678     5.5031 -9.990e-29
         23      1.464    18.3255   3.251605     2.7475     0.0253  0.0999822    83.0527      1.450    23.6672     5.5030 -9.990e-29
         24      1.472    18.3268   3.251626     2.7476     0.0253  0.0999724    83.0438      1.458    23.6666     5.5032 -9.990e-29
         25      1.480    18.3283   3.251649     2.7476     0.0253  0.0999617    83.0351      1.466    23.6660     5.5079 -9.990e-29
         26      1.489    18.3299   3.251674     2.7477     0.0253  0.0999498    83.0269      1.475    23.6652     5.5083 -9.990e-29
         27      1.498    18.3316   3.251700     2.7478     0.0253  0.0999367    83.0198      1.484    23.6645     5.5087 -9.990e-29
         28      1.508    18.3334   3.251729     2.7478     0.0253  0.0999224    83.0143      1.494    23.6637     5.5088 -9.990e-29
         29      1.517    18.3353   3.251761     2.7479     0.0254  0.0999067    83.0110      1.503    23.6628     5.5091 -9.990e-29
         30      1.527    18.3373   3.251796     2.7480     0.0254  0.0998896    83.0095      1.513    23.6620     5.5094 -9.990e-29
         31      1.538    18.3394   3.251835     2.7481     0.0254  0.0998708    83.0092      1.524    23.6611     5.5096 -9.990e-29
         32      1.549    18.3415   3.251876     2.7481     0.0254  0.0998512    83.0101      1.535    23.6602     5.5096 -9.990e-29
         33      1.560    18.3437   3.251923     2.7482     0.0254  0.0998323    83.0123      1.545    23.6593     5.5098 -9.990e-29
         34      1.571    18.3458   3.251971     2.7483     0.0254  0.0998147    83.0155      1.556    23.6585     5.5100 -9.990e-29
         35      1.583    18.3479   3.252025     2.7484     0.0255  0.0997985    83.0197      1.568    23.6577     5.5102 -9.990e-29
         36      1.595    18.3500   3.252082     2.7485     0.0255  0.0997834    83.0247      1.580    23.6570     5.5104 -9.990e-29
         37      1.608    18.3521   3.252142     2.7486     0.0255  0.0997694    83.0308      1.593    23.6562     5.5105 -9.990e-29
         38      1.621    18.3542   3.252205     2.7487     0.0255  0.0997564    83.0386      1.606    23.6555     5.5106 -9.990e-29
         39      1.633    18.3561   3.252271     2.7488     0.0255  0.0997443    83.0481      1.618    23.6550     5.5107 -9.990e-29
         40      1.647    18.3579   3.252338     2.7489     0.0255  0.0997329    83.0592      1.632    23.6545     5.5108 -9.990e-29
         41      1.660    18.3596   3.252407     2.7490     0.0255  0.0997223    83.0717      1.645    23.6541     5.5108 -9.990e-29
         42      1.673    18.3610   3.252476     2.7491     0.0255  0.0997123    83.0852      1.657    23.6538     5.5109 -9.990e-29
         43      1.687    18.3623   3.252548     2.7492     0.0255  0.0997028    83.0988      1.671    23.6536     5.5110 -9.990e-29
         44      1.700    18.3634   3.252618     2.7493     0.0256  0.0996939    83.1122      1.684    23.6536     5.5111 -9.990e-29
         45      1.714    18.3642   3.252687     2.7494     0.0256  0.0996854    83.1249      1.698    23.6537     5.5112 -9.990e-29
         46      1.727    18.3648   3.252755     2.7495     0.0256  0.0996774    83.1370      1.711    23.6539     5.5113 -9.990e-29
         47      1.741    18.3653   3.252821     2.7496     0.0256  0.0996696    83.1485      1.725    23.6541     5.5114 -9.990e-29
         48      1.754    18.3655   3.252884     2.7497     0.0256  0.0996621    83.1599      1.738    23.6545     5.5115 -9.990e-29
         49      1.768    18.3656   3.252945     2.7498     0.0256  0.0996549    83.1717      1.752    23.6549     5.5116 -9.990e-29
         50      1.781    18.3655   3.253004     2.7499     0.0256  0.0996478    83.1839      1.764    23.6554     5.5117 -9.990e-29
         51      1.795    18.3653   3.253058     2.7500     0.0256  0.0996408    83.1966      1.778    23.6560     5.5118 -9.990e-29
         52      1.808    18.3649   3.253107     2.7500     0.0256  0.0996348    83.2096      1.791    23.6566     5.5117 -9.990e-29
         53      1.821    18.3642   3.253152     2.7501     0.0256  0.0996305    83.2230      1.804    23.6574     5.5119 -9.990e-29
         54      1.834    18.3634   3.253190     2.7501     0.0256  0.0996270    83.2364      1.817    23.6581     5.5118 -9.990e-29
         55      1.848    18.3625   3.253222     2.7502     0.0256  0.0996235    83.2494      1.831    23.6589     5.5120 -9.990e-29
         56      1.860    18.3613   3.253248     2.7502     0.0256  0.0996200    83.2616      1.843    23.6598     5.5120 -9.990e-29
         57      1.873    18.3601   3.253267     2.7503     0.0257  0.0996164    83.2730      1.856    23.6606     5.5122 -9.990e-29
         58      1.886    18.3587   3.253279     2.7503     0.0257  0.0996127    83.2839      1.868    23.6615     5.5122 -9.990e-29
         59      1.899    18.3572   3.253284     2.7503     0.0257  0.0996089    83.2945      1.881    23.6624     5.5122 -9.990e-29
         60      1.912    18.3556   3.253283     2.7503     0.0257  0.0996050    83.3051      1.894    23.6633     5.5122 -9.990e-29
         61      1.925    18.3540   3.253276     2.7504     0.0257  0.0996008    83.3157      1.907    23.6642     5.5124 -9.990e-29
         62      1.938    18.3523   3.253263     2.7504     0.0257  0.0995965    83.3263      1.920    23.6651     5.5124 -9.990e-29
         63      1.950    18.3506   3.253243     2.7504     0.0257  0.0995919    83.3370      1.932    23.6659     5.5124 -9.990e-29
         64      1.963    18.3489   3.253217     2.7505     0.0257  0.0995871    83.3480      1.945    23.6666     5.5127 -9.990e-29
         65      1.976    18.3472   3.253184     2.7505     0.0257  0.0995820    83.3596      1.958    23.6673     5.5127 -9.990e-29
         66      1.988    18.3456   3.253145     2.7506     0.0257  0.0995765    83.3715      1.970    23.6679     5.5130 -9.990e-29
         67      2.001    18.3441   3.253101     2.7506     0.0257  0.0995707    83.3837      1.982    23.6684     5.5130 -9.990e-29
         68      2.014    18.3427   3.253052     2.7506     0.0257  0.0995645    83.3961      1.995    23.6688     5.5130 -9.990e-29
         69      2.027    18.3413   3.252998     2.7507     0.0257  0.0995578    83.4087      2.008    23.6692     5.5133 -9.990e-29
         70      2.040    18.3401   3.252940     2.7507     0.0257  0.0995506    83.4214      2.021    23.6694     5.5133 -9.990e-29
         71      2.053    18.3389   3.252878     2.7508     0.0256  0.0995428    83.4339      2.034    23.6696     5.5136 -9.990e-29
         72      2.066    18.3378   3.252814     2.7508     0.0256  0.0995344    83.4461      2.047    23.6697     5.5136 -9.990e-29
         73      2.079    18.3369   3.252747     2.7509     0.0256  0.0995254    83.4578      2.060    23.6697     5.5138 -9.990e-29
         74      2.093    18.3360   3.252678     2.7509     0.0256  0.0995157    83.4692      2.074    23.6697     5.5139 -9.990e-29
         75      2.106    18.3352   3.252608     2.7510     0.0256  0.0995051    83.4804      2.086    23.6695     5.5142 -9.990e-29
         76      2.120    18.3345   3.252538     2.7510     0.0257  0.0994937    83.4913      2.100    23.6694     5.5142 -9.990e-29
         77      2.134    18.3339   3.252468     2.7511     0.0257  0.0994813    83.5018      2.114    23.6692     5.5145 -9.990e-29
         78      2.148    18.3334   3.252400     2.7511     0.0257  0.0994679    83.5117      2.128    23.6689     5.5145 -9.990e-29
         79      2.163    18.3329   3.252334     2.7511     0.0257  0.0994534    83.5209      2.143    23.6687     5.5145 -9.990e-29
         80      2.178    18.3325   3.252271     2.7512     0.0257  0.0994376    83.5292      2.158    23.6684     5.5147 -9.990e-29
         81      2.193    18.3322   3.252210     2.7512     0.0257  0.0994205    83.5369      2.173    23.6680     5.5147 -9.990e-29
         82      2.208    18.3320   3.252155     2.7512     0.0257  0.0994020    83.5444      2.187    23.6677     5.5147 -9.990e-29
         83      2.223    18.3319   3.252101     2.7513     0.0257  0.0993827    83.5516      2.202    23.6673     5.5149 -9.990e-29
         84      2.239    18.3319   3.252052     2.7513     0.0257  0.0993642    83.5586      2.218    23.6669     5.5149 -9.990e-29
         85      2.255    18.3319   3.252006     2.7513     0.0257  0.0993473    83.5652      2.234    23.6666     5.5148 -9.990e-29
         86      2.270    18.3320   3.251963     2.7513     0.0257  0.0993318    83.5716      2.249    23.6662     5.5148 -9.990e-29
         87      2.286    18.3322   3.251924     2.7513     0.0257  0.0993185    83.5777      2.265    23.6657     5.5147 -9.990e-29
         88      2.303    18.3325   3.251890     2.7514     0.0257  0.0993081    83.5833      2.282    23.6653     5.5149 -9.990e-29
         89      2.319    18.3328   3.251859     2.7514     0.0257  0.0992997    83.5884      2.297    23.6648     5.5148 -9.990e-29
         90      2.336    18.3333   3.251833     2.7514     0.0257  0.0992925    83.5931      2.314    23.6643     5.5147 -9.990e-29
         91      2.352    18.3338   3.251810     2.7514     0.0257  0.0992862    83.5973      2.330    23.6639     5.5146 -9.990e-29
         92      2.369    18.3345   3.251792     2.7514     0.0257  0.0992819    83.6010      2.347    23.6633     5.5145 -9.990e-29
         93      2.386    18.3352   3.251778     2.7515     0.0257  0.0992802    83.6040      2.364    23.6628     5.5147 -9.990e-29
         94      2.403    18.3359   3.251768     2.7515     0.0257  0.0992803    83.6062      2.381    23.6623     5.5146 -9.990e-29
         95      2.420    18.3366   3.251761     2.7515     0.0257  0.0992814    83.6081      2.397    23.6619     5.5145 -9.990e-29
         96      2.437    18.3373   3.251759     2.7515     0.0257  0.0992834    83.6094      2.414    23.6614     5.5144 -9.990e-29
         97      2.454    18.3381   3.251760     2.7515     0.0257  0.0992865    83.6101      2.431    23.6610     5.5144 -9.990e-29
         98      2.471    18.3387   3.251764     2.7516     0.0257  0.0992905    83.6098      2.448    23.6607     5.5146 -9.990e-29
         99      2.488    18.3394   3.251771     2.7516     0.0256  0.0992956    83.6084      2.465    23.6603     5.5146 -9.990e-29
        100      2.505    18.3400   3.251782     2.7516     0.0256  0.0993018    83.6060      2.482    23.6601     5.5146 -9.990e-29
        101      2.521    18.3405   3.251797     2.7516     0.0256  0.0993091    83.6026      2.498    23.6599     5.5146 -9.990e-29
        102      2.538    18.3410   3.251815     2.7516     0.0256  0.0993175    83.5987      2.514    23.6597     5.5146 -9.990e-29
        103      2.555    18.3414   3.251836     2.7516     0.0256  0.0993272    83.5947      2.531    23.6597     5.5147 -9.990e-29
        104      2.571    18.3418   3.251861     2.7516     0.0256  0.0993381    83.5908      2.547    23.6596     5.5147 -9.990e-29
        105      2.587    18.3421   3.251888     2.7516     0.0256  0.0993504    83.5868      2.563    23.6597     5.5148 -9.990e-29
        106      2.603    18.3423   3.251916     2.7517     0.0255  0.0993642    83.5827      2.579    23.6598     5.5151 -9.990e-29
        107      2.619    18.3424   3.251946     2.7517     0.0255  0.0993795    83.5784      2.595    23.6600     5.5152 -9.990e-29
        108      2.635    18.3425   3.251976     2.7517     0.0255  0.0993965    83.5738      2.610    23.6601     5.5154 -9.990e-29
        109      2.651    18.3425   3.252007     2.7517     0.0255  0.0994144    83.5692      2.626    23.6604     5.5155 -9.990e-29
        110      2.667    18.3425   3.252037     2.7517     0.0255  0.0994316    83.5649      2.642    23.6606     5.5157 -9.990e-29
        111      2.682    18.3424   3.252065     2.7517     0.0255  0.0994475    83.5610      2.657    23.6609     5.5158 -9.990e-29
        112      2.698    18.3422   3.252092     2.7518     0.0254  0.0994621    83.5572      2.673    23.6612     5.5162 -9.990e-29
        113      2.713    18.3420   3.252116     2.7518     0.0254  0.0994755    83.5533      2.688    23.6615     5.5164 -9.990e-29
        114      2.728    18.3418   3.252138     2.7518     0.0254  0.0994879    83.5488      2.703    23.6618     5.5166 -9.990e-29
        115      2.743    18.3417   3.252158     2.7519     0.0254  0.0994993    83.5438      2.717    23.6620     5.5170 -9.990e-29
        116      2.757    18.3415   3.252174     2.7519     0.0254  0.0995097    83.5386      2.731    23.6623     5.5172 -9.990e-29
        117      2.772    18.3414   3.252188     2.7520     0.0254  0.0995193    83.5330      2.746    23.6624     5.5176 -9.990e-29
        118      2.786    18.3413   3.252200     2.7520     0.0254  0.0995282    83.5274      2.760    23.6626     5.5178 -9.990e-29
        119      2.800    18.3413   3.252210     2.7520     0.0254  0.0995363    83.5224      2.774    23.6627     5.5180 -9.990e-29
        120      2.814    18.3413   3.252217     2.7521     0.0254  0.0995438    83.5185      2.788    23.6627     5.5184 -9.990e-29
