data/2022/wednesday_data/Station 2.cnv
* Sea-Bird SBE 9 Data File:
* FileName = C:\Users\ctd-user\Desktop\CTD data\MAR440 Sept 2022\Station 2.hex
* Software Version Seasave V 7.26.2.13
* Temperature SN = 4493
* Conductivity SN = 1899
* Number of Bytes Per Scan = 37
* Number of Voltage Words = 4
* Number of Scans Averaged by the Deck Unit = 1
* NMEA Latitude = 58 20.32 N
* NMEA Longitude = 011 53.53 E
* NMEA UTC (Time) = Sep 07 2022 13:20:06
* NMEA baud rate = 4800
** Ship: Skagerrak
** Station: 3
** Operator: Ida
# nquan = 12                                
# nvalues = 2502                        
# units = specified
# name 0 = scan: Scan Count
# name 1 = prDM: Pressure, Digiquartz [db]
# name 2 = t090C: Temperature [ITS-90, deg C]
# name 3 = c0S/m: Conductivity [S/m]
# name 4 = sbeox0V: Oxygen raw, SBE 43 [V]
# name 5 = flECO-AFL: Fluorescence, WET Labs ECO-AFL/FL [mg/m^3]
# name 6 = upoly0: Upoly 0, Turbidity
# name 7 = xmiss: Beam Transmission, Chelsea/Seatech [%]
# name 8 = depSM: Depth [salt water, m], lat = 58.3387
# name 9 = sal00: Salinity, Practical [PSU]
# name 10 = sbeox0ML/L: Oxygen, SBE 43 [ml/l], WS = 2
# name 11 = flag: flag
# span 0 =          1,       2502       
# span 1 =      1.153,     35.867       
# span 2 =     8.0578,    19.0316       
# span 3 =   3.108520,   3.388946       
# span 4 =     0.5648,     2.8593       
# span 5 =     0.0060,     0.0409       
# span 6 =  0.0941996,  0.1084939       
# span 7 =    67.4573,    93.4621       
# span 8 =      1.142,     35.531       
# span 9 =    23.6345,    31.9749       
# span 10 =     0.1695,     5.7212      
# span 11 = 0.0000e+00, 0.0000e+00      
# interval = seconds: 0.0416667
# start_time = Sep 07 2022 13:20:06 [NMEA time, header]
# bad_flag = -9.990e-29
*END*
[from data line 1204]
       1205     16.381     8.7335   3.109829     1.0359     0.0074  0.0943231    71.0861     16.228    28.9465     0.7539 0.0000e+00
       1206     16.403     8.7143   3.109600     1.0314     0.0073  0.0942959    70.9272     16.250    28.9598     0.7466 0.0000e+00
       1207     16.426     8.6956   3.109395     1.0268     0.0072  0.0942724    70.7789     16.273    28.9729     0.7391 0.0000e+00
       1208     16.448     8.6775   3.109213     1.0223     0.0071  0.0942524    70.6412     16.294    28.9859     0.7319 0.0000e+00
       1209     16.470     8.6598   3.109052     1.0178     0.0070  0.0942357    70.5134     16.316    28.9987     0.7249 0.0000e+00
       1210     16.492     8.6425   3.108914     1.0134     0.0069  0.0942223    70.3941     16.338    29.0114     0.7183 0.0000e+00
       1211     16.514     8.6257   3.108796     1.0090     0.0068  0.0942120    70.2812     16.360    29.0240     0.7118 0.0000e+00
       1212     16.537     8.6094   3.108701     1.0047     0.0067  0.0942048    70.1714     16.383    29.0364     0.7056 0.0000e+00
       1213     16.559     8.5934   3.108624     1.0004     0.0066  0.0942007    70.0621     16.404    29.0487     0.6995 0.0000e+00
       1214     16.581     8.5780   3.108570     0.9961     0.0066  0.0941996    69.9520     16.426    29.0608     0.6935 0.0000e+00
       1215     16.604     8.5629   3.108534     0.9919     0.0065  0.0942014    69.8409     16.449    29.0728     0.6878 0.0000e+00
       1216     16.626     8.5483   3.108520     0.9877     0.0065  0.0942062    69.7298     16.471    29.0847     0.6822 0.0000e+00
       1217     16.648     8.5340   3.108523     0.9836     0.0064  0.0942141    69.6195     16.493    29.0965     0.6769 0.0000e+00
       1218     16.670     8.5201   3.108547     0.9795     0.0064  0.0942251    69.5102     16.514    29.1082     0.6716 0.0000e+00
       1219     16.693     8.5065   3.108590     0.9755     0.0063  0.0942393    69.4026     16.537    29.1198     0.6666 0.0000e+00
       1220     16.715     8.4931   3.108652     0.9715     0.0063  0.0942567    69.2977     16.559    29.1315     0.6617 0.0000e+00
       1221     16.738     8.4801   3.108731     0.9675     0.0062  0.0942775    69.1977     16.582    29.1430     0.6567 0.0000e+00
       1222     16.760     8.4673   3.108829     0.9636     0.0062  0.0943019    69.1047     16.604    29.1546     0.6521 0.0000e+00
       1223     16.782     8.4547   3.108945     0.9598     0.0062  0.0943300    69.0196     16.625    29.1662     0.6477 0.0000e+00
       1224     16.805     8.4423   3.109078     0.9560     0.0062  0.0943619    68.9421     16.648    29.1778     0.6433 0.0000e+00
       1225     16.827     8.4302   3.109230     0.9522     0.0061  0.0943980    68.8687     16.670    29.1894     0.6390 0.0000e+00
       1226     16.849     8.4182   3.109397     0.9485     0.0061  0.0944385    68.7945     16.692    29.2011     0.6349 0.0000e+00
       1227     16.872     8.4065   3.109582     0.9448     0.0061  0.0944836    68.7166     16.714    29.2127     0.6307 0.0000e+00
       1228     16.894     8.3949   3.109783     0.9411     0.0061  0.0945337    68.6344     16.736    29.2244     0.6265 0.0000e+00
       1229     16.916     8.3835   3.110001     0.9375     0.0061  0.0945882    68.5492     16.758    29.2361     0.6226 0.0000e+00
       1230     16.939     8.3723   3.110235     0.9339     0.0060  0.0946451    68.4629     16.781    29.2478     0.6186 0.0000e+00
       1231     16.961     8.3612   3.110485     0.9303     0.0060  0.0947013    68.3776     16.803    29.2596     0.6146 0.0000e+00
       1232     16.983     8.3504   3.110750     0.9268     0.0060  0.0947546    68.2974     16.824    29.2713     0.6109 0.0000e+00
       1233     17.005     8.3397   3.111030     0.9233     0.0060  0.0948045    68.2284     16.846    29.2831     0.6071 0.0000e+00
       1234     17.028     8.3292   3.111326     0.9199     0.0060  0.0948515    68.1764     16.869    29.2949     0.6035 0.0000e+00
       1235     17.050     8.3189   3.111637     0.9165     0.0060  0.0948958    68.1451     16.891    29.3067     0.5999 0.0000e+00
       1236     17.072     8.3087   3.111962     0.9131     0.0060  0.0949377    68.1359     16.913    29.3186     0.5963 0.0000e+00
       1237     17.094     8.2988   3.112302     0.9098     0.0060  0.0949776    68.1483     16.934    29.3304     0.5930 0.0000e+00
       1238     17.117     8.2890   3.112656     0.9065     0.0060  0.0950157    68.1823     16.957    29.3422     0.5896 0.0000e+00
       1239     17.139     8.2794   3.113023     0.9032     0.0060  0.0950523    68.2380     16.979    29.3541     0.5862 0.0000e+00
       1240     17.161     8.2701   3.113403     0.9000     0.0060  0.0950876    68.3146     17.001    29.3658     0.5830 0.0000e+00
       1241     17.183     8.2609   3.113797     0.8968     0.0060  0.0951219    68.4097     17.023    29.3776     0.5797 0.0000e+00
       1242     17.205     8.2521   3.114204     0.8936     0.0060  0.0951554    68.5191     17.044    29.3891     0.5764 0.0000e+00
       1243     17.228     8.2434   3.114624     0.8905     0.0060  0.0951884    68.6388     17.067    29.4008     0.5734 0.0000e+00
       1244     17.250     8.2349   3.115056     0.8874     0.0060  0.0952210    68.7669     17.089    29.4124     0.5703 0.0000e+00
       1245     17.272     8.2267   3.115501     0.8843     0.0060  0.0952535    68.9041     17.111    29.4239     0.5671 0.0000e+00
       1246     17.294     8.2186   3.115957     0.8813     0.0060  0.0952862    69.0527     17.133    29.4354     0.5642 0.0000e+00
       1247     17.316     8.2108   3.116425     0.8783     0.0060  0.0953192    69.2133     17.154    29.4468     0.5613 0.0000e+00
       1248     17.338     8.2032   3.116905     0.8754     0.0060  0.0953529    69.3831     17.176    29.4582     0.5586 0.0000e+00
       1249     17.360     8.1958   3.117398     0.8725     0.0060  0.0953873    69.5587     17.198    29.4696     0.5559 0.0000e+00
       1250     17.382     8.1886   3.117902     0.8696     0.0060  0.0954228    69.7398     17.220    29.4809     0.5532 0.0000e+00
       1251     17.404     8.1817   3.118417     0.8667     0.0060  0.0954597    69.9282     17.242    29.4920     0.5504 0.0000e+00
       1252     17.426     8.1749   3.118942     0.8639     0.0060  0.0954980    70.1262     17.263    29.5032     0.5479 0.0000e+00
       1253     17.448     8.1683   3.119479     0.8611     0.0061  0.0955383    70.3360     17.285    29.5144     0.5454 0.0000e+00
       1254     17.470     8.1619   3.120027     0.8583     0.0061  0.0955806    70.5587     17.307    29.5255     0.5428 0.0000e+00
       1255     17.492     8.1557   3.120586     0.8556     0.0061  0.0956245    70.7942     17.329    29.5365     0.5404 0.0000e+00
       1256     17.514     8.1497   3.121155     0.8529     0.0061  0.0956677    71.0420     17.350    29.5475     0.5379 0.0000e+00
       1257     17.536     8.1439   3.121734     0.8503     0.0061  0.0957080    71.3021     17.372    29.5585     0.5358 0.0000e+00
       1258     17.558     8.1382   3.122323     0.8476     0.0061  0.0957448    71.5748     17.394    29.5694     0.5332 0.0000e+00
       1259     17.580     8.1327   3.122923     0.8450     0.0062  0.0957783    71.8581     17.416    29.5803     0.5310 0.0000e+00
       1260     17.602     8.1275   3.123531     0.8425     0.0062  0.0958089    72.1483     17.438    29.5911     0.5290 0.0000e+00
       1261     17.624     8.1224   3.124150     0.8400     0.0062  0.0958366    72.4418     17.459    29.6019     0.5270 0.0000e+00
       1262     17.646     8.1176   3.124778     0.8375     0.0062  0.0958617    72.7364     17.481    29.6125     0.5249 0.0000e+00
       1263     17.668     8.1130   3.125415     0.8350     0.0063  0.0958844    73.0299     17.503    29.6230     0.5228 0.0000e+00
       1264     17.690     8.1085   3.126062     0.8325     0.0063  0.0959048    73.3210     17.525    29.6336     0.5206 0.0000e+00
       1265     17.712     8.1043   3.126717     0.8301     0.0063  0.0959231    73.6093     17.547    29.6440     0.5187 0.0000e+00
       1266     17.734     8.1003   3.127381     0.8277     0.0064  0.0959394    73.8947     17.568    29.6543     0.5168 0.0000e+00
       1267     17.756     8.0965   3.128054     0.8254     0.0064  0.0959538    74.1770     17.590    29.6646     0.5150 0.0000e+00
       1268     17.778     8.0929   3.128735     0.8230     0.0064  0.0959664    74.4545     17.612    29.6748     0.5130 0.0000e+00
       1269     17.800     8.0895   3.129424     0.8207     0.0065  0.0959773    74.7238     17.634    29.6849     0.5113 0.0000e+00
       1270     17.822     8.0863   3.130119     0.8184     0.0065  0.0959866    74.9817     17.656    29.6949     0.5094 0.0000e+00
       1271     17.844     8.0833   3.130823     0.8162     0.0066  0.0959943    75.2269     17.677    29.7048     0.5078 0.0000e+00
       1272     17.866     8.0805   3.131532     0.8140     0.0066  0.0960005    75.4594     17.699    29.7146     0.5062 0.0000e+00
       1273     17.888     8.0779   3.132249     0.8118     0.0067  0.0960052    75.6795     17.721    29.7243     0.5045 0.0000e+00
       1274     17.910     8.0755   3.132970     0.8096     0.0068  0.0960085    75.8873     17.743    29.7339     0.5027 0.0000e+00
       1275     17.932     8.0732   3.133697     0.8074     0.0068  0.0960104    76.0823     17.765    29.7435     0.5009 0.0000e+00
       1276     17.954     8.0711   3.134429     0.8053     0.0069  0.0960109    76.2638     17.786    29.7529     0.4994 0.0000e+00
       1277     17.976     8.0692   3.135166     0.8032     0.0070  0.0960100    76.4316     17.808    29.7623     0.4977 0.0000e+00
       1278     17.998     8.0674   3.135905     0.8011     0.0071  0.0960077    76.5865     17.830    29.7716     0.4961 0.0000e+00
       1279     18.019     8.0658   3.136649     0.7990     0.0072  0.0960040    76.7293     17.851    29.7807     0.4943 0.0000e+00
       1280     18.041     8.0643   3.137396     0.7970     0.0073  0.0959988    76.8600     17.873    29.7898     0.4928 0.0000e+00
       1281     18.063     8.0630   3.138147     0.7950     0.0074  0.0959930    76.9784     17.894    29.7988     0.4912 0.0000e+00
       1282     18.085     8.0619   3.138900     0.7930     0.0075  0.0959883    77.0852     17.916    29.8076     0.4897 0.0000e+00
       1283     18.106     8.0609   3.139656     0.7911     0.0076  0.0959854    77.1816     17.937    29.8164     0.4883 0.0000e+00
       1284     18.128     8.0601   3.140414     0.7891     0.0077  0.0959843    77.2678     17.959    29.8251     0.4866 0.0000e+00
       1285     18.150     8.0594   3.141173     0.7873     0.0078  0.0959850    77.3435     17.981    29.8336     0.4854 0.0000e+00
       1286     18.172     8.0589   3.141933     0.7854     0.0079  0.0959884    77.4090     18.002    29.8420     0.4839 0.0000e+00
       1287     18.193     8.0584   3.142692     0.7835     0.0080  0.0959954    77.4660     18.023    29.8504     0.4824 0.0000e+00
       1288     18.215     8.0581   3.143452     0.7817     0.0081  0.0960051    77.5156     18.045    29.8586     0.4811 0.0000e+00
       1289     18.237     8.0579   3.144212     0.7799     0.0082  0.0960168    77.5585     18.067    29.8668     0.4798 0.0000e+00
       1290     18.259     8.0578   3.144971     0.7782     0.0083  0.0960305    77.5959     18.088    29.8748     0.4786 0.0000e+00
       1291     18.281     8.0578   3.145730     0.7764     0.0084  0.0960463    77.6284     18.110    29.8828     0.4772 0.0000e+00
       1292     18.302     8.0579   3.146488     0.7747     0.0086  0.0960644    77.6562     18.131    29.8907     0.4760 0.0000e+00
       1293     18.324     8.0580   3.147243     0.7730     0.0087  0.0960849    77.6794     18.153    29.8985     0.4747 0.0000e+00
       1294     18.345     8.0582   3.147997     0.7713     0.0088  0.0961079    77.6987     18.174    29.9063     0.4734 0.0000e+00
       1295     18.367     8.0584   3.148750     0.7696     0.0089  0.0961336    77.7147     18.195    29.9140     0.4721 0.0000e+00
       1296     18.389     8.0587   3.149500     0.7679     0.0091  0.0961621    77.7290     18.217    29.9216     0.4706 0.0000e+00
       1297     18.410     8.0590   3.150247     0.7662     0.0092  0.0961937    77.7445     18.238    29.9292     0.4692 0.0000e+00
       1298     18.432     8.0594   3.150992     0.7646     0.0094  0.0962286    77.7652     18.260    29.9367     0.4680 0.0000e+00
       1299     18.454     8.0598   3.151734     0.7630     0.0095  0.0962670    77.7936     18.282    29.9441     0.4668 0.0000e+00
       1300     18.475     8.0602   3.152472     0.7614     0.0097  0.0963091    77.8296     18.302    29.9515     0.4655 0.0000e+00
       1301     18.497     8.0607   3.153207     0.7598     0.0099  0.0963554    77.8727     18.324    29.9588     0.4641 0.0000e+00
       1302     18.519     8.0612   3.153938     0.7583     0.0101  0.0964060    77.9229     18.346    29.9660     0.4630 0.0000e+00
       1303     18.540     8.0618   3.154663     0.7567     0.0103  0.0964614    77.9802     18.367    29.9731     0.4615 0.0000e+00
       1304     18.562     8.0624   3.155386     0.7552     0.0106  0.0965220    78.0441     18.389    29.9802     0.4603 0.0000e+00
       1305     18.583     8.0630   3.156103     0.7537     0.0108  0.0965881    78.1136     18.409    29.9872     0.4590 0.0000e+00
       1306     18.605     8.0636   3.156815     0.7522     0.0111  0.0966585    78.1878     18.431    29.9942     0.4578 0.0000e+00
       1307     18.627     8.0643   3.157524     0.7508     0.0114  0.0967295    78.2672     18.453    30.0010     0.4567 0.0000e+00
       1308     18.649     8.0650   3.158226     0.7493     0.0117  0.0967981    78.3527     18.475    30.0078     0.4554 0.0000e+00
       1309     18.670     8.0657   3.158925     0.7479     0.0119  0.0968641    78.4457     18.496    30.0146     0.4542 0.0000e+00
       1310     18.692     8.0665   3.159618     0.7464     0.0121  0.0969277    78.5471     18.517    30.0211     0.4528 0.0000e+00
       1311     18.713     8.0673   3.160307     0.7450     0.0124  0.0969896    78.6561     18.538    30.0277     0.4516 0.0000e+00
       1312     18.735     8.0681   3.160991     0.7437     0.0126  0.0970501    78.7714     18.560    30.0342     0.4507 0.0000e+00
       1313     18.756     8.0689   3.161670     0.7423     0.0128  0.0971105    78.8929     18.581    30.0406     0.4494 0.0000e+00
       1314     18.778     8.0698   3.162345     0.7409     0.0130  0.0971720    79.0201     18.603    30.0469     0.4481 0.0000e+00
       1315     18.800     8.0707   3.163016     0.7396     0.0132  0.0972343    79.1517     18.624    30.0532     0.4471 0.0000e+00
       1316     18.821     8.0716   3.163682     0.7383     0.0134  0.0972969    79.2865     18.645    30.0594     0.4460 0.0000e+00
       1317     18.843     8.0726   3.164346     0.7370     0.0136  0.0973603    79.4240     18.667    30.0655     0.4449 0.0000e+00
       1318     18.865     8.0736   3.165005     0.7357     0.0138  0.0974248    79.5636     18.689    30.0716     0.4438 0.0000e+00
       1319     18.886     8.0746   3.165660     0.7344     0.0140  0.0974910    79.7050     18.710    30.0776     0.4427 0.0000e+00
       1320     18.908     8.0756   3.166313     0.7331     0.0142  0.0975593    79.8479     18.731    30.0836     0.4416 0.0000e+00
       1321     18.930     8.0766   3.166962     0.7319     0.0144  0.0976302    79.9924     18.753    30.0896     0.4407 0.0000e+00
       1322     18.951     8.0777   3.167608     0.7306     0.0147  0.0977042    80.1390     18.774    30.0954     0.4394 0.0000e+00
       1323     18.973     8.0788   3.168251     0.7294     0.0149  0.0977818    80.2886     18.796    30.1012     0.4384 0.0000e+00
