data/2022/wednesday_data/Station 6.cnv
* Sea-Bird SBE 9 Data File:
* FileName = C:\Users\ctd-user\Desktop\CTD data\MAR440 Sept 2022\Station 6.hex
* Software Version Seasave V 7.26.2.13
* Temperature SN = 4493
* Conductivity SN = 1899
* Number of Bytes Per Scan = 37
* Number of Voltage Words = 4
* Number of Scans Averaged by the Deck Unit = 1
* NMEA Latitude = 58 19.42 N
* NMEA Longitude = 011 50.12 E
* NMEA UTC (Time) = Sep 07 2022 10:30:22
* NMEA baud rate = 4800
** Ship:
** Station:
** Operator:
# nquan = 12                                
# nvalues = 3123                        
# units = specified
# name 0 = scan: Scan Count
# name 1 = prDM: Pressure, Digiquartz [db]
# name 2 = t090C: Temperature [ITS-90, deg C]
# name 3 = c0S/m: Conductivity [S/m]
# name 4 = sbeox0V: Oxygen raw, SBE 43 [V]
# name 5 = flECO-AFL: Fluorescence, WET Labs ECO-AFL/FL [mg/m^3]
# name 6 = upoly0: Upoly 0, Turbidity
# name 7 = xmiss: Beam Transmission, Chelsea/Seatech [%]
# name 8 = depSM: Depth [salt water, m], lat = 58.3237
# name 9 = sal00: Salinity, Practical [PSU]
# name 10 = sbeox0ML/L: Oxygen, SBE 43 [ml/l], WS = 2
# name 11 = flag: flag
# span 0 =          1,       3123       
# span 1 =      1.130,     13.977       
# span 2 =    15.5672,    18.6784       
# span 3 =   3.267641,   3.376623       
# span 4 =     1.1521,     2.8031       
# span 5 =     0.0106,     0.0203       
# span 6 =  0.0964281,  0.0996034       
# span 7 =    86.3472,    93.5412       
# span 8 =      1.119,     13.847       
# span 9 =    23.6684,    25.9997       
# span 10 =     1.6174,     5.6092      
# span 11 = 0.0000e+00, 0.0000e+00      
# interval = seconds: 0.0416667
# start_time = Sep 07 2022 10:30:22 [NMEA time, header]
# bad_flag = -9.990e-29
*END*
[from data line 2286]
       2287     13.959    15.7843   3.327770     1.5222     0.0127  0.0969585    91.6989     13.829    25.8510     2.6028 -9.990e-29
       2288     13.960    15.8022   3.327865     1.5223     0.0127  0.0969472    91.6979     13.830    25.8401     2.6029 -9.990e-29
       2289     13.960    15.8187   3.327961     1.5223     0.0127  0.0969342    91.6983     13.830    25.8302     2.6027 -9.990e-29
       2290     13.960    15.8335   3.328059     1.5224     0.0127  0.0969195    91.7005     13.830    25.8214     2.6030 -9.990e-29
       2291     13.960    15.8466   3.328155     1.5225     0.0126  0.0969037    91.7049     13.830    25.8137     2.6032 -9.990e-29
       2292     13.959    15.8581   3.328252     1.5226     0.0126  0.0968886    91.7111     13.829    25.8071     2.6036 -9.990e-29
       2293     13.959    15.8683   3.328352     1.5227     0.0126  0.0968747    91.7185     13.829    25.8013     2.6040 -9.990e-29
       2294     13.959    15.8771   3.328453     1.5228     0.0126  0.0968621    91.7264     13.829    25.7965     2.6045 -9.990e-29
       2295     13.960    15.8846   3.328557     1.5229     0.0126  0.0968506    91.7346     13.830    25.7925     2.6051 -9.990e-29
       2296     13.960    15.8906   3.328663     1.5230     0.0125  0.0968401    91.7427     13.830    25.7895     2.6057 -9.990e-29
       2297     13.960    15.8957   3.328773     1.5231     0.0125  0.0968306    91.7502     13.830    25.7871     2.6063 -9.990e-29
       2298     13.960    15.9004   3.328886     1.5232     0.0125  0.0968220    91.7567     13.830    25.7851     2.6070 -9.990e-29
       2299     13.959    15.9051   3.329003     1.5234     0.0125  0.0968143    91.7621     13.829    25.7830     2.6080 -9.990e-29
       2300     13.959    15.9100   3.329124     1.5235     0.0125  0.0968074    91.7663     13.829    25.7809     2.6087 -9.990e-29
       2301     13.959    15.9150   3.329247     1.5237     0.0125  0.0968012    91.7695     13.829    25.7787     2.6097 -9.990e-29
       2302     13.959    15.9199   3.329369     1.5238     0.0125  0.0967958    91.7718     13.829    25.7765     2.6104 -9.990e-29
       2303     13.959    15.9244   3.329491     1.5240     0.0125  0.0967910    91.7728     13.829    25.7747     2.6114 -9.990e-29
       2304     13.959    15.9281   3.329610     1.5241     0.0125  0.0967868    91.7725     13.829    25.7733     2.6123 -9.990e-29
       2305     13.959    15.9310   3.329724     1.5243     0.0125  0.0967833    91.7707     13.829    25.7724     2.6134 -9.990e-29
       2306     13.959    15.9330   3.329835     1.5244     0.0124  0.0967803    91.7675     13.829    25.7720     2.6144 -9.990e-29
       2307     13.959    15.9342   3.329942     1.5246     0.0124  0.0967779    91.7633     13.829    25.7722     2.6156 -9.990e-29
       2308     13.959    15.9349   3.330047     1.5248     0.0124  0.0967760    91.7579     13.829    25.7726     2.6168 -9.990e-29
       2309     13.959    15.9353   3.330150     1.5250     0.0124  0.0967747    91.7511     13.829    25.7732     2.6182 -9.990e-29
       2310     13.959    15.9350   3.330251     1.5252     0.0124  0.0967739    91.7431     13.829    25.7743     2.6195 -9.990e-29
       2311     13.959    15.9337   3.330347     1.5254     0.0124  0.0967736    91.7339     13.829    25.7760     2.6209 -9.990e-29
       2312     13.959    15.9315   3.330438     1.5256     0.0124  0.0967738    91.7240     13.829    25.7782     2.6224 -9.990e-29
       2313     13.959    15.9288   3.330527     1.5258     0.0124  0.0967746    91.7143     13.829    25.7807     2.6239 -9.990e-29
       2314     13.959    15.9256   3.330614     1.5261     0.0124  0.0967758    91.7055     13.829    25.7835     2.6256 -9.990e-29
       2315     13.959    15.9216   3.330697     1.5263     0.0124  0.0967776    91.6977     13.829    25.7868     2.6272 -9.990e-29
       2316     13.958    15.9166   3.330777     1.5266     0.0124  0.0967800    91.6904     13.828    25.7907     2.6291 -9.990e-29
       2317     13.958    15.9106   3.330853     1.5269     0.0124  0.0967829    91.6828     13.828    25.7953     2.6310 -9.990e-29
       2318     13.958    15.9042   3.330927     1.5272     0.0124  0.0967863    91.6747     13.828    25.8001     2.6329 -9.990e-29
       2319     13.958    15.8980   3.331004     1.5274     0.0124  0.0967904    91.6659     13.828    25.8048     2.6346 -9.990e-29
       2320     13.958    15.8924   3.331081     1.5277     0.0124  0.0967951    91.6567     13.828    25.8091     2.6365 -9.990e-29
       2321     13.958    15.8877   3.331162     1.5280     0.0124  0.0968005    91.6471     13.828    25.8128     2.6383 -9.990e-29
       2322     13.958    15.8835   3.331245     1.5283     0.0124  0.0968066    91.6370     13.828    25.8162     2.6401 -9.990e-29
       2323     13.958    15.8796   3.331328     1.5287     0.0124  0.0968134    91.6263     13.828    25.8195     2.6421 -9.990e-29
       2324     13.958    15.8756   3.331410     1.5290     0.0124  0.0968210    91.6155     13.828    25.8228     2.6439 -9.990e-29
       2325     13.958    15.8715   3.331493     1.5293     0.0124  0.0968295    91.6051     13.828    25.8262     2.6457 -9.990e-29
       2326     13.958    15.8671   3.331573     1.5297     0.0124  0.0968388    91.5960     13.828    25.8297     2.6477 -9.990e-29
       2327     13.958    15.8629   3.331655     1.5300     0.0124  0.0968491    91.5882     13.828    25.8331     2.6494 -9.990e-29
       2328     13.958    15.8592   3.331738     1.5304     0.0124  0.0968605    91.5818     13.828    25.8363     2.6514 -9.990e-29
       2329     13.958    15.8564   3.331824     1.5308     0.0124  0.0968730    91.5767     13.828    25.8388     2.6532 -9.990e-29
       2330     13.958    15.8549   3.331916     1.5312     0.0124  0.0968867    91.5726     13.828    25.8406     2.6550 -9.990e-29
       2331     13.958    15.8545   3.332010     1.5315     0.0124  0.0969017    91.5695     13.828    25.8417     2.6564 -9.990e-29
       2332     13.958    15.8552   3.332108     1.5319     0.0124  0.0969181    91.5670     13.828    25.8420     2.6580 -9.990e-29
       2333     13.958    15.8567   3.332207     1.5324     0.0125  0.0969360    91.5647     13.828    25.8419     2.6598 -9.990e-29
       2334     13.958    15.8589   3.332309     1.5328     0.0125  0.0969556    91.5626     13.828    25.8414     2.6613 -9.990e-29
       2335     13.958    15.8612   3.332410     1.5332     0.0125  0.0969769    91.5608     13.828    25.8407     2.6627 -9.990e-29
       2336     13.958    15.8635   3.332509     1.5337     0.0125  0.0970002    91.5593     13.828    25.8401     2.6643 -9.990e-29
       2337     13.958    15.8656   3.332608     1.5341     0.0125  0.0970255    91.5581     13.828    25.8396     2.6657 -9.990e-29
       2338     13.958    15.8674   3.332704     1.5346     0.0125  0.0970532    91.5576     13.828    25.8392     2.6672 -9.990e-29
       2339     13.958    15.8688   3.332798     1.5350     0.0125  0.0970833    91.5577     13.828    25.8391     2.6685 -9.990e-29
       2340     13.958    15.8697   3.332891     1.5355     0.0125  0.0971160    91.5582     13.828    25.8393     2.6700 -9.990e-29
       2341     13.958    15.8701   3.332980     1.5359     0.0125  0.0971517    91.5588     13.828    25.8398     2.6713 -9.990e-29
       2342     13.958    15.8702   3.333070     1.5364     0.0125  0.0971897    91.5598     13.828    25.8405     2.6728 -9.990e-29
       2343     13.958    15.8700   3.333160     1.5368     0.0125  0.0972276    91.5612     13.828    25.8414     2.6740 -9.990e-29
       2344     13.957    15.8698   3.333250     1.5373     0.0125  0.0972633    91.5631     13.827    25.8423     2.6754 -9.990e-29
       2345     13.957    15.8694   3.333341     1.5377     0.0125  0.0972961    91.5652     13.827    25.8434     2.6765 -9.990e-29
       2346     13.957    15.8690   3.333432     1.5382     0.0126  0.0973263    91.5679     13.827    25.8444     2.6778 -9.990e-29
       2347     13.957    15.8686   3.333524     1.5386     0.0126  0.0973541    91.5716     13.827    25.8455     2.6788 -9.990e-29
       2348     13.957    15.8682   3.333616     1.5391     0.0126  0.0973796    91.5766     13.827    25.8465     2.6800 -9.990e-29
       2349     13.957    15.8681   3.333709     1.5395     0.0126  0.0974030    91.5829     13.827    25.8474     2.6810 -9.990e-29
       2350     13.957    15.8684   3.333803     1.5400     0.0126  0.0974245    91.5901     13.827    25.8480     2.6821 -9.990e-29
       2351     13.958    15.8691   3.333897     1.5404     0.0126  0.0974443    91.5976     13.828    25.8483     2.6829 -9.990e-29
       2352     13.958    15.8703   3.333991     1.5409     0.0126  0.0974625    91.6045     13.828    25.8484     2.6839 -9.990e-29
       2353     13.958    15.8717   3.334083     1.5413     0.0126  0.0974791    91.6101     13.828    25.8482     2.6846 -9.990e-29
       2354     13.958    15.8732   3.334175     1.5417     0.0126  0.0974944    91.6136     13.828    25.8481     2.6853 -9.990e-29
       2355     13.958    15.8750   3.334267     1.5421     0.0126  0.0975085    91.6147     13.828    25.8477     2.6859 -9.990e-29
       2356     13.958    15.8772   3.334360     1.5426     0.0126  0.0975214    91.6133     13.828    25.8470     2.6866 -9.990e-29
       2357     13.958    15.8799   3.334454     1.5430     0.0127  0.0975331    91.6092     13.828    25.8461     2.6871 -9.990e-29
       2358     13.958    15.8830   3.334549     1.5434     0.0127  0.0975439    91.6028     13.828    25.8449     2.6876 -9.990e-29
       2359     13.958    15.8867   3.334646     1.5438     0.0127  0.0975538    91.5943     13.828    25.8433     2.6880 -9.990e-29
       2360     13.958    15.8907   3.334744     1.5442     0.0127  0.0975628    91.5840     13.828    25.8416     2.6883 -9.990e-29
       2361     13.958    15.8952   3.334842     1.5446     0.0127  0.0975711    91.5723     13.828    25.8395     2.6886 -9.990e-29
       2362     13.958    15.8999   3.334941     1.5450     0.0127  0.0975786    91.5603     13.828    25.8373     2.6889 -9.990e-29
       2363     13.958    15.9049   3.335040     1.5454     0.0128  0.0975854    91.5497     13.828    25.8349     2.6891 -9.990e-29
       2364     13.958    15.9101   3.335138     1.5458     0.0128  0.0975916    91.5426     13.828    25.8323     2.6893 -9.990e-29
       2365     13.957    15.9153   3.335235     1.5462     0.0128  0.0975972    91.5400     13.827    25.8298     2.6895 -9.990e-29
       2366     13.957    15.9206   3.335332     1.5466     0.0128  0.0976022    91.5417     13.827    25.8272     2.6897 -9.990e-29
       2367     13.957    15.9258   3.335428     1.5469     0.0129  0.0976067    91.5465     13.827    25.8246     2.6896 -9.990e-29
       2368     13.957    15.9312   3.335524     1.5473     0.0129  0.0976108    91.5536     13.827    25.8219     2.6897 -9.990e-29
       2369     13.957    15.9368   3.335621     1.5476     0.0129  0.0976144    91.5622     13.827    25.8191     2.6896 -9.990e-29
       2370     13.957    15.9428   3.335720     1.5480     0.0129  0.0976175    91.5713     13.827    25.8161     2.6897 -9.990e-29
       2371     13.957    15.9491   3.335818     1.5483     0.0130  0.0976203    91.5801     13.827    25.8128     2.6895 -9.990e-29
       2372     13.957    15.9556   3.335919     1.5487     0.0130  0.0976226    91.5878     13.827    25.8095     2.6895 -9.990e-29
       2373     13.957    15.9623   3.336020     1.5490     0.0130  0.0976246    91.5941     13.827    25.8060     2.6893 -9.990e-29
       2374     13.957    15.9689   3.336121     1.5493     0.0130  0.0976262    91.5987     13.827    25.8026     2.6891 -9.990e-29
       2375     13.957    15.9751   3.336220     1.5497     0.0130  0.0976275    91.6023     13.827    25.7994     2.6891 -9.990e-29
       2376     13.957    15.9807   3.336315     1.5500     0.0131  0.0976284    91.6054     13.827    25.7966     2.6890 -9.990e-29
       2377     13.957    15.9858   3.336407     1.5503     0.0131  0.0976290    91.6089     13.827    25.7940     2.6889 -9.990e-29
       2378     13.957    15.9902   3.336497     1.5505     0.0131  0.0976293    91.6132     13.827    25.7920     2.6886 -9.990e-29
       2379     13.957    15.9939   3.336583     1.5508     0.0131  0.0976292    91.6193     13.827    25.7903     2.6886 -9.990e-29
       2380     13.957    15.9965   3.336663     1.5511     0.0131  0.0976288    91.6278     13.827    25.7893     2.6886 -9.990e-29
       2381     13.957    15.9981   3.336739     1.5514     0.0131  0.0976281    91.6388     13.827    25.7889     2.6887 -9.990e-29
       2382     13.957    15.9990   3.336810     1.5517     0.0131  0.0976271    91.6517     13.827    25.7889     2.6889 -9.990e-29
       2383     13.957    15.9992   3.336878     1.5519     0.0131  0.0976257    91.6654     13.827    25.7894     2.6888 -9.990e-29
       2384     13.957    15.9991   3.336944     1.5522     0.0132  0.0976239    91.6794     13.827    25.7900     2.6891 -9.990e-29
       2385     13.957    15.9988   3.337007     1.5524     0.0132  0.0976218    91.6926     13.827    25.7907     2.6891 -9.990e-29
       2386     13.957    15.9984   3.337067     1.5526     0.0132  0.0976193    91.7044     13.827    25.7915     2.6891 -9.990e-29
       2387     13.957    15.9979   3.337125     1.5528     0.0132  0.0976164    91.7149     13.827    25.7923     2.6892 -9.990e-29
       2388     13.957    15.9975   3.337182     1.5531     0.0132  0.0976131    91.7249     13.827    25.7931     2.6895 -9.990e-29
       2389     13.957    15.9971   3.337236     1.5533     0.0132  0.0976093    91.7349     13.827    25.7938     2.6897 -9.990e-29
       2390     13.957    15.9966   3.337287     1.5535     0.0132  0.0976051    91.7454     13.827    25.7946     2.6898 -9.990e-29
       2391     13.957    15.9961   3.337335     1.5537     0.0132  0.0976004    91.7562     13.827    25.7953     2.6900 -9.990e-29
       2392     13.957    15.9956   3.337380     1.5539     0.0132  0.0975952    91.7669     13.827    25.7960     2.6901 -9.990e-29
       2393     13.957    15.9949   3.337422     1.5541     0.0133  0.0975902    91.7768     13.827    25.7968     2.6904 -9.990e-29
       2394     13.957    15.9942   3.337462     1.5543     0.0133  0.0975872    91.7856     13.827    25.7976     2.6906 -9.990e-29
       2395     13.957    15.9934   3.337499     1.5545     0.0133  0.0975869    91.7932     13.827    25.7985     2.6908 -9.990e-29
       2396     13.957    15.9926   3.337535     1.5546     0.0133  0.0975895    91.7997     13.827    25.7993     2.6908 -9.990e-29
       2397     13.957    15.9920   3.337569     1.5548     0.0133  0.0975948    91.8054     13.827    25.8000     2.6911 -9.990e-29
       2398     13.957    15.9916   3.337602     1.5550     0.0133  0.0976030    91.8106     13.827    25.8005     2.6913 -9.990e-29
       2399     13.957    15.9913   3.337634     1.5552     0.0133  0.0976140    91.8156     13.827    25.8010     2.6916 -9.990e-29
       2400     13.957    15.9912   3.337665     1.5555     0.0133  0.0976281    91.8205     13.827    25.8013     2.6921 -9.990e-29
       2401     13.957    15.9910   3.337694     1.5557     0.0133  0.0976460    91.8252     13.827    25.8017     2.6924 -9.990e-29
       2402     13.957    15.9906   3.337720     1.5559     0.0133  0.0976688    91.8291     13.827    25.8022     2.6927 -9.990e-29
       2403     13.957    15.9902   3.337745     1.5561     0.0133  0.0976958    91.8319     13.827    25.8026     2.6930 -9.990e-29
       2404     13.957    15.9900   3.337768     1.5563     0.0133  0.0977263    91.8332     13.827    25.8030     2.6933 -9.990e-29
       2405     13.957    15.9901   3.337793     1.5565     0.0133  0.0977606    91.8333     13.827    25.8031     2.6937 -9.990e-29
       2406     13.957    15.9905   3.337816     1.5567     0.0133  0.0977989    91.8330     13.827    25.8030     2.6940 -9.990e-29
