data/2022/wednesday_data/Station 3.cnv
* Sea-Bird SBE 9 Data File:
* FileName = C:\Users\ctd-user\Desktop\CTD data\MAR440 Sept 2022\Station 3.hex
* Software Version Seasave V 7.26.2.13
* Temperature SN = 4493
* Conductivity SN = 1899
* Number of Bytes Per Scan = 37
* Number of Voltage Words = 4
* Number of Scans Averaged by the Deck Unit = 1
* NMEA Latitude = 58 20.20 N
* NMEA Longitude = 011 53.04 E
* NMEA UTC (Time) = Sep 07 2022 12:43:03
* NMEA baud rate = 4800
** Ship: Skagerrak
** Station: 3
** Operator: Ida
# nquan = 12                                
# nvalues = 5347                        
# units = specified
# name 0 = scan: Scan Count
# name 1 = prDM: Pressure, Digiquartz [db]
# name 2 = t090C: Temperature [ITS-90, deg C]
# name 3 = c0S/m: Conductivity [S/m]
# name 4 = sbeox0V: Oxygen raw, SBE 43 [V]
# name 5 = flECO-AFL: Fluorescence, WET Labs ECO-AFL/FL [mg/m^3]
# name 6 = upoly0: Upoly 0, Turbidity
# name 7 = xmiss: Beam Transmission, Chelsea/Seatech [%]
# name 8 = depSM: Depth [salt water, m], lat = 58.3367
# name 9 = sal00: Salinity, Practical [PSU]
# name 10 = sbeox0ML/L: Oxygen, SBE 43 [ml/l], WS = 2
# name 11 = flag: flag
# span 0 =          1,       5347       
# span 1 =      1.032,     41.245       
# span 2 =     8.0680,    18.7544       
# span 3 =   3.111055,   3.392990       
# span 4 =     0.5329,     2.8413       
# span 5 =     0.0066,     0.0402       
# span 6 =  0.0940868,  0.1077413       
# span 7 =    62.9696,    94.6932       
# span 8 =      1.022,     40.858       
# span 9 =    23.6035,    32.0260       
# span 10 =     0.0792,     5.6953      
# span 11 = 0.0000e+00, 0.0000e+00      
# interval = seconds: 0.0416667
# start_time = Sep 07 2022 12:43:03 [NMEA time, header]
# bad_flag = -9.990e-29
*END*
[from data line 2647]
       2648     41.209     8.5826   3.389758     0.5497     0.0149  0.0948258    92.0946     40.822    31.9703     0.1263 -9.990e-29
       2649     41.208     8.5826   3.389767     0.5496     0.0149  0.0948324    92.0880     40.821    31.9704     0.1260 -9.990e-29
       2650     41.208     8.5826   3.389776     0.5496     0.0149  0.0948397    92.0812     40.821    31.9705     0.1260 -9.990e-29
       2651     41.208     8.5826   3.389785     0.5496     0.0149  0.0948476    92.0749     40.821    31.9706     0.1261 -9.990e-29
       2652     41.208     8.5826   3.389793     0.5496     0.0149  0.0948563    92.0698     40.821    31.9707     0.1261 -9.990e-29
       2653     41.207     8.5826   3.389802     0.5496     0.0149  0.0948657    92.0661     40.820    31.9708     0.1262 -9.990e-29
       2654     41.207     8.5826   3.389810     0.5496     0.0149  0.0948759    92.0634     40.820    31.9709     0.1263 -9.990e-29
       2655     41.207     8.5826   3.389819     0.5496     0.0149  0.0948870    92.0612     40.820    31.9710     0.1263 -9.990e-29
       2656     41.207     8.5827   3.389828     0.5496     0.0149  0.0948991    92.0592     40.820    31.9710     0.1263 -9.990e-29
       2657     41.206     8.5827   3.389837     0.5496     0.0150  0.0949123    92.0573     40.819    31.9711     0.1263 -9.990e-29
       2658     41.206     8.5827   3.389845     0.5496     0.0150  0.0949267    92.0556     40.819    31.9712     0.1263 -9.990e-29
       2659     41.206     8.5827   3.389853     0.5495     0.0150  0.0949422    92.0547     40.819    31.9713     0.1261 -9.990e-29
       2660     41.205     8.5827   3.389861     0.5495     0.0150  0.0949592    92.0553     40.818    31.9713     0.1261 -9.990e-29
       2661     41.205     8.5827   3.389868     0.5495     0.0150  0.0949776    92.0577     40.818    31.9714     0.1261 -9.990e-29
       2662     41.205     8.5826   3.389874     0.5495     0.0150  0.0949968    92.0613     40.818    31.9716     0.1261 -9.990e-29
       2663     41.205     8.5826   3.389881     0.5495     0.0150  0.0950152    92.0655     40.818    31.9716     0.1262 -9.990e-29
       2664     41.204     8.5826   3.389887     0.5495     0.0150  0.0950321    92.0699     40.817    31.9717     0.1262 -9.990e-29
       2665     41.204     8.5826   3.389893     0.5494     0.0150  0.0950476    92.0741     40.817    31.9718     0.1260 -9.990e-29
       2666     41.204     8.5827   3.389898     0.5494     0.0150  0.0950618    92.0778     40.817    31.9717     0.1260 -9.990e-29
       2667     41.204     8.5827   3.389903     0.5494     0.0150  0.0950747    92.0809     40.817    31.9718     0.1260 -9.990e-29
       2668     41.203     8.5827   3.389908     0.5494     0.0150  0.0950866    92.0837     40.816    31.9718     0.1261 -9.990e-29
       2669     41.203     8.5827   3.389912     0.5494     0.0150  0.0950974    92.0866     40.816    31.9719     0.1261 -9.990e-29
       2670     41.203     8.5828   3.389916     0.5494     0.0150  0.0951073    92.0896     40.816    31.9718     0.1261 -9.990e-29
       2671     41.202     8.5828   3.389919     0.5494     0.0150  0.0951163    92.0926     40.815    31.9719     0.1261 -9.990e-29
       2672     41.202     8.5829   3.389922     0.5494     0.0150  0.0951244    92.0956     40.815    31.9718     0.1261 -9.990e-29
       2673     41.202     8.5829   3.389923     0.5494     0.0150  0.0951318    92.0985     40.815    31.9718     0.1262 -9.990e-29
       2674     41.202     8.5830   3.389923     0.5494     0.0150  0.0951385    92.1011     40.815    31.9717     0.1262 -9.990e-29
       2675     41.201     8.5831   3.389922     0.5494     0.0150  0.0951446    92.1036     40.814    31.9716     0.1262 -9.990e-29
       2676     41.201     8.5832   3.389920     0.5494     0.0150  0.0951500    92.1060     40.814    31.9715     0.1262 -9.990e-29
       2677     41.201     8.5833   3.389915     0.5494     0.0150  0.0951548    92.1082     40.814    31.9714     0.1262 -9.990e-29
       2678     41.200     8.5834   3.389909     0.5494     0.0150  0.0951590    92.1103     40.813    31.9712     0.1262 -9.990e-29
       2679     41.200     8.5834   3.389900     0.5493     0.0150  0.0951628    92.1122     40.813    31.9711     0.1260 -9.990e-29
       2680     41.199     8.5835   3.389888     0.5493     0.0150  0.0951660    92.1137     40.812    31.9709     0.1260 -9.990e-29
       2681     41.199     8.5836   3.389875     0.5493     0.0150  0.0951687    92.1149     40.812    31.9707     0.1261 -9.990e-29
       2682     41.198     8.5837   3.389858     0.5493     0.0150  0.0951711    92.1161     40.811    31.9704     0.1261 -9.990e-29
       2683     41.198     8.5837   3.389838     0.5493     0.0150  0.0951729    92.1178     40.811    31.9702     0.1261 -9.990e-29
       2684     41.197     8.5838   3.389814     0.5493     0.0150  0.0951743    92.1202     40.810    31.9699     0.1261 -9.990e-29
       2685     41.197     8.5839   3.389789     0.5493     0.0150  0.0951754    92.1231     40.810    31.9695     0.1261 -9.990e-29
       2686     41.196     8.5839   3.389761     0.5493     0.0150  0.0951760    92.1266     40.809    31.9692     0.1261 -9.990e-29
       2687     41.196     8.5840   3.389733     0.5493     0.0150  0.0951762    92.1306     40.809    31.9688     0.1261 -9.990e-29
       2688     41.196     8.5841   3.389705     0.5493     0.0150  0.0951759    92.1352     40.809    31.9684     0.1260 -9.990e-29
       2689     41.195     8.5841   3.389676     0.5493     0.0150  0.0951753    92.1402     40.808    31.9681     0.1260 -9.990e-29
       2690     41.195     8.5842   3.389648     0.5493     0.0149  0.0951743    92.1453     40.808    31.9678     0.1260 -9.990e-29
       2691     41.194     8.5842   3.389621     0.5493     0.0149  0.0951729    92.1503     40.807    31.9675     0.1259 -9.990e-29
       2692     41.194     8.5843   3.389594     0.5493     0.0149  0.0951710    92.1552     40.807    31.9671     0.1258 -9.990e-29
       2693     41.193     8.5843   3.389568     0.5492     0.0149  0.0951687    92.1598     40.806    31.9668     0.1254 -9.990e-29
       2694     41.193     8.5844   3.389542     0.5492     0.0149  0.0951659    92.1642     40.806    31.9665     0.1253 -9.990e-29
       2695     41.192     8.5844   3.389518     0.5492     0.0149  0.0951627    92.1681     40.805    31.9662     0.1252 -9.990e-29
       2696     41.192     8.5845   3.389495     0.5492     0.0149  0.0951589    92.1716     40.805    31.9659     0.1251 -9.990e-29
       2697     41.192     8.5845   3.389472     0.5492     0.0149  0.0951546    92.1749     40.805    31.9656     0.1250 -9.990e-29
       2698     41.191     8.5845   3.389451     0.5492     0.0149  0.0951498    92.1781     40.804    31.9654     0.1249 -9.990e-29
       2699     41.191     8.5846   3.389430     0.5492     0.0149  0.0951444    92.1815     40.804    31.9651     0.1248 -9.990e-29
       2700     41.191     8.5846   3.389411     0.5492     0.0149  0.0951384    92.1854     40.804    31.9649     0.1247 -9.990e-29
       2701     41.190     8.5846   3.389392     0.5492     0.0149  0.0951317    92.1899     40.803    31.9647     0.1246 -9.990e-29
       2702     41.190     8.5847   3.389374     0.5492     0.0149  0.0951243    92.1949     40.803    31.9644     0.1245 -9.990e-29
       2703     41.189     8.5847   3.389357     0.5492     0.0149  0.0951161    92.1999     40.802    31.9643     0.1244 -9.990e-29
       2704     41.189     8.5848   3.389340     0.5492     0.0149  0.0951071    92.2047     40.802    31.9640     0.1243 -9.990e-29
       2705     41.189     8.5848   3.389324     0.5492     0.0149  0.0950972    92.2092     40.802    31.9638     0.1242 -9.990e-29
       2706     41.188     8.5848   3.389309     0.5491     0.0149  0.0950863    92.2131     40.801    31.9637     0.1239 -9.990e-29
       2707     41.188     8.5849   3.389294     0.5491     0.0149  0.0950744    92.2164     40.801    31.9634     0.1238 -9.990e-29
       2708     41.187     8.5849   3.389280     0.5491     0.0149  0.0950614    92.2192     40.800    31.9633     0.1237 -9.990e-29
       2709     41.187     8.5849   3.389267     0.5491     0.0149  0.0950472    92.2216     40.800    31.9631     0.1236 -9.990e-29
       2710     41.186     8.5850   3.389254     0.5491     0.0149  0.0950317    92.2237     40.799    31.9629     0.1235 -9.990e-29
       2711     41.186     8.5850   3.389241     0.5490     0.0149  0.0950148    92.2253     40.799    31.9628     0.1232 -9.990e-29
       2712     41.186     8.5851   3.389229     0.5490     0.0149  0.0949964    92.2265     40.799    31.9626     0.1232 -9.990e-29
       2713     41.185     8.5851   3.389217     0.5490     0.0149  0.0949771    92.2271     40.798    31.9624     0.1231 -9.990e-29
       2714     41.185     8.5852   3.389206     0.5490     0.0149  0.0949587    92.2269     40.798    31.9622     0.1231 -9.990e-29
       2715     41.185     8.5852   3.389196     0.5489     0.0149  0.0949417    92.2261     40.798    31.9621     0.1228 -9.990e-29
       2716     41.185     8.5852   3.389185     0.5489     0.0149  0.0949260    92.2249     40.798    31.9620     0.1229 -9.990e-29
       2717     41.184     8.5853   3.389175     0.5488     0.0149  0.0949116    92.2235     40.797    31.9618     0.1226 -9.990e-29
       2718     41.184     8.5853   3.389166     0.5488     0.0149  0.0948984    92.2219     40.797    31.9617     0.1226 -9.990e-29
       2719     41.184     8.5853   3.389156     0.5488     0.0149  0.0948862    92.2199     40.797    31.9616     0.1226 -9.990e-29
       2720     41.184     8.5854   3.389147     0.5487     0.0149  0.0948750    92.2174     40.797    31.9614     0.1224 -9.990e-29
       2721     41.184     8.5854   3.389138     0.5487     0.0149  0.0948647    92.2144     40.797    31.9613     0.1224 -9.990e-29
       2722     41.183     8.5854   3.389129     0.5487     0.0149  0.0948552    92.2108     40.796    31.9612     0.1224 -9.990e-29
       2723     41.183     8.5855   3.389120     0.5487     0.0149  0.0948465    92.2069     40.796    31.9611     0.1224 -9.990e-29
       2724     41.183     8.5855   3.389112     0.5486     0.0149  0.0948385    92.2028     40.796    31.9610     0.1221 -9.990e-29
       2725     41.183     8.5855   3.389103     0.5486     0.0149  0.0948311    92.1987     40.796    31.9609     0.1222 -9.990e-29
       2726     41.183     8.5856   3.389095     0.5486     0.0149  0.0948243    92.1946     40.796    31.9607     0.1223 -9.990e-29
       2727     41.183     8.5856   3.389087     0.5486     0.0149  0.0948181    92.1906     40.796    31.9606     0.1223 -9.990e-29
       2728     41.183     8.5856   3.389079     0.5486     0.0149  0.0948123    92.1868     40.796    31.9605     0.1224 -9.990e-29
       2729     41.183     8.5857   3.389072     0.5486     0.0149  0.0948071    92.1833     40.796    31.9604     0.1225 -9.990e-29
       2730     41.182     8.5857   3.389064     0.5486     0.0149  0.0948022    92.1802     40.795    31.9603     0.1227 -9.990e-29
       2731     41.182     8.5857   3.389057     0.5486     0.0149  0.0947977    92.1775     40.795    31.9602     0.1228 -9.990e-29
       2732     41.182     8.5858   3.389049     0.5485     0.0149  0.0947936    92.1753     40.795    31.9600     0.1226 -9.990e-29
       2733     41.182     8.5858   3.389042     0.5485     0.0149  0.0947899    92.1736     40.795    31.9600     0.1227 -9.990e-29
       2734     41.181     8.5859   3.389035     0.5485     0.0149  0.0947864    92.1723     40.794    31.9598     0.1228 -9.990e-29
       2735     41.181     8.5859   3.389028     0.5485     0.0149  0.0947832    92.1711     40.794    31.9597     0.1229 -9.990e-29
       2736     41.181     8.5859   3.389021     0.5485     0.0150  0.0947803    92.1698     40.794    31.9597     0.1230 -9.990e-29
       2737     41.181     8.5860   3.389015     0.5485     0.0150  0.0947776    92.1682     40.794    31.9595     0.1231 -9.990e-29
       2738     41.180     8.5860   3.389009     0.5485     0.0150  0.0947752    92.1661     40.793    31.9594     0.1232 -9.990e-29
       2739     41.180     8.5860   3.389004     0.5485     0.0150  0.0947729    92.1634     40.793    31.9594     0.1233 -9.990e-29
       2740     41.180     8.5861   3.388999     0.5485     0.0150  0.0947708    92.1602     40.793    31.9593     0.1234 -9.990e-29
       2741     41.180     8.5861   3.388995     0.5485     0.0150  0.0947689    92.1567     40.793    31.9592     0.1235 -9.990e-29
       2742     41.179     8.5861   3.388991     0.5485     0.0150  0.0947672    92.1532     40.792    31.9592     0.1235 -9.990e-29
       2743     41.179     8.5861   3.388988     0.5485     0.0150  0.0947656    92.1500     40.792    31.9591     0.1236 -9.990e-29
       2744     41.179     8.5861   3.388984     0.5485     0.0150  0.0947641    92.1472     40.792    31.9591     0.1236 -9.990e-29
       2745     41.179     8.5862   3.388981     0.5484     0.0150  0.0947628    92.1446     40.792    31.9590     0.1234 -9.990e-29
       2746     41.179     8.5862   3.388978     0.5484     0.0150  0.0947615    92.1422     40.792    31.9589     0.1234 -9.990e-29
       2747     41.178     8.5862   3.388973     0.5484     0.0150  0.0947604    92.1397     40.791    31.9589     0.1235 -9.990e-29
       2748     41.178     8.5862   3.388969     0.5484     0.0150  0.0947594    92.1371     40.791    31.9589     0.1235 -9.990e-29
       2749     41.178     8.5862   3.388965     0.5484     0.0150  0.0947585    92.1346     40.791    31.9588     0.1236 -9.990e-29
       2750     41.178     8.5862   3.388960     0.5484     0.0150  0.0947577    92.1327     40.791    31.9588     0.1236 -9.990e-29
       2751     41.178     8.5862   3.388955     0.5484     0.0150  0.0947569    92.1322     40.791    31.9587     0.1236 -9.990e-29
       2752     41.178     8.5862   3.388949     0.5484     0.0150  0.0947563    92.1334     40.791    31.9586     0.1236 -9.990e-29
       2753     41.178     8.5863   3.388942     0.5484     0.0150  0.0947556    92.1360     40.791    31.9585     0.1236 -9.990e-29
       2754     41.178     8.5863   3.388934     0.5484     0.0150  0.0947551    92.1395     40.791    31.9584     0.1236 -9.990e-29
       2755     41.178     8.5863   3.388925     0.5484     0.0150  0.0947546    92.1436     40.791    31.9583     0.1236 -9.990e-29
       2756     41.178     8.5863   3.388916     0.5484     0.0150  0.0947542    92.1478     40.791    31.9582     0.1236 -9.990e-29
       2757     41.178     8.5863   3.388906     0.5484     0.0150  0.0947539    92.1520     40.791    31.9581     0.1236 -9.990e-29
       2758     41.178     8.5864   3.388895     0.5484     0.0150  0.0947536    92.1560     40.791    31.9579     0.1235 -9.990e-29
       2759     41.178     8.5864   3.388884     0.5483     0.0150  0.0947533    92.1594     40.791    31.9578     0.1232 -9.990e-29
       2760     41.178     8.5864   3.388872     0.5483     0.0150  0.0947531    92.1623     40.791    31.9577     0.1231 -9.990e-29
       2761     41.178     8.5864   3.388858     0.5483     0.0150  0.0947530    92.1644     40.791    31.9575     0.1231 -9.990e-29
       2762     41.178     8.5864   3.388845     0.5483     0.0150  0.0947529    92.1659     40.791    31.9574     0.1231 -9.990e-29
       2763     41.178     8.5864   3.388831     0.5483     0.0150  0.0947529    92.1668     40.791    31.9572     0.1231 -9.990e-29
       2764     41.178     8.5864   3.388816     0.5483     0.0150  0.0947529    92.1673     40.791    31.9571     0.1231 -9.990e-29
       2765     41.178     8.5864   3.388801     0.5483     0.0150  0.0947529    92.1678     40.791    31.9569     0.1231 -9.990e-29
       2766     41.178     8.5864   3.388785     0.5483     0.0149  0.0947530    92.1687     40.791    31.9567     0.1230 -9.990e-29
