data/2022/wednesday_data/Station 1.cnv
* Sea-Bird SBE 9 Data File:
* FileName = C:\Users\ctd-user\Desktop\CTD data\MAR440 Sept 2022\Station 1.hex
* Software Version Seasave V 7.26.2.13
* Temperature SN = 4493
* Conductivity SN = 1899
* Number of Bytes Per Scan = 37
* Number of Voltage Words = 4
* Number of Scans Averaged by the Deck Unit = 1
* NMEA Latitude = 58 20.54 N
* NMEA Longitude = 011 54.17 E
* NMEA UTC (Time) = Sep 07 2022 13:43:25
* NMEA baud rate = 4800
** Ship: Skagerrak
** Station: 1
** Operator: Ida
# nquan = 12                                
# nvalues = 1799                        
# units = specified
# name 0 = scan: Scan Count
# name 1 = prDM: Pressure, Digiquartz [db]
# name 2 = t090C: Temperature [ITS-90, deg C]
# name 3 = c0S/m: Conductivity [S/m]
# name 4 = sbeox0V: Oxygen raw, SBE 43 [V]
# name 5 = flECO-AFL: Fluorescence, WET Labs ECO-AFL/FL [mg/m^3]
# name 6 = upoly0: Upoly 0, Turbidity
# name 7 = xmiss: Beam Transmission, Chelsea/Seatech [%]
# name 8 = depSM: Depth [salt water, m], lat = 58.3423
# name 9 = sal00: Salinity, Practical [PSU]
# name 10 = sbeox0ML/L: Oxygen, SBE 43 [ml/l], WS = 2
# name 11 = flag: flag
# span 0 =          1,       1799       
# span 1 =      1.142,     16.123       
# span 2 =     9.1013,    18.6522       
# span 3 =   3.112603,   3.351017       
# span 4 =     1.0173,     2.7086       
# span 5 =     0.0044,     0.0322       
# span 6 =  0.0957822,  0.1014350       
# span 7 =    81.6705,    93.6494       
# span 8 =      1.131,     15.973       
# span 9 =    23.6935,    28.6775       
# span 10 =     1.2235,     5.4015      
# span 11 = 0.0000e+00, 0.0000e+00      
# interval = seconds: 0.0416667
# start_time = Sep 07 2022 13:43:25 [NMEA time, header]
# bad_flag = -9.990e-29
*END*
[from data line 482]
        483      1.157    18.6364   3.281449     2.6768     0.0313  0.0994884    83.2616      1.146    23.7283     5.2916 -9.990e-29
        484      1.157    18.6365   3.281449     2.6768     0.0313  0.0994926    83.2664      1.146    23.7283     5.2915 -9.990e-29
        485      1.157    18.6365   3.281449     2.6767     0.0313  0.0994958    83.2708      1.146    23.7283     5.2913 -9.990e-29
        486      1.157    18.6365   3.281449     2.6766     0.0313  0.0994981    83.2749      1.146    23.7283     5.2910 -9.990e-29
        487      1.157    18.6365   3.281449     2.6766     0.0312  0.0994995    83.2785      1.146    23.7283     5.2910 -9.990e-29
        488      1.157    18.6366   3.281450     2.6765     0.0312  0.0994999    83.2816      1.146    23.7282     5.2908 -9.990e-29
        489      1.157    18.6366   3.281450     2.6765     0.0312  0.0995003    83.2842      1.146    23.7282     5.2909 -9.990e-29
        490      1.158    18.6366   3.281451     2.6764     0.0312  0.0995024    83.2864      1.147    23.7282     5.2907 -9.990e-29
        491      1.158    18.6366   3.281451     2.6763     0.0312  0.0995061    83.2881      1.147    23.7282     5.2905 -9.990e-29
        492      1.158    18.6366   3.281451     2.6763     0.0311  0.0995098    83.2894      1.147    23.7282     5.2906 -9.990e-29
        493      1.158    18.6366   3.281452     2.6762     0.0311  0.0995126    83.2905      1.147    23.7282     5.2905 -9.990e-29
        494      1.158    18.6366   3.281452     2.6761     0.0311  0.0995147    83.2914      1.147    23.7282     5.2904 -9.990e-29
        495      1.158    18.6366   3.281453     2.6761     0.0310  0.0995159    83.2923      1.147    23.7282     5.2906 -9.990e-29
        496      1.158    18.6366   3.281454     2.6760     0.0310  0.0995164    83.2925      1.147    23.7282     5.2905 -9.990e-29
        497      1.158    18.6367   3.281455     2.6759     0.0310  0.0995160    83.2917      1.147    23.7282     5.2904 -9.990e-29
        498      1.158    18.6367   3.281456     2.6759     0.0309  0.0995149    83.2897      1.147    23.7282     5.2906 -9.990e-29
        499      1.158    18.6368   3.281457     2.6758     0.0309  0.0995129    83.2865      1.147    23.7282     5.2906 -9.990e-29
        500      1.158    18.6368   3.281458     2.6758     0.0309  0.0995102    83.2826      1.147    23.7282     5.2908 -9.990e-29
        501      1.159    18.6368   3.281458     2.6757     0.0308  0.0995075    83.2781      1.148    23.7282     5.2908 -9.990e-29
        502      1.159    18.6369   3.281460     2.6757     0.0308  0.0995056    83.2728      1.148    23.7281     5.2911 -9.990e-29
        503      1.159    18.6369   3.281461     2.6757     0.0308  0.0995037    83.2670      1.148    23.7281     5.2913 -9.990e-29
        504      1.159    18.6369   3.281462     2.6757     0.0308  0.0995017    83.2607      1.148    23.7281     5.2916 -9.990e-29
        505      1.160    18.6370   3.281462     2.6757     0.0308  0.0995006    83.2542      1.149    23.7281     5.2918 -9.990e-29
        506      1.160    18.6370   3.281463     2.6757     0.0307  0.0994994    83.2474      1.149    23.7281     5.2920 -9.990e-29
        507      1.160    18.6371   3.281465     2.6757     0.0307  0.0994973    83.2402      1.149    23.7280     5.2923 -9.990e-29
        508      1.160    18.6371   3.281466     2.6757     0.0307  0.0994943    83.2322      1.149    23.7281     5.2925 -9.990e-29
        509      1.160    18.6371   3.281466     2.6757     0.0307  0.0994903    83.2235      1.149    23.7281     5.2927 -9.990e-29
        510      1.160    18.6372   3.281467     2.6757     0.0307  0.0994854    83.2147      1.149    23.7280     5.2929 -9.990e-29
        511      1.160    18.6372   3.281468     2.6758     0.0306  0.0994795    83.2061      1.149    23.7280     5.2933 -9.990e-29
        512      1.161    18.6373   3.281468     2.6758     0.0306  0.0994725    83.1978      1.150    23.7280     5.2935 -9.990e-29
        513      1.161    18.6373   3.281469     2.6759     0.0306  0.0994644    83.1899      1.150    23.7280     5.2939 -9.990e-29
        514      1.161    18.6373   3.281470     2.6759     0.0306  0.0994552    83.1824      1.150    23.7280     5.2941 -9.990e-29
        515      1.161    18.6374   3.281472     2.6759     0.0306  0.0994448    83.1749      1.150    23.7279     5.2942 -9.990e-29
        516      1.161    18.6374   3.281473     2.6760     0.0305  0.0994330    83.1675      1.150    23.7279     5.2945 -9.990e-29
        517      1.161    18.6374   3.281474     2.6760     0.0305  0.0994199    83.1603      1.150    23.7279     5.2946 -9.990e-29
        518      1.162    18.6374   3.281475     2.6761     0.0305  0.0994054    83.1536      1.151    23.7280     5.2950 -9.990e-29
        519      1.162    18.6374   3.281476     2.6761     0.0305  0.0993892    83.1475      1.151    23.7280     5.2950 -9.990e-29
        520      1.162    18.6374   3.281478     2.6762     0.0304  0.0993723    83.1416      1.151    23.7280     5.2953 -9.990e-29
        521      1.162    18.6375   3.281479     2.6762     0.0304  0.0993561    83.1358      1.151    23.7279     5.2953 -9.990e-29
        522      1.162    18.6375   3.281480     2.6763     0.0304  0.0993414    83.1302      1.151    23.7279     5.2956 -9.990e-29
        523      1.163    18.6375   3.281481     2.6763     0.0304  0.0993281    83.1248      1.152    23.7279     5.2956 -9.990e-29
        524      1.163    18.6374   3.281482     2.6763     0.0304  0.0993160    83.1198      1.152    23.7280     5.2955 -9.990e-29
        525      1.163    18.6374   3.281483     2.6764     0.0303  0.0993052    83.1150      1.152    23.7280     5.2957 -9.990e-29
        526      1.163    18.6374   3.281484     2.6764     0.0303  0.0992956    83.1100      1.152    23.7280     5.2957 -9.990e-29
        527      1.163    18.6374   3.281485     2.6764     0.0303  0.0992870    83.1050      1.152    23.7280     5.2956 -9.990e-29
        528      1.163    18.6373   3.281486     2.6764     0.0303  0.0992794    83.1002      1.152    23.7281     5.2956 -9.990e-29
        529      1.163    18.6373   3.281487     2.6764     0.0303  0.0992736    83.0965      1.152    23.7281     5.2955 -9.990e-29
        530      1.163    18.6372   3.281486     2.6764     0.0303  0.0992704    83.0947      1.152    23.7282     5.2955 -9.990e-29
        531      1.163    18.6372   3.281487     2.6764     0.0303  0.0992690    83.0953      1.152    23.7282     5.2954 -9.990e-29
        532      1.164    18.6371   3.281487     2.6764     0.0303  0.0992685    83.0984      1.153    23.7282     5.2954 -9.990e-29
        533      1.164    18.6370   3.281488     2.6764     0.0303  0.0992688    83.1039      1.153    23.7283     5.2954 -9.990e-29
        534      1.164    18.6369   3.281487     2.6764     0.0303  0.0992701    83.1114      1.153    23.7283     5.2954 -9.990e-29
        535      1.164    18.6369   3.281486     2.6764     0.0303  0.0992722    83.1200      1.153    23.7283     5.2953 -9.990e-29
        536      1.164    18.6368   3.281486     2.6764     0.0303  0.0992753    83.1286      1.153    23.7284     5.2953 -9.990e-29
        537      1.164    18.6367   3.281485     2.6764     0.0303  0.0992792    83.1365      1.153    23.7284     5.2953 -9.990e-29
        538      1.164    18.6367   3.281485     2.6763     0.0303  0.0992842    83.1433      1.153    23.7284     5.2951 -9.990e-29
        539      1.164    18.6366   3.281483     2.6763     0.0303  0.0992901    83.1486      1.153    23.7285     5.2952 -9.990e-29
        540      1.164    18.6365   3.281481     2.6763     0.0303  0.0992970    83.1524      1.153    23.7285     5.2952 -9.990e-29
        541      1.164    18.6365   3.281480     2.6763     0.0303  0.0993051    83.1549      1.153    23.7285     5.2953 -9.990e-29
        542      1.165    18.6364   3.281478     2.6763     0.0303  0.0993142    83.1563      1.154    23.7286     5.2954 -9.990e-29
        543      1.165    18.6364   3.281476     2.6763     0.0303  0.0993246    83.1569      1.154    23.7285     5.2955 -9.990e-29
        544      1.165    18.6363   3.281473     2.6763     0.0303  0.0993362    83.1570      1.154    23.7286     5.2956 -9.990e-29
        545      1.165    18.6363   3.281471     2.6763     0.0303  0.0993492    83.1566      1.154    23.7286     5.2957 -9.990e-29
        546      1.165    18.6363   3.281469     2.6763     0.0304  0.0993628    83.1559      1.154    23.7285     5.2958 -9.990e-29
        547      1.165    18.6362   3.281467     2.6763     0.0304  0.0993754    83.1551      1.154    23.7286     5.2960 -9.990e-29
        548      1.165    18.6362   3.281464     2.6763     0.0304  0.0993862    83.1549      1.154    23.7286     5.2962 -9.990e-29
        549      1.165    18.6361   3.281462     2.6763     0.0304  0.0993953    83.1558      1.154    23.7286     5.2964 -9.990e-29
        550      1.165    18.6360   3.281458     2.6764     0.0304  0.0994037    83.1578      1.154    23.7286     5.2968 -9.990e-29
        551      1.165    18.6359   3.281456     2.6764     0.0304  0.0994121    83.1609      1.154    23.7287     5.2970 -9.990e-29
        552      1.165    18.6358   3.281453     2.6764     0.0304  0.0994199    83.1649      1.154    23.7287     5.2973 -9.990e-29
        553      1.165    18.6357   3.281450     2.6764     0.0304  0.0994263    83.1695      1.154    23.7287     5.2975 -9.990e-29
        554      1.165    18.6355   3.281447     2.6765     0.0305  0.0994312    83.1743      1.154    23.7288     5.2979 -9.990e-29
        555      1.165    18.6354   3.281444     2.6765     0.0305  0.0994347    83.1793      1.154    23.7289     5.2982 -9.990e-29
        556      1.166    18.6352   3.281440     2.6766     0.0305  0.0994369    83.1852      1.155    23.7289     5.2987 -9.990e-29
        557      1.166    18.6350   3.281438     2.6766     0.0305  0.0994377    83.1923      1.155    23.7290     5.2989 -9.990e-29
        558      1.166    18.6348   3.281435     2.6767     0.0305  0.0994372    83.2005      1.155    23.7291     5.2994 -9.990e-29
        559      1.166    18.6345   3.281431     2.6768     0.0305  0.0994354    83.2092      1.155    23.7293     5.2999 -9.990e-29
        560      1.166    18.6343   3.281428     2.6768     0.0306  0.0994322    83.2177      1.155    23.7294     5.3001 -9.990e-29
        561      1.166    18.6340   3.281424     2.6769     0.0306  0.0994276    83.2257      1.155    23.7295     5.3006 -9.990e-29
        562      1.166    18.6338   3.281420     2.6769     0.0306  0.0994216    83.2327      1.155    23.7296     5.3009 -9.990e-29
        563      1.166    18.6336   3.281417     2.6770     0.0306  0.0994142    83.2384      1.155    23.7297     5.3013 -9.990e-29
        564      1.166    18.6334   3.281413     2.6771     0.0306  0.0994052    83.2425      1.155    23.7297     5.3018 -9.990e-29
        565      1.166    18.6333   3.281410     2.6771     0.0306  0.0993956    83.2445      1.155    23.7298     5.3019 -9.990e-29
        566      1.166    18.6331   3.281405     2.6772     0.0307  0.0993860    83.2446      1.155    23.7299     5.3024 -9.990e-29
        567      1.166    18.6331   3.281402     2.6773     0.0307  0.0993755    83.2431      1.155    23.7298     5.3028 -9.990e-29
        568      1.166    18.6330   3.281398     2.6773     0.0307  0.0993633    83.2402      1.155    23.7299     5.3030 -9.990e-29
        569      1.166    18.6330   3.281394     2.6774     0.0307  0.0993493    83.2359      1.155    23.7298     5.3033 -9.990e-29
        570      1.166    18.6330   3.281390     2.6775     0.0308  0.0993333    83.2301      1.155    23.7298     5.3037 -9.990e-29
        571      1.166    18.6330   3.281386     2.6776     0.0308  0.0993161    83.2233      1.155    23.7298     5.3040 -9.990e-29
        572      1.166    18.6331   3.281383     2.6776     0.0308  0.0992992    83.2160      1.155    23.7297     5.3041 -9.990e-29
        573      1.166    18.6331   3.281379     2.6777     0.0308  0.0992834    83.2093      1.155    23.7297     5.3044 -9.990e-29
        574      1.166    18.6332   3.281375     2.6778     0.0309  0.0992686    83.2035      1.155    23.7296     5.3047 -9.990e-29
        575      1.166    18.6333   3.281372     2.6779     0.0309  0.0992556    83.1983      1.155    23.7295     5.3050 -9.990e-29
        576      1.166    18.6334   3.281368     2.6780     0.0309  0.0992451    83.1931      1.155    23.7294     5.3052 -9.990e-29
        577      1.166    18.6334   3.281363     2.6780     0.0309  0.0992361    83.1875      1.155    23.7294     5.3052 -9.990e-29
        578      1.166    18.6335   3.281360     2.6781     0.0310  0.0992277    83.1819      1.155    23.7293     5.3054 -9.990e-29
        579      1.166    18.6335   3.281356     2.6782     0.0310  0.0992200    83.1762      1.155    23.7292     5.3056 -9.990e-29
        580      1.166    18.6335   3.281352     2.6783     0.0310  0.0992128    83.1704      1.155    23.7292     5.3058 -9.990e-29
        581      1.166    18.6335   3.281348     2.6784     0.0310  0.0992061    83.1646      1.155    23.7292     5.3059 -9.990e-29
        582      1.166    18.6335   3.281343     2.6785     0.0310  0.0991999    83.1595      1.155    23.7291     5.3060 -9.990e-29
        583      1.166    18.6335   3.281339     2.6785     0.0310  0.0991941    83.1556      1.155    23.7291     5.3059 -9.990e-29
        584      1.166    18.6335   3.281335     2.6786     0.0311  0.0991886    83.1533      1.155    23.7291     5.3060 -9.990e-29
        585      1.165    18.6335   3.281331     2.6787     0.0311  0.0991835    83.1525      1.154    23.7290     5.3061 -9.990e-29
        586      1.165    18.6335   3.281327     2.6788     0.0311  0.0991786    83.1533      1.154    23.7290     5.3062 -9.990e-29
        587      1.165    18.6335   3.281323     2.6789     0.0311  0.0991740    83.1559      1.154    23.7290     5.3063 -9.990e-29
        588      1.165    18.6335   3.281321     2.6790     0.0311  0.0991696    83.1604      1.154    23.7290     5.3063 -9.990e-29
        589      1.165    18.6335   3.281317     2.6790     0.0311  0.0991655    83.1664      1.154    23.7289     5.3061 -9.990e-29
        590      1.165    18.6335   3.281313     2.6791     0.0311  0.0991615    83.1731      1.154    23.7289     5.3061 -9.990e-29
        591      1.165    18.6336   3.281309     2.6792     0.0312  0.0991576    83.1797      1.154    23.7288     5.3061 -9.990e-29
        592      1.165    18.6336   3.281305     2.6793     0.0312  0.0991538    83.1861      1.154    23.7288     5.3061 -9.990e-29
        593      1.165    18.6337   3.281302     2.6793     0.0312  0.0991502    83.1924      1.154    23.7287     5.3058 -9.990e-29
        594      1.165    18.6338   3.281299     2.6794     0.0312  0.0991466    83.1987      1.154    23.7286     5.3058 -9.990e-29
        595      1.165    18.6339   3.281296     2.6794     0.0312  0.0991430    83.2050      1.154    23.7285     5.3055 -9.990e-29
        596      1.165    18.6339   3.281292     2.6795     0.0312  0.0991403    83.2113      1.154    23.7285     5.3055 -9.990e-29
        597      1.165    18.6340   3.281288     2.6795     0.0313  0.0991392    83.2173      1.154    23.7284     5.3051 -9.990e-29
        598      1.164    18.6340   3.281284     2.6795     0.0313  0.0991390    83.2224      1.153    23.7284     5.3049 -9.990e-29
        599      1.164    18.6341   3.281280     2.6796     0.0313  0.0991388    83.2258      1.153    23.7283     5.3048 -9.990e-29
        600      1.164    18.6342   3.281276     2.6796     0.0313  0.0991386    83.2275      1.153    23.7282     5.3045 -9.990e-29
        601      1.164    18.6342   3.281272     2.6796     0.0313  0.0991383    83.2273      1.153    23.7282     5.3042 -9.990e-29
