data/2022/wednesday_data/Station 1.cnv
* Sea-Bird SBE 9 Data File:
* FileName = C:\Users\ctd-user\Desktop\CTD data\MAR440 Sept 2022\Station 1.hex
* Software Version Seasave V 7.26.2.13
* Temperature SN = 4493
* Conductivity SN = 1899
* Number of Bytes Per Scan = 37
* Number of Voltage Words = 4
* Number of Scans Averaged by the Deck Unit = 1
* NMEA Latitude = 58 20.54 N
* NMEA Longitude = 011 54.17 E
* NMEA UTC (Time) = Sep 07 2022 13:43:25
* NMEA baud rate = 4800
** Ship: Skagerrak
** Station: 1
** Operator: Ida
# nquan = 12                                
# nvalues = 1799                        
# units = specified
# name 0 = scan: Scan Count
# name 1 = prDM: Pressure, Digiquartz [db]
# name 2 = t090C: Temperature [ITS-90, deg C]
# name 3 = c0S/m: Conductivity [S/m]
# name 4 = sbeox0V: Oxygen raw, SBE 43 [V]
# name 5 = flECO-AFL: Fluorescence, WET Labs ECO-AFL/FL [mg/m^3]
# name 6 = upoly0: Upoly 0, Turbidity
# name 7 = xmiss: Beam Transmission, Chelsea/Seatech [%]
# name 8 = depSM: Depth [salt water, m], lat = 58.3423
# name 9 = sal00: Salinity, Practical [PSU]
# name 10 = sbeox0ML/L: Oxygen, SBE 43 [ml/l], WS = 2
# name 11 = flag: flag
# span 0 =          1,       1799       
# span 1 =      1.142,     16.123       
# span 2 =     9.1013,    18.6522       
# span 3 =   3.112603,   3.351017       
# span 4 =     1.0173,     2.7086       
# span 5 =     0.0044,     0.0322       
# span 6 =  0.0957822,  0.1014350       
# span 7 =    81.6705,    93.6494       
# span 8 =      1.131,     15.973       
# span 9 =    23.6935,    28.6775       
# span 10 =     1.2235,     5.4015      
# span 11 = 0.0000e+00, 0.0000e+00      
# interval = seconds: 0.0416667
# start_time = Sep 07 2022 13:43:25 [NMEA time, header]
# bad_flag = -9.990e-29
*END*
[from data line 241]
        242      1.160    18.6440   3.281624     2.6841     0.0302  0.0994790    83.3194      1.149    23.7254     5.3094 -9.990e-29
        243      1.160    18.6439   3.281632     2.6841     0.0302  0.0994991    83.3150      1.149    23.7255     5.3095 -9.990e-29
        244      1.160    18.6438   3.281639     2.6840     0.0303  0.0995182    83.3103      1.149    23.7256     5.3094 -9.990e-29
        245      1.160    18.6436   3.281645     2.6840     0.0303  0.0995366    83.3055      1.149    23.7258     5.3096 -9.990e-29
        246      1.160    18.6435   3.281652     2.6839     0.0303  0.0995543    83.3006      1.149    23.7259     5.3096 -9.990e-29
        247      1.160    18.6434   3.281659     2.6839     0.0303  0.0995715    83.2959      1.149    23.7260     5.3097 -9.990e-29
        248      1.160    18.6433   3.281665     2.6839     0.0304  0.0995883    83.2916      1.149    23.7261     5.3099 -9.990e-29
        249      1.160    18.6432   3.281672     2.6838     0.0304  0.0996056    83.2879      1.149    23.7262     5.3099 -9.990e-29
        250      1.160    18.6431   3.281677     2.6838     0.0304  0.0996245    83.2849      1.149    23.7263     5.3101 -9.990e-29
        251      1.159    18.6430   3.281684     2.6838     0.0304  0.0996442    83.2820      1.148    23.7264     5.3103 -9.990e-29
        252      1.159    18.6429   3.281691     2.6837     0.0304  0.0996640    83.2792      1.148    23.7265     5.3102 -9.990e-29
        253      1.159    18.6428   3.281697     2.6837     0.0304  0.0996840    83.2763      1.148    23.7266     5.3104 -9.990e-29
        254      1.159    18.6427   3.281703     2.6837     0.0304  0.0997044    83.2736      1.148    23.7267     5.3106 -9.990e-29
        255      1.159    18.6427   3.281710     2.6837     0.0304  0.0997253    83.2714      1.148    23.7268     5.3108 -9.990e-29
        256      1.159    18.6426   3.281715     2.6837     0.0304  0.0997469    83.2700      1.148    23.7269     5.3110 -9.990e-29
        257      1.159    18.6426   3.281721     2.6837     0.0304  0.0997693    83.2694      1.148    23.7269     5.3111 -9.990e-29
        258      1.159    18.6425   3.281727     2.6837     0.0304  0.0997927    83.2695      1.148    23.7271     5.3113 -9.990e-29
        259      1.159    18.6424   3.281733     2.6837     0.0304  0.0998172    83.2703      1.148    23.7272     5.3115 -9.990e-29
        260      1.159    18.6424   3.281738     2.6837     0.0304  0.0998430    83.2716      1.148    23.7272     5.3116 -9.990e-29
        261      1.158    18.6423   3.281742     2.6837     0.0304  0.0998702    83.2731      1.147    23.7273     5.3118 -9.990e-29
        262      1.158    18.6422   3.281747     2.6837     0.0304  0.0998992    83.2744      1.147    23.7274     5.3119 -9.990e-29
        263      1.158    18.6422   3.281752     2.6837     0.0304  0.0999300    83.2751      1.147    23.7274     5.3121 -9.990e-29
        264      1.158    18.6421   3.281757     2.6837     0.0304  0.0999629    83.2748      1.147    23.7275     5.3122 -9.990e-29
        265      1.158    18.6420   3.281760     2.6838     0.0304  0.0999973    83.2739      1.147    23.7276     5.3126 -9.990e-29
        266      1.158    18.6420   3.281765     2.6838     0.0304  0.1000308    83.2724      1.147    23.7276     5.3127 -9.990e-29
        267      1.158    18.6419   3.281769     2.6838     0.0304  0.1000612    83.2707      1.147    23.7277     5.3128 -9.990e-29
        268      1.157    18.6419   3.281773     2.6838     0.0304  0.1000878    83.2688      1.146    23.7278     5.3129 -9.990e-29
        269      1.157    18.6418   3.281775     2.6838     0.0303  0.1001107    83.2670      1.146    23.7278     5.3130 -9.990e-29
        270      1.157    18.6418   3.281779     2.6839     0.0303  0.1001303    83.2652      1.146    23.7279     5.3133 -9.990e-29
        271      1.157    18.6417   3.281783     2.6839     0.0303  0.1001473    83.2631      1.146    23.7280     5.3133 -9.990e-29
        272      1.157    18.6417   3.281786     2.6839     0.0303  0.1001629    83.2606      1.146    23.7280     5.3133 -9.990e-29
        273      1.156    18.6417   3.281789     2.6840     0.0303  0.1001762    83.2578      1.145    23.7280     5.3135 -9.990e-29
        274      1.156    18.6417   3.281792     2.6840     0.0303  0.1001873    83.2548      1.145    23.7280     5.3135 -9.990e-29
        275      1.156    18.6417   3.281795     2.6841     0.0303  0.1001973    83.2515      1.145    23.7281     5.3137 -9.990e-29
        276      1.156    18.6417   3.281798     2.6841     0.0303  0.1002052    83.2482      1.145    23.7281     5.3136 -9.990e-29
        277      1.156    18.6417   3.281801     2.6841     0.0303  0.1002104    83.2449      1.145    23.7281     5.3135 -9.990e-29
        278      1.156    18.6417   3.281803     2.6841     0.0303  0.1002128    83.2416      1.145    23.7281     5.3134 -9.990e-29
        279      1.156    18.6417   3.281805     2.6842     0.0303  0.1002125    83.2381      1.145    23.7281     5.3135 -9.990e-29
        280      1.155    18.6417   3.281807     2.6842     0.0303  0.1002094    83.2346      1.144    23.7281     5.3133 -9.990e-29
        281      1.155    18.6417   3.281809     2.6842     0.0303  0.1002035    83.2312      1.144    23.7282     5.3132 -9.990e-29
        282      1.155    18.6417   3.281810     2.6842     0.0303  0.1001949    83.2280      1.144    23.7282     5.3129 -9.990e-29
        283      1.155    18.6417   3.281811     2.6842     0.0303  0.1001834    83.2257      1.144    23.7282     5.3127 -9.990e-29
        284      1.155    18.6417   3.281811     2.6842     0.0303  0.1001689    83.2242      1.144    23.7282     5.3124 -9.990e-29
        285      1.154    18.6417   3.281811     2.6842     0.0303  0.1001514    83.2237      1.143    23.7282     5.3122 -9.990e-29
        286      1.154    18.6417   3.281811     2.6842     0.0303  0.1001307    83.2238      1.143    23.7282     5.3119 -9.990e-29
        287      1.154    18.6417   3.281810     2.6843     0.0303  0.1001067    83.2243      1.143    23.7282     5.3118 -9.990e-29
        288      1.154    18.6416   3.281810     2.6843     0.0303  0.1000792    83.2247      1.143    23.7282     5.3115 -9.990e-29
        289      1.154    18.6416   3.281809     2.6842     0.0303  0.1000481    83.2251      1.143    23.7282     5.3109 -9.990e-29
        290      1.154    18.6416   3.281807     2.6842     0.0303  0.1000139    83.2256      1.143    23.7282     5.3105 -9.990e-29
        291      1.154    18.6416   3.281806     2.6842     0.0303  0.0999790    83.2264      1.143    23.7282     5.3102 -9.990e-29
        292      1.154    18.6415   3.281804     2.6842     0.0303  0.0999457    83.2271      1.143    23.7282     5.3098 -9.990e-29
        293      1.153    18.6415   3.281802     2.6842     0.0303  0.0999146    83.2274      1.142    23.7282     5.3094 -9.990e-29
        294      1.153    18.6415   3.281799     2.6842     0.0303  0.0998854    83.2270      1.142    23.7282     5.3090 -9.990e-29
        295      1.153    18.6415   3.281797     2.6841     0.0303  0.0998580    83.2258      1.142    23.7282     5.3084 -9.990e-29
        296      1.153    18.6416   3.281794     2.6841     0.0303  0.0998322    83.2236      1.142    23.7281     5.3080 -9.990e-29
        297      1.153    18.6416   3.281790     2.6840     0.0303  0.0998079    83.2203      1.142    23.7281     5.3073 -9.990e-29
        298      1.152    18.6417   3.281788     2.6840     0.0303  0.0997847    83.2169      1.141    23.7280     5.3069 -9.990e-29
        299      1.152    18.6417   3.281784     2.6839     0.0303  0.0997627    83.2146      1.141    23.7280     5.3063 -9.990e-29
        300      1.152    18.6418   3.281781     2.6839     0.0303  0.0997415    83.2144      1.141    23.7279     5.3059 -9.990e-29
        301      1.152    18.6419   3.281777     2.6838     0.0303  0.0997211    83.2162      1.141    23.7278     5.3052 -9.990e-29
        302      1.152    18.6421   3.281774     2.6837     0.0303  0.0997014    83.2197      1.141    23.7277     5.3045 -9.990e-29
        303      1.152    18.6422   3.281771     2.6836     0.0303  0.0996822    83.2239      1.141    23.7276     5.3039 -9.990e-29
        304      1.151    18.6424   3.281766     2.6835     0.0303  0.0996633    83.2283      1.140    23.7274     5.3032 -9.990e-29
        305      1.151    18.6426   3.281763     2.6834     0.0303  0.0996447    83.2330      1.140    23.7273     5.3026 -9.990e-29
        306      1.151    18.6428   3.281760     2.6833     0.0303  0.0996261    83.2375      1.140    23.7271     5.3019 -9.990e-29
        307      1.151    18.6430   3.281756     2.6832     0.0303  0.0996075    83.2419      1.140    23.7270     5.3012 -9.990e-29
        308      1.151    18.6432   3.281752     2.6830     0.0303  0.0995888    83.2464      1.140    23.7269     5.3003 -9.990e-29
        309      1.151    18.6434   3.281747     2.6829     0.0303  0.0995698    83.2513      1.140    23.7267     5.2997 -9.990e-29
        310      1.150    18.6437   3.281744     2.6828     0.0304  0.0995504    83.2566      1.139    23.7265     5.2990 -9.990e-29
        311      1.150    18.6438   3.281739     2.6827     0.0304  0.0995304    83.2618      1.139    23.7264     5.2984 -9.990e-29
        312      1.150    18.6440   3.281735     2.6826     0.0304  0.0995097    83.2668      1.139    23.7263     5.2979 -9.990e-29
        313      1.150    18.6441   3.281729     2.6825     0.0304  0.0994882    83.2713      1.139    23.7262     5.2973 -9.990e-29
        314      1.149    18.6442   3.281724     2.6823     0.0304  0.0994657    83.2754      1.138    23.7261     5.2965 -9.990e-29
        315      1.149    18.6443   3.281719     2.6822     0.0304  0.0994421    83.2785      1.138    23.7260     5.2960 -9.990e-29
        316      1.149    18.6443   3.281714     2.6821     0.0304  0.0994180    83.2806      1.138    23.7259     5.2955 -9.990e-29
        317      1.149    18.6443   3.281708     2.6819     0.0304  0.0993950    83.2815      1.138    23.7259     5.2948 -9.990e-29
        318      1.149    18.6442   3.281702     2.6818     0.0304  0.0993737    83.2814      1.138    23.7259     5.2944 -9.990e-29
        319      1.149    18.6441   3.281697     2.6816     0.0304  0.0993540    83.2804      1.138    23.7259     5.2938 -9.990e-29
        320      1.149    18.6440   3.281691     2.6815     0.0304  0.0993359    83.2785      1.138    23.7259     5.2934 -9.990e-29
        321      1.149    18.6439   3.281686     2.6813     0.0304  0.0993191    83.2756      1.138    23.7259     5.2929 -9.990e-29
        322      1.149    18.6437   3.281680     2.6812     0.0304  0.0993035    83.2716      1.138    23.7260     5.2926 -9.990e-29
        323      1.149    18.6434   3.281675     2.6810     0.0305  0.0992890    83.2667      1.138    23.7261     5.2921 -9.990e-29
        324      1.149    18.6432   3.281670     2.6809     0.0305  0.0992756    83.2612      1.138    23.7262     5.2919 -9.990e-29
        325      1.149    18.6429   3.281664     2.6807     0.0305  0.0992631    83.2560      1.138    23.7263     5.2915 -9.990e-29
        326      1.149    18.6427   3.281660     2.6805     0.0305  0.0992514    83.2512      1.138    23.7264     5.2912 -9.990e-29
        327      1.149    18.6425   3.281655     2.6804     0.0305  0.0992405    83.2466      1.138    23.7265     5.2911 -9.990e-29
        328      1.148    18.6423   3.281652     2.6802     0.0305  0.0992303    83.2420      1.137    23.7266     5.2907 -9.990e-29
        329      1.148    18.6422   3.281647     2.6800     0.0305  0.0992207    83.2373      1.137    23.7266     5.2904 -9.990e-29
        330      1.148    18.6421   3.281644     2.6798     0.0305  0.0992117    83.2326      1.137    23.7266     5.2902 -9.990e-29
        331      1.148    18.6420   3.281641     2.6796     0.0305  0.0992032    83.2280      1.137    23.7267     5.2899 -9.990e-29
        332      1.148    18.6419   3.281638     2.6795     0.0305  0.0991950    83.2236      1.137    23.7267     5.2900 -9.990e-29
        333      1.148    18.6418   3.281636     2.6793     0.0306  0.0991873    83.2194      1.137    23.7267     5.2898 -9.990e-29
        334      1.148    18.6417   3.281633     2.6792     0.0306  0.0991807    83.2152      1.137    23.7268     5.2899 -9.990e-29
        335      1.148    18.6417   3.281632     2.6790     0.0306  0.0991761    83.2109      1.137    23.7268     5.2897 -9.990e-29
        336      1.148    18.6416   3.281630     2.6789     0.0306  0.0991726    83.2062      1.137    23.7268     5.2898 -9.990e-29
        337      1.148    18.6416   3.281629     2.6787     0.0306  0.0991693    83.2009      1.137    23.7268     5.2898 -9.990e-29
        338      1.148    18.6415   3.281628     2.6786     0.0306  0.0991662    83.1948      1.137    23.7268     5.2900 -9.990e-29
        339      1.148    18.6415   3.281627     2.6785     0.0307  0.0991632    83.1882      1.137    23.7268     5.2901 -9.990e-29
        340      1.148    18.6414   3.281626     2.6784     0.0307  0.0991604    83.1812      1.137    23.7269     5.2904 -9.990e-29
        341      1.147    18.6414   3.281625     2.6783     0.0307  0.0991578    83.1741      1.136    23.7269     5.2906 -9.990e-29
        342      1.147    18.6413   3.281625     2.6782     0.0307  0.0991552    83.1667      1.136    23.7269     5.2908 -9.990e-29
        343      1.147    18.6413   3.281624     2.6781     0.0307  0.0991528    83.1589      1.136    23.7269     5.2911 -9.990e-29
        344      1.147    18.6412   3.281624     2.6781     0.0307  0.0991504    83.1508      1.136    23.7270     5.2916 -9.990e-29
        345      1.147    18.6412   3.281624     2.6780     0.0308  0.0991481    83.1425      1.136    23.7270     5.2919 -9.990e-29
        346      1.147    18.6412   3.281623     2.6780     0.0308  0.0991458    83.1344      1.136    23.7270     5.2924 -9.990e-29
        347      1.147    18.6412   3.281623     2.6779     0.0308  0.0991436    83.1266      1.136    23.7270     5.2927 -9.990e-29
        348      1.147    18.6411   3.281622     2.6779     0.0308  0.0991413    83.1198      1.136    23.7270     5.2932 -9.990e-29
        349      1.147    18.6411   3.281621     2.6779     0.0308  0.0991391    83.1144      1.136    23.7270     5.2938 -9.990e-29
        350      1.147    18.6411   3.281621     2.6778     0.0308  0.0991377    83.1112      1.136    23.7270     5.2941 -9.990e-29
        351      1.147    18.6411   3.281620     2.6778     0.0308  0.0991380    83.1105      1.136    23.7270     5.2946 -9.990e-29
        352      1.147    18.6411   3.281619     2.6778     0.0308  0.0991391    83.1119      1.136    23.7270     5.2951 -9.990e-29
        353      1.147    18.6411   3.281619     2.6778     0.0308  0.0991402    83.1150      1.136    23.7270     5.2956 -9.990e-29
        354      1.147    18.6411   3.281619     2.6778     0.0308  0.0991412    83.1191      1.136    23.7270     5.2960 -9.990e-29
        355      1.147    18.6411   3.281618     2.6778     0.0308  0.0991423    83.1234      1.136    23.7270     5.2965 -9.990e-29
        356      1.147    18.6411   3.281618     2.6778     0.0307  0.0991434    83.1277      1.136    23.7270     5.2969 -9.990e-29
        357      1.147    18.6411   3.281619     2.6778     0.0307  0.0991445    83.1322      1.136    23.7270     5.2973 -9.990e-29
        358      1.147    18.6411   3.281618     2.6778     0.0307  0.0991456    83.1373      1.136    23.7270     5.2977 -9.990e-29
        359      1.147    18.6412   3.281617     2.6779     0.0307  0.0991467    83.1428      1.136    23.7269     5.2983 -9.990e-29
        360      1.147    18.6412   3.281617     2.6779     0.0307  0.0991479    83.1486      1.136    23.7269     5.2986 -9.990e-29
