data/2022/wednesday_data/Station 3.cnv
* Sea-Bird SBE 9 Data File:
* FileName = C:\Users\ctd-user\Desktop\CTD data\MAR440 Sept 2022\Station 3.hex
* Software Version Seasave V 7.26.2.13
* Temperature SN = 4493
* Conductivity SN = 1899
* Number of Bytes Per Scan = 37
* Number of Voltage Words = 4
* Number of Scans Averaged by the Deck Unit = 1
* NMEA Latitude = 58 20.20 N
* NMEA Longitude = 011 53.04 E
* NMEA UTC (Time) = Sep 07 2022 12:43:03
* NMEA baud rate = 4800
** Ship: Skagerrak
** Station: 3
** Operator: Ida
# nquan = 12                                
# nvalues = 5347                        
# units = specified
# name 0 = scan: Scan Count
# name 1 = prDM: Pressure, Digiquartz [db]
# name 2 = t090C: Temperature [ITS-90, deg C]
# name 3 = c0S/m: Conductivity [S/m]
# name 4 = sbeox0V: Oxygen raw, SBE 43 [V]
# name 5 = flECO-AFL: Fluorescence, WET Labs ECO-AFL/FL [mg/m^3]
# name 6 = upoly0: Upoly 0, Turbidity
# name 7 = xmiss: Beam Transmission, Chelsea/Seatech [%]
# name 8 = depSM: Depth [salt water, m], lat = 58.3367
# name 9 = sal00: Salinity, Practical [PSU]
# name 10 = sbeox0ML/L: Oxygen, SBE 43 [ml/l], WS = 2
# name 11 = flag: flag
# span 0 =          1,       5347       
# span 1 =      1.032,     41.245       
# span 2 =     8.0680,    18.7544       
# span 3 =   3.111055,   3.392990       
# span 4 =     0.5329,     2.8413       
# span 5 =     0.0066,     0.0402       
# span 6 =  0.0940868,  0.1077413       
# span 7 =    62.9696,    94.6932       
# span 8 =      1.022,     40.858       
# span 9 =    23.6035,    32.0260       
# span 10 =     0.0792,     5.6953      
# span 11 = 0.0000e+00, 0.0000e+00      
# interval = seconds: 0.0416667
# start_time = Sep 07 2022 12:43:03 [NMEA time, header]
# bad_flag = -9.990e-29
*END*
[from data line 4091]
       4092     41.197     8.5739   3.388836     0.5376     0.0147  0.0959381    93.2804     40.810    31.9686     0.0939 -9.990e-29
       4093     41.197     8.5739   3.388837     0.5376     0.0147  0.0959208    93.2869     40.810    31.9686     0.0939 -9.990e-29
       4094     41.197     8.5738   3.388838     0.5376     0.0147  0.0959050    93.2930     40.810    31.9687     0.0939 -9.990e-29
       4095     41.197     8.5737   3.388838     0.5375     0.0147  0.0958904    93.2988     40.810    31.9688     0.0936 -9.990e-29
       4096     41.197     8.5737   3.388840     0.5375     0.0147  0.0958770    93.3041     40.810    31.9688     0.0936 -9.990e-29
       4097     41.197     8.5736   3.388841     0.5375     0.0147  0.0958646    93.3090     40.810    31.9689     0.0936 -9.990e-29
       4098     41.197     8.5736   3.388842     0.5375     0.0147  0.0958533    93.3135     40.810    31.9689     0.0936 -9.990e-29
       4099     41.197     8.5735   3.388843     0.5375     0.0147  0.0958428    93.3176     40.810    31.9690     0.0936 -9.990e-29
       4100     41.197     8.5734   3.388843     0.5375     0.0147  0.0958332    93.3214     40.810    31.9691     0.0936 -9.990e-29
       4101     41.197     8.5733   3.388844     0.5375     0.0147  0.0958243    93.3248     40.810    31.9692     0.0935 -9.990e-29
       4102     41.197     8.5732   3.388845     0.5375     0.0147  0.0958162    93.3279     40.810    31.9693     0.0935 -9.990e-29
       4103     41.197     8.5732   3.388846     0.5375     0.0147  0.0958087    93.3305     40.810    31.9693     0.0935 -9.990e-29
       4104     41.197     8.5731   3.388846     0.5375     0.0147  0.0958018    93.3326     40.810    31.9694     0.0935 -9.990e-29
       4105     41.197     8.5730   3.388847     0.5375     0.0147  0.0957955    93.3342     40.810    31.9695     0.0935 -9.990e-29
       4106     41.197     8.5729   3.388848     0.5376     0.0147  0.0957896    93.3353     40.810    31.9696     0.0938 -9.990e-29
       4107     41.197     8.5728   3.388848     0.5376     0.0147  0.0957843    93.3360     40.810    31.9697     0.0938 -9.990e-29
       4108     41.197     8.5727   3.388849     0.5376     0.0147  0.0957793    93.3361     40.810    31.9698     0.0938 -9.990e-29
       4109     41.197     8.5726   3.388850     0.5376     0.0147  0.0957747    93.3357     40.810    31.9699     0.0939 -9.990e-29
       4110     41.198     8.5725   3.388850     0.5376     0.0147  0.0957706    93.3348     40.811    31.9700     0.0939 -9.990e-29
       4111     41.198     8.5724   3.388851     0.5376     0.0147  0.0957667    93.3335     40.811    31.9701     0.0939 -9.990e-29
       4112     41.198     8.5723   3.388852     0.5376     0.0147  0.0957631    93.3316     40.811    31.9702     0.0939 -9.990e-29
       4113     41.198     8.5722   3.388852     0.5376     0.0147  0.0957599    93.3295     40.811    31.9703     0.0939 -9.990e-29
       4114     41.198     8.5720   3.388853     0.5376     0.0147  0.0957568    93.3270     40.811    31.9705     0.0939 -9.990e-29
       4115     41.198     8.5719   3.388853     0.5376     0.0147  0.0957540    93.3243     40.811    31.9706     0.0939 -9.990e-29
       4116     41.198     8.5718   3.388854     0.5376     0.0147  0.0957515    93.3212     40.811    31.9707     0.0938 -9.990e-29
       4117     41.198     8.5717   3.388855     0.5376     0.0147  0.0957491    93.3178     40.811    31.9708     0.0938 -9.990e-29
       4118     41.198     8.5716   3.388855     0.5376     0.0147  0.0957469    93.3140     40.811    31.9709     0.0938 -9.990e-29
       4119     41.198     8.5715   3.388856     0.5376     0.0147  0.0957449    93.3100     40.811    31.9710     0.0938 -9.990e-29
       4120     41.198     8.5714   3.388857     0.5376     0.0147  0.0957431    93.3059     40.811    31.9711     0.0937 -9.990e-29
       4121     41.198     8.5713   3.388858     0.5376     0.0147  0.0957413    93.3021     40.811    31.9712     0.0937 -9.990e-29
       4122     41.199     8.5712   3.388858     0.5376     0.0147  0.0957397    93.2990     40.812    31.9713     0.0936 -9.990e-29
       4123     41.199     8.5711   3.388859     0.5376     0.0147  0.0957383    93.2972     40.812    31.9714     0.0935 -9.990e-29
       4124     41.199     8.5710   3.388860     0.5376     0.0147  0.0957369    93.2970     40.812    31.9715     0.0934 -9.990e-29
       4125     41.199     8.5708   3.388860     0.5376     0.0147  0.0957356    93.2987     40.812    31.9716     0.0933 -9.990e-29
       4126     41.199     8.5707   3.388860     0.5376     0.0147  0.0957345    93.3022     40.812    31.9717     0.0933 -9.990e-29
       4127     41.199     8.5707   3.388861     0.5376     0.0147  0.0957334    93.3073     40.812    31.9717     0.0932 -9.990e-29
       4128     41.199     8.5706   3.388861     0.5376     0.0147  0.0957323    93.3136     40.812    31.9718     0.0931 -9.990e-29
       4129     41.199     8.5705   3.388862     0.5376     0.0147  0.0957314    93.3205     40.812    31.9719     0.0930 -9.990e-29
       4130     41.199     8.5704   3.388863     0.5376     0.0147  0.0957305    93.3278     40.812    31.9720     0.0929 -9.990e-29
       4131     41.199     8.5703   3.388863     0.5376     0.0147  0.0957296    93.3351     40.812    31.9721     0.0928 -9.990e-29
       4132     41.200     8.5702   3.388864     0.5376     0.0147  0.0957288    93.3422     40.813    31.9722     0.0927 -9.990e-29
       4133     41.200     8.5701   3.388864     0.5376     0.0147  0.0957281    93.3488     40.813    31.9723     0.0926 -9.990e-29
       4134     41.200     8.5700   3.388865     0.5376     0.0147  0.0957274    93.3548     40.813    31.9724     0.0926 -9.990e-29
       4135     41.201     8.5699   3.388865     0.5376     0.0147  0.0957267    93.3603     40.814    31.9725     0.0925 -9.990e-29
       4136     41.201     8.5699   3.388866     0.5376     0.0147  0.0957260    93.3651     40.814    31.9725     0.0925 -9.990e-29
       4137     41.201     8.5698   3.388867     0.5375     0.0147  0.0957254    93.3692     40.814    31.9726     0.0921 -9.990e-29
       4138     41.201     8.5697   3.388868     0.5375     0.0147  0.0957248    93.3727     40.814    31.9727     0.0921 -9.990e-29
       4139     41.201     8.5696   3.388868     0.5375     0.0147  0.0957241    93.3756     40.814    31.9728     0.0920 -9.990e-29
       4140     41.201     8.5696   3.388869     0.5375     0.0147  0.0957235    93.3780     40.814    31.9728     0.0920 -9.990e-29
       4141     41.201     8.5695   3.388869     0.5375     0.0147  0.0957230    93.3799     40.814    31.9729     0.0920 -9.990e-29
       4142     41.201     8.5694   3.388870     0.5375     0.0147  0.0957224    93.3815     40.814    31.9730     0.0920 -9.990e-29
       4143     41.202     8.5694   3.388871     0.5375     0.0147  0.0957218    93.3827     40.815    31.9730     0.0919 -9.990e-29
       4144     41.202     8.5693   3.388872     0.5375     0.0147  0.0957212    93.3840     40.815    31.9731     0.0919 -9.990e-29
       4145     41.202     8.5692   3.388873     0.5375     0.0147  0.0957206    93.3852     40.815    31.9732     0.0918 -9.990e-29
       4146     41.202     8.5692   3.388874     0.5375     0.0147  0.0957199    93.3865     40.815    31.9732     0.0918 -9.990e-29
       4147     41.202     8.5691   3.388873     0.5374     0.0147  0.0957193    93.3877     40.815    31.9733     0.0915 -9.990e-29
       4148     41.202     8.5691   3.388874     0.5374     0.0147  0.0957186    93.3889     40.815    31.9733     0.0914 -9.990e-29
       4149     41.202     8.5690   3.388875     0.5374     0.0147  0.0957179    93.3900     40.815    31.9734     0.0914 -9.990e-29
       4150     41.203     8.5690   3.388876     0.5374     0.0147  0.0957172    93.3908     40.816    31.9734     0.0914 -9.990e-29
       4151     41.203     8.5690   3.388877     0.5374     0.0147  0.0957164    93.3915     40.816    31.9734     0.0914 -9.990e-29
       4152     41.203     8.5689   3.388878     0.5374     0.0147  0.0957156    93.3918     40.816    31.9735     0.0914 -9.990e-29
       4153     41.203     8.5689   3.388879     0.5374     0.0147  0.0957147    93.3917     40.816    31.9736     0.0914 -9.990e-29
       4154     41.204     8.5689   3.388879     0.5373     0.0147  0.0957138    93.3913     40.817    31.9735     0.0912 -9.990e-29
       4155     41.204     8.5688   3.388880     0.5373     0.0147  0.0957128    93.3906     40.817    31.9737     0.0912 -9.990e-29
       4156     41.204     8.5688   3.388881     0.5373     0.0147  0.0957117    93.3896     40.817    31.9737     0.0912 -9.990e-29
       4157     41.204     8.5688   3.388882     0.5373     0.0147  0.0957106    93.3885     40.817    31.9737     0.0913 -9.990e-29
       4158     41.204     8.5688   3.388883     0.5373     0.0147  0.0957094    93.3872     40.817    31.9737     0.0913 -9.990e-29
       4159     41.204     8.5687   3.388884     0.5373     0.0147  0.0957081    93.3858     40.817    31.9738     0.0913 -9.990e-29
       4160     41.205     8.5687   3.388885     0.5373     0.0147  0.0957066    93.3843     40.818    31.9738     0.0913 -9.990e-29
       4161     41.205     8.5687   3.388886     0.5373     0.0147  0.0957060    93.3826     40.818    31.9738     0.0914 -9.990e-29
       4162     41.205     8.5687   3.388886     0.5373     0.0147  0.0957069    93.3807     40.818    31.9738     0.0914 -9.990e-29
       4163     41.205     8.5687   3.388887     0.5373     0.0147  0.0957085    93.3787     40.818    31.9738     0.0914 -9.990e-29
       4164     41.206     8.5687   3.388888     0.5373     0.0147  0.0957101    93.3764     40.819    31.9738     0.0914 -9.990e-29
       4165     41.206     8.5687   3.388890     0.5373     0.0147  0.0957115    93.3739     40.819    31.9738     0.0914 -9.990e-29
       4166     41.206     8.5687   3.388891     0.5373     0.0147  0.0957129    93.3713     40.819    31.9739     0.0914 -9.990e-29
       4167     41.206     8.5687   3.388892     0.5372     0.0147  0.0957142    93.3683     40.819    31.9739     0.0912 -9.990e-29
       4168     41.206     8.5687   3.388893     0.5372     0.0147  0.0957154    93.3649     40.819    31.9739     0.0912 -9.990e-29
       4169     41.206     8.5687   3.388894     0.5372     0.0147  0.0957166    93.3613     40.819    31.9739     0.0912 -9.990e-29
       4170     41.207     8.5687   3.388895     0.5372     0.0147  0.0957178    93.3575     40.820    31.9739     0.0912 -9.990e-29
       4171     41.207     8.5687   3.388896     0.5372     0.0147  0.0957189    93.3535     40.820    31.9739     0.0912 -9.990e-29
       4172     41.207     8.5687   3.388897     0.5372     0.0147  0.0957200    93.3494     40.820    31.9739     0.0912 -9.990e-29
       4173     41.207     8.5687   3.388898     0.5372     0.0147  0.0957211    93.3452     40.820    31.9739     0.0912 -9.990e-29
       4174     41.207     8.5687   3.388898     0.5372     0.0147  0.0957221    93.3409     40.820    31.9739     0.0912 -9.990e-29
       4175     41.207     8.5688   3.388900     0.5372     0.0147  0.0957232    93.3366     40.820    31.9739     0.0912 -9.990e-29
       4176     41.207     8.5688   3.388901     0.5372     0.0147  0.0957242    93.3321     40.820    31.9739     0.0912 -9.990e-29
       4177     41.207     8.5688   3.388902     0.5372     0.0147  0.0957253    93.3275     40.820    31.9739     0.0912 -9.990e-29
       4178     41.208     8.5688   3.388903     0.5372     0.0147  0.0957264    93.3228     40.821    31.9739     0.0913 -9.990e-29
       4179     41.208     8.5689   3.388904     0.5372     0.0147  0.0957275    93.3178     40.821    31.9738     0.0913 -9.990e-29
       4180     41.208     8.5689   3.388906     0.5372     0.0147  0.0957286    93.3125     40.821    31.9738     0.0912 -9.990e-29
       4181     41.209     8.5689   3.388907     0.5372     0.0147  0.0957298    93.3069     40.822    31.9738     0.0912 -9.990e-29
       4182     41.209     8.5690   3.388908     0.5372     0.0147  0.0957310    93.3009     40.822    31.9738     0.0913 -9.990e-29
       4183     41.209     8.5690   3.388909     0.5371     0.0147  0.0957323    93.2945     40.822    31.9738     0.0910 -9.990e-29
       4184     41.209     8.5690   3.388909     0.5371     0.0147  0.0957337    93.2875     40.822    31.9738     0.0910 -9.990e-29
       4185     41.209     8.5691   3.388911     0.5371     0.0147  0.0957351    93.2800     40.822    31.9737     0.0910 -9.990e-29
       4186     41.209     8.5691   3.388912     0.5371     0.0147  0.0957366    93.2720     40.822    31.9737     0.0910 -9.990e-29
       4187     41.210     8.5692   3.388913     0.5371     0.0147  0.0957382    93.2633     40.823    31.9736     0.0911 -9.990e-29
       4188     41.210     8.5692   3.388914     0.5371     0.0147  0.0957399    93.2540     40.823    31.9736     0.0911 -9.990e-29
       4189     41.210     8.5693   3.388916     0.5371     0.0147  0.0957418    93.2440     40.823    31.9736     0.0911 -9.990e-29
       4190     41.210     8.5693   3.388917     0.5371     0.0147  0.0957437    93.2336     40.823    31.9736     0.0912 -9.990e-29
       4191     41.211     8.5694   3.388917     0.5371     0.0147  0.0957459    93.2230     40.824    31.9735     0.0913 -9.990e-29
       4192     41.211     8.5694   3.388918     0.5371     0.0147  0.0957481    93.2123     40.824    31.9735     0.0913 -9.990e-29
       4193     41.211     8.5695   3.388920     0.5370     0.0147  0.0957506    93.2018     40.824    31.9734     0.0910 -9.990e-29
       4194     41.211     8.5695   3.388921     0.5370     0.0147  0.0957532    93.1916     40.824    31.9734     0.0911 -9.990e-29
       4195     41.211     8.5696   3.388922     0.5370     0.0147  0.0957561    93.1818     40.824    31.9734     0.0911 -9.990e-29
       4196     41.211     8.5697   3.388923     0.5370     0.0147  0.0957592    93.1727     40.824    31.9733     0.0912 -9.990e-29
       4197     41.211     8.5697   3.388924     0.5370     0.0147  0.0957625    93.1644     40.824    31.9733     0.0913 -9.990e-29
       4198     41.212     8.5698   3.388925     0.5370     0.0147  0.0957661    93.1570     40.825    31.9732     0.0913 -9.990e-29
       4199     41.212     8.5698   3.388926     0.5370     0.0147  0.0957701    93.1507     40.825    31.9732     0.0914 -9.990e-29
       4200     41.212     8.5699   3.388928     0.5370     0.0147  0.0957743    93.1455     40.825    31.9732     0.0915 -9.990e-29
       4201     41.212     8.5700   3.388928     0.5370     0.0147  0.0957789    93.1416     40.825    31.9731     0.0916 -9.990e-29
       4202     41.212     8.5700   3.388929     0.5370     0.0147  0.0957839    93.1390     40.825    31.9731     0.0916 -9.990e-29
       4203     41.212     8.5701   3.388931     0.5370     0.0147  0.0957893    93.1377     40.825    31.9730     0.0917 -9.990e-29
       4204     41.212     8.5702   3.388932     0.5370     0.0147  0.0957952    93.1377     40.825    31.9729     0.0918 -9.990e-29
       4205     41.212     8.5702   3.388933     0.5370     0.0147  0.0958016    93.1389     40.825    31.9729     0.0919 -9.990e-29
       4206     41.212     8.5703   3.388934     0.5370     0.0147  0.0958085    93.1413     40.825    31.9729     0.0919 -9.990e-29
       4207     41.212     8.5704   3.388935     0.5370     0.0147  0.0958161    93.1445     40.825    31.9728     0.0920 -9.990e-29
       4208     41.212     8.5705   3.388936     0.5370     0.0147  0.0958242    93.1486     40.825    31.9727     0.0920 -9.990e-29
       4209     41.212     8.5705   3.388937     0.5370     0.0147  0.0958331    93.1534     40.825    31.9727     0.0920 -9.990e-29
       4210     41.212     8.5706   3.388939     0.5370     0.0148  0.0958428    93.1588     40.825    31.9726     0.0920 -9.990e-29
