data/2022/wednesday_data/Station 8.cnv
* Sea-Bird SBE 9 Data File:
* FileName = C:\Users\ctd-user\Desktop\CTD data\MAR440 Sept 2022\Station 8.hex
* Software Version Seasave V 7.26.2.13
* Temperature SN = 4493
* Conductivity SN = 1899
* Number of Bytes Per Scan = 37
* Number of Voltage Words = 4
* Number of Scans Averaged by the Deck Unit = 1
* NMEA Latitude = 58 18.86 N
* NMEA Longitude = 011 46.55 E
* NMEA UTC (Time) = Sep 07 2022 11:31:30
* NMEA baud rate = 4800
** Ship: Skagerrak
** Station: 8
** Operator: Tibaud
# nquan = 12                                
# nvalues = 6532                        
# units = specified
# name 0 = scan: Scan Count
# name 1 = prDM: Pressure, Digiquartz [db]
# name 2 = t090C: Temperature [ITS-90, deg C]
# name 3 = c0S/m: Conductivity [S/m]
# name 4 = sbeox0V: Oxygen raw, SBE 43 [V]
# name 5 = flECO-AFL: Fluorescence, WET Labs ECO-AFL/FL [mg/m^3]
# name 6 = upoly0: Upoly 0, Turbidity
# name 7 = xmiss: Beam Transmission, Chelsea/Seatech [%]
# name 8 = depSM: Depth [salt water, m], lat = 58.3143
# name 9 = sal00: Salinity, Practical [PSU]
# name 10 = sbeox0ML/L: Oxygen, SBE 43 [ml/l], WS = 2
# name 11 = flag: flag
# span 0 =          1,       6532       
# span 1 =      0.396,     36.376       
# span 2 =     6.2542,    18.7280       
# span 3 =   3.125500,   3.465847       
# span 4 =     0.6174,     2.8053       
# span 5 =     0.0026,     0.0188       
# span 6 =  0.0942642,  0.1112379       
# span 7 =    83.9128,    95.9557       
# span 8 =      0.392,     36.035       
# span 9 =    23.7561,    31.3346       
# span 10 =     0.3137,     5.6037      
# span 11 = 0.0000e+00, 0.0000e+00      
# interval = seconds: 0.0416667
# start_time = Sep 07 2022 11:31:30 [NMEA time, header]
# bad_flag = -9.990e-29
*END*
[from data line 4211]
       4212      0.455    18.6099   3.285067     2.7963     0.0167  0.0968870    89.1160      0.451    23.7726     5.5905 -9.990e-29
       4213      0.455    18.6098   3.285069     2.7963     0.0167  0.0968796    89.1092      0.451    23.7727     5.5906 -9.990e-29
       4214      0.455    18.6098   3.285071     2.7964     0.0167  0.0968734    89.1019      0.451    23.7727     5.5909 -9.990e-29
       4215      0.454    18.6098   3.285072     2.7964     0.0167  0.0968685    89.0940      0.450    23.7727     5.5910 -9.990e-29
       4216      0.454    18.6097   3.285073     2.7964     0.0167  0.0968647    89.0855      0.450    23.7728     5.5910 -9.990e-29
       4217      0.454    18.6097   3.285074     2.7965     0.0167  0.0968621    89.0761      0.450    23.7728     5.5913 -9.990e-29
       4218      0.454    18.6097   3.285075     2.7965     0.0167  0.0968606    89.0659      0.450    23.7728     5.5914 -9.990e-29
       4219      0.454    18.6097   3.285076     2.7965     0.0167  0.0968602    89.0551      0.450    23.7728     5.5914 -9.990e-29
       4220      0.453    18.6096   3.285075     2.7966     0.0167  0.0968610    89.0442      0.449    23.7728     5.5916 -9.990e-29
       4221      0.453    18.6096   3.285077     2.7966     0.0168  0.0968628    89.0344      0.449    23.7729     5.5916 -9.990e-29
       4222      0.453    18.6095   3.285078     2.7966     0.0168  0.0968658    89.0271      0.449    23.7729     5.5916 -9.990e-29
       4223      0.452    18.6095   3.285079     2.7967     0.0168  0.0968700    89.0237      0.448    23.7729     5.5918 -9.990e-29
       4224      0.452    18.6094   3.285080     2.7967     0.0168  0.0968754    89.0247      0.448    23.7730     5.5918 -9.990e-29
       4225      0.451    18.6093   3.285082     2.7968     0.0168  0.0968819    89.0299      0.447    23.7731     5.5920 -9.990e-29
       4226      0.451    18.6093   3.285083     2.7968     0.0168  0.0968898    89.0388      0.447    23.7731     5.5920 -9.990e-29
       4227      0.451    18.6092   3.285084     2.7969     0.0169  0.0968989    89.0509      0.447    23.7731     5.5922 -9.990e-29
       4228      0.450    18.6091   3.285085     2.7969     0.0169  0.0969095    89.0658      0.446    23.7732     5.5921 -9.990e-29
       4229      0.450    18.6090   3.285086     2.7970     0.0169  0.0969215    89.0828      0.446    23.7733     5.5923 -9.990e-29
       4230      0.450    18.6089   3.285087     2.7970     0.0169  0.0969350    89.1013      0.446    23.7733     5.5922 -9.990e-29
       4231      0.449    18.6089   3.285089     2.7970     0.0169  0.0969502    89.1204      0.445    23.7734     5.5921 -9.990e-29
       4232      0.449    18.6088   3.285089     2.7971     0.0169  0.0969672    89.1392      0.445    23.7734     5.5922 -9.990e-29
       4233      0.449    18.6087   3.285091     2.7971     0.0169  0.0969851    89.1571      0.445    23.7735     5.5921 -9.990e-29
       4234      0.449    18.6087   3.285092     2.7972     0.0169  0.0970025    89.1737      0.445    23.7735     5.5922 -9.990e-29
       4235      0.448    18.6086   3.285093     2.7972     0.0170  0.0970186    89.1887      0.444    23.7736     5.5921 -9.990e-29
       4236      0.448    18.6086   3.285094     2.7972     0.0170  0.0970335    89.2021      0.444    23.7736     5.5919 -9.990e-29
       4237      0.448    18.6086   3.285095     2.7973     0.0170  0.0970473    89.2142      0.444    23.7736     5.5920 -9.990e-29
       4238      0.448    18.6085   3.285096     2.7973     0.0170  0.0970602    89.2251      0.444    23.7736     5.5919 -9.990e-29
       4239      0.447    18.6085   3.285097     2.7973     0.0170  0.0970722    89.2353      0.443    23.7736     5.5917 -9.990e-29
       4240      0.447    18.6085   3.285098     2.7974     0.0170  0.0970833    89.2450      0.443    23.7737     5.5917 -9.990e-29
       4241      0.447    18.6085   3.285099     2.7974     0.0170  0.0970938    89.2540      0.443    23.7737     5.5915 -9.990e-29
       4242      0.447    18.6084   3.285099     2.7974     0.0170  0.0971036    89.2619      0.443    23.7737     5.5913 -9.990e-29
       4243      0.447    18.6084   3.285100     2.7974     0.0170  0.0971128    89.2688      0.443    23.7737     5.5911 -9.990e-29
       4244      0.446    18.6083   3.285101     2.7974     0.0170  0.0971214    89.2748      0.442    23.7738     5.5909 -9.990e-29
       4245      0.446    18.6083   3.285103     2.7974     0.0169  0.0971296    89.2800      0.442    23.7738     5.5907 -9.990e-29
       4246      0.446    18.6082   3.285104     2.7974     0.0169  0.0971374    89.2845      0.442    23.7739     5.5904 -9.990e-29
       4247      0.446    18.6081   3.285105     2.7974     0.0169  0.0971449    89.2880      0.442    23.7739     5.5902 -9.990e-29
       4248      0.446    18.6080   3.285107     2.7974     0.0169  0.0971520    89.2898      0.442    23.7740     5.5900 -9.990e-29
       4249      0.446    18.6079   3.285109     2.7974     0.0169  0.0971589    89.2899      0.442    23.7741     5.5898 -9.990e-29
       4250      0.445    18.6078   3.285110     2.7974     0.0169  0.0971656    89.2881      0.441    23.7742     5.5896 -9.990e-29
       4251      0.445    18.6077   3.285112     2.7974     0.0169  0.0971722    89.2848      0.441    23.7742     5.5894 -9.990e-29
       4252      0.445    18.6077   3.285114     2.7974     0.0168  0.0971786    89.2804      0.441    23.7742     5.5892 -9.990e-29
       4253      0.445    18.6076   3.285115     2.7973     0.0168  0.0971850    89.2753      0.441    23.7743     5.5887 -9.990e-29
       4254      0.444    18.6075   3.285117     2.7973     0.0168  0.0971913    89.2698      0.440    23.7744     5.5885 -9.990e-29
       4255      0.444    18.6075   3.285119     2.7973     0.0168  0.0971977    89.2643      0.440    23.7744     5.5883 -9.990e-29
       4256      0.444    18.6075   3.285121     2.7973     0.0167  0.0972041    89.2587      0.440    23.7744     5.5881 -9.990e-29
       4257      0.444    18.6074   3.285122     2.7972     0.0167  0.0972107    89.2529      0.440    23.7745     5.5877 -9.990e-29
       4258      0.443    18.6074   3.285123     2.7972     0.0167  0.0972174    89.2471      0.439    23.7745     5.5876 -9.990e-29
       4259      0.443    18.6074   3.285124     2.7972     0.0166  0.0972243    89.2415      0.439    23.7745     5.5874 -9.990e-29
       4260      0.443    18.6074   3.285126     2.7971     0.0166  0.0972315    89.2364      0.439    23.7745     5.5871 -9.990e-29
       4261      0.442    18.6074   3.285127     2.7971     0.0166  0.0972389    89.2322      0.438    23.7745     5.5870 -9.990e-29
       4262      0.442    18.6074   3.285128     2.7970     0.0165  0.0972468    89.2287      0.438    23.7745     5.5866 -9.990e-29
       4263      0.442    18.6075   3.285131     2.7970     0.0165  0.0972550    89.2260      0.438    23.7745     5.5866 -9.990e-29
       4264      0.441    18.6075   3.285132     2.7969     0.0165  0.0972637    89.2239      0.437    23.7745     5.5863 -9.990e-29
       4265      0.441    18.6076   3.285135     2.7969     0.0164  0.0972729    89.2221      0.437    23.7745     5.5862 -9.990e-29
       4266      0.440    18.6077   3.285138     2.7968     0.0164  0.0972827    89.2202      0.436    23.7744     5.5860 -9.990e-29
       4267      0.439    18.6078   3.285142     2.7968     0.0164  0.0972932    89.2180      0.435    23.7744     5.5860 -9.990e-29
       4268      0.439    18.6079   3.285147     2.7967     0.0164  0.0973044    89.2151      0.435    23.7744     5.5858 -9.990e-29
       4269      0.438    18.6080   3.285153     2.7967     0.0163  0.0973164    89.2116      0.434    23.7744     5.5858 -9.990e-29
       4270      0.438    18.6081   3.285161     2.7966     0.0163  0.0973293    89.2074      0.434    23.7744     5.5856 -9.990e-29
       4271      0.437    18.6082   3.285168     2.7966     0.0163  0.0973432    89.2026      0.433    23.7744     5.5856 -9.990e-29
       4272      0.437    18.6083   3.285177     2.7966     0.0163  0.0973582    89.1973      0.433    23.7744     5.5857 -9.990e-29
       4273      0.436    18.6085   3.285186     2.7965     0.0163  0.0973743    89.1919      0.432    23.7744     5.5856 -9.990e-29
       4274      0.436    18.6086   3.285197     2.7965     0.0163  0.0973918    89.1867      0.432    23.7744     5.5857 -9.990e-29
       4275      0.435    18.6088   3.285206     2.7964     0.0163  0.0974107    89.1817      0.431    23.7744     5.5855 -9.990e-29
       4276      0.435    18.6090   3.285217     2.7964     0.0163  0.0974311    89.1766      0.431    23.7743     5.5856 -9.990e-29
       4277      0.434    18.6091   3.285228     2.7963     0.0162  0.0974532    89.1710      0.430    23.7744     5.5855 -9.990e-29
       4278      0.433    18.6093   3.285240     2.7963     0.0162  0.0974771    89.1650      0.429    23.7743     5.5856 -9.990e-29
       4279      0.433    18.6095   3.285252     2.7963     0.0162  0.0975031    89.1583      0.429    23.7743     5.5857 -9.990e-29
       4280      0.432    18.6097   3.285265     2.7962     0.0162  0.0975313    89.1510      0.428    23.7743     5.5856 -9.990e-29
       4281      0.431    18.6099   3.285277     2.7962     0.0162  0.0975618    89.1435      0.427    23.7743     5.5858 -9.990e-29
       4282      0.430    18.6102   3.285290     2.7962     0.0162  0.0975949    89.1362      0.426    23.7742     5.5858 -9.990e-29
       4283      0.430    18.6104   3.285304     2.7962     0.0162  0.0976292    89.1294      0.426    23.7742     5.5859 -9.990e-29
       4284      0.429    18.6106   3.285319     2.7962     0.0162  0.0976615    89.1230      0.425    23.7742     5.5860 -9.990e-29
       4285      0.428    18.6108   3.285333     2.7962     0.0162  0.0976902    89.1169      0.424    23.7742     5.5861 -9.990e-29
       4286      0.427    18.6110   3.285349     2.7962     0.0162  0.0977157    89.1111      0.423    23.7742     5.5862 -9.990e-29
       4287      0.427    18.6112   3.285365     2.7962     0.0162  0.0977380    89.1059      0.423    23.7742     5.5863 -9.990e-29
       4288      0.426    18.6115   3.285382     2.7962     0.0162  0.0977573    89.1018      0.422    23.7742     5.5863 -9.990e-29
       4289      0.425    18.6117   3.285399     2.7962     0.0162  0.0977739    89.0991      0.421    23.7742     5.5863 -9.990e-29
       4290      0.424    18.6120   3.285417     2.7963     0.0162  0.0977877    89.0979      0.420    23.7742     5.5866 -9.990e-29
       4291      0.424    18.6122   3.285434     2.7963     0.0162  0.0977988    89.0983      0.420    23.7742     5.5866 -9.990e-29
       4292      0.423    18.6125   3.285453     2.7963     0.0162  0.0978075    89.1006      0.419    23.7742     5.5866 -9.990e-29
       4293      0.422    18.6128   3.285473     2.7963     0.0162  0.0978136    89.1046      0.418    23.7742     5.5866 -9.990e-29
       4294      0.421    18.6131   3.285493     2.7963     0.0162  0.0978173    89.1099      0.417    23.7742     5.5866 -9.990e-29
       4295      0.420    18.6135   3.285514     2.7963     0.0162  0.0978186    89.1160      0.416    23.7741     5.5865 -9.990e-29
       4296      0.419    18.6139   3.285535     2.7964     0.0162  0.0978175    89.1224      0.415    23.7741     5.5867 -9.990e-29
       4297      0.419    18.6143   3.285557     2.7964     0.0162  0.0978139    89.1285      0.415    23.7740     5.5867 -9.990e-29
       4298      0.418    18.6147   3.285579     2.7964     0.0161  0.0978080    89.1343      0.414    23.7740     5.5866 -9.990e-29
       4299      0.417    18.6152   3.285603     2.7964     0.0161  0.0977995    89.1396      0.413    23.7739     5.5865 -9.990e-29
       4300      0.416    18.6157   3.285628     2.7964     0.0161  0.0977885    89.1439      0.412    23.7738     5.5864 -9.990e-29
       4301      0.415    18.6163   3.285653     2.7964     0.0161  0.0977749    89.1473      0.411    23.7736     5.5863 -9.990e-29
       4302      0.414    18.6169   3.285679     2.7964     0.0161  0.0977585    89.1499      0.410    23.7735     5.5862 -9.990e-29
       4303      0.413    18.6175   3.285706     2.7964     0.0161  0.0977394    89.1515      0.409    23.7734     5.5861 -9.990e-29
       4304      0.412    18.6182   3.285734     2.7964     0.0161  0.0977172    89.1516      0.408    23.7732     5.5859 -9.990e-29
       4305      0.411    18.6190   3.285763     2.7964     0.0161  0.0976920    89.1501      0.407    23.7730     5.5858 -9.990e-29
       4306      0.410    18.6198   3.285794     2.7963     0.0161  0.0976635    89.1472      0.406    23.7727     5.5854 -9.990e-29
       4307      0.409    18.6207   3.285825     2.7963     0.0161  0.0976315    89.1435      0.405    23.7725     5.5852 -9.990e-29
       4308      0.408    18.6216   3.285858     2.7963     0.0161  0.0975966    89.1391      0.404    23.7722     5.5851 -9.990e-29
       4309      0.407    18.6225   3.285892     2.7962     0.0161  0.0975612    89.1337      0.403    23.7720     5.5847 -9.990e-29
       4310      0.406    18.6233   3.285926     2.7962     0.0161  0.0975283    89.1271      0.402    23.7718     5.5846 -9.990e-29
       4311      0.405    18.6242   3.285962     2.7962     0.0161  0.0974996    89.1190      0.401    23.7716     5.5845 -9.990e-29
       4312      0.404    18.6250   3.285999     2.7961     0.0161  0.0974738    89.1095      0.400    23.7714     5.5841 -9.990e-29
       4313      0.403    18.6259   3.286037     2.7961     0.0161  0.0974501    89.0987      0.399    23.7712     5.5840 -9.990e-29
       4314      0.403    18.6268   3.286076     2.7961     0.0161  0.0974281    89.0869      0.399    23.7710     5.5839 -9.990e-29
       4315      0.402    18.6276   3.286116     2.7960     0.0161  0.0974078    89.0746      0.398    23.7709     5.5836 -9.990e-29
       4316      0.401    18.6285   3.286157     2.7960     0.0160  0.0973891    89.0625      0.397    23.7707     5.5835 -9.990e-29
       4317      0.400    18.6293   3.286198     2.7960     0.0160  0.0973718    89.0512      0.396    23.7705     5.5835 -9.990e-29
       4318      0.400    18.6301   3.286239     2.7959     0.0160  0.0973557    89.0415      0.396    23.7704     5.5832 -9.990e-29
       4319      0.399    18.6309   3.286281     2.7959     0.0160  0.0973408    89.0340      0.395    23.7703     5.5832 -9.990e-29
       4320      0.399    18.6318   3.286324     2.7959     0.0160  0.0973270    89.0288      0.395    23.7701     5.5832 -9.990e-29
       4321      0.398    18.6326   3.286366     2.7958     0.0160  0.0973141    89.0258      0.394    23.7700     5.5830 -9.990e-29
       4322      0.398    18.6335   3.286408     2.7958     0.0160  0.0973021    89.0246      0.394    23.7698     5.5830 -9.990e-29
       4323      0.397    18.6343   3.286450     2.7958     0.0160  0.0972909    89.0249      0.393    23.7697     5.5831 -9.990e-29
       4324      0.397    18.6351   3.286491     2.7958     0.0160  0.0972805    89.0264      0.393    23.7695     5.5831 -9.990e-29
       4325      0.396    18.6360   3.286533     2.7958     0.0160  0.0972706    89.0292      0.392    23.7694     5.5832 -9.990e-29
       4326      0.396    18.6367   3.286574     2.7958     0.0160  0.0972614    89.0333      0.392    23.7693     5.5832 -9.990e-29
       4327      0.396    18.6375   3.286616     2.7958     0.0160  0.0972535    89.0383      0.392    23.7692     5.5833 -9.990e-29
       4328      0.396    18.6382   3.286656     2.7958     0.0160  0.0972477    89.0435      0.392    23.7691     5.5834 -9.990e-29
       4329      0.396    18.6389   3.286696     2.7958     0.0160  0.0972432    89.0489      0.392    23.7690     5.5834 -9.990e-29
       4330      0.396    18.6396   3.286738     2.7958     0.0160  0.0972391    89.0544      0.392    23.7689     5.5835 -9.990e-29
