data/2022/wednesday_data/Station 8.cnv
* Sea-Bird SBE 9 Data File:
* FileName = C:\Users\ctd-user\Desktop\CTD data\MAR440 Sept 2022\Station 8.hex
* Software Version Seasave V 7.26.2.13
* Temperature SN = 4493
* Conductivity SN = 1899
* Number of Bytes Per Scan = 37
* Number of Voltage Words = 4
* Number of Scans Averaged by the Deck Unit = 1
* NMEA Latitude = 58 18.86 N
* NMEA Longitude = 011 46.55 E
* NMEA UTC (Time) = Sep 07 2022 11:31:30
* NMEA baud rate = 4800
** Ship: Skagerrak
** Station: 8
** Operator: Tibaud
# nquan = 12                                
# nvalues = 6532                        
# units = specified
# name 0 = scan: Scan Count
# name 1 = prDM: Pressure, Digiquartz [db]
# name 2 = t090C: Temperature [ITS-90, deg C]
# name 3 = c0S/m: Conductivity [S/m]
# name 4 = sbeox0V: Oxygen raw, SBE 43 [V]
# name 5 = flECO-AFL: Fluorescence, WET Labs ECO-AFL/FL [mg/m^3]
# name 6 = upoly0: Upoly 0, Turbidity
# name 7 = xmiss: Beam Transmission, Chelsea/Seatech [%]
# name 8 = depSM: Depth [salt water, m], lat = 58.3143
# name 9 = sal00: Salinity, Practical [PSU]
# name 10 = sbeox0ML/L: Oxygen, SBE 43 [ml/l], WS = 2
# name 11 = flag: flag
# span 0 =          1,       6532       
# span 1 =      0.396,     36.376       
# span 2 =     6.2542,    18.7280       
# span 3 =   3.125500,   3.465847       
# span 4 =     0.6174,     2.8053       
# span 5 =     0.0026,     0.0188       
# span 6 =  0.0942642,  0.1112379       
# span 7 =    83.9128,    95.9557       
# span 8 =      0.392,     36.035       
# span 9 =    23.7561,    31.3346       
# span 10 =     0.3137,     5.6037      
# span 11 = 0.0000e+00, 0.0000e+00      
# interval = seconds: 0.0416667
# start_time = Sep 07 2022 11:31:30 [NMEA time, header]
# bad_flag = -9.990e-29
*END*
[from data line 241]
        242      0.445    18.6248   3.285549     2.7918     0.0158  0.0971969    89.3206      0.441    23.7679     5.5808 -9.990e-29
        243      0.445    18.6251   3.285556     2.7919     0.0158  0.0971977    89.3224      0.441    23.7678     5.5811 -9.990e-29
        244      0.446    18.6254   3.285564     2.7919     0.0158  0.0971985    89.3255      0.442    23.7677     5.5812 -9.990e-29
        245      0.446    18.6257   3.285573     2.7920     0.0158  0.0971994    89.3305      0.442    23.7676     5.5816 -9.990e-29
        246      0.446    18.6261   3.285583     2.7921     0.0158  0.0972003    89.3371      0.442    23.7674     5.5819 -9.990e-29
        247      0.446    18.6265   3.285594     2.7921     0.0158  0.0972014    89.3452      0.442    23.7673     5.5820 -9.990e-29
        248      0.446    18.6270   3.285605     2.7922     0.0158  0.0972025    89.3545      0.442    23.7671     5.5823 -9.990e-29
        249      0.446    18.6274   3.285615     2.7922     0.0158  0.0972037    89.3649      0.442    23.7669     5.5823 -9.990e-29
        250      0.446    18.6280   3.285628     2.7923     0.0158  0.0972051    89.3760      0.442    23.7667     5.5826 -9.990e-29
        251      0.446    18.6285   3.285640     2.7923     0.0158  0.0972065    89.3871      0.442    23.7665     5.5827 -9.990e-29
        252      0.446    18.6291   3.285652     2.7924     0.0158  0.0972081    89.3976      0.442    23.7663     5.5830 -9.990e-29
        253      0.446    18.6297   3.285667     2.7925     0.0159  0.0972099    89.4074      0.442    23.7660     5.5833 -9.990e-29
        254      0.446    18.6303   3.285680     2.7925     0.0159  0.0972117    89.4160      0.442    23.7658     5.5834 -9.990e-29
        255      0.447    18.6310   3.285696     2.7926     0.0159  0.0972138    89.4230      0.443    23.7655     5.5837 -9.990e-29
        256      0.447    18.6316   3.285711     2.7927     0.0159  0.0972160    89.4287      0.443    23.7653     5.5841 -9.990e-29
        257      0.447    18.6322   3.285726     2.7928     0.0159  0.0972184    89.4334      0.443    23.7651     5.5844 -9.990e-29
        258      0.447    18.6329   3.285744     2.7928     0.0159  0.0972211    89.4373      0.443    23.7648     5.5845 -9.990e-29
        259      0.448    18.6335   3.285761     2.7929     0.0159  0.0972239    89.4407      0.444    23.7646     5.5848 -9.990e-29
        260      0.448    18.6341   3.285780     2.7930     0.0159  0.0972270    89.4438      0.444    23.7644     5.5852 -9.990e-29
        261      0.448    18.6347   3.285799     2.7931     0.0159  0.0972304    89.4466      0.444    23.7642     5.5856 -9.990e-29
        262      0.448    18.6354   3.285820     2.7932     0.0159  0.0972341    89.4489      0.444    23.7640     5.5859 -9.990e-29
        263      0.449    18.6359   3.285840     2.7933     0.0159  0.0972381    89.4504      0.445    23.7639     5.5863 -9.990e-29
        264      0.449    18.6365   3.285862     2.7933     0.0159  0.0972425    89.4511      0.445    23.7637     5.5864 -9.990e-29
        265      0.449    18.6371   3.285884     2.7934     0.0159  0.0972472    89.4511      0.445    23.7635     5.5868 -9.990e-29
        266      0.449    18.6377   3.285906     2.7935     0.0159  0.0972523    89.4505      0.445    23.7634     5.5872 -9.990e-29
        267      0.450    18.6382   3.285928     2.7936     0.0159  0.0972579    89.4490      0.446    23.7633     5.5876 -9.990e-29
        268      0.450    18.6388   3.285951     2.7937     0.0159  0.0972640    89.4468      0.446    23.7631     5.5879 -9.990e-29
        269      0.450    18.6393   3.285974     2.7938     0.0159  0.0972706    89.4438      0.446    23.7630     5.5883 -9.990e-29
        270      0.450    18.6398   3.285997     2.7939     0.0159  0.0972778    89.4401      0.446    23.7629     5.5887 -9.990e-29
        271      0.450    18.6403   3.286020     2.7941     0.0159  0.0972856    89.4357      0.446    23.7628     5.5893 -9.990e-29
        272      0.450    18.6408   3.286042     2.7942     0.0159  0.0972941    89.4301      0.446    23.7627     5.5897 -9.990e-29
        273      0.450    18.6412   3.286064     2.7943     0.0159  0.0973033    89.4232      0.446    23.7626     5.5900 -9.990e-29
        274      0.450    18.6415   3.286086     2.7944     0.0159  0.0973133    89.4153      0.446    23.7626     5.5903 -9.990e-29
        275      0.451    18.6418   3.286108     2.7946     0.0159  0.0973242    89.4066      0.447    23.7626     5.5909 -9.990e-29
        276      0.451    18.6422   3.286129     2.7947     0.0158  0.0973360    89.3971      0.447    23.7626     5.5912 -9.990e-29
        277      0.451    18.6425   3.286152     2.7948     0.0158  0.0973489    89.3868      0.447    23.7626     5.5915 -9.990e-29
        278      0.451    18.6428   3.286174     2.7950     0.0158  0.0973629    89.3758      0.447    23.7626     5.5921 -9.990e-29
        279      0.451    18.6432   3.286196     2.7951     0.0158  0.0973773    89.3642      0.447    23.7625     5.5923 -9.990e-29
        280      0.451    18.6435   3.286218     2.7952     0.0158  0.0973904    89.3525      0.447    23.7625     5.5926 -9.990e-29
        281      0.451    18.6439   3.286240     2.7954     0.0158  0.0974015    89.3407      0.447    23.7625     5.5930 -9.990e-29
        282      0.452    18.6443   3.286262     2.7955     0.0158  0.0974108    89.3293      0.448    23.7624     5.5933 -9.990e-29
        283      0.452    18.6446   3.286283     2.7956     0.0158  0.0974181    89.3188      0.448    23.7624     5.5935 -9.990e-29
        284      0.452    18.6450   3.286303     2.7958     0.0158  0.0974237    89.3094      0.448    23.7624     5.5939 -9.990e-29
        285      0.453    18.6454   3.286324     2.7959     0.0158  0.0974275    89.3014      0.449    23.7623     5.5941 -9.990e-29
        286      0.453    18.6457   3.286343     2.7960     0.0158  0.0974296    89.2946      0.449    23.7623     5.5942 -9.990e-29
        287      0.453    18.6460   3.286363     2.7962     0.0158  0.0974300    89.2888      0.449    23.7623     5.5946 -9.990e-29
        288      0.454    18.6463   3.286382     2.7963     0.0158  0.0974287    89.2834      0.450    23.7622     5.5947 -9.990e-29
        289      0.454    18.6465   3.286401     2.7964     0.0158  0.0974256    89.2782      0.450    23.7623     5.5948 -9.990e-29
        290      0.454    18.6467   3.286421     2.7966     0.0158  0.0974208    89.2730      0.450    23.7623     5.5952 -9.990e-29
        291      0.454    18.6468   3.286440     2.7967     0.0158  0.0974142    89.2679      0.450    23.7624     5.5952 -9.990e-29
        292      0.455    18.6469   3.286460     2.7968     0.0158  0.0974058    89.2624      0.451    23.7625     5.5953 -9.990e-29
        293      0.455    18.6469   3.286480     2.7969     0.0158  0.0973955    89.2566      0.451    23.7627     5.5954 -9.990e-29
        294      0.455    18.6468   3.286498     2.7971     0.0158  0.0973833    89.2504      0.451    23.7629     5.5957 -9.990e-29
        295      0.455    18.6468   3.286517     2.7972     0.0159  0.0973690    89.2436      0.451    23.7630     5.5958 -9.990e-29
        296      0.456    18.6468   3.286537     2.7973     0.0159  0.0973526    89.2360      0.452    23.7632     5.5958 -9.990e-29
        297      0.456    18.6468   3.286556     2.7974     0.0159  0.0973339    89.2275      0.452    23.7633     5.5959 -9.990e-29
        298      0.456    18.6468   3.286575     2.7975     0.0159  0.0973128    89.2181      0.452    23.7635     5.5959 -9.990e-29
        299      0.456    18.6468   3.286592     2.7976     0.0159  0.0972892    89.2078      0.452    23.7636     5.5959 -9.990e-29
        300      0.457    18.6468   3.286609     2.7977     0.0159  0.0972630    89.1964      0.453    23.7638     5.5960 -9.990e-29
        301      0.457    18.6469   3.286627     2.7978     0.0159  0.0972338    89.1837      0.453    23.7639     5.5960 -9.990e-29
        302      0.457    18.6469   3.286643     2.7979     0.0159  0.0972024    89.1699      0.453    23.7640     5.5960 -9.990e-29
        303      0.458    18.6469   3.286658     2.7980     0.0160  0.0971703    89.1552      0.454    23.7641     5.5960 -9.990e-29
        304      0.458    18.6469   3.286673     2.7980     0.0160  0.0971389    89.1400      0.454    23.7642     5.5958 -9.990e-29
        305      0.459    18.6470   3.286688     2.7981     0.0160  0.0971097    89.1242      0.455    23.7643     5.5958 -9.990e-29
        306      0.459    18.6470   3.286703     2.7982     0.0160  0.0970833    89.1081      0.455    23.7644     5.5958 -9.990e-29
        307      0.459    18.6470   3.286717     2.7983     0.0160  0.0970596    89.0915      0.455    23.7645     5.5958 -9.990e-29
        308      0.460    18.6471   3.286730     2.7983     0.0160  0.0970385    89.0744      0.456    23.7646     5.5955 -9.990e-29
        309      0.460    18.6471   3.286743     2.7984     0.0160  0.0970197    89.0567      0.456    23.7647     5.5956 -9.990e-29
        310      0.460    18.6472   3.286756     2.7984     0.0160  0.0970031    89.0389      0.456    23.7647     5.5953 -9.990e-29
        311      0.461    18.6472   3.286769     2.7985     0.0160  0.0969886    89.0218      0.457    23.7648     5.5954 -9.990e-29
        312      0.461    18.6473   3.286782     2.7986     0.0160  0.0969761    89.0058      0.457    23.7649     5.5954 -9.990e-29
        313      0.461    18.6474   3.286795     2.7986     0.0160  0.0969656    88.9911      0.457    23.7649     5.5952 -9.990e-29
        314      0.462    18.6475   3.286808     2.7987     0.0160  0.0969569    88.9776      0.458    23.7650     5.5952 -9.990e-29
        315      0.462    18.6477   3.286821     2.7987     0.0160  0.0969500    88.9651      0.458    23.7649     5.5950 -9.990e-29
        316      0.462    18.6478   3.286833     2.7988     0.0161  0.0969448    88.9533      0.458    23.7650     5.5951 -9.990e-29
        317      0.463    18.6480   3.286846     2.7989     0.0161  0.0969413    88.9419      0.459    23.7650     5.5951 -9.990e-29
        318      0.463    18.6482   3.286858     2.7989     0.0161  0.0969396    88.9309      0.459    23.7650     5.5950 -9.990e-29
        319      0.463    18.6485   3.286870     2.7990     0.0161  0.0969394    88.9204      0.459    23.7649     5.5951 -9.990e-29
        320      0.464    18.6487   3.286881     2.7990     0.0161  0.0969410    88.9104      0.460    23.7648     5.5949 -9.990e-29
        321      0.464    18.6490   3.286893     2.7991     0.0161  0.0969442    88.9008      0.460    23.7648     5.5950 -9.990e-29
        322      0.464    18.6493   3.286904     2.7991     0.0161  0.0969492    88.8913      0.460    23.7647     5.5949 -9.990e-29
        323      0.465    18.6496   3.286915     2.7992     0.0161  0.0969559    88.8819      0.461    23.7646     5.5950 -9.990e-29
        324      0.465    18.6500   3.286926     2.7992     0.0161  0.0969643    88.8732      0.461    23.7645     5.5949 -9.990e-29
        325      0.465    18.6503   3.286937     2.7992     0.0161  0.0969746    88.8656      0.461    23.7644     5.5948 -9.990e-29
        326      0.466    18.6507   3.286948     2.7993     0.0161  0.0969868    88.8589      0.462    23.7642     5.5950 -9.990e-29
        327      0.466    18.6512   3.286960     2.7993     0.0161  0.0970010    88.8530      0.462    23.7640     5.5949 -9.990e-29
        328      0.467    18.6516   3.286972     2.7993     0.0161  0.0970173    88.8477      0.463    23.7639     5.5948 -9.990e-29
        329      0.467    18.6520   3.286983     2.7993     0.0161  0.0970350    88.8436      0.463    23.7638     5.5948 -9.990e-29
        330      0.467    18.6524   3.286996     2.7994     0.0161  0.0970525    88.8408      0.463    23.7636     5.5950 -9.990e-29
        331      0.467    18.6528   3.287008     2.7994     0.0161  0.0970690    88.8391      0.463    23.7635     5.5949 -9.990e-29
        332      0.468    18.6531   3.287020     2.7995     0.0161  0.0970847    88.8377      0.464    23.7634     5.5952 -9.990e-29
        333      0.468    18.6532   3.287032     2.7995     0.0161  0.0970996    88.8361      0.464    23.7635     5.5952 -9.990e-29
        334      0.468    18.6534   3.287044     2.7995     0.0161  0.0971140    88.8345      0.464    23.7635     5.5952 -9.990e-29
        335      0.468    18.6534   3.287056     2.7996     0.0160  0.0971278    88.8329      0.464    23.7636     5.5955 -9.990e-29
        336      0.468    18.6534   3.287067     2.7996     0.0160  0.0971412    88.8315      0.464    23.7636     5.5955 -9.990e-29
        337      0.468    18.6534   3.287080     2.7996     0.0160  0.0971543    88.8304      0.464    23.7637     5.5955 -9.990e-29
        338      0.469    18.6534   3.287093     2.7997     0.0160  0.0971672    88.8297      0.465    23.7638     5.5958 -9.990e-29
        339      0.469    18.6533   3.287105     2.7997     0.0160  0.0971799    88.8294      0.465    23.7640     5.5959 -9.990e-29
        340      0.469    18.6532   3.287118     2.7998     0.0160  0.0971925    88.8296      0.465    23.7642     5.5962 -9.990e-29
        341      0.469    18.6531   3.287130     2.7998     0.0160  0.0972052    88.8302      0.465    23.7643     5.5963 -9.990e-29
        342      0.469    18.6530   3.287143     2.7999     0.0160  0.0972180    88.8310      0.465    23.7645     5.5966 -9.990e-29
        343      0.469    18.6529   3.287153     2.7999     0.0160  0.0972311    88.8318      0.465    23.7646     5.5967 -9.990e-29
        344      0.469    18.6527   3.287163     2.8000     0.0160  0.0972444    88.8326      0.465    23.7648     5.5970 -9.990e-29
        345      0.469    18.6526   3.287172     2.8000     0.0160  0.0972581    88.8333      0.465    23.7649     5.5971 -9.990e-29
        346      0.469    18.6524   3.287179     2.8001     0.0160  0.0972723    88.8339      0.465    23.7651     5.5974 -9.990e-29
        347      0.469    18.6523   3.287185     2.8001     0.0160  0.0972871    88.8345      0.465    23.7652     5.5975 -9.990e-29
        348      0.469    18.6522   3.287191     2.8002     0.0159  0.0973025    88.8354      0.465    23.7653     5.5979 -9.990e-29
        349      0.469    18.6521   3.287197     2.8002     0.0159  0.0973188    88.8368      0.465    23.7654     5.5980 -9.990e-29
        350      0.468    18.6521   3.287202     2.8003     0.0159  0.0973360    88.8384      0.464    23.7655     5.5983 -9.990e-29
        351      0.468    18.6522   3.287208     2.8004     0.0159  0.0973542    88.8397      0.464    23.7655     5.5986 -9.990e-29
        352      0.468    18.6523   3.287214     2.8004     0.0159  0.0973735    88.8399      0.464    23.7654     5.5987 -9.990e-29
        353      0.468    18.6525   3.287220     2.8005     0.0159  0.0973942    88.8386      0.464    23.7654     5.5990 -9.990e-29
        354      0.468    18.6527   3.287225     2.8006     0.0158  0.0974154    88.8359      0.464    23.7653     5.5992 -9.990e-29
        355      0.468    18.6531   3.287232     2.8007     0.0158  0.0974357    88.8317      0.464    23.7651     5.5995 -9.990e-29
        356      0.468    18.6535   3.287237     2.8007     0.0158  0.0974543    88.8265      0.464    23.7649     5.5996 -9.990e-29
        357      0.468    18.6538   3.287241     2.8008     0.0158  0.0974713    88.8203      0.464    23.7648     5.5998 -9.990e-29
        358      0.468    18.6542   3.287244     2.8009     0.0158  0.0974870    88.8137      0.464    23.7646     5.6001 -9.990e-29
        359      0.467    18.6544   3.287247     2.8009     0.0158  0.0975013    88.8070      0.463    23.7645     5.6002 -9.990e-29
        360      0.467    18.6547   3.287250     2.8010     0.0157  0.0975144    88.8005      0.463    23.7644     5.6004 -9.990e-29
