data/2022/wednesday_data/Station 1.cnv
* Sea-Bird SBE 9 Data File:
* FileName = C:\Users\ctd-user\Desktop\CTD data\MAR440 Sept 2022\Station 1.hex
* Software Version Seasave V 7.26.2.13
* Temperature SN = 4493
* Conductivity SN = 1899
* Number of Bytes Per Scan = 37
* Number of Voltage Words = 4
* Number of Scans Averaged by the Deck Unit = 1
* NMEA Latitude = 58 20.54 N
* NMEA Longitude = 011 54.17 E
* NMEA UTC (Time) = Sep 07 2022 13:43:25
* NMEA baud rate = 4800
** Ship: Skagerrak
** Station: 1
** Operator: Ida
# nquan = 12                                
# nvalues = 1799                        
# units = specified
# name 0 = scan: Scan Count
# name 1 = prDM: Pressure, Digiquartz [db]
# name 2 = t090C: Temperature [ITS-90, deg C]
# name 3 = c0S/m: Conductivity [S/m]
# name 4 = sbeox0V: Oxygen raw, SBE 43 [V]
# name 5 = flECO-AFL: Fluorescence, WET Labs ECO-AFL/FL [mg/m^3]
# name 6 = upoly0: Upoly 0, Turbidity
# name 7 = xmiss: Beam Transmission, Chelsea/Seatech [%]
# name 8 = depSM: Depth [salt water, m], lat = 58.3423
# name 9 = sal00: Salinity, Practical [PSU]
# name 10 = sbeox0ML/L: Oxygen, SBE 43 [ml/l], WS = 2
# name 11 = flag: flag
# span 0 =          1,       1799       
# span 1 =      1.142,     16.123       
# span 2 =     9.1013,    18.6522       
# span 3 =   3.112603,   3.351017       
# span 4 =     1.0173,     2.7086       
# span 5 =     0.0044,     0.0322       
# span 6 =  0.0957822,  0.1014350       
# span 7 =    81.6705,    93.6494       
# span 8 =      1.131,     15.973       
# span 9 =    23.6935,    28.6775       
# span 10 =     1.2235,     5.4015      
# span 11 = 0.0000e+00, 0.0000e+00      
# interval = seconds: 0.0416667
# start_time = Sep 07 2022 13:43:25 [NMEA time, header]
# bad_flag = -9.990e-29
*END*
[from data line 1083]
       1084      5.345    18.6377   3.281951     2.6628     0.0321  0.0996340    83.3143      5.295    23.7305     5.1664 0.0000e+00
       1085      5.367    18.6379   3.282010     2.6617     0.0321  0.0996370    83.3124      5.317    23.7308     5.1622 0.0000e+00
       1086      5.389    18.6380   3.282071     2.6605     0.0321  0.0996401    83.3104      5.339    23.7313     5.1578 0.0000e+00
       1087      5.411    18.6382   3.282130     2.6593     0.0321  0.0996433    83.3082      5.361    23.7316     5.1535 0.0000e+00
       1088      5.433    18.6383   3.282192     2.6581     0.0321  0.0996465    83.3059      5.382    23.7321     5.1493 0.0000e+00
       1089      5.455    18.6384   3.282253     2.6569     0.0320  0.0996499    83.3035      5.404    23.7325     5.1451 0.0000e+00
       1090      5.477    18.6386   3.282317     2.6557     0.0320  0.0996534    83.3010      5.426    23.7329     5.1410 0.0000e+00
       1091      5.499    18.6387   3.282381     2.6545     0.0320  0.0996571    83.2986      5.448    23.7333     5.1370 0.0000e+00
       1092      5.521    18.6389   3.282448     2.6532     0.0320  0.0996609    83.2963      5.470    23.7337     5.1328 0.0000e+00
       1093      5.543    18.6390   3.282515     2.6520     0.0320  0.0996659    83.2938      5.491    23.7342     5.1289 0.0000e+00
       1094      5.565    18.6391   3.282586     2.6507     0.0320  0.0996727    83.2909      5.513    23.7347     5.1248 0.0000e+00
       1095      5.587    18.6392   3.282661     2.6495     0.0320  0.0996807    83.2880      5.535    23.7352     5.1210 0.0000e+00
       1096      5.609    18.6394   3.282738     2.6482     0.0320  0.0996891    83.2853      5.557    23.7357     5.1169 0.0000e+00
       1097      5.631    18.6395   3.282821     2.6469     0.0320  0.0996979    83.2828      5.579    23.7363     5.1129 0.0000e+00
       1098      5.653    18.6396   3.282908     2.6457     0.0320  0.0997072    83.2804      5.600    23.7370     5.1091 0.0000e+00
       1099      5.674    18.6397   3.283000     2.6444     0.0320  0.0997169    83.2781      5.621    23.7376     5.1052 0.0000e+00
       1100      5.696    18.6398   3.283100     2.6432     0.0320  0.0997273    83.2762      5.643    23.7384     5.1015 0.0000e+00
       1101      5.718    18.6399   3.283205     2.6419     0.0319  0.0997384    83.2749      5.665    23.7392     5.0975 0.0000e+00
       1102      5.740    18.6400   3.283316     2.6407     0.0319  0.0997503    83.2742      5.687    23.7400     5.0938 0.0000e+00
       1103      5.762    18.6401   3.283433     2.6394     0.0319  0.0997629    83.2739      5.708    23.7408     5.0898 0.0000e+00
       1104      5.784    18.6402   3.283553     2.6382     0.0319  0.0997765    83.2742      5.730    23.7417     5.0860 0.0000e+00
       1105      5.806    18.6402   3.283677     2.6369     0.0319  0.0997911    83.2747      5.752    23.7427     5.0819 0.0000e+00
       1106      5.828    18.6403   3.283803     2.6357     0.0319  0.0998068    83.2756      5.774    23.7437     5.0780 0.0000e+00
       1107      5.850    18.6404   3.283931     2.6344     0.0319  0.0998230    83.2766      5.796    23.7446     5.0739 0.0000e+00
       1108      5.872    18.6404   3.284059     2.6332     0.0319  0.0998379    83.2778      5.817    23.7456     5.0699 0.0000e+00
       1109      5.895    18.6405   3.284190     2.6319     0.0319  0.0998508    83.2789      5.840    23.7466     5.0657 0.0000e+00
       1110      5.917    18.6406   3.284323     2.6306     0.0319  0.0998619    83.2799      5.862    23.7476     5.0614 0.0000e+00
       1111      5.939    18.6407   3.284460     2.6294     0.0319  0.0998712    83.2808      5.884    23.7487     5.0573 0.0000e+00
       1112      5.961    18.6408   3.284603     2.6281     0.0319  0.0998788    83.2815      5.906    23.7497     5.0529 0.0000e+00
       1113      5.983    18.6409   3.284750     2.6269     0.0319  0.0998847    83.2820      5.927    23.7509     5.0486 0.0000e+00
       1114      6.006    18.6410   3.284903     2.6256     0.0318  0.0998899    83.2821      5.950    23.7520     5.0441 0.0000e+00
       1115      6.028    18.6411   3.285064     2.6243     0.0318  0.0998951    83.2818      5.972    23.7532     5.0396 0.0000e+00
       1116      6.050    18.6412   3.285229     2.6230     0.0318  0.0998997    83.2809      5.994    23.7545     5.0351 0.0000e+00
       1117      6.072    18.6414   3.285403     2.6216     0.0318  0.0999027    83.2799      6.015    23.7558     5.0303 0.0000e+00
       1118      6.094    18.6415   3.285584     2.6203     0.0318  0.0999042    83.2789      6.037    23.7571     5.0258 0.0000e+00
       1119      6.116    18.6417   3.285775     2.6189     0.0318  0.0999043    83.2784      6.059    23.7585     5.0209 0.0000e+00
       1120      6.138    18.6418   3.285974     2.6175     0.0318  0.0999028    83.2783      6.081    23.7601     5.0161 0.0000e+00
       1121      6.160    18.6420   3.286183     2.6160     0.0318  0.0998999    83.2787      6.103    23.7616     5.0111 0.0000e+00
       1122      6.183    18.6422   3.286400     2.6145     0.0318  0.0998954    83.2796      6.125    23.7632     5.0061 0.0000e+00
       1123      6.205    18.6423   3.286621     2.6130     0.0318  0.0998894    83.2807      6.147    23.7649     5.0011 0.0000e+00
       1124      6.227    18.6425   3.286845     2.6115     0.0318  0.0998818    83.2819      6.169    23.7666     4.9962 0.0000e+00
       1125      6.249    18.6427   3.287070     2.6099     0.0318  0.0998725    83.2835      6.191    23.7683     4.9911 0.0000e+00
       1126      6.271    18.6429   3.287294     2.6083     0.0318  0.0998616    83.2857      6.213    23.7700     4.9860 0.0000e+00
       1127      6.294    18.6431   3.287522     2.6066     0.0318  0.0998496    83.2886      6.235    23.7717     4.9808 0.0000e+00
       1128      6.316    18.6432   3.287750     2.6049     0.0317  0.0998376    83.2923      6.257    23.7734     4.9756 0.0000e+00
       1129      6.338    18.6434   3.287981     2.6032     0.0317  0.0998244    83.2968      6.279    23.7751     4.9706 0.0000e+00
       1130      6.360    18.6435   3.288213     2.6014     0.0317  0.0998092    83.3019      6.301    23.7769     4.9654 0.0000e+00
       1131      6.382    18.6436   3.288448     2.5997     0.0317  0.0997918    83.3073      6.323    23.7787     4.9605 0.0000e+00
       1132      6.404    18.6437   3.288688     2.5979     0.0317  0.0997730    83.3130      6.344    23.7806     4.9555 0.0000e+00
       1133      6.426    18.6437   3.288929     2.5961     0.0317  0.0997543    83.3189      6.366    23.7825     4.9506 0.0000e+00
       1134      6.448    18.6437   3.289167     2.5943     0.0316  0.0997365    83.3250      6.388    23.7844     4.9458 0.0000e+00
       1135      6.470    18.6438   3.289402     2.5924     0.0316  0.0997195    83.3316      6.410    23.7862     4.9408 0.0000e+00
       1136      6.492    18.6438   3.289630     2.5906     0.0316  0.0997030    83.3390      6.432    23.7880     4.9362 0.0000e+00
       1137      6.514    18.6438   3.289849     2.5888     0.0316  0.0996871    83.3469      6.453    23.7898     4.9317 0.0000e+00
       1138      6.536    18.6438   3.290063     2.5870     0.0316  0.0996724    83.3551      6.475    23.7915     4.9274 0.0000e+00
       1139      6.558    18.6438   3.290275     2.5853     0.0315  0.0996598    83.3636      6.497    23.7932     4.9234 0.0000e+00
       1140      6.580    18.6437   3.290486     2.5835     0.0315  0.0996481    83.3723      6.519    23.7949     4.9193 0.0000e+00
       1141      6.602    18.6437   3.290697     2.5818     0.0315  0.0996366    83.3814      6.541    23.7966     4.9156 0.0000e+00
       1142      6.624    18.6436   3.290910     2.5801     0.0315  0.0996252    83.3909      6.562    23.7983     4.9120 0.0000e+00
       1143      6.646    18.6435   3.291121     2.5784     0.0314  0.0996137    83.4008      6.584    23.8001     4.9085 0.0000e+00
       1144      6.668    18.6433   3.291331     2.5767     0.0314  0.0996021    83.4109      6.606    23.8019     4.9052 0.0000e+00
       1145      6.690    18.6432   3.291541     2.5751     0.0314  0.0995903    83.4212      6.628    23.8036     4.9022 0.0000e+00
       1146      6.712    18.6431   3.291748     2.5735     0.0314  0.0995783    83.4315      6.650    23.8053     4.8992 0.0000e+00
       1147      6.734    18.6429   3.291954     2.5719     0.0313  0.0995658    83.4418      6.671    23.8071     4.8964 0.0000e+00
       1148      6.756    18.6428   3.292156     2.5703     0.0313  0.0995529    83.4519      6.693    23.8087     4.8937 0.0000e+00
       1149      6.778    18.6427   3.292356     2.5688     0.0313  0.0995395    83.4619      6.715    23.8104     4.8913 0.0000e+00
       1150      6.800    18.6426   3.292549     2.5673     0.0312  0.0995255    83.4716      6.737    23.8120     4.8890 0.0000e+00
       1151      6.822    18.6426   3.292738     2.5658     0.0312  0.0995107    83.4811      6.758    23.8135     4.8867 0.0000e+00
       1152      6.844    18.6425   3.292919     2.5643     0.0312  0.0994951    83.4902      6.780    23.8150     4.8845 0.0000e+00
       1153      6.866    18.6425   3.293097     2.5629     0.0311  0.0994786    83.4994      6.802    23.8164     4.8825 0.0000e+00
       1154      6.888    18.6425   3.293271     2.5614     0.0311  0.0994610    83.5088      6.824    23.8178     4.8802 0.0000e+00
       1155      6.910    18.6426   3.293442     2.5600     0.0310  0.0994422    83.5188      6.846    23.8191     4.8782 0.0000e+00
       1156      6.932    18.6427   3.293613     2.5586     0.0310  0.0994222    83.5295      6.867    23.8204     4.8761 0.0000e+00
       1157      6.954    18.6429   3.293782     2.5572     0.0309  0.0994006    83.5412      6.889    23.8216     4.8740 0.0000e+00
       1158      6.976    18.6430   3.293954     2.5558     0.0308  0.0993784    83.5538      6.911    23.8229     4.8718 0.0000e+00
       1159      6.998    18.6433   3.294130     2.5544     0.0308  0.0993569    83.5669      6.933    23.8241     4.8695 0.0000e+00
       1160      7.020    18.6435   3.294311     2.5531     0.0307  0.0993369    83.5804      6.955    23.8255     4.8673 0.0000e+00
       1161      7.042    18.6439   3.294500     2.5517     0.0307  0.0993183    83.5939      6.976    23.8267     4.8647 0.0000e+00
       1162      7.064    18.6442   3.294696     2.5504     0.0306  0.0993010    83.6076      6.998    23.8281     4.8622 0.0000e+00
       1163      7.086    18.6446   3.294898     2.5491     0.0306  0.0992847    83.6217      7.020    23.8295     4.8594 0.0000e+00
       1164      7.108    18.6450   3.295107     2.5478     0.0305  0.0992694    83.6361      7.042    23.8309     4.8565 0.0000e+00
       1165      7.130    18.6455   3.295323     2.5465     0.0305  0.0992550    83.6510      7.064    23.8324     4.8533 0.0000e+00
       1166      7.152    18.6460   3.295543     2.5453     0.0304  0.0992414    83.6662      7.085    23.8338     4.8501 0.0000e+00
       1167      7.174    18.6465   3.295767     2.5440     0.0304  0.0992285    83.6816      7.107    23.8353     4.8463 0.0000e+00
       1168      7.196    18.6472   3.295998     2.5428     0.0304  0.0992162    83.6969      7.129    23.8368     4.8425 0.0000e+00
       1169      7.218    18.6478   3.296234     2.5416     0.0303  0.0992045    83.7124      7.151    23.8383     4.8383 0.0000e+00
       1170      7.240    18.6486   3.296476     2.5404     0.0303  0.0991940    83.7281      7.173    23.8398     4.8337 0.0000e+00
       1171      7.262    18.6493   3.296726     2.5393     0.0302  0.0991855    83.7444      7.194    23.8414     4.8290 0.0000e+00
       1172      7.285    18.6500   3.296982     2.5381     0.0302  0.0991783    83.7611      7.217    23.8430     4.8236 0.0000e+00
       1173      7.307    18.6507   3.297246     2.5369     0.0301  0.0991721    83.7780      7.239    23.8447     4.8178 0.0000e+00
       1174      7.329    18.6513   3.297516     2.5357     0.0301  0.0991678    83.7946      7.261    23.8465     4.8115 0.0000e+00
       1175      7.351    18.6517   3.297792     2.5346     0.0300  0.0991646    83.8104      7.283    23.8485     4.8051 0.0000e+00
       1176      7.373    18.6520   3.298074     2.5334     0.0300  0.0991615    83.8250      7.304    23.8506     4.7979 0.0000e+00
       1177      7.395    18.6522   3.298363     2.5322     0.0299  0.0991586    83.8381      7.326    23.8527     4.7902 0.0000e+00
       1178      7.417    18.6522   3.298657     2.5309     0.0299  0.0991558    83.8496      7.348    23.8551     4.7818 0.0000e+00
       1179      7.439    18.6521   3.298963     2.5297     0.0298  0.0991531    83.8599      7.370    23.8576     4.7732 0.0000e+00
       1180      7.461    18.6518   3.299276     2.5283     0.0297  0.0991505    83.8695      7.392    23.8603     4.7635 0.0000e+00
       1181      7.484    18.6513   3.299601     2.5270     0.0297  0.0991479    83.8787      7.414    23.8631     4.7536 0.0000e+00
       1182      7.506    18.6508   3.299935     2.5255     0.0296  0.0991454    83.8874      7.436    23.8661     4.7427 0.0000e+00
       1183      7.528    18.6501   3.300272     2.5240     0.0295  0.0991429    83.8957      7.458    23.8692     4.7312 0.0000e+00
       1184      7.550    18.6494   3.300608     2.5224     0.0295  0.0991404    83.9034      7.480    23.8723     4.7190 0.0000e+00
       1185      7.573    18.6485   3.300933     2.5208     0.0294  0.0991379    83.9103      7.502    23.8754     4.7064 0.0000e+00
       1186      7.595    18.6477   3.301245     2.5189     0.0293  0.0991353    83.9161      7.524    23.8783     4.6925 0.0000e+00
       1187      7.617    18.6468   3.301539     2.5170     0.0293  0.0991328    83.9207      7.546    23.8812     4.6781 0.0000e+00
       1188      7.640    18.6459   3.301809     2.5150     0.0292  0.0991310    83.9241      7.569    23.8838     4.6631 0.0000e+00
       1189      7.662    18.6450   3.302053     2.5128     0.0291  0.0991308    83.9262      7.591    23.8863     4.6472 0.0000e+00
       1190      7.684    18.6441   3.302271     2.5104     0.0291  0.0991314    83.9267      7.612    23.8886     4.6304 0.0000e+00
       1191      7.707    18.6433   3.302457     2.5079     0.0290  0.0991320    83.9248      7.635    23.8905     4.6131 0.0000e+00
       1192      7.729    18.6426   3.302615     2.5053     0.0290  0.0991325    83.9201      7.657    23.8922     4.5952 0.0000e+00
       1193      7.751    18.6421   3.302749     2.5024     0.0289  0.0991329    83.9122      7.679    23.8935     4.5762 0.0000e+00
       1194      7.774    18.6417   3.302864     2.4994     0.0289  0.0991332    83.9009      7.702    23.8947     4.5568 0.0000e+00
       1195      7.796    18.6415   3.302962     2.4962     0.0289  0.0991335    83.8862      7.723    23.8956     4.5367 0.0000e+00
       1196      7.819    18.6416   3.303050     2.4928     0.0288  0.0991338    83.8684      7.746    23.8962     4.5160 0.0000e+00
       1197      7.841    18.6418   3.303132     2.4892     0.0288  0.0991340    83.8473      7.768    23.8967     4.4947 0.0000e+00
       1198      7.863    18.6422   3.303211     2.4854     0.0288  0.0991341    83.8233      7.790    23.8971     4.4728 0.0000e+00
       1199      7.885    18.6427   3.303290     2.4814     0.0287  0.0991342    83.7962      7.812    23.8975     4.4504 0.0000e+00
       1200      7.908    18.6432   3.303369     2.4772     0.0287  0.0991342    83.7659      7.834    23.8978     4.4276 0.0000e+00
       1201      7.930    18.6437   3.303455     2.4729     0.0287  0.0991342    83.7322      7.856    23.8982     4.4046 0.0000e+00
       1202      7.952    18.6441   3.303550     2.4684     0.0286  0.0991341    83.6946      7.878    23.8987     4.3812 0.0000e+00
       1203      7.975    18.6445   3.303656     2.4637     0.0286  0.0991340    83.6528      7.901    23.8993     4.3575 0.0000e+00
