data/2022/wednesday_data/Station 7.cnv
* Sea-Bird SBE 9 Data File:
* FileName = C:\Users\ctd-user\Desktop\CTD data\MAR440 Sept 2022\Station 7.hex
* Software Version Seasave V 7.26.2.13
* Temperature SN = 4493
* Conductivity SN = 1899
* Number of Bytes Per Scan = 37
* Number of Voltage Words = 4
* Number of Scans Averaged by the Deck Unit = 1
* NMEA Latitude = 58 19.09 N
* NMEA Longitude = 011 48.37 E
* NMEA UTC (Time) = Sep 07 2022 10:55:24
* NMEA baud rate = 4800
** Ship:
** Station:
** Operator:
# nquan = 12                                
# nvalues = 2867                        
# units = specified
# name 0 = scan: Scan Count
# name 1 = prDM: Pressure, Digiquartz [db]
# name 2 = t090C: Temperature [ITS-90, deg C]
# name 3 = c0S/m: Conductivity [S/m]
# name 4 = sbeox0V: Oxygen raw, SBE 43 [V]
# name 5 = flECO-AFL: Fluorescence, WET Labs ECO-AFL/FL [mg/m^3]
# name 6 = upoly0: Upoly 0, Turbidity
# name 7 = xmiss: Beam Transmission, Chelsea/Seatech [%]
# name 8 = depSM: Depth [salt water, m], lat = 58.3182
# name 9 = sal00: Salinity, Practical [PSU]
# name 10 = sbeox0ML/L: Oxygen, SBE 43 [ml/l], WS = 2
# name 11 = flag: flag
# span 0 =          1,       2867       
# span 1 =      1.937,     27.103       
# span 2 =     7.0706,    18.9636       
# span 3 =   3.179829,   3.504708       
# span 4 =     0.8470,     2.8172       
# span 5 =     0.0027,     0.0330       
# span 6 =  0.0948448,  1.9878034       
# span 7 =    11.2778,    94.4486       
# span 8 =      1.919,     26.849       
# span 9 =    23.7994,    32.8638       
# span 10 =     1.0051,     5.6033      
# span 11 = 0.0000e+00, 0.0000e+00      
# interval = seconds: 0.0416667
# start_time = Sep 07 2022 10:55:24 [NMEA time, header]
# bad_flag = -9.990e-29
*END*
[from data line 2046]
       2047     27.066     9.0011   3.331493     0.9142     0.0073  0.2997488    18.0828     26.813    30.9996     1.1342 -9.990e-29
       2048     27.066     8.9917   3.331509     0.9140     0.0073  0.3040676    18.0024     26.813    31.0080     1.1340 -9.990e-29
       2049     27.066     8.9830   3.331529     0.9138     0.0074  0.3087232    17.9059     26.813    31.0158     1.1337 -9.990e-29
       2050     27.066     8.9751   3.331550     0.9135     0.0074  0.3137486    17.7951     26.813    31.0229     1.1332 -9.990e-29
       2051     27.066     8.9679   3.331575     0.9133     0.0075  0.3190761    17.6733     26.813    31.0294     1.1330 -9.990e-29
       2052     27.066     8.9614   3.331602     0.9131     0.0076  0.3244395    17.5462     26.813    31.0354     1.1327 -9.990e-29
       2053     27.066     8.9555   3.331633     0.9129     0.0077  0.3295601    17.4230     26.813    31.0409     1.1324 -9.990e-29
       2054     27.066     8.9502   3.331664     0.9126     0.0077  0.3343410    17.3156     26.813    31.0458     1.1318 -9.990e-29
       2055     27.066     8.9454   3.331699     0.9124     0.0078  0.3388080    17.2357     26.813    31.0504     1.1314 -9.990e-29
       2056     27.066     8.9409   3.331733     0.9122     0.0078  0.3430055    17.1924     26.813    31.0546     1.1311 -9.990e-29
       2057     27.066     8.9367   3.331769     0.9120     0.0079  0.3469680    17.1919     26.813    31.0587     1.1307 -9.990e-29
       2058     27.066     8.9328   3.331807     0.9117     0.0079  0.3507222    17.2384     26.813    31.0625     1.1301 -9.990e-29
       2059     27.067     8.9291   3.331845     0.9115     0.0080  0.3542932    17.3346     26.814    31.0661     1.1297 -9.990e-29
       2060     27.067     8.9256   3.331883     0.9113     0.0080  0.3577060    17.4807     26.814    31.0696     1.1293 -9.990e-29
       2061     27.067     8.9221   3.331923     0.9111     0.0080  0.3609843    17.6744     26.814    31.0730     1.1289 -9.990e-29
       2062     27.067     8.9186   3.331961     0.9109     0.0081  0.3641509    17.9098     26.814    31.0765     1.1285 -9.990e-29
       2063     27.067     8.9151   3.332000     0.9107     0.0081  0.3672278    18.1801     26.814    31.0800     1.1281 -9.990e-29
       2064     27.067     8.9116   3.332038     0.9105     0.0082  0.3702364    18.4794     26.814    31.0834     1.1276 -9.990e-29
       2065     27.067     8.9079   3.332076     0.9102     0.0082  0.3731977    18.8039     26.814    31.0870     1.1269 -9.990e-29
       2066     27.067     8.9041   3.332114     0.9100     0.0082  0.3761323    19.1505     26.814    31.0908     1.1265 -9.990e-29
       2067     27.067     8.9001   3.332151     0.9098     0.0083  0.3790605    19.5164     26.814    31.0946     1.1261 -9.990e-29
       2068     27.067     8.8959   3.332187     0.9096     0.0083  0.3820028    19.8981     26.814    31.0987     1.1257 -9.990e-29
       2069     27.068     8.8915   3.332222     0.9094     0.0083  0.3849796    20.2907     26.815    31.1029     1.1254 -9.990e-29
       2070     27.068     8.8868   3.332256     0.9092     0.0084  0.3880116    20.6887     26.815    31.1074     1.1250 -9.990e-29
       2071     27.068     8.8818   3.332288     0.9090     0.0084  0.3911200    21.0851     26.815    31.1121     1.1246 -9.990e-29
       2072     27.068     8.8764   3.332320     0.9088     0.0084  0.3943262    21.4712     26.815    31.1172     1.1243 -9.990e-29
       2073     27.068     8.8708   3.332351     0.9086     0.0085  0.3976527    21.8377     26.815    31.1224     1.1239 -9.990e-29
       2074     27.068     8.8647   3.332380     0.9084     0.0085  0.4011226    22.1761     26.815    31.1280     1.1236 -9.990e-29
       2075     27.068     8.8583   3.332408     0.9082     0.0085  0.4047601    22.4788     26.815    31.1339     1.1233 -9.990e-29
       2076     27.068     8.8514   3.332433     0.9080     0.0086  0.4085682    22.7409     26.815    31.1402     1.1230 -9.990e-29
       2077     27.068     8.8442   3.332458     0.9078     0.0086  0.4124377    22.9625     26.815    31.1468     1.1227 -9.990e-29
       2078     27.068     8.8364   3.332481     0.9076     0.0087  0.4161517    23.1493     26.815    31.1539     1.1225 -9.990e-29
       2079     27.068     8.8282   3.332502     0.9074     0.0087  0.4195660    23.3106     26.815    31.1613     1.1222 -9.990e-29
       2080     27.068     8.8195   3.332521     0.9072     0.0088  0.4226664    23.4565     26.815    31.1692     1.1219 -9.990e-29
       2081     27.068     8.8102   3.332538     0.9070     0.0088  0.4254811    23.5939     26.815    31.1775     1.1217 -9.990e-29
       2082     27.069     8.8004   3.332554     0.9068     0.0089  0.4280364    23.7267     26.816    31.1863     1.1214 -9.990e-29
       2083     27.069     8.7899   3.332567     0.9065     0.0089  0.4303520    23.8588     26.816    31.1957     1.1209 -9.990e-29
       2084     27.069     8.7789   3.332578     0.9063     0.0089  0.4324438    23.9945     26.816    31.2055     1.1206 -9.990e-29
       2085     27.069     8.7671   3.332586     0.9061     0.0090  0.4343264    24.1359     26.816    31.2159     1.1203 -9.990e-29
       2086     27.069     8.7547   3.332593     0.9059     0.0090  0.4360130    24.2823     26.816    31.2269     1.1201 -9.990e-29
       2087     27.069     8.7416   3.332597     0.9057     0.0091  0.4375152    24.4313     26.816    31.2385     1.1199 -9.990e-29
       2088     27.069     8.7277   3.332597     0.9055     0.0091  0.4388436    24.5807     26.816    31.2508     1.1197 -9.990e-29
       2089     27.069     8.7130   3.332596     0.9053     0.0092  0.4400073    24.7275     26.816    31.2637     1.1195 -9.990e-29
       2090     27.069     8.6974   3.332591     0.9051     0.0093  0.4410144    24.8676     26.816    31.2775     1.1194 -9.990e-29
       2091     27.069     8.6810   3.332583     0.9049     0.0093  0.4418721    24.9958     26.816    31.2919     1.1192 -9.990e-29
       2092     27.069     8.6637   3.332573     0.9048     0.0094  0.4425861    25.1058     26.816    31.3071     1.1194 -9.990e-29
       2093     27.069     8.6455   3.332559     0.9046     0.0095  0.4431615    25.1906     26.816    31.3230     1.1193 -9.990e-29
       2094     27.069     8.6264   3.332541     0.9044     0.0095  0.4436023    25.2434     26.816    31.3398     1.1192 -9.990e-29
       2095     27.069     8.6064   3.332521     0.9042     0.0096  0.4439116    25.2614     26.816    31.3573     1.1191 -9.990e-29
       2096     27.069     8.5856   3.332498     0.9040     0.0097  0.4440914    25.2452     26.816    31.3755     1.1191 -9.990e-29
       2097     27.069     8.5639   3.332472     0.9038     0.0098  0.4441432    25.1953     26.816    31.3945     1.1191 -9.990e-29
       2098     27.069     8.5416   3.332446     0.9037     0.0099  0.4440671    25.1083     26.816    31.4141     1.1194 -9.990e-29
       2099     27.069     8.5185   3.332415     0.9035     0.0100  0.4438627    24.9784     26.816    31.4343     1.1194 -9.990e-29
       2100     27.069     8.4948   3.332383     0.9033     0.0101  0.4435286    24.8017     26.816    31.4551     1.1195 -9.990e-29
       2101     27.069     8.4705   3.332349     0.9031     0.0103  0.4430625    24.5777     26.816    31.4764     1.1196 -9.990e-29
       2102     27.069     8.4457   3.332313     0.9030     0.0104  0.4424661    24.3087     26.816    31.4982     1.1200 -9.990e-29
       2103     27.069     8.4204   3.332276     0.9028     0.0105  0.4417507    23.9988     26.816    31.5204     1.1201 -9.990e-29
       2104     27.069     8.3946   3.332238     0.9026     0.0106  0.4409274    23.6536     26.816    31.5431     1.1201 -9.990e-29
       2105     27.069     8.3684   3.332197     0.9024     0.0107  0.4399973    23.2802     26.816    31.5662     1.1203 -9.990e-29
       2106     27.069     8.3418   3.332156     0.9022     0.0108  0.4389547    22.8868     26.816    31.5896     1.1204 -9.990e-29
       2107     27.069     8.3148   3.332115     0.9020     0.0109  0.4377924    22.4844     26.816    31.6134     1.1205 -9.990e-29
       2108     27.069     8.2876   3.332073     0.9018     0.0110  0.4365023    22.0849     26.816    31.6374     1.1206 -9.990e-29
       2109     27.069     8.2601   3.332030     0.9016     0.0110  0.4350754    21.6981     26.816    31.6617     1.1207 -9.990e-29
       2110     27.069     8.2324   3.331986     0.9014     0.0111  0.4335019    21.3281     26.816    31.6862     1.1208 -9.990e-29
       2111     27.069     8.2045   3.331943     0.9013     0.0111  0.4317707    20.9745     26.816    31.7110     1.1211 -9.990e-29
       2112     27.069     8.1766   3.331900     0.9011     0.0111  0.4298698    20.6339     26.816    31.7357     1.1212 -9.990e-29
       2113     27.069     8.1487   3.331857     0.9009     0.0111  0.4277860    20.3030     26.816    31.7605     1.1213 -9.990e-29
       2114     27.069     8.1209   3.331815     0.9008     0.0111  0.4255048    19.9801     26.816    31.7852     1.1216 -9.990e-29
       2115     27.069     8.0933   3.331774     0.9006     0.0111  0.4230104    19.6642     26.816    31.8098     1.1216 -9.990e-29
       2116     27.069     8.0663   3.331736     0.9004     0.0110  0.4202853    19.3541     26.816    31.8340     1.1217 -9.990e-29
       2117     27.069     8.0399   3.331700     0.9003     0.0110  0.4173107    19.0488     26.816    31.8576     1.1220 -9.990e-29
       2118     27.069     8.0143   3.331669     0.9001     0.0109  0.4140657    18.7476     26.816    31.8806     1.1220 -9.990e-29
       2119     27.069     7.9898   3.331640     0.8999     0.0109  0.4105279    18.4495     26.816    31.9026     1.1220 -9.990e-29
       2120     27.069     7.9665   3.331617     0.8998     0.0108  0.4066727    18.1535     26.816    31.9236     1.1223 -9.990e-29
       2121     27.069     7.9445   3.331600     0.8996     0.0107  0.4024732    17.8594     26.816    31.9435     1.1222 -9.990e-29
       2122     27.069     7.9239   3.331587     0.8995     0.0106  0.3979002    17.5675     26.816    31.9622     1.1224 -9.990e-29
       2123     27.069     7.9048   3.331580     0.8993     0.0105  0.3929219    17.2773     26.816    31.9796     1.1223 -9.990e-29
       2124     27.069     7.8873   3.331579     0.8992     0.0103  0.3875037    16.9876     26.816    31.9956     1.1225 -9.990e-29
       2125     27.069     7.8713   3.331584     0.8990     0.0102  0.3816078    16.6981     26.816    32.0103     1.1223 -9.990e-29
       2126     27.069     7.8569   3.331595     0.8989     0.0100  0.3751933    16.4091     26.816    32.0236     1.1224 -9.990e-29
       2127     27.069     7.8441   3.331612     0.8987     0.0098  0.3682538    16.1216     26.816    32.0356     1.1222 -9.990e-29
       2128     27.069     7.8327   3.331634     0.8985     0.0096  0.3610161    15.8369     26.816    32.0463     1.1219 -9.990e-29
       2129     27.069     7.8227   3.331662     0.8984     0.0094  0.3539540    15.5555     26.816    32.0557     1.1220 -9.990e-29
       2130     27.069     7.8140   3.331694     0.8982     0.0092  0.3474007    15.2776     26.816    32.0641     1.1216 -9.990e-29
       2131     27.069     7.8066   3.331732     0.8980     0.0090  0.3414048    15.0040     26.816    32.0713     1.1213 -9.990e-29
       2132     27.069     7.8003   3.331773     0.8979     0.0088  0.3359127    14.7355     26.816    32.0775     1.1211 -9.990e-29
       2133     27.069     7.7950   3.331818     0.8977     0.0087  0.3308709    14.4733     26.816    32.0829     1.1207 -9.990e-29
       2134     27.069     7.7908   3.331866     0.8976     0.0085  0.3262400    14.2187     26.816    32.0872     1.1205 -9.990e-29
       2135     27.069     7.7873   3.331918     0.8974     0.0084  0.3219888    13.9726     26.816    32.0910     1.1199 -9.990e-29
       2136     27.069     7.7847   3.331973     0.8972     0.0083  0.3180885    13.7360     26.816    32.0940     1.1194 -9.990e-29
       2137     27.069     7.7827   3.332029     0.8971     0.0082  0.3145120    13.5097     26.816    32.0964     1.1191 -9.990e-29
       2138     27.069     7.7813   3.332088     0.8969     0.0081  0.3112344    13.2944     26.816    32.0984     1.1185 -9.990e-29
       2139     27.069     7.7803   3.332149     0.8967     0.0080  0.3082328    13.0898     26.816    32.0999     1.1180 -9.990e-29
       2140     27.069     7.7797   3.332209     0.8966     0.0079  0.3054865    12.8955     26.816    32.1011     1.1176 -9.990e-29
       2141     27.069     7.7794   3.332271     0.8964     0.0078  0.3029762    12.7114     26.816    32.1021     1.1170 -9.990e-29
       2142     27.069     7.7792   3.332334     0.8962     0.0077  0.3006846    12.5378     26.816    32.1029     1.1164 -9.990e-29
       2143     27.069     7.7792   3.332397     0.8961     0.0077  0.2985957    12.3757     26.816    32.1036     1.1161 -9.990e-29
       2144     27.069     7.7794   3.332461     0.8960     0.0076  0.2966950    12.2263     26.816    32.1041     1.1158 -9.990e-29
       2145     27.069     7.7796   3.332524     0.8958     0.0075  0.2949692    12.0913     26.816    32.1046     1.1152 -9.990e-29
       2146     27.069     7.7798   3.332587     0.8957     0.0075  0.2934063    11.9715     26.816    32.1051     1.1149 -9.990e-29
       2147     27.069     7.7801   3.332650     0.8955     0.0074  0.2919955    11.8662     26.816    32.1055     1.1143 -9.990e-29
       2148     27.069     7.7805   3.332714     0.8954     0.0074  0.2907269    11.7734     26.816    32.1058     1.1140 -9.990e-29
       2149     27.069     7.7809   3.332777     0.8952     0.0073  0.2895918    11.6899     26.816    32.1061     1.1134 -9.990e-29
       2150     27.069     7.7814   3.332840     0.8950     0.0073  0.2885822    11.6131     26.816    32.1063     1.1128 -9.990e-29
       2151     27.069     7.7819   3.332903     0.8949     0.0072  0.2876911    11.5417     26.816    32.1065     1.1126 -9.990e-29
       2152     27.069     7.7824   3.332966     0.8947     0.0072  0.2869123    11.4764     26.816    32.1067     1.1120 -9.990e-29
       2153     27.069     7.7829   3.333030     0.8946     0.0071  0.2862387    11.4181     26.816    32.1070     1.1117 -9.990e-29
       2154     27.069     7.7833   3.333091     0.8944     0.0071  0.2856614    11.3680     26.816    32.1072     1.1112 -9.990e-29
       2155     27.069     7.7836   3.333153     0.8942     0.0070  0.2851729    11.3274     26.816    32.1076     1.1107 -9.990e-29
       2156     27.069     7.7837   3.333214     0.8941     0.0070  0.2847690    11.2980     26.816    32.1082     1.1104 -9.990e-29
       2157     27.069     7.7835   3.333274     0.8939     0.0070  0.2844469    11.2812     26.816    32.1090     1.1099 -9.990e-29
       2158     27.069     7.7830   3.333332     0.8937     0.0069  0.2842044    11.2778     26.816    32.1101     1.1093 -9.990e-29
       2159     27.069     7.7823   3.333390     0.8935     0.0069  0.2840397    11.2892     26.816    32.1114     1.1088 -9.990e-29
       2160     27.069     7.7811   3.333445     0.8934     0.0069  0.2839517    11.3161     26.816    32.1130     1.1087 -9.990e-29
       2161     27.069     7.7795   3.333498     0.8932     0.0069  0.2839398    11.3586     26.816    32.1151     1.1081 -9.990e-29
       2162     27.069     7.7774   3.333551     0.8930     0.0068  0.2840039    11.4156     26.816    32.1176     1.1077 -9.990e-29
       2163     27.069     7.7748   3.333600     0.8929     0.0068  0.2841445    11.4869     26.816    32.1205     1.1075 -9.990e-29
       2164     27.069     7.7718   3.333648     0.8927     0.0068  0.2843625    11.5730     26.816    32.1238     1.1071 -9.990e-29
       2165     27.069     7.7681   3.333694     0.8926     0.0068  0.2846595    11.6752     26.816    32.1277     1.1069 -9.990e-29
