data/2022/wednesday_data/Station 2.cnv
* Sea-Bird SBE 9 Data File:
* FileName = C:\Users\ctd-user\Desktop\CTD data\MAR440 Sept 2022\Station 2.hex
* Software Version Seasave V 7.26.2.13
* Temperature SN = 4493
* Conductivity SN = 1899
* Number of Bytes Per Scan = 37
* Number of Voltage Words = 4
* Number of Scans Averaged by the Deck Unit = 1
* NMEA Latitude = 58 20.32 N
* NMEA Longitude = 011 53.53 E
* NMEA UTC (Time) = Sep 07 2022 13:20:06
* NMEA baud rate = 4800
** Ship: Skagerrak
** Station: 3
** Operator: Ida
# nquan = 12                                
# nvalues = 2502                        
# units = specified
# name 0 = scan: Scan Count
# name 1 = prDM: Pressure, Digiquartz [db]
# name 2 = t090C: Temperature [ITS-90, deg C]
# name 3 = c0S/m: Conductivity [S/m]
# name 4 = sbeox0V: Oxygen raw, SBE 43 [V]
# name 5 = flECO-AFL: Fluorescence, WET Labs ECO-AFL/FL [mg/m^3]
# name 6 = upoly0: Upoly 0, Turbidity
# name 7 = xmiss: Beam Transmission, Chelsea/Seatech [%]
# name 8 = depSM: Depth [salt water, m], lat = 58.3387
# name 9 = sal00: Salinity, Practical [PSU]
# name 10 = sbeox0ML/L: Oxygen, SBE 43 [ml/l], WS = 2
# name 11 = flag: flag
# span 0 =          1,       2502       
# span 1 =      1.153,     35.867       
# span 2 =     8.0578,    19.0316       
# span 3 =   3.108520,   3.388946       
# span 4 =     0.5648,     2.8593       
# span 5 =     0.0060,     0.0409       
# span 6 =  0.0941996,  0.1084939       
# span 7 =    67.4573,    93.4621       
# span 8 =      1.142,     35.531       
# span 9 =    23.6345,    31.9749       
# span 10 =     0.1695,     5.7212      
# span 11 = 0.0000e+00, 0.0000e+00      
# interval = seconds: 0.0416667
# start_time = Sep 07 2022 13:20:06 [NMEA time, header]
# bad_flag = -9.990e-29
*END*
          1      1.177    18.8912   3.288702     2.8583     0.0154  0.0989634    83.3779      1.166    23.6408     5.7127 -9.990e-29
          2      1.176    18.8912   3.288699     2.8584     0.0155  0.0989479    83.3771      1.165    23.6408     5.7129 -9.990e-29
          3      1.176    18.8912   3.288696     2.8584     0.0155  0.0989311    83.3767      1.165    23.6408     5.7129 -9.990e-29
          4      1.175    18.8912   3.288693     2.8585     0.0155  0.0989128    83.3770      1.164    23.6407     5.7131 -9.990e-29
          5      1.175    18.8912   3.288690     2.8586     0.0155  0.0988937    83.3785      1.164    23.6407     5.7134 -9.990e-29
          6      1.174    18.8912   3.288686     2.8586     0.0156  0.0988755    83.3811      1.163    23.6407     5.7134 -9.990e-29
          7      1.174    18.8912   3.288682     2.8587     0.0156  0.0988588    83.3847      1.163    23.6406     5.7136 -9.990e-29
          8      1.173    18.8912   3.288679     2.8587     0.0156  0.0988436    83.3889      1.162    23.6406     5.7136 -9.990e-29
          9      1.173    18.8912   3.288675     2.8587     0.0156  0.0988296    83.3937      1.162    23.6406     5.7136 -9.990e-29
         10      1.172    18.8912   3.288671     2.8588     0.0156  0.0988170    83.3987      1.161    23.6406     5.7139 -9.990e-29
         11      1.172    18.8913   3.288667     2.8588     0.0157  0.0988054    83.4039      1.161    23.6405     5.7139 -9.990e-29
         12      1.171    18.8913   3.288663     2.8588     0.0157  0.0987949    83.4090      1.160    23.6404     5.7139 -9.990e-29
         13      1.171    18.8913   3.288659     2.8588     0.0157  0.0987854    83.4140      1.160    23.6404     5.7139 -9.990e-29
         14      1.171    18.8912   3.288655     2.8588     0.0157  0.0987768    83.4190      1.160    23.6404     5.7139 -9.990e-29
         15      1.170    18.8912   3.288651     2.8588     0.0157  0.0987691    83.4241      1.159    23.6404     5.7139 -9.990e-29
         16      1.170    18.8912   3.288647     2.8588     0.0157  0.0987621    83.4292      1.159    23.6404     5.7139 -9.990e-29
         17      1.170    18.8911   3.288642     2.8589     0.0157  0.0987560    83.4343      1.159    23.6404     5.7141 -9.990e-29
         18      1.170    18.8911   3.288637     2.8589     0.0157  0.0987505    83.4391      1.159    23.6403     5.7141 -9.990e-29
         19      1.169    18.8910   3.288631     2.8588     0.0157  0.0987457    83.4435      1.158    23.6404     5.7139 -9.990e-29
         20      1.169    18.8910   3.288626     2.8588     0.0157  0.0987416    83.4475      1.158    23.6403     5.7139 -9.990e-29
         21      1.169    18.8910   3.288621     2.8588     0.0157  0.0987381    83.4511      1.158    23.6403     5.7139 -9.990e-29
         22      1.169    18.8909   3.288616     2.8588     0.0157  0.0987351    83.4549      1.158    23.6403     5.7139 -9.990e-29
         23      1.169    18.8909   3.288610     2.8588     0.0158  0.0987328    83.4590      1.158    23.6402     5.7139 -9.990e-29
         24      1.169    18.8909   3.288604     2.8587     0.0158  0.0987310    83.4636      1.158    23.6402     5.7137 -9.990e-29
         25      1.168    18.8908   3.288596     2.8587     0.0157  0.0987297    83.4687      1.157    23.6402     5.7105 -9.990e-29
         26      1.168    18.8907   3.288590     2.8587     0.0157  0.0987290    83.4741      1.157    23.6402     5.7102 -9.990e-29
         27      1.168    18.8906   3.288583     2.8586     0.0157  0.0987288    83.4798      1.157    23.6402     5.7096 -9.990e-29
         28      1.168    18.8905   3.288574     2.8586     0.0157  0.0987291    83.4854      1.157    23.6402     5.7092 -9.990e-29
         29      1.167    18.8903   3.288566     2.8585     0.0157  0.0987299    83.4906      1.156    23.6402     5.7087 -9.990e-29
         30      1.167    18.8902   3.288557     2.8585     0.0157  0.0987313    83.4952      1.156    23.6402     5.7084 -9.990e-29
         31      1.167    18.8900   3.288547     2.8584     0.0157  0.0987332    83.4994      1.156    23.6403     5.7078 -9.990e-29
         32      1.167    18.8898   3.288538     2.8583     0.0157  0.0987357    83.5036      1.156    23.6403     5.7073 -9.990e-29
         33      1.167    18.8896   3.288528     2.8583     0.0157  0.0987388    83.5079      1.156    23.6403     5.7070 -9.990e-29
         34      1.167    18.8894   3.288518     2.8582     0.0157  0.0987424    83.5125      1.156    23.6404     5.7065 -9.990e-29
         35      1.166    18.8892   3.288507     2.8581     0.0157  0.0987467    83.5178      1.155    23.6404     5.7060 -9.990e-29
         36      1.166    18.8889   3.288496     2.8580     0.0157  0.0987516    83.5238      1.155    23.6405     5.7055 -9.990e-29
         37      1.166    18.8887   3.288485     2.8579     0.0157  0.0987572    83.5304      1.155    23.6405     5.7050 -9.990e-29
         38      1.166    18.8884   3.288473     2.8578     0.0157  0.0987636    83.5370      1.155    23.6406     5.7045 -9.990e-29
         39      1.166    18.8882   3.288462     2.8577     0.0157  0.0987707    83.5430      1.155    23.6406     5.7040 -9.990e-29
         40      1.165    18.8879   3.288449     2.8576     0.0157  0.0987786    83.5484      1.154    23.6407     5.7035 -9.990e-29
         41      1.165    18.8877   3.288437     2.8575     0.0157  0.0987874    83.5529      1.154    23.6407     5.7030 -9.990e-29
         42      1.165    18.8874   3.288423     2.8574     0.0157  0.0987971    83.5566      1.154    23.6407     5.7025 -9.990e-29
         43      1.165    18.8870   3.288408     2.8574     0.0157  0.0988078    83.5596      1.154    23.6409     5.7023 -9.990e-29
         44      1.165    18.8867   3.288394     2.8573     0.0157  0.0988196    83.5617      1.154    23.6409     5.7019 -9.990e-29
         45      1.165    18.8864   3.288379     2.8572     0.0157  0.0988326    83.5628      1.154    23.6410     5.7014 -9.990e-29
         46      1.164    18.8860   3.288362     2.8571     0.0157  0.0988468    83.5624      1.153    23.6411     5.7010 -9.990e-29
         47      1.164    18.8855   3.288345     2.8570     0.0157  0.0988623    83.5604      1.153    23.6412     5.7006 -9.990e-29
         48      1.164    18.8851   3.288328     2.8569     0.0157  0.0988793    83.5565      1.153    23.6413     5.7002 -9.990e-29
         49      1.164    18.8846   3.288311     2.8567     0.0157  0.0988979    83.5506      1.153    23.6414     5.6995 -9.990e-29
         50      1.164    18.8840   3.288293     2.8566     0.0157  0.0989182    83.5425      1.153    23.6416     5.6992 -9.990e-29
         51      1.164    18.8834   3.288276     2.8565     0.0157  0.0989403    83.5324      1.153    23.6419     5.6988 -9.990e-29
         52      1.163    18.8827   3.288256     2.8564     0.0157  0.0989644    83.5207      1.152    23.6421     5.6985 -9.990e-29
         53      1.163    18.8820   3.288236     2.8563     0.0157  0.0989907    83.5081      1.152    23.6423     5.6981 -9.990e-29
         54      1.163    18.8813   3.288216     2.8562     0.0157  0.0990193    83.4950      1.152    23.6426     5.6978 -9.990e-29
         55      1.163    18.8804   3.288194     2.8560     0.0157  0.0990505    83.4819      1.152    23.6429     5.6973 -9.990e-29
         56      1.163    18.8795   3.288172     2.8559     0.0157  0.0990836    83.4689      1.152    23.6432     5.6970 -9.990e-29
         57      1.163    18.8785   3.288148     2.8558     0.0157  0.0991163    83.4564      1.152    23.6436     5.6967 -9.990e-29
         58      1.163    18.8774   3.288123     2.8557     0.0157  0.0991463    83.4444      1.152    23.6440     5.6965 -9.990e-29
         59      1.162    18.8762   3.288097     2.8555     0.0157  0.0991729    83.4329      1.151    23.6445     5.6960 -9.990e-29
         60      1.162    18.8749   3.288069     2.8554     0.0158  0.0991963    83.4221      1.151    23.6450     5.6959 -9.990e-29
         61      1.162    18.8735   3.288041     2.8552     0.0158  0.0992167    83.4116      1.151    23.6456     5.6954 -9.990e-29
         62      1.162    18.8720   3.288010     2.8551     0.0158  0.0992342    83.4013      1.151    23.6462     5.6952 -9.990e-29
         63      1.162    18.8703   3.287978     2.8550     0.0158  0.0992490    83.3912      1.151    23.6469     5.6951 -9.990e-29
         64      1.161    18.8686   3.287944     2.8548     0.0158  0.0992611    83.3815      1.150    23.6476     5.6947 -9.990e-29
         65      1.161    18.8669   3.287910     2.8547     0.0158  0.0992707    83.3724      1.150    23.6483     5.6945 -9.990e-29
         66      1.161    18.8653   3.287874     2.8545     0.0158  0.0992778    83.3636      1.150    23.6489     5.6942 -9.990e-29
         67      1.161    18.8640   3.287839     2.8544     0.0158  0.0992824    83.3557      1.150    23.6494     5.6940 -9.990e-29
         68      1.161    18.8629   3.287803     2.8543     0.0158  0.0992846    83.3491      1.150    23.6497     5.6938 -9.990e-29
         69      1.160    18.8620   3.287767     2.8541     0.0158  0.0992844    83.3440      1.149    23.6500     5.6933 -9.990e-29
         70      1.160    18.8612   3.287728     2.8540     0.0157  0.0992818    83.3403      1.149    23.6501     5.6931 -9.990e-29
         71      1.160    18.8606   3.287690     2.8538     0.0157  0.0992767    83.3372      1.149    23.6502     5.6927 -9.990e-29
         72      1.160    18.8602   3.287650     2.8537     0.0157  0.0992692    83.3341      1.149    23.6501     5.6924 -9.990e-29
         73      1.160    18.8598   3.287609     2.8535     0.0157  0.0992592    83.3309      1.149    23.6500     5.6919 -9.990e-29
         74      1.159    18.8597   3.287568     2.8534     0.0157  0.0992467    83.3273      1.148    23.6497     5.6916 -9.990e-29
         75      1.159    18.8597   3.287524     2.8533     0.0157  0.0992314    83.3230      1.148    23.6493     5.6913 -9.990e-29
         76      1.159    18.8598   3.287480     2.8531     0.0157  0.0992134    83.3177      1.148    23.6489     5.6908 -9.990e-29
         77      1.159    18.8601   3.287435     2.8530     0.0157  0.0991925    83.3106      1.148    23.6484     5.6905 -9.990e-29
         78      1.158    18.8603   3.287389     2.8529     0.0157  0.0991685    83.3013      1.147    23.6479     5.6901 -9.990e-29
         79      1.158    18.8603   3.287342     2.8528     0.0157  0.0991413    83.2896      1.147    23.6476     5.6898 -9.990e-29
         80      1.158    18.8602   3.287295     2.8526     0.0157  0.0991108    83.2755      1.147    23.6472     5.6893 -9.990e-29
         81      1.158    18.8599   3.287247     2.8525     0.0157  0.0990774    83.2588      1.147    23.6470     5.6890 -9.990e-29
         82      1.158    18.8594   3.287200     2.8524     0.0156  0.0990436    83.2395      1.147    23.6469     5.6887 -9.990e-29
         83      1.158    18.8587   3.287154     2.8523     0.0156  0.0990117    83.2176      1.147    23.6470     5.6885 -9.990e-29
         84      1.158    18.8579   3.287108     2.8522     0.0156  0.0989823    83.1934      1.147    23.6471     5.6883 -9.990e-29
         85      1.158    18.8571   3.287064     2.8520     0.0156  0.0989552    83.1677      1.147    23.6472     5.6878 -9.990e-29
         86      1.157    18.8562   3.287021     2.8519     0.0156  0.0989301    83.1408      1.146    23.6473     5.6876 -9.990e-29
         87      1.157    18.8553   3.286979     2.8518     0.0156  0.0989070    83.1125      1.146    23.6475     5.6873 -9.990e-29
         88      1.157    18.8543   3.286937     2.8516     0.0155  0.0988857    83.0828      1.146    23.6478     5.6869 -9.990e-29
         89      1.157    18.8533   3.286894     2.8515     0.0155  0.0988660    83.0512      1.146    23.6480     5.6867 -9.990e-29
         90      1.157    18.8522   3.286850     2.8514     0.0155  0.0988477    83.0174      1.146    23.6483     5.6865 -9.990e-29
         91      1.156    18.8510   3.286804     2.8512     0.0155  0.0988309    82.9806      1.145    23.6486     5.6860 -9.990e-29
         92      1.156    18.8497   3.286755     2.8510     0.0155  0.0988152    82.9405      1.145    23.6489     5.6856 -9.990e-29
         93      1.156    18.8482   3.286703     2.8509     0.0155  0.0988007    82.8964      1.145    23.6494     5.6855 -9.990e-29
         94      1.156    18.8464   3.286646     2.8507     0.0154  0.0987872    82.8475      1.145    23.6499     5.6851 -9.990e-29
         95      1.156    18.8444   3.286587     2.8505     0.0154  0.0987746    82.7933      1.145    23.6506     5.6848 -9.990e-29
         96      1.156    18.8422   3.286525     2.8504     0.0154  0.0987629    82.7335      1.145    23.6514     5.6847 -9.990e-29
         97      1.156    18.8397   3.286461     2.8502     0.0154  0.0987519    82.6675      1.145    23.6523     5.6844 -9.990e-29
         98      1.155    18.8370   3.286394     2.8500     0.0153  0.0987417    82.5952      1.144    23.6533     5.6841 -9.990e-29
         99      1.155    18.8342   3.286325     2.8498     0.0153  0.0987320    82.5168      1.144    23.6543     5.6839 -9.990e-29
        100      1.155    18.8312   3.286255     2.8497     0.0153  0.0987229    82.4325      1.144    23.6555     5.6839 -9.990e-29
        101      1.155    18.8282   3.286184     2.8495     0.0153  0.0987143    82.3424      1.144    23.6566     5.6837 -9.990e-29
        102      1.155    18.8255   3.286113     2.8493     0.0152  0.0987061    82.2459      1.144    23.6576     5.6834 -9.990e-29
        103      1.155    18.8229   3.286042     2.8491     0.0152  0.0986983    82.1423      1.144    23.6585     5.6832 -9.990e-29
        104      1.155    18.8207   3.285972     2.8490     0.0152  0.0986907    82.0308      1.144    23.6592     5.6832 -9.990e-29
        105      1.155    18.8187   3.285901     2.8488     0.0151  0.0986835    81.9117      1.144    23.6598     5.6829 -9.990e-29
        106      1.155    18.8170   3.285831     2.8486     0.0151  0.0986764    81.7868      1.144    23.6602     5.6826 -9.990e-29
        107      1.154    18.8156   3.285758     2.8485     0.0150  0.0986696    81.6602      1.143    23.6604     5.6825 -9.990e-29
        108      1.154    18.8144   3.285686     2.8483     0.0150  0.0986628    81.5372      1.143    23.6605     5.6822 -9.990e-29
        109      1.154    18.8135   3.285612     2.8482     0.0149  0.0986561    81.4244      1.143    23.6604     5.6821 -9.990e-29
        110      1.154    18.8129   3.285537     2.8480     0.0149  0.0986494    81.3280      1.143    23.6602     5.6818 -9.990e-29
        111      1.154    18.8124   3.285460     2.8479     0.0149  0.0986427    81.2535      1.143    23.6598     5.6817 -9.990e-29
        112      1.154    18.8120   3.285385     2.8477     0.0148  0.0986359    81.2049      1.143    23.6595     5.6814 -9.990e-29
        113      1.154    18.8116   3.285310     2.8476     0.0148  0.0986290    81.1847      1.143    23.6591     5.6813 -9.990e-29
        114      1.154    18.8110   3.285236     2.8474     0.0148  0.0986219    81.1934      1.143    23.6589     5.6810 -9.990e-29
        115      1.154    18.8103   3.285164     2.8473     0.0147  0.0986147    81.2293      1.143    23.6587     5.6810 -9.990e-29
        116      1.154    18.8095   3.285094     2.8471     0.0147  0.0986071    81.2894      1.143    23.6586     5.6808 -9.990e-29
        117      1.154    18.8088   3.285026     2.8470     0.0147  0.0985992    81.3698      1.143    23.6584     5.6808 -9.990e-29
        118      1.154    18.8080   3.284963     2.8468     0.0147  0.0985910    81.4662      1.143    23.6584     5.6805 -9.990e-29
        119      1.154    18.8074   3.284903     2.8467     0.0147  0.0985831    81.5739      1.143    23.6583     5.6806 -9.990e-29
        120      1.154    18.8068   3.284846     2.8466     0.0146  0.0985765    81.6884      1.143    23.6581     5.6806 -9.990e-29
