data/2022/wednesday_data/Station 7.cnv
* Sea-Bird SBE 9 Data File:
* FileName = C:\Users\ctd-user\Desktop\CTD data\MAR440 Sept 2022\Station 7.hex
* Software Version Seasave V 7.26.2.13
* Temperature SN = 4493
* Conductivity SN = 1899
* Number of Bytes Per Scan = 37
* Number of Voltage Words = 4
* Number of Scans Averaged by the Deck Unit = 1
* NMEA Latitude = 58 19.09 N
* NMEA Longitude = 011 48.37 E
* NMEA UTC (Time) = Sep 07 2022 10:55:24
* NMEA baud rate = 4800
** Ship:
** Station:
** Operator:
# nquan = 12                                
# nvalues = 2867                        
# units = specified
# name 0 = scan: Scan Count
# name 1 = prDM: Pressure, Digiquartz [db]
# name 2 = t090C: Temperature [ITS-90, deg C]
# name 3 = c0S/m: Conductivity [S/m]
# name 4 = sbeox0V: Oxygen raw, SBE 43 [V]
# name 5 = flECO-AFL: Fluorescence, WET Labs ECO-AFL/FL [mg/m^3]
# name 6 = upoly0: Upoly 0, Turbidity
# name 7 = xmiss: Beam Transmission, Chelsea/Seatech [%]
# name 8 = depSM: Depth [salt water, m], lat = 58.3182
# name 9 = sal00: Salinity, Practical [PSU]
# name 10 = sbeox0ML/L: Oxygen, SBE 43 [ml/l], WS = 2
# name 11 = flag: flag
# span 0 =          1,       2867       
# span 1 =      1.937,     27.103       
# span 2 =     7.0706,    18.9636       
# span 3 =   3.179829,   3.504708       
# span 4 =     0.8470,     2.8172       
# span 5 =     0.0027,     0.0330       
# span 6 =  0.0948448,  1.9878034       
# span 7 =    11.2778,    94.4486       
# span 8 =      1.919,     26.849       
# span 9 =    23.7994,    32.8638       
# span 10 =     1.0051,     5.6033      
# span 11 = 0.0000e+00, 0.0000e+00      
# interval = seconds: 0.0416667
# start_time = Sep 07 2022 10:55:24 [NMEA time, header]
# bad_flag = -9.990e-29
*END*
[from data line 1925]
       1926     27.057     9.5080   3.327373     0.9494     0.0069  0.2805884    29.7232     26.804    30.5211     1.1993 -9.990e-29
       1927     27.056     9.5050   3.327421     0.9490     0.0069  0.2737296    29.6843     26.803    30.5241     1.1986 -9.990e-29
       1928     27.056     9.5023   3.327470     0.9486     0.0068  0.2674348    29.6567     26.803    30.5269     1.1979 -9.990e-29
       1929     27.056     9.5001   3.327521     0.9482     0.0067  0.2616448    29.6364     26.803    30.5293     1.1972 -9.990e-29
       1930     27.056     9.4982   3.327573     0.9479     0.0066  0.2563167    29.6184     26.803    30.5314     1.1967 -9.990e-29
       1931     27.056     9.4965   3.327625     0.9475     0.0066  0.2514153    29.5977     26.803    30.5334     1.1960 -9.990e-29
       1932     27.056     9.4951   3.327677     0.9471     0.0065  0.2469073    29.5709     26.803    30.5351     1.1953 -9.990e-29
       1933     27.056     9.4938   3.327730     0.9468     0.0064  0.2427612    29.5374     26.803    30.5368     1.1948 -9.990e-29
       1934     27.056     9.4926   3.327781     0.9464     0.0064  0.2389484    29.4981     26.803    30.5383     1.1941 -9.990e-29
       1935     27.056     9.4916   3.327834     0.9460     0.0063  0.2354422    29.4536     26.803    30.5397     1.1933 -9.990e-29
       1936     27.056     9.4905   3.327885     0.9457     0.0063  0.2322182    29.4037     26.803    30.5412     1.1929 -9.990e-29
       1937     27.056     9.4896   3.327937     0.9453     0.0063  0.2292541    29.3484     26.803    30.5425     1.1922 -9.990e-29
       1938     27.055     9.4886   3.327989     0.9450     0.0062  0.2265291    29.2887     26.802    30.5438     1.1917 -9.990e-29
       1939     27.055     9.4877   3.328040     0.9446     0.0062  0.2240245    29.2246     26.802    30.5451     1.1910 -9.990e-29
       1940     27.055     9.4868   3.328091     0.9442     0.0061  0.2217226    29.1558     26.802    30.5464     1.1903 -9.990e-29
       1941     27.055     9.4858   3.328141     0.9439     0.0061  0.2196076    29.0841     26.802    30.5478     1.1899 -9.990e-29
       1942     27.055     9.4848   3.328190     0.9435     0.0061  0.2176647    29.0121     26.802    30.5491     1.1891 -9.990e-29
       1943     27.055     9.4838   3.328240     0.9432     0.0060  0.2158803    28.9407     26.802    30.5505     1.1887 -9.990e-29
       1944     27.055     9.4828   3.328289     0.9428     0.0060  0.2142421    28.8700     26.802    30.5518     1.1879 -9.990e-29
       1945     27.055     9.4818   3.328337     0.9425     0.0060  0.2127387    28.8001     26.802    30.5532     1.1874 -9.990e-29
       1946     27.055     9.4807   3.328385     0.9421     0.0059  0.2113596    28.7295     26.802    30.5546     1.1866 -9.990e-29
       1947     27.055     9.4796   3.328433     0.9418     0.0059  0.2100953    28.6531     26.802    30.5560     1.1861 -9.990e-29
       1948     27.055     9.4785   3.328480     0.9414     0.0059  0.2089369    28.5644     26.802    30.5574     1.1853 -9.990e-29
       1949     27.055     9.4773   3.328527     0.9411     0.0058  0.2078780    28.4572     26.802    30.5589     1.1848 -9.990e-29
       1950     27.055     9.4762   3.328573     0.9408     0.0058  0.2069164    28.3278     26.802    30.5603     1.1843 -9.990e-29
       1951     27.054     9.4750   3.328619     0.9404     0.0058  0.2060506    28.1758     26.801    30.5618     1.1835 -9.990e-29
       1952     27.054     9.4738   3.328665     0.9401     0.0058  0.2052761    28.0021     26.801    30.5633     1.1830 -9.990e-29
       1953     27.054     9.4726   3.328710     0.9398     0.0057  0.2045876    27.8078     26.801    30.5648     1.1825 -9.990e-29
       1954     27.054     9.4714   3.328755     0.9395     0.0057  0.2039803    27.5938     26.801    30.5663     1.1819 -9.990e-29
       1955     27.054     9.4702   3.328800     0.9392     0.0057  0.2034500    27.3610     26.801    30.5678     1.1814 -9.990e-29
       1956     27.054     9.4689   3.328844     0.9388     0.0057  0.2029930    27.1099     26.801    30.5693     1.1805 -9.990e-29
       1957     27.054     9.4677   3.328888     0.9385     0.0057  0.2026061    26.8393     26.801    30.5708     1.1800 -9.990e-29
       1958     27.054     9.4664   3.328933     0.9382     0.0056  0.2022867    26.5479     26.801    30.5724     1.1794 -9.990e-29
       1959     27.054     9.4651   3.328976     0.9379     0.0056  0.2020324    26.2345     26.801    30.5739     1.1788 -9.990e-29
       1960     27.054     9.4637   3.329019     0.9376     0.0056  0.2018415    25.8989     26.801    30.5755     1.1783 -9.990e-29
       1961     27.054     9.4623   3.329062     0.9373     0.0056  0.2017128    25.5417     26.801    30.5772     1.1777 -9.990e-29
       1962     27.054     9.4608   3.329104     0.9370     0.0056  0.2016452    25.1648     26.801    30.5789     1.1771 -9.990e-29
       1963     27.054     9.4593   3.329146     0.9367     0.0056  0.2016384    24.7716     26.801    30.5806     1.1766 -9.990e-29
       1964     27.054     9.4577   3.329188     0.9364     0.0056  0.2016923    24.3666     26.801    30.5824     1.1760 -9.990e-29
       1965     27.054     9.4560   3.329229     0.9361     0.0055  0.2018073    23.9552     26.801    30.5842     1.1754 -9.990e-29
       1966     27.054     9.4542   3.329269     0.9358     0.0055  0.2019841    23.5443     26.801    30.5862     1.1748 -9.990e-29
       1967     27.054     9.4523   3.329309     0.9355     0.0055  0.2022240    23.1432     26.801    30.5882     1.1742 -9.990e-29
       1968     27.055     9.4503   3.329348     0.9352     0.0055  0.2025286    22.7603     26.802    30.5903     1.1736 -9.990e-29
       1969     27.055     9.4483   3.329388     0.9349     0.0055  0.2029002    22.4013     26.802    30.5924     1.1730 -9.990e-29
       1970     27.055     9.4462   3.329426     0.9346     0.0055  0.2033412    22.0683     26.802    30.5946     1.1723 -9.990e-29
       1971     27.055     9.4439   3.329464     0.9343     0.0055  0.2038547    21.7626     26.802    30.5970     1.1717 -9.990e-29
       1972     27.055     9.4415   3.329502     0.9340     0.0055  0.2044444    21.4885     26.802    30.5994     1.1710 -9.990e-29
       1973     27.055     9.4389   3.329538     0.9337     0.0055  0.2051142    21.2511     26.802    30.6020     1.1703 -9.990e-29
       1974     27.055     9.4361   3.329573     0.9334     0.0055  0.2058622    21.0530     26.802    30.6047     1.1697 -9.990e-29
       1975     27.055     9.4330   3.329608     0.9331     0.0055  0.2066560    20.8930     26.802    30.6077     1.1690 -9.990e-29
       1976     27.055     9.4296   3.329641     0.9328     0.0054  0.2074384    20.7674     26.802    30.6110     1.1683 -9.990e-29
       1977     27.056     9.4259   3.329673     0.9325     0.0054  0.2081740    20.6725     26.803    30.6145     1.1677 -9.990e-29
       1978     27.056     9.4219   3.329704     0.9322     0.0054  0.2088604    20.6070     26.803    30.6182     1.1670 -9.990e-29
       1979     27.056     9.4174   3.329733     0.9319     0.0054  0.2095048    20.5729     26.803    30.6223     1.1664 -9.990e-29
       1980     27.056     9.4125   3.329760     0.9316     0.0054  0.2101142    20.5722     26.803    30.6268     1.1657 -9.990e-29
       1981     27.056     9.4073   3.329786     0.9313     0.0054  0.2106930    20.6056     26.803    30.6315     1.1651 -9.990e-29
       1982     27.056     9.4016   3.329811     0.9310     0.0054  0.2112434    20.6720     26.803    30.6366     1.1644 -9.990e-29
       1983     27.056     9.3954   3.329834     0.9307     0.0054  0.2117684    20.7696     26.803    30.6422     1.1638 -9.990e-29
       1984     27.057     9.3889   3.329855     0.9305     0.0054  0.2122725    20.8938     26.804    30.6480     1.1634 -9.990e-29
       1985     27.057     9.3819   3.329875     0.9302     0.0054  0.2127601    21.0376     26.804    30.6542     1.1628 -9.990e-29
       1986     27.057     9.3746   3.329894     0.9299     0.0054  0.2132346    21.1928     26.804    30.6606     1.1622 -9.990e-29
       1987     27.057     9.3669   3.329910     0.9296     0.0054  0.2136993    21.3509     26.804    30.6674     1.1616 -9.990e-29
       1988     27.057     9.3590   3.329927     0.9293     0.0054  0.2141564    21.5033     26.804    30.6743     1.1610 -9.990e-29
       1989     27.057     9.3508   3.329943     0.9290     0.0054  0.2146085    21.6417     26.804    30.6815     1.1604 -9.990e-29
       1990     27.057     9.3425   3.329959     0.9288     0.0054  0.2150586    21.7592     26.804    30.6888     1.1602 -9.990e-29
       1991     27.057     9.3341   3.329974     0.9285     0.0054  0.2155098    21.8504     26.804    30.6961     1.1596 -9.990e-29
       1992     27.058     9.3257   3.329990     0.9282     0.0054  0.2159654    21.9120     26.805    30.7035     1.1591 -9.990e-29
       1993     27.058     9.3172   3.330004     0.9279     0.0054  0.2164283    21.9411     26.805    30.7109     1.1586 -9.990e-29
       1994     27.058     9.3088   3.330020     0.9276     0.0054  0.2169020    21.9333     26.805    30.7183     1.1581 -9.990e-29
       1995     27.058     9.3003   3.330035     0.9273     0.0054  0.2173897    21.8818     26.805    30.7258     1.1576 -9.990e-29
       1996     27.058     9.2919   3.330051     0.9270     0.0054  0.2178947    21.7786     26.805    30.7332     1.1571 -9.990e-29
       1997     27.058     9.2836   3.330068     0.9267     0.0054  0.2184206    21.6202     26.805    30.7405     1.1566 -9.990e-29
       1998     27.058     9.2753   3.330084     0.9265     0.0054  0.2189711    21.4106     26.805    30.7478     1.1564 -9.990e-29
       1999     27.059     9.2673   3.330102     0.9262     0.0054  0.2195499    21.1617     26.806    30.7548     1.1559 -9.990e-29
       2000     27.059     9.2595   3.330121     0.9259     0.0054  0.2201552    20.8890     26.806    30.7618     1.1554 -9.990e-29
       2001     27.059     9.2521   3.330141     0.9256     0.0054  0.2207733    20.6063     26.806    30.7683     1.1548 -9.990e-29
       2002     27.059     9.2452   3.330165     0.9254     0.0054  0.2213898    20.3225     26.806    30.7745     1.1546 -9.990e-29
       2003     27.059     9.2387   3.330189     0.9251     0.0054  0.2220023    20.0438     26.806    30.7804     1.1540 -9.990e-29
       2004     27.059     9.2327   3.330215     0.9248     0.0054  0.2226158    19.7748     26.806    30.7858     1.1534 -9.990e-29
       2005     27.059     9.2273   3.330243     0.9245     0.0055  0.2232355    19.5189     26.806    30.7907     1.1528 -9.990e-29
       2006     27.060     9.2223   3.330272     0.9242     0.0055  0.2238657    19.2779     26.807    30.7954     1.1522 -9.990e-29
       2007     27.060     9.2177   3.330305     0.9240     0.0055  0.2245107    19.0524     26.807    30.7997     1.1519 -9.990e-29
       2008     27.060     9.2135   3.330338     0.9237     0.0055  0.2251750    18.8419     26.807    30.8036     1.1513 -9.990e-29
       2009     27.060     9.2097   3.330372     0.9234     0.0055  0.2258634    18.6461     26.807    30.8072     1.1507 -9.990e-29
       2010     27.060     9.2061   3.330408     0.9232     0.0055  0.2265804    18.4655     26.807    30.8107     1.1504 -9.990e-29
       2011     27.061     9.2027   3.330444     0.9229     0.0056  0.2273312    18.3016     26.808    30.8140     1.1498 -9.990e-29
       2012     27.061     9.1994   3.330481     0.9227     0.0056  0.2281210    18.1553     26.808    30.8173     1.1494 -9.990e-29
       2013     27.061     9.1963   3.330518     0.9224     0.0056  0.2289553    18.0261     26.808    30.8203     1.1488 -9.990e-29
       2014     27.061     9.1932   3.330556     0.9222     0.0056  0.2298397    17.9121     26.808    30.8234     1.1484 -9.990e-29
       2015     27.061     9.1902   3.330594     0.9219     0.0057  0.2307807    17.8105     26.808    30.8264     1.1478 -9.990e-29
       2016     27.062     9.1871   3.330632     0.9217     0.0057  0.2317845    17.7195     26.809    30.8294     1.1475 -9.990e-29
       2017     27.062     9.1841   3.330670     0.9215     0.0057  0.2328583    17.6394     26.809    30.8324     1.1471 -9.990e-29
       2018     27.062     9.1810   3.330707     0.9212     0.0058  0.2340096    17.5717     26.809    30.8355     1.1465 -9.990e-29
       2019     27.062     9.1779   3.330746     0.9210     0.0058  0.2352462    17.5170     26.809    30.8385     1.1462 -9.990e-29
       2020     27.062     9.1747   3.330783     0.9207     0.0058  0.2365769    17.4750     26.809    30.8417     1.1455 -9.990e-29
       2021     27.062     9.1715   3.330821     0.9205     0.0059  0.2380108    17.4444     26.809    30.8448     1.1452 -9.990e-29
       2022     27.062     9.1682   3.330859     0.9202     0.0059  0.2395580    17.4248     26.809    30.8481     1.1445 -9.990e-29
       2023     27.062     9.1648   3.330896     0.9200     0.0060  0.2412293    17.4172     26.809    30.8514     1.1442 -9.990e-29
       2024     27.062     9.1612   3.330932     0.9197     0.0061  0.2430361    17.4220     26.809    30.8549     1.1436 -9.990e-29
       2025     27.063     9.1575   3.330968     0.9195     0.0061  0.2449810    17.4374     26.810    30.8585     1.1433 -9.990e-29
       2026     27.063     9.1536   3.331002     0.9192     0.0062  0.2470214    17.4600     26.810    30.8622     1.1426 -9.990e-29
       2027     27.063     9.1495   3.331037     0.9189     0.0063  0.2490755    17.4875     26.810    30.8661     1.1420 -9.990e-29
       2028     27.063     9.1452   3.331071     0.9187     0.0063  0.2510922    17.5199     26.810    30.8702     1.1417 -9.990e-29
       2029     27.063     9.1407   3.331104     0.9184     0.0064  0.2530711    17.5580     26.810    30.8744     1.1411 -9.990e-29
       2030     27.063     9.1359   3.331136     0.9182     0.0064  0.2550293    17.6013     26.810    30.8789     1.1407 -9.990e-29
       2031     27.063     9.1308   3.331167     0.9179     0.0065  0.2569830    17.6471     26.810    30.8836     1.1401 -9.990e-29
       2032     27.064     9.1255   3.331197     0.9177     0.0065  0.2589450    17.6919     26.811    30.8885     1.1398 -9.990e-29
       2033     27.064     9.1198   3.331226     0.9175     0.0066  0.2609289    17.7336     26.811    30.8938     1.1394 -9.990e-29
       2034     27.064     9.1138   3.331254     0.9172     0.0066  0.2629502    17.7727     26.811    30.8992     1.1388 -9.990e-29
       2035     27.064     9.1075   3.331281     0.9170     0.0067  0.2650229    17.8126     26.811    30.9050     1.1384 -9.990e-29
       2036     27.064     9.1008   3.331306     0.9167     0.0067  0.2671607    17.8573     26.811    30.9110     1.1378 -9.990e-29
       2037     27.064     9.0937   3.331329     0.9165     0.0068  0.2693784    17.9090     26.811    30.9174     1.1375 -9.990e-29
       2038     27.065     9.0862   3.331352     0.9162     0.0068  0.2716906    17.9668     26.812    30.9242     1.1369 -9.990e-29
       2039     27.065     9.0783   3.331373     0.9160     0.0069  0.2741125    18.0274     26.812    30.9313     1.1367 -9.990e-29
       2040     27.065     9.0699   3.331392     0.9158     0.0069  0.2766619    18.0866     26.812    30.9388     1.1364 -9.990e-29
       2041     27.065     9.0611   3.331410     0.9155     0.0070  0.2793581    18.1394     26.812    30.9466     1.1358 -9.990e-29
       2042     27.065     9.0517   3.331426     0.9153     0.0070  0.2822207    18.1805     26.812    30.9549     1.1356 -9.990e-29
       2043     27.065     9.0418   3.331440     0.9151     0.0071  0.2852689    18.2048     26.812    30.9637     1.1353 -9.990e-29
       2044     27.065     9.0316   3.331453     0.9149     0.0071  0.2885221    18.2079     26.812    30.9727     1.1351 -9.990e-29
       2045     27.065     9.0212   3.331465     0.9147     0.0072  0.2920029    18.1878     26.812    30.9818     1.1349 -9.990e-29
