data/2022/wednesday_data/Station 3.cnv
* Sea-Bird SBE 9 Data File:
* FileName = C:\Users\ctd-user\Desktop\CTD data\MAR440 Sept 2022\Station 3.hex
* Software Version Seasave V 7.26.2.13
* Temperature SN = 4493
* Conductivity SN = 1899
* Number of Bytes Per Scan = 37
* Number of Voltage Words = 4
* Number of Scans Averaged by the Deck Unit = 1
* NMEA Latitude = 58 20.20 N
* NMEA Longitude = 011 53.04 E
* NMEA UTC (Time) = Sep 07 2022 12:43:03
* NMEA baud rate = 4800
** Ship: Skagerrak
** Station: 3
** Operator: Ida
# nquan = 12                                
# nvalues = 5347                        
# units = specified
# name 0 = scan: Scan Count
# name 1 = prDM: Pressure, Digiquartz [db]
# name 2 = t090C: Temperature [ITS-90, deg C]
# name 3 = c0S/m: Conductivity [S/m]
# name 4 = sbeox0V: Oxygen raw, SBE 43 [V]
# name 5 = flECO-AFL: Fluorescence, WET Labs ECO-AFL/FL [mg/m^3]
# name 6 = upoly0: Upoly 0, Turbidity
# name 7 = xmiss: Beam Transmission, Chelsea/Seatech [%]
# name 8 = depSM: Depth [salt water, m], lat = 58.3367
# name 9 = sal00: Salinity, Practical [PSU]
# name 10 = sbeox0ML/L: Oxygen, SBE 43 [ml/l], WS = 2
# name 11 = flag: flag
# span 0 =          1,       5347       
# span 1 =      1.032,     41.245       
# span 2 =     8.0680,    18.7544       
# span 3 =   3.111055,   3.392990       
# span 4 =     0.5329,     2.8413       
# span 5 =     0.0066,     0.0402       
# span 6 =  0.0940868,  0.1077413       
# span 7 =    62.9696,    94.6932       
# span 8 =      1.022,     40.858       
# span 9 =    23.6035,    32.0260       
# span 10 =     0.0792,     5.6953      
# span 11 = 0.0000e+00, 0.0000e+00      
# interval = seconds: 0.0416667
# start_time = Sep 07 2022 12:43:03 [NMEA time, header]
# bad_flag = -9.990e-29
*END*
[from data line 5053]
       5054     41.223     8.5713   3.389227     0.5336     0.0149  0.0954128    93.7069     40.836    31.9750     0.0817 -9.990e-29
       5055     41.223     8.5713   3.389227     0.5336     0.0149  0.0954265    93.7134     40.836    31.9750     0.0817 -9.990e-29
       5056     41.223     8.5713   3.389227     0.5336     0.0149  0.0954416    93.7198     40.836    31.9750     0.0817 -9.990e-29
       5057     41.224     8.5713   3.389228     0.5336     0.0149  0.0954580    93.7261     40.837    31.9750     0.0817 -9.990e-29
       5058     41.224     8.5713   3.389228     0.5336     0.0149  0.0954761    93.7323     40.837    31.9750     0.0817 -9.990e-29
       5059     41.224     8.5713   3.389228     0.5336     0.0149  0.0954958    93.7382     40.837    31.9750     0.0817 -9.990e-29
       5060     41.224     8.5713   3.389228     0.5336     0.0149  0.0955164    93.7440     40.837    31.9750     0.0817 -9.990e-29
       5061     41.224     8.5713   3.389228     0.5336     0.0149  0.0955365    93.7494     40.837    31.9750     0.0818 -9.990e-29
       5062     41.224     8.5713   3.389228     0.5336     0.0149  0.0955553    93.7548     40.837    31.9750     0.0818 -9.990e-29
       5063     41.225     8.5713   3.389229     0.5336     0.0149  0.0955730    93.7601     40.838    31.9750     0.0818 -9.990e-29
       5064     41.225     8.5713   3.389229     0.5336     0.0149  0.0955895    93.7654     40.838    31.9750     0.0818 -9.990e-29
       5065     41.225     8.5713   3.389229     0.5336     0.0149  0.0956052    93.7709     40.838    31.9750     0.0819 -9.990e-29
       5066     41.225     8.5713   3.389229     0.5336     0.0149  0.0956200    93.7766     40.838    31.9750     0.0819 -9.990e-29
       5067     41.225     8.5713   3.389229     0.5336     0.0149  0.0956342    93.7826     40.838    31.9750     0.0819 -9.990e-29
       5068     41.226     8.5713   3.389230     0.5336     0.0149  0.0956485    93.7886     40.839    31.9750     0.0820 -9.990e-29
       5069     41.226     8.5713   3.389230     0.5336     0.0149  0.0956641    93.7945     40.839    31.9750     0.0820 -9.990e-29
       5070     41.226     8.5713   3.389230     0.5336     0.0149  0.0956801    93.8002     40.839    31.9750     0.0820 -9.990e-29
       5071     41.226     8.5713   3.389230     0.5336     0.0149  0.0956957    93.8057     40.839    31.9750     0.0820 -9.990e-29
       5072     41.227     8.5713   3.389230     0.5336     0.0149  0.0957112    93.8109     40.840    31.9750     0.0820 -9.990e-29
       5073     41.227     8.5713   3.389230     0.5336     0.0149  0.0957267    93.8159     40.840    31.9750     0.0820 -9.990e-29
       5074     41.227     8.5713   3.389230     0.5336     0.0149  0.0957421    93.8205     40.840    31.9750     0.0819 -9.990e-29
       5075     41.227     8.5713   3.389231     0.5336     0.0149  0.0957577    93.8248     40.840    31.9751     0.0819 -9.990e-29
       5076     41.227     8.5713   3.389231     0.5336     0.0149  0.0957735    93.8288     40.840    31.9751     0.0819 -9.990e-29
       5077     41.228     8.5713   3.389231     0.5336     0.0149  0.0957897    93.8324     40.841    31.9751     0.0818 -9.990e-29
       5078     41.228     8.5713   3.389231     0.5336     0.0149  0.0958063    93.8358     40.841    31.9751     0.0817 -9.990e-29
       5079     41.228     8.5713   3.389231     0.5336     0.0149  0.0958235    93.8388     40.841    31.9751     0.0817 -9.990e-29
       5080     41.228     8.5713   3.389231     0.5336     0.0149  0.0958414    93.8416     40.841    31.9751     0.0816 -9.990e-29
       5081     41.228     8.5713   3.389231     0.5336     0.0149  0.0958602    93.8444     40.841    31.9751     0.0815 -9.990e-29
       5082     41.228     8.5713   3.389231     0.5336     0.0149  0.0958799    93.8470     40.841    31.9751     0.0815 -9.990e-29
       5083     41.229     8.5713   3.389231     0.5336     0.0149  0.0959007    93.8497     40.842    31.9751     0.0814 -9.990e-29
       5084     41.229     8.5713   3.389231     0.5336     0.0149  0.0959227    93.8525     40.842    31.9751     0.0814 -9.990e-29
       5085     41.229     8.5713   3.389230     0.5336     0.0149  0.0959461    93.8555     40.842    31.9750     0.0814 -9.990e-29
       5086     41.229     8.5713   3.389230     0.5336     0.0149  0.0959703    93.8586     40.842    31.9750     0.0813 -9.990e-29
       5087     41.229     8.5713   3.389230     0.5336     0.0149  0.0959936    93.8621     40.842    31.9750     0.0812 -9.990e-29
       5088     41.230     8.5713   3.389230     0.5336     0.0149  0.0960154    93.8659     40.843    31.9750     0.0811 -9.990e-29
       5089     41.230     8.5712   3.389230     0.5336     0.0149  0.0960358    93.8702     40.843    31.9751     0.0811 -9.990e-29
       5090     41.230     8.5712   3.389230     0.5336     0.0149  0.0960550    93.8750     40.843    31.9751     0.0810 -9.990e-29
       5091     41.230     8.5712   3.389229     0.5336     0.0149  0.0960731    93.8803     40.843    31.9751     0.0809 -9.990e-29
       5092     41.230     8.5712   3.389229     0.5336     0.0149  0.0960903    93.8864     40.843    31.9751     0.0809 -9.990e-29
       5093     41.230     8.5712   3.389229     0.5335     0.0149  0.0961066    93.8930     40.843    31.9751     0.0806 -9.990e-29
       5094     41.231     8.5712   3.389229     0.5335     0.0149  0.0961222    93.9002     40.844    31.9751     0.0805 -9.990e-29
       5095     41.231     8.5712   3.389229     0.5335     0.0149  0.0961371    93.9079     40.844    31.9751     0.0805 -9.990e-29
       5096     41.231     8.5712   3.389229     0.5335     0.0149  0.0961516    93.9161     40.844    31.9751     0.0805 -9.990e-29
       5097     41.231     8.5712   3.389228     0.5335     0.0149  0.0961656    93.9249     40.844    31.9751     0.0804 -9.990e-29
       5098     41.231     8.5712   3.389228     0.5335     0.0149  0.0961793    93.9342     40.844    31.9751     0.0803 -9.990e-29
       5099     41.231     8.5712   3.389228     0.5335     0.0149  0.0961928    93.9442     40.844    31.9751     0.0803 -9.990e-29
       5100     41.232     8.5712   3.389228     0.5335     0.0149  0.0962062    93.9547     40.845    31.9751     0.0802 -9.990e-29
       5101     41.232     8.5712   3.389228     0.5334     0.0149  0.0962196    93.9656     40.845    31.9751     0.0799 -9.990e-29
       5102     41.232     8.5712   3.389228     0.5334     0.0149  0.0962330    93.9770     40.845    31.9751     0.0799 -9.990e-29
       5103     41.232     8.5712   3.389228     0.5334     0.0149  0.0962465    93.9888     40.845    31.9751     0.0799 -9.990e-29
       5104     41.232     8.5712   3.389227     0.5334     0.0149  0.0962603    94.0009     40.845    31.9751     0.0798 -9.990e-29
       5105     41.232     8.5712   3.389227     0.5334     0.0149  0.0962744    94.0133     40.845    31.9751     0.0798 -9.990e-29
       5106     41.232     8.5712   3.389227     0.5334     0.0149  0.0962890    94.0260     40.845    31.9751     0.0798 -9.990e-29
       5107     41.232     8.5712   3.389227     0.5334     0.0149  0.0963041    94.0389     40.845    31.9751     0.0798 -9.990e-29
       5108     41.232     8.5712   3.389227     0.5334     0.0149  0.0963199    94.0520     40.845    31.9751     0.0799 -9.990e-29
       5109     41.232     8.5712   3.389226     0.5334     0.0149  0.0963364    94.0653     40.845    31.9751     0.0799 -9.990e-29
       5110     41.232     8.5712   3.389226     0.5333     0.0149  0.0963538    94.0789     40.845    31.9751     0.0796 -9.990e-29
       5111     41.233     8.5712   3.389226     0.5333     0.0149  0.0963713    94.0926     40.846    31.9751     0.0797 -9.990e-29
       5112     41.233     8.5712   3.389226     0.5333     0.0149  0.0963874    94.1064     40.846    31.9751     0.0798 -9.990e-29
       5113     41.233     8.5712   3.389225     0.5333     0.0149  0.0964013    94.1201     40.846    31.9751     0.0799 -9.990e-29
       5114     41.233     8.5712   3.389225     0.5333     0.0149  0.0964132    94.1336     40.846    31.9751     0.0799 -9.990e-29
       5115     41.233     8.5712   3.389225     0.5333     0.0149  0.0964230    94.1469     40.846    31.9751     0.0800 -9.990e-29
       5116     41.233     8.5712   3.389225     0.5333     0.0149  0.0964310    94.1599     40.846    31.9751     0.0801 -9.990e-29
       5117     41.233     8.5712   3.389224     0.5333     0.0149  0.0964370    94.1724     40.846    31.9751     0.0803 -9.990e-29
       5118     41.233     8.5712   3.389224     0.5333     0.0149  0.0964413    94.1846     40.846    31.9751     0.0803 -9.990e-29
       5119     41.233     8.5712   3.389224     0.5333     0.0149  0.0964437    94.1964     40.846    31.9751     0.0804 -9.990e-29
       5120     41.233     8.5712   3.389223     0.5333     0.0149  0.0964444    94.2077     40.846    31.9751     0.0805 -9.990e-29
       5121     41.233     8.5712   3.389223     0.5332     0.0149  0.0964433    94.2185     40.846    31.9751     0.0803 -9.990e-29
       5122     41.233     8.5712   3.389223     0.5332     0.0149  0.0964404    94.2288     40.846    31.9751     0.0804 -9.990e-29
       5123     41.233     8.5712   3.389222     0.5332     0.0149  0.0964357    94.2386     40.846    31.9750     0.0804 -9.990e-29
       5124     41.234     8.5712   3.389222     0.5332     0.0149  0.0964291    94.2478     40.847    31.9750     0.0805 -9.990e-29
       5125     41.234     8.5712   3.389222     0.5332     0.0149  0.0964207    94.2565     40.847    31.9750     0.0806 -9.990e-29
       5126     41.234     8.5712   3.389221     0.5332     0.0149  0.0964104    94.2645     40.847    31.9750     0.0807 -9.990e-29
       5127     41.234     8.5712   3.389221     0.5332     0.0149  0.0963980    94.2718     40.847    31.9750     0.0807 -9.990e-29
       5128     41.234     8.5712   3.389221     0.5332     0.0149  0.0963835    94.2784     40.847    31.9750     0.0807 -9.990e-29
       5129     41.234     8.5712   3.389220     0.5332     0.0149  0.0963669    94.2843     40.847    31.9750     0.0808 -9.990e-29
       5130     41.234     8.5712   3.389220     0.5332     0.0149  0.0963479    94.2895     40.847    31.9750     0.0808 -9.990e-29
       5131     41.234     8.5712   3.389220     0.5332     0.0149  0.0963265    94.2938     40.847    31.9750     0.0808 -9.990e-29
       5132     41.234     8.5712   3.389219     0.5332     0.0149  0.0963024    94.2974     40.847    31.9750     0.0808 -9.990e-29
       5133     41.234     8.5712   3.389219     0.5332     0.0149  0.0962756    94.3000     40.847    31.9750     0.0809 -9.990e-29
       5134     41.234     8.5712   3.389218     0.5332     0.0149  0.0962459    94.3018     40.847    31.9750     0.0809 -9.990e-29
       5135     41.234     8.5712   3.389218     0.5333     0.0149  0.0962130    94.3026     40.847    31.9750     0.0812 -9.990e-29
       5136     41.234     8.5712   3.389217     0.5333     0.0149  0.0961776    94.3024     40.847    31.9750     0.0812 -9.990e-29
       5137     41.234     8.5712   3.389217     0.5333     0.0149  0.0961419    94.3014     40.847    31.9750     0.0812 -9.990e-29
       5138     41.234     8.5712   3.389217     0.5333     0.0149  0.0961083    94.2994     40.847    31.9750     0.0812 -9.990e-29
       5139     41.234     8.5712   3.389216     0.5333     0.0149  0.0960774    94.2966     40.847    31.9750     0.0812 -9.990e-29
       5140     41.234     8.5712   3.389216     0.5333     0.0149  0.0960490    94.2929     40.847    31.9750     0.0812 -9.990e-29
       5141     41.234     8.5712   3.389215     0.5333     0.0149  0.0960228    94.2882     40.847    31.9750     0.0812 -9.990e-29
       5142     41.234     8.5712   3.389215     0.5333     0.0149  0.0959987    94.2824     40.847    31.9750     0.0812 -9.990e-29
       5143     41.234     8.5712   3.389214     0.5333     0.0149  0.0959765    94.2755     40.847    31.9750     0.0812 -9.990e-29
       5144     41.234     8.5712   3.389214     0.5333     0.0149  0.0959561    94.2674     40.847    31.9750     0.0812 -9.990e-29
       5145     41.233     8.5713   3.389215     0.5333     0.0149  0.0959373    94.2579     40.846    31.9749     0.0812 -9.990e-29
       5146     41.233     8.5713   3.389214     0.5333     0.0149  0.0959200    94.2471     40.846    31.9749     0.0812 -9.990e-29
       5147     41.233     8.5713   3.389214     0.5333     0.0149  0.0959041    94.2347     40.846    31.9749     0.0812 -9.990e-29
       5148     41.233     8.5713   3.389214     0.5333     0.0149  0.0958895    94.2206     40.846    31.9749     0.0811 -9.990e-29
       5149     41.233     8.5713   3.389213     0.5333     0.0149  0.0958760    94.2050     40.846    31.9749     0.0811 -9.990e-29
       5150     41.233     8.5713   3.389213     0.5333     0.0149  0.0958635    94.1880     40.846    31.9749     0.0811 -9.990e-29
       5151     41.233     8.5713   3.389213     0.5333     0.0149  0.0958521    94.1697     40.846    31.9749     0.0811 -9.990e-29
       5152     41.233     8.5713   3.389212     0.5332     0.0149  0.0958415    94.1505     40.846    31.9749     0.0807 -9.990e-29
       5153     41.232     8.5713   3.389212     0.5332     0.0149  0.0958318    94.1308     40.845    31.9749     0.0807 -9.990e-29
       5154     41.232     8.5713   3.389212     0.5332     0.0149  0.0958228    94.1113     40.845    31.9749     0.0807 -9.990e-29
       5155     41.232     8.5713   3.389212     0.5332     0.0149  0.0958145    94.0926     40.845    31.9749     0.0806 -9.990e-29
       5156     41.232     8.5713   3.389211     0.5332     0.0149  0.0958069    94.0757     40.845    31.9748     0.0806 -9.990e-29
       5157     41.232     8.5713   3.389211     0.5332     0.0149  0.0957999    94.0616     40.845    31.9748     0.0806 -9.990e-29
       5158     41.232     8.5713   3.389211     0.5332     0.0149  0.0957933    94.0518     40.845    31.9748     0.0806 -9.990e-29
       5159     41.232     8.5713   3.389211     0.5332     0.0149  0.0957873    94.0476     40.845    31.9748     0.0805 -9.990e-29
       5160     41.231     8.5713   3.389210     0.5332     0.0149  0.0957817    94.0495     40.844    31.9748     0.0805 -9.990e-29
       5161     41.231     8.5713   3.389210     0.5332     0.0149  0.0957766    94.0573     40.844    31.9748     0.0805 -9.990e-29
       5162     41.231     8.5713   3.389210     0.5332     0.0149  0.0957718    94.0702     40.844    31.9748     0.0804 -9.990e-29
       5163     41.231     8.5713   3.389209     0.5332     0.0149  0.0957673    94.0875     40.844    31.9748     0.0804 -9.990e-29
       5164     41.231     8.5713   3.389209     0.5332     0.0149  0.0957632    94.1079     40.844    31.9748     0.0804 -9.990e-29
       5165     41.230     8.5713   3.389209     0.5332     0.0149  0.0957593    94.1304     40.843    31.9748     0.0804 -9.990e-29
       5166     41.230     8.5713   3.389209     0.5332     0.0149  0.0957557    94.1541     40.843    31.9748     0.0804 -9.990e-29
       5167     41.230     8.5713   3.389209     0.5332     0.0149  0.0957523    94.1782     40.843    31.9748     0.0804 -9.990e-29
       5168     41.230     8.5713   3.389209     0.5332     0.0149  0.0957491    94.2022     40.843    31.9748     0.0804 -9.990e-29
       5169     41.230     8.5713   3.389208     0.5332     0.0149  0.0957462    94.2258     40.843    31.9748     0.0804 -9.990e-29
       5170     41.230     8.5713   3.389208     0.5332     0.0149  0.0957433    94.2486     40.843    31.9748     0.0804 -9.990e-29
       5171     41.229     8.5714   3.389208     0.5332     0.0149  0.0957406    94.2707     40.842    31.9747     0.0803 -9.990e-29
       5172     41.229     8.5714   3.389208     0.5332     0.0149  0.0957381    94.2919     40.842    31.9747     0.0803 -9.990e-29
