data/2022/wednesday_data/Station 7.cnv
* Sea-Bird SBE 9 Data File:
* FileName = C:\Users\ctd-user\Desktop\CTD data\MAR440 Sept 2022\Station 7.hex
* Software Version Seasave V 7.26.2.13
* Temperature SN = 4493
* Conductivity SN = 1899
* Number of Bytes Per Scan = 37
* Number of Voltage Words = 4
* Number of Scans Averaged by the Deck Unit = 1
* NMEA Latitude = 58 19.09 N
* NMEA Longitude = 011 48.37 E
* NMEA UTC (Time) = Sep 07 2022 10:55:24
* NMEA baud rate = 4800
** Ship:
** Station:
** Operator:
# nquan = 12                                
# nvalues = 2867                        
# units = specified
# name 0 = scan: Scan Count
# name 1 = prDM: Pressure, Digiquartz [db]
# name 2 = t090C: Temperature [ITS-90, deg C]
# name 3 = c0S/m: Conductivity [S/m]
# name 4 = sbeox0V: Oxygen raw, SBE 43 [V]
# name 5 = flECO-AFL: Fluorescence, WET Labs ECO-AFL/FL [mg/m^3]
# name 6 = upoly0: Upoly 0, Turbidity
# name 7 = xmiss: Beam Transmission, Chelsea/Seatech [%]
# name 8 = depSM: Depth [salt water, m], lat = 58.3182
# name 9 = sal00: Salinity, Practical [PSU]
# name 10 = sbeox0ML/L: Oxygen, SBE 43 [ml/l], WS = 2
# name 11 = flag: flag
# span 0 =          1,       2867       
# span 1 =      1.937,     27.103       
# span 2 =     7.0706,    18.9636       
# span 3 =   3.179829,   3.504708       
# span 4 =     0.8470,     2.8172       
# span 5 =     0.0027,     0.0330       
# span 6 =  0.0948448,  1.9878034       
# span 7 =    11.2778,    94.4486       
# span 8 =      1.919,     26.849       
# span 9 =    23.7994,    32.8638       
# span 10 =     1.0051,     5.6033      
# span 11 = 0.0000e+00, 0.0000e+00      
# interval = seconds: 0.0416667
# start_time = Sep 07 2022 10:55:24 [NMEA time, header]
# bad_flag = -9.990e-29
*END*
[from data line 843]
        844     18.090    12.1234   3.267228     1.3374     0.0095  0.0959426    89.5112     17.921    27.8541     1.9345 0.0000e+00
        845     18.112    12.1132   3.267561     1.3350     0.0094  0.0959371    89.5316     17.943    27.8648     1.9301 0.0000e+00
        846     18.134    12.1029   3.267906     1.3326     0.0094  0.0959297    89.5554     17.965    27.8757     1.9257 0.0000e+00
        847     18.156    12.0926   3.268262     1.3302     0.0093  0.0959203    89.5823     17.986    27.8867     1.9215 0.0000e+00
        848     18.178    12.0823   3.268630     1.3278     0.0093  0.0959089    89.6122     18.008    27.8979     1.9174 0.0000e+00
        849     18.200    12.0720   3.269011     1.3254     0.0093  0.0958955    89.6443     18.030    27.9091     1.9133 0.0000e+00
        850     18.223    12.0617   3.269402     1.3230     0.0092  0.0958798    89.6776     18.053    27.9205     1.9094 0.0000e+00
        851     18.245    12.0515   3.269807     1.3207     0.0092  0.0958618    89.7117     18.075    27.9320     1.9058 0.0000e+00
        852     18.267    12.0413   3.270225     1.3184     0.0091  0.0958422    89.7469     18.096    27.9435     1.9023 0.0000e+00
        853     18.289    12.0313   3.270659     1.3161     0.0091  0.0958227    89.7832     18.118    27.9551     1.8989 0.0000e+00
        854     18.311    12.0214   3.271106     1.3138     0.0091  0.0958038    89.8199     18.140    27.9667     1.8955 0.0000e+00
        855     18.333    12.0117   3.271570     1.3116     0.0090  0.0957855    89.8559     18.162    27.9784     1.8925 0.0000e+00
        856     18.356    12.0020   3.272049     1.3094     0.0090  0.0957676    89.8901     18.185    27.9901     1.8896 0.0000e+00
        857     18.378    11.9925   3.272547     1.3072     0.0090  0.0957500    89.9209     18.206    28.0020     1.8868 0.0000e+00
        858     18.400    11.9830   3.273061     1.3050     0.0089  0.0957326    89.9467     18.228    28.0139     1.8840 0.0000e+00
        859     18.422    11.9737   3.273595     1.3029     0.0089  0.0957153    89.9658     18.250    28.0260     1.8816 0.0000e+00
        860     18.444    11.9645   3.274150     1.3008     0.0088  0.0956979    89.9770     18.272    28.0381     1.8793 0.0000e+00
        861     18.466    11.9554   3.274725     1.2987     0.0088  0.0956804    89.9796     18.294    28.0504     1.8771 0.0000e+00
        862     18.488    11.9465   3.275322     1.2966     0.0087  0.0956625    89.9736     18.315    28.0627     1.8750 0.0000e+00
        863     18.511    11.9377   3.275943     1.2946     0.0087  0.0956443    89.9589     18.338    28.0752     1.8732 0.0000e+00
        864     18.533    11.9289   3.276586     1.2926     0.0086  0.0956255    89.9362     18.360    28.0880     1.8715 0.0000e+00
        865     18.555    11.9202   3.277253     1.2906     0.0086  0.0956060    89.9067     18.382    28.1008     1.8698 0.0000e+00
        866     18.577    11.9116   3.277944     1.2886     0.0085  0.0955857    89.8718     18.404    28.1139     1.8682 0.0000e+00
        867     18.599    11.9030   3.278656     1.2867     0.0085  0.0955645    89.8331     18.425    28.1271     1.8669 0.0000e+00
        868     18.620    11.8944   3.279391     1.2848     0.0084  0.0955421    89.7922     18.446    28.1405     1.8657 0.0000e+00
        869     18.642    11.8859   3.280142     1.2829     0.0083  0.0955185    89.7503     18.468    28.1541     1.8646 0.0000e+00
        870     18.664    11.8777   3.280912     1.2810     0.0083  0.0954935    89.7083     18.490    28.1676     1.8635 0.0000e+00
        871     18.686    11.8698   3.281695     1.2792     0.0082  0.0954669    89.6668     18.512    28.1810     1.8627 0.0000e+00
        872     18.708    11.8624   3.282491     1.2774     0.0081  0.0954385    89.6257     18.533    28.1941     1.8619 0.0000e+00
        873     18.730    11.8555   3.283299     1.2756     0.0080  0.0954081    89.5850     18.555    28.2070     1.8612 0.0000e+00
        874     18.752    11.8494   3.284118     1.2739     0.0079  0.0953755    89.5445     18.577    28.2194     1.8607 0.0000e+00
        875     18.773    11.8439   3.284948     1.2722     0.0078  0.0953405    89.5037     18.598    28.2315     1.8603 0.0000e+00
        876     18.795    11.8392   3.285789     1.2705     0.0077  0.0953029    89.4616     18.619    28.2430     1.8599 0.0000e+00
        877     18.817    11.8352   3.286642     1.2688     0.0075  0.0952632    89.4171     18.641    28.2542     1.8595 0.0000e+00
        878     18.839    11.8320   3.287507     1.2672     0.0074  0.0952237    89.3692     18.663    28.2648     1.8593 0.0000e+00
        879     18.860    11.8295   3.288382     1.2656     0.0073  0.0951866    89.3177     18.684    28.2750     1.8592 0.0000e+00
        880     18.882    11.8278   3.289268     1.2641     0.0072  0.0951526    89.2630     18.706    28.2848     1.8593 0.0000e+00
        881     18.903    11.8268   3.290166     1.2625     0.0071  0.0951215    89.2061     18.726    28.2941     1.8591 0.0000e+00
        882     18.925    11.8264   3.291076     1.2610     0.0070  0.0950929    89.1480     18.748    28.3030     1.8592 0.0000e+00
        883     18.947    11.8268   3.292003     1.2596     0.0069  0.0950668    89.0898     18.770    28.3115     1.8596 0.0000e+00
        884     18.968    11.8278   3.292950     1.2582     0.0068  0.0950429    89.0319     18.791    28.3198     1.8599 0.0000e+00
        885     18.990    11.8294   3.293920     1.2568     0.0067  0.0950211    88.9749     18.813    28.3278     1.8602 0.0000e+00
        886     19.011    11.8316   3.294918     1.2555     0.0067  0.0950012    88.9201     18.833    28.3356     1.8607 0.0000e+00
        887     19.033    11.8344   3.295942     1.2542     0.0066  0.0949830    88.8690     18.855    28.3432     1.8612 0.0000e+00
        888     19.054    11.8376   3.296996     1.2529     0.0065  0.0949666    88.8224     18.876    28.3508     1.8617 0.0000e+00
        889     19.076    11.8413   3.298080     1.2516     0.0064  0.0949516    88.7808     18.898    28.3583     1.8621 0.0000e+00
        890     19.097    11.8453   3.299193     1.2504     0.0064  0.0949381    88.7446     18.919    28.3658     1.8628 0.0000e+00
        891     19.119    11.8495   3.300334     1.2492     0.0063  0.0949259    88.7136     18.940    28.3735     1.8634 0.0000e+00
        892     19.140    11.8540   3.301504     1.2481     0.0062  0.0949150    88.6865     18.961    28.3812     1.8643 0.0000e+00
        893     19.162    11.8587   3.302699     1.2470     0.0061  0.0949052    88.6616     18.983    28.3890     1.8650 0.0000e+00
        894     19.183    11.8635   3.303920     1.2459     0.0061  0.0948965    88.6374     19.004    28.3969     1.8658 0.0000e+00
        895     19.205    11.8684   3.305166     1.2448     0.0060  0.0948889    88.6136     19.026    28.4051     1.8664 0.0000e+00
        896     19.226    11.8733   3.306437     1.2438     0.0059  0.0948823    88.5902     19.046    28.4134     1.8673 0.0000e+00
        897     19.248    11.8782   3.307731     1.2428     0.0058  0.0948767    88.5675     19.068    28.4220     1.8681 0.0000e+00
        898     19.269    11.8831   3.309047     1.2418     0.0058  0.0948719    88.5455     19.089    28.4307     1.8688 0.0000e+00
        899     19.291    11.8880   3.310384     1.2409     0.0057  0.0948680    88.5245     19.111    28.4397     1.8698 0.0000e+00
        900     19.312    11.8927   3.311740     1.2400     0.0056  0.0948650    88.5048     19.132    28.4490     1.8707 0.0000e+00
        901     19.334    11.8973   3.313113     1.2391     0.0055  0.0948620    88.4870     19.153    28.4586     1.8715 0.0000e+00
        902     19.355    11.9017   3.314502     1.2382     0.0054  0.0948580    88.4726     19.174    28.4684     1.8722 0.0000e+00
        903     19.377    11.9059   3.315904     1.2373     0.0053  0.0948540    88.4623     19.196    28.4785     1.8729 0.0000e+00
        904     19.398    11.9098   3.317318     1.2365     0.0052  0.0948507    88.4563     19.217    28.4890     1.8738 0.0000e+00
        905     19.420    11.9134   3.318742     1.2357     0.0051  0.0948482    88.4542     19.239    28.4998     1.8746 0.0000e+00
        906     19.441    11.9167   3.320173     1.2349     0.0051  0.0948464    88.4560     19.259    28.5108     1.8752 0.0000e+00
        907     19.463    11.9196   3.321609     1.2342     0.0050  0.0948453    88.4618     19.281    28.5223     1.8761 0.0000e+00
        908     19.484    11.9224   3.323049     1.2334     0.0049  0.0948448    88.4720     19.302    28.5338     1.8767 0.0000e+00
        909     19.506    11.9250   3.324488     1.2327     0.0049  0.0948451    88.4868     19.324    28.5455     1.8774 0.0000e+00
        910     19.527    11.9276   3.325927     1.2320     0.0048  0.0948460    88.5066     19.345    28.5572     1.8781 0.0000e+00
        911     19.549    11.9303   3.327366     1.2313     0.0047  0.0948477    88.5316     19.366    28.5688     1.8787 0.0000e+00
        912     19.570    11.9332   3.328802     1.2307     0.0047  0.0948500    88.5615     19.387    28.5802     1.8795 0.0000e+00
        913     19.592    11.9366   3.330236     1.2300     0.0046  0.0948531    88.5953     19.409    28.5912     1.8799 0.0000e+00
        914     19.614    11.9405   3.331667     1.2294     0.0046  0.0948569    88.6316     19.431    28.6018     1.8805 0.0000e+00
        915     19.635    11.9450   3.333095     1.2288     0.0046  0.0948615    88.6691     19.452    28.6120     1.8809 0.0000e+00
        916     19.657    11.9501   3.334517     1.2282     0.0045  0.0948669    88.7068     19.473    28.6216     1.8813 0.0000e+00
        917     19.678    11.9558   3.335932     1.2276     0.0045  0.0948731    88.7437     19.494    28.6306     1.8816 0.0000e+00
        918     19.700    11.9620   3.337340     1.2270     0.0045  0.0948802    88.7796     19.516    28.6393     1.8817 0.0000e+00
        919     19.722    11.9688   3.338739     1.2265     0.0044  0.0948883    88.8148     19.538    28.6473     1.8821 0.0000e+00
        920     19.743    11.9760   3.340130     1.2260     0.0044  0.0948973    88.8492     19.559    28.6550     1.8824 0.0000e+00
        921     19.765    11.9836   3.341516     1.2255     0.0043  0.0949074    88.8824     19.580    28.6623     1.8826 0.0000e+00
        922     19.787    11.9914   3.342898     1.2250     0.0043  0.0949186    88.9144     19.602    28.6695     1.8827 0.0000e+00
        923     19.808    11.9993   3.344281     1.2245     0.0043  0.0949310    88.9446     19.623    28.6765     1.8827 0.0000e+00
        924     19.830    12.0070   3.345665     1.2240     0.0042  0.0949447    88.9725     19.645    28.6838     1.8827 0.0000e+00
        925     19.852    12.0143   3.347056     1.2236     0.0042  0.0949598    88.9977     19.667    28.6914     1.8828 0.0000e+00
        926     19.873    12.0209   3.348455     1.2231     0.0042  0.0949764    89.0199     19.687    28.6996     1.8827 0.0000e+00
        927     19.895    12.0266   3.349863     1.2227     0.0041  0.0949946    89.0397     19.709    28.7085     1.8827 0.0000e+00
        928     19.916    12.0314   3.351282     1.2223     0.0041  0.0950136    89.0571     19.730    28.7183     1.8827 0.0000e+00
        929     19.938    12.0352   3.352710     1.2218     0.0041  0.0950320    89.0717     19.752    28.7289     1.8824 0.0000e+00
        930     19.960    12.0379   3.354145     1.2214     0.0040  0.0950489    89.0828     19.774    28.7405     1.8823 0.0000e+00
        931     19.982    12.0393   3.355587     1.2210     0.0040  0.0950646    89.0902     19.795    28.7531     1.8822 0.0000e+00
        932     20.003    12.0396   3.357033     1.2206     0.0040  0.0950791    89.0942     19.816    28.7666     1.8821 0.0000e+00
        933     20.025    12.0388   3.358483     1.2202     0.0040  0.0950925    89.0953     19.838    28.7809     1.8819 0.0000e+00
        934     20.046    12.0370   3.359934     1.2199     0.0039  0.0951049    89.0941     19.859    28.7961     1.8819 0.0000e+00
        935     20.068    12.0344   3.361382     1.2195     0.0039  0.0951164    89.0912     19.881    28.8118     1.8817 0.0000e+00
        936     20.090    12.0313   3.362820     1.2191     0.0039  0.0951271    89.0872     19.902    28.8279     1.8814 0.0000e+00
        937     20.111    12.0281   3.364243     1.2187     0.0039  0.0951371    89.0826     19.923    28.8438     1.8811 0.0000e+00
        938     20.133    12.0251   3.365646     1.2184     0.0038  0.0951464    89.0774     19.945    28.8595     1.8809 0.0000e+00
        939     20.155    12.0226   3.367027     1.2180     0.0038  0.0951550    89.0713     19.967    28.8745     1.8805 0.0000e+00
        940     20.177    12.0208   3.368380     1.2176     0.0038  0.0951631    89.0642     19.989    28.8888     1.8800 0.0000e+00
        941     20.198    12.0199   3.369704     1.2173     0.0038  0.0951708    89.0562     20.009    28.9020     1.8797 0.0000e+00
        942     20.220    12.0199   3.370995     1.2169     0.0038  0.0951779    89.0478     20.031    28.9143     1.8791 0.0000e+00
        943     20.242    12.0209   3.372252     1.2166     0.0037  0.0951847    89.0395     20.053    28.9254     1.8786 0.0000e+00
        944     20.263    12.0228   3.373474     1.2163     0.0037  0.0951911    89.0321     20.074    28.9356     1.8782 0.0000e+00
        945     20.285    12.0258   3.374664     1.2159     0.0037  0.0951973    89.0264     20.096    28.9446     1.8774 0.0000e+00
        946     20.306    12.0296   3.375821     1.2156     0.0037  0.0952031    89.0232     20.116    28.9526     1.8769 0.0000e+00
        947     20.328    12.0343   3.376952     1.2152     0.0037  0.0952088    89.0230     20.138    28.9597     1.8760 0.0000e+00
        948     20.350    12.0400   3.378063     1.2149     0.0036  0.0952143    89.0256     20.160    28.9658     1.8754 0.0000e+00
        949     20.371    12.0464   3.379163     1.2145     0.0036  0.0952196    89.0311     20.181    28.9713     1.8746 0.0000e+00
        950     20.393    12.0536   3.380260     1.2142     0.0036  0.0952248    89.0399     20.202    28.9761     1.8740 0.0000e+00
        951     20.414    12.0614   3.381362     1.2139     0.0036  0.0952300    89.0514     20.223    28.9806     1.8733 0.0000e+00
        952     20.436    12.0698   3.382474     1.2135     0.0035  0.0952351    89.0650     20.245    28.9846     1.8725 0.0000e+00
        953     20.457    12.0787   3.383600     1.2132     0.0035  0.0952403    89.0802     20.266    28.9884     1.8719 0.0000e+00
        954     20.479    12.0879   3.384740     1.2128     0.0035  0.0952455    89.0967     20.288    28.9921     1.8710 0.0000e+00
        955     20.500    12.0973   3.385893     1.2125     0.0034  0.0952507    89.1141     20.308    28.9957     1.8705 0.0000e+00
        956     20.521    12.1068   3.387060     1.2121     0.0034  0.0952561    89.1325     20.329    28.9994     1.8697 0.0000e+00
        957     20.543    12.1159   3.388237     1.2118     0.0034  0.0952616    89.1528     20.351    29.0035     1.8693 0.0000e+00
        958     20.564    12.1244   3.389422     1.2115     0.0034  0.0952673    89.1755     20.372    29.0082     1.8689 0.0000e+00
        959     20.585    12.1321   3.390614     1.2112     0.0033  0.0952733    89.2003     20.393    29.0135     1.8687 0.0000e+00
        960     20.607    12.1388   3.391813     1.2108     0.0033  0.0952795    89.2266     20.414    29.0197     1.8682 0.0000e+00
        961     20.628    12.1445   3.393015     1.2105     0.0033  0.0952860    89.2541     20.435    29.0266     1.8682 0.0000e+00
        962     20.649    12.1490   3.394218     1.2102     0.0033  0.0952929    89.2829     20.456    29.0345     1.8682 0.0000e+00
