data/2022/wednesday_data/Station 2.cnv
* Sea-Bird SBE 9 Data File:
* FileName = C:\Users\ctd-user\Desktop\CTD data\MAR440 Sept 2022\Station 2.hex
* Software Version Seasave V 7.26.2.13
* Temperature SN = 4493
* Conductivity SN = 1899
* Number of Bytes Per Scan = 37
* Number of Voltage Words = 4
* Number of Scans Averaged by the Deck Unit = 1
* NMEA Latitude = 58 20.32 N
* NMEA Longitude = 011 53.53 E
* NMEA UTC (Time) = Sep 07 2022 13:20:06
* NMEA baud rate = 4800
** Ship: Skagerrak
** Station: 3
** Operator: Ida
# nquan = 12                                
# nvalues = 2502                        
# units = specified
# name 0 = scan: Scan Count
# name 1 = prDM: Pressure, Digiquartz [db]
# name 2 = t090C: Temperature [ITS-90, deg C]
# name 3 = c0S/m: Conductivity [S/m]
# name 4 = sbeox0V: Oxygen raw, SBE 43 [V]
# name 5 = flECO-AFL: Fluorescence, WET Labs ECO-AFL/FL [mg/m^3]
# name 6 = upoly0: Upoly 0, Turbidity
# name 7 = xmiss: Beam Transmission, Chelsea/Seatech [%]
# name 8 = depSM: Depth [salt water, m], lat = 58.3387
# name 9 = sal00: Salinity, Practical [PSU]
# name 10 = sbeox0ML/L: Oxygen, SBE 43 [ml/l], WS = 2
# name 11 = flag: flag
# span 0 =          1,       2502       
# span 1 =      1.153,     35.867       
# span 2 =     8.0578,    19.0316       
# span 3 =   3.108520,   3.388946       
# span 4 =     0.5648,     2.8593       
# span 5 =     0.0060,     0.0409       
# span 6 =  0.0941996,  0.1084939       
# span 7 =    67.4573,    93.4621       
# span 8 =      1.142,     35.531       
# span 9 =    23.6345,    31.9749       
# span 10 =     0.1695,     5.7212      
# span 11 = 0.0000e+00, 0.0000e+00      
# interval = seconds: 0.0416667
# start_time = Sep 07 2022 13:20:06 [NMEA time, header]
# bad_flag = -9.990e-29
*END*
[from data line 361]
        362      1.159    18.8722   3.287420     2.8566     0.0159  0.0993978    83.5676      1.148    23.6414     5.7200 -9.990e-29
        363      1.159    18.8729   3.287430     2.8567     0.0158  0.0993376    83.5703      1.148    23.6411     5.7201 -9.990e-29
        364      1.159    18.8737   3.287441     2.8569     0.0158  0.0992805    83.5724      1.148    23.6407     5.7204 -9.990e-29
        365      1.160    18.8745   3.287454     2.8570     0.0158  0.0992278    83.5738      1.149    23.6404     5.7205 -9.990e-29
        366      1.160    18.8752   3.287466     2.8571     0.0157  0.0991790    83.5743      1.149    23.6401     5.7206 -9.990e-29
        367      1.160    18.8758   3.287479     2.8573     0.0157  0.0991339    83.5739      1.149    23.6398     5.7209 -9.990e-29
        368      1.160    18.8763   3.287494     2.8574     0.0157  0.0990922    83.5724      1.149    23.6397     5.7210 -9.990e-29
        369      1.160    18.8768   3.287510     2.8575     0.0157  0.0990535    83.5698      1.149    23.6395     5.7210 -9.990e-29
        370      1.160    18.8772   3.287527     2.8576     0.0156  0.0990184    83.5662      1.149    23.6394     5.7211 -9.990e-29
        371      1.161    18.8775   3.287545     2.8577     0.0156  0.0989876    83.5615      1.150    23.6394     5.7211 -9.990e-29
        372      1.161    18.8777   3.287564     2.8578     0.0156  0.0989599    83.5558      1.150    23.6394     5.7212 -9.990e-29
        373      1.161    18.8780   3.287582     2.8579     0.0156  0.0989344    83.5493      1.150    23.6394     5.7212 -9.990e-29
        374      1.161    18.8782   3.287603     2.8580     0.0156  0.0989109    83.5424      1.150    23.6395     5.7212 -9.990e-29
        375      1.161    18.8784   3.287623     2.8581     0.0155  0.0988891    83.5351      1.150    23.6395     5.7212 -9.990e-29
        376      1.161    18.8787   3.287645     2.8582     0.0155  0.0988690    83.5276      1.150    23.6395     5.7212 -9.990e-29
        377      1.161    18.8789   3.287666     2.8583     0.0155  0.0988504    83.5200      1.150    23.6396     5.7212 -9.990e-29
        378      1.161    18.8791   3.287687     2.8584     0.0155  0.0988331    83.5125      1.150    23.6396     5.7212 -9.990e-29
        379      1.161    18.8794   3.287710     2.8584     0.0155  0.0988171    83.5053      1.150    23.6396     5.7209 -9.990e-29
        380      1.161    18.8797   3.287732     2.8585     0.0155  0.0988022    83.4987      1.150    23.6396     5.7209 -9.990e-29
        381      1.161    18.8801   3.287755     2.8586     0.0155  0.0987884    83.4935      1.150    23.6396     5.7208 -9.990e-29
        382      1.161    18.8804   3.287776     2.8586     0.0155  0.0987755    83.4901      1.150    23.6396     5.7205 -9.990e-29
        383      1.161    18.8808   3.287799     2.8587     0.0154  0.0987635    83.4887      1.150    23.6395     5.7204 -9.990e-29
        384      1.161    18.8812   3.287822     2.8588     0.0154  0.0987522    83.4897      1.150    23.6395     5.7203 -9.990e-29
        385      1.161    18.8817   3.287844     2.8588     0.0154  0.0987417    83.4935      1.150    23.6394     5.7200 -9.990e-29
        386      1.161    18.8822   3.287867     2.8588     0.0154  0.0987317    83.4996      1.150    23.6393     5.7196 -9.990e-29
        387      1.162    18.8826   3.287889     2.8589     0.0154  0.0987223    83.5070      1.151    23.6392     5.7195 -9.990e-29
        388      1.162    18.8831   3.287911     2.8589     0.0154  0.0987134    83.5145      1.151    23.6391     5.7191 -9.990e-29
        389      1.162    18.8836   3.287934     2.8589     0.0154  0.0987057    83.5215      1.151    23.6390     5.7188 -9.990e-29
        390      1.162    18.8840   3.287956     2.8590     0.0154  0.0987001    83.5276      1.151    23.6390     5.7187 -9.990e-29
        391      1.162    18.8844   3.287978     2.8590     0.0154  0.0986957    83.5325      1.151    23.6389     5.7183 -9.990e-29
        392      1.162    18.8847   3.287999     2.8590     0.0154  0.0986915    83.5362      1.151    23.6389     5.7180 -9.990e-29
        393      1.162    18.8850   3.288021     2.8591     0.0154  0.0986877    83.5388      1.151    23.6389     5.7179 -9.990e-29
        394      1.162    18.8853   3.288043     2.8591     0.0154  0.0986840    83.5405      1.151    23.6389     5.7175 -9.990e-29
        395      1.162    18.8856   3.288064     2.8591     0.0154  0.0986806    83.5417      1.151    23.6389     5.7172 -9.990e-29
        396      1.162    18.8858   3.288085     2.8592     0.0153  0.0986774    83.5427      1.151    23.6390     5.7171 -9.990e-29
        397      1.162    18.8860   3.288106     2.8592     0.0153  0.0986744    83.5432      1.151    23.6390     5.7168 -9.990e-29
        398      1.162    18.8862   3.288127     2.8592     0.0153  0.0986715    83.5431      1.151    23.6391     5.7165 -9.990e-29
        399      1.163    18.8864   3.288146     2.8592     0.0153  0.0986687    83.5426      1.152    23.6391     5.7162 -9.990e-29
        400      1.163    18.8865   3.288166     2.8593     0.0153  0.0986660    83.5421      1.152    23.6392     5.7161 -9.990e-29
        401      1.163    18.8867   3.288185     2.8593     0.0153  0.0986634    83.5422      1.152    23.6393     5.7158 -9.990e-29
        402      1.163    18.8868   3.288203     2.8593     0.0153  0.0986609    83.5428      1.152    23.6393     5.7155 -9.990e-29
        403      1.163    18.8869   3.288220     2.8593     0.0153  0.0986585    83.5439      1.152    23.6394     5.7152 -9.990e-29
        404      1.163    18.8870   3.288237     2.8593     0.0153  0.0986561    83.5454      1.152    23.6395     5.7149 -9.990e-29
        405      1.163    18.8870   3.288252     2.8593     0.0153  0.0986537    83.5473      1.152    23.6396     5.7146 -9.990e-29
        406      1.163    18.8871   3.288268     2.8593     0.0153  0.0986513    83.5491      1.152    23.6397     5.7143 -9.990e-29
        407      1.163    18.8872   3.288282     2.8592     0.0153  0.0986489    83.5506      1.152    23.6397     5.7137 -9.990e-29
        408      1.164    18.8872   3.288296     2.8592     0.0153  0.0986464    83.5517      1.153    23.6399     5.7134 -9.990e-29
        409      1.164    18.8872   3.288309     2.8592     0.0152  0.0986439    83.5519      1.153    23.6400     5.7132 -9.990e-29
        410      1.164    18.8873   3.288321     2.8591     0.0152  0.0986414    83.5511      1.153    23.6400     5.7126 -9.990e-29
        411      1.164    18.8873   3.288333     2.8591     0.0152  0.0986387    83.5493      1.153    23.6401     5.7123 -9.990e-29
        412      1.164    18.8873   3.288343     2.8591     0.0152  0.0986360    83.5467      1.153    23.6402     5.7120 -9.990e-29
        413      1.164    18.8873   3.288354     2.8590     0.0152  0.0986332    83.5437      1.153    23.6403     5.7115 -9.990e-29
        414      1.164    18.8873   3.288363     2.8590     0.0152  0.0986302    83.5405      1.153    23.6403     5.7112 -9.990e-29
        415      1.165    18.8873   3.288372     2.8589     0.0151  0.0986270    83.5373      1.154    23.6404     5.7106 -9.990e-29
        416      1.165    18.8873   3.288380     2.8589     0.0151  0.0986237    83.5341      1.154    23.6405     5.7103 -9.990e-29
        417      1.165    18.8873   3.288388     2.8588     0.0151  0.0986201    83.5311      1.154    23.6405     5.7098 -9.990e-29
        418      1.165    18.8873   3.288395     2.8588     0.0151  0.0986164    83.5283      1.154    23.6406     5.7095 -9.990e-29
        419      1.165    18.8873   3.288402     2.8587     0.0151  0.0986123    83.5256      1.154    23.6406     5.7089 -9.990e-29
        420      1.165    18.8873   3.288408     2.8587     0.0151  0.0986080    83.5234      1.154    23.6407     5.7086 -9.990e-29
        421      1.166    18.8872   3.288413     2.8586     0.0151  0.0986034    83.5220      1.155    23.6408     5.7081 -9.990e-29
        422      1.166    18.8872   3.288418     2.8586     0.0150  0.0985984    83.5210      1.155    23.6408     5.7078 -9.990e-29
        423      1.166    18.8872   3.288423     2.8585     0.0150  0.0985931    83.5202      1.155    23.6409     5.7072 -9.990e-29
        424      1.166    18.8871   3.288427     2.8584     0.0150  0.0985873    83.5195      1.155    23.6409     5.7067 -9.990e-29
        425      1.166    18.8871   3.288431     2.8583     0.0150  0.0985811    83.5189      1.155    23.6410     5.7062 -9.990e-29
        426      1.167    18.8871   3.288434     2.8583     0.0150  0.0985743    83.5189      1.156    23.6410     5.7059 -9.990e-29
        427      1.167    18.8870   3.288437     2.8582     0.0149  0.0985670    83.5193      1.156    23.6411     5.7053 -9.990e-29
        428      1.167    18.8870   3.288440     2.8581     0.0149  0.0985592    83.5201      1.156    23.6411     5.7048 -9.990e-29
        429      1.167    18.8870   3.288442     2.8580     0.0149  0.0985506    83.5215      1.156    23.6411     5.7043 -9.990e-29
        430      1.167    18.8869   3.288444     2.8579     0.0149  0.0985414    83.5234      1.156    23.6412     5.7038 -9.990e-29
        431      1.168    18.8869   3.288446     2.8578     0.0148  0.0985314    83.5256      1.157    23.6412     5.7032 -9.990e-29
        432      1.168    18.8869   3.288447     2.8577     0.0148  0.0985205    83.5280      1.157    23.6412     5.7027 -9.990e-29
        433      1.168    18.8868   3.288447     2.8577     0.0148  0.0985087    83.5300      1.157    23.6413     5.7024 -9.990e-29
        434      1.168    18.8868   3.288448     2.8576     0.0147  0.0984959    83.5313      1.157    23.6413     5.7019 -9.990e-29
        435      1.168    18.8868   3.288448     2.8575     0.0147  0.0984820    83.5316      1.157    23.6413     5.7013 -9.990e-29
        436      1.168    18.8868   3.288448     2.8573     0.0147  0.0984669    83.5309      1.157    23.6413     5.7006 -9.990e-29
        437      1.169    18.8867   3.288447     2.8572     0.0146  0.0984505    83.5295      1.158    23.6413     5.7001 -9.990e-29
        438      1.169    18.8867   3.288447     2.8571     0.0146  0.0984327    83.5272      1.158    23.6413     5.6995 -9.990e-29
        439      1.169    18.8867   3.288445     2.8570     0.0145  0.0984142    83.5244      1.158    23.6413     5.6990 -9.990e-29
        440      1.169    18.8867   3.288445     2.8569     0.0145  0.0983966    83.5214      1.158    23.6413     5.6984 -9.990e-29
        441      1.169    18.8867   3.288443     2.8567     0.0144  0.0983807    83.5184      1.158    23.6413     5.6976 -9.990e-29
        442      1.169    18.8867   3.288442     2.8566     0.0144  0.0983662    83.5151      1.158    23.6413     5.6970 -9.990e-29
        443      1.170    18.8866   3.288439     2.8565     0.0143  0.0983540    83.5113      1.159    23.6413     5.6965 -9.990e-29
        444      1.170    18.8866   3.288437     2.8563     0.0143  0.0983447    83.5070      1.159    23.6413     5.6957 -9.990e-29
        445      1.170    18.8866   3.288435     2.8562     0.0143  0.0983376    83.5019      1.159    23.6413     5.6952 -9.990e-29
        446      1.171    18.8866   3.288431     2.8560     0.0142  0.0983317    83.4960      1.160    23.6413     5.6944 -9.990e-29
        447      1.171    18.8866   3.288429     2.8559     0.0142  0.0983270    83.4892      1.160    23.6412     5.6939 -9.990e-29
        448      1.172    18.8866   3.288426     2.8557     0.0142  0.0983234    83.4813      1.161    23.6412     5.6931 -9.990e-29
        449      1.172    18.8866   3.288421     2.8556     0.0142  0.0983208    83.4727      1.161    23.6412     5.6926 -9.990e-29
        450      1.172    18.8865   3.288417     2.8554     0.0142  0.0983194    83.4635      1.161    23.6412     5.6918 -9.990e-29
        451      1.173    18.8865   3.288413     2.8552     0.0141  0.0983190    83.4539      1.162    23.6412     5.6911 -9.990e-29
        452      1.174    18.8865   3.288407     2.8551     0.0141  0.0983198    83.4442      1.163    23.6411     5.6906 -9.990e-29
        453      1.174    18.8865   3.288403     2.8549     0.0141  0.0983216    83.4349      1.163    23.6411     5.6899 -9.990e-29
        454      1.175    18.8865   3.288398     2.8547     0.0141  0.0983244    83.4272      1.164    23.6411     5.6891 -9.990e-29
        455      1.176    18.8864   3.288391     2.8546     0.0141  0.0983284    83.4223      1.165    23.6411     5.6887 -9.990e-29
        456      1.177    18.8864   3.288384     2.8544     0.0141  0.0983336    83.4205      1.166    23.6410     5.6880 -9.990e-29
        457      1.178    18.8864   3.288379     2.8542     0.0141  0.0983399    83.4215      1.167    23.6410     5.6873 -9.990e-29
        458      1.179    18.8864   3.288372     2.8540     0.0141  0.0983474    83.4248      1.168    23.6409     5.6866 -9.990e-29
        459      1.180    18.8864   3.288366     2.8539     0.0140  0.0983562    83.4299      1.169    23.6409     5.6862 -9.990e-29
        460      1.181    18.8864   3.288359     2.8537     0.0140  0.0983663    83.4360      1.170    23.6408     5.6855 -9.990e-29
        461      1.182    18.8863   3.288352     2.8535     0.0140  0.0983779    83.4428      1.171    23.6408     5.6848 -9.990e-29
        462      1.184    18.8863   3.288343     2.8533     0.0140  0.0983909    83.4500      1.173    23.6407     5.6842 -9.990e-29
        463      1.185    18.8863   3.288336     2.8531     0.0140  0.0984055    83.4577      1.174    23.6407     5.6835 -9.990e-29
        464      1.187    18.8862   3.288326     2.8528     0.0140  0.0984217    83.4656      1.176    23.6407     5.6826 -9.990e-29
        465      1.189    18.8862   3.288318     2.8526     0.0140  0.0984389    83.4734      1.178    23.6406     5.6820 -9.990e-29
        466      1.191    18.8861   3.288308     2.8524     0.0140  0.0984555    83.4810      1.180    23.6406     5.6813 -9.990e-29
        467      1.193    18.8861   3.288298     2.8522     0.0140  0.0984707    83.4882      1.182    23.6405     5.6807 -9.990e-29
        468      1.196    18.8860   3.288288     2.8520     0.0140  0.0984846    83.4951      1.185    23.6405     5.6801 -9.990e-29
        469      1.198    18.8860   3.288276     2.8518     0.0140  0.0984973    83.5013      1.187    23.6404     5.6794 -9.990e-29
        470      1.201    18.8859   3.288265     2.8516     0.0140  0.0985090    83.5066      1.190    23.6403     5.6787 -9.990e-29
        471      1.204    18.8858   3.288252     2.8514     0.0140  0.0985196    83.5109      1.193    23.6403     5.6781 -9.990e-29
        472      1.207    18.8856   3.288239     2.8512     0.0140  0.0985293    83.5142      1.196    23.6403     5.6774 -9.990e-29
        473      1.210    18.8855   3.288225     2.8510     0.0140  0.0985382    83.5167      1.199    23.6402     5.6768 -9.990e-29
        474      1.214    18.8853   3.288211     2.8508     0.0140  0.0985463    83.5189      1.203    23.6402     5.6761 -9.990e-29
        475      1.218    18.8852   3.288197     2.8506     0.0140  0.0985536    83.5214      1.207    23.6402     5.6754 -9.990e-29
        476      1.222    18.8850   3.288181     2.8504     0.0140  0.0985602    83.5244      1.211    23.6402     5.6747 -9.990e-29
        477      1.226    18.8847   3.288164     2.8502     0.0140  0.0985662    83.5278      1.215    23.6402     5.6741 -9.990e-29
        478      1.230    18.8845   3.288147     2.8500     0.0140  0.0985715    83.5315      1.219    23.6402     5.6734 -9.990e-29
        479      1.235    18.8842   3.288129     2.8498     0.0140  0.0985763    83.5352      1.224    23.6402     5.6726 -9.990e-29
        480      1.239    18.8839   3.288110     2.8496     0.0141  0.0985806    83.5392      1.227    23.6402     5.6719 -9.990e-29
        481      1.245    18.8836   3.288090     2.8494     0.0141  0.0985844    83.5434      1.233    23.6402     5.6712 -9.990e-29
