data/2022/wednesday_data/Station 8.cnv
* Sea-Bird SBE 9 Data File:
* FileName = C:\Users\ctd-user\Desktop\CTD data\MAR440 Sept 2022\Station 8.hex
* Software Version Seasave V 7.26.2.13
* Temperature SN = 4493
* Conductivity SN = 1899
* Number of Bytes Per Scan = 37
* Number of Voltage Words = 4
* Number of Scans Averaged by the Deck Unit = 1
* NMEA Latitude = 58 18.86 N
* NMEA Longitude = 011 46.55 E
* NMEA UTC (Time) = Sep 07 2022 11:31:30
* NMEA baud rate = 4800
** Ship: Skagerrak
** Station: 8
** Operator: Tibaud
# nquan = 12                                
# nvalues = 6532                        
# units = specified
# name 0 = scan: Scan Count
# name 1 = prDM: Pressure, Digiquartz [db]
# name 2 = t090C: Temperature [ITS-90, deg C]
# name 3 = c0S/m: Conductivity [S/m]
# name 4 = sbeox0V: Oxygen raw, SBE 43 [V]
# name 5 = flECO-AFL: Fluorescence, WET Labs ECO-AFL/FL [mg/m^3]
# name 6 = upoly0: Upoly 0, Turbidity
# name 7 = xmiss: Beam Transmission, Chelsea/Seatech [%]
# name 8 = depSM: Depth [salt water, m], lat = 58.3143
# name 9 = sal00: Salinity, Practical [PSU]
# name 10 = sbeox0ML/L: Oxygen, SBE 43 [ml/l], WS = 2
# name 11 = flag: flag
# span 0 =          1,       6532       
# span 1 =      0.396,     36.376       
# span 2 =     6.2542,    18.7280       
# span 3 =   3.125500,   3.465847       
# span 4 =     0.6174,     2.8053       
# span 5 =     0.0026,     0.0188       
# span 6 =  0.0942642,  0.1112379       
# span 7 =    83.9128,    95.9557       
# span 8 =      0.392,     36.035       
# span 9 =    23.7561,    31.3346       
# span 10 =     0.3137,     5.6037      
# span 11 = 0.0000e+00, 0.0000e+00      
# interval = seconds: 0.0416667
# start_time = Sep 07 2022 11:31:30 [NMEA time, header]
# bad_flag = -9.990e-29
*END*
[from data line 5053]
       5054     11.229    18.5676   3.353072     2.2661     0.0186  0.0980956    88.6223     11.124    24.3390     3.7232 0.0000e+00
       5055     11.250    18.5550   3.354621     2.2600     0.0187  0.0980896    88.6503     11.145    24.3588     3.7137 0.0000e+00
       5056     11.271    18.5423   3.356139     2.2539     0.0187  0.0980831    88.6794     11.166    24.3785     3.7042 0.0000e+00
       5057     11.292    18.5296   3.357624     2.2479     0.0187  0.0980760    88.7096     11.187    24.3979     3.6950 0.0000e+00
       5058     11.313    18.5170   3.359078     2.2419     0.0187  0.0980682    88.7407     11.208    24.4170     3.6858 0.0000e+00
       5059     11.334    18.5046   3.360500     2.2360     0.0188  0.0980598    88.7726     11.228    24.4358     3.6770 0.0000e+00
       5060     11.355    18.4924   3.361889     2.2302     0.0188  0.0980507    88.8052     11.249    24.4541     3.6684 0.0000e+00
       5061     11.376    18.4803   3.363247     2.2244     0.0188  0.0980408    88.8385     11.270    24.4722     3.6598 0.0000e+00
       5062     11.397    18.4684   3.364575     2.2187     0.0188  0.0980300    88.8722     11.291    24.4899     3.6515 0.0000e+00
       5063     11.418    18.4568   3.365872     2.2130     0.0188  0.0980183    88.9064     11.312    24.5072     3.6433 0.0000e+00
       5064     11.439    18.4455   3.367139     2.2074     0.0188  0.0980056    88.9412     11.332    24.5241     3.6352 0.0000e+00
       5065     11.460    18.4343   3.368374     2.2018     0.0188  0.0979917    88.9766     11.353    24.5407     3.6273 0.0000e+00
       5066     11.481    18.4233   3.369577     2.1963     0.0188  0.0979767    89.0123     11.374    24.5570     3.6195 0.0000e+00
       5067     11.503    18.4125   3.370747     2.1909     0.0188  0.0979603    89.0480     11.396    24.5728     3.6120 0.0000e+00
       5068     11.524    18.4018   3.371882     2.1855     0.0188  0.0979425    89.0838     11.417    24.5883     3.6046 0.0000e+00
       5069     11.545    18.3911   3.372984     2.1802     0.0188  0.0979232    89.1194     11.437    24.6036     3.5973 0.0000e+00
       5070     11.566    18.3805   3.374052     2.1749     0.0188  0.0979022    89.1545     11.458    24.6185     3.5901 0.0000e+00
       5071     11.587    18.3698   3.375084     2.1697     0.0188  0.0978793    89.1890     11.479    24.6332     3.5831 0.0000e+00
       5072     11.608    18.3592   3.376082     2.1646     0.0188  0.0978545    89.2224     11.500    24.6476     3.5764 0.0000e+00
       5073     11.630    18.3485   3.377042     2.1595     0.0188  0.0978275    89.2545     11.522    24.6617     3.5696 0.0000e+00
       5074     11.651    18.3377   3.377962     2.1545     0.0188  0.0977990    89.2851     11.542    24.6756     3.5631 0.0000e+00
       5075     11.672    18.3267   3.378845     2.1495     0.0188  0.0977706    89.3144     11.563    24.6893     3.5566 0.0000e+00
       5076     11.693    18.3157   3.379690     2.1447     0.0188  0.0977428    89.3422     11.584    24.7027     3.5505 0.0000e+00
       5077     11.714    18.3044   3.380497     2.1398     0.0188  0.0977162    89.3689     11.605    24.7160     3.5442 0.0000e+00
       5078     11.736    18.2928   3.381267     2.1351     0.0188  0.0976917    89.3945     11.627    24.7292     3.5383 0.0000e+00
       5079     11.757    18.2810   3.382001     2.1304     0.0188  0.0976681    89.4192     11.647    24.7422     3.5324 0.0000e+00
       5080     11.778    18.2690   3.382703     2.1257     0.0188  0.0976445    89.4429     11.668    24.7551     3.5265 0.0000e+00
       5081     11.799    18.2568   3.383371     2.1211     0.0187  0.0976206    89.4657     11.689    24.7678     3.5208 0.0000e+00
       5082     11.821    18.2445   3.384008     2.1166     0.0187  0.0975964    89.4878     11.711    24.7804     3.5152 0.0000e+00
       5083     11.842    18.2320   3.384617     2.1122     0.0187  0.0975716    89.5094     11.732    24.7928     3.5098 0.0000e+00
       5084     11.863    18.2194   3.385197     2.1078     0.0187  0.0975461    89.5314     11.752    24.8051     3.5044 0.0000e+00
       5085     11.884    18.2068   3.385753     2.1035     0.0187  0.0975196    89.5543     11.773    24.8172     3.4991 0.0000e+00
       5086     11.906    18.1943   3.386285     2.0992     0.0187  0.0974921    89.5784     11.795    24.8290     3.4937 0.0000e+00
       5087     11.927    18.1817   3.386794     2.0950     0.0186  0.0974633    89.6037     11.816    24.8408     3.4885 0.0000e+00
       5088     11.948    18.1693   3.387283     2.0909     0.0186  0.0974330    89.6300     11.837    24.8522     3.4834 0.0000e+00
       5089     11.969    18.1569   3.387752     2.0868     0.0186  0.0974010    89.6569     11.857    24.8635     3.4782 0.0000e+00
       5090     11.991    18.1446   3.388202     2.0827     0.0186  0.0973671    89.6843     11.879    24.8746     3.4729 0.0000e+00
       5091     12.012    18.1323   3.388634     2.0787     0.0185  0.0973311    89.7122     11.900    24.8855     3.4678 0.0000e+00
       5092     12.033    18.1200   3.389048     2.0748     0.0185  0.0972926    89.7404     11.921    24.8963     3.4627 0.0000e+00
       5093     12.055    18.1077   3.389446     2.0708     0.0185  0.0972515    89.7686     11.943    24.9070     3.4573 0.0000e+00
       5094     12.076    18.0953   3.389825     2.0670     0.0185  0.0972074    89.7967     11.963    24.9176     3.4523 0.0000e+00
       5095     12.097    18.0830   3.390189     2.0632     0.0184  0.0971601    89.8248     11.984    24.9280     3.4471 0.0000e+00
       5096     12.119    18.0706   3.390535     2.0594     0.0184  0.0971091    89.8530     12.006    24.9383     3.4418 0.0000e+00
       5097     12.140    18.0583   3.390865     2.0556     0.0183  0.0970543    89.8814     12.027    24.9485     3.4364 0.0000e+00
       5098     12.161    18.0459   3.391178     2.0519     0.0183  0.0969951    89.9098     12.048    24.9586     3.4310 0.0000e+00
       5099     12.183    18.0336   3.391475     2.0483     0.0182  0.0969328    89.9381     12.069    24.9684     3.4258 0.0000e+00
       5100     12.204    18.0214   3.391756     2.0446     0.0182  0.0968713    89.9663     12.090    24.9781     3.4202 0.0000e+00
       5101     12.225    18.0094   3.392022     2.0410     0.0181  0.0968136    89.9942     12.111    24.9876     3.4147 0.0000e+00
       5102     12.247    17.9975   3.392271     2.0374     0.0181  0.0967601    90.0219     12.133    24.9969     3.4091 0.0000e+00
       5103     12.268    17.9857   3.392505     2.0339     0.0180  0.0967103    90.0493     12.154    25.0060     3.4036 0.0000e+00
       5104     12.290    17.9740   3.392723     2.0303     0.0180  0.0966641    90.0766     12.175    25.0149     3.3977 0.0000e+00
       5105     12.311    17.9625   3.392927     2.0268     0.0180  0.0966210    90.1039     12.196    25.0235     3.3919 0.0000e+00
       5106     12.332    17.9510   3.393115     2.0233     0.0179  0.0965807    90.1315     12.217    25.0321     3.3859 0.0000e+00
       5107     12.354    17.9396   3.393290     2.0198     0.0179  0.0965431    90.1593     12.239    25.0405     3.3798 0.0000e+00
       5108     12.375    17.9282   3.393450     2.0163     0.0178  0.0965077    90.1872     12.260    25.0487     3.3736 0.0000e+00
       5109     12.397    17.9167   3.393597     2.0128     0.0178  0.0964744    90.2150     12.281    25.0570     3.3672 0.0000e+00
       5110     12.418    17.9052   3.393730     2.0094     0.0178  0.0964429    90.2428     12.302    25.0651     3.3610 0.0000e+00
       5111     12.440    17.8935   3.393850     2.0060     0.0177  0.0964130    90.2707     12.324    25.0732     3.3547 0.0000e+00
       5112     12.461    17.8816   3.393958     2.0025     0.0177  0.0963846    90.2989     12.345    25.0814     3.3480 0.0000e+00
       5113     12.482    17.8695   3.394053     1.9991     0.0177  0.0963573    90.3273     12.366    25.0895     3.3415 0.0000e+00
       5114     12.503    17.8570   3.394135     1.9958     0.0176  0.0963311    90.3559     12.386    25.0979     3.3351 0.0000e+00
       5115     12.525    17.8442   3.394204     1.9924     0.0176  0.0963057    90.3847     12.408    25.1063     3.3283 0.0000e+00
       5116     12.546    17.8308   3.394262     1.9890     0.0176  0.0962809    90.4139     12.429    25.1150     3.3215 0.0000e+00
       5117     12.567    17.8169   3.394306     1.9857     0.0175  0.0962567    90.4439     12.450    25.1238     3.3149 0.0000e+00
       5118     12.589    17.8024   3.394337     1.9823     0.0175  0.0962327    90.4754     12.472    25.1330     3.3079 0.0000e+00
       5119     12.610    17.7871   3.394354     1.9790     0.0174  0.0962089    90.5089     12.492    25.1425     3.3012 0.0000e+00
       5120     12.631    17.7711   3.394357     1.9756     0.0174  0.0961851    90.5446     12.513    25.1524     3.2941 0.0000e+00
       5121     12.652    17.7544   3.394348     1.9723     0.0173  0.0961611    90.5824     12.534    25.1626     3.2873 0.0000e+00
       5122     12.674    17.7369   3.394325     1.9690     0.0173  0.0961368    90.6221     12.556    25.1732     3.2804 0.0000e+00
       5123     12.695    17.7186   3.394288     1.9657     0.0172  0.0961119    90.6639     12.577    25.1841     3.2734 0.0000e+00
       5124     12.716    17.6994   3.394238     1.9624     0.0172  0.0960864    90.7080     12.597    25.1955     3.2665 0.0000e+00
       5125     12.737    17.6793   3.394174     1.9591     0.0171  0.0960608    90.7540     12.618    25.2074     3.2595 0.0000e+00
       5126     12.758    17.6583   3.394097     1.9558     0.0170  0.0960367    90.8014     12.639    25.2197     3.2525 0.0000e+00
       5127     12.779    17.6365   3.394006     1.9525     0.0170  0.0960149    90.8495     12.660    25.2325     3.2456 0.0000e+00
       5128     12.800    17.6140   3.393901     1.9492     0.0169  0.0959950    90.8978     12.681    25.2455     3.2386 0.0000e+00
       5129     12.822    17.5908   3.393783     1.9458     0.0169  0.0959770    90.9462     12.702    25.2589     3.2314 0.0000e+00
       5130     12.843    17.5671   3.393652     1.9425     0.0169  0.0959609    90.9945     12.723    25.2725     3.2244 0.0000e+00
       5131     12.864    17.5428   3.393508     1.9392     0.0168  0.0959463    91.0423     12.744    25.2864     3.2174 0.0000e+00
       5132     12.885    17.5180   3.393349     1.9359     0.0168  0.0959333    91.0896     12.765    25.3004     3.2105 0.0000e+00
       5133     12.906    17.4928   3.393179     1.9325     0.0167  0.0959218    91.1367     12.786    25.3147     3.2033 0.0000e+00
       5134     12.927    17.4671   3.392995     1.9292     0.0167  0.0959117    91.1839     12.806    25.3291     3.1963 0.0000e+00
       5135     12.948    17.4412   3.392800     1.9259     0.0167  0.0959029    91.2317     12.827    25.3437     3.1893 0.0000e+00
       5136     12.969    17.4150   3.392593     1.9225     0.0166  0.0958953    91.2803     12.848    25.3583     3.1821 0.0000e+00
       5137     12.990    17.3886   3.392373     1.9192     0.0166  0.0958890    91.3293     12.869    25.3729     3.1752 0.0000e+00
       5138     13.011    17.3622   3.392145     1.9158     0.0166  0.0958837    91.3784     12.890    25.3875     3.1680 0.0000e+00
       5139     13.032    17.3358   3.391903     1.9125     0.0165  0.0958797    91.4276     12.910    25.4020     3.1612 0.0000e+00
       5140     13.053    17.3094   3.391650     1.9091     0.0165  0.0958767    91.4765     12.931    25.4164     3.1541 0.0000e+00
       5141     13.074    17.2832   3.391386     1.9058     0.0165  0.0958747    91.5248     12.952    25.4306     3.1472 0.0000e+00
       5142     13.095    17.2572   3.391114     1.9024     0.0165  0.0958739    91.5721     12.973    25.4446     3.1402 0.0000e+00
       5143     13.116    17.2312   3.390833     1.8991     0.0164  0.0958740    91.6181     12.994    25.4586     3.1335 0.0000e+00
       5144     13.137    17.2053   3.390547     1.8957     0.0164  0.0958753    91.6627     13.015    25.4725     3.1266 0.0000e+00
       5145     13.158    17.1795   3.390258     1.8924     0.0164  0.0958776    91.7064     13.035    25.4863     3.1200 0.0000e+00
       5146     13.179    17.1536   3.389967     1.8891     0.0163  0.0958810    91.7495     13.056    25.5002     3.1134 0.0000e+00
       5147     13.200    17.1276   3.389676     1.8857     0.0163  0.0958854    91.7923     13.077    25.5141     3.1067 0.0000e+00
       5148     13.220    17.1015   3.389387     1.8824     0.0163  0.0958910    91.8350     13.097    25.5282     3.1003 0.0000e+00
       5149     13.241    17.0752   3.389102     1.8791     0.0162  0.0958978    91.8772     13.118    25.5424     3.0940 0.0000e+00
       5150     13.262    17.0487   3.388818     1.8758     0.0162  0.0959058    91.9184     13.138    25.5567     3.0877 0.0000e+00
       5151     13.282    17.0221   3.388536     1.8726     0.0162  0.0959142    91.9590     13.158    25.5712     3.0819 0.0000e+00
       5152     13.303    16.9953   3.388258     1.8693     0.0161  0.0959214    91.9993     13.179    25.5858     3.0758 0.0000e+00
       5153     13.324    16.9685   3.387981     1.8660     0.0161  0.0959266    92.0397     13.200    25.6005     3.0699 0.0000e+00
       5154     13.344    16.9416   3.387709     1.8627     0.0161  0.0959298    92.0804     13.220    25.6152     3.0640 0.0000e+00
       5155     13.365    16.9146   3.387440     1.8595     0.0160  0.0959310    92.1212     13.240    25.6301     3.0584 0.0000e+00
       5156     13.385    16.8876   3.387173     1.8563     0.0160  0.0959303    92.1620     13.260    25.6450     3.0530 0.0000e+00
       5157     13.406    16.8607   3.386907     1.8530     0.0160  0.0959277    92.2026     13.281    25.6599     3.0474 0.0000e+00
       5158     13.426    16.8337   3.386636     1.8498     0.0160  0.0959230    92.2427     13.301    25.6748     3.0422 0.0000e+00
       5159     13.447    16.8067   3.386359     1.8466     0.0159  0.0959164    92.2822     13.322    25.6897     3.0370 0.0000e+00
       5160     13.467    16.7798   3.386075     1.8435     0.0159  0.0959077    92.3208     13.341    25.7045     3.0322 0.0000e+00
       5161     13.488    16.7531   3.385784     1.8403     0.0159  0.0958969    92.3587     13.362    25.7191     3.0273 0.0000e+00
       5162     13.508    16.7266   3.385484     1.8372     0.0159  0.0958839    92.3962     13.382    25.7335     3.0227 0.0000e+00
       5163     13.529    16.7004   3.385176     1.8341     0.0159  0.0958687    92.4334     13.403    25.7476     3.0182 0.0000e+00
       5164     13.549    16.6744   3.384862     1.8310     0.0158  0.0958510    92.4707     13.423    25.7616     3.0138 0.0000e+00
       5165     13.570    16.6487   3.384540     1.8280     0.0158  0.0958309    92.5076     13.443    25.7754     3.0097 0.0000e+00
       5166     13.590    16.6232   3.384212     1.8250     0.0158  0.0958081    92.5434     13.463    25.7890     3.0057 0.0000e+00
       5167     13.611    16.5981   3.383878     1.8220     0.0158  0.0957825    92.5773     13.484    25.8023     3.0019 0.0000e+00
       5168     13.631    16.5734   3.383538     1.8190     0.0158  0.0957539    92.6089     13.504    25.8153     2.9981 0.0000e+00
       5169     13.652    16.5490   3.383192     1.8161     0.0158  0.0957221    92.6378     13.525    25.8280     2.9946 0.0000e+00
       5170     13.672    16.5250   3.382838     1.8132     0.0158  0.0956869    92.6638     13.545    25.8405     2.9912 0.0000e+00
       5171     13.693    16.5014   3.382476     1.8103     0.0158  0.0956481    92.6870     13.565    25.8526     2.9879 0.0000e+00
       5172     13.713    16.4780   3.382107     1.8075     0.0158  0.0956054    92.7069     13.585    25.8646     2.9849 0.0000e+00
