data/2022/wednesday_data/Station 6.cnv
* Sea-Bird SBE 9 Data File:
* FileName = C:\Users\ctd-user\Desktop\CTD data\MAR440 Sept 2022\Station 6.hex
* Software Version Seasave V 7.26.2.13
* Temperature SN = 4493
* Conductivity SN = 1899
* Number of Bytes Per Scan = 37
* Number of Voltage Words = 4
* Number of Scans Averaged by the Deck Unit = 1
* NMEA Latitude = 58 19.42 N
* NMEA Longitude = 011 50.12 E
* NMEA UTC (Time) = Sep 07 2022 10:30:22
* NMEA baud rate = 4800
** Ship:
** Station:
** Operator:
# nquan = 12                                
# nvalues = 3123                        
# units = specified
# name 0 = scan: Scan Count
# name 1 = prDM: Pressure, Digiquartz [db]
# name 2 = t090C: Temperature [ITS-90, deg C]
# name 3 = c0S/m: Conductivity [S/m]
# name 4 = sbeox0V: Oxygen raw, SBE 43 [V]
# name 5 = flECO-AFL: Fluorescence, WET Labs ECO-AFL/FL [mg/m^3]
# name 6 = upoly0: Upoly 0, Turbidity
# name 7 = xmiss: Beam Transmission, Chelsea/Seatech [%]
# name 8 = depSM: Depth [salt water, m], lat = 58.3237
# name 9 = sal00: Salinity, Practical [PSU]
# name 10 = sbeox0ML/L: Oxygen, SBE 43 [ml/l], WS = 2
# name 11 = flag: flag
# span 0 =          1,       3123       
# span 1 =      1.130,     13.977       
# span 2 =    15.5672,    18.6784       
# span 3 =   3.267641,   3.376623       
# span 4 =     1.1521,     2.8031       
# span 5 =     0.0106,     0.0203       
# span 6 =  0.0964281,  0.0996034       
# span 7 =    86.3472,    93.5412       
# span 8 =      1.119,     13.847       
# span 9 =    23.6684,    25.9997       
# span 10 =     1.6174,     5.6092      
# span 11 = 0.0000e+00, 0.0000e+00      
# interval = seconds: 0.0416667
# start_time = Sep 07 2022 10:30:22 [NMEA time, header]
# bad_flag = -9.990e-29
*END*
[from data line 1324]
       1325     13.045    17.6898   3.363862     1.9222     0.0155  0.0970276    91.7487     12.923    24.9520     3.4435 0.0000e+00
       1326     13.049    17.6896   3.363837     1.9216     0.0155  0.0970411    91.7583     12.927    24.9519     3.4411 0.0000e+00
       1327     13.053    17.6876   3.363806     1.9210     0.0155  0.0970535    91.7677     12.931    24.9529     3.4390 0.0000e+00
       1328     13.058    17.6839   3.363768     1.9203     0.0156  0.0970649    91.7764     12.936    24.9549     3.4368 0.0000e+00
       1329     13.062    17.6784   3.363722     1.9197     0.0156  0.0970755    91.7844     12.940    24.9578     3.4349 0.0000e+00
       1330     13.066    17.6713   3.363671     1.9191     0.0156  0.0970854    91.7916     12.944    24.9618     3.4332 0.0000e+00
       1331     13.070    17.6627   3.363614     1.9184     0.0156  0.0970945    91.7978     12.948    24.9665     3.4314 0.0000e+00
       1332     13.075    17.6527   3.363552     1.9178     0.0156  0.0971029    91.8028     12.953    24.9721     3.4300 0.0000e+00
       1333     13.079    17.6413   3.363483     1.9171     0.0157  0.0971108    91.8066     12.957    24.9786     3.4285 0.0000e+00
       1334     13.084    17.6285   3.363409     1.9165     0.0157  0.0971181    91.8090     12.962    24.9858     3.4272 0.0000e+00
       1335     13.088    17.6145   3.363330     1.9158     0.0157  0.0971250    91.8100     12.966    24.9937     3.4259 0.0000e+00
       1336     13.092    17.5993   3.363246     1.9152     0.0157  0.0971314    91.8098     12.970    25.0023     3.4248 0.0000e+00
       1337     13.096    17.5834   3.363159     1.9145     0.0157  0.0971374    91.8089     12.974    25.0114     3.4236 0.0000e+00
       1338     13.101    17.5671   3.363071     1.9139     0.0156  0.0971431    91.8087     12.979    25.0206     3.4226 0.0000e+00
       1339     13.105    17.5507   3.362983     1.9132     0.0156  0.0971484    91.8099     12.983    25.0300     3.4214 0.0000e+00
       1340     13.110    17.5348   3.362897     1.9126     0.0156  0.0971535    91.8127     12.988    25.0390     3.4205 0.0000e+00
       1341     13.114    17.5199   3.362815     1.9119     0.0156  0.0971583    91.8173     12.992    25.0475     3.4192 0.0000e+00
       1342     13.119    17.5062   3.362740     1.9113     0.0156  0.0971630    91.8232     12.997    25.0553     3.4181 0.0000e+00
       1343     13.123    17.4941   3.362669     1.9106     0.0155  0.0971674    91.8299     13.001    25.0622     3.4167 0.0000e+00
       1344     13.128    17.4837   3.362606     1.9100     0.0155  0.0971717    91.8365     13.006    25.0680     3.4155 0.0000e+00
       1345     13.132    17.4750   3.362549     1.9094     0.0154  0.0971759    91.8425     13.010    25.0729     3.4141 0.0000e+00
       1346     13.137    17.4678   3.362500     1.9087     0.0154  0.0971800    91.8481     13.014    25.0770     3.4124 0.0000e+00
       1347     13.141    17.4619   3.362456     1.9081     0.0153  0.0971841    91.8533     13.018    25.0802     3.4109 0.0000e+00
       1348     13.146    17.4572   3.362418     1.9074     0.0153  0.0971881    91.8582     13.023    25.0828     3.4091 0.0000e+00
       1349     13.151    17.4537   3.362387     1.9068     0.0152  0.0971922    91.8625     13.028    25.0847     3.4075 0.0000e+00
       1350     13.156    17.4515   3.362362     1.9061     0.0152  0.0971962    91.8662     13.033    25.0859     3.4056 0.0000e+00
       1351     13.160    17.4505   3.362345     1.9054     0.0151  0.0972003    91.8693     13.037    25.0863     3.4035 0.0000e+00
       1352     13.165    17.4501   3.362333     1.9048     0.0151  0.0972045    91.8719     13.042    25.0865     3.4018 0.0000e+00
       1353     13.170    17.4496   3.362325     1.9041     0.0150  0.0972089    91.8740     13.047    25.0867     3.3997 0.0000e+00
       1354     13.174    17.4486   3.362319     1.9034     0.0150  0.0972133    91.8755     13.051    25.0873     3.3978 0.0000e+00
       1355     13.179    17.4471   3.362319     1.9028     0.0150  0.0972180    91.8769     13.056    25.0882     3.3961 0.0000e+00
       1356     13.184    17.4454   3.362324     1.9021     0.0149  0.0972228    91.8788     13.061    25.0893     3.3942 0.0000e+00
       1357     13.189    17.4440   3.362337     1.9014     0.0149  0.0972279    91.8817     13.066    25.0903     3.3923 0.0000e+00
       1358     13.193    17.4432   3.362359     1.9007     0.0148  0.0972333    91.8857     13.070    25.0909     3.3903 0.0000e+00
       1359     13.198    17.4430   3.362390     1.9000     0.0148  0.0972390    91.8907     13.075    25.0913     3.3884 0.0000e+00
       1360     13.203    17.4434   3.362429     1.8992     0.0147  0.0972450    91.8965     13.080    25.0914     3.3862 0.0000e+00
       1361     13.208    17.4443   3.362475     1.8985     0.0147  0.0972514    91.9026     13.085    25.0912     3.3843 0.0000e+00
       1362     13.213    17.4456   3.362529     1.8977     0.0147  0.0972583    91.9084     13.090    25.0909     3.3821 0.0000e+00
       1363     13.218    17.4473   3.362590     1.8970     0.0146  0.0972657    91.9137     13.095    25.0903     3.3802 0.0000e+00
       1364     13.223    17.4491   3.362656     1.8962     0.0146  0.0972736    91.9188     13.100    25.0897     3.3781 0.0000e+00
       1365     13.228    17.4512   3.362728     1.8955     0.0145  0.0972821    91.9236     13.105    25.0890     3.3763 0.0000e+00
       1366     13.233    17.4535   3.362806     1.8947     0.0145  0.0972912    91.9282     13.110    25.0883     3.3742 0.0000e+00
       1367     13.238    17.4561   3.362889     1.8939     0.0144  0.0973011    91.9324     13.115    25.0874     3.3722 0.0000e+00
       1368     13.243    17.4587   3.362978     1.8932     0.0144  0.0973118    91.9363     13.120    25.0865     3.3705 0.0000e+00
       1369     13.248    17.4613   3.363072     1.8924     0.0143  0.0973233    91.9399     13.124    25.0857     3.3687 0.0000e+00
       1370     13.253    17.4639   3.363170     1.8916     0.0142  0.0973358    91.9429     13.129    25.0849     3.3668 0.0000e+00
       1371     13.258    17.4664   3.363272     1.8908     0.0142  0.0973493    91.9450     13.134    25.0842     3.3651 0.0000e+00
       1372     13.263    17.4689   3.363379     1.8901     0.0141  0.0973639    91.9462     13.139    25.0835     3.3637 0.0000e+00
       1373     13.268    17.4716   3.363489     1.8893     0.0140  0.0973789    91.9467     13.144    25.0827     3.3620 0.0000e+00
       1374     13.273    17.4746   3.363606     1.8886     0.0139  0.0973926    91.9467     13.149    25.0819     3.3607 0.0000e+00
       1375     13.278    17.4777   3.363726     1.8878     0.0139  0.0974044    91.9458     13.154    25.0809     3.3592 0.0000e+00
       1376     13.283    17.4807   3.363852     1.8871     0.0138  0.0974143    91.9442     13.159    25.0801     3.3580 0.0000e+00
       1377     13.288    17.4836   3.363978     1.8864     0.0137  0.0974224    91.9421     13.164    25.0794     3.3569 0.0000e+00
       1378     13.293    17.4862   3.364106     1.8857     0.0137  0.0974287    91.9396     13.169    25.0788     3.3558 0.0000e+00
       1379     13.298    17.4887   3.364233     1.8850     0.0136  0.0974333    91.9367     13.174    25.0783     3.3548 0.0000e+00
       1380     13.304    17.4908   3.364357     1.8843     0.0136  0.0974362    91.9332     13.180    25.0781     3.3540 0.0000e+00
       1381     13.309    17.4927   3.364478     1.8837     0.0136  0.0974374    91.9292     13.185    25.0779     3.3534 0.0000e+00
       1382     13.314    17.4943   3.364597     1.8830     0.0135  0.0974370    91.9247     13.190    25.0779     3.3527 0.0000e+00
       1383     13.320    17.4953   3.364710     1.8824     0.0135  0.0974349    91.9199     13.196    25.0782     3.3523 0.0000e+00
       1384     13.325    17.4959   3.364818     1.8817     0.0134  0.0974311    91.9149     13.201    25.0787     3.3517 0.0000e+00
       1385     13.330    17.4961   3.364922     1.8811     0.0134  0.0974256    91.9101     13.206    25.0794     3.3515 0.0000e+00
       1386     13.336    17.4958   3.365022     1.8805     0.0134  0.0974184    91.9058     13.212    25.0805     3.3513 0.0000e+00
       1387     13.341    17.4948   3.365116     1.8799     0.0133  0.0974094    91.9021     13.217    25.0818     3.3512 0.0000e+00
       1388     13.347    17.4931   3.365202     1.8794     0.0133  0.0973985    91.8986     13.223    25.0836     3.3515 0.0000e+00
       1389     13.352    17.4908   3.365282     1.8788     0.0133  0.0973856    91.8956     13.227    25.0857     3.3515 0.0000e+00
       1390     13.358    17.4879   3.365356     1.8783     0.0133  0.0973708    91.8929     13.233    25.0881     3.3519 0.0000e+00
       1391     13.363    17.4845   3.365423     1.8778     0.0132  0.0973538    91.8904     13.238    25.0907     3.3524 0.0000e+00
       1392     13.369    17.4804   3.365482     1.8773     0.0132  0.0973346    91.8878     13.244    25.0937     3.3529 0.0000e+00
       1393     13.374    17.4758   3.365534     1.8769     0.0132  0.0973130    91.8850     13.249    25.0970     3.3538 0.0000e+00
       1394     13.380    17.4705   3.365579     1.8764     0.0132  0.0972889    91.8823     13.255    25.1006     3.3544 0.0000e+00
       1395     13.385    17.4647   3.365615     1.8760     0.0132  0.0972621    91.8801     13.260    25.1045     3.3554 0.0000e+00
       1396     13.391    17.4583   3.365646     1.8756     0.0131  0.0972324    91.8781     13.266    25.1087     3.3564 0.0000e+00
       1397     13.396    17.4515   3.365669     1.8751     0.0131  0.0971996    91.8760     13.271    25.1131     3.3573 0.0000e+00
       1398     13.401    17.4444   3.365685     1.8748     0.0131  0.0971652    91.8736     13.276    25.1176     3.3587 0.0000e+00
       1399     13.406    17.4371   3.365696     1.8744     0.0131  0.0971324    91.8709     13.281    25.1222     3.3598 0.0000e+00
       1400     13.411    17.4298   3.365702     1.8740     0.0130  0.0971025    91.8679     13.286    25.1267     3.3610 0.0000e+00
       1401     13.416    17.4224   3.365702     1.8737     0.0130  0.0970755    91.8646     13.291    25.1313     3.3625 0.0000e+00
       1402     13.421    17.4149   3.365697     1.8734     0.0130  0.0970510    91.8616     13.296    25.1359     3.3640 0.0000e+00
       1403     13.426    17.4072   3.365685     1.8731     0.0130  0.0970291    91.8589     13.301    25.1406     3.3655 0.0000e+00
       1404     13.431    17.3996   3.365670     1.8728     0.0130  0.0970094    91.8571     13.306    25.1451     3.3671 0.0000e+00
       1405     13.435    17.3923   3.365650     1.8725     0.0130  0.0969918    91.8566     13.310    25.1495     3.3686 0.0000e+00
       1406     13.440    17.3854   3.365627     1.8723     0.0129  0.0969763    91.8573     13.315    25.1536     3.3705 0.0000e+00
       1407     13.444    17.3788   3.365601     1.8720     0.0129  0.0969627    91.8589     13.319    25.1574     3.3720 0.0000e+00
       1408     13.449    17.3725   3.365571     1.8718     0.0129  0.0969510    91.8611     13.324    25.1611     3.3738 0.0000e+00
       1409     13.453    17.3666   3.365539     1.8716     0.0129  0.0969410    91.8636     13.328    25.1645     3.3756 0.0000e+00
       1410     13.457    17.3613   3.365506     1.8715     0.0129  0.0969326    91.8662     13.332    25.1675     3.3777 0.0000e+00
       1411     13.462    17.3567   3.365473     1.8713     0.0129  0.0969259    91.8684     13.336    25.1700     3.3794 0.0000e+00
       1412     13.466    17.3529   3.365442     1.8712     0.0129  0.0969208    91.8706     13.340    25.1721     3.3814 0.0000e+00
       1413     13.470    17.3500   3.365412     1.8711     0.0129  0.0969172    91.8729     13.344    25.1737     3.3833 0.0000e+00
       1414     13.474    17.3482   3.365384     1.8710     0.0129  0.0969151    91.8757     13.348    25.1746     3.3851 0.0000e+00
       1415     13.478    17.3474   3.365359     1.8709     0.0129  0.0969145    91.8784     13.352    25.1749     3.3869 0.0000e+00
       1416     13.481    17.3476   3.365336     1.8709     0.0129  0.0969155    91.8807     13.355    25.1745     3.3889 0.0000e+00
       1417     13.485    17.3483   3.365314     1.8709     0.0129  0.0969179    91.8822     13.359    25.1739     3.3908 0.0000e+00
       1418     13.489    17.3493   3.365294     1.8709     0.0129  0.0969218    91.8829     13.363    25.1731     3.3928 0.0000e+00
       1419     13.492    17.3505   3.365274     1.8709     0.0129  0.0969273    91.8825     13.366    25.1722     3.3947 0.0000e+00
       1420     13.496    17.3518   3.365255     1.8710     0.0130  0.0969344    91.8813     13.370    25.1713     3.3968 0.0000e+00
       1421     13.499    17.3529   3.365237     1.8711     0.0130  0.0969431    91.8794     13.373    25.1704     3.3989 0.0000e+00
       1422     13.503    17.3539   3.365218     1.8712     0.0130  0.0969535    91.8769     13.377    25.1697     3.4010 0.0000e+00
       1423     13.506    17.3545   3.365201     1.8713     0.0130  0.0969656    91.8735     13.380    25.1691     3.4032 0.0000e+00
       1424     13.509    17.3548   3.365184     1.8714     0.0130  0.0969788    91.8693     13.383    25.1688     3.4053 0.0000e+00
       1425     13.512    17.3549   3.365171     1.8716     0.0130  0.0969913    91.8645     13.386    25.1686     3.4076 0.0000e+00
       1426     13.516    17.3546   3.365160     1.8718     0.0130  0.0970025    91.8595     13.390    25.1687     3.4099 0.0000e+00
       1427     13.519    17.3541   3.365152     1.8720     0.0131  0.0970124    91.8551     13.393    25.1690     3.4122 0.0000e+00
       1428     13.522    17.3534   3.365144     1.8723     0.0131  0.0970211    91.8513     13.396    25.1693     3.4147 0.0000e+00
       1429     13.525    17.3527   3.365139     1.8725     0.0131  0.0970286    91.8480     13.399    25.1697     3.4169 -9.990e-29
       1430     13.527    17.3521   3.365135     1.8728     0.0131  0.0970350    91.8451     13.401    25.1701     3.4193 -9.990e-29
       1431     13.530    17.3517   3.365132     1.8731     0.0131  0.0970404    91.8427     13.404    25.1703     3.4216 0.0000e+00
       1432     13.533    17.3515   3.365129     1.8734     0.0131  0.0970447    91.8409     13.407    25.1704     3.4238 0.0000e+00
       1433     13.536    17.3517   3.365129     1.8737     0.0131  0.0970480    91.8404     13.410    25.1703     3.4260 -9.990e-29
       1434     13.538    17.3522   3.365127     1.8741     0.0131  0.0970503    91.8412     13.412    25.1699     3.4283 -9.990e-29
       1435     13.541    17.3530   3.365126     1.8744     0.0131  0.0970517    91.8431     13.415    25.1694     3.4302 -9.990e-29
       1436     13.543    17.3541   3.365126     1.8748     0.0132  0.0970522    91.8452     13.417    25.1688     3.4323 -9.990e-29
       1437     13.546    17.3555   3.365126     1.8752     0.0132  0.0970517    91.8469     13.420    25.1679     3.4343 -9.990e-29
       1438     13.548    17.3571   3.365124     1.8755     0.0132  0.0970502    91.8481     13.422    25.1669     3.4359 -9.990e-29
       1439     13.550    17.3590   3.365124     1.8759     0.0132  0.0970478    91.8490     13.424    25.1657     3.4377 -9.990e-29
       1440     13.552    17.3610   3.365123     1.8763     0.0132  0.0970444    91.8499     13.426    25.1645     3.4393 -9.990e-29
       1441     13.555    17.3631   3.365123     1.8768     0.0132  0.0970400    91.8510     13.429    25.1632     3.4411 -9.990e-29
       1442     13.557    17.3652   3.365123     1.8772     0.0132  0.0970346    91.8522     13.431    25.1619     3.4425 -9.990e-29
       1443     13.559    17.3673   3.365123     1.8776     0.0132  0.0970281    91.8534     13.433    25.1606     3.4437 -9.990e-29
