data/2022/wednesday_data/Station 7.cnv
* Sea-Bird SBE 9 Data File:
* FileName = C:\Users\ctd-user\Desktop\CTD data\MAR440 Sept 2022\Station 7.hex
* Software Version Seasave V 7.26.2.13
* Temperature SN = 4493
* Conductivity SN = 1899
* Number of Bytes Per Scan = 37
* Number of Voltage Words = 4
* Number of Scans Averaged by the Deck Unit = 1
* NMEA Latitude = 58 19.09 N
* NMEA Longitude = 011 48.37 E
* NMEA UTC (Time) = Sep 07 2022 10:55:24
* NMEA baud rate = 4800
** Ship:
** Station:
** Operator:
# nquan = 12                                
# nvalues = 2867                        
# units = specified
# name 0 = scan: Scan Count
# name 1 = prDM: Pressure, Digiquartz [db]
# name 2 = t090C: Temperature [ITS-90, deg C]
# name 3 = c0S/m: Conductivity [S/m]
# name 4 = sbeox0V: Oxygen raw, SBE 43 [V]
# name 5 = flECO-AFL: Fluorescence, WET Labs ECO-AFL/FL [mg/m^3]
# name 6 = upoly0: Upoly 0, Turbidity
# name 7 = xmiss: Beam Transmission, Chelsea/Seatech [%]
# name 8 = depSM: Depth [salt water, m], lat = 58.3182
# name 9 = sal00: Salinity, Practical [PSU]
# name 10 = sbeox0ML/L: Oxygen, SBE 43 [ml/l], WS = 2
# name 11 = flag: flag
# span 0 =          1,       2867       
# span 1 =      1.937,     27.103       
# span 2 =     7.0706,    18.9636       
# span 3 =   3.179829,   3.504708       
# span 4 =     0.8470,     2.8172       
# span 5 =     0.0027,     0.0330       
# span 6 =  0.0948448,  1.9878034       
# span 7 =    11.2778,    94.4486       
# span 8 =      1.919,     26.849       
# span 9 =    23.7994,    32.8638       
# span 10 =     1.0051,     5.6033      
# span 11 = 0.0000e+00, 0.0000e+00      
# interval = seconds: 0.0416667
# start_time = Sep 07 2022 10:55:24 [NMEA time, header]
# bad_flag = -9.990e-29
*END*
[from data line 1324]
       1325     27.097     9.3845   3.238287     0.9674     0.0117  0.7479894    91.7812     26.843    29.7195     1.2427 -9.990e-29
       1326     27.098     9.3801   3.239961     0.9669     0.0121  0.7798255    91.8156     26.844    29.7401     1.2380 -9.990e-29
       1327     27.098     9.3705   3.241538     0.9664     0.0125  0.8136719    91.8492     26.844    29.7641     1.2335 -9.990e-29
       1328     27.099     9.3565   3.243006     0.9659     0.0130  0.8497642    91.8820     26.845    29.7907     1.2290 -9.990e-29
       1329     27.100     9.3390   3.244357     0.9653     0.0134  0.8883533    91.9138     26.846    29.8190     1.2244 -9.990e-29
       1330     27.100     9.3188   3.245585     0.9647     0.0140  0.9297077    91.9445     26.846    29.8484     1.2198 -9.990e-29
       1331     27.101     9.2964   3.246682     0.9641     0.0145  0.9741151    91.9744     26.847    29.8782     1.2153 -9.990e-29
       1332     27.102     9.2719   3.247643     0.9635     0.0151  1.0218845    92.0034     26.848    29.9085     1.2109 -9.990e-29
       1333     27.102     9.2451   3.248465     0.9628     0.0158  1.0733481    92.0314     26.848    29.9393     1.2065 -9.990e-29
       1334     27.102     9.2161   3.249142     0.9620     0.0165  1.1288639    92.0576     26.848    29.9706     1.2018 -9.990e-29
       1335     27.102     9.1849   3.249677     0.9613     0.0172  1.1887553    92.0817     26.848    30.0022     1.1976 -9.990e-29
       1336     27.103     9.1516   3.250070     0.9605     0.0180  1.2516901    92.1030     26.849    30.0343     1.1933 -9.990e-29
       1337     27.103     9.1162   3.250324     0.9598     0.0188  1.3138029    92.1214     26.849    30.0667     1.1895 -9.990e-29
       1338     27.103     9.0782   3.250446     0.9590     0.0195  1.3718608    92.1368     26.849    30.1000     1.1856 -9.990e-29
       1339     27.103     9.0375   3.250445     0.9582     0.0202  1.4251652    92.1493     26.849    30.1344     1.1819 -9.990e-29
       1340     27.103     8.9943   3.250333     0.9573     0.0208  1.4740553    92.1591     26.849    30.1698     1.1781 -9.990e-29
       1341     27.103     8.9491   3.250121     0.9565     0.0214  1.5189139    92.1665     26.849    30.2060     1.1749 -9.990e-29
       1342     27.103     8.9018   3.249819     0.9556     0.0219  1.5600690    92.1717     26.849    30.2431     1.1715 -9.990e-29
       1343     27.103     8.8522   3.249430     0.9548     0.0224  1.5978053    92.1752     26.849    30.2814     1.1687 -9.990e-29
       1344     27.103     8.8008   3.248960     0.9539     0.0228  1.6323896    92.1767     26.849    30.3204     1.1659 -9.990e-29
       1345     27.103     8.7490   3.248415     0.9530     0.0232  1.6640658    92.1758     26.849    30.3591     1.1632 -9.990e-29
       1346     27.103     8.6982   3.247802     0.9521     0.0236  1.6930543    92.1723     26.849    30.3963     1.1608 -9.990e-29
       1347     27.103     8.6491   3.247122     0.9513     0.0240  1.7195551    92.1666     26.849    30.4314     1.1588 -9.990e-29
       1348     27.103     8.6019   3.246375     0.9504     0.0243  1.7437515    92.1595     26.849    30.4643     1.1568 -9.990e-29
       1349     27.103     8.5568   3.245561     0.9495     0.0246  1.7658121    92.1525     26.849    30.4947     1.1549 -9.990e-29
       1350     27.103     8.5139   3.244680     0.9486     0.0249  1.7858911    92.1467     26.849    30.5226     1.1533 -9.990e-29
       1351     27.103     8.4733   3.243740     0.9478     0.0252  1.8041290    92.1429     26.849    30.5480     1.1521 -9.990e-29
       1352     27.103     8.4345   3.242746     0.9469     0.0254  1.8206518    92.1410     26.849    30.5712     1.1508 -9.990e-29
       1353     27.103     8.3974   3.241702     0.9461     0.0256  1.8355745    92.1400     26.849    30.5925     1.1500 -9.990e-29
       1354     27.103     8.3615   3.240610     0.9452     0.0259  1.8490026    92.1387     26.849    30.6122     1.1491 -9.990e-29
       1355     27.102     8.3263   3.239470     0.9444     0.0261  1.8610295    92.1357     26.848    30.6309     1.1487 -9.990e-29
       1356     27.102     8.2913   3.238287     0.9436     0.0263  1.8717372    92.1299     26.848    30.6490     1.1485 -9.990e-29
       1357     27.102     8.2565   3.237073     0.9428     0.0265  1.8812001    92.1211     26.848    30.6666     1.1485 -9.990e-29
       1358     27.102     8.2216   3.235844     0.9420     0.0266  1.8894850    92.1094     26.848    30.6842     1.1487 -9.990e-29
       1359     27.102     8.1866   3.234614     0.9413     0.0268  1.8966486    92.0955     26.848    30.7018     1.1493 -9.990e-29
       1360     27.102     8.1521   3.233397     0.9405     0.0270  1.9027400    92.0795     26.848    30.7192     1.1498 -9.990e-29
       1361     27.102     8.1182   3.232194     0.9398     0.0271  1.9078022    92.0618     26.848    30.7363     1.1506 -9.990e-29
       1362     27.102     8.0844   3.231006     0.9391     0.0273  1.9118715    92.0429     26.848    30.7534     1.1517 -9.990e-29
       1363     27.102     8.0502   3.229831     0.9384     0.0274  1.9149761    92.0237     26.848    30.7710     1.1528 -9.990e-29
       1364     27.101     8.0157   3.228674     0.9377     0.0276  1.9171384    92.0046     26.847    30.7891     1.1542 -9.990e-29
       1365     27.101     7.9810   3.227540     0.9371     0.0277  1.9183743    91.9862     26.847    30.8077     1.1558 -9.990e-29
       1366     27.101     7.9466   3.226430     0.9364     0.0278  1.9186917    91.9681     26.847    30.8262     1.1573 -9.990e-29
       1367     27.101     7.9133   3.225347     0.9358     0.0279  1.9180918    91.9503     26.847    30.8441     1.1592 -9.990e-29
       1368     27.100     7.8821   3.224294     0.9352     0.0279  1.9165705    91.9326     26.846    30.8605     1.1610 -9.990e-29
       1369     27.100     7.8545   3.223273     0.9346     0.0280  1.9141172    91.9151     26.846    30.8741     1.1629 -9.990e-29
       1370     27.100     7.8309   3.222282     0.9340     0.0280  1.9107148    91.8977     26.846    30.8844     1.1648 -9.990e-29
       1371     27.100     7.8117   3.221321     0.9335     0.0281  1.9063397    91.8802     26.846    30.8912     1.1670 -9.990e-29
       1372     27.099     7.7971   3.220390     0.9330     0.0281  1.9009614    91.8616     26.845    30.8943     1.1691 -9.990e-29
       1373     27.099     7.7870   3.219486     0.9325     0.0281  1.8945417    91.8408     26.845    30.8936     1.1712 -9.990e-29
       1374     27.099     7.7813   3.218609     0.9320     0.0282  1.8870350    91.8170     26.845    30.8893     1.1731 -9.990e-29
       1375     27.098     7.7798   3.217759     0.9315     0.0282  1.8783900    91.7896     26.844    30.8816     1.1750 -9.990e-29
       1376     27.098     7.7824   3.216942     0.9311     0.0282  1.8685474    91.7585     26.844    30.8706     1.1772 -9.990e-29
       1377     27.098     7.7891   3.216168     0.9307     0.0281  1.8574387    91.7242     26.844    30.8565     1.1792 -9.990e-29
       1378     27.098     7.7993   3.215439     0.9303     0.0281  1.8449867    91.6866     26.844    30.8397     1.1812 -9.990e-29
       1379     27.097     7.8119   3.214768     0.9299     0.0281  1.8311046    91.6462     26.843    30.8215     1.1830 -9.990e-29
       1380     27.097     7.8262   3.214163     0.9295     0.0280  1.8156961    91.6031     26.843    30.8024     1.1848 -9.990e-29
       1381     27.097     7.8427   3.213636     0.9292     0.0280  1.7986529    91.5583     26.843    30.7823     1.1869 -9.990e-29
       1382     27.096     7.8627   3.213195     0.9289     0.0279  1.7798566    91.5138     26.842    30.7600     1.1888 -9.990e-29
       1383     27.096     7.8868   3.212843     0.9286     0.0278  1.7591773    91.4728     26.842    30.7350     1.1905 -9.990e-29
       1384     27.095     7.9144   3.212578     0.9283     0.0277  1.7364701    91.4389     26.841    30.7080     1.1921 -9.990e-29
       1385     27.095     7.9435   3.212395     0.9280     0.0276  1.7115773    91.4145     26.841    30.6805     1.1936 -9.990e-29
       1386     27.095     7.9723   3.212288     0.9277     0.0275  1.6843442    91.4001     26.841    30.6541     1.1951 -9.990e-29
       1387     27.095     7.9997   3.212253     0.9275     0.0274  1.6553442    91.3948     26.841    30.6298     1.1968 -9.990e-29
       1388     27.094     8.0255   3.212287     0.9273     0.0273  1.6264210    91.3970     26.840    30.6076     1.1984 -9.990e-29
       1389     27.094     8.0500   3.212384     0.9271     0.0271  1.5993531    91.4053     26.840    30.5872     1.2000 -9.990e-29
       1390     27.094     8.0733   3.212536     0.9269     0.0270  1.5747084    91.4188     26.840    30.5685     1.2016 -9.990e-29
       1391     27.094     8.0957   3.212735     0.9267     0.0270  1.5523382    91.4367     26.840    30.5510     1.2031 -9.990e-29
       1392     27.093     8.1174   3.212973     0.9265     0.0269  1.5320063    91.4586     26.839    30.5346     1.2045 -9.990e-29
       1393     27.093     8.1386   3.213247     0.9264     0.0268  1.5135407    91.4840     26.839    30.5191     1.2062 -9.990e-29
       1394     27.093     8.1592   3.213563     0.9263     0.0268  1.4968112    91.5124     26.839    30.5045     1.2077 -9.990e-29
       1395     27.092     8.1793   3.213919     0.9262     0.0267  1.4817048    91.5432     26.838    30.4908     1.2092 -9.990e-29
       1396     27.092     8.1986   3.214313     0.9261     0.0267  1.4681189    91.5756     26.838    30.4782     1.2107 -9.990e-29
       1397     27.092     8.2172   3.214738     0.9260     0.0267  1.4559591    91.6085     26.838    30.4665     1.2120 -9.990e-29
       1398     27.091     8.2355   3.215186     0.9259     0.0267  1.4451400    91.6412     26.837    30.4553     1.2133 -9.990e-29
       1399     27.091     8.2536   3.215648     0.9258     0.0267  1.4355862    91.6734     26.837    30.4445     1.2146 -9.990e-29
       1400     27.091     8.2719   3.216121     0.9258     0.0267  1.4272313    91.7050     26.837    30.4336     1.2160 -9.990e-29
       1401     27.090     8.2901   3.216600     0.9257     0.0267  1.4200173    91.7357     26.836    30.4229     1.2171 -9.990e-29
       1402     27.090     8.3077   3.217086     0.9257     0.0267  1.4138938    91.7655     26.836    30.4128     1.2184 -9.990e-29
       1403     27.089     8.3246   3.217575     0.9256     0.0268  1.4088183    91.7944     26.836    30.4033     1.2194 -9.990e-29
       1404     27.089     8.3406   3.218068     0.9256     0.0268  1.4047546    91.8219     26.836    30.3946     1.2206 -9.990e-29
       1405     27.089     8.3554   3.218562     0.9256     0.0269  1.4016737    91.8478     26.836    30.3870     1.2218 -9.990e-29
       1406     27.088     8.3688   3.219053     0.9256     0.0269  1.3995540    91.8718     26.835    30.3806     1.2230 -9.990e-29
       1407     27.088     8.3808   3.219540     0.9255     0.0270  1.3983809    91.8937     26.835    30.3753     1.2239 -9.990e-29
       1408     27.087     8.3915   3.220024     0.9255     0.0271  1.3981471    91.9132     26.834    30.3711     1.2250 -9.990e-29
       1409     27.087     8.4009   3.220505     0.9256     0.0272  1.3988525    91.9299     26.834    30.3681     1.2264 -9.990e-29
       1410     27.087     8.4090   3.220979     0.9256     0.0274  1.4005021    91.9434     26.834    30.3660     1.2275 -9.990e-29
       1411     27.086     8.4158   3.221445     0.9256     0.0275  1.4031058    91.9538     26.833    30.3650     1.2285 -9.990e-29
       1412     27.086     8.4214   3.221900     0.9256     0.0277  1.4066433    91.9608     26.833    30.3650     1.2296 -9.990e-29
       1413     27.085     8.4262   3.222345     0.9256     0.0278  1.4109363    91.9643     26.832    30.3655     1.2307 -9.990e-29
       1414     27.085     8.4301   3.222778     0.9257     0.0280  1.4156707    91.9646     26.832    30.3666     1.2320 -9.990e-29
       1415     27.084     8.4335   3.223202     0.9257     0.0281  1.4206483    91.9622     26.831    30.3681     1.2330 -9.990e-29
       1416     27.084     8.4365   3.223616     0.9257     0.0283  1.4258545    91.9580     26.831    30.3699     1.2341 -9.990e-29
       1417     27.084     8.4397   3.224022     0.9258     0.0284  1.4313365    91.9534     26.831    30.3713     1.2353 -9.990e-29
       1418     27.083     8.4434   3.224421     0.9258     0.0286  1.4371419    91.9490     26.830    30.3723     1.2363 -9.990e-29
       1419     27.083     8.4479   3.224812     0.9259     0.0287  1.4433128    91.9444     26.830    30.3725     1.2376 -9.990e-29
       1420     27.083     8.4526   3.225195     0.9260     0.0288  1.4498920    91.9391     26.830    30.3725     1.2388 -9.990e-29
       1421     27.082     8.4571   3.225565     0.9260     0.0289  1.4569253    91.9321     26.829    30.3724     1.2397 -9.990e-29
       1422     27.082     8.4615   3.225923     0.9261     0.0291  1.4644616    91.9228     26.829    30.3724     1.2410 -9.990e-29
       1423     27.082     8.4661   3.226271     0.9262     0.0292  1.4725535    91.9106     26.829    30.3721     1.2422 -9.990e-29
       1424     27.082     8.4715   3.226611     0.9262     0.0293  1.4812571    91.8956     26.829    30.3709     1.2431 -9.990e-29
       1425     27.082     8.4775   3.226940     0.9263     0.0294  1.4906330    91.8779     26.829    30.3692     1.2443 -9.990e-29
       1426     27.081     8.4840   3.227260     0.9264     0.0296  1.5007465    91.8583     26.828    30.3670     1.2455 -9.990e-29
       1427     27.081     8.4908   3.227569     0.9265     0.0297  1.5116679    91.8370     26.828    30.3643     1.2468 -9.990e-29
       1428     27.081     8.4978   3.227867     0.9266     0.0298  1.5234731    91.8142     26.828    30.3614     1.2479 -9.990e-29
       1429     27.081     8.5050   3.228159     0.9268     0.0300  1.5362444    91.7898     26.828    30.3583     1.2494 -9.990e-29
       1430     27.080     8.5123   3.228445     0.9269     0.0301  1.5500704    91.7635     26.827    30.3550     1.2506 -9.990e-29
       1431     27.080     8.5198   3.228730     0.9270     0.0303  1.5650475    91.7345     26.827    30.3515     1.2519 -9.990e-29
       1432     27.080     8.5274   3.229013     0.9271     0.0304  1.5812798    91.7020     26.827    30.3479     1.2531 -9.990e-29
       1433     27.080     8.5348   3.229296     0.9272     0.0306  1.5988802    91.6650     26.827    30.3445     1.2543 -9.990e-29
       1434     27.080     8.5420   3.229581     0.9274     0.0308  1.6179712    91.6238     26.827    30.3413     1.2558 -9.990e-29
       1435     27.080     8.5489   3.229870     0.9275     0.0310  1.6386856    91.5794     26.827    30.3383     1.2571 -9.990e-29
       1436     27.080     8.5554   3.230169     0.9277     0.0312  1.6611674    91.5331     26.827    30.3359     1.2586 -9.990e-29
       1437     27.080     8.5613   3.230477     0.9279     0.0314  1.6855732    91.4858     26.827    30.3340     1.2602 -9.990e-29
       1438     27.080     8.5664   3.230794     0.9280     0.0316  1.7115247    91.4375     26.827    30.3329     1.2615 -9.990e-29
       1439     27.080     8.5706   3.231115     0.9282     0.0319  1.7375623    91.3879     26.827    30.3326     1.2632 -9.990e-29
       1440     27.080     8.5742   3.231438     0.9284     0.0321  1.7621429    91.3369     26.827    30.3329     1.2648 -9.990e-29
       1441     27.080     8.5772   3.231765     0.9286     0.0323  1.7847181    91.2849     26.827    30.3337     1.2665 -9.990e-29
       1442     27.080     8.5801   3.232097     0.9288     0.0324  1.8053813    91.2320     26.827    30.3347     1.2682 -9.990e-29
       1443     27.080     8.5830   3.232435     0.9290     0.0326  1.8243202    91.1784     26.827    30.3357     1.2699 -9.990e-29
