data/2022/wednesday_data/Station 1.cnv
* Sea-Bird SBE 9 Data File:
* FileName = C:\Users\ctd-user\Desktop\CTD data\MAR440 Sept 2022\Station 1.hex
* Software Version Seasave V 7.26.2.13
* Temperature SN = 4493
* Conductivity SN = 1899
* Number of Bytes Per Scan = 37
* Number of Voltage Words = 4
* Number of Scans Averaged by the Deck Unit = 1
* NMEA Latitude = 58 20.54 N
* NMEA Longitude = 011 54.17 E
* NMEA UTC (Time) = Sep 07 2022 13:43:25
* NMEA baud rate = 4800
** Ship: Skagerrak
** Station: 1
** Operator: Ida
# nquan = 12                                
# nvalues = 1799                        
# units = specified
# name 0 = scan: Scan Count
# name 1 = prDM: Pressure, Digiquartz [db]
# name 2 = t090C: Temperature [ITS-90, deg C]
# name 3 = c0S/m: Conductivity [S/m]
# name 4 = sbeox0V: Oxygen raw, SBE 43 [V]
# name 5 = flECO-AFL: Fluorescence, WET Labs ECO-AFL/FL [mg/m^3]
# name 6 = upoly0: Upoly 0, Turbidity
# name 7 = xmiss: Beam Transmission, Chelsea/Seatech [%]
# name 8 = depSM: Depth [salt water, m], lat = 58.3423
# name 9 = sal00: Salinity, Practical [PSU]
# name 10 = sbeox0ML/L: Oxygen, SBE 43 [ml/l], WS = 2
# name 11 = flag: flag
# span 0 =          1,       1799       
# span 1 =      1.142,     16.123       
# span 2 =     9.1013,    18.6522       
# span 3 =   3.112603,   3.351017       
# span 4 =     1.0173,     2.7086       
# span 5 =     0.0044,     0.0322       
# span 6 =  0.0957822,  0.1014350       
# span 7 =    81.6705,    93.6494       
# span 8 =      1.131,     15.973       
# span 9 =    23.6935,    28.6775       
# span 10 =     1.2235,     5.4015      
# span 11 = 0.0000e+00, 0.0000e+00      
# interval = seconds: 0.0416667
# start_time = Sep 07 2022 13:43:25 [NMEA time, header]
# bad_flag = -9.990e-29
*END*
[from data line 121]
        122      1.144    18.6432   3.281209     2.6866     0.0307  0.0991581    83.3471      1.133    23.7225     5.3119 -9.990e-29
        123      1.144    18.6432   3.281216     2.6865     0.0306  0.0991610    83.3386      1.133    23.7226     5.3119 -9.990e-29
        124      1.144    18.6431   3.281224     2.6864     0.0306  0.0991648    83.3291      1.133    23.7227     5.3119 -9.990e-29
        125      1.144    18.6431   3.281232     2.6864     0.0306  0.0991705    83.3188      1.133    23.7228     5.3121 -9.990e-29
        126      1.144    18.6430   3.281238     2.6863     0.0306  0.0991773    83.3082      1.133    23.7229     5.3121 -9.990e-29
        127      1.144    18.6430   3.281246     2.6863     0.0306  0.0991843    83.2981      1.133    23.7229     5.3123 -9.990e-29
        128      1.144    18.6429   3.281254     2.6862     0.0306  0.0991916    83.2893      1.133    23.7230     5.3124 -9.990e-29
        129      1.144    18.6429   3.281263     2.6862     0.0305  0.0991992    83.2824      1.133    23.7231     5.3126 -9.990e-29
        130      1.144    18.6429   3.281270     2.6862     0.0305  0.0992073    83.2774      1.133    23.7232     5.3129 -9.990e-29
        131      1.144    18.6428   3.281279     2.6861     0.0305  0.0992158    83.2739      1.133    23.7233     5.3129 -9.990e-29
        132      1.144    18.6428   3.281289     2.6861     0.0305  0.0992248    83.2714      1.133    23.7234     5.3132 -9.990e-29
        133      1.145    18.6428   3.281298     2.6860     0.0304  0.0992352    83.2694      1.134    23.7235     5.3133 -9.990e-29
        134      1.145    18.6427   3.281307     2.6860     0.0304  0.0992489    83.2677      1.134    23.7236     5.3135 -9.990e-29
        135      1.145    18.6427   3.281318     2.6860     0.0304  0.0992658    83.2665      1.134    23.7237     5.3138 -9.990e-29
        136      1.146    18.6427   3.281328     2.6859     0.0303  0.0992845    83.2658      1.135    23.7238     5.3138 -9.990e-29
        137      1.146    18.6427   3.281339     2.6859     0.0303  0.0993041    83.2656      1.135    23.7238     5.3140 -9.990e-29
        138      1.146    18.6427   3.281350     2.6859     0.0303  0.0993241    83.2663      1.135    23.7239     5.3143 -9.990e-29
        139      1.146    18.6428   3.281363     2.6858     0.0302  0.0993427    83.2681      1.135    23.7240     5.3143 -9.990e-29
        140      1.146    18.6428   3.281374     2.6858     0.0302  0.0993594    83.2711      1.135    23.7241     5.3145 -9.990e-29
        141      1.146    18.6428   3.281386     2.6858     0.0302  0.0993741    83.2754      1.135    23.7242     5.3147 -9.990e-29
        142      1.147    18.6428   3.281398     2.6858     0.0301  0.0993871    83.2805      1.136    23.7243     5.3149 -9.990e-29
        143      1.147    18.6428   3.281410     2.6858     0.0301  0.0993984    83.2857      1.136    23.7244     5.3151 -9.990e-29
        144      1.147    18.6428   3.281422     2.6857     0.0301  0.0994081    83.2904      1.136    23.7244     5.3151 -9.990e-29
        145      1.148    18.6429   3.281435     2.6857     0.0301  0.0994163    83.2943      1.137    23.7245     5.3153 -9.990e-29
        146      1.148    18.6429   3.281446     2.6857     0.0300  0.0994229    83.2973      1.137    23.7246     5.3154 -9.990e-29
        147      1.148    18.6430   3.281458     2.6857     0.0300  0.0994281    83.2996      1.137    23.7246     5.3156 -9.990e-29
        148      1.148    18.6430   3.281468     2.6857     0.0300  0.0994320    83.3012      1.137    23.7247     5.3157 -9.990e-29
        149      1.148    18.6431   3.281479     2.6857     0.0300  0.0994344    83.3018      1.137    23.7247     5.3158 -9.990e-29
        150      1.148    18.6432   3.281488     2.6857     0.0300  0.0994355    83.3012      1.137    23.7247     5.3159 -9.990e-29
        151      1.149    18.6434   3.281499     2.6857     0.0299  0.0994352    83.2992      1.138    23.7247     5.3161 -9.990e-29
        152      1.149    18.6436   3.281509     2.6857     0.0299  0.0994336    83.2955      1.138    23.7247     5.3162 -9.990e-29
        153      1.149    18.6438   3.281518     2.6857     0.0299  0.0994306    83.2900      1.138    23.7246     5.3162 -9.990e-29
        154      1.149    18.6440   3.281526     2.6858     0.0299  0.0994262    83.2834      1.138    23.7246     5.3166 -9.990e-29
        155      1.149    18.6442   3.281535     2.6858     0.0299  0.0994204    83.2766      1.138    23.7245     5.3167 -9.990e-29
        156      1.150    18.6445   3.281543     2.6858     0.0299  0.0994131    83.2707      1.139    23.7244     5.3168 -9.990e-29
        157      1.150    18.6447   3.281551     2.6858     0.0299  0.0994044    83.2659      1.139    23.7244     5.3169 -9.990e-29
        158      1.150    18.6450   3.281558     2.6858     0.0298  0.0993940    83.2624      1.139    23.7243     5.3169 -9.990e-29
        159      1.150    18.6453   3.281564     2.6858     0.0298  0.0993820    83.2599      1.139    23.7242     5.3170 -9.990e-29
        160      1.151    18.6456   3.281570     2.6858     0.0298  0.0993683    83.2584      1.140    23.7240     5.3171 -9.990e-29
        161      1.151    18.6459   3.281576     2.6858     0.0298  0.0993528    83.2577      1.140    23.7239     5.3171 -9.990e-29
        162      1.151    18.6463   3.281582     2.6858     0.0298  0.0993362    83.2574      1.140    23.7237     5.3171 -9.990e-29
        163      1.151    18.6466   3.281586     2.6858     0.0298  0.0993201    83.2574      1.140    23.7236     5.3172 -9.990e-29
        164      1.151    18.6469   3.281590     2.6858     0.0298  0.0993052    83.2576      1.140    23.7234     5.3172 -9.990e-29
        165      1.152    18.6472   3.281593     2.6859     0.0298  0.0992915    83.2581      1.141    23.7233     5.3175 -9.990e-29
        166      1.152    18.6475   3.281595     2.6859     0.0298  0.0992788    83.2591      1.141    23.7231     5.3175 -9.990e-29
        167      1.152    18.6478   3.281597     2.6859     0.0298  0.0992671    83.2603      1.141    23.7230     5.3175 -9.990e-29
        168      1.152    18.6480   3.281597     2.6859     0.0298  0.0992563    83.2616      1.141    23.7229     5.3176 -9.990e-29
        169      1.153    18.6481   3.281595     2.6859     0.0298  0.0992462    83.2629      1.142    23.7228     5.3176 -9.990e-29
        170      1.153    18.6483   3.281593     2.6859     0.0298  0.0992369    83.2642      1.142    23.7227     5.3176 -9.990e-29
        171      1.153    18.6484   3.281591     2.6859     0.0298  0.0992282    83.2657      1.142    23.7226     5.3175 -9.990e-29
        172      1.153    18.6486   3.281587     2.6859     0.0298  0.0992202    83.2675      1.142    23.7224     5.3175 -9.990e-29
        173      1.154    18.6488   3.281584     2.6859     0.0298  0.0992127    83.2695      1.143    23.7223     5.3175 -9.990e-29
        174      1.154    18.6489   3.281580     2.6860     0.0298  0.0992056    83.2720      1.143    23.7222     5.3177 -9.990e-29
        175      1.154    18.6491   3.281577     2.6860     0.0298  0.0991991    83.2748      1.143    23.7221     5.3177 -9.990e-29
        176      1.154    18.6492   3.281572     2.6860     0.0298  0.0991929    83.2778      1.143    23.7220     5.3177 -9.990e-29
        177      1.154    18.6493   3.281568     2.6860     0.0298  0.0991871    83.2807      1.143    23.7219     5.3176 -9.990e-29
        178      1.155    18.6495   3.281564     2.6860     0.0298  0.0991816    83.2833      1.144    23.7217     5.3176 -9.990e-29
        179      1.155    18.6495   3.281560     2.6861     0.0298  0.0991764    83.2856      1.144    23.7217     5.3178 -9.990e-29
        180      1.155    18.6496   3.281556     2.6861     0.0298  0.0991714    83.2874      1.144    23.7216     5.3177 -9.990e-29
        181      1.155    18.6496   3.281551     2.6861     0.0299  0.0991666    83.2887      1.144    23.7216     5.3177 -9.990e-29
        182      1.155    18.6496   3.281547     2.6861     0.0299  0.0991620    83.2897      1.144    23.7216     5.3176 -9.990e-29
        183      1.156    18.6496   3.281542     2.6861     0.0299  0.0991576    83.2905      1.145    23.7215     5.3175 -9.990e-29
        184      1.156    18.6495   3.281539     2.6861     0.0299  0.0991532    83.2909      1.145    23.7215     5.3175 -9.990e-29
        185      1.156    18.6494   3.281534     2.6861     0.0299  0.0991489    83.2908      1.145    23.7216     5.3174 -9.990e-29
        186      1.156    18.6494   3.281530     2.6862     0.0300  0.0991447    83.2902      1.145    23.7215     5.3175 -9.990e-29
        187      1.157    18.6493   3.281527     2.6862     0.0300  0.0991405    83.2902      1.146    23.7216     5.3174 -9.990e-29
        188      1.157    18.6492   3.281523     2.6862     0.0300  0.0991372    83.2918      1.146    23.7216     5.3172 -9.990e-29
        189      1.157    18.6492   3.281519     2.6862     0.0301  0.0991355    83.2956      1.146    23.7216     5.3171 -9.990e-29
        190      1.157    18.6492   3.281517     2.6862     0.0301  0.0991346    83.3013      1.146    23.7215     5.3170 -9.990e-29
        191      1.157    18.6492   3.281513     2.6862     0.0301  0.0991337    83.3081      1.146    23.7215     5.3168 -9.990e-29
        192      1.157    18.6491   3.281510     2.6862     0.0302  0.0991327    83.3155      1.146    23.7215     5.3167 -9.990e-29
        193      1.157    18.6491   3.281508     2.6862     0.0302  0.0991317    83.3229      1.146    23.7215     5.3165 -9.990e-29
        194      1.158    18.6491   3.281506     2.6862     0.0302  0.0991306    83.3302      1.147    23.7215     5.3163 -9.990e-29
        195      1.158    18.6490   3.281502     2.6862     0.0302  0.0991303    83.3370      1.147    23.7215     5.3161 -9.990e-29
        196      1.158    18.6489   3.281501     2.6862     0.0303  0.0991315    83.3430      1.147    23.7216     5.3159 -9.990e-29
        197      1.158    18.6488   3.281498     2.6862     0.0303  0.0991336    83.3480      1.147    23.7216     5.3157 -9.990e-29
        198      1.158    18.6487   3.281495     2.6862     0.0303  0.0991356    83.3516      1.147    23.7217     5.3155 -9.990e-29
        199      1.158    18.6486   3.281494     2.6862     0.0303  0.0991376    83.3536      1.147    23.7217     5.3154 -9.990e-29
        200      1.158    18.6485   3.281491     2.6862     0.0303  0.0991395    83.3539      1.147    23.7217     5.3152 -9.990e-29
        201      1.159    18.6484   3.281490     2.6862     0.0303  0.0991414    83.3526      1.148    23.7218     5.3150 -9.990e-29
        202      1.159    18.6483   3.281488     2.6861     0.0303  0.0991434    83.3503      1.148    23.7218     5.3145 -9.990e-29
        203      1.159    18.6482   3.281487     2.6861     0.0303  0.0991453    83.3473      1.148    23.7219     5.3143 -9.990e-29
        204      1.159    18.6481   3.281485     2.6861     0.0303  0.0991472    83.3441      1.148    23.7219     5.3141 -9.990e-29
        205      1.159    18.6480   3.281484     2.6860     0.0303  0.0991492    83.3412      1.148    23.7220     5.3137 -9.990e-29
        206      1.159    18.6479   3.281483     2.6860     0.0303  0.0991513    83.3385      1.148    23.7220     5.3135 -9.990e-29
        207      1.159    18.6478   3.281483     2.6859     0.0303  0.0991534    83.3359      1.148    23.7221     5.3131 -9.990e-29
        208      1.159    18.6478   3.281483     2.6859     0.0302  0.0991556    83.3332      1.148    23.7221     5.3129 -9.990e-29
        209      1.160    18.6477   3.281482     2.6858     0.0302  0.0991579    83.3305      1.149    23.7221     5.3125 -9.990e-29
        210      1.160    18.6477   3.281483     2.6858     0.0302  0.0991603    83.3281      1.149    23.7221     5.3124 -9.990e-29
        211      1.160    18.6476   3.281483     2.6857     0.0302  0.0991629    83.3260      1.149    23.7222     5.3120 -9.990e-29
        212      1.160    18.6475   3.281484     2.6857     0.0302  0.0991656    83.3242      1.149    23.7222     5.3119 -9.990e-29
        213      1.160    18.6474   3.281484     2.6856     0.0301  0.0991684    83.3227      1.149    23.7223     5.3115 -9.990e-29
        214      1.160    18.6473   3.281485     2.6856     0.0301  0.0991715    83.3216      1.149    23.7224     5.3114 -9.990e-29
        215      1.160    18.6472   3.281486     2.6855     0.0301  0.0991747    83.3208      1.149    23.7224     5.3111 -9.990e-29
        216      1.160    18.6470   3.281488     2.6854     0.0300  0.0991782    83.3198      1.149    23.7226     5.3108 -9.990e-29
        217      1.160    18.6469   3.281489     2.6854     0.0300  0.0991819    83.3187      1.149    23.7226     5.3107 -9.990e-29
        218      1.161    18.6468   3.281492     2.6853     0.0300  0.0991859    83.3178      1.150    23.7227     5.3104 -9.990e-29
        219      1.161    18.6466   3.281494     2.6852     0.0300  0.0991903    83.3174      1.150    23.7228     5.3102 -9.990e-29
        220      1.161    18.6465   3.281497     2.6852     0.0299  0.0991949    83.3178      1.150    23.7229     5.3101 -9.990e-29
        221      1.161    18.6463   3.281499     2.6851     0.0299  0.0992000    83.3187      1.150    23.7231     5.3099 -9.990e-29
        222      1.161    18.6462   3.281503     2.6850     0.0299  0.0992054    83.3196      1.150    23.7231     5.3096 -9.990e-29
        223      1.161    18.6460   3.281506     2.6850     0.0299  0.0992113    83.3202      1.150    23.7233     5.3096 -9.990e-29
        224      1.161    18.6459   3.281511     2.6849     0.0299  0.0992177    83.3205      1.150    23.7234     5.3094 -9.990e-29
        225      1.161    18.6457   3.281515     2.6848     0.0299  0.0992246    83.3207      1.150    23.7235     5.3092 -9.990e-29
        226      1.160    18.6456   3.281519     2.6848     0.0299  0.0992320    83.3211      1.149    23.7236     5.3093 -9.990e-29
        227      1.160    18.6454   3.281523     2.6847     0.0299  0.0992401    83.3218      1.149    23.7238     5.3091 -9.990e-29
        228      1.160    18.6453   3.281529     2.6847     0.0299  0.0992489    83.3229      1.149    23.7239     5.3091 -9.990e-29
        229      1.160    18.6452   3.281534     2.6846     0.0299  0.0992585    83.3245      1.149    23.7240     5.3090 -9.990e-29
        230      1.160    18.6451   3.281540     2.6845     0.0299  0.0992688    83.3265      1.149    23.7241     5.3088 -9.990e-29
        231      1.161    18.6450   3.281546     2.6845     0.0299  0.0992801    83.3285      1.150    23.7242     5.3089 -9.990e-29
        232      1.161    18.6449   3.281552     2.6845     0.0299  0.0992923    83.3304      1.150    23.7243     5.3090 -9.990e-29
        233      1.161    18.6448   3.281559     2.6844     0.0300  0.0993055    83.3321      1.150    23.7244     5.3088 -9.990e-29
        234      1.161    18.6448   3.281566     2.6844     0.0300  0.0993199    83.3334      1.150    23.7244     5.3089 -9.990e-29
        235      1.161    18.6447   3.281572     2.6843     0.0300  0.0993355    83.3341      1.150    23.7246     5.3088 -9.990e-29
        236      1.161    18.6447   3.281580     2.6843     0.0300  0.0993525    83.3343      1.150    23.7246     5.3089 -9.990e-29
        237      1.160    18.6446   3.281588     2.6843     0.0301  0.0993709    83.3339      1.149    23.7247     5.3091 -9.990e-29
        238      1.160    18.6445   3.281595     2.6842     0.0301  0.0993910    83.3325      1.149    23.7249     5.3090 -9.990e-29
        239      1.160    18.6444   3.281603     2.6842     0.0301  0.0994128    83.3302      1.149    23.7250     5.3091 -9.990e-29
        240      1.160    18.6442   3.281609     2.6842     0.0302  0.0994356    83.3271      1.149    23.7251     5.3093 -9.990e-29
