data/2022/wednesday_data/Station 6.cnv
* Sea-Bird SBE 9 Data File:
* FileName = C:\Users\ctd-user\Desktop\CTD data\MAR440 Sept 2022\Station 6.hex
* Software Version Seasave V 7.26.2.13
* Temperature SN = 4493
* Conductivity SN = 1899
* Number of Bytes Per Scan = 37
* Number of Voltage Words = 4
* Number of Scans Averaged by the Deck Unit = 1
* NMEA Latitude = 58 19.42 N
* NMEA Longitude = 011 50.12 E
* NMEA UTC (Time) = Sep 07 2022 10:30:22
* NMEA baud rate = 4800
** Ship:
** Station:
** Operator:
# nquan = 12                                
# nvalues = 3123                        
# units = specified
# name 0 = scan: Scan Count
# name 1 = prDM: Pressure, Digiquartz [db]
# name 2 = t090C: Temperature [ITS-90, deg C]
# name 3 = c0S/m: Conductivity [S/m]
# name 4 = sbeox0V: Oxygen raw, SBE 43 [V]
# name 5 = flECO-AFL: Fluorescence, WET Labs ECO-AFL/FL [mg/m^3]
# name 6 = upoly0: Upoly 0, Turbidity
# name 7 = xmiss: Beam Transmission, Chelsea/Seatech [%]
# name 8 = depSM: Depth [salt water, m], lat = 58.3237
# name 9 = sal00: Salinity, Practical [PSU]
# name 10 = sbeox0ML/L: Oxygen, SBE 43 [ml/l], WS = 2
# name 11 = flag: flag
# span 0 =          1,       3123       
# span 1 =      1.130,     13.977       
# span 2 =    15.5672,    18.6784       
# span 3 =   3.267641,   3.376623       
# span 4 =     1.1521,     2.8031       
# span 5 =     0.0106,     0.0203       
# span 6 =  0.0964281,  0.0996034       
# span 7 =    86.3472,    93.5412       
# span 8 =      1.119,     13.847       
# span 9 =    23.6684,    25.9997       
# span 10 =     1.6174,     5.6092      
# span 11 = 0.0000e+00, 0.0000e+00      
# interval = seconds: 0.0416667
# start_time = Sep 07 2022 10:30:22 [NMEA time, header]
# bad_flag = -9.990e-29
*END*
[from data line 722]
        723      5.530    18.4378   3.268001     2.7361     0.0202  0.0976953    86.7893      5.479    23.7334     5.2566 0.0000e+00
        724      5.552    18.4381   3.268079     2.7337     0.0202  0.0976944    86.7983      5.500    23.7338     5.2464 0.0000e+00
        725      5.574    18.4386   3.268167     2.7313     0.0201  0.0976936    86.8072      5.522    23.7342     5.2362 0.0000e+00
        726      5.596    18.4392   3.268263     2.7289     0.0201  0.0976929    86.8167      5.544    23.7347     5.2261 0.0000e+00
        727      5.618    18.4399   3.268370     2.7264     0.0201  0.0976924    86.8270      5.566    23.7351     5.2159 0.0000e+00
        728      5.641    18.4408   3.268488     2.7239     0.0201  0.0976919    86.8377      5.588    23.7355     5.2058 0.0000e+00
        729      5.663    18.4417   3.268615     2.7213     0.0200  0.0976916    86.8486      5.610    23.7360     5.1957 0.0000e+00
        730      5.685    18.4429   3.268754     2.7187     0.0200  0.0976914    86.8597      5.632    23.7364     5.1856 0.0000e+00
        731      5.707    18.4442   3.268904     2.7161     0.0200  0.0976912    86.8711      5.654    23.7369     5.1757 0.0000e+00
        732      5.729    18.4456   3.269065     2.7134     0.0199  0.0976912    86.8831      5.676    23.7374     5.1657 0.0000e+00
        733      5.751    18.4472   3.269239     2.7107     0.0199  0.0976913    86.8956      5.697    23.7378     5.1558 0.0000e+00
        734      5.774    18.4490   3.269424     2.7080     0.0198  0.0976923    86.9085      5.720    23.7383     5.1460 0.0000e+00
        735      5.796    18.4509   3.269622     2.7053     0.0198  0.0976952    86.9218      5.742    23.7388     5.1364 0.0000e+00
        736      5.817    18.4531   3.269835     2.7025     0.0197  0.0976990    86.9353      5.763    23.7392     5.1267 0.0000e+00
        737      5.839    18.4555   3.270060     2.6997     0.0197  0.0977030    86.9489      5.785    23.7396     5.1171 0.0000e+00
        738      5.861    18.4581   3.270299     2.6968     0.0197  0.0977071    86.9622      5.806    23.7401     5.1074 0.0000e+00
        739      5.883    18.4610   3.270554     2.6940     0.0196  0.0977115    86.9751      5.828    23.7404     5.0981 0.0000e+00
        740      5.905    18.4642   3.270824     2.6911     0.0196  0.0977161    86.9875      5.850    23.7408     5.0887 0.0000e+00
        741      5.927    18.4676   3.271108     2.6882     0.0196  0.0977210    86.9992      5.872    23.7411     5.0794 0.0000e+00
        742      5.949    18.4714   3.271408     2.6852     0.0195  0.0977262    87.0102      5.894    23.7413     5.0700 0.0000e+00
        743      5.971    18.4755   3.271725     2.6822     0.0195  0.0977318    87.0207      5.915    23.7415     5.0607 0.0000e+00
        744      5.993    18.4800   3.272059     2.6792     0.0195  0.0977377    87.0308      5.937    23.7416     5.0516 0.0000e+00
        745      6.015    18.4849   3.272410     2.6762     0.0194  0.0977441    87.0405      5.959    23.7416     5.0426 0.0000e+00
        746      6.038    18.4901   3.272780     2.6732     0.0194  0.0977509    87.0499      5.982    23.7415     5.0337 0.0000e+00
        747      6.060    18.4958   3.273168     2.6702     0.0194  0.0977583    87.0595      6.004    23.7414     5.0249 0.0000e+00
        748      6.082    18.5018   3.273576     2.6671     0.0194  0.0977662    87.0696      6.025    23.7412     5.0161 0.0000e+00
        749      6.104    18.5082   3.274003     2.6641     0.0193  0.0977747    87.0805      6.047    23.7409     5.0076 0.0000e+00
        750      6.126    18.5147   3.274451     2.6610     0.0193  0.0977840    87.0922      6.069    23.7408     4.9990 0.0000e+00
        751      6.148    18.5214   3.274919     2.6579     0.0193  0.0977940    87.1047      6.091    23.7407     4.9905 0.0000e+00
        752      6.170    18.5281   3.275408     2.6549     0.0193  0.0978048    87.1180      6.113    23.7407     4.9824 0.0000e+00
        753      6.191    18.5347   3.275917     2.6518     0.0192  0.0978165    87.1321      6.133    23.7410     4.9742 0.0000e+00
        754      6.214    18.5411   3.276449     2.6487     0.0192  0.0978291    87.1466      6.156    23.7416     4.9662 0.0000e+00
        755      6.235    18.5474   3.277003     2.6456     0.0192  0.0978429    87.1610      6.177    23.7424     4.9584 0.0000e+00
        756      6.257    18.5534   3.277579     2.6426     0.0192  0.0978578    87.1753      6.199    23.7436     4.9509 0.0000e+00
        757      6.279    18.5592   3.278180     2.6395     0.0191  0.0978739    87.1898      6.221    23.7451     4.9434 0.0000e+00
        758      6.301    18.5648   3.278803     2.6364     0.0191  0.0978914    87.2049      6.242    23.7468     4.9359 0.0000e+00
        759      6.323    18.5701   3.279451     2.6334     0.0191  0.0979105    87.2208      6.264    23.7490     4.9289 0.0000e+00
        760      6.345    18.5751   3.280120     2.6304     0.0191  0.0979302    87.2373      6.286    23.7515     4.9219 0.0000e+00
        761      6.367    18.5798   3.280809     2.6273     0.0190  0.0979493    87.2537      6.308    23.7543     4.9149 0.0000e+00
        762      6.389    18.5843   3.281512     2.6243     0.0190  0.0979668    87.2696      6.330    23.7573     4.9082 0.0000e+00
        763      6.410    18.5885   3.282225     2.6214     0.0190  0.0979829    87.2852      6.350    23.7606     4.9018 0.0000e+00
        764      6.432    18.5926   3.282944     2.6184     0.0190  0.0979978    87.3006      6.372    23.7640     4.8953 0.0000e+00
        765      6.454    18.5964   3.283664     2.6155     0.0189  0.0980115    87.3159      6.394    23.7676     4.8890 0.0000e+00
        766      6.476    18.6000   3.284381     2.6126     0.0189  0.0980242    87.3308      6.416    23.7712     4.8828 0.0000e+00
        767      6.498    18.6034   3.285094     2.6097     0.0189  0.0980358    87.3450      6.438    23.7750     4.8767 0.0000e+00
        768      6.520    18.6067   3.285802     2.6069     0.0189  0.0980466    87.3584      6.459    23.7787     4.8707 0.0000e+00
        769      6.542    18.6098   3.286500     2.6040     0.0189  0.0980565    87.3709      6.481    23.7825     4.8646 0.0000e+00
        770      6.564    18.6128   3.287190     2.6013     0.0189  0.0980657    87.3832      6.503    23.7863     4.8588 0.0000e+00
        771      6.586    18.6156   3.287867     2.5985     0.0189  0.0980742    87.3955      6.525    23.7901     4.8529 0.0000e+00
        772      6.607    18.6183   3.288533     2.5958     0.0189  0.0980821    87.4086      6.545    23.7939     4.8471 0.0000e+00
        773      6.629    18.6209   3.289188     2.5931     0.0189  0.0980894    87.4226      6.567    23.7976     4.8412 0.0000e+00
        774      6.651    18.6234   3.289832     2.5904     0.0189  0.0980962    87.4375      6.589    23.8013     4.8352 0.0000e+00
        775      6.673    18.6258   3.290465     2.5877     0.0189  0.0981025    87.4532      6.611    23.8050     4.8291 0.0000e+00
        776      6.695    18.6280   3.291087     2.5851     0.0190  0.0981084    87.4695      6.633    23.8087     4.8232 0.0000e+00
        777      6.716    18.6302   3.291699     2.5825     0.0190  0.0981138    87.4860      6.653    23.8123     4.8171 0.0000e+00
        778      6.738    18.6323   3.292302     2.5800     0.0190  0.0981190    87.5027      6.675    23.8159     4.8110 0.0000e+00
        779      6.760    18.6343   3.292897     2.5774     0.0190  0.0981238    87.5199      6.697    23.8195     4.8046 0.0000e+00
        780      6.782    18.6362   3.293484     2.5749     0.0190  0.0981283    87.5378      6.719    23.8231     4.7982 0.0000e+00
        781      6.804    18.6381   3.294064     2.5724     0.0191  0.0981325    87.5566      6.741    23.8267     4.7917 0.0000e+00
        782      6.825    18.6399   3.294636     2.5698     0.0191  0.0981366    87.5761      6.761    23.8302     4.7847 0.0000e+00
        783      6.847    18.6417   3.295202     2.5673     0.0191  0.0981404    87.5961      6.783    23.8337     4.7777 0.0000e+00
        784      6.869    18.6433   3.295762     2.5648     0.0192  0.0981441    87.6166      6.805    23.8372     4.7705 0.0000e+00
        785      6.890    18.6449   3.296315     2.5623     0.0192  0.0981476    87.6373      6.826    23.8407     4.7631 0.0000e+00
        786      6.912    18.6465   3.296863     2.5598     0.0193  0.0981510    87.6580      6.848    23.8442     4.7555 0.0000e+00
        787      6.934    18.6480   3.297406     2.5572     0.0193  0.0981543    87.6784      6.869    23.8476     4.7474 0.0000e+00
        788      6.955    18.6494   3.297944     2.5546     0.0194  0.0981576    87.6987      6.890    23.8511     4.7391 0.0000e+00
        789      6.977    18.6507   3.298477     2.5521     0.0194  0.0981608    87.7186      6.912    23.8546     4.7309 0.0000e+00
        790      6.998    18.6520   3.299006     2.5494     0.0194  0.0981639    87.7379      6.933    23.8581     4.7219 0.0000e+00
        791      7.020    18.6531   3.299531     2.5468     0.0195  0.0981671    87.7561      6.955    23.8617     4.7130 0.0000e+00
        792      7.042    18.6541   3.300051     2.5441     0.0195  0.0981702    87.7731      6.976    23.8652     4.7037 0.0000e+00
        793      7.063    18.6551   3.300567     2.5414     0.0195  0.0981734    87.7891      6.997    23.8688     4.6942 0.0000e+00
        794      7.085    18.6559   3.301078     2.5386     0.0195  0.0981767    87.8041      7.019    23.8724     4.6842 0.0000e+00
        795      7.107    18.6566   3.301584     2.5358     0.0196  0.0981801    87.8180      7.041    23.8760     4.6742 0.0000e+00
        796      7.128    18.6572   3.302086     2.5330     0.0196  0.0981835    87.8305      7.062    23.8797     4.6640 0.0000e+00
        797      7.150    18.6576   3.302585     2.5300     0.0196  0.0981871    87.8412      7.083    23.8834     4.6532 0.0000e+00
        798      7.172    18.6580   3.303080     2.5270     0.0196  0.0981909    87.8500      7.105    23.8872     4.6423 0.0000e+00
        799      7.193    18.6583   3.303572     2.5240     0.0196  0.0981948    87.8569      7.126    23.8909     4.6314 0.0000e+00
        800      7.215    18.6585   3.304060     2.5208     0.0196  0.0981989    87.8622      7.148    23.8947     4.6199 0.0000e+00
        801      7.237    18.6586   3.304544     2.5176     0.0197  0.0982033    87.8661      7.170    23.8985     4.6083 0.0000e+00
        802      7.258    18.6586   3.305024     2.5144     0.0197  0.0982079    87.8691      7.190    23.9023     4.5968 0.0000e+00
        803      7.279    18.6586   3.305501     2.5111     0.0197  0.0982129    87.8715      7.211    23.9061     4.5850 0.0000e+00
        804      7.301    18.6585   3.305972     2.5077     0.0197  0.0982181    87.8732      7.233    23.9099     4.5731 0.0000e+00
        805      7.323    18.6583   3.306439     2.5043     0.0197  0.0982238    87.8739      7.255    23.9138     4.5611 0.0000e+00
        806      7.344    18.6581   3.306900     2.5008     0.0197  0.0982298    87.8734      7.276    23.9176     4.5491 0.0000e+00
        807      7.366    18.6579   3.307356     2.4973     0.0197  0.0982363    87.8716      7.297    23.9213     4.5371 0.0000e+00
        808      7.387    18.6576   3.307807     2.4937     0.0197  0.0982433    87.8685      7.318    23.9251     4.5250 0.0000e+00
        809      7.409    18.6574   3.308254     2.4900     0.0197  0.0982509    87.8638      7.340    23.9288     4.5128 0.0000e+00
        810      7.430    18.6570   3.308695     2.4863     0.0197  0.0982590    87.8575      7.361    23.9325     4.5008 0.0000e+00
        811      7.452    18.6567   3.309134     2.4826     0.0197  0.0982678    87.8495      7.383    23.9362     4.4890 0.0000e+00
        812      7.474    18.6563   3.309569     2.4788     0.0197  0.0982773    87.8399      7.404    23.9399     4.4772 0.0000e+00
        813      7.496    18.6559   3.310002     2.4749     0.0197  0.0982876    87.8288      7.426    23.9436     4.4653 0.0000e+00
        814      7.517    18.6555   3.310432     2.4710     0.0197  0.0982988    87.8162      7.447    23.9473     4.4537 0.0000e+00
        815      7.539    18.6551   3.310862     2.4671     0.0197  0.0983109    87.8017      7.469    23.9509     4.4423 0.0000e+00
        816      7.561    18.6546   3.311289     2.4632     0.0197  0.0983240    87.7851      7.491    23.9546     4.4312 0.0000e+00
        817      7.582    18.6542   3.311718     2.4593     0.0197  0.0983382    87.7665      7.511    23.9583     4.4204 0.0000e+00
        818      7.604    18.6537   3.312146     2.4553     0.0197  0.0983536    87.7457      7.533    23.9620     4.4096 0.0000e+00
        819      7.626    18.6533   3.312577     2.4513     0.0197  0.0983703    87.7228      7.555    23.9657     4.3991 0.0000e+00
        820      7.647    18.6529   3.313010     2.4473     0.0197  0.0983885    87.6985      7.576    23.9693     4.3889 0.0000e+00
        821      7.669    18.6525   3.313446     2.4433     0.0197  0.0984082    87.6733      7.598    23.9731     4.3790 0.0000e+00
        822      7.691    18.6522   3.313886     2.4393     0.0197  0.0984296    87.6470      7.619    23.9767     4.3694 0.0000e+00
        823      7.712    18.6519   3.314330     2.4353     0.0197  0.0984529    87.6193      7.640    23.9805     4.3601 0.0000e+00
        824      7.734    18.6518   3.314779     2.4314     0.0197  0.0984781    87.5903      7.662    23.9841     4.3514 0.0000e+00
        825      7.755    18.6518   3.315234     2.4274     0.0197  0.0985056    87.5601      7.683    23.9877     4.3427 0.0000e+00
        826      7.777    18.6519   3.315693     2.4235     0.0196  0.0985354    87.5287      7.705    23.9913     4.3345 0.0000e+00
        827      7.799    18.6521   3.316160     2.4196     0.0196  0.0985678    87.4960      7.726    23.9950     4.3265 0.0000e+00
        828      7.821    18.6525   3.316634     2.4157     0.0196  0.0986030    87.4620      7.748    23.9985     4.3189 0.0000e+00
        829      7.842    18.6530   3.317117     2.4118     0.0196  0.0986412    87.4269      7.769    24.0021     4.3115 0.0000e+00
        830      7.864    18.6537   3.317609     2.4080     0.0196  0.0986828    87.3911      7.791    24.0056     4.3046 0.0000e+00
        831      7.886    18.6546   3.318112     2.4043     0.0196  0.0987279    87.3546      7.813    24.0091     4.2981 0.0000e+00
        832      7.908    18.6556   3.318626     2.4005     0.0195  0.0987770    87.3177      7.834    24.0126     4.2916 0.0000e+00
        833      7.930    18.6567   3.319154     2.3969     0.0195  0.0988303    87.2806      7.856    24.0162     4.2858 0.0000e+00
        834      7.952    18.6579   3.319695     2.3932     0.0195  0.0988883    87.2437      7.878    24.0198     4.2800 0.0000e+00
        835      7.974    18.6592   3.320252     2.3897     0.0195  0.0989513    87.2072      7.900    24.0235     4.2747 0.0000e+00
        836      7.996    18.6606   3.320825     2.3862     0.0194  0.0990197    87.1715      7.922    24.0273     4.2697 0.0000e+00
        837      8.017    18.6622   3.321418     2.3827     0.0194  0.0990916    87.1370      7.942    24.0311     4.2647 0.0000e+00
        838      8.039    18.6638   3.322028     2.3793     0.0194  0.0991614    87.1041      7.964    24.0350     4.2601 0.0000e+00
        839      8.061    18.6654   3.322659     2.3759     0.0194  0.0992254    87.0736      7.986    24.0391     4.2556 0.0000e+00
        840      8.083    18.6672   3.323311     2.3727     0.0193  0.0992832    87.0462      8.008    24.0433     4.2517 0.0000e+00
        841      8.105    18.6689   3.323984     2.3694     0.0193  0.0993352    87.0223      8.030    24.0477     4.2475 0.0000e+00
        842      8.127    18.6708   3.324680     2.3663     0.0193  0.0993817    87.0019      8.051    24.0522     4.2439 0.0000e+00
