data/2022/wednesday_data/Station 8.cnv
* Sea-Bird SBE 9 Data File:
* FileName = C:\Users\ctd-user\Desktop\CTD data\MAR440 Sept 2022\Station 8.hex
* Software Version Seasave V 7.26.2.13
* Temperature SN = 4493
* Conductivity SN = 1899
* Number of Bytes Per Scan = 37
* Number of Voltage Words = 4
* Number of Scans Averaged by the Deck Unit = 1
* NMEA Latitude = 58 18.86 N
* NMEA Longitude = 011 46.55 E
* NMEA UTC (Time) = Sep 07 2022 11:31:30
* NMEA baud rate = 4800
** Ship: Skagerrak
** Station: 8
** Operator: Tibaud
# nquan = 12                                
# nvalues = 6532                        
# units = specified
# name 0 = scan: Scan Count
# name 1 = prDM: Pressure, Digiquartz [db]
# name 2 = t090C: Temperature [ITS-90, deg C]
# name 3 = c0S/m: Conductivity [S/m]
# name 4 = sbeox0V: Oxygen raw, SBE 43 [V]
# name 5 = flECO-AFL: Fluorescence, WET Labs ECO-AFL/FL [mg/m^3]
# name 6 = upoly0: Upoly 0, Turbidity
# name 7 = xmiss: Beam Transmission, Chelsea/Seatech [%]
# name 8 = depSM: Depth [salt water, m], lat = 58.3143
# name 9 = sal00: Salinity, Practical [PSU]
# name 10 = sbeox0ML/L: Oxygen, SBE 43 [ml/l], WS = 2
# name 11 = flag: flag
# span 0 =          1,       6532       
# span 1 =      0.396,     36.376       
# span 2 =     6.2542,    18.7280       
# span 3 =   3.125500,   3.465847       
# span 4 =     0.6174,     2.8053       
# span 5 =     0.0026,     0.0188       
# span 6 =  0.0942642,  0.1112379       
# span 7 =    83.9128,    95.9557       
# span 8 =      0.392,     36.035       
# span 9 =    23.7561,    31.3346       
# span 10 =     0.3137,     5.6037      
# span 11 = 0.0000e+00, 0.0000e+00      
# interval = seconds: 0.0416667
# start_time = Sep 07 2022 11:31:30 [NMEA time, header]
# bad_flag = -9.990e-29
*END*
[from data line 3610]
       3611      0.449    18.6173   3.286242     2.7878     0.0161  0.0972869    89.2611      0.445    23.7778     5.5633 -9.990e-29
       3612      0.449    18.6174   3.286241     2.7877     0.0161  0.0972790    89.2568      0.445    23.7777     5.5632 -9.990e-29
       3613      0.449    18.6175   3.286240     2.7877     0.0161  0.0972718    89.2526      0.445    23.7776     5.5633 -9.990e-29
       3614      0.449    18.6176   3.286239     2.7877     0.0161  0.0972651    89.2488      0.445    23.7776     5.5634 -9.990e-29
       3615      0.449    18.6176   3.286238     2.7877     0.0161  0.0972590    89.2452      0.445    23.7775     5.5635 -9.990e-29
       3616      0.449    18.6177   3.286238     2.7877     0.0161  0.0972534    89.2421      0.445    23.7775     5.5636 -9.990e-29
       3617      0.450    18.6177   3.286237     2.7877     0.0162  0.0972482    89.2393      0.446    23.7775     5.5637 -9.990e-29
       3618      0.450    18.6177   3.286236     2.7877     0.0162  0.0972434    89.2368      0.446    23.7775     5.5638 -9.990e-29
       3619      0.450    18.6177   3.286235     2.7877     0.0162  0.0972390    89.2348      0.446    23.7775     5.5639 -9.990e-29
       3620      0.450    18.6178   3.286236     2.7877     0.0162  0.0972350    89.2333      0.446    23.7774     5.5640 -9.990e-29
       3621      0.450    18.6178   3.286236     2.7877     0.0162  0.0972313    89.2323      0.446    23.7774     5.5641 -9.990e-29
       3622      0.451    18.6178   3.286236     2.7877     0.0162  0.0972279    89.2314      0.447    23.7774     5.5642 -9.990e-29
       3623      0.451    18.6179   3.286236     2.7876     0.0162  0.0972248    89.2303      0.447    23.7774     5.5640 -9.990e-29
       3624      0.451    18.6179   3.286237     2.7876     0.0162  0.0972219    89.2290      0.447    23.7774     5.5640 -9.990e-29
       3625      0.451    18.6179   3.286237     2.7876     0.0162  0.0972193    89.2275      0.447    23.7774     5.5641 -9.990e-29
       3626      0.451    18.6180   3.286237     2.7876     0.0162  0.0972169    89.2261      0.447    23.7773     5.5642 -9.990e-29
       3627      0.451    18.6181   3.286238     2.7876     0.0162  0.0972147    89.2248      0.447    23.7773     5.5642 -9.990e-29
       3628      0.451    18.6181   3.286238     2.7876     0.0162  0.0972126    89.2236      0.447    23.7773     5.5643 -9.990e-29
       3629      0.452    18.6182   3.286238     2.7876     0.0162  0.0972108    89.2226      0.448    23.7772     5.5643 -9.990e-29
       3630      0.452    18.6182   3.286238     2.7875     0.0162  0.0972091    89.2215      0.448    23.7772     5.5641 -9.990e-29
       3631      0.452    18.6183   3.286238     2.7875     0.0163  0.0972076    89.2199      0.448    23.7771     5.5641 -9.990e-29
       3632      0.452    18.6184   3.286239     2.7875     0.0163  0.0972061    89.2175      0.448    23.7771     5.5642 -9.990e-29
       3633      0.452    18.6184   3.286239     2.7875     0.0163  0.0972049    89.2143      0.448    23.7771     5.5642 -9.990e-29
       3634      0.453    18.6185   3.286239     2.7875     0.0163  0.0972037    89.2103      0.449    23.7770     5.5642 -9.990e-29
       3635      0.453    18.6185   3.286239     2.7875     0.0163  0.0972026    89.2054      0.449    23.7770     5.5643 -9.990e-29
       3636      0.453    18.6185   3.286239     2.7875     0.0163  0.0972017    89.1997      0.449    23.7770     5.5643 -9.990e-29
       3637      0.453    18.6186   3.286240     2.7874     0.0163  0.0972008    89.1934      0.449    23.7770     5.5641 -9.990e-29
       3638      0.453    18.6186   3.286241     2.7874     0.0163  0.0972000    89.1871      0.449    23.7770     5.5642 -9.990e-29
       3639      0.453    18.6186   3.286241     2.7874     0.0163  0.0971994    89.1817      0.449    23.7770     5.5642 -9.990e-29
       3640      0.454    18.6186   3.286242     2.7874     0.0163  0.0971988    89.1777      0.450    23.7770     5.5643 -9.990e-29
       3641      0.454    18.6186   3.286242     2.7874     0.0163  0.0971982    89.1752      0.450    23.7770     5.5643 -9.990e-29
       3642      0.454    18.6186   3.286243     2.7874     0.0163  0.0971978    89.1740      0.450    23.7770     5.5644 -9.990e-29
       3643      0.454    18.6186   3.286244     2.7874     0.0163  0.0971974    89.1739      0.450    23.7770     5.5645 -9.990e-29
       3644      0.454    18.6186   3.286245     2.7874     0.0163  0.0971970    89.1752      0.450    23.7770     5.5645 -9.990e-29
       3645      0.455    18.6186   3.286245     2.7874     0.0164  0.0971968    89.1779      0.451    23.7770     5.5646 -9.990e-29
       3646      0.455    18.6186   3.286246     2.7874     0.0164  0.0971966    89.1821      0.451    23.7770     5.5647 -9.990e-29
       3647      0.455    18.6185   3.286246     2.7874     0.0164  0.0971964    89.1878      0.451    23.7771     5.5648 -9.990e-29
       3648      0.455    18.6185   3.286246     2.7874     0.0164  0.0971963    89.1947      0.451    23.7771     5.5648 -9.990e-29
       3649      0.455    18.6185   3.286247     2.7874     0.0164  0.0971963    89.2027      0.451    23.7771     5.5649 -9.990e-29
       3650      0.456    18.6184   3.286247     2.7874     0.0164  0.0971963    89.2115      0.452    23.7772     5.5650 -9.990e-29
       3651      0.456    18.6184   3.286247     2.7874     0.0164  0.0971964    89.2206      0.452    23.7772     5.5651 -9.990e-29
       3652      0.456    18.6184   3.286248     2.7874     0.0164  0.0971965    89.2295      0.452    23.7772     5.5651 -9.990e-29
       3653      0.456    18.6183   3.286247     2.7874     0.0164  0.0971967    89.2379      0.452    23.7772     5.5652 -9.990e-29
       3654      0.457    18.6183   3.286248     2.7874     0.0164  0.0971970    89.2456      0.453    23.7772     5.5653 -9.990e-29
       3655      0.457    18.6182   3.286247     2.7874     0.0164  0.0971973    89.2525      0.453    23.7773     5.5653 -9.990e-29
       3656      0.457    18.6181   3.286247     2.7874     0.0164  0.0971977    89.2588      0.453    23.7773     5.5654 -9.990e-29
       3657      0.457    18.6181   3.286247     2.7874     0.0164  0.0971982    89.2643      0.453    23.7773     5.5654 -9.990e-29
       3658      0.457    18.6181   3.286248     2.7874     0.0164  0.0971987    89.2689      0.453    23.7773     5.5654 -9.990e-29
       3659      0.457    18.6180   3.286248     2.7874     0.0164  0.0971993    89.2725      0.453    23.7774     5.5654 -9.990e-29
       3660      0.457    18.6180   3.286248     2.7875     0.0164  0.0972000    89.2750      0.453    23.7774     5.5657 -9.990e-29
       3661      0.457    18.6180   3.286247     2.7875     0.0164  0.0972008    89.2765      0.453    23.7774     5.5657 -9.990e-29
       3662      0.458    18.6180   3.286247     2.7875     0.0165  0.0972016    89.2771      0.454    23.7774     5.5657 -9.990e-29
       3663      0.458    18.6180   3.286247     2.7875     0.0165  0.0972026    89.2776      0.454    23.7774     5.5657 -9.990e-29
       3664      0.458    18.6180   3.286247     2.7875     0.0165  0.0972036    89.2786      0.454    23.7774     5.5657 -9.990e-29
       3665      0.458    18.6180   3.286248     2.7876     0.0165  0.0972048    89.2801      0.454    23.7774     5.5659 -9.990e-29
       3666      0.458    18.6181   3.286248     2.7876     0.0165  0.0972061    89.2817      0.454    23.7773     5.5659 -9.990e-29
       3667      0.458    18.6182   3.286249     2.7876     0.0165  0.0972075    89.2833      0.454    23.7773     5.5658 -9.990e-29
       3668      0.458    18.6182   3.286249     2.7876     0.0165  0.0972090    89.2848      0.454    23.7773     5.5658 -9.990e-29
       3669      0.458    18.6183   3.286249     2.7876     0.0165  0.0972107    89.2859      0.454    23.7772     5.5657 -9.990e-29
       3670      0.458    18.6185   3.286250     2.7876     0.0165  0.0972125    89.2864      0.454    23.7771     5.5656 -9.990e-29
       3671      0.458    18.6186   3.286251     2.7876     0.0165  0.0972146    89.2864      0.454    23.7771     5.5655 -9.990e-29
       3672      0.458    18.6187   3.286251     2.7876     0.0165  0.0972168    89.2860      0.454    23.7770     5.5653 -9.990e-29
       3673      0.458    18.6189   3.286253     2.7876     0.0165  0.0972192    89.2854      0.454    23.7769     5.5652 -9.990e-29
       3674      0.458    18.6191   3.286254     2.7877     0.0165  0.0972218    89.2848      0.454    23.7768     5.5653 -9.990e-29
       3675      0.459    18.6193   3.286256     2.7877     0.0165  0.0972246    89.2844      0.455    23.7767     5.5651 -9.990e-29
       3676      0.459    18.6194   3.286256     2.7877     0.0165  0.0972277    89.2839      0.455    23.7767     5.5649 -9.990e-29
       3677      0.459    18.6196   3.286258     2.7877     0.0165  0.0972311    89.2829      0.455    23.7766     5.5647 -9.990e-29
       3678      0.459    18.6198   3.286260     2.7877     0.0165  0.0972348    89.2810      0.455    23.7765     5.5645 -9.990e-29
       3679      0.459    18.6199   3.286262     2.7876     0.0165  0.0972388    89.2783      0.455    23.7764     5.5641 -9.990e-29
       3680      0.459    18.6200   3.286264     2.7876     0.0165  0.0972431    89.2745      0.455    23.7764     5.5639 -9.990e-29
       3681      0.459    18.6201   3.286266     2.7876     0.0165  0.0972479    89.2698      0.455    23.7763     5.5637 -9.990e-29
       3682      0.459    18.6202   3.286269     2.7876     0.0165  0.0972531    89.2646      0.455    23.7763     5.5635 -9.990e-29
       3683      0.459    18.6202   3.286272     2.7876     0.0165  0.0972587    89.2595      0.455    23.7763     5.5633 -9.990e-29
       3684      0.459    18.6203   3.286274     2.7876     0.0165  0.0972648    89.2552      0.455    23.7763     5.5631 -9.990e-29
       3685      0.459    18.6203   3.286277     2.7876     0.0165  0.0972714    89.2523      0.455    23.7763     5.5629 -9.990e-29
       3686      0.459    18.6202   3.286280     2.7876     0.0165  0.0972786    89.2508      0.455    23.7764     5.5628 -9.990e-29
       3687      0.459    18.6202   3.286283     2.7876     0.0165  0.0972865    89.2504      0.455    23.7764     5.5626 -9.990e-29
       3688      0.459    18.6201   3.286286     2.7876     0.0165  0.0972950    89.2507      0.455    23.7765     5.5625 -9.990e-29
       3689      0.459    18.6200   3.286288     2.7875     0.0165  0.0973043    89.2515      0.455    23.7766     5.5621 -9.990e-29
       3690      0.459    18.6199   3.286291     2.7875     0.0165  0.0973144    89.2525      0.455    23.7767     5.5620 -9.990e-29
       3691      0.459    18.6199   3.286294     2.7874     0.0165  0.0973253    89.2536      0.455    23.7767     5.5617 -9.990e-29
       3692      0.459    18.6198   3.286296     2.7874     0.0164  0.0973373    89.2547      0.455    23.7767     5.5616 -9.990e-29
       3693      0.459    18.6198   3.286298     2.7873     0.0164  0.0973502    89.2554      0.455    23.7768     5.5613 -9.990e-29
       3694      0.459    18.6197   3.286299     2.7873     0.0164  0.0973643    89.2558      0.455    23.7768     5.5613 -9.990e-29
       3695      0.459    18.6197   3.286300     2.7872     0.0164  0.0973796    89.2562      0.455    23.7768     5.5610 -9.990e-29
       3696      0.459    18.6196   3.286301     2.7871     0.0164  0.0973963    89.2572      0.455    23.7769     5.5607 -9.990e-29
       3697      0.459    18.6196   3.286301     2.7870     0.0164  0.0974135    89.2589      0.455    23.7769     5.5605 -9.990e-29
       3698      0.459    18.6196   3.286300     2.7870     0.0163  0.0974298    89.2613      0.455    23.7769     5.5605 -9.990e-29
       3699      0.459    18.6196   3.286300     2.7869     0.0163  0.0974444    89.2642      0.455    23.7769     5.5603 -9.990e-29
       3700      0.459    18.6195   3.286298     2.7868     0.0163  0.0974573    89.2672      0.455    23.7769     5.5602 -9.990e-29
       3701      0.460    18.6195   3.286297     2.7868     0.0163  0.0974687    89.2701      0.456    23.7769     5.5602 -9.990e-29
       3702      0.460    18.6195   3.286296     2.7867     0.0163  0.0974787    89.2729      0.456    23.7769     5.5601 -9.990e-29
       3703      0.460    18.6195   3.286294     2.7867     0.0163  0.0974873    89.2754      0.456    23.7769     5.5602 -9.990e-29
       3704      0.460    18.6195   3.286292     2.7866     0.0163  0.0974946    89.2774      0.456    23.7769     5.5601 -9.990e-29
       3705      0.460    18.6194   3.286290     2.7866     0.0163  0.0975006    89.2789      0.456    23.7769     5.5603 -9.990e-29
       3706      0.460    18.6194   3.286288     2.7865     0.0163  0.0975054    89.2799      0.456    23.7769     5.5602 -9.990e-29
       3707      0.460    18.6193   3.286286     2.7865     0.0163  0.0975090    89.2804      0.456    23.7770     5.5605 -9.990e-29
       3708      0.460    18.6193   3.286284     2.7865     0.0163  0.0975114    89.2808      0.456    23.7769     5.5607 -9.990e-29
       3709      0.460    18.6192   3.286281     2.7864     0.0162  0.0975127    89.2808      0.456    23.7770     5.5607 -9.990e-29
       3710      0.460    18.6192   3.286279     2.7864     0.0162  0.0975128    89.2803      0.456    23.7770     5.5609 -9.990e-29
       3711      0.460    18.6191   3.286277     2.7864     0.0163  0.0975118    89.2795      0.456    23.7770     5.5612 -9.990e-29
       3712      0.460    18.6191   3.286275     2.7864     0.0163  0.0975097    89.2785      0.456    23.7770     5.5615 -9.990e-29
       3713      0.460    18.6190   3.286273     2.7864     0.0163  0.0975064    89.2772      0.456    23.7770     5.5618 -9.990e-29
       3714      0.460    18.6189   3.286271     2.7864     0.0163  0.0975020    89.2756      0.456    23.7771     5.5621 -9.990e-29
       3715      0.460    18.6188   3.286269     2.7864     0.0163  0.0974963    89.2732      0.456    23.7771     5.5624 -9.990e-29
       3716      0.460    18.6188   3.286267     2.7864     0.0163  0.0974893    89.2698      0.456    23.7771     5.5627 -9.990e-29
       3717      0.459    18.6187   3.286265     2.7864     0.0163  0.0974811    89.2657      0.455    23.7771     5.5630 -9.990e-29
       3718      0.459    18.6186   3.286263     2.7864     0.0163  0.0974715    89.2613      0.455    23.7772     5.5633 -9.990e-29
       3719      0.459    18.6185   3.286259     2.7864     0.0163  0.0974605    89.2569      0.455    23.7772     5.5636 -9.990e-29
       3720      0.459    18.6184   3.286257     2.7865     0.0163  0.0974479    89.2526      0.455    23.7772     5.5641 -9.990e-29
       3721      0.459    18.6183   3.286254     2.7865     0.0164  0.0974338    89.2489      0.455    23.7773     5.5644 -9.990e-29
       3722      0.459    18.6183   3.286252     2.7865     0.0164  0.0974189    89.2463      0.455    23.7773     5.5647 -9.990e-29
       3723      0.458    18.6182   3.286248     2.7865     0.0164  0.0974047    89.2449      0.454    23.7773     5.5649 -9.990e-29
       3724      0.458    18.6181   3.286245     2.7866     0.0164  0.0973920    89.2453      0.454    23.7773     5.5654 -9.990e-29
       3725      0.458    18.6180   3.286242     2.7866     0.0164  0.0973807    89.2481      0.454    23.7773     5.5657 -9.990e-29
       3726      0.458    18.6179   3.286238     2.7867     0.0164  0.0973708    89.2538      0.454    23.7774     5.5662 -9.990e-29
       3727      0.458    18.6178   3.286234     2.7867     0.0164  0.0973621    89.2622      0.454    23.7774     5.5664 -9.990e-29
       3728      0.458    18.6178   3.286231     2.7868     0.0165  0.0973547    89.2725      0.454    23.7774     5.5669 -9.990e-29
       3729      0.458    18.6177   3.286228     2.7868     0.0165  0.0973484    89.2836      0.454    23.7774     5.5671 -9.990e-29
