data/2022/wednesday_data/Station 3.cnv
* Sea-Bird SBE 9 Data File:
* FileName = C:\Users\ctd-user\Desktop\CTD data\MAR440 Sept 2022\Station 3.hex
* Software Version Seasave V 7.26.2.13
* Temperature SN = 4493
* Conductivity SN = 1899
* Number of Bytes Per Scan = 37
* Number of Voltage Words = 4
* Number of Scans Averaged by the Deck Unit = 1
* NMEA Latitude = 58 20.20 N
* NMEA Longitude = 011 53.04 E
* NMEA UTC (Time) = Sep 07 2022 12:43:03
* NMEA baud rate = 4800
** Ship: Skagerrak
** Station: 3
** Operator: Ida
# nquan = 12                                
# nvalues = 5347                        
# units = specified
# name 0 = scan: Scan Count
# name 1 = prDM: Pressure, Digiquartz [db]
# name 2 = t090C: Temperature [ITS-90, deg C]
# name 3 = c0S/m: Conductivity [S/m]
# name 4 = sbeox0V: Oxygen raw, SBE 43 [V]
# name 5 = flECO-AFL: Fluorescence, WET Labs ECO-AFL/FL [mg/m^3]
# name 6 = upoly0: Upoly 0, Turbidity
# name 7 = xmiss: Beam Transmission, Chelsea/Seatech [%]
# name 8 = depSM: Depth [salt water, m], lat = 58.3367
# name 9 = sal00: Salinity, Practical [PSU]
# name 10 = sbeox0ML/L: Oxygen, SBE 43 [ml/l], WS = 2
# name 11 = flag: flag
# span 0 =          1,       5347       
# span 1 =      1.032,     41.245       
# span 2 =     8.0680,    18.7544       
# span 3 =   3.111055,   3.392990       
# span 4 =     0.5329,     2.8413       
# span 5 =     0.0066,     0.0402       
# span 6 =  0.0940868,  0.1077413       
# span 7 =    62.9696,    94.6932       
# span 8 =      1.022,     40.858       
# span 9 =    23.6035,    32.0260       
# span 10 =     0.0792,     5.6953      
# span 11 = 0.0000e+00, 0.0000e+00      
# interval = seconds: 0.0416667
# start_time = Sep 07 2022 12:43:03 [NMEA time, header]
# bad_flag = -9.990e-29
*END*
[from data line 241]
        242      1.869    18.6810   3.270174     2.8270     0.0252  0.0990839    82.5292      1.852    23.6127     5.6551 -9.990e-29
        243      1.879    18.6810   3.270190     2.8270     0.0252  0.0990823    82.5290      1.862    23.6128     5.6550 -9.990e-29
        244      1.889    18.6810   3.270203     2.8269     0.0252  0.0990802    82.5285      1.871    23.6129     5.6546 -9.990e-29
        245      1.899    18.6810   3.270216     2.8268     0.0252  0.0990776    82.5281      1.881    23.6130     5.6542 -9.990e-29
        246      1.909    18.6810   3.270228     2.8267     0.0252  0.0990747    82.5278      1.891    23.6131     5.6539 -9.990e-29
        247      1.919    18.6809   3.270237     2.8266     0.0252  0.0990712    82.5278      1.901    23.6132     5.6536 -9.990e-29
        248      1.929    18.6807   3.270247     2.8265     0.0252  0.0990673    82.5280      1.911    23.6134     5.6533 -9.990e-29
        249      1.939    18.6806   3.270256     2.8264     0.0252  0.0990629    82.5283      1.921    23.6136     5.6529 -9.990e-29
        250      1.949    18.6804   3.270264     2.8263     0.0252  0.0990579    82.5285      1.931    23.6137     5.6526 -9.990e-29
        251      1.960    18.6801   3.270271     2.8262     0.0253  0.0990523    82.5281      1.942    23.6139     5.6523 -9.990e-29
        252      1.970    18.6798   3.270279     2.8262     0.0253  0.0990461    82.5269      1.952    23.6142     5.6523 -9.990e-29
        253      1.980    18.6795   3.270285     2.8261     0.0253  0.0990393    82.5250      1.962    23.6144     5.6520 -9.990e-29
        254      1.989    18.6792   3.270291     2.8260     0.0253  0.0990317    82.5226      1.971    23.6146     5.6517 -9.990e-29
        255      1.999    18.6788   3.270295     2.8260     0.0253  0.0990234    82.5198      1.980    23.6149     5.6517 -9.990e-29
        256      2.009    18.6785   3.270300     2.8259     0.0253  0.0990143    82.5167      1.990    23.6151     5.6514 -9.990e-29
        257      2.019    18.6783   3.270303     2.8258     0.0254  0.0990042    82.5137      2.000    23.6152     5.6511 -9.990e-29
        258      2.029    18.6781   3.270307     2.8258     0.0254  0.0989932    82.5108      2.010    23.6154     5.6511 -9.990e-29
        259      2.039    18.6781   3.270310     2.8257     0.0254  0.0989812    82.5084      2.020    23.6154     5.6508 -9.990e-29
        260      2.049    18.6782   3.270314     2.8256     0.0254  0.0989681    82.5066      2.030    23.6154     5.6504 -9.990e-29
        261      2.058    18.6783   3.270317     2.8256     0.0255  0.0989537    82.5053      2.039    23.6153     5.6503 -9.990e-29
        262      2.068    18.6785   3.270319     2.8255     0.0255  0.0989381    82.5045      2.049    23.6152     5.6499 -9.990e-29
        263      2.078    18.6788   3.270321     2.8254     0.0255  0.0989210    82.5042      2.059    23.6151     5.6495 -9.990e-29
        264      2.087    18.6791   3.270323     2.8253     0.0256  0.0989032    82.5046      2.068    23.6149     5.6491 -9.990e-29
        265      2.097    18.6795   3.270324     2.8253     0.0256  0.0988864    82.5054      2.077    23.6147     5.6489 -9.990e-29
        266      2.106    18.6798   3.270324     2.8252     0.0256  0.0988711    82.5064      2.086    23.6145     5.6484 -9.990e-29
        267      2.116    18.6802   3.270326     2.8251     0.0256  0.0988574    82.5072      2.096    23.6143     5.6480 -9.990e-29
        268      2.126    18.6805   3.270327     2.8250     0.0257  0.0988451    82.5077      2.106    23.6141     5.6475 -9.990e-29
        269      2.135    18.6808   3.270330     2.8249     0.0257  0.0988341    82.5079      2.115    23.6140     5.6470 -9.990e-29
        270      2.145    18.6811   3.270333     2.8248     0.0257  0.0988244    82.5076      2.125    23.6138     5.6464 -9.990e-29
        271      2.155    18.6814   3.270339     2.8248     0.0257  0.0988159    82.5068      2.135    23.6137     5.6461 -9.990e-29
        272      2.164    18.6816   3.270345     2.8247     0.0257  0.0988085    82.5061      2.144    23.6136     5.6456 -9.990e-29
        273      2.174    18.6819   3.270352     2.8246     0.0258  0.0988022    82.5062      2.154    23.6135     5.6450 -9.990e-29
        274      2.183    18.6821   3.270361     2.8245     0.0258  0.0987969    82.5077      2.163    23.6135     5.6444 -9.990e-29
        275      2.193    18.6824   3.270371     2.8244     0.0258  0.0987926    82.5101      2.173    23.6134     5.6438 -9.990e-29
        276      2.202    18.6827   3.270381     2.8243     0.0258  0.0987902    82.5130      2.182    23.6133     5.6432 -9.990e-29
        277      2.212    18.6830   3.270391     2.8242     0.0258  0.0987904    82.5161      2.191    23.6132     5.6426 -9.990e-29
        278      2.222    18.6832   3.270402     2.8241     0.0258  0.0987924    82.5195      2.201    23.6132     5.6420 -9.990e-29
        279      2.231    18.6835   3.270414     2.8240     0.0258  0.0987953    82.5234      2.210    23.6131     5.6413 -9.990e-29
        280      2.241    18.6838   3.270425     2.8238     0.0258  0.0987993    82.5280      2.220    23.6130     5.6405 -9.990e-29
        281      2.251    18.6841   3.270437     2.8237     0.0258  0.0988043    82.5331      2.230    23.6129     5.6398 -9.990e-29
        282      2.260    18.6843   3.270447     2.8236     0.0258  0.0988103    82.5382      2.239    23.6129     5.6392 -9.990e-29
        283      2.270    18.6845   3.270458     2.8234     0.0258  0.0988174    82.5429      2.249    23.6129     5.6383 -9.990e-29
        284      2.279    18.6847   3.270468     2.8233     0.0258  0.0988257    82.5472      2.258    23.6128     5.6377 -9.990e-29
        285      2.289    18.6849   3.270479     2.8231     0.0258  0.0988351    82.5511      2.268    23.6128     5.6368 -9.990e-29
        286      2.298    18.6850   3.270490     2.8229     0.0258  0.0988458    82.5544      2.277    23.6128     5.6360 -9.990e-29
        287      2.308    18.6852   3.270502     2.8227     0.0258  0.0988579    82.5570      2.287    23.6128     5.6352 -9.990e-29
        288      2.318    18.6853   3.270515     2.8225     0.0258  0.0988714    82.5592      2.296    23.6128     5.6344 -9.990e-29
        289      2.327    18.6855   3.270526     2.8223     0.0258  0.0988864    82.5609      2.305    23.6128     5.6335 -9.990e-29
        290      2.337    18.6856   3.270538     2.8221     0.0258  0.0989022    82.5622      2.315    23.6129     5.6327 -9.990e-29
        291      2.347    18.6857   3.270551     2.8219     0.0257  0.0989171    82.5629      2.325    23.6129     5.6320 -9.990e-29
        292      2.357    18.6858   3.270563     2.8217     0.0257  0.0989305    82.5630      2.335    23.6129     5.6312 -9.990e-29
        293      2.366    18.6859   3.270575     2.8215     0.0257  0.0989425    82.5626      2.344    23.6130     5.6305 -9.990e-29
        294      2.376    18.6859   3.270587     2.8213     0.0257  0.0989530    82.5617      2.354    23.6131     5.6298 -9.990e-29
        295      2.386    18.6860   3.270599     2.8211     0.0257  0.0989623    82.5607      2.364    23.6131     5.6291 -9.990e-29
        296      2.396    18.6860   3.270610     2.8209     0.0257  0.0989703    82.5596      2.374    23.6132     5.6284 -9.990e-29
        297      2.406    18.6860   3.270621     2.8207     0.0257  0.0989771    82.5587      2.384    23.6133     5.6277 -9.990e-29
        298      2.416    18.6861   3.270633     2.8205     0.0257  0.0989827    82.5581      2.394    23.6133     5.6271 -9.990e-29
        299      2.426    18.6861   3.270644     2.8202     0.0256  0.0989873    82.5583      2.403    23.6134     5.6263 -9.990e-29
        300      2.435    18.6863   3.270655     2.8200     0.0256  0.0989907    82.5594      2.412    23.6134     5.6257 -9.990e-29
        301      2.445    18.6864   3.270666     2.8198     0.0256  0.0989931    82.5609      2.422    23.6134     5.6251 -9.990e-29
        302      2.455    18.6866   3.270675     2.8196     0.0256  0.0989945    82.5624      2.432    23.6133     5.6246 -9.990e-29
        303      2.465    18.6868   3.270684     2.8194     0.0256  0.0989949    82.5638      2.442    23.6133     5.6240 -9.990e-29
        304      2.475    18.6869   3.270693     2.8192     0.0256  0.0989943    82.5652      2.452    23.6133     5.6235 -9.990e-29
        305      2.485    18.6870   3.270700     2.8189     0.0255  0.0989926    82.5665      2.462    23.6133     5.6228 -9.990e-29
        306      2.495    18.6871   3.270708     2.8187     0.0255  0.0989899    82.5675      2.472    23.6133     5.6223 -9.990e-29
        307      2.505    18.6871   3.270715     2.8185     0.0255  0.0989861    82.5684      2.482    23.6134     5.6219 -9.990e-29
        308      2.515    18.6870   3.270722     2.8183     0.0255  0.0989812    82.5691      2.492    23.6135     5.6214 -9.990e-29
        309      2.525    18.6869   3.270727     2.8181     0.0254  0.0989753    82.5695      2.502    23.6136     5.6210 -9.990e-29
        310      2.535    18.6867   3.270734     2.8179     0.0254  0.0989682    82.5696      2.511    23.6137     5.6206 -9.990e-29
        311      2.545    18.6864   3.270740     2.8177     0.0254  0.0989598    82.5695      2.521    23.6140     5.6202 -9.990e-29
        312      2.555    18.6861   3.270747     2.8175     0.0253  0.0989502    82.5692      2.531    23.6142     5.6198 -9.990e-29
        313      2.566    18.6857   3.270754     2.8173     0.0253  0.0989393    82.5688      2.542    23.6145     5.6194 -9.990e-29
        314      2.576    18.6852   3.270760     2.8171     0.0252  0.0989270    82.5683      2.552    23.6148     5.6191 -9.990e-29
        315      2.586    18.6846   3.270766     2.8169     0.0252  0.0989140    82.5675      2.562    23.6152     5.6187 -9.990e-29
        316      2.596    18.6840   3.270771     2.8168     0.0251  0.0989020    82.5661      2.572    23.6156     5.6186 -9.990e-29
        317      2.606    18.6833   3.270773     2.8166     0.0251  0.0988917    82.5640      2.582    23.6160     5.6182 -9.990e-29
        318      2.616    18.6825   3.270774     2.8164     0.0251  0.0988831    82.5617      2.592    23.6164     5.6179 -9.990e-29
        319      2.627    18.6816   3.270772     2.8162     0.0250  0.0988761    82.5594      2.603    23.6169     5.6175 -9.990e-29
        320      2.637    18.6806   3.270766     2.8160     0.0250  0.0988706    82.5573      2.612    23.6174     5.6172 -9.990e-29
        321      2.647    18.6796   3.270758     2.8158     0.0250  0.0988666    82.5550      2.622    23.6179     5.6169 -9.990e-29
        322      2.658    18.6785   3.270748     2.8157     0.0249  0.0988642    82.5525      2.633    23.6185     5.6168 -9.990e-29
        323      2.668    18.6773   3.270734     2.8155     0.0249  0.0988631    82.5494      2.643    23.6191     5.6165 -9.990e-29
        324      2.679    18.6760   3.270716     2.8153     0.0249  0.0988636    82.5455      2.654    23.6196     5.6162 -9.990e-29
        325      2.689    18.6746   3.270696     2.8152     0.0249  0.0988655    82.5407      2.664    23.6203     5.6161 -9.990e-29
        326      2.699    18.6732   3.270671     2.8150     0.0249  0.0988689    82.5354      2.674    23.6209     5.6158 -9.990e-29
        327      2.710    18.6716   3.270643     2.8148     0.0249  0.0988738    82.5296      2.685    23.6216     5.6155 -9.990e-29
        328      2.720    18.6700   3.270612     2.8146     0.0248  0.0988802    82.5234      2.695    23.6222     5.6152 -9.990e-29
        329      2.731    18.6684   3.270579     2.8144     0.0248  0.0988882    82.5167      2.706    23.6229     5.6148 -9.990e-29
        330      2.742    18.6667   3.270541     2.8142     0.0248  0.0988979    82.5098      2.716    23.6235     5.6145 -9.990e-29
        331      2.752    18.6650   3.270501     2.8140     0.0248  0.0989092    82.5027      2.726    23.6242     5.6142 -9.990e-29
        332      2.763    18.6633   3.270458     2.8138     0.0248  0.0989223    82.4958      2.737    23.6248     5.6138 -9.990e-29
        333      2.773    18.6617   3.270413     2.8137     0.0248  0.0989373    82.4893      2.747    23.6253     5.6137 -9.990e-29
        334      2.784    18.6600   3.270366     2.8135     0.0248  0.0989543    82.4834      2.758    23.6259     5.6134 -9.990e-29
        335      2.795    18.6583   3.270316     2.8133     0.0249  0.0989734    82.4782      2.769    23.6265     5.6130 -9.990e-29
        336      2.805    18.6567   3.270264     2.8131     0.0249  0.0989947    82.4736      2.779    23.6270     5.6127 -9.990e-29
        337      2.816    18.6550   3.270209     2.8129     0.0249  0.0990184    82.4697      2.790    23.6275     5.6123 -9.990e-29
        338      2.827    18.6533   3.270152     2.8127     0.0249  0.0990446    82.4665      2.801    23.6280     5.6120 -9.990e-29
        339      2.838    18.6516   3.270092     2.8125     0.0249  0.0990735    82.4636      2.812    23.6285     5.6116 -9.990e-29
        340      2.849    18.6499   3.270029     2.8123     0.0249  0.0991045    82.4608      2.823    23.6290     5.6112 -9.990e-29
        341      2.860    18.6482   3.269964     2.8121     0.0250  0.0991353    82.4578      2.833    23.6294     5.6109 -9.990e-29
        342      2.871    18.6464   3.269897     2.8120     0.0250  0.0991634    82.4544      2.844    23.6299     5.6108 -9.990e-29
        343      2.882    18.6446   3.269829     2.8118     0.0250  0.0991883    82.4509      2.855    23.6304     5.6104 -9.990e-29
        344      2.893    18.6427   3.269757     2.8116     0.0250  0.0992102    82.4472      2.866    23.6309     5.6101 -9.990e-29
        345      2.905    18.6408   3.269685     2.8114     0.0250  0.0992291    82.4435      2.878    23.6314     5.6097 -9.990e-29
        346      2.916    18.6389   3.269609     2.8112     0.0251  0.0992452    82.4398      2.889    23.6319     5.6094 -9.990e-29
        347      2.927    18.6369   3.269532     2.8110     0.0251  0.0992587    82.4363      2.900    23.6324     5.6091 -9.990e-29
        348      2.938    18.6349   3.269452     2.8108     0.0251  0.0992696    82.4333      2.911    23.6329     5.6087 -9.990e-29
        349      2.949    18.6328   3.269371     2.8106     0.0251  0.0992779    82.4308      2.922    23.6335     5.6084 -9.990e-29
        350      2.961    18.6306   3.269286     2.8104     0.0251  0.0992838    82.4289      2.933    23.6340     5.6081 -9.990e-29
        351      2.972    18.6284   3.269200     2.8102     0.0252  0.0992873    82.4277      2.944    23.6346     5.6078 -9.990e-29
        352      2.983    18.6261   3.269110     2.8100     0.0252  0.0992885    82.4272      2.955    23.6352     5.6076 -9.990e-29
        353      2.995    18.6237   3.269017     2.8098     0.0252  0.0992872    82.4275      2.967    23.6358     5.6073 -9.990e-29
        354      3.006    18.6212   3.268920     2.8096     0.0252  0.0992836    82.4288      2.978    23.6364     5.6071 -9.990e-29
        355      3.018    18.6187   3.268819     2.8094     0.0252  0.0992775    82.4312      2.990    23.6371     5.6068 -9.990e-29
        356      3.029    18.6160   3.268715     2.8092     0.0253  0.0992690    82.4342      3.001    23.6378     5.6066 -9.990e-29
        357      3.041    18.6133   3.268607     2.8090     0.0253  0.0992580    82.4378      3.013    23.6384     5.6064 -9.990e-29
        358      3.052    18.6107   3.268495     2.8088     0.0253  0.0992444    82.4416      3.024    23.6390     5.6062 -9.990e-29
        359      3.064    18.6081   3.268381     2.8086     0.0253  0.0992281    82.4457      3.035    23.6396     5.6060 -9.990e-29
        360      3.075    18.6055   3.268265     2.8084     0.0254  0.0992091    82.4500      3.046    23.6402     5.6058 -9.990e-29
