data/2022/wednesday_data/Station 6.cnv
* Sea-Bird SBE 9 Data File:
* FileName = C:\Users\ctd-user\Desktop\CTD data\MAR440 Sept 2022\Station 6.hex
* Software Version Seasave V 7.26.2.13
* Temperature SN = 4493
* Conductivity SN = 1899
* Number of Bytes Per Scan = 37
* Number of Voltage Words = 4
* Number of Scans Averaged by the Deck Unit = 1
* NMEA Latitude = 58 19.42 N
* NMEA Longitude = 011 50.12 E
* NMEA UTC (Time) = Sep 07 2022 10:30:22
* NMEA baud rate = 4800
** Ship:
** Station:
** Operator:
# nquan = 12                                
# nvalues = 3123                        
# units = specified
# name 0 = scan: Scan Count
# name 1 = prDM: Pressure, Digiquartz [db]
# name 2 = t090C: Temperature [ITS-90, deg C]
# name 3 = c0S/m: Conductivity [S/m]
# name 4 = sbeox0V: Oxygen raw, SBE 43 [V]
# name 5 = flECO-AFL: Fluorescence, WET Labs ECO-AFL/FL [mg/m^3]
# name 6 = upoly0: Upoly 0, Turbidity
# name 7 = xmiss: Beam Transmission, Chelsea/Seatech [%]
# name 8 = depSM: Depth [salt water, m], lat = 58.3237
# name 9 = sal00: Salinity, Practical [PSU]
# name 10 = sbeox0ML/L: Oxygen, SBE 43 [ml/l], WS = 2
# name 11 = flag: flag
# span 0 =          1,       3123       
# span 1 =      1.130,     13.977       
# span 2 =    15.5672,    18.6784       
# span 3 =   3.267641,   3.376623       
# span 4 =     1.1521,     2.8031       
# span 5 =     0.0106,     0.0203       
# span 6 =  0.0964281,  0.0996034       
# span 7 =    86.3472,    93.5412       
# span 8 =      1.119,     13.847       
# span 9 =    23.6684,    25.9997       
# span 10 =     1.6174,     5.6092      
# span 11 = 0.0000e+00, 0.0000e+00      
# interval = seconds: 0.0416667
# start_time = Sep 07 2022 10:30:22 [NMEA time, header]
# bad_flag = -9.990e-29
*END*
[from data line 2647]
       2648     13.959    16.2254   3.343945     1.3210     0.0114  0.0964996    93.3855     13.829    25.7036     1.9739 -9.990e-29
       2649     13.959    16.2256   3.343972     1.3202     0.0115  0.0964856    93.3720     13.829    25.7037     1.9723 -9.990e-29
       2650     13.959    16.2258   3.343999     1.3193     0.0115  0.0964735    93.3573     13.829    25.7038     1.9704 -9.990e-29
       2651     13.959    16.2261   3.344027     1.3185     0.0115  0.0964632    93.3422     13.829    25.7038     1.9687 -9.990e-29
       2652     13.960    16.2263   3.344054     1.3176     0.0116  0.0964546    93.3269     13.830    25.7039     1.9668 -9.990e-29
       2653     13.960    16.2265   3.344081     1.3168     0.0116  0.0964478    93.3115     13.830    25.7040     1.9652 -9.990e-29
       2654     13.960    16.2267   3.344108     1.3159     0.0116  0.0964426    93.2962     13.830    25.7041     1.9632 -9.990e-29
       2655     13.960    16.2269   3.344135     1.3151     0.0116  0.0964390    93.2813     13.830    25.7042     1.9616 -9.990e-29
       2656     13.960    16.2271   3.344162     1.3143     0.0117  0.0964370    93.2672     13.830    25.7043     1.9599 -9.990e-29
       2657     13.960    16.2273   3.344190     1.3135     0.0117  0.0964366    93.2540     13.830    25.7044     1.9582 -9.990e-29
       2658     13.960    16.2275   3.344217     1.3127     0.0117  0.0964377    93.2422     13.830    25.7045     1.9565 -9.990e-29
       2659     13.960    16.2277   3.344244     1.3119     0.0117  0.0964404    93.2319     13.830    25.7046     1.9547 -9.990e-29
       2660     13.960    16.2278   3.344272     1.3111     0.0117  0.0964447    93.2231     13.830    25.7048     1.9530 -9.990e-29
       2661     13.960    16.2280   3.344299     1.3103     0.0117  0.0964506    93.2163     13.830    25.7049     1.9513 -9.990e-29
       2662     13.960    16.2282   3.344327     1.3095     0.0117  0.0964582    93.2115     13.830    25.7050     1.9496 -9.990e-29
       2663     13.960    16.2284   3.344354     1.3086     0.0117  0.0964675    93.2088     13.830    25.7051     1.9476 -9.990e-29
       2664     13.960    16.2285   3.344381     1.3078     0.0117  0.0964786    93.2078     13.830    25.7053     1.9458 -9.990e-29
       2665     13.960    16.2287   3.344409     1.3071     0.0117  0.0964916    93.2081     13.830    25.7054     1.9444 -9.990e-29
       2666     13.961    16.2289   3.344436     1.3063     0.0116  0.0965065    93.2094     13.831    25.7055     1.9426 -9.990e-29
       2667     13.961    16.2290   3.344463     1.3055     0.0116  0.0965234    93.2117     13.831    25.7057     1.9409 -9.990e-29
       2668     13.961    16.2292   3.344491     1.3047     0.0116  0.0965425    93.2155     13.831    25.7058     1.9391 -9.990e-29
       2669     13.961    16.2294   3.344518     1.3039     0.0116  0.0965640    93.2209     13.831    25.7059     1.9374 -9.990e-29
       2670     13.961    16.2295   3.344546     1.3031     0.0116  0.0965879    93.2280     13.831    25.7060     1.9356 -9.990e-29
       2671     13.961    16.2297   3.344573     1.3024     0.0115  0.0966144    93.2364     13.831    25.7061     1.9341 -9.990e-29
       2672     13.961    16.2298   3.344601     1.3016     0.0115  0.0966437    93.2458     13.831    25.7063     1.9323 -9.990e-29
       2673     13.961    16.2299   3.344628     1.3008     0.0115  0.0966760    93.2562     13.831    25.7065     1.9306 -9.990e-29
       2674     13.961    16.2301   3.344656     1.3000     0.0114  0.0967107    93.2679     13.831    25.7066     1.9288 -9.990e-29
       2675     13.961    16.2302   3.344683     1.2992     0.0114  0.0967455    93.2811     13.831    25.7067     1.9270 -9.990e-29
       2676     13.961    16.2304   3.344711     1.2985     0.0114  0.0967781    93.2960     13.831    25.7069     1.9255 -9.990e-29
       2677     13.961    16.2305   3.344738     1.2977     0.0113  0.0968078    93.3121     13.831    25.7070     1.9237 -9.990e-29
       2678     13.961    16.2306   3.344765     1.2969     0.0113  0.0968348    93.3290     13.831    25.7072     1.9219 -9.990e-29
       2679     13.961    16.2308   3.344793     1.2962     0.0113  0.0968594    93.3460     13.831    25.7073     1.9204 -9.990e-29
       2680     13.961    16.2309   3.344819     1.2954     0.0113  0.0968817    93.3624     13.831    25.7075     1.9186 -9.990e-29
       2681     13.961    16.2310   3.344847     1.2946     0.0112  0.0969019    93.3773     13.831    25.7076     1.9168 -9.990e-29
       2682     13.961    16.2311   3.344874     1.2939     0.0112  0.0969201    93.3904     13.831    25.7078     1.9153 -9.990e-29
       2683     13.961    16.2312   3.344901     1.2931     0.0112  0.0969364    93.4017     13.831    25.7080     1.9136 -9.990e-29
       2684     13.961    16.2313   3.344929     1.2924     0.0112  0.0969510    93.4111     13.831    25.7081     1.9121 -9.990e-29
       2685     13.961    16.2314   3.344956     1.2916     0.0112  0.0969640    93.4191     13.831    25.7083     1.9104 -9.990e-29
       2686     13.961    16.2315   3.344982     1.2908     0.0112  0.0969753    93.4265     13.831    25.7085     1.9086 -9.990e-29
       2687     13.961    16.2316   3.345009     1.2901     0.0112  0.0969852    93.4340     13.831    25.7086     1.9071 -9.990e-29
       2688     13.961    16.2317   3.345037     1.2893     0.0111  0.0969937    93.4422     13.831    25.7088     1.9054 -9.990e-29
       2689     13.962    16.2318   3.345064     1.2886     0.0111  0.0970008    93.4512     13.832    25.7090     1.9039 -9.990e-29
       2690     13.962    16.2319   3.345091     1.2878     0.0111  0.0970067    93.4605     13.832    25.7091     1.9021 -9.990e-29
       2691     13.961    16.2320   3.345118     1.2871     0.0111  0.0970112    93.4698     13.831    25.7093     1.9006 -9.990e-29
       2692     13.961    16.2321   3.345145     1.2864     0.0111  0.0970146    93.4788     13.831    25.7095     1.8992 -9.990e-29
       2693     13.961    16.2322   3.345172     1.2856     0.0111  0.0970167    93.4872     13.831    25.7096     1.8974 -9.990e-29
       2694     13.961    16.2323   3.345198     1.2849     0.0111  0.0970177    93.4943     13.831    25.7098     1.8959 -9.990e-29
       2695     13.961    16.2323   3.345225     1.2842     0.0111  0.0970174    93.5001     13.831    25.7100     1.8944 -9.990e-29
       2696     13.961    16.2324   3.345252     1.2834     0.0111  0.0970160    93.5046     13.831    25.7102     1.8927 -9.990e-29
       2697     13.961    16.2325   3.345279     1.2827     0.0111  0.0970134    93.5080     13.831    25.7103     1.8912 -9.990e-29
       2698     13.961    16.2326   3.345306     1.2820     0.0111  0.0970095    93.5109     13.831    25.7105     1.8898 -9.990e-29
       2699     13.961    16.2326   3.345332     1.2813     0.0111  0.0970053    93.5133     13.831    25.7107     1.8883 -9.990e-29
       2700     13.961    16.2327   3.345359     1.2806     0.0111  0.0970023    93.5151     13.831    25.7109     1.8869 -9.990e-29
       2701     13.961    16.2327   3.345385     1.2799     0.0111  0.0970015    93.5164     13.831    25.7111     1.8854 -9.990e-29
       2702     13.961    16.2328   3.345412     1.2792     0.0111  0.0970027    93.5169     13.831    25.7113     1.8840 -9.990e-29
       2703     13.961    16.2329   3.345439     1.2785     0.0111  0.0970061    93.5165     13.831    25.7114     1.8825 -9.990e-29
       2704     13.961    16.2329   3.345464     1.2778     0.0111  0.0970116    93.5150     13.831    25.7117     1.8811 -9.990e-29
       2705     13.961    16.2330   3.345491     1.2771     0.0111  0.0970192    93.5121     13.831    25.7118     1.8796 -9.990e-29
       2706     13.961    16.2330   3.345517     1.2765     0.0111  0.0970291    93.5075     13.831    25.7120     1.8785 -9.990e-29
       2707     13.961    16.2331   3.345544     1.2758     0.0111  0.0970413    93.5008     13.831    25.7122     1.8770 -9.990e-29
       2708     13.961    16.2331   3.345569     1.2751     0.0111  0.0970558    93.4921     13.831    25.7124     1.8756 -9.990e-29
       2709     13.961    16.2331   3.345596     1.2744     0.0111  0.0970729    93.4812     13.831    25.7126     1.8742 -9.990e-29
       2710     13.960    16.2332   3.345622     1.2737     0.0111  0.0970925    93.4684     13.830    25.7128     1.8728 -9.990e-29
       2711     13.960    16.2332   3.345648     1.2731     0.0111  0.0971148    93.4540     13.830    25.7130     1.8716 -9.990e-29
       2712     13.960    16.2333   3.345674     1.2724     0.0111  0.0971401    93.4384     13.830    25.7132     1.8701 -9.990e-29
       2713     13.961    16.2333   3.345701     1.2717     0.0111  0.0971684    93.4221     13.831    25.7134     1.8687 -9.990e-29
       2714     13.961    16.2333   3.345727     1.2710     0.0111  0.0972000    93.4055     13.831    25.7136     1.8672 -9.990e-29
       2715     13.961    16.2334   3.345753     1.2703     0.0111  0.0972350    93.3883     13.831    25.7138     1.8658 -9.990e-29
       2716     13.961    16.2334   3.345779     1.2697     0.0111  0.0972738    93.3700     13.831    25.7140     1.8646 -9.990e-29
       2717     13.960    16.2334   3.345805     1.2690     0.0111  0.0973166    93.3502     13.830    25.7142     1.8632 -9.990e-29
       2718     13.960    16.2334   3.345831     1.2683     0.0111  0.0973637    93.3286     13.830    25.7145     1.8617 -9.990e-29
       2719     13.960    16.2334   3.345857     1.2677     0.0111  0.0974153    93.3052     13.830    25.7147     1.8605 -9.990e-29
       2720     13.960    16.2335   3.345883     1.2670     0.0111  0.0974720    93.2802     13.830    25.7148     1.8591 -9.990e-29
       2721     13.960    16.2335   3.345909     1.2664     0.0111  0.0975341    93.2539     13.830    25.7150     1.8579 -9.990e-29
       2722     13.960    16.2335   3.345935     1.2658     0.0111  0.0976019    93.2270     13.830    25.7153     1.8567 -9.990e-29
       2723     13.960    16.2335   3.345960     1.2651     0.0111  0.0976760    93.2004     13.830    25.7155     1.8552 -9.990e-29
       2724     13.960    16.2335   3.345987     1.2645     0.0111  0.0977561    93.1749     13.830    25.7157     1.8541 -9.990e-29
       2725     13.960    16.2335   3.346013     1.2639     0.0111  0.0978384    93.1513     13.830    25.7159     1.8529 -9.990e-29
       2726     13.960    16.2335   3.346038     1.2633     0.0111  0.0979168    93.1296     13.830    25.7161     1.8517 -9.990e-29
       2727     13.960    16.2336   3.346064     1.2626     0.0111  0.0979874    93.1100     13.830    25.7163     1.8503 -9.990e-29
       2728     13.959    16.2336   3.346089     1.2620     0.0111  0.0980501    93.0923     13.829    25.7165     1.8491 -9.990e-29
       2729     13.959    16.2336   3.346115     1.2614     0.0111  0.0981051    93.0762     13.829    25.7167     1.8479 -9.990e-29
       2730     13.959    16.2336   3.346141     1.2608     0.0111  0.0981530    93.0613     13.829    25.7170     1.8467 -9.990e-29
       2731     13.959    16.2336   3.346167     1.2602     0.0111  0.0981939    93.0468     13.829    25.7172     1.8455 -9.990e-29
       2732     13.959    16.2336   3.346192     1.2596     0.0111  0.0982283    93.0318     13.829    25.7174     1.8444 -9.990e-29
       2733     13.959    16.2336   3.346217     1.2590     0.0111  0.0982563    93.0157     13.829    25.7176     1.8432 -9.990e-29
       2734     13.959    16.2336   3.346243     1.2584     0.0111  0.0982782    92.9986     13.829    25.7178     1.8420 -9.990e-29
       2735     13.959    16.2336   3.346268     1.2577     0.0111  0.0982940    92.9816     13.829    25.7180     1.8406 -9.990e-29
       2736     13.958    16.2336   3.346293     1.2571     0.0111  0.0983040    92.9660     13.828    25.7182     1.8394 -9.990e-29
       2737     13.958    16.2336   3.346318     1.2566     0.0111  0.0983081    92.9530     13.828    25.7185     1.8384 -9.990e-29
       2738     13.958    16.2336   3.346344     1.2560     0.0111  0.0983065    92.9432     13.828    25.7187     1.8372 -9.990e-29
       2739     13.958    16.2336   3.346369     1.2554     0.0111  0.0982990    92.9363     13.828    25.7189     1.8360 -9.990e-29
       2740     13.958    16.2335   3.346394     1.2548     0.0111  0.0982857    92.9316     13.828    25.7192     1.8348 -9.990e-29
       2741     13.958    16.2335   3.346419     1.2542     0.0112  0.0982664    92.9283     13.828    25.7194     1.8335 -9.990e-29
       2742     13.958    16.2335   3.346445     1.2536     0.0112  0.0982410    92.9260     13.828    25.7196     1.8323 -9.990e-29
       2743     13.958    16.2335   3.346469     1.2531     0.0112  0.0982094    92.9245     13.828    25.7198     1.8313 -9.990e-29
       2744     13.958    16.2335   3.346494     1.2525     0.0112  0.0981712    92.9231     13.828    25.7200     1.8300 -9.990e-29
       2745     13.957    16.2335   3.346520     1.2519     0.0112  0.0981263    92.9211     13.827    25.7202     1.8287 -9.990e-29
       2746     13.957    16.2335   3.346545     1.2514     0.0112  0.0980744    92.9184     13.827    25.7205     1.8277 -9.990e-29
       2747     13.957    16.2335   3.346570     1.2508     0.0113  0.0980150    92.9146     13.827    25.7207     1.8264 -9.990e-29
       2748     13.957    16.2335   3.346595     1.2503     0.0113  0.0979478    92.9097     13.827    25.7209     1.8253 -9.990e-29
       2749     13.957    16.2335   3.346620     1.2497     0.0113  0.0978723    92.9036     13.827    25.7211     1.8240 -9.990e-29
       2750     13.957    16.2334   3.346645     1.2492     0.0113  0.0977905    92.8959     13.827    25.7214     1.8229 -9.990e-29
       2751     13.957    16.2334   3.346670     1.2486     0.0114  0.0977087    92.8863     13.827    25.7216     1.8216 -9.990e-29
       2752     13.957    16.2334   3.346695     1.2481     0.0114  0.0976322    92.8748     13.827    25.7218     1.8205 -9.990e-29
       2753     13.957    16.2334   3.346720     1.2475     0.0114  0.0975621    92.8613     13.827    25.7220     1.8192 -9.990e-29
       2754     13.957    16.2334   3.346745     1.2470     0.0114  0.0974981    92.8456     13.827    25.7222     1.8181 -9.990e-29
       2755     13.956    16.2334   3.346769     1.2464     0.0115  0.0974396    92.8280     13.826    25.7224     1.8167 -9.990e-29
       2756     13.956    16.2334   3.346794     1.2459     0.0115  0.0973863    92.8085     13.826    25.7226     1.8156 -9.990e-29
       2757     13.956    16.2333   3.346819     1.2453     0.0115  0.0973377    92.7874     13.826    25.7229     1.8143 -9.990e-29
       2758     13.956    16.2333   3.346844     1.2448     0.0115  0.0972936    92.7655     13.826    25.7231     1.8132 -9.990e-29
       2759     13.956    16.2333   3.346869     1.2443     0.0115  0.0972536    92.7445     13.826    25.7233     1.8121 -9.990e-29
       2760     13.955    16.2333   3.346894     1.2437     0.0116  0.0972175    92.7272     13.825    25.7236     1.8107 -9.990e-29
       2761     13.955    16.2333   3.346917     1.2432     0.0116  0.0971850    92.7163     13.825    25.7237     1.8095 -9.990e-29
       2762     13.955    16.2332   3.346942     1.2426     0.0116  0.0971558    92.7136     13.825    25.7240     1.8082 -9.990e-29
       2763     13.955    16.2332   3.346967     1.2421     0.0116  0.0971299    92.7191     13.825    25.7242     1.8070 -9.990e-29
       2764     13.955    16.2332   3.346992     1.2415     0.0116  0.0971069    92.7313     13.825    25.7245     1.8057 -9.990e-29
       2765     13.954    16.2332   3.347016     1.2410     0.0116  0.0970867    92.7482     13.824    25.7247     1.8045 -9.990e-29
       2766     13.954    16.2331   3.347040     1.2405     0.0116  0.0970693    92.7684     13.824    25.7249     1.8034 -9.990e-29
