data/2022/wednesday_data/Station 2.cnv
* Sea-Bird SBE 9 Data File:
* FileName = C:\Users\ctd-user\Desktop\CTD data\MAR440 Sept 2022\Station 2.hex
* Software Version Seasave V 7.26.2.13
* Temperature SN = 4493
* Conductivity SN = 1899
* Number of Bytes Per Scan = 37
* Number of Voltage Words = 4
* Number of Scans Averaged by the Deck Unit = 1
* NMEA Latitude = 58 20.32 N
* NMEA Longitude = 011 53.53 E
* NMEA UTC (Time) = Sep 07 2022 13:20:06
* NMEA baud rate = 4800
** Ship: Skagerrak
** Station: 3
** Operator: Ida
# nquan = 12                                
# nvalues = 2502                        
# units = specified
# name 0 = scan: Scan Count
# name 1 = prDM: Pressure, Digiquartz [db]
# name 2 = t090C: Temperature [ITS-90, deg C]
# name 3 = c0S/m: Conductivity [S/m]
# name 4 = sbeox0V: Oxygen raw, SBE 43 [V]
# name 5 = flECO-AFL: Fluorescence, WET Labs ECO-AFL/FL [mg/m^3]
# name 6 = upoly0: Upoly 0, Turbidity
# name 7 = xmiss: Beam Transmission, Chelsea/Seatech [%]
# name 8 = depSM: Depth [salt water, m], lat = 58.3387
# name 9 = sal00: Salinity, Practical [PSU]
# name 10 = sbeox0ML/L: Oxygen, SBE 43 [ml/l], WS = 2
# name 11 = flag: flag
# span 0 =          1,       2502       
# span 1 =      1.153,     35.867       
# span 2 =     8.0578,    19.0316       
# span 3 =   3.108520,   3.388946       
# span 4 =     0.5648,     2.8593       
# span 5 =     0.0060,     0.0409       
# span 6 =  0.0941996,  0.1084939       
# span 7 =    67.4573,    93.4621       
# span 8 =      1.142,     35.531       
# span 9 =    23.6345,    31.9749       
# span 10 =     0.1695,     5.7212      
# span 11 = 0.0000e+00, 0.0000e+00      
# interval = seconds: 0.0416667
# start_time = Sep 07 2022 13:20:06 [NMEA time, header]
# bad_flag = -9.990e-29
*END*
[from data line 482]
        483      1.255    18.8828   3.288046     2.8490     0.0141  0.0985905    83.5506      1.243    23.6403     5.6698 -9.990e-29
        484      1.261    18.8824   3.288022     2.8487     0.0141  0.0985929    83.5530      1.249    23.6404     5.6688 -9.990e-29
        485      1.267    18.8819   3.287997     2.8485     0.0141  0.0985949    83.5543      1.255    23.6405     5.6681 -9.990e-29
        486      1.273    18.8814   3.287969     2.8483     0.0142  0.0985964    83.5549      1.261    23.6405     5.6674 -9.990e-29
        487      1.279    18.8808   3.287942     2.8481     0.0142  0.0985976    83.5549      1.267    23.6406     5.6667 -9.990e-29
        488      1.285    18.8802   3.287912     2.8478     0.0142  0.0985984    83.5545      1.273    23.6407     5.6658 -9.990e-29
        489      1.292    18.8795   3.287881     2.8476     0.0142  0.0985988    83.5540      1.280    23.6409     5.6651 -9.990e-29
        490      1.299    18.8788   3.287849     2.8473     0.0143  0.0985988    83.5535      1.287    23.6410     5.6641 -9.990e-29
        491      1.306    18.8779   3.287814     2.8471     0.0143  0.0985984    83.5530      1.294    23.6413     5.6634 -9.990e-29
        492      1.313    18.8770   3.287779     2.8468     0.0143  0.0985977    83.5526      1.301    23.6415     5.6625 -9.990e-29
        493      1.321    18.8761   3.287741     2.8465     0.0143  0.0985966    83.5522      1.309    23.6417     5.6615 -9.990e-29
        494      1.328    18.8750   3.287701     2.8462     0.0144  0.0985951    83.5518      1.316    23.6420     5.6606 -9.990e-29
        495      1.336    18.8738   3.287660     2.8460     0.0144  0.0985932    83.5514      1.324    23.6424     5.6600 -9.990e-29
        496      1.343    18.8725   3.287616     2.8457     0.0144  0.0985908    83.5511      1.331    23.6428     5.6591 -9.990e-29
        497      1.351    18.8711   3.287572     2.8454     0.0144  0.0985880    83.5509      1.338    23.6432     5.6583 -9.990e-29
        498      1.360    18.8696   3.287524     2.8451     0.0144  0.0985848    83.5506      1.347    23.6437     5.6575 -9.990e-29
        499      1.368    18.8679   3.287474     2.8448     0.0144  0.0985811    83.5503      1.355    23.6442     5.6567 -9.990e-29
        500      1.377    18.8661   3.287422     2.8445     0.0144  0.0985769    83.5503      1.364    23.6448     5.6560 -9.990e-29
        501      1.386    18.8642   3.287366     2.8442     0.0145  0.0985722    83.5504      1.373    23.6455     5.6553 -9.990e-29
        502      1.395    18.8620   3.287309     2.8438     0.0145  0.0985669    83.5504      1.382    23.6463     5.6544 -9.990e-29
        503      1.404    18.8597   3.287248     2.8435     0.0145  0.0985610    83.5499      1.391    23.6471     5.6537 -9.990e-29
        504      1.414    18.8573   3.287184     2.8432     0.0145  0.0985545    83.5490      1.401    23.6479     5.6531 -9.990e-29
        505      1.424    18.8547   3.287117     2.8429     0.0145  0.0985472    83.5477      1.411    23.6489     5.6526 -9.990e-29
        506      1.434    18.8521   3.287047     2.8425     0.0145  0.0985393    83.5461      1.421    23.6498     5.6518 -9.990e-29
        507      1.444    18.8495   3.286975     2.8422     0.0145  0.0985305    83.5441      1.431    23.6507     5.6513 -9.990e-29
        508      1.454    18.8469   3.286901     2.8419     0.0145  0.0985209    83.5416      1.440    23.6516     5.6508 -9.990e-29
        509      1.465    18.8444   3.286823     2.8416     0.0145  0.0985104    83.5385      1.451    23.6524     5.6504 -9.990e-29
        510      1.476    18.8420   3.286743     2.8413     0.0145  0.0984989    83.5350      1.462    23.6531     5.6499 -9.990e-29
        511      1.487    18.8398   3.286661     2.8409     0.0145  0.0984863    83.5313      1.473    23.6537     5.6493 -9.990e-29
        512      1.498    18.8377   3.286575     2.8406     0.0145  0.0984725    83.5277      1.484    23.6542     5.6489 -9.990e-29
        513      1.510    18.8358   3.286487     2.8403     0.0145  0.0984575    83.5239      1.496    23.6546     5.6484 -9.990e-29
        514      1.521    18.8340   3.286397     2.8400     0.0145  0.0984411    83.5198      1.507    23.6549     5.6481 -9.990e-29
        515      1.533    18.8324   3.286303     2.8397     0.0145  0.0984242    83.5153      1.519    23.6551     5.6477 -9.990e-29
        516      1.545    18.8309   3.286207     2.8394     0.0145  0.0984081    83.5105      1.531    23.6552     5.6473 -9.990e-29
        517      1.557    18.8294   3.286108     2.8391     0.0145  0.0983938    83.5055      1.543    23.6552     5.6470 -9.990e-29
        518      1.570    18.8281   3.286008     2.8388     0.0145  0.0983810    83.5005      1.555    23.6552     5.6466 -9.990e-29
        519      1.582    18.8267   3.285908     2.8385     0.0146  0.0983698    83.4954      1.567    23.6552     5.6463 -9.990e-29
        520      1.595    18.8254   3.285806     2.8383     0.0146  0.0983599    83.4900      1.580    23.6551     5.6462 -9.990e-29
        521      1.608    18.8240   3.285707     2.8380     0.0146  0.0983515    83.4846      1.593    23.6551     5.6459 -9.990e-29
        522      1.622    18.8226   3.285608     2.8377     0.0146  0.0983443    83.4794      1.607    23.6551     5.6456 -9.990e-29
        523      1.635    18.8212   3.285510     2.8374     0.0146  0.0983384    83.4745      1.620    23.6551     5.6454 -9.990e-29
        524      1.649    18.8197   3.285415     2.8372     0.0147  0.0983337    83.4696      1.634    23.6552     5.6454 -9.990e-29
        525      1.662    18.8181   3.285323     2.8369     0.0147  0.0983301    83.4650      1.647    23.6554     5.6451 -9.990e-29
        526      1.676    18.8166   3.285234     2.8367     0.0147  0.0983277    83.4605      1.660    23.6555     5.6451 -9.990e-29
        527      1.691    18.8151   3.285146     2.8364     0.0148  0.0983265    83.4561      1.675    23.6557     5.6449 -9.990e-29
        528      1.705    18.8135   3.285061     2.8362     0.0148  0.0983263    83.4513      1.689    23.6559     5.6449 -9.990e-29
        529      1.720    18.8119   3.284975     2.8359     0.0149  0.0983273    83.4461      1.704    23.6561     5.6447 -9.990e-29
        530      1.735    18.8102   3.284892     2.8357     0.0149  0.0983294    83.4402      1.719    23.6564     5.6448 -9.990e-29
        531      1.750    18.8084   3.284807     2.8354     0.0150  0.0983327    83.4337      1.734    23.6568     5.6446 -9.990e-29
        532      1.766    18.8064   3.284721     2.8352     0.0150  0.0983371    83.4266      1.750    23.6572     5.6446 -9.990e-29
        533      1.781    18.8042   3.284634     2.8350     0.0151  0.0983428    83.4191      1.764    23.6578     5.6447 -9.990e-29
        534      1.797    18.8018   3.284547     2.8348     0.0152  0.0983496    83.4112      1.780    23.6584     5.6448 -9.990e-29
        535      1.813    18.7994   3.284458     2.8345     0.0153  0.0983578    83.4029      1.796    23.6591     5.6447 -9.990e-29
        536      1.829    18.7968   3.284368     2.8343     0.0154  0.0983673    83.3943      1.812    23.6599     5.6448 -9.990e-29
        537      1.845    18.7942   3.284278     2.8341     0.0155  0.0983782    83.3855      1.828    23.6606     5.6449 -9.990e-29
        538      1.861    18.7917   3.284188     2.8339     0.0156  0.0983906    83.3764      1.844    23.6613     5.6451 -9.990e-29
        539      1.878    18.7892   3.284099     2.8337     0.0157  0.0984046    83.3672      1.861    23.6620     5.6452 -9.990e-29
        540      1.894    18.7869   3.284009     2.8335     0.0158  0.0984202    83.3578      1.876    23.6626     5.6452 -9.990e-29
        541      1.911    18.7847   3.283920     2.8333     0.0160  0.0984368    83.3483      1.893    23.6632     5.6453 -9.990e-29
        542      1.928    18.7825   3.283830     2.8331     0.0161  0.0984527    83.3387      1.910    23.6637     5.6454 -9.990e-29
        543      1.946    18.7803   3.283738     2.8329     0.0162  0.0984672    83.3288      1.928    23.6642     5.6454 -9.990e-29
        544      1.963    18.7783   3.283644     2.8327     0.0163  0.0984804    83.3188      1.945    23.6646     5.6454 -9.990e-29
        545      1.981    18.7763   3.283546     2.8325     0.0164  0.0984924    83.3086      1.963    23.6650     5.6455 -9.990e-29
        546      1.998    18.7744   3.283448     2.8323     0.0165  0.0985033    83.2983      1.979    23.6652     5.6455 -9.990e-29
        547      2.016    18.7727   3.283349     2.8322     0.0166  0.0985132    83.2877      1.997    23.6654     5.6457 -9.990e-29
        548      2.034    18.7710   3.283249     2.8320     0.0167  0.0985229    83.2770      2.015    23.6656     5.6457 -9.990e-29
        549      2.052    18.7694   3.283150     2.8318     0.0168  0.0985334    83.2664      2.033    23.6657     5.6457 -9.990e-29
        550      2.070    18.7679   3.283053     2.8316     0.0169  0.0985439    83.2558      2.051    23.6658     5.6456 -9.990e-29
        551      2.088    18.7664   3.282957     2.8315     0.0170  0.0985537    83.2450      2.069    23.6659     5.6458 -9.990e-29
        552      2.107    18.7650   3.282864     2.8313     0.0170  0.0985628    83.2341      2.087    23.6659     5.6457 -9.990e-29
        553      2.125    18.7638   3.282774     2.8312     0.0171  0.0985712    83.2229      2.105    23.6659     5.6459 -9.990e-29
        554      2.144    18.7626   3.282685     2.8310     0.0172  0.0985791    83.2111      2.124    23.6659     5.6458 -9.990e-29
        555      2.163    18.7615   3.282600     2.8309     0.0172  0.0985865    83.1988      2.143    23.6658     5.6459 -9.990e-29
        556      2.181    18.7605   3.282516     2.8307     0.0173  0.0985934    83.1860      2.161    23.6657     5.6457 -9.990e-29
        557      2.200    18.7596   3.282434     2.8306     0.0173  0.0985999    83.1729      2.180    23.6656     5.6458 -9.990e-29
        558      2.219    18.7588   3.282356     2.8304     0.0174  0.0986060    83.1597      2.198    23.6654     5.6456 -9.990e-29
        559      2.238    18.7580   3.282280     2.8303     0.0174  0.0986118    83.1462      2.217    23.6652     5.6456 -9.990e-29
        560      2.257    18.7574   3.282206     2.8302     0.0175  0.0986173    83.1326      2.236    23.6650     5.6456 -9.990e-29
        561      2.276    18.7568   3.282135     2.8300     0.0175  0.0986225    83.1188      2.255    23.6647     5.6454 -9.990e-29
        562      2.295    18.7563   3.282066     2.8299     0.0176  0.0986276    83.1053      2.274    23.6645     5.6453 -9.990e-29
        563      2.314    18.7559   3.282000     2.8298     0.0177  0.0986324    83.0921      2.292    23.6642     5.6452 -9.990e-29
        564      2.334    18.7556   3.281936     2.8296     0.0177  0.0986372    83.0794      2.312    23.6638     5.6449 -9.990e-29
        565      2.353    18.7554   3.281875     2.8295     0.0178  0.0986418    83.0671      2.331    23.6635     5.6448 -9.990e-29
        566      2.372    18.7552   3.281816     2.8294     0.0178  0.0986463    83.0553      2.350    23.6631     5.6446 -9.990e-29
        567      2.392    18.7551   3.281761     2.8292     0.0179  0.0986508    83.0441      2.370    23.6627     5.6442 -9.990e-29
        568      2.411    18.7550   3.281708     2.8291     0.0179  0.0986552    83.0336      2.389    23.6623     5.6440 -9.990e-29
        569      2.431    18.7550   3.281658     2.8290     0.0180  0.0986597    83.0239      2.408    23.6619     5.6438 -9.990e-29
        570      2.451    18.7550   3.281611     2.8289     0.0181  0.0986642    83.0151      2.428    23.6616     5.6436 -9.990e-29
        571      2.470    18.7551   3.281567     2.8287     0.0181  0.0986688    83.0072      2.447    23.6611     5.6431 -9.990e-29
        572      2.490    18.7552   3.281526     2.8286     0.0182  0.0986735    83.0000      2.467    23.6608     5.6428 -9.990e-29
        573      2.510    18.7553   3.281487     2.8285     0.0183  0.0986784    82.9930      2.487    23.6604     5.6426 -9.990e-29
        574      2.530    18.7554   3.281451     2.8284     0.0183  0.0986834    82.9862      2.506    23.6600     5.6423 -9.990e-29
        575      2.550    18.7554   3.281416     2.8282     0.0184  0.0986886    82.9795      2.526    23.6597     5.6417 -9.990e-29
        576      2.570    18.7554   3.281384     2.8281     0.0185  0.0986941    82.9732      2.546    23.6595     5.6414 -9.990e-29
        577      2.590    18.7554   3.281355     2.8280     0.0186  0.0986998    82.9675      2.566    23.6593     5.6411 -9.990e-29
        578      2.610    18.7554   3.281328     2.8278     0.0186  0.0987059    82.9625      2.586    23.6590     5.6406 -9.990e-29
        579      2.630    18.7554   3.281301     2.8277     0.0187  0.0987124    82.9581      2.606    23.6588     5.6403 -9.990e-29
        580      2.650    18.7555   3.281279     2.8276     0.0188  0.0987192    82.9541      2.625    23.6586     5.6400 -9.990e-29
        581      2.671    18.7555   3.281257     2.8274     0.0189  0.0987266    82.9499      2.646    23.6584     5.6395 -9.990e-29
        582      2.691    18.7557   3.281239     2.8273     0.0190  0.0987344    82.9454      2.666    23.6581     5.6392 -9.990e-29
        583      2.712    18.7559   3.281222     2.8271     0.0192  0.0987428    82.9405      2.687    23.6579     5.6386 -9.990e-29
        584      2.732    18.7560   3.281207     2.8270     0.0193  0.0987518    82.9350      2.707    23.6577     5.6384 -9.990e-29
        585      2.753    18.7562   3.281192     2.8268     0.0194  0.0987615    82.9291      2.727    23.6575     5.6379 -9.990e-29
        586      2.774    18.7562   3.281178     2.8266     0.0196  0.0987720    82.9228      2.748    23.6573     5.6374 -9.990e-29
        587      2.795    18.7563   3.281164     2.8265     0.0197  0.0987833    82.9165      2.769    23.6572     5.6372 -9.990e-29
        588      2.816    18.7564   3.281151     2.8263     0.0199  0.0987955    82.9105      2.790    23.6570     5.6367 -9.990e-29
        589      2.837    18.7564   3.281138     2.8262     0.0201  0.0988086    82.9050      2.811    23.6569     5.6366 -9.990e-29
        590      2.858    18.7564   3.281125     2.8260     0.0203  0.0988229    82.9003      2.831    23.6568     5.6362 -9.990e-29
        591      2.879    18.7564   3.281113     2.8258     0.0205  0.0988384    82.8959      2.852    23.6567     5.6358 -9.990e-29
        592      2.900    18.7564   3.281103     2.8256     0.0207  0.0988551    82.8919      2.873    23.6566     5.6354 -9.990e-29
        593      2.922    18.7563   3.281093     2.8254     0.0209  0.0988724    82.8882      2.895    23.6566     5.6351 -9.990e-29
        594      2.943    18.7563   3.281086     2.8253     0.0212  0.0988886    82.8849      2.916    23.6565     5.6351 -9.990e-29
        595      2.965    18.7562   3.281079     2.8251     0.0213  0.0989031    82.8818      2.937    23.6565     5.6348 -9.990e-29
        596      2.987    18.7560   3.281073     2.8249     0.0215  0.0989160    82.8788      2.959    23.6566     5.6346 -9.990e-29
        597      3.009    18.7557   3.281065     2.8247     0.0217  0.0989273    82.8758      2.981    23.6567     5.6344 -9.990e-29
        598      3.030    18.7554   3.281059     2.8246     0.0218  0.0989371    82.8730      3.002    23.6568     5.6345 -9.990e-29
        599      3.052    18.7551   3.281052     2.8244     0.0220  0.0989454    82.8707      3.024    23.6569     5.6344 -9.990e-29
        600      3.074    18.7547   3.281046     2.8243     0.0221  0.0989524    82.8690      3.045    23.6571     5.6346 -9.990e-29
        601      3.096    18.7544   3.281040     2.8241     0.0222  0.0989581    82.8677      3.067    23.6572     5.6345 -9.990e-29
