data/2021/ctd_data_day2/station4.cnv
* Sea-Bird SBE 9 Data File:
* FileName = C:\Users\CTD-User\Desktop\MAR440\day2\station4.hex
* Software Version Seasave V 7.26.2.13
* Temperature SN = 6313
* Conductivity SN = 4758
* Number of Bytes Per Scan = 37
* Number of Voltage Words = 4
* Number of Scans Averaged by the Deck Unit = 1
* NMEA Latitude = 58 19.41 N
* NMEA Longitude = 011 50.05 E
* NMEA UTC (Time) = Sep 22 2021 10:00:00
* NMEA baud rate = 4800
** Ship: Skagerrak
** Station: station4
** Operator: group2green
# nquan = 9
# nvalues = 2885                                  
# units = specified
# name 0 = scan: Scan Count
# name 1 = prDM: Pressure, Digiquartz [db]
# name 2 = t090C: Temperature [ITS-90, deg C]
# name 3 = c0S/m: Conductivity [S/m]
# name 4 = sbeox0V: Oxygen raw, SBE 43 [V]
# name 5 = sbeox1V: Oxygen raw, SBE 43, 2 [V]
# name 6 = flECO-AFL: Fluorescence, WET Labs ECO-AFL/FL [mg/m^3]
# name 7 = upoly0: Upoly 0, Turbidity
# name 8 = flag:  0.000e+00
# span 0 =          1,       2885                 
# span 1 =      0.936,     15.080                 
# span 2 =    13.1755,    16.1519                 
# span 3 =   2.888738,   3.430904                 
# span 4 =     1.5029,     2.8889                 
# span 5 =     1.5188,     2.8315                 
# span 6 =     0.0040,     0.0060                 
# span 7 =  0.0913272,  0.1885189                 
# span 8 = 0.0000e+00, 0.0000e+00                 
# interval = seconds: 0.0416667
# start_time = Sep 22 2021 10:00:00 [NMEA time, header]
# bad_flag = -9.990e-29
*END*
[from data line 1281]
       1282      1.082    14.7586   2.902349     2.8681     2.8144     0.0053  0.1763089  0.000e+00
       1283      1.049    14.7566   2.902251     2.8681     2.8144     0.0051  0.1763089  0.000e+00
       1284      1.082    14.7527   2.902010     2.8693     2.8132     0.0051  0.1763089  0.000e+00
       1285      1.049    14.7502   2.901687     2.8669     2.8144     0.0051  0.1763089  0.000e+00
       1286      1.082    14.7493   2.901550     2.8669     2.8144     0.0051  0.1763089  0.000e+00
       1287      1.049    14.7504   2.901550     2.8693     2.8144     0.0051  0.1763089  0.000e+00
       1288      1.082    14.7507   2.901429     2.8693     2.8132     0.0051  0.1763089  0.000e+00
       1289      1.115    14.7513   2.901347     2.8669     2.8132     0.0051  0.1763089  0.000e+00
       1290      1.082    14.7517   2.901374     2.8669     2.8132     0.0051  0.1763089  0.000e+00
       1291      1.115    14.7526   2.901435     2.8669     2.8144     0.0051  0.1763089  0.000e+00
       1292      1.082    14.7538   2.901588     2.8693     2.8132     0.0051  0.1763089  0.000e+00
       1293      1.049    14.7556   2.901862     2.8693     2.8132     0.0051  0.1763089  0.000e+00
       1294      1.082    14.7551   2.901993     2.8693     2.8132     0.0051  0.1763089  0.000e+00
       1295      1.115    14.7505   2.901692     2.8693     2.8144     0.0051  0.1763089  0.000e+00
       1296      1.082    14.7452   2.901073     2.8681     2.8144     0.0051  0.1763089  0.000e+00
       1297      1.049    14.7419   2.900389     2.8693     2.8144     0.0051  0.1763089  0.000e+00
       1298      1.082    14.7396   2.899918     2.8693     2.8144     0.0051  0.1763089  0.000e+00
       1299      1.049    14.7386   2.899715     2.8693     2.8144     0.0051  0.1763089  0.000e+00
       1300      1.082    14.7390   2.899721     2.8681     2.8132     0.0051  0.1763089  0.000e+00
       1301      1.049    14.7388   2.899644     2.8693     2.8144     0.0051  0.1763089  0.000e+00
       1302      1.082    14.7381   2.899584     2.8706     2.8132     0.0051  0.1763089  0.000e+00
       1303      1.049    14.7411   2.899671     2.8693     2.8132     0.0051  0.1763089  0.000e+00
       1304      1.024    14.7425   2.899792     2.8681     2.8132     0.0051  0.1758205  0.000e+00
       1305      1.049    14.7407   2.899879     2.8693     2.8132     0.0046  0.1743553  0.000e+00
       1306      1.082    14.7410   2.899797     2.8706     2.8132     0.0046  0.1733785  0.000e+00
       1307      0.991    14.7458   2.900181     2.8706     2.8144     0.0046  0.1733785  0.000e+00
       1308      1.082    14.7515   2.900777     2.8693     2.8144     0.0046  0.1743553  0.000e+00
       1309      1.049    14.7551   2.901418     2.8693     2.8144     0.0046  0.1743553  0.000e+00
       1310      1.082    14.7566   2.901846     2.8693     2.8144     0.0046  0.1743553  0.000e+00
       1311      1.049    14.7568   2.901939     2.8706     2.8144     0.0046  0.1733785  0.000e+00
       1312      1.081    14.7566   2.902103     2.8706     2.8144     0.0046  0.1733785  0.000e+00
       1313      1.048    14.7561   2.901988     2.8693     2.8144     0.0046  0.1743553  0.000e+00
       1314      1.024    14.7563   2.901895     2.8693     2.8144     0.0046  0.1743553  0.000e+00
       1315      1.114    14.7566   2.901961     2.8693     2.8144     0.0046  0.1733785  0.000e+00
       1316      1.024    14.7558   2.902070     2.8706     2.8144     0.0046  0.1743553  0.000e+00
       1317      1.114    14.7546   2.901687     2.8693     2.8144     0.0046  0.1733785  0.000e+00
       1318      1.081    14.7546   2.901594     2.8681     2.8144     0.0046  0.1733785  0.000e+00
       1319      1.048    14.7544   2.901692     2.8693     2.8144     0.0046  0.1738669  0.000e+00
       1320      1.081    14.7536   2.901654     2.8693     2.8132     0.0046  0.1743553  0.000e+00
       1321      1.048    14.7544   2.901659     2.8706     2.8144     0.0046  0.1733785  0.000e+00
       1322      1.081    14.7561   2.901621     2.8693     2.8132     0.0046  0.1733785  0.000e+00
       1323      1.048    14.7571   2.901692     2.8693     2.8144     0.0046  0.1733785  0.000e+00
       1324      1.081    14.7563   2.901840     2.8693     2.8132     0.0046  0.1733785  0.000e+00
       1325      1.048    14.7565   2.901944     2.8706     2.8132     0.0046  0.1733785  0.000e+00
       1326      1.081    14.7571   2.902103     2.8706     2.8144     0.0046  0.1743553  0.000e+00
       1327      1.048    14.7578   2.902108     2.8706     2.8132     0.0046  0.1733785  0.000e+00
       1328      1.081    14.7586   2.902158     2.8693     2.8132     0.0046  0.1733785  0.000e+00
       1329      1.048    14.7588   2.902245     2.8693     2.8144     0.0046  0.1733785  0.000e+00
       1330      1.081    14.7586   2.902366     2.8706     2.8144     0.0046  0.1767973  0.000e+00
       1331      1.048    14.7586   2.902251     2.8706     2.8132     0.0046  0.1792393  0.000e+00
       1332      1.081    14.7588   2.902289     2.8693     2.8132     0.0046  0.1797277  0.000e+00
       1333      1.048    14.7596   2.902377     2.8693     2.8144     0.0046  0.1792393  0.000e+00
       1334      1.081    14.7600   2.902481     2.8693     2.8132     0.0046  0.1792393  0.000e+00
       1335      1.048    14.7597   2.902508     2.8718     2.8144     0.0046  0.1792393  0.000e+00
       1336      1.081    14.7598   2.902464     2.8706     2.8132     0.0046  0.1792393  0.000e+00
       1337      1.048    14.7600   2.902514     2.8693     2.8144     0.0046  0.1792393  0.000e+00
       1338      1.023    14.7602   2.902618     2.8693     2.8144     0.0046  0.1792393  0.000e+00
       1339      1.114    14.7602   2.902662     2.8693     2.8144     0.0046  0.1792393  0.000e+00
       1340      1.023    14.7598   2.902585     2.8718     2.8144     0.0046  0.1792393  0.000e+00
       1341      1.114    14.7588   2.902459     2.8706     2.8144     0.0046  0.1792393  0.000e+00
       1342      1.081    14.7585   2.902382     2.8706     2.8144     0.0046  0.1792393  0.000e+00
       1343      1.048    14.7580   2.902267     2.8693     2.8144     0.0046  0.1792393  0.000e+00
       1344      1.023    14.7578   2.902130     2.8706     2.8144     0.0046  0.1792393  0.000e+00
       1345      1.114    14.7576   2.902158     2.8718     2.8144     0.0046  0.1792393  0.000e+00
       1346      1.023    14.7559   2.902141     2.8693     2.8144     0.0046  0.1792393  0.000e+00
       1347      1.048    14.7549   2.902103     2.8693     2.8144     0.0046  0.1792393  0.000e+00
       1348      1.081    14.7549   2.902098     2.8693     2.8144     0.0046  0.1792393  0.000e+00
       1349      1.048    14.7548   2.902076     2.8706     2.8144     0.0046  0.1792393  0.000e+00
       1350      1.023    14.7536   2.902070     2.8718     2.8144     0.0046  0.1792393  0.000e+00
       1351      1.048    14.7532   2.901972     2.8706     2.8144     0.0046  0.1792393  0.000e+00
       1352      1.081    14.7536   2.901895     2.8693     2.8144     0.0046  0.1792393  0.000e+00
       1353      0.990    14.7536   2.901999     2.8693     2.8144     0.0046  0.1792393  0.000e+00
       1354      1.081    14.7554   2.902087     2.8706     2.8144     0.0046  0.1792393  0.000e+00
       1355      1.048    14.7570   2.902097     2.8706     2.8144     0.0046  0.1792393  0.000e+00
       1356      1.023    14.7578   2.902054     2.8706     2.8144     0.0048  0.1787509  0.000e+00
       1357      1.048    14.7574   2.902059     2.8693     2.8144     0.0048  0.1787509  0.000e+00
       1358      1.080    14.7570   2.902130     2.8693     2.8144     0.0048  0.1787509  0.000e+00
       1359      0.990    14.7576   2.902152     2.8706     2.8156     0.0048  0.1787509  0.000e+00
       1360      1.080    14.7585   2.902234     2.8706     2.8156     0.0048  0.1787509  0.000e+00
       1361      1.113    14.7583   2.902300     2.8693     2.8156     0.0048  0.1787509  0.000e+00
       1362      1.023    14.7574   2.902169     2.8693     2.8156     0.0048  0.1787509  0.000e+00
       1363      1.113    14.7565   2.902004     2.8693     2.8144     0.0048  0.1787509  0.000e+00
       1364      1.080    14.7566   2.901900     2.8718     2.8156     0.0048  0.1787509  0.000e+00
       1365      1.113    14.7551   2.901780     2.8706     2.8144     0.0048  0.1787509  0.000e+00
       1366      1.023    14.7566   2.901911     2.8693     2.8144     0.0048  0.1787509  0.000e+00
       1367      1.113    14.7585   2.902229     2.8693     2.8144     0.0048  0.1787509  0.000e+00
       1368      1.080    14.7591   2.902580     2.8693     2.8144     0.0048  0.1787509  0.000e+00
       1369      1.047    14.7595   2.902651     2.8706     2.8144     0.0048  0.1787509  0.000e+00
       1370      1.080    14.7617   2.902782     2.8693     2.8144     0.0048  0.1787509  0.000e+00
       1371      1.113    14.7622   2.902974     2.8681     2.8144     0.0048  0.1787509  0.000e+00
       1372      1.080    14.7846   2.903105     2.8755     2.8144     0.0048  0.1787509  0.000e+00
       1373      1.047    14.7640   2.903111     2.8645     2.8132     0.0048  0.1787509  0.000e+00
       1374      1.023    14.7630   2.903083     2.8681     2.8144     0.0048  0.1787509  0.000e+00
       1375      1.113    14.7591   2.902996     2.8693     2.8144     0.0048  0.1787509  0.000e+00
       1376      1.022    14.7554   2.902684     2.8693     2.8144     0.0048  0.1787509  0.000e+00
       1377      1.047    14.7548   2.902360     2.8693     2.8144     0.0048  0.1787509  0.000e+00
       1378      1.080    14.7574   2.902245     2.8706     2.8156     0.0048  0.1787509  0.000e+00
       1379      1.047    14.7595   2.902437     2.8706     2.8156     0.0048  0.1787509  0.000e+00
       1380      1.022    14.7600   2.902525     2.8693     2.8156     0.0048  0.1787509  0.000e+00
       1381      1.047    14.7591   2.902514     2.8693     2.8156     0.0049  0.1816813  0.000e+00
       1382      1.080    14.7583   2.902426     2.8693     2.8156     0.0049  0.1836349  0.000e+00
       1383      0.989    14.7574   2.902092     2.8706     2.8156     0.0049  0.1841233  0.000e+00
       1384      1.080    14.7738   2.902152     2.8779     2.8156     0.0049  0.1841233  0.000e+00
       1385      1.047    14.7595   2.902163     2.8693     2.8156     0.0049  0.1836349  0.000e+00
       1386      1.022    14.7585   2.902212     2.8645     2.8144     0.0049  0.1841233  0.000e+00
       1387      1.113    14.7586   2.902196     2.8681     2.8156     0.0049  0.1841233  0.000e+00
       1388      1.022    14.7586   2.902240     2.8718     2.8156     0.0049  0.1841233  0.000e+00
       1389      1.113    14.7591   2.902240     2.8706     2.8156     0.0049  0.1841233  0.000e+00
       1390      1.022    14.7588   2.902333     2.8706     2.8156     0.0049  0.1841233  0.000e+00
       1391      1.113    14.7588   2.902432     2.8693     2.8144     0.0049  0.1841233  0.000e+00
       1392      1.022    14.7593   2.902432     2.8706     2.8156     0.0049  0.1836349  0.000e+00
       1393      1.113    14.7593   2.902382     2.8718     2.8144     0.0049  0.1841233  0.000e+00
       1394      1.080    14.7590   2.902328     2.8706     2.8144     0.0049  0.1841233  0.000e+00
       1395      1.047    14.7586   2.902355     2.8706     2.8144     0.0049  0.1841233  0.000e+00
       1396      1.080    14.7583   2.902273     2.8693     2.8144     0.0049  0.1841233  0.000e+00
       1397      1.113    14.7582   2.902234     2.8706     2.8144     0.0049  0.1841233  0.000e+00
       1398      1.080    14.7580   2.902273     2.8718     2.8144     0.0049  0.1836349  0.000e+00
       1399      1.047    14.7581   2.902223     2.8706     2.8156     0.0049  0.1841233  0.000e+00
       1400      1.080    14.7583   2.902147     2.8706     2.8156     0.0049  0.1841233  0.000e+00
       1401      1.047    14.7588   2.902147     2.8693     2.8156     0.0049  0.1841233  0.000e+00
       1402      1.080    14.7590   2.902333     2.8718     2.8156     0.0049  0.1841233  0.000e+00
       1403      1.047    14.7588   2.902377     2.8718     2.8156     0.0049  0.1836349  0.000e+00
       1404      1.080    14.7592   2.902328     2.8706     2.8156     0.0049  0.1841233  0.000e+00
       1405      1.047    14.7586   2.902212     2.8693     2.8156     0.0049  0.1836349  0.000e+00
       1406      1.080    14.7578   2.902032     2.8693     2.8156     0.0049  0.1831465  0.000e+00
       1407      1.112    14.7580   2.902152     2.8718     2.8156     0.0048  0.1807045  0.000e+00
       1408      1.079    14.7581   2.902207     2.8706     2.8156     0.0048  0.1797277  0.000e+00
       1409      1.047    14.7583   2.902245     2.8693     2.8156     0.0048  0.1797277  0.000e+00
       1410      1.079    14.7582   2.902240     2.8693     2.8156     0.0048  0.1797277  0.000e+00
       1411      1.112    14.7583   2.902234     2.8693     2.8168     0.0048  0.1797277  0.000e+00
       1412      1.079    14.7581   2.902273     2.8718     2.8168     0.0048  0.1797277  0.000e+00
       1413      1.046    14.7583   2.902229     2.8706     2.8156     0.0048  0.1797277  0.000e+00
       1414      1.079    14.7580   2.902267     2.8706     2.8168     0.0048  0.1797277  0.000e+00
       1415      1.112    14.7581   2.902289     2.8693     2.8168     0.0048  0.1797277  0.000e+00
       1416      1.022    14.7585   2.902223     2.8693     2.8156     0.0048  0.1797277  0.000e+00
       1417      1.112    14.7585   2.902251     2.8706     2.8156     0.0048  0.1797277  0.000e+00
       1418      1.022    14.7586   2.902218     2.8693     2.8156     0.0048  0.1797277  0.000e+00
       1419      1.046    14.7580   2.902245     2.8693     2.8156     0.0048  0.1797277  0.000e+00
       1420      1.022    14.7574   2.902240     2.8693     2.8156     0.0048  0.1797277  0.000e+00
       1421      1.046    14.7570   2.902048     2.8706     2.8156     0.0048  0.1797277  0.000e+00
       1422      1.022    14.7570   2.901741     2.8706     2.8156     0.0048  0.1797277  0.000e+00
       1423      1.046    14.7573   2.901785     2.8693     2.8156     0.0048  0.1797277  0.000e+00
       1424      1.079    14.7574   2.902048     2.8693     2.8156     0.0048  0.1797277  0.000e+00
       1425      0.988    14.7576   2.902087     2.8693     2.8156     0.0048  0.1797277  0.000e+00
       1426      1.079    14.7580   2.902010     2.8706     2.8156     0.0048  0.1797277  0.000e+00
       1427      1.046    14.7583   2.901928     2.8706     2.8156     0.0048  0.1797277  0.000e+00
       1428      1.079    14.7583   2.902191     2.8706     2.8168     0.0048  0.1797277  0.000e+00
       1429      1.046    14.7585   2.902185     2.8693     2.8156     0.0048  0.1797277  0.000e+00
       1430      1.137    14.7586   2.902174     2.8693     2.8168     0.0048  0.1797277  0.000e+00
       1431      1.046    14.7585   2.902202     2.8706     2.8156     0.0048  0.1797277  0.000e+00
       1432      1.079    14.7588   2.902267     2.8706     2.8168     0.0048  0.1782625  0.000e+00
       1433      1.170    14.7595   2.902306     2.8693     2.8168     0.0048  0.1767973  0.000e+00
       1434      1.079    14.7596   2.902256     2.8693     2.8168     0.0048  0.1767973  0.000e+00
       1435      1.112    14.7593   2.902273     2.8693     2.8156     0.0048  0.1767973  0.000e+00
       1436      1.137    14.7586   2.902306     2.8718     2.8168     0.0048  0.1767973  0.000e+00
       1437      1.112    14.7580   2.902191     2.8706     2.8168     0.0048  0.1767973  0.000e+00
       1438      1.137    14.7574   2.902136     2.8693     2.8168     0.0048  0.1767973  0.000e+00
       1439      1.046    14.7576   2.902103     2.8693     2.8168     0.0048  0.1767973  0.000e+00
       1440      1.136    14.7580   2.902158     2.8693     2.8168     0.0048  0.1767973  0.000e+00
