data/2021/ctd_data_day2/station4_ctm_fil_le_der.cnv
* Sea-Bird SBE 9 Data File:
* FileName = C:\Users\CTD-User\Desktop\MAR440\day2\station4.hex
* Software Version Seasave V 7.26.2.13
* Temperature SN = 6313
* Conductivity SN = 4758
* Number of Bytes Per Scan = 37
* Number of Voltage Words = 4
* Number of Scans Averaged by the Deck Unit = 1
* NMEA Latitude = 58 19.41 N
* NMEA Longitude = 011 50.05 E
* NMEA UTC (Time) = Sep 22 2021 10:00:00
* NMEA baud rate = 4800
** Ship: Skagerrak
** Station: station4
** Operator: group2green
# nquan = 13                                
# nvalues = 2885                        
# units = specified
# name 0 = scan: Scan Count
# name 1 = prDM: Pressure, Digiquartz [db]
# name 2 = t090C: Temperature [ITS-90, deg C]
# name 3 = c0S/m: Conductivity [S/m]
# name 4 = sbeox0V: Oxygen raw, SBE 43 [V]
# name 5 = sbeox1V: Oxygen raw, SBE 43, 2 [V]
# name 6 = flECO-AFL: Fluorescence, WET Labs ECO-AFL/FL [mg/m^3]
# name 7 = upoly0: Upoly 0, Turbidity
# name 8 = depSM: Depth [salt water, m], lat = 58.3235
# name 9 = sal00: Salinity, Practical [PSU]
# name 10 = sbeox0ML/L: Oxygen, SBE 43 [ml/l], WS = 2
# name 11 = sbeox1ML/L: Oxygen, SBE 43, 2 [ml/l], WS = 2
# name 12 = flag: flag
# span 0 =          1,       2885       
# span 1 =      1.014,     14.941       
# span 2 =    13.2524,    16.0381       
# span 3 =   2.889518,   3.419945       
# span 4 =     1.5512,     2.8831       
# span 5 =     1.5676,     2.8305       
# span 6 =     0.0040,     0.0060       
# span 7 =  0.0914191,  0.1845063       
# span 8 =      1.005,     14.802       
# span 9 =    22.7524,    28.4258       
# span 10 =     2.8448,     7.1064      
# span 11 =     2.6133,     6.0742      
# span 12 = 0.0000e+00, 0.0000e+00      
# interval = seconds: 0.0416667
# start_time = Sep 22 2021 10:00:00 [NMEA time, header]
# bad_flag = -9.990e-29
*END*
[from data line 2223]
       2224      1.152    14.6927   2.891213     2.8796     2.8304     0.0048  0.1751516      1.141    22.7610     7.1058     6.0696 -9.990e-29
       2225      1.163    14.6934   2.891326     2.8797     2.8304     0.0048  0.1754054      1.152    22.7616     7.1060     6.0693 0.0000e+00
       2226      1.175    14.6941   2.891449     2.8797     2.8304     0.0048  0.1756376      1.164    22.7622     7.1059     6.0690 0.0000e+00
       2227      1.187    14.6949   2.891582     2.8798     2.8304     0.0048  0.1758507      1.176    22.7629     7.1061     6.0686 0.0000e+00
       2228      1.201    14.6958   2.891726     2.8799     2.8304     0.0048  0.1760470      1.190    22.7636     7.1062     6.0683 0.0000e+00
       2229      1.215    14.6967   2.891883     2.8800     2.8304     0.0048  0.1762280      1.204    22.7645     7.1064     6.0679 0.0000e+00
       2230      1.230    14.6978   2.892052     2.8800     2.8304     0.0048  0.1763947      1.219    22.7653     7.1062     6.0676 0.0000e+00
       2231      1.245    14.6989   2.892235     2.8801     2.8303     0.0048  0.1765485      1.233    22.7662     7.1062     6.0669 0.0000e+00
       2232      1.261    14.7001   2.892432     2.8802     2.8303     0.0048  0.1766904      1.249    22.7672     7.1063     6.0666 0.0000e+00
       2233      1.278    14.7013   2.892642     2.8803     2.8303     0.0048  0.1768213      1.266    22.7683     7.1063     6.0661 0.0000e+00
       2234      1.295    14.7027   2.892865     2.8804     2.8302     0.0048  0.1769422      1.283    22.7695     7.1063     6.0655 0.0000e+00
       2235      1.313    14.7041   2.893102     2.8804     2.8302     0.0048  0.1770539      1.301    22.7707     7.1060     6.0651 0.0000e+00
       2236      1.332    14.7056   2.893353     2.8805     2.8302     0.0048  0.1771572      1.320    22.7720     7.1060     6.0646 0.0000e+00
       2237      1.351    14.7073   2.893621     2.8806     2.8301     0.0048  0.1772528      1.338    22.7733     7.1059     6.0639 0.0000e+00
       2238      1.371    14.7090   2.893907     2.8807     2.8301     0.0048  0.1773414      1.358    22.7748     7.1058     6.0634 0.0000e+00
       2239      1.391    14.7109   2.894214     2.8808     2.8301     0.0048  0.1774236      1.378    22.7763     7.1057     6.0630 0.0000e+00
       2240      1.411    14.7129   2.894541     2.8809     2.8300     0.0048  0.1774999      1.398    22.7780     7.1055     6.0622 0.0000e+00
       2241      1.431    14.7151   2.894891     2.8809     2.8300     0.0048  0.1775710      1.418    22.7797     7.1050     6.0617 0.0000e+00
       2242      1.452    14.7174   2.895263     2.8810     2.8299     0.0048  0.1776372      1.439    22.7816     7.1048     6.0608 0.0000e+00
       2243      1.473    14.7198   2.895661     2.8811     2.8299     0.0048  0.1776991      1.459    22.7837     7.1045     6.0603 0.0000e+00
       2244      1.494    14.7224   2.896085     2.8812     2.8298     0.0048  0.1777570      1.480    22.7858     7.1042     6.0594 0.0000e+00
       2245      1.514    14.7251   2.896537     2.8812     2.8298     0.0048  0.1778115      1.500    22.7882     7.1036     6.0588 0.0000e+00
       2246      1.535    14.7280   2.897013     2.8813     2.8297     0.0048  0.1778628      1.521    22.7906     7.1033     6.0578 0.0000e+00
       2247      1.556    14.7309   2.897507     2.8813     2.8297     0.0048  0.1779113      1.542    22.7932     7.1026     6.0572 0.0000e+00
       2248      1.577    14.7338   2.898010     2.8814     2.8296     0.0049  0.1779574      1.562    22.7958     7.1023     6.0563 0.0000e+00
       2249      1.598    14.7366   2.898509     2.8815     2.8296     0.0051  0.1780022      1.583    22.7985     7.1019     6.0556 0.0000e+00
       2250      1.619    14.7394   2.899000     2.8816     2.8295     0.0051  0.1780486      1.604    22.8011     7.1016     6.0548 0.0000e+00
       2251      1.640    14.7421   2.899479     2.8816     2.8295     0.0051  0.1780994      1.625    22.8037     7.1010     6.0542 0.0000e+00
       2252      1.661    14.7447   2.899945     2.8817     2.8294     0.0051  0.1781559      1.646    22.8062     7.1006     6.0533 0.0000e+00
       2253      1.682    14.7472   2.900397     2.8818     2.8293     0.0051  0.1782185      1.666    22.8086     7.1003     6.0525 0.0000e+00
       2254      1.703    14.7496   2.900829     2.8818     2.8293     0.0053  0.1782876      1.687    22.8110     7.0998     6.0520 0.0000e+00
       2255      1.724    14.7518   2.901236     2.8819     2.8292     0.0051  0.1783636      1.708    22.8132     7.0995     6.0513 0.0000e+00
       2256      1.746    14.7538   2.901613     2.8819     2.8291     0.0051  0.1784471      1.730    22.8153     7.0990     6.0505 0.0000e+00
       2257      1.767    14.7556   2.901960     2.8820     2.8290     0.0051  0.1785387      1.751    22.8173     7.0988     6.0499 0.0000e+00
       2258      1.788    14.7572   2.902277     2.8820     2.8290     0.0051  0.1786390      1.771    22.8191     7.0984     6.0495 0.0000e+00
       2259      1.809    14.7587   2.902567     2.8821     2.8289     0.0051  0.1787488      1.792    22.8207     7.0982     6.0489 0.0000e+00
       2260      1.831    14.7600   2.902834     2.8821     2.8288     0.0051  0.1788687      1.814    22.8222     7.0978     6.0483 0.0000e+00
       2261      1.852    14.7613   2.903080     2.8822     2.8287     0.0051  0.1789979      1.835    22.8236     7.0977     6.0478 0.0000e+00
       2262      1.873    14.7625   2.903310     2.8822     2.8286     0.0051  0.1791356      1.856    22.8249     7.0973     6.0472 0.0000e+00
       2263      1.895    14.7637   2.903528     2.8822     2.8285     0.0051  0.1792845      1.877    22.8261     7.0969     6.0467 0.0000e+00
       2264      1.916    14.7648   2.903736     2.8823     2.8284     0.0051  0.1794473      1.898    22.8272     7.0968     6.0462 0.0000e+00
       2265      1.938    14.7658   2.903936     2.8823     2.8284     0.0051  0.1796252      1.920    22.8284     7.0965     6.0460 0.0000e+00
       2266      1.959    14.7668   2.904125     2.8824     2.8283     0.0051  0.1798193      1.941    22.8294     7.0964     6.0456 0.0000e+00
       2267      1.981    14.7677   2.904304     2.8824     2.8282     0.0051  0.1800311      1.963    22.8304     7.0960     6.0451 0.0000e+00
       2268      2.002    14.7686   2.904472     2.8825     2.8281     0.0051  0.1802619      1.983    22.8313     7.0959     6.0447 0.0000e+00
       2269      2.024    14.7693   2.904627     2.8825     2.8280     0.0051  0.1805135      2.005    22.8323     7.0956     6.0443 0.0000e+00
       2270      2.045    14.7701   2.904771     2.8826     2.8279     0.0051  0.1807875      2.026    22.8330     7.0955     6.0440 0.0000e+00
       2271      2.067    14.7707   2.904902     2.8826     2.8278     0.0051  0.1810859      2.048    22.8338     7.0951     6.0436 0.0000e+00
       2272      2.088    14.7713   2.905020     2.8827     2.8278     0.0051  0.1814107      2.069    22.8345     7.0950     6.0435 0.0000e+00
       2273      2.110    14.7718   2.905125     2.8827     2.8277     0.0051  0.1817642      2.090    22.8351     7.0946     6.0432 0.0000e+00
       2274      2.131    14.7723   2.905220     2.8828     2.8276     0.0057  0.1821378      2.111    22.8356     7.0945     6.0429 0.0000e+00
       2275      2.152    14.7728   2.905307     2.8828     2.8275     0.0060  0.1825052      2.132    22.8361     7.0941     6.0426 0.0000e+00
       2276      2.174    14.7732   2.905387     2.8828     2.8274     0.0060  0.1828427      2.154    22.8365     7.0937     6.0423 0.0000e+00
       2277      2.195    14.7735   2.905459     2.8829     2.8273     0.0060  0.1831433      2.175    22.8370     7.0936     6.0420 0.0000e+00
       2278      2.217    14.7738   2.905523     2.8829     2.8272     0.0060  0.1834090      2.196    22.8373     7.0932     6.0417 0.0000e+00
       2279      2.239    14.7741   2.905579     2.8830     2.8272     0.0060  0.1836426      2.218    22.8376     7.0930     6.0416 0.0000e+00
       2280      2.260    14.7743   2.905625     2.8830     2.8271     0.0060  0.1838456      2.239    22.8379     7.0926     6.0413 0.0000e+00
       2281      2.282    14.7745   2.905659     2.8830     2.8270     0.0060  0.1840195      2.261    22.8381     7.0922     6.0410 0.0000e+00
       2282      2.304    14.7745   2.905680     2.8830     2.8269     0.0060  0.1841656      2.283    22.8383     7.0917     6.0407 0.0000e+00
       2283      2.326    14.7745   2.905684     2.8830     2.8269     0.0060  0.1842847      2.304    22.8383     7.0912     6.0407 0.0000e+00
       2284      2.348    14.7743   2.905667     2.8830     2.8268     0.0060  0.1843778      2.326    22.8383     7.0908     6.0404 0.0000e+00
       2285      2.370    14.7739   2.905630     2.8831     2.8267     0.0060  0.1844455      2.348    22.8382     7.0906     6.0402 0.0000e+00
       2286      2.391    14.7735   2.905575     2.8831     2.8267     0.0060  0.1844882      2.369    22.8379     7.0902     6.0401 0.0000e+00
       2287      2.413    14.7730   2.905508     2.8831     2.8266     0.0060  0.1845063      2.391    22.8376     7.0897     6.0398 0.0000e+00
       2288      2.435    14.7725   2.905432     2.8830     2.8265     0.0059  0.1844999      2.412    22.8373     7.0889     6.0395 0.0000e+00
       2289      2.457    14.7720   2.905352     2.8830     2.8265     0.0060  0.1844689      2.434    22.8368     7.0884     6.0395 0.0000e+00
       2290      2.479    14.7715   2.905271     2.8830     2.8264     0.0060  0.1844131      2.456    22.8364     7.0878     6.0392 0.0000e+00
       2291      2.502    14.7709   2.905190     2.8830     2.8263     0.0060  0.1843322      2.479    22.8361     7.0873     6.0388 0.0000e+00
       2292      2.524    14.7704   2.905112     2.8830     2.8263     0.0060  0.1842255      2.501    22.8357     7.0867     6.0387 0.0000e+00
       2293      2.546    14.7700   2.905039     2.8829     2.8262     0.0060  0.1840924      2.522    22.8353     7.0858     6.0384 0.0000e+00
       2294      2.568    14.7695   2.904975     2.8829     2.8261     0.0060  0.1839319      2.544    22.8350     7.0853     6.0380 0.0000e+00
       2295      2.590    14.7692   2.904920     2.8828     2.8260     0.0060  0.1837428      2.566    22.8347     7.0844     6.0375 0.0000e+00
       2296      2.613    14.7689   2.904877     2.8828     2.8260     0.0060  0.1835240      2.589    22.8345     7.0837     6.0373 0.0000e+00
       2297      2.635    14.7687   2.904849     2.8827     2.8259     0.0060  0.1832738      2.610    22.8344     7.0828     6.0368 0.0000e+00
       2298      2.657    14.7686   2.904837     2.8827     2.8258     0.0060  0.1829905      2.632    22.8343     7.0822     6.0364 0.0000e+00
       2299      2.679    14.7685   2.904840     2.8826     2.8257     0.0059  0.1826764      2.654    22.8344     7.0812     6.0358 0.0000e+00
       2300      2.702    14.7686   2.904859     2.8825     2.8256     0.0055  0.1823479      2.677    22.8345     7.0803     6.0353 0.0000e+00
       2301      2.724    14.7687   2.904892     2.8825     2.8255     0.0055  0.1820309      2.699    22.8347     7.0796     6.0347 0.0000e+00
       2302      2.746    14.7689   2.904938     2.8824     2.8254     0.0055  0.1817393      2.720    22.8350     7.0786     6.0341 0.0000e+00
       2303      2.768    14.7692   2.904996     2.8823     2.8252     0.0055  0.1814727      2.742    22.8353     7.0776     6.0332 0.0000e+00
       2304      2.791    14.7695   2.905066     2.8822     2.8251     0.0055  0.1812285      2.765    22.8357     7.0767     6.0326 0.0000e+00
       2305      2.813    14.7699   2.905146     2.8821     2.8250     0.0055  0.1810048      2.787    22.8362     7.0757     6.0319 0.0000e+00
       2306      2.835    14.7703   2.905235     2.8820     2.8249     0.0055  0.1808003      2.809    22.8367     7.0747     6.0313 0.0000e+00
       2307      2.857    14.7707   2.905333     2.8818     2.8247     0.0055  0.1806134      2.830    22.8373     7.0735     6.0304 0.0000e+00
       2308      2.879    14.7711   2.905436     2.8817     2.8246     0.0055  0.1804429      2.852    22.8380     7.0726     6.0297 0.0000e+00
       2309      2.901    14.7715   2.905544     2.8816     2.8244     0.0055  0.1802875      2.874    22.8387     7.0716     6.0288 0.0000e+00
       2310      2.923    14.7720   2.905657     2.8814     2.8243     0.0055  0.1801462      2.896    22.8394     7.0705     6.0282 0.0000e+00
       2311      2.945    14.7725   2.905775     2.8813     2.8241     0.0055  0.1800180      2.918    22.8401     7.0696     6.0273 0.0000e+00
       2312      2.967    14.7730   2.905899     2.8811     2.8240     0.0055  0.1799020      2.939    22.8409     7.0685     6.0267 0.0000e+00
       2313      2.989    14.7736   2.906028     2.8810     2.8238     0.0055  0.1797975      2.961    22.8416     7.0676     6.0258 0.0000e+00
       2314      3.011    14.7741   2.906163     2.8808     2.8237     0.0055  0.1797036      2.983    22.8425     7.0665     6.0253 0.0000e+00
       2315      3.033    14.7747   2.906305     2.8807     2.8235     0.0055  0.1796197      3.005    22.8434     7.0657     6.0244 0.0000e+00
       2316      3.055    14.7754   2.906454     2.8805     2.8233     0.0055  0.1795453      3.027    22.8442     7.0646     6.0236 0.0000e+00
       2317      3.077    14.7760   2.906608     2.8804     2.8232     0.0055  0.1794798      3.048    22.8452     7.0639     6.0230 0.0000e+00
       2318      3.099    14.7767   2.906766     2.8802     2.8230     0.0055  0.1794228      3.070    22.8462     7.0629     6.0222 0.0000e+00
       2319      3.121    14.7773   2.906925     2.8801     2.8228     0.0055  0.1793738      3.092    22.8472     7.0623     6.0215 0.0000e+00
       2320      3.143    14.7779   2.907083     2.8799     2.8226     0.0055  0.1793326      3.114    22.8482     7.0614     6.0207 0.0000e+00
       2321      3.166    14.7785   2.907242     2.8797     2.8224     0.0055  0.1792988      3.137    22.8492     7.0605     6.0200 0.0000e+00
       2322      3.188    14.7792   2.907407     2.8796     2.8223     0.0055  0.1792722      3.158    22.8502     7.0599     6.0196 0.0000e+00
       2323      3.210    14.7799   2.907586     2.8794     2.8221     0.0055  0.1792527      3.180    22.8514     7.0591     6.0189 0.0000e+00
       2324      3.232    14.7810   2.907787     2.8793     2.8219     0.0055  0.1792400      3.202    22.8524     7.0585     6.0182 0.0000e+00
       2325      3.254    14.7827   2.908013     2.8791     2.8217     0.0053  0.1792333      3.224    22.8534     7.0576     6.0174 0.0000e+00
       2326      3.276    14.7847   2.908257     2.8789     2.8215     0.0053  0.1792300      3.246    22.8543     7.0568     6.0166 0.0000e+00
       2327      3.298    14.7866   2.908511     2.8787     2.8213     0.0053  0.1792274      3.267    22.8554     7.0559     6.0159 0.0000e+00
       2328      3.320    14.7885   2.908771     2.8786     2.8212     0.0053  0.1792247      3.289    22.8566     7.0554     6.0154 0.0000e+00
       2329      3.343    14.7904   2.909035     2.8784     2.8210     0.0053  0.1792220      3.312    22.8577     7.0547     6.0147 0.0000e+00
       2330      3.365    14.7923   2.909305     2.8783     2.8208     0.0053  0.1792191      3.334    22.8589     7.0543     6.0140 0.0000e+00
       2331      3.386    14.7942   2.909581     2.8781     2.8207     0.0053  0.1792161      3.355    22.8602     7.0536     6.0136 0.0000e+00
       2332      3.408    14.7961   2.909864     2.8779     2.8205     0.0053  0.1792129      3.376    22.8615     7.0529     6.0129 0.0000e+00
       2333      3.430    14.7979   2.910151     2.8778     2.8203     0.0053  0.1792096      3.398    22.8630     7.0526     6.0123 0.0000e+00
