data/2021/ctd_data_day2/station6_ctm_fil_le_der.cnv
* Sea-Bird SBE 9 Data File:
* FileName = C:\Users\CTD-User\Desktop\MAR440\day2\station6.hex
* Software Version Seasave V 7.26.2.13
* Temperature SN = 6313
* Conductivity SN = 4758
* Number of Bytes Per Scan = 37
* Number of Voltage Words = 4
* Number of Scans Averaged by the Deck Unit = 1
* NMEA Latitude = 58 18.87 N
* NMEA Longitude = 011 46.44 E
* NMEA UTC (Time) = Sep 22 2021 10:40:23
* NMEA baud rate = 4800
** Ship: Skagerrak
** Station: station6
** Operator: group2blu
# nquan = 13                                
# nvalues = 3719                        
# units = specified
# name 0 = scan: Scan Count
# name 1 = prDM: Pressure, Digiquartz [db]
# name 2 = t090C: Temperature [ITS-90, deg C]
# name 3 = c0S/m: Conductivity [S/m]
# name 4 = sbeox0V: Oxygen raw, SBE 43 [V]
# name 5 = sbeox1V: Oxygen raw, SBE 43, 2 [V]
# name 6 = flECO-AFL: Fluorescence, WET Labs ECO-AFL/FL [mg/m^3]
# name 7 = upoly0: Upoly 0, Turbidity
# name 8 = depSM: Depth [salt water, m], lat = 58.3145
# name 9 = sal00: Salinity, Practical [PSU]
# name 10 = sbeox0ML/L: Oxygen, SBE 43 [ml/l], WS = 2
# name 11 = sbeox1ML/L: Oxygen, SBE 43, 2 [ml/l], WS = 2
# name 12 = flag: flag
# span 0 =          1,       3719       
# span 1 =      0.297,     37.682       
# span 2 =     6.7387,    16.0330       
# span 3 =   2.945436,   3.739498       
# span 4 =     0.5149,     2.7976       
# span 5 =     0.5764,     2.7771       
# span 6 =     0.0033,     0.0304       
# span 7 =  0.0865424,  0.1559155       
# span 8 =      0.294,     37.328       
# span 9 =    22.6935,    32.1122       
# span 10 =    -0.0168,     6.8251      
# span 11 =     0.2910,     5.9037      
# span 12 = 0.0000e+00, 0.0000e+00      
# interval = seconds: 0.0416667
# start_time = Sep 22 2021 10:40:23 [NMEA time, header]
# bad_flag = -9.990e-29
*END*
[from data line 3667]
       3668     37.682     7.5398   3.304068     0.5525     0.6360     0.0066  0.0874841     37.328    32.0158     0.1796     0.5634 -9.990e-29
       3669     37.682     7.5415   3.304484     0.5528     0.6365     0.0066  0.0874723     37.328    32.0187     0.1806     0.5646 -9.990e-29
       3670     37.682     7.5429   3.304850     0.5530     0.6371     0.0066  0.0874609     37.328    32.0213     0.1812     0.5659 -9.990e-29
       3671     37.682     7.5443   3.305167     0.5533     0.6376     0.0066  0.0874497     37.328    32.0234     0.1822     0.5670 -9.990e-29
       3672     37.682     7.5458   3.305440     0.5535     0.6381     0.0066  0.0874388     37.328    32.0250     0.1828     0.5681 -9.990e-29
       3673     37.682     7.5473   3.305677     0.5538     0.6387     0.0066  0.0874280     37.328    32.0262     0.1837     0.5694 -9.990e-29
       3674     37.682     7.5489   3.305884     0.5540     0.6392     0.0066  0.0874172     37.328    32.0269     0.1843     0.5704 -9.990e-29
       3675     37.682     7.5502   3.306066     0.5543     0.6398     0.0066  0.0874064     37.328    32.0277     0.1851     0.5717 -9.990e-29
       3676     37.682     7.5512   3.306228     0.5545     0.6403     0.0066  0.0873956     37.328    32.0285     0.1856     0.5726 -9.990e-29
       3677     37.682     7.5521   3.306384     0.5547     0.6409     0.0066  0.0873845     37.328    32.0293     0.1861     0.5738 -9.990e-29
       3678     37.682     7.5530   3.306544     0.5550     0.6414     0.0066  0.0873732     37.328    32.0302     0.1869     0.5747 -9.990e-29
       3679     37.681     7.5541   3.306719     0.5552     0.6420     0.0066  0.0873616     37.327    32.0311     0.1873     0.5759 -9.990e-29
       3680     37.681     7.5556   3.306917     0.5555     0.6425     0.0066  0.0873496     37.327    32.0318     0.1880     0.5766 -9.990e-29
       3681     37.681     7.5581   3.307147     0.5557     0.6430     0.0066  0.0873371     37.327    32.0320     0.1884     0.5774 -9.990e-29
       3682     37.681     7.5619   3.307417     0.5559     0.6436     0.0066  0.0873240     37.327    32.0314     0.1888     0.5783 -9.990e-29
       3683     37.681     7.5674   3.307734     0.5562     0.6441     0.0066  0.0873102     37.327    32.0297     0.1894     0.5789 -9.990e-29
       3684     37.681     7.5748   3.308099     0.5564     0.6446     0.0066  0.0872957     37.327    32.0268     0.1897     0.5794 -9.990e-29
       3685     37.680     7.5838   3.308510     0.5566     0.6451     0.0066  0.0872803     37.326    32.0229     0.1899     0.5798 -9.990e-29
       3686     37.680     7.5942   3.308959     0.5569     0.6457     0.0066  0.0872640     37.326    32.0182     0.1905     0.5805 -9.990e-29
       3687     37.680     7.6053   3.309436     0.5571     0.6462     0.0066  0.0872465     37.326    32.0131     0.1907     0.5807 -9.990e-29
       3688     37.679     7.6169   3.309937     0.5573     0.6467     0.0066  0.0872279     37.325    32.0078     0.1909     0.5809 -9.990e-29
       3689     37.679     7.6288   3.310459     0.5575     0.6472     0.0066  0.0872079     37.325    32.0024     0.1911     0.5811 -9.990e-29
       3690     37.679     7.6411   3.311001     0.5577     0.6477     0.0066  0.0871864     37.325    31.9969     0.1912     0.5812 -9.990e-29
       3691     37.679     7.6536   3.311557     0.5579     0.6482     0.0064  0.0871642     37.325    31.9914     0.1913     0.5811 -9.990e-29
       3692     37.679     7.6662   3.312125     0.5581     0.6487     0.0064  0.0871427     37.325    31.9859     0.1913     0.5810 -9.990e-29
       3693     37.679     7.6787   3.312699     0.5583     0.6491     0.0064  0.0871227     37.325    31.9805     0.1913     0.5805 -9.990e-29
       3694     37.679     7.6911   3.313278     0.5585     0.6496     0.0064  0.0871041     37.325    31.9753     0.1913     0.5802 -9.990e-29
       3695     37.678     7.7032   3.313863     0.5588     0.6501     0.0064  0.0870875     37.324    31.9705     0.1915     0.5798 -9.990e-29
       3696     37.678     7.7149   3.314451     0.5590     0.6505     0.0064  0.0870736     37.324    31.9660     0.1494     0.5095 -9.990e-29
       3697     37.678     7.7260   3.315034     0.5592     0.6510     0.0064  0.0870616     37.324    31.9621     0.1500     0.5108 -9.990e-29
       3698     37.678     7.7363   3.315602     0.5594     0.6514     0.0064  0.0870505     37.324    31.9587     0.1506     0.5118 -9.990e-29
       3699     37.677     7.7458   3.316144     0.5596     0.6518     0.0064  0.0870403     37.323    31.9558     0.1513     0.5128 -9.990e-29
       3700     37.677     7.7547   3.316660     0.5598     0.6522     0.0064  0.0870308     37.323    31.9531     0.1519     0.5138 -9.990e-29
       3701     37.677     7.7630   3.317150     0.5600     0.6526     0.0064  0.0870219     37.323    31.9508     0.1526     0.5149 -9.990e-29
       3702     37.676     7.7710   3.317621     0.5602     0.6530     0.0064  0.0870138     37.322    31.9485     0.1532     0.5159 -9.990e-29
       3703     37.676     7.7783   3.318078     0.5604     0.6534     0.0062  0.0870061     37.322    31.9467     0.1538     0.5170 -9.990e-29
       3704     37.676     7.7852   3.318522     0.5606     0.6537     0.0064  0.0869990     37.322    31.9451     0.1545     0.5178 -9.990e-29
       3705     37.676     7.7917   3.318954     0.5608     0.6541     0.0064  0.0869924     37.322    31.9437     0.1551     0.5188 -9.990e-29
       3706     37.675     7.7980   3.319369     0.5610     0.6544     0.0064  0.0869862     37.321    31.9424     0.1558     0.5196 -9.990e-29
       3707     37.675     7.8040   3.319764     0.5611     0.6547     0.0064  0.0869804     37.321    31.9411     0.1561     0.5204 -9.990e-29
       3708     37.675     7.8095   3.320133     0.5613     0.6550     0.0064  0.0869749     37.321    31.9400     0.1567     0.5212 -9.990e-29
       3709     37.675     7.8144   3.320472     0.5615     0.6553     0.0064  0.0869705     37.321    31.9391     0.1574     0.5220 -9.990e-29
       3710     37.674     7.8188   3.320784     0.5616     0.6556     0.0064  0.0869690     37.320    31.9384     0.1577     0.5228 -9.990e-29
       3711     37.674     7.8228   3.321070     0.5618     0.6559     0.0064  0.0869703     37.320    31.9378     0.1583     0.5236 -9.990e-29
       3712     37.673     7.8264   3.321332     0.5620     0.6561     0.0064  0.0869727     37.320    31.9373     0.1590     0.5241 -9.990e-29
       3713     37.673     7.8298   3.321570     0.5621     0.6563     0.0064  0.0869754     37.320    31.9368     0.1593     0.5246 -9.990e-29
       3714     37.673     7.8328   3.321781     0.5622     0.6565     0.0064  0.0869784     37.320    31.9363     0.1596     0.5252 -9.990e-29
       3715     37.673     7.8355   3.321962     0.5623     0.6566     0.0064  0.0869817     37.320    31.9357     0.1599     0.5254 -9.990e-29
       3716     37.672     7.8377   3.322108     0.5624     0.6567     0.0062  0.0869854     37.319    31.9353     0.1603     0.5257 -9.990e-29
       3717     37.672     7.8393   3.322215     0.5625     0.6568     0.0062  0.0869894     37.319    31.9349     0.1606     0.5259 -9.990e-29
       3718     37.672     7.8401   3.322279     0.5625     0.6569     0.0062  0.0869930     37.319    31.9349     0.1606     0.5262 -9.990e-29
       3719     37.672     7.8404   3.322301     0.5625     0.6569     0.0062  0.0869945     37.319    31.9349     0.1606     0.5262 -9.990e-29
