data/2021/ctd_data_day2/station5.cnv
* Sea-Bird SBE 9 Data File:
* FileName = C:\Users\CTD-User\Desktop\MAR440\day2\station5.hex
* Software Version Seasave V 7.26.2.13
* Temperature SN = 6313
* Conductivity SN = 4758
* Number of Bytes Per Scan = 37
* Number of Voltage Words = 4
* Number of Scans Averaged by the Deck Unit = 1
* NMEA Latitude = 58 19.20 N
* NMEA Longitude = 011 48.71 E
* NMEA UTC (Time) = Sep 22 2021 10:20:22
* NMEA baud rate = 4800
** Ship: Skagerrak
** Station: station5
** Operator: group2blu
# nquan = 9
# nvalues = 5019                                  
# units = specified
# name 0 = scan: Scan Count
# name 1 = prDM: Pressure, Digiquartz [db]
# name 2 = t090C: Temperature [ITS-90, deg C]
# name 3 = c0S/m: Conductivity [S/m]
# name 4 = sbeox0V: Oxygen raw, SBE 43 [V]
# name 5 = sbeox1V: Oxygen raw, SBE 43, 2 [V]
# name 6 = flECO-AFL: Fluorescence, WET Labs ECO-AFL/FL [mg/m^3]
# name 7 = upoly0: Upoly 0, Turbidity
# name 8 = flag:  0.000e+00
# span 0 =          1,       5019                 
# span 1 =      0.359,     26.579                 
# span 2 =    11.2578,    16.2563                 
# span 3 =  -0.000784,   3.806451                 
# span 4 =     0.9253,     2.9597                 
# span 5 =     1.0182,     2.8608                 
# span 6 =     0.0020,     0.0522                 
# span 7 =  0.0800940,  0.1792393                 
# span 8 = 0.0000e+00, 0.0000e+00                 
# interval = seconds: 0.0416667
# start_time = Sep 22 2021 10:20:22 [NMEA time, header]
# bad_flag = -9.990e-29
*END*
[from data line 2561]
       2562      6.579    16.0916   3.204642     2.0818     2.1038     0.0042  0.1098864  0.000e+00
       2563      6.554    16.0916   3.206229     2.0842     2.1050     0.0042  0.1098864  0.000e+00
       2564      6.521    16.0911   3.207093     2.0842     2.1062     0.0042  0.1098864  0.000e+00
       2565      6.578    16.0901   3.207093     2.0842     2.1062     0.0042  0.1098864  0.000e+00
       2566      6.430    16.0871   3.205922     2.0855     2.1074     0.0042  0.1098864  0.000e+00
       2567      6.521    16.0816   3.203505     2.0879     2.1087     0.0042  0.1108632  0.000e+00
       2568      6.397    16.0767   3.200219     2.0903     2.1087     0.0044  0.1167241  0.000e+00
       2569      6.430    16.0685   3.195497     2.0903     2.1099     0.0044  0.1186777  0.000e+00
       2570      6.455    16.0604   3.189267     2.0903     2.1111     0.0044  0.1186777  0.000e+00
       2571      6.372    16.0575   3.184670     2.0916     2.1111     0.0044  0.1186777  0.000e+00
       2572      6.331    16.0554   3.182929     2.0952     2.1123     0.0044  0.1186777  0.000e+00
       2573      6.397    16.0503   3.182044     2.0977     2.1135     0.0044  0.1186777  0.000e+00
       2574      6.306    16.0476   3.181001     2.0952     2.1135     0.0044  0.1186777  0.000e+00
       2575      6.331    16.0498   3.181602     2.0977     2.1148     0.0044  0.1181893  0.000e+00
       2576      6.248    16.0493   3.183252     2.0977     2.1160     0.0044  0.1186777  0.000e+00
       2577      6.273    16.0410   3.182362     2.1013     2.1172     0.0044  0.1186777  0.000e+00
       2578      6.207    16.0273   3.177043     2.1026     2.1172     0.0044  0.1186777  0.000e+00
       2579      6.248    16.0151   3.169627     2.1013     2.1172     0.0044  0.1186777  0.000e+00
       2580      6.149    16.0073   3.164792     2.1026     2.1160     0.0044  0.1186777  0.000e+00
       2581      6.182    16.0013   3.162834     2.1038     2.1172     0.0044  0.1186777  0.000e+00
       2582      6.149    15.9958   3.161171     2.1074     2.1172     0.0044  0.1186777  0.000e+00
       2583      6.149    15.9925   3.159604     2.1074     2.1184     0.0044  0.1186777  0.000e+00
       2584      6.066    15.9887   3.158320     2.1074     2.1196     0.0044  0.1186777  0.000e+00
       2585      6.091    15.9879   3.157902     2.1087     2.1209     0.0044  0.1186777  0.000e+00
       2586      6.091    15.9895   3.158671     2.1123     2.1221     0.0044  0.1186777  0.000e+00
       2587      6.000    15.9869   3.158919     2.1135     2.1233     0.0044  0.1186777  0.000e+00
       2588      6.025    15.9816   3.157438     2.1135     2.1245     0.0044  0.1186777  0.000e+00
       2589      6.000    15.9778   3.156064     2.1135     2.1258     0.0044  0.1186777  0.000e+00
       2590      5.967    15.9774   3.156267     2.1160     2.1270     0.0044  0.1186777  0.000e+00
       2591      5.967    15.9799   3.157862     2.1184     2.1282     0.0044  0.1186777  0.000e+00
       2592      5.942    15.9829   3.159830     2.1221     2.1294     0.0044  0.1186777  0.000e+00
       2593      5.901    15.9850   3.161544     2.1221     2.1294     0.0046  0.1250269  0.000e+00
       2594      5.876    15.9854   3.162840     2.1221     2.1319     0.0046  0.1318645  0.000e+00
       2595      5.843    15.9828   3.162416     2.1233     2.1331     0.0046  0.1333297  0.000e+00
       2596      5.843    15.9822   3.160962     2.1258     2.1355     0.0046  0.1333297  0.000e+00
       2597      5.819    15.9852   3.161476     2.1270     2.1367     0.0046  0.1328413  0.000e+00
       2598      5.786    15.9879   3.163757     2.1282     2.1367     0.0046  0.1328413  0.000e+00
       2599      5.818    15.9889   3.164430     2.1294     2.1380     0.0046  0.1328413  0.000e+00
       2600      5.719    15.9962   3.165307     2.1319     2.1404     0.0046  0.1328413  0.000e+00
       2601      5.719    16.0072   3.172006     2.1343     2.1416     0.0046  0.1328413  0.000e+00
       2602      5.752    16.0100   3.180247     2.1367     2.1428     0.0046  0.1328413  0.000e+00
       2603      5.662    16.0102   3.182884     2.1367     2.1428     0.0046  0.1328413  0.000e+00
       2604      5.637    16.0041   3.181182     2.1380     2.1441     0.0046  0.1328413  0.000e+00
       2605      5.662    15.9974   3.177843     2.1392     2.1465     0.0046  0.1328413  0.000e+00
       2606      5.661    15.9785   3.175151     2.1428     2.1477     0.0046  0.1323529  0.000e+00
       2607      5.571    15.9403   3.169124     2.1441     2.1490     0.0046  0.1328413  0.000e+00
       2608      5.595    15.9082   3.158960     2.1453     2.1502     0.0046  0.1328413  0.000e+00
       2609      5.513    15.8804   3.148215     2.1465     2.1514     0.0046  0.1328413  0.000e+00
       2610      5.538    15.8560   3.138607     2.1490     2.1514     0.0046  0.1328413  0.000e+00
       2611      5.538    15.8441   3.131033     2.1526     2.1538     0.0046  0.1323529  0.000e+00
       2612      5.447    15.8389   3.126920     2.1538     2.1538     0.0046  0.1328413  0.000e+00
       2613      5.472    15.8322   3.124717     2.1526     2.1551     0.0046  0.1328413  0.000e+00
       2614      5.447    15.8299   3.123675     2.1551     2.1563     0.0046  0.1328413  0.000e+00
       2615      5.414    15.8319   3.124576     2.1587     2.1575     0.0046  0.1328413  0.000e+00
       2616      5.414    15.8379   3.127134     2.1612     2.1575     0.0046  0.1328413  0.000e+00
       2617      5.389    15.8458   3.130729     2.1612     2.1587     0.0046  0.1328413  0.000e+00
       2618      5.290    15.8477   3.133948     2.1624     2.1599     0.0046  0.1347949  0.000e+00
       2619      5.323    15.8301   3.133554     2.1636     2.1612     0.0044  0.1445629  0.000e+00
       2620      5.356    15.8033   3.128616     2.1673     2.1612     0.0044  0.1479817  0.000e+00
       2621      5.265    15.7842   3.121553     2.1709     2.1624     0.0044  0.1484701  0.000e+00
       2622      5.290    15.7575   3.114929     2.1709     2.1636     0.0044  0.1479817  0.000e+00
       2623      5.232    15.7351   3.108164     2.1722     2.1648     0.0044  0.1479817  0.000e+00
       2624      5.207    15.7327   3.103983     2.1734     2.1648     0.0044  0.1479817  0.000e+00
       2625      5.232    15.7367   3.104949     2.1770     2.1660     0.0044  0.1479817  0.000e+00
       2626      5.141    15.7320   3.106826     2.1783     2.1673     0.0044  0.1479817  0.000e+00
       2627      5.166    15.7447   3.108653     2.1795     2.1685     0.0044  0.1479817  0.000e+00
       2628      5.108    15.7693   3.114197     2.1807     2.1697     0.0044  0.1479817  0.000e+00
       2629      5.083    15.7929   3.122515     2.1844     2.1697     0.0044  0.1479817  0.000e+00
       2630      5.108    15.8113   3.129709     2.1880     2.1722     0.0044  0.1479817  0.000e+00
       2631      5.083    15.8254   3.135403     2.1880     2.1734     0.0044  0.1479817  0.000e+00
       2632      5.050    15.8357   3.139707     2.1892     2.1746     0.0044  0.1479817  0.000e+00
       2633      4.984    15.8439   3.143686     2.1917     2.1758     0.0044  0.1479817  0.000e+00
       2634      5.017    15.8524   3.147645     2.1954     2.1770     0.0044  0.1479817  0.000e+00
       2635      4.984    15.8583   3.149938     2.1966     2.1783     0.0044  0.1479817  0.000e+00
       2636      4.959    15.8560   3.149407     2.1978     2.1807     0.0044  0.1479817  0.000e+00
       2637      4.926    15.8593   3.147283     2.2002     2.1819     0.0044  0.1479817  0.000e+00
       2638      4.902    15.8763   3.149446     2.2015     2.1831     0.0044  0.1479817  0.000e+00
       2639      4.860    15.8928   3.155708     2.2039     2.1844     0.0044  0.1479817  0.000e+00
       2640      4.860    15.9094   3.162580     2.2051     2.1856     0.0044  0.1479817  0.000e+00
       2641      4.835    15.9242   3.169192     2.2063     2.1880     0.0044  0.1479817  0.000e+00
       2642      4.860    15.9371   3.175179     2.2100     2.1892     0.0044  0.1479817  0.000e+00
       2643      4.778    15.9435   3.179317     2.2100     2.1905     0.0044  0.1479817  0.000e+00
       2644      4.802    15.9410   3.180468     2.2149     2.1929     0.0046  0.1494469  0.000e+00
       2645      4.736    15.9343   3.178648     2.2149     2.1941     0.0046  0.1509121  0.000e+00
       2646      4.712    15.9301   3.175264     2.2149     2.1954     0.0046  0.1509121  0.000e+00
       2647      4.679    15.9269   3.173632     2.2161     2.1966     0.0046  0.1509121  0.000e+00
       2648      4.711    15.9320   3.175032     2.2186     2.1990     0.0046  0.1509121  0.000e+00
       2649      4.678    15.9432   3.178926     2.2234     2.2002     0.0046  0.1509121  0.000e+00
       2650      4.654    15.9508   3.184036     2.2234     2.2027     0.0046  0.1509121  0.000e+00
       2651      4.555    15.9340   3.186073     2.2247     2.2039     0.0046  0.1509121  0.000e+00
       2652      4.621    15.8999   3.180469     2.2259     2.2051     0.0046  0.1509121  0.000e+00
       2653      4.588    15.8585   3.170138     2.2295     2.2076     0.0046  0.1509121  0.000e+00
       2654      4.555    15.7600   3.153629     2.2320     2.2088     0.0046  0.1509121  0.000e+00
       2655      4.472    15.6416   3.125682     2.2332     2.2112     0.0046  0.1509121  0.000e+00
       2656      4.554    15.5817   3.093664     2.2344     2.2124     0.0046  0.1509121  0.000e+00
       2657      4.406    15.5449   3.074810     2.2369     2.2137     0.0046  0.1509121  0.000e+00
       2658      4.497    15.5044   3.066927     2.2405     2.2149     0.0046  0.1509121  0.000e+00
       2659      4.431    15.4731   3.060543     2.2442     2.2186     0.0046  0.1509121  0.000e+00
       2660      4.406    15.4560   3.056213     2.2454     2.2198     0.0046  0.1509121  0.000e+00
       2661      4.431    15.4242   3.052310     2.2466     2.2210     0.0046  0.1509121  0.000e+00
       2662      4.348    15.3976   3.045157     2.2503     2.2234     0.0046  0.1509121  0.000e+00
       2663      4.373    15.3673   3.037486     2.2540     2.2247     0.0046  0.1509121  0.000e+00
       2664      4.315    15.3313   3.029766     2.2564     2.2271     0.0046  0.1509121  0.000e+00
       2665      4.282    15.3078   3.023539     2.2588     2.2283     0.0046  0.1509121  0.000e+00
       2666      4.315    15.2987   3.019858     2.2601     2.2308     0.0046  0.1509121  0.000e+00
       2667      4.224    15.2931   3.018268     2.2637     2.2320     0.0046  0.1509121  0.000e+00
       2668      4.249    15.2801   3.017806     2.2674     2.2332     0.0046  0.1509121  0.000e+00
       2669      4.224    15.2614   3.016284     2.2698     2.2356     0.0046  0.1509121  0.000e+00
       2670      4.191    15.2419   3.012839     2.2711     2.2369     0.0044  0.1514005  0.000e+00
       2671      4.191    15.2735   3.011816     2.2735     2.2393     0.0042  0.1518889  0.000e+00
       2672      4.100    15.3082   3.018034     2.2759     2.2405     0.0042  0.1518889  0.000e+00
       2673      4.125    15.3021   3.022127     2.2808     2.2430     0.0042  0.1518889  0.000e+00
       2674      4.100    15.2973   3.021565     2.2820     2.2442     0.0042  0.1518889  0.000e+00
       2675      4.125    15.2817   3.020898     2.2833     2.2454     0.0042  0.1518889  0.000e+00
       2676      4.042    15.2609   3.016717     2.2857     2.2479     0.0042  0.1518889  0.000e+00
       2677      4.009    15.2500   3.010689     2.2894     2.2491     0.0042  0.1518889  0.000e+00
       2678      4.042    15.2385   3.008246     2.2918     2.2503     0.0042  0.1514005  0.000e+00
       2679      4.009    15.2278   3.007902     2.2930     2.2527     0.0042  0.1518889  0.000e+00
       2680      3.943    15.2432   3.008501     2.2930     2.2540     0.0042  0.1518889  0.000e+00
       2681      3.976    15.2656   3.011772     2.2943     2.2552     0.0042  0.1518889  0.000e+00
       2682      3.886    15.2803   3.015155     2.2979     2.2564     0.0042  0.1518889  0.000e+00
       2683      3.918    15.2807   3.016728     2.2979     2.2588     0.0042  0.1518889  0.000e+00
       2684      3.885    15.2730   3.016111     2.2991     2.2601     0.0042  0.1518889  0.000e+00
       2685      3.852    15.2676   3.014061     2.2979     2.2613     0.0042  0.1518889  0.000e+00
       2686      3.819    15.2654   3.011528     2.2991     2.2613     0.0042  0.1518889  0.000e+00
       2687      3.819    15.2564   3.008712     2.3028     2.2625     0.0042  0.1518889  0.000e+00
       2688      3.795    15.2523   3.006009     2.3028     2.2637     0.0042  0.1518889  0.000e+00
       2689      3.762    15.2578   3.005331     2.3028     2.2650     0.0042  0.1518889  0.000e+00
       2690      3.737    15.2644   3.006830     2.3028     2.2662     0.0042  0.1518889  0.000e+00
       2691      3.696    15.2749   3.009639     2.3028     2.2662     0.0042  0.1518889  0.000e+00
       2692      3.737    15.2968   3.015227     2.3040     2.2674     0.0042  0.1518889  0.000e+00
       2693      3.695    15.3080   3.021503     2.3052     2.2686     0.0042  0.1518889  0.000e+00
       2694      3.638    15.2985   3.023656     2.3052     2.2686     0.0042  0.1518889  0.000e+00
       2695      3.613    15.3097   3.024257     2.3040     2.2686     0.0044  0.1543309  0.000e+00
       2696      3.638    15.3075   3.025609     2.3052     2.2686     0.0044  0.1577497  0.000e+00
       2697      3.613    15.2963   3.025236     2.3089     2.2686     0.0044  0.1582381  0.000e+00
       2698      3.514    15.3117   3.026076     2.3089     2.2686     0.0044  0.1582381  0.000e+00
       2699      3.613    15.3355   3.030841     2.3089     2.2686     0.0044  0.1582381  0.000e+00
       2700      3.514    15.3458   3.035942     2.3089     2.2686     0.0044  0.1577497  0.000e+00
       2701      3.489    15.3840   3.040985     2.3114     2.2686     0.0044  0.1582381  0.000e+00
       2702      3.514    15.4367   3.048665     2.3138     2.2686     0.0044  0.1582381  0.000e+00
       2703      3.456    15.4862   3.059268     2.3138     2.2686     0.0044  0.1582381  0.000e+00
       2704      3.423    15.5252   3.069852     2.3175     2.2674     0.0044  0.1582381  0.000e+00
       2705      3.456    15.5565   3.077733     2.3175     2.2674     0.0044  0.1582381  0.000e+00
       2706      3.365    15.5752   3.082701     2.3223     2.2674     0.0044  0.1582381  0.000e+00
       2707      3.390    15.5839   3.085683     2.3248     2.2674     0.0044  0.1582381  0.000e+00
       2708      3.365    15.5808   3.085038     2.3272     2.2662     0.0044  0.1582381  0.000e+00
       2709      3.332    15.5543   3.080606     2.3272     2.2662     0.0044  0.1587265  0.000e+00
       2710      3.307    15.4530   3.070183     2.3297     2.2662     0.0044  0.1582381  0.000e+00
       2711      3.274    15.3276   3.050413     2.3346     2.2650     0.0044  0.1582381  0.000e+00
       2712      3.274    15.2041   3.024864     2.3370     2.2650     0.0044  0.1587265  0.000e+00
       2713      3.307    15.1124   3.001521     2.3382     2.2650     0.0044  0.1582381  0.000e+00
       2714      3.208    15.0718   2.987781     2.3419     2.2650     0.0044  0.1582381  0.000e+00
       2715      3.183    15.0484   2.980812     2.3455     2.2637     0.0044  0.1582381  0.000e+00
       2716      3.208    15.0209   2.975231     2.3516     2.2637     0.0044  0.1582381  0.000e+00
       2717      3.117    14.9879   2.969185     2.3541     2.2637     0.0044  0.1587265  0.000e+00
       2718      3.208    14.9739   2.964192     2.3565     2.2637     0.0044  0.1582381  0.000e+00
       2719      3.060    14.9688   2.961879     2.3590     2.2637     0.0044  0.1582381  0.000e+00
       2720      3.150    14.9622   2.961200     2.3614     2.2637     0.0044  0.1577497  0.000e+00
