data/2021/ctd_data_day2/station4.cnv
* Sea-Bird SBE 9 Data File:
* FileName = C:\Users\CTD-User\Desktop\MAR440\day2\station4.hex
* Software Version Seasave V 7.26.2.13
* Temperature SN = 6313
* Conductivity SN = 4758
* Number of Bytes Per Scan = 37
* Number of Voltage Words = 4
* Number of Scans Averaged by the Deck Unit = 1
* NMEA Latitude = 58 19.41 N
* NMEA Longitude = 011 50.05 E
* NMEA UTC (Time) = Sep 22 2021 10:00:00
* NMEA baud rate = 4800
** Ship: Skagerrak
** Station: station4
** Operator: group2green
# nquan = 9
# nvalues = 2885                                  
# units = specified
# name 0 = scan: Scan Count
# name 1 = prDM: Pressure, Digiquartz [db]
# name 2 = t090C: Temperature [ITS-90, deg C]
# name 3 = c0S/m: Conductivity [S/m]
# name 4 = sbeox0V: Oxygen raw, SBE 43 [V]
# name 5 = sbeox1V: Oxygen raw, SBE 43, 2 [V]
# name 6 = flECO-AFL: Fluorescence, WET Labs ECO-AFL/FL [mg/m^3]
# name 7 = upoly0: Upoly 0, Turbidity
# name 8 = flag:  0.000e+00
# span 0 =          1,       2885                 
# span 1 =      0.936,     15.080                 
# span 2 =    13.1755,    16.1519                 
# span 3 =   2.888738,   3.430904                 
# span 4 =     1.5029,     2.8889                 
# span 5 =     1.5188,     2.8315                 
# span 6 =     0.0040,     0.0060                 
# span 7 =  0.0913272,  0.1885189                 
# span 8 = 0.0000e+00, 0.0000e+00                 
# interval = seconds: 0.0416667
# start_time = Sep 22 2021 10:00:00 [NMEA time, header]
# bad_flag = -9.990e-29
*END*
[from data line 2561]
       2562      8.415    15.9593   3.271097     2.7936     2.7301     0.0049  0.1045140  0.000e+00
       2563      8.415    15.9502   3.273470     2.7912     2.7277     0.0049  0.1045140  0.000e+00
       2564      8.456    15.9384   3.275776     2.7912     2.7253     0.0049  0.1045140  0.000e+00
       2565      8.481    15.9266   3.278231     2.7875     2.7228     0.0049  0.1040256  0.000e+00
       2566      8.539    15.9145   3.280738     2.7863     2.7204     0.0049  0.1045140  0.000e+00
       2567      8.514    15.9025   3.282862     2.7814     2.7167     0.0049  0.1045140  0.000e+00
       2568      8.539    15.8889   3.284435     2.7814     2.7131     0.0049  0.1045140  0.000e+00
       2569      8.605    15.8770   3.285853     2.7790     2.7094     0.0049  0.1045140  0.000e+00
       2570      8.580    15.8629   3.287025     2.7741     2.7057     0.0049  0.1045140  0.000e+00
       2571      8.605    15.8536   3.288311     2.7704     2.7021     0.0049  0.1045140  0.000e+00
       2572      8.662    15.8465   3.289765     2.7668     2.6984     0.0049  0.1045140  0.000e+00
       2573      8.638    15.8375   3.291138     2.7631     2.6935     0.0049  0.1045140  0.000e+00
       2574      8.662    15.8306   3.292310     2.7619     2.6886     0.0049  0.1045140  0.000e+00
       2575      8.695    15.8235   3.293252     2.7570     2.6837     0.0049  0.1045140  0.000e+00
       2576      8.720    15.8179   3.293959     2.7509     2.6789     0.0049  0.1045140  0.000e+00
       2577      8.786    15.8145   3.294661     2.7472     2.6740     0.0051  0.1045140  0.000e+00
       2578      8.761    15.8133   3.295063     2.7436     2.6679     0.0049  0.1045140  0.000e+00
       2579      8.786    15.8121   3.295362     2.7399     2.6618     0.0049  0.1045140  0.000e+00
       2580      8.844    15.8084   3.295994     2.7338     2.6569     0.0048  0.1030488  0.000e+00
       2581      8.819    15.8008   3.297012     2.7277     2.6496     0.0046  0.1020720  0.000e+00
       2582      8.844    15.7925   3.299048     2.7216     2.6435     0.0046  0.1015836  0.000e+00
       2583      8.910    15.7849   3.301463     2.7179     2.6373     0.0046  0.1020720  0.000e+00
       2584      8.885    15.7789   3.303667     2.7131     2.6300     0.0046  0.1020720  0.000e+00
       2585      8.967    15.7753   3.305543     2.7057     2.6227     0.0046  0.1020720  0.000e+00
       2586      8.910    15.7728   3.306706     2.6996     2.6166     0.0046  0.1020720  0.000e+00
       2587      9.008    15.7700   3.307868     2.6935     2.6093     0.0046  0.1020720  0.000e+00
       2588      8.967    15.7653   3.309077     2.6886     2.6019     0.0046  0.1020720  0.000e+00
       2589      9.025    15.7625   3.310523     2.6801     2.5946     0.0046  0.1020720  0.000e+00
       2590      9.008    15.7628   3.312256     2.6728     2.5861     0.0046  0.1020720  0.000e+00
       2591      9.091    15.7628   3.313696     2.6654     2.5787     0.0046  0.1020720  0.000e+00
       2592      9.091    15.7624   3.314774     2.6581     2.5714     0.0046  0.1020720  0.000e+00
       2593      9.066    15.7651   3.315788     2.6532     2.5641     0.0046  0.1015836  0.000e+00
       2594      9.149    15.7861   3.317234     2.6447     2.5555     0.0046  0.1020720  0.000e+00
       2595      9.149    15.8153   3.319891     2.6361     2.5482     0.0046  0.1020720  0.000e+00
       2596      9.190    15.8308   3.322998     2.6288     2.5409     0.0046  0.1020720  0.000e+00
       2597      9.148    15.8583   3.326153     2.6215     2.5323     0.0046  0.1020720  0.000e+00
       2598      9.214    15.8988   3.330769     2.6154     2.5238     0.0046  0.1020720  0.000e+00
       2599      9.247    15.9319   3.335907     2.6068     2.5165     0.0046  0.1015836  0.000e+00
       2600      9.272    15.9502   3.340066     2.5983     2.5091     0.0046  0.1020720  0.000e+00
       2601      9.272    15.9670   3.343014     2.5909     2.5018     0.0046  0.1020720  0.000e+00
       2602      9.313    15.9763   3.345268     2.5836     2.4933     0.0046  0.1020720  0.000e+00
       2603      9.272    15.9848   3.347176     2.5763     2.4847     0.0046  0.1020720  0.000e+00
       2604      9.396    15.9899   3.348865     2.5677     2.4774     0.0046  0.1020720  0.000e+00
       2605      9.371    15.9919   3.350114     2.5592     2.4701     0.0046  0.1010952  0.000e+00
       2606      9.338    15.9972   3.351196     2.5506     2.4627     0.0046  0.1001184  0.000e+00
       2607      9.453    16.0015   3.352272     2.5445     2.4542     0.0044  0.0996300  0.000e+00
       2608      9.437    16.0035   3.353407     2.5372     2.4469     0.0044  0.0991416  0.000e+00
       2609      9.453    16.0029   3.355039     2.5274     2.4395     0.0044  0.0996300  0.000e+00
       2610      9.453    16.0024   3.356845     2.5189     2.4322     0.0044  0.0996300  0.000e+00
       2611      9.495    16.0008   3.357985     2.5116     2.4249     0.0044  0.0996300  0.000e+00
       2612      9.519    15.9889   3.358750     2.5067     2.4176     0.0044  0.0996300  0.000e+00
       2613      9.519    15.9761   3.359532     2.4981     2.4102     0.0044  0.0996300  0.000e+00
       2614      9.618    15.9685   3.360198     2.4896     2.4029     0.0044  0.0996300  0.000e+00
       2615      9.577    15.9665   3.360574     2.4810     2.3956     0.0044  0.0996300  0.000e+00
       2616      9.577    15.9661   3.360650     2.4737     2.3895     0.0044  0.0996300  0.000e+00
       2617      9.618    15.9607   3.360853     2.4676     2.3821     0.0044  0.0996300  0.000e+00
       2618      9.701    15.9535   3.361583     2.4591     2.3760     0.0044  0.0996300  0.000e+00
       2619      9.643    15.9458   3.362399     2.4505     2.3687     0.0044  0.0991416  0.000e+00
       2620      9.742    15.9386   3.363251     2.4444     2.3614     0.0044  0.0996300  0.000e+00
       2621      9.701    15.9313   3.364068     2.4371     2.3553     0.0044  0.0996300  0.000e+00
       2622      9.701    15.9260   3.364897     2.4298     2.3492     0.0044  0.0996300  0.000e+00
       2623      9.799    15.9211   3.365662     2.4224     2.3418     0.0044  0.0996300  0.000e+00
       2624      9.758    15.9172   3.366247     2.4151     2.3357     0.0044  0.0996300  0.000e+00
       2625      9.824    15.9154   3.366856     2.4078     2.3296     0.0044  0.0996300  0.000e+00
       2626      9.857    15.9128   3.367441     2.4029     2.3235     0.0044  0.0996300  0.000e+00
       2627      9.824    15.9108   3.368027     2.3956     2.3174     0.0044  0.0991416  0.000e+00
       2628      9.882    15.9046   3.369012     2.3882     2.3101     0.0044  0.0996300  0.000e+00
       2629      9.857    15.8957   3.370613     2.3809     2.3052     0.0044  0.0996300  0.000e+00
       2630      9.948    15.8890   3.372706     2.3736     2.2991     0.0044  0.0996300  0.000e+00
       2631      9.948    15.8836   3.374342     2.3687     2.2930     0.0044  0.0991416  0.000e+00
       2632      9.923    15.8789   3.375688     2.3626     2.2869     0.0042  0.0991416  0.000e+00
       2633     10.005    15.8748   3.376675     2.3553     2.2808     0.0042  0.0991416  0.000e+00
       2634     10.005    15.8716   3.377464     2.3479     2.2759     0.0042  0.0991416  0.000e+00
       2635     10.047    15.8687   3.378294     2.3418     2.2698     0.0042  0.0996300  0.000e+00
       2636     10.005    15.8659   3.378851     2.3370     2.2637     0.0042  0.0991416  0.000e+00
       2637     10.071    15.8646   3.379374     2.3296     2.2588     0.0042  0.0996300  0.000e+00
       2638     10.047    15.8634   3.379832     2.3223     2.2527     0.0042  0.0996300  0.000e+00
       2639     10.187    15.8618   3.380053     2.3162     2.2478     0.0042  0.0996300  0.000e+00
       2640     10.129    15.8596   3.380366     2.3101     2.2417     0.0042  0.0991416  0.000e+00
       2641     10.129    15.8582   3.380958     2.3064     2.2368     0.0042  0.0996300  0.000e+00
       2642     10.228    15.8567   3.381742     2.2991     2.2319     0.0042  0.0996300  0.000e+00
       2643     10.187    15.8534   3.382497     2.2930     2.2271     0.0042  0.1001184  0.000e+00
       2644     10.187    15.8488   3.383298     2.2857     2.2210     0.0042  0.0996300  0.000e+00
       2645     10.228    15.8400   3.384512     2.2820     2.2161     0.0042  0.0996300  0.000e+00
       2646     10.310    15.8319   3.386179     2.2771     2.2112     0.0042  0.0996300  0.000e+00
       2647     10.253    15.8257   3.387719     2.2698     2.2063     0.0042  0.0996300  0.000e+00
       2648     10.352    15.8194   3.389050     2.2637     2.2026     0.0042  0.0996300  0.000e+00
       2649     10.310    15.8097   3.390543     2.2588     2.1978     0.0042  0.0996300  0.000e+00
       2650     10.376    15.7942   3.391363     2.2539     2.1929     0.0042  0.1001184  0.000e+00
       2651     10.351    15.7740   3.391602     2.2503     2.1880     0.0042  0.1001184  0.000e+00
       2652     10.434    15.7585   3.391980     2.2442     2.1831     0.0042  0.0996300  0.000e+00
       2653     10.376    15.7546   3.392067     2.2381     2.1794     0.0042  0.0996300  0.000e+00
       2654     10.475    15.7507   3.392218     2.2319     2.1746     0.0042  0.0991416  0.000e+00
       2655     10.492    15.7460   3.392712     2.2295     2.1709     0.0042  0.0996300  0.000e+00
       2656     10.434    15.7395   3.392695     2.2246     2.1660     0.0044  0.0991416  0.000e+00
       2657     10.492    15.7346   3.392712     2.2185     2.1623     0.0046  0.0976764  0.000e+00
       2658     10.533    15.7286   3.392619     2.2124     2.1587     0.0046  0.0971880  0.000e+00
       2659     10.558    15.7188   3.392445     2.2075     2.1538     0.0046  0.0971880  0.000e+00
       2660     10.615    15.7038   3.392509     2.2051     2.1501     0.0046  0.0976764  0.000e+00
       2661     10.599    15.6914   3.392550     2.2002     2.1465     0.0046  0.0976764  0.000e+00
       2662     10.615    15.6813   3.392777     2.1941     2.1428     0.0046  0.0976764  0.000e+00
       2663     10.615    15.6760   3.393405     2.1904     2.1391     0.0046  0.0976764  0.000e+00
       2664     10.656    15.6743   3.394469     2.1843     2.1355     0.0046  0.0976764  0.000e+00
       2665     10.681    15.6731   3.396190     2.1819     2.1306     0.0046  0.0976764  0.000e+00
       2666     10.739    15.6719   3.397301     2.1758     2.1269     0.0046  0.0976764  0.000e+00
       2667     10.714    15.6707   3.398302     2.1709     2.1233     0.0046  0.0971880  0.000e+00
       2668     10.739    15.6692   3.398854     2.1660     2.1196     0.0046  0.0976764  0.000e+00
       2669     10.797    15.6682   3.399366     2.1623     2.1159     0.0046  0.0976764  0.000e+00
       2670     10.739    15.6677   3.399645     2.1599     2.1123     0.0046  0.0976764  0.000e+00
       2671     10.838    15.6675   3.399832     2.1538     2.1086     0.0046  0.0976764  0.000e+00
       2672     10.862    15.6672   3.400035     2.1501     2.1062     0.0046  0.0971880  0.000e+00
       2673     10.862    15.6668   3.400134     2.1465     2.1013     0.0046  0.0971880  0.000e+00
       2674     10.904    15.6663   3.400379     2.1416     2.0976     0.0046  0.0971880  0.000e+00
       2675     10.862    15.6656   3.400431     2.1379     2.0940     0.0046  0.0971880  0.000e+00
       2676     10.920    15.6653   3.400495     2.1330     2.0915     0.0046  0.0976764  0.000e+00
       2677     10.961    15.6650   3.400559     2.1294     2.0866     0.0046  0.0976764  0.000e+00
       2678     10.986    15.6652   3.400530     2.1233     2.0842     0.0044  0.0971880  0.000e+00
       2679     10.986    15.6670   3.400902     2.1208     2.0805     0.0046  0.0976764  0.000e+00
       2680     11.019    15.6697   3.401263     2.1172     2.0769     0.0046  0.0976764  0.000e+00
       2681     11.044    15.6729   3.401734     2.1123     2.0720     0.0046  0.0976764  0.000e+00
       2682     11.044    15.6753   3.402345     2.1074     2.0695     0.0044  0.0971880  0.000e+00
       2683     11.110    15.6758   3.402648     2.1037     2.0647     0.0042  0.0971880  0.000e+00
       2684     11.085    15.6760   3.402823     2.1025     2.0622     0.0042  0.0976764  0.000e+00
       2685     11.110    15.6768   3.403026     2.0976     2.0586     0.0042  0.0976764  0.000e+00
       2686     11.167    15.6782   3.403312     2.0927     2.0549     0.0042  0.0976764  0.000e+00
       2687     11.143    15.6772   3.403608     2.0879     2.0512     0.0042  0.0976764  0.000e+00
       2688     11.225    15.6740   3.403620     2.0842     2.0476     0.0042  0.0971880  0.000e+00
       2689     11.167    15.6689   3.403370     2.0818     2.0451     0.0042  0.0976764  0.000e+00
       2690     11.266    15.6638   3.403242     2.0781     2.0415     0.0042  0.0976764  0.000e+00
       2691     11.225    15.6573   3.402840     2.0732     2.0378     0.0042  0.0971880  0.000e+00
       2692     11.291    15.6508   3.402462     2.0683     2.0341     0.0042  0.0976764  0.000e+00
       2693     11.291    15.6419   3.402113     2.0659     2.0317     0.0042  0.0976764  0.000e+00
       2694     11.332    15.6265   3.401671     2.0634     2.0268     0.0042  0.0976764  0.000e+00
       2695     11.349    15.6128   3.401328     2.0586     2.0244     0.0042  0.0976764  0.000e+00
       2696     11.349    15.5984   3.401415     2.0537     2.0219     0.0042  0.0976764  0.000e+00
       2697     11.390    15.5869   3.401485     2.0500     2.0183     0.0042  0.0976764  0.000e+00
       2698     11.415    15.5788   3.401520     2.0476     2.0158     0.0042  0.0971880  0.000e+00
       2699     11.472    15.5708   3.401433     2.0439     2.0122     0.0042  0.0971880  0.000e+00
       2700     11.415    15.5621   3.401311     2.0390     2.0097     0.0042  0.0976764  0.000e+00
       2701     11.513    15.5546   3.401008     2.0354     2.0060     0.0042  0.0976764  0.000e+00
       2702     11.472    15.5472   3.400752     2.0317     2.0024     0.0042  0.0976764  0.000e+00
       2703     11.530    15.5353   3.400817     2.0292     1.9999     0.0042  0.0976764  0.000e+00
       2704     11.571    15.5217   3.401038     2.0256     1.9963     0.0042  0.0976764  0.000e+00
       2705     11.530    15.5110   3.401102     2.0219     1.9938     0.0042  0.0976764  0.000e+00
       2706     11.596    15.5036   3.401102     2.0195     1.9902     0.0042  0.0976764  0.000e+00
       2707     11.596    15.4956   3.400887     2.0134     1.9877     0.0042  0.0971880  0.000e+00
       2708     11.637    15.4893   3.400736     2.0121     1.9853     0.0042  0.0962112  0.000e+00
       2709     11.654    15.4837   3.400567     2.0097     1.9816     0.0042  0.0962112  0.000e+00
       2710     11.654    15.4782   3.400265     2.0048     1.9780     0.0042  0.0957228  0.000e+00
       2711     11.695    15.4730   3.400067     2.0012     1.9755     0.0042  0.0962112  0.000e+00
       2712     11.719    15.4681   3.399980     1.9975     1.9731     0.0042  0.0957228  0.000e+00
       2713     11.777    15.4663   3.399782     1.9951     1.9694     0.0042  0.0962112  0.000e+00
       2714     11.761    15.4647   3.399584     1.9914     1.9670     0.0042  0.0962112  0.000e+00
       2715     11.777    15.4643   3.399607     1.9865     1.9645     0.0042  0.0957228  0.000e+00
       2716     11.777    15.4667   3.399951     1.9853     1.9621     0.0042  0.0962112  0.000e+00
       2717     11.843    15.4705   3.400660     1.9804     1.9584     0.0042  0.0962112  0.000e+00
       2718     11.876    15.4752   3.401615     1.9804     1.9560     0.0042  0.0962112  0.000e+00
       2719     11.843    15.4820   3.402691     1.9755     1.9535     0.0042  0.0962112  0.000e+00
       2720     11.901    15.4901   3.403972     1.9706     1.9511     0.0042  0.0962112  0.000e+00
