data/2021/ctd_data_day2/station8_ctm_fil_le.cnv
* Sea-Bird SBE 9 Data File:
* FileName = C:\Users\CTD-User\Desktop\MAR440\day2\station8.hex
* Software Version Seasave V 7.26.2.13
* Temperature SN = 6313
* Conductivity SN = 4758
* Number of Bytes Per Scan = 37
* Number of Voltage Words = 4
* Number of Scans Averaged by the Deck Unit = 1
* NMEA Latitude = 58 19.53 N
* NMEA Longitude = 011 50.68 E
* NMEA UTC (Time) = Sep 22 2021 11:34:11
* NMEA baud rate = 4800
** Ship: Skagerrak
** Station: station8
** Operator: group1
# nquan = 9
# nvalues = 1621                        
# units = specified
# name 0 = scan: Scan Count
# name 1 = prDM: Pressure, Digiquartz [db]
# name 2 = t090C: Temperature [ITS-90, deg C]
# name 3 = c0S/m: Conductivity [S/m]
# name 4 = sbeox0V: Oxygen raw, SBE 43 [V]
# name 5 = sbeox1V: Oxygen raw, SBE 43, 2 [V]
# name 6 = flECO-AFL: Fluorescence, WET Labs ECO-AFL/FL [mg/m^3]
# name 7 = upoly0: Upoly 0, Turbidity
# name 8 = flag:  0.000e+00
# span 0 =          1,       1621       
# span 1 =      0.840,     12.569       
# span 2 =    14.0065,    15.7167       
# span 3 =   2.901340,   3.413555       
# span 4 =     1.3577,     2.8177       
# span 5 =     1.3369,     2.7501       
# span 6 =     0.0040,     0.0057       
# span 7 =  0.0909304,  0.1803616       
# span 8 = 0.0000e+00, 0.0000e+00       
# interval = seconds: 0.0416667
# start_time = Sep 22 2021 11:34:11 [NMEA time, header]
# bad_flag = -9.990e-29
*END*
[from data line 641]
        642      0.849    14.8167   2.906481     2.7576     2.6933     0.0049  0.1710439 -9.990e-29
        643      0.848    14.8155   2.906170     2.7582     2.6939     0.0053  0.1709547 -9.990e-29
        644      0.847    14.8145   2.905892     2.7588     2.6946     0.0053  0.1708784 -9.990e-29
        645      0.846    14.8135   2.905637     2.7594     2.6952     0.0049  0.1708127 -9.990e-29
        646      0.845    14.8126   2.905395     2.7600     2.6958     0.0053  0.1707572 -9.990e-29
        647      0.844    14.8118   2.905164     2.7605     2.6964     0.0055  0.1707123 -9.990e-29
        648      0.843    14.8111   2.904949     2.7611     2.6970     0.0053  0.1706769 -9.990e-29
        649      0.843    14.8105   2.904761     2.7617     2.6975     0.0049  0.1706499 -9.990e-29
        650      0.842    14.8101   2.904606     2.7622     2.6981     0.0049  0.1706312 -9.990e-29
        651      0.841    14.8098   2.904486     2.7627     2.6987     0.0049  0.1706213 -9.990e-29
        652      0.841    14.8097   2.904399     2.7633     2.6992     0.0049  0.1706211 -9.990e-29
        653      0.840    14.8097   2.904342     2.7638     2.6998     0.0055  0.1706298 -9.990e-29
        654      0.840    14.8098   2.904311     2.7643     2.7003     0.0049  0.1706465 -9.990e-29
        655      0.840    14.8100   2.904303     2.7648     2.7009     0.0049  0.1706714 -9.990e-29
        656      0.840    14.8103   2.904319     2.7653     2.7014     0.0049  0.1707046 -9.990e-29
        657      0.840    14.8107   2.904363     2.7658     2.7020     0.0055  0.1707465 -9.990e-29
        658      0.840    14.8113   2.904436     2.7663     2.7025     0.0055  0.1707972 -9.990e-29
        659      0.840    14.8119   2.904532     2.7668     2.7030     0.0055  0.1708580 -9.990e-29
        660      0.840    14.8125   2.904637     2.7673     2.7036     0.0049  0.1709309 -9.990e-29
        661      0.840    14.8131   2.904739     2.7678     2.7041     0.0049  0.1710166 -9.990e-29
        662      0.841    14.8136   2.904830     2.7682     2.7047     0.0055  0.1711147 -9.990e-29
        663      0.841    14.8140   2.904903     2.7687     2.7052     0.0053  0.1712260 -9.990e-29
        664      0.842    14.8143   2.904957     2.7691     2.7058     0.0049  0.1713511 -9.990e-29
        665      0.843    14.8145   2.904996     2.7696     2.7063     0.0055  0.1714893 -9.990e-29
        666      0.844    14.8148   2.905025     2.7700     2.7069     0.0055  0.1716331 -9.990e-29
        667      0.844    14.8149   2.905047     2.7705     2.7074     0.0055  0.1717715 -9.990e-29
        668      0.845    14.8150   2.905061     2.7709     2.7080     0.0055  0.1718996 -9.990e-29
        669      0.847    14.8151   2.905063     2.7713     2.7086     0.0055  0.1720183 -9.990e-29
        670      0.848    14.8150   2.905049     2.7718     2.7091     0.0055  0.1721301 -9.990e-29
        671      0.849    14.8149   2.905016     2.7722     2.7097     0.0055  0.1722365 -9.990e-29
        672      0.850    14.8147   2.904965     2.7726     2.7103     0.0055  0.1723384 -9.990e-29
        673      0.852    14.8143   2.904894     2.7730     2.7109     0.0055  0.1724357 -9.990e-29
        674      0.853    14.8138   2.904803     2.7734     2.7114     0.0055  0.1725272 -9.990e-29
        675      0.855    14.8132   2.904686     2.7739     2.7120     0.0049  0.1726136 -9.990e-29
        676      0.857    14.8125   2.904541     2.7743     2.7126     0.0055  0.1726965 -9.990e-29
        677      0.860    14.8116   2.904370     2.7747     2.7132     0.0055  0.1727754 -9.990e-29
        678      0.863    14.8106   2.904179     2.7752     2.7138     0.0055  0.1728501 -9.990e-29
        679      0.866    14.8096   2.903972     2.7756     2.7144     0.0055  0.1729212 -9.990e-29
        680      0.869    14.8085   2.903755     2.7760     2.7150     0.0049  0.1729899 -9.990e-29
        681      0.874    14.8074   2.903533     2.7765     2.7156     0.0055  0.1730585 -9.990e-29
        682      0.878    14.8064   2.903313     2.7769     2.7162     0.0055  0.1731282 -9.990e-29
        683      0.884    14.8054   2.903098     2.7774     2.7168     0.0049  0.1731988 -9.990e-29
        684      0.889    14.8044   2.902891     2.7778     2.7174     0.0055  0.1732689 -9.990e-29
        685      0.896    14.8035   2.902694     2.7783     2.7179     0.0055  0.1733383 -9.990e-29
        686      0.903    14.8026   2.902508     2.7787     2.7185     0.0049  0.1734074 -9.990e-29
        687      0.910    14.8018   2.902333     2.7792     2.7191     0.0055  0.1734776 -9.990e-29
        688      0.917    14.8011   2.902168     2.7797     2.7197     0.0055  0.1735510 -9.990e-29
        689      0.926    14.8004   2.902011     2.7802     2.7202     0.0055  0.1736281 -9.990e-29
        690      0.934    14.7997   2.901861     2.7807     2.7208     0.0049  0.1737078 -9.990e-29
        691      0.943    14.7991   2.901719     2.7812     2.7213     0.0053  0.1737882 -9.990e-29
        692      0.952    14.7986   2.901587     2.7817     2.7218     0.0049  0.1738662 -9.990e-29
        693      0.962    14.7981   2.901476     2.7823     2.7224     0.0049  0.1739409 -9.990e-29
        694      0.972    14.7978   2.901397     2.7828     2.7229     0.0049  0.1740127 -9.990e-29
        695      0.983    14.7976   2.901353     2.7833     2.7234     0.0049  0.1740821 0.0000e+00
        696      0.995    14.7975   2.901340     2.7839     2.7239     0.0053  0.1741496 0.0000e+00
        697      1.006    14.7975   2.901351     2.7844     2.7244     0.0049  0.1742157 0.0000e+00
        698      1.017    14.7975   2.901382     2.7850     2.7249     0.0053  0.1742808 0.0000e+00
        699      1.029    14.7977   2.901430     2.7855     2.7254     0.0055  0.1743454 0.0000e+00
        700      1.041    14.7980   2.901494     2.7860     2.7259     0.0055  0.1744099 0.0000e+00
        701      1.054    14.7983   2.901575     2.7866     2.7263     0.0053  0.1744748 0.0000e+00
        702      1.066    14.7987   2.901669     2.7871     2.7268     0.0055  0.1745405 0.0000e+00
        703      1.079    14.7992   2.901778     2.7877     2.7272     0.0055  0.1746075 0.0000e+00
        704      1.093    14.7999   2.901904     2.7882     2.7277     0.0049  0.1746763 0.0000e+00
        705      1.106    14.8006   2.902053     2.7888     2.7282     0.0049  0.1747473 0.0000e+00
        706      1.120    14.8015   2.902230     2.7893     2.7286     0.0055  0.1748202 0.0000e+00
        707      1.134    14.8026   2.902441     2.7899     2.7290     0.0049  0.1748946 0.0000e+00
        708      1.148    14.8039   2.902689     2.7904     2.7294     0.0055  0.1749719 0.0000e+00
        709      1.163    14.8055   2.902979     2.7910     2.7299     0.0055  0.1750536 0.0000e+00
        710      1.178    14.8072   2.903314     2.7915     2.7303     0.0049  0.1751400 0.0000e+00
        711      1.193    14.8092   2.903695     2.7920     2.7307     0.0055  0.1752320 0.0000e+00
        712      1.208    14.8114   2.904115     2.7926     2.7310     0.0049  0.1753300 0.0000e+00
        713      1.224    14.8137   2.904570     2.7931     2.7314     0.0049  0.1754348 0.0000e+00
        714      1.240    14.8161   2.905052     2.7936     2.7318     0.0049  0.1755471 0.0000e+00
        715      1.256    14.8185   2.905557     2.7941     2.7321     0.0049  0.1756677 0.0000e+00
        716      1.273    14.8211   2.906080     2.7946     2.7325     0.0049  0.1757957 0.0000e+00
        717      1.290    14.8237   2.906614     2.7952     2.7328     0.0049  0.1759253 0.0000e+00
        718      1.307    14.8263   2.907157     2.7957     2.7332     0.0055  0.1760488 0.0000e+00
        719      1.324    14.8290   2.907708     2.7961     2.7335     0.0049  0.1761637 0.0000e+00
        720      1.342    14.8317   2.908266     2.7966     2.7339     0.0055  0.1762708 0.0000e+00
        721      1.359    14.8344   2.908829     2.7971     2.7342     0.0049  0.1763708 0.0000e+00
        722      1.377    14.8371   2.909396     2.7976     2.7345     0.0049  0.1764645 0.0000e+00
        723      1.395    14.8397   2.909962     2.7981     2.7348     0.0049  0.1765524 0.0000e+00
        724      1.412    14.8424   2.910524     2.7986     2.7351     0.0055  0.1766353 0.0000e+00
        725      1.430    14.8449   2.911079     2.7990     2.7355     0.0055  0.1767136 0.0000e+00
        726      1.448    14.8474   2.911623     2.7995     2.7358     0.0055  0.1767880 0.0000e+00
        727      1.466    14.8498   2.912152     2.8000     2.7361     0.0055  0.1768588 0.0000e+00
        728      1.484    14.8521   2.912663     2.8004     2.7364     0.0049  0.1769268 0.0000e+00
        729      1.502    14.8544   2.913156     2.8009     2.7367     0.0049  0.1769922 0.0000e+00
        730      1.520    14.8566   2.913633     2.8013     2.7371     0.0055  0.1770555 0.0000e+00
        731      1.538    14.8588   2.914098     2.8017     2.7374     0.0049  0.1771173 0.0000e+00
        732      1.556    14.8608   2.914554     2.8022     2.7377     0.0049  0.1771779 0.0000e+00
        733      1.574    14.8628   2.915000     2.8026     2.7380     0.0055  0.1772378 0.0000e+00
        734      1.592    14.8647   2.915433     2.8030     2.7384     0.0055  0.1772973 0.0000e+00
        735      1.610    14.8665   2.915848     2.8034     2.7387     0.0055  0.1773569 0.0000e+00
        736      1.628    14.8682   2.916248     2.8038     2.7390     0.0049  0.1774170 0.0000e+00
        737      1.646    14.8699   2.916637     2.8042     2.7394     0.0049  0.1774780 0.0000e+00
        738      1.664    14.8715   2.917017     2.8046     2.7397     0.0049  0.1775403 0.0000e+00
        739      1.682    14.8731   2.917391     2.8050     2.7400     0.0055  0.1776045 0.0000e+00
        740      1.700    14.8747   2.917759     2.8054     2.7404     0.0055  0.1776708 0.0000e+00
        741      1.718    14.8763   2.918123     2.8058     2.7407     0.0049  0.1777398 0.0000e+00
        742      1.735    14.8779   2.918484     2.8062     2.7411     0.0057  0.1778103 0.0000e+00
        743      1.753    14.8795   2.918842     2.8066     2.7414     0.0057  0.1778793 0.0000e+00
        744      1.771    14.8810   2.919200     2.8070     2.7417     0.0057  0.1779457 0.0000e+00
        745      1.789    14.8826   2.919557     2.8074     2.7421     0.0057  0.1780098 0.0000e+00
        746      1.807    14.8841   2.919915     2.8078     2.7424     0.0057  0.1780722 0.0000e+00
        747      1.825    14.8857   2.920278     2.8082     2.7427     0.0057  0.1781333 0.0000e+00
        748      1.842    14.8872   2.920649     2.8085     2.7431     0.0057  0.1781935 0.0000e+00
        749      1.860    14.8889   2.921033     2.8089     2.7434     0.0057  0.1782532 0.0000e+00
        750      1.878    14.8905   2.921433     2.8093     2.7438     0.0057  0.1783128 0.0000e+00
        751      1.896    14.8923   2.921852     2.8097     2.7441     0.0057  0.1783728 0.0000e+00
        752      1.914    14.8941   2.922290     2.8100     2.7445     0.0057  0.1784335 0.0000e+00
        753      1.932    14.8960   2.922747     2.8104     2.7448     0.0057  0.1784955 0.0000e+00
        754      1.950    14.8978   2.923218     2.8108     2.7451     0.0057  0.1785590 0.0000e+00
        755      1.968    14.8996   2.923696     2.8111     2.7455     0.0057  0.1786246 0.0000e+00
        756      1.986    14.9013   2.924167     2.8115     2.7458     0.0057  0.1786928 0.0000e+00
        757      2.004    14.9029   2.924622     2.8118     2.7461     0.0057  0.1787639 0.0000e+00
        758      2.022    14.9044   2.925052     2.8122     2.7465     0.0057  0.1788385 0.0000e+00
        759      2.039    14.9057   2.925453     2.8126     2.7468     0.0057  0.1789171 0.0000e+00
        760      2.057    14.9069   2.925825     2.8129     2.7471     0.0057  0.1790003 0.0000e+00
        761      2.076    14.9081   2.926172     2.8132     2.7473     0.0057  0.1790886 0.0000e+00
        762      2.094    14.9092   2.926495     2.8136     2.7476     0.0057  0.1791827 0.0000e+00
        763      2.112    14.9102   2.926796     2.8139     2.7479     0.0057  0.1792832 0.0000e+00
        764      2.130    14.9112   2.927074     2.8142     2.7481     0.0057  0.1793907 0.0000e+00
        765      2.148    14.9120   2.927328     2.8144     2.7483     0.0057  0.1795061 0.0000e+00
        766      2.166    14.9128   2.927560     2.8147     2.7486     0.0057  0.1796302 0.0000e+00
        767      2.184    14.9136   2.927773     2.8150     2.7488     0.0057  0.1797612 0.0000e+00
        768      2.202    14.9143   2.927970     2.8152     2.7489     0.0055  0.1798908 0.0000e+00
        769      2.221    14.9151   2.928158     2.8155     2.7491     0.0055  0.1800079 0.0000e+00
        770      2.239    14.9159   2.928342     2.8157     2.7493     0.0055  0.1801074 0.0000e+00
        771      2.257    14.9167   2.928524     2.8159     2.7494     0.0055  0.1801892 0.0000e+00
        772      2.275    14.9175   2.928706     2.8161     2.7496     0.0049  0.1802547 0.0000e+00
        773      2.293    14.9184   2.928891     2.8163     2.7497     0.0055  0.1803051 0.0000e+00
        774      2.311    14.9193   2.929081     2.8165     2.7498     0.0055  0.1803400 0.0000e+00
        775      2.329    14.9203   2.929280     2.8166     2.7499     0.0049  0.1803588 0.0000e+00
        776      2.348    14.9213   2.929489     2.8168     2.7500     0.0055  0.1803616 0.0000e+00
        777      2.366    14.9223   2.929706     2.8169     2.7500     0.0055  0.1803484 0.0000e+00
        778      2.384    14.9233   2.929926     2.8170     2.7501     0.0055  0.1803192 0.0000e+00
        779      2.402    14.9243   2.930144     2.8171     2.7501     0.0055  0.1802745 0.0000e+00
        780      2.420    14.9253   2.930356     2.8172     2.7501     0.0055  0.1802149 0.0000e+00
        781      2.438    14.9263   2.930562     2.8173     2.7501     0.0055  0.1801392 0.0000e+00
        782      2.456    14.9272   2.930766     2.8174     2.7501     0.0055  0.1800460 0.0000e+00
        783      2.473    14.9282   2.930969     2.8175     2.7501     0.0055  0.1799354 0.0000e+00
        784      2.491    14.9292   2.931172     2.8175     2.7501     0.0055  0.1798077 0.0000e+00
        785      2.509    14.9302   2.931379     2.8176     2.7500     0.0055  0.1796609 0.0000e+00
        786      2.527    14.9312   2.931590     2.8176     2.7499     0.0049  0.1794933 0.0000e+00
        787      2.545    14.9322   2.931807     2.8177     2.7499     0.0055  0.1793045 0.0000e+00
        788      2.563    14.9333   2.932031     2.8177     2.7498     0.0049  0.1790949 0.0000e+00
        789      2.581    14.9343   2.932264     2.8177     2.7496     0.0049  0.1788631 0.0000e+00
        790      2.599    14.9355   2.932507     2.8177     2.7495     0.0049  0.1786057 0.0000e+00
        791      2.616    14.9367   2.932762     2.8177     2.7494     0.0049  0.1783202 0.0000e+00
        792      2.634    14.9379   2.933030     2.8177     2.7493     0.0055  0.1780053 0.0000e+00
        793      2.652    14.9392   2.933313     2.8177     2.7491     0.0055  0.1776691 0.0000e+00
        794      2.669    14.9406   2.933615     2.8177     2.7489     0.0057  0.1773322 0.0000e+00
        795      2.687    14.9421   2.933938     2.8176     2.7488     0.0057  0.1770126 0.0000e+00
        796      2.705    14.9437   2.934282     2.8176     2.7486     0.0057  0.1767157 0.0000e+00
        797      2.722    14.9454   2.934648     2.8176     2.7484     0.0057  0.1764395 0.0000e+00
        798      2.740    14.9471   2.935038     2.8175     2.7482     0.0057  0.1761811 0.0000e+00
        799      2.758    14.9490   2.935455     2.8175     2.7480     0.0057  0.1759381 0.0000e+00
        800      2.775    14.9509   2.935896     2.8174     2.7477     0.0057  0.1757077 0.0000e+00
