data/2021/ctd_data_day2/station10_ctm.cnv
* Sea-Bird SBE 9 Data File:
* FileName = C:\Users\CTD-User\Desktop\MAR440\day2\station10.hex
* Software Version Seasave V 7.26.2.13
* Temperature SN = 6313
* Conductivity SN = 4758
* Number of Bytes Per Scan = 37
* Number of Voltage Words = 4
* Number of Scans Averaged by the Deck Unit = 1
* NMEA Latitude = 58 20.25 N
* NMEA Longitude = 011 53.24 E
* NMEA UTC (Time) = Sep 22 2021 12:19:36
* NMEA baud rate = 4800
** Ship: Skagerrak
** Station: station10
** Operator: group2green
# nquan = 9
# nvalues = 2945                        
# units = specified
# name 0 = scan: Scan Count
# name 1 = prDM: Pressure, Digiquartz [db]
# name 2 = t090C: Temperature [ITS-90, deg C]
# name 3 = c0S/m: Conductivity [S/m]
# name 4 = sbeox0V: Oxygen raw, SBE 43 [V]
# name 5 = sbeox1V: Oxygen raw, SBE 43, 2 [V]
# name 6 = flECO-AFL: Fluorescence, WET Labs ECO-AFL/FL [mg/m^3]
# name 7 = upoly0: Upoly 0, Turbidity
# name 8 = flag:  0.000e+00
# span 0 =          1,       2945       
# span 1 =      1.368,     39.769       
# span 2 =     7.4919,    15.8877       
# span 3 =   2.825176,   3.473254       
# span 4 =     0.4784,     2.9182       
# span 5 =     0.5505,     2.8645       
# span 6 =     0.0033,     0.0148       
# span 7 =  0.0879084,  0.2275910       
# span 8 = 0.0000e+00, 0.0000e+00       
# interval = seconds: 0.0416667
# start_time = Sep 22 2021 12:19:36 [NMEA time, header]
# bad_flag = -9.990e-29
*END*
[from data line 1761]
       1762     16.116    10.7036   3.403696     1.2954     1.2990     0.0035  0.0879084 0.0000e+00
       1763     16.182    10.6765   3.401327     1.2905     1.2954     0.0035  0.0879084 0.0000e+00
       1764     16.182    10.6490   3.399062     1.2868     1.2929     0.0035  0.0879084 0.0000e+00
       1765     16.182    10.6203   3.396863     1.2832     1.2893     0.0035  0.0879084 0.0000e+00
       1766     16.239    10.5921   3.394766     1.2820     1.2856     0.0035  0.0883968 0.0000e+00
       1767     16.281    10.5509   3.392155     1.2783     1.2832     0.0035  0.0879084 0.0000e+00
       1768     16.297    10.5084   3.389285     1.2734     1.2807     0.0035  0.0883968 0.0000e+00
       1769     16.297    10.4781   3.386490     1.2722     1.2771     0.0035  0.0883968 0.0000e+00
       1770     16.297    10.4470   3.384363     1.2673     1.2734     0.0035  0.0879084 0.0000e+00
       1771     16.363    10.4213   3.382332     1.2649     1.2710     0.0035  0.0879084 0.0000e+00
       1772     16.363    10.4019   3.380576     1.2624     1.2685     0.0035  0.0883968 0.0000e+00
       1773     16.404    10.3879   3.379136     1.2575     1.2648     0.0035  0.0879084 0.0000e+00
       1774     16.421    10.3673   3.377655     1.2539     1.2612     0.0035  0.0883968 0.0000e+00
       1775     16.421    10.3458   3.376135     1.2502     1.2587     0.0037  0.0883968 0.0000e+00
       1776     16.487    10.3205   3.374550     1.2490     1.2563     0.0038  0.0883968 0.0000e+00
       1777     16.486    10.2864   3.372543     1.2453     1.2526     0.0038  0.0883968 0.0000e+00
       1778     16.470    10.2582   3.370262     1.2417     1.2490     0.0038  0.0883968 0.0000e+00
       1779     16.544    10.2299   3.367768     1.2380     1.2465     0.0038  0.0883968 0.0000e+00
       1780     16.544    10.1985   3.365495     1.2356     1.2429     0.0038  0.0883968 0.0000e+00
       1781     16.610    10.1717   3.363396     1.2331     1.2404     0.0037  0.0883968 0.0000e+00
       1782     16.544    10.1485   3.361637     1.2294     1.2368     0.0038  0.0883968 0.0000e+00
       1783     16.668    10.1255   3.360036     1.2246     1.2331     0.0038  0.0883968 0.0000e+00
       1784     16.651    10.0993   3.358515     1.2233     1.2307     0.0038  0.0883968 0.0000e+00
       1785     16.668    10.0620   3.356229     1.2209     1.2270     0.0038  0.0883968 0.0000e+00
       1786     16.668    10.0218   3.353986     1.2185     1.2233     0.0038  0.0883968 0.0000e+00
       1787     16.668     9.9877   3.351151     1.2136     1.2209     0.0038  0.0883968 0.0000e+00
       1788     16.791     9.9529   3.348304     1.2087     1.2172     0.0038  0.0883968 0.0000e+00
       1789     16.725     9.9067   3.345393     1.2062     1.2136     0.0038  0.0883968 0.0000e+00
       1790     16.775     9.8549   3.342196     1.2050     1.2111     0.0038  0.0883968 0.0000e+00
       1791     16.791     9.8133   3.338639     1.2001     1.2075     0.0038  0.0883968 0.0000e+00
       1792     16.791     9.7733   3.335391     1.1953     1.2038     0.0038  0.0883968 0.0000e+00
       1793     16.849     9.7322   3.332528     1.1916     1.2001     0.0038  0.0883968 0.0000e+00
       1794     16.915     9.6935   3.329988     1.1879     1.1965     0.0038  0.0883968 0.0000e+00
       1795     16.849     9.6473   3.327501     1.1867     1.1940     0.0038  0.0883968 0.0000e+00
       1796     16.898     9.6040   3.325044     1.1843     1.1891     0.0038  0.0883968 0.0000e+00
       1797     16.972     9.5697   3.322656     1.1794     1.1855     0.0038  0.0883968 0.0000e+00
       1798     16.915     9.5372   3.320172     1.1745     1.1830     0.0038  0.0883968 0.0000e+00
       1799     16.972     9.5005   3.317547     1.1696     1.1794     0.0038  0.0883968 0.0000e+00
       1800     17.030     9.4525   3.314666     1.1696     1.1757     0.0038  0.0903504 0.0000e+00
       1801     16.972     9.4169   3.311823     1.1647     1.1720     0.0040  0.0927924 0.0000e+00
       1802     17.014     9.3815   3.309154     1.1598     1.1684     0.0040  0.0932808 0.0000e+00
       1803     17.096     9.3426   3.306311     1.1562     1.1647     0.0040  0.0932808 0.0000e+00
       1804     17.096     9.3081   3.303925     1.1537     1.1611     0.0040  0.0927924 0.0000e+00
       1805     17.096     9.2760   3.301715     1.1513     1.1574     0.0040  0.0927924 0.0000e+00
       1806     17.154     9.2444   3.299596     1.1464     1.1525     0.0040  0.0927924 0.0000e+00
       1807     17.154     9.2078   3.297082     1.1427     1.1488     0.0040  0.0927924 0.0000e+00
       1808     17.154     9.1748   3.294970     1.1379     1.1452     0.0040  0.0927924 0.0000e+00
       1809     17.203     9.1470   3.292987     1.1354     1.1403     0.0040  0.0927924 0.0000e+00
       1810     17.220     9.1225   3.291466     1.1330     1.1366     0.0040  0.0927924 0.0000e+00
       1811     17.220     9.0986   3.289786     1.1281     1.1330     0.0040  0.0927924 0.0000e+00
       1812     17.277     9.0788   3.288198     1.1256     1.1293     0.0040  0.0927924 0.0000e+00
       1813     17.277     8.9361   3.286216     1.1269     1.1256     0.0040  0.0927924 0.0000e+00
       1814     17.277     9.0474   3.285122     1.1171     1.1208     0.0040  0.0927924 0.0000e+00
       1815     17.318     9.0261   3.283810     1.1073     1.1171     0.0040  0.0927924 0.0000e+00
       1816     17.343     9.0011   3.282277     1.1061     1.1134     0.0040  0.0927924 0.0000e+00
       1817     17.343     8.9795   3.280654     1.1037     1.1098     0.0040  0.0927924 0.0000e+00
       1818     17.401     8.9569   3.279264     1.1000     1.1049     0.0040  0.0927924 0.0000e+00
       1819     17.401     8.9376   3.278161     1.0988     1.1012     0.0040  0.0927924 0.0000e+00
       1820     17.458     8.9160   3.277130     1.0939     1.0963     0.0040  0.0927924 0.0000e+00
       1821     17.401     8.8904   3.275464     1.0890     1.0927     0.0040  0.0927924 0.0000e+00
       1822     17.508     8.8658   3.273981     1.0866     1.0890     0.0040  0.0927924 0.0000e+00
       1823     17.458     8.8422   3.272685     1.0805     1.0841     0.0040  0.0927924 0.0000e+00
       1824     17.524     8.8170   3.271511     1.0780     1.0805     0.0040  0.0927924 0.0000e+00
       1825     17.524     8.7987   3.270442     1.0744     1.0756     0.0040  0.0927924 0.0000e+00
       1826     17.582     8.7851   3.269397     1.0683     1.0719     0.0044  0.0937692 0.0000e+00
       1827     17.582     8.7667   3.268369     1.0646     1.0682     0.0044  0.0942576 0.0000e+00
       1828     17.565     8.7427   3.267210     1.0622     1.0634     0.0044  0.0942576 0.0000e+00
       1829     17.648     8.7186   3.266045     1.0585     1.0597     0.0044  0.0937692 0.0000e+00
       1830     17.648     8.6957   3.264920     1.0536     1.0560     0.0044  0.0942576 0.0000e+00
       1831     17.648     8.6728   3.263629     1.0487     1.0511     0.0044  0.0942576 0.0000e+00
       1832     17.706     8.6465   3.262331     1.0438     1.0463     0.0044  0.0937692 0.0000e+00
       1833     17.648     8.6188   3.261051     1.0426     1.0426     0.0044  0.0942576 0.0000e+00
       1834     17.763     8.6006   3.259475     1.0377     1.0389     0.0044  0.0942576 0.0000e+00
       1835     17.747     8.5852   3.258241     1.0328     1.0341     0.0044  0.0942576 0.0000e+00
       1836     17.763     8.5637   3.256847     1.0280     1.0292     0.0044  0.0937692 0.0000e+00
       1837     17.763     8.5394   3.255386     1.0231     1.0255     0.0044  0.0942576 0.0000e+00
       1838     17.829     8.5125   3.253985     1.0231     1.0206     0.0044  0.0942576 0.0000e+00
       1839     17.829     8.4889   3.252539     1.0170     1.0170     0.0044  0.0937692 0.0000e+00
       1840     17.829     8.4659   3.251381     1.0109     1.0121     0.0044  0.0937692 0.0000e+00
       1841     17.887     8.4469   3.250210     1.0060     1.0072     0.0044  0.0942576 0.0000e+00
       1842     17.870     8.4319   3.249020     1.0035     1.0023     0.0044  0.0942576 0.0000e+00
       1843     17.953     8.4190   3.248077     0.9999     0.9986     0.0044  0.0942576 0.0000e+00
       1844     17.887     8.4067   3.247310     0.9950     0.9938     0.0044  0.0942576 0.0000e+00
       1845     17.953     8.3957   3.246284     0.9901     0.9889     0.0044  0.0942576 0.0000e+00
       1846     17.953     8.3818   3.245372     0.9852     0.9840     0.0044  0.0937692 0.0000e+00
       1847     18.010     8.3659   3.244567     0.9803     0.9791     0.0044  0.0937692 0.0000e+00
       1848     18.010     8.3529   3.243751     0.9791     0.9754     0.0044  0.0942576 0.0000e+00
       1849     18.060     8.3423   3.243075     0.9718     0.9706     0.0044  0.0942576 0.0000e+00
       1850     18.076     8.3335   3.242382     0.9669     0.9657     0.0044  0.0937692 0.0000e+00
       1851     18.076     8.3239   3.241996     0.9645     0.9620     0.0046  0.0962112 0.0000e+00
       1852     18.076     8.3149   3.241439     0.9596     0.9571     0.0046  0.0991416 0.0000e+00
       1853     18.134     8.3078   3.240810     0.9559     0.9522     0.0046  0.0996300 0.0000e+00
       1854     18.134     8.2996   3.240388     0.9498     0.9486     0.0046  0.0996300 0.0000e+00
       1855     18.191     8.2929   3.239960     0.9449     0.9437     0.0046  0.1001184 0.0000e+00
       1856     18.175     8.2874   3.239662     0.9413     0.9388     0.0046  0.1001184 0.0000e+00
       1857     18.191     8.2824   3.239176     0.9376     0.9339     0.0046  0.0996300 0.0000e+00
       1858     18.191     8.2780   3.238837     0.9339     0.9290     0.0046  0.0991416 0.0000e+00
       1859     18.257     8.2728   3.238539     0.9278     0.9241     0.0046  0.1001184 0.0000e+00
       1860     18.315     8.2668   3.238255     0.9229     0.9205     0.0046  0.0991416 0.0000e+00
       1861     18.257     8.2588   3.237838     0.9181     0.9168     0.0046  0.0991416 0.0000e+00
       1862     18.315     8.2525   3.237382     0.9156     0.9119     0.0046  0.1001184 0.0000e+00
       1863     18.315     8.2467   3.237098     0.9119     0.9071     0.0046  0.0996300 0.0000e+00
       1864     18.364     8.2396   3.236661     0.9058     0.9034     0.0046  0.0996300 0.0000e+00
       1865     18.381     8.2318   3.236152     0.9010     0.8985     0.0046  0.0996300 0.0000e+00
       1866     18.381     8.2253   3.235888     0.8973     0.8936     0.0046  0.0991416 0.0000e+00
       1867     18.381     8.2187   3.235618     0.8949     0.8900     0.0046  0.0991416 0.0000e+00
       1868     18.438     8.2130   3.235082     0.8900     0.8863     0.0046  0.0991416 0.0000e+00
       1869     18.496     8.2051   3.234618     0.8851     0.8814     0.0046  0.0991416 0.0000e+00
       1870     18.438     8.1992   3.234378     0.8802     0.8777     0.0046  0.0996300 0.0000e+00
       1871     18.488     8.1939   3.233986     0.8765     0.8729     0.0046  0.0996300 0.0000e+00
       1872     18.562     8.1868   3.233656     0.8741     0.8692     0.0046  0.1001184 0.0000e+00
       1873     18.496     8.1787   3.233236     0.8717     0.8655     0.0046  0.1001184 0.0000e+00
       1874     18.562     8.1731   3.232962     0.8643     0.8619     0.0046  0.0996300 0.0000e+00
       1875     18.562     8.1683   3.232765     0.8607     0.8582     0.0046  0.0996300 0.0000e+00
       1876     18.620     8.1635   3.232203     0.8570     0.8533     0.0046  0.1001184 0.0000e+00
       1877     18.620     8.1583   3.231798     0.8546     0.8497     0.0051  0.1040256 0.0000e+00
       1878     18.620     8.1520   3.231487     0.8497     0.8460     0.0053  0.1059792 0.0000e+00
       1879     18.669     8.1462   3.231308     0.8448     0.8423     0.0053  0.1059792 0.0000e+00
       1880     18.685     8.1416   3.230945     0.8423     0.8387     0.0053  0.1054908 0.0000e+00
       1881     18.743     8.1367   3.230793     0.8387     0.8350     0.0053  0.1059792 0.0000e+00
       1882     18.685     8.1331   3.230867     0.8350     0.8326     0.0053  0.1054908 0.0000e+00
       1883     18.743     8.1295   3.230822     0.8301     0.8289     0.0053  0.1054908 0.0000e+00
       1884     18.809     8.1263   3.230480     0.8277     0.8252     0.0053  0.1054908 0.0000e+00
       1885     18.809     8.1232   3.230464     0.8228     0.8228     0.0053  0.1054908 0.0000e+00
       1886     18.809     8.1202   3.230237     0.8216     0.8191     0.0053  0.1054908 0.0000e+00
       1887     18.850     8.1167   3.229986     0.8179     0.8155     0.0053  0.1054908 0.0000e+00
       1888     18.809     8.1136   3.229758     0.8130     0.8118     0.0053  0.1054908 0.0000e+00
       1889     18.867     8.1100   3.229671     0.8094     0.8094     0.0053  0.1054908 0.0000e+00
       1890     18.924     8.1068   3.229590     0.8057     0.8057     0.0053  0.1054908 0.0000e+00
       1891     18.924     8.1037   3.229402     0.8045     0.8033     0.0053  0.1054908 0.0000e+00
       1892     18.924     8.1004   3.229303     0.8008     0.7996     0.0053  0.1054908 0.0000e+00
       1893     18.990     8.0964   3.229207     0.7959     0.7972     0.0053  0.1059792 0.0000e+00
       1894     18.924     8.0927   3.229044     0.7935     0.7947     0.0053  0.1059792 0.0000e+00
       1895     19.031     8.0884   3.229004     0.7911     0.7910     0.0053  0.1054908 0.0000e+00
       1896     19.048     8.0843   3.228845     0.7898     0.7886     0.0053  0.1054908 0.0000e+00
       1897     18.990     8.0797   3.228616     0.7850     0.7849     0.0053  0.1054908 0.0000e+00
       1898     19.114     8.0754   3.228404     0.7813     0.7825     0.0053  0.1054908 0.0000e+00
       1899     19.048     8.0719   3.228274     0.7788     0.7801     0.0053  0.1059792 0.0000e+00
       1900     19.114     8.0688   3.228197     0.7764     0.7776     0.0053  0.1059792 0.0000e+00
       1901     19.171     8.0657   3.228172     0.7752     0.7752     0.0053  0.1054908 0.0000e+00
       1902     19.114     8.0625   3.228186     0.7703     0.7727     0.0057  0.1098864 0.0000e+00
       1903     19.221     8.0589   3.227826     0.7666     0.7703     0.0060  0.1147705 0.0000e+00
       1904     19.171     8.0553   3.227781     0.7642     0.7678     0.0060  0.1162357 0.0000e+00
       1905     19.229     8.0511   3.227620     0.7642     0.7642     0.0060  0.1157473 0.0000e+00
       1906     19.229     8.0486   3.227532     0.7605     0.7630     0.0060  0.1157473 0.0000e+00
       1907     19.229     8.0460   3.227536     0.7556     0.7605     0.0060  0.1157473 0.0000e+00
       1908     19.295     8.0425   3.227461     0.7544     0.7581     0.0060  0.1157473 0.0000e+00
       1909     19.295     8.0401   3.227300     0.7508     0.7556     0.0060  0.1157473 0.0000e+00
       1910     19.353     8.0371   3.227084     0.7495     0.7532     0.0060  0.1157473 0.0000e+00
       1911     19.353     8.0339   3.227113     0.7471     0.7507     0.0060  0.1157473 0.0000e+00
       1912     19.336     8.0311   3.227217     0.7447     0.7483     0.0060  0.1157473 0.0000e+00
       1913     19.418     8.0290   3.227123     0.7410     0.7471     0.0060  0.1157473 0.0000e+00
       1914     19.418     8.0266   3.227126     0.7398     0.7446     0.0060  0.1157473 0.0000e+00
       1915     19.418     8.0241   3.227105     0.7398     0.7422     0.0060  0.1157473 0.0000e+00
       1916     19.476     8.0216   3.227021     0.7361     0.7398     0.0060  0.1157473 0.0000e+00
       1917     19.476     8.0193   3.226943     0.7324     0.7385     0.0060  0.1157473 0.0000e+00
       1918     19.476     8.0180   3.226920     0.7300     0.7361     0.0060  0.1157473 0.0000e+00
       1919     19.542     8.0162   3.226889     0.7276     0.7349     0.0060  0.1157473 0.0000e+00
       1920     19.542     8.0141   3.226892     0.7263     0.7324     0.0060  0.1157473 0.0000e+00
