data/2021/ctd_data_day2/station2_ctm.cnv
* Sea-Bird SBE 9 Data File:
* FileName = C:\Users\CTD-User\Desktop\MAR440\day2\station2.hex
* Software Version Seasave V 7.26.2.13
* Temperature SN = 6313
* Conductivity SN = 4758
* Number of Bytes Per Scan = 37
* Number of Voltage Words = 4
* Number of Scans Averaged by the Deck Unit = 1
* NMEA Latitude = 58 19.95 N
* NMEA Longitude = 011 52.33 E
* NMEA UTC (Time) = Sep 22 2021 09:05:25
* NMEA baud rate = 4800
** Ship: Skagerrak
** Station: station2
** Operator: group2blue
# nquan = 9
# nvalues = 8194                        
# units = specified
# name 0 = scan: Scan Count
# name 1 = prDM: Pressure, Digiquartz [db]
# name 2 = t090C: Temperature [ITS-90, deg C]
# name 3 = c0S/m: Conductivity [S/m]
# name 4 = sbeox0V: Oxygen raw, SBE 43 [V]
# name 5 = sbeox1V: Oxygen raw, SBE 43, 2 [V]
# name 6 = flECO-AFL: Fluorescence, WET Labs ECO-AFL/FL [mg/m^3]
# name 7 = upoly0: Upoly 0, Turbidity
# name 8 = flag:  0.000e+00
# span 0 =          1,       8194       
# span 1 =      0.414,     46.105       
# span 2 =     7.9715,    16.1947       
# span 3 =   2.596168,   3.481354       
# span 4 =     0.4613,     4.2576       
# span 5 =     0.5151,     4.2186       
# span 6 =     0.0035,     0.0209       
# span 7 =  0.0879084,  0.3184335       
# span 8 = 0.0000e+00, 0.0000e+00       
# interval = seconds: 0.0416667
# start_time = Sep 22 2021 09:05:25 [NMEA time, header]
# bad_flag = -9.990e-29
*END*
[from data line 8161]
       8162     45.982     8.6688   3.414036     0.4613     0.5151     0.0040  0.1172125 0.0000e+00
       8163     45.990     8.6686   3.414035     0.4613     0.5163     0.0040  0.1172125 0.0000e+00
       8164     45.990     8.6686   3.414117     0.4625     0.5163     0.0040  0.1172125 0.0000e+00
       8165     46.048     8.6688   3.414071     0.4625     0.5163     0.0040  0.1172125 0.0000e+00
       8166     45.990     8.6688   3.414065     0.4613     0.5163     0.0040  0.1172125 0.0000e+00
       8167     45.924     8.6690   3.414165     0.4613     0.5151     0.0040  0.1172125 0.0000e+00
       8168     46.048     8.6689   3.414176     0.4625     0.5151     0.0040  0.1172125 0.0000e+00
       8169     45.990     8.6690   3.414148     0.4625     0.5163     0.0040  0.1172125 0.0000e+00
       8170     45.982     8.6686   3.414157     0.4625     0.5151     0.0040  0.1172125 0.0000e+00
       8171     46.048     8.6689   3.414118     0.4613     0.5163     0.0040  0.1172125 0.0000e+00
       8172     45.990     8.6690   3.414130     0.4613     0.5163     0.0040  0.1172125 0.0000e+00
       8173     45.982     8.6689   3.414048     0.4625     0.5163     0.0040  0.1172125 0.0000e+00
       8174     45.990     8.6690   3.414037     0.4625     0.5163     0.0040  0.1172125 0.0000e+00
       8175     46.048     8.6690   3.414066     0.4625     0.5151     0.0040  0.1172125 0.0000e+00
       8176     45.990     8.6689   3.414030     0.4613     0.5163     0.0040  0.1172125 0.0000e+00
       8177     45.990     8.6688   3.414018     0.4613     0.5151     0.0040  0.1172125 0.0000e+00
       8178     45.982     8.6688   3.414036     0.4625     0.5163     0.0040  0.1172125 0.0000e+00
       8179     46.048     8.6688   3.413954     0.4625     0.5163     0.0040  0.1172125 0.0000e+00
       8180     45.990     8.6690   3.414084     0.4613     0.5151     0.0040  0.1172125 0.0000e+00
       8181     45.982     8.6688   3.414018     0.4613     0.5163     0.0040  0.1167241 0.0000e+00
       8182     46.048     8.6686   3.413913     0.4625     0.5151     0.0040  0.1172125 0.0000e+00
       8183     45.982     8.6688   3.413937     0.4625     0.5151     0.0040  0.1172125 0.0000e+00
       8184     45.990     8.6686   3.413972     0.4625     0.5151     0.0040  0.1172125 0.0000e+00
       8185     46.048     8.6685   3.413983     0.4613     0.5163     0.0040  0.1172125 0.0000e+00
       8186     45.982     8.6685   3.413983     0.4625     0.5163     0.0040  0.1172125 0.0000e+00
       8187     45.990     8.6684   3.413936     0.4625     0.5163     0.0038  0.1172125 0.0000e+00
       8188     45.990     8.6683   3.413854     0.4625     0.5151     0.0038  0.1172125 0.0000e+00
       8189     46.047     8.6683   3.413878     0.4625     0.5151     0.0040  0.1172125 0.0000e+00
       8190     45.990     8.6681   3.413935     0.4613     0.5151     0.0040  0.1172125 0.0000e+00
       8191     45.981     8.6683   3.413907     0.4625     0.5151     0.0040  0.1172125 0.0000e+00
       8192     45.990     8.6681   3.413958     0.4625     0.5151     0.0038  0.1172125 0.0000e+00
       8193     45.924     8.6683   3.413889     0.4625     0.5151     0.0040  0.1172125 0.0000e+00
       8194     46.105     8.6685   3.413930     0.4625     0.5151     0.0040  0.1172125 0.0000e+00
