data/2021/ctd_data_day2/station4_ctm_fil.cnv
* Sea-Bird SBE 9 Data File:
* FileName = C:\Users\CTD-User\Desktop\MAR440\day2\station4.hex
* Software Version Seasave V 7.26.2.13
* Temperature SN = 6313
* Conductivity SN = 4758
* Number of Bytes Per Scan = 37
* Number of Voltage Words = 4
* Number of Scans Averaged by the Deck Unit = 1
* NMEA Latitude = 58 19.41 N
* NMEA Longitude = 011 50.05 E
* NMEA UTC (Time) = Sep 22 2021 10:00:00
* NMEA baud rate = 4800
** Ship: Skagerrak
** Station: station4
** Operator: group2green
# nquan = 9
# nvalues = 2885                        
# units = specified
# name 0 = scan: Scan Count
# name 1 = prDM: Pressure, Digiquartz [db]
# name 2 = t090C: Temperature [ITS-90, deg C]
# name 3 = c0S/m: Conductivity [S/m]
# name 4 = sbeox0V: Oxygen raw, SBE 43 [V]
# name 5 = sbeox1V: Oxygen raw, SBE 43, 2 [V]
# name 6 = flECO-AFL: Fluorescence, WET Labs ECO-AFL/FL [mg/m^3]
# name 7 = upoly0: Upoly 0, Turbidity
# name 8 = flag:  0.000e+00
# span 0 =          1,       2885       
# span 1 =      1.014,     14.941       
# span 2 =    13.2524,    16.0381       
# span 3 =   2.889518,   3.419945       
# span 4 =     1.5512,     2.8831       
# span 5 =     1.5676,     2.8305       
# span 6 =     0.0040,     0.0060       
# span 7 =  0.0914191,  0.1845063       
# span 8 = 0.0000e+00, 0.0000e+00       
# interval = seconds: 0.0416667
# start_time = Sep 22 2021 10:00:00 [NMEA time, header]
# bad_flag = -9.990e-29
*END*
[from data line 161]
        162      6.048    15.2890   2.984989     2.8157     2.7525     0.0046  0.1628148 0.0000e+00
        163      6.068    15.2904   2.985227     2.8150     2.7518     0.0046  0.1627255 0.0000e+00
        164      6.088    15.2920   2.985492     2.8142     2.7511     0.0046  0.1626377 0.0000e+00
        165      6.108    15.2939   2.985792     2.8135     2.7504     0.0046  0.1625524 0.0000e+00
        166      6.128    15.2960   2.986133     2.8128     2.7497     0.0046  0.1624692 0.0000e+00
        167      6.147    15.2984   2.986519     2.8120     2.7491     0.0046  0.1623865 0.0000e+00
        168      6.168    15.3011   2.986950     2.8113     2.7484     0.0046  0.1623038 0.0000e+00
        169      6.188    15.3042   2.987429     2.8106     2.7477     0.0046  0.1622213 0.0000e+00
        170      6.208    15.3076   2.987961     2.8099     2.7470     0.0046  0.1621402 0.0000e+00
        171      6.228    15.3114   2.988552     2.8092     2.7464     0.0046  0.1620608 0.0000e+00
        172      6.249    15.3157   2.989206     2.8085     2.7457     0.0046  0.1619825 0.0000e+00
        173      6.269    15.3204   2.989928     2.8078     2.7450     0.0046  0.1619030 0.0000e+00
        174      6.290    15.3255   2.990722     2.8072     2.7444     0.0046  0.1618193 0.0000e+00
        175      6.311    15.3311   2.991588     2.8065     2.7437     0.0046  0.1617308 0.0000e+00
        176      6.331    15.3371   2.992519     2.8058     2.7430     0.0046  0.1616386 0.0000e+00
        177      6.352    15.3434   2.993506     2.8052     2.7424     0.0046  0.1615429 0.0000e+00
        178      6.373    15.3499   2.994536     2.8045     2.7417     0.0046  0.1614438 0.0000e+00
        179      6.394    15.3567   2.995601     2.8039     2.7410     0.0046  0.1613423 0.0000e+00
        180      6.415    15.3636   2.996693     2.8033     2.7404     0.0046  0.1612387 0.0000e+00
        181      6.436    15.3706   2.997805     2.8027     2.7397     0.0046  0.1611313 0.0000e+00
        182      6.457    15.3776   2.998930     2.8020     2.7391     0.0046  0.1610195 0.0000e+00
        183      6.478    15.3847   3.000061     2.8014     2.7384     0.0048  0.1609057 0.0000e+00
        184      6.499    15.3918   3.001193     2.8008     2.7378     0.0048  0.1607935 0.0000e+00
        185      6.520    15.3988   3.002321     2.8002     2.7372     0.0048  0.1606846 0.0000e+00
        186      6.542    15.4057   3.003444     2.7996     2.7365     0.0048  0.1605784 0.0000e+00
        187      6.563    15.4125   3.004558     2.7990     2.7359     0.0048  0.1604731 0.0000e+00
        188      6.585    15.4193   3.005661     2.7984     2.7353     0.0048  0.1603689 0.0000e+00
        189      6.606    15.4259   3.006751     2.7978     2.7347     0.0048  0.1602651 0.0000e+00
        190      6.628    15.4325   3.007829     2.7972     2.7341     0.0048  0.1601593 0.0000e+00
        191      6.649    15.4390   3.008897     2.7966     2.7335     0.0048  0.1600507 0.0000e+00
        192      6.671    15.4454   3.009956     2.7960     2.7329     0.0048  0.1599402 0.0000e+00
        193      6.693    15.4519   3.011011     2.7954     2.7323     0.0048  0.1598280 0.0000e+00
        194      6.714    15.4584   3.012061     2.7949     2.7318     0.0048  0.1597133 0.0000e+00
        195      6.736    15.4648   3.013106     2.7943     2.7312     0.0048  0.1595944 0.0000e+00
        196      6.758    15.4712   3.014143     2.7937     2.7306     0.0048  0.1594688 0.0000e+00
        197      6.780    15.4776   3.015166     2.7932     2.7301     0.0048  0.1593356 0.0000e+00
        198      6.802    15.4839   3.016172     2.7926     2.7296     0.0048  0.1591948 0.0000e+00
        199      6.824    15.4900   3.017159     2.7921     2.7290     0.0048  0.1590445 0.0000e+00
        200      6.846    15.4960   3.018124     2.7916     2.7285     0.0048  0.1588837 0.0000e+00
        201      6.867    15.5020   3.019069     2.7910     2.7280     0.0048  0.1587120 0.0000e+00
        202      6.889    15.5077   3.019995     2.7905     2.7275     0.0048  0.1585275 0.0000e+00
        203      6.911    15.5134   3.020901     2.7900     2.7271     0.0048  0.1583289 0.0000e+00
        204      6.933    15.5190   3.021790     2.7895     2.7266     0.0048  0.1581165 0.0000e+00
        205      6.955    15.5245   3.022665     2.7890     2.7261     0.0048  0.1578897 0.0000e+00
        206      6.977    15.5299   3.023530     2.7885     2.7256     0.0048  0.1576468 0.0000e+00
        207      6.999    15.5353   3.024389     2.7880     2.7252     0.0048  0.1573871 0.0000e+00
        208      7.021    15.5407   3.025246     2.7875     2.7247     0.0048  0.1571146 0.0000e+00
        209      7.043    15.5461   3.026106     2.7870     2.7242     0.0048  0.1568378 0.0000e+00
        210      7.065    15.5515   3.026972     2.7866     2.7237     0.0048  0.1565614 0.0000e+00
        211      7.087    15.5570   3.027848     2.7861     2.7233     0.0048  0.1562852 0.0000e+00
        212      7.109    15.5625   3.028737     2.7856     2.7228     0.0048  0.1560065 0.0000e+00
        213      7.131    15.5681   3.029640     2.7851     2.7223     0.0048  0.1557225 0.0000e+00
        214      7.153    15.5738   3.030561     2.7846     2.7219     0.0048  0.1554311 0.0000e+00
        215      7.175    15.5796   3.031505     2.7842     2.7214     0.0048  0.1551313 0.0000e+00
        216      7.197    15.5855   3.032472     2.7837     2.7209     0.0048  0.1548225 0.0000e+00
        217      7.219    15.5914   3.033466     2.7832     2.7204     0.0048  0.1545028 0.0000e+00
        218      7.241    15.5975   3.034490     2.7827     2.7199     0.0048  0.1541681 0.0000e+00
        219      7.263    15.6038   3.035549     2.7822     2.7194     0.0048  0.1538153 0.0000e+00
        220      7.285    15.6102   3.036645     2.7817     2.7189     0.0048  0.1534420 0.0000e+00
        221      7.307    15.6168   3.037785     2.7812     2.7183     0.0048  0.1530463 0.0000e+00
        222      7.330    15.6236   3.038975     2.7806     2.7178     0.0048  0.1526264 0.0000e+00
        223      7.352    15.6307   3.040222     2.7801     2.7172     0.0048  0.1521785 0.0000e+00
        224      7.374    15.6381   3.041532     2.7795     2.7166     0.0048  0.1516986 0.0000e+00
        225      7.396    15.6459   3.042914     2.7790     2.7160     0.0048  0.1511843 0.0000e+00
        226      7.418    15.6540   3.044375     2.7784     2.7153     0.0048  0.1506328 0.0000e+00
        227      7.440    15.6626   3.045926     2.7778     2.7147     0.0048  0.1500402 0.0000e+00
        228      7.462    15.6718   3.047576     2.7771     2.7140     0.0048  0.1494034 0.0000e+00
        229      7.485    15.6814   3.049333     2.7765     2.7133     0.0048  0.1487187 0.0000e+00
        230      7.507    15.6916   3.051204     2.7758     2.7125     0.0048  0.1479814 0.0000e+00
        231      7.529    15.7023   3.053196     2.7751     2.7118     0.0048  0.1471855 0.0000e+00
        232      7.551    15.7136   3.055314     2.7745     2.7110     0.0048  0.1463238 0.0000e+00
        233      7.573    15.7254   3.057557     2.7737     2.7102     0.0049  0.1454089 0.0000e+00
        234      7.595    15.7376   3.059922     2.7730     2.7094     0.0051  0.1444888 0.0000e+00
        235      7.617    15.7502   3.062397     2.7722     2.7085     0.0053  0.1436098 0.0000e+00
        236      7.640    15.7628   3.064958     2.7715     2.7076     0.0051  0.1427862 0.0000e+00
        237      7.662    15.7755   3.067573     2.7706     2.7067     0.0051  0.1420140 0.0000e+00
        238      7.684    15.7879   3.070213     2.7698     2.7058     0.0051  0.1412860 0.0000e+00
        239      7.706    15.8001   3.072853     2.7689     2.7049     0.0051  0.1405964 0.0000e+00
        240      7.728    15.8119   3.075477     2.7680     2.7039     0.0051  0.1399412 0.0000e+00
        241      7.750    15.8235   3.078080     2.7671     2.7030     0.0051  0.1393167 0.0000e+00
        242      7.772    15.8347   3.080660     2.7661     2.7019     0.0051  0.1387186 0.0000e+00
        243      7.795    15.8456   3.083221     2.7652     2.7009     0.0051  0.1381426 0.0000e+00
        244      7.817    15.8562   3.085767     2.7642     2.6999     0.0051  0.1375841 0.0000e+00
        245      7.839    15.8664   3.088307     2.7632     2.6988     0.0051  0.1370381 0.0000e+00
        246      7.861    15.8762   3.090848     2.7621     2.6978     0.0051  0.1365009 0.0000e+00
        247      7.883    15.8857   3.093397     2.7611     2.6967     0.0051  0.1359688 0.0000e+00
        248      7.905    15.8950   3.095962     2.7600     2.6956     0.0051  0.1354381 0.0000e+00
        249      7.928    15.9039   3.098552     2.7589     2.6944     0.0051  0.1349050 0.0000e+00
        250      7.950    15.9127   3.101178     2.7578     2.6933     0.0051  0.1343659 0.0000e+00
        251      7.972    15.9212   3.103850     2.7567     2.6922     0.0051  0.1338171 0.0000e+00
        252      7.994    15.9295   3.106578     2.7555     2.6910     0.0051  0.1332546 0.0000e+00
        253      8.016    15.9375   3.109374     2.7544     2.6899     0.0051  0.1326747 0.0000e+00
        254      8.038    15.9455   3.112250     2.7532     2.6887     0.0051  0.1320731 0.0000e+00
        255      8.060    15.9532   3.115220     2.7520     2.6875     0.0051  0.1314459 0.0000e+00
        256      8.082    15.9608   3.118295     2.7508     2.6863     0.0051  0.1307886 0.0000e+00
        257      8.104    15.9682   3.121484     2.7496     2.6851     0.0051  0.1300966 0.0000e+00
        258      8.126    15.9754   3.124795     2.7483     2.6839     0.0053  0.1293693 0.0000e+00
        259      8.149    15.9825   3.128234     2.7471     2.6826     0.0055  0.1286248 0.0000e+00
        260      8.171    15.9893   3.131805     2.7458     2.6814     0.0057  0.1278958 0.0000e+00
        261      8.193    15.9959   3.135509     2.7446     2.6801     0.0057  0.1272030 0.0000e+00
        262      8.215    16.0022   3.139349     2.7433     2.6787     0.0057  0.1265475 0.0000e+00
        263      8.237    16.0082   3.143326     2.7419     2.6774     0.0057  0.1259237 0.0000e+00
        264      8.259    16.0138   3.147443     2.7406     2.6760     0.0057  0.1253265 0.0000e+00
        265      8.281    16.0191   3.151699     2.7393     2.6746     0.0057  0.1247519 0.0000e+00
        266      8.303    16.0238   3.156088     2.7379     2.6731     0.0055  0.1241956 0.0000e+00
        267      8.325    16.0279   3.160600     2.7365     2.6716     0.0057  0.1236540 0.0000e+00
        268      8.347    16.0314   3.165218     2.7350     2.6700     0.0057  0.1231224 0.0000e+00
        269      8.369    16.0343   3.169923     2.7336     2.6685     0.0057  0.1225962 0.0000e+00
        270      8.391    16.0363   3.174688     2.7321     2.6668     0.0057  0.1220727 0.0000e+00
        271      8.412    16.0376   3.179476     2.7306     2.6651     0.0057  0.1215490 0.0000e+00
        272      8.434    16.0381   3.184249     2.7290     2.6634     0.0057  0.1210214 0.0000e+00
        273      8.456    16.0378   3.188969     2.7274     2.6616     0.0057  0.1204864 0.0000e+00
        274      8.477    16.0369   3.193601     2.7257     2.6598     0.0057  0.1199402 0.0000e+00
        275      8.499    16.0353   3.198117     2.7240     2.6579     0.0057  0.1193790 0.0000e+00
        276      8.520    16.0331   3.202489     2.7223     2.6560     0.0057  0.1187981 0.0000e+00
        277      8.541    16.0306   3.206685     2.7205     2.6540     0.0057  0.1181925 0.0000e+00
        278      8.563    16.0277   3.210679     2.7186     2.6520     0.0057  0.1175588 0.0000e+00
        279      8.584    16.0245   3.214449     2.7168     2.6499     0.0057  0.1168928 0.0000e+00
        280      8.605    16.0210   3.217983     2.7148     2.6477     0.0057  0.1161880 0.0000e+00
        281      8.626    16.0174   3.221275     2.7129     2.6455     0.0057  0.1154396 0.0000e+00
        282      8.647    16.0136   3.224324     2.7108     2.6432     0.0057  0.1146440 0.0000e+00
        283      8.668    16.0096   3.227134     2.7088     2.6409     0.0057  0.1137957 0.0000e+00
        284      8.688    16.0054   3.229712     2.7066     2.6385     0.0051  0.1129059 0.0000e+00
        285      8.709    16.0011   3.232067     2.7044     2.6360     0.0046  0.1120208 0.0000e+00
        286      8.729    15.9965   3.234209     2.7022     2.6335     0.0046  0.1111880 0.0000e+00
        287      8.749    15.9916   3.236146     2.6999     2.6310     0.0046  0.1104221 0.0000e+00
        288      8.769    15.9865   3.237889     2.6975     2.6283     0.0046  0.1097184 0.0000e+00
        289      8.789    15.9811   3.239445     2.6951     2.6256     0.0046  0.1090705 0.0000e+00
        290      8.809    15.9754   3.240824     2.6926     2.6229     0.0046  0.1084730 0.0000e+00
        291      8.828    15.9693   3.242032     2.6900     2.6201     0.0046  0.1079217 0.0000e+00
        292      8.847    15.9628   3.243079     2.6874     2.6172     0.0046  0.1074119 0.0000e+00
        293      8.866    15.9558   3.243968     2.6847     2.6142     0.0046  0.1069393 0.0000e+00
        294      8.885    15.9485   3.244707     2.6820     2.6112     0.0046  0.1065015 0.0000e+00
        295      8.903    15.9406   3.245297     2.6792     2.6081     0.0046  0.1060969 0.0000e+00
        296      8.921    15.9324   3.245740     2.6763     2.6050     0.0046  0.1057229 0.0000e+00
        297      8.938    15.9237   3.246027     2.6733     2.6017     0.0046  0.1053752 0.0000e+00
        298      8.956    15.9147   3.246143     2.6703     2.5984     0.0046  0.1050513 0.0000e+00
        299      8.972    15.9053   3.246068     2.6672     2.5951     0.0046  0.1047507 0.0000e+00
        300      8.988    15.8957   3.245780     2.6640     2.5916     0.0046  0.1044712 0.0000e+00
        301      9.004    15.8859   3.245255     2.6608     2.5881     0.0046  0.1042101 0.0000e+00
        302      9.019    15.8760   3.244472     2.6575     2.5845     0.0046  0.1039656 0.0000e+00
        303      9.034    15.8661   3.243409     2.6541     2.5808     0.0046  0.1037352 0.0000e+00
        304      9.048    15.8561   3.242047     2.6506     2.5771     0.0046  0.1035171 0.0000e+00
        305      9.061    15.8460   3.240365     2.6470     2.5732     0.0046  0.1033108 0.0000e+00
        306      9.074    15.8359   3.238341     2.6433     2.5693     0.0046  0.1031140 0.0000e+00
        307      9.086    15.8259   3.235947     2.6396     2.5653     0.0046  0.1029244 0.0000e+00
        308      9.098    15.8158   3.233154     2.6358     2.5613     0.0046  0.1027408 0.0000e+00
        309      9.109    15.8058   3.229931     2.6319     2.5571     0.0046  0.1025626 0.0000e+00
        310      9.120    15.7957   3.226243     2.6279     2.5528     0.0044  0.1023913 0.0000e+00
        311      9.130    15.7856   3.222057     2.6239     2.5485     0.0044  0.1022289 0.0000e+00
        312      9.139    15.7755   3.217343     2.6197     2.5441     0.0044  0.1020770 0.0000e+00
        313      9.148    15.7652   3.212088     2.6155     2.5395     0.0044  0.1019354 0.0000e+00
        314      9.157    15.7546   3.206301     2.6112     2.5350     0.0044  0.1018030 0.0000e+00
        315      9.164    15.7437   3.200031     2.6068     2.5303     0.0044  0.1016780 0.0000e+00
        316      9.172    15.7323   3.193374     2.6024     2.5255     0.0044  0.1015580 0.0000e+00
        317      9.179    15.7203   3.186425     2.5978     2.5207     0.0044  0.1014412 0.0000e+00
        318      9.185    15.7075   3.179202     2.5932     2.5158     0.0044  0.1013276 0.0000e+00
        319      9.191    15.6940   3.171670     2.5885     2.5108     0.0044  0.1012182 0.0000e+00
        320      9.196    15.6797   3.163824     2.5837     2.5058     0.0044  0.1011122 0.0000e+00
