data/2021/ctd_data_day2/station1_ctm_fil_le_der.cnv
* Sea-Bird SBE 9 Data File:
* FileName = C:\Users\CTD-User\Desktop\MAR440\day2\station1.hex
* Software Version Seasave V 7.26.2.13
* Temperature SN = 6313
* Conductivity SN = 4758
* Number of Bytes Per Scan = 37
* Number of Voltage Words = 4
* Number of Scans Averaged by the Deck Unit = 1
* NMEA Latitude = 58 20.54 N
* NMEA Longitude = 011 54.21 E
* NMEA UTC (Time) = Sep 22 2021 08:39:44
* NMEA baud rate = 4800
** Ship: Skagerak
** Station: 1
** Operator: JD
# nquan = 13                                
# nvalues = 2892                        
# units = specified
# name 0 = scan: Scan Count
# name 1 = prDM: Pressure, Digiquartz [db]
# name 2 = t090C: Temperature [ITS-90, deg C]
# name 3 = c0S/m: Conductivity [S/m]
# name 4 = sbeox0V: Oxygen raw, SBE 43 [V]
# name 5 = sbeox1V: Oxygen raw, SBE 43, 2 [V]
# name 6 = flECO-AFL: Fluorescence, WET Labs ECO-AFL/FL [mg/m^3]
# name 7 = upoly0: Upoly 0, Turbidity
# name 8 = depSM: Depth [salt water, m], lat = 58.3423
# name 9 = sal00: Salinity, Practical [PSU]
# name 10 = sbeox0ML/L: Oxygen, SBE 43 [ml/l], WS = 2
# name 11 = sbeox1ML/L: Oxygen, SBE 43, 2 [ml/l], WS = 2
# name 12 = flag: flag
# span 0 =          1,       2892       
# span 1 =      0.662,     14.120       
# span 2 =    12.5087,    16.0451       
# span 3 =   2.902689,   3.378989       
# span 4 =     1.6507,     2.8491       
# span 5 =     1.6122,     2.7286       
# span 6 =     0.0046,     0.0064       
# span 7 =  0.0929525,  0.1908770       
# span 8 =      0.656,     13.988       
# span 9 =    22.7122,    28.6172       
# span 10 =     3.0032,     6.9789      
# span 11 =     2.6272,     5.8483      
# span 12 = 0.0000e+00, 0.0000e+00      
# interval = seconds: 0.0416667
# start_time = Sep 22 2021 08:39:44 [NMEA time, header]
# bad_flag = -9.990e-29
*END*
[from data line 1001]
       1002      3.057    15.2086   2.961382     2.8002     2.6976     0.0057  0.1807213      3.029    23.0641     6.7657     5.6528 -9.990e-29
       1003      3.071    15.2109   2.961971     2.8002     2.6975     0.0057  0.1807523      3.042    23.0678     6.7643     5.6518 -9.990e-29
       1004      3.085    15.2130   2.962531     2.8001     2.6975     0.0057  0.1807803      3.056    23.0714     6.7626     5.6511 -9.990e-29
       1005      3.098    15.2150   2.963056     2.8001     2.6974     0.0057  0.1808053      3.069    23.0747     6.7613     5.6501 -9.990e-29
       1006      3.111    15.2168   2.963542     2.8000     2.6974     0.0057  0.1808277      3.082    23.0778     6.7597     5.6494 -9.990e-29
       1007      3.125    15.2184   2.963991     2.7999     2.6973     0.0057  0.1808475      3.096    23.0808     6.7581     5.6485 -9.990e-29
       1008      3.138    15.2199   2.964403     2.7998     2.6972     0.0057  0.1808650      3.109    23.0834     6.7566     5.6475 -9.990e-29
       1009      3.152    15.2213   2.964781     2.7997     2.6971     0.0057  0.1808801      3.123    23.0858     6.7551     5.6466 -9.990e-29
       1010      3.165    15.2225   2.965123     2.7996     2.6971     0.0057  0.1808931      3.136    23.0881     6.7536     5.6459 -9.990e-29
       1011      3.178    15.2235   2.965426     2.7995     2.6970     0.0057  0.1809040      3.148    23.0901     6.7522     5.6449 -9.990e-29
       1012      3.192    15.2244   2.965689     2.7994     2.6969     0.0059  0.1809129      3.162    23.0918     6.7508     5.6440 -9.990e-29
       1013      3.205    15.2250   2.965911     2.7993     2.6968     0.0060  0.1809198      3.175    23.0933     6.7494     5.6431 -9.990e-29
       1014      3.218    15.2255   2.966093     2.7992     2.6967     0.0060  0.1809249      3.188    23.0946     6.7481     5.6421 -9.990e-29
       1015      3.232    15.2258   2.966238     2.7990     2.6966     0.0060  0.1809280      3.202    23.0957     6.7465     5.6412 -9.990e-29
       1016      3.245    15.2260   2.966351     2.7989     2.6965     0.0060  0.1809294      3.215    23.0965     6.7452     5.6403 -9.990e-29
       1017      3.258    15.2261   2.966436     2.7987     2.6964     0.0060  0.1809289      3.228    23.0972     6.7436     5.6393 -9.990e-29
       1018      3.271    15.2260   2.966496     2.7985     2.6963     0.0060  0.1809265      3.241    23.0978     6.7421     5.6384 -9.990e-29
       1019      3.284    15.2258   2.966531     2.7983     2.6961     0.0060  0.1809223      3.253    23.0982     6.7406     5.6372 -9.990e-29
       1020      3.298    15.2256   2.966545     2.7981     2.6960     0.0060  0.1809163      3.267    23.0984     6.7391     5.6362 -9.990e-29
       1021      3.311    15.2253   2.966550     2.7979     2.6958     0.0060  0.1809083      3.280    23.0986     6.7376     5.6350 -9.990e-29
       1022      3.324    15.2251   2.966560     2.7977     2.6957     0.0060  0.1808983      3.293    23.0988     6.7361     5.6340 -9.990e-29
       1023      3.337    15.2249   2.966586     2.7975     2.6955     0.0060  0.1808863      3.306    23.0992     6.7345     5.6328 -9.990e-29
       1024      3.350    15.2249   2.966629     2.7973     2.6954     0.0060  0.1808721      3.319    23.0995     6.7329     5.6318 -9.990e-29
       1025      3.363    15.2250   2.966694     2.7971     2.6952     0.0060  0.1808557      3.332    23.1000     6.7313     5.6305 -9.990e-29
       1026      3.376    15.2252   2.966782     2.7968     2.6950     0.0060  0.1808370      3.345    23.1006     6.7294     5.6291 -9.990e-29
       1027      3.390    15.2255   2.966896     2.7966     2.6948     0.0060  0.1808157      3.358    23.1014     6.7278     5.6278 -9.990e-29
       1028      3.403    15.2261   2.967040     2.7964     2.6946     0.0060  0.1807919      3.371    23.1023     6.7261     5.6264 -9.990e-29
       1029      3.416    15.2268   2.967221     2.7962     2.6944     0.0060  0.1807653      3.384    23.1035     6.7244     5.6250 -9.990e-29
       1030      3.430    15.2279   2.967443     2.7959     2.6941     0.0059  0.1807357      3.398    23.1047     6.7223     5.6233 -9.990e-29
       1031      3.443    15.2291   2.967707     2.7957     2.6939     0.0060  0.1807029      3.411    23.1063     6.7205     5.6218 -9.990e-29
       1032      3.456    15.2306   2.968015     2.7955     2.6937     0.0060  0.1806667      3.424    23.1080     6.7187     5.6203 -9.990e-29
       1033      3.469    15.2323   2.968367     2.7952     2.6934     0.0060  0.1806268      3.437    23.1101     6.7166     5.6185 -9.990e-29
       1034      3.483    15.2343   2.968764     2.7950     2.6931     0.0060  0.1805831      3.451    23.1123     6.7146     5.6167 -9.990e-29
       1035      3.496    15.2365   2.969207     2.7947     2.6929     0.0060  0.1805350      3.463    23.1148     6.7124     5.6152 -9.990e-29
       1036      3.510    15.2390   2.969695     2.7944     2.6926     0.0060  0.1804824      3.477    23.1175     6.7102     5.6133 -9.990e-29
       1037      3.523    15.2417   2.970226     2.7941     2.6923     0.0059  0.1804257      3.490    23.1205     6.7079     5.6115 -9.990e-29
       1038      3.537    15.2444   2.970789     2.7938     2.6920     0.0055  0.1803688      3.504    23.1237     6.7057     5.6096 -9.990e-29
       1039      3.550    15.2473   2.971371     2.7935     2.6917     0.0055  0.1803171      3.517    23.1270     6.7034     5.6078 -9.990e-29
       1040      3.564    15.2501   2.971962     2.7932     2.6914     0.0055  0.1802738      3.531    23.1304     6.7012     5.6060 -9.990e-29
       1041      3.577    15.2529   2.972555     2.7928     2.6910     0.0055  0.1802394      3.544    23.1338     6.6987     5.6040 -9.990e-29
       1042      3.591    15.2557   2.973146     2.7925     2.6907     0.0055  0.1802129      3.558    23.1373     6.6966     5.6023 -9.990e-29
       1043      3.604    15.2585   2.973736     2.7921     2.6904     0.0055  0.1801930      3.570    23.1407     6.6942     5.6006 -9.990e-29
       1044      3.618    15.2614   2.974327     2.7918     2.6900     0.0055  0.1801799      3.584    23.1440     6.6921     5.5987 -9.990e-29
       1045      3.632    15.2643   2.974920     2.7914     2.6897     0.0055  0.1801732      3.598    23.1474     6.6898     5.5971 -9.990e-29
       1046      3.645    15.2673   2.975517     2.7910     2.6894     0.0055  0.1801731      3.611    23.1508     6.6875     5.5955 -9.990e-29
       1047      3.659    15.2704   2.976121     2.7906     2.6890     0.0055  0.1801795      3.625    23.1541     6.6852     5.5937 -9.990e-29
       1048      3.673    15.2735   2.976729     2.7902     2.6886     0.0055  0.1801924      3.639    23.1575     6.6829     5.5919 -9.990e-29
       1049      3.686    15.2766   2.977339     2.7898     2.6883     0.0055  0.1802119      3.652    23.1609     6.6807     5.5904 -9.990e-29
       1050      3.700    15.2796   2.977941     2.7894     2.6879     0.0055  0.1802382      3.666    23.1643     6.6786     5.5887 -9.990e-29
       1051      3.713    15.2825   2.978526     2.7890     2.6875     0.0055  0.1802714      3.678    23.1676     6.6765     5.5871 -9.990e-29
       1052      3.727    15.2852   2.979086     2.7886     2.6872     0.0055  0.1803119      3.692    23.1708     6.6746     5.5857 -9.990e-29
       1053      3.741    15.2878   2.979615     2.7882     2.6868     0.0055  0.1803598      3.706    23.1738     6.6727     5.5842 -9.990e-29
       1054      3.754    15.2901   2.980111     2.7877     2.6864     0.0055  0.1804154      3.719    23.1767     6.6706     5.5828 -9.990e-29
       1055      3.768    15.2923   2.980569     2.7873     2.6860     0.0055  0.1804793      3.733    23.1793     6.6688     5.5813 -9.990e-29
       1056      3.782    15.2942   2.980989     2.7869     2.6857     0.0055  0.1805518      3.747    23.1818     6.6672     5.5802 -9.990e-29
       1057      3.795    15.2960   2.981371     2.7865     2.6853     0.0055  0.1806334      3.760    23.1840     6.6657     5.5789 -9.990e-29
       1058      3.809    15.2975   2.981716     2.7860     2.6849     0.0055  0.1807247      3.774    23.1861     6.6639     5.5776 -9.990e-29
       1059      3.823    15.2989   2.982026     2.7856     2.6846     0.0055  0.1808264      3.787    23.1879     6.6626     5.5767 -9.990e-29
       1060      3.836    15.3001   2.982305     2.7852     2.6842     0.0053  0.1809391      3.800    23.1896     6.6614     5.5755 -9.990e-29
       1061      3.850    15.3013   2.982564     2.7848     2.6839     0.0055  0.1810636      3.814    23.1911     6.6602     5.5746 -9.990e-29
       1062      3.863    15.3025   2.982811     2.7844     2.6835     0.0055  0.1812008      3.827    23.1925     6.6590     5.5734 -9.990e-29
       1063      3.877    15.3037   2.983058     2.7840     2.6832     0.0055  0.1813474      3.841    23.1939     6.6579     5.5725 -9.990e-29
       1064      3.890    15.3050   2.983312     2.7836     2.6828     0.0053  0.1814934      3.854    23.1953     6.6568     5.5714 -9.990e-29
       1065      3.904    15.3064   2.983583     2.7832     2.6825     0.0053  0.1816296      3.868    23.1968     6.6557     5.5705 -9.990e-29
       1066      3.918    15.3079   2.983878     2.7829     2.6822     0.0053  0.1817526      3.882    23.1985     6.6548     5.5695 -9.990e-29
       1067      3.931    15.3097   2.984206     2.7825     2.6819     0.0053  0.1818626      3.894    23.2002     6.6537     5.5685 -9.990e-29
       1068      3.945    15.3117   2.984571     2.7821     2.6815     0.0053  0.1819603      3.908    23.2022     6.6526     5.5673 -9.990e-29
       1069      3.958    15.3139   2.984981     2.7818     2.6812     0.0053  0.1820463      3.921    23.2044     6.6517     5.5662 -9.990e-29
       1070      3.972    15.3166   2.985442     2.7814     2.6809     0.0053  0.1821213      3.935    23.2067     6.6504     5.5651 -9.990e-29
       1071      3.986    15.3195   2.985959     2.7811     2.6806     0.0053  0.1821865      3.949    23.2095     6.6494     5.5639 -9.990e-29
       1072      3.999    15.3228   2.986531     2.7807     2.6803     0.0053  0.1822434      3.962    23.2124     6.6480     5.5627 -9.990e-29
       1073      4.013    15.3263   2.987148     2.7804     2.6799     0.0053  0.1822915      3.976    23.2156     6.6469     5.5612 -9.990e-29
       1074      4.026    15.3299   2.987794     2.7801     2.6796     0.0053  0.1823302      3.989    23.2190     6.6457     5.5599 -9.990e-29
       1075      4.040    15.3335   2.988456     2.7798     2.6793     0.0053  0.1823599      4.002    23.2226     6.6445     5.5586 -9.990e-29
       1076      4.054    15.3372   2.989124     2.7795     2.6790     0.0053  0.1823806      4.016    23.2261     6.6432     5.5572 -9.990e-29
       1077      4.067    15.3408   2.989793     2.7792     2.6787     0.0053  0.1823927      4.029    23.2297     6.6420     5.5559 -9.990e-29
       1078      4.081    15.3444   2.990460     2.7788     2.6784     0.0053  0.1823961      4.043    23.2333     6.6404     5.5545 -9.990e-29
       1079      4.094    15.3480   2.991123     2.7785     2.6780     0.0053  0.1823917      4.056    23.2369     6.6391     5.5529 -9.990e-29
       1080      4.108    15.3515   2.991779     2.7782     2.6777     0.0053  0.1823804      4.070    23.2404     6.6378     5.5515 -9.990e-29
       1081      4.122    15.3549   2.992426     2.7779     2.6774     0.0055  0.1823613      4.084    23.2440     6.6364     5.5501 -9.990e-29
       1082      4.135    15.3584   2.993066     2.7776     2.6770     0.0053  0.1823332      4.097    23.2474     6.6350     5.5485 -9.990e-29
       1083      4.149    15.3618   2.993697     2.7773     2.6767     0.0053  0.1822961      4.110    23.2508     6.6336     5.5471 -9.990e-29
       1084      4.162    15.3652   2.994320     2.7771     2.6763     0.0053  0.1822497      4.123    23.2541     6.6324     5.5454 -9.990e-29
       1085      4.176    15.3687   2.994938     2.7768     2.6760     0.0053  0.1821937      4.137    23.2573     6.6309     5.5440 -9.990e-29
       1086      4.189    15.3723   2.995553     2.7765     2.6756     0.0053  0.1821276      4.150    23.2604     6.6294     5.5422 -9.990e-29
       1087      4.203    15.3758   2.996168     2.7762     2.6753     0.0053  0.1820510      4.164    23.2636     6.6278     5.5408 -9.990e-29
       1088      4.217    15.3793   2.996785     2.7758     2.6749     0.0055  0.1819643      4.178    23.2669     6.6259     5.5390 -9.990e-29
       1089      4.230    15.3827   2.997401     2.7755     2.6745     0.0057  0.1818719      4.191    23.2701     6.6242     5.5373 -9.990e-29
       1090      4.244    15.3861   2.998019     2.7752     2.6741     0.0059  0.1817817      4.205    23.2734     6.6226     5.5355 -9.990e-29
       1091      4.258    15.3894   2.998638     2.7749     2.6738     0.0059  0.1816981      4.218    23.2767     6.6209     5.5340 -9.990e-29
       1092      4.271    15.3927   2.999258     2.7745     2.6734     0.0059  0.1816214      4.231    23.2801     6.6189     5.5323 -9.990e-29
       1093      4.285    15.3959   2.999873     2.7742     2.6730     0.0059  0.1815511      4.245    23.2835     6.6172     5.5305 -9.990e-29
       1094      4.299    15.3990   3.000481     2.7739     2.6726     0.0059  0.1814867      4.259    23.2868     6.6154     5.5287 -9.990e-29
       1095      4.312    15.4022   3.001082     2.7735     2.6722     0.0059  0.1814277      4.272    23.2901     6.6133     5.5270 -9.990e-29
       1096      4.326    15.4055   3.001684     2.7732     2.6719     0.0059  0.1813738      4.286    23.2933     6.6115     5.5254 -9.990e-29
       1097      4.340    15.4089   3.002296     2.7728     2.6715     0.0059  0.1813245      4.300    23.2965     6.6094     5.5236 -9.990e-29
       1098      4.353    15.4125   3.002924     2.7724     2.6711     0.0059  0.1812796      4.312    23.2997     6.6071     5.5218 -9.990e-29
       1099      4.367    15.4164   3.003574     2.7721     2.6707     0.0059  0.1812386      4.326    23.3030     6.6051     5.5199 -9.990e-29
       1100      4.381    15.4204   3.004240     2.7717     2.6703     0.0059  0.1812013      4.340    23.3063     6.6028     5.5180 -9.990e-29
       1101      4.395    15.4244   3.004915     2.7714     2.6699     0.0059  0.1811676      4.354    23.3097     6.6008     5.5161 -9.990e-29
       1102      4.409    15.4286   3.005597     2.7710     2.6696     0.0059  0.1811370      4.368    23.3131     6.5984     5.5144 -9.990e-29
       1103      4.423    15.4329   3.006287     2.7706     2.6692     0.0059  0.1811094      4.382    23.3164     6.5960     5.5125 -9.990e-29
       1104      4.437    15.4375   3.006990     2.7702     2.6688     0.0059  0.1810847      4.396    23.3197     6.5935     5.5106 -9.990e-29
       1105      4.451    15.4423   3.007714     2.7699     2.6684     0.0059  0.1810626      4.410    23.3231     6.5912     5.5086 -9.990e-29
       1106      4.465    15.4474   3.008467     2.7695     2.6680     0.0059  0.1810430      4.423    23.3265     6.5886     5.5066 -9.990e-29
       1107      4.479    15.4528   3.009259     2.7691     2.6676     0.0059  0.1810257      4.437    23.3301     6.5859     5.5045 -9.990e-29
       1108      4.493    15.4583   3.010092     2.7687     2.6672     0.0059  0.1810107      4.451    23.3339     6.5832     5.5025 -9.990e-29
       1109      4.507    15.4637   3.010949     2.7683     2.6667     0.0059  0.1809978      4.465    23.3381     6.5805     5.5001 -9.990e-29
       1110      4.521    15.4689   3.011807     2.7679     2.6663     0.0059  0.1809869      4.479    23.3423     6.5778     5.4981 -9.990e-29
       1111      4.535    15.4736   3.012642     2.7675     2.6659     0.0059  0.1809781      4.493    23.3467     6.5752     5.4961 -9.990e-29
