data/2021/ctd_data_day2/station3_ctm_fil_le_der.cnv
* Sea-Bird SBE 9 Data File:
* FileName = C:\Users\CTD-User\Desktop\MAR440\day2\station3.hex
* Software Version Seasave V 7.26.2.13
* Temperature SN = 6313
* Conductivity SN = 4758
* Number of Bytes Per Scan = 37
* Number of Voltage Words = 4
* Number of Scans Averaged by the Deck Unit = 1
* NMEA Latitude = 58 19.70 N
* NMEA Longitude = 011 51.29 E
* NMEA UTC (Time) = Sep 22 2021 09:36:18
* NMEA baud rate = 4800
** Ship: Skagerrak
** Station: station3
** Operator: group2purple
# nquan = 13                                
# nvalues = 3261                        
# units = specified
# name 0 = scan: Scan Count
# name 1 = prDM: Pressure, Digiquartz [db]
# name 2 = t090C: Temperature [ITS-90, deg C]
# name 3 = c0S/m: Conductivity [S/m]
# name 4 = sbeox0V: Oxygen raw, SBE 43 [V]
# name 5 = sbeox1V: Oxygen raw, SBE 43, 2 [V]
# name 6 = flECO-AFL: Fluorescence, WET Labs ECO-AFL/FL [mg/m^3]
# name 7 = upoly0: Upoly 0, Turbidity
# name 8 = depSM: Depth [salt water, m], lat = 58.3283
# name 9 = sal00: Salinity, Practical [PSU]
# name 10 = sbeox0ML/L: Oxygen, SBE 43 [ml/l], WS = 2
# name 11 = sbeox1ML/L: Oxygen, SBE 43, 2 [ml/l], WS = 2
# name 12 = flag: flag
# span 0 =          1,       3261       
# span 1 =      0.798,     17.164       
# span 2 =    10.5794,    16.1805       
# span 3 =   2.674562,   3.477897       
# span 4 =     1.0037,     2.9284       
# span 5 =     1.0402,     2.8631       
# span 6 =     0.0035,     0.0081       
# span 7 =  0.0885866,  0.2372454       
# span 8 =      0.791,     17.004       
# span 9 =    21.3217,    30.3406       
# span 10 =     1.3748,     7.3869      
# span 11 =     1.3973,     6.2832      
# span 12 = 0.0000e+00, 0.0000e+00      
# interval = seconds: 0.0416667
# start_time = Sep 22 2021 09:36:18 [NMEA time, header]
# bad_flag = -9.990e-29
*END*
[from data line 556]
        557     10.732    15.6959   3.295385     2.0885     2.1219     0.0035  0.0938973     10.632    25.6310     4.2874     4.1318 -9.990e-29
        558     10.733    15.6928   3.296270     2.0864     2.1226     0.0038  0.0938970     10.633    25.6406     4.2872     4.1388 -9.990e-29
        559     10.733    15.6899   3.297115     2.0844     2.1234     0.0038  0.0938968     10.633    25.6497     4.2872     4.1456 -9.990e-29
        560     10.734    15.6873   3.297911     2.0825     2.1242     0.0038  0.0938957     10.634    25.6583     4.2875     4.1519 -9.990e-29
        561     10.734    15.6850   3.298653     2.0806     2.1251     0.0038  0.0938938     10.634    25.6661     4.2878     4.1580 -9.990e-29
        562     10.735    15.6830   3.299334     2.0787     2.1260     0.0038  0.0938911     10.635    25.6733     4.2880     4.1636 -9.990e-29
        563     10.735    15.6811   3.299950     2.0769     2.1269     0.0038  0.0938883     10.635    25.6798     4.2885     4.1688 -9.990e-29
        564     10.735    15.6796   3.300499     2.0752     2.1279     0.0037  0.0938864     10.635    25.6855     4.2892     4.1737 -9.990e-29
        565     10.736    15.6782   3.300980     2.0735     2.1289     0.0038  0.0938845     10.636    25.6906     4.2898     4.1782 -9.990e-29
        566     10.737    15.6772   3.301395     2.0718     2.1299     0.0038  0.0938808     10.637    25.6948     4.2904     4.1823 -9.990e-29
        567     10.737    15.6763   3.301744     2.0702     2.1309     0.0038  0.0938754     10.637    25.6984     4.2911     4.1858 -9.990e-29
        568     10.738    15.6757   3.302029     2.0687     2.1319     0.0038  0.0938690     10.638    25.7012     4.2921     4.1889 -9.990e-29
        569     10.738    15.6752   3.302253     2.0672     2.1328     0.0038  0.0938607     10.638    25.7035     4.2929     4.1914 -9.990e-29
        570     10.739    15.6750   3.302415     2.0657     2.1338     0.0038  0.0938497     10.639    25.7050     4.2937     4.1936 -9.990e-29
        571     10.739    15.6750   3.302514     2.0643     2.1348     0.0038  0.0938358     10.639    25.7058     4.2946     4.1954 -9.990e-29
        572     10.740    15.6753   3.302551     2.0629     2.1357     0.0038  0.0938199     10.640    25.7060     4.2954     4.1965 -9.990e-29
        573     10.740    15.6757   3.302524     2.0615     2.1367     0.0038  0.0938034     10.640    25.7055     4.2960     4.1976 -9.990e-29
        574     10.740    15.6764   3.302431     2.0602     2.1375     0.0038  0.0937864     10.640    25.7042     4.2968     4.1977 -9.990e-29
        575     10.741    15.6774   3.302271     2.0590     2.1384     0.0038  0.0937669     10.641    25.7022     4.2978     4.1977 -9.990e-29
        576     10.741    15.6786   3.302041     2.0577     2.1392     0.0038  0.0937440     10.641    25.6994     4.2983     4.1971 -9.990e-29
        577     10.741    15.6800   3.301742     2.0566     2.1400     0.0038  0.0937175     10.641    25.6959     4.2992     4.1961 -9.990e-29
        578     10.742    15.6817   3.301375     2.0554     2.1407     0.0038  0.0936882     10.642    25.6917     4.2997     4.1946 -9.990e-29
        579     10.742    15.6837   3.300951     2.0543     2.1414     0.0038  0.0936565     10.642    25.6867     4.3003     4.1928 -9.990e-29
        580     10.742    15.6859   3.300490     2.0532     2.1421     0.0038  0.0936224     10.642    25.6813     4.3006     4.1908 -9.990e-29
        581     10.743    15.6881   3.300018     2.0521     2.1427     0.0038  0.0935856     10.643    25.6759     4.3009     4.1882 -9.990e-29
        582     10.743    15.6904   3.299550     2.0511     2.1432     0.0038  0.0935449     10.643    25.6703     4.3012     4.1851 -9.990e-29
        583     10.743    15.6926   3.299094     2.0501     2.1437     0.0037  0.0935010     10.643    25.6650     4.3013     4.1819 -9.990e-29
        584     10.743    15.6947   3.298653     2.0491     2.1442     0.0037  0.0934577     10.643    25.6598     4.3013     4.1784 -9.990e-29
        585     10.743    15.6967   3.298231     2.0482     2.1445     0.0037  0.0934182     10.643    25.6549     4.3014     4.1743 -9.990e-29
        586     10.743    15.6987   3.297834     2.0473     2.1448     0.0037  0.0933831     10.643    25.6502     4.3013     4.1701 -9.990e-29
        587     10.743    15.7006   3.297464     2.0464     2.1451     0.0037  0.0933521     10.643    25.6458     4.3010     4.1657 -9.990e-29
        588     10.743    15.7026   3.297120     2.0455     2.1453     0.0037  0.0933250     10.643    25.6415     4.3005     4.1610 -9.990e-29
        589     10.743    15.7046   3.296797     2.0447     2.1454     0.0037  0.0933016     10.643    25.6375     4.3001     4.1560 -9.990e-29
        590     10.743    15.7066   3.296496     2.0438     2.1454     0.0037  0.0932818     10.643    25.6336     4.2993     4.1506 -9.990e-29
        591     10.742    15.7085   3.296216     2.0430     2.1454     0.0037  0.0932653     10.642    25.6300     4.2986     4.1453 -9.990e-29
        592     10.742    15.7104   3.295950     2.0421     2.1453     0.0037  0.0932521     10.642    25.6264     4.2974     4.1397 -9.990e-29
        593     10.741    15.7124   3.295689     2.0413     2.1452     0.0037  0.0932413     10.641    25.6229     4.2964     4.1341 -9.990e-29
        594     10.740    15.7145   3.295423     2.0405     2.1449     0.0037  0.0932319     10.640    25.6193     4.2953     4.1281 -9.990e-29
        595     10.739    15.7166   3.295146     2.0397     2.1446     0.0037  0.0932247     10.639    25.6155     4.2940     4.1221 -9.990e-29
        596     10.738    15.7189   3.294853     2.0388     2.1443     0.0037  0.0932206     10.638    25.6115     4.2923     4.1161 -9.990e-29
        597     10.737    15.7212   3.294541     2.0380     2.1438     0.0037  0.0932194     10.637    25.6073     4.2907     4.1098 -9.990e-29
        598     10.736    15.7237   3.294204     2.0372     2.1434     0.0037  0.0932211     10.636    25.6028     4.2891     4.1038 -9.990e-29
        599     10.734    15.7263   3.293838     2.0364     2.1428     0.0037  0.0932259     10.634    25.5980     4.2873     4.0974 -9.990e-29
        600     10.733    15.7291   3.293438     2.0356     2.1422     0.0035  0.0932336     10.633    25.5928     4.2854     4.0911 -9.990e-29
        601     10.731    15.7321   3.293002     2.0347     2.1415     0.0037  0.0932445     10.631    25.5871     4.2832     4.0848 -9.990e-29
        602     10.728    15.7352   3.292526     2.0339     2.1408     0.0037  0.0932585     10.628    25.5810     4.2812     4.0786 -9.990e-29
        603     10.726    15.7384   3.292009     2.0331     2.1400     0.0037  0.0932757     10.626    25.5745     4.2792     4.0723 -9.990e-29
        604     10.723    15.7418   3.291450     2.0322     2.1392     0.0037  0.0932963     10.623    25.5675     4.2768     4.0662 -9.990e-29
        605     10.719    15.7454   3.290849     2.0314     2.1383     0.0037  0.0933204     10.619    25.5600     4.2747     4.0601 -9.990e-29
        606     10.716    15.7491   3.290208     2.0305     2.1374     0.0037  0.0933481     10.616    25.5521     4.2723     4.0541 -9.990e-29
        607     10.712    15.7530   3.289526     2.0296     2.1364     0.0037  0.0933798     10.612    25.5438     4.2699     4.0481 -9.990e-29
        608     10.708    15.7571   3.288802     2.0288     2.1355     0.0037  0.0934146     10.608    25.5349     4.2678     4.0426 -9.990e-29
        609     10.703    15.7614   3.288029     2.0279     2.1344     0.0040  0.0934504     10.603    25.5255     4.2654     4.0368 -9.990e-29
        610     10.698    15.7659   3.287204     2.0270     2.1334     0.0040  0.0934848     10.598    25.5155     4.2630     4.0315 -9.990e-29
        611     10.692    15.7706   3.286322     2.0261     2.1323     0.0040  0.0935173     10.592    25.5049     4.2607     4.0261 -9.990e-29
        612     10.685    15.7756   3.285376     2.0252     2.1313     0.0040  0.0935480     10.585    25.4936     4.2584     4.0213 -9.990e-29
        613     10.678    15.7808   3.284365     2.0243     2.1302     0.0040  0.0935763     10.578    25.4816     4.2562     4.0164 -9.990e-29
        614     10.670    15.7862   3.283283     2.0234     2.1290     0.0040  0.0936016     10.571    25.4689     4.2541     4.0115 -9.990e-29
        615     10.661    15.7919   3.282129     2.0226     2.1279     0.0040  0.0936248     10.562    25.4553     4.2523     4.0070 -9.990e-29
        616     10.652    15.7977   3.280900     2.0217     2.1268     0.0040  0.0936471     10.553    25.4410     4.2504     4.0028 -9.990e-29
        617     10.643    15.8038   3.279591     2.0208     2.1256     0.0040  0.0936676     10.544    25.4259     4.2486     3.9986 -9.990e-29
        618     10.633    15.8101   3.278199     2.0199     2.1245     0.0040  0.0936858     10.534    25.4100     4.2468     3.9948 -9.990e-29
        619     10.622    15.8166   3.276719     2.0190     2.1233     0.0040  0.0937016     10.523    25.3931     4.2452     3.9910 -9.990e-29
        620     10.610    15.8234   3.275149     2.0182     2.1222     0.0040  0.0937145     10.511    25.3753     4.2440     3.9876 -9.990e-29
        621     10.598    15.8305   3.273485     2.0173     2.1210     0.0040  0.0937235     10.499    25.3565     4.2426     3.9842 -9.990e-29
        622     10.586    15.8378   3.271721     2.0165     2.1198     0.0040  0.0937289     10.487    25.3368     4.2416     3.9809 -9.990e-29
        623     10.573    15.8454   3.269856     2.0156     2.1187     0.0040  0.0937314     10.474    25.3160     4.2404     3.9781 -9.990e-29
        624     10.560    15.8530   3.267892     2.0148     2.1176     0.0040  0.0937328     10.462    25.2943     4.2397     3.9755 -9.990e-29
        625     10.546    15.8605   3.265832     2.0140     2.1164     0.0040  0.0937340     10.448    25.2719     4.2392     3.9728 -9.990e-29
        626     10.532    15.8680   3.263671     2.0132     2.1153     0.0040  0.0937349     10.434    25.2487     4.2388     3.9705 -9.990e-29
        627     10.517    15.8754   3.261404     2.0125     2.1142     0.0040  0.0937356     10.419    25.2246     4.2388     3.9684 -9.990e-29
        628     10.502    15.8827   3.259026     2.0117     2.1131     0.0040  0.0937352     10.404    25.1997     4.2387     3.9665 -9.990e-29
        629     10.486    15.8898   3.256529     2.0110     2.1121     0.0040  0.0937320     10.388    25.1738     4.2391     3.9650 -9.990e-29
        630     10.470    15.8968   3.253902     2.0103     2.1110     0.0040  0.0937260     10.372    25.1470     4.2396     3.9633 -9.990e-29
        631     10.453    15.9036   3.251134     2.0096     2.1100     0.0040  0.0937180     10.356    25.1190     4.2403     3.9621 -9.990e-29
        632     10.437    15.9104   3.248220     2.0090     2.1089     0.0040  0.0937079     10.340    25.0899     4.2414     3.9608 -9.990e-29
        633     10.419    15.9170   3.245153     2.0083     2.1079     0.0040  0.0936957     10.322    25.0595     4.2424     3.9599 -9.990e-29
        634     10.402    15.9234   3.241931     2.0077     2.1070     0.0038  0.0936813     10.305    25.0280     4.2439     3.9593 -9.990e-29
        635     10.384    15.9297   3.238561     2.0071     2.1060     0.0037  0.0936663     10.287    24.9953     4.2455     3.9587 -9.990e-29
        636     10.367    15.9356   3.235060     2.0066     2.1050     0.0037  0.0936532     10.270    24.9618     4.2476     3.9582 -9.990e-29
        637     10.349    15.9412   3.231448     2.0060     2.1041     0.0037  0.0936426     10.253    24.9275     4.2496     3.9581 -9.990e-29
        638     10.330    15.9463   3.227741     2.0055     2.1032     0.0037  0.0936345     10.234    24.8927     4.2520     3.9582 -9.990e-29
        639     10.312    15.9509   3.223946     2.0050     2.1023     0.0037  0.0936289     10.216    24.8575     4.2546     3.9584 -9.990e-29
        640     10.293    15.9549   3.220072     2.0046     2.1014     0.0037  0.0936257     10.197    24.8220     4.2577     3.9588 -9.990e-29
        641     10.274    15.9584   3.216122     2.0042     2.1005     0.0037  0.0936250     10.178    24.7862     4.2609     3.9594 -9.990e-29
        642     10.255    15.9614   3.212107     2.0038     2.0997     0.0037  0.0936266     10.159    24.7501     4.2643     3.9603 -9.990e-29
        643     10.236    15.9638   3.208053     2.0034     2.0989     0.0037  0.0936306     10.141    24.7142     4.2679     3.9615 -9.990e-29
        644     10.217    15.9658   3.203995     2.0031     2.0981     0.0037  0.0936353     10.122    24.6784     4.2719     3.9628 -9.990e-29
        645     10.198    15.9672   3.199971     2.0028     2.0973     0.0037  0.0936392     10.103    24.6433     4.2761     3.9644 -9.990e-29
        646     10.178    15.9683   3.196014     2.0026     2.0965     0.0037  0.0936438     10.083    24.6090     4.2807     3.9661 -9.990e-29
        647     10.159    15.9690   3.192151     2.0023     2.0958     0.0037  0.0936509     10.064    24.5757     4.2852     3.9682 -9.990e-29
        648     10.139    15.9692   3.188399     2.0021     2.0950     0.0037  0.0936606     10.045    24.5437     4.2900     3.9702 -9.990e-29
        649     10.120    15.9692   3.184763     2.0020     2.0943     0.0037  0.0936730     10.026    24.5128     4.2953     3.9727 -9.990e-29
        650     10.100    15.9687   3.181237     2.0019     2.0937     0.0037  0.0936881     10.006    24.4831     4.3007     3.9757 -9.990e-29
        651     10.080    15.9679   3.177814     2.0018     2.0930     0.0037  0.0937060      9.986    24.4545     4.3062     3.9786 -9.990e-29
        652     10.061    15.9668   3.174481     2.0017     2.0924     0.0037  0.0937269      9.967    24.4269     4.3119     3.9820 -9.990e-29
        653     10.041    15.9653   3.171225     2.0017     2.0918     0.0037  0.0937508      9.947    24.4002     4.3181     3.9857 -9.990e-29
        654     10.020    15.9635   3.168038     2.0018     2.0912     0.0037  0.0937781      9.927    24.3742     4.3246     3.9896 -9.990e-29
        655     10.000    15.9614   3.164913     2.0018     2.0907     0.0037  0.0938088      9.907    24.3489     4.3311     3.9940 -9.990e-29
        656      9.980    15.9590   3.161853     2.0020     2.0902     0.0037  0.0938432      9.887    24.3244     4.3383     3.9987 -9.990e-29
        657      9.959    15.9564   3.158872     2.0021     2.0897     0.0037  0.0938815      9.866    24.3007     4.3454     4.0037 -9.990e-29
        658      9.939    15.9538   3.155994     2.0023     2.0893     0.0037  0.0939240      9.846    24.2778     4.3529     4.0091 -9.990e-29
        659      9.919    15.9512   3.153251     2.0026     2.0889     0.0040  0.0939701      9.827    24.2561     4.3609     4.0149 -9.990e-29
        660      9.898    15.9488   3.150680     2.0029     2.0886     0.0048  0.0940175      9.806    24.2358     4.3689     4.0211 -9.990e-29
        661      9.878    15.9467   3.148301     2.0032     2.0884     0.0053  0.0940642      9.786    24.2169     4.3771     4.0278 -9.990e-29
        662      9.857    15.9448   3.146116     2.0037     2.0882     0.0051  0.0941096      9.765    24.1995     4.3860     4.0347 -9.990e-29
        663      9.836    15.9432   3.144113     2.0041     2.0881     0.0051  0.0941539      9.744    24.1834     4.3947     4.0422 -9.990e-29
        664      9.815    15.9419   3.142290     2.0046     2.0880     0.0051  0.0941966      9.724    24.1688     4.4038     4.0498 -9.990e-29
        665      9.794    15.9410   3.140652     2.0052     2.0881     0.0051  0.0942363      9.703    24.1554     4.4134     4.0581 -9.990e-29
        666      9.774    15.9404   3.139203     2.0058     2.0882     0.0051  0.0942726      9.683    24.1435     4.4231     4.0667 -9.990e-29
