data/2021/ctd_data_day2/station1_ctm_fil.cnv
* Sea-Bird SBE 9 Data File:
* FileName = C:\Users\CTD-User\Desktop\MAR440\day2\station1.hex
* Software Version Seasave V 7.26.2.13
* Temperature SN = 6313
* Conductivity SN = 4758
* Number of Bytes Per Scan = 37
* Number of Voltage Words = 4
* Number of Scans Averaged by the Deck Unit = 1
* NMEA Latitude = 58 20.54 N
* NMEA Longitude = 011 54.21 E
* NMEA UTC (Time) = Sep 22 2021 08:39:44
* NMEA baud rate = 4800
** Ship: Skagerak
** Station: 1
** Operator: JD
# nquan = 9
# nvalues = 2892                        
# units = specified
# name 0 = scan: Scan Count
# name 1 = prDM: Pressure, Digiquartz [db]
# name 2 = t090C: Temperature [ITS-90, deg C]
# name 3 = c0S/m: Conductivity [S/m]
# name 4 = sbeox0V: Oxygen raw, SBE 43 [V]
# name 5 = sbeox1V: Oxygen raw, SBE 43, 2 [V]
# name 6 = flECO-AFL: Fluorescence, WET Labs ECO-AFL/FL [mg/m^3]
# name 7 = upoly0: Upoly 0, Turbidity
# name 8 = flag:  0.000e+00
# span 0 =          1,       2892       
# span 1 =      0.662,     14.120       
# span 2 =    12.5087,    16.0451       
# span 3 =   2.902689,   3.378989       
# span 4 =     1.6507,     2.8491       
# span 5 =     1.6122,     2.7286       
# span 6 =     0.0046,     0.0064       
# span 7 =  0.0929525,  0.1908770       
# span 8 = 0.0000e+00, 0.0000e+00       
# interval = seconds: 0.0416667
# start_time = Sep 22 2021 08:39:44 [NMEA time, header]
# bad_flag = -9.990e-29
*END*
[from data line 1121]
       1122      4.691    15.5123   3.019623     2.7628     2.6609     0.0055  0.1810015 0.0000e+00
       1123      4.706    15.5152   3.020129     2.7623     2.6604     0.0055  0.1810150 0.0000e+00
       1124      4.720    15.5180   3.020623     2.7618     2.6599     0.0055  0.1810307 0.0000e+00
       1125      4.735    15.5208   3.021105     2.7614     2.6594     0.0055  0.1810487 0.0000e+00
       1126      4.749    15.5235   3.021576     2.7608     2.6589     0.0055  0.1810690 0.0000e+00
       1127      4.764    15.5262   3.022036     2.7603     2.6584     0.0055  0.1810919 0.0000e+00
       1128      4.778    15.5288   3.022486     2.7598     2.6580     0.0055  0.1811175 0.0000e+00
       1129      4.793    15.5314   3.022927     2.7593     2.6575     0.0055  0.1811460 0.0000e+00
       1130      4.807    15.5339   3.023361     2.7587     2.6570     0.0055  0.1811775 0.0000e+00
       1131      4.822    15.5363   3.023786     2.7582     2.6565     0.0055  0.1812123 0.0000e+00
       1132      4.836    15.5388   3.024206     2.7576     2.6560     0.0055  0.1812507 0.0000e+00
       1133      4.851    15.5412   3.024623     2.7570     2.6555     0.0055  0.1812928 0.0000e+00
       1134      4.865    15.5437   3.025041     2.7565     2.6550     0.0055  0.1813390 0.0000e+00
       1135      4.880    15.5464   3.025468     2.7559     2.6545     0.0055  0.1813897 0.0000e+00
       1136      4.894    15.5491   3.025909     2.7553     2.6540     0.0055  0.1814451 0.0000e+00
       1137      4.908    15.5521   3.026372     2.7548     2.6534     0.0055  0.1815057 0.0000e+00
       1138      4.923    15.5553   3.026861     2.7542     2.6529     0.0055  0.1815718 0.0000e+00
       1139      4.937    15.5586   3.027377     2.7536     2.6524     0.0055  0.1816432 0.0000e+00
       1140      4.952    15.5622   3.027920     2.7529     2.6519     0.0053  0.1817151 0.0000e+00
       1141      4.967    15.5660   3.028492     2.7523     2.6513     0.0053  0.1817788 0.0000e+00
       1142      4.981    15.5700   3.029095     2.7517     2.6508     0.0053  0.1818278 0.0000e+00
       1143      4.996    15.5743   3.029732     2.7511     2.6502     0.0053  0.1818617 0.0000e+00
       1144      5.011    15.5788   3.030399     2.7505     2.6496     0.0053  0.1818825 0.0000e+00
       1145      5.025    15.5833   3.031083     2.7498     2.6490     0.0053  0.1818910 0.0000e+00
       1146      5.040    15.5877   3.031767     2.7492     2.6484     0.0053  0.1818875 0.0000e+00
       1147      5.054    15.5921   3.032446     2.7486     2.6478     0.0053  0.1818717 0.0000e+00
       1148      5.069    15.5964   3.033125     2.7479     2.6472     0.0053  0.1818437 0.0000e+00
       1149      5.084    15.6007   3.033807     2.7473     2.6465     0.0053  0.1818024 0.0000e+00
       1150      5.098    15.6047   3.034488     2.7466     2.6459     0.0053  0.1817467 0.0000e+00
       1151      5.113    15.6086   3.035163     2.7459     2.6452     0.0053  0.1816769 0.0000e+00
       1152      5.128    15.6123   3.035833     2.7452     2.6445     0.0053  0.1815936 0.0000e+00
       1153      5.143    15.6160   3.036500     2.7445     2.6438     0.0053  0.1814960 0.0000e+00
       1154      5.158    15.6196   3.037166     2.7438     2.6431     0.0053  0.1813836 0.0000e+00
       1155      5.173    15.6231   3.037831     2.7430     2.6424     0.0053  0.1812554 0.0000e+00
       1156      5.188    15.6267   3.038498     2.7423     2.6417     0.0053  0.1811108 0.0000e+00
       1157      5.202    15.6304   3.039174     2.7415     2.6409     0.0053  0.1809486 0.0000e+00
       1158      5.217    15.6342   3.039863     2.7408     2.6402     0.0053  0.1807677 0.0000e+00
       1159      5.232    15.6382   3.040570     2.7400     2.6394     0.0053  0.1805668 0.0000e+00
       1160      5.247    15.6425   3.041297     2.7392     2.6387     0.0053  0.1803446 0.0000e+00
       1161      5.262    15.6470   3.042046     2.7384     2.6379     0.0053  0.1800996 0.0000e+00
       1162      5.277    15.6518   3.042818     2.7376     2.6371     0.0053  0.1798299 0.0000e+00
       1163      5.292    15.6567   3.043611     2.7368     2.6363     0.0053  0.1795337 0.0000e+00
       1164      5.307    15.6617   3.044423     2.7359     2.6355     0.0053  0.1792091 0.0000e+00
       1165      5.322    15.6669   3.045251     2.7351     2.6347     0.0055  0.1788604 0.0000e+00
       1166      5.337    15.6721   3.046089     2.7343     2.6339     0.0055  0.1785065 0.0000e+00
       1167      5.352    15.6773   3.046930     2.7334     2.6330     0.0055  0.1781680 0.0000e+00
       1168      5.368    15.6823   3.047760     2.7326     2.6322     0.0055  0.1778517 0.0000e+00
       1169      5.383    15.6871   3.048569     2.7317     2.6314     0.0055  0.1775563 0.0000e+00
       1170      5.398    15.6916   3.049350     2.7308     2.6306     0.0055  0.1772798 0.0000e+00
       1171      5.413    15.6960   3.050098     2.7300     2.6298     0.0055  0.1770194 0.0000e+00
       1172      5.428    15.7002   3.050814     2.7291     2.6290     0.0055  0.1767725 0.0000e+00
       1173      5.443    15.7041   3.051500     2.7283     2.6282     0.0055  0.1765381 0.0000e+00
       1174      5.459    15.7078   3.052161     2.7274     2.6274     0.0055  0.1763155 0.0000e+00
       1175      5.474    15.7114   3.052801     2.7265     2.6266     0.0055  0.1761031 0.0000e+00
       1176      5.489    15.7147   3.053417     2.7256     2.6258     0.0055  0.1758995 0.0000e+00
       1177      5.504    15.7178   3.054008     2.7248     2.6250     0.0055  0.1757033 0.0000e+00
       1178      5.519    15.7207   3.054572     2.7239     2.6243     0.0055  0.1755130 0.0000e+00
       1179      5.535    15.7234   3.055108     2.7230     2.6235     0.0055  0.1753273 0.0000e+00
       1180      5.550    15.7259   3.055615     2.7221     2.6227     0.0055  0.1751451 0.0000e+00
       1181      5.565    15.7283   3.056091     2.7213     2.6220     0.0055  0.1749649 0.0000e+00
       1182      5.580    15.7304   3.056537     2.7204     2.6212     0.0055  0.1747856 0.0000e+00
       1183      5.596    15.7324   3.056955     2.7195     2.6205     0.0055  0.1746059 0.0000e+00
       1184      5.611    15.7343   3.057345     2.7186     2.6197     0.0055  0.1744245 0.0000e+00
       1185      5.627    15.7360   3.057709     2.7177     2.6190     0.0055  0.1742402 0.0000e+00
       1186      5.642    15.7375   3.058048     2.7169     2.6183     0.0055  0.1740517 0.0000e+00
       1187      5.657    15.7389   3.058364     2.7160     2.6175     0.0055  0.1738569 0.0000e+00
       1188      5.672    15.7402   3.058658     2.7151     2.6168     0.0055  0.1736526 0.0000e+00
       1189      5.687    15.7414   3.058936     2.7142     2.6161     0.0055  0.1734375 0.0000e+00
       1190      5.702    15.7424   3.059200     2.7133     2.6154     0.0053  0.1732118 0.0000e+00
       1191      5.718    15.7434   3.059453     2.7124     2.6147     0.0051  0.1729756 0.0000e+00
       1192      5.733    15.7442   3.059696     2.7115     2.6140     0.0049  0.1727297 0.0000e+00
       1193      5.748    15.7450   3.059933     2.7107     2.6132     0.0049  0.1724751 0.0000e+00
       1194      5.763    15.7457   3.060166     2.7098     2.6125     0.0049  0.1722109 0.0000e+00
       1195      5.778    15.7464   3.060398     2.7089     2.6119     0.0049  0.1719351 0.0000e+00
       1196      5.793    15.7471   3.060633     2.7080     2.6112     0.0049  0.1716458 0.0000e+00
       1197      5.808    15.7477   3.060869     2.7071     2.6105     0.0049  0.1713412 0.0000e+00
       1198      5.824    15.7482   3.061106     2.7062     2.6098     0.0049  0.1710189 0.0000e+00
       1199      5.839    15.7486   3.061342     2.7054     2.6091     0.0049  0.1706769 0.0000e+00
       1200      5.854    15.7491   3.061581     2.7045     2.6084     0.0049  0.1703126 0.0000e+00
       1201      5.869    15.7495   3.061826     2.7036     2.6077     0.0048  0.1699236 0.0000e+00
       1202      5.884    15.7500   3.062078     2.7027     2.6070     0.0051  0.1695063 0.0000e+00
       1203      5.900    15.7505   3.062336     2.7017     2.6064     0.0049  0.1690570 0.0000e+00
       1204      5.915    15.7510   3.062602     2.7008     2.6057     0.0049  0.1685734 0.0000e+00
       1205      5.930    15.7516   3.062879     2.6999     2.6050     0.0049  0.1680530 0.0000e+00
       1206      5.945    15.7522   3.063173     2.6990     2.6043     0.0049  0.1674921 0.0000e+00
       1207      5.960    15.7530   3.063482     2.6980     2.6037     0.0049  0.1668869 0.0000e+00
       1208      5.975    15.7538   3.063803     2.6971     2.6030     0.0049  0.1662331 0.0000e+00
       1209      5.991    15.7546   3.064131     2.6961     2.6023     0.0049  0.1655263 0.0000e+00
       1210      6.006    15.7554   3.064465     2.6951     2.6016     0.0049  0.1647605 0.0000e+00
       1211      6.022    15.7562   3.064804     2.6941     2.6009     0.0049  0.1639297 0.0000e+00
       1212      6.037    15.7572   3.065154     2.6931     2.6002     0.0049  0.1630289 0.0000e+00
       1213      6.053    15.7582   3.065520     2.6921     2.5995     0.0049  0.1620527 0.0000e+00
       1214      6.068    15.7595   3.065910     2.6911     2.5988     0.0049  0.1609944 0.0000e+00
       1215      6.083    15.7609   3.066327     2.6901     2.5981     0.0049  0.1598465 0.0000e+00
       1216      6.099    15.7624   3.066770     2.6891     2.5973     0.0051  0.1586265 0.0000e+00
       1217      6.114    15.7642   3.067241     2.6881     2.5966     0.0051  0.1574025 0.0000e+00
       1218      6.129    15.7662   3.067743     2.6870     2.5958     0.0051  0.1562474 0.0000e+00
       1219      6.145    15.7685   3.068282     2.6860     2.5951     0.0051  0.1551871 0.0000e+00
       1220      6.160    15.7711   3.068863     2.6849     2.5943     0.0051  0.1542152 0.0000e+00
       1221      6.175    15.7739   3.069485     2.6839     2.5935     0.0051  0.1533215 0.0000e+00
       1222      6.190    15.7769   3.070143     2.6828     2.5927     0.0051  0.1524989 0.0000e+00
       1223      6.205    15.7800   3.070831     2.6817     2.5919     0.0051  0.1517417 0.0000e+00
       1224      6.221    15.7831   3.071542     2.6807     2.5911     0.0051  0.1510447 0.0000e+00
       1225      6.236    15.7863   3.072272     2.6796     2.5902     0.0051  0.1504029 0.0000e+00
       1226      6.252    15.7895   3.073018     2.6785     2.5894     0.0051  0.1498120 0.0000e+00
       1227      6.267    15.7926   3.073775     2.6774     2.5885     0.0051  0.1492677 0.0000e+00
       1228      6.282    15.7957   3.074541     2.6763     2.5877     0.0053  0.1487664 0.0000e+00
       1229      6.297    15.7987   3.075308     2.6752     2.5868     0.0051  0.1483045 0.0000e+00
       1230      6.313    15.8016   3.076070     2.6741     2.5859     0.0051  0.1478788 0.0000e+00
       1231      6.328    15.8043   3.076822     2.6729     2.5850     0.0051  0.1474864 0.0000e+00
       1232      6.343    15.8069   3.077561     2.6718     2.5841     0.0051  0.1471246 0.0000e+00
       1233      6.358    15.8093   3.078283     2.6707     2.5832     0.0051  0.1467907 0.0000e+00
       1234      6.373    15.8114   3.078978     2.6696     2.5823     0.0051  0.1464825 0.0000e+00
       1235      6.388    15.8132   3.079640     2.6685     2.5813     0.0051  0.1461979 0.0000e+00
       1236      6.404    15.8148   3.080265     2.6674     2.5804     0.0051  0.1459349 0.0000e+00
       1237      6.419    15.8160   3.080849     2.6663     2.5795     0.0051  0.1456915 0.0000e+00
       1238      6.434    15.8169   3.081390     2.6651     2.5785     0.0051  0.1454663 0.0000e+00
       1239      6.449    15.8174   3.081884     2.6640     2.5775     0.0051  0.1452575 0.0000e+00
       1240      6.464    15.8177   3.082332     2.6629     2.5765     0.0051  0.1450637 0.0000e+00
       1241      6.479    15.8176   3.082735     2.6618     2.5755     0.0051  0.1448836 0.0000e+00
       1242      6.494    15.8172   3.083093     2.6607     2.5745     0.0051  0.1447159 0.0000e+00
       1243      6.509    15.8165   3.083406     2.6596     2.5735     0.0051  0.1445595 0.0000e+00
       1244      6.524    15.8155   3.083675     2.6585     2.5725     0.0051  0.1444133 0.0000e+00
       1245      6.539    15.8141   3.083900     2.6575     2.5715     0.0051  0.1442762 0.0000e+00
       1246      6.554    15.8125   3.084081     2.6564     2.5705     0.0051  0.1441473 0.0000e+00
       1247      6.569    15.8107   3.084225     2.6553     2.5694     0.0051  0.1440257 0.0000e+00
       1248      6.584    15.8088   3.084343     2.6542     2.5684     0.0051  0.1439105 0.0000e+00
       1249      6.599    15.8071   3.084449     2.6532     2.5674     0.0051  0.1438010 0.0000e+00
       1250      6.614    15.8055   3.084555     2.6521     2.5663     0.0051  0.1436964 0.0000e+00
       1251      6.629    15.8042   3.084669     2.6511     2.5653     0.0051  0.1435960 0.0000e+00
       1252      6.644    15.8031   3.084792     2.6500     2.5642     0.0051  0.1434991 0.0000e+00
       1253      6.659    15.8019   3.084913     2.6490     2.5631     0.0051  0.1434049 0.0000e+00
       1254      6.673    15.8006   3.085018     2.6480     2.5621     0.0051  0.1433128 0.0000e+00
       1255      6.688    15.7991   3.085093     2.6469     2.5610     0.0051  0.1432223 0.0000e+00
       1256      6.703    15.7972   3.085130     2.6459     2.5599     0.0051  0.1431326 0.0000e+00
       1257      6.718    15.7950   3.085129     2.6448     2.5588     0.0051  0.1430432 0.0000e+00
       1258      6.733    15.7925   3.085096     2.6438     2.5576     0.0051  0.1429534 0.0000e+00
       1259      6.747    15.7898   3.085038     2.6427     2.5565     0.0051  0.1428626 0.0000e+00
       1260      6.762    15.7869   3.084959     2.6416     2.5554     0.0051  0.1427701 0.0000e+00
       1261      6.776    15.7839   3.084865     2.6406     2.5542     0.0051  0.1426754 0.0000e+00
       1262      6.791    15.7809   3.084759     2.6395     2.5531     0.0051  0.1425778 0.0000e+00
       1263      6.806    15.7780   3.084650     2.6385     2.5519     0.0051  0.1424765 0.0000e+00
       1264      6.820    15.7751   3.084543     2.6374     2.5507     0.0051  0.1423709 0.0000e+00
       1265      6.835    15.7724   3.084439     2.6364     2.5495     0.0051  0.1422602 0.0000e+00
       1266      6.849    15.7697   3.084335     2.6353     2.5483     0.0051  0.1421437 0.0000e+00
       1267      6.864    15.7670   3.084232     2.6342     2.5471     0.0053  0.1420223 0.0000e+00
       1268      6.878    15.7645   3.084127     2.6332     2.5458     0.0053  0.1419011 0.0000e+00
       1269      6.893    15.7619   3.084021     2.6321     2.5446     0.0053  0.1417868 0.0000e+00
       1270      6.908    15.7595   3.083912     2.6310     2.5433     0.0053  0.1416821 0.0000e+00
       1271      6.922    15.7570   3.083799     2.6299     2.5420     0.0053  0.1415853 0.0000e+00
       1272      6.937    15.7545   3.083681     2.6288     2.5406     0.0053  0.1414951 0.0000e+00
       1273      6.951    15.7521   3.083559     2.6276     2.5393     0.0053  0.1414106 0.0000e+00
       1274      6.966    15.7496   3.083431     2.6265     2.5379     0.0053  0.1413314 0.0000e+00
       1275      6.981    15.7472   3.083303     2.6253     2.5365     0.0053  0.1412570 0.0000e+00
       1276      6.995    15.7450   3.083187     2.6242     2.5351     0.0053  0.1411867 0.0000e+00
       1277      7.009    15.7430   3.083099     2.6230     2.5336     0.0053  0.1411201 0.0000e+00
       1278      7.024    15.7412   3.083050     2.6218     2.5322     0.0053  0.1410567 0.0000e+00
       1279      7.038    15.7396   3.083044     2.6206     2.5307     0.0053  0.1409961 0.0000e+00
       1280      7.053    15.7383   3.083086     2.6193     2.5292     0.0053  0.1409379 0.0000e+00
