data/2021/ctd_data_day2/station4_ctm.cnv
* Sea-Bird SBE 9 Data File:
* FileName = C:\Users\CTD-User\Desktop\MAR440\day2\station4.hex
* Software Version Seasave V 7.26.2.13
* Temperature SN = 6313
* Conductivity SN = 4758
* Number of Bytes Per Scan = 37
* Number of Voltage Words = 4
* Number of Scans Averaged by the Deck Unit = 1
* NMEA Latitude = 58 19.41 N
* NMEA Longitude = 011 50.05 E
* NMEA UTC (Time) = Sep 22 2021 10:00:00
* NMEA baud rate = 4800
** Ship: Skagerrak
** Station: station4
** Operator: group2green
# nquan = 9
# nvalues = 2885                        
# units = specified
# name 0 = scan: Scan Count
# name 1 = prDM: Pressure, Digiquartz [db]
# name 2 = t090C: Temperature [ITS-90, deg C]
# name 3 = c0S/m: Conductivity [S/m]
# name 4 = sbeox0V: Oxygen raw, SBE 43 [V]
# name 5 = sbeox1V: Oxygen raw, SBE 43, 2 [V]
# name 6 = flECO-AFL: Fluorescence, WET Labs ECO-AFL/FL [mg/m^3]
# name 7 = upoly0: Upoly 0, Turbidity
# name 8 = flag:  0.000e+00
# span 0 =          1,       2885       
# span 1 =      0.936,     15.080       
# span 2 =    13.1755,    16.1519       
# span 3 =   2.888596,   3.427947       
# span 4 =     1.5029,     2.8889       
# span 5 =     1.5188,     2.8315       
# span 6 =     0.0040,     0.0060       
# span 7 =  0.0913272,  0.1885189       
# span 8 = 0.0000e+00, 0.0000e+00       
# interval = seconds: 0.0416667
# start_time = Sep 22 2021 10:00:00 [NMEA time, header]
# bad_flag = -9.990e-29
*END*
[from data line 961]
        962      1.033    14.7783   2.905687     2.8413     2.7863     0.0048  0.1680061 0.0000e+00
        963      1.058    14.7780   2.905284     2.8400     2.7863     0.0048  0.1675177 0.0000e+00
        964      1.033    14.7775   2.904804     2.8400     2.7863     0.0048  0.1675177 0.0000e+00
        965      1.058    14.7749   2.904321     2.8425     2.7863     0.0048  0.1675177 0.0000e+00
        966      1.091    14.7728   2.903961     2.8425     2.7863     0.0048  0.1675177 0.0000e+00
        967      1.058    14.7723   2.903574     2.8425     2.7875     0.0048  0.1675177 0.0000e+00
        968      1.033    14.7745   2.903702     2.8425     2.7875     0.0048  0.1675177 0.0000e+00
        969      1.058    14.7763   2.903877     2.8425     2.7875     0.0048  0.1675177 0.0000e+00
        970      1.033    14.7763   2.904073     2.8449     2.7875     0.0048  0.1675177 0.0000e+00
        971      1.058    14.7753   2.904007     2.8437     2.7888     0.0048  0.1680061 0.0000e+00
        972      1.091    14.7763   2.904152     2.8449     2.7888     0.0048  0.1680061 0.0000e+00
        973      1.058    14.7766   2.904097     2.8437     2.7888     0.0049  0.1743553 0.0000e+00
        974      1.033    14.7767   2.904041     2.8437     2.7888     0.0049  0.1767973 0.0000e+00
        975      1.123    14.7753   2.904029     2.8461     2.7888     0.0049  0.1772857 0.0000e+00
        976      1.090    14.7745   2.903931     2.8461     2.7900     0.0049  0.1767973 0.0000e+00
        977      1.057    14.7747   2.903826     2.8449     2.7900     0.0049  0.1767973 0.0000e+00
        978      1.090    14.7750   2.903755     2.8449     2.7888     0.0049  0.1767973 0.0000e+00
        979      1.057    14.7755   2.903689     2.8461     2.7900     0.0049  0.1767973 0.0000e+00
        980      1.090    14.7764   2.903801     2.8474     2.7900     0.0049  0.1767973 0.0000e+00
        981      1.057    14.7771   2.903982     2.8474     2.7900     0.0049  0.1767973 0.0000e+00
        982      1.090    14.7773   2.904058     2.8461     2.7912     0.0049  0.1767973 0.0000e+00
        983      1.057    14.7767   2.904010     2.8461     2.7912     0.0049  0.1767973 0.0000e+00
        984      1.033    14.7756   2.903950     2.8474     2.7912     0.0049  0.1767973 0.0000e+00
        985      1.123    14.7761   2.903873     2.8498     2.7912     0.0049  0.1767973 0.0000e+00
        986      1.033    14.7771   2.903826     2.8486     2.7912     0.0049  0.1767973 0.0000e+00
        987      1.123    14.7776   2.903836     2.8498     2.7912     0.0049  0.1767973 0.0000e+00
        988      1.057    14.7779   2.903885     2.8498     2.7924     0.0049  0.1767973 0.0000e+00
        989      1.090    14.7767   2.903818     2.8498     2.7924     0.0049  0.1767973 0.0000e+00
        990      1.057    14.7751   2.903712     2.8523     2.7924     0.0049  0.1767973 0.0000e+00
        991      1.090    14.7751   2.903661     2.8498     2.7936     0.0049  0.1767973 0.0000e+00
        992      1.057    14.7752   2.903577     2.8498     2.7936     0.0049  0.1767973 0.0000e+00
        993      1.090    14.7756   2.903642     2.8498     2.7936     0.0049  0.1767973 0.0000e+00
        994      1.057    14.7770   2.903854     2.8523     2.7936     0.0049  0.1767973 0.0000e+00
        995      1.032    14.7770   2.904006     2.8523     2.7936     0.0049  0.1767973 0.0000e+00
        996      1.057    14.7751   2.903969     2.8523     2.7936     0.0049  0.1767973 0.0000e+00
        997      1.032    14.7711   2.903771     2.8510     2.7936     0.0049  0.1772857 0.0000e+00
        998      1.057    14.7671   2.903496     2.8523     2.7949     0.0048  0.1782625 0.0000e+00
        999      1.090    14.7643   2.903122     2.8535     2.7949     0.0046  0.1787509 0.0000e+00
       1000      1.057    14.7639   2.902735     2.8535     2.7949     0.0046  0.1787509 0.0000e+00
       1001      1.032    14.7638   2.902705     2.8523     2.7961     0.0046  0.1792393 0.0000e+00
       1002      0.999    14.7634   2.902542     2.8535     2.7961     0.0046  0.1787509 0.0000e+00
       1003      1.090    14.7637   2.902410     2.8547     2.7961     0.0046  0.1787509 0.0000e+00
       1004      1.057    14.7640   2.902509     2.8559     2.7961     0.0046  0.1787509 0.0000e+00
       1005      1.032    14.7645   2.902492     2.8547     2.7961     0.0046  0.1787509 0.0000e+00
       1006      1.057    14.7653   2.902416     2.8547     2.7973     0.0046  0.1787509 0.0000e+00
       1007      1.090    14.7654   2.902420     2.8547     2.7973     0.0046  0.1787509 0.0000e+00
       1008      1.057    14.7655   2.902556     2.8559     2.7973     0.0046  0.1787509 0.0000e+00
       1009      1.090    14.7655   2.902619     2.8571     2.7973     0.0046  0.1787509 0.0000e+00
       1010      1.057    14.7658   2.902509     2.8559     2.7985     0.0046  0.1787509 0.0000e+00
       1011      1.089    14.7658   2.902474     2.8559     2.7985     0.0046  0.1787509 0.0000e+00
       1012      1.122    14.7669   2.902558     2.8559     2.7985     0.0046  0.1787509 0.0000e+00
       1013      1.089    14.7670   2.902710     2.8559     2.7997     0.0046  0.1787509 0.0000e+00
       1014      1.122    14.7664   2.902657     2.8596     2.7997     0.0046  0.1787509 0.0000e+00
       1015      1.089    14.7654   2.902541     2.8559     2.7997     0.0046  0.1787509 0.0000e+00
       1016      1.056    14.7656   2.902535     2.8559     2.7997     0.0046  0.1787509 0.0000e+00
       1017      1.089    14.7654   2.902526     2.8571     2.7997     0.0046  0.1787509 0.0000e+00
       1018      1.122    14.7655   2.902524     2.8584     2.8010     0.0046  0.1787509 0.0000e+00
       1019      1.089    14.7654   2.902587     2.8571     2.8010     0.0046  0.1787509 0.0000e+00
       1020      1.056    14.7656   2.902712     2.8571     2.8010     0.0046  0.1787509 0.0000e+00
       1021      1.089    14.7655   2.902605     2.8596     2.7997     0.0046  0.1787509 0.0000e+00
       1022      1.056    14.7650   2.902563     2.8571     2.8010     0.0046  0.1787509 0.0000e+00
       1023      1.089    14.7646   2.902543     2.8584     2.8010     0.0046  0.1787509 0.0000e+00
       1024      1.056    14.7654   2.902560     2.8596     2.8010     0.0048  0.1782625 0.0000e+00
       1025      1.089    14.7662   2.902533     2.8571     2.8010     0.0049  0.1777741 0.0000e+00
       1026      1.056    14.7662   2.902608     2.8571     2.8010     0.0049  0.1782625 0.0000e+00
       1027      1.089    14.7655   2.902668     2.8596     2.8010     0.0049  0.1782625 0.0000e+00
       1028      1.056    14.7640   2.902583     2.8596     2.8022     0.0049  0.1777741 0.0000e+00
       1029      1.089    14.7640   2.902241     2.8596     2.8022     0.0049  0.1782625 0.0000e+00
       1030      1.056    14.7656   2.902317     2.8571     2.8022     0.0049  0.1782625 0.0000e+00
       1031      1.089    14.7652   2.902592     2.8571     2.8022     0.0049  0.1782625 0.0000e+00
       1032      1.056    14.7647   2.902670     2.8584     2.8022     0.0049  0.1777741 0.0000e+00
       1033      1.089    14.7637   2.902549     2.8596     2.8022     0.0049  0.1777741 0.0000e+00
       1034      1.056    14.7622   2.902590     2.8596     2.8034     0.0049  0.1782625 0.0000e+00
       1035      1.089    14.7613   2.902672     2.8571     2.8034     0.0049  0.1777741 0.0000e+00
       1036      1.056    14.7609   2.902596     2.8571     2.8034     0.0049  0.1782625 0.0000e+00
       1037      1.089    14.7623   2.902506     2.8596     2.8046     0.0049  0.1782625 0.0000e+00
       1038      1.056    14.7662   2.902672     2.8596     2.8046     0.0049  0.1782625 0.0000e+00
       1039      1.089    14.7687   2.903019     2.8596     2.8046     0.0049  0.1777741 0.0000e+00
       1040      1.056    14.7717   2.903313     2.8584     2.8046     0.0049  0.1777741 0.0000e+00
       1041      1.089    14.7770   2.903807     2.8571     2.8046     0.0049  0.1782625 0.0000e+00
       1042      1.056    14.7778   2.904186     2.8596     2.8046     0.0049  0.1777741 0.0000e+00
       1043      1.088    14.7756   2.904509     2.8596     2.8046     0.0049  0.1782625 0.0000e+00
       1044      1.121    14.7761   2.904601     2.8584     2.8046     0.0049  0.1777741 0.0000e+00
       1045      1.031    14.7767   2.904655     2.8596     2.8059     0.0049  0.1782625 0.0000e+00
       1046      1.121    14.7773   2.904710     2.8584     2.8059     0.0049  0.1777741 0.0000e+00
       1047      1.088    14.7820   2.904824     2.8596     2.8059     0.0049  0.1782625 0.0000e+00
       1048      1.121    14.7876   2.905253     2.8596     2.8059     0.0049  0.1782625 0.0000e+00
       1049      1.146    14.7908   2.905647     2.8584     2.8059     0.0049  0.1772857 0.0000e+00
       1050      1.121    14.7906   2.905790     2.8584     2.8059     0.0048  0.1763089 0.0000e+00
       1051      1.088    14.7910   2.906150     2.8596     2.8059     0.0048  0.1758205 0.0000e+00
       1052      1.179    14.7896   2.906065     2.8596     2.8059     0.0048  0.1758205 0.0000e+00
       1053      1.088    14.7855   2.905722     2.8596     2.8059     0.0048  0.1758205 0.0000e+00
       1054      1.121    14.7814   2.905474     2.8596     2.8059     0.0048  0.1758205 0.0000e+00
       1055      1.146    14.7803   2.905121     2.8584     2.8059     0.0048  0.1758205 0.0000e+00
       1056      1.121    14.7799   2.904925     2.8596     2.8059     0.0048  0.1758205 0.0000e+00
       1057      1.146    14.7808   2.904985     2.8596     2.8059     0.0048  0.1758205 0.0000e+00
       1058      1.055    14.7808   2.904801     2.8596     2.8059     0.0048  0.1758205 0.0000e+00
       1059      1.146    14.7775   2.904643     2.8596     2.8059     0.0048  0.1758205 0.0000e+00
       1060      1.055    14.7741   2.904413     2.8584     2.8059     0.0048  0.1758205 0.0000e+00
       1061      1.088    14.7719   2.903919     2.8596     2.8071     0.0048  0.1758205 0.0000e+00
       1062      1.055    14.7719   2.903561     2.8608     2.8071     0.0048  0.1758205 0.0000e+00
       1063      1.088    14.7707   2.903564     2.8596     2.8071     0.0048  0.1758205 0.0000e+00
       1064      1.055    14.7693   2.903402     2.8596     2.8083     0.0048  0.1758205 0.0000e+00
       1065      1.088    14.7681   2.903115     2.8596     2.8071     0.0048  0.1758205 0.0000e+00
       1066      1.055    14.7672   2.903082     2.8608     2.8083     0.0048  0.1758205 0.0000e+00
       1067      1.088    14.7652   2.903126     2.8608     2.8083     0.0046  0.1758205 0.0000e+00
       1068      1.055    14.7644   2.902774     2.8596     2.8083     0.0048  0.1758205 0.0000e+00
       1069      1.088    14.7643   2.902595     2.8596     2.8083     0.0048  0.1758205 0.0000e+00
       1070      1.121    14.7635   2.902743     2.8596     2.8083     0.0048  0.1758205 0.0000e+00
       1071      1.088    14.7635   2.902981     2.8620     2.8083     0.0048  0.1758205 0.0000e+00
       1072      1.055    14.7643   2.902943     2.8608     2.8083     0.0048  0.1758205 0.0000e+00
       1073      1.145    14.7645   2.902727     2.8608     2.8083     0.0048  0.1758205 0.0000e+00
       1074      1.121    14.7630   2.902828     2.8596     2.8083     0.0048  0.1758205 0.0000e+00
       1075      1.088    14.7623   2.902921     2.8596     2.8083     0.0048  0.1758205 0.0000e+00
       1076      1.120    14.7615   2.902630     2.8620     2.8095     0.0048  0.1753321 0.0000e+00
       1077      1.087    14.7615   2.902452     2.8620     2.8083     0.0048  0.1753321 0.0000e+00
       1078      1.178    14.7620   2.902512     2.8608     2.8083     0.0048  0.1753321 0.0000e+00
       1079      1.145    14.7622   2.902542     2.8608     2.8083     0.0048  0.1753321 0.0000e+00
       1080      1.120    14.7620   2.902259     2.8620     2.8083     0.0048  0.1753321 0.0000e+00
       1081      1.145    14.7626   2.902148     2.8645     2.8083     0.0048  0.1753321 0.0000e+00
       1082      1.120    14.7649   2.902681     2.8620     2.8083     0.0048  0.1753321 0.0000e+00
       1083      1.145    14.7666   2.903029     2.8620     2.8083     0.0048  0.1753321 0.0000e+00
       1084      1.120    14.7678   2.903108     2.8620     2.8083     0.0048  0.1753321 0.0000e+00
       1085      1.145    14.7691   2.903263     2.8632     2.8083     0.0048  0.1753321 0.0000e+00
       1086      1.178    14.7689   2.903500     2.8645     2.8083     0.0048  0.1753321 0.0000e+00
       1087      1.087    14.7692   2.903317     2.8620     2.8071     0.0048  0.1753321 0.0000e+00
       1088      1.178    14.7693   2.903282     2.8620     2.8071     0.0048  0.1753321 0.0000e+00
       1089      1.145    14.7689   2.903457     2.8620     2.8071     0.0048  0.1753321 0.0000e+00
       1090      1.054    14.7684   2.903414     2.8645     2.8071     0.0048  0.1753321 0.0000e+00
       1091      1.145    14.7678   2.903195     2.8645     2.8071     0.0048  0.1753321 0.0000e+00
       1092      1.120    14.7677   2.903278     2.8645     2.8071     0.0048  0.1753321 0.0000e+00
       1093      1.087    14.7679   2.903429     2.8620     2.8071     0.0048  0.1753321 0.0000e+00
       1094      1.120    14.7696   2.903285     2.8645     2.8071     0.0048  0.1753321 0.0000e+00
       1095      1.087    14.7727   2.903490     2.8645     2.8071     0.0048  0.1753321 0.0000e+00
       1096      1.120    14.7756   2.904025     2.8632     2.8071     0.0048  0.1753321 0.0000e+00
       1097      1.029    14.7792   2.904320     2.8645     2.8071     0.0048  0.1753321 0.0000e+00
       1098      1.120    14.7792   2.904382     2.8632     2.8071     0.0048  0.1753321 0.0000e+00
       1099      1.087    14.7781   2.904582     2.8645     2.8071     0.0048  0.1753321 0.0000e+00
       1100      1.120    14.7780   2.904595     2.8645     2.8071     0.0048  0.1753321 0.0000e+00
       1101      1.087    14.7776   2.904453     2.8645     2.8071     0.0048  0.1748437 0.0000e+00
       1102      1.120    14.7778   2.904532     2.8632     2.8071     0.0048  0.1743553 0.0000e+00
       1103      1.087    14.7781   2.904481     2.8632     2.8071     0.0048  0.1743553 0.0000e+00
       1104      1.120    14.7776   2.904245     2.8645     2.8071     0.0048  0.1743553 0.0000e+00
       1105      1.087    14.7768   2.904419     2.8645     2.8071     0.0048  0.1743553 0.0000e+00
       1106      1.120    14.7787   2.904664     2.8645     2.8071     0.0048  0.1743553 0.0000e+00
       1107      1.144    14.7823   2.904844     2.8632     2.8071     0.0048  0.1743553 0.0000e+00
       1108      1.120    14.7864   2.905349     2.8645     2.8071     0.0048  0.1743553 0.0000e+00
       1109      1.087    14.7866   2.905856     2.8645     2.8071     0.0048  0.1743553 0.0000e+00
       1110      1.119    14.7842   2.905772     2.8657     2.8071     0.0048  0.1743553 0.0000e+00
       1111      1.144    14.7832   2.905775     2.8645     2.8071     0.0048  0.1743553 0.0000e+00
       1112      1.119    14.7817   2.905481     2.8645     2.8071     0.0048  0.1743553 0.0000e+00
       1113      1.144    14.7799   2.904960     2.8645     2.8071     0.0048  0.1743553 0.0000e+00
       1114      1.119    14.7788   2.904875     2.8645     2.8083     0.0048  0.1748437 0.0000e+00
       1115      1.144    14.7783   2.904947     2.8657     2.8083     0.0048  0.1743553 0.0000e+00
       1116      1.177    14.7770   2.904587     2.8645     2.8083     0.0048  0.1748437 0.0000e+00
       1117      1.086    14.7758   2.904480     2.8645     2.8083     0.0048  0.1743553 0.0000e+00
       1118      1.177    14.7738   2.904518     2.8645     2.8083     0.0048  0.1743553 0.0000e+00
       1119      1.086    14.7715   2.904226     2.8657     2.8095     0.0048  0.1743553 0.0000e+00
       1120      1.177    14.7698   2.903872     2.8657     2.8095     0.0048  0.1743553 0.0000e+00
