data/2021/ctd_data_day2/station10.cnv
* Sea-Bird SBE 9 Data File:
* FileName = C:\Users\CTD-User\Desktop\MAR440\day2\station10.hex
* Software Version Seasave V 7.26.2.13
* Temperature SN = 6313
* Conductivity SN = 4758
* Number of Bytes Per Scan = 37
* Number of Voltage Words = 4
* Number of Scans Averaged by the Deck Unit = 1
* NMEA Latitude = 58 20.25 N
* NMEA Longitude = 011 53.24 E
* NMEA UTC (Time) = Sep 22 2021 12:19:36
* NMEA baud rate = 4800
** Ship: Skagerrak
** Station: station10
** Operator: group2green
# nquan = 9
# nvalues = 2945                                  
# units = specified
# name 0 = scan: Scan Count
# name 1 = prDM: Pressure, Digiquartz [db]
# name 2 = t090C: Temperature [ITS-90, deg C]
# name 3 = c0S/m: Conductivity [S/m]
# name 4 = sbeox0V: Oxygen raw, SBE 43 [V]
# name 5 = sbeox1V: Oxygen raw, SBE 43, 2 [V]
# name 6 = flECO-AFL: Fluorescence, WET Labs ECO-AFL/FL [mg/m^3]
# name 7 = upoly0: Upoly 0, Turbidity
# name 8 = flag:  0.000e+00
# span 0 =          1,       2945                 
# span 1 =      1.368,     39.769                 
# span 2 =     7.4919,    15.8877                 
# span 3 =   2.826280,   3.481448                 
# span 4 =     0.4784,     2.9182                 
# span 5 =     0.5505,     2.8645                 
# span 6 =     0.0033,     0.0148                 
# span 7 =  0.0879084,  0.2275910                 
# span 8 = 0.0000e+00, 0.0000e+00                 
# interval = seconds: 0.0416667
# start_time = Sep 22 2021 12:19:36 [NMEA time, header]
# bad_flag = -9.990e-29
*END*
[from data line 1281]
       1282      5.665    15.1551   2.935053     2.8560     2.7900     0.0081  0.1968217  0.000e+00
       1283      5.698    15.1574   2.935488     2.8535     2.7888     0.0081  0.1968217  0.000e+00
       1284      5.789    15.1602   2.935659     2.8523     2.7876     0.0081  0.1968217  0.000e+00
       1285      5.698    15.1611   2.935813     2.8511     2.7876     0.0081  0.1968217  0.000e+00
       1286      5.789    15.1607   2.935873     2.8523     2.7863     0.0081  0.1968217  0.000e+00
       1287      5.789    15.1597   2.935846     2.8511     2.7863     0.0081  0.1968217  0.000e+00
       1288      5.822    15.1590   2.935708     2.8486     2.7851     0.0081  0.1968217  0.000e+00
       1289      5.847    15.1582   2.935725     2.8474     2.7839     0.0081  0.1968217  0.000e+00
       1290      5.888    15.1582   2.935686     2.8462     2.7839     0.0075  0.1890073  0.000e+00
       1291      5.847    15.1594   2.935813     2.8474     2.7827     0.0068  0.1792393  0.000e+00
       1292      5.970    15.1604   2.936044     2.8462     2.7827     0.0064  0.1763089  0.000e+00
       1293      5.888    15.1596   2.936203     2.8450     2.7815     0.0066  0.1767973  0.000e+00
       1294      5.970    15.1560   2.935906     2.8450     2.7815     0.0066  0.1772857  0.000e+00
       1295      5.970    15.1492   2.934916     2.8437     2.7815     0.0066  0.1772857  0.000e+00
       1296      6.011    15.1455   2.933739     2.8450     2.7802     0.0066  0.1772857  0.000e+00
       1297      6.036    15.1445   2.933013     2.8425     2.7802     0.0066  0.1772857  0.000e+00
       1298      6.069    15.1467   2.932958     2.8413     2.7802     0.0066  0.1772857  0.000e+00
       1299      6.036    15.1518   2.933667     2.8413     2.7790     0.0066  0.1772857  0.000e+00
       1300      6.094    15.1553   2.934564     2.8413     2.7790     0.0066  0.1772857  0.000e+00
       1301      6.127    15.1578   2.935609     2.8413     2.7778     0.0066  0.1772857  0.000e+00
       1302      6.094    15.1604   2.936148     2.8401     2.7778     0.0066  0.1782625  0.000e+00
       1303      6.218    15.1628   2.936677     2.8389     2.7766     0.0066  0.1772857  0.000e+00
       1304      6.127    15.1660   2.937260     2.8376     2.7766     0.0066  0.1772857  0.000e+00
       1305      6.218    15.1678   2.937705     2.8389     2.7766     0.0066  0.1772857  0.000e+00
       1306      6.250    15.1674   2.937865     2.8389     2.7753     0.0066  0.1772857  0.000e+00
       1307      6.275    15.1684   2.937920     2.8364     2.7753     0.0066  0.1772857  0.000e+00
       1308      6.217    15.1726   2.938349     2.8364     2.7753     0.0066  0.1782625  0.000e+00
       1309      6.316    15.1753   2.938823     2.8352     2.7741     0.0066  0.1772857  0.000e+00
       1310      6.341    15.1770   2.939246     2.8376     2.7729     0.0066  0.1772857  0.000e+00
       1311      6.341    15.1787   2.939692     2.8364     2.7729     0.0066  0.1782625  0.000e+00
       1312      6.316    15.1797   2.940116     2.8352     2.7729     0.0066  0.1772857  0.000e+00
       1313      6.399    15.1802   2.940303     2.8340     2.7729     0.0066  0.1772857  0.000e+00
       1314      6.440    15.1778   2.940309     2.8352     2.7717     0.0066  0.1772857  0.000e+00
       1315      6.399    15.1738   2.939659     2.8352     2.7717     0.0066  0.1763089  0.000e+00
       1316      6.456    15.1743   2.939021     2.8340     2.7705     0.0060  0.1670293  0.000e+00
       1317      6.498    15.1736   2.938817     2.8328     2.7705     0.0059  0.1626337  0.000e+00
       1318      6.456    15.1702   2.938316     2.8328     2.7705     0.0059  0.1616569  0.000e+00
       1319      6.522    15.1693   2.937821     2.8328     2.7692     0.0059  0.1626337  0.000e+00
       1320      6.498    15.1682   2.937469     2.8328     2.7692     0.0059  0.1621453  0.000e+00
       1321      6.580    15.1678   2.937205     2.8315     2.7680     0.0059  0.1626337  0.000e+00
       1322      6.580    15.1684   2.937249     2.8303     2.7680     0.0059  0.1626337  0.000e+00
       1323      6.621    15.1695   2.937502     2.8291     2.7680     0.0059  0.1626337  0.000e+00
       1324      6.646    15.1709   2.937975     2.8303     2.7680     0.0059  0.1626337  0.000e+00
       1325      6.621    15.1709   2.938206     2.8303     2.7668     0.0059  0.1626337  0.000e+00
       1326      6.646    15.1694   2.938459     2.8291     2.7668     0.0059  0.1626337  0.000e+00
       1327      6.704    15.1684   2.938415     2.8279     2.7668     0.0059  0.1626337  0.000e+00
       1328      6.679    15.1678   2.938151     2.8279     2.7656     0.0059  0.1626337  0.000e+00
       1329      6.770    15.1708   2.938228     2.8303     2.7644     0.0059  0.1626337  0.000e+00
       1330      6.770    15.1744   2.938850     2.8279     2.7644     0.0059  0.1626337  0.000e+00
       1331      6.745    15.1734   2.939406     2.8266     2.7644     0.0059  0.1626337  0.000e+00
       1332      6.827    15.1707   2.939269     2.8254     2.7644     0.0059  0.1626337  0.000e+00
       1333      6.827    15.1705   2.938889     2.8254     2.7631     0.0059  0.1626337  0.000e+00
       1334      6.803    15.1723   2.938856     2.8266     2.7631     0.0059  0.1626337  0.000e+00
       1335      6.885    15.1739   2.939494     2.8266     2.7619     0.0059  0.1626337  0.000e+00
       1336      6.860    15.1756   2.939946     2.8242     2.7619     0.0059  0.1626337  0.000e+00
       1337      6.885    15.1766   2.940045     2.8254     2.7619     0.0059  0.1626337  0.000e+00
       1338      6.951    15.1768   2.940056     2.8242     2.7619     0.0059  0.1626337  0.000e+00
       1339      6.926    15.1773   2.939995     2.8254     2.7619     0.0059  0.1626337  0.000e+00
       1340      6.951    15.1797   2.940177     2.8242     2.7607     0.0059  0.1626337  0.000e+00
       1341      7.009    15.1838   2.941090     2.8218     2.7607     0.0059  0.1587265  0.000e+00
       1342      7.050    15.1856   2.941949     2.8218     2.7607     0.0060  0.1533541  0.000e+00
       1343      7.009    15.1871   2.942467     2.8218     2.7607     0.0060  0.1523773  0.000e+00
       1344      7.009    15.1910   2.942704     2.8230     2.7595     0.0060  0.1523773  0.000e+00
       1345      7.107    15.1941   2.943353     2.8218     2.7595     0.0060  0.1523773  0.000e+00
       1346      7.074    15.1927   2.944124     2.8205     2.7595     0.0060  0.1528657  0.000e+00
       1347      7.107    15.1922   2.944113     2.8205     2.7595     0.0060  0.1523773  0.000e+00
       1348      7.132    15.1927   2.944080     2.8205     2.7583     0.0060  0.1528657  0.000e+00
       1349      7.132    15.1936   2.944069     2.8218     2.7583     0.0060  0.1523773  0.000e+00
       1350      7.231    15.1981   2.944482     2.8205     2.7570     0.0060  0.1523773  0.000e+00
       1351      7.190    15.2029   2.945237     2.8181     2.7570     0.0060  0.1523773  0.000e+00
       1352      7.190    15.2031   2.945815     2.8181     2.7570     0.0060  0.1528657  0.000e+00
       1353      7.289    15.2049   2.946245     2.8205     2.7570     0.0060  0.1523773  0.000e+00
       1354      7.190    15.2105   2.947462     2.8193     2.7570     0.0060  0.1528657  0.000e+00
       1355      7.313    15.2176   2.950135     2.8181     2.7570     0.0060  0.1528657  0.000e+00
       1356      7.289    15.2190   2.952450     2.8169     2.7558     0.0060  0.1528657  0.000e+00
       1357      7.313    15.2177   2.952875     2.8157     2.7558     0.0060  0.1523773  0.000e+00
       1358      7.313    15.2146   2.952213     2.8169     2.7558     0.0060  0.1523773  0.000e+00
       1359      7.412    15.2112   2.951254     2.8169     2.7546     0.0060  0.1528657  0.000e+00
       1360      7.379    15.2128   2.950774     2.8157     2.7546     0.0060  0.1523773  0.000e+00
       1361      7.379    15.2159   2.950785     2.8157     2.7546     0.0059  0.1528657  0.000e+00
       1362      7.412    15.2218   2.951623     2.8132     2.7534     0.0060  0.1528657  0.000e+00
       1363      7.437    15.2302   2.953398     2.8157     2.7546     0.0060  0.1528657  0.000e+00
       1364      7.478    15.2356   2.955163     2.8157     2.7534     0.0060  0.1528657  0.000e+00
       1365      7.503    15.2428   2.956421     2.8157     2.7534     0.0060  0.1523773  0.000e+00
       1366      7.503    15.2573   2.958638     2.8132     2.7534     0.0060  0.1523773  0.000e+00
       1367      7.536    15.2685   2.962452     2.8132     2.7534     0.0057  0.1509121  0.000e+00
       1368      7.503    15.2796   2.966488     2.8144     2.7521     0.0055  0.1504237  0.000e+00
       1369      7.618    15.2912   2.969603     2.8132     2.7521     0.0055  0.1504237  0.000e+00
       1370      7.594    15.2975   2.971499     2.8120     2.7521     0.0055  0.1504237  0.000e+00
       1371      7.561    15.2963   2.971642     2.8108     2.7521     0.0055  0.1509121  0.000e+00
       1372      7.618    15.2911   2.969902     2.8120     2.7509     0.0055  0.1509121  0.000e+00
       1373      7.660    15.2924   2.968062     2.8132     2.7509     0.0055  0.1504237  0.000e+00
       1374      7.684    15.2939   2.967576     2.8120     2.7509     0.0055  0.1509121  0.000e+00
       1375      7.684    15.2943   2.967786     2.8108     2.7497     0.0055  0.1504237  0.000e+00
       1376      7.717    15.3005   2.969399     2.8096     2.7497     0.0055  0.1504237  0.000e+00
       1377      7.684    15.3128   2.973040     2.8120     2.7497     0.0055  0.1509121  0.000e+00
       1378      7.742    15.3252   2.977724     2.8120     2.7497     0.0055  0.1504237  0.000e+00
       1379      7.783    15.3362   2.981840     2.8108     2.7497     0.0055  0.1509121  0.000e+00
       1380      7.808    15.3407   2.984834     2.8108     2.7497     0.0055  0.1509121  0.000e+00
       1381      7.808    15.3450   2.987032     2.8108     2.7497     0.0055  0.1509121  0.000e+00
       1382      7.841    15.3471   2.987990     2.8108     2.7485     0.0055  0.1509121  0.000e+00
       1383      7.808    15.3478   2.988101     2.8108     2.7485     0.0055  0.1509121  0.000e+00
       1384      7.866    15.3509   2.987951     2.8108     2.7485     0.0055  0.1509121  0.000e+00
       1385      7.907    15.3648   2.989961     2.8083     2.7485     0.0055  0.1504237  0.000e+00
       1386      7.923    15.3803   2.996112     2.8108     2.7485     0.0055  0.1509121  0.000e+00
       1387      7.923    15.3902   3.003406     2.8108     2.7485     0.0055  0.1509121  0.000e+00
       1388      7.965    15.4154   3.010800     2.8108     2.7485     0.0055  0.1509121  0.000e+00
       1389      7.989    15.4488   3.021998     2.8083     2.7485     0.0055  0.1509121  0.000e+00
       1390      7.989    15.4720   3.035719     2.8071     2.7485     0.0055  0.1504237  0.000e+00
       1391      7.965    15.4911   3.047243     2.8083     2.7473     0.0055  0.1509121  0.000e+00
       1392      8.047    15.5103   3.055521     2.8108     2.7473     0.0055  0.1470049  0.000e+00
       1393      8.113    15.5254   3.061689     2.8071     2.7473     0.0055  0.1430977  0.000e+00
       1394      8.022    15.5358   3.066598     2.8071     2.7473     0.0055  0.1411441  0.000e+00
       1395      8.113    15.5382   3.070748     2.8071     2.7473     0.0055  0.1411441  0.000e+00
       1396      8.113    15.5391   3.074257     2.8071     2.7473     0.0055  0.1416325  0.000e+00
       1397      8.146    15.5368   3.077163     2.8083     2.7473     0.0055  0.1416325  0.000e+00
       1398      8.171    15.5313   3.078849     2.8071     2.7473     0.0055  0.1416325  0.000e+00
       1399      8.088    15.5278   3.079796     2.8059     2.7473     0.0055  0.1416325  0.000e+00
       1400      8.294    15.5256   3.080535     2.8059     2.7473     0.0055  0.1416325  0.000e+00
       1401      8.171    15.5241   3.080754     2.8059     2.7473     0.0055  0.1416325  0.000e+00
       1402      8.270    15.5244   3.080658     2.8059     2.7473     0.0055  0.1416325  0.000e+00
       1403      8.237    15.5239   3.080608     2.8047     2.7473     0.0055  0.1416325  0.000e+00
       1404      8.294    15.5248   3.080787     2.8059     2.7473     0.0055  0.1416325  0.000e+00
       1405      8.335    15.5261   3.081454     2.8059     2.7473     0.0055  0.1416325  0.000e+00
       1406      8.294    15.5270   3.082451     2.8059     2.7473     0.0055  0.1416325  0.000e+00
       1407      8.352    15.5305   3.083527     2.8047     2.7460     0.0055  0.1416325  0.000e+00
       1408      8.335    15.5350   3.084345     2.8022     2.7460     0.0055  0.1416325  0.000e+00
       1409      8.418    15.5417   3.085343     2.8010     2.7460     0.0055  0.1416325  0.000e+00
       1410      8.418    15.5468   3.085909     2.8022     2.7460     0.0055  0.1416325  0.000e+00
       1411      8.418    15.5553   3.087137     2.8034     2.7460     0.0053  0.1416325  0.000e+00
       1412      8.451    15.5635   3.089795     2.8022     2.7448     0.0055  0.1416325  0.000e+00
       1413      8.476    15.5685   3.092712     2.8010     2.7448     0.0055  0.1416325  0.000e+00
       1414      8.476    15.5710   3.094732     2.8010     2.7448     0.0055  0.1416325  0.000e+00
       1415      8.517    15.5673   3.095394     2.8010     2.7448     0.0055  0.1416325  0.000e+00
       1416      8.541    15.5612   3.094558     2.8010     2.7436     0.0055  0.1416325  0.000e+00
       1417      8.541    15.5628   3.093884     2.7986     2.7424     0.0055  0.1411441  0.000e+00
       1418      8.574    15.5659   3.095175     2.7961     2.7424     0.0053  0.1367485  0.000e+00
       1419      8.599    15.5675   3.097039     2.7961     2.7412     0.0051  0.1343065  0.000e+00
       1420      8.599    15.5637   3.097987     2.7973     2.7399     0.0051  0.1338181  0.000e+00
       1421      8.640    15.5581   3.097763     2.7973     2.7387     0.0051  0.1343065  0.000e+00
       1422      8.657    15.5534   3.097230     2.7961     2.7375     0.0051  0.1343065  0.000e+00
       1423      8.657    15.5499   3.096539     2.7937     2.7351     0.0051  0.1343065  0.000e+00
       1424      8.698    15.5493   3.095866     2.7925     2.7338     0.0051  0.1343065  0.000e+00
       1425      8.723    15.5477   3.095187     2.7937     2.7326     0.0051  0.1343065  0.000e+00
       1426      8.781    15.5632   3.096303     2.7925     2.7302     0.0051  0.1343065  0.000e+00
       1427      8.698    15.5942   3.101980     2.7912     2.7277     0.0051  0.1343065  0.000e+00
       1428      8.846    15.6179   3.110837     2.7888     2.7265     0.0051  0.1343065  0.000e+00
       1429      8.781    15.6411   3.119652     2.7864     2.7228     0.0051  0.1343065  0.000e+00
       1430      8.822    15.6516   3.125965     2.7864     2.7204     0.0051  0.1338181  0.000e+00
       1431      8.846    15.6609   3.129700     2.7864     2.7180     0.0051  0.1343065  0.000e+00
       1432      8.904    15.6691   3.132530     2.7827     2.7155     0.0051  0.1343065  0.000e+00
       1433      8.879    15.6764   3.135169     2.7815     2.7119     0.0051  0.1343065  0.000e+00
       1434      8.904    15.6919   3.138113     2.7778     2.7094     0.0051  0.1343065  0.000e+00
       1435      8.970    15.7060   3.141646     2.7778     2.7057     0.0051  0.1343065  0.000e+00
       1436      8.945    15.7165   3.144716     2.7766     2.7033     0.0051  0.1343065  0.000e+00
       1437      8.970    15.7171   3.146676     2.7717     2.6996     0.0051  0.1343065  0.000e+00
       1438      9.028    15.7276   3.148071     2.7693     2.6960     0.0051  0.1343065  0.000e+00
       1439      9.003    15.7389   3.150313     2.7668     2.6935     0.0051  0.1343065  0.000e+00
       1440      9.028    15.7442   3.152184     2.7656     2.6899     0.0053  0.1343065  0.000e+00
