data/2021/ctd_data_day2/station10.cnv
* Sea-Bird SBE 9 Data File:
* FileName = C:\Users\CTD-User\Desktop\MAR440\day2\station10.hex
* Software Version Seasave V 7.26.2.13
* Temperature SN = 6313
* Conductivity SN = 4758
* Number of Bytes Per Scan = 37
* Number of Voltage Words = 4
* Number of Scans Averaged by the Deck Unit = 1
* NMEA Latitude = 58 20.25 N
* NMEA Longitude = 011 53.24 E
* NMEA UTC (Time) = Sep 22 2021 12:19:36
* NMEA baud rate = 4800
** Ship: Skagerrak
** Station: station10
** Operator: group2green
# nquan = 9
# nvalues = 2945                                  
# units = specified
# name 0 = scan: Scan Count
# name 1 = prDM: Pressure, Digiquartz [db]
# name 2 = t090C: Temperature [ITS-90, deg C]
# name 3 = c0S/m: Conductivity [S/m]
# name 4 = sbeox0V: Oxygen raw, SBE 43 [V]
# name 5 = sbeox1V: Oxygen raw, SBE 43, 2 [V]
# name 6 = flECO-AFL: Fluorescence, WET Labs ECO-AFL/FL [mg/m^3]
# name 7 = upoly0: Upoly 0, Turbidity
# name 8 = flag:  0.000e+00
# span 0 =          1,       2945                 
# span 1 =      1.368,     39.769                 
# span 2 =     7.4919,    15.8877                 
# span 3 =   2.826280,   3.481448                 
# span 4 =     0.4784,     2.9182                 
# span 5 =     0.5505,     2.8645                 
# span 6 =     0.0033,     0.0148                 
# span 7 =  0.0879084,  0.2275910                 
# span 8 = 0.0000e+00, 0.0000e+00                 
# interval = seconds: 0.0416667
# start_time = Sep 22 2021 12:19:36 [NMEA time, header]
# bad_flag = -9.990e-29
*END*
[from data line 481]
        482      9.674    15.4587   3.079158     2.2882     2.2735     0.0046  0.1264921  0.000e+00
        483      9.649    15.4589   3.079192     2.2833     2.2723     0.0046  0.1260037  0.000e+00
        484      9.674    15.4584   3.079164     2.2833     2.2711     0.0046  0.1264921  0.000e+00
        485      9.616    15.4560   3.078469     2.2833     2.2686     0.0046  0.1264921  0.000e+00
        486      9.649    15.4536   3.077237     2.2772     2.2674     0.0046  0.1264921  0.000e+00
        487      9.550    15.4513   3.076336     2.2747     2.2650     0.0046  0.1264921  0.000e+00
        488      9.616    15.4486   3.075311     2.2735     2.2637     0.0046  0.1264921  0.000e+00
        489      9.533    15.4460   3.074242     2.2735     2.2625     0.0046  0.1260037  0.000e+00
        490      9.550    15.4439   3.073509     2.2699     2.2601     0.0046  0.1264921  0.000e+00
        491      9.426    15.4445   3.073122     2.2650     2.2589     0.0046  0.1264921  0.000e+00
        492      9.533    15.4455   3.073537     2.2625     2.2576     0.0046  0.1264921  0.000e+00
        493      9.426    15.4460   3.074040     2.2601     2.2552     0.0046  0.1264921  0.000e+00
        494      9.492    15.4442   3.073979     2.2601     2.2540     0.0046  0.1260037  0.000e+00
        495      9.368    15.4442   3.073178     2.2564     2.2527     0.0046  0.1264921  0.000e+00
        496      9.409    15.4464   3.072938     2.2540     2.2515     0.0046  0.1260037  0.000e+00
        497      9.368    15.4480   3.073257     2.2503     2.2491     0.0046  0.1264921  0.000e+00
        498      9.368    15.4615   3.074925     2.2491     2.2479     0.0046  0.1260037  0.000e+00
        499      9.343    15.4729   3.078127     2.2491     2.2466     0.0049  0.1352833  0.000e+00
        500      9.310    15.4743   3.080928     2.2454     2.2454     0.0053  0.1474933  0.000e+00
        501      9.244    15.4759   3.082077     2.2442     2.2442     0.0053  0.1509121  0.000e+00
        502      9.286    15.4818   3.083713     2.2406     2.2430     0.0055  0.1499353  0.000e+00
        503      9.244    15.4896   3.085215     2.2393     2.2418     0.0053  0.1494469  0.000e+00
        504      9.244    15.4913   3.086173     2.2381     2.2405     0.0053  0.1494469  0.000e+00
        505      9.219    15.4911   3.087104     2.2369     2.2381     0.0053  0.1494469  0.000e+00
        506      9.186    15.4901   3.087945     2.2344     2.2381     0.0053  0.1494469  0.000e+00
        507      9.120    15.4898   3.088461     2.2344     2.2356     0.0053  0.1494469  0.000e+00
        508      9.162    15.4881   3.088668     2.2332     2.2344     0.0053  0.1489585  0.000e+00
        509      9.063    15.4859   3.088298     2.2332     2.2332     0.0053  0.1494469  0.000e+00
        510      9.120    15.4823   3.087659     2.2308     2.2308     0.0053  0.1494469  0.000e+00
        511      9.104    15.4791   3.086695     2.2296     2.2295     0.0053  0.1494469  0.000e+00
        512      9.062    15.4764   3.085663     2.2308     2.2283     0.0053  0.1494469  0.000e+00
        513      9.005    15.4737   3.084879     2.2320     2.2271     0.0053  0.1494469  0.000e+00
        514      8.980    15.4688   3.083999     2.2320     2.2259     0.0053  0.1494469  0.000e+00
        515      9.062    15.4558   3.081836     2.2308     2.2247     0.0053  0.1494469  0.000e+00
        516      8.939    15.4443   3.078469     2.2308     2.2234     0.0053  0.1494469  0.000e+00
        517      8.939    15.4386   3.074785     2.2320     2.2222     0.0053  0.1494469  0.000e+00
        518      8.914    15.4336   3.071885     2.2357     2.2210     0.0053  0.1494469  0.000e+00
        519      8.881    15.4247   3.068931     2.2357     2.2210     0.0053  0.1494469  0.000e+00
        520      8.938    15.4152   3.065469     2.2357     2.2198     0.0053  0.1494469  0.000e+00
        521      8.790    15.4145   3.063093     2.2369     2.2198     0.0053  0.1494469  0.000e+00
        522      8.881    15.4160   3.063093     2.2393     2.2186     0.0053  0.1494469  0.000e+00
        523      8.815    15.4123   3.063317     2.2442     2.2186     0.0053  0.1494469  0.000e+00
        524      8.790    15.4061   3.062126     2.2442     2.2186     0.0053  0.1494469  0.000e+00
        525      8.757    15.4018   3.059963     2.2442     2.2210     0.0053  0.1509121  0.000e+00
        526      8.757    15.4020   3.058852     2.2467     2.2198     0.0051  0.1514005  0.000e+00
        527      8.674    15.4021   3.059164     2.2491     2.2210     0.0051  0.1514005  0.000e+00
        528      8.757    15.4027   3.059628     2.2540     2.2222     0.0051  0.1509121  0.000e+00
        529      8.633    15.4013   3.059662     2.2540     2.2234     0.0051  0.1514005  0.000e+00
        530      8.674    15.4062   3.059958     2.2552     2.2247     0.0051  0.1514005  0.000e+00
        531      8.633    15.4248   3.062143     2.2589     2.2259     0.0051  0.1514005  0.000e+00
        532      8.633    15.4479   3.067784     2.2638     2.2271     0.0051  0.1514005  0.000e+00
        533      8.550    15.4708   3.075630     2.2650     2.2295     0.0051  0.1514005  0.000e+00
        534      8.633    15.4898   3.082788     2.2662     2.2308     0.0051  0.1514005  0.000e+00
        535      8.509    15.5061   3.088337     2.2686     2.2332     0.0051  0.1514005  0.000e+00
        536      8.550    15.5273   3.092779     2.2711     2.2356     0.0051  0.1514005  0.000e+00
        537      8.509    15.5468   3.097679     2.2760     2.2381     0.0051  0.1514005  0.000e+00
        538      8.451    15.5574   3.102272     2.2784     2.2405     0.0051  0.1514005  0.000e+00
        539      8.484    15.5635   3.105390     2.2796     2.2430     0.0051  0.1514005  0.000e+00
        540      8.451    15.5688   3.107942     2.2833     2.2454     0.0051  0.1514005  0.000e+00
        541      8.385    15.5733   3.110010     2.2833     2.2491     0.0051  0.1514005  0.000e+00
        542      8.426    15.5754   3.111006     2.2882     2.2515     0.0051  0.1514005  0.000e+00
        543      8.327    15.5774   3.111399     2.2906     2.2540     0.0051  0.1514005  0.000e+00
        544      8.385    15.5799   3.111939     2.2931     2.2576     0.0051  0.1514005  0.000e+00
        545      8.302    15.5822   3.112484     2.2943     2.2613     0.0051  0.1514005  0.000e+00
        546      8.327    15.5817   3.113294     2.2967     2.2637     0.0051  0.1514005  0.000e+00
        547      8.269    15.5784   3.113441     2.3016     2.2662     0.0051  0.1514005  0.000e+00
        548      8.244    15.5749   3.113255     2.3028     2.2698     0.0051  0.1514005  0.000e+00
        549      8.269    15.5722   3.112845     2.3053     2.2735     0.0051  0.1514005  0.000e+00
        550      8.203    15.5697   3.112400     2.3065     2.2772     0.0051  0.1470049  0.000e+00
        551      8.244    15.5618   3.111928     2.3089     2.2808     0.0049  0.1406557  0.000e+00
        552      8.145    15.5533   3.110685     2.3126     2.2833     0.0049  0.1391905  0.000e+00
        553      8.145    15.5514   3.109403     2.3150     2.2857     0.0049  0.1391905  0.000e+00
        554      8.120    15.5528   3.109178     2.3175     2.2906     0.0049  0.1396789  0.000e+00
        555      8.145    15.5556   3.109679     2.3187     2.2930     0.0049  0.1396789  0.000e+00
        556      8.079    15.5581   3.110443     2.3224     2.2967     0.0049  0.1396789  0.000e+00
        557      8.054    15.5590   3.110848     2.3248     2.2991     0.0049  0.1396789  0.000e+00
        558      8.021    15.5595   3.110016     2.3248     2.3028     0.0049  0.1396789  0.000e+00
        559      8.021    15.5599   3.108796     2.3272     2.3065     0.0049  0.1396789  0.000e+00
        560      7.997    15.5600   3.107947     2.3285     2.3089     0.0049  0.1396789  0.000e+00
        561      8.021    15.5603   3.107211     2.3334     2.3114     0.0049  0.1396789  0.000e+00
        562      7.898    15.5602   3.106688     2.3370     2.3150     0.0049  0.1396789  0.000e+00
        563      7.939    15.5607   3.106334     2.3370     2.3175     0.0049  0.1396789  0.000e+00
        564      7.897    15.5608   3.106666     2.3382     2.3199     0.0049  0.1396789  0.000e+00
        565      7.897    15.5591   3.107228     2.3395     2.3223     0.0049  0.1396789  0.000e+00
        566      7.873    15.5543   3.107115     2.3443     2.3260     0.0049  0.1396789  0.000e+00
        567      7.840    15.5499   3.106126     2.3468     2.3285     0.0049  0.1396789  0.000e+00
        568      7.840    15.5473   3.104929     2.3468     2.3309     0.0049  0.1396789  0.000e+00
        569      7.815    15.5455   3.103834     2.3480     2.3321     0.0049  0.1396789  0.000e+00
        570      7.716    15.5436   3.102648     2.3517     2.3346     0.0049  0.1396789  0.000e+00
        571      7.773    15.5421   3.101031     2.3553     2.3370     0.0049  0.1396789  0.000e+00
        572      7.749    15.5401   3.099251     2.3566     2.3382     0.0049  0.1396789  0.000e+00
        573      7.716    15.5385   3.097347     2.3578     2.3407     0.0049  0.1396789  0.000e+00
        574      7.650    15.5372   3.095798     2.3590     2.3419     0.0049  0.1396789  0.000e+00
        575      7.691    15.5360   3.095119     2.3614     2.3443     0.0049  0.1391905  0.000e+00
        576      7.649    15.5358   3.094693     2.3651     2.3455     0.0049  0.1377253  0.000e+00
        577      7.625    15.5353   3.094014     2.3663     2.3480     0.0048  0.1362601  0.000e+00
        578      7.592    15.5356   3.092964     2.3663     2.3504     0.0048  0.1362601  0.000e+00
        579      7.592    15.5351   3.092128     2.3675     2.3504     0.0048  0.1367485  0.000e+00
        580      7.567    15.5356   3.091539     2.3712     2.3517     0.0048  0.1367485  0.000e+00
        581      7.468    15.5362   3.091382     2.3724     2.3529     0.0048  0.1367485  0.000e+00
        582      7.534    15.5372   3.091371     2.3736     2.3541     0.0048  0.1367485  0.000e+00
        583      7.509    15.5369   3.091438     2.3736     2.3553     0.0048  0.1367485  0.000e+00
        584      7.468    15.5338   3.090967     2.3749     2.3565     0.0048  0.1367485  0.000e+00
        585      7.410    15.5268   3.089228     2.3773     2.3578     0.0048  0.1367485  0.000e+00
        586      7.443    15.5163   3.085584     2.3785     2.3578     0.0048  0.1367485  0.000e+00
        587      7.410    15.5088   3.081639     2.3785     2.3590     0.0048  0.1367485  0.000e+00
        588      7.344    15.5030   3.078888     2.3785     2.3602     0.0048  0.1362601  0.000e+00
        589      7.385    15.4901   3.076150     2.3798     2.3614     0.0048  0.1362601  0.000e+00
        590      7.286    15.4737   3.070553     2.3834     2.3626     0.0046  0.1362601  0.000e+00
        591      7.344    15.4606   3.062707     2.3834     2.3639     0.0048  0.1367485  0.000e+00
        592      7.261    15.4611   3.056761     2.3810     2.3639     0.0048  0.1367485  0.000e+00
        593      7.286    15.4621   3.054940     2.3822     2.3651     0.0048  0.1367485  0.000e+00
        594      7.220    15.4582   3.055370     2.3834     2.3651     0.0048  0.1367485  0.000e+00
        595      7.203    15.4535   3.054499     2.3859     2.3663     0.0048  0.1367485  0.000e+00
        596      7.220    15.4501   3.052232     2.3846     2.3663     0.0048  0.1367485  0.000e+00
        597      7.203    15.4448   3.049235     2.3859     2.3675     0.0048  0.1367485  0.000e+00
        598      7.162    15.4379   3.046390     2.3859     2.3687     0.0048  0.1367485  0.000e+00
        599      7.104    15.4296   3.044036     2.3859     2.3687     0.0048  0.1367485  0.000e+00
        600      7.137    15.4228   3.042017     2.3871     2.3700     0.0048  0.1367485  0.000e+00
        601      7.038    15.4206   3.040183     2.3859     2.3700     0.0049  0.1416325  0.000e+00
        602      7.104    15.4189   3.039208     2.3859     2.3712     0.0051  0.1484701  0.000e+00
        603      7.013    15.4188   3.038946     2.3859     2.3712     0.0051  0.1504237  0.000e+00
        604      7.038    15.4198   3.038684     2.3871     2.3712     0.0051  0.1504237  0.000e+00
        605      6.980    15.4201   3.037553     2.3883     2.3724     0.0051  0.1499353  0.000e+00
        606      7.013    15.4199   3.036171     2.3871     2.3712     0.0051  0.1499353  0.000e+00
        607      6.980    15.4203   3.035892     2.3859     2.3736     0.0051  0.1499353  0.000e+00
        608      6.914    15.4199   3.036488     2.3859     2.3736     0.0051  0.1499353  0.000e+00
        609      6.889    15.4194   3.037307     2.3883     2.3736     0.0051  0.1499353  0.000e+00
        610      6.914    15.4194   3.037998     2.3883     2.3749     0.0051  0.1499353  0.000e+00
        611      6.831    15.4199   3.038584     2.3871     2.3736     0.0051  0.1499353  0.000e+00
        612      6.856    15.4213   3.039414     2.3871     2.3749     0.0051  0.1499353  0.000e+00
        613      6.798    15.4230   3.040222     2.3871     2.3761     0.0051  0.1499353  0.000e+00
        614      6.831    15.4244   3.040367     2.3883     2.3761     0.0051  0.1499353  0.000e+00
        615      6.798    15.4245   3.039882     2.3883     2.3761     0.0051  0.1499353  0.000e+00
        616      6.732    15.4218   3.039247     2.3871     2.3773     0.0051  0.1499353  0.000e+00
        617      6.707    15.4154   3.037837     2.3871     2.3773     0.0051  0.1499353  0.000e+00
        618      6.732    15.4076   3.034979     2.3871     2.3785     0.0051  0.1499353  0.000e+00
        619      6.674    15.4043   3.031425     2.3895     2.3785     0.0051  0.1499353  0.000e+00
        620      6.707    15.4023   3.028352     2.3883     2.3785     0.0051  0.1499353  0.000e+00
        621      6.608    15.3991   3.025998     2.3871     2.3797     0.0051  0.1499353  0.000e+00
        622      6.649    15.3949   3.023873     2.3883     2.3797     0.0051  0.1499353  0.000e+00
        623      6.608    15.3910   3.021887     2.3907     2.3797     0.0051  0.1499353  0.000e+00
        624      6.608    15.3871   3.020080     2.3907     2.3810     0.0051  0.1499353  0.000e+00
        625      6.526    15.3849   3.018885     2.3907     2.3810     0.0051  0.1499353  0.000e+00
        626      6.550    15.3827   3.017856     2.3895     2.3822     0.0051  0.1509121  0.000e+00
        627      6.484    15.3820   3.016922     2.3907     2.3822     0.0053  0.1611685  0.000e+00
        628      6.526    15.3807   3.015928     2.3907     2.3834     0.0053  0.1670293  0.000e+00
        629      6.369    15.3790   3.014972     2.3920     2.3834     0.0053  0.1675177  0.000e+00
        630      6.525    15.3759   3.013666     2.3907     2.3846     0.0053  0.1670293  0.000e+00
        631      6.426    15.3727   3.012260     2.3907     2.3858     0.0053  0.1670293  0.000e+00
        632      6.426    15.3709   3.010661     2.3907     2.3858     0.0053  0.1665409  0.000e+00
        633      6.402    15.3719   3.009906     2.3932     2.3871     0.0053  0.1665409  0.000e+00
        634      6.369    15.3742   3.010616     2.3956     2.3871     0.0053  0.1670293  0.000e+00
        635      6.303    15.3808   3.012649     2.3932     2.3883     0.0053  0.1670293  0.000e+00
        636      6.344    15.3912   3.016116     2.3932     2.3895     0.0053  0.1670293  0.000e+00
        637      6.302    15.3944   3.019635     2.3956     2.3907     0.0053  0.1670293  0.000e+00
        638      6.278    15.3925   3.021982     2.3968     2.3919     0.0053  0.1670293  0.000e+00
        639      6.245    15.3917   3.023472     2.3968     2.3932     0.0053  0.1670293  0.000e+00
        640      6.245    15.3920   3.024056     2.3968     2.3944     0.0053  0.1665409  0.000e+00
