data/2021/ctd_data_day2/station1_ctm_fil.cnv
* Sea-Bird SBE 9 Data File:
* FileName = C:\Users\CTD-User\Desktop\MAR440\day2\station1.hex
* Software Version Seasave V 7.26.2.13
* Temperature SN = 6313
* Conductivity SN = 4758
* Number of Bytes Per Scan = 37
* Number of Voltage Words = 4
* Number of Scans Averaged by the Deck Unit = 1
* NMEA Latitude = 58 20.54 N
* NMEA Longitude = 011 54.21 E
* NMEA UTC (Time) = Sep 22 2021 08:39:44
* NMEA baud rate = 4800
** Ship: Skagerak
** Station: 1
** Operator: JD
# nquan = 9
# nvalues = 2892                        
# units = specified
# name 0 = scan: Scan Count
# name 1 = prDM: Pressure, Digiquartz [db]
# name 2 = t090C: Temperature [ITS-90, deg C]
# name 3 = c0S/m: Conductivity [S/m]
# name 4 = sbeox0V: Oxygen raw, SBE 43 [V]
# name 5 = sbeox1V: Oxygen raw, SBE 43, 2 [V]
# name 6 = flECO-AFL: Fluorescence, WET Labs ECO-AFL/FL [mg/m^3]
# name 7 = upoly0: Upoly 0, Turbidity
# name 8 = flag:  0.000e+00
# span 0 =          1,       2892       
# span 1 =      0.662,     14.120       
# span 2 =    12.5087,    16.0451       
# span 3 =   2.902689,   3.378989       
# span 4 =     1.6507,     2.8491       
# span 5 =     1.6122,     2.7286       
# span 6 =     0.0046,     0.0064       
# span 7 =  0.0929525,  0.1908770       
# span 8 = 0.0000e+00, 0.0000e+00       
# interval = seconds: 0.0416667
# start_time = Sep 22 2021 08:39:44 [NMEA time, header]
# bad_flag = -9.990e-29
*END*
[from data line 2081]
       2082      0.703    14.9288   2.902857     2.7979     2.7278     0.0051  0.1831810 0.0000e+00
       2083      0.703    14.9290   2.902879     2.7988     2.7280     0.0051  0.1833175 0.0000e+00
       2084      0.704    14.9293   2.902899     2.7996     2.7282     0.0053  0.1834544 0.0000e+00
       2085      0.705    14.9296   2.902922     2.8004     2.7283     0.0053  0.1835799 0.0000e+00
       2086      0.705    14.9301   2.902951     2.8012     2.7285     0.0053  0.1836863 0.0000e+00
       2087      0.706    14.9305   2.902984     2.8021     2.7285     0.0053  0.1837726 0.0000e+00
       2088      0.707    14.9310   2.903017     2.8029     2.7286     0.0053  0.1838395 0.0000e+00
       2089      0.708    14.9315   2.903046     2.8037     2.7286     0.0053  0.1838875 0.0000e+00
       2090      0.709    14.9318   2.903066     2.8045     2.7285     0.0053  0.1839168 0.0000e+00
       2091      0.710    14.9320   2.903072     2.8054     2.7285     0.0053  0.1839277 0.0000e+00
       2092      0.711    14.9320   2.903058     2.8062     2.7284     0.0053  0.1839203 0.0000e+00
       2093      0.713    14.9318   2.903025     2.8070     2.7282     0.0053  0.1838944 0.0000e+00
       2094      0.714    14.9316   2.902978     2.8078     2.7280     0.0053  0.1838500 0.0000e+00
       2095      0.716    14.9314   2.902930     2.8086     2.7278     0.0053  0.1837867 0.0000e+00
       2096      0.718    14.9312   2.902889     2.8094     2.7275     0.0053  0.1837040 0.0000e+00
       2097      0.721    14.9311   2.902867     2.8102     2.7272     0.0053  0.1836015 0.0000e+00
       2098      0.723    14.9312   2.902877     2.8110     2.7269     0.0053  0.1834783 0.0000e+00
       2099      0.726    14.9317   2.902939     2.8119     2.7265     0.0053  0.1833337 0.0000e+00
       2100      0.729    14.9325   2.903072     2.8127     2.7261     0.0053  0.1831666 0.0000e+00
       2101      0.733    14.9338   2.903286     2.8135     2.7257     0.0053  0.1829758 0.0000e+00
       2102      0.736    14.9356   2.903582     2.8142     2.7252     0.0053  0.1827600 0.0000e+00
       2103      0.740    14.9379   2.903955     2.8150     2.7247     0.0053  0.1825178 0.0000e+00
       2104      0.744    14.9406   2.904398     2.8158     2.7242     0.0053  0.1822475 0.0000e+00
       2105      0.749    14.9435   2.904902     2.8165     2.7236     0.0053  0.1819471 0.0000e+00
       2106      0.754    14.9467   2.905464     2.8173     2.7230     0.0053  0.1816146 0.0000e+00
       2107      0.758    14.9500   2.906080     2.8180     2.7224     0.0053  0.1812476 0.0000e+00
       2108      0.763    14.9536   2.906752     2.8188     2.7218     0.0053  0.1808436 0.0000e+00
       2109      0.768    14.9574   2.907478     2.8195     2.7211     0.0051  0.1804101 0.0000e+00
       2110      0.773    14.9614   2.908257     2.8202     2.7204     0.0049  0.1799727 0.0000e+00
       2111      0.779    14.9657   2.909086     2.8210     2.7197     0.0049  0.1795584 0.0000e+00
       2112      0.784    14.9701   2.909964     2.8217     2.7190     0.0049  0.1791768 0.0000e+00
       2113      0.789    14.9747   2.910890     2.8224     2.7183     0.0049  0.1788262 0.0000e+00
       2114      0.795    14.9795   2.911858     2.8231     2.7176     0.0049  0.1785033 0.0000e+00
       2115      0.801    14.9843   2.912853     2.8238     2.7168     0.0049  0.1782059 0.0000e+00
       2116      0.807    14.9893   2.913857     2.8245     2.7161     0.0049  0.1779319 0.0000e+00
       2117      0.814    14.9944   2.914863     2.8252     2.7153     0.0049  0.1776793 0.0000e+00
       2118      0.820    14.9995   2.915868     2.8258     2.7145     0.0049  0.1774465 0.0000e+00
       2119      0.827    15.0047   2.916869     2.8265     2.7137     0.0049  0.1772318 0.0000e+00
       2120      0.835    15.0098   2.917869     2.8271     2.7130     0.0049  0.1770336 0.0000e+00
       2121      0.843    15.0150   2.918868     2.8277     2.7122     0.0049  0.1768508 0.0000e+00
       2122      0.851    15.0201   2.919860     2.8284     2.7114     0.0049  0.1766819 0.0000e+00
       2123      0.860    15.0251   2.920834     2.8290     2.7107     0.0049  0.1765249 0.0000e+00
       2124      0.869    15.0299   2.921777     2.8296     2.7099     0.0049  0.1763779 0.0000e+00
       2125      0.878    15.0344   2.922674     2.8302     2.7092     0.0049  0.1762408 0.0000e+00
       2126      0.889    15.0386   2.923516     2.8308     2.7084     0.0049  0.1761133 0.0000e+00
       2127      0.900    15.0424   2.924302     2.8314     2.7077     0.0049  0.1759947 0.0000e+00
       2128      0.912    15.0459   2.925036     2.8320     2.7070     0.0049  0.1758841 0.0000e+00
       2129      0.924    15.0491   2.925723     2.8326     2.7063     0.0049  0.1757799 0.0000e+00
       2130      0.937    15.0521   2.926371     2.8332     2.7056     0.0049  0.1756797 0.0000e+00
       2131      0.950    15.0549   2.926990     2.8338     2.7049     0.0049  0.1755827 0.0000e+00
       2132      0.963    15.0576   2.927595     2.8344     2.7042     0.0049  0.1754900 0.0000e+00
       2133      0.977    15.0604   2.928194     2.8349     2.7035     0.0049  0.1754018 0.0000e+00
       2134      0.991    15.0631   2.928793     2.8355     2.7029     0.0051  0.1753175 0.0000e+00
       2135      1.005    15.0660   2.929404     2.8361     2.7022     0.0053  0.1752391 0.0000e+00
       2136      1.020    15.0690   2.930036     2.8366     2.7016     0.0055  0.1751718 0.0000e+00
       2137      1.034    15.0722   2.930693     2.8372     2.7010     0.0055  0.1751197 0.0000e+00
       2138      1.049    15.0754   2.931372     2.8378     2.7004     0.0055  0.1750830 0.0000e+00
       2139      1.063    15.0786   2.932065     2.8383     2.6998     0.0055  0.1750615 0.0000e+00
       2140      1.078    15.0819   2.932767     2.8388     2.6992     0.0055  0.1750544 0.0000e+00
       2141      1.092    15.0852   2.933477     2.8393     2.6986     0.0055  0.1750605 0.0000e+00
       2142      1.106    15.0885   2.934197     2.8398     2.6981     0.0055  0.1750801 0.0000e+00
       2143      1.121    15.0920   2.934932     2.8403     2.6975     0.0055  0.1751133 0.0000e+00
       2144      1.135    15.0955   2.935694     2.8408     2.6970     0.0053  0.1751610 0.0000e+00
       2145      1.149    15.0993   2.936492     2.8413     2.6965     0.0055  0.1752245 0.0000e+00
       2146      1.163    15.1032   2.937334     2.8418     2.6960     0.0055  0.1753043 0.0000e+00
       2147      1.177    15.1073   2.938221     2.8423     2.6955     0.0055  0.1754000 0.0000e+00
       2148      1.191    15.1116   2.939149     2.8427     2.6950     0.0055  0.1755115 0.0000e+00
       2149      1.205    15.1161   2.940116     2.8432     2.6945     0.0055  0.1756404 0.0000e+00
       2150      1.219    15.1208   2.941118     2.8436     2.6941     0.0055  0.1757884 0.0000e+00
       2151      1.234    15.1256   2.942148     2.8441     2.6937     0.0055  0.1759565 0.0000e+00
       2152      1.248    15.1304   2.943180     2.8445     2.6932     0.0055  0.1761460 0.0000e+00
       2153      1.263    15.1351   2.944182     2.8449     2.6928     0.0055  0.1763582 0.0000e+00
       2154      1.278    15.1395   2.945125     2.8453     2.6925     0.0055  0.1765936 0.0000e+00
       2155      1.293    15.1435   2.945988     2.8456     2.6921     0.0055  0.1768522 0.0000e+00
       2156      1.308    15.1473   2.946763     2.8460     2.6918     0.0055  0.1771350 0.0000e+00
       2157      1.324    15.1507   2.947449     2.8463     2.6915     0.0055  0.1774448 0.0000e+00
       2158      1.339    15.1538   2.948049     2.8466     2.6912     0.0053  0.1777854 0.0000e+00
       2159      1.354    15.1564   2.948562     2.8469     2.6909     0.0055  0.1781592 0.0000e+00
       2160      1.370    15.1588   2.948992     2.8472     2.6907     0.0055  0.1785587 0.0000e+00
       2161      1.386    15.1607   2.949344     2.8475     2.6905     0.0057  0.1789610 0.0000e+00
       2162      1.401    15.1623   2.949625     2.8477     2.6903     0.0057  0.1793436 0.0000e+00
       2163      1.417    15.1637   2.949847     2.8479     2.6901     0.0057  0.1796989 0.0000e+00
       2164      1.433    15.1649   2.950019     2.8481     2.6899     0.0057  0.1800293 0.0000e+00
       2165      1.448    15.1659   2.950151     2.8483     2.6898     0.0057  0.1803380 0.0000e+00
       2166      1.464    15.1667   2.950247     2.8485     2.6897     0.0057  0.1806272 0.0000e+00
       2167      1.479    15.1673   2.950307     2.8486     2.6896     0.0057  0.1808989 0.0000e+00
       2168      1.495    15.1677   2.950325     2.8487     2.6895     0.0057  0.1811550 0.0000e+00
       2169      1.510    15.1678   2.950298     2.8488     2.6894     0.0057  0.1813972 0.0000e+00
       2170      1.526    15.1677   2.950226     2.8489     2.6894     0.0057  0.1816272 0.0000e+00
       2171      1.541    15.1674   2.950108     2.8490     2.6894     0.0057  0.1818467 0.0000e+00
       2172      1.557    15.1667   2.949942     2.8490     2.6894     0.0057  0.1820571 0.0000e+00
       2173      1.572    15.1658   2.949724     2.8491     2.6894     0.0057  0.1822599 0.0000e+00
       2174      1.588    15.1646   2.949452     2.8491     2.6894     0.0057  0.1824566 0.0000e+00
       2175      1.603    15.1632   2.949129     2.8491     2.6894     0.0057  0.1826484 0.0000e+00
       2176      1.618    15.1615   2.948759     2.8491     2.6895     0.0057  0.1828369 0.0000e+00
       2177      1.633    15.1597   2.948356     2.8490     2.6895     0.0057  0.1830231 0.0000e+00
       2178      1.649    15.1579   2.947939     2.8490     2.6896     0.0057  0.1832085 0.0000e+00
       2179      1.664    15.1562   2.947524     2.8489     2.6897     0.0057  0.1833943 0.0000e+00
       2180      1.679    15.1546   2.947124     2.8488     2.6897     0.0057  0.1835819 0.0000e+00
       2181      1.695    15.1531   2.946744     2.8487     2.6898     0.0055  0.1837724 0.0000e+00
       2182      1.710    15.1517   2.946385     2.8486     2.6898     0.0057  0.1839674 0.0000e+00
       2183      1.726    15.1504   2.946049     2.8484     2.6899     0.0057  0.1841689 0.0000e+00
       2184      1.741    15.1492   2.945733     2.8483     2.6900     0.0057  0.1843792 0.0000e+00
       2185      1.756    15.1480   2.945436     2.8481     2.6900     0.0057  0.1845980 0.0000e+00
       2186      1.772    15.1470   2.945156     2.8479     2.6901     0.0055  0.1848194 0.0000e+00
       2187      1.787    15.1460   2.944892     2.8477     2.6902     0.0055  0.1850319 0.0000e+00
       2188      1.803    15.1451   2.944643     2.8475     2.6902     0.0055  0.1852288 0.0000e+00
       2189      1.819    15.1443   2.944414     2.8473     2.6903     0.0055  0.1854095 0.0000e+00
       2190      1.834    15.1436   2.944211     2.8470     2.6903     0.0055  0.1855754 0.0000e+00
       2191      1.850    15.1430   2.944042     2.8468     2.6904     0.0055  0.1857276 0.0000e+00
       2192      1.865    15.1426   2.943913     2.8465     2.6904     0.0055  0.1858680 0.0000e+00
       2193      1.881    15.1423   2.943823     2.8461     2.6904     0.0055  0.1859985 0.0000e+00
       2194      1.896    15.1421   2.943772     2.8458     2.6905     0.0055  0.1861191 0.0000e+00
       2195      1.912    15.1420   2.943748     2.8455     2.6905     0.0055  0.1862298 0.0000e+00
       2196      1.927    15.1418   2.943738     2.8451     2.6905     0.0055  0.1863314 0.0000e+00
       2197      1.942    15.1415   2.943725     2.8447     2.6905     0.0055  0.1864245 0.0000e+00
       2198      1.958    15.1411   2.943699     2.8443     2.6905     0.0055  0.1865099 0.0000e+00
       2199      1.974    15.1405   2.943654     2.8438     2.6905     0.0055  0.1865881 0.0000e+00
       2200      1.989    15.1398   2.943590     2.8434     2.6905     0.0055  0.1866597 0.0000e+00
       2201      2.004    15.1391   2.943516     2.8429     2.6905     0.0055  0.1867251 0.0000e+00
       2202      2.020    15.1385   2.943438     2.8424     2.6905     0.0055  0.1867848 0.0000e+00
       2203      2.035    15.1377   2.943356     2.8419     2.6905     0.0055  0.1868393 0.0000e+00
       2204      2.051    15.1370   2.943267     2.8414     2.6905     0.0055  0.1868889 0.0000e+00
       2205      2.066    15.1361   2.943163     2.8409     2.6904     0.0055  0.1869339 0.0000e+00
       2206      2.081    15.1352   2.943041     2.8403     2.6904     0.0055  0.1869747 0.0000e+00
       2207      2.097    15.1343   2.942907     2.8398     2.6904     0.0055  0.1870116 0.0000e+00
       2208      2.112    15.1336   2.942777     2.8392     2.6904     0.0055  0.1870447 0.0000e+00
       2209      2.127    15.1332   2.942673     2.8386     2.6903     0.0055  0.1870744 0.0000e+00
       2210      2.143    15.1331   2.942609     2.8380     2.6903     0.0055  0.1871009 0.0000e+00
       2211      2.158    15.1333   2.942591     2.8374     2.6903     0.0055  0.1871243 0.0000e+00
       2212      2.174    15.1337   2.942618     2.8368     2.6903     0.0055  0.1871447 0.0000e+00
       2213      2.189    15.1344   2.942689     2.8362     2.6903     0.0057  0.1871624 0.0000e+00
       2214      2.205    15.1354   2.942810     2.8356     2.6903     0.0057  0.1871775 0.0000e+00
       2215      2.221    15.1366   2.942986     2.8350     2.6903     0.0057  0.1871900 0.0000e+00
       2216      2.237    15.1382   2.943220     2.8343     2.6903     0.0057  0.1872001 0.0000e+00
       2217      2.252    15.1401   2.943513     2.8337     2.6903     0.0057  0.1872078 0.0000e+00
       2218      2.268    15.1423   2.943865     2.8331     2.6903     0.0057  0.1872132 0.0000e+00
       2219      2.284    15.1447   2.944272     2.8325     2.6903     0.0057  0.1872163 0.0000e+00
       2220      2.300    15.1473   2.944732     2.8319     2.6903     0.0057  0.1872171 0.0000e+00
       2221      2.316    15.1501   2.945240     2.8314     2.6904     0.0055  0.1872157 0.0000e+00
       2222      2.331    15.1531   2.945794     2.8308     2.6904     0.0057  0.1872120 0.0000e+00
       2223      2.347    15.1563   2.946388     2.8302     2.6904     0.0057  0.1872060 0.0000e+00
       2224      2.363    15.1596   2.947013     2.8296     2.6904     0.0057  0.1871976 0.0000e+00
       2225      2.379    15.1629   2.947663     2.8291     2.6905     0.0057  0.1871869 0.0000e+00
       2226      2.395    15.1663   2.948334     2.8285     2.6905     0.0057  0.1871737 0.0000e+00
       2227      2.410    15.1698   2.949027     2.8280     2.6905     0.0057  0.1871579 0.0000e+00
       2228      2.426    15.1733   2.949737     2.8274     2.6906     0.0057  0.1871395 0.0000e+00
       2229      2.442    15.1768   2.950458     2.8269     2.6906     0.0057  0.1871182 0.0000e+00
       2230      2.458    15.1802   2.951177     2.8264     2.6906     0.0055  0.1870940 0.0000e+00
       2231      2.474    15.1835   2.951881     2.8259     2.6907     0.0057  0.1870667 0.0000e+00
       2232      2.491    15.1867   2.952559     2.8254     2.6907     0.0057  0.1870361 0.0000e+00
       2233      2.507    15.1896   2.953208     2.8249     2.6908     0.0057  0.1870019 0.0000e+00
       2234      2.523    15.1925   2.953826     2.8244     2.6908     0.0057  0.1869640 0.0000e+00
       2235      2.539    15.1952   2.954414     2.8239     2.6909     0.0057  0.1869221 0.0000e+00
       2236      2.555    15.1978   2.954976     2.8234     2.6910     0.0057  0.1868767 0.0000e+00
       2237      2.571    15.2002   2.955512     2.8230     2.6911     0.0055  0.1868301 0.0000e+00
       2238      2.587    15.2026   2.956024     2.8226     2.6912     0.0055  0.1867845 0.0000e+00
       2239      2.603    15.2047   2.956510     2.8221     2.6912     0.0055  0.1867404 0.0000e+00
       2240      2.619    15.2068   2.956968     2.8217     2.6913     0.0055  0.1866975 0.0000e+00
