data/2021/ctd_data_day2/station3_ctm_fil_le_der_avg.cnv
* Sea-Bird SBE 9 Data File:
* FileName = C:\Users\CTD-User\Desktop\MAR440\day2\station3.hex
* Software Version Seasave V 7.26.2.13
* Temperature SN = 6313
* Conductivity SN = 4758
* Number of Bytes Per Scan = 37
* Number of Voltage Words = 4
* Number of Scans Averaged by the Deck Unit = 1
* NMEA Latitude = 58 19.70 N
* NMEA Longitude = 011 51.29 E
* NMEA UTC (Time) = Sep 22 2021 09:36:18
* NMEA baud rate = 4800
** Ship: Skagerrak
** Station: station3
** Operator: group2purple
# nquan = 13
# nvalues = 16                          
# units = specified
# name 0 = scan: Scan Count
# name 1 = prDM: Pressure, Digiquartz [db]
# name 2 = t090C: Temperature [ITS-90, deg C]
# name 3 = c0S/m: Conductivity [S/m]
# name 4 = sbeox0V: Oxygen raw, SBE 43 [V]
# name 5 = sbeox1V: Oxygen raw, SBE 43, 2 [V]
# name 6 = flECO-AFL: Fluorescence, WET Labs ECO-AFL/FL [mg/m^3]
# name 7 = upoly0: Upoly 0, Turbidity
# name 8 = depSM: Depth [salt water, m], lat = 58.3283
# name 9 = sal00: Salinity, Practical [PSU]
# name 10 = sbeox0ML/L: Oxygen, SBE 43 [ml/l], WS = 2
# name 11 = sbeox1ML/L: Oxygen, SBE 43, 2 [ml/l], WS = 2
# name 12 = flag: flag
# span 0 =         84,       3247       
# span 1 =      2.019,     17.160       
# span 2 =    10.4949,    16.1521       
# span 3 =   2.949783,   3.461454       
# span 4 =     1.0197,     2.7347       
# span 5 =     1.0612,     2.7314       
# span 6 =     0.0038,     0.0060       
# span 7 =  0.0887614,  0.1916128       
# span 8 =      2.000,     17.000       
# span 9 =    22.9762,    30.3796       
# span 10 =     1.3299,     6.6205      
# span 11 =     1.3636,     5.7521      
# span 12 = 0.0000e+00, 0.0000e+00      
# interval = meters: 1                  
# start_time = Sep 22 2021 09:36:18 [NMEA time, header]
# bad_flag = -9.990e-29
*END*
         84      2.019    15.1894   2.949783     2.7292     2.7314     0.0060  0.1916128      2.000    22.9762     6.6205     5.7521 0.0000e+00
        131      3.028    15.3310   2.982942     2.7347     2.7196     0.0056  0.1758021      3.000    23.1771     6.5393     5.6361 0.0000e+00
        178      4.038    15.3888   2.995457     2.7153     2.6783     0.0050  0.1655081      4.000    23.2499     6.4231     5.4903 0.0000e+00
        226      5.047    15.5973   3.028654     2.6929     2.6433     0.0051  0.1593865      5.000    23.4099     6.3461     5.4173 0.0000e+00
        274      6.056    15.6466   3.044960     2.6751     2.6181     0.0047  0.1380603      6.000    23.5194     6.2403     5.3086 0.0000e+00
        319      7.066    16.0590   3.136237     2.6337     2.5777     0.0049  0.1154434      7.000    24.0470     6.0323     5.1640 0.0000e+00
        364      8.075    16.1521   3.178217     2.5760     2.5156     0.0049  0.1122031      8.000    24.3458     5.6646     4.8212 0.0000e+00
        408      9.085    16.1050   3.206267     2.4543     2.3973     0.0042  0.1079224      9.000    24.6119     5.2858     4.5472 0.0000e+00
        496     10.094    15.8948   3.274062     2.3570     2.3140     0.0038  0.0986281     10.000    25.3218     5.0661     4.3868 0.0000e+00
       2839     11.103    15.2284   3.361678     2.2361     2.2024     0.0042  0.0936710     11.000    26.5153     4.5073     3.9277 0.0000e+00
       2887     12.113    14.4759   3.400707     2.0247     1.9956     0.0044  0.0918672     12.000    27.3778     3.7351     3.3053 0.0000e+00
       2936     13.122    13.5848   3.402118     1.7661     1.7507     0.0043  0.0910252     13.000    28.0304     2.9894     2.7131 0.0000e+00
       3004     14.132    12.7898   3.416015     1.4667     1.4720     0.0040  0.0907142     14.000    28.7515     2.3321     2.1913 0.0000e+00
       3084     15.141    12.2021   3.461454     1.2478     1.2700     0.0038  0.0895129     15.000    29.6335     1.8997     1.8390 0.0000e+00
       3167     16.151    11.5303   3.458653     1.1180     1.1545     0.0038  0.0887614     16.000    30.1449     1.6578     1.6574 0.0000e+00
       3247     17.160    10.4949   3.395727     1.0197     1.0612     0.0043  0.0892171     17.000    30.3796     1.3299     1.3636 0.0000e+00
