data/2021/ctd_data_day2/station1_ctm_fil_le_der.cnv
* Sea-Bird SBE 9 Data File:
* FileName = C:\Users\CTD-User\Desktop\MAR440\day2\station1.hex
* Software Version Seasave V 7.26.2.13
* Temperature SN = 6313
* Conductivity SN = 4758
* Number of Bytes Per Scan = 37
* Number of Voltage Words = 4
* Number of Scans Averaged by the Deck Unit = 1
* NMEA Latitude = 58 20.54 N
* NMEA Longitude = 011 54.21 E
* NMEA UTC (Time) = Sep 22 2021 08:39:44
* NMEA baud rate = 4800
** Ship: Skagerak
** Station: 1
** Operator: JD
# nquan = 13                                
# nvalues = 2892                        
# units = specified
# name 0 = scan: Scan Count
# name 1 = prDM: Pressure, Digiquartz [db]
# name 2 = t090C: Temperature [ITS-90, deg C]
# name 3 = c0S/m: Conductivity [S/m]
# name 4 = sbeox0V: Oxygen raw, SBE 43 [V]
# name 5 = sbeox1V: Oxygen raw, SBE 43, 2 [V]
# name 6 = flECO-AFL: Fluorescence, WET Labs ECO-AFL/FL [mg/m^3]
# name 7 = upoly0: Upoly 0, Turbidity
# name 8 = depSM: Depth [salt water, m], lat = 58.3423
# name 9 = sal00: Salinity, Practical [PSU]
# name 10 = sbeox0ML/L: Oxygen, SBE 43 [ml/l], WS = 2
# name 11 = sbeox1ML/L: Oxygen, SBE 43, 2 [ml/l], WS = 2
# name 12 = flag: flag
# span 0 =          1,       2892       
# span 1 =      0.662,     14.120       
# span 2 =    12.5087,    16.0451       
# span 3 =   2.902689,   3.378989       
# span 4 =     1.6507,     2.8491       
# span 5 =     1.6122,     2.7286       
# span 6 =     0.0046,     0.0064       
# span 7 =  0.0929525,  0.1908770       
# span 8 =      0.656,     13.988       
# span 9 =    22.7122,    28.6172       
# span 10 =     3.0032,     6.9789      
# span 11 =     2.6272,     5.8483      
# span 12 = 0.0000e+00, 0.0000e+00      
# interval = seconds: 0.0416667
# start_time = Sep 22 2021 08:39:44 [NMEA time, header]
# bad_flag = -9.990e-29
*END*
[from data line 2556]
       2557      7.876    15.9527   3.139725     2.5613     2.4754     0.0051  0.1289819      7.803    24.1410     5.6956     4.7853 0.0000e+00
       2558      7.894    15.9535   3.140572     2.5594     2.4734     0.0051  0.1288630      7.820    24.1477     5.6923     4.7817 0.0000e+00
       2559      7.912    15.9543   3.141414     2.5575     2.4715     0.0051  0.1287436      7.838    24.1543     5.6889     4.7784 0.0000e+00
       2560      7.930    15.9552   3.142249     2.5557     2.4695     0.0051  0.1286228      7.856    24.1609     5.6858     4.7747 0.0000e+00
       2561      7.948    15.9560   3.143072     2.5538     2.4676     0.0051  0.1284990      7.874    24.1674     5.6823     4.7713 0.0000e+00
       2562      7.966    15.9569   3.143881     2.5520     2.4656     0.0051  0.1283706      7.892    24.1737     5.6791     4.7675 0.0000e+00
       2563      7.984    15.9578   3.144677     2.5502     2.4637     0.0051  0.1282365      7.910    24.1799     5.6758     4.7639 0.0000e+00
       2564      8.002    15.9587   3.145457     2.5484     2.4618     0.0051  0.1280958      7.927    24.1860     5.6725     4.7603 0.0000e+00
       2565      8.021    15.9596   3.146222     2.5467     2.4599     0.0051  0.1279485      7.946    24.1919     5.6694     4.7567 0.0000e+00
       2566      8.039    15.9606   3.146974     2.5449     2.4580     0.0051  0.1277943      7.964    24.1977     5.6660     4.7530 0.0000e+00
       2567      8.058    15.9617   3.147716     2.5432     2.4562     0.0051  0.1276322      7.983    24.2033     5.6627     4.7494 0.0000e+00
       2568      8.077    15.9629   3.148447     2.5415     2.4543     0.0051  0.1274618      8.002    24.2088     5.6594     4.7456 0.0000e+00
       2569      8.096    15.9641   3.149167     2.5398     2.4524     0.0051  0.1272872      8.021    24.2141     5.6561     4.7418 0.0000e+00
       2570      8.115    15.9655   3.149874     2.5382     2.4506     0.0051  0.1271147      8.039    24.2193     5.6529     4.7381 0.0000e+00
       2571      8.134    15.9670   3.150569     2.5365     2.4488     0.0051  0.1269474      8.058    24.2243     5.6494     4.7344 0.0000e+00
       2572      8.153    15.9685   3.151254     2.5349     2.4469     0.0051  0.1267850      8.077    24.2292     5.6461     4.7304 0.0000e+00
       2573      8.173    15.9702   3.151929     2.5332     2.4451     0.0051  0.1266254      8.097    24.2338     5.6424     4.7266 0.0000e+00
       2574      8.192    15.9720   3.152594     2.5316     2.4433     0.0051  0.1264668      8.116    24.2384     5.6389     4.7227 0.0000e+00
       2575      8.211    15.9738   3.153250     2.5301     2.4415     0.0051  0.1263080      8.135    24.2428     5.6356     4.7189 0.0000e+00
       2576      8.231    15.9756   3.153894     2.5285     2.4397     0.0051  0.1261479      8.154    24.2472     5.6319     4.7150 0.0000e+00
       2577      8.251    15.9773   3.154527     2.5269     2.4379     0.0051  0.1259854      8.174    24.2515     5.6281     4.7110 0.0000e+00
       2578      8.271    15.9791   3.155149     2.5254     2.4362     0.0051  0.1258194      8.194    24.2557     5.6246     4.7073 0.0000e+00
       2579      8.290    15.9807   3.155762     2.5238     2.4344     0.0051  0.1256487      8.213    24.2599     5.6207     4.7034 0.0000e+00
       2580      8.310    15.9824   3.156368     2.5223     2.4326     0.0051  0.1254722      8.233    24.2640     5.6170     4.6994 0.0000e+00
       2581      8.330    15.9839   3.156968     2.5207     2.4308     0.0051  0.1252885      8.252    24.2682     5.6129     4.6955 0.0000e+00
       2582      8.350    15.9855   3.157561     2.5192     2.4291     0.0051  0.1250965      8.272    24.2723     5.6090     4.6917 0.0000e+00
       2583      8.370    15.9869   3.158146     2.5177     2.4273     0.0051  0.1248948      8.292    24.2764     5.6051     4.6877 0.0000e+00
       2584      8.390    15.9884   3.158723     2.5161     2.4256     0.0051  0.1246828      8.312    24.2803     5.6007     4.6839 0.0000e+00
       2585      8.410    15.9897   3.159291     2.5146     2.4238     0.0051  0.1244599      8.332    24.2844     5.5967     4.6800 0.0000e+00
       2586      8.430    15.9911   3.159851     2.5131     2.4221     0.0051  0.1242246      8.351    24.2883     5.5925     4.6762 0.0000e+00
       2587      8.450    15.9924   3.160403     2.5115     2.4203     0.0051  0.1239752      8.371    24.2921     5.5879     4.6722 0.0000e+00
       2588      8.470    15.9937   3.160950     2.5100     2.4186     0.0051  0.1237092      8.391    24.2960     5.5836     4.6685 0.0000e+00
       2589      8.490    15.9950   3.161494     2.5085     2.4169     0.0051  0.1234238      8.411    24.2998     5.5792     4.6647 0.0000e+00
       2590      8.510    15.9964   3.162038     2.5070     2.4151     0.0051  0.1231170      8.431    24.3036     5.5747     4.6607 0.0000e+00
       2591      8.530    15.9977   3.162584     2.5054     2.4134     0.0051  0.1227868      8.451    24.3074     5.5699     4.6570 0.0000e+00
       2592      8.549    15.9991   3.163131     2.5039     2.4117     0.0051  0.1224307      8.469    24.3112     5.5653     4.6532 0.0000e+00
       2593      8.569    16.0005   3.163682     2.5024     2.4100     0.0051  0.1220473      8.489    24.3150     5.5606     4.6495 0.0000e+00
       2594      8.589    16.0019   3.164240     2.5008     2.4083     0.0053  0.1216457      8.509    24.3189     5.5557     4.6457 0.0000e+00
       2595      8.609    16.0033   3.164809     2.4993     2.4066     0.0055  0.1212495      8.529    24.3228     5.5509     4.6420 0.0000e+00
       2596      8.629    16.0048   3.165387     2.4977     2.4049     0.0055  0.1208771      8.549    24.3268     5.5458     4.6383 0.0000e+00
       2597      8.649    16.0063   3.165977     2.4962     2.4032     0.0055  0.1205327      8.568    24.3309     5.5410     4.6345 0.0000e+00
       2598      8.668    16.0078   3.166579     2.4946     2.4016     0.0055  0.1202140      8.587    24.3351     5.5358     4.6310 0.0000e+00
       2599      8.688    16.0094   3.167193     2.4931     2.3999     0.0055  0.1199170      8.607    24.3393     5.5309     4.6273 0.0000e+00
       2600      8.707    16.0110   3.167817     2.4915     2.3983     0.0055  0.1196389      8.626    24.3436     5.5257     4.6238 0.0000e+00
       2601      8.726    16.0126   3.168447     2.4899     2.3966     0.0055  0.1193784      8.645    24.3480     5.5205     4.6201 0.0000e+00
       2602      8.746    16.0141   3.169081     2.4884     2.3950     0.0055  0.1191348      8.665    24.3524     5.5156     4.6167 0.0000e+00
       2603      8.765    16.0156   3.169714     2.4868     2.3934     0.0055  0.1189053      8.683    24.3569     5.5104     4.6133 0.0000e+00
       2604      8.784    16.0171   3.170344     2.4852     2.3918     0.0055  0.1186876      8.702    24.3613     5.5052     4.6099 0.0000e+00
       2605      8.804    16.0186   3.170971     2.4836     2.3902     0.0055  0.1184802      8.722    24.3657     5.5001     4.6065 0.0000e+00
       2606      8.824    16.0200   3.171593     2.4821     2.3886     0.0055  0.1182816      8.742    24.3701     5.4952     4.6031 0.0000e+00
       2607      8.843    16.0214   3.172210     2.4805     2.3870     0.0055  0.1180905      8.761    24.3745     5.4901     4.5997 0.0000e+00
       2608      8.862    16.0227   3.172818     2.4789     2.3854     0.0055  0.1179054      8.779    24.3789     5.4850     4.5963 0.0000e+00
       2609      8.882    16.0240   3.173416     2.4773     2.3839     0.0055  0.1177252      8.799    24.3831     5.4799     4.5932 0.0000e+00
       2610      8.901    16.0252   3.174003     2.4756     2.3823     0.0055  0.1175485      8.818    24.3874     5.4745     4.5899 0.0000e+00
       2611      8.920    16.0265   3.174581     2.4740     2.3807     0.0055  0.1173742      8.837    24.3915     5.4695     4.5866 0.0000e+00
       2612      8.939    16.0276   3.175153     2.4724     2.3792     0.0055  0.1172010      8.856    24.3956     5.4645     4.5836 0.0000e+00
       2613      8.959    16.0288   3.175722     2.4708     2.3777     0.0055  0.1170277      8.876    24.3997     5.4595     4.5805 0.0000e+00
       2614      8.978    16.0299   3.176288     2.4692     2.3761     0.0055  0.1168531      8.894    24.4039     5.4546     4.5773 0.0000e+00
       2615      8.997    16.0309   3.176854     2.4675     2.3746     0.0055  0.1166761      8.913    24.4080     5.4494     4.5742 0.0000e+00
       2616      9.016    16.0320   3.177418     2.4659     2.3731     0.0055  0.1164953      8.932    24.4121     5.4446     4.5712 0.0000e+00
       2617      9.035    16.0330   3.177979     2.4643     2.3716     0.0055  0.1163095      8.951    24.4163     5.4398     4.5682 0.0000e+00
       2618      9.055    16.0340   3.178534     2.4627     2.3701     0.0055  0.1161174      8.971    24.4204     5.4350     4.5653 0.0000e+00
       2619      9.074    16.0350   3.179082     2.4610     2.3686     0.0053  0.1159203      8.989    24.4244     5.4300     4.5623 0.0000e+00
       2620      9.093    16.0359   3.179622     2.4594     2.3671     0.0051  0.1157243      9.008    24.4284     5.4253     4.5593 0.0000e+00
       2621      9.112    16.0369   3.180154     2.4578     2.3657     0.0049  0.1155376      9.027    24.4323     5.4206     4.5566 0.0000e+00
       2622      9.131    16.0378   3.180677     2.4562     2.3642     0.0049  0.1153647      9.046    24.4362     5.4160     4.5537 0.0000e+00
       2623      9.150    16.0387   3.181192     2.4546     2.3628     0.0049  0.1152061      9.065    24.4400     5.4114     4.5510 0.0000e+00
       2624      9.169    16.0396   3.181700     2.4530     2.3613     0.0049  0.1150607      9.084    24.4438     5.4069     4.5481 0.0000e+00
       2625      9.188    16.0404   3.182202     2.4514     2.3599     0.0049  0.1149275      9.102    24.4475     5.4024     4.5454 0.0000e+00
       2626      9.207    16.0413   3.182700     2.4498     2.3585     0.0049  0.1148057      9.121    24.4512     5.3979     4.5427 0.0000e+00
       2627      9.226    16.0421   3.183194     2.4482     2.3571     0.0049  0.1146942      9.140    24.4549     5.3935     4.5401 0.0000e+00
       2628      9.245    16.0428   3.183683     2.4466     2.3557     0.0049  0.1145916      9.159    24.4586     5.3892     4.5375 0.0000e+00
       2629      9.264    16.0435   3.184166     2.4451     2.3543     0.0049  0.1144962      9.178    24.4623     5.3851     4.5349 0.0000e+00
       2630      9.283    16.0441   3.184638     2.4435     2.3529     0.0049  0.1144074      9.197    24.4659     5.3808     4.5323 0.0000e+00
       2631      9.301    16.0446   3.185097     2.4419     2.3515     0.0049  0.1143246      9.214    24.4695     5.3765     4.5297 0.0000e+00
       2632      9.320    16.0449   3.185540     2.4404     2.3502     0.0049  0.1142480      9.233    24.4730     5.3726     4.5274 0.0000e+00
       2633      9.339    16.0451   3.185965     2.4388     2.3489     0.0049  0.1141772      9.252    24.4765     5.3684     4.5250 0.0000e+00
       2634      9.358    16.0451   3.186373     2.4372     2.3475     0.0049  0.1141107      9.271    24.4800     5.3643     4.5225 0.0000e+00
       2635      9.377    16.0450   3.186763     2.4357     2.3462     0.0049  0.1140481      9.290    24.4833     5.3604     4.5202 0.0000e+00
       2636      9.395    16.0446   3.187136     2.4341     2.3449     0.0049  0.1139889      9.307    24.4868     5.3563     4.5179 0.0000e+00
       2637      9.414    16.0441   3.187494     2.4326     2.3436     0.0049  0.1139328      9.326    24.4901     5.3525     4.5156 0.0000e+00
       2638      9.433    16.0434   3.187836     2.4311     2.3423     0.0049  0.1138786      9.345    24.4934     5.3487     4.5134 0.0000e+00
       2639      9.451    16.0424   3.188163     2.4295     2.3410     0.0049  0.1138258      9.363    24.4968     5.3446     4.5111 0.0000e+00
       2640      9.470    16.0413   3.188476     2.4280     2.3398     0.0049  0.1137757      9.382    24.5001     5.3409     4.5091 0.0000e+00
       2641      9.489    16.0399   3.188777     2.4265     2.3385     0.0049  0.1137289      9.401    24.5035     5.3371     4.5069 0.0000e+00
       2642      9.507    16.0383   3.189066     2.4250     2.3373     0.0049  0.1136851      9.418    24.5070     5.3334     4.5049 0.0000e+00
       2643      9.526    16.0364   3.189346     2.4235     2.3361     0.0049  0.1136431      9.437    24.5105     5.3297     4.5029 0.0000e+00
       2644      9.544    16.0344   3.189618     2.4220     2.3348     0.0049  0.1136017      9.455    24.5140     5.3259     4.5006 0.0000e+00
       2645      9.563    16.0323   3.189882     2.4205     2.3336     0.0057  0.1135615      9.474    24.5176     5.3222     4.4986 0.0000e+00
       2646      9.581    16.0301   3.190139     2.4190     2.3324     0.0060  0.1135231      9.492    24.5211     5.3184     4.4965 0.0000e+00
       2647      9.600    16.0280   3.190387     2.4176     2.3312     0.0060  0.1134863      9.511    24.5245     5.3149     4.4944 0.0000e+00
       2648      9.618    16.0260   3.190627     2.4161     2.3301     0.0060  0.1134507      9.528    24.5278     5.3111     4.4926 0.0000e+00
       2649      9.637    16.0239   3.190860     2.4146     2.3289     0.0060  0.1134161      9.547    24.5310     5.3073     4.4904 0.0000e+00
       2650      9.655    16.0219   3.191089     2.4132     2.3277     0.0060  0.1133822      9.565    24.5342     5.3038     4.4882 0.0000e+00
       2651      9.673    16.0198   3.191316     2.4117     2.3266     0.0060  0.1133489      9.583    24.5374     5.2999     4.4863 0.0000e+00
       2652      9.692    16.0178   3.191542     2.4103     2.3255     0.0060  0.1133159      9.602    24.5406     5.2963     4.4843 0.0000e+00
       2653      9.710    16.0158   3.191769     2.4088     2.3243     0.0060  0.1132830      9.620    24.5437     5.2924     4.4820 0.0000e+00
       2654      9.728    16.0138   3.191997     2.4074     2.3232     0.0060  0.1132499      9.637    24.5469     5.2887     4.4799 0.0000e+00
       2655      9.747    16.0118   3.192232     2.4059     2.3221     0.0060  0.1132165      9.656    24.5501     5.2847     4.4778 0.0000e+00
       2656      9.765    16.0098   3.192474     2.4045     2.3210     0.0060  0.1131824      9.674    24.5534     5.2810     4.4756 0.0000e+00
       2657      9.784    16.0079   3.192724     2.4030     2.3199     0.0060  0.1131475      9.693    24.5567     5.2769     4.4734 0.0000e+00
       2658      9.802    16.0059   3.192985     2.4016     2.3188     0.0060  0.1131114      9.711    24.5601     5.2731     4.4711 0.0000e+00
       2659      9.820    16.0040   3.193258     2.4001     2.3176     0.0060  0.1130741      9.728    24.5636     5.2689     4.4685 0.0000e+00
       2660      9.838    16.0021   3.193544     2.3987     2.3165     0.0060  0.1130351      9.746    24.5672     5.2650     4.4661 0.0000e+00
       2661      9.857    16.0002   3.193845     2.3972     2.3154     0.0060  0.1129942      9.765    24.5709     5.2608     4.4636 0.0000e+00
       2662      9.875    15.9983   3.194165     2.3958     2.3143     0.0060  0.1129512      9.783    24.5748     5.2567     4.4611 0.0000e+00
       2663      9.893    15.9964   3.194505     2.3943     2.3133     0.0060  0.1129057      9.801    24.5789     5.2524     4.4588 0.0000e+00
       2664      9.911    15.9945   3.194869     2.3929     2.3122     0.0060  0.1128574      9.819    24.5831     5.2482     4.4561 0.0000e+00
       2665      9.929    15.9926   3.195256     2.3914     2.3111     0.0060  0.1128060      9.836    24.5876     5.2437     4.4534 0.0000e+00
       2666      9.947    15.9907   3.195667     2.3900     2.3100     0.0060  0.1127511      9.854    24.5922     5.2395     4.4506 0.0000e+00
