data/2021/ctd_data_day2/station2_ctm.cnv
* Sea-Bird SBE 9 Data File:
* FileName = C:\Users\CTD-User\Desktop\MAR440\day2\station2.hex
* Software Version Seasave V 7.26.2.13
* Temperature SN = 6313
* Conductivity SN = 4758
* Number of Bytes Per Scan = 37
* Number of Voltage Words = 4
* Number of Scans Averaged by the Deck Unit = 1
* NMEA Latitude = 58 19.95 N
* NMEA Longitude = 011 52.33 E
* NMEA UTC (Time) = Sep 22 2021 09:05:25
* NMEA baud rate = 4800
** Ship: Skagerrak
** Station: station2
** Operator: group2blue
# nquan = 9
# nvalues = 8194                        
# units = specified
# name 0 = scan: Scan Count
# name 1 = prDM: Pressure, Digiquartz [db]
# name 2 = t090C: Temperature [ITS-90, deg C]
# name 3 = c0S/m: Conductivity [S/m]
# name 4 = sbeox0V: Oxygen raw, SBE 43 [V]
# name 5 = sbeox1V: Oxygen raw, SBE 43, 2 [V]
# name 6 = flECO-AFL: Fluorescence, WET Labs ECO-AFL/FL [mg/m^3]
# name 7 = upoly0: Upoly 0, Turbidity
# name 8 = flag:  0.000e+00
# span 0 =          1,       8194       
# span 1 =      0.414,     46.105       
# span 2 =     7.9715,    16.1947       
# span 3 =   2.596168,   3.481354       
# span 4 =     0.4613,     4.2576       
# span 5 =     0.5151,     4.2186       
# span 6 =     0.0035,     0.0209       
# span 7 =  0.0879084,  0.3184335       
# span 8 = 0.0000e+00, 0.0000e+00       
# interval = seconds: 0.0416667
# start_time = Sep 22 2021 09:05:25 [NMEA time, header]
# bad_flag = -9.990e-29
*END*
[from data line 5921]
       5922     45.976     8.6794   3.414802     0.4759     0.5346     0.0038  0.1172125 0.0000e+00
       5923     45.976     8.6794   3.414773     0.4735     0.5346     0.0038  0.1172125 0.0000e+00
       5924     45.918     8.6793   3.414742     0.4735     0.5346     0.0038  0.1172125 0.0000e+00
       5925     45.976     8.6783   3.414750     0.4735     0.5346     0.0038  0.1172125 0.0000e+00
       5926     45.918     8.6782   3.414692     0.4759     0.5346     0.0038  0.1172125 0.0000e+00
       5927     45.976     8.6786   3.414694     0.4747     0.5346     0.0038  0.1172125 0.0000e+00
       5928     45.976     8.6790   3.414677     0.4735     0.5346     0.0038  0.1172125 0.0000e+00
       5929     45.918     8.6799   3.414791     0.4735     0.5346     0.0038  0.1172125 0.0000e+00
       5930     45.976     8.6802   3.414850     0.4735     0.5346     0.0038  0.1172125 0.0000e+00
       5931     45.976     8.6812   3.414813     0.4747     0.5346     0.0038  0.1172125 0.0000e+00
       5932     45.976     8.6812   3.414872     0.4759     0.5346     0.0038  0.1172125 0.0000e+00
       5933     45.918     8.6808   3.414800     0.4735     0.5334     0.0038  0.1172125 0.0000e+00
       5934     45.975     8.6812   3.414843     0.4735     0.5346     0.0038  0.1172125 0.0000e+00
       5935     45.975     8.6815   3.414814     0.4759     0.5346     0.0038  0.1172125 0.0000e+00
       5936     45.918     8.6817   3.414757     0.4747     0.5346     0.0038  0.1172125 0.0000e+00
       5937     45.975     8.6815   3.414832     0.4735     0.5346     0.0038  0.1172125 0.0000e+00
       5938     45.918     8.6817   3.414797     0.4735     0.5346     0.0038  0.1172125 0.0000e+00
       5939     45.975     8.6815   3.414861     0.4735     0.5346     0.0038  0.1172125 0.0000e+00
       5940     45.975     8.6819   3.414827     0.4759     0.5346     0.0038  0.1172125 0.0000e+00
       5941     45.918     8.6820   3.414804     0.4759     0.5346     0.0038  0.1167241 0.0000e+00
       5942     45.975     8.6822   3.414805     0.4747     0.5346     0.0038  0.1172125 0.0000e+00
       5943     45.975     8.6822   3.414828     0.4723     0.5346     0.0038  0.1172125 0.0000e+00
       5944     45.975     8.6823   3.414857     0.4723     0.5334     0.0038  0.1172125 0.0000e+00
       5945     45.918     8.6827   3.414870     0.4735     0.5334     0.0038  0.1172125 0.0000e+00
       5946     45.975     8.6828   3.414888     0.4747     0.5334     0.0038  0.1172125 0.0000e+00
       5947     45.975     8.6825   3.414898     0.4735     0.5334     0.0038  0.1172125 0.0000e+00
       5948     45.917     8.6819   3.414896     0.4723     0.5334     0.0038  0.1172125 0.0000e+00
       5949     45.975     8.6817   3.414872     0.4723     0.5334     0.0038  0.1172125 0.0000e+00
       5950     45.975     8.6824   3.414799     0.4735     0.5334     0.0038  0.1172125 0.0000e+00
       5951     45.975     8.6827   3.414794     0.4747     0.5334     0.0038  0.1172125 0.0000e+00
       5952     45.917     8.6829   3.414783     0.4735     0.5334     0.0038  0.1172125 0.0000e+00
       5953     45.975     8.6823   3.414862     0.4735     0.5334     0.0038  0.1172125 0.0000e+00
       5954     45.975     8.6822   3.414874     0.4735     0.5334     0.0038  0.1172125 0.0000e+00
       5955     45.975     8.6822   3.414815     0.4747     0.5334     0.0038  0.1172125 0.0000e+00
       5956     45.917     8.6822   3.414874     0.4735     0.5334     0.0038  0.1167241 0.0000e+00
       5957     45.975     8.6825   3.414828     0.4735     0.5334     0.0038  0.1172125 0.0000e+00
       5958     45.917     8.6823   3.414827     0.4723     0.5334     0.0038  0.1172125 0.0000e+00
       5959     45.975     8.6823   3.414926     0.4735     0.5334     0.0038  0.1172125 0.0000e+00
       5960     45.975     8.6825   3.414891     0.4747     0.5334     0.0038  0.1172125 0.0000e+00
       5961     45.975     8.6827   3.414846     0.4735     0.5334     0.0038  0.1172125 0.0000e+00
       5962     45.975     8.6827   3.414857     0.4735     0.5334     0.0038  0.1172125 0.0000e+00
       5963     45.975     8.6828   3.414910     0.4723     0.5334     0.0038  0.1172125 0.0000e+00
       5964     45.917     8.6825   3.414973     0.4735     0.5334     0.0038  0.1172125 0.0000e+00
       5965     45.975     8.6829   3.414921     0.4759     0.5334     0.0040  0.1172125 0.0000e+00
       5966     45.975     8.6828   3.414916     0.4735     0.5334     0.0040  0.1172125 0.0000e+00
       5967     45.975     8.6830   3.414812     0.4735     0.5334     0.0040  0.1172125 0.0000e+00
       5968     45.975     8.6833   3.414865     0.4723     0.5334     0.0040  0.1172125 0.0000e+00
       5969     45.975     8.6833   3.414876     0.4735     0.5334     0.0040  0.1172125 0.0000e+00
       5970     45.917     8.6833   3.414911     0.4759     0.5334     0.0040  0.1172125 0.0000e+00
       5971     45.974     8.6830   3.414857     0.4735     0.5334     0.0040  0.1172125 0.0000e+00
       5972     45.974     8.6830   3.414840     0.4735     0.5334     0.0040  0.1172125 0.0000e+00
       5973     45.974     8.6830   3.414904     0.4735     0.5334     0.0040  0.1172125 0.0000e+00
       5974     45.974     8.6825   3.414902     0.4759     0.5334     0.0040  0.1172125 0.0000e+00
       5975     45.974     8.6825   3.414896     0.4747     0.5334     0.0040  0.1172125 0.0000e+00
       5976     45.917     8.6825   3.414966     0.4735     0.5334     0.0040  0.1172125 0.0000e+00
       5977     45.974     8.6827   3.414896     0.4735     0.5334     0.0040  0.1172125 0.0000e+00
       5978     45.974     8.6828   3.414955     0.4735     0.5334     0.0040  0.1172125 0.0000e+00
       5979     45.974     8.6837   3.414853     0.4759     0.5334     0.0040  0.1172125 0.0000e+00
       5980     45.974     8.6840   3.414924     0.4735     0.5334     0.0040  0.1172125 0.0000e+00
       5981     45.974     8.6840   3.414895     0.4735     0.5334     0.0040  0.1172125 0.0000e+00
       5982     45.974     8.6835   3.414911     0.4723     0.5334     0.0040  0.1172125 0.0000e+00
       5983     45.974     8.6835   3.414905     0.4735     0.5334     0.0040  0.1172125 0.0000e+00
       5984     45.916     8.6832   3.414875     0.4759     0.5334     0.0040  0.1172125 0.0000e+00
       5985     45.974     8.6831   3.414909     0.4735     0.5334     0.0040  0.1172125 0.0000e+00
       5986     46.040     8.6830   3.414973     0.4723     0.5334     0.0040  0.1172125 0.0000e+00
       5987     45.974     8.6828   3.414937     0.4723     0.5334     0.0040  0.1172125 0.0000e+00
       5988     45.916     8.6830   3.414973     0.4735     0.5334     0.0040  0.1172125 0.0000e+00
       5989     45.974     8.6835   3.415009     0.4759     0.5334     0.0040  0.1172125 0.0000e+00
       5990     45.974     8.6835   3.414904     0.4735     0.5334     0.0040  0.1167241 0.0000e+00
       5991     45.974     8.6837   3.414887     0.4723     0.5334     0.0038  0.1167241 0.0000e+00
       5992     45.974     8.6830   3.414914     0.4723     0.5334     0.0038  0.1167241 0.0000e+00
       5993     45.974     8.6825   3.414946     0.4735     0.5334     0.0038  0.1167241 0.0000e+00
       5994     45.974     8.6823   3.414957     0.4747     0.5334     0.0038  0.1167241 0.0000e+00
       5995     45.974     8.6827   3.415000     0.4735     0.5334     0.0038  0.1167241 0.0000e+00
       5996     45.974     8.6824   3.415040     0.4723     0.5334     0.0038  0.1167241 0.0000e+00
       5997     45.974     8.6822   3.414998     0.4723     0.5334     0.0038  0.1167241 0.0000e+00
       5998     45.974     8.6820   3.414962     0.4735     0.5334     0.0038  0.1167241 0.0000e+00
       5999     46.040     8.6822   3.414928     0.4735     0.5334     0.0038  0.1167241 0.0000e+00
       6000     45.916     8.6824   3.414945     0.4723     0.5321     0.0038  0.1167241 0.0000e+00
       6001     45.974     8.6828   3.415047     0.4723     0.5334     0.0038  0.1167241 0.0000e+00
       6002     46.040     8.6833   3.415060     0.4723     0.5334     0.0038  0.1167241 0.0000e+00
       6003     45.850     8.6833   3.415053     0.4735     0.5334     0.0038  0.1167241 0.0000e+00
       6004     46.097     8.6836   3.415055     0.4735     0.5334     0.0038  0.1167241 0.0000e+00
       6005     45.973     8.6838   3.415119     0.4723     0.5334     0.0037  0.1167241 0.0000e+00
       6006     45.973     8.6838   3.415166     0.4735     0.5334     0.0038  0.1167241 0.0000e+00
       6007     45.973     8.6848   3.415089     0.4723     0.5334     0.0038  0.1167241 0.0000e+00
       6008     45.973     8.6853   3.415060     0.4735     0.5334     0.0038  0.1167241 0.0000e+00
       6009     45.973     8.6852   3.415078     0.4735     0.5321     0.0038  0.1167241 0.0000e+00
       6010     45.973     8.6854   3.415108     0.4723     0.5321     0.0038  0.1167241 0.0000e+00
       6011     45.973     8.6852   3.415119     0.4723     0.5334     0.0038  0.1167241 0.0000e+00
       6012     45.973     8.6851   3.415164     0.4723     0.5334     0.0038  0.1167241 0.0000e+00
       6013     45.973     8.6851   3.415112     0.4735     0.5334     0.0038  0.1167241 0.0000e+00
       6014     46.031     8.6852   3.415106     0.4723     0.5334     0.0038  0.1167241 0.0000e+00
       6015     45.973     8.6848   3.415134     0.4723     0.5321     0.0038  0.1167241 0.0000e+00
       6016     45.973     8.6846   3.415145     0.4723     0.5334     0.0040  0.1162357 0.0000e+00
       6017     45.973     8.6843   3.415144     0.4735     0.5334     0.0040  0.1162357 0.0000e+00
       6018     45.973     8.6843   3.415097     0.4735     0.5321     0.0040  0.1162357 0.0000e+00
       6019     45.973     8.6845   3.415126     0.4723     0.5321     0.0040  0.1157473 0.0000e+00
       6020     45.973     8.6845   3.415097     0.4723     0.5334     0.0040  0.1162357 0.0000e+00
       6021     45.973     8.6848   3.415197     0.4723     0.5334     0.0040  0.1162357 0.0000e+00
       6022     46.031     8.6849   3.415145     0.4759     0.5334     0.0040  0.1162357 0.0000e+00
       6023     45.973     8.6856   3.415165     0.4735     0.5321     0.0040  0.1162357 0.0000e+00
       6024     46.039     8.6859   3.415184     0.4723     0.5334     0.0040  0.1162357 0.0000e+00
       6025     45.915     8.6857   3.415183     0.4723     0.5334     0.0040  0.1162357 0.0000e+00
       6026     45.973     8.6856   3.415089     0.4723     0.5321     0.0040  0.1162357 0.0000e+00
       6027     45.973     8.6859   3.415102     0.4735     0.5321     0.0040  0.1162357 0.0000e+00
       6028     46.039     8.6859   3.415136     0.4735     0.5321     0.0040  0.1162357 0.0000e+00
       6029     45.973     8.6863   3.415150     0.4723     0.5321     0.0040  0.1162357 0.0000e+00
       6030     45.973     8.6861   3.415079     0.4723     0.5321     0.0040  0.1162357 0.0000e+00
       6031     45.973     8.6861   3.415061     0.4723     0.5321     0.0040  0.1162357 0.0000e+00
       6032     45.973     8.6864   3.414992     0.4735     0.5334     0.0040  0.1162357 0.0000e+00
       6033     45.973     8.6870   3.415082     0.4723     0.5321     0.0040  0.1162357 0.0000e+00
       6034     45.973     8.6879   3.415172     0.4723     0.5321     0.0040  0.1162357 0.0000e+00
       6035     46.030     8.6885   3.415098     0.4723     0.5321     0.0040  0.1162357 0.0000e+00
       6036     45.972     8.6880   3.415155     0.4735     0.5321     0.0040  0.1162357 0.0000e+00
       6037     45.972     8.6879   3.415067     0.4759     0.5321     0.0040  0.1162357 0.0000e+00
       6038     45.972     8.6875   3.415054     0.4723     0.5321     0.0040  0.1162357 0.0000e+00
       6039     45.972     8.6875   3.415065     0.4723     0.5321     0.0040  0.1162357 0.0000e+00
       6040     46.030     8.6875   3.415106     0.4711     0.5321     0.0040  0.1162357 0.0000e+00
       6041     45.972     8.6869   3.415138     0.4735     0.5321     0.0040  0.1157473 0.0000e+00
       6042     45.972     8.6863   3.415124     0.4735     0.5321     0.0040  0.1152589 0.0000e+00
       6043     45.972     8.6863   3.415049     0.4723     0.5321     0.0040  0.1157473 0.0000e+00
       6044     45.972     8.6866   3.415073     0.4723     0.5321     0.0040  0.1157473 0.0000e+00
       6045     45.972     8.6869   3.415039     0.4723     0.5321     0.0040  0.1157473 0.0000e+00
       6046     45.972     8.6868   3.415003     0.4735     0.5321     0.0040  0.1157473 0.0000e+00
       6047     46.038     8.6866   3.414926     0.4735     0.5321     0.0040  0.1157473 0.0000e+00
       6048     45.972     8.6863   3.414919     0.4723     0.5321     0.0040  0.1157473 0.0000e+00
       6049     45.972     8.6857   3.414976     0.4723     0.5321     0.0040  0.1157473 0.0000e+00
       6050     45.972     8.6858   3.414993     0.4723     0.5321     0.0040  0.1157473 0.0000e+00
       6051     45.972     8.6846   3.414873     0.4735     0.5321     0.0040  0.1157473 0.0000e+00
       6052     45.972     8.6830   3.414896     0.4735     0.5321     0.0040  0.1157473 0.0000e+00
       6053     45.972     8.6827   3.414871     0.4723     0.5321     0.0040  0.1157473 0.0000e+00
       6054     45.972     8.6840   3.414881     0.4723     0.5321     0.0040  0.1157473 0.0000e+00
       6055     45.972     8.6851   3.414874     0.4723     0.5321     0.0040  0.1157473 0.0000e+00
       6056     46.030     8.6841   3.414811     0.4735     0.5321     0.0040  0.1157473 0.0000e+00
       6057     45.914     8.6837   3.414845     0.4723     0.5321     0.0040  0.1157473 0.0000e+00
       6058     46.038     8.6846   3.414953     0.4723     0.5321     0.0040  0.1157473 0.0000e+00
       6059     45.972     8.6851   3.414850     0.4723     0.5321     0.0040  0.1157473 0.0000e+00
       6060     45.972     8.6852   3.414850     0.4723     0.5321     0.0040  0.1157473 0.0000e+00
       6061     45.972     8.6856   3.414777     0.4735     0.5321     0.0040  0.1157473 0.0000e+00
       6062     45.972     8.6854   3.414816     0.4723     0.5321     0.0040  0.1157473 0.0000e+00
       6063     45.972     8.6854   3.414857     0.4723     0.5321     0.0040  0.1152589 0.0000e+00
       6064     45.972     8.6854   3.414846     0.4723     0.5321     0.0040  0.1157473 0.0000e+00
       6065     45.972     8.6848   3.414854     0.4723     0.5321     0.0040  0.1157473 0.0000e+00
       6066     45.972     8.6847   3.414866     0.4735     0.5321     0.0040  0.1152589 0.0000e+00
       6067     45.972     8.6848   3.414843     0.4723     0.5321     0.0040  0.1152589 0.0000e+00
       6068     45.972     8.6849   3.414924     0.4723     0.5321     0.0040  0.1152589 0.0000e+00
       6069     45.972     8.6845   3.414929     0.4711     0.5321     0.0040  0.1152589 0.0000e+00
       6070     45.972     8.6848   3.414994     0.4723     0.5321     0.0040  0.1152589 0.0000e+00
       6071     45.971     8.6848   3.414971     0.4735     0.5321     0.0040  0.1152589 0.0000e+00
       6072     46.029     8.6854   3.414979     0.4723     0.5321     0.0040  0.1152589 0.0000e+00
       6073     45.914     8.6863   3.414993     0.4723     0.5321     0.0040  0.1152589 0.0000e+00
       6074     45.971     8.6864   3.414970     0.4711     0.5321     0.0040  0.1152589 0.0000e+00
       6075     45.971     8.6869   3.414896     0.4723     0.5321     0.0040  0.1152589 0.0000e+00
       6076     45.971     8.6868   3.414960     0.4723     0.5321     0.0040  0.1147705 0.0000e+00
       6077     46.037     8.6866   3.414971     0.4723     0.5321     0.0040  0.1152589 0.0000e+00
       6078     45.914     8.6868   3.414913     0.4723     0.5309     0.0040  0.1152589 0.0000e+00
       6079     45.971     8.6869   3.414902     0.4711     0.5321     0.0040  0.1152589 0.0000e+00
       6080     45.971     8.6868   3.414971     0.4735     0.5321     0.0040  0.1152589 0.0000e+00
