data/2021/ctd_data_day2/station5_ctm_fil_le_der.cnv
* Sea-Bird SBE 9 Data File:
* FileName = C:\Users\CTD-User\Desktop\MAR440\day2\station5.hex
* Software Version Seasave V 7.26.2.13
* Temperature SN = 6313
* Conductivity SN = 4758
* Number of Bytes Per Scan = 37
* Number of Voltage Words = 4
* Number of Scans Averaged by the Deck Unit = 1
* NMEA Latitude = 58 19.20 N
* NMEA Longitude = 011 48.71 E
* NMEA UTC (Time) = Sep 22 2021 10:20:22
* NMEA baud rate = 4800
** Ship: Skagerrak
** Station: station5
** Operator: group2blu
# nquan = 13                                
# nvalues = 5019                        
# units = specified
# name 0 = scan: Scan Count
# name 1 = prDM: Pressure, Digiquartz [db]
# name 2 = t090C: Temperature [ITS-90, deg C]
# name 3 = c0S/m: Conductivity [S/m]
# name 4 = sbeox0V: Oxygen raw, SBE 43 [V]
# name 5 = sbeox1V: Oxygen raw, SBE 43, 2 [V]
# name 6 = flECO-AFL: Fluorescence, WET Labs ECO-AFL/FL [mg/m^3]
# name 7 = upoly0: Upoly 0, Turbidity
# name 8 = depSM: Depth [salt water, m], lat = 58.32
# name 9 = sal00: Salinity, Practical [PSU]
# name 10 = sbeox0ML/L: Oxygen, SBE 43 [ml/l], WS = 2
# name 11 = sbeox1ML/L: Oxygen, SBE 43, 2 [ml/l], WS = 2
# name 12 = flag: flag
# span 0 =          1,       5019       
# span 1 =      0.431,     26.494       
# span 2 =    11.7329,    16.2142       
# span 3 =  -0.000256,   3.795797       
# span 4 =     0.9420,     2.9473       
# span 5 =     1.0255,     2.8390       
# span 6 =     0.0020,     0.0522       
# span 7 =  0.0806113,  0.1779398       
# span 8 =      0.427,     26.246       
# span 9 =     0.0000,    32.0188       
# span 10 =     1.1213,     8.4222      
# span 11 =     1.2981,     6.7911      
# span 12 = 0.0000e+00, 0.0000e+00      
# interval = seconds: 0.0416667
# start_time = Sep 22 2021 10:20:22 [NMEA time, header]
# bad_flag = -9.990e-29
*END*
[from data line 4223]
       4224     10.792    16.1634   3.421096     2.2880     2.2362     0.0077  0.1021338     10.691    26.4026     4.4622     3.8917 0.0000e+00
       4225     10.814    16.1589   3.422103     2.2832     2.2318     0.0077  0.1019252     10.713    26.4142     4.4514     3.8836 0.0000e+00
       4226     10.837    16.1542   3.423112     2.2783     2.2274     0.0059  0.1017072     10.736    26.4259     4.4402     3.8756 0.0000e+00
       4227     10.859    16.1491   3.424126     2.2735     2.2231     0.0046  0.1014917     10.758    26.4379     4.4295     3.8679 0.0000e+00
       4228     10.881    16.1437   3.425146     2.2687     2.2188     0.0042  0.1012900     10.780    26.4502     4.4188     3.8602 0.0000e+00
       4229     10.903    16.1379   3.426173     2.2639     2.2146     0.0044  0.1011057     10.801    26.4628     4.4082     3.8528 0.0000e+00
       4230     10.925    16.1319   3.427204     2.2592     2.2104     0.0044  0.1009377     10.823    26.4756     4.3979     3.8453 0.0000e+00
       4231     10.947    16.1255   3.428234     2.2545     2.2062     0.0044  0.1007831     10.845    26.4887     4.3876     3.8379 0.0000e+00
       4232     10.969    16.1189   3.429258     2.2498     2.2020     0.0044  0.1006398     10.867    26.5018     4.3774     3.8305 0.0000e+00
       4233     10.991    16.1119   3.430266     2.2451     2.1979     0.0044  0.1005070     10.889    26.5151     4.3672     3.8233 0.0000e+00
       4234     11.013    16.1048   3.431252     2.2405     2.1938     0.0044  0.1003837     10.910    26.5283     4.3573     3.8161 0.0000e+00
       4235     11.035    16.0973   3.432208     2.2360     2.1897     0.0044  0.1002690     10.932    26.5414     4.3477     3.8089 0.0000e+00
       4236     11.057    16.0897   3.433126     2.2314     2.1857     0.0044  0.1001630     10.954    26.5544     4.3378     3.8019 0.0000e+00
       4237     11.079    16.0817   3.434000     2.2269     2.1817     0.0044  0.1000659     10.976    26.5672     4.3282     3.7949 0.0000e+00
       4238     11.101    16.0735   3.434826     2.2224     2.1777     0.0044  0.0999768     10.998    26.5797     4.3186     3.7878 0.0000e+00
       4239     11.123    16.0649   3.435602     2.2179     2.1738     0.0044  0.0998953     11.019    26.5921     4.3090     3.7809 0.0000e+00
       4240     11.146    16.0560   3.436328     2.2135     2.1699     0.0044  0.0998198     11.042    26.6043     4.2996     3.7741 0.0000e+00
       4241     11.168    16.0467   3.437003     2.2091     2.1660     0.0044  0.0997491     11.064    26.6163     4.2903     3.7672 0.0000e+00
       4242     11.190    16.0370   3.437627     2.2047     2.1622     0.0044  0.0996826     11.086    26.6281     4.2809     3.7605 0.0000e+00
       4243     11.212    16.0269   3.438198     2.2003     2.1584     0.0044  0.0996198     11.108    26.6397     4.2715     3.7537 0.0000e+00
       4244     11.234    16.0165   3.438718     2.1960     2.1546     0.0044  0.0995604     11.129    26.6512     4.2624     3.7470 0.0000e+00
       4245     11.256    16.0055   3.439187     2.1917     2.1508     0.0044  0.0995039     11.151    26.6625     4.2532     3.7401 0.0000e+00
       4246     11.278    15.9941   3.439606     2.1874     2.1470     0.0044  0.0994499     11.173    26.6738     4.2439     3.7333 0.0000e+00
       4247     11.300    15.9821   3.439978     2.1831     2.1433     0.0044  0.0993989     11.195    26.6850     4.2347     3.7266 0.0000e+00
       4248     11.323    15.9695   3.440307     2.1789     2.1396     0.0044  0.0993514     11.217    26.6963     4.2256     3.7199 0.0000e+00
       4249     11.345    15.9563   3.440596     2.1747     2.1359     0.0044  0.0993062     11.239    26.7076     4.2165     3.7131 0.0000e+00
       4250     11.367    15.9425   3.440855     2.1704     2.1322     0.0044  0.0992622     11.261    26.7191     4.2071     3.7063 0.0000e+00
       4251     11.389    15.9283   3.441091     2.1663     2.1286     0.0044  0.0992190     11.283    26.7307     4.1982     3.6997 0.0000e+00
       4252     11.411    15.9137   3.441319     2.1621     2.1249     0.0042  0.0991763     11.305    26.7425     4.1889     3.6927 0.0000e+00
       4253     11.433    15.8988   3.441553     2.1580     2.1213     0.0042  0.0991347     11.326    26.7545     4.1799     3.6859 0.0000e+00
       4254     11.455    15.8838   3.441802     2.1538     2.1177     0.0042  0.0990948     11.348    26.7668     4.1704     3.6791 0.0000e+00
       4255     11.477    15.8686   3.442067     2.1497     2.1141     0.0042  0.0990554     11.370    26.7793     4.1612     3.6722 0.0000e+00
       4256     11.499    15.8532   3.442342     2.1456     2.1105     0.0042  0.0990154     11.392    26.7920     4.1519     3.6652 0.0000e+00
       4257     11.521    15.8376   3.442617     2.1415     2.1069     0.0042  0.0989745     11.414    26.8049     4.1425     3.6582 0.0000e+00
       4258     11.543    15.8218   3.442878     2.1375     2.1033     0.0042  0.0989333     11.435    26.8179     4.1333     3.6511 0.0000e+00
       4259     11.566    15.8057   3.443109     2.1334     2.0998     0.0042  0.0988932     11.458    26.8307     4.1238     3.6442 0.0000e+00
       4260     11.588    15.7893   3.443294     2.1293     2.0962     0.0042  0.0988540     11.480    26.8434     4.1143     3.6370 0.0000e+00
       4261     11.610    15.7726   3.443417     2.1253     2.0927     0.0042  0.0988135     11.502    26.8558     4.1049     3.6300 0.0000e+00
       4262     11.632    15.7557   3.443472     2.1213     2.0891     0.0042  0.0987717     11.524    26.8677     4.0956     3.6227 0.0000e+00
       4263     11.654    15.7386   3.443457     2.1172     2.0856     0.0042  0.0987290     11.545    26.8792     4.0859     3.6157 0.0000e+00
       4264     11.676    15.7214   3.443379     2.1132     2.0821     0.0042  0.0986842     11.567    26.8902     4.0764     3.6086 0.0000e+00
       4265     11.698    15.7043   3.443246     2.1092     2.0786     0.0042  0.0986363     11.589    26.9006     4.0669     3.6015 0.0000e+00
       4266     11.720    15.6872   3.443070     2.1052     2.0750     0.0042  0.0985848     11.611    26.9107     4.0573     3.5941 0.0000e+00
       4267     11.742    15.6704   3.442865     2.1012     2.0715     0.0042  0.0985295     11.633    26.9203     4.0477     3.5869 0.0000e+00
       4268     11.764    15.6538   3.442645     2.0972     2.0680     0.0042  0.0984699     11.654    26.9297     4.0380     3.5797 0.0000e+00
       4269     11.786    15.6377   3.442424     2.0932     2.0645     0.0042  0.0984057     11.676    26.9388     4.0283     3.5724 0.0000e+00
       4270     11.808    15.6220   3.442214     2.0892     2.0610     0.0042  0.0983363     11.698    26.9476     4.0184     3.5651 0.0000e+00
       4271     11.830    15.6068   3.442026     2.0852     2.0574     0.0042  0.0982613     11.720    26.9564     4.0086     3.5574 0.0000e+00
       4272     11.852    15.5921   3.441869     2.0812     2.0539     0.0042  0.0981802     11.742    26.9650     3.9986     3.5500 0.0000e+00
       4273     11.874    15.5780   3.441743     2.0772     2.0504     0.0042  0.0980924     11.763    26.9735     3.9886     3.5425 0.0000e+00
       4274     11.896    15.5644   3.441650     2.0733     2.0469     0.0042  0.0979973     11.785    26.9820     3.9788     3.5349 0.0000e+00
       4275     11.917    15.5513   3.441587     2.0693     2.0434     0.0042  0.0978943     11.806    26.9904     3.9686     3.5273 0.0000e+00
       4276     11.939    15.5387   3.441549     2.0653     2.0399     0.0042  0.0977826     11.828    26.9987     3.9585     3.5197 0.0000e+00
       4277     11.961    15.5265   3.441533     2.0613     2.0364     0.0042  0.0976639     11.850    27.0069     3.9482     3.5120 0.0000e+00
       4278     11.984    15.5147   3.441537     2.0574     2.0329     0.0040  0.0975444     11.872    27.0150     3.9383     3.5042 0.0000e+00
       4279     12.006    15.5033   3.441556     2.0534     2.0294     0.0040  0.0974298     11.894    27.0229     3.9280     3.4964 0.0000e+00
       4280     12.028    15.4922   3.441588     2.0495     2.0259     0.0040  0.0973229     11.916    27.0308     3.9179     3.4886 0.0000e+00
       4281     12.050    15.4813   3.441631     2.0456     2.0225     0.0040  0.0972229     11.938    27.0386     3.9079     3.4810 0.0000e+00
       4282     12.072    15.4708   3.441687     2.0416     2.0190     0.0040  0.0971274     11.959    27.0463     3.8975     3.4731 0.0000e+00
       4283     12.094    15.4604   3.441754     2.0377     2.0156     0.0040  0.0970357     11.981    27.0540     3.8874     3.4655 0.0000e+00
       4284     12.116    15.4501   3.441834     2.0338     2.0121     0.0040  0.0969480     12.003    27.0618     3.8773     3.4575 0.0000e+00
       4285     12.138    15.4400   3.441927     2.0299     2.0087     0.0040  0.0968637     12.025    27.0695     3.8671     3.4498 0.0000e+00
       4286     12.160    15.4299   3.442033     2.0260     2.0053     0.0040  0.0967832     12.047    27.0773     3.8570     3.4421 0.0000e+00
       4287     12.182    15.4198   3.442153     2.0221     2.0019     0.0040  0.0967058     12.068    27.0853     3.8469     3.4343 0.0000e+00
       4288     12.204    15.4096   3.442286     2.0182     1.9984     0.0040  0.0966292     12.090    27.0935     3.8367     3.4262 0.0000e+00
       4289     12.226    15.3993   3.442432     2.0143     1.9950     0.0040  0.0965530     12.112    27.1018     3.8266     3.4184 0.0000e+00
       4290     12.248    15.3888   3.442588     2.0104     1.9916     0.0040  0.0964784     12.134    27.1104     3.8164     3.4106 0.0000e+00
       4291     12.270    15.3781   3.442751     2.0065     1.9882     0.0040  0.0964056     12.156    27.1192     3.8062     3.4028 0.0000e+00
       4292     12.292    15.3672   3.442915     2.0027     1.9848     0.0040  0.0963342     12.177    27.1281     3.7963     3.3950 0.0000e+00
       4293     12.314    15.3560   3.443079     1.9988     1.9814     0.0040  0.0962636     12.199    27.1373     3.7861     3.3871 0.0000e+00
       4294     12.336    15.3447   3.443237     1.9949     1.9780     0.0040  0.0961925     12.221    27.1464     3.7759     3.3793 0.0000e+00
       4295     12.359    15.3333   3.443386     1.9911     1.9746     0.0040  0.0961188     12.244    27.1556     3.7659     3.3714 0.0000e+00
       4296     12.381    15.3218   3.443523     1.9872     1.9712     0.0040  0.0960418     12.266    27.1647     3.7557     3.3635 0.0000e+00
       4297     12.403    15.3102   3.443641     1.9834     1.9678     0.0040  0.0959620     12.287    27.1737     3.7457     3.3556 0.0000e+00
       4298     12.425    15.2985   3.443736     1.9796     1.9644     0.0040  0.0958779     12.309    27.1826     3.7357     3.3477 0.0000e+00
       4299     12.447    15.2869   3.443803     1.9757     1.9610     0.0040  0.0957890     12.331    27.1912     3.7254     3.3397 0.0000e+00
       4300     12.469    15.2753   3.443841     1.9719     1.9576     0.0040  0.0956954     12.353    27.1996     3.7154     3.3318 0.0000e+00
       4301     12.491    15.2638   3.443850     1.9681     1.9541     0.0040  0.0955957     12.375    27.2076     3.7053     3.3236 0.0000e+00
       4302     12.513    15.2523   3.443830     1.9643     1.9507     0.0040  0.0954899     12.396    27.2154     3.6953     3.3156 0.0000e+00
       4303     12.536    15.2410   3.443779     1.9605     1.9473     0.0038  0.0953835     12.419    27.2227     3.6852     3.3077 0.0000e+00
       4304     12.558    15.2296   3.443696     1.9567     1.9439     0.0038  0.0952823     12.441    27.2299     3.6750     3.2997 0.0000e+00
       4305     12.580    15.2183   3.443578     1.9529     1.9404     0.0038  0.0951882     12.463    27.2367     3.6649     3.2915 0.0000e+00
       4306     12.602    15.2070   3.443423     1.9491     1.9370     0.0038  0.0951014     12.485    27.2432     3.6547     3.2835 0.0000e+00
       4307     12.624    15.1957   3.443226     1.9453     1.9336     0.0038  0.0950223     12.506    27.2493     3.6445     3.2755 0.0000e+00
       4308     12.646    15.1843   3.442985     1.9415     1.9301     0.0038  0.0949501     12.528    27.2550     3.6344     3.2673 0.0000e+00
       4309     12.668    15.1729   3.442696     1.9377     1.9267     0.0038  0.0948845     12.550    27.2604     3.6242     3.2594 0.0000e+00
       4310     12.690    15.1613   3.442357     1.9340     1.9233     0.0038  0.0948240     12.572    27.2655     3.6143     3.2515 0.0000e+00
       4311     12.712    15.1495   3.441964     1.9302     1.9198     0.0038  0.0947684     12.593    27.2702     3.6041     3.2434 0.0000e+00
       4312     12.735    15.1374   3.441514     1.9264     1.9164     0.0038  0.0947188     12.616    27.2747     3.5939     3.2356 0.0000e+00
       4313     12.757    15.1251   3.441005     1.9226     1.9129     0.0038  0.0946750     12.638    27.2788     3.5838     3.2276 0.0000e+00
       4314     12.779    15.1124   3.440435     1.9188     1.9095     0.0038  0.0946350     12.660    27.2826     3.5736     3.2198 0.0000e+00
       4315     12.801    15.0993   3.439803     1.9150     1.9061     0.0038  0.0945976     12.682    27.2861     3.5635     3.2122 0.0000e+00
       4316     12.823    15.0857   3.439108     1.9112     1.9026     0.0038  0.0945634     12.703    27.2895     3.5534     3.2043 0.0000e+00
       4317     12.845    15.0716   3.438346     1.9074     1.8992     0.0038  0.0945330     12.725    27.2926     3.5433     3.1967 0.0000e+00
       4318     12.867    15.0570   3.437515     1.9036     1.8957     0.0038  0.0945054     12.747    27.2954     3.5333     3.1889 0.0000e+00
       4319     12.889    15.0417   3.436615     1.8998     1.8923     0.0038  0.0944796     12.769    27.2982     3.5233     3.1815 0.0000e+00
       4320     12.911    15.0259   3.435649     1.8960     1.8889     0.0038  0.0944552     12.791    27.3007     3.5133     3.1741 0.0000e+00
       4321     12.933    15.0097   3.434627     1.8922     1.8855     0.0038  0.0944331     12.812    27.3029     3.5034     3.1667 0.0000e+00
       4322     12.955    14.9932   3.433562     1.8884     1.8820     0.0038  0.0944139     12.834    27.3051     3.4935     3.1591 0.0000e+00
       4323     12.977    14.9766   3.432473     1.8846     1.8786     0.0038  0.0943975     12.856    27.3070     3.4836     3.1518 0.0000e+00
       4324     12.999    14.9600   3.431374     1.8809     1.8752     0.0038  0.0943838     12.878    27.3089     3.4741     3.1446 0.0000e+00
       4325     13.021    14.9436   3.430283     1.8771     1.8718     0.0038  0.0943726     12.900    27.3107     3.4643     3.1374 0.0000e+00
       4326     13.043    14.9276   3.429219     1.8733     1.8684     0.0038  0.0943648     12.921    27.3125     3.4545     3.1302 0.0000e+00
       4327     13.064    14.9122   3.428201     1.8695     1.8650     0.0038  0.0943612     12.942    27.3143     3.4446     3.1230 0.0000e+00
       4328     13.086    14.8975   3.427248     1.8657     1.8616     0.0038  0.0943608     12.964    27.3161     3.4348     3.1157 0.0000e+00
       4329     13.108    14.8836   3.426376     1.8619     1.8582     0.0037  0.0943619     12.986    27.3181     3.4250     3.1085 0.0000e+00
       4330     13.130    14.8706   3.425595     1.8581     1.8548     0.0037  0.0943630     13.008    27.3203     3.4152     3.1013 0.0000e+00
       4331     13.152    14.8585   3.424912     1.8544     1.8515     0.0037  0.0943622     13.029    27.3227     3.4057     3.0942 0.0000e+00
       4332     13.174    14.8472   3.424325     1.8506     1.8481     0.0037  0.0943588     13.051    27.3254     3.3959     3.0870 0.0000e+00
       4333     13.196    14.8365   3.423823     1.8468     1.8448     0.0037  0.0943527     13.073    27.3285     3.3861     3.0799 0.0000e+00
