data/2021/ctd_data_day2/station4_ctm.cnv
* Sea-Bird SBE 9 Data File:
* FileName = C:\Users\CTD-User\Desktop\MAR440\day2\station4.hex
* Software Version Seasave V 7.26.2.13
* Temperature SN = 6313
* Conductivity SN = 4758
* Number of Bytes Per Scan = 37
* Number of Voltage Words = 4
* Number of Scans Averaged by the Deck Unit = 1
* NMEA Latitude = 58 19.41 N
* NMEA Longitude = 011 50.05 E
* NMEA UTC (Time) = Sep 22 2021 10:00:00
* NMEA baud rate = 4800
** Ship: Skagerrak
** Station: station4
** Operator: group2green
# nquan = 9
# nvalues = 2885                        
# units = specified
# name 0 = scan: Scan Count
# name 1 = prDM: Pressure, Digiquartz [db]
# name 2 = t090C: Temperature [ITS-90, deg C]
# name 3 = c0S/m: Conductivity [S/m]
# name 4 = sbeox0V: Oxygen raw, SBE 43 [V]
# name 5 = sbeox1V: Oxygen raw, SBE 43, 2 [V]
# name 6 = flECO-AFL: Fluorescence, WET Labs ECO-AFL/FL [mg/m^3]
# name 7 = upoly0: Upoly 0, Turbidity
# name 8 = flag:  0.000e+00
# span 0 =          1,       2885       
# span 1 =      0.936,     15.080       
# span 2 =    13.1755,    16.1519       
# span 3 =   2.888596,   3.427947       
# span 4 =     1.5029,     2.8889       
# span 5 =     1.5188,     2.8315       
# span 6 =     0.0040,     0.0060       
# span 7 =  0.0913272,  0.1885189       
# span 8 = 0.0000e+00, 0.0000e+00       
# interval = seconds: 0.0416667
# start_time = Sep 22 2021 10:00:00 [NMEA time, header]
# bad_flag = -9.990e-29
*END*
[from data line 1761]
       1762      1.072    14.7746   2.904974     2.8657     2.8144     0.0048  0.1767973 0.0000e+00
       1763      1.039    14.7736   2.904844     2.8645     2.8156     0.0048  0.1772857 0.0000e+00
       1764      1.072    14.7735   2.904778     2.8669     2.8156     0.0048  0.1792393 0.0000e+00
       1765      1.104    14.7735   2.904768     2.8693     2.8156     0.0048  0.1802161 0.0000e+00
       1766      1.014    14.7731   2.904831     2.8681     2.8144     0.0048  0.1807045 0.0000e+00
       1767      1.104    14.7714   2.904682     2.8693     2.8144     0.0048  0.1802161 0.0000e+00
       1768      1.071    14.7822   2.904543     2.8791     2.8144     0.0048  0.1802161 0.0000e+00
       1769      1.038    14.7705   2.904503     2.8645     2.8144     0.0048  0.1802161 0.0000e+00
       1770      1.071    14.7703   2.904497     2.8645     2.8144     0.0048  0.1802161 0.0000e+00
       1771      1.104    14.7701   2.904403     2.8669     2.8144     0.0048  0.1802161 0.0000e+00
       1772      1.071    14.7698   2.904539     2.8693     2.8144     0.0048  0.1802161 0.0000e+00
       1773      1.038    14.7692   2.904493     2.8693     2.8144     0.0048  0.1802161 0.0000e+00
       1774      1.071    14.7694   2.904291     2.8681     2.8144     0.0048  0.1802161 0.0000e+00
       1775      1.038    14.7709   2.904346     2.8693     2.8144     0.0048  0.1802161 0.0000e+00
       1776      1.071    14.7715   2.904612     2.8693     2.8144     0.0048  0.1802161 0.0000e+00
       1777      1.038    14.7707   2.904641     2.8693     2.8156     0.0048  0.1802161 0.0000e+00
       1778      1.014    14.7704   2.904519     2.8693     2.8156     0.0048  0.1802161 0.0000e+00
       1779      1.038    14.7696   2.904341     2.8681     2.8144     0.0048  0.1802161 0.0000e+00
       1780      1.071    14.7693   2.904274     2.8681     2.8156     0.0048  0.1802161 0.0000e+00
       1781      1.038    14.7691   2.904300     2.8693     2.8156     0.0048  0.1802161 0.0000e+00
       1782      1.013    14.7689   2.904300     2.8693     2.8156     0.0048  0.1802161 0.0000e+00
       1783      1.038    14.7685   2.904227     2.8693     2.8156     0.0048  0.1802161 0.0000e+00
       1784      1.013    14.7675   2.904141     2.8693     2.8144     0.0048  0.1802161 0.0000e+00
       1785      1.038    14.7671   2.903871     2.8693     2.8144     0.0048  0.1802161 0.0000e+00
       1786      1.013    14.7666   2.903710     2.8706     2.8156     0.0048  0.1802161 0.0000e+00
       1787      1.038    14.7664   2.903830     2.8693     2.8156     0.0048  0.1802161 0.0000e+00
       1788      1.071    14.7662   2.903770     2.8693     2.8156     0.0048  0.1802161 0.0000e+00
       1789      1.038    14.7669   2.903679     2.8693     2.8144     0.0048  0.1787509 0.0000e+00
       1790      1.013    14.7673   2.903681     2.8693     2.8144     0.0046  0.1772857 0.0000e+00
       1791      1.038    14.7671   2.903751     2.8706     2.8144     0.0046  0.1767973 0.0000e+00
       1792      1.071    14.7834   2.903710     2.8803     2.8156     0.0046  0.1767973 0.0000e+00
       1793      1.038    14.7686   2.903735     2.8657     2.8144     0.0046  0.1767973 0.0000e+00
       1794      1.071    14.7691   2.903945     2.8645     2.8156     0.0046  0.1767973 0.0000e+00
       1795      1.038    14.7671   2.904025     2.8693     2.8156     0.0046  0.1767973 0.0000e+00
       1796      1.071    14.7642   2.903762     2.8706     2.8156     0.0046  0.1767973 0.0000e+00
       1797      1.038    14.7627   2.903367     2.8693     2.8156     0.0046  0.1767973 0.0000e+00
       1798      1.071    14.7617   2.903183     2.8693     2.8156     0.0046  0.1772857 0.0000e+00
       1799      1.038    14.7756   2.903208     2.8791     2.8156     0.0048  0.1767973 0.0000e+00
       1800      1.071    14.7624   2.903114     2.8669     2.8144     0.0046  0.1767973 0.0000e+00
       1801      1.038    14.7617   2.903101     2.8657     2.8156     0.0046  0.1767973 0.0000e+00
       1802      1.071    14.7611   2.903033     2.8681     2.8156     0.0046  0.1767973 0.0000e+00
       1803      1.038    14.7606   2.902932     2.8693     2.8156     0.0046  0.1767973 0.0000e+00
       1804      1.071    14.7597   2.902820     2.8693     2.8156     0.0046  0.1767973 0.0000e+00
       1805      1.038    14.7606   2.902976     2.8693     2.8156     0.0046  0.1767973 0.0000e+00
       1806      1.013    14.7617   2.903228     2.8706     2.8156     0.0046  0.1767973 0.0000e+00
       1807      1.104    14.7630   2.903233     2.8693     2.8144     0.0046  0.1767973 0.0000e+00
       1808      1.013    14.7618   2.903124     2.8681     2.8144     0.0046  0.1767973 0.0000e+00
       1809      1.038    14.7605   2.903113     2.8681     2.8144     0.0046  0.1767973 0.0000e+00
       1810      1.071    14.7602   2.902998     2.8706     2.8144     0.0046  0.1767973 0.0000e+00
       1811      0.980    14.7602   2.902790     2.8706     2.8144     0.0046  0.1767973 0.0000e+00
       1812      1.071    14.7602   2.902516     2.8693     2.8144     0.0046  0.1767973 0.0000e+00
       1813      0.980    14.7609   2.902727     2.8681     2.8144     0.0046  0.1767973 0.0000e+00
       1814      1.070    14.7611   2.902761     2.8693     2.8144     0.0046  0.1767973 0.0000e+00
       1815      1.038    14.7611   2.902887     2.8693     2.8144     0.0048  0.1772857 0.0000e+00
       1816      1.013    14.7603   2.902764     2.8693     2.8144     0.0048  0.1772857 0.0000e+00
       1817      0.980    14.7598   2.902751     2.8693     2.8144     0.0048  0.1772857 0.0000e+00
       1818      1.070    14.7593   2.902667     2.8681     2.8144     0.0048  0.1772857 0.0000e+00
       1819      0.980    14.7635   2.902667     2.8742     2.8144     0.0048  0.1772857 0.0000e+00
       1820      1.013    14.7646   2.902819     2.8718     2.8144     0.0048  0.1772857 0.0000e+00
       1821      1.037    14.7643   2.903130     2.8657     2.8144     0.0048  0.1772857 0.0000e+00
       1822      1.013    14.7647   2.903406     2.8669     2.8144     0.0048  0.1772857 0.0000e+00
       1823      1.037    14.7632   2.903378     2.8693     2.8144     0.0046  0.1772857 0.0000e+00
       1824      1.013    14.7615   2.903016     2.8681     2.8144     0.0048  0.1772857 0.0000e+00
       1825      1.037    14.7603   2.902759     2.8706     2.8144     0.0048  0.1772857 0.0000e+00
       1826      1.013    14.7595   2.902712     2.8693     2.8144     0.0048  0.1772857 0.0000e+00
       1827      1.037    14.7593   2.902614     2.8693     2.8144     0.0048  0.1772857 0.0000e+00
       1828      1.070    14.7591   2.902514     2.8693     2.8144     0.0048  0.1772857 0.0000e+00
       1829      1.037    14.7586   2.902430     2.8693     2.8144     0.0048  0.1782625 0.0000e+00
       1830      1.012    14.7568   2.902303     2.8706     2.8144     0.0048  0.1772857 0.0000e+00
       1831      1.103    14.7558   2.902163     2.8693     2.8144     0.0048  0.1772857 0.0000e+00
       1832      1.012    14.7576   2.902137     2.8693     2.8144     0.0048  0.1782625 0.0000e+00
       1833      1.037    14.7593   2.902324     2.8693     2.8144     0.0048  0.1772857 0.0000e+00
       1834      1.070    14.7598   2.902513     2.8706     2.8144     0.0048  0.1782625 0.0000e+00
       1835      1.037    14.7598   2.902693     2.8706     2.8144     0.0048  0.1772857 0.0000e+00
       1836      1.070    14.7591   2.902659     2.8693     2.8144     0.0048  0.1772857 0.0000e+00
       1837      1.037    14.7588   2.902548     2.8693     2.8144     0.0048  0.1772857 0.0000e+00
       1838      1.012    14.7585   2.902279     2.8693     2.8144     0.0048  0.1782625 0.0000e+00
       1839      1.037    14.7583   2.902256     2.8693     2.8144     0.0048  0.1772857 0.0000e+00
       1840      1.070    14.7566   2.902063     2.8693     2.8144     0.0048  0.1782625 0.0000e+00
       1841      1.037    14.7536   2.901784     2.8681     2.8144     0.0046  0.1792393 0.0000e+00
       1842      1.012    14.7521   2.901466     2.8693     2.8144     0.0046  0.1797277 0.0000e+00
       1843      1.037    14.7536   2.901472     2.8681     2.8156     0.0046  0.1792393 0.0000e+00
       1844      1.012    14.7558   2.901607     2.8706     2.8144     0.0046  0.1792393 0.0000e+00
       1845      1.037    14.7570   2.901973     2.8693     2.8156     0.0046  0.1792393 0.0000e+00
       1846      1.070    14.7566   2.902164     2.8693     2.8156     0.0046  0.1792393 0.0000e+00
       1847      1.037    14.7556   2.902089     2.8681     2.8156     0.0046  0.1792393 0.0000e+00
       1848      1.012    14.7531   2.901942     2.8693     2.8156     0.0046  0.1792393 0.0000e+00
       1849      1.037    14.7482   2.901579     2.8693     2.8156     0.0046  0.1792393 0.0000e+00
       1850      1.012    14.7445   2.901034     2.8693     2.8156     0.0046  0.1792393 0.0000e+00
       1851      1.037    14.7423   2.900374     2.8693     2.8156     0.0046  0.1792393 0.0000e+00
       1852      1.012    14.7418   2.899868     2.8693     2.8156     0.0046  0.1792393 0.0000e+00
       1853      0.979    14.7428   2.899506     2.8693     2.8156     0.0046  0.1792393 0.0000e+00
       1854      1.070    14.7438   2.899691     2.8693     2.8156     0.0046  0.1792393 0.0000e+00
       1855      0.979    14.7593   2.900064     2.8791     2.8156     0.0048  0.1792393 0.0000e+00
       1856      1.012    14.7437   2.900118     2.8645     2.8156     0.0046  0.1792393 0.0000e+00
       1857      1.037    14.7554   2.900131     2.8742     2.8156     0.0046  0.1792393 0.0000e+00
       1858      1.012    14.7440   2.900180     2.8657     2.8156     0.0046  0.1792393 0.0000e+00
       1859      1.036    14.7422   2.900147     2.8645     2.8156     0.0046  0.1792393 0.0000e+00
       1860      1.012    14.7428   2.899865     2.8742     2.8168     0.0046  0.1792393 0.0000e+00
       1861      1.036    14.7404   2.899506     2.8669     2.8156     0.0046  0.1792393 0.0000e+00
       1862      1.012    14.7393   2.899332     2.8645     2.8168     0.0046  0.1792393 0.0000e+00
       1863      1.036    14.7404   2.899320     2.8693     2.8168     0.0046  0.1792393 0.0000e+00
       1864      1.069    14.7429   2.899506     2.8693     2.8168     0.0046  0.1792393 0.0000e+00
       1865      1.036    14.7432   2.899650     2.8693     2.8168     0.0046  0.1792393 0.0000e+00
       1866      1.069    14.7433   2.899842     2.8681     2.8168     0.0048  0.1782625 0.0000e+00
       1867      1.036    14.7608   2.900080     2.8779     2.8168     0.0048  0.1772857 0.0000e+00
       1868      1.069    14.7450   2.900063     2.8693     2.8168     0.0048  0.1772857 0.0000e+00
       1869      1.036    14.7446   2.900089     2.8657     2.8168     0.0048  0.1772857 0.0000e+00
       1870      1.069    14.7450   2.900151     2.8681     2.8168     0.0048  0.1772857 0.0000e+00
       1871      1.036    14.7443   2.900149     2.8693     2.8168     0.0048  0.1772857 0.0000e+00
       1872      1.011    14.7441   2.900143     2.8693     2.8168     0.0048  0.1772857 0.0000e+00
       1873      1.036    14.7453   2.900329     2.8706     2.8168     0.0048  0.1772857 0.0000e+00
       1874      1.069    14.7662   2.900755     2.8791     2.8168     0.0048  0.1772857 0.0000e+00
       1875      1.036    14.7524   2.901173     2.8657     2.8156     0.0048  0.1772857 0.0000e+00
       1876      1.069    14.7517   2.901345     2.8645     2.8168     0.0048  0.1772857 0.0000e+00
       1877      0.978    14.7502   2.901220     2.8693     2.8168     0.0048  0.1772857 0.0000e+00
       1878      1.069    14.7481   2.900916     2.8706     2.8156     0.0048  0.1772857 0.0000e+00
       1879      1.036    14.7640   2.900595     2.8803     2.8168     0.0048  0.1772857 0.0000e+00
       1880      1.011    14.7484   2.900517     2.8657     2.8156     0.0048  0.1772857 0.0000e+00
       1881      1.036    14.7481   2.900747     2.8645     2.8156     0.0048  0.1772857 0.0000e+00
       1882      1.069    14.7485   2.900852     2.8693     2.8168     0.0048  0.1772857 0.0000e+00
       1883      0.978    14.7505   2.901019     2.8706     2.8168     0.0048  0.1772857 0.0000e+00
       1884      1.069    14.7546   2.901327     2.8693     2.8156     0.0048  0.1782625 0.0000e+00
       1885      1.036    14.7602   2.901923     2.8693     2.8156     0.0048  0.1772857 0.0000e+00
       1886      1.011    14.7620   2.902576     2.8693     2.8156     0.0048  0.1772857 0.0000e+00
       1887      0.978    14.7603   2.902751     2.8706     2.8168     0.0048  0.1772857 0.0000e+00
       1888      1.069    14.7574   2.902482     2.8706     2.8168     0.0048  0.1772857 0.0000e+00
       1889      0.978    14.7529   2.902137     2.8693     2.8156     0.0048  0.1772857 0.0000e+00
       1890      1.069    14.7497   2.901675     2.8693     2.8168     0.0048  0.1772857 0.0000e+00
       1891      0.978    14.7635   2.901339     2.8791     2.8181     0.0048  0.1772857 0.0000e+00
       1892      1.011    14.7497   2.901078     2.8669     2.8156     0.0048  0.1782625 0.0000e+00
       1893      1.036    14.7487   2.901036     2.8669     2.8168     0.0048  0.1782625 0.0000e+00
       1894      1.011    14.7490   2.901120     2.8693     2.8168     0.0048  0.1782625 0.0000e+00
       1895      1.036    14.7493   2.901127     2.8706     2.8168     0.0048  0.1782625 0.0000e+00
       1896      1.011    14.7519   2.901192     2.8706     2.8168     0.0048  0.1782625 0.0000e+00
       1897      1.036    14.7539   2.901523     2.8718     2.8168     0.0048  0.1777741 0.0000e+00
       1898      1.011    14.7566   2.901901     2.8706     2.8168     0.0048  0.1782625 0.0000e+00
       1899      1.036    14.7568   2.902176     2.8693     2.8168     0.0048  0.1782625 0.0000e+00
       1900      1.069    14.7551   2.902043     2.8706     2.8168     0.0048  0.1777741 0.0000e+00
       1901      1.036    14.7522   2.901747     2.8718     2.8168     0.0048  0.1777741 0.0000e+00
       1902      1.011    14.7497   2.901447     2.8718     2.8168     0.0048  0.1777741 0.0000e+00
       1903      1.035    14.7510   2.901348     2.8718     2.8168     0.0048  0.1777741 0.0000e+00
       1904      1.068    14.7549   2.901441     2.8706     2.8168     0.0048  0.1782625 0.0000e+00
       1905      1.035    14.7581   2.901886     2.8706     2.8168     0.0048  0.1782625 0.0000e+00
       1906      1.068    14.7595   2.902253     2.8718     2.8181     0.0048  0.1782625 0.0000e+00
       1907      1.035    14.7642   2.902797     2.8730     2.8181     0.0048  0.1777741 0.0000e+00
       1908      1.068    14.7832   2.903648     2.8791     2.8181     0.0048  0.1777741 0.0000e+00
       1909      1.035    14.7694   2.904050     2.8706     2.8168     0.0048  0.1777741 0.0000e+00
       1910      1.068    14.7628   2.903898     2.8657     2.8168     0.0048  0.1777741 0.0000e+00
       1911      1.035    14.7558   2.903257     2.8706     2.8181     0.0048  0.1782625 0.0000e+00
       1912      1.068    14.7499   2.902336     2.8742     2.8181     0.0048  0.1782625 0.0000e+00
       1913      1.035    14.7645   2.901560     2.8816     2.8181     0.0048  0.1777741 0.0000e+00
       1914      1.068    14.7437   2.900555     2.8681     2.8168     0.0048  0.1777741 0.0000e+00
       1915      1.035    14.7473   2.900273     2.8669     2.8181     0.0048  0.1782625 0.0000e+00
       1916      1.010    14.7475   2.900657     2.8718     2.8181     0.0048  0.1782625 0.0000e+00
       1917      1.035    14.7461   2.900904     2.8718     2.8181     0.0046  0.1767973 0.0000e+00
       1918      1.010    14.7469   2.900781     2.8718     2.8181     0.0046  0.1763089 0.0000e+00
       1919      1.035    14.7487   2.900756     2.8706     2.8193     0.0046  0.1763089 0.0000e+00
       1920      1.010    14.6873   2.900476     2.8779     2.8193     0.0046  0.1763089 0.0000e+00
