data/2021/ctd_data_day2/station4_ctm_fil_le_der.cnv
* Sea-Bird SBE 9 Data File:
* FileName = C:\Users\CTD-User\Desktop\MAR440\day2\station4.hex
* Software Version Seasave V 7.26.2.13
* Temperature SN = 6313
* Conductivity SN = 4758
* Number of Bytes Per Scan = 37
* Number of Voltage Words = 4
* Number of Scans Averaged by the Deck Unit = 1
* NMEA Latitude = 58 19.41 N
* NMEA Longitude = 011 50.05 E
* NMEA UTC (Time) = Sep 22 2021 10:00:00
* NMEA baud rate = 4800
** Ship: Skagerrak
** Station: station4
** Operator: group2green
# nquan = 13                                
# nvalues = 2885                        
# units = specified
# name 0 = scan: Scan Count
# name 1 = prDM: Pressure, Digiquartz [db]
# name 2 = t090C: Temperature [ITS-90, deg C]
# name 3 = c0S/m: Conductivity [S/m]
# name 4 = sbeox0V: Oxygen raw, SBE 43 [V]
# name 5 = sbeox1V: Oxygen raw, SBE 43, 2 [V]
# name 6 = flECO-AFL: Fluorescence, WET Labs ECO-AFL/FL [mg/m^3]
# name 7 = upoly0: Upoly 0, Turbidity
# name 8 = depSM: Depth [salt water, m], lat = 58.3235
# name 9 = sal00: Salinity, Practical [PSU]
# name 10 = sbeox0ML/L: Oxygen, SBE 43 [ml/l], WS = 2
# name 11 = sbeox1ML/L: Oxygen, SBE 43, 2 [ml/l], WS = 2
# name 12 = flag: flag
# span 0 =          1,       2885       
# span 1 =      1.014,     14.941       
# span 2 =    13.2524,    16.0381       
# span 3 =   2.889518,   3.419945       
# span 4 =     1.5512,     2.8831       
# span 5 =     1.5676,     2.8305       
# span 6 =     0.0040,     0.0060       
# span 7 =  0.0914191,  0.1845063       
# span 8 =      1.005,     14.802       
# span 9 =    22.7524,    28.4258       
# span 10 =     2.8448,     7.1064      
# span 11 =     2.6133,     6.0742      
# span 12 = 0.0000e+00, 0.0000e+00      
# interval = seconds: 0.0416667
# start_time = Sep 22 2021 10:00:00 [NMEA time, header]
# bad_flag = -9.990e-29
*END*
[from data line 778]
        779      2.372    14.8687   2.920781     2.7262     2.6796     0.0044  0.1598004      2.350    22.9138     6.7133     5.7372 -9.990e-29
        780      2.353    14.8659   2.920273     2.7270     2.6803     0.0044  0.1598548      2.331    22.9110     6.7168     5.7391 -9.990e-29
        781      2.334    14.8632   2.919773     2.7277     2.6810     0.0044  0.1599144      2.312    22.9083     6.7200     5.7410 -9.990e-29
        782      2.315    14.8605   2.919286     2.7285     2.6818     0.0044  0.1599790      2.293    22.9057     6.7236     5.7432 -9.990e-29
        783      2.296    14.8580   2.918816     2.7293     2.6825     0.0044  0.1600489      2.275    22.9031     6.7272     5.7451 -9.990e-29
        784      2.278    14.8556   2.918367     2.7301     2.6832     0.0044  0.1601245      2.257    22.9006     6.7308     5.7469 -9.990e-29
        785      2.259    14.8534   2.917940     2.7309     2.6840     0.0044  0.1602065      2.238    22.8982     6.7344     5.7490 -9.990e-29
        786      2.240    14.8513   2.917539     2.7317     2.6847     0.0044  0.1602963      2.219    22.8960     6.7380     5.7508 -9.990e-29
        787      2.221    14.8493   2.917164     2.7325     2.6854     0.0044  0.1603952      2.200    22.8939     6.7416     5.7526 -9.990e-29
        788      2.202    14.8476   2.916818     2.7333     2.6861     0.0044  0.1605032      2.182    22.8919     6.7452     5.7543 -9.990e-29
        789      2.183    14.8460   2.916501     2.7342     2.6868     0.0044  0.1606211      2.163    22.8901     6.7491     5.7560 -9.990e-29
        790      2.165    14.8445   2.916213     2.7350     2.6875     0.0044  0.1607504      2.145    22.8885     6.7528     5.7577 -9.990e-29
        791      2.146    14.8432   2.915949     2.7358     2.6882     0.0044  0.1608912      2.126    22.8870     6.7563     5.7594 -9.990e-29
        792      2.127    14.8420   2.915704     2.7367     2.6889     0.0044  0.1610437      2.107    22.8856     6.7603     5.7610 -9.990e-29
        793      2.109    14.8408   2.915477     2.7376     2.6896     0.0044  0.1612090      2.089    22.8843     6.7642     5.7627 -9.990e-29
        794      2.090    14.8397   2.915271     2.7384     2.6903     0.0044  0.1613855      2.071    22.8832     6.7678     5.7643 -9.990e-29
        795      2.072    14.8387   2.915085     2.7393     2.6910     0.0044  0.1615661      2.053    22.8822     6.7717     5.7659 -9.990e-29
        796      2.053    14.8378   2.914913     2.7402     2.6917     0.0044  0.1617427      2.034    22.8812     6.7756     5.7675 -9.990e-29
        797      2.035    14.8369   2.914752     2.7411     2.6924     0.0044  0.1619123      2.016    22.8804     6.7796     5.7690 -9.990e-29
        798      2.017    14.8361   2.914601     2.7421     2.6930     0.0044  0.1620742      1.998    22.8795     6.7838     5.7703 -9.990e-29
        799      1.999    14.8353   2.914460     2.7430     2.6937     0.0044  0.1622289      1.980    22.8788     6.7877     5.7718 -9.990e-29
        800      1.981    14.8346   2.914327     2.7439     2.6944     0.0044  0.1623774      1.963    22.8780     6.7916     5.7733 -9.990e-29
        801      1.963    14.8339   2.914203     2.7449     2.6951     0.0044  0.1625207      1.945    22.8774     6.7958     5.7748 -9.990e-29
        802      1.945    14.8333   2.914086     2.7458     2.6957     0.0044  0.1626598      1.927    22.8767     6.7997     5.7760 -9.990e-29
        803      1.927    14.8328   2.913979     2.7468     2.6964     0.0044  0.1627965      1.909    22.8761     6.8038     5.7774 -9.990e-29
        804      1.909    14.8323   2.913884     2.7478     2.6971     0.0044  0.1629327      1.891    22.8756     6.8079     5.7788 -9.990e-29
        805      1.892    14.8319   2.913800     2.7488     2.6977     0.0044  0.1630692      1.874    22.8751     6.8120     5.7800 -9.990e-29
        806      1.874    14.8316   2.913728     2.7497     2.6984     0.0044  0.1632071      1.857    22.8746     6.8157     5.7814 -9.990e-29
        807      1.857    14.8314   2.913669     2.7508     2.6991     0.0044  0.1633464      1.840    22.8743     6.8199     5.7827 -9.990e-29
        808      1.840    14.8313   2.913623     2.7518     2.6997     0.0044  0.1634882      1.823    22.8739     6.8238     5.7838 -9.990e-29
        809      1.822    14.8313   2.913591     2.7528     2.7004     0.0044  0.1636341      1.805    22.8737     6.8277     5.7851 -9.990e-29
        810      1.805    14.8313   2.913574     2.7538     2.7010     0.0044  0.1637854      1.788    22.8735     6.8315     5.7861 -9.990e-29
        811      1.788    14.8315   2.913572     2.7548     2.7017     0.0044  0.1639429      1.771    22.8734     6.8353     5.7874 -9.990e-29
        812      1.772    14.8318   2.913585     2.7559     2.7023     0.0044  0.1641070      1.756    22.8733     6.8392     5.7884 -9.990e-29
        813      1.755    14.8321   2.913610     2.7569     2.7030     0.0044  0.1642780      1.739    22.8734     6.8428     5.7897 -9.990e-29
        814      1.739    14.8324   2.913647     2.7580     2.7036     0.0044  0.1644578      1.723    22.8735     6.8467     5.7907 -9.990e-29
        815      1.722    14.8328   2.913694     2.7590     2.7042     0.0044  0.1646487      1.706    22.8737     6.8502     5.7917 -9.990e-29
        816      1.707    14.8333   2.913752     2.7601     2.7049     0.0044  0.1648510      1.691    22.8739     6.8539     5.7929 -9.990e-29
        817      1.691    14.8339   2.913821     2.7612     2.7055     0.0042  0.1650653      1.675    22.8742     6.8575     5.7939 -9.990e-29
        818      1.675    14.8345   2.913904     2.7623     2.7061     0.0044  0.1652940      1.659    22.8745     6.8612     5.7949 -9.990e-29
        819      1.660    14.8353   2.914002     2.7633     2.7067     0.0044  0.1655387      1.645    22.8749     6.8643     5.7960 -9.990e-29
        820      1.645    14.8361   2.914119     2.7644     2.7073     0.0051  0.1657925      1.630    22.8755     6.8677     5.7970 -9.990e-29
        821      1.630    14.8370   2.914255     2.7655     2.7078     0.0055  0.1660403      1.615    22.8761     6.8711     5.7978 -9.990e-29
        822      1.616    14.8380   2.914407     2.7666     2.7084     0.0055  0.1662710      1.601    22.8768     6.8743     5.7989 -9.990e-29
        823      1.602    14.8391   2.914572     2.7677     2.7090     0.0053  0.1664837      1.587    22.8776     6.8775     5.8000 -9.990e-29
        824      1.588    14.8402   2.914747     2.7688     2.7095     0.0053  0.1666816      1.573    22.8785     6.8806     5.8008 -9.990e-29
        825      1.575    14.8413   2.914931     2.7699     2.7101     0.0053  0.1668668      1.560    22.8795     6.8837     5.8020 -9.990e-29
        826      1.562    14.8424   2.915121     2.7709     2.7106     0.0053  0.1670399      1.547    22.8805     6.8864     5.8029 -9.990e-29
        827      1.549    14.8436   2.915317     2.7720     2.7111     0.0053  0.1672003      1.535    22.8815     6.8893     5.8039 -9.990e-29
        828      1.537    14.8448   2.915521     2.7731     2.7116     0.0053  0.1673491      1.523    22.8825     6.8921     5.8049 -9.990e-29
        829      1.524    14.8461   2.915734     2.7742     2.7122     0.0053  0.1674891      1.510    22.8836     6.8949     5.8062 -9.990e-29
        830      1.513    14.8474   2.915960     2.7752     2.7127     0.0053  0.1676222      1.499    22.8848     6.8973     5.8073 -9.990e-29
        831      1.501    14.8489   2.916201     2.7763     2.7132     0.0053  0.1677491      1.487    22.8860     6.9000     5.8083 -9.990e-29
        832      1.490    14.8504   2.916460     2.7774     2.7137     0.0053  0.1678709      1.476    22.8874     6.9025     5.8095 -9.990e-29
        833      1.479    14.8521   2.916741     2.7784     2.7142     0.0053  0.1679884      1.465    22.8888     6.9047     5.8107 -9.990e-29
        834      1.468    14.8539   2.917045     2.7795     2.7148     0.0053  0.1681023      1.454    22.8904     6.9071     5.8121 -9.990e-29
        835      1.458    14.8559   2.917374     2.7806     2.7153     0.0053  0.1682135      1.444    22.8921     6.9094     5.8134 -9.990e-29
        836      1.448    14.8580   2.917726     2.7816     2.7158     0.0053  0.1683227      1.435    22.8939     6.9113     5.8146 -9.990e-29
        837      1.439    14.8600   2.918091     2.7827     2.7164     0.0053  0.1684308      1.426    22.8959     6.9134     5.8162 -9.990e-29
        838      1.430    14.8620   2.918454     2.7837     2.7169     0.0053  0.1685384      1.417    22.8978     6.9152     5.8176 -9.990e-29
        839      1.421    14.8637   2.918796     2.7847     2.7175     0.0053  0.1686463      1.408    22.8998     6.9171     5.8193 -9.990e-29
        840      1.413    14.8652   2.919099     2.7857     2.7181     0.0053  0.1687552      1.400    22.9016     6.9189     5.8211 -9.990e-29
        841      1.405    14.8665   2.919356     2.7868     2.7186     0.0053  0.1688660      1.392    22.9030     6.9210     5.8227 -9.990e-29
        842      1.397    14.8674   2.919562     2.7878     2.7192     0.0053  0.1689794      1.384    22.9043     6.9228     5.8246 -9.990e-29
        843      1.389    14.8681   2.919719     2.7888     2.7198     0.0053  0.1690961      1.376    22.9052     6.9246     5.8267 -9.990e-29
        844      1.382    14.8686   2.919829     2.7897     2.7204     0.0053  0.1692170      1.369    22.9059     6.9262     5.8288 -9.990e-29
        845      1.375    14.8688   2.919897     2.7907     2.7210     0.0049  0.1693404      1.362    22.9064     6.9280     5.8310 -9.990e-29
        846      1.368    14.8688   2.919924     2.7917     2.7217     0.0046  0.1694595      1.355    22.9066     6.9299     5.8335 -9.990e-29
        847      1.362    14.8687   2.919918     2.7927     2.7223     0.0044  0.1695666      1.349    22.9066     6.9317     5.8357 -9.990e-29
        848      1.356    14.8685   2.919886     2.7936     2.7230     0.0044  0.1696591      1.343    22.9064     6.9333     5.8383 -9.990e-29
        849      1.351    14.8682   2.919832     2.7946     2.7236     0.0044  0.1697385      1.338    22.9061     6.9351     5.8406 -9.990e-29
        850      1.346    14.8678   2.919762     2.7955     2.7243     0.0044  0.1698061      1.333    22.9058     6.9366     5.8432 -9.990e-29
        851      1.341    14.8674   2.919679     2.7964     2.7250     0.0044  0.1698625      1.329    22.9053     6.9380     5.8459 -9.990e-29
        852      1.337    14.8669   2.919585     2.7974     2.7256     0.0044  0.1699080      1.325    22.9048     6.9398     5.8482 -9.990e-29
        853      1.332    14.8664   2.919484     2.7983     2.7263     0.0044  0.1699429      1.320    22.9042     6.9412     5.8508 -9.990e-29
        854      1.328    14.8658   2.919375     2.7992     2.7270     0.0044  0.1699676      1.316    22.9036     6.9426     5.8535 -9.990e-29
        855      1.325    14.8650   2.919259     2.8001     2.7277     0.0044  0.1699821      1.313    22.9031     6.9440     5.8561 -9.990e-29
        856      1.322    14.8642   2.919131     2.8009     2.7285     0.0044  0.1699865      1.310    22.9024     6.9450     5.8590 -9.990e-29
        857      1.319    14.8633   2.918990     2.8018     2.7292     0.0044  0.1699810      1.307    22.9017     6.9464     5.8616 -9.990e-29
        858      1.316    14.8622   2.918835     2.8026     2.7299     0.0044  0.1699654      1.304    22.9011     6.9474     5.8642 -9.990e-29
        859      1.313    14.8611   2.918670     2.8035     2.7307     0.0044  0.1699396      1.301    22.9003     6.9487     5.8670 -9.990e-29
        860      1.310    14.8599   2.918494     2.8043     2.7314     0.0044  0.1699036      1.298    22.8995     6.9497     5.8695 -9.990e-29
        861      1.307    14.8587   2.918304     2.8051     2.7322     0.0044  0.1698569      1.295    22.8985     6.9507     5.8723 -9.990e-29
        862      1.305    14.8573   2.918101     2.8059     2.7329     0.0044  0.1697993      1.293    22.8976     6.9517     5.8748 -9.990e-29
        863      1.302    14.8558   2.917883     2.8067     2.7337     0.0044  0.1697304      1.290    22.8966     6.9527     5.8776 -9.990e-29
        864      1.299    14.8543   2.917648     2.8075     2.7345     0.0044  0.1696498      1.287    22.8954     6.9537     5.8803 -9.990e-29
        865      1.296    14.8526   2.917393     2.8083     2.7352     0.0044  0.1695568      1.284    22.8942     6.9546     5.8827 -9.990e-29
        866      1.293    14.8508   2.917119     2.8090     2.7360     0.0044  0.1694508      1.281    22.8929     6.9553     5.8854 -9.990e-29
        867      1.291    14.8488   2.916823     2.8098     2.7368     0.0044  0.1693310      1.279    22.8915     6.9563     5.8880 -9.990e-29
        868      1.288    14.8468   2.916508     2.8105     2.7376     0.0044  0.1691967      1.276    22.8900     6.9570     5.8906 -9.990e-29
        869      1.286    14.8446   2.916177     2.8113     2.7384     0.0044  0.1690469      1.274    22.8884     6.9579     5.8932 -9.990e-29
        870      1.284    14.8424   2.915837     2.8120     2.7392     0.0044  0.1688814      1.272    22.8867     6.9585     5.8957 -9.990e-29
        871      1.281    14.8402   2.915495     2.8126     2.7399     0.0046  0.1687067      1.269    22.8851     6.9588     5.8980 -9.990e-29
        872      1.279    14.8380   2.915154     2.8133     2.7407     0.0048  0.1685369      1.267    22.8834     6.9594     5.9004 -9.990e-29
        873      1.277    14.8358   2.914817     2.8140     2.7415     0.0048  0.1683809      1.265    22.8818     6.9600     5.9029 -9.990e-29
        874      1.275    14.8337   2.914484     2.8146     2.7423     0.0048  0.1682395      1.263    22.8801     6.9603     5.9052 -9.990e-29
        875      1.274    14.8316   2.914153     2.8152     2.7431     0.0048  0.1681115      1.262    22.8785     6.9605     5.9075 -9.990e-29
        876      1.272    14.8295   2.913821     2.8159     2.7439     0.0048  0.1679954      1.260    22.8768     6.9610     5.9098 -9.990e-29
        877      1.270    14.8273   2.913482     2.8164     2.7447     0.0048  0.1678893      1.258    22.8752     6.9610     5.9121 -9.990e-29
        878      1.269    14.8250   2.913132     2.8170     2.7455     0.0048  0.1677927      1.257    22.8735     6.9613     5.9142 -9.990e-29
        879      1.267    14.8226   2.912769     2.8176     2.7463     0.0048  0.1677047      1.255    22.8718     6.9616     5.9164 -9.990e-29
        880      1.266    14.8201   2.912392     2.8181     2.7470     0.0048  0.1676249      1.254    22.8700     6.9616     5.9183 -9.990e-29
        881      1.265    14.8175   2.912002     2.8187     2.7478     0.0048  0.1675526      1.253    22.8681     6.9619     5.9204 -9.990e-29
        882      1.263    14.8149   2.911601     2.8192     2.7486     0.0048  0.1674873      1.251    22.8662     6.9620     5.9225 -9.990e-29
        883      1.261    14.8123   2.911196     2.8197     2.7494     0.0048  0.1674286      1.249    22.8642     6.9620     5.9245 -9.990e-29
        884      1.260    14.8097   2.910788     2.8202     2.7501     0.0048  0.1673761      1.248    22.8622     6.9621     5.9263 -9.990e-29
        885      1.258    14.8072   2.910380     2.8207     2.7509     0.0048  0.1673294      1.246    22.8601     6.9622     5.9282 -9.990e-29
        886      1.256    14.8049   2.909974     2.8211     2.7516     0.0048  0.1672882      1.244    22.8580     6.9620     5.9299 -9.990e-29
        887      1.254    14.8026   2.909575     2.8216     2.7524     0.0048  0.1672522      1.242    22.8559     6.9622     5.9317 -9.990e-29
        888      1.252    14.8005   2.909188     2.8220     2.7531     0.0048  0.1672211      1.240    22.8537     6.9620     5.9332 -9.990e-29
