data/2021/ctd_data_day2/station1_ctm_fil_le_der.cnv
* Sea-Bird SBE 9 Data File:
* FileName = C:\Users\CTD-User\Desktop\MAR440\day2\station1.hex
* Software Version Seasave V 7.26.2.13
* Temperature SN = 6313
* Conductivity SN = 4758
* Number of Bytes Per Scan = 37
* Number of Voltage Words = 4
* Number of Scans Averaged by the Deck Unit = 1
* NMEA Latitude = 58 20.54 N
* NMEA Longitude = 011 54.21 E
* NMEA UTC (Time) = Sep 22 2021 08:39:44
* NMEA baud rate = 4800
** Ship: Skagerak
** Station: 1
** Operator: JD
# nquan = 13                                
# nvalues = 2892                        
# units = specified
# name 0 = scan: Scan Count
# name 1 = prDM: Pressure, Digiquartz [db]
# name 2 = t090C: Temperature [ITS-90, deg C]
# name 3 = c0S/m: Conductivity [S/m]
# name 4 = sbeox0V: Oxygen raw, SBE 43 [V]
# name 5 = sbeox1V: Oxygen raw, SBE 43, 2 [V]
# name 6 = flECO-AFL: Fluorescence, WET Labs ECO-AFL/FL [mg/m^3]
# name 7 = upoly0: Upoly 0, Turbidity
# name 8 = depSM: Depth [salt water, m], lat = 58.3423
# name 9 = sal00: Salinity, Practical [PSU]
# name 10 = sbeox0ML/L: Oxygen, SBE 43 [ml/l], WS = 2
# name 11 = sbeox1ML/L: Oxygen, SBE 43, 2 [ml/l], WS = 2
# name 12 = flag: flag
# span 0 =          1,       2892       
# span 1 =      0.662,     14.120       
# span 2 =    12.5087,    16.0451       
# span 3 =   2.902689,   3.378989       
# span 4 =     1.6507,     2.8491       
# span 5 =     1.6122,     2.7286       
# span 6 =     0.0046,     0.0064       
# span 7 =  0.0929525,  0.1908770       
# span 8 =      0.656,     13.988       
# span 9 =    22.7122,    28.6172       
# span 10 =     3.0032,     6.9789      
# span 11 =     2.6272,     5.8483      
# span 12 = 0.0000e+00, 0.0000e+00      
# interval = seconds: 0.0416667
# start_time = Sep 22 2021 08:39:44 [NMEA time, header]
# bad_flag = -9.990e-29
*END*
[from data line 112]
        113      1.830    15.1943   2.922559     2.1739     2.2446     0.0064  0.1747344      1.813    22.7399     4.9206     4.5396 -9.990e-29
        114      1.830    15.1942   2.922575     2.1739     2.2448     0.0064  0.1747091      1.813    22.7401     4.9204     4.5393 -9.990e-29
        115      1.830    15.1941   2.922588     2.1738     2.2450     0.0064  0.1746864      1.813    22.7402     4.9199     4.5390 -9.990e-29
        116      1.829    15.1940   2.922596     2.1738     2.2452     0.0064  0.1746659      1.812    22.7404     4.9197     4.5388 -9.990e-29
        117      1.830    15.1939   2.922598     2.1737     2.2454     0.0062  0.1746476      1.813    22.7404     4.9193     4.5385 -9.990e-29
        118      1.829    15.1938   2.922595     2.1736     2.2456     0.0064  0.1746313      1.812    22.7405     4.9188     4.5382 -9.990e-29
        119      1.829    15.1938   2.922586     2.1736     2.2458     0.0057  0.1746169      1.812    22.7404     4.9186     4.5378 -9.990e-29
        120      1.829    15.1937   2.922573     2.1735     2.2460     0.0053  0.1746044      1.812    22.7403     4.9181     4.5375 -9.990e-29
        121      1.829    15.1936   2.922554     2.1734     2.2462     0.0053  0.1745936      1.812    22.7402     4.9177     4.5372 -9.990e-29
        122      1.829    15.1936   2.922530     2.1734     2.2464     0.0053  0.1745844      1.812    22.7400     4.9176     4.5368 -9.990e-29
        123      1.828    15.1936   2.922501     2.1733     2.2465     0.0051  0.1745769      1.811    22.7398     4.9171     4.5362 -9.990e-29
        124      1.828    15.1935   2.922468     2.1732     2.2466     0.0053  0.1745709      1.811    22.7395     4.9167     4.5355 -9.990e-29
        125      1.828    15.1935   2.922431     2.1732     2.2467     0.0051  0.1745663      1.811    22.7392     4.9165     4.5349 -9.990e-29
        126      1.827    15.1935   2.922392     2.1731     2.2469     0.0051  0.1745633      1.810    22.7389     4.9161     4.5345 -9.990e-29
        127      1.827    15.1935   2.922350     2.1730     2.2470     0.0053  0.1745617      1.810    22.7385     4.9156     4.5339 -9.990e-29
        128      1.826    15.1935   2.922308     2.1729     2.2470     0.0051  0.1745615      1.809    22.7382     4.9152     4.5330 -9.990e-29
        129      1.826    15.1935   2.922265     2.1728     2.2471     0.0053  0.1745628      1.809    22.7378     4.9147     4.5323 -9.990e-29
        130      1.825    15.1935   2.922222     2.1728     2.2472     0.0053  0.1745655      1.808    22.7374     4.9145     4.5316 -9.990e-29
        131      1.824    15.1936   2.922178     2.1727     2.2473     0.0053  0.1745697      1.807    22.7370     4.9141     4.5310 -9.990e-29
        132      1.823    15.1936   2.922136     2.1726     2.2473     0.0051  0.1745754      1.806    22.7366     4.9136     4.5301 -9.990e-29
        133      1.822    15.1936   2.922095     2.1725     2.2473     0.0051  0.1745826      1.805    22.7363     4.9132     4.5291 -9.990e-29
        134      1.821    15.1937   2.922057     2.1724     2.2474     0.0051  0.1745913      1.804    22.7359     4.9127     4.5284 -9.990e-29
        135      1.820    15.1937   2.922023     2.1723     2.2474     0.0053  0.1746018      1.803    22.7356     4.9122     4.5275 -9.990e-29
        136      1.819    15.1938   2.921990     2.1723     2.2474     0.0053  0.1746139      1.802    22.7353     4.9121     4.5266 -9.990e-29
        137      1.818    15.1939   2.921960     2.1722     2.2474     0.0053  0.1746278      1.801    22.7350     4.9116     4.5256 -9.990e-29
        138      1.817    15.1940   2.921931     2.1721     2.2474     0.0051  0.1746437      1.800    22.7347     4.9111     4.5247 -9.990e-29
        139      1.816    15.1941   2.921904     2.1720     2.2474     0.0051  0.1746615      1.799    22.7344     4.9106     4.5238 -9.990e-29
        140      1.815    15.1942   2.921881     2.1720     2.2474     0.0053  0.1746815      1.798    22.7341     4.9104     4.5229 -9.990e-29
        141      1.814    15.1943   2.921861     2.1719     2.2474     0.0051  0.1747037      1.797    22.7339     4.9099     4.5221 -9.990e-29
        142      1.813    15.1945   2.921843     2.1718     2.2473     0.0053  0.1747284      1.796    22.7336     4.9094     4.5209 -9.990e-29
        143      1.812    15.1946   2.921828     2.1717     2.2473     0.0053  0.1747556      1.795    22.7334     4.9089     4.5201 -9.990e-29
        144      1.811    15.1948   2.921817     2.1716     2.2472     0.0053  0.1747848      1.794    22.7332     4.9084     4.5190 -9.990e-29
        145      1.810    15.1950   2.921810     2.1716     2.2472     0.0048  0.1748144      1.793    22.7330     4.9081     4.5182 -9.990e-29
        146      1.809    15.1952   2.921806     2.1715     2.2471     0.0048  0.1748439      1.792    22.7329     4.9076     4.5172 -9.990e-29
        147      1.808    15.1954   2.921805     2.1714     2.2470     0.0048  0.1748733      1.791    22.7328     4.9070     4.5162 -9.990e-29
        148      1.807    15.1956   2.921807     2.1713     2.2469     0.0048  0.1749029      1.790    22.7327     4.9064     4.5152 -9.990e-29
        149      1.806    15.1959   2.921812     2.1712     2.2469     0.0049  0.1749330      1.789    22.7325     4.9059     4.5145 -9.990e-29
        150      1.805    15.1962   2.921819     2.1711     2.2467     0.0048  0.1749636      1.788    22.7324     4.9053     4.5133 -9.990e-29
        151      1.805    15.1965   2.921829     2.1710     2.2466     0.0049  0.1749951      1.788    22.7323     4.9047     4.5123 -9.990e-29
        152      1.804    15.1969   2.921840     2.1708     2.2465     0.0048  0.1750277      1.787    22.7322     4.9037     4.5114 -9.990e-29
        153      1.803    15.1973   2.921852     2.1707     2.2464     0.0048  0.1750615      1.786    22.7321     4.9031     4.5105 -9.990e-29
        154      1.802    15.1977   2.921865     2.1706     2.2462     0.0048  0.1750969      1.785    22.7320     4.9024     4.5093 -9.990e-29
        155      1.801    15.1982   2.921877     2.1705     2.2461     0.0048  0.1751340      1.784    22.7318     4.9018     4.5085 -9.990e-29
        156      1.800    15.1987   2.921888     2.1704     2.2460     0.0048  0.1751731      1.783    22.7316     4.9011     4.5076 -9.990e-29
        157      1.799    15.1992   2.921897     2.1703     2.2458     0.0046  0.1752145      1.782    22.7314     4.9004     4.5065 -9.990e-29
        158      1.798    15.1998   2.921901     2.1701     2.2457     0.0049  0.1752585      1.781    22.7311     4.8994     4.5056 -9.990e-29
        159      1.797    15.2004   2.921902     2.1700     2.2455     0.0049  0.1753054      1.780    22.7307     4.8987     4.5045 -9.990e-29
        160      1.796    15.2011   2.921896     2.1699     2.2454     0.0048  0.1753555      1.779    22.7303     4.8979     4.5037 -9.990e-29
        161      1.795    15.2018   2.921885     2.1698     2.2452     0.0049  0.1754092      1.778    22.7298     4.8972     4.5026 -9.990e-29
        162      1.793    15.2025   2.921868     2.1696     2.2450     0.0048  0.1754668      1.776    22.7292     4.8961     4.5016 -9.990e-29
        163      1.792    15.2032   2.921843     2.1695     2.2449     0.0049  0.1755287      1.775    22.7286     4.8954     4.5008 -9.990e-29
        164      1.791    15.2039   2.921810     2.1694     2.2447     0.0048  0.1755954      1.774    22.7279     4.8946     4.4998 -9.990e-29
        165      1.790    15.2046   2.921771     2.1692     2.2445     0.0048  0.1756673      1.773    22.7272     4.8935     4.4988 -9.990e-29
        166      1.788    15.2053   2.921727     2.1691     2.2444     0.0049  0.1757450      1.771    22.7264     4.8928     4.4981 -9.990e-29
        167      1.787    15.2060   2.921681     2.1689     2.2442     0.0048  0.1758289      1.770    22.7256     4.8917     4.4972 -9.990e-29
        168      1.785    15.2066   2.921634     2.1688     2.2440     0.0048  0.1759197      1.768    22.7248     4.8910     4.4963 -9.990e-29
        169      1.784    15.2073   2.921588     2.1686     2.2438     0.0049  0.1760179      1.767    22.7240     4.8899     4.4954 -9.990e-29
        170      1.782    15.2079   2.921544     2.1685     2.2437     0.0049  0.1761218      1.765    22.7233     4.8891     4.4948 -9.990e-29
        171      1.781    15.2085   2.921505     2.1683     2.2435     0.0049  0.1762252      1.764    22.7226     4.8881     4.4939 -9.990e-29
        172      1.780    15.2091   2.921470     2.1681     2.2433     0.0049  0.1763221      1.763    22.7220     4.8870     4.4931 -9.990e-29
        173      1.779    15.2097   2.921442     2.1680     2.2431     0.0049  0.1764106      1.762    22.7214     4.8863     4.4922 -9.990e-29
        174      1.778    15.2103   2.921420     2.1678     2.2429     0.0048  0.1764922      1.761    22.7209     4.8852     4.4914 -9.990e-29
        175      1.777    15.2109   2.921405     2.1676     2.2427     0.0048  0.1765683      1.760    22.7204     4.8842     4.4906 -9.990e-29
        176      1.777    15.2115   2.921396     2.1674     2.2425     0.0049  0.1766393      1.760    22.7200     4.8832     4.4897 -9.990e-29
        177      1.776    15.2121   2.921395     2.1673     2.2423     0.0048  0.1767059      1.759    22.7196     4.8824     4.4889 -9.990e-29
        178      1.775    15.2127   2.921401     2.1671     2.2421     0.0048  0.1767684      1.758    22.7193     4.8813     4.4881 -9.990e-29
        179      1.774    15.2133   2.921413     2.1669     2.2418     0.0049  0.1768273      1.758    22.7191     4.8803     4.4870 -9.990e-29
        180      1.774    15.2139   2.921431     2.1667     2.2416     0.0049  0.1768830      1.758    22.7189     4.8792     4.4862 -9.990e-29
        181      1.773    15.2145   2.921455     2.1665     2.2414     0.0049  0.1769360      1.757    22.7188     4.8782     4.4854 -9.990e-29
        182      1.772    15.2151   2.921485     2.1663     2.2411     0.0048  0.1769865      1.756    22.7187     4.8772     4.4843 -9.990e-29
        183      1.772    15.2158   2.921519     2.1661     2.2409     0.0048  0.1770349      1.756    22.7186     4.8762     4.4834 -9.990e-29
        184      1.771    15.2165   2.921558     2.1658     2.2407     0.0049  0.1770815      1.755    22.7185     4.8748     4.4826 -9.990e-29
        185      1.770    15.2172   2.921600     2.1656     2.2404     0.0049  0.1771268      1.754    22.7184     4.8738     4.4816 -9.990e-29
        186      1.769    15.2179   2.921645     2.1654     2.2402     0.0049  0.1771709      1.753    22.7184     4.8728     4.4808 -9.990e-29
        187      1.769    15.2187   2.921691     2.1652     2.2400     0.0048  0.1772143      1.753    22.7184     4.8718     4.4799 -9.990e-29
        188      1.768    15.2194   2.921736     2.1650     2.2398     0.0048  0.1772571      1.752    22.7183     4.8708     4.4792 -9.990e-29
        189      1.767    15.2202   2.921778     2.1647     2.2395     0.0049  0.1772998      1.751    22.7182     4.8695     4.4781 -9.990e-29
        190      1.766    15.2209   2.921815     2.1645     2.2393     0.0048  0.1773425      1.750    22.7181     4.8685     4.4773 -9.990e-29
        191      1.766    15.2217   2.921845     2.1643     2.2391     0.0048  0.1773857      1.750    22.7179     4.8675     4.4766 -9.990e-29
        192      1.765    15.2224   2.921869     2.1641     2.2389     0.0049  0.1774295      1.749    22.7177     4.8665     4.4758 -9.990e-29
        193      1.764    15.2230   2.921886     2.1638     2.2386     0.0048  0.1774744      1.748    22.7175     4.8653     4.4748 -9.990e-29
        194      1.763    15.2236   2.921895     2.1636     2.2384     0.0049  0.1775205      1.747    22.7173     4.8643     4.4741 -9.990e-29
        195      1.762    15.2242   2.921895     2.1634     2.2382     0.0049  0.1775683      1.746    22.7169     4.8634     4.4734 -9.990e-29
        196      1.762    15.2247   2.921889     2.1631     2.2380     0.0049  0.1776164      1.746    22.7166     4.8622     4.4727 -9.990e-29
        197      1.761    15.2252   2.921876     2.1629     2.2377     0.0049  0.1776616      1.745    22.7162     4.8613     4.4718 -9.990e-29
        198      1.760    15.2257   2.921859     2.1626     2.2375     0.0049  0.1777027      1.744    22.7158     4.8601     4.4711 -9.990e-29
        199      1.759    15.2261   2.921839     2.1624     2.2372     0.0049  0.1777399      1.743    22.7154     4.8592     4.4702 -9.990e-29
        200      1.758    15.2265   2.921817     2.1622     2.2369     0.0049  0.1777735      1.742    22.7149     4.8583     4.4693 -9.990e-29
        201      1.757    15.2268   2.921794     2.1619     2.2367     0.0049  0.1778036      1.741    22.7146     4.8572     4.4687 -9.990e-29
        202      1.757    15.2272   2.921771     2.1617     2.2364     0.0049  0.1778306      1.741    22.7141     4.8563     4.4678 -9.990e-29
        203      1.756    15.2275   2.921750     2.1614     2.2361     0.0049  0.1778545      1.740    22.7138     4.8552     4.4670 -9.990e-29
        204      1.755    15.2278   2.921730     2.1612     2.2358     0.0049  0.1778756      1.739    22.7134     4.8543     4.4661 -9.990e-29
        205      1.754    15.2281   2.921713     2.1610     2.2356     0.0049  0.1778941      1.738    22.7131     4.8535     4.4655 -9.990e-29
        206      1.754    15.2283   2.921700     2.1607     2.2353     0.0049  0.1779099      1.738    22.7129     4.8524     4.4647 -9.990e-29
        207      1.753    15.2286   2.921690     2.1605     2.2350     0.0049  0.1779233      1.737    22.7126     4.8515     4.4639 -9.990e-29
        208      1.753    15.2288   2.921684     2.1602     2.2348     0.0049  0.1779344      1.737    22.7125     4.8504     4.4633 -9.990e-29
        209      1.752    15.2290   2.921683     2.1599     2.2345     0.0049  0.1779431      1.736    22.7123     4.8493     4.4625 -9.990e-29
        210      1.752    15.2293   2.921686     2.1597     2.2343     0.0049  0.1779497      1.736    22.7122     4.8485     4.4620 -9.990e-29
        211      1.751    15.2294   2.921692     2.1594     2.2340     0.0049  0.1779541      1.735    22.7122     4.8473     4.4612 -9.990e-29
        212      1.751    15.2296   2.921702     2.1592     2.2338     0.0049  0.1779563      1.735    22.7122     4.8465     4.4607 -9.990e-29
        213      1.750    15.2298   2.921715     2.1589     2.2335     0.0049  0.1779564      1.734    22.7122     4.8454     4.4600 -9.990e-29
        214      1.750    15.2299   2.921731     2.1586     2.2332     0.0049  0.1779543      1.734    22.7122     4.8443     4.4592 -9.990e-29
        215      1.750    15.2301   2.921750     2.1583     2.2330     0.0049  0.1779501      1.734    22.7123     4.8431     4.4588 -9.990e-29
        216      1.750    15.2302   2.921773     2.1581     2.2327     0.0049  0.1779438      1.734    22.7124     4.8423     4.4581 -9.990e-29
        217      1.750    15.2303   2.921798     2.1578     2.2325     0.0049  0.1779352      1.734    22.7126     4.8412     4.4577 -9.990e-29
        218      1.750    15.2305   2.921827     2.1575     2.2322     0.0049  0.1779244      1.734    22.7127     4.8400     4.4570 -9.990e-29
        219      1.750    15.2306   2.921860     2.1573     2.2319     0.0049  0.1779112      1.734    22.7129     4.8392     4.4563 -9.990e-29
        220      1.751    15.2307   2.921895     2.1570     2.2317     0.0049  0.1778955      1.735    22.7132     4.8381     4.4560 -9.990e-29
        221      1.751    15.2309   2.921934     2.1567     2.2314     0.0049  0.1778782      1.735    22.7134     4.8369     4.4553 -9.990e-29
        222      1.751    15.2310   2.921977     2.1564     2.2312     0.0049  0.1778607      1.735    22.7137     4.8358     4.4550 -9.990e-29
