data/2021/ctd_data_day2/station2_ctm_fil_le_der.cnv
* Sea-Bird SBE 9 Data File:
* FileName = C:\Users\CTD-User\Desktop\MAR440\day2\station2.hex
* Software Version Seasave V 7.26.2.13
* Temperature SN = 6313
* Conductivity SN = 4758
* Number of Bytes Per Scan = 37
* Number of Voltage Words = 4
* Number of Scans Averaged by the Deck Unit = 1
* NMEA Latitude = 58 19.95 N
* NMEA Longitude = 011 52.33 E
* NMEA UTC (Time) = Sep 22 2021 09:05:25
* NMEA baud rate = 4800
** Ship: Skagerrak
** Station: station2
** Operator: group2blue
# nquan = 13                                
# nvalues = 8194                        
# units = specified
# name 0 = scan: Scan Count
# name 1 = prDM: Pressure, Digiquartz [db]
# name 2 = t090C: Temperature [ITS-90, deg C]
# name 3 = c0S/m: Conductivity [S/m]
# name 4 = sbeox0V: Oxygen raw, SBE 43 [V]
# name 5 = sbeox1V: Oxygen raw, SBE 43, 2 [V]
# name 6 = flECO-AFL: Fluorescence, WET Labs ECO-AFL/FL [mg/m^3]
# name 7 = upoly0: Upoly 0, Turbidity
# name 8 = depSM: Depth [salt water, m], lat = 58.3325
# name 9 = sal00: Salinity, Practical [PSU]
# name 10 = sbeox0ML/L: Oxygen, SBE 43 [ml/l], WS = 2
# name 11 = sbeox1ML/L: Oxygen, SBE 43, 2 [ml/l], WS = 2
# name 12 = flag: flag
# span 0 =          1,       8194       
# span 1 =      0.490,     46.006       
# span 2 =     7.9829,    16.1349       
# span 3 =   2.611598,   3.472334       
# span 4 =     0.4618,     3.0255       
# span 5 =     0.5156,     2.9259       
# span 6 =     0.0035,     0.0209       
# span 7 =  0.0885042,  0.2305465       
# span 8 =      0.485,     45.573       
# span 9 =    20.7074,    32.1455       
# span 10 =    -0.1708,     7.7453      
# span 11 =     0.1208,     6.4904      
# span 12 = 0.0000e+00, 0.0000e+00      
# interval = seconds: 0.0416667
# start_time = Sep 22 2021 09:05:25 [NMEA time, header]
# bad_flag = -9.990e-29
*END*
[from data line 8112]
       8113     45.931     8.6692   3.414053     0.4619     0.5162     0.0038  0.1173744     45.499    32.1438    -0.1705     0.1235 -9.990e-29
       8114     45.932     8.6692   3.414051     0.4619     0.5162     0.0038  0.1173677     45.500    32.1437    -0.1705     0.1235 -9.990e-29
       8115     45.933     8.6692   3.414050     0.4619     0.5162     0.0038  0.1173620     45.501    32.1437    -0.1705     0.1235 -9.990e-29
       8116     45.935     8.6692   3.414049     0.4619     0.5162     0.0040  0.1173574     45.503    32.1437    -0.1706     0.1235 -9.990e-29
       8117     45.936     8.6691   3.414048     0.4619     0.5162     0.0038  0.1173538     45.504    32.1438    -0.1705     0.1235 -9.990e-29
       8118     45.938     8.6691   3.414047     0.4619     0.5162     0.0038  0.1173512     45.506    32.1438    -0.1705     0.1235 -9.990e-29
       8119     45.939     8.6691   3.414047     0.4619     0.5162     0.0037  0.1173495     45.507    32.1438    -0.1705     0.1235 -9.990e-29
       8120     45.940     8.6691   3.414047     0.4619     0.5162     0.0038  0.1173488     45.508    32.1438    -0.1705     0.1235 -9.990e-29
       8121     45.942     8.6691   3.414047     0.4618     0.5162     0.0040  0.1173491     45.510    32.1438    -0.1708     0.1235 -9.990e-29
       8122     45.943     8.6691   3.414047     0.4618     0.5162     0.0040  0.1173503     45.511    32.1438    -0.1708     0.1236 -9.990e-29
       8123     45.945     8.6690   3.414047     0.4618     0.5162     0.0038  0.1173524     45.513    32.1439    -0.1708     0.1236 -9.990e-29
       8124     45.946     8.6690   3.414046     0.4618     0.5162     0.0038  0.1173555     45.514    32.1439    -0.1708     0.1236 -9.990e-29
       8125     45.948     8.6690   3.414046     0.4618     0.5162     0.0038  0.1173596     45.516    32.1439    -0.1707     0.1236 -9.990e-29
       8126     45.949     8.6690   3.414045     0.4618     0.5162     0.0040  0.1173648     45.517    32.1438    -0.1707     0.1237 -9.990e-29
       8127     45.951     8.6690   3.414045     0.4618     0.5162     0.0038  0.1173710     45.519    32.1438    -0.1706     0.1237 -9.990e-29
       8128     45.952     8.6690   3.414044     0.4618     0.5162     0.0038  0.1173783     45.520    32.1438    -0.1706     0.1237 -9.990e-29
       8129     45.953     8.6690   3.414044     0.4618     0.5162     0.0038  0.1173868     45.521    32.1438    -0.1705     0.1237 -9.990e-29
       8130     45.955     8.6689   3.414043     0.4618     0.5162     0.0040  0.1173964     45.523    32.1439    -0.1705     0.1238 -9.990e-29
       8131     45.956     8.6689   3.414041     0.4618     0.5162     0.0038  0.1174074     45.524    32.1439    -0.1704     0.1238 -9.990e-29
       8132     45.957     8.6689   3.414040     0.4618     0.5162     0.0040  0.1174197     45.525    32.1439    -0.1703     0.1238 -9.990e-29
       8133     45.959     8.6689   3.414038     0.4618     0.5162     0.0038  0.1174334     45.527    32.1439    -0.1702     0.1238 -9.990e-29
       8134     45.960     8.6689   3.414036     0.4618     0.5162     0.0038  0.1174479     45.528    32.1438    -0.1701     0.1238 -9.990e-29
       8135     45.961     8.6689   3.414033     0.4618     0.5162     0.0038  0.1174614     45.529    32.1438    -0.1700     0.1237 -9.990e-29
       8136     45.963     8.6689   3.414031     0.4618     0.5162     0.0038  0.1174732     45.531    32.1438    -0.1700     0.1237 -9.990e-29
       8137     45.964     8.6688   3.414029     0.4618     0.5162     0.0038  0.1174835     45.532    32.1439    -0.1699     0.1236 -9.990e-29
       8138     45.965     8.6688   3.414027     0.4618     0.5162     0.0040  0.1174923     45.533    32.1438    -0.1698     0.1236 -9.990e-29
       8139     45.966     8.6688   3.414024     0.4618     0.5162     0.0038  0.1174996     45.534    32.1438    -0.1698     0.1235 -9.990e-29
       8140     45.967     8.6688   3.414022     0.4618     0.5162     0.0040  0.1175055     45.535    32.1438    -0.1697     0.1235 -9.990e-29
       8141     45.969     8.6687   3.414019     0.4618     0.5162     0.0040  0.1175100     45.537    32.1438    -0.1697     0.1234 -9.990e-29
       8142     45.970     8.6687   3.414016     0.4618     0.5162     0.0040  0.1175133     45.538    32.1438    -0.1696     0.1234 -9.990e-29
       8143     45.971     8.6687   3.414013     0.4618     0.5162     0.0038  0.1175152     45.539    32.1438    -0.1695     0.1233 -9.990e-29
       8144     45.972     8.6687   3.414010     0.4618     0.5162     0.0038  0.1175158     45.540    32.1437    -0.1694     0.1232 -9.990e-29
       8145     45.974     8.6687   3.414008     0.4618     0.5162     0.0038  0.1175151     45.542    32.1437    -0.1693     0.1231 -9.990e-29
       8146     45.975     8.6686   3.414005     0.4618     0.5162     0.0040  0.1175132     45.543    32.1438    -0.1692     0.1230 -9.990e-29
       8147     45.976     8.6686   3.414004     0.4618     0.5162     0.0040  0.1175099     45.544    32.1438    -0.1692     0.1230 -9.990e-29
       8148     45.977     8.6686   3.414002     0.4618     0.5162     0.0040  0.1175054     45.545    32.1437    -0.1691     0.1229 -9.990e-29
       8149     45.978     8.6686   3.414001     0.4619     0.5162     0.0038  0.1175003     45.546    32.1437    -0.1688     0.1229 -9.990e-29
       8150     45.979     8.6686   3.414000     0.4619     0.5162     0.0040  0.1174955     45.547    32.1437    -0.1688     0.1228 -9.990e-29
       8151     45.980     8.6686   3.414000     0.4619     0.5162     0.0040  0.1174901     45.548    32.1437    -0.1687     0.1227 -9.990e-29
       8152     45.981     8.6686   3.414001     0.4619     0.5162     0.0038  0.1174832     45.549    32.1437    -0.1687     0.1226 -9.990e-29
       8153     45.982     8.6686   3.414001     0.4619     0.5162     0.0038  0.1174749     45.550    32.1437    -0.1687     0.1226 -9.990e-29
       8154     45.983     8.6686   3.414002     0.4619     0.5162     0.0038  0.1174649     45.551    32.1437    -0.1686     0.1225 -9.990e-29
       8155     45.984     8.6686   3.414003     0.4619     0.5161     0.0040  0.1174534     45.552    32.1438    -0.1686     0.1222 -9.990e-29
       8156     45.986     8.6686   3.414005     0.4619     0.5161     0.0038  0.1174401     45.554    32.1438    -0.1685     0.1221 -9.990e-29
       8157     45.987     8.6686   3.414007     0.4619     0.5161     0.0038  0.1174250     45.555    32.1438    -0.1685     0.1220 -9.990e-29
       8158     45.988     8.6686   3.414010     0.4619     0.5161     0.0038  0.1174080     45.556    32.1438    -0.1684     0.1219 -9.990e-29
       8159     45.988     8.6687   3.414012     0.4619     0.5161     0.0040  0.1173897     45.556    32.1438    -0.1684     0.1219 -9.990e-29
       8160     45.989     8.6687   3.414016     0.4619     0.5161     0.0040  0.1173728     45.556    32.1438    -0.1684     0.1218 -9.990e-29
       8161     45.990     8.6687   3.414019     0.4619     0.5160     0.0040  0.1173586     45.557    32.1438    -0.1684     0.1215 -9.990e-29
       8162     45.990     8.6687   3.414022     0.4619     0.5160     0.0040  0.1173463     45.557    32.1439    -0.1683     0.1214 -9.990e-29
       8163     45.991     8.6687   3.414025     0.4619     0.5160     0.0040  0.1173349     45.558    32.1439    -0.1683     0.1214 -9.990e-29
       8164     45.992     8.6687   3.414028     0.4619     0.5160     0.0040  0.1173244     45.559    32.1439    -0.1682     0.1213 -9.990e-29
       8165     45.993     8.6687   3.414030     0.4619     0.5160     0.0040  0.1173147     45.560    32.1439    -0.1682     0.1213 -9.990e-29
       8166     45.993     8.6687   3.414032     0.4620     0.5160     0.0040  0.1173056     45.560    32.1440    -0.1678     0.1212 -9.990e-29
       8167     45.994     8.6687   3.414034     0.4620     0.5159     0.0040  0.1172972     45.561    32.1440    -0.1678     0.1209 -9.990e-29
       8168     45.994     8.6687   3.414035     0.4620     0.5159     0.0040  0.1172894     45.561    32.1440    -0.1678     0.1209 -9.990e-29
       8169     45.995     8.6687   3.414035     0.4620     0.5159     0.0040  0.1172822     45.562    32.1440    -0.1678     0.1208 -9.990e-29
       8170     45.996     8.6687   3.414034     0.4620     0.5159     0.0040  0.1172754     45.563    32.1440    -0.1678     0.1208 -9.990e-29
       8171     45.996     8.6687   3.414032     0.4620     0.5159     0.0040  0.1172691     45.563    32.1440    -0.1694     0.1231 -9.990e-29
       8172     45.997     8.6687   3.414030     0.4620     0.5159     0.0040  0.1172631     45.564    32.1439    -0.1694     0.1231 -9.990e-29
       8173     45.997     8.6687   3.414027     0.4620     0.5159     0.0040  0.1172576     45.564    32.1439    -0.1694     0.1231 -9.990e-29
       8174     45.997     8.6687   3.414024     0.4620     0.5159     0.0040  0.1172523     45.564    32.1439    -0.1694     0.1231 -9.990e-29
       8175     45.998     8.6687   3.414020     0.4620     0.5158     0.0040  0.1172473     45.565    32.1438    -0.1694     0.1228 -9.990e-29
       8176     45.998     8.6687   3.414017     0.4620     0.5158     0.0040  0.1172425     45.565    32.1438    -0.1694     0.1228 -9.990e-29
       8177     45.998     8.6687   3.414013     0.4620     0.5158     0.0040  0.1172380     45.565    32.1438    -0.1694     0.1228 -9.990e-29
       8178     45.999     8.6687   3.414009     0.4621     0.5158     0.0040  0.1172336     45.566    32.1437    -0.1691     0.1228 -9.990e-29
       8179     45.999     8.6687   3.414006     0.4621     0.5158     0.0040  0.1172294     45.566    32.1437    -0.1691     0.1228 -9.990e-29
       8180     45.999     8.6687   3.414002     0.4621     0.5158     0.0040  0.1172253     45.566    32.1436    -0.1691     0.1228 -9.990e-29
       8181     45.999     8.6686   3.413998     0.4621     0.5157     0.0040  0.1172221     45.566    32.1437    -0.1691     0.1225 -9.990e-29
       8182     45.999     8.6686   3.413994     0.4621     0.5157     0.0040  0.1172207     45.566    32.1437    -0.1691     0.1225 -9.990e-29
       8183     45.999     8.6686   3.413990     0.4621     0.5157     0.0040  0.1172202     45.566    32.1436    -0.1691     0.1225 -9.990e-29
       8184     45.999     8.6686   3.413987     0.4621     0.5157     0.0040  0.1172198     45.566    32.1436    -0.1691     0.1225 -9.990e-29
       8185     45.999     8.6686   3.413984     0.4621     0.5157     0.0040  0.1172194     45.566    32.1436    -0.1691     0.1225 -9.990e-29
       8186     45.999     8.6686   3.413980     0.4621     0.5157     0.0040  0.1172190     45.566    32.1435    -0.1691     0.1225 -9.990e-29
       8187     45.999     8.6686   3.413977     0.4622     0.5157     0.0038  0.1172187     45.566    32.1435    -0.1687     0.1225 -9.990e-29
       8188     45.999     8.6685   3.413974     0.4622     0.5156     0.0038  0.1172185     45.566    32.1435    -0.1687     0.1223 -9.990e-29
       8189     45.999     8.6685   3.413972     0.4622     0.5156     0.0040  0.1172183     45.566    32.1435    -0.1688     0.1223 -9.990e-29
       8190     45.998     8.6685   3.413971     0.4622     0.5156     0.0040  0.1172181     45.565    32.1435    -0.1687     0.1223 -9.990e-29
       8191     45.998     8.6685   3.413970     0.4622     0.5156     0.0040  0.1172180     45.565    32.1435    -0.1688     0.1223 -9.990e-29
       8192     45.998     8.6685   3.413969     0.4622     0.5156     0.0038  0.1172179     45.565    32.1435    -0.1688     0.1223 -9.990e-29
       8193     45.998     8.6685   3.413968     0.4622     0.5156     0.0040  0.1172178     45.565    32.1435    -0.1688     0.1223 -9.990e-29
       8194     45.998     8.6685   3.413968     0.4622     0.5156     0.0040  0.1172178     45.565    32.1435    -0.1688     0.1223 -9.990e-29
