data/2021/ctd_data_day2/station2_ctm_fil_le_der.cnv
* Sea-Bird SBE 9 Data File:
* FileName = C:\Users\CTD-User\Desktop\MAR440\day2\station2.hex
* Software Version Seasave V 7.26.2.13
* Temperature SN = 6313
* Conductivity SN = 4758
* Number of Bytes Per Scan = 37
* Number of Voltage Words = 4
* Number of Scans Averaged by the Deck Unit = 1
* NMEA Latitude = 58 19.95 N
* NMEA Longitude = 011 52.33 E
* NMEA UTC (Time) = Sep 22 2021 09:05:25
* NMEA baud rate = 4800
** Ship: Skagerrak
** Station: station2
** Operator: group2blue
# nquan = 13                                
# nvalues = 8194                        
# units = specified
# name 0 = scan: Scan Count
# name 1 = prDM: Pressure, Digiquartz [db]
# name 2 = t090C: Temperature [ITS-90, deg C]
# name 3 = c0S/m: Conductivity [S/m]
# name 4 = sbeox0V: Oxygen raw, SBE 43 [V]
# name 5 = sbeox1V: Oxygen raw, SBE 43, 2 [V]
# name 6 = flECO-AFL: Fluorescence, WET Labs ECO-AFL/FL [mg/m^3]
# name 7 = upoly0: Upoly 0, Turbidity
# name 8 = depSM: Depth [salt water, m], lat = 58.3325
# name 9 = sal00: Salinity, Practical [PSU]
# name 10 = sbeox0ML/L: Oxygen, SBE 43 [ml/l], WS = 2
# name 11 = sbeox1ML/L: Oxygen, SBE 43, 2 [ml/l], WS = 2
# name 12 = flag: flag
# span 0 =          1,       8194       
# span 1 =      0.490,     46.006       
# span 2 =     7.9829,    16.1349       
# span 3 =   2.611598,   3.472334       
# span 4 =     0.4618,     3.0255       
# span 5 =     0.5156,     2.9259       
# span 6 =     0.0035,     0.0209       
# span 7 =  0.0885042,  0.2305465       
# span 8 =      0.485,     45.573       
# span 9 =    20.7074,    32.1455       
# span 10 =    -0.1708,     7.7453      
# span 11 =     0.1208,     6.4904      
# span 12 = 0.0000e+00, 0.0000e+00      
# interval = seconds: 0.0416667
# start_time = Sep 22 2021 09:05:25 [NMEA time, header]
# bad_flag = -9.990e-29
*END*
[from data line 334]
        335      3.327    14.6856   2.890654     2.9815     2.8744     0.0055  0.2025300      3.296    22.7597     7.4110     6.1838 0.0000e+00
        336      3.348    14.6869   2.890870     2.9815     2.8744     0.0055  0.2022393      3.317    22.7608     7.4104     6.1832 0.0000e+00
        337      3.370    14.6883   2.891092     2.9816     2.8744     0.0055  0.2019668      3.339    22.7619     7.4101     6.1825 0.0000e+00
        338      3.392    14.6898   2.891321     2.9816     2.8743     0.0055  0.2017113      3.360    22.7630     7.4095     6.1816 0.0000e+00
        339      3.413    14.6914   2.891558     2.9817     2.8743     0.0055  0.2014712      3.381    22.7641     7.4091     6.1810 0.0000e+00
        340      3.435    14.6931   2.891807     2.9817     2.8742     0.0055  0.2012448      3.403    22.7653     7.4084     6.1801 0.0000e+00
        341      3.457    14.6950   2.892067     2.9817     2.8742     0.0055  0.2010296      3.425    22.7664     7.4077     6.1795 0.0000e+00
        342      3.479    14.6969   2.892341     2.9818     2.8741     0.0055  0.2008241      3.447    22.7677     7.4073     6.1786 0.0000e+00
        343      3.501    14.6991   2.892630     2.9818     2.8741     0.0055  0.2006287      3.468    22.7689     7.4065     6.1779 0.0000e+00
        344      3.523    14.7013   2.892933     2.9818     2.8740     0.0055  0.2004427      3.490    22.7702     7.4058     6.1770 0.0000e+00
        345      3.545    14.7037   2.893252     2.9819     2.8740     0.0055  0.2002649      3.512    22.7716     7.4052     6.1764 0.0000e+00
        346      3.567    14.7063   2.893588     2.9819     2.8739     0.0055  0.2000933      3.534    22.7730     7.4043     6.1755 0.0000e+00
        347      3.589    14.7091   2.893945     2.9819     2.8738     0.0055  0.1999248      3.556    22.7744     7.4034     6.1746 0.0000e+00
        348      3.611    14.7121   2.894324     2.9819     2.8737     0.0055  0.1997576      3.577    22.7760     7.4024     6.1737 0.0000e+00
        349      3.633    14.7153   2.894726     2.9819     2.8737     0.0055  0.1995904      3.599    22.7776     7.4014     6.1730 0.0000e+00
        350      3.656    14.7187   2.895154     2.9820     2.8736     0.0055  0.1994230      3.622    22.7793     7.4006     6.1721 0.0000e+00
        351      3.678    14.7223   2.895611     2.9820     2.8735     0.0055  0.1992557      3.644    22.7812     7.3996     6.1711 0.0000e+00
        352      3.700    14.7263   2.896097     2.9820     2.8734     0.0060  0.1990893      3.666    22.7830     7.3984     6.1702 0.0000e+00
        353      3.722    14.7305   2.896616     2.9820     2.8733     0.0062  0.1989243      3.687    22.7851     7.3972     6.1692 0.0000e+00
        354      3.745    14.7350   2.897171     2.9820     2.8732     0.0062  0.1987602      3.710    22.7872     7.3959     6.1681 0.0000e+00
        355      3.767    14.7398   2.897764     2.9820     2.8731     0.0062  0.1985961      3.732    22.7896     7.3946     6.1671 0.0000e+00
        356      3.789    14.7450   2.898398     2.9820     2.8730     0.0062  0.1984307      3.754    22.7920     7.3933     6.1660 0.0000e+00
        357      3.812    14.7506   2.899076     2.9820     2.8729     0.0062  0.1982629      3.777    22.7946     7.3918     6.1649 0.0000e+00
        358      3.834    14.7565   2.899800     2.9820     2.8728     0.0062  0.1980915      3.798    22.7974     7.3903     6.1639 0.0000e+00
        359      3.856    14.7627   2.900571     2.9820     2.8727     0.0062  0.1979154      3.820    22.8005     7.3888     6.1627 0.0000e+00
        360      3.879    14.7694   2.901392     2.9819     2.8726     0.0062  0.1977333      3.843    22.8037     7.3869     6.1615 0.0000e+00
        361      3.901    14.7765   2.902265     2.9819     2.8725     0.0062  0.1975440      3.865    22.8071     7.3852     6.1603 0.0000e+00
        362      3.924    14.7840   2.903194     2.9819     2.8724     0.0062  0.1973461      3.887    22.8108     7.3835     6.1591 0.0000e+00
        363      3.946    14.7920   2.904184     2.9818     2.8724     0.0062  0.1971391      3.909    22.8146     7.3814     6.1581 0.0000e+00
        364      3.969    14.8006   2.905242     2.9818     2.8723     0.0062  0.1969224      3.932    22.8188     7.3795     6.1567 0.0000e+00
        365      3.991    14.8096   2.906367     2.9817     2.8722     0.0062  0.1966937      3.954    22.8232     7.3773     6.1553 0.0000e+00
        366      4.014    14.8189   2.907550     2.9817     2.8721     0.0062  0.1964505      3.977    22.8280     7.3753     6.1539 0.0000e+00
        367      4.036    14.8284   2.908776     2.9816     2.8720     0.0062  0.1961911      3.998    22.8331     7.3730     6.1525 0.0000e+00
        368      4.059    14.8380   2.910029     2.9815     2.8719     0.0062  0.1959137      4.021    22.8383     7.3707     6.1510 0.0000e+00
        369      4.082    14.8478   2.911300     2.9814     2.8719     0.0062  0.1956165      4.044    22.8436     7.3685     6.1499 0.0000e+00
        370      4.104    14.8576   2.912580     2.9814     2.8718     0.0062  0.1952972      4.066    22.8489     7.3665     6.1484 0.0000e+00
        371      4.127    14.8673   2.913866     2.9813     2.8717     0.0062  0.1949538      4.089    22.8544     7.3643     6.1470 0.0000e+00
        372      4.150    14.8770   2.915151     2.9812     2.8716     0.0062  0.1945838      4.111    22.8598     7.3621     6.1456 0.0000e+00
        373      4.172    14.8867   2.916437     2.9812     2.8716     0.0062  0.1941846      4.133    22.8652     7.3603     6.1445 0.0000e+00
        374      4.195    14.8964   2.917728     2.9811     2.8715     0.0062  0.1937535      4.156    22.8707     7.3582     6.1431 0.0000e+00
        375      4.218    14.9061   2.919032     2.9810     2.8714     0.0062  0.1932874      4.179    22.8763     7.3561     6.1417 0.0000e+00
        376      4.241    14.9158   2.920356     2.9809     2.8714     0.0062  0.1927841      4.202    22.8820     7.3541     6.1405 0.0000e+00
        377      4.264    14.9256   2.921707     2.9808     2.8713     0.0057  0.1922535      4.224    22.8880     7.3520     6.1391 0.0000e+00
        378      4.286    14.9355   2.923085     2.9807     2.8713     0.0055  0.1917242      4.246    22.8941     7.3500     6.1378 0.0000e+00
        379      4.309    14.9455   2.924491     2.9806     2.8712     0.0055  0.1912206      4.269    22.9003     7.3480     6.1363 0.0000e+00
        380      4.332    14.9556   2.925927     2.9806     2.8712     0.0055  0.1907486      4.292    22.9068     7.3463     6.1350 0.0000e+00
        381      4.355    14.9658   2.927396     2.9805     2.8712     0.0055  0.1903048      4.314    22.9135     7.3442     6.1336 0.0000e+00
        382      4.378    14.9764   2.928909     2.9804     2.8712     0.0055  0.1898845      4.337    22.9204     7.3421     6.1321 0.0000e+00
        383      4.401    14.9874   2.930476     2.9803     2.8711     0.0055  0.1894839      4.360    22.9274     7.3400     6.1302 0.0000e+00
        384      4.424    14.9989   2.932110     2.9802     2.8711     0.0055  0.1891002      4.383    22.9348     7.3377     6.1286 0.0000e+00
        385      4.447    15.0109   2.933821     2.9802     2.8711     0.0055  0.1887307      4.406    22.9425     7.3356     6.1268 0.0000e+00
        386      4.470    15.0233   2.935612     2.9801     2.8711     0.0055  0.1883729      4.428    22.9507     7.3332     6.1248 0.0000e+00
        387      4.493    15.0361   2.937475     2.9801     2.8711     0.0055  0.1880242      4.451    22.9592     7.3309     6.1227 0.0000e+00
        388      4.516    15.0489   2.939389     2.9800     2.8711     0.0055  0.1876823      4.474    22.9682     7.3283     6.1206 0.0000e+00
        389      4.538    15.0617   2.941331     2.9800     2.8711     0.0055  0.1873448      4.496    22.9774     7.3260     6.1184 0.0000e+00
        390      4.561    15.0743   2.943282     2.9799     2.8711     0.0055  0.1870093      4.519    22.9868     7.3233     6.1162 0.0000e+00
        391      4.585    15.0868   2.945228     2.9799     2.8711     0.0055  0.1866735      4.542    22.9963     7.3209     6.1139 0.0000e+00
        392      4.608    15.0991   2.947159     2.9799     2.8711     0.0055  0.1863351      4.565    23.0057     7.3185     6.1115 0.0000e+00
        393      4.631    15.1111   2.949064     2.9799     2.8711     0.0055  0.1859916      4.588    23.0150     7.3161     6.1091 0.0000e+00
        394      4.654    15.1228   2.950939     2.9798     2.8711     0.0055  0.1856408      4.611    23.0243     7.3134     6.1066 0.0000e+00
        395      4.677    15.1344   2.952783     2.9798     2.8711     0.0055  0.1852801      4.633    23.0333     7.3109     6.1041 0.0000e+00
        396      4.700    15.1456   2.954599     2.9798     2.8711     0.0055  0.1849072      4.656    23.0423     7.3084     6.1015 0.0000e+00
        397      4.723    15.1567   2.956389     2.9798     2.8710     0.0055  0.1845192      4.679    23.0512     7.3059     6.0986 0.0000e+00
        398      4.746    15.1675   2.958150     2.9798     2.8710     0.0055  0.1841137      4.702    23.0600     7.3034     6.0959 0.0000e+00
        399      4.769    15.1781   2.959881     2.9798     2.8710     0.0055  0.1836876      4.725    23.0686     7.3007     6.0931 0.0000e+00
        400      4.792    15.1884   2.961580     2.9798     2.8709     0.0055  0.1832391      4.747    23.0772     7.2981     6.0900 0.0000e+00
        401      4.815    15.1986   2.963249     2.9798     2.8709     0.0053  0.1827657      4.770    23.0855     7.2954     6.0870 0.0000e+00
        402      4.838    15.2085   2.964886     2.9798     2.8708     0.0053  0.1822684      4.793    23.0938     7.2926     6.0837 0.0000e+00
        403      4.861    15.2182   2.966493     2.9798     2.8707     0.0049  0.1817624      4.816    23.1019     7.2897     6.0803 0.0000e+00
        404      4.883    15.2277   2.968072     2.9797     2.8706     0.0049  0.1812714      4.838    23.1098     7.2864     6.0768 0.0000e+00
        405      4.906    15.2371   2.969624     2.9797     2.8704     0.0049  0.1808082      4.860    23.1176     7.2833     6.0730 0.0000e+00
        406      4.929    15.2462   2.971149     2.9796     2.8703     0.0049  0.1803720      4.883    23.1253     7.2799     6.0694 0.0000e+00
        407      4.952    15.2552   2.972651     2.9795     2.8701     0.0049  0.1799582      4.906    23.1329     7.2764     6.0654 0.0000e+00
        408      4.975    15.2641   2.974130     2.9794     2.8700     0.0049  0.1795629      4.929    23.1404     7.2727     6.0615 0.0000e+00
        409      4.998    15.2728   2.975589     2.9793     2.8698     0.0049  0.1791835      4.951    23.1478     7.2690     6.0573 0.0000e+00
        410      5.021    15.2814   2.977029     2.9792     2.8695     0.0049  0.1788173      4.974    23.1551     7.2652     6.0528 0.0000e+00
        411      5.044    15.2898   2.978449     2.9791     2.8693     0.0049  0.1784617      4.997    23.1623     7.2612     6.0484 0.0000e+00
        412      5.067    15.2981   2.979850     2.9789     2.8690     0.0049  0.1781143      5.020    23.1694     7.2569     6.0437 0.0000e+00
        413      5.090    15.3064   2.981239     2.9787     2.8687     0.0049  0.1777727      5.043    23.1764     7.2525     6.0388 0.0000e+00
        414      5.113    15.3147   2.982623     2.9785     2.8684     0.0049  0.1774345      5.065    23.1834     7.2479     6.0339 0.0000e+00
        415      5.136    15.3230   2.984011     2.9783     2.8680     0.0051  0.1770973      5.088    23.1904     7.2432     6.0286 0.0000e+00
        416      5.159    15.3314   2.985411     2.9781     2.8676     0.0049  0.1767587      5.111    23.1974     7.2384     6.0233 0.0000e+00
        417      5.182    15.3398   2.986827     2.9779     2.8672     0.0051  0.1764166      5.134    23.2046     7.2334     6.0178 0.0000e+00
        418      5.205    15.3484   2.988262     2.9776     2.8667     0.0049  0.1760683      5.157    23.2118     7.2280     6.0120 0.0000e+00
        419      5.228    15.3570   2.989717     2.9773     2.8662     0.0049  0.1757116      5.179    23.2192     7.2225     6.0061 0.0000e+00
        420      5.251    15.3658   2.991191     2.9770     2.8657     0.0049  0.1753440      5.202    23.2266     7.2168     6.0001 0.0000e+00
        421      5.274    15.3746   2.992682     2.9767     2.8651     0.0049  0.1749629      5.225    23.2342     7.2110     5.9938 0.0000e+00
        422      5.296    15.3834   2.994186     2.9763     2.8645     0.0049  0.1745656      5.247    23.2419     7.2047     5.9874 0.0000e+00
        423      5.319    15.3923   2.995704     2.9759     2.8639     0.0049  0.1741493      5.269    23.2496     7.1984     5.9809 0.0000e+00
        424      5.342    15.4014   2.997238     2.9755     2.8632     0.0051  0.1737113      5.292    23.2574     7.1920     5.9742 0.0000e+00
        425      5.364    15.4105   2.998793     2.9750     2.8624     0.0049  0.1732467      5.314    23.2653     7.1852     5.9672 0.0000e+00
        426      5.387    15.4198   3.000367     2.9745     2.8617     0.0049  0.1727505      5.337    23.2733     7.1782     5.9603 0.0000e+00
        427      5.410    15.4291   3.001955     2.9739     2.8608     0.0049  0.1722212      5.360    23.2814     7.1709     5.9530 0.0000e+00
        428      5.432    15.4384   3.003550     2.9734     2.8600     0.0049  0.1716693      5.381    23.2895     7.1639     5.9459 0.0000e+00
        429      5.455    15.4476   3.005143     2.9728     2.8591     0.0048  0.1711251      5.404    23.2977     7.1564     5.9386 0.0000e+00
        430      5.478    15.4567   3.006725     2.9722     2.8581     0.0048  0.1706145      5.427    23.3058     7.1490     5.9310 0.0000e+00
        431      5.500    15.4657   3.008289     2.9715     2.8571     0.0048  0.1701424      5.449    23.3139     7.1412     5.9234 0.0000e+00
        432      5.523    15.4746   3.009827     2.9708     2.8561     0.0048  0.1697048      5.472    23.3218     7.1333     5.9159 0.0000e+00
        433      5.546    15.4832   3.011336     2.9701     2.8550     0.0048  0.1692976      5.494    23.3296     7.1255     5.9083 0.0000e+00
        434      5.568    15.4917   3.012817     2.9694     2.8539     0.0048  0.1689189      5.516    23.3372     7.1177     5.9006 0.0000e+00
        435      5.591    15.5001   3.014272     2.9686     2.8527     0.0048  0.1685670      5.539    23.3447     7.1095     5.8928 0.0000e+00
        436      5.613    15.5083   3.015704     2.9678     2.8515     0.0048  0.1682385      5.561    23.3520     7.1014     5.8850 0.0000e+00
        437      5.635    15.5165   3.017117     2.9669     2.8503     0.0048  0.1679295      5.583    23.3592     7.0930     5.8773 0.0000e+00
        438      5.658    15.5245   3.018513     2.9660     2.8490     0.0048  0.1676378      5.605    23.3664     7.0845     5.8694 0.0000e+00
        439      5.681    15.5325   3.019901     2.9651     2.8477     0.0048  0.1673621      5.628    23.3735     7.0761     5.8616 0.0000e+00
        440      5.703    15.5405   3.021292     2.9641     2.8464     0.0048  0.1671007      5.650    23.3807     7.0674     5.8538 0.0000e+00
        441      5.725    15.5487   3.022695     2.9630     2.8450     0.0048  0.1668526      5.672    23.3878     7.0583     5.8458 0.0000e+00
        442      5.747    15.5571   3.024121     2.9620     2.8436     0.0048  0.1666168      5.694    23.3950     7.0496     5.8378 0.0000e+00
        443      5.769    15.5657   3.025577     2.9609     2.8421     0.0048  0.1663917      5.715    23.4023     7.0406     5.8297 0.0000e+00
        444      5.792    15.5744   3.027066     2.9597     2.8406     0.0048  0.1661749      5.738    23.4098     7.0312     5.8216 0.0000e+00
