data/2021/ctd_data_day2/station3_ctm_fil_le_der.cnv
* Sea-Bird SBE 9 Data File:
* FileName = C:\Users\CTD-User\Desktop\MAR440\day2\station3.hex
* Software Version Seasave V 7.26.2.13
* Temperature SN = 6313
* Conductivity SN = 4758
* Number of Bytes Per Scan = 37
* Number of Voltage Words = 4
* Number of Scans Averaged by the Deck Unit = 1
* NMEA Latitude = 58 19.70 N
* NMEA Longitude = 011 51.29 E
* NMEA UTC (Time) = Sep 22 2021 09:36:18
* NMEA baud rate = 4800
** Ship: Skagerrak
** Station: station3
** Operator: group2purple
# nquan = 13                                
# nvalues = 3261                        
# units = specified
# name 0 = scan: Scan Count
# name 1 = prDM: Pressure, Digiquartz [db]
# name 2 = t090C: Temperature [ITS-90, deg C]
# name 3 = c0S/m: Conductivity [S/m]
# name 4 = sbeox0V: Oxygen raw, SBE 43 [V]
# name 5 = sbeox1V: Oxygen raw, SBE 43, 2 [V]
# name 6 = flECO-AFL: Fluorescence, WET Labs ECO-AFL/FL [mg/m^3]
# name 7 = upoly0: Upoly 0, Turbidity
# name 8 = depSM: Depth [salt water, m], lat = 58.3283
# name 9 = sal00: Salinity, Practical [PSU]
# name 10 = sbeox0ML/L: Oxygen, SBE 43 [ml/l], WS = 2
# name 11 = sbeox1ML/L: Oxygen, SBE 43, 2 [ml/l], WS = 2
# name 12 = flag: flag
# span 0 =          1,       3261       
# span 1 =      0.798,     17.164       
# span 2 =    10.5794,    16.1805       
# span 3 =   2.674562,   3.477897       
# span 4 =     1.0037,     2.9284       
# span 5 =     1.0402,     2.8631       
# span 6 =     0.0035,     0.0081       
# span 7 =  0.0885866,  0.2372454       
# span 8 =      0.791,     17.004       
# span 9 =    21.3217,    30.3406       
# span 10 =     1.3748,     7.3869      
# span 11 =     1.3973,     6.2832      
# span 12 = 0.0000e+00, 0.0000e+00      
# interval = seconds: 0.0416667
# start_time = Sep 22 2021 09:36:18 [NMEA time, header]
# bad_flag = -9.990e-29
*END*
[from data line 1667]
       1668      0.859    14.6834   2.843205     2.8357     2.7313     0.0057  0.1941761      0.851    22.3507     6.9651     5.7578 -9.990e-29
       1669      0.858    14.6852   2.843852     2.8355     2.7306     0.0057  0.1941750      0.850    22.3553     6.9645     5.7562 -9.990e-29
       1670      0.858    14.6863   2.844368     2.8354     2.7299     0.0057  0.1941691      0.850    22.3591     6.9643     5.7547 -9.990e-29
       1671      0.857    14.6870   2.844741     2.8353     2.7292     0.0057  0.1941583      0.849    22.3619     6.9642     5.7532 -9.990e-29
       1672      0.857    14.6873   2.844972     2.8352     2.7285     0.0057  0.1941425      0.849    22.3638     6.9642     5.7519 -9.990e-29
       1673      0.857    14.6874   2.845086     2.8351     2.7279     0.0057  0.1941217      0.849    22.3647     6.9642     5.7509 -9.990e-29
       1674      0.858    14.6875   2.845129     2.8349     2.7272     0.0057  0.1940958      0.850    22.3650     6.9640     5.7496 -9.990e-29
       1675      0.858    14.6878   2.845153     2.8348     2.7266     0.0057  0.1940644      0.850    22.3650     6.9640     5.7486 -9.990e-29
       1676      0.858    14.6883   2.845198     2.8348     2.7259     0.0057  0.1940275      0.850    22.3651     6.9642     5.7474 -9.990e-29
       1677      0.858    14.6892   2.845284     2.8347     2.7253     0.0057  0.1939847      0.850    22.3654     6.9641     5.7464 -9.990e-29
       1678      0.858    14.6903   2.845420     2.8346     2.7247     0.0057  0.1939358      0.850    22.3659     6.9638     5.7452 -9.990e-29
       1679      0.858    14.6917   2.845604     2.8345     2.7241     0.0057  0.1938804      0.850    22.3667     6.9635     5.7441 -9.990e-29
       1680      0.859    14.6934   2.845837     2.8345     2.7235     0.0057  0.1938198      0.851    22.3678     6.9633     5.7429 -9.990e-29
       1681      0.859    14.6954   2.846119     2.8344     2.7229     0.0057  0.1937587      0.851    22.3690     6.9626     5.7418 -9.990e-29
       1682      0.858    14.6977   2.846452     2.8344     2.7223     0.0057  0.1937026      0.850    22.3706     6.9621     5.7405 -9.990e-29
       1683      0.858    14.7003   2.846843     2.8343     2.7217     0.0055  0.1936537      0.850    22.3725     6.9612     5.7392 -9.990e-29
       1684      0.858    14.7033   2.847297     2.8343     2.7212     0.0057  0.1936109      0.850    22.3747     6.9604     5.7382 -9.990e-29
       1685      0.857    14.7066   2.847819     2.8342     2.7206     0.0057  0.1935728      0.849    22.3773     6.9592     5.7368 -9.990e-29
       1686      0.856    14.7103   2.848409     2.8342     2.7200     0.0057  0.1935393      0.848    22.3803     6.9582     5.7353 -9.990e-29
       1687      0.855    14.7144   2.849068     2.8341     2.7195     0.0057  0.1935102      0.847    22.3837     6.9566     5.7341 -9.990e-29
       1688      0.854    14.7188   2.849801     2.8341     2.7190     0.0055  0.1934853      0.846    22.3875     6.9553     5.7327 -9.990e-29
       1689      0.852    14.7235   2.850607     2.8340     2.7184     0.0057  0.1934643      0.844    22.3918     6.9535     5.7311 -9.990e-29
       1690      0.851    14.7284   2.851478     2.8340     2.7179     0.0057  0.1934471      0.843    22.3965     6.9518     5.7298 -9.990e-29
       1691      0.850    14.7332   2.852396     2.8339     2.7174     0.0057  0.1934336      0.842    22.4017     6.9498     5.7284 -9.990e-29
       1692      0.849    14.7379   2.853339     2.8338     2.7169     0.0057  0.1934237      0.841    22.4071     6.9478     5.7271 -9.990e-29
       1693      0.848    14.7424   2.854283     2.8338     2.7163     0.0057  0.1934174      0.840    22.4127     6.9459     5.7255 -9.990e-29
       1694      0.847    14.7468   2.855206     2.8337     2.7158     0.0057  0.1934146      0.839    22.4182     6.9438     5.7242 -9.990e-29
       1695      0.846    14.7510   2.856087     2.8336     2.7153     0.0057  0.1934152      0.838    22.4234     6.9416     5.7229 -9.990e-29
       1696      0.846    14.7549   2.856913     2.8335     2.7148     0.0057  0.1934194      0.838    22.4283     6.9394     5.7217 -9.990e-29
       1697      0.846    14.7587   2.857675     2.8333     2.7142     0.0057  0.1934270      0.838    22.4327     6.9369     5.7203 -9.990e-29
       1698      0.846    14.7621   2.858372     2.8332     2.7137     0.0057  0.1934383      0.838    22.4367     6.9347     5.7192 -9.990e-29
       1699      0.846    14.7653   2.859008     2.8330     2.7132     0.0057  0.1934531      0.838    22.4404     6.9323     5.7182 -9.990e-29
       1700      0.846    14.7680   2.859586     2.8329     2.7127     0.0057  0.1934717      0.838    22.4438     6.9301     5.7173 -9.990e-29
       1701      0.847    14.7705   2.860108     2.8327     2.7122     0.0055  0.1934942      0.839    22.4469     6.9277     5.7164 -9.990e-29
       1702      0.847    14.7725   2.860577     2.8325     2.7116     0.0057  0.1935207      0.839    22.4498     6.9254     5.7154 -9.990e-29
       1703      0.847    14.7743   2.860996     2.8322     2.7111     0.0057  0.1935515      0.839    22.4524     6.9227     5.7147 -9.990e-29
       1704      0.848    14.7757   2.861372     2.8320     2.7106     0.0057  0.1935866      0.840    22.4548     6.9204     5.7141 -9.990e-29
       1705      0.848    14.7770   2.861709     2.8317     2.7102     0.0057  0.1936265      0.840    22.4570     6.9179     5.7137 -9.990e-29
       1706      0.848    14.7781   2.862009     2.8315     2.7097     0.0057  0.1936696      0.840    22.4590     6.9156     5.7132 -9.990e-29
       1707      0.849    14.7790   2.862276     2.8312     2.7092     0.0057  0.1937120      0.841    22.4608     6.9131     5.7128 -9.990e-29
       1708      0.849    14.7799   2.862511     2.8308     2.7088     0.0057  0.1937506      0.841    22.4623     6.9103     5.7126 -9.990e-29
       1709      0.849    14.7807   2.862719     2.8305     2.7083     0.0057  0.1937848      0.841    22.4636     6.9078     5.7123 -9.990e-29
       1710      0.849    14.7814   2.862908     2.8302     2.7079     0.0057  0.1938149      0.841    22.4648     6.9054     5.7122 -9.990e-29
       1711      0.848    14.7821   2.863091     2.8298     2.7074     0.0057  0.1938411      0.840    22.4660     6.9026     5.7119 -9.990e-29
       1712      0.848    14.7827   2.863282     2.8295     2.7070     0.0057  0.1938635      0.840    22.4673     6.9002     5.7119 -9.990e-29
       1713      0.848    14.7832   2.863490     2.8291     2.7066     0.0057  0.1938823      0.840    22.4688     6.8975     5.7119 -9.990e-29
       1714      0.847    14.7837   2.863721     2.8288     2.7063     0.0057  0.1938977      0.839    22.4705     6.8952     5.7122 -9.990e-29
       1715      0.847    14.7842   2.863975     2.8284     2.7059     0.0057  0.1939097      0.839    22.4724     6.8925     5.7123 -9.990e-29
       1716      0.846    14.7846   2.864247     2.8280     2.7056     0.0057  0.1939184      0.838    22.4746     6.8899     5.7127 -9.990e-29
       1717      0.846    14.7850   2.864533     2.8276     2.7052     0.0055  0.1939240      0.838    22.4768     6.8873     5.7128 -9.990e-29
       1718      0.845    14.7855   2.864830     2.8272     2.7049     0.0057  0.1939263      0.837    22.4791     6.8848     5.7132 -9.990e-29
       1719      0.844    14.7862   2.865132     2.8268     2.7046     0.0057  0.1939255      0.836    22.4813     6.8822     5.7136 -9.990e-29
       1720      0.844    14.7868   2.865432     2.8264     2.7043     0.0057  0.1939216      0.836    22.4835     6.8798     5.7140 -9.990e-29
       1721      0.844    14.7874   2.865714     2.8260     2.7041     0.0057  0.1939144      0.836    22.4856     6.8773     5.7147 -9.990e-29
       1722      0.843    14.7880   2.865967     2.8256     2.7038     0.0057  0.1939041      0.835    22.4875     6.8749     5.7151 -9.990e-29
       1723      0.843    14.7885   2.866193     2.8252     2.7036     0.0057  0.1938904      0.835    22.4891     6.8726     5.7158 -9.990e-29
       1724      0.842    14.7889   2.866398     2.8248     2.7033     0.0057  0.1938733      0.834    22.4907     6.8703     5.7163 -9.990e-29
       1725      0.842    14.7892   2.866582     2.8244     2.7031     0.0057  0.1938527      0.834    22.4921     6.8681     5.7170 -9.990e-29
       1726      0.842    14.7893   2.866742     2.8239     2.7029     0.0057  0.1938284      0.834    22.4934     6.8657     5.7178 -9.990e-29
       1727      0.842    14.7894   2.866878     2.8235     2.7027     0.0057  0.1938003      0.834    22.4945     6.8636     5.7185 -9.990e-29
       1728      0.842    14.7894   2.866990     2.8231     2.7026     0.0057  0.1937681      0.834    22.4955     6.8615     5.7195 -9.990e-29
       1729      0.842    14.7895   2.867080     2.8226     2.7024     0.0057  0.1937317      0.834    22.4962     6.8592     5.7201 -9.990e-29
       1730      0.843    14.7896   2.867145     2.8221     2.7023     0.0057  0.1936908      0.835    22.4967     6.8569     5.7210 -9.990e-29
       1731      0.843    14.7896   2.867186     2.8217     2.7022     0.0055  0.1936460      0.835    22.4971     6.8549     5.7219 -9.990e-29
       1732      0.844    14.7897   2.867203     2.8212     2.7020     0.0055  0.1936011      0.836    22.4972     6.8527     5.7225 -9.990e-29
       1733      0.845    14.7899   2.867198     2.8207     2.7019     0.0055  0.1935619      0.837    22.4970     6.8504     5.7233 -9.990e-29
       1734      0.846    14.7899   2.867173     2.8202     2.7018     0.0055  0.1935306      0.838    22.4968     6.8482     5.7240 -9.990e-29
       1735      0.847    14.7899   2.867134     2.8197     2.7017     0.0055  0.1935069      0.839    22.4965     6.8461     5.7248 -9.990e-29
       1736      0.848    14.7897   2.867079     2.8192     2.7016     0.0053  0.1934908      0.840    22.4961     6.8440     5.7254 -9.990e-29
       1737      0.850    14.7895   2.867009     2.8187     2.7015     0.0055  0.1934821      0.842    22.4956     6.8419     5.7261 -9.990e-29
       1738      0.851    14.7891   2.866923     2.8182     2.7015     0.0055  0.1934807      0.843    22.4951     6.8399     5.7269 -9.990e-29
       1739      0.852    14.7888   2.866823     2.8177     2.7014     0.0055  0.1934867      0.844    22.4944     6.8379     5.7274 -9.990e-29
       1740      0.853    14.7884   2.866712     2.8172     2.7014     0.0055  0.1935000      0.845    22.4937     6.8359     5.7282 -9.990e-29
       1741      0.854    14.7881   2.866589     2.8166     2.7014     0.0055  0.1935209      0.846    22.4928     6.8336     5.7288 -9.990e-29
       1742      0.855    14.7879   2.866457     2.8161     2.7013     0.0055  0.1935493      0.847    22.4918     6.8316     5.7292 -9.990e-29
       1743      0.855    14.7876   2.866315     2.8156     2.7013     0.0055  0.1935855      0.847    22.4907     6.8297     5.7297 -9.990e-29
       1744      0.855    14.7873   2.866160     2.8151     2.7013     0.0055  0.1936298      0.847    22.4895     6.8277     5.7302 -9.990e-29
       1745      0.855    14.7867   2.865992     2.8145     2.7013     0.0055  0.1936825      0.847    22.4884     6.8256     5.7307 -9.990e-29
       1746      0.855    14.7859   2.865807     2.8140     2.7013     0.0055  0.1937439      0.847    22.4873     6.8238     5.7311 -9.990e-29
       1747      0.855    14.7849   2.865606     2.8135     2.7013     0.0055  0.1938145      0.847    22.4861     6.8220     5.7315 -9.990e-29
       1748      0.855    14.7837   2.865388     2.8129     2.7013     0.0055  0.1938948      0.847    22.4849     6.8201     5.7318 -9.990e-29
       1749      0.854    14.7826   2.865156     2.8124     2.7013     0.0055  0.1939852      0.846    22.4836     6.8184     5.7321 -9.990e-29
       1750      0.854    14.7815   2.864910     2.8118     2.7013     0.0055  0.1940866      0.846    22.4821     6.8165     5.7324 -9.990e-29
       1751      0.853    14.7803   2.864653     2.8112     2.7013     0.0055  0.1941994      0.845    22.4805     6.8146     5.7326 -9.990e-29
       1752      0.853    14.7789   2.864384     2.8107     2.7013     0.0055  0.1943246      0.845    22.4790     6.8130     5.7327 -9.990e-29
       1753      0.853    14.7773   2.864102     2.8101     2.7013     0.0055  0.1944630      0.845    22.4775     6.8113     5.7329 -9.990e-29
       1754      0.852    14.7757   2.863809     2.8095     2.7012     0.0055  0.1946156      0.844    22.4759     6.8095     5.7327 -9.990e-29
       1755      0.852    14.7741   2.863506     2.8090     2.7012     0.0055  0.1947834      0.844    22.4742     6.8081     5.7328 -9.990e-29
       1756      0.852    14.7726   2.863198     2.8084     2.7012     0.0055  0.1949668      0.844    22.4724     6.8064     5.7328 -9.990e-29
       1757      0.852    14.7713   2.862898     2.8078     2.7012     0.0055  0.1951602      0.844    22.4706     6.8047     5.7327 -9.990e-29
       1758      0.852    14.7700   2.862622     2.8073     2.7011     0.0057  0.1953513      0.844    22.4689     6.8033     5.7324 -9.990e-29
       1759      0.852    14.7690   2.862384     2.8067     2.7011     0.0057  0.1955314      0.844    22.4674     6.8016     5.7322 -9.990e-29
       1760      0.852    14.7681   2.862194     2.8062     2.7010     0.0057  0.1956983      0.844    22.4663     6.8003     5.7317 -9.990e-29
       1761      0.852    14.7674   2.862054     2.8056     2.7010     0.0057  0.1958514      0.844    22.4655     6.7986     5.7314 -9.990e-29
       1762      0.853    14.7669   2.861965     2.8050     2.7009     0.0057  0.1959918      0.845    22.4650     6.7969     5.7308 -9.990e-29
       1763      0.853    14.7666   2.861925     2.8045     2.7008     0.0057  0.1961222      0.845    22.4648     6.7954     5.7301 -9.990e-29
       1764      0.854    14.7665   2.861936     2.8039     2.7008     0.0057  0.1962435      0.846    22.4650     6.7937     5.7296 -9.990e-29
       1765      0.855    14.7668   2.861996     2.8033     2.7007     0.0057  0.1963557      0.847    22.4653     6.7920     5.7287 -9.990e-29
       1766      0.855    14.7673   2.862104     2.8027     2.7006     0.0055  0.1964595      0.847    22.4660     6.7902     5.7279 -9.990e-29
       1767      0.856    14.7680   2.862261     2.8022     2.7005     0.0057  0.1965557      0.848    22.4669     6.7887     5.7270 -9.990e-29
       1768      0.857    14.7691   2.862467     2.8016     2.7004     0.0057  0.1966458      0.849    22.4681     6.7869     5.7261 -9.990e-29
       1769      0.858    14.7704   2.862721     2.8011     2.7002     0.0057  0.1967304      0.850    22.4695     6.7855     5.7248 -9.990e-29
       1770      0.859    14.7720   2.863022     2.8005     2.7001     0.0057  0.1968085      0.851    22.4712     6.7837     5.7238 -9.990e-29
       1771      0.860    14.7738   2.863367     2.7999     2.7000     0.0057  0.1968797      0.852    22.4732     6.7819     5.7227 -9.990e-29
       1772      0.861    14.7758   2.863754     2.7994     2.6999     0.0057  0.1969453      0.853    22.4754     6.7805     5.7217 -9.990e-29
       1773      0.861    14.7780   2.864179     2.7988     2.6998     0.0057  0.1970075      0.853    22.4778     6.7787     5.7206 -9.990e-29
       1774      0.862    14.7804   2.864639     2.7982     2.6996     0.0057  0.1970668      0.854    22.4804     6.7770     5.7192 -9.990e-29
       1775      0.863    14.7830   2.865130     2.7977     2.6995     0.0057  0.1971219      0.855    22.4831     6.7756     5.7181 -9.990e-29
       1776      0.864    14.7857   2.865649     2.7971     2.6993     0.0057  0.1971722      0.856    22.4860     6.7739     5.7168 -9.990e-29
       1777      0.864    14.7887   2.866196     2.7966     2.6992     0.0057  0.1972182      0.856    22.4890     6.7725     5.7157 -9.990e-29
