data/2021/ctd_data_day2/station2.cnv
* Sea-Bird SBE 9 Data File:
* FileName = C:\Users\CTD-User\Desktop\MAR440\day2\station2.hex
* Software Version Seasave V 7.26.2.13
* Temperature SN = 6313
* Conductivity SN = 4758
* Number of Bytes Per Scan = 37
* Number of Voltage Words = 4
* Number of Scans Averaged by the Deck Unit = 1
* NMEA Latitude = 58 19.95 N
* NMEA Longitude = 011 52.33 E
* NMEA UTC (Time) = Sep 22 2021 09:05:25
* NMEA baud rate = 4800
** Ship: Skagerrak
** Station: station2
** Operator: group2blue
# nquan = 9
# nvalues = 8194                                  
# units = specified
# name 0 = scan: Scan Count
# name 1 = prDM: Pressure, Digiquartz [db]
# name 2 = t090C: Temperature [ITS-90, deg C]
# name 3 = c0S/m: Conductivity [S/m]
# name 4 = sbeox0V: Oxygen raw, SBE 43 [V]
# name 5 = sbeox1V: Oxygen raw, SBE 43, 2 [V]
# name 6 = flECO-AFL: Fluorescence, WET Labs ECO-AFL/FL [mg/m^3]
# name 7 = upoly0: Upoly 0, Turbidity
# name 8 = flag:  0.000e+00
# span 0 =          1,       8194                 
# span 1 =      0.414,     46.105                 
# span 2 =     7.9715,    16.1947                 
# span 3 =   2.598373,   3.488985                 
# span 4 =     0.4613,     4.2576                 
# span 5 =     0.5151,     4.2186                 
# span 6 =     0.0035,     0.0209                 
# span 7 =  0.0879084,  0.3184335                 
# span 8 = 0.0000e+00, 0.0000e+00                 
# interval = seconds: 0.0416667
# start_time = Sep 22 2021 09:05:25 [NMEA time, header]
# bad_flag = -9.990e-29
*END*
[from data line 7361]
       7362     45.940     8.6761   3.412380     0.4662     0.5199     0.0038  0.1177009  0.000e+00
       7363     45.882     8.6761   3.412508     0.4650     0.5199     0.0040  0.1177009  0.000e+00
       7364     45.940     8.6759   3.412456     0.4637     0.5199     0.0038  0.1177009  0.000e+00
       7365     45.940     8.6758   3.412427     0.4637     0.5199     0.0038  0.1177009  0.000e+00
       7366     45.882     8.6755   3.412403     0.4650     0.5199     0.0038  0.1177009  0.000e+00
       7367     45.940     8.6755   3.412415     0.4650     0.5199     0.0038  0.1177009  0.000e+00
       7368     45.882     8.6755   3.412357     0.4662     0.5199     0.0040  0.1177009  0.000e+00
       7369     45.940     8.6757   3.412334     0.4637     0.5199     0.0040  0.1177009  0.000e+00
       7370     45.882     8.6756   3.412473     0.4637     0.5199     0.0040  0.1177009  0.000e+00
       7371     45.940     8.6755   3.412468     0.4662     0.5199     0.0040  0.1177009  0.000e+00
       7372     45.940     8.6756   3.412503     0.4662     0.5199     0.0040  0.1177009  0.000e+00
       7373     45.882     8.6761   3.412607     0.4637     0.5199     0.0040  0.1177009  0.000e+00
       7374     45.939     8.6765   3.412642     0.4637     0.5199     0.0040  0.1177009  0.000e+00
       7375     45.939     8.6771   3.412730     0.4625     0.5199     0.0040  0.1177009  0.000e+00
       7376     45.939     8.6774   3.412823     0.4662     0.5199     0.0040  0.1177009  0.000e+00
       7377     45.882     8.6778   3.412899     0.4650     0.5199     0.0040  0.1177009  0.000e+00
       7378     45.939     8.6778   3.412934     0.4662     0.5199     0.0040  0.1177009  0.000e+00
       7379     45.939     8.6777   3.412922     0.4637     0.5199     0.0040  0.1177009  0.000e+00
       7380     45.882     8.6776   3.413004     0.4637     0.5199     0.0040  0.1177009  0.000e+00
       7381     45.939     8.6774   3.412945     0.4662     0.5199     0.0040  0.1177009  0.000e+00
       7382     45.939     8.6776   3.412893     0.4637     0.5199     0.0040  0.1177009  0.000e+00
       7383     45.939     8.6773   3.413044     0.4637     0.5199     0.0040  0.1177009  0.000e+00
       7384     45.939     8.6774   3.413033     0.4637     0.5199     0.0040  0.1177009  0.000e+00
       7385     45.939     8.6773   3.413009     0.4662     0.5199     0.0040  0.1177009  0.000e+00
       7386     45.939     8.6774   3.413009     0.4650     0.5199     0.0040  0.1177009  0.000e+00
       7387     45.881     8.6771   3.413027     0.4650     0.5199     0.0040  0.1177009  0.000e+00
       7388     45.939     8.6773   3.413056     0.4637     0.5199     0.0040  0.1177009  0.000e+00
       7389     45.939     8.6770   3.413044     0.4637     0.5199     0.0040  0.1177009  0.000e+00
       7390     45.939     8.6771   3.412992     0.4662     0.5199     0.0040  0.1177009  0.000e+00
       7391     45.939     8.6772   3.412998     0.4650     0.5199     0.0040  0.1177009  0.000e+00
       7392     45.939     8.6771   3.413079     0.4662     0.5199     0.0040  0.1177009  0.000e+00
       7393     45.939     8.6774   3.413103     0.4637     0.5199     0.0040  0.1177009  0.000e+00
       7394     45.939     8.6777   3.413231     0.4625     0.5199     0.0040  0.1177009  0.000e+00
       7395     45.939     8.6778   3.413208     0.4650     0.5199     0.0040  0.1177009  0.000e+00
       7396     45.939     8.6780   3.413167     0.4650     0.5199     0.0040  0.1177009  0.000e+00
       7397     45.939     8.6778   3.413208     0.4637     0.5199     0.0040  0.1177009  0.000e+00
       7398     45.939     8.6778   3.413196     0.4637     0.5199     0.0040  0.1177009  0.000e+00
       7399     45.939     8.6782   3.413190     0.4637     0.5199     0.0040  0.1177009  0.000e+00
       7400     45.939     8.6774   3.413213     0.4650     0.5199     0.0040  0.1177009  0.000e+00
       7401     45.939     8.6774   3.413173     0.4662     0.5199     0.0040  0.1177009  0.000e+00
       7402     45.939     8.6770   3.413178     0.4637     0.5199     0.0040  0.1177009  0.000e+00
       7403     45.939     8.6771   3.413213     0.4637     0.5199     0.0040  0.1177009  0.000e+00
       7404     45.939     8.6769   3.413173     0.4625     0.5199     0.0040  0.1177009  0.000e+00
       7405     46.005     8.6770   3.413138     0.4650     0.5199     0.0040  0.1177009  0.000e+00
       7406     45.939     8.6769   3.413109     0.4662     0.5199     0.0040  0.1177009  0.000e+00
       7407     45.939     8.6770   3.413074     0.4637     0.5199     0.0040  0.1177009  0.000e+00
       7408     45.938     8.6768   3.413068     0.4637     0.5199     0.0040  0.1177009  0.000e+00
       7409     45.938     8.6769   3.413068     0.4662     0.5199     0.0040  0.1177009  0.000e+00
       7410     46.004     8.6768   3.413138     0.4650     0.5199     0.0040  0.1177009  0.000e+00
       7411     45.938     8.6767   3.413161     0.4662     0.5199     0.0040  0.1177009  0.000e+00
       7412     45.938     8.6768   3.413248     0.4637     0.5199     0.0040  0.1177009  0.000e+00
       7413     45.938     8.6766   3.413208     0.4637     0.5199     0.0040  0.1177009  0.000e+00
       7414     45.996     8.6765   3.413307     0.4662     0.5199     0.0040  0.1177009  0.000e+00
       7415     45.938     8.6770   3.413324     0.4662     0.5199     0.0040  0.1177009  0.000e+00
       7416     45.938     8.6768   3.413406     0.4637     0.5199     0.0040  0.1177009  0.000e+00
       7417     45.996     8.6772   3.413371     0.4637     0.5199     0.0040  0.1177009  0.000e+00
       7418     45.938     8.6771   3.413365     0.4637     0.5199     0.0040  0.1177009  0.000e+00
       7419     45.938     8.6769   3.413446     0.4650     0.5199     0.0040  0.1177009  0.000e+00
       7420     46.004     8.6770   3.413353     0.4662     0.5199     0.0040  0.1177009  0.000e+00
       7421     45.938     8.6766   3.413359     0.4637     0.5199     0.0040  0.1177009  0.000e+00
       7422     45.938     8.6769   3.413283     0.4637     0.5199     0.0040  0.1177009  0.000e+00
       7423     46.004     8.6765   3.413272     0.4637     0.5187     0.0040  0.1177009  0.000e+00
       7424     45.938     8.6764   3.413167     0.4662     0.5199     0.0040  0.1177009  0.000e+00
       7425     45.938     8.6766   3.413109     0.4637     0.5199     0.0040  0.1177009  0.000e+00
       7426     46.004     8.6765   3.413074     0.4637     0.5199     0.0040  0.1177009  0.000e+00
       7427     45.938     8.6765   3.412998     0.4637     0.5199     0.0040  0.1177009  0.000e+00
       7428     46.004     8.6766   3.412858     0.4637     0.5187     0.0040  0.1177009  0.000e+00
       7429     45.938     8.6764   3.412870     0.4650     0.5199     0.0040  0.1177009  0.000e+00
       7430     45.938     8.6766   3.412864     0.4650     0.5199     0.0040  0.1177009  0.000e+00
       7431     46.004     8.6768   3.412899     0.4637     0.5199     0.0040  0.1177009  0.000e+00
       7432     45.938     8.6769   3.412881     0.4637     0.5199     0.0040  0.1177009  0.000e+00
       7433     45.996     8.6770   3.412881     0.4637     0.5199     0.0040  0.1177009  0.000e+00
       7434     45.938     8.6770   3.412887     0.4650     0.5199     0.0040  0.1177009  0.000e+00
       7435     45.995     8.6771   3.412974     0.4637     0.5199     0.0040  0.1177009  0.000e+00
       7436     45.938     8.6771   3.412986     0.4637     0.5199     0.0040  0.1177009  0.000e+00
       7437     46.004     8.6769   3.412980     0.4625     0.5199     0.0040  0.1177009  0.000e+00
       7438     45.938     8.6766   3.412951     0.4637     0.5199     0.0040  0.1177009  0.000e+00
       7439     46.004     8.6767   3.412875     0.4650     0.5199     0.0040  0.1172125  0.000e+00
       7440     46.004     8.6768   3.412829     0.4662     0.5199     0.0040  0.1177009  0.000e+00
       7441     45.938     8.6770   3.412800     0.4637     0.5199     0.0040  0.1177009  0.000e+00
       7442     45.938     8.6769   3.412724     0.4625     0.5199     0.0040  0.1177009  0.000e+00
       7443     45.995     8.6770   3.412677     0.4662     0.5199     0.0040  0.1177009  0.000e+00
       7444     45.937     8.6772   3.412648     0.4650     0.5199     0.0038  0.1177009  0.000e+00
       7445     46.003     8.6771   3.412660     0.4637     0.5199     0.0040  0.1177009  0.000e+00
       7446     45.995     8.6770   3.412648     0.4637     0.5199     0.0038  0.1177009  0.000e+00
       7447     45.937     8.6765   3.412572     0.4637     0.5199     0.0038  0.1177009  0.000e+00
       7448     46.003     8.6765   3.412561     0.4662     0.5187     0.0038  0.1177009  0.000e+00
       7449     45.937     8.6762   3.412596     0.4662     0.5199     0.0038  0.1172125  0.000e+00
       7450     46.003     8.6765   3.412794     0.4637     0.5199     0.0038  0.1177009  0.000e+00
       7451     45.937     8.6765   3.412829     0.4637     0.5199     0.0038  0.1177009  0.000e+00
       7452     46.003     8.6760   3.412940     0.4637     0.5199     0.0038  0.1172125  0.000e+00
       7453     46.003     8.6755   3.413068     0.4662     0.5187     0.0038  0.1177009  0.000e+00
       7454     45.937     8.6739   3.413103     0.4662     0.5199     0.0038  0.1177009  0.000e+00
       7455     46.003     8.6737   3.412980     0.4637     0.5187     0.0040  0.1177009  0.000e+00
       7456     45.879     8.6742   3.412969     0.4637     0.5199     0.0038  0.1177009  0.000e+00
       7457     45.995     8.6751   3.412858     0.4637     0.5199     0.0038  0.1177009  0.000e+00
       7458     46.003     8.6758   3.412910     0.4650     0.5199     0.0040  0.1177009  0.000e+00
       7459     45.995     8.6759   3.412782     0.4662     0.5187     0.0038  0.1177009  0.000e+00
       7460     45.937     8.6765   3.412730     0.4637     0.5199     0.0038  0.1177009  0.000e+00
       7461     46.003     8.6768   3.412660     0.4625     0.5199     0.0038  0.1177009  0.000e+00
       7462     45.937     8.6760   3.412706     0.4637     0.5199     0.0038  0.1177009  0.000e+00
       7463     46.003     8.6760   3.412730     0.4637     0.5199     0.0038  0.1177009  0.000e+00
       7464     45.937     8.6758   3.412637     0.4637     0.5199     0.0038  0.1177009  0.000e+00
       7465     46.003     8.6762   3.412642     0.4637     0.5199     0.0038  0.1177009  0.000e+00
       7466     45.937     8.6763   3.412572     0.4625     0.5199     0.0038  0.1177009  0.000e+00
       7467     45.994     8.6764   3.412637     0.4637     0.5199     0.0040  0.1177009  0.000e+00
       7468     45.937     8.6766   3.412619     0.4650     0.5199     0.0038  0.1177009  0.000e+00
       7469     46.003     8.6766   3.412538     0.4637     0.5187     0.0038  0.1177009  0.000e+00
       7470     45.937     8.6770   3.412398     0.4637     0.5199     0.0038  0.1177009  0.000e+00
       7471     46.003     8.6765   3.412433     0.4637     0.5199     0.0038  0.1177009  0.000e+00
       7472     45.994     8.6767   3.412473     0.4662     0.5199     0.0038  0.1177009  0.000e+00
       7473     45.937     8.6768   3.412532     0.4650     0.5187     0.0038  0.1177009  0.000e+00
       7474     45.936     8.6768   3.412409     0.4637     0.5187     0.0038  0.1177009  0.000e+00
       7475     45.994     8.6765   3.412409     0.4625     0.5199     0.0038  0.1177009  0.000e+00
       7476     45.936     8.6758   3.412374     0.4625     0.5199     0.0038  0.1177009  0.000e+00
       7477     46.002     8.6760   3.412409     0.4650     0.5199     0.0038  0.1177009  0.000e+00
       7478     45.936     8.6756   3.412374     0.4650     0.5187     0.0040  0.1177009  0.000e+00
       7479     45.936     8.6758   3.412217     0.4637     0.5187     0.0038  0.1177009  0.000e+00
       7480     45.994     8.6755   3.412153     0.4637     0.5187     0.0038  0.1177009  0.000e+00
       7481     45.936     8.6761   3.412101     0.4637     0.5199     0.0038  0.1177009  0.000e+00
       7482     45.936     8.6765   3.411996     0.4662     0.5199     0.0038  0.1177009  0.000e+00
       7483     45.994     8.6770   3.412147     0.4662     0.5187     0.0038  0.1177009  0.000e+00
       7484     45.936     8.6768   3.412229     0.4637     0.5187     0.0038  0.1177009  0.000e+00
       7485     46.002     8.6764   3.412240     0.4625     0.5187     0.0038  0.1177009  0.000e+00
       7486     45.936     8.6760   3.412077     0.4637     0.5187     0.0038  0.1177009  0.000e+00
       7487     45.936     8.6757   3.411932     0.4650     0.5187     0.0040  0.1177009  0.000e+00
       7488     45.994     8.6756   3.411926     0.4637     0.5199     0.0038  0.1177009  0.000e+00
       7489     45.936     8.6758   3.411955     0.4637     0.5187     0.0040  0.1177009  0.000e+00
       7490     45.936     8.6760   3.412036     0.4637     0.5187     0.0040  0.1177009  0.000e+00
       7491     45.994     8.6763   3.412025     0.4637     0.5187     0.0038  0.1177009  0.000e+00
       7492     45.936     8.6765   3.412159     0.4637     0.5187     0.0038  0.1177009  0.000e+00
       7493     45.936     8.6765   3.412095     0.4625     0.5199     0.0038  0.1177009  0.000e+00
       7494     45.936     8.6766   3.412100     0.4637     0.5187     0.0040  0.1177009  0.000e+00
       7495     46.002     8.6767   3.412118     0.4637     0.5187     0.0040  0.1172125  0.000e+00
       7496     45.936     8.6768   3.412118     0.4662     0.5199     0.0038  0.1172125  0.000e+00
       7497     45.936     8.6769   3.412229     0.4650     0.5187     0.0040  0.1172125  0.000e+00
       7498     45.936     8.6771   3.412176     0.4637     0.5187     0.0038  0.1172125  0.000e+00
       7499     45.936     8.6770   3.412077     0.4625     0.5187     0.0038  0.1172125  0.000e+00
       7500     45.936     8.6772   3.412060     0.4625     0.5187     0.0038  0.1172125  0.000e+00
       7501     45.936     8.6768   3.412031     0.4637     0.5187     0.0038  0.1172125  0.000e+00
       7502     45.993     8.6764   3.412001     0.4662     0.5187     0.0038  0.1172125  0.000e+00
       7503     45.936     8.6763   3.412054     0.4625     0.5187     0.0038  0.1172125  0.000e+00
       7504     45.936     8.6760   3.412060     0.4625     0.5199     0.0038  0.1172125  0.000e+00
       7505     45.935     8.6762   3.412101     0.4625     0.5199     0.0038  0.1172125  0.000e+00
       7506     45.935     8.6763   3.412071     0.4637     0.5199     0.0038  0.1172125  0.000e+00
       7507     45.935     8.6766   3.412170     0.4637     0.5187     0.0038  0.1172125  0.000e+00
       7508     45.935     8.6765   3.412211     0.4637     0.5187     0.0038  0.1172125  0.000e+00
       7509     45.935     8.6765   3.412252     0.4637     0.5187     0.0038  0.1172125  0.000e+00
       7510     45.935     8.6765   3.412293     0.4637     0.5187     0.0038  0.1172125  0.000e+00
       7511     45.935     8.6766   3.412322     0.4662     0.5187     0.0038  0.1172125  0.000e+00
       7512     45.935     8.6765   3.412334     0.4637     0.5187     0.0040  0.1172125  0.000e+00
       7513     45.935     8.6762   3.412281     0.4637     0.5187     0.0038  0.1172125  0.000e+00
       7514     45.935     8.6763   3.412316     0.4625     0.5187     0.0038  0.1172125  0.000e+00
       7515     45.935     8.6764   3.412310     0.4637     0.5187     0.0038  0.1172125  0.000e+00
       7516     45.935     8.6766   3.412269     0.4662     0.5199     0.0038  0.1172125  0.000e+00
       7517     45.877     8.6763   3.412223     0.4637     0.5187     0.0038  0.1172125  0.000e+00
       7518     45.935     8.6765   3.412188     0.4625     0.5187     0.0038  0.1172125  0.000e+00
       7519     45.935     8.6766   3.412269     0.4625     0.5187     0.0038  0.1172125  0.000e+00
       7520     45.935     8.6769   3.412275     0.4637     0.5187     0.0040  0.1172125  0.000e+00
