data/2021/ctd_data_day2/station8.cnv
* Sea-Bird SBE 9 Data File:
* FileName = C:\Users\CTD-User\Desktop\MAR440\day2\station8.hex
* Software Version Seasave V 7.26.2.13
* Temperature SN = 6313
* Conductivity SN = 4758
* Number of Bytes Per Scan = 37
* Number of Voltage Words = 4
* Number of Scans Averaged by the Deck Unit = 1
* NMEA Latitude = 58 19.53 N
* NMEA Longitude = 011 50.68 E
* NMEA UTC (Time) = Sep 22 2021 11:34:11
* NMEA baud rate = 4800
** Ship: Skagerrak
** Station: station8
** Operator: group1
# nquan = 9
# nvalues = 1621                                  
# units = specified
# name 0 = scan: Scan Count
# name 1 = prDM: Pressure, Digiquartz [db]
# name 2 = t090C: Temperature [ITS-90, deg C]
# name 3 = c0S/m: Conductivity [S/m]
# name 4 = sbeox0V: Oxygen raw, SBE 43 [V]
# name 5 = sbeox1V: Oxygen raw, SBE 43, 2 [V]
# name 6 = flECO-AFL: Fluorescence, WET Labs ECO-AFL/FL [mg/m^3]
# name 7 = upoly0: Upoly 0, Turbidity
# name 8 = flag:  0.000e+00
# span 0 =          1,       1621                 
# span 1 =      0.732,     12.652                 
# span 2 =    13.9013,    15.7444                 
# span 3 =   2.896753,   3.420962                 
# span 4 =     1.3528,     2.8205                 
# span 5 =     1.3344,     2.7521                 
# span 6 =     0.0040,     0.0057                 
# span 7 =  0.0908388,  0.1826581                 
# span 8 = 0.0000e+00, 0.0000e+00                 
# interval = seconds: 0.0416667
# start_time = Sep 22 2021 11:34:11 [NMEA time, header]
# bad_flag = -9.990e-29
*END*
[from data line 801]
        802      2.851    14.9534   2.935253     2.8181     2.7497     0.0057  0.1738669  0.000e+00
        803      2.810    14.9561   2.936584     2.8193     2.7472     0.0057  0.1743553  0.000e+00
        804      2.876    14.9574   2.937470     2.8181     2.7472     0.0057  0.1743553  0.000e+00
        805      2.851    14.9585   2.938015     2.8168     2.7472     0.0057  0.1738669  0.000e+00
        806      2.876    14.9606   2.938031     2.8156     2.7472     0.0057  0.1738669  0.000e+00
        807      2.908    14.9655   2.938273     2.8181     2.7472     0.0057  0.1738669  0.000e+00
        808      2.876    14.9735   2.939264     2.8181     2.7460     0.0057  0.1738669  0.000e+00
        809      2.966    14.9805   2.940695     2.8168     2.7460     0.0057  0.1743553  0.000e+00
        810      2.933    14.9840   2.942280     2.8156     2.7460     0.0057  0.1738669  0.000e+00
        811      2.999    14.9814   2.943145     2.8168     2.7448     0.0057  0.1743553  0.000e+00
        812      2.966    14.9777   2.943079     2.8181     2.7436     0.0057  0.1743553  0.000e+00
        813      2.999    14.9736   2.942545     2.8168     2.7436     0.0057  0.1738669  0.000e+00
        814      3.032    14.9715   2.942038     2.8156     2.7436     0.0057  0.1738669  0.000e+00
        815      2.999    14.9775   2.942143     2.8156     2.7436     0.0057  0.1743553  0.000e+00
        816      3.090    14.9841   2.943255     2.8156     2.7436     0.0057  0.1738669  0.000e+00
        817      3.057    14.9928   2.945337     2.8181     2.7436     0.0057  0.1743553  0.000e+00
        818      3.090    15.0026   2.947810     2.8168     2.7424     0.0055  0.1724017  0.000e+00
        819      3.123    15.0081   2.949568     2.8156     2.7424     0.0055  0.1704481  0.000e+00
        820      3.123    15.0104   2.950643     2.8156     2.7424     0.0055  0.1694713  0.000e+00
        821      3.156    15.0117   2.951216     2.8156     2.7411     0.0055  0.1694713  0.000e+00
        822      3.180    15.0142   2.951337     2.8168     2.7411     0.0049  0.1694713  0.000e+00
        823      3.156    15.0161   2.951734     2.8156     2.7411     0.0055  0.1694713  0.000e+00
        824      3.180    15.0184   2.952297     2.8144     2.7399     0.0049  0.1694713  0.000e+00
        825      3.213    15.0206   2.952787     2.8144     2.7399     0.0049  0.1694713  0.000e+00
        826      3.304    15.0223   2.953234     2.8156     2.7399     0.0055  0.1694713  0.000e+00
        827      3.238    15.0226   2.953675     2.8156     2.7399     0.0055  0.1694713  0.000e+00
        828      3.279    15.0187   2.953124     2.8144     2.7387     0.0049  0.1694713  0.000e+00
        829      3.238    15.0140   2.951619     2.8144     2.7387     0.0049  0.1694713  0.000e+00
        830      3.337    15.0105   2.949921     2.8156     2.7399     0.0055  0.1694713  0.000e+00
        831      3.304    15.0094   2.948819     2.8156     2.7375     0.0049  0.1694713  0.000e+00
        832      3.395    15.0078   2.948312     2.8156     2.7375     0.0055  0.1694713  0.000e+00
        833      3.304    15.0072   2.948521     2.8144     2.7375     0.0049  0.1694713  0.000e+00
        834      3.428    15.0076   2.948648     2.8132     2.7375     0.0049  0.1694713  0.000e+00
        835      3.395    15.0083   2.948797     2.8132     2.7375     0.0055  0.1694713  0.000e+00
        836      3.428    15.0084   2.948990     2.8156     2.7363     0.0055  0.1694713  0.000e+00
        837      3.395    15.0085   2.948979     2.8156     2.7363     0.0055  0.1694713  0.000e+00
        838      3.485    15.0092   2.949017     2.8132     2.7363     0.0055  0.1694713  0.000e+00
        839      3.461    15.0105   2.949309     2.8132     2.7363     0.0049  0.1694713  0.000e+00
        840      3.485    15.0110   2.949579     2.8132     2.7363     0.0053  0.1694713  0.000e+00
        841      3.485    15.0109   2.949739     2.8156     2.7350     0.0055  0.1694713  0.000e+00
        842      3.518    15.0083   2.949618     2.8132     2.7350     0.0055  0.1694713  0.000e+00
        843      3.543    15.0029   2.948962     2.8120     2.7350     0.0049  0.1694713  0.000e+00
        844      3.518    14.9987   2.947695     2.8107     2.7338     0.0049  0.1675177  0.000e+00
        845      3.609    14.9960   2.946654     2.8120     2.7338     0.0055  0.1665409  0.000e+00
        846      3.584    14.9943   2.946064     2.8132     2.7338     0.0049  0.1660525  0.000e+00
        847      3.609    14.9935   2.945728     2.8120     2.7338     0.0049  0.1665409  0.000e+00
        848      3.609    14.9930   2.945579     2.8107     2.7338     0.0049  0.1665409  0.000e+00
        849      3.700    14.9925   2.945425     2.8107     2.7338     0.0055  0.1665409  0.000e+00
        850      3.609    14.9919   2.945409     2.8120     2.7326     0.0055  0.1665409  0.000e+00
        851      3.700    14.9911   2.945183     2.8120     2.7326     0.0055  0.1660525  0.000e+00
        852      3.667    14.9903   2.945199     2.8107     2.7326     0.0053  0.1665409  0.000e+00
        853      3.700    14.9906   2.945012     2.8095     2.7326     0.0049  0.1665409  0.000e+00
        854      3.790    14.9908   2.945034     2.8095     2.7326     0.0049  0.1665409  0.000e+00
        855      3.733    14.9915   2.945117     2.8107     2.7314     0.0049  0.1665409  0.000e+00
        856      3.766    14.9924   2.945370     2.8107     2.7314     0.0055  0.1665409  0.000e+00
        857      3.790    14.9933   2.945585     2.8083     2.7314     0.0055  0.1665409  0.000e+00
        858      3.823    14.9931   2.945739     2.8083     2.7301     0.0055  0.1665409  0.000e+00
        859      3.848    14.9910   2.945607     2.8071     2.7301     0.0055  0.1660525  0.000e+00
        860      3.848    14.9892   2.945144     2.8107     2.7301     0.0055  0.1665409  0.000e+00
        861      3.823    14.9888   2.944588     2.8083     2.7301     0.0055  0.1660525  0.000e+00
        862      3.848    14.9894   2.944682     2.8071     2.7289     0.0049  0.1665409  0.000e+00
        863      3.889    14.9899   2.944797     2.8058     2.7289     0.0049  0.1665409  0.000e+00
        864      3.972    14.9903   2.945062     2.8058     2.7277     0.0053  0.1665409  0.000e+00
        865      3.889    14.9911   2.945117     2.8071     2.7277     0.0049  0.1665409  0.000e+00
        866      3.972    14.9919   2.945343     2.8058     2.7265     0.0049  0.1665409  0.000e+00
        867      3.972    14.9930   2.945354     2.8046     2.7265     0.0049  0.1665409  0.000e+00
        868      4.013    14.9936   2.945662     2.8034     2.7253     0.0049  0.1665409  0.000e+00
        869      3.972    14.9982   2.946042     2.8034     2.7253     0.0055  0.1670293  0.000e+00
        870      4.013    15.0043   2.947100     2.8058     2.7240     0.0049  0.1684945  0.000e+00
        871      4.038    15.0089   2.948654     2.8022     2.7240     0.0049  0.1684945  0.000e+00
        872      4.038    15.0184   2.950020     2.8022     2.7240     0.0049  0.1684945  0.000e+00
        873      4.071    15.0277   2.951916     2.8010     2.7228     0.0049  0.1684945  0.000e+00
        874      4.095    15.0350   2.954177     2.8022     2.7228     0.0049  0.1684945  0.000e+00
        875      4.128    15.0351   2.955285     2.8022     2.7228     0.0051  0.1684945  0.000e+00
        876      4.095    15.0341   2.955313     2.8010     2.7216     0.0049  0.1684945  0.000e+00
        877      4.194    15.0349   2.955148     2.7985     2.7216     0.0049  0.1684945  0.000e+00
        878      4.095    15.0348   2.955307     2.7985     2.7204     0.0049  0.1689829  0.000e+00
        879      4.219    15.0319   2.955396     2.8010     2.7204     0.0051  0.1684945  0.000e+00
        880      4.194    15.0253   2.954602     2.7985     2.7204     0.0051  0.1684945  0.000e+00
        881      4.219    15.0169   2.953069     2.7973     2.7204     0.0049  0.1684945  0.000e+00
        882      4.194    15.0100   2.951233     2.7973     2.7192     0.0049  0.1684945  0.000e+00
        883      4.277    15.0046   2.949651     2.7961     2.7179     0.0051  0.1684945  0.000e+00
        884      4.219    14.9994   2.948086     2.7973     2.7179     0.0049  0.1684945  0.000e+00
        885      4.318    14.9940   2.946847     2.7961     2.7179     0.0049  0.1684945  0.000e+00
        886      4.277    14.9935   2.945574     2.7949     2.7167     0.0049  0.1684945  0.000e+00
        887      4.318    14.9960   2.945315     2.7961     2.7167     0.0049  0.1684945  0.000e+00
        888      4.343    14.9936   2.945310     2.7936     2.7167     0.0051  0.1684945  0.000e+00
        889      4.343    14.9901   2.945144     2.7949     2.7167     0.0049  0.1684945  0.000e+00
        890      4.376    14.9867   2.944401     2.7936     2.7167     0.0049  0.1684945  0.000e+00
        891      4.400    14.9868   2.944043     2.7924     2.7167     0.0051  0.1684945  0.000e+00
        892      4.376    14.9880   2.944026     2.7924     2.7155     0.0049  0.1684945  0.000e+00
        893      4.400    14.9904   2.944539     2.7924     2.7155     0.0051  0.1684945  0.000e+00
        894      4.466    14.9930   2.944968     2.7924     2.7155     0.0049  0.1684945  0.000e+00
        895      4.433    14.9952   2.945574     2.7912     2.7155     0.0049  0.1689829  0.000e+00
        896      4.466    14.9977   2.946075     2.7900     2.7143     0.0049  0.1694713  0.000e+00
        897      4.499    15.0014   2.946516     2.7912     2.7143     0.0049  0.1694713  0.000e+00
        898      4.524    15.0085   2.947552     2.7900     2.7143     0.0049  0.1694713  0.000e+00
        899      4.499    15.0189   2.949039     2.7912     2.7143     0.0051  0.1694713  0.000e+00
        900      4.582    15.0272   2.951095     2.7900     2.7143     0.0049  0.1694713  0.000e+00
        901      4.524    15.0307   2.953030     2.7875     2.7131     0.0051  0.1694713  0.000e+00
        902      4.623    15.0341   2.954624     2.7863     2.7143     0.0049  0.1689829  0.000e+00
        903      4.582    15.0366   2.955655     2.7912     2.7131     0.0051  0.1694713  0.000e+00
        904      4.623    15.0398   2.956515     2.7888     2.7131     0.0051  0.1689829  0.000e+00
        905      4.582    15.0440   2.957365     2.7863     2.7131     0.0051  0.1689829  0.000e+00
        906      4.648    15.0476   2.958159     2.7863     2.7131     0.0049  0.1694713  0.000e+00
        907      4.681    15.0511   2.959092     2.7863     2.7131     0.0051  0.1694713  0.000e+00
        908      4.705    15.0531   2.959958     2.7875     2.7118     0.0049  0.1694713  0.000e+00
        909      4.747    15.0523   2.960229     2.7875     2.7131     0.0051  0.1694713  0.000e+00
        910      4.705    15.0535   2.960168     2.7863     2.7131     0.0049  0.1694713  0.000e+00
        911      4.705    15.0548   2.960366     2.7839     2.7118     0.0049  0.1694713  0.000e+00
        912      4.804    15.0577   2.961001     2.7863     2.7118     0.0051  0.1694713  0.000e+00
        913      4.771    15.0636   2.962221     2.7863     2.7118     0.0051  0.1689829  0.000e+00
        914      4.804    15.0668   2.963767     2.7851     2.7118     0.0049  0.1689829  0.000e+00
        915      4.829    15.0663   2.964700     2.7839     2.7118     0.0049  0.1694713  0.000e+00
        916      4.829    15.0636   2.964672     2.7826     2.7106     0.0049  0.1694713  0.000e+00
        917      4.862    15.0602   2.963960     2.7826     2.7118     0.0051  0.1694713  0.000e+00
        918      4.895    15.0572   2.963148     2.7839     2.7118     0.0049  0.1694713  0.000e+00
        919      4.928    15.0585   2.962883     2.7826     2.7106     0.0049  0.1694713  0.000e+00
        920      4.895    15.0650   2.963568     2.7814     2.7106     0.0049  0.1684945  0.000e+00
        921      4.953    15.0744   2.965108     2.7814     2.7106     0.0055  0.1675177  0.000e+00
        922      4.986    15.0854   2.967284     2.7826     2.7106     0.0055  0.1670293  0.000e+00
        923      5.010    15.0947   2.969947     2.7826     2.7106     0.0053  0.1670293  0.000e+00
        924      4.986    15.0986   2.971997     2.7814     2.7094     0.0049  0.1675177  0.000e+00
        925      5.076    15.0984   2.972782     2.7802     2.7094     0.0049  0.1675177  0.000e+00
        926      5.010    15.1013   2.973241     2.7802     2.7094     0.0049  0.1675177  0.000e+00
        927      5.109    15.1038   2.974114     2.7814     2.7094     0.0053  0.1675177  0.000e+00
        928      5.076    15.1058   2.975087     2.7814     2.7106     0.0055  0.1675177  0.000e+00
        929      5.109    15.1078   2.976171     2.7814     2.7094     0.0055  0.1675177  0.000e+00
        930      5.134    15.1122   2.977459     2.7802     2.7082     0.0049  0.1675177  0.000e+00
        931      5.200    15.1190   2.979003     2.7802     2.7082     0.0055  0.1675177  0.000e+00
        932      5.175    15.1220   2.980712     2.7814     2.7082     0.0055  0.1670293  0.000e+00
        933      5.200    15.1244   2.981974     2.7802     2.7069     0.0049  0.1675177  0.000e+00
        934      5.258    15.1306   2.983208     2.7790     2.7082     0.0055  0.1675177  0.000e+00
        935      5.233    15.1408   2.985892     2.7790     2.7069     0.0055  0.1675177  0.000e+00
        936      5.258    15.1486   2.989470     2.7790     2.7069     0.0053  0.1675177  0.000e+00
        937      5.291    15.1538   2.992495     2.7802     2.7069     0.0049  0.1675177  0.000e+00
        938      5.315    15.1563   2.994301     2.7802     2.7045     0.0049  0.1675177  0.000e+00
        939      5.381    15.1580   2.994933     2.7790     2.7057     0.0055  0.1670293  0.000e+00
        940      5.357    15.1611   2.995127     2.7790     2.7057     0.0049  0.1670293  0.000e+00
        941      5.381    15.1640   2.995332     2.7778     2.7045     0.0053  0.1675177  0.000e+00
        942      5.414    15.1663   2.995659     2.7790     2.7045     0.0049  0.1675177  0.000e+00
        943      5.381    15.1669   2.995753     2.7778     2.7045     0.0055  0.1675177  0.000e+00
        944      5.505    15.1697   2.995853     2.7778     2.7045     0.0055  0.1675177  0.000e+00
        945      5.414    15.1754   2.996391     2.7765     2.7045     0.0055  0.1670293  0.000e+00
        946      5.505    15.1824   2.997727     2.7778     2.7033     0.0049  0.1655641  0.000e+00
        947      5.538    15.1888   2.999640     2.7790     2.7033     0.0049  0.1636105  0.000e+00
        948      5.505    15.1968   3.001765     2.7778     2.7033     0.0049  0.1636105  0.000e+00
        949      5.563    15.2048   3.003967     2.7765     2.7033     0.0049  0.1636105  0.000e+00
        950      5.596    15.2110   3.006087     2.7765     2.7021     0.0049  0.1636105  0.000e+00
        951      5.563    15.2181   3.008141     2.7778     2.7021     0.0049  0.1636105  0.000e+00
        952      5.686    15.2249   3.010329     2.7778     2.7021     0.0049  0.1636105  0.000e+00
        953      5.596    15.2283   3.012817     2.7765     2.7008     0.0049  0.1636105  0.000e+00
        954      5.686    15.2278   3.013995     2.7753     2.7008     0.0049  0.1636105  0.000e+00
        955      5.662    15.2291   3.014490     2.7765     2.7008     0.0049  0.1636105  0.000e+00
        956      5.686    15.2327   3.015484     2.7778     2.6996     0.0049  0.1636105  0.000e+00
        957      5.744    15.2336   3.017024     2.7765     2.7008     0.0049  0.1640989  0.000e+00
        958      5.785    15.2336   3.018146     2.7765     2.7008     0.0049  0.1640989  0.000e+00
        959      5.744    15.2329   3.019014     2.7741     2.6984     0.0049  0.1636105  0.000e+00
        960      5.785    15.2295   3.019475     2.7741     2.6984     0.0049  0.1636105  0.000e+00
