data/2021/ctd_data_day2/station5.cnv
* Sea-Bird SBE 9 Data File:
* FileName = C:\Users\CTD-User\Desktop\MAR440\day2\station5.hex
* Software Version Seasave V 7.26.2.13
* Temperature SN = 6313
* Conductivity SN = 4758
* Number of Bytes Per Scan = 37
* Number of Voltage Words = 4
* Number of Scans Averaged by the Deck Unit = 1
* NMEA Latitude = 58 19.20 N
* NMEA Longitude = 011 48.71 E
* NMEA UTC (Time) = Sep 22 2021 10:20:22
* NMEA baud rate = 4800
** Ship: Skagerrak
** Station: station5
** Operator: group2blu
# nquan = 9
# nvalues = 5019                                  
# units = specified
# name 0 = scan: Scan Count
# name 1 = prDM: Pressure, Digiquartz [db]
# name 2 = t090C: Temperature [ITS-90, deg C]
# name 3 = c0S/m: Conductivity [S/m]
# name 4 = sbeox0V: Oxygen raw, SBE 43 [V]
# name 5 = sbeox1V: Oxygen raw, SBE 43, 2 [V]
# name 6 = flECO-AFL: Fluorescence, WET Labs ECO-AFL/FL [mg/m^3]
# name 7 = upoly0: Upoly 0, Turbidity
# name 8 = flag:  0.000e+00
# span 0 =          1,       5019                 
# span 1 =      0.359,     26.579                 
# span 2 =    11.2578,    16.2563                 
# span 3 =  -0.000784,   3.806451                 
# span 4 =     0.9253,     2.9597                 
# span 5 =     1.0182,     2.8608                 
# span 6 =     0.0020,     0.0522                 
# span 7 =  0.0800940,  0.1792393                 
# span 8 = 0.0000e+00, 0.0000e+00                 
# interval = seconds: 0.0416667
# start_time = Sep 22 2021 10:20:22 [NMEA time, header]
# bad_flag = -9.990e-29
*END*
[from data line 1441]
       1442      5.986    15.0970   2.899664     2.1465     2.1917     0.0046  0.1553077  0.000e+00
       1443      6.010    15.0953   2.899669     2.1465     2.1929     0.0046  0.1553077  0.000e+00
       1444      6.043    15.0967   2.899637     2.1465     2.1954     0.0046  0.1553077  0.000e+00
       1445      6.068    15.1024   2.899543     2.1453     2.1978     0.0046  0.1548193  0.000e+00
       1446      6.068    15.1087   2.899609     2.1453     2.1990     0.0048  0.1489585  0.000e+00
       1447      6.109    15.1141   2.899751     2.1453     2.2015     0.0049  0.1470049  0.000e+00
       1448      6.134    15.1239   2.899746     2.1453     2.2027     0.0049  0.1460281  0.000e+00
       1449      6.109    15.1381   2.899773     2.1453     2.2039     0.0049  0.1470049  0.000e+00
       1450      6.192    15.1506   2.899707     2.1453     2.2076     0.0049  0.1465165  0.000e+00
       1451      6.192    15.1587   2.899658     2.1441     2.2088     0.0049  0.1470049  0.000e+00
       1452      6.167    15.1645   2.899762     2.1453     2.2112     0.0049  0.1470049  0.000e+00
       1453      6.249    15.1766   2.899707     2.1441     2.2125     0.0049  0.1470049  0.000e+00
       1454      6.224    15.1875   2.899778     2.1441     2.2149     0.0049  0.1465165  0.000e+00
       1455      6.315    15.1931   2.899630     2.1441     2.2161     0.0049  0.1465165  0.000e+00
       1456      6.249    15.1980   2.899608     2.1428     2.2186     0.0049  0.1465165  0.000e+00
       1457      6.348    15.2009   2.899603     2.1428     2.2198     0.0049  0.1470049  0.000e+00
       1458      6.315    15.2056   2.899690     2.1428     2.2222     0.0049  0.1470049  0.000e+00
       1459      6.315    15.2108   2.899833     2.1428     2.2234     0.0049  0.1465165  0.000e+00
       1460      6.414    15.2183   2.899827     2.1428     2.2247     0.0049  0.1470049  0.000e+00
       1461      6.439    15.2261   2.899794     2.1416     2.2271     0.0048  0.1465165  0.000e+00
       1462      6.414    15.2366   2.899745     2.1416     2.2283     0.0049  0.1470049  0.000e+00
       1463      6.438    15.2505   2.899750     2.1416     2.2295     0.0049  0.1470049  0.000e+00
       1464      6.438    15.2644   2.899712     2.1416     2.2320     0.0049  0.1465165  0.000e+00
       1465      6.471    15.2749   2.899761     2.1416     2.2332     0.0049  0.1465165  0.000e+00
       1466      6.496    15.2857   2.899909     2.1404     2.2344     0.0049  0.1465165  0.000e+00
       1467      6.595    15.2993   2.899848     2.1404     2.2357     0.0049  0.1465165  0.000e+00
       1468      6.496    15.3106   2.899832     2.1404     2.2381     0.0049  0.1470049  0.000e+00
       1469      6.620    15.3200   2.899821     2.1392     2.2393     0.0049  0.1465165  0.000e+00
       1470      6.595    15.3260   2.899799     2.1392     2.2405     0.0049  0.1465165  0.000e+00
       1471      6.620    15.3321   2.899892     2.1392     2.2418     0.0049  0.1489585  0.000e+00
       1472      6.620    15.3391   2.899903     2.1392     2.2430     0.0048  0.1514005  0.000e+00
       1473      6.652    15.3447   2.899914     2.1392     2.2442     0.0048  0.1518889  0.000e+00
       1474      6.677    15.3453   2.899859     2.1392     2.2454     0.0048  0.1518889  0.000e+00
       1475      6.718    15.3470   2.899821     2.1392     2.2466     0.0048  0.1518889  0.000e+00
       1476      6.677    15.3553   2.899881     2.1380     2.2479     0.0048  0.1518889  0.000e+00
       1477      6.743    15.3641   2.899979     2.1380     2.2491     0.0048  0.1518889  0.000e+00
       1478      6.776    15.3685   2.899985     2.1380     2.2503     0.0048  0.1518889  0.000e+00
       1479      6.801    15.3698   2.899979     2.1380     2.2515     0.0048  0.1518889  0.000e+00
       1480      6.776    15.3683   2.899853     2.1380     2.2527     0.0048  0.1518889  0.000e+00
       1481      6.867    15.3711   2.899957     2.1380     2.2540     0.0048  0.1518889  0.000e+00
       1482      6.867    15.3768   2.900012     2.1367     2.2552     0.0048  0.1514005  0.000e+00
       1483      6.842    15.3810   2.900067     2.1367     2.2564     0.0048  0.1518889  0.000e+00
       1484      6.924    15.3859   2.899985     2.1367     2.2576     0.0048  0.1518889  0.000e+00
       1485      6.866    15.3917   2.899886     2.1367     2.2576     0.0048  0.1518889  0.000e+00
       1486      6.957    15.3945   2.899869     2.1355     2.2589     0.0048  0.1518889  0.000e+00
       1487      6.982    15.3986   2.899826     2.1355     2.2601     0.0048  0.1518889  0.000e+00
       1488      6.957    15.4005   2.900006     2.1355     2.2613     0.0048  0.1518889  0.000e+00
       1489      6.982    15.3977   2.900039     2.1343     2.2613     0.0048  0.1518889  0.000e+00
       1490      7.048    15.3970   2.899990     2.1355     2.2625     0.0048  0.1518889  0.000e+00
       1491      7.023    15.4011   2.899913     2.1343     2.2637     0.0048  0.1518889  0.000e+00
       1492      7.105    15.4061   2.899897     2.1343     2.2637     0.0048  0.1518889  0.000e+00
       1493      7.105    15.4164   2.899935     2.1343     2.2650     0.0048  0.1514005  0.000e+00
       1494      7.080    15.4236   2.900001     2.1343     2.2662     0.0048  0.1518889  0.000e+00
       1495      7.105    15.4244   2.900148     2.1331     2.2662     0.0048  0.1518889  0.000e+00
       1496      7.146    15.4247   2.900050     2.1331     2.2674     0.0048  0.1514005  0.000e+00
       1497      7.171    15.4242   2.899962     2.1331     2.2686     0.0048  0.1484701  0.000e+00
       1498      7.229    15.4198   2.899968     2.1331     2.2686     0.0048  0.1474933  0.000e+00
       1499      7.204    15.4194   2.900006     2.1331     2.2698     0.0048  0.1474933  0.000e+00
       1500      7.229    15.4247   2.900165     2.1319     2.2698     0.0048  0.1474933  0.000e+00
       1501      7.286    15.4326   2.900138     2.1319     2.2698     0.0048  0.1474933  0.000e+00
       1502      7.270    15.4366   2.900050     2.1331     2.2711     0.0048  0.1474933  0.000e+00
       1503      7.286    15.4367   2.899990     2.1319     2.2711     0.0048  0.1474933  0.000e+00
       1504      7.327    15.4358   2.899957     2.1319     2.2723     0.0048  0.1474933  0.000e+00
       1505      7.352    15.4340   2.899957     2.1306     2.2723     0.0048  0.1474933  0.000e+00
       1506      7.410    15.4326   2.900110     2.1319     2.2723     0.0048  0.1474933  0.000e+00
       1507      7.385    15.4354   2.900225     2.1306     2.2723     0.0048  0.1474933  0.000e+00
       1508      7.410    15.4414   2.900121     2.1306     2.2735     0.0048  0.1474933  0.000e+00
       1509      7.410    15.4433   2.900121     2.1306     2.2735     0.0048  0.1474933  0.000e+00
       1510      7.451    15.4421   2.900055     2.1306     2.2735     0.0048  0.1474933  0.000e+00
       1511      7.475    15.4382   2.900099     2.1294     2.2735     0.0048  0.1474933  0.000e+00
       1512      7.533    15.4341   2.900236     2.1306     2.2747     0.0048  0.1474933  0.000e+00
       1513      7.508    15.4326   2.900170     2.1294     2.2747     0.0048  0.1474933  0.000e+00
       1514      7.533    15.4326   2.900039     2.1294     2.2747     0.0048  0.1474933  0.000e+00
       1515      7.574    15.4332   2.900006     2.1294     2.2747     0.0048  0.1474933  0.000e+00
       1516      7.599    15.4465   2.900022     2.1294     2.2747     0.0048  0.1474933  0.000e+00
       1517      7.599    15.4516   2.900159     2.1282     2.2747     0.0048  0.1474933  0.000e+00
       1518      7.632    15.4532   2.900252     2.1294     2.2747     0.0048  0.1474933  0.000e+00
       1519      7.656    15.4570   2.900209     2.1282     2.2759     0.0048  0.1470049  0.000e+00
       1520      7.656    15.4616   2.900148     2.1282     2.2759     0.0048  0.1474933  0.000e+00
       1521      7.689    15.4663   2.900154     2.1270     2.2759     0.0048  0.1474933  0.000e+00
       1522      7.714    15.4735   2.900230     2.1282     2.2759     0.0049  0.1450513  0.000e+00
       1523      7.780    15.4808   2.900291     2.1270     2.2759     0.0049  0.1421209  0.000e+00
       1524      7.755    15.4867   2.900219     2.1270     2.2759     0.0049  0.1411441  0.000e+00
       1525      7.780    15.4908   2.900170     2.1270     2.2759     0.0049  0.1416325  0.000e+00
       1526      7.813    15.4922   2.900181     2.1270     2.2759     0.0049  0.1416325  0.000e+00
       1527      7.838    15.4948   2.900208     2.1270     2.2759     0.0049  0.1416325  0.000e+00
       1528      7.837    15.5001   2.900203     2.1270     2.2759     0.0049  0.1416325  0.000e+00
       1529      7.879    15.5139   2.900318     2.1258     2.2759     0.0049  0.1416325  0.000e+00
       1530      7.903    15.5229   2.900274     2.1258     2.2759     0.0049  0.1416325  0.000e+00
       1531      7.903    15.5242   2.900246     2.1258     2.2759     0.0048  0.1416325  0.000e+00
       1532      7.936    15.5207   2.900263     2.1258     2.2759     0.0049  0.1416325  0.000e+00
       1533      7.961    15.5234   2.900279     2.1258     2.2759     0.0049  0.1416325  0.000e+00
       1534      7.961    15.5427   2.900334     2.1258     2.2759     0.0049  0.1416325  0.000e+00
       1535      8.002    15.5657   2.900290     2.1258     2.2759     0.0049  0.1416325  0.000e+00
       1536      8.019    15.5824   2.900312     2.1258     2.2759     0.0049  0.1416325  0.000e+00
       1537      8.085    15.5906   2.900328     2.1258     2.2759     0.0049  0.1416325  0.000e+00
       1538      8.060    15.5937   2.900306     2.1245     2.2747     0.0049  0.1416325  0.000e+00
       1539      8.084    15.5932   2.900246     2.1245     2.2747     0.0049  0.1416325  0.000e+00
       1540      8.084    15.5960   2.900426     2.1245     2.2747     0.0049  0.1416325  0.000e+00
       1541      8.117    15.6016   2.900470     2.1233     2.2747     0.0049  0.1416325  0.000e+00
       1542      8.142    15.6045   2.900421     2.1233     2.2747     0.0049  0.1416325  0.000e+00
       1543      8.183    15.6074   2.900284     2.1233     2.2747     0.0049  0.1416325  0.000e+00
       1544      8.208    15.6138   2.900273     2.1233     2.2747     0.0049  0.1416325  0.000e+00
       1545      8.208    15.6184   2.900437     2.1233     2.2747     0.0049  0.1416325  0.000e+00
       1546      8.241    15.6224   2.900492     2.1233     2.2747     0.0049  0.1416325  0.000e+00
       1547      8.208    15.6265   2.900492     2.1233     2.2747     0.0049  0.1406557  0.000e+00
       1548      8.266    15.6294   2.900410     2.1233     2.2747     0.0053  0.1333297  0.000e+00
       1549      8.307    15.6319   2.900360     2.1233     2.2735     0.0051  0.1294225  0.000e+00
       1550      8.331    15.6346   2.900339     2.1233     2.2747     0.0053  0.1289341  0.000e+00
       1551      8.331    15.6345   2.900432     2.1233     2.2747     0.0053  0.1294225  0.000e+00
       1552      8.307    15.6324   2.900464     2.1233     2.2735     0.0053  0.1299109  0.000e+00
       1553      8.389    15.6333   2.900421     2.1233     2.2747     0.0053  0.1299109  0.000e+00
       1554      8.389    15.6368   2.900410     2.1221     2.2747     0.0053  0.1299109  0.000e+00
       1555      8.422    15.6414   2.900377     2.1221     2.2747     0.0053  0.1299109  0.000e+00
       1556      8.389    15.6463   2.900497     2.1221     2.2747     0.0053  0.1299109  0.000e+00
       1557      8.447    15.6495   2.900563     2.1221     2.2747     0.0053  0.1299109  0.000e+00
       1558      8.488    15.6555   2.900574     2.1221     2.2747     0.0053  0.1294225  0.000e+00
       1559      8.447    15.6660   2.900448     2.1221     2.2747     0.0053  0.1299109  0.000e+00
       1560      8.512    15.6687   2.900409     2.1221     2.2735     0.0053  0.1294225  0.000e+00
       1561      8.545    15.6678   2.900519     2.1221     2.2747     0.0053  0.1299109  0.000e+00
       1562      8.512    15.6656   2.900546     2.1221     2.2747     0.0053  0.1299109  0.000e+00
       1563      8.545    15.6634   2.900563     2.1221     2.2747     0.0053  0.1299109  0.000e+00
       1564      8.636    15.6626   2.900470     2.1221     2.2747     0.0053  0.1299109  0.000e+00
       1565      8.636    15.6634   2.900453     2.1221     2.2747     0.0053  0.1299109  0.000e+00
       1566      8.611    15.6643   2.900470     2.1209     2.2747     0.0053  0.1299109  0.000e+00
       1567      8.636    15.6650   2.900568     2.1209     2.2747     0.0053  0.1299109  0.000e+00
       1568      8.636    15.6684   2.900716     2.1209     2.2747     0.0053  0.1299109  0.000e+00
       1569      8.669    15.6703   2.900618     2.1209     2.2747     0.0053  0.1299109  0.000e+00
       1570      8.694    15.6703   2.900574     2.1221     2.2747     0.0053  0.1299109  0.000e+00
       1571      8.751    15.6716   2.900519     2.1209     2.2747     0.0053  0.1299109  0.000e+00
       1572      8.735    15.6729   2.900634     2.1209     2.2747     0.0053  0.1299109  0.000e+00
       1573      8.751    15.6736   2.900678     2.1209     2.2747     0.0051  0.1289341  0.000e+00
       1574      8.817    15.6743   2.900760     2.1209     2.2747     0.0051  0.1274689  0.000e+00
       1575      8.792    15.6745   2.900601     2.1209     2.2747     0.0049  0.1269805  0.000e+00
       1576      8.817    15.6738   2.900645     2.1209     2.2747     0.0049  0.1269805  0.000e+00
       1577      8.817    15.6733   2.900645     2.1209     2.2747     0.0049  0.1269805  0.000e+00
       1578      8.850    15.6706   2.900787     2.1209     2.2747     0.0049  0.1269805  0.000e+00
       1579      8.941    15.6692   2.900716     2.1209     2.2747     0.0049  0.1269805  0.000e+00
       1580      8.817    15.6735   2.900661     2.1209     2.2747     0.0049  0.1269805  0.000e+00
       1581      8.973    15.6780   2.900590     2.1209     2.2747     0.0049  0.1269805  0.000e+00
       1582      8.940    15.6825   2.900656     2.1196     2.2747     0.0049  0.1269805  0.000e+00
       1583      8.940    15.6833   2.900842     2.1196     2.2747     0.0049  0.1269805  0.000e+00
       1584      8.973    15.6806   2.900711     2.1209     2.2747     0.0049  0.1274689  0.000e+00
       1585      8.998    15.6785   2.900612     2.1209     2.2747     0.0049  0.1274689  0.000e+00
       1586      8.998    15.6808   2.900579     2.1196     2.2747     0.0049  0.1274689  0.000e+00
       1587      9.097    15.6825   2.900678     2.1196     2.2747     0.0049  0.1274689  0.000e+00
       1588      8.998    15.6865   2.900891     2.1196     2.2747     0.0049  0.1274689  0.000e+00
       1589      9.122    15.6929   2.900886     2.1196     2.2735     0.0049  0.1269805  0.000e+00
       1590      9.097    15.7035   2.900765     2.1196     2.2747     0.0049  0.1274689  0.000e+00
       1591      9.121    15.7212   2.900650     2.1196     2.2735     0.0049  0.1274689  0.000e+00
       1592      9.121    15.7387   2.900694     2.1196     2.2735     0.0049  0.1274689  0.000e+00
       1593      9.163    15.7558   2.900831     2.1196     2.2735     0.0049  0.1269805  0.000e+00
       1594      9.179    15.7653   2.900847     2.1196     2.2723     0.0049  0.1274689  0.000e+00
       1595      9.179    15.7688   2.900677     2.1196     2.2735     0.0049  0.1269805  0.000e+00
       1596      9.220    15.7716   2.900661     2.1196     2.2735     0.0049  0.1274689  0.000e+00
       1597      9.245    15.7830   2.900682     2.1196     2.2723     0.0049  0.1269805  0.000e+00
       1598      9.245    15.7927   2.900923     2.1196     2.2723     0.0049  0.1264921  0.000e+00
       1599      9.278    15.7947   2.900858     2.1196     2.2723     0.0046  0.1162357  0.000e+00
       1600      9.303    15.7981   2.900671     2.1184     2.2723     0.0044  0.1113516  0.000e+00
