data/2021/ctd_data_day2/station5_ctm_fil_le_der.cnv
* Sea-Bird SBE 9 Data File:
* FileName = C:\Users\CTD-User\Desktop\MAR440\day2\station5.hex
* Software Version Seasave V 7.26.2.13
* Temperature SN = 6313
* Conductivity SN = 4758
* Number of Bytes Per Scan = 37
* Number of Voltage Words = 4
* Number of Scans Averaged by the Deck Unit = 1
* NMEA Latitude = 58 19.20 N
* NMEA Longitude = 011 48.71 E
* NMEA UTC (Time) = Sep 22 2021 10:20:22
* NMEA baud rate = 4800
** Ship: Skagerrak
** Station: station5
** Operator: group2blu
# nquan = 13                                
# nvalues = 5019                        
# units = specified
# name 0 = scan: Scan Count
# name 1 = prDM: Pressure, Digiquartz [db]
# name 2 = t090C: Temperature [ITS-90, deg C]
# name 3 = c0S/m: Conductivity [S/m]
# name 4 = sbeox0V: Oxygen raw, SBE 43 [V]
# name 5 = sbeox1V: Oxygen raw, SBE 43, 2 [V]
# name 6 = flECO-AFL: Fluorescence, WET Labs ECO-AFL/FL [mg/m^3]
# name 7 = upoly0: Upoly 0, Turbidity
# name 8 = depSM: Depth [salt water, m], lat = 58.32
# name 9 = sal00: Salinity, Practical [PSU]
# name 10 = sbeox0ML/L: Oxygen, SBE 43 [ml/l], WS = 2
# name 11 = sbeox1ML/L: Oxygen, SBE 43, 2 [ml/l], WS = 2
# name 12 = flag: flag
# span 0 =          1,       5019       
# span 1 =      0.431,     26.494       
# span 2 =    11.7329,    16.2142       
# span 3 =  -0.000256,   3.795797       
# span 4 =     0.9420,     2.9473       
# span 5 =     1.0255,     2.8390       
# span 6 =     0.0020,     0.0522       
# span 7 =  0.0806113,  0.1779398       
# span 8 =      0.427,     26.246       
# span 9 =     0.0000,    32.0188       
# span 10 =     1.1213,     8.4222      
# span 11 =     1.2981,     6.7911      
# span 12 = 0.0000e+00, 0.0000e+00      
# interval = seconds: 0.0416667
# start_time = Sep 22 2021 10:20:22 [NMEA time, header]
# bad_flag = -9.990e-29
*END*
[from data line 556]
        557      0.432    14.3386   0.002311     2.9367     2.7485     0.0027  0.0815243      0.428     0.0179     8.4218     6.7903 -9.990e-29
        558      0.432    14.3383   0.002534     2.9367     2.7485     0.0027  0.0815308      0.428     0.0190     8.4218     6.7903 -9.990e-29
        559      0.432    14.3381   0.002776     2.9367     2.7485     0.0027  0.0815371      0.428     0.0203     8.4218     6.7902 -9.990e-29
        560      0.432    14.3378   0.003041     2.9367     2.7485     0.0027  0.0815432      0.428     0.0218     8.4218     6.7902 -9.990e-29
        561      0.432    14.3375   0.003328     2.9368     2.7484     0.0027  0.0815492      0.428     0.0233     8.4222     6.7899 -9.990e-29
        562      0.432    14.3373   0.003639     2.9368     2.7484     0.0027  0.0815552      0.428     0.0250     8.4222     6.7898 -9.990e-29
        563      0.432    14.3370   0.003977     2.9368     2.7484     0.0027  0.0815611      0.428     0.0269     8.4222     6.7898 -9.990e-29
        564      0.432    14.3367   0.004343     2.9368     2.7484     0.0027  0.0815670      0.428     0.0289     8.4221     6.7897 -9.990e-29
        565      0.432    14.3365   0.004740     2.9368     2.7484     0.0027  0.0815730      0.428     0.0311     8.4221     6.7896 -9.990e-29
        566      0.432    14.3362   0.005172     2.9368     2.7484     0.0027  0.0815791      0.428     0.0335     8.4220     6.7896 -9.990e-29
        567      0.432    14.3359   0.005641     2.9368     2.7484     0.0027  0.0815853      0.428     0.0362     8.4220     6.7895 -9.990e-29
        568      0.432    14.3357   0.006149     2.9368     2.7485     0.0027  0.0815917      0.428     0.0391     8.4219     6.7897 -9.990e-29
        569      0.432    14.3354   0.006702     2.9368     2.7485     0.0027  0.0815984      0.428     0.0422     8.4218     6.7896 -9.990e-29
        570      0.432    14.3351   0.007303     2.9368     2.7485     0.0027  0.0816053      0.428     0.0457     8.4216     6.7895 -9.990e-29
        571      0.432    14.3349   0.007957     2.9368     2.7485     0.0027  0.0816125      0.428     0.0494     8.4215     6.7893 -9.990e-29
        572      0.432    14.3346   0.008670     2.9368     2.7485     0.0027  0.0816210      0.428     0.0535     8.4213     6.7892 -9.990e-29
        573      0.432    14.3343   0.009443     2.9368     2.7485     0.0027  0.0816315      0.428     0.0580     8.4211     6.7890 -9.990e-29
        574      0.432    14.3340   0.010283     2.9368     2.7485     0.0027  0.0816435      0.428     0.0629     8.4209     6.7888 -9.990e-29
        575      0.432    14.3337   0.011194     2.9368     2.7485     0.0027  0.0816560      0.428     0.0683     8.4206     6.7886 -9.990e-29
        576      0.432    14.3334   0.012183     2.9368     2.7485     0.0027  0.0816692      0.428     0.0741     8.4204     6.7884 -9.990e-29
        577      0.432    14.3331   0.013259     2.9368     2.7485     0.0027  0.0816831      0.428     0.0805     8.4201     6.7881 -9.990e-29
        578      0.432    14.3328   0.014430     2.9368     2.7485     0.0029  0.0816988      0.428     0.0874     8.4197     6.7879 -9.990e-29
        579      0.432    14.3325   0.015704     2.9368     2.7485     0.0031  0.0817179      0.428     0.0950     8.4194     6.7876 -9.990e-29
        580      0.432    14.3323   0.017088     2.9368     2.7485     0.0031  0.0817416      0.428     0.1033     8.4189     6.7872 -9.990e-29
        581      0.432    14.3320   0.018595     2.9368     2.7485     0.0031  0.0817700      0.428     0.1124     8.4185     6.7869 -9.990e-29
        582      0.432    14.3317   0.020233     2.9368     2.7484     0.0031  0.0818032      0.428     0.1223     8.4180     6.7862 -9.990e-29
        583      0.432    14.3315   0.022014     2.9368     2.7484     0.0031  0.0818415      0.428     0.1331     8.4175     6.7857 -9.990e-29
        584      0.432    14.3313   0.023951     2.9368     2.7484     0.0031  0.0818852      0.428     0.1449     8.4168     6.7852 -9.990e-29
        585      0.433    14.3312   0.026055     2.9368     2.7484     0.0031  0.0819345      0.429     0.1578     8.4162     6.7847 -9.990e-29
        586      0.433    14.3310   0.028341     2.9368     2.7484     0.0031  0.0819899      0.429     0.1718     8.4155     6.7841 -9.990e-29
        587      0.433    14.3310   0.030825     2.9368     2.7484     0.0031  0.0820516      0.429     0.1872     8.4147     6.7834 -9.990e-29
        588      0.433    14.3309   0.033524     2.9368     2.7484     0.0031  0.0821202      0.429     0.2039     8.4138     6.7826 -9.990e-29
        589      0.433    14.3309   0.036459     2.9368     2.7484     0.0031  0.0821960      0.429     0.2221     8.4129     6.7818 -9.990e-29
        590      0.433    14.3310   0.039650     2.9368     2.7484     0.0031  0.0822797      0.429     0.2421     8.4118     6.7810 -9.990e-29
        591      0.434    14.3312   0.043116     2.9368     2.7484     0.0031  0.0823718      0.430     0.2638     8.4107     6.7800 -9.990e-29
        592      0.434    14.3314   0.046884     2.9368     2.7484     0.0031  0.0824730      0.430     0.2876     8.4094     6.7790 -9.990e-29
        593      0.434    14.3316   0.050980     2.9368     2.7484     0.0031  0.0825839      0.430     0.3135     8.4080     6.7779 -9.990e-29
        594      0.434    14.3320   0.055431     2.9368     2.7484     0.0031  0.0827053      0.430     0.3418     8.4065     6.7767 -9.990e-29
        595      0.435    14.3324   0.060269     2.9368     2.7483     0.0031  0.0828381      0.431     0.3726     8.4048     6.7751 -9.990e-29
        596      0.435    14.3329   0.065527     2.9368     2.7483     0.0031  0.0829832      0.431     0.4064     8.4030     6.7736 -9.990e-29
        597      0.436    14.3335   0.071242     2.9368     2.7483     0.0031  0.0831416      0.432     0.4432     8.4010     6.7721 -9.990e-29
        598      0.436    14.3343   0.077455     2.9368     2.7483     0.0031  0.0833144      0.432     0.4833     8.3987     6.7703 -9.990e-29
        599      0.437    14.3351   0.084210     2.9368     2.7483     0.0031  0.0835028      0.433     0.5272     8.3962     6.7685 -9.990e-29
        600      0.438    14.3360   0.091553     2.9368     2.7483     0.0031  0.0837081      0.434     0.5752     8.3936     6.7665 -9.990e-29
        601      0.438    14.3371   0.099535     2.9368     2.7483     0.0031  0.0839318      0.434     0.6275     8.3906     6.7643 -9.990e-29
        602      0.439    14.3383   0.108211     2.9368     2.7483     0.0031  0.0841753      0.435     0.6847     8.3874     6.7618 -9.990e-29
        603      0.440    14.3396   0.117645     2.9368     2.7483     0.0031  0.0844405      0.436     0.7471     8.3839     6.7592 -9.990e-29
        604      0.441    14.3411   0.127901     2.9368     2.7483     0.0033  0.0847291      0.437     0.8154     8.3801     6.7563 -9.990e-29
        605      0.442    14.3428   0.139049     2.9368     2.7483     0.0033  0.0850432      0.438     0.8899     8.3759     6.7531 -9.990e-29
        606      0.444    14.3447   0.151167     2.9368     2.7482     0.0033  0.0853849      0.440     0.9713     8.3714     6.7494 -9.990e-29
        607      0.445    14.3467   0.164338     2.9368     2.7482     0.0033  0.0857566      0.441     1.0603     8.3665     6.7456 -9.990e-29
        608      0.446    14.3490   0.178654     2.9368     2.7482     0.0033  0.0861609      0.442     1.1575     8.3611     6.7414 -9.990e-29
        609      0.448    14.3516   0.194214     2.9368     2.7482     0.0033  0.0866006      0.444     1.2637     8.3553     6.7368 -9.990e-29
        610      0.450    14.3544   0.211127     2.9368     2.7482     0.0033  0.0870796      0.446     1.3798     8.3489     6.7319 -9.990e-29
        611      0.452    14.3575   0.229511     2.9368     2.7482     0.0033  0.0876022      0.448     1.5067     8.3419     6.7264 -9.990e-29
        612      0.455    14.3609   0.249495     2.9368     2.7482     0.0033  0.0881710      0.451     1.6453     8.3343     6.7205 -9.990e-29
        613      0.457    14.3647   0.271217     2.9368     2.7482     0.0033  0.0887892      0.453     1.7969     8.3260     6.7140 -9.990e-29
        614      0.460    14.3689   0.294829     2.9368     2.7483     0.0033  0.0894619      0.456     1.9626     8.3170     6.7072 -9.990e-29
        615      0.463    14.3735   0.320495     2.9368     2.7483     0.0033  0.0901947      0.459     2.1438     8.3072     6.6994 -9.990e-29
        616      0.466    14.3786   0.348393     2.9368     2.7483     0.0033  0.0909927      0.462     2.3418     8.2964     6.6910 -9.990e-29
        617      0.469    14.3841   0.378717     2.9368     2.7483     0.0033  0.0918623      0.465     2.5584     8.2847     6.6817 -9.990e-29
        618      0.473    14.3903   0.411678     2.9368     2.7483     0.0033  0.0928095      0.469     2.7953     8.2719     6.6716 -9.990e-29
        619      0.477    14.3970   0.447506     2.9368     2.7483     0.0033  0.0938400      0.473     3.0543     8.2579     6.6606 -9.990e-29
        620      0.481    14.4043   0.486450     2.9368     2.7483     0.0033  0.0949619      0.477     3.3377     8.2427     6.6486 -9.990e-29
        621      0.485    14.4122   0.528779     2.9368     2.7484     0.0033  0.0961839      0.480     3.6476     8.2260     6.6357 -9.990e-29
        622      0.490    14.4207   0.574788     2.9367     2.7484     0.0033  0.0975135      0.485     3.9867     8.2076     6.6214 -9.990e-29
        623      0.496    14.4297   0.624796     2.9367     2.7485     0.0033  0.0989592      0.491     4.3576     8.1878     6.6061 -9.990e-29
        624      0.502    14.4392   0.679104     2.9367     2.7485     0.0033  0.1005311      0.497     4.7631     8.1663     6.5891 -9.990e-29
        625      0.509    14.4493   0.737883     2.9367     2.7486     0.0033  0.1022391      0.504     5.2050     8.1430     6.5710 -9.990e-29
        626      0.517    14.4600   0.801262     2.9367     2.7486     0.0033  0.1040945      0.512     5.6847     8.1178     6.5512 -9.990e-29
        627      0.525    14.4713   0.869314     2.9367     2.7487     0.0033  0.1061108      0.520     6.2032     8.0907     6.5301 -9.990e-29
        628      0.534    14.4830   0.941878     2.9367     2.7487     0.0033  0.1083039      0.529     6.7599     8.0618     6.5073 -9.990e-29
        629      0.544    14.4951   1.018911     2.9368     2.7488     0.0059  0.1106508      0.539     7.3550     8.0314     6.4834 -9.990e-29
        630      0.555    14.5072   1.100807     2.9368     2.7489     0.0095  0.1130395      0.550     7.9919     7.9988     6.4581 -9.990e-29
        631      0.567    14.5190   1.188019     2.9369     2.7489     0.0102  0.1153346      0.562     8.6750     7.9645     6.4308 -9.990e-29
        632      0.580    14.5304   1.280709     2.9369     2.7490     0.0102  0.1174765      0.575     9.4062     7.9278     6.4023 -9.990e-29
        633      0.593    14.5413   1.378176     2.9370     2.7491     0.0101  0.1194708      0.587    10.1806     7.8897     6.3723 -9.990e-29
        634      0.607    14.5514   1.478465     2.9370     2.7492     0.0101  0.1213380      0.601    10.9830     7.8502     6.3417 -9.990e-29
        635      0.621    14.5609   1.578894     2.9371     2.7493     0.0101  0.1230947      0.615    11.7918     7.8111     6.3111 -9.990e-29
        636      0.636    14.5697   1.676774     2.9372     2.7494     0.0099  0.1247530      0.630    12.5852     7.7731     6.2815 -9.990e-29
        637      0.651    14.5778   1.770340     2.9373     2.7496     0.0101  0.1263244      0.645    13.3479     7.7369     6.2538 -9.990e-29
        638      0.666    14.5852   1.858823     2.9374     2.7497     0.0101  0.1278200      0.660    14.0730     7.7028     6.2275 -9.990e-29
        639      0.682    14.5921   1.941567     2.9376     2.7499     0.0101  0.1292500      0.676    14.7543     7.6714     6.2035 -9.990e-29
        640      0.698    14.5983   2.018121     2.9377     2.7501     0.0101  0.1306244      0.692    15.3874     7.6422     6.1817 -9.990e-29
        641      0.713    14.6040   2.088634     2.9378     2.7503     0.0101  0.1319529      0.706    15.9727     7.6155     6.1620 -9.990e-29
        642      0.729    14.6092   2.153546     2.9380     2.7506     0.0101  0.1332446      0.722    16.5134     7.5914     6.1445 -9.990e-29
        643      0.745    14.6139   2.213297     2.9381     2.7508     0.0101  0.1345085      0.738    17.0128     7.5690     6.1286 -9.990e-29
        644      0.761    14.6181   2.268293     2.9383     2.7511     0.0101  0.1357534      0.754    17.4737     7.5489     6.1146 -9.990e-29
        645      0.777    14.6219   2.318925     2.9384     2.7514     0.0101  0.1369881      0.770    17.8992     7.5303     6.1021 -9.990e-29
        646      0.793    14.6253   2.365552     2.9386     2.7517     0.0101  0.1382218      0.786    18.2919     7.5136     6.0911 -9.990e-29
        647      0.808    14.6284   2.408486     2.9388     2.7521     0.0101  0.1394641      0.800    18.6544     7.4983     6.0817 -9.990e-29
        648      0.824    14.6311   2.448004     2.9390     2.7525     0.0101  0.1407227      0.816    18.9887     7.4843     6.0735 -9.990e-29
        649      0.839    14.6335   2.484365     2.9392     2.7529     0.0101  0.1420056      0.831    19.2969     7.4715     6.0664 -9.990e-29
        650      0.855    14.6356   2.517818     2.9394     2.7534     0.0101  0.1433225      0.847    19.5809     7.4598     6.0607 -9.990e-29
        651      0.870    14.6375   2.548596     2.9397     2.7539     0.0101  0.1446843      0.862    19.8427     7.4494     6.0560 -9.990e-29
        652      0.885    14.6391   2.576910     2.9399     2.7545     0.0101  0.1461005      0.877    20.0839     7.4396     6.0524 -9.990e-29
        653      0.900    14.6406   2.602956     2.9402     2.7551     0.0101  0.1475791      0.892    20.3060     7.4308     6.0496 -9.990e-29
        654      0.915    14.6418   2.626917     2.9405     2.7557     0.0097  0.1491272      0.906    20.5107     7.4226     6.0476 -9.990e-29
        655      0.930    14.6428   2.648955     2.9408     2.7564     0.0068  0.1507138      0.921    20.6992     7.4151     6.0466 -9.990e-29
        656      0.946    14.6435   2.669221     2.9411     2.7571     0.0053  0.1522574      0.937    20.8728     7.4081     6.0462 -9.990e-29
        657      0.961    14.6440   2.687856     2.9414     2.7579     0.0051  0.1536965      0.952    21.0327     7.4014     6.0466 -9.990e-29
        658      0.976    14.6442   2.704992     2.9417     2.7588     0.0053  0.1550225      0.967    21.1800     7.3952     6.0479 -9.990e-29
        659      0.992    14.6443   2.720748     2.9421     2.7597     0.0053  0.1562472      0.983    21.3156     7.3895     6.0496 -9.990e-29
        660      1.007    14.6441   2.735233     2.9424     2.7606     0.0053  0.1573824      0.998    21.4404     7.3837     6.0517 -9.990e-29
        661      1.022    14.6438   2.748549     2.9428     2.7616     0.0053  0.1584369      1.012    21.5554     7.3783     6.0546 -9.990e-29
        662      1.038    14.6434   2.760794     2.9432     2.7626     0.0053  0.1594180      1.028    21.6612     7.3731     6.0577 -9.990e-29
        663      1.054    14.6428   2.772054     2.9436     2.7637     0.0053  0.1603326      1.044    21.7587     7.3678     6.0614 -9.990e-29
        664      1.069    14.6422   2.782410     2.9440     2.7649     0.0053  0.1611870      1.059    21.8485     7.3626     6.0657 -9.990e-29
        665      1.084    14.6415   2.791933     2.9444     2.7661     0.0053  0.1619872      1.074    21.9311     7.3573     6.0702 -9.990e-29
        666      1.100    14.6408   2.800690     2.9448     2.7673     0.0053  0.1627387      1.090    22.0072     7.3518     6.0748 -9.990e-29
