data/2021/ctd_data_day2/station5_ctm_fil_le_der.cnv
* Sea-Bird SBE 9 Data File:
* FileName = C:\Users\CTD-User\Desktop\MAR440\day2\station5.hex
* Software Version Seasave V 7.26.2.13
* Temperature SN = 6313
* Conductivity SN = 4758
* Number of Bytes Per Scan = 37
* Number of Voltage Words = 4
* Number of Scans Averaged by the Deck Unit = 1
* NMEA Latitude = 58 19.20 N
* NMEA Longitude = 011 48.71 E
* NMEA UTC (Time) = Sep 22 2021 10:20:22
* NMEA baud rate = 4800
** Ship: Skagerrak
** Station: station5
** Operator: group2blu
# nquan = 13                                
# nvalues = 5019                        
# units = specified
# name 0 = scan: Scan Count
# name 1 = prDM: Pressure, Digiquartz [db]
# name 2 = t090C: Temperature [ITS-90, deg C]
# name 3 = c0S/m: Conductivity [S/m]
# name 4 = sbeox0V: Oxygen raw, SBE 43 [V]
# name 5 = sbeox1V: Oxygen raw, SBE 43, 2 [V]
# name 6 = flECO-AFL: Fluorescence, WET Labs ECO-AFL/FL [mg/m^3]
# name 7 = upoly0: Upoly 0, Turbidity
# name 8 = depSM: Depth [salt water, m], lat = 58.32
# name 9 = sal00: Salinity, Practical [PSU]
# name 10 = sbeox0ML/L: Oxygen, SBE 43 [ml/l], WS = 2
# name 11 = sbeox1ML/L: Oxygen, SBE 43, 2 [ml/l], WS = 2
# name 12 = flag: flag
# span 0 =          1,       5019       
# span 1 =      0.431,     26.494       
# span 2 =    11.7329,    16.2142       
# span 3 =  -0.000256,   3.795797       
# span 4 =     0.9420,     2.9473       
# span 5 =     1.0255,     2.8390       
# span 6 =     0.0020,     0.0522       
# span 7 =  0.0806113,  0.1779398       
# span 8 =      0.427,     26.246       
# span 9 =     0.0000,    32.0188       
# span 10 =     1.1213,     8.4222      
# span 11 =     1.2981,     6.7911      
# span 12 = 0.0000e+00, 0.0000e+00      
# interval = seconds: 0.0416667
# start_time = Sep 22 2021 10:20:22 [NMEA time, header]
# bad_flag = -9.990e-29
*END*
[from data line 3223]
       3224      1.218    14.9114   2.949292     2.8200     2.7816     0.0048  0.1626087      1.207    23.1354     6.8704     5.8633 -9.990e-29
       3225      1.220    14.9108   2.949189     2.8200     2.7812     0.0048  0.1625650      1.209    23.1348     6.8689     5.8614 -9.990e-29
       3226      1.223    14.9102   2.949098     2.8200     2.7808     0.0048  0.1625208      1.212    23.1344     6.8674     5.8595 -9.990e-29
       3227      1.225    14.9096   2.949015     2.8200     2.7804     0.0048  0.1624758      1.214    23.1340     6.8659     5.8576 -9.990e-29
       3228      1.228    14.9090   2.948937     2.8199     2.7800     0.0048  0.1624297      1.217    23.1337     6.8641     5.8559 -9.990e-29
       3229      1.230    14.9083   2.948861     2.8199     2.7796     0.0048  0.1623822      1.219    23.1335     6.8625     5.8541 -9.990e-29
       3230      1.232    14.9077   2.948781     2.8199     2.7791     0.0048  0.1623329      1.221    23.1331     6.8609     5.8521 -9.990e-29
       3231      1.233    14.9069   2.948694     2.8198     2.7787     0.0046  0.1622833      1.222    23.1329     6.8590     5.8505 -9.990e-29
       3232      1.234    14.9061   2.948595     2.8197     2.7782     0.0046  0.1622371      1.223    23.1325     6.8571     5.8487 -9.990e-29
       3233      1.235    14.9051   2.948477     2.8197     2.7778     0.0046  0.1621967      1.224    23.1320     6.8555     5.8472 -9.990e-29
       3234      1.235    14.9040   2.948337     2.8196     2.7773     0.0046  0.1621609      1.224    23.1315     6.8536     5.8455 -9.990e-29
       3235      1.235    14.9027   2.948169     2.8195     2.7768     0.0046  0.1621294      1.224    23.1308     6.8517     5.8440 -9.990e-29
       3236      1.235    14.9012   2.947970     2.8194     2.7762     0.0046  0.1621030      1.224    23.1300     6.8498     5.8423 -9.990e-29
       3237      1.234    14.8995   2.947736     2.8192     2.7757     0.0046  0.1620804      1.223    23.1290     6.8476     5.8409 -9.990e-29
       3238      1.233    14.8977   2.947467     2.8191     2.7752     0.0046  0.1620609      1.222    23.1277     6.8457     5.8397 -9.990e-29
       3239      1.232    14.8957   2.947162     2.8189     2.7746     0.0046  0.1620441      1.221    23.1262     6.8436     5.8383 -9.990e-29
       3240      1.230    14.8936   2.946823     2.8188     2.7741     0.0046  0.1620301      1.219    23.1245     6.8417     5.8372 -9.990e-29
       3241      1.228    14.8914   2.946451     2.8186     2.7735     0.0046  0.1620186      1.217    23.1226     6.8395     5.8360 -9.990e-29
       3242      1.226    14.8891   2.946048     2.8184     2.7730     0.0046  0.1620096      1.215    23.1205     6.8374     5.8351 -9.990e-29
       3243      1.224    14.8866   2.945616     2.8182     2.7724     0.0046  0.1620031      1.213    23.1182     6.8353     5.8340 -9.990e-29
       3244      1.223    14.8841   2.945159     2.8179     2.7719     0.0046  0.1619990      1.212    23.1158     6.8329     5.8332 -9.990e-29
       3245      1.221    14.8816   2.944687     2.8177     2.7713     0.0046  0.1619973      1.210    23.1132     6.8308     5.8323 -9.990e-29
       3246      1.219    14.8790   2.944212     2.8174     2.7708     0.0046  0.1619980      1.208    23.1106     6.8285     5.8317 -9.990e-29
       3247      1.217    14.8763   2.943736     2.8171     2.7703     0.0046  0.1620010      1.206    23.1081     6.8261     5.8312 -9.990e-29
       3248      1.216    14.8736   2.943261     2.8168     2.7698     0.0046  0.1620064      1.205    23.1056     6.8238     5.8307 -9.990e-29
       3249      1.215    14.8708   2.942781     2.8165     2.7692     0.0046  0.1620143      1.204    23.1031     6.8216     5.8301 -9.990e-29
       3250      1.214    14.8680   2.942295     2.8162     2.7687     0.0046  0.1620246      1.203    23.1005     6.8194     5.8297 -9.990e-29
       3251      1.214    14.8653   2.941806     2.8158     2.7683     0.0046  0.1620375      1.203    23.0979     6.8168     5.8297 -9.990e-29
       3252      1.214    14.8627   2.941330     2.8154     2.7678     0.0046  0.1620531      1.203    23.0953     6.8144     5.8295 -9.990e-29
       3253      1.214    14.8604   2.940883     2.8150     2.7673     0.0046  0.1620722      1.203    23.0928     6.8119     5.8294 -9.990e-29
       3254      1.215    14.8583   2.940470     2.8146     2.7669     0.0046  0.1620960      1.204    23.0904     6.8095     5.8295 -9.990e-29
       3255      1.216    14.8564   2.940089     2.8142     2.7664     0.0046  0.1621236      1.205    23.0883     6.8071     5.8294 -9.990e-29
       3256      1.217    14.8546   2.939738     2.8138     2.7660     0.0046  0.1621545      1.206    23.0863     6.8047     5.8296 -9.990e-29
       3257      1.219    14.8531   2.939415     2.8133     2.7656     0.0044  0.1621872      1.208    23.0844     6.8021     5.8299 -9.990e-29
       3258      1.221    14.8517   2.939121     2.8128     2.7652     0.0044  0.1622184      1.210    23.0827     6.7996     5.8302 -9.990e-29
       3259      1.223    14.8505   2.938857     2.8123     2.7648     0.0044  0.1622468      1.212    23.0811     6.7972     5.8305 -9.990e-29
       3260      1.225    14.8494   2.938619     2.8118     2.7645     0.0044  0.1622725      1.214    23.0797     6.7949     5.8312 -9.990e-29
       3261      1.228    14.8485   2.938405     2.8113     2.7641     0.0044  0.1622956      1.217    23.0783     6.7926     5.8316 -9.990e-29
       3262      1.230    14.8475   2.938209     2.8107     2.7638     0.0044  0.1623164      1.219    23.0772     6.7901     5.8323 -9.990e-29
       3263      1.233    14.8467   2.938022     2.8102     2.7634     0.0044  0.1623359      1.222    23.0761     6.7881     5.8327 -9.990e-29
       3264      1.235    14.8457   2.937836     2.8096     2.7631     0.0044  0.1623549      1.224    23.0751     6.7859     5.8335 -9.990e-29
       3265      1.237    14.8447   2.937640     2.8091     2.7628     0.0044  0.1623729      1.226    23.0740     6.7841     5.8343 -9.990e-29
       3266      1.239    14.8434   2.937429     2.8085     2.7624     0.0044  0.1623891      1.227    23.0729     6.7822     5.8349 -9.990e-29
       3267      1.241    14.8420   2.937196     2.8080     2.7621     0.0044  0.1624035      1.229    23.0717     6.7807     5.8358 -9.990e-29
       3268      1.243    14.8404   2.936939     2.8074     2.7618     0.0044  0.1624164      1.231    23.0704     6.7792     5.8368 -9.990e-29
       3269      1.244    14.8386   2.936657     2.8068     2.7615     0.0044  0.1624278      1.232    23.0691     6.7777     5.8378 -9.990e-29
       3270      1.245    14.8366   2.936353     2.8063     2.7612     0.0044  0.1624377      1.233    23.0676     6.7767     5.8389 -9.990e-29
       3271      1.246    14.8345   2.936022     2.8057     2.7610     0.0044  0.1624462      1.234    23.0660     6.7756     5.8402 -9.990e-29
       3272      1.246    14.8320   2.935657     2.8052     2.7607     0.0044  0.1624535      1.234    23.0643     6.7749     5.8414 -9.990e-29
       3273      1.246    14.8293   2.935247     2.8046     2.7605     0.0044  0.1624604      1.234    23.0623     6.7741     5.8428 -9.990e-29
       3274      1.246    14.8262   2.934785     2.8041     2.7603     0.0044  0.1624677      1.234    23.0602     6.7737     5.8443 -9.990e-29
       3275      1.246    14.8227   2.934264     2.8035     2.7601     0.0044  0.1624747      1.234    23.0577     6.7733     5.8459 -9.990e-29
       3276      1.246    14.8189   2.933678     2.8030     2.7599     0.0044  0.1624807      1.234    23.0549     6.7733     5.8475 -9.990e-29
       3277      1.245    14.8146   2.933025     2.8025     2.7598     0.0044  0.1624855      1.233    23.0518     6.7734     5.8494 -9.990e-29
       3278      1.245    14.8099   2.932306     2.8020     2.7596     0.0044  0.1624894      1.233    23.0483     6.7737     5.8511 -9.990e-29
       3279      1.244    14.8051   2.931537     2.8015     2.7595     0.0044  0.1624922      1.232    23.0445     6.7741     5.8531 -9.990e-29
       3280      1.243    14.8003   2.930749     2.8011     2.7594     0.0044  0.1624940      1.231    23.0405     6.7748     5.8550 -9.990e-29
       3281      1.243    14.7958   2.929975     2.8006     2.7594     0.0044  0.1624949      1.231    23.0364     6.7753     5.8572 -9.990e-29
       3282      1.242    14.7916   2.929234     2.8002     2.7593     0.0046  0.1624948      1.230    23.0325     6.7761     5.8590 -9.990e-29
       3283      1.241    14.7877   2.928528     2.7998     2.7593     0.0046  0.1624938      1.229    23.0287     6.7769     5.8611 -9.990e-29
       3284      1.241    14.7838   2.927844     2.7994     2.7593     0.0046  0.1624917      1.229    23.0250     6.7777     5.8631 -9.990e-29
       3285      1.240    14.7800   2.927163     2.7990     2.7593     0.0046  0.1624887      1.228    23.0214     6.7786     5.8651 -9.990e-29
       3286      1.240    14.7759   2.926463     2.7987     2.7593     0.0046  0.1624847      1.228    23.0177     6.7798     5.8671 -9.990e-29
       3287      1.240    14.7717   2.925732     2.7983     2.7593     0.0046  0.1624796      1.228    23.0139     6.7807     5.8690 -9.990e-29
       3288      1.240    14.7672   2.924968     2.7980     2.7594     0.0046  0.1624735      1.228    23.0099     6.7820     5.8713 -9.990e-29
       3289      1.240    14.7627   2.924185     2.7977     2.7594     0.0046  0.1624671      1.228    23.0058     6.7833     5.8732 -9.990e-29
       3290      1.240    14.7583   2.923399     2.7974     2.7595     0.0046  0.1624612      1.228    23.0015     6.7846     5.8754 -9.990e-29
       3291      1.240    14.7540   2.922633     2.7971     2.7596     0.0046  0.1624550      1.228    22.9974     6.7859     5.8775 -9.990e-29
       3292      1.240    14.7499   2.921902     2.7968     2.7597     0.0046  0.1624476      1.228    22.9935     6.7871     5.8795 -9.990e-29
       3293      1.240    14.7461   2.921214     2.7966     2.7598     0.0046  0.1624388      1.228    22.9898     6.7886     5.8814 -9.990e-29
       3294      1.240    14.7426   2.920568     2.7963     2.7600     0.0046  0.1624287      1.228    22.9862     6.7897     5.8835 -9.990e-29
       3295      1.241    14.7393   2.919963     2.7961     2.7601     0.0046  0.1624180      1.229    22.9829     6.7911     5.8853 -9.990e-29
       3296      1.241    14.7362   2.919393     2.7958     2.7602     0.0046  0.1624076      1.229    22.9798     6.7921     5.8869 -9.990e-29
       3297      1.241    14.7333   2.918855     2.7956     2.7604     0.0046  0.1623963      1.229    22.9769     6.7934     5.8888 -9.990e-29
       3298      1.241    14.7306   2.918344     2.7954     2.7605     0.0046  0.1623835      1.229    22.9740     6.7946     5.8903 -9.990e-29
       3299      1.241    14.7281   2.917860     2.7952     2.7607     0.0046  0.1623689      1.229    22.9713     6.7958     5.8920 -9.990e-29
       3300      1.241    14.7258   2.917403     2.7949     2.7608     0.0046  0.1623525      1.229    22.9687     6.7966     5.8934 -9.990e-29
       3301      1.241    14.7236   2.916972     2.7947     2.7609     0.0046  0.1623341      1.229    22.9662     6.7977     5.8948 -9.990e-29
       3302      1.241    14.7217   2.916566     2.7945     2.7611     0.0046  0.1623136      1.229    22.9638     6.7988     5.8963 -9.990e-29
       3303      1.241    14.7200   2.916187     2.7943     2.7612     0.0046  0.1622909      1.229    22.9615     6.7998     5.8975 -9.990e-29
       3304      1.241    14.7185   2.915837     2.7941     2.7614     0.0046  0.1622658      1.229    22.9594     6.8008     5.8989 -9.990e-29
       3305      1.241    14.7173   2.915516     2.7939     2.7616     0.0046  0.1622381      1.229    22.9573     6.8018     5.9002 -9.990e-29
       3306      1.241    14.7162   2.915225     2.7937     2.7617     0.0046  0.1622077      1.229    22.9554     6.8028     5.9013 -9.990e-29
       3307      1.241    14.7153   2.914961     2.7935     2.7619     0.0046  0.1621752      1.229    22.9537     6.8037     5.9026 -9.990e-29
       3308      1.241    14.7145   2.914723     2.7933     2.7620     0.0046  0.1621437      1.229    22.9521     6.8047     5.9036 -9.990e-29
       3309      1.241    14.7139   2.914507     2.7932     2.7622     0.0046  0.1621173      1.229    22.9506     6.8060     5.9048 -9.990e-29
       3310      1.241    14.7133   2.914312     2.7930     2.7624     0.0046  0.1620976      1.229    22.9492     6.8070     5.9060 -9.990e-29
       3311      1.242    14.7127   2.914138     2.7929     2.7625     0.0046  0.1620843      1.230    22.9481     6.8083     5.9070 -9.990e-29
       3312      1.242    14.7123   2.913985     2.7927     2.7627     0.0046  0.1620773      1.230    22.9470     6.8093     5.9082 -9.990e-29
       3313      1.243    14.7120   2.913856     2.7926     2.7629     0.0046  0.1620767      1.231    22.9460     6.8107     5.9095 -9.990e-29
       3314      1.243    14.7118   2.913754     2.7924     2.7631     0.0046  0.1620824      1.231    22.9453     6.8118     5.9107 -9.990e-29
       3315      1.243    14.7117   2.913680     2.7923     2.7633     0.0046  0.1620944      1.231    22.9447     6.8133     5.9119 -9.990e-29
       3316      1.244    14.7119   2.913632     2.7922     2.7634     0.0046  0.1621129      1.232    22.9441     6.8147     5.9129 -9.990e-29
       3317      1.244    14.7122   2.913606     2.7921     2.7636     0.0046  0.1621380      1.232    22.9437     6.8163     5.9141 -9.990e-29
       3318      1.245    14.7126   2.913598     2.7920     2.7638     0.0046  0.1621698      1.233    22.9434     6.8178     5.9153 -9.990e-29
       3319      1.245    14.7131   2.913601     2.7919     2.7640     0.0046  0.1622086      1.233    22.9432     6.8194     5.9166 -9.990e-29
       3320      1.246    14.7137   2.913610     2.7919     2.7642     0.0046  0.1622546      1.234    22.9429     6.8214     5.9179 -9.990e-29
       3321      1.246    14.7143   2.913624     2.7918     2.7644     0.0046  0.1623082      1.234    22.9427     6.8231     5.9193 -9.990e-29
       3322      1.247    14.7149   2.913640     2.7918     2.7647     0.0046  0.1623697      1.235    22.9424     6.8253     5.9209 -9.990e-29
       3323      1.247    14.7155   2.913658     2.7918     2.7649     0.0046  0.1624395      1.235    22.9423     6.8274     5.9223 -9.990e-29
       3324      1.248    14.7160   2.913678     2.7918     2.7652     0.0046  0.1625182      1.236    22.9421     6.8297     5.9240 -9.990e-29
       3325      1.248    14.7165   2.913699     2.7919     2.7654     0.0046  0.1626063      1.236    22.9420     6.8322     5.9255 -9.990e-29
       3326      1.248    14.7169   2.913724     2.7920     2.7657     0.0046  0.1627044      1.236    22.9420     6.8349     5.9272 -9.990e-29
       3327      1.248    14.7173   2.913752     2.7920     2.7659     0.0046  0.1628131      1.236    22.9420     6.8372     5.9288 -9.990e-29
       3328      1.248    14.7176   2.913783     2.7921     2.7662     0.0046  0.1629333      1.236    22.9421     6.8399     5.9305 -9.990e-29
       3329      1.248    14.7180   2.913811     2.7923     2.7665     0.0046  0.1630658      1.236    22.9421     6.8429     5.9323 -9.990e-29
       3330      1.248    14.7183   2.913835     2.7924     2.7668     0.0046  0.1632115      1.236    22.9421     6.8456     5.9341 -9.990e-29
       3331      1.248    14.7185   2.913851     2.7926     2.7672     0.0046  0.1633714      1.236    22.9422     6.8487     5.9362 -9.990e-29
       3332      1.247    14.7187   2.913856     2.7928     2.7675     0.0046  0.1635466      1.235    22.9421     6.8517     5.9380 -9.990e-29
       3333      1.247    14.7187   2.913845     2.7930     2.7679     0.0046  0.1637342      1.235    22.9420     6.8548     5.9400 -9.990e-29
