data/2021/ctd_data_day2/station9.cnv
* Sea-Bird SBE 9 Data File:
* FileName = C:\Users\CTD-User\Desktop\MAR440\day2\station9.hex
* Software Version Seasave V 7.26.2.13
* Temperature SN = 6313
* Conductivity SN = 4758
* Number of Bytes Per Scan = 37
* Number of Voltage Words = 4
* Number of Scans Averaged by the Deck Unit = 1
* NMEA Latitude = 58 19.82 N
* NMEA Longitude = 011 51.84 E
* NMEA UTC (Time) = Sep 22 2021 11:46:38
* NMEA baud rate = 4800
** Ship: Skagerrak
** Station: station9
** Operator: group2blue
# nquan = 9
# nvalues = 3112                                  
# units = specified
# name 0 = scan: Scan Count
# name 1 = prDM: Pressure, Digiquartz [db]
# name 2 = t090C: Temperature [ITS-90, deg C]
# name 3 = c0S/m: Conductivity [S/m]
# name 4 = sbeox0V: Oxygen raw, SBE 43 [V]
# name 5 = sbeox1V: Oxygen raw, SBE 43, 2 [V]
# name 6 = flECO-AFL: Fluorescence, WET Labs ECO-AFL/FL [mg/m^3]
# name 7 = upoly0: Upoly 0, Turbidity
# name 8 = flag:  0.000e+00
# span 0 =          1,       3112                 
# span 1 =      0.912,     43.038                 
# span 2 =     7.9952,    15.9143                 
# span 3 =   2.902496,   3.493253                 
# span 4 =     0.4748,     2.8083                 
# span 5 =     0.5419,     2.6948                 
# span 6 =     0.0035,     0.0145                 
# span 7 =  0.0874200,  0.2231954                 
# span 8 = 0.0000e+00, 0.0000e+00                 
# interval = seconds: 0.0416667
# start_time = Sep 22 2021 11:46:38 [NMEA time, header]
# bad_flag = -9.990e-29
*END*
[from data line 321]
        322      0.970    15.4186   3.038755     2.2613     2.2418     0.0048  0.1694713  0.000e+00
        323      1.069    15.4132   3.039256     2.2637     2.2454     0.0048  0.1694713  0.000e+00
        324      1.036    15.3974   3.037607     2.2662     2.2491     0.0048  0.1694713  0.000e+00
        325      1.003    15.3862   3.035111     2.2686     2.2515     0.0048  0.1694713  0.000e+00
        326      0.970    15.3709   3.032092     2.2698     2.2552     0.0048  0.1709365  0.000e+00
        327      1.003    15.3548   3.027449     2.2711     2.2576     0.0048  0.1792393  0.000e+00
        328      0.970    15.3350   3.021847     2.2735     2.2613     0.0048  0.1831465  0.000e+00
        329      0.945    15.3195   3.016454     2.2759     2.2650     0.0048  0.1836349  0.000e+00
        330      1.036    15.3150   3.011832     2.2772     2.2686     0.0048  0.1831465  0.000e+00
        331      1.003    15.3129   3.010005     2.2784     2.2723     0.0048  0.1831465  0.000e+00
        332      0.970    15.3099   3.009372     2.2796     2.2760     0.0048  0.1831465  0.000e+00
        333      1.003    15.3097   3.008056     2.2821     2.2808     0.0048  0.1831465  0.000e+00
        334      1.036    15.3105   3.006906     2.2882     2.2833     0.0048  0.1826581  0.000e+00
        335      1.003    15.3058   3.006390     2.2882     2.2869     0.0048  0.1831465  0.000e+00
        336      0.970    15.2983   3.005275     2.2894     2.2906     0.0048  0.1831465  0.000e+00
        337      1.003    15.2917   3.002983     2.2906     2.2943     0.0048  0.1831465  0.000e+00
        338      0.912    15.2897   2.999804     2.2930     2.2967     0.0048  0.1831465  0.000e+00
        339      1.036    15.2890   2.996987     2.2979     2.3004     0.0048  0.1831465  0.000e+00
        340      0.945    15.2891   2.995618     2.2991     2.3040     0.0048  0.1831465  0.000e+00
        341      0.970    15.2901   2.995529     2.3004     2.3077     0.0048  0.1831465  0.000e+00
        342      0.945    15.2890   2.995829     2.3028     2.3114     0.0048  0.1831465  0.000e+00
        343      0.970    15.2872   2.996061     2.3065     2.3150     0.0048  0.1831465  0.000e+00
        344      0.945    15.2876   2.996377     2.3101     2.3199     0.0048  0.1831465  0.000e+00
        345      1.036    15.2888   2.996910     2.3126     2.3223     0.0048  0.1831465  0.000e+00
        346      0.945    15.2921   2.997414     2.3138     2.3260     0.0048  0.1831465  0.000e+00
        347      0.970    15.2987   2.998828     2.3162     2.3297     0.0048  0.1831465  0.000e+00
        348      0.945    15.3070   3.000631     2.3211     2.3333     0.0048  0.1831465  0.000e+00
        349      0.970    15.3262   3.003310     2.3236     2.3370     0.0048  0.1831465  0.000e+00
        350      0.945    15.3522   3.009815     2.3272     2.3407     0.0048  0.1831465  0.000e+00
        351      1.036    15.3759   3.018394     2.3285     2.3443     0.0048  0.1831465  0.000e+00
        352      0.945    15.3937   3.025552     2.3309     2.3468     0.0048  0.1885189  0.000e+00
        353      1.036    15.3957   3.029564     2.3358     2.3529     0.0048  0.1953565  0.000e+00
        354      0.945    15.3898   3.029781     2.3394     2.3553     0.0048  0.1973101  0.000e+00
        355      1.036    15.3830   3.027894     2.3419     2.3590     0.0048  0.1968217  0.000e+00
        356      1.003    15.3651   3.025290     2.3443     2.3626     0.0048  0.1968217  0.000e+00
        357      1.036    15.3330   3.020351     2.3468     2.3663     0.0048  0.1968217  0.000e+00
        358      0.912    15.3076   3.012248     2.3517     2.3700     0.0048  0.1968217  0.000e+00
        359      1.069    15.2842   3.003998     2.3541     2.3724     0.0048  0.1968217  0.000e+00
        360      0.912    15.2695   2.997886     2.3565     2.3761     0.0048  0.1968217  0.000e+00
        361      1.069    15.2636   2.994560     2.3590     2.3797     0.0048  0.1968217  0.000e+00
        362      0.970    15.2773   2.994703     2.3614     2.3834     0.0048  0.1968217  0.000e+00
        363      1.003    15.3029   2.998900     2.3663     2.3871     0.0048  0.1968217  0.000e+00
        364      0.970    15.3185   3.004536     2.3687     2.3895     0.0048  0.1968217  0.000e+00
        365      1.003    15.3357   3.008022     2.3712     2.3919     0.0048  0.1968217  0.000e+00
        366      0.970    15.3609   3.011243     2.3736     2.3956     0.0048  0.1968217  0.000e+00
        367      1.003    15.3641   3.016148     2.3761     2.3981     0.0048  0.1968217  0.000e+00
        368      0.970    15.3602   3.021035     2.3810     2.4005     0.0048  0.1968217  0.000e+00
        369      1.069    15.3886   3.025296     2.3834     2.4042     0.0048  0.1968217  0.000e+00
        370      0.912    15.4320   3.033528     2.3858     2.4078     0.0048  0.1968217  0.000e+00
        371      1.069    15.4784   3.047302     2.3871     2.4090     0.0048  0.1968217  0.000e+00
        372      0.970    15.5273   3.062989     2.3907     2.4115     0.0048  0.1968217  0.000e+00
        373      1.003    15.5624   3.075918     2.3956     2.4127     0.0048  0.1968217  0.000e+00
        374      0.970    15.5825   3.084645     2.3968     2.4151     0.0048  0.1968217  0.000e+00
        375      1.003    15.5868   3.090813     2.3993     2.4176     0.0048  0.1968217  0.000e+00
        376      1.036    15.5937   3.094718     2.4029     2.4188     0.0048  0.1968217  0.000e+00
        377      0.970    15.6072   3.096430     2.4066     2.4213     0.0048  0.1968217  0.000e+00
        378      1.003    15.6198   3.097389     2.4103     2.4225     0.0048  0.1977985  0.000e+00
        379      0.970    15.6253   3.098377     2.4127     2.4237     0.0048  0.1982869  0.000e+00
        380      1.003    15.6297   3.099641     2.4151     2.4249     0.0048  0.1982869  0.000e+00
        381      0.970    15.6393   3.102044     2.4176     2.4274     0.0048  0.1982869  0.000e+00
        382      1.069    15.6461   3.106326     2.4225     2.4286     0.0048  0.1982869  0.000e+00
        383      0.912    15.6441   3.110204     2.4261     2.4298     0.0048  0.1982869  0.000e+00
        384      1.069    15.6421   3.110722     2.4274     2.4298     0.0048  0.1982869  0.000e+00
        385      0.970    15.6362   3.109108     2.4310     2.4310     0.0048  0.1982869  0.000e+00
        386      1.003    15.6184   3.106348     2.4335     2.4310     0.0048  0.1982869  0.000e+00
        387      0.970    15.6099   3.102893     2.4383     2.4335     0.0048  0.1982869  0.000e+00
        388      1.003    15.6152   3.099809     2.4408     2.4335     0.0048  0.1982869  0.000e+00
        389      0.970    15.6317   3.097799     2.4444     2.4347     0.0048  0.1982869  0.000e+00
        390      1.003    15.6509   3.097165     2.4457     2.4371     0.0048  0.1982869  0.000e+00
        391      1.036    15.6668   3.097776     2.4481     2.4371     0.0048  0.1982869  0.000e+00
        392      1.003    15.6807   3.099354     2.4542     2.4383     0.0048  0.1982869  0.000e+00
        393      1.036    15.6882   3.101926     2.4554     2.4396     0.0048  0.1982869  0.000e+00
        394      1.069    15.6831   3.103892     2.4591     2.4408     0.0048  0.1982869  0.000e+00
        395      0.970    15.6580   3.101994     2.4603     2.4420     0.0048  0.1982869  0.000e+00
        396      1.036    15.6402   3.094095     2.4640     2.4432     0.0048  0.1982869  0.000e+00
        397      1.003    15.6333   3.084718     2.4676     2.4445     0.0048  0.1982869  0.000e+00
        398      1.036    15.6168   3.077457     2.4689     2.4469     0.0048  0.1982869  0.000e+00
        399      1.069    15.6082   3.071473     2.4713     2.4469     0.0048  0.1982869  0.000e+00
        400      1.036    15.5747   3.065231     2.4738     2.4481     0.0048  0.1982869  0.000e+00
        401      1.003    15.5248   3.056412     2.4786     2.4493     0.0048  0.1982869  0.000e+00
        402      1.093    15.4934   3.045199     2.4811     2.4506     0.0048  0.1982869  0.000e+00
        403      1.003    15.4896   3.036012     2.4823     2.4518     0.0048  0.1987753  0.000e+00
        404      1.093    15.4840   3.030671     2.4847     2.4542     0.0049  0.1987753  0.000e+00
        405      1.003    15.4760   3.028016     2.4872     2.4542     0.0049  0.1992637  0.000e+00
        406      1.036    15.4582   3.025495     2.4933     2.4567     0.0049  0.1992637  0.000e+00
        407      1.003    15.4340   3.022124     2.4945     2.4567     0.0049  0.1992637  0.000e+00
        408      1.036    15.4245   3.018249     2.4957     2.4579     0.0049  0.1992637  0.000e+00
        409      1.003    15.4248   3.015153     2.4970     2.4579     0.0049  0.1992637  0.000e+00
        410      1.036    15.4362   3.013842     2.4994     2.4591     0.0049  0.1992637  0.000e+00
        411      1.069    15.4450   3.015347     2.5031     2.4591     0.0049  0.1992637  0.000e+00
        412      1.036    15.4572   3.019238     2.5055     2.4591     0.0049  0.1992637  0.000e+00
        413      1.069    15.4934   3.024811     2.5079     2.4591     0.0049  0.1992637  0.000e+00
        414      1.036    15.5234   3.032932     2.5079     2.4591     0.0049  0.1992637  0.000e+00
        415      1.036    15.5301   3.039434     2.5092     2.4591     0.0049  0.1992637  0.000e+00
        416      1.003    15.5343   3.043425     2.5128     2.4591     0.0049  0.1992637  0.000e+00
        417      1.036    15.5461   3.047235     2.5140     2.4579     0.0049  0.1992637  0.000e+00
        418      1.003    15.5637   3.051967     2.5140     2.4579     0.0049  0.1992637  0.000e+00
        419      1.093    15.5783   3.056535     2.5153     2.4567     0.0049  0.1992637  0.000e+00
        420      1.003    15.5808   3.058736     2.5165     2.4554     0.0049  0.1987753  0.000e+00
        421      1.036    15.5792   3.059054     2.5177     2.4542     0.0049  0.1992637  0.000e+00
        422      1.003    15.5786   3.058853     2.5177     2.4530     0.0049  0.1992637  0.000e+00
        423      1.093    15.5571   3.057367     2.5177     2.4506     0.0049  0.1992637  0.000e+00
        424      1.003    15.5321   3.052280     2.5177     2.4506     0.0049  0.1992637  0.000e+00
        425      1.093    15.5382   3.046934     2.5202     2.4493     0.0049  0.1992637  0.000e+00
        426      1.003    15.5553   3.047636     2.5202     2.4481     0.0049  0.1992637  0.000e+00
        427      1.036    15.5470   3.049908     2.5189     2.4469     0.0049  0.1992637  0.000e+00
        428      1.003    15.5168   3.047213     2.5177     2.4445     0.0049  0.1992637  0.000e+00
        429      1.093    15.5124   3.042996     2.5177     2.4432     0.0049  0.1997521  0.000e+00
        430      1.003    15.5224   3.040727     2.5202     2.4420     0.0049  0.1997521  0.000e+00
        431      1.093    15.5043   3.040593     2.5189     2.4396     0.0049  0.1997521  0.000e+00
        432      1.003    15.4671   3.037723     2.5165     2.4383     0.0049  0.1997521  0.000e+00
        433      1.093    15.4345   3.029391     2.5153     2.4371     0.0049  0.1997521  0.000e+00
        434      1.036    15.4108   3.021179     2.5140     2.4359     0.0051  0.1997521  0.000e+00
        435      1.069    15.4047   3.019294     2.5165     2.4347     0.0049  0.1992637  0.000e+00
        436      1.036    15.4457   3.025251     2.5140     2.4322     0.0049  0.1992637  0.000e+00
        437      1.069    15.4769   3.036754     2.5128     2.4310     0.0049  0.1997521  0.000e+00
        438      1.036    15.4343   3.045719     2.5116     2.4298     0.0049  0.1997521  0.000e+00
        439      1.069    15.3925   3.040360     2.5116     2.4286     0.0051  0.1997521  0.000e+00
        440      1.036    15.3593   3.023527     2.5128     2.4274     0.0049  0.1997521  0.000e+00
        441      1.069    15.3358   3.007039     2.5128     2.4274     0.0049  0.1997521  0.000e+00
        442      0.970    15.3211   2.996166     2.5104     2.4249     0.0049  0.1997521  0.000e+00
        443      1.069    15.2973   2.988265     2.5092     2.4237     0.0049  0.1992637  0.000e+00
        444      1.036    15.2801   2.981102     2.5104     2.4225     0.0049  0.1997521  0.000e+00
        445      1.069    15.2591   2.974344     2.5104     2.4213     0.0049  0.1997521  0.000e+00
        446      1.036    15.2381   2.968911     2.5092     2.4200     0.0049  0.1997521  0.000e+00
        447      1.069    15.2088   2.965134     2.5079     2.4200     0.0049  0.1997521  0.000e+00
        448      1.036    15.1922   2.962677     2.5079     2.4188     0.0049  0.1997521  0.000e+00
        449      1.069    15.1901   2.961545     2.5104     2.4176     0.0051  0.1997521  0.000e+00
        450      1.036    15.1929   2.961181     2.5104     2.4164     0.0049  0.1997521  0.000e+00
        451      1.069    15.1907   2.960612     2.5104     2.4164     0.0049  0.1997521  0.000e+00
        452      1.036    15.1902   2.959305     2.5092     2.4151     0.0049  0.1997521  0.000e+00
        453      1.036    15.1896   2.958240     2.5092     2.4151     0.0049  0.1997521  0.000e+00
        454      1.003    15.1939   2.958350     2.5128     2.4139     0.0057  0.2017057  0.000e+00
        455      1.036    15.2029   2.959365     2.5128     2.4139     0.0066  0.2051245  0.000e+00
        456      1.069    15.2097   2.960932     2.5128     2.4127     0.0068  0.2056129  0.000e+00
        457      1.036    15.2214   2.962301     2.5116     2.4127     0.0068  0.2056129  0.000e+00
        458      1.069    15.2340   2.964012     2.5116     2.4115     0.0068  0.2056129  0.000e+00
        459      0.970    15.2427   2.966354     2.5140     2.4115     0.0068  0.2056129  0.000e+00
        460      1.069    15.2481   2.968243     2.5140     2.4115     0.0068  0.2056129  0.000e+00
        461      1.036    15.2516   2.968408     2.5140     2.4115     0.0068  0.2056129  0.000e+00
        462      1.069    15.2459   2.967309     2.5140     2.4115     0.0068  0.2051245  0.000e+00
        463      1.036    15.2282   2.965503     2.5140     2.4115     0.0070  0.2056129  0.000e+00
        464      1.003    15.2156   2.963643     2.5177     2.4127     0.0068  0.2056129  0.000e+00
        465      1.036    15.2066   2.962489     2.5177     2.4139     0.0068  0.2056129  0.000e+00
        466      1.069    15.2058   2.962213     2.5153     2.4139     0.0068  0.2056129  0.000e+00
        467      1.036    15.2102   2.961788     2.5177     2.4151     0.0068  0.2056129  0.000e+00
        468      1.069    15.2054   2.960701     2.5177     2.4164     0.0068  0.2056129  0.000e+00
        469      1.036    15.1960   2.959415     2.5189     2.4176     0.0068  0.2056129  0.000e+00
        470      1.003    15.1848   2.958058     2.5177     2.4176     0.0068  0.2056129  0.000e+00
        471      1.093    15.1672   2.956039     2.5177     2.4188     0.0068  0.2056129  0.000e+00
        472      1.036    15.1545   2.953045     2.5177     2.4200     0.0068  0.2056129  0.000e+00
        473      1.069    15.1482   2.949958     2.5202     2.4213     0.0068  0.2056129  0.000e+00
        474      1.093    15.1377   2.947346     2.5202     2.4225     0.0068  0.2056129  0.000e+00
        475      1.069    15.1327   2.944993     2.5189     2.4249     0.0068  0.2056129  0.000e+00
        476      0.970    15.1278   2.943253     2.5189     2.4261     0.0068  0.2056129  0.000e+00
        477      1.069    15.1210   2.941970     2.5189     2.4274     0.0068  0.2056129  0.000e+00
        478      1.093    15.1126   2.940743     2.5226     2.4286     0.0068  0.2056129  0.000e+00
        479      1.003    15.1056   2.939444     2.5226     2.4298     0.0066  0.2056129  0.000e+00
        480      1.093    15.1013   2.937859     2.5226     2.4310     0.0055  0.2065897  0.000e+00
