data/2021/ctd_data_day2/station6_ctm_fil_le_der.cnv
* Sea-Bird SBE 9 Data File:
* FileName = C:\Users\CTD-User\Desktop\MAR440\day2\station6.hex
* Software Version Seasave V 7.26.2.13
* Temperature SN = 6313
* Conductivity SN = 4758
* Number of Bytes Per Scan = 37
* Number of Voltage Words = 4
* Number of Scans Averaged by the Deck Unit = 1
* NMEA Latitude = 58 18.87 N
* NMEA Longitude = 011 46.44 E
* NMEA UTC (Time) = Sep 22 2021 10:40:23
* NMEA baud rate = 4800
** Ship: Skagerrak
** Station: station6
** Operator: group2blu
# nquan = 13                                
# nvalues = 3719                        
# units = specified
# name 0 = scan: Scan Count
# name 1 = prDM: Pressure, Digiquartz [db]
# name 2 = t090C: Temperature [ITS-90, deg C]
# name 3 = c0S/m: Conductivity [S/m]
# name 4 = sbeox0V: Oxygen raw, SBE 43 [V]
# name 5 = sbeox1V: Oxygen raw, SBE 43, 2 [V]
# name 6 = flECO-AFL: Fluorescence, WET Labs ECO-AFL/FL [mg/m^3]
# name 7 = upoly0: Upoly 0, Turbidity
# name 8 = depSM: Depth [salt water, m], lat = 58.3145
# name 9 = sal00: Salinity, Practical [PSU]
# name 10 = sbeox0ML/L: Oxygen, SBE 43 [ml/l], WS = 2
# name 11 = sbeox1ML/L: Oxygen, SBE 43, 2 [ml/l], WS = 2
# name 12 = flag: flag
# span 0 =          1,       3719       
# span 1 =      0.297,     37.682       
# span 2 =     6.7387,    16.0330       
# span 3 =   2.945436,   3.739498       
# span 4 =     0.5149,     2.7976       
# span 5 =     0.5764,     2.7771       
# span 6 =     0.0033,     0.0304       
# span 7 =  0.0865424,  0.1559155       
# span 8 =      0.294,     37.328       
# span 9 =    22.6935,    32.1122       
# span 10 =    -0.0168,     6.8251      
# span 11 =     0.2910,     5.9037      
# span 12 = 0.0000e+00, 0.0000e+00      
# interval = seconds: 0.0416667
# start_time = Sep 22 2021 10:40:23 [NMEA time, header]
# bad_flag = -9.990e-29
*END*
[from data line 1667]
       1668      4.433    15.2509   3.020041     2.7290     2.6717     0.0046  0.1545126      4.392    23.5425     6.4213     5.4988 -9.990e-29
       1669      4.455    15.2442   3.018683     2.7281     2.6710     0.0046  0.1544392      4.414    23.5348     6.4195     5.4984 -9.990e-29
       1670      4.477    15.2383   3.017429     2.7272     2.6704     0.0046  0.1543505      4.435    23.5275     6.4175     5.4980 -9.990e-29
       1671      4.499    15.2332   3.016307     2.7263     2.6697     0.0046  0.1542467      4.457    23.5209     6.4153     5.4973 -9.990e-29
       1672      4.521    15.2289   3.015338     2.7254     2.6691     0.0046  0.1541261      4.479    23.5152     6.4130     5.4967 -9.990e-29
       1673      4.543    15.2256   3.014539     2.7245     2.6684     0.0046  0.1539871      4.501    23.5103     6.4105     5.4956 -9.990e-29
       1674      4.565    15.2232   3.013916     2.7236     2.6677     0.0046  0.1538287      4.523    23.5063     6.4078     5.4944 -9.990e-29
       1675      4.587    15.2215   3.013460     2.7227     2.6670     0.0046  0.1536499      4.544    23.5034     6.4050     5.4931 -9.990e-29
       1676      4.609    15.2203   3.013144     2.7218     2.6664     0.0046  0.1534518      4.566    23.5014     6.4021     5.4920 -9.990e-29
       1677      4.631    15.2195   3.012932     2.7208     2.6657     0.0044  0.1532443      4.588    23.5001     6.3989     5.4905 -9.990e-29
       1678      4.653    15.2190   3.012789     2.7199     2.6650     0.0044  0.1530428      4.610    23.4991     6.3960     5.4890 -9.990e-29
       1679      4.675    15.2185   3.012684     2.7189     2.6643     0.0044  0.1528569      4.632    23.4985     6.3927     5.4876 -9.990e-29
       1680      4.698    15.2180   3.012591     2.7180     2.6636     0.0044  0.1526880      4.654    23.4980     6.3899     5.4861 -9.990e-29
       1681      4.720    15.2176   3.012501     2.7170     2.6629     0.0044  0.1525348      4.676    23.4975     6.3867     5.4848 -9.990e-29
       1682      4.742    15.2171   3.012418     2.7161     2.6622     0.0044  0.1523963      4.698    23.4971     6.3840     5.4834 -9.990e-29
       1683      4.764    15.2168   3.012348     2.7151     2.6614     0.0044  0.1522716      4.720    23.4966     6.3810     5.4819 -9.990e-29
       1684      4.786    15.2165   3.012291     2.7142     2.6607     0.0044  0.1521597      4.741    23.4963     6.3784     5.4807 -9.990e-29
       1685      4.808    15.2162   3.012240     2.7132     2.6600     0.0044  0.1520599      4.763    23.4960     6.3756     5.4796 -9.990e-29
       1686      4.830    15.2159   3.012182     2.7123     2.6592     0.0044  0.1519714      4.785    23.4957     6.3732     5.4784 -9.990e-29
       1687      4.852    15.2156   3.012116     2.7113     2.6585     0.0044  0.1518937      4.807    23.4953     6.3706     5.4775 -9.990e-29
       1688      4.874    15.2154   3.012054     2.7103     2.6578     0.0044  0.1518263      4.829    23.4949     6.3681     5.4766 -9.990e-29
       1689      4.896    15.2154   3.012028     2.7094     2.6570     0.0044  0.1517686      4.850    23.4947     6.3660     5.4757 -9.990e-29
       1690      4.918    15.2158   3.012071     2.7084     2.6563     0.0044  0.1517211      4.872    23.4948     6.3637     5.4750 -9.990e-29
       1691      4.940    15.2166   3.012202     2.7074     2.6556     0.0044  0.1516843      4.894    23.4954     6.3615     5.4745 -9.990e-29
       1692      4.962    15.2179   3.012431     2.7064     2.6548     0.0044  0.1516572      4.916    23.4966     6.3593     5.4737 -9.990e-29
       1693      4.984    15.2198   3.012767     2.7054     2.6541     0.0044  0.1516386      4.938    23.4984     6.3571     5.4732 -9.990e-29
       1694      5.006    15.2224   3.013221     2.7045     2.6534     0.0044  0.1516285      4.959    23.5007     6.3553     5.4728 -9.990e-29
       1695      5.028    15.2257   3.013800     2.7035     2.6527     0.0044  0.1516267      4.981    23.5037     6.3531     5.4724 -9.990e-29
       1696      5.051    15.2296   3.014500     2.7025     2.6521     0.0044  0.1516334      5.004    23.5074     6.3510     5.4723 -9.990e-29
       1697      5.073    15.2342   3.015311     2.7016     2.6514     0.0044  0.1516484      5.026    23.5116     6.3493     5.4720 -9.990e-29
       1698      5.094    15.2392   3.016216     2.7006     2.6508     0.0044  0.1516720      5.047    23.5164     6.3473     5.4720 -9.990e-29
       1699      5.116    15.2446   3.017191     2.6997     2.6502     0.0044  0.1517043      5.068    23.5216     6.3457     5.4721 -9.990e-29
       1700      5.138    15.2501   3.018203     2.6988     2.6497     0.0044  0.1517454      5.090    23.5270     6.3441     5.4725 -9.990e-29
       1701      5.160    15.2558   3.019223     2.6979     2.6491     0.0044  0.1517958      5.112    23.5323     6.3428     5.4728 -9.990e-29
       1702      5.182    15.2613   3.020226     2.6971     2.6486     0.0046  0.1518540      5.134    23.5376     6.3418     5.4735 -9.990e-29
       1703      5.204    15.2668   3.021188     2.6962     2.6482     0.0048  0.1519153      5.156    23.5426     6.3407     5.4745 -9.990e-29
       1704      5.226    15.2720   3.022088     2.6954     2.6477     0.0048  0.1519752      5.177    23.5472     6.3400     5.4753 -9.990e-29
       1705      5.248    15.2770   3.022916     2.6946     2.6473     0.0048  0.1520322      5.199    23.5513     6.3396     5.4765 -9.990e-29
       1706      5.270    15.2817   3.023666     2.6938     2.6470     0.0048  0.1520869      5.221    23.5550     6.3392     5.4781 -9.990e-29
       1707      5.292    15.2861   3.024334     2.6931     2.6467     0.0048  0.1521395      5.243    23.5581     6.3393     5.4798 -9.990e-29
       1708      5.313    15.2901   3.024923     2.6924     2.6464     0.0048  0.1521904      5.264    23.5607     6.3396     5.4815 -9.990e-29
       1709      5.335    15.2939   3.025438     2.6917     2.6462     0.0048  0.1522401      5.285    23.5629     6.3400     5.4836 -9.990e-29
       1710      5.357    15.2973   3.025883     2.6911     2.6460     0.0048  0.1522888      5.307    23.5647     6.3408     5.4857 -9.990e-29
       1711      5.379    15.3005   3.026261     2.6904     2.6459     0.0048  0.1523369      5.329    23.5660     6.3415     5.4880 -9.990e-29
       1712      5.401    15.3033   3.026575     2.6899     2.6458     0.0048  0.1523847      5.351    23.5670     6.3428     5.4904 -9.990e-29
       1713      5.423    15.3059   3.026829     2.6893     2.6457     0.0048  0.1524326      5.373    23.5676     6.3439     5.4927 -9.990e-29
       1714      5.445    15.3083   3.027027     2.6888     2.6457     0.0048  0.1524809      5.394    23.5679     6.3454     5.4953 -9.990e-29
       1715      5.467    15.3104   3.027177     2.6883     2.6457     0.0048  0.1525307      5.416    23.5679     6.3470     5.4978 -9.990e-29
       1716      5.488    15.3125   3.027283     2.6878     2.6458     0.0048  0.1525833      5.437    23.5676     6.3485     5.5005 -9.990e-29
       1717      5.510    15.3143   3.027350     2.6874     2.6459     0.0048  0.1526390      5.459    23.5670     6.3504     5.5031 -9.990e-29
       1718      5.532    15.3160   3.027387     2.6870     2.6460     0.0048  0.1526982      5.481    23.5663     6.3523     5.5056 -9.990e-29
       1719      5.554    15.3175   3.027402     2.6866     2.6462     0.0048  0.1527606      5.502    23.5656     6.3542     5.5082 -9.990e-29
       1720      5.576    15.3190   3.027407     2.6863     2.6464     0.0048  0.1528264      5.524    23.5647     6.3562     5.5106 -9.990e-29
       1721      5.598    15.3205   3.027413     2.6860     2.6467     0.0048  0.1528971      5.546    23.5639     6.3583     5.5132 -9.990e-29
       1722      5.620    15.3220   3.027435     2.6857     2.6469     0.0048  0.1529722      5.568    23.5631     6.3603     5.5153 -9.990e-29
       1723      5.641    15.3235   3.027476     2.6855     2.6472     0.0048  0.1530515      5.589    23.5626     6.3625     5.5174 -9.990e-29
       1724      5.664    15.3251   3.027542     2.6852     2.6475     0.0048  0.1531354      5.611    23.5622     6.3642     5.5194 -9.990e-29
       1725      5.686    15.3268   3.027633     2.6851     2.6478     0.0048  0.1532247      5.633    23.5620     6.3664     5.5211 -9.990e-29
       1726      5.708    15.3285   3.027754     2.6849     2.6482     0.0048  0.1533198      5.655    23.5620     6.3682     5.5229 -9.990e-29
       1727      5.730    15.3303   3.027902     2.6848     2.6485     0.0048  0.1534206      5.677    23.5622     6.3702     5.5242 -9.990e-29
       1728      5.751    15.3322   3.028068     2.6847     2.6488     0.0046  0.1535227      5.697    23.5624     6.3720     5.5253 -9.990e-29
       1729      5.773    15.3339   3.028239     2.6846     2.6492     0.0046  0.1536176      5.719    23.5629     6.3737     5.5264 -9.990e-29
       1730      5.795    15.3354   3.028400     2.6845     2.6495     0.0046  0.1536989      5.741    23.5634     6.3752     5.5270 -9.990e-29
       1731      5.817    15.3368   3.028543     2.6844     2.6499     0.0046  0.1537657      5.763    23.5637     6.3767     5.5278 -9.990e-29
       1732      5.839    15.3381   3.028672     2.6844     2.6502     0.0046  0.1538184      5.785    23.5641     6.3783     5.5281 -9.990e-29
       1733      5.861    15.3394   3.028799     2.6844     2.6505     0.0046  0.1538573      5.806    23.5644     6.3798     5.5282 -9.990e-29
       1734      5.883    15.3407   3.028933     2.6843     2.6509     0.0046  0.1538827      5.828    23.5647     6.3808     5.5284 -9.990e-29
       1735      5.905    15.3420   3.029080     2.6843     2.6512     0.0046  0.1538948      5.850    23.5652     6.3820     5.5281 -9.990e-29
       1736      5.926    15.3434   3.029245     2.6843     2.6514     0.0046  0.1538936      5.871    23.5658     6.3830     5.5274 -9.990e-29
       1737      5.948    15.3449   3.029430     2.6843     2.6517     0.0046  0.1538793      5.893    23.5665     6.3839     5.5268 -9.990e-29
       1738      5.970    15.3463   3.029634     2.6844     2.6519     0.0046  0.1538516      5.914    23.5674     6.3849     5.5257 -9.990e-29
       1739      5.992    15.3476   3.029850     2.6844     2.6521     0.0046  0.1538104      5.936    23.5685     6.3855     5.5246 -9.990e-29
       1740      6.014    15.3487   3.030069     2.6844     2.6523     0.0046  0.1537553      5.958    23.5697     6.3860     5.5233 -9.990e-29
       1741      6.036    15.3497   3.030281     2.6844     2.6525     0.0046  0.1536861      5.980    23.5709     6.3863     5.5219 -9.990e-29
       1742      6.058    15.3504   3.030481     2.6844     2.6526     0.0046  0.1536022      6.002    23.5722     6.3866     5.5202 -9.990e-29
       1743      6.080    15.3509   3.030670     2.6844     2.6527     0.0046  0.1535030      6.023    23.5735     6.3867     5.5184 -9.990e-29
       1744      6.102    15.3513   3.030857     2.6844     2.6527     0.0046  0.1533879      6.045    23.5748     6.3868     5.5163 -9.990e-29
       1745      6.124    15.3518   3.031054     2.6845     2.6528     0.0046  0.1532560      6.067    23.5762     6.3870     5.5144 -9.990e-29
       1746      6.146    15.3524   3.031276     2.6845     2.6528     0.0046  0.1531064      6.089    23.5778     6.3868     5.5122 -9.990e-29
       1747      6.168    15.3532   3.031538     2.6845     2.6527     0.0046  0.1529390      6.111    23.5795     6.3864     5.5096 -9.990e-29
       1748      6.190    15.3544   3.031851     2.6844     2.6527     0.0046  0.1527534      6.132    23.5815     6.3856     5.5072 -9.990e-29
       1749      6.212    15.3559   3.032224     2.6844     2.6526     0.0046  0.1525475      6.154    23.5838     6.3849     5.5046 -9.990e-29
       1750      6.234    15.3577   3.032659     2.6844     2.6524     0.0046  0.1523190      6.176    23.5864     6.3842     5.5015 -9.990e-29
       1751      6.256    15.3599   3.033151     2.6844     2.6523     0.0046  0.1520663      6.198    23.5893     6.3832     5.4988 -9.990e-29
       1752      6.278    15.3622   3.033678     2.6843     2.6521     0.0046  0.1517877      6.220    23.5925     6.3819     5.4958 -9.990e-29
       1753      6.300    15.3646   3.034220     2.6842     2.6519     0.0046  0.1514888      6.241    23.5957     6.3806     5.4927 -9.990e-29
       1754      6.322    15.3673   3.034772     2.6842     2.6516     0.0046  0.1511888      6.263    23.5988     6.3794     5.4895 -9.990e-29
       1755      6.344    15.3702   3.035350     2.6841     2.6514     0.0046  0.1509069      6.285    23.6020     6.3779     5.4865 -9.990e-29
       1756      6.366    15.3735   3.035965     2.6840     2.6511     0.0046  0.1506496      6.307    23.6053     6.3763     5.4833 -9.990e-29
       1757      6.388    15.3770   3.036611     2.6839     2.6508     0.0046  0.1504151      6.329    23.6087     6.3746     5.4800 -9.990e-29
       1758      6.409    15.3806   3.037276     2.6838     2.6504     0.0046  0.1502010      6.349    23.6123     6.3729     5.4766 -9.990e-29
       1759      6.431    15.3844   3.037965     2.6837     2.6501     0.0046  0.1500056      6.371    23.6159     6.3711     5.4735 -9.990e-29
       1760      6.453    15.3885   3.038695     2.6836     2.6497     0.0046  0.1498278      6.393    23.6197     6.3693     5.4702 -9.990e-29
       1761      6.475    15.3928   3.039481     2.6835     2.6494     0.0046  0.1496661      6.415    23.6239     6.3674     5.4671 -9.990e-29
       1762      6.497    15.3974   3.040328     2.6834     2.6490     0.0046  0.1495196      6.437    23.6284     6.3655     5.4639 -9.990e-29
       1763      6.519    15.4023   3.041232     2.6832     2.6486     0.0046  0.1493872      6.458    23.6332     6.3632     5.4606 -9.990e-29
       1764      6.541    15.4074   3.042188     2.6831     2.6482     0.0046  0.1492680      6.480    23.6383     6.3612     5.4574 -9.990e-29
       1765      6.563    15.4127   3.043189     2.6829     2.6478     0.0046  0.1491611      6.502    23.6437     6.3589     5.4543 -9.990e-29
       1766      6.585    15.4181   3.044225     2.6828     2.6473     0.0046  0.1490658      6.524    23.6493     6.3569     5.4510 -9.990e-29
       1767      6.607    15.4237   3.045288     2.6826     2.6469     0.0046  0.1489815      6.545    23.6551     6.3545     5.4479 -9.990e-29
       1768      6.629    15.4293   3.046369     2.6824     2.6464     0.0046  0.1489075      6.567    23.6610     6.3521     5.4447 -9.990e-29
       1769      6.651    15.4350   3.047462     2.6822     2.6460     0.0046  0.1488433      6.589    23.6669     6.3498     5.4418 -9.990e-29
       1770      6.673    15.4407   3.048560     2.6820     2.6455     0.0046  0.1487886      6.611    23.6729     6.3475     5.4387 -9.990e-29
       1771      6.695    15.4464   3.049661     2.6818     2.6451     0.0046  0.1487428      6.633    23.6789     6.3452     5.4359 -9.990e-29
       1772      6.716    15.4522   3.050774     2.6816     2.6446     0.0046  0.1487058      6.653    23.6849     6.3430     5.4329 -9.990e-29
       1773      6.738    15.4581   3.051913     2.6814     2.6441     0.0046  0.1486771      6.675    23.6911     6.3406     5.4300 -9.990e-29
       1774      6.760    15.4642   3.053098     2.6812     2.6436     0.0046  0.1486567      6.697    23.6976     6.3383     5.4271 -9.990e-29
       1775      6.782    15.4706   3.054344     2.6810     2.6431     0.0046  0.1486444      6.719    23.7044     6.3360     5.4242 -9.990e-29
       1776      6.804    15.4775   3.055666     2.6807     2.6427     0.0046  0.1486402      6.741    23.7116     6.3333     5.4215 -9.990e-29
       1777      6.826    15.4848   3.057076     2.6805     2.6422     0.0046  0.1486438      6.762    23.7193     6.3309     5.4185 -9.990e-29
