data/2021/ctd_data_day2/station9_ctm_fil.cnv
* Sea-Bird SBE 9 Data File:
* FileName = C:\Users\CTD-User\Desktop\MAR440\day2\station9.hex
* Software Version Seasave V 7.26.2.13
* Temperature SN = 6313
* Conductivity SN = 4758
* Number of Bytes Per Scan = 37
* Number of Voltage Words = 4
* Number of Scans Averaged by the Deck Unit = 1
* NMEA Latitude = 58 19.82 N
* NMEA Longitude = 011 51.84 E
* NMEA UTC (Time) = Sep 22 2021 11:46:38
* NMEA baud rate = 4800
** Ship: Skagerrak
** Station: station9
** Operator: group2blue
# nquan = 9
# nvalues = 3112                        
# units = specified
# name 0 = scan: Scan Count
# name 1 = prDM: Pressure, Digiquartz [db]
# name 2 = t090C: Temperature [ITS-90, deg C]
# name 3 = c0S/m: Conductivity [S/m]
# name 4 = sbeox0V: Oxygen raw, SBE 43 [V]
# name 5 = sbeox1V: Oxygen raw, SBE 43, 2 [V]
# name 6 = flECO-AFL: Fluorescence, WET Labs ECO-AFL/FL [mg/m^3]
# name 7 = upoly0: Upoly 0, Turbidity
# name 8 = flag:  0.000e+00
# span 0 =          1,       3112       
# span 1 =      0.996,     42.932       
# span 2 =     8.0101,    15.8831       
# span 3 =   2.904537,   3.481068       
# span 4 =     0.4759,     2.8033       
# span 5 =     0.5420,     2.6935       
# span 6 =     0.0035,     0.0145       
# span 7 =  0.0882158,  0.2142172       
# span 8 = 0.0000e+00, 0.0000e+00       
# interval = seconds: 0.0416667
# start_time = Sep 22 2021 11:46:38 [NMEA time, header]
# bad_flag = -9.990e-29
*END*
[from data line 641]
        642      1.062    15.0189   2.917051     2.7768     2.6412     0.0049  0.1990187 0.0000e+00
        643      1.062    15.0228   2.917707     2.7776     2.6399     0.0049  0.1990236 0.0000e+00
        644      1.063    15.0270   2.918418     2.7783     2.6385     0.0049  0.1990200 0.0000e+00
        645      1.063    15.0315   2.919189     2.7791     2.6371     0.0049  0.1990080 0.0000e+00
        646      1.063    15.0363   2.920027     2.7798     2.6358     0.0049  0.1989873 0.0000e+00
        647      1.063    15.0415   2.920939     2.7806     2.6344     0.0049  0.1989580 0.0000e+00
        648      1.064    15.0469   2.921927     2.7813     2.6330     0.0049  0.1989197 0.0000e+00
        649      1.064    15.0524   2.922983     2.7820     2.6316     0.0049  0.1988722 0.0000e+00
        650      1.065    15.0580   2.924088     2.7827     2.6302     0.0049  0.1988153 0.0000e+00
        651      1.065    15.0635   2.925220     2.7834     2.6288     0.0049  0.1987484 0.0000e+00
        652      1.066    15.0689   2.926357     2.7841     2.6274     0.0049  0.1986711 0.0000e+00
        653      1.066    15.0742   2.927484     2.7847     2.6261     0.0049  0.1985829 0.0000e+00
        654      1.066    15.0794   2.928595     2.7854     2.6247     0.0049  0.1984832 0.0000e+00
        655      1.066    15.0846   2.929682     2.7860     2.6234     0.0049  0.1983713 0.0000e+00
        656      1.066    15.0896   2.930744     2.7866     2.6221     0.0049  0.1982463 0.0000e+00
        657      1.066    15.0944   2.931776     2.7873     2.6209     0.0049  0.1981075 0.0000e+00
        658      1.066    15.0989   2.932772     2.7879     2.6196     0.0049  0.1979555 0.0000e+00
        659      1.066    15.1029   2.933723     2.7884     2.6184     0.0049  0.1977970 0.0000e+00
        660      1.065    15.1066   2.934624     2.7890     2.6173     0.0049  0.1976427 0.0000e+00
        661      1.065    15.1099   2.935476     2.7896     2.6162     0.0049  0.1974984 0.0000e+00
        662      1.064    15.1128   2.936286     2.7901     2.6151     0.0049  0.1973631 0.0000e+00
        663      1.063    15.1154   2.937060     2.7907     2.6142     0.0049  0.1972349 0.0000e+00
        664      1.062    15.1178   2.937804     2.7912     2.6132     0.0049  0.1971129 0.0000e+00
        665      1.061    15.1201   2.938523     2.7917     2.6124     0.0049  0.1969964 0.0000e+00
        666      1.061    15.1222   2.939221     2.7922     2.6115     0.0049  0.1968845 0.0000e+00
        667      1.060    15.1243   2.939900     2.7926     2.6108     0.0049  0.1967765 0.0000e+00
        668      1.059    15.1263   2.940566     2.7931     2.6101     0.0049  0.1966715 0.0000e+00
        669      1.059    15.1280   2.941227     2.7936     2.6095     0.0049  0.1965689 0.0000e+00
        670      1.058    15.1297   2.941889     2.7940     2.6090     0.0049  0.1964679 0.0000e+00
        671      1.058    15.1314   2.942557     2.7945     2.6085     0.0049  0.1963679 0.0000e+00
        672      1.058    15.1331   2.943227     2.7949     2.6082     0.0049  0.1962681 0.0000e+00
        673      1.058    15.1350   2.943893     2.7953     2.6079     0.0049  0.1961678 0.0000e+00
        674      1.058    15.1369   2.944549     2.7957     2.6077     0.0049  0.1960664 0.0000e+00
        675      1.058    15.1390   2.945193     2.7961     2.6075     0.0049  0.1959631 0.0000e+00
        676      1.058    15.1411   2.945828     2.7965     2.6075     0.0049  0.1958573 0.0000e+00
        677      1.058    15.1433   2.946454     2.7969     2.6075     0.0049  0.1957482 0.0000e+00
        678      1.058    15.1454   2.947074     2.7973     2.6076     0.0049  0.1956349 0.0000e+00
        679      1.058    15.1475   2.947683     2.7977     2.6078     0.0049  0.1955169 0.0000e+00
        680      1.059    15.1495   2.948277     2.7981     2.6081     0.0049  0.1953931 0.0000e+00
        681      1.059    15.1514   2.948853     2.7985     2.6084     0.0049  0.1952628 0.0000e+00
        682      1.060    15.1531   2.949409     2.7989     2.6089     0.0049  0.1951250 0.0000e+00
        683      1.060    15.1547   2.949949     2.7992     2.6094     0.0049  0.1949789 0.0000e+00
        684      1.060    15.1562   2.950473     2.7996     2.6100     0.0048  0.1948276 0.0000e+00
        685      1.060    15.1576   2.950979     2.7999     2.6106     0.0046  0.1946811 0.0000e+00
        686      1.060    15.1590   2.951457     2.8003     2.6113     0.0046  0.1945477 0.0000e+00
        687      1.060    15.1601   2.951895     2.8006     2.6121     0.0046  0.1944291 0.0000e+00
        688      1.060    15.1611   2.952275     2.8009     2.6130     0.0046  0.1943244 0.0000e+00
        689      1.060    15.1617   2.952580     2.8012     2.6139     0.0046  0.1942329 0.0000e+00
        690      1.060    15.1620   2.952790     2.8014     2.6148     0.0046  0.1941549 0.0000e+00
        691      1.059    15.1621   2.952895     2.8017     2.6159     0.0046  0.1940905 0.0000e+00
        692      1.059    15.1620   2.952895     2.8019     2.6169     0.0046  0.1940386 0.0000e+00
        693      1.058    15.1615   2.952793     2.8022     2.6180     0.0046  0.1939979 0.0000e+00
        694      1.058    15.1605   2.952597     2.8024     2.6192     0.0046  0.1939682 0.0000e+00
        695      1.057    15.1590   2.952314     2.8026     2.6203     0.0046  0.1939492 0.0000e+00
        696      1.056    15.1569   2.951954     2.8028     2.6216     0.0046  0.1939407 0.0000e+00
        697      1.055    15.1544   2.951521     2.8029     2.6228     0.0046  0.1939429 0.0000e+00
        698      1.054    15.1515   2.951025     2.8030     2.6241     0.0046  0.1939555 0.0000e+00
        699      1.054    15.1483   2.950478     2.8031     2.6254     0.0046  0.1939788 0.0000e+00
        700      1.053    15.1451   2.949900     2.8032     2.6267     0.0046  0.1940129 0.0000e+00
        701      1.052    15.1421   2.949316     2.8033     2.6280     0.0046  0.1940581 0.0000e+00
        702      1.052    15.1395   2.948750     2.8033     2.6294     0.0046  0.1941146 0.0000e+00
        703      1.051    15.1372   2.948217     2.8033     2.6307     0.0046  0.1941828 0.0000e+00
        704      1.051    15.1352   2.947721     2.8033     2.6321     0.0048  0.1942632 0.0000e+00
        705      1.051    15.1334   2.947257     2.8033     2.6335     0.0046  0.1943565 0.0000e+00
        706      1.051    15.1317   2.946813     2.8032     2.6348     0.0046  0.1944632 0.0000e+00
        707      1.051    15.1301   2.946381     2.8031     2.6362     0.0048  0.1945840 0.0000e+00
        708      1.051    15.1285   2.945967     2.8030     2.6375     0.0046  0.1947198 0.0000e+00
        709      1.051    15.1271   2.945580     2.8029     2.6389     0.0046  0.1948700 0.0000e+00
        710      1.051    15.1258   2.945223     2.8028     2.6402     0.0048  0.1950269 0.0000e+00
        711      1.051    15.1246   2.944896     2.8026     2.6416     0.0048  0.1951781 0.0000e+00
        712      1.052    15.1233   2.944597     2.8024     2.6429     0.0048  0.1953162 0.0000e+00
        713      1.052    15.1222   2.944325     2.8022     2.6442     0.0048  0.1954404 0.0000e+00
        714      1.053    15.1212   2.944080     2.8020     2.6455     0.0048  0.1955516 0.0000e+00
        715      1.053    15.1203   2.943864     2.8017     2.6468     0.0048  0.1956506 0.0000e+00
        716      1.054    15.1196   2.943677     2.8014     2.6481     0.0048  0.1957381 0.0000e+00
        717      1.054    15.1190   2.943522     2.8011     2.6493     0.0048  0.1958146 0.0000e+00
        718      1.055    15.1187   2.943400     2.8008     2.6506     0.0048  0.1958807 0.0000e+00
        719      1.055    15.1185   2.943316     2.8005     2.6518     0.0048  0.1959368 0.0000e+00
        720      1.056    15.1185   2.943269     2.8001     2.6530     0.0048  0.1959834 0.0000e+00
        721      1.056    15.1188   2.943260     2.7997     2.6542     0.0048  0.1960208 0.0000e+00
        722      1.057    15.1193   2.943287     2.7993     2.6553     0.0048  0.1960492 0.0000e+00
        723      1.057    15.1200   2.943349     2.7989     2.6565     0.0048  0.1960688 0.0000e+00
        724      1.058    15.1209   2.943441     2.7984     2.6576     0.0048  0.1960798 0.0000e+00
        725      1.058    15.1220   2.943555     2.7980     2.6587     0.0048  0.1960823 0.0000e+00
        726      1.058    15.1233   2.943682     2.7975     2.6597     0.0048  0.1960762 0.0000e+00
        727      1.058    15.1247   2.943814     2.7970     2.6608     0.0048  0.1960615 0.0000e+00
        728      1.058    15.1261   2.943944     2.7965     2.6618     0.0048  0.1960381 0.0000e+00
        729      1.059    15.1276   2.944068     2.7959     2.6628     0.0048  0.1960059 0.0000e+00
        730      1.059    15.1292   2.944185     2.7954     2.6637     0.0048  0.1959646 0.0000e+00
        731      1.058    15.1308   2.944291     2.7948     2.6647     0.0048  0.1959140 0.0000e+00
        732      1.058    15.1323   2.944383     2.7943     2.6656     0.0048  0.1958536 0.0000e+00
        733      1.058    15.1336   2.944463     2.7937     2.6665     0.0048  0.1957831 0.0000e+00
        734      1.058    15.1349   2.944536     2.7931     2.6674     0.0048  0.1957020 0.0000e+00
        735      1.057    15.1362   2.944605     2.7925     2.6683     0.0049  0.1956123 0.0000e+00
        736      1.057    15.1374   2.944668     2.7919     2.6692     0.0049  0.1955192 0.0000e+00
        737      1.057    15.1386   2.944722     2.7913     2.6700     0.0049  0.1954264 0.0000e+00
        738      1.056    15.1397   2.944774     2.7907     2.6709     0.0049  0.1953341 0.0000e+00
        739      1.056    15.1408   2.944837     2.7901     2.6717     0.0049  0.1952416 0.0000e+00
        740      1.056    15.1418   2.944923     2.7895     2.6725     0.0049  0.1951484 0.0000e+00
        741      1.055    15.1429   2.945037     2.7889     2.6733     0.0049  0.1950537 0.0000e+00
        742      1.055    15.1440   2.945180     2.7883     2.6741     0.0049  0.1949569 0.0000e+00
        743      1.055    15.1452   2.945356     2.7877     2.6749     0.0049  0.1948581 0.0000e+00
        744      1.055    15.1466   2.945575     2.7872     2.6757     0.0049  0.1947576 0.0000e+00
        745      1.054    15.1482   2.945849     2.7866     2.6765     0.0049  0.1946538 0.0000e+00
        746      1.054    15.1498   2.946183     2.7861     2.6773     0.0049  0.1945451 0.0000e+00
        747      1.055    15.1515   2.946573     2.7855     2.6780     0.0049  0.1944307 0.0000e+00
        748      1.055    15.1532   2.947009     2.7850     2.6787     0.0049  0.1943107 0.0000e+00
        749      1.055    15.1548   2.947475     2.7845     2.6795     0.0049  0.1941852 0.0000e+00
        750      1.055    15.1564   2.947952     2.7840     2.6801     0.0049  0.1940524 0.0000e+00
        751      1.056    15.1579   2.948426     2.7835     2.6808     0.0049  0.1939105 0.0000e+00
        752      1.056    15.1593   2.948886     2.7830     2.6815     0.0049  0.1937585 0.0000e+00
        753      1.056    15.1606   2.949327     2.7826     2.6821     0.0049  0.1935954 0.0000e+00
        754      1.057    15.1618   2.949747     2.7821     2.6827     0.0049  0.1934201 0.0000e+00
        755      1.057    15.1629   2.950149     2.7817     2.6833     0.0049  0.1932313 0.0000e+00
        756      1.058    15.1641   2.950540     2.7813     2.6839     0.0049  0.1930277 0.0000e+00
        757      1.059    15.1652   2.950929     2.7809     2.6844     0.0049  0.1928088 0.0000e+00
        758      1.059    15.1664   2.951327     2.7806     2.6849     0.0049  0.1925738 0.0000e+00
        759      1.060    15.1677   2.951741     2.7802     2.6854     0.0049  0.1923204 0.0000e+00
        760      1.060    15.1691   2.952174     2.7798     2.6858     0.0049  0.1920483 0.0000e+00
        761      1.061    15.1706   2.952628     2.7795     2.6863     0.0049  0.1917677 0.0000e+00
        762      1.061    15.1722   2.953106     2.7792     2.6866     0.0049  0.1914944 0.0000e+00
        763      1.062    15.1739   2.953611     2.7789     2.6870     0.0049  0.1912367 0.0000e+00
        764      1.062    15.1758   2.954144     2.7786     2.6873     0.0049  0.1909945 0.0000e+00
        765      1.062    15.1778   2.954709     2.7783     2.6876     0.0049  0.1907662 0.0000e+00
        766      1.062    15.1800   2.955311     2.7780     2.6878     0.0049  0.1905500 0.0000e+00
        767      1.063    15.1823   2.955953     2.7778     2.6881     0.0049  0.1903447 0.0000e+00
        768      1.063    15.1848   2.956638     2.7775     2.6882     0.0049  0.1901486 0.0000e+00
        769      1.062    15.1876   2.957369     2.7773     2.6884     0.0049  0.1899604 0.0000e+00
        770      1.062    15.1905   2.958142     2.7771     2.6885     0.0049  0.1897789 0.0000e+00
        771      1.062    15.1937   2.958956     2.7769     2.6886     0.0049  0.1896027 0.0000e+00
        772      1.062    15.1971   2.959809     2.7767     2.6886     0.0049  0.1894307 0.0000e+00
        773      1.062    15.2007   2.960699     2.7765     2.6887     0.0049  0.1892617 0.0000e+00
        774      1.062    15.2046   2.961622     2.7763     2.6887     0.0049  0.1890944 0.0000e+00
        775      1.062    15.2086   2.962574     2.7761     2.6886     0.0049  0.1889277 0.0000e+00
        776      1.062    15.2127   2.963547     2.7759     2.6886     0.0049  0.1887604 0.0000e+00
        777      1.063    15.2168   2.964532     2.7758     2.6885     0.0049  0.1885915 0.0000e+00
        778      1.063    15.2208   2.965527     2.7756     2.6884     0.0049  0.1884196 0.0000e+00
        779      1.063    15.2246   2.966536     2.7754     2.6883     0.0049  0.1882437 0.0000e+00
        780      1.063    15.2282   2.967561     2.7753     2.6882     0.0049  0.1880624 0.0000e+00
        781      1.064    15.2317   2.968603     2.7751     2.6880     0.0049  0.1878746 0.0000e+00
        782      1.064    15.2353   2.969659     2.7750     2.6879     0.0049  0.1876789 0.0000e+00
        783      1.065    15.2391   2.970719     2.7749     2.6877     0.0049  0.1874739 0.0000e+00
        784      1.065    15.2430   2.971768     2.7747     2.6875     0.0049  0.1872583 0.0000e+00
        785      1.066    15.2469   2.972796     2.7746     2.6873     0.0049  0.1870305 0.0000e+00
        786      1.066    15.2506   2.973795     2.7745     2.6872     0.0048  0.1867941 0.0000e+00
        787      1.066    15.2539   2.974769     2.7744     2.6870     0.0048  0.1865610 0.0000e+00
        788      1.067    15.2569   2.975724     2.7742     2.6868     0.0048  0.1863422 0.0000e+00
        789      1.067    15.2595   2.976665     2.7741     2.6866     0.0048  0.1861406 0.0000e+00
        790      1.067    15.2619   2.977596     2.7740     2.6865     0.0048  0.1859539 0.0000e+00
        791      1.067    15.2642   2.978523     2.7739     2.6863     0.0048  0.1857799 0.0000e+00
        792      1.067    15.2665   2.979450     2.7738     2.6862     0.0048  0.1856183 0.0000e+00
        793      1.067    15.2688   2.980379     2.7736     2.6861     0.0048  0.1854688 0.0000e+00
        794      1.068    15.2711   2.981305     2.7735     2.6860     0.0048  0.1853295 0.0000e+00
        795      1.068    15.2735   2.982222     2.7734     2.6859     0.0048  0.1851985 0.0000e+00
        796      1.068    15.2761   2.983123     2.7733     2.6858     0.0048  0.1850751 0.0000e+00
        797      1.068    15.2788   2.984002     2.7732     2.6857     0.0048  0.1849583 0.0000e+00
        798      1.069    15.2817   2.984857     2.7731     2.6857     0.0048  0.1848473 0.0000e+00
        799      1.069    15.2846   2.985681     2.7729     2.6857     0.0048  0.1847413 0.0000e+00
        800      1.069    15.2875   2.986469     2.7728     2.6857     0.0048  0.1846397 0.0000e+00
