data/2021/ctd_data_day2/station3_ctm_fil_le_der.cnv
* Sea-Bird SBE 9 Data File:
* FileName = C:\Users\CTD-User\Desktop\MAR440\day2\station3.hex
* Software Version Seasave V 7.26.2.13
* Temperature SN = 6313
* Conductivity SN = 4758
* Number of Bytes Per Scan = 37
* Number of Voltage Words = 4
* Number of Scans Averaged by the Deck Unit = 1
* NMEA Latitude = 58 19.70 N
* NMEA Longitude = 011 51.29 E
* NMEA UTC (Time) = Sep 22 2021 09:36:18
* NMEA baud rate = 4800
** Ship: Skagerrak
** Station: station3
** Operator: group2purple
# nquan = 13                                
# nvalues = 3261                        
# units = specified
# name 0 = scan: Scan Count
# name 1 = prDM: Pressure, Digiquartz [db]
# name 2 = t090C: Temperature [ITS-90, deg C]
# name 3 = c0S/m: Conductivity [S/m]
# name 4 = sbeox0V: Oxygen raw, SBE 43 [V]
# name 5 = sbeox1V: Oxygen raw, SBE 43, 2 [V]
# name 6 = flECO-AFL: Fluorescence, WET Labs ECO-AFL/FL [mg/m^3]
# name 7 = upoly0: Upoly 0, Turbidity
# name 8 = depSM: Depth [salt water, m], lat = 58.3283
# name 9 = sal00: Salinity, Practical [PSU]
# name 10 = sbeox0ML/L: Oxygen, SBE 43 [ml/l], WS = 2
# name 11 = sbeox1ML/L: Oxygen, SBE 43, 2 [ml/l], WS = 2
# name 12 = flag: flag
# span 0 =          1,       3261       
# span 1 =      0.798,     17.164       
# span 2 =    10.5794,    16.1805       
# span 3 =   2.674562,   3.477897       
# span 4 =     1.0037,     2.9284       
# span 5 =     1.0402,     2.8631       
# span 6 =     0.0035,     0.0081       
# span 7 =  0.0885866,  0.2372454       
# span 8 =      0.791,     17.004       
# span 9 =    21.3217,    30.3406       
# span 10 =     1.3748,     7.3869      
# span 11 =     1.3973,     6.2832      
# span 12 = 0.0000e+00, 0.0000e+00      
# interval = seconds: 0.0416667
# start_time = Sep 22 2021 09:36:18 [NMEA time, header]
# bad_flag = -9.990e-29
*END*
[from data line 112]
        113      2.627    15.2730   2.969639     2.7357     2.7291     0.0060  0.1819044      2.603    23.0973     6.5932     5.7134 0.0000e+00
        114      2.649    15.2781   2.970781     2.7359     2.7290     0.0060  0.1815818      2.624    23.1041     6.5910     5.7103 0.0000e+00
        115      2.671    15.2830   2.971901     2.7361     2.7290     0.0060  0.1812517      2.646    23.1108     6.5888     5.7074 0.0000e+00
        116      2.693    15.2876   2.972974     2.7363     2.7288     0.0060  0.1809119      2.668    23.1173     6.5865     5.7038 0.0000e+00
        117      2.714    15.2921   2.973997     2.7365     2.7287     0.0060  0.1805599      2.689    23.1234     6.5843     5.7004 0.0000e+00
        118      2.736    15.2964   2.974976     2.7366     2.7285     0.0060  0.1801933      2.711    23.1293     6.5816     5.6967 0.0000e+00
        119      2.758    15.3005   2.975916     2.7368     2.7283     0.0060  0.1798095      2.732    23.1349     6.5793     5.6929 0.0000e+00
        120      2.780    15.3045   2.976823     2.7369     2.7280     0.0060  0.1794060      2.754    23.1403     6.5766     5.6888 0.0000e+00
        121      2.801    15.3084   2.977700     2.7370     2.7277     0.0060  0.1789798      2.775    23.1456     6.5739     5.6847 0.0000e+00
        122      2.823    15.3122   2.978547     2.7371     2.7274     0.0060  0.1785280      2.797    23.1506     6.5712     5.6805 0.0000e+00
        123      2.845    15.3157   2.979363     2.7371     2.7270     0.0059  0.1780475      2.819    23.1555     6.5682     5.6761 0.0000e+00
        124      2.867    15.3191   2.980141     2.7371     2.7265     0.0057  0.1775460      2.840    23.1602     6.5652     5.6714 0.0000e+00
        125      2.889    15.3223   2.980878     2.7371     2.7260     0.0055  0.1770497      2.862    23.1646     6.5622     5.6667 0.0000e+00
        126      2.911    15.3253   2.981575     2.7371     2.7255     0.0055  0.1765832      2.884    23.1688     6.5592     5.6621 0.0000e+00
        127      2.933    15.3281   2.982233     2.7370     2.7250     0.0055  0.1761534      2.906    23.1728     6.5560     5.6575 0.0000e+00
        128      2.955    15.3308   2.982859     2.7369     2.7244     0.0055  0.1757573      2.928    23.1765     6.5527     5.6527 0.0000e+00
        129      2.976    15.3334   2.983460     2.7368     2.7238     0.0055  0.1753914      2.948    23.1802     6.5495     5.6479 0.0000e+00
        130      2.998    15.3359   2.984041     2.7367     2.7231     0.0055  0.1750531      2.970    23.1837     6.5463     5.6430 0.0000e+00
        131      3.020    15.3385   2.984605     2.7366     2.7224     0.0055  0.1747391      2.992    23.1870     6.5432     5.6381 0.0000e+00
        132      3.042    15.3409   2.985153     2.7364     2.7217     0.0055  0.1744465      3.014    23.1902     6.5398     5.6334 0.0000e+00
        133      3.064    15.3434   2.985689     2.7362     2.7209     0.0055  0.1741741      3.036    23.1933     6.5364     5.6284 0.0000e+00
        134      3.085    15.3458   2.986215     2.7360     2.7202     0.0055  0.1739208      3.056    23.1964     6.5330     5.6239 0.0000e+00
        135      3.107    15.3481   2.986730     2.7357     2.7194     0.0055  0.1736849      3.078    23.1995     6.5294     5.6191 0.0000e+00
        136      3.129    15.3504   2.987232     2.7355     2.7185     0.0055  0.1734647      3.100    23.2024     6.5262     5.6142 0.0000e+00
        137      3.151    15.3526   2.987719     2.7352     2.7177     0.0055  0.1732587      3.122    23.2053     6.5226     5.6097 0.0000e+00
        138      3.173    15.3547   2.988194     2.7349     2.7168     0.0055  0.1730655      3.143    23.2081     6.5192     5.6051 0.0000e+00
        139      3.195    15.3567   2.988657     2.7346     2.7159     0.0055  0.1728836      3.165    23.2109     6.5158     5.6006 0.0000e+00
        140      3.217    15.3586   2.989108     2.7343     2.7150     0.0055  0.1727119      3.187    23.2136     6.5124     5.5962 0.0000e+00
        141      3.239    15.3604   2.989545     2.7340     2.7141     0.0055  0.1725492      3.209    23.2163     6.5092     5.5919 0.0000e+00
        142      3.260    15.3621   2.989964     2.7336     2.7132     0.0055  0.1723943      3.230    23.2189     6.5057     5.5878 0.0000e+00
        143      3.282    15.3637   2.990362     2.7332     2.7123     0.0055  0.1722461      3.251    23.2213     6.5023     5.5838 0.0000e+00
        144      3.304    15.3652   2.990740     2.7328     2.7113     0.0055  0.1721036      3.273    23.2237     6.4990     5.5797 0.0000e+00
        145      3.326    15.3666   2.991099     2.7324     2.7104     0.0055  0.1719659      3.295    23.2259     6.4958     5.5759 0.0000e+00
        146      3.347    15.3679   2.991441     2.7320     2.7094     0.0055  0.1718319      3.316    23.2281     6.4927     5.5720 0.0000e+00
        147      3.369    15.3692   2.991765     2.7316     2.7084     0.0055  0.1717008      3.338    23.2301     6.4897     5.5682 0.0000e+00
        148      3.391    15.3703   2.992067     2.7311     2.7075     0.0055  0.1715716      3.359    23.2320     6.4865     5.5649 0.0000e+00
        149      3.413    15.3714   2.992345     2.7307     2.7065     0.0053  0.1714433      3.381    23.2337     6.4837     5.5613 0.0000e+00
        150      3.434    15.3723   2.992598     2.7302     2.7055     0.0051  0.1713153      3.402    23.2354     6.4806     5.5578 0.0000e+00
        151      3.456    15.3732   2.992827     2.7298     2.7045     0.0051  0.1711873      3.424    23.2368     6.4780     5.5545 0.0000e+00
        152      3.478    15.3740   2.993033     2.7293     2.7036     0.0051  0.1710602      3.446    23.2381     6.4751     5.5515 0.0000e+00
        153      3.499    15.3746   2.993214     2.7288     2.7026     0.0051  0.1709331      3.466    23.2393     6.4724     5.5484 0.0000e+00
        154      3.521    15.3752   2.993371     2.7283     2.7016     0.0051  0.1708043      3.488    23.2402     6.4697     5.5453 0.0000e+00
        155      3.543    15.3756   2.993502     2.7278     2.7006     0.0051  0.1706737      3.510    23.2411     6.4671     5.5423 0.0000e+00
        156      3.564    15.3759   2.993607     2.7273     2.6996     0.0051  0.1705413      3.531    23.2418     6.4647     5.5394 0.0000e+00
        157      3.586    15.3760   2.993685     2.7268     2.6986     0.0051  0.1704061      3.553    23.2424     6.4623     5.5366 0.0000e+00
        158      3.607    15.3760   2.993736     2.7263     2.6976     0.0051  0.1702673      3.573    23.2429     6.4600     5.5339 0.0000e+00
        159      3.629    15.3759   2.993760     2.7258     2.6966     0.0051  0.1701230      3.595    23.2431     6.4578     5.5313 0.0000e+00
        160      3.651    15.3758   2.993760     2.7253     2.6957     0.0051  0.1699712      3.617    23.2432     6.4557     5.5289 0.0000e+00
        161      3.672    15.3755   2.993742     2.7247     2.6947     0.0051  0.1698120      3.638    23.2432     6.4534     5.5264 0.0000e+00
        162      3.694    15.3753   2.993711     2.7242     2.6937     0.0051  0.1696449      3.660    23.2430     6.4514     5.5239 0.0000e+00
        163      3.716    15.3749   2.993670     2.7236     2.6927     0.0051  0.1694679      3.681    23.2429     6.4492     5.5214 0.0000e+00
        164      3.737    15.3746   2.993621     2.7231     2.6917     0.0051  0.1692791      3.702    23.2427     6.4473     5.5190 0.0000e+00
        165      3.759    15.3743   2.993565     2.7225     2.6907     0.0051  0.1690779      3.724    23.2424     6.4452     5.5166 0.0000e+00
        166      3.781    15.3739   2.993507     2.7220     2.6898     0.0051  0.1688637      3.746    23.2421     6.4435     5.5145 0.0000e+00
        167      3.802    15.3737   2.993453     2.7214     2.6888     0.0051  0.1686352      3.767    23.2418     6.4415     5.5122 0.0000e+00
        168      3.824    15.3736   2.993409     2.7209     2.6878     0.0051  0.1683906      3.788    23.2414     6.4398     5.5099 0.0000e+00
        169      3.845    15.3737   2.993386     2.7203     2.6868     0.0051  0.1681283      3.809    23.2412     6.4378     5.5076 0.0000e+00
        170      3.866    15.3739   2.993386     2.7198     2.6858     0.0051  0.1678465      3.830    23.2410     6.4361     5.5053 0.0000e+00
        171      3.888    15.3743   2.993411     2.7192     2.6848     0.0051  0.1675423      3.852    23.2410     6.4342     5.5030 0.0000e+00
        172      3.909    15.3747   2.993459     2.7186     2.6839     0.0051  0.1672128      3.873    23.2412     6.4323     5.5009 0.0000e+00
        173      3.930    15.3753   2.993525     2.7181     2.6829     0.0051  0.1668566      3.893    23.2414     6.4306     5.4986 0.0000e+00
        174      3.951    15.3760   2.993608     2.7175     2.6819     0.0051  0.1664720      3.914    23.2417     6.4287     5.4964 0.0000e+00
        175      3.972    15.3767   2.993703     2.7170     2.6810     0.0051  0.1660665      3.935    23.2421     6.4271     5.4944 0.0000e+00
        176      3.993    15.3776   2.993812     2.7164     2.6800     0.0049  0.1656645      3.956    23.2425     6.4252     5.4921 0.0000e+00
        177      4.014    15.3785   2.993936     2.7159     2.6791     0.0049  0.1652878      3.977    23.2430     6.4237     5.4902 0.0000e+00
        178      4.035    15.3796   2.994076     2.7154     2.6781     0.0049  0.1649424      3.997    23.2435     6.4221     5.4880 0.0000e+00
        179      4.056    15.3808   2.994233     2.7148     2.6772     0.0049  0.1646257      4.018    23.2442     6.4203     5.4860 0.0000e+00
        180      4.077    15.3821   2.994411     2.7143     2.6762     0.0049  0.1643340      4.039    23.2449     6.4187     5.4839 0.0000e+00
        181      4.099    15.3836   2.994608     2.7138     2.6753     0.0049  0.1640642      4.061    23.2457     6.4171     5.4819 0.0000e+00
        182      4.120    15.3852   2.994826     2.7132     2.6744     0.0049  0.1638147      4.082    23.2466     6.4153     5.4800 0.0000e+00
        183      4.141    15.3868   2.995063     2.7127     2.6734     0.0049  0.1635835      4.102    23.2477     6.4137     5.4778 0.0000e+00
        184      4.161    15.3886   2.995315     2.7122     2.6725     0.0049  0.1633691      4.122    23.2488     6.4121     5.4759 0.0000e+00
        185      4.182    15.3904   2.995582     2.7117     2.6716     0.0049  0.1631700      4.143    23.2500     6.4106     5.4741 0.0000e+00
        186      4.203    15.3923   2.995861     2.7111     2.6707     0.0049  0.1629849      4.164    23.2513     6.4087     5.4723 0.0000e+00
        187      4.224    15.3942   2.996148     2.7106     2.6698     0.0049  0.1628132      4.185    23.2526     6.4072     5.4704 0.0000e+00
        188      4.245    15.3961   2.996442     2.7101     2.6689     0.0049  0.1626547      4.206    23.2540     6.4056     5.4687 0.0000e+00
        189      4.265    15.3980   2.996740     2.7096     2.6680     0.0049  0.1625082      4.225    23.2554     6.4041     5.4669 0.0000e+00
        190      4.286    15.4000   2.997042     2.7090     2.6671     0.0049  0.1623728      4.246    23.2568     6.4023     5.4652 0.0000e+00
        191      4.307    15.4020   2.997346     2.7085     2.6662     0.0049  0.1622465      4.267    23.2582     6.4008     5.4635 0.0000e+00
        192      4.327    15.4040   2.997652     2.7080     2.6653     0.0049  0.1621278      4.287    23.2597     6.3993     5.4618 0.0000e+00
        193      4.348    15.4061   2.997964     2.7075     2.6645     0.0049  0.1620157      4.308    23.2611     6.3979     5.4604 0.0000e+00
        194      4.368    15.4083   2.998287     2.7070     2.6636     0.0049  0.1619095      4.327    23.2626     6.3964     5.4587 0.0000e+00
        195      4.389    15.4107   2.998628     2.7064     2.6628     0.0049  0.1618085      4.348    23.2641     6.3946     5.4573 0.0000e+00
        196      4.410    15.4132   2.998990     2.7059     2.6619     0.0049  0.1617119      4.369    23.2657     6.3931     5.4557 0.0000e+00
        197      4.430    15.4158   2.999374     2.7054     2.6611     0.0049  0.1616192      4.389    23.2674     6.3916     5.4543 0.0000e+00
        198      4.451    15.4187   2.999782     2.7049     2.6603     0.0049  0.1615295      4.410    23.2692     6.3900     5.4529 0.0000e+00
        199      4.471    15.4217   3.000218     2.7044     2.6595     0.0048  0.1614424      4.429    23.2711     6.3885     5.4515 0.0000e+00
        200      4.492    15.4251   3.000687     2.7039     2.6587     0.0049  0.1613580      4.450    23.2731     6.3869     5.4501 0.0000e+00
        201      4.513    15.4287   3.001194     2.7034     2.6579     0.0051  0.1612775      4.471    23.2754     6.3853     5.4487 0.0000e+00
        202      4.533    15.4326   3.001743     2.7029     2.6571     0.0051  0.1612011      4.491    23.2777     6.3837     5.4473 0.0000e+00
        203      4.554    15.4368   3.002338     2.7024     2.6564     0.0051  0.1611292      4.512    23.2803     6.3820     5.4461 0.0000e+00
        204      4.575    15.4414   3.002981     2.7019     2.6556     0.0051  0.1610621      4.532    23.2831     6.3803     5.4446 0.0000e+00
        205      4.595    15.4462   3.003675     2.7014     2.6549     0.0051  0.1609994      4.552    23.2862     6.3786     5.4434 0.0000e+00
        206      4.616    15.4514   3.004419     2.7009     2.6542     0.0051  0.1609406      4.573    23.2895     6.3769     5.4421 0.0000e+00
        207      4.637    15.4568   3.005211     2.7004     2.6534     0.0051  0.1608854      4.594    23.2931     6.3751     5.4406 0.0000e+00
        208      4.658    15.4626   3.006050     2.6999     2.6527     0.0051  0.1608332      4.615    23.2968     6.3734     5.4393 0.0000e+00
        209      4.678    15.4686   3.006933     2.6994     2.6521     0.0051  0.1607838      4.634    23.3008     6.3716     5.4383 0.0000e+00
        210      4.699    15.4748   3.007860     2.6989     2.6514     0.0051  0.1607377      4.655    23.3051     6.3698     5.4369 0.0000e+00
        211      4.720    15.4813   3.008831     2.6985     2.6507     0.0051  0.1606945      4.676    23.3095     6.3683     5.4355 0.0000e+00
        212      4.741    15.4881   3.009849     2.6980     2.6501     0.0051  0.1606532      4.697    23.3142     6.3665     5.4344 0.0000e+00
        213      4.762    15.4952   3.010919     2.6976     2.6495     0.0051  0.1606133      4.718    23.3192     6.3650     5.4332 0.0000e+00
        214      4.783    15.5028   3.012048     2.6972     2.6488     0.0051  0.1605747      4.738    23.3243     6.3634     5.4317 0.0000e+00
        215      4.804    15.5108   3.013248     2.6967     2.6482     0.0051  0.1605379      4.759    23.3298     6.3615     5.4305 0.0000e+00
        216      4.825    15.5193   3.014527     2.6963     2.6476     0.0051  0.1605026      4.780    23.3357     6.3598     5.4291 0.0000e+00
        217      4.845    15.5283   3.015894     2.6959     2.6470     0.0051  0.1604670      4.800    23.3421     6.3581     5.4277 0.0000e+00
        218      4.866    15.5379   3.017354     2.6955     2.6465     0.0051  0.1604307      4.821    23.3488     6.3563     5.4265 0.0000e+00
        219      4.887    15.5481   3.018907     2.6950     2.6459     0.0051  0.1603953      4.842    23.3561     6.3541     5.4249 0.0000e+00
        220      4.909    15.5586   3.020547     2.6946     2.6454     0.0051  0.1603604      4.863    23.3638     6.3522     5.4235 0.0000e+00
        221      4.930    15.5692   3.022249     2.6942     2.6448     0.0051  0.1603249      4.884    23.3721     6.3502     5.4219 0.0000e+00
        222      4.951    15.5796   3.023974     2.6938     2.6443     0.0051  0.1602888      4.905    23.3806     6.3483     5.4205 0.0000e+00
