data/2021/ctd_data_day2/station5_ctm_fil_le_der.cnv
* Sea-Bird SBE 9 Data File:
* FileName = C:\Users\CTD-User\Desktop\MAR440\day2\station5.hex
* Software Version Seasave V 7.26.2.13
* Temperature SN = 6313
* Conductivity SN = 4758
* Number of Bytes Per Scan = 37
* Number of Voltage Words = 4
* Number of Scans Averaged by the Deck Unit = 1
* NMEA Latitude = 58 19.20 N
* NMEA Longitude = 011 48.71 E
* NMEA UTC (Time) = Sep 22 2021 10:20:22
* NMEA baud rate = 4800
** Ship: Skagerrak
** Station: station5
** Operator: group2blu
# nquan = 13                                
# nvalues = 5019                        
# units = specified
# name 0 = scan: Scan Count
# name 1 = prDM: Pressure, Digiquartz [db]
# name 2 = t090C: Temperature [ITS-90, deg C]
# name 3 = c0S/m: Conductivity [S/m]
# name 4 = sbeox0V: Oxygen raw, SBE 43 [V]
# name 5 = sbeox1V: Oxygen raw, SBE 43, 2 [V]
# name 6 = flECO-AFL: Fluorescence, WET Labs ECO-AFL/FL [mg/m^3]
# name 7 = upoly0: Upoly 0, Turbidity
# name 8 = depSM: Depth [salt water, m], lat = 58.32
# name 9 = sal00: Salinity, Practical [PSU]
# name 10 = sbeox0ML/L: Oxygen, SBE 43 [ml/l], WS = 2
# name 11 = sbeox1ML/L: Oxygen, SBE 43, 2 [ml/l], WS = 2
# name 12 = flag: flag
# span 0 =          1,       5019       
# span 1 =      0.431,     26.494       
# span 2 =    11.7329,    16.2142       
# span 3 =  -0.000256,   3.795797       
# span 4 =     0.9420,     2.9473       
# span 5 =     1.0255,     2.8390       
# span 6 =     0.0020,     0.0522       
# span 7 =  0.0806113,  0.1779398       
# span 8 =      0.427,     26.246       
# span 9 =     0.0000,    32.0188       
# span 10 =     1.1213,     8.4222      
# span 11 =     1.2981,     6.7911      
# span 12 = 0.0000e+00, 0.0000e+00      
# interval = seconds: 0.0416667
# start_time = Sep 22 2021 10:20:22 [NMEA time, header]
# bad_flag = -9.990e-29
*END*
[from data line 4889]
       4890     25.413    12.5882   3.745717     1.0972     1.1668     0.0073  0.0882862     25.175    32.0131     1.5349     1.6391 0.0000e+00
       4891     25.434    12.5702   3.744210     1.0960     1.1659     0.0073  0.0883019     25.196    32.0141     1.5376     1.6423 0.0000e+00
       4892     25.456    12.5521   3.742690     1.0948     1.1651     0.0073  0.0883170     25.218    32.0150     1.5402     1.6456 0.0000e+00
       4893     25.477    12.5341   3.741155     1.0937     1.1643     0.0073  0.0883315     25.239    32.0157     1.5429     1.6485 0.0000e+00
       4894     25.499    12.5160   3.739604     1.0927     1.1635     0.0073  0.0883456     25.260    32.0163     1.5457     1.6512 0.0000e+00
       4895     25.521    12.4978   3.738036     1.0917     1.1628     0.0073  0.0883593     25.282    32.0169     1.5483     1.6538 0.0000e+00
       4896     25.542    12.4795   3.736452     1.0907     1.1621     0.0073  0.0883727     25.303    32.0173     1.5507     1.6560 0.0000e+00
       4897     25.564    12.4611   3.734852     1.0898     1.1614     0.0073  0.0883860     25.325    32.0177     1.5531     1.6580 0.0000e+00
       4898     25.585    12.4426   3.733236     1.0889     1.1608     0.0073  0.0883992     25.346    32.0181     1.5553     1.6599 0.0000e+00
       4899     25.607    12.4240   3.731606     1.0880     1.1602     0.0073  0.0884124     25.367    32.0184     1.5573     1.6615 0.0000e+00
       4900     25.628    12.4053   3.729960     1.0871     1.1596     0.0073  0.0884258     25.388    32.0186     1.5590     1.6628 0.0000e+00
       4901     25.650    12.3865   3.728300     1.0863     1.1590     0.0073  0.0884393     25.410    32.0188     1.5607     1.6637 0.0000e+00
       4902     25.671    12.3677   3.726626     1.0855     1.1584     0.0073  0.0884531     25.431    32.0188     1.5621     1.6644 0.0000e+00
       4903     25.692    12.3488   3.724940     1.0847     1.1578     0.0073  0.0884673     25.452    32.0188     1.5632     1.6648 0.0000e+00
       4904     25.714    12.3299   3.723242     1.0839     1.1572     0.0073  0.0884820     25.473    32.0187     1.5641     1.6648 0.0000e+00
       4905     25.735    12.3110   3.721534     1.0832     1.1566     0.0073  0.0884973     25.494    32.0185     1.5650     1.6646 0.0000e+00
       4906     25.757    12.2921   3.719815     1.0825     1.1560     0.0073  0.0885133     25.516    32.0182     1.5656     1.6641 0.0000e+00
       4907     25.778    12.2731   3.718086     1.0817     1.1554     0.0073  0.0885302     25.537    32.0178     1.5656     1.6634 0.0000e+00
       4908     25.799    12.2540   3.716345     1.0810     1.1548     0.0073  0.0885470     25.558    32.0175     1.5656     1.6624 0.0000e+00
       4909     25.820    12.2350   3.714592     1.0803     1.1542     0.0073  0.0885633     25.578    32.0169     1.5654     1.6612 0.0000e+00
       4910     25.841    12.2158   3.712825     1.0795     1.1536     0.0073  0.0885798     25.599    32.0164     1.5646     1.6597 0.0000e+00
       4911     25.862    12.1966   3.711044     1.0788     1.1530     0.0073  0.0885977     25.620    32.0157     1.5639     1.6581 0.0000e+00
       4912     25.883    12.1772   3.709248     1.0781     1.1523     0.0073  0.0886169     25.641    32.0150     1.5629     1.6560 0.0000e+00
       4913     25.903    12.1578   3.707439     1.0774     1.1516     0.0073  0.0886376     25.661    32.0143     1.5617     1.6537 0.0000e+00
       4914     25.924    12.1385   3.705621     1.0766     1.1509     0.0077  0.0886600     25.681    32.0133     1.5600     1.6512 0.0000e+00
       4915     25.944    12.1192   3.703801     1.0759     1.1502     0.0082  0.0886843     25.701    32.0123     1.5583     1.6486 0.0000e+00
       4916     25.965    12.1001   3.701987     1.0752     1.1495     0.0084  0.0887114     25.722    32.0112     1.5564     1.6459 0.0000e+00
       4917     25.985    12.0812   3.700183     1.0744     1.1487     0.0084  0.0887432     25.742    32.0101     1.5540     1.6427 0.0000e+00
       4918     26.005    12.0627   3.698395     1.0736     1.1479     0.0084  0.0887809     25.762    32.0087     1.5514     1.6394 0.0000e+00
       4919     26.025    12.0444   3.696631     1.0729     1.1471     0.0084  0.0888238     25.782    32.0074     1.5489     1.6360 0.0000e+00
       4920     26.044    12.0266   3.694892     1.0721     1.1462     0.0084  0.0888713     25.800    32.0059     1.5460     1.6322 0.0000e+00
       4921     26.064    12.0091   3.693182     1.0713     1.1454     0.0084  0.0889247     25.820    32.0044     1.5429     1.6285 0.0000e+00
       4922     26.083    11.9919   3.691500     1.0705     1.1445     0.0084  0.0889851     25.839    32.0030     1.5396     1.6245 0.0000e+00
       4923     26.102    11.9752   3.689844     1.0696     1.1436     0.0084  0.0890531     25.858    32.0013     1.5359     1.6204 0.0000e+00
       4924     26.121    11.9586   3.688212     1.0688     1.1427     0.0084  0.0891290     25.877    31.9998     1.5324     1.6163 0.0000e+00
       4925     26.140    11.9424   3.686603     1.0679     1.1417     0.0084  0.0892134     25.895    31.9982     1.5284     1.6118 0.0000e+00
       4926     26.159    11.9264   3.685016     1.0670     1.1408     0.0084  0.0893069     25.914    31.9966     1.5242     1.6075 0.0000e+00
       4927     26.177    11.9108   3.683450     1.0662     1.1398     0.0084  0.0894101     25.932    31.9949     1.5203     1.6029 0.0000e+00
       4928     26.194    11.8955   3.681904     1.0652     1.1388     0.0084  0.0895237     25.949    31.9930     1.5156     1.5983 0.0000e+00
       4929     26.212    11.8805   3.680377     1.0643     1.1378     0.0084  0.0896486     25.967    31.9912     1.5111     1.5936 0.0000e+00
       4930     26.228    11.8658   3.678864     1.0634     1.1367     0.0084  0.0897856     25.983    31.9892     1.5065     1.5885 0.0000e+00
       4931     26.244    11.8514   3.677364     1.0625     1.1356     0.0084  0.0899357     25.998    31.9870     1.5018     1.5834 0.0000e+00
       4932     26.260    11.8372   3.675875     1.0615     1.1346     0.0084  0.0900998     26.014    31.9848     1.4968     1.5786 0.0000e+00
       4933     26.276    11.8234   3.674396     1.0605     1.1335     0.0084  0.0902784     26.030    31.9824     1.4916     1.5734 0.0000e+00
       4934     26.290    11.8098   3.672929     1.0595     1.1324     0.0084  0.0904717     26.044    31.9798     1.4864     1.5682 0.0000e+00
       4935     26.304    11.7967   3.671482     1.0585     1.1312     0.0084  0.0906821     26.058    31.9771     1.4810     1.5627 0.0000e+00
       4936     26.317    11.7842   3.670065     1.0575     1.1301     0.0084  0.0909117     26.071    31.9741     1.4756     1.5574 0.0000e+00
       4937     26.330    11.7723   3.668696     1.0564     1.1289     0.0084  0.0911622     26.084    31.9711     1.4698     1.5518 0.0000e+00
       4938     26.342    11.7613   3.667399     1.0554     1.1277     0.0084  0.0914345     26.096    31.9680     1.4642     1.5462 0.0000e+00
       4939     26.353    11.7516   3.666202     1.0543     1.1265     0.0095  0.0917288     26.106    31.9647     1.4583     1.5405 0.0000e+00
       4940     26.364    11.7435   3.665137     1.0532     1.1253     0.0350  0.0920360     26.117    31.9613     1.4522     1.5348 -9.990e-29
       4941     26.374    11.7374   3.664244     1.0521     1.1240     0.0502  0.0923321     26.127    31.9579     1.4461     1.5287 -9.990e-29
       4942     26.384    11.7337   3.663567     1.0510     1.1227     0.0522  0.0925961     26.137    31.9545     1.4398     1.5226 -9.990e-29
       4943     26.393    11.7329   3.663146     1.0498     1.1214     0.0511  0.0928222     26.146    31.9511     1.4331     1.5163 -9.990e-29
       4944     26.401    11.7352   3.662986     1.0487     1.1201     0.0505  0.0930119     26.154    31.9476     1.4267     1.5101 -9.990e-29
       4945     26.409    11.7401   3.663039     1.0475     1.1188     0.0504  0.0931676     26.162    31.9439     1.4199     1.5037 -9.990e-29
       4946     26.417    11.7470   3.663219     1.0463     1.1174     0.0504  0.0932901     26.170    31.9397     1.4130     1.4970 -9.990e-29
       4947     26.423    11.7552   3.663453     1.0451     1.1160     0.0504  0.0933813     26.176    31.9349     1.4061     1.4904 -9.990e-29
       4948     26.429    11.7647   3.663720     1.0438     1.1146     0.0504  0.0934426     26.182    31.9293     1.3988     1.4838 -9.990e-29
       4949     26.435    11.7759   3.664045     1.0426     1.1131     0.0504  0.0934745     26.188    31.9229     1.3918     1.4769 -9.990e-29
       4950     26.440    11.7893   3.664478     1.0413     1.1117     0.0504  0.0934763     26.193    31.9156     1.3844     1.4702 -9.990e-29
       4951     26.445    11.8058   3.665072     1.0399     1.1102     0.0504  0.0934471     26.198    31.9071     1.3766     1.4633 -9.990e-29
       4952     26.450    11.8254   3.665862     1.0386     1.1086     0.0504  0.0933877     26.203    31.8980     1.3691     1.4561 -9.990e-29
       4953     26.454    11.8479   3.666842     1.0372     1.1071     0.0504  0.0932985     26.206    31.8882     1.3613     1.4492 -9.990e-29
       4954     26.457    11.8719   3.667960     1.0358     1.1055     0.0504  0.0931788     26.209    31.8784     1.3534     1.4421 -9.990e-29
       4955     26.461    11.8956   3.669128     1.0344     1.1038     0.0505  0.0930270     26.213    31.8694     1.3457     1.4348 -9.990e-29
       4956     26.464    11.9173   3.670248     1.0330     1.1022     0.0504  0.0928411     26.216    31.8617     1.3379     1.4279 -9.990e-29
       4957     26.467    11.9360   3.671249     1.0315     1.1005     0.0505  0.0926199     26.219    31.8553     1.3300     1.4209 -9.990e-29
       4958     26.470    11.9519   3.672108     1.0300     1.0988     0.0504  0.0923610     26.222    31.8500     1.3221     1.4140 -9.990e-29
       4959     26.472    11.9656   3.672842     1.0285     1.0971     0.0505  0.0920625     26.224    31.8454     1.3143     1.4074 -9.990e-29
       4960     26.474    11.9776   3.673475     1.0270     1.0953     0.0504  0.0917242     26.226    31.8413     1.3066     1.4006 -9.990e-29
       4961     26.476    11.9882   3.674019     1.0254     1.0935     0.0504  0.0913444     26.228    31.8375     1.2986     1.3939 -9.990e-29
       4962     26.478    11.9978   3.674484     1.0238     1.0917     0.0504  0.0909197     26.230    31.8338     1.2908     1.3875 -9.990e-29
       4963     26.480    12.0074   3.674899     1.0222     1.0899     0.0505  0.0904464     26.232    31.8296     1.2830     1.3812 -9.990e-29
       4964     26.482    12.0183   3.675341     1.0206     1.0881     0.0505  0.0899219     26.234    31.8245     1.2753     1.3751 -9.990e-29
       4965     26.483    12.0324   3.675928     1.0190     1.0862     0.0432  0.0893510     26.235    31.8181     1.2676     1.3689 -9.990e-29
       4966     26.485    12.0501   3.676763     1.0173     1.0844     0.0295  0.0887614     26.237    31.8111     1.2597     1.3630 -9.990e-29
       4967     26.486    12.0710   3.677894     1.0156     1.0825     0.0253  0.0881938     26.238    31.8042     1.2519     1.3571 -9.990e-29
       4968     26.487    12.0946   3.679311     1.0140     1.0806     0.0255  0.0876698     26.239    31.7977     1.2444     1.3513 -9.990e-29
       4969     26.488    12.1196   3.680955     1.0122     1.0787     0.0260  0.0871892     26.240    31.7922     1.2365     1.3457 -9.990e-29
       4970     26.489    12.1449   3.682754     1.0105     1.0769     0.0262  0.0867469     26.241    31.7880     1.2290     1.3406 -9.990e-29
       4971     26.490    12.1698   3.684648     1.0088     1.0750     0.0262  0.0863382     26.242    31.7850     1.2217     1.3355 -9.990e-29
       4972     26.491    12.1944   3.686612     1.0070     1.0731     0.0262  0.0859592     26.243    31.7829     1.2143     1.3307 -9.990e-29
       4973     26.492    12.2192   3.688649     1.0052     1.0712     0.0262  0.0856084     26.244    31.7814     1.2071     1.3261 -9.990e-29
       4974     26.493    12.2438   3.690750     1.0034     1.0693     0.0262  0.0852849     26.245    31.7807     1.2001     1.3218 -9.990e-29
       4975     26.493    12.2673   3.692878     1.0016     1.0674     0.0262  0.0849864     26.245    31.7811     1.1933     1.3178 -9.990e-29
       4976     26.493    12.2898   3.694989     0.9998     1.0656     0.0262  0.0847101     26.245    31.7822     1.1867     1.3144 -9.990e-29
       4977     26.494    12.3113   3.697066     0.9980     1.0637     0.0262  0.0844540     26.246    31.7838     1.1805     1.3110 -9.990e-29
       4978     26.494    12.3320   3.699103     0.9962     1.0619     0.0262  0.0842155     26.246    31.7858     1.1744     1.3082 -9.990e-29
       4979     26.494    12.3512   3.701059     0.9944     1.0601     0.0262  0.0839929     26.246    31.7882     1.1686     1.3057 -9.990e-29
       4980     26.494    12.3680   3.702870     0.9925     1.0582     0.0262  0.0837855     26.246    31.7912     1.1629     1.3032 -9.990e-29
       4981     26.494    12.3817   3.704472     0.9907     1.0565     0.0262  0.0835920     26.246    31.7949     1.1577     1.3016 -9.990e-29
       4982     26.494    12.3920   3.705834     0.9888     1.0547     0.0262  0.0834108     26.246    31.7992     1.1525     1.3001 -9.990e-29
       4983     26.494    12.3989   3.706944     0.9870     1.0529     0.0262  0.0832409     26.246    31.8040     1.1480     1.2990 -9.990e-29
       4984     26.494    12.4024   3.707805     0.9851     1.0512     0.0262  0.0830818     26.246    31.8092     1.1435     1.2984 -9.990e-29
       4985     26.494    12.4028   3.708428     0.9832     1.0495     0.0262  0.0829333     26.246    31.8148     1.1393     1.2981 -9.990e-29
       4986     26.494    12.4001   3.708830     0.9814     1.0479     0.0262  0.0827944     26.246    31.8209     1.1358     1.2984 -9.990e-29
       4987     26.494    12.3945   3.709028     0.9795     1.0463     0.0262  0.0826640     26.246    31.8276     1.1324     1.2990 -9.990e-29
       4988     26.494    12.3865   3.709045     0.9777     1.0447     0.0262  0.0825414     26.246    31.8345     1.1296     1.2999 -9.990e-29
       4989     26.494    12.3767   3.708908     0.9759     1.0432     0.0262  0.0824247     26.246    31.8415     1.1271     1.3013 -9.990e-29
       4990     26.494    12.3653   3.708649     0.9741     1.0417     0.0256  0.0823124     26.246    31.8487     1.1251     1.3028 -9.990e-29
       4991     26.493    12.3527   3.708293     0.9723     1.0403     0.0117  0.0822053     26.245    31.8560     1.1234     1.3049 -9.990e-29
       4992     26.493    12.3391   3.707857     0.9705     1.0389     0.0031  0.0821052     26.245    31.8634     1.1221     1.3071 -9.990e-29
       4993     26.493    12.3250   3.707357     0.9688     1.0376     0.0020  0.0820132     26.245    31.8706     1.1215     1.3098 -9.990e-29
       4994     26.492    12.3107   3.706805     0.9671     1.0364     0.0026  0.0819294     26.244    31.8775     1.1213     1.3128 -9.990e-29
       4995     26.492    12.2961   3.706203     0.9654     1.0352     0.0029  0.0818533     26.244    31.8841     1.1215     1.3159 -9.990e-29
       4996     26.492    12.2813   3.705551     0.9638     1.0341     0.0029  0.0817852     26.244    31.8905     1.3459     1.4430 -9.990e-29
       4997     26.491    12.2667   3.704852     0.9622     1.0331     0.0029  0.0817246     26.243    31.8962     1.3415     1.4408 -9.990e-29
       4998     26.491    12.2523   3.704119     0.9606     1.0321     0.0029  0.0816694     26.243    31.9015     1.3371     1.4386 -9.990e-29
       4999     26.491    12.2385   3.703369     0.9591     1.0312     0.0029  0.0816192     26.243    31.9060     1.3330     1.4367 -9.990e-29
       5000     26.490    12.2254   3.702617     0.9577     1.0304     0.0029  0.0815754     26.242    31.9100     1.3291     1.4350 -9.990e-29
