data/2021/ctd_data_day2/station9_ctm_fil.cnv
* Sea-Bird SBE 9 Data File:
* FileName = C:\Users\CTD-User\Desktop\MAR440\day2\station9.hex
* Software Version Seasave V 7.26.2.13
* Temperature SN = 6313
* Conductivity SN = 4758
* Number of Bytes Per Scan = 37
* Number of Voltage Words = 4
* Number of Scans Averaged by the Deck Unit = 1
* NMEA Latitude = 58 19.82 N
* NMEA Longitude = 011 51.84 E
* NMEA UTC (Time) = Sep 22 2021 11:46:38
* NMEA baud rate = 4800
** Ship: Skagerrak
** Station: station9
** Operator: group2blue
# nquan = 9
# nvalues = 3112                        
# units = specified
# name 0 = scan: Scan Count
# name 1 = prDM: Pressure, Digiquartz [db]
# name 2 = t090C: Temperature [ITS-90, deg C]
# name 3 = c0S/m: Conductivity [S/m]
# name 4 = sbeox0V: Oxygen raw, SBE 43 [V]
# name 5 = sbeox1V: Oxygen raw, SBE 43, 2 [V]
# name 6 = flECO-AFL: Fluorescence, WET Labs ECO-AFL/FL [mg/m^3]
# name 7 = upoly0: Upoly 0, Turbidity
# name 8 = flag:  0.000e+00
# span 0 =          1,       3112       
# span 1 =      0.996,     42.932       
# span 2 =     8.0101,    15.8831       
# span 3 =   2.904537,   3.481068       
# span 4 =     0.4759,     2.8033       
# span 5 =     0.5420,     2.6935       
# span 6 =     0.0035,     0.0145       
# span 7 =  0.0882158,  0.2142172       
# span 8 = 0.0000e+00, 0.0000e+00       
# interval = seconds: 0.0416667
# start_time = Sep 22 2021 11:46:38 [NMEA time, header]
# bad_flag = -9.990e-29
*END*
[from data line 2401]
       2402     31.184     8.6661   3.402823     0.4955     0.5639     0.0049  0.1128620 0.0000e+00
       2403     31.206     8.6665   3.402938     0.4954     0.5639     0.0055  0.1128664 0.0000e+00
       2404     31.227     8.6670   3.403053     0.4954     0.5638     0.0053  0.1128711 0.0000e+00
       2405     31.249     8.6675   3.403170     0.4953     0.5638     0.0049  0.1128761 0.0000e+00
       2406     31.271     8.6680   3.403287     0.4953     0.5637     0.0049  0.1128816 0.0000e+00
       2407     31.293     8.6685   3.403405     0.4952     0.5637     0.0049  0.1128875 0.0000e+00
       2408     31.315     8.6690   3.403523     0.4952     0.5636     0.0055  0.1128939 0.0000e+00
       2409     31.336     8.6695   3.403640     0.4951     0.5636     0.0049  0.1129009 0.0000e+00
       2410     31.358     8.6700   3.403756     0.4950     0.5635     0.0049  0.1129084 0.0000e+00
       2411     31.380     8.6704   3.403870     0.4950     0.5635     0.0053  0.1129166 0.0000e+00
       2412     31.402     8.6709   3.403982     0.4949     0.5634     0.0055  0.1129255 0.0000e+00
       2413     31.423     8.6714   3.404091     0.4949     0.5633     0.0055  0.1129359 0.0000e+00
       2414     31.445     8.6718   3.404198     0.4948     0.5633     0.0049  0.1129489 0.0000e+00
       2415     31.467     8.6723   3.404302     0.4947     0.5632     0.0049  0.1129637 0.0000e+00
       2416     31.489     8.6727   3.404404     0.4947     0.5632     0.0049  0.1129795 0.0000e+00
       2417     31.511     8.6731   3.404503     0.4946     0.5631     0.0049  0.1129964 0.0000e+00
       2418     31.533     8.6735   3.404599     0.4946     0.5630     0.0049  0.1130146 0.0000e+00
       2419     31.555     8.6739   3.404694     0.4945     0.5630     0.0049  0.1130342 0.0000e+00
       2420     31.577     8.6743   3.404786     0.4944     0.5629     0.0048  0.1130544 0.0000e+00
       2421     31.599     8.6746   3.404878     0.4944     0.5629     0.0048  0.1130737 0.0000e+00
       2422     31.621     8.6750   3.404967     0.4943     0.5628     0.0048  0.1130914 0.0000e+00
       2423     31.643     8.6753   3.405056     0.4943     0.5628     0.0048  0.1131085 0.0000e+00
       2424     31.665     8.6757   3.405145     0.4942     0.5628     0.0048  0.1131259 0.0000e+00
       2425     31.687     8.6761   3.405232     0.4941     0.5627     0.0048  0.1131429 0.0000e+00
       2426     31.709     8.6764   3.405320     0.4941     0.5627     0.0048  0.1131588 0.0000e+00
       2427     31.731     8.6768   3.405408     0.4940     0.5626     0.0048  0.1131745 0.0000e+00
       2428     31.753     8.6771   3.405496     0.4940     0.5626     0.0048  0.1131910 0.0000e+00
       2429     31.775     8.6775   3.405585     0.4939     0.5625     0.0048  0.1132084 0.0000e+00
       2430     31.797     8.6778   3.405675     0.4938     0.5625     0.0048  0.1132268 0.0000e+00
       2431     31.819     8.6782   3.405767     0.4938     0.5624     0.0048  0.1132455 0.0000e+00
       2432     31.841     8.6785   3.405860     0.4937     0.5624     0.0048  0.1132638 0.0000e+00
       2433     31.863     8.6789   3.405954     0.4937     0.5623     0.0048  0.1132819 0.0000e+00
       2434     31.886     8.6793   3.406052     0.4936     0.5623     0.0048  0.1132997 0.0000e+00
       2435     31.908     8.6797   3.406151     0.4935     0.5622     0.0048  0.1133175 0.0000e+00
       2436     31.930     8.6800   3.406253     0.4935     0.5622     0.0048  0.1133354 0.0000e+00
       2437     31.952     8.6804   3.406356     0.4934     0.5622     0.0048  0.1133535 0.0000e+00
       2438     31.974     8.6808   3.406460     0.4933     0.5621     0.0048  0.1133720 0.0000e+00
       2439     31.996     8.6812   3.406564     0.4933     0.5621     0.0048  0.1133909 0.0000e+00
       2440     32.018     8.6816   3.406669     0.4932     0.5620     0.0048  0.1134104 0.0000e+00
       2441     32.040     8.6820   3.406773     0.4931     0.5620     0.0048  0.1134306 0.0000e+00
       2442     32.063     8.6824   3.406876     0.4931     0.5619     0.0048  0.1134518 0.0000e+00
       2443     32.085     8.6827   3.406978     0.4930     0.5619     0.0048  0.1134739 0.0000e+00
       2444     32.107     8.6831   3.407079     0.4929     0.5619     0.0048  0.1134972 0.0000e+00
       2445     32.130     8.6834   3.407177     0.4929     0.5618     0.0048  0.1135210 0.0000e+00
       2446     32.152     8.6837   3.407273     0.4928     0.5618     0.0048  0.1135437 0.0000e+00
       2447     32.174     8.6840   3.407369     0.4927     0.5617     0.0048  0.1135647 0.0000e+00
       2448     32.197     8.6843   3.407464     0.4927     0.5617     0.0048  0.1135841 0.0000e+00
       2449     32.219     8.6846   3.407557     0.4926     0.5617     0.0048  0.1136021 0.0000e+00
       2450     32.241     8.6849   3.407649     0.4925     0.5616     0.0048  0.1136187 0.0000e+00
       2451     32.264     8.6852   3.407740     0.4925     0.5616     0.0048  0.1136341 0.0000e+00
       2452     32.286     8.6854   3.407830     0.4924     0.5615     0.0048  0.1136484 0.0000e+00
       2453     32.309     8.6857   3.407920     0.4924     0.5615     0.0048  0.1136617 0.0000e+00
       2454     32.331     8.6860   3.408009     0.4923     0.5615     0.0048  0.1136740 0.0000e+00
       2455     32.354     8.6862   3.408097     0.4923     0.5614     0.0048  0.1136855 0.0000e+00
       2456     32.376     8.6865   3.408184     0.4922     0.5614     0.0048  0.1136963 0.0000e+00
       2457     32.399     8.6868   3.408270     0.4921     0.5614     0.0048  0.1137064 0.0000e+00
       2458     32.421     8.6870   3.408356     0.4921     0.5613     0.0048  0.1137159 0.0000e+00
       2459     32.444     8.6873   3.408442     0.4920     0.5613     0.0048  0.1137249 0.0000e+00
       2460     32.467     8.6875   3.408526     0.4920     0.5613     0.0048  0.1137333 0.0000e+00
       2461     32.489     8.6878   3.408608     0.4919     0.5612     0.0048  0.1137414 0.0000e+00
       2462     32.512     8.6880   3.408689     0.4918     0.5612     0.0048  0.1137491 0.0000e+00
       2463     32.534     8.6883   3.408769     0.4918     0.5611     0.0048  0.1137564 0.0000e+00
       2464     32.557     8.6885   3.408847     0.4917     0.5611     0.0048  0.1137636 0.0000e+00
       2465     32.579     8.6888   3.408924     0.4917     0.5610     0.0048  0.1137705 0.0000e+00
       2466     32.602     8.6890   3.409000     0.4917     0.5610     0.0048  0.1137781 0.0000e+00
       2467     32.624     8.6892   3.409074     0.4916     0.5610     0.0048  0.1137872 0.0000e+00
       2468     32.647     8.6895   3.409146     0.4916     0.5609     0.0048  0.1137972 0.0000e+00
       2469     32.670     8.6897   3.409217     0.4915     0.5609     0.0048  0.1138072 0.0000e+00
       2470     32.692     8.6899   3.409287     0.4915     0.5609     0.0046  0.1138174 0.0000e+00
       2471     32.715     8.6901   3.409355     0.4914     0.5608     0.0044  0.1138276 0.0000e+00
       2472     32.738     8.6903   3.409421     0.4914     0.5608     0.0044  0.1138381 0.0000e+00
       2473     32.760     8.6905   3.409485     0.4913     0.5607     0.0044  0.1138489 0.0000e+00
       2474     32.783     8.6907   3.409548     0.4913     0.5607     0.0044  0.1138601 0.0000e+00
       2475     32.806     8.6909   3.409609     0.4912     0.5606     0.0044  0.1138718 0.0000e+00
       2476     32.828     8.6911   3.409670     0.4912     0.5606     0.0044  0.1138840 0.0000e+00
       2477     32.851     8.6913   3.409730     0.4911     0.5605     0.0044  0.1138969 0.0000e+00
       2478     32.874     8.6915   3.409788     0.4911     0.5605     0.0044  0.1139104 0.0000e+00
       2479     32.896     8.6917   3.409845     0.4911     0.5604     0.0044  0.1139248 0.0000e+00
       2480     32.919     8.6919   3.409900     0.4910     0.5604     0.0044  0.1139401 0.0000e+00
       2481     32.942     8.6921   3.409953     0.4910     0.5603     0.0044  0.1139563 0.0000e+00
       2482     32.965     8.6922   3.410005     0.4909     0.5603     0.0044  0.1139738 0.0000e+00
       2483     32.987     8.6924   3.410056     0.4909     0.5602     0.0044  0.1139925 0.0000e+00
       2484     33.010     8.6926   3.410106     0.4908     0.5602     0.0044  0.1140125 0.0000e+00
       2485     33.033     8.6928   3.410156     0.4908     0.5601     0.0044  0.1140341 0.0000e+00
       2486     33.055     8.6929   3.410204     0.4908     0.5600     0.0044  0.1140574 0.0000e+00
       2487     33.078     8.6931   3.410252     0.4907     0.5600     0.0044  0.1140824 0.0000e+00
       2488     33.100     8.6933   3.410298     0.4907     0.5599     0.0044  0.1141104 0.0000e+00
       2489     33.123     8.6934   3.410345     0.4906     0.5598     0.0044  0.1141422 0.0000e+00
       2490     33.146     8.6936   3.410391     0.4906     0.5598     0.0044  0.1141774 0.0000e+00
       2491     33.168     8.6938   3.410436     0.4906     0.5597     0.0044  0.1142152 0.0000e+00
       2492     33.191     8.6939   3.410482     0.4905     0.5596     0.0044  0.1142559 0.0000e+00
       2493     33.214     8.6941   3.410526     0.4905     0.5596     0.0044  0.1142998 0.0000e+00
       2494     33.236     8.6942   3.410570     0.4904     0.5595     0.0044  0.1143473 0.0000e+00
       2495     33.259     8.6944   3.410612     0.4904     0.5595     0.0044  0.1143977 0.0000e+00
       2496     33.282     8.6946   3.410654     0.4903     0.5594     0.0044  0.1144490 0.0000e+00
       2497     33.304     8.6947   3.410694     0.4903     0.5594     0.0044  0.1144980 0.0000e+00
       2498     33.326     8.6949   3.410734     0.4903     0.5593     0.0044  0.1145426 0.0000e+00
       2499     33.349     8.6950   3.410773     0.4902     0.5593     0.0044  0.1145822 0.0000e+00
       2500     33.372     8.6952   3.410812     0.4902     0.5592     0.0044  0.1146171 0.0000e+00
       2501     33.394     8.6953   3.410849     0.4901     0.5592     0.0044  0.1146475 0.0000e+00
       2502     33.417     8.6954   3.410886     0.4901     0.5591     0.0044  0.1146737 0.0000e+00
       2503     33.439     8.6956   3.410921     0.4900     0.5591     0.0044  0.1146958 0.0000e+00
       2504     33.462     8.6957   3.410955     0.4900     0.5591     0.0044  0.1147140 0.0000e+00
       2505     33.484     8.6958   3.410988     0.4899     0.5590     0.0044  0.1147293 0.0000e+00
       2506     33.507     8.6960   3.411020     0.4899     0.5590     0.0044  0.1147425 0.0000e+00
       2507     33.530     8.6961   3.411052     0.4898     0.5590     0.0044  0.1147530 0.0000e+00
       2508     33.552     8.6962   3.411083     0.4897     0.5589     0.0044  0.1147600 0.0000e+00
       2509     33.575     8.6964   3.411113     0.4897     0.5589     0.0044  0.1147644 0.0000e+00
       2510     33.597     8.6965   3.411142     0.4896     0.5589     0.0044  0.1147671 0.0000e+00
       2511     33.620     8.6966   3.411170     0.4896     0.5589     0.0044  0.1147671 0.0000e+00
       2512     33.642     8.6967   3.411197     0.4895     0.5588     0.0044  0.1147646 0.0000e+00
       2513     33.665     8.6968   3.411223     0.4895     0.5588     0.0044  0.1147604 0.0000e+00
       2514     33.687     8.6969   3.411248     0.4894     0.5588     0.0044  0.1147535 0.0000e+00
       2515     33.710     8.6971   3.411272     0.4894     0.5587     0.0044  0.1147431 0.0000e+00
       2516     33.732     8.6972   3.411297     0.4893     0.5587     0.0044  0.1147292 0.0000e+00
       2517     33.755     8.6973   3.411321     0.4892     0.5587     0.0044  0.1147115 0.0000e+00
       2518     33.777     8.6974   3.411345     0.4892     0.5586     0.0044  0.1146909 0.0000e+00
       2519     33.800     8.6975   3.411368     0.4891     0.5586     0.0044  0.1146680 0.0000e+00
       2520     33.822     8.6976   3.411391     0.4891     0.5586     0.0044  0.1146419 0.0000e+00
       2521     33.845     8.6977   3.411412     0.4890     0.5585     0.0042  0.1146132 0.0000e+00
       2522     33.867     8.6978   3.411433     0.4890     0.5585     0.0042  0.1145851 0.0000e+00
       2523     33.890     8.6979   3.411454     0.4890     0.5584     0.0042  0.1145591 0.0000e+00
       2524     33.912     8.6980   3.411475     0.4889     0.5584     0.0042  0.1145350 0.0000e+00
       2525     33.935     8.6981   3.411496     0.4889     0.5584     0.0042  0.1145127 0.0000e+00
       2526     33.957     8.6982   3.411518     0.4888     0.5583     0.0042  0.1144920 0.0000e+00
       2527     33.979     8.6983   3.411540     0.4888     0.5583     0.0042  0.1144727 0.0000e+00
       2528     34.002     8.6983   3.411563     0.4888     0.5582     0.0042  0.1144548 0.0000e+00
       2529     34.024     8.6984   3.411585     0.4887     0.5582     0.0042  0.1144380 0.0000e+00
       2530     34.047     8.6985   3.411607     0.4886     0.5581     0.0042  0.1144224 0.0000e+00
       2531     34.069     8.6986   3.411629     0.4886     0.5581     0.0042  0.1144077 0.0000e+00
       2532     34.091     8.6987   3.411651     0.4885     0.5580     0.0042  0.1143939 0.0000e+00
       2533     34.114     8.6988   3.411673     0.4885     0.5580     0.0042  0.1143809 0.0000e+00
       2534     34.136     8.6988   3.411694     0.4884     0.5580     0.0042  0.1143686 0.0000e+00
       2535     34.158     8.6989   3.411715     0.4884     0.5579     0.0042  0.1143569 0.0000e+00
       2536     34.181     8.6990   3.411737     0.4883     0.5579     0.0042  0.1143456 0.0000e+00
       2537     34.203     8.6991   3.411758     0.4883     0.5579     0.0042  0.1143349 0.0000e+00
       2538     34.225     8.6991   3.411779     0.4882     0.5578     0.0042  0.1143245 0.0000e+00
       2539     34.248     8.6992   3.411800     0.4882     0.5578     0.0042  0.1143144 0.0000e+00
       2540     34.270     8.6993   3.411821     0.4881     0.5577     0.0042  0.1143045 0.0000e+00
       2541     34.292     8.6993   3.411842     0.4881     0.5577     0.0042  0.1142948 0.0000e+00
       2542     34.315     8.6994   3.411863     0.4880     0.5577     0.0042  0.1142851 0.0000e+00
       2543     34.337     8.6995   3.411884     0.4880     0.5576     0.0042  0.1142755 0.0000e+00
       2544     34.359     8.6995   3.411906     0.4879     0.5576     0.0042  0.1142659 0.0000e+00
       2545     34.382     8.6996   3.411927     0.4879     0.5575     0.0042  0.1142569 0.0000e+00
       2546     34.404     8.6997   3.411949     0.4878     0.5575     0.0042  0.1142495 0.0000e+00
       2547     34.426     8.6997   3.411972     0.4878     0.5575     0.0042  0.1142436 0.0000e+00
       2548     34.448     8.6998   3.411995     0.4877     0.5574     0.0042  0.1142391 0.0000e+00
       2549     34.470     8.6999   3.412020     0.4877     0.5574     0.0042  0.1142360 0.0000e+00
       2550     34.492     8.6999   3.412044     0.4876     0.5573     0.0042  0.1142343 0.0000e+00
       2551     34.514     8.7000   3.412069     0.4876     0.5572     0.0042  0.1142331 0.0000e+00
       2552     34.536     8.7001   3.412094     0.4876     0.5572     0.0042  0.1142324 0.0000e+00
       2553     34.558     8.7001   3.412119     0.4875     0.5571     0.0042  0.1142331 0.0000e+00
       2554     34.580     8.7002   3.412144     0.4875     0.5571     0.0042  0.1142342 0.0000e+00
       2555     34.603     8.7003   3.412170     0.4874     0.5570     0.0042  0.1142351 0.0000e+00
       2556     34.625     8.7004   3.412197     0.4874     0.5569     0.0042  0.1142364 0.0000e+00
       2557     34.647     8.7004   3.412225     0.4874     0.5569     0.0042  0.1142392 0.0000e+00
       2558     34.669     8.7005   3.412255     0.4873     0.5568     0.0042  0.1142425 0.0000e+00
       2559     34.691     8.7006   3.412286     0.4873     0.5567     0.0042  0.1142455 0.0000e+00
       2560     34.713     8.7007   3.412319     0.4873     0.5567     0.0042  0.1142482 0.0000e+00
