data/2021/ctd_data_day2/station1_ctm_fil.cnv
* Sea-Bird SBE 9 Data File:
* FileName = C:\Users\CTD-User\Desktop\MAR440\day2\station1.hex
* Software Version Seasave V 7.26.2.13
* Temperature SN = 6313
* Conductivity SN = 4758
* Number of Bytes Per Scan = 37
* Number of Voltage Words = 4
* Number of Scans Averaged by the Deck Unit = 1
* NMEA Latitude = 58 20.54 N
* NMEA Longitude = 011 54.21 E
* NMEA UTC (Time) = Sep 22 2021 08:39:44
* NMEA baud rate = 4800
** Ship: Skagerak
** Station: 1
** Operator: JD
# nquan = 9
# nvalues = 2892                        
# units = specified
# name 0 = scan: Scan Count
# name 1 = prDM: Pressure, Digiquartz [db]
# name 2 = t090C: Temperature [ITS-90, deg C]
# name 3 = c0S/m: Conductivity [S/m]
# name 4 = sbeox0V: Oxygen raw, SBE 43 [V]
# name 5 = sbeox1V: Oxygen raw, SBE 43, 2 [V]
# name 6 = flECO-AFL: Fluorescence, WET Labs ECO-AFL/FL [mg/m^3]
# name 7 = upoly0: Upoly 0, Turbidity
# name 8 = flag:  0.000e+00
# span 0 =          1,       2892       
# span 1 =      0.662,     14.120       
# span 2 =    12.5087,    16.0451       
# span 3 =   2.902689,   3.378989       
# span 4 =     1.6507,     2.8491       
# span 5 =     1.6122,     2.7286       
# span 6 =     0.0046,     0.0064       
# span 7 =  0.0929525,  0.1908770       
# span 8 = 0.0000e+00, 0.0000e+00       
# interval = seconds: 0.0416667
# start_time = Sep 22 2021 08:39:44 [NMEA time, header]
# bad_flag = -9.990e-29
*END*
[from data line 641]
        642      1.676    15.1296   2.942280     2.7652     2.6761     0.0049  0.1759667 0.0000e+00
        643      1.678    15.1294   2.942252     2.7654     2.6763     0.0049  0.1760983 0.0000e+00
        644      1.679    15.1293   2.942222     2.7656     2.6766     0.0049  0.1762150 0.0000e+00
        645      1.681    15.1292   2.942192     2.7657     2.6768     0.0049  0.1763173 0.0000e+00
        646      1.683    15.1291   2.942164     2.7659     2.6770     0.0049  0.1764062 0.0000e+00
        647      1.685    15.1290   2.942140     2.7661     2.6772     0.0051  0.1764821 0.0000e+00
        648      1.687    15.1290   2.942118     2.7662     2.6774     0.0049  0.1765456 0.0000e+00
        649      1.690    15.1289   2.942098     2.7664     2.6776     0.0049  0.1765972 0.0000e+00
        650      1.693    15.1289   2.942078     2.7666     2.6778     0.0049  0.1766372 0.0000e+00
        651      1.696    15.1288   2.942061     2.7667     2.6780     0.0049  0.1766659 0.0000e+00
        652      1.699    15.1288   2.942050     2.7669     2.6782     0.0049  0.1766835 0.0000e+00
        653      1.703    15.1289   2.942048     2.7671     2.6784     0.0049  0.1766901 0.0000e+00
        654      1.708    15.1290   2.942057     2.7673     2.6785     0.0049  0.1766858 0.0000e+00
        655      1.713    15.1293   2.942078     2.7675     2.6787     0.0049  0.1766722 0.0000e+00
        656      1.718    15.1296   2.942114     2.7676     2.6789     0.0051  0.1766543 0.0000e+00
        657      1.723    15.1300   2.942164     2.7678     2.6791     0.0051  0.1766371 0.0000e+00
        658      1.729    15.1305   2.942227     2.7680     2.6793     0.0051  0.1766222 0.0000e+00
        659      1.735    15.1311   2.942305     2.7682     2.6794     0.0051  0.1766095 0.0000e+00
        660      1.741    15.1316   2.942393     2.7684     2.6796     0.0051  0.1765989 0.0000e+00
        661      1.748    15.1322   2.942487     2.7685     2.6797     0.0051  0.1765903 0.0000e+00
        662      1.755    15.1327   2.942585     2.7687     2.6799     0.0051  0.1765845 0.0000e+00
        663      1.762    15.1333   2.942686     2.7689     2.6800     0.0051  0.1765823 0.0000e+00
        664      1.770    15.1339   2.942792     2.7691     2.6801     0.0051  0.1765829 0.0000e+00
        665      1.778    15.1345   2.942904     2.7693     2.6802     0.0051  0.1765854 0.0000e+00
        666      1.786    15.1352   2.943023     2.7695     2.6803     0.0051  0.1765898 0.0000e+00
        667      1.795    15.1359   2.943151     2.7697     2.6804     0.0053  0.1765962 0.0000e+00
        668      1.804    15.1366   2.943288     2.7699     2.6805     0.0051  0.1766045 0.0000e+00
        669      1.812    15.1374   2.943434     2.7701     2.6806     0.0051  0.1766150 0.0000e+00
        670      1.820    15.1382   2.943587     2.7703     2.6807     0.0051  0.1766275 0.0000e+00
        671      1.829    15.1390   2.943748     2.7705     2.6808     0.0049  0.1766423 0.0000e+00
        672      1.837    15.1399   2.943915     2.7707     2.6809     0.0051  0.1766602 0.0000e+00
        673      1.845    15.1407   2.944090     2.7709     2.6810     0.0051  0.1766823 0.0000e+00
        674      1.853    15.1415   2.944270     2.7711     2.6811     0.0051  0.1767078 0.0000e+00
        675      1.861    15.1423   2.944455     2.7713     2.6811     0.0051  0.1767361 0.0000e+00
        676      1.869    15.1431   2.944643     2.7716     2.6812     0.0051  0.1767674 0.0000e+00
        677      1.876    15.1439   2.944833     2.7718     2.6813     0.0051  0.1768018 0.0000e+00
        678      1.883    15.1447   2.945026     2.7720     2.6814     0.0051  0.1768397 0.0000e+00
        679      1.890    15.1455   2.945220     2.7722     2.6814     0.0051  0.1768813 0.0000e+00
        680      1.897    15.1464   2.945416     2.7724     2.6815     0.0053  0.1769260 0.0000e+00
        681      1.903    15.1472   2.945610     2.7726     2.6816     0.0055  0.1769707 0.0000e+00
        682      1.910    15.1479   2.945799     2.7728     2.6817     0.0055  0.1770116 0.0000e+00
        683      1.915    15.1485   2.945973     2.7730     2.6817     0.0055  0.1770472 0.0000e+00
        684      1.921    15.1490   2.946129     2.7732     2.6818     0.0055  0.1770777 0.0000e+00
        685      1.927    15.1494   2.946262     2.7734     2.6819     0.0055  0.1771033 0.0000e+00
        686      1.932    15.1498   2.946376     2.7736     2.6820     0.0055  0.1771243 0.0000e+00
        687      1.937    15.1501   2.946473     2.7737     2.6821     0.0055  0.1771408 0.0000e+00
        688      1.942    15.1504   2.946559     2.7739     2.6822     0.0055  0.1771529 0.0000e+00
        689      1.946    15.1507   2.946639     2.7741     2.6822     0.0055  0.1771606 0.0000e+00
        690      1.950    15.1510   2.946717     2.7743     2.6823     0.0055  0.1771641 0.0000e+00
        691      1.954    15.1514   2.946795     2.7744     2.6824     0.0055  0.1771625 0.0000e+00
        692      1.957    15.1517   2.946875     2.7746     2.6825     0.0055  0.1771549 0.0000e+00
        693      1.961    15.1520   2.946956     2.7748     2.6826     0.0055  0.1771422 0.0000e+00
        694      1.963    15.1523   2.947037     2.7749     2.6827     0.0055  0.1771251 0.0000e+00
        695      1.966    15.1526   2.947117     2.7751     2.6827     0.0055  0.1771034 0.0000e+00
        696      1.969    15.1529   2.947194     2.7752     2.6828     0.0055  0.1770771 0.0000e+00
        697      1.972    15.1532   2.947267     2.7754     2.6829     0.0055  0.1770460 0.0000e+00
        698      1.974    15.1534   2.947338     2.7755     2.6830     0.0055  0.1770098 0.0000e+00
        699      1.977    15.1537   2.947405     2.7757     2.6831     0.0055  0.1769683 0.0000e+00
        700      1.979    15.1539   2.947469     2.7758     2.6832     0.0055  0.1769211 0.0000e+00
        701      1.980    15.1540   2.947528     2.7760     2.6833     0.0055  0.1768680 0.0000e+00
        702      1.982    15.1542   2.947580     2.7761     2.6834     0.0055  0.1768087 0.0000e+00
        703      1.984    15.1543   2.947623     2.7762     2.6835     0.0055  0.1767426 0.0000e+00
        704      1.985    15.1544   2.947659     2.7764     2.6836     0.0055  0.1766693 0.0000e+00
        705      1.987    15.1544   2.947687     2.7765     2.6837     0.0055  0.1765884 0.0000e+00
        706      1.988    15.1544   2.947709     2.7766     2.6837     0.0053  0.1765009 0.0000e+00
        707      1.990    15.1544   2.947726     2.7768     2.6838     0.0051  0.1764113 0.0000e+00
        708      1.991    15.1543   2.947738     2.7769     2.6839     0.0051  0.1763242 0.0000e+00
        709      1.992    15.1543   2.947749     2.7770     2.6840     0.0051  0.1762405 0.0000e+00
        710      1.993    15.1542   2.947758     2.7771     2.6840     0.0051  0.1761598 0.0000e+00
        711      1.994    15.1542   2.947766     2.7772     2.6841     0.0051  0.1760814 0.0000e+00
        712      1.995    15.1541   2.947775     2.7773     2.6842     0.0051  0.1760049 0.0000e+00
        713      1.996    15.1541   2.947783     2.7774     2.6842     0.0051  0.1759296 0.0000e+00
        714      1.997    15.1540   2.947792     2.7775     2.6843     0.0051  0.1758551 0.0000e+00
        715      1.998    15.1540   2.947803     2.7776     2.6843     0.0051  0.1757808 0.0000e+00
        716      1.998    15.1540   2.947815     2.7777     2.6843     0.0051  0.1757063 0.0000e+00
        717      1.999    15.1539   2.947830     2.7778     2.6844     0.0051  0.1756310 0.0000e+00
        718      2.000    15.1539   2.947846     2.7779     2.6844     0.0051  0.1755543 0.0000e+00
        719      2.001    15.1539   2.947863     2.7780     2.6844     0.0051  0.1754758 0.0000e+00
        720      2.002    15.1539   2.947881     2.7781     2.6844     0.0051  0.1753949 0.0000e+00
        721      2.003    15.1539   2.947899     2.7782     2.6845     0.0051  0.1753110 0.0000e+00
        722      2.004    15.1540   2.947917     2.7783     2.6845     0.0051  0.1752236 0.0000e+00
        723      2.005    15.1540   2.947931     2.7783     2.6845     0.0051  0.1751321 0.0000e+00
        724      2.006    15.1541   2.947942     2.7784     2.6845     0.0051  0.1750357 0.0000e+00
        725      2.007    15.1541   2.947948     2.7785     2.6845     0.0051  0.1749331 0.0000e+00
        726      2.008    15.1541   2.947947     2.7785     2.6845     0.0051  0.1748225 0.0000e+00
        727      2.009    15.1541   2.947940     2.7786     2.6845     0.0051  0.1747042 0.0000e+00
        728      2.010    15.1540   2.947926     2.7787     2.6845     0.0051  0.1745781 0.0000e+00
        729      2.012    15.1539   2.947907     2.7787     2.6845     0.0051  0.1744434 0.0000e+00
        730      2.013    15.1538   2.947882     2.7788     2.6845     0.0051  0.1742991 0.0000e+00
        731      2.014    15.1536   2.947851     2.7788     2.6845     0.0051  0.1741467 0.0000e+00
        732      2.016    15.1534   2.947816     2.7788     2.6845     0.0049  0.1739946 0.0000e+00
        733      2.017    15.1532   2.947777     2.7789     2.6845     0.0049  0.1738536 0.0000e+00
        734      2.019    15.1530   2.947734     2.7789     2.6845     0.0049  0.1737286 0.0000e+00
        735      2.020    15.1528   2.947686     2.7789     2.6845     0.0049  0.1736197 0.0000e+00
        736      2.021    15.1525   2.947632     2.7789     2.6845     0.0049  0.1735260 0.0000e+00
        737      2.022    15.1523   2.947572     2.7789     2.6845     0.0049  0.1734469 0.0000e+00
        738      2.023    15.1520   2.947506     2.7790     2.6845     0.0049  0.1733820 0.0000e+00
        739      2.024    15.1518   2.947434     2.7790     2.6845     0.0049  0.1733306 0.0000e+00
        740      2.025    15.1514   2.947356     2.7790     2.6845     0.0049  0.1732924 0.0000e+00
        741      2.026    15.1511   2.947270     2.7790     2.6845     0.0049  0.1732673 0.0000e+00
        742      2.027    15.1508   2.947177     2.7790     2.6845     0.0049  0.1732550 0.0000e+00
        743      2.028    15.1504   2.947076     2.7790     2.6845     0.0049  0.1732554 0.0000e+00
        744      2.029    15.1499   2.946967     2.7790     2.6845     0.0049  0.1732686 0.0000e+00
        745      2.029    15.1494   2.946848     2.7790     2.6845     0.0049  0.1732945 0.0000e+00
        746      2.030    15.1489   2.946720     2.7790     2.6845     0.0049  0.1733335 0.0000e+00
        747      2.030    15.1483   2.946583     2.7789     2.6845     0.0049  0.1733858 0.0000e+00
        748      2.031    15.1476   2.946435     2.7789     2.6845     0.0049  0.1734517 0.0000e+00
        749      2.032    15.1469   2.946278     2.7789     2.6845     0.0049  0.1735317 0.0000e+00
        750      2.032    15.1462   2.946110     2.7789     2.6845     0.0049  0.1736263 0.0000e+00
        751      2.032    15.1454   2.945934     2.7788     2.6845     0.0049  0.1737363 0.0000e+00
        752      2.033    15.1446   2.945749     2.7788     2.6846     0.0049  0.1738623 0.0000e+00
        753      2.033    15.1438   2.945559     2.7787     2.6846     0.0049  0.1740053 0.0000e+00
        754      2.034    15.1430   2.945368     2.7787     2.6846     0.0049  0.1741663 0.0000e+00
        755      2.034    15.1422   2.945180     2.7786     2.6846     0.0049  0.1743463 0.0000e+00
        756      2.034    15.1415   2.944997     2.7786     2.6847     0.0049  0.1745467 0.0000e+00
        757      2.035    15.1409   2.944822     2.7786     2.6847     0.0049  0.1747611 0.0000e+00
        758      2.035    15.1403   2.944657     2.7785     2.6847     0.0049  0.1749707 0.0000e+00
        759      2.036    15.1397   2.944502     2.7785     2.6847     0.0049  0.1751582 0.0000e+00
        760      2.036    15.1393   2.944358     2.7784     2.6847     0.0049  0.1753191 0.0000e+00
        761      2.037    15.1389   2.944225     2.7784     2.6848     0.0049  0.1754552 0.0000e+00
        762      2.038    15.1385   2.944100     2.7783     2.6848     0.0049  0.1755684 0.0000e+00
        763      2.038    15.1381   2.943982     2.7783     2.6848     0.0049  0.1756595 0.0000e+00
        764      2.039    15.1378   2.943868     2.7783     2.6848     0.0049  0.1757291 0.0000e+00
        765      2.039    15.1374   2.943756     2.7783     2.6848     0.0049  0.1757776 0.0000e+00
        766      2.040    15.1370   2.943643     2.7782     2.6849     0.0049  0.1758054 0.0000e+00
        767      2.041    15.1366   2.943531     2.7782     2.6849     0.0049  0.1758128 0.0000e+00
        768      2.041    15.1362   2.943420     2.7782     2.6849     0.0049  0.1757997 0.0000e+00
        769      2.042    15.1357   2.943310     2.7782     2.6849     0.0049  0.1757661 0.0000e+00
        770      2.043    15.1353   2.943203     2.7782     2.6849     0.0049  0.1757118 0.0000e+00
        771      2.043    15.1349   2.943098     2.7782     2.6849     0.0049  0.1756363 0.0000e+00
        772      2.044    15.1345   2.942996     2.7782     2.6849     0.0049  0.1755391 0.0000e+00
        773      2.044    15.1341   2.942897     2.7782     2.6849     0.0049  0.1754196 0.0000e+00
        774      2.045    15.1338   2.942803     2.7782     2.6849     0.0049  0.1752769 0.0000e+00
        775      2.045    15.1334   2.942714     2.7782     2.6849     0.0049  0.1751100 0.0000e+00
        776      2.045    15.1331   2.942630     2.7782     2.6849     0.0049  0.1749178 0.0000e+00
        777      2.046    15.1328   2.942553     2.7782     2.6850     0.0049  0.1746990 0.0000e+00
        778      2.046    15.1325   2.942483     2.7782     2.6850     0.0049  0.1744519 0.0000e+00
        779      2.046    15.1322   2.942420     2.7782     2.6850     0.0049  0.1741750 0.0000e+00
        780      2.046    15.1319   2.942363     2.7782     2.6850     0.0049  0.1738662 0.0000e+00
        781      2.046    15.1316   2.942314     2.7782     2.6850     0.0049  0.1735234 0.0000e+00
        782      2.046    15.1314   2.942272     2.7782     2.6850     0.0049  0.1731503 0.0000e+00
        783      2.046    15.1311   2.942236     2.7782     2.6850     0.0048  0.1727670 0.0000e+00
        784      2.046    15.1309   2.942207     2.7782     2.6850     0.0048  0.1724033 0.0000e+00
        785      2.045    15.1307   2.942182     2.7782     2.6850     0.0048  0.1720752 0.0000e+00
        786      2.045    15.1305   2.942163     2.7782     2.6850     0.0048  0.1717831 0.0000e+00
        787      2.045    15.1303   2.942148     2.7783     2.6850     0.0049  0.1715233 0.0000e+00
        788      2.045    15.1301   2.942137     2.7783     2.6850     0.0048  0.1712929 0.0000e+00
        789      2.044    15.1300   2.942129     2.7783     2.6850     0.0048  0.1710906 0.0000e+00
        790      2.044    15.1298   2.942125     2.7783     2.6850     0.0048  0.1709148 0.0000e+00
        791      2.044    15.1296   2.942123     2.7783     2.6850     0.0048  0.1707652 0.0000e+00
        792      2.043    15.1295   2.942121     2.7783     2.6850     0.0048  0.1706416 0.0000e+00
        793      2.043    15.1293   2.942118     2.7783     2.6850     0.0048  0.1705431 0.0000e+00
        794      2.043    15.1291   2.942112     2.7784     2.6850     0.0048  0.1704682 0.0000e+00
        795      2.042    15.1289   2.942102     2.7784     2.6850     0.0048  0.1704155 0.0000e+00
        796      2.042    15.1288   2.942090     2.7784     2.6850     0.0048  0.1703855 0.0000e+00
        797      2.042    15.1286   2.942075     2.7784     2.6850     0.0048  0.1703789 0.0000e+00
        798      2.041    15.1284   2.942059     2.7784     2.6851     0.0048  0.1703956 0.0000e+00
        799      2.041    15.1282   2.942039     2.7785     2.6851     0.0048  0.1704356 0.0000e+00
        800      2.040    15.1280   2.942016     2.7785     2.6851     0.0048  0.1704986 0.0000e+00
