data/2021/ctd_data_day2/station4_ctm_fil_le_der.cnv
* Sea-Bird SBE 9 Data File:
* FileName = C:\Users\CTD-User\Desktop\MAR440\day2\station4.hex
* Software Version Seasave V 7.26.2.13
* Temperature SN = 6313
* Conductivity SN = 4758
* Number of Bytes Per Scan = 37
* Number of Voltage Words = 4
* Number of Scans Averaged by the Deck Unit = 1
* NMEA Latitude = 58 19.41 N
* NMEA Longitude = 011 50.05 E
* NMEA UTC (Time) = Sep 22 2021 10:00:00
* NMEA baud rate = 4800
** Ship: Skagerrak
** Station: station4
** Operator: group2green
# nquan = 13                                
# nvalues = 2885                        
# units = specified
# name 0 = scan: Scan Count
# name 1 = prDM: Pressure, Digiquartz [db]
# name 2 = t090C: Temperature [ITS-90, deg C]
# name 3 = c0S/m: Conductivity [S/m]
# name 4 = sbeox0V: Oxygen raw, SBE 43 [V]
# name 5 = sbeox1V: Oxygen raw, SBE 43, 2 [V]
# name 6 = flECO-AFL: Fluorescence, WET Labs ECO-AFL/FL [mg/m^3]
# name 7 = upoly0: Upoly 0, Turbidity
# name 8 = depSM: Depth [salt water, m], lat = 58.3235
# name 9 = sal00: Salinity, Practical [PSU]
# name 10 = sbeox0ML/L: Oxygen, SBE 43 [ml/l], WS = 2
# name 11 = sbeox1ML/L: Oxygen, SBE 43, 2 [ml/l], WS = 2
# name 12 = flag: flag
# span 0 =          1,       2885       
# span 1 =      1.014,     14.941       
# span 2 =    13.2524,    16.0381       
# span 3 =   2.889518,   3.419945       
# span 4 =     1.5512,     2.8831       
# span 5 =     1.5676,     2.8305       
# span 6 =     0.0040,     0.0060       
# span 7 =  0.0914191,  0.1845063       
# span 8 =      1.005,     14.802       
# span 9 =    22.7524,    28.4258       
# span 10 =     2.8448,     7.1064      
# span 11 =     2.6133,     6.0742      
# span 12 = 0.0000e+00, 0.0000e+00      
# interval = seconds: 0.0416667
# start_time = Sep 22 2021 10:00:00 [NMEA time, header]
# bad_flag = -9.990e-29
*END*
[from data line 556]
        557      6.555    15.3871   3.000175     2.6587     2.6090     0.0046  0.1239583      6.494    23.2906     6.6353     5.6084 -9.990e-29
        558      6.536    15.3923   3.001016     2.6611     2.6108     0.0046  0.1242217      6.475    23.2947     6.6350     5.6052 -9.990e-29
        559      6.518    15.3974   3.001830     2.6634     2.6125     0.0046  0.1244905      6.457    23.2987     6.6344     5.6019 -9.990e-29
        560      6.499    15.4022   3.002616     2.6657     2.6142     0.0046  0.1247674      6.439    23.3026     6.6338     5.5987 -9.990e-29
        561      6.481    15.4069   3.003369     2.6679     2.6159     0.0046  0.1250536      6.421    23.3063     6.6328     5.5956 -9.990e-29
        562      6.462    15.4113   3.004086     2.6702     2.6174     0.0046  0.1253510      6.402    23.3098     6.6321     5.5922 -9.990e-29
        563      6.444    15.4155   3.004764     2.6723     2.6189     0.0046  0.1256626      6.384    23.3131     6.6308     5.5888 -9.990e-29
        564      6.425    15.4194   3.005404     2.6744     2.6204     0.0046  0.1259879      6.365    23.3163     6.6295     5.5857 -9.990e-29
        565      6.407    15.4232   3.006008     2.6764     2.6218     0.0046  0.1263191      6.347    23.3192     6.6279     5.5823 -9.990e-29
        566      6.388    15.4268   3.006579     2.6784     2.6231     0.0046  0.1266422      6.329    23.3220     6.6262     5.5788 -9.990e-29
        567      6.370    15.4302   3.007118     2.6804     2.6244     0.0046  0.1269486      6.311    23.3246     6.6244     5.5754 -9.990e-29
        568      6.352    15.4334   3.007619     2.6823     2.6256     0.0046  0.1272378      6.293    23.3270     6.6224     5.5719 -9.990e-29
        569      6.333    15.4362   3.008079     2.6841     2.6267     0.0046  0.1275126      6.274    23.3293     6.6201     5.5683 -9.990e-29
        570      6.314    15.4388   3.008491     2.6859     2.6278     0.0046  0.1277766      6.255    23.3313     6.6177     5.5647 -9.990e-29
        571      6.296    15.4409   3.008851     2.6876     2.6289     0.0046  0.1280327      6.237    23.3331     6.6151     5.5614 -9.990e-29
        572      6.277    15.4428   3.009157     2.6893     2.6299     0.0046  0.1282824      6.219    23.3346     6.6124     5.5579 -9.990e-29
        573      6.259    15.4442   3.009406     2.6909     2.6308     0.0046  0.1285276      6.201    23.3359     6.6095     5.5543 -9.990e-29
        574      6.240    15.4454   3.009601     2.6924     2.6317     0.0046  0.1287692      6.182    23.3369     6.6064     5.5508 -9.990e-29
        575      6.222    15.4462   3.009748     2.6939     2.6325     0.0046  0.1290079      6.164    23.3377     6.6032     5.5471 -9.990e-29
        576      6.203    15.4469   3.009861     2.6954     2.6333     0.0046  0.1292462      6.145    23.3382     6.6000     5.5436 -9.990e-29
        577      6.185    15.4476   3.009960     2.6967     2.6340     0.0046  0.1294859      6.127    23.3387     6.5962     5.5399 -9.990e-29
        578      6.167    15.4484   3.010068     2.6980     2.6346     0.0046  0.1297269      6.110    23.3391     6.5924     5.5360 -9.990e-29
        579      6.148    15.4494   3.010204     2.6993     2.6352     0.0046  0.1299708      6.091    23.3397     6.5886     5.5321 -9.990e-29
        580      6.130    15.4507   3.010384     2.7004     2.6358     0.0046  0.1302211      6.073    23.3405     6.5841     5.5283 -9.990e-29
        581      6.111    15.4523   3.010613     2.7016     2.6363     0.0046  0.1304803      6.054    23.3415     6.5799     5.5243 -9.990e-29
        582      6.093    15.4541   3.010895     2.7026     2.6368     0.0046  0.1307495      6.036    23.3428     6.5751     5.5204 -9.990e-29
        583      6.074    15.4564   3.011237     2.7036     2.6372     0.0046  0.1310296      6.017    23.3444     6.5702     5.5162 -9.990e-29
        584      6.056    15.4590   3.011638     2.7045     2.6376     0.0046  0.1313226      6.000    23.3463     6.5650     5.5120 -9.990e-29
        585      6.037    15.4619   3.012096     2.7053     2.6379     0.0046  0.1316296      5.981    23.3485     6.5595     5.5077 -9.990e-29
        586      6.018    15.4650   3.012600     2.7061     2.6382     0.0046  0.1319528      5.962    23.3510     6.5540     5.5034 -9.990e-29
        587      5.999    15.4683   3.013137     2.7068     2.6384     0.0046  0.1322954      5.943    23.3536     6.5483     5.4989 -9.990e-29
        588      5.981    15.4716   3.013685     2.7075     2.6386     0.0046  0.1326588      5.925    23.3564     6.5426     5.4946 -9.990e-29
        589      5.962    15.4748   3.014225     2.7081     2.6387     0.0046  0.1330446      5.907    23.3591     6.5368     5.4901 -9.990e-29
        590      5.943    15.4777   3.014739     2.7086     2.6388     0.0048  0.1334489      5.888    23.3618     6.5308     5.4858 -9.990e-29
        591      5.925    15.4805   3.015216     2.7091     2.6388     0.0048  0.1338541      5.870    23.3642     6.5249     5.4813 -9.990e-29
        592      5.906    15.4829   3.015647     2.7095     2.6388     0.0048  0.1342407      5.851    23.3665     6.5190     5.4771 -9.990e-29
        593      5.888    15.4849   3.016023     2.7099     2.6388     0.0048  0.1346023      5.833    23.3685     6.5132     5.4730 -9.990e-29
        594      5.869    15.4865   3.016340     2.7102     2.6387     0.0048  0.1349414      5.814    23.3703     6.5074     5.4688 -9.990e-29
        595      5.850    15.4878   3.016593     2.7105     2.6386     0.0048  0.1352610      5.796    23.3717     6.5018     5.4648 -9.990e-29
        596      5.832    15.4887   3.016786     2.7107     2.6385     0.0048  0.1355635      5.778    23.3728     6.4961     5.4610 -9.990e-29
        597      5.813    15.4893   3.016922     2.7109     2.6383     0.0048  0.1358510      5.759    23.3736     6.4906     5.4571 -9.990e-29
        598      5.795    15.4895   3.017009     2.7110     2.6381     0.0048  0.1361254      5.741    23.3742     6.4850     5.4535 -9.990e-29
        599      5.776    15.4895   3.017050     2.7111     2.6378     0.0048  0.1363887      5.722    23.3746     6.4797     5.4497 -9.990e-29
        600      5.757    15.4892   3.017048     2.7111     2.6375     0.0048  0.1366427      5.703    23.3748     6.4743     5.4461 -9.990e-29
        601      5.738    15.4887   3.017004     2.7111     2.6372     0.0048  0.1368892      5.685    23.3747     6.4691     5.4428 -9.990e-29
        602      5.720    15.4879   3.016922     2.7110     2.6369     0.0048  0.1371299      5.667    23.3745     6.4638     5.4396 -9.990e-29
        603      5.701    15.4870   3.016807     2.7109     2.6365     0.0048  0.1373664      5.648    23.3740     6.4587     5.4363 -9.990e-29
        604      5.682    15.4859   3.016660     2.7108     2.6361     0.0048  0.1376004      5.629    23.3734     6.4539     5.4331 -9.990e-29
        605      5.664    15.4846   3.016483     2.7106     2.6357     0.0048  0.1378335      5.611    23.3727     6.4490     5.4302 -9.990e-29
        606      5.645    15.4831   3.016278     2.7104     2.6353     0.0048  0.1380683      5.592    23.3718     6.4443     5.4274 -9.990e-29
        607      5.626    15.4815   3.016044     2.7102     2.6348     0.0048  0.1383071      5.574    23.3708     6.4398     5.4246 -9.990e-29
        608      5.607    15.4797   3.015785     2.7099     2.6343     0.0048  0.1385509      5.555    23.3696     6.4352     5.4219 -9.990e-29
        609      5.588    15.4778   3.015506     2.7096     2.6338     0.0048  0.1388003      5.536    23.3684     6.4308     5.4194 -9.990e-29
        610      5.570    15.4758   3.015210     2.7093     2.6333     0.0048  0.1390573      5.518    23.3670     6.4266     5.4170 -9.990e-29
        611      5.551    15.4737   3.014901     2.7089     2.6328     0.0048  0.1393235      5.499    23.3656     6.4223     5.4148 -9.990e-29
        612      5.532    15.4716   3.014580     2.7085     2.6323     0.0048  0.1396009      5.481    23.3641     6.4181     5.4128 -9.990e-29
        613      5.513    15.4694   3.014247     2.7081     2.6318     0.0048  0.1398913      5.462    23.3626     6.4142     5.4109 -9.990e-29
        614      5.494    15.4672   3.013902     2.7077     2.6313     0.0048  0.1401967      5.443    23.3610     6.4104     5.4091 -9.990e-29
        615      5.476    15.4649   3.013547     2.7073     2.6308     0.0048  0.1405177      5.425    23.3593     6.4068     5.4075 -9.990e-29
        616      5.457    15.4625   3.013182     2.7069     2.6302     0.0046  0.1408470      5.406    23.3576     6.4033     5.4057 -9.990e-29
        617      5.438    15.4601   3.012809     2.7064     2.6297     0.0044  0.1411709      5.387    23.3558     6.3997     5.4044 -9.990e-29
        618      5.419    15.4578   3.012431     2.7060     2.6292     0.0044  0.1414805      5.369    23.3540     6.3965     5.4031 -9.990e-29
        619      5.400    15.4554   3.012052     2.7055     2.6287     0.0044  0.1417754      5.350    23.3522     6.3932     5.4019 -9.990e-29
        620      5.381    15.4531   3.011676     2.7050     2.6281     0.0044  0.1420578      5.331    23.3503     6.3901     5.4006 -9.990e-29
        621      5.362    15.4508   3.011304     2.7045     2.6276     0.0044  0.1423296      5.312    23.3485     6.3871     5.3997 -9.990e-29
        622      5.343    15.4485   3.010938     2.7040     2.6271     0.0044  0.1425926      5.293    23.3467     6.3842     5.3989 -9.990e-29
        623      5.324    15.4462   3.010572     2.7035     2.6266     0.0044  0.1428486      5.274    23.3450     6.3814     5.3982 -9.990e-29
        624      5.305    15.4439   3.010203     2.7029     2.6261     0.0044  0.1430996      5.256    23.3432     6.3785     5.3975 -9.990e-29
        625      5.286    15.4416   3.009828     2.7024     2.6257     0.0044  0.1433472      5.237    23.3413     6.3759     5.3972 -9.990e-29
        626      5.267    15.4392   3.009442     2.7018     2.6252     0.0044  0.1435931      5.218    23.3395     6.3732     5.3967 -9.990e-29
        627      5.248    15.4366   3.009038     2.7013     2.6247     0.0044  0.1438399      5.199    23.3375     6.3710     5.3963 -9.990e-29
        628      5.229    15.4339   3.008612     2.7007     2.6243     0.0044  0.1440902      5.180    23.3355     6.3685     5.3963 -9.990e-29
        629      5.210    15.4310   3.008161     2.7001     2.6238     0.0044  0.1443448      5.162    23.3334     6.3662     5.3961 -9.990e-29
        630      5.191    15.4280   3.007686     2.6995     2.6234     0.0044  0.1446047      5.143    23.3311     6.3640     5.3962 -9.990e-29
        631      5.173    15.4249   3.007192     2.6989     2.6229     0.0044  0.1448717      5.125    23.3287     6.3620     5.3962 -9.990e-29
        632      5.154    15.4218   3.006687     2.6983     2.6225     0.0044  0.1451476      5.106    23.3262     6.3601     5.3964 -9.990e-29
        633      5.135    15.4186   3.006179     2.6977     2.6221     0.0044  0.1454344      5.087    23.3238     6.3582     5.3967 -9.990e-29
        634      5.116    15.4155   3.005678     2.6971     2.6217     0.0044  0.1457341      5.068    23.3213     6.3565     5.3970 -9.990e-29
        635      5.097    15.4125   3.005189     2.6964     2.6213     0.0044  0.1460487      5.050    23.3189     6.3545     5.3973 -9.990e-29
        636      5.078    15.4097   3.004716     2.6958     2.6209     0.0044  0.1463804      5.031    23.3165     6.3529     5.3977 -9.990e-29
        637      5.059    15.4069   3.004262     2.6952     2.6206     0.0044  0.1467316      5.012    23.3143     6.3514     5.3984 -9.990e-29
        638      5.040    15.4043   3.003825     2.6946     2.6202     0.0044  0.1471046      4.993    23.3121     6.3500     5.3988 -9.990e-29
        639      5.021    15.4017   3.003402     2.6940     2.6198     0.0044  0.1475022      4.974    23.3100     6.3486     5.3993 -9.990e-29
        640      5.002    15.3992   3.002990     2.6934     2.6195     0.0044  0.1479270      4.955    23.3080     6.3474     5.4000 -9.990e-29
        641      4.983    15.3968   3.002587     2.6927     2.6192     0.0046  0.1483734      4.937    23.3060     6.3460     5.4007 -9.990e-29
        642      4.964    15.3943   3.002190     2.6921     2.6188     0.0046  0.1488192      4.918    23.3040     6.3450     5.4012 -9.990e-29
        643      4.945    15.3919   3.001795     2.6915     2.6185     0.0046  0.1492403      4.899    23.3021     6.3441     5.4020 -9.990e-29
        644      4.926    15.3895   3.001401     2.6909     2.6183     0.0046  0.1496285      4.880    23.3001     6.3432     5.4031 -9.990e-29
        645      4.907    15.3871   3.001004     2.6903     2.6180     0.0046  0.1499865      4.861    23.2982     6.3425     5.4039 -9.990e-29
        646      4.888    15.3846   3.000606     2.6897     2.6177     0.0046  0.1503177      4.843    23.2962     6.3419     5.4048 -9.990e-29
        647      4.869    15.3821   3.000206     2.6891     2.6175     0.0046  0.1506244      4.824    23.2943     6.3414     5.4059 -9.990e-29
        648      4.850    15.3797   2.999808     2.6885     2.6172     0.0046  0.1509086      4.805    23.2923     6.3410     5.4068 -9.990e-29
        649      4.831    15.3773   2.999417     2.6878     2.6170     0.0046  0.1511734      4.786    23.2904     6.3404     5.4080 -9.990e-29
        650      4.812    15.3749   2.999037     2.6872     2.6168     0.0046  0.1514212      4.767    23.2886     6.3402     5.4092 -9.990e-29
        651      4.793    15.3726   2.998665     2.6867     2.6166     0.0046  0.1516531      4.748    23.2867     6.3404     5.4103 -9.990e-29
        652      4.774    15.3703   2.998300     2.6861     2.6164     0.0046  0.1518706      4.730    23.2850     6.3404     5.4115 -9.990e-29
        653      4.755    15.3681   2.997939     2.6855     2.6162     0.0046  0.1520760      4.711    23.2832     6.3404     5.4127 -9.990e-29
        654      4.736    15.3658   2.997580     2.6850     2.6160     0.0046  0.1522709      4.692    23.2815     6.3409     5.4139 -9.990e-29
        655      4.717    15.3636   2.997219     2.6845     2.6159     0.0046  0.1524566      4.673    23.2797     6.3414     5.4154 -9.990e-29
        656      4.698    15.3613   2.996856     2.6840     2.6157     0.0046  0.1526334      4.654    23.2779     6.3421     5.4166 -9.990e-29
        657      4.679    15.3589   2.996488     2.6835     2.6156     0.0046  0.1528018      4.635    23.2762     6.3428     5.4181 -9.990e-29
        658      4.660    15.3566   2.996114     2.6830     2.6155     0.0046  0.1529630      4.617    23.2744     6.3436     5.4196 -9.990e-29
        659      4.641    15.3541   2.995729     2.6825     2.6154     0.0046  0.1531181      4.598    23.2726     6.3445     5.4211 -9.990e-29
        660      4.622    15.3515   2.995329     2.6821     2.6154     0.0046  0.1532681      4.579    23.2707     6.3457     5.4229 -9.990e-29
        661      4.603    15.3487   2.994909     2.6817     2.6153     0.0046  0.1534142      4.560    23.2687     6.3470     5.4244 -9.990e-29
        662      4.585    15.3458   2.994466     2.6813     2.6153     0.0046  0.1535573      4.542    23.2667     6.3484     5.4263 -9.990e-29
        663      4.566    15.3427   2.994002     2.6810     2.6153     0.0046  0.1536992      4.524    23.2645     6.3502     5.4281 -9.990e-29
        664      4.547    15.3395   2.993514     2.6806     2.6153     0.0046  0.1538418      4.505    23.2622     6.3518     5.4299 -9.990e-29
        665      4.528    15.3360   2.993000     2.6803     2.6153     0.0046  0.1539861      4.486    23.2599     6.3537     5.4318 -9.990e-29
        666      4.509    15.3324   2.992457     2.6800     2.6153     0.0046  0.1541332      4.467    23.2574     6.3557     5.4337 -9.990e-29
