data/2021/ctd_data_day2/station10_ctm.cnv
* Sea-Bird SBE 9 Data File:
* FileName = C:\Users\CTD-User\Desktop\MAR440\day2\station10.hex
* Software Version Seasave V 7.26.2.13
* Temperature SN = 6313
* Conductivity SN = 4758
* Number of Bytes Per Scan = 37
* Number of Voltage Words = 4
* Number of Scans Averaged by the Deck Unit = 1
* NMEA Latitude = 58 20.25 N
* NMEA Longitude = 011 53.24 E
* NMEA UTC (Time) = Sep 22 2021 12:19:36
* NMEA baud rate = 4800
** Ship: Skagerrak
** Station: station10
** Operator: group2green
# nquan = 9
# nvalues = 2945                        
# units = specified
# name 0 = scan: Scan Count
# name 1 = prDM: Pressure, Digiquartz [db]
# name 2 = t090C: Temperature [ITS-90, deg C]
# name 3 = c0S/m: Conductivity [S/m]
# name 4 = sbeox0V: Oxygen raw, SBE 43 [V]
# name 5 = sbeox1V: Oxygen raw, SBE 43, 2 [V]
# name 6 = flECO-AFL: Fluorescence, WET Labs ECO-AFL/FL [mg/m^3]
# name 7 = upoly0: Upoly 0, Turbidity
# name 8 = flag:  0.000e+00
# span 0 =          1,       2945       
# span 1 =      1.368,     39.769       
# span 2 =     7.4919,    15.8877       
# span 3 =   2.825176,   3.473254       
# span 4 =     0.4784,     2.9182       
# span 5 =     0.5505,     2.8645       
# span 6 =     0.0033,     0.0148       
# span 7 =  0.0879084,  0.2275910       
# span 8 = 0.0000e+00, 0.0000e+00       
# interval = seconds: 0.0416667
# start_time = Sep 22 2021 12:19:36 [NMEA time, header]
# bad_flag = -9.990e-29
*END*
[from data line 161]
        162     10.112    15.5286   2.860081     2.0269     2.2650     0.0048  0.1294225 0.0000e+00
        163     10.211    15.5300   2.860127     2.0269     2.2637     0.0048  0.1294225 0.0000e+00
        164     10.169    15.5314   2.860086     2.0269     2.2637     0.0048  0.1294225 0.0000e+00
        165     10.169    15.5327   2.860067     2.0269     2.2625     0.0048  0.1289341 0.0000e+00
        166     10.169    15.5341   2.860081     2.0269     2.2613     0.0048  0.1294225 0.0000e+00
        167     10.153    15.5358   2.859987     2.0269     2.2613     0.0048  0.1299109 0.0000e+00
        168     10.169    15.5372   2.860033     2.0269     2.2601     0.0046  0.1323529 0.0000e+00
        169     10.169    15.5387   2.860074     2.0269     2.2601     0.0046  0.1333297 0.0000e+00
        170     10.153    15.5404   2.860013     2.0269     2.2588     0.0046  0.1333297 0.0000e+00
        171     10.235    15.5423   2.860198     2.0256     2.2588     0.0046  0.1333297 0.0000e+00
        172     10.169    15.5436   2.860140     2.0256     2.2576     0.0046  0.1333297 0.0000e+00
        173     10.112    15.5463   2.860187     2.0269     2.2576     0.0046  0.1333297 0.0000e+00
        174     10.211    15.5513   2.860306     2.0256     2.2564     0.0046  0.1333297 0.0000e+00
        175     10.169    15.5566   2.860199     2.0256     2.2564     0.0046  0.1333297 0.0000e+00
        176     10.169    15.5611   2.860203     2.0256     2.2552     0.0046  0.1333297 0.0000e+00
        177     10.153    15.5639   2.860260     2.0256     2.2552     0.0046  0.1333297 0.0000e+00
        178     10.169    15.5651   2.860273     2.0256     2.2540     0.0046  0.1333297 0.0000e+00
        179     10.169    15.5652   2.860183     2.0256     2.2527     0.0046  0.1333297 0.0000e+00
        180     10.211    15.5646   2.860266     2.0256     2.2527     0.0046  0.1333297 0.0000e+00
        181     10.169    15.5639   2.860255     2.0256     2.2515     0.0046  0.1333297 0.0000e+00
        182     10.169    15.5630   2.860210     2.0256     2.2515     0.0046  0.1333297 0.0000e+00
        183     10.112    15.5625   2.860211     2.0256     2.2503     0.0046  0.1333297 0.0000e+00
        184     10.211    15.5618   2.860212     2.0244     2.2503     0.0046  0.1333297 0.0000e+00
        185     10.169    15.5613   2.860202     2.0244     2.2491     0.0046  0.1333297 0.0000e+00
        186     10.169    15.5605   2.860229     2.0244     2.2491     0.0046  0.1328413 0.0000e+00
        187     10.153    15.5598   2.860273     2.0244     2.2479     0.0046  0.1333297 0.0000e+00
        188     10.169    15.5585   2.860210     2.0244     2.2479     0.0046  0.1333297 0.0000e+00
        189     10.169    15.5566   2.860217     2.0244     2.2466     0.0046  0.1333297 0.0000e+00
        190     10.153    15.5548   2.860280     2.0244     2.2466     0.0046  0.1333297 0.0000e+00
        191     10.169    15.5533   2.860223     2.0244     2.2454     0.0046  0.1333297 0.0000e+00
        192     10.169    15.5518   2.860253     2.0232     2.2454     0.0046  0.1333297 0.0000e+00
        193     10.169    15.5505   2.860219     2.0232     2.2442     0.0044  0.1318645 0.0000e+00
        194     10.211    15.5493   2.860212     2.0232     2.2442     0.0046  0.1303993 0.0000e+00
        195     10.169    15.5486   2.860268     2.0232     2.2442     0.0046  0.1299109 0.0000e+00
        196     10.169    15.5478   2.860318     2.0232     2.2430     0.0046  0.1299109 0.0000e+00
        197     10.153    15.5472   2.860324     2.0220     2.2430     0.0046  0.1303993 0.0000e+00
        198     10.169    15.5467   2.860331     2.0220     2.2418     0.0046  0.1303993 0.0000e+00
        199     10.169    15.5460   2.860250     2.0220     2.2405     0.0046  0.1303993 0.0000e+00
        200     10.153    15.5455   2.860198     2.0220     2.2405     0.0046  0.1303993 0.0000e+00
        201     10.169    15.5451   2.860217     2.0220     2.2393     0.0046  0.1299109 0.0000e+00
        202     10.169    15.5450   2.860226     2.0220     2.2393     0.0046  0.1303993 0.0000e+00
        203     10.169    15.5446   2.860196     2.0220     2.2393     0.0046  0.1299109 0.0000e+00
        204     10.153    15.5446   2.860265     2.0220     2.2381     0.0046  0.1303993 0.0000e+00
        205     10.169    15.5445   2.860263     2.0208     2.2381     0.0046  0.1303993 0.0000e+00
        206     10.169    15.5441   2.860228     2.0208     2.2369     0.0046  0.1303993 0.0000e+00
        207     10.153    15.5443   2.860255     2.0208     2.2369     0.0046  0.1303993 0.0000e+00
        208     10.169    15.5441   2.860199     2.0195     2.2369     0.0046  0.1303993 0.0000e+00
        209     10.169    15.5443   2.860193     2.0208     2.2356     0.0046  0.1303993 0.0000e+00
        210     10.169    15.5441   2.860234     2.0195     2.2344     0.0046  0.1303993 0.0000e+00
        211     10.210    15.5446   2.860203     2.0195     2.2344     0.0046  0.1303993 0.0000e+00
        212     10.169    15.5446   2.860245     2.0183     2.2332     0.0046  0.1303993 0.0000e+00
        213     10.112    15.5448   2.860239     2.0195     2.2332     0.0046  0.1303993 0.0000e+00
        214     10.210    15.5450   2.860326     2.0183     2.2332     0.0046  0.1303993 0.0000e+00
        215     10.112    15.5449   2.860292     2.0183     2.2308     0.0046  0.1303993 0.0000e+00
        216     10.169    15.5451   2.860351     2.0183     2.2320     0.0046  0.1299109 0.0000e+00
        217     10.210    15.5453   2.860352     2.0171     2.2308     0.0046  0.1303993 0.0000e+00
        218     10.169    15.5453   2.860421     2.0183     2.2308     0.0048  0.1352833 0.0000e+00
        219     10.169    15.5453   2.860442     2.0183     2.2295     0.0053  0.1562845 0.0000e+00
        220     10.169    15.5453   2.860355     2.0171     2.2295     0.0057  0.1645873 0.0000e+00
        221     10.153    15.5455   2.860360     2.0171     2.2283     0.0057  0.1650757 0.0000e+00
        222     10.169    15.5453   2.860325     2.0171     2.2283     0.0057  0.1640989 0.0000e+00
        223     10.112    15.5457   2.860289     2.0171     2.2271     0.0055  0.1636105 0.0000e+00
        224     10.210    15.5457   2.860233     2.0159     2.2271     0.0057  0.1636105 0.0000e+00
        225     10.169    15.5457   2.860254     2.0159     2.2259     0.0057  0.1636105 0.0000e+00
        226     10.169    15.5457   2.860324     2.0159     2.2259     0.0057  0.1640989 0.0000e+00
        227     10.153    15.5463   2.860299     2.0159     2.2247     0.0055  0.1636105 0.0000e+00
        228     10.169    15.5482   2.860349     2.0159     2.2247     0.0057  0.1636105 0.0000e+00
        229     10.111    15.5521   2.860434     2.0147     2.2247     0.0057  0.1636105 0.0000e+00
        230     10.235    15.5560   2.860482     2.0147     2.2234     0.0057  0.1636105 0.0000e+00
        231     10.153    15.5603   2.860503     2.0147     2.2234     0.0057  0.1636105 0.0000e+00
        232     10.169    15.5634   2.860508     2.0147     2.2222     0.0057  0.1636105 0.0000e+00
        233     10.111    15.5657   2.860468     2.0134     2.2222     0.0055  0.1636105 0.0000e+00
        234     10.210    15.5673   2.860539     2.0134     2.2222     0.0057  0.1636105 0.0000e+00
        235     10.169    15.5688   2.860500     2.0134     2.2210     0.0057  0.1636105 0.0000e+00
        236     10.111    15.5706   2.860544     2.0134     2.2210     0.0057  0.1636105 0.0000e+00
        237     10.153    15.5729   2.860569     2.0122     2.2198     0.0057  0.1640989 0.0000e+00
        238     10.169    15.5754   2.860588     2.0122     2.2210     0.0057  0.1636105 0.0000e+00
        239     10.169    15.5774   2.860601     2.0122     2.2198     0.0057  0.1640989 0.0000e+00
        240     10.169    15.5796   2.860581     2.0122     2.2173     0.0057  0.1636105 0.0000e+00
        241     10.153    15.5808   2.860635     2.0110     2.2186     0.0055  0.1640989 0.0000e+00
        242     10.169    15.5821   2.860551     2.0110     2.2186     0.0057  0.1636105 0.0000e+00
        243     10.169    15.5833   2.860534     2.0110     2.2173     0.0057  0.1636105 0.0000e+00
        244     10.153    15.5844   2.860542     2.0110     2.2161     0.0059  0.1704481 0.0000e+00
        245     10.169    15.5854   2.860539     2.0110     2.2161     0.0060  0.1772857 0.0000e+00
        246     10.169    15.5863   2.860516     2.0098     2.2161     0.0060  0.1782625 0.0000e+00
        247     10.169    15.5869   2.860588     2.0098     2.2149     0.0060  0.1782625 0.0000e+00
        248     10.153    15.5874   2.860626     2.0085     2.2149     0.0060  0.1777741 0.0000e+00
        249     10.169    15.5876   2.860551     2.0085     2.2137     0.0060  0.1782625 0.0000e+00
        250     10.169    15.5878   2.860638     2.0085     2.2137     0.0060  0.1782625 0.0000e+00
        251     10.153    15.5878   2.860609     2.0085     2.2137     0.0060  0.1782625 0.0000e+00
        252     10.169    15.5882   2.860589     2.0073     2.2124     0.0060  0.1777741 0.0000e+00
        253     10.169    15.5885   2.860600     2.0085     2.2112     0.0060  0.1782625 0.0000e+00
        254     10.153    15.5889   2.860721     2.0073     2.2112     0.0060  0.1777741 0.0000e+00
        255     10.169    15.5893   2.860619     2.0061     2.2112     0.0060  0.1777741 0.0000e+00
        256     10.111    15.5898   2.860631     2.0061     2.2112     0.0060  0.1777741 0.0000e+00
        257     10.169    15.5895   2.860760     2.0061     2.2100     0.0060  0.1782625 0.0000e+00
        258     10.210    15.5893   2.860775     2.0061     2.2100     0.0060  0.1782625 0.0000e+00
        259     10.111    15.5879   2.860737     2.0049     2.2088     0.0060  0.1782625 0.0000e+00
        260     10.169    15.5861   2.860718     2.0049     2.2088     0.0060  0.1782625 0.0000e+00
        261     10.153    15.5841   2.860743     2.0049     2.2088     0.0059  0.1777741 0.0000e+00
        262     10.169    15.5820   2.860663     2.0049     2.2076     0.0060  0.1777741 0.0000e+00
        263     10.169    15.5799   2.860660     2.0037     2.2063     0.0060  0.1777741 0.0000e+00
        264     10.152    15.5761   2.860673     2.0037     2.2063     0.0060  0.1777741 0.0000e+00
        265     10.169    15.5695   2.860653     2.0037     2.2063     0.0060  0.1782625 0.0000e+00
        266     10.169    15.5605   2.860695     2.0037     2.2063     0.0060  0.1782625 0.0000e+00
        267     10.169    15.5515   2.860638     2.0037     2.2051     0.0060  0.1777741 0.0000e+00
        268     10.152    15.5427   2.860605     2.0024     2.2051     0.0060  0.1777741 0.0000e+00
        269     10.169    15.5356   2.860485     2.0024     2.2051     0.0060  0.1772857 0.0000e+00
        270     10.111    15.5294   2.860440     2.0024     2.2039     0.0059  0.1738669 0.0000e+00
        271     10.210    15.5248   2.860462     2.0012     2.2039     0.0059  0.1728901 0.0000e+00
        272     10.169    15.5212   2.860416     2.0012     2.2027     0.0059  0.1728901 0.0000e+00
        273     10.111    15.5181   2.860389     2.0012     2.2027     0.0059  0.1728901 0.0000e+00
        274     10.169    15.5159   2.860376     2.0000     2.2027     0.0059  0.1728901 0.0000e+00
        275     10.152    15.5144   2.860383     2.0000     2.2015     0.0059  0.1728901 0.0000e+00
        276     10.169    15.5130   2.860346     2.0000     2.2015     0.0059  0.1728901 0.0000e+00
        277     10.169    15.5119   2.860382     2.0000     2.2015     0.0059  0.1728901 0.0000e+00
        278     10.152    15.5113   2.860414     1.9988     2.2002     0.0059  0.1728901 0.0000e+00
        279     10.169    15.5117   2.860439     1.9988     2.2002     0.0059  0.1728901 0.0000e+00
        280     10.111    15.5130   2.860429     1.9976     2.1990     0.0059  0.1728901 0.0000e+00
        281     10.152    15.5151   2.860471     1.9976     2.1990     0.0057  0.1728901 0.0000e+00
        282     10.235    15.5161   2.860362     1.9988     2.1990     0.0059  0.1728901 0.0000e+00
        283     10.111    15.5168   2.860438     1.9976     2.1978     0.0059  0.1728901 0.0000e+00
        284     10.169    15.5175   2.860480     1.9976     2.1978     0.0059  0.1728901 0.0000e+00
        285     10.152    15.5162   2.860449     1.9963     2.1966     0.0059  0.1728901 0.0000e+00
        286     10.169    15.5120   2.860402     1.9963     2.1954     0.0059  0.1728901 0.0000e+00
        287     10.169    15.5051   2.860486     1.9963     2.1954     0.0059  0.1728901 0.0000e+00
        288     10.152    15.4986   2.860518     1.9951     2.1941     0.0059  0.1728901 0.0000e+00
        289     10.169    15.4940   2.860523     1.9951     2.1941     0.0059  0.1728901 0.0000e+00
        290     10.169    15.4914   2.860499     1.9951     2.1941     0.0059  0.1728901 0.0000e+00
        291     10.152    15.4908   2.860488     1.9951     2.1929     0.0059  0.1728901 0.0000e+00
        292     10.169    15.4897   2.860519     1.9939     2.1929     0.0059  0.1728901 0.0000e+00
        293     10.111    15.4860   2.860474     1.9939     2.1917     0.0059  0.1728901 0.0000e+00
        294     10.169    15.4798   2.860436     1.9939     2.1917     0.0059  0.1728901 0.0000e+00
        295     10.152    15.4731   2.860385     1.9927     2.1905     0.0057  0.1675177 0.0000e+00
        296     10.169    15.4669   2.860468     1.9927     2.1905     0.0055  0.1616569 0.0000e+00
        297     10.169    15.4621   2.860468     1.9927     2.1892     0.0053  0.1606801 0.0000e+00
        298     10.152    15.4579   2.860444     1.9927     2.1892     0.0055  0.1606801 0.0000e+00
        299     10.169    15.4553   2.860470     1.9927     2.1880     0.0055  0.1606801 0.0000e+00
        300     10.111    15.4536   2.860395     1.9927     2.1880     0.0055  0.1611685 0.0000e+00
        301     10.210    15.4530   2.860527     1.9927     2.1880     0.0055  0.1611685 0.0000e+00
        302     10.111    15.4535   2.860477     1.9927     2.1868     0.0053  0.1611685 0.0000e+00
        303     10.168    15.4538   2.860482     1.9902     2.1856     0.0055  0.1611685 0.0000e+00
        304     10.168    15.4545   2.860476     1.9890     2.1844     0.0055  0.1611685 0.0000e+00
        305     10.152    15.4554   2.860429     1.9890     2.1844     0.0055  0.1611685 0.0000e+00
        306     10.168    15.4564   2.860561     1.9890     2.1844     0.0055  0.1611685 0.0000e+00
        307     10.168    15.4562   2.860624     1.9890     2.1831     0.0055  0.1611685 0.0000e+00
        308     10.152    15.4565   2.860590     1.9878     2.1819     0.0055  0.1611685 0.0000e+00
        309     10.168    15.4565   2.860555     1.9878     2.1819     0.0055  0.1611685 0.0000e+00
        310     10.111    15.4569   2.860527     1.9878     2.1807     0.0055  0.1611685 0.0000e+00
        311     10.168    15.4570   2.860476     1.9866     2.1807     0.0055  0.1611685 0.0000e+00
        312     10.152    15.4572   2.860464     1.9866     2.1795     0.0055  0.1611685 0.0000e+00
        313     10.168    15.4567   2.860542     1.9866     2.1783     0.0055  0.1606801 0.0000e+00
        314     10.168    15.4567   2.860566     1.9866     2.1783     0.0055  0.1611685 0.0000e+00
        315     10.152    15.4565   2.860563     1.9853     2.1783     0.0055  0.1611685 0.0000e+00
        316     10.168    15.4569   2.860645     1.9853     2.1770     0.0055  0.1611685 0.0000e+00
        317     10.111    15.4569   2.860648     1.9853     2.1758     0.0055  0.1606801 0.0000e+00
        318     10.210    15.4567   2.860574     1.9853     2.1758     0.0055  0.1611685 0.0000e+00
        319     10.111    15.4567   2.860556     1.9841     2.1746     0.0055  0.1611685 0.0000e+00
        320     10.168    15.4564   2.860634     1.9841     2.1734     0.0055  0.1587265 0.0000e+00
