data/2021/ctd_data_day2/station2_ctm.cnv
* Sea-Bird SBE 9 Data File:
* FileName = C:\Users\CTD-User\Desktop\MAR440\day2\station2.hex
* Software Version Seasave V 7.26.2.13
* Temperature SN = 6313
* Conductivity SN = 4758
* Number of Bytes Per Scan = 37
* Number of Voltage Words = 4
* Number of Scans Averaged by the Deck Unit = 1
* NMEA Latitude = 58 19.95 N
* NMEA Longitude = 011 52.33 E
* NMEA UTC (Time) = Sep 22 2021 09:05:25
* NMEA baud rate = 4800
** Ship: Skagerrak
** Station: station2
** Operator: group2blue
# nquan = 9
# nvalues = 8194                        
# units = specified
# name 0 = scan: Scan Count
# name 1 = prDM: Pressure, Digiquartz [db]
# name 2 = t090C: Temperature [ITS-90, deg C]
# name 3 = c0S/m: Conductivity [S/m]
# name 4 = sbeox0V: Oxygen raw, SBE 43 [V]
# name 5 = sbeox1V: Oxygen raw, SBE 43, 2 [V]
# name 6 = flECO-AFL: Fluorescence, WET Labs ECO-AFL/FL [mg/m^3]
# name 7 = upoly0: Upoly 0, Turbidity
# name 8 = flag:  0.000e+00
# span 0 =          1,       8194       
# span 1 =      0.414,     46.105       
# span 2 =     7.9715,    16.1947       
# span 3 =   2.596168,   3.481354       
# span 4 =     0.4613,     4.2576       
# span 5 =     0.5151,     4.2186       
# span 6 =     0.0035,     0.0209       
# span 7 =  0.0879084,  0.3184335       
# span 8 = 0.0000e+00, 0.0000e+00       
# interval = seconds: 0.0416667
# start_time = Sep 22 2021 09:05:25 [NMEA time, header]
# bad_flag = -9.990e-29
*END*
[from data line 7521]
       7522     45.935     8.6768   3.412322     0.4637     0.5187     0.0040  0.1177009 0.0000e+00
       7523     45.877     8.6770   3.412241     0.4625     0.5187     0.0040  0.1177009 0.0000e+00
       7524     45.935     8.6766   3.412140     0.4625     0.5187     0.0040  0.1177009 0.0000e+00
       7525     45.935     8.6764   3.411976     0.4637     0.5187     0.0040  0.1177009 0.0000e+00
       7526     45.935     8.6763   3.411953     0.4662     0.5187     0.0040  0.1177009 0.0000e+00
       7527     45.935     8.6761   3.411940     0.4637     0.5187     0.0040  0.1177009 0.0000e+00
       7528     45.877     8.6762   3.412017     0.4637     0.5187     0.0040  0.1177009 0.0000e+00
       7529     45.935     8.6761   3.411934     0.4625     0.5187     0.0040  0.1177009 0.0000e+00
       7530     45.935     8.6759   3.412057     0.4662     0.5187     0.0040  0.1177009 0.0000e+00
       7531     45.935     8.6761   3.412132     0.4637     0.5187     0.0040  0.1177009 0.0000e+00
       7532     45.877     8.6763   3.412232     0.4637     0.5187     0.0040  0.1177009 0.0000e+00
       7533     45.935     8.6765   3.412292     0.4625     0.5187     0.0040  0.1177009 0.0000e+00
       7534     45.877     8.6768   3.412234     0.4637     0.5187     0.0040  0.1172125 0.0000e+00
       7535     45.935     8.6767   3.412141     0.4662     0.5187     0.0040  0.1177009 0.0000e+00
       7536     45.935     8.6770   3.412049     0.4637     0.5199     0.0040  0.1177009 0.0000e+00
       7537     45.877     8.6768   3.411978     0.4637     0.5187     0.0040  0.1177009 0.0000e+00
       7538     45.934     8.6764   3.411964     0.4625     0.5187     0.0040  0.1177009 0.0000e+00
       7539     45.877     8.6765   3.411942     0.4637     0.5187     0.0040  0.1177009 0.0000e+00
       7540     45.934     8.6765   3.412082     0.4637     0.5187     0.0040  0.1177009 0.0000e+00
       7541     45.934     8.6768   3.412048     0.4637     0.5187     0.0040  0.1177009 0.0000e+00
       7542     45.877     8.6770   3.412072     0.4637     0.5187     0.0040  0.1177009 0.0000e+00
       7543     45.934     8.6769   3.412176     0.4625     0.5187     0.0040  0.1177009 0.0000e+00
       7544     45.877     8.6761   3.412365     0.4637     0.5187     0.0040  0.1177009 0.0000e+00
       7545     45.934     8.6746   3.412553     0.4637     0.5187     0.0040  0.1177009 0.0000e+00
       7546     45.876     8.6738   3.412596     0.4625     0.5187     0.0040  0.1177009 0.0000e+00
       7547     45.934     8.6734   3.412734     0.4625     0.5187     0.0038  0.1177009 0.0000e+00
       7548     45.876     8.6733   3.412758     0.4625     0.5187     0.0038  0.1177009 0.0000e+00
       7549     45.934     8.6736   3.412700     0.4637     0.5187     0.0038  0.1177009 0.0000e+00
       7550     45.876     8.6740   3.412597     0.4637     0.5187     0.0038  0.1177009 0.0000e+00
       7551     45.934     8.6741   3.412545     0.4637     0.5187     0.0040  0.1177009 0.0000e+00
       7552     45.876     8.6743   3.412540     0.4625     0.5187     0.0040  0.1177009 0.0000e+00
       7553     45.876     8.6755   3.412656     0.4637     0.5187     0.0038  0.1177009 0.0000e+00
       7554     45.934     8.6763   3.412770     0.4662     0.5187     0.0038  0.1177009 0.0000e+00
       7555     45.876     8.6763   3.412828     0.4637     0.5187     0.0038  0.1177009 0.0000e+00
       7556     45.934     8.6764   3.412781     0.4637     0.5187     0.0038  0.1177009 0.0000e+00
       7557     45.876     8.6768   3.412765     0.4625     0.5187     0.0040  0.1177009 0.0000e+00
       7558     45.876     8.6762   3.412640     0.4637     0.5187     0.0040  0.1177009 0.0000e+00
       7559     45.934     8.6753   3.412649     0.4637     0.5187     0.0038  0.1177009 0.0000e+00
       7560     45.876     8.6748   3.412641     0.4637     0.5187     0.0038  0.1177009 0.0000e+00
       7561     45.934     8.6749   3.412606     0.4625     0.5187     0.0038  0.1177009 0.0000e+00
       7562     45.876     8.6755   3.412673     0.4625     0.5187     0.0038  0.1177009 0.0000e+00
       7563     45.876     8.6762   3.412675     0.4637     0.5187     0.0038  0.1177009 0.0000e+00
       7564     45.934     8.6760   3.412687     0.4637     0.5187     0.0040  0.1177009 0.0000e+00
       7565     45.876     8.6752   3.412812     0.4637     0.5187     0.0040  0.1177009 0.0000e+00
       7566     45.934     8.6744   3.412821     0.4625     0.5187     0.0038  0.1177009 0.0000e+00
       7567     45.876     8.6745   3.412885     0.4625     0.5187     0.0038  0.1177009 0.0000e+00
       7568     45.876     8.6751   3.412910     0.4662     0.5187     0.0038  0.1177009 0.0000e+00
       7569     45.934     8.6752   3.412888     0.4662     0.5187     0.0038  0.1177009 0.0000e+00
       7570     45.876     8.6756   3.412778     0.4637     0.5187     0.0040  0.1177009 0.0000e+00
       7571     45.876     8.6759   3.412593     0.4625     0.5187     0.0040  0.1177009 0.0000e+00
       7572     45.933     8.6758   3.412331     0.4637     0.5187     0.0038  0.1172125 0.0000e+00
       7573     45.876     8.6754   3.412196     0.4662     0.5187     0.0038  0.1167241 0.0000e+00
       7574     45.876     8.6743   3.412261     0.4662     0.5187     0.0038  0.1172125 0.0000e+00
       7575     45.933     8.6736   3.412474     0.4637     0.5187     0.0040  0.1172125 0.0000e+00
       7576     45.876     8.6739   3.412696     0.4625     0.5187     0.0038  0.1172125 0.0000e+00
       7577     45.876     8.6738   3.412865     0.4637     0.5187     0.0038  0.1172125 0.0000e+00
       7578     45.933     8.6742   3.412954     0.4650     0.5187     0.0038  0.1172125 0.0000e+00
       7579     45.876     8.6746   3.412944     0.4637     0.5187     0.0038  0.1172125 0.0000e+00
       7580     45.876     8.6756   3.412896     0.4625     0.5187     0.0038  0.1172125 0.0000e+00
       7581     45.933     8.6754   3.412743     0.4625     0.5187     0.0038  0.1172125 0.0000e+00
       7582     45.875     8.6756   3.412698     0.4625     0.5187     0.0038  0.1172125 0.0000e+00
       7583     45.875     8.6750   3.412532     0.4662     0.5187     0.0038  0.1172125 0.0000e+00
       7584     45.933     8.6753   3.412411     0.4637     0.5187     0.0040  0.1172125 0.0000e+00
       7585     45.875     8.6756   3.412336     0.4637     0.5187     0.0040  0.1172125 0.0000e+00
       7586     45.933     8.6760   3.412256     0.4625     0.5187     0.0038  0.1172125 0.0000e+00
       7587     45.875     8.6761   3.412239     0.4637     0.5187     0.0038  0.1172125 0.0000e+00
       7588     45.875     8.6763   3.412286     0.4637     0.5187     0.0038  0.1172125 0.0000e+00
       7589     45.933     8.6760   3.412413     0.4637     0.5187     0.0040  0.1172125 0.0000e+00
       7590     45.875     8.6756   3.412634     0.4625     0.5187     0.0038  0.1172125 0.0000e+00
       7591     45.875     8.6764   3.412654     0.4625     0.5187     0.0037  0.1172125 0.0000e+00
       7592     45.933     8.6768   3.412684     0.4637     0.5187     0.0038  0.1172125 0.0000e+00
       7593     45.875     8.6766   3.412789     0.4637     0.5187     0.0038  0.1172125 0.0000e+00
       7594     45.933     8.6762   3.412799     0.4637     0.5187     0.0040  0.1172125 0.0000e+00
       7595     45.875     8.6760   3.412699     0.4637     0.5187     0.0038  0.1172125 0.0000e+00
       7596     45.933     8.6760   3.412757     0.4625     0.5187     0.0038  0.1172125 0.0000e+00
       7597     45.875     8.6758   3.412739     0.4650     0.5187     0.0038  0.1172125 0.0000e+00
       7598     45.933     8.6761   3.412729     0.4637     0.5187     0.0038  0.1172125 0.0000e+00
       7599     45.875     8.6759   3.412728     0.4637     0.5187     0.0040  0.1172125 0.0000e+00
       7600     45.933     8.6752   3.412719     0.4625     0.5187     0.0038  0.1172125 0.0000e+00
       7601     45.875     8.6748   3.412788     0.4625     0.5187     0.0038  0.1172125 0.0000e+00
       7602     45.933     8.6748   3.412654     0.4637     0.5187     0.0038  0.1172125 0.0000e+00
       7603     45.875     8.6752   3.412627     0.4637     0.5187     0.0040  0.1172125 0.0000e+00
       7604     45.933     8.6757   3.412680     0.4637     0.5187     0.0038  0.1172125 0.0000e+00
       7605     45.875     8.6760   3.412630     0.4625     0.5187     0.0040  0.1172125 0.0000e+00
       7606     45.933     8.6765   3.412561     0.4625     0.5187     0.0038  0.1172125 0.0000e+00
       7607     45.875     8.6769   3.412499     0.4637     0.5187     0.0038  0.1172125 0.0000e+00
       7608     45.933     8.6768   3.412533     0.4637     0.5187     0.0040  0.1172125 0.0000e+00
       7609     45.875     8.6769   3.412481     0.4625     0.5187     0.0040  0.1172125 0.0000e+00
       7610     45.932     8.6770   3.412458     0.4625     0.5187     0.0038  0.1172125 0.0000e+00
       7611     45.932     8.6766   3.412474     0.4625     0.5187     0.0040  0.1172125 0.0000e+00
       7612     45.875     8.6767   3.412463     0.4637     0.5187     0.0038  0.1172125 0.0000e+00
       7613     45.932     8.6765   3.412433     0.4637     0.5187     0.0040  0.1172125 0.0000e+00
       7614     45.875     8.6762   3.412437     0.4637     0.5187     0.0040  0.1172125 0.0000e+00
       7615     45.932     8.6763   3.412520     0.4625     0.5187     0.0038  0.1172125 0.0000e+00
       7616     45.932     8.6765   3.412619     0.4637     0.5187     0.0038  0.1167241 0.0000e+00
       7617     45.932     8.6765   3.412660     0.4637     0.5187     0.0038  0.1172125 0.0000e+00
       7618     45.875     8.6766   3.412783     0.4637     0.5187     0.0038  0.1167241 0.0000e+00
       7619     45.932     8.6764   3.412753     0.4625     0.5187     0.0038  0.1172125 0.0000e+00
       7620     45.932     8.6760   3.412704     0.4625     0.5187     0.0038  0.1172125 0.0000e+00
       7621     45.932     8.6758   3.412675     0.4637     0.5187     0.0038  0.1172125 0.0000e+00
       7622     45.874     8.6757   3.412552     0.4637     0.5187     0.0038  0.1172125 0.0000e+00
       7623     45.932     8.6756   3.412447     0.4625     0.5187     0.0038  0.1172125 0.0000e+00
       7624     45.932     8.6755   3.412284     0.4625     0.5187     0.0038  0.1172125 0.0000e+00
       7625     45.932     8.6760   3.412286     0.4625     0.5187     0.0038  0.1172125 0.0000e+00
       7626     45.932     8.6758   3.412139     0.4637     0.5187     0.0038  0.1172125 0.0000e+00
       7627     45.932     8.6755   3.412016     0.4637     0.5187     0.0040  0.1172125 0.0000e+00
       7628     45.874     8.6753   3.411933     0.4625     0.5187     0.0038  0.1172125 0.0000e+00
       7629     45.932     8.6748   3.411966     0.4625     0.5187     0.0038  0.1167241 0.0000e+00
       7630     45.932     8.6750   3.412218     0.4637     0.5187     0.0038  0.1172125 0.0000e+00
       7631     45.932     8.6755   3.412482     0.4662     0.5187     0.0038  0.1172125 0.0000e+00
       7632     45.932     8.6757   3.412617     0.4625     0.5187     0.0040  0.1172125 0.0000e+00
       7633     45.932     8.6758   3.412611     0.4625     0.5187     0.0040  0.1172125 0.0000e+00
       7634     45.932     8.6759   3.412512     0.4625     0.5187     0.0038  0.1172125 0.0000e+00
       7635     45.932     8.6761   3.412507     0.4637     0.5187     0.0038  0.1172125 0.0000e+00
       7636     45.932     8.6765   3.412492     0.4637     0.5187     0.0038  0.1172125 0.0000e+00
       7637     45.932     8.6764   3.412642     0.4625     0.5187     0.0038  0.1172125 0.0000e+00
       7638     45.932     8.6761   3.412583     0.4625     0.5187     0.0038  0.1172125 0.0000e+00
       7639     45.932     8.6761   3.412618     0.4625     0.5187     0.0040  0.1172125 0.0000e+00
       7640     45.932     8.6762   3.412682     0.4637     0.5187     0.0038  0.1172125 0.0000e+00
       7641     45.932     8.6763   3.412631     0.4637     0.5187     0.0038  0.1172125 0.0000e+00
       7642     45.932     8.6767   3.412807     0.4625     0.5187     0.0038  0.1172125 0.0000e+00
       7643     45.998     8.6765   3.412929     0.4625     0.5187     0.0040  0.1172125 0.0000e+00
       7644     45.932     8.6760   3.413061     0.4625     0.5187     0.0038  0.1172125 0.0000e+00
       7645     45.932     8.6753   3.413326     0.4637     0.5187     0.0038  0.1172125 0.0000e+00
       7646     45.932     8.6747   3.413470     0.4637     0.5187     0.0040  0.1172125 0.0000e+00
       7647     45.932     8.6748   3.413446     0.4625     0.5187     0.0038  0.1172125 0.0000e+00
       7648     45.932     8.6745   3.413544     0.4625     0.5175     0.0038  0.1167241 0.0000e+00
       7649     45.998     8.6747   3.413604     0.4625     0.5187     0.0038  0.1167241 0.0000e+00
       7650     45.932     8.6746   3.413685     0.4637     0.5187     0.0038  0.1162357 0.0000e+00
       7651     45.931     8.6748   3.413755     0.4625     0.5187     0.0038  0.1167241 0.0000e+00
       7652     45.931     8.6754   3.413653     0.4625     0.5187     0.0038  0.1167241 0.0000e+00
       7653     45.989     8.6753   3.413547     0.4625     0.5187     0.0038  0.1167241 0.0000e+00
       7654     45.931     8.6756   3.413478     0.4625     0.5187     0.0038  0.1167241 0.0000e+00
       7655     45.931     8.6757   3.413444     0.4637     0.5187     0.0040  0.1167241 0.0000e+00
       7656     45.989     8.6761   3.413411     0.4625     0.5175     0.0038  0.1167241 0.0000e+00
       7657     45.931     8.6762   3.413476     0.4625     0.5187     0.0038  0.1167241 0.0000e+00
       7658     45.931     8.6766   3.413547     0.4625     0.5187     0.0038  0.1167241 0.0000e+00
       7659     45.997     8.6763   3.413493     0.4637     0.5187     0.0038  0.1167241 0.0000e+00
       7660     45.931     8.6762   3.413417     0.4637     0.5187     0.0038  0.1167241 0.0000e+00
       7661     45.931     8.6760   3.413335     0.4637     0.5187     0.0038  0.1167241 0.0000e+00
       7662     45.997     8.6757   3.413427     0.4625     0.5187     0.0038  0.1167241 0.0000e+00
       7663     45.931     8.6753   3.413483     0.4625     0.5187     0.0038  0.1167241 0.0000e+00
       7664     45.989     8.6753   3.413355     0.4637     0.5187     0.0038  0.1167241 0.0000e+00
       7665     45.931     8.6755   3.413420     0.4637     0.5187     0.0038  0.1167241 0.0000e+00
       7666     45.989     8.6758   3.413351     0.4625     0.5187     0.0040  0.1167241 0.0000e+00
       7667     45.931     8.6761   3.413317     0.4625     0.5187     0.0038  0.1167241 0.0000e+00
       7668     45.931     8.6762   3.413219     0.4625     0.5187     0.0038  0.1167241 0.0000e+00
       7669     45.989     8.6758   3.413305     0.4637     0.5187     0.0038  0.1167241 0.0000e+00
       7670     45.931     8.6757   3.413345     0.4637     0.5187     0.0040  0.1167241 0.0000e+00
       7671     45.997     8.6742   3.413409     0.4625     0.5187     0.0040  0.1167241 0.0000e+00
       7672     45.931     8.6727   3.413492     0.4625     0.5175     0.0038  0.1167241 0.0000e+00
       7673     45.997     8.6715   3.413627     0.4625     0.5187     0.0038  0.1167241 0.0000e+00
       7674     45.989     8.6708   3.413753     0.4637     0.5175     0.0040  0.1167241 0.0000e+00
       7675     45.931     8.6704   3.413717     0.4637     0.5175     0.0038  0.1167241 0.0000e+00
       7676     45.997     8.6699   3.413738     0.4625     0.5187     0.0038  0.1167241 0.0000e+00
       7677     45.931     8.6699   3.413843     0.4625     0.5187     0.0038  0.1167241 0.0000e+00
       7678     45.997     8.6698   3.413756     0.4637     0.5187     0.0038  0.1167241 0.0000e+00
       7679     45.931     8.6708   3.413725     0.4662     0.5187     0.0038  0.1162357 0.0000e+00
       7680     45.997     8.6726   3.413754     0.4637     0.5175     0.0038  0.1167241 0.0000e+00
