data/2021/ctd_data_day2/station2.cnv
* Sea-Bird SBE 9 Data File:
* FileName = C:\Users\CTD-User\Desktop\MAR440\day2\station2.hex
* Software Version Seasave V 7.26.2.13
* Temperature SN = 6313
* Conductivity SN = 4758
* Number of Bytes Per Scan = 37
* Number of Voltage Words = 4
* Number of Scans Averaged by the Deck Unit = 1
* NMEA Latitude = 58 19.95 N
* NMEA Longitude = 011 52.33 E
* NMEA UTC (Time) = Sep 22 2021 09:05:25
* NMEA baud rate = 4800
** Ship: Skagerrak
** Station: station2
** Operator: group2blue
# nquan = 9
# nvalues = 8194                                  
# units = specified
# name 0 = scan: Scan Count
# name 1 = prDM: Pressure, Digiquartz [db]
# name 2 = t090C: Temperature [ITS-90, deg C]
# name 3 = c0S/m: Conductivity [S/m]
# name 4 = sbeox0V: Oxygen raw, SBE 43 [V]
# name 5 = sbeox1V: Oxygen raw, SBE 43, 2 [V]
# name 6 = flECO-AFL: Fluorescence, WET Labs ECO-AFL/FL [mg/m^3]
# name 7 = upoly0: Upoly 0, Turbidity
# name 8 = flag:  0.000e+00
# span 0 =          1,       8194                 
# span 1 =      0.414,     46.105                 
# span 2 =     7.9715,    16.1947                 
# span 3 =   2.598373,   3.488985                 
# span 4 =     0.4613,     4.2576                 
# span 5 =     0.5151,     4.2186                 
# span 6 =     0.0035,     0.0209                 
# span 7 =  0.0879084,  0.3184335                 
# span 8 = 0.0000e+00, 0.0000e+00                 
# interval = seconds: 0.0416667
# start_time = Sep 22 2021 09:05:25 [NMEA time, header]
# bad_flag = -9.990e-29
*END*
[from data line 961]
        962     10.331    15.6794   3.287108     2.1367     2.2857     0.0037  0.1103748  0.000e+00
        963     10.306    15.6774   3.287240     2.1343     2.2845     0.0037  0.1098864  0.000e+00
        964     10.273    15.6707   3.287303     2.1318     2.2832     0.0037  0.1079328  0.000e+00
        965     10.331    15.6678   3.287395     2.1318     2.2820     0.0037  0.1079328  0.000e+00
        966     10.306    15.6643   3.288004     2.1282     2.2820     0.0037  0.1069560  0.000e+00
        967     10.331    15.6597   3.288624     2.1282     2.2796     0.0037  0.1069560  0.000e+00
        968     10.273    15.6604   3.288923     2.1269     2.2784     0.0037  0.1079328  0.000e+00
        969     10.306    15.6665   3.288589     2.1233     2.2771     0.0037  0.1079328  0.000e+00
        970     10.331    15.6714   3.287946     2.1221     2.2759     0.0037  0.1079328  0.000e+00
        971     10.273    15.6777   3.287148     2.1196     2.2747     0.0037  0.1074444  0.000e+00
        972     10.306    15.6846   3.286700     2.1196     2.2735     0.0037  0.1074444  0.000e+00
        973     10.273    15.6848   3.286367     2.1172     2.2723     0.0037  0.1069560  0.000e+00
        974     10.331    15.6875   3.285701     2.1147     2.2698     0.0037  0.1079328  0.000e+00
        975     10.306    15.6872   3.285385     2.1123     2.2686     0.0037  0.1074444  0.000e+00
        976     10.273    15.6825   3.285580     2.1123     2.2674     0.0037  0.1074444  0.000e+00
        977     10.273    15.6789   3.285758     2.1111     2.2661     0.0037  0.1069560  0.000e+00
        978     10.306    15.6795   3.286275     2.1074     2.2637     0.0037  0.1069560  0.000e+00
        979     10.273    15.6804   3.286700     2.1074     2.2625     0.0037  0.1079328  0.000e+00
        980     10.273    15.6807   3.287067     2.1037     2.2600     0.0037  0.1074444  0.000e+00
        981     10.306    15.6785   3.287131     2.1037     2.2588     0.0037  0.1074444  0.000e+00
        982     10.273    15.6743   3.286861     2.1025     2.2564     0.0037  0.1079328  0.000e+00
        983     10.273    15.6716   3.286562     2.0989     2.2552     0.0037  0.1074444  0.000e+00
        984     10.306    15.6706   3.286177     2.0976     2.2539     0.0037  0.1079328  0.000e+00
        985     10.273    15.6750   3.285701     2.0952     2.2515     0.0037  0.1069560  0.000e+00
        986     10.273    15.6841   3.285299     2.0952     2.2491     0.0037  0.1074444  0.000e+00
        987     10.248    15.6931   3.284742     2.0940     2.2478     0.0037  0.1079328  0.000e+00
        988     10.273    15.6984   3.284150     2.0903     2.2466     0.0037  0.1074444  0.000e+00
        989     10.273    15.6994   3.283858     2.0879     2.2442     0.0038  0.1113516  0.000e+00
        990     10.248    15.6989   3.283605     2.0879     2.2417     0.0038  0.1142821  0.000e+00
        991     10.273    15.6965   3.283886     2.0879     2.2405     0.0038  0.1147705  0.000e+00
        992     10.272    15.6943   3.284414     2.0842     2.2381     0.0038  0.1147705  0.000e+00
        993     10.248    15.6938   3.284437     2.0830     2.2368     0.0038  0.1147705  0.000e+00
        994     10.272    15.6955   3.284369     2.0805     2.2344     0.0037  0.1147705  0.000e+00
        995     10.272    15.6977   3.284460     2.0793     2.2320     0.0038  0.1147705  0.000e+00
        996     10.248    15.6997   3.284196     2.0793     2.2307     0.0038  0.1147705  0.000e+00
        997     10.272    15.7008   3.283984     2.0781     2.2283     0.0038  0.1142821  0.000e+00
        998     10.206    15.7016   3.283932     2.0744     2.2259     0.0038  0.1147705  0.000e+00
        999     10.248    15.7030   3.283725     2.0732     2.2246     0.0038  0.1147705  0.000e+00
       1000     10.272    15.7042   3.283278     2.0732     2.2210     0.0038  0.1147705  0.000e+00
       1001     10.206    15.7054   3.283077     2.0732     2.2185     0.0038  0.1147705  0.000e+00
       1002     10.248    15.7058   3.282991     2.0695     2.2173     0.0038  0.1147705  0.000e+00
       1003     10.206    15.7068   3.282566     2.0683     2.2149     0.0038  0.1147705  0.000e+00
       1004     10.272    15.7079   3.282434     2.0659     2.2124     0.0038  0.1147705  0.000e+00
       1005     10.248    15.7099   3.282681     2.0659     2.2100     0.0038  0.1147705  0.000e+00
       1006     10.272    15.7122   3.282491     2.0647     2.2075     0.0038  0.1147705  0.000e+00
       1007     10.206    15.7145   3.282319     2.0634     2.2039     0.0038  0.1147705  0.000e+00
       1008     10.247    15.7169   3.282285     2.0598     2.2027     0.0038  0.1147705  0.000e+00
       1009     10.206    15.7188   3.282308     2.0586     2.1990     0.0038  0.1147705  0.000e+00
       1010     10.206    15.7212   3.282043     2.0598     2.1965     0.0038  0.1147705  0.000e+00
       1011     10.190    15.7233   3.281665     2.0573     2.1941     0.0038  0.1147705  0.000e+00
       1012     10.272    15.7255   3.281573     2.0549     2.1917     0.0038  0.1147705  0.000e+00
       1013     10.206    15.7283   3.281521     2.0537     2.1892     0.0038  0.1147705  0.000e+00
       1014     10.247    15.7300   3.281240     2.0537     2.1856     0.0038  0.1157473  0.000e+00
       1015     10.206    15.7319   3.281016     2.0537     2.1819     0.0040  0.1186777  0.000e+00
       1016     10.206    15.7332   3.280798     2.0500     2.1795     0.0040  0.1201429  0.000e+00
       1017     10.190    15.7350   3.280712     2.0488     2.1770     0.0040  0.1201429  0.000e+00
       1018     10.206    15.7373   3.280477     2.0488     2.1746     0.0040  0.1196545  0.000e+00
       1019     10.272    15.7393   3.280046     2.0463     2.1709     0.0040  0.1196545  0.000e+00
       1020     10.190    15.7421   3.279702     2.0488     2.1685     0.0040  0.1196545  0.000e+00
       1021     10.206    15.7444   3.279639     2.0451     2.1648     0.0040  0.1196545  0.000e+00
       1022     10.206    15.7466   3.279524     2.0439     2.1624     0.0040  0.1196545  0.000e+00
       1023     10.190    15.7483   3.279501     2.0439     2.1599     0.0040  0.1201429  0.000e+00
       1024     10.206    15.7498   3.279197     2.0415     2.1562     0.0040  0.1201429  0.000e+00
       1025     10.206    15.7515   3.279008     2.0415     2.1538     0.0040  0.1201429  0.000e+00
       1026     10.189    15.7529   3.279048     2.0402     2.1514     0.0040  0.1196545  0.000e+00
       1027     10.206    15.7541   3.279111     2.0390     2.1477     0.0040  0.1196545  0.000e+00
       1028     10.206    15.7544   3.279237     2.0366     2.1453     0.0040  0.1196545  0.000e+00
       1029     10.189    15.7541   3.279162     2.0390     2.1428     0.0040  0.1196545  0.000e+00
       1030     10.206    15.7543   3.279036     2.0366     2.1392     0.0040  0.1196545  0.000e+00
       1031     10.206    15.7548   3.278916     2.0354     2.1367     0.0040  0.1196545  0.000e+00
       1032     10.189    15.7554   3.278853     2.0341     2.1343     0.0040  0.1196545  0.000e+00
       1033     10.206    15.7565   3.278944     2.0341     2.1318     0.0040  0.1196545  0.000e+00
       1034     10.206    15.7573   3.278709     2.0341     2.1294     0.0040  0.1196545  0.000e+00
       1035     10.189    15.7578   3.278485     2.0329     2.1257     0.0040  0.1196545  0.000e+00
       1036     10.206    15.7582   3.278508     2.0317     2.1233     0.0040  0.1196545  0.000e+00
       1037     10.148    15.7587   3.278485     2.0292     2.1208     0.0040  0.1196545  0.000e+00
       1038     10.189    15.7593   3.278503     2.0292     2.1184     0.0040  0.1196545  0.000e+00
       1039     10.206    15.7595   3.278549     2.0305     2.1160     0.0040  0.1196545  0.000e+00
       1040     10.206    15.7599   3.278537     2.0292     2.1135     0.0040  0.1211197  0.000e+00
       1041     10.189    15.7602   3.278485     2.0268     2.1111     0.0040  0.1220965  0.000e+00
       1042     10.206    15.7605   3.278382     2.0268     2.1086     0.0040  0.1225849  0.000e+00
       1043     10.206    15.7605   3.278353     2.0268     2.1062     0.0040  0.1220965  0.000e+00
       1044     10.189    15.7605   3.278382     2.0268     2.1025     0.0040  0.1220965  0.000e+00
       1045     10.148    15.7607   3.278451     2.0256     2.1013     0.0040  0.1225849  0.000e+00
       1046     10.206    15.7604   3.278491     2.0244     2.0989     0.0040  0.1220965  0.000e+00
       1047     10.189    15.7602   3.278457     2.0244     2.0964     0.0040  0.1220965  0.000e+00
       1048     10.206    15.7597   3.278394     2.0244     2.0940     0.0040  0.1225849  0.000e+00
       1049     10.148    15.7599   3.278428     2.0244     2.0915     0.0040  0.1225849  0.000e+00
       1050     10.189    15.7595   3.278376     2.0244     2.0891     0.0040  0.1220965  0.000e+00
       1051     10.206    15.7592   3.278405     2.0219     2.0866     0.0040  0.1220965  0.000e+00
       1052     10.206    15.7589   3.278411     2.0207     2.0854     0.0040  0.1220965  0.000e+00
       1053     10.189    15.7593   3.278411     2.0219     2.0830     0.0040  0.1225849  0.000e+00
       1054     10.205    15.7595   3.278273     2.0219     2.0805     0.0040  0.1220965  0.000e+00
       1055     10.148    15.7600   3.278072     2.0207     2.0793     0.0040  0.1220965  0.000e+00
       1056     10.189    15.7607   3.278003     2.0195     2.0769     0.0040  0.1225849  0.000e+00
       1057     10.205    15.7621   3.278049     2.0195     2.0744     0.0040  0.1225849  0.000e+00
       1058     10.205    15.7636   3.278124     2.0207     2.0732     0.0040  0.1225849  0.000e+00
       1059     10.189    15.7651   3.278078     2.0207     2.0708     0.0040  0.1220965  0.000e+00
       1060     10.205    15.7660   3.277894     2.0195     2.0683     0.0040  0.1220965  0.000e+00
       1061     10.148    15.7663   3.277619     2.0183     2.0671     0.0040  0.1225849  0.000e+00
       1062     10.189    15.7668   3.277705     2.0195     2.0659     0.0040  0.1220965  0.000e+00
       1063     10.205    15.7655   3.277688     2.0195     2.0634     0.0040  0.1220965  0.000e+00
       1064     10.205    15.7632   3.277768     2.0195     2.0622     0.0040  0.1220965  0.000e+00
       1065     10.189    15.7602   3.277992     2.0195     2.0598     0.0040  0.1235617  0.000e+00
       1066     10.205    15.7580   3.278256     2.0170     2.0586     0.0040  0.1274689  0.000e+00
       1067     10.148    15.7566   3.278365     2.0170     2.0573     0.0040  0.1284457  0.000e+00
       1068     10.246    15.7560   3.278313     2.0183     2.0549     0.0040  0.1284457  0.000e+00
       1069     10.205    15.7560   3.278267     2.0183     2.0537     0.0040  0.1284457  0.000e+00
       1070     10.147    15.7563   3.278308     2.0158     2.0525     0.0040  0.1284457  0.000e+00
       1071     10.246    15.7570   3.278353     2.0158     2.0512     0.0040  0.1279573  0.000e+00
       1072     10.147    15.7573   3.278600     2.0170     2.0500     0.0040  0.1284457  0.000e+00
       1073     10.205    15.7576   3.278612     2.0183     2.0488     0.0040  0.1284457  0.000e+00
       1074     10.246    15.7578   3.278319     2.0158     2.0464     0.0040  0.1284457  0.000e+00
       1075     10.205    15.7580   3.278147     2.0158     2.0451     0.0040  0.1284457  0.000e+00
       1076     10.147    15.7583   3.278135     2.0158     2.0451     0.0040  0.1284457  0.000e+00
       1077     10.246    15.7590   3.278199     2.0170     2.0439     0.0040  0.1284457  0.000e+00
       1078     10.205    15.7604   3.278204     2.0170     2.0427     0.0040  0.1284457  0.000e+00
       1079     10.205    15.7616   3.278244     2.0158     2.0415     0.0040  0.1279573  0.000e+00
       1080     10.189    15.7629   3.278216     2.0158     2.0402     0.0040  0.1284457  0.000e+00
       1081     10.205    15.7636   3.278112     2.0158     2.0390     0.0040  0.1284457  0.000e+00
       1082     10.205    15.7639   3.277854     2.0170     2.0378     0.0040  0.1284457  0.000e+00
       1083     10.246    15.7631   3.277872     2.0170     2.0366     0.0040  0.1284457  0.000e+00
       1084     10.205    15.7614   3.278026     2.0146     2.0354     0.0040  0.1284457  0.000e+00
       1085     10.205    15.7595   3.278193     2.0146     2.0341     0.0040  0.1284457  0.000e+00
       1086     10.188    15.7578   3.278434     2.0146     2.0341     0.0040  0.1284457  0.000e+00
       1087     10.271    15.7570   3.278503     2.0158     2.0329     0.0040  0.1279573  0.000e+00
       1088     10.205    15.7572   3.278457     2.0158     2.0317     0.0040  0.1279573  0.000e+00
       1089     10.188    15.7570   3.278462     2.0146     2.0317     0.0040  0.1284457  0.000e+00
       1090     10.271    15.7556   3.278629     2.0146     2.0305     0.0040  0.1284457  0.000e+00
       1091     10.205    15.7536   3.278910     2.0146     2.0293     0.0040  0.1299109  0.000e+00
       1092     10.246    15.7518   3.279162     2.0158     2.0280     0.0042  0.1313761  0.000e+00
       1093     10.205    15.7488   3.279191     2.0158     2.0268     0.0042  0.1318645  0.000e+00
       1094     10.205    15.7434   3.279272     2.0158     2.0268     0.0042  0.1318645  0.000e+00
       1095     10.246    15.7345   3.279461     2.0146     2.0256     0.0042  0.1318645  0.000e+00
       1096     10.205    15.7252   3.280052     2.0158     2.0256     0.0042  0.1318645  0.000e+00
       1097     10.271    15.7184   3.280747     2.0158     2.0244     0.0042  0.1318645  0.000e+00
       1098     10.246    15.7135   3.281315     2.0146     2.0244     0.0042  0.1313761  0.000e+00
       1099     10.205    15.7097   3.281762     2.0146     2.0232     0.0042  0.1318645  0.000e+00
       1100     10.271    15.7062   3.282158     2.0146     2.0232     0.0042  0.1318645  0.000e+00
       1101     10.246    15.7033   3.282480     2.0158     2.0219     0.0042  0.1318645  0.000e+00
       1102     10.205    15.7008   3.282778     2.0158     2.0219     0.0042  0.1318645  0.000e+00
       1103     10.271    15.7009   3.282962     2.0146     2.0207     0.0042  0.1318645  0.000e+00
       1104     10.246    15.7043   3.283260     2.0146     2.0207     0.0042  0.1318645  0.000e+00
       1105     10.205    15.7060   3.283536     2.0146     2.0195     0.0042  0.1318645  0.000e+00
       1106     10.270    15.7063   3.283645     2.0158     2.0195     0.0042  0.1318645  0.000e+00
       1107     10.246    15.7045   3.283697     2.0158     2.0183     0.0042  0.1318645  0.000e+00
       1108     10.270    15.7011   3.283915     2.0146     2.0183     0.0042  0.1318645  0.000e+00
       1109     10.204    15.6986   3.283829     2.0146     2.0170     0.0042  0.1318645  0.000e+00
       1110     10.188    15.6965   3.283771     2.0158     2.0170     0.0042  0.1318645  0.000e+00
       1111     10.328    15.6962   3.283840     2.0170     2.0170     0.0042  0.1313761  0.000e+00
       1112     10.270    15.6984   3.283731     2.0170     2.0158     0.0042  0.1313761  0.000e+00
       1113     10.188    15.7018   3.283479     2.0158     2.0158     0.0042  0.1318645  0.000e+00
       1114     10.270    15.7069   3.283306     2.0146     2.0146     0.0042  0.1318645  0.000e+00
       1115     10.204    15.7138   3.283134     2.0158     2.0146     0.0042  0.1318645  0.000e+00
       1116     10.270    15.7220   3.282485     2.0170     2.0146     0.0042  0.1299109  0.000e+00
       1117     10.188    15.7291   3.281860     2.0158     2.0134     0.0040  0.1220965  0.000e+00
       1118     10.204    15.7349   3.281269     2.0146     2.0134     0.0040  0.1196545  0.000e+00
       1119     10.147    15.7386   3.280586     2.0146     2.0134     0.0040  0.1186777  0.000e+00
       1120     10.188    15.7403   3.280006     2.0158     2.0122     0.0040  0.1191661  0.000e+00
