data/2021/ctd_data_day2/station1.cnv
* Sea-Bird SBE 9 Data File:
* FileName = C:\Users\CTD-User\Desktop\MAR440\day2\station1.hex
* Software Version Seasave V 7.26.2.13
* Temperature SN = 6313
* Conductivity SN = 4758
* Number of Bytes Per Scan = 37
* Number of Voltage Words = 4
* Number of Scans Averaged by the Deck Unit = 1
* NMEA Latitude = 58 20.54 N
* NMEA Longitude = 011 54.21 E
* NMEA UTC (Time) = Sep 22 2021 08:39:44
* NMEA baud rate = 4800
** Ship: Skagerak
** Station: 1
** Operator: JD
# nquan = 9
# nvalues = 2892                                  
# units = specified
# name 0 = scan: Scan Count
# name 1 = prDM: Pressure, Digiquartz [db]
# name 2 = t090C: Temperature [ITS-90, deg C]
# name 3 = c0S/m: Conductivity [S/m]
# name 4 = sbeox0V: Oxygen raw, SBE 43 [V]
# name 5 = sbeox1V: Oxygen raw, SBE 43, 2 [V]
# name 6 = flECO-AFL: Fluorescence, WET Labs ECO-AFL/FL [mg/m^3]
# name 7 = upoly0: Upoly 0, Turbidity
# name 8 = flag:  0.000e+00
# span 0 =          1,       2892                 
# span 1 =      0.589,     14.316                 
# span 2 =    12.0823,    16.0740                 
# span 3 =   2.892084,   3.421117                 
# span 4 =     1.5872,     2.8523                 
# span 5 =     1.5506,     2.7338                 
# span 6 =     0.0046,     0.0064                 
# span 7 =  0.0927924,  0.1938913                 
# span 8 = 0.0000e+00, 0.0000e+00                 
# interval = seconds: 0.0416667
# start_time = Sep 22 2021 08:39:44 [NMEA time, header]
# bad_flag = -9.990e-29
*END*
[from data line 1601]
       1602      5.125    15.3512   2.989601     2.6691     2.5617     0.0048  0.1689829  0.000e+00
       1603      5.092    15.3563   2.989678     2.6691     2.5617     0.0048  0.1684945  0.000e+00
       1604      5.059    15.3575   2.988161     2.6728     2.5629     0.0048  0.1684945  0.000e+00
       1605      5.092    15.3580   2.986826     2.6728     2.5641     0.0048  0.1684945  0.000e+00
       1606      5.059    15.3585   2.986472     2.6740     2.5641     0.0048  0.1684945  0.000e+00
       1607      5.034    15.3411   2.985453     2.6740     2.5653     0.0048  0.1684945  0.000e+00
       1608      5.001    15.3056   2.981153     2.6740     2.5665     0.0048  0.1689829  0.000e+00
       1609      5.001    15.2768   2.975948     2.6764     2.5665     0.0048  0.1684945  0.000e+00
       1610      5.034    15.2712   2.972537     2.6764     2.5665     0.0048  0.1689829  0.000e+00
       1611      5.001    15.2616   2.971863     2.6764     2.5678     0.0048  0.1684945  0.000e+00
       1612      4.968    15.2515   2.973466     2.6764     2.5690     0.0048  0.1684945  0.000e+00
       1613      4.935    15.2373   2.973538     2.6789     2.5690     0.0048  0.1680061  0.000e+00
       1614      4.968    15.2322   2.971703     2.6801     2.5702     0.0048  0.1684945  0.000e+00
       1615      4.935    15.2481   2.970575     2.6801     2.5702     0.0048  0.1689829  0.000e+00
       1616      4.968    15.2837   2.970686     2.6801     2.5702     0.0048  0.1684945  0.000e+00
       1617      4.877    15.2936   2.972034     2.6813     2.5714     0.0048  0.1684945  0.000e+00
       1618      4.877    15.3043   2.973217     2.6838     2.5714     0.0048  0.1684945  0.000e+00
       1619      4.910    15.2884   2.973117     2.6838     2.5727     0.0048  0.1684945  0.000e+00
       1620      4.877    15.2649   2.971023     2.6838     2.5727     0.0048  0.1689829  0.000e+00
       1621      4.910    15.2458   2.967631     2.6850     2.5727     0.0048  0.1684945  0.000e+00
       1622      4.877    15.2344   2.965068     2.6850     2.5739     0.0048  0.1684945  0.000e+00
       1623      4.786    15.2285   2.963682     2.6886     2.5739     0.0048  0.1684945  0.000e+00
       1624      4.877    15.2266   2.963202     2.6886     2.5751     0.0048  0.1680061  0.000e+00
       1625      4.786    15.2240   2.963450     2.6886     2.5751     0.0046  0.1665409  0.000e+00
       1626      4.819    15.2263   2.963903     2.6899     2.5763     0.0046  0.1660525  0.000e+00
       1627      4.819    15.2280   2.964604     2.6911     2.5763     0.0046  0.1660525  0.000e+00
       1628      4.786    15.2358   2.966355     2.6935     2.5763     0.0046  0.1660525  0.000e+00
       1629      4.753    15.2605   2.970211     2.6960     2.5775     0.0046  0.1660525  0.000e+00
       1630      4.786    15.3114   2.976562     2.6935     2.5788     0.0046  0.1660525  0.000e+00
       1631      4.753    15.3529   2.984368     2.6948     2.5788     0.0046  0.1665409  0.000e+00
       1632      4.729    15.3996   2.992481     2.6960     2.5800     0.0046  0.1660525  0.000e+00
       1633      4.696    15.4723   3.002433     2.6984     2.5800     0.0046  0.1660525  0.000e+00
       1634      4.729    15.5353   3.014081     2.6972     2.5812     0.0046  0.1665409  0.000e+00
       1635      4.696    15.5791   3.022697     2.6984     2.5812     0.0046  0.1665409  0.000e+00
       1636      4.728    15.6086   3.026702     2.6996     2.5812     0.0046  0.1660525  0.000e+00
       1637      4.695    15.6021   3.026168     2.7021     2.5824     0.0046  0.1665409  0.000e+00
       1638      4.630    15.5698   3.022775     2.7033     2.5824     0.0046  0.1660525  0.000e+00
       1639      4.662    15.5516   3.019205     2.7033     2.5824     0.0046  0.1660525  0.000e+00
       1640      4.629    15.5298   3.015253     2.7033     2.5836     0.0046  0.1665409  0.000e+00
       1641      4.605    15.5117   3.010976     2.7033     2.5836     0.0046  0.1665409  0.000e+00
       1642      4.629    15.5024   3.008110     2.7057     2.5836     0.0046  0.1665409  0.000e+00
       1643      4.605    15.4633   3.005762     2.7082     2.5836     0.0046  0.1660525  0.000e+00
       1644      4.572    15.4055   3.000054     2.7057     2.5836     0.0046  0.1660525  0.000e+00
       1645      4.547    15.3680   2.993052     2.7082     2.5836     0.0046  0.1665409  0.000e+00
       1646      4.629    15.3475   2.988072     2.7070     2.5836     0.0046  0.1665409  0.000e+00
       1647      4.506    15.3372   2.985464     2.7082     2.5836     0.0046  0.1665409  0.000e+00
       1648      4.547    15.3269   2.983898     2.7094     2.5836     0.0046  0.1660525  0.000e+00
       1649      4.572    15.3118   2.981817     2.7082     2.5836     0.0046  0.1665409  0.000e+00
       1650      4.481    15.3029   2.979670     2.7082     2.5836     0.0048  0.1670293  0.000e+00
       1651      4.506    15.3005   2.977966     2.7094     2.5824     0.0048  0.1675177  0.000e+00
       1652      4.481    15.2922   2.976739     2.7131     2.5824     0.0048  0.1675177  0.000e+00
       1653      4.448    15.2882   2.976230     2.7106     2.5824     0.0048  0.1680061  0.000e+00
       1654      4.481    15.2902   2.976274     2.7106     2.5824     0.0048  0.1675177  0.000e+00
       1655      4.448    15.2913   2.976484     2.7131     2.5824     0.0048  0.1675177  0.000e+00
       1656      4.481    15.2952   2.977032     2.7118     2.5812     0.0048  0.1680061  0.000e+00
       1657      4.390    15.2995   2.977601     2.7143     2.5812     0.0048  0.1675177  0.000e+00
       1658      4.448    15.3105   2.978591     2.7143     2.5812     0.0048  0.1675177  0.000e+00
       1659      4.357    15.3426   2.981944     2.7143     2.5812     0.0048  0.1675177  0.000e+00
       1660      4.390    15.3664   2.987003     2.7143     2.5824     0.0048  0.1680061  0.000e+00
       1661      4.423    15.3664   2.989312     2.7180     2.5824     0.0048  0.1675177  0.000e+00
       1662      4.390    15.3231   2.986344     2.7180     2.5824     0.0048  0.1680061  0.000e+00
       1663      4.357    15.2735   2.979521     2.7180     2.5824     0.0048  0.1675177  0.000e+00
       1664      4.324    15.2439   2.972731     2.7180     2.5824     0.0048  0.1675177  0.000e+00
       1665      4.299    15.2230   2.968526     2.7180     2.5824     0.0048  0.1680061  0.000e+00
       1666      4.324    15.2098   2.966013     2.7204     2.5836     0.0048  0.1675177  0.000e+00
       1667      4.299    15.2043   2.964257     2.7204     2.5836     0.0048  0.1675177  0.000e+00
       1668      4.266    15.1990   2.962738     2.7192     2.5849     0.0048  0.1680061  0.000e+00
       1669      4.299    15.1968   2.961292     2.7192     2.5849     0.0048  0.1675177  0.000e+00
       1670      4.266    15.1956   2.960315     2.7204     2.5861     0.0048  0.1675177  0.000e+00
       1671      4.266    15.1938   2.959857     2.7228     2.5861     0.0048  0.1675177  0.000e+00
       1672      4.233    15.1917   2.959278     2.7228     2.5873     0.0048  0.1675177  0.000e+00
       1673      4.200    15.1895   2.958561     2.7204     2.5885     0.0048  0.1675177  0.000e+00
       1674      4.233    15.1887   2.957921     2.7192     2.5885     0.0048  0.1675177  0.000e+00
       1675      4.200    15.1888   2.957893     2.7192     2.5897     0.0048  0.1665409  0.000e+00
       1676      4.175    15.1892   2.958202     2.7228     2.5910     0.0049  0.1650757  0.000e+00
       1677      4.142    15.1887   2.958500     2.7204     2.5910     0.0049  0.1645873  0.000e+00
       1678      4.175    15.1883   2.958528     2.7204     2.5910     0.0049  0.1645873  0.000e+00
       1679      4.200    15.1881   2.958390     2.7192     2.5922     0.0049  0.1650757  0.000e+00
       1680      4.118    15.1892   2.958412     2.7192     2.5934     0.0049  0.1650757  0.000e+00
       1681      4.085    15.1899   2.958472     2.7204     2.5934     0.0049  0.1650757  0.000e+00
       1682      4.142    15.1901   2.958500     2.7192     2.5946     0.0049  0.1650757  0.000e+00
       1683      4.118    15.1900   2.958390     2.7180     2.5959     0.0049  0.1650757  0.000e+00
       1684      4.085    15.1899   2.958285     2.7180     2.5959     0.0049  0.1650757  0.000e+00
       1685      4.052    15.1892   2.958141     2.7180     2.5971     0.0049  0.1645873  0.000e+00
       1686      4.085    15.1884   2.958081     2.7192     2.5971     0.0049  0.1645873  0.000e+00
       1687      3.994    15.1860   2.957904     2.7167     2.5983     0.0049  0.1650757  0.000e+00
       1688      4.085    15.1826   2.957601     2.7155     2.5983     0.0049  0.1650757  0.000e+00
       1689      3.994    15.1821   2.957501     2.7155     2.5983     0.0049  0.1645873  0.000e+00
       1690      4.019    15.1837   2.957865     2.7167     2.5995     0.0049  0.1645873  0.000e+00
       1691      3.994    15.1885   2.958334     2.7180     2.5995     0.0049  0.1650757  0.000e+00
       1692      3.961    15.1937   2.958936     2.7155     2.5995     0.0049  0.1650757  0.000e+00
       1693      3.994    15.1956   2.959234     2.7143     2.5995     0.0049  0.1645873  0.000e+00
       1694      3.961    15.1945   2.959156     2.7143     2.5995     0.0049  0.1650757  0.000e+00
       1695      3.928    15.1926   2.958952     2.7155     2.6007     0.0049  0.1645873  0.000e+00
       1696      3.961    15.1914   2.958836     2.7155     2.6007     0.0049  0.1650757  0.000e+00
       1697      3.895    15.1909   2.958903     2.7143     2.6007     0.0049  0.1645873  0.000e+00
       1698      3.928    15.1915   2.959090     2.7131     2.6007     0.0049  0.1650757  0.000e+00
       1699      3.895    15.1921   2.959107     2.7131     2.6007     0.0049  0.1650757  0.000e+00
       1700      3.870    15.1924   2.959173     2.7143     2.6020     0.0049  0.1650757  0.000e+00
       1701      3.895    15.1932   2.959366     2.7131     2.6020     0.0049  0.1699597  0.000e+00
       1702      3.812    15.1982   2.959813     2.7118     2.6020     0.0049  0.1728901  0.000e+00
       1703      3.895    15.2015   2.960337     2.7131     2.6032     0.0049  0.1733785  0.000e+00
       1704      3.812    15.2015   2.960552     2.7131     2.6032     0.0049  0.1733785  0.000e+00
       1705      3.837    15.2009   2.960514     2.7143     2.6032     0.0049  0.1728901  0.000e+00
       1706      3.812    15.1988   2.960310     2.7131     2.6044     0.0049  0.1728901  0.000e+00
       1707      3.837    15.1973   2.960100     2.7118     2.6044     0.0049  0.1728901  0.000e+00
       1708      3.746    15.1960   2.959868     2.7118     2.6044     0.0049  0.1728901  0.000e+00
       1709      3.837    15.1946   2.959636     2.7131     2.6044     0.0049  0.1728901  0.000e+00
       1710      3.746    15.1936   2.959521     2.7143     2.6056     0.0049  0.1728901  0.000e+00
       1711      3.779    15.1942   2.959421     2.7131     2.6056     0.0049  0.1728901  0.000e+00
       1712      3.713    15.1947   2.959493     2.7131     2.6068     0.0049  0.1728901  0.000e+00
       1713      3.746    15.1934   2.959570     2.7131     2.6068     0.0049  0.1728901  0.000e+00
       1714      3.713    15.1922   2.959438     2.7143     2.6081     0.0049  0.1728901  0.000e+00
       1715      3.746    15.1905   2.959145     2.7155     2.6081     0.0049  0.1728901  0.000e+00
       1716      3.655    15.1893   2.958858     2.7143     2.6081     0.0049  0.1728901  0.000e+00
       1717      3.688    15.1895   2.958831     2.7143     2.6093     0.0049  0.1728901  0.000e+00
       1718      3.655    15.1899   2.958781     2.7143     2.6093     0.0049  0.1728901  0.000e+00
       1719      3.688    15.1888   2.958533     2.7180     2.6105     0.0049  0.1728901  0.000e+00
       1720      3.655    15.1880   2.958307     2.7180     2.6105     0.0049  0.1728901  0.000e+00
       1721      3.688    15.1865   2.958141     2.7180     2.6117     0.0049  0.1728901  0.000e+00
       1722      3.589    15.1853   2.957849     2.7180     2.6117     0.0049  0.1728901  0.000e+00
       1723      3.622    15.1846   2.957584     2.7167     2.6129     0.0049  0.1728901  0.000e+00
       1724      3.589    15.1842   2.957501     2.7192     2.6129     0.0049  0.1728901  0.000e+00
       1725      3.622    15.1846   2.957474     2.7192     2.6142     0.0049  0.1728901  0.000e+00
       1726      3.589    15.1851   2.957755     2.7192     2.6142     0.0049  0.1733785  0.000e+00
       1727      3.564    15.1863   2.958036     2.7192     2.6154     0.0049  0.1748437  0.000e+00
       1728      3.531    15.1869   2.958279     2.7204     2.6154     0.0049  0.1748437  0.000e+00
       1729      3.531    15.1875   2.958533     2.7228     2.6166     0.0049  0.1753321  0.000e+00
       1730      3.564    15.1885   2.958660     2.7228     2.6178     0.0049  0.1748437  0.000e+00
       1731      3.531    15.1910   2.958991     2.7216     2.6178     0.0049  0.1748437  0.000e+00
       1732      3.498    15.1949   2.959399     2.7228     2.6178     0.0049  0.1748437  0.000e+00
       1733      3.465    15.1980   2.959708     2.7241     2.6191     0.0049  0.1748437  0.000e+00
       1734      3.498    15.2010   2.960232     2.7277     2.6191     0.0049  0.1748437  0.000e+00
       1735      3.465    15.2036   2.960966     2.7253     2.6191     0.0049  0.1748437  0.000e+00
       1736      3.498    15.2051   2.961678     2.7253     2.6203     0.0049  0.1748437  0.000e+00
       1737      3.408    15.2071   2.962175     2.7277     2.6203     0.0049  0.1748437  0.000e+00
       1738      3.441    15.2091   2.962534     2.7277     2.6203     0.0049  0.1748437  0.000e+00
       1739      3.465    15.2103   2.962633     2.7277     2.6203     0.0049  0.1748437  0.000e+00
       1740      3.383    15.2113   2.962744     2.7277     2.6215     0.0049  0.1748437  0.000e+00
       1741      3.407    15.2120   2.962760     2.7277     2.6215     0.0049  0.1748437  0.000e+00
       1742      3.383    15.2122   2.962688     2.7289     2.6215     0.0049  0.1748437  0.000e+00
       1743      3.407    15.2122   2.962589     2.7314     2.6215     0.0049  0.1748437  0.000e+00
       1744      3.317    15.2125   2.962479     2.7326     2.6215     0.0049  0.1753321  0.000e+00
       1745      3.350    15.2132   2.962490     2.7326     2.6215     0.0049  0.1748437  0.000e+00
       1746      3.383    15.2135   2.962523     2.7314     2.6227     0.0049  0.1748437  0.000e+00
       1747      3.350    15.2144   2.962716     2.7326     2.6227     0.0049  0.1748437  0.000e+00
       1748      3.259    15.2153   2.962881     2.7350     2.6227     0.0049  0.1748437  0.000e+00
       1749      3.350    15.2158   2.963086     2.7350     2.6227     0.0049  0.1748437  0.000e+00
       1750      3.284    15.2166   2.963180     2.7350     2.6239     0.0049  0.1748437  0.000e+00
       1751      3.259    15.2166   2.963340     2.7363     2.6239     0.0049  0.1748437  0.000e+00
       1752      3.349    15.2174   2.963423     2.7375     2.6239     0.0049  0.1758205  0.000e+00
       1753      3.259    15.2174   2.963439     2.7387     2.6239     0.0049  0.1763089  0.000e+00
       1754      3.226    15.2176   2.963527     2.7387     2.6239     0.0049  0.1763089  0.000e+00
       1755      3.259    15.2174   2.963555     2.7387     2.6252     0.0049  0.1763089  0.000e+00
       1756      3.226    15.2174   2.963616     2.7387     2.6252     0.0049  0.1763089  0.000e+00
       1757      3.193    15.2170   2.963638     2.7399     2.6252     0.0049  0.1763089  0.000e+00
       1758      3.226    15.2166   2.963572     2.7424     2.6252     0.0049  0.1763089  0.000e+00
       1759      3.193    15.2164   2.963555     2.7424     2.6252     0.0049  0.1763089  0.000e+00
       1760      3.160    15.2166   2.963450     2.7412     2.6264     0.0049  0.1763089  0.000e+00
