data/2021/ctd_data_day2/station1_ctm_fil.cnv
* Sea-Bird SBE 9 Data File:
* FileName = C:\Users\CTD-User\Desktop\MAR440\day2\station1.hex
* Software Version Seasave V 7.26.2.13
* Temperature SN = 6313
* Conductivity SN = 4758
* Number of Bytes Per Scan = 37
* Number of Voltage Words = 4
* Number of Scans Averaged by the Deck Unit = 1
* NMEA Latitude = 58 20.54 N
* NMEA Longitude = 011 54.21 E
* NMEA UTC (Time) = Sep 22 2021 08:39:44
* NMEA baud rate = 4800
** Ship: Skagerak
** Station: 1
** Operator: JD
# nquan = 9
# nvalues = 2892                        
# units = specified
# name 0 = scan: Scan Count
# name 1 = prDM: Pressure, Digiquartz [db]
# name 2 = t090C: Temperature [ITS-90, deg C]
# name 3 = c0S/m: Conductivity [S/m]
# name 4 = sbeox0V: Oxygen raw, SBE 43 [V]
# name 5 = sbeox1V: Oxygen raw, SBE 43, 2 [V]
# name 6 = flECO-AFL: Fluorescence, WET Labs ECO-AFL/FL [mg/m^3]
# name 7 = upoly0: Upoly 0, Turbidity
# name 8 = flag:  0.000e+00
# span 0 =          1,       2892       
# span 1 =      0.662,     14.120       
# span 2 =    12.5087,    16.0451       
# span 3 =   2.902689,   3.378989       
# span 4 =     1.6507,     2.8491       
# span 5 =     1.6122,     2.7286       
# span 6 =     0.0046,     0.0064       
# span 7 =  0.0929525,  0.1908770       
# span 8 = 0.0000e+00, 0.0000e+00       
# interval = seconds: 0.0416667
# start_time = Sep 22 2021 08:39:44 [NMEA time, header]
# bad_flag = -9.990e-29
*END*
[from data line 481]
        482      1.741    15.1694   2.951885     2.6974     2.6486     0.0051  0.1812678 0.0000e+00
        483      1.742    15.1693   2.951866     2.6984     2.6491     0.0051  0.1813370 0.0000e+00
        484      1.743    15.1692   2.951847     2.6994     2.6496     0.0051  0.1814004 0.0000e+00
        485      1.744    15.1691   2.951828     2.7004     2.6501     0.0051  0.1814585 0.0000e+00
        486      1.745    15.1690   2.951807     2.7014     2.6505     0.0051  0.1815116 0.0000e+00
        487      1.745    15.1688   2.951784     2.7024     2.6510     0.0051  0.1815601 0.0000e+00
        488      1.746    15.1687   2.951761     2.7033     2.6515     0.0051  0.1816043 0.0000e+00
        489      1.747    15.1685   2.951735     2.7042     2.6519     0.0051  0.1816447 0.0000e+00
        490      1.748    15.1683   2.951707     2.7051     2.6524     0.0051  0.1816814 0.0000e+00
        491      1.749    15.1680   2.951678     2.7060     2.6528     0.0051  0.1817147 0.0000e+00
        492      1.750    15.1677   2.951646     2.7069     2.6532     0.0051  0.1817448 0.0000e+00
        493      1.750    15.1673   2.951612     2.7078     2.6536     0.0051  0.1817720 0.0000e+00
        494      1.751    15.1669   2.951574     2.7086     2.6540     0.0051  0.1817964 0.0000e+00
        495      1.752    15.1664   2.951532     2.7095     2.6544     0.0051  0.1818182 0.0000e+00
        496      1.753    15.1659   2.951486     2.7103     2.6547     0.0051  0.1818376 0.0000e+00
        497      1.753    15.1654   2.951436     2.7111     2.6551     0.0051  0.1818546 0.0000e+00
        498      1.754    15.1648   2.951384     2.7119     2.6554     0.0051  0.1818695 0.0000e+00
        499      1.755    15.1643   2.951329     2.7127     2.6558     0.0053  0.1818822 0.0000e+00
        500      1.755    15.1637   2.951273     2.7135     2.6561     0.0051  0.1818930 0.0000e+00
        501      1.756    15.1632   2.951216     2.7143     2.6564     0.0051  0.1819019 0.0000e+00
        502      1.757    15.1627   2.951160     2.7151     2.6567     0.0051  0.1819072 0.0000e+00
        503      1.757    15.1622   2.951105     2.7158     2.6570     0.0049  0.1819047 0.0000e+00
        504      1.758    15.1616   2.951052     2.7165     2.6573     0.0049  0.1818910 0.0000e+00
        505      1.758    15.1611   2.951002     2.7173     2.6575     0.0049  0.1818652 0.0000e+00
        506      1.759    15.1606   2.950953     2.7180     2.6578     0.0049  0.1818271 0.0000e+00
        507      1.760    15.1602   2.950905     2.7187     2.6580     0.0049  0.1817772 0.0000e+00
        508      1.760    15.1598   2.950855     2.7194     2.6582     0.0049  0.1817162 0.0000e+00
        509      1.761    15.1593   2.950803     2.7201     2.6585     0.0049  0.1816426 0.0000e+00
        510      1.761    15.1588   2.950747     2.7208     2.6587     0.0049  0.1815552 0.0000e+00
        511      1.762    15.1583   2.950686     2.7214     2.6589     0.0049  0.1814533 0.0000e+00
        512      1.763    15.1576   2.950620     2.7221     2.6591     0.0049  0.1813362 0.0000e+00
        513      1.763    15.1570   2.950549     2.7227     2.6593     0.0049  0.1812032 0.0000e+00
        514      1.764    15.1563   2.950471     2.7234     2.6595     0.0049  0.1810532 0.0000e+00
        515      1.765    15.1557   2.950389     2.7240     2.6597     0.0049  0.1808853 0.0000e+00
        516      1.765    15.1552   2.950301     2.7246     2.6599     0.0049  0.1806982 0.0000e+00
        517      1.766    15.1547   2.950209     2.7253     2.6601     0.0049  0.1804907 0.0000e+00
        518      1.767    15.1542   2.950113     2.7259     2.6602     0.0049  0.1802613 0.0000e+00
        519      1.768    15.1538   2.950015     2.7265     2.6604     0.0049  0.1800085 0.0000e+00
        520      1.769    15.1534   2.949915     2.7271     2.6605     0.0049  0.1797304 0.0000e+00
        521      1.770    15.1530   2.949813     2.7277     2.6607     0.0049  0.1794252 0.0000e+00
        522      1.770    15.1526   2.949710     2.7283     2.6608     0.0049  0.1790907 0.0000e+00
        523      1.771    15.1522   2.949606     2.7288     2.6610     0.0049  0.1787246 0.0000e+00
        524      1.772    15.1518   2.949501     2.7294     2.6611     0.0049  0.1783243 0.0000e+00
        525      1.773    15.1512   2.949395     2.7300     2.6612     0.0049  0.1778871 0.0000e+00
        526      1.773    15.1506   2.949286     2.7306     2.6613     0.0049  0.1774099 0.0000e+00
        527      1.774    15.1498   2.949173     2.7311     2.6614     0.0049  0.1768987 0.0000e+00
        528      1.774    15.1489   2.949057     2.7317     2.6615     0.0049  0.1763815 0.0000e+00
        529      1.775    15.1479   2.948936     2.7323     2.6616     0.0049  0.1758927 0.0000e+00
        530      1.775    15.1469   2.948812     2.7328     2.6617     0.0049  0.1754478 0.0000e+00
        531      1.775    15.1458   2.948686     2.7334     2.6618     0.0049  0.1750454 0.0000e+00
        532      1.776    15.1447   2.948559     2.7339     2.6619     0.0049  0.1746817 0.0000e+00
        533      1.776    15.1437   2.948431     2.7345     2.6620     0.0049  0.1743542 0.0000e+00
        534      1.776    15.1427   2.948304     2.7350     2.6621     0.0049  0.1740607 0.0000e+00
        535      1.776    15.1417   2.948176     2.7356     2.6622     0.0049  0.1737992 0.0000e+00
        536      1.776    15.1407   2.948047     2.7361     2.6623     0.0049  0.1735677 0.0000e+00
        537      1.776    15.1398   2.947918     2.7366     2.6624     0.0049  0.1733647 0.0000e+00
        538      1.776    15.1388   2.947788     2.7371     2.6625     0.0049  0.1731889 0.0000e+00
        539      1.776    15.1379   2.947656     2.7376     2.6626     0.0049  0.1730389 0.0000e+00
        540      1.776    15.1371   2.947524     2.7381     2.6627     0.0049  0.1729137 0.0000e+00
        541      1.776    15.1363   2.947393     2.7386     2.6628     0.0049  0.1728124 0.0000e+00
        542      1.776    15.1356   2.947262     2.7391     2.6629     0.0049  0.1727344 0.0000e+00
        543      1.776    15.1350   2.947132     2.7396     2.6630     0.0049  0.1726791 0.0000e+00
        544      1.776    15.1346   2.947006     2.7401     2.6631     0.0049  0.1726461 0.0000e+00
        545      1.776    15.1342   2.946881     2.7406     2.6632     0.0049  0.1726352 0.0000e+00
        546      1.776    15.1339   2.946761     2.7410     2.6632     0.0049  0.1726463 0.0000e+00
        547      1.776    15.1338   2.946644     2.7415     2.6633     0.0049  0.1726795 0.0000e+00
        548      1.776    15.1336   2.946533     2.7419     2.6634     0.0049  0.1727350 0.0000e+00
        549      1.776    15.1335   2.946426     2.7424     2.6635     0.0049  0.1728133 0.0000e+00
        550      1.776    15.1335   2.946326     2.7428     2.6636     0.0049  0.1729147 0.0000e+00
        551      1.775    15.1335   2.946233     2.7432     2.6637     0.0051  0.1730402 0.0000e+00
        552      1.775    15.1336   2.946149     2.7436     2.6639     0.0049  0.1731896 0.0000e+00
        553      1.775    15.1338   2.946074     2.7440     2.6640     0.0049  0.1733546 0.0000e+00
        554      1.774    15.1341   2.946010     2.7444     2.6641     0.0049  0.1735170 0.0000e+00
        555      1.774    15.1344   2.945958     2.7448     2.6642     0.0049  0.1736625 0.0000e+00
        556      1.773    15.1348   2.945919     2.7451     2.6643     0.0049  0.1737879 0.0000e+00
        557      1.773    15.1353   2.945894     2.7455     2.6644     0.0049  0.1738948 0.0000e+00
        558      1.772    15.1358   2.945884     2.7459     2.6645     0.0049  0.1739850 0.0000e+00
        559      1.772    15.1365   2.945890     2.7462     2.6646     0.0049  0.1740591 0.0000e+00
        560      1.771    15.1371   2.945911     2.7466     2.6647     0.0049  0.1741174 0.0000e+00
        561      1.770    15.1378   2.945947     2.7469     2.6649     0.0049  0.1741614 0.0000e+00
        562      1.769    15.1385   2.945995     2.7473     2.6650     0.0049  0.1741922 0.0000e+00
        563      1.767    15.1392   2.946049     2.7476     2.6651     0.0049  0.1742090 0.0000e+00
        564      1.766    15.1399   2.946105     2.7479     2.6652     0.0049  0.1742113 0.0000e+00
        565      1.765    15.1405   2.946157     2.7483     2.6653     0.0048  0.1741990 0.0000e+00
        566      1.764    15.1410   2.946201     2.7486     2.6655     0.0049  0.1741719 0.0000e+00
        567      1.763    15.1415   2.946236     2.7489     2.6656     0.0049  0.1741292 0.0000e+00
        568      1.762    15.1419   2.946257     2.7492     2.6657     0.0049  0.1740696 0.0000e+00
        569      1.761    15.1422   2.946262     2.7495     2.6658     0.0049  0.1739936 0.0000e+00
        570      1.759    15.1425   2.946251     2.7498     2.6660     0.0049  0.1739023 0.0000e+00
        571      1.758    15.1427   2.946225     2.7501     2.6661     0.0049  0.1737960 0.0000e+00
        572      1.757    15.1428   2.946184     2.7504     2.6662     0.0049  0.1736739 0.0000e+00
        573      1.755    15.1428   2.946129     2.7507     2.6663     0.0049  0.1735352 0.0000e+00
        574      1.754    15.1427   2.946059     2.7510     2.6665     0.0049  0.1733780 0.0000e+00
        575      1.753    15.1425   2.945971     2.7513     2.6666     0.0049  0.1732005 0.0000e+00
        576      1.751    15.1421   2.945865     2.7516     2.6667     0.0049  0.1730021 0.0000e+00
        577      1.750    15.1416   2.945740     2.7519     2.6668     0.0049  0.1727825 0.0000e+00
        578      1.748    15.1409   2.945597     2.7521     2.6670     0.0051  0.1725426 0.0000e+00
        579      1.747    15.1401   2.945436     2.7524     2.6671     0.0053  0.1722934 0.0000e+00
        580      1.745    15.1393   2.945260     2.7527     2.6672     0.0053  0.1720520 0.0000e+00
        581      1.744    15.1383   2.945071     2.7529     2.6673     0.0055  0.1718269 0.0000e+00
        582      1.742    15.1373   2.944871     2.7532     2.6675     0.0053  0.1716181 0.0000e+00
        583      1.741    15.1363   2.944665     2.7535     2.6676     0.0053  0.1714243 0.0000e+00
        584      1.739    15.1354   2.944455     2.7537     2.6677     0.0053  0.1712441 0.0000e+00
        585      1.738    15.1345   2.944245     2.7540     2.6678     0.0053  0.1710762 0.0000e+00
        586      1.736    15.1337   2.944041     2.7542     2.6679     0.0053  0.1709194 0.0000e+00
        587      1.735    15.1330   2.943844     2.7545     2.6680     0.0053  0.1707728 0.0000e+00
        588      1.733    15.1324   2.943655     2.7548     2.6681     0.0053  0.1706351 0.0000e+00
        589      1.731    15.1318   2.943478     2.7550     2.6683     0.0053  0.1705056 0.0000e+00
        590      1.729    15.1313   2.943312     2.7553     2.6684     0.0053  0.1703833 0.0000e+00
        591      1.727    15.1308   2.943159     2.7555     2.6685     0.0053  0.1702665 0.0000e+00
        592      1.725    15.1304   2.943017     2.7558     2.6686     0.0053  0.1701535 0.0000e+00
        593      1.722    15.1301   2.942888     2.7561     2.6687     0.0053  0.1700444 0.0000e+00
        594      1.720    15.1298   2.942771     2.7563     2.6688     0.0053  0.1699393 0.0000e+00
        595      1.718    15.1294   2.942665     2.7566     2.6689     0.0053  0.1698374 0.0000e+00
        596      1.716    15.1291   2.942568     2.7568     2.6690     0.0053  0.1697381 0.0000e+00
        597      1.714    15.1288   2.942478     2.7571     2.6690     0.0053  0.1696407 0.0000e+00
        598      1.712    15.1285   2.942395     2.7573     2.6691     0.0053  0.1695444 0.0000e+00
        599      1.710    15.1283   2.942320     2.7575     2.6692     0.0053  0.1694486 0.0000e+00
        600      1.708    15.1280   2.942255     2.7578     2.6693     0.0053  0.1693527 0.0000e+00
        601      1.706    15.1279   2.942200     2.7580     2.6694     0.0053  0.1692560 0.0000e+00
        602      1.705    15.1277   2.942156     2.7583     2.6695     0.0053  0.1691577 0.0000e+00
        603      1.703    15.1277   2.942123     2.7585     2.6696     0.0053  0.1690573 0.0000e+00
        604      1.701    15.1276   2.942100     2.7587     2.6697     0.0049  0.1689574 0.0000e+00
        605      1.700    15.1276   2.942088     2.7590     2.6698     0.0048  0.1688658 0.0000e+00
        606      1.698    15.1277   2.942085     2.7592     2.6699     0.0048  0.1687895 0.0000e+00
        607      1.697    15.1278   2.942087     2.7594     2.6700     0.0048  0.1687315 0.0000e+00
        608      1.695    15.1279   2.942093     2.7596     2.6701     0.0048  0.1686920 0.0000e+00
        609      1.694    15.1280   2.942104     2.7599     2.6702     0.0048  0.1686701 0.0000e+00
        610      1.692    15.1282   2.942117     2.7601     2.6703     0.0048  0.1686638 0.0000e+00
        611      1.691    15.1283   2.942133     2.7603     2.6704     0.0048  0.1686732 0.0000e+00
        612      1.690    15.1284   2.942151     2.7605     2.6705     0.0048  0.1686991 0.0000e+00
        613      1.688    15.1286   2.942170     2.7607     2.6706     0.0048  0.1687417 0.0000e+00
        614      1.687    15.1287   2.942189     2.7608     2.6708     0.0048  0.1688013 0.0000e+00
        615      1.686    15.1288   2.942207     2.7610     2.6709     0.0048  0.1688775 0.0000e+00
        616      1.685    15.1289   2.942224     2.7612     2.6710     0.0048  0.1689699 0.0000e+00
        617      1.684    15.1290   2.942240     2.7614     2.6711     0.0048  0.1690801 0.0000e+00
        618      1.682    15.1291   2.942256     2.7615     2.6713     0.0048  0.1692105 0.0000e+00
        619      1.681    15.1292   2.942272     2.7617     2.6714     0.0048  0.1693620 0.0000e+00
        620      1.680    15.1294   2.942291     2.7618     2.6715     0.0048  0.1695348 0.0000e+00
        621      1.678    15.1296   2.942313     2.7620     2.6717     0.0048  0.1697302 0.0000e+00
        622      1.677    15.1298   2.942339     2.7621     2.6719     0.0048  0.1699486 0.0000e+00
        623      1.676    15.1300   2.942365     2.7622     2.6720     0.0048  0.1701915 0.0000e+00
        624      1.674    15.1302   2.942389     2.7624     2.6722     0.0048  0.1704615 0.0000e+00
        625      1.673    15.1304   2.942409     2.7625     2.6724     0.0048  0.1707606 0.0000e+00
        626      1.672    15.1305   2.942425     2.7627     2.6726     0.0048  0.1710915 0.0000e+00
        627      1.671    15.1306   2.942434     2.7628     2.6728     0.0048  0.1714575 0.0000e+00
        628      1.670    15.1307   2.942438     2.7629     2.6730     0.0048  0.1718610 0.0000e+00
        629      1.670    15.1307   2.942436     2.7631     2.6732     0.0049  0.1722974 0.0000e+00
        630      1.669    15.1307   2.942430     2.7632     2.6734     0.0049  0.1727432 0.0000e+00
        631      1.669    15.1307   2.942422     2.7634     2.6736     0.0049  0.1731684 0.0000e+00
        632      1.669    15.1306   2.942413     2.7635     2.6739     0.0049  0.1735582 0.0000e+00
        633      1.669    15.1306   2.942405     2.7637     2.6741     0.0049  0.1739128 0.0000e+00
        634      1.669    15.1305   2.942398     2.7639     2.6743     0.0049  0.1742362 0.0000e+00
        635      1.669    15.1304   2.942390     2.7640     2.6745     0.0049  0.1745316 0.0000e+00
        636      1.670    15.1303   2.942382     2.7642     2.6748     0.0049  0.1748011 0.0000e+00
        637      1.671    15.1301   2.942372     2.7643     2.6750     0.0049  0.1750464 0.0000e+00
        638      1.672    15.1300   2.942360     2.7645     2.6752     0.0049  0.1752695 0.0000e+00
        639      1.673    15.1299   2.942345     2.7647     2.6754     0.0049  0.1754716 0.0000e+00
        640      1.674    15.1298   2.942327     2.7649     2.6757     0.0049  0.1756544 0.0000e+00
