data/2021/ctd_data_day2/station6_ctm_fil_le_der.cnv
* Sea-Bird SBE 9 Data File:
* FileName = C:\Users\CTD-User\Desktop\MAR440\day2\station6.hex
* Software Version Seasave V 7.26.2.13
* Temperature SN = 6313
* Conductivity SN = 4758
* Number of Bytes Per Scan = 37
* Number of Voltage Words = 4
* Number of Scans Averaged by the Deck Unit = 1
* NMEA Latitude = 58 18.87 N
* NMEA Longitude = 011 46.44 E
* NMEA UTC (Time) = Sep 22 2021 10:40:23
* NMEA baud rate = 4800
** Ship: Skagerrak
** Station: station6
** Operator: group2blu
# nquan = 13                                
# nvalues = 3719                        
# units = specified
# name 0 = scan: Scan Count
# name 1 = prDM: Pressure, Digiquartz [db]
# name 2 = t090C: Temperature [ITS-90, deg C]
# name 3 = c0S/m: Conductivity [S/m]
# name 4 = sbeox0V: Oxygen raw, SBE 43 [V]
# name 5 = sbeox1V: Oxygen raw, SBE 43, 2 [V]
# name 6 = flECO-AFL: Fluorescence, WET Labs ECO-AFL/FL [mg/m^3]
# name 7 = upoly0: Upoly 0, Turbidity
# name 8 = depSM: Depth [salt water, m], lat = 58.3145
# name 9 = sal00: Salinity, Practical [PSU]
# name 10 = sbeox0ML/L: Oxygen, SBE 43 [ml/l], WS = 2
# name 11 = sbeox1ML/L: Oxygen, SBE 43, 2 [ml/l], WS = 2
# name 12 = flag: flag
# span 0 =          1,       3719       
# span 1 =      0.297,     37.682       
# span 2 =     6.7387,    16.0330       
# span 3 =   2.945436,   3.739498       
# span 4 =     0.5149,     2.7976       
# span 5 =     0.5764,     2.7771       
# span 6 =     0.0033,     0.0304       
# span 7 =  0.0865424,  0.1559155       
# span 8 =      0.294,     37.328       
# span 9 =    22.6935,    32.1122       
# span 10 =    -0.0168,     6.8251      
# span 11 =     0.2910,     5.9037      
# span 12 = 0.0000e+00, 0.0000e+00      
# interval = seconds: 0.0416667
# start_time = Sep 22 2021 10:40:23 [NMEA time, header]
# bad_flag = -9.990e-29
*END*
[from data line 1556]
       1557      2.092    15.0808   2.983447     2.7818     2.7364     0.0046  0.1516082      2.073    23.3296     6.7241     5.7455 -9.990e-29
       1558      2.113    15.0850   2.984412     2.7818     2.7362     0.0046  0.1516881      2.093    23.3354     6.7230     5.7443 -9.990e-29
       1559      2.134    15.0895   2.985451     2.7818     2.7361     0.0046  0.1517700      2.114    23.3417     6.7218     5.7433 -9.990e-29
       1560      2.155    15.0943   2.986573     2.7818     2.7359     0.0046  0.1518545      2.135    23.3485     6.7205     5.7420 -9.990e-29
       1561      2.176    15.0996   2.987791     2.7818     2.7357     0.0046  0.1519421      2.156    23.3558     6.7192     5.7407 -9.990e-29
       1562      2.196    15.1053   2.989117     2.7818     2.7355     0.0046  0.1520335      2.176    23.3638     6.7178     5.7393 -9.990e-29
       1563      2.217    15.1115   2.990557     2.7818     2.7354     0.0046  0.1521293      2.196    23.3725     6.7163     5.7380 -9.990e-29
       1564      2.237    15.1181   2.992106     2.7818     2.7352     0.0046  0.1522301      2.216    23.3820     6.7147     5.7364 -9.990e-29
       1565      2.258    15.1251   2.993741     2.7818     2.7351     0.0046  0.1523368      2.237    23.3919     6.7129     5.7350 -9.990e-29
       1566      2.279    15.1323   2.995436     2.7817     2.7349     0.0046  0.1524499      2.258    23.4022     6.7108     5.7333 -9.990e-29
       1567      2.299    15.1396   2.997164     2.7817     2.7347     0.0046  0.1525703      2.278    23.4127     6.7090     5.7316 -9.990e-29
       1568      2.319    15.1469   2.998897     2.7817     2.7346     0.0046  0.1526989      2.297    23.4233     6.7072     5.7301 -9.990e-29
       1569      2.340    15.1541   3.000605     2.7817     2.7344     0.0046  0.1528365      2.318    23.4337     6.7054     5.7284 -9.990e-29
       1570      2.360    15.1610   3.002253     2.7816     2.7343     0.0046  0.1529841      2.338    23.4437     6.7033     5.7270 -9.990e-29
       1571      2.381    15.1676   3.003816     2.7816     2.7341     0.0046  0.1531428      2.359    23.4533     6.7016     5.7253 -9.990e-29
       1572      2.402    15.1738   3.005273     2.7816     2.7340     0.0046  0.1533135      2.380    23.4621     6.7000     5.7239 -9.990e-29
       1573      2.423    15.1796   3.006615     2.7815     2.7339     0.0046  0.1534976      2.400    23.4702     6.6981     5.7226 -9.990e-29
       1574      2.443    15.1850   3.007837     2.7815     2.7337     0.0048  0.1536953      2.420    23.4775     6.6966     5.7211 -9.990e-29
       1575      2.464    15.1898   3.008933     2.7814     2.7336     0.0048  0.1539006      2.441    23.4840     6.6950     5.7199 -9.990e-29
       1576      2.485    15.1942   3.009904     2.7814     2.7334     0.0048  0.1540995      2.462    23.4897     6.6937     5.7184 -9.990e-29
       1577      2.505    15.1981   3.010750     2.7813     2.7332     0.0048  0.1542831      2.482    23.4947     6.6922     5.7170 -9.990e-29
       1578      2.526    15.2014   3.011473     2.7813     2.7331     0.0048  0.1544520      2.503    23.4989     6.6911     5.7159 -9.990e-29
       1579      2.547    15.2043   3.012078     2.7812     2.7329     0.0048  0.1546073      2.523    23.5024     6.6897     5.7146 -9.990e-29
       1580      2.568    15.2069   3.012577     2.7811     2.7327     0.0048  0.1547484      2.544    23.5051     6.6885     5.7132 -9.990e-29
       1581      2.589    15.2090   3.012986     2.7811     2.7326     0.0048  0.1548763      2.565    23.5074     6.6876     5.7122 -9.990e-29
       1582      2.610    15.2110   3.013323     2.7810     2.7324     0.0048  0.1549943      2.586    23.5091     6.6863     5.7108 -9.990e-29
       1583      2.631    15.2127   3.013605     2.7809     2.7322     0.0048  0.1551059      2.607    23.5105     6.6851     5.7094 -9.990e-29
       1584      2.651    15.2142   3.013841     2.7808     2.7320     0.0048  0.1552111      2.626    23.5116     6.6839     5.7080 -9.990e-29
       1585      2.672    15.2156   3.014038     2.7808     2.7319     0.0048  0.1553070      2.647    23.5125     6.6830     5.7068 -9.990e-29
       1586      2.693    15.2169   3.014200     2.7807     2.7317     0.0048  0.1553928      2.668    23.5131     6.6818     5.7052 -9.990e-29
       1587      2.714    15.2180   3.014329     2.7806     2.7315     0.0048  0.1554689      2.689    23.5135     6.6805     5.7036 -9.990e-29
       1588      2.735    15.2190   3.014424     2.7805     2.7313     0.0048  0.1555360      2.710    23.5137     6.6792     5.7020 -9.990e-29
       1589      2.756    15.2199   3.014487     2.7803     2.7311     0.0048  0.1555954      2.730    23.5137     6.6776     5.7002 -9.990e-29
       1590      2.776    15.2207   3.014524     2.7802     2.7309     0.0048  0.1556490      2.750    23.5136     6.6762     5.6984 -9.990e-29
       1591      2.797    15.2213   3.014537     2.7801     2.7307     0.0048  0.1556983      2.771    23.5133     6.6747     5.6965 -9.990e-29
       1592      2.818    15.2219   3.014531     2.7800     2.7304     0.0048  0.1557427      2.792    23.5129     6.6732     5.6943 -9.990e-29
       1593      2.839    15.2224   3.014511     2.7799     2.7302     0.0048  0.1557807      2.813    23.5124     6.6716     5.6922 -9.990e-29
       1594      2.860    15.2229   3.014485     2.7798     2.7300     0.0048  0.1558118      2.833    23.5119     6.6699     5.6901 -9.990e-29
       1595      2.880    15.2234   3.014457     2.7797     2.7297     0.0048  0.1558380      2.853    23.5114     6.6681     5.6876 -9.990e-29
       1596      2.901    15.2239   3.014426     2.7796     2.7294     0.0048  0.1558610      2.874    23.5108     6.6663     5.6851 -9.990e-29
       1597      2.922    15.2243   3.014387     2.7794     2.7292     0.0048  0.1558802      2.895    23.5102     6.6641     5.6827 -9.990e-29
       1598      2.943    15.2247   3.014341     2.7793     2.7289     0.0048  0.1558958      2.916    23.5096     6.6620     5.6800 -9.990e-29
       1599      2.964    15.2251   3.014288     2.7792     2.7285     0.0048  0.1559078      2.936    23.5089     6.6599     5.6770 -9.990e-29
       1600      2.984    15.2255   3.014228     2.7790     2.7282     0.0049  0.1559147      2.956    23.5081     6.6573     5.6742 -9.990e-29
       1601      3.005    15.2259   3.014161     2.7789     2.7278     0.0049  0.1559155      2.977    23.5073     6.6550     5.6710 -9.990e-29
       1602      3.026    15.2263   3.014088     2.7787     2.7274     0.0051  0.1559105      2.998    23.5064     6.6523     5.6678 -9.990e-29
       1603      3.047    15.2267   3.014016     2.7784     2.7270     0.0049  0.1558994      3.019    23.5055     6.6492     5.6646 -9.990e-29
       1604      3.067    15.2272   3.013961     2.7782     2.7265     0.0048  0.1558831      3.038    23.5048     6.6462     5.6610 -9.990e-29
       1605      3.088    15.2278   3.013937     2.7780     2.7261     0.0049  0.1558631      3.059    23.5042     6.6431     5.6576 -9.990e-29
       1606      3.109    15.2286   3.013954     2.7777     2.7255     0.0049  0.1558402      3.080    23.5039     6.6397     5.6537 -9.990e-29
       1607      3.129    15.2295   3.014020     2.7774     2.7250     0.0049  0.1558134      3.100    23.5039     6.6361     5.6499 -9.990e-29
       1608      3.150    15.2307   3.014140     2.7771     2.7244     0.0051  0.1557808      3.121    23.5042     6.6324     5.6459 -9.990e-29
       1609      3.171    15.2320   3.014317     2.7768     2.7238     0.0049  0.1557412      3.142    23.5049     6.6286     5.6418 -9.990e-29
       1610      3.191    15.2335   3.014556     2.7764     2.7231     0.0049  0.1556945      3.161    23.5061     6.6244     5.6374 -9.990e-29
       1611      3.212    15.2353   3.014858     2.7760     2.7225     0.0049  0.1556402      3.182    23.5076     6.6202     5.6333 -9.990e-29
       1612      3.233    15.2374   3.015227     2.7756     2.7217     0.0051  0.1555781      3.203    23.5095     6.6158     5.6286 -9.990e-29
       1613      3.254    15.2398   3.015667     2.7751     2.7210     0.0049  0.1555077      3.224    23.5119     6.6110     5.6242 -9.990e-29
       1614      3.275    15.2424   3.016181     2.7746     2.7202     0.0049  0.1554285      3.245    23.5147     6.6061     5.6196 -9.990e-29
       1615      3.295    15.2454   3.016768     2.7741     2.7194     0.0049  0.1553399      3.264    23.5180     6.6012     5.6149 -9.990e-29
       1616      3.316    15.2486   3.017426     2.7736     2.7185     0.0049  0.1552414      3.285    23.5217     6.5962     5.6100 -9.990e-29
       1617      3.337    15.2521   3.018150     2.7730     2.7177     0.0051  0.1551322      3.306    23.5258     6.5908     5.6054 -9.990e-29
       1618      3.358    15.2559   3.018941     2.7724     2.7168     0.0049  0.1550116      3.327    23.5303     6.5855     5.6005 -9.990e-29
       1619      3.379    15.2599   3.019801     2.7718     2.7159     0.0049  0.1548787      3.348    23.5353     6.5801     5.5958 -9.990e-29
       1620      3.400    15.2641   3.020731     2.7711     2.7149     0.0049  0.1547327      3.368    23.5408     6.5745     5.5908 -9.990e-29
       1621      3.421    15.2685   3.021719     2.7704     2.7140     0.0051  0.1545724      3.389    23.5467     6.5689     5.5861 -9.990e-29
       1622      3.442    15.2730   3.022740     2.7697     2.7130     0.0049  0.1543969      3.410    23.5527     6.5633     5.5813 -9.990e-29
       1623      3.463    15.2774   3.023770     2.7689     2.7120     0.0051  0.1542048      3.431    23.5590     6.5575     5.5767 -9.990e-29
       1624      3.484    15.2817   3.024786     2.7681     2.7110     0.0049  0.1539949      3.452    23.5651     6.5519     5.5722 -9.990e-29
       1625      3.505    15.2859   3.025774     2.7673     2.7100     0.0049  0.1537682      3.472    23.5711     6.5464     5.5678 -9.990e-29
       1626      3.526    15.2899   3.026723     2.7665     2.7089     0.0048  0.1535350      3.493    23.5768     6.5410     5.5633 -9.990e-29
       1627      3.547    15.2936   3.027623     2.7656     2.7079     0.0046  0.1533124      3.514    23.5823     6.5356     5.5593 -9.990e-29
       1628      3.569    15.2971   3.028468     2.7647     2.7068     0.0046  0.1531108      3.536    23.5875     6.5303     5.5552 -9.990e-29
       1629      3.590    15.3003   3.029248     2.7638     2.7058     0.0046  0.1529313      3.557    23.5923     6.5251     5.5515 -9.990e-29
       1630      3.611    15.3032   3.029959     2.7629     2.7047     0.0046  0.1527726      3.577    23.5966     6.5202     5.5478 -9.990e-29
       1631      3.632    15.3059   3.030598     2.7620     2.7036     0.0046  0.1526336      3.598    23.6005     6.5155     5.5442 -9.990e-29
       1632      3.653    15.3083   3.031167     2.7611     2.7025     0.0046  0.1525134      3.619    23.6039     6.5110     5.5408 -9.990e-29
       1633      3.675    15.3105   3.031667     2.7601     2.7015     0.0046  0.1524112      3.641    23.6069     6.5063     5.5378 -9.990e-29
       1634      3.696    15.3124   3.032103     2.7592     2.7004     0.0046  0.1523262      3.662    23.6095     6.5022     5.5348 -9.990e-29
       1635      3.717    15.3141   3.032477     2.7582     2.6994     0.0046  0.1522578      3.682    23.6117     6.4979     5.5321 -9.990e-29
       1636      3.739    15.3156   3.032791     2.7572     2.6983     0.0046  0.1522055      3.704    23.6135     6.4939     5.5294 -9.990e-29
       1637      3.760    15.3168   3.033047     2.7562     2.6973     0.0046  0.1521691      3.725    23.6150     6.4900     5.5271 -9.990e-29
       1638      3.782    15.3178   3.033247     2.7553     2.6962     0.0046  0.1521482      3.747    23.6161     6.4865     5.5246 -9.990e-29
       1639      3.803    15.3186   3.033394     2.7543     2.6952     0.0046  0.1521427      3.768    23.6168     6.4830     5.5226 -9.990e-29
       1640      3.825    15.3191   3.033487     2.7533     2.6942     0.0046  0.1521525      3.789    23.6173     6.4796     5.5207 -9.990e-29
       1641      3.846    15.3193   3.033525     2.7524     2.6932     0.0046  0.1521778      3.810    23.6175     6.4766     5.5188 -9.990e-29
       1642      3.868    15.3193   3.033508     2.7514     2.6922     0.0046  0.1522186      3.832    23.6174     6.4736     5.5172 -9.990e-29
       1643      3.889    15.3190   3.033437     2.7504     2.6912     0.0046  0.1522754      3.853    23.6169     6.4706     5.5156 -9.990e-29
       1644      3.911    15.3187   3.033317     2.7495     2.6903     0.0046  0.1523484      3.875    23.6161     6.4680     5.5144 -9.990e-29
       1645      3.933    15.3183   3.033160     2.7486     2.6893     0.0046  0.1524382      3.896    23.6150     6.4656     5.5129 -9.990e-29
       1646      3.954    15.3178   3.032979     2.7476     2.6884     0.0046  0.1525455      3.917    23.6137     6.4629     5.5118 -9.990e-29
       1647      3.976    15.3174   3.032788     2.7467     2.6875     0.0046  0.1526708      3.939    23.6123     6.4605     5.5107 -9.990e-29
       1648      3.998    15.3171   3.032598     2.7458     2.6866     0.0046  0.1528153      3.961    23.6108     6.4582     5.5096 -9.990e-29
       1649      4.020    15.3167   3.032419     2.7449     2.6857     0.0046  0.1529797      3.983    23.6095     6.4559     5.5086 -9.990e-29
       1650      4.041    15.3164   3.032252     2.7441     2.6849     0.0046  0.1531653      4.003    23.6083     6.4539     5.5078 -9.990e-29
       1651      4.063    15.3159   3.032087     2.7432     2.6840     0.0046  0.1533675      4.025    23.6072     6.4516     5.5067 -9.990e-29
       1652      4.084    15.3152   3.031911     2.7423     2.6832     0.0046  0.1535706      4.046    23.6061     6.4494     5.5060 -9.990e-29
       1653      4.106    15.3144   3.031711     2.7415     2.6824     0.0046  0.1537590      4.068    23.6048     6.4475     5.5052 -9.990e-29
       1654      4.128    15.3133   3.031476     2.7406     2.6816     0.0046  0.1539274      4.090    23.6035     6.4453     5.5045 -9.990e-29
       1655      4.150    15.3119   3.031200     2.7398     2.6808     0.0046  0.1540759      4.111    23.6019     6.4434     5.5037 -9.990e-29
       1656      4.171    15.3103   3.030884     2.7390     2.6801     0.0046  0.1542057      4.132    23.6002     6.4415     5.5032 -9.990e-29
       1657      4.193    15.3084   3.030529     2.7381     2.6793     0.0046  0.1543177      4.154    23.5982     6.4394     5.5025 -9.990e-29
       1658      4.215    15.3061   3.030123     2.7373     2.6786     0.0046  0.1544125      4.176    23.5961     6.4375     5.5020 -9.990e-29
       1659      4.237    15.3033   3.029644     2.7365     2.6778     0.0046  0.1544909      4.198    23.5937     6.4357     5.5013 -9.990e-29
       1660      4.258    15.2999   3.029072     2.7357     2.6771     0.0046  0.1545535      4.218    23.5908     6.4340     5.5008 -9.990e-29
       1661      4.280    15.2960   3.028390     2.7348     2.6764     0.0046  0.1546006      4.240    23.5873     6.4320     5.5004 -9.990e-29
       1662      4.302    15.2913   3.027585     2.7340     2.6757     0.0046  0.1546326      4.262    23.5832     6.4304     5.5000 -9.990e-29
       1663      4.324    15.2859   3.026637     2.7332     2.6750     0.0046  0.1546497      4.284    23.5782     6.4289     5.4997 -9.990e-29
       1664      4.346    15.2796   3.025531     2.7324     2.6744     0.0046  0.1546521      4.306    23.5725     6.4274     5.4996 -9.990e-29
       1665      4.368    15.2727   3.024271     2.7315     2.6737     0.0046  0.1546397      4.327    23.5658     6.4258     5.4994 -9.990e-29
       1666      4.390    15.2653   3.022894     2.7307     2.6730     0.0046  0.1546124      4.349    23.5584     6.4244     5.4992 -9.990e-29
