data/2021/ctd_data_day2/station7.cnv
* Sea-Bird SBE 9 Data File:
* FileName = C:\Users\CTD-User\Desktop\MAR440\day2\station7.hex
* Software Version Seasave V 7.26.2.13
* Temperature SN = 6313
* Conductivity SN = 4758
* Number of Bytes Per Scan = 37
* Number of Voltage Words = 4
* Number of Scans Averaged by the Deck Unit = 1
* NMEA Latitude = 58 19.09 N
* NMEA Longitude = 011 47.38 E
* NMEA UTC (Time) = Sep 22 2021 11:12:47
* NMEA baud rate = 4800
** Ship: Skagerrak
** Station: station7
** Operator: group1
# nquan = 9
# nvalues = 2736                                  
# units = specified
# name 0 = scan: Scan Count
# name 1 = prDM: Pressure, Digiquartz [db]
# name 2 = t090C: Temperature [ITS-90, deg C]
# name 3 = c0S/m: Conductivity [S/m]
# name 4 = sbeox0V: Oxygen raw, SBE 43 [V]
# name 5 = sbeox1V: Oxygen raw, SBE 43, 2 [V]
# name 6 = flECO-AFL: Fluorescence, WET Labs ECO-AFL/FL [mg/m^3]
# name 7 = upoly0: Upoly 0, Turbidity
# name 8 = flag:  0.000e+00
# span 0 =          1,       2736                 
# span 1 =      0.724,     30.415                 
# span 2 =     7.3528,    16.1037                 
# span 3 =   2.942347,   3.796429                 
# span 4 =     0.5809,     2.8364                 
# span 5 =     0.6579,     2.7741                 
# span 6 =     0.0035,     0.0123                 
# span 7 =  0.0859548,  0.1675177                 
# span 8 = 0.0000e+00, 0.0000e+00                 
# interval = seconds: 0.0416667
# start_time = Sep 22 2021 11:12:47 [NMEA time, header]
# bad_flag = -9.990e-29
*END*
[from data line 161]
        162      2.513    14.8989   2.943977     2.8291     2.7643     0.0049  0.1553077  0.000e+00
        163      2.480    14.8989   2.944027     2.8278     2.7643     0.0049  0.1548193  0.000e+00
        164      2.579    14.8987   2.943939     2.8278     2.7631     0.0049  0.1553077  0.000e+00
        165      2.546    14.8986   2.943933     2.8278     2.7631     0.0049  0.1548193  0.000e+00
        166      2.579    14.8988   2.943972     2.8303     2.7643     0.0049  0.1548193  0.000e+00
        167      2.603    14.8986   2.943933     2.8291     2.7643     0.0049  0.1553077  0.000e+00
        168      2.636    14.8981   2.943944     2.8278     2.7656     0.0049  0.1553077  0.000e+00
        169      2.603    14.8974   2.943735     2.8278     2.7643     0.0049  0.1553077  0.000e+00
        170      2.727    14.8967   2.943757     2.8278     2.7643     0.0049  0.1553077  0.000e+00
        171      2.636    14.8971   2.943614     2.8291     2.7643     0.0049  0.1548193  0.000e+00
        172      2.727    14.8975   2.943586     2.8291     2.7643     0.0049  0.1548193  0.000e+00
        173      2.760    14.8977   2.943614     2.8278     2.7631     0.0049  0.1548193  0.000e+00
        174      2.785    14.8971   2.943862     2.8278     2.7643     0.0049  0.1548193  0.000e+00
        175      2.760    14.8952   2.943680     2.8303     2.7643     0.0049  0.1553077  0.000e+00
        176      2.785    14.8939   2.943608     2.8291     2.7643     0.0049  0.1548193  0.000e+00
        177      2.884    14.8943   2.943537     2.8303     2.7631     0.0051  0.1562845  0.000e+00
        178      2.851    14.8950   2.943548     2.8303     2.7631     0.0055  0.1587265  0.000e+00
        179      2.851    14.8945   2.943564     2.8278     2.7631     0.0055  0.1597033  0.000e+00
        180      2.883    14.8944   2.943482     2.8303     2.7631     0.0055  0.1597033  0.000e+00
        181      2.908    14.8947   2.943603     2.8303     2.7631     0.0055  0.1597033  0.000e+00
        182      2.941    14.8948   2.943498     2.8291     2.7631     0.0055  0.1597033  0.000e+00
        183      2.966    14.8949   2.943559     2.8278     2.7631     0.0055  0.1597033  0.000e+00
        184      3.007    14.8944   2.943531     2.8278     2.7631     0.0055  0.1597033  0.000e+00
        185      2.966    14.8945   2.943575     2.8303     2.7631     0.0055  0.1597033  0.000e+00
        186      3.032    14.8947   2.943410     2.8303     2.7631     0.0055  0.1597033  0.000e+00
        187      3.065    14.8954   2.943586     2.8291     2.7631     0.0055  0.1597033  0.000e+00
        188      3.089    14.8947   2.943592     2.8278     2.7631     0.0055  0.1597033  0.000e+00
        189      3.065    14.8934   2.943581     2.8278     2.7631     0.0055  0.1592149  0.000e+00
        190      3.155    14.8927   2.943366     2.8303     2.7631     0.0055  0.1597033  0.000e+00
        191      3.122    14.8918   2.943311     2.8291     2.7631     0.0055  0.1597033  0.000e+00
        192      3.155    14.8916   2.943262     2.8291     2.7631     0.0055  0.1597033  0.000e+00
        193      3.188    14.8922   2.943212     2.8278     2.7631     0.0055  0.1597033  0.000e+00
        194      3.213    14.8922   2.943273     2.8303     2.7631     0.0055  0.1597033  0.000e+00
        195      3.213    14.8917   2.943146     2.8303     2.7631     0.0055  0.1597033  0.000e+00
        196      3.312    14.8916   2.943289     2.8303     2.7631     0.0055  0.1597033  0.000e+00
        197      3.279    14.8923   2.943229     2.8278     2.7619     0.0055  0.1597033  0.000e+00
        198      3.246    14.8932   2.943443     2.8278     2.7631     0.0055  0.1597033  0.000e+00
        199      3.337    14.8937   2.943476     2.8303     2.7631     0.0055  0.1597033  0.000e+00
        200      3.312    14.8941   2.943454     2.8303     2.7619     0.0055  0.1597033  0.000e+00
        201      3.394    14.8954   2.943476     2.8291     2.7619     0.0055  0.1597033  0.000e+00
        202      3.394    14.8969   2.943603     2.8278     2.7619     0.0055  0.1597033  0.000e+00
        203      3.369    14.8981   2.943790     2.8278     2.7619     0.0051  0.1577497  0.000e+00
        204      3.460    14.8981   2.943878     2.8291     2.7619     0.0048  0.1557961  0.000e+00
        205      3.435    14.8975   2.943917     2.8291     2.7619     0.0048  0.1557961  0.000e+00
        206      3.460    14.8969   2.943939     2.8278     2.7619     0.0048  0.1557961  0.000e+00
        207      3.493    14.8962   2.943889     2.8278     2.7619     0.0048  0.1562845  0.000e+00
        208      3.518    14.8974   2.943823     2.8278     2.7619     0.0048  0.1557961  0.000e+00
        209      3.518    14.8992   2.943834     2.8303     2.7619     0.0048  0.1557961  0.000e+00
        210      3.551    14.9013   2.944060     2.8291     2.7619     0.0048  0.1557961  0.000e+00
        211      3.584    14.9018   2.944330     2.8303     2.7619     0.0048  0.1557961  0.000e+00
        212      3.617    14.9011   2.944385     2.8278     2.7619     0.0048  0.1562845  0.000e+00
        213      3.641    14.9015   2.944435     2.8278     2.7619     0.0048  0.1557961  0.000e+00
        214      3.617    14.9021   2.944380     2.8303     2.7619     0.0048  0.1557961  0.000e+00
        215      3.699    14.9021   2.944490     2.8303     2.7619     0.0048  0.1557961  0.000e+00
        216      3.699    14.9025   2.944429     2.8278     2.7619     0.0048  0.1557961  0.000e+00
        217      3.674    14.9035   2.944545     2.8266     2.7619     0.0048  0.1557961  0.000e+00
        218      3.699    14.9033   2.944468     2.8278     2.7619     0.0048  0.1557961  0.000e+00
        219      3.798    14.9030   2.944512     2.8291     2.7619     0.0048  0.1557961  0.000e+00
        220      3.765    14.9031   2.944495     2.8278     2.7619     0.0048  0.1557961  0.000e+00
        221      3.798    14.9043   2.944567     2.8266     2.7619     0.0048  0.1557961  0.000e+00
        222      3.823    14.9062   2.944716     2.8266     2.7619     0.0048  0.1557961  0.000e+00
        223      3.822    14.9067   2.944820     2.8278     2.7619     0.0048  0.1557961  0.000e+00
        224      3.921    14.9060   2.944919     2.8291     2.7619     0.0048  0.1557961  0.000e+00
        225      3.888    14.9047   2.944831     2.8278     2.7619     0.0048  0.1562845  0.000e+00
        226      3.855    14.9035   2.944721     2.8266     2.7619     0.0048  0.1557961  0.000e+00
        227      3.946    14.9027   2.944666     2.8266     2.7619     0.0048  0.1562845  0.000e+00
        228      3.946    14.9009   2.944396     2.8291     2.7619     0.0048  0.1557961  0.000e+00
        229      3.979    14.8986   2.944347     2.8291     2.7619     0.0049  0.1567729  0.000e+00
        230      4.004    14.8969   2.944137     2.8278     2.7619     0.0049  0.1567729  0.000e+00
        231      4.045    14.8962   2.944033     2.8278     2.7619     0.0049  0.1567729  0.000e+00
        232      4.004    14.8950   2.943823     2.8278     2.7631     0.0049  0.1567729  0.000e+00
        233      4.045    14.8944   2.943835     2.8303     2.7619     0.0049  0.1567729  0.000e+00
        234      4.127    14.8940   2.943702     2.8291     2.7619     0.0049  0.1567729  0.000e+00
        235      4.127    14.8937   2.943664     2.8278     2.7619     0.0049  0.1567729  0.000e+00
        236      4.103    14.8939   2.943570     2.8278     2.7619     0.0049  0.1567729  0.000e+00
        237      4.127    14.8947   2.943576     2.8278     2.7619     0.0049  0.1567729  0.000e+00
        238      4.168    14.8948   2.943675     2.8303     2.7631     0.0049  0.1567729  0.000e+00
        239      4.193    14.8952   2.943614     2.8303     2.7619     0.0049  0.1567729  0.000e+00
        240      4.251    14.8975   2.943653     2.8291     2.7631     0.0049  0.1567729  0.000e+00
        241      4.226    14.8983   2.943774     2.8278     2.7619     0.0049  0.1567729  0.000e+00
        242      4.251    14.8983   2.943917     2.8291     2.7619     0.0049  0.1567729  0.000e+00
        243      4.284    14.8986   2.943956     2.8303     2.7619     0.0049  0.1567729  0.000e+00
        244      4.317    14.8974   2.944005     2.8303     2.7619     0.0049  0.1567729  0.000e+00
        245      4.284    14.8975   2.943868     2.8278     2.7619     0.0049  0.1567729  0.000e+00
        246      4.374    14.9089   2.944181     2.8303     2.7619     0.0049  0.1567729  0.000e+00
        247      4.374    14.9297   2.945156     2.8303     2.7619     0.0049  0.1567729  0.000e+00
        248      4.407    14.9395   2.946869     2.8303     2.7619     0.0049  0.1567729  0.000e+00
        249      4.374    14.9354   2.947668     2.8303     2.7619     0.0049  0.1567729  0.000e+00
        250      4.407    14.9388   2.948043     2.8303     2.7619     0.0049  0.1567729  0.000e+00
        251      4.498    14.9489   2.948588     2.8303     2.7619     0.0049  0.1567729  0.000e+00
        252      4.498    14.9608   2.949503     2.8303     2.7619     0.0049  0.1567729  0.000e+00
        253      4.473    14.9684   2.950721     2.8303     2.7619     0.0049  0.1567729  0.000e+00
        254      4.498    14.9591   2.951327     2.8291     2.7619     0.0049  0.1567729  0.000e+00
        255      4.589    14.9460   2.950892     2.8291     2.7619     0.0049  0.1557961  0.000e+00
        256      4.556    14.9435   2.949812     2.8291     2.7619     0.0049  0.1557961  0.000e+00
        257      4.556    14.9393   2.949178     2.8303     2.7619     0.0049  0.1557961  0.000e+00
        258      4.589    14.9344   2.948925     2.8303     2.7619     0.0049  0.1557961  0.000e+00
        259      4.679    14.9302   2.948666     2.8303     2.7619     0.0049  0.1557961  0.000e+00
        260      4.588    14.9315   2.948313     2.8303     2.7619     0.0049  0.1557961  0.000e+00
        261      4.679    14.9405   2.948340     2.8303     2.7619     0.0049  0.1557961  0.000e+00
        262      4.712    14.9562   2.949002     2.8315     2.7619     0.0049  0.1562845  0.000e+00
        263      4.679    14.9712   2.950236     2.8303     2.7619     0.0049  0.1557961  0.000e+00
        264      4.737    14.9835   2.951432     2.8303     2.7619     0.0049  0.1557961  0.000e+00
        265      4.778    14.9876   2.952319     2.8303     2.7619     0.0049  0.1557961  0.000e+00
        266      4.803    14.9721   2.952171     2.8303     2.7619     0.0049  0.1557961  0.000e+00
        267      4.778    14.9472   2.950826     2.8315     2.7619     0.0049  0.1557961  0.000e+00
        268      4.803    14.9280   2.949051     2.8303     2.7619     0.0049  0.1562845  0.000e+00
        269      4.860    14.9157   2.947668     2.8303     2.7619     0.0049  0.1557961  0.000e+00
        270      4.902    14.9069   2.946848     2.8303     2.7619     0.0049  0.1557961  0.000e+00
        271      4.860    14.9028   2.945939     2.8303     2.7619     0.0049  0.1557961  0.000e+00
        272      4.901    14.9007   2.945399     2.8315     2.7619     0.0049  0.1562845  0.000e+00
        273      4.926    14.8979   2.944898     2.8303     2.7619     0.0049  0.1557961  0.000e+00
        274      4.984    14.8957   2.944507     2.8303     2.7619     0.0049  0.1562845  0.000e+00
        275      4.959    14.8998   2.944143     2.8291     2.7619     0.0049  0.1557961  0.000e+00
        276      4.984    14.9099   2.944622     2.8315     2.7619     0.0049  0.1562845  0.000e+00
        277      5.017    14.9242   2.945558     2.8315     2.7619     0.0049  0.1557961  0.000e+00
        278      5.050    14.9422   2.946974     2.8303     2.7619     0.0049  0.1557961  0.000e+00
        279      5.050    14.9581   2.948748     2.8303     2.7619     0.0049  0.1557961  0.000e+00
        280      5.083    14.9733   2.950473     2.8303     2.7619     0.0049  0.1553077  0.000e+00
        281      5.107    14.9862   2.952116     2.8315     2.7619     0.0049  0.1548193  0.000e+00
        282      5.140    14.9955   2.953637     2.8315     2.7631     0.0049  0.1548193  0.000e+00
        283      5.107    14.9967   2.954729     2.8303     2.7631     0.0049  0.1548193  0.000e+00
        284      5.165    14.9950   2.954988     2.8303     2.7631     0.0049  0.1553077  0.000e+00
        285      5.206    14.9936   2.954828     2.8303     2.7631     0.0049  0.1548193  0.000e+00
        286      5.231    14.9894   2.954757     2.8327     2.7631     0.0049  0.1553077  0.000e+00
        287      5.206    14.9829   2.954602     2.8315     2.7631     0.0049  0.1548193  0.000e+00
        288      5.289    14.9781   2.953974     2.8303     2.7631     0.0049  0.1553077  0.000e+00
        289      5.289    14.9785   2.953555     2.8303     2.7631     0.0049  0.1548193  0.000e+00
        290      5.264    14.9791   2.953544     2.8303     2.7631     0.0049  0.1553077  0.000e+00
        291      5.355    14.9778   2.953709     2.8327     2.7631     0.0049  0.1553077  0.000e+00
        292      5.289    14.9779   2.953511     2.8315     2.7631     0.0049  0.1548193  0.000e+00
        293      5.387    14.9788   2.953511     2.8303     2.7631     0.0049  0.1548193  0.000e+00
        294      5.354    14.9799   2.953682     2.8303     2.7631     0.0049  0.1548193  0.000e+00
        295      5.445    14.9830   2.953957     2.8315     2.7631     0.0049  0.1553077  0.000e+00
        296      5.412    14.9838   2.954034     2.8315     2.7631     0.0049  0.1553077  0.000e+00
        297      5.470    14.9835   2.954095     2.8303     2.7631     0.0049  0.1548193  0.000e+00
        298      5.445    14.9811   2.954034     2.8303     2.7631     0.0049  0.1553077  0.000e+00
        299      5.470    14.9775   2.953902     2.8303     2.7631     0.0049  0.1553077  0.000e+00
        300      5.511    14.9769   2.953660     2.8303     2.7631     0.0049  0.1548193  0.000e+00
        301      5.536    14.9780   2.953715     2.8303     2.7631     0.0049  0.1553077  0.000e+00
        302      5.593    14.9806   2.953841     2.8303     2.7619     0.0049  0.1553077  0.000e+00
        303      5.569    14.9819   2.954134     2.8291     2.7619     0.0049  0.1553077  0.000e+00
        304      5.593    14.9823   2.954393     2.8303     2.7619     0.0049  0.1553077  0.000e+00
        305      5.635    14.9839   2.954426     2.8315     2.7619     0.0051  0.1543309  0.000e+00
        306      5.659    14.9885   2.954624     2.8303     2.7619     0.0049  0.1538425  0.000e+00
        307      5.659    14.9938   2.955005     2.8303     2.7619     0.0051  0.1538425  0.000e+00
        308      5.635    14.9974   2.955562     2.8303     2.7619     0.0051  0.1543309  0.000e+00
        309      5.783    15.0012   2.956102     2.8303     2.7607     0.0051  0.1543309  0.000e+00
        310      5.717    15.0028   2.956500     2.8303     2.7607     0.0051  0.1538425  0.000e+00
        311      5.750    15.0028   2.956632     2.8291     2.7607     0.0049  0.1543309  0.000e+00
        312      5.783    14.9996   2.956649     2.8278     2.7607     0.0049  0.1538425  0.000e+00
        313      5.750    14.9977   2.956533     2.8278     2.7595     0.0049  0.1538425  0.000e+00
        314      5.841    15.0005   2.956566     2.8291     2.7595     0.0051  0.1538425  0.000e+00
        315      5.841    15.0092   2.957106     2.8303     2.7595     0.0051  0.1543309  0.000e+00
        316      5.873    15.0251   2.958292     2.8303     2.7595     0.0051  0.1543309  0.000e+00
        317      5.840    15.0423   2.959948     2.8291     2.7595     0.0051  0.1543309  0.000e+00
        318      5.939    15.0565   2.961570     2.8278     2.7595     0.0051  0.1538425  0.000e+00
        319      5.898    15.0675   2.963099     2.8303     2.7595     0.0051  0.1543309  0.000e+00
        320      5.964    15.0709   2.964115     2.8291     2.7582     0.0049  0.1543309  0.000e+00
