data/2021/ctd_data_day2/station7.cnv
* Sea-Bird SBE 9 Data File:
* FileName = C:\Users\CTD-User\Desktop\MAR440\day2\station7.hex
* Software Version Seasave V 7.26.2.13
* Temperature SN = 6313
* Conductivity SN = 4758
* Number of Bytes Per Scan = 37
* Number of Voltage Words = 4
* Number of Scans Averaged by the Deck Unit = 1
* NMEA Latitude = 58 19.09 N
* NMEA Longitude = 011 47.38 E
* NMEA UTC (Time) = Sep 22 2021 11:12:47
* NMEA baud rate = 4800
** Ship: Skagerrak
** Station: station7
** Operator: group1
# nquan = 9
# nvalues = 2736                                  
# units = specified
# name 0 = scan: Scan Count
# name 1 = prDM: Pressure, Digiquartz [db]
# name 2 = t090C: Temperature [ITS-90, deg C]
# name 3 = c0S/m: Conductivity [S/m]
# name 4 = sbeox0V: Oxygen raw, SBE 43 [V]
# name 5 = sbeox1V: Oxygen raw, SBE 43, 2 [V]
# name 6 = flECO-AFL: Fluorescence, WET Labs ECO-AFL/FL [mg/m^3]
# name 7 = upoly0: Upoly 0, Turbidity
# name 8 = flag:  0.000e+00
# span 0 =          1,       2736                 
# span 1 =      0.724,     30.415                 
# span 2 =     7.3528,    16.1037                 
# span 3 =   2.942347,   3.796429                 
# span 4 =     0.5809,     2.8364                 
# span 5 =     0.6579,     2.7741                 
# span 6 =     0.0035,     0.0123                 
# span 7 =  0.0859548,  0.1675177                 
# span 8 = 0.0000e+00, 0.0000e+00                 
# interval = seconds: 0.0416667
# start_time = Sep 22 2021 11:12:47 [NMEA time, header]
# bad_flag = -9.990e-29
*END*
[from data line 1121]
       1122      1.210    14.8983   2.944533     2.8168     2.7668     0.0049  0.1655641  0.000e+00
       1123      1.177    14.8972   2.944351     2.8156     2.7668     0.0048  0.1665409  0.000e+00
       1124      1.276    14.8962   2.944285     2.8156     2.7668     0.0048  0.1665409  0.000e+00
       1125      1.301    14.8951   2.944026     2.8156     2.7668     0.0048  0.1665409  0.000e+00
       1126      1.276    14.8942   2.943993     2.8168     2.7656     0.0048  0.1665409  0.000e+00
       1127      1.301    14.8928   2.943751     2.8168     2.7668     0.0048  0.1665409  0.000e+00
       1128      1.399    14.8923   2.943696     2.8156     2.7656     0.0048  0.1665409  0.000e+00
       1129      1.366    14.8915   2.943437     2.8156     2.7656     0.0048  0.1665409  0.000e+00
       1130      1.399    14.8912   2.943448     2.8156     2.7656     0.0048  0.1665409  0.000e+00
       1131      1.424    14.8907   2.943366     2.8168     2.7656     0.0048  0.1665409  0.000e+00
       1132      1.457    14.8901   2.943294     2.8168     2.7656     0.0048  0.1665409  0.000e+00
       1133      1.424    14.8898   2.943272     2.8156     2.7656     0.0048  0.1665409  0.000e+00
       1134      1.523    14.8891   2.943261     2.8144     2.7656     0.0048  0.1665409  0.000e+00
       1135      1.548    14.8886   2.943101     2.8156     2.7643     0.0048  0.1665409  0.000e+00
       1136      1.457    14.8883   2.943019     2.8168     2.7643     0.0048  0.1665409  0.000e+00
       1137      1.605    14.8882   2.943041     2.8156     2.7643     0.0048  0.1660525  0.000e+00
       1138      1.605    14.8881   2.943041     2.8156     2.7643     0.0048  0.1660525  0.000e+00
       1139      1.581    14.8881   2.943046     2.8156     2.7643     0.0048  0.1665409  0.000e+00
       1140      1.671    14.8886   2.943008     2.8156     2.7631     0.0048  0.1665409  0.000e+00
       1141      1.638    14.8886   2.943090     2.8168     2.7631     0.0048  0.1665409  0.000e+00
       1142      1.671    14.8883   2.943068     2.8156     2.7631     0.0048  0.1665409  0.000e+00
       1143      1.704    14.8885   2.943063     2.8144     2.7631     0.0048  0.1665409  0.000e+00
       1144      1.729    14.8889   2.943118     2.8156     2.7631     0.0048  0.1665409  0.000e+00
       1145      1.762    14.8891   2.943124     2.8168     2.7631     0.0048  0.1665409  0.000e+00
       1146      1.729    14.8893   2.943173     2.8168     2.7631     0.0048  0.1660525  0.000e+00
       1147      1.762    14.8895   2.943096     2.8156     2.7631     0.0048  0.1626337  0.000e+00
       1148      1.853    14.8895   2.943217     2.8156     2.7631     0.0048  0.1611685  0.000e+00
       1149      1.828    14.8893   2.943124     2.8156     2.7619     0.0048  0.1606801  0.000e+00
       1150      1.853    14.8899   2.943234     2.8168     2.7619     0.0048  0.1606801  0.000e+00
       1151      1.853    14.8903   2.943046     2.8168     2.7619     0.0048  0.1611685  0.000e+00
       1152      1.886    14.8898   2.943184     2.8156     2.7619     0.0048  0.1611685  0.000e+00
       1153      1.910    14.8918   2.943311     2.8144     2.7619     0.0048  0.1606801  0.000e+00
       1154      1.943    14.8939   2.943476     2.8156     2.7619     0.0048  0.1606801  0.000e+00
       1155      1.976    14.8954   2.943597     2.8168     2.7619     0.0048  0.1611685  0.000e+00
       1156      1.943    14.8963   2.943839     2.8168     2.7619     0.0048  0.1611685  0.000e+00
       1157      1.976    14.8957   2.944027     2.8156     2.7619     0.0048  0.1611685  0.000e+00
       1158      2.009    14.8960   2.943972     2.8168     2.7607     0.0048  0.1606801  0.000e+00
       1159      2.100    14.8962   2.943972     2.8181     2.7619     0.0048  0.1611685  0.000e+00
       1160      2.009    14.8960   2.943911     2.8205     2.7607     0.0048  0.1611685  0.000e+00
       1161      2.100    14.8948   2.944060     2.8181     2.7607     0.0048  0.1611685  0.000e+00
       1162      2.067    14.8939   2.943801     2.8168     2.7607     0.0048  0.1606801  0.000e+00
       1163      2.157    14.8920   2.943762     2.8168     2.7607     0.0048  0.1611685  0.000e+00
       1164      2.100    14.8905   2.943520     2.8181     2.7607     0.0048  0.1606801  0.000e+00
       1165      2.190    14.8901   2.943526     2.8193     2.7607     0.0048  0.1606801  0.000e+00
       1166      2.157    14.8901   2.943360     2.8181     2.7607     0.0048  0.1611685  0.000e+00
       1167      2.190    14.8897   2.943415     2.8168     2.7607     0.0048  0.1611685  0.000e+00
       1168      2.281    14.8889   2.943316     2.8168     2.7607     0.0048  0.1611685  0.000e+00
       1169      2.190    14.8888   2.943140     2.8193     2.7607     0.0048  0.1611685  0.000e+00
       1170      2.281    14.8889   2.943019     2.8205     2.7607     0.0048  0.1606801  0.000e+00
       1171      2.314    14.8889   2.943069     2.8181     2.7607     0.0048  0.1611685  0.000e+00
       1172      2.281    14.8893   2.943162     2.8181     2.7619     0.0048  0.1601917  0.000e+00
       1173      2.338    14.8901   2.943140     2.8181     2.7619     0.0049  0.1592149  0.000e+00
       1174      2.371    14.8905   2.943338     2.8205     2.7619     0.0049  0.1587265  0.000e+00
       1175      2.338    14.8903   2.943261     2.8205     2.7619     0.0049  0.1587265  0.000e+00
       1176      2.371    14.8903   2.943371     2.8205     2.7619     0.0049  0.1587265  0.000e+00
       1177      2.404    14.8900   2.943184     2.8193     2.7619     0.0049  0.1592149  0.000e+00
       1178      2.495    14.8893   2.943223     2.8193     2.7619     0.0049  0.1587265  0.000e+00
       1179      2.404    14.8886   2.943102     2.8205     2.7619     0.0049  0.1587265  0.000e+00
       1180      2.495    14.8889   2.943184     2.8205     2.7619     0.0049  0.1592149  0.000e+00
       1181      2.528    14.8891   2.943201     2.8205     2.7619     0.0051  0.1592149  0.000e+00
       1182      2.561    14.8888   2.943118     2.8205     2.7619     0.0049  0.1587265  0.000e+00
       1183      2.528    14.8883   2.943146     2.8205     2.7619     0.0049  0.1587265  0.000e+00
       1184      2.586    14.8884   2.942964     2.8217     2.7619     0.0049  0.1592149  0.000e+00
       1185      2.561    14.8891   2.943118     2.8205     2.7619     0.0049  0.1592149  0.000e+00
       1186      2.643    14.8899   2.942981     2.8205     2.7619     0.0049  0.1587265  0.000e+00
       1187      2.619    14.8903   2.943212     2.8205     2.7631     0.0049  0.1592149  0.000e+00
       1188      2.643    14.8908   2.943239     2.8217     2.7631     0.0049  0.1592149  0.000e+00
       1189      2.676    14.8922   2.943394     2.8229     2.7619     0.0049  0.1592149  0.000e+00
       1190      2.709    14.8944   2.943559     2.8217     2.7631     0.0049  0.1592149  0.000e+00
       1191      2.742    14.8956   2.943752     2.8205     2.7631     0.0049  0.1592149  0.000e+00
       1192      2.709    14.8958   2.943917     2.8217     2.7631     0.0049  0.1592149  0.000e+00
       1193      2.767    14.8964   2.944005     2.8229     2.7631     0.0049  0.1587265  0.000e+00
       1194      2.800    14.8967   2.944032     2.8229     2.7631     0.0049  0.1592149  0.000e+00
       1195      2.833    14.8960   2.944005     2.8217     2.7631     0.0049  0.1592149  0.000e+00
       1196      2.800    14.8962   2.944087     2.8217     2.7631     0.0049  0.1592149  0.000e+00
       1197      2.890    14.8972   2.943988     2.8217     2.7631     0.0049  0.1587265  0.000e+00
       1198      2.866    14.8971   2.944115     2.8242     2.7631     0.0048  0.1567729  0.000e+00
       1199      2.890    14.8972   2.944082     2.8254     2.7631     0.0048  0.1557961  0.000e+00
       1200      2.923    14.8966   2.944104     2.8229     2.7631     0.0048  0.1553077  0.000e+00
       1201      2.948    14.8964   2.943829     2.8229     2.7631     0.0048  0.1557961  0.000e+00
       1202      2.948    14.8964   2.943889     2.8229     2.7643     0.0048  0.1557961  0.000e+00
       1203      2.989    14.8960   2.944010     2.8254     2.7643     0.0048  0.1557961  0.000e+00
       1204      2.948    14.8954   2.943862     2.8242     2.7656     0.0048  0.1557961  0.000e+00
       1205      3.047    14.8944   2.943752     2.8242     2.7656     0.0048  0.1557961  0.000e+00
       1206      3.072    14.8935   2.943768     2.8254     2.7656     0.0048  0.1557961  0.000e+00
       1207      3.047    14.8933   2.943746     2.8242     2.7656     0.0048  0.1557961  0.000e+00
       1208      3.072    14.8939   2.943641     2.8254     2.7656     0.0048  0.1557961  0.000e+00
       1209      3.137    14.8944   2.943763     2.8254     2.7656     0.0048  0.1557961  0.000e+00
       1210      3.105    14.8942   2.943724     2.8254     2.7656     0.0048  0.1557961  0.000e+00
       1211      3.137    14.8940   2.943785     2.8242     2.7656     0.0048  0.1557961  0.000e+00
       1212      3.104    14.8944   2.943829     2.8266     2.7656     0.0048  0.1557961  0.000e+00
       1213      3.319    14.8939   2.943840     2.8266     2.7668     0.0048  0.1557961  0.000e+00
       1214      3.170    14.8939   2.943691     2.8254     2.7656     0.0048  0.1557961  0.000e+00
       1215      3.261    14.8936   2.943774     2.8254     2.7668     0.0048  0.1557961  0.000e+00
       1216      3.294    14.8937   2.943669     2.8254     2.7668     0.0048  0.1557961  0.000e+00
       1217      3.261    14.8942   2.943741     2.8278     2.7668     0.0048  0.1557961  0.000e+00
       1218      3.319    14.8948   2.943537     2.8266     2.7668     0.0048  0.1557961  0.000e+00
       1219      3.352    14.8956   2.943719     2.8266     2.7668     0.0048  0.1557961  0.000e+00
       1220      3.319    14.8966   2.943939     2.8266     2.7668     0.0048  0.1557961  0.000e+00
       1221      3.352    14.9001   2.944385     2.8266     2.7668     0.0048  0.1557961  0.000e+00
       1222      3.376    14.9047   2.944798     2.8303     2.7668     0.0048  0.1557961  0.000e+00
       1223      3.475    14.9099   2.945349     2.8278     2.7668     0.0049  0.1562845  0.000e+00
       1224      3.442    14.9158   2.945701     2.8278     2.7668     0.0049  0.1582381  0.000e+00
       1225      3.442    14.9206   2.946456     2.8278     2.7668     0.0049  0.1587265  0.000e+00
       1226      3.475    14.9264   2.946886     2.8278     2.7668     0.0055  0.1587265  0.000e+00
       1227      3.500    14.9310   2.947470     2.8303     2.7668     0.0055  0.1587265  0.000e+00
       1228      3.533    14.9359   2.947927     2.8303     2.7668     0.0055  0.1587265  0.000e+00
       1229      3.566    14.9380   2.948357     2.8303     2.7680     0.0055  0.1587265  0.000e+00
       1230      3.533    14.9359   2.948583     2.8303     2.7668     0.0055  0.1587265  0.000e+00
       1231      3.624    14.9302   2.948296     2.8290     2.7680     0.0053  0.1587265  0.000e+00
       1232      3.624    14.9234   2.947817     2.8303     2.7680     0.0053  0.1587265  0.000e+00
       1233      3.599    14.9141   2.946952     2.8290     2.7680     0.0053  0.1587265  0.000e+00
       1234      3.681    14.9072   2.946021     2.8303     2.7692     0.0055  0.1587265  0.000e+00
       1235      3.656    14.9023   2.945288     2.8290     2.7680     0.0053  0.1587265  0.000e+00
       1236      3.681    14.8994   2.944782     2.8315     2.7680     0.0053  0.1587265  0.000e+00
       1237      3.722    14.8969   2.944352     2.8315     2.7680     0.0049  0.1587265  0.000e+00
       1238      3.805    14.8959   2.944110     2.8303     2.7692     0.0055  0.1587265  0.000e+00
       1239      3.747    14.8960   2.944016     2.8303     2.7692     0.0055  0.1587265  0.000e+00
       1240      3.780    14.8960   2.944005     2.8303     2.7680     0.0053  0.1582381  0.000e+00
       1241      3.805    14.8956   2.944000     2.8327     2.7692     0.0055  0.1587265  0.000e+00
       1242      3.838    14.8954   2.943983     2.8315     2.7692     0.0053  0.1587265  0.000e+00
       1243      3.871    14.8952   2.943890     2.8303     2.7692     0.0049  0.1587265  0.000e+00
       1244      3.871    14.8948   2.943950     2.8303     2.7692     0.0055  0.1587265  0.000e+00
       1245      3.904    14.8945   2.943856     2.8303     2.7692     0.0053  0.1587265  0.000e+00
       1246      3.928    14.8944   2.943829     2.8327     2.7692     0.0055  0.1587265  0.000e+00
       1247      3.961    14.8942   2.943532     2.8327     2.7692     0.0055  0.1587265  0.000e+00
       1248      3.928    14.8950   2.943526     2.8315     2.7692     0.0053  0.1587265  0.000e+00
       1249      4.027    14.8972   2.943609     2.8315     2.7692     0.0049  0.1587265  0.000e+00
       1250      3.986    14.8998   2.944314     2.8315     2.7692     0.0048  0.1587265  0.000e+00
       1251      4.052    14.9015   2.944616     2.8352     2.7704     0.0048  0.1587265  0.000e+00
       1252      4.027    14.9028   2.944859     2.8327     2.7704     0.0048  0.1587265  0.000e+00
       1253      4.110    14.9018   2.944798     2.8327     2.7704     0.0048  0.1587265  0.000e+00
       1254      4.085    14.9031   2.944903     2.8315     2.7704     0.0048  0.1587265  0.000e+00
       1255      4.110    14.9058   2.945074     2.8327     2.7704     0.0048  0.1587265  0.000e+00
       1256      4.176    14.9107   2.945509     2.8339     2.7704     0.0048  0.1587265  0.000e+00
       1257      4.151    14.9143   2.945922     2.8327     2.7704     0.0048  0.1587265  0.000e+00
       1258      4.176    14.9163   2.946285     2.8327     2.7704     0.0048  0.1587265  0.000e+00
       1259      4.266    14.9177   2.946313     2.8327     2.7704     0.0048  0.1587265  0.000e+00
       1260      4.175    14.9186   2.946522     2.8352     2.7704     0.0048  0.1587265  0.000e+00
       1261      4.266    14.9178   2.946374     2.8352     2.7704     0.0048  0.1587265  0.000e+00
       1262      4.299    14.9175   2.946462     2.8327     2.7704     0.0048  0.1587265  0.000e+00
       1263      4.299    14.9170   2.946390     2.8327     2.7704     0.0048  0.1582381  0.000e+00
       1264      4.332    14.9174   2.946495     2.8327     2.7704     0.0048  0.1587265  0.000e+00
       1265      4.357    14.9177   2.946544     2.8352     2.7704     0.0048  0.1587265  0.000e+00
       1266      4.332    14.9165   2.946561     2.8352     2.7704     0.0048  0.1587265  0.000e+00
       1267      4.414    14.9155   2.946445     2.8327     2.7704     0.0048  0.1587265  0.000e+00
       1268      4.414    14.9136   2.946219     2.8327     2.7704     0.0048  0.1587265  0.000e+00
       1269      4.456    14.9143   2.946120     2.8327     2.7704     0.0048  0.1587265  0.000e+00
       1270      4.414    14.9161   2.946104     2.8339     2.7704     0.0048  0.1587265  0.000e+00
       1271      4.513    14.9163   2.946390     2.8352     2.7704     0.0048  0.1587265  0.000e+00
       1272      4.480    14.9164   2.946285     2.8327     2.7704     0.0048  0.1587265  0.000e+00
       1273      4.538    14.9165   2.946401     2.8327     2.7704     0.0048  0.1587265  0.000e+00
       1274      4.513    14.9167   2.946379     2.8327     2.7704     0.0048  0.1577497  0.000e+00
       1275      4.604    14.9184   2.946517     2.8352     2.7704     0.0046  0.1567729  0.000e+00
       1276      4.571    14.9195   2.946611     2.8339     2.7704     0.0046  0.1567729  0.000e+00
       1277      4.604    14.9190   2.946710     2.8327     2.7704     0.0048  0.1567729  0.000e+00
       1278      4.695    14.9180   2.946633     2.8339     2.7704     0.0046  0.1567729  0.000e+00
       1279      4.604    14.9171   2.946412     2.8352     2.7704     0.0048  0.1567729  0.000e+00
       1280      4.662    14.9158   2.946368     2.8352     2.7704     0.0046  0.1567729  0.000e+00
