data/2021/ctd_data_day2/station8_ctm_fil_le.cnv
* Sea-Bird SBE 9 Data File:
* FileName = C:\Users\CTD-User\Desktop\MAR440\day2\station8.hex
* Software Version Seasave V 7.26.2.13
* Temperature SN = 6313
* Conductivity SN = 4758
* Number of Bytes Per Scan = 37
* Number of Voltage Words = 4
* Number of Scans Averaged by the Deck Unit = 1
* NMEA Latitude = 58 19.53 N
* NMEA Longitude = 011 50.68 E
* NMEA UTC (Time) = Sep 22 2021 11:34:11
* NMEA baud rate = 4800
** Ship: Skagerrak
** Station: station8
** Operator: group1
# nquan = 9
# nvalues = 1621                        
# units = specified
# name 0 = scan: Scan Count
# name 1 = prDM: Pressure, Digiquartz [db]
# name 2 = t090C: Temperature [ITS-90, deg C]
# name 3 = c0S/m: Conductivity [S/m]
# name 4 = sbeox0V: Oxygen raw, SBE 43 [V]
# name 5 = sbeox1V: Oxygen raw, SBE 43, 2 [V]
# name 6 = flECO-AFL: Fluorescence, WET Labs ECO-AFL/FL [mg/m^3]
# name 7 = upoly0: Upoly 0, Turbidity
# name 8 = flag:  0.000e+00
# span 0 =          1,       1621       
# span 1 =      0.840,     12.569       
# span 2 =    14.0065,    15.7167       
# span 3 =   2.901340,   3.413555       
# span 4 =     1.3577,     2.8177       
# span 5 =     1.3369,     2.7501       
# span 6 =     0.0040,     0.0057       
# span 7 =  0.0909304,  0.1803616       
# span 8 = 0.0000e+00, 0.0000e+00       
# interval = seconds: 0.0416667
# start_time = Sep 22 2021 11:34:11 [NMEA time, header]
# bad_flag = -9.990e-29
*END*
[from data line 161]
        162      6.029    15.4716   3.175467     2.7475     2.6637     0.0049  0.1565056 -9.990e-29
        163      6.049    15.4849   3.183779     2.7472     2.6633     0.0051  0.1560518 -9.990e-29
        164      6.070    15.4976   3.191750     2.7469     2.6627     0.0049  0.1555922 -9.990e-29
        165      6.090    15.5095   3.199314     2.7466     2.6622     0.0049  0.1551244 -9.990e-29
        166      6.110    15.5207   3.206428     2.7462     2.6616     0.0049  0.1546443 -9.990e-29
        167      6.130    15.5311   3.213082     2.7458     2.6610     0.0049  0.1541476 -9.990e-29
        168      6.150    15.5409   3.219286     2.7454     2.6603     0.0051  0.1536311 -9.990e-29
        169      6.170    15.5500   3.225066     2.7449     2.6596     0.0049  0.1530909 -9.990e-29
        170      6.189    15.5586   3.230453     2.7444     2.6589     0.0051  0.1525234 -9.990e-29
        171      6.208    15.5666   3.235480     2.7439     2.6581     0.0051  0.1519239 -9.990e-29
        172      6.227    15.5742   3.240180     2.7433     2.6573     0.0049  0.1512872 -9.990e-29
        173      6.246    15.5814   3.244578     2.7427     2.6565     0.0051  0.1506098 -9.990e-29
        174      6.264    15.5882   3.248689     2.7421     2.6556     0.0049  0.1498878 -9.990e-29
        175      6.283    15.5946   3.252526     2.7414     2.6547     0.0049  0.1491153 -9.990e-29
        176      6.301    15.6006   3.256097     2.7406     2.6537     0.0049  0.1482871 -9.990e-29
        177      6.319    15.6062   3.259414     2.7399     2.6527     0.0049  0.1473990 -9.990e-29
        178      6.336    15.6115   3.262487     2.7390     2.6516     0.0051  0.1464456 -9.990e-29
        179      6.353    15.6164   3.265327     2.7381     2.6505     0.0049  0.1454196 -9.990e-29
        180      6.369    15.6210   3.267948     2.7372     2.6493     0.0051  0.1443205 -9.990e-29
        181      6.386    15.6253   3.270363     2.7362     2.6480     0.0048  0.1431832 -9.990e-29
        182      6.401    15.6293   3.272585     2.7351     2.6467     0.0048  0.1420712 -9.990e-29
        183      6.417    15.6330   3.274623     2.7340     2.6453     0.0048  0.1410234 -9.990e-29
        184      6.431    15.6365   3.276486     2.7328     2.6438     0.0048  0.1400409 -9.990e-29
        185      6.445    15.6397   3.278181     2.7316     2.6423     0.0048  0.1391137 -9.990e-29
        186      6.459    15.6427   3.279719     2.7302     2.6406     0.0048  0.1382335 -9.990e-29
        187      6.472    15.6454   3.281112     2.7288     2.6389     0.0048  0.1373942 -9.990e-29
        188      6.484    15.6480   3.282373     2.7274     2.6370     0.0048  0.1365899 -9.990e-29
        189      6.495    15.6504   3.283515     2.7258     2.6350     0.0048  0.1358152 -9.990e-29
        190      6.507    15.6525   3.284547     2.7241     2.6329     0.0048  0.1350645 -9.990e-29
        191      6.517    15.6545   3.285481     2.7224     2.6306     0.0048  0.1343327 -9.990e-29
        192      6.527    15.6564   3.286327     2.7205     2.6282     0.0048  0.1336146 -9.990e-29
        193      6.537    15.6581   3.287106     2.7185     2.6257     0.0048  0.1329054 -9.990e-29
        194      6.546    15.6596   3.287837     2.7164     2.6230     0.0048  0.1321999 -9.990e-29
        195      6.554    15.6610   3.288536     2.7142     2.6201     0.0048  0.1314934 -9.990e-29
        196      6.562    15.6623   3.289213     2.7119     2.6171     0.0048  0.1307810 -9.990e-29
        197      6.569    15.6634   3.289867     2.7094     2.6139     0.0048  0.1300584 -9.990e-29
        198      6.575    15.6644   3.290495     2.7067     2.6106     0.0048  0.1293216 -9.990e-29
        199      6.582    15.6652   3.291090     2.7040     2.6070     0.0048  0.1285646 -9.990e-29
        200      6.587    15.6659   3.291641     2.7010     2.6033     0.0048  0.1277812 -9.990e-29
        201      6.592    15.6665   3.292132     2.6979     2.5994     0.0048  0.1269660 -9.990e-29
        202      6.597    15.6670   3.292549     2.6947     2.5953     0.0048  0.1261133 -9.990e-29
        203      6.601    15.6673   3.292885     2.6913     2.5910     0.0048  0.1252172 -9.990e-29
        204      6.605    15.6676   3.293141     2.6877     2.5865     0.0048  0.1242714 -9.990e-29
        205      6.609    15.6677   3.293326     2.6839     2.5819     0.0048  0.1232695 -9.990e-29
        206      6.612    15.6678   3.293450     2.6799     2.5770     0.0046  0.1222273 -9.990e-29
        207      6.615    15.6677   3.293526     2.6758     2.5720     0.0044  0.1212021 -9.990e-29
        208      6.618    15.6675   3.293564     2.6715     2.5669     0.0044  0.1202515 -9.990e-29
        209      6.620    15.6672   3.293574     2.6670     2.5615     0.0044  0.1193941 -9.990e-29
        210      6.622    15.6669   3.293563     2.6623     2.5560     0.0044  0.1186250 -9.990e-29
        211      6.624    15.6666   3.293540     2.6574     2.5504     0.0044  0.1179362 -9.990e-29
        212      6.626    15.6663   3.293523     2.6524     2.5446     0.0044  0.1173221 -9.990e-29
        213      6.628    15.6660   3.293531     2.6471     2.5387     0.0044  0.1167793 -9.990e-29
        214      6.629    15.6659   3.293579     2.6417     2.5327     0.0044  0.1163047 -9.990e-29
        215      6.631    15.6659   3.293674     2.6361     2.5265     0.0044  0.1158953 -9.990e-29
        216      6.632    15.6659   3.293798     2.6304     2.5202     0.0044  0.1155480 -9.990e-29
        217      6.633    15.6659   3.293918     2.6245     2.5139     0.0044  0.1152605 -9.990e-29
        218      6.634    15.6659   3.293998     2.6185     2.5074     0.0044  0.1150307 -9.990e-29
        219      6.635    15.6659   3.294013     2.6123     2.5008     0.0044  0.1148571 -9.990e-29
        220      6.636    15.6658   3.293952     2.6060     2.4942     0.0044  0.1147385 -9.990e-29
        221      6.637    15.6656   3.293805     2.5996     2.4875     0.0044  0.1146741 -9.990e-29
        222      6.637    15.6654   3.293571     2.5931     2.4808     0.0044  0.1146633 -9.990e-29
        223      6.638    15.6651   3.293252     2.5864     2.4740     0.0044  0.1147061 -9.990e-29
        224      6.639    15.6647   3.292861     2.5797     2.4671     0.0044  0.1148029 -9.990e-29
        225      6.640    15.6642   3.292414     2.5729     2.4602     0.0044  0.1149542 -9.990e-29
        226      6.640    15.6637   3.291922     2.5659     2.4534     0.0042  0.1151612 -9.990e-29
        227      6.641    15.6631   3.291382     2.5590     2.4464     0.0044  0.1154252 -9.990e-29
        228      6.642    15.6625   3.290787     2.5519     2.4395     0.0044  0.1157482 -9.990e-29
        229      6.643    15.6618   3.290137     2.5448     2.4326     0.0044  0.1161323 -9.990e-29
        230      6.643    15.6610   3.289438     2.5377     2.4257     0.0044  0.1165803 -9.990e-29
        231      6.644    15.6602   3.288706     2.5305     2.4188     0.0044  0.1170901 -9.990e-29
        232      6.644    15.6593   3.287956     2.5232     2.4119     0.0044  0.1176416 -9.990e-29
        233      6.645    15.6585   3.287200     2.5160     2.4050     0.0044  0.1182003 -9.990e-29
        234      6.646    15.6575   3.286447     2.5087     2.3982     0.0044  0.1187446 -9.990e-29
        235      6.646    15.6566   3.285706     2.5014     2.3913     0.0044  0.1192732 -9.990e-29
        236      6.647    15.6557   3.284983     2.4942     2.3846     0.0044  0.1197916 -9.990e-29
        237      6.648    15.6548   3.284285     2.4869     2.3778     0.0044  0.1203041 -9.990e-29
        238      6.648    15.6539   3.283615     2.4796     2.3711     0.0044  0.1208143 -9.990e-29
        239      6.649    15.6530   3.282975     2.4723     2.3645     0.0044  0.1213258 -9.990e-29
        240      6.649    15.6521   3.282367     2.4651     2.3579     0.0044  0.1218421 -9.990e-29
        241      6.650    15.6512   3.281794     2.4579     2.3514     0.0044  0.1223669 -9.990e-29
        242      6.650    15.6503   3.281258     2.4507     2.3449     0.0044  0.1229037 -9.990e-29
        243      6.651    15.6495   3.280760     2.4436     2.3385     0.0044  0.1234563 -9.990e-29
        244      6.652    15.6487   3.280299     2.4365     2.3321     0.0044  0.1240286 -9.990e-29
        245      6.652    15.6479   3.279876     2.4295     2.3259     0.0044  0.1246245 -9.990e-29
        246      6.653    15.6471   3.279490     2.4225     2.3196     0.0044  0.1252482 -9.990e-29
        247      6.654    15.6463   3.279142     2.4155     2.3135     0.0044  0.1259040 -9.990e-29
        248      6.654    15.6456   3.278832     2.4086     2.3075     0.0044  0.1265965 -9.990e-29
        249      6.655    15.6449   3.278556     2.4018     2.3015     0.0044  0.1273305 -9.990e-29
        250      6.655    15.6442   3.278304     2.3951     2.2956     0.0044  0.1281111 -9.990e-29
        251      6.656    15.6436   3.278071     2.3884     2.2898     0.0044  0.1289437 -9.990e-29
        252      6.657    15.6429   3.277854     2.3818     2.2841     0.0044  0.1298342 -9.990e-29
        253      6.657    15.6423   3.277648     2.3753     2.2785     0.0044  0.1307887 -9.990e-29
        254      6.658    15.6417   3.277448     2.3688     2.2730     0.0044  0.1318138 -9.990e-29
        255      6.658    15.6411   3.277247     2.3624     2.2676     0.0044  0.1329167 -9.990e-29
        256      6.658    15.6405   3.277041     2.3562     2.2622     0.0044  0.1341051 -9.990e-29
        257      6.659    15.6399   3.276823     2.3499     2.2570     0.0048  0.1353592 -9.990e-29
        258      6.659    15.6392   3.276591     2.3438     2.2519     0.0048  0.1366070 -9.990e-29
        259      6.659    15.6386   3.276340     2.3377     2.2468     0.0048  0.1377749 -9.990e-29
        260      6.659    15.6379   3.276065     2.3318     2.2419     0.0048  0.1388378 -9.990e-29
        261      6.660    15.6372   3.275763     2.3259     2.2371     0.0048  0.1398022 -9.990e-29
        262      6.660    15.6364   3.275430     2.3201     2.2324     0.0048  0.1406791 -9.990e-29
        263      6.660    15.6356   3.275059     2.3144     2.2278     0.0048  0.1414764 -9.990e-29
        264      6.660    15.6347   3.274648     2.3088     2.2232     0.0048  0.1421996 -9.990e-29
        265      6.660    15.6337   3.274193     2.3033     2.2188     0.0048  0.1428544 -9.990e-29
        266      6.660    15.6326   3.273691     2.2979     2.2145     0.0048  0.1434456 -9.990e-29
        267      6.660    15.6314   3.273139     2.2925     2.2103     0.0048  0.1439764 -9.990e-29
        268      6.660    15.6301   3.272530     2.2873     2.2062     0.0048  0.1444512 -9.990e-29
        269      6.659    15.6287   3.271861     2.2821     2.2022     0.0048  0.1448735 -9.990e-29
        270      6.659    15.6271   3.271125     2.2771     2.1983     0.0048  0.1452444 -9.990e-29
        271      6.659    15.6254   3.270313     2.2721     2.1945     0.0048  0.1455657 -9.990e-29
        272      6.659    15.6235   3.269417     2.2673     2.1908     0.0048  0.1458405 -9.990e-29
        273      6.658    15.6213   3.268426     2.2625     2.1871     0.0048  0.1460715 -9.990e-29
        274      6.658    15.6190   3.267334     2.2578     2.1836     0.0048  0.1462603 -9.990e-29
        275      6.657    15.6165   3.266143     2.2532     2.1802     0.0048  0.1464092 -9.990e-29
        276      6.656    15.6138   3.264868     2.2488     2.1768     0.0048  0.1465199 -9.990e-29
        277      6.655    15.6109   3.263537     2.2444     2.1736     0.0048  0.1465924 -9.990e-29
        278      6.654    15.6082   3.262187     2.2401     2.1704     0.0048  0.1466255 -9.990e-29
        279      6.653    15.6055   3.260866     2.2359     2.1673     0.0048  0.1466186 -9.990e-29
        280      6.652    15.6032   3.259617     2.2318     2.1643     0.0048  0.1465724 -9.990e-29
        281      6.650    15.6010   3.258464     2.2277     2.1613     0.0048  0.1464876 -9.990e-29
        282      6.648    15.5992   3.257415     2.2238     2.1584     0.0048  0.1463636 -9.990e-29
        283      6.646    15.5975   3.256468     2.2200     2.1556     0.0046  0.1462036 -9.990e-29
        284      6.645    15.5960   3.255626     2.2162     2.1529     0.0048  0.1460160 -9.990e-29
        285      6.642    15.5947   3.254882     2.2125     2.1503     0.0046  0.1458062 -9.990e-29
        286      6.640    15.5934   3.254206     2.2089     2.1477     0.0046  0.1455745 -9.990e-29
        287      6.637    15.5921   3.253548     2.2054     2.1451     0.0046  0.1453192 -9.990e-29
        288      6.635    15.5908   3.252879     2.2020     2.1427     0.0046  0.1450386 -9.990e-29
        289      6.631    15.5895   3.252198     2.1987     2.1403     0.0048  0.1447308 -9.990e-29
        290      6.628    15.5882   3.251501     2.1955     2.1380     0.0048  0.1443935 -9.990e-29
        291      6.624    15.5868   3.250767     2.1923     2.1357     0.0048  0.1440245 -9.990e-29
        292      6.620    15.5853   3.249954     2.1892     2.1335     0.0046  0.1436212 -9.990e-29
        293      6.615    15.5835   3.249027     2.1862     2.1313     0.0048  0.1431807 -9.990e-29
        294      6.610    15.5814   3.247959     2.1832     2.1292     0.0046  0.1427001 -9.990e-29
        295      6.604    15.5791   3.246733     2.1804     2.1272     0.0046  0.1421759 -9.990e-29
        296      6.598    15.5764   3.245338     2.1776     2.1252     0.0046  0.1416045 -9.990e-29
        297      6.591    15.5735   3.243764     2.1748     2.1233     0.0046  0.1409819 -9.990e-29
        298      6.584    15.5702   3.241998     2.1722     2.1214     0.0046  0.1403039 -9.990e-29
        299      6.576    15.5664   3.240023     2.1696     2.1196     0.0046  0.1395657 -9.990e-29
        300      6.567    15.5623   3.237823     2.1671     2.1179     0.0046  0.1387621 -9.990e-29
        301      6.559    15.5578   3.235389     2.1647     2.1162     0.0048  0.1378876 -9.990e-29
        302      6.550    15.5529   3.232721     2.1623     2.1145     0.0046  0.1369361 -9.990e-29
        303      6.541    15.5477   3.229824     2.1600     2.1129     0.0046  0.1359009 -9.990e-29
        304      6.531    15.5422   3.226721     2.1577     2.1113     0.0048  0.1347750 -9.990e-29
        305      6.521    15.5365   3.223457     2.1555     2.1098     0.0046  0.1335503 -9.990e-29
        306      6.510    15.5307   3.220084     2.1533     2.1083     0.0048  0.1322184 -9.990e-29
        307      6.498    15.5247   3.216639     2.1512     2.1069     0.0046  0.1307702 -9.990e-29
        308      6.486    15.5187   3.213137     2.1492     2.1055     0.0048  0.1292310 -9.990e-29
        309      6.474    15.5125   3.209577     2.1472     2.1042     0.0048  0.1276965 -9.990e-29
        310      6.461    15.5062   3.205955     2.1453     2.1029     0.0048  0.1262680 -9.990e-29
        311      6.448    15.4999   3.202273     2.1434     2.1016     0.0048  0.1249823 -9.990e-29
        312      6.434    15.4934   3.198535     2.1417     2.1004     0.0048  0.1238331 -9.990e-29
        313      6.420    15.4868   3.194732     2.1399     2.0992     0.0048  0.1228081 -9.990e-29
        314      6.406    15.4800   3.190849     2.1382     2.0980     0.0048  0.1218985 -9.990e-29
        315      6.391    15.4731   3.186872     2.1366     2.0968     0.0048  0.1210988 -9.990e-29
        316      6.377    15.4660   3.182801     2.1350     2.0957     0.0048  0.1204034 -9.990e-29
        317      6.362    15.4587   3.178645     2.1335     2.0946     0.0048  0.1198066 -9.990e-29
        318      6.346    15.4514   3.174423     2.1320     2.0935     0.0048  0.1193052 -9.990e-29
        319      6.331    15.4439   3.170155     2.1306     2.0925     0.0048  0.1188965 -9.990e-29
        320      6.315    15.4362   3.165840     2.1292     2.0914     0.0048  0.1185768 -9.990e-29
