data/2021/ctd_data_day2/station8.cnv
* Sea-Bird SBE 9 Data File:
* FileName = C:\Users\CTD-User\Desktop\MAR440\day2\station8.hex
* Software Version Seasave V 7.26.2.13
* Temperature SN = 6313
* Conductivity SN = 4758
* Number of Bytes Per Scan = 37
* Number of Voltage Words = 4
* Number of Scans Averaged by the Deck Unit = 1
* NMEA Latitude = 58 19.53 N
* NMEA Longitude = 011 50.68 E
* NMEA UTC (Time) = Sep 22 2021 11:34:11
* NMEA baud rate = 4800
** Ship: Skagerrak
** Station: station8
** Operator: group1
# nquan = 9
# nvalues = 1621                                  
# units = specified
# name 0 = scan: Scan Count
# name 1 = prDM: Pressure, Digiquartz [db]
# name 2 = t090C: Temperature [ITS-90, deg C]
# name 3 = c0S/m: Conductivity [S/m]
# name 4 = sbeox0V: Oxygen raw, SBE 43 [V]
# name 5 = sbeox1V: Oxygen raw, SBE 43, 2 [V]
# name 6 = flECO-AFL: Fluorescence, WET Labs ECO-AFL/FL [mg/m^3]
# name 7 = upoly0: Upoly 0, Turbidity
# name 8 = flag:  0.000e+00
# span 0 =          1,       1621                 
# span 1 =      0.732,     12.652                 
# span 2 =    13.9013,    15.7444                 
# span 3 =   2.896753,   3.420962                 
# span 4 =     1.3528,     2.8205                 
# span 5 =     1.3344,     2.7521                 
# span 6 =     0.0040,     0.0057                 
# span 7 =  0.0908388,  0.1826581                 
# span 8 = 0.0000e+00, 0.0000e+00                 
# interval = seconds: 0.0416667
# start_time = Sep 22 2021 11:34:11 [NMEA time, header]
# bad_flag = -9.990e-29
*END*
[from data line 481]
        482      3.123    14.9992   2.950086     2.5519     2.5250     0.0049  0.1636105  0.000e+00
        483      3.156    15.0048   2.950781     2.5519     2.5275     0.0049  0.1636105  0.000e+00
        484      3.123    15.0044   2.951696     2.5555     2.5287     0.0049  0.1636105  0.000e+00
        485      3.090    14.9960   2.951497     2.5592     2.5323     0.0049  0.1636105  0.000e+00
        486      3.057    14.9885   2.949695     2.5629     2.5348     0.0049  0.1636105  0.000e+00
        487      3.057    14.9851   2.947827     2.5641     2.5360     0.0049  0.1640989  0.000e+00
        488      3.032    14.9838   2.946940     2.5653     2.5372     0.0049  0.1645873  0.000e+00
        489      2.999    14.9822   2.946521     2.5665     2.5397     0.0049  0.1645873  0.000e+00
        490      3.032    14.9799   2.946081     2.5714     2.5421     0.0049  0.1645873  0.000e+00
        491      2.933    14.9768   2.945695     2.5751     2.5446     0.0049  0.1645873  0.000e+00
        492      2.966    14.9730   2.944775     2.5751     2.5458     0.0049  0.1645873  0.000e+00
        493      2.933    14.9709   2.943894     2.5775     2.5470     0.0049  0.1645873  0.000e+00
        494      2.908    14.9706   2.943062     2.5812     2.5482     0.0049  0.1645873  0.000e+00
        495      2.933    14.9721   2.942952     2.5836     2.5507     0.0049  0.1645873  0.000e+00
        496      2.876    14.9735   2.943118     2.5861     2.5519     0.0049  0.1645873  0.000e+00
        497      2.851    14.9743   2.943542     2.5885     2.5543     0.0049  0.1645873  0.000e+00
        498      2.810    14.9746   2.943883     2.5910     2.5555     0.0049  0.1645873  0.000e+00
        499      2.851    14.9745   2.943872     2.5910     2.5568     0.0049  0.1645873  0.000e+00
        500      2.810    14.9767   2.943977     2.5958     2.5580     0.0049  0.1645873  0.000e+00
        501      2.727    14.9791   2.944136     2.5971     2.5592     0.0049  0.1645873  0.000e+00
        502      2.810    14.9805   2.944968     2.6007     2.5616     0.0049  0.1645873  0.000e+00
        503      2.694    14.9764   2.944929     2.6007     2.5629     0.0049  0.1645873  0.000e+00
        504      2.727    14.9714   2.944081     2.6032     2.5641     0.0049  0.1645873  0.000e+00
        505      2.694    14.9689   2.942600     2.6068     2.5665     0.0049  0.1645873  0.000e+00
        506      2.727    14.9680   2.941945     2.6080     2.5678     0.0049  0.1645873  0.000e+00
        507      2.694    14.9671   2.941493     2.6093     2.5678     0.0049  0.1645873  0.000e+00
        508      2.604    14.9657   2.941201     2.6117     2.5702     0.0049  0.1645873  0.000e+00
        509      2.628    14.9649   2.941047     2.6154     2.5714     0.0049  0.1645873  0.000e+00
        510      2.604    14.9642   2.940728     2.6178     2.5739     0.0049  0.1645873  0.000e+00
        511      2.571    14.9627   2.940568     2.6190     2.5751     0.0049  0.1645873  0.000e+00
        512      2.571    14.9622   2.940200     2.6190     2.5751     0.0049  0.1645873  0.000e+00
        513      2.538    14.9610   2.939831     2.6215     2.5787     0.0048  0.1645873  0.000e+00
        514      2.571    14.9596   2.939776     2.6251     2.5800     0.0048  0.1650757  0.000e+00
        515      2.480    14.9591   2.939616     2.6276     2.5812     0.0048  0.1650757  0.000e+00
        516      2.505    14.9586   2.939308     2.6276     2.5824     0.0048  0.1645873  0.000e+00
        517      2.480    14.9569   2.939115     2.6300     2.5836     0.0048  0.1650757  0.000e+00
        518      2.447    14.9551   2.938758     2.6300     2.5848     0.0048  0.1645873  0.000e+00
        519      2.422    14.9516   2.938158     2.6349     2.5861     0.0048  0.1645873  0.000e+00
        520      2.389    14.9481   2.937492     2.6361     2.5873     0.0048  0.1645873  0.000e+00
        521      2.447    14.9462   2.936738     2.6361     2.5885     0.0048  0.1645873  0.000e+00
        522      2.356    14.9417   2.935929     2.6373     2.5910     0.0048  0.1645873  0.000e+00
        523      2.323    14.9362   2.934956     2.6398     2.5910     0.0048  0.1645873  0.000e+00
        524      2.356    14.9317   2.933757     2.6435     2.5934     0.0048  0.1645873  0.000e+00
        525      2.266    14.9282   2.932569     2.6447     2.5946     0.0048  0.1645873  0.000e+00
        526      2.299    14.9256   2.931678     2.6447     2.5958     0.0048  0.1645873  0.000e+00
        527      2.323    14.9242   2.931227     2.6459     2.5971     0.0048  0.1645873  0.000e+00
        528      2.233    14.9248   2.931007     2.6483     2.5983     0.0048  0.1645873  0.000e+00
        529      2.200    14.9272   2.931040     2.6508     2.5995     0.0048  0.1645873  0.000e+00
        530      2.233    14.9299   2.931436     2.6520     2.6007     0.0048  0.1645873  0.000e+00
        531      2.200    14.9315   2.932074     2.6544     2.6032     0.0048  0.1645873  0.000e+00
        532      2.142    14.9322   2.932574     2.6544     2.6032     0.0048  0.1645873  0.000e+00
        533      2.175    14.9331   2.932833     2.6569     2.6044     0.0048  0.1645873  0.000e+00
        534      2.142    14.9379   2.932959     2.6593     2.6056     0.0048  0.1645873  0.000e+00
        535      2.117    14.9430   2.933932     2.6605     2.6068     0.0048  0.1645873  0.000e+00
        536      2.076    14.9449   2.935126     2.6618     2.6080     0.0048  0.1645873  0.000e+00
        537      2.051    14.9468   2.935995     2.6642     2.6093     0.0048  0.1645873  0.000e+00
        538      2.076    14.9493   2.936798     2.6654     2.6105     0.0049  0.1655641  0.000e+00
        539      1.994    14.9532   2.937437     2.6679     2.6117     0.0049  0.1655641  0.000e+00
        540      2.018    14.9557   2.937932     2.6679     2.6129     0.0049  0.1655641  0.000e+00
        541      1.994    14.9551   2.938069     2.6691     2.6142     0.0049  0.1655641  0.000e+00
        542      2.018    14.9536   2.937948     2.6691     2.6154     0.0049  0.1655641  0.000e+00
        543      1.895    14.9527   2.937618     2.6715     2.6166     0.0049  0.1655641  0.000e+00
        544      1.928    14.9523   2.937613     2.6740     2.6178     0.0049  0.1655641  0.000e+00
        545      1.961    14.9510   2.937651     2.6740     2.6190     0.0048  0.1655641  0.000e+00
        546      1.870    14.9480   2.937272     2.6752     2.6203     0.0049  0.1655641  0.000e+00
        547      1.837    14.9417   2.936529     2.6764     2.6227     0.0049  0.1655641  0.000e+00
        548      1.870    14.9341   2.935253     2.6801     2.6227     0.0049  0.1655641  0.000e+00
        549      1.837    14.9295   2.933564     2.6801     2.6239     0.0049  0.1655641  0.000e+00
        550      1.804    14.9292   2.932458     2.6801     2.6251     0.0049  0.1655641  0.000e+00
        551      1.771    14.9299   2.932162     2.6813     2.6264     0.0049  0.1655641  0.000e+00
        552      1.746    14.9264   2.931947     2.6825     2.6264     0.0049  0.1655641  0.000e+00
        553      1.713    14.9214   2.931353     2.6850     2.6276     0.0049  0.1655641  0.000e+00
        554      1.713    14.9163   2.930391     2.6862     2.6288     0.0049  0.1655641  0.000e+00
        555      1.746    14.9118   2.929336     2.6862     2.6288     0.0049  0.1655641  0.000e+00
        556      1.656    14.9092   2.928434     2.6862     2.6300     0.0049  0.1655641  0.000e+00
        557      1.623    14.9074   2.927731     2.6886     2.6325     0.0049  0.1655641  0.000e+00
        558      1.656    14.9060   2.927280     2.6911     2.6325     0.0049  0.1655641  0.000e+00
        559      1.623    14.9060   2.927022     2.6911     2.6325     0.0049  0.1655641  0.000e+00
        560      1.590    14.9123   2.927132     2.6911     2.6337     0.0049  0.1655641  0.000e+00
        561      1.565    14.9216   2.928319     2.6923     2.6349     0.0049  0.1655641  0.000e+00
        562      1.532    14.9228   2.929924     2.6935     2.6349     0.0049  0.1655641  0.000e+00
        563      1.565    14.9212   2.930677     2.6960     2.6361     0.0049  0.1665409  0.000e+00
        564      1.532    14.9187   2.930380     2.6960     2.6374     0.0051  0.1680061  0.000e+00
        565      1.441    14.9148   2.929610     2.6960     2.6374     0.0049  0.1684945  0.000e+00
        566      1.466    14.9122   2.928802     2.6972     2.6386     0.0049  0.1680061  0.000e+00
        567      1.499    14.9102   2.928115     2.6996     2.6398     0.0051  0.1680061  0.000e+00
        568      1.408    14.9079   2.927522     2.6996     2.6398     0.0051  0.1680061  0.000e+00
        569      1.408    14.9052   2.926928     2.6996     2.6422     0.0051  0.1680061  0.000e+00
        570      1.384    14.9025   2.926329     2.7008     2.6422     0.0049  0.1680061  0.000e+00
        571      1.408    14.9018   2.925681     2.7033     2.6435     0.0051  0.1680061  0.000e+00
        572      1.384    14.9031   2.925417     2.7045     2.6435     0.0049  0.1684945  0.000e+00
        573      1.285    14.9045   2.925818     2.7045     2.6447     0.0049  0.1684945  0.000e+00
        574      1.384    14.9047   2.926263     2.7045     2.6459     0.0051  0.1680061  0.000e+00
        575      1.285    14.9023   2.926384     2.7057     2.6459     0.0049  0.1680061  0.000e+00
        576      1.260    14.8998   2.926126     2.7082     2.6471     0.0051  0.1680061  0.000e+00
        577      1.285    14.9038   2.925774     2.7094     2.6483     0.0049  0.1680061  0.000e+00
        578      1.260    14.9128   2.926445     2.7094     2.6483     0.0051  0.1680061  0.000e+00
        579      1.227    14.9166   2.927824     2.7094     2.6496     0.0049  0.1680061  0.000e+00
        580      1.194    14.9173   2.928813     2.7094     2.6508     0.0051  0.1680061  0.000e+00
        581      1.161    14.9145   2.928830     2.7131     2.6520     0.0051  0.1680061  0.000e+00
        582      1.136    14.9099   2.928093     2.7131     2.6520     0.0049  0.1680061  0.000e+00
        583      1.161    14.9053   2.927132     2.7143     2.6520     0.0051  0.1680061  0.000e+00
        584      1.103    14.9007   2.926208     2.7143     2.6532     0.0049  0.1680061  0.000e+00
        585      1.136    14.8956   2.925165     2.7143     2.6544     0.0051  0.1680061  0.000e+00
        586      1.037    14.8916   2.924176     2.7167     2.6544     0.0049  0.1680061  0.000e+00
        587      1.070    14.8880   2.923204     2.7179     2.6557     0.0049  0.1680061  0.000e+00
        588      1.037    14.8847   2.922380     2.7179     2.6557     0.0051  0.1684945  0.000e+00
        589      1.070    14.8813   2.921600     2.7179     2.6569     0.0049  0.1694713  0.000e+00
        590      0.980    14.8793   2.920853     2.7192     2.6581     0.0051  0.1699597  0.000e+00
        591      0.955    14.8788   2.920419     2.7228     2.6581     0.0051  0.1704481  0.000e+00
        592      0.980    14.8797   2.920233     2.7216     2.6593     0.0049  0.1704481  0.000e+00
        593      0.955    14.8807   2.920304     2.7216     2.6593     0.0049  0.1704481  0.000e+00
        594      0.922    14.8812   2.920441     2.7228     2.6618     0.0051  0.1699597  0.000e+00
        595      0.955    14.8810   2.920397     2.7228     2.6618     0.0051  0.1704481  0.000e+00
        596      0.922    14.8798   2.920386     2.7253     2.6606     0.0049  0.1704481  0.000e+00
        597      0.889    14.8753   2.920008     2.7277     2.6630     0.0051  0.1699597  0.000e+00
        598      0.922    14.8719   2.919118     2.7253     2.6642     0.0051  0.1699597  0.000e+00
        599      0.889    14.8709   2.918646     2.7265     2.6654     0.0049  0.1699597  0.000e+00
        600      0.856    14.8704   2.918931     2.7277     2.6630     0.0051  0.1699597  0.000e+00
        601      0.889    14.8690   2.919201     2.7301     2.6654     0.0049  0.1699597  0.000e+00
        602      0.856    14.8677   2.919272     2.7301     2.6654     0.0051  0.1699597  0.000e+00
        603      0.889    14.8683   2.919420     2.7301     2.6654     0.0049  0.1699597  0.000e+00
        604      0.922    14.8704   2.919870     2.7301     2.6667     0.0051  0.1699597  0.000e+00
        605      0.922    14.8722   2.920134     2.7314     2.6679     0.0049  0.1699597  0.000e+00
        606      0.831    14.8736   2.919810     2.7338     2.6691     0.0051  0.1699597  0.000e+00
        607      0.922    14.8727   2.919321     2.7338     2.6691     0.0051  0.1699597  0.000e+00
        608      0.889    14.8729   2.919085     2.7338     2.6715     0.0051  0.1699597  0.000e+00
        609      0.856    14.8754   2.918953     2.7350     2.6715     0.0051  0.1699597  0.000e+00
        610      0.889    14.8761   2.919129     2.7375     2.6715     0.0051  0.1699597  0.000e+00
        611      0.922    14.8766   2.919420     2.7387     2.6728     0.0049  0.1699597  0.000e+00
        612      0.889    14.8780   2.919447     2.7375     2.6728     0.0049  0.1699597  0.000e+00
        613      0.922    14.8793   2.919480     2.7375     2.6740     0.0049  0.1699597  0.000e+00
        614      0.889    14.8813   2.919925     2.7387     2.6740     0.0049  0.1714249  0.000e+00
        615      0.922    14.8839   2.920293     2.7424     2.6752     0.0055  0.1728901  0.000e+00
        616      0.831    14.8854   2.920919     2.7399     2.6764     0.0049  0.1733785  0.000e+00
        617      0.922    14.8862   2.921364     2.7424     2.6764     0.0055  0.1733785  0.000e+00
        618      0.831    14.8872   2.921622     2.7424     2.6776     0.0055  0.1728901  0.000e+00
        619      0.856    14.8886   2.922006     2.7424     2.6789     0.0055  0.1728901  0.000e+00
        620      0.831    14.8888   2.922253     2.7448     2.6789     0.0053  0.1733785  0.000e+00
        621      0.922    14.8878   2.922319     2.7460     2.6801     0.0049  0.1733785  0.000e+00
        622      0.831    14.8859   2.922209     2.7448     2.6813     0.0055  0.1728901  0.000e+00
        623      0.856    14.8859   2.922001     2.7448     2.6813     0.0049  0.1733785  0.000e+00
        624      0.889    14.8849   2.921907     2.7472     2.6813     0.0055  0.1728901  0.000e+00
        625      0.856    14.8792   2.921605     2.7485     2.6825     0.0049  0.1733785  0.000e+00
        626      0.831    14.8672   2.920672     2.7485     2.6825     0.0049  0.1728901  0.000e+00
        627      0.856    14.8564   2.918558     2.7485     2.6837     0.0053  0.1733785  0.000e+00
        628      0.856    14.8542   2.916067     2.7485     2.6837     0.0055  0.1733785  0.000e+00
        629      0.889    14.8603   2.915156     2.7497     2.6850     0.0053  0.1728901  0.000e+00
        630      0.856    14.8643   2.915984     2.7521     2.6850     0.0049  0.1728901  0.000e+00
        631      0.831    14.8638   2.916983     2.7521     2.6850     0.0055  0.1733785  0.000e+00
        632      0.922    14.8650   2.917230     2.7509     2.6874     0.0049  0.1733785  0.000e+00
        633      0.831    14.8662   2.917471     2.7521     2.6874     0.0049  0.1733785  0.000e+00
        634      0.922    14.8545   2.917417     2.7533     2.6886     0.0055  0.1733785  0.000e+00
        635      0.831    14.8243   2.915183     2.7546     2.6886     0.0049  0.1733785  0.000e+00
        636      0.856    14.7965   2.910055     2.7546     2.6911     0.0055  0.1733785  0.000e+00
        637      0.831    14.7782   2.903790     2.7546     2.6899     0.0049  0.1733785  0.000e+00
        638      0.856    14.7725   2.899468     2.7558     2.6911     0.0049  0.1733785  0.000e+00
        639      0.831    14.7743   2.898034     2.7570     2.6923     0.0053  0.1728901  0.000e+00
        640      0.856    14.7778   2.898247     2.7582     2.6923     0.0055  0.1704481  0.000e+00
