data/2021/ctd_data_day2/station1.cnv
* Sea-Bird SBE 9 Data File:
* FileName = C:\Users\CTD-User\Desktop\MAR440\day2\station1.hex
* Software Version Seasave V 7.26.2.13
* Temperature SN = 6313
* Conductivity SN = 4758
* Number of Bytes Per Scan = 37
* Number of Voltage Words = 4
* Number of Scans Averaged by the Deck Unit = 1
* NMEA Latitude = 58 20.54 N
* NMEA Longitude = 011 54.21 E
* NMEA UTC (Time) = Sep 22 2021 08:39:44
* NMEA baud rate = 4800
** Ship: Skagerak
** Station: 1
** Operator: JD
# nquan = 9
# nvalues = 2892                                  
# units = specified
# name 0 = scan: Scan Count
# name 1 = prDM: Pressure, Digiquartz [db]
# name 2 = t090C: Temperature [ITS-90, deg C]
# name 3 = c0S/m: Conductivity [S/m]
# name 4 = sbeox0V: Oxygen raw, SBE 43 [V]
# name 5 = sbeox1V: Oxygen raw, SBE 43, 2 [V]
# name 6 = flECO-AFL: Fluorescence, WET Labs ECO-AFL/FL [mg/m^3]
# name 7 = upoly0: Upoly 0, Turbidity
# name 8 = flag:  0.000e+00
# span 0 =          1,       2892                 
# span 1 =      0.589,     14.316                 
# span 2 =    12.0823,    16.0740                 
# span 3 =   2.892084,   3.421117                 
# span 4 =     1.5872,     2.8523                 
# span 5 =     1.5506,     2.7338                 
# span 6 =     0.0046,     0.0064                 
# span 7 =  0.0927924,  0.1938913                 
# span 8 = 0.0000e+00, 0.0000e+00                 
# interval = seconds: 0.0416667
# start_time = Sep 22 2021 08:39:44 [NMEA time, header]
# bad_flag = -9.990e-29
*END*
[from data line 161]
        162      1.849    15.2026   2.922838     2.1697     2.2442     0.0048  0.1748437  0.000e+00
        163      1.750    15.2044   2.922921     2.1697     2.2454     0.0049  0.1748437  0.000e+00
        164      1.783    15.2058   2.922811     2.1697     2.2454     0.0048  0.1748437  0.000e+00
        165      1.816    15.2068   2.922476     2.1697     2.2454     0.0048  0.1748437  0.000e+00
        166      1.783    15.2076   2.922031     2.1697     2.2442     0.0049  0.1748437  0.000e+00
        167      1.816    15.2080   2.921630     2.1697     2.2442     0.0048  0.1748437  0.000e+00
        168      1.783    15.2086   2.921493     2.1697     2.2442     0.0048  0.1748437  0.000e+00
        169      1.750    15.2092   2.921196     2.1697     2.2442     0.0049  0.1748437  0.000e+00
        170      1.783    15.2093   2.920954     2.1685     2.2442     0.0049  0.1763089  0.000e+00
        171      1.750    15.2097   2.920625     2.1685     2.2442     0.0049  0.1772857  0.000e+00
        172      1.783    15.2098   2.920488     2.1685     2.2442     0.0049  0.1777741  0.000e+00
        173      1.750    15.2103   2.920493     2.1685     2.2442     0.0049  0.1772857  0.000e+00
        174      1.783    15.2105   2.920543     2.1685     2.2430     0.0048  0.1772857  0.000e+00
        175      1.750    15.2107   2.920329     2.1685     2.2430     0.0048  0.1772857  0.000e+00
        176      1.783    15.2112   2.920213     2.1685     2.2442     0.0049  0.1772857  0.000e+00
        177      1.783    15.2117   2.920301     2.1673     2.2430     0.0048  0.1772857  0.000e+00
        178      1.750    15.2119   2.920438     2.1673     2.2418     0.0048  0.1772857  0.000e+00
        179      1.783    15.2120   2.920537     2.1673     2.2442     0.0049  0.1772857  0.000e+00
        180      1.750    15.2122   2.920493     2.1673     2.2418     0.0049  0.1772857  0.000e+00
        181      1.783    15.2122   2.920620     2.1673     2.2418     0.0049  0.1772857  0.000e+00
        182      1.816    15.2122   2.920746     2.1673     2.2405     0.0048  0.1772857  0.000e+00
        183      1.725    15.2124   2.920894     2.1661     2.2405     0.0048  0.1772857  0.000e+00
        184      1.816    15.2124   2.920976     2.1661     2.2405     0.0049  0.1772857  0.000e+00
        185      1.725    15.2129   2.921031     2.1661     2.2405     0.0049  0.1772857  0.000e+00
        186      1.816    15.2147   2.921350     2.1648     2.2393     0.0049  0.1772857  0.000e+00
        187      1.725    15.2173   2.921800     2.1661     2.2405     0.0048  0.1772857  0.000e+00
        188      1.816    15.2203   2.922201     2.1661     2.2393     0.0048  0.1772857  0.000e+00
        189      1.725    15.2229   2.922421     2.1648     2.2393     0.0049  0.1772857  0.000e+00
        190      1.750    15.2247   2.922607     2.1648     2.2393     0.0048  0.1772857  0.000e+00
        191      1.783    15.2261   2.922739     2.1636     2.2393     0.0048  0.1772857  0.000e+00
        192      1.816    15.2273   2.922723     2.1648     2.2393     0.0049  0.1772857  0.000e+00
        193      1.725    15.2283   2.922997     2.1648     2.2381     0.0048  0.1772857  0.000e+00
        194      1.750    15.2296   2.922948     2.1636     2.2393     0.0049  0.1772857  0.000e+00
        195      1.783    15.2305   2.922821     2.1636     2.2393     0.0049  0.1772857  0.000e+00
        196      1.750    15.2307   2.922668     2.1636     2.2393     0.0049  0.1782625  0.000e+00
        197      1.783    15.2307   2.922421     2.1624     2.2393     0.0049  0.1782625  0.000e+00
        198      1.750    15.2306   2.922168     2.1624     2.2393     0.0049  0.1782625  0.000e+00
        199      1.783    15.2305   2.921926     2.1624     2.2369     0.0049  0.1782625  0.000e+00
        200      1.750    15.2303   2.921822     2.1624     2.2369     0.0049  0.1782625  0.000e+00
        201      1.725    15.2302   2.921707     2.1624     2.2369     0.0049  0.1782625  0.000e+00
        202      1.750    15.2303   2.921503     2.1624     2.2369     0.0049  0.1782625  0.000e+00
        203      1.783    15.2300   2.921289     2.1612     2.2357     0.0049  0.1782625  0.000e+00
        204      1.750    15.2303   2.921218     2.1612     2.2357     0.0049  0.1782625  0.000e+00
        205      1.725    15.2305   2.921146     2.1612     2.2357     0.0049  0.1782625  0.000e+00
        206      1.750    15.2307   2.921064     2.1612     2.2344     0.0049  0.1782625  0.000e+00
        207      1.725    15.2308   2.920943     2.1612     2.2344     0.0049  0.1782625  0.000e+00
        208      1.750    15.2312   2.920927     2.1612     2.2344     0.0049  0.1782625  0.000e+00
        209      1.783    15.2314   2.920971     2.1600     2.2344     0.0049  0.1782625  0.000e+00
        210      1.750    15.2316   2.921053     2.1600     2.2344     0.0049  0.1782625  0.000e+00
        211      1.725    15.2315   2.921114     2.1600     2.2344     0.0049  0.1782625  0.000e+00
        212      1.750    15.2314   2.921108     2.1587     2.2344     0.0049  0.1782625  0.000e+00
        213      1.725    15.2312   2.921119     2.1587     2.2332     0.0049  0.1782625  0.000e+00
        214      1.750    15.2314   2.921163     2.1587     2.2332     0.0049  0.1782625  0.000e+00
        215      1.725    15.2309   2.921262     2.1587     2.2332     0.0049  0.1782625  0.000e+00
        216      1.750    15.2307   2.921190     2.1587     2.2320     0.0049  0.1782625  0.000e+00
        217      1.725    15.2307   2.921157     2.1587     2.2332     0.0049  0.1782625  0.000e+00
        218      1.750    15.2304   2.921256     2.1575     2.2320     0.0049  0.1782625  0.000e+00
        219      1.725    15.2302   2.921311     2.1575     2.2320     0.0049  0.1782625  0.000e+00
        220      1.750    15.2307   2.921278     2.1575     2.2308     0.0049  0.1782625  0.000e+00
        221      1.783    15.2312   2.921306     2.1563     2.2308     0.0049  0.1777741  0.000e+00
        222      1.750    15.2317   2.921339     2.1563     2.2308     0.0049  0.1777741  0.000e+00
        223      1.725    15.2324   2.921427     2.1563     2.2308     0.0049  0.1777741  0.000e+00
        224      1.750    15.2329   2.921619     2.1563     2.2308     0.0049  0.1777741  0.000e+00
        225      1.783    15.2334   2.921674     2.1563     2.2295     0.0049  0.1777741  0.000e+00
        226      1.750    15.2340   2.921674     2.1551     2.2295     0.0049  0.1777741  0.000e+00
        227      1.725    15.2344   2.921772     2.1551     2.2295     0.0049  0.1777741  0.000e+00
        228      1.750    15.2348   2.921849     2.1551     2.2295     0.0049  0.1777741  0.000e+00
        229      1.783    15.2352   2.922091     2.1551     2.2295     0.0048  0.1777741  0.000e+00
        230      1.750    15.2356   2.922393     2.1538     2.2283     0.0049  0.1777741  0.000e+00
        231      1.725    15.2359   2.922607     2.1538     2.2283     0.0049  0.1777741  0.000e+00
        232      1.783    15.2358   2.922821     2.1538     2.2283     0.0049  0.1777741  0.000e+00
        233      1.750    15.2354   2.923036     2.1538     2.2283     0.0049  0.1777741  0.000e+00
        234      1.783    15.2346   2.923189     2.1526     2.2283     0.0049  0.1777741  0.000e+00
        235      1.750    15.2330   2.923453     2.1538     2.2271     0.0049  0.1777741  0.000e+00
        236      1.725    15.2317   2.923612     2.1526     2.2295     0.0049  0.1777741  0.000e+00
        237      1.750    15.2304   2.923766     2.1526     2.2271     0.0049  0.1777741  0.000e+00
        238      1.783    15.2295   2.923942     2.1526     2.2271     0.0049  0.1777741  0.000e+00
        239      1.750    15.2288   2.923926     2.1514     2.2271     0.0049  0.1777741  0.000e+00
        240      1.783    15.2281   2.923948     2.1514     2.2259     0.0049  0.1777741  0.000e+00
        241      1.692    15.2278   2.923942     2.1502     2.2259     0.0049  0.1777741  0.000e+00
        242      1.783    15.2275   2.923810     2.1502     2.2259     0.0049  0.1777741  0.000e+00
        243      1.750    15.2276   2.923728     2.1502     2.2259     0.0049  0.1777741  0.000e+00
        244      1.725    15.2282   2.923618     2.1502     2.2259     0.0049  0.1777741  0.000e+00
        245      1.750    15.2285   2.923415     2.1502     2.2247     0.0049  0.1777741  0.000e+00
        246      1.783    15.2290   2.923365     2.1490     2.2247     0.0049  0.1777741  0.000e+00
        247      1.692    15.2297   2.923200     2.1490     2.2247     0.0053  0.1772857  0.000e+00
        248      1.783    15.2298   2.922997     2.1490     2.2247     0.0053  0.1767973  0.000e+00
        249      1.750    15.2300   2.922624     2.1490     2.2247     0.0053  0.1767973  0.000e+00
        250      1.725    15.2302   2.922267     2.1477     2.2247     0.0053  0.1767973  0.000e+00
        251      1.750    15.2304   2.922091     2.1490     2.2234     0.0051  0.1767973  0.000e+00
        252      1.725    15.2302   2.921805     2.1465     2.2247     0.0053  0.1767973  0.000e+00
        253      1.750    15.2303   2.921580     2.1465     2.2234     0.0051  0.1767973  0.000e+00
        254      1.783    15.2302   2.921350     2.1465     2.2247     0.0053  0.1767973  0.000e+00
        255      1.750    15.2305   2.921108     2.1465     2.2234     0.0051  0.1767973  0.000e+00
        256      1.725    15.2306   2.920982     2.1453     2.2247     0.0053  0.1767973  0.000e+00
        257      1.750    15.2305   2.920982     2.1453     2.2247     0.0053  0.1767973  0.000e+00
        258      1.783    15.2305   2.921053     2.1453     2.2234     0.0051  0.1767973  0.000e+00
        259      1.750    15.2307   2.921053     2.1453     2.2234     0.0053  0.1767973  0.000e+00
        260      1.725    15.2307   2.921026     2.1453     2.2222     0.0051  0.1767973  0.000e+00
        261      1.816    15.2307   2.921081     2.1441     2.2222     0.0051  0.1767973  0.000e+00
        262      1.725    15.2308   2.921383     2.1441     2.2222     0.0053  0.1772857  0.000e+00
        263      1.816    15.2308   2.921707     2.1441     2.2222     0.0051  0.1767973  0.000e+00
        264      1.783    15.2309   2.921948     2.1429     2.2222     0.0053  0.1767973  0.000e+00
        265      1.750    15.2310   2.922003     2.1429     2.2222     0.0053  0.1767973  0.000e+00
        266      1.783    15.2309   2.922162     2.1429     2.2222     0.0053  0.1767973  0.000e+00
        267      1.816    15.2314   2.922629     2.1429     2.2222     0.0053  0.1767973  0.000e+00
        268      1.725    15.2310   2.922849     2.1429     2.2222     0.0053  0.1767973  0.000e+00
        269      1.816    15.2307   2.923036     2.1416     2.2222     0.0051  0.1767973  0.000e+00
        270      1.783    15.2296   2.923233     2.1416     2.2222     0.0051  0.1767973  0.000e+00
        271      1.750    15.2287   2.923321     2.1416     2.2210     0.0053  0.1767973  0.000e+00
        272      1.783    15.2266   2.923233     2.1416     2.2210     0.0051  0.1767973  0.000e+00
        273      1.750    15.2245   2.923283     2.1404     2.2222     0.0053  0.1763089  0.000e+00
        274      1.849    15.2232   2.923393     2.1404     2.2222     0.0053  0.1763089  0.000e+00
        275      1.750    15.2217   2.923486     2.1404     2.2222     0.0051  0.1763089  0.000e+00
        276      1.783    15.2206   2.923645     2.1404     2.2222     0.0051  0.1763089  0.000e+00
        277      1.750    15.2200   2.923651     2.1392     2.2222     0.0053  0.1763089  0.000e+00
        278      1.783    15.2195   2.923596     2.1392     2.2222     0.0051  0.1763089  0.000e+00
        279      1.750    15.2192   2.923585     2.1392     2.2222     0.0053  0.1763089  0.000e+00
        280      1.849    15.2192   2.923503     2.1392     2.2222     0.0051  0.1763089  0.000e+00
        281      1.750    15.2189   2.923618     2.1392     2.2247     0.0053  0.1763089  0.000e+00
        282      1.783    15.2190   2.923766     2.1380     2.2222     0.0051  0.1763089  0.000e+00
        283      1.816    15.2186   2.923948     2.1380     2.2247     0.0053  0.1763089  0.000e+00
        284      1.725    15.2188   2.924052     2.1380     2.2247     0.0053  0.1763089  0.000e+00
        285      1.783    15.2185   2.924090     2.1380     2.2234     0.0051  0.1763089  0.000e+00
        286      1.816    15.2185   2.924200     2.1380     2.2234     0.0051  0.1763089  0.000e+00
        287      1.783    15.2184   2.924321     2.1380     2.2234     0.0051  0.1763089  0.000e+00
        288      1.750    15.2185   2.924266     2.1368     2.2234     0.0051  0.1763089  0.000e+00
        289      1.849    15.2186   2.924360     2.1368     2.2247     0.0053  0.1763089  0.000e+00
        290      1.750    15.2188   2.924420     2.1368     2.2247     0.0051  0.1763089  0.000e+00
        291      1.783    15.2185   2.924486     2.1355     2.2247     0.0053  0.1763089  0.000e+00
        292      1.816    15.2189   2.924557     2.1355     2.2247     0.0053  0.1763089  0.000e+00
        293      1.783    15.2188   2.924546     2.1355     2.2247     0.0051  0.1763089  0.000e+00
        294      1.750    15.2193   2.924552     2.1355     2.2259     0.0053  0.1763089  0.000e+00
        295      1.783    15.2216   2.924338     2.1355     2.2259     0.0053  0.1763089  0.000e+00
        296      1.816    15.2251   2.924244     2.1355     2.2259     0.0053  0.1763089  0.000e+00
        297      1.783    15.2291   2.923948     2.1355     2.2259     0.0053  0.1772857  0.000e+00
        298      1.816    15.2325   2.923733     2.1355     2.2271     0.0053  0.1802161  0.000e+00
        299      1.783    15.2354   2.923590     2.1355     2.2271     0.0053  0.1811929  0.000e+00
        300      1.750    15.2378   2.923453     2.1343     2.2283     0.0053  0.1816813  0.000e+00
        301      1.783    15.2393   2.923382     2.1343     2.2283     0.0053  0.1811929  0.000e+00
        302      1.816    15.2405   2.923217     2.1343     2.2283     0.0053  0.1811929  0.000e+00
        303      1.849    15.2413   2.922970     2.1343     2.2295     0.0053  0.1811929  0.000e+00
        304      1.750    15.2418   2.922838     2.1343     2.2295     0.0053  0.1811929  0.000e+00
        305      1.849    15.2419   2.922635     2.1331     2.2295     0.0053  0.1811929  0.000e+00
        306      1.750    15.2424   2.922591     2.1331     2.2295     0.0053  0.1811929  0.000e+00
        307      1.849    15.2424   2.922805     2.1331     2.2295     0.0053  0.1811929  0.000e+00
        308      1.816    15.2422   2.922915     2.1331     2.2308     0.0053  0.1811929  0.000e+00
        309      1.783    15.2422   2.923030     2.1331     2.2308     0.0053  0.1811929  0.000e+00
        310      1.816    15.2424   2.923063     2.1319     2.2308     0.0053  0.1811929  0.000e+00
        311      1.849    15.2428   2.922981     2.1319     2.2308     0.0053  0.1811929  0.000e+00
        312      1.816    15.2434   2.923014     2.1331     2.2320     0.0053  0.1811929  0.000e+00
        313      1.783    15.2447   2.923239     2.1331     2.2320     0.0053  0.1811929  0.000e+00
        314      1.816    15.2466   2.923596     2.1319     2.2320     0.0053  0.1811929  0.000e+00
        315      1.783    15.2482   2.923942     2.1319     2.2332     0.0053  0.1811929  0.000e+00
        316      1.816    15.2488   2.924206     2.1319     2.2344     0.0053  0.1811929  0.000e+00
        317      1.849    15.2476   2.924326     2.1319     2.2332     0.0053  0.1811929  0.000e+00
        318      1.816    15.2449   2.924326     2.1319     2.2344     0.0053  0.1811929  0.000e+00
        319      1.783    15.2419   2.924277     2.1319     2.2332     0.0053  0.1811929  0.000e+00
        320      1.816    15.2395   2.924200     2.1306     2.2344     0.0053  0.1811929  0.000e+00
