data/2021/ctd_data_day2/station4_ctm_fil_le_der.cnv
* Sea-Bird SBE 9 Data File:
* FileName = C:\Users\CTD-User\Desktop\MAR440\day2\station4.hex
* Software Version Seasave V 7.26.2.13
* Temperature SN = 6313
* Conductivity SN = 4758
* Number of Bytes Per Scan = 37
* Number of Voltage Words = 4
* Number of Scans Averaged by the Deck Unit = 1
* NMEA Latitude = 58 19.41 N
* NMEA Longitude = 011 50.05 E
* NMEA UTC (Time) = Sep 22 2021 10:00:00
* NMEA baud rate = 4800
** Ship: Skagerrak
** Station: station4
** Operator: group2green
# nquan = 13                                
# nvalues = 2885                        
# units = specified
# name 0 = scan: Scan Count
# name 1 = prDM: Pressure, Digiquartz [db]
# name 2 = t090C: Temperature [ITS-90, deg C]
# name 3 = c0S/m: Conductivity [S/m]
# name 4 = sbeox0V: Oxygen raw, SBE 43 [V]
# name 5 = sbeox1V: Oxygen raw, SBE 43, 2 [V]
# name 6 = flECO-AFL: Fluorescence, WET Labs ECO-AFL/FL [mg/m^3]
# name 7 = upoly0: Upoly 0, Turbidity
# name 8 = depSM: Depth [salt water, m], lat = 58.3235
# name 9 = sal00: Salinity, Practical [PSU]
# name 10 = sbeox0ML/L: Oxygen, SBE 43 [ml/l], WS = 2
# name 11 = sbeox1ML/L: Oxygen, SBE 43, 2 [ml/l], WS = 2
# name 12 = flag: flag
# span 0 =          1,       2885       
# span 1 =      1.014,     14.941       
# span 2 =    13.2524,    16.0381       
# span 3 =   2.889518,   3.419945       
# span 4 =     1.5512,     2.8831       
# span 5 =     1.5676,     2.8305       
# span 6 =     0.0040,     0.0060       
# span 7 =  0.0914191,  0.1845063       
# span 8 =      1.005,     14.802       
# span 9 =    22.7524,    28.4258       
# span 10 =     2.8448,     7.1064      
# span 11 =     2.6133,     6.0742      
# span 12 = 0.0000e+00, 0.0000e+00      
# interval = seconds: 0.0416667
# start_time = Sep 22 2021 10:00:00 [NMEA time, header]
# bad_flag = -9.990e-29
*END*
[from data line 1223]
       1224      1.081    14.7583   2.902112     2.8674     2.8128     0.0048  0.1724217      1.071    22.8172     7.0509     6.0190 -9.990e-29
       1225      1.080    14.7582   2.902105     2.8674     2.8128     0.0048  0.1723859      1.070    22.8172     7.0511     6.0190 -9.990e-29
       1226      1.080    14.7582   2.902098     2.8675     2.8128     0.0048  0.1723500      1.070    22.8171     7.0516     6.0189 -9.990e-29
       1227      1.079    14.7581   2.902089     2.8675     2.8129     0.0048  0.1723137      1.069    22.8171     7.0517     6.0191 -9.990e-29
       1228      1.078    14.7580   2.902080     2.8675     2.8129     0.0048  0.1722777      1.068    22.8171     7.0519     6.0191 -9.990e-29
       1229      1.077    14.7579   2.902070     2.8676     2.8129     0.0048  0.1722442      1.067    22.8171     7.0524     6.0190 -9.990e-29
       1230      1.077    14.7578   2.902060     2.8676     2.8130     0.0048  0.1722156      1.067    22.8170     7.0525     6.0192 -9.990e-29
       1231      1.076    14.7577   2.902049     2.8676     2.8130     0.0048  0.1721924      1.066    22.8170     7.0527     6.0192 -9.990e-29
       1232      1.075    14.7576   2.902038     2.8677     2.8130     0.0048  0.1721746      1.065    22.8170     7.0531     6.0191 -9.990e-29
       1233      1.075    14.7575   2.902026     2.8677     2.8131     0.0048  0.1721621      1.065    22.8169     7.0532     6.0193 -9.990e-29
       1234      1.074    14.7574   2.902014     2.8678     2.8131     0.0048  0.1721546      1.064    22.8169     7.0536     6.0193 -9.990e-29
       1235      1.074    14.7573   2.902004     2.8679     2.8131     0.0048  0.1721522      1.064    22.8168     7.0539     6.0192 -9.990e-29
       1236      1.074    14.7572   2.901994     2.8679     2.8131     0.0048  0.1721549      1.064    22.8168     7.0540     6.0192 -9.990e-29
       1237      1.074    14.7571   2.901985     2.8680     2.8132     0.0048  0.1721627      1.064    22.8168     7.0543     6.0195 -9.990e-29
       1238      1.074    14.7570   2.901976     2.8681     2.8132     0.0048  0.1721756      1.064    22.8168     7.0546     6.0194 -9.990e-29
       1239      1.074    14.7570   2.901968     2.8681     2.8132     0.0048  0.1721937      1.064    22.8167     7.0545     6.0194 -9.990e-29
       1240      1.074    14.7569   2.901959     2.8682     2.8132     0.0048  0.1722172      1.064    22.8167     7.0547     6.0194 -9.990e-29
       1241      1.075    14.7568   2.901952     2.8683     2.8132     0.0048  0.1722462      1.065    22.8167     7.0550     6.0194 -9.990e-29
       1242      1.075    14.7567   2.901945     2.8683     2.8133     0.0048  0.1722809      1.065    22.8167     7.0548     6.0196 -9.990e-29
       1243      1.075    14.7567   2.901939     2.8684     2.8133     0.0048  0.1723215      1.065    22.8166     7.0550     6.0196 -9.990e-29
       1244      1.076    14.7566   2.901933     2.8684     2.8133     0.0048  0.1723684      1.066    22.8166     7.0549     6.0196 -9.990e-29
       1245      1.076    14.7566   2.901928     2.8685     2.8133     0.0048  0.1724218      1.066    22.8166     7.0550     6.0196 -9.990e-29
       1246      1.077    14.7565   2.901922     2.8685     2.8134     0.0048  0.1724822      1.067    22.8166     7.0548     6.0198 -9.990e-29
       1247      1.077    14.7565   2.901915     2.8685     2.8134     0.0048  0.1725491      1.067    22.8165     7.0546     6.0198 -9.990e-29
       1248      1.077    14.7564   2.901908     2.8686     2.8134     0.0048  0.1726221      1.067    22.8165     7.0546     6.0198 -9.990e-29
       1249      1.077    14.7563   2.901899     2.8686     2.8135     0.0048  0.1727026      1.067    22.8165     7.0544     6.0201 -9.990e-29
       1250      1.077    14.7562   2.901890     2.8687     2.8135     0.0048  0.1727920      1.067    22.8165     7.0544     6.0201 -9.990e-29
       1251      1.077    14.7561   2.901881     2.8687     2.8135     0.0048  0.1728909      1.067    22.8165     7.0542     6.0201 -9.990e-29
       1252      1.077    14.7561   2.901871     2.8688     2.8135     0.0048  0.1730000      1.067    22.8164     7.0542     6.0201 -9.990e-29
       1253      1.077    14.7560   2.901861     2.8688     2.8135     0.0048  0.1731183      1.067    22.8164     7.0539     6.0201 -9.990e-29
       1254      1.076    14.7559   2.901851     2.8688     2.8136     0.0048  0.1732399      1.066    22.8163     7.0536     6.0203 -9.990e-29
       1255      1.076    14.7558   2.901842     2.8688     2.8136     0.0048  0.1733564      1.066    22.8163     7.0533     6.0203 -9.990e-29
       1256      1.075    14.7557   2.901835     2.8689     2.8136     0.0048  0.1734633      1.065    22.8163     7.0533     6.0202 -9.990e-29
       1257      1.075    14.7557   2.901828     2.8689     2.8136     0.0048  0.1735615      1.065    22.8162     7.0529     6.0202 -9.990e-29
       1258      1.074    14.7556   2.901823     2.8689     2.8137     0.0048  0.1736533      1.064    22.8163     7.0526     6.0204 -9.990e-29
       1259      1.073    14.7556   2.901820     2.8689     2.8137     0.0048  0.1737402      1.063    22.8162     7.0524     6.0203 -9.990e-29
       1260      1.073    14.7556   2.901819     2.8689     2.8138     0.0048  0.1738228      1.063    22.8162     7.0521     6.0205 -9.990e-29
       1261      1.072    14.7556   2.901818     2.8689     2.8138     0.0048  0.1739009      1.062    22.8162     7.0519     6.0204 -9.990e-29
       1262      1.072    14.7556   2.901816     2.8688     2.8138     0.0048  0.1739741      1.062    22.8162     7.0513     6.0203 -9.990e-29
       1263      1.071    14.7556   2.901813     2.8688     2.8139     0.0048  0.1740438      1.061    22.8162     7.0511     6.0205 -9.990e-29
       1264      1.071    14.7556   2.901809     2.8688     2.8139     0.0048  0.1741114      1.061    22.8161     7.0510     6.0204 -9.990e-29
       1265      1.071    14.7555   2.901804     2.8688     2.8139     0.0048  0.1741773      1.061    22.8162     7.0508     6.0203 -9.990e-29
       1266      1.071    14.7555   2.901798     2.8688     2.8140     0.0048  0.1742419      1.061    22.8161     7.0507     6.0204 -9.990e-29
       1267      1.071    14.7554   2.901790     2.8687     2.8140     0.0048  0.1743057      1.061    22.8161     7.0503     6.0203 -9.990e-29
       1268      1.071    14.7554   2.901782     2.8687     2.8140     0.0048  0.1743692      1.061    22.8160     7.0503     6.0202 -9.990e-29
       1269      1.071    14.7553   2.901775     2.8687     2.8140     0.0048  0.1744328      1.061    22.8160     7.0502     6.0201 -9.990e-29
       1270      1.071    14.7553   2.901768     2.8687     2.8141     0.0048  0.1744969      1.061    22.8160     7.0502     6.0202 -9.990e-29
       1271      1.071    14.7553   2.901761     2.8686     2.8141     0.0048  0.1745620      1.061    22.8159     7.0500     6.0201 -9.990e-29
       1272      1.071    14.7552   2.901753     2.8686     2.8141     0.0048  0.1746286      1.061    22.8159     7.0500     6.0200 -9.990e-29
       1273      1.071    14.7552   2.901745     2.8686     2.8141     0.0048  0.1746962      1.061    22.8158     7.0501     6.0199 -9.990e-29
       1274      1.071    14.7551   2.901735     2.8685     2.8141     0.0048  0.1747636      1.061    22.8158     7.0499     6.0198 -9.990e-29
       1275      1.071    14.7551   2.901724     2.8685     2.8141     0.0048  0.1748313      1.061    22.8157     7.0500     6.0197 -9.990e-29
       1276      1.071    14.7550   2.901712     2.8685     2.8141     0.0048  0.1749015      1.061    22.8157     7.0501     6.0196 -9.990e-29
       1277      1.071    14.7548   2.901697     2.8685     2.8141     0.0048  0.1749754      1.061    22.8156     7.0503     6.0195 -9.990e-29
       1278      1.071    14.7547   2.901681     2.8685     2.8141     0.0048  0.1750537      1.061    22.8156     7.0505     6.0194 -9.990e-29
       1279      1.071    14.7546   2.901663     2.8685     2.8141     0.0049  0.1751343      1.061    22.8155     7.0507     6.0193 -9.990e-29
       1280      1.071    14.7544   2.901641     2.8684     2.8141     0.0051  0.1752119      1.061    22.8154     7.0507     6.0192 -9.990e-29
       1281      1.071    14.7541   2.901615     2.8684     2.8141     0.0051  0.1752817      1.061    22.8153     7.0510     6.0192 -9.990e-29
       1282      1.071    14.7539   2.901586     2.8685     2.8141     0.0053  0.1753428      1.061    22.8152     7.0515     6.0191 -9.990e-29
       1283      1.071    14.7536   2.901551     2.8685     2.8140     0.0051  0.1753963      1.061    22.8151     7.0518     6.0188 -9.990e-29
       1284      1.071    14.7533   2.901514     2.8685     2.8140     0.0051  0.1754434      1.061    22.8149     7.0522     6.0188 -9.990e-29
       1285      1.071    14.7530   2.901475     2.8685     2.8140     0.0051  0.1754845      1.061    22.8148     7.0525     6.0188 -9.990e-29
       1286      1.071    14.7527   2.901435     2.8685     2.8140     0.0051  0.1755199      1.061    22.8146     7.0528     6.0188 -9.990e-29
       1287      1.072    14.7525   2.901396     2.8686     2.8140     0.0051  0.1755498      1.062    22.8144     7.0533     6.0188 -9.990e-29
       1288      1.072    14.7522   2.901357     2.8686     2.8140     0.0051  0.1755744      1.062    22.8142     7.0536     6.0188 -9.990e-29
       1289      1.072    14.7520   2.901320     2.8686     2.8140     0.0051  0.1755939      1.062    22.8140     7.0539     6.0188 -9.990e-29
       1290      1.072    14.7518   2.901283     2.8686     2.8139     0.0051  0.1756084      1.062    22.8138     7.0541     6.0186 -9.990e-29
       1291      1.072    14.7515   2.901247     2.8687     2.8139     0.0051  0.1756180      1.062    22.8137     7.0546     6.0186 -9.990e-29
       1292      1.072    14.7513   2.901210     2.8687     2.8139     0.0051  0.1756229      1.062    22.8135     7.0549     6.0187 -9.990e-29
       1293      1.071    14.7510   2.901173     2.8688     2.8139     0.0051  0.1756230      1.061    22.8133     7.0554     6.0187 -9.990e-29
       1294      1.071    14.7508   2.901132     2.8688     2.8139     0.0051  0.1756183      1.061    22.8131     7.0556     6.0188 -9.990e-29
       1295      1.070    14.7504   2.901086     2.8689     2.8139     0.0051  0.1756087      1.060    22.8129     7.0561     6.0188 -9.990e-29
       1296      1.070    14.7501   2.901039     2.8689     2.8139     0.0051  0.1755944      1.060    22.8127     7.0562     6.0189 -9.990e-29
       1297      1.069    14.7499   2.900993     2.8690     2.8140     0.0051  0.1755750      1.059    22.8124     7.0567     6.0192 -9.990e-29
       1298      1.068    14.7496   2.900953     2.8690     2.8140     0.0051  0.1755506      1.058    22.8122     7.0569     6.0193 -9.990e-29
       1299      1.068    14.7495   2.900920     2.8690     2.8139     0.0051  0.1755208      1.058    22.8120     7.0569     6.0191 -9.990e-29
       1300      1.067    14.7494   2.900898     2.8691     2.8139     0.0051  0.1754856      1.057    22.8119     7.0573     6.0191 -9.990e-29
       1301      1.066    14.7494   2.900885     2.8691     2.8139     0.0051  0.1754447      1.056    22.8118     7.0574     6.0192 -9.990e-29
       1302      1.066    14.7495   2.900883     2.8692     2.8139     0.0051  0.1753977      1.056    22.8117     7.0577     6.0192 -9.990e-29
       1303      1.065    14.7496   2.900891     2.8692     2.8139     0.0051  0.1753444      1.055    22.8117     7.0577     6.0192 -9.990e-29
       1304      1.064    14.7498   2.900909     2.8693     2.8139     0.0051  0.1752853      1.054    22.8117     7.0579     6.0192 -9.990e-29
       1305      1.064    14.7501   2.900936     2.8693     2.8140     0.0046  0.1752241      1.054    22.8118     7.0578     6.0195 -9.990e-29
       1306      1.064    14.7504   2.900973     2.8693     2.8140     0.0046  0.1751681      1.054    22.8119     7.0577     6.0195 -9.990e-29
       1307      1.063    14.7508   2.901019     2.8694     2.8140     0.0046  0.1751229      1.053    22.8121     7.0580     6.0194 -9.990e-29
       1308      1.063    14.7512   2.901071     2.8694     2.8140     0.0046  0.1750881      1.053    22.8123     7.0578     6.0194 -9.990e-29
       1309      1.064    14.7516   2.901126     2.8694     2.8140     0.0046  0.1750601      1.054    22.8126     7.0577     6.0194 -9.990e-29
       1310      1.064    14.7520   2.901181     2.8694     2.8140     0.0046  0.1750370      1.054    22.8128     7.0576     6.0194 -9.990e-29
       1311      1.064    14.7524   2.901234     2.8695     2.8140     0.0046  0.1750204      1.054    22.8130     7.0577     6.0193 -9.990e-29
       1312      1.064    14.7527   2.901282     2.8695     2.8140     0.0046  0.1750134      1.054    22.8133     7.0576     6.0193 -9.990e-29
       1313      1.064    14.7530   2.901326     2.8695     2.8140     0.0046  0.1750162      1.054    22.8135     7.0575     6.0193 -9.990e-29
       1314      1.064    14.7533   2.901366     2.8695     2.8141     0.0046  0.1750252      1.054    22.8136     7.0573     6.0196 -9.990e-29
       1315      1.064    14.7535   2.901404     2.8695     2.8141     0.0046  0.1750406      1.054    22.8139     7.0572     6.0196 -9.990e-29
       1316      1.064    14.7538   2.901438     2.8696     2.8141     0.0046  0.1750642      1.054    22.8140     7.0573     6.0196 -9.990e-29
       1317      1.064    14.7540   2.901471     2.8696     2.8140     0.0046  0.1750961      1.054    22.8141     7.0572     6.0193 -9.990e-29
       1318      1.064    14.7542   2.901502     2.8696     2.8140     0.0046  0.1751383      1.054    22.8143     7.0571     6.0194 -9.990e-29
       1319      1.064    14.7545   2.901533     2.8696     2.8140     0.0046  0.1751918      1.054    22.8144     7.0569     6.0194 -9.990e-29
       1320      1.064    14.7547   2.901565     2.8696     2.8140     0.0046  0.1752545      1.054    22.8146     7.0568     6.0194 -9.990e-29
       1321      1.064    14.7549   2.901597     2.8697     2.8140     0.0046  0.1753261      1.054    22.8147     7.0570     6.0194 -9.990e-29
       1322      1.064    14.7551   2.901630     2.8697     2.8140     0.0046  0.1754095      1.054    22.8149     7.0569     6.0194 -9.990e-29
       1323      1.064    14.7554   2.901663     2.8697     2.8140     0.0046  0.1755071      1.054    22.8150     7.0568     6.0195 -9.990e-29
       1324      1.064    14.7556   2.901698     2.8697     2.8140     0.0046  0.1756194      1.054    22.8152     7.0566     6.0195 -9.990e-29
       1325      1.064    14.7558   2.901732     2.8698     2.8140     0.0046  0.1757473      1.054    22.8154     7.0568     6.0195 -9.990e-29
       1326      1.064    14.7560   2.901766     2.8698     2.8140     0.0046  0.1758901      1.054    22.8155     7.0567     6.0195 -9.990e-29
       1327      1.064    14.7562   2.901799     2.8698     2.8140     0.0046  0.1760468      1.054    22.8157     7.0566     6.0195 -9.990e-29
       1328      1.064    14.7564   2.901830     2.8698     2.8140     0.0046  0.1762205      1.054    22.8159     7.0564     6.0195 -9.990e-29
       1329      1.063    14.7565   2.901860     2.8698     2.8140     0.0046  0.1764139      1.053    22.8161     7.0563     6.0196 -9.990e-29
       1330      1.063    14.7567   2.901889     2.8699     2.8140     0.0046  0.1766225      1.053    22.8162     7.0564     6.0196 -9.990e-29
       1331      1.063    14.7568   2.901915     2.8699     2.8140     0.0046  0.1768316      1.053    22.8164     7.0563     6.0197 -9.990e-29
       1332      1.063    14.7570   2.901940     2.8699     2.8140     0.0046  0.1770273      1.053    22.8165     7.0562     6.0197 -9.990e-29
       1333      1.063    14.7571   2.901963     2.8699     2.8141     0.0046  0.1772059      1.053    22.8166     7.0561     6.0200 -9.990e-29
