data/2021/ctd_data_day2/station5_ctm_fil.cnv
* Sea-Bird SBE 9 Data File:
* FileName = C:\Users\CTD-User\Desktop\MAR440\day2\station5.hex
* Software Version Seasave V 7.26.2.13
* Temperature SN = 6313
* Conductivity SN = 4758
* Number of Bytes Per Scan = 37
* Number of Voltage Words = 4
* Number of Scans Averaged by the Deck Unit = 1
* NMEA Latitude = 58 19.20 N
* NMEA Longitude = 011 48.71 E
* NMEA UTC (Time) = Sep 22 2021 10:20:22
* NMEA baud rate = 4800
** Ship: Skagerrak
** Station: station5
** Operator: group2blu
# nquan = 9
# nvalues = 5019                        
# units = specified
# name 0 = scan: Scan Count
# name 1 = prDM: Pressure, Digiquartz [db]
# name 2 = t090C: Temperature [ITS-90, deg C]
# name 3 = c0S/m: Conductivity [S/m]
# name 4 = sbeox0V: Oxygen raw, SBE 43 [V]
# name 5 = sbeox1V: Oxygen raw, SBE 43, 2 [V]
# name 6 = flECO-AFL: Fluorescence, WET Labs ECO-AFL/FL [mg/m^3]
# name 7 = upoly0: Upoly 0, Turbidity
# name 8 = flag:  0.000e+00
# span 0 =          1,       5019       
# span 1 =      0.431,     26.494       
# span 2 =    11.7329,    16.2142       
# span 3 =  -0.000256,   3.795797       
# span 4 =     0.9420,     2.9473       
# span 5 =     1.0255,     2.8390       
# span 6 =     0.0020,     0.0522       
# span 7 =  0.0806113,  0.1779398       
# span 8 = 0.0000e+00, 0.0000e+00       
# interval = seconds: 0.0416667
# start_time = Sep 22 2021 10:20:22 [NMEA time, header]
# bad_flag = -9.990e-29
*END*
[from data line 3041]
       3042      1.236    14.8002   2.927951     2.7342     2.7257     0.0044  0.1673990 0.0000e+00
       3043      1.237    14.7982   2.927548     2.7351     2.7263     0.0044  0.1674533 0.0000e+00
       3044      1.238    14.7964   2.927179     2.7360     2.7268     0.0044  0.1675114 0.0000e+00
       3045      1.239    14.7949   2.926848     2.7368     2.7273     0.0044  0.1675754 0.0000e+00
       3046      1.240    14.7936   2.926558     2.7377     2.7279     0.0044  0.1676458 0.0000e+00
       3047      1.241    14.7925   2.926306     2.7386     2.7284     0.0044  0.1677213 0.0000e+00
       3048      1.242    14.7916   2.926090     2.7394     2.7289     0.0044  0.1678024 0.0000e+00
       3049      1.242    14.7909   2.925906     2.7402     2.7294     0.0044  0.1678907 0.0000e+00
       3050      1.243    14.7903   2.925751     2.7410     2.7299     0.0044  0.1679857 0.0000e+00
       3051      1.243    14.7900   2.925623     2.7418     2.7304     0.0044  0.1680874 0.0000e+00
       3052      1.244    14.7898   2.925521     2.7426     2.7309     0.0044  0.1681957 0.0000e+00
       3053      1.244    14.7898   2.925439     2.7433     2.7314     0.0046  0.1683061 0.0000e+00
       3054      1.244    14.7899   2.925370     2.7441     2.7319     0.0046  0.1684109 0.0000e+00
       3055      1.244    14.7900   2.925303     2.7449     2.7324     0.0046  0.1685059 0.0000e+00
       3056      1.244    14.7900   2.925229     2.7456     2.7329     0.0046  0.1685907 0.0000e+00
       3057      1.244    14.7899   2.925142     2.7464     2.7334     0.0046  0.1686668 0.0000e+00
       3058      1.244    14.7896   2.925042     2.7471     2.7338     0.0046  0.1687365 0.0000e+00
       3059      1.243    14.7892   2.924928     2.7478     2.7343     0.0046  0.1688011 0.0000e+00
       3060      1.243    14.7886   2.924803     2.7486     2.7347     0.0046  0.1688601 0.0000e+00
       3061      1.243    14.7880   2.924668     2.7493     2.7352     0.0046  0.1689132 0.0000e+00
       3062      1.243    14.7873   2.924526     2.7500     2.7356     0.0046  0.1689616 0.0000e+00
       3063      1.243    14.7865   2.924380     2.7507     2.7360     0.0046  0.1690065 0.0000e+00
       3064      1.242    14.7857   2.924229     2.7514     2.7365     0.0046  0.1690481 0.0000e+00
       3065      1.242    14.7847   2.924070     2.7521     2.7369     0.0046  0.1690867 0.0000e+00
       3066      1.242    14.7836   2.923899     2.7527     2.7374     0.0046  0.1691227 0.0000e+00
       3067      1.243    14.7825   2.923714     2.7534     2.7379     0.0046  0.1691563 0.0000e+00
       3068      1.242    14.7813   2.923516     2.7541     2.7383     0.0046  0.1691876 0.0000e+00
       3069      1.242    14.7800   2.923309     2.7547     2.7388     0.0046  0.1692162 0.0000e+00
       3070      1.242    14.7788   2.923095     2.7554     2.7393     0.0046  0.1692413 0.0000e+00
       3071      1.242    14.7775   2.922876     2.7560     2.7398     0.0046  0.1692639 0.0000e+00
       3072      1.242    14.7764   2.922658     2.7567     2.7403     0.0046  0.1692842 0.0000e+00
       3073      1.242    14.7753   2.922446     2.7573     2.7408     0.0046  0.1693016 0.0000e+00
       3074      1.242    14.7744   2.922244     2.7579     2.7412     0.0046  0.1693160 0.0000e+00
       3075      1.242    14.7735   2.922055     2.7586     2.7417     0.0046  0.1693277 0.0000e+00
       3076      1.242    14.7727   2.921875     2.7592     2.7423     0.0046  0.1693375 0.0000e+00
       3077      1.242    14.7719   2.921704     2.7598     2.7428     0.0046  0.1693464 0.0000e+00
       3078      1.242    14.7712   2.921543     2.7604     2.7433     0.0048  0.1693536 0.0000e+00
       3079      1.241    14.7706   2.921395     2.7610     2.7438     0.0049  0.1693582 0.0000e+00
       3080      1.241    14.7700   2.921260     2.7616     2.7443     0.0049  0.1693604 0.0000e+00
       3081      1.240    14.7696   2.921140     2.7621     2.7448     0.0049  0.1693601 0.0000e+00
       3082      1.239    14.7692   2.921037     2.7627     2.7453     0.0049  0.1693573 0.0000e+00
       3083      1.238    14.7689   2.920950     2.7633     2.7458     0.0049  0.1693521 0.0000e+00
       3084      1.237    14.7687   2.920881     2.7638     2.7463     0.0049  0.1693451 0.0000e+00
       3085      1.236    14.7686   2.920826     2.7644     2.7468     0.0049  0.1693373 0.0000e+00
       3086      1.235    14.7686   2.920782     2.7649     2.7473     0.0049  0.1693286 0.0000e+00
       3087      1.235    14.7685   2.920747     2.7655     2.7479     0.0049  0.1693188 0.0000e+00
       3088      1.234    14.7685   2.920718     2.7660     2.7484     0.0049  0.1693080 0.0000e+00
       3089      1.233    14.7684   2.920691     2.7665     2.7489     0.0049  0.1692961 0.0000e+00
       3090      1.233    14.7684   2.920665     2.7670     2.7494     0.0049  0.1692821 0.0000e+00
       3091      1.232    14.7683   2.920635     2.7676     2.7499     0.0049  0.1692651 0.0000e+00
       3092      1.232    14.7681   2.920600     2.7681     2.7504     0.0049  0.1692458 0.0000e+00
       3093      1.231    14.7679   2.920557     2.7686     2.7509     0.0049  0.1692249 0.0000e+00
       3094      1.231    14.7675   2.920505     2.7691     2.7514     0.0049  0.1692023 0.0000e+00
       3095      1.230    14.7671   2.920442     2.7696     2.7519     0.0049  0.1691778 0.0000e+00
       3096      1.230    14.7666   2.920372     2.7701     2.7524     0.0049  0.1691513 0.0000e+00
       3097      1.230    14.7661   2.920296     2.7705     2.7529     0.0049  0.1691217 0.0000e+00
       3098      1.230    14.7656   2.920217     2.7710     2.7534     0.0049  0.1690880 0.0000e+00
       3099      1.230    14.7652   2.920140     2.7715     2.7539     0.0049  0.1690508 0.0000e+00
       3100      1.231    14.7648   2.920068     2.7720     2.7544     0.0049  0.1690107 0.0000e+00
       3101      1.231    14.7645   2.920002     2.7724     2.7549     0.0049  0.1689665 0.0000e+00
       3102      1.232    14.7643   2.919945     2.7729     2.7554     0.0049  0.1689171 0.0000e+00
       3103      1.232    14.7642   2.919899     2.7734     2.7559     0.0049  0.1688629 0.0000e+00
       3104      1.233    14.7643   2.919869     2.7738     2.7565     0.0046  0.1688054 0.0000e+00
       3105      1.234    14.7645   2.919855     2.7743     2.7570     0.0046  0.1687458 0.0000e+00
       3106      1.236    14.7648   2.919857     2.7748     2.7575     0.0046  0.1686855 0.0000e+00
       3107      1.237    14.7652   2.919875     2.7753     2.7580     0.0046  0.1686247 0.0000e+00
       3108      1.238    14.7657   2.919907     2.7758     2.7586     0.0046  0.1685632 0.0000e+00
       3109      1.239    14.7663   2.919954     2.7763     2.7591     0.0046  0.1685004 0.0000e+00
       3110      1.240    14.7669   2.920013     2.7768     2.7596     0.0046  0.1684360 0.0000e+00
       3111      1.241    14.7677   2.920083     2.7773     2.7601     0.0046  0.1683694 0.0000e+00
       3112      1.241    14.7684   2.920163     2.7779     2.7607     0.0046  0.1683003 0.0000e+00
       3113      1.241    14.7692   2.920253     2.7784     2.7612     0.0046  0.1682290 0.0000e+00
       3114      1.241    14.7701   2.920351     2.7790     2.7618     0.0046  0.1681559 0.0000e+00
       3115      1.240    14.7710   2.920454     2.7795     2.7623     0.0046  0.1680804 0.0000e+00
       3116      1.239    14.7719   2.920562     2.7801     2.7628     0.0046  0.1680020 0.0000e+00
       3117      1.238    14.7727   2.920672     2.7807     2.7634     0.0046  0.1679193 0.0000e+00
       3118      1.237    14.7735   2.920781     2.7813     2.7639     0.0046  0.1678301 0.0000e+00
       3119      1.235    14.7743   2.920887     2.7819     2.7645     0.0046  0.1677329 0.0000e+00
       3120      1.233    14.7750   2.920989     2.7825     2.7651     0.0046  0.1676278 0.0000e+00
       3121      1.231    14.7757   2.921086     2.7831     2.7656     0.0046  0.1675158 0.0000e+00
       3122      1.229    14.7764   2.921179     2.7837     2.7662     0.0046  0.1673962 0.0000e+00
       3123      1.227    14.7770   2.921270     2.7844     2.7667     0.0046  0.1672664 0.0000e+00
       3124      1.224    14.7777   2.921359     2.7850     2.7673     0.0046  0.1671247 0.0000e+00
       3125      1.222    14.7783   2.921446     2.7856     2.7678     0.0046  0.1669709 0.0000e+00
       3126      1.220    14.7788   2.921528     2.7862     2.7684     0.0046  0.1668056 0.0000e+00
       3127      1.218    14.7793   2.921604     2.7869     2.7689     0.0046  0.1666277 0.0000e+00
       3128      1.216    14.7796   2.921668     2.7875     2.7694     0.0046  0.1664352 0.0000e+00
       3129      1.214    14.7798   2.921722     2.7881     2.7700     0.0046  0.1662325 0.0000e+00
       3130      1.212    14.7800   2.921768     2.7887     2.7705     0.0048  0.1660329 0.0000e+00
       3131      1.210    14.7802   2.921808     2.7894     2.7710     0.0048  0.1658475 0.0000e+00
       3132      1.209    14.7803   2.921844     2.7900     2.7715     0.0048  0.1656802 0.0000e+00
       3133      1.208    14.7805   2.921880     2.7906     2.7720     0.0048  0.1655299 0.0000e+00
       3134      1.207    14.7807   2.921916     2.7912     2.7725     0.0048  0.1653938 0.0000e+00
       3135      1.207    14.7809   2.921953     2.7918     2.7730     0.0048  0.1652701 0.0000e+00
       3136      1.207    14.7811   2.921994     2.7924     2.7735     0.0048  0.1651579 0.0000e+00
       3137      1.208    14.7814   2.922038     2.7930     2.7740     0.0048  0.1650565 0.0000e+00
       3138      1.209    14.7817   2.922088     2.7936     2.7745     0.0048  0.1649652 0.0000e+00
       3139      1.210    14.7821   2.922144     2.7942     2.7750     0.0048  0.1648832 0.0000e+00
       3140      1.211    14.7825   2.922206     2.7948     2.7754     0.0048  0.1648102 0.0000e+00
       3141      1.213    14.7830   2.922276     2.7954     2.7759     0.0048  0.1647454 0.0000e+00
       3142      1.215    14.7835   2.922352     2.7960     2.7763     0.0048  0.1646886 0.0000e+00
       3143      1.216    14.7840   2.922435     2.7966     2.7767     0.0048  0.1646393 0.0000e+00
       3144      1.218    14.7845   2.922527     2.7971     2.7772     0.0048  0.1645971 0.0000e+00
       3145      1.220    14.7851   2.922626     2.7977     2.7776     0.0048  0.1645618 0.0000e+00
       3146      1.222    14.7857   2.922734     2.7982     2.7780     0.0048  0.1645331 0.0000e+00
       3147      1.223    14.7864   2.922849     2.7988     2.7784     0.0048  0.1645109 0.0000e+00
       3148      1.224    14.7871   2.922972     2.7993     2.7788     0.0048  0.1644957 0.0000e+00
       3149      1.226    14.7878   2.923103     2.7998     2.7792     0.0048  0.1644884 0.0000e+00
       3150      1.226    14.7885   2.923241     2.8004     2.7796     0.0048  0.1644881 0.0000e+00
       3151      1.227    14.7892   2.923388     2.8009     2.7799     0.0048  0.1644938 0.0000e+00
       3152      1.227    14.7900   2.923545     2.8014     2.7803     0.0048  0.1645057 0.0000e+00
       3153      1.226    14.7908   2.923711     2.8019     2.7807     0.0048  0.1645239 0.0000e+00
       3154      1.226    14.7916   2.923888     2.8024     2.7810     0.0048  0.1645484 0.0000e+00
       3155      1.225    14.7924   2.924075     2.8028     2.7814     0.0046  0.1645777 0.0000e+00
       3156      1.223    14.7933   2.924276     2.8033     2.7817     0.0046  0.1646078 0.0000e+00
       3157      1.222    14.7943   2.924493     2.8038     2.7820     0.0046  0.1646355 0.0000e+00
       3158      1.220    14.7954   2.924727     2.8042     2.7824     0.0046  0.1646601 0.0000e+00
       3159      1.218    14.7966   2.924981     2.8047     2.7827     0.0046  0.1646818 0.0000e+00
       3160      1.216    14.7979   2.925257     2.8051     2.7830     0.0046  0.1647008 0.0000e+00
       3161      1.213    14.7992   2.925554     2.8055     2.7833     0.0046  0.1647172 0.0000e+00
       3162      1.210    14.8007   2.925868     2.8060     2.7836     0.0046  0.1647320 0.0000e+00
       3163      1.208    14.8022   2.926192     2.8064     2.7839     0.0046  0.1647460 0.0000e+00
       3164      1.205    14.8038   2.926523     2.8068     2.7842     0.0046  0.1647586 0.0000e+00
       3165      1.202    14.8055   2.926864     2.8072     2.7845     0.0046  0.1647690 0.0000e+00
       3166      1.200    14.8072   2.927220     2.8075     2.7848     0.0046  0.1647773 0.0000e+00
       3167      1.197    14.8091   2.927596     2.8079     2.7851     0.0046  0.1647843 0.0000e+00
       3168      1.195    14.8111   2.927993     2.8083     2.7854     0.0046  0.1647919 0.0000e+00
       3169      1.193    14.8132   2.928411     2.8086     2.7856     0.0046  0.1648009 0.0000e+00
       3170      1.192    14.8155   2.928851     2.8089     2.7859     0.0046  0.1648105 0.0000e+00
       3171      1.191    14.8178   2.929311     2.8093     2.7861     0.0046  0.1648191 0.0000e+00
       3172      1.191    14.8202   2.929786     2.8096     2.7864     0.0046  0.1648260 0.0000e+00
       3173      1.191    14.8226   2.930269     2.8099     2.7866     0.0046  0.1648311 0.0000e+00
       3174      1.191    14.8250   2.930754     2.8102     2.7868     0.0046  0.1648345 0.0000e+00
       3175      1.192    14.8275   2.931237     2.8104     2.7870     0.0046  0.1648362 0.0000e+00
       3176      1.193    14.8300   2.931718     2.8107     2.7872     0.0046  0.1648362 0.0000e+00
       3177      1.194    14.8325   2.932194     2.8110     2.7874     0.0046  0.1648346 0.0000e+00
       3178      1.196    14.8348   2.932659     2.8113     2.7876     0.0046  0.1648314 0.0000e+00
       3179      1.199    14.8371   2.933108     2.8115     2.7877     0.0046  0.1648264 0.0000e+00
       3180      1.201    14.8392   2.933545     2.8118     2.7879     0.0046  0.1648197 0.0000e+00
       3181      1.203    14.8413   2.933974     2.8120     2.7880     0.0046  0.1648112 0.0000e+00
       3182      1.206    14.8434   2.934403     2.8123     2.7881     0.0046  0.1648008 0.0000e+00
       3183      1.209    14.8456   2.934839     2.8125     2.7882     0.0046  0.1647886 0.0000e+00
       3184      1.211    14.8479   2.935293     2.8127     2.7882     0.0046  0.1647743 0.0000e+00
       3185      1.213    14.8503   2.935770     2.8130     2.7883     0.0046  0.1647580 0.0000e+00
       3186      1.216    14.8528   2.936277     2.8132     2.7884     0.0046  0.1647394 0.0000e+00
       3187      1.218    14.8554   2.936816     2.8135     2.7884     0.0046  0.1647185 0.0000e+00
       3188      1.219    14.8581   2.937386     2.8137     2.7884     0.0046  0.1646951 0.0000e+00
       3189      1.221    14.8609   2.937978     2.8139     2.7885     0.0046  0.1646691 0.0000e+00
       3190      1.222    14.8637   2.938586     2.8142     2.7885     0.0046  0.1646403 0.0000e+00
       3191      1.223    14.8666   2.939202     2.8144     2.7885     0.0046  0.1646092 0.0000e+00
       3192      1.224    14.8696   2.939825     2.8147     2.7885     0.0046  0.1645766 0.0000e+00
       3193      1.224    14.8726   2.940449     2.8149     2.7885     0.0046  0.1645423 0.0000e+00
       3194      1.224    14.8757   2.941074     2.8152     2.7885     0.0046  0.1645059 0.0000e+00
       3195      1.224    14.8786   2.941691     2.8154     2.7884     0.0046  0.1644664 0.0000e+00
       3196      1.223    14.8815   2.942297     2.8156     2.7884     0.0046  0.1644227 0.0000e+00
       3197      1.222    14.8843   2.942886     2.8159     2.7883     0.0046  0.1643744 0.0000e+00
       3198      1.220    14.8869   2.943453     2.8161     2.7882     0.0046  0.1643213 0.0000e+00
       3199      1.219    14.8893   2.943991     2.8163     2.7881     0.0046  0.1642629 0.0000e+00
       3200      1.217    14.8915   2.944498     2.8166     2.7880     0.0046  0.1641989 0.0000e+00
