data/2021/ctd_data_day2/station2.cnv
* Sea-Bird SBE 9 Data File:
* FileName = C:\Users\CTD-User\Desktop\MAR440\day2\station2.hex
* Software Version Seasave V 7.26.2.13
* Temperature SN = 6313
* Conductivity SN = 4758
* Number of Bytes Per Scan = 37
* Number of Voltage Words = 4
* Number of Scans Averaged by the Deck Unit = 1
* NMEA Latitude = 58 19.95 N
* NMEA Longitude = 011 52.33 E
* NMEA UTC (Time) = Sep 22 2021 09:05:25
* NMEA baud rate = 4800
** Ship: Skagerrak
** Station: station2
** Operator: group2blue
# nquan = 9
# nvalues = 8194                                  
# units = specified
# name 0 = scan: Scan Count
# name 1 = prDM: Pressure, Digiquartz [db]
# name 2 = t090C: Temperature [ITS-90, deg C]
# name 3 = c0S/m: Conductivity [S/m]
# name 4 = sbeox0V: Oxygen raw, SBE 43 [V]
# name 5 = sbeox1V: Oxygen raw, SBE 43, 2 [V]
# name 6 = flECO-AFL: Fluorescence, WET Labs ECO-AFL/FL [mg/m^3]
# name 7 = upoly0: Upoly 0, Turbidity
# name 8 = flag:  0.000e+00
# span 0 =          1,       8194                 
# span 1 =      0.414,     46.105                 
# span 2 =     7.9715,    16.1947                 
# span 3 =   2.598373,   3.488985                 
# span 4 =     0.4613,     4.2576                 
# span 5 =     0.5151,     4.2186                 
# span 6 =     0.0035,     0.0209                 
# span 7 =  0.0879084,  0.3184335                 
# span 8 = 0.0000e+00, 0.0000e+00                 
# interval = seconds: 0.0416667
# start_time = Sep 22 2021 09:05:25 [NMEA time, header]
# bad_flag = -9.990e-29
*END*
[from data line 641]
        642     10.132    15.8424   3.272062     2.5201     2.4322     0.0038  0.0966996  0.000e+00
        643     10.099    15.8340   3.272744     2.5165     2.4286     0.0038  0.0966996  0.000e+00
        644     10.157    15.8279   3.273237     2.5128     2.4249     0.0038  0.0966996  0.000e+00
        645     10.198    15.8231   3.273736     2.5116     2.4224     0.0038  0.0966996  0.000e+00
        646     10.214    15.8184   3.274172     2.5079     2.4188     0.0038  0.0966996  0.000e+00
        647     10.214    15.8129   3.274539     2.5030     2.4151     0.0038  0.0962112  0.000e+00
        648     10.256    15.8094   3.274940     2.4994     2.4115     0.0038  0.0966996  0.000e+00
        649     10.280    15.8063   3.275204     2.4957     2.4090     0.0038  0.0962112  0.000e+00
        650     10.280    15.8025   3.275256     2.4933     2.4041     0.0038  0.0962112  0.000e+00
        651     10.256    15.7942   3.275565     2.4896     2.4005     0.0038  0.0962112  0.000e+00
        652     10.338    15.7866   3.276053     2.4847     2.3968     0.0038  0.0966996  0.000e+00
        653     10.280    15.7808   3.276759     2.4810     2.3931     0.0038  0.0966996  0.000e+00
        654     10.313    15.7722   3.277355     2.4786     2.3895     0.0037  0.0962112  0.000e+00
        655     10.338    15.7686   3.277935     2.4749     2.3858     0.0038  0.0962112  0.000e+00
        656     10.404    15.7682   3.278072     2.4701     2.3809     0.0038  0.0966996  0.000e+00
        657     10.313    15.7783   3.276982     2.4652     2.3773     0.0038  0.0962112  0.000e+00
        658     10.404    15.8022   3.274791     2.4615     2.3736     0.0040  0.0962112  0.000e+00
        659     10.404    15.8181   3.272687     2.4566     2.3699     0.0040  0.0957228  0.000e+00
        660     10.379    15.8242   3.271586     2.4542     2.3651     0.0040  0.0962112  0.000e+00
        661     10.404    15.8333   3.270720     2.4493     2.3614     0.0040  0.0962112  0.000e+00
        662     10.338    15.8396   3.269769     2.4444     2.3565     0.0040  0.0962112  0.000e+00
        663     10.437    15.8453   3.269236     2.4395     2.3528     0.0040  0.0962112  0.000e+00
        664     10.404    15.8519   3.268668     2.4359     2.3492     0.0040  0.0962112  0.000e+00
        665     10.404    15.8567   3.267505     2.4322     2.3443     0.0040  0.0962112  0.000e+00
        666     10.379    15.8622   3.264973     2.4261     2.3406     0.0040  0.0962112  0.000e+00
        667     10.461    15.8656   3.258577     2.4212     2.3357     0.0040  0.0962112  0.000e+00
        668     10.337    15.8692   3.249928     2.4163     2.3321     0.0040  0.0962112  0.000e+00
        669     10.436    15.8711   3.242567     2.4139     2.3272     0.0040  0.0962112  0.000e+00
        670     10.403    15.8696   3.236645     2.4090     2.3235     0.0040  0.0957228  0.000e+00
        671     10.403    15.8678   3.230909     2.4029     2.3187     0.0040  0.0957228  0.000e+00
        672     10.436    15.8700   3.223650     2.4005     2.3150     0.0038  0.0962112  0.000e+00
        673     10.403    15.8765   3.214216     2.3956     2.3113     0.0040  0.0962112  0.000e+00
        674     10.403    15.8797   3.206272     2.3919     2.3064     0.0040  0.0962112  0.000e+00
        675     10.436    15.8739   3.205527     2.3858     2.3028     0.0040  0.0962112  0.000e+00
        676     10.403    15.8664   3.212366     2.3809     2.2979     0.0040  0.0962112  0.000e+00
        677     10.403    15.8582   3.223012     2.3760     2.2942     0.0040  0.0962112  0.000e+00
        678     10.378    15.8552   3.231714     2.3712     2.2906     0.0040  0.0962112  0.000e+00
        679     10.461    15.8575   3.236114     2.3675     2.2869     0.0040  0.0962112  0.000e+00
        680     10.403    15.8601   3.237438     2.3626     2.2820     0.0040  0.0962112  0.000e+00
        681     10.378    15.8621   3.237450     2.3565     2.2784     0.0040  0.0962112  0.000e+00
        682     10.461    15.8663   3.236759     2.3528     2.2747     0.0040  0.0962112  0.000e+00
        683     10.403    15.8714   3.235549     2.3492     2.2698     0.0038  0.0952344  0.000e+00
        684     10.378    15.8760   3.234156     2.3467     2.2661     0.0038  0.0952344  0.000e+00
        685     10.461    15.8794   3.233009     2.3406     2.2613     0.0038  0.0947460  0.000e+00
        686     10.403    15.8799   3.232615     2.3370     2.2588     0.0038  0.0947460  0.000e+00
        687     10.378    15.8766   3.234122     2.3321     2.2539     0.0038  0.0947460  0.000e+00
        688     10.460    15.8741   3.237067     2.3272     2.2503     0.0038  0.0952344  0.000e+00
        689     10.403    15.8726   3.239448     2.3235     2.2454     0.0038  0.0952344  0.000e+00
        690     10.378    15.8696   3.241339     2.3186     2.2417     0.0038  0.0947460  0.000e+00
        691     10.337    15.8670   3.242572     2.3150     2.2381     0.0038  0.0947460  0.000e+00
        692     10.518    15.8663   3.243052     2.3101     2.2332     0.0038  0.0947460  0.000e+00
        693     10.378    15.8667   3.243521     2.3077     2.2295     0.0038  0.0947460  0.000e+00
        694     10.403    15.8620   3.245235     2.3028     2.2259     0.0038  0.0947460  0.000e+00
        695     10.403    15.8429   3.249219     2.2979     2.2222     0.0038  0.0947460  0.000e+00
        696     10.436    15.8179   3.254807     2.2930     2.2197     0.0038  0.0947460  0.000e+00
        697     10.403    15.8053   3.258927     2.2893     2.2161     0.0038  0.0947460  0.000e+00
        698     10.402    15.8011   3.261853     2.2881     2.2124     0.0038  0.0947460  0.000e+00
        699     10.435    15.8031   3.263445     2.2832     2.2088     0.0038  0.0947460  0.000e+00
        700     10.402    15.7994   3.264258     2.2783     2.2063     0.0038  0.0947460  0.000e+00
        701     10.402    15.7941   3.266074     2.2735     2.2026     0.0038  0.0947460  0.000e+00
        702     10.378    15.7876   3.268824     2.2710     2.2002     0.0038  0.0947460  0.000e+00
        703     10.402    15.7775   3.271650     2.2686     2.1978     0.0038  0.0952344  0.000e+00
        704     10.460    15.7678   3.273840     2.2649     2.1953     0.0038  0.0947460  0.000e+00
        705     10.378    15.7604   3.275382     2.2600     2.1929     0.0038  0.0947460  0.000e+00
        706     10.402    15.7546   3.276334     2.2588     2.1917     0.0038  0.0947460  0.000e+00
        707     10.402    15.7504   3.277092     2.2551     2.1892     0.0038  0.0947460  0.000e+00
        708     10.402    15.7481   3.277837     2.2527     2.1880     0.0038  0.0952344  0.000e+00
        709     10.377    15.7463   3.278348     2.2490     2.1868     0.0038  0.0962112  0.000e+00
        710     10.402    15.7472   3.278577     2.2454     2.1856     0.0038  0.0966996  0.000e+00
        711     10.402    15.7522   3.278417     2.2429     2.1856     0.0038  0.0966996  0.000e+00
        712     10.377    15.7632   3.277590     2.2442     2.1856     0.0038  0.0962112  0.000e+00
        713     10.402    15.7746   3.276575     2.2405     2.1843     0.0038  0.0962112  0.000e+00
        714     10.402    15.7813   3.275766     2.2368     2.1856     0.0038  0.0966996  0.000e+00
        715     10.377    15.7844   3.275181     2.2344     2.1856     0.0038  0.0962112  0.000e+00
        716     10.336    15.7859   3.274958     2.2319     2.1856     0.0038  0.0962112  0.000e+00
        717     10.402    15.7876   3.275107     2.2344     2.1868     0.0038  0.0966996  0.000e+00
        718     10.377    15.7906   3.275210     2.2295     2.1880     0.0038  0.0962112  0.000e+00
        719     10.402    15.7932   3.275176     2.2295     2.1880     0.0038  0.0962112  0.000e+00
        720     10.402    15.7971   3.275118     2.2258     2.1892     0.0038  0.0966996  0.000e+00
        721     10.311    15.8005   3.275061     2.2246     2.1904     0.0038  0.0966996  0.000e+00
        722     10.402    15.8029   3.275049     2.2271     2.1917     0.0038  0.0962112  0.000e+00
        723     10.336    15.8040   3.274935     2.2246     2.1929     0.0038  0.0962112  0.000e+00
        724     10.377    15.8041   3.274946     2.2210     2.1929     0.0038  0.0962112  0.000e+00
        725     10.402    15.8042   3.274826     2.2197     2.1941     0.0038  0.0962112  0.000e+00
        726     10.336    15.8063   3.273862     2.2197     2.1941     0.0038  0.0962112  0.000e+00
        727     10.377    15.8106   3.272240     2.2197     2.1953     0.0038  0.0966996  0.000e+00
        728     10.336    15.8162   3.269912     2.2173     2.1953     0.0038  0.0962112  0.000e+00
        729     10.336    15.8235   3.266474     2.2161     2.1953     0.0038  0.0962112  0.000e+00
        730     10.377    15.8270   3.263547     2.2136     2.1965     0.0038  0.0962112  0.000e+00
        731     10.336    15.8235   3.263553     2.2149     2.1965     0.0038  0.0962112  0.000e+00
        732     10.401    15.8175   3.265798     2.2136     2.1965     0.0038  0.0966996  0.000e+00
        733     10.311    15.8139   3.268342     2.2112     2.1965     0.0038  0.0966996  0.000e+00
        734     10.335    15.8140   3.269804     2.2100     2.1953     0.0038  0.0971880  0.000e+00
        735     10.335    15.8157   3.270308     2.2100     2.1953     0.0038  0.0976764  0.000e+00
        736     10.377    15.8184   3.269786     2.2100     2.1941     0.0038  0.0976764  0.000e+00
        737     10.335    15.8299   3.268130     2.2100     2.1929     0.0038  0.0981648  0.000e+00
        738     10.335    15.8412   3.265735     2.2063     2.1929     0.0038  0.0976764  0.000e+00
        739     10.311    15.8438   3.264028     2.2051     2.1917     0.0038  0.0976764  0.000e+00
        740     10.335    15.8363   3.264389     2.2039     2.1904     0.0038  0.0976764  0.000e+00
        741     10.335    15.8313   3.265741     2.2039     2.1880     0.0038  0.0976764  0.000e+00
        742     10.311    15.8299   3.266085     2.2026     2.1880     0.0038  0.0976764  0.000e+00
        743     10.335    15.8297   3.265632     2.2002     2.1856     0.0038  0.0976764  0.000e+00
        744     10.335    15.8480   3.265374     2.1978     2.1843     0.0038  0.0981648  0.000e+00
        745     10.310    15.8633   3.264887     2.1965     2.1831     0.0038  0.0976764  0.000e+00
        746     10.335    15.8828   3.263352     2.1965     2.1819     0.0038  0.0976764  0.000e+00
        747     10.277    15.8980   3.261479     2.1941     2.1807     0.0038  0.0976764  0.000e+00
        748     10.310    15.9065   3.260369     2.1917     2.1782     0.0038  0.0976764  0.000e+00
        749     10.335    15.9143   3.259458     2.1904     2.1770     0.0038  0.0976764  0.000e+00
        750     10.277    15.9116   3.259058     2.1880     2.1758     0.0038  0.0976764  0.000e+00
        751     10.376    15.9034   3.259979     2.1904     2.1746     0.0038  0.0976764  0.000e+00
        752     10.277    15.9087   3.260437     2.1855     2.1721     0.0038  0.0976764  0.000e+00
        753     10.277    15.9203   3.259475     2.1831     2.1709     0.0038  0.0981648  0.000e+00
        754     10.310    15.9435   3.257896     2.1807     2.1697     0.0038  0.0981648  0.000e+00
        755     10.277    15.9593   3.256156     2.1807     2.1672     0.0038  0.0976764  0.000e+00
        756     10.335    15.9569   3.255235     2.1807     2.1660     0.0038  0.0976764  0.000e+00
        757     10.310    15.9505   3.254960     2.1770     2.1636     0.0038  0.0976764  0.000e+00
        758     10.211    15.9481   3.253724     2.1733     2.1636     0.0038  0.0976764  0.000e+00
        759     10.335    15.9514   3.249670     2.1709     2.1611     0.0038  0.0981648  0.000e+00
        760     10.252    15.9534   3.245891     2.1697     2.1599     0.0038  0.0986532  0.000e+00
        761     10.277    15.9564   3.243531     2.1709     2.1587     0.0038  0.0986532  0.000e+00
        762     10.277    15.9629   3.239373     2.1660     2.1575     0.0038  0.0991416  0.000e+00
        763     10.310    15.9670   3.232609     2.1636     2.1562     0.0038  0.0991416  0.000e+00
        764     10.211    15.9719   3.224345     2.1611     2.1550     0.0038  0.0991416  0.000e+00
        765     10.277    15.9761   3.217626     2.1611     2.1538     0.0038  0.0991416  0.000e+00
        766     10.310    15.9782   3.212974     2.1611     2.1526     0.0038  0.0991416  0.000e+00
        767     10.277    15.9765   3.209821     2.1575     2.1514     0.0038  0.0991416  0.000e+00
        768     10.211    15.9758   3.207778     2.1562     2.1514     0.0038  0.0986532  0.000e+00
        769     10.252    15.9767   3.206811     2.1538     2.1501     0.0038  0.0986532  0.000e+00
        770     10.277    15.9753   3.206550     2.1538     2.1489     0.0038  0.0991416  0.000e+00
        771     10.277    15.9743   3.206771     2.1526     2.1477     0.0038  0.0991416  0.000e+00
        772     10.252    15.9731   3.206959     2.1489     2.1465     0.0038  0.0991416  0.000e+00
        773     10.277    15.9741   3.206942     2.1465     2.1453     0.0038  0.0986532  0.000e+00
        774     10.211    15.9782   3.206072     2.1453     2.1440     0.0038  0.0991416  0.000e+00
        775     10.252    15.9820   3.204053     2.1465     2.1440     0.0038  0.0991416  0.000e+00
        776     10.277    15.9819   3.201960     2.1440     2.1428     0.0038  0.0986532  0.000e+00
        777     10.211    15.9804   3.201068     2.1416     2.1416     0.0038  0.0991416  0.000e+00
        778     10.252    15.9811   3.201284     2.1416     2.1404     0.0038  0.0986532  0.000e+00
        779     10.277    15.9826   3.201903     2.1416     2.1392     0.0038  0.0986532  0.000e+00
        780     10.211    15.9814   3.201699     2.1404     2.1392     0.0038  0.0991416  0.000e+00
        781     10.252    15.9795   3.200062     2.1379     2.1379     0.0038  0.0991416  0.000e+00
        782     10.210    15.9782   3.198396     2.1367     2.1379     0.0038  0.0986532  0.000e+00
        783     10.210    15.9784   3.197601     2.1367     2.1367     0.0038  0.0986532  0.000e+00
        784     10.252    15.9792   3.197374     2.1343     2.1355     0.0038  0.0986532  0.000e+00
        785     10.210    15.9801   3.197146     2.1367     2.1355     0.0038  0.0996300  0.000e+00
        786     10.210    15.9809   3.196004     2.1330     2.1343     0.0038  0.1001184  0.000e+00
        787     10.252    15.9800   3.193414     2.1318     2.1343     0.0038  0.1001184  0.000e+00
        788     10.210    15.9787   3.190053     2.1306     2.1330     0.0038  0.0996300  0.000e+00
        789     10.276    15.9789   3.188117     2.1318     2.1330     0.0038  0.1001184  0.000e+00
        790     10.194    15.9794   3.187470     2.1318     2.1318     0.0038  0.1001184  0.000e+00
        791     10.210    15.9795   3.186795     2.1294     2.1318     0.0038  0.1001184  0.000e+00
        792     10.210    15.9782   3.184661     2.1282     2.1306     0.0038  0.1001184  0.000e+00
        793     10.251    15.9768   3.182727     2.1269     2.1306     0.0038  0.1001184  0.000e+00
        794     10.210    15.9763   3.181314     2.1294     2.1306     0.0038  0.1001184  0.000e+00
        795     10.210    15.9761   3.180112     2.1282     2.1294     0.0038  0.0996300  0.000e+00
        796     10.251    15.9663   3.177612     2.1269     2.1282     0.0038  0.1001184  0.000e+00
        797     10.152    15.9605   3.173628     2.1269     2.1269     0.0038  0.1001184  0.000e+00
        798     10.210    15.9624   3.169612     2.1269     2.1269     0.0038  0.0996300  0.000e+00
        799     10.251    15.9668   3.166220     2.1282     2.1269     0.0038  0.1001184  0.000e+00
        800     10.210    15.9671   3.163922     2.1282     2.1257     0.0038  0.1001184  0.000e+00
