data/2021/ctd_data_day2/station10_ctm_fil_le_der.cnv
* Sea-Bird SBE 9 Data File:
* FileName = C:\Users\CTD-User\Desktop\MAR440\day2\station10.hex
* Software Version Seasave V 7.26.2.13
* Temperature SN = 6313
* Conductivity SN = 4758
* Number of Bytes Per Scan = 37
* Number of Voltage Words = 4
* Number of Scans Averaged by the Deck Unit = 1
* NMEA Latitude = 58 20.25 N
* NMEA Longitude = 011 53.24 E
* NMEA UTC (Time) = Sep 22 2021 12:19:36
* NMEA baud rate = 4800
** Ship: Skagerrak
** Station: station10
** Operator: group2green
# nquan = 13                                
# nvalues = 2945                        
# units = specified
# name 0 = scan: Scan Count
# name 1 = prDM: Pressure, Digiquartz [db]
# name 2 = t090C: Temperature [ITS-90, deg C]
# name 3 = c0S/m: Conductivity [S/m]
# name 4 = sbeox0V: Oxygen raw, SBE 43 [V]
# name 5 = sbeox1V: Oxygen raw, SBE 43, 2 [V]
# name 6 = flECO-AFL: Fluorescence, WET Labs ECO-AFL/FL [mg/m^3]
# name 7 = upoly0: Upoly 0, Turbidity
# name 8 = depSM: Depth [salt water, m], lat = 58.3375
# name 9 = sal00: Salinity, Practical [PSU]
# name 10 = sbeox0ML/L: Oxygen, SBE 43 [ml/l], WS = 2
# name 11 = sbeox1ML/L: Oxygen, SBE 43, 2 [ml/l], WS = 2
# name 12 = flag: flag
# span 0 =          1,       2945       
# span 1 =      1.437,     39.632       
# span 2 =     7.9679,    15.8524       
# span 3 =   2.829968,   3.458167       
# span 4 =     0.4799,     2.9159       
# span 5 =     0.5511,     2.8625       
# span 6 =     0.0033,     0.0148       
# span 7 =  0.0884141,  0.2199261       
# span 8 =      1.424,     39.260       
# span 9 =    21.9960,    32.1326       
# span 10 =    -0.1130,     7.2268      
# span 11 =     0.2181,     6.1806      
# span 12 = 0.0000e+00, 0.0000e+00      
# interval = seconds: 0.0416667
# start_time = Sep 22 2021 12:19:36 [NMEA time, header]
# bad_flag = -9.990e-29
*END*
[from data line 334]
        335     10.153    15.4803   2.893861     1.9703     2.1658     0.0053  0.1390611     10.058    22.3293     4.1774     4.2744 -9.990e-29
        336     10.153    15.4813   2.896743     1.9693     2.1654     0.0053  0.1382384     10.058    22.3533     4.1737     4.2764 -9.990e-29
        337     10.153    15.4823   2.899875     1.9681     2.1649     0.0053  0.1373820     10.058    22.3793     4.1701     4.2784 -9.990e-29
        338     10.153    15.4832   2.903278     1.9669     2.1645     0.0053  0.1364857     10.058    22.4077     4.1672     4.2810 -9.990e-29
        339     10.153    15.4840   2.906975     1.9656     2.1641     0.0053  0.1355443     10.058    22.4387     4.1648     4.2838 -9.990e-29
        340     10.153    15.4848   2.910991     1.9642     2.1638     0.0053  0.1345538     10.058    22.4724     4.1628     4.2872 -9.990e-29
        341     10.153    15.4855   2.915356     1.9627     2.1635     0.0053  0.1335081     10.058    22.5091     4.1615     4.2910 -9.990e-29
        342     10.153    15.4862   2.920098     1.9612     2.1632     0.0053  0.1323982     10.058    22.5490     4.1609     4.2950 -9.990e-29
        343     10.152    15.4869   2.925251     1.9595     2.1630     0.0053  0.1312156     10.057    22.5924     4.1607     4.2998 -9.990e-29
        344     10.152    15.4875   2.930851     1.9577     2.1629     0.0053  0.1299520     10.057    22.6397     4.1612     4.3051 -9.990e-29
        345     10.152    15.4881   2.936936     1.9558     2.1628     0.0053  0.1285987     10.057    22.6912     4.1624     4.3109 -9.990e-29
        346     10.152    15.4887   2.943548     1.9537     2.1627     0.0049  0.1271751     10.057    22.7471     4.1640     4.3171 -9.990e-29
        347     10.152    15.4893   2.950738     1.9516     2.1627     0.0046  0.1257614     10.057    22.8080     4.1666     4.3240 -9.990e-29
        348     10.152    15.4899   2.958560     1.9494     2.1628     0.0044  0.1244470     10.057    22.8742     4.1701     4.3316 -9.990e-29
        349     10.152    15.4906   2.967019     1.9475     2.1630     0.0044  0.1232662     10.057    22.9459     4.1756     4.3399 -9.990e-29
        350     10.152    15.4913   2.975924     1.9460     2.1632     0.0044  0.1222133     10.057    23.0214     4.1834     4.3487 -9.990e-29
        351     10.152    15.4921   2.984924     1.9449     2.1636     0.0044  0.1212768     10.057    23.0977     4.1937     4.3586 -9.990e-29
        352     10.152    15.4934   2.993723     1.9442     2.1640     0.0044  0.1204483     10.057    23.1719     4.2065     4.3692 -9.990e-29
        353     10.152    15.4951   3.002196     1.9438     2.1645     0.0044  0.1197231     10.057    23.2432     4.2216     4.3806 -9.990e-29
        354     10.152    15.4975   3.010323     1.9435     2.1651     0.0044  0.1190968     10.057    23.3112     4.2384     4.3929 -9.990e-29
        355     10.152    15.5005   3.018114     1.9435     2.1659     0.0044  0.1185644     10.057    23.3759     4.2574     4.4062 -9.990e-29
        356     10.152    15.5040   3.025585     1.9436     2.1667     0.0044  0.1181212     10.057    23.4377     4.2781     4.4201 -9.990e-29
        357     10.151    15.5079   3.032742     1.9439     2.1677     0.0044  0.1177651     10.056    23.4965     4.3006     4.4351 -9.990e-29
        358     10.151    15.5123   3.039593     1.9444     2.1688     0.0044  0.1174943     10.056    23.5524     4.3250     4.4507 -9.990e-29
        359     10.151    15.5170   3.046148     1.9450     2.1700     0.0044  0.1173070     10.056    23.6056     4.3509     4.4670 -9.990e-29
        360     10.151    15.5222   3.052420     1.9459     2.1714     0.0044  0.1172019     10.056    23.6561     4.3788     4.4841 -9.990e-29
        361     10.151    15.5276   3.058415     1.9470     2.1729     0.0044  0.1171783     10.056    23.7041     4.4084     4.5017 -9.990e-29
        362     10.150    15.5332   3.064128     1.9483     2.1746     0.0044  0.1172360     10.055    23.7496     4.4395     4.5200 -9.990e-29
        363     10.150    15.5387   3.069548     1.9498     2.1765     0.0044  0.1173754     10.055    23.7926     4.4722     4.5390 -9.990e-29
        364     10.150    15.5439   3.074666     1.9515     2.1786     0.0044  0.1175966     10.055    23.8333     4.5062     4.5586 -9.990e-29
        365     10.150    15.5487   3.079482     1.9535     2.1809     0.0044  0.1179004     10.055    23.8716     4.5419     4.5787 -9.990e-29
        366     10.150    15.5533   3.083995     1.9557     2.1834     0.0044  0.1182896     10.055    23.9074     4.5786     4.5992 -9.990e-29
        367     10.150    15.5574   3.088207     1.9583     2.1862     0.0042  0.1187678     10.055    23.9409     4.6170     4.6203 -9.990e-29
        368     10.150    15.5612   3.092131     1.9611     2.1893     0.0042  0.1193384     10.055    23.9722     4.6562     4.6419 -9.990e-29
        369     10.149    15.5647   3.095792     1.9642     2.1926     0.0044  0.1200054     10.054    24.0014     4.6964     4.6637 -9.990e-29
        370     10.149    15.5682   3.099219     1.9676     2.1962     0.0044  0.1207733     10.054    24.0286     4.7373     4.6858 -9.990e-29
        371     10.149    15.5716   3.102434     1.9714     2.2000     0.0048  0.1216424     10.054    24.0540     4.7791     4.7078 -9.990e-29
        372     10.149    15.5750   3.105454     1.9755     2.2042     0.0055  0.1225806     10.054    24.0778     4.8212     4.7302 -9.990e-29
        373     10.149    15.5782   3.108293     1.9799     2.2085     0.0055  0.1235205     10.054    24.1001     4.8635     4.7522 -9.990e-29
        374     10.149    15.5813   3.110965     1.9847     2.2131     0.0055  0.1244142     10.054    24.1211     4.9063     4.7741 -9.990e-29
        375     10.149    15.5843   3.113482     1.9898     2.2180     0.0055  0.1252552     10.054    24.1408     4.9491     4.7959 -9.990e-29
        376     10.148    15.5872   3.115857     1.9953     2.2230     0.0055  0.1260519     10.053    24.1594     4.9923     4.8170 -9.990e-29
        377     10.148    15.5900   3.118108     2.0011     2.2282     0.0055  0.1268116     10.053    24.1769     5.0355     4.8377 -9.990e-29
        378     10.148    15.5927   3.120255     2.0072     2.2336     0.0055  0.1275395     10.053    24.1936     5.0786     4.8578 -9.990e-29
        379     10.148    15.5954   3.122315     2.0136     2.2392     0.0055  0.1282408     10.053    24.2096     5.1216     4.8773 -9.990e-29
        380     10.148    15.5982   3.124309     2.0202     2.2448     0.0055  0.1289202     10.053    24.2250     5.1640     4.8957 -9.990e-29
        381     10.147    15.6011   3.126253     2.0272     2.2505     0.0055  0.1295826     10.052    24.2398     5.2063     4.9131 -9.990e-29
        382     10.147    15.6043   3.128169     2.0343     2.2562     0.0055  0.1302325     10.052    24.2543     5.2475     4.9293 -9.990e-29
        383     10.147    15.6076   3.130088     2.0417     2.2620     0.0055  0.1308744     10.052    24.2687     5.2880     4.9444 -9.990e-29
        384     10.147    15.6113   3.132045     2.0493     2.2677     0.0055  0.1315128     10.052    24.2831     5.3275     4.9580 -9.990e-29
        385     10.147    15.6154   3.134073     2.0571     2.2734     0.0055  0.1321522     10.052    24.2980     5.3658     4.9702 -9.990e-29
        386     10.146    15.6199   3.136200     2.0651     2.2791     0.0055  0.1327970     10.051    24.3134     5.4029     4.9811 -9.990e-29
        387     10.146    15.6250   3.138434     2.0732     2.2847     0.0055  0.1334517     10.051    24.3294     5.4385     4.9903 -9.990e-29
        388     10.146    15.6305   3.140763     2.0813     2.2901     0.0055  0.1341208     10.051    24.3459     5.4720     4.9977 -9.990e-29
        389     10.146    15.6364   3.143149     2.0896     2.2954     0.0055  0.1348090     10.051    24.3627     5.5042     5.0036 -9.990e-29
        390     10.145    15.6425   3.145550     2.0979     2.3006     0.0055  0.1355210     10.050    24.3795     5.5344     5.0080 -9.990e-29
        391     10.145    15.6485   3.147934     2.1063     2.3056     0.0055  0.1362628     10.050    24.3962     5.5630     5.0108 -9.990e-29
        392     10.145    15.6543   3.150277     2.1147     2.3104     0.0055  0.1370403     10.050    24.4127     5.5896     5.0120 -9.990e-29
        393     10.145    15.6597   3.152562     2.1231     2.3151     0.0055  0.1378580     10.050    24.4289     5.6144     5.0119 -9.990e-29
        394     10.144    15.6648   3.154771     2.1315     2.3195     0.0055  0.1387208     10.049    24.4447     5.6373     5.0102 -9.990e-29
        395     10.144    15.6696   3.156896     2.1398     2.3237     0.0055  0.1396347     10.049    24.4599     5.6580     5.0072 -9.990e-29
        396     10.144    15.6740   3.158933     2.1481     2.3277     0.0055  0.1406060     10.049    24.4746     5.6770     5.0029 -9.990e-29
        397     10.144    15.6781   3.160889     2.1563     2.3315     0.0055  0.1416237     10.049    24.4888     5.6939     4.9975 -9.990e-29
        398     10.143    15.6821   3.162780     2.1644     2.3351     0.0055  0.1426389     10.048    24.5025     5.7088     4.9909 -9.990e-29
        399     10.143    15.6859   3.164611     2.1724     2.3384     0.0055  0.1435947     10.048    24.5158     5.7218     4.9831 -9.990e-29
        400     10.143    15.6896   3.166387     2.1803     2.3416     0.0055  0.1444682     10.048    24.5287     5.7330     4.9746 -9.990e-29
        401     10.142    15.6933   3.168111     2.1880     2.3445     0.0055  0.1452630     10.047    24.5412     5.7420     4.9650 -9.990e-29
        402     10.142    15.6970   3.169791     2.1956     2.3472     0.0055  0.1459878     10.047    24.5532     5.7494     4.9546 -9.990e-29
        403     10.142    15.7006   3.171430     2.2031     2.3497     0.0055  0.1466495     10.047    24.5650     5.7552     4.9435 -9.990e-29
        404     10.141    15.7041   3.173031     2.2103     2.3520     0.0055  0.1472518     10.046    24.5766     5.7589     4.9319 -9.990e-29
        405     10.141    15.7074   3.174591     2.2173     2.3541     0.0055  0.1477981     10.046    24.5879     5.7609     4.9198 -9.990e-29
        406     10.141    15.7106   3.176110     2.2240     2.3560     0.0055  0.1482922     10.046    24.5989     5.7611     4.9072 -9.990e-29
        407     10.140    15.7137   3.177590     2.2305     2.3577     0.0055  0.1487374     10.046    24.6096     5.7597     4.8942 -9.990e-29
        408     10.140    15.7167   3.179038     2.2368     2.3592     0.0055  0.1491370     10.046    24.6201     5.7569     4.8809 -9.990e-29
        409     10.139    15.7197   3.180467     2.2428     2.3605     0.0055  0.1494936     10.045    24.6305     5.7525     4.8673 -9.990e-29
        410     10.139    15.7227   3.181892     2.2486     2.3616     0.0055  0.1498098     10.045    24.6408     5.7469     4.8535 -9.990e-29
        411     10.138    15.7259   3.183323     2.2542     2.3626     0.0055  0.1500877     10.044    24.6510     5.7402     4.8397 -9.990e-29
        412     10.138    15.7291   3.184764     2.2595     2.3634     0.0055  0.1503293     10.044    24.6614     5.7321     4.8258 -9.990e-29
        413     10.137    15.7325   3.186213     2.2646     2.3641     0.0055  0.1505363     10.043    24.6717     5.7231     4.8120 -9.990e-29
        414     10.137    15.7360   3.187666     2.2695     2.3646     0.0055  0.1507100     10.043    24.6819     5.7132     4.7981 -9.990e-29
        415     10.136    15.7395   3.189110     2.2741     2.3650     0.0055  0.1508518     10.042    24.6921     5.7021     4.7844 -9.990e-29
        416     10.135    15.7432   3.190533     2.2785     2.3652     0.0055  0.1509626     10.041    24.7019     5.6904     4.7706 -9.990e-29
        417     10.135    15.7468   3.191925     2.2827     2.3653     0.0055  0.1510432     10.041    24.7116     5.6780     4.7571 -9.990e-29
        418     10.134    15.7504   3.193280     2.2867     2.3653     0.0055  0.1510941     10.040    24.7209     5.6651     4.7439 -9.990e-29
        419     10.133    15.7540   3.194593     2.2905     2.3651     0.0055  0.1511157     10.039    24.7299     5.6518     4.7306 -9.990e-29
        420     10.132    15.7575   3.195865     2.2941     2.3649     0.0055  0.1511081     10.038    24.7386     5.6380     4.7179 -9.990e-29
        421     10.131    15.7608   3.197093     2.2975     2.3645     0.0055  0.1510713     10.037    24.7471     5.6238     4.7052 -9.990e-29
        422     10.131    15.7640   3.198276     2.3007     2.3641     0.0055  0.1510059     10.037    24.7552     5.6094     4.6930 -9.990e-29
        423     10.130    15.7672   3.199412     2.3037     2.3635     0.0053  0.1509148     10.036    24.7629     5.5947     4.6808 -9.990e-29
        424     10.129    15.7702   3.200500     2.3065     2.3629     0.0053  0.1508025     10.035    24.7703     5.5798     4.6691 -9.990e-29
        425     10.128    15.7730   3.201541     2.3092     2.3621     0.0053  0.1506716     10.034    24.7775     5.5650     4.6574 -9.990e-29
        426     10.127    15.7758   3.202539     2.3117     2.3613     0.0053  0.1505221     10.033    24.7843     5.5501     4.6462 -9.990e-29
        427     10.126    15.7786   3.203495     2.3140     2.3604     0.0053  0.1503528     10.032    24.7907     5.5350     4.6352 -9.990e-29
        428     10.125    15.7813   3.204406     2.3162     2.3595     0.0053  0.1501627     10.031    24.7968     5.5202     4.6247 -9.990e-29
        429     10.123    15.7838   3.205262     2.3182     2.3584     0.0053  0.1499503     10.029    24.8025     5.5053     4.6142 -9.990e-29
        430     10.122    15.7863   3.206054     2.3200     2.3573     0.0053  0.1497143     10.028    24.8077     5.4904     4.6041 -9.990e-29
        431     10.121    15.7886   3.206777     2.3217     2.3562     0.0053  0.1494530     10.027    24.8125     5.4758     4.5945 -9.990e-29
        432     10.119    15.7907   3.207425     2.3233     2.3549     0.0053  0.1491645     10.025    24.8167     5.4613     4.5848 -9.990e-29
        433     10.117    15.7927   3.207995     2.3247     2.3537     0.0053  0.1488469     10.023    24.8203     5.4469     4.5758 -9.990e-29
        434     10.116    15.7944   3.208480     2.3260     2.3523     0.0053  0.1484979     10.022    24.8234     5.4327     4.5667 -9.990e-29
        435     10.114    15.7958   3.208877     2.3271     2.3510     0.0053  0.1481151     10.020    24.8259     5.4185     4.5582 -9.990e-29
        436     10.112    15.7969   3.209182     2.3281     2.3496     0.0053  0.1476968     10.018    24.8278     5.4045     4.5498 -9.990e-29
        437     10.110    15.7977   3.209391     2.3290     2.3481     0.0053  0.1472408     10.016    24.8291     5.3908     4.5416 -9.990e-29
        438     10.108    15.7982   3.209501     2.3298     2.3466     0.0053  0.1467431     10.014    24.8298     5.3772     4.5338 -9.990e-29
        439     10.105    15.7983   3.209504     2.3304     2.3451     0.0053  0.1461994     10.011    24.8297     5.3637     4.5263 -9.990e-29
        440     10.103    15.7981   3.209392     2.3309     2.3436     0.0053  0.1456060     10.009    24.8289     5.3503     4.5192 -9.990e-29
        441     10.100    15.7975   3.209156     2.3313     2.3421     0.0053  0.1449595     10.006    24.8273     5.3372     4.5124 -9.990e-29
        442     10.097    15.7965   3.208790     2.3316     2.3405     0.0053  0.1442571     10.003    24.8248     5.3243     4.5056 -9.990e-29
        443     10.093    15.7952   3.208293     2.3318     2.3389     0.0053  0.1434940      9.999    24.8213     5.3116     4.4992 -9.990e-29
        444     10.090    15.7936   3.207665     2.3319     2.3373     0.0053  0.1426632      9.996    24.8170     5.2991     4.4930 -9.990e-29
