data/2021/ctd_data_day2/station10_ctm.cnv
* Sea-Bird SBE 9 Data File:
* FileName = C:\Users\CTD-User\Desktop\MAR440\day2\station10.hex
* Software Version Seasave V 7.26.2.13
* Temperature SN = 6313
* Conductivity SN = 4758
* Number of Bytes Per Scan = 37
* Number of Voltage Words = 4
* Number of Scans Averaged by the Deck Unit = 1
* NMEA Latitude = 58 20.25 N
* NMEA Longitude = 011 53.24 E
* NMEA UTC (Time) = Sep 22 2021 12:19:36
* NMEA baud rate = 4800
** Ship: Skagerrak
** Station: station10
** Operator: group2green
# nquan = 9
# nvalues = 2945                        
# units = specified
# name 0 = scan: Scan Count
# name 1 = prDM: Pressure, Digiquartz [db]
# name 2 = t090C: Temperature [ITS-90, deg C]
# name 3 = c0S/m: Conductivity [S/m]
# name 4 = sbeox0V: Oxygen raw, SBE 43 [V]
# name 5 = sbeox1V: Oxygen raw, SBE 43, 2 [V]
# name 6 = flECO-AFL: Fluorescence, WET Labs ECO-AFL/FL [mg/m^3]
# name 7 = upoly0: Upoly 0, Turbidity
# name 8 = flag:  0.000e+00
# span 0 =          1,       2945       
# span 1 =      1.368,     39.769       
# span 2 =     7.4919,    15.8877       
# span 3 =   2.825176,   3.473254       
# span 4 =     0.4784,     2.9182       
# span 5 =     0.5505,     2.8645       
# span 6 =     0.0033,     0.0148       
# span 7 =  0.0879084,  0.2275910       
# span 8 = 0.0000e+00, 0.0000e+00       
# interval = seconds: 0.0416667
# start_time = Sep 22 2021 12:19:36 [NMEA time, header]
# bad_flag = -9.990e-29
*END*
[from data line 2721]
       2722     36.594     8.7063   3.414713     0.4858     0.5578     0.0042  0.1147705 0.0000e+00
       2723     36.528     8.7065   3.414690     0.4845     0.5578     0.0042  0.1147705 0.0000e+00
       2724     36.652     8.7062   3.414648     0.4833     0.5578     0.0042  0.1147705 0.0000e+00
       2725     36.594     8.7063   3.414688     0.4833     0.5578     0.0042  0.1147705 0.0000e+00
       2726     36.594     8.7060   3.414774     0.4845     0.5578     0.0042  0.1147705 0.0000e+00
       2727     36.652     8.7060   3.414745     0.4845     0.5578     0.0042  0.1147705 0.0000e+00
       2728     36.709     8.7060   3.414779     0.4845     0.5578     0.0042  0.1147705 0.0000e+00
       2729     36.652     8.7060   3.414767     0.4833     0.5578     0.0042  0.1147705 0.0000e+00
       2730     36.652     8.7060   3.414690     0.4833     0.5578     0.0042  0.1147705 0.0000e+00
       2731     36.709     8.7060   3.414737     0.4845     0.5578     0.0042  0.1147705 0.0000e+00
       2732     36.709     8.7057   3.414711     0.4845     0.5578     0.0042  0.1147705 0.0000e+00
       2733     36.775     8.7058   3.414741     0.4833     0.5578     0.0042  0.1147705 0.0000e+00
       2734     36.775     8.7057   3.414757     0.4833     0.5578     0.0042  0.1147705 0.0000e+00
       2735     36.718     8.7056   3.414663     0.4833     0.5578     0.0042  0.1147705 0.0000e+00
       2736     36.775     8.7057   3.414791     0.4858     0.5578     0.0042  0.1147705 0.0000e+00
       2737     36.833     8.7056   3.414778     0.4845     0.5578     0.0042  0.1147705 0.0000e+00
       2738     36.833     8.7057   3.414732     0.4833     0.5578     0.0042  0.1147705 0.0000e+00
       2739     36.775     8.7056   3.414725     0.4833     0.5578     0.0042  0.1147705 0.0000e+00
       2740     36.833     8.7054   3.414741     0.4833     0.5578     0.0042  0.1147705 0.0000e+00
       2741     36.899     8.7055   3.414776     0.4858     0.5578     0.0042  0.1147705 0.0000e+00
       2742     36.899     8.7052   3.414786     0.4845     0.5566     0.0042  0.1147705 0.0000e+00
       2743     36.899     8.7053   3.414827     0.4833     0.5578     0.0042  0.1147705 0.0000e+00
       2744     36.899     8.7052   3.414750     0.4821     0.5578     0.0040  0.1147705 0.0000e+00
       2745     36.899     8.7053   3.414791     0.4858     0.5578     0.0038  0.1147705 0.0000e+00
       2746     36.957     8.7052   3.414761     0.4858     0.5566     0.0038  0.1147705 0.0000e+00
       2747     36.957     8.7052   3.414749     0.4833     0.5566     0.0038  0.1147705 0.0000e+00
       2748     36.957     8.7050   3.414725     0.4833     0.5566     0.0038  0.1147705 0.0000e+00
       2749     37.015     8.7051   3.414789     0.4833     0.5566     0.0038  0.1147705 0.0000e+00
       2750     37.015     8.7050   3.414811     0.4858     0.5566     0.0038  0.1142821 0.0000e+00
       2751     36.957     8.7047   3.414757     0.4858     0.5578     0.0038  0.1147705 0.0000e+00
       2752     37.080     8.7043   3.414860     0.4833     0.5566     0.0038  0.1147705 0.0000e+00
       2753     37.014     8.7044   3.414848     0.4833     0.5566     0.0038  0.1147705 0.0000e+00
       2754     37.080     8.7045   3.414720     0.4821     0.5566     0.0038  0.1147705 0.0000e+00
       2755     37.080     8.7042   3.414771     0.4845     0.5566     0.0038  0.1147705 0.0000e+00
       2756     37.080     8.7043   3.414783     0.4845     0.5566     0.0038  0.1147705 0.0000e+00
       2757     37.138     8.7039   3.414816     0.4833     0.5566     0.0038  0.1147705 0.0000e+00
       2758     37.138     8.7042   3.414834     0.4833     0.5566     0.0038  0.1147705 0.0000e+00
       2759     37.138     8.7039   3.414833     0.4833     0.5566     0.0038  0.1147705 0.0000e+00
       2760     37.138     8.7037   3.414785     0.4858     0.5566     0.0038  0.1147705 0.0000e+00
       2761     37.204     8.7037   3.414720     0.4858     0.5566     0.0038  0.1147705 0.0000e+00
       2762     37.138     8.7037   3.414778     0.4821     0.5566     0.0038  0.1147705 0.0000e+00
       2763     37.262     8.7034   3.414729     0.4821     0.5566     0.0038  0.1147705 0.0000e+00
       2764     37.204     8.7034   3.414753     0.4833     0.5566     0.0038  0.1147705 0.0000e+00
       2765     37.262     8.7034   3.414770     0.4845     0.5566     0.0038  0.1147705 0.0000e+00
       2766     37.262     8.7030   3.414716     0.4858     0.5566     0.0038  0.1147705 0.0000e+00
       2767     37.262     8.7033   3.414775     0.4833     0.5566     0.0038  0.1147705 0.0000e+00
       2768     37.262     8.7030   3.414773     0.4821     0.5566     0.0038  0.1147705 0.0000e+00
       2769     37.328     8.7029   3.414807     0.4833     0.5566     0.0038  0.1147705 0.0000e+00
       2770     37.328     8.7032   3.414779     0.4858     0.5554     0.0040  0.1157473 0.0000e+00
       2771     37.328     8.7029   3.414854     0.4833     0.5566     0.0040  0.1157473 0.0000e+00
       2772     37.386     8.7029   3.414929     0.4821     0.5566     0.0040  0.1152589 0.0000e+00
       2773     37.386     8.7031   3.414807     0.4821     0.5566     0.0040  0.1152589 0.0000e+00
       2774     37.386     8.7027   3.414782     0.4833     0.5554     0.0040  0.1157473 0.0000e+00
       2775     37.386     8.7028   3.414724     0.4858     0.5566     0.0040  0.1157473 0.0000e+00
       2776     37.386     8.7030   3.414654     0.4833     0.5554     0.0040  0.1157473 0.0000e+00
       2777     37.452     8.7026   3.414681     0.4821     0.5566     0.0040  0.1152589 0.0000e+00
       2778     37.443     8.7030   3.414839     0.4821     0.5566     0.0040  0.1152589 0.0000e+00
       2779     37.509     8.7028   3.414762     0.4858     0.5566     0.0040  0.1152589 0.0000e+00
       2780     37.443     8.7027   3.414727     0.4833     0.5566     0.0040  0.1147705 0.0000e+00
       2781     37.509     8.7026   3.414680     0.4821     0.5554     0.0040  0.1157473 0.0000e+00
       2782     37.509     8.7027   3.414645     0.4821     0.5554     0.0040  0.1157473 0.0000e+00
       2783     37.567     8.7028   3.414639     0.4821     0.5554     0.0040  0.1157473 0.0000e+00
       2784     37.509     8.7025   3.414609     0.4845     0.5554     0.0040  0.1157473 0.0000e+00
       2785     37.575     8.7027   3.414626     0.4833     0.5554     0.0040  0.1157473 0.0000e+00
       2786     37.567     8.7026   3.414654     0.4821     0.5554     0.0040  0.1157473 0.0000e+00
       2787     37.633     8.7024   3.414735     0.4821     0.5554     0.0040  0.1152589 0.0000e+00
       2788     37.567     8.7024   3.414665     0.4821     0.5554     0.0040  0.1157473 0.0000e+00
       2789     37.633     8.7025   3.414584     0.4833     0.5554     0.0040  0.1152589 0.0000e+00
       2790     37.633     8.7024   3.414641     0.4833     0.5566     0.0040  0.1152589 0.0000e+00
       2791     37.691     8.7024   3.414612     0.4821     0.5554     0.0040  0.1157473 0.0000e+00
       2792     37.633     8.7021   3.414685     0.4821     0.5554     0.0040  0.1157473 0.0000e+00
       2793     37.691     8.7022   3.414745     0.4833     0.5554     0.0040  0.1157473 0.0000e+00
       2794     37.757     8.7021   3.414662     0.4833     0.5554     0.0040  0.1147705 0.0000e+00
       2795     37.691     8.7019   3.414632     0.4821     0.5554     0.0040  0.1157473 0.0000e+00
       2796     37.757     8.7019   3.414672     0.4821     0.5554     0.0040  0.1147705 0.0000e+00
       2797     37.757     8.7020   3.414690     0.4821     0.5554     0.0040  0.1147705 0.0000e+00
       2798     37.757     8.7019   3.414596     0.4833     0.5554     0.0040  0.1147705 0.0000e+00
       2799     37.814     8.7016   3.414582     0.4833     0.5554     0.0040  0.1147705 0.0000e+00
       2800     37.757     8.7018   3.414525     0.4821     0.5554     0.0040  0.1147705 0.0000e+00
       2801     37.872     8.7014   3.414593     0.4821     0.5554     0.0040  0.1147705 0.0000e+00
       2802     37.757     8.7013   3.414599     0.4821     0.5554     0.0038  0.1147705 0.0000e+00
       2803     37.872     8.7012   3.414615     0.4833     0.5554     0.0040  0.1147705 0.0000e+00
       2804     37.872     8.7010   3.414574     0.4833     0.5554     0.0040  0.1147705 0.0000e+00
       2805     37.872     8.7007   3.414560     0.4821     0.5554     0.0040  0.1147705 0.0000e+00
       2806     37.880     8.7005   3.414606     0.4821     0.5554     0.0040  0.1147705 0.0000e+00
       2807     37.872     8.7004   3.414571     0.4821     0.5554     0.0040  0.1147705 0.0000e+00
       2808     37.938     8.7002   3.414628     0.4858     0.5554     0.0040  0.1147705 0.0000e+00
       2809     37.872     8.7002   3.414669     0.4821     0.5554     0.0040  0.1147705 0.0000e+00
       2810     37.996     8.7002   3.414679     0.4821     0.5554     0.0040  0.1147705 0.0000e+00
       2811     37.996     8.7000   3.414609     0.4809     0.5541     0.0040  0.1147705 0.0000e+00
       2812     37.996     8.6998   3.414561     0.4809     0.5554     0.0040  0.1147705 0.0000e+00
       2813     37.938     8.6997   3.414602     0.4833     0.5541     0.0040  0.1147705 0.0000e+00
       2814     38.062     8.6995   3.414636     0.4821     0.5541     0.0040  0.1147705 0.0000e+00
       2815     37.996     8.6996   3.414717     0.4809     0.5541     0.0040  0.1147705 0.0000e+00
       2816     38.062     8.6991   3.414739     0.4809     0.5541     0.0040  0.1147705 0.0000e+00
       2817     37.996     8.6991   3.414686     0.4821     0.5541     0.0040  0.1147705 0.0000e+00
       2818     38.120     8.6990   3.414650     0.4833     0.5541     0.0040  0.1147705 0.0000e+00
       2819     38.062     8.6989   3.414713     0.4821     0.5554     0.0040  0.1147705 0.0000e+00
       2820     38.120     8.6990   3.414738     0.4809     0.5541     0.0040  0.1147705 0.0000e+00
       2821     38.062     8.6987   3.414683     0.4809     0.5541     0.0040  0.1147705 0.0000e+00
       2822     38.177     8.6985   3.414688     0.4821     0.5541     0.0040  0.1152589 0.0000e+00
       2823     38.120     8.6982   3.414629     0.4833     0.5541     0.0040  0.1152589 0.0000e+00
       2824     38.177     8.6980   3.414721     0.4809     0.5541     0.0040  0.1152589 0.0000e+00
       2825     38.120     8.6979   3.414738     0.4809     0.5541     0.0040  0.1152589 0.0000e+00
       2826     38.177     8.6978   3.414732     0.4809     0.5541     0.0040  0.1152589 0.0000e+00
       2827     38.177     8.6978   3.414749     0.4821     0.5541     0.0040  0.1152589 0.0000e+00
       2828     38.243     8.6974   3.414666     0.4821     0.5541     0.0040  0.1157473 0.0000e+00
       2829     38.243     8.6973   3.414794     0.4809     0.5541     0.0040  0.1152589 0.0000e+00
       2830     38.243     8.6969   3.414757     0.4809     0.5541     0.0040  0.1157473 0.0000e+00
       2831     38.243     8.6970   3.414675     0.4809     0.5541     0.0040  0.1157473 0.0000e+00
       2832     38.243     8.6969   3.414640     0.4833     0.5541     0.0040  0.1152589 0.0000e+00
       2833     38.309     8.6968   3.414703     0.4821     0.5541     0.0040  0.1147705 0.0000e+00
       2834     38.301     8.6966   3.414813     0.4809     0.5541     0.0040  0.1152589 0.0000e+00
       2835     38.301     8.6965   3.414726     0.4809     0.5541     0.0040  0.1152589 0.0000e+00
       2836     38.301     8.6963   3.414777     0.4809     0.5541     0.0040  0.1152589 0.0000e+00
       2837     38.367     8.6963   3.414742     0.4833     0.5541     0.0040  0.1152589 0.0000e+00
       2838     38.367     8.6961   3.414765     0.4821     0.5541     0.0040  0.1147705 0.0000e+00
       2839     38.367     8.6960   3.414734     0.4809     0.5541     0.0040  0.1152589 0.0000e+00
       2840     38.425     8.6960   3.414740     0.4809     0.5541     0.0040  0.1157473 0.0000e+00
       2841     38.367     8.6957   3.414768     0.4821     0.5541     0.0040  0.1152589 0.0000e+00
       2842     38.425     8.6957   3.414780     0.4821     0.5541     0.0040  0.1157473 0.0000e+00
       2843     38.425     8.6958   3.414757     0.4821     0.5541     0.0040  0.1152589 0.0000e+00
       2844     38.425     8.6955   3.414727     0.4809     0.5541     0.0040  0.1152589 0.0000e+00
       2845     38.425     8.6955   3.414721     0.4809     0.5541     0.0040  0.1152589 0.0000e+00
       2846     38.491     8.6952   3.414666     0.4821     0.5529     0.0040  0.1157473 0.0000e+00
       2847     38.491     8.6953   3.414726     0.4821     0.5541     0.0038  0.1157473 0.0000e+00
       2848     38.491     8.6950   3.414788     0.4809     0.5541     0.0038  0.1157473 0.0000e+00
       2849     38.548     8.6950   3.414735     0.4809     0.5529     0.0038  0.1157473 0.0000e+00
       2850     38.491     8.6954   3.414737     0.4809     0.5541     0.0038  0.1157473 0.0000e+00
       2851     38.548     8.6950   3.414677     0.4821     0.5541     0.0038  0.1157473 0.0000e+00
       2852     38.548     8.6952   3.414725     0.4821     0.5529     0.0038  0.1157473 0.0000e+00
       2853     38.548     8.6950   3.414747     0.4809     0.5541     0.0038  0.1157473 0.0000e+00
       2854     38.606     8.6948   3.414746     0.4809     0.5541     0.0038  0.1157473 0.0000e+00
       2855     38.548     8.6949   3.414723     0.4809     0.5529     0.0038  0.1157473 0.0000e+00
       2856     38.614     8.6947   3.414593     0.4821     0.5541     0.0038  0.1157473 0.0000e+00
       2857     38.672     8.6949   3.414606     0.4809     0.5529     0.0038  0.1157473 0.0000e+00
       2858     38.606     8.6947   3.414663     0.4809     0.5529     0.0038  0.1157473 0.0000e+00
       2859     38.672     8.6947   3.414611     0.4809     0.5529     0.0038  0.1157473 0.0000e+00
       2860     38.672     8.6947   3.414593     0.4809     0.5529     0.0038  0.1157473 0.0000e+00
       2861     38.672     8.6947   3.414634     0.4821     0.5529     0.0038  0.1157473 0.0000e+00
       2862     38.672     8.6947   3.414652     0.4809     0.5529     0.0038  0.1152589 0.0000e+00
       2863     38.672     8.6947   3.414628     0.4809     0.5541     0.0038  0.1157473 0.0000e+00
       2864     38.730     8.6945   3.414598     0.4809     0.5529     0.0038  0.1157473 0.0000e+00
       2865     38.730     8.6947   3.414633     0.4809     0.5529     0.0038  0.1157473 0.0000e+00
       2866     38.730     8.6944   3.414626     0.4821     0.5529     0.0038  0.1157473 0.0000e+00
       2867     38.796     8.6945   3.414569     0.4809     0.5529     0.0038  0.1157473 0.0000e+00
       2868     38.796     8.6947   3.414511     0.4797     0.5529     0.0038  0.1157473 0.0000e+00
       2869     38.730     8.6943   3.414469     0.4797     0.5529     0.0038  0.1157473 0.0000e+00
       2870     38.796     8.6945   3.414621     0.4821     0.5529     0.0038  0.1157473 0.0000e+00
       2871     38.853     8.6943   3.414655     0.4809     0.5529     0.0038  0.1157473 0.0000e+00
       2872     38.796     8.6944   3.414557     0.4809     0.5529     0.0038  0.1152589 0.0000e+00
       2873     38.853     8.6943   3.414503     0.4797     0.5529     0.0038  0.1157473 0.0000e+00
       2874     38.853     8.6944   3.414586     0.4797     0.5529     0.0038  0.1157473 0.0000e+00
       2875     38.853     8.6942   3.414567     0.4809     0.5529     0.0038  0.1157473 0.0000e+00
       2876     38.919     8.6943   3.414602     0.4809     0.5529     0.0038  0.1157473 0.0000e+00
       2877     38.919     8.6943   3.414596     0.4809     0.5529     0.0038  0.1157473 0.0000e+00
       2878     38.919     8.6942   3.414467     0.4809     0.5529     0.0038  0.1157473 0.0000e+00
       2879     38.853     8.6943   3.414521     0.4809     0.5529     0.0038  0.1157473 0.0000e+00
       2880     38.977     8.6940   3.414508     0.4821     0.5529     0.0038  0.1157473 0.0000e+00
