data/2021/ctd_data_day2/station10.cnv
* Sea-Bird SBE 9 Data File:
* FileName = C:\Users\CTD-User\Desktop\MAR440\day2\station10.hex
* Software Version Seasave V 7.26.2.13
* Temperature SN = 6313
* Conductivity SN = 4758
* Number of Bytes Per Scan = 37
* Number of Voltage Words = 4
* Number of Scans Averaged by the Deck Unit = 1
* NMEA Latitude = 58 20.25 N
* NMEA Longitude = 011 53.24 E
* NMEA UTC (Time) = Sep 22 2021 12:19:36
* NMEA baud rate = 4800
** Ship: Skagerrak
** Station: station10
** Operator: group2green
# nquan = 9
# nvalues = 2945                                  
# units = specified
# name 0 = scan: Scan Count
# name 1 = prDM: Pressure, Digiquartz [db]
# name 2 = t090C: Temperature [ITS-90, deg C]
# name 3 = c0S/m: Conductivity [S/m]
# name 4 = sbeox0V: Oxygen raw, SBE 43 [V]
# name 5 = sbeox1V: Oxygen raw, SBE 43, 2 [V]
# name 6 = flECO-AFL: Fluorescence, WET Labs ECO-AFL/FL [mg/m^3]
# name 7 = upoly0: Upoly 0, Turbidity
# name 8 = flag:  0.000e+00
# span 0 =          1,       2945                 
# span 1 =      1.368,     39.769                 
# span 2 =     7.4919,    15.8877                 
# span 3 =   2.826280,   3.481448                 
# span 4 =     0.4784,     2.9182                 
# span 5 =     0.5505,     2.8645                 
# span 6 =     0.0033,     0.0148                 
# span 7 =  0.0879084,  0.2275910                 
# span 8 = 0.0000e+00, 0.0000e+00                 
# interval = seconds: 0.0416667
# start_time = Sep 22 2021 12:19:36 [NMEA time, header]
# bad_flag = -9.990e-29
*END*
[from data line 1441]
       1442      9.127    15.7682   3.156859     2.7583     2.6825     0.0051  0.1343065  0.000e+00
       1443      9.085    15.7840   3.160936     2.7546     2.6789     0.0051  0.1328413  0.000e+00
       1444      9.151    15.7974   3.164275     2.7522     2.6752     0.0051  0.1313761  0.000e+00
       1445      9.085    15.8197   3.166171     2.7522     2.6716     0.0049  0.1313761  0.000e+00
       1446      9.250    15.8389   3.167840     2.7473     2.6679     0.0049  0.1313761  0.000e+00
       1447      9.151    15.8548   3.169550     2.7424     2.6642     0.0049  0.1313761  0.000e+00
       1448      9.209    15.8629   3.170626     2.7387     2.6606     0.0049  0.1313761  0.000e+00
       1449      9.250    15.8654   3.171414     2.7375     2.6557     0.0048  0.1308877  0.000e+00
       1450      9.275    15.8643   3.171924     2.7338     2.6532     0.0049  0.1308877  0.000e+00
       1451      9.333    15.8604   3.172252     2.7290     2.6496     0.0049  0.1313761  0.000e+00
       1452      9.308    15.8585   3.172173     2.7253     2.6459     0.0049  0.1308877  0.000e+00
       1453      9.333    15.8541   3.171952     2.7216     2.6423     0.0049  0.1308877  0.000e+00
       1454      9.333    15.8572   3.171629     2.7192     2.6398     0.0049  0.1313761  0.000e+00
       1455      9.374    15.8653   3.171618     2.7155     2.6361     0.0049  0.1313761  0.000e+00
       1456      9.390    15.8657   3.171958     2.7106     2.6325     0.0049  0.1313761  0.000e+00
       1457      9.456    15.8660   3.172133     2.7082     2.6288     0.0049  0.1313761  0.000e+00
       1458      9.432    15.8699   3.172258     2.7033     2.6264     0.0049  0.1313761  0.000e+00
       1459      9.456    15.8750   3.172620     2.7021     2.6227     0.0049  0.1308877  0.000e+00
       1460      9.514    15.8787   3.173300     2.6984     2.6203     0.0049  0.1313761  0.000e+00
       1461      9.514    15.8819   3.174099     2.6923     2.6166     0.0049  0.1308877  0.000e+00
       1462      9.498    15.8834   3.175040     2.6887     2.6129     0.0049  0.1308877  0.000e+00
       1463      9.580    15.8851   3.175725     2.6862     2.6105     0.0049  0.1313761  0.000e+00
       1464      9.580    15.8870   3.176371     2.6838     2.6068     0.0049  0.1303993  0.000e+00
       1465      9.613    15.8877   3.177239     2.6789     2.6044     0.0049  0.1313761  0.000e+00
       1466      9.638    15.8855   3.179841     2.6740     2.6007     0.0049  0.1313761  0.000e+00
       1467      9.638    15.8818   3.186540     2.6704     2.5983     0.0049  0.1313761  0.000e+00
       1468      9.679    15.8784   3.196136     2.6691     2.5946     0.0049  0.1299109  0.000e+00
       1469      9.695    15.8756   3.205163     2.6642     2.5922     0.0046  0.1177009  0.000e+00
       1470      9.695    15.8738   3.211074     2.6594     2.5885     0.0044  0.1118400  0.000e+00
       1471      9.737    15.8716   3.214507     2.6557     2.5861     0.0044  0.1103748  0.000e+00
       1472      9.761    15.8700   3.216972     2.6520     2.5824     0.0044  0.1118400  0.000e+00
       1473      9.819    15.8692   3.218647     2.6496     2.5800     0.0044  0.1118400  0.000e+00
       1474      9.819    15.8694   3.220236     2.6447     2.5763     0.0044  0.1113516  0.000e+00
       1475      9.803    15.8694   3.221416     2.6410     2.5727     0.0044  0.1118400  0.000e+00
       1476      9.819    15.8689   3.222180     2.6362     2.5702     0.0044  0.1118400  0.000e+00
       1477      9.943    15.8688   3.222590     2.6325     2.5665     0.0044  0.1118400  0.000e+00
       1478      9.860    15.8687   3.223177     2.6301     2.5641     0.0044  0.1118400  0.000e+00
       1479      9.943    15.8685   3.223479     2.6252     2.5604     0.0044  0.1118400  0.000e+00
       1480      9.943    15.8690   3.224055     2.6203     2.5568     0.0044  0.1118400  0.000e+00
       1481      9.918    15.8698   3.224716     2.6154     2.5531     0.0044  0.1118400  0.000e+00
       1482     10.009    15.8709   3.225491     2.6117     2.5495     0.0044  0.1118400  0.000e+00
       1483     10.009    15.8719   3.226489     2.6105     2.5458     0.0044  0.1118400  0.000e+00
       1484     10.066    15.8729   3.227145     2.6032     2.5421     0.0044  0.1113516  0.000e+00
       1485     10.042    15.8738   3.227687     2.5983     2.5385     0.0044  0.1118400  0.000e+00
       1486     10.066    15.8744   3.228183     2.5959     2.5348     0.0044  0.1118400  0.000e+00
       1487     10.124    15.8755   3.228793     2.5898     2.5311     0.0044  0.1113516  0.000e+00
       1488     10.108    15.8766   3.229460     2.5873     2.5275     0.0044  0.1113516  0.000e+00
       1489     10.190    15.8775   3.230379     2.5812     2.5238     0.0044  0.1113516  0.000e+00
       1490     10.190    15.8773   3.231754     2.5775     2.5201     0.0044  0.1113516  0.000e+00
       1491     10.165    15.8746   3.233614     2.5727     2.5153     0.0044  0.1118400  0.000e+00
       1492     10.248    15.8687   3.235828     2.5690     2.5116     0.0044  0.1118400  0.000e+00
       1493     10.248    15.8606   3.238323     2.5666     2.5079     0.0044  0.1118400  0.000e+00
       1494     10.248    15.8516   3.240956     2.5617     2.5031     0.0044  0.1084212  0.000e+00
       1495     10.289    15.8438   3.243618     2.5543     2.4994     0.0042  0.1035372  0.000e+00
       1496     10.314    15.8370   3.245852     2.5507     2.4945     0.0042  0.1025604  0.000e+00
       1497     10.371    15.8321   3.248104     2.5470     2.4908     0.0042  0.1025604  0.000e+00
       1498     10.289    15.8270   3.250191     2.5434     2.4872     0.0042  0.1030488  0.000e+00
       1499     10.429    15.8228   3.252119     2.5373     2.4823     0.0042  0.1030488  0.000e+00
       1500     10.371    15.8185   3.254086     2.5324     2.4786     0.0042  0.1030488  0.000e+00
       1501     10.429    15.8146   3.255682     2.5275     2.4750     0.0042  0.1030488  0.000e+00
       1502     10.470    15.8114   3.257216     2.5250     2.4713     0.0042  0.1030488  0.000e+00
       1503     10.495    15.8093   3.258452     2.5214     2.4664     0.0042  0.1030488  0.000e+00
       1504     10.495    15.8062   3.259849     2.5153     2.4628     0.0042  0.1030488  0.000e+00
       1505     10.470    15.8027   3.260971     2.5104     2.4579     0.0042  0.1030488  0.000e+00
       1506     10.553    15.7944   3.262288     2.5079     2.4542     0.0042  0.1030488  0.000e+00
       1507     10.553    15.7706   3.264848     2.5043     2.4493     0.0042  0.1030488  0.000e+00
       1508     10.536    15.7429   3.269145     2.4982     2.4457     0.0042  0.1030488  0.000e+00
       1509     10.676    15.7200   3.273989     2.4921     2.4420     0.0042  0.1030488  0.000e+00
       1510     10.619    15.6991   3.278779     2.4884     2.4371     0.0042  0.1025604  0.000e+00
       1511     10.676    15.6845   3.282675     2.4847     2.4334     0.0042  0.1030488  0.000e+00
       1512     10.660    15.6724   3.285460     2.4823     2.4286     0.0042  0.1030488  0.000e+00
       1513     10.676    15.6494   3.288125     2.4762     2.4249     0.0042  0.1030488  0.000e+00
       1514     10.742    15.6301   3.290365     2.4701     2.4200     0.0042  0.1030488  0.000e+00
       1515     10.775    15.6274   3.292405     2.4652     2.4164     0.0042  0.1030488  0.000e+00
       1516     10.742    15.6283   3.293422     2.4628     2.4115     0.0042  0.1030488  0.000e+00
       1517     10.800    15.6206   3.294238     2.4591     2.4078     0.0042  0.1025604  0.000e+00
       1518     10.800    15.6114   3.295485     2.4530     2.4029     0.0042  0.1030488  0.000e+00
       1519     10.841    15.5821   3.296975     2.4493     2.3993     0.0042  0.1025604  0.000e+00
       1520     10.858    15.5283   3.299293     2.4445     2.3944     0.0040  0.0986532  0.000e+00
       1521     10.858    15.4904   3.302192     2.4408     2.3907     0.0040  0.0962112  0.000e+00
       1522     10.924    15.4542   3.304494     2.4359     2.3858     0.0040  0.0962112  0.000e+00
       1523     10.965    15.4255   3.306537     2.4298     2.3822     0.0040  0.0962112  0.000e+00
       1524     10.924    15.4061   3.308322     2.4249     2.3773     0.0040  0.0962112  0.000e+00
       1525     10.981    15.3905   3.309744     2.4200     2.3736     0.0040  0.0966996  0.000e+00
       1526     10.965    15.3813   3.310746     2.4176     2.3687     0.0040  0.0966996  0.000e+00
       1527     11.047    15.3775   3.311305     2.4127     2.3651     0.0040  0.0966996  0.000e+00
       1528     11.047    15.3720   3.311530     2.4066     2.3614     0.0040  0.0966996  0.000e+00
       1529     11.047    15.3648   3.311835     2.4029     2.3565     0.0040  0.0966996  0.000e+00
       1530     11.080    15.3583   3.312307     2.3968     2.3529     0.0040  0.0962112  0.000e+00
       1531     11.105    15.3546   3.312595     2.3956     2.3480     0.0040  0.0962112  0.000e+00
       1532     11.163    15.3526   3.312878     2.3895     2.3431     0.0040  0.0966996  0.000e+00
       1533     11.146    15.3502   3.313039     2.3858     2.3382     0.0040  0.0962112  0.000e+00
       1534     11.163    15.3473   3.313339     2.3810     2.3345     0.0040  0.0966996  0.000e+00
       1535     11.229    15.3433   3.313586     2.3748     2.3309     0.0040  0.0966996  0.000e+00
       1536     11.229    15.3413   3.313552     2.3724     2.3260     0.0040  0.0966996  0.000e+00
       1537     11.204    15.3416   3.313419     2.3663     2.3211     0.0040  0.0966996  0.000e+00
       1538     11.286    15.3422   3.313102     2.3614     2.3174     0.0040  0.0962112  0.000e+00
       1539     11.286    15.3438   3.313189     2.3565     2.3126     0.0040  0.0966996  0.000e+00
       1540     11.286    15.3402   3.313454     2.3529     2.3089     0.0040  0.0962112  0.000e+00
       1541     11.328    15.3259   3.314128     2.3492     2.3040     0.0040  0.0966996  0.000e+00
       1542     11.352    15.3060   3.315661     2.3431     2.2991     0.0040  0.0962112  0.000e+00
       1543     11.352    15.2911   3.317753     2.3382     2.2955     0.0040  0.0966996  0.000e+00
       1544     11.451    15.2827   3.319880     2.3321     2.2906     0.0040  0.0962112  0.000e+00
       1545     11.410    15.2780   3.321886     2.3284     2.2857     0.0040  0.0957228  0.000e+00
       1546     11.410    15.2754   3.324401     2.3248     2.2820     0.0042  0.0952344  0.000e+00
       1547     11.476    15.2734   3.327193     2.3199     2.2771     0.0042  0.0947460  0.000e+00
       1548     11.509    15.2715   3.329784     2.3138     2.2723     0.0042  0.0952344  0.000e+00
       1549     11.476    15.2695   3.331573     2.3089     2.2686     0.0042  0.0952344  0.000e+00
       1550     11.534    15.2671   3.332589     2.3077     2.2637     0.0042  0.0952344  0.000e+00
       1551     11.591    15.2651   3.333501     2.3016     2.2588     0.0042  0.0952344  0.000e+00
       1552     11.575    15.2619   3.335112     2.2943     2.2539     0.0042  0.0952344  0.000e+00
       1553     11.591    15.2572   3.337290     2.2894     2.2491     0.0042  0.0952344  0.000e+00
       1554     11.591    15.2522   3.339266     2.2845     2.2442     0.0042  0.0947460  0.000e+00
       1555     11.632    15.2476   3.340774     2.2808     2.2393     0.0042  0.0947460  0.000e+00
       1556     11.657    15.2427   3.341843     2.2747     2.2344     0.0042  0.0947460  0.000e+00
       1557     11.657    15.2352   3.342652     2.2698     2.2295     0.0042  0.0947460  0.000e+00
       1558     11.781    15.2269   3.343340     2.2637     2.2246     0.0042  0.0952344  0.000e+00
       1559     11.698    15.2215   3.343820     2.2601     2.2198     0.0042  0.0952344  0.000e+00
       1560     11.781    15.2157   3.344225     2.2552     2.2149     0.0042  0.0952344  0.000e+00
       1561     11.781    15.2097   3.344526     2.2503     2.2088     0.0042  0.0947460  0.000e+00
       1562     11.781    15.2025   3.344705     2.2442     2.2039     0.0042  0.0947460  0.000e+00
       1563     11.822    15.1965   3.344971     2.2393     2.1990     0.0042  0.0952344  0.000e+00
       1564     11.839    15.1897   3.345295     2.2356     2.1929     0.0042  0.0947460  0.000e+00
       1565     11.839    15.1832   3.345561     2.2295     2.1880     0.0042  0.0947460  0.000e+00
       1566     11.896    15.1748   3.345891     2.2247     2.1819     0.0042  0.0947460  0.000e+00
       1567     11.880    15.1640   3.346139     2.2173     2.1770     0.0042  0.0952344  0.000e+00
       1568     11.896    15.1467   3.345989     2.2124     2.1721     0.0042  0.0947460  0.000e+00
       1569     11.962    15.1156   3.345353     2.2088     2.1660     0.0042  0.0952344  0.000e+00
       1570     11.962    15.0744   3.343961     2.2039     2.1611     0.0042  0.0947460  0.000e+00
       1571     12.003    15.0305   3.342724     2.1978     2.1563     0.0038  0.0937692  0.000e+00
       1572     12.020    14.9915   3.341904     2.1917     2.1514     0.0037  0.0927924  0.000e+00
       1573     12.020    14.9554   3.341453     2.1856     2.1453     0.0037  0.0927924  0.000e+00
       1574     12.061    14.9101   3.341454     2.1819     2.1404     0.0037  0.0927924  0.000e+00
       1575     12.086    14.8702   3.341755     2.1770     2.1355     0.0037  0.0927924  0.000e+00
       1576     12.086    14.8361   3.342322     2.1709     2.1294     0.0037  0.0927924  0.000e+00
       1577     12.086    14.8043   3.343183     2.1660     2.1245     0.0037  0.0927924  0.000e+00
       1578     12.185    14.7729   3.344120     2.1612     2.1184     0.0037  0.0927924  0.000e+00
       1579     12.143    14.7410   3.345173     2.1563     2.1135     0.0037  0.0927924  0.000e+00
       1580     12.143    14.7111   3.346196     2.1514     2.1086     0.0037  0.0927924  0.000e+00
       1581     12.209    14.6805   3.346827     2.1441     2.1038     0.0037  0.0927924  0.000e+00
       1582     12.242    14.6531   3.347163     2.1380     2.0989     0.0037  0.0927924  0.000e+00
       1583     12.209    14.6277   3.347232     2.1343     2.0928     0.0037  0.0927924  0.000e+00
       1584     12.325    14.6018   3.347071     2.1319     2.0879     0.0037  0.0927924  0.000e+00
       1585     12.267    14.5842   3.346949     2.1245     2.0830     0.0037  0.0927924  0.000e+00
       1586     12.308    14.5711   3.346840     2.1184     2.0793     0.0037  0.0927924  0.000e+00
       1587     12.325    14.5571   3.346580     2.1135     2.0732     0.0037  0.0927924  0.000e+00
       1588     12.325    14.5432   3.346776     2.1099     2.0683     0.0037  0.0927924  0.000e+00
       1589     12.391    14.5319   3.347095     2.1050     2.0635     0.0037  0.0927924  0.000e+00
       1590     12.366    14.5218   3.347552     2.0989     2.0586     0.0037  0.0927924  0.000e+00
       1591     12.391    14.5130   3.348367     2.0928     2.0537     0.0037  0.0927924  0.000e+00
       1592     12.448    14.5045   3.349293     2.0879     2.0500     0.0037  0.0927924  0.000e+00
       1593     12.448    14.4967   3.350282     2.0842     2.0451     0.0037  0.0927924  0.000e+00
       1594     12.490    14.4891   3.351358     2.0806     2.0403     0.0037  0.0927924  0.000e+00
       1595     12.448    14.4819   3.352215     2.0745     2.0354     0.0037  0.0927924  0.000e+00
       1596     12.514    14.4740   3.352886     2.0684     2.0305     0.0038  0.0927924  0.000e+00
       1597     12.572    14.4647   3.353569     2.0635     2.0256     0.0040  0.0927924  0.000e+00
       1598     12.490    14.4549   3.354512     2.0610     2.0207     0.0040  0.0927924  0.000e+00
       1599     12.630    14.4428   3.355340     2.0561     2.0171     0.0040  0.0927924  0.000e+00
       1600     12.572    14.4299   3.356035     2.0500     2.0134     0.0040  0.0927924  0.000e+00
