data/2021/ctd_data_day2/station9_ctm_fil.cnv
* Sea-Bird SBE 9 Data File:
* FileName = C:\Users\CTD-User\Desktop\MAR440\day2\station9.hex
* Software Version Seasave V 7.26.2.13
* Temperature SN = 6313
* Conductivity SN = 4758
* Number of Bytes Per Scan = 37
* Number of Voltage Words = 4
* Number of Scans Averaged by the Deck Unit = 1
* NMEA Latitude = 58 19.82 N
* NMEA Longitude = 011 51.84 E
* NMEA UTC (Time) = Sep 22 2021 11:46:38
* NMEA baud rate = 4800
** Ship: Skagerrak
** Station: station9
** Operator: group2blue
# nquan = 9
# nvalues = 3112                        
# units = specified
# name 0 = scan: Scan Count
# name 1 = prDM: Pressure, Digiquartz [db]
# name 2 = t090C: Temperature [ITS-90, deg C]
# name 3 = c0S/m: Conductivity [S/m]
# name 4 = sbeox0V: Oxygen raw, SBE 43 [V]
# name 5 = sbeox1V: Oxygen raw, SBE 43, 2 [V]
# name 6 = flECO-AFL: Fluorescence, WET Labs ECO-AFL/FL [mg/m^3]
# name 7 = upoly0: Upoly 0, Turbidity
# name 8 = flag:  0.000e+00
# span 0 =          1,       3112       
# span 1 =      0.996,     42.932       
# span 2 =     8.0101,    15.8831       
# span 3 =   2.904537,   3.481068       
# span 4 =     0.4759,     2.8033       
# span 5 =     0.5420,     2.6935       
# span 6 =     0.0035,     0.0145       
# span 7 =  0.0882158,  0.2142172       
# span 8 = 0.0000e+00, 0.0000e+00       
# interval = seconds: 0.0416667
# start_time = Sep 22 2021 11:46:38 [NMEA time, header]
# bad_flag = -9.990e-29
*END*
[from data line 321]
        322      1.104    15.3883   3.031961     2.2688     2.2543     0.0048  0.1740888 0.0000e+00
        323      1.095    15.3847   3.030797     2.2704     2.2568     0.0048  0.1745881 0.0000e+00
        324      1.087    15.3809   3.029584     2.2721     2.2593     0.0048  0.1751231 0.0000e+00
        325      1.079    15.3769   3.028322     2.2738     2.2618     0.0048  0.1756973 0.0000e+00
        326      1.071    15.3729   3.027021     2.2756     2.2645     0.0048  0.1763124 0.0000e+00
        327      1.064    15.3689   3.025694     2.2774     2.2672     0.0048  0.1769529 0.0000e+00
        328      1.058    15.3651   3.024364     2.2792     2.2700     0.0048  0.1775852 0.0000e+00
        329      1.052    15.3614   3.023058     2.2811     2.2728     0.0048  0.1781848 0.0000e+00
        330      1.047    15.3580   3.021805     2.2830     2.2757     0.0048  0.1787481 0.0000e+00
        331      1.042    15.3549   3.020625     2.2850     2.2786     0.0048  0.1792799 0.0000e+00
        332      1.038    15.3520   3.019525     2.2870     2.2816     0.0048  0.1797849 0.0000e+00
        333      1.033    15.3495   3.018505     2.2890     2.2846     0.0048  0.1802665 0.0000e+00
        334      1.029    15.3473   3.017565     2.2911     2.2877     0.0048  0.1807289 0.0000e+00
        335      1.025    15.3453   3.016707     2.2933     2.2908     0.0048  0.1811762 0.0000e+00
        336      1.022    15.3436   3.015930     2.2954     2.2939     0.0048  0.1816107 0.0000e+00
        337      1.018    15.3422   3.015237     2.2976     2.2970     0.0048  0.1820344 0.0000e+00
        338      1.015    15.3411   3.014639     2.2999     2.3002     0.0048  0.1824504 0.0000e+00
        339      1.012    15.3404   3.014153     2.3022     2.3034     0.0048  0.1828616 0.0000e+00
        340      1.009    15.3401   3.013792     2.3045     2.3066     0.0048  0.1832708 0.0000e+00
        341      1.007    15.3401   3.013564     2.3069     2.3098     0.0048  0.1836808 0.0000e+00
        342      1.005    15.3405   3.013468     2.3093     2.3130     0.0048  0.1840946 0.0000e+00
        343      1.003    15.3412   3.013504     2.3117     2.3162     0.0048  0.1845150 0.0000e+00
        344      1.001    15.3423   3.013670     2.3142     2.3195     0.0048  0.1849448 0.0000e+00
        345      1.000    15.3438   3.013963     2.3167     2.3227     0.0048  0.1853872 0.0000e+00
        346      0.999    15.3456   3.014384     2.3193     2.3260     0.0048  0.1858452 0.0000e+00
        347      0.998    15.3479   3.014929     2.3219     2.3292     0.0048  0.1863220 0.0000e+00
        348      0.997    15.3504   3.015594     2.3245     2.3325     0.0048  0.1868208 0.0000e+00
        349      0.997    15.3532   3.016368     2.3271     2.3357     0.0048  0.1873452 0.0000e+00
        350      0.997    15.3563   3.017234     2.3298     2.3389     0.0048  0.1878988 0.0000e+00
        351      0.996    15.3593   3.018154     2.3325     2.3421     0.0048  0.1884855 0.0000e+00
        352      0.996    15.3623   3.019080     2.3352     2.3453     0.0048  0.1891000 0.0000e+00
        353      0.996    15.3650   3.019972     2.3380     2.3485     0.0048  0.1897160 0.0000e+00
        354      0.997    15.3676   3.020810     2.3407     2.3517     0.0048  0.1903012 0.0000e+00
        355      0.997    15.3700   3.021593     2.3435     2.3548     0.0048  0.1908419 0.0000e+00
        356      0.997    15.3723   3.022340     2.3463     2.3579     0.0048  0.1913401 0.0000e+00
        357      0.997    15.3747   3.023076     2.3491     2.3610     0.0048  0.1918003 0.0000e+00
        358      0.997    15.3774   3.023843     2.3519     2.3640     0.0048  0.1922255 0.0000e+00
        359      0.997    15.3805   3.024698     2.3547     2.3670     0.0048  0.1926187 0.0000e+00
        360      0.997    15.3844   3.025701     2.3575     2.3700     0.0048  0.1929827 0.0000e+00
        361      0.997    15.3890   3.026901     2.3604     2.3729     0.0048  0.1933200 0.0000e+00
        362      0.997    15.3944   3.028328     2.3632     2.3758     0.0048  0.1936329 0.0000e+00
        363      0.997    15.4007   3.029990     2.3660     2.3786     0.0048  0.1939236 0.0000e+00
        364      0.997    15.4076   3.031873     2.3689     2.3814     0.0048  0.1941942 0.0000e+00
        365      0.997    15.4151   3.033957     2.3717     2.3841     0.0048  0.1944465 0.0000e+00
        366      0.997    15.4232   3.036228     2.3746     2.3867     0.0048  0.1946823 0.0000e+00
        367      0.997    15.4318   3.038675     2.3774     2.3893     0.0048  0.1949032 0.0000e+00
        368      0.998    15.4408   3.041285     2.3803     2.3918     0.0048  0.1951107 0.0000e+00
        369      0.998    15.4504   3.044041     2.3832     2.3943     0.0048  0.1953064 0.0000e+00
        370      0.998    15.4603   3.046926     2.3860     2.3967     0.0048  0.1954915 0.0000e+00
        371      0.999    15.4705   3.049898     2.3889     2.3990     0.0048  0.1956673 0.0000e+00
        372      0.999    15.4806   3.052887     2.3918     2.4013     0.0048  0.1958351 0.0000e+00
        373      0.999    15.4904   3.055812     2.3946     2.4034     0.0048  0.1959961 0.0000e+00
        374      1.000    15.4997   3.058604     2.3975     2.4056     0.0048  0.1961513 0.0000e+00
        375      1.000    15.5084   3.061218     2.4004     2.4076     0.0048  0.1963018 0.0000e+00
        376      1.001    15.5166   3.063631     2.4033     2.4096     0.0048  0.1964488 0.0000e+00
        377      1.001    15.5243   3.065829     2.4062     2.4115     0.0048  0.1965931 0.0000e+00
        378      1.001    15.5314   3.067815     2.4091     2.4133     0.0048  0.1967342 0.0000e+00
        379      1.002    15.5379   3.069594     2.4119     2.4151     0.0048  0.1968687 0.0000e+00
        380      1.002    15.5438   3.071170     2.4148     2.4169     0.0048  0.1969941 0.0000e+00
        381      1.003    15.5490   3.072544     2.4177     2.4185     0.0048  0.1971106 0.0000e+00
        382      1.004    15.5537   3.073708     2.4206     2.4201     0.0048  0.1972189 0.0000e+00
        383      1.005    15.5577   3.074643     2.4234     2.4217     0.0048  0.1973198 0.0000e+00
        384      1.005    15.5611   3.075335     2.4263     2.4232     0.0048  0.1974139 0.0000e+00
        385      1.006    15.5640   3.075782     2.4291     2.4246     0.0048  0.1975020 0.0000e+00
        386      1.007    15.5664   3.075997     2.4319     2.4260     0.0048  0.1975846 0.0000e+00
        387      1.008    15.5684   3.076001     2.4347     2.4274     0.0048  0.1976623 0.0000e+00
        388      1.009    15.5701   3.075816     2.4375     2.4287     0.0048  0.1977357 0.0000e+00
        389      1.011    15.5714   3.075461     2.4403     2.4300     0.0048  0.1978053 0.0000e+00
        390      1.012    15.5724   3.074946     2.4430     2.4313     0.0048  0.1978715 0.0000e+00
        391      1.014    15.5728   3.074272     2.4457     2.4325     0.0048  0.1979348 0.0000e+00
        392      1.015    15.5725   3.073430     2.4484     2.4337     0.0048  0.1979956 0.0000e+00
        393      1.017    15.5715   3.072403     2.4511     2.4348     0.0048  0.1980544 0.0000e+00
        394      1.018    15.5697   3.071169     2.4537     2.4359     0.0048  0.1981116 0.0000e+00
        395      1.019    15.5672   3.069710     2.4563     2.4370     0.0048  0.1981676 0.0000e+00
        396      1.020    15.5640   3.068035     2.4589     2.4381     0.0048  0.1982228 0.0000e+00
        397      1.022    15.5603   3.066179     2.4614     2.4391     0.0048  0.1982775 0.0000e+00
        398      1.023    15.5560   3.064189     2.4639     2.4401     0.0048  0.1983322 0.0000e+00
        399      1.024    15.5514   3.062103     2.4663     2.4410     0.0048  0.1983871 0.0000e+00
        400      1.025    15.5463   3.059952     2.4688     2.4419     0.0048  0.1984428 0.0000e+00
        401      1.026    15.5412   3.057768     2.4711     2.4427     0.0048  0.1984995 0.0000e+00
        402      1.027    15.5361   3.055599     2.4735     2.4436     0.0048  0.1985578 0.0000e+00
        403      1.028    15.5312   3.053501     2.4757     2.4443     0.0048  0.1986170 0.0000e+00
        404      1.029    15.5266   3.051519     2.4780     2.4450     0.0049  0.1986760 0.0000e+00
        405      1.029    15.5224   3.049681     2.4802     2.4456     0.0049  0.1987335 0.0000e+00
        406      1.029    15.5185   3.047995     2.4823     2.4462     0.0049  0.1987881 0.0000e+00
        407      1.030    15.5150   3.046471     2.4843     2.4467     0.0049  0.1988395 0.0000e+00
        408      1.031    15.5120   3.045120     2.4863     2.4472     0.0049  0.1988878 0.0000e+00
        409      1.031    15.5097   3.043959     2.4883     2.4475     0.0049  0.1989336 0.0000e+00
        410      1.032    15.5079   3.042998     2.4901     2.4478     0.0049  0.1989771 0.0000e+00
        411      1.033    15.5066   3.042239     2.4919     2.4480     0.0049  0.1990185 0.0000e+00
        412      1.033    15.5057   3.041666     2.4936     2.4482     0.0049  0.1990583 0.0000e+00
        413      1.034    15.5052   3.041249     2.4953     2.4482     0.0049  0.1990966 0.0000e+00
        414      1.034    15.5047   3.040944     2.4968     2.4482     0.0049  0.1991338 0.0000e+00
        415      1.034    15.5041   3.040699     2.4983     2.4481     0.0049  0.1991701 0.0000e+00
        416      1.035    15.5034   3.040467     2.4997     2.4479     0.0049  0.1992057 0.0000e+00
        417      1.035    15.5024   3.040217     2.5010     2.4477     0.0049  0.1992409 0.0000e+00
        418      1.036    15.5011   3.039916     2.5022     2.4474     0.0049  0.1992759 0.0000e+00
        419      1.036    15.4994   3.039531     2.5033     2.4470     0.0049  0.1993111 0.0000e+00
        420      1.037    15.4972   3.039032     2.5044     2.4465     0.0049  0.1993474 0.0000e+00
        421      1.037    15.4944   3.038399     2.5053     2.4460     0.0049  0.1993860 0.0000e+00
        422      1.038    15.4910   3.037623     2.5062     2.4454     0.0049  0.1994263 0.0000e+00
        423      1.038    15.4870   3.036701     2.5070     2.4448     0.0049  0.1994677 0.0000e+00
        424      1.039    15.4825   3.035641     2.5078     2.4441     0.0049  0.1995106 0.0000e+00
        425      1.039    15.4777   3.034467     2.5084     2.4434     0.0049  0.1995551 0.0000e+00
        426      1.039    15.4724   3.033196     2.5090     2.4427     0.0049  0.1996017 0.0000e+00
        427      1.040    15.4665   3.031822     2.5095     2.4419     0.0049  0.1996507 0.0000e+00
        428      1.040    15.4602   3.030332     2.5099     2.4410     0.0049  0.1997023 0.0000e+00
        429      1.041    15.4534   3.028728     2.5103     2.4402     0.0049  0.1997561 0.0000e+00
        430      1.042    15.4461   3.027022     2.5106     2.4393     0.0049  0.1998109 0.0000e+00
        431      1.042    15.4384   3.025219     2.5109     2.4384     0.0049  0.1998660 0.0000e+00
        432      1.043    15.4303   3.023315     2.5111     2.4375     0.0049  0.1999219 0.0000e+00
        433      1.043    15.4219   3.021323     2.5112     2.4366     0.0049  0.1999790 0.0000e+00
        434      1.043    15.4134   3.019279     2.5114     2.4357     0.0051  0.2000377 0.0000e+00
        435      1.044    15.4049   3.017213     2.5115     2.4348     0.0049  0.2000992 0.0000e+00
        436      1.044    15.3963   3.015124     2.5116     2.4339     0.0049  0.2001656 0.0000e+00
        437      1.044    15.3874   3.012957     2.5117     2.4330     0.0049  0.2002375 0.0000e+00
        438      1.044    15.3779   3.010632     2.5117     2.4321     0.0049  0.2003137 0.0000e+00
        439      1.044    15.3681   3.008092     2.5118     2.4312     0.0051  0.2003937 0.0000e+00
        440      1.044    15.3581   3.005351     2.5119     2.4304     0.0049  0.2004782 0.0000e+00
        441      1.044    15.3481   3.002488     2.5119     2.4296     0.0049  0.2005677 0.0000e+00
        442      1.044    15.3382   2.999590     2.5120     2.4288     0.0049  0.2006629 0.0000e+00
        443      1.044    15.3283   2.996716     2.5120     2.4280     0.0049  0.2007653 0.0000e+00
        444      1.044    15.3187   2.993907     2.5121     2.4272     0.0049  0.2008765 0.0000e+00
        445      1.044    15.3094   2.991194     2.5122     2.4265     0.0049  0.2009963 0.0000e+00
        446      1.044    15.3004   2.988604     2.5123     2.4258     0.0049  0.2011248 0.0000e+00
        447      1.044    15.2919   2.986156     2.5124     2.4252     0.0049  0.2012628 0.0000e+00
        448      1.044    15.2839   2.983861     2.5126     2.4245     0.0049  0.2014114 0.0000e+00
        449      1.044    15.2765   2.981721     2.5128     2.4240     0.0051  0.2015714 0.0000e+00
        450      1.044    15.2698   2.979729     2.5130     2.4234     0.0049  0.2017442 0.0000e+00
        451      1.044    15.2635   2.977876     2.5132     2.4230     0.0049  0.2019308 0.0000e+00
        452      1.044    15.2578   2.976153     2.5135     2.4225     0.0049  0.2021325 0.0000e+00
        453      1.044    15.2525   2.974557     2.5137     2.4221     0.0049  0.2023508 0.0000e+00
        454      1.043    15.2477   2.973082     2.5140     2.4218     0.0057  0.2025838 0.0000e+00
        455      1.043    15.2433   2.971716     2.5144     2.4215     0.0066  0.2028204 0.0000e+00
        456      1.043    15.2391   2.970445     2.5147     2.4213     0.0068  0.2030460 0.0000e+00
        457      1.043    15.2351   2.969249     2.5150     2.4211     0.0068  0.2032546 0.0000e+00
        458      1.043    15.2312   2.968108     2.5154     2.4210     0.0068  0.2034468 0.0000e+00
        459      1.043    15.2273   2.967003     2.5158     2.4210     0.0068  0.2036239 0.0000e+00
        460      1.043    15.2233   2.965911     2.5162     2.4210     0.0068  0.2037872 0.0000e+00
        461      1.044    15.2191   2.964814     2.5166     2.4211     0.0068  0.2039378 0.0000e+00
        462      1.044    15.2147   2.963701     2.5170     2.4213     0.0068  0.2040776 0.0000e+00
        463      1.044    15.2102   2.962571     2.5175     2.4215     0.0070  0.2042084 0.0000e+00
        464      1.044    15.2054   2.961429     2.5180     2.4218     0.0068  0.2043303 0.0000e+00
        465      1.044    15.2007   2.960279     2.5184     2.4221     0.0068  0.2044433 0.0000e+00
        466      1.045    15.1958   2.959120     2.5189     2.4225     0.0068  0.2045482 0.0000e+00
        467      1.045    15.1909   2.957948     2.5195     2.4230     0.0068  0.2046456 0.0000e+00
        468      1.045    15.1858   2.956759     2.5200     2.4235     0.0068  0.2047363 0.0000e+00
        469      1.045    15.1807   2.955551     2.5205     2.4241     0.0068  0.2048209 0.0000e+00
        470      1.046    15.1754   2.954324     2.5211     2.4248     0.0068  0.2049000 0.0000e+00
        471      1.046    15.1701   2.953082     2.5216     2.4254     0.0068  0.2049741 0.0000e+00
        472      1.046    15.1648   2.951830     2.5223     2.4261     0.0068  0.2050438 0.0000e+00
        473      1.046    15.1595   2.950579     2.5229     2.4269     0.0068  0.2051095 0.0000e+00
        474      1.046    15.1543   2.949341     2.5235     2.4277     0.0068  0.2051718 0.0000e+00
        475      1.046    15.1493   2.948127     2.5242     2.4285     0.0068  0.2052309 0.0000e+00
        476      1.046    15.1443   2.946943     2.5249     2.4294     0.0068  0.2052874 0.0000e+00
        477      1.046    15.1395   2.945794     2.5257     2.4303     0.0068  0.2053416 0.0000e+00
        478      1.046    15.1348   2.944681     2.5265     2.4312     0.0068  0.2053940 0.0000e+00
        479      1.046    15.1302   2.943607     2.5273     2.4321     0.0066  0.2054448 0.0000e+00
        480      1.046    15.1259   2.942572     2.5282     2.4331     0.0055  0.2054928 0.0000e+00
