data/2021/ctd_data_day2/station9.cnv
* Sea-Bird SBE 9 Data File:
* FileName = C:\Users\CTD-User\Desktop\MAR440\day2\station9.hex
* Software Version Seasave V 7.26.2.13
* Temperature SN = 6313
* Conductivity SN = 4758
* Number of Bytes Per Scan = 37
* Number of Voltage Words = 4
* Number of Scans Averaged by the Deck Unit = 1
* NMEA Latitude = 58 19.82 N
* NMEA Longitude = 011 51.84 E
* NMEA UTC (Time) = Sep 22 2021 11:46:38
* NMEA baud rate = 4800
** Ship: Skagerrak
** Station: station9
** Operator: group2blue
# nquan = 9
# nvalues = 3112                                  
# units = specified
# name 0 = scan: Scan Count
# name 1 = prDM: Pressure, Digiquartz [db]
# name 2 = t090C: Temperature [ITS-90, deg C]
# name 3 = c0S/m: Conductivity [S/m]
# name 4 = sbeox0V: Oxygen raw, SBE 43 [V]
# name 5 = sbeox1V: Oxygen raw, SBE 43, 2 [V]
# name 6 = flECO-AFL: Fluorescence, WET Labs ECO-AFL/FL [mg/m^3]
# name 7 = upoly0: Upoly 0, Turbidity
# name 8 = flag:  0.000e+00
# span 0 =          1,       3112                 
# span 1 =      0.912,     43.038                 
# span 2 =     7.9952,    15.9143                 
# span 3 =   2.902496,   3.493253                 
# span 4 =     0.4748,     2.8083                 
# span 5 =     0.5419,     2.6948                 
# span 6 =     0.0035,     0.0145                 
# span 7 =  0.0874200,  0.2231954                 
# span 8 = 0.0000e+00, 0.0000e+00                 
# interval = seconds: 0.0416667
# start_time = Sep 22 2021 11:46:38 [NMEA time, header]
# bad_flag = -9.990e-29
*END*
[from data line 1441]
       1442     10.020    15.4354   3.290304     2.4725     2.3980     0.0040  0.1098864  0.000e+00
       1443     10.020    15.4311   3.292045     2.4701     2.3944     0.0040  0.1103748  0.000e+00
       1444      9.995    15.4291   3.293292     2.4652     2.3895     0.0040  0.1103748  0.000e+00
       1445     10.078    15.4294   3.292378     2.4591     2.3846     0.0040  0.1103748  0.000e+00
       1446     10.078    15.4335   3.289609     2.4542     2.3809     0.0040  0.1103748  0.000e+00
       1447     10.119    15.4383   3.286783     2.4493     2.3761     0.0040  0.1103748  0.000e+00
       1448     10.144    15.4413   3.285703     2.4469     2.3712     0.0040  0.1098864  0.000e+00
       1449     10.144    15.4425   3.285514     2.4420     2.3663     0.0046  0.1059792  0.000e+00
       1450     10.201    15.4413   3.285232     2.4359     2.3626     0.0057  0.0981648  0.000e+00
       1451     10.177    15.4380   3.286392     2.4322     2.3590     0.0060  0.0957228  0.000e+00
       1452     10.201    15.4359   3.287989     2.4273     2.3529     0.0062  0.0962112  0.000e+00
       1453     10.259    15.4370   3.287593     2.4237     2.3480     0.0060  0.0962112  0.000e+00
       1454     10.300    15.4394   3.286105     2.4188     2.3431     0.0060  0.0962112  0.000e+00
       1455     10.259    15.4435   3.283539     2.4127     2.3382     0.0060  0.0962112  0.000e+00
       1456     10.259    15.4470   3.280807     2.4078     2.3345     0.0060  0.0962112  0.000e+00
       1457     10.383    15.4496   3.279539     2.4054     2.3297     0.0060  0.0962112  0.000e+00
       1458     10.300    15.4499   3.280170     2.4005     2.3260     0.0060  0.0962112  0.000e+00
       1459     10.383    15.4474   3.282706     2.3956     2.3211     0.0060  0.0962112  0.000e+00
       1460     10.383    15.4320   3.289471     2.3907     2.3162     0.0060  0.0962112  0.000e+00
       1461     10.424    15.3984   3.301796     2.3846     2.3126     0.0060  0.0962112  0.000e+00
       1462     10.449    15.3634   3.314888     2.3809     2.3077     0.0062  0.0962112  0.000e+00
       1463     10.449    15.3384   3.324561     2.3761     2.3028     0.0060  0.0962112  0.000e+00
       1464     10.506    15.3163   3.330764     2.3712     2.2979     0.0060  0.0966996  0.000e+00
       1465     10.490    15.2880   3.335227     2.3663     2.2942     0.0060  0.0966996  0.000e+00
       1466     10.506    15.2526   3.339300     2.3602     2.2894     0.0060  0.0962112  0.000e+00
       1467     10.572    15.2159   3.343300     2.3565     2.2857     0.0060  0.0966996  0.000e+00
       1468     10.605    15.1677   3.347475     2.3516     2.2808     0.0060  0.0966996  0.000e+00
       1469     10.572    15.1224   3.351779     2.3455     2.2759     0.0060  0.0966996  0.000e+00
       1470     10.630    15.0570   3.355455     2.3394     2.2723     0.0060  0.0962112  0.000e+00
       1471     10.630    14.9141   3.359996     2.3345     2.2674     0.0062  0.0962112  0.000e+00
       1472     10.671    14.7829   3.366132     2.3321     2.2625     0.0060  0.0962112  0.000e+00
       1473     10.630    14.6770   3.371786     2.3272     2.2588     0.0060  0.0966996  0.000e+00
       1474     10.754    14.5990   3.376515     2.3199     2.2540     0.0060  0.0962112  0.000e+00
       1475     10.729    14.5532   3.379789     2.3174     2.2491     0.0048  0.0927924  0.000e+00
       1476     10.754    14.5155   3.381490     2.3126     2.2442     0.0040  0.0913272  0.000e+00
       1477     10.754    14.4924   3.382483     2.3077     2.2405     0.0037  0.0908388  0.000e+00
       1478     10.811    14.4678   3.383087     2.3016     2.2356     0.0038  0.0908388  0.000e+00
       1479     10.795    14.4495   3.383558     2.2955     2.2308     0.0038  0.0908388  0.000e+00
       1480     10.811    14.4403   3.384342     2.2906     2.2259     0.0038  0.0913272  0.000e+00
       1481     10.877    14.4314   3.385248     2.2881     2.2222     0.0040  0.0913272  0.000e+00
       1482     10.910    14.4329   3.385887     2.2833     2.2173     0.0038  0.0908388  0.000e+00
       1483     10.877    14.4405   3.386462     2.2784     2.2137     0.0038  0.0908388  0.000e+00
       1484     10.935    14.4379   3.386799     2.2710     2.2088     0.0038  0.0913272  0.000e+00
       1485     10.935    14.4110   3.387886     2.2649     2.2039     0.0038  0.0913272  0.000e+00
       1486     10.976    14.3844   3.389693     2.2625     2.1990     0.0038  0.0908388  0.000e+00
       1487     10.993    14.3699   3.391396     2.2588     2.1941     0.0038  0.0908388  0.000e+00
       1488     11.059    14.3556   3.392280     2.2515     2.1892     0.0038  0.0913272  0.000e+00
       1489     10.993    14.3416   3.392856     2.2466     2.1844     0.0038  0.0913272  0.000e+00
       1490     11.100    14.3263   3.393792     2.2405     2.1807     0.0038  0.0913272  0.000e+00
       1491     11.059    14.3150   3.394711     2.2369     2.1758     0.0038  0.0913272  0.000e+00
       1492     11.116    14.3042   3.395508     2.2320     2.1709     0.0038  0.0913272  0.000e+00
       1493     11.100    14.2980   3.396479     2.2271     2.1660     0.0040  0.0908388  0.000e+00
       1494     11.182    14.2969   3.396967     2.2198     2.1612     0.0038  0.0908388  0.000e+00
       1495     11.182    14.2972   3.397380     2.2149     2.1575     0.0040  0.0913272  0.000e+00
       1496     11.182    14.2900   3.397316     2.2112     2.1526     0.0038  0.0908388  0.000e+00
       1497     11.224    14.2768   3.397416     2.2051     2.1465     0.0040  0.0908388  0.000e+00
       1498     11.240    14.2672   3.397334     2.2002     2.1416     0.0038  0.0908388  0.000e+00
       1499     11.240    14.2631   3.397515     2.1941     2.1367     0.0038  0.0913272  0.000e+00
       1500     11.306    14.2535   3.397387     2.1880     2.1318     0.0040  0.0913272  0.000e+00
       1501     11.281    14.2412   3.397084     2.1856     2.1270     0.0040  0.0913272  0.000e+00
       1502     11.364    14.2270   3.396375     2.1782     2.1221     0.0040  0.0913272  0.000e+00
       1503     11.364    14.2136   3.396061     2.1734     2.1172     0.0040  0.0913272  0.000e+00
       1504     11.339    14.2009   3.395829     2.1673     2.1123     0.0040  0.0913272  0.000e+00
       1505     11.421    14.1911   3.395963     2.1624     2.1074     0.0040  0.0913272  0.000e+00
       1506     11.421    14.1879   3.395852     2.1587     2.1013     0.0040  0.0913272  0.000e+00
       1507     11.421    14.1916   3.396108     2.1514     2.0964     0.0040  0.0913272  0.000e+00
       1508     11.463    14.2005   3.396381     2.1465     2.0915     0.0040  0.0913272  0.000e+00
       1509     11.545    14.2097   3.396980     2.1392     2.0854     0.0040  0.0913272  0.000e+00
       1510     11.487    14.2167   3.397352     2.1367     2.0793     0.0040  0.0913272  0.000e+00
       1511     11.545    14.2214   3.397684     2.1294     2.0757     0.0040  0.0913272  0.000e+00
       1512     11.529    14.2283   3.397893     2.1221     2.0683     0.0040  0.0913272  0.000e+00
       1513     11.611    14.2365   3.398201     2.1160     2.0622     0.0040  0.0913272  0.000e+00
       1514     11.611    14.2396   3.398294     2.1099     2.0561     0.0040  0.0913272  0.000e+00
       1515     11.611    14.2364   3.398341     2.1038     2.0500     0.0040  0.0913272  0.000e+00
       1516     11.652    14.2396   3.398155     2.0989     2.0439     0.0040  0.0913272  0.000e+00
       1517     11.669    14.2439   3.398108     2.0903     2.0378     0.0040  0.0913272  0.000e+00
       1518     11.726    14.2424   3.397951     2.0830     2.0317     0.0040  0.0913272  0.000e+00
       1519     11.710    14.2378   3.397829     2.0769     2.0256     0.0040  0.0913272  0.000e+00
       1520     11.726    14.2333   3.397765     2.0732     2.0183     0.0040  0.0913272  0.000e+00
       1521     11.792    14.2307   3.397771     2.0635     2.0122     0.0040  0.0913272  0.000e+00
       1522     11.792    14.2270   3.397690     2.0561     2.0049     0.0040  0.0913272  0.000e+00
       1523     11.768    14.2260   3.397626     2.0488     1.9975     0.0040  0.0913272  0.000e+00
       1524     11.850    14.2265   3.397719     2.0439     1.9902     0.0040  0.0913272  0.000e+00
       1525     11.850    14.2300   3.397812     2.0366     1.9841     0.0040  0.0913272  0.000e+00
       1526     11.850    14.2258   3.397725     2.0280     1.9768     0.0040  0.0913272  0.000e+00
       1527     11.957    14.2127   3.397155     2.0195     1.9694     0.0040  0.0913272  0.000e+00
       1528     11.916    14.2020   3.396503     2.0122     1.9621     0.0040  0.0908388  0.000e+00
       1529     11.974    14.1835   3.396131     2.0061     1.9560     0.0040  0.0908388  0.000e+00
       1530     11.974    14.1617   3.395957     2.0000     1.9487     0.0040  0.0908388  0.000e+00
       1531     11.957    14.1459   3.395795     1.9914     1.9414     0.0040  0.0908388  0.000e+00
       1532     12.040    14.1368   3.395603     1.9829     1.9340     0.0040  0.0908388  0.000e+00
       1533     12.040    14.1319   3.395795     1.9755     1.9279     0.0040  0.0908388  0.000e+00
       1534     12.097    14.1274   3.395981     1.9707     1.9206     0.0040  0.0908388  0.000e+00
       1535     12.073    14.1218   3.396184     1.9633     1.9145     0.0040  0.0908388  0.000e+00
       1536     12.097    14.1171   3.396115     1.9548     1.9059     0.0040  0.0908388  0.000e+00
       1537     12.097    14.1139   3.396318     1.9462     1.8998     0.0040  0.0908388  0.000e+00
       1538     12.155    14.1104   3.396243     1.9389     1.8937     0.0040  0.0908388  0.000e+00
       1539     12.196    14.1079   3.396388     1.9340     1.8864     0.0040  0.0913272  0.000e+00
       1540     12.221    14.1075   3.396423     1.9267     1.8803     0.0040  0.0908388  0.000e+00
       1541     12.221    14.1042   3.396766     1.9181     1.8730     0.0040  0.0908388  0.000e+00
       1542     12.221    14.0998   3.396941     1.9096     1.8669     0.0040  0.0908388  0.000e+00
       1543     12.262    14.0978   3.397226     1.9035     1.8595     0.0040  0.0908388  0.000e+00
       1544     12.345    14.0940   3.397209     1.8974     1.8534     0.0040  0.0908388  0.000e+00
       1545     12.279    14.0836   3.397278     1.8901     1.8473     0.0040  0.0908388  0.000e+00
       1546     12.345    14.0709   3.397232     1.8827     1.8412     0.0040  0.0908388  0.000e+00
       1547     12.386    14.0583   3.397424     1.8742     1.8339     0.0040  0.0908388  0.000e+00
       1548     12.402    14.0462   3.397436     1.8681     1.8278     0.0040  0.0908388  0.000e+00
       1549     12.345    14.0326   3.397616     1.8620     1.8217     0.0040  0.0908388  0.000e+00
       1550     12.460    13.9952   3.397780     1.8547     1.8156     0.0040  0.0913272  0.000e+00
       1551     12.444    13.9514   3.398275     1.8473     1.8095     0.0040  0.0908388  0.000e+00
       1552     12.460    13.9141   3.398450     1.8400     1.8034     0.0037  0.0903504  0.000e+00
       1553     12.526    13.8692   3.398497     1.8339     1.7973     0.0037  0.0903504  0.000e+00
       1554     12.460    13.8373   3.398427     1.8290     1.7912     0.0035  0.0903504  0.000e+00
       1555     12.567    13.8223   3.398346     1.8217     1.7863     0.0037  0.0903504  0.000e+00
       1556     12.584    13.8124   3.398404     1.8144     1.7802     0.0037  0.0903504  0.000e+00
       1557     12.584    13.8017   3.398305     1.8082     1.7741     0.0037  0.0903504  0.000e+00
       1558     12.584    13.7865   3.398323     1.8034     1.7692     0.0037  0.0903504  0.000e+00
       1559     12.625    13.7681   3.398172     1.7973     1.7643     0.0037  0.0903504  0.000e+00
       1560     12.707    13.7450   3.398009     1.7912     1.7594     0.0037  0.0903504  0.000e+00
       1561     12.650    13.7278   3.397736     1.7850     1.7545     0.0037  0.0903504  0.000e+00
       1562     12.707    13.7162   3.397800     1.7802     1.7484     0.0037  0.0903504  0.000e+00
       1563     12.749    13.7050   3.397597     1.7741     1.7435     0.0037  0.0903504  0.000e+00
       1564     12.707    13.6925   3.397504     1.7680     1.7387     0.0037  0.0903504  0.000e+00
       1565     12.831    13.6894   3.397143     1.7618     1.7338     0.0037  0.0903504  0.000e+00
       1566     12.773    13.6918   3.396992     1.7557     1.7277     0.0037  0.0903504  0.000e+00
       1567     12.815    13.6923   3.396719     1.7509     1.7240     0.0037  0.0903504  0.000e+00
       1568     12.831    13.6789   3.396434     1.7460     1.7203     0.0037  0.0903504  0.000e+00
       1569     12.889    13.6466   3.396184     1.7399     1.7155     0.0037  0.0903504  0.000e+00
       1570     12.889    13.6100   3.396388     1.7350     1.7106     0.0037  0.0903504  0.000e+00
       1571     12.930    13.5738   3.396493     1.7289     1.7069     0.0037  0.0903504  0.000e+00
       1572     12.889    13.5413   3.396575     1.7240     1.7020     0.0037  0.0903504  0.000e+00
       1573     13.012    13.5371   3.396110     1.7215     1.6971     0.0037  0.0903504  0.000e+00
       1574     12.955    13.5356   3.395953     1.7142     1.6947     0.0037  0.0903504  0.000e+00
       1575     13.012    13.5128   3.396174     1.7093     1.6886     0.0037  0.0903504  0.000e+00
       1576     13.054    13.4791   3.396814     1.7032     1.6849     0.0037  0.0903504  0.000e+00
       1577     13.012    13.4413   3.397222     1.6996     1.6813     0.0037  0.0903504  0.000e+00
       1578     13.078    13.3959   3.397595     1.6971     1.6764     0.0037  0.0903504  0.000e+00
       1579     13.136    13.3628   3.397717     1.6922     1.6727     0.0037  0.0903504  0.000e+00
       1580     13.054    13.3450   3.397956     1.6849     1.6678     0.0037  0.0903504  0.000e+00
       1581     13.194    13.3338   3.397776     1.6825     1.6654     0.0037  0.0903504  0.000e+00
       1582     13.136    13.3222   3.397694     1.6776     1.6605     0.0037  0.0903504  0.000e+00
       1583     13.194    13.3171   3.397508     1.6727     1.6568     0.0037  0.0903504  0.000e+00
       1584     13.235    13.3192   3.397409     1.6678     1.6532     0.0037  0.0903504  0.000e+00
       1585     13.194    13.3178   3.397223     1.6629     1.6495     0.0037  0.0903504  0.000e+00
       1586     13.260    13.3150   3.397136     1.6581     1.6446     0.0037  0.0903504  0.000e+00
       1587     13.260    13.3123   3.396903     1.6556     1.6410     0.0037  0.0903504  0.000e+00
       1588     13.359    13.3051   3.396845     1.6507     1.6373     0.0037  0.0903504  0.000e+00
       1589     13.317    13.2793   3.397067     1.6458     1.6336     0.0037  0.0903504  0.000e+00
       1590     13.317    13.2520   3.397881     1.6422     1.6300     0.0037  0.0903504  0.000e+00
       1591     13.383    13.2300   3.398568     1.6385     1.6263     0.0037  0.0903504  0.000e+00
       1592     13.383    13.2089   3.399214     1.6349     1.6226     0.0037  0.0903504  0.000e+00
       1593     13.425    13.1939   3.399633     1.6300     1.6190     0.0037  0.0903504  0.000e+00
       1594     13.441    13.1777   3.400133     1.6251     1.6165     0.0037  0.0903504  0.000e+00
       1595     13.507    13.1626   3.400570     1.6214     1.6129     0.0037  0.0903504  0.000e+00
       1596     13.441    13.1475   3.400809     1.6190     1.6092     0.0037  0.0903504  0.000e+00
       1597     13.548    13.1274   3.401152     1.6153     1.6056     0.0037  0.0903504  0.000e+00
       1598     13.507    13.1061   3.401478     1.6104     1.6031     0.0037  0.0903504  0.000e+00
       1599     13.565    13.0898   3.401857     1.6055     1.5982     0.0037  0.0903504  0.000e+00
       1600     13.622    13.0784   3.402276     1.6019     1.5970     0.0037  0.0903504  0.000e+00
