data/2021/ctd_data_day2/station5.cnv
* Sea-Bird SBE 9 Data File:
* FileName = C:\Users\CTD-User\Desktop\MAR440\day2\station5.hex
* Software Version Seasave V 7.26.2.13
* Temperature SN = 6313
* Conductivity SN = 4758
* Number of Bytes Per Scan = 37
* Number of Voltage Words = 4
* Number of Scans Averaged by the Deck Unit = 1
* NMEA Latitude = 58 19.20 N
* NMEA Longitude = 011 48.71 E
* NMEA UTC (Time) = Sep 22 2021 10:20:22
* NMEA baud rate = 4800
** Ship: Skagerrak
** Station: station5
** Operator: group2blu
# nquan = 9
# nvalues = 5019                                  
# units = specified
# name 0 = scan: Scan Count
# name 1 = prDM: Pressure, Digiquartz [db]
# name 2 = t090C: Temperature [ITS-90, deg C]
# name 3 = c0S/m: Conductivity [S/m]
# name 4 = sbeox0V: Oxygen raw, SBE 43 [V]
# name 5 = sbeox1V: Oxygen raw, SBE 43, 2 [V]
# name 6 = flECO-AFL: Fluorescence, WET Labs ECO-AFL/FL [mg/m^3]
# name 7 = upoly0: Upoly 0, Turbidity
# name 8 = flag:  0.000e+00
# span 0 =          1,       5019                 
# span 1 =      0.359,     26.579                 
# span 2 =    11.2578,    16.2563                 
# span 3 =  -0.000784,   3.806451                 
# span 4 =     0.9253,     2.9597                 
# span 5 =     1.0182,     2.8608                 
# span 6 =     0.0020,     0.0522                 
# span 7 =  0.0800940,  0.1792393                 
# span 8 = 0.0000e+00, 0.0000e+00                 
# interval = seconds: 0.0416667
# start_time = Sep 22 2021 10:20:22 [NMEA time, header]
# bad_flag = -9.990e-29
*END*
[from data line 1121]
       1122      1.499    14.6612   2.898407     2.3101     2.2369     0.0048  0.1675177  0.000e+00
       1123      1.408    14.6613   2.898440     2.3089     2.2369     0.0048  0.1675177  0.000e+00
       1124      1.498    14.6613   2.898462     2.3089     2.2369     0.0048  0.1675177  0.000e+00
       1125      1.408    14.6613   2.898336     2.3089     2.2369     0.0048  0.1675177  0.000e+00
       1126      1.498    14.6611   2.898314     2.3077     2.2369     0.0048  0.1675177  0.000e+00
       1127      1.474    14.6613   2.898407     2.3077     2.2369     0.0048  0.1675177  0.000e+00
       1128      1.441    14.6612   2.898473     2.3065     2.2369     0.0048  0.1675177  0.000e+00
       1129      1.408    14.6611   2.898484     2.3065     2.2369     0.0048  0.1675177  0.000e+00
       1130      1.441    14.6611   2.898506     2.3052     2.2369     0.0048  0.1675177  0.000e+00
       1131      1.473    14.6608   2.898517     2.3052     2.2369     0.0048  0.1675177  0.000e+00
       1132      1.440    14.6606   2.898517     2.3040     2.2381     0.0048  0.1675177  0.000e+00
       1133      1.473    14.6606   2.898347     2.3040     2.2381     0.0048  0.1675177  0.000e+00
       1134      1.374    14.6606   2.898298     2.3028     2.2381     0.0048  0.1675177  0.000e+00
       1135      1.473    14.6606   2.898276     2.3028     2.2381     0.0048  0.1675177  0.000e+00
       1136      1.440    14.6606   2.898331     2.3016     2.2381     0.0048  0.1675177  0.000e+00
       1137      1.407    14.6608   2.898385     2.3004     2.2393     0.0048  0.1680061  0.000e+00
       1138      1.440    14.6606   2.898468     2.3004     2.2381     0.0048  0.1675177  0.000e+00
       1139      1.407    14.6608   2.898446     2.2991     2.2393     0.0048  0.1680061  0.000e+00
       1140      1.440    14.6609   2.898353     2.2991     2.2393     0.0046  0.1694713  0.000e+00
       1141      1.407    14.6610   2.898303     2.2979     2.2393     0.0046  0.1704481  0.000e+00
       1142      1.374    14.6611   2.898216     2.2979     2.2393     0.0046  0.1704481  0.000e+00
       1143      1.440    14.6611   2.898194     2.2979     2.2393     0.0046  0.1704481  0.000e+00
       1144      1.407    14.6612   2.898249     2.2979     2.2393     0.0046  0.1699597  0.000e+00
       1145      1.440    14.6613   2.898287     2.2967     2.2393     0.0046  0.1699597  0.000e+00
       1146      1.407    14.6613   2.898358     2.2967     2.2405     0.0046  0.1704481  0.000e+00
       1147      1.440    14.6612   2.898298     2.2955     2.2393     0.0046  0.1699597  0.000e+00
       1148      1.407    14.6611   2.898249     2.2955     2.2405     0.0046  0.1699597  0.000e+00
       1149      1.440    14.6611   2.898221     2.2943     2.2405     0.0046  0.1699597  0.000e+00
       1150      1.473    14.6608   2.898199     2.2943     2.2405     0.0046  0.1699597  0.000e+00
       1151      1.440    14.6611   2.898292     2.2930     2.2393     0.0046  0.1699597  0.000e+00
       1152      1.473    14.6608   2.898364     2.2918     2.2405     0.0046  0.1699597  0.000e+00
       1153      1.440    14.6610   2.898358     2.2918     2.2393     0.0046  0.1699597  0.000e+00
       1154      1.473    14.6611   2.898385     2.2918     2.2393     0.0046  0.1699597  0.000e+00
       1155      1.439    14.6609   2.898385     2.2918     2.2393     0.0046  0.1704481  0.000e+00
       1156      1.472    14.6612   2.898314     2.2906     2.2393     0.0046  0.1704481  0.000e+00
       1157      1.439    14.6613   2.898298     2.2906     2.2393     0.0046  0.1699597  0.000e+00
       1158      1.472    14.6613   2.898298     2.2906     2.2393     0.0046  0.1704481  0.000e+00
       1159      1.439    14.6612   2.898396     2.2894     2.2393     0.0046  0.1704481  0.000e+00
       1160      1.472    14.6611   2.898473     2.2882     2.2393     0.0046  0.1699597  0.000e+00
       1161      1.439    14.6613   2.898506     2.2882     2.2381     0.0046  0.1699597  0.000e+00
       1162      1.472    14.6612   2.898468     2.2882     2.2393     0.0046  0.1699597  0.000e+00
       1163      1.439    14.6611   2.898457     2.2869     2.2393     0.0046  0.1704481  0.000e+00
       1164      1.472    14.6609   2.898440     2.2869     2.2393     0.0046  0.1704481  0.000e+00
       1165      1.439    14.6611   2.898391     2.2857     2.2381     0.0046  0.1704481  0.000e+00
       1166      1.472    14.6608   2.898418     2.2857     2.2381     0.0046  0.1704481  0.000e+00
       1167      1.497    14.6609   2.898473     2.2857     2.2381     0.0046  0.1699597  0.000e+00
       1168      1.406    14.6609   2.898489     2.2845     2.2381     0.0046  0.1704481  0.000e+00
       1169      1.439    14.6608   2.898506     2.2845     2.2381     0.0046  0.1704481  0.000e+00
       1170      1.472    14.6608   2.898588     2.2833     2.2381     0.0046  0.1699597  0.000e+00
       1171      1.439    14.6606   2.898517     2.2833     2.2381     0.0046  0.1699597  0.000e+00
       1172      1.472    14.6606   2.898446     2.2820     2.2381     0.0046  0.1704481  0.000e+00
       1173      1.373    14.6606   2.898391     2.2820     2.2381     0.0046  0.1704481  0.000e+00
       1174      1.472    14.6608   2.898358     2.2808     2.2381     0.0046  0.1704481  0.000e+00
       1175      1.439    14.6612   2.898413     2.2808     2.2381     0.0046  0.1704481  0.000e+00
       1176      1.348    14.6615   2.898517     2.2808     2.2381     0.0046  0.1704481  0.000e+00
       1177      1.496    14.6615   2.898500     2.2796     2.2381     0.0046  0.1704481  0.000e+00
       1178      1.372    14.6617   2.898500     2.2796     2.2381     0.0046  0.1704481  0.000e+00
       1179      1.471    14.6620   2.898511     2.2784     2.2381     0.0046  0.1704481  0.000e+00
       1180      1.372    14.6620   2.898517     2.2784     2.2369     0.0046  0.1699597  0.000e+00
       1181      1.471    14.6620   2.898369     2.2772     2.2369     0.0046  0.1704481  0.000e+00
       1182      1.438    14.6620   2.898407     2.2772     2.2369     0.0046  0.1704481  0.000e+00
       1183      1.405    14.6616   2.898413     2.2772     2.2369     0.0046  0.1699597  0.000e+00
       1184      1.496    14.6620   2.898506     2.2759     2.2369     0.0046  0.1699597  0.000e+00
       1185      1.405    14.6615   2.898511     2.2759     2.2369     0.0046  0.1704481  0.000e+00
       1186      1.496    14.6616   2.898489     2.2747     2.2369     0.0046  0.1699597  0.000e+00
       1187      1.405    14.6617   2.898468     2.2747     2.2356     0.0046  0.1704481  0.000e+00
       1188      1.496    14.6618   2.898522     2.2735     2.2356     0.0046  0.1699597  0.000e+00
       1189      1.405    14.6616   2.898544     2.2735     2.2356     0.0046  0.1704481  0.000e+00
       1190      1.496    14.6615   2.898583     2.2723     2.2344     0.0046  0.1699597  0.000e+00
       1191      1.471    14.6613   2.898533     2.2723     2.2344     0.0051  0.1704481  0.000e+00
       1192      1.438    14.6616   2.898533     2.2723     2.2344     0.0051  0.1704481  0.000e+00
       1193      1.471    14.6617   2.898615     2.2723     2.2332     0.0051  0.1704481  0.000e+00
       1194      1.495    14.6621   2.898588     2.2711     2.2332     0.0051  0.1704481  0.000e+00
       1195      1.528    14.6623   2.898610     2.2711     2.2332     0.0051  0.1704481  0.000e+00
       1196      1.495    14.6623   2.898561     2.2698     2.2320     0.0051  0.1704481  0.000e+00
       1197      1.471    14.6626   2.898561     2.2698     2.2320     0.0051  0.1704481  0.000e+00
       1198      1.495    14.6626   2.898506     2.2698     2.2320     0.0051  0.1704481  0.000e+00
       1199      1.528    14.6631   2.898550     2.2686     2.2308     0.0051  0.1704481  0.000e+00
       1200      1.495    14.6630   2.898670     2.2686     2.2308     0.0051  0.1704481  0.000e+00
       1201      1.528    14.6637   2.898637     2.2686     2.2295     0.0051  0.1704481  0.000e+00
       1202      1.495    14.6637   2.898703     2.2674     2.2295     0.0051  0.1704481  0.000e+00
       1203      1.528    14.6640   2.898654     2.2674     2.2283     0.0051  0.1704481  0.000e+00
       1204      1.561    14.6640   2.898643     2.2662     2.2283     0.0051  0.1704481  0.000e+00
       1205      1.528    14.6641   2.898588     2.2662     2.2259     0.0051  0.1704481  0.000e+00
       1206      1.561    14.6640   2.898572     2.2662     2.2271     0.0051  0.1704481  0.000e+00
       1207      1.594    14.6641   2.898550     2.2650     2.2259     0.0051  0.1704481  0.000e+00
       1208      1.495    14.6640   2.898665     2.2637     2.2247     0.0051  0.1704481  0.000e+00
       1209      1.618    14.6640   2.898780     2.2637     2.2247     0.0051  0.1704481  0.000e+00
       1210      1.528    14.6640   2.898829     2.2637     2.2234     0.0051  0.1704481  0.000e+00
       1211      1.618    14.6640   2.898856     2.2637     2.2222     0.0051  0.1704481  0.000e+00
       1212      1.528    14.6638   2.898643     2.2625     2.2222     0.0051  0.1704481  0.000e+00
       1213      1.618    14.6638   2.898670     2.2613     2.2210     0.0051  0.1704481  0.000e+00
       1214      1.593    14.6638   2.898687     2.2613     2.2198     0.0051  0.1704481  0.000e+00
       1215      1.618    14.6638   2.898741     2.2613     2.2198     0.0051  0.1704481  0.000e+00
       1216      1.593    14.6638   2.898796     2.2601     2.2186     0.0051  0.1699597  0.000e+00
       1217      1.618    14.6641   2.898911     2.2601     2.2173     0.0049  0.1689829  0.000e+00
       1218      1.651    14.6643   2.898747     2.2601     2.2186     0.0049  0.1689829  0.000e+00
       1219      1.618    14.6645   2.898763     2.2588     2.2161     0.0049  0.1689829  0.000e+00
       1220      1.651    14.6643   2.898708     2.2588     2.2149     0.0048  0.1689829  0.000e+00
       1221      1.618    14.6645   2.898741     2.2576     2.2149     0.0049  0.1689829  0.000e+00
       1222      1.651    14.6643   2.898780     2.2576     2.2137     0.0049  0.1689829  0.000e+00
       1223      1.675    14.6643   2.898780     2.2576     2.2124     0.0049  0.1689829  0.000e+00
       1224      1.708    14.6643   2.898906     2.2564     2.2124     0.0049  0.1694713  0.000e+00
       1225      1.675    14.6641   2.898829     2.2564     2.2112     0.0049  0.1689829  0.000e+00
       1226      1.708    14.6641   2.898823     2.2564     2.2100     0.0049  0.1689829  0.000e+00
       1227      1.675    14.6640   2.898818     2.2564     2.2088     0.0049  0.1694713  0.000e+00
       1228      1.708    14.6640   2.898873     2.2552     2.2088     0.0049  0.1689829  0.000e+00
       1229      1.741    14.6638   2.898851     2.2552     2.2076     0.0049  0.1689829  0.000e+00
       1230      1.774    14.6637   2.898922     2.2540     2.2063     0.0049  0.1689829  0.000e+00
       1231      1.741    14.6637   2.898938     2.2540     2.2051     0.0049  0.1689829  0.000e+00
       1232      1.774    14.6635   2.898966     2.2527     2.2039     0.0049  0.1694713  0.000e+00
       1233      1.799    14.6635   2.898911     2.2527     2.2039     0.0049  0.1689829  0.000e+00
       1234      1.799    14.6633   2.898993     2.2527     2.2027     0.0049  0.1689829  0.000e+00
       1235      1.774    14.6633   2.899032     2.2527     2.2015     0.0049  0.1689829  0.000e+00
       1236      1.864    14.6635   2.898949     2.2527     2.2002     0.0049  0.1694713  0.000e+00
       1237      1.831    14.6633   2.898960     2.2515     2.1990     0.0049  0.1689829  0.000e+00
       1238      1.798    14.6631   2.899048     2.2515     2.1978     0.0049  0.1694713  0.000e+00
       1239      1.897    14.6633   2.899043     2.2515     2.1978     0.0049  0.1689829  0.000e+00
       1240      1.864    14.6638   2.899032     2.2503     2.1966     0.0049  0.1689829  0.000e+00
       1241      1.897    14.6637   2.898988     2.2503     2.1954     0.0049  0.1694713  0.000e+00
       1242      1.922    14.6637   2.898993     2.2491     2.1941     0.0051  0.1704481  0.000e+00
       1243      1.897    14.6637   2.899021     2.2491     2.1941     0.0051  0.1709365  0.000e+00
       1244      1.922    14.6633   2.899048     2.2491     2.1929     0.0051  0.1709365  0.000e+00
       1245      1.955    14.6632   2.899026     2.2479     2.1917     0.0051  0.1709365  0.000e+00
       1246      1.922    14.6633   2.898988     2.2479     2.1905     0.0051  0.1709365  0.000e+00
       1247      1.955    14.6633   2.898993     2.2479     2.1905     0.0051  0.1709365  0.000e+00
       1248      1.979    14.6633   2.899004     2.2479     2.1893     0.0051  0.1709365  0.000e+00
       1249      2.012    14.6633   2.898982     2.2466     2.1880     0.0051  0.1709365  0.000e+00
       1250      1.979    14.6633   2.898993     2.2466     2.1868     0.0051  0.1709365  0.000e+00
       1251      2.012    14.6635   2.899021     2.2466     2.1856     0.0051  0.1709365  0.000e+00
       1252      2.045    14.6635   2.899043     2.2466     2.1856     0.0051  0.1709365  0.000e+00
       1253      2.012    14.6635   2.899097     2.2454     2.1844     0.0051  0.1709365  0.000e+00
       1254      2.045    14.6635   2.898988     2.2454     2.1831     0.0051  0.1709365  0.000e+00
       1255      2.103    14.6638   2.898884     2.2442     2.1831     0.0051  0.1709365  0.000e+00
       1256      2.078    14.6638   2.898906     2.2442     2.1819     0.0051  0.1709365  0.000e+00
       1257      2.103    14.6645   2.899004     2.2442     2.1807     0.0051  0.1709365  0.000e+00
       1258      2.135    14.6667   2.899174     2.2442     2.1795     0.0051  0.1709365  0.000e+00
       1259      2.102    14.6699   2.899130     2.2442     2.1795     0.0051  0.1709365  0.000e+00
       1260      2.201    14.6727   2.899169     2.2430     2.1783     0.0051  0.1709365  0.000e+00
       1261      2.102    14.6753   2.899048     2.2430     2.1770     0.0051  0.1709365  0.000e+00
       1262      2.201    14.6768   2.898982     2.2430     2.1770     0.0051  0.1709365  0.000e+00
       1263      2.226    14.6780   2.899037     2.2430     2.1758     0.0051  0.1709365  0.000e+00
       1264      2.201    14.6792   2.899059     2.2418     2.1746     0.0051  0.1709365  0.000e+00
       1265      2.226    14.6808   2.899119     2.2418     2.1734     0.0051  0.1709365  0.000e+00
       1266      2.201    14.6829   2.899212     2.2418     2.1734     0.0051  0.1709365  0.000e+00
       1267      2.292    14.6850   2.899223     2.2405     2.1722     0.0053  0.1704481  0.000e+00
       1268      2.259    14.6875   2.899141     2.2405     2.1709     0.0053  0.1699597  0.000e+00
       1269      2.292    14.6903   2.899130     2.2405     2.1697     0.0053  0.1694713  0.000e+00
       1270      2.324    14.6937   2.899157     2.2405     2.1697     0.0053  0.1694713  0.000e+00
       1271      2.349    14.6983   2.899229     2.2393     2.1685     0.0053  0.1694713  0.000e+00
       1272      2.225    14.7038   2.899168     2.2393     2.1673     0.0053  0.1694713  0.000e+00
       1273      2.440    14.7086   2.899212     2.2393     2.1661     0.0053  0.1694713  0.000e+00
       1274      2.349    14.7132   2.899245     2.2393     2.1648     0.0053  0.1694713  0.000e+00
       1275      2.382    14.7167   2.899185     2.2393     2.1648     0.0053  0.1694713  0.000e+00
       1276      2.407    14.7199   2.899124     2.2381     2.1636     0.0053  0.1704481  0.000e+00
       1277      2.440    14.7231   2.899130     2.2381     2.1624     0.0053  0.1694713  0.000e+00
       1278      2.407    14.7255   2.899261     2.2369     2.1624     0.0053  0.1694713  0.000e+00
       1279      2.505    14.7274   2.899256     2.2369     2.1612     0.0053  0.1694713  0.000e+00
       1280      2.406    14.7290   2.899288     2.2369     2.1599     0.0053  0.1694713  0.000e+00
