data/2021/ctd_data_day2/station10_ctm_fil_le_der.cnv
* Sea-Bird SBE 9 Data File:
* FileName = C:\Users\CTD-User\Desktop\MAR440\day2\station10.hex
* Software Version Seasave V 7.26.2.13
* Temperature SN = 6313
* Conductivity SN = 4758
* Number of Bytes Per Scan = 37
* Number of Voltage Words = 4
* Number of Scans Averaged by the Deck Unit = 1
* NMEA Latitude = 58 20.25 N
* NMEA Longitude = 011 53.24 E
* NMEA UTC (Time) = Sep 22 2021 12:19:36
* NMEA baud rate = 4800
** Ship: Skagerrak
** Station: station10
** Operator: group2green
# nquan = 13                                
# nvalues = 2945                        
# units = specified
# name 0 = scan: Scan Count
# name 1 = prDM: Pressure, Digiquartz [db]
# name 2 = t090C: Temperature [ITS-90, deg C]
# name 3 = c0S/m: Conductivity [S/m]
# name 4 = sbeox0V: Oxygen raw, SBE 43 [V]
# name 5 = sbeox1V: Oxygen raw, SBE 43, 2 [V]
# name 6 = flECO-AFL: Fluorescence, WET Labs ECO-AFL/FL [mg/m^3]
# name 7 = upoly0: Upoly 0, Turbidity
# name 8 = depSM: Depth [salt water, m], lat = 58.3375
# name 9 = sal00: Salinity, Practical [PSU]
# name 10 = sbeox0ML/L: Oxygen, SBE 43 [ml/l], WS = 2
# name 11 = sbeox1ML/L: Oxygen, SBE 43, 2 [ml/l], WS = 2
# name 12 = flag: flag
# span 0 =          1,       2945       
# span 1 =      1.437,     39.632       
# span 2 =     7.9679,    15.8524       
# span 3 =   2.829968,   3.458167       
# span 4 =     0.4799,     2.9159       
# span 5 =     0.5511,     2.8625       
# span 6 =     0.0033,     0.0148       
# span 7 =  0.0884141,  0.2199261       
# span 8 =      1.424,     39.260       
# span 9 =    21.9960,    32.1326       
# span 10 =    -0.1130,     7.2268      
# span 11 =     0.2181,     6.1806      
# span 12 = 0.0000e+00, 0.0000e+00      
# interval = seconds: 0.0416667
# start_time = Sep 22 2021 12:19:36 [NMEA time, header]
# bad_flag = -9.990e-29
*END*
[from data line 1334]
       1335      6.855    15.1858   2.943165     2.8260     2.7635     0.0059  0.1611996      6.791    22.9201     6.8069     5.7972 0.0000e+00
       1336      6.876    15.1871   2.943525     2.8256     2.7631     0.0059  0.1607930      6.812    22.9224     6.8059     5.7964 0.0000e+00
       1337      6.898    15.1885   2.943906     2.8252     2.7627     0.0059  0.1603736      6.834    22.9249     6.8048     5.7956 0.0000e+00
       1338      6.919    15.1900   2.944310     2.8248     2.7624     0.0059  0.1599385      6.855    22.9274     6.8037     5.7950 0.0000e+00
       1339      6.940    15.1916   2.944739     2.8244     2.7620     0.0059  0.1594847      6.875    22.9302     6.8026     5.7941 0.0000e+00
       1340      6.961    15.1933   2.945197     2.8240     2.7616     0.0059  0.1590089      6.896    22.9331     6.8015     5.7932 0.0000e+00
       1341      6.983    15.1951   2.945684     2.8236     2.7613     0.0059  0.1585148      6.918    22.9362     6.8003     5.7926 0.0000e+00
       1342      7.004    15.1970   2.946199     2.8232     2.7609     0.0060  0.1580217      6.939    22.9395     6.7992     5.7916 0.0000e+00
       1343      7.025    15.1990   2.946739     2.8228     2.7606     0.0060  0.1575534      6.960    22.9430     6.7980     5.7909 0.0000e+00
       1344      7.046    15.2010   2.947305     2.8224     2.7603     0.0060  0.1571194      6.980    22.9467     6.7968     5.7902 0.0000e+00
       1345      7.067    15.2031   2.947899     2.8220     2.7599     0.0060  0.1567185      7.001    22.9506     6.7956     5.7892 0.0000e+00
       1346      7.088    15.2053   2.948519     2.8216     2.7596     0.0060  0.1563468      7.022    22.9546     6.7943     5.7884 0.0000e+00
       1347      7.109    15.2075   2.949166     2.8213     2.7592     0.0060  0.1560011      7.043    22.9588     6.7933     5.7873 0.0000e+00
       1348      7.130    15.2099   2.949844     2.8209     2.7589     0.0060  0.1556789      7.064    22.9633     6.7921     5.7865 0.0000e+00
       1349      7.151    15.2124   2.950558     2.8205     2.7586     0.0060  0.1553780      7.084    22.9679     6.7907     5.7857 0.0000e+00
       1350      7.172    15.2150   2.951311     2.8201     2.7582     0.0060  0.1550971      7.105    22.9728     6.7894     5.7845 0.0000e+00
       1351      7.192    15.2177   2.952107     2.8198     2.7579     0.0060  0.1548351      7.125    22.9781     6.7883     5.7836 0.0000e+00
       1352      7.213    15.2205   2.952947     2.8194     2.7576     0.0060  0.1545894      7.146    22.9837     6.7869     5.7826 0.0000e+00
       1353      7.234    15.2235   2.953831     2.8191     2.7573     0.0060  0.1543573      7.167    22.9895     6.7858     5.7817 0.0000e+00
       1354      7.255    15.2266   2.954763     2.8187     2.7570     0.0060  0.1541374      7.187    22.9957     6.7844     5.7806 0.0000e+00
       1355      7.275    15.2298   2.955737     2.8183     2.7567     0.0060  0.1539271      7.207    23.0021     6.7829     5.7796 0.0000e+00
       1356      7.296    15.2331   2.956747     2.8180     2.7563     0.0060  0.1537242      7.228    23.0089     6.7818     5.7783 0.0000e+00
       1357      7.317    15.2364   2.957785     2.8176     2.7560     0.0060  0.1535281      7.249    23.0158     6.7803     5.7772 0.0000e+00
       1358      7.337    15.2400   2.958853     2.8173     2.7557     0.0060  0.1533392      7.269    23.0229     6.7791     5.7760 0.0000e+00
       1359      7.358    15.2437   2.959964     2.8169     2.7554     0.0060  0.1531561      7.289    23.0302     6.7775     5.7749 0.0000e+00
       1360      7.379    15.2476   2.961130     2.8166     2.7551     0.0060  0.1529768      7.310    23.0379     6.7762     5.7737 0.0000e+00
       1361      7.399    15.2517   2.962362     2.8162     2.7548     0.0059  0.1527999      7.330    23.0461     6.7745     5.7725 0.0000e+00
       1362      7.420    15.2561   2.963669     2.8159     2.7545     0.0060  0.1526234      7.351    23.0547     6.7731     5.7711 0.0000e+00
       1363      7.441    15.2608   2.965053     2.8156     2.7542     0.0060  0.1524452      7.372    23.0638     6.7716     5.7698 0.0000e+00
       1364      7.461    15.2656   2.966512     2.8153     2.7539     0.0060  0.1522641      7.392    23.0735     6.7700     5.7684 0.0000e+00
       1365      7.482    15.2707   2.968047     2.8149     2.7537     0.0060  0.1520797      7.412    23.0837     6.7681     5.7672 0.0000e+00
       1366      7.503    15.2759   2.969655     2.8146     2.7534     0.0060  0.1518924      7.433    23.0944     6.7664     5.7657 0.0000e+00
       1367      7.523    15.2813   2.971331     2.8143     2.7531     0.0057  0.1517042      7.453    23.1056     6.7646     5.7642 0.0000e+00
       1368      7.543    15.2867   2.973063     2.8140     2.7528     0.0055  0.1515198      7.473    23.1173     6.7628     5.7626 0.0000e+00
       1369      7.564    15.2922   2.974836     2.8137     2.7525     0.0055  0.1513422      7.494    23.1292     6.7609     5.7610 0.0000e+00
       1370      7.584    15.2978   2.976641     2.8134     2.7522     0.0055  0.1511710      7.513    23.1414     6.7590     5.7594 0.0000e+00
       1371      7.605    15.3033   2.978478     2.8131     2.7520     0.0055  0.1510042      7.534    23.1539     6.7570     5.7580 0.0000e+00
       1372      7.625    15.3089   2.980359     2.8128     2.7517     0.0055  0.1508388      7.554    23.1667     6.7550     5.7563 0.0000e+00
       1373      7.646    15.3146   2.982306     2.8125     2.7514     0.0055  0.1506738      7.575    23.1800     6.7528     5.7545 0.0000e+00
       1374      7.666    15.3205   2.984344     2.8122     2.7511     0.0055  0.1505088      7.595    23.1940     6.7506     5.7527 0.0000e+00
       1375      7.687    15.3265   2.986491     2.8119     2.7509     0.0055  0.1503427      7.615    23.2089     6.7483     5.7511 0.0000e+00
       1376      7.707    15.3328   2.988759     2.8117     2.7506     0.0055  0.1501752      7.635    23.2246     6.7461     5.7491 0.0000e+00
       1377      7.728    15.3393   2.991152     2.8114     2.7504     0.0055  0.1500051      7.656    23.2412     6.7436     5.7472 0.0000e+00
       1378      7.748    15.3459   2.993661     2.8112     2.7501     0.0055  0.1498304      7.676    23.2588     6.7412     5.7451 0.0000e+00
       1379      7.769    15.3527   2.996276     2.8109     2.7499     0.0055  0.1496499      7.697    23.2772     6.7384     5.7431 0.0000e+00
       1380      7.789    15.3597   2.998985     2.8106     2.7496     0.0055  0.1494614      7.716    23.2962     6.7355     5.7407 0.0000e+00
       1381      7.810    15.3667   3.001787     2.8104     2.7494     0.0055  0.1492629      7.737    23.3161     6.7328     5.7385 0.0000e+00
       1382      7.830    15.3739   3.004686     2.8101     2.7491     0.0055  0.1490529      7.757    23.3367     6.7296     5.7359 0.0000e+00
       1383      7.851    15.3813   3.007695     2.8098     2.7489     0.0055  0.1488299      7.778    23.3580     6.7263     5.7335 0.0000e+00
       1384      7.871    15.3890   3.010833     2.8095     2.7486     0.0055  0.1485925      7.798    23.3803     6.7229     5.7306 0.0000e+00
       1385      7.892    15.3969   3.014119     2.8092     2.7484     0.0055  0.1483398      7.818    23.4038     6.7192     5.7279 0.0000e+00
       1386      7.913    15.4050   3.017558     2.8089     2.7481     0.0055  0.1480709      7.839    23.4284     6.7154     5.7247 0.0000e+00
       1387      7.933    15.4133   3.021136     2.8086     2.7479     0.0055  0.1477830      7.859    23.4541     6.7114     5.7217 0.0000e+00
       1388      7.954    15.4217   3.024828     2.8083     2.7476     0.0055  0.1474734      7.880    23.4807     6.7073     5.7182 0.0000e+00
       1389      7.974    15.4301   3.028602     2.8080     2.7474     0.0055  0.1471399      7.900    23.5080     6.7031     5.7148 0.0000e+00
       1390      7.995    15.4385   3.032407     2.8077     2.7471     0.0055  0.1467810      7.921    23.5355     6.6987     5.7111 0.0000e+00
       1391      8.015    15.4466   3.036183     2.8073     2.7468     0.0055  0.1463950      7.940    23.5630     6.6940     5.7073 0.0000e+00
       1392      8.036    15.4544   3.039876     2.8070     2.7466     0.0055  0.1459853      7.961    23.5900     6.6895     5.7036 0.0000e+00
       1393      8.057    15.4618   3.043452     2.8066     2.7463     0.0055  0.1455685      7.982    23.6161     6.6847     5.6995 0.0000e+00
       1394      8.077    15.4688   3.046892     2.8063     2.7460     0.0055  0.1451655      8.002    23.6414     6.6802     5.6954 0.0000e+00
       1395      8.098    15.4753   3.050184     2.8059     2.7457     0.0055  0.1447870      8.023    23.6657     6.6753     5.6912 0.0000e+00
       1396      8.119    15.4814   3.053322     2.8055     2.7454     0.0055  0.1444330      8.043    23.6888     6.6704     5.6870 0.0000e+00
       1397      8.139    15.4871   3.056304     2.8051     2.7451     0.0055  0.1440994      8.063    23.7109     6.6655     5.6826 0.0000e+00
       1398      8.160    15.4925   3.059130     2.8047     2.7447     0.0055  0.1437829      8.084    23.7319     6.6606     5.6778 0.0000e+00
       1399      8.181    15.4976   3.061809     2.8043     2.7444     0.0055  0.1434814      8.105    23.7517     6.6555     5.6731 0.0000e+00
       1400      8.202    15.5024   3.064351     2.8038     2.7440     0.0055  0.1431928      8.126    23.7706     6.6501     5.6681 0.0000e+00
       1401      8.222    15.5072   3.066771     2.8034     2.7436     0.0055  0.1429150      8.145    23.7884     6.6449     5.6628 0.0000e+00
       1402      8.243    15.5118   3.069082     2.8029     2.7432     0.0055  0.1426461      8.166    23.8054     6.6393     5.6574 0.0000e+00
       1403      8.264    15.5163   3.071301     2.8024     2.7428     0.0055  0.1423843      8.187    23.8217     6.6335     5.6519 0.0000e+00
       1404      8.285    15.5207   3.073444     2.8019     2.7423     0.0055  0.1421277      8.208    23.8373     6.6277     5.6458 0.0000e+00
       1405      8.306    15.5251   3.075523     2.8014     2.7418     0.0055  0.1418745      8.229    23.8525     6.6216     5.6396 0.0000e+00
       1406      8.326    15.5295   3.077550     2.8008     2.7412     0.0055  0.1416231      8.248    23.8671     6.6151     5.6329 0.0000e+00
       1407      8.347    15.5340   3.079531     2.8002     2.7406     0.0055  0.1413716      8.269    23.8814     6.6085     5.6260 0.0000e+00
       1408      8.368    15.5384   3.081474     2.7996     2.7400     0.0055  0.1411182      8.290    23.8953     6.6017     5.6188 0.0000e+00
       1409      8.389    15.5429   3.083385     2.7989     2.7393     0.0055  0.1408613      8.311    23.9089     6.5943     5.6112 0.0000e+00
       1410      8.410    15.5474   3.085272     2.7982     2.7386     0.0055  0.1405990      8.332    23.9224     6.5868     5.6034 0.0000e+00
       1411      8.431    15.5519   3.087142     2.7975     2.7378     0.0053  0.1403295      8.352    23.9356     6.5790     5.5952 0.0000e+00
       1412      8.452    15.5563   3.088997     2.7968     2.7370     0.0055  0.1400510      8.373    23.9488     6.5711     5.5867 0.0000e+00
       1413      8.473    15.5607   3.090835     2.7960     2.7361     0.0055  0.1397614      8.394    23.9619     6.5626     5.5779 0.0000e+00
       1414      8.493    15.5651   3.092650     2.7952     2.7351     0.0055  0.1394589      8.414    23.9747     6.5540     5.5686 0.0000e+00
       1415      8.514    15.5694   3.094441     2.7944     2.7341     0.0055  0.1391412      8.435    23.9874     6.5451     5.5591 0.0000e+00
       1416      8.535    15.5738   3.096215     2.7935     2.7330     0.0055  0.1388062      8.455    23.9999     6.5357     5.5493 0.0000e+00
       1417      8.556    15.5782   3.097990     2.7925     2.7318     0.0055  0.1384524      8.476    24.0124     6.5259     5.5390 0.0000e+00
       1418      8.577    15.5827   3.099778     2.7916     2.7306     0.0053  0.1380866      8.497    24.0250     6.5161     5.5286 0.0000e+00
       1419      8.598    15.5874   3.101586     2.7905     2.7293     0.0051  0.1377268      8.518    24.0376     6.5055     5.5179 0.0000e+00
       1420      8.619    15.5922   3.103416     2.7895     2.7279     0.0051  0.1373874      8.539    24.0503     6.4950     5.5067 0.0000e+00
       1421      8.641    15.5972   3.105274     2.7884     2.7264     0.0051  0.1370710      8.561    24.0632     6.4839     5.4953 0.0000e+00
       1422      8.662    15.6024   3.107173     2.7872     2.7248     0.0051  0.1367748      8.581    24.0762     6.4724     5.4835 0.0000e+00
       1423      8.683    15.6080   3.109132     2.7860     2.7232     0.0051  0.1364958      8.602    24.0896     6.4606     5.4716 0.0000e+00
       1424      8.705    15.6140   3.111167     2.7847     2.7214     0.0051  0.1362319      8.624    24.1033     6.4483     5.4592 0.0000e+00
       1425      8.726    15.6205   3.113298     2.7833     2.7196     0.0051  0.1359815      8.645    24.1176     6.4354     5.4467 0.0000e+00
       1426      8.748    15.6274   3.115541     2.7819     2.7177     0.0051  0.1357427      8.667    24.1325     6.4224     5.4339 0.0000e+00
       1427      8.769    15.6348   3.117898     2.7804     2.7157     0.0051  0.1355139      8.687    24.1482     6.4089     5.4209 0.0000e+00
       1428      8.790    15.6425   3.120350     2.7789     2.7136     0.0051  0.1352935      8.708    24.1644     6.3952     5.4076 0.0000e+00
       1429      8.812    15.6503   3.122855     2.7772     2.7114     0.0051  0.1350800      8.730    24.1811     6.3808     5.3942 0.0000e+00
       1430      8.834    15.6582   3.125374     2.7755     2.7092     0.0051  0.1348727      8.752    24.1978     6.3664     5.3809 0.0000e+00
       1431      8.855    15.6661   3.127880     2.7738     2.7069     0.0051  0.1346710      8.773    24.2143     6.3519     5.3674 0.0000e+00
       1432      8.877    15.6741   3.130362     2.7719     2.7045     0.0051  0.1344728      8.794    24.2306     6.3367     5.3539 0.0000e+00
       1433      8.899    15.6822   3.132816     2.7700     2.7020     0.0051  0.1342756      8.816    24.2467     6.3215     5.3402 0.0000e+00
       1434      8.920    15.6902   3.135239     2.7679     2.6994     0.0051  0.1340783      8.837    24.2624     6.3058     5.3265 0.0000e+00
       1435      8.942    15.6983   3.137627     2.7659     2.6968     0.0051  0.1338794      8.859    24.2779     6.2903     5.3130 0.0000e+00
       1436      8.964    15.7063   3.139974     2.7637     2.6941     0.0051  0.1336775      8.880    24.2930     6.2743     5.2995 0.0000e+00
       1437      8.985    15.7142   3.142276     2.7614     2.6914     0.0051  0.1334712      8.901    24.3078     6.2581     5.2862 0.0000e+00
       1438      9.007    15.7221   3.144533     2.7591     2.6886     0.0051  0.1332591      8.923    24.3222     6.2419     5.2729 0.0000e+00
       1439      9.029    15.7300   3.146750     2.7567     2.6857     0.0051  0.1330398      8.945    24.3363     6.2256     5.2596 0.0000e+00
       1440      9.051    15.7378   3.148928     2.7542     2.6828     0.0053  0.1328116      8.967    24.3501     6.2090     5.2465 0.0000e+00
       1441      9.073    15.7456   3.151069     2.7517     2.6798     0.0051  0.1325730      8.988    24.3636     6.1926     5.2335 0.0000e+00
       1442      9.094    15.7533   3.153172     2.7491     2.6768     0.0051  0.1323224      9.009    24.3768     6.1760     5.2207 0.0000e+00
       1443      9.116    15.7609   3.155232     2.7464     2.6738     0.0051  0.1320605      9.031    24.3897     6.1593     5.2081 0.0000e+00
       1444      9.138    15.7684   3.157239     2.7437     2.6707     0.0051  0.1317932      9.053    24.4022     6.1427     5.1955 0.0000e+00
