data/2021/ctd_data_day2/station10.cnv
* Sea-Bird SBE 9 Data File:
* FileName = C:\Users\CTD-User\Desktop\MAR440\day2\station10.hex
* Software Version Seasave V 7.26.2.13
* Temperature SN = 6313
* Conductivity SN = 4758
* Number of Bytes Per Scan = 37
* Number of Voltage Words = 4
* Number of Scans Averaged by the Deck Unit = 1
* NMEA Latitude = 58 20.25 N
* NMEA Longitude = 011 53.24 E
* NMEA UTC (Time) = Sep 22 2021 12:19:36
* NMEA baud rate = 4800
** Ship: Skagerrak
** Station: station10
** Operator: group2green
# nquan = 9
# nvalues = 2945                                  
# units = specified
# name 0 = scan: Scan Count
# name 1 = prDM: Pressure, Digiquartz [db]
# name 2 = t090C: Temperature [ITS-90, deg C]
# name 3 = c0S/m: Conductivity [S/m]
# name 4 = sbeox0V: Oxygen raw, SBE 43 [V]
# name 5 = sbeox1V: Oxygen raw, SBE 43, 2 [V]
# name 6 = flECO-AFL: Fluorescence, WET Labs ECO-AFL/FL [mg/m^3]
# name 7 = upoly0: Upoly 0, Turbidity
# name 8 = flag:  0.000e+00
# span 0 =          1,       2945                 
# span 1 =      1.368,     39.769                 
# span 2 =     7.4919,    15.8877                 
# span 3 =   2.826280,   3.481448                 
# span 4 =     0.4784,     2.9182                 
# span 5 =     0.5505,     2.8645                 
# span 6 =     0.0033,     0.0148                 
# span 7 =  0.0879084,  0.2275910                 
# span 8 = 0.0000e+00, 0.0000e+00                 
# interval = seconds: 0.0416667
# start_time = Sep 22 2021 12:19:36 [NMEA time, header]
# bad_flag = -9.990e-29
*END*
[from data line 1921]
       1922     19.600     8.0112   3.237615     0.7202     0.7288     0.0060  0.1157473  0.000e+00
       1923     19.600     8.0096   3.237558     0.7178     0.7263     0.0060  0.1157473  0.000e+00
       1924     19.657     8.0078   3.237501     0.7166     0.7251     0.0060  0.1157473  0.000e+00
       1925     19.657     8.0062   3.237490     0.7166     0.7239     0.0060  0.1157473  0.000e+00
       1926     19.657     8.0049   3.237353     0.7129     0.7214     0.0060  0.1157473  0.000e+00
       1927     19.657     8.0041   3.237176     0.7105     0.7202     0.0060  0.1167241  0.000e+00
       1928     19.723     8.0026   3.237290     0.7080     0.7190     0.0066  0.1240501  0.000e+00
       1929     19.781     7.4919   3.237301     0.7178     0.7178     0.0070  0.1279573  0.000e+00
       1930     19.764     8.0014   3.237284     0.7019     0.7153     0.0070  0.1284457  0.000e+00
       1931     19.781     7.9992   3.237301     0.6982     0.7141     0.0070  0.1279573  0.000e+00
       1932     19.847     7.9974   3.237261     0.7007     0.7117     0.0070  0.1279573  0.000e+00
       1933     19.847     7.9957   3.237181     0.6982     0.7104     0.0070  0.1279573  0.000e+00
       1934     19.781     7.9942   3.237073     0.6995     0.7092     0.0070  0.1279573  0.000e+00
       1935     19.904     7.9930   3.237199     0.6970     0.7068     0.0070  0.1279573  0.000e+00
       1936     19.904     7.9918   3.237164     0.6934     0.7056     0.0070  0.1279573  0.000e+00
       1937     19.962     7.9903   3.237113     0.6909     0.7043     0.0070  0.1279573  0.000e+00
       1938     19.904     7.9889   3.237107     0.6897     0.7031     0.0070  0.1279573  0.000e+00
       1939     19.954     7.9877   3.237170     0.6897     0.7019     0.0070  0.1279573  0.000e+00
       1940     20.028     7.9864   3.237056     0.6873     0.7007     0.0070  0.1279573  0.000e+00
       1941     20.028     7.9856   3.237147     0.6860     0.6982     0.0070  0.1279573  0.000e+00
       1942     20.028     7.9838   3.237079     0.6836     0.6982     0.0070  0.1279573  0.000e+00
       1943     20.028     7.9827   3.237022     0.6812     0.6958     0.0070  0.1279573  0.000e+00
       1944     20.085     7.9816   3.236948     0.6812     0.6946     0.0070  0.1279573  0.000e+00
       1945     20.085     7.9802   3.237039     0.6787     0.6934     0.0070  0.1279573  0.000e+00
       1946     20.151     7.9791   3.237119     0.6763     0.6921     0.0070  0.1279573  0.000e+00
       1947     20.151     7.9782   3.237090     0.6750     0.6909     0.0070  0.1279573  0.000e+00
       1948     20.151     7.9769   3.237142     0.6738     0.6897     0.0070  0.1279573  0.000e+00
       1949     20.193     7.9762   3.237142     0.6763     0.6885     0.0070  0.1279573  0.000e+00
       1950     20.275     7.9753   3.237267     0.6714     0.6872     0.0070  0.1279573  0.000e+00
       1951     20.209     7.9738   3.237199     0.6689     0.6860     0.0070  0.1279573  0.000e+00
       1952     20.275     7.9730   3.237050     0.6677     0.6848     0.0070  0.1274689  0.000e+00
       1953     20.275     7.9723   3.237011     0.6677     0.6836     0.0073  0.1328413  0.000e+00
       1954     20.333     7.9714   3.237188     0.6665     0.6836     0.0077  0.1391905  0.000e+00
       1955     20.332     7.9707   3.237296     0.6641     0.6811     0.0079  0.1411441  0.000e+00
       1956     20.332     7.9701   3.237245     0.6616     0.6811     0.0079  0.1411441  0.000e+00
       1957     20.390     7.9693   3.237307     0.6616     0.6799     0.0079  0.1406557  0.000e+00
       1958     20.390     7.9683   3.237319     0.6604     0.6787     0.0079  0.1401673  0.000e+00
       1959     20.390     7.9675   3.237262     0.6592     0.6775     0.0079  0.1406557  0.000e+00
       1960     20.497     7.9667   3.237228     0.6567     0.6763     0.0079  0.1406557  0.000e+00
       1961     20.456     7.9659   3.237239     0.6543     0.6750     0.0079  0.1406557  0.000e+00
       1962     20.456     7.9655   3.237336     0.6531     0.6738     0.0079  0.1406557  0.000e+00
       1963     20.514     7.9650   3.237348     0.6543     0.6738     0.0079  0.1406557  0.000e+00
       1964     20.580     7.9642   3.237319     0.6518     0.6726     0.0079  0.1406557  0.000e+00
       1965     20.514     7.9639   3.237353     0.6518     0.6714     0.0079  0.1406557  0.000e+00
       1966     20.637     7.9636   3.237456     0.6482     0.6702     0.0079  0.1406557  0.000e+00
       1967     20.579     7.9633   3.237662     0.6482     0.6702     0.0079  0.1406557  0.000e+00
       1968     20.637     7.9630   3.237679     0.6482     0.6689     0.0079  0.1406557  0.000e+00
       1969     20.637     7.9626   3.237776     0.6470     0.6677     0.0079  0.1406557  0.000e+00
       1970     20.695     7.9625   3.237856     0.6445     0.6665     0.0079  0.1406557  0.000e+00
       1971     20.687     7.9625   3.238044     0.6421     0.6665     0.0079  0.1406557  0.000e+00
       1972     20.695     7.9625   3.238278     0.6421     0.6653     0.0079  0.1406557  0.000e+00
       1973     20.761     7.9626   3.238541     0.6421     0.6640     0.0079  0.1406557  0.000e+00
       1974     20.761     7.9631   3.238832     0.6409     0.6628     0.0079  0.1406557  0.000e+00
       1975     20.761     7.9633   3.239123     0.6384     0.6628     0.0079  0.1406557  0.000e+00
       1976     20.818     7.9636   3.239266     0.6372     0.6616     0.0079  0.1406557  0.000e+00
       1977     20.818     7.9646   3.239420     0.6372     0.6604     0.0079  0.1406557  0.000e+00
       1978     20.884     7.9649   3.239723     0.6372     0.6604     0.0079  0.1416325  0.000e+00
       1979     20.884     7.9657   3.240060     0.6347     0.6592     0.0088  0.1533541  0.000e+00
       1980     20.884     7.9662   3.240340     0.6323     0.6579     0.0093  0.1597033  0.000e+00
       1981     20.942     7.8743   3.240632     0.6421     0.6592     0.0093  0.1601917  0.000e+00
       1982     20.925     7.9693   3.240968     0.6274     0.6567     0.0093  0.1597033  0.000e+00
       1983     21.008     7.9695   3.241277     0.6262     0.6567     0.0093  0.1597033  0.000e+00
       1984     21.008     7.9704   3.241574     0.6274     0.6555     0.0093  0.1592149  0.000e+00
       1985     21.008     7.9714   3.241888     0.6274     0.6543     0.0093  0.1597033  0.000e+00
       1986     21.008     7.9723   3.242328     0.6274     0.6543     0.0093  0.1597033  0.000e+00
       1987     21.065     7.9733   3.242579     0.6274     0.6543     0.0093  0.1597033  0.000e+00
       1988     21.123     7.9746   3.242847     0.6274     0.6531     0.0093  0.1592149  0.000e+00
       1989     21.065     7.9757   3.243116     0.6250     0.6518     0.0093  0.1597033  0.000e+00
       1990     21.189     7.9766   3.243470     0.6225     0.6518     0.0093  0.1592149  0.000e+00
       1991     21.123     7.9777   3.243899     0.6225     0.6506     0.0093  0.1597033  0.000e+00
       1992     21.189     7.9783   3.244253     0.6225     0.6506     0.0093  0.1597033  0.000e+00
       1993     21.189     7.9793   3.244441     0.6201     0.6494     0.0093  0.1597033  0.000e+00
       1994     21.189     7.9804   3.244573     0.6189     0.6494     0.0093  0.1597033  0.000e+00
       1995     21.296     7.9811   3.244824     0.6177     0.6482     0.0093  0.1597033  0.000e+00
       1996     21.247     7.9819   3.245139     0.6177     0.6482     0.0093  0.1592149  0.000e+00
       1997     21.313     7.9827   3.245533     0.6177     0.6469     0.0093  0.1597033  0.000e+00
       1998     21.313     7.9833   3.245636     0.6177     0.6457     0.0093  0.1597033  0.000e+00
       1999     21.312     7.9843   3.245859     0.6140     0.6457     0.0093  0.1597033  0.000e+00
       2000     21.370     7.9851   3.246219     0.6128     0.6445     0.0093  0.1597033  0.000e+00
       2001     21.370     7.9861   3.246670     0.6140     0.6445     0.0093  0.1597033  0.000e+00
       2002     21.428     7.9871   3.246916     0.6140     0.6445     0.0093  0.1597033  0.000e+00
       2003     21.428     7.9877   3.247116     0.6115     0.6433     0.0093  0.1597033  0.000e+00
       2004     21.428     7.9889   3.247396     0.6091     0.6433     0.0104  0.1714249  0.000e+00
       2005     21.494     7.9898   3.247688     0.6091     0.6421     0.0123  0.1909609  0.000e+00
       2006     21.494     7.9910   3.247973     0.6103     0.6421     0.0126  0.1963333  0.000e+00
       2007     21.494     7.9922   3.248254     0.6091     0.6408     0.0126  0.1958449  0.000e+00
       2008     21.601     7.9927   3.248568     0.6067     0.6396     0.0126  0.1948681  0.000e+00
       2009     21.551     7.9937   3.249014     0.6054     0.6396     0.0126  0.1948681  0.000e+00
       2010     21.551     7.9949   3.249306     0.6054     0.6396     0.0126  0.1948681  0.000e+00
       2011     21.617     7.9953   3.249626     0.6079     0.6384     0.0126  0.1948681  0.000e+00
       2012     21.617     7.9966   3.249854     0.6054     0.6384     0.0126  0.1948681  0.000e+00
       2013     21.675     7.9971   3.250209     0.6030     0.6372     0.0126  0.1948681  0.000e+00
       2014     21.675     7.9981   3.250529     0.6030     0.6372     0.0126  0.1948681  0.000e+00
       2015     21.741     7.9988   3.250741     0.6030     0.6360     0.0126  0.1948681  0.000e+00
       2016     21.675     7.9995   3.250964     0.6030     0.6360     0.0126  0.1948681  0.000e+00
       2017     21.798     8.0005   3.251375     0.6030     0.6360     0.0126  0.1948681  0.000e+00
       2018     21.741     8.0015   3.251473     0.5993     0.6360     0.0126  0.1948681  0.000e+00
       2019     21.798     8.0024   3.251844     0.5981     0.6347     0.0126  0.1948681  0.000e+00
       2020     21.798     8.0036   3.252056     0.5981     0.6347     0.0126  0.1948681  0.000e+00
       2021     21.856     8.0048   3.252308     0.5993     0.6335     0.0126  0.1948681  0.000e+00
       2022     21.856     8.0058   3.252759     0.5969     0.6335     0.0126  0.1948681  0.000e+00
       2023     21.848     8.0077   3.253040     0.5957     0.6323     0.0126  0.1948681  0.000e+00
       2024     21.922     8.0093   3.253446     0.5944     0.6323     0.0126  0.1948681  0.000e+00
       2025     21.922     8.0107   3.253738     0.5957     0.6323     0.0126  0.1948681  0.000e+00
       2026     21.979     8.0123   3.254315     0.5957     0.6311     0.0126  0.1948681  0.000e+00
       2027     21.979     8.0141   3.254813     0.5932     0.6311     0.0126  0.1948681  0.000e+00
       2028     21.979     8.0156   3.255374     0.5932     0.6311     0.0126  0.1948681  0.000e+00
       2029     21.979     8.0175   3.255940     0.5920     0.6299     0.0126  0.1958449  0.000e+00
       2030     22.045     8.0191   3.256552     0.5920     0.6299     0.0139  0.2148926  0.000e+00
       2031     22.103     8.0216   3.256873     0.5920     0.6299     0.0146  0.2261258  0.000e+00
       2032     22.103     8.0245   3.257519     0.5908     0.6286     0.0148  0.2275910  0.000e+00
       2033     22.045     8.0266   3.258149     0.5896     0.6286     0.0148  0.2266142  0.000e+00
       2034     22.169     8.0289   3.258824     0.5883     0.6286     0.0148  0.2261258  0.000e+00
       2035     22.169     8.0311   3.259397     0.5896     0.6274     0.0148  0.2261258  0.000e+00
       2036     22.169     8.0332   3.259912     0.5883     0.6274     0.0148  0.2261258  0.000e+00
       2037     22.227     8.0360   3.260702     0.5871     0.6274     0.0148  0.2261258  0.000e+00
       2038     22.227     8.0389   3.261257     0.5859     0.6262     0.0148  0.2261258  0.000e+00
       2039     22.152     8.0426   3.261858     0.5859     0.6262     0.0148  0.2261258  0.000e+00
       2040     22.350     8.0452   3.262752     0.5871     0.6262     0.0148  0.2261258  0.000e+00
       2041     22.284     8.0472   3.263296     0.5859     0.6250     0.0148  0.2261258  0.000e+00
       2042     22.284     8.0493   3.263674     0.5835     0.6250     0.0148  0.2261258  0.000e+00
       2043     22.350     8.0516   3.264252     0.5835     0.6250     0.0148  0.2261258  0.000e+00
       2044     22.350     8.0539   3.264836     0.5835     0.6250     0.0148  0.2261258  0.000e+00
       2045     22.350     8.0565   3.265260     0.5835     0.6237     0.0148  0.2261258  0.000e+00
       2046     22.408     8.0582   3.265610     0.5822     0.6237     0.0148  0.2261258  0.000e+00
       2047     22.408     8.0594   3.265913     0.5798     0.6237     0.0148  0.2261258  0.000e+00
       2048     22.474     8.0608   3.266434     0.5798     0.6225     0.0148  0.2261258  0.000e+00
       2049     22.474     8.0628   3.267002     0.5810     0.6225     0.0148  0.2261258  0.000e+00
       2050     22.474     8.0647   3.267345     0.5798     0.6225     0.0148  0.2261258  0.000e+00
       2051     22.531     8.0665   3.267546     0.5786     0.6213     0.0146  0.2261258  0.000e+00
       2052     22.531     8.0682   3.267701     0.5774     0.6213     0.0148  0.2261258  0.000e+00
       2053     22.531     8.0696   3.267936     0.5774     0.6213     0.0148  0.2261258  0.000e+00
       2054     22.589     8.0711   3.268474     0.5786     0.6213     0.0148  0.2261258  0.000e+00
       2055     22.589     8.0722   3.268870     0.5774     0.6201     0.0146  0.2246606  0.000e+00
       2056     22.589     8.0732   3.269196     0.5761     0.6201     0.0145  0.2217302  0.000e+00
       2057     22.655     8.0742   3.269546     0.5749     0.6201     0.0145  0.2207534  0.000e+00
       2058     22.704     8.0753   3.269861     0.5749     0.6189     0.0145  0.2212418  0.000e+00
       2059     22.655     8.0765   3.270033     0.5761     0.6189     0.0145  0.2207534  0.000e+00
       2060     22.712     8.0778   3.270365     0.5749     0.6189     0.0145  0.2212418  0.000e+00
       2061     22.712     8.0795   3.270514     0.5737     0.6189     0.0145  0.2212418  0.000e+00
       2062     22.778     8.0808   3.270726     0.5737     0.6176     0.0143  0.2212418  0.000e+00
       2063     22.712     8.0826   3.271059     0.5737     0.6176     0.0145  0.2212418  0.000e+00
       2064     22.836     8.0839   3.271305     0.5725     0.6176     0.0145  0.2212418  0.000e+00
       2065     22.836     8.0847   3.271649     0.5737     0.6176     0.0145  0.2212418  0.000e+00
       2066     22.778     8.0858   3.271856     0.5712     0.6176     0.0145  0.2212418  0.000e+00
       2067     22.902     8.0871   3.272096     0.5700     0.6164     0.0143  0.2207534  0.000e+00
       2068     22.902     8.0884   3.272475     0.5700     0.6164     0.0145  0.2212418  0.000e+00
       2069     22.836     8.0900   3.272870     0.5700     0.6164     0.0145  0.2212418  0.000e+00
       2070     22.959     8.0915   3.273140     0.5688     0.6164     0.0145  0.2212418  0.000e+00
       2071     22.959     8.0934   3.273512     0.5688     0.6152     0.0145  0.2212418  0.000e+00
       2072     22.959     8.0951   3.273977     0.5688     0.6152     0.0145  0.2212418  0.000e+00
       2073     22.959     8.0970   3.274315     0.5688     0.6152     0.0145  0.2212418  0.000e+00
       2074     23.017     8.0985   3.274659     0.5688     0.6140     0.0145  0.2212418  0.000e+00
       2075     23.017     8.1002   3.274975     0.5664     0.6140     0.0145  0.2207534  0.000e+00
       2076     23.083     8.1014   3.275405     0.5651     0.6140     0.0145  0.2207534  0.000e+00
       2077     23.083     8.1026   3.275743     0.5651     0.6140     0.0145  0.2212418  0.000e+00
       2078     23.083     8.1040   3.275990     0.5664     0.6128     0.0145  0.2207534  0.000e+00
       2079     23.083     8.1052   3.276276     0.5651     0.6128     0.0145  0.2212418  0.000e+00
       2080     23.140     8.1073   3.276621     0.5639     0.6128     0.0145  0.2207534  0.000e+00
