data/2021/ctd_data_day2/station4.cnv
* Sea-Bird SBE 9 Data File:
* FileName = C:\Users\CTD-User\Desktop\MAR440\day2\station4.hex
* Software Version Seasave V 7.26.2.13
* Temperature SN = 6313
* Conductivity SN = 4758
* Number of Bytes Per Scan = 37
* Number of Voltage Words = 4
* Number of Scans Averaged by the Deck Unit = 1
* NMEA Latitude = 58 19.41 N
* NMEA Longitude = 011 50.05 E
* NMEA UTC (Time) = Sep 22 2021 10:00:00
* NMEA baud rate = 4800
** Ship: Skagerrak
** Station: station4
** Operator: group2green
# nquan = 9
# nvalues = 2885                                  
# units = specified
# name 0 = scan: Scan Count
# name 1 = prDM: Pressure, Digiquartz [db]
# name 2 = t090C: Temperature [ITS-90, deg C]
# name 3 = c0S/m: Conductivity [S/m]
# name 4 = sbeox0V: Oxygen raw, SBE 43 [V]
# name 5 = sbeox1V: Oxygen raw, SBE 43, 2 [V]
# name 6 = flECO-AFL: Fluorescence, WET Labs ECO-AFL/FL [mg/m^3]
# name 7 = upoly0: Upoly 0, Turbidity
# name 8 = flag:  0.000e+00
# span 0 =          1,       2885                 
# span 1 =      0.936,     15.080                 
# span 2 =    13.1755,    16.1519                 
# span 3 =   2.888738,   3.430904                 
# span 4 =     1.5029,     2.8889                 
# span 5 =     1.5188,     2.8315                 
# span 6 =     0.0040,     0.0060                 
# span 7 =  0.0913272,  0.1885189                 
# span 8 = 0.0000e+00, 0.0000e+00                 
# interval = seconds: 0.0416667
# start_time = Sep 22 2021 10:00:00 [NMEA time, header]
# bad_flag = -9.990e-29
*END*
[from data line 1441]
       1442      1.136    14.7591   2.901709     2.8706     2.8168     0.0048  0.1767973  0.000e+00
       1443      1.046    14.7590   2.902245     2.8693     2.8168     0.0048  0.1767973  0.000e+00
       1444      1.079    14.7590   2.902382     2.8693     2.8168     0.0048  0.1767973  0.000e+00
       1445      1.046    14.7600   2.902388     2.8706     2.8168     0.0048  0.1767973  0.000e+00
       1446      1.079    14.7598   2.902415     2.8706     2.8168     0.0048  0.1767973  0.000e+00
       1447      0.988    14.7592   2.902426     2.8706     2.8168     0.0048  0.1767973  0.000e+00
       1448      1.079    14.7585   2.902240     2.8693     2.8168     0.0048  0.1767973  0.000e+00
       1449      1.046    14.7580   2.902262     2.8693     2.8168     0.0048  0.1767973  0.000e+00
       1450      1.021    14.7583   2.902163     2.8718     2.8168     0.0048  0.1767973  0.000e+00
       1451      1.046    14.7581   2.902108     2.8718     2.8168     0.0048  0.1767973  0.000e+00
       1452      1.078    14.7576   2.901977     2.8706     2.8168     0.0048  0.1767973  0.000e+00
       1453      1.045    14.7570   2.901971     2.8693     2.8168     0.0048  0.1767973  0.000e+00
       1454      1.021    14.7563   2.902004     2.8693     2.8168     0.0048  0.1767973  0.000e+00
       1455      1.111    14.7561   2.901917     2.8718     2.8168     0.0048  0.1767973  0.000e+00
       1456      1.021    14.7565   2.901982     2.8718     2.8168     0.0048  0.1767973  0.000e+00
       1457      1.111    14.7565   2.901955     2.8706     2.8168     0.0048  0.1782625  0.000e+00
       1458      1.078    14.7568   2.901873     2.8706     2.8168     0.0048  0.1802161  0.000e+00
       1459      1.045    14.7673   2.901714     2.8791     2.8181     0.0048  0.1807045  0.000e+00
       1460      1.136    14.7581   2.901829     2.8706     2.8168     0.0048  0.1807045  0.000e+00
       1461      1.045    14.7586   2.901999     2.8669     2.8181     0.0048  0.1807045  0.000e+00
       1462      1.078    14.7583   2.902163     2.8693     2.8181     0.0048  0.1807045  0.000e+00
       1463      1.045    14.7590   2.902125     2.8693     2.8181     0.0048  0.1807045  0.000e+00
       1464      1.078    14.7598   2.902245     2.8706     2.8181     0.0048  0.1807045  0.000e+00
       1465      1.111    14.7611   2.902492     2.8730     2.8181     0.0048  0.1807045  0.000e+00
       1466      1.111    14.7615   2.902678     2.8718     2.8181     0.0048  0.1807045  0.000e+00
       1467      1.078    14.7623   2.902760     2.8706     2.8181     0.0048  0.1807045  0.000e+00
       1468      1.111    14.7615   2.902738     2.8706     2.8181     0.0048  0.1807045  0.000e+00
       1469      1.078    14.7593   2.902662     2.8718     2.8181     0.0048  0.1807045  0.000e+00
       1470      1.111    14.7593   2.902475     2.8718     2.8181     0.0048  0.1807045  0.000e+00
       1471      1.078    14.7603   2.902360     2.8706     2.8181     0.0048  0.1807045  0.000e+00
       1472      1.111    14.7609   2.902382     2.8706     2.8181     0.0048  0.1807045  0.000e+00
       1473      1.078    14.7608   2.902563     2.8706     2.8181     0.0048  0.1807045  0.000e+00
       1474      1.111    14.7608   2.902618     2.8718     2.8181     0.0048  0.1807045  0.000e+00
       1475      1.078    14.7607   2.902536     2.8718     2.8181     0.0048  0.1807045  0.000e+00
       1476      1.111    14.7596   2.902426     2.8706     2.8181     0.0048  0.1807045  0.000e+00
       1477      1.078    14.7583   2.902377     2.8693     2.8181     0.0048  0.1807045  0.000e+00
       1478      1.045    14.7566   2.902223     2.8693     2.8181     0.0048  0.1807045  0.000e+00
       1479      1.136    14.7561   2.902015     2.8718     2.8181     0.0048  0.1807045  0.000e+00
       1480      1.111    14.7556   2.901780     2.8718     2.8181     0.0048  0.1807045  0.000e+00
       1481      1.078    14.7556   2.901824     2.8706     2.8181     0.0048  0.1807045  0.000e+00
       1482      1.111    14.7556   2.901955     2.8693     2.8181     0.0048  0.1807045  0.000e+00
       1483      1.020    14.7556   2.902004     2.8693     2.8181     0.0048  0.1787509  0.000e+00
       1484      1.111    14.7561   2.901977     2.8718     2.8181     0.0048  0.1767973  0.000e+00
       1485      1.020    14.7566   2.902043     2.8706     2.8181     0.0048  0.1767973  0.000e+00
       1486      1.111    14.7566   2.902087     2.8693     2.8181     0.0048  0.1767973  0.000e+00
       1487      1.020    14.7566   2.902054     2.8693     2.8181     0.0048  0.1767973  0.000e+00
       1488      1.045    14.7563   2.902021     2.8706     2.8181     0.0048  0.1767973  0.000e+00
       1489      1.078    14.7565   2.901999     2.8718     2.8181     0.0048  0.1767973  0.000e+00
       1490      1.045    14.7566   2.901971     2.8706     2.8181     0.0046  0.1767973  0.000e+00
       1491      1.020    14.7565   2.901966     2.8693     2.8181     0.0048  0.1767973  0.000e+00
       1492      1.111    14.7568   2.901982     2.8693     2.8181     0.0048  0.1772857  0.000e+00
       1493      1.020    14.7570   2.901971     2.8706     2.8193     0.0048  0.1767973  0.000e+00
       1494      1.045    14.7568   2.902043     2.8718     2.8181     0.0048  0.1767973  0.000e+00
       1495      1.020    14.7566   2.902026     2.8706     2.8181     0.0048  0.1767973  0.000e+00
       1496      1.111    14.7568   2.902054     2.8693     2.8181     0.0048  0.1767973  0.000e+00
       1497      1.078    14.7568   2.901928     2.8706     2.8193     0.0048  0.1767973  0.000e+00
       1498      1.045    14.7568   2.901982     2.8718     2.8193     0.0048  0.1767973  0.000e+00
       1499      1.020    14.7566   2.902054     2.8718     2.8181     0.0048  0.1767973  0.000e+00
       1500      1.110    14.7570   2.902087     2.8706     2.8193     0.0048  0.1767973  0.000e+00
       1501      1.077    14.7573   2.902032     2.8693     2.8181     0.0048  0.1767973  0.000e+00
       1502      1.044    14.7578   2.902037     2.8693     2.8181     0.0048  0.1767973  0.000e+00
       1503      1.077    14.7574   2.902147     2.8718     2.8181     0.0048  0.1767973  0.000e+00
       1504      1.110    14.7573   2.902218     2.8742     2.8181     0.0048  0.1767973  0.000e+00
       1505      1.077    14.7568   2.902108     2.8706     2.8181     0.0048  0.1772857  0.000e+00
       1506      1.110    14.7571   2.902032     2.8706     2.8181     0.0048  0.1767973  0.000e+00
       1507      1.135    14.7570   2.902202     2.8706     2.8181     0.0048  0.1767973  0.000e+00
       1508      1.044    14.7566   2.902015     2.8718     2.8181     0.0048  0.1772857  0.000e+00
       1509      1.135    14.7568   2.901993     2.8718     2.8168     0.0048  0.1782625  0.000e+00
       1510      1.110    14.7565   2.901999     2.8706     2.8168     0.0048  0.1787509  0.000e+00
       1511      1.077    14.7563   2.902070     2.8706     2.8168     0.0048  0.1787509  0.000e+00
       1512      1.110    14.7570   2.902054     2.8706     2.8168     0.0048  0.1787509  0.000e+00
       1513      1.077    14.7568   2.902043     2.8730     2.8168     0.0048  0.1787509  0.000e+00
       1514      1.110    14.7568   2.901982     2.8718     2.8168     0.0048  0.1787509  0.000e+00
       1515      1.077    14.7568   2.902130     2.8706     2.8168     0.0048  0.1787509  0.000e+00
       1516      1.044    14.7568   2.902097     2.8706     2.8168     0.0048  0.1787509  0.000e+00
       1517      1.077    14.7565   2.902048     2.8718     2.8168     0.0048  0.1787509  0.000e+00
       1518      1.044    14.7563   2.901982     2.8730     2.8168     0.0048  0.1787509  0.000e+00
       1519      1.077    14.7561   2.902004     2.8718     2.8168     0.0048  0.1787509  0.000e+00
       1520      1.044    14.7558   2.901977     2.8706     2.8168     0.0048  0.1787509  0.000e+00
       1521      1.077    14.7556   2.901840     2.8706     2.8168     0.0048  0.1787509  0.000e+00
       1522      1.044    14.7558   2.901939     2.8742     2.8168     0.0048  0.1787509  0.000e+00
       1523      1.019    14.7561   2.902070     2.8730     2.8168     0.0048  0.1787509  0.000e+00
       1524      1.044    14.7565   2.901999     2.8706     2.8168     0.0048  0.1787509  0.000e+00
       1525      1.019    14.7566   2.901966     2.8706     2.8156     0.0048  0.1787509  0.000e+00
       1526      1.044    14.7568   2.902043     2.8706     2.8168     0.0048  0.1787509  0.000e+00
       1527      1.019    14.7570   2.901988     2.8742     2.8168     0.0048  0.1787509  0.000e+00
       1528      1.044    14.7563   2.901966     2.8718     2.8168     0.0048  0.1787509  0.000e+00
       1529      1.019    14.7565   2.901966     2.8718     2.8168     0.0048  0.1787509  0.000e+00
       1530      1.044    14.7559   2.902043     2.8706     2.8156     0.0048  0.1787509  0.000e+00
       1531      1.077    14.7561   2.901972     2.8706     2.8156     0.0048  0.1787509  0.000e+00
       1532      1.044    14.7565   2.901939     2.8742     2.8168     0.0048  0.1787509  0.000e+00
       1533      1.077    14.7565   2.901939     2.8718     2.8168     0.0048  0.1787509  0.000e+00
       1534      1.044    14.7568   2.902054     2.8718     2.8156     0.0048  0.1802161  0.000e+00
       1535      1.077    14.7570   2.902136     2.8718     2.8168     0.0046  0.1816813  0.000e+00
       1536      1.110    14.7573   2.902114     2.8706     2.8156     0.0046  0.1821697  0.000e+00
       1537      1.077    14.7576   2.902097     2.8742     2.8168     0.0046  0.1821697  0.000e+00
       1538      1.044    14.7578   2.902032     2.8718     2.8168     0.0046  0.1816813  0.000e+00
       1539      1.134    14.7580   2.902097     2.8706     2.8168     0.0046  0.1816813  0.000e+00
       1540      1.044    14.7578   2.902169     2.8706     2.8168     0.0046  0.1811929  0.000e+00
       1541      1.134    14.7576   2.902218     2.8718     2.8168     0.0046  0.1821697  0.000e+00
       1542      1.044    14.7571   2.902191     2.8718     2.8168     0.0046  0.1816813  0.000e+00
       1543      1.077    14.7570   2.902180     2.8718     2.8168     0.0046  0.1816813  0.000e+00
       1544      1.109    14.7568   2.902136     2.8706     2.8168     0.0046  0.1821697  0.000e+00
       1545      1.076    14.7563   2.902065     2.8706     2.8168     0.0046  0.1816813  0.000e+00
       1546      1.109    14.7561   2.901982     2.8718     2.8168     0.0046  0.1821697  0.000e+00
       1547      1.076    14.7559   2.901900     2.8742     2.8168     0.0046  0.1821697  0.000e+00
       1548      1.043    14.7559   2.901961     2.8718     2.8168     0.0046  0.1821697  0.000e+00
       1549      1.076    14.7561   2.901950     2.8706     2.8168     0.0046  0.1816813  0.000e+00
       1550      1.109    14.7563   2.901972     2.8706     2.8168     0.0046  0.1821697  0.000e+00
       1551      1.076    14.7566   2.902004     2.8718     2.8168     0.0046  0.1816813  0.000e+00
       1552      1.043    14.7565   2.902032     2.8718     2.8168     0.0046  0.1816813  0.000e+00
       1553      1.019    14.7576   2.902108     2.8706     2.8181     0.0046  0.1821697  0.000e+00
       1554      1.043    14.7611   2.902349     2.8693     2.8168     0.0046  0.1821697  0.000e+00
       1555      1.076    14.7659   2.902853     2.8693     2.8168     0.0046  0.1821697  0.000e+00
       1556      1.043    14.7679   2.903483     2.8718     2.8168     0.0046  0.1816813  0.000e+00
       1557      1.019    14.7694   2.903867     2.8706     2.8168     0.0046  0.1821697  0.000e+00
       1558      0.986    14.7676   2.903987     2.8693     2.8168     0.0046  0.1816813  0.000e+00
       1559      1.076    14.7654   2.903878     2.8693     2.8181     0.0046  0.1807045  0.000e+00
       1560      0.986    14.7637   2.903631     2.8693     2.8168     0.0048  0.1782625  0.000e+00
       1561      1.018    14.7632   2.903620     2.8706     2.8181     0.0048  0.1767973  0.000e+00
       1562      1.043    14.7642   2.903664     2.8706     2.8168     0.0048  0.1767973  0.000e+00
       1563      1.018    14.7645   2.903467     2.8693     2.8181     0.0048  0.1767973  0.000e+00
       1564      1.043    14.7620   2.903215     2.8693     2.8168     0.0048  0.1767973  0.000e+00
       1565      1.018    14.7597   2.902908     2.8693     2.8168     0.0048  0.1767973  0.000e+00
       1566      1.043    14.7590   2.902706     2.8706     2.8168     0.0048  0.1767973  0.000e+00
       1567      1.076    14.7595   2.902651     2.8693     2.8168     0.0048  0.1767973  0.000e+00
       1568      1.043    14.7586   2.902580     2.8681     2.8168     0.0048  0.1767973  0.000e+00
       1569      1.018    14.7581   2.902563     2.8681     2.8168     0.0048  0.1767973  0.000e+00
       1570      1.109    14.7573   2.902415     2.8693     2.8168     0.0048  0.1767973  0.000e+00
       1571      1.076    14.7559   2.902306     2.8693     2.8168     0.0048  0.1767973  0.000e+00
       1572      1.109    14.7565   2.902251     2.8693     2.8168     0.0048  0.1767973  0.000e+00
       1573      1.076    14.7580   2.902377     2.8681     2.8168     0.0048  0.1767973  0.000e+00
       1574      1.109    14.7588   2.902591     2.8681     2.8168     0.0048  0.1767973  0.000e+00
       1575      1.076    14.7591   2.902678     2.8693     2.8168     0.0048  0.1767973  0.000e+00
       1576      1.109    14.7593   2.902777     2.8693     2.8168     0.0048  0.1767973  0.000e+00
       1577      1.076    14.7590   2.902947     2.8693     2.8168     0.0048  0.1767973  0.000e+00
       1578      1.043    14.7583   2.902788     2.8693     2.8156     0.0048  0.1767973  0.000e+00
       1579      1.133    14.7574   2.902678     2.8693     2.8156     0.0048  0.1767973  0.000e+00
       1580      1.043    14.7582   2.902547     2.8706     2.8168     0.0048  0.1767973  0.000e+00
       1581      1.076    14.7585   2.902547     2.8693     2.8168     0.0048  0.1767973  0.000e+00
       1582      1.043    14.7578   2.902393     2.8693     2.8168     0.0048  0.1767973  0.000e+00
       1583      1.076    14.7566   2.902278     2.8693     2.8168     0.0048  0.1767973  0.000e+00
       1584      1.043    14.7561   2.902114     2.8693     2.8168     0.0048  0.1767973  0.000e+00
       1585      1.018    14.7561   2.902114     2.8706     2.8168     0.0048  0.1767973  0.000e+00
       1586      1.043    14.7573   2.902229     2.8693     2.8168     0.0048  0.1763089  0.000e+00
       1587      1.018    14.7581   2.902344     2.8693     2.8168     0.0048  0.1763089  0.000e+00
       1588      1.042    14.7581   2.902552     2.8693     2.8168     0.0048  0.1763089  0.000e+00
       1589      1.018    14.7570   2.902574     2.8706     2.8168     0.0048  0.1763089  0.000e+00
       1590      1.042    14.7565   2.902437     2.8718     2.8168     0.0048  0.1763089  0.000e+00
       1591      1.018    14.7565   2.902229     2.8706     2.8168     0.0048  0.1763089  0.000e+00
       1592      1.042    14.7566   2.902262     2.8693     2.8168     0.0048  0.1763089  0.000e+00
       1593      1.018    14.7561   2.902306     2.8693     2.8168     0.0048  0.1763089  0.000e+00
       1594      0.985    14.7553   2.902273     2.8718     2.8168     0.0048  0.1763089  0.000e+00
       1595      1.075    14.7565   2.902262     2.8718     2.8168     0.0048  0.1763089  0.000e+00
       1596      0.985    14.7617   2.902508     2.8706     2.8168     0.0048  0.1763089  0.000e+00
       1597      1.018    14.7658   2.903138     2.8706     2.8168     0.0048  0.1763089  0.000e+00
       1598      1.042    14.7672   2.903768     2.8706     2.8168     0.0048  0.1763089  0.000e+00
       1599      1.075    14.7661   2.904037     2.8742     2.8168     0.0048  0.1767973  0.000e+00
       1600      1.042    14.7652   2.904135     2.8718     2.8168     0.0048  0.1763089  0.000e+00
