data/2021/ctd_data_day2/station1.cnv
* Sea-Bird SBE 9 Data File:
* FileName = C:\Users\CTD-User\Desktop\MAR440\day2\station1.hex
* Software Version Seasave V 7.26.2.13
* Temperature SN = 6313
* Conductivity SN = 4758
* Number of Bytes Per Scan = 37
* Number of Voltage Words = 4
* Number of Scans Averaged by the Deck Unit = 1
* NMEA Latitude = 58 20.54 N
* NMEA Longitude = 011 54.21 E
* NMEA UTC (Time) = Sep 22 2021 08:39:44
* NMEA baud rate = 4800
** Ship: Skagerak
** Station: 1
** Operator: JD
# nquan = 9
# nvalues = 2892                                  
# units = specified
# name 0 = scan: Scan Count
# name 1 = prDM: Pressure, Digiquartz [db]
# name 2 = t090C: Temperature [ITS-90, deg C]
# name 3 = c0S/m: Conductivity [S/m]
# name 4 = sbeox0V: Oxygen raw, SBE 43 [V]
# name 5 = sbeox1V: Oxygen raw, SBE 43, 2 [V]
# name 6 = flECO-AFL: Fluorescence, WET Labs ECO-AFL/FL [mg/m^3]
# name 7 = upoly0: Upoly 0, Turbidity
# name 8 = flag:  0.000e+00
# span 0 =          1,       2892                 
# span 1 =      0.589,     14.316                 
# span 2 =    12.0823,    16.0740                 
# span 3 =   2.892084,   3.421117                 
# span 4 =     1.5872,     2.8523                 
# span 5 =     1.5506,     2.7338                 
# span 6 =     0.0046,     0.0064                 
# span 7 =  0.0927924,  0.1938913                 
# span 8 = 0.0000e+00, 0.0000e+00                 
# interval = seconds: 0.0416667
# start_time = Sep 22 2021 08:39:44 [NMEA time, header]
# bad_flag = -9.990e-29
*END*
[from data line 1441]
       1442      7.387    15.6233   3.043075     2.5580     2.4371     0.0048  0.1411441  0.000e+00
       1443      7.329    15.6106   3.039959     2.5580     2.4371     0.0048  0.1411441  0.000e+00
       1444      7.362    15.5913   3.037562     2.5580     2.4371     0.0048  0.1411441  0.000e+00
       1445      7.263    15.5697   3.034665     2.5592     2.4371     0.0048  0.1411441  0.000e+00
       1446      7.362    15.5581   3.031792     2.5604     2.4371     0.0048  0.1430977  0.000e+00
       1447      7.263    15.5416   3.028986     2.5604     2.4371     0.0048  0.1440745  0.000e+00
       1448      7.263    15.5268   3.025947     2.5592     2.4371     0.0048  0.1440745  0.000e+00
       1449      7.238    15.5218   3.024539     2.5592     2.4371     0.0048  0.1440745  0.000e+00
       1450      7.263    15.5200   3.024629     2.5617     2.4371     0.0048  0.1440745  0.000e+00
       1451      7.238    15.4972   3.022393     2.5617     2.4359     0.0048  0.1440745  0.000e+00
       1452      7.263    15.4764   3.017500     2.5604     2.4359     0.0048  0.1440745  0.000e+00
       1453      7.205    15.4662   3.014471     2.5604     2.4359     0.0048  0.1440745  0.000e+00
       1454      7.180    15.4536   3.012727     2.5617     2.4359     0.0048  0.1440745  0.000e+00
       1455      7.205    15.4445   3.010805     2.5629     2.4359     0.0048  0.1440745  0.000e+00
       1456      7.180    15.4428   3.010022     2.5617     2.4359     0.0048  0.1440745  0.000e+00
       1457      7.139    15.4436   3.010105     2.5604     2.4359     0.0048  0.1440745  0.000e+00
       1458      7.081    15.4472   3.010433     2.5617     2.4347     0.0048  0.1440745  0.000e+00
       1459      7.114    15.4496   3.011044     2.5617     2.4347     0.0048  0.1440745  0.000e+00
       1460      7.139    15.4494   3.011027     2.5617     2.4347     0.0048  0.1440745  0.000e+00
       1461      7.056    15.4504   3.010882     2.5604     2.4347     0.0048  0.1440745  0.000e+00
       1462      7.081    15.4498   3.010566     2.5592     2.4347     0.0048  0.1440745  0.000e+00
       1463      7.081    15.4444   3.009455     2.5580     2.4335     0.0048  0.1440745  0.000e+00
       1464      7.056    15.4382   3.007962     2.5580     2.4335     0.0048  0.1440745  0.000e+00
       1465      7.015    15.4301   3.006535     2.5592     2.4335     0.0048  0.1440745  0.000e+00
       1466      7.056    15.4254   3.005475     2.5568     2.4322     0.0048  0.1440745  0.000e+00
       1467      6.957    15.4248   3.005009     2.5556     2.4310     0.0048  0.1440745  0.000e+00
       1468      6.957    15.4303   3.005292     2.5543     2.4310     0.0048  0.1440745  0.000e+00
       1469      6.990    15.4335   3.006035     2.5543     2.4310     0.0048  0.1440745  0.000e+00
       1470      6.957    15.4380   3.006851     2.5543     2.4298     0.0048  0.1440745  0.000e+00
       1471      6.933    15.4470   3.007862     2.5519     2.4286     0.0048  0.1430977  0.000e+00
       1472      6.900    15.4476   3.008622     2.5507     2.4286     0.0048  0.1416325  0.000e+00
       1473      6.900    15.4488   3.008711     2.5494     2.4273     0.0048  0.1411441  0.000e+00
       1474      6.933    15.4547   3.009244     2.5507     2.4261     0.0048  0.1411441  0.000e+00
       1475      6.900    15.4615   3.010416     2.5494     2.4249     0.0048  0.1411441  0.000e+00
       1476      6.809    15.4655   3.011349     2.5482     2.4249     0.0048  0.1411441  0.000e+00
       1477      6.834    15.4684   3.011738     2.5470     2.4249     0.0048  0.1411441  0.000e+00
       1478      6.867    15.4703   3.012037     2.5470     2.4237     0.0048  0.1411441  0.000e+00
       1479      6.776    15.4737   3.012382     2.5470     2.4237     0.0048  0.1411441  0.000e+00
       1480      6.834    15.4793   3.013143     2.5470     2.4225     0.0048  0.1411441  0.000e+00
       1481      6.809    15.4853   3.014037     2.5458     2.4225     0.0048  0.1411441  0.000e+00
       1482      6.710    15.4896   3.014971     2.5433     2.4212     0.0048  0.1411441  0.000e+00
       1483      6.809    15.4920   3.015571     2.5433     2.4225     0.0048  0.1411441  0.000e+00
       1484      6.710    15.4936   3.015910     2.5458     2.4212     0.0048  0.1411441  0.000e+00
       1485      6.776    15.4937   3.016049     2.5446     2.4212     0.0048  0.1411441  0.000e+00
       1486      6.685    15.4946   3.016104     2.5433     2.4212     0.0048  0.1411441  0.000e+00
       1487      6.710    15.4955   3.016332     2.5433     2.4212     0.0048  0.1411441  0.000e+00
       1488      6.627    15.4971   3.016688     2.5433     2.4225     0.0048  0.1411441  0.000e+00
       1489      6.710    15.4966   3.016999     2.5458     2.4225     0.0048  0.1411441  0.000e+00
       1490      6.652    15.4945   3.016882     2.5446     2.4225     0.0048  0.1411441  0.000e+00
       1491      6.627    15.4927   3.016371     2.5446     2.4237     0.0048  0.1411441  0.000e+00
       1492      6.594    15.4941   3.016377     2.5446     2.4237     0.0048  0.1411441  0.000e+00
       1493      6.685    15.4944   3.016432     2.5458     2.4249     0.0048  0.1411441  0.000e+00
       1494      6.594    15.4928   3.016043     2.5470     2.4261     0.0048  0.1411441  0.000e+00
       1495      6.561    15.4862   3.015065     2.5470     2.4261     0.0048  0.1411441  0.000e+00
       1496      6.528    15.4703   3.012565     2.5470     2.4286     0.0048  0.1416325  0.000e+00
       1497      6.594    15.4560   3.009255     2.5482     2.4298     0.0049  0.1470049  0.000e+00
       1498      6.503    15.4447   3.006657     2.5519     2.4310     0.0049  0.1499353  0.000e+00
       1499      6.528    15.4367   3.005219     2.5519     2.4322     0.0049  0.1504237  0.000e+00
       1500      6.503    15.4340   3.004703     2.5519     2.4335     0.0049  0.1499353  0.000e+00
       1501      6.528    15.4358   3.005386     2.5531     2.4347     0.0049  0.1499353  0.000e+00
       1502      6.470    15.4382   3.006363     2.5531     2.4371     0.0049  0.1499353  0.000e+00
       1503      6.446    15.4385   3.006524     2.5568     2.4383     0.0049  0.1499353  0.000e+00
       1504      6.470    15.4382   3.006474     2.5580     2.4408     0.0049  0.1499353  0.000e+00
       1505      6.380    15.4376   3.006551     2.5580     2.4432     0.0049  0.1499353  0.000e+00
       1506      6.404    15.4347   3.006307     2.5592     2.4444     0.0049  0.1499353  0.000e+00
       1507      6.404    15.4240   3.005342     2.5617     2.4469     0.0049  0.1499353  0.000e+00
       1508      6.380    15.4201   3.003743     2.5653     2.4481     0.0049  0.1499353  0.000e+00
       1509      6.404    15.4211   3.002961     2.5665     2.4505     0.0049  0.1499353  0.000e+00
       1510      6.322    15.4211   3.002778     2.5665     2.4530     0.0049  0.1499353  0.000e+00
       1511      6.347    15.4135   3.001563     2.5678     2.4542     0.0049  0.1499353  0.000e+00
       1512      6.322    15.3944   2.998385     2.5690     2.4567     0.0049  0.1499353  0.000e+00
       1513      6.347    15.3802   2.995147     2.5726     2.4591     0.0049  0.1499353  0.000e+00
       1514      6.281    15.3735   2.993318     2.5726     2.4615     0.0049  0.1499353  0.000e+00
       1515      6.256    15.3704   2.992947     2.5739     2.4640     0.0049  0.1499353  0.000e+00
       1516      6.281    15.3693   2.993402     2.5751     2.4664     0.0051  0.1499353  0.000e+00
       1517      6.256    15.3731   2.994094     2.5775     2.4676     0.0049  0.1499353  0.000e+00
       1518      6.223    15.3808   2.995253     2.5812     2.4701     0.0049  0.1499353  0.000e+00
       1519      6.198    15.3947   2.997276     2.5812     2.4725     0.0049  0.1499353  0.000e+00
       1520      6.223    15.4037   2.999278     2.5824     2.4750     0.0049  0.1499353  0.000e+00
       1521      6.165    15.4040   2.999816     2.5836     2.4774     0.0049  0.1499353  0.000e+00
       1522      6.198    15.3998   2.999123     2.5861     2.4786     0.0049  0.1523773  0.000e+00
       1523      6.165    15.3935   2.997758     2.5873     2.4811     0.0048  0.1557961  0.000e+00
       1524      6.132    15.3842   2.996239     2.5885     2.4835     0.0048  0.1562845  0.000e+00
       1525      6.099    15.3827   2.995147     2.5897     2.4860     0.0048  0.1562845  0.000e+00
       1526      6.099    15.3856   2.994892     2.5922     2.4872     0.0048  0.1562845  0.000e+00
       1527      6.132    15.3864   2.995053     2.5946     2.4896     0.0048  0.1557961  0.000e+00
       1528      6.041    15.3884   2.995630     2.5958     2.4921     0.0048  0.1562845  0.000e+00
       1529      6.074    15.3945   2.997309     2.5958     2.4933     0.0048  0.1562845  0.000e+00
       1530      6.099    15.4051   2.999599     2.5971     2.4945     0.0048  0.1557961  0.000e+00
       1531      6.016    15.4093   3.001119     2.5983     2.4982     0.0048  0.1557961  0.000e+00
       1532      6.041    15.4111   3.001380     2.6007     2.4994     0.0048  0.1557961  0.000e+00
       1533      5.975    15.4123   3.001263     2.6020     2.5006     0.0048  0.1557961  0.000e+00
       1534      6.016    15.4148   3.001102     2.6020     2.5031     0.0048  0.1562845  0.000e+00
       1535      5.975    15.4176   3.001291     2.6032     2.5043     0.0048  0.1562845  0.000e+00
       1536      5.950    15.4196   3.001546     2.6044     2.5055     0.0048  0.1562845  0.000e+00
       1537      5.917    15.4226   3.002012     2.6081     2.5079     0.0048  0.1562845  0.000e+00
       1538      5.950    15.4230   3.002378     2.6081     2.5092     0.0048  0.1562845  0.000e+00
       1539      5.917    15.4179   3.001513     2.6081     2.5116     0.0048  0.1557961  0.000e+00
       1540      5.917    15.4115   2.999988     2.6093     2.5128     0.0048  0.1562845  0.000e+00
       1541      5.893    15.4045   2.998518     2.6105     2.5140     0.0048  0.1562845  0.000e+00
       1542      5.860    15.3928   2.996744     2.6129     2.5165     0.0048  0.1562845  0.000e+00
       1543      5.893    15.3835   2.994876     2.6129     2.5177     0.0048  0.1562845  0.000e+00
       1544      5.860    15.3747   2.993407     2.6142     2.5189     0.0048  0.1562845  0.000e+00
       1545      5.827    15.3595   2.991141     2.6154     2.5201     0.0048  0.1562845  0.000e+00
       1546      5.860    15.3457   2.988122     2.6178     2.5226     0.0048  0.1562845  0.000e+00
       1547      5.794    15.3389   2.986383     2.6203     2.5238     0.0048  0.1562845  0.000e+00
       1548      5.827    15.3376   2.986190     2.6190     2.5250     0.0046  0.1577497  0.000e+00
       1549      5.736    15.3416   2.986837     2.6203     2.5263     0.0046  0.1587265  0.000e+00
       1550      5.769    15.3400   2.987264     2.6215     2.5275     0.0046  0.1587265  0.000e+00
       1551      5.793    15.3354   2.986384     2.6252     2.5287     0.0046  0.1587265  0.000e+00
       1552      5.711    15.3340   2.985210     2.6252     2.5299     0.0046  0.1582381  0.000e+00
       1553      5.736    15.3358   2.985243     2.6252     2.5311     0.0046  0.1587265  0.000e+00
       1554      5.736    15.3309   2.985409     2.6264     2.5336     0.0046  0.1587265  0.000e+00
       1555      5.711    15.3208   2.983610     2.6276     2.5336     0.0046  0.1587265  0.000e+00
       1556      5.736    15.3076   2.980544     2.6313     2.5348     0.0046  0.1587265  0.000e+00
       1557      5.645    15.2869   2.977314     2.6313     2.5360     0.0046  0.1587265  0.000e+00
       1558      5.670    15.2693   2.974931     2.6313     2.5372     0.0046  0.1587265  0.000e+00
       1559      5.645    15.2661   2.974140     2.6325     2.5397     0.0046  0.1582381  0.000e+00
       1560      5.612    15.2782   2.974737     2.6349     2.5397     0.0046  0.1582381  0.000e+00
       1561      5.612    15.2881   2.976164     2.6361     2.5397     0.0046  0.1587265  0.000e+00
       1562      5.645    15.2886   2.976921     2.6374     2.5409     0.0046  0.1587265  0.000e+00
       1563      5.612    15.2877   2.976700     2.6374     2.5409     0.0046  0.1587265  0.000e+00
       1564      5.587    15.2987   2.977408     2.6386     2.5421     0.0046  0.1587265  0.000e+00
       1565      5.612    15.3097   2.979432     2.6410     2.5421     0.0046  0.1587265  0.000e+00
       1566      5.521    15.3181   2.981679     2.6422     2.5421     0.0046  0.1587265  0.000e+00
       1567      5.554    15.3284   2.983571     2.6410     2.5433     0.0046  0.1587265  0.000e+00
       1568      5.554    15.3367   2.985016     2.6422     2.5433     0.0046  0.1587265  0.000e+00
       1569      5.521    15.3426   2.986239     2.6447     2.5433     0.0046  0.1587265  0.000e+00
       1570      5.488    15.3454   2.987203     2.6459     2.5433     0.0046  0.1587265  0.000e+00
       1571      5.463    15.3463   2.987546     2.6471     2.5433     0.0046  0.1587265  0.000e+00
       1572      5.488    15.3374   2.986505     2.6471     2.5446     0.0046  0.1587265  0.000e+00
       1573      5.463    15.3225   2.984003     2.6471     2.5446     0.0046  0.1592149  0.000e+00
       1574      5.488    15.3117   2.981424     2.6496     2.5446     0.0048  0.1606801  0.000e+00
       1575      5.488    15.3004   2.979167     2.6496     2.5446     0.0048  0.1611685  0.000e+00
       1576      5.397    15.2886   2.976136     2.6508     2.5446     0.0048  0.1611685  0.000e+00
       1577      5.430    15.2717   2.972366     2.6508     2.5458     0.0048  0.1611685  0.000e+00
       1578      5.397    15.2597   2.969570     2.6508     2.5458     0.0048  0.1611685  0.000e+00
       1579      5.430    15.2527   2.968178     2.6520     2.5458     0.0048  0.1611685  0.000e+00
       1580      5.340    15.2444   2.967023     2.6545     2.5458     0.0048  0.1606801  0.000e+00
       1581      5.430    15.2368   2.965858     2.6545     2.5458     0.0048  0.1611685  0.000e+00
       1582      5.339    15.2260   2.952703     2.6532     2.5458     0.0048  0.1606801  0.000e+00
       1583      5.364    15.2149   2.931775     2.6545     2.5470     0.0048  0.1611685  0.000e+00
       1584      5.306    15.2066   2.938118     2.6557     2.5470     0.0048  0.1611685  0.000e+00
       1585      5.339    15.1995   2.952919     2.6581     2.5482     0.0048  0.1611685  0.000e+00
       1586      5.306    15.1949   2.957893     2.6593     2.5482     0.0048  0.1611685  0.000e+00
       1587      5.282    15.1948   2.958307     2.6581     2.5482     0.0048  0.1611685  0.000e+00
       1588      5.306    15.1967   2.958439     2.6581     2.5495     0.0048  0.1611685  0.000e+00
       1589      5.282    15.2014   2.959002     2.6606     2.5495     0.0048  0.1606801  0.000e+00
       1590      5.240    15.2098   2.960310     2.6618     2.5507     0.0048  0.1606801  0.000e+00
       1591      5.240    15.2151   2.961497     2.6618     2.5519     0.0048  0.1611685  0.000e+00
       1592      5.216    15.2127   2.961767     2.6618     2.5519     0.0048  0.1611685  0.000e+00
       1593      5.240    15.2139   2.961662     2.6630     2.5531     0.0048  0.1611685  0.000e+00
       1594      5.216    15.2203   2.962391     2.6642     2.5543     0.0048  0.1611685  0.000e+00
       1595      5.240    15.2336   2.964345     2.6654     2.5556     0.0048  0.1611685  0.000e+00
       1596      5.158    15.2519   2.968205     2.6654     2.5556     0.0048  0.1611685  0.000e+00
       1597      5.183    15.2785   2.973615     2.6667     2.5568     0.0048  0.1611685  0.000e+00
       1598      5.158    15.2995   2.979112     2.6667     2.5580     0.0048  0.1611685  0.000e+00
       1599      5.125    15.3164   2.984031     2.6691     2.5580     0.0048  0.1660525  0.000e+00
       1600      5.125    15.3260   2.986788     2.6691     2.5592     0.0048  0.1689829  0.000e+00
