data/2021/ctd_data_day2/station10_ctm_fil_le_der.cnv
* Sea-Bird SBE 9 Data File:
* FileName = C:\Users\CTD-User\Desktop\MAR440\day2\station10.hex
* Software Version Seasave V 7.26.2.13
* Temperature SN = 6313
* Conductivity SN = 4758
* Number of Bytes Per Scan = 37
* Number of Voltage Words = 4
* Number of Scans Averaged by the Deck Unit = 1
* NMEA Latitude = 58 20.25 N
* NMEA Longitude = 011 53.24 E
* NMEA UTC (Time) = Sep 22 2021 12:19:36
* NMEA baud rate = 4800
** Ship: Skagerrak
** Station: station10
** Operator: group2green
# nquan = 13                                
# nvalues = 2945                        
# units = specified
# name 0 = scan: Scan Count
# name 1 = prDM: Pressure, Digiquartz [db]
# name 2 = t090C: Temperature [ITS-90, deg C]
# name 3 = c0S/m: Conductivity [S/m]
# name 4 = sbeox0V: Oxygen raw, SBE 43 [V]
# name 5 = sbeox1V: Oxygen raw, SBE 43, 2 [V]
# name 6 = flECO-AFL: Fluorescence, WET Labs ECO-AFL/FL [mg/m^3]
# name 7 = upoly0: Upoly 0, Turbidity
# name 8 = depSM: Depth [salt water, m], lat = 58.3375
# name 9 = sal00: Salinity, Practical [PSU]
# name 10 = sbeox0ML/L: Oxygen, SBE 43 [ml/l], WS = 2
# name 11 = sbeox1ML/L: Oxygen, SBE 43, 2 [ml/l], WS = 2
# name 12 = flag: flag
# span 0 =          1,       2945       
# span 1 =      1.437,     39.632       
# span 2 =     7.9679,    15.8524       
# span 3 =   2.829968,   3.458167       
# span 4 =     0.4799,     2.9159       
# span 5 =     0.5511,     2.8625       
# span 6 =     0.0033,     0.0148       
# span 7 =  0.0884141,  0.2199261       
# span 8 =      1.424,     39.260       
# span 9 =    21.9960,    32.1326       
# span 10 =    -0.1130,     7.2268      
# span 11 =     0.2181,     6.1806      
# span 12 = 0.0000e+00, 0.0000e+00      
# interval = seconds: 0.0416667
# start_time = Sep 22 2021 12:19:36 [NMEA time, header]
# bad_flag = -9.990e-29
*END*
[from data line 1001]
       1002      1.456    14.6994   2.833784     2.8705     2.8351     0.0057  0.2058224      1.442    22.2599     7.1680     6.1369 -9.990e-29
       1003      1.457    14.6986   2.833577     2.8711     2.8354     0.0057  0.2056629      1.443    22.2586     7.1684     6.1369 -9.990e-29
       1004      1.458    14.6979   2.833385     2.8717     2.8357     0.0057  0.2054833      1.444    22.2573     7.1688     6.1369 -9.990e-29
       1005      1.459    14.6972   2.833204     2.8722     2.8360     0.0055  0.2052825      1.445    22.2562     7.1689     6.1370 -9.990e-29
       1006      1.460    14.6966   2.833036     2.8727     2.8363     0.0057  0.2050589      1.446    22.2551     7.1690     6.1370 -9.990e-29
       1007      1.461    14.6961   2.832881     2.8732     2.8366     0.0057  0.2048112      1.447    22.2540     7.1690     6.1371 -9.990e-29
       1008      1.462    14.6956   2.832737     2.8737     2.8368     0.0057  0.2045374      1.448    22.2530     7.1691     6.1369 -9.990e-29
       1009      1.463    14.6951   2.832600     2.8742     2.8371     0.0055  0.2042392      1.449    22.2521     7.1692     6.1370 -9.990e-29
       1010      1.463    14.6945   2.832463     2.8746     2.8373     0.0055  0.2039315      1.449    22.2513     7.1691     6.1369 -9.990e-29
       1011      1.464    14.6940   2.832322     2.8751     2.8375     0.0053  0.2036392      1.450    22.2504     7.1693     6.1368 -9.990e-29
       1012      1.465    14.6934   2.832176     2.8755     2.8377     0.0053  0.2033774      1.451    22.2494     7.1692     6.1368 -9.990e-29
       1013      1.465    14.6927   2.832025     2.8760     2.8379     0.0053  0.2031467      1.451    22.2485     7.1695     6.1369 -9.990e-29
       1014      1.465    14.6920   2.831868     2.8764     2.8381     0.0053  0.2029439      1.451    22.2476     7.1695     6.1370 -9.990e-29
       1015      1.466    14.6913   2.831706     2.8768     2.8383     0.0053  0.2027667      1.452    22.2466     7.1696     6.1372 -9.990e-29
       1016      1.466    14.6905   2.831538     2.8772     2.8384     0.0053  0.2026138      1.452    22.2456     7.1697     6.1372 -9.990e-29
       1017      1.466    14.6897   2.831366     2.8775     2.8386     0.0053  0.2024843      1.452    22.2446     7.1696     6.1376 -9.990e-29
       1018      1.467    14.6889   2.831195     2.8779     2.8388     0.0053  0.2023772      1.453    22.2435     7.1699     6.1379 -9.990e-29
       1019      1.467    14.6882   2.831027     2.8783     2.8390     0.0053  0.2022917      1.453    22.2425     7.1702     6.1383 -9.990e-29
       1020      1.467    14.6875   2.830864     2.8786     2.8392     0.0053  0.2022273      1.453    22.2415     7.1703     6.1388 -9.990e-29
       1021      1.467    14.6869   2.830707     2.8790     2.8393     0.0053  0.2021835      1.453    22.2404     7.1707     6.1391 -9.990e-29
       1022      1.467    14.6863   2.830556     2.8794     2.8395     0.0053  0.2021600      1.453    22.2395     7.1712     6.1396 -9.990e-29
       1023      1.467    14.6858   2.830412     2.8797     2.8397     0.0053  0.2021567      1.453    22.2385     7.1714     6.1403 -9.990e-29
       1024      1.467    14.6854   2.830280     2.8800     2.8399     0.0053  0.2021735      1.453    22.2376     7.1717     6.1410 -9.990e-29
       1025      1.467    14.6851   2.830165     2.8804     2.8401     0.0053  0.2022105      1.453    22.2368     7.1723     6.1416 -9.990e-29
       1026      1.467    14.6849   2.830073     2.8807     2.8403     0.0053  0.2022681      1.453    22.2361     7.1726     6.1424 -9.990e-29
       1027      1.467    14.6849   2.830008     2.8810     2.8406     0.0053  0.2023465      1.453    22.2355     7.1730     6.1434 -9.990e-29
       1028      1.468    14.6850   2.829972     2.8814     2.8408     0.0053  0.2024464      1.454    22.2352     7.1737     6.1441 -9.990e-29
       1029      1.468    14.6852   2.829968     2.8817     2.8410     0.0053  0.2025684      1.454    22.2350     7.1742     6.1448 -9.990e-29
       1030      1.468    14.6856   2.829996     2.8820     2.8412     0.0053  0.2027135      1.454    22.2350     7.1747     6.1455 -9.990e-29
       1031      1.469    14.6861   2.830054     2.8823     2.8415     0.0053  0.2028825      1.455    22.2353     7.1752     6.1465 -9.990e-29
       1032      1.469    14.6867   2.830138     2.8827     2.8417     0.0053  0.2030767      1.455    22.2356     7.1760     6.1472 -9.990e-29
       1033      1.470    14.6874   2.830246     2.8830     2.8420     0.0053  0.2032974      1.456    22.2362     7.1766     6.1482 -9.990e-29
       1034      1.471    14.6881   2.830374     2.8833     2.8422     0.0053  0.2035461      1.457    22.2369     7.1772     6.1489 -9.990e-29
       1035      1.472    14.6888   2.830514     2.8836     2.8425     0.0053  0.2038179      1.458    22.2377     7.1779     6.1499 -9.990e-29
       1036      1.472    14.6895   2.830656     2.8840     2.8427     0.0055  0.2040959      1.458    22.2385     7.1789     6.1507 -9.990e-29
       1037      1.473    14.6902   2.830796     2.8843     2.8430     0.0055  0.2043633      1.459    22.2393     7.1796     6.1517 -9.990e-29
       1038      1.474    14.6908   2.830932     2.8846     2.8433     0.0055  0.2046144      1.460    22.2402     7.1805     6.1527 -9.990e-29
       1039      1.476    14.6914   2.831062     2.8849     2.8436     0.0055  0.2048508      1.462    22.2410     7.1813     6.1537 -9.990e-29
       1040      1.477    14.6919   2.831183     2.8853     2.8439     0.0055  0.2050752      1.463    22.2417     7.1826     6.1547 -9.990e-29
       1041      1.478    14.6923   2.831294     2.8856     2.8441     0.0055  0.2052891      1.464    22.2424     7.1835     6.1554 -9.990e-29
       1042      1.479    14.6927   2.831395     2.8859     2.8444     0.0055  0.2054939      1.465    22.2431     7.1845     6.1564 -9.990e-29
       1043      1.480    14.6930   2.831487     2.8863     2.8447     0.0055  0.2056911      1.466    22.2437     7.1859     6.1574 -9.990e-29
       1044      1.482    14.6933   2.831571     2.8866     2.8450     0.0055  0.2058820      1.468    22.2443     7.1869     6.1584 -9.990e-29
       1045      1.484    14.6935   2.831644     2.8869     2.8453     0.0055  0.2060680      1.470    22.2448     7.1880     6.1594 -9.990e-29
       1046      1.485    14.6937   2.831703     2.8873     2.8456     0.0055  0.2062504      1.471    22.2452     7.1894     6.1604 -9.990e-29
       1047      1.487    14.6937   2.831749     2.8876     2.8460     0.0055  0.2064304      1.473    22.2456     7.1906     6.1616 -9.990e-29
       1048      1.489    14.6938   2.831781     2.8880     2.8463     0.0055  0.2066093      1.475    22.2458     7.1920     6.1625 -9.990e-29
       1049      1.491    14.6938   2.831804     2.8883     2.8466     0.0055  0.2067884      1.477    22.2460     7.1932     6.1634 -9.990e-29
       1050      1.494    14.6938   2.831823     2.8886     2.8469     0.0055  0.2069688      1.480    22.2462     7.1944     6.1643 -9.990e-29
       1051      1.496    14.6939   2.831844     2.8890     2.8472     0.0055  0.2071519      1.482    22.2463     7.1959     6.1652 -9.990e-29
       1052      1.498    14.6940   2.831870     2.8893     2.8474     0.0055  0.2073389      1.484    22.2465     7.1971     6.1658 -9.990e-29
       1053      1.500    14.6942   2.831904     2.8897     2.8477     0.0055  0.2075310      1.486    22.2466     7.1985     6.1667 -9.990e-29
       1054      1.502    14.6944   2.831947     2.8900     2.8480     0.0055  0.2077298      1.488    22.2469     7.1997     6.1674 -9.990e-29
       1055      1.505    14.6946   2.831994     2.8904     2.8483     0.0055  0.2079365      1.491    22.2472     7.2010     6.1682 -9.990e-29
       1056      1.507    14.6948   2.832042     2.8908     2.8486     0.0055  0.2081525      1.493    22.2475     7.2024     6.1690 -9.990e-29
       1057      1.509    14.6949   2.832084     2.8912     2.8489     0.0055  0.2083794      1.495    22.2478     7.2038     6.1697 -9.990e-29
       1058      1.511    14.6948   2.832107     2.8916     2.8492     0.0055  0.2086188      1.497    22.2480     7.2053     6.1705 -9.990e-29
       1059      1.514    14.6946   2.832104     2.8920     2.8495     0.0055  0.2088722      1.500    22.2481     7.2067     6.1712 -9.990e-29
       1060      1.516    14.6942   2.832069     2.8924     2.8498     0.0055  0.2091399      1.502    22.2481     7.2081     6.1720 -9.990e-29
       1061      1.519    14.6937   2.832003     2.8928     2.8501     0.0055  0.2094134      1.505    22.2478     7.2095     6.1728 -9.990e-29
       1062      1.521    14.6931   2.831912     2.8932     2.8504     0.0055  0.2096768      1.507    22.2473     7.2110     6.1735 -9.990e-29
       1063      1.524    14.6925   2.831804     2.8936     2.8507     0.0055  0.2099201      1.510    22.2467     7.2124     6.1743 -9.990e-29
       1064      1.528    14.6919   2.831691     2.8940     2.8510     0.0055  0.2101424      1.514    22.2461     7.2137     6.1750 -9.990e-29
       1065      1.531    14.6915   2.831589     2.8944     2.8513     0.0055  0.2103452      1.517    22.2454     7.2150     6.1758 -9.990e-29
       1066      1.535    14.6912   2.831509     2.8948     2.8516     0.0055  0.2105291      1.521    22.2449     7.2163     6.1764 -9.990e-29
       1067      1.539    14.6911   2.831460     2.8952     2.8519     0.0055  0.2106946      1.525    22.2445     7.2175     6.1770 -9.990e-29
       1068      1.544    14.6912   2.831445     2.8956     2.8522     0.0055  0.2108427      1.530    22.2444     7.2186     6.1776 -9.990e-29
       1069      1.548    14.6914   2.831466     2.8960     2.8525     0.0055  0.2109737      1.534    22.2444     7.2197     6.1781 -9.990e-29
       1070      1.554    14.6918   2.831524     2.8964     2.8528     0.0055  0.2110877      1.540    22.2447     7.2207     6.1786 -9.990e-29
       1071      1.559    14.6924   2.831619     2.8968     2.8531     0.0055  0.2111854      1.545    22.2452     7.2216     6.1790 -9.990e-29
       1072      1.565    14.6932   2.831749     2.8972     2.8534     0.0055  0.2112674      1.550    22.2458     7.2225     6.1795 -9.990e-29
       1073      1.571    14.6941   2.831915     2.8976     2.8536     0.0055  0.2113345      1.556    22.2468     7.2233     6.1796 -9.990e-29
       1074      1.577    14.6952   2.832117     2.8980     2.8539     0.0055  0.2113878      1.562    22.2479     7.2241     6.1799 -9.990e-29
       1075      1.585    14.6966   2.832359     2.8984     2.8542     0.0055  0.2114295      1.570    22.2492     7.2247     6.1802 -9.990e-29
       1076      1.592    14.6981   2.832643     2.8988     2.8545     0.0055  0.2114599      1.577    22.2508     7.2253     6.1805 -9.990e-29
       1077      1.601    14.6999   2.832972     2.8991     2.8547     0.0055  0.2114774      1.586    22.2526     7.2255     6.1804 -9.990e-29
       1078      1.609    14.7019   2.833348     2.8995     2.8550     0.0055  0.2114822      1.594    22.2547     7.2260     6.1805 -9.990e-29
       1079      1.618    14.7041   2.833774     2.8998     2.8553     0.0055  0.2114752      1.603    22.2571     7.2261     6.1806 -9.990e-29
       1080      1.627    14.7065   2.834247     2.9002     2.8555     0.0055  0.2114563      1.612    22.2598     7.2264     6.1803 -9.990e-29
       1081      1.637    14.7091   2.834763     2.9006     2.8558     0.0055  0.2114253      1.622    22.2628     7.2266     6.1803 -9.990e-29
       1082      1.647    14.7117   2.835315     2.9009     2.8560     0.0055  0.2113813      1.632    22.2661     7.2266     6.1800 -9.990e-29
       1083      1.657    14.7144   2.835893     2.9013     2.8563     0.0055  0.2113231      1.642    22.2696     7.2268     6.1799 -9.990e-29
       1084      1.667    14.7171   2.836489     2.9016     2.8565     0.0055  0.2112502      1.651    22.2732     7.2266     6.1795 -9.990e-29
       1085      1.678    14.7197   2.837097     2.9020     2.8568     0.0055  0.2111639      1.662    22.2769     7.2268     6.1794 0.0000e+00
       1086      1.689    14.7224   2.837714     2.9023     2.8570     0.0055  0.2110686      1.673    22.2807     7.2267     6.1789 0.0000e+00
       1087      1.700    14.7252   2.838340     2.9026     2.8572     0.0055  0.2109705      1.684    22.2845     7.2265     6.1785 0.0000e+00
       1088      1.711    14.7278   2.838969     2.9029     2.8575     0.0055  0.2108740      1.695    22.2885     7.2264     6.1783 0.0000e+00
       1089      1.723    14.7305   2.839597     2.9032     2.8577     0.0055  0.2107801      1.707    22.2924     7.2263     6.1779 0.0000e+00
       1090      1.735    14.7331   2.840223     2.9036     2.8579     0.0055  0.2106882      1.719    22.2963     7.2264     6.1774 0.0000e+00
       1091      1.747    14.7358   2.840843     2.9039     2.8581     0.0055  0.2105977      1.731    22.3001     7.2263     6.1770 0.0000e+00
       1092      1.760    14.7383   2.841455     2.9042     2.8583     0.0055  0.2105078      1.744    22.3039     7.2261     6.1765 0.0000e+00
       1093      1.772    14.7408   2.842057     2.9045     2.8585     0.0055  0.2104180      1.756    22.3077     7.2260     6.1761 0.0000e+00
       1094      1.785    14.7432   2.842644     2.9048     2.8587     0.0055  0.2103276      1.768    22.3114     7.2259     6.1757 0.0000e+00
       1095      1.798    14.7455   2.843211     2.9051     2.8589     0.0053  0.2102361      1.781    22.3150     7.2259     6.1753 0.0000e+00
       1096      1.811    14.7478   2.843762     2.9054     2.8591     0.0055  0.2101428      1.794    22.3184     7.2258     6.1749 0.0000e+00
       1097      1.825    14.7500   2.844300     2.9057     2.8593     0.0055  0.2100470      1.808    22.3218     7.2257     6.1745 0.0000e+00
       1098      1.838    14.7523   2.844831     2.9060     2.8595     0.0055  0.2099480      1.821    22.3251     7.2257     6.1741 0.0000e+00
       1099      1.852    14.7545   2.845359     2.9063     2.8597     0.0055  0.2098453      1.835    22.3284     7.2256     6.1737 0.0000e+00
       1100      1.866    14.7567   2.845885     2.9066     2.8599     0.0055  0.2097380      1.849    22.3317     7.2256     6.1733 0.0000e+00
       1101      1.880    14.7589   2.846411     2.9069     2.8600     0.0055  0.2096255      1.863    22.3350     7.2255     6.1726 0.0000e+00
       1102      1.894    14.7611   2.846941     2.9072     2.8602     0.0055  0.2095068      1.876    22.3383     7.2255     6.1722 0.0000e+00
       1103      1.908    14.7634   2.847477     2.9075     2.8603     0.0055  0.2093813      1.890    22.3416     7.2254     6.1715 0.0000e+00
       1104      1.922    14.7657   2.848021     2.9077     2.8605     0.0055  0.2092480      1.904    22.3450     7.2251     6.1711 0.0000e+00
       1105      1.936    14.7680   2.848577     2.9080     2.8606     0.0055  0.2091061      1.918    22.3484     7.2250     6.1704 0.0000e+00
       1106      1.951    14.7705   2.849146     2.9083     2.8608     0.0055  0.2089544      1.933    22.3519     7.2248     6.1699 0.0000e+00
       1107      1.965    14.7730   2.849735     2.9085     2.8609     0.0055  0.2087921      1.947    22.3556     7.2244     6.1692 0.0000e+00
       1108      1.980    14.7756   2.850346     2.9088     2.8610     0.0055  0.2086179      1.962    22.3594     7.2243     6.1684 0.0000e+00
       1109      1.994    14.7783   2.850981     2.9091     2.8611     0.0055  0.2084306      1.975    22.3633     7.2241     6.1676 0.0000e+00
       1110      2.009    14.7811   2.851637     2.9093     2.8612     0.0055  0.2082289      1.990    22.3674     7.2236     6.1668 0.0000e+00
       1111      2.025    14.7840   2.852307     2.9096     2.8613     0.0055  0.2080131      2.006    22.3715     7.2234     6.1660 0.0000e+00
