data/2021/ctd_data_day2/station10_ctm_fil_le_der.cnv
* Sea-Bird SBE 9 Data File:
* FileName = C:\Users\CTD-User\Desktop\MAR440\day2\station10.hex
* Software Version Seasave V 7.26.2.13
* Temperature SN = 6313
* Conductivity SN = 4758
* Number of Bytes Per Scan = 37
* Number of Voltage Words = 4
* Number of Scans Averaged by the Deck Unit = 1
* NMEA Latitude = 58 20.25 N
* NMEA Longitude = 011 53.24 E
* NMEA UTC (Time) = Sep 22 2021 12:19:36
* NMEA baud rate = 4800
** Ship: Skagerrak
** Station: station10
** Operator: group2green
# nquan = 13                                
# nvalues = 2945                        
# units = specified
# name 0 = scan: Scan Count
# name 1 = prDM: Pressure, Digiquartz [db]
# name 2 = t090C: Temperature [ITS-90, deg C]
# name 3 = c0S/m: Conductivity [S/m]
# name 4 = sbeox0V: Oxygen raw, SBE 43 [V]
# name 5 = sbeox1V: Oxygen raw, SBE 43, 2 [V]
# name 6 = flECO-AFL: Fluorescence, WET Labs ECO-AFL/FL [mg/m^3]
# name 7 = upoly0: Upoly 0, Turbidity
# name 8 = depSM: Depth [salt water, m], lat = 58.3375
# name 9 = sal00: Salinity, Practical [PSU]
# name 10 = sbeox0ML/L: Oxygen, SBE 43 [ml/l], WS = 2
# name 11 = sbeox1ML/L: Oxygen, SBE 43, 2 [ml/l], WS = 2
# name 12 = flag: flag
# span 0 =          1,       2945       
# span 1 =      1.437,     39.632       
# span 2 =     7.9679,    15.8524       
# span 3 =   2.829968,   3.458167       
# span 4 =     0.4799,     2.9159       
# span 5 =     0.5511,     2.8625       
# span 6 =     0.0033,     0.0148       
# span 7 =  0.0884141,  0.2199261       
# span 8 =      1.424,     39.260       
# span 9 =    21.9960,    32.1326       
# span 10 =    -0.1130,     7.2268      
# span 11 =     0.2181,     6.1806      
# span 12 = 0.0000e+00, 0.0000e+00      
# interval = seconds: 0.0416667
# start_time = Sep 22 2021 12:19:36 [NMEA time, header]
# bad_flag = -9.990e-29
*END*
[from data line 889]
        890      1.511    14.8362   2.868145     2.7680     2.7896     0.0062  0.1997886      1.497    22.4784     6.9504     6.0470 -9.990e-29
        891      1.508    14.8333   2.867468     2.7695     2.7904     0.0062  0.1997633      1.494    22.4742     6.9540     6.0480 -9.990e-29
        892      1.506    14.8304   2.866779     2.7709     2.7912     0.0062  0.1997414      1.492    22.4699     6.9573     6.0490 -9.990e-29
        893      1.504    14.8274   2.866083     2.7724     2.7920     0.0062  0.1997228      1.490    22.4656     6.9610     6.0500 -9.990e-29
        894      1.502    14.8244   2.865384     2.7738     2.7927     0.0062  0.1997075      1.488    22.4613     6.9642     6.0508 -9.990e-29
        895      1.500    14.8214   2.864684     2.7752     2.7935     0.0062  0.1996952      1.486    22.4570     6.9675     6.0519 -9.990e-29
        896      1.498    14.8185   2.863983     2.7766     2.7942     0.0062  0.1996860      1.484    22.4526     6.9707     6.0526 -9.990e-29
        897      1.496    14.8156   2.863283     2.7780     2.7949     0.0062  0.1996797      1.482    22.4483     6.9739     6.0534 -9.990e-29
        898      1.494    14.8126   2.862587     2.7794     2.7956     0.0062  0.1996762      1.480    22.4440     6.9771     6.0541 -9.990e-29
        899      1.493    14.8097   2.861893     2.7808     2.7963     0.0062  0.1996757      1.479    22.4396     6.9802     6.0549 -9.990e-29
        900      1.491    14.8068   2.861197     2.7821     2.7970     0.0062  0.1996780      1.477    22.4353     6.9830     6.0556 -9.990e-29
        901      1.489    14.8038   2.860495     2.7835     2.7977     0.0062  0.1996832      1.475    22.4310     6.9860     6.0564 -9.990e-29
        902      1.487    14.8007   2.859779     2.7848     2.7983     0.0062  0.1996913      1.473    22.4266     6.9888     6.0569 -9.990e-29
        903      1.484    14.7975   2.859047     2.7862     2.7989     0.0062  0.1997024      1.470    22.4221     6.9919     6.0574 -9.990e-29
        904      1.482    14.7942   2.858296     2.7875     2.7996     0.0062  0.1997165      1.468    22.4175     6.9946     6.0582 -9.990e-29
        905      1.481    14.7908   2.857522     2.7888     2.8002     0.0062  0.1997338      1.467    22.4128     6.9974     6.0588 -9.990e-29
        906      1.479    14.7873   2.856724     2.7901     2.8008     0.0062  0.1997544      1.465    22.4079     7.0002     6.0594 -9.990e-29
        907      1.477    14.7836   2.855899     2.7913     2.8014     0.0062  0.1997783      1.463    22.4029     7.0026     6.0600 -9.990e-29
        908      1.475    14.7799   2.855048     2.7926     2.8019     0.0066  0.1998050      1.461    22.3976     7.0054     6.0604 -9.990e-29
        909      1.473    14.7762   2.854178     2.7938     2.8025     0.0066  0.1998330      1.459    22.3922     7.0079     6.0610 -9.990e-29
        910      1.471    14.7725   2.853298     2.7950     2.8030     0.0066  0.1998615      1.457    22.3868     7.0103     6.0614 -9.990e-29
        911      1.469    14.7688   2.852416     2.7962     2.8035     0.0066  0.1998915      1.455    22.3813     7.0128     6.0619 -9.990e-29
        912      1.468    14.7652   2.851540     2.7974     2.8040     0.0066  0.1999243      1.454    22.3758     7.0153     6.0623 -9.990e-29
        913      1.466    14.7616   2.850676     2.7985     2.8045     0.0066  0.1999591      1.452    22.3704     7.0174     6.0628 -9.990e-29
        914      1.465    14.7580   2.849830     2.7997     2.8050     0.0066  0.1999954      1.451    22.3651     7.0198     6.0632 -9.990e-29
        915      1.464    14.7546   2.849001     2.8008     2.8054     0.0066  0.2000333      1.450    22.3599     7.0219     6.0634 -9.990e-29
        916      1.463    14.7513   2.848192     2.8020     2.8059     0.0066  0.2000732      1.449    22.3548     7.0243     6.0639 -9.990e-29
        917      1.462    14.7480   2.847404     2.8031     2.8063     0.0066  0.2001153      1.448    22.3499     7.0263     6.0641 -9.990e-29
        918      1.461    14.7450   2.846641     2.8041     2.8067     0.0066  0.2001600      1.447    22.3450     7.0280     6.0643 -9.990e-29
        919      1.460    14.7420   2.845903     2.8052     2.8071     0.0066  0.2002075      1.446    22.3403     7.0301     6.0645 -9.990e-29
        920      1.459    14.7393   2.845194     2.8062     2.8075     0.0066  0.2002581      1.445    22.3358     7.0318     6.0648 -9.990e-29
        921      1.459    14.7368   2.844520     2.8073     2.8078     0.0066  0.2003132      1.445    22.3314     7.0338     6.0648 -9.990e-29
        922      1.459    14.7345   2.843885     2.8083     2.8082     0.0066  0.2003738      1.445    22.3272     7.0354     6.0650 -9.990e-29
        923      1.458    14.7325   2.843295     2.8093     2.8085     0.0066  0.2004396      1.444    22.3232     7.0371     6.0650 -9.990e-29
        924      1.458    14.7307   2.842754     2.8103     2.8089     0.0066  0.2005110      1.444    22.3196     7.0387     6.0652 -9.990e-29
        925      1.457    14.7291   2.842265     2.8112     2.8092     0.0066  0.2005895      1.443    22.3163     7.0400     6.0652 -9.990e-29
        926      1.457    14.7278   2.841828     2.8122     2.8095     0.0066  0.2006746      1.443    22.3132     7.0416     6.0652 -9.990e-29
        927      1.457    14.7267   2.841440     2.8132     2.8098     0.0066  0.2007661      1.443    22.3105     7.0432     6.0652 -9.990e-29
        928      1.457    14.7257   2.841102     2.8141     2.8100     0.0066  0.2008655      1.443    22.3082     7.0445     6.0649 -9.990e-29
        929      1.456    14.7250   2.840811     2.8151     2.8103     0.0066  0.2009743      1.442    22.3061     7.0461     6.0650 -9.990e-29
        930      1.456    14.7244   2.840565     2.8160     2.8106     0.0066  0.2010925      1.442    22.3043     7.0474     6.0650 -9.990e-29
        931      1.456    14.7240   2.840360     2.8169     2.8108     0.0066  0.2012201      1.442    22.3027     7.0487     6.0649 -9.990e-29
        932      1.455    14.7238   2.840191     2.8178     2.8111     0.0066  0.2013578      1.441    22.3014     7.0499     6.0650 -9.990e-29
        933      1.455    14.7237   2.840058     2.8187     2.8113     0.0060  0.2015033      1.441    22.3003     7.0513     6.0649 -9.990e-29
        934      1.454    14.7237   2.839961     2.8195     2.8115     0.0059  0.2016492      1.440    22.2995     7.0523     6.0648 -9.990e-29
        935      1.454    14.7239   2.839902     2.8204     2.8118     0.0059  0.2017886      1.440    22.2988     7.0536     6.0650 -9.990e-29
        936      1.453    14.7243   2.839886     2.8213     2.8120     0.0059  0.2019193      1.439    22.2985     7.0550     6.0650 -9.990e-29
        937      1.452    14.7249   2.839909     2.8221     2.8122     0.0059  0.2020413      1.438    22.2983     7.0561     6.0650 -9.990e-29
        938      1.451    14.7254   2.839965     2.8229     2.8124     0.0059  0.2021555      1.438    22.2985     7.0572     6.0651 -9.990e-29
        939      1.450    14.7261   2.840044     2.8237     2.8126     0.0059  0.2022625      1.437    22.2988     7.0583     6.0652 -9.990e-29
        940      1.449    14.7269   2.840147     2.8245     2.8128     0.0059  0.2023633      1.436    22.2992     7.0595     6.0653 -9.990e-29
        941      1.448    14.7278   2.840277     2.8253     2.8130     0.0059  0.2024584      1.435    22.2999     7.0608     6.0656 -9.990e-29
        942      1.447    14.7289   2.840439     2.8261     2.8132     0.0059  0.2025486      1.434    22.3006     7.0620     6.0658 -9.990e-29
        943      1.446    14.7301   2.840639     2.8269     2.8134     0.0059  0.2026345      1.433    22.3017     7.0633     6.0661 -9.990e-29
        944      1.444    14.7316   2.840880     2.8277     2.8136     0.0059  0.2027166      1.431    22.3029     7.0646     6.0664 -9.990e-29
        945      1.443    14.7332   2.841162     2.8285     2.8139     0.0059  0.2027955      1.430    22.3044     7.0658     6.0670 -9.990e-29
        946      1.442    14.7350   2.841484     2.8293     2.8141     0.0059  0.2028719      1.429    22.3062     7.0672     6.0674 -9.990e-29
        947      1.441    14.7369   2.841840     2.8300     2.8143     0.0059  0.2029470      1.428    22.3082     7.0682     6.0678 -9.990e-29
        948      1.440    14.7388   2.842222     2.8308     2.8145     0.0059  0.2030223      1.427    22.3104     7.0696     6.0682 -9.990e-29
        949      1.439    14.7409   2.842627     2.8316     2.8147     0.0059  0.2030973      1.426    22.3127     7.0710     6.0687 -9.990e-29
        950      1.438    14.7431   2.843059     2.8323     2.8150     0.0059  0.2031719      1.425    22.3152     7.0721     6.0695 -9.990e-29
        951      1.438    14.7455   2.843524     2.8331     2.8152     0.0059  0.2032465      1.425    22.3178     7.0735     6.0700 -9.990e-29
        952      1.437    14.7481   2.844029     2.8338     2.8154     0.0059  0.2033216      1.424    22.3207     7.0746     6.0706 -9.990e-29
        953      1.437    14.7509   2.844579     2.8346     2.8157     0.0059  0.2033977      1.424    22.3238     7.0761     6.0714 -9.990e-29
        954      1.437    14.7539   2.845174     2.8353     2.8159     0.0059  0.2034754      1.424    22.3273     7.0772     6.0720 -9.990e-29
        955      1.437    14.7571   2.845810     2.8360     2.8162     0.0059  0.2035553      1.424    22.3309     7.0784     6.0728 -9.990e-29
        956      1.437    14.7602   2.846469     2.8367     2.8164     0.0059  0.2036378      1.424    22.3348     7.0796     6.0734 -9.990e-29
        957      1.437    14.7631   2.847125     2.8375     2.8167     0.0059  0.2037235      1.424    22.3388     7.0811     6.0744 -9.990e-29
        958      1.437    14.7657   2.847751     2.8382     2.8169     0.0057  0.2038123      1.424    22.3428     7.0825     6.0751 -9.990e-29
        959      1.438    14.7681   2.848331     2.8390     2.8172     0.0055  0.2039021      1.425    22.3464     7.0842     6.0761 -9.990e-29
        960      1.438    14.7702   2.848858     2.8397     2.8175     0.0053  0.2039902      1.425    22.3498     7.0857     6.0773 -9.990e-29
        961      1.439    14.7720   2.849329     2.8404     2.8178     0.0053  0.2040747      1.426    22.3528     7.0874     6.0785 -9.990e-29
        962      1.439    14.7735   2.849734     2.8412     2.8181     0.0053  0.2041553      1.426    22.3554     7.0894     6.0797 -9.990e-29
        963      1.439    14.7745   2.850064     2.8419     2.8184     0.0053  0.2042325      1.426    22.3577     7.0912     6.0811 -9.990e-29
        964      1.440    14.7752   2.850312     2.8427     2.8188     0.0053  0.2043069      1.427    22.3594     7.0934     6.0828 -9.990e-29
        965      1.440    14.7755   2.850476     2.8435     2.8191     0.0053  0.2043790      1.427    22.3607     7.0957     6.0843 -9.990e-29
        966      1.440    14.7754   2.850556     2.8442     2.8195     0.0053  0.2044494      1.427    22.3614     7.0978     6.0861 -9.990e-29
        967      1.441    14.7749   2.850547     2.8450     2.8198     0.0053  0.2045184      1.428    22.3616     7.1003     6.0877 -9.990e-29
        968      1.441    14.7739   2.850441     2.8457     2.8202     0.0053  0.2045866      1.428    22.3613     7.1025     6.0896 -9.990e-29
        969      1.442    14.7725   2.850236     2.8465     2.8206     0.0053  0.2046545      1.429    22.3603     7.1052     6.0916 -9.990e-29
        970      1.442    14.7708   2.849937     2.8472     2.8210     0.0053  0.2047225      1.429    22.3587     7.1076     6.0937 -9.990e-29
        971      1.442    14.7687   2.849556     2.8480     2.8214     0.0053  0.2047911      1.429    22.3566     7.1104     6.0958 -9.990e-29
        972      1.442    14.7664   2.849100     2.8487     2.8218     0.0053  0.2048608      1.429    22.3540     7.1130     6.0978 -9.990e-29
        973      1.442    14.7637   2.848575     2.8495     2.8222     0.0053  0.2049320      1.429    22.3510     7.1159     6.1000 -9.990e-29
        974      1.442    14.7608   2.847982     2.8503     2.8226     0.0053  0.2050053      1.429    22.3476     7.1188     6.1021 -9.990e-29
        975      1.442    14.7577   2.847330     2.8510     2.8231     0.0053  0.2050811      1.429    22.3437     7.1214     6.1044 -9.990e-29
        976      1.442    14.7543   2.846628     2.8518     2.8235     0.0053  0.2051601      1.429    22.3396     7.1244     6.1065 -9.990e-29
        977      1.442    14.7509   2.845890     2.8526     2.8240     0.0053  0.2052427      1.429    22.3352     7.1273     6.1089 -9.990e-29
        978      1.442    14.7473   2.845128     2.8533     2.8244     0.0053  0.2053295      1.429    22.3306     7.1299     6.1109 -9.990e-29
        979      1.442    14.7438   2.844352     2.8541     2.8249     0.0053  0.2054212      1.429    22.3259     7.1327     6.1131 -9.990e-29
        980      1.442    14.7403   2.843573     2.8549     2.8254     0.0053  0.2055183      1.429    22.3212     7.1355     6.1153 -9.990e-29
        981      1.442    14.7370   2.842812     2.8556     2.8259     0.0053  0.2056216      1.429    22.3165     7.1379     6.1173 -9.990e-29
        982      1.441    14.7340   2.842089     2.8564     2.8263     0.0053  0.2057317      1.428    22.3120     7.1405     6.1190 -9.990e-29
        983      1.441    14.7312   2.841418     2.8572     2.8268     0.0053  0.2058494      1.428    22.3078     7.1429     6.1208 -9.990e-29
        984      1.441    14.7286   2.840803     2.8580     2.8273     0.0055  0.2059722      1.428    22.3039     7.1453     6.1226 -9.990e-29
        985      1.441    14.7263   2.840235     2.8588     2.8278     0.0055  0.2060906      1.428    22.3003     7.1475     6.1242 -9.990e-29
        986      1.440    14.7240   2.839703     2.8595     2.8283     0.0057  0.2061955      1.427    22.2971     7.1494     6.1257 -9.990e-29
        987      1.440    14.7218   2.839196     2.8603     2.8288     0.0057  0.2062839      1.427    22.2939     7.1514     6.1271 -9.990e-29
        988      1.440    14.7197   2.838709     2.8610     2.8293     0.0057  0.2063567      1.427    22.2909     7.1531     6.1284 -9.990e-29
        989      1.441    14.7176   2.838239     2.8618     2.8298     0.0057  0.2064142      1.428    22.2881     7.1550     6.1297 -9.990e-29
        990      1.441    14.7157   2.837788     2.8625     2.8303     0.0057  0.2064570      1.428    22.2852     7.1565     6.1308 -9.990e-29
        991      1.442    14.7138   2.837355     2.8633     2.8307     0.0057  0.2064852      1.429    22.2826     7.1583     6.1317 -9.990e-29
        992      1.443    14.7121   2.836939     2.8640     2.8312     0.0057  0.2064991      1.430    22.2800     7.1596     6.1327 -9.990e-29
        993      1.443    14.7104   2.836541     2.8647     2.8316     0.0057  0.2064988      1.430    22.2775     7.1609     6.1333 -9.990e-29
        994      1.444    14.7088   2.836160     2.8654     2.8321     0.0057  0.2064843      1.431    22.2751     7.1621     6.1342 -9.990e-29
        995      1.446    14.7072   2.835794     2.8661     2.8325     0.0057  0.2064554      1.433    22.2729     7.1633     6.1348 -9.990e-29
        996      1.447    14.7058   2.835443     2.8668     2.8329     0.0057  0.2064120      1.434    22.2706     7.1643     6.1353 -9.990e-29
        997      1.448    14.7044   2.835111     2.8674     2.8333     0.0057  0.2063538      1.435    22.2686     7.1650     6.1358 -9.990e-29
        998      1.449    14.7032   2.834799     2.8681     2.8337     0.0057  0.2062804      1.436    22.2665     7.1660     6.1362 -9.990e-29
        999      1.451    14.7021   2.834511     2.8687     2.8341     0.0057  0.2061912      1.438    22.2647     7.1666     6.1365 -9.990e-29
       1000      1.452    14.7011   2.834248     2.8693     2.8344     0.0057  0.2060856      1.438    22.2630     7.1671     6.1366 -9.990e-29
