data/2021/ctd_data_day2/station5_ctm_fil.cnv
* Sea-Bird SBE 9 Data File:
* FileName = C:\Users\CTD-User\Desktop\MAR440\day2\station5.hex
* Software Version Seasave V 7.26.2.13
* Temperature SN = 6313
* Conductivity SN = 4758
* Number of Bytes Per Scan = 37
* Number of Voltage Words = 4
* Number of Scans Averaged by the Deck Unit = 1
* NMEA Latitude = 58 19.20 N
* NMEA Longitude = 011 48.71 E
* NMEA UTC (Time) = Sep 22 2021 10:20:22
* NMEA baud rate = 4800
** Ship: Skagerrak
** Station: station5
** Operator: group2blu
# nquan = 9
# nvalues = 5019                        
# units = specified
# name 0 = scan: Scan Count
# name 1 = prDM: Pressure, Digiquartz [db]
# name 2 = t090C: Temperature [ITS-90, deg C]
# name 3 = c0S/m: Conductivity [S/m]
# name 4 = sbeox0V: Oxygen raw, SBE 43 [V]
# name 5 = sbeox1V: Oxygen raw, SBE 43, 2 [V]
# name 6 = flECO-AFL: Fluorescence, WET Labs ECO-AFL/FL [mg/m^3]
# name 7 = upoly0: Upoly 0, Turbidity
# name 8 = flag:  0.000e+00
# span 0 =          1,       5019       
# span 1 =      0.431,     26.494       
# span 2 =    11.7329,    16.2142       
# span 3 =  -0.000256,   3.795797       
# span 4 =     0.9420,     2.9473       
# span 5 =     1.0255,     2.8390       
# span 6 =     0.0020,     0.0522       
# span 7 =  0.0806113,  0.1779398       
# span 8 = 0.0000e+00, 0.0000e+00       
# interval = seconds: 0.0416667
# start_time = Sep 22 2021 10:20:22 [NMEA time, header]
# bad_flag = -9.990e-29
*END*
[from data line 2721]
       2722      3.059    15.0443   2.974029     2.3759     2.2722     0.0044  0.1568500 0.0000e+00
       2723      3.038    15.0330   2.971641     2.3791     2.2729     0.0044  0.1568181 0.0000e+00
       2724      3.017    15.0222   2.969365     2.3823     2.2737     0.0044  0.1567941 0.0000e+00
       2725      2.996    15.0117   2.967187     2.3856     2.2745     0.0044  0.1567771 0.0000e+00
       2726      2.975    15.0015   2.965091     2.3889     2.2754     0.0044  0.1567670 0.0000e+00
       2727      2.953    14.9915   2.963066     2.3922     2.2764     0.0044  0.1567635 0.0000e+00
       2728      2.932    14.9816   2.961103     2.3955     2.2775     0.0044  0.1567668 0.0000e+00
       2729      2.912    14.9720   2.959194     2.3987     2.2786     0.0044  0.1567769 0.0000e+00
       2730      2.891    14.9624   2.957329     2.4020     2.2798     0.0044  0.1567938 0.0000e+00
       2731      2.870    14.9530   2.955499     2.4053     2.2812     0.0044  0.1568176 0.0000e+00
       2732      2.849    14.9436   2.953706     2.4085     2.2826     0.0044  0.1568485 0.0000e+00
       2733      2.829    14.9346   2.951959     2.4118     2.2841     0.0044  0.1568867 0.0000e+00
       2734      2.808    14.9258   2.950274     2.4150     2.2856     0.0044  0.1569326 0.0000e+00
       2735      2.787    14.9176   2.948667     2.4181     2.2873     0.0044  0.1569863 0.0000e+00
       2736      2.767    14.9100   2.947151     2.4213     2.2890     0.0044  0.1570483 0.0000e+00
       2737      2.746    14.9029   2.945736     2.4244     2.2908     0.0044  0.1571191 0.0000e+00
       2738      2.725    14.8966   2.944431     2.4274     2.2927     0.0044  0.1571990 0.0000e+00
       2739      2.705    14.8908   2.943239     2.4305     2.2947     0.0044  0.1572887 0.0000e+00
       2740      2.684    14.8857   2.942158     2.4335     2.2968     0.0044  0.1573887 0.0000e+00
       2741      2.664    14.8811   2.941180     2.4364     2.2989     0.0044  0.1574999 0.0000e+00
       2742      2.644    14.8770   2.940296     2.4393     2.3011     0.0044  0.1576229 0.0000e+00
       2743      2.624    14.8734   2.939496     2.4422     2.3034     0.0042  0.1577586 0.0000e+00
       2744      2.603    14.8701   2.938772     2.4450     2.3057     0.0044  0.1579088 0.0000e+00
       2745      2.583    14.8671   2.938115     2.4478     2.3081     0.0044  0.1580763 0.0000e+00
       2746      2.563    14.8645   2.937520     2.4506     2.3105     0.0044  0.1582588 0.0000e+00
       2747      2.543    14.8621   2.936982     2.4533     2.3129     0.0044  0.1584456 0.0000e+00
       2748      2.523    14.8600   2.936497     2.4560     2.3154     0.0044  0.1586263 0.0000e+00
       2749      2.503    14.8581   2.936060     2.4587     2.3180     0.0044  0.1587969 0.0000e+00
       2750      2.483    14.8564   2.935667     2.4614     2.3206     0.0044  0.1589578 0.0000e+00
       2751      2.462    14.8549   2.935314     2.4640     2.3232     0.0044  0.1591102 0.0000e+00
       2752      2.442    14.8535   2.934999     2.4666     2.3259     0.0044  0.1592550 0.0000e+00
       2753      2.422    14.8524   2.934721     2.4692     2.3286     0.0044  0.1593933 0.0000e+00
       2754      2.402    14.8514   2.934478     2.4718     2.3314     0.0044  0.1595260 0.0000e+00
       2755      2.382    14.8505   2.934268     2.4744     2.3341     0.0044  0.1596541 0.0000e+00
       2756      2.362    14.8498   2.934088     2.4770     2.3370     0.0044  0.1597785 0.0000e+00
       2757      2.342    14.8491   2.933931     2.4796     2.3399     0.0044  0.1599000 0.0000e+00
       2758      2.322    14.8485   2.933793     2.4822     2.3428     0.0044  0.1600203 0.0000e+00
       2759      2.302    14.8480   2.933671     2.4847     2.3458     0.0044  0.1601411 0.0000e+00
       2760      2.282    14.8475   2.933561     2.4873     2.3488     0.0044  0.1602624 0.0000e+00
       2761      2.262    14.8470   2.933462     2.4900     2.3519     0.0044  0.1603842 0.0000e+00
       2762      2.242    14.8466   2.933372     2.4926     2.3550     0.0044  0.1605074 0.0000e+00
       2763      2.223    14.8462   2.933288     2.4952     2.3582     0.0044  0.1606327 0.0000e+00
       2764      2.203    14.8458   2.933209     2.4979     2.3614     0.0044  0.1607611 0.0000e+00
       2765      2.183    14.8454   2.933133     2.5006     2.3647     0.0044  0.1608935 0.0000e+00
       2766      2.164    14.8449   2.933058     2.5033     2.3680     0.0044  0.1610308 0.0000e+00
       2767      2.144    14.8444   2.932982     2.5060     2.3715     0.0044  0.1611739 0.0000e+00
       2768      2.125    14.8439   2.932902     2.5087     2.3749     0.0044  0.1613238 0.0000e+00
       2769      2.106    14.8434   2.932820     2.5115     2.3784     0.0044  0.1614816 0.0000e+00
       2770      2.086    14.8429   2.932738     2.5143     2.3820     0.0044  0.1616484 0.0000e+00
       2771      2.067    14.8424   2.932662     2.5171     2.3857     0.0044  0.1618253 0.0000e+00
       2772      2.048    14.8420   2.932597     2.5199     2.3893     0.0046  0.1620093 0.0000e+00
       2773      2.029    14.8418   2.932550     2.5228     2.3931     0.0048  0.1621907 0.0000e+00
       2774      2.010    14.8416   2.932525     2.5257     2.3968     0.0048  0.1623614 0.0000e+00
       2775      1.992    14.8416   2.932525     2.5286     2.4007     0.0048  0.1625199 0.0000e+00
       2776      1.973    14.8417   2.932552     2.5315     2.4045     0.0048  0.1626684 0.0000e+00
       2777      1.954    14.8420   2.932606     2.5345     2.4084     0.0048  0.1628085 0.0000e+00
       2778      1.935    14.8425   2.932686     2.5374     2.4123     0.0048  0.1629406 0.0000e+00
       2779      1.916    14.8431   2.932791     2.5404     2.4163     0.0048  0.1630646 0.0000e+00
       2780      1.897    14.8437   2.932917     2.5435     2.4203     0.0048  0.1631814 0.0000e+00
       2781      1.878    14.8445   2.933060     2.5465     2.4244     0.0048  0.1632927 0.0000e+00
       2782      1.859    14.8453   2.933218     2.5495     2.4284     0.0048  0.1634000 0.0000e+00
       2783      1.841    14.8461   2.933392     2.5526     2.4325     0.0048  0.1635034 0.0000e+00
       2784      1.822    14.8471   2.933583     2.5557     2.4367     0.0048  0.1636026 0.0000e+00
       2785      1.803    14.8481   2.933790     2.5588     2.4408     0.0048  0.1636983 0.0000e+00
       2786      1.784    14.8491   2.934010     2.5619     2.4450     0.0048  0.1637921 0.0000e+00
       2787      1.766    14.8501   2.934238     2.5650     2.4492     0.0048  0.1638855 0.0000e+00
       2788      1.747    14.8511   2.934470     2.5681     2.4534     0.0048  0.1639791 0.0000e+00
       2789      1.729    14.8521   2.934705     2.5713     2.4576     0.0048  0.1640736 0.0000e+00
       2790      1.710    14.8532   2.934945     2.5744     2.4618     0.0048  0.1641687 0.0000e+00
       2791      1.692    14.8542   2.935189     2.5776     2.4660     0.0048  0.1642643 0.0000e+00
       2792      1.674    14.8552   2.935440     2.5807     2.4703     0.0048  0.1643611 0.0000e+00
       2793      1.656    14.8562   2.935697     2.5839     2.4745     0.0048  0.1644605 0.0000e+00
       2794      1.638    14.8572   2.935969     2.5870     2.4787     0.0048  0.1645650 0.0000e+00
       2795      1.620    14.8584   2.936267     2.5901     2.4829     0.0048  0.1646753 0.0000e+00
       2796      1.603    14.8598   2.936600     2.5933     2.4871     0.0048  0.1647913 0.0000e+00
       2797      1.586    14.8613   2.936972     2.5964     2.4913     0.0048  0.1649130 0.0000e+00
       2798      1.569    14.8630   2.937381     2.5995     2.4954     0.0046  0.1650378 0.0000e+00
       2799      1.552    14.8649   2.937828     2.6026     2.4995     0.0046  0.1651623 0.0000e+00
       2800      1.536    14.8670   2.938314     2.6057     2.5036     0.0046  0.1652849 0.0000e+00
       2801      1.520    14.8692   2.938842     2.6088     2.5076     0.0046  0.1654055 0.0000e+00
       2802      1.504    14.8717   2.939412     2.6119     2.5115     0.0046  0.1655250 0.0000e+00
       2803      1.489    14.8744   2.940027     2.6149     2.5153     0.0046  0.1656443 0.0000e+00
       2804      1.474    14.8774   2.940687     2.6179     2.5191     0.0046  0.1657641 0.0000e+00
       2805      1.459    14.8805   2.941393     2.6209     2.5228     0.0046  0.1658853 0.0000e+00
       2806      1.445    14.8838   2.942144     2.6239     2.5264     0.0046  0.1660088 0.0000e+00
       2807      1.431    14.8874   2.942944     2.6268     2.5300     0.0046  0.1661353 0.0000e+00
       2808      1.418    14.8912   2.943799     2.6297     2.5334     0.0046  0.1662658 0.0000e+00
       2809      1.405    14.8954   2.944715     2.6326     2.5368     0.0046  0.1664012 0.0000e+00
       2810      1.393    14.9000   2.945701     2.6354     2.5400     0.0046  0.1665424 0.0000e+00
       2811      1.380    14.9050   2.946760     2.6383     2.5432     0.0046  0.1666913 0.0000e+00
       2812      1.368    14.9105   2.947898     2.6410     2.5463     0.0046  0.1668497 0.0000e+00
       2813      1.357    14.9166   2.949118     2.6438     2.5492     0.0046  0.1670179 0.0000e+00
       2814      1.346    14.9232   2.950429     2.6465     2.5521     0.0046  0.1671962 0.0000e+00
       2815      1.336    14.9303   2.951841     2.6492     2.5549     0.0046  0.1673867 0.0000e+00
       2816      1.326    14.9382   2.953367     2.6518     2.5576     0.0046  0.1675916 0.0000e+00
       2817      1.316    14.9467   2.955018     2.6544     2.5602     0.0046  0.1678115 0.0000e+00
       2818      1.307    14.9559   2.956806     2.6570     2.5627     0.0046  0.1680470 0.0000e+00
       2819      1.298    14.9659   2.958742     2.6595     2.5652     0.0046  0.1682997 0.0000e+00
       2820      1.289    14.9767   2.960835     2.6620     2.5675     0.0046  0.1685715 0.0000e+00
       2821      1.281    14.9883   2.963097     2.6645     2.5698     0.0046  0.1688642 0.0000e+00
       2822      1.273    15.0009   2.965542     2.6669     2.5720     0.0046  0.1691782 0.0000e+00
       2823      1.265    15.0145   2.968184     2.6693     2.5741     0.0048  0.1695046 0.0000e+00
       2824      1.257    15.0291   2.971035     2.6716     2.5762     0.0048  0.1698244 0.0000e+00
       2825      1.250    15.0448   2.974103     2.6739     2.5782     0.0048  0.1701228 0.0000e+00
       2826      1.242    15.0615   2.977391     2.6762     2.5802     0.0048  0.1703961 0.0000e+00
       2827      1.235    15.0791   2.980896     2.6784     2.5821     0.0048  0.1706461 0.0000e+00
       2828      1.229    15.0977   2.984611     2.6806     2.5839     0.0048  0.1708762 0.0000e+00
       2829      1.223    15.1170   2.988519     2.6827     2.5857     0.0048  0.1710881 0.0000e+00
       2830      1.217    15.1369   2.992588     2.6848     2.5875     0.0046  0.1712823 0.0000e+00
       2831      1.212    15.1571   2.996783     2.6869     2.5893     0.0048  0.1714612 0.0000e+00
       2832      1.208    15.1775   3.001070     2.6890     2.5910     0.0048  0.1716266 0.0000e+00
       2833      1.204    15.1979   3.005412     2.6910     2.5927     0.0048  0.1717799 0.0000e+00
       2834      1.200    15.2179   3.009749     2.6929     2.5944     0.0048  0.1719212 0.0000e+00
       2835      1.197    15.2370   3.013990     2.6948     2.5960     0.0048  0.1720490 0.0000e+00
       2836      1.194    15.2548   3.018041     2.6967     2.5977     0.0048  0.1721624 0.0000e+00
       2837      1.191    15.2714   3.021852     2.6986     2.5993     0.0048  0.1722632 0.0000e+00
       2838      1.189    15.2868   3.025431     2.7004     2.6010     0.0048  0.1723536 0.0000e+00
       2839      1.188    15.3013   3.028814     2.7022     2.6026     0.0048  0.1724360 0.0000e+00
       2840      1.187    15.3148   3.032022     2.7039     2.6042     0.0048  0.1725119 0.0000e+00
       2841      1.186    15.3270   3.035032     2.7056     2.6059     0.0048  0.1725818 0.0000e+00
       2842      1.186    15.3378   3.037780     2.7072     2.6075     0.0048  0.1726461 0.0000e+00
       2843      1.186    15.3469   3.040190     2.7088     2.6091     0.0048  0.1727053 0.0000e+00
       2844      1.186    15.3543   3.042214     2.7104     2.6107     0.0048  0.1727598 0.0000e+00
       2845      1.187    15.3599   3.043835     2.7120     2.6124     0.0048  0.1728101 0.0000e+00
       2846      1.188    15.3638   3.045063     2.7135     2.6140     0.0048  0.1728564 0.0000e+00
       2847      1.189    15.3663   3.045920     2.7150     2.6156     0.0048  0.1728990 0.0000e+00
       2848      1.190    15.3676   3.046445     2.7165     2.6173     0.0048  0.1729383 0.0000e+00
       2849      1.191    15.3681   3.046707     2.7179     2.6189     0.0048  0.1729746 0.0000e+00
       2850      1.192    15.3681   3.046789     2.7194     2.6205     0.0048  0.1730080 0.0000e+00
       2851      1.194    15.3679   3.046758     2.7208     2.6222     0.0048  0.1730389 0.0000e+00
       2852      1.194    15.3673   3.046644     2.7221     2.6238     0.0048  0.1730674 0.0000e+00
       2853      1.195    15.3663   3.046434     2.7235     2.6254     0.0048  0.1730937 0.0000e+00
       2854      1.196    15.3647   3.046098     2.7248     2.6270     0.0048  0.1731181 0.0000e+00
       2855      1.196    15.3625   3.045619     2.7261     2.6286     0.0048  0.1731406 0.0000e+00
       2856      1.196    15.3596   3.044995     2.7273     2.6302     0.0048  0.1731606 0.0000e+00
       2857      1.196    15.3561   3.044225     2.7285     2.6317     0.0048  0.1731774 0.0000e+00
       2858      1.196    15.3519   3.043314     2.7297     2.6333     0.0048  0.1731920 0.0000e+00
       2859      1.196    15.3470   3.042264     2.7309     2.6348     0.0048  0.1732053 0.0000e+00
       2860      1.195    15.3416   3.041091     2.7320     2.6363     0.0048  0.1732174 0.0000e+00
       2861      1.193    15.3360   3.039821     2.7331     2.6378     0.0048  0.1732283 0.0000e+00
       2862      1.192    15.3303   3.038492     2.7341     2.6392     0.0048  0.1732374 0.0000e+00
       2863      1.190    15.3247   3.037143     2.7351     2.6406     0.0048  0.1732437 0.0000e+00
       2864      1.189    15.3193   3.035807     2.7360     2.6419     0.0048  0.1732483 0.0000e+00
       2865      1.187    15.3142   3.034508     2.7369     2.6432     0.0048  0.1732520 0.0000e+00
       2866      1.185    15.3093   3.033258     2.7377     2.6445     0.0048  0.1732540 0.0000e+00
       2867      1.183    15.3048   3.032065     2.7385     2.6457     0.0048  0.1732534 0.0000e+00
       2868      1.181    15.3006   3.030936     2.7392     2.6469     0.0048  0.1732510 0.0000e+00
       2869      1.180    15.2966   3.029870     2.7398     2.6480     0.0048  0.1732478 0.0000e+00
       2870      1.178    15.2925   3.028848     2.7404     2.6491     0.0048  0.1732437 0.0000e+00
       2871      1.177    15.2882   3.027836     2.7408     2.6501     0.0048  0.1732386 0.0000e+00
       2872      1.176    15.2836   3.026798     2.7412     2.6510     0.0048  0.1732326 0.0000e+00
       2873      1.175    15.2785   3.025702     2.7415     2.6519     0.0048  0.1732255 0.0000e+00
       2874      1.174    15.2731   3.024533     2.7416     2.6528     0.0046  0.1732174 0.0000e+00
       2875      1.173    15.2672   3.023287     2.7417     2.6536     0.0046  0.1732090 0.0000e+00
       2876      1.173    15.2609   3.021965     2.7418     2.6543     0.0046  0.1732020 0.0000e+00
       2877      1.173    15.2540   3.020558     2.7417     2.6550     0.0046  0.1731963 0.0000e+00
       2878      1.173    15.2465   3.019044     2.7415     2.6556     0.0046  0.1731902 0.0000e+00
       2879      1.174    15.2382   3.017399     2.7411     2.6562     0.0046  0.1731827 0.0000e+00
       2880      1.174    15.2292   3.015619     2.7407     2.6567     0.0046  0.1731739 0.0000e+00
