data/2021/ctd_data_day2/station3_ctm_fil_le_der.cnv
* Sea-Bird SBE 9 Data File:
* FileName = C:\Users\CTD-User\Desktop\MAR440\day2\station3.hex
* Software Version Seasave V 7.26.2.13
* Temperature SN = 6313
* Conductivity SN = 4758
* Number of Bytes Per Scan = 37
* Number of Voltage Words = 4
* Number of Scans Averaged by the Deck Unit = 1
* NMEA Latitude = 58 19.70 N
* NMEA Longitude = 011 51.29 E
* NMEA UTC (Time) = Sep 22 2021 09:36:18
* NMEA baud rate = 4800
** Ship: Skagerrak
** Station: station3
** Operator: group2purple
# nquan = 13                                
# nvalues = 3261                        
# units = specified
# name 0 = scan: Scan Count
# name 1 = prDM: Pressure, Digiquartz [db]
# name 2 = t090C: Temperature [ITS-90, deg C]
# name 3 = c0S/m: Conductivity [S/m]
# name 4 = sbeox0V: Oxygen raw, SBE 43 [V]
# name 5 = sbeox1V: Oxygen raw, SBE 43, 2 [V]
# name 6 = flECO-AFL: Fluorescence, WET Labs ECO-AFL/FL [mg/m^3]
# name 7 = upoly0: Upoly 0, Turbidity
# name 8 = depSM: Depth [salt water, m], lat = 58.3283
# name 9 = sal00: Salinity, Practical [PSU]
# name 10 = sbeox0ML/L: Oxygen, SBE 43 [ml/l], WS = 2
# name 11 = sbeox1ML/L: Oxygen, SBE 43, 2 [ml/l], WS = 2
# name 12 = flag: flag
# span 0 =          1,       3261       
# span 1 =      0.798,     17.164       
# span 2 =    10.5794,    16.1805       
# span 3 =   2.674562,   3.477897       
# span 4 =     1.0037,     2.9284       
# span 5 =     1.0402,     2.8631       
# span 6 =     0.0035,     0.0081       
# span 7 =  0.0885866,  0.2372454       
# span 8 =      0.791,     17.004       
# span 9 =    21.3217,    30.3406       
# span 10 =     1.3748,     7.3869      
# span 11 =     1.3973,     6.2832      
# span 12 = 0.0000e+00, 0.0000e+00      
# interval = seconds: 0.0416667
# start_time = Sep 22 2021 09:36:18 [NMEA time, header]
# bad_flag = -9.990e-29
*END*
[from data line 1778]
       1779      0.866    14.7955   2.867387     2.7955     2.6989     0.0057  0.1973026      0.858    22.4954     6.7694     5.7132 -9.990e-29
       1780      0.866    14.7995   2.868044     2.7950     2.6987     0.0057  0.1973433      0.858    22.4988     6.7680     5.7118 -9.990e-29
       1781      0.866    14.8037   2.868744     2.7944     2.6985     0.0057  0.1973817      0.858    22.5024     6.7663     5.7104 -9.990e-29
       1782      0.866    14.8082   2.869482     2.7939     2.6984     0.0057  0.1974172      0.858    22.5062     6.7649     5.7093 -9.990e-29
       1783      0.866    14.8129   2.870249     2.7934     2.6982     0.0057  0.1974491      0.858    22.5101     6.7636     5.7079 -9.990e-29
       1784      0.866    14.8177   2.871036     2.7929     2.6980     0.0057  0.1974753      0.858    22.5141     6.7622     5.7066 -9.990e-29
       1785      0.866    14.8224   2.871822     2.7924     2.6978     0.0057  0.1974933      0.858    22.5182     6.7610     5.7053 -9.990e-29
       1786      0.866    14.8268   2.872586     2.7919     2.6976     0.0057  0.1975023      0.858    22.5223     6.7598     5.7041 -9.990e-29
       1787      0.866    14.8308   2.873306     2.7914     2.6974     0.0057  0.1975025      0.858    22.5262     6.7588     5.7030 -9.990e-29
       1788      0.865    14.8343   2.873966     2.7909     2.6972     0.0057  0.1974938      0.857    22.5299     6.7579     5.7020 -9.990e-29
       1789      0.865    14.8373   2.874558     2.7904     2.6970     0.0057  0.1974762      0.857    22.5333     6.7572     5.7011 -9.990e-29
       1790      0.865    14.8398   2.875080     2.7900     2.6969     0.0057  0.1974496      0.857    22.5363     6.7568     5.7006 -9.990e-29
       1791      0.865    14.8420   2.875536     2.7895     2.6967     0.0057  0.1974146      0.857    22.5390     6.7562     5.6999 -9.990e-29
       1792      0.864    14.8439   2.875932     2.7891     2.6965     0.0057  0.1973719      0.856    22.5413     6.7561     5.6993 -9.990e-29
       1793      0.864    14.8456   2.876275     2.7887     2.6963     0.0057  0.1973202      0.856    22.5433     6.7560     5.6988 -9.990e-29
       1794      0.864    14.8473   2.876575     2.7883     2.6961     0.0057  0.1972584      0.856    22.5449     6.7560     5.6983 -9.990e-29
       1795      0.864    14.8488   2.876838     2.7879     2.6959     0.0057  0.1971861      0.856    22.5463     6.7560     5.6979 -9.990e-29
       1796      0.863    14.8504   2.877073     2.7875     2.6957     0.0057  0.1971027      0.855    22.5474     6.7561     5.6976 -9.990e-29
       1797      0.863    14.8518   2.877286     2.7871     2.6956     0.0057  0.1970076      0.855    22.5485     6.7562     5.6975 -9.990e-29
       1798      0.864    14.8533   2.877481     2.7867     2.6954     0.0057  0.1969003      0.856    22.5493     6.7563     5.6973 -9.990e-29
       1799      0.864    14.8548   2.877664     2.7864     2.6952     0.0057  0.1967799      0.856    22.5500     6.7566     5.6970 -9.990e-29
       1800      0.864    14.8563   2.877837     2.7861     2.6951     0.0057  0.1966456      0.856    22.5506     6.7570     5.6971 -9.990e-29
       1801      0.865    14.8577   2.878005     2.7858     2.6949     0.0057  0.1964966      0.857    22.5513     6.7574     5.6969 -9.990e-29
       1802      0.865    14.8589   2.878168     2.7855     2.6948     0.0057  0.1963316      0.857    22.5520     6.7578     5.6970 -9.990e-29
       1803      0.866    14.8600   2.878323     2.7852     2.6947     0.0057  0.1961497      0.858    22.5527     6.7582     5.6972 -9.990e-29
       1804      0.866    14.8610   2.878467     2.7849     2.6946     0.0057  0.1959495      0.858    22.5533     6.7586     5.6973 -9.990e-29
       1805      0.866    14.8617   2.878596     2.7846     2.6945     0.0057  0.1957297      0.858    22.5540     6.7590     5.6975 -9.990e-29
       1806      0.866    14.8620   2.878703     2.7844     2.6944     0.0057  0.1954887      0.858    22.5548     6.7596     5.6978 -9.990e-29
       1807      0.867    14.8621   2.878780     2.7842     2.6943     0.0055  0.1952265      0.859    22.5554     6.7603     5.6981 -9.990e-29
       1808      0.867    14.8618   2.878817     2.7840     2.6942     0.0055  0.1949532      0.859    22.5559     6.7610     5.6985 -9.990e-29
       1809      0.867    14.8612   2.878808     2.7838     2.6941     0.0055  0.1946889      0.859    22.5562     6.7617     5.6990 -9.990e-29
       1810      0.866    14.8602   2.878746     2.7836     2.6941     0.0055  0.1944481      0.858    22.5562     6.7624     5.6997 -9.990e-29
       1811      0.866    14.8588   2.878623     2.7835     2.6940     0.0055  0.1942333      0.858    22.5560     6.7634     5.7002 -9.990e-29
       1812      0.866    14.8570   2.878433     2.7833     2.6940     0.0055  0.1940420      0.858    22.5554     6.7641     5.7010 -9.990e-29
       1813      0.865    14.8548   2.878172     2.7832     2.6939     0.0055  0.1938722      0.857    22.5544     6.7650     5.7017 -9.990e-29
       1814      0.865    14.8524   2.877842     2.7830     2.6939     0.0053  0.1937226      0.857    22.5529     6.7657     5.7026 -9.990e-29
       1815      0.864    14.8496   2.877447     2.7829     2.6939     0.0055  0.1935923      0.856    22.5511     6.7666     5.7036 -9.990e-29
       1816      0.864    14.8469   2.877001     2.7828     2.6939     0.0055  0.1934802      0.856    22.5488     6.7675     5.7046 -9.990e-29
       1817      0.863    14.8443   2.876523     2.7827     2.6939     0.0055  0.1933857      0.855    22.5462     6.7683     5.7056 -9.990e-29
       1818      0.863    14.8419   2.876031     2.7826     2.6939     0.0055  0.1933080      0.855    22.5433     6.7689     5.7065 -9.990e-29
       1819      0.863    14.8397   2.875536     2.7825     2.6939     0.0055  0.1932467      0.855    22.5403     6.7695     5.7074 -9.990e-29
       1820      0.862    14.8374   2.875045     2.7824     2.6939     0.0055  0.1932013      0.854    22.5374     6.7700     5.7083 -9.990e-29
       1821      0.862    14.8350   2.874574     2.7822     2.6939     0.0055  0.1931714      0.854    22.5347     6.7701     5.7091 -9.990e-29
       1822      0.862    14.8325   2.874131     2.7821     2.6939     0.0055  0.1931570      0.854    22.5323     6.7704     5.7100 -9.990e-29
       1823      0.862    14.8299   2.873717     2.7820     2.6939     0.0055  0.1931578      0.854    22.5303     6.7706     5.7108 -9.990e-29
       1824      0.862    14.8272   2.873323     2.7819     2.6939     0.0055  0.1931739      0.854    22.5284     6.7708     5.7116 -9.990e-29
       1825      0.862    14.8245   2.872935     2.7818     2.6939     0.0055  0.1932054      0.854    22.5266     6.7709     5.7124 -9.990e-29
       1826      0.863    14.8217   2.872535     2.7817     2.6939     0.0055  0.1932525      0.855    22.5248     6.7709     5.7131 -9.990e-29
       1827      0.863    14.8190   2.872110     2.7815     2.6939     0.0055  0.1933155      0.855    22.5227     6.7705     5.7138 -9.990e-29
       1828      0.864    14.8162   2.871647     2.7814     2.6939     0.0055  0.1933949      0.856    22.5203     6.7704     5.7146 -9.990e-29
       1829      0.864    14.8133   2.871135     2.7813     2.6939     0.0055  0.1934913      0.856    22.5175     6.7703     5.7153 -9.990e-29
       1830      0.864    14.8101   2.870567     2.7811     2.6940     0.0055  0.1936052      0.856    22.5145     6.7698     5.7163 -9.990e-29
       1831      0.864    14.8067   2.869938     2.7810     2.6940     0.0055  0.1937376      0.856    22.5110     6.7696     5.7171 -9.990e-29
       1832      0.864    14.8029   2.869248     2.7808     2.6940     0.0055  0.1938893      0.856    22.5072     6.7692     5.7179 -9.990e-29
       1833      0.864    14.7989   2.868506     2.7807     2.6941     0.0055  0.1940579      0.856    22.5031     6.7690     5.7189 -9.990e-29
       1834      0.864    14.7948   2.867727     2.7805     2.6941     0.0055  0.1942345      0.856    22.4987     6.7685     5.7197 -9.990e-29
       1835      0.863    14.7907   2.866928     2.7803     2.6941     0.0055  0.1944093      0.855    22.4942     6.7680     5.7205 -9.990e-29
       1836      0.863    14.7866   2.866123     2.7801     2.6942     0.0055  0.1945783      0.855    22.4896     6.7675     5.7216 -9.990e-29
       1837      0.862    14.7826   2.865328     2.7799     2.6942     0.0055  0.1947418      0.854    22.4850     6.7669     5.7224 -9.990e-29
       1838      0.860    14.7790   2.864560     2.7797     2.6943     0.0055  0.1949012      0.852    22.4805     6.7662     5.7233 -9.990e-29
       1839      0.859    14.7757   2.863839     2.7795     2.6943     0.0055  0.1950581      0.851    22.4761     6.7654     5.7240 -9.990e-29
       1840      0.858    14.7728   2.863176     2.7793     2.6944     0.0055  0.1952148      0.850    22.4721     6.7646     5.7248 -9.990e-29
       1841      0.857    14.7704   2.862585     2.7791     2.6944     0.0055  0.1953712      0.849    22.4684     6.7637     5.7254 -9.990e-29
       1842      0.855    14.7686   2.862077     2.7788     2.6945     0.0055  0.1955278      0.847    22.4650     6.7624     5.7261 -9.990e-29
       1843      0.854    14.7674   2.861668     2.7786     2.6945     0.0055  0.1956856      0.846    22.4622     6.7613     5.7264 -9.990e-29
       1844      0.853    14.7670   2.861370     2.7783     2.6946     0.0055  0.1958456      0.845    22.4598     6.7598     5.7269 -9.990e-29
       1845      0.852    14.7674   2.861183     2.7781     2.6946     0.0055  0.1960091      0.844    22.4580     6.7585     5.7270 -9.990e-29
       1846      0.852    14.7685   2.861096     2.7778     2.6947     0.0055  0.1961771      0.844    22.4566     6.7568     5.7273 -9.990e-29
       1847      0.851    14.7700   2.861087     2.7775     2.6947     0.0055  0.1963508      0.843    22.4557     6.7550     5.7273 -9.990e-29
       1848      0.850    14.7715   2.861127     2.7772     2.6947     0.0055  0.1965314      0.842    22.4551     6.7533     5.7272 -9.990e-29
       1849      0.850    14.7726   2.861187     2.7770     2.6948     0.0055  0.1967202      0.842    22.4550     6.7519     5.7275 -9.990e-29
       1850      0.850    14.7734   2.861239     2.7767     2.6948     0.0055  0.1969185      0.842    22.4550     6.7503     5.7274 -9.990e-29
       1851      0.850    14.7737   2.861265     2.7764     2.6948     0.0055  0.1971277      0.842    22.4551     6.7488     5.7275 -9.990e-29
       1852      0.850    14.7737   2.861253     2.7761     2.6949     0.0055  0.1973492      0.842    22.4550     6.7475     5.7278 -9.990e-29
       1853      0.850    14.7733   2.861202     2.7758     2.6949     0.0055  0.1975845      0.842    22.4547     6.7462     5.7279 -9.990e-29
       1854      0.850    14.7729   2.861119     2.7755     2.6949     0.0055  0.1978354      0.842    22.4543     6.7451     5.7280 -9.990e-29
       1855      0.850    14.7723   2.861015     2.7752     2.6950     0.0055  0.1981034      0.842    22.4537     6.7440     5.7284 -9.990e-29
       1856      0.851    14.7718   2.860904     2.7749     2.6950     0.0055  0.1983906      0.843    22.4530     6.7429     5.7286 -9.990e-29
       1857      0.851    14.7713   2.860796     2.7745     2.6950     0.0055  0.1986989      0.843    22.4524     6.7417     5.7287 -9.990e-29
       1858      0.851    14.7709   2.860703     2.7742     2.6951     0.0055  0.1990288      0.843    22.4518     6.7408     5.7291 -9.990e-29
       1859      0.850    14.7707   2.860633     2.7739     2.6951     0.0055  0.1993697      0.842    22.4513     6.7399     5.7291 -9.990e-29
       1860      0.850    14.7706   2.860591     2.7736     2.6952     0.0055  0.1996995      0.842    22.4510     6.7390     5.7294 -9.990e-29
       1861      0.850    14.7707   2.860582     2.7732     2.6952     0.0055  0.2000018      0.842    22.4509     6.7379     5.7295 -9.990e-29
       1862      0.849    14.7710   2.860606     2.7729     2.6953     0.0055  0.2002735      0.841    22.4509     6.7371     5.7297 -9.990e-29
       1863      0.848    14.7716   2.860664     2.7725     2.6953     0.0055  0.2005174      0.840    22.4511     6.7360     5.7296 -9.990e-29
       1864      0.847    14.7723   2.860759     2.7722     2.6954     0.0055  0.2007361      0.839    22.4515     6.7353     5.7297 -9.990e-29
       1865      0.846    14.7733   2.860892     2.7719     2.6954     0.0055  0.2009310      0.838    22.4521     6.7346     5.7296 -9.990e-29
       1866      0.845    14.7746   2.861063     2.7716     2.6955     0.0055  0.2011036      0.837    22.4528     6.7338     5.7296 -9.990e-29
       1867      0.844    14.7761   2.861271     2.7712     2.6956     0.0055  0.2012558      0.836    22.4537     6.7328     5.7296 -9.990e-29
       1868      0.843    14.7778   2.861514     2.7709     2.6956     0.0055  0.2013896      0.835    22.4549     6.7322     5.7293 -9.990e-29
       1869      0.842    14.7797   2.861785     2.7706     2.6957     0.0053  0.2015051      0.834    22.4561     6.7315     5.7292 -9.990e-29
       1870      0.841    14.7818   2.862074     2.7703     2.6958     0.0055  0.2016022      0.833    22.4574     6.7309     5.7290 -9.990e-29
       1871      0.840    14.7840   2.862371     2.7700     2.6958     0.0055  0.2016816      0.832    22.4587     6.7303     5.7286 -9.990e-29
       1872      0.839    14.7864   2.862674     2.7697     2.6959     0.0055  0.2017438      0.831    22.4599     6.7297     5.7284 -9.990e-29
       1873      0.837    14.7891   2.862989     2.7694     2.6959     0.0055  0.2017893      0.829    22.4611     6.7291     5.7278 -9.990e-29
       1874      0.836    14.7922   2.863335     2.7692     2.6960     0.0055  0.2018184      0.828    22.4623     6.7288     5.7274 -9.990e-29
       1875      0.834    14.7957   2.863726     2.7689     2.6960     0.0055  0.2018313      0.826    22.4637     6.7282     5.7268 -9.990e-29
       1876      0.833    14.7998   2.864174     2.7687     2.6961     0.0055  0.2018280      0.825    22.4652     6.7278     5.7262 -9.990e-29
       1877      0.832    14.8045   2.864683     2.7685     2.6962     0.0055  0.2018087      0.824    22.4669     6.7274     5.7256 -9.990e-29
       1878      0.832    14.8099   2.865250     2.7683     2.6962     0.0055  0.2017730      0.824    22.4687     6.7269     5.7246 -9.990e-29
       1879      0.831    14.8158   2.865862     2.7680     2.6963     0.0055  0.2017209      0.823    22.4706     6.7260     5.7238 -9.990e-29
       1880      0.830    14.8216   2.866492     2.7678     2.6963     0.0055  0.2016519      0.822    22.4727     6.7255     5.7228 -9.990e-29
       1881      0.830    14.8271   2.867115     2.7677     2.6964     0.0055  0.2015655      0.822    22.4749     6.7253     5.7220 -9.990e-29
       1882      0.829    14.8318   2.867708     2.7675     2.6964     0.0055  0.2014611      0.821    22.4773     6.7249     5.7211 -9.990e-29
       1883      0.829    14.8359   2.868253     2.7673     2.6964     0.0055  0.2013380      0.821    22.4797     6.7246     5.7203 -9.990e-29
       1884      0.829    14.8394   2.868733     2.7671     2.6965     0.0057  0.2011997      0.821    22.4818     6.7244     5.7198 -9.990e-29
       1885      0.830    14.8423   2.869131     2.7669     2.6965     0.0060  0.2010578      0.822    22.4836     6.7243     5.7192 -9.990e-29
       1886      0.830    14.8447   2.869437     2.7668     2.6965     0.0060  0.2009259      0.822    22.4848     6.7246     5.7186 -9.990e-29
       1887      0.831    14.8466   2.869640     2.7666     2.6965     0.0060  0.2008098      0.823    22.4855     6.7246     5.7182 -9.990e-29
       1888      0.831    14.8480   2.869739     2.7665     2.6965     0.0060  0.2007086      0.823    22.4855     6.7251     5.7179 -9.990e-29
