data/2021/ctd_data_day2/station4_ctm.cnv
* Sea-Bird SBE 9 Data File:
* FileName = C:\Users\CTD-User\Desktop\MAR440\day2\station4.hex
* Software Version Seasave V 7.26.2.13
* Temperature SN = 6313
* Conductivity SN = 4758
* Number of Bytes Per Scan = 37
* Number of Voltage Words = 4
* Number of Scans Averaged by the Deck Unit = 1
* NMEA Latitude = 58 19.41 N
* NMEA Longitude = 011 50.05 E
* NMEA UTC (Time) = Sep 22 2021 10:00:00
* NMEA baud rate = 4800
** Ship: Skagerrak
** Station: station4
** Operator: group2green
# nquan = 9
# nvalues = 2885                        
# units = specified
# name 0 = scan: Scan Count
# name 1 = prDM: Pressure, Digiquartz [db]
# name 2 = t090C: Temperature [ITS-90, deg C]
# name 3 = c0S/m: Conductivity [S/m]
# name 4 = sbeox0V: Oxygen raw, SBE 43 [V]
# name 5 = sbeox1V: Oxygen raw, SBE 43, 2 [V]
# name 6 = flECO-AFL: Fluorescence, WET Labs ECO-AFL/FL [mg/m^3]
# name 7 = upoly0: Upoly 0, Turbidity
# name 8 = flag:  0.000e+00
# span 0 =          1,       2885       
# span 1 =      0.936,     15.080       
# span 2 =    13.1755,    16.1519       
# span 3 =   2.888596,   3.427947       
# span 4 =     1.5029,     2.8889       
# span 5 =     1.5188,     2.8315       
# span 6 =     0.0040,     0.0060       
# span 7 =  0.0913272,  0.1885189       
# span 8 = 0.0000e+00, 0.0000e+00       
# interval = seconds: 0.0416667
# start_time = Sep 22 2021 10:00:00 [NMEA time, header]
# bad_flag = -9.990e-29
*END*
[from data line 641]
        642      4.916    15.3945   3.001859     2.6911     2.6166     0.0046  0.1533541 0.0000e+00
        643      4.949    15.3932   3.001848     2.6911     2.6166     0.0046  0.1543309 0.0000e+00
        644      4.916    15.3912   3.001657     2.6935     2.6166     0.0046  0.1538425 0.0000e+00
        645      4.949    15.3910   3.001351     2.6886     2.6166     0.0046  0.1538425 0.0000e+00
        646      4.858    15.3876   3.000989     2.6886     2.6166     0.0046  0.1538425 0.0000e+00
        647      4.858    15.3779   2.999953     2.6886     2.6154     0.0046  0.1538425 0.0000e+00
        648      4.891    15.3720   2.998594     2.6886     2.6154     0.0046  0.1538425 0.0000e+00
        649      4.792    15.3704   2.997889     2.6874     2.6154     0.0046  0.1533541 0.0000e+00
        650      4.833    15.3683   2.997743     2.6850     2.6154     0.0046  0.1538425 0.0000e+00
        651      4.792    15.3668   2.997627     2.6838     2.6142     0.0046  0.1538425 0.0000e+00
        652      4.792    15.3666   2.997654     2.6838     2.6142     0.0046  0.1533541 0.0000e+00
        653      4.767    15.3676   2.997781     2.6838     2.6142     0.0046  0.1538425 0.0000e+00
        654      4.677    15.3690   2.997843     2.6838     2.6142     0.0046  0.1533541 0.0000e+00
        655      4.767    15.3673   2.997675     2.6813     2.6142     0.0046  0.1538425 0.0000e+00
        656      4.677    15.3653   2.997446     2.6813     2.6129     0.0046  0.1538425 0.0000e+00
        657      4.710    15.3661   2.997206     2.6801     2.6129     0.0046  0.1538425 0.0000e+00
        658      4.611    15.3703   2.997561     2.6813     2.6129     0.0046  0.1538425 0.0000e+00
        659      4.677    15.3741   2.998059     2.6801     2.6129     0.0046  0.1538425 0.0000e+00
        660      4.586    15.3746   2.998410     2.6789     2.6129     0.0046  0.1538425 0.0000e+00
        661      4.611    15.3708   2.998135     2.6776     2.6129     0.0046  0.1538425 0.0000e+00
        662      4.644    15.3683   2.997555     2.6776     2.6129     0.0046  0.1538425 0.0000e+00
        663      4.487    15.3688   2.997308     2.6789     2.6129     0.0046  0.1533541 0.0000e+00
        664      4.586    15.3695   2.997272     2.6789     2.6129     0.0046  0.1538425 0.0000e+00
        665      4.487    15.3675   2.997348     2.6764     2.6129     0.0046  0.1533541 0.0000e+00
        666      4.553    15.3509   2.996536     2.6752     2.6129     0.0046  0.1538425 0.0000e+00
        667      4.462    15.3266   2.993998     2.6764     2.6129     0.0046  0.1553077 0.0000e+00
        668      4.487    15.3092   2.990862     2.6789     2.6142     0.0044  0.1557961 0.0000e+00
        669      4.462    15.3071   2.988878     2.6764     2.6129     0.0044  0.1557961 0.0000e+00
        670      4.429    15.3122   2.988943     2.6752     2.6142     0.0044  0.1557961 0.0000e+00
        671      4.404    15.3161   2.989692     2.6752     2.6142     0.0044  0.1557961 0.0000e+00
        672      4.429    15.3169   2.990057     2.6752     2.6142     0.0044  0.1557961 0.0000e+00
        673      4.338    15.3156   2.989670     2.6764     2.6142     0.0044  0.1557961 0.0000e+00
        674      4.371    15.3114   2.989041     2.6752     2.6142     0.0044  0.1557961 0.0000e+00
        675      4.305    15.2999   2.987890     2.6752     2.6142     0.0044  0.1557961 0.0000e+00
        676      4.338    15.2901   2.986292     2.6740     2.6142     0.0044  0.1557961 0.0000e+00
        677      4.305    15.2845   2.984589     2.6752     2.6154     0.0044  0.1553077 0.0000e+00
        678      4.280    15.2798   2.983627     2.6764     2.6154     0.0044  0.1557961 0.0000e+00
        679      4.305    15.2772   2.983159     2.6752     2.6154     0.0044  0.1557961 0.0000e+00
        680      4.214    15.2795   2.983154     2.6752     2.6154     0.0044  0.1557961 0.0000e+00
        681      4.247    15.2877   2.984012     2.6740     2.6166     0.0044  0.1557961 0.0000e+00
        682      4.181    15.2919   2.985187     2.6764     2.6166     0.0044  0.1557961 0.0000e+00
        683      4.157    15.2899   2.985481     2.6764     2.6166     0.0044  0.1557961 0.0000e+00
        684      4.181    15.2876   2.984904     2.6752     2.6166     0.0044  0.1553077 0.0000e+00
        685      4.156    15.2860   2.984346     2.6752     2.6166     0.0044  0.1557961 0.0000e+00
        686      4.123    15.2763   2.983375     2.6752     2.6178     0.0044  0.1557961 0.0000e+00
        687      4.156    15.2639   2.982112     2.6776     2.6178     0.0044  0.1553077 0.0000e+00
        688      4.057    15.2512   2.980250     2.6764     2.6178     0.0044  0.1557961 0.0000e+00
        689      4.057    15.2383   2.978560     2.6752     2.6190     0.0044  0.1557961 0.0000e+00
        690      4.099    15.2286   2.976904     2.6752     2.6178     0.0044  0.1557961 0.0000e+00
        691      4.000    15.2219   2.975670     2.6764     2.6190     0.0044  0.1557961 0.0000e+00
        692      4.033    15.2164   2.974662     2.6789     2.6178     0.0044  0.1567729 0.0000e+00
        693      4.000    15.2074   2.974072     2.6776     2.6190     0.0042  0.1577497 0.0000e+00
        694      3.975    15.2009   2.973094     2.6789     2.6190     0.0042  0.1587265 0.0000e+00
        695      3.942    15.1989   2.972332     2.6789     2.6190     0.0042  0.1587265 0.0000e+00
        696      3.975    15.1995   2.972222     2.6789     2.6190     0.0042  0.1582381 0.0000e+00
        697      3.942    15.2009   2.972452     2.6789     2.6203     0.0040  0.1587265 0.0000e+00
        698      3.876    15.1992   2.972438     2.6789     2.6203     0.0042  0.1587265 0.0000e+00
        699      3.909    15.1973   2.972009     2.6776     2.6203     0.0042  0.1582381 0.0000e+00
        700      3.818    15.1936   2.971368     2.6776     2.6215     0.0042  0.1582381 0.0000e+00
        701      3.851    15.1902   2.970679     2.6801     2.6215     0.0042  0.1582381 0.0000e+00
        702      3.818    15.1868   2.970360     2.6801     2.6215     0.0042  0.1587265 0.0000e+00
        703      3.851    15.1839   2.969922     2.6789     2.6227     0.0042  0.1582381 0.0000e+00
        704      3.752    15.1841   2.969616     2.6789     2.6239     0.0042  0.1587265 0.0000e+00
        705      3.785    15.1880   2.969674     2.6789     2.6227     0.0042  0.1582381 0.0000e+00
        706      3.752    15.1920   2.970212     2.6838     2.6251     0.0042  0.1577497 0.0000e+00
        707      3.752    15.1942   2.970710     2.6813     2.6251     0.0042  0.1582381 0.0000e+00
        708      3.669    15.1946   2.970947     2.6801     2.6251     0.0042  0.1582381 0.0000e+00
        709      3.694    15.1970   2.970988     2.6813     2.6264     0.0042  0.1582381 0.0000e+00
        710      3.727    15.2010   2.971304     2.6801     2.6264     0.0042  0.1587265 0.0000e+00
        711      3.636    15.1961   2.971372     2.6838     2.6276     0.0042  0.1587265 0.0000e+00
        712      3.669    15.1838   2.970449     2.6838     2.6276     0.0042  0.1587265 0.0000e+00
        713      3.570    15.1654   2.968525     2.6825     2.6288     0.0042  0.1582381 0.0000e+00
        714      3.603    15.1501   2.966194     2.6838     2.6288     0.0042  0.1582381 0.0000e+00
        715      3.636    15.1416   2.964426     2.6838     2.6300     0.0042  0.1582381 0.0000e+00
        716      3.570    15.1349   2.963151     2.6850     2.6300     0.0042  0.1577497 0.0000e+00
        717      3.545    15.1320   2.962338     2.6838     2.6312     0.0042  0.1577497 0.0000e+00
        718      3.512    15.1295   2.961869     2.6838     2.6312     0.0042  0.1562845 0.0000e+00
        719      3.479    15.1256   2.961494     2.6838     2.6312     0.0042  0.1557961 0.0000e+00
        720      3.512    15.1261   2.961059     2.6850     2.6325     0.0042  0.1557961 0.0000e+00
        721      3.479    15.1281   2.961076     2.6874     2.6337     0.0042  0.1557961 0.0000e+00
        722      3.446    15.1298   2.961214     2.6862     2.6337     0.0042  0.1562845 0.0000e+00
        723      3.422    15.1268   2.961091     2.6862     2.6349     0.0042  0.1562845 0.0000e+00
        724      3.389    15.1244   2.960606     2.6862     2.6349     0.0042  0.1567729 0.0000e+00
        725      3.422    15.1222   2.960227     2.6886     2.6361     0.0042  0.1567729 0.0000e+00
        726      3.389    15.1195   2.959917     2.6899     2.6374     0.0042  0.1557961 0.0000e+00
        727      3.323    15.1171   2.959654     2.6886     2.6374     0.0042  0.1557961 0.0000e+00
        728      3.364    15.1166   2.959595     2.6886     2.6386     0.0042  0.1567729 0.0000e+00
        729      3.323    15.1183   2.959584     2.6886     2.6398     0.0042  0.1567729 0.0000e+00
        730      3.298    15.1168   2.959578     2.6935     2.6398     0.0042  0.1562845 0.0000e+00
        731      3.265    15.1175   2.959480     2.6935     2.6410     0.0042  0.1567729 0.0000e+00
        732      3.240    15.1208   2.959563     2.6911     2.6410     0.0042  0.1562845 0.0000e+00
        733      3.265    15.1335   2.960274     2.6911     2.6422     0.0042  0.1562845 0.0000e+00
        734      3.174    15.1518   2.962004     2.6935     2.6435     0.0042  0.1557961 0.0000e+00
        735      3.265    15.1704   2.964570     2.6947     2.6447     0.0042  0.1557961 0.0000e+00
        736      3.174    15.1859   2.967190     2.6947     2.6447     0.0042  0.1557961 0.0000e+00
        737      3.141    15.1949   2.969013     2.6947     2.6459     0.0042  0.1567729 0.0000e+00
        738      3.141    15.1976   2.970147     2.6947     2.6471     0.0042  0.1562845 0.0000e+00
        739      3.116    15.1915   2.969966     2.6960     2.6471     0.0042  0.1562845 0.0000e+00
        740      3.141    15.1728   2.968223     2.6984     2.6483     0.0042  0.1567729 0.0000e+00
        741      3.116    15.1486   2.965177     2.6984     2.6496     0.0042  0.1567729 0.0000e+00
        742      3.083    15.1259   2.962128     2.6984     2.6508     0.0042  0.1567729 0.0000e+00
        743      3.050    15.1070   2.959647     2.6984     2.6508     0.0044  0.1577497 0.0000e+00
        744      3.017    15.0871   2.956678     2.6996     2.6520     0.0044  0.1592149 0.0000e+00
        745      2.992    15.0589   2.953077     2.7008     2.6532     0.0044  0.1597033 0.0000e+00
        746      3.017    15.0188   2.948418     2.7008     2.6532     0.0044  0.1597033 0.0000e+00
        747      2.992    14.9940   2.943243     2.7008     2.6544     0.0044  0.1597033 0.0000e+00
        748      2.959    14.9789   2.939618     2.7008     2.6557     0.0044  0.1597033 0.0000e+00
        749      2.935    14.9669   2.938142     2.7033     2.6569     0.0044  0.1597033 0.0000e+00
        750      2.902    14.9672   2.938222     2.7045     2.6581     0.0044  0.1597033 0.0000e+00
        751      2.902    14.9743   2.938679     2.7033     2.6593     0.0044  0.1592149 0.0000e+00
        752      2.935    14.9825   2.939671     2.7033     2.6593     0.0044  0.1592149 0.0000e+00
        753      2.836    14.9864   2.940656     2.7045     2.6606     0.0044  0.1597033 0.0000e+00
        754      2.869    14.9864   2.940783     2.7082     2.6618     0.0044  0.1592149 0.0000e+00
        755      2.778    14.9720   2.940013     2.7082     2.6606     0.0044  0.1597033 0.0000e+00
        756      2.811    14.9581   2.938298     2.7082     2.6630     0.0044  0.1597033 0.0000e+00
        757      2.835    14.9582   2.936633     2.7082     2.6630     0.0044  0.1597033 0.0000e+00
        758      2.745    14.9551   2.936001     2.7082     2.6630     0.0044  0.1592149 0.0000e+00
        759      2.778    14.9412   2.935140     2.7118     2.6642     0.0044  0.1597033 0.0000e+00
        760      2.687    14.9244   2.933090     2.7131     2.6654     0.0044  0.1597033 0.0000e+00
        761      2.712    14.9089   2.930382     2.7131     2.6654     0.0044  0.1597033 0.0000e+00
        762      2.745    14.8916   2.927992     2.7131     2.6667     0.0044  0.1597033 0.0000e+00
        763      2.654    14.8748   2.925797     2.7131     2.6679     0.0044  0.1597033 0.0000e+00
        764      2.654    14.8606   2.923431     2.7155     2.6679     0.0044  0.1597033 0.0000e+00
        765      2.629    14.8459   2.921011     2.7155     2.6691     0.0044  0.1597033 0.0000e+00
        766      2.654    14.8366   2.918430     2.7155     2.6703     0.0044  0.1597033 0.0000e+00
        767      2.563    14.8340   2.916617     2.7167     2.6703     0.0044  0.1597033 0.0000e+00
        768      2.596    14.8382   2.916313     2.7167     2.6715     0.0044  0.1592149 0.0000e+00
        769      2.563    14.8467   2.917420     2.7192     2.6715     0.0044  0.1592149 0.0000e+00
        770      2.530    14.8587   2.918902     2.7192     2.6728     0.0044  0.1587265 0.0000e+00
        771      2.505    14.8662   2.920307     2.7192     2.6740     0.0044  0.1592149 0.0000e+00
        772      2.530    14.8734   2.921288     2.7204     2.6740     0.0044  0.1592149 0.0000e+00
        773      2.505    14.8864   2.922697     2.7228     2.6752     0.0044  0.1592149 0.0000e+00
        774      2.472    14.8916   2.924170     2.7228     2.6764     0.0044  0.1592149 0.0000e+00
        775      2.439    14.8847   2.924486     2.7228     2.6764     0.0044  0.1592149 0.0000e+00
        776      2.406    14.8771   2.923530     2.7228     2.6776     0.0044  0.1592149 0.0000e+00
        777      2.382    14.8786   2.922539     2.7240     2.6789     0.0044  0.1592149 0.0000e+00
        778      2.406    14.8813   2.922002     2.7265     2.6801     0.0044  0.1592149 0.0000e+00
        779      2.382    14.8719   2.920902     2.7265     2.6801     0.0044  0.1587265 0.0000e+00
        780      2.349    14.8601   2.919211     2.7277     2.6813     0.0044  0.1592149 0.0000e+00
        781      2.349    14.8510   2.917724     2.7265     2.6813     0.0044  0.1592149 0.0000e+00
        782      2.258    14.8437   2.916771     2.7265     2.6825     0.0044  0.1592149 0.0000e+00
        783      2.349    14.8387   2.915920     2.7289     2.6825     0.0044  0.1592149 0.0000e+00
        784      2.258    14.8343   2.915033     2.7289     2.6838     0.0044  0.1592149 0.0000e+00
        785      2.283    14.8309   2.914298     2.7289     2.6850     0.0044  0.1592149 0.0000e+00
        786      2.200    14.8279   2.913697     2.7301     2.6850     0.0044  0.1587265 0.0000e+00
        787      2.225    14.8250   2.913003     2.7314     2.6862     0.0044  0.1592149 0.0000e+00
        788      2.200    14.8226   2.912552     2.7338     2.6862     0.0044  0.1592149 0.0000e+00
        789      2.167    14.8234   2.912207     2.7326     2.6874     0.0044  0.1587265 0.0000e+00
        790      2.200    14.8299   2.912646     2.7326     2.6874     0.0044  0.1592149 0.0000e+00
        791      2.101    14.8323   2.913482     2.7338     2.6886     0.0044  0.1592149 0.0000e+00
        792      2.134    14.8277   2.913340     2.7350     2.6899     0.0044  0.1592149 0.0000e+00
        793      2.101    14.8257   2.912249     2.7375     2.6899     0.0044  0.1592149 0.0000e+00
        794      2.076    14.8323   2.912074     2.7375     2.6911     0.0044  0.1606801 0.0000e+00
        795      2.043    14.8334   2.913172     2.7375     2.6911     0.0044  0.1626337 0.0000e+00
        796      2.076    14.8260   2.913618     2.7375     2.6923     0.0044  0.1626337 0.0000e+00
        797      1.977    14.8260   2.913154     2.7399     2.6935     0.0044  0.1631221 0.0000e+00
        798      2.076    14.8292   2.913130     2.7411     2.6935     0.0044  0.1631221 0.0000e+00
        799      1.919    14.8292   2.913341     2.7424     2.6935     0.0044  0.1631221 0.0000e+00
        800      2.010    14.8285   2.913215     2.7424     2.6947     0.0044  0.1631221 0.0000e+00
