data/2021/ctd_data_day2/station9.cnv
* Sea-Bird SBE 9 Data File:
* FileName = C:\Users\CTD-User\Desktop\MAR440\day2\station9.hex
* Software Version Seasave V 7.26.2.13
* Temperature SN = 6313
* Conductivity SN = 4758
* Number of Bytes Per Scan = 37
* Number of Voltage Words = 4
* Number of Scans Averaged by the Deck Unit = 1
* NMEA Latitude = 58 19.82 N
* NMEA Longitude = 011 51.84 E
* NMEA UTC (Time) = Sep 22 2021 11:46:38
* NMEA baud rate = 4800
** Ship: Skagerrak
** Station: station9
** Operator: group2blue
# nquan = 9
# nvalues = 3112                                  
# units = specified
# name 0 = scan: Scan Count
# name 1 = prDM: Pressure, Digiquartz [db]
# name 2 = t090C: Temperature [ITS-90, deg C]
# name 3 = c0S/m: Conductivity [S/m]
# name 4 = sbeox0V: Oxygen raw, SBE 43 [V]
# name 5 = sbeox1V: Oxygen raw, SBE 43, 2 [V]
# name 6 = flECO-AFL: Fluorescence, WET Labs ECO-AFL/FL [mg/m^3]
# name 7 = upoly0: Upoly 0, Turbidity
# name 8 = flag:  0.000e+00
# span 0 =          1,       3112                 
# span 1 =      0.912,     43.038                 
# span 2 =     7.9952,    15.9143                 
# span 3 =   2.902496,   3.493253                 
# span 4 =     0.4748,     2.8083                 
# span 5 =     0.5419,     2.6948                 
# span 6 =     0.0035,     0.0145                 
# span 7 =  0.0874200,  0.2231954                 
# span 8 = 0.0000e+00, 0.0000e+00                 
# interval = seconds: 0.0416667
# start_time = Sep 22 2021 11:46:38 [NMEA time, header]
# bad_flag = -9.990e-29
*END*
[from data line 641]
        642      1.003    14.9751   2.910991     2.7814     2.6459     0.0049  0.2002405  0.000e+00
        643      1.036    14.9779   2.910799     2.7790     2.6435     0.0049  0.2002405  0.000e+00
        644      1.069    14.9810   2.910580     2.7790     2.6410     0.0049  0.2002405  0.000e+00
        645      1.036    14.9792   2.910448     2.7802     2.6386     0.0049  0.2002405  0.000e+00
        646      1.069    14.9849   2.909971     2.7814     2.6374     0.0049  0.2002405  0.000e+00
        647      1.036    15.0135   2.910272     2.7827     2.6349     0.0049  0.2002405  0.000e+00
        648      1.069    15.0231   2.912554     2.7827     2.6337     0.0049  0.2002405  0.000e+00
        649      1.036    15.0410   2.916169     2.7827     2.6313     0.0049  0.2002405  0.000e+00
        650      1.126    15.0796   2.920670     2.7839     2.6288     0.0049  0.2002405  0.000e+00
        651      1.036    15.0832   2.925322     2.7863     2.6264     0.0049  0.2002405  0.000e+00
        652      1.069    15.0835   2.928383     2.7876     2.6252     0.0049  0.2002405  0.000e+00
        653      1.093    15.0793   2.930395     2.7863     2.6239     0.0049  0.2002405  0.000e+00
        654      1.093    15.0852   2.932352     2.7863     2.6227     0.0049  0.2002405  0.000e+00
        655      1.069    15.1014   2.933876     2.7876     2.6191     0.0049  0.2002405  0.000e+00
        656      1.093    15.1271   2.935052     2.7888     2.6178     0.0049  0.2002405  0.000e+00
        657      1.069    15.1491   2.936917     2.7888     2.6154     0.0049  0.2002405  0.000e+00
        658      1.093    15.1540   2.939509     2.7888     2.6142     0.0049  0.1992637  0.000e+00
        659      1.069    15.1555   2.941425     2.7912     2.6129     0.0049  0.1968217  0.000e+00
        660      1.093    15.1643   2.941816     2.7912     2.6105     0.0049  0.1958449  0.000e+00
        661      1.069    15.1653   2.941766     2.7924     2.6081     0.0049  0.1963333  0.000e+00
        662      1.093    15.1578   2.941524     2.7924     2.6068     0.0049  0.1963333  0.000e+00
        663      1.069    15.1498   2.941348     2.7912     2.6056     0.0049  0.1963333  0.000e+00
        664      1.036    15.1332   2.941623     2.7924     2.6044     0.0049  0.1963333  0.000e+00
        665      1.069    15.1254   2.941849     2.7937     2.6032     0.0049  0.1963333  0.000e+00
        666      1.093    15.1367   2.942157     2.7961     2.6032     0.0049  0.1963333  0.000e+00
        667      1.003    15.1508   2.941998     2.7937     2.6007     0.0049  0.1963333  0.000e+00
        668      1.036    15.1511   2.941546     2.7937     2.5995     0.0049  0.1963333  0.000e+00
        669      1.069    15.1433   2.940908     2.7937     2.5983     0.0049  0.1963333  0.000e+00
        670      1.036    15.1288   2.941089     2.7961     2.5983     0.0049  0.1963333  0.000e+00
        671      1.003    15.1171   2.942422     2.7961     2.5971     0.0049  0.1963333  0.000e+00
        672      1.093    15.1166   2.944074     2.7961     2.5971     0.0049  0.1963333  0.000e+00
        673      1.036    15.1176   2.945677     2.7961     2.5959     0.0049  0.1963333  0.000e+00
        674      1.069    15.1232   2.946674     2.7961     2.5959     0.0049  0.1963333  0.000e+00
        675      1.036    15.1313   2.946888     2.7985     2.5959     0.0049  0.1963333  0.000e+00
        676      1.069    15.1369   2.946916     2.7973     2.5959     0.0049  0.1963333  0.000e+00
        677      1.036    15.1440   2.947544     2.7973     2.5959     0.0049  0.1963333  0.000e+00
        678      1.003    15.1523   2.948596     2.7973     2.5959     0.0049  0.1963333  0.000e+00
        679      1.093    15.1616   2.950007     2.7973     2.5959     0.0049  0.1963333  0.000e+00
        680      1.003    15.1702   2.951181     2.7998     2.5959     0.0049  0.1963333  0.000e+00
        681      1.093    15.1726   2.951749     2.7998     2.5971     0.0049  0.1963333  0.000e+00
        682      1.069    15.1723   2.951754     2.8010     2.5983     0.0049  0.1963333  0.000e+00
        683      1.093    15.1680   2.952074     2.7998     2.5983     0.0049  0.1963333  0.000e+00
        684      1.069    15.1650   2.953055     2.8010     2.5995     0.0048  0.1938913  0.000e+00
        685      1.036    15.1690   2.954776     2.8022     2.6007     0.0046  0.1924261  0.000e+00
        686      1.126    15.1795   2.957120     2.8022     2.6032     0.0046  0.1924261  0.000e+00
        687      1.036    15.1968   2.960000     2.8022     2.6032     0.0046  0.1924261  0.000e+00
        688      1.069    15.2092   2.963146     2.8022     2.6044     0.0046  0.1924261  0.000e+00
        689      1.093    15.2056   2.966409     2.8034     2.6056     0.0046  0.1924261  0.000e+00
        690      1.093    15.1930   2.968276     2.8046     2.6068     0.0046  0.1919377  0.000e+00
        691      1.069    15.1932   2.968111     2.8034     2.6093     0.0046  0.1924261  0.000e+00
        692      1.036    15.2151   2.967442     2.8034     2.6105     0.0046  0.1924261  0.000e+00
        693      1.069    15.2329   2.966409     2.8046     2.6129     0.0046  0.1924261  0.000e+00
        694      1.093    15.2403   2.964730     2.8059     2.6142     0.0046  0.1924261  0.000e+00
        695      1.069    15.2327   2.963234     2.8071     2.6154     0.0046  0.1924261  0.000e+00
        696      1.036    15.2245   2.962268     2.8059     2.6166     0.0046  0.1924261  0.000e+00
        697      1.069    15.2134   2.960739     2.8059     2.6191     0.0046  0.1924261  0.000e+00
        698      1.036    15.2041   2.958394     2.8046     2.6203     0.0046  0.1924261  0.000e+00
        699      1.069    15.1540   2.955410     2.8071     2.6227     0.0046  0.1924261  0.000e+00
        700      1.036    15.0970   2.951127     2.8071     2.6239     0.0046  0.1924261  0.000e+00
        701      1.003    15.0845   2.946790     2.8059     2.6264     0.0046  0.1924261  0.000e+00
        702      1.036    15.0920   2.943892     2.8059     2.6276     0.0046  0.1924261  0.000e+00
        703      1.069    15.0947   2.942631     2.8059     2.6300     0.0046  0.1924261  0.000e+00
        704      1.036    15.1045   2.943281     2.8083     2.6325     0.0048  0.1924261  0.000e+00
        705      1.069    15.1249   2.944856     2.8071     2.6325     0.0046  0.1924261  0.000e+00
        706      0.970    15.1256   2.945770     2.8059     2.6349     0.0046  0.1924261  0.000e+00
        707      1.069    15.1127   2.944333     2.8059     2.6374     0.0048  0.1924261  0.000e+00
        708      1.036    15.1083   2.942031     2.8059     2.6386     0.0046  0.1924261  0.000e+00
        709      1.036    15.1142   2.941183     2.8071     2.6398     0.0046  0.1934029  0.000e+00
        710      1.003    15.1191   2.941194     2.8059     2.6410     0.0048  0.1963333  0.000e+00
        711      1.093    15.1205   2.941249     2.8046     2.6435     0.0048  0.1973101  0.000e+00
        712      1.003    15.1110   2.940990     2.8059     2.6447     0.0048  0.1973101  0.000e+00
        713      1.093    15.1051   2.940655     2.8059     2.6459     0.0048  0.1973101  0.000e+00
        714      1.003    15.0991   2.940269     2.8059     2.6471     0.0048  0.1973101  0.000e+00
        715      1.093    15.0968   2.939934     2.8059     2.6496     0.0048  0.1973101  0.000e+00
        716      1.003    15.0967   2.939609     2.8034     2.6508     0.0048  0.1973101  0.000e+00
        717      1.093    15.0950   2.938937     2.8022     2.6520     0.0048  0.1973101  0.000e+00
        718      1.069    15.0887   2.938365     2.8059     2.6532     0.0048  0.1973101  0.000e+00
        719      1.036    15.0879   2.938095     2.8046     2.6545     0.0048  0.1973101  0.000e+00
        720      1.069    15.0877   2.938161     2.8034     2.6557     0.0048  0.1973101  0.000e+00
        721      1.036    15.0869   2.938415     2.8022     2.6569     0.0048  0.1973101  0.000e+00
        722      1.069    15.0877   2.938492     2.8010     2.6593     0.0048  0.1973101  0.000e+00
        723      1.093    15.0879   2.939213     2.8022     2.6593     0.0048  0.1973101  0.000e+00
        724      1.069    15.0910   2.940523     2.8010     2.6618     0.0048  0.1973101  0.000e+00
        725      1.036    15.0967   2.942031     2.8010     2.6630     0.0048  0.1973101  0.000e+00
        726      1.069    15.1090   2.943435     2.7985     2.6630     0.0048  0.1973101  0.000e+00
        727      1.093    15.1164   2.944322     2.7985     2.6630     0.0048  0.1973101  0.000e+00
        728      1.036    15.1178   2.944922     2.8010     2.6655     0.0048  0.1973101  0.000e+00
        729      1.069    15.1193   2.945407     2.7985     2.6655     0.0048  0.1973101  0.000e+00
        730      1.093    15.1257   2.945980     2.7961     2.6667     0.0048  0.1973101  0.000e+00
        731      1.069    15.1428   2.946398     2.7961     2.6679     0.0048  0.1973101  0.000e+00
        732      1.093    15.1526   2.946420     2.7961     2.6679     0.0048  0.1973101  0.000e+00
        733      1.003    15.1459   2.945632     2.7961     2.6691     0.0048  0.1973101  0.000e+00
        734      1.093    15.1418   2.944850     2.7937     2.6691     0.0048  0.1973101  0.000e+00
        735      1.069    15.1389   2.945522     2.7924     2.6703     0.0049  0.1958449  0.000e+00
        736      1.036    15.1423   2.946541     2.7912     2.6716     0.0049  0.1953565  0.000e+00
        737      1.069    15.1508   2.945550     2.7912     2.6716     0.0049  0.1953565  0.000e+00
        738      1.093    15.1453   2.943011     2.7912     2.6716     0.0049  0.1953565  0.000e+00
        739      1.003    15.1428   2.941271     2.7900     2.6728     0.0049  0.1953565  0.000e+00
        740      1.093    15.1426   2.940952     2.7888     2.6740     0.0049  0.1953565  0.000e+00
        741      1.003    15.1356   2.941122     2.7876     2.6752     0.0049  0.1953565  0.000e+00
        742      1.036    15.1239   2.940825     2.7876     2.6752     0.0049  0.1953565  0.000e+00
        743      1.126    15.1195   2.939493     2.7876     2.6764     0.0049  0.1948681  0.000e+00
        744      0.970    15.1183   2.937567     2.7839     2.6777     0.0049  0.1953565  0.000e+00
        745      1.093    15.1396   2.936939     2.7851     2.6789     0.0049  0.1953565  0.000e+00
        746      1.003    15.1452   2.937919     2.7839     2.6789     0.0049  0.1953565  0.000e+00
        747      1.036    15.1523   2.939873     2.7851     2.6801     0.0049  0.1953565  0.000e+00
        748      1.069    15.1616   2.942697     2.7839     2.6813     0.0049  0.1948681  0.000e+00
        749      1.036    15.1647   2.945919     2.7814     2.6825     0.0049  0.1953565  0.000e+00
        750      1.069    15.1668   2.948668     2.7814     2.6825     0.0049  0.1953565  0.000e+00
        751      1.036    15.1714   2.950536     2.7802     2.6838     0.0049  0.1953565  0.000e+00
        752      1.069    15.1756   2.951776     2.7814     2.6850     0.0049  0.1953565  0.000e+00
        753      1.036    15.1733   2.952510     2.7814     2.6850     0.0049  0.1953565  0.000e+00
        754      1.003    15.1693   2.952510     2.7790     2.6862     0.0049  0.1953565  0.000e+00
        755      1.093    15.1680   2.951837     2.7790     2.6874     0.0049  0.1953565  0.000e+00
        756      1.069    15.1607   2.950795     2.7790     2.6874     0.0049  0.1953565  0.000e+00
        757      1.036    15.1536   2.949550     2.7814     2.6887     0.0049  0.1948681  0.000e+00
        758      1.069    15.1536   2.949026     2.7778     2.6887     0.0049  0.1953565  0.000e+00
        759      1.036    15.1555   2.949015     2.7778     2.6887     0.0049  0.1953565  0.000e+00
        760      1.126    15.1557   2.949120     2.7778     2.6911     0.0049  0.1938913  0.000e+00
        761      1.036    15.1546   2.949313     2.7778     2.6911     0.0049  0.1899841  0.000e+00
        762      1.069    15.1548   2.949406     2.7778     2.6911     0.0049  0.1890073  0.000e+00
        763      1.093    15.1535   2.949467     2.7766     2.6923     0.0049  0.1890073  0.000e+00
        764      1.036    15.1528   2.949660     2.7753     2.6923     0.0049  0.1890073  0.000e+00
        765      1.069    15.1540   2.949533     2.7753     2.6923     0.0049  0.1890073  0.000e+00
        766      1.093    15.1550   2.949500     2.7766     2.6923     0.0049  0.1890073  0.000e+00
        767      1.069    15.1558   2.949627     2.7766     2.6935     0.0049  0.1890073  0.000e+00
        768      1.093    15.1563   2.950117     2.7766     2.6935     0.0049  0.1890073  0.000e+00
        769      1.069    15.1555   2.951209     2.7766     2.6923     0.0049  0.1890073  0.000e+00
        770      1.036    15.1575   2.952394     2.7741     2.6935     0.0049  0.1890073  0.000e+00
        771      1.069    15.1635   2.953403     2.7766     2.6923     0.0049  0.1890073  0.000e+00
        772      1.036    15.1645   2.954412     2.7753     2.6935     0.0049  0.1890073  0.000e+00
        773      1.069    15.1712   2.955724     2.7753     2.6923     0.0049  0.1890073  0.000e+00
        774      1.093    15.1795   2.957390     2.7741     2.6923     0.0049  0.1890073  0.000e+00
        775      1.003    15.1851   2.959564     2.7753     2.6923     0.0049  0.1890073  0.000e+00
        776      1.093    15.2064   2.961771     2.7766     2.6923     0.0049  0.1890073  0.000e+00
        777      1.003    15.2499   2.963013     2.7753     2.6911     0.0049  0.1890073  0.000e+00
        778      1.093    15.2566   2.963311     2.7741     2.6911     0.0049  0.1890073  0.000e+00
        779      1.069    15.2457   2.963681     2.7741     2.6899     0.0049  0.1890073  0.000e+00
        780      1.036    15.2366   2.964636     2.7741     2.6911     0.0049  0.1890073  0.000e+00
        781      1.003    15.2215   2.966277     2.7753     2.6899     0.0049  0.1890073  0.000e+00
        782      1.159    15.2120   2.968724     2.7741     2.6887     0.0049  0.1890073  0.000e+00
        783      1.036    15.2117   2.972144     2.7729     2.6887     0.0049  0.1890073  0.000e+00
        784      1.069    15.2420   2.974941     2.7741     2.6887     0.0049  0.1890073  0.000e+00
        785      1.036    15.2832   2.976611     2.7741     2.6874     0.0049  0.1890073  0.000e+00
        786      1.126    15.3054   2.977191     2.7766     2.6874     0.0048  0.1860769  0.000e+00
        787      1.036    15.3053   2.976953     2.7741     2.6862     0.0048  0.1841233  0.000e+00
        788      1.069    15.3043   2.977097     2.7729     2.6850     0.0048  0.1836349  0.000e+00
        789      1.093    15.2960   2.977645     2.7729     2.6850     0.0048  0.1841233  0.000e+00
        790      1.069    15.2771   2.977916     2.7766     2.6850     0.0048  0.1841233  0.000e+00
        791      1.093    15.2659   2.977921     2.7741     2.6850     0.0048  0.1841233  0.000e+00
        792      1.003    15.2665   2.978629     2.7741     2.6838     0.0048  0.1836349  0.000e+00
        793      1.093    15.2632   2.980284     2.7717     2.6838     0.0048  0.1841233  0.000e+00
        794      1.069    15.2601   2.982397     2.7717     2.6838     0.0048  0.1841233  0.000e+00
        795      1.036    15.2515   2.984329     2.7741     2.6838     0.0048  0.1841233  0.000e+00
        796      1.126    15.2361   2.985979     2.7741     2.6838     0.0048  0.1841233  0.000e+00
        797      1.036    15.2611   2.987308     2.7729     2.6838     0.0048  0.1841233  0.000e+00
        798      1.069    15.2876   2.988559     2.7729     2.6825     0.0048  0.1841233  0.000e+00
        799      1.036    15.2917   2.990453     2.7717     2.6838     0.0048  0.1841233  0.000e+00
        800      1.093    15.2968   2.992658     2.7741     2.6838     0.0048  0.1841233  0.000e+00
