data/2021/ctd_data_day2/station8_ctm_fil_le.cnv
* Sea-Bird SBE 9 Data File:
* FileName = C:\Users\CTD-User\Desktop\MAR440\day2\station8.hex
* Software Version Seasave V 7.26.2.13
* Temperature SN = 6313
* Conductivity SN = 4758
* Number of Bytes Per Scan = 37
* Number of Voltage Words = 4
* Number of Scans Averaged by the Deck Unit = 1
* NMEA Latitude = 58 19.53 N
* NMEA Longitude = 011 50.68 E
* NMEA UTC (Time) = Sep 22 2021 11:34:11
* NMEA baud rate = 4800
** Ship: Skagerrak
** Station: station8
** Operator: group1
# nquan = 9
# nvalues = 1621                        
# units = specified
# name 0 = scan: Scan Count
# name 1 = prDM: Pressure, Digiquartz [db]
# name 2 = t090C: Temperature [ITS-90, deg C]
# name 3 = c0S/m: Conductivity [S/m]
# name 4 = sbeox0V: Oxygen raw, SBE 43 [V]
# name 5 = sbeox1V: Oxygen raw, SBE 43, 2 [V]
# name 6 = flECO-AFL: Fluorescence, WET Labs ECO-AFL/FL [mg/m^3]
# name 7 = upoly0: Upoly 0, Turbidity
# name 8 = flag:  0.000e+00
# span 0 =          1,       1621       
# span 1 =      0.840,     12.569       
# span 2 =    14.0065,    15.7167       
# span 3 =   2.901340,   3.413555       
# span 4 =     1.3577,     2.8177       
# span 5 =     1.3369,     2.7501       
# span 6 =     0.0040,     0.0057       
# span 7 =  0.0909304,  0.1803616       
# span 8 = 0.0000e+00, 0.0000e+00       
# interval = seconds: 0.0416667
# start_time = Sep 22 2021 11:34:11 [NMEA time, header]
# bad_flag = -9.990e-29
*END*
[from data line 1281]
       1282     12.055    14.8989   3.390431     1.8799     1.8647     0.0057  0.0924380 -9.990e-29
       1283     12.064    14.8860   3.391246     1.8770     1.8619     0.0057  0.0924336 -9.990e-29
       1284     12.073    14.8723   3.392090     1.8741     1.8592     0.0057  0.0924302 -9.990e-29
       1285     12.082    14.8578   3.392967     1.8712     1.8564     0.0057  0.0924276 -9.990e-29
       1286     12.091    14.8423   3.393879     1.8682     1.8537     0.0057  0.0924259 -9.990e-29
       1287     12.100    14.8261   3.394824     1.8653     1.8510     0.0057  0.0924250 -9.990e-29
       1288     12.108    14.8094   3.395794     1.8624     1.8482     0.0057  0.0924249 -9.990e-29
       1289     12.117    14.7922   3.396777     1.8595     1.8455     0.0057  0.0924257 -9.990e-29
       1290     12.126    14.7750   3.397759     1.8565     1.8428     0.0057  0.0924274 -9.990e-29
       1291     12.134    14.7581   3.398728     1.8536     1.8401     0.0057  0.0924299 -9.990e-29
       1292     12.143    14.7416   3.399677     1.8507     1.8374     0.0057  0.0924333 -9.990e-29
       1293     12.151    14.7258   3.400600     1.8478     1.8348     0.0057  0.0924375 -9.990e-29
       1294     12.159    14.7107   3.401496     1.8449     1.8321     0.0057  0.0924427 -9.990e-29
       1295     12.167    14.6963   3.402364     1.8420     1.8294     0.0057  0.0924489 -9.990e-29
       1296     12.176    14.6826   3.403204     1.8391     1.8268     0.0057  0.0924561 -9.990e-29
       1297     12.184    14.6696   3.404014     1.8362     1.8242     0.0057  0.0924643 -9.990e-29
       1298     12.192    14.6573   3.404793     1.8333     1.8215     0.0057  0.0924737 -9.990e-29
       1299     12.200    14.6455   3.405535     1.8304     1.8189     0.0057  0.0924842 -9.990e-29
       1300     12.208    14.6344   3.406237     1.8275     1.8163     0.0057  0.0924960 -9.990e-29
       1301     12.215    14.6239   3.406896     1.8247     1.8137     0.0057  0.0925091 -9.990e-29
       1302     12.223    14.6141   3.407509     1.8218     1.8111     0.0057  0.0925237 -9.990e-29
       1303     12.230    14.6049   3.408076     1.8189     1.8085     0.0055  0.0925389 -9.990e-29
       1304     12.237    14.5962   3.408597     1.8161     1.8059     0.0055  0.0925532 -9.990e-29
       1305     12.244    14.5881   3.409072     1.8132     1.8033     0.0055  0.0925659 -9.990e-29
       1306     12.251    14.5805   3.409503     1.8104     1.8007     0.0055  0.0925770 -9.990e-29
       1307     12.258    14.5734   3.409891     1.8075     1.7981     0.0055  0.0925865 -9.990e-29
       1308     12.264    14.5667   3.410236     1.8047     1.7955     0.0055  0.0925947 -9.990e-29
       1309     12.270    14.5605   3.410541     1.8019     1.7929     0.0055  0.0926015 -9.990e-29
       1310     12.276    14.5546   3.410806     1.7990     1.7903     0.0055  0.0926069 -9.990e-29
       1311     12.282    14.5492   3.411033     1.7962     1.7876     0.0055  0.0926102 -9.990e-29
       1312     12.287    14.5442   3.411221     1.7934     1.7850     0.0049  0.0926106 -9.990e-29
       1313     12.292    14.5397   3.411370     1.7905     1.7824     0.0055  0.0926088 -9.990e-29
       1314     12.296    14.5358   3.411477     1.7877     1.7797     0.0049  0.0926057 -9.990e-29
       1315     12.301    14.5326   3.411543     1.7848     1.7771     0.0049  0.0926014 -9.990e-29
       1316     12.305    14.5300   3.411566     1.7820     1.7744     0.0055  0.0925957 -9.990e-29
       1317     12.309    14.5281   3.411545     1.7792     1.7717     0.0049  0.0925878 -9.990e-29
       1318     12.313    14.5271   3.411482     1.7764     1.7691     0.0055  0.0925768 -9.990e-29
       1319     12.316    14.5269   3.411378     1.7735     1.7663     0.0049  0.0925625 -9.990e-29
       1320     12.320    14.5279   3.411234     1.7707     1.7636     0.0055  0.0925450 -9.990e-29
       1321     12.323    14.5301   3.411056     1.7679     1.7609     0.0055  0.0925249 -9.990e-29
       1322     12.326    14.5335   3.410844     1.7651     1.7582     0.0055  0.0925030 -9.990e-29
       1323     12.328    14.5381   3.410595     1.7622     1.7554     0.0049  0.0924790 -9.990e-29
       1324     12.330    14.5439   3.410307     1.7594     1.7526     0.0049  0.0924529 -9.990e-29
       1325     12.332    14.5507   3.409977     1.7565     1.7498     0.0055  0.0924244 -9.990e-29
       1326     12.334    14.5587   3.409601     1.7537     1.7470     0.0049  0.0923933 -9.990e-29
       1327     12.335    14.5675   3.409179     1.7508     1.7441     0.0049  0.0923594 -9.990e-29
       1328     12.336    14.5767   3.408715     1.7479     1.7412     0.0049  0.0923226 -9.990e-29
       1329     12.338    14.5859   3.408224     1.7450     1.7383     0.0049  0.0922833 -9.990e-29
       1330     12.339    14.5946   3.407719     1.7421     1.7354     0.0049  0.0922439 -9.990e-29
       1331     12.340    14.6029   3.407218     1.7392     1.7324     0.0049  0.0922066 -9.990e-29
       1332     12.341    14.6110   3.406729     1.7362     1.7294     0.0049  0.0921720 -9.990e-29
       1333     12.343    14.6186   3.406256     1.7333     1.7264     0.0049  0.0921400 -9.990e-29
       1334     12.343    14.6259   3.405799     1.7303     1.7234     0.0049  0.0921101 -9.990e-29
       1335     12.344    14.6327   3.405354     1.7273     1.7204     0.0049  0.0920823 -9.990e-29
       1336     12.345    14.6393   3.404916     1.7243     1.7173     0.0049  0.0920564 -9.990e-29
       1337     12.345    14.6457   3.404482     1.7213     1.7142     0.0049  0.0920322 -9.990e-29
       1338     12.346    14.6521   3.404045     1.7182     1.7111     0.0049  0.0920094 -9.990e-29
       1339     12.346    14.6584   3.403603     1.7152     1.7079     0.0049  0.0919880 -9.990e-29
       1340     12.347    14.6645   3.403155     1.7121     1.7048     0.0049  0.0919678 -9.990e-29
       1341     12.347    14.6705   3.402699     1.7090     1.7016     0.0049  0.0919487 -9.990e-29
       1342     12.348    14.6762   3.402238     1.7059     1.6984     0.0049  0.0919305 -9.990e-29
       1343     12.348    14.6814   3.401780     1.7027     1.6952     0.0049  0.0919130 -9.990e-29
       1344     12.349    14.6861   3.401338     1.6996     1.6920     0.0049  0.0918963 -9.990e-29
       1345     12.350    14.6900   3.400927     1.6965     1.6888     0.0049  0.0918793 -9.990e-29
       1346     12.350    14.6931   3.400560     1.6933     1.6855     0.0049  0.0918610 -9.990e-29
       1347     12.351    14.6951   3.400243     1.6901     1.6823     0.0049  0.0918422 -9.990e-29
       1348     12.351    14.6961   3.399980     1.6870     1.6790     0.0049  0.0918236 -9.990e-29
       1349     12.352    14.6962   3.399768     1.6838     1.6757     0.0049  0.0918050 -9.990e-29
       1350     12.352    14.6956   3.399597     1.6806     1.6725     0.0049  0.0917855 -9.990e-29
       1351     12.353    14.6940   3.399462     1.6775     1.6692     0.0049  0.0917641 -9.990e-29
       1352     12.354    14.6913   3.399368     1.6743     1.6659     0.0049  0.0917415 -9.990e-29
       1353     12.355    14.6871   3.399326     1.6711     1.6626     0.0049  0.0917175 -9.990e-29
       1354     12.356    14.6814   3.399343     1.6680     1.6594     0.0048  0.0916920 -9.990e-29
       1355     12.357    14.6744   3.399424     1.6649     1.6561     0.0046  0.0916673 -9.990e-29
       1356     12.358    14.6670   3.399562     1.6617     1.6529     0.0048  0.0916450 -9.990e-29
       1357     12.359    14.6598   3.399741     1.6586     1.6496     0.0046  0.0916249 -9.990e-29
       1358     12.360    14.6533   3.399939     1.6555     1.6464     0.0046  0.0916069 -9.990e-29
       1359     12.362    14.6474   3.400137     1.6525     1.6432     0.0048  0.0915908 -9.990e-29
       1360     12.363    14.6419   3.400327     1.6494     1.6400     0.0048  0.0915766 -9.990e-29
       1361     12.364    14.6363   3.400510     1.6464     1.6369     0.0046  0.0915641 -9.990e-29
       1362     12.366    14.6308   3.400691     1.6434     1.6337     0.0048  0.0915532 -9.990e-29
       1363     12.367    14.6256   3.400873     1.6404     1.6306     0.0048  0.0915439 -9.990e-29
       1364     12.369    14.6213   3.401050     1.6375     1.6275     0.0046  0.0915361 -9.990e-29
       1365     12.370    14.6178   3.401216     1.6346     1.6244     0.0046  0.0915298 -9.990e-29
       1366     12.372    14.6146   3.401365     1.6318     1.6213     0.0046  0.0915249 -9.990e-29
       1367     12.373    14.6112   3.401502     1.6290     1.6182     0.0048  0.0915214 -9.990e-29
       1368     12.375    14.6072   3.401637     1.6262     1.6152     0.0048  0.0915192 -9.990e-29
       1369     12.377    14.6026   3.401779     1.6235     1.6122     0.0048  0.0915183 -9.990e-29
       1370     12.378    14.5973   3.401939     1.6209     1.6092     0.0048  0.0915188 -9.990e-29
       1371     12.380    14.5911   3.402125     1.6183     1.6062     0.0046  0.0915206 -9.990e-29
       1372     12.381    14.5839   3.402343     1.6157     1.6033     0.0046  0.0915237 -9.990e-29
       1373     12.383    14.5755   3.402592     1.6132     1.6004     0.0046  0.0915283 -9.990e-29
       1374     12.385    14.5661   3.402874     1.6107     1.5975     0.0048  0.0915342 -9.990e-29
       1375     12.387    14.5555   3.403185     1.6083     1.5946     0.0046  0.0915415 -9.990e-29
       1376     12.389    14.5439   3.403523     1.6060     1.5917     0.0046  0.0915504 -9.990e-29
       1377     12.391    14.5311   3.403886     1.6037     1.5889     0.0048  0.0915608 -9.990e-29
       1378     12.393    14.5171   3.404272     1.6015     1.5860     0.0048  0.0915728 -9.990e-29
       1379     12.394    14.5019   3.404679     1.5993     1.5832     0.0046  0.0915865 -9.990e-29
       1380     12.396    14.4855   3.405105     1.5972     1.5805     0.0048  0.0916012 -9.990e-29
       1381     12.398    14.4682   3.405549     1.5951     1.5777     0.0048  0.0916153 -9.990e-29
       1382     12.400    14.4507   3.406007     1.5931     1.5750     0.0048  0.0916279 -9.990e-29
       1383     12.402    14.4334   3.406473     1.5912     1.5723     0.0048  0.0916392 -9.990e-29
       1384     12.404    14.4169   3.406937     1.5893     1.5696     0.0048  0.0916494 -9.990e-29
       1385     12.406    14.4014   3.407388     1.5874     1.5669     0.0048  0.0916583 -9.990e-29
       1386     12.408    14.3871   3.407819     1.5856     1.5643     0.0048  0.0916662 -9.990e-29
       1387     12.409    14.3740   3.408224     1.5839     1.5616     0.0048  0.0916730 -9.990e-29
       1388     12.411    14.3621   3.408604     1.5822     1.5591     0.0048  0.0916789 -9.990e-29
       1389     12.413    14.3513   3.408958     1.5806     1.5565     0.0048  0.0916837 -9.990e-29
       1390     12.415    14.3418   3.409288     1.5790     1.5540     0.0048  0.0916877 -9.990e-29
       1391     12.417    14.3335   3.409595     1.5775     1.5515     0.0048  0.0916908 -9.990e-29
       1392     12.419    14.3262   3.409879     1.5760     1.5490     0.0048  0.0916930 -9.990e-29
       1393     12.421    14.3198   3.410138     1.5746     1.5466     0.0048  0.0916944 -9.990e-29
       1394     12.423    14.3141   3.410372     1.5732     1.5441     0.0048  0.0916949 -9.990e-29
       1395     12.425    14.3088   3.410583     1.5718     1.5418     0.0048  0.0916946 -9.990e-29
       1396     12.427    14.3038   3.410771     1.5705     1.5394     0.0048  0.0916934 -9.990e-29
       1397     12.429    14.2988   3.410939     1.5692     1.5371     0.0048  0.0916914 -9.990e-29
       1398     12.431    14.2937   3.411090     1.5680     1.5348     0.0048  0.0916885 -9.990e-29
       1399     12.433    14.2884   3.411227     1.5667     1.5325     0.0048  0.0916847 -9.990e-29
       1400     12.435    14.2828   3.411354     1.5655     1.5303     0.0048  0.0916792 -9.990e-29
       1401     12.437    14.2771   3.411475     1.5643     1.5281     0.0048  0.0916710 -9.990e-29
       1402     12.440    14.2714   3.411590     1.5631     1.5259     0.0048  0.0916610 -9.990e-29
       1403     12.442    14.2656   3.411696     1.5619     1.5238     0.0048  0.0916499 -9.990e-29
       1404     12.444    14.2598   3.411793     1.5608     1.5216     0.0048  0.0916376 -9.990e-29
       1405     12.446    14.2538   3.411881     1.5596     1.5195     0.0048  0.0916241 -9.990e-29
       1406     12.449    14.2476   3.411961     1.5584     1.5174     0.0048  0.0916102 -9.990e-29
       1407     12.451    14.2413   3.412036     1.5573     1.5154     0.0048  0.0915973 -9.990e-29
       1408     12.453    14.2348   3.412104     1.5561     1.5133     0.0048  0.0915863 -9.990e-29
       1409     12.456    14.2284   3.412164     1.5550     1.5113     0.0048  0.0915772 -9.990e-29
       1410     12.458    14.2224   3.412218     1.5539     1.5093     0.0048  0.0915697 -9.990e-29
       1411     12.461    14.2168   3.412264     1.5527     1.5074     0.0048  0.0915640 -9.990e-29
       1412     12.463    14.2118   3.412304     1.5516     1.5054     0.0048  0.0915599 -9.990e-29
       1413     12.466    14.2072   3.412339     1.5504     1.5035     0.0048  0.0915574 -9.990e-29
       1414     12.468    14.2029   3.412371     1.5493     1.5016     0.0048  0.0915565 -9.990e-29
       1415     12.471    14.1989   3.412399     1.5481     1.4997     0.0048  0.0915572 -9.990e-29
       1416     12.473    14.1951   3.412423     1.5470     1.4978     0.0048  0.0915595 -9.990e-29
       1417     12.476    14.1914   3.412444     1.5458     1.4959     0.0048  0.0915634 -9.990e-29
       1418     12.478    14.1879   3.412462     1.5446     1.4941     0.0048  0.0915690 -9.990e-29
       1419     12.481    14.1844   3.412477     1.5434     1.4922     0.0048  0.0915763 -9.990e-29
       1420     12.484    14.1808   3.412491     1.5422     1.4904     0.0048  0.0915852 -9.990e-29
       1421     12.486    14.1772   3.412503     1.5410     1.4886     0.0048  0.0915960 -9.990e-29
       1422     12.489    14.1733   3.412514     1.5398     1.4868     0.0048  0.0916087 -9.990e-29
       1423     12.491    14.1689   3.412524     1.5385     1.4850     0.0048  0.0916233 -9.990e-29
       1424     12.494    14.1639   3.412533     1.5373     1.4833     0.0048  0.0916399 -9.990e-29
       1425     12.497    14.1580   3.412542     1.5360     1.4815     0.0048  0.0916588 -9.990e-29
       1426     12.500    14.1511   3.412552     1.5347     1.4798     0.0048  0.0916799 -9.990e-29
       1427     12.502    14.1433   3.412565     1.5334     1.4780     0.0048  0.0917035 -9.990e-29
       1428     12.505    14.1346   3.412579     1.5320     1.4763     0.0048  0.0917298 -9.990e-29
       1429     12.508    14.1250   3.412597     1.5306     1.4746     0.0048  0.0917588 -9.990e-29
       1430     12.510    14.1150   3.412617     1.5292     1.4729     0.0048  0.0917900 -9.990e-29
       1431     12.513    14.1048   3.412641     1.5278     1.4712     0.0049  0.0918209 -9.990e-29
       1432     12.515    14.0949   3.412665     1.5263     1.4695     0.0049  0.0918494 -9.990e-29
       1433     12.518    14.0854   3.412689     1.5248     1.4678     0.0049  0.0918748 -9.990e-29
       1434     12.520    14.0765   3.412711     1.5233     1.4661     0.0049  0.0918971 -9.990e-29
       1435     12.523    14.0681   3.412730     1.5217     1.4644     0.0049  0.0919166 -9.990e-29
       1436     12.525    14.0602   3.412746     1.5202     1.4628     0.0049  0.0919334 -9.990e-29
       1437     12.527    14.0528   3.412760     1.5186     1.4611     0.0049  0.0919476 -9.990e-29
       1438     12.530    14.0459   3.412771     1.5169     1.4595     0.0049  0.0919594 -9.990e-29
       1439     12.532    14.0395   3.412780     1.5153     1.4578     0.0049  0.0919687 -9.990e-29
       1440     12.534    14.0337   3.412788     1.5136     1.4562     0.0049  0.0919758 -9.990e-29
