data/2021/ctd_data_day2/station6_ctm_fil_le_der.cnv
* Sea-Bird SBE 9 Data File:
* FileName = C:\Users\CTD-User\Desktop\MAR440\day2\station6.hex
* Software Version Seasave V 7.26.2.13
* Temperature SN = 6313
* Conductivity SN = 4758
* Number of Bytes Per Scan = 37
* Number of Voltage Words = 4
* Number of Scans Averaged by the Deck Unit = 1
* NMEA Latitude = 58 18.87 N
* NMEA Longitude = 011 46.44 E
* NMEA UTC (Time) = Sep 22 2021 10:40:23
* NMEA baud rate = 4800
** Ship: Skagerrak
** Station: station6
** Operator: group2blu
# nquan = 13                                
# nvalues = 3719                        
# units = specified
# name 0 = scan: Scan Count
# name 1 = prDM: Pressure, Digiquartz [db]
# name 2 = t090C: Temperature [ITS-90, deg C]
# name 3 = c0S/m: Conductivity [S/m]
# name 4 = sbeox0V: Oxygen raw, SBE 43 [V]
# name 5 = sbeox1V: Oxygen raw, SBE 43, 2 [V]
# name 6 = flECO-AFL: Fluorescence, WET Labs ECO-AFL/FL [mg/m^3]
# name 7 = upoly0: Upoly 0, Turbidity
# name 8 = depSM: Depth [salt water, m], lat = 58.3145
# name 9 = sal00: Salinity, Practical [PSU]
# name 10 = sbeox0ML/L: Oxygen, SBE 43 [ml/l], WS = 2
# name 11 = sbeox1ML/L: Oxygen, SBE 43, 2 [ml/l], WS = 2
# name 12 = flag: flag
# span 0 =          1,       3719       
# span 1 =      0.297,     37.682       
# span 2 =     6.7387,    16.0330       
# span 3 =   2.945436,   3.739498       
# span 4 =     0.5149,     2.7976       
# span 5 =     0.5764,     2.7771       
# span 6 =     0.0033,     0.0304       
# span 7 =  0.0865424,  0.1559155       
# span 8 =      0.294,     37.328       
# span 9 =    22.6935,    32.1122       
# span 10 =    -0.0168,     6.8251      
# span 11 =     0.2910,     5.9037      
# span 12 = 0.0000e+00, 0.0000e+00      
# interval = seconds: 0.0416667
# start_time = Sep 22 2021 10:40:23 [NMEA time, header]
# bad_flag = -9.990e-29
*END*
[from data line 223]
        224      8.825    15.5681   2.948959     2.1268     2.3075     0.0046  0.1402982      8.743    22.7478     4.7284     4.7321 0.0000e+00
        225      8.848    15.5691   2.948961     2.1266     2.3084     0.0046  0.1403349      8.766    22.7473     4.7284     4.7357 0.0000e+00
        226      8.870    15.5702   2.948964     2.1265     2.3092     0.0046  0.1403693      8.787    22.7466     4.7287     4.7390 0.0000e+00
        227      8.892    15.5715   2.948967     2.1263     2.3101     0.0046  0.1404018      8.809    22.7459     4.7288     4.7425 0.0000e+00
        228      8.914    15.5730   2.948971     2.1261     2.3110     0.0046  0.1404324      8.831    22.7451     4.7288     4.7459 0.0000e+00
        229      8.937    15.5746   2.948976     2.1259     2.3119     0.0044  0.1404616      8.854    22.7442     4.7287     4.7494 0.0000e+00
        230      8.959    15.5765   2.948981     2.1258     2.3128     0.0046  0.1404893      8.876    22.7431     4.7290     4.7528 0.0000e+00
        231      8.981    15.5785   2.948987     2.1256     2.3137     0.0046  0.1405160      8.897    22.7420     4.7289     4.7561 0.0000e+00
        232      9.003    15.5807   2.948994     2.1254     2.3147     0.0046  0.1405416      8.919    22.7408     4.7288     4.7597 0.0000e+00
        233      9.025    15.5831   2.949002     2.1252     2.3156     0.0046  0.1405665      8.941    22.7395     4.7287     4.7630 0.0000e+00
        234      9.047    15.5856   2.949009     2.1251     2.3166     0.0046  0.1405907      8.963    22.7381     4.7289     4.7666 0.0000e+00
        235      9.069    15.5881   2.949017     2.1249     2.3175     0.0046  0.1406145      8.985    22.7368     4.7288     4.7698 0.0000e+00
        236      9.091    15.5907   2.949025     2.1248     2.3185     0.0046  0.1406380      9.006    22.7353     4.7290     4.7733 0.0000e+00
        237      9.113    15.5933   2.949033     2.1246     2.3195     0.0046  0.1406614      9.028    22.7339     4.7289     4.7767 0.0000e+00
        238      9.135    15.5959   2.949042     2.1245     2.3205     0.0046  0.1406848      9.050    22.7325     4.7290     4.7802 0.0000e+00
        239      9.158    15.5987   2.949052     2.1243     2.3215     0.0046  0.1407084      9.073    22.7309     4.7288     4.7836 0.0000e+00
        240      9.180    15.6017   2.949061     2.1242     2.3226     0.0046  0.1407324      9.094    22.7293     4.7289     4.7872 0.0000e+00
        241      9.202    15.6047   2.949071     2.1241     2.3236     0.0046  0.1407569      9.116    22.7276     4.7290     4.7905 0.0000e+00
        242      9.223    15.6077   2.949081     2.1240     2.3247     0.0046  0.1407821      9.137    22.7260     4.7291     4.7940 0.0000e+00
        243      9.246    15.6108   2.949091     2.1239     2.3257     0.0046  0.1408082      9.160    22.7243     4.7293     4.7973 0.0000e+00
        244      9.268    15.6139   2.949101     2.1238     2.3268     0.0046  0.1408354      9.182    22.7226     4.7294     4.8008 0.0000e+00
        245      9.290    15.6170   2.949111     2.1237     2.3278     0.0046  0.1408638      9.203    22.7209     4.7295     4.8041 0.0000e+00
        246      9.311    15.6200   2.949121     2.1236     2.3289     0.0046  0.1408937      9.224    22.7193     4.7296     4.8075 0.0000e+00
        247      9.333    15.6230   2.949131     2.1235     2.3300     0.0046  0.1409252      9.246    22.7176     4.7297     4.8110 0.0000e+00
        248      9.355    15.6260   2.949140     2.1234     2.3311     0.0046  0.1409560      9.268    22.7160     4.7298     4.8144 0.0000e+00
        249      9.377    15.6290   2.949150     2.1233     2.3322     0.0046  0.1409796      9.290    22.7143     4.7299     4.8178 0.0000e+00
        250      9.399    15.6321   2.949159     2.1232     2.3334     0.0046  0.1409901      9.311    22.7126     4.7300     4.8215 0.0000e+00
        251      9.421    15.6354   2.949169     2.1232     2.3345     0.0046  0.1409860      9.333    22.7108     4.7304     4.8248 0.0000e+00
        252      9.442    15.6387   2.949179     2.1231     2.3356     0.0046  0.1409672      9.354    22.7090     4.7306     4.8281 0.0000e+00
        253      9.464    15.6422   2.949189     2.1230     2.3368     0.0046  0.1409336      9.376    22.7071     4.7307     4.8317 0.0000e+00
        254      9.486    15.6457   2.949199     2.1230     2.3379     0.0046  0.1408849      9.398    22.7051     4.7311     4.8349 0.0000e+00
        255      9.507    15.6491   2.949209     2.1229     2.3391     0.0046  0.1408209      9.418    22.7033     4.7312     4.8384 0.0000e+00
        256      9.528    15.6524   2.949218     2.1229     2.3403     0.0046  0.1407410      9.439    22.7015     4.7317     4.8419 0.0000e+00
        257      9.549    15.6556   2.949227     2.1229     2.3414     0.0046  0.1406447      9.460    22.6997     4.7321     4.8452 0.0000e+00
        258      9.571    15.6585   2.949236     2.1228     2.3426     0.0046  0.1405313      9.482    22.6981     4.7322     4.8487 0.0000e+00
        259      9.592    15.6612   2.949243     2.1228     2.3438     0.0046  0.1404001      9.503    22.6966     4.7327     4.8522 0.0000e+00
        260      9.613    15.6634   2.949250     2.1228     2.3450     0.0046  0.1402501      9.523    22.6954     4.7332     4.8557 0.0000e+00
        261      9.634    15.6651   2.949254     2.1228     2.3462     0.0046  0.1400803      9.544    22.6945     4.7338     4.8592 0.0000e+00
        262      9.655    15.6663   2.949256     2.1227     2.3474     0.0046  0.1398895      9.565    22.6938     4.7341     4.8628 0.0000e+00
        263      9.676    15.6668   2.949256     2.1227     2.3486     0.0046  0.1396764      9.586    22.6935     4.7347     4.8664 0.0000e+00
        264      9.696    15.6668   2.949254     2.1227     2.3498     0.0046  0.1394395      9.606    22.6935     4.7354     4.8700 0.0000e+00
        265      9.717    15.6663   2.949249     2.1227     2.3510     0.0046  0.1391771      9.626    22.6937     4.7361     4.8737 0.0000e+00
        266      9.737    15.6652   2.949243     2.1227     2.3523     0.0046  0.1388875      9.646    22.6943     4.7369     4.8777 0.0000e+00
        267      9.758    15.6637   2.949235     2.1228     2.3535     0.0046  0.1385686      9.667    22.6951     4.7380     4.8814 0.0000e+00
        268      9.778    15.6619   2.949225     2.1228     2.3547     0.0046  0.1382182      9.687    22.6960     4.7388     4.8851 0.0000e+00
        269      9.798    15.6600   2.949214     2.1228     2.3560     0.0046  0.1378338      9.707    22.6970     4.7396     4.8891 0.0000e+00
        270      9.817    15.6580   2.949204     2.1228     2.3572     0.0046  0.1374128      9.726    22.6981     4.7405     4.8928 0.0000e+00
        271      9.837    15.6561   2.949194     2.1228     2.3585     0.0046  0.1369523      9.745    22.6991     4.7414     4.8967 0.0000e+00
        272      9.856    15.6543   2.949184     2.1229     2.3597     0.0046  0.1364490      9.764    22.7000     4.7425     4.9004 0.0000e+00
        273      9.876    15.6524   2.949174     2.1229     2.3610     0.0048  0.1359063      9.784    22.7010     4.7434     4.9043 0.0000e+00
        274      9.894    15.6504   2.949164     2.1230     2.3622     0.0049  0.1353449      9.802    22.7020     4.7445     4.9080 0.0000e+00
        275      9.913    15.6481   2.949153     2.1230     2.3635     0.0048  0.1347934      9.821    22.7033     4.7454     4.9119 0.0000e+00
        276      9.931    15.6456   2.949140     2.1231     2.3648     0.0049  0.1342647      9.838    22.7046     4.7466     4.9159 0.0000e+00
        277      9.949    15.6428   2.949127     2.1232     2.3660     0.0049  0.1337579      9.856    22.7061     4.7479     4.9197 0.0000e+00
        278      9.966    15.6397   2.949113     2.1233     2.3673     0.0049  0.1332693      9.873    22.7077     4.7492     4.9237 0.0000e+00
        279      9.983    15.6364   2.949098     2.1233     2.3686     0.0049  0.1327956      9.890    22.7095     4.7502     4.9278 0.0000e+00
        280     10.000    15.6326   2.949081     2.1234     2.3699     0.0049  0.1323343      9.907    22.7115     4.7516     4.9319 0.0000e+00
        281     10.016    15.6283   2.949062     2.1235     2.3712     0.0049  0.1318822      9.923    22.7138     4.7530     4.9361 0.0000e+00
        282     10.032    15.6234   2.949041     2.1236     2.3725     0.0049  0.1314345      9.939    22.7164     4.7546     4.9404 0.0000e+00
        283     10.047    15.6178   2.949017     2.1237     2.3738     0.0049  0.1309880      9.953    22.7194     4.7561     4.9447 0.0000e+00
        284     10.061    15.6113   2.948989     2.1238     2.3751     0.0049  0.1305406      9.967    22.7229     4.7578     4.9492 0.0000e+00
        285     10.075    15.6038   2.948957     2.1239     2.3764     0.0049  0.1300890      9.981    22.7270     4.7596     4.9538 0.0000e+00
        286     10.089    15.5953   2.948922     2.1240     2.3777     0.0049  0.1296302      9.995    22.7315     4.7616     4.9585 0.0000e+00
        287     10.101    15.5858   2.948883     2.1241     2.3790     0.0049  0.1291609     10.007    22.7367     4.7636     4.9634 0.0000e+00
        288     10.114    15.5753   2.948840     2.1242     2.3803     0.0049  0.1286779     10.020    22.7423     4.7657     4.9685 0.0000e+00
        289     10.125    15.5637   2.948793     2.1243     2.3816     0.0049  0.1281779     10.031    22.7486     4.7679     4.9737 0.0000e+00
        290     10.136    15.5510   2.948742     2.1245     2.3829     0.0049  0.1276573     10.042    22.7554     4.7705     4.9791 0.0000e+00
        291     10.147    15.5373   2.948688     2.1246     2.3842     0.0049  0.1271116     10.052    22.7629     4.7730     4.9847 -9.990e-29
        292     10.156    15.5226   2.948629     2.1248     2.3855     0.0049  0.1265372     10.061    22.7708     4.7759     4.9904 -9.990e-29
        293     10.165    15.5070   2.948567     2.1249     2.3868     0.0049  0.1259308     10.070    22.7793     4.7786     4.9963 -9.990e-29
        294     10.174    15.4906   2.948502     2.1251     2.3882     0.0049  0.1252882     10.079    22.7882     4.7818     5.0027 -9.990e-29
        295     10.182    15.4737   2.948436     2.1253     2.3895     0.0049  0.1246050     10.087    22.7973     4.7850     5.0090 -9.990e-29
        296     10.189    15.4564   2.948368     2.1254     2.3909     0.0049  0.1238755     10.094    22.8067     4.7879     5.0157 -9.990e-29
        297     10.195    15.4390   2.948301     2.1256     2.3922     0.0049  0.1230947     10.100    22.8162     4.7912     5.0223 -9.990e-29
        298     10.201    15.4217   2.948233     2.1258     2.3936     0.0049  0.1222596     10.106    22.8256     4.7946     5.0293 -9.990e-29
        299     10.207    15.4045   2.948167     2.1260     2.3950     0.0046  0.1213884     10.112    22.8350     4.7980     5.0364 -9.990e-29
        300     10.212    15.3876   2.948102     2.1262     2.3964     0.0044  0.1205308     10.117    22.8442     4.8013     5.0436 -9.990e-29
        301     10.216    15.3709   2.948038     2.1265     2.3978     0.0044  0.1197304     10.121    22.8534     4.8050     5.0509 -9.990e-29
        302     10.220    15.3547   2.947976     2.1267     2.3992     0.0044  0.1189976     10.125    22.8622     4.8084     5.0583 -9.990e-29
        303     10.223    15.3390   2.947915     2.1270     2.4006     0.0044  0.1183256     10.128    22.8708     4.8121     5.0659 -9.990e-29
        304     10.226    15.3239   2.947858     2.1272     2.4021     0.0044  0.1177064     10.131    22.8791     4.8155     5.0738 -9.990e-29
        305     10.228    15.3092   2.947802     2.1275     2.4036     0.0044  0.1171348     10.133    22.8871     4.8192     5.0818 -9.990e-29
        306     10.230    15.2950   2.947749     2.1278     2.4051     0.0044  0.1166076     10.135    22.8949     4.8228     5.0899 -9.990e-29
        307     10.231    15.2812   2.947698     2.1281     2.4066     0.0044  0.1161221     10.136    22.9025     4.8265     5.0981 -9.990e-29
        308     10.232    15.2679   2.947650     2.1284     2.4082     0.0044  0.1156741     10.137    22.9098     4.8301     5.1066 -9.990e-29
        309     10.233    15.2550   2.947602     2.1288     2.4098     0.0044  0.1152595     10.138    22.9169     4.8340     5.1153 -9.990e-29
        310     10.233    15.2424   2.947557     2.1291     2.4114     0.0044  0.1148755     10.138    22.9238     4.8376     5.1240 -9.990e-29
        311     10.232    15.2304   2.947514     2.1295     2.4131     0.0044  0.1145194     10.137    22.9305     4.8414     5.1331 -9.990e-29
        312     10.232    15.2188   2.947473     2.1298     2.4149     0.0044  0.1141888     10.137    22.9369     4.8449     5.1424 -9.990e-29
        313     10.230    15.2079   2.947435     2.1302     2.4166     0.0044  0.1138813     10.135    22.9429     4.8486     5.1516 -9.990e-29
        314     10.229    15.1976   2.947400     2.1306     2.4184     0.0044  0.1135947     10.134    22.9486     4.8522     5.1610 -9.990e-29
        315     10.227    15.1882   2.947368     2.1311     2.4203     0.0044  0.1133272     10.132    22.9538     4.8561     5.1706 -9.990e-29
        316     10.224    15.1796   2.947340     2.1315     2.4222     0.0044  0.1130769     10.129    22.9586     4.8596     5.1802 -9.990e-29
        317     10.221    15.1720   2.947316     2.1319     2.4241     0.0044  0.1128419     10.126    22.9628     4.8629     5.1898 -9.990e-29
        318     10.218    15.1652   2.947295     2.1324     2.4262     0.0044  0.1126215     10.123    22.9666     4.8665     5.1998 -9.990e-29
        319     10.214    15.1595   2.947279     2.1329     2.4282     0.0044  0.1124151     10.119    22.9698     4.8699     5.2095 -9.990e-29
        320     10.209    15.1546   2.947266     2.1334     2.4304     0.0044  0.1122211     10.114    22.9726     4.8732     5.2195 -9.990e-29
        321     10.204    15.1503   2.947255     2.1339     2.4325     0.0044  0.1120383     10.109    22.9750     4.8764     5.2293 -9.990e-29
        322     10.198    15.1463   2.947246     2.1344     2.4348     0.0044  0.1118646     10.103    22.9772     4.8795     5.2395 -9.990e-29
        323     10.192    15.1424   2.947237     2.1350     2.4371     0.0044  0.1116978     10.097    22.9794     4.8829     5.2496 -9.990e-29
        324     10.185    15.1386   2.947229     2.1355     2.4394     0.0042  0.1115376     10.090    22.9816     4.8858     5.2596 -9.990e-29
        325     10.178    15.1349   2.947222     2.1361     2.4418     0.0038  0.1113864     10.083    22.9837     4.8890     5.2698 -9.990e-29
        326     10.170    15.1314   2.947217     2.1366     2.4442     0.0038  0.1112482     10.075    22.9857     4.8918     5.2799 -9.990e-29
        327     10.161    15.1280   2.947212     2.1372     2.4467     0.0038  0.1111254     10.066    22.9877     4.8948     5.2901 -9.990e-29
        328     10.152    15.1247   2.947208     2.1378     2.4492     0.0038  0.1110180     10.057    22.9895     4.8978     5.3002 -9.990e-29
        329     10.143    15.1215   2.947205     2.1384     2.4518     0.0038  0.1109252     10.048    22.9914     4.9006     5.3104 -9.990e-29
        330     10.133    15.1185   2.947204     2.1390     2.4544     0.0038  0.1108465     10.039    22.9931     4.9034     5.3204 -9.990e-29
        331     10.122    15.1158   2.947204     2.1396     2.4570     0.0038  0.1107813     10.028    22.9947     4.9060     5.3301 -9.990e-29
        332     10.111    15.1136   2.947207     2.1402     2.4597     0.0038  0.1107291     10.017    22.9960     4.9085     5.3399 -9.990e-29
        333     10.100    15.1119   2.947212     2.1408     2.4624     0.0038  0.1106895     10.006    22.9971     4.9109     5.3495 -9.990e-29
