data/2021/ctd_data_day2/station9_ctm_fil.cnv
* Sea-Bird SBE 9 Data File:
* FileName = C:\Users\CTD-User\Desktop\MAR440\day2\station9.hex
* Software Version Seasave V 7.26.2.13
* Temperature SN = 6313
* Conductivity SN = 4758
* Number of Bytes Per Scan = 37
* Number of Voltage Words = 4
* Number of Scans Averaged by the Deck Unit = 1
* NMEA Latitude = 58 19.82 N
* NMEA Longitude = 011 51.84 E
* NMEA UTC (Time) = Sep 22 2021 11:46:38
* NMEA baud rate = 4800
** Ship: Skagerrak
** Station: station9
** Operator: group2blue
# nquan = 9
# nvalues = 3112                        
# units = specified
# name 0 = scan: Scan Count
# name 1 = prDM: Pressure, Digiquartz [db]
# name 2 = t090C: Temperature [ITS-90, deg C]
# name 3 = c0S/m: Conductivity [S/m]
# name 4 = sbeox0V: Oxygen raw, SBE 43 [V]
# name 5 = sbeox1V: Oxygen raw, SBE 43, 2 [V]
# name 6 = flECO-AFL: Fluorescence, WET Labs ECO-AFL/FL [mg/m^3]
# name 7 = upoly0: Upoly 0, Turbidity
# name 8 = flag:  0.000e+00
# span 0 =          1,       3112       
# span 1 =      0.996,     42.932       
# span 2 =     8.0101,    15.8831       
# span 3 =   2.904537,   3.481068       
# span 4 =     0.4759,     2.8033       
# span 5 =     0.5420,     2.6935       
# span 6 =     0.0035,     0.0145       
# span 7 =  0.0882158,  0.2142172       
# span 8 = 0.0000e+00, 0.0000e+00       
# interval = seconds: 0.0416667
# start_time = Sep 22 2021 11:46:38 [NMEA time, header]
# bad_flag = -9.990e-29
*END*
[from data line 2561]
       2562     34.757     8.7009   3.412391     0.4872     0.5566     0.0042  0.1142531 0.0000e+00
       2563     34.779     8.7010   3.412429     0.4871     0.5566     0.0042  0.1142552 0.0000e+00
       2564     34.801     8.7011   3.412467     0.4871     0.5565     0.0042  0.1142571 0.0000e+00
       2565     34.823     8.7012   3.412505     0.4871     0.5565     0.0042  0.1142588 0.0000e+00
       2566     34.845     8.7013   3.412544     0.4870     0.5564     0.0042  0.1142604 0.0000e+00
       2567     34.867     8.7014   3.412582     0.4870     0.5564     0.0042  0.1142618 0.0000e+00
       2568     34.889     8.7015   3.412621     0.4870     0.5564     0.0042  0.1142631 0.0000e+00
       2569     34.911     8.7015   3.412661     0.4869     0.5563     0.0042  0.1142643 0.0000e+00
       2570     34.933     8.7016   3.412701     0.4869     0.5563     0.0042  0.1142653 0.0000e+00
       2571     34.955     8.7017   3.412741     0.4868     0.5562     0.0042  0.1142662 0.0000e+00
       2572     34.977     8.7018   3.412783     0.4868     0.5562     0.0040  0.1142670 0.0000e+00
       2573     34.998     8.7019   3.412825     0.4868     0.5561     0.0040  0.1142677 0.0000e+00
       2574     35.020     8.7020   3.412868     0.4867     0.5561     0.0040  0.1142683 0.0000e+00
       2575     35.042     8.7021   3.412911     0.4867     0.5560     0.0040  0.1142688 0.0000e+00
       2576     35.064     8.7022   3.412954     0.4867     0.5560     0.0040  0.1142692 0.0000e+00
       2577     35.086     8.7023   3.412997     0.4867     0.5559     0.0040  0.1142695 0.0000e+00
       2578     35.108     8.7024   3.413039     0.4866     0.5559     0.0040  0.1142706 0.0000e+00
       2579     35.130     8.7025   3.413079     0.4866     0.5559     0.0040  0.1142733 0.0000e+00
       2580     35.152     8.7025   3.413118     0.4865     0.5558     0.0040  0.1142768 0.0000e+00
       2581     35.174     8.7026   3.413155     0.4865     0.5558     0.0040  0.1142803 0.0000e+00
       2582     35.196     8.7027   3.413192     0.4865     0.5557     0.0040  0.1142837 0.0000e+00
       2583     35.217     8.7028   3.413226     0.4864     0.5557     0.0040  0.1142872 0.0000e+00
       2584     35.239     8.7028   3.413260     0.4864     0.5557     0.0040  0.1142915 0.0000e+00
       2585     35.261     8.7029   3.413292     0.4863     0.5556     0.0040  0.1142976 0.0000e+00
       2586     35.283     8.7030   3.413323     0.4863     0.5556     0.0040  0.1143047 0.0000e+00
       2587     35.304     8.7030   3.413354     0.4862     0.5556     0.0040  0.1143127 0.0000e+00
       2588     35.326     8.7031   3.413383     0.4862     0.5556     0.0040  0.1143227 0.0000e+00
       2589     35.348     8.7031   3.413412     0.4862     0.5555     0.0040  0.1143338 0.0000e+00
       2590     35.369     8.7032   3.413441     0.4861     0.5555     0.0040  0.1143453 0.0000e+00
       2591     35.391     8.7032   3.413470     0.4861     0.5555     0.0040  0.1143572 0.0000e+00
       2592     35.413     8.7033   3.413498     0.4861     0.5555     0.0040  0.1143696 0.0000e+00
       2593     35.435     8.7033   3.413526     0.4861     0.5555     0.0040  0.1143835 0.0000e+00
       2594     35.457     8.7034   3.413554     0.4861     0.5554     0.0040  0.1143998 0.0000e+00
       2595     35.478     8.7034   3.413581     0.4860     0.5554     0.0040  0.1144186 0.0000e+00
       2596     35.500     8.7034   3.413608     0.4860     0.5554     0.0040  0.1144400 0.0000e+00
       2597     35.522     8.7035   3.413634     0.4860     0.5554     0.0040  0.1144634 0.0000e+00
       2598     35.543     8.7035   3.413659     0.4859     0.5554     0.0042  0.1144872 0.0000e+00
       2599     35.565     8.7035   3.413683     0.4859     0.5553     0.0042  0.1145099 0.0000e+00
       2600     35.586     8.7035   3.413706     0.4859     0.5553     0.0042  0.1145308 0.0000e+00
       2601     35.608     8.7035   3.413728     0.4858     0.5553     0.0042  0.1145500 0.0000e+00
       2602     35.630     8.7036   3.413750     0.4858     0.5553     0.0042  0.1145677 0.0000e+00
       2603     35.651     8.7036   3.413771     0.4858     0.5552     0.0042  0.1145840 0.0000e+00
       2604     35.673     8.7036   3.413790     0.4857     0.5552     0.0042  0.1145989 0.0000e+00
       2605     35.694     8.7036   3.413809     0.4857     0.5552     0.0040  0.1146127 0.0000e+00
       2606     35.716     8.7036   3.413826     0.4857     0.5552     0.0042  0.1146254 0.0000e+00
       2607     35.737     8.7036   3.413842     0.4857     0.5551     0.0042  0.1146371 0.0000e+00
       2608     35.759     8.7036   3.413858     0.4856     0.5551     0.0042  0.1146478 0.0000e+00
       2609     35.780     8.7037   3.413872     0.4856     0.5551     0.0042  0.1146577 0.0000e+00
       2610     35.802     8.7037   3.413885     0.4856     0.5550     0.0042  0.1146668 0.0000e+00
       2611     35.823     8.7037   3.413898     0.4855     0.5550     0.0042  0.1146752 0.0000e+00
       2612     35.845     8.7037   3.413910     0.4855     0.5550     0.0042  0.1146829 0.0000e+00
       2613     35.866     8.7037   3.413921     0.4855     0.5549     0.0042  0.1146901 0.0000e+00
       2614     35.888     8.7037   3.413932     0.4855     0.5549     0.0042  0.1146966 0.0000e+00
       2615     35.909     8.7037   3.413943     0.4855     0.5548     0.0042  0.1147026 0.0000e+00
       2616     35.931     8.7037   3.413953     0.4854     0.5548     0.0042  0.1147082 0.0000e+00
       2617     35.952     8.7037   3.413963     0.4854     0.5547     0.0042  0.1147134 0.0000e+00
       2618     35.974     8.7037   3.413973     0.4854     0.5547     0.0042  0.1147181 0.0000e+00
       2619     35.995     8.7037   3.413982     0.4854     0.5546     0.0042  0.1147225 0.0000e+00
       2620     36.017     8.7038   3.413992     0.4853     0.5546     0.0042  0.1147265 0.0000e+00
       2621     36.038     8.7038   3.414001     0.4853     0.5545     0.0042  0.1147302 0.0000e+00
       2622     36.060     8.7038   3.414011     0.4853     0.5545     0.0042  0.1147337 0.0000e+00
       2623     36.081     8.7038   3.414021     0.4852     0.5544     0.0040  0.1147369 0.0000e+00
       2624     36.103     8.7038   3.414031     0.4852     0.5544     0.0040  0.1147398 0.0000e+00
       2625     36.124     8.7038   3.414040     0.4852     0.5544     0.0038  0.1147426 0.0000e+00
       2626     36.146     8.7038   3.414049     0.4851     0.5543     0.0038  0.1147451 0.0000e+00
       2627     36.167     8.7038   3.414059     0.4851     0.5543     0.0038  0.1147475 0.0000e+00
       2628     36.189     8.7038   3.414067     0.4851     0.5543     0.0038  0.1147497 0.0000e+00
       2629     36.210     8.7038   3.414076     0.4850     0.5542     0.0038  0.1147518 0.0000e+00
       2630     36.232     8.7038   3.414084     0.4850     0.5542     0.0038  0.1147538 0.0000e+00
       2631     36.253     8.7038   3.414092     0.4850     0.5542     0.0038  0.1147556 0.0000e+00
       2632     36.275     8.7038   3.414101     0.4850     0.5541     0.0038  0.1147573 0.0000e+00
       2633     36.296     8.7038   3.414109     0.4849     0.5541     0.0040  0.1147590 0.0000e+00
       2634     36.318     8.7038   3.414117     0.4849     0.5541     0.0038  0.1147605 0.0000e+00
       2635     36.339     8.7038   3.414125     0.4849     0.5541     0.0038  0.1147620 0.0000e+00
       2636     36.361     8.7038   3.414133     0.4848     0.5540     0.0038  0.1147634 0.0000e+00
       2637     36.382     8.7038   3.414141     0.4848     0.5540     0.0038  0.1147648 0.0000e+00
       2638     36.404     8.7038   3.414148     0.4848     0.5540     0.0038  0.1147661 0.0000e+00
       2639     36.426     8.7038   3.414155     0.4847     0.5540     0.0038  0.1147674 0.0000e+00
       2640     36.447     8.7038   3.414161     0.4847     0.5539     0.0038  0.1147687 0.0000e+00
       2641     36.468     8.7037   3.414167     0.4847     0.5539     0.0038  0.1147700 0.0000e+00
       2642     36.490     8.7037   3.414173     0.4846     0.5539     0.0038  0.1147713 0.0000e+00
       2643     36.512     8.7037   3.414180     0.4846     0.5538     0.0040  0.1147725 0.0000e+00
       2644     36.533     8.7037   3.414186     0.4845     0.5538     0.0038  0.1147738 0.0000e+00
       2645     36.555     8.7037   3.414193     0.4845     0.5537     0.0038  0.1147751 0.0000e+00
       2646     36.576     8.7037   3.414200     0.4845     0.5537     0.0040  0.1147765 0.0000e+00
       2647     36.598     8.7036   3.414206     0.4844     0.5537     0.0038  0.1147778 0.0000e+00
       2648     36.620     8.7036   3.414214     0.4844     0.5536     0.0038  0.1147793 0.0000e+00
       2649     36.641     8.7036   3.414221     0.4844     0.5536     0.0040  0.1147808 0.0000e+00
       2650     36.663     8.7036   3.414230     0.4843     0.5535     0.0040  0.1147823 0.0000e+00
       2651     36.685     8.7035   3.414239     0.4843     0.5535     0.0040  0.1147840 0.0000e+00
       2652     36.706     8.7035   3.414249     0.4843     0.5534     0.0040  0.1147866 0.0000e+00
       2653     36.728     8.7035   3.414259     0.4842     0.5534     0.0040  0.1147910 0.0000e+00
       2654     36.750     8.7034   3.414270     0.4842     0.5534     0.0040  0.1147964 0.0000e+00
       2655     36.771     8.7034   3.414281     0.4842     0.5533     0.0040  0.1148020 0.0000e+00
       2656     36.793     8.7033   3.414293     0.4841     0.5533     0.0040  0.1148078 0.0000e+00
       2657     36.815     8.7033   3.414306     0.4841     0.5533     0.0040  0.1148138 0.0000e+00
       2658     36.836     8.7032   3.414320     0.4841     0.5532     0.0040  0.1148202 0.0000e+00
       2659     36.858     8.7032   3.414334     0.4840     0.5532     0.0040  0.1148269 0.0000e+00
       2660     36.880     8.7031   3.414348     0.4840     0.5532     0.0040  0.1148339 0.0000e+00
       2661     36.901     8.7030   3.414363     0.4840     0.5531     0.0040  0.1148415 0.0000e+00
       2662     36.923     8.7029   3.414378     0.4839     0.5531     0.0040  0.1148495 0.0000e+00
       2663     36.945     8.7029   3.414393     0.4839     0.5531     0.0040  0.1148581 0.0000e+00
       2664     36.966     8.7028   3.414408     0.4839     0.5530     0.0040  0.1148672 0.0000e+00
       2665     36.988     8.7027   3.414423     0.4838     0.5530     0.0040  0.1148771 0.0000e+00
       2666     37.010     8.7026   3.414438     0.4838     0.5530     0.0040  0.1148877 0.0000e+00
       2667     37.032     8.7025   3.414452     0.4837     0.5530     0.0040  0.1148991 0.0000e+00
       2668     37.054     8.7024   3.414467     0.4837     0.5530     0.0040  0.1149114 0.0000e+00
       2669     37.075     8.7023   3.414481     0.4837     0.5529     0.0040  0.1149247 0.0000e+00
       2670     37.097     8.7021   3.414494     0.4836     0.5529     0.0040  0.1149391 0.0000e+00
       2671     37.119     8.7020   3.414508     0.4836     0.5529     0.0040  0.1149546 0.0000e+00
       2672     37.141     8.7019   3.414521     0.4835     0.5529     0.0040  0.1149714 0.0000e+00
       2673     37.163     8.7018   3.414534     0.4835     0.5529     0.0040  0.1149896 0.0000e+00
       2674     37.185     8.7016   3.414548     0.4834     0.5528     0.0040  0.1150094 0.0000e+00
       2675     37.207     8.7015   3.414561     0.4834     0.5528     0.0040  0.1150299 0.0000e+00
       2676     37.228     8.7014   3.414575     0.4833     0.5528     0.0040  0.1150497 0.0000e+00
       2677     37.250     8.7013   3.414589     0.4833     0.5528     0.0040  0.1150681 0.0000e+00
       2678     37.272     8.7012   3.414603     0.4833     0.5527     0.0040  0.1150851 0.0000e+00
       2679     37.294     8.7011   3.414617     0.4832     0.5527     0.0040  0.1151009 0.0000e+00
       2680     37.316     8.7010   3.414630     0.4832     0.5527     0.0040  0.1151157 0.0000e+00
       2681     37.338     8.7008   3.414644     0.4831     0.5527     0.0040  0.1151294 0.0000e+00
       2682     37.360     8.7007   3.414658     0.4831     0.5526     0.0040  0.1151430 0.0000e+00
       2683     37.382     8.7007   3.414672     0.4830     0.5526     0.0040  0.1151576 0.0000e+00
       2684     37.404     8.7006   3.414687     0.4830     0.5526     0.0040  0.1151723 0.0000e+00
       2685     37.426     8.7005   3.414702     0.4829     0.5525     0.0040  0.1151864 0.0000e+00
       2686     37.448     8.7004   3.414717     0.4829     0.5525     0.0040  0.1152000 0.0000e+00
       2687     37.470     8.7003   3.414732     0.4829     0.5525     0.0040  0.1152132 0.0000e+00
       2688     37.492     8.7003   3.414748     0.4828     0.5524     0.0040  0.1152269 0.0000e+00
       2689     37.514     8.7002   3.414764     0.4828     0.5524     0.0040  0.1152421 0.0000e+00
       2690     37.536     8.7002   3.414780     0.4828     0.5523     0.0040  0.1152580 0.0000e+00
       2691     37.558     8.7001   3.414797     0.4828     0.5523     0.0040  0.1152740 0.0000e+00
       2692     37.580     8.7001   3.414813     0.4827     0.5522     0.0040  0.1152900 0.0000e+00
       2693     37.602     8.7000   3.414830     0.4827     0.5522     0.0040  0.1153062 0.0000e+00
       2694     37.624     8.7000   3.414847     0.4827     0.5522     0.0040  0.1153228 0.0000e+00
       2695     37.646     8.6999   3.414863     0.4827     0.5521     0.0040  0.1153398 0.0000e+00
       2696     37.668     8.6999   3.414879     0.4826     0.5521     0.0040  0.1153574 0.0000e+00
       2697     37.691     8.6998   3.414894     0.4826     0.5520     0.0040  0.1153757 0.0000e+00
       2698     37.713     8.6998   3.414909     0.4826     0.5520     0.0040  0.1153948 0.0000e+00
       2699     37.735     8.6997   3.414922     0.4826     0.5520     0.0040  0.1154148 0.0000e+00
       2700     37.757     8.6997   3.414935     0.4826     0.5519     0.0040  0.1154350 0.0000e+00
       2701     37.780     8.6997   3.414946     0.4825     0.5519     0.0040  0.1154540 0.0000e+00
       2702     37.802     8.6996   3.414957     0.4825     0.5519     0.0040  0.1154709 0.0000e+00
       2703     37.824     8.6996   3.414966     0.4825     0.5519     0.0040  0.1154858 0.0000e+00
       2704     37.846     8.6996   3.414976     0.4825     0.5518     0.0040  0.1154990 0.0000e+00
       2705     37.869     8.6995   3.414984     0.4824     0.5518     0.0040  0.1155104 0.0000e+00
       2706     37.891     8.6995   3.414991     0.4824     0.5518     0.0040  0.1155202 0.0000e+00
       2707     37.913     8.6995   3.414998     0.4824     0.5518     0.0040  0.1155284 0.0000e+00
       2708     37.935     8.6994   3.415005     0.4824     0.5517     0.0040  0.1155351 0.0000e+00
       2709     37.958     8.6994   3.415011     0.4823     0.5517     0.0040  0.1155403 0.0000e+00
       2710     37.980     8.6993   3.415016     0.4823     0.5517     0.0040  0.1155440 0.0000e+00
       2711     38.002     8.6993   3.415021     0.4823     0.5517     0.0040  0.1155464 0.0000e+00
       2712     38.024     8.6993   3.415026     0.4822     0.5517     0.0040  0.1155473 0.0000e+00
       2713     38.047     8.6992   3.415031     0.4822     0.5516     0.0040  0.1155469 0.0000e+00
       2714     38.069     8.6992   3.415035     0.4822     0.5516     0.0040  0.1155450 0.0000e+00
       2715     38.091     8.6991   3.415039     0.4822     0.5516     0.0040  0.1155418 0.0000e+00
       2716     38.114     8.6991   3.415042     0.4821     0.5516     0.0040  0.1155371 0.0000e+00
       2717     38.136     8.6990   3.415045     0.4821     0.5515     0.0040  0.1155310 0.0000e+00
       2718     38.159     8.6990   3.415048     0.4820     0.5515     0.0040  0.1155233 0.0000e+00
       2719     38.181     8.6989   3.415049     0.4820     0.5515     0.0040  0.1155141 0.0000e+00
       2720     38.204     8.6989   3.415050     0.4820     0.5515     0.0040  0.1155033 0.0000e+00
