data/2021/ctd_data_day2/station2_ctm.cnv
* Sea-Bird SBE 9 Data File:
* FileName = C:\Users\CTD-User\Desktop\MAR440\day2\station2.hex
* Software Version Seasave V 7.26.2.13
* Temperature SN = 6313
* Conductivity SN = 4758
* Number of Bytes Per Scan = 37
* Number of Voltage Words = 4
* Number of Scans Averaged by the Deck Unit = 1
* NMEA Latitude = 58 19.95 N
* NMEA Longitude = 011 52.33 E
* NMEA UTC (Time) = Sep 22 2021 09:05:25
* NMEA baud rate = 4800
** Ship: Skagerrak
** Station: station2
** Operator: group2blue
# nquan = 9
# nvalues = 8194                        
# units = specified
# name 0 = scan: Scan Count
# name 1 = prDM: Pressure, Digiquartz [db]
# name 2 = t090C: Temperature [ITS-90, deg C]
# name 3 = c0S/m: Conductivity [S/m]
# name 4 = sbeox0V: Oxygen raw, SBE 43 [V]
# name 5 = sbeox1V: Oxygen raw, SBE 43, 2 [V]
# name 6 = flECO-AFL: Fluorescence, WET Labs ECO-AFL/FL [mg/m^3]
# name 7 = upoly0: Upoly 0, Turbidity
# name 8 = flag:  0.000e+00
# span 0 =          1,       8194       
# span 1 =      0.414,     46.105       
# span 2 =     7.9715,    16.1947       
# span 3 =   2.596168,   3.481354       
# span 4 =     0.4613,     4.2576       
# span 5 =     0.5151,     4.2186       
# span 6 =     0.0035,     0.0209       
# span 7 =  0.0879084,  0.3184335       
# span 8 = 0.0000e+00, 0.0000e+00       
# interval = seconds: 0.0416667
# start_time = Sep 22 2021 09:05:25 [NMEA time, header]
# bad_flag = -9.990e-29
*END*
[from data line 3041]
       3042      0.949    14.1807   2.676591     2.9768     2.8742     0.0066  0.2178230 0.0000e+00
       3043      0.916    14.1062   2.674752     2.9865     2.8742     0.0066  0.2173346 0.0000e+00
       3044      0.949    14.1725   2.672749     2.9719     2.8742     0.0066  0.2173346 0.0000e+00
       3045      0.974    14.1663   2.670285     2.9707     2.8742     0.0066  0.2173346 0.0000e+00
       3046      0.949    14.1619   2.668319     2.9768     2.8742     0.0066  0.2178230 0.0000e+00
       3047      0.916    14.1619   2.667107     2.9768     2.8742     0.0066  0.2173346 0.0000e+00
       3048      0.949    14.1619   2.667006     2.9731     2.8742     0.0066  0.2173346 0.0000e+00
       3049      0.974    14.1557   2.665395     2.9731     2.8742     0.0066  0.2173346 0.0000e+00
       3050      0.949    14.1459   2.660602     2.9743     2.8742     0.0066  0.2173346 0.0000e+00
       3051      0.974    14.1304   2.654789     2.9756     2.8742     0.0066  0.2173346 0.0000e+00
       3052      0.949    14.1183   2.650291     2.9743     2.8742     0.0066  0.2178230 0.0000e+00
       3053      0.974    14.1145   2.648032     2.9743     2.8742     0.0066  0.2173346 0.0000e+00
       3054      0.949    14.1141   2.647194     2.9768     2.8742     0.0066  0.2173346 0.0000e+00
       3055      0.973    14.1116   2.646820     2.9768     2.8742     0.0066  0.2178230 0.0000e+00
       3056      0.949    14.1090   2.646063     2.9768     2.8742     0.0064  0.2148926 0.0000e+00
       3057      0.916    14.1070   2.645130     2.9756     2.8742     0.0064  0.2124505 0.0000e+00
       3058      1.006    14.1042   2.644532     2.9743     2.8742     0.0064  0.2119621 0.0000e+00
       3059      0.916    14.1015   2.643443     2.9743     2.8742     0.0064  0.2119621 0.0000e+00
       3060      0.949    14.0976   2.642153     2.9768     2.8742     0.0064  0.2124505 0.0000e+00
       3061      0.973    13.9824   2.641558     2.9878     2.8754     0.0064  0.2124505 0.0000e+00
       3062      0.949    14.1048   2.642964     2.9768     2.8754     0.0064  0.2124505 0.0000e+00
       3063      0.916    14.1280   2.644694     2.9817     2.8742     0.0064  0.2124505 0.0000e+00
       3064      0.949    14.1154   2.645784     2.9817     2.8742     0.0064  0.2124505 0.0000e+00
       3065      0.973    14.1020   2.646087     2.9743     2.8742     0.0064  0.2124505 0.0000e+00
       3066      0.949    14.1080   2.646524     2.9743     2.8754     0.0064  0.2124505 0.0000e+00
       3067      0.916    14.1077   2.646884     2.9768     2.8742     0.0064  0.2124505 0.0000e+00
       3068      0.949    14.0949   2.645300     2.9780     2.8742     0.0064  0.2124505 0.0000e+00
       3069      0.949    14.0855   2.642370     2.9780     2.8754     0.0064  0.2124505 0.0000e+00
       3070      0.973    14.0833   2.640203     2.9792     2.8754     0.0064  0.2124505 0.0000e+00
       3071      0.949    14.0870   2.639685     2.9792     2.8754     0.0064  0.2124505 0.0000e+00
       3072      0.916    14.0889   2.639688     2.9768     2.8742     0.0064  0.2124505 0.0000e+00
       3073      1.006    14.0919   2.639838     2.9768     2.8754     0.0064  0.2124505 0.0000e+00
       3074      0.915    14.1043   2.641404     2.9792     2.8742     0.0064  0.2124505 0.0000e+00
       3075      1.006    14.1143   2.644429     2.9804     2.8742     0.0064  0.2124505 0.0000e+00
       3076      0.915    14.0697   2.646476     2.9890     2.8742     0.0064  0.2124505 0.0000e+00
       3077      0.948    14.1187   2.647518     2.9743     2.8742     0.0064  0.2124505 0.0000e+00
       3078      0.973    14.1156   2.647623     2.9743     2.8742     0.0064  0.2124505 0.0000e+00
       3079      1.006    14.1107   2.646985     2.9792     2.8742     0.0064  0.2124505 0.0000e+00
       3080      0.915    14.1090   2.646132     2.9792     2.8742     0.0064  0.2124505 0.0000e+00
       3081      0.948    14.1100   2.645999     2.9780     2.8742     0.0064  0.2134274 0.0000e+00
       3082      0.973    14.1083   2.646210     2.9768     2.8742     0.0064  0.2134274 0.0000e+00
       3083      1.006    14.1059   2.646397     2.9780     2.8742     0.0064  0.2134274 0.0000e+00
       3084      0.973    14.1055   2.646555     2.9792     2.8742     0.0064  0.2134274 0.0000e+00
       3085      1.006    14.1075   2.646389     2.9792     2.8742     0.0064  0.2134274 0.0000e+00
       3086      0.973    14.1089   2.646295     2.9780     2.8742     0.0064  0.2134274 0.0000e+00
       3087      0.948    14.1097   2.646144     2.9780     2.8742     0.0064  0.2134274 0.0000e+00
       3088      1.039    14.1090   2.646333     2.9780     2.8742     0.0064  0.2129389 0.0000e+00
       3089      0.948    14.1097   2.646923     2.9792     2.8742     0.0064  0.2134274 0.0000e+00
       3090      0.973    14.1122   2.648416     2.9792     2.8730     0.0064  0.2134274 0.0000e+00
       3091      0.948    14.1196   2.650823     2.9780     2.8730     0.0064  0.2134274 0.0000e+00
       3092      0.973    14.1278   2.653759     2.9768     2.8730     0.0064  0.2134274 0.0000e+00
       3093      1.006    14.1390   2.657482     2.9780     2.8730     0.0064  0.2134274 0.0000e+00
       3094      0.973    14.1639   2.663036     2.9817     2.8730     0.0064  0.2134274 0.0000e+00
       3095      1.006    14.1803   2.669746     2.9792     2.8730     0.0064  0.2134274 0.0000e+00
       3096      0.973    14.1923   2.675620     2.9780     2.8730     0.0064  0.2134274 0.0000e+00
       3097      0.948    14.2031   2.680563     2.9780     2.8730     0.0064  0.2134274 0.0000e+00
       3098      1.039    14.2221   2.686340     2.9792     2.8730     0.0064  0.2134274 0.0000e+00
       3099      0.948    14.2386   2.693314     2.9792     2.8730     0.0064  0.2134274 0.0000e+00
       3100      0.973    14.2389   2.699129     2.9780     2.8730     0.0064  0.2134274 0.0000e+00
       3101      1.006    14.2243   2.700606     2.9780     2.8730     0.0064  0.2129389 0.0000e+00
       3102      0.973    14.2162   2.698749     2.9768     2.8730     0.0064  0.2134274 0.0000e+00
       3103      1.006    14.2276   2.698222     2.9792     2.8730     0.0064  0.2134274 0.0000e+00
       3104      0.973    14.2465   2.700970     2.9792     2.8730     0.0064  0.2134274 0.0000e+00
       3105      1.006    14.2553   2.704704     2.9780     2.8730     0.0064  0.2134274 0.0000e+00
       3106      0.948    14.2605   2.707711     2.9780     2.8730     0.0064  0.2129389 0.0000e+00
       3107      1.038    14.2784   2.710592     2.9878     2.8730     0.0062  0.2119621 0.0000e+00
       3108      1.005    14.2729   2.712656     2.9768     2.8718     0.0062  0.2109853 0.0000e+00
       3109      0.972    14.2730   2.713776     2.9756     2.8730     0.0062  0.2109853 0.0000e+00
       3110      1.005    14.2725   2.714786     2.9768     2.8730     0.0062  0.2109853 0.0000e+00
       3111      0.972    14.2705   2.715701     2.9768     2.8730     0.0062  0.2109853 0.0000e+00
       3112      1.005    14.2636   2.715811     2.9780     2.8730     0.0062  0.2109853 0.0000e+00
       3113      0.972    14.2587   2.714967     2.9792     2.8730     0.0062  0.2109853 0.0000e+00
       3114      1.005    14.2617   2.713320     2.9792     2.8730     0.0062  0.2109853 0.0000e+00
       3115      0.972    14.2652   2.711247     2.9780     2.8730     0.0062  0.2109853 0.0000e+00
       3116      1.005    14.2584   2.709499     2.9768     2.8730     0.0062  0.2109853 0.0000e+00
       3117      1.038    14.2555   2.708919     2.9780     2.8730     0.0062  0.2109853 0.0000e+00
       3118      1.005    14.2569   2.709889     2.9792     2.8730     0.0062  0.2109853 0.0000e+00
       3119      0.972    14.2582   2.711441     2.9780     2.8730     0.0062  0.2109853 0.0000e+00
       3120      1.063    14.2567   2.711919     2.9780     2.8730     0.0062  0.2109853 0.0000e+00
       3121      0.972    14.2558   2.711102     2.9780     2.8718     0.0062  0.2109853 0.0000e+00
       3122      1.005    14.2538   2.709431     2.9792     2.8718     0.0062  0.2109853 0.0000e+00
       3123      1.096    14.2521   2.707826     2.9817     2.8718     0.0062  0.2109853 0.0000e+00
       3124      1.005    14.2521   2.706937     2.9792     2.8718     0.0062  0.2109853 0.0000e+00
       3125      1.038    14.2558   2.707270     2.9792     2.8718     0.0062  0.2109853 0.0000e+00
       3126      1.005    14.2617   2.709255     2.9792     2.8718     0.0062  0.2109853 0.0000e+00
       3127      1.038    14.2676   2.711477     2.9817     2.8718     0.0062  0.2109853 0.0000e+00
       3128      1.005    14.2705   2.713382     2.9817     2.8730     0.0062  0.2109853 0.0000e+00
       3129      1.038    14.2688   2.714976     2.9804     2.8718     0.0062  0.2109853 0.0000e+00
       3130      1.005    14.2584   2.714436     2.9817     2.8718     0.0062  0.2109853 0.0000e+00
       3131      0.972    14.2515   2.711758     2.9817     2.8730     0.0062  0.2109853 0.0000e+00
       3132      1.005    14.2558   2.710341     2.9817     2.8730     0.0062  0.2109853 0.0000e+00
       3133      0.972    14.2642   2.711504     2.9817     2.8730     0.0062  0.2119621 0.0000e+00
       3134      1.005    14.2634   2.713667     2.9817     2.8730     0.0062  0.2124505 0.0000e+00
       3135      1.038    14.2632   2.714509     2.9804     2.8730     0.0062  0.2124505 0.0000e+00
       3136      1.005    14.2782   2.716932     2.9817     2.8730     0.0062  0.2124505 0.0000e+00
       3137      0.972    13.9283   2.720802     2.9926     2.8742     0.0062  0.2124505 0.0000e+00
       3138      1.005    14.3004   2.726688     2.9841     2.8730     0.0062  0.2124505 0.0000e+00
       3139      1.038    14.2832   2.726898     2.9817     2.8730     0.0062  0.2124505 0.0000e+00
       3140      1.005    14.2725   2.724012     2.9768     2.8742     0.0062  0.2124505 0.0000e+00
       3141      1.038    14.2664   2.720616     2.9804     2.8742     0.0062  0.2124505 0.0000e+00
       3142      1.005    14.2664   2.718817     2.9841     2.8742     0.0062  0.2124505 0.0000e+00
       3143      1.038    14.2654   2.718309     2.9829     2.8742     0.0062  0.2124505 0.0000e+00
       3144      1.005    14.2671   2.717854     2.9817     2.8754     0.0062  0.2124505 0.0000e+00
       3145      1.038    14.2663   2.717079     2.9817     2.8754     0.0062  0.2124505 0.0000e+00
       3146      1.062    14.2612   2.715352     2.9829     2.8754     0.0062  0.2124505 0.0000e+00
       3147      1.005    14.2520   2.713075     2.9841     2.8754     0.0062  0.2124505 0.0000e+00
       3148      1.038    14.2270   2.710120     2.9926     2.8767     0.0062  0.2124505 0.0000e+00
       3149      1.005    14.2391   2.706578     2.9817     2.8754     0.0062  0.2124505 0.0000e+00
       3150      1.038    14.2288   2.702581     2.9792     2.8767     0.0062  0.2124505 0.0000e+00
       3151      1.062    13.9212   2.697363     2.9926     2.8767     0.0062  0.2124505 0.0000e+00
       3152      0.972    14.2188   2.694876     2.9804     2.8754     0.0062  0.2124505 0.0000e+00
       3153      1.062    14.2161   2.692588     2.9817     2.8767     0.0062  0.2124505 0.0000e+00
       3154      0.972    14.2153   2.692297     2.9817     2.8767     0.0062  0.2124505 0.0000e+00
       3155      1.062    14.2169   2.693282     2.9829     2.8767     0.0062  0.2124505 0.0000e+00
       3156      0.972    14.0069   2.693727     2.9914     2.8779     0.0062  0.2124505 0.0000e+00
       3157      1.004    14.2275   2.695697     2.9853     2.8767     0.0062  0.2124505 0.0000e+00
       3158      1.037    14.2133   2.694943     2.9792     2.8767     0.0062  0.2124505 0.0000e+00
       3159      1.004    14.1958   2.691646     2.9804     2.8779     0.0062  0.2124505 0.0000e+00
       3160      1.037    14.2003   2.688621     2.9829     2.8779     0.0062  0.2124505 0.0000e+00
       3161      1.004    13.9834   2.687309     2.9926     2.8779     0.0062  0.2124505 0.0000e+00
       3162      0.971    14.2202   2.689815     2.9865     2.8767     0.0062  0.2124505 0.0000e+00
       3163      1.004    14.2256   2.692152     2.9780     2.8767     0.0062  0.2124505 0.0000e+00
       3164      1.037    14.2325   2.695188     2.9817     2.8779     0.0062  0.2124505 0.0000e+00
       3165      1.004    14.2419   2.699930     2.9829     2.8767     0.0062  0.2124505 0.0000e+00
       3166      1.037    14.2476   2.704378     2.9865     2.8779     0.0062  0.2124505 0.0000e+00
       3167      1.004    14.2521   2.706615     2.9829     2.8779     0.0062  0.2124505 0.0000e+00
       3168      1.037    14.2644   2.708955     2.9829     2.8767     0.0062  0.2124505 0.0000e+00
       3169      1.004    14.2788   2.713667     2.9829     2.8767     0.0062  0.2124505 0.0000e+00
       3170      1.037    14.2842   2.717843     2.9841     2.8767     0.0062  0.2124505 0.0000e+00
       3171      1.004    14.2831   2.719452     2.9841     2.8767     0.0062  0.2124505 0.0000e+00
       3172      1.037    14.2836   2.719478     2.9841     2.8767     0.0062  0.2124505 0.0000e+00
       3173      1.004    14.2839   2.719370     2.9829     2.8767     0.0062  0.2124505 0.0000e+00
       3174      0.971    14.2874   2.720600     2.9829     2.8767     0.0062  0.2124505 0.0000e+00
       3175      1.004    14.2854   2.722628     2.9841     2.8767     0.0062  0.2124505 0.0000e+00
       3176      1.037    14.2802   2.722600     2.9841     2.8767     0.0062  0.2124505 0.0000e+00
       3177      1.004    14.2790   2.720839     2.9829     2.8767     0.0062  0.2124505 0.0000e+00
       3178      0.971    14.2779   2.719421     2.9829     2.8767     0.0062  0.2124505 0.0000e+00
       3179      1.004    14.2790   2.719300     2.9817     2.8767     0.0062  0.2124505 0.0000e+00
       3180      0.971    14.2772   2.719313     2.9841     2.8767     0.0062  0.2124505 0.0000e+00
       3181      0.946    14.2746   2.718460     2.9841     2.8767     0.0062  0.2124505 0.0000e+00
       3182      1.037    14.2711   2.716783     2.9829     2.8767     0.0062  0.2124505 0.0000e+00
       3183      1.004    14.2654   2.713744     2.9829     2.8767     0.0062  0.2124505 0.0000e+00
       3184      0.971    14.2521   2.709028     2.9817     2.8767     0.0062  0.2139158 0.0000e+00
       3185      1.004    14.2421   2.704937     2.9841     2.8767     0.0062  0.2144042 0.0000e+00
       3186      0.971    14.2440   2.705028     2.9829     2.8767     0.0062  0.2139158 0.0000e+00
       3187      1.004    14.2419   2.706795     2.9829     2.8767     0.0062  0.2144042 0.0000e+00
       3188      1.004    14.2465   2.706892     2.9817     2.8767     0.0062  0.2144042 0.0000e+00
       3189      0.971    14.2380   2.704690     2.9817     2.8767     0.0062  0.2139158 0.0000e+00
       3190      1.004    14.2248   2.700104     2.9841     2.8767     0.0062  0.2139158 0.0000e+00
       3191      1.037    14.2170   2.695423     2.9829     2.8767     0.0062  0.2144042 0.0000e+00
       3192      0.946    14.1395   2.693126     2.9926     2.8767     0.0062  0.2144042 0.0000e+00
       3193      1.037    14.2422   2.695062     2.9804     2.8754     0.0062  0.2144042 0.0000e+00
       3194      0.946    14.2505   2.698915     2.9792     2.8754     0.0062  0.2144042 0.0000e+00
       3195      1.037    14.2590   2.703544     2.9829     2.8767     0.0062  0.2139158 0.0000e+00
       3196      0.946    14.2651   2.707649     2.9829     2.8767     0.0062  0.2144042 0.0000e+00
       3197      0.913    14.2636   2.710366     2.9817     2.8767     0.0062  0.2144042 0.0000e+00
       3198      1.004    14.2599   2.711284     2.9817     2.8767     0.0062  0.2139158 0.0000e+00
       3199      0.971    13.6873   2.709971     2.9926     2.8767     0.0062  0.2139158 0.0000e+00
       3200      0.946    14.2715   2.713951     2.9841     2.8767     0.0062  0.2144042 0.0000e+00
