data/2021/ctd_data_day2/station2_ctm_fil_le_der.cnv
* Sea-Bird SBE 9 Data File:
* FileName = C:\Users\CTD-User\Desktop\MAR440\day2\station2.hex
* Software Version Seasave V 7.26.2.13
* Temperature SN = 6313
* Conductivity SN = 4758
* Number of Bytes Per Scan = 37
* Number of Voltage Words = 4
* Number of Scans Averaged by the Deck Unit = 1
* NMEA Latitude = 58 19.95 N
* NMEA Longitude = 011 52.33 E
* NMEA UTC (Time) = Sep 22 2021 09:05:25
* NMEA baud rate = 4800
** Ship: Skagerrak
** Station: station2
** Operator: group2blue
# nquan = 13                                
# nvalues = 8194                        
# units = specified
# name 0 = scan: Scan Count
# name 1 = prDM: Pressure, Digiquartz [db]
# name 2 = t090C: Temperature [ITS-90, deg C]
# name 3 = c0S/m: Conductivity [S/m]
# name 4 = sbeox0V: Oxygen raw, SBE 43 [V]
# name 5 = sbeox1V: Oxygen raw, SBE 43, 2 [V]
# name 6 = flECO-AFL: Fluorescence, WET Labs ECO-AFL/FL [mg/m^3]
# name 7 = upoly0: Upoly 0, Turbidity
# name 8 = depSM: Depth [salt water, m], lat = 58.3325
# name 9 = sal00: Salinity, Practical [PSU]
# name 10 = sbeox0ML/L: Oxygen, SBE 43 [ml/l], WS = 2
# name 11 = sbeox1ML/L: Oxygen, SBE 43, 2 [ml/l], WS = 2
# name 12 = flag: flag
# span 0 =          1,       8194       
# span 1 =      0.490,     46.006       
# span 2 =     7.9829,    16.1349       
# span 3 =   2.611598,   3.472334       
# span 4 =     0.4618,     3.0255       
# span 5 =     0.5156,     2.9259       
# span 6 =     0.0035,     0.0209       
# span 7 =  0.0885042,  0.2305465       
# span 8 =      0.485,     45.573       
# span 9 =    20.7074,    32.1455       
# span 10 =    -0.1708,     7.7453      
# span 11 =     0.1208,     6.4904      
# span 12 = 0.0000e+00, 0.0000e+00      
# interval = seconds: 0.0416667
# start_time = Sep 22 2021 09:05:25 [NMEA time, header]
# bad_flag = -9.990e-29
*END*
[from data line 4778]
       4779     28.404     8.5366   3.372266     0.5177     0.5708     0.0082  0.1118270     28.138    31.8345    -0.0154     0.2638 0.0000e+00
       4780     28.427     8.5377   3.372516     0.5176     0.5707     0.0082  0.1118207     28.161    31.8361    -0.0155     0.2636 0.0000e+00
       4781     28.449     8.5388   3.372766     0.5174     0.5706     0.0082  0.1118143     28.183    31.8378    -0.0159     0.2633 0.0000e+00
       4782     28.472     8.5399   3.373014     0.5173     0.5705     0.0082  0.1118078     28.205    31.8393    -0.0161     0.2631 0.0000e+00
       4783     28.494     8.5409   3.373260     0.5172     0.5704     0.0082  0.1118010     28.227    31.8410    -0.0161     0.2628 0.0000e+00
       4784     28.517     8.5420   3.373505     0.5170     0.5703     0.0082  0.1117940     28.250    31.8426    -0.0166     0.2626 0.0000e+00
       4785     28.539     8.5431   3.373750     0.5169     0.5702     0.0082  0.1117866     28.272    31.8441    -0.0167     0.2624 0.0000e+00
       4786     28.562     8.5442   3.373995     0.5168     0.5702     0.0082  0.1117789     28.295    31.8457    -0.0168     0.2624 0.0000e+00
       4787     28.584     8.5452   3.374240     0.5166     0.5701     0.0082  0.1117707     28.316    31.8474    -0.0173     0.2622 0.0000e+00
       4788     28.607     8.5463   3.374487     0.5165     0.5700     0.0082  0.1117621     28.339    31.8489    -0.0174     0.2619 0.0000e+00
       4789     28.629     8.5474   3.374735     0.5164     0.5699     0.0082  0.1117529     28.361    31.8505    -0.0176     0.2617 0.0000e+00
       4790     28.652     8.5485   3.374984     0.5163     0.5698     0.0082  0.1117431     28.384    31.8521    -0.0178     0.2615 0.0000e+00
       4791     28.674     8.5495   3.375233     0.5161     0.5698     0.0081  0.1117334     28.406    31.8538    -0.0182     0.2615 0.0000e+00
       4792     28.697     8.5506   3.375484     0.5160     0.5697     0.0081  0.1117256     28.428    31.8555    -0.0184     0.2613 0.0000e+00
       4793     28.719     8.5517   3.375737     0.5159     0.5696     0.0081  0.1117196     28.450    31.8571    -0.0186     0.2610 0.0000e+00
       4794     28.741     8.5528   3.375993     0.5158     0.5695     0.0081  0.1117135     28.472    31.8588    -0.0188     0.2608 0.0000e+00
       4795     28.764     8.5540   3.376251     0.5157     0.5694     0.0081  0.1117074     28.495    31.8604    -0.0191     0.2606 0.0000e+00
       4796     28.786     8.5551   3.376512     0.5156     0.5694     0.0081  0.1117030     28.516    31.8621    -0.0193     0.2606 0.0000e+00
       4797     28.808     8.5562   3.376777     0.5154     0.5693     0.0081  0.1117001     28.538    31.8639    -0.0199     0.2603 0.0000e+00
       4798     28.831     8.5574   3.377044     0.5153     0.5692     0.0081  0.1116980     28.561    31.8656    -0.0202     0.2601 0.0000e+00
       4799     28.853     8.5586   3.377315     0.5152     0.5691     0.0081  0.1116974     28.583    31.8673    -0.0205     0.2599 0.0000e+00
       4800     28.875     8.5597   3.377590     0.5151     0.5691     0.0081  0.1116993     28.605    31.8692    -0.0208     0.2600 0.0000e+00
       4801     28.897     8.5609   3.377869     0.5150     0.5690     0.0081  0.1117027     28.626    31.8710    -0.0212     0.2597 0.0000e+00
       4802     28.920     8.5622   3.378153     0.5149     0.5689     0.0081  0.1117068     28.649    31.8728    -0.0215     0.2595 0.0000e+00
       4803     28.942     8.5634   3.378441     0.5148     0.5689     0.0081  0.1117117     28.671    31.8747    -0.0218     0.2596 0.0000e+00
       4804     28.964     8.5646   3.378736     0.5147     0.5688     0.0081  0.1117166     28.693    31.8767    -0.0221     0.2593 0.0000e+00
       4805     28.986     8.5659   3.379036     0.5146     0.5687     0.0081  0.1117215     28.715    31.8787    -0.0225     0.2591 0.0000e+00
       4806     29.008     8.5672   3.379342     0.5145     0.5687     0.0081  0.1117272     28.736    31.8807    -0.0228     0.2592 0.0000e+00
       4807     29.030     8.5686   3.379655     0.5144     0.5686     0.0081  0.1117330     28.758    31.8827    -0.0232     0.2589 0.0000e+00
       4808     29.052     8.5699   3.379976     0.5143     0.5685     0.0081  0.1117381     28.780    31.8849    -0.0236     0.2587 0.0000e+00
       4809     29.075     8.5713   3.380306     0.5141     0.5685     0.0081  0.1117424     28.803    31.8871    -0.0243     0.2587 0.0000e+00
       4810     29.097     8.5728   3.380645     0.5140     0.5684     0.0081  0.1117461     28.825    31.8893    -0.0247     0.2584 0.0000e+00
       4811     29.119     8.5742   3.380994     0.5139     0.5683     0.0081  0.1117491     28.846    31.8916    -0.0250     0.2582 0.0000e+00
       4812     29.141     8.5757   3.381352     0.5138     0.5682     0.0081  0.1117515     28.868    31.8940    -0.0254     0.2580 0.0000e+00
       4813     29.163     8.5773   3.381719     0.5136     0.5681     0.0081  0.1117541     28.890    31.8964    -0.0261     0.2578 0.0000e+00
       4814     29.185     8.5789   3.382095     0.5135     0.5681     0.0081  0.1117587     28.912    31.8989    -0.0264     0.2578 0.0000e+00
       4815     29.207     8.5804   3.382479     0.5134     0.5680     0.0081  0.1117652     28.933    31.9015    -0.0268     0.2575 0.0000e+00
       4816     29.229     8.5821   3.382870     0.5132     0.5679     0.0077  0.1117730     28.955    31.9041    -0.0274     0.2573 0.0000e+00
       4817     29.251     8.5837   3.383268     0.5131     0.5678     0.0073  0.1117819     28.977    31.9068    -0.0278     0.2571 0.0000e+00
       4818     29.273     8.5854   3.383672     0.5129     0.5678     0.0071  0.1117913     28.999    31.9095    -0.0284     0.2572 0.0000e+00
       4819     29.294     8.5870   3.384081     0.5128     0.5677     0.0071  0.1118004     29.020    31.9123    -0.0287     0.2569 0.0000e+00
       4820     29.316     8.5887   3.384493     0.5127     0.5676     0.0071  0.1118092     29.041    31.9151    -0.0290     0.2566 0.0000e+00
       4821     29.338     8.5904   3.384908     0.5125     0.5676     0.0070  0.1118178     29.063    31.9179    -0.0296     0.2567 0.0000e+00
       4822     29.360     8.5922   3.385323     0.5124     0.5675     0.0071  0.1118262     29.085    31.9206    -0.0299     0.2565 0.0000e+00
       4823     29.382     8.5939   3.385736     0.5123     0.5675     0.0070  0.1118345     29.107    31.9233    -0.0301     0.2565 0.0000e+00
       4824     29.404     8.5956   3.386144     0.5121     0.5674     0.0071  0.1118428     29.129    31.9261    -0.0307     0.2563 0.0000e+00
       4825     29.426     8.5972   3.386546     0.5120     0.5673     0.0071  0.1118511     29.150    31.9288    -0.0309     0.2560 0.0000e+00
       4826     29.448     8.5989   3.386941     0.5119     0.5673     0.0071  0.1118595     29.172    31.9314    -0.0312     0.2561 0.0000e+00
       4827     29.469     8.6005   3.387327     0.5118     0.5672     0.0071  0.1118681     29.193    31.9340    -0.0314     0.2558 0.0000e+00
       4828     29.491     8.6020   3.387701     0.5116     0.5671     0.0071  0.1118768     29.215    31.9365    -0.0319     0.2556 0.0000e+00
       4829     29.513     8.6035   3.388064     0.5115     0.5670     0.0071  0.1118857     29.237    31.9389    -0.0321     0.2553 0.0000e+00
       4830     29.534     8.6050   3.388415     0.5114     0.5670     0.0071  0.1118950     29.257    31.9413    -0.0322     0.2553 0.0000e+00
       4831     29.556     8.6064   3.388754     0.5112     0.5669     0.0071  0.1119047     29.279    31.9435    -0.0327     0.2551 0.0000e+00
       4832     29.578     8.6077   3.389080     0.5111     0.5668     0.0070  0.1119148     29.301    31.9458    -0.0327     0.2549 0.0000e+00
       4833     29.600     8.6090   3.389393     0.5110     0.5668     0.0071  0.1119255     29.323    31.9478    -0.0328     0.2549 0.0000e+00
       4834     29.621     8.6103   3.389694     0.5109     0.5667     0.0071  0.1119367     29.344    31.9498    -0.0329     0.2547 0.0000e+00
       4835     29.643     8.6115   3.389984     0.5108     0.5667     0.0071  0.1119486     29.365    31.9517    -0.0330     0.2547 0.0000e+00
       4836     29.665     8.6126   3.390261     0.5107     0.5666     0.0071  0.1119613     29.387    31.9536    -0.0331     0.2545 0.0000e+00
       4837     29.687     8.6137   3.390527     0.5106     0.5665     0.0071  0.1119748     29.409    31.9554    -0.0331     0.2542 0.0000e+00
       4838     29.708     8.6148   3.390783     0.5105     0.5665     0.0071  0.1119893     29.430    31.9571    -0.0333     0.2542 0.0000e+00
       4839     29.730     8.6158   3.391028     0.5104     0.5664     0.0071  0.1120048     29.452    31.9587    -0.0334     0.2540 0.0000e+00
       4840     29.752     8.6168   3.391263     0.5103     0.5664     0.0071  0.1120214     29.473    31.9603    -0.0335     0.2540 0.0000e+00
       4841     29.773     8.6177   3.391489     0.5102     0.5663     0.0071  0.1120393     29.494    31.9618    -0.0337     0.2537 0.0000e+00
       4842     29.795     8.6186   3.391706     0.5101     0.5663     0.0066  0.1120578     29.516    31.9633    -0.0339     0.2537 0.0000e+00
       4843     29.817     8.6195   3.391915     0.5100     0.5662     0.0062  0.1120752     29.538    31.9646    -0.0341     0.2535 0.0000e+00
       4844     29.839     8.6203   3.392117     0.5099     0.5661     0.0062  0.1120908     29.560    31.9660    -0.0343     0.2532 0.0000e+00
       4845     29.860     8.6212   3.392311     0.5098     0.5661     0.0062  0.1121048     29.580    31.9672    -0.0344     0.2532 0.0000e+00
       4846     29.882     8.6220   3.392499     0.5097     0.5660     0.0062  0.1121172     29.602    31.9684    -0.0347     0.2529 0.0000e+00
       4847     29.904     8.6227   3.392680     0.5096     0.5660     0.0062  0.1121282     29.624    31.9697    -0.0349     0.2529 0.0000e+00
       4848     29.925     8.6235   3.392856     0.5095     0.5659     0.0062  0.1121378     29.645    31.9708    -0.0351     0.2526 0.0000e+00
       4849     29.947     8.6242   3.393027     0.5094     0.5658     0.0062  0.1121460     29.667    31.9719    -0.0354     0.2524 0.0000e+00
       4850     29.969     8.6249   3.393192     0.5093     0.5658     0.0062  0.1121530     29.688    31.9730    -0.0357     0.2523 0.0000e+00
       4851     29.990     8.6256   3.393354     0.5092     0.5657     0.0062  0.1121588     29.709    31.9741    -0.0360     0.2521 0.0000e+00
       4852     30.012     8.6262   3.393510     0.5091     0.5656     0.0062  0.1121634     29.731    31.9751    -0.0363     0.2518 0.0000e+00
       4853     30.033     8.6269   3.393663     0.5090     0.5656     0.0062  0.1121668     29.752    31.9761    -0.0366     0.2517 0.0000e+00
       4854     30.055     8.6275   3.393812     0.5089     0.5655     0.0062  0.1121691     29.773    31.9771    -0.0369     0.2514 0.0000e+00
       4855     30.076     8.6281   3.393957     0.5089     0.5654     0.0062  0.1121703     29.794    31.9781    -0.0370     0.2511 0.0000e+00
       4856     30.098     8.6287   3.394099     0.5088     0.5654     0.0062  0.1121704     29.816    31.9790    -0.0373     0.2511 0.0000e+00
       4857     30.119     8.6293   3.394236     0.5087     0.5653     0.0062  0.1121694     29.837    31.9799    -0.0377     0.2508 0.0000e+00
       4858     30.141     8.6299   3.394370     0.5086     0.5653     0.0062  0.1121673     29.859    31.9807    -0.0381     0.2508 0.0000e+00
       4859     30.162     8.6305   3.394502     0.5085     0.5652     0.0062  0.1121641     29.879    31.9816    -0.0384     0.2505 0.0000e+00
       4860     30.184     8.6310   3.394630     0.5084     0.5651     0.0062  0.1121597     29.901    31.9824    -0.0388     0.2502 0.0000e+00
       4861     30.205     8.6316   3.394755     0.5083     0.5651     0.0062  0.1121541     29.922    31.9832    -0.0392     0.2502 0.0000e+00
       4862     30.227     8.6321   3.394878     0.5082     0.5650     0.0062  0.1121474     29.944    31.9840    -0.0395     0.2499 0.0000e+00
       4863     30.248     8.6326   3.394999     0.5080     0.5650     0.0062  0.1121394     29.965    31.9848    -0.0402     0.2499 0.0000e+00
       4864     30.270     8.6331   3.395117     0.5079     0.5649     0.0062  0.1121300     29.986    31.9856    -0.0406     0.2496 0.0000e+00
       4865     30.291     8.6337   3.395232     0.5078     0.5648     0.0062  0.1121193     30.007    31.9862    -0.0410     0.2493 0.0000e+00
       4866     30.313     8.6342   3.395346     0.5077     0.5648     0.0062  0.1121072     30.029    31.9870    -0.0413     0.2493 0.0000e+00
       4867     30.334     8.6346   3.395458     0.5076     0.5647     0.0060  0.1120935     30.050    31.9878    -0.0416     0.2491 0.0000e+00
       4868     30.356     8.6351   3.395569     0.5075     0.5646     0.0059  0.1120790     30.072    31.9885    -0.0419     0.2488 0.0000e+00
       4869     30.377     8.6356   3.395678     0.5074     0.5646     0.0059  0.1120653     30.092    31.9891    -0.0422     0.2488 0.0000e+00
       4870     30.399     8.6361   3.395785     0.5073     0.5645     0.0059  0.1120532     30.114    31.9898    -0.0425     0.2485 0.0000e+00
       4871     30.421     8.6366   3.395891     0.5072     0.5644     0.0059  0.1120425     30.136    31.9904    -0.0428     0.2483 0.0000e+00
       4872     30.443     8.6370   3.395996     0.5071     0.5644     0.0059  0.1120333     30.158    31.9912    -0.0430     0.2483 0.0000e+00
       4873     30.464     8.6375   3.396100     0.5070     0.5643     0.0059  0.1120255     30.179    31.9918    -0.0433     0.2480 0.0000e+00
       4874     30.486     8.6379   3.396203     0.5068     0.5642     0.0059  0.1120189     30.200    31.9925    -0.0439     0.2478 0.0000e+00
       4875     30.507     8.6384   3.396306     0.5067     0.5642     0.0059  0.1120135     30.221    31.9931    -0.0441     0.2478 0.0000e+00
       4876     30.529     8.6388   3.396408     0.5066     0.5641     0.0059  0.1120094     30.243    31.9938    -0.0443     0.2476 0.0000e+00
       4877     30.551     8.6393   3.396509     0.5065     0.5640     0.0059  0.1120065     30.265    31.9944    -0.0445     0.2473 0.0000e+00
       4878     30.572     8.6397   3.396610     0.5064     0.5640     0.0059  0.1120047     30.286    31.9951    -0.0447     0.2474 0.0000e+00
       4879     30.594     8.6401   3.396709     0.5063     0.5639     0.0059  0.1120040     30.307    31.9958    -0.0449     0.2471 0.0000e+00
       4880     30.616     8.6406   3.396808     0.5062     0.5639     0.0059  0.1120045     30.329    31.9963    -0.0451     0.2471 0.0000e+00
       4881     30.637     8.6410   3.396906     0.5061     0.5638     0.0059  0.1120061     30.350    31.9970    -0.0452     0.2469 0.0000e+00
       4882     30.659     8.6414   3.397004     0.5060     0.5638     0.0059  0.1120089     30.372    31.9976    -0.0454     0.2469 0.0000e+00
       4883     30.681     8.6418   3.397101     0.5059     0.5637     0.0059  0.1120129     30.394    31.9983    -0.0455     0.2467 0.0000e+00
       4884     30.702     8.6422   3.397197     0.5058     0.5636     0.0059  0.1120181     30.414    31.9989    -0.0457     0.2465 0.0000e+00
       4885     30.724     8.6426   3.397291     0.5057     0.5636     0.0059  0.1120245     30.436    31.9995    -0.0458     0.2466 0.0000e+00
       4886     30.746     8.6430   3.397384     0.5056     0.5635     0.0059  0.1120322     30.458    32.0001    -0.0460     0.2463 0.0000e+00
       4887     30.768     8.6433   3.397475     0.5055     0.5634     0.0059  0.1120412     30.480    32.0008    -0.0462     0.2461 0.0000e+00
       4888     30.790     8.6437   3.397565     0.5054     0.5634     0.0059  0.1120516     30.502    32.0014    -0.0464     0.2462 0.0000e+00
