data/2021/ctd_data_day2/station5_ctm_fil.cnv
* Sea-Bird SBE 9 Data File:
* FileName = C:\Users\CTD-User\Desktop\MAR440\day2\station5.hex
* Software Version Seasave V 7.26.2.13
* Temperature SN = 6313
* Conductivity SN = 4758
* Number of Bytes Per Scan = 37
* Number of Voltage Words = 4
* Number of Scans Averaged by the Deck Unit = 1
* NMEA Latitude = 58 19.20 N
* NMEA Longitude = 011 48.71 E
* NMEA UTC (Time) = Sep 22 2021 10:20:22
* NMEA baud rate = 4800
** Ship: Skagerrak
** Station: station5
** Operator: group2blu
# nquan = 9
# nvalues = 5019                        
# units = specified
# name 0 = scan: Scan Count
# name 1 = prDM: Pressure, Digiquartz [db]
# name 2 = t090C: Temperature [ITS-90, deg C]
# name 3 = c0S/m: Conductivity [S/m]
# name 4 = sbeox0V: Oxygen raw, SBE 43 [V]
# name 5 = sbeox1V: Oxygen raw, SBE 43, 2 [V]
# name 6 = flECO-AFL: Fluorescence, WET Labs ECO-AFL/FL [mg/m^3]
# name 7 = upoly0: Upoly 0, Turbidity
# name 8 = flag:  0.000e+00
# span 0 =          1,       5019       
# span 1 =      0.431,     26.494       
# span 2 =    11.7329,    16.2142       
# span 3 =  -0.000256,   3.795797       
# span 4 =     0.9420,     2.9473       
# span 5 =     1.0255,     2.8390       
# span 6 =     0.0020,     0.0522       
# span 7 =  0.0806113,  0.1779398       
# span 8 = 0.0000e+00, 0.0000e+00       
# interval = seconds: 0.0416667
# start_time = Sep 22 2021 10:20:22 [NMEA time, header]
# bad_flag = -9.990e-29
*END*
[from data line 801]
        802      1.491    14.6533   2.898785     2.6305     2.6458     0.0048  0.1776871 0.0000e+00
        803      1.491    14.6533   2.898779     2.6279     2.6437     0.0048  0.1776555 0.0000e+00
        804      1.491    14.6533   2.898773     2.6253     2.6416     0.0048  0.1776196 0.0000e+00
        805      1.490    14.6533   2.898768     2.6228     2.6395     0.0048  0.1775792 0.0000e+00
        806      1.490    14.6533   2.898764     2.6202     2.6373     0.0046  0.1775341 0.0000e+00
        807      1.489    14.6533   2.898760     2.6177     2.6352     0.0048  0.1774839 0.0000e+00
        808      1.489    14.6533   2.898757     2.6152     2.6330     0.0051  0.1774292 0.0000e+00
        809      1.488    14.6532   2.898754     2.6127     2.6309     0.0051  0.1773712 0.0000e+00
        810      1.487    14.6532   2.898751     2.6102     2.6287     0.0051  0.1773104 0.0000e+00
        811      1.486    14.6532   2.898748     2.6077     2.6266     0.0051  0.1772455 0.0000e+00
        812      1.486    14.6532   2.898745     2.6052     2.6244     0.0051  0.1771744 0.0000e+00
        813      1.485    14.6532   2.898743     2.6027     2.6222     0.0051  0.1770966 0.0000e+00
        814      1.484    14.6532   2.898740     2.6002     2.6201     0.0051  0.1770124 0.0000e+00
        815      1.483    14.6532   2.898739     2.5977     2.6179     0.0051  0.1769203 0.0000e+00
        816      1.482    14.6532   2.898738     2.5953     2.6157     0.0051  0.1768197 0.0000e+00
        817      1.482    14.6532   2.898737     2.5928     2.6135     0.0051  0.1767117 0.0000e+00
        818      1.481    14.6532   2.898735     2.5904     2.6113     0.0049  0.1765962 0.0000e+00
        819      1.481    14.6532   2.898734     2.5880     2.6090     0.0051  0.1764726 0.0000e+00
        820      1.480    14.6531   2.898732     2.5856     2.6068     0.0051  0.1763390 0.0000e+00
        821      1.480    14.6531   2.898730     2.5832     2.6046     0.0051  0.1761930 0.0000e+00
        822      1.480    14.6531   2.898729     2.5808     2.6023     0.0051  0.1760334 0.0000e+00
        823      1.480    14.6531   2.898728     2.5784     2.6001     0.0051  0.1758608 0.0000e+00
        824      1.480    14.6532   2.898727     2.5760     2.5978     0.0051  0.1756749 0.0000e+00
        825      1.480    14.6532   2.898726     2.5737     2.5956     0.0051  0.1754744 0.0000e+00
        826      1.480    14.6532   2.898725     2.5713     2.5933     0.0051  0.1752570 0.0000e+00
        827      1.480    14.6532   2.898723     2.5690     2.5910     0.0051  0.1750196 0.0000e+00
        828      1.480    14.6533   2.898721     2.5666     2.5887     0.0051  0.1747605 0.0000e+00
        829      1.480    14.6533   2.898719     2.5643     2.5864     0.0051  0.1744788 0.0000e+00
        830      1.479    14.6534   2.898718     2.5619     2.5841     0.0051  0.1741724 0.0000e+00
        831      1.479    14.6534   2.898718     2.5596     2.5818     0.0051  0.1738401 0.0000e+00
        832      1.478    14.6535   2.898718     2.5573     2.5795     0.0051  0.1734804 0.0000e+00
        833      1.477    14.6535   2.898719     2.5550     2.5772     0.0051  0.1730959 0.0000e+00
        834      1.477    14.6536   2.898719     2.5527     2.5749     0.0048  0.1727036 0.0000e+00
        835      1.476    14.6537   2.898718     2.5505     2.5726     0.0048  0.1723269 0.0000e+00
        836      1.475    14.6538   2.898717     2.5482     2.5703     0.0048  0.1719778 0.0000e+00
        837      1.474    14.6539   2.898717     2.5459     2.5680     0.0048  0.1716563 0.0000e+00
        838      1.473    14.6540   2.898718     2.5437     2.5657     0.0048  0.1713601 0.0000e+00
        839      1.472    14.6541   2.898719     2.5414     2.5634     0.0048  0.1710873 0.0000e+00
        840      1.471    14.6542   2.898720     2.5392     2.5611     0.0048  0.1708360 0.0000e+00
        841      1.470    14.6543   2.898721     2.5370     2.5588     0.0048  0.1706043 0.0000e+00
        842      1.469    14.6544   2.898722     2.5348     2.5565     0.0048  0.1703907 0.0000e+00
        843      1.468    14.6545   2.898722     2.5326     2.5541     0.0048  0.1701937 0.0000e+00
        844      1.468    14.6546   2.898722     2.5304     2.5518     0.0048  0.1700119 0.0000e+00
        845      1.468    14.6548   2.898721     2.5283     2.5495     0.0048  0.1698440 0.0000e+00
        846      1.468    14.6549   2.898720     2.5261     2.5472     0.0048  0.1696890 0.0000e+00
        847      1.468    14.6551   2.898719     2.5240     2.5449     0.0048  0.1695456 0.0000e+00
        848      1.468    14.6553   2.898719     2.5218     2.5426     0.0048  0.1694130 0.0000e+00
        849      1.469    14.6554   2.898718     2.5197     2.5403     0.0048  0.1692901 0.0000e+00
        850      1.470    14.6556   2.898717     2.5176     2.5380     0.0048  0.1691762 0.0000e+00
        851      1.471    14.6559   2.898715     2.5155     2.5358     0.0048  0.1690704 0.0000e+00
        852      1.472    14.6561   2.898714     2.5134     2.5335     0.0048  0.1689721 0.0000e+00
        853      1.473    14.6564   2.898713     2.5113     2.5312     0.0048  0.1688804 0.0000e+00
        854      1.474    14.6566   2.898713     2.5092     2.5289     0.0048  0.1687948 0.0000e+00
        855      1.475    14.6569   2.898713     2.5071     2.5267     0.0048  0.1687148 0.0000e+00
        856      1.475    14.6572   2.898714     2.5051     2.5244     0.0048  0.1686396 0.0000e+00
        857      1.476    14.6575   2.898715     2.5030     2.5221     0.0048  0.1685688 0.0000e+00
        858      1.476    14.6578   2.898716     2.5009     2.5199     0.0048  0.1685020 0.0000e+00
        859      1.476    14.6581   2.898716     2.4989     2.5176     0.0046  0.1684386 0.0000e+00
        860      1.476    14.6583   2.898716     2.4968     2.5154     0.0046  0.1683783 0.0000e+00
        861      1.475    14.6586   2.898715     2.4948     2.5132     0.0046  0.1683213 0.0000e+00
        862      1.474    14.6589   2.898715     2.4928     2.5110     0.0046  0.1682691 0.0000e+00
        863      1.473    14.6592   2.898717     2.4908     2.5087     0.0046  0.1682221 0.0000e+00
        864      1.472    14.6595   2.898719     2.4889     2.5065     0.0046  0.1681801 0.0000e+00
        865      1.471    14.6597   2.898722     2.4869     2.5043     0.0046  0.1681426 0.0000e+00
        866      1.469    14.6599   2.898726     2.4849     2.5021     0.0046  0.1681095 0.0000e+00
        867      1.467    14.6601   2.898729     2.4830     2.4999     0.0046  0.1680805 0.0000e+00
        868      1.465    14.6603   2.898732     2.4811     2.4977     0.0046  0.1680554 0.0000e+00
        869      1.463    14.6604   2.898735     2.4792     2.4955     0.0046  0.1680341 0.0000e+00
        870      1.461    14.6605   2.898738     2.4773     2.4934     0.0046  0.1680163 0.0000e+00
        871      1.459    14.6606   2.898742     2.4754     2.4912     0.0046  0.1680021 0.0000e+00
        872      1.457    14.6607   2.898745     2.4735     2.4891     0.0046  0.1679911 0.0000e+00
        873      1.455    14.6607   2.898749     2.4717     2.4870     0.0046  0.1679835 0.0000e+00
        874      1.453    14.6607   2.898751     2.4698     2.4849     0.0046  0.1679791 0.0000e+00
        875      1.452    14.6607   2.898752     2.4680     2.4828     0.0046  0.1679780 0.0000e+00
        876      1.451    14.6607   2.898753     2.4662     2.4807     0.0046  0.1679800 0.0000e+00
        877      1.450    14.6606   2.898753     2.4644     2.4787     0.0046  0.1679853 0.0000e+00
        878      1.449    14.6605   2.898753     2.4626     2.4766     0.0046  0.1679938 0.0000e+00
        879      1.448    14.6603   2.898753     2.4609     2.4746     0.0046  0.1680056 0.0000e+00
        880      1.448    14.6602   2.898754     2.4592     2.4726     0.0046  0.1680208 0.0000e+00
        881      1.449    14.6600   2.898755     2.4574     2.4706     0.0046  0.1680395 0.0000e+00
        882      1.449    14.6599   2.898756     2.4557     2.4686     0.0046  0.1680618 0.0000e+00
        883      1.450    14.6597   2.898757     2.4541     2.4667     0.0046  0.1680880 0.0000e+00
        884      1.452    14.6596   2.898758     2.4524     2.4648     0.0046  0.1681172 0.0000e+00
        885      1.454    14.6594   2.898759     2.4508     2.4629     0.0048  0.1681472 0.0000e+00
        886      1.456    14.6593   2.898760     2.4492     2.4610     0.0048  0.1681757 0.0000e+00
        887      1.458    14.6592   2.898763     2.4476     2.4591     0.0048  0.1682010 0.0000e+00
        888      1.461    14.6592   2.898766     2.4460     2.4573     0.0048  0.1682218 0.0000e+00
        889      1.463    14.6591   2.898770     2.4444     2.4555     0.0048  0.1682382 0.0000e+00
        890      1.465    14.6591   2.898773     2.4429     2.4537     0.0048  0.1682519 0.0000e+00
        891      1.467    14.6591   2.898775     2.4414     2.4519     0.0048  0.1682639 0.0000e+00
        892      1.469    14.6592   2.898776     2.4399     2.4502     0.0048  0.1682743 0.0000e+00
        893      1.471    14.6592   2.898777     2.4385     2.4485     0.0046  0.1682832 0.0000e+00
        894      1.472    14.6593   2.898778     2.4370     2.4468     0.0048  0.1682906 0.0000e+00
        895      1.473    14.6593   2.898779     2.4356     2.4451     0.0048  0.1682966 0.0000e+00
        896      1.474    14.6593   2.898781     2.4343     2.4435     0.0048  0.1683012 0.0000e+00
        897      1.475    14.6594   2.898783     2.4330     2.4419     0.0048  0.1683045 0.0000e+00
        898      1.475    14.6594   2.898784     2.4317     2.4403     0.0048  0.1683065 0.0000e+00
        899      1.475    14.6594   2.898784     2.4304     2.4388     0.0048  0.1683071 0.0000e+00
        900      1.474    14.6594   2.898784     2.4292     2.4372     0.0048  0.1683065 0.0000e+00
        901      1.474    14.6595   2.898783     2.4280     2.4357     0.0048  0.1683045 0.0000e+00
        902      1.473    14.6595   2.898782     2.4268     2.4343     0.0048  0.1683012 0.0000e+00
        903      1.472    14.6595   2.898782     2.4256     2.4328     0.0048  0.1682966 0.0000e+00
        904      1.470    14.6595   2.898782     2.4245     2.4314     0.0048  0.1682906 0.0000e+00
        905      1.469    14.6595   2.898782     2.4234     2.4300     0.0048  0.1682832 0.0000e+00
        906      1.467    14.6595   2.898780     2.4224     2.4287     0.0048  0.1682743 0.0000e+00
        907      1.466    14.6595   2.898778     2.4214     2.4273     0.0048  0.1682639 0.0000e+00
        908      1.464    14.6595   2.898775     2.4204     2.4261     0.0048  0.1682518 0.0000e+00
        909      1.463    14.6595   2.898772     2.4194     2.4248     0.0048  0.1682381 0.0000e+00
        910      1.461    14.6595   2.898769     2.4185     2.4236     0.0049  0.1682226 0.0000e+00
        911      1.460    14.6595   2.898767     2.4176     2.4224     0.0049  0.1682061 0.0000e+00
        912      1.458    14.6595   2.898765     2.4168     2.4212     0.0049  0.1681901 0.0000e+00
        913      1.457    14.6596   2.898764     2.4159     2.4200     0.0049  0.1681754 0.0000e+00
        914      1.456    14.6596   2.898763     2.4151     2.4189     0.0049  0.1681618 0.0000e+00
        915      1.454    14.6596   2.898761     2.4144     2.4178     0.0049  0.1681493 0.0000e+00
        916      1.454    14.6596   2.898758     2.4136     2.4167     0.0049  0.1681379 0.0000e+00
        917      1.453    14.6596   2.898757     2.4129     2.4156     0.0049  0.1681273 0.0000e+00
        918      1.452    14.6596   2.898755     2.4122     2.4146     0.0049  0.1681176 0.0000e+00
        919      1.452    14.6596   2.898755     2.4116     2.4136     0.0049  0.1681087 0.0000e+00
        920      1.452    14.6596   2.898754     2.4109     2.4126     0.0049  0.1681005 0.0000e+00
        921      1.453    14.6596   2.898754     2.4103     2.4116     0.0049  0.1680929 0.0000e+00
        922      1.453    14.6596   2.898753     2.4097     2.4106     0.0049  0.1680860 0.0000e+00
        923      1.454    14.6596   2.898751     2.4091     2.4096     0.0049  0.1680796 0.0000e+00
        924      1.455    14.6596   2.898750     2.4086     2.4086     0.0049  0.1680737 0.0000e+00
        925      1.457    14.6596   2.898749     2.4081     2.4076     0.0049  0.1680683 0.0000e+00
        926      1.458    14.6596   2.898749     2.4076     2.4067     0.0049  0.1680633 0.0000e+00
        927      1.460    14.6596   2.898750     2.4071     2.4057     0.0049  0.1680587 0.0000e+00
        928      1.462    14.6596   2.898752     2.4066     2.4048     0.0049  0.1680545 0.0000e+00
        929      1.464    14.6596   2.898754     2.4062     2.4038     0.0049  0.1680506 0.0000e+00
        930      1.466    14.6597   2.898755     2.4057     2.4029     0.0049  0.1680471 0.0000e+00
        931      1.467    14.6597   2.898756     2.4053     2.4019     0.0049  0.1680438 0.0000e+00
        932      1.469    14.6597   2.898758     2.4049     2.4010     0.0049  0.1680407 0.0000e+00
        933      1.470    14.6598   2.898760     2.4045     2.4000     0.0049  0.1680380 0.0000e+00
        934      1.471    14.6598   2.898762     2.4041     2.3990     0.0049  0.1680354 0.0000e+00
        935      1.472    14.6599   2.898764     2.4037     2.3981     0.0049  0.1680330 0.0000e+00
        936      1.473    14.6599   2.898766     2.4034     2.3971     0.0048  0.1680309 0.0000e+00
        937      1.474    14.6600   2.898767     2.4030     2.3961     0.0048  0.1680289 0.0000e+00
        938      1.474    14.6600   2.898767     2.4027     2.3951     0.0048  0.1680270 0.0000e+00
        939      1.474    14.6600   2.898767     2.4023     2.3941     0.0048  0.1680253 0.0000e+00
        940      1.473    14.6601   2.898767     2.4020     2.3931     0.0048  0.1680238 0.0000e+00
        941      1.473    14.6601   2.898767     2.4017     2.3921     0.0048  0.1680223 0.0000e+00
        942      1.473    14.6602   2.898767     2.4014     2.3911     0.0048  0.1680210 0.0000e+00
        943      1.472    14.6603   2.898766     2.4011     2.3901     0.0048  0.1680198 0.0000e+00
        944      1.471    14.6603   2.898766     2.4008     2.3890     0.0048  0.1680187 0.0000e+00
        945      1.470    14.6604   2.898764     2.4005     2.3880     0.0048  0.1680176 0.0000e+00
        946      1.469    14.6604   2.898761     2.4002     2.3870     0.0048  0.1680167 0.0000e+00
        947      1.467    14.6604   2.898757     2.3999     2.3859     0.0048  0.1680158 0.0000e+00
        948      1.466    14.6605   2.898752     2.3996     2.3849     0.0048  0.1680150 0.0000e+00
        949      1.465    14.6605   2.898747     2.3993     2.3838     0.0048  0.1680142 0.0000e+00
        950      1.463    14.6605   2.898743     2.3991     2.3827     0.0048  0.1680135 0.0000e+00
        951      1.462    14.6605   2.898739     2.3988     2.3816     0.0048  0.1680129 0.0000e+00
        952      1.461    14.6605   2.898735     2.3985     2.3806     0.0048  0.1680123 0.0000e+00
        953      1.459    14.6605   2.898730     2.3983     2.3795     0.0048  0.1680117 0.0000e+00
        954      1.458    14.6605   2.898725     2.3980     2.3784     0.0048  0.1680112 0.0000e+00
        955      1.457    14.6605   2.898719     2.3977     2.3773     0.0048  0.1680107 0.0000e+00
        956      1.456    14.6605   2.898715     2.3975     2.3762     0.0048  0.1680103 0.0000e+00
        957      1.456    14.6605   2.898711     2.3972     2.3751     0.0048  0.1680098 0.0000e+00
        958      1.455    14.6604   2.898708     2.3969     2.3740     0.0048  0.1680095 0.0000e+00
        959      1.455    14.6604   2.898707     2.3967     2.3729     0.0048  0.1680091 0.0000e+00
        960      1.454    14.6604   2.898705     2.3964     2.3718     0.0048  0.1680087 0.0000e+00
