data/2021/ctd_data_day2/station4_ctm_fil.cnv
* Sea-Bird SBE 9 Data File:
* FileName = C:\Users\CTD-User\Desktop\MAR440\day2\station4.hex
* Software Version Seasave V 7.26.2.13
* Temperature SN = 6313
* Conductivity SN = 4758
* Number of Bytes Per Scan = 37
* Number of Voltage Words = 4
* Number of Scans Averaged by the Deck Unit = 1
* NMEA Latitude = 58 19.41 N
* NMEA Longitude = 011 50.05 E
* NMEA UTC (Time) = Sep 22 2021 10:00:00
* NMEA baud rate = 4800
** Ship: Skagerrak
** Station: station4
** Operator: group2green
# nquan = 9
# nvalues = 2885                        
# units = specified
# name 0 = scan: Scan Count
# name 1 = prDM: Pressure, Digiquartz [db]
# name 2 = t090C: Temperature [ITS-90, deg C]
# name 3 = c0S/m: Conductivity [S/m]
# name 4 = sbeox0V: Oxygen raw, SBE 43 [V]
# name 5 = sbeox1V: Oxygen raw, SBE 43, 2 [V]
# name 6 = flECO-AFL: Fluorescence, WET Labs ECO-AFL/FL [mg/m^3]
# name 7 = upoly0: Upoly 0, Turbidity
# name 8 = flag:  0.000e+00
# span 0 =          1,       2885       
# span 1 =      1.014,     14.941       
# span 2 =    13.2524,    16.0381       
# span 3 =   2.889518,   3.419945       
# span 4 =     1.5512,     2.8831       
# span 5 =     1.5676,     2.8305       
# span 6 =     0.0040,     0.0060       
# span 7 =  0.0914191,  0.1845063       
# span 8 = 0.0000e+00, 0.0000e+00       
# interval = seconds: 0.0416667
# start_time = Sep 22 2021 10:00:00 [NMEA time, header]
# bad_flag = -9.990e-29
*END*
[from data line 2561]
       2562      8.417    15.9328   3.266815     2.7802     2.7125     0.0049  0.1134986 0.0000e+00
       2563      8.439    15.9277   3.269051     2.7775     2.7095     0.0049  0.1127245 0.0000e+00
       2564      8.461    15.9224   3.271236     2.7747     2.7063     0.0049  0.1120074 0.0000e+00
       2565      8.483    15.9171   3.273368     2.7719     2.7031     0.0049  0.1113434 0.0000e+00
       2566      8.506    15.9116   3.275447     2.7689     2.6997     0.0049  0.1107286 0.0000e+00
       2567      8.528    15.9062   3.277470     2.7658     2.6961     0.0049  0.1101578 0.0000e+00
       2568      8.550    15.9008   3.279437     2.7625     2.6924     0.0049  0.1096263 0.0000e+00
       2569      8.572    15.8954   3.281351     2.7592     2.6886     0.0049  0.1091304 0.0000e+00
       2570      8.594    15.8902   3.283216     2.7557     2.6846     0.0049  0.1086666 0.0000e+00
       2571      8.616    15.8852   3.285036     2.7521     2.6805     0.0049  0.1082317 0.0000e+00
       2572      8.638    15.8804   3.286816     2.7484     2.6762     0.0049  0.1078226 0.0000e+00
       2573      8.660    15.8758   3.288558     2.7445     2.6718     0.0049  0.1074365 0.0000e+00
       2574      8.682    15.8715   3.290266     2.7405     2.6672     0.0049  0.1070708 0.0000e+00
       2575      8.704    15.8674   3.291944     2.7364     2.6625     0.0049  0.1067229 0.0000e+00
       2576      8.727    15.8637   3.293596     2.7321     2.6576     0.0049  0.1063903 0.0000e+00
       2577      8.749    15.8603   3.295230     2.7277     2.6526     0.0051  0.1060708 0.0000e+00
       2578      8.771    15.8572   3.296853     2.7231     2.6475     0.0049  0.1057621 0.0000e+00
       2579      8.793    15.8544   3.298472     2.7184     2.6421     0.0049  0.1054621 0.0000e+00
       2580      8.815    15.8519   3.300097     2.7136     2.6367     0.0048  0.1051713 0.0000e+00
       2581      8.838    15.8497   3.301734     2.7086     2.6311     0.0046  0.1048943 0.0000e+00
       2582      8.860    15.8479   3.303388     2.7035     2.6254     0.0046  0.1046362 0.0000e+00
       2583      8.882    15.8464   3.305056     2.6982     2.6196     0.0046  0.1043976 0.0000e+00
       2584      8.904    15.8454   3.306734     2.6928     2.6136     0.0046  0.1041760 0.0000e+00
       2585      8.926    15.8448   3.308421     2.6873     2.6075     0.0046  0.1039690 0.0000e+00
       2586      8.948    15.8447   3.310114     2.6817     2.6014     0.0046  0.1037753 0.0000e+00
       2587      8.970    15.8451   3.311817     2.6759     2.5951     0.0046  0.1035934 0.0000e+00
       2588      8.992    15.8461   3.313534     2.6700     2.5887     0.0046  0.1034220 0.0000e+00
       2589      9.014    15.8476   3.315267     2.6640     2.5822     0.0046  0.1032601 0.0000e+00
       2590      9.036    15.8497   3.317020     2.6579     2.5756     0.0046  0.1031064 0.0000e+00
       2591      9.058    15.8523   3.318792     2.6516     2.5690     0.0046  0.1029600 0.0000e+00
       2592      9.081    15.8557   3.320588     2.6453     2.5623     0.0046  0.1028197 0.0000e+00
       2593      9.103    15.8596   3.322410     2.6389     2.5555     0.0046  0.1026854 0.0000e+00
       2594      9.125    15.8642   3.324265     2.6324     2.5487     0.0046  0.1025571 0.0000e+00
       2595      9.147    15.8693   3.326152     2.6258     2.5418     0.0046  0.1024331 0.0000e+00
       2596      9.169    15.8748   3.328068     2.6191     2.5349     0.0046  0.1023116 0.0000e+00
       2597      9.190    15.8806   3.330004     2.6124     2.5279     0.0046  0.1021917 0.0000e+00
       2598      9.212    15.8865   3.331949     2.6055     2.5210     0.0046  0.1020726 0.0000e+00
       2599      9.235    15.8924   3.333884     2.5987     2.5139     0.0046  0.1019545 0.0000e+00
       2600      9.257    15.8980   3.335790     2.5917     2.5069     0.0046  0.1018371 0.0000e+00
       2601      9.279    15.9032   3.337650     2.5848     2.4999     0.0046  0.1017191 0.0000e+00
       2602      9.300    15.9080   3.339456     2.5777     2.4928     0.0046  0.1015985 0.0000e+00
       2603      9.322    15.9124   3.341204     2.5707     2.4858     0.0046  0.1014747 0.0000e+00
       2604      9.345    15.9162   3.342893     2.5636     2.4787     0.0046  0.1013467 0.0000e+00
       2605      9.366    15.9195   3.344522     2.5564     2.4717     0.0046  0.1012153 0.0000e+00
       2606      9.388    15.9223   3.346094     2.5493     2.4646     0.0046  0.1010848 0.0000e+00
       2607      9.410    15.9247   3.347612     2.5421     2.4576     0.0044  0.1009602 0.0000e+00
       2608      9.432    15.9264   3.349080     2.5350     2.4506     0.0044  0.1008448 0.0000e+00
       2609      9.454    15.9277   3.350497     2.5278     2.4436     0.0044  0.1007396 0.0000e+00
       2610      9.476    15.9284   3.351865     2.5206     2.4367     0.0044  0.1006429 0.0000e+00
       2611      9.498    15.9286   3.353181     2.5134     2.4298     0.0044  0.1005533 0.0000e+00
       2612      9.520    15.9283   3.354446     2.5063     2.4229     0.0044  0.1004701 0.0000e+00
       2613      9.542    15.9276   3.355663     2.4991     2.4161     0.0044  0.1003927 0.0000e+00
       2614      9.564    15.9266   3.356837     2.4919     2.4093     0.0044  0.1003207 0.0000e+00
       2615      9.586    15.9252   3.357970     2.4848     2.4025     0.0044  0.1002534 0.0000e+00
       2616      9.608    15.9236   3.359069     2.4777     2.3958     0.0044  0.1001905 0.0000e+00
       2617      9.630    15.9216   3.360140     2.4706     2.3892     0.0044  0.1001315 0.0000e+00
       2618      9.652    15.9195   3.361189     2.4635     2.3825     0.0044  0.1000760 0.0000e+00
       2619      9.674    15.9170   3.362219     2.4565     2.3760     0.0044  0.1000244 0.0000e+00
       2620      9.696    15.9144   3.363232     2.4495     2.3695     0.0044  0.0999773 0.0000e+00
       2621      9.718    15.9116   3.364229     2.4426     2.3630     0.0044  0.0999335 0.0000e+00
       2622      9.740    15.9087   3.365211     2.4356     2.3566     0.0044  0.0998917 0.0000e+00
       2623      9.762    15.9056   3.366181     2.4288     2.3502     0.0044  0.0998518 0.0000e+00
       2624      9.784    15.9024   3.367140     2.4219     2.3439     0.0044  0.0998134 0.0000e+00
       2625      9.806    15.8991   3.368090     2.4151     2.3377     0.0044  0.0997763 0.0000e+00
       2626      9.828    15.8958   3.369035     2.4084     2.3315     0.0044  0.0997402 0.0000e+00
       2627      9.850    15.8922   3.369975     2.4017     2.3254     0.0044  0.0997058 0.0000e+00
       2628      9.872    15.8886   3.370915     2.3950     2.3193     0.0044  0.0996735 0.0000e+00
       2629      9.894    15.8849   3.371852     2.3884     2.3133     0.0044  0.0996424 0.0000e+00
       2630      9.916    15.8811   3.372784     2.3819     2.3073     0.0044  0.0996114 0.0000e+00
       2631      9.938    15.8772   3.373703     2.3754     2.3015     0.0044  0.0995811 0.0000e+00
       2632      9.960    15.8733   3.374605     2.3689     2.2956     0.0042  0.0995531 0.0000e+00
       2633      9.981    15.8693   3.375488     2.3625     2.2898     0.0042  0.0995279 0.0000e+00
       2634     10.003    15.8653   3.376349     2.3562     2.2841     0.0042  0.0995053 0.0000e+00
       2635     10.025    15.8613   3.377189     2.3499     2.2785     0.0042  0.0994845 0.0000e+00
       2636     10.047    15.8572   3.378010     2.3436     2.2729     0.0042  0.0994643 0.0000e+00
       2637     10.069    15.8530   3.378813     2.3374     2.2673     0.0042  0.0994447 0.0000e+00
       2638     10.091    15.8488   3.379599     2.3313     2.2619     0.0042  0.0994247 0.0000e+00
       2639     10.113    15.8444   3.380372     2.3252     2.2564     0.0042  0.0994032 0.0000e+00
       2640     10.135    15.8400   3.381135     2.3192     2.2511     0.0042  0.0993810 0.0000e+00
       2641     10.157    15.8354   3.381890     2.3132     2.2458     0.0042  0.0993587 0.0000e+00
       2642     10.179    15.8306   3.382640     2.3073     2.2406     0.0042  0.0993354 0.0000e+00
       2643     10.201    15.8257   3.383384     2.3015     2.2354     0.0042  0.0993093 0.0000e+00
       2644     10.223    15.8205   3.384122     2.2957     2.2303     0.0042  0.0992792 0.0000e+00
       2645     10.245    15.8152   3.384854     2.2899     2.2253     0.0042  0.0992458 0.0000e+00
       2646     10.267    15.8097   3.385577     2.2843     2.2203     0.0042  0.0992097 0.0000e+00
       2647     10.289    15.8041   3.386284     2.2786     2.2154     0.0042  0.0991707 0.0000e+00
       2648     10.311    15.7983   3.386971     2.2731     2.2105     0.0042  0.0991285 0.0000e+00
       2649     10.333    15.7924   3.387633     2.2676     2.2057     0.0042  0.0990828 0.0000e+00
       2650     10.355    15.7863   3.388266     2.2622     2.2010     0.0042  0.0990325 0.0000e+00
       2651     10.377    15.7802   3.388869     2.2568     2.1963     0.0042  0.0989755 0.0000e+00
       2652     10.399    15.7741   3.389443     2.2515     2.1917     0.0042  0.0989113 0.0000e+00
       2653     10.421    15.7682   3.389991     2.2462     2.1871     0.0042  0.0988413 0.0000e+00
       2654     10.443    15.7623   3.390516     2.2410     2.1826     0.0042  0.0987667 0.0000e+00
       2655     10.465    15.7565   3.391021     2.2358     2.1781     0.0042  0.0986878 0.0000e+00
       2656     10.486    15.7508   3.391506     2.2307     2.1737     0.0044  0.0986040 0.0000e+00
       2657     10.508    15.7451   3.391975     2.2256     2.1694     0.0046  0.0985181 0.0000e+00
       2658     10.531    15.7396   3.392432     2.2206     2.1651     0.0046  0.0984364 0.0000e+00
       2659     10.553    15.7341   3.392879     2.2156     2.1608     0.0046  0.0983626 0.0000e+00
       2660     10.575    15.7287   3.393322     2.2107     2.1566     0.0046  0.0982961 0.0000e+00
       2661     10.597    15.7235   3.393764     2.2058     2.1524     0.0046  0.0982347 0.0000e+00
       2662     10.618    15.7185   3.394208     2.2010     2.1483     0.0046  0.0981773 0.0000e+00
       2663     10.640    15.7138   3.394654     2.1962     2.1442     0.0046  0.0981233 0.0000e+00
       2664     10.662    15.7093   3.395103     2.1915     2.1402     0.0046  0.0980724 0.0000e+00
       2665     10.684    15.7051   3.395549     2.1868     2.1361     0.0046  0.0980243 0.0000e+00
       2666     10.706    15.7011   3.395986     2.1821     2.1322     0.0046  0.0979786 0.0000e+00
       2667     10.728    15.6973   3.396408     2.1775     2.1282     0.0046  0.0979358 0.0000e+00
       2668     10.750    15.6937   3.396812     2.1729     2.1243     0.0046  0.0978965 0.0000e+00
       2669     10.772    15.6902   3.397196     2.1684     2.1204     0.0046  0.0978597 0.0000e+00
       2670     10.794    15.6869   3.397560     2.1639     2.1166     0.0046  0.0978241 0.0000e+00
       2671     10.817    15.6838   3.397903     2.1595     2.1128     0.0046  0.0977895 0.0000e+00
       2672     10.839    15.6807   3.398228     2.1550     2.1090     0.0046  0.0977566 0.0000e+00
       2673     10.861    15.6778   3.398535     2.1507     2.1052     0.0046  0.0977268 0.0000e+00
       2674     10.883    15.6749   3.398826     2.1463     2.1015     0.0046  0.0977007 0.0000e+00
       2675     10.905    15.6721   3.399100     2.1420     2.0978     0.0046  0.0976782 0.0000e+00
       2676     10.927    15.6693   3.399360     2.1377     2.0941     0.0046  0.0976582 0.0000e+00
       2677     10.949    15.6665   3.399607     2.1334     2.0904     0.0046  0.0976390 0.0000e+00
       2678     10.971    15.6638   3.399842     2.1292     2.0867     0.0044  0.0976203 0.0000e+00
       2679     10.993    15.6611   3.400066     2.1250     2.0831     0.0046  0.0976030 0.0000e+00
       2680     11.015    15.6583   3.400279     2.1209     2.0795     0.0046  0.0975860 0.0000e+00
       2681     11.037    15.6554   3.400479     2.1167     2.0759     0.0046  0.0975684 0.0000e+00
       2682     11.059    15.6524   3.400666     2.1126     2.0724     0.0044  0.0975509 0.0000e+00
       2683     11.080    15.6492   3.400836     2.1086     2.0688     0.0042  0.0975350 0.0000e+00
       2684     11.102    15.6459   3.400988     2.1045     2.0653     0.0042  0.0975208 0.0000e+00
       2685     11.124    15.6424   3.401121     2.1005     2.0618     0.0042  0.0975062 0.0000e+00
       2686     11.146    15.6386   3.401236     2.0965     2.0583     0.0042  0.0974905 0.0000e+00
       2687     11.168    15.6345   3.401332     2.0926     2.0549     0.0042  0.0974736 0.0000e+00
       2688     11.190    15.6302   3.401406     2.0886     2.0515     0.0042  0.0974560 0.0000e+00
       2689     11.212    15.6255   3.401461     2.0847     2.0481     0.0042  0.0974386 0.0000e+00
       2690     11.234    15.6206   3.401496     2.0808     2.0447     0.0042  0.0974204 0.0000e+00
       2691     11.256    15.6153   3.401516     2.0769     2.0413     0.0042  0.0974013 0.0000e+00
       2692     11.278    15.6098   3.401521     2.0731     2.0380     0.0042  0.0973820 0.0000e+00
       2693     11.300    15.6040   3.401516     2.0693     2.0347     0.0042  0.0973614 0.0000e+00
       2694     11.322    15.5979   3.401502     2.0655     2.0314     0.0042  0.0973387 0.0000e+00
       2695     11.344    15.5916   3.401483     2.0617     2.0282     0.0042  0.0973136 0.0000e+00
       2696     11.366    15.5852   3.401461     2.0580     2.0250     0.0042  0.0972860 0.0000e+00
       2697     11.388    15.5786   3.401436     2.0542     2.0218     0.0042  0.0972557 0.0000e+00
       2698     11.410    15.5721   3.401409     2.0506     2.0186     0.0042  0.0972233 0.0000e+00
       2699     11.432    15.5654   3.401378     2.0469     2.0154     0.0042  0.0971903 0.0000e+00
       2700     11.454    15.5587   3.401345     2.0432     2.0123     0.0042  0.0971565 0.0000e+00
       2701     11.476    15.5520   3.401310     2.0396     2.0092     0.0042  0.0971199 0.0000e+00
       2702     11.498    15.5453   3.401276     2.0360     2.0061     0.0042  0.0970794 0.0000e+00
       2703     11.520    15.5386   3.401244     2.0325     2.0030     0.0042  0.0970348 0.0000e+00
       2704     11.542    15.5319   3.401213     2.0289     2.0000     0.0042  0.0969857 0.0000e+00
       2705     11.564    15.5253   3.401182     2.0254     1.9970     0.0042  0.0969318 0.0000e+00
       2706     11.586    15.5188   3.401152     2.0219     1.9940     0.0042  0.0968727 0.0000e+00
       2707     11.608    15.5123   3.401122     2.0184     1.9910     0.0042  0.0968089 0.0000e+00
       2708     11.630    15.5060   3.401093     2.0150     1.9881     0.0042  0.0967433 0.0000e+00
       2709     11.651    15.4998   3.401067     2.0116     1.9851     0.0042  0.0966797 0.0000e+00
       2710     11.673    15.4937   3.401045     2.0082     1.9822     0.0042  0.0966202 0.0000e+00
       2711     11.695    15.4878   3.401029     2.0048     1.9793     0.0042  0.0965653 0.0000e+00
       2712     11.717    15.4819   3.401019     2.0014     1.9765     0.0042  0.0965145 0.0000e+00
       2713     11.739    15.4761   3.401018     1.9981     1.9737     0.0042  0.0964675 0.0000e+00
       2714     11.761    15.4704   3.401026     1.9948     1.9709     0.0042  0.0964232 0.0000e+00
       2715     11.783    15.4647   3.401044     1.9915     1.9681     0.0042  0.0963812 0.0000e+00
       2716     11.805    15.4590   3.401072     1.9882     1.9654     0.0042  0.0963421 0.0000e+00
       2717     11.827    15.4533   3.401108     1.9850     1.9626     0.0042  0.0963047 0.0000e+00
       2718     11.849    15.4474   3.401148     1.9818     1.9600     0.0042  0.0962680 0.0000e+00
       2719     11.870    15.4414   3.401184     1.9786     1.9573     0.0042  0.0962316 0.0000e+00
       2720     11.892    15.4350   3.401210     1.9754     1.9547     0.0042  0.0961954 0.0000e+00
