data/2021/ctd_data_day2/station4_ctm.cnv
* Sea-Bird SBE 9 Data File:
* FileName = C:\Users\CTD-User\Desktop\MAR440\day2\station4.hex
* Software Version Seasave V 7.26.2.13
* Temperature SN = 6313
* Conductivity SN = 4758
* Number of Bytes Per Scan = 37
* Number of Voltage Words = 4
* Number of Scans Averaged by the Deck Unit = 1
* NMEA Latitude = 58 19.41 N
* NMEA Longitude = 011 50.05 E
* NMEA UTC (Time) = Sep 22 2021 10:00:00
* NMEA baud rate = 4800
** Ship: Skagerrak
** Station: station4
** Operator: group2green
# nquan = 9
# nvalues = 2885                        
# units = specified
# name 0 = scan: Scan Count
# name 1 = prDM: Pressure, Digiquartz [db]
# name 2 = t090C: Temperature [ITS-90, deg C]
# name 3 = c0S/m: Conductivity [S/m]
# name 4 = sbeox0V: Oxygen raw, SBE 43 [V]
# name 5 = sbeox1V: Oxygen raw, SBE 43, 2 [V]
# name 6 = flECO-AFL: Fluorescence, WET Labs ECO-AFL/FL [mg/m^3]
# name 7 = upoly0: Upoly 0, Turbidity
# name 8 = flag:  0.000e+00
# span 0 =          1,       2885       
# span 1 =      0.936,     15.080       
# span 2 =    13.1755,    16.1519       
# span 3 =   2.888596,   3.427947       
# span 4 =     1.5029,     2.8889       
# span 5 =     1.5188,     2.8315       
# span 6 =     0.0040,     0.0060       
# span 7 =  0.0913272,  0.1885189       
# span 8 = 0.0000e+00, 0.0000e+00       
# interval = seconds: 0.0416667
# start_time = Sep 22 2021 10:00:00 [NMEA time, header]
# bad_flag = -9.990e-29
*END*
[from data line 2081]
       2082      0.973    14.6987   2.890265     2.8755     2.8217     0.0048  0.1748437 0.0000e+00
       2083      1.063    14.6878   2.890082     2.8632     2.8205     0.0046  0.1748437 0.0000e+00
       2084      0.973    14.6873   2.890229     2.8632     2.8217     0.0046  0.1748437 0.0000e+00
       2085      1.006    14.6872   2.890394     2.8657     2.8217     0.0046  0.1753321 0.0000e+00
       2086      1.030    14.6875   2.890489     2.8657     2.8217     0.0046  0.1748437 0.0000e+00
       2087      1.006    14.6875   2.890572     2.8657     2.8217     0.0046  0.1753321 0.0000e+00
       2088      1.030    14.6876   2.890596     2.8669     2.8217     0.0046  0.1748437 0.0000e+00
       2089      1.006    14.6877   2.890553     2.8681     2.8229     0.0046  0.1748437 0.0000e+00
       2090      1.030    14.6878   2.890581     2.8693     2.8229     0.0046  0.1748437 0.0000e+00
       2091      1.005    14.6888   2.890701     2.8669     2.8229     0.0046  0.1748437 0.0000e+00
       2092      0.972    14.6885   2.890800     2.8669     2.8229     0.0046  0.1753321 0.0000e+00
       2093      1.005    14.6871   2.890692     2.8681     2.8229     0.0046  0.1748437 0.0000e+00
       2094      1.030    14.6869   2.890653     2.8693     2.8229     0.0046  0.1753321 0.0000e+00
       2095      1.005    14.7018   2.890629     2.8779     2.8229     0.0048  0.1743553 0.0000e+00
       2096      1.030    14.6872   2.890607     2.8645     2.8229     0.0049  0.1738669 0.0000e+00
       2097      1.005    14.6865   2.890523     2.8645     2.8229     0.0049  0.1733785 0.0000e+00
       2098      1.030    14.6861   2.890572     2.8693     2.8242     0.0049  0.1743553 0.0000e+00
       2099      1.005    14.6860   2.890479     2.8706     2.8242     0.0049  0.1733785 0.0000e+00
       2100      1.030    14.6858   2.890397     2.8693     2.8242     0.0049  0.1733785 0.0000e+00
       2101      1.005    14.6850   2.890362     2.8693     2.8242     0.0049  0.1733785 0.0000e+00
       2102      1.030    14.6829   2.890328     2.8681     2.8254     0.0049  0.1738669 0.0000e+00
       2103      1.063    14.6848   2.890250     2.8706     2.8254     0.0049  0.1743553 0.0000e+00
       2104      1.030    14.6872   2.890314     2.8718     2.8254     0.0049  0.1733785 0.0000e+00
       2105      1.063    14.6883   2.890565     2.8706     2.8254     0.0049  0.1733785 0.0000e+00
       2106      1.030    14.6894   2.890729     2.8706     2.8254     0.0049  0.1733785 0.0000e+00
       2107      1.063    14.6890   2.890838     2.8706     2.8254     0.0049  0.1738669 0.0000e+00
       2108      1.030    14.6894   2.890906     2.8718     2.8266     0.0049  0.1733785 0.0000e+00
       2109      1.063    14.6917   2.891091     2.8718     2.8266     0.0049  0.1733785 0.0000e+00
       2110      1.030    14.6969   2.891675     2.8706     2.8266     0.0049  0.1733785 0.0000e+00
       2111      1.063    14.7015   2.892498     2.8706     2.8266     0.0049  0.1733785 0.0000e+00
       2112      1.030    14.7039   2.893219     2.8706     2.8266     0.0049  0.1743553 0.0000e+00
       2113      1.063    14.7050   2.893634     2.8742     2.8266     0.0049  0.1733785 0.0000e+00
       2114      0.972    14.7056   2.893862     2.8718     2.8266     0.0049  0.1733785 0.0000e+00
       2115      1.062    14.7072   2.894082     2.8718     2.8266     0.0049  0.1733785 0.0000e+00
       2116      1.029    14.7081   2.894174     2.8718     2.8266     0.0049  0.1733785 0.0000e+00
       2117      1.005    14.7036   2.893888     2.8730     2.8266     0.0049  0.1733785 0.0000e+00
       2118      1.029    14.7001   2.893290     2.8742     2.8266     0.0051  0.1733785 0.0000e+00
       2119      1.005    14.6941   2.892578     2.8742     2.8266     0.0049  0.1743553 0.0000e+00
       2120      0.972    14.6886   2.891633     2.8730     2.8266     0.0049  0.1733785 0.0000e+00
       2121      1.005    14.6852   2.890861     2.8730     2.8266     0.0048  0.1733785 0.0000e+00
       2122      0.972    14.6831   2.890300     2.8742     2.8266     0.0046  0.1728901 0.0000e+00
       2123      1.005    14.6822   2.889987     2.8742     2.8278     0.0046  0.1728901 0.0000e+00
       2124      0.972    14.6828   2.889951     2.8730     2.8278     0.0046  0.1733785 0.0000e+00
       2125      1.004    14.6831   2.890041     2.8742     2.8278     0.0046  0.1728901 0.0000e+00
       2126      0.971    14.6821   2.890006     2.8742     2.8278     0.0046  0.1733785 0.0000e+00
       2127      1.004    14.6822   2.889941     2.8755     2.8278     0.0046  0.1728901 0.0000e+00
       2128      1.029    14.6826   2.889664     2.8755     2.8278     0.0046  0.1728901 0.0000e+00
       2129      1.004    14.6823   2.889681     2.8742     2.8278     0.0046  0.1728901 0.0000e+00
       2130      0.971    14.6827   2.889722     2.8742     2.8278     0.0046  0.1728901 0.0000e+00
       2131      1.004    14.6840   2.889810     2.8742     2.8278     0.0046  0.1728901 0.0000e+00
       2132      1.029    14.6313   2.889635     2.8840     2.8278     0.0046  0.1728901 0.0000e+00
       2133      1.004    14.6878   2.889854     2.8767     2.8266     0.0046  0.1728901 0.0000e+00
       2134      1.029    14.6895   2.890185     2.8706     2.8266     0.0046  0.1728901 0.0000e+00
       2135      1.004    14.6865   2.890546     2.8742     2.8278     0.0046  0.1733785 0.0000e+00
       2136      1.029    14.6824   2.890274     2.8755     2.8266     0.0046  0.1728901 0.0000e+00
       2137      1.004    14.6800   2.889800     2.8779     2.8266     0.0046  0.1728901 0.0000e+00
       2138      1.029    14.6790   2.889465     2.8767     2.8278     0.0046  0.1733785 0.0000e+00
       2139      1.062    14.6784   2.889288     2.8755     2.8278     0.0046  0.1728901 0.0000e+00
       2140      1.095    14.6787   2.889273     2.8755     2.8278     0.0046  0.1733785 0.0000e+00
       2141      1.062    14.6799   2.889246     2.8767     2.8278     0.0046  0.1733785 0.0000e+00
       2142      1.029    14.6796   2.889416     2.8877     2.8278     0.0046  0.1728901 0.0000e+00
       2143      1.062    14.6851   2.889722     2.8742     2.8278     0.0046  0.1728901 0.0000e+00
       2144      1.029    14.6850   2.889881     2.8718     2.8278     0.0046  0.1728901 0.0000e+00
       2145      1.062    14.6837   2.889882     2.8755     2.8278     0.0046  0.1728901 0.0000e+00
       2146      1.029    14.6831   2.889630     2.8767     2.8278     0.0046  0.1724017 0.0000e+00
       2147      1.062    14.6826   2.889448     2.8791     2.8291     0.0046  0.1719133 0.0000e+00
       2148      1.029    14.6816   2.889412     2.8767     2.8278     0.0046  0.1714249 0.0000e+00
       2149      1.004    14.6809   2.889389     2.8767     2.8291     0.0046  0.1714249 0.0000e+00
       2150      0.971    14.6812   2.889418     2.8755     2.8291     0.0046  0.1714249 0.0000e+00
       2151      1.062    14.6848   2.889712     2.8779     2.8291     0.0046  0.1719133 0.0000e+00
       2152      0.971    14.6863   2.889953     2.8791     2.8291     0.0046  0.1714249 0.0000e+00
       2153      1.004    14.7039   2.889967     2.8864     2.8291     0.0046  0.1714249 0.0000e+00
       2154      0.971    14.6837   2.889731     2.8742     2.8278     0.0046  0.1714249 0.0000e+00
       2155      1.004    14.6816   2.889199     2.8742     2.8278     0.0046  0.1714249 0.0000e+00
       2156      1.028    14.6807   2.888993     2.8767     2.8291     0.0046  0.1714249 0.0000e+00
       2157      0.938    14.6808   2.889198     2.8779     2.8291     0.0046  0.1714249 0.0000e+00
       2158      1.028    14.6817   2.889360     2.8767     2.8291     0.0046  0.1714249 0.0000e+00
       2159      0.938    14.6818   2.889476     2.8767     2.8291     0.0046  0.1714249 0.0000e+00
       2160      1.028    14.6827   2.889563     2.8767     2.8291     0.0046  0.1714249 0.0000e+00
       2161      1.004    14.6833   2.889730     2.8779     2.8291     0.0046  0.1714249 0.0000e+00
       2162      0.971    14.6855   2.889931     2.8767     2.8303     0.0046  0.1714249 0.0000e+00
       2163      1.061    14.6886   2.890316     2.8755     2.8303     0.0046  0.1714249 0.0000e+00
       2164      1.028    14.6892   2.890543     2.8755     2.8303     0.0046  0.1714249 0.0000e+00
       2165      1.004    14.6883   2.890644     2.8767     2.8291     0.0046  0.1714249 0.0000e+00
       2166      0.971    14.6872   2.890377     2.8791     2.8303     0.0046  0.1714249 0.0000e+00
       2167      1.061    14.6863   2.890199     2.8767     2.8291     0.0046  0.1714249 0.0000e+00
       2168      1.028    14.6849   2.890086     2.8755     2.8291     0.0046  0.1714249 0.0000e+00
       2169      1.003    14.6835   2.889933     2.8755     2.8291     0.0046  0.1714249 0.0000e+00
       2170      1.028    14.6829   2.889827     2.8767     2.8291     0.0046  0.1714249 0.0000e+00
       2171      1.061    14.6825   2.889767     2.8767     2.8291     0.0046  0.1714249 0.0000e+00
       2172      0.970    14.6827   2.889774     2.8755     2.8291     0.0048  0.1709365 0.0000e+00
       2173      1.061    14.6827   2.889764     2.8755     2.8291     0.0048  0.1704481 0.0000e+00
       2174      1.028    14.6832   2.889799     2.8767     2.8291     0.0048  0.1699597 0.0000e+00
       2175      1.003    14.6834   2.889817     2.8791     2.8291     0.0048  0.1704481 0.0000e+00
       2176      1.028    14.6832   2.889631     2.8791     2.8291     0.0048  0.1704481 0.0000e+00
       2177      1.061    14.6831   2.889594     2.8767     2.8291     0.0048  0.1704481 0.0000e+00
       2178      1.028    14.6833   2.889600     2.8755     2.8291     0.0048  0.1704481 0.0000e+00
       2179      1.003    14.6830   2.889518     2.8767     2.8291     0.0048  0.1704481 0.0000e+00
       2180      1.094    14.6827   2.889572     2.8779     2.8291     0.0048  0.1699597 0.0000e+00
       2181      1.003    14.6820   2.889329     2.8791     2.8291     0.0048  0.1704481 0.0000e+00
       2182      1.028    14.6817   2.889307     2.8767     2.8291     0.0048  0.1704481 0.0000e+00
       2183      1.061    14.6807   2.889386     2.8767     2.8291     0.0048  0.1704481 0.0000e+00
       2184      1.028    14.6796   2.889322     2.8767     2.8291     0.0048  0.1699597 0.0000e+00
       2185      1.003    14.6790   2.889009     2.8779     2.8291     0.0048  0.1699597 0.0000e+00
       2186      1.028    14.6791   2.888917     2.8779     2.8291     0.0048  0.1699597 0.0000e+00
       2187      1.061    14.6797   2.888937     2.8767     2.8291     0.0048  0.1704481 0.0000e+00
       2188      0.970    14.6800   2.889004     2.8767     2.8291     0.0048  0.1704481 0.0000e+00
       2189      1.061    14.6798   2.889070     2.8791     2.8291     0.0048  0.1704481 0.0000e+00
       2190      0.970    14.6793   2.888982     2.8779     2.8291     0.0048  0.1699597 0.0000e+00
       2191      1.003    14.6797   2.888869     2.8767     2.8291     0.0048  0.1704481 0.0000e+00
       2192      1.028    14.6798   2.888596     2.8767     2.8291     0.0048  0.1704481 0.0000e+00
       2193      1.003    14.6799   2.888657     2.8767     2.8303     0.0048  0.1704481 0.0000e+00
       2194      0.970    14.6788   2.888884     2.8791     2.8303     0.0048  0.1704481 0.0000e+00
       2195      1.003    14.6795   2.888969     2.8779     2.8291     0.0048  0.1704481 0.0000e+00
       2196      0.970    14.6805   2.889166     2.8767     2.8303     0.0048  0.1699597 0.0000e+00
       2197      1.003    14.6821   2.889479     2.8767     2.8303     0.0048  0.1704481 0.0000e+00
       2198      0.970    14.6829   2.889744     2.8767     2.8303     0.0048  0.1714249 0.0000e+00
       2199      0.937    14.6823   2.889842     2.8779     2.8303     0.0048  0.1714249 0.0000e+00
       2200      1.027    14.6824   2.889815     2.8791     2.8303     0.0048  0.1719133 0.0000e+00
       2201      1.003    14.6836   2.889930     2.8767     2.8303     0.0048  0.1714249 0.0000e+00
       2202      1.027    14.6853   2.890117     2.8767     2.8303     0.0048  0.1714249 0.0000e+00
       2203      1.003    14.6866   2.890337     2.8767     2.8303     0.0048  0.1714249 0.0000e+00
       2204      1.027    14.6860   2.890471     2.8791     2.8303     0.0048  0.1714249 0.0000e+00
       2205      1.002    14.6848   2.890391     2.8779     2.8303     0.0048  0.1714249 0.0000e+00
       2206      1.093    14.6844   2.890171     2.8779     2.8303     0.0048  0.1714249 0.0000e+00
       2207      1.002    14.6843   2.889947     2.8767     2.8303     0.0048  0.1714249 0.0000e+00
       2208      1.093    14.6837   2.889978     2.8779     2.8303     0.0048  0.1714249 0.0000e+00
       2209      1.002    14.6841   2.889860     2.8791     2.8315     0.0048  0.1714249 0.0000e+00
       2210      1.093    14.6871   2.890009     2.8779     2.8303     0.0048  0.1714249 0.0000e+00
       2211      1.060    14.6885   2.890299     2.8791     2.8315     0.0048  0.1714249 0.0000e+00
       2212      1.027    14.6878   2.890308     2.8779     2.8315     0.0046  0.1714249 0.0000e+00
       2213      1.060    14.6868   2.890222     2.8791     2.8315     0.0048  0.1714249 0.0000e+00
       2214      1.027    14.6855   2.890082     2.8791     2.8315     0.0048  0.1714249 0.0000e+00
       2215      1.002    14.6849   2.889894     2.8791     2.8315     0.0048  0.1714249 0.0000e+00
       2216      1.027    14.6852   2.889786     2.8779     2.8303     0.0048  0.1714249 0.0000e+00
       2217      0.936    14.6849   2.889829     2.8791     2.8303     0.0048  0.1714249 0.0000e+00
       2218      1.093    14.6853   2.889913     2.8791     2.8303     0.0048  0.1714249 0.0000e+00
       2219      1.002    14.6853   2.889936     2.8791     2.8303     0.0048  0.1714249 0.0000e+00
       2220      1.027    14.6853   2.889952     2.8791     2.8303     0.0048  0.1714249 0.0000e+00
       2221      1.002    14.6853   2.890101     2.8791     2.8303     0.0048  0.1714249 0.0000e+00
       2222      1.027    14.6853   2.890008     2.8791     2.8303     0.0048  0.1719133 0.0000e+00
       2223      1.060    14.6848   2.889898     2.8803     2.8303     0.0048  0.1758205 0.0000e+00
       2224      1.027    14.6850   2.889860     2.8803     2.8303     0.0048  0.1782625 0.0000e+00
       2225      1.060    14.6848   2.889893     2.8791     2.8303     0.0048  0.1787509 0.0000e+00
       2226      1.027    14.6853   2.889994     2.8791     2.8303     0.0048  0.1782625 0.0000e+00
       2227      1.117    14.6844   2.890035     2.8791     2.8315     0.0048  0.1782625 0.0000e+00
       2228      1.027    14.6846   2.889921     2.8816     2.8315     0.0048  0.1782625 0.0000e+00
       2229      1.183    14.6858   2.889970     2.8803     2.8315     0.0048  0.1782625 0.0000e+00
       2230      1.093    14.6866   2.890100     2.8803     2.8303     0.0048  0.1782625 0.0000e+00
       2231      1.183    14.6875   2.890235     2.8791     2.8315     0.0048  0.1782625 0.0000e+00
       2232      1.150    14.6885   2.890540     2.8791     2.8303     0.0048  0.1782625 0.0000e+00
       2233      1.183    14.6900   2.890754     2.8816     2.8303     0.0048  0.1782625 0.0000e+00
       2234      1.208    14.6907   2.890965     2.8803     2.8303     0.0048  0.1782625 0.0000e+00
       2235      1.241    14.6900   2.891034     2.8803     2.8303     0.0048  0.1782625 0.0000e+00
       2236      1.208    14.6900   2.890979     2.8791     2.8303     0.0048  0.1782625 0.0000e+00
       2237      1.307    14.6898   2.890881     2.8803     2.8303     0.0048  0.1782625 0.0000e+00
       2238      1.331    14.6912   2.890980     2.8828     2.8303     0.0048  0.1782625 0.0000e+00
       2239      1.364    14.6925   2.891225     2.8803     2.8303     0.0048  0.1782625 0.0000e+00
       2240      1.397    14.6929   2.891441     2.8803     2.8303     0.0048  0.1782625 0.0000e+00
