data/2021/ctd_data_day2/station1_ctm_fil_le_der.cnv
* Sea-Bird SBE 9 Data File:
* FileName = C:\Users\CTD-User\Desktop\MAR440\day2\station1.hex
* Software Version Seasave V 7.26.2.13
* Temperature SN = 6313
* Conductivity SN = 4758
* Number of Bytes Per Scan = 37
* Number of Voltage Words = 4
* Number of Scans Averaged by the Deck Unit = 1
* NMEA Latitude = 58 20.54 N
* NMEA Longitude = 011 54.21 E
* NMEA UTC (Time) = Sep 22 2021 08:39:44
* NMEA baud rate = 4800
** Ship: Skagerak
** Station: 1
** Operator: JD
# nquan = 13                                
# nvalues = 2892                        
# units = specified
# name 0 = scan: Scan Count
# name 1 = prDM: Pressure, Digiquartz [db]
# name 2 = t090C: Temperature [ITS-90, deg C]
# name 3 = c0S/m: Conductivity [S/m]
# name 4 = sbeox0V: Oxygen raw, SBE 43 [V]
# name 5 = sbeox1V: Oxygen raw, SBE 43, 2 [V]
# name 6 = flECO-AFL: Fluorescence, WET Labs ECO-AFL/FL [mg/m^3]
# name 7 = upoly0: Upoly 0, Turbidity
# name 8 = depSM: Depth [salt water, m], lat = 58.3423
# name 9 = sal00: Salinity, Practical [PSU]
# name 10 = sbeox0ML/L: Oxygen, SBE 43 [ml/l], WS = 2
# name 11 = sbeox1ML/L: Oxygen, SBE 43, 2 [ml/l], WS = 2
# name 12 = flag: flag
# span 0 =          1,       2892       
# span 1 =      0.662,     14.120       
# span 2 =    12.5087,    16.0451       
# span 3 =   2.902689,   3.378989       
# span 4 =     1.6507,     2.8491       
# span 5 =     1.6122,     2.7286       
# span 6 =     0.0046,     0.0064       
# span 7 =  0.0929525,  0.1908770       
# span 8 =      0.656,     13.988       
# span 9 =    22.7122,    28.6172       
# span 10 =     3.0032,     6.9789      
# span 11 =     2.6272,     5.8483      
# span 12 = 0.0000e+00, 0.0000e+00      
# interval = seconds: 0.0416667
# start_time = Sep 22 2021 08:39:44 [NMEA time, header]
# bad_flag = -9.990e-29
*END*
[from data line 2334]
       2335      4.233    15.3188   2.983846     2.7954     2.6784     0.0053  0.1760456      4.194    23.1917     6.6995     5.5529 0.0000e+00
       2336      4.251    15.3186   2.983805     2.7951     2.6780     0.0053  0.1761080      4.211    23.1915     6.6979     5.5515 0.0000e+00
       2337      4.268    15.3183   2.983774     2.7949     2.6775     0.0053  0.1761860      4.228    23.1914     6.6964     5.5499 0.0000e+00
       2338      4.286    15.3182   2.983752     2.7946     2.6771     0.0053  0.1762793      4.246    23.1912     6.6946     5.5485 0.0000e+00
       2339      4.304    15.3181   2.983744     2.7944     2.6766     0.0053  0.1763818      4.264    23.1912     6.6930     5.5470 0.0000e+00
       2340      4.322    15.3182   2.983756     2.7941     2.6762     0.0053  0.1764804      4.282    23.1913     6.6911     5.5457 0.0000e+00
       2341      4.340    15.3185   2.983794     2.7938     2.6757     0.0053  0.1765659      4.300    23.1914     6.6891     5.5441 0.0000e+00
       2342      4.358    15.3189   2.983862     2.7934     2.6753     0.0053  0.1766370      4.317    23.1917     6.6867     5.5429 0.0000e+00
       2343      4.376    15.3195   2.983958     2.7931     2.6748     0.0053  0.1766959      4.335    23.1922     6.6846     5.5414 0.0000e+00
       2344      4.394    15.3201   2.984069     2.7927     2.6744     0.0051  0.1767440      4.353    23.1928     6.6821     5.5402 0.0000e+00
       2345      4.412    15.3207   2.984182     2.7924     2.6739     0.0053  0.1767815      4.371    23.1934     6.6799     5.5388 0.0000e+00
       2346      4.429    15.3211   2.984288     2.7920     2.6735     0.0053  0.1768087      4.388    23.1941     6.6775     5.5376 0.0000e+00
       2347      4.447    15.3215   2.984380     2.7916     2.6730     0.0053  0.1768257      4.406    23.1946     6.6750     5.5363 0.0000e+00
       2348      4.465    15.3217   2.984454     2.7912     2.6726     0.0053  0.1768328      4.423    23.1951     6.6726     5.5353 0.0000e+00
       2349      4.483    15.3217   2.984504     2.7907     2.6721     0.0053  0.1768299      4.441    23.1956     6.6698     5.5342 0.0000e+00
       2350      4.501    15.3214   2.984528     2.7903     2.6717     0.0053  0.1768171      4.459    23.1959     6.6675     5.5333 0.0000e+00
       2351      4.518    15.3210   2.984522     2.7898     2.6712     0.0053  0.1767942      4.476    23.1961     6.6649     5.5323 0.0000e+00
       2352      4.536    15.3204   2.984486     2.7893     2.6708     0.0053  0.1767610      4.494    23.1962     6.6624     5.5316 0.0000e+00
       2353      4.554    15.3197   2.984426     2.7889     2.6703     0.0053  0.1767175      4.512    23.1960     6.6603     5.5306 0.0000e+00
       2354      4.572    15.3190   2.984352     2.7884     2.6699     0.0053  0.1766632      4.529    23.1958     6.6579     5.5300 0.0000e+00
       2355      4.589    15.3183   2.984277     2.7878     2.6694     0.0053  0.1765978      4.546    23.1956     6.6552     5.5291 0.0000e+00
       2356      4.607    15.3177   2.984206     2.7873     2.6690     0.0053  0.1765207      4.564    23.1953     6.6528     5.5285 0.0000e+00
       2357      4.625    15.3172   2.984143     2.7868     2.6686     0.0053  0.1764316      4.582    23.1951     6.6505     5.5279 0.0000e+00
       2358      4.642    15.3169   2.984097     2.7863     2.6682     0.0053  0.1763297      4.599    23.1949     6.6483     5.5273 0.0000e+00
       2359      4.660    15.3168   2.984073     2.7857     2.6677     0.0053  0.1762144      4.617    23.1947     6.6458     5.5265 0.0000e+00
       2360      4.677    15.3169   2.984080     2.7852     2.6673     0.0053  0.1760849      4.633    23.1947     6.6435     5.5259 0.0000e+00
       2361      4.695    15.3173   2.984124     2.7846     2.6669     0.0053  0.1759402      4.651    23.1948     6.6410     5.5253 0.0000e+00
       2362      4.712    15.3181   2.984211     2.7841     2.6665     0.0053  0.1757793      4.668    23.1951     6.6388     5.5246 0.0000e+00
       2363      4.730    15.3190   2.984341     2.7835     2.6661     0.0053  0.1756012      4.686    23.1957     6.6364     5.5240 0.0000e+00
       2364      4.747    15.3201   2.984503     2.7830     2.6658     0.0055  0.1754079      4.703    23.1964     6.6343     5.5235 0.0000e+00
       2365      4.764    15.3213   2.984684     2.7824     2.6654     0.0055  0.1752092      4.720    23.1973     6.6320     5.5228 0.0000e+00
       2366      4.782    15.3225   2.984872     2.7819     2.6650     0.0055  0.1750165      4.737    23.1982     6.6301     5.5222 0.0000e+00
       2367      4.799    15.3236   2.985064     2.7813     2.6647     0.0055  0.1748343      4.754    23.1991     6.6279     5.5218 0.0000e+00
       2368      4.816    15.3249   2.985265     2.7808     2.6643     0.0055  0.1746623      4.771    23.2001     6.6260     5.5211 0.0000e+00
       2369      4.833    15.3263   2.985487     2.7802     2.6640     0.0055  0.1744991      4.788    23.2012     6.6239     5.5207 0.0000e+00
       2370      4.850    15.3279   2.985741     2.7797     2.6636     0.0055  0.1743438      4.805    23.2024     6.6222     5.5200 0.0000e+00
       2371      4.867    15.3297   2.986032     2.7791     2.6633     0.0055  0.1741952      4.822    23.2038     6.6201     5.5195 0.0000e+00
       2372      4.884    15.3317   2.986361     2.7786     2.6630     0.0055  0.1740514      4.839    23.2055     6.6184     5.5190 0.0000e+00
       2373      4.901    15.3338   2.986716     2.7780     2.6627     0.0055  0.1739106      4.855    23.2073     6.6165     5.5185 0.0000e+00
       2374      4.918    15.3359   2.987088     2.7775     2.6623     0.0055  0.1737726      4.872    23.2092     6.6149     5.5177 0.0000e+00
       2375      4.935    15.3382   2.987471     2.7770     2.6620     0.0055  0.1736374      4.889    23.2111     6.6133     5.5173 0.0000e+00
       2376      4.952    15.3405   2.987867     2.7764     2.6617     0.0055  0.1735040      4.906    23.2132     6.6115     5.5168 0.0000e+00
       2377      4.969    15.3430   2.988283     2.7759     2.6614     0.0055  0.1733715      4.923    23.2153     6.6100     5.5163 0.0000e+00
       2378      4.986    15.3457   2.988720     2.7754     2.6611     0.0055  0.1732389      4.940    23.2174     6.6085     5.5157 0.0000e+00
       2379      5.003    15.3484   2.989176     2.7748     2.6608     0.0055  0.1731053      4.956    23.2197     6.6068     5.5152 0.0000e+00
       2380      5.020    15.3510   2.989642     2.7743     2.6605     0.0055  0.1729699      4.973    23.2222     6.6053     5.5147 0.0000e+00
       2381      5.036    15.3537   2.990110     2.7738     2.6602     0.0055  0.1728316      4.989    23.2246     6.6040     5.5142 0.0000e+00
       2382      5.053    15.3564   2.990577     2.7733     2.6599     0.0055  0.1726886      5.006    23.2270     6.6026     5.5137 0.0000e+00
       2383      5.070    15.3590   2.991043     2.7728     2.6596     0.0055  0.1725392      5.023    23.2294     6.6014     5.5132 0.0000e+00
       2384      5.087    15.3617   2.991507     2.7722     2.6593     0.0055  0.1723830      5.040    23.2318     6.5998     5.5128 0.0000e+00
       2385      5.104    15.3643   2.991967     2.7717     2.6590     0.0055  0.1722200      5.056    23.2342     6.5986     5.5123 0.0000e+00
       2386      5.121    15.3669   2.992421     2.7713     2.6587     0.0055  0.1720489      5.073    23.2366     6.5977     5.5119 0.0000e+00
       2387      5.138    15.3695   2.992868     2.7708     2.6585     0.0055  0.1718685      5.090    23.2388     6.5966     5.5117 0.0000e+00
       2388      5.154    15.3719   2.993308     2.7703     2.6582     0.0055  0.1716768      5.106    23.2412     6.5955     5.5113 0.0000e+00
       2389      5.171    15.3744   2.993742     2.7698     2.6579     0.0055  0.1714715      5.123    23.2434     6.5945     5.5110 0.0000e+00
       2390      5.187    15.3768   2.994174     2.7693     2.6577     0.0053  0.1712572      5.139    23.2457     6.5935     5.5109 0.0000e+00
       2391      5.204    15.3793   2.994609     2.7689     2.6574     0.0053  0.1710460      5.156    23.2480     6.5928     5.5105 0.0000e+00
       2392      5.221    15.3817   2.995048     2.7684     2.6572     0.0053  0.1708466      5.172    23.2503     6.5918     5.5104 0.0000e+00
       2393      5.237    15.3842   2.995495     2.7680     2.6570     0.0053  0.1706602      5.188    23.2526     6.5911     5.5104 0.0000e+00
       2394      5.254    15.3868   2.995948     2.7675     2.6567     0.0053  0.1704854      5.205    23.2550     6.5901     5.5100 0.0000e+00
       2395      5.270    15.3893   2.996408     2.7671     2.6565     0.0053  0.1703211      5.221    23.2574     6.5895     5.5099 0.0000e+00
       2396      5.287    15.3918   2.996873     2.7667     2.6563     0.0053  0.1701652      5.238    23.2599     6.5888     5.5098 0.0000e+00
       2397      5.303    15.3944   2.997344     2.7663     2.6561     0.0053  0.1700151      5.254    23.2624     6.5881     5.5097 0.0000e+00
       2398      5.320    15.3971   2.997823     2.7659     2.6559     0.0053  0.1698695      5.270    23.2649     6.5874     5.5096 0.0000e+00
       2399      5.336    15.3998   2.998315     2.7655     2.6558     0.0053  0.1697293      5.286    23.2675     6.5867     5.5097 0.0000e+00
       2400      5.352    15.4025   2.998818     2.7651     2.6556     0.0053  0.1695942      5.302    23.2702     6.5859     5.5095 0.0000e+00
       2401      5.369    15.4052   2.999328     2.7647     2.6555     0.0053  0.1694626      5.319    23.2730     6.5852     5.5096 0.0000e+00
       2402      5.385    15.4079   2.999842     2.7643     2.6553     0.0053  0.1693326      5.335    23.2758     6.5844     5.5094 0.0000e+00
       2403      5.402    15.4104   3.000352     2.7640     2.6552     0.0053  0.1692042      5.352    23.2787     6.5839     5.5095 0.0000e+00
       2404      5.418    15.4128   3.000852     2.7636     2.6551     0.0053  0.1690773      5.368    23.2816     6.5831     5.5095 0.0000e+00
       2405      5.434    15.4151   3.001341     2.7633     2.6550     0.0053  0.1689503      5.383    23.2844     6.5826     5.5095 0.0000e+00
       2406      5.451    15.4173   3.001826     2.7630     2.6549     0.0053  0.1688204      5.400    23.2872     6.5821     5.5096 0.0000e+00
       2407      5.467    15.4197   3.002316     2.7626     2.6548     0.0053  0.1686861      5.416    23.2900     6.5813     5.5095 0.0000e+00
       2408      5.483    15.4221   3.002821     2.7623     2.6548     0.0053  0.1685471      5.432    23.2929     6.5806     5.5097 0.0000e+00
       2409      5.499    15.4248   3.003350     2.7621     2.6547     0.0053  0.1684042      5.448    23.2958     6.5802     5.5095 0.0000e+00
       2410      5.515    15.4276   3.003909     2.7618     2.6547     0.0053  0.1682565      5.464    23.2989     6.5793     5.5096 0.0000e+00
       2411      5.531    15.4307   3.004508     2.7615     2.6546     0.0053  0.1681020      5.480    23.3022     6.5784     5.5093 0.0000e+00
       2412      5.547    15.4341   3.005154     2.7612     2.6546     0.0053  0.1679405      5.495    23.3057     6.5775     5.5092 0.0000e+00
       2413      5.563    15.4378   3.005852     2.7610     2.6545     0.0053  0.1677718      5.511    23.3095     6.5767     5.5087 0.0000e+00
       2414      5.579    15.4418   3.006606     2.7607     2.6545     0.0053  0.1675947      5.527    23.3136     6.5754     5.5083 0.0000e+00
       2415      5.595    15.4462   3.007425     2.7605     2.6544     0.0053  0.1674096      5.543    23.3180     6.5744     5.5077 0.0000e+00
       2416      5.610    15.4510   3.008313     2.7602     2.6544     0.0053  0.1672195      5.558    23.3227     6.5729     5.5071 0.0000e+00
       2417      5.626    15.4562   3.009275     2.7599     2.6544     0.0053  0.1670265      5.574    23.3279     6.5713     5.5065 0.0000e+00
       2418      5.642    15.4618   3.010316     2.7597     2.6543     0.0053  0.1668309      5.589    23.3335     6.5699     5.5055 0.0000e+00
       2419      5.658    15.4679   3.011440     2.7594     2.6543     0.0053  0.1666331      5.605    23.3395     6.5680     5.5046 0.0000e+00
       2420      5.673    15.4745   3.012650     2.7591     2.6542     0.0053  0.1664325      5.620    23.3459     6.5659     5.5034 0.0000e+00
       2421      5.689    15.4815   3.013948     2.7588     2.6542     0.0053  0.1662278      5.636    23.3528     6.5638     5.5023 0.0000e+00
       2422      5.705    15.4889   3.015337     2.7586     2.6541     0.0053  0.1660175      5.652    23.3603     6.5618     5.5009 0.0000e+00
       2423      5.720    15.4969   3.016819     2.7583     2.6540     0.0053  0.1657993      5.667    23.3683     6.5594     5.4993 0.0000e+00
       2424      5.736    15.5054   3.018402     2.7580     2.6540     0.0053  0.1655700      5.683    23.3767     6.5568     5.4978 0.0000e+00
       2425      5.751    15.5145   3.020091     2.7577     2.6539     0.0053  0.1653271      5.697    23.3858     6.5541     5.4960 0.0000e+00
       2426      5.767    15.5240   3.021887     2.7575     2.6538     0.0053  0.1650699      5.713    23.3955     6.5516     5.4941 0.0000e+00
       2427      5.782    15.5340   3.023787     2.7572     2.6538     0.0051  0.1647982      5.728    23.4058     6.5486     5.4924 0.0000e+00
       2428      5.798    15.5445   3.025784     2.7569     2.6537     0.0053  0.1645101      5.744    23.4166     6.5456     5.4903 0.0000e+00
       2429      5.813    15.5554   3.027874     2.7566     2.6536     0.0053  0.1642019      5.759    23.4280     6.5424     5.4881 0.0000e+00
       2430      5.829    15.5667   3.030059     2.7563     2.6535     0.0053  0.1638715      5.775    23.4399     6.5391     5.4858 0.0000e+00
       2431      5.844    15.5785   3.032339     2.7560     2.6534     0.0053  0.1635175      5.790    23.4524     6.5357     5.4835 0.0000e+00
       2432      5.860    15.5905   3.034708     2.7556     2.6533     0.0053  0.1631365      5.805    23.4655     6.5319     5.4811 0.0000e+00
       2433      5.875    15.6027   3.037151     2.7553     2.6532     0.0053  0.1627258      5.820    23.4790     6.5284     5.4786 0.0000e+00
       2434      5.890    15.6150   3.039660     2.7550     2.6531     0.0053  0.1622844      5.835    23.4931     6.5249     5.4761 0.0000e+00
       2435      5.906    15.6277   3.042243     2.7546     2.6529     0.0053  0.1618100      5.851    23.5076     6.5210     5.4734 0.0000e+00
       2436      5.921    15.6407   3.044916     2.7543     2.6528     0.0053  0.1612992      5.866    23.5226     6.5172     5.4708 0.0000e+00
       2437      5.936    15.6540   3.047683     2.7539     2.6526     0.0053  0.1607486      5.881    23.5383     6.5132     5.4679 0.0000e+00
       2438      5.951    15.6676   3.050519     2.7535     2.6525     0.0053  0.1601535      5.896    23.5544     6.5091     5.4652 0.0000e+00
       2439      5.967    15.6811   3.053375     2.7532     2.6523     0.0053  0.1595088      5.911    23.5707     6.5052     5.4623 0.0000e+00
       2440      5.982    15.6943   3.056200     2.7528     2.6522     0.0053  0.1588118      5.926    23.5869     6.5011     5.4596 0.0000e+00
       2441      5.998    15.7071   3.058949     2.7524     2.6520     0.0053  0.1580788      5.942    23.6026     6.4971     5.4568 0.0000e+00
       2442      6.013    15.7192   3.061589     2.7520     2.6518     0.0053  0.1573524      5.957    23.6179     6.4932     5.4541 0.0000e+00
       2443      6.028    15.7306   3.064097     2.7516     2.6517     0.0053  0.1566657      5.972    23.6324     6.4893     5.4518 0.0000e+00
       2444      6.043    15.7413   3.066464     2.7512     2.6515     0.0053  0.1560242      5.987    23.6462     6.4856     5.4493 0.0000e+00
