data/2021/ctd_data_day2/station4_ctm_fil.cnv
* Sea-Bird SBE 9 Data File:
* FileName = C:\Users\CTD-User\Desktop\MAR440\day2\station4.hex
* Software Version Seasave V 7.26.2.13
* Temperature SN = 6313
* Conductivity SN = 4758
* Number of Bytes Per Scan = 37
* Number of Voltage Words = 4
* Number of Scans Averaged by the Deck Unit = 1
* NMEA Latitude = 58 19.41 N
* NMEA Longitude = 011 50.05 E
* NMEA UTC (Time) = Sep 22 2021 10:00:00
* NMEA baud rate = 4800
** Ship: Skagerrak
** Station: station4
** Operator: group2green
# nquan = 9
# nvalues = 2885                        
# units = specified
# name 0 = scan: Scan Count
# name 1 = prDM: Pressure, Digiquartz [db]
# name 2 = t090C: Temperature [ITS-90, deg C]
# name 3 = c0S/m: Conductivity [S/m]
# name 4 = sbeox0V: Oxygen raw, SBE 43 [V]
# name 5 = sbeox1V: Oxygen raw, SBE 43, 2 [V]
# name 6 = flECO-AFL: Fluorescence, WET Labs ECO-AFL/FL [mg/m^3]
# name 7 = upoly0: Upoly 0, Turbidity
# name 8 = flag:  0.000e+00
# span 0 =          1,       2885       
# span 1 =      1.014,     14.941       
# span 2 =    13.2524,    16.0381       
# span 3 =   2.889518,   3.419945       
# span 4 =     1.5512,     2.8831       
# span 5 =     1.5676,     2.8305       
# span 6 =     0.0040,     0.0060       
# span 7 =  0.0914191,  0.1845063       
# span 8 = 0.0000e+00, 0.0000e+00       
# interval = seconds: 0.0416667
# start_time = Sep 22 2021 10:00:00 [NMEA time, header]
# bad_flag = -9.990e-29
*END*
[from data line 2241]
       2242      1.452    14.7174   2.895263     2.8810     2.8299     0.0048  0.1776372 0.0000e+00
       2243      1.473    14.7198   2.895661     2.8811     2.8299     0.0048  0.1776991 0.0000e+00
       2244      1.494    14.7224   2.896085     2.8812     2.8298     0.0048  0.1777570 0.0000e+00
       2245      1.514    14.7251   2.896537     2.8812     2.8298     0.0048  0.1778115 0.0000e+00
       2246      1.535    14.7280   2.897013     2.8813     2.8297     0.0048  0.1778628 0.0000e+00
       2247      1.556    14.7309   2.897507     2.8813     2.8297     0.0048  0.1779113 0.0000e+00
       2248      1.577    14.7338   2.898010     2.8814     2.8296     0.0049  0.1779574 0.0000e+00
       2249      1.598    14.7366   2.898509     2.8815     2.8296     0.0051  0.1780022 0.0000e+00
       2250      1.619    14.7394   2.899000     2.8816     2.8295     0.0051  0.1780486 0.0000e+00
       2251      1.640    14.7421   2.899479     2.8816     2.8295     0.0051  0.1780994 0.0000e+00
       2252      1.661    14.7447   2.899945     2.8817     2.8294     0.0051  0.1781559 0.0000e+00
       2253      1.682    14.7472   2.900397     2.8818     2.8293     0.0051  0.1782185 0.0000e+00
       2254      1.703    14.7496   2.900829     2.8818     2.8293     0.0053  0.1782876 0.0000e+00
       2255      1.724    14.7518   2.901236     2.8819     2.8292     0.0051  0.1783636 0.0000e+00
       2256      1.746    14.7538   2.901613     2.8819     2.8291     0.0051  0.1784471 0.0000e+00
       2257      1.767    14.7556   2.901960     2.8820     2.8290     0.0051  0.1785387 0.0000e+00
       2258      1.788    14.7572   2.902277     2.8820     2.8290     0.0051  0.1786390 0.0000e+00
       2259      1.809    14.7587   2.902567     2.8821     2.8289     0.0051  0.1787488 0.0000e+00
       2260      1.831    14.7600   2.902834     2.8821     2.8288     0.0051  0.1788687 0.0000e+00
       2261      1.852    14.7613   2.903080     2.8822     2.8287     0.0051  0.1789979 0.0000e+00
       2262      1.873    14.7625   2.903310     2.8822     2.8286     0.0051  0.1791356 0.0000e+00
       2263      1.895    14.7637   2.903528     2.8822     2.8285     0.0051  0.1792845 0.0000e+00
       2264      1.916    14.7648   2.903736     2.8823     2.8284     0.0051  0.1794473 0.0000e+00
       2265      1.938    14.7658   2.903936     2.8823     2.8284     0.0051  0.1796252 0.0000e+00
       2266      1.959    14.7668   2.904125     2.8824     2.8283     0.0051  0.1798193 0.0000e+00
       2267      1.981    14.7677   2.904304     2.8824     2.8282     0.0051  0.1800311 0.0000e+00
       2268      2.002    14.7686   2.904472     2.8825     2.8281     0.0051  0.1802619 0.0000e+00
       2269      2.024    14.7693   2.904627     2.8825     2.8280     0.0051  0.1805135 0.0000e+00
       2270      2.045    14.7701   2.904771     2.8826     2.8279     0.0051  0.1807875 0.0000e+00
       2271      2.067    14.7707   2.904902     2.8826     2.8278     0.0051  0.1810859 0.0000e+00
       2272      2.088    14.7713   2.905020     2.8827     2.8278     0.0051  0.1814107 0.0000e+00
       2273      2.110    14.7718   2.905125     2.8827     2.8277     0.0051  0.1817642 0.0000e+00
       2274      2.131    14.7723   2.905220     2.8828     2.8276     0.0057  0.1821378 0.0000e+00
       2275      2.152    14.7728   2.905307     2.8828     2.8275     0.0060  0.1825052 0.0000e+00
       2276      2.174    14.7732   2.905387     2.8828     2.8274     0.0060  0.1828427 0.0000e+00
       2277      2.195    14.7735   2.905459     2.8829     2.8273     0.0060  0.1831433 0.0000e+00
       2278      2.217    14.7738   2.905523     2.8829     2.8272     0.0060  0.1834090 0.0000e+00
       2279      2.239    14.7741   2.905579     2.8830     2.8272     0.0060  0.1836426 0.0000e+00
       2280      2.260    14.7743   2.905625     2.8830     2.8271     0.0060  0.1838456 0.0000e+00
       2281      2.282    14.7745   2.905659     2.8830     2.8270     0.0060  0.1840195 0.0000e+00
       2282      2.304    14.7745   2.905680     2.8830     2.8269     0.0060  0.1841656 0.0000e+00
       2283      2.326    14.7745   2.905684     2.8830     2.8269     0.0060  0.1842847 0.0000e+00
       2284      2.348    14.7743   2.905667     2.8830     2.8268     0.0060  0.1843778 0.0000e+00
       2285      2.370    14.7739   2.905630     2.8831     2.8267     0.0060  0.1844455 0.0000e+00
       2286      2.391    14.7735   2.905575     2.8831     2.8267     0.0060  0.1844882 0.0000e+00
       2287      2.413    14.7730   2.905508     2.8831     2.8266     0.0060  0.1845063 0.0000e+00
       2288      2.435    14.7725   2.905432     2.8830     2.8265     0.0059  0.1844999 0.0000e+00
       2289      2.457    14.7720   2.905352     2.8830     2.8265     0.0060  0.1844689 0.0000e+00
       2290      2.479    14.7715   2.905271     2.8830     2.8264     0.0060  0.1844131 0.0000e+00
       2291      2.502    14.7709   2.905190     2.8830     2.8263     0.0060  0.1843322 0.0000e+00
       2292      2.524    14.7704   2.905112     2.8830     2.8263     0.0060  0.1842255 0.0000e+00
       2293      2.546    14.7700   2.905039     2.8829     2.8262     0.0060  0.1840924 0.0000e+00
       2294      2.568    14.7695   2.904975     2.8829     2.8261     0.0060  0.1839319 0.0000e+00
       2295      2.590    14.7692   2.904920     2.8828     2.8260     0.0060  0.1837428 0.0000e+00
       2296      2.613    14.7689   2.904877     2.8828     2.8260     0.0060  0.1835240 0.0000e+00
       2297      2.635    14.7687   2.904849     2.8827     2.8259     0.0060  0.1832738 0.0000e+00
       2298      2.657    14.7686   2.904837     2.8827     2.8258     0.0060  0.1829905 0.0000e+00
       2299      2.679    14.7685   2.904840     2.8826     2.8257     0.0059  0.1826764 0.0000e+00
       2300      2.702    14.7686   2.904859     2.8825     2.8256     0.0055  0.1823479 0.0000e+00
       2301      2.724    14.7687   2.904892     2.8825     2.8255     0.0055  0.1820309 0.0000e+00
       2302      2.746    14.7689   2.904938     2.8824     2.8254     0.0055  0.1817393 0.0000e+00
       2303      2.768    14.7692   2.904996     2.8823     2.8252     0.0055  0.1814727 0.0000e+00
       2304      2.791    14.7695   2.905066     2.8822     2.8251     0.0055  0.1812285 0.0000e+00
       2305      2.813    14.7699   2.905146     2.8821     2.8250     0.0055  0.1810048 0.0000e+00
       2306      2.835    14.7703   2.905235     2.8820     2.8249     0.0055  0.1808003 0.0000e+00
       2307      2.857    14.7707   2.905333     2.8818     2.8247     0.0055  0.1806134 0.0000e+00
       2308      2.879    14.7711   2.905436     2.8817     2.8246     0.0055  0.1804429 0.0000e+00
       2309      2.901    14.7715   2.905544     2.8816     2.8244     0.0055  0.1802875 0.0000e+00
       2310      2.923    14.7720   2.905657     2.8814     2.8243     0.0055  0.1801462 0.0000e+00
       2311      2.945    14.7725   2.905775     2.8813     2.8241     0.0055  0.1800180 0.0000e+00
       2312      2.967    14.7730   2.905899     2.8811     2.8240     0.0055  0.1799020 0.0000e+00
       2313      2.989    14.7736   2.906028     2.8810     2.8238     0.0055  0.1797975 0.0000e+00
       2314      3.011    14.7741   2.906163     2.8808     2.8237     0.0055  0.1797036 0.0000e+00
       2315      3.033    14.7747   2.906305     2.8807     2.8235     0.0055  0.1796197 0.0000e+00
       2316      3.055    14.7754   2.906454     2.8805     2.8233     0.0055  0.1795453 0.0000e+00
       2317      3.077    14.7760   2.906608     2.8804     2.8232     0.0055  0.1794798 0.0000e+00
       2318      3.099    14.7767   2.906766     2.8802     2.8230     0.0055  0.1794228 0.0000e+00
       2319      3.121    14.7773   2.906925     2.8801     2.8228     0.0055  0.1793738 0.0000e+00
       2320      3.143    14.7779   2.907083     2.8799     2.8226     0.0055  0.1793326 0.0000e+00
       2321      3.166    14.7785   2.907242     2.8797     2.8224     0.0055  0.1792988 0.0000e+00
       2322      3.188    14.7792   2.907407     2.8796     2.8223     0.0055  0.1792722 0.0000e+00
       2323      3.210    14.7799   2.907586     2.8794     2.8221     0.0055  0.1792527 0.0000e+00
       2324      3.232    14.7810   2.907787     2.8793     2.8219     0.0055  0.1792400 0.0000e+00
       2325      3.254    14.7827   2.908013     2.8791     2.8217     0.0053  0.1792333 0.0000e+00
       2326      3.276    14.7847   2.908257     2.8789     2.8215     0.0053  0.1792300 0.0000e+00
       2327      3.298    14.7866   2.908511     2.8787     2.8213     0.0053  0.1792274 0.0000e+00
       2328      3.320    14.7885   2.908771     2.8786     2.8212     0.0053  0.1792247 0.0000e+00
       2329      3.343    14.7904   2.909035     2.8784     2.8210     0.0053  0.1792220 0.0000e+00
       2330      3.365    14.7923   2.909305     2.8783     2.8208     0.0053  0.1792191 0.0000e+00
       2331      3.386    14.7942   2.909581     2.8781     2.8207     0.0053  0.1792161 0.0000e+00
       2332      3.408    14.7961   2.909864     2.8779     2.8205     0.0053  0.1792129 0.0000e+00
       2333      3.430    14.7979   2.910151     2.8778     2.8203     0.0053  0.1792096 0.0000e+00
       2334      3.452    14.7998   2.910439     2.8776     2.8202     0.0055  0.1792060 0.0000e+00
       2335      3.474    14.8016   2.910724     2.8775     2.8200     0.0053  0.1792022 0.0000e+00
       2336      3.497    14.8034   2.911004     2.8773     2.8198     0.0053  0.1791981 0.0000e+00
       2337      3.519    14.8051   2.911278     2.8771     2.8197     0.0053  0.1791938 0.0000e+00
       2338      3.541    14.8067   2.911544     2.8770     2.8195     0.0053  0.1791892 0.0000e+00
       2339      3.563    14.8082   2.911800     2.8769     2.8194     0.0053  0.1791841 0.0000e+00
       2340      3.585    14.8096   2.912046     2.8767     2.8192     0.0053  0.1791788 0.0000e+00
       2341      3.607    14.8109   2.912280     2.8766     2.8191     0.0053  0.1791729 0.0000e+00
       2342      3.629    14.8122   2.912502     2.8765     2.8189     0.0053  0.1791667 0.0000e+00
       2343      3.651    14.8133   2.912709     2.8764     2.8188     0.0053  0.1791599 0.0000e+00
       2344      3.673    14.8143   2.912900     2.8762     2.8186     0.0053  0.1791526 0.0000e+00
       2345      3.695    14.8153   2.913076     2.8761     2.8185     0.0053  0.1791446 0.0000e+00
       2346      3.717    14.8162   2.913240     2.8760     2.8184     0.0053  0.1791360 0.0000e+00
       2347      3.739    14.8171   2.913398     2.8759     2.8182     0.0053  0.1791267 0.0000e+00
       2348      3.761    14.8179   2.913553     2.8758     2.8181     0.0053  0.1791166 0.0000e+00
       2349      3.783    14.8188   2.913708     2.8757     2.8180     0.0053  0.1791057 0.0000e+00
       2350      3.805    14.8197   2.913863     2.8757     2.8178     0.0053  0.1790938 0.0000e+00
       2351      3.827    14.8206   2.914018     2.8756     2.8177     0.0055  0.1790809 0.0000e+00
       2352      3.849    14.8216   2.914178     2.8755     2.8176     0.0055  0.1790669 0.0000e+00
       2353      3.871    14.8226   2.914345     2.8755     2.8175     0.0055  0.1790517 0.0000e+00
       2354      3.893    14.8237   2.914524     2.8754     2.8174     0.0055  0.1790352 0.0000e+00
       2355      3.915    14.8248   2.914716     2.8753     2.8173     0.0055  0.1790173 0.0000e+00
       2356      3.937    14.8260   2.914924     2.8753     2.8172     0.0055  0.1789979 0.0000e+00
       2357      3.959    14.8274   2.915150     2.8752     2.8171     0.0055  0.1789767 0.0000e+00
       2358      3.981    14.8288   2.915394     2.8752     2.8171     0.0055  0.1789538 0.0000e+00
       2359      4.003    14.8303   2.915658     2.8751     2.8170     0.0053  0.1789288 0.0000e+00
       2360      4.025    14.8320   2.915942     2.8751     2.8169     0.0053  0.1789017 0.0000e+00
       2361      4.047    14.8338   2.916249     2.8750     2.8168     0.0055  0.1788723 0.0000e+00
       2362      4.069    14.8356   2.916577     2.8750     2.8167     0.0055  0.1788402 0.0000e+00
       2363      4.091    14.8375   2.916919     2.8749     2.8166     0.0055  0.1788055 0.0000e+00
       2364      4.113    14.8394   2.917266     2.8749     2.8166     0.0055  0.1787676 0.0000e+00
       2365      4.135    14.8411   2.917611     2.8749     2.8165     0.0055  0.1787266 0.0000e+00
       2366      4.157    14.8428   2.917948     2.8748     2.8164     0.0055  0.1786819 0.0000e+00
       2367      4.179    14.8444   2.918272     2.8748     2.8163     0.0055  0.1786334 0.0000e+00
       2368      4.201    14.8459   2.918582     2.8748     2.8162     0.0055  0.1785806 0.0000e+00
       2369      4.222    14.8473   2.918877     2.8747     2.8162     0.0055  0.1785233 0.0000e+00
       2370      4.244    14.8486   2.919156     2.8747     2.8161     0.0055  0.1784610 0.0000e+00
       2371      4.266    14.8498   2.919419     2.8746     2.8160     0.0055  0.1783933 0.0000e+00
       2372      4.288    14.8510   2.919667     2.8746     2.8159     0.0055  0.1783197 0.0000e+00
       2373      4.310    14.8520   2.919902     2.8746     2.8158     0.0055  0.1782397 0.0000e+00
       2374      4.332    14.8529   2.920122     2.8745     2.8157     0.0055  0.1781527 0.0000e+00
       2375      4.353    14.8538   2.920329     2.8745     2.8157     0.0055  0.1780582 0.0000e+00
       2376      4.375    14.8546   2.920521     2.8745     2.8156     0.0055  0.1779580 0.0000e+00
       2377      4.397    14.8553   2.920701     2.8744     2.8155     0.0055  0.1778574 0.0000e+00
       2378      4.419    14.8560   2.920870     2.8744     2.8154     0.0053  0.1777607 0.0000e+00
       2379      4.440    14.8566   2.921031     2.8743     2.8153     0.0053  0.1776700 0.0000e+00
       2380      4.462    14.8572   2.921188     2.8743     2.8152     0.0053  0.1775853 0.0000e+00
       2381      4.484    14.8577   2.921339     2.8743     2.8151     0.0053  0.1775060 0.0000e+00
       2382      4.506    14.8583   2.921487     2.8742     2.8150     0.0053  0.1774326 0.0000e+00
       2383      4.527    14.8591   2.921631     2.8742     2.8149     0.0053  0.1773652 0.0000e+00
       2384      4.549    14.8599   2.921770     2.8741     2.8148     0.0053  0.1773027 0.0000e+00
       2385      4.571    14.8607   2.921903     2.8741     2.8147     0.0053  0.1772437 0.0000e+00
       2386      4.593    14.8614   2.922029     2.8740     2.8146     0.0053  0.1771878 0.0000e+00
       2387      4.615    14.8621   2.922149     2.8740     2.8145     0.0053  0.1771338 0.0000e+00
       2388      4.637    14.8628   2.922263     2.8740     2.8144     0.0053  0.1770804 0.0000e+00
       2389      4.659    14.8634   2.922374     2.8739     2.8143     0.0053  0.1770272 0.0000e+00
       2390      4.680    14.8640   2.922483     2.8739     2.8142     0.0053  0.1769740 0.0000e+00
       2391      4.702    14.8646   2.922590     2.8738     2.8141     0.0053  0.1769212 0.0000e+00
       2392      4.724    14.8652   2.922696     2.8738     2.8140     0.0053  0.1768692 0.0000e+00
       2393      4.746    14.8658   2.922800     2.8738     2.8139     0.0053  0.1768177 0.0000e+00
       2394      4.768    14.8663   2.922903     2.8737     2.8138     0.0053  0.1767663 0.0000e+00
       2395      4.790    14.8669   2.923006     2.8737     2.8137     0.0053  0.1767148 0.0000e+00
       2396      4.811    14.8674   2.923114     2.8736     2.8136     0.0053  0.1766626 0.0000e+00
       2397      4.833    14.8681   2.923228     2.8735     2.8135     0.0053  0.1766087 0.0000e+00
       2398      4.855    14.8687   2.923351     2.8735     2.8134     0.0053  0.1765518 0.0000e+00
       2399      4.876    14.8694   2.923485     2.8734     2.8133     0.0053  0.1764923 0.0000e+00
       2400      4.898    14.8702   2.923630     2.8734     2.8133     0.0053  0.1764307 0.0000e+00
