data/2021/ctd_data_day2/station2.cnv
* Sea-Bird SBE 9 Data File:
* FileName = C:\Users\CTD-User\Desktop\MAR440\day2\station2.hex
* Software Version Seasave V 7.26.2.13
* Temperature SN = 6313
* Conductivity SN = 4758
* Number of Bytes Per Scan = 37
* Number of Voltage Words = 4
* Number of Scans Averaged by the Deck Unit = 1
* NMEA Latitude = 58 19.95 N
* NMEA Longitude = 011 52.33 E
* NMEA UTC (Time) = Sep 22 2021 09:05:25
* NMEA baud rate = 4800
** Ship: Skagerrak
** Station: station2
** Operator: group2blue
# nquan = 9
# nvalues = 8194                                  
# units = specified
# name 0 = scan: Scan Count
# name 1 = prDM: Pressure, Digiquartz [db]
# name 2 = t090C: Temperature [ITS-90, deg C]
# name 3 = c0S/m: Conductivity [S/m]
# name 4 = sbeox0V: Oxygen raw, SBE 43 [V]
# name 5 = sbeox1V: Oxygen raw, SBE 43, 2 [V]
# name 6 = flECO-AFL: Fluorescence, WET Labs ECO-AFL/FL [mg/m^3]
# name 7 = upoly0: Upoly 0, Turbidity
# name 8 = flag:  0.000e+00
# span 0 =          1,       8194                 
# span 1 =      0.414,     46.105                 
# span 2 =     7.9715,    16.1947                 
# span 3 =   2.598373,   3.488985                 
# span 4 =     0.4613,     4.2576                 
# span 5 =     0.5151,     4.2186                 
# span 6 =     0.0035,     0.0209                 
# span 7 =  0.0879084,  0.3184335                 
# span 8 = 0.0000e+00, 0.0000e+00                 
# interval = seconds: 0.0416667
# start_time = Sep 22 2021 09:05:25 [NMEA time, header]
# bad_flag = -9.990e-29
*END*
[from data line 1121]
       1122     10.204    15.7473   3.279163     2.0158     2.0122     0.0040  0.1191661  0.000e+00
       1123     10.122    15.7525   3.278847     2.0158     2.0109     0.0040  0.1191661  0.000e+00
       1124     10.146    15.7643   3.278026     2.0146     2.0109     0.0038  0.1196545  0.000e+00
       1125     10.023    15.7755   3.276799     2.0158     2.0109     0.0040  0.1196545  0.000e+00
       1126     10.122    15.7835   3.275606     2.0158     2.0097     0.0040  0.1191661  0.000e+00
       1127     10.089    15.7886   3.274602     2.0146     2.0097     0.0040  0.1196545  0.000e+00
       1128     10.023    15.7930   3.273805     2.0146     2.0097     0.0040  0.1196545  0.000e+00
       1129      9.998    15.7985   3.273260     2.0146     2.0097     0.0040  0.1191661  0.000e+00
       1130     10.023    15.8035   3.273145     2.0170     2.0097     0.0040  0.1191661  0.000e+00
       1131      9.940    15.8068   3.273100     2.0158     2.0097     0.0040  0.1196545  0.000e+00
       1132      9.965    15.8084   3.273243     2.0146     2.0085     0.0040  0.1196545  0.000e+00
       1133      9.965    15.8093   3.273495     2.0146     2.0085     0.0040  0.1196545  0.000e+00
       1134      9.940    15.8104   3.273650     2.0146     2.0085     0.0040  0.1191661  0.000e+00
       1135      9.899    15.8107   3.273478     2.0158     2.0085     0.0040  0.1191661  0.000e+00
       1136      9.899    15.8107   3.273208     2.0158     2.0085     0.0040  0.1191661  0.000e+00
       1137      9.874    15.8135   3.272452     2.0146     2.0073     0.0040  0.1191661  0.000e+00
       1138      9.841    15.8189   3.270233     2.0134     2.0073     0.0040  0.1191661  0.000e+00
       1139      9.841    15.8260   3.266749     2.0146     2.0073     0.0040  0.1196545  0.000e+00
       1140      9.816    15.8330   3.262116     2.0146     2.0073     0.0040  0.1191661  0.000e+00
       1141      9.717    15.8404   3.255138     2.0146     2.0073     0.0040  0.1196545  0.000e+00
       1142      9.775    15.8433   3.248967     2.0134     2.0061     0.0040  0.1191661  0.000e+00
       1143      9.759    15.8455   3.243846     2.0122     2.0061     0.0040  0.1186777  0.000e+00
       1144      9.717    15.8497   3.235303     2.0134     2.0061     0.0040  0.1186777  0.000e+00
       1145      9.717    15.8523   3.229443     2.0134     2.0061     0.0040  0.1186777  0.000e+00
       1146      9.635    15.8560   3.228200     2.0122     2.0061     0.0040  0.1186777  0.000e+00
       1147      9.717    15.8569   3.229375     2.0109     2.0061     0.0040  0.1186777  0.000e+00
       1148      9.594    15.8565   3.232478     2.0109     2.0061     0.0040  0.1186777  0.000e+00
       1149      9.635    15.8573   3.234230     2.0134     2.0061     0.0040  0.1186777  0.000e+00
       1150      9.536    15.8596   3.233540     2.0134     2.0048     0.0040  0.1186777  0.000e+00
       1151      9.660    15.8604   3.232866     2.0122     2.0048     0.0040  0.1186777  0.000e+00
       1152      9.511    15.8609   3.233962     2.0109     2.0048     0.0040  0.1186777  0.000e+00
       1153      9.536    15.8624   3.235914     2.0097     2.0048     0.0040  0.1186777  0.000e+00
       1154      9.536    15.8642   3.237067     2.0122     2.0048     0.0040  0.1181893  0.000e+00
       1155      9.445    15.8658   3.236747     2.0122     2.0048     0.0040  0.1186777  0.000e+00
       1156      9.470    15.8680   3.234224     2.0097     2.0048     0.0040  0.1186777  0.000e+00
       1157      9.470    15.8702   3.229648     2.0097     2.0048     0.0040  0.1186777  0.000e+00
       1158      9.387    15.8733   3.225064     2.0097     2.0048     0.0040  0.1186777  0.000e+00
       1159      9.412    15.8756   3.221450     2.0109     2.0036     0.0040  0.1186777  0.000e+00
       1160      9.412    15.8772   3.214780     2.0109     2.0048     0.0040  0.1186777  0.000e+00
       1161      9.330    15.8775   3.203712     2.0097     2.0048     0.0040  0.1186777  0.000e+00
       1162      9.354    15.8741   3.191581     2.0097     2.0048     0.0040  0.1186777  0.000e+00
       1163      9.288    15.8668   3.179648     2.0097     2.0048     0.0040  0.1186777  0.000e+00
       1164      9.330    15.8594   3.169788     2.0122     2.0048     0.0040  0.1186777  0.000e+00
       1165      9.231    15.8536   3.163091     2.0097     2.0048     0.0040  0.1186777  0.000e+00
       1166      9.264    15.8478   3.157095     2.0085     2.0048     0.0040  0.1186777  0.000e+00
       1167      9.231    15.8383   3.149160     2.0085     2.0048     0.0040  0.1201429  0.000e+00
       1168      9.231    15.8282   3.140391     2.0097     2.0048     0.0042  0.1284457  0.000e+00
       1169      9.140    15.8201   3.134310     2.0109     2.0061     0.0042  0.1318645  0.000e+00
       1170      9.165    15.8119   3.129226     2.0097     2.0061     0.0042  0.1323529  0.000e+00
       1171      9.165    15.8042   3.123091     2.0097     2.0061     0.0042  0.1318645  0.000e+00
       1172      9.140    15.7971   3.117602     2.0097     2.0061     0.0042  0.1318645  0.000e+00
       1173      9.041    15.7925   3.115515     2.0109     2.0061     0.0042  0.1318645  0.000e+00
       1174      9.107    15.7895   3.115987     2.0122     2.0073     0.0042  0.1318645  0.000e+00
       1175      9.024    15.7854   3.116848     2.0109     2.0073     0.0042  0.1318645  0.000e+00
       1176      9.041    15.7811   3.116010     2.0109     2.0085     0.0042  0.1318645  0.000e+00
       1177      9.041    15.7811   3.113276     2.0122     2.0085     0.0042  0.1318645  0.000e+00
       1178      8.958    15.7895   3.111898     2.0146     2.0097     0.0042  0.1318645  0.000e+00
       1179      8.983    15.7947   3.112190     2.0146     2.0097     0.0042  0.1318645  0.000e+00
       1180      8.925    15.7923   3.110717     2.0134     2.0109     0.0042  0.1318645  0.000e+00
       1181      8.901    15.7825   3.105573     2.0146     2.0109     0.0042  0.1318645  0.000e+00
       1182      8.925    15.7747   3.099630     2.0146     2.0122     0.0042  0.1318645  0.000e+00
       1183      8.835    15.7696   3.096548     2.0195     2.0134     0.0042  0.1318645  0.000e+00
       1184      8.859    15.7680   3.096161     2.0170     2.0146     0.0042  0.1318645  0.000e+00
       1185      8.859    15.7672   3.096767     2.0195     2.0146     0.0042  0.1318645  0.000e+00
       1186      8.777    15.7707   3.097531     2.0195     2.0158     0.0042  0.1318645  0.000e+00
       1187      8.801    15.7739   3.098878     2.0207     2.0170     0.0042  0.1318645  0.000e+00
       1188      8.735    15.7752   3.100636     2.0231     2.0183     0.0042  0.1313761  0.000e+00
       1189      8.711    15.7771   3.102287     2.0231     2.0195     0.0042  0.1318645  0.000e+00
       1190      8.735    15.7774   3.102888     2.0244     2.0207     0.0042  0.1318645  0.000e+00
       1191      8.678    15.7749   3.101933     2.0256     2.0219     0.0042  0.1318645  0.000e+00
       1192      8.711    15.7792   3.101725     2.0293     2.0244     0.0042  0.1318645  0.000e+00
       1193      8.620    15.7952   3.105742     2.0317     2.0256     0.0042  0.1303993  0.000e+00
       1194      8.653    15.8139   3.113624     2.0317     2.0268     0.0040  0.1289341  0.000e+00
       1195      8.554    15.8323   3.122234     2.0341     2.0293     0.0040  0.1284457  0.000e+00
       1196      8.554    15.8582   3.131417     2.0341     2.0317     0.0040  0.1289341  0.000e+00
       1197      8.595    15.8838   3.141531     2.0390     2.0341     0.0040  0.1289341  0.000e+00
       1198      8.496    15.9167   3.153137     2.0402     2.0366     0.0040  0.1284457  0.000e+00
       1199      8.496    15.9527   3.165093     2.0402     2.0390     0.0040  0.1289341  0.000e+00
       1200      8.529    15.9728   3.173254     2.0427     2.0415     0.0040  0.1289341  0.000e+00
       1201      8.430    15.9778   3.176466     2.0451     2.0451     0.0040  0.1289341  0.000e+00
       1202      8.496    15.9921   3.177413     2.0488     2.0476     0.0040  0.1284457  0.000e+00
       1203      8.405    16.0182   3.178473     2.0512     2.0512     0.0040  0.1289341  0.000e+00
       1204      8.372    16.0355   3.179482     2.0537     2.0537     0.0040  0.1289341  0.000e+00
       1205      8.348    16.0401   3.179510     2.0549     2.0586     0.0040  0.1289341  0.000e+00
       1206      8.306    16.0425   3.179555     2.0586     2.0610     0.0040  0.1284457  0.000e+00
       1207      8.372    16.0443   3.179493     2.0622     2.0659     0.0040  0.1289341  0.000e+00
       1208      8.290    16.0452   3.178966     2.0647     2.0696     0.0040  0.1289341  0.000e+00
       1209      8.249    16.0413   3.178892     2.0683     2.0744     0.0040  0.1284457  0.000e+00
       1210      8.249    16.0318   3.178166     2.0695     2.0781     0.0040  0.1289341  0.000e+00
       1211      8.290    16.0217   3.176727     2.0744     2.0830     0.0040  0.1289341  0.000e+00
       1212      8.191    16.0118   3.175134     2.0793     2.0879     0.0040  0.1289341  0.000e+00
       1213      8.166    15.9984   3.172658     2.0830     2.0915     0.0040  0.1289341  0.000e+00
       1214      8.125    15.9818   3.169028     2.0854     2.0964     0.0040  0.1289341  0.000e+00
       1215      8.125    15.9699   3.165223     2.0891     2.1025     0.0040  0.1289341  0.000e+00
       1216      8.100    15.9614   3.161658     2.0940     2.1074     0.0040  0.1284457  0.000e+00
       1217      8.125    15.9537   3.158202     2.1001     2.1123     0.0040  0.1289341  0.000e+00
       1218      8.067    15.9449   3.154227     2.1025     2.1172     0.0040  0.1289341  0.000e+00
       1219      8.042    15.9347   3.150729     2.1074     2.1221     0.0040  0.1294225  0.000e+00
       1220      8.001    15.9250   3.147707     2.1123     2.1294     0.0040  0.1299109  0.000e+00
       1221      8.042    15.9164   3.145759     2.1184     2.1343     0.0040  0.1299109  0.000e+00
       1222      7.943    15.9065   3.142727     2.1233     2.1404     0.0040  0.1299109  0.000e+00
       1223      7.943    15.9033   3.139092     2.1282     2.1453     0.0040  0.1299109  0.000e+00
       1224      7.919    15.9102   3.137033     2.1330     2.1514     0.0040  0.1299109  0.000e+00
       1225      7.886    15.9255   3.137219     2.1379     2.1562     0.0040  0.1299109  0.000e+00
       1226      7.886    15.9483   3.139763     2.1453     2.1624     0.0040  0.1299109  0.000e+00
       1227      7.861    15.9707   3.144296     2.1514     2.1672     0.0040  0.1299109  0.000e+00
       1228      7.820    15.9848   3.149616     2.1538     2.1733     0.0040  0.1294225  0.000e+00
       1229      7.795    15.9918   3.155160     2.1611     2.1782     0.0040  0.1299109  0.000e+00
       1230      7.762    15.9995   3.157749     2.1648     2.1843     0.0040  0.1299109  0.000e+00
       1231      7.762    16.0074   3.156205     2.1721     2.1892     0.0040  0.1299109  0.000e+00
       1232      7.737    16.0119   3.153153     2.1758     2.1953     0.0040  0.1294225  0.000e+00
       1233      7.696    16.0134   3.150610     2.1807     2.2002     0.0040  0.1299109  0.000e+00
       1234      7.696    16.0134   3.149079     2.1855     2.2051     0.0040  0.1299109  0.000e+00
       1235      7.671    16.0155   3.148350     2.1917     2.2112     0.0040  0.1299109  0.000e+00
       1236      7.638    16.0206   3.148259     2.1978     2.2173     0.0040  0.1299109  0.000e+00
       1237      7.613    16.0233   3.147384     2.2014     2.2210     0.0040  0.1299109  0.000e+00
       1238      7.580    16.0240   3.145678     2.2051     2.2258     0.0040  0.1294225  0.000e+00
       1239      7.580    16.0262   3.144278     2.2100     2.2307     0.0040  0.1299109  0.000e+00
       1240      7.547    16.0257   3.143527     2.2149     2.2356     0.0040  0.1299109  0.000e+00
       1241      7.514    16.0235   3.142940     2.2197     2.2405     0.0040  0.1299109  0.000e+00
       1242      7.547    16.0217   3.142314     2.2234     2.2442     0.0040  0.1294225  0.000e+00
       1243      7.457    16.0237   3.142105     2.2271     2.2490     0.0040  0.1294225  0.000e+00
       1244      7.391    16.0248   3.142398     2.2295     2.2539     0.0040  0.1274689  0.000e+00
       1245      7.432    16.0219   3.142607     2.2344     2.2576     0.0040  0.1245385  0.000e+00
       1246      7.456    16.0178   3.142082     2.2393     2.2613     0.0040  0.1240501  0.000e+00
       1247      7.333    16.0127   3.141309     2.2417     2.2649     0.0040  0.1240501  0.000e+00
       1248      7.366    16.0092   3.140790     2.2442     2.2698     0.0040  0.1240501  0.000e+00
       1249      7.333    16.0092   3.141399     2.2466     2.2735     0.0040  0.1240501  0.000e+00
       1250      7.308    16.0086   3.141806     2.2515     2.2771     0.0040  0.1240501  0.000e+00
       1251      7.267    16.0022   3.140282     2.2551     2.2808     0.0040  0.1245385  0.000e+00
       1252      7.267    15.9892   3.137292     2.2588     2.2845     0.0040  0.1240501  0.000e+00
       1253      7.242    15.9758   3.133863     2.2588     2.2881     0.0040  0.1240501  0.000e+00
       1254      7.209    15.9641   3.130903     2.2613     2.2906     0.0040  0.1245385  0.000e+00
       1255      7.184    15.9552   3.128750     2.2661     2.2942     0.0040  0.1245385  0.000e+00
       1256      7.151    15.9452   3.126834     2.2686     2.2979     0.0040  0.1240501  0.000e+00
       1257      7.151    15.9393   3.124643     2.2698     2.3003     0.0040  0.1240501  0.000e+00
       1258      7.126    15.9371   3.123100     2.2722     2.3028     0.0040  0.1240501  0.000e+00
       1259      7.085    15.9374   3.122644     2.2747     2.3064     0.0040  0.1240501  0.000e+00
       1260      7.060    15.9376   3.122993     2.2783     2.3089     0.0040  0.1240501  0.000e+00
       1261      7.027    15.9357   3.123404     2.2808     2.3113     0.0040  0.1240501  0.000e+00
       1262      7.027    15.9313   3.123275     2.2832     2.3138     0.0038  0.1245385  0.000e+00
       1263      7.003    15.9274   3.122841     2.2845     2.3162     0.0040  0.1240501  0.000e+00
       1264      7.027    15.9232   3.121799     2.2869     2.3187     0.0040  0.1240501  0.000e+00
       1265      6.937    15.9199   3.119992     2.2893     2.3211     0.0040  0.1245385  0.000e+00
       1266      6.961    15.9191   3.118354     2.2906     2.3235     0.0040  0.1240501  0.000e+00
       1267      6.904    15.9216   3.117178     2.2930     2.3260     0.0040  0.1240501  0.000e+00
       1268      6.879    15.9249   3.116739     2.2942     2.3272     0.0040  0.1245385  0.000e+00
       1269      6.846    15.9296   3.116773     2.2979     2.3309     0.0040  0.1245385  0.000e+00
       1270      6.846    15.9345   3.117009     2.3003     2.3321     0.0040  0.1250269  0.000e+00
       1271      6.813    15.9361   3.116936     2.3028     2.3333     0.0040  0.1250269  0.000e+00
       1272      6.780    15.9362   3.116210     2.3028     2.3357     0.0040  0.1255153  0.000e+00
       1273      6.813    15.9369   3.115659     2.3028     2.3382     0.0040  0.1255153  0.000e+00
       1274      6.722    15.9359   3.114849     2.3077     2.3394     0.0040  0.1255153  0.000e+00
       1275      6.722    15.9337   3.113662     2.3089     2.3406     0.0040  0.1255153  0.000e+00
       1276      6.697    15.9310   3.112379     2.3101     2.3431     0.0040  0.1255153  0.000e+00
       1277      6.722    15.9267   3.111221     2.3113     2.3443     0.0040  0.1255153  0.000e+00
       1278      6.631    15.9210   3.109939     2.3125     2.3455     0.0040  0.1255153  0.000e+00
       1279      6.656    15.9160   3.108809     2.3174     2.3480     0.0040  0.1255153  0.000e+00
       1280      6.573    15.9108   3.107679     2.3174     2.3504     0.0040  0.1250269  0.000e+00
