data/2021/ctd_data_day2/station9.cnv
* Sea-Bird SBE 9 Data File:
* FileName = C:\Users\CTD-User\Desktop\MAR440\day2\station9.hex
* Software Version Seasave V 7.26.2.13
* Temperature SN = 6313
* Conductivity SN = 4758
* Number of Bytes Per Scan = 37
* Number of Voltage Words = 4
* Number of Scans Averaged by the Deck Unit = 1
* NMEA Latitude = 58 19.82 N
* NMEA Longitude = 011 51.84 E
* NMEA UTC (Time) = Sep 22 2021 11:46:38
* NMEA baud rate = 4800
** Ship: Skagerrak
** Station: station9
** Operator: group2blue
# nquan = 9
# nvalues = 3112                                  
# units = specified
# name 0 = scan: Scan Count
# name 1 = prDM: Pressure, Digiquartz [db]
# name 2 = t090C: Temperature [ITS-90, deg C]
# name 3 = c0S/m: Conductivity [S/m]
# name 4 = sbeox0V: Oxygen raw, SBE 43 [V]
# name 5 = sbeox1V: Oxygen raw, SBE 43, 2 [V]
# name 6 = flECO-AFL: Fluorescence, WET Labs ECO-AFL/FL [mg/m^3]
# name 7 = upoly0: Upoly 0, Turbidity
# name 8 = flag:  0.000e+00
# span 0 =          1,       3112                 
# span 1 =      0.912,     43.038                 
# span 2 =     7.9952,    15.9143                 
# span 3 =   2.902496,   3.493253                 
# span 4 =     0.4748,     2.8083                 
# span 5 =     0.5419,     2.6948                 
# span 6 =     0.0035,     0.0145                 
# span 7 =  0.0874200,  0.2231954                 
# span 8 = 0.0000e+00, 0.0000e+00                 
# interval = seconds: 0.0416667
# start_time = Sep 22 2021 11:46:38 [NMEA time, header]
# bad_flag = -9.990e-29
*END*
          1      6.599    15.4927   3.282205     2.0159     2.0171     0.0040  0.0971880  0.000e+00
          2      6.599    15.4999   3.280036     2.0171     2.0171     0.0038  0.0971880  0.000e+00
          3      6.575    15.5105   3.277322     2.0208     2.0183     0.0040  0.0971880  0.000e+00
          4      6.599    15.5146   3.273732     2.0208     2.0195     0.0038  0.0971880  0.000e+00
          5      6.575    15.5159   3.271491     2.0208     2.0208     0.0038  0.0971880  0.000e+00
          6      6.599    15.5194   3.270419     2.0208     2.0208     0.0038  0.0971880  0.000e+00
          7      6.599    15.5173   3.269582     2.0220     2.0220     0.0040  0.0971880  0.000e+00
          8      6.575    15.5144   3.269977     2.0244     2.0232     0.0038  0.0971880  0.000e+00
          9      6.599    15.5180   3.270872     2.0244     2.0244     0.0040  0.0971880  0.000e+00
         10      6.657    15.5276   3.270401     2.0244     2.0256     0.0040  0.0976764  0.000e+00
         11      6.575    15.5431   3.267473     2.0244     2.0256     0.0038  0.0971880  0.000e+00
         12      6.599    15.5509   3.263561     2.0256     2.0269     0.0038  0.0971880  0.000e+00
         13      6.599    15.5423   3.261625     2.0269     2.0281     0.0038  0.0971880  0.000e+00
         14      6.632    15.5323   3.262496     2.0269     2.0281     0.0038  0.0971880  0.000e+00
         15      6.534    15.5356   3.263229     2.0269     2.0293     0.0038  0.0971880  0.000e+00
         16      6.632    15.5377   3.262415     2.0256     2.0293     0.0040  0.0971880  0.000e+00
         17      6.599    15.5346   3.261751     2.0293     2.0293     0.0038  0.0971880  0.000e+00
         18      6.599    15.5279   3.262461     2.0293     2.0293     0.0038  0.0971880  0.000e+00
         19      6.632    15.5272   3.264105     2.0269     2.0305     0.0038  0.0971880  0.000e+00
         20      6.599    15.5263   3.266196     2.0256     2.0305     0.0038  0.0971880  0.000e+00
         21      6.599    15.5238   3.268184     2.0244     2.0317     0.0037  0.0957228  0.000e+00
         22      6.632    15.5157   3.269760     2.0256     2.0317     0.0037  0.0952344  0.000e+00
         23      6.599    15.5037   3.271904     2.0256     2.0317     0.0037  0.0952344  0.000e+00
         24      6.599    15.4953   3.274616     2.0244     2.0317     0.0037  0.0952344  0.000e+00
         25      6.632    15.4827   3.277128     2.0220     2.0317     0.0037  0.0952344  0.000e+00
         26      6.599    15.4745   3.279675     2.0220     2.0317     0.0037  0.0952344  0.000e+00
         27      6.632    15.4626   3.282757     2.0244     2.0317     0.0037  0.0952344  0.000e+00
         28      6.599    15.4511   3.286282     2.0220     2.0317     0.0037  0.0952344  0.000e+00
         29      6.599    15.4432   3.288998     2.0208     2.0305     0.0037  0.0952344  0.000e+00
         30      6.632    15.4352   3.291199     2.0195     2.0305     0.0037  0.0952344  0.000e+00
         31      6.599    15.4296   3.293262     2.0195     2.0305     0.0037  0.0952344  0.000e+00
         32      6.599    15.4270   3.295095     2.0195     2.0305     0.0037  0.0952344  0.000e+00
         33      6.690    15.4198   3.296831     2.0195     2.0305     0.0037  0.0952344  0.000e+00
         34      6.599    15.4089   3.299034     2.0159     2.0293     0.0037  0.0952344  0.000e+00
         35      6.599    15.3986   3.301777     2.0147     2.0305     0.0037  0.0952344  0.000e+00
         36      6.632    15.3923   3.304401     2.0147     2.0293     0.0037  0.0952344  0.000e+00
         37      6.657    15.3912   3.306508     2.0147     2.0293     0.0037  0.0952344  0.000e+00
         38      6.632    15.3895   3.307590     2.0147     2.0293     0.0037  0.0952344  0.000e+00
         39      6.657    15.3874   3.307970     2.0122     2.0293     0.0037  0.0952344  0.000e+00
         40      6.599    15.3864   3.308298     2.0110     2.0293     0.0037  0.0952344  0.000e+00
         41      6.632    15.3896   3.308683     2.0110     2.0293     0.0037  0.0952344  0.000e+00
         42      6.657    15.3932   3.308764     2.0098     2.0293     0.0037  0.0952344  0.000e+00
         43      6.657    15.3952   3.309000     2.0085     2.0293     0.0037  0.0952344  0.000e+00
         44      6.575    15.3957   3.309507     2.0073     2.0293     0.0037  0.0952344  0.000e+00
         45      6.657    15.3945   3.310324     2.0061     2.0293     0.0037  0.0952344  0.000e+00
         46      6.657    15.3932   3.311787     2.0061     2.0281     0.0037  0.0952344  0.000e+00
         47      6.632    15.3917   3.313711     2.0061     2.0293     0.0037  0.0952344  0.000e+00
         48      6.657    15.3896   3.315134     2.0049     2.0293     0.0037  0.0952344  0.000e+00
         49      6.632    15.3886   3.315751     2.0024     2.0293     0.0037  0.0952344  0.000e+00
         50      6.657    15.3896   3.316091     2.0012     2.0293     0.0037  0.0952344  0.000e+00
         51      6.657    15.3939   3.316615     2.0037     2.0293     0.0037  0.0952344  0.000e+00
         52      6.632    15.3998   3.316989     2.0024     2.0293     0.0037  0.0952344  0.000e+00
         53      6.657    15.4030   3.317151     2.0012     2.0293     0.0037  0.0952344  0.000e+00
         54      6.657    15.4073   3.316984     1.9988     2.0293     0.0037  0.0952344  0.000e+00
         55      6.632    15.4232   3.316551     1.9988     2.0293     0.0037  0.0952344  0.000e+00
         56      6.657    15.4326   3.315681     2.0000     2.0305     0.0037  0.0957228  0.000e+00
         57      6.657    15.4332   3.314805     1.9988     2.0293     0.0037  0.0952344  0.000e+00
         58      6.575    15.4378   3.314390     1.9976     2.0317     0.0037  0.0952344  0.000e+00
         59      6.599    15.4389   3.314022     1.9963     2.0317     0.0037  0.0952344  0.000e+00
         60      6.575    15.4404   3.313008     1.9963     2.0317     0.0037  0.0952344  0.000e+00
         61      6.657    15.4467   3.310428     1.9976     2.0330     0.0037  0.0952344  0.000e+00
         62      6.534    15.4661   3.304901     1.9951     2.0330     0.0037  0.0952344  0.000e+00
         63      6.575    15.4822   3.296181     1.9951     2.0342     0.0037  0.0952344  0.000e+00
         64      6.534    15.4949   3.287849     1.9951     2.0342     0.0037  0.0952344  0.000e+00
         65      6.534    15.4987   3.282728     1.9951     2.0354     0.0037  0.0952344  0.000e+00
         66      6.509    15.4905   3.280794     1.9951     2.0366     0.0037  0.0952344  0.000e+00
         67      6.476    15.4760   3.282917     1.9927     2.0354     0.0037  0.0952344  0.000e+00
         68      6.476    15.4668   3.288338     1.9915     2.0366     0.0037  0.0952344  0.000e+00
         69      6.509    15.4633   3.292859     1.9927     2.0379     0.0037  0.0952344  0.000e+00
         70      6.410    15.4652   3.294348     1.9951     2.0379     0.0037  0.0952344  0.000e+00
         71      6.451    15.4640   3.293727     1.9927     2.0391     0.0037  0.0957228  0.000e+00
         72      6.352    15.4678   3.292428     1.9902     2.0391     0.0037  0.0962112  0.000e+00
         73      6.410    15.4771   3.289159     1.9890     2.0391     0.0037  0.0962112  0.000e+00
         74      6.327    15.4935   3.284404     1.9890     2.0403     0.0037  0.0962112  0.000e+00
         75      6.286    15.5178   3.277529     1.9902     2.0403     0.0037  0.0962112  0.000e+00
         76      6.286    15.5376   3.269954     1.9890     2.0403     0.0037  0.0962112  0.000e+00
         77      6.270    15.5500   3.264105     1.9866     2.0403     0.0037  0.0962112  0.000e+00
         78      6.286    15.5624   3.259787     1.9853     2.0403     0.0037  0.0962112  0.000e+00
         79      6.270    15.5756   3.256193     1.9853     2.0403     0.0037  0.0962112  0.000e+00
         80      6.171    15.5878   3.252783     1.9853     2.0403     0.0037  0.0962112  0.000e+00
         81      6.171    15.6025   3.249203     1.9841     2.0403     0.0037  0.0962112  0.000e+00
         82      6.204    15.6047   3.246602     1.9817     2.0403     0.0037  0.0962112  0.000e+00
         83      6.171    15.6026   3.246271     1.9805     2.0391     0.0037  0.0962112  0.000e+00
         84      6.105    15.5999   3.247660     1.9805     2.0391     0.0037  0.0962112  0.000e+00
         85      6.146    15.5974   3.249118     1.9805     2.0379     0.0037  0.0966996  0.000e+00
         86      6.047    15.5915   3.250192     1.9780     2.0379     0.0037  0.0966996  0.000e+00
         87      5.981    15.5850   3.251925     1.9756     2.0379     0.0037  0.0966996  0.000e+00
         88      6.146    15.5817   3.253881     1.9756     2.0366     0.0037  0.0966996  0.000e+00
         89      6.047    15.5786   3.255460     1.9756     2.0366     0.0037  0.0962112  0.000e+00
         90      6.022    15.5830   3.255970     1.9756     2.0354     0.0037  0.0962112  0.000e+00
         91      5.981    15.5948   3.254287     1.9719     2.0342     0.0037  0.0962112  0.000e+00
         92      5.981    15.6033   3.251096     1.9707     2.0330     0.0037  0.0966996  0.000e+00
         93      5.957    15.6093   3.248511     1.9683     2.0317     0.0037  0.0962112  0.000e+00
         94      5.924    15.6111   3.247677     1.9683     2.0317     0.0037  0.0962112  0.000e+00
         95      5.866    15.6038   3.249523     1.9670     2.0293     0.0037  0.0962112  0.000e+00
         96      5.899    15.6133   3.251364     1.9634     2.0293     0.0037  0.0962112  0.000e+00
         97      5.924    15.6263   3.248888     1.9609     2.0281     0.0037  0.0971880  0.000e+00
         98      5.841    15.6140   3.246139     1.9609     2.0269     0.0037  0.0971880  0.000e+00
         99      5.800    15.5900   3.249449     1.9609     2.0269     0.0037  0.0976764  0.000e+00
        100      5.800    15.5827   3.255277     1.9609     2.0244     0.0037  0.0971880  0.000e+00
        101      5.775    15.5781   3.259008     1.9560     2.0232     0.0037  0.0971880  0.000e+00
        102      5.800    15.5612   3.261722     1.9560     2.0220     0.0037  0.0971880  0.000e+00
        103      5.717    15.5494   3.264534     1.9548     2.0208     0.0037  0.0971880  0.000e+00
        104      5.742    15.5436   3.267255     1.9548     2.0195     0.0037  0.0971880  0.000e+00
        105      5.676    15.5387   3.269169     1.9524     2.0195     0.0037  0.0971880  0.000e+00
        106      5.717    15.5339   3.270585     1.9512     2.0183     0.0037  0.0976764  0.000e+00
        107      5.619    15.5348   3.271519     1.9487     2.0171     0.0037  0.0971880  0.000e+00
        108      5.619    15.5401   3.271496     1.9487     2.0171     0.0037  0.0971880  0.000e+00
        109      5.594    15.5448   3.270934     1.9487     2.0171     0.0037  0.0971880  0.000e+00
        110      5.619    15.5492   3.270344     1.9463     2.0159     0.0037  0.0971880  0.000e+00
        111      5.528    15.5517   3.269736     1.9463     2.0147     0.0037  0.0971880  0.000e+00
        112      5.561    15.5540   3.269066     1.9438     2.0147     0.0037  0.0971880  0.000e+00
        113      5.495    15.5537   3.268762     1.9438     2.0147     0.0037  0.0971880  0.000e+00
        114      5.528    15.5555   3.268836     1.9438     2.0147     0.0037  0.0971880  0.000e+00
        115      5.437    15.5594   3.268510     1.9426     2.0134     0.0037  0.0971880  0.000e+00
        116      5.470    15.5587   3.267994     1.9426     2.0134     0.0037  0.0971880  0.000e+00
        117      5.437    15.5561   3.268126     1.9414     2.0134     0.0037  0.0971880  0.000e+00
        118      5.371    15.5588   3.268596     1.9426     2.0134     0.0037  0.0971880  0.000e+00
        119      5.412    15.5585   3.268790     1.9426     2.0134     0.0037  0.0971880  0.000e+00
        120      5.314    15.5557   3.269054     1.9414     2.0134     0.0037  0.0971880  0.000e+00
        121      5.371    15.5534   3.269312     1.9414     2.0134     0.0037  0.0971880  0.000e+00
        122      5.289    15.5529   3.269684     1.9414     2.0147     0.0037  0.0981648  0.000e+00
        123      5.314    15.5540   3.269845     1.9438     2.0147     0.0038  0.1010952  0.000e+00
        124      5.223    15.5534   3.269696     1.9438     2.0171     0.0038  0.1025604  0.000e+00
        125      5.248    15.5519   3.269415     1.9426     2.0159     0.0038  0.1025604  0.000e+00
        126      5.248    15.5521   3.269478     1.9426     2.0171     0.0038  0.1025604  0.000e+00
        127      5.165    15.5512   3.269879     1.9438     2.0183     0.0038  0.1020720  0.000e+00
        128      5.190    15.5506   3.270395     1.9463     2.0183     0.0038  0.1025604  0.000e+00
        129      5.165    15.5497   3.270710     1.9463     2.0195     0.0040  0.1020720  0.000e+00
        130      5.132    15.5490   3.270905     1.9463     2.0208     0.0040  0.1025604  0.000e+00
        131      5.066    15.5504   3.271060     1.9463     2.0208     0.0040  0.1025604  0.000e+00
        132      5.107    15.5571   3.271100     1.9487     2.0220     0.0040  0.1025604  0.000e+00
        133      5.066    15.5684   3.269890     1.9499     2.0232     0.0038  0.1020720  0.000e+00
        134      5.042    15.5708   3.267976     1.9512     2.0244     0.0038  0.1025604  0.000e+00
        135      5.009    15.5717   3.266733     1.9512     2.0256     0.0038  0.1020720  0.000e+00
        136      5.009    15.5809   3.265604     1.9512     2.0269     0.0038  0.1025604  0.000e+00
        137      4.918    15.5904   3.263434     1.9524     2.0281     0.0038  0.1025604  0.000e+00
        138      4.943    15.5852   3.262328     1.9560     2.0293     0.0038  0.1020720  0.000e+00
        139      4.984    15.5781   3.263405     1.9560     2.0293     0.0038  0.1020720  0.000e+00
        140      4.885    15.5779   3.264894     1.9573     2.0305     0.0038  0.1020720  0.000e+00
        141      4.827    15.5835   3.264625     1.9573     2.0317     0.0038  0.1025604  0.000e+00
        142      4.860    15.5977   3.261928     1.9609     2.0330     0.0038  0.1020720  0.000e+00
        143      4.827    15.6115   3.257789     1.9621     2.0330     0.0038  0.1025604  0.000e+00
        144      4.794    15.6201   3.253898     1.9609     2.0342     0.0038  0.1025604  0.000e+00
        145      4.827    15.6238   3.251112     1.9621     2.0342     0.0038  0.1020720  0.000e+00
        146      4.761    15.6287   3.249620     1.9634     2.0354     0.0037  0.1020720  0.000e+00
        147      4.737    15.6313   3.248842     1.9658     2.0354     0.0038  0.1020720  0.000e+00
        148      4.704    15.6346   3.248248     1.9670     2.0366     0.0038  0.1045140  0.000e+00
        149      4.679    15.6416   3.246847     1.9670     2.0366     0.0038  0.1064676  0.000e+00
        150      4.704    15.6461   3.244458     1.9670     2.0379     0.0040  0.1069560  0.000e+00
        151      4.638    15.6483   3.242384     1.9695     2.0379     0.0040  0.1069560  0.000e+00
        152      4.613    15.6536   3.241339     1.9707     2.0391     0.0040  0.1069560  0.000e+00
        153      4.580    15.6652   3.238929     1.9707     2.0391     0.0038  0.1069560  0.000e+00
        154      4.613    15.6714   3.235315     1.9719     2.0391     0.0038  0.1069560  0.000e+00
        155      4.514    15.6767   3.232969     1.9719     2.0391     0.0038  0.1069560  0.000e+00
        156      4.514    15.6964   3.230299     1.9756     2.0391     0.0040  0.1069560  0.000e+00
        157      4.555    15.7266   3.224385     1.9756     2.0391     0.0040  0.1069560  0.000e+00
        158      4.456    15.7504   3.216215     1.9756     2.0391     0.0037  0.1069560  0.000e+00
        159      4.489    15.7711   3.208837     1.9756     2.0403     0.0038  0.1069560  0.000e+00
        160      4.456    15.7779   3.204753     1.9756     2.0403     0.0038  0.1069560  0.000e+00
