data/2021/ctd_data_day2/station10_ctm.cnv
* Sea-Bird SBE 9 Data File:
* FileName = C:\Users\CTD-User\Desktop\MAR440\day2\station10.hex
* Software Version Seasave V 7.26.2.13
* Temperature SN = 6313
* Conductivity SN = 4758
* Number of Bytes Per Scan = 37
* Number of Voltage Words = 4
* Number of Scans Averaged by the Deck Unit = 1
* NMEA Latitude = 58 20.25 N
* NMEA Longitude = 011 53.24 E
* NMEA UTC (Time) = Sep 22 2021 12:19:36
* NMEA baud rate = 4800
** Ship: Skagerrak
** Station: station10
** Operator: group2green
# nquan = 9
# nvalues = 2945                        
# units = specified
# name 0 = scan: Scan Count
# name 1 = prDM: Pressure, Digiquartz [db]
# name 2 = t090C: Temperature [ITS-90, deg C]
# name 3 = c0S/m: Conductivity [S/m]
# name 4 = sbeox0V: Oxygen raw, SBE 43 [V]
# name 5 = sbeox1V: Oxygen raw, SBE 43, 2 [V]
# name 6 = flECO-AFL: Fluorescence, WET Labs ECO-AFL/FL [mg/m^3]
# name 7 = upoly0: Upoly 0, Turbidity
# name 8 = flag:  0.000e+00
# span 0 =          1,       2945       
# span 1 =      1.368,     39.769       
# span 2 =     7.4919,    15.8877       
# span 3 =   2.825176,   3.473254       
# span 4 =     0.4784,     2.9182       
# span 5 =     0.5505,     2.8645       
# span 6 =     0.0033,     0.0148       
# span 7 =  0.0879084,  0.2275910       
# span 8 = 0.0000e+00, 0.0000e+00       
# interval = seconds: 0.0416667
# start_time = Sep 22 2021 12:19:36 [NMEA time, header]
# bad_flag = -9.990e-29
*END*
[from data line 801]
        802      2.723    14.9256   2.892409     2.5959     2.6667     0.0060  0.1841233 0.0000e+00
        803      2.690    14.9264   2.889647     2.5971     2.6679     0.0060  0.1841233 0.0000e+00
        804      2.690    14.9424   2.889821     2.6008     2.6703     0.0060  0.1841233 0.0000e+00
        805      2.599    14.9622   2.892559     2.6020     2.6716     0.0062  0.1855885 0.0000e+00
        806      2.624    14.9757   2.896182     2.6056     2.6740     0.0064  0.1899841 0.0000e+00
        807      2.599    14.9748   2.898711     2.6069     2.6740     0.0066  0.1899841 0.0000e+00
        808      2.566    14.9696   2.898982     2.6081     2.6764     0.0066  0.1899841 0.0000e+00
        809      2.542    14.9605   2.897482     2.6105     2.6777     0.0066  0.1899841 0.0000e+00
        810      2.566    14.9551   2.895788     2.6118     2.6789     0.0066  0.1899841 0.0000e+00
        811      2.475    14.9572   2.895076     2.6166     2.6801     0.0066  0.1899841 0.0000e+00
        812      2.508    14.9669   2.895766     2.6179     2.6826     0.0066  0.1899841 0.0000e+00
        813      2.442    14.9787   2.897779     2.6203     2.6850     0.0066  0.1899841 0.0000e+00
        814      2.418    14.9872   2.900267     2.6203     2.6862     0.0066  0.1899841 0.0000e+00
        815      2.442    14.9923   2.902140     2.6252     2.6874     0.0066  0.1899841 0.0000e+00
        816      2.352    14.9945   2.903640     2.6276     2.6899     0.0066  0.1899841 0.0000e+00
        817      2.384    14.9945   2.904770     2.6288     2.6911     0.0066  0.1899841 0.0000e+00
        818      2.417    14.9908   2.905152     2.6313     2.6935     0.0066  0.1899841 0.0000e+00
        819      2.318    14.9794   2.903645     2.6337     2.6948     0.0064  0.1899841 0.0000e+00
        820      2.351    14.9591   2.899969     2.6374     2.6972     0.0066  0.1899841 0.0000e+00
        821      2.261    14.9278   2.894462     2.6398     2.6984     0.0066  0.1899841 0.0000e+00
        822      2.293    14.9004   2.888860     2.6411     2.7009     0.0066  0.1899841 0.0000e+00
        823      2.260    14.8872   2.884306     2.6447     2.7021     0.0066  0.1899841 0.0000e+00
        824      2.260    14.8829   2.881648     2.6459     2.7033     0.0066  0.1899841 0.0000e+00
        825      2.170    14.8853   2.880403     2.6496     2.7058     0.0066  0.1899841 0.0000e+00
        826      2.194    14.8889   2.880453     2.6520     2.7070     0.0066  0.1899841 0.0000e+00
        827      2.235    14.8881   2.880813     2.6533     2.7094     0.0066  0.1899841 0.0000e+00
        828      2.136    14.8805   2.880524     2.6557     2.7106     0.0066  0.1899841 0.0000e+00
        829      2.169    14.8712   2.878951     2.6594     2.7131     0.0066  0.1899841 0.0000e+00
        830      2.136    14.8630   2.876874     2.6618     2.7143     0.0066  0.1899841 0.0000e+00
        831      2.112    14.8496   2.874450     2.6643     2.7167     0.0068  0.1943797 0.0000e+00
        832      2.078    14.8423   2.872471     2.6655     2.7180     0.0068  0.1977985 0.0000e+00
        833      2.111    14.8439   2.871689     2.6691     2.7204     0.0068  0.1977985 0.0000e+00
        834      2.078    14.8508   2.872326     2.6704     2.7216     0.0068  0.1973101 0.0000e+00
        835      2.012    14.8603   2.873561     2.6740     2.7241     0.0068  0.1973101 0.0000e+00
        836      2.045    14.8624   2.874549     2.6752     2.7253     0.0068  0.1973101 0.0000e+00
        837      1.955    14.8651   2.874901     2.6765     2.7277     0.0068  0.1973101 0.0000e+00
        838      2.045    14.8640   2.874703     2.6789     2.7290     0.0068  0.1973101 0.0000e+00
        839      1.954    14.8618   2.874681     2.6813     2.7302     0.0068  0.1973101 0.0000e+00
        840      1.987    14.8642   2.874863     2.6850     2.7326     0.0068  0.1973101 0.0000e+00
        841      1.954    14.8653   2.875039     2.6862     2.7338     0.0068  0.1977985 0.0000e+00
        842      1.987    14.8653   2.875009     2.6887     2.7363     0.0068  0.1977985 0.0000e+00
        843      1.888    14.8640   2.874924     2.6887     2.7375     0.0068  0.1977985 0.0000e+00
        844      1.921    14.8638   2.874730     2.6923     2.7387     0.0068  0.1973101 0.0000e+00
        845      1.888    14.8662   2.874786     2.6948     2.7399     0.0068  0.1973101 0.0000e+00
        846      1.888    14.8685   2.875043     2.6960     2.7412     0.0068  0.1977985 0.0000e+00
        847      1.863    14.8716   2.875734     2.6972     2.7424     0.0068  0.1973101 0.0000e+00
        848      1.888    14.8756   2.876139     2.6984     2.7448     0.0068  0.1973101 0.0000e+00
        849      1.805    14.8780   2.876910     2.7033     2.7460     0.0068  0.1977985 0.0000e+00
        850      1.888    14.8773   2.877669     2.7045     2.7473     0.0068  0.1977985 0.0000e+00
        851      1.805    14.8777   2.878240     2.7045     2.7485     0.0068  0.1973101 0.0000e+00
        852      1.830    14.8818   2.878487     2.7082     2.7509     0.0068  0.1977985 0.0000e+00
        853      1.739    14.8837   2.878666     2.7082     2.7509     0.0068  0.1973101 0.0000e+00
        854      1.830    14.8845   2.878785     2.7131     2.7522     0.0068  0.1977985 0.0000e+00
        855      1.739    14.8851   2.878861     2.7131     2.7534     0.0068  0.1977985 0.0000e+00
        856      1.830    14.8842   2.878990     2.7143     2.7558     0.0068  0.1982869 0.0000e+00
        857      1.681    14.8822   2.879017     2.7180     2.7570     0.0070  0.2017057 0.0000e+00
        858      1.830    14.8847   2.879083     2.7180     2.7583     0.0070  0.2017057 0.0000e+00
        859      1.615    14.8887   2.879193     2.7204     2.7595     0.0070  0.2017057 0.0000e+00
        860      1.772    14.8906   2.879475     2.7216     2.7607     0.0070  0.2017057 0.0000e+00
        861      1.706    14.8918   2.879842     2.7229     2.7619     0.0070  0.2017057 0.0000e+00
        862      1.681    14.8940   2.880321     2.7241     2.7631     0.0070  0.2017057 0.0000e+00
        863      1.648    14.8962   2.880773     2.7265     2.7644     0.0070  0.2017057 0.0000e+00
        864      1.739    14.8939   2.880744     2.7290     2.7656     0.0070  0.2017057 0.0000e+00
        865      1.582    14.8870   2.880030     2.7302     2.7668     0.0070  0.2017057 0.0000e+00
        866      1.615    14.8845   2.879213     2.7326     2.7680     0.0070  0.2017057 0.0000e+00
        867      1.648    14.8792   2.878550     2.7326     2.7692     0.0068  0.2017057 0.0000e+00
        868      1.615    14.8710   2.878198     2.7351     2.7705     0.0070  0.2017057 0.0000e+00
        869      1.582    14.8685   2.878151     2.7375     2.7717     0.0070  0.2017057 0.0000e+00
        870      1.557    14.8746   2.878237     2.7387     2.7729     0.0070  0.2017057 0.0000e+00
        871      1.582    14.8795   2.878552     2.7387     2.7741     0.0070  0.2017057 0.0000e+00
        872      1.557    14.8783   2.878789     2.7424     2.7754     0.0070  0.2017057 0.0000e+00
        873      1.581    14.8766   2.878396     2.7436     2.7766     0.0070  0.2017057 0.0000e+00
        874      1.466    14.8765   2.877866     2.7448     2.7766     0.0070  0.2017057 0.0000e+00
        875      1.557    14.8758   2.877625     2.7461     2.7778     0.0070  0.2017057 0.0000e+00
        876      1.466    14.8763   2.877612     2.7473     2.7778     0.0070  0.2017057 0.0000e+00
        877      1.556    14.8775   2.877464     2.7485     2.7790     0.0070  0.2017057 0.0000e+00
        878      1.466    14.8768   2.877556     2.7522     2.7802     0.0070  0.2017057 0.0000e+00
        879      1.499    14.8758   2.877488     2.7534     2.7815     0.0070  0.2017057 0.0000e+00
        880      1.466    14.8785   2.877297     2.7534     2.7827     0.0070  0.2017057 0.0000e+00
        881      1.499    14.8822   2.877388     2.7546     2.7839     0.0070  0.2017057 0.0000e+00
        882      1.523    14.8827   2.877763     2.7558     2.7851     0.0064  0.2002405 0.0000e+00
        883      1.498    14.8809   2.877768     2.7595     2.7863     0.0062  0.1987753 0.0000e+00
        884      1.523    14.8736   2.877571     2.7607     2.7863     0.0060  0.1992637 0.0000e+00
        885      1.498    14.8651   2.876546     2.7607     2.7876     0.0062  0.1992637 0.0000e+00
        886      1.399    14.8577   2.874804     2.7619     2.7888     0.0062  0.1987753 0.0000e+00
        887      1.498    14.8550   2.873015     2.7668     2.7888     0.0062  0.1987753 0.0000e+00
        888      1.399    14.8540   2.871850     2.7680     2.7900     0.0062  0.1992637 0.0000e+00
        889      1.523    14.8533   2.870970     2.7680     2.7912     0.0062  0.1992637 0.0000e+00
        890      1.432    14.8490   2.870338     2.7680     2.7912     0.0062  0.1992637 0.0000e+00
        891      1.523    14.8402   2.869366     2.7705     2.7924     0.0062  0.1992637 0.0000e+00
        892      1.498    14.8319   2.867737     2.7729     2.7937     0.0062  0.1992637 0.0000e+00
        893      1.523    14.8285   2.866280     2.7754     2.7937     0.0062  0.1992637 0.0000e+00
        894      1.498    14.8247   2.865634     2.7754     2.7949     0.0062  0.1992637 0.0000e+00
        895      1.522    14.8193   2.864928     2.7766     2.7961     0.0062  0.1992637 0.0000e+00
        896      1.432    14.8133   2.863729     2.7778     2.7961     0.0062  0.1992637 0.0000e+00
        897      1.522    14.8110   2.862692     2.7803     2.7973     0.0062  0.1992637 0.0000e+00
        898      1.498    14.8119   2.862092     2.7815     2.7973     0.0062  0.1992637 0.0000e+00
        899      1.464    14.8152   2.862041     2.7815     2.7986     0.0062  0.1992637 0.0000e+00
        900      1.555    14.8172   2.862241     2.7827     2.7986     0.0062  0.1992637 0.0000e+00
        901      1.464    14.8164   2.862414     2.7839     2.7998     0.0062  0.1992637 0.0000e+00
        902      1.497    14.8145   2.862256     2.7876     2.7998     0.0062  0.1992637 0.0000e+00
        903      1.464    14.8128   2.861804     2.7888     2.8010     0.0062  0.1992637 0.0000e+00
        904      1.497    14.8110   2.861433     2.7912     2.8010     0.0062  0.1992637 0.0000e+00
        905      1.464    14.8101   2.861055     2.7912     2.8022     0.0062  0.1992637 0.0000e+00
        906      1.464    14.8028   2.860816     2.7912     2.8034     0.0062  0.1992637 0.0000e+00
        907      1.497    14.7889   2.859881     2.7961     2.8034     0.0062  0.1992637 0.0000e+00
        908      1.464    14.7857   2.857734     2.7949     2.8047     0.0066  0.1997521 0.0000e+00
        909      1.431    14.7751   2.855681     2.7949     2.8047     0.0066  0.1997521 0.0000e+00
        910      1.521    14.7666   2.853596     2.7961     2.8059     0.0066  0.1997521 0.0000e+00
        911      1.431    14.7654   2.851563     2.7986     2.8059     0.0066  0.1992637 0.0000e+00
        912      1.464    14.7598   2.849503     2.8010     2.8059     0.0066  0.1997521 0.0000e+00
        913      1.431    14.7521   2.848154     2.8010     2.8071     0.0066  0.1997521 0.0000e+00
        914      1.398    14.7437   2.847330     2.8010     2.8071     0.0066  0.1997521 0.0000e+00
        915      1.496    14.7381   2.846201     2.8022     2.8071     0.0066  0.1997521 0.0000e+00
        916      1.397    14.7346   2.844960     2.8059     2.8083     0.0066  0.1997521 0.0000e+00
        917      1.496    14.7288   2.843957     2.8059     2.8083     0.0066  0.1997521 0.0000e+00
        918      1.397    14.7209   2.843081     2.8071     2.8083     0.0066  0.1997521 0.0000e+00
        919      1.496    14.7149   2.841783     2.8071     2.8095     0.0066  0.1997521 0.0000e+00
        920      1.397    14.7084   2.840347     2.8071     2.8095     0.0066  0.1997521 0.0000e+00
        921      1.463    14.7041   2.838660     2.8108     2.8095     0.0066  0.1992637 0.0000e+00
        922      1.496    14.6983   2.837412     2.8108     2.8095     0.0066  0.1997521 0.0000e+00
        923      1.397    14.6952   2.836235     2.8108     2.8108     0.0066  0.1997521 0.0000e+00
        924      1.496    14.6973   2.835144     2.8108     2.8108     0.0066  0.1992637 0.0000e+00
        925      1.397    14.6979   2.834764     2.8120     2.8108     0.0066  0.1997521 0.0000e+00
        926      1.496    14.6974   2.834656     2.8144     2.8108     0.0066  0.1997521 0.0000e+00
        927      1.463    14.6969   2.834358     2.8157     2.8108     0.0066  0.1997521 0.0000e+00
        928      1.430    14.6989   2.834200     2.8157     2.8120     0.0066  0.1992637 0.0000e+00
        929      1.463    14.7012   2.834310     2.8157     2.8120     0.0066  0.1997521 0.0000e+00
        930      1.496    14.7030   2.834749     2.8169     2.8120     0.0066  0.1997521 0.0000e+00
        931      1.463    14.7030   2.835126     2.8205     2.8120     0.0066  0.1997521 0.0000e+00
        932      1.429    14.7016   2.835242     2.8205     2.8120     0.0066  0.1997521 0.0000e+00
        933      1.462    14.6993   2.834948     2.8193     2.8120     0.0060  0.2017057 0.0000e+00
        934      1.495    14.6981   2.834316     2.8205     2.8132     0.0059  0.2026825 0.0000e+00
        935      1.462    14.6979   2.833704     2.8218     2.8120     0.0059  0.2031709 0.0000e+00
        936      1.429    14.7072   2.833900     2.8242     2.8120     0.0059  0.2031709 0.0000e+00
        937      1.520    14.7157   2.835298     2.8254     2.8132     0.0059  0.2031709 0.0000e+00
        938      1.462    14.7156   2.836697     2.8230     2.8132     0.0059  0.2031709 0.0000e+00
        939      1.429    14.7115   2.836992     2.8242     2.8132     0.0059  0.2031709 0.0000e+00
        940      1.462    14.7067   2.836378     2.8254     2.8132     0.0059  0.2031709 0.0000e+00
        941      1.495    14.7035   2.835542     2.8267     2.8132     0.0059  0.2031709 0.0000e+00
        942      1.396    14.7020   2.834832     2.8267     2.8132     0.0059  0.2031709 0.0000e+00
        943      1.495    14.7030   2.834654     2.8267     2.8132     0.0059  0.2031709 0.0000e+00
        944      1.462    14.7055   2.834894     2.8279     2.8132     0.0059  0.2031709 0.0000e+00
        945      1.371    14.7113   2.835293     2.8303     2.8132     0.0059  0.2031709 0.0000e+00
        946      1.462    14.7216   2.836508     2.8303     2.8132     0.0059  0.2031709 0.0000e+00
        947      1.429    14.7268   2.838235     2.8303     2.8132     0.0059  0.2026825 0.0000e+00
        948      1.396    14.7243   2.839118     2.8303     2.8144     0.0059  0.2031709 0.0000e+00
        949      1.428    14.7190   2.838910     2.8315     2.8144     0.0059  0.2031709 0.0000e+00
        950      1.395    14.7158   2.838306     2.8352     2.8144     0.0059  0.2031709 0.0000e+00
        951      1.428    14.7143   2.837726     2.8352     2.8144     0.0059  0.2031709 0.0000e+00
        952      1.461    14.7149   2.837524     2.8352     2.8144     0.0059  0.2031709 0.0000e+00
        953      1.395    14.7214   2.837686     2.8340     2.8156     0.0059  0.2031709 0.0000e+00
        954      1.428    14.7354   2.838888     2.8352     2.8156     0.0059  0.2031709 0.0000e+00
        955      1.395    14.7620   2.842078     2.8364     2.8156     0.0059  0.2031709 0.0000e+00
        956      1.428    14.7880   2.846937     2.8364     2.8156     0.0059  0.2031709 0.0000e+00
        957      1.395    14.8039   2.851759     2.8364     2.8156     0.0059  0.2031709 0.0000e+00
        958      1.428    14.8051   2.854932     2.8364     2.8156     0.0057  0.2036593 0.0000e+00
        959      1.461    14.8068   2.856011     2.8401     2.8156     0.0055  0.2041477 0.0000e+00
        960      1.428    14.8152   2.856806     2.8401     2.8156     0.0053  0.2046361 0.0000e+00
