data/2021/ctd_data_day2/station8.cnv
* Sea-Bird SBE 9 Data File:
* FileName = C:\Users\CTD-User\Desktop\MAR440\day2\station8.hex
* Software Version Seasave V 7.26.2.13
* Temperature SN = 6313
* Conductivity SN = 4758
* Number of Bytes Per Scan = 37
* Number of Voltage Words = 4
* Number of Scans Averaged by the Deck Unit = 1
* NMEA Latitude = 58 19.53 N
* NMEA Longitude = 011 50.68 E
* NMEA UTC (Time) = Sep 22 2021 11:34:11
* NMEA baud rate = 4800
** Ship: Skagerrak
** Station: station8
** Operator: group1
# nquan = 9
# nvalues = 1621                                  
# units = specified
# name 0 = scan: Scan Count
# name 1 = prDM: Pressure, Digiquartz [db]
# name 2 = t090C: Temperature [ITS-90, deg C]
# name 3 = c0S/m: Conductivity [S/m]
# name 4 = sbeox0V: Oxygen raw, SBE 43 [V]
# name 5 = sbeox1V: Oxygen raw, SBE 43, 2 [V]
# name 6 = flECO-AFL: Fluorescence, WET Labs ECO-AFL/FL [mg/m^3]
# name 7 = upoly0: Upoly 0, Turbidity
# name 8 = flag:  0.000e+00
# span 0 =          1,       1621                 
# span 1 =      0.732,     12.652                 
# span 2 =    13.9013,    15.7444                 
# span 3 =   2.896753,   3.420962                 
# span 4 =     1.3528,     2.8205                 
# span 5 =     1.3344,     2.7521                 
# span 6 =     0.0040,     0.0057                 
# span 7 =  0.0908388,  0.1826581                 
# span 8 = 0.0000e+00, 0.0000e+00                 
# interval = seconds: 0.0416667
# start_time = Sep 22 2021 11:34:11 [NMEA time, header]
# bad_flag = -9.990e-29
*END*
[from data line 1441]
       1442     12.528    13.9430   3.416478     1.5127     1.4517     0.0049  0.0923040  0.000e+00
       1443     12.528    13.9447   3.416489     1.5103     1.4505     0.0049  0.0923040  0.000e+00
       1444     12.570    13.9358   3.416501     1.5078     1.4505     0.0049  0.0923040  0.000e+00
       1445     12.528    13.9229   3.416478     1.5066     1.4468     0.0049  0.0923040  0.000e+00
       1446     12.528    13.9106   3.416420     1.5066     1.4456     0.0049  0.0923040  0.000e+00
       1447     12.594    13.9013   3.416362     1.5030     1.4431     0.0049  0.0923040  0.000e+00
       1448     12.570    13.9083   3.416321     1.5005     1.4419     0.0049  0.0923040  0.000e+00
       1449     12.528    13.9256   3.416198     1.4981     1.4407     0.0049  0.0923040  0.000e+00
       1450     12.594    13.9490   3.416000     1.4968     1.4395     0.0049  0.0923040  0.000e+00
       1451     12.594    13.9648   3.415877     1.4968     1.4370     0.0049  0.0923040  0.000e+00
       1452     12.570    13.9928   3.415784     1.4932     1.4346     0.0049  0.0923040  0.000e+00
       1453     12.528    14.0351   3.415666     1.4920     1.4346     0.0049  0.0923040  0.000e+00
       1454     12.594    14.0385   3.415521     1.4883     1.4321     0.0049  0.0923040  0.000e+00
       1455     12.594    14.0141   3.415463     1.4883     1.4309     0.0049  0.0923040  0.000e+00
       1456     12.512    13.9765   3.415615     1.4859     1.4297     0.0049  0.0918156  0.000e+00
       1457     12.528    13.9579   3.415621     1.4822     1.4273     0.0049  0.0913272  0.000e+00
       1458     12.594    13.9519   3.415749     1.4822     1.4260     0.0049  0.0913272  0.000e+00
       1459     12.528    13.9458   3.415796     1.4785     1.4260     0.0049  0.0913272  0.000e+00
       1460     12.570    13.9420   3.415743     1.4785     1.4236     0.0049  0.0913272  0.000e+00
       1461     12.594    13.9412   3.415662     1.4761     1.4224     0.0049  0.0913272  0.000e+00
       1462     12.594    13.9340   3.415662     1.4724     1.4211     0.0049  0.0913272  0.000e+00
       1463     12.594    13.9367   3.415621     1.4724     1.4187     0.0049  0.0913272  0.000e+00
       1464     12.512    13.9418   3.415563     1.4688     1.4175     0.0049  0.0913272  0.000e+00
       1465     12.594    13.9574   3.415522     1.4688     1.4163     0.0049  0.0913272  0.000e+00
       1466     12.594    14.0005   3.415375     1.4663     1.4150     0.0049  0.0913272  0.000e+00
       1467     12.528    14.0364   3.415375     1.4639     1.4138     0.0049  0.0913272  0.000e+00
       1468     12.570    14.0506   3.415229     1.4627     1.4126     0.0049  0.0913272  0.000e+00
       1469     12.528    14.0687   3.415037     1.4602     1.4114     0.0049  0.0913272  0.000e+00
       1470     12.594    14.0803   3.414972     1.4590     1.4102     0.0048  0.0913272  0.000e+00
       1471     12.528    14.0922   3.415054     1.4566     1.4089     0.0049  0.0913272  0.000e+00
       1472     12.570    14.1011   3.415089     1.4541     1.4077     0.0049  0.0913272  0.000e+00
       1473     12.594    14.1018   3.415036     1.4529     1.4065     0.0049  0.0913272  0.000e+00
       1474     12.594    14.0941   3.415042     1.4529     1.4053     0.0049  0.0913272  0.000e+00
       1475     12.528    14.0853   3.415007     1.4504     1.4041     0.0049  0.0913272  0.000e+00
       1476     12.570    14.0846   3.414943     1.4480     1.4016     0.0049  0.0913272  0.000e+00
       1477     12.594    14.1003   3.415019     1.4456     1.4016     0.0049  0.0913272  0.000e+00
       1478     12.594    14.1198   3.415193     1.4431     1.4016     0.0049  0.0913272  0.000e+00
       1479     12.528    14.1244   3.415217     1.4431     1.3992     0.0049  0.0913272  0.000e+00
       1480     12.570    14.1146   3.415228     1.4431     1.3979     0.0049  0.0913272  0.000e+00
       1481     12.594    14.1064   3.415258     1.4382     1.3967     0.0049  0.0913272  0.000e+00
       1482     12.528    14.1082   3.415176     1.4370     1.3955     0.0048  0.0913272  0.000e+00
       1483     12.594    14.1185   3.415263     1.4346     1.3943     0.0048  0.0913272  0.000e+00
       1484     12.570    14.1271   3.415322     1.4346     1.3943     0.0046  0.0913272  0.000e+00
       1485     12.528    14.1354   3.415240     1.4321     1.3931     0.0046  0.0913272  0.000e+00
       1486     12.594    14.1351   3.415228     1.4297     1.3918     0.0048  0.0913272  0.000e+00
       1487     12.528    14.1358   3.415257     1.4285     1.3918     0.0048  0.0913272  0.000e+00
       1488     12.635    14.1457   3.415316     1.4248     1.3894     0.0046  0.0913272  0.000e+00
       1489     12.528    14.1540   3.415350     1.4260     1.3894     0.0044  0.0913272  0.000e+00
       1490     12.594    14.1491   3.415246     1.4224     1.3882     0.0046  0.0913272  0.000e+00
       1491     12.528    14.1456   3.415181     1.4199     1.3870     0.0048  0.0913272  0.000e+00
       1492     12.570    14.1835   3.414989     1.4187     1.3857     0.0046  0.0913272  0.000e+00
       1493     12.594    14.2218   3.414697     1.4187     1.3857     0.0048  0.0913272  0.000e+00
       1494     12.528    14.2451   3.414504     1.4175     1.3845     0.0046  0.0913272  0.000e+00
       1495     12.594    14.2454   3.414446     1.4150     1.3833     0.0046  0.0913272  0.000e+00
       1496     12.570    14.2353   3.414417     1.4138     1.3821     0.0048  0.0913272  0.000e+00
       1497     12.594    14.2323   3.414382     1.4101     1.3821     0.0048  0.0913272  0.000e+00
       1498     12.528    14.2400   3.414260     1.4101     1.3821     0.0048  0.0913272  0.000e+00
       1499     12.594    14.2543   3.413968     1.4089     1.3809     0.0048  0.0913272  0.000e+00
       1500     12.570    14.2575   3.413723     1.4065     1.3796     0.0046  0.0913272  0.000e+00
       1501     12.594    14.2512   3.413624     1.4028     1.3784     0.0046  0.0913272  0.000e+00
       1502     12.528    14.2399   3.413473     1.4016     1.3772     0.0048  0.0913272  0.000e+00
       1503     12.594    14.2426   3.413426     1.4016     1.3760     0.0048  0.0913272  0.000e+00
       1504     12.570    14.2585   3.413333     1.4004     1.3760     0.0046  0.0913272  0.000e+00
       1505     12.528    14.2735   3.413234     1.3979     1.3760     0.0046  0.0913272  0.000e+00
       1506     12.594    14.2962   3.413111     1.3955     1.3747     0.0048  0.0913272  0.000e+00
       1507     12.594    14.3047   3.412971     1.3943     1.3747     0.0048  0.0913272  0.000e+00
       1508     12.512    14.2953   3.412954     1.3943     1.3735     0.0048  0.0913272  0.000e+00
       1509     12.652    14.2834   3.413123     1.3931     1.3723     0.0048  0.0913272  0.000e+00
       1510     12.528    14.2748   3.413362     1.3906     1.3723     0.0048  0.0913272  0.000e+00
       1511     12.594    14.2767   3.413309     1.3894     1.3723     0.0048  0.0913272  0.000e+00
       1512     12.594    14.2802   3.413222     1.3869     1.3711     0.0048  0.0913272  0.000e+00
       1513     12.512    14.2920   3.413070     1.3882     1.3711     0.0048  0.0913272  0.000e+00
       1514     12.594    14.3163   3.412977     1.3857     1.3699     0.0048  0.0913272  0.000e+00
       1515     12.594    14.3446   3.413052     1.3833     1.3686     0.0048  0.0913272  0.000e+00
       1516     12.528    14.3454   3.413175     1.3821     1.3686     0.0048  0.0913272  0.000e+00
       1517     12.570    14.3414   3.413233     1.3808     1.3674     0.0048  0.0913272  0.000e+00
       1518     12.594    14.3438   3.413215     1.3821     1.3674     0.0048  0.0913272  0.000e+00
       1519     12.528    14.3421   3.413186     1.3796     1.3662     0.0048  0.0913272  0.000e+00
       1520     12.594    14.3313   3.413064     1.3796     1.3662     0.0048  0.0913272  0.000e+00
       1521     12.570    14.3436   3.412889     1.3772     1.3662     0.0048  0.0913272  0.000e+00
       1522     12.594    14.3490   3.412860     1.3772     1.3650     0.0048  0.0913272  0.000e+00
       1523     12.594    14.2943   3.413152     1.3772     1.3650     0.0048  0.0913272  0.000e+00
       1524     12.528    14.2650   3.413379     1.3747     1.3638     0.0048  0.0913272  0.000e+00
       1525     12.570    14.2732   3.413537     1.3747     1.3638     0.0048  0.0913272  0.000e+00
       1526     12.594    14.2920   3.413670     1.3723     1.3625     0.0048  0.0913272  0.000e+00
       1527     12.528    14.2873   3.413880     1.3735     1.3625     0.0048  0.0913272  0.000e+00
       1528     12.594    14.2800   3.413875     1.3723     1.3625     0.0048  0.0913272  0.000e+00
       1529     12.570    14.2889   3.413874     1.3711     1.3613     0.0048  0.0913272  0.000e+00
       1530     12.594    14.2978   3.414026     1.3699     1.3613     0.0048  0.0913272  0.000e+00
       1531     12.528    14.2713   3.414230     1.3699     1.3613     0.0048  0.0913272  0.000e+00
       1532     12.594    14.2476   3.414306     1.3699     1.3601     0.0048  0.0913272  0.000e+00
       1533     12.570    14.2221   3.414406     1.3699     1.3601     0.0048  0.0913272  0.000e+00
       1534     12.594    14.2018   3.414621     1.3674     1.3601     0.0048  0.0913272  0.000e+00
       1535     12.528    14.1923   3.414773     1.3674     1.3589     0.0048  0.0913272  0.000e+00
       1536     12.594    14.1752   3.415035     1.3674     1.3589     0.0048  0.0913272  0.000e+00
       1537     12.570    14.1570   3.415321     1.3699     1.3589     0.0048  0.0913272  0.000e+00
       1538     12.528    14.1481   3.415508     1.3674     1.3576     0.0048  0.0913272  0.000e+00
       1539     12.528    14.1351   3.415590     1.3650     1.3576     0.0048  0.0913272  0.000e+00
       1540     12.594    14.1356   3.415537     1.3650     1.3564     0.0048  0.0913272  0.000e+00
       1541     12.570    14.1386   3.415514     1.3650     1.3564     0.0048  0.0913272  0.000e+00
       1542     12.594    14.1376   3.415490     1.3662     1.3564     0.0048  0.0913272  0.000e+00
       1543     12.528    14.1389   3.415485     1.3650     1.3564     0.0048  0.0913272  0.000e+00
       1544     12.594    14.1435   3.415391     1.3637     1.3564     0.0048  0.0913272  0.000e+00
       1545     12.570    14.1490   3.415292     1.3650     1.3552     0.0048  0.0913272  0.000e+00
       1546     12.528    14.1376   3.415222     1.3650     1.3552     0.0048  0.0913272  0.000e+00
       1547     12.594    14.1296   3.415182     1.3674     1.3552     0.0048  0.0913272  0.000e+00
       1548     12.528    14.1341   3.415129     1.3650     1.3552     0.0048  0.0913272  0.000e+00
       1549     12.570    14.1461   3.415094     1.3650     1.3540     0.0048  0.0913272  0.000e+00
       1550     12.594    14.1629   3.415152     1.3650     1.3540     0.0048  0.0913272  0.000e+00
       1551     12.528    14.1692   3.415012     1.3650     1.3540     0.0048  0.0913272  0.000e+00
       1552     12.594    14.1743   3.415100     1.3650     1.3540     0.0048  0.0913272  0.000e+00
       1553     12.512    14.1717   3.415100     1.3650     1.3528     0.0048  0.0913272  0.000e+00
       1554     12.594    14.1601   3.415129     1.3650     1.3528     0.0048  0.0913272  0.000e+00
       1555     12.528    14.1589   3.415030     1.3650     1.3528     0.0048  0.0913272  0.000e+00
       1556     12.594    14.1641   3.414971     1.3662     1.3528     0.0048  0.0913272  0.000e+00
       1557     12.512    14.1713   3.414983     1.3662     1.3528     0.0048  0.0913272  0.000e+00
       1558     12.594    14.1761   3.415129     1.3650     1.3528     0.0049  0.0913272  0.000e+00
       1559     12.528    14.1731   3.415199     1.3637     1.3503     0.0049  0.0908388  0.000e+00
       1560     12.528    14.1636   3.415280     1.3637     1.3503     0.0049  0.0913272  0.000e+00
       1561     12.570    14.1564   3.415234     1.3662     1.3503     0.0049  0.0908388  0.000e+00
       1562     12.594    14.1508   3.415298     1.3650     1.3503     0.0049  0.0908388  0.000e+00
       1563     12.528    14.1447   3.415281     1.3650     1.3503     0.0049  0.0908388  0.000e+00
       1564     12.528    14.1324   3.415292     1.3650     1.3503     0.0049  0.0908388  0.000e+00
       1565     12.570    14.1328   3.415088     1.3650     1.3491     0.0049  0.0908388  0.000e+00
       1566     12.528    14.1547   3.414884     1.3662     1.3491     0.0049  0.0908388  0.000e+00
       1567     12.594    14.1683   3.414837     1.3662     1.3479     0.0049  0.0908388  0.000e+00
       1568     12.528    14.1508   3.414814     1.3650     1.3479     0.0049  0.0908388  0.000e+00
       1569     12.570    14.1239   3.414855     1.3650     1.3479     0.0049  0.0913272  0.000e+00
       1570     12.528    14.1030   3.414780     1.3662     1.3479     0.0049  0.0908388  0.000e+00
       1571     12.528    14.0909   3.414611     1.3674     1.3467     0.0049  0.0908388  0.000e+00
       1572     12.594    14.0943   3.414675     1.3662     1.3467     0.0049  0.0913272  0.000e+00
       1573     12.512    14.1005   3.414803     1.3650     1.3467     0.0049  0.0908388  0.000e+00
       1574     12.528    14.0941   3.414908     1.3650     1.3467     0.0049  0.0908388  0.000e+00
       1575     12.594    14.0914   3.414908     1.3674     1.3454     0.0049  0.0913272  0.000e+00
       1576     12.528    14.1070   3.414972     1.3674     1.3454     0.0049  0.0908388  0.000e+00
       1577     12.570    14.1129   3.414995     1.3662     1.3454     0.0049  0.0908388  0.000e+00
       1578     12.528    14.1048   3.414832     1.3662     1.3454     0.0049  0.0908388  0.000e+00
       1579     12.528    14.1038   3.414780     1.3650     1.3442     0.0049  0.0908388  0.000e+00
       1580     12.528    14.1080   3.414780     1.3674     1.3442     0.0049  0.0908388  0.000e+00
       1581     12.570    14.0991   3.414891     1.3674     1.3442     0.0049  0.0908388  0.000e+00
       1582     12.528    14.0836   3.414885     1.3662     1.3442     0.0049  0.0908388  0.000e+00
       1583     12.528    14.0732   3.414914     1.3650     1.3430     0.0049  0.0908388  0.000e+00
       1584     12.594    14.0662   3.414978     1.3650     1.3430     0.0049  0.0908388  0.000e+00
       1585     12.570    14.0675   3.414943     1.3662     1.3430     0.0049  0.0908388  0.000e+00
       1586     12.528    14.0635   3.415048     1.3650     1.3418     0.0049  0.0908388  0.000e+00
       1587     12.528    14.0603   3.415060     1.3650     1.3430     0.0049  0.0913272  0.000e+00
       1588     12.528    14.0655   3.414961     1.3637     1.3418     0.0049  0.0908388  0.000e+00
       1589     12.512    14.0674   3.415048     1.3650     1.3430     0.0049  0.0908388  0.000e+00
       1590     12.594    14.0571   3.415107     1.3662     1.3406     0.0049  0.0908388  0.000e+00
       1591     12.528    14.0390   3.415095     1.3637     1.3406     0.0049  0.0908388  0.000e+00
       1592     12.594    14.0383   3.415089     1.3625     1.3406     0.0049  0.0908388  0.000e+00
       1593     12.528    14.0489   3.415037     1.3625     1.3406     0.0049  0.0908388  0.000e+00
       1594     12.512    14.0499   3.415025     1.3650     1.3406     0.0049  0.0908388  0.000e+00
       1595     12.528    14.0356   3.414932     1.3637     1.3406     0.0049  0.0908388  0.000e+00
       1596     12.594    14.0250   3.414880     1.3625     1.3393     0.0049  0.0908388  0.000e+00
       1597     12.528    14.0218   3.414822     1.3625     1.3393     0.0049  0.0908388  0.000e+00
       1598     12.570    14.0242   3.414810     1.3613     1.3393     0.0049  0.0908388  0.000e+00
       1599     12.528    14.0250   3.414880     1.3625     1.3393     0.0049  0.0908388  0.000e+00
       1600     12.528    14.0084   3.415043     1.3625     1.3393     0.0049  0.0913272  0.000e+00
