data/2021/ctd_data_day2/station2_ctm_fil_le_der.cnv
* Sea-Bird SBE 9 Data File:
* FileName = C:\Users\CTD-User\Desktop\MAR440\day2\station2.hex
* Software Version Seasave V 7.26.2.13
* Temperature SN = 6313
* Conductivity SN = 4758
* Number of Bytes Per Scan = 37
* Number of Voltage Words = 4
* Number of Scans Averaged by the Deck Unit = 1
* NMEA Latitude = 58 19.95 N
* NMEA Longitude = 011 52.33 E
* NMEA UTC (Time) = Sep 22 2021 09:05:25
* NMEA baud rate = 4800
** Ship: Skagerrak
** Station: station2
** Operator: group2blue
# nquan = 13                                
# nvalues = 8194                        
# units = specified
# name 0 = scan: Scan Count
# name 1 = prDM: Pressure, Digiquartz [db]
# name 2 = t090C: Temperature [ITS-90, deg C]
# name 3 = c0S/m: Conductivity [S/m]
# name 4 = sbeox0V: Oxygen raw, SBE 43 [V]
# name 5 = sbeox1V: Oxygen raw, SBE 43, 2 [V]
# name 6 = flECO-AFL: Fluorescence, WET Labs ECO-AFL/FL [mg/m^3]
# name 7 = upoly0: Upoly 0, Turbidity
# name 8 = depSM: Depth [salt water, m], lat = 58.3325
# name 9 = sal00: Salinity, Practical [PSU]
# name 10 = sbeox0ML/L: Oxygen, SBE 43 [ml/l], WS = 2
# name 11 = sbeox1ML/L: Oxygen, SBE 43, 2 [ml/l], WS = 2
# name 12 = flag: flag
# span 0 =          1,       8194       
# span 1 =      0.490,     46.006       
# span 2 =     7.9829,    16.1349       
# span 3 =   2.611598,   3.472334       
# span 4 =     0.4618,     3.0255       
# span 5 =     0.5156,     2.9259       
# span 6 =     0.0035,     0.0209       
# span 7 =  0.0885042,  0.2305465       
# span 8 =      0.485,     45.573       
# span 9 =    20.7074,    32.1455       
# span 10 =    -0.1708,     7.7453      
# span 11 =     0.1208,     6.4904      
# span 12 = 0.0000e+00, 0.0000e+00      
# interval = seconds: 0.0416667
# start_time = Sep 22 2021 09:05:25 [NMEA time, header]
# bad_flag = -9.990e-29
*END*
[from data line 1889]
       1890      1.028    14.5350   2.753835     2.7651     2.6223     0.0059  0.1999374      1.018    21.6613     6.5801     5.5794 -9.990e-29
       1891      1.028    14.5151   2.748021     2.7632     2.6223     0.0059  0.2001397      1.018    21.6221     6.5800     5.5853 -9.990e-29
       1892      1.028    14.4962   2.742590     2.7613     2.6223     0.0059  0.2003310      1.018    21.5856     6.5801     5.5909 -9.990e-29
       1893      1.028    14.4788   2.737627     2.7595     2.6224     0.0059  0.2005128      1.018    21.5523     6.5805     5.5964 -9.990e-29
       1894      1.028    14.4634   2.733206     2.7576     2.6224     0.0059  0.2006863      1.018    21.5225     6.5806     5.6012 -9.990e-29
       1895      1.028    14.4502   2.729362     2.7558     2.6225     0.0059  0.2008527      1.018    21.4965     6.5810     5.6057 -9.990e-29
       1896      1.027    14.4393   2.726098     2.7540     2.6225     0.0059  0.2010132      1.017    21.4743     6.5814     5.6095 -9.990e-29
       1897      1.027    14.4303   2.723396     2.7522     2.6226     0.0059  0.2011689      1.017    21.4559     6.5818     5.6132 -9.990e-29
       1898      1.026    14.4228   2.721231     2.7504     2.6227     0.0059  0.2013208      1.016    21.4412     6.5823     5.6164 -9.990e-29
       1899      1.026    14.4166   2.719581     2.7486     2.6228     0.0059  0.2014700      1.016    21.4304     6.5830     5.6193 -9.990e-29
       1900      1.025    14.4116   2.718431     2.7469     2.6229     0.0059  0.2016176      1.015    21.4232     6.5841     5.6218 -9.990e-29
       1901      1.024    14.4077   2.717779     2.7452     2.6230     0.0059  0.2017646      1.014    21.4197     6.5854     5.6240 -9.990e-29
       1902      1.024    14.4054   2.717638     2.7436     2.6231     0.0059  0.2019120      1.014    21.4197     6.5871     5.6259 -9.990e-29
       1903      1.023    14.4049   2.718042     2.7420     2.6232     0.0059  0.2020608      1.013    21.4235     6.5889     5.6273 -9.990e-29
       1904      1.023    14.4063   2.719025     2.7404     2.6234     0.0059  0.2022121      1.013    21.4312     6.5908     5.6286 -9.990e-29
       1905      1.023    14.4099   2.720610     2.7389     2.6235     0.0059  0.2023669      1.013    21.4430     6.5930     5.6292 -9.990e-29
       1906      1.022    14.4156   2.722800     2.7375     2.6236     0.0059  0.2025264      1.012    21.4588     6.5955     5.6294 -9.990e-29
       1907      1.022    14.4235   2.725581     2.7361     2.6238     0.0059  0.2026915      1.012    21.4785     6.5980     5.6295 -9.990e-29
       1908      1.022    14.4337   2.728935     2.7348     2.6239     0.0055  0.2028601      1.012    21.5020     6.6009     5.6290 -9.990e-29
       1909      1.022    14.4460   2.732823     2.7335     2.6241     0.0055  0.2030257      1.012    21.5288     6.6038     5.6283 -9.990e-29
       1910      1.022    14.4602   2.737166     2.7323     2.6242     0.0055  0.2031843      1.012    21.5586     6.6070     5.6271 -9.990e-29
       1911      1.022    14.4756   2.741828     2.7312     2.6244     0.0055  0.2033362      1.012    21.5904     6.6107     5.6261 -9.990e-29
       1912      1.023    14.4918   2.746664     2.7302     2.6246     0.0055  0.2034825      1.013    21.6233     6.6150     5.6249 -9.990e-29
       1913      1.023    14.5085   2.751576     2.7293     2.6248     0.0053  0.2036242      1.013    21.6565     6.6198     5.6237 -9.990e-29
       1914      1.023    14.5258   2.756516     2.7284     2.6249     0.0055  0.2037622      1.013    21.6896     6.6250     5.6224 -9.990e-29
       1915      1.023    14.5436   2.761470     2.7277     2.6251     0.0055  0.2038975      1.013    21.7226     6.6310     5.6213 -9.990e-29
       1916      1.023    14.5621   2.766429     2.7270     2.6253     0.0055  0.2040311      1.013    21.7551     6.6372     5.6202 -9.990e-29
       1917      1.023    14.5810   2.771379     2.7265     2.6255     0.0055  0.2041639      1.013    21.7874     6.6443     5.6192 -9.990e-29
       1918      1.023    14.6001   2.776300     2.7260     2.6257     0.0053  0.2042968      1.013    21.8192     6.6516     5.6184 -9.990e-29
       1919      1.022    14.6194   2.781161     2.7257     2.6259     0.0055  0.2044307      1.012    21.8504     6.6597     5.6176 -9.990e-29
       1920      1.021    14.6387   2.785915     2.7254     2.6261     0.0055  0.2045666      1.012    21.8807     6.6680     5.6170 -9.990e-29
       1921      1.020    14.6576   2.790490     2.7253     2.6263     0.0055  0.2047054      1.011    21.9096     6.6771     5.6166 -9.990e-29
       1922      1.018    14.6757   2.794821     2.7253     2.6265     0.0055  0.2048481      1.009    21.9369     6.6868     5.6164 -9.990e-29
       1923      1.017    14.6926   2.798856     2.7254     2.6268     0.0055  0.2049957      1.008    21.9622     6.6970     5.6168 -9.990e-29
       1924      1.015    14.7082   2.802564     2.7256     2.6271     0.0055  0.2051491      1.006    21.9854     6.7078     5.6176 -9.990e-29
       1925      1.013    14.7226   2.805995     2.7260     2.6273     0.0055  0.2053095      1.004    22.0069     6.7195     5.6184 -9.990e-29
       1926      1.012    14.7363   2.809307     2.7264     2.6277     0.0055  0.2054781      1.003    22.0278     6.7311     5.6199 -9.990e-29
       1927      1.010    14.7494   2.812630     2.7270     2.6280     0.0055  0.2056558      1.001    22.0490     6.7433     5.6212 -9.990e-29
       1928      1.008    14.7617   2.815919     2.7277     2.6284     0.0055  0.2058441      0.999    22.0705     6.7558     5.6230 -9.990e-29
       1929      1.006    14.7730   2.819058     2.7286     2.6288     0.0055  0.2060441      0.997    22.0912     6.7688     5.6250 -9.990e-29
       1930      1.005    14.7833   2.822037     2.7295     2.6293     0.0055  0.2062574      0.996    22.1110     6.7816     5.6275 -9.990e-29
       1931      1.003    14.7925   2.824924     2.7306     2.6298     0.0055  0.2064853      0.994    22.1307     6.7950     5.6301 -9.990e-29
       1932      1.002    14.8004   2.827730     2.7318     2.6303     0.0055  0.2067295      0.993    22.1504     6.8085     5.6329 -9.990e-29
       1933      1.001    14.8068   2.830382     2.7331     2.6309     0.0059  0.2069874      0.992    22.1697     6.8222     5.6362 -9.990e-29
       1934      1.000    14.8119   2.832821     2.7345     2.6316     0.0062  0.2072472      0.991    22.1878     6.8359     5.6400 -9.990e-29
       1935      0.999    14.8160   2.835078     2.7360     2.6323     0.0062  0.2074946      0.990    22.2049     6.8497     5.6438 -9.990e-29
       1936      0.999    14.8198   2.837275     2.7377     2.6330     0.0062  0.2077237      0.990    22.2217     6.8636     5.6477 -9.990e-29
       1937      0.999    14.8239   2.839535     2.7394     2.6338     0.0062  0.2079360      0.990    22.2388     6.8770     5.6518 -9.990e-29
       1938      0.998    14.8286   2.841899     2.7413     2.6347     0.0062  0.2081339      0.989    22.2565     6.8903     5.6560 -9.990e-29
       1939      0.998    14.8336   2.844308     2.7432     2.6356     0.0062  0.2083188      0.989    22.2745     6.9029     5.6600 -9.990e-29
       1940      0.998    14.8385   2.846654     2.7452     2.6365     0.0062  0.2084919      0.989    22.2919     6.9153     5.6640 -9.990e-29
       1941      0.998    14.8431   2.848835     2.7472     2.6375     0.0062  0.2086544      0.989    22.3081     6.9271     5.6682 -9.990e-29
       1942      0.998    14.8471   2.850775     2.7494     2.6385     0.0062  0.2088076      0.989    22.3225     6.9390     5.6725 -9.990e-29
       1943      0.998    14.8503   2.852429     2.7515     2.6396     0.0062  0.2089524      0.989    22.3349     6.9502     5.6770 -9.990e-29
       1944      0.998    14.8527   2.853773     2.7538     2.6407     0.0062  0.2090898      0.989    22.3451     6.9615     5.6815 -9.990e-29
       1945      0.998    14.8541   2.854790     2.7560     2.6418     0.0062  0.2092209      0.989    22.3531     6.9720     5.6860 -9.990e-29
       1946      0.998    14.8544   2.855455     2.7583     2.6430     0.0062  0.2093464      0.989    22.3587     6.9824     5.6909 -9.990e-29
       1947      0.998    14.8532   2.855745     2.7606     2.6441     0.0062  0.2094674      0.989    22.3619     6.9925     5.6955 -9.990e-29
       1948      0.997    14.8505   2.855638     2.7630     2.6453     0.0062  0.2095846      0.988    22.3625     7.0025     5.7004 -9.990e-29
       1949      0.997    14.8460   2.855116     2.7653     2.6465     0.0062  0.2096988      0.988    22.3605     7.0118     5.7055 -9.990e-29
       1950      0.996    14.8397   2.854159     2.7676     2.6477     0.0062  0.2098109      0.987    22.3559     7.0209     5.7106 -9.990e-29
       1951      0.995    14.8316   2.852757     2.7700     2.6490     0.0062  0.2099217      0.986    22.3484     7.0300     5.7160 -9.990e-29
       1952      0.995    14.8219   2.850906     2.7723     2.6502     0.0062  0.2100318      0.986    22.3380     7.0384     5.7213 -9.990e-29
       1953      0.994    14.8105   2.848595     2.7745     2.6515     0.0062  0.2101421      0.985    22.3246     7.0463     5.7269 -9.990e-29
       1954      0.993    14.7977   2.845826     2.7768     2.6527     0.0062  0.2102533      0.984    22.3080     7.0541     5.7323 -9.990e-29
       1955      0.992    14.7842   2.842668     2.7790     2.6539     0.0062  0.2103662      0.983    22.2885     7.0612     5.7376 -9.990e-29
       1956      0.992    14.7707   2.839285     2.7812     2.6552     0.0062  0.2104816      0.983    22.2670     7.0678     5.7430 -9.990e-29
       1957      0.991    14.7580   2.835877     2.7833     2.6564     0.0062  0.2106003      0.982    22.2448     7.0734     5.7478 -9.990e-29
       1958      0.990    14.7463   2.832580     2.7854     2.6576     0.0062  0.2107231      0.981    22.2230     7.0782     5.7523 -9.990e-29
       1959      0.990    14.7355   2.829451     2.7875     2.6588     0.0060  0.2108483      0.981    22.2021     7.0823     5.7564 -9.990e-29
       1960      0.989    14.7256   2.826503     2.7894     2.6600     0.0060  0.2109709      0.980    22.1822     7.0850     5.7601 -9.990e-29
       1961      0.988    14.7167   2.823740     2.7914     2.6611     0.0060  0.2110874      0.979    22.1634     7.0873     5.7633 -9.990e-29
       1962      0.987    14.7086   2.821173     2.7932     2.6623     0.0060  0.2111979      0.978    22.1459     7.0884     5.7663 -9.990e-29
       1963      0.986    14.7012   2.818793     2.7950     2.6634     0.0060  0.2113030      0.977    22.1295     7.0889     5.7688 -9.990e-29
       1964      0.986    14.6942   2.816567     2.7967     2.6644     0.0060  0.2114035      0.977    22.1142     7.0886     5.7708 -9.990e-29
       1965      0.985    14.6873   2.814438     2.7984     2.6655     0.0060  0.2115002      0.976    22.0997     7.0879     5.7728 -9.990e-29
       1966      0.984    14.6804   2.812351     2.8000     2.6665     0.0060  0.2115936      0.975    22.0856     7.0866     5.7745 -9.990e-29
       1967      0.984    14.6734   2.810266     2.8016     2.6675     0.0060  0.2116845      0.975    22.0716     7.0850     5.7760 -9.990e-29
       1968      0.983    14.6663   2.808171     2.8030     2.6684     0.0060  0.2117735      0.974    22.0575     7.0826     5.7772 -9.990e-29
       1969      0.983    14.6592   2.806072     2.8044     2.6693     0.0060  0.2118611      0.974    22.0433     7.0800     5.7783 -9.990e-29
       1970      0.982    14.6522   2.803977     2.8057     2.6702     0.0060  0.2119481      0.973    22.0292     7.0770     5.7793 -9.990e-29
       1971      0.982    14.6453   2.801906     2.8070     2.6710     0.0060  0.2120349      0.973    22.0152     7.0738     5.7799 -9.990e-29
       1972      0.981    14.6388   2.799891     2.8081     2.6718     0.0060  0.2121222      0.972    22.0014     7.0698     5.7805 -9.990e-29
       1973      0.981    14.6327   2.797969     2.8092     2.6725     0.0060  0.2122107      0.972    21.9883     7.0658     5.7806 -9.990e-29
       1974      0.981    14.6269   2.796161     2.8102     2.6732     0.0060  0.2123009      0.972    21.9759     7.0614     5.7807 -9.990e-29
       1975      0.980    14.6216   2.794478     2.8111     2.6739     0.0060  0.2123934      0.971    21.9643     7.0566     5.7806 -9.990e-29
       1976      0.980    14.6167   2.792929     2.8119     2.6746     0.0060  0.2124890      0.971    21.9537     7.0514     5.7805 -9.990e-29
       1977      0.980    14.6123   2.791520     2.8126     2.6752     0.0060  0.2125882      0.971    21.9440     7.0460     5.7800 -9.990e-29
       1978      0.980    14.6083   2.790253     2.8132     2.6758     0.0060  0.2126918      0.971    21.9353     7.0403     5.7795 -9.990e-29
       1979      0.980    14.6048   2.789127     2.8138     2.6763     0.0060  0.2128004      0.971    21.9275     7.0346     5.7785 -9.990e-29
       1980      0.980    14.6019   2.788149     2.8143     2.6768     0.0060  0.2129149      0.971    21.9207     7.0287     5.7775 -9.990e-29
       1981      0.980    14.5998   2.787330     2.8147     2.6773     0.0060  0.2130360      0.971    21.9148     7.0225     5.7764 -9.990e-29
       1982      0.980    14.5985   2.786684     2.8151     2.6778     0.0060  0.2131646      0.971    21.9099     7.0164     5.7752 -9.990e-29
       1983      0.980    14.5980   2.786219     2.8153     2.6782     0.0060  0.2133015      0.971    21.9062     7.0098     5.7736 -9.990e-29
       1984      0.980    14.5983   2.785945     2.8155     2.6786     0.0062  0.2134452      0.971    21.9036     7.0034     5.7718 -9.990e-29
       1985      0.980    14.5993   2.785872     2.8157     2.6790     0.0064  0.2135874      0.971    21.9025     6.9971     5.7700 -9.990e-29
       1986      0.980    14.6009   2.785996     2.8157     2.6794     0.0064  0.2137170      0.971    21.9026     6.9904     5.7681 -9.990e-29
       1987      0.979    14.6029   2.786300     2.8158     2.6798     0.0064  0.2138292      0.970    21.9041     6.9842     5.7661 -9.990e-29
       1988      0.979    14.6056   2.786777     2.8157     2.6801     0.0064  0.2139245      0.970    21.9067     6.9776     5.7638 -9.990e-29
       1989      0.979    14.6089   2.787441     2.8157     2.6804     0.0062  0.2140047      0.970    21.9106     6.9716     5.7613 -9.990e-29
       1990      0.979    14.6130   2.788309     2.8156     2.6807     0.0064  0.2140702      0.970    21.9158     6.9655     5.7587 -9.990e-29
       1991      0.978    14.6179   2.789387     2.8154     2.6810     0.0064  0.2141223      0.969    21.9224     6.9593     5.7560 -9.990e-29
       1992      0.978    14.6235   2.790657     2.8152     2.6813     0.0064  0.2141623      0.969    21.9302     6.9535     5.7532 -9.990e-29
       1993      0.978    14.6297   2.792077     2.8150     2.6816     0.0064  0.2141904      0.969    21.9390     6.9479     5.7502 -9.990e-29
       1994      0.978    14.6363   2.793604     2.8148     2.6818     0.0064  0.2142060      0.969    21.9485     6.9427     5.7469 -9.990e-29
       1995      0.977    14.6433   2.795202     2.8146     2.6820     0.0064  0.2142083      0.968    21.9584     6.9378     5.7435 -9.990e-29
       1996      0.977    14.6507   2.796844     2.8143     2.6822     0.0064  0.2141982      0.968    21.9684     6.9331     5.7401 -9.990e-29
       1997      0.977    14.6584   2.798488     2.8140     2.6824     0.0064  0.2141765      0.968    21.9783     6.9287     5.7366 -9.990e-29
       1998      0.977    14.6661   2.800089     2.8138     2.6826     0.0064  0.2141429      0.968    21.9878     6.9250     5.7330 -9.990e-29
       1999      0.976    14.6736   2.801614     2.8135     2.6827     0.0064  0.2140974      0.967    21.9967     6.9216     5.7293 -9.990e-29
       2000      0.976    14.6809   2.803060     2.8132     2.6829     0.0064  0.2140396      0.967    22.0051     6.9186     5.7258 -9.990e-29
