data/2021/ctd_data_day2/station6_ctm_fil_le_der_avg.cnv
* Sea-Bird SBE 9 Data File:
* FileName = C:\Users\CTD-User\Desktop\MAR440\day2\station6.hex
* Software Version Seasave V 7.26.2.13
* Temperature SN = 6313
* Conductivity SN = 4758
* Number of Bytes Per Scan = 37
* Number of Voltage Words = 4
* Number of Scans Averaged by the Deck Unit = 1
* NMEA Latitude = 58 18.87 N
* NMEA Longitude = 011 46.44 E
* NMEA UTC (Time) = Sep 22 2021 10:40:23
* NMEA baud rate = 4800
** Ship: Skagerrak
** Station: station6
** Operator: group2blu
# nquan = 13
# nvalues = 33                          
# units = specified
# name 0 = scan: Scan Count
# name 1 = prDM: Pressure, Digiquartz [db]
# name 2 = t090C: Temperature [ITS-90, deg C]
# name 3 = c0S/m: Conductivity [S/m]
# name 4 = sbeox0V: Oxygen raw, SBE 43 [V]
# name 5 = sbeox1V: Oxygen raw, SBE 43, 2 [V]
# name 6 = flECO-AFL: Fluorescence, WET Labs ECO-AFL/FL [mg/m^3]
# name 7 = upoly0: Upoly 0, Turbidity
# name 8 = depSM: Depth [salt water, m], lat = 58.3145
# name 9 = sal00: Salinity, Practical [PSU]
# name 10 = sbeox0ML/L: Oxygen, SBE 43 [ml/l], WS = 2
# name 11 = sbeox1ML/L: Oxygen, SBE 43, 2 [ml/l], WS = 2
# name 12 = flag: flag
# span 0 =         -1,       3117       
# span 1 =      4.038,     36.341       
# span 2 =     6.7543,    15.8736       
# span 3 =   2.945403,   3.728359       
# span 4 =     0.5855,     2.3786       
# span 5 =     0.6381,     2.3904       
# span 6 =     0.0035,     0.0132       
# span 7 =  0.0866737,  0.1554099       
# span 8 =      4.000,     36.000       
# span 9 =    22.7316,    32.1064       
# span 10 =     0.0701,     5.2784      
# span 11 =     0.3585,     4.8558      
# span 12 = 0.0000e+00, 0.0000e+00      
# interval = meters: 1                  
# start_time = Sep 22 2021 10:40:23 [NMEA time, header]
# bad_flag = -9.990e-29
*END*
         -1      4.038    14.9685   2.945403     2.2741     2.2316     0.0046  0.1554099      4.000    23.0673     5.2784     4.5070 0.0000e+00
         48      5.047    14.9639   2.945734     2.2443     2.1950     0.0046  0.1551072      5.000    23.0726     5.0550     4.3788 0.0000e+00
         95      6.056    14.9620   2.946149     2.2044     2.2253     0.0046  0.1549012      6.000    23.0770     4.9173     4.6040 0.0000e+00
        143      7.066    15.1637   2.947338     2.1647     2.2708     0.0045  0.1491476      7.000    22.9689     4.8037     4.6436 0.0000e+00
        190      8.075    15.5234   2.948832     2.1377     2.2882     0.0046  0.1406836      8.000    22.7727     4.7361     4.6434 0.0000e+00
        236      9.085    15.5975   2.949051     2.1252     2.3192     0.0046  0.1405563      9.000    22.7316     4.7292     4.7724 0.0000e+00
        946     10.094    15.7902   3.059421     2.2442     2.3904     0.0052  0.1401889     10.000    23.5546     4.9740     4.8558 0.0000e+00
       1969     11.103    15.8736   3.323946     2.3786     2.3862     0.0047  0.1241662     11.000    25.7629     5.1535     4.5349 0.0000e+00
       2018     12.113    15.2661   3.427575     2.2511     2.2317     0.0038  0.1014765     12.000    27.0653     4.4629     3.8572 0.0000e+00
       2065     13.122    14.5171   3.460691     1.9888     1.9563     0.0037  0.0952440     13.000    27.8829     3.4694     3.0724 0.0000e+00
       2111     14.132    14.1914   3.492800     1.7130     1.6992     0.0036  0.0918751     14.000    28.4068     2.7954     2.5699 0.0000e+00
       2157     15.141    13.9501   3.512504     1.5127     1.5209     0.0036  0.0916136     15.000    28.7635     2.4363     2.2967 0.0000e+00
       2203     16.151    13.6642   3.538606     1.3793     1.4057     0.0038  0.0915624     16.000    29.2170     2.2122     2.1318 0.0000e+00
       2249     17.160    13.5261   3.568591     1.2844     1.3227     0.0040  0.0909018     17.000    29.5976     2.0138     1.9746 0.0000e+00
       2295     18.170    13.5982   3.618129     1.2155     1.2662     0.0040  0.0902374     18.000    29.9972     1.9120     1.9181 0.0000e+00
       2341     19.179    13.6725   3.672172     1.1874     1.2519     0.0038  0.0899521     19.000    30.4360     1.9448     1.9728 0.0000e+00
       2385     20.189    13.4977   3.693854     1.1961     1.2745     0.0037  0.0886417     20.000    30.7758     2.0669     2.1009 0.0000e+00
       2429     21.198    12.8881   3.657487     1.2166     1.3010     0.0037  0.0881186     21.000    30.9306     2.1337     2.1564 0.0000e+00
       2475     22.208    12.6833   3.668375     1.2224     1.3074     0.0038  0.0880239     22.000    31.2011     2.1059     2.1305 0.0000e+00
       2522     23.217    12.7924   3.724529     1.2204     1.3066     0.0046  0.0876907     23.000    31.6408     2.0861     2.1173 0.0000e+00
       2569     24.227    12.5643   3.728359     1.2112     1.2971     0.0037  0.0867489     24.000    31.8688     2.0556     2.1081 0.0000e+00
       2614     25.236    11.7358   3.662669     1.2279     1.3248     0.0036  0.0868028     25.000    31.9442     2.2615     2.3084 0.0000e+00
       2658     26.246    10.7451   3.573721     1.2445     1.3385     0.0035  0.0868781     26.000    31.9294     2.2452     2.2566 0.0000e+00
       2704     27.255     9.9181   3.502000     1.2125     1.2902     0.0041  0.0868825     27.000    31.9366     1.9461     1.9395 0.0000e+00
       2751     28.265     8.6187   3.385855     1.1128     1.1663     0.0044  0.0868732     28.000    31.9020     1.4215     1.4434 0.0000e+00
       2797     29.274     7.8159   3.314836     0.9851     1.0233     0.0045  0.0866737     29.000    31.8815     1.0415     1.1316 0.0000e+00
       2843     30.284     7.4182   3.283502     0.8909     0.9280     0.0052  0.0868257     30.000    31.9099     0.8801     1.0045 0.0000e+00
       2887     31.293     7.1146   3.259923     0.8191     0.8562     0.0048  0.0869029     31.000    31.9348     0.7083     0.8677 0.0000e+00
       2932     32.303     6.9942   3.253991     0.7648     0.8067     0.0067  0.0868864     32.000    31.9816     0.6154     0.7990 0.0000e+00
       2978     33.312     6.9520   3.252295     0.7149     0.7574     0.0077  0.0869067     33.000    32.0018     0.4230     0.6263 0.0000e+00
       3025     34.322     6.8992   3.250497     0.6627     0.7083     0.0084  0.0870696     34.000    32.0309     0.2798     0.5286 0.0000e+00
       3071     35.331     6.8185   3.247414     0.6223     0.6726     0.0106  0.0871222     35.000    32.0720     0.1822     0.4504 0.0000e+00
       3117     36.341     6.7543   3.245114     0.5855     0.6381     0.0132  0.0873813     36.000    32.1064     0.0701     0.3585 0.0000e+00
