data/2021/ctd_data_day2/station5_ctm_fil.cnv
* Sea-Bird SBE 9 Data File:
* FileName = C:\Users\CTD-User\Desktop\MAR440\day2\station5.hex
* Software Version Seasave V 7.26.2.13
* Temperature SN = 6313
* Conductivity SN = 4758
* Number of Bytes Per Scan = 37
* Number of Voltage Words = 4
* Number of Scans Averaged by the Deck Unit = 1
* NMEA Latitude = 58 19.20 N
* NMEA Longitude = 011 48.71 E
* NMEA UTC (Time) = Sep 22 2021 10:20:22
* NMEA baud rate = 4800
** Ship: Skagerrak
** Station: station5
** Operator: group2blu
# nquan = 9
# nvalues = 5019                        
# units = specified
# name 0 = scan: Scan Count
# name 1 = prDM: Pressure, Digiquartz [db]
# name 2 = t090C: Temperature [ITS-90, deg C]
# name 3 = c0S/m: Conductivity [S/m]
# name 4 = sbeox0V: Oxygen raw, SBE 43 [V]
# name 5 = sbeox1V: Oxygen raw, SBE 43, 2 [V]
# name 6 = flECO-AFL: Fluorescence, WET Labs ECO-AFL/FL [mg/m^3]
# name 7 = upoly0: Upoly 0, Turbidity
# name 8 = flag:  0.000e+00
# span 0 =          1,       5019       
# span 1 =      0.431,     26.494       
# span 2 =    11.7329,    16.2142       
# span 3 =  -0.000256,   3.795797       
# span 4 =     0.9420,     2.9473       
# span 5 =     1.0255,     2.8390       
# span 6 =     0.0020,     0.0522       
# span 7 =  0.0806113,  0.1779398       
# span 8 = 0.0000e+00, 0.0000e+00       
# interval = seconds: 0.0416667
# start_time = Sep 22 2021 10:20:22 [NMEA time, header]
# bad_flag = -9.990e-29
*END*
[from data line 3201]
       3202      1.213    14.8956   2.945439     2.8171     2.7877     0.0046  0.1640529 0.0000e+00
       3203      1.210    14.8977   2.945890     2.8173     2.7876     0.0046  0.1639716 0.0000e+00
       3204      1.208    14.8997   2.946335     2.8175     2.7874     0.0046  0.1638834 0.0000e+00
       3205      1.206    14.9018   2.946781     2.8178     2.7872     0.0046  0.1637879 0.0000e+00
       3206      1.204    14.9040   2.947235     2.8180     2.7870     0.0048  0.1636893 0.0000e+00
       3207      1.202    14.9062   2.947701     2.8182     2.7868     0.0048  0.1635946 0.0000e+00
       3208      1.200    14.9083   2.948172     2.8184     2.7866     0.0048  0.1635067 0.0000e+00
       3209      1.199    14.9101   2.948620     2.8186     2.7864     0.0048  0.1634248 0.0000e+00
       3210      1.198    14.9116   2.949013     2.8187     2.7862     0.0048  0.1633484 0.0000e+00
       3211      1.197    14.9126   2.949326     2.8189     2.7859     0.0048  0.1632770 0.0000e+00
       3212      1.197    14.9132   2.949551     2.8191     2.7857     0.0048  0.1632101 0.0000e+00
       3213      1.197    14.9136   2.949699     2.8192     2.7854     0.0048  0.1631472 0.0000e+00
       3214      1.197    14.9138   2.949786     2.8193     2.7851     0.0048  0.1630878 0.0000e+00
       3215      1.198    14.9139   2.949828     2.8194     2.7848     0.0048  0.1630316 0.0000e+00
       3216      1.199    14.9139   2.949835     2.8196     2.7845     0.0048  0.1629782 0.0000e+00
       3217      1.201    14.9138   2.949822     2.8196     2.7842     0.0048  0.1629272 0.0000e+00
       3218      1.203    14.9137   2.949796     2.8197     2.7838     0.0048  0.1628782 0.0000e+00
       3219      1.205    14.9135   2.949755     2.8198     2.7835     0.0048  0.1628309 0.0000e+00
       3220      1.207    14.9133   2.949697     2.8199     2.7832     0.0048  0.1627850 0.0000e+00
       3221      1.209    14.9130   2.949616     2.8199     2.7828     0.0048  0.1627401 0.0000e+00
       3222      1.212    14.9125   2.949515     2.8200     2.7824     0.0048  0.1626960 0.0000e+00
       3223      1.215    14.9120   2.949403     2.8200     2.7820     0.0048  0.1626523 0.0000e+00
       3224      1.218    14.9114   2.949292     2.8200     2.7816     0.0048  0.1626087 0.0000e+00
       3225      1.220    14.9108   2.949189     2.8200     2.7812     0.0048  0.1625650 0.0000e+00
       3226      1.223    14.9102   2.949098     2.8200     2.7808     0.0048  0.1625208 0.0000e+00
       3227      1.225    14.9096   2.949015     2.8200     2.7804     0.0048  0.1624758 0.0000e+00
       3228      1.228    14.9090   2.948937     2.8199     2.7800     0.0048  0.1624297 0.0000e+00
       3229      1.230    14.9083   2.948861     2.8199     2.7796     0.0048  0.1623822 0.0000e+00
       3230      1.232    14.9077   2.948781     2.8199     2.7791     0.0048  0.1623329 0.0000e+00
       3231      1.233    14.9069   2.948694     2.8198     2.7787     0.0046  0.1622833 0.0000e+00
       3232      1.234    14.9061   2.948595     2.8197     2.7782     0.0046  0.1622371 0.0000e+00
       3233      1.235    14.9051   2.948477     2.8197     2.7778     0.0046  0.1621967 0.0000e+00
       3234      1.235    14.9040   2.948337     2.8196     2.7773     0.0046  0.1621609 0.0000e+00
       3235      1.235    14.9027   2.948169     2.8195     2.7768     0.0046  0.1621294 0.0000e+00
       3236      1.235    14.9012   2.947970     2.8194     2.7762     0.0046  0.1621030 0.0000e+00
       3237      1.234    14.8995   2.947736     2.8192     2.7757     0.0046  0.1620804 0.0000e+00
       3238      1.233    14.8977   2.947467     2.8191     2.7752     0.0046  0.1620609 0.0000e+00
       3239      1.232    14.8957   2.947162     2.8189     2.7746     0.0046  0.1620441 0.0000e+00
       3240      1.230    14.8936   2.946823     2.8188     2.7741     0.0046  0.1620301 0.0000e+00
       3241      1.228    14.8914   2.946451     2.8186     2.7735     0.0046  0.1620186 0.0000e+00
       3242      1.226    14.8891   2.946048     2.8184     2.7730     0.0046  0.1620096 0.0000e+00
       3243      1.224    14.8866   2.945616     2.8182     2.7724     0.0046  0.1620031 0.0000e+00
       3244      1.223    14.8841   2.945159     2.8179     2.7719     0.0046  0.1619990 0.0000e+00
       3245      1.221    14.8816   2.944687     2.8177     2.7713     0.0046  0.1619973 0.0000e+00
       3246      1.219    14.8790   2.944212     2.8174     2.7708     0.0046  0.1619980 0.0000e+00
       3247      1.217    14.8763   2.943736     2.8171     2.7703     0.0046  0.1620010 0.0000e+00
       3248      1.216    14.8736   2.943261     2.8168     2.7698     0.0046  0.1620064 0.0000e+00
       3249      1.215    14.8708   2.942781     2.8165     2.7692     0.0046  0.1620143 0.0000e+00
       3250      1.214    14.8680   2.942295     2.8162     2.7687     0.0046  0.1620246 0.0000e+00
       3251      1.214    14.8653   2.941806     2.8158     2.7683     0.0046  0.1620375 0.0000e+00
       3252      1.214    14.8627   2.941330     2.8154     2.7678     0.0046  0.1620531 0.0000e+00
       3253      1.214    14.8604   2.940883     2.8150     2.7673     0.0046  0.1620722 0.0000e+00
       3254      1.215    14.8583   2.940470     2.8146     2.7669     0.0046  0.1620960 0.0000e+00
       3255      1.216    14.8564   2.940089     2.8142     2.7664     0.0046  0.1621236 0.0000e+00
       3256      1.217    14.8546   2.939738     2.8138     2.7660     0.0046  0.1621545 0.0000e+00
       3257      1.219    14.8531   2.939415     2.8133     2.7656     0.0044  0.1621872 0.0000e+00
       3258      1.221    14.8517   2.939121     2.8128     2.7652     0.0044  0.1622184 0.0000e+00
       3259      1.223    14.8505   2.938857     2.8123     2.7648     0.0044  0.1622468 0.0000e+00
       3260      1.225    14.8494   2.938619     2.8118     2.7645     0.0044  0.1622725 0.0000e+00
       3261      1.228    14.8485   2.938405     2.8113     2.7641     0.0044  0.1622956 0.0000e+00
       3262      1.230    14.8475   2.938209     2.8107     2.7638     0.0044  0.1623164 0.0000e+00
       3263      1.233    14.8467   2.938022     2.8102     2.7634     0.0044  0.1623359 0.0000e+00
       3264      1.235    14.8457   2.937836     2.8096     2.7631     0.0044  0.1623549 0.0000e+00
       3265      1.237    14.8447   2.937640     2.8091     2.7628     0.0044  0.1623729 0.0000e+00
       3266      1.239    14.8434   2.937429     2.8085     2.7624     0.0044  0.1623891 0.0000e+00
       3267      1.241    14.8420   2.937196     2.8080     2.7621     0.0044  0.1624035 0.0000e+00
       3268      1.243    14.8404   2.936939     2.8074     2.7618     0.0044  0.1624164 0.0000e+00
       3269      1.244    14.8386   2.936657     2.8068     2.7615     0.0044  0.1624278 0.0000e+00
       3270      1.245    14.8366   2.936353     2.8063     2.7612     0.0044  0.1624377 0.0000e+00
       3271      1.246    14.8345   2.936022     2.8057     2.7610     0.0044  0.1624462 0.0000e+00
       3272      1.246    14.8320   2.935657     2.8052     2.7607     0.0044  0.1624535 0.0000e+00
       3273      1.246    14.8293   2.935247     2.8046     2.7605     0.0044  0.1624604 0.0000e+00
       3274      1.246    14.8262   2.934785     2.8041     2.7603     0.0044  0.1624677 0.0000e+00
       3275      1.246    14.8227   2.934264     2.8035     2.7601     0.0044  0.1624747 0.0000e+00
       3276      1.246    14.8189   2.933678     2.8030     2.7599     0.0044  0.1624807 0.0000e+00
       3277      1.245    14.8146   2.933025     2.8025     2.7598     0.0044  0.1624855 0.0000e+00
       3278      1.245    14.8099   2.932306     2.8020     2.7596     0.0044  0.1624894 0.0000e+00
       3279      1.244    14.8051   2.931537     2.8015     2.7595     0.0044  0.1624922 0.0000e+00
       3280      1.243    14.8003   2.930749     2.8011     2.7594     0.0044  0.1624940 0.0000e+00
       3281      1.243    14.7958   2.929975     2.8006     2.7594     0.0044  0.1624949 0.0000e+00
       3282      1.242    14.7916   2.929234     2.8002     2.7593     0.0046  0.1624948 0.0000e+00
       3283      1.241    14.7877   2.928528     2.7998     2.7593     0.0046  0.1624938 0.0000e+00
       3284      1.241    14.7838   2.927844     2.7994     2.7593     0.0046  0.1624917 0.0000e+00
       3285      1.240    14.7800   2.927163     2.7990     2.7593     0.0046  0.1624887 0.0000e+00
       3286      1.240    14.7759   2.926463     2.7987     2.7593     0.0046  0.1624847 0.0000e+00
       3287      1.240    14.7717   2.925732     2.7983     2.7593     0.0046  0.1624796 0.0000e+00
       3288      1.240    14.7672   2.924968     2.7980     2.7594     0.0046  0.1624735 0.0000e+00
       3289      1.240    14.7627   2.924185     2.7977     2.7594     0.0046  0.1624671 0.0000e+00
       3290      1.240    14.7583   2.923399     2.7974     2.7595     0.0046  0.1624612 0.0000e+00
       3291      1.240    14.7540   2.922633     2.7971     2.7596     0.0046  0.1624550 0.0000e+00
       3292      1.240    14.7499   2.921902     2.7968     2.7597     0.0046  0.1624476 0.0000e+00
       3293      1.240    14.7461   2.921214     2.7966     2.7598     0.0046  0.1624388 0.0000e+00
       3294      1.240    14.7426   2.920568     2.7963     2.7600     0.0046  0.1624287 0.0000e+00
       3295      1.241    14.7393   2.919963     2.7961     2.7601     0.0046  0.1624180 0.0000e+00
       3296      1.241    14.7362   2.919393     2.7958     2.7602     0.0046  0.1624076 0.0000e+00
       3297      1.241    14.7333   2.918855     2.7956     2.7604     0.0046  0.1623963 0.0000e+00
       3298      1.241    14.7306   2.918344     2.7954     2.7605     0.0046  0.1623835 0.0000e+00
       3299      1.241    14.7281   2.917860     2.7952     2.7607     0.0046  0.1623689 0.0000e+00
       3300      1.241    14.7258   2.917403     2.7949     2.7608     0.0046  0.1623525 0.0000e+00
       3301      1.241    14.7236   2.916972     2.7947     2.7609     0.0046  0.1623341 0.0000e+00
       3302      1.241    14.7217   2.916566     2.7945     2.7611     0.0046  0.1623136 0.0000e+00
       3303      1.241    14.7200   2.916187     2.7943     2.7612     0.0046  0.1622909 0.0000e+00
       3304      1.241    14.7185   2.915837     2.7941     2.7614     0.0046  0.1622658 0.0000e+00
       3305      1.241    14.7173   2.915516     2.7939     2.7616     0.0046  0.1622381 0.0000e+00
       3306      1.241    14.7162   2.915225     2.7937     2.7617     0.0046  0.1622077 0.0000e+00
       3307      1.241    14.7153   2.914961     2.7935     2.7619     0.0046  0.1621752 0.0000e+00
       3308      1.241    14.7145   2.914723     2.7933     2.7620     0.0046  0.1621437 0.0000e+00
       3309      1.241    14.7139   2.914507     2.7932     2.7622     0.0046  0.1621173 0.0000e+00
       3310      1.241    14.7133   2.914312     2.7930     2.7624     0.0046  0.1620976 0.0000e+00
       3311      1.242    14.7127   2.914138     2.7929     2.7625     0.0046  0.1620843 0.0000e+00
       3312      1.242    14.7123   2.913985     2.7927     2.7627     0.0046  0.1620773 0.0000e+00
       3313      1.243    14.7120   2.913856     2.7926     2.7629     0.0046  0.1620767 0.0000e+00
       3314      1.243    14.7118   2.913754     2.7924     2.7631     0.0046  0.1620824 0.0000e+00
       3315      1.243    14.7117   2.913680     2.7923     2.7633     0.0046  0.1620944 0.0000e+00
       3316      1.244    14.7119   2.913632     2.7922     2.7634     0.0046  0.1621129 0.0000e+00
       3317      1.244    14.7122   2.913606     2.7921     2.7636     0.0046  0.1621380 0.0000e+00
       3318      1.245    14.7126   2.913598     2.7920     2.7638     0.0046  0.1621698 0.0000e+00
       3319      1.245    14.7131   2.913601     2.7919     2.7640     0.0046  0.1622086 0.0000e+00
       3320      1.246    14.7137   2.913610     2.7919     2.7642     0.0046  0.1622546 0.0000e+00
       3321      1.246    14.7143   2.913624     2.7918     2.7644     0.0046  0.1623082 0.0000e+00
       3322      1.247    14.7149   2.913640     2.7918     2.7647     0.0046  0.1623697 0.0000e+00
       3323      1.247    14.7155   2.913658     2.7918     2.7649     0.0046  0.1624395 0.0000e+00
       3324      1.248    14.7160   2.913678     2.7918     2.7652     0.0046  0.1625182 0.0000e+00
       3325      1.248    14.7165   2.913699     2.7919     2.7654     0.0046  0.1626063 0.0000e+00
       3326      1.248    14.7169   2.913724     2.7920     2.7657     0.0046  0.1627044 0.0000e+00
       3327      1.248    14.7173   2.913752     2.7920     2.7659     0.0046  0.1628131 0.0000e+00
       3328      1.248    14.7176   2.913783     2.7921     2.7662     0.0046  0.1629333 0.0000e+00
       3329      1.248    14.7180   2.913811     2.7923     2.7665     0.0046  0.1630658 0.0000e+00
       3330      1.248    14.7183   2.913835     2.7924     2.7668     0.0046  0.1632115 0.0000e+00
       3331      1.248    14.7185   2.913851     2.7926     2.7672     0.0046  0.1633714 0.0000e+00
       3332      1.247    14.7187   2.913856     2.7928     2.7675     0.0046  0.1635466 0.0000e+00
       3333      1.247    14.7187   2.913845     2.7930     2.7679     0.0046  0.1637342 0.0000e+00
       3334      1.246    14.7185   2.913816     2.7932     2.7682     0.0044  0.1639225 0.0000e+00
       3335      1.245    14.7182   2.913769     2.7934     2.7686     0.0044  0.1640995 0.0000e+00
       3336      1.244    14.7176   2.913706     2.7937     2.7690     0.0044  0.1642603 0.0000e+00
       3337      1.243    14.7168   2.913624     2.7940     2.7695     0.0044  0.1644053 0.0000e+00
       3338      1.242    14.7158   2.913523     2.7944     2.7699     0.0044  0.1645354 0.0000e+00
       3339      1.240    14.7146   2.913401     2.7947     2.7703     0.0044  0.1646515 0.0000e+00
       3340      1.238    14.7133   2.913262     2.7951     2.7708     0.0044  0.1647545 0.0000e+00
       3341      1.237    14.7120   2.913112     2.7955     2.7713     0.0044  0.1648451 0.0000e+00
       3342      1.235    14.7108   2.912963     2.7959     2.7718     0.0044  0.1649239 0.0000e+00
       3343      1.233    14.7098   2.912826     2.7963     2.7723     0.0044  0.1649914 0.0000e+00
       3344      1.231    14.7090   2.912707     2.7968     2.7728     0.0044  0.1650482 0.0000e+00
       3345      1.230    14.7085   2.912611     2.7973     2.7733     0.0044  0.1650946 0.0000e+00
       3346      1.228    14.7082   2.912538     2.7978     2.7739     0.0044  0.1651309 0.0000e+00
       3347      1.227    14.7082   2.912491     2.7983     2.7744     0.0044  0.1651574 0.0000e+00
       3348      1.225    14.7084   2.912469     2.7988     2.7749     0.0044  0.1651743 0.0000e+00
       3349      1.224    14.7089   2.912474     2.7993     2.7755     0.0044  0.1651816 0.0000e+00
       3350      1.223    14.7095   2.912506     2.7999     2.7760     0.0044  0.1651796 0.0000e+00
       3351      1.223    14.7104   2.912559     2.8004     2.7765     0.0044  0.1651680 0.0000e+00
       3352      1.222    14.7112   2.912628     2.8009     2.7770     0.0044  0.1651469 0.0000e+00
       3353      1.222    14.7120   2.912704     2.8015     2.7775     0.0044  0.1651161 0.0000e+00
       3354      1.222    14.7128   2.912782     2.8020     2.7781     0.0044  0.1650754 0.0000e+00
       3355      1.222    14.7136   2.912863     2.8026     2.7786     0.0044  0.1650245 0.0000e+00
       3356      1.223    14.7144   2.912949     2.8032     2.7791     0.0044  0.1649630 0.0000e+00
       3357      1.224    14.7152   2.913040     2.8038     2.7796     0.0044  0.1648906 0.0000e+00
       3358      1.225    14.7160   2.913133     2.8044     2.7800     0.0044  0.1648075 0.0000e+00
       3359      1.226    14.7167   2.913225     2.8049     2.7805     0.0046  0.1647175 0.0000e+00
       3360      1.227    14.7174   2.913313     2.8055     2.7810     0.0046  0.1646267 0.0000e+00
