data/2021/ctd_data_day2/station8_ctm_fil_le.cnv
* Sea-Bird SBE 9 Data File:
* FileName = C:\Users\CTD-User\Desktop\MAR440\day2\station8.hex
* Software Version Seasave V 7.26.2.13
* Temperature SN = 6313
* Conductivity SN = 4758
* Number of Bytes Per Scan = 37
* Number of Voltage Words = 4
* Number of Scans Averaged by the Deck Unit = 1
* NMEA Latitude = 58 19.53 N
* NMEA Longitude = 011 50.68 E
* NMEA UTC (Time) = Sep 22 2021 11:34:11
* NMEA baud rate = 4800
** Ship: Skagerrak
** Station: station8
** Operator: group1
# nquan = 9
# nvalues = 1621                        
# units = specified
# name 0 = scan: Scan Count
# name 1 = prDM: Pressure, Digiquartz [db]
# name 2 = t090C: Temperature [ITS-90, deg C]
# name 3 = c0S/m: Conductivity [S/m]
# name 4 = sbeox0V: Oxygen raw, SBE 43 [V]
# name 5 = sbeox1V: Oxygen raw, SBE 43, 2 [V]
# name 6 = flECO-AFL: Fluorescence, WET Labs ECO-AFL/FL [mg/m^3]
# name 7 = upoly0: Upoly 0, Turbidity
# name 8 = flag:  0.000e+00
# span 0 =          1,       1621       
# span 1 =      0.840,     12.569       
# span 2 =    14.0065,    15.7167       
# span 3 =   2.901340,   3.413555       
# span 4 =     1.3577,     2.8177       
# span 5 =     1.3369,     2.7501       
# span 6 =     0.0040,     0.0057       
# span 7 =  0.0909304,  0.1803616       
# span 8 = 0.0000e+00, 0.0000e+00       
# interval = seconds: 0.0416667
# start_time = Sep 22 2021 11:34:11 [NMEA time, header]
# bad_flag = -9.990e-29
*END*
          1      2.677    14.9626   2.936792     2.7827     2.7097     0.0049  0.1729276 -9.990e-29
          2      2.689    14.9621   2.936783     2.7826     2.7096     0.0055  0.1729724 -9.990e-29
          3      2.702    14.9615   2.936772     2.7825     2.7095     0.0055  0.1730179 -9.990e-29
          4      2.716    14.9609   2.936752     2.7824     2.7094     0.0055  0.1730617 -9.990e-29
          5      2.730    14.9601   2.936715     2.7823     2.7093     0.0055  0.1731033 -9.990e-29
          6      2.746    14.9592   2.936649     2.7822     2.7092     0.0053  0.1731430 -9.990e-29
          7      2.761    14.9581   2.936547     2.7821     2.7091     0.0049  0.1731810 -9.990e-29
          8      2.777    14.9569   2.936407     2.7820     2.7090     0.0055  0.1732176 -9.990e-29
          9      2.794    14.9556   2.936232     2.7819     2.7089     0.0055  0.1732532 -9.990e-29
         10      2.811    14.9542   2.936024     2.7818     2.7088     0.0049  0.1732879 -9.990e-29
         11      2.828    14.9528   2.935789     2.7817     2.7086     0.0055  0.1733219 -9.990e-29
         12      2.846    14.9514   2.935535     2.7816     2.7085     0.0055  0.1733555 -9.990e-29
         13      2.864    14.9502   2.935278     2.7815     2.7084     0.0055  0.1733890 -9.990e-29
         14      2.882    14.9490   2.935032     2.7814     2.7082     0.0055  0.1734226 -9.990e-29
         15      2.901    14.9480   2.934810     2.7813     2.7081     0.0055  0.1734565 -9.990e-29
         16      2.920    14.9472   2.934618     2.7812     2.7080     0.0055  0.1734909 -9.990e-29
         17      2.939    14.9466   2.934464     2.7811     2.7078     0.0055  0.1735261 -9.990e-29
         18      2.959    14.9462   2.934351     2.7811     2.7077     0.0055  0.1735623 -9.990e-29
         19      2.978    14.9459   2.934283     2.7810     2.7076     0.0055  0.1735998 -9.990e-29
         20      2.998    14.9459   2.934260     2.7809     2.7075     0.0049  0.1736388 -9.990e-29
         21      3.018    14.9460   2.934280     2.7808     2.7073     0.0055  0.1736796 -9.990e-29
         22      3.038    14.9464   2.934346     2.7807     2.7072     0.0049  0.1737226 -9.990e-29
         23      3.058    14.9469   2.934458     2.7806     2.7071     0.0055  0.1737679 -9.990e-29
         24      3.079    14.9477   2.934623     2.7804     2.7070     0.0055  0.1738159 -9.990e-29
         25      3.099    14.9487   2.934844     2.7803     2.7069     0.0055  0.1738670 -9.990e-29
         26      3.120    14.9500   2.935129     2.7802     2.7068     0.0055  0.1739215 -9.990e-29
         27      3.141    14.9516   2.935485     2.7801     2.7067     0.0049  0.1739781 -9.990e-29
         28      3.162    14.9536   2.935916     2.7800     2.7066     0.0049  0.1740320 -9.990e-29
         29      3.182    14.9558   2.936425     2.7799     2.7065     0.0051  0.1740769 -9.990e-29
         30      3.203    14.9582   2.937006     2.7798     2.7064     0.0049  0.1741088 -9.990e-29
         31      3.224    14.9607   2.937644     2.7797     2.7064     0.0049  0.1741280 -9.990e-29
         32      3.245    14.9633   2.938317     2.7796     2.7063     0.0049  0.1741354 -9.990e-29
         33      3.267    14.9659   2.939009     2.7795     2.7062     0.0051  0.1741310 -9.990e-29
         34      3.288    14.9687   2.939720     2.7794     2.7062     0.0049  0.1741149 -9.990e-29
         35      3.309    14.9716   2.940471     2.7793     2.7061     0.0049  0.1740870 -9.990e-29
         36      3.330    14.9749   2.941282     2.7792     2.7061     0.0049  0.1740470 -9.990e-29
         37      3.352    14.9785   2.942173     2.7791     2.7060     0.0049  0.1739946 -9.990e-29
         38      3.373    14.9825   2.943159     2.7790     2.7060     0.0049  0.1739296 -9.990e-29
         39      3.395    14.9869   2.944251     2.7790     2.7060     0.0049  0.1738514 -9.990e-29
         40      3.416    14.9918   2.945451     2.7789     2.7059     0.0049  0.1737594 -9.990e-29
         41      3.438    14.9970   2.946748     2.7788     2.7059     0.0049  0.1736532 -9.990e-29
         42      3.459    15.0026   2.948124     2.7788     2.7059     0.0049  0.1735319 -9.990e-29
         43      3.481    15.0084   2.949568     2.7787     2.7058     0.0051  0.1733946 -9.990e-29
         44      3.503    15.0145   2.951069     2.7787     2.7058     0.0049  0.1732405 -9.990e-29
         45      3.524    15.0208   2.952620     2.7786     2.7058     0.0051  0.1730684 -9.990e-29
         46      3.546    15.0273   2.954225     2.7786     2.7057     0.0051  0.1728772 -9.990e-29
         47      3.568    15.0342   2.955899     2.7786     2.7057     0.0049  0.1726656 -9.990e-29
         48      3.589    15.0414   2.957653     2.7785     2.7057     0.0051  0.1724319 -9.990e-29
         49      3.611    15.0489   2.959487     2.7785     2.7056     0.0051  0.1721747 -9.990e-29
         50      3.633    15.0564   2.961380     2.7785     2.7056     0.0049  0.1718922 -9.990e-29
         51      3.655    15.0637   2.963291     2.7784     2.7056     0.0049  0.1715823 -9.990e-29
         52      3.677    15.0707   2.965163     2.7784     2.7055     0.0051  0.1712429 -9.990e-29
         53      3.699    15.0770   2.966939     2.7784     2.7055     0.0053  0.1708810 -9.990e-29
         54      3.721    15.0827   2.968580     2.7784     2.7055     0.0055  0.1705187 -9.990e-29
         55      3.743    15.0877   2.970059     2.7784     2.7054     0.0055  0.1701756 -9.990e-29
         56      3.765    15.0920   2.971364     2.7784     2.7054     0.0055  0.1698570 -9.990e-29
         57      3.787    15.0956   2.972488     2.7784     2.7054     0.0055  0.1695614 -9.990e-29
         58      3.809    15.0986   2.973427     2.7784     2.7054     0.0055  0.1692868 -9.990e-29
         59      3.831    15.1009   2.974184     2.7784     2.7053     0.0055  0.1690314 -9.990e-29
         60      3.853    15.1027   2.974761     2.7784     2.7053     0.0053  0.1687932 -9.990e-29
         61      3.875    15.1039   2.975168     2.7785     2.7053     0.0055  0.1685707 -9.990e-29
         62      3.898    15.1045   2.975414     2.7785     2.7053     0.0049  0.1683624 -9.990e-29
         63      3.920    15.1047   2.975508     2.7786     2.7053     0.0055  0.1681667 -9.990e-29
         64      3.942    15.1044   2.975457     2.7786     2.7054     0.0049  0.1679823 -9.990e-29
         65      3.964    15.1036   2.975267     2.7787     2.7054     0.0049  0.1678080 -9.990e-29
         66      3.986    15.1022   2.974942     2.7788     2.7054     0.0055  0.1676425 -9.990e-29
         67      4.007    15.1004   2.974487     2.7789     2.7055     0.0055  0.1674846 -9.990e-29
         68      4.029    15.0981   2.973906     2.7789     2.7055     0.0055  0.1673333 -9.990e-29
         69      4.051    15.0953   2.973204     2.7790     2.7055     0.0049  0.1671875 -9.990e-29
         70      4.073    15.0922   2.972390     2.7791     2.7056     0.0055  0.1670462 -9.990e-29
         71      4.095    15.0888   2.971483     2.7792     2.7057     0.0055  0.1669084 -9.990e-29
         72      4.117    15.0854   2.970508     2.7793     2.7057     0.0055  0.1667724 -9.990e-29
         73      4.139    15.0819   2.969496     2.7794     2.7058     0.0055  0.1666362 -9.990e-29
         74      4.161    15.0786   2.968483     2.7795     2.7059     0.0055  0.1664990 -9.990e-29
         75      4.183    15.0755   2.967493     2.7796     2.7060     0.0049  0.1663590 -9.990e-29
         76      4.205    15.0725   2.966542     2.7797     2.7061     0.0049  0.1662151 -9.990e-29
         77      4.227    15.0697   2.965642     2.7798     2.7062     0.0053  0.1660681 -9.990e-29
         78      4.249    15.0672   2.964798     2.7799     2.7063     0.0049  0.1659187 -9.990e-29
         79      4.271    15.0649   2.964014     2.7800     2.7064     0.0049  0.1657701 -9.990e-29
         80      4.293    15.0628   2.963292     2.7801     2.7065     0.0049  0.1656280 -9.990e-29
         81      4.315    15.0609   2.962632     2.7802     2.7066     0.0049  0.1654948 -9.990e-29
         82      4.337    15.0592   2.962032     2.7803     2.7067     0.0051  0.1653688 -9.990e-29
         83      4.359    15.0577   2.961493     2.7803     2.7067     0.0051  0.1652483 -9.990e-29
         84      4.381    15.0564   2.961014     2.7803     2.7068     0.0049  0.1651323 -9.990e-29
         85      4.403    15.0553   2.960596     2.7803     2.7069     0.0049  0.1650201 -9.990e-29
         86      4.425    15.0544   2.960238     2.7803     2.7069     0.0051  0.1649109 -9.990e-29
         87      4.446    15.0537   2.959937     2.7803     2.7069     0.0049  0.1648040 -9.990e-29
         88      4.468    15.0532   2.959692     2.7802     2.7069     0.0049  0.1646986 -9.990e-29
         89      4.490    15.0528   2.959499     2.7801     2.7068     0.0049  0.1645940 -9.990e-29
         90      4.512    15.0526   2.959356     2.7799     2.7068     0.0049  0.1644894 -9.990e-29
         91      4.533    15.0526   2.959264     2.7797     2.7067     0.0051  0.1643841 -9.990e-29
         92      4.555    15.0526   2.959222     2.7795     2.7065     0.0049  0.1642774 -9.990e-29
         93      4.577    15.0529   2.959229     2.7793     2.7063     0.0051  0.1641686 -9.990e-29
         94      4.598    15.0533   2.959285     2.7790     2.7061     0.0049  0.1640568 -9.990e-29
         95      4.620    15.0538   2.959389     2.7786     2.7058     0.0049  0.1639414 -9.990e-29
         96      4.642    15.0545   2.959544     2.7783     2.7055     0.0051  0.1638215 -9.990e-29
         97      4.663    15.0553   2.959749     2.7779     2.7052     0.0049  0.1636962 -9.990e-29
         98      4.685    15.0563   2.960004     2.7774     2.7048     0.0049  0.1635647 -9.990e-29
         99      4.707    15.0574   2.960309     2.7769     2.7043     0.0049  0.1634262 -9.990e-29
        100      4.728    15.0586   2.960662     2.7764     2.7039     0.0051  0.1632795 -9.990e-29
        101      4.750    15.0599   2.961062     2.7758     2.7033     0.0051  0.1631238 -9.990e-29
        102      4.771    15.0614   2.961511     2.7752     2.7027     0.0051  0.1629578 -9.990e-29
        103      4.793    15.0630   2.962008     2.7746     2.7021     0.0051  0.1627806 -9.990e-29
        104      4.814    15.0647   2.962558     2.7739     2.7014     0.0051  0.1625958 -9.990e-29
        105      4.836    15.0666   2.963165     2.7732     2.7007     0.0049  0.1624159 -9.990e-29
        106      4.857    15.0686   2.963830     2.7725     2.6999     0.0049  0.1622523 -9.990e-29
        107      4.878    15.0707   2.964556     2.7717     2.6991     0.0051  0.1621082 -9.990e-29
        108      4.900    15.0729   2.965344     2.7710     2.6982     0.0049  0.1619816 -9.990e-29
        109      4.921    15.0753   2.966196     2.7702     2.6973     0.0051  0.1618709 -9.990e-29
        110      4.942    15.0779   2.967120     2.7693     2.6964     0.0049  0.1617752 -9.990e-29
        111      4.964    15.0807   2.968123     2.7685     2.6954     0.0049  0.1616940 -9.990e-29
        112      4.985    15.0837   2.969217     2.7677     2.6944     0.0049  0.1616266 -9.990e-29
        113      5.006    15.0871   2.970412     2.7669     2.6934     0.0049  0.1615726 -9.990e-29
        114      5.027    15.0908   2.971719     2.7660     2.6924     0.0049  0.1615316 -9.990e-29
        115      5.049    15.0948   2.973150     2.7652     2.6914     0.0051  0.1615033 -9.990e-29
        116      5.070    15.0992   2.974716     2.7644     2.6903     0.0051  0.1614875 -9.990e-29
        117      5.091    15.1041   2.976425     2.7636     2.6893     0.0049  0.1614842 -9.990e-29
        118      5.112    15.1092   2.978280     2.7628     2.6882     0.0049  0.1614932 -9.990e-29
        119      5.133    15.1147   2.980273     2.7620     2.6872     0.0049  0.1615147 -9.990e-29
        120      5.155    15.1203   2.982389     2.7612     2.6862     0.0051  0.1615488 -9.990e-29
        121      5.176    15.1260   2.984607     2.7605     2.6852     0.0049  0.1615957 -9.990e-29
        122      5.197    15.1318   2.986903     2.7597     2.6842     0.0051  0.1616558 -9.990e-29
        123      5.218    15.1375   2.989253     2.7590     2.6832     0.0049  0.1617295 -9.990e-29
        124      5.238    15.1430   2.991633     2.7583     2.6822     0.0049  0.1618173 -9.990e-29
        125      5.259    15.1485   2.994025     2.7576     2.6813     0.0051  0.1619197 -9.990e-29
        126      5.280    15.1537   2.996418     2.7570     2.6804     0.0051  0.1620385 -9.990e-29
        127      5.301    15.1588   2.998804     2.7564     2.6795     0.0049  0.1621752 -9.990e-29
        128      5.322    15.1638   3.001179     2.7558     2.6787     0.0049  0.1623299 -9.990e-29
        129      5.343    15.1686   3.003543     2.7552     2.6778     0.0049  0.1625012 -9.990e-29
        130      5.364    15.1733   3.005900     2.7547     2.6770     0.0049  0.1626792 -9.990e-29
        131      5.384    15.1779   3.008254     2.7542     2.6763     0.0049  0.1628457 -9.990e-29
        132      5.405    15.1824   3.010615     2.7537     2.6756     0.0049  0.1629890 -9.990e-29
        133      5.426    15.1869   3.012992     2.7533     2.6749     0.0051  0.1631076 -9.990e-29
        134      5.447    15.1914   3.015399     2.7529     2.6742     0.0049  0.1632023 -9.990e-29
        135      5.468    15.1959   3.017850     2.7525     2.6736     0.0049  0.1632746 -9.990e-29
        136      5.488    15.2005   3.020362     2.7522     2.6730     0.0051  0.1633268 -9.990e-29
        137      5.509    15.2051   3.022955     2.7518     2.6724     0.0049  0.1633591 -9.990e-29
        138      5.530    15.2100   3.025654     2.7515     2.6719     0.0051  0.1633702 -9.990e-29
        139      5.551    15.2151   3.028489     2.7512     2.6714     0.0051  0.1633592 -9.990e-29
        140      5.572    15.2205   3.031491     2.7510     2.6709     0.0049  0.1633261 -9.990e-29
        141      5.593    15.2262   3.034685     2.7507     2.6705     0.0051  0.1632706 -9.990e-29
        142      5.614    15.2323   3.038097     2.7505     2.6701     0.0049  0.1631923 -9.990e-29
        143      5.635    15.2389   3.041758     2.7503     2.6697     0.0051  0.1630916 -9.990e-29
        144      5.655    15.2460   3.045706     2.7501     2.6694     0.0051  0.1629686 -9.990e-29
        145      5.676    15.2537   3.049978     2.7499     2.6691     0.0049  0.1628217 -9.990e-29
        146      5.697    15.2621   3.054610     2.7497     2.6688     0.0049  0.1626488 -9.990e-29
        147      5.718    15.2712   3.059632     2.7496     2.6685     0.0051  0.1624497 -9.990e-29
        148      5.739    15.2811   3.065075     2.7495     2.6682     0.0051  0.1622239 -9.990e-29
        149      5.759    15.2918   3.070968     2.7493     2.6680     0.0051  0.1619688 -9.990e-29
        150      5.780    15.3033   3.077325     2.7492     2.6677     0.0051  0.1616828 -9.990e-29
        151      5.801    15.3154   3.084118     2.7491     2.6674     0.0051  0.1613648 -9.990e-29
        152      5.822    15.3280   3.091268     2.7490     2.6672     0.0051  0.1610115 -9.990e-29
        153      5.843    15.3410   3.098693     2.7489     2.6669     0.0049  0.1606198 -9.990e-29
        154      5.864    15.3546   3.106378     2.7488     2.6666     0.0051  0.1601878 -9.990e-29
        155      5.884    15.3687   3.114372     2.7487     2.6663     0.0049  0.1597217 -9.990e-29
        156      5.905    15.3834   3.122715     2.7485     2.6660     0.0051  0.1592413 -9.990e-29
        157      5.926    15.3984   3.131376     2.7484     2.6657     0.0049  0.1587663 -9.990e-29
        158      5.947    15.4135   3.140250     2.7483     2.6654     0.0049  0.1583034 -9.990e-29
        159      5.967    15.4285   3.149200     2.7481     2.6650     0.0051  0.1578502 -9.990e-29
        160      5.988    15.4433   3.158107     2.7479     2.6646     0.0049  0.1574021 -9.990e-29
