data/2021/ctd_data_day2/station4_ctm_fil.cnv
* Sea-Bird SBE 9 Data File:
* FileName = C:\Users\CTD-User\Desktop\MAR440\day2\station4.hex
* Software Version Seasave V 7.26.2.13
* Temperature SN = 6313
* Conductivity SN = 4758
* Number of Bytes Per Scan = 37
* Number of Voltage Words = 4
* Number of Scans Averaged by the Deck Unit = 1
* NMEA Latitude = 58 19.41 N
* NMEA Longitude = 011 50.05 E
* NMEA UTC (Time) = Sep 22 2021 10:00:00
* NMEA baud rate = 4800
** Ship: Skagerrak
** Station: station4
** Operator: group2green
# nquan = 9
# nvalues = 2885                        
# units = specified
# name 0 = scan: Scan Count
# name 1 = prDM: Pressure, Digiquartz [db]
# name 2 = t090C: Temperature [ITS-90, deg C]
# name 3 = c0S/m: Conductivity [S/m]
# name 4 = sbeox0V: Oxygen raw, SBE 43 [V]
# name 5 = sbeox1V: Oxygen raw, SBE 43, 2 [V]
# name 6 = flECO-AFL: Fluorescence, WET Labs ECO-AFL/FL [mg/m^3]
# name 7 = upoly0: Upoly 0, Turbidity
# name 8 = flag:  0.000e+00
# span 0 =          1,       2885       
# span 1 =      1.014,     14.941       
# span 2 =    13.2524,    16.0381       
# span 3 =   2.889518,   3.419945       
# span 4 =     1.5512,     2.8831       
# span 5 =     1.5676,     2.8305       
# span 6 =     0.0040,     0.0060       
# span 7 =  0.0914191,  0.1845063       
# span 8 = 0.0000e+00, 0.0000e+00       
# interval = seconds: 0.0416667
# start_time = Sep 22 2021 10:00:00 [NMEA time, header]
# bad_flag = -9.990e-29
*END*
[from data line 1601]
       1602      1.050    14.7638   2.903389     2.8714     2.8168     0.0048  0.1766556 0.0000e+00
       1603      1.051    14.7641   2.903423     2.8715     2.8168     0.0048  0.1766613 0.0000e+00
       1604      1.052    14.7643   2.903453     2.8716     2.8167     0.0048  0.1766694 0.0000e+00
       1605      1.053    14.7645   2.903479     2.8716     2.8167     0.0048  0.1766801 0.0000e+00
       1606      1.054    14.7647   2.903501     2.8717     2.8167     0.0048  0.1766933 0.0000e+00
       1607      1.055    14.7648   2.903519     2.8718     2.8167     0.0048  0.1767092 0.0000e+00
       1608      1.055    14.7650   2.903534     2.8719     2.8167     0.0048  0.1767279 0.0000e+00
       1609      1.055    14.7652   2.903551     2.8719     2.8167     0.0048  0.1767495 0.0000e+00
       1610      1.056    14.7654   2.903571     2.8720     2.8167     0.0048  0.1767742 0.0000e+00
       1611      1.055    14.7657   2.903596     2.8720     2.8167     0.0053  0.1768013 0.0000e+00
       1612      1.055    14.7660   2.903627     2.8721     2.8167     0.0053  0.1768284 0.0000e+00
       1613      1.055    14.7663   2.903663     2.8721     2.8167     0.0053  0.1768540 0.0000e+00
       1614      1.054    14.7667   2.903705     2.8722     2.8167     0.0053  0.1768791 0.0000e+00
       1615      1.053    14.7671   2.903753     2.8722     2.8167     0.0053  0.1769048 0.0000e+00
       1616      1.052    14.7675   2.903805     2.8723     2.8167     0.0053  0.1769313 0.0000e+00
       1617      1.051    14.7679   2.903862     2.8723     2.8166     0.0053  0.1769587 0.0000e+00
       1618      1.050    14.7684   2.903925     2.8723     2.8166     0.0053  0.1769872 0.0000e+00
       1619      1.049    14.7689   2.903993     2.8724     2.8166     0.0053  0.1770162 0.0000e+00
       1620      1.048    14.7694   2.904066     2.8724     2.8166     0.0053  0.1770442 0.0000e+00
       1621      1.048    14.7699   2.904142     2.8724     2.8166     0.0053  0.1770714 0.0000e+00
       1622      1.047    14.7703   2.904216     2.8724     2.8166     0.0053  0.1770996 0.0000e+00
       1623      1.046    14.7706   2.904283     2.8724     2.8166     0.0053  0.1771299 0.0000e+00
       1624      1.046    14.7709   2.904339     2.8725     2.8167     0.0053  0.1771625 0.0000e+00
       1625      1.046    14.7710   2.904384     2.8725     2.8167     0.0053  0.1771976 0.0000e+00
       1626      1.046    14.7711   2.904419     2.8725     2.8167     0.0053  0.1772356 0.0000e+00
       1627      1.046    14.7712   2.904449     2.8726     2.8167     0.0053  0.1772765 0.0000e+00
       1628      1.046    14.7713   2.904480     2.8726     2.8167     0.0053  0.1773209 0.0000e+00
       1629      1.046    14.7715   2.904518     2.8726     2.8167     0.0053  0.1773688 0.0000e+00
       1630      1.046    14.7718   2.904564     2.8727     2.8167     0.0053  0.1774208 0.0000e+00
       1631      1.047    14.7721   2.904618     2.8727     2.8167     0.0053  0.1774771 0.0000e+00
       1632      1.047    14.7724   2.904676     2.8727     2.8167     0.0053  0.1775381 0.0000e+00
       1633      1.048    14.7727   2.904736     2.8727     2.8167     0.0053  0.1776042 0.0000e+00
       1634      1.049    14.7731   2.904796     2.8727     2.8167     0.0053  0.1776760 0.0000e+00
       1635      1.050    14.7734   2.904858     2.8727     2.8166     0.0053  0.1777539 0.0000e+00
       1636      1.051    14.7737   2.904919     2.8727     2.8166     0.0053  0.1778359 0.0000e+00
       1637      1.052    14.7741   2.904980     2.8727     2.8166     0.0051  0.1779157 0.0000e+00
       1638      1.052    14.7744   2.905038     2.8727     2.8166     0.0051  0.1779881 0.0000e+00
       1639      1.053    14.7747   2.905094     2.8727     2.8166     0.0051  0.1780518 0.0000e+00
       1640      1.054    14.7750   2.905148     2.8726     2.8166     0.0051  0.1781072 0.0000e+00
       1641      1.054    14.7753   2.905199     2.8726     2.8166     0.0051  0.1781547 0.0000e+00
       1642      1.054    14.7756   2.905249     2.8726     2.8166     0.0051  0.1781947 0.0000e+00
       1643      1.054    14.7759   2.905297     2.8726     2.8166     0.0051  0.1782274 0.0000e+00
       1644      1.054    14.7762   2.905345     2.8725     2.8165     0.0051  0.1782530 0.0000e+00
       1645      1.054    14.7765   2.905389     2.8725     2.8165     0.0051  0.1782719 0.0000e+00
       1646      1.054    14.7766   2.905429     2.8724     2.8165     0.0051  0.1782839 0.0000e+00
       1647      1.053    14.7768   2.905464     2.8724     2.8165     0.0051  0.1782894 0.0000e+00
       1648      1.053    14.7769   2.905493     2.8723     2.8164     0.0051  0.1782882 0.0000e+00
       1649      1.052    14.7770   2.905516     2.8723     2.8164     0.0051  0.1782804 0.0000e+00
       1650      1.052    14.7770   2.905534     2.8722     2.8164     0.0051  0.1782660 0.0000e+00
       1651      1.051    14.7770   2.905545     2.8722     2.8163     0.0051  0.1782447 0.0000e+00
       1652      1.051    14.7770   2.905550     2.8722     2.8163     0.0051  0.1782166 0.0000e+00
       1653      1.051    14.7769   2.905549     2.8722     2.8163     0.0051  0.1781813 0.0000e+00
       1654      1.051    14.7769   2.905544     2.8721     2.8162     0.0051  0.1781387 0.0000e+00
       1655      1.050    14.7768   2.905533     2.8721     2.8162     0.0051  0.1780884 0.0000e+00
       1656      1.050    14.7767   2.905519     2.8721     2.8161     0.0051  0.1780301 0.0000e+00
       1657      1.050    14.7766   2.905502     2.8721     2.8161     0.0051  0.1779634 0.0000e+00
       1658      1.051    14.7765   2.905479     2.8720     2.8160     0.0051  0.1778879 0.0000e+00
       1659      1.051    14.7763   2.905451     2.8720     2.8160     0.0051  0.1778029 0.0000e+00
       1660      1.052    14.7762   2.905420     2.8720     2.8159     0.0051  0.1777079 0.0000e+00
       1661      1.052    14.7760   2.905387     2.8720     2.8159     0.0051  0.1776031 0.0000e+00
       1662      1.053    14.7759   2.905353     2.8719     2.8158     0.0049  0.1774929 0.0000e+00
       1663      1.053    14.7758   2.905317     2.8719     2.8158     0.0048  0.1773859 0.0000e+00
       1664      1.054    14.7756   2.905275     2.8718     2.8157     0.0048  0.1772880 0.0000e+00
       1665      1.055    14.7755   2.905228     2.8718     2.8157     0.0048  0.1772003 0.0000e+00
       1666      1.056    14.7753   2.905176     2.8718     2.8157     0.0048  0.1771222 0.0000e+00
       1667      1.056    14.7751   2.905122     2.8718     2.8156     0.0048  0.1770532 0.0000e+00
       1668      1.057    14.7750   2.905069     2.8718     2.8156     0.0048  0.1769928 0.0000e+00
       1669      1.058    14.7748   2.905018     2.8717     2.8156     0.0048  0.1769414 0.0000e+00
       1670      1.058    14.7745   2.904968     2.8717     2.8155     0.0048  0.1768994 0.0000e+00
       1671      1.058    14.7743   2.904917     2.8716     2.8155     0.0048  0.1768658 0.0000e+00
       1672      1.059    14.7740   2.904865     2.8716     2.8155     0.0048  0.1768395 0.0000e+00
       1673      1.059    14.7736   2.904807     2.8716     2.8155     0.0048  0.1768203 0.0000e+00
       1674      1.059    14.7732   2.904745     2.8715     2.8154     0.0048  0.1768080 0.0000e+00
       1675      1.059    14.7728   2.904681     2.8714     2.8154     0.0048  0.1768026 0.0000e+00
       1676      1.059    14.7724   2.904619     2.8714     2.8154     0.0048  0.1768041 0.0000e+00
       1677      1.059    14.7721   2.904564     2.8714     2.8154     0.0048  0.1768124 0.0000e+00
       1678      1.059    14.7719   2.904516     2.8714     2.8153     0.0048  0.1768275 0.0000e+00
       1679      1.059    14.7716   2.904477     2.8713     2.8153     0.0048  0.1768497 0.0000e+00
       1680      1.059    14.7715   2.904447     2.8713     2.8153     0.0048  0.1768791 0.0000e+00
       1681      1.059    14.7714   2.904425     2.8713     2.8152     0.0048  0.1769158 0.0000e+00
       1682      1.059    14.7714   2.904410     2.8713     2.8152     0.0048  0.1769601 0.0000e+00
       1683      1.059    14.7713   2.904400     2.8713     2.8152     0.0048  0.1770123 0.0000e+00
       1684      1.059    14.7713   2.904393     2.8713     2.8152     0.0048  0.1770729 0.0000e+00
       1685      1.058    14.7712   2.904388     2.8713     2.8151     0.0048  0.1771422 0.0000e+00
       1686      1.058    14.7712   2.904385     2.8713     2.8151     0.0048  0.1772206 0.0000e+00
       1687      1.058    14.7712   2.904386     2.8712     2.8151     0.0048  0.1773063 0.0000e+00
       1688      1.058    14.7712   2.904390     2.8712     2.8151     0.0048  0.1773929 0.0000e+00
       1689      1.058    14.7713   2.904396     2.8712     2.8151     0.0048  0.1774752 0.0000e+00
       1690      1.058    14.7713   2.904403     2.8711     2.8152     0.0048  0.1775520 0.0000e+00
       1691      1.058    14.7713   2.904412     2.8711     2.8152     0.0048  0.1776238 0.0000e+00
       1692      1.058    14.7714   2.904420     2.8710     2.8152     0.0048  0.1776913 0.0000e+00
       1693      1.058    14.7714   2.904428     2.8710     2.8152     0.0048  0.1777547 0.0000e+00
       1694      1.058    14.7714   2.904435     2.8709     2.8153     0.0048  0.1778146 0.0000e+00
       1695      1.059    14.7715   2.904443     2.8709     2.8153     0.0048  0.1778714 0.0000e+00
       1696      1.059    14.7715   2.904451     2.8708     2.8153     0.0048  0.1779255 0.0000e+00
       1697      1.059    14.7716   2.904460     2.8708     2.8154     0.0048  0.1779773 0.0000e+00
       1698      1.059    14.7717   2.904469     2.8707     2.8154     0.0048  0.1780270 0.0000e+00
       1699      1.060    14.7718   2.904480     2.8706     2.8155     0.0048  0.1780751 0.0000e+00
       1700      1.060    14.7719   2.904491     2.8706     2.8155     0.0048  0.1781219 0.0000e+00
       1701      1.060    14.7720   2.904503     2.8705     2.8156     0.0048  0.1781678 0.0000e+00
       1702      1.061    14.7721   2.904516     2.8705     2.8156     0.0048  0.1782129 0.0000e+00
       1703      1.061    14.7722   2.904529     2.8704     2.8157     0.0048  0.1782578 0.0000e+00
       1704      1.061    14.7723   2.904543     2.8703     2.8157     0.0048  0.1783026 0.0000e+00
       1705      1.061    14.7724   2.904558     2.8703     2.8158     0.0048  0.1783476 0.0000e+00
       1706      1.062    14.7725   2.904573     2.8702     2.8158     0.0048  0.1783933 0.0000e+00
       1707      1.062    14.7726   2.904587     2.8701     2.8158     0.0048  0.1784399 0.0000e+00
       1708      1.062    14.7728   2.904602     2.8701     2.8159     0.0048  0.1784877 0.0000e+00
       1709      1.062    14.7729   2.904615     2.8700     2.8159     0.0048  0.1785371 0.0000e+00
       1710      1.062    14.7730   2.904628     2.8699     2.8159     0.0048  0.1785884 0.0000e+00
       1711      1.062    14.7731   2.904639     2.8699     2.8159     0.0048  0.1786419 0.0000e+00
       1712      1.062    14.7732   2.904650     2.8698     2.8159     0.0049  0.1786973 0.0000e+00
       1713      1.062    14.7733   2.904659     2.8698     2.8159     0.0051  0.1787522 0.0000e+00
       1714      1.062    14.7733   2.904666     2.8697     2.8159     0.0051  0.1788038 0.0000e+00
       1715      1.062    14.7733   2.904673     2.8696     2.8158     0.0051  0.1788498 0.0000e+00
       1716      1.061    14.7733   2.904677     2.8696     2.8158     0.0051  0.1788897 0.0000e+00
       1717      1.061    14.7733   2.904678     2.8695     2.8158     0.0051  0.1789238 0.0000e+00
       1718      1.061    14.7732   2.904674     2.8695     2.8158     0.0051  0.1789523 0.0000e+00
       1719      1.061    14.7731   2.904666     2.8694     2.8157     0.0051  0.1789754 0.0000e+00
       1720      1.060    14.7730   2.904654     2.8694     2.8157     0.0051  0.1789932 0.0000e+00
       1721      1.060    14.7729   2.904640     2.8694     2.8156     0.0051  0.1790059 0.0000e+00
       1722      1.060    14.7727   2.904625     2.8694     2.8156     0.0051  0.1790137 0.0000e+00
       1723      1.060    14.7726   2.904611     2.8693     2.8156     0.0051  0.1790164 0.0000e+00
       1724      1.060    14.7725   2.904599     2.8693     2.8155     0.0051  0.1790142 0.0000e+00
       1725      1.060    14.7724   2.904590     2.8693     2.8155     0.0051  0.1790070 0.0000e+00
       1726      1.060    14.7724   2.904584     2.8693     2.8154     0.0051  0.1789949 0.0000e+00
       1727      1.061    14.7723   2.904581     2.8693     2.8154     0.0051  0.1789776 0.0000e+00
       1728      1.061    14.7723   2.904581     2.8693     2.8153     0.0051  0.1789551 0.0000e+00
       1729      1.062    14.7723   2.904584     2.8693     2.8152     0.0053  0.1789272 0.0000e+00
       1730      1.062    14.7723   2.904588     2.8693     2.8152     0.0051  0.1788938 0.0000e+00
       1731      1.063    14.7723   2.904595     2.8693     2.8151     0.0051  0.1788546 0.0000e+00
       1732      1.063    14.7723   2.904603     2.8693     2.8151     0.0051  0.1788093 0.0000e+00
       1733      1.063    14.7724   2.904612     2.8693     2.8150     0.0051  0.1787576 0.0000e+00
       1734      1.063    14.7724   2.904620     2.8693     2.8150     0.0051  0.1786991 0.0000e+00
       1735      1.063    14.7724   2.904629     2.8693     2.8149     0.0051  0.1786335 0.0000e+00
       1736      1.063    14.7724   2.904636     2.8693     2.8149     0.0051  0.1785603 0.0000e+00
       1737      1.063    14.7724   2.904641     2.8693     2.8149     0.0051  0.1784790 0.0000e+00
       1738      1.063    14.7724   2.904646     2.8693     2.8148     0.0049  0.1783906 0.0000e+00
       1739      1.063    14.7724   2.904649     2.8693     2.8148     0.0048  0.1783007 0.0000e+00
       1740      1.063    14.7724   2.904654     2.8693     2.8148     0.0048  0.1782160 0.0000e+00
       1741      1.063    14.7725   2.904659     2.8693     2.8147     0.0048  0.1781404 0.0000e+00
       1742      1.063    14.7725   2.904666     2.8693     2.8147     0.0048  0.1780742 0.0000e+00
       1743      1.062    14.7725   2.904675     2.8694     2.8147     0.0048  0.1780168 0.0000e+00
       1744      1.062    14.7725   2.904684     2.8694     2.8147     0.0048  0.1779679 0.0000e+00
       1745      1.061    14.7725   2.904691     2.8694     2.8147     0.0048  0.1779263 0.0000e+00
       1746      1.061    14.7725   2.904695     2.8694     2.8147     0.0048  0.1778909 0.0000e+00
       1747      1.061    14.7725   2.904697     2.8694     2.8146     0.0048  0.1778622 0.0000e+00
       1748      1.060    14.7725   2.904697     2.8694     2.8146     0.0048  0.1778409 0.0000e+00
       1749      1.059    14.7724   2.904695     2.8694     2.8146     0.0048  0.1778269 0.0000e+00
       1750      1.058    14.7724   2.904691     2.8694     2.8146     0.0048  0.1778201 0.0000e+00
       1751      1.058    14.7723   2.904685     2.8694     2.8146     0.0048  0.1778203 0.0000e+00
       1752      1.057    14.7722   2.904677     2.8694     2.8146     0.0048  0.1778277 0.0000e+00
       1753      1.056    14.7721   2.904667     2.8694     2.8146     0.0048  0.1778423 0.0000e+00
       1754      1.056    14.7721   2.904654     2.8693     2.8146     0.0048  0.1778641 0.0000e+00
       1755      1.056    14.7721   2.904641     2.8693     2.8146     0.0048  0.1778933 0.0000e+00
       1756      1.055    14.7720   2.904628     2.8693     2.8146     0.0048  0.1779302 0.0000e+00
       1757      1.055    14.7721   2.904617     2.8693     2.8146     0.0048  0.1779749 0.0000e+00
       1758      1.055    14.7721   2.904608     2.8693     2.8147     0.0048  0.1780279 0.0000e+00
       1759      1.055    14.7722   2.904600     2.8693     2.8147     0.0048  0.1780894 0.0000e+00
       1760      1.055    14.7722   2.904594     2.8693     2.8147     0.0048  0.1781598 0.0000e+00
