data/2021/ctd_data_day2/station5.cnv
* Sea-Bird SBE 9 Data File:
* FileName = C:\Users\CTD-User\Desktop\MAR440\day2\station5.hex
* Software Version Seasave V 7.26.2.13
* Temperature SN = 6313
* Conductivity SN = 4758
* Number of Bytes Per Scan = 37
* Number of Voltage Words = 4
* Number of Scans Averaged by the Deck Unit = 1
* NMEA Latitude = 58 19.20 N
* NMEA Longitude = 011 48.71 E
* NMEA UTC (Time) = Sep 22 2021 10:20:22
* NMEA baud rate = 4800
** Ship: Skagerrak
** Station: station5
** Operator: group2blu
# nquan = 9
# nvalues = 5019                                  
# units = specified
# name 0 = scan: Scan Count
# name 1 = prDM: Pressure, Digiquartz [db]
# name 2 = t090C: Temperature [ITS-90, deg C]
# name 3 = c0S/m: Conductivity [S/m]
# name 4 = sbeox0V: Oxygen raw, SBE 43 [V]
# name 5 = sbeox1V: Oxygen raw, SBE 43, 2 [V]
# name 6 = flECO-AFL: Fluorescence, WET Labs ECO-AFL/FL [mg/m^3]
# name 7 = upoly0: Upoly 0, Turbidity
# name 8 = flag:  0.000e+00
# span 0 =          1,       5019                 
# span 1 =      0.359,     26.579                 
# span 2 =    11.2578,    16.2563                 
# span 3 =  -0.000784,   3.806451                 
# span 4 =     0.9253,     2.9597                 
# span 5 =     1.0182,     2.8608                 
# span 6 =     0.0020,     0.0522                 
# span 7 =  0.0800940,  0.1792393                 
# span 8 = 0.0000e+00, 0.0000e+00                 
# interval = seconds: 0.0416667
# start_time = Sep 22 2021 10:20:22 [NMEA time, header]
# bad_flag = -9.990e-29
*END*
[from data line 481]
        482      0.429    14.3578   0.000016     2.9365     2.7473     0.0031  0.0810708  0.000e+00
        483      0.462    14.3576  -0.000529     2.9365     2.7473     0.0031  0.0805824  0.000e+00
        484      0.429    14.3574  -0.000186     2.9365     2.7473     0.0031  0.0810708  0.000e+00
        485      0.396    14.3574   0.000279     2.9365     2.7473     0.0031  0.0810708  0.000e+00
        486      0.429    14.3574  -0.000311     2.9377     2.7473     0.0031  0.0810708  0.000e+00
        487      0.462    14.3572   0.000072     2.9365     2.7473     0.0031  0.0810708  0.000e+00
        488      0.429    14.3568   0.000249     2.9353     2.7473     0.0031  0.0810708  0.000e+00
        489      0.462    14.3564  -0.000167     2.9377     2.7473     0.0031  0.0810708  0.000e+00
        490      0.429    14.3563   0.000002     2.9377     2.7473     0.0031  0.0810708  0.000e+00
        491      0.462    14.3559   0.000216     2.9365     2.7485     0.0031  0.0805824  0.000e+00
        492      0.429    14.3557  -0.000108     2.9365     2.7485     0.0031  0.0810708  0.000e+00
        493      0.462    14.3555   0.000052     2.9365     2.7485     0.0031  0.0810708  0.000e+00
        494      0.429    14.3550   0.000398     2.9365     2.7473     0.0031  0.0810708  0.000e+00
        495      0.462    14.3550  -0.000333     2.9365     2.7485     0.0031  0.0810708  0.000e+00
        496      0.429    14.3546   0.000229     2.9365     2.7485     0.0031  0.0810708  0.000e+00
        497      0.396    14.3542   0.000434     2.9365     2.7485     0.0031  0.0810708  0.000e+00
        498      0.486    14.3540  -0.000167     2.9365     2.7485     0.0031  0.0810708  0.000e+00
        499      0.396    14.3534   0.000446     2.9365     2.7485     0.0031  0.0810708  0.000e+00
        500      0.396    14.3532   0.000282     2.9377     2.7485     0.0031  0.0810708  0.000e+00
        501      0.486    14.3529  -0.000311     2.9377     2.7485     0.0031  0.0810708  0.000e+00
        502      0.461    14.3527   0.000036     2.9365     2.7485     0.0031  0.0805824  0.000e+00
        503      0.428    14.3524   0.000099     2.9365     2.7485     0.0029  0.0805824  0.000e+00
        504      0.461    14.3522  -0.000078     2.9365     2.7485     0.0029  0.0805824  0.000e+00
        505      0.428    14.3520   0.000207     2.9365     2.7485     0.0029  0.0800940  0.000e+00
        506      0.461    14.3517   0.000108     2.9377     2.7485     0.0029  0.0805824  0.000e+00
        507      0.428    14.3519  -0.000061     2.9365     2.7485     0.0029  0.0805824  0.000e+00
        508      0.395    14.3511   0.000252     2.9365     2.7485     0.0029  0.0800940  0.000e+00
        509      0.428    14.3514   0.000094     2.9365     2.7485     0.0029  0.0800940  0.000e+00
        510      0.461    14.3514  -0.000081     2.9365     2.7485     0.0029  0.0805824  0.000e+00
        511      0.428    14.3510   0.000351     2.9365     2.7485     0.0029  0.0800940  0.000e+00
        512      0.461    14.3505  -0.000128     2.9365     2.7485     0.0029  0.0805824  0.000e+00
        513      0.428    14.3503   0.000027     2.9377     2.7485     0.0029  0.0805824  0.000e+00
        514      0.461    14.3492   0.000504     2.9377     2.7485     0.0029  0.0805824  0.000e+00
        515      0.428    14.3485  -0.000219     2.9365     2.7485     0.0029  0.0800940  0.000e+00
        516      0.461    14.3480  -0.000161     2.9353     2.7485     0.0029  0.0800940  0.000e+00
        517      0.362    14.3478   0.000506     2.9365     2.7485     0.0029  0.0800940  0.000e+00
        518      0.461    14.3477   0.000091     2.9365     2.7485     0.0029  0.0805824  0.000e+00
        519      0.428    14.3473   0.000113     2.9365     2.7485     0.0029  0.0805824  0.000e+00
        520      0.461    14.3472   0.000476     2.9365     2.7485     0.0029  0.0805824  0.000e+00
        521      0.428    14.3468  -0.000355     2.9377     2.7485     0.0029  0.0805824  0.000e+00
        522      0.461    14.3468  -0.000208     2.9377     2.7485     0.0029  0.0805824  0.000e+00
        523      0.428    14.3463   0.000301     2.9365     2.7485     0.0029  0.0805824  0.000e+00
        524      0.395    14.3461  -0.000671     2.9365     2.7485     0.0029  0.0805824  0.000e+00
        525      0.362    14.3460  -0.000056     2.9365     2.7485     0.0029  0.0800940  0.000e+00
        526      0.518    14.3458   0.000484     2.9377     2.7485     0.0029  0.0800940  0.000e+00
        527      0.428    14.3456  -0.000014     2.9377     2.7485     0.0029  0.0810708  0.000e+00
        528      0.461    14.3456   0.000379     2.9365     2.7485     0.0029  0.0815592  0.000e+00
        529      0.428    14.3453   0.000254     2.9365     2.7485     0.0029  0.0815592  0.000e+00
        530      0.395    14.3449  -0.000698     2.9377     2.7485     0.0029  0.0815592  0.000e+00
        531      0.428    14.3450  -0.000114     2.9377     2.7485     0.0029  0.0815592  0.000e+00
        532      0.460    14.3448   0.000191     2.9365     2.7485     0.0029  0.0815592  0.000e+00
        533      0.427    14.3448  -0.000045     2.9365     2.7485     0.0029  0.0815592  0.000e+00
        534      0.460    14.3444   0.000288     2.9365     2.7485     0.0029  0.0815592  0.000e+00
        535      0.427    14.3443   0.000324     2.9365     2.7485     0.0029  0.0810708  0.000e+00
        536      0.394    14.3444  -0.000441     2.9377     2.7485     0.0029  0.0815592  0.000e+00
        537      0.485    14.3439  -0.000070     2.9377     2.7485     0.0029  0.0815592  0.000e+00
        538      0.394    14.3438 -4.628e-07     2.9365     2.7485     0.0029  0.0815592  0.000e+00
        539      0.427    14.3438  -0.000380     2.9365     2.7485     0.0029  0.0810708  0.000e+00
        540      0.460    14.3435   0.000346     2.9365     2.7485     0.0029  0.0810708  0.000e+00
        541      0.427    14.3431   0.000293     2.9365     2.7485     0.0029  0.0815592  0.000e+00
        542      0.460    14.3429   0.000008     2.9365     2.7485     0.0029  0.0815592  0.000e+00
        543      0.427    14.3428  -0.000009     2.9365     2.7485     0.0029  0.0815592  0.000e+00
        544      0.394    14.3424  -0.000136     2.9365     2.7485     0.0029  0.0815592  0.000e+00
        545      0.427    14.3418  -0.000208     2.9377     2.7485     0.0029  0.0815592  0.000e+00
        546      0.460    14.3416  -0.000050     2.9365     2.7485     0.0029  0.0815592  0.000e+00
        547      0.427    14.3411  -0.000053     2.9365     2.7485     0.0029  0.0815592  0.000e+00
        548      0.460    14.3409   0.000182     2.9365     2.7485     0.0029  0.0815592  0.000e+00
        549      0.361    14.3406   0.000027     2.9365     2.7485     0.0029  0.0815592  0.000e+00
        550      0.460    14.3402  -0.000233     2.9365     2.7485     0.0029  0.0815592  0.000e+00
        551      0.427    14.3402  -0.000122     2.9365     2.7485     0.0029  0.0815592  0.000e+00
        552      0.394    14.3399  -0.000205     2.9377     2.7485     0.0029  0.0815592  0.000e+00
        553      0.485    14.3399   0.000313     2.9365     2.7485     0.0029  0.0815592  0.000e+00
        554      0.394    14.3396   0.000110     2.9365     2.7485     0.0027  0.0815592  0.000e+00
        555      0.427    14.3394   0.000113     2.9365     2.7485     0.0027  0.0815592  0.000e+00
        556      0.460    14.3389  -0.000172     2.9365     2.7485     0.0027  0.0815592  0.000e+00
        557      0.427    14.3387  -0.000355     2.9365     2.7485     0.0027  0.0815592  0.000e+00
        558      0.460    14.3384   0.000019     2.9365     2.7485     0.0027  0.0815592  0.000e+00
        559      0.361    14.3379  -0.000200     2.9365     2.7485     0.0027  0.0815592  0.000e+00
        560      0.460    14.3380  -0.000153     2.9377     2.7485     0.0027  0.0815592  0.000e+00
        561      0.427    14.3375   0.000423     2.9365     2.7485     0.0027  0.0815592  0.000e+00
        562      0.460    14.3372  -0.000078     2.9365     2.7485     0.0027  0.0815592  0.000e+00
        563      0.427    14.3371  -0.000039     2.9365     2.7485     0.0027  0.0815592  0.000e+00
        564      0.459    14.3367   0.000293     2.9365     2.7473     0.0027  0.0815592  0.000e+00
        565      0.361    14.3366  -0.000075     2.9365     2.7485     0.0027  0.0815592  0.000e+00
        566      0.459    14.3362  -0.000039     2.9365     2.7485     0.0027  0.0815592  0.000e+00
        567      0.426    14.3360   0.000393     2.9377     2.7485     0.0027  0.0815592  0.000e+00
        568      0.459    14.3359  -0.000031     2.9377     2.7485     0.0027  0.0815592  0.000e+00
        569      0.426    14.3359  -0.000164     2.9365     2.7485     0.0027  0.0815592  0.000e+00
        570      0.393    14.3355  -0.000086     2.9365     2.7485     0.0027  0.0815592  0.000e+00
        571      0.426    14.3352  -0.000200     2.9377     2.7485     0.0027  0.0815592  0.000e+00
        572      0.459    14.3350   0.000024     2.9365     2.7485     0.0027  0.0810708  0.000e+00
        573      0.426    14.3349   0.000301     2.9365     2.7485     0.0027  0.0815592  0.000e+00
        574      0.459    14.3347   0.000216     2.9377     2.7485     0.0027  0.0815592  0.000e+00
        575      0.426    14.3344   0.000238     2.9365     2.7485     0.0027  0.0815592  0.000e+00
        576      0.459    14.3340  -0.000050     2.9365     2.7485     0.0027  0.0815592  0.000e+00
        577      0.360    14.3334  -0.000455     2.9365     2.7485     0.0027  0.0815592  0.000e+00
        578      0.459    14.3325   0.000210     2.9365     2.7485     0.0029  0.0810708  0.000e+00
        579      0.426    14.3310  -0.000070     2.9377     2.7485     0.0031  0.0810708  0.000e+00
        580      0.459    14.3300  -0.000388     2.9365     2.7485     0.0031  0.0810708  0.000e+00
        581      0.426    14.3295   0.000124     2.9365     2.7485     0.0031  0.0810708  0.000e+00
        582      0.459    14.3286  -0.000344     2.9365     2.7485     0.0031  0.0810708  0.000e+00
        583      0.360    14.3276  -0.000156     2.9365     2.7485     0.0031  0.0810708  0.000e+00
        584      0.459    14.3261   0.000440     2.9365     2.7485     0.0031  0.0810708  0.000e+00
        585      0.426    14.3251  -0.000114     2.9365     2.7485     0.0031  0.0810708  0.000e+00
        586      0.459    14.3245   0.000349     2.9377     2.7485     0.0031  0.0810708  0.000e+00
        587      0.426    14.3238   0.000271     2.9365     2.7485     0.0031  0.0810708  0.000e+00
        588      0.393    14.3233  -0.000507     2.9365     2.7485     0.0031  0.0810708  0.000e+00
        589      0.393    14.3227 -4.628e-07     2.9365     2.7485     0.0031  0.0810708  0.000e+00
        590      0.483    14.3222   0.000537     2.9365     2.7485     0.0031  0.0810708  0.000e+00
        591      0.459    14.3221  -0.000225     2.9377     2.7485     0.0031  0.0810708  0.000e+00
        592      0.426    14.3217   0.000041     2.9365     2.7485     0.0031  0.0810708  0.000e+00
        593      0.393    14.3212   0.000307     2.9365     2.7485     0.0031  0.0810708  0.000e+00
        594      0.426    14.3205  -0.000158     2.9365     2.7485     0.0031  0.0810708  0.000e+00
        595      0.458    14.3197   0.000108     2.9377     2.7485     0.0031  0.0810708  0.000e+00
        596      0.425    14.3191   0.000498     2.9377     2.7473     0.0031  0.0810708  0.000e+00
        597      0.392    14.3188  -0.000432     2.9365     2.7485     0.0031  0.0810708  0.000e+00
        598      0.425    14.3185  -0.000228     2.9365     2.7485     0.0031  0.0810708  0.000e+00
        599      0.458    14.3179   0.000069     2.9365     2.7485     0.0031  0.0810708  0.000e+00
        600      0.425    14.3177  -0.000048     2.9377     2.7485     0.0031  0.0810708  0.000e+00
        601      0.392    14.3177  -0.000036     2.9365     2.7485     0.0031  0.0810708  0.000e+00
        602      0.425    14.3177  -0.000383     2.9365     2.7485     0.0031  0.0810708  0.000e+00
        603      0.458    14.3175  -0.000504     2.9377     2.7485     0.0031  0.0810708  0.000e+00
        604      0.425    14.3167  -0.000045     2.9365     2.7473     0.0033  0.0810708  0.000e+00
        605      0.392    14.3160   0.000135     2.9365     2.7485     0.0033  0.0810708  0.000e+00
        606      0.483    14.3152  -0.000277     2.9365     2.7485     0.0033  0.0810708  0.000e+00
        607      0.392    14.3143   0.000313     2.9377     2.7485     0.0033  0.0810708  0.000e+00
        608      0.425    14.3135  -0.000153     2.9377     2.7473     0.0033  0.0810708  0.000e+00
        609      0.392    14.3125  -0.000064     2.9365     2.7473     0.0033  0.0810708  0.000e+00
        610      0.425    14.3115   0.000304     2.9365     2.7473     0.0033  0.0805824  0.000e+00
        611      0.458    14.3100  -0.000504     2.9365     2.7473     0.0033  0.0810708  0.000e+00
        612      0.425    14.3091  -0.000252     2.9365     2.7485     0.0033  0.0810708  0.000e+00
        613      0.458    14.3083   0.000257     2.9377     2.7485     0.0033  0.0810708  0.000e+00
        614      0.359    14.3078  -0.000610     2.9365     2.7485     0.0033  0.0805824  0.000e+00
        615      0.458    14.3068   0.000188     2.9365     2.7485     0.0033  0.0810708  0.000e+00
        616      0.425    14.3061   0.000038     2.9377     2.7473     0.0033  0.0805824  0.000e+00
        617      0.458    14.3056  -0.000369     2.9377     2.7473     0.0033  0.0805824  0.000e+00
        618      0.425    14.3054  -0.000061     2.9365     2.7473     0.0033  0.0810708  0.000e+00
        619      0.392    14.3091  -0.000078     2.9365     2.7473     0.0033  0.0805824  0.000e+00
        620      0.483    14.3179  -0.000095     2.9365     2.7473     0.0033  0.0805824  0.000e+00
        621      0.392    14.3311   0.000083     2.9377     2.7473     0.0033  0.0805824  0.000e+00
        622      0.359    14.3436   0.000011     2.9365     2.7485     0.0033  0.0810708  0.000e+00
        623      0.515    14.3529  -0.000103     2.9365     2.7485     0.0033  0.0805824  0.000e+00
        624      0.359    14.3594   0.027622     2.9353     2.7485     0.0033  0.0810708  0.000e+00
        625      0.392    14.3645   0.090109     2.9365     2.7485     0.0033  0.0810708  0.000e+00
        626      0.425    14.3744   0.099534     2.9353     2.7473     0.0033  0.0810708  0.000e+00
        627      0.392    14.3977   0.228175     2.9353     2.7485     0.0033  0.0805824  0.000e+00
        628      0.425    14.4336   0.327128     2.9353     2.7485     0.0033  0.0805824  0.000e+00
        629      0.392    14.4910   0.314099     2.9353     2.7473     0.0059  0.1030488  0.000e+00
        630      0.482    14.5455   0.322852     2.9353     2.7485     0.0095  0.1318645  0.000e+00
        631      0.391    14.5873   0.383786     2.9365     2.7485     0.0102  0.1391905  0.000e+00
        632      0.548    14.6165   0.508387     2.9353     2.7473     0.0102  0.1391905  0.000e+00
        633      0.457    14.6370   0.972241     2.9365     2.7473     0.0101  0.1372369  0.000e+00
        634      0.548    14.6506   1.432921     2.9353     2.7473     0.0101  0.1372369  0.000e+00
        635      0.573    14.6601   1.991491     2.9353     2.7473     0.0101  0.1372369  0.000e+00
        636      0.548    14.6677   2.360778     2.9353     2.7473     0.0099  0.1372369  0.000e+00
        637      0.638    14.6728   2.470368     2.9365     2.7473     0.0101  0.1372369  0.000e+00
        638      0.605    14.6752   2.697814     2.9365     2.7473     0.0101  0.1372369  0.000e+00
        639      0.696    14.6770   2.865140     2.9365     2.7473     0.0101  0.1372369  0.000e+00
        640      0.663    14.6777   2.892655     2.9365     2.7473     0.0101  0.1372369  0.000e+00
