data/2020/st_A_conv.cnv
* Sea-Bird SBE 9 Data File:
* FileName = C:\Documents and Settings\Boat\Desktop\MAR440_TUES\st_A.hdr
* Software Version Seasave V 7.20a
* Temperature SN = 4766
* Conductivity SN = 3059
* Number of Bytes Per Scan = 34
* Number of Voltage Words = 5
* Number of Scans Averaged by the Deck Unit = 1
* NMEA Latitude = 58 20.54 N
* NMEA Longitude = 011 53.71 E
* NMEA UTC (Time) = Sep 22 2020  08:23:37
** StationNumber: st_A
** BottomDepth: 34
# nquan = 12
# nvalues = 21141                                 
# units = specified
# name 0 = latitude: Latitude [deg]
# name 1 = longitude: Longitude [deg]
# name 2 = prDM: Pressure, Digiquartz [db]
# name 3 = depSM: Depth [salt water, m]
# name 4 = t090C: Temperature [ITS-90, deg C]
# name 5 = c0S/m: Conductivity [S/m]
# name 6 = sal00: Salinity, Practical [PSU]
# name 7 = sbeox0ML/L: Oxygen, SBE 43 [ml/l]
# name 8 = flECO-AFL: Fluorescence, WET Labs ECO-AFL/FL [mg/m^3]
# name 9 = density00: Density [density, kg/m^3]
# name 10 = svCM: Sound Velocity [Chen-Millero, m/s]
# name 11 = flag:  0.000e+00
# span 0 =   58.34192,   58.34242                 
# span 1 =   11.89516,   11.89598                 
# span 2 =     -0.642,     32.702                 
# span 3 =     -0.636,     32.395                 
# span 4 =     8.6001,    16.0963                 
# span 5 =   0.148339,   3.424136                 
# span 6 =     0.9455,    32.1465                 
# span 7 =     0.0369,     7.4018                 
# span 8 =    -0.1217,     3.9442                 
# span 9 =   999.8866,  1025.0656                 
# span 10 =    1465.27,    1497.14                
# span 11 = 0.0000e+00, 0.0000e+00                
# interval = seconds: 0.0416667
# start_time = Sep 22 2020 10:23:38 [System UpLoad Time]
# bad_flag = -9.990e-29
*END*
[from data line 4091]
   58.34238   11.89580     31.820     31.521     8.7925   3.423109    32.1326     0.1024     0.8673  1025.0507    1482.43  0.000e+00
   58.34238   11.89580     31.820     31.521     8.7927   3.423078    32.1322     0.1024     0.8673  1025.0503    1482.43  0.000e+00
   58.34238   11.89580     31.756     31.459     8.7925   3.423066    32.1322     0.1023     0.8673  1025.0501    1482.43  0.000e+00
   58.34238   11.89580     31.875     31.576     8.7927   3.423066    32.1320     0.1028     0.8673  1025.0504    1482.43  0.000e+00
   58.34238   11.89580     31.820     31.521     8.7925   3.423084    32.1324     0.1028     0.8673  1025.0505    1482.43  0.000e+00
   58.34238   11.89580     31.756     31.459     8.7925   3.423072    32.1323     0.0980     0.8673  1025.0501    1482.43  0.000e+00
   58.34238   11.89580     31.875     31.576     8.7929   3.423041    32.1316     0.1021     0.8673  1025.0501    1482.43  0.000e+00
   58.34238   11.89580     31.756     31.459     8.7925   3.423053    32.1321     0.1021     0.8673  1025.0500    1482.43  0.000e+00
   58.34238   11.89580     31.820     31.521     8.7927   3.423041    32.1318     0.1021     0.8673  1025.0500    1482.43  0.000e+00
   58.34238   11.89580     31.820     31.521     8.7927   3.423054    32.1319     0.1020     0.8673  1025.0501    1482.43  0.000e+00
   58.34238   11.89580     31.835     31.537     8.7930   3.423066    32.1317     0.1020     0.8673  1025.0500    1482.43  0.000e+00
   58.34238   11.89580     31.820     31.521     8.7927   3.423084    32.1322     0.1020     0.8673  1025.0503    1482.43  0.000e+00
   58.34238   11.89580     31.820     31.521     8.7927   3.423072    32.1321     0.1020     0.8673  1025.0502    1482.43  0.000e+00
   58.34238   11.89580     31.756     31.459     8.7929   3.423066    32.1319     0.1019     0.8673  1025.0498    1482.43  0.000e+00
   58.34238   11.89580     31.875     31.576     8.7929   3.423066    32.1318     0.1019     0.8673  1025.0503    1482.43  0.000e+00
   58.34238   11.89580     31.756     31.459     8.7930   3.423066    32.1317     0.0971     0.8551  1025.0496    1482.43  0.000e+00
   58.34238   11.89580     31.820     31.521     8.7930   3.423041    32.1315     0.1013     0.8551  1025.0497    1482.43  0.000e+00
   58.34238   11.89580     31.820     31.521     8.7930   3.423054    32.1316     0.1013     0.8551  1025.0498    1482.43  0.000e+00
   58.34238   11.89580     31.820     31.521     8.7930   3.423041    32.1315     0.1013     0.8429  1025.0497    1482.43  0.000e+00
   58.34238   11.89580     31.756     31.459     8.7929   3.423035    32.1316     0.1013     0.8551  1025.0495    1482.43  0.000e+00
   58.34238   11.89580     31.820     31.521     8.7929   3.423035    32.1315     0.1013     0.8551  1025.0498    1482.43  0.000e+00
   58.34238   11.89580     31.820     31.521     8.7930   3.423054    32.1316     0.1013     0.8551  1025.0498    1482.43  0.000e+00
   58.34238   11.89580     31.820     31.521     8.7929   3.422992    32.1311     0.1013     0.8551  1025.0494    1482.43  0.000e+00
   58.34238   11.89580     31.780     31.482     8.7929   3.423016    32.1314     0.1013     0.8551  1025.0495    1482.43  0.000e+00
   58.34238   11.89580     31.820     31.521     8.7929   3.422986    32.1310     0.1013     0.8551  1025.0494    1482.43  0.000e+00
   58.34238   11.89580     31.820     31.521     8.7930   3.423016    32.1312     0.0965     0.8551  1025.0495    1482.43  0.000e+00
   58.34238   11.89580     31.756     31.459     8.7930   3.423010    32.1312     0.1007     0.8429  1025.0492    1482.43  0.000e+00
   58.34238   11.89580     31.820     31.521     8.7929   3.423047    32.1317     0.0960     0.8551  1025.0499    1482.43  0.000e+00
   58.34238   11.89580     31.820     31.521     8.7929   3.423041    32.1316     0.0955     0.8429  1025.0498    1482.43  0.000e+00
   58.34238   11.89580     31.820     31.521     8.7930   3.423035    32.1314     0.0997     0.8429  1025.0496    1482.43  0.000e+00
   58.34238   11.89580     31.756     31.459     8.7929   3.423053    32.1317     0.0998     0.8551  1025.0497    1482.43  0.000e+00
   58.34238   11.89580     31.820     31.521     8.7929   3.423041    32.1316     0.0998     0.8551  1025.0498    1482.43  0.000e+00
   58.34238   11.89580     31.756     31.459     8.7930   3.423053    32.1316     0.0999     0.8551  1025.0495    1482.43  0.000e+00
   58.34238   11.89580     31.820     31.521     8.7930   3.423041    32.1315     0.1000     0.8551  1025.0497    1482.43  0.000e+00
   58.34238   11.89580     31.820     31.521     8.7930   3.423010    32.1311     0.1007     0.8551  1025.0494    1482.43  0.000e+00
   58.34238   11.89580     31.756     31.459     8.7930   3.423004    32.1311     0.1014     0.8551  1025.0491    1482.43  0.000e+00
   58.34238   11.89580     31.820     31.521     8.7927   3.423047    32.1318     0.1015     0.8551  1025.0500    1482.43  0.000e+00
   58.34238   11.89580     31.780     31.482     8.7930   3.423066    32.1317     0.1016     0.8551  1025.0497    1482.43  0.000e+00
   58.34238   11.89580     31.820     31.521     8.7929   3.423041    32.1316     0.1018     0.8551  1025.0498    1482.43  0.000e+00
   58.34238   11.89580     31.756     31.459     8.7929   3.423053    32.1317     0.1019     0.8551  1025.0497    1482.43  0.000e+00
   58.34238   11.89580     31.820     31.521     8.7929   3.423041    32.1316     0.1020     0.8551  1025.0498    1482.43  0.000e+00
   58.34238   11.89580     31.756     31.459     8.7927   3.423035    32.1317     0.1021     0.8551  1025.0497    1482.43  0.000e+00
   58.34238   11.89580     31.820     31.521     8.7927   3.423103    32.1324     0.1023     0.8551  1025.0505    1482.43  0.000e+00
   58.34238   11.89580     31.820     31.521     8.7925   3.423078    32.1323     0.1024     0.8551  1025.0504    1482.43  0.000e+00
   58.34238   11.89580     31.756     31.459     8.7927   3.423041    32.1318     0.1025     0.8551  1025.0497    1482.43  0.000e+00
   58.34238   11.89580     31.820     31.521     8.7924   3.423054    32.1322     0.1026     0.8551  1025.0504    1482.43  0.000e+00
   58.34238   11.89580     31.820     31.521     8.7927   3.423066    32.1320     0.1028     0.8551  1025.0502    1482.43  0.000e+00
   58.34238   11.89580     31.756     31.459     8.7925   3.423041    32.1319     0.1029     0.8551  1025.0499    1482.43  0.000e+00
   58.34238   11.89580     31.820     31.521     8.7924   3.423078    32.1324     0.1030     0.8551  1025.0506    1482.43  0.000e+00
   58.34238   11.89580     31.756     31.459     8.7924   3.423072    32.1324     0.1031     0.8429  1025.0502    1482.43  0.000e+00
   58.34238   11.89580     31.780     31.482     8.7924   3.423084    32.1325     0.1033     0.8551  1025.0504    1482.43  0.000e+00
   58.34238   11.89580     31.820     31.521     8.7922   3.423097    32.1328     0.1034     0.8551  1025.0509    1482.43  0.000e+00
   58.34238   11.89580     31.820     31.521     8.7922   3.423072    32.1325     0.0988     0.8551  1025.0507    1482.43  0.000e+00
   58.34238   11.89580     31.756     31.459     8.7921   3.423084    32.1328     0.0983     0.8551  1025.0506    1482.43  0.000e+00
   58.34238   11.89580     31.820     31.521     8.7921   3.423115    32.1331     0.1020     0.8551  1025.0512    1482.43  0.000e+00
   58.34238   11.89580     31.756     31.459     8.7919   3.423078    32.1329     0.1022     0.8551  1025.0507    1482.43  0.000e+00
   58.34238   11.89580     31.820     31.521     8.7917   3.423084    32.1331     0.1023     0.8551  1025.0512    1482.43  0.000e+00
   58.34238   11.89580     31.820     31.521     8.7918   3.423115    32.1334     0.0977     0.8551  1025.0514    1482.43  0.000e+00
   58.34238   11.89580     31.756     31.459     8.7917   3.423128    32.1336     0.1020     0.8551  1025.0513    1482.43  0.000e+00
   58.34238   11.89580     31.820     31.521     8.7918   3.423078    32.1330     0.0975     0.8551  1025.0511    1482.43  0.000e+00
   58.34238   11.89580     31.756     31.459     8.7916   3.423109    32.1335     0.1018     0.8551  1025.0513    1482.43  0.000e+00
   58.34238   11.89580     31.820     31.521     8.7918   3.423103    32.1333     0.0973     0.8551  1025.0513    1482.43  0.000e+00
   58.34238   11.89580     31.820     31.521     8.7914   3.423115    32.1337     0.0969     0.8429  1025.0517    1482.43  0.000e+00
   58.34238   11.89580     31.780     31.482     8.7918   3.423115    32.1334     0.1013     0.8429  1025.0512    1482.43  0.000e+00
   58.34238   11.89580     31.756     31.459     8.7914   3.423097    32.1335     0.0962     0.8429  1025.0513    1482.42  0.000e+00
   58.34238   11.89580     31.820     31.521     8.7916   3.423097    32.1334     0.1006     0.8429  1025.0514    1482.43  0.000e+00
   58.34238   11.89580     31.820     31.521     8.7916   3.423115    32.1336     0.1008     0.8429  1025.0516    1482.43  0.000e+00
   58.34238   11.89580     31.756     31.459     8.7914   3.423128    32.1339     0.1011     0.8429  1025.0515    1482.43  0.000e+00
   58.34238   11.89580     31.820     31.521     8.7914   3.423128    32.1338     0.1013     0.8429  1025.0518    1482.43  0.000e+00
   58.34238   11.89580     31.756     31.459     8.7914   3.423128    32.1339     0.0968     0.8429  1025.0515    1482.43  0.000e+00
   58.34238   11.89580     31.820     31.521     8.7914   3.423128    32.1338     0.0965     0.8429  1025.0518    1482.43  0.000e+00
   58.34238   11.89580     31.820     31.521     8.7916   3.423146    32.1339     0.1010     0.8429  1025.0518    1482.43  0.000e+00
   58.34238   11.89580     31.756     31.459     8.7912   3.423109    32.1338     0.1012     0.8429  1025.0516    1482.42  0.000e+00
   58.34238   11.89580     31.820     31.521     8.7914   3.423097    32.1335     0.1015     0.8429  1025.0516    1482.43  0.000e+00
   58.34238   11.89580     31.820     31.521     8.7914   3.423140    32.1340     0.1012     0.8429  1025.0519    1482.43  0.000e+00
   58.34238   11.89580     31.820     31.521     8.7913   3.423159    32.1343     0.1015     0.8429  1025.0522    1482.43  0.000e+00
   58.34238   11.89580     31.756     31.459     8.7914   3.423159    32.1342     0.1011     0.8429  1025.0518    1482.43  0.000e+00
   58.34238   11.89580     31.835     31.537     8.7914   3.423177    32.1343     0.1008     0.8429  1025.0523    1482.43  0.000e+00
   58.34238   11.89580     31.756     31.459     8.7914   3.423165    32.1342     0.0963     0.8429  1025.0518    1482.43  0.000e+00
   58.34238   11.89580     31.875     31.576     8.7914   3.423177    32.1343     0.1007     0.8429  1025.0524    1482.43  0.000e+00
   58.34238   11.89580     31.756     31.459     8.7912   3.423190    32.1347     0.0962     0.8429  1025.0522    1482.43  0.000e+00
   58.34238   11.89580     31.820     31.521     8.7914   3.423190    32.1345     0.1006     0.8429  1025.0523    1482.43  0.000e+00
   58.34238   11.89580     31.820     31.521     8.7912   3.423140    32.1341     0.1009     0.8429  1025.0521    1482.43  0.000e+00
   58.34238   11.89580     31.820     31.521     8.7913   3.423196    32.1347     0.1011     0.8429  1025.0525    1482.43  0.000e+00
   58.34238   11.89580     31.756     31.459     8.7911   3.423196    32.1349     0.0966     0.8429  1025.0524    1482.43  0.000e+00
   58.34238   11.89580     31.820     31.521     8.7914   3.423190    32.1345     0.0964     0.8429  1025.0523    1482.43  0.000e+00
   58.34238   11.89580     31.820     31.521     8.7912   3.423190    32.1347     0.1008     0.8429  1025.0525    1482.43  0.000e+00
   58.34238   11.89580     31.820     31.521     8.7913   3.423190    32.1346     0.0964     0.8551  1025.0524    1482.43  0.000e+00
   58.34238   11.89580     31.820     31.521     8.7912   3.423208    32.1348     0.0962     0.8673  1025.0526    1482.43  0.000e+00
   58.34238   11.89580     31.756     31.459     8.7914   3.423220    32.1348     0.0959     0.8673  1025.0523    1482.43  0.000e+00
   58.34238   11.89580     31.835     31.537     8.7911   3.423196    32.1348     0.0957     0.8673  1025.0527    1482.43  0.000e+00
   58.34238   11.89580     31.820     31.521     8.7911   3.423208    32.1350     0.0956     0.8673  1025.0528    1482.43  0.000e+00
   58.34238   11.89580     31.820     31.521     8.7912   3.423220    32.1350     0.1002     0.8673  1025.0527    1482.43  0.000e+00
   58.34238   11.89580     31.820     31.521     8.7911   3.423220    32.1351     0.1006     0.8673  1025.0529    1482.43  0.000e+00
   58.34238   11.89580     31.820     31.521     8.7911   3.423239    32.1353     0.0963     0.8673  1025.0530    1482.43  0.000e+00
   58.34238   11.89580     31.820     31.521     8.7909   3.423270    32.1358     0.1009     0.8673  1025.0534    1482.43  0.000e+00
   58.34238   11.89580     31.820     31.521     8.7911   3.423282    32.1358     0.0966     0.8673  1025.0534    1482.43  0.000e+00
   58.34238   11.89580     31.820     31.521     8.7909   3.423282    32.1359     0.0966     0.8673  1025.0535    1482.43  0.000e+00
   58.34238   11.89580     31.820     31.521     8.7909   3.423233    32.1354     0.0965     0.8673  1025.0531    1482.43  0.000e+00
   58.34238   11.89580     31.820     31.521     8.7909   3.423239    32.1354     0.1012     0.8673  1025.0531    1482.43  0.000e+00
   58.34238   11.89580     31.875     31.576     8.7911   3.423251    32.1354     0.0970     0.8673  1025.0533    1482.43  0.000e+00
   58.34238   11.89580     31.756     31.459     8.7909   3.423251    32.1356     0.1011     0.8673  1025.0530    1482.43  0.000e+00
   58.34238   11.89580     31.875     31.576     8.7909   3.423270    32.1357     0.0963     0.8673  1025.0536    1482.43  0.000e+00
   58.34238   11.89580     31.780     31.482     8.7909   3.423282    32.1359     0.0962     0.8673  1025.0533    1482.43  0.000e+00
   58.34238   11.89582     31.820     31.521     8.7909   3.423282    32.1359     0.0962     0.8673  1025.0535    1482.43  0.000e+00
   58.34238   11.89582     31.875     31.576     8.7909   3.423258    32.1356     0.0962     0.8673  1025.0535    1482.43  0.000e+00
   58.34238   11.89582     31.756     31.459     8.7909   3.423251    32.1356     0.0956     0.8673  1025.0530    1482.43  0.000e+00
   58.34238   11.89582     31.875     31.576     8.7911   3.423251    32.1354     0.0956     0.8673  1025.0533    1482.43  0.000e+00
   58.34238   11.89582     31.820     31.521     8.7909   3.423251    32.1356     0.0950     0.8673  1025.0532    1482.43  0.000e+00
   58.34238   11.89582     31.820     31.521     8.7911   3.423270    32.1356     0.0998     0.8673  1025.0533    1482.43  0.000e+00
   58.34238   11.89582     31.820     31.521     8.7909   3.423258    32.1356     0.0951     0.8673  1025.0533    1482.43  0.000e+00
   58.34238   11.89582     31.875     31.576     8.7908   3.423227    32.1354     0.0993     0.8673  1025.0534    1482.43  0.000e+00
   58.34238   11.89582     31.756     31.459     8.7911   3.423239    32.1353     0.0999     0.8551  1025.0527    1482.43  0.000e+00
   58.34238   11.89582     31.875     31.576     8.7908   3.423295    32.1361     0.0999     0.8551  1025.0540    1482.43  0.000e+00
   58.34238   11.89582     31.820     31.521     8.7909   3.423264    32.1357     0.0958     0.8551  1025.0533    1482.43  0.000e+00
   58.34238   11.89582     31.820     31.521     8.7909   3.423270    32.1358     0.1005     0.8551  1025.0534    1482.43  0.000e+00
   58.34238   11.89582     31.820     31.521     8.7909   3.423258    32.1356     0.0964     0.8551  1025.0533    1482.43  0.000e+00
   58.34238   11.89582     31.835     31.537     8.7908   3.423270    32.1359     0.1012     0.8551  1025.0536    1482.43  0.000e+00
   58.34238   11.89582     31.875     31.576     8.7911   3.423282    32.1357     0.0965     0.8551  1025.0536    1482.43  0.000e+00
