data/2020/st_A_conv.cnv
* Sea-Bird SBE 9 Data File:
* FileName = C:\Documents and Settings\Boat\Desktop\MAR440_TUES\st_A.hdr
* Software Version Seasave V 7.20a
* Temperature SN = 4766
* Conductivity SN = 3059
* Number of Bytes Per Scan = 34
* Number of Voltage Words = 5
* Number of Scans Averaged by the Deck Unit = 1
* NMEA Latitude = 58 20.54 N
* NMEA Longitude = 011 53.71 E
* NMEA UTC (Time) = Sep 22 2020  08:23:37
** StationNumber: st_A
** BottomDepth: 34
# nquan = 12
# nvalues = 21141                                 
# units = specified
# name 0 = latitude: Latitude [deg]
# name 1 = longitude: Longitude [deg]
# name 2 = prDM: Pressure, Digiquartz [db]
# name 3 = depSM: Depth [salt water, m]
# name 4 = t090C: Temperature [ITS-90, deg C]
# name 5 = c0S/m: Conductivity [S/m]
# name 6 = sal00: Salinity, Practical [PSU]
# name 7 = sbeox0ML/L: Oxygen, SBE 43 [ml/l]
# name 8 = flECO-AFL: Fluorescence, WET Labs ECO-AFL/FL [mg/m^3]
# name 9 = density00: Density [density, kg/m^3]
# name 10 = svCM: Sound Velocity [Chen-Millero, m/s]
# name 11 = flag:  0.000e+00
# span 0 =   58.34192,   58.34242                 
# span 1 =   11.89516,   11.89598                 
# span 2 =     -0.642,     32.702                 
# span 3 =     -0.636,     32.395                 
# span 4 =     8.6001,    16.0963                 
# span 5 =   0.148339,   3.424136                 
# span 6 =     0.9455,    32.1465                 
# span 7 =     0.0369,     7.4018                 
# span 8 =    -0.1217,     3.9442                 
# span 9 =   999.8866,  1025.0656                 
# span 10 =    1465.27,    1497.14                
# span 11 = 0.0000e+00, 0.0000e+00                
# interval = seconds: 0.0416667
# start_time = Sep 22 2020 10:23:38 [System UpLoad Time]
# bad_flag = -9.990e-29
*END*
[from data line 13955]
   58.34200   11.89580     31.828     31.529     8.7934   3.422763    32.1282     0.0532     0.8673  1025.0472    1482.43  0.000e+00
   58.34200   11.89580     31.828     31.529     8.7932   3.422781    32.1286     0.0531     0.8673  1025.0475    1482.43  0.000e+00
   58.34200   11.89580     31.828     31.529     8.7930   3.422831    32.1293     0.0571     0.8673  1025.0480    1482.43  0.000e+00
   58.34200   11.89580     31.828     31.529     8.7930   3.422850    32.1295     0.0528     0.8673  1025.0482    1482.43  0.000e+00
   58.34200   11.89580     31.883     31.584     8.7929   3.422850    32.1296     0.0521     0.8673  1025.0485    1482.43  0.000e+00
   58.34200   11.89580     31.764     31.467     8.7930   3.422806    32.1290     0.0561     0.8673  1025.0476    1482.43  0.000e+00
   58.34200   11.89580     31.828     31.529     8.7930   3.422794    32.1289     0.0512     0.8673  1025.0477    1482.43  0.000e+00
   58.34200   11.89580     31.883     31.584     8.7930   3.422831    32.1292     0.0511     0.8673  1025.0483    1482.43  0.000e+00
   58.34200   11.89580     31.788     31.490     8.7930   3.422806    32.1290     0.0504     0.8673  1025.0477    1482.43  0.000e+00
   58.34200   11.89580     31.883     31.584     8.7930   3.422794    32.1289     0.0544     0.8673  1025.0480    1482.43  0.000e+00
   58.34200   11.89580     31.828     31.529     8.7932   3.422769    32.1285     0.0549     0.8673  1025.0474    1482.43  0.000e+00
   58.34200   11.89580     31.764     31.467     8.7932   3.422763    32.1285     0.0595     0.8673  1025.0471    1482.43  0.000e+00
   58.34200   11.89580     31.828     31.529     8.7934   3.422738    32.1280     0.0557     0.8673  1025.0470    1482.43  0.000e+00
   58.34200   11.89580     31.828     31.529     8.7932   3.422732    32.1281     0.0609     0.8673  1025.0471    1482.43  0.000e+00
   58.34200   11.89580     31.883     31.584     8.7935   3.422732    32.1278     0.0572     0.8673  1025.0470    1482.43  0.000e+00
   58.34200   11.89580     31.828     31.529     8.7934   3.422707    32.1277     0.0528     0.8673  1025.0467    1482.43  0.000e+00
   58.34200   11.89580     31.828     31.529     8.7935   3.422720    32.1277     0.0574     0.8673  1025.0467    1482.43  0.000e+00
   58.34200   11.89580     31.828     31.529     8.7937   3.422707    32.1274     0.0578     0.8673  1025.0465    1482.43  0.000e+00
   58.34200   11.89580     31.883     31.584     8.7935   3.422720    32.1276     0.0535     0.8673  1025.0469    1482.43  0.000e+00
   58.34200   11.89580     31.828     31.529     8.7934   3.422751    32.1281     0.0575     0.8673  1025.0471    1482.43  0.000e+00
   58.34200   11.89580     31.828     31.529     8.7935   3.422738    32.1279     0.0531     0.8673  1025.0468    1482.43  0.000e+00
   58.34200   11.89580     31.844     31.545     8.7935   3.422751    32.1280     0.0524     0.8673  1025.0470    1482.43  0.000e+00
   58.34200   11.89580     31.764     31.467     8.7935   3.422806    32.1286     0.0516     0.8673  1025.0471    1482.43  0.000e+00
   58.34200   11.89580     31.883     31.584     8.7934   3.422775    32.1283     0.0556     0.8673  1025.0475    1482.43  0.000e+00
   58.34200   11.89580     31.828     31.529     8.7932   3.422806    32.1289     0.0560     0.8673  1025.0477    1482.43  0.000e+00
   58.34200   11.89580     31.828     31.529     8.7934   3.422775    32.1284     0.0564     0.8673  1025.0473    1482.43  0.000e+00
   58.34200   11.89580     31.828     31.529     8.7932   3.422806    32.1289     0.0521     0.8673  1025.0477    1482.43  0.000e+00
   58.34200   11.89580     31.828     31.529     8.7934   3.422775    32.1284     0.0567     0.8673  1025.0473    1482.43  0.000e+00
   58.34200   11.89580     31.883     31.585     8.7930   3.422806    32.1290     0.0524     0.8673  1025.0481    1482.43  0.000e+00
   58.34200   11.89580     31.828     31.529     8.7932   3.422800    32.1288     0.0516     0.8673  1025.0476    1482.43  0.000e+00
   58.34200   11.89580     31.828     31.529     8.7930   3.422812    32.1291     0.0515     0.8673  1025.0479    1482.43  0.000e+00
   58.34200   11.89580     31.828     31.529     8.7934   3.422775    32.1284     0.0555     0.8673  1025.0473    1482.43  0.000e+00
   58.34200   11.89578     31.883     31.585     8.7932   3.422738    32.1281     0.0560     0.8673  1025.0474    1482.43  0.000e+00
   58.34200   11.89578     31.828     31.529     8.7934   3.422751    32.1281     0.0565     0.8673  1025.0471    1482.43  0.000e+00
   58.34200   11.89578     31.788     31.490     8.7930   3.422806    32.1290     0.0516     0.8673  1025.0477    1482.43  0.000e+00
   58.34200   11.89578     31.883     31.585     8.7934   3.422800    32.1286     0.0515     0.8673  1025.0477    1482.43  0.000e+00
   58.34200   11.89578     31.828     31.529     8.7930   3.422769    32.1286     0.0561     0.8673  1025.0475    1482.43  0.000e+00
   58.34200   11.89578     31.828     31.529     8.7932   3.422781    32.1286     0.0566     0.8673  1025.0475    1482.43  0.000e+00
   58.34200   11.89578     31.883     31.585     8.7932   3.422769    32.1285     0.0571     0.8673  1025.0476    1482.43  0.000e+00
   58.34200   11.89578     31.828     31.529     8.7932   3.422738    32.1282     0.0582     0.8673  1025.0471    1482.43  0.000e+00
   58.34200   11.89578     31.828     31.529     8.7934   3.422713    32.1277     0.0540     0.8429  1025.0468    1482.43  0.000e+00
   58.34200   11.89578     31.883     31.585     8.7934   3.422701    32.1276     0.0587     0.8551  1025.0469    1482.43  0.000e+00
   58.34200   11.89578     31.828     31.529     8.7935   3.422701    32.1275     0.0592     0.8429  1025.0465    1482.43  0.000e+00
   58.34200   11.89578     31.828     31.529     8.7935   3.422720    32.1277     0.0544     0.8551  1025.0467    1482.43  0.000e+00
   58.34200   11.89578     31.828     31.529     8.7937   3.422707    32.1274     0.0585     0.8551  1025.0465    1482.43  0.000e+00
   58.34200   11.89578     31.828     31.529     8.7937   3.422720    32.1275     0.0584     0.8429  1025.0466    1482.43  0.000e+00
   58.34200   11.89578     31.828     31.529     8.7935   3.422732    32.1278     0.0583     0.8429  1025.0468    1482.43  0.000e+00
   58.34200   11.89578     31.883     31.585     8.7937   3.422732    32.1276     0.0588     0.8551  1025.0469    1482.43  0.000e+00
   58.34200   11.89578     31.844     31.545     8.7934   3.422751    32.1281     0.0586     0.8551  1025.0471    1482.43  0.000e+00
   58.34200   11.89578     31.828     31.529     8.7932   3.422763    32.1284     0.0584     0.8551  1025.0473    1482.43  0.000e+00
   58.34200   11.89578     31.828     31.529     8.7932   3.422781    32.1286     0.0582     0.8551  1025.0475    1482.43  0.000e+00
   58.34200   11.89578     31.883     31.585     8.7932   3.422744    32.1282     0.0586     0.8551  1025.0474    1482.43  0.000e+00
   58.34200   11.89578     31.828     31.529     8.7932   3.422751    32.1283     0.0537     0.8551  1025.0472    1482.43  0.000e+00
   58.34200   11.89578     31.828     31.529     8.7934   3.422763    32.1282     0.0528     0.8429  1025.0472    1482.43  0.000e+00
   58.34200   11.89578     31.883     31.585     8.7932   3.422763    32.1284     0.0574     0.8551  1025.0476    1482.43  0.000e+00
   58.34200   11.89578     31.828     31.529     8.7934   3.422763    32.1282     0.0572     0.8551  1025.0472    1482.43  0.000e+00
   58.34200   11.89578     31.828     31.529     8.7934   3.422738    32.1280     0.0569     0.8551  1025.0470    1482.43  0.000e+00
   58.34200   11.89578     31.828     31.529     8.7935   3.422751    32.1280     0.0519     0.8551  1025.0469    1482.43  0.000e+00
   58.34200   11.89578     31.883     31.585     8.7935   3.422738    32.1278     0.0516     0.8429  1025.0471    1482.43  0.000e+00
   58.34200   11.89578     31.828     31.529     8.7935   3.422732    32.1278     0.0562     0.8551  1025.0468    1482.43  0.000e+00
   58.34200   11.89578     31.828     31.529     8.7937   3.422707    32.1274     0.0572     0.8551  1025.0465    1482.43  0.000e+00
   58.34200   11.89578     31.844     31.545     8.7935   3.422744    32.1279     0.0528     0.8429  1025.0470    1482.43  0.000e+00
   58.34200   11.89578     31.883     31.585     8.7937   3.422738    32.1277     0.0580     0.8551  1025.0469    1482.43  0.000e+00
   58.34200   11.89578     31.828     31.529     8.7935   3.422683    32.1273     0.0537     0.8551  1025.0464    1482.43  0.000e+00
   58.34200   11.89578     31.828     31.529     8.7937   3.422670    32.1270     0.0577     0.8551  1025.0462    1482.43  0.000e+00
   58.34200   11.89578     31.883     31.585     8.7937   3.422689    32.1272     0.0582     0.8551  1025.0465    1482.43  0.000e+00
   58.34200   11.89578     31.828     31.529     8.7939   3.422676    32.1269     0.0586     0.8551  1025.0460    1482.43  0.000e+00
   58.34200   11.89578     31.828     31.529     8.7939   3.422689    32.1270     0.0537     0.8551  1025.0461    1482.43  0.000e+00
   58.34200   11.89578     31.828     31.529     8.7937   3.422676    32.1271     0.0535     0.8551  1025.0462    1482.43  0.000e+00
   58.34200   11.89578     31.883     31.585     8.7939   3.422670    32.1268     0.0575     0.8551  1025.0462    1482.43  0.000e+00
   58.34200   11.89578     31.828     31.529     8.7939   3.422713    32.1273     0.0574     0.8551  1025.0463    1482.43  0.000e+00
   58.34200   11.89578     31.828     31.529     8.7937   3.422732    32.1277     0.0524     0.8551  1025.0467    1482.43  0.000e+00
   58.34200   11.89578     31.828     31.529     8.7932   3.422732    32.1281     0.0522     0.8551  1025.0471    1482.43  0.000e+00
   58.34200   11.89578     31.883     31.585     8.7935   3.422732    32.1278     0.0568     0.8551  1025.0470    1482.43  0.000e+00
   58.34200   11.89578     31.828     31.529     8.7932   3.422775    32.1286     0.0525     0.8551  1025.0474    1482.43  0.000e+00
   58.34200   11.89578     31.844     31.545     8.7932   3.422794    32.1287     0.0518     0.8551  1025.0477    1482.43  0.000e+00
   58.34200   11.89578     31.828     31.529     8.7934   3.422769    32.1283     0.0564     0.8551  1025.0472    1482.43  0.000e+00
   58.34200   11.89578     31.883     31.585     8.7932   3.422782    32.1286     0.0563     0.8551  1025.0477    1482.43  0.000e+00
   58.34200   11.89578     31.828     31.529     8.7932   3.422769    32.1285     0.0513     0.8551  1025.0474    1482.43  0.000e+00
   58.34200   11.89578     31.828     31.529     8.7934   3.422738    32.1280     0.0553     0.8551  1025.0470    1482.43  0.000e+00
   58.34200   11.89578     31.883     31.585     8.7929   3.422775    32.1288     0.0510     0.8551  1025.0479    1482.43  0.000e+00
   58.34200   11.89578     31.828     31.530     8.7932   3.422744    32.1282     0.0556     0.8551  1025.0472    1482.43  0.000e+00
   58.34200   11.89578     31.828     31.530     8.7934   3.422707    32.1277     0.0513     0.8551  1025.0467    1482.43  0.000e+00
   58.34200   11.89578     31.828     31.530     8.7934   3.422701    32.1276     0.0506     0.8551  1025.0467    1482.43  0.000e+00
   58.34200   11.89578     31.883     31.585     8.7935   3.422701    32.1274     0.0498     0.8551  1025.0468    1482.43  0.000e+00
   58.34200   11.89578     31.828     31.530     8.7939   3.422652    32.1266     0.0544     0.8551  1025.0458    1482.43  0.000e+00
   58.34200   11.89578     31.828     31.530     8.7937   3.422615    32.1264     0.0549     0.8551  1025.0457    1482.43  0.000e+00
   58.34200   11.89578     31.828     31.530     8.7939   3.422676    32.1269     0.0554     0.8551  1025.0460    1482.43  0.000e+00
   58.34200   11.89578     31.844     31.545     8.7940   3.422627    32.1262     0.0558     0.8673  1025.0456    1482.43  0.000e+00
   58.34200   11.89578     31.828     31.530     8.7940   3.422652    32.1265     0.0557     0.8673  1025.0457    1482.43  0.000e+00
   58.34200   11.89578     31.883     31.585     8.7937   3.422646    32.1267     0.0514     0.8673  1025.0462    1482.43  0.000e+00
   58.34200   11.89578     31.828     31.530     8.7939   3.422658    32.1267     0.0560     0.8673  1025.0459    1482.43  0.000e+00
   58.34200   11.89578     31.828     31.530     8.7940   3.422645    32.1264     0.0559     0.8673  1025.0457    1482.43  0.000e+00
   58.34200   11.89578     31.828     31.530     8.7939   3.422658    32.1267     0.0516     0.8673  1025.0459    1482.43  0.000e+00
   58.34200   11.89578     31.883     31.585     8.7939   3.422670    32.1268     0.0562     0.8673  1025.0462    1482.43  0.000e+00
   58.34200   11.89578     31.828     31.530     8.7937   3.422676    32.1271     0.0567     0.8673  1025.0462    1482.43  0.000e+00
   58.34200   11.89578     31.828     31.530     8.7940   3.422645    32.1264     0.0571     0.8673  1025.0457    1482.43  0.000e+00
   58.34200   11.89578     31.828     31.530     8.7940   3.422639    32.1264     0.0529     0.8673  1025.0456    1482.43  0.000e+00
   58.34200   11.89578     31.883     31.585     8.7940   3.422639    32.1264     0.0575     0.8673  1025.0458    1482.43  0.000e+00
   58.34200   11.89578     31.828     31.530     8.7940   3.422639    32.1264     0.0580     0.8673  1025.0456    1482.43  0.000e+00
   58.34200   11.89578     31.828     31.530     8.7943   3.422639    32.1261     0.0585     0.8673  1025.0454    1482.43  0.000e+00
   58.34200   11.89578     31.788     31.490     8.7940   3.422615    32.1261     0.0536     0.8673  1025.0452    1482.43  0.000e+00
   58.34200   11.89578     31.883     31.585     8.7942   3.422652    32.1263     0.0529     0.8673  1025.0458    1482.43  0.000e+00
   58.34200   11.89578     31.828     31.530     8.7942   3.422621    32.1261     0.0528     0.8673  1025.0453    1482.43  0.000e+00
   58.34200   11.89578     31.828     31.530     8.7940   3.422584    32.1258     0.0527     0.8673  1025.0452    1482.43  0.000e+00
   58.34200   11.89578     31.828     31.530     8.7942   3.422577    32.1256     0.0574     0.8673  1025.0450    1482.43  0.000e+00
   58.34200   11.89578     31.883     31.585     8.7943   3.422621    32.1259     0.0526     0.8673  1025.0454    1482.43  0.000e+00
   58.34200   11.89578     31.828     31.530     8.7944   3.422615    32.1258     0.0519     0.8673  1025.0451    1482.43  0.000e+00
   58.34200   11.89578     31.828     31.530     8.7942   3.422608    32.1259     0.0566     0.8673  1025.0452    1482.43  0.000e+00
   58.34200   11.89578     31.828     31.530     8.7944   3.422608    32.1257     0.0524     0.8673  1025.0451    1482.43  0.000e+00
   58.34200   11.89578     31.828     31.530     8.7942   3.422627    32.1261     0.0565     0.8673  1025.0454    1482.43  0.000e+00
   58.34200   11.89578     31.828     31.530     8.7944   3.422615    32.1258     0.0618     0.8673  1025.0451    1482.43  0.000e+00
   58.34200   11.89578     31.828     31.530     8.7943   3.422608    32.1258     0.0576     0.8673  1025.0451    1482.43  0.000e+00
   58.34200   11.89578     31.883     31.585     8.7944   3.422608    32.1257     0.0533     0.8429  1025.0453    1482.43  0.000e+00
   58.34200   11.89578     31.828     31.530     8.7942   3.422608    32.1259     0.0580     0.8429  1025.0452    1482.43  0.000e+00
   58.34200   11.89578     31.788     31.490     8.7942   3.422608    32.1259     0.0538     0.8429  1025.0451    1482.43  0.000e+00
   58.34200   11.89578     31.828     31.530     8.7942   3.422584    32.1257     0.0579     0.8551  1025.0450    1482.43  0.000e+00
   58.34200   11.89578     31.883     31.585     8.7940   3.422621    32.1262     0.0578     0.8551  1025.0457    1482.43  0.000e+00
   58.34200   11.89578     31.828     31.530     8.7942   3.422639    32.1262     0.0583     0.8551  1025.0455    1482.43  0.000e+00
   58.34200   11.89578     31.764     31.467     8.7942   3.422639    32.1263     0.0588     0.8551  1025.0452    1482.43  0.000e+00
