data/2020/st_A_conv.cnv
* Sea-Bird SBE 9 Data File:
* FileName = C:\Documents and Settings\Boat\Desktop\MAR440_TUES\st_A.hdr
* Software Version Seasave V 7.20a
* Temperature SN = 4766
* Conductivity SN = 3059
* Number of Bytes Per Scan = 34
* Number of Voltage Words = 5
* Number of Scans Averaged by the Deck Unit = 1
* NMEA Latitude = 58 20.54 N
* NMEA Longitude = 011 53.71 E
* NMEA UTC (Time) = Sep 22 2020  08:23:37
** StationNumber: st_A
** BottomDepth: 34
# nquan = 12
# nvalues = 21141                                 
# units = specified
# name 0 = latitude: Latitude [deg]
# name 1 = longitude: Longitude [deg]
# name 2 = prDM: Pressure, Digiquartz [db]
# name 3 = depSM: Depth [salt water, m]
# name 4 = t090C: Temperature [ITS-90, deg C]
# name 5 = c0S/m: Conductivity [S/m]
# name 6 = sal00: Salinity, Practical [PSU]
# name 7 = sbeox0ML/L: Oxygen, SBE 43 [ml/l]
# name 8 = flECO-AFL: Fluorescence, WET Labs ECO-AFL/FL [mg/m^3]
# name 9 = density00: Density [density, kg/m^3]
# name 10 = svCM: Sound Velocity [Chen-Millero, m/s]
# name 11 = flag:  0.000e+00
# span 0 =   58.34192,   58.34242                 
# span 1 =   11.89516,   11.89598                 
# span 2 =     -0.642,     32.702                 
# span 3 =     -0.636,     32.395                 
# span 4 =     8.6001,    16.0963                 
# span 5 =   0.148339,   3.424136                 
# span 6 =     0.9455,    32.1465                 
# span 7 =     0.0369,     7.4018                 
# span 8 =    -0.1217,     3.9442                 
# span 9 =   999.8866,  1025.0656                 
# span 10 =    1465.27,    1497.14                
# span 11 = 0.0000e+00, 0.0000e+00                
# interval = seconds: 0.0416667
# start_time = Sep 22 2020 10:23:38 [System UpLoad Time]
# bad_flag = -9.990e-29
*END*
[from data line 19008]
   58.34200   11.89566      2.057      2.038    15.4377   2.780436    21.3933     5.9643     2.1494  1015.4341    1492.35  0.000e+00
   58.34200   11.89566      2.121      2.101    15.4378   2.780368    21.3927     5.9645     2.1494  1015.4340    1492.35  0.000e+00
   58.34200   11.89566      2.121      2.101    15.4378   2.780179    21.3911     5.9690     2.1494  1015.4327    1492.35  0.000e+00
   58.34200   11.89566      2.002      1.983    15.4377   2.779911    21.3889     5.9696     2.1494  1015.4305    1492.35  0.000e+00
   58.34200   11.89566      2.057      2.038    15.4373   2.779734    21.3877     5.9661     2.1371  1015.4299    1492.35  0.000e+00
   58.34200   11.89566      2.057      2.038    15.4376   2.779705    21.3872     5.9663     2.1494  1015.4295    1492.35  0.000e+00
   58.34200   11.89566      2.057      2.038    15.4377   2.779683    21.3870     5.9708     2.1494  1015.4293    1492.35  0.000e+00
   58.34200   11.89566      2.057      2.038    15.4376   2.779751    21.3876     5.9714     2.1494  1015.4298    1492.35  0.000e+00
   58.34200   11.89566      2.121      2.101    15.4376   2.779825    21.3883     5.9720     2.1494  1015.4306    1492.35  0.000e+00
   58.34200   11.89566      2.002      1.983    15.4376   2.779854    21.3885     5.9726     2.1494  1015.4302    1492.35  0.000e+00
   58.34200   11.89566      2.002      1.983    15.4376   2.779894    21.3888     5.9732     2.1494  1015.4305    1492.35  0.000e+00
   58.34200   11.89566      2.057      2.038    15.4377   2.779877    21.3886     5.9734     2.1494  1015.4305    1492.35  0.000e+00
   58.34200   11.89566      2.057      2.038    15.4376   2.779860    21.3885     5.9741     2.1494  1015.4305    1492.35  0.000e+00
   58.34200   11.89566      2.121      2.101    15.4376   2.779728    21.3874     5.9790     2.1494  1015.4299    1492.35  0.000e+00
   58.34200   11.89566      2.057      2.038    15.4379   2.779540    21.3857     5.9753     2.1494  1015.4282    1492.35  0.000e+00
   58.34200   11.89566      2.002      1.983    15.4378   2.779454    21.3850     5.9755     2.1494  1015.4275    1492.34  0.000e+00
   58.34200   11.89566      2.057      2.038    15.4374   2.779466    21.3853     5.9761     2.1738  1015.4280    1492.34  0.000e+00
   58.34200   11.89566      2.057      2.038    15.4373   2.779466    21.3854     5.9809     2.1860  1015.4282    1492.34  0.000e+00
   58.34200   11.89566      2.057      2.038    15.4369   2.779346    21.3846     5.9820     2.1860  1015.4276    1492.34  0.000e+00
   58.34200   11.89566      2.057      2.038    15.4364   2.779083    21.3826     5.9826     2.1860  1015.4262    1492.34  0.000e+00
   58.34200   11.89566      2.057      2.038    15.4361   2.778860    21.3809     5.9832     2.1860  1015.4250    1492.33  0.000e+00
   58.34200   11.89566      2.057      2.038    15.4356   2.778763    21.3804     5.9837     2.1860  1015.4246    1492.33  0.000e+00
   58.34200   11.89566      2.002      1.983    15.4359   2.778849    21.3809     5.9883     2.1860  1015.4248    1492.33  0.000e+00
   58.34200   11.89566      2.057      2.038    15.4357   2.778969    21.3820     5.9890     2.1860  1015.4259    1492.33  0.000e+00
   58.34200   11.89566      2.057      2.038    15.4361   2.779117    21.3831     5.9897     2.1860  1015.4266    1492.34  0.000e+00
   58.34200   11.89566      2.057      2.038    15.4364   2.779426    21.3855     5.9860     2.1738  1015.4284    1492.34  0.000e+00
   58.34200   11.89566      2.057      2.038    15.4368   2.779597    21.3868     5.9904     2.1860  1015.4293    1492.34  0.000e+00
   58.34200   11.89566      2.002      1.983    15.4368   2.779688    21.3876     5.9909     2.1860  1015.4297    1492.34  0.000e+00
   58.34200   11.89566      2.057      2.038    15.4371   2.779745    21.3879     5.9914     2.1860  1015.4301    1492.34  0.000e+00
   58.34200   11.89566      2.057      2.038    15.4373   2.779740    21.3877     5.9919     2.1860  1015.4299    1492.35  0.000e+00
   58.34200   11.89566      2.057      2.038    15.4369   2.779751    21.3880     5.9881     2.1860  1015.4302    1492.34  0.000e+00
   58.34200   11.89566      2.057      2.038    15.4336   2.779791    21.3901     5.9927     2.1860  1015.4325    1492.34  0.000e+00
   58.34200   11.89566      2.057      2.038    15.4305   2.779580    21.3900     5.9934     2.1860  1015.4331    1492.33  0.000e+00
   58.34200   11.89566      2.057      2.038    15.4304   2.779197    21.3868     5.9938     2.1860  1015.4306    1492.32  0.000e+00
   58.34200   11.89566      2.057      2.038    15.4308   2.779077    21.3856     5.9937     2.1860  1015.4296    1492.32  0.000e+00
   58.34200   11.89566      2.002      1.983    15.4305   2.778986    21.3850     5.9939     2.1860  1015.4290    1492.32  0.000e+00
   58.34200   11.89566      2.057      2.038    15.4323   2.778849    21.3829     5.9939     2.1860  1015.4272    1492.32  0.000e+00
   58.34200   11.89566      2.121      2.101    15.4345   2.778803    21.3812     5.9938     2.1860  1015.4258    1492.33  0.000e+00
   58.34200   11.89566      2.002      1.983    15.4353   2.778769    21.3806     5.9937     2.1860  1015.4246    1492.33  0.000e+00
   58.34200   11.89566      2.057      2.038    15.4357   2.778661    21.3794     5.9979     2.1860  1015.4239    1492.33  0.000e+00
   58.34200   11.89566      2.057      2.038    15.4353   2.778678    21.3798     5.9940     2.1494  1015.4243    1492.33  0.000e+00
   58.34200   11.89566      2.057      2.038    15.4355   2.778798    21.3807     5.9938     2.1371  1015.4249    1492.33  0.000e+00
   58.34200   11.89566      2.057      2.038    15.4364   2.778735    21.3797     5.9932     2.1249  1015.4239    1492.33  0.000e+00
   58.34200   11.89566      2.057      2.038    15.4368   2.778603    21.3784     5.9971     2.1249  1015.4229    1492.33  0.000e+00
   58.34200   11.89566      2.121      2.101    15.4364   2.778392    21.3768     5.9978     2.1371  1015.4220    1492.33  0.000e+00
   58.34200   11.89566      2.057      2.038    15.4356   2.778324    21.3767     5.9937     2.1371  1015.4218    1492.33  0.000e+00
   58.34200   11.89566      2.002      1.983    15.4351   2.778369    21.3773     5.9933     2.1371  1015.4222    1492.33  0.000e+00
   58.34200   11.89566      2.057      2.038    15.4350   2.778387    21.3775     5.9970     2.1371  1015.4225    1492.33  0.000e+00
   58.34200   11.89566      2.121      2.101    15.4356   2.778569    21.3787     5.9926     2.1371  1015.4237    1492.33  0.000e+00
   58.34200   11.89566      2.002      1.983    15.4362   2.778701    21.3795     5.9918     2.1249  1015.4236    1492.33  0.000e+00
   58.34200   11.89566      2.121      2.101    15.4368   2.778792    21.3799     5.9912     2.1371  1015.4244    1492.34  0.000e+00
   58.34200   11.89566      2.058      2.038    15.4369   2.778906    21.3808     5.9908     2.1371  1015.4247    1492.34  0.000e+00
   58.34200   11.89566      2.058      2.038    15.4367   2.778969    21.3815     5.9863     2.1371  1015.4253    1492.34  0.000e+00
   58.34200   11.89566      2.002      1.983    15.4371   2.779032    21.3818     5.9893     2.1371  1015.4252    1492.34  0.000e+00
   58.34200   11.89566      2.121      2.101    15.4369   2.779037    21.3819     5.9886     2.1371  1015.4258    1492.34  0.000e+00
   58.34200   11.89566      2.058      2.038    15.4374   2.779123    21.3824     5.9839     2.1249  1015.4259    1492.34  0.000e+00
   58.34200   11.89566      2.058      2.038    15.4371   2.779152    21.3828     5.9831     2.1371  1015.4262    1492.34  0.000e+00
   58.34200   11.89566      2.058      2.038    15.4371   2.779083    21.3823     5.9823     2.1371  1015.4258    1492.34  0.000e+00
   58.34200   11.89566      2.058      2.038    15.4365   2.778969    21.3816     5.9815     2.1371  1015.4254    1492.34  0.000e+00
   58.34200   11.89566      2.058      2.038    15.4362   2.778860    21.3808     5.9765     2.1371  1015.4249    1492.33  0.000e+00
   58.34200   11.89566      2.058      2.038    15.4359   2.778889    21.3813     5.9752     2.1371  1015.4253    1492.33  0.000e+00
   58.34200   11.89566      2.058      2.038    15.4362   2.778975    21.3818     5.9781     2.1371  1015.4256    1492.34  0.000e+00
   58.34200   11.89566      2.002      1.983    15.4364   2.779072    21.3825     5.9733     2.1371  1015.4259    1492.34  0.000e+00
   58.34200   11.89566      2.058      2.038    15.4361   2.779049    21.3825     5.9721     2.1371  1015.4262    1492.34  0.000e+00
   58.34200   11.89566      2.058      2.038    15.4347   2.779083    21.3835     5.9710     2.1494  1015.4272    1492.33  0.000e+00
   58.34200   11.89566      2.058      2.038    15.4325   2.778872    21.3829     5.9700     2.1494  1015.4272    1492.32  0.000e+00
   58.34200   11.89566      2.058      2.038    15.4308   2.778729    21.3827     5.9693     2.1616  1015.4274    1492.32  0.000e+00
   58.34200   11.89568      2.058      2.039    15.4286   2.779312    21.3888     5.9685     2.1616  1015.4325    1492.32  0.000e+00
   58.34200   11.89568      2.058      2.039    15.4262   2.780134    21.3971     5.9677     2.1616  1015.4393    1492.32  0.000e+00
   58.34200   11.89568      2.058      2.039    15.4239   2.780722    21.4033     5.9670     2.1616  1015.4445    1492.32  0.000e+00
   58.34200   11.89568      2.058      2.039    15.4234   2.780990    21.4058     5.9661     2.1616  1015.4466    1492.32  0.000e+00
   58.34200   11.89568      2.058      2.039    15.4234   2.781093    21.4066     5.9657     2.1616  1015.4472    1492.32  0.000e+00
   58.34200   11.89568      2.058      2.039    15.4227   2.781093    21.4071     5.9613     2.1616  1015.4476    1492.32  0.000e+00
   58.34200   11.89568      2.058      2.039    15.4224   2.781088    21.4072     5.9648     2.1616  1015.4478    1492.32  0.000e+00
   58.34200   11.89568      2.058      2.039    15.4220   2.781128    21.4077     5.9642     2.1616  1015.4483    1492.32  0.000e+00
   58.34200   11.89568      2.058      2.039    15.4217   2.781162    21.4082     5.9640     2.1616  1015.4487    1492.32  0.000e+00
   58.34200   11.89568      2.058      2.039    15.4218   2.781190    21.4084     5.9638     2.1616  1015.4489    1492.32  0.000e+00
   58.34200   11.89568      2.058      2.039    15.4224   2.781247    21.4085     5.9635     2.1616  1015.4488    1492.32  0.000e+00
   58.34200   11.89568      2.058      2.039    15.4231   2.781270    21.4083     5.9633     2.1616  1015.4486    1492.32  0.000e+00
   58.34200   11.89568      2.121      2.101    15.4234   2.781253    21.4080     5.9628     2.1616  1015.4486    1492.32  0.000e+00
   58.34200   11.89568      2.002      1.984    15.4230   2.781207    21.4078     5.9627     2.1616  1015.4479    1492.32  0.000e+00
   58.34200   11.89568      2.121      2.101    15.4221   2.781076    21.4072     5.9629     2.1616  1015.4482    1492.32  0.000e+00
   58.34200   11.89568      2.058      2.039    15.4203   2.780802    21.4059     5.9631     2.1616  1015.4472    1492.31  0.000e+00
   58.34200   11.89568      2.058      2.039    15.4193   2.780562    21.4044     5.9633     2.1616  1015.4463    1492.31  0.000e+00
   58.34200   11.89568      2.058      2.039    15.4185   2.780374    21.4033     5.9635     2.1616  1015.4456    1492.30  0.000e+00
   58.34200   11.89568      2.058      2.039    15.4183   2.780311    21.4028     5.9636     2.1616  1015.4453    1492.30  0.000e+00
   58.34200   11.89568      2.058      2.039    15.4190   2.780345    21.4027     5.9636     2.1616  1015.4451    1492.30  0.000e+00
   58.34200   11.89568      2.058      2.039    15.4190   2.780357    21.4028     5.9638     2.1616  1015.4451    1492.30  0.000e+00
   58.34200   11.89568      2.121      2.102    15.4181   2.780431    21.4039     5.9645     2.2104  1015.4464    1492.30  0.000e+00
   58.34200   11.89568      2.002      1.984    15.4181   2.780579    21.4052     5.9646     2.3691  1015.4469    1492.30  0.000e+00
   58.34200   11.89568      2.121      2.102    15.4190   2.780585    21.4047     5.9648     2.4302  1015.4469    1492.31  0.000e+00
   58.34200   11.89568      2.058      2.039    15.4201   2.780448    21.4030     5.9608     2.4302  1015.4450    1492.31  0.000e+00
   58.34200   11.89568      2.058      2.039    15.4207   2.780311    21.4015     5.9654     2.4180  1015.4438    1492.31  0.000e+00
   58.34200   11.89568      2.121      2.102    15.4200   2.780351    21.4022     5.9663     2.4180  1015.4448    1492.31  0.000e+00
   58.34200   11.89568      2.058      2.039    15.4198   2.780379    21.4026     5.9667     2.4180  1015.4448    1492.31  0.000e+00
   58.34200   11.89568      2.058      2.039    15.4212   2.780208    21.4004     5.9629     2.4180  1015.4428    1492.31  0.000e+00
   58.34200   11.89568      2.058      2.039    15.4225   2.780048    21.3983     5.9675     2.4180  1015.4410    1492.31  0.000e+00
   58.34200   11.89568      2.058      2.039    15.4236   2.779923    21.3966     5.9680     2.4180  1015.4395    1492.31  0.000e+00
   58.34200   11.89568      2.121      2.102    15.4234   2.779843    21.3961     5.9688     2.4180  1015.4394    1492.31  0.000e+00
   58.34200   11.89568      2.058      2.039    15.4235   2.779728    21.3950     5.9694     2.4180  1015.4383    1492.31  0.000e+00
   58.34200   11.89568      2.058      2.039    15.4239   2.779631    21.3940     5.9701     2.4180  1015.4374    1492.31  0.000e+00
   58.34200   11.89568      2.058      2.039    15.4227   2.779991    21.3977     5.9704     2.4180  1015.4405    1492.31  0.000e+00
   58.34200   11.89568      2.058      2.039    15.4224   2.780202    21.3997     5.9711     2.4180  1015.4420    1492.31  0.000e+00
   58.34200   11.89568      2.121      2.102    15.4230   2.780048    21.3980     5.9719     2.4180  1015.4409    1492.31  0.000e+00
   58.34200   11.89568      2.058      2.039    15.4243   2.779728    21.3946     5.9722     2.4180  1015.4378    1492.31  0.000e+00
   58.34200   11.89568      2.058      2.039    15.4251   2.779454    21.3919     5.9726     2.4180  1015.4356    1492.31  0.000e+00
   58.34200   11.89568      2.058      2.039    15.4254   2.779506    21.3921     5.9729     2.4180  1015.4357    1492.31  0.000e+00
   58.34200   11.89568      2.121      2.102    15.4248   2.779660    21.3938     5.9734     2.4180  1015.4373    1492.31  0.000e+00
   58.34200   11.89568      2.058      2.039    15.4251   2.779608    21.3932     5.9776     2.4180  1015.4366    1492.31  0.000e+00
   58.34200   11.89568      2.058      2.039    15.4253   2.779529    21.3924     5.9780     2.4180  1015.4359    1492.31  0.000e+00
   58.34200   11.89568      2.058      2.039    15.4258   2.779466    21.3916     5.9788     2.4180  1015.4352    1492.31  0.000e+00
   58.34200   11.89568      2.058      2.039    15.4258   2.779443    21.3914     5.9792     2.4180  1015.4351    1492.31  0.000e+00
   58.34200   11.89568      2.058      2.039    15.4258   2.779517    21.3920     5.9796     2.4058  1015.4355    1492.31  0.000e+00
   58.34200   11.89568      2.002      1.984    15.4256   2.779568    21.3926     5.9757     2.2226  1015.4357    1492.31  0.000e+00
   58.34200   11.89568      2.121      2.102    15.4253   2.779614    21.3931     5.9800     2.1005  1015.4367    1492.31  0.000e+00
   58.34200   11.89568      2.121      2.102    15.4256   2.779626    21.3931     5.9803     2.1005  1015.4366    1492.31  0.000e+00
   58.34200   11.89568      2.002      1.984    15.4258   2.779534    21.3922     5.9805     2.1005  1015.4354    1492.31  0.000e+00
   58.34200   11.89568      2.121      2.102    15.4260   2.779608    21.3927     5.9809     2.1127  1015.4363    1492.32  0.000e+00
   58.34200   11.89568      2.121      2.102    15.4256   2.779871    21.3951     5.9812     2.1127  1015.4382    1492.32  0.000e+00
