data/2020/st_A_conv.cnv
* Sea-Bird SBE 9 Data File:
* FileName = C:\Documents and Settings\Boat\Desktop\MAR440_TUES\st_A.hdr
* Software Version Seasave V 7.20a
* Temperature SN = 4766
* Conductivity SN = 3059
* Number of Bytes Per Scan = 34
* Number of Voltage Words = 5
* Number of Scans Averaged by the Deck Unit = 1
* NMEA Latitude = 58 20.54 N
* NMEA Longitude = 011 53.71 E
* NMEA UTC (Time) = Sep 22 2020  08:23:37
** StationNumber: st_A
** BottomDepth: 34
# nquan = 12
# nvalues = 21141                                 
# units = specified
# name 0 = latitude: Latitude [deg]
# name 1 = longitude: Longitude [deg]
# name 2 = prDM: Pressure, Digiquartz [db]
# name 3 = depSM: Depth [salt water, m]
# name 4 = t090C: Temperature [ITS-90, deg C]
# name 5 = c0S/m: Conductivity [S/m]
# name 6 = sal00: Salinity, Practical [PSU]
# name 7 = sbeox0ML/L: Oxygen, SBE 43 [ml/l]
# name 8 = flECO-AFL: Fluorescence, WET Labs ECO-AFL/FL [mg/m^3]
# name 9 = density00: Density [density, kg/m^3]
# name 10 = svCM: Sound Velocity [Chen-Millero, m/s]
# name 11 = flag:  0.000e+00
# span 0 =   58.34192,   58.34242                 
# span 1 =   11.89516,   11.89598                 
# span 2 =     -0.642,     32.702                 
# span 3 =     -0.636,     32.395                 
# span 4 =     8.6001,    16.0963                 
# span 5 =   0.148339,   3.424136                 
# span 6 =     0.9455,    32.1465                 
# span 7 =     0.0369,     7.4018                 
# span 8 =    -0.1217,     3.9442                 
# span 9 =   999.8866,  1025.0656                 
# span 10 =    1465.27,    1497.14                
# span 11 = 0.0000e+00, 0.0000e+00                
# interval = seconds: 0.0416667
# start_time = Sep 22 2020 10:23:38 [System UpLoad Time]
# bad_flag = -9.990e-29
*END*
[from data line 8903]
   58.34210   11.89580     31.819     31.520     8.7924   3.422856    32.1301     0.0694     0.8551  1025.0487    1482.43  0.000e+00
   58.34210   11.89580     31.898     31.599     8.7922   3.422868    32.1304     0.0650     0.8551  1025.0493    1482.43  0.000e+00
   58.34210   11.89580     31.819     31.520     8.7922   3.422880    32.1305     0.0648     0.8551  1025.0491    1482.42  0.000e+00
   58.34210   11.89580     31.874     31.575     8.7924   3.422856    32.1301     0.0645     0.8551  1025.0490    1482.43  0.000e+00
   58.34210   11.89580     31.819     31.520     8.7922   3.422850    32.1302     0.0649     0.8551  1025.0489    1482.42  0.000e+00
   58.34210   11.89580     31.874     31.575     8.7922   3.422850    32.1302     0.0647     0.8551  1025.0491    1482.43  0.000e+00
   58.34210   11.89580     31.819     31.520     8.7924   3.422850    32.1300     0.0645     0.8551  1025.0487    1482.43  0.000e+00
   58.34210   11.89580     31.874     31.575     8.7924   3.422868    32.1302     0.0697     0.8551  1025.0491    1482.43  0.000e+00
   58.34210   11.89580     31.819     31.520     8.7924   3.422899    32.1306     0.0660     0.8551  1025.0491    1482.43  0.000e+00
   58.34210   11.89580     31.874     31.575     8.7925   3.422911    32.1305     0.0664     0.8551  1025.0493    1482.43  0.000e+00
   58.34210   11.89580     31.819     31.520     8.7925   3.422862    32.1300     0.0663     0.8551  1025.0487    1482.43  0.000e+00
   58.34210   11.89580     31.874     31.575     8.7924   3.422850    32.1300     0.0661     0.8551  1025.0489    1482.43  0.000e+00
   58.34210   11.89580     31.874     31.575     8.7924   3.422850    32.1300     0.0660     0.8551  1025.0489    1482.43  0.000e+00
   58.34210   11.89580     31.819     31.520     8.7925   3.422850    32.1299     0.0658     0.8429  1025.0486    1482.43  0.000e+00
   58.34210   11.89580     31.874     31.575     8.7925   3.422831    32.1297     0.0657     0.8429  1025.0486    1482.43  0.000e+00
   58.34210   11.89580     31.835     31.536     8.7924   3.422843    32.1300     0.0703     0.8429  1025.0487    1482.43  0.000e+00
   58.34210   11.89580     31.819     31.520     8.7924   3.422850    32.1300     0.0660     0.8429  1025.0487    1482.43  0.000e+00
   58.34210   11.89580     31.874     31.576     8.7924   3.422868    32.1302     0.0705     0.8429  1025.0491    1482.43  0.000e+00
   58.34210   11.89580     31.874     31.576     8.7925   3.422856    32.1299     0.0715     0.8429  1025.0488    1482.43  0.000e+00
   58.34210   11.89580     31.874     31.576     8.7924   3.422868    32.1302     0.0672     0.8429  1025.0491    1482.43  0.000e+00
   58.34210   11.89580     31.819     31.520     8.7925   3.422856    32.1300     0.0670     0.8429  1025.0486    1482.43  0.000e+00
   58.34210   11.89580     31.819     31.520     8.7924   3.422893    32.1305     0.0668     0.8429  1025.0490    1482.43  0.000e+00
   58.34210   11.89580     31.874     31.576     8.7924   3.422887    32.1304     0.0666     0.8429  1025.0492    1482.43  0.000e+00
   58.34210   11.89580     31.874     31.576     8.7925   3.422880    32.1302     0.0664     0.8429  1025.0490    1482.43  0.000e+00
   58.34210   11.89580     31.874     31.576     8.7924   3.422856    32.1301     0.0662     0.8429  1025.0490    1482.43  0.000e+00
   58.34210   11.89580     31.819     31.520     8.7924   3.422850    32.1300     0.0660     0.8429  1025.0487    1482.43  0.000e+00
   58.34210   11.89580     31.874     31.576     8.7922   3.422850    32.1302     0.0658     0.8429  1025.0491    1482.43  0.000e+00
   58.34210   11.89580     31.819     31.520     8.7925   3.422893    32.1304     0.0704     0.8429  1025.0489    1482.43  0.000e+00
   58.34210   11.89580     31.898     31.599     8.7925   3.422819    32.1296     0.0612     0.8429  1025.0486    1482.43  0.000e+00
   58.34210   11.89580     31.819     31.520     8.7924   3.422831    32.1298     0.0652     0.8429  1025.0485    1482.42  0.000e+00
   58.34210   11.89580     31.874     31.576     8.7925   3.422850    32.1299     0.0650     0.8429  1025.0488    1482.43  0.000e+00
   58.34210   11.89580     31.819     31.520     8.7925   3.422850    32.1299     0.0648     0.8429  1025.0486    1482.43  0.000e+00
   58.34210   11.89580     31.819     31.520     8.7925   3.422868    32.1301     0.0646     0.8429  1025.0487    1482.43  0.000e+00
   58.34210   11.89580     31.874     31.576     8.7924   3.422856    32.1301     0.0644     0.8429  1025.0490    1482.43  0.000e+00
   58.34210   11.89580     31.874     31.576     8.7925   3.422893    32.1303     0.0642     0.8429  1025.0491    1482.43  0.000e+00
   58.34210   11.89580     31.874     31.576     8.7925   3.422887    32.1303     0.0640     0.8429  1025.0491    1482.43  0.000e+00
   58.34210   11.89580     31.819     31.521     8.7925   3.422856    32.1300     0.0638     0.8429  1025.0486    1482.43  0.000e+00
   58.34210   11.89580     31.874     31.576     8.7924   3.422850    32.1300     0.0690     0.8429  1025.0489    1482.43  0.000e+00
   58.34210   11.89580     31.874     31.576     8.7925   3.422868    32.1301     0.0646     0.8673  1025.0489    1482.43  0.000e+00
   58.34210   11.89580     31.819     31.521     8.7924   3.422880    32.1304     0.0692     0.8673  1025.0489    1482.43  0.000e+00
   58.34210   11.89580     31.819     31.521     8.7924   3.422856    32.1301     0.0648     0.8673  1025.0487    1482.43  0.000e+00
   58.34210   11.89580     31.874     31.576     8.7924   3.422868    32.1302     0.0646     0.8673  1025.0491    1482.43  0.000e+00
   58.34210   11.89580     31.835     31.536     8.7925   3.422880    32.1302     0.0643     0.8673  1025.0489    1482.43  0.000e+00
   58.34210   11.89580     31.874     31.576     8.7925   3.422899    32.1304     0.0641     0.8673  1025.0492    1482.43  0.000e+00
   58.34210   11.89580     31.874     31.576     8.7925   3.422911    32.1305     0.0639     0.8673  1025.0493    1482.43  0.000e+00
   58.34210   11.89580     31.819     31.521     8.7924   3.422862    32.1302     0.0637     0.8673  1025.0488    1482.43  0.000e+00
   58.34210   11.89580     31.874     31.576     8.7922   3.422868    32.1304     0.0641     0.8673  1025.0492    1482.43  0.000e+00
   58.34210   11.89580     31.874     31.576     8.7925   3.422880    32.1302     0.0645     0.8673  1025.0490    1482.43  0.000e+00
   58.34210   11.89580     31.819     31.521     8.7925   3.422856    32.1300     0.0643     0.8673  1025.0486    1482.43  0.000e+00
   58.34210   11.89580     31.819     31.521     8.7925   3.422831    32.1297     0.0695     0.8673  1025.0484    1482.43  0.000e+00
   58.34210   11.89580     31.874     31.576     8.7927   3.422862    32.1299     0.0652     0.8673  1025.0488    1482.43  0.000e+00
   58.34210   11.89580     31.819     31.521     8.7925   3.422856    32.1300     0.0650     0.8673  1025.0486    1482.43  0.000e+00
   58.34210   11.89580     31.874     31.576     8.7925   3.422868    32.1301     0.0648     0.8673  1025.0489    1482.43  0.000e+00
   58.34210   11.89580     31.874     31.576     8.7924   3.422880    32.1303     0.0647     0.8673  1025.0492    1482.43  0.000e+00
   58.34210   11.89580     31.819     31.521     8.7924   3.422880    32.1304     0.0645     0.8673  1025.0489    1482.43  0.000e+00
   58.34210   11.89580     31.898     31.599     8.7922   3.422880    32.1305     0.0643     0.8673  1025.0494    1482.43  0.000e+00
   58.34210   11.89580     31.819     31.521     8.7922   3.422880    32.1305     0.0648     0.8673  1025.0491    1482.42  0.000e+00
   58.34210   11.89580     31.819     31.521     8.7922   3.422880    32.1305     0.0646     0.8673  1025.0491    1482.42  0.000e+00
   58.34210   11.89580     31.874     31.576     8.7924   3.422856    32.1301     0.0645     0.8673  1025.0490    1482.43  0.000e+00
   58.34210   11.89580     31.874     31.576     8.7924   3.422850    32.1300     0.0691     0.8673  1025.0489    1482.43  0.000e+00
   58.34210   11.89580     31.819     31.521     8.7922   3.422837    32.1301     0.0647     0.8673  1025.0488    1482.42  0.000e+00
   58.34210   11.89580     31.819     31.521     8.7924   3.422825    32.1298     0.0646     0.8673  1025.0485    1482.42  0.000e+00
   58.34210   11.89580     31.874     31.576     8.7925   3.422843    32.1298     0.0644     0.8551  1025.0487    1482.43  0.000e+00
   58.34210   11.89580     31.874     31.576     8.7924   3.422850    32.1300     0.0642     0.8551  1025.0489    1482.43  0.000e+00
   58.34210   11.89580     31.819     31.521     8.7925   3.422868    32.1301     0.0647     0.8551  1025.0487    1482.43  0.000e+00
   58.34210   11.89580     31.874     31.576     8.7924   3.422856    32.1301     0.0645     0.8551  1025.0490    1482.43  0.000e+00
   58.34210   11.89580     31.819     31.521     8.7925   3.422850    32.1299     0.0650     0.8429  1025.0486    1482.43  0.000e+00
   58.34210   11.89580     31.819     31.521     8.7925   3.422831    32.1297     0.0655     0.8429  1025.0484    1482.43  0.000e+00
   58.34210   11.89580     31.874     31.576     8.7924   3.422862    32.1301     0.0654     0.8551  1025.0490    1482.43  0.000e+00
   58.34210   11.89580     31.835     31.536     8.7925   3.422880    32.1302     0.0653     0.8429  1025.0489    1482.43  0.000e+00
   58.34210   11.89580     31.874     31.576     8.7925   3.422880    32.1302     0.0652     0.8429  1025.0490    1482.43  0.000e+00
   58.34210   11.89580     31.819     31.521     8.7924   3.422856    32.1301     0.0698     0.8551  1025.0487    1482.43  0.000e+00
   58.34210   11.89580     31.874     31.576     8.7924   3.422893    32.1305     0.0656     0.8429  1025.0493    1482.43  0.000e+00
   58.34210   11.89580     31.819     31.521     8.7925   3.422862    32.1300     0.0702     0.8551  1025.0487    1482.43  0.000e+00
   58.34210   11.89580     31.874     31.576     8.7924   3.422868    32.1302     0.0659     0.8429  1025.0491    1482.43  0.000e+00
   58.34210   11.89580     31.819     31.521     8.7924   3.422837    32.1299     0.0657     0.8551  1025.0486    1482.42  0.000e+00
   58.34210   11.89580     31.874     31.576     8.7924   3.422862    32.1301     0.0662     0.8551  1025.0490    1482.43  0.000e+00
   58.34210   11.89580     31.819     31.521     8.7925   3.422880    32.1302     0.0655     0.8551  1025.0488    1482.43  0.000e+00
   58.34210   11.89580     31.874     31.576     8.7922   3.422880    32.1305     0.0653     0.8551  1025.0493    1482.43  0.000e+00
   58.34210   11.89580     31.819     31.521     8.7924   3.422880    32.1304     0.0652     0.8551  1025.0489    1482.43  0.000e+00
   58.34210   11.89580     31.874     31.576     8.7925   3.422899    32.1304     0.0650     0.8551  1025.0492    1482.43  0.000e+00
   58.34210   11.89580     31.819     31.521     8.7925   3.422887    32.1303     0.0696     0.8429  1025.0489    1482.43  0.000e+00
   58.34210   11.89580     31.835     31.536     8.7924   3.422856    32.1301     0.0653     0.8551  1025.0488    1482.43  0.000e+00
   58.34210   11.89580     31.819     31.521     8.7925   3.422850    32.1299     0.0651     0.8551  1025.0486    1482.43  0.000e+00
   58.34210   11.89580     31.874     31.576     8.7924   3.422850    32.1300     0.0649     0.8429  1025.0489    1482.43  0.000e+00
   58.34210   11.89580     31.874     31.576     8.7925   3.422850    32.1299     0.0648     0.8551  1025.0488    1482.43  0.000e+00
   58.34210   11.89580     31.819     31.521     8.7925   3.422850    32.1299     0.0652     0.8551  1025.0486    1482.43  0.000e+00
   58.34210   11.89580     31.819     31.521     8.7924   3.422850    32.1300     0.0651     0.8551  1025.0487    1482.43  0.000e+00
   58.34210   11.89580     31.819     31.521     8.7925   3.422850    32.1299     0.0703     0.8551  1025.0486    1482.43  0.000e+00
   58.34210   11.89580     31.874     31.576     8.7925   3.422831    32.1297     0.0707     0.8551  1025.0486    1482.43  0.000e+00
   58.34210   11.89580     31.874     31.576     8.7927   3.422843    32.1297     0.0664     0.8551  1025.0486    1482.43  0.000e+00
   58.34210   11.89580     31.819     31.521     8.7925   3.422868    32.1301     0.0710     0.8551  1025.0487    1482.43  0.000e+00
   58.34210   11.89580     31.874     31.576     8.7924   3.422856    32.1301     0.0714     0.8551  1025.0490    1482.43  0.000e+00
   58.34210   11.89580     31.819     31.521     8.7925   3.422850    32.1299     0.0717     0.8551  1025.0486    1482.43  0.000e+00
   58.34210   11.89580     31.819     31.521     8.7924   3.422868    32.1302     0.0673     0.8551  1025.0488    1482.43  0.000e+00
   58.34210   11.89580     31.874     31.576     8.7925   3.422880    32.1302     0.0671     0.8551  1025.0490    1482.43  0.000e+00
   58.34210   11.89580     31.835     31.536     8.7924   3.422880    32.1304     0.0668     0.8551  1025.0490    1482.43  0.000e+00
   58.34210   11.89580     31.874     31.576     8.7925   3.422880    32.1302     0.0666     0.8551  1025.0490    1482.43  0.000e+00
   58.34210   11.89580     31.819     31.521     8.7925   3.422856    32.1300     0.0670     0.8551  1025.0486    1482.43  0.000e+00
   58.34210   11.89580     31.819     31.521     8.7925   3.422850    32.1299     0.0667     0.8551  1025.0486    1482.43  0.000e+00
   58.34210   11.89580     31.874     31.576     8.7924   3.422850    32.1300     0.0665     0.8551  1025.0489    1482.43  0.000e+00
   58.34210   11.89580     31.819     31.521     8.7925   3.422850    32.1299     0.0663     0.8551  1025.0486    1482.43  0.000e+00
   58.34210   11.89580     31.874     31.576     8.7925   3.422868    32.1301     0.0661     0.8551  1025.0489    1482.43  0.000e+00
   58.34210   11.89580     31.819     31.521     8.7924   3.422880    32.1304     0.0659     0.8551  1025.0489    1482.43  0.000e+00
   58.34210   11.89580     31.874     31.576     8.7927   3.422856    32.1298     0.0656     0.8551  1025.0487    1482.43  0.000e+00
   58.34210   11.89580     31.819     31.521     8.7925   3.422868    32.1301     0.0654     0.8551  1025.0487    1482.43  0.000e+00
   58.34210   11.89580     31.819     31.521     8.7925   3.422856    32.1300     0.0652     0.8551  1025.0486    1482.43  0.000e+00
   58.34210   11.89580     31.874     31.576     8.7925   3.422868    32.1301     0.0650     0.8551  1025.0489    1482.43  0.000e+00
   58.34210   11.89580     31.819     31.521     8.7925   3.422880    32.1302     0.0654     0.8551  1025.0488    1482.43  0.000e+00
   58.34210   11.89580     31.835     31.536     8.7925   3.422880    32.1302     0.0652     0.8551  1025.0489    1482.43  0.000e+00
   58.34210   11.89580     31.874     31.576     8.7925   3.422856    32.1299     0.0697     0.8673  1025.0488    1482.43  0.000e+00
   58.34210   11.89580     31.819     31.521     8.7924   3.422850    32.1300     0.0653     0.8795  1025.0487    1482.43  0.000e+00
   58.34210   11.89580     31.874     31.576     8.7925   3.422893    32.1303     0.0651     0.8795  1025.0491    1482.43  0.000e+00
   58.34210   11.89580     31.819     31.521     8.7924   3.422887    32.1304     0.0649     0.8795  1025.0490    1482.43  0.000e+00
   58.34210   11.89580     31.819     31.521     8.7924   3.422856    32.1301     0.0647     0.8795  1025.0487    1482.43  0.000e+00
   58.34210   11.89580     31.874     31.576     8.7925   3.422868    32.1301     0.0644     0.8795  1025.0489    1482.43  0.000e+00
   58.34210   11.89578     31.819     31.521     8.7927   3.422837    32.1296     0.0642     0.8795  1025.0483    1482.43  0.000e+00
   58.34210   11.89578     31.874     31.576     8.7924   3.422862    32.1301     0.0640     0.8795  1025.0490    1482.43  0.000e+00
   58.34210   11.89578     31.819     31.521     8.7925   3.422856    32.1300     0.0638     0.8795  1025.0486    1482.43  0.000e+00
