data/2020/st_B_conv.cnv
* Sea-Bird SBE 9 Data File:
* FileName = C:\Documents and Settings\Boat\Desktop\MAR440_TUES\st_B.hdr
* Software Version Seasave V 7.20a
* Temperature SN = 4766
* Conductivity SN = 3059
* Number of Bytes Per Scan = 34
* Number of Voltage Words = 5
* Number of Scans Averaged by the Deck Unit = 1
* NMEA Latitude = 58 20.07 N
* NMEA Longitude = 011 52.82 E
* NMEA UTC (Time) = Sep 22 2020  09:14:22
** StationNumber: st_B
** BottomDepth: 46
# nquan = 12
# nvalues = 11261                                 
# units = specified
# name 0 = latitude: Latitude [deg]
# name 1 = longitude: Longitude [deg]
# name 2 = prDM: Pressure, Digiquartz [db]
# name 3 = depSM: Depth [salt water, m]
# name 4 = t090C: Temperature [ITS-90, deg C]
# name 5 = c0S/m: Conductivity [S/m]
# name 6 = sal00: Salinity, Practical [PSU]
# name 7 = sbeox0ML/L: Oxygen, SBE 43 [ml/l]
# name 8 = flECO-AFL: Fluorescence, WET Labs ECO-AFL/FL [mg/m^3]
# name 9 = density00: Density [density, kg/m^3]
# name 10 = svCM: Sound Velocity [Chen-Millero, m/s]
# name 11 = flag:  0.000e+00
# span 0 =   58.33420,   58.33452                 
# span 1 =   11.88030,   11.88068                 
# span 2 =     -0.513,     44.666                 
# span 3 =     -0.509,     44.246                 
# span 4 =     8.6046,    16.1386                 
# span 5 =   0.272076,   3.427663                 
# span 6 =     1.7597,    32.2171                 
# span 7 =     0.0375,     7.2355                 
# span 8 =    -0.1339,     3.8465                 
# span 9 =  1000.4086,  1025.1840                 
# span 10 =    1469.17,    1497.38                
# span 11 = 0.0000e+00, 0.0000e+00                
# interval = seconds: 0.0416667
# start_time = Sep 22 2020 11:14:23 [System UpLoad Time]
# bad_flag = -9.990e-29
*END*
[from data line 7940]
   58.33422   11.88066     24.492     24.263     8.8469   3.409757    31.9478     0.0639     0.8429  1024.8643    1482.28  0.000e+00
   58.33422   11.88066     24.452     24.223     8.8472   3.409676    31.9467     0.0685     0.8429  1024.8632    1482.28  0.000e+00
   58.33422   11.88066     24.436     24.207     8.8477   3.409423    31.9437     0.0690     0.8429  1024.8607    1482.28  0.000e+00
   58.33422   11.88066     24.380     24.152     8.8484   3.409170    31.9404     0.0647     0.8429  1024.8578    1482.28  0.000e+00
   58.33422   11.88066     24.380     24.152     8.8484   3.409102    31.9397     0.0687     0.8429  1024.8572    1482.28  0.000e+00
   58.33422   11.88066     24.396     24.168     8.8487   3.409016    31.9386     0.0692     0.8429  1024.8564    1482.28  0.000e+00
   58.33422   11.88066     24.380     24.152     8.8487   3.408855    31.9369     0.0690     0.8429  1024.8549    1482.28  0.000e+00
   58.33422   11.88066     24.380     24.152     8.8488   3.408757    31.9357     0.0695     0.8429  1024.8540    1482.27  0.000e+00
   58.33422   11.88066     24.317     24.090     8.8488   3.408719    31.9353     0.0646     0.8429  1024.8534    1482.27  0.000e+00
   58.33422   11.88066     24.277     24.050     8.8487   3.408732    31.9356     0.0644     0.8429  1024.8535    1482.27  0.000e+00
   58.33422   11.88066     24.317     24.090     8.8487   3.408719    31.9355     0.0643     0.8429  1024.8536    1482.27  0.000e+00
   58.33422   11.88066     24.198     23.972     8.8484   3.408602    31.9346     0.0689     0.8429  1024.8524    1482.27  0.000e+00
   58.33422   11.88066     24.198     23.972     8.8485   3.408460    31.9330     0.0694     0.8429  1024.8511    1482.27  0.000e+00
   58.33422   11.88066     24.158     23.932     8.8486   3.408300    31.9313     0.0646     0.8429  1024.8496    1482.26  0.000e+00
   58.33422   11.88066     24.142     23.917     8.8485   3.407973    31.9280     0.0645     0.8429  1024.8469    1482.26  0.000e+00
   58.33422   11.88066     24.142     23.917     8.8488   3.407615    31.9239     0.0638     0.8429  1024.8437    1482.26  0.000e+00
   58.33422   11.88066     24.142     23.917     8.8487   3.407534    31.9232     0.0631     0.8429  1024.8432    1482.25  0.000e+00
   58.33422   11.88066     24.039     23.814     8.8487   3.407584    31.9238     0.0678     0.8429  1024.8432    1482.25  0.000e+00
   58.33422   11.88066     24.079     23.854     8.8487   3.407362    31.9215     0.0629     0.8429  1024.8416    1482.25  0.000e+00
   58.33422   11.88066     24.079     23.854     8.8488   3.406905    31.9166     0.0670     0.8429  1024.8377    1482.25  0.000e+00
   58.33422   11.88066     24.023     23.799     8.8491   3.406541    31.9126     0.0675     0.8429  1024.8342    1482.24  0.000e+00
   58.33422   11.88066     23.920     23.697     8.8493   3.406467    31.9117     0.0680     0.8429  1024.8330    1482.24  0.000e+00
   58.33422   11.88066     24.079     23.854     8.8488   3.406584    31.9133     0.0685     0.8429  1024.8351    1482.24  0.000e+00
   58.33422   11.88066     23.968     23.744     8.8491   3.406683    31.9141     0.0690     0.8429  1024.8351    1482.24  0.000e+00
   58.33422   11.88066     23.968     23.744     8.8488   3.406670    31.9142     0.0647     0.8429  1024.8353    1482.24  0.000e+00
   58.33422   11.88066     23.904     23.681     8.8490   3.406627    31.9136     0.0694     0.8551  1024.8346    1482.24  0.000e+00
   58.33422   11.88066     23.920     23.697     8.8488   3.406578    31.9133     0.0652     0.8429  1024.8343    1482.24  0.000e+00
   58.33422   11.88066     23.849     23.626     8.8487   3.406535    31.9130     0.0692     0.8551  1024.8339    1482.24  0.000e+00
   58.33422   11.88066     23.849     23.626     8.8487   3.406300    31.9106     0.0650     0.8429  1024.8320    1482.23  0.000e+00
   58.33422   11.88066     23.785     23.563     8.8492   3.405813    31.9051     0.0697     0.8551  1024.8273    1482.23  0.000e+00
   58.33422   11.88066     23.801     23.579     8.8493   3.405467    31.9013     0.0702     0.8551  1024.8244    1482.22  0.000e+00
   58.33422   11.88066     23.785     23.563     8.8495   3.405375    31.9002     0.0660     0.8551  1024.8234    1482.22  0.000e+00
   58.33422   11.88066     23.730     23.508     8.8495   3.405276    31.8992     0.0654     0.8429  1024.8224    1482.22  0.000e+00
   58.33422   11.88066     23.785     23.563     8.8500   3.405109    31.8970     0.0654     0.8551  1024.8209    1482.22  0.000e+00
   58.33422   11.88066     23.682     23.461     8.8498   3.405017    31.8963     0.0648     0.8429  1024.8198    1482.22  0.000e+00
   58.33422   11.88066     23.730     23.508     8.8503   3.404752    31.8931     0.0689     0.8429  1024.8175    1482.22  0.000e+00
   58.33422   11.88066     23.674     23.453     8.8507   3.404579    31.8910     0.0647     0.8551  1024.8155    1482.21  0.000e+00
   58.33422   11.88066     23.674     23.453     8.8510   3.404548    31.8904     0.0641     0.8551  1024.8150    1482.22  0.000e+00
   58.33422   11.88066     23.627     23.406     8.8511   3.404338    31.8881     0.0641     0.8429  1024.8130    1482.21  0.000e+00
   58.33422   11.88066     23.611     23.390     8.8516   3.404116    31.8853     0.0682     0.8429  1024.8106    1482.21  0.000e+00
   58.33422   11.88066     23.555     23.335     8.8517   3.403993    31.8839     0.0688     0.8551  1024.8093    1482.21  0.000e+00
   58.33422   11.88066     23.555     23.335     8.8521   3.403721    31.8808     0.0647     0.8429  1024.8068    1482.21  0.000e+00
   58.33422   11.88066     23.508     23.288     8.8526   3.403400    31.8770     0.0641     0.8551  1024.8035    1482.20  0.000e+00
   58.33422   11.88066     23.492     23.272     8.8529   3.403123    31.8739     0.0635     0.8551  1024.8009    1482.20  0.000e+00
   58.33422   11.88066     23.436     23.217     8.8529   3.403209    31.8748     0.0677     0.8551  1024.8014    1482.20  0.000e+00
   58.33422   11.88066     23.436     23.217     8.8524   3.403407    31.8773     0.0676     0.8429  1024.8034    1482.20  0.000e+00
   58.33422   11.88066     23.452     23.233     8.8526   3.403265    31.8756     0.0682     0.8551  1024.8022    1482.20  0.000e+00
   58.33422   11.88066     23.436     23.217     8.8524   3.403074    31.8738     0.0688     0.8429  1024.8007    1482.20  0.000e+00
   58.33422   11.88066     23.436     23.217     8.8529   3.402932    31.8719     0.0646     0.8551  1024.7992    1482.20  0.000e+00
   58.33422   11.88066     23.214     22.997     8.8531   3.402580    31.8682     0.0640     0.8429  1024.7952    1482.19  0.000e+00
   58.33422   11.88066     23.492     23.272     8.8536   3.402383    31.8656     0.0640     0.8429  1024.7944    1482.19  0.000e+00
   58.33422   11.88066     23.317     23.099     8.8536   3.402407    31.8659     0.0687     0.8429  1024.7938    1482.19  0.000e+00
   58.33422   11.88066     23.317     23.099     8.8535   3.402370    31.8656     0.0640     0.8551  1024.7936    1482.19  0.000e+00
   58.33422   11.88066     23.270     23.052     8.8537   3.402161    31.8633     0.0640     0.8551  1024.7915    1482.19  0.000e+00
   58.33422   11.88066     23.198     22.981     8.8543   3.401704    31.8580     0.0688     0.8551  1024.7870    1482.18  0.000e+00
   58.33422   11.88066     23.262     23.044     8.8553   3.401310    31.8530     0.0647     0.8551  1024.7832    1482.18  0.000e+00
   58.33422   11.88066     23.198     22.981     8.8556   3.401051    31.8501     0.0648     0.8429  1024.7806    1482.18  0.000e+00
   58.33422   11.88066     23.158     22.942     8.8560   3.400730    31.8464     0.0690     0.8429  1024.7774    1482.17  0.000e+00
   58.33422   11.88066     23.198     22.981     8.8565   3.400274    31.8412     0.0643     0.8551  1024.7735    1482.17  0.000e+00
   58.33422   11.88066     23.079     22.863     8.8570   3.399620    31.8340     0.0638     0.8429  1024.7672    1482.16  0.000e+00
   58.33422   11.88066     23.143     22.926     8.8579   3.398942    31.8261     0.0639     0.8429  1024.7612    1482.15  0.000e+00
   58.33422   11.88066     23.095     22.879     8.8584   3.398732    31.8235     0.0640     0.8429  1024.7589    1482.15  0.000e+00
   58.33422   11.88066     23.079     22.863     8.8583   3.398831    31.8247     0.0635     0.8551  1024.7597    1482.15  0.000e+00
   58.33422   11.88066     23.024     22.808     8.8577   3.399127    31.8283     0.0630     0.8551  1024.7624    1482.15  0.000e+00
   58.33422   11.88066     23.024     22.808     8.8574   3.399114    31.8284     0.0625     0.8551  1024.7625    1482.15  0.000e+00
   58.33422   11.88066     23.039     22.824     8.8573   3.398695    31.8241     0.0667     0.8551  1024.7593    1482.15  0.000e+00
   58.33422   11.88066     22.960     22.745     8.8578   3.398288    31.8195     0.0627     0.8429  1024.7552    1482.14  0.000e+00
   58.33422   11.88066     22.960     22.745     8.8580   3.398294    31.8194     0.0622     0.8551  1024.7551    1482.14  0.000e+00
   58.33422   11.88066     22.905     22.690     8.8579   3.398165    31.8181     0.0623     0.8551  1024.7539    1482.14  0.000e+00
   58.33422   11.88066     22.920     22.706     8.8579   3.398134    31.8178     0.0672     0.8551  1024.7537    1482.14  0.000e+00
   58.33422   11.88066     22.905     22.690     8.8577   3.398325    31.8200     0.0679     0.8551  1024.7554    1482.14  0.000e+00
   58.33422   11.88066     22.849     22.635     8.8578   3.398042    31.8170     0.0639     0.8429  1024.7528    1482.14  0.000e+00
   58.33422   11.88066     22.801     22.588     8.8583   3.397425    31.8102     0.0689     0.8551  1024.7471    1482.13  0.000e+00
   58.33422   11.88066     22.849     22.635     8.8586   3.396988    31.8053     0.0690     0.8673  1024.7435    1482.13  0.000e+00
   58.33422   11.88066     22.785     22.572     8.8589   3.396803    31.8032     0.0697     0.8673  1024.7415    1482.12  0.000e+00
   58.33422   11.88066     22.785     22.572     8.8591   3.396661    31.8015     0.0651     0.8673  1024.7401    1482.12  0.000e+00
   58.33422   11.88066     22.746     22.533     8.8591   3.396575    31.8006     0.0653     0.8673  1024.7393    1482.12  0.000e+00
   58.33422   11.88066     22.730     22.517     8.8591   3.396427    31.7991     0.0696     0.8673  1024.7380    1482.12  0.000e+00
   58.33422   11.88066     22.666     22.455     8.8592   3.396285    31.7976     0.0656     0.8673  1024.7365    1482.12  0.000e+00
   58.33422   11.88066     22.666     22.455     8.8594   3.396069    31.7951     0.0705     0.8673  1024.7346    1482.11  0.000e+00
   58.33422   11.88066     22.682     22.470     8.8596   3.395995    31.7942     0.0659     0.8673  1024.7339    1482.11  0.000e+00
   58.33422   11.88066     22.611     22.400     8.8597   3.396007    31.7943     0.0654     0.8673  1024.7336    1482.11  0.000e+00
   58.33422   11.88066     22.611     22.400     8.8596   3.395847    31.7927     0.0650     0.8673  1024.7324    1482.11  0.000e+00
   58.33422   11.88066     22.611     22.400     8.8597   3.395385    31.7878     0.0646     0.8673  1024.7285    1482.10  0.000e+00
   58.33422   11.88066     22.563     22.352     8.8597   3.394707    31.7807     0.0695     0.8673  1024.7228    1482.10  0.000e+00
   58.33422   11.88066     22.555     22.345     8.8597   3.394017    31.7736     0.0696     0.8673  1024.7172    1482.09  0.000e+00
   58.33422   11.88066     22.492     22.282     8.8593   3.393894    31.7728     0.0650     0.8673  1024.7163    1482.08  0.000e+00
   58.33422   11.88066     22.508     22.297     8.8593   3.393820    31.7720     0.0645     0.8673  1024.7158    1482.08  0.000e+00
   58.33422   11.88066     22.436     22.227     8.8593   3.393672    31.7705     0.0694     0.8673  1024.7143    1482.08  0.000e+00
   58.33422   11.88066     22.492     22.282     8.8590   3.393487    31.7688     0.0654     0.8673  1024.7132    1482.08  0.000e+00
   58.33422   11.88066     22.373     22.164     8.8589   3.392717    31.7609     0.0650     0.8673  1024.7065    1482.06  0.000e+00
   58.33422   11.88066     22.452     22.242     8.8583   3.391867    31.7526     0.0693     0.8673  1024.7005    1482.05  0.000e+00
   58.33422   11.88066     22.373     22.164     8.8580   3.391959    31.7538     0.0647     0.8673  1024.7011    1482.05  0.000e+00
   58.33422   11.88066     22.317     22.109     8.8581   3.392058    31.7548     0.0648     0.8673  1024.7016    1482.05  0.000e+00
   58.33422   11.88066     22.333     22.124     8.8579   3.391553    31.7497     0.0697     0.8673  1024.6977    1482.05  0.000e+00
   58.33422   11.88066     22.317     22.109     8.8578   3.390586    31.7398     0.0705     0.8673  1024.6899    1482.03  0.000e+00
   58.33422   11.88066     22.254     22.046     8.8574   3.389822    31.7322     0.0713     0.8551  1024.6838    1482.02  0.000e+00
   58.33422   11.88066     22.254     22.046     8.8568   3.389286    31.7272     0.0667     0.8429  1024.6799    1482.01  0.000e+00
   58.33422   11.88066     22.270     22.062     8.8562   3.388941    31.7242     0.0662     0.8551  1024.6778    1482.01  0.000e+00
   58.33422   11.88066     22.198     21.991     8.8566   3.389181    31.7264     0.0705     0.8551  1024.6791    1482.01  0.000e+00
   58.33422   11.88066     22.198     21.991     8.8563   3.388855    31.7232     0.0665     0.8429  1024.6766    1482.01  0.000e+00
   58.33422   11.88066     22.198     21.991     8.8555   3.387956    31.7146     0.0661     0.8551  1024.6700    1481.99  0.000e+00
   58.33422   11.88066     22.151     21.944     8.8547   3.387599    31.7116     0.0657     0.8551  1024.6676    1481.98  0.000e+00
   58.33422   11.88066     22.079     21.873     8.8542   3.387445    31.7104     0.0658     0.8429  1024.6664    1481.98  0.000e+00
   58.33422   11.88066     22.079     21.873     8.8541   3.386971    31.7057     0.0654     0.8429  1024.6627    1481.97  0.000e+00
   58.33422   11.88066     22.095     21.889     8.8536   3.386786    31.7042     0.0697     0.8551  1024.6617    1481.97  0.000e+00
   58.33422   11.88066     22.079     21.873     8.8528   3.386472    31.7017     0.0705     0.8429  1024.6598    1481.96  0.000e+00
   58.33422   11.88066     22.024     21.818     8.8514   3.385758    31.6955     0.0659     0.8551  1024.6549    1481.95  0.000e+00
   58.33422   11.88066     22.024     21.818     8.8511   3.385807    31.6963     0.0655     0.8551  1024.6556    1481.95  0.000e+00
   58.33422   11.88066     21.976     21.771     8.8511   3.385296    31.6910     0.0650     0.8551  1024.6512    1481.94  0.000e+00
   58.33422   11.88066     21.960     21.755     8.8493   3.383850    31.6776     0.0693     0.8429  1024.6409    1481.92  0.000e+00
   58.33422   11.88066     21.960     21.755     8.8480   3.382933    31.6692     0.0647     0.8551  1024.6346    1481.90  0.000e+00
   58.33422   11.88066     21.921     21.716     8.8467   3.381992    31.6606     0.0643     0.8551  1024.6278    1481.89  0.000e+00
   58.33422   11.88066     21.905     21.700     8.8453   3.381142    31.6531     0.0638     0.8429  1024.6221    1481.87  0.000e+00
   58.33422   11.88066     21.905     21.700     8.8451   3.380558    31.6472     0.0639     0.8429  1024.6175    1481.87  0.000e+00
   58.33422   11.88066     21.841     21.637     8.8436   3.379315    31.6356     0.0683     0.8551  1024.6084    1481.84  0.000e+00
   58.33422   11.88066     21.857     21.653     8.8425   3.379082    31.6342     0.0636     0.8551  1024.6076    1481.84  0.000e+00
   58.33422   11.88066     21.841     21.637     8.8434   3.379408    31.6367     0.0632     0.8429  1024.6093    1481.85  0.000e+00
   58.33422   11.88066     21.730     21.527     8.8420   3.377679    31.6202     0.0681     0.8429  1024.5961    1481.82  0.000e+00
   58.33422   11.88064     21.802     21.598     8.8392   3.375890    31.6040     0.0688     0.8551  1024.5842    1481.79  0.000e+00
