data/2020/st_B_conv.cnv
* Sea-Bird SBE 9 Data File:
* FileName = C:\Documents and Settings\Boat\Desktop\MAR440_TUES\st_B.hdr
* Software Version Seasave V 7.20a
* Temperature SN = 4766
* Conductivity SN = 3059
* Number of Bytes Per Scan = 34
* Number of Voltage Words = 5
* Number of Scans Averaged by the Deck Unit = 1
* NMEA Latitude = 58 20.07 N
* NMEA Longitude = 011 52.82 E
* NMEA UTC (Time) = Sep 22 2020  09:14:22
** StationNumber: st_B
** BottomDepth: 46
# nquan = 12
# nvalues = 11261                                 
# units = specified
# name 0 = latitude: Latitude [deg]
# name 1 = longitude: Longitude [deg]
# name 2 = prDM: Pressure, Digiquartz [db]
# name 3 = depSM: Depth [salt water, m]
# name 4 = t090C: Temperature [ITS-90, deg C]
# name 5 = c0S/m: Conductivity [S/m]
# name 6 = sal00: Salinity, Practical [PSU]
# name 7 = sbeox0ML/L: Oxygen, SBE 43 [ml/l]
# name 8 = flECO-AFL: Fluorescence, WET Labs ECO-AFL/FL [mg/m^3]
# name 9 = density00: Density [density, kg/m^3]
# name 10 = svCM: Sound Velocity [Chen-Millero, m/s]
# name 11 = flag:  0.000e+00
# span 0 =   58.33420,   58.33452                 
# span 1 =   11.88030,   11.88068                 
# span 2 =     -0.513,     44.666                 
# span 3 =     -0.509,     44.246                 
# span 4 =     8.6046,    16.1386                 
# span 5 =   0.272076,   3.427663                 
# span 6 =     1.7597,    32.2171                 
# span 7 =     0.0375,     7.2355                 
# span 8 =    -0.1339,     3.8465                 
# span 9 =  1000.4086,  1025.1840                 
# span 10 =    1469.17,    1497.38                
# span 11 = 0.0000e+00, 0.0000e+00                
# interval = seconds: 0.0416667
# start_time = Sep 22 2020 11:14:23 [System UpLoad Time]
# bad_flag = -9.990e-29
*END*
[from data line 9264]
   58.33432   11.88052      7.200      7.133    15.7399   2.926007    22.4558     5.6036     1.0016  1016.2101    1494.64  0.000e+00
   58.33432   11.88052      7.192      7.125    15.7400   2.926025    22.4558     5.6031     1.0016  1016.2101    1494.64  0.000e+00
   58.33432   11.88052      7.200      7.133    15.7400   2.926013    22.4558     5.6025     1.0016  1016.2101    1494.64  0.000e+00
   58.33432   11.88052      7.248      7.180    15.7400   2.926025    22.4558     5.6020     1.0016  1016.2103    1494.64  0.000e+00
   58.33432   11.88052      7.200      7.133    15.7399   2.926031    22.4560     5.6014     1.0016  1016.2103    1494.64  0.000e+00
   58.33432   11.88052      7.200      7.133    15.7400   2.926031    22.4559     5.6007     1.0016  1016.2102    1494.64  0.000e+00
   58.33432   11.88052      7.192      7.125    15.7400   2.926048    22.4561     5.6001     1.0016  1016.2103    1494.64  0.000e+00
   58.33432   11.88052      7.200      7.133    15.7400   2.926060    22.4561     5.5994     1.0016  1016.2104    1494.64  0.000e+00
   58.33432   11.88052      7.192      7.125    15.7400   2.926036    22.4559     5.5986     1.0016  1016.2102    1494.64  0.000e+00
   58.33432   11.88052      7.200      7.133    15.7402   2.926071    22.4561     5.5937     1.0016  1016.2103    1494.64  0.000e+00
   58.33432   11.88052      7.192      7.125    15.7402   2.926042    22.4559     5.5967     1.0016  1016.2101    1494.64  0.000e+00
   58.33432   11.88052      7.200      7.133    15.7402   2.926071    22.4561     5.5959     0.9894  1016.2103    1494.64  0.000e+00
   58.33432   11.88052      7.256      7.188    15.7400   2.926089    22.4564     5.5909     0.9772  1016.2108    1494.64  0.000e+00
   58.33432   11.88052      7.192      7.125    15.7404   2.926089    22.4562     5.5938     0.9772  1016.2103    1494.64  0.000e+00
   58.33432   11.88052      7.200      7.133    15.7402   2.926089    22.4563     5.5933     0.9772  1016.2105    1494.64  0.000e+00
   58.33432   11.88052      7.192      7.126    15.7402   2.926089    22.4563     5.5924     0.9772  1016.2104    1494.64  0.000e+00
   58.33432   11.88052      7.200      7.133    15.7404   2.926066    22.4560     5.5914     0.9772  1016.2102    1494.64  0.000e+00
   58.33432   11.88052      7.256      7.188    15.7407   2.926060    22.4557     5.5909     0.9772  1016.2102    1494.64  0.000e+00
   58.33432   11.88052      7.193      7.126    15.7402   2.926077    22.4562     5.5903     0.9772  1016.2104    1494.64  0.000e+00
   58.33432   11.88050      7.200      7.133    15.7406   2.926066    22.4559     5.5897     0.9772  1016.2101    1494.64  0.000e+00
   58.33432   11.88050      7.193      7.126    15.7404   2.926077    22.4561     5.5891     0.9772  1016.2102    1494.64  0.000e+00
   58.33432   11.88050      7.256      7.188    15.7406   2.926089    22.4561     5.5885     0.9772  1016.2105    1494.64  0.000e+00
   58.33432   11.88050      7.081      7.016    15.7405   2.926106    22.4563     5.5881     0.9772  1016.2099    1494.64  0.000e+00
   58.33432   11.88050      7.312      7.243    15.7406   2.926095    22.4561     5.5876     0.9772  1016.2107    1494.64  0.000e+00
   58.33432   11.88050      7.256      7.188    15.7407   2.926106    22.4561     5.5869     0.9650  1016.2105    1494.64  0.000e+00
   58.33432   11.88050      7.193      7.126    15.7406   2.926095    22.4561     5.5866     0.9772  1016.2102    1494.64  0.000e+00
   58.33432   11.88050      7.200      7.133    15.7402   2.926089    22.4563     5.5863     0.9772  1016.2105    1494.64  0.000e+00
   58.33432   11.88050      7.193      7.126    15.7406   2.926106    22.4562     5.5860     0.9772  1016.2103    1494.64  0.000e+00
   58.33432   11.88050      7.256      7.188    15.7407   2.926135    22.4564     5.5858     0.9772  1016.2107    1494.64  0.000e+00
   58.33432   11.88050      7.200      7.133    15.7404   2.926101    22.4563     5.5901     0.9772  1016.2104    1494.64  0.000e+00
   58.33432   11.88050      7.193      7.126    15.7407   2.926089    22.4560     5.5905     0.9650  1016.2101    1494.64  0.000e+00
   58.33432   11.88050      7.256      7.188    15.7407   2.926124    22.4563     5.5911     0.9772  1016.2106    1494.64  0.000e+00
   58.33432   11.88050      7.193      7.126    15.7406   2.926141    22.4565     5.5916     0.9772  1016.2105    1494.64  0.000e+00
   58.33432   11.88050      7.201      7.133    15.7406   2.926077    22.4560     5.5921     0.9772  1016.2101    1494.64  0.000e+00
   58.33432   11.88050      7.256      7.188    15.7407   2.926118    22.4562     5.5931     0.9772  1016.2106    1494.64  0.000e+00
   58.33432   11.88050      7.193      7.126    15.7407   2.926101    22.4561     5.5936     0.9650  1016.2102    1494.64  0.000e+00
   58.33432   11.88050      7.256      7.188    15.7404   2.926106    22.4563     5.5942     0.9528  1016.2107    1494.64  0.000e+00
   58.33432   11.88050      7.193      7.126    15.7406   2.926112    22.4563     5.5946     0.9406  1016.2103    1494.64  0.000e+00
   58.33432   11.88050      7.201      7.133    15.7407   2.926095    22.4561     5.5952     0.9528  1016.2102    1494.64  0.000e+00
   58.33432   11.88050      7.248      7.181    15.7407   2.926124    22.4563     5.5957     0.9528  1016.2106    1494.64  0.000e+00
   58.33432   11.88050      7.256      7.189    15.7407   2.926124    22.4563     5.5963     0.9528  1016.2106    1494.64  0.000e+00
   58.33432   11.88050      7.201      7.134    15.7406   2.926112    22.4563     5.5968     0.9528  1016.2104    1494.64  0.000e+00
   58.33432   11.88050      7.248      7.181    15.7407   2.926112    22.4562     5.5973     0.9528  1016.2105    1494.64  0.000e+00
   58.33432   11.88050      7.201      7.134    15.7407   2.926112    22.4562     5.5978     0.9528  1016.2103    1494.64  0.000e+00
   58.33432   11.88050      7.248      7.181    15.7407   2.926112    22.4562     5.5984     0.9406  1016.2105    1494.64  0.000e+00
   58.33432   11.88050      7.201      7.134    15.7407   2.926112    22.4562     5.5989     0.9528  1016.2103    1494.64  0.000e+00
   58.33432   11.88050      7.201      7.134    15.7408   2.926130    22.4563     5.5994     0.9528  1016.2103    1494.64  0.000e+00
   58.33432   11.88050      7.248      7.181    15.7407   2.926118    22.4562     5.5996     0.9528  1016.2105    1494.64  0.000e+00
   58.33432   11.88050      7.201      7.134    15.7407   2.926130    22.4564     5.6038     0.9528  1016.2104    1494.64  0.000e+00
   58.33432   11.88050      7.248      7.181    15.7409   2.926159    22.4565     5.6043     0.9528  1016.2107    1494.64  0.000e+00
   58.33432   11.88050      7.201      7.134    15.7408   2.926147    22.4564     5.6006     0.9528  1016.2104    1494.64  0.000e+00
   58.33432   11.88050      7.256      7.189    15.7411   2.926141    22.4562     5.6048     0.9528  1016.2105    1494.65  0.000e+00
   58.33432   11.88050      7.193      7.126    15.7409   2.926159    22.4565     5.6051     0.9528  1016.2104    1494.64  0.000e+00
   58.33432   11.88050      7.256      7.189    15.7411   2.926124    22.4561     5.6055     0.9528  1016.2104    1494.64  0.000e+00
   58.33432   11.88050      7.193      7.126    15.7410   2.926176    22.4566     5.6058     0.9528  1016.2105    1494.64  0.000e+00
   58.33432   11.88050      7.256      7.189    15.7409   2.926176    22.4566     5.6061     0.9528  1016.2108    1494.64  0.000e+00
   58.33432   11.88050      7.248      7.181    15.7411   2.926170    22.4565     5.6064     0.9528  1016.2106    1494.65  0.000e+00
   58.33432   11.88050      7.201      7.134    15.7412   2.926170    22.4564     5.6107     0.9528  1016.2103    1494.64  0.000e+00
   58.33432   11.88050      7.256      7.189    15.7412   2.926170    22.4564     5.6068     0.9528  1016.2106    1494.65  0.000e+00
   58.33432   11.88050      7.193      7.126    15.7412   2.926170    22.4564     5.6110     0.9528  1016.2103    1494.64  0.000e+00
   58.33432   11.88050      7.256      7.189    15.7414   2.926188    22.4564     5.6115     0.9894  1016.2106    1494.65  0.000e+00
   58.33432   11.88050      7.248      7.181    15.7414   2.926176    22.4563     5.6073     1.0016  1016.2105    1494.65  0.000e+00
   58.33432   11.88050      7.201      7.134    15.7414   2.926205    22.4566     5.6073     1.0016  1016.2105    1494.65  0.000e+00
   58.33432   11.88050      7.256      7.189    15.7414   2.926205    22.4566     5.6073     1.0016  1016.2107    1494.65  0.000e+00
   58.33432   11.88050      7.367      7.299    15.7414   2.926194    22.4564     5.6073     1.0016  1016.2111    1494.65  0.000e+00
   58.33432   11.88050      7.605      7.535    15.7416   2.926176    22.4562     5.6073     0.9894  1016.2119    1494.65  0.000e+00
   58.33432   11.88050      7.550      7.479    15.7417   2.926205    22.4563     5.6071     1.0016  1016.2117    1494.65  0.000e+00
   58.33432   11.88050      7.312      7.244    15.7417   2.926205    22.4564     5.6068     1.0016  1016.2107    1494.65  0.000e+00
   58.33432   11.88050      7.137      7.071    15.7421   2.926194    22.4561     5.6106     1.0016  1016.2097    1494.65  0.000e+00
   58.33432   11.88050      6.955      6.890    15.7419   2.926176    22.4561     5.6106     1.0016  1016.2089    1494.64  0.000e+00
   58.33432   11.88050      6.899      6.835    15.7414   2.926065    22.4555     5.6066     1.0016  1016.2083    1494.64  0.000e+00
   58.33432   11.88050      6.899      6.835    15.7417   2.925990    22.4547     5.6062     1.0016  1016.2076    1494.64  0.000e+00
   58.33432   11.88050      7.082      7.016    15.7417   2.925961    22.4544     5.6060     1.0016  1016.2081    1494.64  0.000e+00
   58.33432   11.88050      7.018      6.953    15.7424   2.925868    22.4532     5.6055     1.0016  1016.2068    1494.64  0.000e+00
   58.33432   11.88050      6.963      6.898    15.7429   2.925699    22.4515     5.6050     1.0016  1016.2052    1494.64  0.000e+00
   58.33432   11.88050      6.963      6.898    15.7426   2.925320    22.4485     5.6088     1.0016  1016.2030    1494.64  0.000e+00
   58.33432   11.88050      6.844      6.780    15.7406   2.924727    22.4447     5.6090     1.0016  1016.1999    1494.62  0.000e+00
   58.33432   11.88050      6.899      6.835    15.7375   2.924215    22.4421     5.6093     1.0016  1016.1987    1494.61  0.000e+00
   58.33432   11.88050      6.899      6.835    15.7350   2.923965    22.4413     5.6098     1.0016  1016.1987    1494.60  0.000e+00
   58.33432   11.88050      7.018      6.953    15.7333   2.923749    22.4405     5.6061     1.0016  1016.1990    1494.60  0.000e+00
   58.33432   11.88050      7.018      6.953    15.7309   2.923325    22.4383     5.6062     1.0016  1016.1977    1494.59  0.000e+00
   58.33432   11.88050      6.844      6.780    15.7283   2.923010    22.4371     5.6061     1.0016  1016.1966    1494.58  0.000e+00
   58.33432   11.88050      6.788      6.725    15.7269   2.922876    22.4368     5.6060     1.0016  1016.1964    1494.57  0.000e+00
   58.33432   11.88050      6.725      6.662    15.7259   2.922783    22.4365     5.6058     1.0016  1016.1961    1494.56  0.000e+00
   58.33432   11.88050      6.725      6.662    15.7253   2.922620    22.4355     5.6014     1.0016  1016.1955    1494.56  0.000e+00
   58.33432   11.88050      6.669      6.607    15.7247   2.922405    22.4341     5.6049     1.0016  1016.1942    1494.56  0.000e+00
   58.33432   11.88050      6.661      6.599    15.7244   2.922277    22.4331     5.6046     1.0016  1016.1935    1494.56  0.000e+00
   58.33432   11.88050      6.669      6.607    15.7244   2.922172    22.4322     5.6002     1.0016  1016.1929    1494.55  0.000e+00
   58.33432   11.88050      6.661      6.599    15.7247   2.922138    22.4318     5.5994     1.0016  1016.1925    1494.55  0.000e+00
   58.33432   11.88050      6.606      6.544    15.7249   2.922021    22.4307     5.6028     1.0016  1016.1913    1494.55  0.000e+00
   58.33432   11.88050      6.669      6.607    15.7256   2.921916    22.4294     5.5982     1.0016  1016.1905    1494.55  0.000e+00
   58.33432   11.88050      6.661      6.599    15.7258   2.921631    22.4269     5.5975     0.9894  1016.1885    1494.55  0.000e+00
   58.33432   11.88050      6.606      6.544    15.7274   2.921323    22.4234     5.5967     1.0016  1016.1852    1494.55  0.000e+00
   58.33432   11.88050      6.542      6.481    15.7288   2.921038    22.4202     5.5958     1.0016  1016.1822    1494.55  0.000e+00
   58.33432   11.88050      6.550      6.489    15.7292   2.920957    22.4193     5.5909     1.0016  1016.1815    1494.55  0.000e+00
   58.33432   11.88050      6.487      6.426    15.7298   2.920910    22.4186     5.5938     0.9894  1016.1805    1494.55  0.000e+00
   58.33432   11.88050      6.487      6.426    15.7302   2.920875    22.4181     5.5930     1.0016  1016.1800    1494.55  0.000e+00
   58.33432   11.88050      6.431      6.371    15.7310   2.920788    22.4169     5.5884     1.0016  1016.1787    1494.55  0.000e+00
   58.33432   11.88050      6.431      6.371    15.7317   2.920799    22.4166     5.5877     1.0016  1016.1783    1494.56  0.000e+00
   58.33432   11.88050      6.376      6.316    15.7323   2.920776    22.4161     5.5865     1.0016  1016.1775    1494.56  0.000e+00
   58.33432   11.88050      6.376      6.316    15.7329   2.920782    22.4158     5.5858     1.0016  1016.1772    1494.56  0.000e+00
   58.33432   11.88050      6.249      6.191    15.7339   2.920805    22.4154     5.5850     1.0016  1016.1762    1494.56  0.000e+00
   58.33432   11.88050      6.376      6.316    15.7347   2.920834    22.4152     5.5844     1.0016  1016.1764    1494.56  0.000e+00
   58.33432   11.88050      6.312      6.254    15.7363   2.920904    22.4149     5.5836     1.0016  1016.1756    1494.57  0.000e+00
   58.33432   11.88050      6.312      6.254    15.7385   2.920921    22.4138     5.5829     1.0016  1016.1743    1494.57  0.000e+00
   58.33432   11.88050      6.376      6.316    15.7409   2.920921    22.4125     5.5822     1.0016  1016.1730    1494.58  0.000e+00
   58.33432   11.88050      6.312      6.254    15.7426   2.920904    22.4114     5.5820     1.0016  1016.1716    1494.58  0.000e+00
   58.33432   11.88050      6.193      6.136    15.7438   2.920892    22.4106     5.5814     0.9894  1016.1702    1494.58  0.000e+00
   58.33432   11.88050      6.193      6.136    15.7450   2.920811    22.4093     5.5813     1.0138  1016.1689    1494.59  0.000e+00
   58.33432   11.88050      6.138      6.081    15.7463   2.920764    22.4081     5.5812     1.0138  1016.1675    1494.59  0.000e+00
   58.33432   11.88050      6.193      6.136    15.7465   2.920741    22.4078     5.5810     1.0260  1016.1675    1494.59  0.000e+00
   58.33432   11.88050      6.074      6.018    15.7470   2.920630    22.4066     5.5806     1.0260  1016.1660    1494.59  0.000e+00
   58.33432   11.88050      6.138      6.081    15.7470   2.920473    22.4053     5.5805     1.0260  1016.1652    1494.59  0.000e+00
   58.33432   11.88050      6.138      6.081    15.7465   2.920392    22.4049     5.5804     1.0260  1016.1650    1494.59  0.000e+00
   58.33432   11.88050      6.019      5.963    15.7458   2.920177    22.4035     5.5845     1.0260  1016.1636    1494.58  0.000e+00
   58.33432   11.88050      6.019      5.963    15.7446   2.919723    22.4003     5.5808     1.0260  1016.1614    1494.57  0.000e+00
   58.33432   11.88050      6.019      5.963    15.7435   2.919328    22.3976     5.5851     1.0260  1016.1596    1494.56  0.000e+00
   58.33432   11.88050      6.019      5.963    15.7414   2.918932    22.3954     5.5861     1.0260  1016.1583    1494.56  0.000e+00
   58.33432   11.88050      5.963      5.908    15.7392   2.918450    22.3926     5.5913     1.0260  1016.1563    1494.54  0.000e+00
