data/2020/st_B_conv.cnv
* Sea-Bird SBE 9 Data File:
* FileName = C:\Documents and Settings\Boat\Desktop\MAR440_TUES\st_B.hdr
* Software Version Seasave V 7.20a
* Temperature SN = 4766
* Conductivity SN = 3059
* Number of Bytes Per Scan = 34
* Number of Voltage Words = 5
* Number of Scans Averaged by the Deck Unit = 1
* NMEA Latitude = 58 20.07 N
* NMEA Longitude = 011 52.82 E
* NMEA UTC (Time) = Sep 22 2020  09:14:22
** StationNumber: st_B
** BottomDepth: 46
# nquan = 12
# nvalues = 11261                                 
# units = specified
# name 0 = latitude: Latitude [deg]
# name 1 = longitude: Longitude [deg]
# name 2 = prDM: Pressure, Digiquartz [db]
# name 3 = depSM: Depth [salt water, m]
# name 4 = t090C: Temperature [ITS-90, deg C]
# name 5 = c0S/m: Conductivity [S/m]
# name 6 = sal00: Salinity, Practical [PSU]
# name 7 = sbeox0ML/L: Oxygen, SBE 43 [ml/l]
# name 8 = flECO-AFL: Fluorescence, WET Labs ECO-AFL/FL [mg/m^3]
# name 9 = density00: Density [density, kg/m^3]
# name 10 = svCM: Sound Velocity [Chen-Millero, m/s]
# name 11 = flag:  0.000e+00
# span 0 =   58.33420,   58.33452                 
# span 1 =   11.88030,   11.88068                 
# span 2 =     -0.513,     44.666                 
# span 3 =     -0.509,     44.246                 
# span 4 =     8.6046,    16.1386                 
# span 5 =   0.272076,   3.427663                 
# span 6 =     1.7597,    32.2171                 
# span 7 =     0.0375,     7.2355                 
# span 8 =    -0.1339,     3.8465                 
# span 9 =  1000.4086,  1025.1840                 
# span 10 =    1469.17,    1497.38                
# span 11 = 0.0000e+00, 0.0000e+00                
# interval = seconds: 0.0416667
# start_time = Sep 22 2020 11:14:23 [System UpLoad Time]
# bad_flag = -9.990e-29
*END*
[from data line 5655]
   58.33424   11.88068     43.758     43.347     8.7402   3.427053    32.2159     0.0774     0.8673  1025.1784    1482.53  0.000e+00
   58.33424   11.88068     43.703     43.292     8.7402   3.427053    32.2159     0.0725     0.8673  1025.1781    1482.53  0.000e+00
   58.33424   11.88068     43.703     43.292     8.7404   3.427053    32.2158     0.0771     0.8673  1025.1780    1482.53  0.000e+00
   58.33424   11.88068     43.703     43.292     8.7406   3.426997    32.2150     0.0727     0.8673  1025.1774    1482.53  0.000e+00
   58.33424   11.88068     43.758     43.347     8.7406   3.427059    32.2156     0.0767     0.8673  1025.1781    1482.53  0.000e+00
   58.33424   11.88068     43.703     43.292     8.7401   3.427009    32.2156     0.0771     0.8673  1025.1779    1482.53  0.000e+00
   58.33424   11.88068     43.671     43.261     8.7402   3.427009    32.2155     0.0776     0.8673  1025.1776    1482.53  0.000e+00
   58.33424   11.88068     43.758     43.347     8.7402   3.427040    32.2158     0.0732     0.8673  1025.1783    1482.53  0.000e+00
   58.33424   11.88068     43.703     43.292     8.7402   3.427053    32.2159     0.0778     0.8673  1025.1781    1482.53  0.000e+00
   58.33424   11.88068     43.758     43.347     8.7401   3.427053    32.2160     0.0783     0.8673  1025.1785    1482.53  0.000e+00
   58.33424   11.88068     43.703     43.292     8.7402   3.427053    32.2159     0.0787     0.8673  1025.1781    1482.53  0.000e+00
   58.33424   11.88068     43.703     43.292     8.7399   3.427071    32.2164     0.0738     0.8673  1025.1786    1482.53  0.000e+00
   58.33424   11.88068     43.727     43.316     8.7402   3.427059    32.2160     0.0737     0.8673  1025.1783    1482.53  0.000e+00
   58.33424   11.88068     43.703     43.292     8.7402   3.427053    32.2159     0.0735     0.8673  1025.1781    1482.53  0.000e+00
   58.33424   11.88068     43.703     43.292     8.7401   3.427046    32.2160     0.0734     0.8673  1025.1782    1482.53  0.000e+00
   58.33424   11.88068     43.759     43.347     8.7402   3.427046    32.2158     0.0734     0.8673  1025.1783    1482.53  0.000e+00
   58.33424   11.88068     43.703     43.292     8.7402   3.427071    32.2161     0.0781     0.8673  1025.1783    1482.53  0.000e+00
   58.33424   11.88068     43.703     43.292     8.7404   3.427059    32.2158     0.0732     0.8673  1025.1780    1482.53  0.000e+00
   58.33424   11.88068     43.727     43.316     8.7407   3.427096    32.2159     0.0732     0.8673  1025.1782    1482.53  0.000e+00
   58.33424   11.88068     43.703     43.292     8.7409   3.427065    32.2155     0.0725     0.8673  1025.1777    1482.53  0.000e+00
   58.33424   11.88068     43.703     43.292     8.7409   3.427096    32.2158     0.0725     0.8673  1025.1779    1482.53  0.000e+00
   58.33424   11.88068     43.703     43.292     8.7409   3.427090    32.2157     0.0773     0.8673  1025.1778    1482.53  0.000e+00
   58.33424   11.88068     43.759     43.347     8.7409   3.427034    32.2151     0.0731     0.8673  1025.1777    1482.53  0.000e+00
   58.33424   11.88068     43.703     43.292     8.7409   3.427065    32.2155     0.0779     0.8673  1025.1777    1482.53  0.000e+00
   58.33424   11.88068     43.727     43.316     8.7409   3.427053    32.2153     0.0785     0.8673  1025.1776    1482.53  0.000e+00
   58.33424   11.88068     43.640     43.229     8.7411   3.427046    32.2151     0.0785     0.8673  1025.1771    1482.53  0.000e+00
   58.33424   11.88068     43.759     43.347     8.7407   3.427096    32.2159     0.0785     0.8673  1025.1783    1482.53  0.000e+00
   58.33424   11.88068     43.703     43.292     8.7407   3.427065    32.2156     0.0737     0.8673  1025.1778    1482.53  0.000e+00
   58.33424   11.88068     43.703     43.292     8.7411   3.427096    32.2156     0.0778     0.8673  1025.1778    1482.53  0.000e+00
   58.33424   11.88068     43.703     43.292     8.7414   3.427090    32.2153     0.0730     0.8673  1025.1775    1482.53  0.000e+00
   58.33424   11.88068     43.727     43.316     8.7411   3.427059    32.2152     0.0729     0.8673  1025.1776    1482.53  0.000e+00
   58.33424   11.88068     43.703     43.292     8.7409   3.427028    32.2151     0.0770     0.8673  1025.1774    1482.53  0.000e+00
   58.33424   11.88068     43.703     43.292     8.7409   3.427040    32.2152     0.0722     0.8673  1025.1775    1482.53  0.000e+00
   58.33424   11.88068     43.703     43.292     8.7407   3.427053    32.2155     0.0721     0.8673  1025.1777    1482.53  0.000e+00
   58.33424   11.88068     43.703     43.292     8.7407   3.427053    32.2155     0.0715     0.8673  1025.1777    1482.53  0.000e+00
   58.33424   11.88068     43.703     43.292     8.7409   3.427071    32.2155     0.0715     0.8673  1025.1777    1482.53  0.000e+00
   58.33424   11.88068     43.759     43.347     8.7407   3.427059    32.2155     0.0715     0.8673  1025.1780    1482.53  0.000e+00
   58.33424   11.88068     43.671     43.261     8.7404   3.427028    32.2155     0.0756     0.8673  1025.1777    1482.53  0.000e+00
   58.33424   11.88068     43.703     43.292     8.7404   3.427065    32.2159     0.0708     0.8673  1025.1781    1482.53  0.000e+00
   58.33424   11.88068     43.703     43.292     8.7402   3.427034    32.2157     0.0708     0.8673  1025.1780    1482.53  0.000e+00
   58.33424   11.88068     43.759     43.347     8.7406   3.427022    32.2153     0.0750     0.8673  1025.1778    1482.53  0.000e+00
   58.33424   11.88068     43.640     43.229     8.7404   3.427040    32.2157     0.0750     0.8673  1025.1776    1482.53  0.000e+00
   58.33424   11.88068     43.759     43.347     8.7406   3.427053    32.2156     0.0755     0.8673  1025.1781    1482.53  0.000e+00
   58.33424   11.88068     43.671     43.261     8.7404   3.427071    32.2160     0.0714     0.8673  1025.1780    1482.53  0.000e+00
   58.33424   11.88068     43.703     43.292     8.7406   3.427059    32.2157     0.0761     0.8673  1025.1779    1482.53  0.000e+00
   58.33424   11.88068     43.703     43.292     8.7407   3.427046    32.2154     0.0767     0.8673  1025.1777    1482.53  0.000e+00
   58.33424   11.88068     43.703     43.292     8.7411   3.427071    32.2154     0.0726     0.8673  1025.1776    1482.53  0.000e+00
   58.33424   11.88068     43.703     43.292     8.7407   3.427084    32.2158     0.0773     0.8673  1025.1780    1482.53  0.000e+00
   58.33424   11.88068     43.703     43.292     8.7406   3.427084    32.2159     0.0732     0.8673  1025.1781    1482.53  0.000e+00
   58.33424   11.88068     43.671     43.261     8.7404   3.427034    32.2156     0.0780     0.8795  1025.1777    1482.53  0.000e+00
   58.33424   11.88068     43.703     43.292     8.7404   3.427065    32.2159     0.0780     0.8795  1025.1781    1482.53  0.000e+00
   58.33424   11.88068     43.703     43.292     8.7401   3.427102    32.2166     0.0787     0.8795  1025.1787    1482.53  0.000e+00
   58.33424   11.88068     43.759     43.347     8.7402   3.427065    32.2160     0.0787     0.8917  1025.1785    1482.53  0.000e+00
   58.33424   11.88068     43.640     43.230     8.7401   3.427028    32.2158     0.0745     0.8795  1025.1778    1482.53  0.000e+00
   58.33424   11.88068     43.703     43.292     8.7404   3.427022    32.2154     0.0793     0.8795  1025.1777    1482.53  0.000e+00
   58.33424   11.88068     43.671     43.261     8.7406   3.427022    32.2153     0.0752     0.8795  1025.1774    1482.53  0.000e+00
   58.33424   11.88068     43.759     43.347     8.7406   3.427016    32.2152     0.0746     0.8795  1025.1778    1482.53  0.000e+00
   58.33424   11.88068     43.640     43.230     8.7406   3.427040    32.2155     0.0746     0.8795  1025.1775    1482.53  0.000e+00
   58.33424   11.88068     43.703     43.292     8.7406   3.427071    32.2158     0.0747     0.8795  1025.1780    1482.53  0.000e+00
   58.33424   11.88068     43.703     43.292     8.7407   3.427059    32.2155     0.0796     0.8795  1025.1778    1482.53  0.000e+00
   58.33424   11.88068     43.703     43.292     8.7407   3.427028    32.2152     0.0749     0.8795  1025.1775    1482.53  0.000e+00
   58.33424   11.88068     43.703     43.292     8.7407   3.427040    32.2153     0.0744     0.8795  1025.1776    1482.53  0.000e+00
   58.33424   11.88068     43.671     43.261     8.7406   3.427028    32.2154     0.0786     0.8795  1025.1775    1482.53  0.000e+00
   58.33424   11.88068     43.703     43.292     8.7402   3.427040    32.2158     0.0786     0.8795  1025.1780    1482.53  0.000e+00
   58.33424   11.88068     43.703     43.292     8.7402   3.427053    32.2159     0.0787     0.8795  1025.1781    1482.53  0.000e+00
   58.33424   11.88068     43.703     43.292     8.7404   3.427028    32.2155     0.0745     0.8795  1025.1778    1482.53  0.000e+00
   58.33424   11.88068     43.703     43.292     8.7404   3.427059    32.2158     0.0740     0.8795  1025.1780    1482.53  0.000e+00
   58.33424   11.88068     43.640     43.230     8.7407   3.427034    32.2153     0.0781     0.8795  1025.1773    1482.53  0.000e+00
   58.33424   11.88068     43.672     43.261     8.7407   3.427065    32.2156     0.0781     0.8795  1025.1777    1482.53  0.000e+00
   58.33424   11.88068     43.703     43.292     8.7406   3.427084    32.2159     0.0781     0.8795  1025.1781    1482.53  0.000e+00
   58.33424   11.88068     43.703     43.293     8.7406   3.427059    32.2157     0.0787     0.8795  1025.1779    1482.53  0.000e+00
   58.33424   11.88068     43.703     43.293     8.7406   3.427053    32.2156     0.0786     0.8795  1025.1778    1482.53  0.000e+00
   58.33424   11.88068     43.703     43.293     8.7406   3.427053    32.2156     0.0792     0.8795  1025.1778    1482.53  0.000e+00
   58.33424   11.88068     43.703     43.293     8.7404   3.427071    32.2160     0.0750     0.8795  1025.1782    1482.53  0.000e+00
   58.33424   11.88068     43.672     43.261     8.7404   3.427034    32.2156     0.0750     0.8795  1025.1777    1482.53  0.000e+00
   58.33424   11.88068     43.640     43.230     8.7402   3.427022    32.2156     0.0750     0.8795  1025.1776    1482.53  0.000e+00
   58.33424   11.88068     43.703     43.293     8.7404   3.427040    32.2157     0.0744     0.8795  1025.1779    1482.53  0.000e+00
   58.33424   11.88068     43.703     43.293     8.7404   3.427046    32.2157     0.0744     0.8795  1025.1779    1482.53  0.000e+00
   58.33424   11.88068     43.703     43.293     8.7404   3.427071    32.2159     0.0738     0.8795  1025.1781    1482.53  0.000e+00
   58.33424   11.88068     43.640     43.230     8.7406   3.427084    32.2160     0.0780     0.8795  1025.1778    1482.53  0.000e+00
   58.33424   11.88068     43.672     43.261     8.7411   3.427084    32.2155     0.0786     0.8795  1025.1775    1482.53  0.000e+00
   58.33424   11.88068     43.703     43.293     8.7409   3.427084    32.2156     0.0739     0.8795  1025.1778    1482.53  0.000e+00
   58.33424   11.88068     43.703     43.293     8.7407   3.427009    32.2150     0.0733     0.8795  1025.1773    1482.53  0.000e+00
   58.33424   11.88068     43.703     43.293     8.7407   3.427059    32.2155     0.0774     0.8795  1025.1778    1482.53  0.000e+00
   58.33424   11.88068     43.703     43.293     8.7406   3.427059    32.2157     0.0774     0.8795  1025.1779    1482.53  0.000e+00
   58.33424   11.88068     43.640     43.230     8.7406   3.427028    32.2154     0.0726     0.8795  1025.1774    1482.53  0.000e+00
   58.33424   11.88068     43.640     43.230     8.7409   3.427040    32.2152     0.0726     0.8795  1025.1772    1482.53  0.000e+00
   58.33424   11.88068     43.727     43.316     8.7409   3.427071    32.2155     0.0767     0.8795  1025.1778    1482.53  0.000e+00
   58.33424   11.88068     43.703     43.293     8.7409   3.427102    32.2159     0.0766     0.8795  1025.1780    1482.53  0.000e+00
   58.33424   11.88068     43.640     43.230     8.7411   3.427114    32.2158     0.0724     0.8795  1025.1776    1482.53  0.000e+00
   58.33424   11.88068     43.703     43.293     8.7414   3.427114    32.2155     0.0724     0.8795  1025.1777    1482.53  0.000e+00
   58.33424   11.88068     43.703     43.293     8.7411   3.427065    32.2153     0.0724     0.8795  1025.1775    1482.53  0.000e+00
   58.33424   11.88068     43.640     43.230     8.7411   3.427096    32.2156     0.0718     0.8795  1025.1775    1482.53  0.000e+00
   58.33424   11.88068     43.727     43.316     8.7411   3.427090    32.2155     0.0718     0.8795  1025.1778    1482.53  0.000e+00
   58.33424   11.88068     43.703     43.293     8.7411   3.427059    32.2152     0.0719     0.8795  1025.1775    1482.53  0.000e+00
   58.33424   11.88068     43.640     43.230     8.7411   3.427053    32.2152     0.0713     0.8795  1025.1771    1482.53  0.000e+00
   58.33424   11.88068     43.703     43.293     8.7409   3.427053    32.2153     0.0714     0.8795  1025.1775    1482.53  0.000e+00
   58.33424   11.88068     43.703     43.293     8.7411   3.427046    32.2151     0.0709     0.8673  1025.1774    1482.53  0.000e+00
   58.33424   11.88068     43.703     43.293     8.7409   3.427046    32.2153     0.0757     0.8551  1025.1775    1482.53  0.000e+00
   58.33424   11.88068     43.672     43.261     8.7409   3.427053    32.2153     0.0717     0.8429  1025.1774    1482.53  0.000e+00
   58.33422   11.88068     43.703     43.293     8.7407   3.427071    32.2157     0.0718     0.8429  1025.1779    1482.53  0.000e+00
   58.33422   11.88068     43.640     43.230     8.7406   3.427102    32.2161     0.0720     0.8551  1025.1780    1482.53  0.000e+00
   58.33422   11.88068     43.703     43.293     8.7409   3.427090    32.2157     0.0715     0.8551  1025.1778    1482.53  0.000e+00
   58.33422   11.88068     43.703     43.293     8.7411   3.427084    32.2155     0.0717     0.8551  1025.1777    1482.53  0.000e+00
   58.33422   11.88068     43.703     43.293     8.7411   3.427059    32.2152     0.0713     0.8551  1025.1775    1482.53  0.000e+00
   58.33422   11.88068     43.672     43.261     8.7407   3.427121    32.2162     0.0708     0.8551  1025.1781    1482.53  0.000e+00
   58.33422   11.88068     43.703     43.293     8.7411   3.427145    32.2161     0.0704     0.8551  1025.1782    1482.53  0.000e+00
   58.33422   11.88068     43.703     43.293     8.7411   3.427139    32.2161     0.0700     0.8551  1025.1781    1482.53  0.000e+00
   58.33422   11.88068     43.703     43.293     8.7414   3.427164    32.2161     0.0702     0.8429  1025.1781    1482.54  0.000e+00
   58.33422   11.88068     43.640     43.230     8.7411   3.427152    32.2162     0.0745     0.8429  1025.1779    1482.53  0.000e+00
   58.33422   11.88068     43.703     43.293     8.7412   3.427189    32.2164     0.0747     0.8551  1025.1784    1482.54  0.000e+00
   58.33422   11.88068     43.672     43.261     8.7404   3.427158    32.2169     0.0707     0.8551  1025.1787    1482.53  0.000e+00
   58.33422   11.88068     43.759     43.348     8.7406   3.427145    32.2165     0.0709     0.8551  1025.1788    1482.53  0.000e+00
   58.33422   11.88068     43.640     43.230     8.7409   3.427121    32.2161     0.0759     0.8551  1025.1779    1482.53  0.000e+00
   58.33422   11.88068     43.703     43.293     8.7411   3.427133    32.2160     0.0714     0.8551  1025.1781    1482.53  0.000e+00
   58.33422   11.88068     43.703     43.293     8.7411   3.427096    32.2156     0.0757     0.8551  1025.1778    1482.53  0.000e+00
   58.33422   11.88068     43.640     43.230     8.7411   3.427102    32.2157     0.0765     0.8551  1025.1775    1482.53  0.000e+00
   58.33422   11.88068     43.703     43.293     8.7412   3.427158    32.2161     0.0726     0.8551  1025.1781    1482.54  0.000e+00
   58.33422   11.88068     43.727     43.316     8.7416   3.427170    32.2159     0.0728     0.8551  1025.1780    1482.54  0.000e+00
