data/2020/st_B_conv.cnv
* Sea-Bird SBE 9 Data File:
* FileName = C:\Documents and Settings\Boat\Desktop\MAR440_TUES\st_B.hdr
* Software Version Seasave V 7.20a
* Temperature SN = 4766
* Conductivity SN = 3059
* Number of Bytes Per Scan = 34
* Number of Voltage Words = 5
* Number of Scans Averaged by the Deck Unit = 1
* NMEA Latitude = 58 20.07 N
* NMEA Longitude = 011 52.82 E
* NMEA UTC (Time) = Sep 22 2020  09:14:22
** StationNumber: st_B
** BottomDepth: 46
# nquan = 12
# nvalues = 11261                                 
# units = specified
# name 0 = latitude: Latitude [deg]
# name 1 = longitude: Longitude [deg]
# name 2 = prDM: Pressure, Digiquartz [db]
# name 3 = depSM: Depth [salt water, m]
# name 4 = t090C: Temperature [ITS-90, deg C]
# name 5 = c0S/m: Conductivity [S/m]
# name 6 = sal00: Salinity, Practical [PSU]
# name 7 = sbeox0ML/L: Oxygen, SBE 43 [ml/l]
# name 8 = flECO-AFL: Fluorescence, WET Labs ECO-AFL/FL [mg/m^3]
# name 9 = density00: Density [density, kg/m^3]
# name 10 = svCM: Sound Velocity [Chen-Millero, m/s]
# name 11 = flag:  0.000e+00
# span 0 =   58.33420,   58.33452                 
# span 1 =   11.88030,   11.88068                 
# span 2 =     -0.513,     44.666                 
# span 3 =     -0.509,     44.246                 
# span 4 =     8.6046,    16.1386                 
# span 5 =   0.272076,   3.427663                 
# span 6 =     1.7597,    32.2171                 
# span 7 =     0.0375,     7.2355                 
# span 8 =    -0.1339,     3.8465                 
# span 9 =  1000.4086,  1025.1840                 
# span 10 =    1469.17,    1497.38                
# span 11 = 0.0000e+00, 0.0000e+00                
# interval = seconds: 0.0416667
# start_time = Sep 22 2020 11:14:23 [System UpLoad Time]
# bad_flag = -9.990e-29
*END*
[from data line 3489]
   58.33432   11.88060     43.753     43.342     8.7363   3.426651    32.2152     0.0935     0.8551  1025.1784    1482.52  0.000e+00
   58.33432   11.88060     43.698     43.287     8.7362   3.426626    32.2152     0.0976     0.8551  1025.1782    1482.51  0.000e+00
   58.33432   11.88060     43.753     43.342     8.7363   3.426663    32.2154     0.0982     0.8551  1025.1786    1482.52  0.000e+00
   58.33432   11.88060     43.698     43.287     8.7363   3.426700    32.2158     0.0981     0.8551  1025.1786    1482.52  0.000e+00
   58.33432   11.88060     43.722     43.311     8.7365   3.426688    32.2155     0.0932     0.8795  1025.1785    1482.52  0.000e+00
   58.33432   11.88060     43.698     43.287     8.7365   3.426700    32.2156     0.0932     0.8795  1025.1785    1482.52  0.000e+00
   58.33432   11.88060     43.698     43.287     8.7365   3.426712    32.2158     0.0931     0.8795  1025.1786    1482.52  0.000e+00
   58.33432   11.88060     43.753     43.342     8.7365   3.426712    32.2157     0.0931     0.8795  1025.1788    1482.52  0.000e+00
   58.33432   11.88060     43.698     43.287     8.7365   3.426688    32.2155     0.0972     0.8917  1025.1784    1482.52  0.000e+00
   58.33432   11.88060     43.698     43.287     8.7363   3.426700    32.2158     0.0930     0.8795  1025.1786    1482.52  0.000e+00
   58.33432   11.88060     43.722     43.311     8.7365   3.426712    32.2157     0.0930     0.8795  1025.1786    1482.52  0.000e+00
   58.33432   11.88060     43.698     43.287     8.7365   3.426688    32.2155     0.0978     0.8917  1025.1784    1482.52  0.000e+00
   58.33432   11.88060     43.698     43.287     8.7368   3.426700    32.2154     0.0931     0.8795  1025.1782    1482.52  0.000e+00
   58.33432   11.88060     43.753     43.342     8.7365   3.426688    32.2154     0.0925     0.8795  1025.1785    1482.52  0.000e+00
   58.33432   11.88060     43.698     43.287     8.7366   3.426700    32.2155     0.0925     0.8795  1025.1783    1482.52  0.000e+00
   58.33432   11.88060     43.753     43.342     8.7365   3.426731    32.2159     0.0919     0.8795  1025.1789    1482.52  0.000e+00
   58.33432   11.88060     43.722     43.311     8.7365   3.426719    32.2158     0.0920     0.8795  1025.1787    1482.52  0.000e+00
   58.33432   11.88060     43.698     43.287     8.7365   3.426712    32.2158     0.0914     0.8795  1025.1786    1482.52  0.000e+00
   58.33432   11.88060     43.698     43.287     8.7363   3.426688    32.2157     0.0956     0.8795  1025.1785    1482.52  0.000e+00
   58.33432   11.88060     43.753     43.342     8.7365   3.426700    32.2156     0.0963     0.8917  1025.1787    1482.52  0.000e+00
   58.33432   11.88060     43.634     43.224     8.7365   3.426731    32.2160     0.0915     0.8795  1025.1784    1482.52  0.000e+00
   58.33432   11.88060     43.753     43.342     8.7366   3.426694    32.2154     0.0916     0.8795  1025.1785    1482.52  0.000e+00
   58.33432   11.88060     43.666     43.256     8.7365   3.426700    32.2156     0.0910     0.8795  1025.1783    1482.52  0.000e+00
   58.33432   11.88060     43.753     43.342     8.7366   3.426712    32.2156     0.0911     0.8795  1025.1787    1482.52  0.000e+00
   58.33432   11.88060     43.753     43.342     8.7366   3.426663    32.2151     0.0906     0.8795  1025.1783    1482.52  0.000e+00
   58.33432   11.88060     43.698     43.287     8.7367   3.426669    32.2151     0.0907     0.8795  1025.1780    1482.52  0.000e+00
   58.33432   11.88060     43.753     43.342     8.7363   3.426682    32.2156     0.0956     0.8795  1025.1787    1482.52  0.000e+00
   58.33432   11.88060     43.698     43.287     8.7365   3.426657    32.2152     0.0963     0.8795  1025.1781    1482.52  0.000e+00
   58.33432   11.88060     43.698     43.287     8.7365   3.426626    32.2148     0.0923     0.8795  1025.1778    1482.52  0.000e+00
   58.33432   11.88060     43.722     43.311     8.7363   3.426620    32.2150     0.0924     0.8795  1025.1781    1482.52  0.000e+00
   58.33432   11.88060     43.698     43.287     8.7362   3.426638    32.2153     0.0974     0.8795  1025.1783    1482.52  0.000e+00
   58.33432   11.88060     43.698     43.287     8.7363   3.426651    32.2153     0.0934     0.8795  1025.1782    1482.52  0.000e+00
   58.33432   11.88060     43.753     43.342     8.7363   3.426626    32.2150     0.0983     0.8795  1025.1782    1482.52  0.000e+00
   58.33432   11.88060     43.698     43.287     8.7365   3.426620    32.2148     0.0985     0.8795  1025.1778    1482.52  0.000e+00
   58.33432   11.88060     43.698     43.287     8.7363   3.426638    32.2152     0.0939     0.8795  1025.1781    1482.52  0.000e+00
   58.33432   11.88060     43.722     43.311     8.7363   3.426669    32.2154     0.0934     0.8795  1025.1784    1482.52  0.000e+00
   58.33432   11.88060     43.753     43.342     8.7363   3.426607    32.2148     0.0936     0.8795  1025.1781    1482.52  0.000e+00
   58.33432   11.88060     43.698     43.287     8.7363   3.426632    32.2151     0.0986     0.8795  1025.1781    1482.52  0.000e+00
   58.33432   11.88060     43.753     43.342     8.7363   3.426626    32.2150     0.0940     0.8795  1025.1782    1482.52  0.000e+00
   58.33432   11.88060     43.698     43.287     8.7363   3.426595    32.2147     0.0990     0.8795  1025.1778    1482.51  0.000e+00
   58.33432   11.88060     43.698     43.287     8.7365   3.426589    32.2145     0.0991     0.8795  1025.1775    1482.52  0.000e+00
   58.33432   11.88060     43.722     43.311     8.7362   3.426607    32.2149     0.0945     0.8795  1025.1781    1482.52  0.000e+00
   58.33432   11.88060     43.698     43.287     8.7366   3.426620    32.2147     0.0947     0.8795  1025.1777    1482.52  0.000e+00
   58.33432   11.88060     43.753     43.342     8.7363   3.426620    32.2150     0.0949     0.8795  1025.1782    1482.52  0.000e+00
   58.33432   11.88060     43.698     43.287     8.7363   3.426595    32.2147     0.0993     0.8795  1025.1777    1482.51  0.000e+00
   58.33432   11.88060     43.753     43.342     8.7365   3.426607    32.2147     0.0953     0.8795  1025.1779    1482.52  0.000e+00
   58.33432   11.88060     43.698     43.287     8.7365   3.426620    32.2148     0.0949     0.8795  1025.1778    1482.52  0.000e+00
   58.33432   11.88060     43.722     43.311     8.7363   3.426595    32.2147     0.0945     0.8795  1025.1778    1482.52  0.000e+00
   58.33432   11.88060     43.698     43.287     8.7363   3.426589    32.2147     0.0989     0.8795  1025.1777    1482.51  0.000e+00
   58.33432   11.88060     43.698     43.287     8.7365   3.426607    32.2147     0.0990     0.8795  1025.1777    1482.52  0.000e+00
   58.33432   11.88060     43.753     43.342     8.7362   3.426638    32.2152     0.0950     0.8795  1025.1784    1482.52  0.000e+00
   58.33432   11.88060     43.698     43.287     8.7363   3.426601    32.2148     0.0952     0.8795  1025.1778    1482.51  0.000e+00
   58.33432   11.88060     43.698     43.287     8.7363   3.426607    32.2149     0.1002     0.8917  1025.1779    1482.51  0.000e+00
   58.33432   11.88060     43.634     43.224     8.7363   3.426595    32.2147     0.0957     0.8917  1025.1775    1482.51  0.000e+00
   58.33432   11.88060     43.841     43.429     8.7363   3.426632    32.2150     0.0953     0.8917  1025.1787    1482.52  0.000e+00
   58.33432   11.88060     43.698     43.287     8.7363   3.426626    32.2150     0.0949     0.8917  1025.1780    1482.52  0.000e+00
   58.33432   11.88060     43.698     43.287     8.7365   3.426663    32.2153     0.0945     0.8917  1025.1782    1482.52  0.000e+00
   58.33432   11.88060     43.753     43.342     8.7365   3.426657    32.2151     0.0947     0.8917  1025.1783    1482.52  0.000e+00
   58.33432   11.88060     43.698     43.287     8.7366   3.426651    32.2150     0.0943     0.8917  1025.1779    1482.52  0.000e+00
   58.33432   11.88060     43.698     43.287     8.7366   3.426651    32.2150     0.0939     0.8917  1025.1779    1482.52  0.000e+00
   58.33432   11.88060     43.785     43.374     8.7367   3.426669    32.2151     0.0990     0.8917  1025.1784    1482.52  0.000e+00
   58.33432   11.88060     43.698     43.287     8.7366   3.426632    32.2148     0.0944     0.8917  1025.1778    1482.52  0.000e+00
   58.33432   11.88060     43.698     43.287     8.7366   3.426638    32.2149     0.0940     0.8917  1025.1778    1482.52  0.000e+00
   58.33432   11.88060     43.753     43.342     8.7368   3.426626    32.2145     0.0937     0.8917  1025.1778    1482.52  0.000e+00
   58.33432   11.88060     43.698     43.287     8.7366   3.426638    32.2149     0.0933     0.8917  1025.1778    1482.52  0.000e+00
   58.33432   11.88060     43.753     43.342     8.7366   3.426626    32.2147     0.0977     0.8917  1025.1780    1482.52  0.000e+00
   58.33432   11.88060     43.666     43.256     8.7367   3.426595    32.2144     0.0931     0.8917  1025.1773    1482.52  0.000e+00
   58.33432   11.88060     43.698     43.287     8.7366   3.426632    32.2148     0.0933     0.8917  1025.1778    1482.52  0.000e+00
   58.33432   11.88060     43.753     43.342     8.7370   3.426626    32.2144     0.0936     0.8917  1025.1777    1482.52  0.000e+00
   58.33432   11.88060     43.698     43.287     8.7368   3.426620    32.2145     0.0980     0.8917  1025.1775    1482.52  0.000e+00
   58.33432   11.88060     43.753     43.342     8.7365   3.426595    32.2145     0.0935     0.8917  1025.1778    1482.52  0.000e+00
   58.33432   11.88060     43.698     43.287     8.7366   3.426607    32.2145     0.0931     0.8917  1025.1776    1482.52  0.000e+00
   58.33432   11.88060     43.722     43.311     8.7365   3.426620    32.2147     0.0975     0.8917  1025.1779    1482.52  0.000e+00
   58.33432   11.88060     43.698     43.287     8.7365   3.426620    32.2148     0.0929     0.8917  1025.1778    1482.52  0.000e+00
   58.33432   11.88060     43.698     43.287     8.7363   3.426620    32.2150     0.0973     0.8917  1025.1780    1482.52  0.000e+00
   58.33432   11.88060     43.753     43.342     8.7363   3.426638    32.2151     0.0933     0.8917  1025.1783    1482.52  0.000e+00
   58.33432   11.88060     43.698     43.287     8.7366   3.426626    32.2147     0.0983     0.8917  1025.1777    1482.52  0.000e+00
   58.33432   11.88060     43.698     43.287     8.7365   3.426688    32.2155     0.0985     0.8795  1025.1784    1482.52  0.000e+00
   58.33432   11.88060     43.722     43.311     8.7367   3.426712    32.2156     0.0987     0.8917  1025.1785    1482.52  0.000e+00
   58.33432   11.88060     43.753     43.342     8.7366   3.426712    32.2156     0.0947     0.8795  1025.1787    1482.52  0.000e+00
   58.33432   11.88060     43.698     43.287     8.7368   3.426688    32.2152     0.0943     0.8795  1025.1781    1482.52  0.000e+00
   58.33432   11.88060     43.698     43.287     8.7368   3.426700    32.2153     0.0945     0.8795  1025.1782    1482.52  0.000e+00
   58.33432   11.88060     43.753     43.342     8.7370   3.426712    32.2153     0.0947     0.8795  1025.1784    1482.52  0.000e+00
   58.33432   11.88060     43.698     43.287     8.7371   3.426712    32.2152     0.0943     0.8795  1025.1780    1482.52  0.000e+00
   58.33432   11.88060     43.698     43.287     8.7375   3.426688    32.2146     0.0939     0.8795  1025.1775    1482.52  0.000e+00
   58.33432   11.88060     43.722     43.311     8.7373   3.426700    32.2149     0.0936     0.8795  1025.1778    1482.52  0.000e+00
   58.33432   11.88060     43.753     43.342     8.7373   3.426688    32.2148     0.0986     0.8795  1025.1779    1482.52  0.000e+00
   58.33432   11.88060     43.698     43.287     8.7371   3.426682    32.2149     0.0940     0.8795  1025.1778    1482.52  0.000e+00
   58.33432   11.88060     43.698     43.287     8.7370   3.426682    32.2150     0.0943     0.8795  1025.1779    1482.52  0.000e+00
   58.33432   11.88060     43.753     43.342     8.7370   3.426700    32.2152     0.0946     0.8795  1025.1783    1482.52  0.000e+00
   58.33432   11.88060     43.698     43.287     8.7368   3.426712    32.2155     0.0942     0.8795  1025.1783    1482.52  0.000e+00
   58.33432   11.88060     43.722     43.311     8.7368   3.426712    32.2154     0.0939     0.8795  1025.1784    1482.52  0.000e+00
   58.33432   11.88060     43.698     43.287     8.7368   3.426712    32.2155     0.0936     0.8795  1025.1783    1482.52  0.000e+00
   58.33432   11.88060     43.698     43.287     8.7368   3.426712    32.2155     0.0939     0.8795  1025.1783    1482.52  0.000e+00
   58.33432   11.88060     43.698     43.287     8.7365   3.426688    32.2155     0.0936     0.8795  1025.1783    1482.52  0.000e+00
   58.33432   11.88060     43.753     43.342     8.7366   3.426725    32.2157     0.0933     0.8795  1025.1788    1482.52  0.000e+00
   58.33432   11.88060     43.698     43.287     8.7366   3.426694    32.2154     0.0930     0.8795  1025.1783    1482.52  0.000e+00
   58.33432   11.88060     43.722     43.311     8.7367   3.426682    32.2153     0.0933     0.8795  1025.1782    1482.52  0.000e+00
   58.33432   11.88060     43.698     43.287     8.7366   3.426682    32.2153     0.0937     0.8795  1025.1782    1482.52  0.000e+00
   58.33432   11.88060     43.753     43.342     8.7366   3.426682    32.2153     0.0934     0.8795  1025.1784    1482.52  0.000e+00
   58.33432   11.88060     43.698     43.287     8.7365   3.426657    32.2151     0.0979     0.8795  1025.1781    1482.52  0.000e+00
   58.33432   11.88060     43.698     43.287     8.7366   3.426626    32.2147     0.0989     0.8673  1025.1777    1482.52  0.000e+00
   58.33432   11.88060     43.698     43.287     8.7366   3.426638    32.2149     0.0944     0.8551  1025.1778    1482.52  0.000e+00
   58.33432   11.88060     43.722     43.311     8.7365   3.426651    32.2151     0.0942     0.8551  1025.1781    1482.52  0.000e+00
   58.33432   11.88060     43.698     43.287     8.7368   3.426669    32.2151     0.0939     0.8551  1025.1780    1482.52  0.000e+00
   58.33432   11.88060     43.753     43.342     8.7365   3.426682    32.2154     0.0936     0.8551  1025.1785    1482.52  0.000e+00
   58.33432   11.88060     43.698     43.287     8.7365   3.426682    32.2154     0.0933     0.8551  1025.1783    1482.52  0.000e+00
   58.33432   11.88060     43.698     43.287     8.7368   3.426657    32.2149     0.0931     0.8551  1025.1778    1482.52  0.000e+00
   58.33432   11.88060     43.753     43.342     8.7370   3.426626    32.2144     0.0928     0.8551  1025.1777    1482.52  0.000e+00
   58.33432   11.88060     43.666     43.256     8.7368   3.426663    32.2150     0.0931     0.8551  1025.1777    1482.52  0.000e+00
   58.33432   11.88060     43.753     43.342     8.7368   3.426682    32.2152     0.0929     0.8551  1025.1783    1482.52  0.000e+00
   58.33432   11.88060     43.698     43.287     8.7368   3.426682    32.2152     0.0926     0.8551  1025.1781    1482.52  0.000e+00
   58.33432   11.88060     43.698     43.287     8.7370   3.426682    32.2150     0.0924     0.8551  1025.1779    1482.52  0.000e+00
   58.33432   11.88060     43.753     43.342     8.7367   3.426700    32.2154     0.0921     0.8551  1025.1785    1482.52  0.000e+00
   58.33432   11.88060     43.698     43.287     8.7366   3.426688    32.2154     0.0925     0.8551  1025.1782    1482.52  0.000e+00
   58.33432   11.88060     43.753     43.342     8.7365   3.426700    32.2156     0.0923     0.8551  1025.1787    1482.52  0.000e+00
   58.33432   11.88060     43.666     43.256     8.7367   3.426712    32.2156     0.0921     0.8551  1025.1783    1482.52  0.000e+00
   58.33432   11.88060     43.698     43.287     8.7366   3.426712    32.2156     0.0918     0.8551  1025.1784    1482.52  0.000e+00
   58.33432   11.88060     43.753     43.342     8.7368   3.426688    32.2152     0.0970     0.8551  1025.1783    1482.52  0.000e+00
   58.33432   11.88060     43.698     43.287     8.7370   3.426682    32.2150     0.0974     0.8551  1025.1779    1482.52  0.000e+00
