data/2020/st_C_conv.cnv
* Sea-Bird SBE 9 Data File:
* FileName = C:\Documents and Settings\Boat\Desktop\MAR440_TUES\st_C.hdr
* Software Version Seasave V 7.20a
* Temperature SN = 4766
* Conductivity SN = 3059
* Number of Bytes Per Scan = 34
* Number of Voltage Words = 5
* Number of Scans Averaged by the Deck Unit = 1
* NMEA Latitude = 58 19.61 N
* NMEA Longitude = 011 51.02 E
* NMEA UTC (Time) = Sep 22 2020  09:47:16
** StationNumber: st_B
** BottomDepth: 13
# nquan = 12
# nvalues = 12323                                 
# units = specified
# name 0 = latitude: Latitude [deg]
# name 1 = longitude: Longitude [deg]
# name 2 = prDM: Pressure, Digiquartz [db]
# name 3 = depSM: Depth [salt water, m]
# name 4 = t090C: Temperature [ITS-90, deg C]
# name 5 = c0S/m: Conductivity [S/m]
# name 6 = sal00: Salinity, Practical [PSU]
# name 7 = sbeox0ML/L: Oxygen, SBE 43 [ml/l]
# name 8 = flECO-AFL: Fluorescence, WET Labs ECO-AFL/FL [mg/m^3]
# name 9 = density00: Density [density, kg/m^3]
# name 10 = svCM: Sound Velocity [Chen-Millero, m/s]
# name 11 = flag:  0.000e+00
# span 0 =   58.32650,   58.32698                 
# span 1 =   11.84992,   11.85046                 
# span 2 =     -0.627,     13.807                 
# span 3 =     -0.621,     13.678                 
# span 4 =    13.0755,    16.0935                 
# span 5 =   0.122520,   3.398701                 
# span 6 =     0.7669,    28.3736                 
# span 7 =     0.5972,     7.3320                 
# span 8 =    -0.3171,     1.3801                 
# span 9 =   999.6946,  1021.3138                 
# span 10 =    1466.84,    1497.43                
# span 11 = 0.0000e+00, 0.0000e+00                
# interval = seconds: 0.0416667
# start_time = Sep 22 2020 11:47:18 [System UpLoad Time]
# bad_flag = -9.990e-29
*END*
[from data line 6497]
   58.32678   11.85004     12.214     12.100    13.4534   3.367656    27.8104     0.6212     0.3789  1020.8000    1493.42  0.000e+00
   58.32678   11.85004     12.206     12.092    13.4530   3.367607    27.8103     0.6227     0.3789  1020.7999    1493.42  0.000e+00
   58.32678   11.85004     12.158     12.045    13.4507   3.367502    27.8110     0.6238     0.3789  1020.8007    1493.41  0.000e+00
   58.32678   11.85004     12.206     12.092    13.4505   3.367472    27.8109     0.6208     0.3789  1020.8009    1493.41  0.000e+00
   58.32678   11.85004     12.214     12.100    13.4484   3.367638    27.8139     0.6217     0.3789  1020.8037    1493.41  0.000e+00
   58.32678   11.85004     12.150     12.037    13.4421   3.368252    27.8241     0.6227     0.3789  1020.8125    1493.40  0.000e+00
   58.32678   11.85004     12.206     12.092    13.4322   3.368805    27.8363     0.6282     0.3789  1020.8240    1493.38  0.000e+00
   58.32678   11.85004     12.214     12.100    13.4326   3.368670    27.8348     0.6298     0.3789  1020.8228    1493.38  0.000e+00
   58.32678   11.85004     12.206     12.092    13.4396   3.368092    27.8244     0.6268     0.4033  1020.8134    1493.39  0.000e+00
   58.32678   11.85004     12.158     12.045    13.4455   3.367656    27.8162     0.6319     0.4033  1020.8057    1493.40  0.000e+00
   58.32678   11.85004     12.206     12.092    13.4506   3.367472    27.8108     0.6333     0.4033  1020.8008    1493.41  0.000e+00
   58.32678   11.85004     12.214     12.100    13.4514   3.367441    27.8099     0.6348     0.4033  1020.8000    1493.42  0.000e+00
   58.32678   11.85004     12.150     12.037    13.4508   3.367509    27.8110     0.6316     0.4033  1020.8007    1493.41  0.000e+00
   58.32678   11.85004     12.214     12.100    13.4502   3.367558    27.8118     0.6367     0.4033  1020.8017    1493.41  0.000e+00
   58.32678   11.85004     12.206     12.092    13.4520   3.367539    27.8104     0.6379     0.4033  1020.8002    1493.42  0.000e+00
   58.32678   11.85004     12.158     12.045    13.4539   3.367515    27.8088     0.6387     0.4033  1020.7984    1493.42  0.000e+00
   58.32678   11.85004     12.206     12.092    13.4533   3.367613    27.8101     0.6396     0.4033  1020.7997    1493.42  0.000e+00
   58.32678   11.85004     12.095     11.982    13.4499   3.367834    27.8146     0.6405     0.4033  1020.8034    1493.42  0.000e+00
   58.32678   11.85004     12.269     12.155    13.4478   3.367939    27.8171     0.6415     0.4033  1020.8065    1493.41  0.000e+00
   58.32678   11.85004     12.214     12.100    13.4491   3.367914    27.8159     0.6425     0.4033  1020.8051    1493.42  0.000e+00
   58.32678   11.85004     12.206     12.092    13.4508   3.367803    27.8137     0.6430     0.4033  1020.8030    1493.42  0.000e+00
   58.32678   11.85004     12.158     12.045    13.4511   3.367754    27.8130     0.6436     0.4033  1020.8022    1493.42  0.000e+00
   58.32678   11.85004     12.206     12.092    13.4483   3.367834    27.8158     0.6443     0.4033  1020.8051    1493.41  0.000e+00
   58.32678   11.85004     12.158     12.045    13.4459   3.367939    27.8185     0.6492     0.4033  1020.8075    1493.41  0.000e+00
   58.32678   11.85004     12.206     12.092    13.4379   3.368363    27.8281     0.6461     0.4033  1020.8166    1493.39  0.000e+00
   58.32678   11.85004     12.158     12.045    13.4222   3.369204    27.8474     0.6511     0.4033  1020.8343    1493.36  0.000e+00
   58.32678   11.85004     12.206     12.092    13.4153   3.369456    27.8547     0.6523     0.4033  1020.8414    1493.35  0.000e+00
   58.32678   11.85004     12.214     12.100    13.4233   3.368713    27.8420     0.6486     0.4033  1020.8302    1493.36  0.000e+00
   58.32678   11.85004     12.150     12.037    13.4371   3.367718    27.8229     0.6533     0.4033  1020.8125    1493.38  0.000e+00
   58.32678   11.85004     12.214     12.100    13.4438   3.367128    27.8126     0.6496     0.4033  1020.8035    1493.39  0.000e+00
   58.32678   11.85004     12.206     12.092    13.4489   3.366888    27.8067     0.6502     0.4033  1020.7980    1493.40  0.000e+00
   58.32678   11.85004     12.158     12.045    13.4525   3.366655    27.8019     0.6542     0.4033  1020.7934    1493.41  0.000e+00
   58.32678   11.85004     12.206     12.092    13.4541   3.366446    27.7988     0.6505     0.3789  1020.7909    1493.41  0.000e+00
   58.32678   11.85004     12.158     12.045    13.4560   3.366495    27.7979     0.6507     0.3789  1020.7896    1493.42  0.000e+00
   58.32678   11.85004     12.206     12.092    13.4563   3.366606    27.7987     0.6547     0.3789  1020.7904    1493.42  0.000e+00
   58.32678   11.85004     12.158     12.045    13.4572   3.366624    27.7983     0.6548     0.3789  1020.7897    1493.42  0.000e+00
   58.32678   11.85004     12.206     12.092    13.4582   3.366741    27.7986     0.6505     0.3789  1020.7900    1493.43  0.000e+00
   58.32678   11.85004     12.214     12.100    13.4602   3.366796    27.7976     0.6544     0.3789  1020.7889    1493.43  0.000e+00
   58.32678   11.85004     12.150     12.037    13.4624   3.366857    27.7966     0.6544     0.3789  1020.7874    1493.44  0.000e+00
   58.32678   11.85004     12.214     12.100    13.4650   3.366913    27.7952     0.6548     0.3789  1020.7860    1493.45  0.000e+00
   58.32678   11.85004     12.206     12.092    13.4657   3.366814    27.7938     0.6552     0.3789  1020.7848    1493.45  0.000e+00
   58.32678   11.85004     12.158     12.045    13.4647   3.366544    27.7921     0.6556     0.3789  1020.7834    1493.44  0.000e+00
   58.32678   11.85004     12.206     12.092    13.4642   3.366323    27.7904     0.6556     0.3789  1020.7825    1493.44  0.000e+00
   58.32678   11.85004     12.158     12.045    13.4659   3.366145    27.7876     0.6559     0.3789  1020.7798    1493.44  0.000e+00
   58.32678   11.85004     12.206     12.092    13.4655   3.365961    27.7861     0.6520     0.3789  1020.7789    1493.44  0.000e+00
   58.32678   11.85004     12.214     12.100    13.4650   3.365856    27.7855     0.6557     0.3789  1020.7786    1493.43  0.000e+00
   58.32678   11.85004     12.150     12.037    13.4645   3.365758    27.7850     0.6560     0.3789  1020.7780    1493.43  0.000e+00
   58.32678   11.85004     12.214     12.100    13.4644   3.365764    27.7851     0.6516     0.3789  1020.7784    1493.43  0.000e+00
   58.32678   11.85004     12.150     12.037    13.4645   3.365739    27.7848     0.6509     0.3789  1020.7779    1493.43  0.000e+00
   58.32678   11.85004     12.214     12.100    13.4647   3.365672    27.7841     0.6507     0.3789  1020.7775    1493.43  0.000e+00
   58.32678   11.85004     12.150     12.037    13.4645   3.365709    27.7846     0.6505     0.3789  1020.7777    1493.43  0.000e+00
   58.32678   11.85004     12.214     12.100    13.4642   3.365715    27.7848     0.6503     0.3789  1020.7782    1493.43  0.000e+00
   58.32678   11.85004     12.206     12.092    13.4644   3.365727    27.7848     0.6539     0.3789  1020.7781    1493.43  0.000e+00
   58.32678   11.85004     12.094     11.982    13.4644   3.365672    27.7843     0.6494     0.3789  1020.7773    1493.43  0.000e+00
   58.32678   11.85004     12.269     12.155    13.4647   3.365641    27.7838     0.6530     0.3789  1020.7775    1493.43  0.000e+00
   58.32678   11.85004     12.206     12.092    13.4650   3.365740    27.7845     0.6531     0.3789  1020.7777    1493.43  0.000e+00
   58.32678   11.85004     12.158     12.045    13.4657   3.365819    27.7847     0.6489     0.3789  1020.7776    1493.43  0.000e+00
   58.32678   11.85004     12.206     12.092    13.4669   3.365819    27.7838     0.6482     0.3789  1020.7769    1493.44  0.000e+00
   58.32678   11.85004     12.158     12.045    13.4687   3.365893    27.7832     0.6478     0.3789  1020.7758    1493.44  0.000e+00
   58.32678   11.85004     12.206     12.092    13.4709   3.365979    27.7823     0.6517     0.3789  1020.7750    1493.45  0.000e+00
   58.32678   11.85004     12.158     12.045    13.4722   3.366126    27.7828     0.6518     0.3789  1020.7748    1493.45  0.000e+00
   58.32678   11.85004     12.206     12.092    13.4731   3.366132    27.7822     0.6514     0.3789  1020.7745    1493.46  0.000e+00
   58.32678   11.85004     12.213     12.100    13.4720   3.365973    27.7816     0.6514     0.3789  1020.7742    1493.45  0.000e+00
   58.32678   11.85004     12.150     12.037    13.4706   3.365776    27.7808     0.6472     0.3789  1020.7736    1493.45  0.000e+00
   58.32678   11.85004     12.213     12.100    13.4696   3.365672    27.7805     0.6468     0.3789  1020.7738    1493.44  0.000e+00
   58.32678   11.85004     12.206     12.092    13.4686   3.365709    27.7816     0.6464     0.3789  1020.7749    1493.44  0.000e+00
   58.32678   11.85004     12.158     12.045    13.4684   3.365807    27.7826     0.6460     0.3789  1020.7754    1493.44  0.000e+00
   58.32678   11.85004     12.206     12.092    13.4694   3.365844    27.7822     0.6455     0.3789  1020.7752    1493.44  0.000e+00
   58.32678   11.85004     12.213     12.100    13.4699   3.365862    27.7820     0.6451     0.3789  1020.7749    1493.45  0.000e+00
   58.32678   11.85004     12.150     12.037    13.4721   3.365875    27.7806     0.6447     0.3789  1020.7731    1493.45  0.000e+00
   58.32678   11.85004     12.213     12.100    13.4747   3.365844    27.7783     0.6442     0.3789  1020.7712    1493.46  0.000e+00
   58.32678   11.85004     12.150     12.037    13.4758   3.365782    27.7770     0.6438     0.3789  1020.7697    1493.46  0.000e+00
   58.32678   11.85004     12.213     12.100    13.4754   3.365746    27.7769     0.6438     0.3789  1020.7700    1493.46  0.000e+00
   58.32678   11.85004     12.206     12.092    13.4760   3.365709    27.7762     0.6434     0.3789  1020.7693    1493.46  0.000e+00
   58.32678   11.85004     12.158     12.045    13.4784   3.365666    27.7741     0.6434     0.3789  1020.7669    1493.46  0.000e+00
   58.32678   11.85004     12.206     12.092    13.4788   3.365641    27.7735     0.6393     0.3789  1020.7667    1493.47  0.000e+00
   58.32678   11.85004     12.213     12.100    13.4779   3.365764    27.7753     0.6427     0.3789  1020.7682    1493.46  0.000e+00
   58.32678   11.85004     12.150     12.037    13.4804   3.365770    27.7736     0.6428     0.3789  1020.7661    1493.47  0.000e+00
   58.32678   11.85004     12.213     12.100    13.4829   3.365702    27.7711     0.6425     0.3789  1020.7641    1493.48  0.000e+00
   58.32678   11.85004     12.206     12.092    13.4841   3.365850    27.7716     0.6421     0.3789  1020.7642    1493.48  0.000e+00
   58.32678   11.85004     12.158     12.045    13.4834   3.365942    27.7730     0.6422     0.4155  1020.7651    1493.48  0.000e+00
   58.32678   11.85004     12.206     12.092    13.4833   3.365874    27.7724     0.6419     0.4644  1020.7650    1493.48  0.000e+00
   58.32678   11.85004     12.213     12.100    13.4841   3.365770    27.7709     0.6416     0.4766  1020.7636    1493.48  0.000e+00
   58.32678   11.85004     12.150     12.037    13.4832   3.365856    27.7723     0.6418     0.4644  1020.7646    1493.48  0.000e+00
   58.32678   11.85004     12.213     12.100    13.4801   3.365948    27.7754     0.6420     0.4644  1020.7679    1493.47  0.000e+00
   58.32678   11.85004     12.206     12.092    13.4799   3.365844    27.7746     0.6417     0.4644  1020.7673    1493.47  0.000e+00
   58.32678   11.85004     12.158     12.045    13.4828   3.365610    27.7704     0.6419     0.4644  1020.7633    1493.47  0.000e+00
   58.32678   11.85004     12.206     12.092    13.4883   3.365469    27.7651     0.6420     0.4644  1020.7583    1493.49  0.000e+00
   58.32678   11.85004     12.213     12.100    13.4881   3.365543    27.7659     0.6422     0.4644  1020.7590    1493.49  0.000e+00
   58.32678   11.85004     12.206     12.092    13.4840   3.365745    27.7708     0.6425     0.4644  1020.7635    1493.48  0.000e+00
   58.32678   11.85004     12.158     12.045    13.4822   3.365813    27.7727     0.6428     0.4644  1020.7651    1493.48  0.000e+00
   58.32678   11.85004     12.269     12.155    13.4848   3.365690    27.7696     0.6430     0.4644  1020.7628    1493.48  0.000e+00
   58.32678   11.85004     12.158     12.045    13.4896   3.365549    27.7649     0.6433     0.4644  1020.7577    1493.49  0.000e+00
   58.32678   11.85004     12.206     12.092    13.4890   3.365573    27.7656     0.6431     0.4644  1020.7586    1493.49  0.000e+00
   58.32678   11.85004     12.158     12.045    13.4865   3.365629    27.7679     0.6435     0.4644  1020.7606    1493.48  0.000e+00
   58.32678   11.85004     12.205     12.092    13.4841   3.365672    27.7700     0.6481     0.4644  1020.7629    1493.48  0.000e+00
   58.32678   11.85004     12.213     12.100    13.4835   3.365739    27.7710     0.6484     0.4644  1020.7638    1493.48  0.000e+00
   58.32678   11.85004     12.205     12.092    13.4858   3.365795    27.7699     0.6444     0.4644  1020.7625    1493.48  0.000e+00
   58.32678   11.85004     12.213     12.100    13.4888   3.365813    27.7679     0.6442     0.4644  1020.7604    1493.49  0.000e+00
   58.32678   11.85004     12.150     12.037    13.4912   3.365807    27.7661     0.6440     0.4644  1020.7583    1493.50  0.000e+00
   58.32678   11.85004     12.277     12.162    13.4917   3.365678    27.7645     0.6439     0.4644  1020.7576    1493.50  0.000e+00
   58.32678   11.85004     12.150     12.037    13.4969   3.365444    27.7586     0.6442     0.4644  1020.7515    1493.51  0.000e+00
   58.32678   11.85004     12.205     12.092    13.5005   3.365346    27.7551     0.6440     0.4644  1020.7483    1493.52  0.000e+00
   58.32678   11.85004     12.158     12.045    13.5009   3.365438    27.7557     0.6443     0.4644  1020.7485    1493.52  0.000e+00
   58.32678   11.85004     12.269     12.155    13.5009   3.365586    27.7570     0.6447     0.4522  1020.7499    1493.52  0.000e+00
   58.32678   11.85004     12.158     12.045    13.4988   3.365702    27.7596     0.6446     0.4277  1020.7518    1493.52  0.000e+00
   58.32678   11.85004     12.205     12.092    13.4970   3.365715    27.7610     0.6445     0.4155  1020.7535    1493.51  0.000e+00
   58.32678   11.85004     12.213     12.100    13.4942   3.365727    27.7632     0.6445     0.4155  1020.7558    1493.51  0.000e+00
   58.32678   11.85004     12.205     12.092    13.4928   3.365672    27.7637     0.6448     0.4155  1020.7564    1493.50  0.000e+00
   58.32678   11.85004     12.213     12.100    13.4977   3.365616    27.7596     0.6452     0.4155  1020.7523    1493.51  0.000e+00
   58.32678   11.85004     12.150     12.037    13.5024   3.365616    27.7562     0.6455     0.4155  1020.7485    1493.52  0.000e+00
   58.32678   11.85004     12.213     12.100    13.5040   3.365500    27.7539     0.6459     0.4155  1020.7467    1493.53  0.000e+00
   58.32678   11.85004     12.205     12.092    13.5060   3.365401    27.7516     0.6459     0.4155  1020.7445    1493.53  0.000e+00
   58.32678   11.85004     12.213     12.100    13.5169   3.365143    27.7414     0.6458     0.4155  1020.7346    1493.56  0.000e+00
   58.32678   11.85004     12.205     12.092    13.5292   3.364799    27.7293     0.6456     0.4155  1020.7229    1493.58  0.000e+00
   58.32678   11.85004     12.158     12.045    13.5376   3.364504    27.7206     0.6455     0.4277  1020.7143    1493.60  0.000e+00
   58.32678   11.85004     12.269     12.155    13.5488   3.364191    27.7096     0.6454     0.4155  1020.7042    1493.63  0.000e+00
   58.32678   11.85004     12.158     12.045    13.5591   3.363884    27.6994     0.6453     0.4155  1020.6938    1493.65  0.000e+00
   58.32678   11.85004     12.269     12.155    13.5636   3.363847    27.6957     0.6452     0.4155  1020.6907    1493.66  0.000e+00
