data/2020/st_C_conv.cnv
* Sea-Bird SBE 9 Data File:
* FileName = C:\Documents and Settings\Boat\Desktop\MAR440_TUES\st_C.hdr
* Software Version Seasave V 7.20a
* Temperature SN = 4766
* Conductivity SN = 3059
* Number of Bytes Per Scan = 34
* Number of Voltage Words = 5
* Number of Scans Averaged by the Deck Unit = 1
* NMEA Latitude = 58 19.61 N
* NMEA Longitude = 011 51.02 E
* NMEA UTC (Time) = Sep 22 2020  09:47:16
** StationNumber: st_B
** BottomDepth: 13
# nquan = 12
# nvalues = 12323                                 
# units = specified
# name 0 = latitude: Latitude [deg]
# name 1 = longitude: Longitude [deg]
# name 2 = prDM: Pressure, Digiquartz [db]
# name 3 = depSM: Depth [salt water, m]
# name 4 = t090C: Temperature [ITS-90, deg C]
# name 5 = c0S/m: Conductivity [S/m]
# name 6 = sal00: Salinity, Practical [PSU]
# name 7 = sbeox0ML/L: Oxygen, SBE 43 [ml/l]
# name 8 = flECO-AFL: Fluorescence, WET Labs ECO-AFL/FL [mg/m^3]
# name 9 = density00: Density [density, kg/m^3]
# name 10 = svCM: Sound Velocity [Chen-Millero, m/s]
# name 11 = flag:  0.000e+00
# span 0 =   58.32650,   58.32698                 
# span 1 =   11.84992,   11.85046                 
# span 2 =     -0.627,     13.807                 
# span 3 =     -0.621,     13.678                 
# span 4 =    13.0755,    16.0935                 
# span 5 =   0.122520,   3.398701                 
# span 6 =     0.7669,    28.3736                 
# span 7 =     0.5972,     7.3320                 
# span 8 =    -0.3171,     1.3801                 
# span 9 =   999.6946,  1021.3138                 
# span 10 =    1466.84,    1497.43                
# span 11 = 0.0000e+00, 0.0000e+00                
# interval = seconds: 0.0416667
# start_time = Sep 22 2020 11:47:18 [System UpLoad Time]
# bad_flag = -9.990e-29
*END*
[from data line 10346]
   58.32656   11.85002      2.075      2.056    15.6574   2.922981    22.4783     5.6649     1.1359  1016.2210    1494.32  0.000e+00
   58.32656   11.85002      1.964      1.946    15.6573   2.922992    22.4785     5.6646     1.1359  1016.2207    1494.31  0.000e+00
   58.32656   11.85002      2.075      2.056    15.6571   2.922969    22.4783     5.6640     1.1359  1016.2212    1494.31  0.000e+00
   58.32656   11.85002      2.020      2.001    15.6572   2.923010    22.4786     5.6637     1.1359  1016.2211    1494.31  0.000e+00
   58.32656   11.85002      2.020      2.001    15.6571   2.922992    22.4786     5.6634     1.1359  1016.2211    1494.31  0.000e+00
   58.32656   11.85002      2.020      2.001    15.6569   2.922951    22.4783     5.6630     1.1359  1016.2209    1494.31  0.000e+00
   58.32656   11.85002      2.075      2.056    15.6571   2.922934    22.4780     5.6626     1.1359  1016.2209    1494.31  0.000e+00
   58.32656   11.85002      1.964      1.946    15.6576   2.922911    22.4776     5.6662     1.1359  1016.2200    1494.31  0.000e+00
   58.32656   11.85002      2.075      2.056    15.6571   2.922818    22.4771     5.6663     1.1359  1016.2202    1494.31  0.000e+00
   58.32656   11.85002      2.020      2.001    15.6561   2.922649    22.4762     5.6621     1.1359  1016.2195    1494.31  0.000e+00
   58.32656   11.85002      2.020      2.001    15.6557   2.922434    22.4746     5.6616     1.1359  1016.2183    1494.30  0.000e+00
   58.32656   11.85002      2.075      2.056    15.6568   2.922364    22.4734     5.6614     1.1359  1016.2175    1494.31  0.000e+00
   58.32656   11.85002      2.020      2.001    15.6571   2.922474    22.4742     5.6611     1.1359  1016.2177    1494.31  0.000e+00
   58.32656   11.85002      2.020      2.001    15.6580   2.922544    22.4743     5.6603     1.1359  1016.2176    1494.31  0.000e+00
   58.32656   11.85002      2.075      2.056    15.6564   2.922410    22.4740     5.6603     1.1359  1016.2180    1494.31  0.000e+00
   58.32656   11.85002      2.020      2.001    15.6552   2.922294    22.4737     5.6643     1.1359  1016.2177    1494.30  0.000e+00
   58.32656   11.85002      1.964      1.946    15.6517   2.922114    22.4742     5.6606     1.1359  1016.2186    1494.29  0.000e+00
   58.32656   11.85002      2.020      2.001    15.6513   2.922119    22.4745     5.6645     1.1359  1016.2191    1494.29  0.000e+00
   58.32656   11.85002      2.075      2.056    15.6533   2.922329    22.4751     5.6601     1.1359  1016.2194    1494.30  0.000e+00
   58.32656   11.85002      2.020      2.001    15.6542   2.922469    22.4758     5.6638     1.1359  1016.2195    1494.30  0.000e+00
   58.32656   11.85002      2.020      2.001    15.6547   2.922550    22.4762     5.6637     1.1237  1016.2197    1494.30  0.000e+00
   58.32656   11.85002      2.075      2.056    15.6554   2.922678    22.4768     5.6635     1.1237  1016.2203    1494.31  0.000e+00
   58.32656   11.85002      2.020      2.001    15.6564   2.922725    22.4767     5.6633     1.1237  1016.2198    1494.31  0.000e+00
   58.32656   11.85002      2.075      2.056    15.6568   2.922759    22.4768     5.6636     1.1237  1016.2200    1494.31  0.000e+00
   58.32656   11.85002      2.020      2.001    15.6568   2.922736    22.4766     5.6676     1.1237  1016.2196    1494.31  0.000e+00
   58.32656   11.85002      2.020      2.001    15.6563   2.922719    22.4767     5.6637     1.1237  1016.2198    1494.31  0.000e+00
   58.32656   11.85002      2.020      2.001    15.6561   2.922672    22.4764     5.6639     1.1237  1016.2196    1494.31  0.000e+00
   58.32656   11.85002      2.020      2.001    15.6552   2.922527    22.4757     5.6684     1.1237  1016.2192    1494.30  0.000e+00
   58.32656   11.85002      2.020      2.001    15.6497   2.922230    22.4763     5.6654     1.1237  1016.2209    1494.29  0.000e+00
   58.32656   11.85002      2.020      2.001    15.6457   2.921933    22.4761     5.6660     1.1237  1016.2215    1494.27  0.000e+00
   58.32656   11.85002      2.075      2.056    15.6457   2.921957    22.4762     5.6666     1.1115  1016.2218    1494.28  0.000e+00
   58.32656   11.85002      2.020      2.001    15.6486   2.922125    22.4760     5.6663     1.1237  1016.2209    1494.28  0.000e+00
   58.32656   11.85002      2.020      2.001    15.6513   2.922346    22.4764     5.6702     1.1237  1016.2206    1494.29  0.000e+00
   58.32656   11.85002      2.075      2.056    15.6517   2.922311    22.4758     5.6707     1.1115  1016.2203    1494.29  0.000e+00
   58.32656   11.85002      2.020      2.001    15.6489   2.921928    22.4742     5.6715     1.1237  1016.2194    1494.28  0.000e+00
   58.32656   11.85002      2.020      2.001    15.6442   2.921509    22.4733     5.6725     1.1115  1016.2197    1494.27  0.000e+00
   58.32656   11.85002      2.020      2.001    15.6384   2.921206    22.4741     5.6735     1.1237  1016.2214    1494.25  0.000e+00
   58.32656   11.85002      2.020      2.001    15.6406   2.920950    22.4706     5.6695     1.1115  1016.2184    1494.25  0.000e+00
   58.32656   11.85002      2.075      2.056    15.6403   2.920200    22.4644     5.6697     1.1237  1016.2139    1494.24  0.000e+00
   58.32656   11.85002      2.020      2.001    15.6307   2.919159    22.4611     5.6709     1.1237  1016.2130    1494.21  0.000e+00
   58.32656   11.85002      2.020      2.001    15.6273   2.918874    22.4606     5.6712     1.1237  1016.2134    1494.20  0.000e+00
   58.32656   11.85002      2.075      2.056    15.6314   2.919229    22.4612     5.6706     1.1237  1016.2133    1494.21  0.000e+00
   58.32656   11.85002      2.020      2.001    15.6302   2.919229    22.4619     5.6705     1.1237  1016.2138    1494.21  0.000e+00
   58.32656   11.85002      2.020      2.001    15.6283   2.919229    22.4630     5.6705     1.1237  1016.2150    1494.20  0.000e+00
   58.32656   11.85002      2.020      2.001    15.6304   2.919630    22.4652     5.6700     1.1115  1016.2163    1494.21  0.000e+00
   58.32656   11.85002      2.075      2.056    15.6345   2.920101    22.4669     5.6693     1.1115  1016.2170    1494.23  0.000e+00
   58.32656   11.85002      2.020      2.001    15.6346   2.920276    22.4683     5.6690     1.1115  1016.2178    1494.23  0.000e+00
   58.32656   11.85002      2.020      2.001    15.6341   2.920281    22.4686     5.6684     1.1115  1016.2181    1494.23  0.000e+00
   58.32656   11.85002      2.020      2.001    15.6341   2.920130    22.4674     5.6682     1.1115  1016.2172    1494.23  0.000e+00
   58.32656   11.85002      2.075      2.056    15.6320   2.919921    22.4667     5.6682     1.1115  1016.2174    1494.22  0.000e+00
   58.32656   11.85002      2.020      2.001    15.6338   2.920113    22.4674     5.6677     1.0993  1016.2173    1494.23  0.000e+00
   58.32656   11.85002      2.020      2.001    15.6392   2.920659    22.4689     5.6708     1.1115  1016.2173    1494.24  0.000e+00
   58.32656   11.85002      2.020      2.001    15.6427   2.921014    22.4700     5.6704     1.1115  1016.2174    1494.26  0.000e+00
   58.32656   11.85002      2.020      2.001    15.6437   2.921148    22.4706     5.6703     1.1115  1016.2177    1494.26  0.000e+00
   58.32656   11.85002      2.020      2.001    15.6453   2.921328    22.4712     5.6701     1.0993  1016.2178    1494.27  0.000e+00
   58.32656   11.85002      2.075      2.056    15.6464   2.921503    22.4720     5.6699     1.1115  1016.2185    1494.27  0.000e+00
   58.32656   11.85002      2.020      2.001    15.6445   2.921241    22.4709     5.6704     1.1115  1016.2177    1494.26  0.000e+00
   58.32656   11.85002      2.020      2.001    15.6342   2.920258    22.4684     5.6721     1.1115  1016.2179    1494.23  0.000e+00
   58.32656   11.85002      2.020      2.001    15.6285   2.919566    22.4657     5.6727     1.1115  1016.2171    1494.21  0.000e+00
   58.32656   11.85002      2.075      2.056    15.6300   2.919572    22.4650     5.6725     1.1115  1016.2164    1494.21  0.000e+00
   58.32656   11.85002      2.020      2.001    15.6329   2.920090    22.4677     5.6718     1.1115  1016.2177    1494.22  0.000e+00
   58.32656   11.85002      2.020      2.001    15.6377   2.920526    22.4687     5.6751     1.1115  1016.2174    1494.24  0.000e+00
   58.32656   11.85002      2.020      2.001    15.6388   2.920764    22.4701     5.6751     1.1115  1016.2183    1494.24  0.000e+00
   58.32656   11.85002      2.020      2.001    15.6416   2.921136    22.4716     5.6706     1.0993  1016.2189    1494.26  0.000e+00
   58.32656   11.85002      2.020      2.001    15.6438   2.921433    22.4729     5.6704     1.1115  1016.2194    1494.26  0.000e+00
   58.32656   11.85000      2.075      2.056    15.6474   2.921672    22.4728     5.6738     1.1115  1016.2189    1494.28  0.000e+00
   58.32656   11.85000      2.020      2.001    15.6513   2.921875    22.4724     5.6695     1.1115  1016.2175    1494.29  0.000e+00
   58.32656   11.85000      2.020      2.001    15.6557   2.922067    22.4715     5.6728     1.1115  1016.2159    1494.30  0.000e+00
   58.32656   11.85000      2.020      2.001    15.6600   2.922416    22.4720     5.6684     1.0993  1016.2155    1494.32  0.000e+00
   58.32656   11.85000      2.075      2.056    15.6601   2.922725    22.4746     5.6683     1.0993  1016.2177    1494.32  0.000e+00
   58.32656   11.85000      1.964      1.946    15.6626   2.922992    22.4755     5.6678     1.0993  1016.2174    1494.33  0.000e+00
   58.32656   11.85000      2.075      2.056    15.6661   2.923306    22.4761     5.6673     1.0993  1016.2176    1494.34  0.000e+00
   58.32656   11.85000      2.020      2.001    15.6675   2.923545    22.4773     5.6711     1.0871  1016.2180    1494.35  0.000e+00
   58.32656   11.85000      2.075      2.056    15.6682   2.923772    22.4789     5.6716     1.0993  1016.2193    1494.35  0.000e+00
   58.32656   11.85000      1.964      1.946    15.6673   2.923830    22.4799     5.6718     1.0993  1016.2198    1494.35  0.000e+00
   58.32656   11.85000      2.075      2.056    15.6663   2.923714    22.4794     5.6722     1.0871  1016.2201    1494.35  0.000e+00
   58.32656   11.85000      2.020      2.001    15.6651   2.923586    22.4791     5.6687     1.0993  1016.2199    1494.34  0.000e+00
   58.32656   11.85000      2.020      2.001    15.6644   2.923504    22.4787     5.6686     1.0993  1016.2197    1494.34  0.000e+00
   58.32656   11.85000      2.020      2.001    15.6639   2.923498    22.4790     5.6725     1.0993  1016.2201    1494.34  0.000e+00
   58.32656   11.85000      2.075      2.056    15.6641   2.923551    22.4793     5.6726     1.0993  1016.2205    1494.34  0.000e+00
   58.32656   11.85000      2.020      2.001    15.6647   2.923638    22.4797     5.6726     1.0871  1016.2204    1494.34  0.000e+00
   58.32656   11.85000      2.020      2.001    15.6649   2.923696    22.4801     5.6771     1.0993  1016.2207    1494.34  0.000e+00
   58.32656   11.85000      2.020      2.001    15.6651   2.923760    22.4806     5.6779     1.0993  1016.2210    1494.34  0.000e+00
   58.32656   11.85000      2.075      2.056    15.6649   2.923853    22.4814     5.6745     1.0993  1016.2219    1494.34  0.000e+00
   58.32656   11.85000      2.020      2.001    15.6654   2.923929    22.4818     5.6748     1.0993  1016.2219    1494.34  0.000e+00
   58.32656   11.85000      2.020      2.001    15.6671   2.924039    22.4817     5.6749     1.0993  1016.2215    1494.35  0.000e+00
   58.32656   11.85000      2.020      2.001    15.6671   2.924057    22.4819     5.6790     1.0993  1016.2216    1494.35  0.000e+00
   58.32656   11.85000      2.075      2.056    15.6663   2.923987    22.4818     5.6752     1.0993  1016.2219    1494.35  0.000e+00
   58.32656   11.85000      2.020      2.001    15.6661   2.923929    22.4814     5.6792     1.0993  1016.2214    1494.35  0.000e+00
   58.32656   11.85000      2.020      2.001    15.6653   2.923830    22.4810     5.6795     1.0993  1016.2213    1494.34  0.000e+00
   58.32656   11.85000      2.020      2.001    15.6640   2.923621    22.4799     5.6798     1.0871  1016.2207    1494.34  0.000e+00
   58.32656   11.85000      2.075      2.056    15.6631   2.923498    22.4795     5.6801     1.0993  1016.2208    1494.33  0.000e+00
   58.32656   11.85000      1.964      1.946    15.6632   2.923463    22.4791     5.6800     1.0871  1016.2200    1494.33  0.000e+00
   58.32656   11.85000      2.075      2.056    15.6641   2.923516    22.4790     5.6800     1.0993  1016.2203    1494.34  0.000e+00
   58.32656   11.85000      2.020      2.001    15.6644   2.923510    22.4788     5.6798     1.0993  1016.2198    1494.34  0.000e+00
   58.32656   11.85000      2.020      2.001    15.6636   2.923469    22.4789     5.6798     1.0993  1016.2201    1494.33  0.000e+00
   58.32656   11.85000      2.020      2.001    15.6631   2.923394    22.4786     5.6797     1.0993  1016.2199    1494.33  0.000e+00
   58.32656   11.85000      2.020      2.001    15.6627   2.923231    22.4774     5.6796     1.0871  1016.2191    1494.33  0.000e+00
   58.32656   11.85000      2.020      2.001    15.6628   2.923260    22.4776     5.6793     1.0871  1016.2192    1494.33  0.000e+00
   58.32656   11.85000      2.075      2.056    15.6634   2.923394    22.4784     5.6790     1.0993  1016.2199    1494.33  0.000e+00
   58.32656   11.85000      2.020      2.001    15.6638   2.923341    22.4777     5.6831     1.0993  1016.2191    1494.33  0.000e+00
   58.32656   11.85000      2.020      2.001    15.6632   2.923300    22.4777     5.6836     1.0993  1016.2192    1494.33  0.000e+00
   58.32656   11.85000      2.020      2.001    15.6622   2.923266    22.4780     5.6799     1.0993  1016.2196    1494.33  0.000e+00
   58.32656   11.85000      2.020      2.001    15.6608   2.923318    22.4792     5.6799     1.0871  1016.2208    1494.33  0.000e+00
   58.32656   11.85000      2.020      2.001    15.6598   2.923271    22.4794     5.6799     1.0993  1016.2212    1494.32  0.000e+00
   58.32656   11.85000      2.020      2.001    15.6578   2.923196    22.4799     5.6800     1.0993  1016.2220    1494.32  0.000e+00
   58.32656   11.85000      2.020      2.001    15.6585   2.923167    22.4793     5.6797     1.0993  1016.2213    1494.32  0.000e+00
   58.32656   11.85000      2.020      2.001    15.6595   2.923132    22.4784     5.6836     1.0993  1016.2204    1494.32  0.000e+00
   58.32656   11.85000      2.075      2.056    15.6613   2.923318    22.4789     5.6794     1.0993  1016.2207    1494.33  0.000e+00
   58.32656   11.85000      2.019      2.001    15.6636   2.923615    22.4802     5.6787     1.0993  1016.2210    1494.34  0.000e+00
   58.32656   11.85000      2.019      2.001    15.6652   2.923795    22.4807     5.6786     1.0871  1016.2211    1494.34  0.000e+00
   58.32656   11.85000      2.019      2.001    15.6663   2.923754    22.4798     5.6786     1.0993  1016.2202    1494.34  0.000e+00
   58.32656   11.85000      1.964      1.946    15.6669   2.923620    22.4783     5.6781     1.0993  1016.2187    1494.34  0.000e+00
   58.32656   11.85000      2.075      2.056    15.6679   2.923446    22.4763     5.6778     1.0993  1016.2174    1494.35  0.000e+00
   58.32656   11.85000      2.019      2.001    15.6671   2.923376    22.4761     5.6778     1.0993  1016.2172    1494.34  0.000e+00
   58.32656   11.85000      2.019      2.001    15.6665   2.923440    22.4770     5.6774     1.0993  1016.2180    1494.34  0.000e+00
   58.32656   11.85000      2.019      2.001    15.6647   2.923492    22.4785     5.6775     1.0871  1016.2195    1494.34  0.000e+00
   58.32656   11.85000      2.020      2.001    15.6631   2.923469    22.4792     5.6730     1.1481  1016.2204    1494.33  0.000e+00
   58.32656   11.85000      2.020      2.001    15.6628   2.923394    22.4787     5.6722     1.1970  1016.2200    1494.33  0.000e+00
   58.32656   11.85000      2.020      2.001    15.6622   2.923388    22.4790     5.6713     1.2092  1016.2204    1494.33  0.000e+00
