data/2020/st_C_conv.cnv
* Sea-Bird SBE 9 Data File:
* FileName = C:\Documents and Settings\Boat\Desktop\MAR440_TUES\st_C.hdr
* Software Version Seasave V 7.20a
* Temperature SN = 4766
* Conductivity SN = 3059
* Number of Bytes Per Scan = 34
* Number of Voltage Words = 5
* Number of Scans Averaged by the Deck Unit = 1
* NMEA Latitude = 58 19.61 N
* NMEA Longitude = 011 51.02 E
* NMEA UTC (Time) = Sep 22 2020  09:47:16
** StationNumber: st_B
** BottomDepth: 13
# nquan = 12
# nvalues = 12323                                 
# units = specified
# name 0 = latitude: Latitude [deg]
# name 1 = longitude: Longitude [deg]
# name 2 = prDM: Pressure, Digiquartz [db]
# name 3 = depSM: Depth [salt water, m]
# name 4 = t090C: Temperature [ITS-90, deg C]
# name 5 = c0S/m: Conductivity [S/m]
# name 6 = sal00: Salinity, Practical [PSU]
# name 7 = sbeox0ML/L: Oxygen, SBE 43 [ml/l]
# name 8 = flECO-AFL: Fluorescence, WET Labs ECO-AFL/FL [mg/m^3]
# name 9 = density00: Density [density, kg/m^3]
# name 10 = svCM: Sound Velocity [Chen-Millero, m/s]
# name 11 = flag:  0.000e+00
# span 0 =   58.32650,   58.32698                 
# span 1 =   11.84992,   11.85046                 
# span 2 =     -0.627,     13.807                 
# span 3 =     -0.621,     13.678                 
# span 4 =    13.0755,    16.0935                 
# span 5 =   0.122520,   3.398701                 
# span 6 =     0.7669,    28.3736                 
# span 7 =     0.5972,     7.3320                 
# span 8 =    -0.3171,     1.3801                 
# span 9 =   999.6946,  1021.3138                 
# span 10 =    1466.84,    1497.43                
# span 11 = 0.0000e+00, 0.0000e+00                
# interval = seconds: 0.0416667
# start_time = Sep 22 2020 11:47:18 [System UpLoad Time]
# bad_flag = -9.990e-29
*END*
[from data line 8301]
   58.32666   11.85010     12.678     12.560    13.2797   3.386907    28.1140     0.6227     0.4155  1021.0696    1493.20  0.000e+00
   58.32666   11.85010     12.622     12.505    13.2764   3.387215    28.1193     0.6231     0.3911  1021.0741    1493.20  0.000e+00
   58.32666   11.85010     12.678     12.560    13.2719   3.387566    28.1258     0.6234     0.3911  1021.0802    1493.19  0.000e+00
   58.32666   11.85010     12.686     12.568    13.2680   3.387886    28.1316     0.6234     0.3911  1021.0854    1493.19  0.000e+00
   58.32666   11.85010     12.678     12.560    13.2667   3.387984    28.1335     0.6237     0.3911  1021.0871    1493.18  0.000e+00
   58.32666   11.85010     12.622     12.505    13.2672   3.387923    28.1326     0.6236     0.3911  1021.0861    1493.18  0.000e+00
   58.32666   11.85010     12.678     12.560    13.2695   3.387855    28.1302     0.6235     0.3911  1021.0840    1493.19  0.000e+00
   58.32666   11.85010     12.622     12.505    13.2705   3.387793    28.1289     0.6234     0.3911  1021.0826    1493.19  0.000e+00
   58.32666   11.85010     12.678     12.560    13.2709   3.387781    28.1285     0.6233     0.3911  1021.0825    1493.19  0.000e+00
   58.32666   11.85010     12.614     12.497    13.2690   3.388027    28.1322     0.6232     0.3911  1021.0854    1493.19  0.000e+00
   58.32666   11.85010     12.686     12.568    13.2677   3.388132    28.1341     0.6231     0.3911  1021.0874    1493.19  0.000e+00
   58.32666   11.85010     12.678     12.560    13.2674   3.387960    28.1328     0.6231     0.3911  1021.0864    1493.18  0.000e+00
   58.32666   11.85010     12.622     12.505    13.2699   3.387695    28.1285     0.6229     0.4033  1021.0824    1493.19  0.000e+00
   58.32666   11.85010     12.678     12.560    13.2724   3.387467    28.1246     0.6228     0.3911  1021.0791    1493.19  0.000e+00
   58.32666   11.85010     12.686     12.568    13.2734   3.387436    28.1235     0.6275     0.3911  1021.0782    1493.19  0.000e+00
   58.32666   11.85010     12.614     12.497    13.2741   3.387387    28.1226     0.6235     0.3911  1021.0770    1493.19  0.000e+00
   58.32666   11.85010     12.686     12.568    13.2762   3.387264    28.1198     0.6234     0.3911  1021.0748    1493.20  0.000e+00
   58.32666   11.85010     12.614     12.497    13.2762   3.387252    28.1198     0.6238     0.3911  1021.0744    1493.20  0.000e+00
   58.32666   11.85010     12.686     12.568    13.2744   3.387399    28.1224     0.6237     0.3911  1021.0771    1493.20  0.000e+00
   58.32666   11.85010     12.678     12.560    13.2724   3.387720    28.1269     0.6241     0.3911  1021.0809    1493.19  0.000e+00
   58.32666   11.85010     12.686     12.568    13.2707   3.387880    28.1296     0.6241     0.3911  1021.0833    1493.19  0.000e+00
   58.32666   11.85010     12.614     12.497    13.2693   3.387904    28.1308     0.6245     0.3911  1021.0843    1493.19  0.000e+00
   58.32666   11.85010     12.686     12.568    13.2693   3.387923    28.1311     0.6245     0.3911  1021.0848    1493.19  0.000e+00
   58.32666   11.85010     12.678     12.560    13.2680   3.387910    28.1319     0.6245     0.3911  1021.0856    1493.19  0.000e+00
   58.32666   11.85010     12.622     12.505    13.2672   3.387763    28.1311     0.6244     0.3911  1021.0849    1493.18  0.000e+00
   58.32666   11.85010     12.678     12.560    13.2693   3.387535    28.1274     0.6244     0.3789  1021.0819    1493.18  0.000e+00
   58.32666   11.85010     12.686     12.568    13.2716   3.387479    28.1253     0.6243     0.3789  1021.0799    1493.19  0.000e+00
   58.32666   11.85010     12.614     12.497    13.2731   3.387405    28.1235     0.6243     0.3789  1021.0779    1493.19  0.000e+00
   58.32666   11.85010     12.686     12.568    13.2744   3.387362    28.1221     0.6242     0.3789  1021.0768    1493.20  0.000e+00
   58.32666   11.85010     12.614     12.497    13.2745   3.387492    28.1232     0.6242     0.3789  1021.0774    1493.20  0.000e+00
   58.32666   11.85010     12.686     12.568    13.2721   3.387492    28.1250     0.6242     0.3789  1021.0796    1493.19  0.000e+00
   58.32666   11.85010     12.614     12.497    13.2719   3.387270    28.1231     0.6241     0.3789  1021.0778    1493.19  0.000e+00
   58.32666   11.85010     12.686     12.568    13.2737   3.387184    28.1210     0.6241     0.3789  1021.0761    1493.19  0.000e+00
   58.32666   11.85010     12.614     12.497    13.2737   3.387319    28.1222     0.6283     0.3789  1021.0768    1493.19  0.000e+00
   58.32666   11.85010     12.678     12.560    13.2716   3.387559    28.1260     0.6245     0.3789  1021.0804    1493.19  0.000e+00
   58.32666   11.85010     12.622     12.505    13.2703   3.387535    28.1268     0.6244     0.3789  1021.0810    1493.19  0.000e+00
   58.32666   11.85010     12.678     12.560    13.2697   3.387529    28.1271     0.6244     0.3789  1021.0816    1493.19  0.000e+00
   58.32666   11.85010     12.686     12.568    13.2693   3.387449    28.1266     0.6243     0.3789  1021.0813    1493.18  0.000e+00
   58.32666   11.85010     12.678     12.560    13.2731   3.387073    28.1204     0.6242     0.3789  1021.0758    1493.19  0.000e+00
   58.32666   11.85010     12.622     12.505    13.2773   3.386617    28.1132     0.6241     0.3789  1021.0692    1493.19  0.000e+00
   58.32666   11.85010     12.614     12.497    13.2806   3.386322    28.1080     0.6241     0.3789  1021.0645    1493.20  0.000e+00
   58.32666   11.85010     12.686     12.568    13.2823   3.386266    28.1062     0.6240     0.3789  1021.0631    1493.20  0.000e+00
   58.32666   11.85010     12.614     12.497    13.2829   3.386328    28.1064     0.6239     0.3789  1021.0628    1493.20  0.000e+00
   58.32666   11.85010     12.686     12.568    13.2831   3.386537    28.1081     0.6239     0.3789  1021.0644    1493.21  0.000e+00
   58.32666   11.85010     12.678     12.560    13.2829   3.386642    28.1092     0.6238     0.3789  1021.0653    1493.21  0.000e+00
   58.32666   11.85010     12.622     12.505    13.2819   3.386660    28.1101     0.6242     0.3789  1021.0659    1493.21  0.000e+00
   58.32666   11.85010     12.678     12.560    13.2804   3.386679    28.1114     0.6242     0.3789  1021.0674    1493.20  0.000e+00
   58.32666   11.85010     12.622     12.505    13.2787   3.386845    28.1142     0.6242     0.3789  1021.0697    1493.20  0.000e+00
   58.32666   11.85010     12.678     12.560    13.2781   3.386993    28.1160     0.6241     0.3911  1021.0714    1493.20  0.000e+00
   58.32666   11.85010     12.622     12.505    13.2756   3.387295    28.1207     0.6241     0.4522  1021.0753    1493.20  0.000e+00
   58.32666   11.85010     12.678     12.560    13.2693   3.387793    28.1299     0.6241     0.4644  1021.0838    1493.19  0.000e+00
   58.32666   11.85010     12.686     12.568    13.2642   3.388181    28.1372     0.6241     0.4766  1021.0904    1493.18  0.000e+00
   58.32666   11.85010     12.614     12.497    13.2617   3.388489    28.1419     0.6241     0.4644  1021.0943    1493.17  0.000e+00
   58.32666   11.85010     12.622     12.505    13.2605   3.388588    28.1437     0.6241     0.4644  1021.0959    1493.17  0.000e+00
   58.32666   11.85010     12.678     12.560    13.2595   3.388563    28.1441     0.6241     0.4644  1021.0967    1493.17  0.000e+00
   58.32666   11.85010     12.622     12.505    13.2600   3.388477    28.1430     0.6240     0.4644  1021.0955    1493.17  0.000e+00
   58.32666   11.85010     12.678     12.560    13.2607   3.388452    28.1423     0.6240     0.4644  1021.0950    1493.17  0.000e+00
   58.32666   11.85010     12.622     12.505    13.2619   3.388360    28.1406     0.6239     0.4644  1021.0932    1493.17  0.000e+00
   58.32666   11.85010     12.678     12.560    13.2667   3.387984    28.1335     0.6239     0.4644  1021.0871    1493.18  0.000e+00
   58.32666   11.85010     12.614     12.497    13.2710   3.387596    28.1268     0.6238     0.4644  1021.0808    1493.19  0.000e+00
   58.32666   11.85010     12.686     12.568    13.2731   3.387461    28.1240     0.6237     0.4644  1021.0786    1493.19  0.000e+00
   58.32666   11.85010     12.614     12.497    13.2734   3.387492    28.1241     0.6237     0.4644  1021.0783    1493.19  0.000e+00
   58.32666   11.85010     12.686     12.567    13.2738   3.387393    28.1228     0.6237     0.4644  1021.0775    1493.19  0.000e+00
   58.32666   11.85010     12.614     12.497    13.2742   3.387375    28.1224     0.6284     0.4644  1021.0768    1493.19  0.000e+00
   58.32666   11.85010     12.622     12.505    13.2742   3.387338    28.1220     0.6245     0.4644  1021.0766    1493.19  0.000e+00
   58.32666   11.85010     12.678     12.560    13.2742   3.387233    28.1211     0.6245     0.4644  1021.0761    1493.19  0.000e+00
   58.32666   11.85010     12.686     12.567    13.2742   3.387295    28.1216     0.6244     0.4644  1021.0765    1493.19  0.000e+00
   58.32666   11.85010     12.614     12.497    13.2745   3.387436    28.1227     0.6244     0.4644  1021.0770    1493.20  0.000e+00
   58.32666   11.85010     12.622     12.505    13.2752   3.387479    28.1226     0.6243     0.4644  1021.0768    1493.20  0.000e+00
   58.32666   11.85010     12.678     12.560    13.2760   3.387479    28.1220     0.6243     0.4644  1021.0765    1493.20  0.000e+00
   58.32666   11.85010     12.686     12.567    13.2762   3.387479    28.1218     0.6242     0.4644  1021.0763    1493.20  0.000e+00
   58.32666   11.85010     12.614     12.497    13.2764   3.387485    28.1218     0.6242     0.4644  1021.0759    1493.20  0.000e+00
   58.32666   11.85010     12.622     12.505    13.2764   3.387504    28.1220     0.6242     0.4644  1021.0761    1493.20  0.000e+00
   58.32666   11.85010     12.614     12.497    13.2759   3.387529    28.1226     0.6284     0.4766  1021.0766    1493.20  0.000e+00
   58.32666   11.85010     12.686     12.567    13.2757   3.387541    28.1228     0.6245     0.5010  1021.0771    1493.20  0.000e+00
   58.32666   11.85010     12.678     12.560    13.2754   3.387541    28.1230     0.6245     0.4888  1021.0773    1493.20  0.000e+00
   58.32666   11.85010     12.622     12.505    13.2739   3.387627    28.1249     0.6244     0.4888  1021.0788    1493.20  0.000e+00
   58.32666   11.85010     12.678     12.560    13.2735   3.387658    28.1255     0.6244     0.4888  1021.0796    1493.20  0.000e+00
   58.32666   11.85010     12.622     12.505    13.2731   3.387615    28.1254     0.6243     0.4888  1021.0794    1493.19  0.000e+00
   58.32666   11.85010     12.614     12.497    13.2734   3.387553    28.1246     0.6243     0.4888  1021.0787    1493.19  0.000e+00
   58.32666   11.85010     12.686     12.567    13.2734   3.387541    28.1245     0.6242     0.4888  1021.0789    1493.20  0.000e+00
   58.32666   11.85010     12.614     12.497    13.2737   3.387541    28.1243     0.6242     0.4888  1021.0784    1493.19  0.000e+00
   58.32666   11.85010     12.686     12.567    13.2739   3.387584    28.1245     0.6246     0.4888  1021.0788    1493.20  0.000e+00
   58.32666   11.85010     12.614     12.497    13.2738   3.387578    28.1246     0.6288     0.4888  1021.0786    1493.20  0.000e+00
   58.32666   11.85010     12.678     12.560    13.2745   3.387455    28.1229     0.6249     0.4888  1021.0774    1493.20  0.000e+00
   58.32666   11.85010     12.622     12.505    13.2735   3.387510    28.1241     0.6249     0.4888  1021.0783    1493.19  0.000e+00
   58.32666   11.85010     12.678     12.560    13.2726   3.387559    28.1253     0.6248     0.4888  1021.0796    1493.19  0.000e+00
   58.32666   11.85010     12.622     12.505    13.2734   3.387479    28.1240     0.6248     0.4888  1021.0782    1493.19  0.000e+00
   58.32666   11.85010     12.614     12.497    13.2744   3.387282    28.1214     0.6247     0.4888  1021.0760    1493.19  0.000e+00
   58.32666   11.85010     12.686     12.567    13.2742   3.387270    28.1214     0.6246     0.4888  1021.0764    1493.19  0.000e+00
   58.32666   11.85010     12.614     12.497    13.2736   3.387449    28.1235     0.6246     0.4888  1021.0778    1493.19  0.000e+00
   58.32666   11.85010     12.686     12.567    13.2732   3.387510    28.1243     0.6245     0.4888  1021.0788    1493.19  0.000e+00
   58.32666   11.85010     12.614     12.497    13.2734   3.387529    28.1244     0.6245     0.4888  1021.0785    1493.19  0.000e+00
   58.32666   11.85010     12.622     12.504    13.2729   3.387541    28.1249     0.6287     0.4888  1021.0790    1493.19  0.000e+00
   58.32666   11.85010     12.678     12.560    13.2744   3.387307    28.1216     0.6248     0.4888  1021.0764    1493.20  0.000e+00
   58.32666   11.85010     12.686     12.567    13.2792   3.386888    28.1142     0.6247     0.4888  1021.0698    1493.20  0.000e+00
   58.32666   11.85010     12.614     12.497    13.2824   3.386568    28.1089     0.6246     0.4888  1021.0648    1493.21  0.000e+00
   58.32666   11.85010     12.686     12.567    13.2823   3.386482    28.1082     0.6245     0.4400  1021.0647    1493.21  0.000e+00
   58.32666   11.85010     12.614     12.497    13.2825   3.386679    28.1098     0.6244     0.3911  1021.0655    1493.21  0.000e+00
   58.32666   11.85010     12.622     12.504    13.2799   3.386790    28.1128     0.6244     0.3911  1021.0684    1493.20  0.000e+00
   58.32666   11.85010     12.678     12.560    13.2791   3.386827    28.1137     0.6243     0.3911  1021.0695    1493.20  0.000e+00
   58.32666   11.85010     12.622     12.504    13.2784   3.386931    28.1152     0.6242     0.3911  1021.0705    1493.20  0.000e+00
   58.32666   11.85010     12.678     12.559    13.2816   3.386439    28.1083     0.6242     0.3911  1021.0648    1493.20  0.000e+00
   58.32666   11.85010     12.622     12.504    13.2866   3.385712    28.0979     0.6240     0.3911  1021.0556    1493.21  0.000e+00
   58.32666   11.85010     12.678     12.559    13.2904   3.385325    28.0915     0.6239     0.3911  1021.0502    1493.21  0.000e+00
   58.32666   11.85010     12.622     12.504    13.2926   3.385214    28.0889     0.6238     0.3911  1021.0475    1493.22  0.000e+00
   58.32666   11.85010     12.678     12.559    13.2928   3.385337    28.0899     0.6238     0.3911  1021.0485    1493.22  0.000e+00
   58.32666   11.85010     12.622     12.504    13.2915   3.385589    28.0933     0.6237     0.3911  1021.0511    1493.22  0.000e+00
   58.32666   11.85010     12.678     12.559    13.2911   3.385632    28.0939     0.6236     0.3911  1021.0519    1493.22  0.000e+00
   58.32666   11.85010     12.567     12.449    13.2926   3.385601    28.0925     0.6235     0.3911  1021.0500    1493.22  0.000e+00
   58.32666   11.85010     12.678     12.559    13.2916   3.385731    28.0944     0.6235     0.3911  1021.0522    1493.22  0.000e+00
   58.32666   11.85010     12.678     12.559    13.2900   3.385731    28.0956     0.6234     0.3911  1021.0534    1493.22  0.000e+00
   58.32666   11.85010     12.622     12.504    13.2890   3.385694    28.0960     0.6238     0.3911  1021.0537    1493.21  0.000e+00
   58.32666   11.85010     12.678     12.559    13.2873   3.386002    28.1001     0.6238     0.3911  1021.0574    1493.21  0.000e+00
   58.32666   11.85010     12.622     12.504    13.2834   3.386500    28.1076     0.6237     0.3911  1021.0636    1493.21  0.000e+00
   58.32666   11.85010     12.678     12.559    13.2792   3.386716    28.1126     0.6237     0.3911  1021.0686    1493.20  0.000e+00
   58.32666   11.85010     12.622     12.504    13.2774   3.386790    28.1147     0.6237     0.3911  1021.0703    1493.20  0.000e+00
   58.32666   11.85010     12.678     12.559    13.2774   3.386808    28.1148     0.6236     0.3911  1021.0706    1493.20  0.000e+00
   58.32666   11.85010     12.622     12.504    13.2783   3.386759    28.1137     0.6236     0.3911  1021.0694    1493.20  0.000e+00
   58.32666   11.85010     12.614     12.497    13.2804   3.386562    28.1103     0.6235     0.3911  1021.0663    1493.20  0.000e+00
