data/2020/st_C_conv.cnv
* Sea-Bird SBE 9 Data File:
* FileName = C:\Documents and Settings\Boat\Desktop\MAR440_TUES\st_C.hdr
* Software Version Seasave V 7.20a
* Temperature SN = 4766
* Conductivity SN = 3059
* Number of Bytes Per Scan = 34
* Number of Voltage Words = 5
* Number of Scans Averaged by the Deck Unit = 1
* NMEA Latitude = 58 19.61 N
* NMEA Longitude = 011 51.02 E
* NMEA UTC (Time) = Sep 22 2020  09:47:16
** StationNumber: st_B
** BottomDepth: 13
# nquan = 12
# nvalues = 12323                                 
# units = specified
# name 0 = latitude: Latitude [deg]
# name 1 = longitude: Longitude [deg]
# name 2 = prDM: Pressure, Digiquartz [db]
# name 3 = depSM: Depth [salt water, m]
# name 4 = t090C: Temperature [ITS-90, deg C]
# name 5 = c0S/m: Conductivity [S/m]
# name 6 = sal00: Salinity, Practical [PSU]
# name 7 = sbeox0ML/L: Oxygen, SBE 43 [ml/l]
# name 8 = flECO-AFL: Fluorescence, WET Labs ECO-AFL/FL [mg/m^3]
# name 9 = density00: Density [density, kg/m^3]
# name 10 = svCM: Sound Velocity [Chen-Millero, m/s]
# name 11 = flag:  0.000e+00
# span 0 =   58.32650,   58.32698                 
# span 1 =   11.84992,   11.85046                 
# span 2 =     -0.627,     13.807                 
# span 3 =     -0.621,     13.678                 
# span 4 =    13.0755,    16.0935                 
# span 5 =   0.122520,   3.398701                 
# span 6 =     0.7669,    28.3736                 
# span 7 =     0.5972,     7.3320                 
# span 8 =    -0.3171,     1.3801                 
# span 9 =   999.6946,  1021.3138                 
# span 10 =    1466.84,    1497.43                
# span 11 = 0.0000e+00, 0.0000e+00                
# interval = seconds: 0.0416667
# start_time = Sep 22 2020 11:47:18 [System UpLoad Time]
# bad_flag = -9.990e-29
*END*
[from data line 3610]
   58.32694   11.85000     11.925     11.814    13.8137   3.343440    27.3311     0.7446     0.3911  1020.3597    1494.06  0.000e+00
   58.32694   11.85000     11.918     11.806    13.8127   3.343440    27.3318     0.7442     0.3911  1020.3604    1494.06  0.000e+00
   58.32694   11.85000     11.925     11.814    13.8131   3.343391    27.3311     0.7442     0.3911  1020.3598    1494.06  0.000e+00
   58.32694   11.85000     11.918     11.806    13.8160   3.343287    27.3282     0.7400     0.3911  1020.3569    1494.07  0.000e+00
   58.32694   11.85000     11.925     11.814    13.8191   3.343115    27.3244     0.7396     0.3911  1020.3534    1494.07  0.000e+00
   58.32694   11.85000     11.918     11.806    13.8190   3.343164    27.3249     0.7393     0.4155  1020.3538    1494.07  0.000e+00
   58.32694   11.85000     11.925     11.814    13.8213   3.343078    27.3225     0.7390     0.4400  1020.3515    1494.08  0.000e+00
   58.32694   11.85000     11.918     11.806    13.8235   3.342999    27.3202     0.7388     0.4522  1020.3493    1494.08  0.000e+00
   58.32694   11.85000     11.925     11.814    13.8237   3.342962    27.3197     0.7381     0.4522  1020.3489    1494.08  0.000e+00
   58.32694   11.85000     11.918     11.806    13.8233   3.342974    27.3201     0.7375     0.4522  1020.3493    1494.08  0.000e+00
   58.32694   11.85000     11.925     11.814    13.8215   3.343029    27.3219     0.7374     0.4522  1020.3510    1494.08  0.000e+00
   58.32694   11.85000     11.917     11.806    13.8196   3.343158    27.3244     0.7377     0.4522  1020.3533    1494.07  0.000e+00
   58.32694   11.85000     11.925     11.814    13.8154   3.343397    27.3295     0.7377     0.4522  1020.3581    1494.07  0.000e+00
   58.32694   11.85000     11.917     11.806    13.8131   3.343464    27.3318     0.7377     0.4400  1020.3603    1494.06  0.000e+00
   58.32694   11.85000     11.925     11.814    13.8153   3.343354    27.3293     0.7376     0.4522  1020.3579    1494.07  0.000e+00
   58.32694   11.85000     11.862     11.751    13.8166   3.343226    27.3272     0.7377     0.4522  1020.3558    1494.07  0.000e+00
   58.32694   11.85000     11.989     11.877    13.8200   3.343079    27.3234     0.7377     0.4522  1020.3528    1494.08  0.000e+00
   58.32694   11.85000     11.917     11.806    13.8237   3.342974    27.3199     0.7335     0.4522  1020.3490    1494.08  0.000e+00
   58.32694   11.85000     11.925     11.814    13.8249   3.342907    27.3184     0.7333     0.4522  1020.3476    1494.09  0.000e+00
   58.32694   11.85000     11.917     11.806    13.8237   3.342962    27.3197     0.7373     0.4522  1020.3489    1494.08  0.000e+00
   58.32694   11.85000     11.925     11.814    13.8216   3.343023    27.3218     0.7333     0.4522  1020.3509    1494.08  0.000e+00
   58.32694   11.85000     11.862     11.751    13.8198   3.343134    27.3241     0.7332     0.4400  1020.3527    1494.07  0.000e+00
   58.32694   11.85000     11.925     11.814    13.8154   3.343366    27.3293     0.7332     0.4522  1020.3579    1494.07  0.000e+00
   58.32694   11.85000     11.981     11.869    13.8128   3.343434    27.3317     0.7328     0.4522  1020.3606    1494.06  0.000e+00
   58.32694   11.85000     11.870     11.759    13.8156   3.343250    27.3281     0.7323     0.4400  1020.3567    1494.06  0.000e+00
   58.32694   11.85000     11.917     11.806    13.8203   3.343121    27.3236     0.7323     0.4400  1020.3525    1494.08  0.000e+00
   58.32694   11.85000     11.925     11.814    13.8243   3.343036    27.3200     0.7324     0.4522  1020.3490    1494.09  0.000e+00
   58.32694   11.85000     11.917     11.806    13.8262   3.342907    27.3175     0.7321     0.4522  1020.3467    1494.09  0.000e+00
   58.32694   11.85000     11.925     11.814    13.8256   3.342889    27.3177     0.7323     0.4522  1020.3470    1494.09  0.000e+00
   58.32694   11.85000     11.917     11.806    13.8233   3.343023    27.3206     0.7321     0.4400  1020.3496    1494.08  0.000e+00
   58.32694   11.85000     11.870     11.759    13.8210   3.343207    27.3239     0.7319     0.4400  1020.3524    1494.08  0.000e+00
   58.32694   11.85000     11.981     11.869    13.8200   3.343232    27.3248     0.7318     0.4522  1020.3538    1494.08  0.000e+00
   58.32694   11.85000     11.870     11.759    13.8220   3.343134    27.3225     0.7317     0.4522  1020.3512    1494.08  0.000e+00
   58.32694   11.85000     11.917     11.806    13.8227   3.343036    27.3211     0.7317     0.4522  1020.3501    1494.08  0.000e+00
   58.32694   11.85000     11.925     11.814    13.8225   3.342944    27.3204     0.7321     0.4400  1020.3497    1494.08  0.000e+00
   58.32694   11.85000     11.981     11.869    13.8238   3.342833    27.3185     0.7321     0.4522  1020.3482    1494.08  0.000e+00
   58.32694   11.85000     11.870     11.759    13.8250   3.342754    27.3169     0.7326     0.4522  1020.3463    1494.08  0.000e+00
   58.32694   11.85000     11.862     11.751    13.8275   3.342650    27.3142     0.7327     0.4400  1020.3437    1494.09  0.000e+00
   58.32694   11.85000     11.989     11.877    13.8291   3.342693    27.3134     0.7329     0.4522  1020.3433    1494.09  0.000e+00
   58.32694   11.85000     11.862     11.751    13.8275   3.342895    27.3164     0.7331     0.4522  1020.3454    1494.09  0.000e+00
   58.32694   11.85000     11.925     11.814    13.8232   3.343109    27.3214     0.7291     0.4400  1020.3503    1494.08  0.000e+00
   58.32694   11.85000     11.917     11.806    13.8218   3.343164    27.3229     0.7328     0.4522  1020.3517    1494.08  0.000e+00
   58.32694   11.85000     11.925     11.814    13.8252   3.342980    27.3188     0.7288     0.4400  1020.3480    1494.09  0.000e+00
   58.32694   11.85000     11.917     11.806    13.8274   3.342858    27.3162     0.7330     0.4522  1020.3454    1494.09  0.000e+00
   58.32694   11.85000     11.925     11.814    13.8296   3.342858    27.3146     0.7333     0.4400  1020.3438    1494.10  0.000e+00
   58.32694   11.85000     11.917     11.806    13.8327   3.342705    27.3110     0.7337     0.4522  1020.3404    1494.10  0.000e+00
   58.32694   11.85000     11.870     11.759    13.8314   3.342699    27.3119     0.7295     0.4400  1020.3412    1494.10  0.000e+00
   58.32694   11.85000     11.917     11.806    13.8277   3.342895    27.3163     0.7339     0.4522  1020.3455    1494.09  0.000e+00
   58.32694   11.85000     11.925     11.814    13.8260   3.343134    27.3196     0.7344     0.4522  1020.3484    1494.09  0.000e+00
   58.32694   11.85000     11.917     11.806    13.8253   3.343213    27.3209     0.7308     0.4522  1020.3494    1494.09  0.000e+00
   58.32694   11.85000     11.925     11.814    13.8242   3.343403    27.3233     0.7352     0.4400  1020.3516    1494.09  0.000e+00
   58.32694   11.85000     11.862     11.751    13.8223   3.343556    27.3261     0.7359     0.4522  1020.3538    1494.08  0.000e+00
   58.32694   11.85000     11.925     11.814    13.8206   3.343611    27.3278     0.7362     0.4400  1020.3557    1494.08  0.000e+00
   58.32694   11.85000     11.917     11.806    13.8215   3.343452    27.3257     0.7364     0.4522  1020.3539    1494.08  0.000e+00
   58.32694   11.85000     11.925     11.814    13.8282   3.343127    27.3180     0.7324     0.4766  1020.3467    1494.10  0.000e+00
   58.32694   11.85000     11.862     11.751    13.8333   3.342815    27.3116     0.7322     0.4888  1020.3405    1494.10  0.000e+00
   58.32694   11.85000     11.925     11.814    13.8309   3.342901    27.3141     0.7322     0.5010  1020.3432    1494.10  0.000e+00
   58.32694   11.85000     11.917     11.806    13.8259   3.343085    27.3193     0.7322     0.5010  1020.3481    1494.09  0.000e+00
   58.32694   11.85000     11.925     11.814    13.8259   3.343134    27.3197     0.7322     0.4888  1020.3485    1494.09  0.000e+00
   58.32694   11.85000     11.917     11.806    13.8247   3.343225    27.3214     0.7323     0.4888  1020.3500    1494.09  0.000e+00
   58.32694   11.85000     11.925     11.814    13.8227   3.343391    27.3243     0.7323     0.4888  1020.3527    1494.08  0.000e+00
   58.32694   11.85000     11.862     11.751    13.8202   3.343385    27.3261     0.7367     0.4888  1020.3542    1494.08  0.000e+00
   58.32694   11.85000     11.925     11.814    13.8225   3.343078    27.3216     0.7330     0.4888  1020.3506    1494.08  0.000e+00
   58.32694   11.85000     11.917     11.806    13.8247   3.342797    27.3175     0.7374     0.4888  1020.3470    1494.08  0.000e+00
   58.32694   11.85000     11.925     11.814    13.8262   3.342723    27.3158     0.7338     0.4888  1020.3454    1494.09  0.000e+00
   58.32694   11.85000     11.862     11.751    13.8272   3.342754    27.3154     0.7340     0.5010  1020.3446    1494.09  0.000e+00
   58.32694   11.85000     11.925     11.814    13.8281   3.342864    27.3157     0.7295     0.4888  1020.3449    1494.09  0.000e+00
   58.32694   11.85000     11.917     11.806    13.8287   3.342913    27.3157     0.7331     0.4888  1020.3448    1494.09  0.000e+00
   58.32694   11.85000     11.925     11.814    13.8292   3.342944    27.3157     0.7334     0.4888  1020.3447    1494.10  0.000e+00
   58.32694   11.85000     11.917     11.806    13.8285   3.343042    27.3170     0.7333     0.5010  1020.3459    1494.10  0.000e+00
   58.32694   11.85000     11.925     11.814    13.8282   3.343115    27.3179     0.7333     0.4888  1020.3467    1494.10  0.000e+00
   58.32694   11.85000     11.917     11.806    13.8275   3.343060    27.3179     0.7332     0.4888  1020.3468    1494.09  0.000e+00
   58.32694   11.85000     11.870     11.759    13.8286   3.342907    27.3157     0.7331     0.4888  1020.3446    1494.09  0.000e+00
   58.32694   11.85000     11.917     11.806    13.8307   3.342790    27.3132     0.7331     0.4888  1020.3425    1494.10  0.000e+00
   58.32694   11.85000     11.925     11.814    13.8290   3.342931    27.3157     0.7331     0.4888  1020.3448    1494.10  0.000e+00
   58.32694   11.85000     11.917     11.806    13.8252   3.343054    27.3195     0.7331     0.4888  1020.3484    1494.09  0.000e+00
   58.32694   11.85000     11.925     11.814    13.8255   3.343164    27.3203     0.7289     0.4888  1020.3490    1494.09  0.000e+00
   58.32694   11.85000     11.862     11.751    13.8243   3.343305    27.3224     0.7328     0.4888  1020.3506    1494.09  0.000e+00
   58.32694   11.85000     11.925     11.814    13.8246   3.343250    27.3217     0.7328     0.4400  1020.3503    1494.09  0.000e+00
   58.32694   11.85000     11.917     11.806    13.8280   3.342999    27.3170     0.7329     0.3911  1020.3460    1494.09  0.000e+00
   58.32694   11.85000     11.925     11.814    13.8336   3.342650    27.3099     0.7329     0.3911  1020.3394    1494.10  0.000e+00
   58.32694   11.85000     11.917     11.806    13.8389   3.342264    27.3026     0.7330     0.3911  1020.3327    1494.11  0.000e+00
   58.32694   11.85000     11.870     11.759    13.8410   3.342215    27.3007     0.7289     0.3911  1020.3307    1494.12  0.000e+00
   58.32694   11.85000     11.917     11.806    13.8376   3.342527    27.3059     0.7329     0.3911  1020.3356    1494.11  0.000e+00
   58.32694   11.85000     11.989     11.877    13.8313   3.342956    27.3142     0.7332     0.3911  1020.3435    1494.10  0.000e+00
   58.32694   11.85000     11.862     11.751    13.8259   3.343140    27.3198     0.7334     0.3911  1020.3483    1494.09  0.000e+00
   58.32694   11.85000     11.925     11.814    13.8213   3.343207    27.3236     0.7337     0.3911  1020.3524    1494.08  0.000e+00
   58.32694   11.85000     11.917     11.806    13.8183   3.343244    27.3261     0.7340     0.3911  1020.3549    1494.07  0.000e+00
   58.32694   11.85000     11.925     11.814    13.8154   3.343207    27.3278     0.7301     0.3911  1020.3568    1494.06  0.000e+00
   58.32694   11.85000     11.917     11.806    13.8163   3.343170    27.3269     0.7337     0.3911  1020.3558    1494.07  0.000e+00
   58.32694   11.85000     11.925     11.814    13.8173   3.343072    27.3253     0.7340     0.3911  1020.3544    1494.07  0.000e+00
   58.32694   11.85000     11.917     11.806    13.8216   3.343023    27.3218     0.7339     0.4033  1020.3509    1494.08  0.000e+00
   58.32694   11.85000     11.806     11.696    13.8218   3.343195    27.3232     0.7342     0.3911  1020.3514    1494.08  0.000e+00
   58.32694   11.85000     11.981     11.869    13.8183   3.343342    27.3270     0.7346     0.3911  1020.3558    1494.07  0.000e+00
   58.32694   11.85000     11.917     11.806    13.8141   3.343415    27.3307     0.7350     0.3911  1020.3592    1494.06  0.000e+00
   58.32694   11.85000     11.925     11.814    13.8111   3.343360    27.3323     0.7349     0.3911  1020.3611    1494.06  0.000e+00
   58.32694   11.85000     11.917     11.806    13.8105   3.343299    27.3321     0.7353     0.3911  1020.3610    1494.05  0.000e+00
   58.32694   11.85000     11.925     11.814    13.8111   3.343305    27.3318     0.7357     0.3911  1020.3607    1494.05  0.000e+00
   58.32694   11.85000     11.862     11.751    13.8114   3.343354    27.3320     0.7357     0.3911  1020.3605    1494.06  0.000e+00
   58.32694   11.85000     11.989     11.877    13.8141   3.343348    27.3300     0.7360     0.4033  1020.3590    1494.06  0.000e+00
   58.32694   11.85000     11.917     11.806    13.8174   3.343324    27.3275     0.7322     0.3911  1020.3561    1494.07  0.000e+00
   58.32694   11.85000     11.925     11.814    13.8203   3.343379    27.3259     0.7364     0.3911  1020.3543    1494.08  0.000e+00
   58.32694   11.85000     11.917     11.806    13.8210   3.343354    27.3252     0.7369     0.3911  1020.3536    1494.08  0.000e+00
   58.32694   11.85000     11.925     11.814    13.8192   3.343299    27.3260     0.7370     0.3911  1020.3546    1494.08  0.000e+00
   58.32694   11.85000     11.917     11.806    13.8164   3.343397    27.3288     0.7371     0.4033  1020.3573    1494.07  0.000e+00
   58.32692   11.85000     11.870     11.759    13.8102   3.343654    27.3356     0.7372     0.3911  1020.3635    1494.06  0.000e+00
   58.32692   11.85000     11.981     11.869    13.8018   3.343826    27.3431     0.7373     0.3911  1020.3714    1494.04  0.000e+00
   58.32692   11.85000     11.870     11.759    13.7989   3.343900    27.3459     0.7374     0.3911  1020.3736    1494.03  0.000e+00
   58.32692   11.85000     11.981     11.869    13.8001   3.343753    27.3436     0.7375     0.3911  1020.3722    1494.03  0.000e+00
   58.32692   11.85000     11.870     11.759    13.8107   3.343477    27.3336     0.7416     0.3911  1020.3619    1494.05  0.000e+00
   58.32692   11.85000     11.981     11.869    13.8158   3.343354    27.3289     0.7383     0.3911  1020.3578    1494.07  0.000e+00
   58.32692   11.85000     11.925     11.814    13.8099   3.343526    27.3346     0.7384     0.3911  1020.3631    1494.05  0.000e+00
   58.32692   11.85000     11.917     11.806    13.8025   3.343697    27.3415     0.7390     0.3911  1020.3698    1494.04  0.000e+00
   58.32692   11.85000     11.869     11.759    13.7978   3.343734    27.3451     0.7391     0.3911  1020.3733    1494.03  0.000e+00
   58.32692   11.85000     11.981     11.869    13.7941   3.343734    27.3477     0.7392     0.3911  1020.3765    1494.02  0.000e+00
   58.32692   11.85000     11.925     11.814    13.7918   3.343710    27.3491     0.7389     0.3911  1020.3778    1494.01  0.000e+00
   58.32692   11.85000     11.917     11.806    13.7916   3.343593    27.3483     0.7389     0.3911  1020.3771    1494.01  0.000e+00
   58.32692   11.85000     11.925     11.814    13.7966   3.343440    27.3433     0.7389     0.3911  1020.3723    1494.02  0.000e+00
   58.32692   11.85000     11.917     11.806    13.8006   3.343385    27.3399     0.7389     0.3911  1020.3689    1494.03  0.000e+00
