data/2020/st_E_conv.cnv
* Sea-Bird SBE 9 Data File:
* FileName = C:\Documents and Settings\Boat\Desktop\MAR440_TUES\st_E.hdr
* Software Version Seasave V 7.20a
* Temperature SN = 4766
* Conductivity SN = 3059
* Number of Bytes Per Scan = 34
* Number of Voltage Words = 5
* Number of Scans Averaged by the Deck Unit = 1
* NMEA Latitude = 58 18.97 N
* NMEA Longitude = 011 47.12 E
* NMEA UTC (Time) = Sep 22 2020  10:54:35
** StationNumber: st_E
** BottomDepth: 35
# nquan = 12
# nvalues = 13999                                 
# units = specified
# name 0 = latitude: Latitude [deg]
# name 1 = longitude: Longitude [deg]
# name 2 = prDM: Pressure, Digiquartz [db]
# name 3 = depSM: Depth [salt water, m]
# name 4 = t090C: Temperature [ITS-90, deg C]
# name 5 = c0S/m: Conductivity [S/m]
# name 6 = sal00: Salinity, Practical [PSU]
# name 7 = sbeox0ML/L: Oxygen, SBE 43 [ml/l]
# name 8 = flECO-AFL: Fluorescence, WET Labs ECO-AFL/FL [mg/m^3]
# name 9 = density00: Density [density, kg/m^3]
# name 10 = svCM: Sound Velocity [Chen-Millero, m/s]
# name 11 = flag:  0.000e+00
# span 0 =   58.31584,   58.31634                 
# span 1 =   11.78510,   11.78594                 
# span 2 =     -0.356,     33.740                 
# span 3 =     -0.353,     33.424                 
# span 4 =     7.2451,    15.8508                 
# span 5 =   0.253126,   3.769422                 
# span 6 =     1.6325,    31.2957                 
# span 7 =     0.0604,     6.7465                 
# span 8 =    -0.1828,     1.8075                 
# span 9 =  1000.3181,  1024.6243                 
# span 10 =    1468.81,    1502.19                
# span 11 = 0.0000e+00, 0.0000e+00                
# interval = seconds: 0.0416667
# start_time = Sep 22 2020 12:54:37 [System UpLoad Time]
# bad_flag = -9.990e-29
*END*
[from data line 1564]
   58.31626   11.78520     16.271     16.119    14.8596   3.700692    29.7718     1.4424     0.2202  1022.0475    1500.41  0.000e+00
   58.31626   11.78520     16.343     16.190    14.8597   3.700705    29.7718     1.4411     0.2324  1022.0478    1500.41  0.000e+00
   58.31626   11.78520     16.271     16.119    14.8600   3.700749    29.7720     1.4396     0.2202  1022.0476    1500.41  0.000e+00
   58.31626   11.78520     16.327     16.174    14.8610   3.700864    29.7723     1.4424     0.2202  1022.0479    1500.42  0.000e+00
   58.31626   11.78520     16.398     16.245    14.8605   3.700851    29.7725     1.4417     0.2202  1022.0484    1500.42  0.000e+00
   58.31626   11.78520     16.390     16.237    14.8593   3.700762    29.7727     1.4368     0.2202  1022.0487    1500.41  0.000e+00
   58.31626   11.78520     16.343     16.190    14.8604   3.700928    29.7733     1.4397     0.2202  1022.0488    1500.42  0.000e+00
   58.31626   11.78520     16.446     16.292    14.8640   3.701215    29.7731     1.4388     0.2202  1022.0483    1500.43  0.000e+00
   58.31626   11.78520     16.446     16.292    14.8642   3.701266    29.7734     1.4378     0.2202  1022.0485    1500.43  0.000e+00
   58.31626   11.78520     16.454     16.300    14.8669   3.701572    29.7740     1.4410     0.2202  1022.0485    1500.44  0.000e+00
   58.31626   11.78520     16.509     16.355    14.8722   3.702145    29.7751     1.4402     0.2202  1022.0485    1500.46  0.000e+00
   58.31626   11.78520     16.517     16.363    14.8791   3.703146    29.7788     1.4392     0.2324  1022.0499    1500.49  0.000e+00
   58.31626   11.78520     16.509     16.355    14.8983   3.705716    29.7871     1.4380     0.2324  1022.0522    1500.56  0.000e+00
   58.31626   11.78520     16.565     16.410    14.9436   3.711554    29.8047     1.4398     0.2202  1022.0565    1500.72  0.000e+00
   58.31626   11.78520     16.517     16.363    14.9954   3.718264    29.8251     1.4379     0.2202  1022.0611    1500.91  0.000e+00
   58.31626   11.78520     16.620     16.465    15.0303   3.722525    29.8364     1.4365     0.2202  1022.0629    1501.04  0.000e+00
   58.31626   11.78520     16.573     16.418    15.0479   3.725030    29.8452     1.4359     0.2202  1022.0658    1501.11  0.000e+00
   58.31626   11.78520     16.684     16.528    15.0611   3.727440    29.8566     1.4352     0.2202  1022.0722    1501.16  0.000e+00
   58.31626   11.78520     16.620     16.465    15.0752   3.729806    29.8669     1.4385     0.1958  1022.0769    1501.22  0.000e+00
   58.31626   11.78520     16.692     16.536    15.0865   3.731488    29.8733     1.4384     0.1835  1022.0798    1501.26  0.000e+00
   58.31626   11.78520     16.684     16.528    15.0957   3.732415    29.8745     1.4424     0.1835  1022.0787    1501.30  0.000e+00
   58.31626   11.78520     16.755     16.599    15.1007   3.732927    29.8752     1.4427     0.1835  1022.0785    1501.31  0.000e+00
   58.31626   11.78520     16.739     16.583    15.1046   3.733547    29.8778     1.4428     0.1835  1022.0795    1501.33  0.000e+00
   58.31626   11.78520     16.739     16.583    15.1122   3.734629    29.8816     1.4426     0.1835  1022.0809    1501.36  0.000e+00
   58.31626   11.78520     16.811     16.654    15.1215   3.735819    29.8850     1.4463     0.1835  1022.0819    1501.39  0.000e+00
   58.31626   11.78520     16.803     16.646    15.1297   3.736945    29.8888     1.4425     0.1835  1022.0830    1501.42  0.000e+00
   58.31626   11.78520     16.811     16.654    15.1373   3.737918    29.8917     1.4463     0.1835  1022.0837    1501.45  0.000e+00
   58.31626   11.78520     16.858     16.701    15.1388   3.738513    29.8958     1.4465     0.1835  1022.0867    1501.46  0.000e+00
   58.31626   11.78520     16.803     16.646    15.1390   3.739204    29.9019     1.4506     0.1835  1022.0911    1501.47  0.000e+00
   58.31626   11.78520     16.930     16.772    15.1449   3.741016    29.9134     1.4506     0.1835  1022.0993    1501.50  0.000e+00
   58.31626   11.78520     16.914     16.756    15.1613   3.743385    29.9220     1.4502     0.1835  1022.1023    1501.56  0.000e+00
   58.31626   11.78520     16.929     16.771    15.1754   3.745025    29.9257     1.4541     0.1835  1022.1022    1501.61  0.000e+00
   58.31626   11.78520     16.914     16.756    15.1860   3.746094    29.9271     1.4543     0.1835  1022.1010    1501.65  0.000e+00
   58.31626   11.78520     16.977     16.819    15.1966   3.747171    29.9286     1.4547     0.1835  1022.1002    1501.69  0.000e+00
   58.31626   11.78520     16.985     16.826    15.2105   3.749445    29.9382     1.4544     0.1835  1022.1046    1501.74  0.000e+00
   58.31626   11.78520     16.977     16.819    15.2325   3.753214    29.9548     1.4576     0.1835  1022.1127    1501.83  0.000e+00
   58.31626   11.78520     17.048     16.889    15.2511   3.756388    29.9688     1.4576     0.1835  1022.1198    1501.91  0.000e+00
   58.31626   11.78520     17.033     16.874    15.2613   3.758344    29.9783     1.4617     0.1835  1022.1249    1501.95  0.000e+00
   58.31626   11.78520     17.096     16.936    15.2732   3.760230    29.9860     1.4578     0.1835  1022.1285    1502.00  0.000e+00
   58.31626   11.78520     17.104     16.944    15.2798   3.761654    29.9935     1.4617     0.1835  1022.1329    1502.03  0.000e+00
   58.31626   11.78520     17.096     16.936    15.2827   3.762604    29.9998     1.4622     0.1835  1022.1371    1502.04  0.000e+00
   58.31626   11.78520     17.159     16.999    15.2878   3.763438    30.0032     1.4662     0.1835  1022.1389    1502.07  0.000e+00
   58.31626   11.78520     17.152     16.991    15.2931   3.764138    30.0054     1.4667     0.1835  1022.1395    1502.09  0.000e+00
   58.31626   11.78520     17.215     17.054    15.2965   3.764626    30.0071     1.4671     0.1835  1022.1403    1502.10  0.000e+00
   58.31626   11.78520     17.223     17.062    15.2983   3.764979    30.0088     1.4673     0.1835  1022.1413    1502.11  0.000e+00
   58.31626   11.78520     17.215     17.054    15.3001   3.765357    30.0108     1.4713     0.1835  1022.1424    1502.11  0.000e+00
   58.31626   11.78520     17.215     17.054    15.3000   3.765511    30.0123     1.4720     0.1835  1022.1435    1502.12  0.000e+00
   58.31626   11.78520     17.278     17.117    15.3017   3.765768    30.0132     1.4725     0.1835  1022.1442    1502.12  0.000e+00
   58.31626   11.78520     17.326     17.164    15.3036   3.766025    30.0140     1.4727     0.1835  1022.1446    1502.13  0.000e+00
   58.31626   11.78520     17.278     17.117    15.3044   3.766179    30.0148     1.4768     0.1835  1022.1448    1502.13  0.000e+00
   58.31626   11.78520     17.326     17.164    15.3044   3.766288    30.0157     1.4771     0.1835  1022.1457    1502.14  0.000e+00
   58.31626   11.78520     17.326     17.164    15.3054   3.766660    30.0183     1.4771     0.1835  1022.1475    1502.14  0.000e+00
   58.31626   11.78520     17.342     17.180    15.3077   3.767142    30.0208     1.4813     0.1835  1022.1490    1502.15  0.000e+00
   58.31626   11.78520     17.445     17.282    15.3083   3.767425    30.0228     1.4817     0.1835  1022.1508    1502.16  0.000e+00
   58.31626   11.78520     17.397     17.235    15.3094   3.767771    30.0251     1.4855     0.1835  1022.1522    1502.16  0.000e+00
   58.31626   11.78520     17.389     17.227    15.3109   3.768234    30.0280     1.4858     0.1835  1022.1541    1502.17  0.000e+00
   58.31626   11.78520     17.508     17.345    15.3124   3.768606    30.0301     1.4899     0.1835  1022.1559    1502.18  0.000e+00
   58.31626   11.78520     17.461     17.298    15.3133   3.768985    30.0328     1.4902     0.1835  1022.1576    1502.19  0.000e+00
   58.31626   11.78520     17.445     17.282    15.3129   3.769280    30.0357     1.4906     0.1835  1022.1598    1502.19  0.000e+00
   58.31626   11.78520     17.564     17.400    15.3123   3.769422    30.0374     1.4949     0.1835  1022.1618    1502.19  0.000e+00
   58.31626   11.78520     17.516     17.353    15.3083   3.769422    30.0405     1.4954     0.1835  1022.1647    1502.18  0.000e+00
   58.31626   11.78520     17.564     17.400    15.3039   3.769216    30.0420     1.4997     0.1835  1022.1671    1502.17  0.000e+00
   58.31626   11.78520     17.572     17.408    15.2997   3.768972    30.0431     1.5005     0.1835  1022.1689    1502.16  0.000e+00
   58.31626   11.78520     17.619     17.455    15.2954   3.768722    30.0441     1.5051     0.1835  1022.1708    1502.15  0.000e+00
   58.31626   11.78520     17.564     17.400    15.2915   3.768459    30.0448     1.5058     0.1835  1022.1719    1502.13  0.000e+00
   58.31626   11.78520     17.635     17.471    15.2873   3.768080    30.0446     1.5103     0.1835  1022.1730    1502.12  0.000e+00
   58.31626   11.78520     17.619     17.455    15.2825   3.767791    30.0457     1.5148     0.1958  1022.1747    1502.11  0.000e+00
   58.31626   11.78520     17.691     17.526    15.2781   3.767438    30.0459     1.5159     0.1958  1022.1762    1502.09  0.000e+00
   58.31626   11.78520     17.738     17.573    15.2725   3.767014    30.0464     1.5167     0.1958  1022.1780    1502.08  0.000e+00
   58.31626   11.78520     17.738     17.573    15.2637   3.766314    30.0470     1.5259     0.1958  1022.1803    1502.05  0.000e+00
   58.31626   11.78520     17.754     17.589    15.2444   3.764678    30.0472     1.5278     0.1958  1022.1847    1501.99  0.000e+00
   58.31626   11.78520     17.683     17.518    15.2235   3.762720    30.0458     1.5335     0.1958  1022.1877    1501.92  0.000e+00
   58.31626   11.78520     17.802     17.636    15.2039   3.761027    30.0458     1.5352     0.1958  1022.1924    1501.86  0.000e+00
   58.31626   11.78520     17.810     17.644    15.1928   3.759705    30.0425     1.5408     0.1958  1022.1923    1501.82  0.000e+00
   58.31626   11.78520     17.857     17.691    15.1836   3.758858    30.0420     1.5460     0.1958  1022.1941    1501.79  0.000e+00
   58.31626   11.78520     17.873     17.706    15.1778   3.758737    30.0454     1.5475     0.1958  1022.1980    1501.78  0.000e+00
   58.31626   11.78520     17.857     17.691    15.1755   3.759044    30.0499     1.5525     0.1958  1022.2019    1501.77  0.000e+00
   58.31626   11.78520     17.857     17.691    15.1750   3.759160    30.0513     1.5579     0.1958  1022.2031    1501.77  0.000e+00
   58.31626   11.78520     17.929     17.761    15.1739   3.759250    30.0529     1.5634     0.1958  1022.2048    1501.77  0.000e+00
   58.31626   11.78520     17.976     17.809    15.1728   3.759243    30.0537     1.5690     0.1958  1022.2059    1501.77  0.000e+00
   58.31626   11.78520     17.921     17.753    15.1717   3.759308    30.0551     1.5749     0.1958  1022.2069    1501.77  0.000e+00
   58.31626   11.78520     17.984     17.816    15.1711   3.759442    30.0568     1.5809     0.1958  1022.2087    1501.77  0.000e+00
   58.31626   11.78520     17.976     17.808    15.1711   3.759494    30.0572     1.5868     0.1958  1022.2090    1501.77  0.000e+00
   58.31626   11.78520     18.032     17.863    15.1712   3.759596    30.0580     1.5887     0.1958  1022.2098    1501.77  0.000e+00
   58.31626   11.78520     18.048     17.879    15.1712   3.759667    30.0586     1.5947     0.1958  1022.2103    1501.77  0.000e+00
   58.31626   11.78520     18.032     17.863    15.1711   3.759641    30.0585     1.6006     0.1958  1022.2102    1501.77  0.000e+00
   58.31626   11.78520     18.103     17.934    15.1694   3.759481    30.0584     1.6070     0.1958  1022.2108    1501.77  0.000e+00
   58.31626   11.78520     18.095     17.926    15.1687   3.759410    30.0583     1.6128     0.1958  1022.2108    1501.77  0.000e+00
   58.31626   11.78520     18.151     17.981    15.1683   3.759410    30.0585     1.6150     0.1958  1022.2113    1501.77  0.000e+00
   58.31626   11.78520     18.103     17.934    15.1677   3.759378    30.0588     1.6208     0.1958  1022.2114    1501.76  0.000e+00
   58.31626   11.78520     18.151     17.981    15.1661   3.759173    30.0581     1.6270     0.1958  1022.2115    1501.76  0.000e+00
   58.31626   11.78520     18.214     18.044    15.1644   3.758993    30.0578     1.6331     0.2080  1022.2119    1501.75  0.000e+00
   58.31626   11.78520     18.167     17.997    15.1628   3.758872    30.0580     1.6351     0.2080  1022.2122    1501.75  0.000e+00
   58.31626   11.78520     18.270     18.099    15.1616   3.758718    30.0575     1.6446     0.2080  1022.2125    1501.74  0.000e+00
   58.31626   11.78520     18.222     18.052    15.1602   3.758634    30.0578     1.6468     0.2080  1022.2129    1501.74  0.000e+00
   58.31626   11.78520     18.270     18.099    15.1599   3.758615    30.0579     1.6525     0.2080  1022.2132    1501.74  0.000e+00
   58.31626   11.78520     18.270     18.099    15.1596   3.758589    30.0579     1.6541     0.2202  1022.2132    1501.74  0.000e+00
   58.31626   11.78520     18.341     18.170    15.1593   3.758634    30.0585     1.6592     0.2080  1022.2140    1501.74  0.000e+00
   58.31626   11.78520     18.270     18.099    15.1594   3.758673    30.0588     1.6604     0.2080  1022.2140    1501.74  0.000e+00
   58.31626   11.78520     18.389     18.217    15.1598   3.758724    30.0589     1.6693     0.2080  1022.2145    1501.74  0.000e+00
   58.31626   11.78520     18.397     18.225    15.1596   3.758750    30.0593     1.6704     0.2080  1022.2149    1501.74  0.000e+00
   58.31626   11.78520     18.333     18.162    15.1597   3.758718    30.0589     1.6753     0.2080  1022.2142    1501.74  0.000e+00
   58.31626   11.78520     18.444     18.272    15.1585   3.758532    30.0582     1.6762     0.2080  1022.2144    1501.74  0.000e+00
   58.31626   11.78520     18.460     18.288    15.1562   3.758282    30.0577     1.6809     0.2080  1022.2147    1501.73  0.000e+00
   58.31626   11.78520     18.389     18.217    15.1549   3.758070    30.0568     1.6855     0.2202  1022.2139    1501.72  0.000e+00
   58.31626   11.78520     18.516     18.343    15.1535   3.757948    30.0568     1.6864     0.2080  1022.2148    1501.72  0.000e+00
   58.31626   11.78520     18.508     18.335    15.1523   3.757897    30.0573     1.6866     0.2080  1022.2154    1501.72  0.000e+00
   58.31626   11.78520     18.563     18.390    15.1522   3.757865    30.0570     1.6863     0.2080  1022.2154    1501.72  0.000e+00
   58.31626   11.78520     18.460     18.288    15.1520   3.757858    30.0572     1.6899     0.2080  1022.2151    1501.72  0.000e+00
   58.31626   11.78520     18.563     18.390    15.1517   3.757833    30.0571     1.6893     0.2080  1022.2157    1501.72  0.000e+00
   58.31626   11.78520     18.627     18.453    15.1514   3.757826    30.0572     1.6926     0.2202  1022.2161    1501.72  0.000e+00
   58.31626   11.78520     18.579     18.406    15.1513   3.757807    30.0572     1.6918     0.2080  1022.2158    1501.72  0.000e+00
   58.31626   11.78520     18.627     18.453    15.1510   3.757762    30.0570     1.6908     0.2080  1022.2160    1501.72  0.000e+00
   58.31626   11.78520     18.627     18.453    15.1508   3.757704    30.0567     1.6933     0.2080  1022.2158    1501.72  0.000e+00
   58.31626   11.78520     18.698     18.523    15.1500   3.757621    30.0565     1.6961     0.2080  1022.2161    1501.71  0.000e+00
   58.31626   11.78520     18.682     18.508    15.1492   3.757570    30.0566     1.6951     0.2202  1022.2163    1501.71  0.000e+00
   58.31626   11.78520     18.698     18.523    15.1481   3.757409    30.0561     1.6937     0.2202  1022.2162    1501.71  0.000e+00
   58.31626   11.78520     18.738     18.563    15.1461   3.757217    30.0559     1.6917     0.2202  1022.2167    1501.70  0.000e+00
   58.31626   11.78520     18.738     18.563    15.1433   3.756941    30.0555     1.6941     0.2202  1022.2170    1501.69  0.000e+00
   58.31626   11.78520     18.754     18.578    15.1406   3.756723    30.0557     1.6924     0.2202  1022.2177    1501.68  0.000e+00
