data/2020/st_E_conv.cnv
* Sea-Bird SBE 9 Data File:
* FileName = C:\Documents and Settings\Boat\Desktop\MAR440_TUES\st_E.hdr
* Software Version Seasave V 7.20a
* Temperature SN = 4766
* Conductivity SN = 3059
* Number of Bytes Per Scan = 34
* Number of Voltage Words = 5
* Number of Scans Averaged by the Deck Unit = 1
* NMEA Latitude = 58 18.97 N
* NMEA Longitude = 011 47.12 E
* NMEA UTC (Time) = Sep 22 2020  10:54:35
** StationNumber: st_E
** BottomDepth: 35
# nquan = 12
# nvalues = 13999                                 
# units = specified
# name 0 = latitude: Latitude [deg]
# name 1 = longitude: Longitude [deg]
# name 2 = prDM: Pressure, Digiquartz [db]
# name 3 = depSM: Depth [salt water, m]
# name 4 = t090C: Temperature [ITS-90, deg C]
# name 5 = c0S/m: Conductivity [S/m]
# name 6 = sal00: Salinity, Practical [PSU]
# name 7 = sbeox0ML/L: Oxygen, SBE 43 [ml/l]
# name 8 = flECO-AFL: Fluorescence, WET Labs ECO-AFL/FL [mg/m^3]
# name 9 = density00: Density [density, kg/m^3]
# name 10 = svCM: Sound Velocity [Chen-Millero, m/s]
# name 11 = flag:  0.000e+00
# span 0 =   58.31584,   58.31634                 
# span 1 =   11.78510,   11.78594                 
# span 2 =     -0.356,     33.740                 
# span 3 =     -0.353,     33.424                 
# span 4 =     7.2451,    15.8508                 
# span 5 =   0.253126,   3.769422                 
# span 6 =     1.6325,    31.2957                 
# span 7 =     0.0604,     6.7465                 
# span 8 =    -0.1828,     1.8075                 
# span 9 =  1000.3181,  1024.6243                 
# span 10 =    1468.81,    1502.19                
# span 11 = 0.0000e+00, 0.0000e+00                
# interval = seconds: 0.0416667
# start_time = Sep 22 2020 12:54:37 [System UpLoad Time]
# bad_flag = -9.990e-29
*END*
[from data line 1805]
   58.31626   11.78518     21.283     21.085    14.6949   3.724429    30.1093     1.6171     0.1835  1022.3640    1500.36  0.000e+00
   58.31626   11.78518     21.331     21.132    14.6663   3.721784    30.1076     1.6176     0.1958  1022.3688    1500.26  0.000e+00
   58.31626   11.78518     21.331     21.132    14.6358   3.719113    30.1072     1.6178     0.1835  1022.3749    1500.16  0.000e+00
   58.31626   11.78518     21.402     21.202    14.6139   3.717038    30.1054     1.6178     0.1835  1022.3784    1500.09  0.000e+00
   58.31626   11.78518     21.387     21.187    14.6002   3.715780    30.1047     1.6175     0.1835  1022.3806    1500.05  0.000e+00
   58.31626   11.78518     21.387     21.187    14.5851   3.714746    30.1071     1.6132     0.1958  1022.3856    1500.00  0.000e+00
   58.31626   11.78518     21.402     21.202    14.5694   3.713693    30.1097     1.6126     0.1835  1022.3909    1499.95  0.000e+00
   58.31626   11.78518     21.450     21.250    14.5541   3.712978    30.1151     1.6121     0.1835  1022.3985    1499.91  0.000e+00
   58.31626   11.78518     21.450     21.250    14.5460   3.712499    30.1171     1.6118     0.1835  1022.4017    1499.88  0.000e+00
   58.31626   11.78518     21.521     21.320    14.5315   3.711835    30.1224     1.6117     0.1835  1022.4091    1499.85  0.000e+00
   58.31626   11.78518     21.450     21.250    14.5247   3.711835    30.1276     1.6114     0.1835  1022.4142    1499.83  0.000e+00
   58.31626   11.78518     21.506     21.305    14.5264   3.712646    30.1337     1.6110     0.1835  1022.4188    1499.84  0.000e+00
   58.31626   11.78518     21.569     21.367    14.5324   3.713840    30.1398     1.6105     0.1835  1022.4225    1499.87  0.000e+00
   58.31626   11.78518     21.521     21.320    14.5391   3.714791    30.1431     1.6100     0.1835  1022.4235    1499.89  0.000e+00
   58.31626   11.78518     21.625     21.422    14.5421   3.715327    30.1456     1.6097     0.1835  1022.4252    1499.91  0.000e+00
   58.31626   11.78518     21.569     21.367    14.5425   3.715576    30.1476     1.6096     0.1835  1022.4264    1499.91  0.000e+00
   58.31626   11.78518     21.640     21.438    14.5391   3.715532    30.1497     1.6097     0.1835  1022.4291    1499.90  0.000e+00
   58.31626   11.78518     21.625     21.422    14.5349   3.715200    30.1500     1.6058     0.1835  1022.4301    1499.89  0.000e+00
   58.31626   11.78518     21.688     21.485    14.5286   3.714638    30.1498     1.6057     0.1835  1022.4315    1499.87  0.000e+00
   58.31626   11.78518     21.688     21.485    14.5233   3.714063    30.1487     1.6098     0.1958  1022.4318    1499.85  0.000e+00
   58.31626   11.78518     21.696     21.493    14.5180   3.713489    30.1477     1.6062     0.2080  1022.4322    1499.83  0.000e+00
   58.31626   11.78518     21.744     21.540    14.5095   3.712723    30.1473     1.6065     0.2080  1022.4338    1499.81  0.000e+00
   58.31626   11.78518     21.743     21.540    14.4973   3.711721    30.1478     1.6069     0.2080  1022.4367    1499.77  0.000e+00
   58.31626   11.78518     21.759     21.556    14.4850   3.710560    30.1469     1.6075     0.2080  1022.4386    1499.73  0.000e+00
   58.31626   11.78518     21.799     21.595    14.4738   3.709405    30.1451     1.6122     0.2080  1022.4397    1499.69  0.000e+00
   58.31626   11.78518     21.799     21.595    14.4617   3.708307    30.1446     1.6133     0.2080  1022.4418    1499.65  0.000e+00
   58.31626   11.78518     21.815     21.611    14.4473   3.707057    30.1445     1.6141     0.2202  1022.4448    1499.60  0.000e+00
   58.31626   11.78518     21.862     21.658    14.4325   3.705788    30.1445     1.6150     0.2080  1022.4480    1499.55  0.000e+00
   58.31626   11.78518     21.862     21.658    14.4185   3.704684    30.1454     1.6163     0.2080  1022.4516    1499.51  0.000e+00
   58.31626   11.78518     21.862     21.658    14.4072   3.703862    30.1468     1.6172     0.2080  1022.4550    1499.48  0.000e+00
   58.31626   11.78518     21.934     21.729    14.3910   3.702695    30.1488     1.6224     0.2080  1022.4602    1499.43  0.000e+00
   58.31626   11.78518     21.918     21.713    14.3739   3.701611    30.1523     1.6199     0.2080  1022.4664    1499.37  0.000e+00
   58.31626   11.78518     21.981     21.776    14.3684   3.700821    30.1494     1.6248     0.2080  1022.4655    1499.35  0.000e+00
   58.31626   11.78518     21.934     21.729    14.3578   3.699986    30.1501     1.6263     0.2080  1022.4680    1499.32  0.000e+00
   58.31626   11.78518     22.037     21.831    14.3455   3.699106    30.1516     1.6278     0.2080  1022.4722    1499.28  0.000e+00
   58.31626   11.78518     21.981     21.776    14.3331   3.698424    30.1552     1.6294     0.2080  1022.4772    1499.25  0.000e+00
   58.31626   11.78518     22.037     21.831    14.3262   3.697825    30.1551     1.6349     0.2080  1022.4788    1499.22  0.000e+00
   58.31626   11.78518     22.053     21.847    14.3227   3.697437    30.1543     1.6367     0.2080  1022.4790    1499.21  0.000e+00
   58.31626   11.78516     22.093     21.886    14.3178   3.697029    30.1544     1.6381     0.2080  1022.4803    1499.20  0.000e+00
   58.31626   11.78516     22.037     21.831    14.3104   3.696322    30.1538     1.6395     0.2080  1022.4811    1499.17  0.000e+00
   58.31626   11.78516     22.108     21.902    14.3013   3.695468    30.1531     1.6411     0.2080  1022.4827    1499.14  0.000e+00
   58.31626   11.78516     22.156     21.949    14.2917   3.694952    30.1559     1.6426     0.2080  1022.4870    1499.11  0.000e+00
   58.31626   11.78516     22.156     21.949    14.2862   3.694468    30.1558     1.6440     0.2080  1022.4881    1499.10  0.000e+00
   58.31626   11.78516     22.156     21.949    14.2793   3.693723    30.1544     1.6414     0.2080  1022.4884    1499.07  0.000e+00
   58.31626   11.78516     22.172     21.965    14.2731   3.693137    30.1539     1.6466     0.1958  1022.4894    1499.05  0.000e+00
   58.31626   11.78516     22.212     22.004    14.2686   3.692684    30.1533     1.6480     0.1958  1022.4900    1499.04  0.000e+00
   58.31626   11.78516     22.212     22.004    14.2655   3.692289    30.1521     1.6448     0.1958  1022.4897    1499.02  0.000e+00
   58.31626   11.78516     22.291     22.083    14.2609   3.691850    30.1517     1.6454     0.1958  1022.4907    1499.01  0.000e+00
   58.31626   11.78516     22.275     22.067    14.2556   3.691296    30.1508     1.6459     0.1958  1022.4910    1498.99  0.000e+00
   58.31626   11.78516     22.275     22.067    14.2490   3.690666    30.1502     1.6466     0.1958  1022.4919    1498.97  0.000e+00
   58.31626   11.78516     22.331     22.122    14.2421   3.690080    30.1503     1.6431     0.1958  1022.4936    1498.95  0.000e+00
   58.31626   11.78516     22.346     22.138    14.2362   3.689583    30.1503     1.6433     0.1958  1022.4949    1498.93  0.000e+00
   58.31626   11.78516     22.331     22.122    14.2311   3.689195    30.1508     1.6435     0.1958  1022.4963    1498.91  0.000e+00
   58.31626   11.78516     22.394     22.185    14.2281   3.689061    30.1519     1.6436     0.1958  1022.4980    1498.91  0.000e+00
   58.31626   11.78516     22.402     22.193    14.2227   3.688756    30.1533     1.6393     0.1958  1022.5002    1498.89  0.000e+00
   58.31626   11.78516     22.450     22.240    14.2136   3.688100    30.1545     1.6347     0.2080  1022.5032    1498.86  0.000e+00
   58.31626   11.78516     22.394     22.185    14.2049   3.687521    30.1560     1.6297     0.1958  1022.5059    1498.83  0.000e+00
   58.31626   11.78516     22.505     22.295    14.1995   3.687005    30.1555     1.6284     0.1958  1022.5071    1498.82  0.000e+00
   58.31626   11.78516     22.465     22.255    14.1946   3.686560    30.1553     1.6230     0.1958  1022.5078    1498.80  0.000e+00
   58.31626   11.78516     22.449     22.240    14.1905   3.686165    30.1549     1.6213     0.1958  1022.5083    1498.79  0.000e+00
   58.31626   11.78516     22.568     22.358    14.1839   3.685701    30.1558     1.6157     0.1958  1022.5108    1498.77  0.000e+00
   58.31626   11.78516     22.521     22.310    14.1774   3.685090    30.1554     1.6138     0.1958  1022.5116    1498.75  0.000e+00
   58.31626   11.78516     22.568     22.358    14.1681   3.684447    30.1568     1.6080     0.1958  1022.5148    1498.72  0.000e+00
   58.31626   11.78516     22.568     22.358    14.1595   3.683741    30.1570     1.6019     0.1958  1022.5167    1498.69  0.000e+00
   58.31626   11.78516     22.687     22.475    14.1548   3.683225    30.1560     1.5953     0.1958  1022.5174    1498.67  0.000e+00
   58.31626   11.78516     22.584     22.373    14.1487   3.682576    30.1549     1.5926     0.1958  1022.5173    1498.65  0.000e+00
   58.31626   11.78516     22.687     22.475    14.1411   3.681807    30.1537     1.5856     0.2080  1022.5184    1498.63  0.000e+00
   58.31626   11.78516     22.687     22.475    14.1319   3.681094    30.1545     1.5783     0.1958  1022.5209    1498.60  0.000e+00
   58.31626   11.78516     22.624     22.413    14.1197   3.680165    30.1555     1.5713     0.1958  1022.5239    1498.56  0.000e+00
   58.31626   11.78516     22.759     22.546    14.1083   3.679091    30.1546     1.5636     0.1835  1022.5261    1498.52  0.000e+00
   58.31626   11.78516     22.687     22.475    14.1001   3.678111    30.1522     1.5556     0.1835  1022.5256    1498.49  0.000e+00
   58.31626   11.78516     22.743     22.530    14.0891   3.677170    30.1522     1.5474     0.1835  1022.5280    1498.46  0.000e+00
   58.31626   11.78516     22.814     22.601    14.0779   3.676229    30.1523     1.5390     0.1835  1022.5308    1498.42  0.000e+00
   58.31626   11.78516     22.806     22.593    14.0656   3.675174    30.1523     1.5310     0.1835  1022.5332    1498.38  0.000e+00
   58.31626   11.78516     22.806     22.593    14.0539   3.674265    30.1532     1.5227     0.1835  1022.5362    1498.34  0.000e+00
   58.31626   11.78516     22.806     22.593    14.0461   3.673458    30.1519     1.5142     0.1835  1022.5368    1498.32  0.000e+00
   58.31626   11.78516     22.814     22.601    14.0380   3.672663    30.1510     1.5056     0.1835  1022.5378    1498.29  0.000e+00
   58.31626   11.78516     22.918     22.703    14.0305   3.671875    30.1496     1.4969     0.1835  1022.5387    1498.26  0.000e+00
   58.31626   11.78516     22.862     22.648    14.0225   3.671100    30.1489     1.4882     0.1835  1022.5395    1498.24  0.000e+00
   58.31626   11.78516     22.917     22.703    14.0132   3.670369    30.1494     1.4798     0.1835  1022.5420    1498.21  0.000e+00
   58.31626   11.78516     22.933     22.719    13.9994   3.669423    30.1516     1.4711     0.1835  1022.5466    1498.16  0.000e+00
   58.31626   11.78516     22.981     22.766    13.9817   3.668114    30.1535     1.4629     0.1835  1022.5518    1498.11  0.000e+00
   58.31626   11.78516     22.981     22.766    13.9594   3.666520    30.1564     1.4548     0.1835  1022.5585    1498.04  0.000e+00
   58.31626   11.78516     22.997     22.782    13.9398   3.664901    30.1569     1.4467     0.1835  1022.5629    1497.97  0.000e+00
   58.31626   11.78516     23.036     22.821    13.9214   3.663142    30.1553     1.4386     0.1835  1022.5656    1497.91  0.000e+00
   58.31626   11.78516     23.036     22.821    13.9018   3.661409    30.1547     1.4310     0.1835  1022.5691    1497.85  0.000e+00
   58.31626   11.78516     23.036     22.821    13.8822   3.659746    30.1550     1.4277     0.1835  1022.5732    1497.78  0.000e+00
   58.31626   11.78516     23.116     22.900    13.8514   3.657183    30.1556     1.4210     0.1835  1022.5802    1497.68  0.000e+00
   58.31626   11.78516     23.100     22.884    13.8183   3.653757    30.1501     1.4103     0.1835  1022.5825    1497.57  0.000e+00
   58.31626   11.78516     23.155     22.939    13.7869   3.650422    30.1442     1.4035     0.1835  1022.5845    1497.46  0.000e+00
   58.31626   11.78516     23.155     22.939    13.7611   3.647341    30.1362     1.3967     0.1835  1022.5835    1497.36  0.000e+00
   58.31626   11.78516     23.171     22.955    13.7263   3.644439    30.1369     1.3903     0.1835  1022.5910    1497.25  0.000e+00
   58.31626   11.78516     23.155     22.939    13.6937   3.642146    30.1414     1.3877     0.1835  1022.6009    1497.15  0.000e+00
   58.31626   11.78516     23.211     22.994    13.6676   3.640391    30.1458     1.3818     0.1835  1022.6097    1497.07  0.000e+00
   58.31626   11.78516     23.274     23.057    13.6478   3.638758    30.1463     1.3760     0.1835  1022.6143    1497.00  0.000e+00
   58.31626   11.78516     23.227     23.010    13.6253   3.636795    30.1460     1.3743     0.1835  1022.6183    1496.93  0.000e+00
   58.31626   11.78516     23.274     23.057    13.6026   3.634345    30.1413     1.3691     0.1835  1022.6194    1496.84  0.000e+00
   58.31626   11.78516     23.274     23.057    13.5776   3.631707    30.1367     1.3599     0.1835  1022.6208    1496.76  0.000e+00
   58.31626   11.78516     23.346     23.128    13.5556   3.629359    30.1323     1.3590     0.1835  1022.6221    1496.68  0.000e+00
   58.31626   11.78516     23.330     23.112    13.5347   3.627272    30.1295     1.3541     0.1835  1022.6240    1496.61  0.000e+00
   58.31626   11.78516     23.330     23.112    13.5132   3.625407    30.1293     1.3494     0.1835  1022.6280    1496.53  0.000e+00
   58.31626   11.78516     23.393     23.175    13.4807   3.623055    30.1331     1.3495     0.1835  1022.6377    1496.43  0.000e+00
   58.31626   11.78516     23.409     23.190    13.4462   3.620527    30.1370     1.3461     0.1835  1022.6475    1496.32  0.000e+00
   58.31626   11.78516     23.393     23.175    13.4199   3.618404    30.1381     1.3424     0.1835  1022.6535    1496.23  0.000e+00
   58.31626   11.78516     23.449     23.230    13.4037   3.616642    30.1346     1.3427     0.1835  1022.6542    1496.18  0.000e+00
   58.31626   11.78516     23.449     23.230    13.3855   3.614665    30.1306     1.3433     0.1835  1022.6547    1496.11  0.000e+00
   58.31626   11.78516     23.465     23.245    13.3485   3.611773    30.1331     1.3407     0.1835  1022.6639    1495.99  0.000e+00
   58.31626   11.78516     23.512     23.293    13.3146   3.608712    30.1315     1.3380     0.1835  1022.6695    1495.88  0.000e+00
   58.31626   11.78516     23.512     23.293    13.2891   3.606408    30.1303     1.3396     0.1835  1022.6735    1495.79  0.000e+00
   58.31626   11.78516     23.512     23.293    13.2729   3.604585    30.1262     1.3414     0.1835  1022.6735    1495.73  0.000e+00
   58.31626   11.78516     23.584     23.363    13.2533   3.602327    30.1207     1.3397     0.1835  1022.6734    1495.66  0.000e+00
   58.31626   11.78516     23.568     23.348    13.2260   3.599912    30.1199     1.3380     0.1835  1022.6780    1495.57  0.000e+00
   58.31626   11.78516     23.623     23.403    13.2023   3.597958    30.1205     1.3404     0.1835  1022.6833    1495.49  0.000e+00
   58.31626   11.78516     23.623     23.403    13.1796   3.596287    30.1229     1.3429     0.1835  1022.6896    1495.42  0.000e+00
   58.31626   11.78516     23.639     23.418    13.1500   3.593823    30.1234     1.3464     0.1835  1022.6957    1495.32  0.000e+00
   58.31626   11.78516     23.687     23.465    13.1254   3.591744    30.1236     1.3458     0.1835  1022.7009    1495.23  0.000e+00
   58.31626   11.78516     23.623     23.403    13.1101   3.589861    30.1181     1.3491     0.1835  1022.6993    1495.18  0.000e+00
   58.31626   11.78516     23.742     23.520    13.0895   3.587814    30.1154     1.3527     0.1713  1022.7017    1495.11  0.000e+00
   58.31626   11.78516     23.703     23.481    13.0662   3.585434    30.1117     1.3609     0.1713  1022.7031    1495.02  0.000e+00
