data/2020/st_E_conv.cnv
* Sea-Bird SBE 9 Data File:
* FileName = C:\Documents and Settings\Boat\Desktop\MAR440_TUES\st_E.hdr
* Software Version Seasave V 7.20a
* Temperature SN = 4766
* Conductivity SN = 3059
* Number of Bytes Per Scan = 34
* Number of Voltage Words = 5
* Number of Scans Averaged by the Deck Unit = 1
* NMEA Latitude = 58 18.97 N
* NMEA Longitude = 011 47.12 E
* NMEA UTC (Time) = Sep 22 2020  10:54:35
** StationNumber: st_E
** BottomDepth: 35
# nquan = 12
# nvalues = 13999                                 
# units = specified
# name 0 = latitude: Latitude [deg]
# name 1 = longitude: Longitude [deg]
# name 2 = prDM: Pressure, Digiquartz [db]
# name 3 = depSM: Depth [salt water, m]
# name 4 = t090C: Temperature [ITS-90, deg C]
# name 5 = c0S/m: Conductivity [S/m]
# name 6 = sal00: Salinity, Practical [PSU]
# name 7 = sbeox0ML/L: Oxygen, SBE 43 [ml/l]
# name 8 = flECO-AFL: Fluorescence, WET Labs ECO-AFL/FL [mg/m^3]
# name 9 = density00: Density [density, kg/m^3]
# name 10 = svCM: Sound Velocity [Chen-Millero, m/s]
# name 11 = flag:  0.000e+00
# span 0 =   58.31584,   58.31634                 
# span 1 =   11.78510,   11.78594                 
# span 2 =     -0.356,     33.740                 
# span 3 =     -0.353,     33.424                 
# span 4 =     7.2451,    15.8508                 
# span 5 =   0.253126,   3.769422                 
# span 6 =     1.6325,    31.2957                 
# span 7 =     0.0604,     6.7465                 
# span 8 =    -0.1828,     1.8075                 
# span 9 =  1000.3181,  1024.6243                 
# span 10 =    1468.81,    1502.19                
# span 11 = 0.0000e+00, 0.0000e+00                
# interval = seconds: 0.0416667
# start_time = Sep 22 2020 12:54:37 [System UpLoad Time]
# bad_flag = -9.990e-29
*END*
[from data line 4091]
   58.31630   11.78512     33.572     33.257     7.3373   3.212164    31.2141     0.1073     0.1713  1024.5479    1475.79  0.000e+00
   58.31630   11.78512     33.628     33.312     7.3374   3.212152    31.2139     0.1026     0.1713  1024.5479    1475.79  0.000e+00
   58.31630   11.78512     33.508     33.194     7.3375   3.212128    31.2136     0.1022     0.1713  1024.5472    1475.79  0.000e+00
   58.31630   11.78512     33.572     33.257     7.3372   3.212194    31.2146     0.1068     0.1713  1024.5483    1475.79  0.000e+00
   58.31630   11.78512     33.572     33.257     7.3367   3.212254    31.2157     0.1021     0.1591  1024.5492    1475.79  0.000e+00
   58.31630   11.78512     33.572     33.257     7.3364   3.212315    31.2166     0.1073     0.1713  1024.5499    1475.79  0.000e+00
   58.31630   11.78512     33.572     33.257     7.3365   3.212327    31.2166     0.1083     0.1591  1024.5499    1475.79  0.000e+00
   58.31630   11.78512     33.572     33.257     7.3367   3.212303    31.2162     0.1085     0.1591  1024.5496    1475.79  0.000e+00
   58.31630   11.78512     33.572     33.257     7.3361   3.212236    31.2161     0.1094     0.1713  1024.5496    1475.78  0.000e+00
   58.31630   11.78512     33.572     33.257     7.3355   3.212212    31.2163     0.1097     0.1591  1024.5499    1475.78  0.000e+00
   58.31630   11.78512     33.572     33.257     7.3354   3.212188    31.2161     0.1099     0.1713  1024.5497    1475.78  0.000e+00
   58.31630   11.78512     33.572     33.257     7.3364   3.212146    31.2148     0.1100     0.1591  1024.5485    1475.78  0.000e+00
   58.31630   11.78512     33.572     33.257     7.3371   3.212061    31.2133     0.1052     0.1591  1024.5472    1475.78  0.000e+00
   58.31630   11.78512     33.572     33.257     7.3373   3.212001    31.2124     0.1096     0.1713  1024.5465    1475.78  0.000e+00
   58.31630   11.78512     33.572     33.257     7.3377   3.211977    31.2118     0.1097     0.1713  1024.5460    1475.78  0.000e+00
   58.31630   11.78512     33.508     33.194     7.3370   3.211935    31.2120     0.1105     0.1591  1024.5459    1475.78  0.000e+00
   58.31630   11.78512     33.627     33.312     7.3372   3.211971    31.2121     0.1106     0.1835  1024.5466    1475.78  0.000e+00
   58.31630   11.78512     33.572     33.257     7.3373   3.211977    31.2121     0.1113     0.2080  1024.5463    1475.78  0.000e+00
   58.31630   11.78512     33.532     33.218     7.3370   3.212019    31.2129     0.1121     0.2080  1024.5467    1475.78  0.000e+00
   58.31630   11.78512     33.572     33.257     7.3369   3.211953    31.2123     0.1122     0.2080  1024.5465    1475.78  0.000e+00
   58.31630   11.78512     33.572     33.257     7.3379   3.211965    31.2115     0.1122     0.1958  1024.5457    1475.79  0.000e+00
   58.31630   11.78512     33.572     33.257     7.3377   3.211953    31.2116     0.1122     0.2080  1024.5458    1475.78  0.000e+00
   58.31630   11.78512     33.572     33.257     7.3373   3.211953    31.2119     0.1121     0.1958  1024.5461    1475.78  0.000e+00
   58.31630   11.78512     33.572     33.257     7.3372   3.211904    31.2115     0.1128     0.2080  1024.5458    1475.78  0.000e+00
   58.31630   11.78512     33.572     33.257     7.3364   3.211874    31.2118     0.1177     0.2080  1024.5462    1475.78  0.000e+00
   58.31630   11.78512     33.572     33.257     7.3369   3.211904    31.2118     0.1133     0.2080  1024.5461    1475.78  0.000e+00
   58.31630   11.78512     33.572     33.257     7.3362   3.211923    31.2125     0.1131     0.2080  1024.5468    1475.78  0.000e+00
   58.31630   11.78512     33.572     33.257     7.3356   3.211947    31.2134     0.1137     0.1958  1024.5475    1475.78  0.000e+00
   58.31630   11.78512     33.572     33.257     7.3363   3.211971    31.2130     0.1135     0.2080  1024.5471    1475.78  0.000e+00
   58.31630   11.78512     33.572     33.257     7.3365   3.211977    31.2129     0.1140     0.2080  1024.5470    1475.78  0.000e+00
   58.31630   11.78512     33.572     33.257     7.3349   3.211941    31.2139     0.1138     0.2080  1024.5480    1475.78  0.000e+00
   58.31630   11.78512     33.572     33.257     7.3338   3.211898    31.2145     0.1136     0.1958  1024.5486    1475.77  0.000e+00
   58.31630   11.78512     33.572     33.257     7.3322   3.211844    31.2153     0.1134     0.2080  1024.5495    1475.77  0.000e+00
   58.31630   11.78512     33.572     33.257     7.3312   3.211814    31.2159     0.1181     0.1958  1024.5501    1475.76  0.000e+00
   58.31630   11.78512     33.572     33.257     7.3305   3.211826    31.2166     0.1134     0.2080  1024.5508    1475.76  0.000e+00
   58.31630   11.78512     33.508     33.194     7.3302   3.211856    31.2173     0.1131     0.1958  1024.5510    1475.76  0.000e+00
   58.31630   11.78512     33.572     33.257     7.3301   3.211862    31.2174     0.1127     0.2080  1024.5514    1475.76  0.000e+00
   58.31630   11.78512     33.596     33.281     7.3302   3.211838    31.2170     0.1123     0.2080  1024.5512    1475.76  0.000e+00
   58.31630   11.78512     33.572     33.257     7.3320   3.211838    31.2154     0.1168     0.2080  1024.5496    1475.77  0.000e+00
   58.31630   11.78512     33.508     33.194     7.3335   3.211965    31.2155     0.1127     0.2080  1024.5492    1475.77  0.000e+00
   58.31630   11.78512     33.627     33.312     7.3348   3.212025    31.2149     0.1122     0.1958  1024.5491    1475.78  0.000e+00
   58.31630   11.78512     33.508     33.194     7.3370   3.212085    31.2136     0.1116     0.1835  1024.5472    1475.78  0.000e+00
   58.31630   11.78512     33.572     33.257     7.3387   3.212140    31.2126     0.1168     0.1958  1024.5465    1475.79  0.000e+00
   58.31630   11.78512     33.572     33.257     7.3402   3.212170    31.2116     0.1118     0.1958  1024.5455    1475.79  0.000e+00
   58.31630   11.78512     33.572     33.257     7.3428   3.212230    31.2099     0.1119     0.1958  1024.5438    1475.80  0.000e+00
   58.31630   11.78512     33.572     33.257     7.3443   3.212284    31.2092     0.1163     0.1958  1024.5431    1475.81  0.000e+00
   58.31630   11.78512     33.572     33.257     7.3438   3.212387    31.2107     0.1163     0.1835  1024.5443    1475.81  0.000e+00
   58.31630   11.78512     33.572     33.257     7.3413   3.212441    31.2136     0.1119     0.1835  1024.5469    1475.80  0.000e+00
   58.31630   11.78512     33.508     33.194     7.3388   3.212465    31.2161     0.1112     0.1835  1024.5489    1475.79  0.000e+00
   58.31630   11.78512     33.627     33.312     7.3373   3.212459    31.2173     0.1112     0.1958  1024.5506    1475.79  0.000e+00
   58.31630   11.78512     33.508     33.194     7.3377   3.212471    31.2172     0.1154     0.1835  1024.5499    1475.79  0.000e+00
   58.31630   11.78512     33.572     33.257     7.3403   3.212514    31.2152     0.1153     0.1958  1024.5483    1475.80  0.000e+00
   58.31630   11.78512     33.572     33.257     7.3416   3.212532    31.2143     0.1158     0.1958  1024.5474    1475.80  0.000e+00
   58.31630   11.78512     33.572     33.257     7.3414   3.212532    31.2144     0.1156     0.1835  1024.5476    1475.80  0.000e+00
   58.31630   11.78512     33.572     33.257     7.3437   3.212556    31.2127     0.1160     0.1835  1024.5459    1475.81  0.000e+00
   58.31630   11.78512     33.572     33.257     7.3460   3.212562    31.2106     0.1163     0.1835  1024.5439    1475.82  0.000e+00
   58.31630   11.78512     33.595     33.281     7.3462   3.212628    31.2111     0.1167     0.1958  1024.5444    1475.82  0.000e+00
   58.31630   11.78512     33.508     33.194     7.3440   3.212670    31.2136     0.1120     0.1835  1024.5463    1475.81  0.000e+00
   58.31630   11.78512     33.572     33.257     7.3417   3.212743    31.2164     0.1167     0.1835  1024.5491    1475.81  0.000e+00
   58.31630   11.78512     33.572     33.257     7.3409   3.212767    31.2175     0.1170     0.1835  1024.5500    1475.80  0.000e+00
   58.31630   11.78512     33.572     33.257     7.3394   3.212791    31.2190     0.1173     0.1835  1024.5514    1475.80  0.000e+00
   58.31630   11.78512     33.572     33.257     7.3377   3.212749    31.2201     0.1219     0.1835  1024.5525    1475.80  0.000e+00
   58.31630   11.78512     33.572     33.257     7.3353   3.212737    31.2222     0.1227     0.1958  1024.5545    1475.79  0.000e+00
   58.31630   11.78512     33.572     33.257     7.3337   3.212761    31.2239     0.1235     0.1835  1024.5560    1475.78  0.000e+00
   58.31630   11.78512     33.572     33.257     7.3325   3.212719    31.2245     0.1242     0.1835  1024.5566    1475.78  0.000e+00
   58.31630   11.78512     33.572     33.257     7.3305   3.212665    31.2256     0.1249     0.1835  1024.5578    1475.77  0.000e+00
   58.31630   11.78512     33.572     33.257     7.3291   3.212628    31.2265     0.1205     0.1835  1024.5587    1475.77  0.000e+00
   58.31630   11.78512     33.508     33.194     7.3294   3.212622    31.2262     0.1204     0.1713  1024.5581    1475.77  0.000e+00
   58.31630   11.78512     33.572     33.257     7.3312   3.212598    31.2243     0.1203     0.1835  1024.5567    1475.78  0.000e+00
   58.31630   11.78512     33.572     33.257     7.3335   3.212568    31.2220     0.1201     0.1713  1024.5546    1475.78  0.000e+00
   58.31630   11.78512     33.572     33.257     7.3355   3.212544    31.2199     0.1250     0.1835  1024.5527    1475.79  0.000e+00
   58.31630   11.78512     33.627     33.312     7.3364   3.212532    31.2189     0.1204     0.1713  1024.5520    1475.79  0.000e+00
   58.31630   11.78512     33.508     33.194     7.3369   3.212532    31.2185     0.1252     0.1835  1024.5511    1475.79  0.000e+00
   58.31630   11.78512     33.572     33.257     7.3370   3.212508    31.2181     0.1262     0.1713  1024.5510    1475.79  0.000e+00
   58.31630   11.78512     33.572     33.257     7.3368   3.212484    31.2181     0.1215     0.1835  1024.5511    1475.79  0.000e+00
   58.31630   11.78512     33.532     33.218     7.3367   3.212477    31.2181     0.1212     0.1835  1024.5509    1475.79  0.000e+00
   58.31630   11.78512     33.627     33.312     7.3370   3.212477    31.2178     0.1258     0.1713  1024.5510    1475.79  0.000e+00
   58.31630   11.78512     33.572     33.257     7.3372   3.212453    31.2174     0.1210     0.1835  1024.5504    1475.79  0.000e+00
   58.31630   11.78512     33.572     33.257     7.3373   3.212471    31.2175     0.1205     0.1835  1024.5505    1475.79  0.000e+00
   58.31630   11.78512     33.572     33.257     7.3372   3.212429    31.2171     0.1250     0.1835  1024.5503    1475.79  0.000e+00
   58.31630   11.78512     33.508     33.194     7.3372   3.212399    31.2168     0.1202     0.1835  1024.5497    1475.79  0.000e+00
   58.31630   11.78512     33.571     33.257     7.3364   3.212363    31.2171     0.1196     0.1835  1024.5503    1475.79  0.000e+00
   58.31630   11.78512     33.627     33.312     7.3359   3.212333    31.2173     0.1247     0.1713  1024.5508    1475.79  0.000e+00
   58.31630   11.78512     33.508     33.194     7.3353   3.212327    31.2178     0.1197     0.1713  1024.5507    1475.78  0.000e+00
   58.31630   11.78512     33.571     33.257     7.3343   3.212284    31.2182     0.1240     0.1713  1024.5515    1475.78  0.000e+00
   58.31630   11.78512     33.571     33.257     7.3335   3.212224    31.2182     0.1190     0.1835  1024.5516    1475.78  0.000e+00
   58.31630   11.78512     33.627     33.312     7.3333   3.212176    31.2179     0.1232     0.1835  1024.5516    1475.78  0.000e+00
   58.31630   11.78512     33.508     33.194     7.3336   3.212152    31.2174     0.1238     0.1713  1024.5507    1475.78  0.000e+00
   58.31630   11.78512     33.571     33.257     7.3340   3.212200    31.2176     0.1236     0.1713  1024.5510    1475.78  0.000e+00
   58.31630   11.78512     33.571     33.257     7.3348   3.212212    31.2169     0.1184     0.1713  1024.5504    1475.78  0.000e+00
   58.31630   11.78512     33.571     33.257     7.3353   3.212230    31.2167     0.1225     0.1713  1024.5502    1475.78  0.000e+00
   58.31630   11.78512     33.571     33.257     7.3333   3.212242    31.2186     0.1229     0.1835  1024.5519    1475.78  0.000e+00
   58.31630   11.78512     33.571     33.257     7.3304   3.212194    31.2207     0.1225     0.1713  1024.5539    1475.77  0.000e+00
   58.31630   11.78512     33.571     33.257     7.3293   3.212182    31.2216     0.1222     0.1835  1024.5548    1475.76  0.000e+00
   58.31630   11.78512     33.571     33.257     7.3297   3.212098    31.2203     0.1224     0.1713  1024.5537    1475.76  0.000e+00
   58.31630   11.78512     33.595     33.280     7.3304   3.212092    31.2196     0.1226     0.1835  1024.5532    1475.77  0.000e+00
   58.31630   11.78512     33.571     33.257     7.3302   3.212073    31.2196     0.1221     0.1713  1024.5531    1475.77  0.000e+00
   58.31630   11.78512     33.571     33.257     7.3293   3.212049    31.2202     0.1216     0.1713  1024.5537    1475.76  0.000e+00
   58.31630   11.78512     33.571     33.257     7.3272   3.212037    31.2219     0.1210     0.1835  1024.5554    1475.76  0.000e+00
   58.31630   11.78512     33.571     33.257     7.3228   3.212037    31.2259     0.1210     0.1835  1024.5591    1475.74  0.000e+00
   58.31630   11.78512     33.571     33.257     7.3161   3.212098    31.2326     0.1210     0.1835  1024.5653    1475.73  0.000e+00
   58.31630   11.78512     33.571     33.257     7.3118   3.212080    31.2362     0.1210     0.1713  1024.5687    1475.72  0.000e+00
   58.31630   11.78512     33.571     33.257     7.3113   3.212092    31.2369     0.1210     0.1835  1024.5692    1475.71  0.000e+00
   58.31630   11.78512     33.627     33.312     7.3130   3.212074    31.2351     0.1209     0.1713  1024.5679    1475.72  0.000e+00
   58.31630   11.78512     33.508     33.194     7.3156   3.212104    31.2332     0.1208     0.1835  1024.5655    1475.72  0.000e+00
   58.31630   11.78512     33.627     33.312     7.3170   3.212104    31.2318     0.1206     0.1713  1024.5648    1475.73  0.000e+00
   58.31630   11.78512     33.508     33.194     7.3169   3.212049    31.2314     0.1198     0.1835  1024.5639    1475.73  0.000e+00
   58.31630   11.78512     33.627     33.312     7.3169   3.212062    31.2315     0.1195     0.1835  1024.5645    1475.73  0.000e+00
   58.31630   11.78512     33.571     33.257     7.3155   3.212019    31.2323     0.1193     0.1835  1024.5651    1475.72  0.000e+00
   58.31630   11.78512     33.571     33.257     7.3110   3.212007    31.2362     0.1190     0.1835  1024.5687    1475.71  0.000e+00
   58.31630   11.78512     33.571     33.257     7.3091   3.212031    31.2382     0.1194     0.1835  1024.5705    1475.71  0.000e+00
   58.31630   11.78512     33.571     33.257     7.3092   3.211989    31.2377     0.1198     0.1835  1024.5701    1475.71  0.000e+00
   58.31630   11.78512     33.571     33.257     7.3101   3.211995    31.2369     0.1252     0.1835  1024.5694    1475.71  0.000e+00
   58.31630   11.78512     33.571     33.257     7.3112   3.211989    31.2358     0.1212     0.1835  1024.5684    1475.71  0.000e+00
   58.31630   11.78512     33.595     33.280     7.3116   3.212001    31.2356     0.1216     0.1835  1024.5683    1475.71  0.000e+00
   58.31630   11.78512     33.508     33.194     7.3124   3.212025    31.2352     0.1212     0.1835  1024.5675    1475.71  0.000e+00
   58.31630   11.78512     33.627     33.312     7.3133   3.212062    31.2347     0.1209     0.1835  1024.5675    1475.72  0.000e+00
   58.31630   11.78512     33.571     33.257     7.3139   3.212068    31.2343     0.1205     0.1835  1024.5669    1475.72  0.000e+00
   58.31630   11.78512     33.571     33.257     7.3154   3.212068    31.2329     0.1251     0.1835  1024.5656    1475.72  0.000e+00
