data/2020/st_E_conv.cnv
* Sea-Bird SBE 9 Data File:
* FileName = C:\Documents and Settings\Boat\Desktop\MAR440_TUES\st_E.hdr
* Software Version Seasave V 7.20a
* Temperature SN = 4766
* Conductivity SN = 3059
* Number of Bytes Per Scan = 34
* Number of Voltage Words = 5
* Number of Scans Averaged by the Deck Unit = 1
* NMEA Latitude = 58 18.97 N
* NMEA Longitude = 011 47.12 E
* NMEA UTC (Time) = Sep 22 2020  10:54:35
** StationNumber: st_E
** BottomDepth: 35
# nquan = 12
# nvalues = 13999                                 
# units = specified
# name 0 = latitude: Latitude [deg]
# name 1 = longitude: Longitude [deg]
# name 2 = prDM: Pressure, Digiquartz [db]
# name 3 = depSM: Depth [salt water, m]
# name 4 = t090C: Temperature [ITS-90, deg C]
# name 5 = c0S/m: Conductivity [S/m]
# name 6 = sal00: Salinity, Practical [PSU]
# name 7 = sbeox0ML/L: Oxygen, SBE 43 [ml/l]
# name 8 = flECO-AFL: Fluorescence, WET Labs ECO-AFL/FL [mg/m^3]
# name 9 = density00: Density [density, kg/m^3]
# name 10 = svCM: Sound Velocity [Chen-Millero, m/s]
# name 11 = flag:  0.000e+00
# span 0 =   58.31584,   58.31634                 
# span 1 =   11.78510,   11.78594                 
# span 2 =     -0.356,     33.740                 
# span 3 =     -0.353,     33.424                 
# span 4 =     7.2451,    15.8508                 
# span 5 =   0.253126,   3.769422                 
# span 6 =     1.6325,    31.2957                 
# span 7 =     0.0604,     6.7465                 
# span 8 =    -0.1828,     1.8075                 
# span 9 =  1000.3181,  1024.6243                 
# span 10 =    1468.81,    1502.19                
# span 11 = 0.0000e+00, 0.0000e+00                
# interval = seconds: 0.0416667
# start_time = Sep 22 2020 12:54:37 [System UpLoad Time]
# bad_flag = -9.990e-29
*END*
[from data line 10828]
   58.31610   11.78584     29.842     29.562     7.3878   3.207501    31.1203     0.1014     0.1591  1024.4502    1475.80  0.000e+00
   58.31610   11.78584     29.905     29.625     7.3871   3.207441    31.1203     0.0968     0.1591  1024.4506    1475.80  0.000e+00
   58.31610   11.78584     29.842     29.562     7.3879   3.207555    31.1208     0.0965     0.1591  1024.4506    1475.81  0.000e+00
   58.31610   11.78584     29.786     29.507     7.3887   3.207670    31.1214     0.0961     0.1591  1024.4506    1475.81  0.000e+00
   58.31610   11.78584     29.802     29.523     7.3913   3.207730    31.1196     0.0950     0.1591  1024.4490    1475.82  0.000e+00
   58.31610   11.78584     29.786     29.507     7.3946   3.207790    31.1173     0.0945     0.1591  1024.4466    1475.83  0.000e+00
   58.31610   11.78584     29.723     29.444     7.3968   3.207808    31.1156     0.0982     0.1835  1024.4447    1475.83  0.000e+00
   58.31610   11.78584     29.723     29.444     7.4010   3.207893    31.1127     0.0982     0.1835  1024.4419    1475.84  0.000e+00
   58.31610   11.78584     29.723     29.444     7.4040   3.207959    31.1107     0.0981     0.1835  1024.4399    1475.85  0.000e+00
   58.31610   11.78584     29.667     29.389     7.4074   3.208025    31.1084     0.0987     0.1713  1024.4373    1475.86  0.000e+00
   58.31610   11.78584     29.667     29.389     7.4105   3.208080    31.1062     0.0984     0.1835  1024.4352    1475.87  0.000e+00
   58.31610   11.78584     29.627     29.350     7.4139   3.208116    31.1036     0.0988     0.1713  1024.4325    1475.88  0.000e+00
   58.31610   11.78584     29.604     29.326     7.4162   3.208122    31.1016     0.0984     0.1713  1024.4306    1475.89  0.000e+00
   58.31610   11.78584     29.604     29.326     7.4158   3.208146    31.1022     0.0980     0.1713  1024.4310    1475.89  0.000e+00
   58.31610   11.78584     29.548     29.271     7.4158   3.208158    31.1023     0.0982     0.1835  1024.4309    1475.89  0.000e+00
   58.31610   11.78584     29.548     29.271     7.4155   3.208158    31.1026     0.0983     0.1835  1024.4312    1475.88  0.000e+00
   58.31610   11.78584     29.493     29.216     7.4149   3.208128    31.1029     0.0976     0.1713  1024.4312    1475.88  0.000e+00
   58.31610   11.78584     29.493     29.216     7.4131   3.208079    31.1040     0.0969     0.1713  1024.4323    1475.88  0.000e+00
   58.31610   11.78584     29.373     29.098     7.4131   3.207935    31.1025     0.0968     0.1835  1024.4306    1475.87  0.000e+00
   58.31610   11.78584     29.334     29.059     7.4150   3.207694    31.0982     0.0967     0.1835  1024.4268    1475.87  0.000e+00
   58.31610   11.78584     29.310     29.036     7.4170   3.207543    31.0948     0.1014     0.1835  1024.4237    1475.88  0.000e+00
   58.31610   11.78584     29.254     28.981     7.4181   3.207314    31.0914     0.0968     0.1835  1024.4207    1475.88  0.000e+00
   58.31610   11.78584     29.310     29.036     7.4179   3.207097    31.0892     0.0964     0.1835  1024.4192    1475.87  0.000e+00
   58.31610   11.78584     29.310     29.036     7.4149   3.207006    31.0909     0.1010     0.1835  1024.4210    1475.86  0.000e+00
   58.31610   11.78584     29.374     29.098     7.4126   3.207055    31.0934     0.1012     0.1713  1024.4236    1475.86  0.000e+00
   58.31610   11.78584     29.374     29.098     7.4108   3.207314    31.0978     0.1020     0.1835  1024.4273    1475.86  0.000e+00
   58.31610   11.78584     29.389     29.114     7.4087   3.207549    31.1023     0.0970     0.1713  1024.4311    1475.86  0.000e+00
   58.31610   11.78584     29.374     29.098     7.4013   3.207730    31.1109     0.0970     0.1713  1024.4388    1475.84  0.000e+00
   58.31610   11.78584     29.374     29.098     7.3997   3.207814    31.1132     0.0970     0.1835  1024.4409    1475.83  0.000e+00
   58.31610   11.78584     29.374     29.098     7.4043   3.207832    31.1092     0.0969     0.1835  1024.4371    1475.85  0.000e+00
   58.31610   11.78584     29.310     29.036     7.4076   3.207899    31.1070     0.1011     0.1835  1024.4346    1475.86  0.000e+00
   58.31610   11.78584     29.429     29.153     7.4027   3.207965    31.1121     0.1010     0.1958  1024.4398    1475.84  0.000e+00
   58.31610   11.78584     29.493     29.216     7.3989   3.208001    31.1159     0.0957     0.1958  1024.4436    1475.84  0.000e+00
   58.31610   11.78584     29.508     29.232     7.3989   3.208031    31.1162     0.1004     0.1835  1024.4439    1475.84  0.000e+00
   58.31610   11.78584     29.548     29.271     7.3994   3.208043    31.1159     0.0957     0.1835  1024.4438    1475.84  0.000e+00
   58.31610   11.78584     29.548     29.271     7.4011   3.208062    31.1145     0.1003     0.1958  1024.4425    1475.84  0.000e+00
   58.31610   11.78584     29.548     29.271     7.4052   3.208043    31.1106     0.1005     0.1835  1024.4389    1475.85  0.000e+00
   58.31610   11.78584     29.493     29.216     7.4104   3.208019    31.1058     0.1007     0.1835  1024.4341    1475.87  0.000e+00
   58.31610   11.78584     29.429     29.153     7.4158   3.207923    31.0999     0.1008     0.1958  1024.4284    1475.88  0.000e+00
   58.31610   11.78586     29.373     29.098     7.4200   3.207742    31.0942     0.1008     0.1835  1024.4231    1475.89  0.000e+00
   58.31610   11.78586     29.429     29.153     7.4215   3.207663    31.0920     0.1008     0.1958  1024.4215    1475.89  0.000e+00
   58.31610   11.78586     29.389     29.114     7.4200   3.207724    31.0940     0.1007     0.1958  1024.4230    1475.89  0.000e+00
   58.31610   11.78586     29.373     29.098     7.4165   3.207766    31.0976     0.1006     0.1958  1024.4263    1475.88  0.000e+00
   58.31610   11.78586     29.373     29.098     7.4145   3.207796    31.0997     0.1005     0.1835  1024.4282    1475.87  0.000e+00
   58.31610   11.78586     29.429     29.153     7.4134   3.207808    31.1008     0.1052     0.1958  1024.4295    1475.87  0.000e+00
   58.31610   11.78586     29.429     29.153     7.4152   3.207808    31.0992     0.1006     0.1835  1024.4280    1475.88  0.000e+00
   58.31610   11.78586     29.373     29.098     7.4181   3.207808    31.0966     0.1003     0.1958  1024.4253    1475.88  0.000e+00
   58.31610   11.78586     29.429     29.153     7.4212   3.207760    31.0933     0.1005     0.1835  1024.4226    1475.89  0.000e+00
   58.31610   11.78586     29.508     29.232     7.4236   3.207724    31.0907     0.1001     0.1958  1024.4206    1475.90  0.000e+00
   58.31610   11.78586     29.493     29.216     7.4255   3.207700    31.0887     0.1003     0.1835  1024.4187    1475.91  0.000e+00
   58.31610   11.78586     29.429     29.153     7.4265   3.207537    31.0861     0.0997     0.1958  1024.4162    1475.90  0.000e+00
   58.31610   11.78586     29.493     29.216     7.4262   3.207247    31.0833     0.0992     0.1958  1024.4143    1475.90  0.000e+00
   58.31610   11.78586     29.493     29.216     7.4252   3.206819    31.0796     0.0985     0.1958  1024.4115    1475.89  0.000e+00
   58.31610   11.78586     29.429     29.153     7.4244   3.206615    31.0781     0.0979     0.1835  1024.4102    1475.89  0.000e+00
   58.31610   11.78586     29.429     29.153     7.4233   3.206235    31.0751     0.0971     0.1835  1024.4080    1475.88  0.000e+00
   58.31610   11.78586     29.389     29.114     7.4195   3.205548    31.0711     0.1020     0.1835  1024.4051    1475.86  0.000e+00
   58.31610   11.78586     29.429     29.153     7.4165   3.205096    31.0689     0.0975     0.1713  1024.4040    1475.84  0.000e+00
   58.31610   11.78586     29.374     29.098     7.4160   3.205210    31.0706     0.1023     0.1713  1024.4052    1475.84  0.000e+00
   58.31610   11.78586     29.374     29.098     7.4171   3.205494    31.0726     0.0977     0.1835  1024.4066    1475.85  0.000e+00
   58.31610   11.78586     29.429     29.153     7.4178   3.205608    31.0733     0.0975     0.1713  1024.4073    1475.85  0.000e+00
   58.31610   11.78586     29.429     29.153     7.4173   3.205686    31.0745     0.0972     0.1713  1024.4083    1475.85  0.000e+00
   58.31610   11.78586     29.429     29.153     7.4157   3.205729    31.0764     0.1018     0.1835  1024.4101    1475.85  0.000e+00
   58.31610   11.78586     29.429     29.153     7.4139   3.205500    31.0756     0.0971     0.1713  1024.4096    1475.84  0.000e+00
   58.31610   11.78586     29.453     29.177     7.4126   3.205204    31.0735     0.0967     0.1835  1024.4083    1475.84  0.000e+00
   58.31610   11.78586     29.493     29.216     7.4128   3.205132    31.0726     0.0963     0.1835  1024.4077    1475.84  0.000e+00
   58.31610   11.78586     29.429     29.153     7.4139   3.205259    31.0730     0.1008     0.1835  1024.4076    1475.84  0.000e+00
   58.31610   11.78586     29.429     29.153     7.4145   3.205542    31.0755     0.1009     0.1835  1024.4094    1475.85  0.000e+00
   58.31610   11.78586     29.429     29.153     7.4176   3.205927    31.0768     0.1010     0.1835  1024.4101    1475.86  0.000e+00
   58.31610   11.78586     29.429     29.153     7.4210   3.206295    31.0778     0.1010     0.1713  1024.4104    1475.87  0.000e+00
   58.31610   11.78586     29.429     29.153     7.4226   3.206488    31.0784     0.0967     0.1835  1024.4106    1475.88  0.000e+00
   58.31610   11.78586     29.389     29.114     7.4231   3.206590    31.0790     0.0960     0.1713  1024.4109    1475.88  0.000e+00
   58.31610   11.78586     29.429     29.153     7.4233   3.206349    31.0763     0.1003     0.1835  1024.4089    1475.88  0.000e+00
   58.31610   11.78586     29.429     29.153     7.4210   3.205741    31.0718     0.1008     0.1713  1024.4057    1475.87  0.000e+00
   58.31610   11.78586     29.429     29.153     7.4181   3.205349    31.0702     0.1014     0.1835  1024.4048    1475.85  0.000e+00
   58.31610   11.78586     29.429     29.153     7.4174   3.205403    31.0714     0.1019     0.1835  1024.4058    1475.85  0.000e+00
   58.31610   11.78586     29.429     29.153     7.4178   3.205379    31.0708     0.1017     0.1835  1024.4053    1475.85  0.000e+00
   58.31610   11.78586     29.429     29.153     7.4176   3.205379    31.0709     0.0965     0.1713  1024.4055    1475.85  0.000e+00
   58.31610   11.78586     29.453     29.177     7.4176   3.205433    31.0715     0.1006     0.1713  1024.4060    1475.85  0.000e+00
   58.31610   11.78586     29.429     29.153     7.4179   3.205475    31.0717     0.0952     0.1713  1024.4060    1475.85  0.000e+00
   58.31610   11.78586     29.429     29.153     7.4179   3.205475    31.0717     0.0999     0.1591  1024.4060    1475.85  0.000e+00
   58.31610   11.78586     29.493     29.216     7.4174   3.205349    31.0708     0.0952     0.1591  1024.4056    1475.85  0.000e+00
   58.31610   11.78586     29.373     29.098     7.4162   3.204758    31.0656     0.0992     0.1713  1024.4012    1475.84  0.000e+00
   58.31610   11.78586     29.493     29.216     7.4123   3.203873    31.0595     0.0944     0.1591  1024.3975    1475.82  0.000e+00
   58.31610   11.78586     29.373     29.098     7.4102   3.203270    31.0550     0.0983     0.1713  1024.3937    1475.80  0.000e+00
   58.31610   11.78586     29.429     29.153     7.4092   3.202987    31.0528     0.0985     0.1591  1024.3924    1475.80  0.000e+00
   58.31610   11.78586     29.453     29.177     7.4089   3.202698    31.0500     0.0937     0.1591  1024.3903    1475.79  0.000e+00
   58.31610   11.78586     29.429     29.153     7.4074   3.202403    31.0481     0.0982     0.1591  1024.3889    1475.78  0.000e+00
   58.31608   11.78586     29.493     29.216     7.4066   3.202378    31.0485     0.0934     0.1591  1024.3897    1475.78  0.000e+00
   58.31608   11.78586     29.373     29.098     7.4064   3.202457    31.0496     0.0978     0.1713  1024.3900    1475.78  0.000e+00
   58.31608   11.78586     29.429     29.153     7.4068   3.202439    31.0491     0.0979     0.1713  1024.3898    1475.78  0.000e+00
   58.31608   11.78586     29.493     29.216     7.4068   3.202336    31.0480     0.0980     0.1713  1024.3892    1475.78  0.000e+00
   58.31608   11.78586     29.429     29.153     7.4064   3.202198    31.0468     0.0981     0.1713  1024.3880    1475.78  0.000e+00
   58.31608   11.78586     29.389     29.114     7.4064   3.202137    31.0462     0.0981     0.1591  1024.3874    1475.78  0.000e+00
   58.31608   11.78586     29.493     29.216     7.4063   3.202107    31.0460     0.0988     0.1591  1024.3877    1475.78  0.000e+00
   58.31608   11.78586     29.429     29.153     7.4063   3.201945    31.0442     0.0988     0.1591  1024.3860    1475.77  0.000e+00
   58.31608   11.78586     29.429     29.153     7.4060   3.201656    31.0414     0.0988     0.1713  1024.3838    1475.77  0.000e+00
   58.31608   11.78586     29.429     29.153     7.4058   3.201427    31.0391     0.0987     0.1713  1024.3821    1475.77  0.000e+00
   58.31608   11.78586     29.429     29.153     7.4055   3.201270    31.0377     0.1036     0.1591  1024.3810    1475.76  0.000e+00
   58.31608   11.78586     29.429     29.153     7.4055   3.201252    31.0375     0.1041     0.1591  1024.3809    1475.76  0.000e+00
   58.31608   11.78586     29.453     29.177     7.4052   3.201192    31.0371     0.1046     0.1591  1024.3807    1475.76  0.000e+00
   58.31608   11.78586     29.493     29.216     7.4055   3.201192    31.0368     0.1000     0.1713  1024.3806    1475.76  0.000e+00
   58.31608   11.78586     29.429     29.153     7.4053   3.201156    31.0366     0.0998     0.1591  1024.3802    1475.76  0.000e+00
   58.31608   11.78586     29.429     29.153     7.4052   3.201162    31.0368     0.0995     0.1591  1024.3803    1475.76  0.000e+00
   58.31608   11.78586     29.429     29.153     7.4053   3.201150    31.0366     0.0991     0.1591  1024.3801    1475.76  0.000e+00
   58.31608   11.78586     29.429     29.153     7.4055   3.201119    31.0361     0.1044     0.1591  1024.3797    1475.76  0.000e+00
   58.31608   11.78586     29.429     29.153     7.4056   3.201113    31.0359     0.1047     0.1591  1024.3796    1475.76  0.000e+00
   58.31608   11.78586     29.429     29.153     7.4058   3.201113    31.0358     0.1056     0.1591  1024.3794    1475.76  0.000e+00
   58.31608   11.78586     29.508     29.232     7.4060   3.201132    31.0357     0.1058     0.1591  1024.3798    1475.76  0.000e+00
   58.31608   11.78586     29.429     29.153     7.4058   3.201162    31.0363     0.1010     0.1591  1024.3798    1475.76  0.000e+00
   58.31608   11.78586     29.548     29.271     7.4058   3.201216    31.0368     0.1004     0.1591  1024.3808    1475.77  0.000e+00
   58.31608   11.78586     29.604     29.326     7.4056   3.201234    31.0371     0.1055     0.1591  1024.3813    1475.77  0.000e+00
   58.31608   11.78586     29.493     29.216     7.4058   3.201252    31.0372     0.1056     0.1591  1024.3809    1475.76  0.000e+00
   58.31608   11.78586     29.429     29.153     7.4063   3.201240    31.0367     0.1056     0.1591  1024.3801    1475.76  0.000e+00
   58.31608   11.78586     29.429     29.153     7.4064   3.201294    31.0371     0.1055     0.1591  1024.3804    1475.77  0.000e+00
   58.31608   11.78586     29.270     28.996     7.4063   3.201384    31.0383     0.1061     0.1591  1024.3806    1475.76  0.000e+00
   58.31608   11.78586     29.310     29.036     7.4052   3.201535    31.0409     0.1066     0.1591  1024.3830    1475.76  0.000e+00
   58.31608   11.78586     29.310     29.036     7.4039   3.201619    31.0430     0.1072     0.1591  1024.3848    1475.76  0.000e+00
   58.31608   11.78586     29.429     29.153     7.4045   3.201547    31.0415     0.1077     0.1591  1024.3841    1475.76  0.000e+00
   58.31608   11.78586     29.373     29.098     7.4055   3.201499    31.0402     0.1074     0.1591  1024.3827    1475.77  0.000e+00
