data/2020/st_F_conv.cnv
* Sea-Bird SBE 9 Data File:
* FileName = C:\Documents and Settings\Boat\Desktop\MAR440_TUES\st_F.hdr
* Software Version Seasave V 7.20a
* Temperature SN = 4766
* Conductivity SN = 3059
* Number of Bytes Per Scan = 34
* Number of Voltage Words = 5
* Number of Scans Averaged by the Deck Unit = 1
* NMEA Latitude = 58 18.65 N
* NMEA Longitude = 011 48.38 E
* NMEA UTC (Time) = Sep 22 2020  11:26:08
** StationNumber: st_F
** BottomDepth: 20
# nquan = 12
# nvalues = 8839                                  
# units = specified
# name 0 = latitude: Latitude [deg]
# name 1 = longitude: Longitude [deg]
# name 2 = prDM: Pressure, Digiquartz [db]
# name 3 = depSM: Depth [salt water, m]
# name 4 = t090C: Temperature [ITS-90, deg C]
# name 5 = c0S/m: Conductivity [S/m]
# name 6 = sal00: Salinity, Practical [PSU]
# name 7 = sbeox0ML/L: Oxygen, SBE 43 [ml/l]
# name 8 = flECO-AFL: Fluorescence, WET Labs ECO-AFL/FL [mg/m^3]
# name 9 = density00: Density [density, kg/m^3]
# name 10 = svCM: Sound Velocity [Chen-Millero, m/s]
# name 11 = flag:  0.000e+00
# span 0 =   58.31062,   58.31094                 
# span 1 =   11.80632,   11.80738                 
# span 2 =     -0.623,     18.979                 
# span 3 =     -0.618,     18.802                 
# span 4 =    13.3161,    15.7148                 
# span 5 =   0.290196,   3.721589                 
# span 6 =     1.9239,    29.9969                 
# span 7 =     0.3613,     7.0313                 
# span 8 =    -0.1461,     1.6121                 
# span 9 =  1000.6224,  1022.2513                 
# span 10 =    1466.31,    1500.57                
# span 11 = 0.0000e+00, 0.0000e+00                
# interval = seconds: 0.0416667
# start_time = Sep 22 2020 13:26:09 [System UpLoad Time]
# bad_flag = -9.990e-29
*END*
[from data line 8662]
   58.31062   11.80738     -0.277     -0.274    15.0734   1.452132    10.6288     6.9563     0.0859  1007.2508    1478.67  0.000e+00
   58.31062   11.80738     -0.094     -0.093    15.0731   1.457089    10.6682     6.9436     0.0859  1007.2819    1478.72  0.000e+00
   58.31062   11.80738     -0.277     -0.274    15.0715   1.465018    10.7316     6.9386     0.0859  1007.3299    1478.78  0.000e+00
   58.31062   11.80738     -0.158     -0.156    15.0676   1.449265    10.6076     6.9334     0.0859  1007.2362    1478.63  0.000e+00
   58.31062   11.80738     -0.332     -0.329    15.0619   1.383694    10.0901     6.9493     0.0859  1006.8401    1478.01  0.000e+00
   58.31062   11.80738     -0.158     -0.156    15.0549   1.369217     9.9775     6.9533     0.0859  1006.7559    1477.85  0.000e+00
   58.31062   11.80738     -0.213     -0.211    15.0441   1.374716    10.0237     6.9513     0.0859  1006.7929    1477.87  0.000e+00
   58.31062   11.80738     -0.332     -0.329    15.0313   1.395572    10.1918     6.9360     0.0248  1006.9233    1478.02  0.000e+00
   58.31062   11.80738     -0.213     -0.211    15.0217   1.419253    10.3819     6.9326    -0.0118  1007.0710    1478.21  0.000e+00
   58.31062   11.80738     -0.268     -0.266    15.0154   1.448665    10.6169     6.9138    -0.0240  1007.2519    1478.46  0.000e+00
   58.31062   11.80738     -0.213     -0.211    15.0129   1.490634    10.9515     6.8989    -0.0240  1007.5087    1478.84  0.000e+00
   58.31062   11.80738     -0.157     -0.156    15.0124   1.513740    11.1359     6.8864    -0.0118  1007.6503    1479.05  0.000e+00
   58.31062   11.80738      0.017      0.017    15.0152   1.520044    11.1854     6.8791    -0.0240  1007.6885    1479.12  0.000e+00
   58.31062   11.80738     -0.332     -0.329    15.0205   1.511315    11.1143     6.8811    -0.0240  1007.6315    1479.05  0.000e+00
   58.31062   11.80738     -0.213     -0.211    15.0268   1.480421    10.8663     6.8863    -0.0118  1007.4411    1478.79  0.000e+00
   58.31062   11.80738     -0.157     -0.156    15.0322   1.403899    10.2575     6.9073    -0.0240  1006.9742    1478.10  0.000e+00
   58.31062   11.80738     -0.213     -0.211    15.0362   1.306259     9.4864     6.9399    -0.0240  1006.3828    1477.22  0.000e+00
   58.31062   11.80738     -0.213     -0.211    15.0379   1.350449     9.8338     6.9261    -0.0240  1006.6485    1477.63  0.000e+00
   58.31062   11.80738     -0.213     -0.211    15.0314   1.454596    10.6597     6.8896    -0.0240  1007.2821    1478.57  0.000e+00
   58.31062   11.80738      0.136      0.135    15.0088   1.516329    11.1575     6.8700    -0.0240  1007.6688    1479.07  0.000e+00
   58.31062   11.80738     -0.038     -0.038    14.9847   1.527558    11.2541     6.8722    -0.0240  1007.7462    1479.10  0.000e+00
   58.31062   11.80738     -0.332     -0.329    14.9688   1.472868    10.8222     6.8909    -0.0240  1007.4168    1478.54  0.000e+00
   58.31062   11.80738     -0.387     -0.384    14.9582   1.364531     9.9651     6.9272    -0.0240  1006.7619    1477.51  0.000e+00
   58.31062   11.80738     -0.387     -0.384    14.9476   1.373205    10.0364     6.9294    -0.0240  1006.8184    1477.55  0.000e+00
   58.31062   11.80738     -0.094     -0.093    14.9362   1.473928    10.8396     6.8966    -0.0240  1007.4369    1478.45  0.000e+00
   58.31062   11.80738     -0.038     -0.038    14.9336   1.525811    11.2547     6.8833    -0.0240  1007.7556    1478.93  0.000e+00
   58.31062   11.80738     -0.094     -0.093    14.9426   1.537958    11.3494     6.8824    -0.0240  1007.8262    1479.07  0.000e+00
   58.31062   11.80738     -0.276     -0.273    14.9548   1.509658    11.1196     6.8952    -0.0240  1007.6473    1478.84  0.000e+00
   58.31062   11.80738     -0.387     -0.383    14.9656   1.366585     9.9794     6.9429    -0.0118  1006.7717    1477.55  0.000e+00
   58.31062   11.80738     -0.569     -0.564    14.9729   1.189282     8.5852     7.0072    -0.0118  1005.7016    1475.95  0.000e+00
   58.31062   11.80738     -0.331     -0.328    14.9749   1.320679     9.6147     6.9645    -0.0240  1006.4910    1477.16  0.000e+00
   58.31062   11.80738      0.018      0.017    14.9700   1.481866    10.8935     6.9129    -0.0607  1007.4728    1478.63  0.000e+00
   58.31062   11.80738      0.026      0.025    14.9641   1.536637    11.3326     6.9012    -0.1339  1007.8102    1479.12  0.000e+00
   58.31062   11.80738     -0.212     -0.210    14.9665   1.538831    11.3495     6.9015    -0.1461  1007.8216    1479.15  0.000e+00
   58.31062   11.80738     -0.387     -0.383    14.9766   1.472334    10.8158     6.9287    -0.1461  1007.4103    1478.56  0.000e+00
   58.31062   11.80738     -0.276     -0.273    14.9890   1.357293     9.9001     6.9678    -0.1461  1006.7074    1477.54  0.000e+00
   58.31062   11.80738     -0.212     -0.210    14.9971   1.360267     9.9215     6.9724    -0.1339  1006.7227    1477.59  0.000e+00
   58.31062   11.80738      0.018      0.018    14.9995   1.446158    10.6013     6.9451    -0.1461  1007.2439    1478.39  0.000e+00
   58.31062   11.80738     -0.212     -0.210    15.0018   1.480615    10.8747     6.9389    -0.1461  1007.4519    1478.71  0.000e+00
   58.31062   11.80738     -0.387     -0.383    15.0077   1.464844    10.7476     6.9404    -0.1339  1007.3527    1478.58  0.000e+00
   58.31062   11.80738     -0.387     -0.383    15.0139   1.438676    10.5380     6.9543    -0.1339  1007.1912    1478.36  0.000e+00
   58.31062   11.80738     -0.212     -0.210    15.0190   1.449339    10.6213     6.9517    -0.1461  1007.2548    1478.48  0.000e+00
   58.31062   11.80738     -0.038     -0.037    15.0229   1.478621    10.8531     6.9471    -0.1339  1007.4324    1478.76  0.000e+00
   58.31062   11.80738     -0.093     -0.092    15.0249   1.491194    10.9526     6.9439    -0.1339  1007.5081    1478.89  0.000e+00
   58.31062   11.80738     -0.331     -0.328    15.0264   1.474209    10.8170     6.9503    -0.1461  1007.4029    1478.73  0.000e+00
   58.31062   11.80738     -0.387     -0.383    15.0268   1.450279    10.6267     6.9590    -0.1461  1007.2568    1478.51  0.000e+00
   58.31062   11.80738     -0.212     -0.210    15.0264   1.458077    10.6887     6.9570    -0.1461  1007.3052    1478.58  0.000e+00
   58.31062   11.80738     -0.093     -0.092    15.0255   1.482613    10.8841     6.9445    -0.1339  1007.4555    1478.81  0.000e+00
   58.31062   11.80738     -0.093     -0.092    15.0207   1.493511    10.9722     6.9409    -0.1339  1007.5238    1478.89  0.000e+00
   58.31062   11.80738     -0.275     -0.273    15.0162   1.478815    10.8565     6.9505    -0.1339  1007.4351    1478.74  0.000e+00
   58.31062   11.80738     -0.275     -0.273    15.0144   1.452756    10.6497     6.9543    -0.1339  1007.2771    1478.50  0.000e+00
   58.31062   11.80738     -0.212     -0.210    15.0157   1.457145    10.6842     6.9471    -0.1339  1007.3036    1478.54  0.000e+00
   58.31062   11.80738     -0.093     -0.092    15.0171   1.480984    10.8735     6.9368    -0.1461  1007.4488    1478.77  0.000e+00
   58.31062   11.80738     -0.093     -0.092    15.0176   1.494678    10.9824     6.9296    -0.1461  1007.5321    1478.90  0.000e+00
   58.31062   11.80738     -0.212     -0.210    15.0164   1.483814    10.8962     6.9266    -0.1339  1007.4658    1478.79  0.000e+00
   58.31062   11.80738     -0.331     -0.328    15.0137   1.451132    10.6370     6.9309    -0.1339  1007.2672    1478.48  0.000e+00
   58.31062   11.80738     -0.212     -0.210    15.0119   1.431247    10.4796     6.9298    -0.1095  1007.1475    1478.29  0.000e+00
   58.31062   11.80738     -0.156     -0.155    15.0108   1.441102    10.5581     6.9188    -0.0973  1007.2081    1478.38  0.000e+00
   58.31062   11.80738     -0.093     -0.092    15.0100   1.449302    10.6234     6.9074    -0.0851  1007.2586    1478.45  0.000e+00
   58.31062   11.80738     -0.212     -0.210    15.0095   1.433258    10.4962     6.9037    -0.0973  1007.1607    1478.30  0.000e+00
   58.31062   11.80738     -0.386     -0.383    15.0081   1.406920    10.2877     6.9075    -0.0973  1007.0005    1478.05  0.000e+00
   58.31062   11.80738     -0.212     -0.210    15.0068   1.405239    10.2747     6.9033    -0.0973  1006.9916    1478.04  0.000e+00
   58.31062   11.80738     -0.156     -0.155    15.0062   1.424893    10.4307     6.8875    -0.0973  1007.1113    1478.22  0.000e+00
   58.31062   11.80738     -0.156     -0.155    15.0030   1.436184    10.5211     6.8698    -0.0973  1007.1811    1478.31  0.000e+00
   58.31062   11.80738     -0.267     -0.265    14.9981   1.425021    10.4338     6.8633    -0.0973  1007.1146    1478.19  0.000e+00
   58.31062   11.80738     -0.275     -0.272    14.9934   1.403009    10.2606     6.8651    -0.0973  1006.9827    1477.97  0.000e+00
   58.31062   11.80738     -0.275     -0.272    14.9900   1.403182    10.2628     6.8597    -0.0973  1006.9850    1477.96  0.000e+00
   58.31062   11.80738     -0.156     -0.154    14.9866   1.427608    10.4574     6.8418    -0.0973  1007.1352    1478.18  0.000e+00
   58.31062   11.80738     -0.211     -0.209    14.9831   1.443945    10.5881     6.8261    -0.0973  1007.2357    1478.32  0.000e+00
   58.31062   11.80738     -0.211     -0.209    14.9778   1.440589    10.5629     6.8219    -0.0973  1007.2172    1478.27  0.000e+00
   58.31062   11.80738     -0.275     -0.272    14.9726   1.425824    10.4470     6.8215    -0.0973  1007.1291    1478.12  0.000e+00
   58.31062   11.80738     -0.211     -0.209    14.9685   1.423055    10.4261     6.8125    -0.0973  1007.1141    1478.08  0.000e+00
   58.31062   11.80738     -0.156     -0.154    14.9656   1.433747    10.5118     6.7990    -0.0973  1007.1804    1478.17  0.000e+00
   58.31062   11.80738     -0.092     -0.091    14.9634   1.442997    10.5859     6.7902    -0.0973  1007.2379    1478.25  0.000e+00
   58.31062   11.80738     -0.211     -0.209    14.9614   1.438997    10.5546     6.7861    -0.0973  1007.2137    1478.21  0.000e+00
   58.31062   11.80738     -0.275     -0.272    14.9595   1.425295    10.4462     6.7813    -0.0973  1007.1308    1478.07  0.000e+00
   58.31062   11.80738     -0.211     -0.209    14.9578   1.422617    10.4254     6.7777    -0.0973  1007.1154    1478.04  0.000e+00
   58.31062   11.80738     -0.156     -0.154    14.9571   1.431928    10.4996     6.7657    -0.0973  1007.1726    1478.13  0.000e+00
   58.31062   11.80738      0.138      0.137    14.9568   1.451747    10.6572     6.7597    -0.0973  1007.2947    1478.32  0.000e+00
   58.31062   11.80738      0.138      0.137    14.9566   1.457728    10.7049     6.7495    -0.0973  1007.3312    1478.37  0.000e+00
   58.31062   11.80738     -0.267     -0.264    14.9563   1.383287    10.1139     6.7699    -0.0607  1006.8768    1477.68  0.000e+00
   58.31062   11.80738     -0.449     -0.445    14.9549   1.194934     8.6332     6.8285    -0.0362  1005.7420    1475.95  0.000e+00
   58.31062   11.80738     -0.386     -0.382    14.9534   1.174333     8.4729     6.8325    -0.0362  1005.6197    1475.76  0.000e+00
   58.31062   11.80738     -0.092     -0.091    14.9518   1.364094     9.9632     6.7641    -0.0484  1006.7630    1477.49  0.000e+00
   58.31062   11.80738      0.201      0.200    14.9504   1.477367    10.8630     6.7250    -0.0484  1007.4537    1478.53  0.000e+00
   58.31062   11.80738     -0.092     -0.091    14.9495   1.488554    10.9526     6.7196    -0.0362  1007.5211    1478.63  0.000e+00
   58.31062   11.80738     -0.330     -0.327    14.9479   1.406866    10.3030     6.7452    -0.0484  1007.0229    1477.87  0.000e+00
   58.31062   11.80738     -0.504     -0.500    14.9467   1.028599     7.3454     6.8681    -0.0484  1004.7562    1474.42  0.000e+00
   58.31062   11.80738     -0.623     -0.618    14.9458   0.639220     4.4071     6.9923    -0.0484  1002.5019    1470.98  0.000e+00
   58.31062   11.80738     -0.504     -0.500    14.9446   0.646196     4.4587     6.9905    -0.0362  1002.5423    1471.03  0.000e+00
   58.31062   11.80738     -0.155     -0.154    14.9441   1.199348     8.6700     6.8133    -0.0484  1005.7733    1475.96  0.000e+00
   58.31062   11.80738     -0.036     -0.036    14.9436   1.489308    10.9602     6.7197    -0.0484  1007.5282    1478.62  0.000e+00
   58.31062   11.80738     -0.092     -0.091    14.9425   1.528369    11.2727     6.7131    -0.0484  1007.7675    1478.98  0.000e+00
   58.31062   11.80738     -0.274     -0.272    14.9423   1.523595    11.2346     6.7124    -0.0484  1007.7375    1478.93  0.000e+00
   58.31062   11.80738     -0.330     -0.327    14.9424   1.466726    10.7805     6.7333    -0.0484  1007.3895    1478.40  0.000e+00
   58.31062   11.80738     -0.274     -0.272    14.9433   1.394833    10.2088     6.7641    -0.0484  1006.9517    1477.74  0.000e+00
   58.31062   11.80738     -0.092     -0.091    14.9436   1.410303    10.3314     6.7621    -0.0484  1007.0464    1477.89  0.000e+00
   58.31062   11.80738     -0.036     -0.036    14.9440   1.457150    10.7037     6.7499    -0.0484  1007.3318    1478.32  0.000e+00
   58.31062   11.80738     -0.211     -0.209    14.9435   1.469013    10.7984     6.7500    -0.0484  1007.4035    1478.43  0.000e+00
   58.31062   11.80738     -0.449     -0.444    14.9435   1.458519    10.7148     6.7571    -0.0484  1007.3384    1478.33  0.000e+00
   58.31062   11.80738     -0.266     -0.264    14.9433   1.462765    10.7487     6.7597    -0.0484  1007.3652    1478.37  0.000e+00
   58.31062   11.80738     -0.036     -0.036    14.9431   1.489710    10.9635     6.7550    -0.0484  1007.5309    1478.62  0.000e+00
   58.31062   11.80738     -0.036     -0.036    14.9426   1.512017    11.1419     6.7521    -0.0484  1007.6675    1478.83  0.000e+00
   58.31062   11.80738     -0.155     -0.154    14.9423   1.500123    11.0469     6.7647    -0.0484  1007.5944    1478.71  0.000e+00
   58.31062   11.80738     -0.385     -0.381    14.9418   1.452394    10.6665     6.7848     0.0737  1007.3020    1478.27  0.000e+00
   58.31062   11.80738     -0.274     -0.271    14.9419   1.402941    10.2734     6.8054     0.1958  1007.0015    1477.81  0.000e+00
   58.31062   11.80738     -0.210     -0.208    14.9419   1.418784    10.3992     6.8042     0.2202  1007.0981    1477.96  0.000e+00
   58.31062   11.80738     -0.091     -0.091    14.9421   1.462434    10.7463     6.7935     0.2202  1007.3645    1478.36  0.000e+00
   58.31062   11.80738     -0.155     -0.153    14.9404   1.483158    10.9120     6.7902     0.2080  1007.4914    1478.55  0.000e+00
   58.31062   11.80738     -0.210     -0.208    14.9384   1.472274    10.8258     6.7977     0.2080  1007.4254    1478.44  0.000e+00
   58.31062   11.80738     -0.329     -0.326    14.9364   1.442457    10.5889     6.8115     0.2080  1007.2438    1478.16  0.000e+00
   58.31062   11.80738     -0.210     -0.208    14.9358   1.434264    10.5238     6.8225     0.2080  1007.1946    1478.08  0.000e+00
   58.31062   11.80738     -0.155     -0.153    14.9353   1.449775    10.6474     6.8160     0.2080  1007.2895    1478.23  0.000e+00
   58.31062   11.80738     -0.155     -0.153    14.9340   1.453986    10.6813     6.8216     0.2080  1007.3157    1478.26  0.000e+00
   58.31062   11.80738     -0.274     -0.271    14.9292   1.432102    10.5084     6.8323     0.2080  1007.1836    1478.04  0.000e+00
   58.31062   11.80738     -0.274     -0.271    14.9236   1.410149    10.3355     6.8434     0.2080  1007.0521    1477.82  0.000e+00
   58.31062   11.80738     -0.266     -0.263    14.9190   1.422663    10.4361     6.8424     0.2080  1007.1300    1477.92  0.000e+00
   58.31062   11.80738     -0.091     -0.090    14.9152   1.450504    10.6586     6.8359     0.2080  1007.3019    1478.17  0.000e+00
   58.31062   11.80738     -0.155     -0.153    14.9127   1.462471    10.7547     6.8344     0.2080  1007.3756    1478.27  0.000e+00
