data/2020/st_F_conv.cnv
* Sea-Bird SBE 9 Data File:
* FileName = C:\Documents and Settings\Boat\Desktop\MAR440_TUES\st_F.hdr
* Software Version Seasave V 7.20a
* Temperature SN = 4766
* Conductivity SN = 3059
* Number of Bytes Per Scan = 34
* Number of Voltage Words = 5
* Number of Scans Averaged by the Deck Unit = 1
* NMEA Latitude = 58 18.65 N
* NMEA Longitude = 011 48.38 E
* NMEA UTC (Time) = Sep 22 2020  11:26:08
** StationNumber: st_F
** BottomDepth: 20
# nquan = 12
# nvalues = 8839                                  
# units = specified
# name 0 = latitude: Latitude [deg]
# name 1 = longitude: Longitude [deg]
# name 2 = prDM: Pressure, Digiquartz [db]
# name 3 = depSM: Depth [salt water, m]
# name 4 = t090C: Temperature [ITS-90, deg C]
# name 5 = c0S/m: Conductivity [S/m]
# name 6 = sal00: Salinity, Practical [PSU]
# name 7 = sbeox0ML/L: Oxygen, SBE 43 [ml/l]
# name 8 = flECO-AFL: Fluorescence, WET Labs ECO-AFL/FL [mg/m^3]
# name 9 = density00: Density [density, kg/m^3]
# name 10 = svCM: Sound Velocity [Chen-Millero, m/s]
# name 11 = flag:  0.000e+00
# span 0 =   58.31062,   58.31094                 
# span 1 =   11.80632,   11.80738                 
# span 2 =     -0.623,     18.979                 
# span 3 =     -0.618,     18.802                 
# span 4 =    13.3161,    15.7148                 
# span 5 =   0.290196,   3.721589                 
# span 6 =     1.9239,    29.9969                 
# span 7 =     0.3613,     7.0313                 
# span 8 =    -0.1461,     1.6121                 
# span 9 =  1000.6224,  1022.2513                 
# span 10 =    1466.31,    1500.57                
# span 11 = 0.0000e+00, 0.0000e+00                
# interval = seconds: 0.0416667
# start_time = Sep 22 2020 13:26:09 [System UpLoad Time]
# bad_flag = -9.990e-29
*END*
[from data line 1685]
   58.31092   11.80662     15.873     15.725    13.6157   3.538724    29.2548     1.1549     0.2446  1021.8995    1495.72  0.000e+00
   58.31092   11.80662     15.810     15.662    13.6295   3.540459    29.2602     1.1551     0.2446  1021.9006    1495.78  0.000e+00
   58.31092   11.80662     15.921     15.772    13.6396   3.542007    29.2667     1.1553     0.2568  1021.9041    1495.82  0.000e+00
   58.31092   11.80662     15.873     15.725    13.6453   3.543216    29.2734     1.1555     0.2446  1021.9080    1495.85  0.000e+00
   58.31092   11.80662     15.921     15.772    13.6515   3.544444    29.2799     1.1599     0.2568  1021.9120    1495.87  0.000e+00
   58.31092   11.80662     15.873     15.725    13.6595   3.546162    29.2896     1.1603     0.2446  1021.9177    1495.91  0.000e+00
   58.31092   11.80662     15.984     15.835    13.6697   3.548017    29.2987     1.1611     0.2446  1021.9232    1495.96  0.000e+00
   58.31092   11.80662     15.984     15.835    13.6803   3.549641    29.3056     1.1613     0.2446  1021.9264    1496.00  0.000e+00
   58.31092   11.80662     15.992     15.843    13.6885   3.551090    29.3125     1.1615     0.2446  1021.9302    1496.04  0.000e+00
   58.31092   11.80662     16.040     15.890    13.6949   3.552438    29.3199     1.1663     0.2568  1021.9349    1496.07  0.000e+00
   58.31092   11.80662     16.056     15.906    13.7043   3.553937    29.3265     1.1671     0.2446  1021.9381    1496.11  0.000e+00
   58.31092   11.80662     16.040     15.890    13.7155   3.555713    29.3342     1.1678     0.2568  1021.9418    1496.15  0.000e+00
   58.31092   11.80662     16.055     15.906    13.7303   3.558047    29.3443     1.1726     0.2446  1021.9467    1496.21  0.000e+00
   58.31092   11.80662     16.103     15.953    13.7584   3.561789    29.3570     1.1726     0.2568  1021.9512    1496.32  0.000e+00
   58.31092   11.80662     16.159     16.008    13.7912   3.566832    29.3780     1.1769     0.2568  1021.9612    1496.46  0.000e+00
   58.31092   11.80662     16.111     15.961    13.8245   3.572023    29.4000     1.1731     0.2324  1021.9713    1496.59  0.000e+00
   58.31092   11.80662     16.159     16.008    13.8450   3.575613    29.4170     1.1776     0.2202  1021.9806    1496.68  0.000e+00
   58.31092   11.80662     16.167     16.016    13.8601   3.577751    29.4250     1.1825     0.2202  1021.9838    1496.74  0.000e+00
   58.31092   11.80662     16.222     16.071    13.8741   3.579261    29.4281     1.1837     0.2202  1021.9836    1496.79  0.000e+00
   58.31092   11.80662     16.222     16.071    13.8816   3.580318    29.4319     1.1848     0.2202  1021.9851    1496.82  0.000e+00
   58.31092   11.80662     16.230     16.078    13.8853   3.580821    29.4337     1.1901     0.2202  1021.9857    1496.84  0.000e+00
   58.31092   11.80662     16.278     16.126    13.8899   3.581042    29.4322     1.1914     0.2202  1021.9839    1496.85  0.000e+00
   58.31092   11.80662     16.285     16.133    13.8919   3.581400    29.4339     1.1969     0.2202  1021.9849    1496.86  0.000e+00
   58.31092   11.80662     16.333     16.181    13.8926   3.582004    29.4389     1.1942     0.2202  1021.9888    1496.87  0.000e+00
   58.31092   11.80662     16.333     16.181    13.8963   3.583106    29.4461     1.1992     0.2202  1021.9936    1496.89  0.000e+00
   58.31092   11.80662     16.285     16.133    13.9077   3.585202    29.4565     1.2043     0.2202  1021.9991    1496.94  0.000e+00
   58.31092   11.80662     16.397     16.243    13.9199   3.587412    29.4673     1.2095     0.2202  1022.0055    1496.99  0.000e+00
   58.31092   11.80662     16.404     16.251    13.9259   3.588785    29.4752     1.2114     0.2202  1022.0105    1497.02  0.000e+00
   58.31092   11.80662     16.396     16.243    13.9284   3.589830    29.4828     1.2127     0.2202  1022.0158    1497.04  0.000e+00
   58.31092   11.80662     16.452     16.298    13.9382   3.591783    29.4931     1.2137     0.2202  1022.0220    1497.08  0.000e+00
   58.31092   11.80662     16.404     16.251    13.9530   3.594045    29.5024     1.2184     0.2202  1022.0260    1497.14  0.000e+00
   58.31092   11.80662     16.515     16.361    13.9607   3.595601    29.5106     1.2194     0.2324  1022.0313    1497.18  0.000e+00
   58.31092   11.80662     16.468     16.314    13.9642   3.596345    29.5148     1.2244     0.2202  1022.0336    1497.19  0.000e+00
   58.31092   11.80662     16.571     16.416    13.9667   3.596736    29.5164     1.2218     0.2202  1022.0348    1497.21  0.000e+00
   58.31092   11.80662     16.523     16.369    13.9699   3.597215    29.5182     1.2269     0.2202  1022.0354    1497.22  0.000e+00
   58.31092   11.80662     16.571     16.416    13.9717   3.597669    29.5210     1.2322     0.2324  1022.0374    1497.23  0.000e+00
   58.31092   11.80662     16.571     16.416    13.9822   3.599629    29.5308     1.2332     0.2202  1022.0429    1497.27  0.000e+00
   58.31092   11.80662     16.579     16.424    14.0089   3.603476    29.5454     1.2371     0.2202  1022.0488    1497.38  0.000e+00
   58.31092   11.80662     16.634     16.479    14.0358   3.606725    29.5543     1.2375     0.2202  1022.0504    1497.48  0.000e+00
   58.31092   11.80662     16.642     16.487    14.0542   3.608473    29.5561     1.2422     0.2202  1022.0482    1497.54  0.000e+00
   58.31092   11.80662     16.690     16.534    14.0643   3.609408    29.5568     1.2430     0.1958  1022.0470    1497.58  0.000e+00
   58.31092   11.80662     16.690     16.534    14.0742   3.610089    29.5554     1.2477     0.1958  1022.0439    1497.61  0.000e+00
   58.31092   11.80662     16.880     16.723    14.0819   3.611377    29.5612     1.2485     0.1958  1022.0476    1497.64  0.000e+00
   58.31092   11.80662     16.809     16.652    14.1077   3.614029    29.5655     1.2483     0.1958  1022.0455    1497.73  0.000e+00
   58.31092   11.80662     16.817     16.660    14.1496   3.616624    29.5570     1.2475     0.2080  1022.0305    1497.86  0.000e+00
   58.31092   11.80662     16.809     16.652    14.1669   3.615670    29.5351     1.2519     0.1958  1022.0101    1497.89  0.000e+00
   58.31092   11.80662     16.809     16.652    14.1427   3.611629    29.5170     1.2534     0.1958  1022.0010    1497.79  0.000e+00
   58.31092   11.80662     16.698     16.542    14.0728   3.605747    29.5170     1.2599     0.1958  1022.0146    1497.56  0.000e+00
   58.31092   11.80662     16.809     16.652    14.0497   3.602328    29.5036     1.2612     0.1958  1022.0094    1497.47  0.000e+00
   58.31092   11.80662     16.761     16.605    14.0503   3.603899    29.5174     1.2658     0.1958  1022.0197    1497.49  0.000e+00
   58.31092   11.80662     16.809     16.652    14.0891   3.610859    29.5509     1.2651     0.1958  1022.0380    1497.65  0.000e+00
   58.31092   11.80662     16.809     16.652    14.1463   3.617610    29.5684     1.2677     0.1958  1022.0399    1497.86  0.000e+00
   58.31092   11.80662     16.817     16.660    14.1515   3.619202    29.5789     1.2721     0.1958  1022.0469    1497.89  0.000e+00
   58.31092   11.80662     16.809     16.652    14.1398   3.618324    29.5799     1.2692     0.1958  1022.0501    1497.85  0.000e+00
   58.31092   11.80662     16.761     16.605    14.1129   3.614862    29.5691     1.2745     0.1958  1022.0469    1497.75  0.000e+00
   58.31092   11.80662     16.745     16.589    14.0691   3.609237    29.5515     1.2763     0.1958  1022.0421    1497.59  0.000e+00
   58.31092   11.80662     16.809     16.652    14.0426   3.607079    29.5522     1.2812     0.2080  1022.0483    1497.50  0.000e+00
   58.31092   11.80662     16.880     16.723    14.0598   3.610992    29.5746     1.2848     0.1958  1022.0624    1497.59  0.000e+00
   58.31092   11.80662     16.809     16.652    14.1078   3.616315    29.5862     1.2837     0.1958  1022.0614    1497.76  0.000e+00
   58.31092   11.80662     16.936     16.778    14.1092   3.617667    29.5974     1.2880     0.1958  1022.0703    1497.78  0.000e+00
   58.31092   11.80662     16.864     16.707    14.1162   3.616461    29.5810     1.2923     0.1958  1022.0559    1497.78  0.000e+00
   58.31092   11.80662     16.864     16.707    14.1369   3.613195    29.5355     1.2927     0.1958  1022.0167    1497.79  0.000e+00
   58.31092   11.80664     16.817     16.660    14.1135   3.606737    29.4948     1.2982     0.1958  1021.9898    1497.67  0.000e+00
   58.31092   11.80664     16.864     16.707    14.0549   3.598071    29.4609     1.3012     0.1958  1021.9757    1497.44  0.000e+00
   58.31092   11.80664     16.761     16.605    14.0008   3.591039    29.4383     1.3072     0.2080  1021.9686    1497.23  0.000e+00
   58.31092   11.80664     16.928     16.770    13.9657   3.588350    29.4406     1.3130     0.2202  1021.9782    1497.12  0.000e+00
   58.31092   11.80664     16.864     16.707    13.9385   3.587412    29.4528     1.3147     0.2080  1021.9928    1497.04  0.000e+00
   58.31092   11.80664     16.936     16.778    13.9276   3.585315    29.4421     1.3198     0.2080  1021.9870    1497.00  0.000e+00
   58.31092   11.80664     16.864     16.707    13.9185   3.583616    29.4336     1.3207     0.2080  1021.9819    1496.96  0.000e+00
   58.31092   11.80664     16.928     16.770    13.9040   3.583112    29.4400     1.3218     0.2080  1021.9901    1496.92  0.000e+00
   58.31092   11.80664     16.880     16.722    13.9138   3.581079    29.4141     1.3260     0.2080  1021.9679    1496.92  0.000e+00
   58.31092   11.80664     16.864     16.707    13.9065   3.577330    29.3854     1.3314     0.2080  1021.9472    1496.86  0.000e+00
   58.31092   11.80664     16.935     16.777    13.8827   3.573475    29.3685     1.3325     0.2080  1021.9392    1496.76  0.000e+00
   58.31092   11.80664     16.928     16.770    13.8448   3.571778    29.3819     1.3381     0.2080  1021.9570    1496.65  0.000e+00
   58.31092   11.80664     17.039     16.880    13.8551   3.575575    29.4087     1.3425     0.2080  1021.9761    1496.72  0.000e+00
   58.31092   11.80664     16.880     16.722    13.8892   3.583496    29.4549     1.3421     0.2080  1022.0042    1496.88  0.000e+00
   58.31092   11.80664     16.983     16.825    13.9225   3.589156    29.4810     1.3457     0.2080  1022.0182    1497.03  0.000e+00
   58.31092   11.80664     16.935     16.777    13.9552   3.592482    29.4863     1.3453     0.2080  1022.0155    1497.14  0.000e+00
   58.31092   11.80664     16.927     16.770    13.9953   3.596244    29.4898     1.3526     0.2080  1022.0102    1497.28  0.000e+00
   58.31092   11.80664     16.983     16.825    14.0238   3.599194    29.4948     1.3486     0.2080  1022.0086    1497.38  0.000e+00
   58.31092   11.80664     16.935     16.777    14.0288   3.600720    29.5049     1.3528     0.2080  1022.0151    1497.40  0.000e+00
   58.31092   11.80664     16.983     16.824    14.0201   3.603502    29.5368     1.3577     0.2080  1022.0417    1497.41  0.000e+00
   58.31092   11.80664     16.991     16.832    14.0453   3.609370    29.5709     1.3569     0.2080  1022.0630    1497.54  0.000e+00
   58.31092   11.80664     16.983     16.824    14.1135   3.614566    29.5659     1.3590     0.2080  1022.0453    1497.75  0.000e+00
   58.31092   11.80664     16.983     16.824    14.1448   3.617149    29.5653     1.3587     0.2080  1022.0386    1497.86  0.000e+00
   58.31092   11.80664     16.991     16.832    14.1704   3.619537    29.5674     1.3621     0.2080  1022.0351    1497.94  0.000e+00
   58.31092   11.80664     17.038     16.879    14.2014   3.620586    29.5532     1.3618     0.2080  1022.0180    1498.03  0.000e+00
   58.31092   11.80664     16.991     16.832    14.2067   3.620529    29.5487     1.3660     0.2080  1022.0133    1498.04  0.000e+00
   58.31092   11.80664     16.983     16.824    14.2073   3.619082    29.5350     1.3708     0.2202  1022.0026    1498.03  0.000e+00
   58.31092   11.80664     17.038     16.879    14.1961   3.617629    29.5305     1.3718     0.2202  1022.0016    1497.99  0.000e+00
   58.31092   11.80664     17.054     16.895    14.1846   3.616599    29.5299     1.3768     0.2202  1022.0036    1497.95  0.000e+00
   58.31092   11.80664     17.038     16.879    14.1740   3.613226    29.5075     1.3779     0.2202  1021.9884    1497.89  0.000e+00
   58.31092   11.80664     16.991     16.832    14.1462   3.608971    29.4901     1.3831     0.2202  1021.9804    1497.77  0.000e+00
   58.31092   11.80664     17.038     16.879    14.1126   3.607223    29.4999     1.3842     0.2202  1021.9949    1497.68  0.000e+00
   58.31092   11.80664     17.102     16.942    14.0816   3.606346    29.5156     1.3851     0.2202  1022.0135    1497.59  0.000e+00
   58.31092   11.80664     16.991     16.832    14.0655   3.605753    29.5226     1.3892     0.2202  1022.0217    1497.55  0.000e+00
   58.31092   11.80664     17.102     16.942    14.0610   3.606189    29.5299     1.3892     0.2202  1022.0287    1497.54  0.000e+00
   58.31092   11.80664     17.054     16.895    14.0737   3.608783    29.5438     1.3922     0.2202  1022.0367    1497.60  0.000e+00
   58.31092   11.80664     17.102     16.942    14.0984   3.611585    29.5503     1.3911     0.2202  1022.0369    1497.69  0.000e+00
   58.31092   11.80664     17.038     16.879    14.1029   3.612589    29.5560     1.3944     0.2202  1022.0401    1497.71  0.000e+00
   58.31092   11.80664     17.110     16.950    14.1107   3.614768    29.5699     1.3938     0.2202  1022.0495    1497.75  0.000e+00
   58.31092   11.80664     17.038     16.879    14.1502   3.619411    29.5817     1.3962     0.2202  1022.0504    1497.89  0.000e+00
   58.31092   11.80664     17.173     17.013    14.1964   3.623083    29.5796     1.3981     0.2324  1022.0400    1498.05  0.000e+00
   58.31092   11.80664     17.038     16.879    14.2136   3.624720    29.5813     1.3929     0.2202  1022.0373    1498.10  0.000e+00
   58.31092   11.80664     17.102     16.942    14.2215   3.626092    29.5877     1.3913     0.2202  1022.0408    1498.14  0.000e+00
   58.31092   11.80664     17.110     16.950    14.2348   3.628021    29.5950     1.3937     0.2202  1022.0438    1498.19  0.000e+00
   58.31092   11.80664     17.157     16.997    14.2408   3.629843    29.6069     1.3926     0.2324  1022.0520    1498.22  0.000e+00
   58.31092   11.80664     17.102     16.942    14.2383   3.630608    29.6158     1.3954     0.2202  1022.0591    1498.22  0.000e+00
   58.31092   11.80664     17.173     17.013    14.2261   3.631007    29.6287     1.3948     0.2324  1022.0718    1498.20  0.000e+00
   58.31092   11.80664     17.102     16.942    14.2333   3.630665    29.6201     1.3937     0.2202  1022.0634    1498.21  0.000e+00
   58.31092   11.80664     17.173     17.013    14.2332   3.628856    29.6038     1.3926     0.2202  1022.0512    1498.19  0.000e+00
   58.31092   11.80664     17.102     16.942    14.2202   3.626282    29.5904     1.3960     0.2202  1022.0432    1498.14  0.000e+00
   58.31092   11.80664     17.157     16.997    14.1863   3.623279    29.5891     1.3958     0.2080  1022.0493    1498.02  0.000e+00
   58.31092   11.80664     17.173     17.013    14.1644   3.621357    29.5885     1.3953     0.1958  1022.0533    1497.95  0.000e+00
   58.31092   11.80664     17.157     16.997    14.1551   3.620277    29.5858     1.3944     0.1958  1022.0531    1497.92  0.000e+00
   58.31092   11.80664     17.229     17.068    14.1420   3.618994    29.5842     1.3932     0.1958  1022.0548    1497.87  0.000e+00
   58.31092   11.80664     17.157     16.997    14.1354   3.618545    29.5852     1.3919     0.1958  1022.0566    1497.85  0.000e+00
   58.31092   11.80664     17.157     16.997    14.1393   3.618918    29.5856     1.3898     0.1958  1022.0561    1497.87  0.000e+00
   58.31092   11.80664     17.229     17.068    14.1509   3.619923    29.5858     1.3912     0.1958  1022.0542    1497.91  0.000e+00
