data/2020/st_F_conv.cnv
* Sea-Bird SBE 9 Data File:
* FileName = C:\Documents and Settings\Boat\Desktop\MAR440_TUES\st_F.hdr
* Software Version Seasave V 7.20a
* Temperature SN = 4766
* Conductivity SN = 3059
* Number of Bytes Per Scan = 34
* Number of Voltage Words = 5
* Number of Scans Averaged by the Deck Unit = 1
* NMEA Latitude = 58 18.65 N
* NMEA Longitude = 011 48.38 E
* NMEA UTC (Time) = Sep 22 2020  11:26:08
** StationNumber: st_F
** BottomDepth: 20
# nquan = 12
# nvalues = 8839                                  
# units = specified
# name 0 = latitude: Latitude [deg]
# name 1 = longitude: Longitude [deg]
# name 2 = prDM: Pressure, Digiquartz [db]
# name 3 = depSM: Depth [salt water, m]
# name 4 = t090C: Temperature [ITS-90, deg C]
# name 5 = c0S/m: Conductivity [S/m]
# name 6 = sal00: Salinity, Practical [PSU]
# name 7 = sbeox0ML/L: Oxygen, SBE 43 [ml/l]
# name 8 = flECO-AFL: Fluorescence, WET Labs ECO-AFL/FL [mg/m^3]
# name 9 = density00: Density [density, kg/m^3]
# name 10 = svCM: Sound Velocity [Chen-Millero, m/s]
# name 11 = flag:  0.000e+00
# span 0 =   58.31062,   58.31094                 
# span 1 =   11.80632,   11.80738                 
# span 2 =     -0.623,     18.979                 
# span 3 =     -0.618,     18.802                 
# span 4 =    13.3161,    15.7148                 
# span 5 =   0.290196,   3.721589                 
# span 6 =     1.9239,    29.9969                 
# span 7 =     0.3613,     7.0313                 
# span 8 =    -0.1461,     1.6121                 
# span 9 =  1000.6224,  1022.2513                 
# span 10 =    1466.31,    1500.57                
# span 11 = 0.0000e+00, 0.0000e+00                
# interval = seconds: 0.0416667
# start_time = Sep 22 2020 13:26:09 [System UpLoad Time]
# bad_flag = -9.990e-29
*END*
[from data line 3008]
   58.31090   11.80686     18.816     18.640    14.8042   3.720810    29.9934     1.2519     0.2080  1022.2410    1500.53  0.000e+00
   58.31090   11.80686     18.855     18.679    14.8045   3.720784    29.9929     1.2555     0.2080  1022.2407    1500.53  0.000e+00
   58.31090   11.80686     18.855     18.679    14.8040   3.720778    29.9932     1.2558     0.2080  1022.2410    1500.53  0.000e+00
   58.31090   11.80686     18.871     18.695    14.8037   3.720784    29.9935     1.2561     0.2080  1022.2414    1500.53  0.000e+00
   58.31090   11.80686     18.855     18.679    14.8034   3.720778    29.9937     1.2564     0.2080  1022.2416    1500.53  0.000e+00
   58.31090   11.80686     18.855     18.679    14.8035   3.720797    29.9938     1.2563     0.2080  1022.2416    1500.53  0.000e+00
   58.31090   11.80686     18.816     18.640    14.8040   3.720791    29.9933     1.2566     0.2080  1022.2410    1500.53  0.000e+00
   58.31090   11.80686     18.855     18.679    14.8040   3.720803    29.9934     1.2570     0.2080  1022.2412    1500.53  0.000e+00
   58.31090   11.80686     18.871     18.695    14.8039   3.720810    29.9936     1.2569     0.2080  1022.2415    1500.53  0.000e+00
   58.31090   11.80686     18.855     18.679    14.8037   3.720772    29.9934     1.2569     0.2080  1022.2413    1500.53  0.000e+00
   58.31090   11.80686     18.800     18.624    14.8037   3.720771    29.9935     1.2572     0.2080  1022.2411    1500.53  0.000e+00
   58.31090   11.80686     18.927     18.750    14.8034   3.720752    29.9935     1.2576     0.2080  1022.2417    1500.53  0.000e+00
   58.31090   11.80686     18.800     18.624    14.8029   3.720746    29.9939     1.2576     0.2080  1022.2415    1500.53  0.000e+00
   58.31090   11.80686     18.855     18.679    14.8023   3.720708    29.9939     1.2580     0.2080  1022.2419    1500.53  0.000e+00
   58.31090   11.80686     18.871     18.695    14.8025   3.720752    29.9942     1.2584     0.2080  1022.2422    1500.53  0.000e+00
   58.31090   11.80686     18.855     18.679    14.8029   3.720752    29.9939     1.2584     0.2080  1022.2418    1500.53  0.000e+00
   58.31090   11.80686     18.855     18.679    14.8023   3.720752    29.9943     1.2585     0.2080  1022.2422    1500.53  0.000e+00
   58.31090   11.80686     18.871     18.695    14.8026   3.720746    29.9940     1.2585     0.2080  1022.2420    1500.53  0.000e+00
   58.31090   11.80686     18.800     18.624    14.8029   3.720746    29.9939     1.2585     0.2080  1022.2415    1500.53  0.000e+00
   58.31090   11.80686     18.855     18.679    14.8034   3.720752    29.9935     1.2585     0.2080  1022.2414    1500.53  0.000e+00
   58.31090   11.80686     18.816     18.640    14.8039   3.720746    29.9931     1.2585     0.2080  1022.2408    1500.53  0.000e+00
   58.31090   11.80686     18.855     18.679    14.8035   3.720720    29.9931     1.2585     0.2202  1022.2410    1500.53  0.000e+00
   58.31090   11.80686     18.871     18.695    14.8020   3.720688    29.9940     1.2586     0.2080  1022.2422    1500.53  0.000e+00
   58.31090   11.80686     18.855     18.679    14.8018   3.720663    29.9939     1.2586     0.2080  1022.2420    1500.53  0.000e+00
   58.31090   11.80686     18.855     18.679    14.8029   3.720720    29.9936     1.2586     0.2080  1022.2416    1500.53  0.000e+00
   58.31090   11.80686     18.815     18.640    14.8034   3.720695    29.9930     1.2586     0.2080  1022.2409    1500.53  0.000e+00
   58.31090   11.80686     18.855     18.679    14.8032   3.720759    29.9937     1.2546     0.2080  1022.2416    1500.53  0.000e+00
   58.31090   11.80686     18.855     18.679    14.8029   3.720752    29.9939     1.2583     0.2080  1022.2418    1500.53  0.000e+00
   58.31090   11.80686     18.871     18.695    14.8030   3.720746    29.9937     1.2583     0.2324  1022.2417    1500.53  0.000e+00
   58.31090   11.80686     18.800     18.624    14.8025   3.720727    29.9940     1.2583     0.2446  1022.2417    1500.53  0.000e+00
   58.31090   11.80686     18.919     18.742    14.8030   3.720714    29.9934     1.2543     0.2324  1022.2417    1500.53  0.000e+00
   58.31090   11.80686     18.815     18.640    14.8028   3.720733    29.9938     1.2580     0.2324  1022.2415    1500.53  0.000e+00
   58.31090   11.80686     18.855     18.679    14.8030   3.720765    29.9939     1.2581     0.2324  1022.2418    1500.53  0.000e+00
   58.31090   11.80686     18.855     18.679    14.8027   3.720688    29.9935     1.2581     0.2324  1022.2415    1500.53  0.000e+00
   58.31090   11.80686     18.815     18.640    14.8028   3.720676    29.9933     1.2582     0.2446  1022.2412    1500.53  0.000e+00
   58.31090   11.80688     18.855     18.679    14.8032   3.720701    29.9932     1.2582     0.2324  1022.2412    1500.53  0.000e+00
   58.31090   11.80688     18.815     18.640    14.8032   3.720676    29.9929     1.2583     0.2324  1022.2408    1500.53  0.000e+00
   58.31090   11.80688     18.855     18.679    14.8025   3.720701    29.9937     1.2583     0.2324  1022.2417    1500.53  0.000e+00
   58.31090   11.80688     18.855     18.679    14.8032   3.720759    29.9937     1.2584     0.2324  1022.2416    1500.53  0.000e+00
   58.31090   11.80688     18.871     18.695    14.8039   3.720784    29.9934     1.2584     0.2324  1022.2413    1500.53  0.000e+00
   58.31090   11.80688     18.800     18.624    14.8043   3.720803    29.9932     1.2544     0.2324  1022.2407    1500.53  0.000e+00
   58.31090   11.80688     18.855     18.679    14.8052   3.720810    29.9926     1.2540     0.2324  1022.2403    1500.54  0.000e+00
   58.31090   11.80688     18.815     18.640    14.8051   3.720759    29.9923     1.2578     0.2324  1022.2399    1500.53  0.000e+00
   58.31090   11.80688     18.919     18.742    14.8040   3.720752    29.9930     1.2579     0.2324  1022.2411    1500.53  0.000e+00
   58.31090   11.80688     18.855     18.679    14.8040   3.720772    29.9932     1.2580     0.2324  1022.2410    1500.53  0.000e+00
   58.31090   11.80688     18.815     18.640    14.8039   3.720778    29.9933     1.2580     0.2324  1022.2410    1500.53  0.000e+00
   58.31090   11.80688     18.855     18.679    14.8040   3.720759    29.9930     1.2581     0.2324  1022.2409    1500.53  0.000e+00
   58.31090   11.80688     18.855     18.679    14.8039   3.720772    29.9933     1.2582     0.2324  1022.2411    1500.53  0.000e+00
   58.31090   11.80688     18.815     18.640    14.8040   3.720752    29.9930     1.2583     0.2324  1022.2407    1500.53  0.000e+00
   58.31090   11.80688     18.855     18.679    14.8042   3.720746    29.9928     1.2539     0.2324  1022.2407    1500.53  0.000e+00
   58.31090   11.80688     18.871     18.695    14.8056   3.720880    29.9930     1.2576     0.2324  1022.2406    1500.54  0.000e+00
   58.31090   11.80688     18.799     18.624    14.8062   3.720906    29.9927     1.2536     0.2324  1022.2399    1500.54  0.000e+00
   58.31090   11.80688     18.855     18.679    14.8065   3.720906    29.9924     1.2533     0.2324  1022.2399    1500.54  0.000e+00
   58.31090   11.80688     18.871     18.695    14.8064   3.720893    29.9924     1.2530     0.2202  1022.2400    1500.54  0.000e+00
   58.31090   11.80688     18.855     18.679    14.8064   3.720899    29.9925     1.2528     0.2202  1022.2400    1500.54  0.000e+00
   58.31090   11.80688     18.799     18.624    14.8065   3.720880    29.9922     1.2525     0.2202  1022.2395    1500.54  0.000e+00
   58.31090   11.80688     18.871     18.695    14.8059   3.720886    29.9928     1.2523     0.2202  1022.2404    1500.54  0.000e+00
   58.31090   11.80688     18.855     18.679    14.8052   3.720855    29.9930     1.2521     0.2202  1022.2406    1500.54  0.000e+00
   58.31090   11.80688     18.855     18.679    14.8048   3.720861    29.9933     1.2519     0.2324  1022.2410    1500.53  0.000e+00
   58.31090   11.80688     18.871     18.695    14.8052   3.720874    29.9932     1.2558     0.2202  1022.2408    1500.54  0.000e+00
   58.31090   11.80688     18.799     18.624    14.8056   3.720886    29.9930     1.2560     0.2202  1022.2403    1500.54  0.000e+00
   58.31090   11.80688     18.855     18.679    14.8059   3.720874    29.9927     1.2562     0.2202  1022.2402    1500.54  0.000e+00
   58.31090   11.80688     18.815     18.640    14.8061   3.720848    29.9923     1.2523     0.2202  1022.2397    1500.54  0.000e+00
   58.31090   11.80688     18.855     18.679    14.8061   3.720829    29.9921     1.2562     0.2202  1022.2398    1500.54  0.000e+00
   58.31090   11.80688     18.871     18.695    14.8047   3.720740    29.9924     1.2565     0.2202  1022.2403    1500.53  0.000e+00
   58.31090   11.80688     18.799     18.624    14.8023   3.720688    29.9938     1.2527     0.2202  1022.2416    1500.53  0.000e+00
   58.31090   11.80688     18.918     18.742    14.8019   3.720688    29.9941     1.2526     0.2202  1022.2424    1500.53  0.000e+00
   58.31090   11.80688     18.815     18.640    14.8032   3.720656    29.9928     1.2524     0.2202  1022.2407    1500.53  0.000e+00
   58.31090   11.80688     18.855     18.679    14.8039   3.720695    29.9926     1.2564     0.2202  1022.2406    1500.53  0.000e+00
   58.31090   11.80688     18.855     18.679    14.8042   3.720688    29.9923     1.2566     0.2202  1022.2403    1500.53  0.000e+00
   58.31090   11.80688     18.871     18.695    14.8047   3.720759    29.9925     1.2528     0.2202  1022.2404    1500.53  0.000e+00
   58.31090   11.80688     18.799     18.624    14.8052   3.720829    29.9928     1.2568     0.2202  1022.2402    1500.53  0.000e+00
   58.31090   11.80688     18.855     18.679    14.8054   3.720861    29.9929     1.2530     0.2202  1022.2405    1500.54  0.000e+00
   58.31090   11.80688     18.871     18.695    14.8059   3.720886    29.9928     1.2529     0.2324  1022.2404    1500.54  0.000e+00
   58.31090   11.80688     18.855     18.679    14.8062   3.720925    29.9928     1.2528     0.2202  1022.2403    1500.54  0.000e+00
   58.31090   11.80688     18.799     18.624    14.8062   3.720886    29.9925     1.2524     0.2202  1022.2398    1500.54  0.000e+00
   58.31090   11.80688     18.926     18.750    14.8062   3.720874    29.9924     1.2523     0.2080  1022.2402    1500.54  0.000e+00
   58.31090   11.80688     18.799     18.624    14.8056   3.720886    29.9930     1.2523     0.1958  1022.2403    1500.54  0.000e+00
   58.31090   11.80688     18.871     18.695    14.8056   3.720829    29.9925     1.2523     0.1958  1022.2402    1500.54  0.000e+00
   58.31090   11.80688     18.855     18.679    14.8048   3.720784    29.9927     1.2560     0.1958  1022.2404    1500.53  0.000e+00
   58.31090   11.80688     18.855     18.679    14.8035   3.720759    29.9934     1.2523     0.1958  1022.2413    1500.53  0.000e+00
   58.31090   11.80688     18.815     18.639    14.8026   3.720746    29.9940     1.2523     0.1958  1022.2418    1500.53  0.000e+00
   58.31090   11.80688     18.855     18.679    14.8026   3.720746    29.9940     1.2523     0.1958  1022.2419    1500.53  0.000e+00
   58.31090   11.80688     18.855     18.679    14.8035   3.720752    29.9934     1.2524     0.1958  1022.2413    1500.53  0.000e+00
   58.31090   11.80688     18.871     18.694    14.8040   3.720772    29.9932     1.2483     0.1958  1022.2411    1500.53  0.000e+00
   58.31090   11.80688     18.799     18.624    14.8037   3.720752    29.9933     1.2480     0.1958  1022.2409    1500.53  0.000e+00
   58.31090   11.80688     18.918     18.742    14.8037   3.720765    29.9933     1.2518     0.1958  1022.2415    1500.53  0.000e+00
   58.31090   11.80688     18.815     18.639    14.8039   3.720740    29.9930     1.2479     0.1958  1022.2408    1500.53  0.000e+00
   58.31090   11.80688     18.855     18.679    14.8039   3.720765    29.9932     1.2476     0.1958  1022.2411    1500.53  0.000e+00
   58.31090   11.80688     18.855     18.679    14.8042   3.720727    29.9926     1.2470     0.1958  1022.2406    1500.53  0.000e+00
   58.31090   11.80688     18.815     18.639    14.8042   3.720771    29.9931     1.2464     0.1958  1022.2407    1500.53  0.000e+00
   58.31090   11.80688     18.855     18.679    14.8042   3.720752    29.9929     1.2463     0.1958  1022.2408    1500.53  0.000e+00
   58.31090   11.80688     18.871     18.694    14.8039   3.720746    29.9930     1.2502     0.1958  1022.2410    1500.53  0.000e+00
   58.31090   11.80688     18.855     18.679    14.8037   3.720708    29.9929     1.2505     0.1958  1022.2409    1500.53  0.000e+00
   58.31090   11.80688     18.855     18.679    14.8032   3.720708    29.9932     1.2467     0.1958  1022.2412    1500.53  0.000e+00
   58.31090   11.80688     18.871     18.694    14.8032   3.720733    29.9934     1.2507     0.1958  1022.2415    1500.53  0.000e+00
   58.31090   11.80688     18.799     18.624    14.8030   3.720746    29.9937     1.2511     0.1958  1022.2414    1500.53  0.000e+00
   58.31090   11.80688     18.855     18.679    14.8032   3.720752    29.9936     1.2514     0.1958  1022.2416    1500.53  0.000e+00
   58.31090   11.80688     18.871     18.694    14.8032   3.720701    29.9932     1.2473     0.1958  1022.2412    1500.53  0.000e+00
   58.31090   11.80688     18.855     18.679    14.8030   3.720682    29.9932     1.2514     0.1958  1022.2412    1500.53  0.000e+00
   58.31090   11.80688     18.855     18.679    14.8023   3.720644    29.9933     1.2514     0.2080  1022.2415    1500.53  0.000e+00
   58.31090   11.80688     18.871     18.694    14.8017   3.720637    29.9938     1.2514     0.2202  1022.2420    1500.53  0.000e+00
   58.31090   11.80688     18.799     18.624    14.8020   3.720644    29.9936     1.2514     0.2324  1022.2415    1500.53  0.000e+00
   58.31090   11.80688     18.855     18.679    14.8016   3.720631    29.9937     1.2514     0.2202  1022.2419    1500.53  0.000e+00
   58.31090   11.80688     18.871     18.694    14.8014   3.720637    29.9940     1.2474     0.2202  1022.2423    1500.52  0.000e+00
   58.31090   11.80688     18.799     18.624    14.8015   3.720618    29.9938     1.2511     0.2202  1022.2418    1500.52  0.000e+00
   58.31090   11.80688     18.926     18.749    14.8013   3.720612    29.9938     1.2511     0.2202  1022.2424    1500.53  0.000e+00
   58.31090   11.80688     18.855     18.679    14.8008   3.720573    29.9938     1.2511     0.2202  1022.2422    1500.52  0.000e+00
   58.31090   11.80688     18.799     18.624    14.8003   3.720548    29.9940     1.2516     0.2202  1022.2422    1500.52  0.000e+00
   58.31090   11.80688     18.871     18.694    14.8001   3.720548    29.9942     1.2520     0.2202  1022.2427    1500.52  0.000e+00
   58.31090   11.80688     18.855     18.679    14.8000   3.720529    29.9941     1.2484     0.2202  1022.2425    1500.52  0.000e+00
   58.31090   11.80688     18.855     18.679    14.7998   3.720516    29.9942     1.2522     0.2202  1022.2427    1500.52  0.000e+00
   58.31090   11.80688     18.871     18.694    14.7998   3.720465    29.9937     1.2486     0.2202  1022.2424    1500.52  0.000e+00
   58.31090   11.80688     18.799     18.624    14.7999   3.720510    29.9940     1.2528     0.2202  1022.2422    1500.52  0.000e+00
   58.31090   11.80688     18.855     18.679    14.7997   3.720542    29.9945     1.2489     0.2202  1022.2429    1500.52  0.000e+00
   58.31090   11.80688     18.871     18.694    14.7994   3.720548    29.9947     1.2486     0.2202  1022.2432    1500.52  0.000e+00
   58.31090   11.80688     18.855     18.679    14.7991   3.720586    29.9953     1.2484     0.2202  1022.2437    1500.52  0.000e+00
   58.31090   11.80688     18.855     18.679    14.7990   3.720580    29.9953     1.2486     0.2202  1022.2437    1500.52  0.000e+00
   58.31090   11.80688     18.871     18.694    14.7991   3.720625    29.9956     1.2529     0.2202  1022.2440    1500.52  0.000e+00
