data/2020/st_F_conv.cnv
* Sea-Bird SBE 9 Data File:
* FileName = C:\Documents and Settings\Boat\Desktop\MAR440_TUES\st_F.hdr
* Software Version Seasave V 7.20a
* Temperature SN = 4766
* Conductivity SN = 3059
* Number of Bytes Per Scan = 34
* Number of Voltage Words = 5
* Number of Scans Averaged by the Deck Unit = 1
* NMEA Latitude = 58 18.65 N
* NMEA Longitude = 011 48.38 E
* NMEA UTC (Time) = Sep 22 2020  11:26:08
** StationNumber: st_F
** BottomDepth: 20
# nquan = 12
# nvalues = 8839                                  
# units = specified
# name 0 = latitude: Latitude [deg]
# name 1 = longitude: Longitude [deg]
# name 2 = prDM: Pressure, Digiquartz [db]
# name 3 = depSM: Depth [salt water, m]
# name 4 = t090C: Temperature [ITS-90, deg C]
# name 5 = c0S/m: Conductivity [S/m]
# name 6 = sal00: Salinity, Practical [PSU]
# name 7 = sbeox0ML/L: Oxygen, SBE 43 [ml/l]
# name 8 = flECO-AFL: Fluorescence, WET Labs ECO-AFL/FL [mg/m^3]
# name 9 = density00: Density [density, kg/m^3]
# name 10 = svCM: Sound Velocity [Chen-Millero, m/s]
# name 11 = flag:  0.000e+00
# span 0 =   58.31062,   58.31094                 
# span 1 =   11.80632,   11.80738                 
# span 2 =     -0.623,     18.979                 
# span 3 =     -0.618,     18.802                 
# span 4 =    13.3161,    15.7148                 
# span 5 =   0.290196,   3.721589                 
# span 6 =     1.9239,    29.9969                 
# span 7 =     0.3613,     7.0313                 
# span 8 =    -0.1461,     1.6121                 
# span 9 =  1000.6224,  1022.2513                 
# span 10 =    1466.31,    1500.57                
# span 11 = 0.0000e+00, 0.0000e+00                
# interval = seconds: 0.0416667
# start_time = Sep 22 2020 13:26:09 [System UpLoad Time]
# bad_flag = -9.990e-29
*END*
[from data line 4211]
   58.31088   11.80704     18.694     18.519    14.8092   3.720126    29.9834     1.3131     0.2568  1022.2317    1500.54  0.000e+00
   58.31088   11.80704     18.741     18.566    14.8093   3.720107    29.9832     1.3136     0.2568  1022.2317    1500.54  0.000e+00
   58.31088   11.80704     18.678     18.503    14.8094   3.720120    29.9832     1.3136     0.2446  1022.2314    1500.54  0.000e+00
   58.31088   11.80704     18.694     18.519    14.8096   3.720126    29.9832     1.3140     0.2568  1022.2314    1500.54  0.000e+00
   58.31088   11.80704     18.678     18.503    14.8096   3.720132    29.9832     1.3140     0.2446  1022.2314    1500.54  0.000e+00
   58.31088   11.80704     18.678     18.503    14.8098   3.720126    29.9830     1.3140     0.2568  1022.2312    1500.54  0.000e+00
   58.31088   11.80704     18.694     18.519    14.8098   3.720126    29.9830     1.3139     0.2446  1022.2313    1500.54  0.000e+00
   58.31088   11.80704     18.741     18.566    14.8098   3.720133    29.9831     1.3138     0.2446  1022.2315    1500.54  0.000e+00
   58.31088   11.80704     18.575     18.401    14.8096   3.720081    29.9828     1.3137     0.2446  1022.2306    1500.53  0.000e+00
   58.31088   11.80704     18.741     18.566    14.8094   3.720107    29.9831     1.3135     0.2568  1022.2316    1500.54  0.000e+00
   58.31088   11.80704     18.741     18.566    14.8096   3.720145    29.9833     1.3174     0.2568  1022.2317    1500.54  0.000e+00
   58.31088   11.80704     18.694     18.519    14.8098   3.720120    29.9830     1.3175     0.2568  1022.2312    1500.54  0.000e+00
   58.31088   11.80704     18.622     18.448    14.8093   3.720120    29.9834     1.3136     0.2446  1022.2313    1500.53  0.000e+00
   58.31088   11.80704     18.741     18.566    14.8094   3.720145    29.9834     1.3133     0.2446  1022.2319    1500.54  0.000e+00
   58.31088   11.80704     18.694     18.519    14.8094   3.720139    29.9834     1.3129     0.2324  1022.2316    1500.54  0.000e+00
   58.31088   11.80704     18.622     18.448    14.8094   3.720126    29.9833     1.3165     0.2202  1022.2313    1500.53  0.000e+00
   58.31088   11.80704     18.741     18.566    14.8096   3.720171    29.9835     1.3165     0.2202  1022.2319    1500.54  0.000e+00
   58.31088   11.80704     18.630     18.456    14.8096   3.720101    29.9829     1.3123     0.2202  1022.2310    1500.53  0.000e+00
   58.31088   11.80704     18.678     18.503    14.8100   3.720113    29.9828     1.3163     0.2202  1022.2310    1500.54  0.000e+00
   58.31088   11.80704     18.678     18.503    14.8098   3.720145    29.9832     1.3165     0.2202  1022.2313    1500.54  0.000e+00
   58.31088   11.80704     18.694     18.519    14.8101   3.720139    29.9829     1.3167     0.2324  1022.2311    1500.54  0.000e+00
   58.31088   11.80704     18.678     18.503    14.8103   3.720177    29.9831     1.3169     0.2202  1022.2312    1500.54  0.000e+00
   58.31088   11.80704     18.630     18.456    14.8101   3.720139    29.9829     1.3171     0.2202  1022.2308    1500.54  0.000e+00
   58.31088   11.80704     18.678     18.503    14.8105   3.720107    29.9823     1.3172     0.2202  1022.2305    1500.54  0.000e+00
   58.31088   11.80704     18.678     18.503    14.8101   3.720145    29.9830     1.3132     0.2202  1022.2311    1500.54  0.000e+00
   58.31088   11.80704     18.630     18.456    14.8105   3.720158    29.9828     1.3169     0.2202  1022.2307    1500.54  0.000e+00
   58.31088   11.80704     18.678     18.503    14.8101   3.720120    29.9827     1.3170     0.2324  1022.2309    1500.54  0.000e+00
   58.31088   11.80704     18.678     18.503    14.8103   3.720120    29.9826     1.3170     0.2202  1022.2308    1500.54  0.000e+00
   58.31088   11.80704     18.630     18.456    14.8103   3.720145    29.9828     1.3169     0.2202  1022.2307    1500.54  0.000e+00
   58.31088   11.80704     18.678     18.503    14.8105   3.720158    29.9828     1.3169     0.2202  1022.2309    1500.54  0.000e+00
   58.31088   11.80704     18.678     18.503    14.8103   3.720139    29.9828     1.3168     0.2202  1022.2309    1500.54  0.000e+00
   58.31088   11.80704     18.630     18.456    14.8105   3.720126    29.9825     1.3166     0.2202  1022.2305    1500.54  0.000e+00
   58.31088   11.80704     18.678     18.503    14.8106   3.720075    29.9819     1.3165     0.2324  1022.2302    1500.54  0.000e+00
   58.31088   11.80704     18.575     18.401    14.8106   3.720094    29.9821     1.3162     0.2202  1022.2299    1500.54  0.000e+00
   58.31088   11.80704     18.741     18.566    14.8105   3.720120    29.9824     1.3160     0.2202  1022.2309    1500.54  0.000e+00
   58.31088   11.80704     18.622     18.448    14.8105   3.720126    29.9825     1.3158     0.2202  1022.2304    1500.54  0.000e+00
   58.31088   11.80704     18.694     18.519    14.8101   3.720132    29.9828     1.3155     0.2202  1022.2311    1500.54  0.000e+00
   58.31088   11.80704     18.622     18.448    14.8103   3.720081    29.9823     1.3151     0.2202  1022.2303    1500.54  0.000e+00
   58.31088   11.80704     18.622     18.448    14.8103   3.720062    29.9821     1.3152     0.2324  1022.2301    1500.54  0.000e+00
   58.31088   11.80704     18.694     18.519    14.8105   3.720017    29.9815     1.3152     0.2446  1022.2300    1500.54  0.000e+00
   58.31088   11.80704     18.622     18.448    14.8105   3.719947    29.9809     1.3148     0.2568  1022.2292    1500.53  0.000e+00
   58.31088   11.80704     18.678     18.503    14.8103   3.719928    29.9809     1.3189     0.2568  1022.2294    1500.54  0.000e+00
   58.31088   11.80704     18.630     18.456    14.8098   3.719909    29.9811     1.3193     0.2568  1022.2295    1500.53  0.000e+00
   58.31088   11.80704     18.622     18.448    14.8091   3.719851    29.9811     1.3155     0.2446  1022.2296    1500.53  0.000e+00
   58.31088   11.80704     18.678     18.503    14.8084   3.719851    29.9816     1.3195     0.2568  1022.2304    1500.53  0.000e+00
   58.31088   11.80704     18.575     18.401    14.8086   3.719845    29.9814     1.3193     0.2568  1022.2298    1500.53  0.000e+00
   58.31088   11.80704     18.678     18.503    14.8083   3.719832    29.9816     1.3196     0.2568  1022.2304    1500.53  0.000e+00
   58.31088   11.80704     18.630     18.456    14.8081   3.719781    29.9813     1.3157     0.2568  1022.2300    1500.53  0.000e+00
   58.31088   11.80704     18.622     18.448    14.8083   3.719768    29.9810     1.3195     0.2568  1022.2297    1500.53  0.000e+00
   58.31088   11.80704     18.622     18.448    14.8084   3.719749    29.9807     1.3156     0.2446  1022.2295    1500.53  0.000e+00
   58.31088   11.80704     18.630     18.456    14.8083   3.719685    29.9803     1.3194     0.2446  1022.2292    1500.53  0.000e+00
   58.31088   11.80704     18.622     18.448    14.8078   3.719615    29.9800     1.3195     0.2568  1022.2291    1500.53  0.000e+00
   58.31088   11.80704     18.678     18.503    14.8076   3.719532    29.9794     1.3155     0.2568  1022.2289    1500.52  0.000e+00
   58.31088   11.80704     18.630     18.456    14.8072   3.719430    29.9788     1.3192     0.2568  1022.2283    1500.52  0.000e+00
   58.31088   11.80704     18.622     18.448    14.8064   3.719379    29.9789     1.3192     0.2446  1022.2285    1500.52  0.000e+00
   58.31088   11.80704     18.622     18.448    14.8056   3.719379    29.9796     1.3192     0.2568  1022.2292    1500.52  0.000e+00
   58.31088   11.80704     18.630     18.456    14.8050   3.719475    29.9809     1.3191     0.2568  1022.2303    1500.52  0.000e+00
   58.31088   11.80704     18.622     18.448    14.8046   3.719506    29.9815     1.3190     0.2568  1022.2309    1500.52  0.000e+00
   58.31088   11.80704     18.630     18.456    14.8052   3.719609    29.9819     1.3148     0.2446  1022.2311    1500.52  0.000e+00
   58.31088   11.80704     18.622     18.448    14.8061   3.719660    29.9817     1.3187     0.2568  1022.2307    1500.52  0.000e+00
   58.31088   11.80704     18.559     18.386    14.8069   3.719685    29.9813     1.3190     0.2446  1022.2300    1500.52  0.000e+00
   58.31088   11.80704     18.694     18.519    14.8072   3.719660    29.9808     1.3188     0.2446  1022.2301    1500.53  0.000e+00
   58.31088   11.80704     18.559     18.386    14.8071   3.719538    29.9799     1.3186     0.2446  1022.2288    1500.52  0.000e+00
   58.31088   11.80704     18.622     18.448    14.8062   3.719404    29.9793     1.3184     0.2324  1022.2288    1500.52  0.000e+00
   58.31088   11.80704     18.630     18.456    14.8054   3.719334    29.9793     1.3185     0.2202  1022.2291    1500.52  0.000e+00
   58.31088   11.80704     18.622     18.448    14.8046   3.719334    29.9800     1.3186     0.2202  1022.2297    1500.51  0.000e+00
   58.31088   11.80704     18.622     18.448    14.8042   3.719436    29.9812     1.3183     0.2202  1022.2307    1500.51  0.000e+00
   58.31088   11.80704     18.575     18.401    14.8045   3.719532    29.9818     1.3184     0.2324  1022.2309    1500.52  0.000e+00
   58.31088   11.80704     18.622     18.448    14.8054   3.719590    29.9816     1.3184     0.2202  1022.2308    1500.52  0.000e+00
   58.31088   11.80704     18.511     18.338    14.8067   3.719673    29.9814     1.3184     0.2202  1022.2298    1500.52  0.000e+00
   58.31088   11.80704     18.678     18.503    14.8074   3.719730    29.9813     1.3184     0.2202  1022.2304    1500.53  0.000e+00
   58.31088   11.80704     18.622     18.448    14.8076   3.719704    29.9810     1.3184     0.2202  1022.2298    1500.53  0.000e+00
   58.31088   11.80704     18.630     18.456    14.8072   3.719749    29.9816     1.3225     0.2324  1022.2305    1500.53  0.000e+00
   58.31088   11.80704     18.622     18.448    14.8081   3.719826    29.9817     1.3224     0.2202  1022.2303    1500.53  0.000e+00
   58.31088   11.80704     18.559     18.386    14.8083   3.719832    29.9816     1.3186     0.2202  1022.2299    1500.53  0.000e+00
   58.31088   11.80704     18.575     18.401    14.8081   3.719832    29.9817     1.3185     0.2202  1022.2301    1500.53  0.000e+00
   58.31088   11.80704     18.622     18.448    14.8087   3.719813    29.9810     1.3183     0.2202  1022.2296    1500.53  0.000e+00
   58.31088   11.80704     18.559     18.385    14.8093   3.719826    29.9808     1.3182     0.2202  1022.2290    1500.53  0.000e+00
   58.31088   11.80704     18.630     18.456    14.8094   3.719877    29.9811     1.3221     0.2202  1022.2296    1500.53  0.000e+00
   58.31088   11.80704     18.559     18.385    14.8098   3.719902    29.9811     1.3223     0.2202  1022.2292    1500.53  0.000e+00
   58.31088   11.80704     18.622     18.448    14.8096   3.719966    29.9817     1.3184     0.2202  1022.2300    1500.53  0.000e+00
   58.31088   11.80704     18.575     18.401    14.8098   3.720043    29.9823     1.3181     0.2202  1022.2302    1500.53  0.000e+00
   58.31088   11.80704     18.622     18.448    14.8105   3.720043    29.9818     1.3178     0.2202  1022.2299    1500.54  0.000e+00
   58.31088   11.80704     18.575     18.401    14.8105   3.720056    29.9819     1.3175     0.2202  1022.2297    1500.54  0.000e+00
   58.31088   11.80704     18.559     18.385    14.8103   3.720005    29.9816     1.3213     0.2202  1022.2295    1500.53  0.000e+00
   58.31088   11.80704     18.622     18.448    14.8103   3.719928    29.9809     1.3214     0.2324  1022.2292    1500.53  0.000e+00
   58.31088   11.80704     18.575     18.401    14.8103   3.719922    29.9808     1.3214     0.2202  1022.2290    1500.53  0.000e+00
   58.31088   11.80704     18.559     18.385    14.8105   3.719947    29.9809     1.3214     0.2202  1022.2289    1500.53  0.000e+00
   58.31088   11.80704     18.622     18.448    14.8100   3.719941    29.9812     1.3214     0.2080  1022.2296    1500.53  0.000e+00
   58.31088   11.80704     18.575     18.401    14.8100   3.719979    29.9816     1.3213     0.2080  1022.2296    1500.53  0.000e+00
   58.31088   11.80704     18.559     18.385    14.8101   3.719915    29.9809     1.3216     0.2080  1022.2290    1500.53  0.000e+00
   58.31088   11.80704     18.559     18.385    14.8096   3.719768    29.9800     1.3220     0.2080  1022.2284    1500.53  0.000e+00
   58.31088   11.80704     18.575     18.401    14.8091   3.719615    29.9790     1.3218     0.2080  1022.2278    1500.53  0.000e+00
   58.31088   11.80704     18.559     18.385    14.8086   3.719596    29.9792     1.3221     0.2202  1022.2280    1500.53  0.000e+00
   58.31088   11.80704     18.575     18.401    14.8081   3.719621    29.9799     1.3223     0.2080  1022.2287    1500.53  0.000e+00
   58.31088   11.80704     18.622     18.448    14.8078   3.719570    29.9796     1.3226     0.2080  1022.2288    1500.52  0.000e+00
   58.31088   11.80704     18.503     18.330    14.8069   3.719494    29.9796     1.3224     0.2080  1022.2284    1500.52  0.000e+00
   58.31088   11.80704     18.630     18.456    14.8064   3.719398    29.9791     1.3226     0.2080  1022.2287    1500.52  0.000e+00
   58.31088   11.80704     18.503     18.330    14.8064   3.719449    29.9796     1.3223     0.2080  1022.2285    1500.52  0.000e+00
   58.31088   11.80704     18.622     18.448    14.8062   3.719500    29.9802     1.3224     0.2080  1022.2295    1500.52  0.000e+00
   58.31088   11.80704     18.575     18.401    14.8065   3.719506    29.9800     1.3225     0.2080  1022.2291    1500.52  0.000e+00
   58.31088   11.80704     18.559     18.385    14.8067   3.719583    29.9805     1.3222     0.2080  1022.2294    1500.52  0.000e+00
   58.31088   11.80704     18.559     18.385    14.8069   3.719653    29.9810     1.3263     0.2080  1022.2297    1500.52  0.000e+00
   58.31088   11.80704     18.575     18.401    14.8069   3.719711    29.9815     1.3267     0.2202  1022.2302    1500.52  0.000e+00
   58.31088   11.80706     18.559     18.385    14.8070   3.719615    29.9806     1.3230     0.2080  1022.2294    1500.52  0.000e+00
   58.31088   11.80706     18.575     18.401    14.8067   3.719449    29.9793     1.3230     0.2080  1022.2286    1500.52  0.000e+00
   58.31088   11.80706     18.559     18.385    14.8059   3.719181    29.9776     1.3270     0.2080  1022.2273    1500.52  0.000e+00
   58.31088   11.80706     18.559     18.385    14.8043   3.719015    29.9773     1.3270     0.2080  1022.2274    1500.51  0.000e+00
   58.31088   11.80706     18.511     18.338    14.8024   3.719104    29.9796     1.3273     0.2202  1022.2294    1500.51  0.000e+00
   58.31088   11.80706     18.559     18.385    14.8010   3.719315    29.9826     1.3275     0.2080  1022.2322    1500.51  0.000e+00
   58.31088   11.80706     18.559     18.385    14.8020   3.719475    29.9832     1.3277     0.2080  1022.2325    1500.51  0.000e+00
   58.31088   11.80706     18.575     18.401    14.8034   3.719602    29.9833     1.3278     0.2080  1022.2323    1500.51  0.000e+00
   58.31088   11.80706     18.559     18.385    14.8047   3.719583    29.9821     1.3279     0.1958  1022.2310    1500.52  0.000e+00
   58.31088   11.80706     18.503     18.330    14.8054   3.719526    29.9811     1.3280     0.1958  1022.2299    1500.52  0.000e+00
   58.31088   11.80706     18.575     18.401    14.8056   3.719404    29.9798     1.3281     0.1958  1022.2292    1500.52  0.000e+00
   58.31088   11.80706     18.559     18.385    14.8054   3.719296    29.9790     1.3281     0.1958  1022.2285    1500.52  0.000e+00
   58.31088   11.80706     18.511     18.338    14.8048   3.719283    29.9793     1.3322     0.1958  1022.2287    1500.51  0.000e+00
   58.31088   11.80706     18.559     18.385    14.8040   3.719232    29.9795     1.3285     0.1958  1022.2291    1500.51  0.000e+00
   58.31088   11.80706     18.559     18.385    14.8037   3.719059    29.9782     1.3285     0.1958  1022.2282    1500.51  0.000e+00
