data/2020/st_G_conv.cnv
* Sea-Bird SBE 9 Data File:
* FileName = C:\Documents and Settings\Boat\Desktop\MAR440_TUES\st_G.hdr
* Software Version Seasave V 7.20a
* Temperature SN = 4766
* Conductivity SN = 3059
* Number of Bytes Per Scan = 34
* Number of Voltage Words = 5
* Number of Scans Averaged by the Deck Unit = 1
* NMEA Latitude = 58 19.05 N
* NMEA Longitude = 011 48.54 E
* NMEA UTC (Time) = Sep 22 2020  11:54:24
** StationNumber: st_G
** BottomDepth: 27
# nquan = 12
# nvalues = 4824                                  
# units = specified
# name 0 = latitude: Latitude [deg]
# name 1 = longitude: Longitude [deg]
# name 2 = prDM: Pressure, Digiquartz [db]
# name 3 = depSM: Depth [salt water, m]
# name 4 = t090C: Temperature [ITS-90, deg C]
# name 5 = c0S/m: Conductivity [S/m]
# name 6 = sal00: Salinity, Practical [PSU]
# name 7 = sbeox0ML/L: Oxygen, SBE 43 [ml/l]
# name 8 = flECO-AFL: Fluorescence, WET Labs ECO-AFL/FL [mg/m^3]
# name 9 = density00: Density [density, kg/m^3]
# name 10 = svCM: Sound Velocity [Chen-Millero, m/s]
# name 11 = flag:  0.000e+00
# span 0 =   58.31750,   58.31794                 
# span 1 =   11.80856,   11.80908                 
# span 2 =     -2.133,     26.704                 
# span 3 =     -2.113,     26.454                 
# span 4 =     8.1637,    15.8593                 
# span 5 =   0.124043,   3.650276                 
# span 6 =     0.7749,    30.8079                 
# span 7 =     0.2597,     7.5688                 
# span 8 =    -0.5735,     1.6976                 
# span 9 =   999.6859,  1024.0807                 
# span 10 =    1466.91,    1497.93                
# span 11 = 0.0000e+00, 0.0000e+00                
# interval = seconds: 0.0416667
# start_time = Sep 22 2020 13:54:25 [System UpLoad Time]
# bad_flag = -9.990e-29
*END*
[from data line 4091]
   58.31790   11.80858      4.805      4.760    15.5436   2.917503    22.4957     6.1059     0.5987  1016.2697    1494.01  0.000e+00
   58.31790   11.80858      4.741      4.697    15.5426   2.917375    22.4952     6.1039     0.5987  1016.2693    1494.01  0.000e+00
   58.31790   11.80858      4.741      4.697    15.5423   2.917404    22.4956     6.0984     0.5987  1016.2697    1494.01  0.000e+00
   58.31790   11.80858      4.741      4.697    15.5421   2.917434    22.4960     6.0929     0.5987  1016.2700    1494.01  0.000e+00
   58.31790   11.80858      4.741      4.697    15.5421   2.917404    22.4957     6.0874     0.5987  1016.2698    1494.01  0.000e+00
   58.31790   11.80858      4.622      4.579    15.5421   2.917399    22.4957     6.0819     0.5987  1016.2692    1494.00  0.000e+00
   58.31790   11.80858      4.686      4.642    15.5423   2.917381    22.4954     6.0768     0.5987  1016.2693    1494.01  0.000e+00
   58.31790   11.80858      4.622      4.579    15.5426   2.917358    22.4951     6.0714     0.5987  1016.2687    1494.01  0.000e+00
   58.31790   11.80858      4.622      4.579    15.5426   2.917346    22.4950     6.0668     0.5987  1016.2686    1494.01  0.000e+00
   58.31790   11.80858      4.567      4.524    15.5421   2.917306    22.4949     6.0623     0.5987  1016.2684    1494.00  0.000e+00
   58.31790   11.80858      4.567      4.524    15.5423   2.917311    22.4949     6.0535     0.5987  1016.2683    1494.00  0.000e+00
   58.31790   11.80858      4.567      4.524    15.5433   2.917445    22.4955     6.0489     0.5987  1016.2686    1494.01  0.000e+00
   58.31790   11.80858      4.567      4.524    15.5443   2.917526    22.4956     6.0444     0.5987  1016.2684    1494.01  0.000e+00
   58.31790   11.80858      4.503      4.461    15.5443   2.917492    22.4953     6.0361     0.5987  1016.2679    1494.01  0.000e+00
   58.31790   11.80858      4.511      4.469    15.5448   2.917486    22.4949     6.0319     0.5987  1016.2676    1494.01  0.000e+00
   58.31790   11.80858      4.448      4.406    15.5458   2.917480    22.4943     6.0237     0.5987  1016.2666    1494.01  0.000e+00
   58.31790   11.80858      4.392      4.351    15.5446   2.917416    22.4945     6.0199     0.5987  1016.2667    1494.01  0.000e+00
   58.31790   11.80858      4.392      4.351    15.5436   2.917381    22.4948     6.0125     0.5987  1016.2672    1494.00  0.000e+00
   58.31790   11.80858      4.448      4.406    15.5431   2.917399    22.4952     6.0093     0.5987  1016.2678    1494.00  0.000e+00
   58.31790   11.80858      4.392      4.351    15.5432   2.917422    22.4953     6.0023     0.5987  1016.2677    1494.00  0.000e+00
   58.31790   11.80858      4.329      4.288    15.5433   2.917428    22.4954     5.9951     0.5987  1016.2674    1494.00  0.000e+00
   58.31790   11.80858      4.329      4.288    15.5436   2.917462    22.4955     5.9878     0.5987  1016.2674    1494.00  0.000e+00
   58.31790   11.80858      4.329      4.288    15.5443   2.917468    22.4951     5.9809     0.6842  1016.2670    1494.01  0.000e+00
   58.31790   11.80858      4.273      4.233    15.5442   2.917497    22.4955     5.9739     0.7452  1016.2671    1494.01  0.000e+00
   58.31790   11.80858      4.329      4.288    15.5442   2.917509    22.4956     5.9671     0.7574  1016.2674    1494.01  0.000e+00
   58.31790   11.80858      4.273      4.233    15.5442   2.917515    22.4956     5.9602     0.7452  1016.2672    1494.01  0.000e+00
   58.31790   11.80858      4.273      4.233    15.5445   2.917509    22.4954     5.9581     0.7452  1016.2670    1494.01  0.000e+00
   58.31790   11.80858      4.210      4.170    15.5445   2.917509    22.4954     5.9523     0.7452  1016.2667    1494.01  0.000e+00
   58.31790   11.80858      4.154      4.115    15.5442   2.917509    22.4956     5.9423     0.7452  1016.2666    1494.00  0.000e+00
   58.31790   11.80858      4.210      4.170    15.5438   2.917492    22.4957     5.9410     0.7452  1016.2670    1494.00  0.000e+00
   58.31790   11.80858      4.035      3.997    15.5440   2.917503    22.4957     5.9314     0.7452  1016.2662    1494.00  0.000e+00
   58.31790   11.80858      4.273      4.233    15.5440   2.917526    22.4958     5.9263     0.7452  1016.2674    1494.01  0.000e+00
   58.31790   11.80858      4.098      4.060    15.5438   2.917573    22.4964     5.9209     0.7452  1016.2670    1494.00  0.000e+00
   58.31790   11.80858      4.091      4.052    15.5446   2.917637    22.4964     5.9160     0.7452  1016.2669    1494.01  0.000e+00
   58.31790   11.80858      4.098      4.060    15.5450   2.917643    22.4963     5.9112     0.7452  1016.2667    1494.01  0.000e+00
   58.31790   11.80858      4.035      3.997    15.5457   2.917660    22.4961     5.9065     0.7452  1016.2661    1494.01  0.000e+00
   58.31790   11.80858      4.035      3.997    15.5457   2.917695    22.4964     5.9021     0.7452  1016.2664    1494.01  0.000e+00
   58.31790   11.80858      4.035      3.997    15.5458   2.917718    22.4965     5.8983     0.7452  1016.2664    1494.01  0.000e+00
   58.31790   11.80858      4.035      3.997    15.5455   2.917765    22.4971     5.8948     0.7452  1016.2669    1494.01  0.000e+00
   58.31790   11.80858      3.979      3.942    15.5458   2.917898    22.4980     5.8913     0.7452  1016.2673    1494.01  0.000e+00
   58.31790   11.80858      3.979      3.942    15.5448   2.918090    22.5002     5.8884     0.7452  1016.2692    1494.01  0.000e+00
   58.31790   11.80858      3.916      3.880    15.5446   2.918108    22.5005     5.8858     0.7452  1016.2692    1494.01  0.000e+00
   58.31790   11.80858      3.916      3.880    15.5451   2.918021    22.4995     5.8793     0.7452  1016.2683    1494.01  0.000e+00
   58.31790   11.80858      3.916      3.880    15.5457   2.917962    22.4987     5.8767     0.7452  1016.2676    1494.01  0.000e+00
   58.31790   11.80858      3.860      3.825    15.5457   2.917939    22.4985     5.8745     0.7452  1016.2672    1494.01  0.000e+00
   58.31790   11.80858      3.916      3.880    15.5457   2.917922    22.4983     5.8687     0.7452  1016.2673    1494.01  0.000e+00
   58.31790   11.80858      3.797      3.762    15.5457   2.917869    22.4979     5.8666     0.7696  1016.2665    1494.01  0.000e+00
   58.31790   11.80858      3.860      3.824    15.5453   2.917887    22.4982     5.8648     0.8063  1016.2671    1494.01  0.000e+00
   58.31790   11.80858      3.741      3.707    15.5450   2.917951    22.4990     5.8635     0.8185  1016.2672    1494.00  0.000e+00
   58.31790   11.80858      3.797      3.762    15.5451   2.917927    22.4987     5.8582     0.8185  1016.2672    1494.00  0.000e+00
   58.31790   11.80858      3.797      3.762    15.5453   2.917881    22.4982     5.8573     0.8185  1016.2668    1494.00  0.000e+00
   58.31790   11.80858      3.741      3.707    15.5457   2.917858    22.4978     5.8566     0.8185  1016.2662    1494.00  0.000e+00
   58.31790   11.80858      3.686      3.652    15.5460   2.917817    22.4973     5.8520     0.8185  1016.2654    1494.00  0.000e+00
   58.31790   11.80858      3.686      3.652    15.5460   2.917887    22.4979     5.8515     0.8185  1016.2659    1494.00  0.000e+00
   58.31790   11.80858      3.678      3.644    15.5458   2.917863    22.4978     5.8472     0.8185  1016.2658    1494.00  0.000e+00
   58.31790   11.80858      3.622      3.589    15.5463   2.917852    22.4974     5.8469     0.8185  1016.2652    1494.00  0.000e+00
   58.31790   11.80858      3.686      3.652    15.5463   2.917875    22.4976     5.8429     0.8185  1016.2656    1494.01  0.000e+00
   58.31790   11.80858      3.622      3.589    15.5469   2.917916    22.4977     5.8388     0.8185  1016.2653    1494.01  0.000e+00
   58.31790   11.80858      3.567      3.534    15.5470   2.917875    22.4973     5.8389     0.8185  1016.2647    1494.00  0.000e+00
   58.31790   11.80858      3.567      3.534    15.5470   2.917840    22.4970     5.8392     0.8185  1016.2645    1494.00  0.000e+00
   58.31790   11.80858      3.567      3.534    15.5475   2.917794    22.4963     5.8356     0.8185  1016.2638    1494.01  0.000e+00
   58.31790   11.80858      3.503      3.471    15.5472   2.917829    22.4968     5.8322     0.8185  1016.2640    1494.00  0.000e+00
   58.31790   11.80858      3.503      3.471    15.5475   2.917875    22.4970     5.8284     0.8185  1016.2641    1494.01  0.000e+00
   58.31790   11.80858      3.503      3.471    15.5479   2.917887    22.4969     5.8289     0.8185  1016.2639    1494.01  0.000e+00
   58.31790   11.80858      3.448      3.416    15.5477   2.917916    22.4972     5.8296     0.8185  1016.2640    1494.01  0.000e+00
   58.31790   11.80858      3.448      3.416    15.5482   2.917956    22.4973     5.8266     0.8185  1016.2639    1494.01  0.000e+00
   58.31790   11.80858      3.384      3.353    15.5482   2.917904    22.4969     5.8234     0.8185  1016.2633    1494.01  0.000e+00
   58.31790   11.80858      3.392      3.361    15.5477   2.917863    22.4968     5.8247     0.8185  1016.2634    1494.00  0.000e+00
   58.31790   11.80858      3.392      3.361    15.5475   2.917823    22.4966     5.8220     0.8185  1016.2632    1494.00  0.000e+00
   58.31790   11.80858      3.329      3.298    15.5475   2.917846    22.4968     5.8232     0.8185  1016.2631    1494.00  0.000e+00
   58.31790   11.80858      3.329      3.298    15.5479   2.917875    22.4968     5.8163     0.8551  1016.2631    1494.00  0.000e+00
   58.31790   11.80858      3.329      3.298    15.5482   2.917869    22.4966     5.8213     1.0382  1016.2629    1494.00  0.000e+00
   58.31790   11.80858      3.329      3.298    15.5484   2.917881    22.4966     5.8186     1.1115  1016.2628    1494.00  0.000e+00
   58.31790   11.80858      3.210      3.180    15.5487   2.917921    22.4968     5.8157     1.1115  1016.2624    1494.00  0.000e+00
   58.31790   11.80858      3.273      3.243    15.5489   2.917939    22.4968     5.8170     1.0993  1016.2626    1494.01  0.000e+00
   58.31790   11.80858      3.210      3.180    15.5492   2.917968    22.4969     5.8147     1.0993  1016.2623    1494.01  0.000e+00
   58.31790   11.80858      3.210      3.180    15.5489   2.917945    22.4969     5.8124     1.0993  1016.2624    1494.00  0.000e+00
   58.31790   11.80858      3.210      3.180    15.5489   2.917939    22.4968     5.8137     1.0993  1016.2624    1494.00  0.000e+00
   58.31790   11.80858      3.091      3.062    15.5487   2.917904    22.4967     5.8115     1.0993  1016.2617    1494.00  0.000e+00
   58.31790   11.80858      3.154      3.125    15.5486   2.917927    22.4969     5.8089     1.0993  1016.2623    1494.00  0.000e+00
   58.31790   11.80858      3.154      3.125    15.5486   2.917939    22.4970     5.8063     1.0993  1016.2623    1494.00  0.000e+00
   58.31790   11.80858      3.091      3.062    15.5487   2.917921    22.4968     5.8118     1.0993  1016.2618    1494.00  0.000e+00
   58.31790   11.80858      3.091      3.062    15.5487   2.917921    22.4968     5.8098     1.0993  1016.2618    1494.00  0.000e+00
   58.31790   11.80858      3.035      3.007    15.5487   2.917980    22.4973     5.8077     1.0993  1016.2620    1494.00  0.000e+00
   58.31790   11.80858      3.035      3.007    15.5489   2.917950    22.4970     5.8098     1.0993  1016.2617    1494.00  0.000e+00
   58.31790   11.80858      3.035      3.007    15.5484   2.917927    22.4971     5.8040     1.0993  1016.2619    1494.00  0.000e+00
   58.31790   11.80858      2.980      2.952    15.5487   2.917933    22.4969     5.8059     1.0993  1016.2614    1494.00  0.000e+00
   58.31790   11.80858      2.980      2.952    15.5489   2.917939    22.4969     5.8042     1.0993  1016.2614    1494.00  0.000e+00
   58.31790   11.80858      2.972      2.944    15.5492   2.917985    22.4971     5.8066     1.0993  1016.2614    1494.00  0.000e+00
   58.31790   11.80858      2.916      2.889    15.5494   2.917974    22.4969     5.8094     1.0993  1016.2610    1494.00  0.000e+00
   58.31790   11.80858      2.916      2.889    15.5492   2.917985    22.4971     5.8086     1.0993  1016.2612    1494.00  0.000e+00
   58.31790   11.80858      2.861      2.834    15.5496   2.917997    22.4970     5.8072     1.0993  1016.2608    1494.00  0.000e+00
   58.31790   11.80858      2.861      2.834    15.5496   2.918020    22.4972     5.8060     1.0993  1016.2609    1494.00  0.000e+00
   58.31790   11.80858      2.861      2.834    15.5498   2.918003    22.4970     5.8090     1.0993  1016.2607    1494.00  0.000e+00
   58.31790   11.80858      2.797      2.771    15.5493   2.917950    22.4968     5.8078     1.0993  1016.2604    1494.00  0.000e+00
   58.31790   11.80858      2.861      2.834    15.5487   2.917904    22.4967     5.8069     1.1359  1016.2607    1494.00  0.000e+00
   58.31790   11.80858      2.742      2.716    15.5480   2.917828    22.4965     5.8058     1.1481  1016.2602    1493.99  0.000e+00
   58.31790   11.80858      2.797      2.771    15.5475   2.917840    22.4969     5.8050     1.1481  1016.2608    1493.99  0.000e+00
   58.31790   11.80858      2.678      2.653    15.5475   2.917840    22.4969     5.8078     1.1481  1016.2603    1493.99  0.000e+00
   58.31790   11.80858      2.742      2.716    15.5475   2.917840    22.4969     5.8071     1.1481  1016.2606    1493.99  0.000e+00
   58.31790   11.80858      2.742      2.716    15.5472   2.917852    22.4972     5.8064     1.1481  1016.2609    1493.99  0.000e+00
   58.31790   11.80858      2.623      2.598    15.5470   2.917817    22.4970     5.8095     1.1481  1016.2602    1493.99  0.000e+00
   58.31790   11.80858      2.678      2.653    15.5469   2.917770    22.4967     5.8091     1.1481  1016.2603    1493.99  0.000e+00
   58.31790   11.80858      2.623      2.598    15.5462   2.917753    22.4970     5.8084     1.1481  1016.2604    1493.99  0.000e+00
   58.31790   11.80858      2.567      2.543    15.5458   2.917729    22.4970     5.8119     1.1481  1016.2602    1493.98  0.000e+00
   58.31790   11.80858      2.623      2.598    15.5457   2.917706    22.4968     5.8113     1.1481  1016.2604    1493.98  0.000e+00
   58.31790   11.80858      2.567      2.543    15.5457   2.917747    22.4972     5.8104     1.1481  1016.2604    1493.98  0.000e+00
   58.31790   11.80858      2.567      2.543    15.5458   2.917753    22.4972     5.8138     1.1481  1016.2603    1493.98  0.000e+00
   58.31790   11.80858      2.567      2.543    15.5448   2.917753    22.4977     5.8095     1.1481  1016.2610    1493.98  0.000e+00
   58.31790   11.80858      2.504      2.480    15.5440   2.917689    22.4977     5.8170     1.1481  1016.2608    1493.98  0.000e+00
   58.31790   11.80858      2.448      2.425    15.5438   2.917695    22.4979     5.8124     1.1481  1016.2607    1493.98  0.000e+00
   58.31790   11.80858      2.448      2.425    15.5438   2.917718    22.4981     5.8155     1.1481  1016.2609    1493.98  0.000e+00
   58.31790   11.80858      2.385      2.362    15.5438   2.917683    22.4978     5.8149     1.1481  1016.2604    1493.98  0.000e+00
   58.31790   11.80858      2.385      2.362    15.5431   2.917636    22.4978     5.8145     1.1481  1016.2605    1493.97  0.000e+00
   58.31790   11.80858      2.385      2.362    15.5423   2.917636    22.4982     5.8139     1.1481  1016.2610    1493.97  0.000e+00
   58.31790   11.80858      2.385      2.362    15.5419   2.917660    22.4986     5.8171     1.1481  1016.2614    1493.97  0.000e+00
   58.31790   11.80858      2.329      2.307    15.5416   2.917631    22.4986     5.8167     1.1481  1016.2612    1493.97  0.000e+00
   58.31790   11.80858      2.266      2.244    15.5416   2.917619    22.4985     5.8159     1.1481  1016.2609    1493.97  0.000e+00
   58.31790   11.80858      2.329      2.307    15.5416   2.917619    22.4985     5.8154     1.1481  1016.2612    1493.97  0.000e+00
