data/2020/st_G_conv.cnv
* Sea-Bird SBE 9 Data File:
* FileName = C:\Documents and Settings\Boat\Desktop\MAR440_TUES\st_G.hdr
* Software Version Seasave V 7.20a
* Temperature SN = 4766
* Conductivity SN = 3059
* Number of Bytes Per Scan = 34
* Number of Voltage Words = 5
* Number of Scans Averaged by the Deck Unit = 1
* NMEA Latitude = 58 19.05 N
* NMEA Longitude = 011 48.54 E
* NMEA UTC (Time) = Sep 22 2020  11:54:24
** StationNumber: st_G
** BottomDepth: 27
# nquan = 12
# nvalues = 4824                                  
# units = specified
# name 0 = latitude: Latitude [deg]
# name 1 = longitude: Longitude [deg]
# name 2 = prDM: Pressure, Digiquartz [db]
# name 3 = depSM: Depth [salt water, m]
# name 4 = t090C: Temperature [ITS-90, deg C]
# name 5 = c0S/m: Conductivity [S/m]
# name 6 = sal00: Salinity, Practical [PSU]
# name 7 = sbeox0ML/L: Oxygen, SBE 43 [ml/l]
# name 8 = flECO-AFL: Fluorescence, WET Labs ECO-AFL/FL [mg/m^3]
# name 9 = density00: Density [density, kg/m^3]
# name 10 = svCM: Sound Velocity [Chen-Millero, m/s]
# name 11 = flag:  0.000e+00
# span 0 =   58.31750,   58.31794                 
# span 1 =   11.80856,   11.80908                 
# span 2 =     -2.133,     26.704                 
# span 3 =     -2.113,     26.454                 
# span 4 =     8.1637,    15.8593                 
# span 5 =   0.124043,   3.650276                 
# span 6 =     0.7749,    30.8079                 
# span 7 =     0.2597,     7.5688                 
# span 8 =    -0.5735,     1.6976                 
# span 9 =   999.6859,  1024.0807                 
# span 10 =    1466.91,    1497.93                
# span 11 = 0.0000e+00, 0.0000e+00                
# interval = seconds: 0.0416667
# start_time = Sep 22 2020 13:54:25 [System UpLoad Time]
# bad_flag = -9.990e-29
*END*
[from data line 2286]
   58.31780   11.80872     22.535     22.324    13.5679   3.622257    30.0575     1.5330     0.1591  1022.5582    1496.62  0.000e+00
   58.31780   11.80872     22.606     22.395    13.5715   3.623098    30.0623     1.5325     0.1591  1022.5616    1496.64  0.000e+00
   58.31780   11.80872     22.646     22.434    13.5761   3.623756    30.0648     1.5319     0.1591  1022.5628    1496.66  0.000e+00
   58.31780   11.80872     22.590     22.379    13.5801   3.624135    30.0651     1.5314     0.1591  1022.5620    1496.67  0.000e+00
   58.31780   11.80872     22.606     22.395    13.5841   3.624552    30.0658     1.5314     0.1591  1022.5618    1496.68  0.000e+00
   58.31780   11.80872     22.646     22.434    13.5870   3.624976    30.0674     1.5315     0.1591  1022.5627    1496.70  0.000e+00
   58.31780   11.80872     22.646     22.434    13.5890   3.625248    30.0684     1.5270     0.1591  1022.5630    1496.70  0.000e+00
   58.31780   11.80872     22.646     22.434    13.5907   3.625425    30.0687     1.5268     0.1591  1022.5629    1496.71  0.000e+00
   58.31780   11.80872     22.606     22.395    13.5934   3.625659    30.0688     1.5261     0.1591  1022.5622    1496.72  0.000e+00
   58.31780   11.80872     22.590     22.379    13.5951   3.625823    30.0689     1.5256     0.1591  1022.5620    1496.72  0.000e+00
   58.31780   11.80872     22.646     22.434    13.5959   3.625969    30.0696     1.5252     0.1591  1022.5626    1496.73  0.000e+00
   58.31780   11.80872     22.662     22.450    13.5973   3.626032    30.0691     1.5248     0.1591  1022.5620    1496.73  0.000e+00
   58.31780   11.80872     22.646     22.434    13.5981   3.626044    30.0686     1.5245     0.1591  1022.5614    1496.73  0.000e+00
   58.31780   11.80872     22.709     22.497    13.5991   3.626165    30.0689     1.5242     0.1591  1022.5617    1496.74  0.000e+00
   58.31780   11.80872     22.646     22.434    13.5991   3.626221    30.0694     1.5240     0.1591  1022.5618    1496.74  0.000e+00
   58.31780   11.80872     22.662     22.450    13.5996   3.626304    30.0698     1.5238     0.1591  1022.5621    1496.74  0.000e+00
   58.31780   11.80872     22.709     22.497    13.5999   3.626380    30.0702     1.5279     0.1591  1022.5625    1496.74  0.000e+00
   58.31780   11.80872     22.646     22.434    13.6003   3.626342    30.0696     1.5241     0.1591  1022.5617    1496.74  0.000e+00
   58.31780   11.80872     22.646     22.434    13.6004   3.626405    30.0701     1.5241     0.1591  1022.5620    1496.74  0.000e+00
   58.31780   11.80872     22.661     22.450    13.6004   3.626500    30.0709     1.5199     0.1591  1022.5628    1496.74  0.000e+00
   58.31780   11.80872     22.709     22.497    13.6018   3.626886    30.0734     1.5195     0.1591  1022.5646    1496.75  0.000e+00
   58.31780   11.80872     22.709     22.497    13.6041   3.627575    30.0779     1.5192     0.1591  1022.5677    1496.77  0.000e+00
   58.31780   11.80872     22.725     22.513    13.6068   3.628353    30.0830     1.5185     0.1591  1022.5711    1496.78  0.000e+00
   58.31780   11.80872     22.646     22.434    13.6100   3.629200    30.0883     1.5182     0.1591  1022.5742    1496.80  0.000e+00
   58.31780   11.80872     22.709     22.497    13.6164   3.630478    30.0951     1.5179     0.1591  1022.5785    1496.83  0.000e+00
   58.31780   11.80872     22.765     22.552    13.6239   3.631503    30.0985     1.5177     0.1591  1022.5799    1496.86  0.000e+00
   58.31780   11.80872     22.725     22.512    13.6329   3.632301    30.0989     1.5175     0.1591  1022.5782    1496.89  0.000e+00
   58.31780   11.80872     22.709     22.497    13.6415   3.632997    30.0985     1.5216     0.1591  1022.5762    1496.91  0.000e+00
   58.31780   11.80872     22.709     22.497    13.6475   3.633496    30.0984     1.5216     0.1591  1022.5749    1496.93  0.000e+00
   58.31780   11.80872     22.780     22.567    13.6507   3.633781    30.0985     1.5176     0.1591  1022.5746    1496.95  0.000e+00
   58.31780   11.80872     22.709     22.497    13.6543   3.634003    30.0977     1.5173     0.1591  1022.5730    1496.96  0.000e+00
   58.31780   11.80872     22.709     22.497    13.6576   3.634256    30.0974     1.5171     0.1591  1022.5721    1496.97  0.000e+00
   58.31780   11.80872     22.828     22.615    13.6604   3.634458    30.0970     1.5171     0.1591  1022.5718    1496.98  0.000e+00
   58.31780   11.80872     22.725     22.512    13.6626   3.634509    30.0958     1.5170     0.1591  1022.5699    1496.98  0.000e+00
   58.31780   11.80872     22.645     22.434    13.6638   3.634484    30.0947     1.5171     0.1591  1022.5685    1496.98  0.000e+00
   58.31780   11.80872     22.883     22.670    13.6641   3.634503    30.0945     1.5172     0.1591  1022.5693    1496.99  0.000e+00
   58.31780   11.80872     22.709     22.497    13.6644   3.634509    30.0944     1.5174     0.1591  1022.5684    1496.99  0.000e+00
   58.31780   11.80872     22.844     22.630    13.6644   3.634585    30.0950     1.5177     0.1591  1022.5695    1496.99  0.000e+00
   58.31780   11.80872     22.764     22.552    13.6646   3.634750    30.0964     1.5179     0.1591  1022.5702    1496.99  0.000e+00
   58.31780   11.80872     22.828     22.615    13.6655   3.634870    30.0968     1.5183     0.1591  1022.5706    1496.99  0.000e+00
   58.31780   11.80872     22.780     22.567    13.6658   3.634914    30.0970     1.5187     0.1591  1022.5705    1496.99  0.000e+00
   58.31780   11.80872     22.828     22.614    13.6656   3.634927    30.0972     1.5196     0.1591  1022.5709    1497.00  0.000e+00
   58.31780   11.80872     22.828     22.614    13.6658   3.634946    30.0973     1.5201     0.1591  1022.5709    1497.00  0.000e+00
   58.31780   11.80872     22.828     22.614    13.6678   3.635224    30.0982     1.5164     0.1713  1022.5713    1497.00  0.000e+00
   58.31780   11.80872     22.780     22.567    13.6690   3.635332    30.0983     1.5166     0.1591  1022.5709    1497.01  0.000e+00
   58.31780   11.80872     22.828     22.614    13.6690   3.635224    30.0973     1.5165     0.1591  1022.5703    1497.01  0.000e+00
   58.31780   11.80872     22.828     22.614    13.6681   3.635345    30.0991     1.5164     0.1591  1022.5719    1497.01  0.000e+00
   58.31780   11.80872     22.844     22.630    13.6698   3.636332    30.1068     1.5163     0.1591  1022.5776    1497.02  0.000e+00
   58.31780   11.80872     22.828     22.614    13.6798   3.638618    30.1201     1.5158     0.1591  1022.5857    1497.07  0.000e+00
   58.31780   11.80872     22.828     22.614    13.6917   3.641563    30.1377     1.5195     0.1591  1022.5970    1497.13  0.000e+00
   58.31780   11.80872     22.883     22.669    13.7041   3.643685    30.1475     1.5154     0.1591  1022.6023    1497.18  0.000e+00
   58.31780   11.80872     22.844     22.630    13.7165   3.644895    30.1489     1.5151     0.1591  1022.6008    1497.22  0.000e+00
   58.31780   11.80872     22.828     22.614    13.7261   3.645389    30.1459     1.5151     0.1591  1022.5965    1497.25  0.000e+00
   58.31780   11.80872     22.883     22.669    13.7326   3.644958    30.1368     1.5152     0.1591  1022.5884    1497.26  0.000e+00
   58.31780   11.80872     22.883     22.669    13.7312   3.643938    30.1285     1.5115     0.1713  1022.5823    1497.25  0.000e+00
   58.31780   11.80872     22.844     22.630    13.7291   3.643545    30.1266     1.5111     0.1835  1022.5810    1497.24  0.000e+00
   58.31780   11.80872     22.883     22.669    13.7327   3.644622    30.1336     1.5105     0.1835  1022.5859    1497.26  0.000e+00
   58.31780   11.80872     22.883     22.669    13.7402   3.646143    30.1417     1.5098     0.1835  1022.5907    1497.30  0.000e+00
   58.31780   11.80872     22.844     22.630    13.7475   3.647398    30.1475     1.5134     0.1835  1022.5935    1497.33  0.000e+00
   58.31780   11.80872     22.947     22.732    13.7532   3.648051    30.1490     1.5091     0.1835  1022.5940    1497.35  0.000e+00
   58.31780   11.80872     22.883     22.669    13.7576   3.648362    30.1484     1.5088     0.1835  1022.5924    1497.36  0.000e+00
   58.31780   11.80872     22.883     22.669    13.7625   3.648666    30.1474     1.5084     0.1835  1022.5906    1497.38  0.000e+00
   58.31780   11.80872     22.899     22.685    13.7668   3.648989    30.1470     1.5082     0.1835  1022.5895    1497.39  0.000e+00
   58.31780   11.80872     22.947     22.732    13.7698   3.649141    30.1460     1.5080     0.1835  1022.5883    1497.40  0.000e+00
   58.31780   11.80872     22.883     22.669    13.7713   3.649185    30.1452     1.5080     0.1835  1022.5872    1497.40  0.000e+00
   58.31780   11.80872     22.947     22.732    13.7715   3.649198    30.1452     1.5043     0.1835  1022.5874    1497.40  0.000e+00
   58.31780   11.80872     22.899     22.685    13.7723   3.649319    30.1457     1.5039     0.1835  1022.5874    1497.41  0.000e+00
   58.31780   11.80872     22.883     22.669    13.7723   3.649452    30.1469     1.5037     0.1835  1022.5882    1497.41  0.000e+00
   58.31780   11.80872     22.947     22.732    13.7730   3.649604    30.1477     1.5031     0.1835  1022.5890    1497.41  0.000e+00
   58.31780   11.80872     22.899     22.685    13.7745   3.649788    30.1483     1.5025     0.1835  1022.5890    1497.42  0.000e+00
   58.31780   11.80872     22.947     22.732    13.7770   3.650029    30.1484     1.4977     0.1835  1022.5888    1497.43  0.000e+00
   58.31780   11.80872     23.002     22.787    13.7790   3.650194    30.1484     1.4968     0.1835  1022.5886    1497.43  0.000e+00
   58.31780   11.80872     22.883     22.669    13.7792   3.650244    30.1488     1.5002     0.1958  1022.5883    1497.43  0.000e+00
   58.31780   11.80872     22.955     22.740    13.7793   3.650257    30.1487     1.4957     0.1835  1022.5886    1497.43  0.000e+00
   58.31780   11.80872     23.002     22.787    13.7790   3.650263    30.1490     1.4951     0.1835  1022.5891    1497.43  0.000e+00
   58.31780   11.80872     22.883     22.669    13.7790   3.650257    30.1490     1.4945     0.1835  1022.5885    1497.43  0.000e+00
   58.31780   11.80872     23.002     22.787    13.7787   3.650276    30.1494     1.4944     0.1835  1022.5894    1497.43  0.000e+00
   58.31780   11.80872     22.954     22.740    13.7787   3.650213    30.1488     1.4902     0.1835  1022.5888    1497.43  0.000e+00
   58.31780   11.80872     22.947     22.732    13.7782   3.650194    30.1491     1.4895     0.1835  1022.5891    1497.43  0.000e+00
   58.31780   11.80872     23.002     22.787    13.7775   3.650117    30.1488     1.4889     0.1835  1022.5893    1497.43  0.000e+00
   58.31780   11.80872     22.954     22.740    13.7758   3.649978    30.1489     1.4884     0.1713  1022.5894    1497.42  0.000e+00
   58.31780   11.80872     23.002     22.787    13.7731   3.649693    30.1484     1.4838     0.1713  1022.5898    1497.41  0.000e+00
   58.31780   11.80872     23.002     22.787    13.7708   3.649496    30.1484     1.4831     0.1713  1022.5903    1497.41  0.000e+00
   58.31780   11.80872     23.002     22.787    13.7697   3.649312    30.1476     1.4824     0.1713  1022.5898    1497.40  0.000e+00
   58.31780   11.80872     22.954     22.740    13.7674   3.649167    30.1481     1.4819     0.1713  1022.5905    1497.39  0.000e+00
   58.31780   11.80872     23.058     22.842    13.7654   3.648957    30.1477     1.4815     0.1713  1022.5910    1497.39  0.000e+00
   58.31780   11.80872     22.946     22.732    13.7636   3.648812    30.1478     1.4812     0.1713  1022.5910    1497.38  0.000e+00
   58.31780   11.80872     23.058     22.842    13.7612   3.648634    30.1480     1.4810     0.1713  1022.5921    1497.38  0.000e+00
   58.31780   11.80872     23.018     22.803    13.7588   3.648463    30.1484     1.4767     0.1713  1022.5927    1497.37  0.000e+00
   58.31780   11.80872     23.002     22.787    13.7572   3.648228    30.1475     1.4763     0.1713  1022.5922    1497.36  0.000e+00
   58.31780   11.80872     23.002     22.787    13.7547   3.647975    30.1471     1.4760     0.1713  1022.5925    1497.35  0.000e+00
   58.31780   11.80872     23.018     22.803    13.7529   3.647816    30.1471     1.4717     0.1713  1022.5929    1497.35  0.000e+00
   58.31780   11.80872     23.058     22.842    13.7514   3.647563    30.1459     1.4708     0.1713  1022.5925    1497.34  0.000e+00
   58.31780   11.80872     23.058     22.842    13.7497   3.647151    30.1435     1.4701     0.1713  1022.5909    1497.33  0.000e+00
   58.31780   11.80872     23.002     22.787    13.7458   3.646847    30.1437     1.4653     0.1713  1022.5916    1497.32  0.000e+00
   58.31780   11.80872     23.073     22.858    13.7409   3.646473    30.1441     1.4645     0.1835  1022.5932    1497.30  0.000e+00
   58.31780   11.80872     23.057     22.842    13.7366   3.646048    30.1436     1.4638     0.1713  1022.5936    1497.29  0.000e+00
   58.31780   11.80872     23.057     22.842    13.7325   3.645681    30.1435     1.4590     0.1713  1022.5944    1497.27  0.000e+00
   58.31780   11.80872     23.057     22.842    13.7292   3.645186    30.1415     1.4586     0.1713  1022.5935    1497.26  0.000e+00
   58.31780   11.80872     23.018     22.803    13.7259   3.644806    30.1406     1.4580     0.1713  1022.5933    1497.25  0.000e+00
   58.31780   11.80872     23.121     22.905    13.7199   3.644401    30.1416     1.4533     0.1713  1022.5957    1497.23  0.000e+00
   58.31780   11.80872     23.057     22.842    13.7156   3.644021    30.1415     1.4526     0.1713  1022.5962    1497.22  0.000e+00
   58.31780   11.80872     23.073     22.858    13.7104   3.643615    30.1418     1.4520     0.1835  1022.5975    1497.20  0.000e+00
   58.31780   11.80872     23.057     22.842    13.7063   3.642975    30.1392     1.4470     0.1835  1022.5963    1497.18  0.000e+00
   58.31780   11.80872     23.057     22.842    13.7001   3.642209    30.1370     1.4418     0.1835  1022.5958    1497.16  0.000e+00
   58.31780   11.80872     23.121     22.905    13.6939   3.641715    30.1373     1.4406     0.1835  1022.5975    1497.14  0.000e+00
   58.31780   11.80872     23.073     22.858    13.6870   3.641208    30.1381     1.4395     0.1835  1022.5993    1497.12  0.000e+00
   58.31780   11.80872     23.121     22.905    13.6816   3.640518    30.1360     1.4349     0.1835  1022.5989    1497.10  0.000e+00
   58.31780   11.80872     23.121     22.905    13.6769   3.640049    30.1354     1.4338     0.1835  1022.5994    1497.08  0.000e+00
   58.31780   11.80870     23.057     22.842    13.6732   3.639878    30.1368     1.4328     0.1835  1022.6010    1497.07  0.000e+00
   58.31780   11.80870     23.137     22.920    13.6683   3.639397    30.1361     1.4322     0.1835  1022.6018    1497.05  0.000e+00
   58.31780   11.80870     23.057     22.842    13.6634   3.638859    30.1350     1.4233     0.1835  1022.6016    1497.04  0.000e+00
   58.31780   11.80870     23.176     22.960    13.6597   3.638656    30.1360     1.4222     0.1835  1022.6036    1497.03  0.000e+00
   58.31780   11.80870     23.121     22.905    13.6588   3.638656    30.1368     1.4171     0.1835  1022.6041    1497.02  0.000e+00
   58.31780   11.80870     23.137     22.920    13.6576   3.638517    30.1365     1.4155     0.1835  1022.6042    1497.02  0.000e+00
   58.31780   11.80870     23.121     22.905    13.6555   3.638137    30.1346     1.4143     0.1835  1022.6031    1497.01  0.000e+00
   58.31780   11.80870     23.121     22.905    13.6525   3.637662    30.1326     1.4091     0.1835  1022.6021    1497.00  0.000e+00
   58.31780   11.80870     23.192     22.975    13.6474   3.637371    30.1339     1.4080     0.1835  1022.6044    1496.98  0.000e+00
   58.31780   11.80870     23.121     22.905    13.6418   3.637004    30.1350     1.4072     0.1835  1022.6061    1496.97  0.000e+00
   58.31780   11.80870     23.176     22.960    13.6351   3.636535    30.1359     1.4020     0.1835  1022.6084    1496.94  0.000e+00
