data/2020/st_G_conv.cnv
* Sea-Bird SBE 9 Data File:
* FileName = C:\Documents and Settings\Boat\Desktop\MAR440_TUES\st_G.hdr
* Software Version Seasave V 7.20a
* Temperature SN = 4766
* Conductivity SN = 3059
* Number of Bytes Per Scan = 34
* Number of Voltage Words = 5
* Number of Scans Averaged by the Deck Unit = 1
* NMEA Latitude = 58 19.05 N
* NMEA Longitude = 011 48.54 E
* NMEA UTC (Time) = Sep 22 2020  11:54:24
** StationNumber: st_G
** BottomDepth: 27
# nquan = 12
# nvalues = 4824                                  
# units = specified
# name 0 = latitude: Latitude [deg]
# name 1 = longitude: Longitude [deg]
# name 2 = prDM: Pressure, Digiquartz [db]
# name 3 = depSM: Depth [salt water, m]
# name 4 = t090C: Temperature [ITS-90, deg C]
# name 5 = c0S/m: Conductivity [S/m]
# name 6 = sal00: Salinity, Practical [PSU]
# name 7 = sbeox0ML/L: Oxygen, SBE 43 [ml/l]
# name 8 = flECO-AFL: Fluorescence, WET Labs ECO-AFL/FL [mg/m^3]
# name 9 = density00: Density [density, kg/m^3]
# name 10 = svCM: Sound Velocity [Chen-Millero, m/s]
# name 11 = flag:  0.000e+00
# span 0 =   58.31750,   58.31794                 
# span 1 =   11.80856,   11.80908                 
# span 2 =     -2.133,     26.704                 
# span 3 =     -2.113,     26.454                 
# span 4 =     8.1637,    15.8593                 
# span 5 =   0.124043,   3.650276                 
# span 6 =     0.7749,    30.8079                 
# span 7 =     0.2597,     7.5688                 
# span 8 =    -0.5735,     1.6976                 
# span 9 =   999.6859,  1024.0807                 
# span 10 =    1466.91,    1497.93                
# span 11 = 0.0000e+00, 0.0000e+00                
# interval = seconds: 0.0416667
# start_time = Sep 22 2020 13:54:25 [System UpLoad Time]
# bad_flag = -9.990e-29
*END*
   58.31750   11.80900      0.559      0.554    15.4885   2.914073    22.4991     5.9813     1.2458  1016.2643    1493.77  0.000e+00
   58.31750   11.80900      0.559      0.554    15.4889   2.914137    22.4993     5.9812     1.2458  1016.2644    1493.77  0.000e+00
   58.31750   11.80900      0.559      0.554    15.4892   2.914108    22.4989     5.9812     1.2458  1016.2641    1493.77  0.000e+00
   58.31750   11.80900      0.614      0.609    15.4895   2.914131    22.4990     5.9812     1.2458  1016.2643    1493.77  0.000e+00
   58.31750   11.80900      0.614      0.609    15.4895   2.914125    22.4989     5.9812     1.2580  1016.2642    1493.77  0.000e+00
   58.31750   11.80900      0.614      0.609    15.4893   2.914079    22.4986     5.9812     1.2580  1016.2641    1493.77  0.000e+00
   58.31750   11.80900      0.614      0.609    15.4897   2.914044    22.4981     5.9812     1.2580  1016.2636    1493.77  0.000e+00
   58.31750   11.80900      0.614      0.609    15.4897   2.914096    22.4986     5.9812     1.2580  1016.2639    1493.77  0.000e+00
   58.31750   11.80900      0.614      0.609    15.4899   2.914119    22.4986     5.9853     1.2458  1016.2639    1493.77  0.000e+00
   58.31750   11.80900      0.614      0.609    15.4895   2.914160    22.4992     5.9857     1.2458  1016.2645    1493.77  0.000e+00
   58.31750   11.80900      0.614      0.609    15.4897   2.914154    22.4991     5.9861     1.2458  1016.2643    1493.77  0.000e+00
   58.31750   11.80900      0.614      0.609    15.4891   2.914125    22.4991     5.9865     1.2458  1016.2645    1493.77  0.000e+00
   58.31750   11.80900      0.614      0.609    15.4889   2.914160    22.4995     5.9827     1.2458  1016.2648    1493.77  0.000e+00
   58.31750   11.80900      0.614      0.609    15.4888   2.914154    22.4996     5.9826     1.2580  1016.2649    1493.77  0.000e+00
   58.31750   11.80900      0.559      0.554    15.4884   2.914125    22.4996     5.9826     1.2458  1016.2647    1493.77  0.000e+00
   58.31750   11.80900      0.614      0.609    15.4886   2.914137    22.4995     5.9825     1.2458  1016.2649    1493.77  0.000e+00
   58.31750   11.80900      0.559      0.554    15.4888   2.914085    22.4990     5.9824     1.2458  1016.2642    1493.77  0.000e+00
   58.31750   11.80900      0.559      0.554    15.4885   2.914067    22.4990     5.9865     1.2580  1016.2643    1493.77  0.000e+00
   58.31750   11.80900      0.559      0.554    15.4881   2.914102    22.4995     5.9869     1.2580  1016.2647    1493.77  0.000e+00
   58.31762   11.80908      0.559      0.554    15.4878   2.914119    22.4999     5.9830     1.2580  1016.2650    1493.77  0.000e+00
   58.31762   11.80908      0.559      0.554    15.4873   2.914102    22.5000     5.9872     1.2580  1016.2652    1493.77  0.000e+00
   58.31762   11.80908      0.559      0.554    15.4869   2.914096    22.5001     5.9875     1.2580  1016.2654    1493.76  0.000e+00
   58.31762   11.80908      0.503      0.499    15.4864   2.914114    22.5006     5.9878     1.2458  1016.2657    1493.76  0.000e+00
   58.31762   11.80908      0.614      0.609    15.4864   2.914102    22.5005     5.9881     1.2580  1016.2661    1493.76  0.000e+00
   58.31762   11.80908      0.495      0.491    15.4866   2.914114    22.5005     5.9882     1.2580  1016.2655    1493.76  0.000e+00
   58.31762   11.80908      0.559      0.554    15.4867   2.914102    22.5003     5.9885     1.2580  1016.2656    1493.76  0.000e+00
   58.31762   11.80908      0.559      0.554    15.4869   2.914114    22.5003     5.9845     1.2580  1016.2655    1493.76  0.000e+00
   58.31762   11.80908      0.495      0.491    15.4868   2.914102    22.5003     5.9842     1.2580  1016.2653    1493.76  0.000e+00
   58.31762   11.80908      0.559      0.554    15.4868   2.914073    22.5000     5.9841     1.2458  1016.2654    1493.76  0.000e+00
   58.31762   11.80908      0.503      0.499    15.4866   2.914067    22.5001     5.9880     1.2458  1016.2652    1493.76  0.000e+00
   58.31762   11.80908      0.559      0.554    15.4864   2.914102    22.5005     5.9883     1.2580  1016.2658    1493.76  0.000e+00
   58.31762   11.80908      0.559      0.554    15.4863   2.914056    22.5001     5.9885     1.2458  1016.2656    1493.76  0.000e+00
   58.31762   11.80908      0.559      0.554    15.4862   2.914038    22.5000     5.9886     1.2458  1016.2655    1493.76  0.000e+00
   58.31762   11.80908      0.614      0.609    15.4862   2.914079    22.5004     5.9888     1.2336  1016.2660    1493.76  0.000e+00
   58.31762   11.80908      0.559      0.554    15.4859   2.914073    22.5005     5.9889     1.2092  1016.2659    1493.76  0.000e+00
   58.31762   11.80908      0.614      0.609    15.4862   2.914044    22.5001     5.9848     1.2092  1016.2658    1493.76  0.000e+00
   58.31762   11.80908      0.614      0.609    15.4858   2.914038    22.5003     5.9888     1.2092  1016.2660    1493.76  0.000e+00
   58.31762   11.80908      0.559      0.554    15.4857   2.914021    22.5002     5.9888     1.2092  1016.2657    1493.76  0.000e+00
   58.31762   11.80908      0.614      0.609    15.4859   2.914032    22.5002     5.9889     1.2092  1016.2659    1493.76  0.000e+00
   58.31762   11.80908      0.614      0.609    15.4861   2.914038    22.5001     5.9889     1.2214  1016.2658    1493.76  0.000e+00
   58.31762   11.80908      0.678      0.672    15.4862   2.914096    22.5005     5.9890     1.2214  1016.2664    1493.76  0.000e+00
   58.31762   11.80908      0.614      0.609    15.4864   2.914119    22.5006     5.9889     1.2092  1016.2662    1493.76  0.000e+00
   58.31762   11.80908      0.614      0.609    15.4857   2.914079    22.5007     5.9890     1.2092  1016.2664    1493.76  0.000e+00
   58.31762   11.80908      0.614      0.609    15.4844   2.914003    22.5008     5.9892     1.2092  1016.2667    1493.76  0.000e+00
   58.31762   11.80908      0.678      0.672    15.4834   2.913899    22.5005     5.9893     1.2092  1016.2669    1493.75  0.000e+00
   58.31762   11.80908      0.614      0.609    15.4827   2.913835    22.5003     5.9893     1.2092  1016.2667    1493.75  0.000e+00
   58.31762   11.80908      0.614      0.609    15.4828   2.913806    22.5000     5.9892     1.2214  1016.2664    1493.75  0.000e+00
   58.31762   11.80908      0.559      0.554    15.4833   2.913794    22.4997     5.9891     1.2092  1016.2658    1493.75  0.000e+00
   58.31762   11.80908      0.614      0.609    15.4832   2.913753    22.4993     5.9890     1.2092  1016.2658    1493.75  0.000e+00
   58.31762   11.80908      0.559      0.554    15.4832   2.913759    22.4994     5.9889     1.2092  1016.2656    1493.75  0.000e+00
   58.31762   11.80908      0.614      0.609    15.4832   2.913771    22.4995     5.9888     1.2092  1016.2659    1493.75  0.000e+00
   58.31762   11.80908      0.559      0.554    15.4830   2.913771    22.4996     5.9886     1.2092  1016.2658    1493.75  0.000e+00
   58.31762   11.80908      0.559      0.554    15.4838   2.913788    22.4993     5.9842     1.2092  1016.2654    1493.75  0.000e+00
   58.31762   11.80908      0.615      0.609    15.4839   2.913817    22.4995     5.9836     1.2214  1016.2658    1493.75  0.000e+00
   58.31762   11.80908      0.559      0.554    15.4845   2.913881    22.4997     5.9830     1.2214  1016.2656    1493.76  0.000e+00
   58.31762   11.80908      0.496      0.491    15.4849   2.913904    22.4997     5.9823     1.2092  1016.2652    1493.76  0.000e+00
   58.31762   11.80908      0.615      0.609    15.4849   2.913881    22.4995     5.9818     1.2092  1016.2656    1493.76  0.000e+00
   58.31762   11.80908      0.559      0.554    15.4854   2.913916    22.4995     5.9816     1.2214  1016.2653    1493.76  0.000e+00
   58.31762   11.80908      0.559      0.554    15.4853   2.913933    22.4997     5.9815     1.2336  1016.2654    1493.76  0.000e+00
   58.31762   11.80908      0.559      0.554    15.4856   2.913951    22.4997     5.9813     1.2336  1016.2654    1493.76  0.000e+00
   58.31762   11.80908      0.559      0.554    15.4862   2.913916    22.4990     5.9770     1.2336  1016.2647    1493.76  0.000e+00
   58.31762   11.80908      0.615      0.609    15.4862   2.913939    22.4992     5.9761     1.2336  1016.2651    1493.76  0.000e+00
   58.31762   11.80908      0.559      0.554    15.4868   2.913974    22.4992     5.9752     1.2336  1016.2648    1493.76  0.000e+00
   58.31762   11.80908      0.559      0.554    15.4867   2.913968    22.4992     5.9743     1.2336  1016.2648    1493.76  0.000e+00
   58.31762   11.80908      0.615      0.609    15.4869   2.913997    22.4993     5.9735     1.2336  1016.2650    1493.76  0.000e+00
   58.31762   11.80908      0.559      0.554    15.4873   2.913951    22.4987     5.9727     1.2336  1016.2643    1493.76  0.000e+00
   58.31762   11.80908      0.559      0.554    15.4874   2.913951    22.4986     5.9723     1.2336  1016.2642    1493.76  0.000e+00
   58.31762   11.80908      0.615      0.609    15.4876   2.913893    22.4980     5.9720     1.2336  1016.2639    1493.76  0.000e+00
   58.31762   11.80908      0.615      0.609    15.4878   2.913957    22.4985     5.9712     1.2336  1016.2642    1493.77  0.000e+00
   58.31762   11.80908      0.559      0.554    15.4879   2.914003    22.4988     5.9750     1.2336  1016.2642    1493.77  0.000e+00
   58.31762   11.80908      0.615      0.609    15.4883   2.914015    22.4987     5.9709     1.2336  1016.2643    1493.77  0.000e+00
   58.31762   11.80908      0.615      0.609    15.4886   2.914032    22.4986     5.9707     1.2336  1016.2642    1493.77  0.000e+00
   58.31762   11.80908      0.615      0.609    15.4876   2.914021    22.4991     5.9664     1.2336  1016.2648    1493.77  0.000e+00
   58.31762   11.80908      0.615      0.609    15.4864   2.913992    22.4995     5.9701     1.2336  1016.2653    1493.76  0.000e+00
   58.31762   11.80908      0.615      0.609    15.4855   2.913922    22.4995     5.9701     1.2336  1016.2655    1493.76  0.000e+00
   58.31762   11.80908      0.615      0.609    15.4851   2.913922    22.4997     5.9697     1.2214  1016.2657    1493.76  0.000e+00
   58.31762   11.80908      0.615      0.609    15.4845   2.913910    22.4999     5.9734     1.2336  1016.2660    1493.76  0.000e+00
   58.31762   11.80908      0.615      0.609    15.4845   2.913881    22.4997     5.9691     1.2336  1016.2658    1493.76  0.000e+00
   58.31762   11.80908      0.615      0.609    15.4845   2.913893    22.4998     5.9691     1.2336  1016.2659    1493.76  0.000e+00
   58.31762   11.80908      0.615      0.609    15.4849   2.913904    22.4997     5.9732     1.2336  1016.2657    1493.76  0.000e+00
   58.31762   11.80908      0.615      0.609    15.4855   2.913963    22.4998     5.9693     1.2336  1016.2657    1493.76  0.000e+00
   58.31762   11.80908      0.615      0.609    15.4861   2.913963    22.4995     5.9692     1.2336  1016.2653    1493.76  0.000e+00
   58.31762   11.80908      0.615      0.609    15.4868   2.913974    22.4992     5.9734     1.2702  1016.2650    1493.76  0.000e+00
   58.31762   11.80908      0.559      0.554    15.4876   2.913986    22.4988     5.9695     1.2824  1016.2643    1493.76  0.000e+00
   58.31762   11.80908      0.615      0.609    15.4883   2.914003    22.4986     5.9692     1.2824  1016.2642    1493.77  0.000e+00
   58.31762   11.80908      0.615      0.609    15.4887   2.914050    22.4987     5.9692     1.2824  1016.2642    1493.77  0.000e+00
   58.31762   11.80908      0.615      0.609    15.4886   2.914003    22.4984     5.9694     1.2702  1016.2640    1493.77  0.000e+00
   58.31762   11.80908      0.559      0.554    15.4876   2.914003    22.4990     5.9697     1.2702  1016.2644    1493.77  0.000e+00
   58.31762   11.80908      0.559      0.554    15.4866   2.913968    22.4993     5.9700     1.2702  1016.2648    1493.76  0.000e+00
   58.31762   11.80908      0.615      0.609    15.4857   2.913957    22.4996     5.9704     1.2824  1016.2655    1493.76  0.000e+00
   58.31762   11.80908      0.559      0.554    15.4854   2.913974    22.5000     5.9706     1.2824  1016.2656    1493.76  0.000e+00
   58.31762   11.80908      0.559      0.554    15.4853   2.913963    22.4999     5.9710     1.2824  1016.2656    1493.76  0.000e+00
   58.31762   11.80908      0.615      0.609    15.4857   2.913957    22.4996     5.9713     1.2824  1016.2655    1493.76  0.000e+00
   58.31762   11.80908      0.504      0.499    15.4859   2.913957    22.4995     5.9716     1.2824  1016.2649    1493.76  0.000e+00
   58.31762   11.80908      0.615      0.609    15.4862   2.913974    22.4995     5.9720     1.2824  1016.2653    1493.76  0.000e+00
   58.31762   11.80908      0.559      0.554    15.4862   2.913963    22.4994     5.9683     1.2702  1016.2650    1493.76  0.000e+00
   58.31762   11.80908      0.559      0.554    15.4861   2.913974    22.4996     5.9726     1.2824  1016.2652    1493.76  0.000e+00
   58.31762   11.80908      0.615      0.609    15.4861   2.913986    22.4996     5.9689     1.2702  1016.2655    1493.76  0.000e+00
   58.31762   11.80908      0.559      0.554    15.4864   2.913963    22.4993     5.9691     1.2824  1016.2649    1493.76  0.000e+00
   58.31762   11.80908      0.559      0.554    15.4866   2.913957    22.4992     5.9693     1.2824  1016.2648    1493.76  0.000e+00
   58.31762   11.80908      0.615      0.609    15.4868   2.913997    22.4994     5.9696     1.2824  1016.2651    1493.76  0.000e+00
   58.31762   11.80908      0.615      0.609    15.4869   2.913992    22.4992     5.9695     1.2702  1016.2650    1493.76  0.000e+00
   58.31762   11.80908      0.615      0.609    15.4870   2.913963    22.4990     5.9694     1.2702  1016.2648    1493.76  0.000e+00
   58.31762   11.80908      0.559      0.554    15.4866   2.913997    22.4995     5.9694     1.2702  1016.2650    1493.76  0.000e+00
   58.31762   11.80908      0.615      0.609    15.4862   2.913992    22.4996     5.9695     1.2824  1016.2654    1493.76  0.000e+00
   58.31762   11.80908      0.615      0.609    15.4864   2.914003    22.4996     5.9695     1.2824  1016.2654    1493.76  0.000e+00
   58.31762   11.80908      0.678      0.672    15.4871   2.914015    22.4993     5.9696     1.2580  1016.2653    1493.77  0.000e+00
   58.31762   11.80908      0.615      0.609    15.4866   2.914032    22.4998     5.9697     1.2458  1016.2655    1493.76  0.000e+00
   58.31762   11.80908      0.615      0.609    15.4861   2.913997    22.4997     5.9699     1.2580  1016.2655    1493.76  0.000e+00
   58.31762   11.80908      0.615      0.609    15.4857   2.914003    22.5000     5.9655     1.2458  1016.2658    1493.76  0.000e+00
   58.31762   11.80908      0.615      0.609    15.4857   2.913992    22.4999     5.9691     1.2580  1016.2658    1493.76  0.000e+00
   58.31762   11.80908      0.678      0.672    15.4859   2.913963    22.4996     5.9648     1.2580  1016.2657    1493.76  0.000e+00
   58.31762   11.80908      0.559      0.554    15.4861   2.913957    22.4994     5.9641     1.2580  1016.2651    1493.76  0.000e+00
   58.31762   11.80908      0.615      0.609    15.4863   2.913974    22.4994     5.9637     1.2580  1016.2653    1493.76  0.000e+00
   58.31762   11.80908      0.559      0.554    15.4864   2.914003    22.4996     5.9673     1.2458  1016.2652    1493.76  0.000e+00
   58.31762   11.80906      0.615      0.609    15.4868   2.914015    22.4995     5.9631     1.2580  1016.2653    1493.76  0.000e+00
   58.31762   11.80906      0.559      0.554    15.4866   2.914015    22.4996     5.9668     1.2458  1016.2651    1493.76  0.000e+00
   58.31762   11.80906      0.615      0.609    15.4868   2.914032    22.4997     5.9668     1.2580  1016.2654    1493.76  0.000e+00
   58.31762   11.80906      0.496      0.491    15.4871   2.913997    22.4992     5.9629     1.2580  1016.2644    1493.76  0.000e+00
   58.31762   11.80906      0.615      0.609    15.4873   2.914003    22.4991     5.9626     1.2580  1016.2648    1493.77  0.000e+00
