data/2020/st_G_conv.cnv
* Sea-Bird SBE 9 Data File:
* FileName = C:\Documents and Settings\Boat\Desktop\MAR440_TUES\st_G.hdr
* Software Version Seasave V 7.20a
* Temperature SN = 4766
* Conductivity SN = 3059
* Number of Bytes Per Scan = 34
* Number of Voltage Words = 5
* Number of Scans Averaged by the Deck Unit = 1
* NMEA Latitude = 58 19.05 N
* NMEA Longitude = 011 48.54 E
* NMEA UTC (Time) = Sep 22 2020  11:54:24
** StationNumber: st_G
** BottomDepth: 27
# nquan = 12
# nvalues = 4824                                  
# units = specified
# name 0 = latitude: Latitude [deg]
# name 1 = longitude: Longitude [deg]
# name 2 = prDM: Pressure, Digiquartz [db]
# name 3 = depSM: Depth [salt water, m]
# name 4 = t090C: Temperature [ITS-90, deg C]
# name 5 = c0S/m: Conductivity [S/m]
# name 6 = sal00: Salinity, Practical [PSU]
# name 7 = sbeox0ML/L: Oxygen, SBE 43 [ml/l]
# name 8 = flECO-AFL: Fluorescence, WET Labs ECO-AFL/FL [mg/m^3]
# name 9 = density00: Density [density, kg/m^3]
# name 10 = svCM: Sound Velocity [Chen-Millero, m/s]
# name 11 = flag:  0.000e+00
# span 0 =   58.31750,   58.31794                 
# span 1 =   11.80856,   11.80908                 
# span 2 =     -2.133,     26.704                 
# span 3 =     -2.113,     26.454                 
# span 4 =     8.1637,    15.8593                 
# span 5 =   0.124043,   3.650276                 
# span 6 =     0.7749,    30.8079                 
# span 7 =     0.2597,     7.5688                 
# span 8 =    -0.5735,     1.6976                 
# span 9 =   999.6859,  1024.0807                 
# span 10 =    1466.91,    1497.93                
# span 11 = 0.0000e+00, 0.0000e+00                
# interval = seconds: 0.0416667
# start_time = Sep 22 2020 13:54:25 [System UpLoad Time]
# bad_flag = -9.990e-29
*END*
[from data line 3730]
   58.31788   11.80860     13.106     12.984    14.1571   3.542232    28.8787     1.1544     0.1958  1021.4896    1497.03  0.000e+00
   58.31788   11.80860     13.043     12.921    14.1790   3.542495    28.8647     1.1535     0.1958  1021.4742    1497.09  0.000e+00
   58.31788   11.80860     12.987     12.866    14.1856   3.542263    28.8577     1.1450     0.1958  1021.4672    1497.10  0.000e+00
   58.31788   11.80860     13.043     12.921    14.1799   3.542012    28.8597     1.1441     0.1958  1021.4702    1497.08  0.000e+00
   58.31788   11.80860     12.932     12.811    14.1766   3.541743    28.8598     1.1436     0.1958  1021.4704    1497.07  0.000e+00
   58.31788   11.80860     13.043     12.921    14.1768   3.541461    28.8570     1.1394     0.1958  1021.4687    1497.07  0.000e+00
   58.31788   11.80860     12.868     12.748    14.1772   3.541323    28.8556     1.1347     0.1958  1021.4667    1497.07  0.000e+00
   58.31788   11.80860     12.931     12.811    14.1784   3.541035    28.8521     1.1342     0.1958  1021.4641    1497.07  0.000e+00
   58.31788   11.80860     12.924     12.803    14.1824   3.540646    28.8455     1.1340     0.1958  1021.4582    1497.07  0.000e+00
   58.31788   11.80860     12.876     12.756    14.1897   3.540402    28.8379     1.1297     0.1958  1021.4507    1497.09  0.000e+00
   58.31788   11.80860     12.868     12.748    14.1983   3.540590    28.8332     1.1253     0.1958  1021.4452    1497.11  0.000e+00
   58.31788   11.80860     12.812     12.693    14.2045   3.540972    28.8320     1.1247     0.1958  1021.4428    1497.13  0.000e+00
   58.31788   11.80860     12.749     12.630    14.2049   3.541241    28.8342     1.1247     0.1958  1021.4441    1497.13  0.000e+00
   58.31788   11.80860     12.812     12.693    14.2097   3.541792    28.8356     1.1204     0.1958  1021.4445    1497.15  0.000e+00
   58.31788   11.80860     12.749     12.630    14.2148   3.542243    28.8359     1.1161     0.1958  1021.4434    1497.16  0.000e+00
   58.31788   11.80860     12.757     12.638    14.2242   3.543227    28.8377     1.1155     0.1958  1021.4430    1497.20  0.000e+00
   58.31788   11.80860     12.749     12.630    14.2432   3.544436    28.8345     1.1110     0.1958  1021.4367    1497.26  0.000e+00
   58.31788   11.80860     12.693     12.575    14.2474   3.544750    28.8342     1.1110     0.1958  1021.4354    1497.27  0.000e+00
   58.31788   11.80860     12.630     12.512    14.2482   3.545088    28.8367     1.1068     0.1958  1021.4368    1497.27  0.000e+00
   58.31788   11.80860     12.638     12.520    14.2610   3.545408    28.8300     1.1067     0.1958  1021.4292    1497.31  0.000e+00
   58.31788   11.80860     12.630     12.512    14.2717   3.544367    28.8127     1.1030     0.1958  1021.4136    1497.32  0.000e+00
   58.31788   11.80860     12.638     12.520    14.2769   3.540902    28.7775     1.0992     0.1958  1021.3855    1497.30  0.000e+00
   58.31788   11.80860     12.574     12.457    14.2798   3.536505    28.7358     1.0997     0.1958  1021.3525    1497.26  0.000e+00
   58.31788   11.80860     12.519     12.402    14.2767   3.535722    28.7310     1.0958     0.1958  1021.3492    1497.24  0.000e+00
   58.31788   11.80860     12.511     12.394    14.2721   3.537363    28.7493     1.0957     0.2080  1021.3642    1497.25  0.000e+00
   58.31788   11.80860     12.582     12.465    14.2692   3.537044    28.7485     1.0919     0.1958  1021.3645    1497.24  0.000e+00
   58.31788   11.80860     12.455     12.339    14.2671   3.535447    28.7357     1.0920     0.1958  1021.3544    1497.21  0.000e+00
   58.31788   11.80860     12.463     12.347    14.2653   3.534232    28.7261     1.0883     0.1958  1021.3474    1497.20  0.000e+00
   58.31788   11.80860     12.455     12.339    14.2585   3.530164    28.6945     1.0850     0.1958  1021.3244    1497.14  0.000e+00
   58.31788   11.80860     12.463     12.347    14.2447   3.523972    28.6489     1.0815     0.1958  1021.2921    1497.04  0.000e+00
   58.31788   11.80860     12.336     12.221    14.2404   3.521102    28.6262     1.0856     0.1958  1021.2749    1497.00  0.000e+00
   58.31788   11.80860     12.400     12.284    14.2332   3.518946    28.6121     1.0822     0.1958  1021.2658    1496.96  0.000e+00
   58.31788   11.80860     12.392     12.276    14.2237   3.516615    28.5981     1.0785     0.1958  1021.2569    1496.91  0.000e+00
   58.31788   11.80858     12.344     12.229    14.2111   3.513086    28.5756     1.0792     0.1958  1021.2419    1496.84  0.000e+00
   58.31788   11.80858     12.273     12.158    14.1917   3.508940    28.5525     1.0758     0.1958  1021.2277    1496.75  0.000e+00
   58.31788   11.80858     12.281     12.166    14.1785   3.506413    28.5394     1.0723     0.1958  1021.2203    1496.69  0.000e+00
   58.31788   11.80858     12.273     12.158    14.1711   3.505152    28.5336     1.0725     0.1958  1021.2172    1496.66  0.000e+00
   58.31788   11.80858     12.225     12.111    14.1637   3.503611    28.5251     1.0731     0.1958  1021.2120    1496.62  0.000e+00
   58.31788   11.80858     12.217     12.103    14.1507   3.500680    28.5082     1.0698     0.1958  1021.2015    1496.56  0.000e+00
   58.31788   11.80858     12.225     12.111    14.1389   3.497512    28.4883     1.0707     0.1958  1021.1886    1496.50  0.000e+00
   58.31788   11.80858     12.162     12.048    14.1197   3.493959    28.4704     1.0671     0.1958  1021.1783    1496.41  0.000e+00
   58.31788   11.80858     12.106     11.993    14.1016   3.491174    28.4587     1.0677     0.1958  1021.1726    1496.34  0.000e+00
   58.31788   11.80858     12.162     12.048    14.0915   3.490252    28.4578     1.0644     0.1958  1021.1742    1496.31  0.000e+00
   58.31788   11.80858     12.098     11.985    14.0898   3.490501    28.4613     1.0646     0.2080  1021.1769    1496.30  0.000e+00
   58.31788   11.80858     12.106     11.993    14.0912   3.491205    28.4666     1.0648     0.2080  1021.1808    1496.32  0.000e+00
   58.31788   11.80858     12.043     11.930    14.0940   3.491722    28.4692     1.0654     0.2080  1021.1820    1496.33  0.000e+00
   58.31788   11.80858     11.987     11.875    14.0923   3.489679    28.4521     1.0663     0.2080  1021.1689    1496.30  0.000e+00
   58.31788   11.80858     12.042     11.930    14.0716   3.483988    28.4158     1.0592     0.2080  1021.1453    1496.19  0.000e+00
   58.31788   11.80858     11.987     11.875    14.0552   3.480683    28.3980     1.0599     0.2080  1021.1346    1496.11  0.000e+00
   58.31788   11.80858     11.979     11.867    14.0558   3.480907    28.3996     1.0606     0.2080  1021.1357    1496.12  0.000e+00
   58.31788   11.80858     11.931     11.820    14.0485   3.478966    28.3875     1.0620     0.2080  1021.1276    1496.08  0.000e+00
   58.31788   11.80858     11.923     11.812    14.0310   3.474301    28.3581     1.0590     0.2080  1021.1084    1495.99  0.000e+00
   58.31788   11.80858     11.868     11.757    14.0147   3.470248    28.3334     1.0602     0.2080  1021.0923    1495.90  0.000e+00
   58.31788   11.80858     11.868     11.757    14.0075   3.468297    28.3211     1.0574     0.2080  1021.0843    1495.86  0.000e+00
   58.31788   11.80858     11.868     11.757    14.0085   3.468185    28.3193     1.0581     0.2080  1021.0827    1495.87  0.000e+00
   58.31788   11.80858     11.804     11.694    14.0109   3.468216    28.3179     1.0587     0.2080  1021.0808    1495.87  0.000e+00
   58.31788   11.80858     11.812     11.702    14.0100   3.466992    28.3074     1.0599     0.2080  1021.0729    1495.86  0.000e+00
   58.31788   11.80858     11.749     11.639    14.0080   3.465128    28.2921     1.0616     0.2080  1021.0612    1495.83  0.000e+00
   58.31788   11.80858     11.757     11.647    14.0023   3.462693    28.2742     1.0591     0.2080  1021.0486    1495.79  0.000e+00
   58.31788   11.80858     11.749     11.639    13.9943   3.460098    28.2566     1.0562     0.2080  1021.0366    1495.74  0.000e+00
   58.31788   11.80858     11.693     11.584    13.9901   3.459297    28.2524     1.0573     0.2080  1021.0340    1495.72  0.000e+00
   58.31788   11.80858     11.685     11.576    13.9876   3.458732    28.2492     1.0588     0.2080  1021.0319    1495.71  0.000e+00
   58.31788   11.80858     11.693     11.584    13.9704   3.453489    28.2143     1.0607     0.2080  1021.0085    1495.61  0.000e+00
   58.31788   11.80858     11.630     11.521    13.9405   3.445695    28.1656     1.0587     0.2080  1020.9766    1495.46  0.000e+00
   58.31788   11.80858     11.638     11.529    13.9259   3.442764    28.1497     1.0604     0.2080  1020.9673    1495.39  0.000e+00
   58.31788   11.80858     11.574     11.466    13.9287   3.444003    28.1589     1.0615     0.2080  1020.9735    1495.41  0.000e+00
   58.31788   11.80858     11.566     11.458    13.9279   3.443408    28.1541     1.0590     0.2080  1020.9699    1495.40  0.000e+00
   58.31788   11.80858     11.519     11.411    13.9043   3.436849    28.1119     1.0608     0.2080  1020.9418    1495.27  0.000e+00
   58.31788   11.80858     11.511     11.403    13.8615   3.427839    28.0615     1.0635     0.1958  1020.9114    1495.07  0.000e+00
   58.31788   11.80858     11.519     11.411    13.8265   3.421977    28.0338     1.0616     0.1958  1020.8969    1494.92  0.000e+00
   58.31788   11.80858     11.455     11.348    13.8205   3.421946    28.0380     1.0626     0.1958  1020.9010    1494.91  0.000e+00
   58.31788   11.80858     11.455     11.348    13.8255   3.423319    28.0468     1.0638     0.1958  1020.9068    1494.93  0.000e+00
   58.31788   11.80858     11.455     11.348    13.8150   3.420815    28.0317     1.0611     0.1958  1020.8973    1494.88  0.000e+00
   58.31788   11.80858     11.400     11.293    13.7872   3.415131    28.0003     1.0630     0.1958  1020.8782    1494.75  0.000e+00
   58.31788   11.80858     11.392     11.285    13.7683   3.412186    27.9874     1.0603     0.1958  1020.8719    1494.67  0.000e+00
   58.31788   11.80858     11.344     11.238    13.7645   3.410883    27.9783     1.0614     0.1958  1020.8654    1494.65  0.000e+00
   58.31788   11.80858     11.336     11.230    13.7522   3.406921    27.9513     1.0585     0.1958  1020.8470    1494.57  0.000e+00
   58.31788   11.80858     11.344     11.238    13.7301   3.401690    27.9198     1.0595     0.1958  1020.8270    1494.46  0.000e+00
   58.31788   11.80858     11.273     11.168    13.7048   3.397621    27.9012     1.0561     0.1958  1020.8173    1494.36  0.000e+00
   58.31788   11.80858     11.225     11.120    13.6942   3.397263    27.9057     1.0569     0.1958  1020.8226    1494.33  0.000e+00
   58.31788   11.80858     11.273     11.168    13.6996   3.398817    27.9158     1.0488     0.1958  1020.8296    1494.36  0.000e+00
   58.31788   11.80858     11.161     11.057    13.7031   3.398101    27.9069     1.0442     0.1958  1020.8215    1494.36  0.000e+00
   58.31788   11.80858     11.217     11.112    13.6868   3.394515    27.8860     1.0484     0.1958  1020.8088    1494.28  0.000e+00
   58.31788   11.80858     11.161     11.057    13.6670   3.390781    27.8665     1.0446     0.1958  1020.7974    1494.19  0.000e+00
   58.31788   11.80858     11.161     11.057    13.6509   3.388053    27.8533     1.0401     0.1958  1020.7903    1494.12  0.000e+00
   58.31788   11.80858     11.106     11.002    13.6505   3.389106    27.8632     1.0351     0.1958  1020.7978    1494.13  0.000e+00
   58.31788   11.80858     11.098     10.995    13.6596   3.390985    27.8737     1.0299     0.1958  1020.8041    1494.17  0.000e+00
   58.31788   11.80858     11.106     11.002    13.6619   3.390572    27.8683     1.0244     0.1958  1020.7995    1494.17  0.000e+00
   58.31788   11.80858     11.042     10.940    13.6541   3.387235    27.8436     1.0191     0.1958  1020.7817    1494.12  0.000e+00
   58.31788   11.80858     11.106     11.002    13.6425   3.383357    27.8167     1.0178     0.1958  1020.7635    1494.05  0.000e+00
   58.31788   11.80858     10.923     10.822    13.6223   3.377463    27.7777     1.0170     0.1958  1020.7365    1493.93  0.000e+00
   58.31788   11.80858     11.042     10.939    13.5998   3.371519    27.7399     1.0078     0.2080  1020.7122    1493.81  0.000e+00
   58.31788   11.80858     10.923     10.822    13.5880   3.369098    27.7263     1.0019     0.2202  1020.7035    1493.76  0.000e+00
   58.31788   11.80858     10.987     10.884    13.5921   3.370382    27.7351     0.9999     0.2324  1020.7098    1493.78  0.000e+00
   58.31788   11.80858     10.860     10.759    13.5953   3.371556    27.7435     0.9941     0.2324  1020.7151    1493.80  0.000e+00
   58.31788   11.80858     10.931     10.829    13.5953   3.371648    27.7443     0.9884     0.2324  1020.7160    1493.80  0.000e+00
   58.31788   11.80858     10.860     10.759    13.5890   3.368864    27.7235     0.9821     0.2324  1020.7008    1493.75  0.000e+00
   58.31788   11.80858     10.812     10.711    13.5706   3.364178    27.6942     0.9718     0.2324  1020.6815    1493.66  0.000e+00
   58.31788   11.80858     10.860     10.759    13.5609   3.360906    27.6713     0.9695     0.2324  1020.6660    1493.60  0.000e+00
   58.31788   11.80858     10.812     10.711    13.5484   3.357764    27.6517     0.9591     0.2324  1020.6530    1493.53  0.000e+00
   58.31788   11.80858     10.812     10.711    13.5422   3.356065    27.6407     0.9520     0.2324  1020.6457    1493.50  0.000e+00
   58.31788   11.80858     10.685     10.586    13.5416   3.355752    27.6383     0.9492     0.2324  1020.6435    1493.49  0.000e+00
   58.31788   11.80858     10.749     10.649    13.5325   3.353568    27.6250     0.9423     0.2324  1020.6352    1493.45  0.000e+00
   58.31788   11.80858     10.749     10.649    13.5250   3.351581    27.6123     0.9312     0.2324  1020.6268    1493.41  0.000e+00
   58.31788   11.80858     10.693     10.594    13.5229   3.350778    27.6064     0.9240     0.2324  1020.6225    1493.39  0.000e+00
   58.31788   11.80858     10.685     10.586    13.5193   3.348547    27.5887     0.9170     0.2324  1020.6095    1493.36  0.000e+00
   58.31788   11.80858     10.638     10.539    13.5171   3.346200    27.5689     0.9102     0.2324  1020.5944    1493.33  0.000e+00
   58.31788   11.80858     10.630     10.531    13.5184   3.345232    27.5591     0.9029     0.2324  1020.5866    1493.32  0.000e+00
   58.31788   11.80858     10.574     10.476    13.5213   3.343345    27.5399     0.8912     0.2324  1020.5709    1493.31  0.000e+00
   58.31788   11.80858     10.566     10.468    13.5328   3.340491    27.5056     0.8834     0.2324  1020.5422    1493.31  0.000e+00
   58.31788   11.80858     10.574     10.476    13.5513   3.339535    27.4836     0.8715     0.2324  1020.5218    1493.34  0.000e+00
   58.31788   11.80858     10.511     10.413    13.5541   3.340417    27.4896     0.8637     0.2324  1020.5256    1493.36  0.000e+00
   58.31788   11.80858     10.519     10.421    13.5545   3.340999    27.4946     0.8558     0.2324  1020.5294    1493.36  0.000e+00
   58.31788   11.80858     10.511     10.413    13.5639   3.340300    27.4816     0.8481     0.2324  1020.5175    1493.38  0.000e+00
   58.31788   11.80858     10.455     10.358    13.5922   3.338598    27.4457     0.8363     0.2324  1020.4842    1493.43  0.000e+00
   58.31788   11.80858     10.455     10.358    13.6260   3.337067    27.4077     0.8283     0.2324  1020.4483    1493.50  0.000e+00
   58.31788   11.80858     10.400     10.303    13.6773   3.335634    27.3580     0.8204     0.2446  1020.3999    1493.61  0.000e+00
   58.31788   11.80858     10.392     10.295    13.7596   3.335254    27.2960     0.8127     0.2568  1020.3361    1493.82  0.000e+00
   58.31788   11.80858     10.400     10.303    13.8063   3.336080    27.2703     0.8009     0.2568  1020.3073    1493.94  0.000e+00
