data/2023/2023_wed/06CTD08.cnv
* Sea-Bird SBE 9 Data File:
* FileName = C:\Users\ctd-user\Desktop\CTD_data\2023\MAR440 Sept 2023\06CTD08.hex
* Software Version Seasave V 7.26.2.13
* Temperature SN = 4493
* Conductivity SN = 1899
* Number of Bytes Per Scan = 37
* Number of Voltage Words = 4
* Number of Scans Averaged by the Deck Unit = 1
* NMEA Latitude = 58 19.15 N
* NMEA Longitude = 011 48.63 E
* NMEA UTC (Time) = Sep 06 2023 10:12:09
* NMEA baud rate = 4800
** Ship:
** Station:
** Operator:
# nquan = 14                                
# nvalues = 2155                        
# units = specified
# name 0 = scan: Scan Count
# name 1 = prDM: Pressure, Digiquartz [db]
# name 2 = t090C: Temperature [ITS-90, deg C]
# name 3 = c0S/m: Conductivity [S/m]
# name 4 = sbeox0V: Oxygen raw, SBE 43 [V]
# name 5 = flECO-AFL: Fluorescence, WET Labs ECO-AFL/FL [mg/m^3]
# name 6 = upoly0: Upoly 0, Turbidity
# name 7 = xmiss: Beam Transmission, Chelsea/Seatech [%]
# name 8 = depSM: Depth [salt water, m], lat = 58.3192
# name 9 = potemp090C: Potential Temperature [ITS-90, deg C]
# name 10 = sal00: Salinity, Practical [PSU]
# name 11 = sbeox0ML/L: Oxygen, SBE 43 [ml/l], WS = 2
# name 12 = sbeox0PS: Oxygen, SBE 43 [% saturation], WS = 2
# name 13 = flag: flag
# span 0 =          1,       2155       
# span 1 =      1.325,     26.467       
# span 2 =     7.1866,    18.4328       
# span 3 =   2.651867,   3.402846       
# span 4 =     0.8558,     2.7856       
# span 5 =     0.1324,     4.0885       
# span 6 =  4.4419425,  5.4962413       
# span 7 =    69.4748,    98.1854       
# span 8 =      1.313,     26.219       
# span 9 =     7.1843,    18.4324       
# span 10 =    18.8633,    31.9191      
# span 11 =     0.8508,     5.7436      
# span 12 =     14.007,     98.485      
# span 13 = 0.0000e+00, 0.0000e+00      
# interval = seconds: 0.0416667
# start_time = Sep 06 2023 10:12:09 [NMEA time, header]
# bad_flag = -9.990e-29
*END*
[from data line 413]
        414      1.356    18.4160   2.694632     2.7737     4.0518  5.0516493    78.0286      1.343    18.4158    19.2019     5.6843     97.046 -9.990e-29
        415      1.356    18.4160   2.695912     2.7734     4.0518  5.0516635    78.0218      1.343    18.4158    19.2119     5.6832     97.031 -9.990e-29
        416      1.357    18.4159   2.697055     2.7732     4.0518  5.0516913    78.0148      1.344    18.4157    19.2209     5.6823     97.022 -9.990e-29
        417      1.358    18.4158   2.698026     2.7729     4.0518  5.0517331    78.0073      1.345    18.4156    19.2285     5.6813     97.009 -9.990e-29
        418      1.358    18.4158   2.698830     2.7726     4.0518  5.0517892    77.9990      1.345    18.4156    19.2348     5.6804     96.996 -9.990e-29
        419      1.359    18.4157   2.699487     2.7724     4.0518  5.0518599    77.9905      1.346    18.4155    19.2400     5.6798     96.989 -9.990e-29
        420      1.359    18.4156   2.700016     2.7721     4.0518  5.0519458    77.9824      1.346    18.4154    19.2442     5.6789     96.977 -9.990e-29
        421      1.360    18.4154   2.700444     2.7718     4.0518  5.0520473    77.9753      1.347    18.4152    19.2476     5.6782     96.967 -9.990e-29
        422      1.361    18.4153   2.700803     2.7715     4.0702  5.0521653    77.9698      1.348    18.4151    19.2505     5.6775     96.957 -9.990e-29
        423      1.361    18.4151   2.701116     2.7712     4.0518  5.0523006    77.9658      1.348    18.4149    19.2530     5.6769     96.947 -9.990e-29
        424      1.362    18.4150   2.701395     2.7710     4.0518  5.0524540    77.9631      1.349    18.4148    19.2553     5.6766     96.943 -9.990e-29
        425      1.363    18.4147   2.701627     2.7707     4.0518  5.0526268    77.9617      1.350    18.4145    19.2572     5.6761     96.934 -9.990e-29
        426      1.364    18.4145   2.701788     2.7704     4.0518  5.0528199    77.9612      1.351    18.4143    19.2586     5.6756     96.927 -9.990e-29
        427      1.365    18.4143   2.701863     2.7702     4.0518  5.0530349    77.9614      1.352    18.4141    19.2592     5.6755     96.924 -9.990e-29
        428      1.366    18.4141   2.701858     2.7699     3.9969  5.0532732    77.9620      1.353    18.4139    19.2593     5.6751     96.918 -9.990e-29
        429      1.367    18.4139   2.701794     2.7697     3.8138  5.0535365    77.9630      1.354    18.4137    19.2589     5.6751     96.916 -9.990e-29
        430      1.369    18.4137   2.701719     2.7694     3.7588  5.0538265    77.9642      1.356    18.4135    19.2584     5.6748     96.911 -9.990e-29
        431      1.370    18.4135   2.701700     2.7692     3.7588  5.0541454    77.9655      1.357    18.4133    19.2583     5.6748     96.911 -9.990e-29
        432      1.371    18.4134   2.701789     2.7690     3.7771  5.0544952    77.9664      1.358    18.4132    19.2591     5.6748     96.911 -9.990e-29
        433      1.373    18.4134   2.701989     2.7687     3.7588  5.0548786    77.9669      1.360    18.4132    19.2606     5.6745     96.907 -9.990e-29
        434      1.374    18.4133   2.702256     2.7685     3.7588  5.0552981    77.9673      1.361    18.4131    19.2628     5.6745     96.908 -9.990e-29
        435      1.376    18.4133   2.702550     2.7683     3.7771  5.0557566    77.9677      1.363    18.4131    19.2651     5.6745     96.910 -9.990e-29
        436      1.378    18.4132   2.702853     2.7681     3.7588  5.0562573    77.9680      1.365    18.4130    19.2675     5.6746     96.912 -9.990e-29
        437      1.379    18.4132   2.703156     2.7679     3.7588  5.0568038    77.9682      1.366    18.4130    19.2699     5.6746     96.913 -9.990e-29
        438      1.381    18.4132   2.703452     2.7677     3.7771  5.0573998    77.9684      1.368    18.4130    19.2722     5.6746     96.915 -9.990e-29
        439      1.382    18.4132   2.703738     2.7676     3.7771  5.0580495    77.9689      1.369    18.4130    19.2744     5.6749     96.922 -9.990e-29
        440      1.383    18.4132   2.704021     2.7674     3.7588  5.0587574    77.9696      1.370    18.4130    19.2766     5.6750     96.925 -9.990e-29
        441      1.385    18.4132   2.704320     2.7673     3.7588  5.0595283    77.9703      1.372    18.4130    19.2790     5.6753     96.931 -9.990e-29
        442      1.386    18.4132   2.704658     2.7671     3.7588  5.0603678    77.9710      1.373    18.4130    19.2816     5.6754     96.934 -9.990e-29
        443      1.388    18.4132   2.705060     2.7670     3.7771  5.0612815    77.9718      1.375    18.4130    19.2848     5.6757     96.941 -9.990e-29
        444      1.389    18.4132   2.705544     2.7668     3.7588  5.0622760    77.9731      1.376    18.4130    19.2886     5.6757     96.943 -9.990e-29
        445      1.391    18.4132   2.706121     2.7667     3.7588  5.0633580    77.9748      1.378    18.4130    19.2931     5.6760     96.950 -9.990e-29
        446      1.392    18.4132   2.706800     2.7666     3.7588  5.0645351    77.9768      1.379    18.4130    19.2984     5.6762     96.957 -9.990e-29
        447      1.394    18.4132   2.707598     2.7665     3.7588  5.0658156    77.9789      1.381    18.4130    19.3047     5.6763     96.963 -9.990e-29
        448      1.395    18.4132   2.708536     2.7664     3.7588  5.0672082    77.9812      1.382    18.4130    19.3120     5.6765     96.969 -9.990e-29
        449      1.397    18.4133   2.709630     2.7663     3.7771  5.0687228    77.9838      1.384    18.4131    19.3205     5.6765     96.976 -9.990e-29
        450      1.398    18.4133   2.710885     2.7663     3.7771  5.0703698    77.9870      1.385    18.4131    19.3303     5.6767     96.985 -9.990e-29
        451      1.400    18.4133   2.712297     2.7662     3.7771  5.0721607    77.9908      1.387    18.4131    19.3414     5.6767     96.990 -9.990e-29
        452      1.401    18.4134   2.713854     2.7662     3.7588  5.0741079    77.9950      1.388    18.4132    19.3536     5.6768     97.000 -9.990e-29
        453      1.403    18.4134   2.715522     2.7661     3.7588  5.0762251    77.9997      1.390    18.4132    19.3666     5.6766     97.004 -9.990e-29
        454      1.404    18.4134   2.717239     2.7661     3.8504  5.0784419    78.0047      1.391    18.4132    19.3801     5.6766     97.013 -9.990e-29
        455      1.406    18.4134   2.718945     2.7661     3.9053  5.0806040    78.0101      1.393    18.4132    19.3934     5.6766     97.020 -9.990e-29
        456      1.407    18.4134   2.720608     2.7660     3.9236  5.0826414    78.0160      1.394    18.4132    19.4065     5.6764     97.023 -9.990e-29
        457      1.409    18.4133   2.722209     2.7660     3.9053  5.0845683    78.0225      1.396    18.4131    19.4191     5.6764     97.031 -9.990e-29
        458      1.411    18.4133   2.723713     2.7660     3.9236  5.0863981    78.0301      1.398    18.4131    19.4308     5.6763     97.037 -9.990e-29
        459      1.412    18.4133   2.725092     2.7660     3.9053  5.0881435    78.0395      1.399    18.4131    19.4416     5.6763     97.042 -9.990e-29
        460      1.414    18.4133   2.726359     2.7659     3.9236  5.0898167    78.0509      1.401    18.4131    19.4516     5.6760     97.043 -9.990e-29
        461      1.415    18.4133   2.727565     2.7659     3.9236  5.0914294    78.0642      1.402    18.4131    19.4610     5.6760     97.048 -9.990e-29
        462      1.417    18.4133   2.728776     2.7659     3.9053  5.0929927    78.0786      1.404    18.4131    19.4705     5.6759     97.052 -9.990e-29
        463      1.419    18.4134   2.730036     2.7659     3.9053  5.0945175    78.0935      1.406    18.4132    19.4803     5.6757     97.055 -9.990e-29
        464      1.420    18.4134   2.731332     2.7659     3.9053  5.0960144    78.1082      1.407    18.4132    19.4905     5.6755     97.058 -9.990e-29
        465      1.422    18.4135   2.732597     2.7658     3.9053  5.0974939    78.1227      1.409    18.4133    19.5004     5.6750     97.055 -9.990e-29
        466      1.423    18.4135   2.733763     2.7658     3.9236  5.0988812    78.1364      1.410    18.4133    19.5095     5.6748     97.057 -9.990e-29
        467      1.424    18.4135   2.734829     2.7658     3.9236  5.1001011    78.1483      1.411    18.4133    19.5179     5.6746     97.058 -9.990e-29
        468      1.426    18.4136   2.735842     2.7658     3.9236  5.1012471    78.1578      1.413    18.4134    19.5258     5.6744     97.059 -9.990e-29
        469      1.427    18.4136   2.736837     2.7658     3.9053  5.1024120    78.1644      1.414    18.4134    19.5336     5.6741     97.059 -9.990e-29
        470      1.428    18.4136   2.737841     2.7658     3.9236  5.1036040    78.1687      1.415    18.4134    19.5414     5.6738     97.058 -9.990e-29
        471      1.430    18.4136   2.738880     2.7658     3.9236  5.1048312    78.1719      1.417    18.4134    19.5496     5.6734     97.056 -9.990e-29
        472      1.431    18.4136   2.739979     2.7658     3.9053  5.1061024    78.1750      1.418    18.4134    19.5582     5.6730     97.054 -9.990e-29
        473      1.432    18.4136   2.741135     2.7658     3.9053  5.1074262    78.1789      1.419    18.4134    19.5673     5.6726     97.052 -9.990e-29
        474      1.433    18.4135   2.742302     2.7657     3.9236  5.1088120    78.1835      1.420    18.4133    19.5765     5.6718     97.044 -9.990e-29
        475      1.435    18.4135   2.743426     2.7657     3.9420  5.1102694    78.1893      1.422    18.4133    19.5853     5.6713     97.041 -9.990e-29
        476      1.436    18.4134   2.744490     2.7657     3.9236  5.1118084    78.1961      1.423    18.4132    19.5937     5.6708     97.037 -9.990e-29
        477      1.437    18.4132   2.745492     2.7657     3.9053  5.1134399    78.2041      1.424    18.4130    19.6016     5.6703     97.033 -9.990e-29
        478      1.438    18.4131   2.746387     2.7657     3.9053  5.1151751    78.2129      1.425    18.4129    19.6087     5.6699     97.028 -9.990e-29
        479      1.439    18.4130   2.747125     2.7656     3.8321  5.1170261    78.2220      1.426    18.4128    19.6145     5.6691     97.019 -9.990e-29
        480      1.440    18.4129   2.747678     2.7656     3.5207  5.1189209    78.2310      1.427    18.4127    19.6189     5.6687     97.014 -9.990e-29
        481      1.441    18.4128   2.748045     2.7656     3.4108  5.1207027    78.2397      1.428    18.4126    19.6218     5.6683     97.009 -9.990e-29
        482      1.442    18.4127   2.748210     2.7655     3.3925  5.1222991    78.2482      1.429    18.4125    19.6232     5.6677     96.999 -9.990e-29
        483      1.443    18.4126   2.748144     2.7655     3.4108  5.1237211    78.2565      1.430    18.4124    19.6227     5.6674     96.994 -9.990e-29
        484      1.444    18.4125   2.747815     2.7654     3.4108  5.1249787    78.2646      1.431    18.4123    19.6202     5.6669     96.984 -9.990e-29
        485      1.444    18.4124   2.747215     2.7653     3.4108  5.1260805    78.2724      1.431    18.4122    19.6155     5.6665     96.974 -9.990e-29
        486      1.445    18.4124   2.746348     2.7653     3.4108  5.1270342    78.2799      1.432    18.4122    19.6087     5.6664     96.968 -9.990e-29
        487      1.446    18.4123   2.745209     2.7652     3.4108  5.1278465    78.2872      1.433    18.4121    19.5998     5.6662     96.959 -9.990e-29
        488      1.447    18.4122   2.743825     2.7651     3.3925  5.1285230    78.2943      1.434    18.4120    19.5890     5.6660     96.949 -9.990e-29
        489      1.448    18.4121   2.742228     2.7650     3.4108  5.1290685    78.3019      1.435    18.4119    19.5765     5.6659     96.939 -9.990e-29
        490      1.448    18.4121   2.740437     2.7650     3.4108  5.1294866    78.3102      1.435    18.4119    19.5625     5.6660     96.934 -9.990e-29
        491      1.449    18.4120   2.738495     2.7649     3.4108  5.1297804    78.3193      1.436    18.4118    19.5473     5.6660     96.925 -9.990e-29
        492      1.450    18.4119   2.736483     2.7648     3.4108  5.1299519    78.3285      1.437    18.4117    19.5316     5.6661     96.916 -9.990e-29
        493      1.450    18.4118   2.734487     2.7647     3.4108  5.1300022    78.3372      1.437    18.4116    19.5160     5.6661     96.908 -9.990e-29
        494      1.451    18.4117   2.732561     2.7646     3.4108  5.1299317    78.3449      1.438    18.4115    19.5009     5.6662     96.900 -9.990e-29
        495      1.451    18.4116   2.730730     2.7644     3.4108  5.1297400    78.3517      1.438    18.4114    19.4866     5.6660     96.888 -9.990e-29
        496      1.451    18.4115   2.728998     2.7643     3.4108  5.1294257    78.3575      1.438    18.4113    19.4731     5.6660     96.881 -9.990e-29
        497      1.452    18.4114   2.727361     2.7642     3.4108  5.1289865    78.3622      1.439    18.4112    19.4603     5.6661     96.874 -9.990e-29
        498      1.452    18.4112   2.725813     2.7640     3.4108  5.1284195    78.3662      1.439    18.4110    19.4483     5.6659     96.864 -9.990e-29
        499      1.452    18.4111   2.724349     2.7639     3.3925  5.1277208    78.3697      1.439    18.4109    19.4368     5.6659     96.858 -9.990e-29
        500      1.452    18.4110   2.722962     2.7638     3.4108  5.1268853    78.3727      1.439    18.4108    19.4260     5.6660     96.852 -9.990e-29
        501      1.452    18.4109   2.721642     2.7636     3.4108  5.1259074    78.3749      1.439    18.4107    19.4157     5.6657     96.842 -9.990e-29
        502      1.452    18.4108   2.720379     2.7635     3.4108  5.1247802    78.3762      1.439    18.4106    19.4059     5.6658     96.838 -9.990e-29
        503      1.452    18.4107   2.719153     2.7633     3.4108  5.1234959    78.3764      1.439    18.4105    19.3963     5.6657     96.829 -9.990e-29
        504      1.452    18.4106   2.717952     2.7632     3.4108  5.1220456    78.3754      1.439    18.4104    19.3870     5.6658     96.825 -9.990e-29
        505      1.452    18.4105   2.716776     2.7630     3.4108  5.1204191    78.3733      1.439    18.4103    19.3778     5.6656     96.817 -9.990e-29
        506      1.452    18.4104   2.715634     2.7629     3.4291  5.1186901    78.3699      1.439    18.4102    19.3689     5.6658     96.814 -9.990e-29
        507      1.452    18.4104   2.714526     2.7628     3.4108  5.1170165    78.3652      1.439    18.4102    19.3602     5.6659     96.811 -9.990e-29
        508      1.452    18.4103   2.713452     2.7627     3.4291  5.1154715    78.3595      1.439    18.4101    19.3518     5.6660     96.809 -9.990e-29
        509      1.452    18.4103   2.712418     2.7625     3.4291  5.1140443    78.3532      1.439    18.4101    19.3437     5.6660     96.803 -9.990e-29
        510      1.452    18.4102   2.711429     2.7624     3.4291  5.1127252    78.3469      1.439    18.4100    19.3360     5.6661     96.802 -9.990e-29
        511      1.452    18.4102   2.710489     2.7623     3.4291  5.1115048    78.3415      1.439    18.4100    19.3287     5.6663     96.800 -9.990e-29
        512      1.452    18.4101   2.709605     2.7622     3.4291  5.1103747    78.3371      1.439    18.4099    19.3218     5.6665     96.799 -9.990e-29
        513      1.451    18.4101   2.708788     2.7621     3.4108  5.1093270    78.3333      1.438    18.4099    19.3154     5.6667     96.799 -9.990e-29
        514      1.451    18.4100   2.708050     2.7620     3.4291  5.1083545    78.3295      1.438    18.4098    19.3097     5.6669     96.798 -9.990e-29
        515      1.451    18.4099   2.707389     2.7620     3.4291  5.1074504    78.3257      1.438    18.4097    19.3045     5.6673     96.803 -9.990e-29
        516      1.450    18.4099   2.706797     2.7619     3.4291  5.1066084    78.3224      1.437    18.4097    19.2999     5.6675     96.804 -9.990e-29
