data/2023/2023_wed/06CTD11.cnv
* Sea-Bird SBE 9 Data File:
* FileName = C:\Users\ctd-user\Desktop\CTD_data\2023\MAR440 Sept 2023\06CTD11.hex
* Software Version Seasave V 7.26.2.13
* Temperature SN = 4493
* Conductivity SN = 1899
* Number of Bytes Per Scan = 37
* Number of Voltage Words = 4
* Number of Scans Averaged by the Deck Unit = 1
* NMEA Latitude = 58 18.78 N
* NMEA Longitude = 011 46.39 E
* NMEA UTC (Time) = Sep 06 2023 10:52:51
* NMEA baud rate = 4800
** Ship:
** Station:
** Operator:
# nquan = 14                                
# nvalues = 2545                        
# units = specified
# name 0 = scan: Scan Count
# name 1 = prDM: Pressure, Digiquartz [db]
# name 2 = t090C: Temperature [ITS-90, deg C]
# name 3 = c0S/m: Conductivity [S/m]
# name 4 = sbeox0V: Oxygen raw, SBE 43 [V]
# name 5 = flECO-AFL: Fluorescence, WET Labs ECO-AFL/FL [mg/m^3]
# name 6 = upoly0: Upoly 0, Turbidity
# name 7 = xmiss: Beam Transmission, Chelsea/Seatech [%]
# name 8 = depSM: Depth [salt water, m], lat = 58.313
# name 9 = potemp090C: Potential Temperature [ITS-90, deg C]
# name 10 = sal00: Salinity, Practical [PSU]
# name 11 = sbeox0ML/L: Oxygen, SBE 43 [ml/l], WS = 2
# name 12 = sbeox0PS: Oxygen, SBE 43 [% saturation], WS = 2
# name 13 = flag: flag
# span 0 =          1,       2545       
# span 1 =     -0.117,     12.808       
# span 2 =    16.8637,    18.4469       
# span 3 =   0.018641,   3.246600       
# span 4 =     1.2737,     2.9730       
# span 5 =    -0.1789,     3.7588       
# span 6 =  4.0949808,  8.8986082       
# span 7 =    77.7081,    97.3816       
# span 8 =     -0.116,     12.689       
# span 9 =    16.8618,    18.4467       
# span 10 =     0.1052,    24.4762      
# span 11 =     1.8900,     7.1133      
# span 12 =     32.320,    107.722      
# span 13 = 0.0000e+00, 0.0000e+00      
# interval = seconds: 0.0416667
# start_time = Sep 06 2023 10:52:51 [NMEA time, header]
# bad_flag = -9.990e-29
*END*
[from data line 2375]
       2376     12.721    17.0095   3.229937     1.3268     0.4255  4.4673918    94.7749     12.602    17.0076    24.2591     1.9512     33.406 -9.990e-29
       2377     12.720    17.0095   3.229705     1.3257     0.4255  4.4671739    94.7766     12.601    17.0076    24.2572     1.9494     33.375 -9.990e-29
       2378     12.719    17.0094   3.229520     1.3246     0.4438  4.4669809    94.7783     12.600    17.0075    24.2557     1.9476     33.343 -9.990e-29
       2379     12.718    17.0091   3.229377     1.3235     0.4255  4.4668114    94.7799     12.599    17.0072    24.2547     1.9457     33.310 -9.990e-29
       2380     12.717    17.0086   3.229272     1.3225     0.4255  4.4666641    94.7815     12.598    17.0067    24.2541     1.9440     33.281 -9.990e-29
       2381     12.716    17.0080   3.229199     1.3214     0.4255  4.4665382    94.7828     12.597    17.0061    24.2539     1.9421     33.247 -9.990e-29
       2382     12.715    17.0071   3.229153     1.3204     0.4255  4.4664326    94.7838     12.596    17.0052    24.2540     1.9404     33.218 -9.990e-29
       2383     12.714    17.0060   3.229128     1.3193     0.4255  4.4663468    94.7846     12.595    17.0041    24.2545     1.9384     33.184 -9.990e-29
       2384     12.713    17.0049   3.229123     1.3183     0.4255  4.4662800    94.7853     12.594    17.0030    24.2551     1.9367     33.154 -9.990e-29
       2385     12.712    17.0038   3.229130     1.3172     0.4255  4.4662318    94.7859     12.593    17.0019    24.2558     1.9347     33.120 -9.990e-29
       2386     12.711    17.0028   3.229141     1.3162     0.4255  4.4662019    94.7867     12.592    17.0009    24.2565     1.9330     33.089 -9.990e-29
       2387     12.710    17.0018   3.229151     1.3151     0.4255  4.4661900    94.7882     12.592    16.9999    24.2572     1.9310     33.055 -9.990e-29
       2388     12.708    17.0009   3.229165     1.3141     0.4255  4.4661962    94.7905     12.590    16.9990    24.2579     1.9293     33.025 -9.990e-29
       2389     12.707    17.0000   3.229189     1.3131     0.4255  4.4662204    94.7940     12.589    16.9981    24.2586     1.9276     32.995 -9.990e-29
       2390     12.705    16.9991   3.229227     1.3120     0.4255  4.4662628    94.7988     12.587    16.9972    24.2594     1.9256     32.960 -9.990e-29
       2391     12.703    16.9982   3.229285     1.3110     0.4255  4.4663236    94.8049     12.585    16.9963    24.2605     1.9239     32.931 -9.990e-29
       2392     12.702    16.9973   3.229364     1.3100     0.4255  4.4664034    94.8121     12.584    16.9954    24.2617     1.9222     32.901 -9.990e-29
       2393     12.700    16.9963   3.229465     1.3090     0.4255  4.4665027    94.8201     12.582    16.9944    24.2631     1.9205     32.872 -9.990e-29
       2394     12.699    16.9953   3.229589     1.3081     0.4438  4.4666221    94.8286     12.581    16.9934    24.2647     1.9190     32.847 -9.990e-29
       2395     12.698    16.9942   3.229735     1.3071     0.4255  4.4667625    94.8379     12.580    16.9923    24.2666     1.9174     32.818 -9.990e-29
       2396     12.696    16.9930   3.229894     1.3061     0.4072  4.4669249    94.8480     12.578    16.9911    24.2686     1.9158     32.790 -9.990e-29
       2397     12.695    16.9918   3.230057     1.3051     0.4072  4.4671104    94.8590     12.577    16.9899    24.2707     1.9141     32.762 -9.990e-29
       2398     12.693    16.9905   3.230216     1.3041     0.4072  4.4673203    94.8705     12.575    16.9886    24.2728     1.9125     32.734 -9.990e-29
       2399     12.692    16.9892   3.230372     1.3032     0.4072  4.4675560    94.8819     12.574    16.9873    24.2749     1.9112     32.711 -9.990e-29
       2400     12.690    16.9879   3.230527     1.3022     0.4072  4.4678192    94.8929     12.572    16.9860    24.2770     1.9097     32.685 -9.990e-29
       2401     12.689    16.9866   3.230682     1.3013     0.4072  4.4681118    94.9032     12.571    16.9847    24.2790     1.9085     32.663 -9.990e-29
       2402     12.687    16.9852   3.230832     1.3004     0.4072  4.4684357    94.9126     12.569    16.9833    24.2811     1.9073     32.642 -9.990e-29
       2403     12.686    16.9838   3.230979     1.2994     0.4072  4.4687932    94.9211     12.568    16.9819    24.2832     1.9058     32.617 -9.990e-29
       2404     12.684    16.9823   3.231122     1.2985     0.4072  4.4691868    94.9287     12.566    16.9804    24.2853     1.9046     32.596 -9.990e-29
       2405     12.683    16.9807   3.231262     1.2976     0.4072  4.4696192    94.9348     12.565    16.9788    24.2874     1.9035     32.577 -9.990e-29
       2406     12.681    16.9791   3.231405     1.2967     0.4072  4.4700935    94.9391     12.563    16.9772    24.2895     1.9025     32.558 -9.990e-29
       2407     12.680    16.9774   3.231552     1.2959     0.4072  4.4706129    94.9413     12.562    16.9755    24.2918     1.9017     32.543 -9.990e-29
       2408     12.679    16.9756   3.231707     1.2950     0.4072  4.4711810    94.9417     12.561    16.9737    24.2942     1.9006     32.525 -9.990e-29
       2409     12.678    16.9736   3.231865     1.2941     0.4072  4.4718019    94.9412     12.560    16.9717    24.2967     1.8997     32.508 -9.990e-29
       2410     12.677    16.9717   3.232026     1.2933     0.4072  4.4724798    94.9402     12.559    16.9698    24.2991     1.8990     32.495 -9.990e-29
       2411     12.675    16.9698   3.232189     1.2925     0.4072  4.4732195    94.9389     12.557    16.9679    24.3016     1.8983     32.482 -9.990e-29
       2412     12.674    16.9680   3.232353     1.2917     0.4072  4.4740260    94.9369     12.556    16.9661    24.3041     1.8976     32.470 -9.990e-29
       2413     12.673    16.9664   3.232519     1.2909     0.4072  4.4749050    94.9338     12.555    16.9645    24.3064     1.8970     32.459 -9.990e-29
       2414     12.672    16.9647   3.232686     1.2901     0.4072  4.4758627    94.9296     12.554    16.9628    24.3088     1.8964     32.448 -9.990e-29
       2415     12.671    16.9630   3.232855     1.2894     0.4072  4.4769056    94.9243     12.553    16.9611    24.3113     1.8960     32.441 -9.990e-29
       2416     12.669    16.9613   3.233026     1.2886     0.4072  4.4780410    94.9183     12.551    16.9594    24.3137     1.8954     32.431 -9.990e-29
       2417     12.668    16.9594   3.233195     1.2879     0.4072  4.4792769    94.9118     12.550    16.9575    24.3163     1.8951     32.425 -9.990e-29
       2418     12.668    16.9575   3.233365     1.2872     0.4072  4.4806218    94.9046     12.550    16.9556    24.3188     1.8949     32.420 -9.990e-29
       2419     12.667    16.9555   3.233534     1.2865     0.4072  4.4820851    94.8972     12.549    16.9536    24.3214     1.8947     32.416 -9.990e-29
       2420     12.666    16.9535   3.233709     1.2858     0.4072  4.4836770    94.8900     12.548    16.9516    24.3241     1.8945     32.412 -9.990e-29
       2421     12.665    16.9513   3.233888     1.2851     0.4255  4.4854084    94.8834     12.547    16.9494    24.3269     1.8944     32.409 -9.990e-29
       2422     12.665    16.9489   3.234072     1.2845     0.4072  4.4872067    94.8778     12.547    16.9470    24.3299     1.8946     32.411 -9.990e-29
       2423     12.664    16.9464   3.234257     1.2838     0.4255  4.4889143    94.8734     12.546    16.9445    24.3329     1.8945     32.409 -9.990e-29
       2424     12.663    16.9437   3.234442     1.2832     0.4255  4.4904582    94.8702     12.545    16.9418    24.3361     1.8948     32.413 -9.990e-29
       2425     12.662    16.9407   3.234625     1.2826     0.4438  4.4918491    94.8677     12.544    16.9388    24.3394     1.8951     32.417 -9.990e-29
       2426     12.662    16.9378   3.234812     1.2820     0.4255  4.4930968    94.8654     12.544    16.9359    24.3427     1.8953     32.420 -9.990e-29
       2427     12.662    16.9349   3.235004     1.2814     0.4255  4.4942099    94.8627     12.544    16.9330    24.3460     1.8939     32.393 -9.990e-29
       2428     12.661    16.9324   3.235204     1.2808     0.4255  4.4951962    94.8593     12.543    16.9305    24.3492     1.8941     32.396 -9.990e-29
       2429     12.661    16.9301   3.235412     1.2803     0.4255  4.4960624    94.8548     12.543    16.9282    24.3523     1.8928     32.374 -9.990e-29
       2430     12.661    16.9281   3.235631     1.2798     0.4255  4.4968147    94.8494     12.543    16.9262    24.3554     1.8933     32.381 -9.990e-29
       2431     12.660    16.9262   3.235862     1.2792     0.4255  4.4974583    94.8431     12.542    16.9243    24.3584     1.8917     32.354 -9.990e-29
       2432     12.660    16.9243   3.236107     1.2787     0.4255  4.4979976    94.8362     12.542    16.9224    24.3616     1.8923     32.362 -9.990e-29
       2433     12.660    16.9222   3.236362     1.2783     0.4255  4.4984365    94.8289     12.542    16.9203    24.3650     1.8912     32.344 -9.990e-29
       2434     12.660    16.9200   3.236631     1.2778     0.4255  4.4987778    94.8210     12.542    16.9181    24.3686     1.8918     32.352 -9.990e-29
       2435     12.660    16.9177   3.236911     1.2773     0.4255  4.4990241    94.8128     12.542    16.9158    24.3723     1.8905     32.330 -9.990e-29
       2436     12.660    16.9155   3.237202     1.2769     0.4255  4.4991771    94.8042     12.542    16.9136    24.3760     1.8913     32.343 -9.990e-29
       2437     12.660    16.9135   3.237504     1.2765     0.4255  4.4992377    94.7954     12.542    16.9116    24.3797     1.8902     32.325 -9.990e-29
       2438     12.660    16.9118   3.237813     1.2761     0.4255  4.4992065    94.7871     12.542    16.9099    24.3833     1.8911     32.339 -9.990e-29
       2439     12.660    16.9102   3.238124     1.2757     0.4255  4.4990832    94.7800     12.542    16.9083    24.3869     1.8900     32.320 -9.990e-29
       2440     12.661    16.9089   3.238430     1.2754     0.4255  4.4988669    94.7750     12.543    16.9070    24.3902     1.8912     32.339 -9.990e-29
       2441     12.661    16.9078   3.238732     1.2750     0.4255  4.4985562    94.7719     12.543    16.9059    24.3934     1.8900     32.320 -9.990e-29
       2442     12.662    16.9069   3.239028     1.2747     0.4072  4.4981489    94.7701     12.544    16.9050    24.3964     1.8912     32.340 -9.990e-29
       2443     12.662    16.9063   3.239319     1.2745     0.4255  4.4976421    94.7688     12.544    16.9044    24.3992     1.8906     32.330 -9.990e-29
       2444     12.663    16.9059   3.239606     1.2742     0.4438  4.4970324    94.7681     12.545    16.9040    24.4018     1.8919     32.351 -9.990e-29
       2445     12.663    16.9058   3.239887     1.2740     0.4255  4.4963154    94.7679     12.545    16.9039    24.4042     1.8912     32.341 -9.990e-29
       2446     12.664    16.9059   3.240159     1.2739     0.4255  4.4954862    94.7681     12.546    16.9040    24.4064     1.8930     32.372 -9.990e-29
       2447     12.664    16.9062   3.240422     1.2738     0.4072  4.4945391    94.7684     12.546    16.9043    24.4084     1.8926     32.366 -9.990e-29
       2448     12.665    16.9067   3.240674     1.2737     0.4072  4.4935524    94.7681     12.547    16.9048    24.4102     1.8945     32.398 -9.990e-29
       2449     12.666    16.9076   3.240918     1.2737     0.4255  4.4926890    94.7665     12.548    16.9057    24.4117     1.8943     32.396 -9.990e-29
       2450     12.666    16.9088   3.241150 -9.990e-29     0.4072  4.4920280    94.7637     12.548    16.9069    24.4129 -9.990e-29 -9.990e-29 -9.990e-29
       2451     12.667    16.9103   3.241367 -9.990e-29     0.4072  4.4915647    94.7599     12.549    16.9084    24.4138 -9.990e-29 -9.990e-29 -9.990e-29
       2452     12.668    16.9119   3.241570 -9.990e-29     0.4072  4.4912959    94.7552     12.550    16.9100    24.4145 -9.990e-29 -9.990e-29 -9.990e-29
       2453     12.669    16.9137   3.241754 -9.990e-29     0.4072  4.4912197    94.7496     12.551    16.9118    24.4150 -9.990e-29 -9.990e-29 -9.990e-29
       2454     12.670    16.9153   3.241920 -9.990e-29     0.4072  4.4913357    94.7431     12.552    16.9134    24.4154 -9.990e-29 -9.990e-29 -9.990e-29
       2455     12.671    16.9169   3.242068 -9.990e-29     0.4072  4.4916445    94.7359     12.553    16.9150    24.4157 -9.990e-29 -9.990e-29 -9.990e-29
       2456     12.673    16.9185   3.242200 -9.990e-29     0.4255  4.4921485    94.7281     12.555    16.9166    24.4158 -9.990e-29 -9.990e-29 -9.990e-29
       2457     12.674    16.9200   3.242315 -9.990e-29     0.4072  4.4928509    94.7193     12.556    16.9181    24.4158 -9.990e-29 -9.990e-29 -9.990e-29
       2458     12.675    16.9214   3.242412 -9.990e-29     0.4072  4.4937569    94.7089     12.557    16.9195    24.4158 -9.990e-29 -9.990e-29 -9.990e-29
       2459     12.676    16.9226   3.242490 -9.990e-29     0.4072  4.4948726    94.6967     12.558    16.9207    24.4157 -9.990e-29 -9.990e-29 -9.990e-29
       2460     12.677    16.9237   3.242547 -9.990e-29     0.3888  4.4962058    94.6827     12.559    16.9218    24.4155 -9.990e-29 -9.990e-29 -9.990e-29
       2461     12.679    16.9246   3.242581 -9.990e-29     0.4072  4.4977658    94.6677     12.561    16.9227    24.4153 -9.990e-29 -9.990e-29 -9.990e-29
       2462     12.680    16.9252   3.242590 -9.990e-29     0.4072  4.4995635    94.6526     12.562    16.9233    24.4150 -9.990e-29 -9.990e-29 -9.990e-29
       2463     12.682    16.9254   3.242575 -9.990e-29     0.4255  4.5016113    94.6378     12.564    16.9235    24.4147 -9.990e-29 -9.990e-29 -9.990e-29
       2464     12.683    16.9252   3.242540 -9.990e-29     0.4072  4.5039235    94.6234     12.565    16.9233    24.4146 -9.990e-29 -9.990e-29 -9.990e-29
       2465     12.685    16.9245   3.242488 -9.990e-29     0.4072  4.5065162    94.6089     12.567    16.9226    24.4146 -9.990e-29 -9.990e-29 -9.990e-29
       2466     12.686    16.9235   3.242429 -9.990e-29     0.4072  4.5094074    94.5934     12.568    16.9216    24.4147 -9.990e-29 -9.990e-29 -9.990e-29
       2467     12.688    16.9220   3.242361 -9.990e-29     0.3888  4.5126172    94.5762     12.570    16.9201    24.4150 -9.990e-29 -9.990e-29 -9.990e-29
       2468     12.689    16.9201   3.242291 -9.990e-29     0.4072  4.5161680    94.5575     12.571    16.9182    24.4156 -9.990e-29 -9.990e-29 -9.990e-29
       2469     12.691    16.9180   3.242214 -9.990e-29     0.4072  4.5200845    94.5376     12.573    16.9161    24.4162 -9.990e-29 -9.990e-29 -9.990e-29
       2470     12.693    16.9155   3.242132 -9.990e-29     0.4072  4.5243939    94.5165     12.575    16.9136    24.4170 -9.990e-29 -9.990e-29 -9.990e-29
       2471     12.694    16.9128   3.242049 -9.990e-29     0.4072  4.5291261    94.4940     12.576    16.9109    24.4180 -9.990e-29 -9.990e-29 -9.990e-29
       2472     12.696    16.9098   3.241968 -9.990e-29     0.4072  4.5342292    94.4703     12.578    16.9079    24.4191 -9.990e-29 -9.990e-29 -9.990e-29
       2473     12.697    16.9067   3.241897 -9.990e-29     0.4072  4.5394839    94.4461     12.579    16.9048    24.4204 -9.990e-29 -9.990e-29 -9.990e-29
       2474     12.699    16.9036   3.241847 -9.990e-29     0.4255  4.5445869    94.4223     12.581    16.9017    24.4219 -9.990e-29 -9.990e-29 -9.990e-29
       2475     12.701    16.9009   3.241829 -9.990e-29     0.4072  4.5493189    94.3996     12.583    16.8990    24.4233 -9.990e-29 -9.990e-29 -9.990e-29
       2476     12.703    16.8986   3.241844 -9.990e-29     0.4072  4.5536279    94.3784     12.585    16.8967    24.4249 -9.990e-29 -9.990e-29 -9.990e-29
       2477     12.705    16.8968   3.241893 -9.990e-29     0.4072  4.5575439    94.3584     12.587    16.8949    24.4263 -9.990e-29 -9.990e-29 -9.990e-29
