data/2023/2023_wed/06CTD06.cnv
* Sea-Bird SBE 9 Data File:
* FileName = C:\Users\ctd-user\Desktop\CTD_data\2023\MAR440 Sept 2023\06CTD06.hex
* Software Version Seasave V 7.26.2.13
* Temperature SN = 4493
* Conductivity SN = 1899
* Number of Bytes Per Scan = 37
* Number of Voltage Words = 4
* Number of Scans Averaged by the Deck Unit = 1
* NMEA Latitude = 58 19.37 N
* NMEA Longitude = 011 49.79 E
* NMEA UTC (Time) = Sep 06 2023 13:17:07
* NMEA baud rate = 4800
** Ship:
** Station:
** Operator:
# nquan = 14                                
# nvalues = 2043                        
# units = specified
# name 0 = scan: Scan Count
# name 1 = prDM: Pressure, Digiquartz [db]
# name 2 = t090C: Temperature [ITS-90, deg C]
# name 3 = c0S/m: Conductivity [S/m]
# name 4 = sbeox0V: Oxygen raw, SBE 43 [V]
# name 5 = flECO-AFL: Fluorescence, WET Labs ECO-AFL/FL [mg/m^3]
# name 6 = upoly0: Upoly 0, Turbidity
# name 7 = xmiss: Beam Transmission, Chelsea/Seatech [%]
# name 8 = depSM: Depth [salt water, m], lat = 58.3228
# name 9 = potemp090C: Potential Temperature [ITS-90, deg C]
# name 10 = sal00: Salinity, Practical [PSU]
# name 11 = sbeox0ML/L: Oxygen, SBE 43 [ml/l], WS = 2
# name 12 = sbeox0PS: Oxygen, SBE 43 [% saturation], WS = 2
# name 13 = flag: flag
# span 0 =          1,       2043       
# span 1 =      1.219,     16.829       
# span 2 =    13.5157,    18.7407       
# span 3 =   2.353151,   3.375215       
# span 4 =     0.7566,     3.1687       
# span 5 =     0.1874,    11.4511       
# span 6 =  4.5744887,  5.4888805       
# span 7 =    61.0232,    94.2904       
# span 8 =      1.208,     16.672       
# span 9 =    13.5136,    18.7405       
# span 10 =    16.4287,    27.7984      
# span 11 =     0.6341,     6.7762      
# span 12 =     10.373,    114.534      
# span 13 = 0.0000e+00, 0.0000e+00      
# interval = seconds: 0.0416667
# start_time = Sep 06 2023 13:17:07 [NMEA time, header]
# bad_flag = -9.990e-29
*END*
[from data line 1755]
       1756     15.686    13.5170   3.345149     0.7616     0.2606  4.9993034    89.8330     15.540    13.5150    27.5577     0.7023     11.433 0.0000e+00
       1757     15.697    13.5168   3.345396     0.7618     0.2423  4.9988077    89.8469     15.551    13.5148    27.5601     0.7036     11.454 0.0000e+00
       1758     15.709    13.5165   3.345661     0.7619     0.2606  4.9982978    89.8633     15.562    13.5145    27.5627     0.7047     11.472 0.0000e+00
       1759     15.721    13.5163   3.345942     0.7621     0.2423  4.9977702    89.8815     15.574    13.5142    27.5654     0.7060     11.493 0.0000e+00
       1760     15.732    13.5161   3.346235     0.7624     0.2606  4.9972212    89.9001     15.585    13.5140    27.5682     0.7076     11.519 0.0000e+00
       1761     15.744    13.5159   3.346539     0.7626     0.2423  4.9966470    89.9188     15.597    13.5138    27.5711     0.7089     11.541 0.0000e+00
       1762     15.756    13.5158   3.346848     0.7628     0.2423  4.9960436    89.9375     15.609    13.5137    27.5740     0.7103     11.563 0.0000e+00
       1763     15.768    13.5157   3.347163     0.7630     0.2423  4.9954068    89.9564     15.621    13.5136    27.5769     0.7116     11.585 0.0000e+00
       1764     15.779    13.5158   3.347479     0.7633     0.2606  4.9947322    89.9754     15.632    13.5137    27.5797     0.7132     11.612 0.0000e+00
       1765     15.791    13.5159   3.347795     0.7635     0.2423  4.9940150    89.9939     15.644    13.5138    27.5826     0.7146     11.634 0.0000e+00
       1766     15.803    13.5162   3.348109     0.7637     0.2423  4.9932504    90.0111     15.656    13.5141    27.5852     0.7159     11.657 0.0000e+00
       1767     15.815    13.5165   3.348419     0.7640     0.2423  4.9924329    90.0273     15.667    13.5144    27.5878     0.7176     11.683 0.0000e+00
       1768     15.827    13.5169   3.348727     0.7642     0.2423  4.9915568    90.0432     15.679    13.5148    27.5903     0.7189     11.706 0.0000e+00
       1769     15.839    13.5174   3.349033     0.7645     0.2423  4.9906162    90.0592     15.691    13.5153    27.5927     0.7205     11.732 0.0000e+00
       1770     15.851    13.5179   3.349338     0.7647     0.2423  4.9896044    90.0755     15.703    13.5158    27.5952     0.7219     11.754 0.0000e+00
       1771     15.862    13.5184   3.349646     0.7650     0.2606  4.9885144    90.0924     15.714    13.5163    27.5976     0.7235     11.780 0.0000e+00
       1772     15.874    13.5189   3.349958     0.7653     0.2423  4.9873387    90.1107     15.726    13.5168    27.6001     0.7251     11.807 0.0000e+00
       1773     15.886    13.5195   3.350279     0.7656     0.2423  4.9860690    90.1307     15.738    13.5174    27.6026     0.7267     11.833 0.0000e+00
       1774     15.898    13.5200   3.350611     0.7658     0.2240  4.9847814    90.1518     15.750    13.5179    27.6052     0.7280     11.855 0.0000e+00
       1775     15.910    13.5205   3.350954     0.7662     0.2423  4.9836369    90.1738     15.762    13.5184    27.6080     0.7298     11.886 0.0000e+00
       1776     15.922    13.5209   3.351313     0.7665     0.2423  4.9827124    90.1971     15.773    13.5188    27.6110     0.7314     11.911 0.0000e+00
       1777     15.934    13.5213   3.351686     0.7668     0.2423  4.9820016    90.2222     15.785    13.5192    27.6141     0.7329     11.937 0.0000e+00
       1778     15.946    13.5217   3.352075     0.7671     0.2423  4.9814995    90.2488     15.797    13.5196    27.6174     0.7344     11.961 0.0000e+00
       1779     15.958    13.5221   3.352476     0.7675     0.2423  4.9812025    90.2765     15.809    13.5200    27.6207     0.7361     11.989 0.0000e+00
       1780     15.970    13.5225   3.352885     0.7678     0.2423  4.9811086    90.3051     15.821    13.5204    27.6242     0.7375     12.012 0.0000e+00
       1781     15.982    13.5228   3.353301     0.7682     0.2423  4.9812172    90.3343     15.833    13.5207    27.6277     0.7392     12.040 0.0000e+00
       1782     15.994    13.5231   3.353718     0.7686     0.2423  4.9815290    90.3638     15.845    13.5210    27.6313     0.7408     12.066 0.0000e+00
       1783     16.006    13.5234   3.354135     0.7689     0.2606  4.9820462    90.3928     15.857    13.5213    27.6349     0.7420     12.087 0.0000e+00
       1784     16.018    13.5237   3.354549     0.7693     0.2423  4.9827724    90.4209     15.869    13.5216    27.6385     0.7435     12.111 0.0000e+00
       1785     16.030    13.5240   3.354959     0.7697     0.2423  4.9837126    90.4489     15.880    13.5219    27.6420     0.7449     12.134 0.0000e+00
       1786     16.042    13.5243   3.355363     0.7701     0.2423  4.9848734    90.4774     15.892    13.5222    27.6454     0.7462     12.156 0.0000e+00
       1787     16.054    13.5246   3.355761     0.7705     0.2423  4.9862629    90.5070     15.904    13.5225    27.6488     0.7475     12.178 0.0000e+00
       1788     16.066    13.5249   3.356151     0.7709     0.2606  4.9878906    90.5377     15.916    13.5228    27.6522     0.7487     12.197 0.0000e+00
       1789     16.078    13.5251   3.356534     0.7713     0.2423  4.9897680    90.5694     15.928    13.5230    27.6555     0.7498     12.216 0.0000e+00
       1790     16.090    13.5254   3.356911     0.7717     0.2606  4.9919081    90.6016     15.940    13.5233    27.6587     0.7509     12.233 0.0000e+00
       1791     16.102    13.5257   3.357282     0.7721     0.2423  4.9943258    90.6339     15.952    13.5236    27.6619     0.7519     12.249 0.0000e+00
       1792     16.113    13.5261   3.357649     0.7725     0.2423  4.9970379    90.6663     15.963    13.5240    27.6650     0.7527     12.264 0.0000e+00
       1793     16.125    13.5265   3.358011     0.7729     0.2423  5.0000633    90.6988     15.975    13.5244    27.6680     0.7535     12.278 0.0000e+00
       1794     16.137    13.5269   3.358370     0.7733     0.2423  5.0034230    90.7314     15.986    13.5248    27.6710     0.7543     12.290 0.0000e+00
       1795     16.149    13.5274   3.358728     0.7737     0.2423  5.0071404    90.7645     15.998    13.5253    27.6739     0.7549     12.300 0.0000e+00
       1796     16.161    13.5279   3.359083     0.7742     0.2423  5.0112413    90.7979     16.010    13.5258    27.6767     0.7557     12.313 0.0000e+00
       1797     16.173    13.5285   3.359438     0.7746     0.2423  5.0157543    90.8312     16.022    13.5264    27.6795     0.7561     12.321 0.0000e+00
       1798     16.184    13.5292   3.359791     0.7750     0.2423  5.0207108    90.8637     16.033    13.5271    27.6822     0.7565     12.327 0.0000e+00
       1799     16.196    13.5299   3.360142     0.7754     0.2423  5.0260603    90.8946     16.045    13.5278    27.6849     0.7567     12.332 0.0000e+00
       1800     16.208    13.5307   3.360496     0.7758     0.2423  5.0315852    90.9235     16.057    13.5286    27.6876     0.7569     12.336 0.0000e+00
       1801     16.220    13.5315   3.360849     0.7762     0.2423  5.0370692    90.9503     16.069    13.5294    27.6902     0.7570     12.338 0.0000e+00
       1802     16.231    13.5324   3.361203     0.7765     0.2606  5.0424654    90.9748     16.080    13.5303    27.6928     0.7567     12.333 0.0000e+00
       1803     16.243    13.5333   3.361561     0.7769     0.2423  5.0478113    90.9970     16.091    13.5312    27.6954     0.7566     12.332 0.0000e+00
       1804     16.255    13.5342   3.361923     0.7772     0.2423  5.0531442    91.0171     16.103    13.5321    27.6980     0.7562     12.325 0.0000e+00
       1805     16.267    13.5352   3.362290     0.7776     0.2606  5.0585012    91.0357     16.115    13.5331    27.7007     0.7559     12.321 0.0000e+00
       1806     16.278    13.5362   3.362663     0.7779     0.2423  5.0639195    91.0533     16.126    13.5341    27.7033     0.7553     12.312 0.0000e+00
       1807     16.290    13.5372   3.363040     0.7782     0.2423  5.0694369    91.0699     16.138    13.5351    27.7061     0.7547     12.302 0.0000e+00
       1808     16.301    13.5382   3.363421     0.7785     0.2423  5.0750916    91.0853     16.149    13.5361    27.7088     0.7539     12.290 0.0000e+00
       1809     16.313    13.5393   3.363808     0.7787     0.2423  5.0809231    91.0990     16.161    13.5372    27.7115     0.7528     12.273 0.0000e+00
       1810     16.324    13.5403   3.364198     0.7790     0.2423  5.0869719    91.1109     16.172    13.5382    27.7144     0.7520     12.260 0.0000e+00
       1811     16.336    13.5414   3.364593     0.7792     0.2423  5.0932801    91.1222     16.184    13.5393    27.7172     0.7508     12.241 0.0000e+00
       1812     16.347    13.5424   3.364990     0.7794     0.2606  5.0998916    91.1349     16.194    13.5403    27.7201     0.7496     12.221 0.0000e+00
       1813     16.358    13.5434   3.365390     0.7796     0.2606  5.1068523    91.1504     16.205    13.5413    27.7230     0.7483     12.200 0.0000e+00
       1814     16.370    13.5445   3.365791     0.7798     0.2423  5.1142107    91.1686     16.217    13.5424    27.7258     0.7470     12.179 0.0000e+00
       1815     16.381    13.5455   3.366193     0.7800     0.2423  5.1220180    91.1888     16.228    13.5434    27.7288     0.7456     12.157 0.0000e+00
       1816     16.392    13.5464   3.366593     0.7801     0.2423  5.1303284    91.2106     16.239    13.5443    27.7318     0.7439     12.131 0.0000e+00
       1817     16.403    13.5474   3.366992     0.7803     0.2423  5.1391999    91.2339     16.250    13.5453    27.7347     0.7425     12.108 0.0000e+00
       1818     16.414    13.5483   3.367387     0.7804     0.2423  5.1486941    91.2581     16.261    13.5462    27.7376     0.7408     12.080 0.0000e+00
       1819     16.425    13.5492   3.367779     0.7805     0.2606  5.1588770    91.2833     16.272    13.5470    27.7405     0.7390     12.052 0.0000e+00
       1820     16.436    13.5501   3.368166     0.7806     0.2423  5.1698196    91.3100     16.283    13.5479    27.7434     0.7373     12.024 0.0000e+00
       1821     16.447    13.5509   3.368548     0.7807     0.2423  5.1815978    91.3385     16.294    13.5487    27.7463     0.7355     11.996 0.0000e+00
       1822     16.458    13.5517   3.368926     0.7807     0.2423  5.1942938    91.3683     16.304    13.5495    27.7492     0.7335     11.964 0.0000e+00
       1823     16.469    13.5524   3.369297     0.7808     0.2423  5.2079956    91.3985     16.315    13.5502    27.7521     0.7318     11.936 0.0000e+00
       1824     16.480    13.5531   3.369665     0.7808     0.2606  5.2227139    91.4278     16.326    13.5509    27.7549     0.7298     11.904 0.0000e+00
       1825     16.490    13.5537   3.370027     0.7808     0.2790  5.2379563    91.4557     16.336    13.5515    27.7578     0.7278     11.872 0.0000e+00
       1826     16.501    13.5543   3.370384     0.7807     0.2790  5.2526398    91.4821     16.347    13.5521    27.7606     0.7256     11.836 0.0000e+00
       1827     16.511    13.5548   3.370734     0.7807     0.2790  5.2658471    91.5073     16.357    13.5526    27.7634     0.7236     11.804 0.0000e+00
       1828     16.522    13.5553   3.371078     0.7806     0.2790  5.2773306    91.5318     16.368    13.5531    27.7662     0.7214     11.769 0.0000e+00
       1829     16.532    13.5557   3.371414     0.7805     0.2790  5.2872549    91.5557     16.378    13.5535    27.7690     0.7193     11.734 0.0000e+00
       1830     16.542    13.5561   3.371744     0.7805     0.2973  5.2957740    91.5787     16.388    13.5539    27.7717     0.7174     11.704 0.0000e+00
       1831     16.552    13.5564   3.372064     0.7804     0.2790  5.3029473    91.6006     16.398    13.5542    27.7744     0.7153     11.670 0.0000e+00
       1832     16.562    13.5567   3.372375     0.7802     0.2973  5.3088245    91.6214     16.407    13.5545    27.7770     0.7130     11.632 0.0000e+00
       1833     16.573    13.5569   3.372674     0.7801     0.2790  5.3134467    91.6417     16.418    13.5547    27.7796     0.7110     11.599 0.0000e+00
       1834     16.583    13.5571   3.372961     0.7800     0.2790  5.3168459    91.6618     16.428    13.5549    27.7820     0.7090     11.567 0.0000e+00
       1835     16.593    13.5572   3.373235     0.7798     0.2790  5.3190458    91.6826     16.438    13.5550    27.7845     0.7068     11.531 0.0000e+00
       1836     16.602    13.5574   3.373493     0.7796     0.2790  5.3200617    91.7045     16.447    13.5552    27.7867     0.7046     11.496 0.0000e+00
       1837     16.612    13.5575   3.373735     0.7794     0.2790  5.3199007    91.7280     16.457    13.5553    27.7888     0.7025     11.462 0.0000e+00
       1838     16.621    13.5576   3.373960     0.7792     0.2790  5.3185616    91.7529     16.466    13.5554    27.7908     0.7004     11.428 0.0000e+00
       1839     16.631    13.5577   3.374167     0.7790     0.2790  5.3160352    91.7788     16.476    13.5555    27.7926     0.6984     11.395 0.0000e+00
       1840     16.640    13.5579   3.374357     0.7788     0.2790  5.3123038    91.8047     16.485    13.5557    27.7942     0.6964     11.363 0.0000e+00
       1841     16.649    13.5582   3.374528     0.7785     0.2973  5.3073415    91.8302     16.494    13.5560    27.7955     0.6942     11.328 0.0000e+00
       1842     16.658    13.5586   3.374680     0.7783     0.2973  5.3011138    91.8547     16.503    13.5564    27.7966     0.6924     11.298 0.0000e+00
       1843     16.667    13.5590   3.374815     0.7780     0.2790  5.2935774    91.8775     16.511    13.5568    27.7975     0.6903     11.264 -9.990e-29
       1844     16.675    13.5597   3.374931     0.7777     0.2790  5.2846797    91.8981     16.519    13.5575    27.7981     0.6883     11.232 -9.990e-29
       1845     16.684    13.5604   3.375026     0.7775     0.2790  5.2743591    91.9162     16.528    13.5582    27.7984     0.6867     11.205 -9.990e-29
       1846     16.692    13.5614   3.375103     0.7772     0.2790  5.2625435    91.9318     16.536    13.5592    27.7984     0.6848     11.175 -9.990e-29
       1847     16.700    13.5625   3.375160     0.7769     0.2790  5.2491509    91.9455     16.544    13.5603    27.7981     0.6830     11.146 -9.990e-29
       1848     16.708    13.5638   3.375197     0.7765     0.2790  5.2340881    91.9581     16.552    13.5616    27.7975     0.6810     11.113 -9.990e-29
       1849     16.715    13.5652   3.375215     0.7762     0.2790  5.2172502    91.9709     16.559    13.5630    27.7967     0.6794     11.087 -9.990e-29
       1850     16.723    13.5669   3.375214     0.7759     0.2606  5.1989449    91.9849     16.567    13.5647    27.7954     0.6778     11.061 -9.990e-29
       1851     16.730    13.5687   3.375194     0.7755     0.2240  5.1803189    92.0000     16.574    13.5665    27.7939     0.6759     11.031 -9.990e-29
       1852     16.737    13.5708   3.375156     0.7752     0.2240  5.1626017    92.0159     16.581    13.5686    27.7921     0.6744     11.007 -9.990e-29
       1853     16.744    13.5730   3.375101     0.7749     0.2423  5.1462646    92.0324     16.588    13.5708    27.7900     0.6730     10.984 -9.990e-29
       1854     16.751    13.5754   3.375028     0.7745     0.2240  5.1312788    92.0492     16.595    13.5732    27.7875     0.6713     10.957 -9.990e-29
       1855     16.757    13.5779   3.374936     0.7742     0.2240  5.1175401    92.0661     16.601    13.5757    27.7849     0.6700     10.937 -9.990e-29
       1856     16.763    13.5804   3.374822     0.7738     0.2240  5.1049530    92.0832     16.607    13.5782    27.7820     0.6685     10.913 -9.990e-29
       1857     16.769    13.5829   3.374687     0.7734     0.2240  5.0934299    92.1003     16.612    13.5807    27.7790     0.6671     10.889 -9.990e-29
       1858     16.774    13.5854   3.374525     0.7731     0.2423  5.0828906    92.1171     16.617    13.5832    27.7757     0.6660     10.871 -9.990e-29
