data/2023/2023_wed/06CTD03.cnv
* Sea-Bird SBE 9 Data File:
* FileName = C:\Users\ctd-user\Desktop\CTD_data\2023\MAR440 Sept 2023\06CTD03.hex
* Software Version Seasave V 7.26.2.13
* Temperature SN = 4493
* Conductivity SN = 1899
* Number of Bytes Per Scan = 37
* Number of Voltage Words = 4
* Number of Scans Averaged by the Deck Unit = 1
* NMEA Latitude = 58 20.09 N
* NMEA Longitude = 011 52.84 E
* NMEA UTC (Time) = Sep 06 2023 08:51:53
* NMEA baud rate = 4800
** Ship:
** Station:
** Operator:
# nquan = 14                                
# nvalues = 2887                        
# units = specified
# name 0 = scan: Scan Count
# name 1 = prDM: Pressure, Digiquartz [db]
# name 2 = t090C: Temperature [ITS-90, deg C]
# name 3 = c0S/m: Conductivity [S/m]
# name 4 = sbeox0V: Oxygen raw, SBE 43 [V]
# name 5 = flECO-AFL: Fluorescence, WET Labs ECO-AFL/FL [mg/m^3]
# name 6 = upoly0: Upoly 0, Turbidity
# name 7 = xmiss: Beam Transmission, Chelsea/Seatech [%]
# name 8 = depSM: Depth [salt water, m], lat = 58.3348
# name 9 = potemp090C: Potential Temperature [ITS-90, deg C]
# name 10 = sal00: Salinity, Practical [PSU]
# name 11 = sbeox0ML/L: Oxygen, SBE 43 [ml/l], WS = 2
# name 12 = sbeox0PS: Oxygen, SBE 43 [% saturation], WS = 2
# name 13 = flag: flag
# span 0 =          1,       2887       
# span 1 =     -0.145,     44.307       
# span 2 =     7.7527,    18.4823       
# span 3 =   0.031036,   3.376725       
# span 4 =     0.5522,     2.8549       
# span 5 =    -0.1606,     6.0848       
# span 6 =  4.2515393,  9.8430119       
# span 7 =    65.4904,    99.0469       
# span 8 =     -0.144,     43.890       
# span 9 =     7.7509,    18.4822       
# span 10 =     0.1792,    31.9105      
# span 11 =     0.1332,     6.8932      
# span 12 =      2.000,    100.950      
# span 13 = 0.0000e+00, 0.0000e+00      
# interval = seconds: 0.0416667
# start_time = Sep 06 2023 08:51:53 [NMEA time, header]
# bad_flag = -9.990e-29
*END*
          1     -0.145    16.4893   0.031036     2.8549    -0.1057  4.2680381    99.0175     -0.144    16.4893     0.1792     6.8932    100.950 -9.990e-29
          2     -0.144    16.4892   0.031053     2.8549    -0.1057  4.2680202    99.0188     -0.143    16.4892     0.1793     6.8932    100.950 -9.990e-29
          3     -0.143    16.4892   0.031071     2.8548    -0.1057  4.2680007    99.0201     -0.142    16.4892     0.1794     6.8929    100.945 -9.990e-29
          4     -0.142    16.4891   0.031090     2.8547    -0.1057  4.2679795    99.0214     -0.141    16.4891     0.1795     6.8927    100.941 -9.990e-29
          5     -0.141    16.4890   0.031110     2.8547    -0.1057  4.2679565    99.0228     -0.140    16.4890     0.1796     6.8927    100.941 -9.990e-29
          6     -0.141    16.4889   0.031130     2.8546    -0.1057  4.2679315    99.0241     -0.140    16.4889     0.1797     6.8924    100.937 -9.990e-29
          7     -0.140    16.4888   0.031150     2.8545    -0.1057  4.2679043    99.0256     -0.139    16.4888     0.1799     6.8921    100.932 -9.990e-29
          8     -0.139    16.4887   0.031170     2.8544    -0.1057  4.2678747    99.0269     -0.138    16.4887     0.1800     6.8918    100.928 -9.990e-29
          9     -0.139    16.4886   0.031189     2.8543    -0.1057  4.2678426    99.0282     -0.138    16.4886     0.1801     6.8915    100.924 -9.990e-29
         10     -0.139    16.4886   0.031208     2.8543    -0.0873  4.2678077    99.0295     -0.138    16.4886     0.1802     6.8915    100.924 -9.990e-29
         11     -0.138    16.4885   0.031227     2.8542    -0.1057  4.2677697    99.0307     -0.137    16.4885     0.1803     6.8913    100.920 -9.990e-29
         12     -0.138    16.4884   0.031245     2.8541    -0.1057  4.2677284    99.0320     -0.137    16.4884     0.1804     6.8910    100.915 -9.990e-29
         13     -0.138    16.4883   0.031261     2.8540    -0.1057  4.2676836    99.0332     -0.137    16.4883     0.1805     6.8907    100.911 -9.990e-29
         14     -0.137    16.4882   0.031278     2.8538    -0.1057  4.2676348    99.0345     -0.136    16.4882     0.1806     6.8901    100.902 -9.990e-29
         15     -0.137    16.4882   0.031295     2.8537    -0.1057  4.2675819    99.0359     -0.136    16.4882     0.1807     6.8898    100.898 -9.990e-29
         16     -0.136    16.4881   0.031310     2.8535    -0.1057  4.2675243    99.0373     -0.135    16.4881     0.1808     6.8892    100.890 -9.990e-29
         17     -0.136    16.4881   0.031329     2.8533    -0.1057  4.2674617    99.0387     -0.135    16.4881     0.1809     6.8887    100.881 -9.990e-29
         18     -0.136    16.4880   0.031348     2.8531    -0.1057  4.2673936    99.0401     -0.135    16.4880     0.1810     6.8881    100.872 -9.990e-29
         19     -0.136    16.4880   0.031371     2.8529    -0.1240  4.2673196    99.0413     -0.135    16.4880     0.1812     6.8875    100.864 -9.990e-29
         20     -0.135    16.4880   0.031397     2.8527    -0.1057  4.2672392    99.0424     -0.134    16.4880     0.1813     6.8869    100.855 -9.990e-29
         21     -0.135    16.4880   0.031427     2.8524    -0.1057  4.2671519    99.0434     -0.134    16.4880     0.1815     6.8860    100.842 -9.990e-29
         22     -0.135    16.4881   0.031462     2.8522    -0.1057  4.2670569    99.0443     -0.134    16.4881     0.1817     6.8854    100.834 -9.990e-29
         23     -0.135    16.4881   0.031501     2.8519    -0.1057  4.2669536    99.0450     -0.134    16.4881     0.1819     6.8845    100.821 -9.990e-29
         24     -0.135    16.4882   0.031546     2.8516    -0.1057  4.2668414    99.0456     -0.134    16.4882     0.1822     6.8836    100.808 -9.990e-29
         25     -0.134    16.4883   0.031596     2.8512    -0.1057  4.2667194    99.0462     -0.133    16.4883     0.1825     6.8288    100.005 -9.990e-29
         26     -0.134    16.4884   0.031653     2.8509    -0.0873  4.2665868    99.0466     -0.133    16.4884     0.1828     6.8246     99.944 -9.990e-29
         27     -0.134    16.4885   0.031715     2.8505    -0.0873  4.2664427    99.0469     -0.133    16.4885     0.1832     6.8200     99.878 -9.990e-29
         28     -0.134    16.4886   0.031783     2.8501    -0.0873  4.2662861    99.0469     -0.133    16.4886     0.1836     6.8154     99.811 -9.990e-29
         29     -0.134    16.4888   0.031858     2.8496    -0.0690  4.2661158    99.0469     -0.133    16.4888     0.1840     6.8104     99.738 -9.990e-29
         30     -0.134    16.4889   0.031940     2.8491    -0.0873  4.2659307    99.0467     -0.133    16.4889     0.1845     6.8053     99.665 -9.990e-29
         31     -0.134    16.4891   0.032029     2.8486    -0.0873  4.2657295    99.0464     -0.133    16.4891     0.1850     6.8002     99.591 -9.990e-29
         32     -0.134    16.4893   0.032125     2.8480    -0.0873  4.2655109    99.0461     -0.133    16.4893     0.1856     6.7948     99.512 -9.990e-29
         33     -0.134    16.4896   0.032231     2.8474    -0.0873  4.2652732    99.0457     -0.133    16.4896     0.1862     6.7894     99.433 -9.990e-29
         34     -0.134    16.4899   0.032345     2.8467    -0.0873  4.2650148    99.0453     -0.133    16.4899     0.1869     6.7836     99.350 -9.990e-29
         35     -0.133    16.4902   0.032469     2.8460    -0.0873  4.2647340    99.0448     -0.132    16.4902     0.1876     6.7779     99.267 -9.990e-29
         36     -0.133    16.4906   0.032604     2.8453    -0.0873  4.2644288    99.0441     -0.132    16.4906     0.1884     6.7722     99.185 -9.990e-29
         37     -0.133    16.4909   0.032751     2.8445    -0.0873  4.2640970    99.0433     -0.132    16.4909     0.1892     6.7663     99.100 -9.990e-29
         38     -0.133    16.4914   0.032910     2.8436    -0.0873  4.2637364    99.0425     -0.132    16.4914     0.1902     6.7601     99.011 -9.990e-29
         39     -0.133    16.4919   0.033082     2.8428    -0.0873  4.2633444    99.0415     -0.132    16.4919     0.1912     6.7543     98.928 -9.990e-29
         40     -0.133    16.4925   0.033271     2.8418    -0.0873  4.2629183    99.0403     -0.132    16.4925     0.1923     6.7480     98.837 -9.990e-29
         41     -0.133    16.4931   0.033475     2.8408    -0.0873  4.2624552    99.0390     -0.132    16.4931     0.1935     6.7418     98.748 -9.990e-29
         42     -0.133    16.4938   0.033698     2.8398    -0.0873  4.2619518    99.0375     -0.132    16.4938     0.1948     6.7357     98.661 -9.990e-29
         43     -0.133    16.4946   0.033941     2.8388    -0.0873  4.2614047    99.0360     -0.132    16.4946     0.1962     6.7297     98.576 -9.990e-29
         44     -0.133    16.4954   0.034206     2.8377    -0.0873  4.2608099    99.0343     -0.132    16.4954     0.1978     6.7236     98.489 -9.990e-29
         45     -0.133    16.4964   0.034496     2.8366    -0.0873  4.2601635    99.0324     -0.132    16.4964     0.1995     6.7176     98.404 -9.990e-29
         46     -0.133    16.4974   0.034812     2.8355    -0.0873  4.2594608    99.0302     -0.132    16.4974     0.2013     6.7118     98.322 -9.990e-29
         47     -0.133    16.4986   0.035159     2.8343    -0.0873  4.2586970    99.0278     -0.132    16.4986     0.2034     6.7059     98.240 -9.990e-29
         48     -0.133    16.4998   0.035536     2.8331    -0.0873  4.2578668    99.0251     -0.132    16.4998     0.2056     6.7002     98.160 -9.990e-29
         49     -0.133    16.5012   0.035950     2.8319    -0.0873  4.2569645    99.0222     -0.132    16.5012     0.2080     6.6947     98.084 -9.990e-29
         50     -0.133    16.5027   0.036400     2.8307    -0.0873  4.2559836    99.0190     -0.132    16.5027     0.2107     6.6895     98.012 -9.990e-29
         51     -0.133    16.5043   0.036891     2.8295    -0.1057  4.2549175    99.0156     -0.132    16.5043     0.2135     6.6845     97.943 -9.990e-29
         52     -0.133    16.5061   0.037427     2.8283    -0.1057  4.2538436    99.0119     -0.132    16.5061     0.2167     6.6797     97.879 -9.990e-29
         53     -0.132    16.5081   0.038010     2.8270    -0.1057  4.2529243    99.0079     -0.131    16.5081     0.2201     6.6750     97.816 -9.990e-29
         54     -0.132    16.5102   0.038644     2.8258    -0.1057  4.2522382    99.0035     -0.131    16.5102     0.2239     6.6708     97.761 -9.990e-29
         55     -0.132    16.5125   0.039334     2.8245    -0.1240  4.2517806    98.9988     -0.131    16.5125     0.2279     6.6666     97.706 -9.990e-29
         56     -0.132    16.5149   0.040082     2.8233    -0.1240  4.2515481    98.9937     -0.131    16.5149     0.2324     6.6630     97.661 -9.990e-29
         57     -0.132    16.5177   0.040894     2.8220    -0.1240  4.2515393    98.9882     -0.131    16.5177     0.2372     6.6593     97.616 -9.990e-29
         58     -0.132    16.5206   0.041776     2.8208    -0.1057  4.2517540    98.9823     -0.131    16.5206     0.2424     6.6563     97.581 -9.990e-29
         59     -0.132    16.5238   0.042733     2.8195    -0.1057  4.2521937    98.9759     -0.131    16.5238     0.2481     6.6532     97.546 -9.990e-29
         60     -0.132    16.5273   0.043773     2.8183    -0.1057  4.2528616    98.9691     -0.131    16.5273     0.2542     6.6507     97.520 -9.990e-29
         61     -0.132    16.5311   0.044901     2.8171    -0.1240  4.2537622    98.9616     -0.131    16.5311     0.2609     6.6485     97.499 -9.990e-29
         62     -0.132    16.5352   0.046126     2.8159    -0.1057  4.2549018    98.9534     -0.131    16.5352     0.2682     6.6465     97.483 -9.990e-29
         63     -0.132    16.5396   0.047456     2.8147    -0.1057  4.2562884    98.9445     -0.131    16.5396     0.2761     6.6448     97.471 -9.990e-29
         64     -0.132    16.5445   0.048901     2.8136    -0.1057  4.2579315    98.9347     -0.131    16.5445     0.2847     6.6435     97.468 -9.990e-29
         65     -0.132    16.5498   0.050467     2.8124    -0.1240  4.2598427    98.9239     -0.131    16.5498     0.2941     6.6422     97.464 -9.990e-29
         66     -0.132    16.5556   0.052170     2.8113    -0.1057  4.2620352    98.9121     -0.131    16.5556     0.3042     6.6412     97.468 -9.990e-29
         67     -0.132    16.5618   0.054018     2.8103    -0.1057  4.2645242    98.8992     -0.131    16.5618     0.3153     6.6408     97.480 -9.990e-29
         68     -0.132    16.5686   0.056026     2.8092    -0.1240  4.2673271    98.8851     -0.131    16.5686     0.3273     6.6401     97.491 -9.990e-29
         69     -0.132    16.5761   0.058209     2.8082    -0.1240  4.2704634    98.8695     -0.131    16.5761     0.3404     6.6397     97.509 -9.990e-29
         70     -0.132    16.5841   0.060581     2.8073    -0.1057  4.2739549    98.8525     -0.131    16.5841     0.3547     6.6397     97.534 -9.990e-29
         71     -0.132    16.5929   0.063161     2.8064    -0.1057  4.2778258    98.8339     -0.131    16.5929     0.3702     6.6397     97.561 -9.990e-29
         72     -0.132    16.6025   0.065967     2.8055    -0.1057  4.2821032    98.8136     -0.131    16.6025     0.3871     6.6396     97.589 -9.990e-29
         73     -0.132    16.6128   0.069017     2.8047    -0.1057  4.2868168    98.7914     -0.131    16.6128     0.4056     6.6397     97.623 -9.990e-29
         74     -0.132    16.6241   0.072336     2.8040    -0.1057  4.2919993    98.7671     -0.131    16.6241     0.4257     6.6399     97.661 -9.990e-29
         75     -0.132    16.6364   0.075945     2.8033    -0.1057  4.2976868    98.7407     -0.131    16.6364     0.4476     6.6399     97.699 -9.990e-29
         76     -0.131    16.6498   0.079868     2.8027    -0.1240  4.3039189    98.7119     -0.130    16.6498     0.4714     6.6399     97.741 -9.990e-29
         77     -0.131    16.6643   0.084135     2.8022    -0.1240  4.3106540    98.6805     -0.130    16.6643     0.4974     6.6399     97.785 -9.990e-29
         78     -0.131    16.6800   0.088774     2.8017    -0.1057  4.3177690    98.6464     -0.130    16.6800     0.5258     6.6394     97.827 -9.990e-29
         79     -0.131    16.6972   0.093816     2.8013    -0.1057  4.3252286    98.6092     -0.130    16.6972     0.5567     6.6387     97.870 -9.990e-29
         80     -0.131    16.7158   0.099299     2.8010    -0.1240  4.3330846    98.5687     -0.130    16.7158     0.5903     6.6377     97.913 -9.990e-29
         81     -0.131    16.7361   0.105259     2.8007    -0.1057  4.3413916    98.5247     -0.130    16.7361     0.6270     6.6360     97.952 -9.990e-29
         82     -0.131    16.7581   0.111737     2.8005    -0.1240  4.3502075    98.4767     -0.130    16.7581     0.6669     6.6339     97.989 -9.990e-29
         83     -0.130    16.7820   0.118780     2.8004    -0.1057  4.3595936    98.4246     -0.129    16.7820     0.7105     6.6312     98.025 -9.990e-29
         84     -0.130    16.8080   0.126434     2.8003    -0.1240  4.3696152    98.3681     -0.129    16.8080     0.7579     6.6277     98.053 -9.990e-29
         85     -0.130    16.8363   0.134753     2.8002    -0.1057  4.3803419    98.3069     -0.129    16.8363     0.8096     6.6231     98.074 -9.990e-29
         86     -0.130    16.8670   0.143795     2.8003    -0.1240  4.3918485    98.2405     -0.129    16.8670     0.8659     6.6180     98.095 -9.990e-29
         87     -0.130    16.9005   0.153622     2.8003    -0.1057  4.4042149    98.1685     -0.129    16.9005     0.9273     6.6114     98.102 -9.990e-29
         88     -0.130    16.9368   0.164301     2.8004    -0.1057  4.4175272    98.0906     -0.129    16.9368     0.9941     6.6039     98.104 -9.990e-29
         89     -0.130    16.9764   0.175910     2.8005    -0.1057  4.4318780    98.0061     -0.129    16.9764     1.0670     6.5950     98.096 -9.990e-29
         90     -0.129    17.0194   0.188526     2.8007    -0.1240  4.4473671    97.9147     -0.128    17.0194     1.1463     6.5850     98.081 -9.990e-29
         91     -0.129    17.0662   0.202239     2.8009    -0.1240  4.4641023    97.8157     -0.128    17.0662     1.2328     6.5734     98.055 -9.990e-29
         92     -0.129    17.1170   0.217145     2.8010    -0.1240  4.4821999    97.7084     -0.128    17.1170     1.3271     6.5599     98.014 -9.990e-29
         93     -0.128    17.1724   0.233347     2.8012    -0.1240  4.5017860    97.5922     -0.127    17.1724     1.4297     6.5451     97.964 -9.990e-29
         94     -0.128    17.2324   0.250958     2.8014    -0.1240  4.5229967    97.4661     -0.127    17.2324     1.5416     6.5285     97.904 -9.990e-29
         95     -0.127    17.2971   0.270100     2.8016    -0.1057  4.5459796    97.3293     -0.126    17.2971     1.6634     6.5101     97.831 -9.990e-29
         96     -0.127    17.3655   0.290900     2.8018    -0.1057  4.5708946    97.1808     -0.126    17.3655     1.7961     6.4902     97.747 -9.990e-29
         97     -0.126    17.4365   0.313498     2.8019    -0.1240  4.5979150    97.0195     -0.125    17.4365     1.9408     6.4684     97.646 -9.990e-29
         98     -0.126    17.5080   0.338040     2.8019    -0.1606  4.6272287    96.8443     -0.125    17.5080     2.0985     6.4451     97.530 -9.990e-29
         99     -0.125    17.5781   0.364689     2.8019    -0.1240  4.6590398    96.6538     -0.124    17.5781     2.2705     6.4208     97.403 -9.990e-29
        100     -0.124    17.6451   0.393621     2.8018    -0.1240  4.6935694    96.4468     -0.123    17.6451     2.4582     6.3954     97.261 -9.990e-29
        101     -0.123    17.7085   0.425034     2.8016    -0.0690  4.7310578    96.2216     -0.122    17.7085     2.6631     6.3689     97.104 -9.990e-29
        102     -0.122    17.7678   0.459142     2.8012    -0.0507  4.7715959    95.9769     -0.121    17.7678     2.8869     6.3412     96.929 -9.990e-29
        103     -0.121    17.8229   0.496181     2.8007    -0.0507  4.8150410    95.7106     -0.120    17.8229     3.1315     6.3125     96.740 -9.990e-29
