data/2023/2023_wed/06CTD02.cnv
* Sea-Bird SBE 9 Data File:
* FileName = C:\Users\ctd-user\Desktop\CTD_data\2023\MAR440 Sept 2023\06CTD02.hex
* Software Version Seasave V 7.26.2.13
* Temperature SN = 4493
* Conductivity SN = 1899
* Number of Bytes Per Scan = 37
* Number of Voltage Words = 4
* Number of Scans Averaged by the Deck Unit = 1
* NMEA Latitude = 58 20.31 N
* NMEA Longitude = 011 53.53 E
* NMEA UTC (Time) = Sep 06 2023 08:32:10
* NMEA baud rate = 4800
** Ship:
** Station:
** Operator:
# nquan = 14                                
# nvalues = 7520                        
# units = specified
# name 0 = scan: Scan Count
# name 1 = prDM: Pressure, Digiquartz [db]
# name 2 = t090C: Temperature [ITS-90, deg C]
# name 3 = c0S/m: Conductivity [S/m]
# name 4 = sbeox0V: Oxygen raw, SBE 43 [V]
# name 5 = flECO-AFL: Fluorescence, WET Labs ECO-AFL/FL [mg/m^3]
# name 6 = upoly0: Upoly 0, Turbidity
# name 7 = xmiss: Beam Transmission, Chelsea/Seatech [%]
# name 8 = depSM: Depth [salt water, m], lat = 58.3385
# name 9 = potemp090C: Potential Temperature [ITS-90, deg C]
# name 10 = sal00: Salinity, Practical [PSU]
# name 11 = sbeox0ML/L: Oxygen, SBE 43 [ml/l], WS = 2
# name 12 = sbeox0PS: Oxygen, SBE 43 [% saturation], WS = 2
# name 13 = flag: flag
# span 0 =          1,       7520       
# span 1 =     -0.060,     36.147       
# span 2 =     7.7468,    18.6129       
# span 3 =   0.059056,   3.374285       
# span 4 =     0.5488,     2.8477       
# span 5 =    -0.1240,     6.7991       
# span 6 =  4.3249425,  8.5051584       
# span 7 =    62.1624,    98.4203       
# span 8 =     -0.059,     35.808       
# span 9 =     7.7450,    18.6127       
# span 10 =     0.3436,    31.8568      
# span 11 =     0.1240,     6.8954      
# span 12 =      1.863,    102.145      
# span 13 = 0.0000e+00, 0.0000e+00      
# interval = seconds: 0.0416667
# start_time = Sep 06 2023 08:32:10 [NMEA time, header]
# bad_flag = -9.990e-29
*END*
[from data line 826]
        827      1.406    18.5222   2.714564     2.4418     4.1068  4.9043427    80.3387      1.393    18.5220    19.3083     5.2311     89.550 -9.990e-29
        828      1.407    18.5225   2.714602     2.4456     4.1251  4.9044430    80.3541      1.394    18.5223    19.3085     5.2313     89.553 -9.990e-29
        829      1.407    18.5228   2.714669     2.4493     4.1068  4.9045522    80.3685      1.394    18.5226    19.3089     5.2311     89.552 -9.990e-29
        830      1.408    18.5231   2.714766     2.4529     4.1068  4.9046710    80.3816      1.395    18.5229    19.3095     5.2308     89.546 -9.990e-29
        831      1.408    18.5234   2.714895     2.4563     4.1068  4.9048003    80.3933      1.395    18.5232    19.3104     5.2300     89.534 -9.990e-29
        832      1.409    18.5238   2.715058     2.4597     4.1068  4.9049410    80.4039      1.396    18.5236    19.3115     5.2292     89.522 -9.990e-29
        833      1.409    18.5242   2.715254     2.4630     4.1068  4.9050941    80.4135      1.396    18.5240    19.3128     5.2284     89.508 -9.990e-29
        834      1.410    18.5246   2.715485     2.4661     4.1068  4.9052605    80.4220      1.397    18.5244    19.3144     5.2271     89.488 -9.990e-29
        835      1.410    18.5250   2.715751     2.4692     4.1251  4.9054416    80.4293      1.397    18.5248    19.3163     5.2259     89.470 -9.990e-29
        836      1.411    18.5255   2.716058     2.4721     4.1068  4.9056385    80.4353      1.398    18.5253    19.3185     5.2244     89.446 -9.990e-29
        837      1.412    18.5259   2.716404     2.4750     4.1251  4.9058526    80.4405      1.399    18.5257    19.3210     5.2230     89.425 -9.990e-29
        838      1.412    18.5264   2.716794     2.4778     4.0885  4.9060854    80.4454      1.399    18.5262    19.3238     5.2216     89.402 -9.990e-29
        839      1.413    18.5269   2.717231     2.4805     4.0885  4.9063385    80.4503      1.400    18.5267    19.3270     5.2200     89.378 -9.990e-29
        840      1.414    18.5274   2.717718     2.4831     4.0885  4.9066136    80.4553      1.401    18.5272    19.3306     5.2184     89.353 -9.990e-29
        841      1.414    18.5279   2.718258     2.4857     4.0885  4.9069128    80.4606      1.401    18.5277    19.3345     5.2169     89.330 -9.990e-29
        842      1.415    18.5284   2.718856     2.4881     4.0885  4.9072381    80.4659      1.402    18.5282    19.3390     5.2151     89.302 -9.990e-29
        843      1.415    18.5288   2.719517     2.4905     4.0885  4.9075917    80.4716      1.402    18.5286    19.3440     5.2135     89.278 -9.990e-29
        844      1.416    18.5293   2.720247     2.4928     4.0885  4.9079760    80.4778      1.403    18.5291    19.3494     5.2118     89.253 -9.990e-29
        845      1.416    18.5297   2.721049     2.4950     4.0885  4.9083939    80.4843      1.403    18.5295    19.3555     5.2100     89.226 -9.990e-29
        846      1.417    18.5301   2.721930     2.4972     4.0885  4.9088481    80.4905      1.404    18.5299    19.3622     5.2084     89.203 -9.990e-29
        847      1.417    18.5305   2.722897     2.4993     4.0885  4.9093419    80.4960      1.404    18.5303    19.3696     5.2067     89.179 -9.990e-29
        848      1.418    18.5308   2.723958     2.5013     4.0885  4.9098786    80.5009      1.405    18.5306    19.3777     5.2049     89.154 -9.990e-29
        849      1.418    18.5312   2.725119     2.5032     4.0885  4.9104621    80.5053      1.405    18.5310    19.3866     5.2031     89.128 -9.990e-29
        850      1.419    18.5315   2.726390     2.5051     4.0885  4.9110963    80.5098      1.406    18.5313    19.3964     5.2014     89.105 -9.990e-29
        851      1.419    18.5318   2.727780     2.5069     4.0885  4.9117856    80.5147      1.406    18.5316    19.4071     5.1997     89.081 -9.990e-29
        852      1.420    18.5321   2.729299     2.5087     4.0885  4.9125350    80.5203      1.407    18.5319    19.4189     5.1981     89.060 -9.990e-29
        853      1.420    18.5324   2.730957     2.5104     4.0885  4.9133495    80.5261      1.407    18.5322    19.4317     5.1963     89.038 -9.990e-29
        854      1.421    18.5328   2.732769     2.5120     4.0885  4.9142349    80.5319      1.408    18.5326    19.4456     5.1945     89.014 -9.990e-29
        855      1.421    18.5333   2.734744     2.5136     4.0885  4.9151973    80.5371      1.408    18.5331    19.4608     5.1928     88.994 -9.990e-29
        856      1.422    18.5338   2.736899     2.5151     4.0885  4.9162434    80.5417      1.409    18.5336    19.4775     5.1909     88.972 -9.990e-29
        857      1.422    18.5345   2.739250     2.5166     4.0885  4.9173805    80.5459      1.409    18.5343    19.4955     5.1892     88.953 -9.990e-29
        858      1.423    18.5352   2.741809     2.5181     4.0885  4.9186165    80.5496      1.410    18.5350    19.5152     5.1876     88.937 -9.990e-29
        859      1.423    18.5360   2.744582     2.5195     4.0885  4.9199599    80.5526      1.410    18.5358    19.5365     5.1858     88.919 -9.990e-29
        860      1.424    18.5369   2.747543     2.5208     4.0885  4.9214202    80.5550      1.411    18.5367    19.5592     5.1839     88.900 -9.990e-29
        861      1.424    18.5380   2.750630     2.5221     4.0885  4.9230075    80.5566      1.411    18.5378    19.5829     5.1821     88.883 -9.990e-29
        862      1.424    18.5391   2.753741     2.5234     4.0885  4.9247329    80.5573      1.411    18.5389    19.6067     5.1804     88.869 -9.990e-29
        863      1.425    18.5403   2.756764     2.5246     4.1984  4.9266082    80.5572      1.412    18.5401    19.6298     5.1786     88.853 -9.990e-29
        864      1.425    18.5416   2.759619     2.5258     4.4365  4.9285617    80.5570      1.412    18.5414    19.6515     5.1770     88.839 -9.990e-29
        865      1.426    18.5427   2.762277     2.5269     4.5647  4.9304371    80.5575      1.413    18.5425    19.6718     5.1754     88.823 -9.990e-29
        866      1.426    18.5439   2.764742     2.5280     4.5647  4.9321624    80.5591      1.413    18.5437    19.6905     5.1739     88.810 -9.990e-29
        867      1.426    18.5449   2.767022     2.5291     4.5464  4.9337497    80.5614      1.413    18.5447    19.7079     5.1726     88.799 -9.990e-29
        868      1.427    18.5457   2.769133     2.5302     4.5464  4.9352100    80.5638      1.414    18.5455    19.7240     5.1715     88.790 -9.990e-29
        869      1.427    18.5464   2.771088     2.5312     4.5464  4.9365535    80.5659      1.414    18.5462    19.7390     5.1703     88.779 -9.990e-29
        870      1.427    18.5471   2.772900     2.5322     4.5464  4.9377895    80.5679      1.414    18.5469    19.7528     5.1693     88.770 -9.990e-29
        871      1.428    18.5477   2.774582     2.5332     4.5464  4.9389266    80.5701      1.415    18.5475    19.7657     5.1684     88.763 -9.990e-29
        872      1.428    18.5484   2.776145     2.5341     4.5464  4.9399727    80.5727      1.415    18.5482    19.7776     5.1674     88.753 -9.990e-29
        873      1.428    18.5491   2.777604     2.5350     4.5647  4.9409351    80.5760      1.415    18.5489    19.7887     5.1666     88.746 -9.990e-29
        874      1.428    18.5497   2.778971     2.5359     4.5464  4.9418205    80.5802      1.415    18.5495    19.7991     5.1659     88.740 -9.990e-29
        875      1.428    18.5502   2.780253     2.5368     4.5464  4.9426350    80.5855      1.415    18.5500    19.8089     5.1653     88.736 -9.990e-29
        876      1.429    18.5506   2.781459     2.5376     4.5464  4.9433844    80.5919      1.416    18.5504    19.8182     5.1645     88.729 -9.990e-29
        877      1.429    18.5509   2.782592     2.5384     4.5464  4.9440738    80.5990      1.416    18.5507    19.8269     5.1639     88.724 -9.990e-29
        878      1.429    18.5511   2.783658     2.5392     4.5647  4.9447080    80.6068      1.416    18.5509    19.8351     5.1635     88.720 -9.990e-29
        879      1.429    18.5511   2.784658     2.5400     4.5464  4.9452915    80.6153      1.416    18.5509    19.8430     5.1631     88.718 -9.990e-29
        880      1.429    18.5511   2.785592     2.5407     4.5464  4.9458283    80.6246      1.416    18.5509    19.8503     5.1626     88.713 -9.990e-29
        881      1.430    18.5510   2.786463     2.5415     4.5464  4.9463221    80.6352      1.417    18.5508    19.8572     5.1625     88.715 -9.990e-29
        882      1.430    18.5508   2.787272     2.5422     4.5464  4.9467763    80.6474      1.417    18.5506    19.8636     5.1622     88.713 -9.990e-29
        883      1.430    18.5505   2.788021     2.5429     4.5464  4.9471942    80.6611      1.417    18.5503    19.8696     5.1621     88.713 -9.990e-29
        884      1.430    18.5502   2.788716     2.5436     4.5464  4.9475787    80.6758      1.417    18.5500    19.8752     5.1620     88.715 -9.990e-29
        885      1.430    18.5498   2.789355     2.5442     4.5464  4.9479323    80.6909      1.417    18.5496    19.8804     5.1618     88.714 -9.990e-29
        886      1.430    18.5494   2.789942     2.5449     4.5464  4.9482576    80.7058      1.417    18.5492    19.8852     5.1620     88.719 -9.990e-29
        887      1.430    18.5489   2.790477     2.5455     4.5647  4.9485568    80.7206      1.417    18.5487    19.8896     5.1620     88.721 -9.990e-29
        888      1.430    18.5483   2.790966     2.5461     4.5464  4.9488321    80.7354      1.417    18.5481    19.8937     5.1622     88.724 -9.990e-29
        889      1.429    18.5477   2.791409     2.5467     4.6746  4.9490853    80.7508      1.416    18.5475    19.8975     5.1624     88.729 -9.990e-29
        890      1.429    18.5469   2.791814     2.5473     4.8028  4.9493181    80.7673      1.416    18.5467    19.9010     5.1627     88.735 -9.990e-29
        891      1.429    18.5461   2.792182     2.5478     4.8394  4.9495323    80.7850      1.416    18.5459    19.9043     5.1629     88.739 -9.990e-29
        892      1.429    18.5451   2.792520     2.5484     4.8211  4.9497293    80.8040      1.416    18.5449    19.9074     5.1634     88.748 -9.990e-29
        893      1.429    18.5440   2.792831     2.5490     4.8211  4.9499104    80.8243      1.416    18.5438    19.9104     5.1641     88.758 -9.990e-29
        894      1.429    18.5428   2.793120     2.5495     4.8211  4.9500770    80.8453      1.416    18.5426    19.9133     5.1646     88.766 -9.990e-29
        895      1.429    18.5416   2.793390     2.5500     4.8211  4.9502302    80.8669      1.416    18.5414    19.9159     5.1651     88.775 -9.990e-29
        896      1.429    18.5403   2.793646     2.5505     4.8211  4.9503710    80.8887      1.416    18.5401    19.9186     5.1658     88.785 -9.990e-29
        897      1.429    18.5389   2.793890     2.5510     4.8394  4.9505004    80.9109      1.416    18.5387    19.9212     5.1665     88.797 -9.990e-29
        898      1.429    18.5376   2.794124     2.5515     4.8211  4.9506194    80.9333      1.416    18.5374    19.9236     5.1673     88.810 -9.990e-29
        899      1.429    18.5362   2.794347     2.5520     4.8394  4.9507288    80.9559      1.416    18.5360    19.9260     5.1682     88.824 -9.990e-29
        900      1.428    18.5349   2.794559     2.5525     4.8211  4.9508292    80.9786      1.415    18.5347    19.9283     5.1691     88.839 -9.990e-29
        901      1.428    18.5335   2.794761     2.5529     4.8394  4.9509215    81.0017      1.415    18.5333    19.9306     5.1699     88.851 -9.990e-29
        902      1.428    18.5320   2.794954     2.5534     4.8394  4.9510063    81.0249      1.415    18.5318    19.9328     5.1710     88.868 -9.990e-29
        903      1.428    18.5306   2.795142     2.5539     4.8211  4.9510841    81.0485      1.415    18.5304    19.9350     5.1721     88.886 -9.990e-29
        904      1.428    18.5290   2.795323     2.5544     4.8211  4.9511555    81.0722      1.415    18.5288    19.9372     5.1733     88.906 -9.990e-29
        905      1.428    18.5275   2.795497     2.5549     4.8211  4.9512210    81.0960      1.415    18.5273    19.9392     5.1746     88.926 -9.990e-29
        906      1.428    18.5259   2.795660     2.5554     4.8211  4.9512810    81.1194      1.415    18.5257    19.9413     5.1759     88.947 -9.990e-29
        907      1.427    18.5243   2.795809     2.5559     4.8211  4.9513361    81.1421      1.414    18.5241    19.9432     5.1773     88.968 -9.990e-29
        908      1.427    18.5226   2.795936     2.5564     4.8211  4.9513864    81.1638      1.414    18.5224    19.9450     5.1787     88.991 -9.990e-29
        909      1.427    18.5209   2.796039     2.5570     4.8211  4.9514325    81.1842      1.414    18.5207    19.9467     5.1804     89.018 -9.990e-29
        910      1.427    18.5191   2.796118     2.5575     4.8394  4.9514745    81.2030      1.414    18.5189    19.9481     5.1819     89.042 -9.990e-29
        911      1.426    18.5173   2.796172     2.5580     4.8211  4.9515129    81.2203      1.413    18.5171    19.9494     5.1835     89.066 -9.990e-29
        912      1.426    18.5155   2.796201     2.5586     4.8394  4.9515478    81.2361      1.413    18.5153    19.9505     5.1853     89.094 -9.990e-29
        913      1.425    18.5137   2.796203     2.5591     4.8211  4.9515796    81.2509      1.412    18.5135    19.9514     5.1869     89.119 -9.990e-29
        914      1.425    18.5119   2.796179     2.5597     4.8028  4.9516084    81.2650      1.412    18.5117    19.9521     5.1887     89.148 -9.990e-29
        915      1.425    18.5102   2.796130     2.5602     4.6746  4.9516345    81.2789      1.412    18.5100    19.9525     5.1903     89.173 -9.990e-29
        916      1.425    18.5085   2.796056     2.5608     4.6196  4.9516580    81.2925      1.412    18.5083    19.9528     5.1922     89.203 -9.990e-29
        917      1.424    18.5068   2.795954     2.5614     4.6196  4.9516790    81.3059      1.411    18.5066    19.9528     5.1941     89.232 -9.990e-29
        918      1.424    18.5053   2.795827     2.5620     4.6196  4.9516978    81.3191      1.411    18.5051    19.9525     5.1960     89.262 -9.990e-29
        919      1.423    18.5037   2.795669     2.5625     4.6196  4.9517145    81.3320      1.410    18.5035    19.9520     5.1976     89.287 -9.990e-29
        920      1.423    18.5023   2.795484     2.5631     4.6196  4.9517291    81.3447      1.410    18.5021    19.9513     5.1995     89.316 -9.990e-29
        921      1.422    18.5009   2.795270     2.5637     4.6196  4.9517419    81.3575      1.409    18.5007    19.9503     5.2013     89.344 -9.990e-29
        922      1.422    18.4995   2.795028     2.5643     4.6196  4.9517528    81.3704      1.409    18.4993    19.9490     5.2031     89.372 -9.990e-29
        923      1.421    18.4983   2.794764     2.5649     4.6196  4.9517619    81.3836      1.408    18.4981    19.9475     5.2049     89.400 -9.990e-29
        924      1.421    18.4971   2.794490     2.5655     4.6196  4.9517694    81.3969      1.408    18.4969    19.9460     5.2066     89.427 -9.990e-29
        925      1.421    18.4960   2.794220     2.5661     4.6379  4.9517752    81.4100      1.408    18.4958    19.9444     5.2083     89.454 -9.990e-29
        926      1.420    18.4950   2.793966     2.5667     4.6196  4.9517794    81.4226      1.407    18.4948    19.9429     5.2100     89.479 -9.990e-29
        927      1.420    18.4940   2.793735     2.5673     4.6196  4.9517821    81.4340      1.407    18.4938    19.9415     5.2116     89.505 -9.990e-29
        928      1.419    18.4931   2.793530     2.5679     4.6196  4.9517832    81.4439      1.406    18.4929    19.9404     5.2131     89.529 -9.990e-29
        929      1.419    18.4922   2.793349     2.5685     4.6379  4.9517827    81.4519      1.406    18.4920    19.9394     5.2146     89.552 -9.990e-29
