data/2023/2023_wed/06CTD09.cnv
* Sea-Bird SBE 9 Data File:
* FileName = C:\Users\ctd-user\Desktop\CTD_data\2023\MAR440 Sept 2023\06CTD09.hex
* Software Version Seasave V 7.26.2.13
* Temperature SN = 4493
* Conductivity SN = 1899
* Number of Bytes Per Scan = 37
* Number of Voltage Words = 4
* Number of Scans Averaged by the Deck Unit = 1
* NMEA Latitude = 58 19.17 N
* NMEA Longitude = 011 48.40 E
* NMEA UTC (Time) = Sep 06 2023 10:23:56
* NMEA baud rate = 4800
** Ship:
** Station:
** Operator:
# nquan = 14                                
# nvalues = 4555                        
# units = specified
# name 0 = scan: Scan Count
# name 1 = prDM: Pressure, Digiquartz [db]
# name 2 = t090C: Temperature [ITS-90, deg C]
# name 3 = c0S/m: Conductivity [S/m]
# name 4 = sbeox0V: Oxygen raw, SBE 43 [V]
# name 5 = flECO-AFL: Fluorescence, WET Labs ECO-AFL/FL [mg/m^3]
# name 6 = upoly0: Upoly 0, Turbidity
# name 7 = xmiss: Beam Transmission, Chelsea/Seatech [%]
# name 8 = depSM: Depth [salt water, m], lat = 58.3195
# name 9 = potemp090C: Potential Temperature [ITS-90, deg C]
# name 10 = sal00: Salinity, Practical [PSU]
# name 11 = sbeox0ML/L: Oxygen, SBE 43 [ml/l], WS = 2
# name 12 = sbeox0PS: Oxygen, SBE 43 [% saturation], WS = 2
# name 13 = flag: flag
# span 0 =          1,       4555       
# span 1 =     -0.092,     31.210       
# span 2 =     7.0632,    18.3846       
# span 3 =   0.044846,   3.432849       
# span 4 =     0.9293,     2.8678       
# span 5 =    -0.1606,     4.2899       
# span 6 =  4.0967647,  8.5978219       
# span 7 =    65.6230,    99.7863       
# span 8 =     -0.091,     30.918       
# span 9 =     7.0605,    18.3836       
# span 10 =     0.2586,    32.1742      
# span 11 =     1.0831,     6.7806      
# span 12 =     17.837,    101.710      
# span 13 = 0.0000e+00, 0.0000e+00      
# interval = seconds: 0.0416667
# start_time = Sep 06 2023 10:23:56 [NMEA time, header]
# bad_flag = -9.990e-29
*END*
[from data line 4439]
       4440     31.003     7.2102   3.278028     0.9836     0.1508  4.6076082    98.0086     30.713     7.2074    32.0427     1.4135     20.633 -9.990e-29
       4441     31.006     7.2100   3.278069     0.9836     0.1508  4.6078020    97.9788     30.716     7.2072    32.0433     1.4134     20.633 -9.990e-29
       4442     31.009     7.2098   3.278110     0.9835     0.1508  4.6079796    97.9534     30.719     7.2070    32.0440     1.4132     20.630 -9.990e-29
       4443     31.012     7.2094   3.278149     0.9835     0.1691  4.6081423    97.9331     30.721     7.2066    32.0448     1.4132     20.630 -9.990e-29
       4444     31.015     7.2089   3.278188     0.9834     0.1508  4.6082912    97.9163     30.724     7.2061    32.0456     1.4130     20.627 -9.990e-29
       4445     31.018     7.2083   3.278225     0.9833     0.1691  4.6084274    97.9014     30.727     7.2055    32.0466     1.4128     20.622 -9.990e-29
       4446     31.021     7.2075   3.278260     0.9833     0.1508  4.6085518    97.8871     30.730     7.2047    32.0477     1.4128     20.623 -9.990e-29
       4447     31.024     7.2066   3.278295     0.9832     0.1508  4.6086652    97.8730     30.733     7.2038    32.0489     1.4125     20.618 -9.990e-29
       4448     31.027     7.2055   3.278329     0.9832     0.1508  4.6087685    97.8584     30.736     7.2027    32.0503     1.4126     20.619 -9.990e-29
       4449     31.030     7.2043   3.278362     0.9831     0.1508  4.6088623    97.8423     30.739     7.2015    32.0518     1.4123     20.615 -9.990e-29
       4450     31.033     7.2029   3.278395     0.9831     0.1508  4.6089474    97.8232     30.742     7.2001    32.0534     1.4124     20.615 -9.990e-29
       4451     31.037     7.2015   3.278427     0.9831     0.1691  4.6090242    97.8004     30.746     7.1987    32.0551     1.4124     20.615 -9.990e-29
       4452     31.040     7.2000   3.278458     0.9830     0.1324  4.6090934    97.7745     30.749     7.1972    32.0568     1.4122     20.612 -9.990e-29
       4453     31.043     7.1985   3.278489     0.9830     0.1508  4.6091555    97.7482     30.752     7.1957    32.0585     1.4122     20.611 -9.990e-29
       4454     31.046     7.1971   3.278520     0.9830     0.1508  4.6092108    97.7288     30.755     7.1943    32.0602     1.4123     20.612 -9.990e-29
       4455     31.050     7.1956   3.278550     0.9829     0.1508  4.6092597    97.7246     30.759     7.1928    32.0619     1.4119     20.606 -9.990e-29
       4456     31.053     7.1942   3.278578     0.9829     0.1508  4.6093026    97.7379     30.762     7.1914    32.0635     1.4122     20.610 -9.990e-29
       4457     31.056     7.1927   3.278605     0.9829     0.1508  4.6093398    97.7651     30.765     7.1899    32.0652     1.4121     20.608 -9.990e-29
       4458     31.060     7.1914   3.278631     0.9829     0.1691  4.6093716    97.8011     30.769     7.1886    32.0667     1.4125     20.613 -9.990e-29
       4459     31.063     7.1902   3.278656     0.9829     0.1691  4.6093981    97.8413     30.772     7.1874    32.0680     1.4124     20.611 -9.990e-29
       4460     31.067     7.1891   3.278681 -9.990e-29     0.1508  4.6094195    97.8827     30.776     7.1863    32.0693 -9.990e-29 -9.990e-29 -9.990e-29
       4461     31.071     7.1881   3.278704 -9.990e-29     0.1508  4.6094361    97.9238     30.780     7.1853    32.0705 -9.990e-29 -9.990e-29 -9.990e-29
       4462     31.075     7.1871   3.278724 -9.990e-29     0.1691  4.6094479    97.9634     30.784     7.1843    32.0717 -9.990e-29 -9.990e-29 -9.990e-29
       4463     31.079     7.1862   3.278744 -9.990e-29     0.1691  4.6094549    98.0007     30.788     7.1834    32.0727 -9.990e-29 -9.990e-29 -9.990e-29
       4464     31.083     7.1854   3.278760 -9.990e-29     0.1691  4.6094573    98.0348     30.792     7.1826    32.0736 -9.990e-29 -9.990e-29 -9.990e-29
       4465     31.087     7.1845   3.278773 -9.990e-29     0.1508  4.6094551    98.0648     30.796     7.1817    32.0746 -9.990e-29 -9.990e-29 -9.990e-29
       4466     31.091     7.1837   3.278784 -9.990e-29     0.1691  4.6094482    98.0909     30.800     7.1809    32.0755 -9.990e-29 -9.990e-29 -9.990e-29
       4467     31.096     7.1828   3.278790 -9.990e-29     0.1691  4.6094366    98.1133     30.805     7.1800    32.0764 -9.990e-29 -9.990e-29 -9.990e-29
       4468     31.100     7.1821   3.278793 -9.990e-29     0.1324  4.6094202    98.1323     30.809     7.1793    32.0770 -9.990e-29 -9.990e-29 -9.990e-29
       4469     31.104     7.1813   3.278791 -9.990e-29     0.1508  4.6093989    98.1480     30.813     7.1785    32.0778 -9.990e-29 -9.990e-29 -9.990e-29
       4470     31.108     7.1805   3.278790 -9.990e-29     0.1508  4.6093726    98.1608     30.817     7.1777    32.0785 -9.990e-29 -9.990e-29 -9.990e-29
       4471     31.112     7.1797   3.278787 -9.990e-29     0.1508  4.6093410    98.1708     30.821     7.1769    32.0792 -9.990e-29 -9.990e-29 -9.990e-29
       4472     31.116     7.1790   3.278787 -9.990e-29     0.1508  4.6093040    98.1787     30.825     7.1762    32.0798 -9.990e-29 -9.990e-29 -9.990e-29
       4473     31.120     7.1782   3.278787 -9.990e-29     0.1508  4.6092613    98.1847     30.828     7.1754    32.0806 -9.990e-29 -9.990e-29 -9.990e-29
       4474     31.123     7.1773   3.278791 -9.990e-29     0.1508  4.6092125    98.1886     30.831     7.1745    32.0815 -9.990e-29 -9.990e-29 -9.990e-29
       4475     31.127     7.1764   3.278799 -9.990e-29     0.1691  4.6091575    98.1902     30.835     7.1736    32.0824 -9.990e-29 -9.990e-29 -9.990e-29
       4476     31.131     7.1755   3.278813 -9.990e-29     0.1508  4.6090956    98.1889     30.839     7.1727    32.0834 -9.990e-29 -9.990e-29 -9.990e-29
       4477     31.134     7.1746   3.278832 -9.990e-29     0.1691  4.6090267    98.1842     30.842     7.1718    32.0844 -9.990e-29 -9.990e-29 -9.990e-29
       4478     31.137     7.1738   3.278855 -9.990e-29     0.1508  4.6089501    98.1759     30.845     7.1710    32.0854 -9.990e-29 -9.990e-29 -9.990e-29
       4479     31.141     7.1729   3.278881 -9.990e-29     0.1691  4.6088653    98.1638     30.849     7.1701    32.0865 -9.990e-29 -9.990e-29 -9.990e-29
       4480     31.144     7.1720   3.278907 -9.990e-29     0.1508  4.6087718    98.1479     30.852     7.1692    32.0876 -9.990e-29 -9.990e-29 -9.990e-29
       4481     31.147     7.1711   3.278933 -9.990e-29     0.1691  4.6086689    98.1282     30.855     7.1683    32.0888 -9.990e-29 -9.990e-29 -9.990e-29
       4482     31.150     7.1702   3.278958 -9.990e-29     0.1508  4.6085558    98.1045     30.858     7.1674    32.0899 -9.990e-29 -9.990e-29 -9.990e-29
       4483     31.153     7.1693   3.278983 -9.990e-29     0.1691  4.6084318    98.0767     30.861     7.1665    32.0910 -9.990e-29 -9.990e-29 -9.990e-29
       4484     31.155     7.1684   3.279004 -9.990e-29     0.1508  4.6082961    98.0473     30.863     7.1656    32.0920 -9.990e-29 -9.990e-29 -9.990e-29
       4485     31.158     7.1675   3.279022 -9.990e-29     0.1691  4.6081476    98.0227     30.866     7.1647    32.0931 -9.990e-29 -9.990e-29 -9.990e-29
       4486     31.160     7.1667   3.279039 -9.990e-29     0.1508  4.6079854    98.0101     30.868     7.1639    32.0940 -9.990e-29 -9.990e-29 -9.990e-29
       4487     31.162     7.1658   3.279053 -9.990e-29     0.1691  4.6078083    98.0124     30.870     7.1630    32.0950 -9.990e-29 -9.990e-29 -9.990e-29
       4488     31.164     7.1649   3.279063 -9.990e-29     0.1508  4.6076151    98.0269     30.872     7.1621    32.0959 -9.990e-29 -9.990e-29 -9.990e-29
       4489     31.167     7.1640   3.279072 -9.990e-29     0.1691  4.6074044    98.0489     30.875     7.1612    32.0969 -9.990e-29 -9.990e-29 -9.990e-29
       4490     31.169     7.1631   3.279081 -9.990e-29     0.1508  4.6071748    98.0746     30.877     7.1603    32.0978 -9.990e-29 -9.990e-29 -9.990e-29
       4491     31.171     7.1622   3.279089 -9.990e-29     0.1691  4.6069247    98.1018     30.879     7.1594    32.0987 -9.990e-29 -9.990e-29 -9.990e-29
       4492     31.173     7.1613   3.279098 -9.990e-29     0.1508  4.6066523    98.1293     30.881     7.1585    32.0996 -9.990e-29 -9.990e-29 -9.990e-29
       4493     31.175     7.1603   3.279107 -9.990e-29     0.1508  4.6063558    98.1561     30.883     7.1575    32.1007 -9.990e-29 -9.990e-29 -9.990e-29
       4494     31.177     7.1594   3.279116 -9.990e-29     0.1691  4.6060330    98.1812     30.885     7.1566    32.1016 -9.990e-29 -9.990e-29 -9.990e-29
       4495     31.179     7.1583   3.279125 -9.990e-29     0.1508  4.6056818    98.2040     30.887     7.1555    32.1027 -9.990e-29 -9.990e-29 -9.990e-29
       4496     31.181     7.1572   3.279134 -9.990e-29     0.1691  4.6052997    98.2246     30.889     7.1544    32.1038 -9.990e-29 -9.990e-29 -9.990e-29
       4497     31.183     7.1560   3.279142 -9.990e-29     0.1508  4.6048841    98.2437     30.891     7.1532    32.1050 -9.990e-29 -9.990e-29 -9.990e-29
       4498     31.184     7.1548   3.279151 -9.990e-29     0.1691  4.6044319    98.2619     30.892     7.1520    32.1063 -9.990e-29 -9.990e-29 -9.990e-29
       4499     31.186     7.1534   3.279158 -9.990e-29     0.1691  4.6039402    98.2798     30.894     7.1506    32.1076 -9.990e-29 -9.990e-29 -9.990e-29
       4500     31.187     7.1519   3.279166 -9.990e-29     0.1691  4.6034054    98.2974     30.895     7.1491    32.1091 -9.990e-29 -9.990e-29 -9.990e-29
       4501     31.189     7.1504   3.279174 -9.990e-29     0.1508  4.6028239    98.3146     30.897     7.1476    32.1106 -9.990e-29 -9.990e-29 -9.990e-29
       4502     31.190     7.1487   3.279181 -9.990e-29     0.1508  4.6021916    98.3316     30.898     7.1459    32.1123 -9.990e-29 -9.990e-29 -9.990e-29
       4503     31.191     7.1470   3.279189 -9.990e-29     0.1691  4.6015042    98.3486     30.899     7.1442    32.1139 -9.990e-29 -9.990e-29 -9.990e-29
       4504     31.193     7.1453   3.279196 -9.990e-29     0.1691  4.6007567    98.3656     30.901     7.1425    32.1156 -9.990e-29 -9.990e-29 -9.990e-29
       4505     31.194     7.1434   3.279204 -9.990e-29     0.1508  4.5999441    98.3830     30.902     7.1406    32.1174 -9.990e-29 -9.990e-29 -9.990e-29
       4506     31.195     7.1414   3.279211 -9.990e-29     0.1691  4.5990607    98.4007     30.903     7.1386    32.1194 -9.990e-29 -9.990e-29 -9.990e-29
       4507     31.197     7.1392   3.279218 -9.990e-29     0.1508  4.5981003    98.4187     30.905     7.1364    32.1215 -9.990e-29 -9.990e-29 -9.990e-29
       4508     31.198     7.1369   3.279224 -9.990e-29     0.1691  4.5970563    98.4368     30.906     7.1341    32.1237 -9.990e-29 -9.990e-29 -9.990e-29
       4509     31.199     7.1343   3.279228 -9.990e-29     0.1691  4.5959214    98.4548     30.907     7.1315    32.1262 -9.990e-29 -9.990e-29 -9.990e-29
       4510     31.200     7.1315   3.279230 -9.990e-29     0.1691  4.5946876    98.4720     30.908     7.1287    32.1288 -9.990e-29 -9.990e-29 -9.990e-29
       4511     31.201     7.1285   3.279229 -9.990e-29     0.1508  4.5933465    98.4881     30.909     7.1257    32.1316 -9.990e-29 -9.990e-29 -9.990e-29
       4512     31.202     7.1256   3.279225 -9.990e-29     0.1508  4.5918886    98.5031     30.910     7.1228    32.1342 -9.990e-29 -9.990e-29 -9.990e-29
       4513     31.202     7.1227   3.279217 -9.990e-29     0.1691  4.5903039    98.5172     30.910     7.1199    32.1369 -9.990e-29 -9.990e-29 -9.990e-29
       4514     31.203     7.1200   3.279207 -9.990e-29     0.1508  4.5885813    98.5305     30.911     7.1172    32.1393 -9.990e-29 -9.990e-29 -9.990e-29
       4515     31.204     7.1175   3.279193 -9.990e-29     0.1508  4.5867088    98.5429     30.912     7.1147    32.1414 -9.990e-29 -9.990e-29 -9.990e-29
       4516     31.205     7.1150   3.279176 -9.990e-29     0.1691  4.5847584    98.5538     30.913     7.1122    32.1436 -9.990e-29 -9.990e-29 -9.990e-29
       4517     31.205     7.1128   3.279157 -9.990e-29     0.1508  4.5828864    98.5629     30.913     7.1100    32.1454 -9.990e-29 -9.990e-29 -9.990e-29
       4518     31.206     7.1108   3.279134 -9.990e-29     0.1508  4.5811646    98.5698     30.914     7.1080    32.1470 -9.990e-29 -9.990e-29 -9.990e-29
       4519     31.207     7.1089   3.279109 -9.990e-29     0.1691  4.5795811    98.5745     30.915     7.1061    32.1485 -9.990e-29 -9.990e-29 -9.990e-29
       4520     31.207     7.1070   3.279080 -9.990e-29     0.1691  4.5781249    98.5772     30.915     7.1042    32.1500 -9.990e-29 -9.990e-29 -9.990e-29
       4521     31.208     7.1052   3.279050 -9.990e-29     0.1508  4.5767859    98.5785     30.916     7.1024    32.1513 -9.990e-29 -9.990e-29 -9.990e-29
       4522     31.208     7.1034   3.279017 -9.990e-29     0.1508  4.5755546    98.5794     30.916     7.1006    32.1527 -9.990e-29 -9.990e-29 -9.990e-29
       4523     31.209     7.1017   3.278982 -9.990e-29     0.1508  4.5744227    98.5809     30.917     7.0989    32.1539 -9.990e-29 -9.990e-29 -9.990e-29
       4524     31.209     7.1001   3.278946 -9.990e-29     0.1508  4.5733821    98.5833     30.917     7.0973    32.1550 -9.990e-29 -9.990e-29 -9.990e-29
       4525     31.209     7.0987   3.278910 -9.990e-29     0.1508  4.5724257    98.5863     30.917     7.0959    32.1559 -9.990e-29 -9.990e-29 -9.990e-29
       4526     31.210     7.0974   3.278877 -9.990e-29     0.1508  4.5715469    98.5893     30.918     7.0946    32.1567 -9.990e-29 -9.990e-29 -9.990e-29
       4527     31.210     7.0962   3.278845 -9.990e-29     0.1508  4.5707394    98.5920     30.918     7.0934    32.1575 -9.990e-29 -9.990e-29 -9.990e-29
       4528     31.210     7.0952   3.278817 -9.990e-29     0.1508  4.5699976    98.5939     30.918     7.0924    32.1581 -9.990e-29 -9.990e-29 -9.990e-29
       4529     31.210     7.0944   3.278791 -9.990e-29     0.1508  4.5693165    98.5948     30.918     7.0916    32.1586 -9.990e-29 -9.990e-29 -9.990e-29
       4530     31.210     7.0937   3.278769 -9.990e-29     0.1508  4.5686913    98.5947     30.918     7.0909    32.1590 -9.990e-29 -9.990e-29 -9.990e-29
       4531     31.210     7.0931   3.278750 -9.990e-29     0.1508  4.5681176    98.5934     30.918     7.0903    32.1594 -9.990e-29 -9.990e-29 -9.990e-29
       4532     31.210     7.0926   3.278734 -9.990e-29     0.1691  4.5675914    98.5904     30.918     7.0898    32.1597 -9.990e-29 -9.990e-29 -9.990e-29
       4533     31.210     7.0922   3.278719 -9.990e-29     0.1691  4.5671091    98.5853     30.918     7.0894    32.1599 -9.990e-29 -9.990e-29 -9.990e-29
       4534     31.210     7.0919   3.278705 -9.990e-29     0.1691  4.5666673    98.5784     30.918     7.0891    32.1600 -9.990e-29 -9.990e-29 -9.990e-29
       4535     31.210     7.0917   3.278692 -9.990e-29     0.1508  4.5662630    98.5695     30.918     7.0889    32.1600 -9.990e-29 -9.990e-29 -9.990e-29
       4536     31.209     7.0915   3.278680 -9.990e-29     0.1691  4.5658933    98.5588     30.917     7.0887    32.1601 -9.990e-29 -9.990e-29 -9.990e-29
       4537     31.209     7.0912   3.278669 -9.990e-29     0.1508  4.5655556    98.5466     30.917     7.0884    32.1603 -9.990e-29 -9.990e-29 -9.990e-29
       4538     31.209     7.0909   3.278657 -9.990e-29     0.1691  4.5652477    98.5339     30.917     7.0881    32.1604 -9.990e-29 -9.990e-29 -9.990e-29
       4539     31.209     7.0906   3.278646 -9.990e-29     0.1508  4.5649674    98.5221     30.917     7.0878    32.1606 -9.990e-29 -9.990e-29 -9.990e-29
       4540     31.209     7.0903   3.278634 -9.990e-29     0.1508  4.5647126    98.5118     30.917     7.0875    32.1607 -9.990e-29 -9.990e-29 -9.990e-29
       4541     31.209     7.0901   3.278623 -9.990e-29     0.1691  4.5644817    98.5028     30.917     7.0873    32.1608 -9.990e-29 -9.990e-29 -9.990e-29
