data/2023/2023_wed/06CTD06.cnv
* Sea-Bird SBE 9 Data File:
* FileName = C:\Users\ctd-user\Desktop\CTD_data\2023\MAR440 Sept 2023\06CTD06.hex
* Software Version Seasave V 7.26.2.13
* Temperature SN = 4493
* Conductivity SN = 1899
* Number of Bytes Per Scan = 37
* Number of Voltage Words = 4
* Number of Scans Averaged by the Deck Unit = 1
* NMEA Latitude = 58 19.37 N
* NMEA Longitude = 011 49.79 E
* NMEA UTC (Time) = Sep 06 2023 13:17:07
* NMEA baud rate = 4800
** Ship:
** Station:
** Operator:
# nquan = 14                                
# nvalues = 2043                        
# units = specified
# name 0 = scan: Scan Count
# name 1 = prDM: Pressure, Digiquartz [db]
# name 2 = t090C: Temperature [ITS-90, deg C]
# name 3 = c0S/m: Conductivity [S/m]
# name 4 = sbeox0V: Oxygen raw, SBE 43 [V]
# name 5 = flECO-AFL: Fluorescence, WET Labs ECO-AFL/FL [mg/m^3]
# name 6 = upoly0: Upoly 0, Turbidity
# name 7 = xmiss: Beam Transmission, Chelsea/Seatech [%]
# name 8 = depSM: Depth [salt water, m], lat = 58.3228
# name 9 = potemp090C: Potential Temperature [ITS-90, deg C]
# name 10 = sal00: Salinity, Practical [PSU]
# name 11 = sbeox0ML/L: Oxygen, SBE 43 [ml/l], WS = 2
# name 12 = sbeox0PS: Oxygen, SBE 43 [% saturation], WS = 2
# name 13 = flag: flag
# span 0 =          1,       2043       
# span 1 =      1.219,     16.829       
# span 2 =    13.5157,    18.7407       
# span 3 =   2.353151,   3.375215       
# span 4 =     0.7566,     3.1687       
# span 5 =     0.1874,    11.4511       
# span 6 =  4.5744887,  5.4888805       
# span 7 =    61.0232,    94.2904       
# span 8 =      1.208,     16.672       
# span 9 =    13.5136,    18.7405       
# span 10 =    16.4287,    27.7984      
# span 11 =     0.6341,     6.7762      
# span 12 =     10.373,    114.534      
# span 13 = 0.0000e+00, 0.0000e+00      
# interval = seconds: 0.0416667
# start_time = Sep 06 2023 13:17:07 [NMEA time, header]
# bad_flag = -9.990e-29
*END*
[from data line 1446]
       1447     12.578    15.7503   3.299742     1.0166     0.4255  4.6202726    92.9413     12.461    15.7485    25.6327     1.0593     17.836 0.0000e+00
       1448     12.587    15.7415   3.300563     1.0143     0.4255  4.6221834    92.9418     12.470    15.7397    25.6454     1.0532     17.730 0.0000e+00
       1449     12.596    15.7329   3.301387     1.0121     0.4255  4.6238382    92.9442     12.479    15.7311    25.6581     1.0472     17.629 0.0000e+00
       1450     12.606    15.7243   3.302214     1.0098     0.4255  4.6252487    92.9484     12.488    15.7225    25.6707     1.0410     17.522 0.0000e+00
       1451     12.615    15.7159   3.303048     1.0075     0.4255  4.6264247    92.9544     12.497    15.7141    25.6833     1.0348     17.417 0.0000e+00
       1452     12.624    15.7074   3.303892     1.0053     0.4255  4.6273742    92.9631     12.506    15.7056    25.6961     1.0289     17.315 0.0000e+00
       1453     12.634    15.6990   3.304748     1.0030     0.4255  4.6281041    92.9759     12.516    15.6972    25.7089     1.0227     17.210 0.0000e+00
       1454     12.643    15.6906   3.305618     1.0007     0.4255  4.6286192    92.9949     12.525    15.6888    25.7218     1.0165     17.104 0.0000e+00
       1455     12.652    15.6823   3.306505     0.9984     0.4438  4.6289232    93.0212     12.534    15.6805    25.7349     1.0104     17.000 0.0000e+00
       1456     12.662    15.6739   3.307407     0.9961     0.4255  4.6290183    93.0547     12.544    15.6721    25.7481     1.0043     16.895 0.0000e+00
       1457     12.671    15.6656   3.308327     0.9937     0.4255  4.6289050    93.0946     12.553    15.6638    25.7614     0.9980     16.788 0.0000e+00
       1458     12.681    15.6573   3.309257     0.9914     0.4255  4.6285826    93.1397     12.563    15.6555    25.7748     0.9920     16.685 0.0000e+00
       1459     12.690    15.6489   3.310193     0.9891     0.4255  4.6280489    93.1895     12.572    15.6471    25.7883     0.9860     16.584 0.0000e+00
       1460     12.700    15.6405   3.311129     0.9868     0.4255  4.6273001    93.2432     12.582    15.6387    25.8019     0.9801     16.483 0.0000e+00
       1461     12.709    15.6319   3.312064     0.9845     0.4438  4.6263311    93.2994     12.591    15.6301    25.8155     0.9743     16.383 0.0000e+00
       1462     12.719    15.6231   3.312991     0.9822     0.4255  4.6251350    93.3566     12.600    15.6213    25.8293     0.9685     16.284 0.0000e+00
       1463     12.728    15.6142   3.313902     0.9799     0.4255  4.6237036    93.4135     12.609    15.6124    25.8429     0.9627     16.186 0.0000e+00
       1464     12.738    15.6050   3.314788     0.9775     0.4255  4.6220268    93.4686     12.619    15.6032    25.8566     0.9568     16.085 0.0000e+00
       1465     12.747    15.5956   3.315646     0.9752     0.4255  4.6200932    93.5209     12.628    15.5938    25.8701     0.9513     15.990 0.0000e+00
       1466     12.757    15.5858   3.316470     0.9729     0.4255  4.6178891    93.5696     12.638    15.5840    25.8837     0.9458     15.896 0.0000e+00
       1467     12.766    15.5758   3.317257     0.9705     0.4255  4.6153992    93.6149     12.647    15.5740    25.8970     0.9401     15.798 0.0000e+00
       1468     12.776    15.5654   3.318008     0.9682     0.3888  4.6126913    93.6571     12.657    15.5636    25.9103     0.9347     15.707 0.0000e+00
       1469     12.785    15.5547   3.318722     0.9659     0.3705  4.6100012    93.6961     12.666    15.5529    25.9235     0.9295     15.616 0.0000e+00
       1470     12.794    15.5437   3.319398     0.9636     0.3705  4.6075650    93.7310     12.675    15.5419    25.9365     0.9243     15.527 0.0000e+00
       1471     12.804    15.5323   3.320035     0.9613     0.3705  4.6054509    93.7614     12.685    15.5305    25.9495     0.9192     15.438 0.0000e+00
       1472     12.813    15.5207   3.320629     0.9590     0.3888  4.6036439    93.7873     12.694    15.5189    25.9623     0.9142     15.352 0.0000e+00
       1473     12.822    15.5088   3.321180     0.9567     0.3705  4.6021316    93.8095     12.702    15.5070    25.9749     0.9092     15.266 0.0000e+00
       1474     12.832    15.4966   3.321686     0.9544     0.3888  4.6009035    93.8288     12.712    15.4948    25.9873     0.9043     15.182 0.0000e+00
       1475     12.841    15.4841   3.322141     0.9522     0.3705  4.5999510    93.8462     12.721    15.4823    25.9994     0.8998     15.103 0.0000e+00
       1476     12.850    15.4714   3.322545     0.9499     0.3705  4.5992675    93.8627     12.730    15.4696    26.0113     0.8950     15.020 0.0000e+00
       1477     12.860    15.4584   3.322891     0.9477     0.3705  4.5988482    93.8791     12.740    15.4566    26.0228     0.8906     14.943 0.0000e+00
       1478     12.869    15.4450   3.323179     0.9455     0.3888  4.5986902    93.8963     12.749    15.4432    26.0342     0.8863     14.867 0.0000e+00
       1479     12.879    15.4314   3.323410     0.9433     0.3705  4.5987925    93.9150     12.759    15.4296    26.0452     0.8820     14.792 0.0000e+00
       1480     12.888    15.4176   3.323582     0.9411     0.3705  4.5991556    93.9355     12.768    15.4158    26.0558     0.8777     14.718 0.0000e+00
       1481     12.898    15.4035   3.323696     0.9390     0.3705  4.5997823    93.9572     12.778    15.4017    26.0661     0.8738     14.649 0.0000e+00
       1482     12.907    15.3892   3.323753     0.9368     0.3705  4.6006767    93.9799     12.787    15.3874    26.0760     0.8696     14.576 0.0000e+00
       1483     12.917    15.3745   3.323756     0.9347     0.3705  4.6018451    94.0034     12.797    15.3727    26.0858     0.8658     14.507 0.0000e+00
       1484     12.926    15.3595   3.323707     0.9326     0.3888  4.6032958    94.0278     12.805    15.3577    26.0953     0.8619     14.440 0.0000e+00
       1485     12.936    15.3440   3.323609     0.9305     0.3705  4.6050386    94.0529     12.815    15.3422    26.1047     0.8582     14.373 0.0000e+00
       1486     12.945    15.3283   3.323467     0.9284     0.3705  4.6070859    94.0782     12.824    15.3265    26.1138     0.8545     14.307 0.0000e+00
       1487     12.955    15.3124   3.323288     0.9263     0.3888  4.6094518    94.1030     12.834    15.3106    26.1228     0.8508     14.241 0.0000e+00
       1488     12.965    15.2964   3.323077     0.9243     0.3705  4.6121527    94.1266     12.844    15.2946    26.1316     0.8474     14.181 0.0000e+00
       1489     12.974    15.2805   3.322839     0.9222     0.3888  4.6152075    94.1486     12.853    15.2787    26.1401     0.8437     14.116 0.0000e+00
       1490     12.984    15.2646   3.322578     0.9202     0.3705  4.6186374    94.1685     12.863    15.2628    26.1484     0.8404     14.056 0.0000e+00
       1491     12.994    15.2489   3.322297     0.9182     0.3888  4.6224664    94.1856     12.873    15.2471    26.1564     0.8370     13.997 0.0000e+00
       1492     13.003    15.2332   3.321993     0.9162     0.3705  4.6267209    94.2003     12.882    15.2314    26.1642     0.8337     13.937 0.0000e+00
       1493     13.013    15.2176   3.321669     0.9142     0.3888  4.6313457    94.2139     12.892    15.2158    26.1717     0.8304     13.878 0.0000e+00
       1494     13.023    15.2021   3.321316     0.9123     0.3888  4.6361181    94.2277     12.902    15.2003    26.1790     0.8274     13.824 0.0000e+00
       1495     13.033    15.1867   3.320936     0.9104     0.4072  4.6408165    94.2418     12.911    15.1849    26.1859     0.8243     13.769 0.0000e+00
       1496     13.043    15.1714   3.320529     0.9085     0.3888  4.6453887    94.2558     12.921    15.1696    26.1925     0.8213     13.715 0.0000e+00
       1497     13.053    15.1561   3.320099     0.9066     0.3705  4.6498664    94.2685     12.931    15.1543    26.1990     0.8183     13.662 0.0000e+00
       1498     13.063    15.1408   3.319651     0.9047     0.3888  4.6542809    94.2790     12.941    15.1390    26.2053     0.8154     13.608 0.0000e+00
       1499     13.073    15.1255   3.319192     0.9028     0.3888  4.6586627    94.2866     12.951    15.1237    26.2115     0.8124     13.554 0.0000e+00
       1500     13.083    15.1101   3.318725     0.9010     0.3888  4.6630425    94.2904     12.961    15.1083    26.2177     0.8096     13.505 0.0000e+00
       1501     13.093    15.0946   3.318254     0.8991     0.3888  4.6674506    94.2888     12.971    15.0928    26.2239     0.8067     13.452 0.0000e+00
       1502     13.104    15.0791   3.317779     0.8973     0.3888  4.6719178    94.2809     12.982    15.0773    26.2301     0.8039     13.403 0.0000e+00
       1503     13.114    15.0636   3.317301     0.8955     0.3888  4.6764751    94.2667     12.992    15.0618    26.2363     0.8012     13.354 0.0000e+00
       1504     13.124    15.0479   3.316818     0.8937     0.3705  4.6811542    94.2473     13.002    15.0461    26.2426     0.7985     13.305 0.0000e+00
       1505     13.134    15.0322   3.316331     0.8919     0.3888  4.6859876    94.2235     13.012    15.0304    26.2488     0.7958     13.257 0.0000e+00
       1506     13.145    15.0164   3.315838     0.8901     0.4072  4.6910090    94.1958     13.022    15.0146    26.2551     0.7932     13.209 0.0000e+00
       1507     13.155    15.0006   3.315343     0.8883     0.3888  4.6962534    94.1644     13.032    14.9988    26.2613     0.7905     13.161 0.0000e+00
       1508     13.166    14.9848   3.314843     0.8866     0.3888  4.7017571    94.1290     13.043    14.9830    26.2675     0.7881     13.117 0.0000e+00
       1509     13.176    14.9691   3.314342     0.8849     0.4072  4.7075586    94.0894     13.053    14.9673    26.2737     0.7857     13.073 0.0000e+00
       1510     13.187    14.9536   3.313840     0.8832     0.3888  4.7136981    94.0458     13.064    14.9518    26.2797     0.7833     13.029 0.0000e+00
       1511     13.197    14.9382   3.313339     0.8815     0.3888  4.7202183    93.9994     13.074    14.9364    26.2856     0.7809     12.985 0.0000e+00
       1512     13.208    14.9231   3.312837     0.8798     0.4072  4.7271647    93.9513     13.085    14.9213    26.2913     0.7784     12.941 0.0000e+00
       1513     13.218    14.9082   3.312333     0.8782     0.3888  4.7345854    93.9023     13.095    14.9064    26.2969     0.7763     12.902 0.0000e+00
       1514     13.229    14.8938   3.311827     0.8765     0.4072  4.7425323    93.8537     13.106    14.8920    26.3021     0.7738     12.858 0.0000e+00
       1515     13.239    14.8796   3.311317     0.8749     0.3888  4.7510605    93.8068     13.116    14.8778    26.3072     0.7716     12.817 0.0000e+00
       1516     13.250    14.8658   3.310801     0.8733     0.3888  4.7602293    93.7629     13.126    14.8640    26.3120     0.7693     12.777 0.0000e+00
       1517     13.261    14.8522   3.310278     0.8717     0.3888  4.7701026    93.7220     13.137    14.8504    26.3165     0.7671     12.736 0.0000e+00
       1518     13.272    14.8389   3.309748     0.8702     0.4072  4.7807491    93.6828     13.148    14.8371    26.3208     0.7650     12.699 0.0000e+00
       1519     13.282    14.8258   3.309216     0.8686     0.4621  4.7919030    93.6437     13.158    14.8240    26.3249     0.7627     12.658 0.0000e+00
       1520     13.293    14.8129   3.308689     0.8671     0.4804  4.8028774    93.6034     13.169    14.8111    26.3290     0.7607     12.621 0.0000e+00
       1521     13.304    14.8001   3.308170     0.8656     0.4804  4.8132392    93.5619     13.180    14.7983    26.3330     0.7586     12.583 0.0000e+00
       1522     13.315    14.7874   3.307663     0.8641     0.4987  4.8229754    93.5193     13.191    14.7856    26.3371     0.7565     12.546 0.0000e+00
       1523     13.326    14.7747   3.307171     0.8626     0.4987  4.8321537    93.4762     13.202    14.7729    26.3414     0.7544     12.508 0.0000e+00
       1524     13.337    14.7619   3.306692     0.8612     0.4804  4.8408380    93.4337     13.213    14.7601    26.3458     0.7525     12.473 0.0000e+00
       1525     13.348    14.7489   3.306230     0.8597     0.4804  4.8490888    93.3930     13.224    14.7471    26.3505     0.7503     12.434 0.0000e+00
       1526     13.359    14.7356   3.305788     0.8583     0.4804  4.8569634    93.3555     13.234    14.7338    26.3555     0.7483     12.398 0.0000e+00
       1527     13.370    14.7220   3.305368     0.8569     0.4987  4.8645166    93.3213     13.245    14.7202    26.3610     0.7463     12.362 0.0000e+00
       1528     13.381    14.7082   3.304974     0.8555     0.4804  4.8718009    93.2901     13.256    14.7064    26.3669     0.7443     12.326 0.0000e+00
       1529     13.392    14.6942   3.304609     0.8542     0.4804  4.8788671    93.2612     13.267    14.6924    26.3731     0.7425     12.293 0.0000e+00
       1530     13.403    14.6799   3.304275     0.8528     0.4804  4.8857642    93.2343     13.278    14.6781    26.3798     0.7404     12.255 0.0000e+00
       1531     13.414    14.6655   3.303974     0.8515     0.4804  4.8925403    93.2092     13.289    14.6637    26.3869     0.7385     12.220 0.0000e+00
       1532     13.426    14.6510   3.303706     0.8501     0.4804  4.8992424    93.1858     13.301    14.6492    26.3944     0.7363     12.181 0.0000e+00
       1533     13.437    14.6364   3.303469     0.8488     0.4804  4.9059173    93.1636     13.312    14.6346    26.4022     0.7343     12.145 0.0000e+00
       1534     13.448    14.6216   3.303261     0.8475     0.4804  4.9126113    93.1425     13.323    14.6198    26.4103     0.7323     12.109 0.0000e+00
       1535     13.459    14.6068   3.303075     0.8462     0.4804  4.9193711    93.1222     13.333    14.6050    26.4187     0.7302     12.072 0.0000e+00
       1536     13.471    14.5920   3.302905     0.8449     0.4804  4.9262435    93.1023     13.345    14.5902    26.4273     0.7282     12.034 0.0000e+00
       1537     13.482    14.5773   3.302749     0.8436     0.4804  4.9332766    93.0823     13.356    14.5755    26.4359     0.7260     11.996 0.0000e+00
       1538     13.493    14.5627   3.302605     0.8423     0.4804  4.9405191    93.0620     13.367    14.5609    26.4445     0.7238     11.957 0.0000e+00
       1539     13.505    14.5482   3.302471     0.8410     0.4804  4.9480214    93.0412     13.379    14.5464    26.4532     0.7216     11.918 0.0000e+00
       1540     13.516    14.5339   3.302351     0.8397     0.4804  4.9558358    93.0192     13.390    14.5321    26.4618     0.7194     11.877 0.0000e+00
       1541     13.528    14.5197   3.302244     0.8384     0.4987  4.9640166    92.9963     13.402    14.5179    26.4705     0.7171     11.837 0.0000e+00
       1542     13.539    14.5056   3.302154     0.8372     0.4987  4.9726207    92.9733     13.413    14.5038    26.4793     0.7150     11.800 0.0000e+00
       1543     13.551    14.4915   3.302080     0.8359     0.4804  4.9817080    92.9516     13.425    14.4897    26.4883     0.7126     11.758 0.0000e+00
       1544     13.562    14.4776   3.302024     0.8347     0.4438  4.9911719    92.9316     13.436    14.4758    26.4973     0.7105     11.720 0.0000e+00
       1545     13.574    14.4638   3.301989     0.8334     0.3705  5.0005684    92.9130     13.447    14.4620    26.5063     0.7081     11.678 0.0000e+00
       1546     13.585    14.4502   3.301971     0.8322     0.3522  5.0094533    92.8952     13.458    14.4484    26.5155     0.7059     11.639 0.0000e+00
       1547     13.597    14.4368   3.301971     0.8310     0.3522  5.0177187    92.8784     13.470    14.4350    26.5246     0.7037     11.601 0.0000e+00
       1548     13.608    14.4237   3.301993     0.8297     0.3522  5.0254219    92.8627     13.481    14.4219    26.5337     0.7012     11.557 0.0000e+00
