data/2023/2023_wed/06CTD14.cnv
* Sea-Bird SBE 9 Data File:
* FileName = C:\Users\ctd-user\Desktop\CTD_data\2023\MAR440 Sept 2023\06CTD14.hex
* Software Version Seasave V 7.26.2.13
* Temperature SN = 4493
* Conductivity SN = 1899
* Number of Bytes Per Scan = 37
* Number of Voltage Words = 4
* Number of Scans Averaged by the Deck Unit = 1
* NMEA Latitude = 58 18.40 N
* NMEA Longitude = 011 44.36 E
* NMEA UTC (Time) = Sep 06 2023 12:11:17
* NMEA baud rate = 4800
** Ship:
** Station:
** Operator:
# nquan = 14                                
# nvalues = 2652                        
# units = specified
# name 0 = scan: Scan Count
# name 1 = prDM: Pressure, Digiquartz [db]
# name 2 = t090C: Temperature [ITS-90, deg C]
# name 3 = c0S/m: Conductivity [S/m]
# name 4 = sbeox0V: Oxygen raw, SBE 43 [V]
# name 5 = flECO-AFL: Fluorescence, WET Labs ECO-AFL/FL [mg/m^3]
# name 6 = upoly0: Upoly 0, Turbidity
# name 7 = xmiss: Beam Transmission, Chelsea/Seatech [%]
# name 8 = depSM: Depth [salt water, m], lat = 58.3067
# name 9 = potemp090C: Potential Temperature [ITS-90, deg C]
# name 10 = sal00: Salinity, Practical [PSU]
# name 11 = sbeox0ML/L: Oxygen, SBE 43 [ml/l], WS = 2
# name 12 = sbeox0PS: Oxygen, SBE 43 [% saturation], WS = 2
# name 13 = flag: flag
# span 0 =          1,       2652       
# span 1 =      1.155,     39.445       
# span 2 =     7.0410,    18.5133       
# span 3 =   2.891084,   3.401055       
# span 4 =     0.6802,     2.8832       
# span 5 =     0.0958,     4.0702       
# span 6 =  4.3205991,  7.0442277       
# span 7 =    81.5266,    99.4525       
# span 8 =      1.144,     39.075       
# span 9 =     7.0381,    18.5131       
# span 10 =    20.7080,    32.3708      
# span 11 =     0.4334,     5.9201      
# span 12 =      6.317,    102.183      
# span 13 = 0.0000e+00, 0.0000e+00      
# interval = seconds: 0.0416667
# start_time = Sep 06 2023 12:11:17 [NMEA time, header]
# bad_flag = -9.990e-29
*END*
[from data line 310]
        311      1.277    18.5006   2.899121     2.8821     3.9236  4.7237920    81.8560      1.265    18.5004    20.7671     5.9191    102.171 -9.990e-29
        312      1.277    18.5010   2.899133     2.8821     3.9236  4.7225079    81.8653      1.265    18.5008    20.7670     5.9188    102.167 -9.990e-29
        313      1.276    18.5014   2.899146     2.8821     3.9236  4.7213261    81.8742      1.264    18.5012    20.7669     5.9185    102.162 -9.990e-29
        314      1.275    18.5019   2.899160     2.8822     3.9236  4.7202384    81.8827      1.263    18.5017    20.7668     5.9185    102.163 -9.990e-29
        315      1.274    18.5024   2.899176     2.8822     3.9236  4.7192372    81.8907      1.262    18.5022    20.7667     5.9182    102.158 -9.990e-29
        316      1.273    18.5029   2.899193     2.8822     3.9236  4.7183155    81.8983      1.261    18.5027    20.7665     5.9179    102.155 -9.990e-29
        317      1.272    18.5034   2.899211     2.8823     3.9236  4.7174669    81.9055      1.260    18.5032    20.7664     5.9179    102.155 -9.990e-29
        318      1.271    18.5039   2.899229     2.8823     3.9236  4.7166855    81.9125      1.259    18.5037    20.7663     5.9176    102.151 -9.990e-29
        319      1.270    18.5045   2.899249     2.8823     3.9236  4.7159659    81.9195      1.258    18.5043    20.7662     5.9173    102.148 -9.990e-29
        320      1.269    18.5050   2.899270     2.8823     3.9236  4.7153031    81.9269      1.257    18.5048    20.7661     5.9171    102.145 -9.990e-29
        321      1.268    18.5055   2.899293     2.8823     3.9236  4.7146925    81.9350      1.256    18.5053    20.7660     5.9169    102.142 -9.990e-29
        322      1.267    18.5060   2.899315     2.8823     3.9236  4.7141297    81.9437      1.255    18.5058    20.7659     5.9167    102.139 -9.990e-29
        323      1.266    18.5065   2.899340     2.8822     3.9236  4.7136110    81.9528      1.254    18.5063    20.7659     5.9162    102.132 -9.990e-29
        324      1.265    18.5069   2.899367     2.8822     3.9236  4.7131327    81.9620      1.253    18.5067    20.7659     5.9160    102.130 -9.990e-29
        325      1.263    18.5072   2.899394     2.8822     3.9236  4.7126914    81.9713      1.251    18.5070    20.7660     5.9159    102.128 -9.990e-29
        326      1.262    18.5075   2.899422     2.8822     3.9236  4.7122841    81.9804      1.250    18.5073    20.7660     5.9158    102.126 -9.990e-29
        327      1.261    18.5078   2.899451     2.8822     3.9236  4.7119080    81.9887      1.249    18.5076    20.7661     5.9157    102.125 -9.990e-29
        328      1.260    18.5081   2.899481     2.8822     3.9236  4.7115605    81.9959      1.248    18.5079    20.7662     5.9156    102.125 -9.990e-29
        329      1.259    18.5083   2.899509     2.8822     3.9236  4.7112390    82.0018      1.247    18.5081    20.7663     5.9155    102.124 -9.990e-29
        330      1.257    18.5085   2.899538     2.8822     3.9236  4.7109415    82.0062      1.245    18.5083    20.7665     5.9155    102.124 -9.990e-29
        331      1.256    18.5087   2.899566     2.8822     3.9236  4.7106657    82.0085      1.244    18.5085    20.7666     5.9154    102.124 -9.990e-29
        332      1.255    18.5088   2.899594     2.8823     3.9236  4.7104099    82.0090      1.243    18.5086    20.7667     5.9157    102.128 -9.990e-29
        333      1.253    18.5090   2.899623     2.8823     3.9420  4.7101722    82.0081      1.241    18.5088    20.7669     5.9157    102.129 -9.990e-29
        334      1.252    18.5091   2.899650     2.8823     3.9603  4.7099510    82.0061      1.240    18.5089    20.7670     5.9158    102.130 -9.990e-29
        335      1.251    18.5091   2.899675     2.8823     3.9786  4.7097447    82.0035      1.239    18.5089    20.7672     5.9158    102.131 -9.990e-29
        336      1.249    18.5092   2.899699     2.8823     3.9786  4.7095519    82.0009      1.237    18.5090    20.7674     5.9159    102.132 -9.990e-29
        337      1.248    18.5093   2.899722     2.8823     3.9603  4.7093712    81.9987      1.236    18.5091    20.7675     5.9159    102.134 -9.990e-29
        338      1.247    18.5094   2.899742     2.8823     3.9603  4.7092015    81.9971      1.235    18.5092    20.7676     5.9160    102.135 -9.990e-29
        339      1.245    18.5095   2.899761     2.8823     3.9786  4.7090415    81.9960      1.233    18.5093    20.7677     5.9161    102.137 -9.990e-29
        340      1.244    18.5096   2.899778     2.8823     3.9786  4.7088900    81.9953      1.232    18.5094    20.7678     5.9162    102.139 -9.990e-29
        341      1.242    18.5097   2.899793     2.8823     3.9786  4.7087462    81.9941      1.230    18.5095    20.7679     5.9163    102.140 -9.990e-29
        342      1.241    18.5097   2.899807     2.8823     3.9786  4.7086088    81.9924      1.229    18.5095    20.7680     5.9164    102.142 -9.990e-29
        343      1.239    18.5098   2.899819     2.8823     3.9786  4.7084771    81.9903      1.227    18.5096    20.7680     5.9165    102.144 -9.990e-29
        344      1.238    18.5098   2.899830     2.8824     3.9786  4.7083501    81.9883      1.226    18.5096    20.7681     5.9168    102.150 -9.990e-29
        345      1.236    18.5099   2.899840     2.8824     3.9786  4.7082268    81.9867      1.225    18.5097    20.7681     5.9169    102.151 -9.990e-29
        346      1.234    18.5100   2.899849     2.8824     3.9603  4.7081065    81.9854      1.223    18.5098    20.7682     5.9169    102.153 -9.990e-29
        347      1.233    18.5101   2.899857     2.8824     3.9786  4.7079883    81.9845      1.222    18.5099    20.7682     5.9170    102.154 -9.990e-29
        348      1.231    18.5102   2.899866     2.8825     3.9786  4.7078713    81.9840      1.220    18.5100    20.7682     5.9173    102.159 -9.990e-29
        349      1.230    18.5103   2.899874     2.8825     3.9786  4.7077549    81.9841      1.219    18.5101    20.7682     5.9173    102.159 -9.990e-29
        350      1.228    18.5104   2.899883     2.8826     3.9786  4.7076380    81.9844      1.217    18.5102    20.7682     5.9175    102.163 -9.990e-29
        351      1.226    18.5105   2.899891     2.8826     3.9603  4.7075200    81.9846      1.215    18.5103    20.7682     5.9175    102.163 -9.990e-29
        352      1.225    18.5106   2.899899     2.8827     3.9786  4.7074001    81.9844      1.214    18.5104    20.7683     5.9177    102.166 -9.990e-29
        353      1.223    18.5107   2.899907     2.8827     3.9786  4.7072773    81.9838      1.212    18.5105    20.7683     5.9176    102.166 -9.990e-29
        354      1.221    18.5108   2.899915     2.8828     3.9969  4.7071509    81.9827      1.210    18.5106    20.7683     5.9177    102.168 -9.990e-29
        355      1.219    18.5108   2.899921     2.8828     3.9786  4.7070199    81.9809      1.208    18.5106    20.7683     5.9176    102.166 -9.990e-29
        356      1.218    18.5109   2.899928     2.8829     3.9603  4.7068834    81.9782      1.207    18.5107    20.7683     5.9177    102.169 -9.990e-29
        357      1.216    18.5110   2.899934     2.8829     3.9786  4.7067406    81.9745      1.205    18.5108    20.7683     5.9176    102.167 -9.990e-29
        358      1.214    18.5111   2.899939     2.8830     3.9786  4.7065903    81.9701      1.203    18.5109    20.7683     5.9177    102.168 -9.990e-29
        359      1.212    18.5111   2.899945     2.8830     3.9603  4.7064316    81.9660      1.201    18.5109    20.7684     5.9175    102.165 -9.990e-29
        360      1.210    18.5112   2.899951     2.8830     3.9603  4.7062633    81.9632      1.199    18.5110    20.7684     5.9173    102.162 -9.990e-29
        361      1.209    18.5112   2.899957     2.8831     3.9603  4.7060844    81.9621      1.198    18.5110    20.7684     5.9173    102.162 -9.990e-29
        362      1.207    18.5112   2.899963     2.8831     3.9603  4.7058934    81.9628      1.196    18.5110    20.7685     5.9171    102.158 -9.990e-29
        363      1.205    18.5113   2.899969     2.8831     3.9603  4.7056892    81.9650      1.194    18.5111    20.7685     5.9168    102.153 -9.990e-29
        364      1.203    18.5113   2.899974     2.8832     3.9603  4.7054702    81.9683      1.192    18.5111    20.7685     5.9167    102.152 -9.990e-29
        365      1.202    18.5113   2.899979     2.8832     3.9603  4.7052350    81.9721      1.191    18.5111    20.7685     5.9165    102.147 -9.990e-29
        366      1.200    18.5113   2.899982     2.8832     3.9603  4.7049819    81.9758      1.189    18.5111    20.7686     5.9161    102.142 -9.990e-29
        367      1.198    18.5113   2.899986     2.8832     3.9603  4.7047092    81.9788      1.187    18.5111    20.7686     5.9158    102.136 -9.990e-29
        368      1.197    18.5112   2.899988     2.8832     3.9420  4.7044150    81.9813      1.186    18.5110    20.7687     5.9155    102.130 -9.990e-29
        369      1.195    18.5112   2.899991     2.8832     3.9420  4.7040122    81.9833      1.184    18.5110    20.7687     5.9151    102.124 -9.990e-29
        370      1.193    18.5111   2.899994     2.8832     3.9603  4.7034132    81.9852      1.182    18.5109    20.7688     5.9148    102.118 -9.990e-29
        371      1.192    18.5110   2.899995     2.8832     3.9603  4.7026987    81.9871      1.181    18.5108    20.7688     5.9144    102.112 -9.990e-29
        372      1.190    18.5110   2.899997     2.8832     3.9420  4.7019487    81.9890      1.179    18.5108    20.7688     5.9140    102.105 -9.990e-29
        373      1.189    18.5109   2.899998     2.8831     3.9603  4.7011579    81.9912      1.178    18.5107    20.7689     5.9134    102.095 -9.990e-29
        374      1.187    18.5108   2.900000     2.8831     3.9603  4.7003209    81.9937      1.176    18.5106    20.7690     5.9131    102.088 -9.990e-29
        375      1.186    18.5108   2.900000     2.8831     3.9603  4.6994318    81.9968      1.175    18.5106    20.7690     5.9127    102.082 -9.990e-29
        376      1.185    18.5107   2.900001     2.8830     3.9603  4.6984845    82.0006      1.174    18.5105    20.7690     5.9121    102.071 -9.990e-29
        377      1.183    18.5107   2.900001     2.8830     3.9603  4.6974724    82.0058      1.172    18.5105    20.7690     5.9117    102.065 -9.990e-29
        378      1.182    18.5107   2.899998     2.8829     3.9420  4.6963883    82.0129      1.171    18.5105    20.7690     5.9111    102.054 -9.990e-29
        379      1.181    18.5107   2.899997     2.8828     3.9603  4.6952249    82.0221      1.170    18.5105    20.7690     5.9105    102.044 -9.990e-29
        380      1.180    18.5107   2.899995     2.8828     3.9603  4.6939739    82.0331      1.169    18.5105    20.7690     5.9102    102.038 -9.990e-29
        381      1.178    18.5108   2.899992     2.8827     3.9603  4.6926268    82.0455      1.167    18.5106    20.7689     5.9096    102.029 -9.990e-29
        382      1.177    18.5108   2.899990     2.8826     3.9603  4.6911740    82.0586      1.166    18.5106    20.7689     5.9091    102.019 -9.990e-29
        383      1.176    18.5109   2.899986     2.8825     3.9603  4.6896056    82.0713      1.165    18.5107    20.7688     5.9085    102.010 -9.990e-29
        384      1.175    18.5110   2.899983     2.8824     3.8504  4.6879105    82.0831      1.164    18.5108    20.7687     5.9080    102.001 -9.990e-29
        385      1.174    18.5111   2.899980     2.8823     3.7588  4.6861620    82.0933      1.163    18.5109    20.7687     5.9075    101.992 -9.990e-29
        386      1.174    18.5112   2.899978     2.8822     3.7222  4.6845178    82.1017      1.163    18.5110    20.7686     5.9070    101.984 -9.990e-29
        387      1.173    18.5113   2.899976     2.8821     3.7405  4.6830513    82.1083      1.162    18.5111    20.7685     5.9065    101.976 -9.990e-29
        388      1.172    18.5114   2.899974     2.8820     3.7405  4.6817524    82.1128      1.161    18.5112    20.7685     5.9060    101.967 -9.990e-29
        389      1.171    18.5116   2.899974     2.8820     3.7405  4.6806120    82.1155      1.160    18.5114    20.7684     5.9058    101.964 -9.990e-29
        390      1.170    18.5117   2.899974     2.8819     3.7405  4.6796222    82.1164      1.159    18.5115    20.7683     5.9054    101.957 -9.990e-29
        391      1.169    18.5119   2.899974     2.8818     3.7405  4.6787761    82.1155      1.158    18.5117    20.7682     5.9050    101.951 -9.990e-29
        392      1.169    18.5121   2.899977     2.8817     3.7405  4.6780678    82.1130      1.158    18.5119    20.7681     5.9046    101.944 -9.990e-29
        393      1.168    18.5122   2.899979     2.8816     3.7405  4.6774924    82.1091      1.157    18.5120    20.7681     5.9042    101.938 -9.990e-29
        394      1.167    18.5124   2.899984     2.8815     3.7405  4.6770459    82.1040      1.156    18.5122    20.7680     5.9039    101.932 -9.990e-29
        395      1.167    18.5126   2.899990     2.8814     3.7405  4.6767252    82.0982      1.156    18.5124    20.7680     5.9035    101.926 -9.990e-29
        396      1.166    18.5127   2.899996     2.8813     3.7405  4.6765280    82.0919      1.155    18.5125    20.7680     5.9032    101.921 -9.990e-29
        397      1.166    18.5128   2.900004     2.8812     3.7405  4.6764531    82.0857      1.155    18.5126    20.7680     5.9029    101.916 -9.990e-29
        398      1.165    18.5129   2.900013     2.8811     3.7405  4.6764997    82.0796      1.154    18.5127    20.7680     5.9026    101.911 -9.990e-29
        399      1.165    18.5130   2.900021     2.8810     3.7405  4.6766684    82.0735      1.154    18.5128    20.7680     5.9023    101.907 -9.990e-29
        400      1.164    18.5131   2.900031     2.8809     3.7405  4.6769602    82.0675      1.153    18.5129    20.7681     5.9021    101.903 -9.990e-29
        401      1.164    18.5132   2.900040     2.8808     3.7405  4.6773772    82.0614      1.153    18.5130    20.7681     5.9018    101.898 -9.990e-29
        402      1.163    18.5132   2.900049     2.8807     3.7405  4.6779223    82.0555      1.152    18.5130    20.7681     5.9016    101.894 -9.990e-29
        403      1.163    18.5132   2.900059     2.8806     3.7405  4.6785993    82.0502      1.152    18.5130    20.7682     5.9013    101.890 -9.990e-29
        404      1.163    18.5133   2.900068     2.8805     3.7405  4.6794128    82.0459      1.152    18.5131    20.7682     5.9011    101.886 -9.990e-29
        405      1.162    18.5133   2.900077     2.8805     3.7405  4.6803686    82.0424      1.151    18.5131    20.7683     5.9011    101.887 -9.990e-29
        406      1.162    18.5133   2.900084     2.8804     3.7405  4.6814733    82.0393      1.151    18.5131    20.7684     5.9009    101.883 -9.990e-29
        407      1.162    18.5133   2.900092     2.8803     3.7405  4.6827346    82.0364      1.151    18.5131    20.7684     5.9007    101.879 -9.990e-29
        408      1.162    18.5133   2.900100     2.8802     3.7405  4.6841613    82.0340      1.151    18.5131    20.7685     5.9005    101.876 -9.990e-29
        409      1.162    18.5133   2.900106     2.8801     3.7588  4.6857632    82.0321      1.151    18.5131    20.7685     5.9003    101.872 -9.990e-29
        410      1.162    18.5132   2.900111     2.8800     3.7954  4.6874666    82.0313      1.151    18.5130    20.7686     5.9000    101.868 -9.990e-29
        411      1.162    18.5132   2.900116     2.8799     3.8138  4.6891135    82.0320      1.151    18.5130    20.7687     5.8998    101.864 -9.990e-29
        412      1.162    18.5131   2.900120     2.8798     3.8138  4.6906303    82.0343      1.151    18.5129    20.7688     5.8996    101.860 -9.990e-29
