data/2023/2023_wed/06CTD05.cnv
* Sea-Bird SBE 9 Data File:
* FileName = C:\Users\ctd-user\Desktop\CTD_data\2023\MAR440 Sept 2023\06CTD05.hex
* Software Version Seasave V 7.26.2.13
* Temperature SN = 4493
* Conductivity SN = 1899
* Number of Bytes Per Scan = 37
* Number of Voltage Words = 4
* Number of Scans Averaged by the Deck Unit = 1
* NMEA Latitude = 58 19.57 N
* NMEA Longitude = 011 50.80 E
* NMEA UTC (Time) = Sep 06 2023 09:53:54
* NMEA baud rate = 4800
** Ship:
** Station:
** Operator:
# nquan = 14                                
# nvalues = 1540                        
# units = specified
# name 0 = scan: Scan Count
# name 1 = prDM: Pressure, Digiquartz [db]
# name 2 = t090C: Temperature [ITS-90, deg C]
# name 3 = c0S/m: Conductivity [S/m]
# name 4 = sbeox0V: Oxygen raw, SBE 43 [V]
# name 5 = flECO-AFL: Fluorescence, WET Labs ECO-AFL/FL [mg/m^3]
# name 6 = upoly0: Upoly 0, Turbidity
# name 7 = xmiss: Beam Transmission, Chelsea/Seatech [%]
# name 8 = depSM: Depth [salt water, m], lat = 58.3262
# name 9 = potemp090C: Potential Temperature [ITS-90, deg C]
# name 10 = sal00: Salinity, Practical [PSU]
# name 11 = sbeox0ML/L: Oxygen, SBE 43 [ml/l], WS = 2
# name 12 = sbeox0PS: Oxygen, SBE 43 [% saturation], WS = 2
# name 13 = flag: flag
# span 0 =          1,       1540       
# span 1 =      1.017,     12.793       
# span 2 =    14.1706,    18.4300       
# span 3 =   2.037871,   3.299451       
# span 4 =     1.0956,     2.8862       
# span 5 =     0.2790,     7.4768       
# span 6 =  4.7268080,  5.3882369       
# span 7 =    65.7445,    91.7976       
# span 8 =      1.008,     12.674       
# span 9 =    14.1689,    18.4298       
# span 10 =    14.2492,    26.6360      
# span 11 =     1.2320,     6.2519      
# span 12 =     20.653,    103.044      
# span 13 = 0.0000e+00, 0.0000e+00      
# interval = seconds: 0.0416667
# start_time = Sep 06 2023 09:53:54 [NMEA time, header]
# bad_flag = -9.990e-29
*END*
          1      1.092    18.1735   2.215950     2.2549     7.2020  5.3882369    65.7445      1.082    18.1733    15.5901     4.5201     75.162 -9.990e-29
          2      1.093    18.1734   2.215669     2.2536     7.1837  5.3879474    65.7624      1.083    18.1732    15.5880     4.5168     75.106 -9.990e-29
          3      1.095    18.1734   2.215363     2.2524     7.1837  5.3876328    65.7818      1.085    18.1732    15.5856     4.5138     75.054 -9.990e-29
          4      1.096    18.1733   2.215030     2.2511     7.1837  5.3872909    65.8025      1.086    18.1731    15.5831     4.5105     74.999 -9.990e-29
          5      1.097    18.1733   2.214671     2.2499     7.1837  5.3869192    65.8249      1.087    18.1731    15.5804     4.5075     74.947 -9.990e-29
          6      1.098    18.1733   2.214282     2.2488     7.1837  5.3865152    65.8488      1.088    18.1731    15.5774     4.5047     74.900 -9.990e-29
          7      1.099    18.1733   2.213864     2.2476     7.1837  5.3860760    65.8738      1.089    18.1731    15.5742     4.5017     74.848 -9.990e-29
          8      1.100    18.1733   2.213416     2.2465     7.1837  5.3855987    65.8995      1.090    18.1731    15.5707     4.4989     74.801 -9.990e-29
          9      1.101    18.1733   2.212938     2.2454     7.2020  5.3850799    65.9258      1.091    18.1731    15.5670     4.4962     74.754 -9.990e-29
         10      1.102    18.1733   2.212429     2.2444     7.1837  5.3845159    65.9530      1.092    18.1731    15.5631     4.4937     74.711 -9.990e-29
         11      1.103    18.1734   2.211892     2.2435     7.1837  5.3839029    65.9818      1.093    18.1732    15.5590     4.4915     74.672 -9.990e-29
         12      1.104    18.1734   2.211327     2.2425     7.1837  5.3832366    66.0123      1.094    18.1732    15.5546     4.4890     74.629 -9.990e-29
         13      1.104    18.1735   2.210736     2.2416     7.1837  5.3825124    66.0448      1.094    18.1733    15.5500     4.4868     74.591 -9.990e-29
         14      1.105    18.1735   2.210121     2.2408     7.1837  5.3817252    66.0789      1.095    18.1733    15.5453     4.4849     74.556 -9.990e-29
         15      1.106    18.1736   2.209484     2.2400     7.1837  5.3808695    66.1142      1.096    18.1734    15.5404     4.4829     74.522 -9.990e-29
         16      1.107    18.1737   2.208828     2.2393     7.1837  5.3799394    66.1501      1.097    18.1735    15.5353     4.4812     74.492 -9.990e-29
         17      1.108    18.1737   2.208153     2.2387     7.1837  5.3789285    66.1863      1.098    18.1735    15.5301     4.4798     74.466 -9.990e-29
         18      1.109    18.1738   2.207463     2.2382     7.1837  5.3778297    66.2223      1.099    18.1736    15.5248     4.4787     74.445 -9.990e-29
         19      1.110    18.1739   2.206760     2.2377     7.1837  5.3766352    66.2580      1.100    18.1737    15.5193     4.4775     74.423 -9.990e-29
         20      1.111    18.1740   2.206045     2.2373     7.1837  5.3753370    66.2931      1.101    18.1738    15.5138     4.4766     74.406 -9.990e-29
         21      1.112    18.1741   2.205322     2.2370     7.2020  5.3739258    66.3274      1.102    18.1739    15.5082     4.4760     74.393 -9.990e-29
         22      1.113    18.1742   2.204593     2.2368     7.1837  5.3723919    66.3607      1.103    18.1740    15.5026     4.4756     74.384 -9.990e-29
         23      1.114    18.1743   2.203859     2.2367     7.1837  5.3707247    66.3935      1.104    18.1741    15.4969     4.4755     74.380 -9.990e-29
         24      1.115    18.1743   2.203123     2.2367     7.1837  5.3689974    66.4264      1.105    18.1741    15.4912     4.4757     74.380 -9.990e-29
         25      1.116    18.1744   2.202388     2.2368     7.1837  5.3673679    66.4599      1.106    18.1742    15.4855     4.5370     75.397 -9.990e-29
         26      1.117    18.1745   2.201657     2.2371     7.2020  5.3659099    66.4939      1.107    18.1743    15.4799     4.5525     75.652 -9.990e-29
         27      1.118    18.1745   2.200930     2.2374     7.1837  5.3646132    66.5282      1.108    18.1743    15.4743     4.5687     75.918 -9.990e-29
         28      1.119    18.1746   2.200211     2.2379     7.1837  5.3634687    66.5620      1.109    18.1744    15.4687     4.5861     76.206 -9.990e-29
         29      1.120    18.1746   2.199501     2.2384     7.1837  5.3624685    66.5948      1.110    18.1744    15.4633     4.6043     76.505 -9.990e-29
         30      1.121    18.1746   2.198803     2.2392     7.1837  5.3616056    66.6260      1.111    18.1744    15.4579     4.6239     76.828 -9.990e-29
         31      1.122    18.1746   2.198117     2.2401     7.1837  5.3608741    66.6556      1.112    18.1744    15.4527     4.6444     77.168 -9.990e-29
         32      1.123    18.1746   2.197445     2.2411     7.1837  5.3602689    66.6830      1.113    18.1744    15.4475     4.6659     77.522 -9.990e-29
         33      1.125    18.1745   2.196786     2.2424     7.1837  5.3597857    66.7081      1.115    18.1743    15.4425     4.6887     77.898 -9.990e-29
         34      1.126    18.1745   2.196142     2.2438     7.2020  5.3594212    66.7308      1.116    18.1743    15.4375     4.7123     78.288 -9.990e-29
         35      1.127    18.1744   2.195510     2.2454     7.1837  5.3591728    66.7515      1.117    18.1742    15.4327     4.7370     78.695 -9.990e-29
         36      1.128    18.1743   2.194891     2.2473     7.1837  5.3590388    66.7706      1.118    18.1741    15.4280     4.7629     79.123 -9.990e-29
         37      1.130    18.1742   2.194284     2.2494     7.1837  5.3590183    66.7882      1.119    18.1740    15.4234     4.7896     79.565 -9.990e-29
         38      1.131    18.1740   2.193687     2.2517     7.1837  5.3591112    66.8048      1.120    18.1738    15.4189     4.8172     80.022 -9.990e-29
         39      1.132    18.1739   2.193098     2.2543     7.1837  5.3593181    66.8208      1.121    18.1737    15.4144     4.8459     80.495 -9.990e-29
         40      1.134    18.1737   2.192515     2.2573     7.1837  5.3596404    66.8367      1.123    18.1735    15.4100     4.8757     80.989 -9.990e-29
         41      1.135    18.1735   2.191937     2.2605     7.1837  5.3600803    66.8526      1.124    18.1733    15.4056     4.9062     81.493 -9.990e-29
         42      1.136    18.1733   2.191359     2.2640     7.1654  5.3606410    66.8689      1.125    18.1731    15.4012     4.9376     82.011 -9.990e-29
         43      1.138    18.1730   2.190782     2.2679     7.1837  5.3613263    66.8858      1.127    18.1728    15.3969     4.9699     82.545 -9.990e-29
         44      1.140    18.1728   2.190202     2.2721     7.1837  5.3621410    66.9035      1.129    18.1726    15.3925     5.0029     83.091 -9.990e-29
         45      1.141    18.1725   2.189616     2.2767     7.2020  5.3630908    66.9219      1.130    18.1723    15.3882     5.0368     83.651 -9.990e-29
         46      1.143    18.1722   2.189024     2.2815     7.1837  5.3641822    66.9410      1.132    18.1720    15.3837     5.0709     84.215 -9.990e-29
         47      1.145    18.1719   2.188422     2.2868     7.1837  5.3654230    66.9609      1.134    18.1717    15.3792     5.1060     84.795 -9.990e-29
         48      1.146    18.1716   2.187812     2.2923     7.1837  5.3668216    66.9814      1.135    18.1714    15.3746     5.1412     85.377 -9.990e-29
         49      1.148    18.1712   2.187192     2.2982     7.3119  5.3683878    67.0024      1.137    18.1710    15.3700     5.1770     85.968 -9.990e-29
         50      1.150    18.1708   2.186560     2.3043     7.4401  5.3700476    67.0236      1.139    18.1706    15.3653     5.2128     86.559 -9.990e-29
         51      1.151    18.1705   2.185920     2.3107     7.4768  5.3716427    67.0454      1.140    18.1703    15.3605     5.2487     87.153 -9.990e-29
         52      1.153    18.1701   2.185272     2.3174     7.4768  5.3730992    67.0680      1.142    18.1699    15.3557     5.2847     87.748 -9.990e-29
         53      1.155    18.1696   2.184615     2.3243     7.4768  5.3744272    67.0921      1.144    18.1694    15.3508     5.3205     88.339 -9.990e-29
         54      1.156    18.1692   2.183954     2.3315     7.4584  5.3756360    67.1179      1.145    18.1690    15.3459     5.3563     88.928 -9.990e-29
         55      1.158    18.1688   2.183293     2.3389     7.4584  5.3767340    67.1455      1.147    18.1686    15.3410     5.3916     89.512 -9.990e-29
         56      1.160    18.1683   2.182631     2.3464     7.4584  5.3777288    67.1750      1.149    18.1681    15.3361     5.4264     90.085 -9.990e-29
         57      1.161    18.1678   2.181972     2.3541     7.4584  5.3786274    67.2068      1.150    18.1676    15.3312     5.4606     90.650 -9.990e-29
         58      1.163    18.1673   2.181321     2.3620     7.4584  5.3794360    67.2412      1.152    18.1671    15.3264     5.4943     91.207 -9.990e-29
         59      1.165    18.1669   2.180680     2.3700     7.4584  5.3801601    67.2780      1.154    18.1667    15.3216     5.5272     91.750 -9.990e-29
         60      1.167    18.1664   2.180050     2.3781     7.4584  5.3808050    67.3174      1.156    18.1662    15.3170     5.5593     92.278 -9.990e-29
         61      1.169    18.1659   2.179436     2.3862     7.4584  5.3813750    67.3587      1.158    18.1657    15.3125     5.5902     92.789 -9.990e-29
         62      1.170    18.1654   2.178839     2.3945     7.4768  5.3818740    67.4014      1.159    18.1652    15.3081     5.6206     93.288 -9.990e-29
         63      1.172    18.1649   2.178261     2.4027     7.4584  5.3823057    67.4449      1.161    18.1647    15.3038     5.6494     93.764 -9.990e-29
         64      1.174    18.1645   2.177705     2.4110     7.4768  5.3826730    67.4891      1.163    18.1643    15.2997     5.6774     94.225 -9.990e-29
         65      1.176    18.1640   2.177171     2.4194     7.4584  5.3829784    67.5334      1.165    18.1638    15.2958     5.7045     94.671 -9.990e-29
         66      1.178    18.1636   2.176661     2.4277     7.4584  5.3832241    67.5773      1.167    18.1634    15.2920     5.7301     95.095 -9.990e-29
         67      1.180    18.1631   2.176174     2.4360     7.4584  5.3834117    67.6204      1.169    18.1629    15.2885     5.7547     95.499 -9.990e-29
         68      1.181    18.1627   2.175712     2.4443     7.4584  5.3835426    67.6630      1.170    18.1625    15.2851     5.7782     95.886 -9.990e-29
         69      1.183    18.1623   2.175272     2.4526     7.4768  5.3836177    67.7056      1.172    18.1621    15.2818     5.8005     96.255 -9.990e-29
         70      1.185    18.1618   2.174854     2.4608     7.4584  5.3836376    67.7486      1.174    18.1616    15.2788     5.8217     96.603 -9.990e-29
         71      1.187    18.1614   2.174459     2.4689     7.4768  5.3836022    67.7916      1.176    18.1612    15.2759     5.8416     96.931 -9.990e-29
         72      1.188    18.1611   2.174084     2.4771     7.4584  5.3835115    67.8343      1.177    18.1609    15.2732     5.8608     97.248 -9.990e-29
         73      1.190    18.1607   2.173728     2.4851     7.4584  5.3833648    67.8758      1.179    18.1605    15.2706     5.8787     97.542 -9.990e-29
         74      1.192    18.1603   2.173389     2.4931     7.4401  5.3831610    67.9161      1.181    18.1601    15.2681     5.8958     97.823 -9.990e-29
         75      1.194    18.1599   2.173068     2.5010     7.3486  5.3828987    67.9559      1.183    18.1597    15.2658     5.9118     98.087 -9.990e-29
         76      1.195    18.1596   2.172761     2.5088     7.2753  5.3825762    67.9966      1.184    18.1594    15.2636     5.9268     98.334 -9.990e-29
         77      1.197    18.1592   2.172467     2.5165     7.2570  5.3821911    68.0390      1.186    18.1590    15.2614     5.9410     98.567 -9.990e-29
         78      1.198    18.1589   2.172184     2.5241     7.2753  5.3817408    68.0830      1.187    18.1587    15.2594     5.9543     98.785 -9.990e-29
         79      1.200    18.1586   2.171910     2.5316     7.2753  5.3812222    68.1283      1.189    18.1584    15.2574     5.9667     98.991 -9.990e-29
         80      1.201    18.1582   2.171643     2.5390     7.2753  5.3806316    68.1746      1.190    18.1580    15.2555     5.9785     99.184 -9.990e-29
         81      1.203    18.1579   2.171382     2.5463     7.2753  5.3799649    68.2213      1.192    18.1577    15.2536     5.9895     99.365 -9.990e-29
         82      1.204    18.1576   2.171123     2.5535     7.2936  5.3792176    68.2680      1.193    18.1574    15.2517     5.9999     99.536 -9.990e-29
         83      1.205    18.1572   2.170866     2.5606     7.2753  5.3783843    68.3146      1.194    18.1570    15.2499     6.0097     99.697 -9.990e-29
         84      1.207    18.1569   2.170606     2.5675     7.2753  5.3774594    68.3609      1.196    18.1567    15.2480     6.0187     99.844 -9.990e-29
         85      1.208    18.1565   2.170343     2.5744     7.2753  5.3764363    68.4066      1.197    18.1563    15.2461     6.0275     99.987 -9.990e-29
         86      1.209    18.1562   2.170074     2.5811     7.2753  5.3753080    68.4511      1.198    18.1560    15.2442     6.0355    100.118 -9.990e-29
         87      1.210    18.1559   2.169796     2.5877     7.2753  5.3740666    68.4945      1.199    18.1557    15.2422     6.0430    100.242 -9.990e-29
         88      1.211    18.1555   2.169508     2.5942     7.2753  5.3727035    68.5369      1.200    18.1553    15.2401     6.0502    100.359 -9.990e-29
         89      1.213    18.1551   2.169205     2.6006     7.2753  5.3712091    68.5787      1.202    18.1549    15.2379     6.0570    100.470 -9.990e-29
         90      1.214    18.1547   2.168889     2.6069     7.2753  5.3695732    68.6208      1.203    18.1545    15.2357     6.0635    100.575 -9.990e-29
         91      1.215    18.1543   2.168555     2.6131     7.2936  5.3677842    68.6640      1.204    18.1541    15.2332     6.0696    100.674 -9.990e-29
         92      1.216    18.1539   2.168201     2.6191     7.2753  5.3658298    68.7090      1.205    18.1537    15.2307     6.0752    100.764 -9.990e-29
         93      1.216    18.1535   2.167824     2.6250     7.2753  5.3636964    68.7562      1.205    18.1533    15.2279     6.0805    100.850 -9.990e-29
         94      1.217    18.1530   2.167425     2.6309     7.2753  5.3613691    68.8062      1.206    18.1528    15.2250     6.0858    100.936 -9.990e-29
         95      1.218    18.1525   2.166997     2.6366     7.2753  5.3588318    68.8593      1.207    18.1523    15.2219     6.0907    101.013 -9.990e-29
         96      1.219    18.1519   2.166539     2.6422     7.2753  5.3560667    68.9152      1.208    18.1517    15.2187     6.0953    101.087 -9.990e-29
         97      1.220    18.1514   2.166051     2.6477     7.2753  5.3530547    68.9732      1.209    18.1512    15.2151     6.0997    101.157 -9.990e-29
         98      1.220    18.1507   2.165525     2.6531     7.2753  5.3497748    69.0326      1.209    18.1505    15.2113     6.1040    101.224 -9.990e-29
         99      1.221    18.1501   2.164963     2.6584     7.2753  5.3462042    69.0928      1.210    18.1499    15.2072     6.1081    101.288 -9.990e-29
        100      1.222    18.1494   2.164359     2.6636     6.9823  5.3424029    69.1534      1.211    18.1492    15.2028     6.1120    101.349 -9.990e-29
        101      1.222    18.1486   2.163709     2.6686     6.5427  5.3385995    69.2146      1.211    18.1484    15.1982     6.1155    101.404 -9.990e-29
        102      1.223    18.1477   2.163012     2.6736     6.4145  5.3350221    69.2770      1.212    18.1475    15.1931     6.1192    101.460 -9.990e-29
        103      1.224    18.1468   2.162262     2.6785     6.4328  5.3317309    69.3412      1.213    18.1466    15.1877     6.1228    101.513 -9.990e-29
