data/2023/2023_wed/06CTD08.cnv
* Sea-Bird SBE 9 Data File:
* FileName = C:\Users\ctd-user\Desktop\CTD_data\2023\MAR440 Sept 2023\06CTD08.hex
* Software Version Seasave V 7.26.2.13
* Temperature SN = 4493
* Conductivity SN = 1899
* Number of Bytes Per Scan = 37
* Number of Voltage Words = 4
* Number of Scans Averaged by the Deck Unit = 1
* NMEA Latitude = 58 19.15 N
* NMEA Longitude = 011 48.63 E
* NMEA UTC (Time) = Sep 06 2023 10:12:09
* NMEA baud rate = 4800
** Ship:
** Station:
** Operator:
# nquan = 14                                
# nvalues = 2155                        
# units = specified
# name 0 = scan: Scan Count
# name 1 = prDM: Pressure, Digiquartz [db]
# name 2 = t090C: Temperature [ITS-90, deg C]
# name 3 = c0S/m: Conductivity [S/m]
# name 4 = sbeox0V: Oxygen raw, SBE 43 [V]
# name 5 = flECO-AFL: Fluorescence, WET Labs ECO-AFL/FL [mg/m^3]
# name 6 = upoly0: Upoly 0, Turbidity
# name 7 = xmiss: Beam Transmission, Chelsea/Seatech [%]
# name 8 = depSM: Depth [salt water, m], lat = 58.3192
# name 9 = potemp090C: Potential Temperature [ITS-90, deg C]
# name 10 = sal00: Salinity, Practical [PSU]
# name 11 = sbeox0ML/L: Oxygen, SBE 43 [ml/l], WS = 2
# name 12 = sbeox0PS: Oxygen, SBE 43 [% saturation], WS = 2
# name 13 = flag: flag
# span 0 =          1,       2155       
# span 1 =      1.325,     26.467       
# span 2 =     7.1866,    18.4328       
# span 3 =   2.651867,   3.402846       
# span 4 =     0.8558,     2.7856       
# span 5 =     0.1324,     4.0885       
# span 6 =  4.4419425,  5.4962413       
# span 7 =    69.4748,    98.1854       
# span 8 =      1.313,     26.219       
# span 9 =     7.1843,    18.4324       
# span 10 =    18.8633,    31.9191      
# span 11 =     0.8508,     5.7436      
# span 12 =     14.007,     98.485      
# span 13 = 0.0000e+00, 0.0000e+00      
# interval = seconds: 0.0416667
# start_time = Sep 06 2023 10:12:09 [NMEA time, header]
# bad_flag = -9.990e-29
*END*
          1      1.459    18.4214   2.681836     2.3757     3.6855  5.0502154    78.2559      1.445    18.4212    19.0992     4.7089     80.351 -9.990e-29
          2      1.458    18.4214   2.681974     2.3759     3.6855  5.0502615    78.2590      1.444    18.4212    19.1003     4.7093     80.360 -9.990e-29
          3      1.458    18.4214   2.682119     2.3760     3.6855  5.0503116    78.2622      1.444    18.4212    19.1015     4.7096     80.364 -9.990e-29
          4      1.458    18.4214   2.682265     2.3762     3.6855  5.0503661    78.2654      1.444    18.4212    19.1026     4.7100     80.373 -9.990e-29
          5      1.458    18.4214   2.682410     2.3764     3.6855  5.0504254    78.2691      1.444    18.4212    19.1037     4.7105     80.381 -9.990e-29
          6      1.458    18.4214   2.682551     2.3767     3.6855  5.0504897    78.2734      1.444    18.4212    19.1048     4.7112     80.394 -9.990e-29
          7      1.458    18.4213   2.682689     2.3770     3.6855  5.0505597    78.2782      1.444    18.4211    19.1060     4.7120     80.407 -9.990e-29
          8      1.458    18.4213   2.682820     2.3774     3.6672  5.0506358    78.2830      1.444    18.4211    19.1070     4.7129     80.424 -9.990e-29
          9      1.459    18.4213   2.682944     2.3778     3.6855  5.0507184    78.2873      1.445    18.4211    19.1080     4.7139     80.441 -9.990e-29
         10      1.459    18.4213   2.683061     2.3782     3.6855  5.0508083    78.2910      1.445    18.4211    19.1089     4.7149     80.459 -9.990e-29
         11      1.459    18.4213   2.683170     2.3786     3.6855  5.0509060    78.2938      1.445    18.4211    19.1097     4.7159     80.476 -9.990e-29
         12      1.460    18.4213   2.683270     2.3792     3.6855  5.0510122    78.2958      1.446    18.4211    19.1105     4.7174     80.502 -9.990e-29
         13      1.460    18.4213   2.683361     2.3797     3.6855  5.0511276    78.2971      1.446    18.4211    19.1112     4.7186     80.523 -9.990e-29
         14      1.460    18.4213   2.683445     2.3803     3.6855  5.0512530    78.2975      1.446    18.4211    19.1119     4.7201     80.549 -9.990e-29
         15      1.461    18.4213   2.683520     2.3809     3.6855  5.0513894    78.2971      1.447    18.4211    19.1125     4.7216     80.575 -9.990e-29
         16      1.461    18.4213   2.683587     2.3816     3.6855  5.0515376    78.2958      1.447    18.4211    19.1130     4.7234     80.605 -9.990e-29
         17      1.462    18.4213   2.683647     2.3824     3.6672  5.0516987    78.2939      1.448    18.4211    19.1135     4.7254     80.639 -9.990e-29
         18      1.462    18.4213   2.683700     2.3832     3.6855  5.0518738    78.2915      1.448    18.4211    19.1139     4.7274     80.673 -9.990e-29
         19      1.463    18.4213   2.683745     2.3840     3.6672  5.0520641    78.2889      1.449    18.4211    19.1142     4.7294     80.708 -9.990e-29
         20      1.463    18.4213   2.683782     2.3849     3.6306  5.0522710    78.2860      1.449    18.4211    19.1145     4.7316     80.746 -9.990e-29
         21      1.464    18.4213   2.683811     2.3858     3.5940  5.0524958    78.2827      1.450    18.4211    19.1147     4.7339     80.785 -9.990e-29
         22      1.465    18.4213   2.683834     2.3868     3.5940  5.0527402    78.2791      1.451    18.4211    19.1149     4.7364     80.828 -9.990e-29
         23      1.465    18.4213   2.683852     2.3877     3.5940  5.0530059    78.2756      1.451    18.4211    19.1151     4.7386     80.867 -9.990e-29
         24      1.466    18.4213   2.683867     2.3888     3.5940  5.0532947    78.2724      1.452    18.4211    19.1152     4.7414     80.914 -9.990e-29
         25      1.466    18.4213   2.683881     2.3898     3.5940  5.0536086    78.2697      1.452    18.4211    19.1153     4.8437     82.659 -9.990e-29
         26      1.467    18.4213   2.683896     2.3909     3.5940  5.0539498    78.2676      1.453    18.4211    19.1154     4.8500     82.768 -9.990e-29
         27      1.467    18.4213   2.683915     2.3920     3.5940  5.0543206    78.2661      1.453    18.4211    19.1155     4.8564     82.876 -9.990e-29
         28      1.468    18.4213   2.683938     2.3932     3.5940  5.0547237    78.2649      1.454    18.4211    19.1157     4.8629     82.988 -9.990e-29
         29      1.468    18.4213   2.683968     2.3944     3.5940  5.0551619    78.2643      1.454    18.4211    19.1160     4.8695     83.100 -9.990e-29
         30      1.469    18.4213   2.684007     2.3956     3.5940  5.0556381    78.2643      1.455    18.4211    19.1163     4.8760     83.211 -9.990e-29
         31      1.469    18.4213   2.684055     2.3969     3.5940  5.0561558    78.2654      1.455    18.4211    19.1166     4.8828     83.327 -9.990e-29
         32      1.470    18.4213   2.684114     2.3982     3.5940  5.0567185    78.2670      1.456    18.4211    19.1171     4.8895     83.443 -9.990e-29
         33      1.470    18.4213   2.684185     2.3995     3.5940  5.0573301    78.2691      1.456    18.4211    19.1177     4.8963     83.559 -9.990e-29
         34      1.471    18.4213   2.684269     2.4009     3.5940  5.0579948    78.2713      1.457    18.4211    19.1183     4.9034     83.680 -9.990e-29
         35      1.471    18.4213   2.684363     2.4023     3.5940  5.0587174    78.2735      1.457    18.4211    19.1191     4.9105     83.801 -9.990e-29
         36      1.472    18.4213   2.684468     2.4037     3.5940  5.0595029    78.2754      1.458    18.4211    19.1199     4.9176     83.923 -9.990e-29
         37      1.472    18.4213   2.684583     2.4052     3.5940  5.0603566    78.2769      1.458    18.4211    19.1208     4.9250     84.050 -9.990e-29
         38      1.472    18.4214   2.684705     2.4066     3.5940  5.0612846    78.2781      1.458    18.4212    19.1217     4.9322     84.173 -9.990e-29
         39      1.473    18.4214   2.684835     2.4081     3.5940  5.0622932    78.2789      1.459    18.4212    19.1227     4.9398     84.303 -9.990e-29
         40      1.473    18.4214   2.684969     2.4097     3.5940  5.0633896    78.2792      1.459    18.4212    19.1237     4.9477     84.438 -9.990e-29
         41      1.473    18.4214   2.685108     2.4113     3.5940  5.0645813    78.2791      1.459    18.4212    19.1248     4.9557     84.576 -9.990e-29
         42      1.473    18.4214   2.685250     2.4129     3.5940  5.0658766    78.2784      1.459    18.4212    19.1259     4.9638     84.715 -9.990e-29
         43      1.473    18.4214   2.685392     2.4145     3.5940  5.0672846    78.2774      1.459    18.4212    19.1271     4.9721     84.858 -9.990e-29
         44      1.473    18.4215   2.685535     2.4162     3.5940  5.0688150    78.2760      1.459    18.4213    19.1281     4.9809     85.007 -9.990e-29
         45      1.473    18.4215   2.685677     2.4180     3.5757  5.0704785    78.2740      1.459    18.4213    19.1292     4.9900     85.164 -9.990e-29
         46      1.473    18.4215   2.685818     2.4197     3.5757  5.0722017    78.2718      1.459    18.4213    19.1303     4.9991     85.320 -9.990e-29
         47      1.473    18.4216   2.685957     2.4216     3.5757  5.0738267    78.2696      1.459    18.4214    19.1314     5.0089     85.488 -9.990e-29
         48      1.473    18.4216   2.686091     2.4234     3.5757  5.0752799    78.2678      1.459    18.4214    19.1324     5.0187     85.655 -9.990e-29
         49      1.472    18.4216   2.686222     2.4253     3.5757  5.0765714    78.2662      1.458    18.4214    19.1335     5.0289     85.830 -9.990e-29
         50      1.472    18.4217   2.686350     2.4273     3.5573  5.0777101    78.2644      1.458    18.4215    19.1344     5.0396     86.014 -9.990e-29
         51      1.472    18.4217   2.686474     2.4292     3.5757  5.0787041    78.2620      1.458    18.4215    19.1354     5.0503     86.196 -9.990e-29
         52      1.472    18.4218   2.686597     2.4312     3.5757  5.0795602    78.2589      1.458    18.4216    19.1363     5.0614     86.386 -9.990e-29
         53      1.472    18.4218   2.686716     2.4333     3.5757  5.0802844    78.2552      1.458    18.4216    19.1372     5.0730     86.585 -9.990e-29
         54      1.472    18.4219   2.686831     2.4354     3.5757  5.0808816    78.2508      1.458    18.4217    19.1381     5.0848     86.786 -9.990e-29
         55      1.472    18.4219   2.686942     2.4375     3.5757  5.0813561    78.2459      1.458    18.4217    19.1389     5.0967     86.991 -9.990e-29
         56      1.472    18.4220   2.687049     2.4397     3.5757  5.0817112    78.2407      1.458    18.4218    19.1397     5.1091     87.203 -9.990e-29
         57      1.472    18.4220   2.687149     2.4420     3.5757  5.0819494    78.2358      1.458    18.4218    19.1405     5.1219     87.422 -9.990e-29
         58      1.471    18.4220   2.687245     2.4444     3.5757  5.0820722    78.2315      1.457    18.4218    19.1413     5.1351     87.648 -9.990e-29
         59      1.471    18.4221   2.687335     2.4468     3.5757  5.0820805    78.2281      1.457    18.4219    19.1419     5.1485     87.876 -9.990e-29
         60      1.471    18.4221   2.687420     2.4494     3.5757  5.0819745    78.2257      1.457    18.4219    19.1426     5.1624     88.114 -9.990e-29
         61      1.470    18.4222   2.687499     2.4520     3.5757  5.0817533    78.2245      1.456    18.4220    19.1432     5.1764     88.353 -9.990e-29
         62      1.470    18.4222   2.687573     2.4547     3.5573  5.0814155    78.2243      1.456    18.4220    19.1437     5.1907     88.598 -9.990e-29
         63      1.469    18.4222   2.687643     2.4576     3.5757  5.0809586    78.2252      1.455    18.4220    19.1443     5.2055     88.851 -9.990e-29
         64      1.469    18.4223   2.687708     2.4606     3.5757  5.0803796    78.2275      1.455    18.4221    19.1448     5.2206     89.109 -9.990e-29
         65      1.468    18.4223   2.687769     2.4637     3.5757  5.0796743    78.2313      1.454    18.4221    19.1452     5.2359     89.371 -9.990e-29
         66      1.468    18.4223   2.687826     2.4669     3.5757  5.0788379    78.2366      1.454    18.4221    19.1457     5.2514     89.636 -9.990e-29
         67      1.467    18.4223   2.687879     2.4702     3.5757  5.0778645    78.2433      1.453    18.4221    19.1461     5.2671     89.904 -9.990e-29
         68      1.467    18.4223   2.687930     2.4737     3.5757  5.0767474    78.2512      1.453    18.4221    19.1465     5.2832     90.179 -9.990e-29
         69      1.466    18.4223   2.687977     2.4773     3.5573  5.0754788    78.2602      1.452    18.4221    19.1469     5.2994     90.455 -9.990e-29
         70      1.465    18.4223   2.688023     2.4810     3.5757  5.0740499    78.2701      1.451    18.4221    19.1472     5.3157     90.733 -9.990e-29
         71      1.465    18.4223   2.688067     2.4849     3.6855  5.0724507    78.2805      1.451    18.4221    19.1476     5.3323     91.016 -9.990e-29
         72      1.464    18.4223   2.688109     2.4888     3.7588  5.0707550    78.2909      1.450    18.4221    19.1479     5.3486     91.296 -9.990e-29
         73      1.463    18.4223   2.688149     2.4929     3.7771  5.0691210    78.3010      1.449    18.4221    19.1482     5.3652     91.579 -9.990e-29
         74      1.462    18.4223   2.688188     2.4971     3.7771  5.0676222    78.3102      1.448    18.4221    19.1485     5.3818     91.862 -9.990e-29
         75      1.461    18.4223   2.688223     2.5013     3.7771  5.0662482    78.3184      1.447    18.4221    19.1488     5.3980     92.140 -9.990e-29
         76      1.460    18.4223   2.688254     2.5056     3.7771  5.0649894    78.3252      1.446    18.4221    19.1490     5.4142     92.415 -9.990e-29
         77      1.459    18.4223   2.688282     2.5101     3.7771  5.0638371    78.3308      1.445    18.4221    19.1492     5.4305     92.693 -9.990e-29
         78      1.458    18.4223   2.688303     2.5145     3.7954  5.0627832    78.3351      1.444    18.4221    19.1494     5.4461     92.961 -9.990e-29
         79      1.457    18.4223   2.688319     2.5190     3.7588  5.0618205    78.3382      1.443    18.4221    19.1495     5.4616     93.226 -9.990e-29
         80      1.456    18.4223   2.688329     2.5236     3.7771  5.0609422    78.3402      1.442    18.4221    19.1496     5.4769     93.487 -9.990e-29
         81      1.455    18.4224   2.688334     2.5282     3.7588  5.0601421    78.3408      1.441    18.4222    19.1496     5.4918     93.740 -9.990e-29
         82      1.454    18.4224   2.688332     2.5328     3.7588  5.0594149    78.3403      1.440    18.4222    19.1496     5.5062     93.986 -9.990e-29
         83      1.453    18.4224   2.688326     2.5375     3.7771  5.0587553    78.3387      1.439    18.4222    19.1495     5.5203     94.228 -9.990e-29
         84      1.452    18.4224   2.688317     2.5421     3.7771  5.0581588    78.3361      1.439    18.4222    19.1495     5.5337     94.457 -9.990e-29
         85      1.451    18.4225   2.688306     2.5468     3.7954  5.0576212    78.3327      1.438    18.4223    19.1493     5.5469     94.682 -9.990e-29
         86      1.449    18.4225   2.688292     2.5515     3.7588  5.0571389    78.3285      1.436    18.4223    19.1492     5.5596     94.899 -9.990e-29
         87      1.448    18.4226   2.688277     2.5561     3.7771  5.0567084    78.3238      1.435    18.4224    19.1491     5.5716     95.103 -9.990e-29
         88      1.447    18.4226   2.688262     2.5608     3.7588  5.0563268    78.3186      1.434    18.4224    19.1489     5.5833     95.302 -9.990e-29
         89      1.446    18.4227   2.688250     2.5654     3.7588  5.0559914    78.3130      1.433    18.4225    19.1488     5.5943     95.490 -9.990e-29
         90      1.445    18.4227   2.688239     2.5700     3.7771  5.0556998    78.3070      1.432    18.4225    19.1487     5.6048     95.669 -9.990e-29
         91      1.443    18.4228   2.688232     2.5746     3.7771  5.0554501    78.3008      1.430    18.4226    19.1486     5.6149     95.842 -9.990e-29
         92      1.442    18.4229   2.688228     2.5792     3.7771  5.0552405    78.2945      1.429    18.4227    19.1485     5.6245     96.006 -9.990e-29
         93      1.441    18.4230   2.688231     2.5837     3.7588  5.0550695    78.2885      1.428    18.4228    19.1485     5.6334     96.159 -9.990e-29
         94      1.440    18.4231   2.688237     2.5881     3.7588  5.0549360    78.2829      1.427    18.4229    19.1485     5.6418     96.301 -9.990e-29
         95      1.438    18.4231   2.688247     2.5925     3.7771  5.0548391    78.2777      1.425    18.4229    19.1486     5.6497     96.436 -9.990e-29
         96      1.437    18.4232   2.688262     2.5968     3.7771  5.0547779    78.2732      1.424    18.4230    19.1487     5.6570     96.562 -9.990e-29
         97      1.435    18.4233   2.688281     2.6011     3.8138  5.0547522    78.2695      1.422    18.4231    19.1488     5.6640     96.681 -9.990e-29
         98      1.434    18.4234   2.688303     2.6053     3.8138  5.0547618    78.2664      1.421    18.4232    19.1489     5.6704     96.791 -9.990e-29
         99      1.433    18.4235   2.688328     2.6094     3.8138  5.0548067    78.2640      1.420    18.4233    19.1491     5.6763     96.892 -9.990e-29
        100      1.431    18.4236   2.688354     2.6135     3.8138  5.0548872    78.2621      1.418    18.4234    19.1492     5.6820     96.989 -9.990e-29
        101      1.430    18.4236   2.688377     2.6175     3.8138  5.0550039    78.2602      1.417    18.4234    19.1494     5.6871     97.077 -9.990e-29
        102      1.428    18.4237   2.688396     2.6215     3.8138  5.0551576    78.2582      1.415    18.4235    19.1495     5.6920     97.161 -9.990e-29
        103      1.427    18.4238   2.688409     2.6254     3.8321  5.0553494    78.2559      1.414    18.4236    19.1495     5.6965     97.238 -9.990e-29
