data/2023/2023_wed/06CTD10.cnv
* Sea-Bird SBE 9 Data File:
* FileName = C:\Users\ctd-user\Desktop\CTD_data\2023\MAR440 Sept 2023\06CTD10.hex
* Software Version Seasave V 7.26.2.13
* Temperature SN = 4493
* Conductivity SN = 1899
* Number of Bytes Per Scan = 37
* Number of Voltage Words = 4
* Number of Scans Averaged by the Deck Unit = 1
* NMEA Latitude = 58 18.98 N
* NMEA Longitude = 011 47.45 E
* NMEA UTC (Time) = Sep 06 2023 10:36:51
* NMEA baud rate = 4800
** Ship:
** Station:
** Operator:
# nquan = 14                                
# nvalues = 4686                        
# units = specified
# name 0 = scan: Scan Count
# name 1 = prDM: Pressure, Digiquartz [db]
# name 2 = t090C: Temperature [ITS-90, deg C]
# name 3 = c0S/m: Conductivity [S/m]
# name 4 = sbeox0V: Oxygen raw, SBE 43 [V]
# name 5 = flECO-AFL: Fluorescence, WET Labs ECO-AFL/FL [mg/m^3]
# name 6 = upoly0: Upoly 0, Turbidity
# name 7 = xmiss: Beam Transmission, Chelsea/Seatech [%]
# name 8 = depSM: Depth [salt water, m], lat = 58.3163
# name 9 = potemp090C: Potential Temperature [ITS-90, deg C]
# name 10 = sal00: Salinity, Practical [PSU]
# name 11 = sbeox0ML/L: Oxygen, SBE 43 [ml/l], WS = 2
# name 12 = sbeox0PS: Oxygen, SBE 43 [% saturation], WS = 2
# name 13 = flag: flag
# span 0 =          1,       4686       
# span 1 =     -0.100,     38.513       
# span 2 =     7.0530,    18.4302       
# span 3 =   0.022585,   3.423582       
# span 4 =     0.6378,     2.9558       
# span 5 =    -0.1606,     3.7405       
# span 6 =  4.0477461,  10.951074       
# span 7 =    70.0449,    99.5097       
# span 8 =     -0.099,     38.152       
# span 9 =     7.0501,    18.4298       
# span 10 =     0.1287,    32.3706      
# span 11 =     0.3421,     7.1749      
# span 12 =      4.987,    106.973      
# span 13 = 0.0000e+00, 0.0000e+00      
# interval = seconds: 0.0416667
# start_time = Sep 06 2023 10:36:51 [NMEA time, header]
# bad_flag = -9.990e-29
*END*
[from data line 310]
        311     -0.091    17.0264   0.022911     2.8585    -0.0507  4.9449845    97.1321     -0.090    17.0264     0.1304     6.8284    101.101 -9.990e-29
        312     -0.092    17.0266   0.022921     2.8585    -0.0690  4.9417532    97.1321     -0.091    17.0266     0.1305     6.8283    101.101 -9.990e-29
        313     -0.092    17.0267   0.022932     2.8585    -0.0690  4.9384505    97.1320     -0.091    17.0267     0.1306     6.8283    101.100 -9.990e-29
        314     -0.093    17.0268   0.022945     2.8585    -0.0690  4.9350536    97.1319     -0.092    17.0268     0.1306     6.8282    101.100 -9.990e-29
        315     -0.094    17.0269   0.022958     2.8585    -0.0690  4.9315387    97.1317     -0.093    17.0269     0.1307     6.8282    101.099 -9.990e-29
        316     -0.094    17.0270   0.022973     2.8585    -0.0690  4.9278814    97.1314     -0.093    17.0270     0.1308     6.8281    101.099 -9.990e-29
        317     -0.095    17.0271   0.022990     2.8585    -0.0690  4.9240564    97.1312     -0.094    17.0271     0.1309     6.8281    101.099 -9.990e-29
        318     -0.095    17.0273   0.023008     2.8585    -0.0507  4.9200369    97.1309     -0.094    17.0273     0.1310     6.8281    101.099 -9.990e-29
        319     -0.095    17.0274   0.023027     2.8586    -0.0690  4.9157950    97.1305     -0.094    17.0274     0.1311     6.8283    101.103 -9.990e-29
        320     -0.095    17.0275   0.023046     2.8586    -0.0690  4.9113012    97.1301     -0.094    17.0275     0.1312     6.8283    101.103 -9.990e-29
        321     -0.096    17.0277   0.023067     2.8585    -0.0690  4.9065243    97.1297     -0.095    17.0277     0.1313     6.8279    101.098 -9.990e-29
        322     -0.096    17.0278   0.023088     2.8585    -0.0690  4.9014309    97.1293     -0.095    17.0278     0.1314     6.8279    101.098 -9.990e-29
        323     -0.096    17.0279   0.023110     2.8585    -0.0690  4.8959858    97.1290     -0.095    17.0279     0.1316     6.8279    101.098 -9.990e-29
        324     -0.096    17.0281   0.023132     2.8585    -0.0507  4.8901510    97.1288     -0.095    17.0281     0.1317     6.8278    101.097 -9.990e-29
        325     -0.096    17.0282   0.023153     2.8585    -0.0690  4.8838858    97.1287     -0.095    17.0282     0.1318     6.8278    101.097 -9.990e-29
        326     -0.096    17.0284   0.023174     2.8585    -0.0690  4.8771468    97.1287     -0.095    17.0284     0.1319     6.8277    101.097 -9.990e-29
        327     -0.096    17.0285   0.023192     2.8585    -0.0690  4.8698871    97.1289     -0.095    17.0285     0.1320     6.8277    101.096 -9.990e-29
        328     -0.096    17.0286   0.023208     2.8585    -0.0690  4.8620561    97.1293     -0.095    17.0286     0.1321     6.8276    101.096 -9.990e-29
        329     -0.097    17.0288   0.023222     2.8585    -0.0873  4.8537692    97.1299     -0.096    17.0288     0.1322     6.8276    101.096 -9.990e-29
        330     -0.097    17.0289   0.023235     2.8585    -0.0873  4.8454785    97.1307     -0.096    17.0289     0.1323     6.8275    101.095 -9.990e-29
        331     -0.097    17.0290   0.023246     2.8585    -0.0873  4.8376358    97.1317     -0.096    17.0290     0.1323     6.8275    101.095 -9.990e-29
        332     -0.097    17.0292   0.023256     2.8585    -0.0873  4.8303566    97.1329     -0.096    17.0292     0.1324     6.8274    101.094 -9.990e-29
        333     -0.097    17.0293   0.023262     2.8585    -0.0873  4.8235902    97.1344     -0.096    17.0293     0.1324     6.8274    101.094 -9.990e-29
        334     -0.097    17.0294   0.023267     2.8585    -0.0873  4.8172895    97.1361     -0.096    17.0294     0.1325     6.8273    101.093 -9.990e-29
        335     -0.097    17.0296   0.023271     2.8585    -0.0873  4.8114106    97.1380     -0.096    17.0296     0.1325     6.8273    101.093 -9.990e-29
        336     -0.097    17.0297   0.023274     2.8585    -0.0873  4.8059128    97.1401     -0.096    17.0297     0.1325     6.8273    101.093 -9.990e-29
        337     -0.097    17.0299   0.023277     2.8585    -0.0873  4.8007576    97.1424     -0.096    17.0299     0.1325     6.8273    101.093 -9.990e-29
        338     -0.097    17.0300   0.023278     2.8585    -0.0873  4.7959094    97.1449     -0.096    17.0300     0.1325     6.8272    101.093 -9.990e-29
        339     -0.097    17.0302   0.023279     2.8585    -0.0873  4.7913343    97.1476     -0.096    17.0302     0.1325     6.8272    101.093 -9.990e-29
        340     -0.097    17.0303   0.023280     2.8585    -0.0873  4.7870005    97.1506     -0.096    17.0303     0.1325     6.8272    101.093 -9.990e-29
        341     -0.098    17.0304   0.023282     2.8585    -0.0873  4.7828778    97.1537     -0.097    17.0304     0.1325     6.8272    101.093 -9.990e-29
        342     -0.098    17.0306   0.023284     2.8585    -0.0873  4.7789377    97.1569     -0.097    17.0306     0.1326     6.8271    101.093 -9.990e-29
        343     -0.098    17.0307   0.023287     2.8585    -0.0873  4.7751527    97.1602     -0.097    17.0307     0.1326     6.8271    101.093 -9.990e-29
        344     -0.098    17.0309   0.023292     2.8585    -0.0873  4.7714964    97.1636     -0.097    17.0309     0.1326     6.8271    101.094 -9.990e-29
        345     -0.098    17.0310   0.023295     2.8585    -0.0873  4.7679434    97.1669     -0.097    17.0310     0.1326     6.8272    101.095 -9.990e-29
        346     -0.097    17.0311   0.023300     2.8585    -0.0873  4.7644690    97.1700     -0.096    17.0311     0.1326     6.8272    101.095 -9.990e-29
        347     -0.097    17.0313   0.023305     2.8585    -0.0873  4.7610490    97.1730     -0.096    17.0313     0.1327     6.8272    101.095 -9.990e-29
        348     -0.098    17.0314   0.023310     2.8585    -0.0873  4.7576597    97.1760     -0.097    17.0314     0.1327     6.8272    101.096 -9.990e-29
        349     -0.098    17.0316   0.023315     2.8585    -0.0873  4.7542775    97.1787     -0.097    17.0316     0.1327     6.8272    101.096 -9.990e-29
        350     -0.098    17.0317   0.023319     2.8585    -0.0873  4.7508787    97.1813     -0.097    17.0317     0.1327     6.8272    101.096 -9.990e-29
        351     -0.098    17.0318   0.023322     2.8585    -0.0873  4.7474399    97.1836     -0.097    17.0318     0.1328     6.8272    101.097 -9.990e-29
        352     -0.098    17.0320   0.023325     2.8585    -0.0873  4.7439370    97.1858     -0.097    17.0320     0.1328     6.8272    101.097 -9.990e-29
        353     -0.098    17.0321   0.023327     2.8585    -0.0873  4.7403458    97.1881     -0.097    17.0321     0.1328     6.8272    101.097 -9.990e-29
        354     -0.098    17.0323   0.023329     2.8585    -0.0873  4.7366411    97.1903     -0.097    17.0323     0.1328     6.8272    101.098 -9.990e-29
        355     -0.098    17.0324   0.023330     2.8585    -0.0873  4.7327973    97.1924     -0.097    17.0324     0.1328     6.8272    101.098 -9.990e-29
        356     -0.098    17.0326   0.023333     2.8585    -0.0873  4.7288726    97.1945     -0.097    17.0326     0.1328     6.8272    101.098 -9.990e-29
        357     -0.098    17.0327   0.023334     2.8585    -0.0873  4.7250094    97.1963     -0.097    17.0327     0.1328     6.8272    101.098 -9.990e-29
        358     -0.098    17.0329   0.023337     2.8585    -0.0873  4.7211810    97.1981     -0.097    17.0329     0.1328     6.8272    101.098 -9.990e-29
        359     -0.098    17.0330   0.023340     2.8585    -0.0873  4.7172758    97.1997     -0.097    17.0330     0.1329     6.8271    101.098 -9.990e-29
        360     -0.098    17.0332   0.023345     2.8585    -0.0873  4.7133515    97.2011     -0.097    17.0332     0.1329     6.8271    101.099 -9.990e-29
        361     -0.098    17.0333   0.023351     2.8585    -0.0873  4.7093809    97.2025     -0.097    17.0333     0.1329     6.8271    101.099 -9.990e-29
        362     -0.098    17.0335   0.023358     2.8585    -0.1057  4.7051664    97.2038     -0.097    17.0335     0.1330     6.8271    101.099 -9.990e-29
        363     -0.098    17.0336   0.023366     2.8585    -0.1057  4.7006788    97.2050     -0.097    17.0336     0.1330     6.8271    101.099 -9.990e-29
        364     -0.098    17.0338   0.023374     2.8585    -0.0873  4.6960566    97.2061     -0.097    17.0338     0.1331     6.8271    101.099 -9.990e-29
        365     -0.098    17.0339   0.023383     2.8585    -0.0873  4.6913527    97.2071     -0.097    17.0339     0.1331     6.8270    101.099 -9.990e-29
        366     -0.098    17.0341   0.023393     2.8585    -0.0873  4.6865344    97.2080     -0.097    17.0341     0.1332     6.8270    101.099 -9.990e-29
        367     -0.098    17.0342   0.023403     2.8585    -0.0873  4.6815681    97.2089     -0.097    17.0342     0.1332     6.8270    101.099 -9.990e-29
        368     -0.098    17.0344   0.023413     2.8586    -0.0873  4.6763343    97.2098     -0.097    17.0344     0.1333     6.8273    101.103 -9.990e-29
        369     -0.098    17.0346   0.023421     2.8586    -0.0873  4.6706269    97.2107     -0.097    17.0346     0.1333     6.8272    101.103 -9.990e-29
        370     -0.098    17.0347   0.023428     2.8586    -0.0873  4.6644059    97.2117     -0.097    17.0347     0.1334     6.8272    101.103 -9.990e-29
        371     -0.098    17.0349   0.023433     2.8586    -0.0873  4.6577981    97.2125     -0.097    17.0349     0.1334     6.8272    101.103 -9.990e-29
        372     -0.098    17.0350   0.023437     2.8586    -0.0873  4.6508425    97.2134     -0.097    17.0350     0.1334     6.8272    101.104 -9.990e-29
        373     -0.098    17.0352   0.023441     2.8586    -0.0873  4.6434906    97.2143     -0.097    17.0352     0.1334     6.8272    101.104 -9.990e-29
        374     -0.098    17.0353   0.023444     2.8586    -0.0873  4.6356912    97.2151     -0.097    17.0353     0.1334     6.8272    101.104 -9.990e-29
        375     -0.098    17.0355   0.023446     2.8586    -0.0873  4.6273903    97.2159     -0.097    17.0355     0.1335     6.8272    101.104 -9.990e-29
        376     -0.098    17.0357   0.023450     2.8586    -0.0873  4.6185299    97.2167     -0.097    17.0357     0.1335     6.8272    101.105 -9.990e-29
        377     -0.098    17.0358   0.023452     2.8586    -0.0873  4.6089635    97.2175     -0.097    17.0358     0.1335     6.8272    101.105 -9.990e-29
        378     -0.098    17.0360   0.023457     2.8586    -0.0873  4.5984547    97.2183     -0.097    17.0360     0.1335     6.8271    101.105 -9.990e-29
        379     -0.098    17.0362   0.023461     2.8586    -0.0873  4.5869304    97.2191     -0.097    17.0362     0.1335     6.8271    101.105 -9.990e-29
        380     -0.098    17.0363   0.023468     2.8586    -0.0873  4.5747352    97.2199     -0.097    17.0363     0.1336     6.8271    101.105 -9.990e-29
        381     -0.098    17.0365   0.023476     2.8586    -0.0873  4.5626335    97.2207     -0.097    17.0365     0.1336     6.8271    101.105 -9.990e-29
        382     -0.099    17.0367   0.023485     2.8586    -0.0873  4.5513056    97.2215     -0.098    17.0367     0.1337     6.8270    101.105 -9.990e-29
        383     -0.099    17.0368   0.023496     2.8586    -0.0873  4.5409276    97.2222     -0.098    17.0368     0.1337     6.8270    101.106 -9.990e-29
        384     -0.099    17.0370   0.023506     2.8586    -0.0873  4.5314272    97.2229     -0.098    17.0370     0.1338     6.8270    101.106 -9.990e-29
        385     -0.099    17.0372   0.023518     2.8586    -0.0873  4.5227384    97.2236     -0.098    17.0372     0.1339     6.8270    101.106 -9.990e-29
        386     -0.099    17.0373   0.023527     2.8586    -0.0873  4.5148008    97.2242     -0.098    17.0373     0.1339     6.8270    101.106 -9.990e-29
        387     -0.099    17.0375   0.023535     2.8586    -0.0873  4.5075590    97.2247     -0.098    17.0375     0.1340     6.8270    101.107 -9.990e-29
        388     -0.099    17.0376   0.023542     2.8586    -0.0873  4.5009628    97.2251     -0.098    17.0376     0.1340     6.8270    101.106 -9.990e-29
        389     -0.099    17.0378   0.023547     2.8586    -0.0873  4.4949662    97.2254     -0.098    17.0378     0.1340     6.8269    101.106 -9.990e-29
        390     -0.099    17.0380   0.023552     2.8586    -0.0873  4.4895276    97.2255     -0.098    17.0380     0.1341     6.8269    101.106 -9.990e-29
        391     -0.098    17.0381   0.023553     2.8586    -0.0873  4.4846090    97.2257     -0.097    17.0381     0.1341     6.8268    101.105 -9.990e-29
        392     -0.098    17.0383   0.023555     2.8586    -0.0873  4.4801763    97.2258     -0.097    17.0383     0.1341     6.8268    101.105 -9.990e-29
        393     -0.098    17.0384   0.023556     2.8586    -0.0873  4.4761987    97.2258     -0.097    17.0384     0.1341     6.8267    101.105 -9.990e-29
        394     -0.098    17.0386   0.023556     2.8586    -0.1057  4.4726484    97.2258     -0.097    17.0386     0.1341     6.8267    101.105 -9.990e-29
        395     -0.098    17.0388   0.023556     2.8586    -0.0873  4.4695008    97.2258     -0.097    17.0388     0.1341     6.8267    101.105 -9.990e-29
        396     -0.098    17.0389   0.023556     2.8587    -0.0873  4.4667340    97.2259     -0.097    17.0389     0.1341     6.8270    101.109 -9.990e-29
        397     -0.098    17.0391   0.023558     2.8587    -0.0873  4.4643287    97.2259     -0.097    17.0391     0.1341     6.8269    101.109 -9.990e-29
        398     -0.098    17.0392   0.023559     2.8587    -0.0873  4.4622682    97.2259     -0.097    17.0392     0.1341     6.8269    101.109 -9.990e-29
        399     -0.098    17.0394   0.023561     2.8587    -0.0873  4.4605382    97.2258     -0.097    17.0394     0.1341     6.8269    101.108 -9.990e-29
        400     -0.098    17.0395   0.023564     2.8587    -0.0873  4.4591266    97.2259     -0.097    17.0395     0.1341     6.8268    101.108 -9.990e-29
        401     -0.098    17.0397   0.023567     2.8587    -0.0873  4.4580236    97.2259     -0.097    17.0397     0.1341     6.8268    101.108 -9.990e-29
        402     -0.098    17.0398   0.023571     2.8587    -0.0873  4.4572215    97.2261     -0.097    17.0398     0.1342     6.8268    101.108 -9.990e-29
        403     -0.098    17.0400   0.023575     2.8587    -0.0873  4.4567148    97.2263     -0.097    17.0400     0.1342     6.8267    101.108 -9.990e-29
        404     -0.098    17.0401   0.023578     2.8587    -0.0873  4.4564999    97.2268     -0.097    17.0401     0.1342     6.8267    101.107 -9.990e-29
        405     -0.098    17.0402   0.023579     2.8587    -0.0873  4.4564904    97.2274     -0.097    17.0402     0.1342     6.8267    101.107 -9.990e-29
        406     -0.098    17.0404   0.023582     2.8587    -0.1057  4.4565164    97.2282     -0.097    17.0404     0.1342     6.8266    101.107 -9.990e-29
        407     -0.098    17.0405   0.023583     2.8588    -0.1240  4.4564931    97.2291     -0.097    17.0405     0.1342     6.8269    101.111 -9.990e-29
        408     -0.098    17.0407   0.023583     2.8588    -0.1057  4.4564203    97.2302     -0.097    17.0407     0.1342     6.8268    101.111 -9.990e-29
        409     -0.098    17.0408   0.023582     2.8588    -0.1240  4.4562975    97.2314     -0.097    17.0408     0.1342     6.8268    101.110 -9.990e-29
        410     -0.098    17.0409   0.023581     2.8588    -0.1057  4.4561239    97.2328     -0.097    17.0409     0.1342     6.8267    101.110 -9.990e-29
        411     -0.098    17.0411   0.023580     2.8588    -0.1057  4.4558982    97.2342     -0.097    17.0411     0.1342     6.8267    101.110 -9.990e-29
        412     -0.098    17.0412   0.023580     2.8587    -0.1240  4.4556189    97.2358     -0.097    17.0412     0.1342     6.8264    101.105 -9.990e-29
