data/2023/2023_wed/06CTD02.cnv
* Sea-Bird SBE 9 Data File:
* FileName = C:\Users\ctd-user\Desktop\CTD_data\2023\MAR440 Sept 2023\06CTD02.hex
* Software Version Seasave V 7.26.2.13
* Temperature SN = 4493
* Conductivity SN = 1899
* Number of Bytes Per Scan = 37
* Number of Voltage Words = 4
* Number of Scans Averaged by the Deck Unit = 1
* NMEA Latitude = 58 20.31 N
* NMEA Longitude = 011 53.53 E
* NMEA UTC (Time) = Sep 06 2023 08:32:10
* NMEA baud rate = 4800
** Ship:
** Station:
** Operator:
# nquan = 14                                
# nvalues = 7520                        
# units = specified
# name 0 = scan: Scan Count
# name 1 = prDM: Pressure, Digiquartz [db]
# name 2 = t090C: Temperature [ITS-90, deg C]
# name 3 = c0S/m: Conductivity [S/m]
# name 4 = sbeox0V: Oxygen raw, SBE 43 [V]
# name 5 = flECO-AFL: Fluorescence, WET Labs ECO-AFL/FL [mg/m^3]
# name 6 = upoly0: Upoly 0, Turbidity
# name 7 = xmiss: Beam Transmission, Chelsea/Seatech [%]
# name 8 = depSM: Depth [salt water, m], lat = 58.3385
# name 9 = potemp090C: Potential Temperature [ITS-90, deg C]
# name 10 = sal00: Salinity, Practical [PSU]
# name 11 = sbeox0ML/L: Oxygen, SBE 43 [ml/l], WS = 2
# name 12 = sbeox0PS: Oxygen, SBE 43 [% saturation], WS = 2
# name 13 = flag: flag
# span 0 =          1,       7520       
# span 1 =     -0.060,     36.147       
# span 2 =     7.7468,    18.6129       
# span 3 =   0.059056,   3.374285       
# span 4 =     0.5488,     2.8477       
# span 5 =    -0.1240,     6.7991       
# span 6 =  4.3249425,  8.5051584       
# span 7 =    62.1624,    98.4203       
# span 8 =     -0.059,     35.808       
# span 9 =     7.7450,    18.6127       
# span 10 =     0.3436,    31.8568      
# span 11 =     0.1240,     6.8954      
# span 12 =      1.863,    102.145      
# span 13 = 0.0000e+00, 0.0000e+00      
# interval = seconds: 0.0416667
# start_time = Sep 06 2023 08:32:10 [NMEA time, header]
# bad_flag = -9.990e-29
*END*
[from data line 310]
        311     -0.059    16.7711   0.096918     2.7736    -0.1057  7.3331854    98.3074     -0.058    16.7711     0.5748     6.6005     97.468 -9.990e-29
        312     -0.059    16.7710   0.096791     2.7736    -0.1057  7.3323979    98.3066     -0.058    16.7710     0.5740     6.6006     97.469 -9.990e-29
        313     -0.059    16.7708   0.096660     2.7736    -0.1057  7.3315215    98.3057     -0.058    16.7708     0.5732     6.6007     97.470 -9.990e-29
        314     -0.059    16.7707   0.096525     2.7736    -0.1057  7.3305502    98.3045     -0.058    16.7707     0.5724     6.6008     97.470 -9.990e-29
        315     -0.059    16.7705   0.096393     2.7736    -0.1057  7.3294772    98.3032     -0.058    16.7705     0.5716     6.6009     97.471 -9.990e-29
        316     -0.059    16.7704   0.096264     2.7736    -0.1057  7.3282951    98.3016     -0.058    16.7704     0.5708     6.6010     97.472 -9.990e-29
        317     -0.059    16.7703   0.096133     2.7737    -0.1057  7.3269956    98.2999     -0.058    16.7703     0.5700     6.6013     97.476 -9.990e-29
        318     -0.059    16.7701   0.095999     2.7737    -0.1057  7.3255697    98.2982     -0.058    16.7701     0.5691     6.6014     97.477 -9.990e-29
        319     -0.059    16.7700   0.095860     2.7737    -0.1057  7.3240074    98.2964     -0.058    16.7700     0.5683     6.6015     97.477 -9.990e-29
        320     -0.059    16.7698   0.095721     2.7737    -0.1057  7.3222980    98.2946     -0.058    16.7698     0.5674     6.6016     97.478 -9.990e-29
        321     -0.059    16.7697   0.095583     2.7738    -0.1057  7.3204294    98.2928     -0.058    16.7697     0.5666     6.6020     97.482 -9.990e-29
        322     -0.059    16.7695   0.095449     2.7738    -0.1057  7.3183888    98.2911     -0.058    16.7695     0.5658     6.6021     97.483 -9.990e-29
        323     -0.059    16.7694   0.095322     2.7738    -0.1057  7.3161619    98.2896     -0.058    16.7694     0.5650     6.6021     97.483 -9.990e-29
        324     -0.059    16.7693   0.095205     2.7738    -0.1057  7.3137332    98.2883     -0.058    16.7693     0.5643     6.6022     97.484 -9.990e-29
        325     -0.059    16.7691   0.095097     2.7739    -0.1057  7.3110858    98.2874     -0.058    16.7691     0.5636     6.6026     97.488 -9.990e-29
        326     -0.059    16.7690   0.094997     2.7739    -0.1057  7.3082014    98.2867     -0.058    16.7690     0.5630     6.6026     97.488 -9.990e-29
        327     -0.059    16.7688   0.094906     2.7739    -0.1057  7.3050598    98.2865     -0.058    16.7688     0.5624     6.6027     97.488 -9.990e-29
        328     -0.059    16.7687   0.094820     2.7739    -0.1057  7.3017241    98.2866     -0.058    16.7687     0.5619     6.6027     97.488 -9.990e-29
        329     -0.059    16.7686   0.094741     2.7740    -0.1057  7.2984259    98.2870     -0.058    16.7686     0.5614     6.6030     97.492 -9.990e-29
        330     -0.059    16.7684   0.094669     2.7740    -0.1057  7.2953972    98.2876     -0.058    16.7684     0.5610     6.6030     97.492 -9.990e-29
        331     -0.059    16.7683   0.094603     2.7740    -0.0873  7.2927018    98.2883     -0.058    16.7683     0.5606     6.6030     97.492 -9.990e-29
        332     -0.059    16.7682   0.094546     2.7740    -0.1057  7.2903209    98.2892     -0.058    16.7682     0.5602     6.6030     97.491 -9.990e-29
        333     -0.059    16.7680   0.094497     2.7740    -0.1057  7.2882380    98.2901     -0.058    16.7680     0.5599     6.6030     97.491 -9.990e-29
        334     -0.059    16.7679   0.094458     2.7740    -0.1057  7.2864386    98.2912     -0.058    16.7679     0.5597     6.6030     97.490 -9.990e-29
        335     -0.059    16.7678   0.094430     2.7740    -0.1057  7.2849101    98.2924     -0.058    16.7678     0.5595     6.6030     97.489 -9.990e-29
        336     -0.059    16.7676   0.094417     2.7740    -0.1057  7.2836419    98.2937     -0.058    16.7676     0.5594     6.6030     97.489 -9.990e-29
        337     -0.059    16.7675   0.094419     2.7740    -0.1057  7.2826253    98.2950     -0.058    16.7675     0.5594     6.6029     97.488 -9.990e-29
        338     -0.059    16.7673   0.094439     2.7740    -0.1057  7.2818531    98.2964     -0.058    16.7673     0.5596     6.6029     97.487 -9.990e-29
        339     -0.059    16.7672   0.094478     2.7740    -0.1057  7.2813200    98.2979     -0.058    16.7672     0.5598     6.6028     97.486 -9.990e-29
        340     -0.059    16.7670   0.094538     2.7740    -0.1057  7.2810223    98.2996     -0.058    16.7670     0.5602     6.6028     97.485 -9.990e-29
        341     -0.059    16.7669   0.094620     2.7740    -0.1057  7.2809578    98.3013     -0.058    16.7669     0.5607     6.6027     97.483 -9.990e-29
        342     -0.059    16.7667   0.094725     2.7740    -0.1057  7.2811262    98.3031     -0.058    16.7667     0.5613     6.6026     97.482 -9.990e-29
        343     -0.059    16.7666   0.094845     2.7740    -0.1057  7.2815286    98.3050     -0.058    16.7666     0.5621     6.6025     97.481 -9.990e-29
        344     -0.059    16.7664   0.094972     2.7741    -0.1057  7.2821677    98.3068     -0.058    16.7664     0.5629     6.6027     97.484 -9.990e-29
        345     -0.059    16.7663   0.095100     2.7741    -0.1057  7.2830482    98.3085     -0.058    16.7663     0.5636     6.6025     97.482 -9.990e-29
        346     -0.059    16.7661   0.095229     2.7741    -0.1057  7.2841760    98.3103     -0.058    16.7661     0.5644     6.6025     97.481 -9.990e-29
        347     -0.058    16.7659   0.095365     2.7741    -0.1057  7.2855591    98.3121     -0.057    16.7659     0.5653     6.6024     97.480 -9.990e-29
        348     -0.058    16.7658   0.095510     2.7741    -0.1057  7.2872070    98.3141     -0.057    16.7658     0.5662     6.6023     97.479 -9.990e-29
        349     -0.058    16.7656   0.095652     2.7741    -0.1057  7.2891312    98.3161     -0.057    16.7656     0.5671     6.6022     97.478 -9.990e-29
        350     -0.058    16.7655   0.095779     2.7741    -0.1057  7.2913451    98.3182     -0.057    16.7655     0.5678     6.6021     97.477 -9.990e-29
        351     -0.058    16.7653   0.095885     2.7741    -0.1057  7.2938641    98.3203     -0.057    16.7653     0.5685     6.6021     97.476 -9.990e-29
        352     -0.058    16.7651   0.095975     2.7741    -0.1057  7.2967057    98.3225     -0.057    16.7651     0.5691     6.6020     97.475 -9.990e-29
        353     -0.057    16.7649   0.096061     2.7741    -0.1057  7.2998048    98.3246     -0.056    16.7649     0.5696     6.6020     97.474 -9.990e-29
        354     -0.057    16.7648   0.096148     2.7741    -0.0873  7.3029281    98.3266     -0.056    16.7648     0.5701     6.6019     97.474 -9.990e-29
        355     -0.057    16.7646   0.096230     2.7741    -0.0873  7.3058425    98.3285     -0.056    16.7646     0.5706     6.6019     97.474 -9.990e-29
        356     -0.057    16.7644   0.096299     2.7741    -0.0873  7.3084833    98.3303     -0.056    16.7644     0.5711     6.6019     97.474 -9.990e-29
        357     -0.057    16.7642   0.096343     2.7741    -0.0873  7.3108689    98.3319     -0.056    16.7642     0.5713     6.6020     97.474 -9.990e-29
        358     -0.057    16.7641   0.096353     2.7741    -0.0873  7.3130159    98.3335     -0.056    16.7641     0.5714     6.6020     97.474 -9.990e-29
        359     -0.057    16.7639   0.096328     2.7741    -0.0873  7.3149393    98.3349     -0.056    16.7639     0.5713     6.6020     97.474 -9.990e-29
        360     -0.057    16.7637   0.096275     2.7741    -0.0873  7.3166524    98.3363     -0.056    16.7637     0.5709     6.6020     97.474 -9.990e-29
        361     -0.057    16.7636   0.096200     2.7741    -0.0690  7.3181671    98.3376     -0.056    16.7636     0.5705     6.6021     97.474 -9.990e-29
        362     -0.057    16.7634   0.096112     2.7741    -0.0873  7.3194940    98.3387     -0.056    16.7634     0.5699     6.6021     97.474 -9.990e-29
        363     -0.057    16.7632   0.096015     2.7741    -0.0690  7.3206423    98.3396     -0.056    16.7632     0.5693     6.6022     97.473 -9.990e-29
        364     -0.057    16.7631   0.095907     2.7741    -0.0873  7.3216199    98.3404     -0.056    16.7631     0.5687     6.6022     97.473 -9.990e-29
        365     -0.057    16.7629   0.095787     2.7741    -0.0873  7.3224338    98.3410     -0.056    16.7629     0.5679     6.6022     97.473 -9.990e-29
        366     -0.057    16.7627   0.095658     2.7740    -0.0690  7.3230895    98.3415     -0.056    16.7627     0.5671     6.6020     97.469 -9.990e-29
        367     -0.057    16.7626   0.095524     2.7740    -0.0690  7.3235917    98.3420     -0.056    16.7626     0.5663     6.6021     97.469 -9.990e-29
        368     -0.057    16.7624   0.095386     2.7740    -0.0873  7.3239437    98.3425     -0.056    16.7624     0.5655     6.6021     97.469 -9.990e-29
        369     -0.057    16.7623   0.095245     2.7740    -0.0690  7.3241481    98.3432     -0.056    16.7623     0.5646     6.6022     97.470 -9.990e-29
        370     -0.057    16.7621   0.095098     2.7740    -0.0690  7.3242063    98.3440     -0.056    16.7621     0.5637     6.6023     97.471 -9.990e-29
        371     -0.057    16.7620   0.094946     2.7740    -0.0690  7.3241187    98.3448     -0.056    16.7620     0.5628     6.6024     97.471 -9.990e-29
        372     -0.057    16.7618   0.094789     2.7740    -0.0690  7.3238846    98.3458     -0.056    16.7618     0.5618     6.6025     97.472 -9.990e-29
        373     -0.057    16.7617   0.094632     2.7740    -0.0690  7.3235025    98.3468     -0.056    16.7617     0.5608     6.6026     97.472 -9.990e-29
        374     -0.057    16.7615   0.094475     2.7740    -0.0690  7.3229697    98.3479     -0.056    16.7615     0.5599     6.6027     97.473 -9.990e-29
        375     -0.057    16.7614   0.094320     2.7740    -0.0873  7.3222825    98.3490     -0.056    16.7614     0.5589     6.6028     97.473 -9.990e-29
        376     -0.058    16.7613   0.094164     2.7740    -0.0690  7.3214360    98.3501     -0.057    16.7613     0.5579     6.6029     97.473 -9.990e-29
        377     -0.058    16.7611   0.094008     2.7740    -0.0690  7.3204245    98.3512     -0.057    16.7611     0.5570     6.6030     97.474 -9.990e-29
        378     -0.058    16.7610   0.093853     2.7740    -0.0873  7.3192409    98.3524     -0.057    16.7610     0.5560     6.6030     97.474 -9.990e-29
        379     -0.058    16.7609   0.093699     2.7740    -0.1057  7.3179618    98.3535     -0.057    16.7609     0.5551     6.6031     97.475 -9.990e-29
        380     -0.058    16.7607   0.093548     2.7741    -0.1057  7.3167483    98.3547     -0.057    16.7607     0.5541     6.6035     97.480 -9.990e-29
        381     -0.058    16.7606   0.093400     2.7741    -0.1057  7.3156769    98.3559     -0.057    16.7606     0.5532     6.6036     97.480 -9.990e-29
        382     -0.058    16.7605   0.093253     2.7741    -0.1057  7.3147400    98.3572     -0.057    16.7605     0.5523     6.6037     97.480 -9.990e-29
        383     -0.058    16.7604   0.093105     2.7741    -0.1057  7.3139313    98.3583     -0.057    16.7604     0.5514     6.6038     97.481 -9.990e-29
        384     -0.059    16.7602   0.092956     2.7741    -0.1057  7.3132450    98.3595     -0.058    16.7602     0.5505     6.6039     97.481 -9.990e-29
        385     -0.059    16.7601   0.092805     2.7741    -0.1057  7.3126764    98.3606     -0.058    16.7601     0.5496     6.6039     97.482 -9.990e-29
        386     -0.059    16.7600   0.092652     2.7741    -0.1240  7.3122215    98.3617     -0.058    16.7600     0.5486     6.6040     97.482 -9.990e-29
        387     -0.059    16.7599   0.092499     2.7741    -0.1057  7.3118772    98.3629     -0.058    16.7599     0.5477     6.6041     97.483 -9.990e-29
        388     -0.059    16.7597   0.092348     2.7741    -0.1057  7.3116411    98.3639     -0.058    16.7597     0.5468     6.6042     97.484 -9.990e-29
        389     -0.059    16.7596   0.092199     2.7741    -0.1057  7.3115115    98.3649     -0.058    16.7596     0.5458     6.6043     97.484 -9.990e-29
        390     -0.059    16.7595   0.092053     2.7741    -0.1057  7.3114876    98.3658     -0.058    16.7595     0.5450     6.6044     97.485 -9.990e-29
        391     -0.059    16.7594   0.091909     2.7742    -0.1057  7.3115691    98.3667     -0.058    16.7594     0.5441     6.6048     97.490 -9.990e-29
        392     -0.059    16.7593   0.091768     2.7742    -0.1057  7.3117566    98.3674     -0.058    16.7593     0.5432     6.6048     97.490 -9.990e-29
        393     -0.059    16.7591   0.091629     2.7742    -0.1057  7.3120515    98.3681     -0.058    16.7591     0.5423     6.6049     97.490 -9.990e-29
        394     -0.060    16.7590   0.091494     2.7742    -0.1057  7.3124558    98.3686     -0.059    16.7590     0.5415     6.6050     97.490 -9.990e-29
        395     -0.059    16.7589   0.091366     2.7742    -0.1057  7.3129722    98.3690     -0.058    16.7589     0.5407     6.6050     97.490 -9.990e-29
        396     -0.059    16.7588   0.091247     2.7742    -0.1057  7.3136045    98.3693     -0.058    16.7588     0.5400     6.6050     97.490 -9.990e-29
        397     -0.059    16.7586   0.091139     2.7742    -0.1057  7.3143569    98.3694     -0.058    16.7586     0.5393     6.6051     97.490 -9.990e-29
        398     -0.059    16.7585   0.091042     2.7741    -0.1057  7.3152348    98.3693     -0.058    16.7585     0.5387     6.6049     97.486 -9.990e-29
        399     -0.059    16.7584   0.090955     2.7741    -0.0873  7.3162442    98.3691     -0.058    16.7584     0.5382     6.6049     97.486 -9.990e-29
        400     -0.059    16.7582   0.090874     2.7742    -0.0873  7.3173921    98.3688     -0.058    16.7582     0.5377     6.6053     97.491 -9.990e-29
        401     -0.059    16.7581   0.090796     2.7742    -0.1057  7.3186866    98.3684     -0.058    16.7581     0.5372     6.6053     97.491 -9.990e-29
        402     -0.059    16.7580   0.090721     2.7742    -0.1057  7.3201366    98.3679     -0.058    16.7580     0.5368     6.6053     97.491 -9.990e-29
        403     -0.059    16.7578   0.090651     2.7742    -0.1057  7.3217523    98.3674     -0.058    16.7578     0.5363     6.6054     97.490 -9.990e-29
        404     -0.059    16.7577   0.090589     2.7742    -0.1057  7.3235448    98.3668     -0.058    16.7577     0.5360     6.6054     97.490 -9.990e-29
        405     -0.059    16.7575   0.090532     2.7742    -0.1057  7.3254418    98.3661     -0.058    16.7575     0.5356     6.6055     97.491 -9.990e-29
        406     -0.059    16.7574   0.090479     2.7742    -0.1057  7.3272864    98.3653     -0.058    16.7574     0.5353     6.6055     97.491 -9.990e-29
        407     -0.059    16.7573   0.090425     2.7742    -0.1057  7.3290067    98.3645     -0.058    16.7573     0.5350     6.6056     97.492 -9.990e-29
        408     -0.059    16.7571   0.090369     2.7742    -0.1057  7.3306145    98.3634     -0.058    16.7571     0.5346     6.6057     97.492 -9.990e-29
        409     -0.059    16.7570   0.090311     2.7742    -0.1057  7.3321211    98.3623     -0.058    16.7570     0.5343     6.6057     97.493 -9.990e-29
        410     -0.059    16.7568   0.090256     2.7742    -0.1057  7.3335370    98.3609     -0.058    16.7568     0.5339     6.6058     97.493 -9.990e-29
        411     -0.058    16.7566   0.090205     2.7743    -0.1057  7.3348719    98.3593     -0.057    16.7566     0.5336     6.6061     97.497 -9.990e-29
        412     -0.058    16.7565   0.090161     2.7743    -0.1057  7.3361352    98.3575     -0.057    16.7565     0.5333     6.6061     97.497 -9.990e-29
