data/2023/2023_wed/06CTD13.cnv
* Sea-Bird SBE 9 Data File:
* FileName = C:\Users\ctd-user\Desktop\CTD_data\2023\MAR440 Sept 2023\06CTD13.hex
* Software Version Seasave V 7.26.2.13
* Temperature SN = 4493
* Conductivity SN = 1899
* Number of Bytes Per Scan = 37
* Number of Voltage Words = 4
* Number of Scans Averaged by the Deck Unit = 1
* NMEA Latitude = 58 20.02 N
* NMEA Longitude = 011 42.94 E
* NMEA UTC (Time) = Sep 06 2023 11:45:17
* NMEA baud rate = 4800
** Ship:
** Station:
** Operator:
# nquan = 14                                
# nvalues = 1916                        
# units = specified
# name 0 = scan: Scan Count
# name 1 = prDM: Pressure, Digiquartz [db]
# name 2 = t090C: Temperature [ITS-90, deg C]
# name 3 = c0S/m: Conductivity [S/m]
# name 4 = sbeox0V: Oxygen raw, SBE 43 [V]
# name 5 = flECO-AFL: Fluorescence, WET Labs ECO-AFL/FL [mg/m^3]
# name 6 = upoly0: Upoly 0, Turbidity
# name 7 = xmiss: Beam Transmission, Chelsea/Seatech [%]
# name 8 = depSM: Depth [salt water, m], lat = 58.3337
# name 9 = potemp090C: Potential Temperature [ITS-90, deg C]
# name 10 = sal00: Salinity, Practical [PSU]
# name 11 = sbeox0ML/L: Oxygen, SBE 43 [ml/l], WS = 2
# name 12 = sbeox0PS: Oxygen, SBE 43 [% saturation], WS = 2
# name 13 = flag: flag
# span 0 =          1,       1916       
# span 1 =      0.051,     11.928       
# span 2 =    15.6666,    18.4363       
# span 3 =   0.055863,   3.291394       
# span 4 =     1.7393,     3.0083       
# span 5 =    -0.0873,     2.9346       
# span 6 =  4.9086709,  198.89753       
# span 7 =    76.9564,   100.0023       
# span 8 =      0.051,     11.817       
# span 9 =    15.6649,    18.4361       
# span 10 =     0.3189,    25.5528      
# span 11 =     1.8433,     7.0889      
# span 12 =     31.342,    110.141      
# span 13 = 0.0000e+00, 0.0000e+00      
# interval = seconds: 0.0416667
# start_time = Sep 06 2023 11:45:17 [NMEA time, header]
# bad_flag = -9.990e-29
*END*
[from data line 517]
        518      0.055    17.4489   1.012762     2.8990    -0.0141  198.89472    99.6554      0.054    17.4489     6.7873     6.6143    102.824 -9.990e-29
        519      0.055    17.4437   1.010552     2.8990    -0.0141  198.89455    99.6546      0.054    17.4437     6.7722     6.6156    102.825 -9.990e-29
        520      0.055    17.4385   1.007618     2.8990    -0.0141  198.89437    99.6537      0.054    17.4385     6.7519     6.6171    102.825 -9.990e-29
        521      0.055    17.4334   1.004063     2.8990    -0.0141  198.89418    99.6528      0.054    17.4334     6.7271     6.6189    102.826 -9.990e-29
        522      0.055    17.4283   1.000060     2.8990    -0.0141  198.89398    99.6519      0.054    17.4283     6.6990     6.6207    102.826 -9.990e-29
        523      0.055    17.4234   0.995859     2.8990    -0.0141  198.89377    99.6509      0.054    17.4234     6.6695     6.6226    102.827 -9.990e-29
        524      0.055    17.4185   0.991754     2.8990    -0.0141  198.89354    99.6499      0.054    17.4185     6.6407     6.6244    102.827 -9.990e-29
        525      0.055    17.4138   0.988030     2.8989    -0.0141  198.89338    99.6488      0.054    17.4138     6.6146     6.6258    102.823 -9.990e-29
        526      0.054    17.4092   0.984871     2.8989    -0.0141  198.89337    99.6478      0.053    17.4092     6.5926     6.6274    102.824 -9.990e-29
        527      0.054    17.4047   0.982300     2.8989    -0.0141  198.89343    99.6468      0.053    17.4047     6.5748     6.6287    102.824 -9.990e-29
        528      0.054    17.4004   0.980180     2.8989     0.0042  198.89347    99.6458      0.053    17.4004     6.5602     6.6298    102.824 -9.990e-29
        529      0.054    17.3961   0.978276     2.8989    -0.0141  198.89350    99.6449      0.053    17.3961     6.5471     6.6309    102.824 -9.990e-29
        530      0.054    17.3921   0.976341     2.8989    -0.0324  198.89351    99.6440      0.053    17.3921     6.5338     6.6320    102.824 -9.990e-29
        531      0.054    17.3881   0.974158     2.8989    -0.0324  198.89350    99.6431      0.053    17.3881     6.5187     6.6331    102.824 -9.990e-29
        532      0.054    17.3843   0.971571     2.8989    -0.0324  198.89348    99.6422      0.053    17.3843     6.5007     6.6344    102.823 -9.990e-29
        533      0.054    17.3805   0.968498     2.8989    -0.0324  198.89345    99.6413      0.053    17.3805     6.4792     6.6357    102.823 -9.990e-29
        534      0.054    17.3767   0.964948     2.8989    -0.0324  198.89339    99.6404      0.053    17.3767     6.4542     6.6372    102.823 -9.990e-29
        535      0.054    17.3728   0.961020     2.8989    -0.0324  198.89332    99.6396      0.053    17.3728     6.4266     6.6388    102.822 -9.990e-29
        536      0.054    17.3689   0.956916     2.8989    -0.0324  198.89323    99.6389      0.053    17.3689     6.3976     6.6405    102.822 -9.990e-29
        537      0.054    17.3650   0.952937     2.8989    -0.0324  198.89312    99.6383      0.053    17.3650     6.3696     6.6422    102.822 -9.990e-29
        538      0.054    17.3610   0.949468     2.8989    -0.0324  198.89300    99.6380      0.053    17.3610     6.3453     6.6437    102.823 -9.990e-29
        539      0.054    17.3570   0.946928     2.8989    -0.0324  198.89293    99.6379      0.053    17.3570     6.3276     6.6449    102.823 -9.990e-29
        540      0.054    17.3530   0.945676     2.8989    -0.0324  198.89302    99.6383      0.053    17.3530     6.3192     6.6458    102.823 -9.990e-29
        541      0.054    17.3489   0.945914     2.8989    -0.0324  198.89318    99.6391      0.053    17.3489     6.3216     6.6463    102.823 -9.990e-29
        542      0.054    17.3449   0.947642     2.8990    -0.0507  198.89331    99.6405      0.053    17.3449     6.3346     6.6466    102.827 -9.990e-29
        543      0.054    17.3410   0.950674     2.8990    -0.0324  198.89343    99.6423      0.053    17.3410     6.3571     6.6462    102.827 -9.990e-29
        544      0.054    17.3371   0.954721     2.8990    -0.0324  198.89353    99.6445      0.053    17.3371     6.3868     6.6456    102.827 -9.990e-29
        545      0.054    17.3333   0.959471     2.8990    -0.0324  198.89361    99.6472      0.053    17.3333     6.4216     6.6447    102.827 -9.990e-29
        546      0.054    17.3297   0.964635     2.8990    -0.0324  198.89368    99.6503      0.053    17.3297     6.4594     6.6437    102.827 -9.990e-29
        547      0.054    17.3262   0.969957     2.8990    -0.0324  198.89374    99.6536      0.053    17.3262     6.4983     6.6426    102.828 -9.990e-29
        548      0.054    17.3229   0.975212     2.8990    -0.0324  198.89378    99.6572      0.053    17.3229     6.5367     6.6416    102.828 -9.990e-29
        549      0.054    17.3199   0.980227     2.8990    -0.0324  198.89380    99.6611      0.053    17.3199     6.5734     6.6405    102.828 -9.990e-29
        550      0.054    17.3171   0.984901     2.8990    -0.0324  198.89381    99.6651      0.053    17.3171     6.6076     6.6395    102.828 -9.990e-29
        551      0.054    17.3144   0.989208     2.8989    -0.0324  198.89381    99.6693      0.053    17.3144     6.6392     6.6383    102.824 -9.990e-29
        552      0.054    17.3119   0.993178     2.8989    -0.0324  198.89379    99.6735      0.053    17.3119     6.6683     6.6375    102.823 -9.990e-29
        553      0.054    17.3094   0.996885     2.8989    -0.0690  198.89376    99.6778      0.053    17.3094     6.6955     6.6367    102.823 -9.990e-29
        554      0.055    17.3071   1.000428     2.8989    -0.0324  198.89372    99.6821      0.054    17.3071     6.7215     6.6360    102.822 -9.990e-29
        555      0.054    17.3048   1.003924     2.8989    -0.0324  198.89366    99.6863      0.053    17.3048     6.7472     6.6352    102.822 -9.990e-29
        556      0.054    17.3025   1.007484     2.8989    -0.0324  198.89358    99.6903      0.053    17.3025     6.7734     6.6345    102.821 -9.990e-29
        557      0.054    17.3004   1.011180     2.8989    -0.0324  198.89349    99.6941      0.053    17.3004     6.8005     6.6336    102.821 -9.990e-29
        558      0.054    17.2982   1.015015     2.8989    -0.0324  198.89338    99.6977      0.053    17.2982     6.8287     6.6328    102.821 -9.990e-29
        559      0.054    17.2961   1.018928     2.8989    -0.0324  198.89326    99.7010      0.053    17.2961     6.8574     6.6319    102.820 -9.990e-29
        560      0.054    17.2941   1.022800     2.8989    -0.0324  198.89312    99.7041      0.053    17.2941     6.8858     6.6310    102.820 -9.990e-29
        561      0.054    17.2921   1.026469     2.8989    -0.0324  198.89295    99.7070      0.053    17.2921     6.9127     6.6302    102.820 -9.990e-29
        562      0.054    17.2903   1.029764     2.8989    -0.0324  198.89277    99.7096      0.053    17.2903     6.9370     6.6295    102.820 -9.990e-29
        563      0.054    17.2885   1.032520     2.8989    -0.0324  198.89257    99.7121      0.053    17.2885     6.9573     6.6289    102.820 -9.990e-29
        564      0.054    17.2867   1.034602     2.8989    -0.0324  198.89243    99.7144      0.053    17.2867     6.9727     6.6285    102.820 -9.990e-29
        565      0.054    17.2850   1.035917     2.8989    -0.0324  198.89243    99.7165      0.053    17.2850     6.9826     6.6284    102.820 -9.990e-29
        566      0.054    17.2834   1.036415     2.8988    -0.0324  198.89250    99.7184      0.053    17.2834     6.9864     6.6282    102.816 -9.990e-29
        567      0.054    17.2818   1.036091     2.8988    -0.0324  198.89254    99.7202      0.053    17.2818     6.9844     6.6285    102.816 -9.990e-29
        568      0.054    17.2802   1.034983     2.8988    -0.0324  198.89256    99.7219      0.053    17.2802     6.9766     6.6291    102.817 -9.990e-29
        569      0.054    17.2788   1.033176     2.8988    -0.0324  198.89256    99.7236      0.053    17.2788     6.9637     6.6298    102.818 -9.990e-29
        570      0.054    17.2773   1.030795     2.8989    -0.0324  198.89254    99.7253      0.053    17.2773     6.9467     6.6310    102.823 -9.990e-29
        571      0.054    17.2759   1.027997     2.8989    -0.0324  198.89249    99.7270      0.053    17.2759     6.9266     6.6321    102.823 -9.990e-29
        572      0.054    17.2746   1.024953     2.8989    -0.0324  198.89242    99.7290      0.053    17.2746     6.9047     6.6332    102.824 -9.990e-29
        573      0.054    17.2732   1.021828     2.8989    -0.0324  198.89232    99.7312      0.053    17.2732     6.8823     6.6343    102.825 -9.990e-29
        574      0.054    17.2719   1.018748     2.8989    -0.0324  198.89220    99.7337      0.053    17.2719     6.8601     6.6354    102.825 -9.990e-29
        575      0.054    17.2706   1.015768     2.8988    -0.0141  198.89206    99.7363      0.053    17.2706     6.8387     6.6362    102.822 -9.990e-29
        576      0.054    17.2694   1.012858     2.8988    -0.0324  198.89188    99.7392      0.053    17.2694     6.8178     6.6372    102.822 -9.990e-29
        577      0.054    17.2682   1.009906     2.8988    -0.0324  198.89169    99.7421      0.053    17.2682     6.7966     6.6382    102.822 -9.990e-29
        578      0.054    17.2670   1.006759     2.8988    -0.0141  198.89154    99.7452      0.053    17.2670     6.7740     6.6393    102.823 -9.990e-29
        579      0.054    17.2658   1.003247     2.8988    -0.0324  198.89154    99.7484      0.053    17.2658     6.7488     6.6405    102.823 -9.990e-29
        580      0.054    17.2647   0.999217     2.8988    -0.0324  198.89159    99.7519      0.053    17.2647     6.7197     6.6418    102.823 -9.990e-29
        581      0.054    17.2635   0.994552     2.8988    -0.0324  198.89161    99.7556      0.053    17.2635     6.6862     6.6434    102.824 -9.990e-29
        582      0.054    17.2623   0.989188     2.8988    -0.0324  198.89161    99.7594      0.053    17.2623     6.6475     6.6451    102.824 -9.990e-29
        583      0.054    17.2612   0.983120     2.8988    -0.0324  198.89157    99.7636      0.053    17.2612     6.6038     6.6470    102.824 -9.990e-29
        584      0.054    17.2601   0.976410     2.8988    -0.0324  198.89150    99.7678      0.053    17.2601     6.5555     6.6491    102.824 -9.990e-29
        585      0.054    17.2590   0.969227     2.8988    -0.0324  198.89141    99.7722      0.053    17.2590     6.5037     6.6514    102.825 -9.990e-29
        586      0.054    17.2579   0.961875     2.8988    -0.0324  198.89128    99.7766      0.053    17.2579     6.4508     6.6536    102.825 -9.990e-29
        587      0.054    17.2569   0.954791     2.8989    -0.0324  198.89112    99.7809      0.053    17.2569     6.3998     6.6561    102.830 -9.990e-29
        588      0.054    17.2558   0.948511     2.8989    -0.0324  198.89101    99.7852      0.053    17.2558     6.3547     6.6581    102.830 -9.990e-29
        589      0.054    17.2546   0.943541     2.8989    -0.0324  198.89104    99.7893      0.053    17.2546     6.3191     6.6597    102.830 -9.990e-29
        590      0.054    17.2535   0.940168     2.8989    -0.0324  198.89121    99.7934      0.053    17.2535     6.2949     6.6608    102.831 -9.990e-29
        591      0.054    17.2522   0.938335     2.8989    -0.0324  198.89151    99.7974      0.053    17.2522     6.2819     6.6615    102.830 -9.990e-29
        592      0.054    17.2509   0.937701     2.8989    -0.0324  198.89187    99.8014      0.053    17.2509     6.2776     6.6619    102.830 -9.990e-29
        593      0.054    17.2496   0.937817     2.8989    -0.0324  198.89220    99.8053      0.053    17.2496     6.2786     6.6620    102.830 -9.990e-29
        594      0.054    17.2482   0.938269     2.8989    -0.0324  198.89242    99.8091      0.053    17.2482     6.2821     6.6620    102.830 -9.990e-29
        595      0.054    17.2468   0.938743     2.8989    -0.0324  198.89245    99.8128      0.053    17.2468     6.2857     6.6621    102.830 -9.990e-29
        596      0.054    17.2454   0.939048     2.8989    -0.0324  198.89245    99.8164      0.053    17.2454     6.2881     6.6622    102.831 -9.990e-29
        597      0.054    17.2440   0.939108     2.8989    -0.0324  198.89260    99.8199      0.053    17.2440     6.2888     6.6625    102.831 -9.990e-29
        598      0.054    17.2425   0.938939     2.8989    -0.0324  198.89281    99.8233      0.053    17.2425     6.2878     6.6627    102.832 -9.990e-29
        599      0.054    17.2411   0.938616     2.8989    -0.0324  198.89300    99.8265      0.053    17.2411     6.2857     6.6631    102.833 -9.990e-29
        600      0.054    17.2395   0.938276     2.8989    -0.0324  198.89318    99.8295      0.053    17.2395     6.2835     6.6634    102.833 -9.990e-29
        601      0.054    17.2380   0.938133     2.8989    -0.0324  198.89333    99.8324      0.053    17.2380     6.2827     6.6636    102.833 -9.990e-29
        602      0.054    17.2365   0.938503     2.8989    -0.0324  198.89346    99.8351      0.053    17.2365     6.2856     6.6637    102.833 -9.990e-29
        603      0.054    17.2349   0.939754     2.8989    -0.0324  198.89358    99.8377      0.053    17.2349     6.2948     6.6636    102.833 -9.990e-29
        604      0.054    17.2334   0.942207     2.8989    -0.0324  198.89369    99.8401      0.053    17.2334     6.3127     6.6630    102.833 -9.990e-29
        605      0.054    17.2318   0.945995     2.8989    -0.0324  198.89377    99.8424      0.053    17.2318     6.3403     6.6622    102.833 -9.990e-29
        606      0.054    17.2302   0.951011     2.8989    -0.0324  198.89385    99.8447      0.053    17.2302     6.3767     6.6609    102.833 -9.990e-29
        607      0.054    17.2286   0.956979     2.8989    -0.0324  198.89391    99.8469      0.053    17.2286     6.4201     6.6594    102.833 -9.990e-29
        608      0.054    17.2269   0.963561     2.8989    -0.0324  198.89395    99.8490      0.053    17.2269     6.4679     6.6577    102.833 -9.990e-29
        609      0.054    17.2253   0.970451     2.8989    -0.0324  198.89399    99.8511      0.053    17.2253     6.5179     6.6559    102.833 -9.990e-29
        610      0.054    17.2237   0.977383     2.8989    -0.0324  198.89401    99.8532      0.053    17.2237     6.5683     6.6541    102.832 -9.990e-29
        611      0.054    17.2220   0.984130     2.8989    -0.0324  198.89401    99.8552      0.053    17.2220     6.6174     6.6523    102.832 -9.990e-29
        612      0.054    17.2205   0.990513     2.8989    -0.0324  198.89401    99.8573      0.053    17.2205     6.6639     6.6507    102.832 -9.990e-29
        613      0.054    17.2189   0.996402     2.8989    -0.0507  198.89399    99.8593      0.053    17.2189     6.7069     6.6492    102.833 -9.990e-29
        614      0.054    17.2174   1.001713     2.8989    -0.0324  198.89396    99.8613      0.053    17.2174     6.7456     6.6479    102.833 -9.990e-29
        615      0.054    17.2159   1.006401     2.8989    -0.0324  198.89391    99.8632      0.053    17.2159     6.7799     6.6467    102.833 -9.990e-29
        616      0.054    17.2145   1.010462     2.8989    -0.0507  198.89386    99.8651      0.053    17.2145     6.8096     6.6457    102.833 -9.990e-29
        617      0.054    17.2130   1.013948     2.8989    -0.0324  198.89379    99.8670      0.053    17.2130     6.8352     6.6449    102.834 -9.990e-29
        618      0.054    17.2115   1.016956     2.8989    -0.0324  198.89370    99.8689      0.053    17.2115     6.8573     6.6443    102.834 -9.990e-29
        619      0.054    17.2100   1.019594     2.8989    -0.0324  198.89360    99.8708      0.053    17.2100     6.8767     6.6437    102.835 -9.990e-29
