data/2023/2023_wed/06CTD11.cnv
* Sea-Bird SBE 9 Data File:
* FileName = C:\Users\ctd-user\Desktop\CTD_data\2023\MAR440 Sept 2023\06CTD11.hex
* Software Version Seasave V 7.26.2.13
* Temperature SN = 4493
* Conductivity SN = 1899
* Number of Bytes Per Scan = 37
* Number of Voltage Words = 4
* Number of Scans Averaged by the Deck Unit = 1
* NMEA Latitude = 58 18.78 N
* NMEA Longitude = 011 46.39 E
* NMEA UTC (Time) = Sep 06 2023 10:52:51
* NMEA baud rate = 4800
** Ship:
** Station:
** Operator:
# nquan = 14                                
# nvalues = 2545                        
# units = specified
# name 0 = scan: Scan Count
# name 1 = prDM: Pressure, Digiquartz [db]
# name 2 = t090C: Temperature [ITS-90, deg C]
# name 3 = c0S/m: Conductivity [S/m]
# name 4 = sbeox0V: Oxygen raw, SBE 43 [V]
# name 5 = flECO-AFL: Fluorescence, WET Labs ECO-AFL/FL [mg/m^3]
# name 6 = upoly0: Upoly 0, Turbidity
# name 7 = xmiss: Beam Transmission, Chelsea/Seatech [%]
# name 8 = depSM: Depth [salt water, m], lat = 58.313
# name 9 = potemp090C: Potential Temperature [ITS-90, deg C]
# name 10 = sal00: Salinity, Practical [PSU]
# name 11 = sbeox0ML/L: Oxygen, SBE 43 [ml/l], WS = 2
# name 12 = sbeox0PS: Oxygen, SBE 43 [% saturation], WS = 2
# name 13 = flag: flag
# span 0 =          1,       2545       
# span 1 =     -0.117,     12.808       
# span 2 =    16.8637,    18.4469       
# span 3 =   0.018641,   3.246600       
# span 4 =     1.2737,     2.9730       
# span 5 =    -0.1789,     3.7588       
# span 6 =  4.0949808,  8.8986082       
# span 7 =    77.7081,    97.3816       
# span 8 =     -0.116,     12.689       
# span 9 =    16.8618,    18.4467       
# span 10 =     0.1052,    24.4762      
# span 11 =     1.8900,     7.1133      
# span 12 =     32.320,    107.722      
# span 13 = 0.0000e+00, 0.0000e+00      
# interval = seconds: 0.0416667
# start_time = Sep 06 2023 10:52:51 [NMEA time, header]
# bad_flag = -9.990e-29
*END*
[from data line 517]
        518     -0.109    17.5816   0.019123     2.8720    -0.1423  4.3677670    96.3860     -0.108    17.5816     0.1077     6.7891    101.671 -9.990e-29
        519     -0.109    17.5816   0.019118     2.8720    -0.1423  4.3677369    96.4031     -0.108    17.5816     0.1077     6.7891    101.670 -9.990e-29
        520     -0.109    17.5816   0.019113     2.8720    -0.1423  4.3677195    96.4202     -0.108    17.5816     0.1077     6.7890    101.669 -9.990e-29
        521     -0.109    17.5815   0.019108     2.8720    -0.1423  4.3677146    96.4372     -0.108    17.5815     0.1077     6.7890    101.669 -9.990e-29
        522     -0.109    17.5814   0.019103     2.8720    -0.1423  4.3677221    96.4539     -0.108    17.5814     0.1076     6.7889    101.668 -9.990e-29
        523     -0.109    17.5813   0.019100     2.8720    -0.1423  4.3677422    96.4704     -0.108    17.5813     0.1076     6.7889    101.667 -9.990e-29
        524     -0.109    17.5812   0.019095     2.8719    -0.1423  4.3677749    96.4864     -0.108    17.5812     0.1076     6.7886    101.662 -9.990e-29
        525     -0.109    17.5811   0.019091     2.8719    -0.1423  4.3678204    96.5021     -0.108    17.5811     0.1076     6.7886    101.662 -9.990e-29
        526     -0.109    17.5810   0.019087     2.8720    -0.1423  4.3678792    96.5174     -0.108    17.5810     0.1075     6.7889    101.666 -9.990e-29
        527     -0.109    17.5808   0.019082     2.8720    -0.1240  4.3679515    96.5323     -0.108    17.5808     0.1075     6.7889    101.666 -9.990e-29
        528     -0.109    17.5807   0.019078     2.8720    -0.1423  4.3680380    96.5469     -0.108    17.5807     0.1075     6.7889    101.666 -9.990e-29
        529     -0.109    17.5806   0.019074     2.8720    -0.1423  4.3681391    96.5611     -0.108    17.5806     0.1075     6.7889    101.666 -9.990e-29
        530     -0.109    17.5804   0.019070     2.8720    -0.1423  4.3682557    96.5750     -0.108    17.5804     0.1074     6.7889    101.666 -9.990e-29
        531     -0.109    17.5803   0.019067     2.8720    -0.1423  4.3683885    96.5886     -0.108    17.5803     0.1074     6.7889    101.665 -9.990e-29
        532     -0.109    17.5802   0.019064     2.8720    -0.1423  4.3685384    96.6020     -0.108    17.5802     0.1074     6.7889    101.665 -9.990e-29
        533     -0.109    17.5800   0.019061     2.8720    -0.1423  4.3687065    96.6152     -0.108    17.5800     0.1074     6.7889    101.665 -9.990e-29
        534     -0.109    17.5799   0.019059     2.8720    -0.1240  4.3688940    96.6283     -0.108    17.5799     0.1074     6.7889    101.665 -9.990e-29
        535     -0.109    17.5798   0.019058     2.8720    -0.1240  4.3691021    96.6412     -0.108    17.5798     0.1074     6.7889    101.664 -9.990e-29
        536     -0.109    17.5796   0.019057     2.8720    -0.1057  4.3693323    96.6539     -0.108    17.5796     0.1074     6.7889    101.664 -9.990e-29
        537     -0.108    17.5795   0.019057     2.8720    -0.1057  4.3695863    96.6665     -0.107    17.5795     0.1074     6.7889    101.664 -9.990e-29
        538     -0.108    17.5793   0.019058     2.8720    -0.1057  4.3698657    96.6789     -0.107    17.5793     0.1074     6.7889    101.664 -9.990e-29
        539     -0.108    17.5792   0.019059     2.8720    -0.1240  4.3701725    96.6911     -0.107    17.5792     0.1074     6.7890    101.664 -9.990e-29
        540     -0.108    17.5791   0.019060     2.8720    -0.1240  4.3705089    96.7029     -0.107    17.5791     0.1074     6.7890    101.664 -9.990e-29
        541     -0.108    17.5789   0.019062     2.8720    -0.1057  4.3708772    96.7144     -0.107    17.5789     0.1074     6.7890    101.664 -9.990e-29
        542     -0.108    17.5788   0.019064     2.8720    -0.1057  4.3712799    96.7256     -0.107    17.5788     0.1074     6.7890    101.664 -9.990e-29
        543     -0.108    17.5786   0.019066     2.8720    -0.1240  4.3717199    96.7364     -0.107    17.5786     0.1074     6.7891    101.664 -9.990e-29
        544     -0.108    17.5785   0.019068     2.8719    -0.1240  4.3722002    96.7469     -0.107    17.5785     0.1074     6.7888    101.660 -9.990e-29
        545     -0.108    17.5784   0.019069     2.8719    -0.1057  4.3727241    96.7571     -0.107    17.5784     0.1074     6.7888    101.660 -9.990e-29
        546     -0.108    17.5782   0.019069     2.8719    -0.1057  4.3732954    96.7670     -0.107    17.5782     0.1074     6.7889    101.660 -9.990e-29
        547     -0.108    17.5781   0.019069     2.8719    -0.1057  4.3739179    96.7766     -0.107    17.5781     0.1074     6.7889    101.660 -9.990e-29
        548     -0.108    17.5780   0.019067     2.8720    -0.1240  4.3745961    96.7859     -0.107    17.5780     0.1074     6.7892    101.665 -9.990e-29
        549     -0.108    17.5779   0.019066     2.8720    -0.1240  4.3753346    96.7948     -0.107    17.5779     0.1074     6.7892    101.664 -9.990e-29
        550     -0.108    17.5777   0.019063     2.8720    -0.1240  4.3761385    96.8034     -0.107    17.5777     0.1074     6.7892    101.664 -9.990e-29
        551     -0.108    17.5776   0.019061     2.8720    -0.1240  4.3770135    96.8116     -0.107    17.5776     0.1074     6.7892    101.664 -9.990e-29
        552     -0.108    17.5775   0.019059     2.8720    -0.1240  4.3779656    96.8195     -0.107    17.5775     0.1074     6.7893    101.665 -9.990e-29
        553     -0.108    17.5773   0.019057     2.8720    -0.1240  4.3790015    96.8270     -0.107    17.5773     0.1074     6.7893    101.665 -9.990e-29
        554     -0.108    17.5772   0.019055     2.8720    -0.1240  4.3801284    96.8341     -0.107    17.5772     0.1074     6.7894    101.665 -9.990e-29
        555     -0.108    17.5770   0.019054     2.8720    -0.1240  4.3813541    96.8408     -0.107    17.5770     0.1074     6.7894    101.666 -9.990e-29
        556     -0.108    17.5769   0.019054     2.8720    -0.1240  4.3826871    96.8473     -0.107    17.5769     0.1074     6.7895    101.666 -9.990e-29
        557     -0.108    17.5767   0.019054     2.8720    -0.1240  4.3841368    96.8535     -0.107    17.5767     0.1074     6.7895    101.667 -9.990e-29
        558     -0.108    17.5765   0.019054     2.8720    -0.1240  4.3857131    96.8597     -0.107    17.5765     0.1074     6.7896    101.667 -9.990e-29
        559     -0.108    17.5763   0.019053     2.8720    -0.1240  4.3874271    96.8657     -0.107    17.5763     0.1074     6.7896    101.667 -9.990e-29
        560     -0.108    17.5761   0.019050     2.8720    -0.1057  4.3892057    96.8717     -0.107    17.5761     0.1073     6.7896    101.667 -9.990e-29
        561     -0.108    17.5759   0.019046     2.8720    -0.0873  4.3908915    96.8777     -0.107    17.5759     0.1073     6.7896    101.667 -9.990e-29
        562     -0.108    17.5757   0.019042     2.8720    -0.1240  4.3924112    96.8837     -0.107    17.5757     0.1073     6.7897    101.667 -9.990e-29
        563     -0.108    17.5754   0.019036     2.8720    -0.1057  4.3937754    96.8898     -0.107    17.5754     0.1073     6.7898    101.668 -9.990e-29
        564     -0.108    17.5752   0.019030     2.8720    -0.1240  4.3949936    96.8959     -0.107    17.5752     0.1072     6.7898    101.668 -9.990e-29
        565     -0.108    17.5749   0.019023     2.8720    -0.1057  4.3960743    96.9021     -0.107    17.5749     0.1072     6.7899    101.668 -9.990e-29
        566     -0.108    17.5746   0.019016     2.8720    -0.1057  4.3970249    96.9086     -0.107    17.5746     0.1072     6.7899    101.669 -9.990e-29
        567     -0.108    17.5743   0.019007     2.8720    -0.1057  4.3978522    96.9154     -0.107    17.5743     0.1071     6.7900    101.669 -9.990e-29
        568     -0.108    17.5740   0.019000     2.8720    -0.1057  4.3985617    96.9223     -0.107    17.5740     0.1071     6.7901    101.669 -9.990e-29
        569     -0.108    17.5737   0.018992     2.8720    -0.1057  4.3991586    96.9295     -0.107    17.5737     0.1070     6.7901    101.669 -9.990e-29
        570     -0.109    17.5733   0.018985     2.8720    -0.1057  4.3996469    96.9370     -0.108    17.5733     0.1070     6.7901    101.669 -9.990e-29
        571     -0.109    17.5729   0.018978     2.8720    -0.1057  4.4000301    96.9447     -0.108    17.5729     0.1070     6.7902    101.669 -9.990e-29
        572     -0.109    17.5725   0.018971     2.8720    -0.1057  4.4003107    96.9526     -0.108    17.5725     0.1069     6.7902    101.668 -9.990e-29
        573     -0.108    17.5721   0.018964     2.8720    -0.1240  4.4004908    96.9606     -0.107    17.5721     0.1069     6.7903    101.668 -9.990e-29
        574     -0.108    17.5717   0.018958     2.8720    -0.1057  4.4005716    96.9687     -0.107    17.5717     0.1068     6.7904    101.668 -9.990e-29
        575     -0.108    17.5712   0.018953     2.8720    -0.1240  4.4005537    96.9768     -0.107    17.5712     0.1068     6.7904    101.669 -9.990e-29
        576     -0.108    17.5708   0.018947     2.8721    -0.1057  4.4004369    96.9847     -0.107    17.5708     0.1068     6.7908    101.673 -9.990e-29
        577     -0.108    17.5703   0.018942     2.8721    -0.1057  4.4002205    96.9925     -0.107    17.5703     0.1068     6.7909    101.673 -9.990e-29
        578     -0.108    17.5698   0.018937     2.8721    -0.1240  4.3999029    97.0002     -0.107    17.5698     0.1067     6.7909    101.673 -9.990e-29
        579     -0.108    17.5693   0.018932     2.8721    -0.1057  4.3994819    97.0077     -0.107    17.5693     0.1067     6.7910    101.673 -9.990e-29
        580     -0.108    17.5688   0.018928     2.8721    -0.1240  4.3989546    97.0152     -0.107    17.5688     0.1067     6.7911    101.673 -9.990e-29
        581     -0.108    17.5682   0.018922     2.8721    -0.1057  4.3983173    97.0226     -0.107    17.5682     0.1067     6.7912    101.673 -9.990e-29
        582     -0.108    17.5677   0.018918     2.8721    -0.1057  4.3975655    97.0299     -0.107    17.5677     0.1066     6.7912    101.673 -9.990e-29
        583     -0.108    17.5671   0.018914     2.8720    -0.1240  4.3966942    97.0370     -0.107    17.5671     0.1066     6.7911    101.669 -9.990e-29
        584     -0.108    17.5666   0.018910     2.8720    -0.1240  4.3956971    97.0439     -0.107    17.5666     0.1066     6.7911    101.669 -9.990e-29
        585     -0.108    17.5660   0.018905     2.8720    -0.1057  4.3946524    97.0505     -0.107    17.5660     0.1066     6.7912    101.669 -9.990e-29
        586     -0.108    17.5654   0.018902     2.8721    -0.1606  4.3937225    97.0568     -0.107    17.5654     0.1065     6.7916    101.673 -9.990e-29
        587     -0.108    17.5648   0.018899     2.8721    -0.1057  4.3929860    97.0629     -0.107    17.5648     0.1065     6.7916    101.673 -9.990e-29
        588     -0.108    17.5642   0.018897     2.8721    -0.1057  4.3924378    97.0687     -0.107    17.5642     0.1065     6.7917    101.673 -9.990e-29
        589     -0.108    17.5636   0.018895     2.8721    -0.1057  4.3920740    97.0743     -0.107    17.5636     0.1065     6.7918    101.673 -9.990e-29
        590     -0.108    17.5630   0.018894     2.8721    -0.1057  4.3918922    97.0796     -0.107    17.5630     0.1065     6.7919    101.672 -9.990e-29
        591     -0.108    17.5623   0.018893     2.8721    -0.1057  4.3918909    97.0846     -0.107    17.5623     0.1065     6.7919    101.672 -9.990e-29
        592     -0.108    17.5617   0.018894     2.8721    -0.1057  4.3920704    97.0895     -0.107    17.5617     0.1065     6.7920    101.672 -9.990e-29
        593     -0.108    17.5610   0.018894     2.8721    -0.1057  4.3924317    97.0942     -0.107    17.5610     0.1065     6.7921    101.672 -9.990e-29
        594     -0.108    17.5604   0.018896     2.8721    -0.1240  4.3929774    97.0987     -0.107    17.5604     0.1065     6.7922    101.671 -9.990e-29
        595     -0.108    17.5598   0.018897     2.8721    -0.1240  4.3937113    97.1029     -0.107    17.5598     0.1065     6.7922    101.671 -9.990e-29
        596     -0.108    17.5592   0.018898     2.8721    -0.1240  4.3946385    97.1068     -0.107    17.5592     0.1065     6.7923    101.670 -9.990e-29
        597     -0.108    17.5585   0.018899     2.8721    -0.1057  4.3957654    97.1105     -0.107    17.5585     0.1065     6.7923    101.670 -9.990e-29
        598     -0.108    17.5580   0.018900     2.8721    -0.1057  4.3971000    97.1139     -0.107    17.5580     0.1066     6.7923    101.669 -9.990e-29
        599     -0.108    17.5574   0.018899     2.8721    -0.1057  4.3986514    97.1169     -0.107    17.5574     0.1065     6.7924    101.668 -9.990e-29
        600     -0.108    17.5568   0.018899     2.8721    -0.1057  4.4004305    97.1198     -0.107    17.5568     0.1065     6.7924    101.667 -9.990e-29
        601     -0.108    17.5562   0.018898     2.8721    -0.1057  4.4024496    97.1226     -0.107    17.5562     0.1065     6.7925    101.667 -9.990e-29
        602     -0.108    17.5557   0.018897     2.8721    -0.1240  4.4047228    97.1252     -0.107    17.5557     0.1065     6.7925    101.667 -9.990e-29
        603     -0.109    17.5552   0.018897     2.8721    -0.1240  4.4072659    97.1276     -0.108    17.5552     0.1065     6.7926    101.667 -9.990e-29
        604     -0.108    17.5547   0.018897     2.8721    -0.1057  4.4100966    97.1298     -0.107    17.5547     0.1065     6.7926    101.666 -9.990e-29
        605     -0.108    17.5542   0.018897     2.8721    -0.1057  4.4132346    97.1318     -0.107    17.5542     0.1065     6.7927    101.666 -9.990e-29
        606     -0.108    17.5538   0.018900     2.8722    -0.1240  4.4167017    97.1339     -0.107    17.5538     0.1066     6.7930    101.670 -9.990e-29
        607     -0.108    17.5533   0.018902     2.8722    -0.1240  4.4205221    97.1359     -0.107    17.5533     0.1066     6.7931    101.670 -9.990e-29
        608     -0.108    17.5529   0.018905     2.8721    -0.1240  4.4247222    97.1380     -0.107    17.5529     0.1066     6.7928    101.665 -9.990e-29
        609     -0.108    17.5525   0.018907     2.8721    -0.1057  4.4293314    97.1400     -0.107    17.5525     0.1066     6.7928    101.664 -9.990e-29
        610     -0.108    17.5521   0.018910     2.8721    -0.1057  4.4342968    97.1421     -0.107    17.5521     0.1066     6.7928    101.664 -9.990e-29
        611     -0.108    17.5517   0.018912     2.8721    -0.1057  4.4393130    97.1443     -0.107    17.5517     0.1066     6.7929    101.664 -9.990e-29
        612     -0.108    17.5513   0.018912     2.8721    -0.1057  4.4439905    97.1467     -0.107    17.5513     0.1066     6.7929    101.664 -9.990e-29
        613     -0.108    17.5510   0.018912     2.8721    -0.1057  4.4481917    97.1493     -0.107    17.5510     0.1066     6.7930    101.664 -9.990e-29
        614     -0.108    17.5507   0.018910     2.8721    -0.1240  4.4519459    97.1521     -0.107    17.5507     0.1066     6.7930    101.664 -9.990e-29
        615     -0.108    17.5504   0.018908     2.8721    -0.1057  4.4552793    97.1550     -0.107    17.5504     0.1066     6.7931    101.664 -9.990e-29
        616     -0.108    17.5501   0.018904     2.8721    -0.1057  4.4582150    97.1581     -0.107    17.5501     0.1066     6.7931    101.665 -9.990e-29
        617     -0.108    17.5498   0.018900     2.8721    -0.1057  4.4607735    97.1613     -0.107    17.5498     0.1066     6.7932    101.665 -9.990e-29
        618     -0.108    17.5495   0.018895     2.8721    -0.1057  4.4629725    97.1645     -0.107    17.5495     0.1065     6.7933    101.665 -9.990e-29
        619     -0.108    17.5492   0.018889     2.8721    -0.1057  4.4648273    97.1677     -0.107    17.5492     0.1065     6.7933    101.665 -9.990e-29
