data/2023/2023_wed/06CTD09.cnv
* Sea-Bird SBE 9 Data File:
* FileName = C:\Users\ctd-user\Desktop\CTD_data\2023\MAR440 Sept 2023\06CTD09.hex
* Software Version Seasave V 7.26.2.13
* Temperature SN = 4493
* Conductivity SN = 1899
* Number of Bytes Per Scan = 37
* Number of Voltage Words = 4
* Number of Scans Averaged by the Deck Unit = 1
* NMEA Latitude = 58 19.17 N
* NMEA Longitude = 011 48.40 E
* NMEA UTC (Time) = Sep 06 2023 10:23:56
* NMEA baud rate = 4800
** Ship:
** Station:
** Operator:
# nquan = 14                                
# nvalues = 4555                        
# units = specified
# name 0 = scan: Scan Count
# name 1 = prDM: Pressure, Digiquartz [db]
# name 2 = t090C: Temperature [ITS-90, deg C]
# name 3 = c0S/m: Conductivity [S/m]
# name 4 = sbeox0V: Oxygen raw, SBE 43 [V]
# name 5 = flECO-AFL: Fluorescence, WET Labs ECO-AFL/FL [mg/m^3]
# name 6 = upoly0: Upoly 0, Turbidity
# name 7 = xmiss: Beam Transmission, Chelsea/Seatech [%]
# name 8 = depSM: Depth [salt water, m], lat = 58.3195
# name 9 = potemp090C: Potential Temperature [ITS-90, deg C]
# name 10 = sal00: Salinity, Practical [PSU]
# name 11 = sbeox0ML/L: Oxygen, SBE 43 [ml/l], WS = 2
# name 12 = sbeox0PS: Oxygen, SBE 43 [% saturation], WS = 2
# name 13 = flag: flag
# span 0 =          1,       4555       
# span 1 =     -0.092,     31.210       
# span 2 =     7.0632,    18.3846       
# span 3 =   0.044846,   3.432849       
# span 4 =     0.9293,     2.8678       
# span 5 =    -0.1606,     4.2899       
# span 6 =  4.0967647,  8.5978219       
# span 7 =    65.6230,    99.7863       
# span 8 =     -0.091,     30.918       
# span 9 =     7.0605,    18.3836       
# span 10 =     0.2586,    32.1742      
# span 11 =     1.0831,     6.7806      
# span 12 =     17.837,    101.710      
# span 13 = 0.0000e+00, 0.0000e+00      
# interval = seconds: 0.0416667
# start_time = Sep 06 2023 10:23:56 [NMEA time, header]
# bad_flag = -9.990e-29
*END*
[from data line 826]
        827     -0.088    16.8616   0.045618     2.8306    -0.0690  5.0045136    65.8262     -0.087    16.8616     0.2631     6.7647     99.895 -9.990e-29
        828     -0.089    16.8616   0.045651     2.8306    -0.0690  5.0046072    65.8274     -0.088    16.8616     0.2633     6.7647     99.895 -9.990e-29
        829     -0.089    16.8616   0.045686     2.8306    -0.0690  5.0047270    65.8284     -0.088    16.8616     0.2635     6.7647     99.895 -9.990e-29
        830     -0.089    16.8616   0.045724     2.8306    -0.0690  5.0048738    65.8290     -0.088    16.8616     0.2638     6.7647     99.895 -9.990e-29
        831     -0.089    16.8617   0.045766     2.8306    -0.0690  5.0050486    65.8294     -0.088    16.8617     0.2640     6.7647     99.896 -9.990e-29
        832     -0.089    16.8617   0.045811     2.8306    -0.0690  5.0052527    65.8295     -0.088    16.8617     0.2643     6.7647     99.896 -9.990e-29
        833     -0.089    16.8617   0.045859     2.8306    -0.0690  5.0054874    65.8293     -0.088    16.8617     0.2646     6.7647     99.896 -9.990e-29
        834     -0.090    16.8617   0.045910     2.8306    -0.0507  5.0057545    65.8289     -0.089    16.8617     0.2649     6.7648     99.896 -9.990e-29
        835     -0.090    16.8617   0.045961     2.8306    -0.0690  5.0060556    65.8283     -0.089    16.8617     0.2652     6.7648     99.897 -9.990e-29
        836     -0.090    16.8617   0.046012     2.8306    -0.0507  5.0063931    65.8274     -0.089    16.8617     0.2655     6.7648     99.897 -9.990e-29
        837     -0.090    16.8617   0.046061     2.8306    -0.0690  5.0067691    65.8263     -0.089    16.8617     0.2658     6.7648     99.897 -9.990e-29
        838     -0.090    16.8617   0.046104     2.8306    -0.0690  5.0071863    65.8249     -0.089    16.8617     0.2660     6.7648     99.898 -9.990e-29
        839     -0.090    16.8616   0.046143     2.8306    -0.0507  5.0076477    65.8234     -0.089    16.8616     0.2662     6.7649     99.899 -9.990e-29
        840     -0.090    16.8616   0.046180     2.8306    -0.0690  5.0081564    65.8216     -0.089    16.8616     0.2665     6.7649     99.900 -9.990e-29
        841     -0.090    16.8616   0.046215     2.8306    -0.0507  5.0087159    65.8196     -0.089    16.8616     0.2667     6.7650     99.900 -9.990e-29
        842     -0.091    16.8616   0.046247     2.8306    -0.0690  5.0093302    65.8175     -0.090    16.8616     0.2669     6.7650     99.901 -9.990e-29
        843     -0.091    16.8616   0.046277     2.8306    -0.0690  5.0100035    65.8151     -0.090    16.8616     0.2670     6.7650     99.901 -9.990e-29
        844     -0.091    16.8616   0.046306     2.8306    -0.0690  5.0106556    65.8124     -0.090    16.8616     0.2672     6.7650     99.901 -9.990e-29
        845     -0.091    16.8616   0.046332     2.8306    -0.0690  5.0111211    65.8096     -0.090    16.8616     0.2674     6.7650     99.902 -9.990e-29
        846     -0.091    16.8616   0.046358     2.8306    -0.0324  5.0113184    65.8066     -0.090    16.8616     0.2675     6.7650     99.902 -9.990e-29
        847     -0.090    16.8616   0.046384     2.8306    -0.0507  5.0112487    65.8036     -0.089    16.8616     0.2677     6.7650     99.902 -9.990e-29
        848     -0.090    16.8616   0.046413     2.8306    -0.0690  5.0109117    65.8005     -0.089    16.8616     0.2678     6.7651     99.902 -9.990e-29
        849     -0.090    16.8616   0.046446     2.8306    -0.0690  5.0103049    65.7973     -0.089    16.8616     0.2680     6.7651     99.903 -9.990e-29
        850     -0.090    16.8616   0.046482     2.8306    -0.0690  5.0094242    65.7941     -0.089    16.8616     0.2682     6.7651     99.903 -9.990e-29
        851     -0.090    16.8617   0.046522     2.8306    -0.0690  5.0082635    65.7908     -0.089    16.8617     0.2685     6.7651     99.903 -9.990e-29
        852     -0.091    16.8617   0.046561     2.8306    -0.0507  5.0068145    65.7876     -0.090    16.8617     0.2687     6.7651     99.903 -9.990e-29
        853     -0.091    16.8617   0.046597     2.8306    -0.0690  5.0050674    65.7845     -0.090    16.8617     0.2689     6.7651     99.903 -9.990e-29
        854     -0.091    16.8617   0.046629     2.8306    -0.0690  5.0030098    65.7814     -0.090    16.8617     0.2691     6.7651     99.904 -9.990e-29
        855     -0.091    16.8618   0.046661     2.8306    -0.0690  5.0006276    65.7785     -0.090    16.8618     0.2693     6.7651     99.904 -9.990e-29
        856     -0.091    16.8618   0.046689     2.8306    -0.0690  4.9979040    65.7757     -0.090    16.8618     0.2695     6.7651     99.904 -9.990e-29
        857     -0.091    16.8618   0.046717     2.8306    -0.0690  4.9948203    65.7730     -0.090    16.8618     0.2696     6.7651     99.904 -9.990e-29
        858     -0.091    16.8618   0.046741     2.8306    -0.0690  4.9913549    65.7705     -0.090    16.8618     0.2698     6.7651     99.904 -9.990e-29
        859     -0.091    16.8618   0.046761     2.8306    -0.0690  4.9874837    65.7681     -0.090    16.8618     0.2699     6.7651     99.904 -9.990e-29
        860     -0.091    16.8619   0.046779     2.8306    -0.0690  4.9831799    65.7658     -0.090    16.8619     0.2700     6.7650     99.904 -9.990e-29
        861     -0.091    16.8619   0.046797     2.8306    -0.0690  4.9784134    65.7636     -0.090    16.8619     0.2701     6.7650     99.904 -9.990e-29
        862     -0.091    16.8619   0.046814     2.8307    -0.0690  4.9731510    65.7613     -0.090    16.8619     0.2702     6.7653     99.908 -9.990e-29
        863     -0.091    16.8619   0.046833     2.8307    -0.0690  4.9673563    65.7591     -0.090    16.8619     0.2703     6.7653     99.908 -9.990e-29
        864     -0.091    16.8619   0.046849     2.8307    -0.0507  4.9609888    65.7571     -0.090    16.8619     0.2704     6.7653     99.908 -9.990e-29
        865     -0.092    16.8619   0.046861     2.8307    -0.0690  4.9540044    65.7551     -0.091    16.8619     0.2705     6.7653     99.908 -9.990e-29
        866     -0.092    16.8620   0.046870     2.8307    -0.0690  4.9463543    65.7532     -0.091    16.8620     0.2705     6.7653     99.908 -9.990e-29
        867     -0.092    16.8620   0.046876     2.8307    -0.0690  4.9379854    65.7513     -0.091    16.8620     0.2706     6.7653     99.908 -9.990e-29
        868     -0.091    16.8620   0.046881     2.8307    -0.0690  4.9288394    65.7493     -0.090    16.8620     0.2706     6.7653     99.908 -9.990e-29
        869     -0.091    16.8620   0.046883     2.8307    -0.0690  4.9190227    65.7470     -0.090    16.8620     0.2706     6.7653     99.908 -9.990e-29
        870     -0.091    16.8621   0.046885     2.8307    -0.0873  4.9089765    65.7446     -0.090    16.8621     0.2706     6.7652     99.908 -9.990e-29
        871     -0.091    16.8621   0.046884     2.8307    -0.0873  4.8992256    65.7421     -0.090    16.8621     0.2706     6.7652     99.908 -9.990e-29
        872     -0.091    16.8621   0.046882     2.8307    -0.0873  4.8900418    65.7394     -0.090    16.8621     0.2706     6.7652     99.907 -9.990e-29
        873     -0.091    16.8622   0.046881     2.8307    -0.0873  4.8814463    65.7366     -0.090    16.8622     0.2706     6.7652     99.907 -9.990e-29
        874     -0.091    16.8622   0.046878     2.8307    -0.0873  4.8733791    65.7337     -0.090    16.8622     0.2706     6.7652     99.907 -9.990e-29
        875     -0.091    16.8623   0.046875     2.8307    -0.0873  4.8657843    65.7307     -0.090    16.8623     0.2706     6.7651     99.907 -9.990e-29
        876     -0.091    16.8623   0.046869     2.8307    -0.0873  4.8586090    65.7275     -0.090    16.8623     0.2705     6.7651     99.906 -9.990e-29
        877     -0.091    16.8623   0.046863     2.8307    -0.0873  4.8518033    65.7243     -0.090    16.8623     0.2705     6.7651     99.906 -9.990e-29
        878     -0.091    16.8624   0.046857     2.8307    -0.0873  4.8453197    65.7211     -0.090    16.8624     0.2705     6.7651     99.906 -9.990e-29
        879     -0.091    16.8624   0.046851     2.8307    -0.0873  4.8391133    65.7177     -0.090    16.8624     0.2704     6.7651     99.906 -9.990e-29
        880     -0.091    16.8624   0.046845     2.8307    -0.0873  4.8331408    65.7143     -0.090    16.8624     0.2704     6.7650     99.905 -9.990e-29
        881     -0.091    16.8624   0.046840     2.8307    -0.0873  4.8272758    65.7109     -0.090    16.8624     0.2704     6.7650     99.905 -9.990e-29
        882     -0.091    16.8625   0.046835     2.8307    -0.0873  4.8213924    65.7075     -0.090    16.8625     0.2703     6.7650     99.905 -9.990e-29
        883     -0.091    16.8625   0.046831     2.8307    -0.0873  4.8155348    65.7043     -0.090    16.8625     0.2703     6.7650     99.904 -9.990e-29
        884     -0.091    16.8625   0.046827     2.8307    -0.0873  4.8097472    65.7010     -0.090    16.8625     0.2703     6.7649     99.904 -9.990e-29
        885     -0.091    16.8626   0.046825     2.8307    -0.0873  4.8039891    65.6978     -0.090    16.8626     0.2703     6.7649     99.903 -9.990e-29
        886     -0.091    16.8626   0.046824     2.8307    -0.0873  4.7982207    65.6948     -0.090    16.8626     0.2703     6.7649     99.903 -9.990e-29
        887     -0.091    16.8627   0.046826     2.8307    -0.0873  4.7924017    65.6919     -0.090    16.8627     0.2703     6.7648     99.903 -9.990e-29
        888     -0.091    16.8627   0.046831     2.8307    -0.0873  4.7864917    65.6892     -0.090    16.8627     0.2703     6.7648     99.903 -9.990e-29
        889     -0.091    16.8628   0.046837     2.8307    -0.0873  4.7804496    65.6867     -0.090    16.8628     0.2703     6.7648     99.903 -9.990e-29
        890     -0.091    16.8628   0.046847     2.8307    -0.0873  4.7742333    65.6844     -0.090    16.8628     0.2704     6.7648     99.903 -9.990e-29
        891     -0.091    16.8629   0.046859     2.8307    -0.0873  4.7677997    65.6824     -0.090    16.8629     0.2705     6.7648     99.903 -9.990e-29
        892     -0.091    16.8629   0.046873     2.8307    -0.0873  4.7611039    65.6806     -0.090    16.8629     0.2706     6.7648     99.903 -9.990e-29
        893     -0.091    16.8630   0.046886     2.8307    -0.0873  4.7540993    65.6791     -0.090    16.8630     0.2706     6.7648     99.903 -9.990e-29
        894     -0.091    16.8630   0.046897     2.8307    -0.0873  4.7467373    65.6779     -0.090    16.8630     0.2707     6.7648     99.903 -9.990e-29
        895     -0.091    16.8631   0.046907     2.8307    -0.1057  4.7391364    65.6768     -0.090    16.8631     0.2708     6.7648     99.903 -9.990e-29
        896     -0.091    16.8631   0.046919     2.8307    -0.1057  4.7316686    65.6760     -0.090    16.8631     0.2708     6.7648     99.903 -9.990e-29
        897     -0.091    16.8632   0.046933     2.8307    -0.1057  4.7246217    65.6753     -0.090    16.8632     0.2709     6.7647     99.903 -9.990e-29
        898     -0.091    16.8632   0.046950     2.8307    -0.1240  4.7180314    65.6747     -0.090    16.8632     0.2710     6.7647     99.903 -9.990e-29
        899     -0.091    16.8633   0.046967     2.8307    -0.1057  4.7118521    65.6742     -0.090    16.8633     0.2711     6.7647     99.903 -9.990e-29
        900     -0.091    16.8633   0.046981     2.8307    -0.1240  4.7060407    65.6739     -0.090    16.8633     0.2712     6.7647     99.903 -9.990e-29
        901     -0.091    16.8634   0.046992     2.8307    -0.1057  4.7005567    65.6739     -0.090    16.8634     0.2713     6.7647     99.903 -9.990e-29
        902     -0.091    16.8634   0.047000     2.8307    -0.1057  4.6953622    65.6740     -0.090    16.8634     0.2713     6.7647     99.903 -9.990e-29
        903     -0.091    16.8635   0.047008     2.8307    -0.1057  4.6904208    65.6745     -0.090    16.8635     0.2714     6.7647     99.903 -9.990e-29
        904     -0.091    16.8635   0.047014     2.8307    -0.1057  4.6856982    65.6752     -0.090    16.8635     0.2714     6.7647     99.903 -9.990e-29
        905     -0.091    16.8636   0.047019     2.8307    -0.1240  4.6811616    65.6761     -0.090    16.8636     0.2714     6.7647     99.903 -9.990e-29
        906     -0.091    16.8637   0.047022     2.8307    -0.1057  4.6767794    65.6773     -0.090    16.8637     0.2714     6.7646     99.903 -9.990e-29
        907     -0.091    16.8637   0.047023     2.8307    -0.1240  4.6725212    65.6786     -0.090    16.8637     0.2714     6.7646     99.903 -9.990e-29
        908     -0.091    16.8638   0.047026     2.8307    -0.1240  4.6683572    65.6801     -0.090    16.8638     0.2715     6.7646     99.903 -9.990e-29
        909     -0.091    16.8639   0.047028     2.8307    -0.1240  4.6642586    65.6818     -0.090    16.8639     0.2715     6.7646     99.903 -9.990e-29
        910     -0.091    16.8639   0.047029     2.8307    -0.1057  4.6601968    65.6838     -0.090    16.8639     0.2715     6.7646     99.903 -9.990e-29
        911     -0.091    16.8640   0.047026     2.8307    -0.1057  4.6561436    65.6860     -0.090    16.8640     0.2715     6.7646     99.903 -9.990e-29
        912     -0.091    16.8641   0.047021     2.8307    -0.1057  4.6520708    65.6885     -0.090    16.8641     0.2714     6.7646     99.903 -9.990e-29
        913     -0.091    16.8641   0.047016     2.8307    -0.1057  4.6479500    65.6914     -0.090    16.8641     0.2714     6.7646     99.903 -9.990e-29
        914     -0.091    16.8642   0.047012     2.8307    -0.1057  4.6437526    65.6945     -0.090    16.8642     0.2714     6.7646     99.903 -9.990e-29
        915     -0.091    16.8642   0.047010     2.8307    -0.1057  4.6394494    65.6978     -0.090    16.8642     0.2714     6.7646     99.903 -9.990e-29
        916     -0.091    16.8643   0.047009     2.8307    -0.1057  4.6350104    65.7014     -0.090    16.8643     0.2714     6.7646     99.903 -9.990e-29
        917     -0.091    16.8644   0.047007     2.8307    -0.1240  4.6304047    65.7050     -0.090    16.8644     0.2713     6.7646     99.903 -9.990e-29
        918     -0.091    16.8644   0.047000     2.8307    -0.1057  4.6256004    65.7089     -0.090    16.8644     0.2713     6.7646     99.903 -9.990e-29
        919     -0.091    16.8645   0.046993     2.8307    -0.1057  4.6205640    65.7129     -0.090    16.8645     0.2713     6.7646     99.904 -9.990e-29
        920     -0.090    16.8645   0.046982     2.8307    -0.0873  4.6153454    65.7173     -0.089    16.8645     0.2712     6.7646     99.904 -9.990e-29
        921     -0.090    16.8646   0.046973     2.8307    -0.0507  4.6101631    65.7219     -0.089    16.8646     0.2711     6.7646     99.904 -9.990e-29
        922     -0.090    16.8646   0.046961     2.8307    -0.0690  4.6052359    65.7269     -0.089    16.8646     0.2711     6.7646     99.904 -9.990e-29
        923     -0.090    16.8647   0.046950     2.8307    -0.0690  4.6006145    65.7321     -0.089    16.8647     0.2710     6.7646     99.904 -9.990e-29
        924     -0.090    16.8648   0.046937     2.8307    -0.0690  4.5962666    65.7376     -0.089    16.8648     0.2709     6.7646     99.904 -9.990e-29
        925     -0.090    16.8648   0.046927     2.8307    -0.0507  4.5921622    65.7433     -0.089    16.8648     0.2709     6.7646     99.904 -9.990e-29
        926     -0.090    16.8649   0.046921     2.8307    -0.0507  4.5882725    65.7492     -0.089    16.8649     0.2708     6.7645     99.904 -9.990e-29
        927     -0.090    16.8650   0.046917     2.8307    -0.0507  4.5845705    65.7552     -0.089    16.8650     0.2708     6.7645     99.903 -9.990e-29
        928     -0.090    16.8651   0.046912     2.8307    -0.0690  4.5810306    65.7612     -0.089    16.8651     0.2708     6.7645     99.903 -9.990e-29
        929     -0.091    16.8651   0.046903     2.8307    -0.0690  4.5776280    65.7672     -0.090    16.8651     0.2707     6.7645     99.903 -9.990e-29
