data/2023/2023_wed/06CTD16.cnv
* Sea-Bird SBE 9 Data File:
* FileName = C:\Users\ctd-user\Desktop\CTD_data\2023\MAR440 Sept 2023\06CTD16.hex
* Software Version Seasave V 7.26.2.13
* Temperature SN = 4493
* Conductivity SN = 1899
* Number of Bytes Per Scan = 37
* Number of Voltage Words = 4
* Number of Scans Averaged by the Deck Unit = 1
* NMEA Latitude = 58 17.95 N
* NMEA Longitude = 011 45.81 E
* NMEA UTC (Time) = Sep 06 2023 12:40:14
* NMEA baud rate = 4800
** Ship:
** Station:
** Operator:
# nquan = 14                                
# nvalues = 2173                        
# units = specified
# name 0 = scan: Scan Count
# name 1 = prDM: Pressure, Digiquartz [db]
# name 2 = t090C: Temperature [ITS-90, deg C]
# name 3 = c0S/m: Conductivity [S/m]
# name 4 = sbeox0V: Oxygen raw, SBE 43 [V]
# name 5 = flECO-AFL: Fluorescence, WET Labs ECO-AFL/FL [mg/m^3]
# name 6 = upoly0: Upoly 0, Turbidity
# name 7 = xmiss: Beam Transmission, Chelsea/Seatech [%]
# name 8 = depSM: Depth [salt water, m], lat = 58.2992
# name 9 = potemp090C: Potential Temperature [ITS-90, deg C]
# name 10 = sal00: Salinity, Practical [PSU]
# name 11 = sbeox0ML/L: Oxygen, SBE 43 [ml/l], WS = 2
# name 12 = sbeox0PS: Oxygen, SBE 43 [% saturation], WS = 2
# name 13 = flag: flag
# span 0 =          1,       2173       
# span 1 =      1.291,     36.336       
# span 2 =     7.0519,    18.4553       
# span 3 =   2.899106,   3.425281       
# span 4 =     0.7957,     2.8024       
# span 5 =     0.1324,     3.4841       
# span 6 =  4.3973323,  6.0861021       
# span 7 =    80.1519,    98.7945       
# span 8 =      1.279,     35.995       
# span 9 =     7.0490,    18.4551       
# span 10 =    20.7910,    32.3053      
# span 11 =     0.7358,     5.7280      
# span 12 =     10.720,     98.819      
# span 13 = 0.0000e+00, 0.0000e+00      
# interval = seconds: 0.0416667
# start_time = Sep 06 2023 12:40:14 [NMEA time, header]
# bad_flag = -9.990e-29
*END*
[from data line 1755]
       1756     30.802     7.0620   3.276628     0.9863     0.1691  4.5370315    98.7241     30.514     7.0593    32.1655     1.4290     20.806 0.0000e+00
       1757     30.817     7.0619   3.276672     0.9863     0.1691  4.5380662    98.7122     30.528     7.0592    32.1661     1.4286     20.800 0.0000e+00
       1758     30.832     7.0618   3.276715     0.9863     0.1691  4.5392791    98.6994     30.543     7.0591    32.1666     1.4282     20.794 0.0000e+00
       1759     30.846     7.0617   3.276758     0.9862     0.1508  4.5406787    98.6852     30.557     7.0590    32.1672     1.4275     20.784 0.0000e+00
       1760     30.861     7.0616   3.276800     0.9862     0.1691  4.5421898    98.6696     30.572     7.0589    32.1677     1.4271     20.778 0.0000e+00
       1761     30.875     7.0615   3.276843     0.9862     0.1508  4.5436530    98.6524     30.586     7.0588    32.1683     1.4267     20.773 0.0000e+00
       1762     30.890     7.0615   3.276886     0.9861     0.1691  4.5449935    98.6336     30.601     7.0588    32.1687     1.4261     20.763 0.0000e+00
       1763     30.904     7.0614   3.276928     0.9861     0.1691  4.5462207    98.6136     30.615     7.0587    32.1693     1.4257     20.758 0.0000e+00
       1764     30.919     7.0613   3.276970     0.9860     0.1691  4.5473431    98.5928     30.629     7.0586    32.1698     1.4251     20.749 0.0000e+00
       1765     30.933     7.0612   3.277012     0.9860     0.1691  4.5483685    98.5716     30.643     7.0585    32.1704     1.4247     20.744 0.0000e+00
       1766     30.947     7.0611   3.277054     0.9859     0.1691  4.5493041    98.5503     30.657     7.0584    32.1709     1.4241     20.734 0.0000e+00
       1767     30.962     7.0610   3.277096     0.9859     0.1691  4.5501563    98.5285     30.672     7.0583    32.1714     1.4237     20.729 0.0000e+00
       1768     30.976     7.0609   3.277137     0.9858     0.1691  4.5509311    98.5067     30.686     7.0582    32.1720     1.4230     20.719 0.0000e+00
       1769     30.990     7.0608   3.277179     0.9858     0.1508  4.5516339    98.4849     30.700     7.0581    32.1725     1.4226     20.713 0.0000e+00
       1770     31.004     7.0607   3.277220     0.9857     0.1691  4.5522695    98.4627     30.714     7.0580    32.1731     1.4219     20.703 0.0000e+00
       1771     31.018     7.0606   3.277261     0.9857     0.1691  4.5528425    98.4401     30.727     7.0579    32.1736     1.4216     20.698 0.0000e+00
       1772     31.032     7.0605   3.277301     0.9856     0.1691  4.5533567    98.4171     30.741     7.0578    32.1741     1.4209     20.688 0.0000e+00
       1773     31.046     7.0604   3.277341     0.9855     0.1691  4.5538157    98.3934     30.755     7.0577    32.1746     1.4202     20.678 0.0000e+00
       1774     31.060     7.0603   3.277380     0.9855     0.1691  4.5542228    98.3692     30.769     7.0576    32.1751     1.4197     20.671 0.0000e+00
       1775     31.074     7.0603   3.277418     0.9854     0.1691  4.5545808    98.3457     30.783     7.0575    32.1756     1.4190     20.660 0.0000e+00
       1776     31.088     7.0602   3.277457     0.9854     0.1691  4.5548922    98.3239     30.797     7.0574    32.1761     1.4185     20.654 0.0000e+00
       1777     31.102     7.0601   3.277494     0.9853     0.1691  4.5551590    98.3046     30.811     7.0573    32.1766     1.4178     20.644 0.0000e+00
       1778     31.115     7.0600   3.277531     0.9853     0.1691  4.5553833    98.2893     30.824     7.0572    32.1770     1.4173     20.636 0.0000e+00
       1779     31.129     7.0599   3.277567     0.9852     0.1691  4.5555665    98.2803     30.837     7.0571    32.1775     1.4166     20.625 0.0000e+00
       1780     31.142     7.0598   3.277603     0.9851     0.1691  4.5557099    98.2792     30.850     7.0570    32.1780     1.4158     20.614 0.0000e+00
       1781     31.156     7.0598   3.277639     0.9851     0.1691  4.5558146    98.2853     30.864     7.0570    32.1784     1.4153     20.607 0.0000e+00
       1782     31.169     7.0597   3.277674     0.9850     0.1691  4.5558812    98.2969     30.877     7.0569    32.1789     1.4145     20.595 0.0000e+00
       1783     31.183     7.0596   3.277710     0.9849     0.1691  4.5559102    98.3122     30.891     7.0568    32.1793     1.4137     20.583 0.0000e+00
       1784     31.196     7.0595   3.277745     0.9848     0.1691  4.5559018    98.3306     30.904     7.0567    32.1798     1.4129     20.572 0.0000e+00
       1785     31.210     7.0594   3.277780     0.9848     0.1508  4.5558560    98.3523     30.918     7.0566    32.1803     1.4124     20.564 0.0000e+00
       1786     31.223     7.0593   3.277814     0.9847     0.1508  4.5557725    98.3769     30.931     7.0565    32.1807     1.4116     20.553 0.0000e+00
       1787     31.237     7.0592   3.277849     0.9846     0.1324  4.5556505    98.4032     30.944     7.0564    32.1812     1.4108     20.542 0.0000e+00
       1788     31.250     7.0591   3.277884     0.9845     0.1508  4.5554894    98.4297     30.957     7.0563    32.1817     1.4100     20.530 0.0000e+00
       1789     31.264     7.0590   3.277919     0.9844     0.1508  4.5552880    98.4554     30.971     7.0562    32.1821     1.4092     20.518 0.0000e+00
       1790     31.277     7.0590   3.277954     0.9843     0.1508  4.5550448    98.4806     30.984     7.0562    32.1825     1.4084     20.506 0.0000e+00
       1791     31.290     7.0589   3.277988     0.9841     0.1324  4.5547583    98.5057     30.997     7.0561    32.1830     1.4072     20.489 0.0000e+00
       1792     31.304     7.0588   3.278023     0.9840     0.1508  4.5544263    98.5305     31.011     7.0560    32.1834     1.4064     20.477 0.0000e+00
       1793     31.317     7.0587   3.278058     0.9839     0.1324  4.5540467    98.5551     31.024     7.0559    32.1839     1.4055     20.465 0.0000e+00
       1794     31.330     7.0586   3.278092     0.9838     0.1508  4.5536167    98.5793     31.037     7.0558    32.1844     1.4047     20.453 0.0000e+00
       1795     31.343     7.0585   3.278125     0.9837     0.1508  4.5531333    98.6037     31.049     7.0557    32.1848     1.4039     20.441 0.0000e+00
       1796     31.357     7.0585   3.278159     0.9835     0.1324  4.5525932    98.6281     31.063     7.0557    32.1852     1.4027     20.424 0.0000e+00
       1797     31.370     7.0584   3.278191     0.9834     0.1508  4.5519927    98.6521     31.076     7.0556    32.1856     1.4019     20.412 0.0000e+00
       1798     31.383     7.0583   3.278223     0.9833     0.1508  4.5513276    98.6750     31.089     7.0555    32.1860     1.4010     20.399 0.0000e+00
       1799     31.396     7.0582   3.278254     0.9831     0.1324  4.5505931    98.6962     31.102     7.0554    32.1865     1.3999     20.383 0.0000e+00
       1800     31.410     7.0582   3.278287     0.9830     0.1508  4.5497844    98.7151     31.116     7.0554    32.1868     1.3990     20.371 0.0000e+00
       1801     31.423     7.0581   3.278318     0.9829     0.1508  4.5488956    98.7316     31.129     7.0553    32.1872     1.3982     20.359 0.0000e+00
       1802     31.436     7.0580   3.278348     0.9827     0.1508  4.5479206    98.7457     31.142     7.0552    32.1877     1.3970     20.341 0.0000e+00
       1803     31.449     7.0580   3.278379     0.9826     0.1691  4.5468526    98.7575     31.154     7.0552    32.1880     1.3962     20.329 0.0000e+00
       1804     31.462     7.0579   3.278410     0.9824     0.1508  4.5456843    98.7674     31.167     7.0551    32.1884     1.3950     20.312 0.0000e+00
       1805     31.475     7.0579   3.278441     0.9823     0.1324  4.5444074    98.7755     31.180     7.0551    32.1887     1.3942     20.300 0.0000e+00
       1806     31.488     7.0578   3.278472     0.9821     0.1508  4.5430131    98.7817     31.193     7.0550    32.1892     1.3931     20.284 0.0000e+00
       1807     31.501     7.0577   3.278501     0.9820     0.1508  4.5414918    98.7862     31.206     7.0549    32.1896     1.3922     20.271 0.0000e+00
       1808     31.514     7.0577   3.278532     0.9819     0.1508  4.5398327    98.7890     31.219     7.0549    32.1899     1.3913     20.258 0.0000e+00
       1809     31.527     7.0576   3.278561     0.9817     0.1324  4.5380244    98.7905     31.232     7.0548    32.1903     1.3902     20.242 0.0000e+00
       1810     31.541     7.0575   3.278591     0.9816     0.1691  4.5361392    98.7912     31.246     7.0547    32.1907     1.3893     20.229 0.0000e+00
       1811     31.554     7.0575   3.278621     0.9814     0.1691  4.5343339    98.7917     31.258     7.0547    32.1910     1.3882     20.213 0.0000e+00
       1812     31.567     7.0574   3.278651     0.9812     0.1691  4.5326809    98.7926     31.271     7.0546    32.1914     1.3871     20.197 0.0000e+00
       1813     31.580     7.0573   3.278681     0.9811     0.1691  4.5311687    98.7935     31.284     7.0545    32.1919     1.3862     20.184 0.0000e+00
       1814     31.593     7.0573   3.278712     0.9809     0.1691  4.5297867    98.7943     31.297     7.0545    32.1922     1.3851     20.167 0.0000e+00
       1815     31.606     7.0572   3.278741     0.9807     0.1691  4.5285254    98.7945     31.310     7.0544    32.1926     1.3839     20.151 0.0000e+00
       1816     31.619     7.0571   3.278772     0.9806     0.1691  4.5273759    98.7941     31.323     7.0543    32.1930     1.3830     20.138 0.0000e+00
       1817     31.632     7.0571   3.278803     0.9804     0.1691  4.5263304    98.7930     31.336     7.0543    32.1934     1.3818     20.120 0.0000e+00
       1818     31.645     7.0570   3.278834     0.9802     0.1691  4.5253814    98.7912     31.349     7.0542    32.1938     1.3805     20.102 0.0000e+00
       1819     31.659     7.0570   3.278865     0.9800     0.1691  4.5245224    98.7883     31.362     7.0542    32.1941     1.3793     20.084 0.0000e+00
       1820     31.672     7.0569   3.278897     0.9798     0.1691  4.5237474    98.7841     31.375     7.0541    32.1945     1.3781     20.066 0.0000e+00
       1821     31.685     7.0569   3.278930     0.9797     0.1508  4.5230511    98.7786     31.388     7.0541    32.1949     1.3771     20.052 0.0000e+00
       1822     31.698     7.0568   3.278962     0.9795     0.1691  4.5224285    98.7721     31.401     7.0540    32.1953     1.3759     20.034 0.0000e+00
       1823     31.711     7.0568   3.278996     0.9793     0.1508  4.5218754    98.7650     31.414     7.0540    32.1957     1.3747     20.016 0.0000e+00
       1824     31.725     7.0567   3.279030     0.9791     0.1691  4.5213879    98.7573     31.428     7.0539    32.1962     1.3734     19.998 0.0000e+00
       1825     31.738     7.0567   3.279066     0.9789     0.1691  4.5209627    98.7491     31.441     7.0539    32.1965     1.3721     19.979 0.0000e+00
       1826     31.752     7.0566   3.279102     0.9786     0.1508  4.5205967    98.7402     31.455     7.0538    32.1970     1.3705     19.956 0.0000e+00
       1827     31.765     7.0566   3.279138     0.9784     0.1691  4.5202873    98.7303     31.467     7.0538    32.1974     1.3692     19.936 0.0000e+00
       1828     31.779     7.0565   3.279177     0.9782     0.1508  4.5200326    98.7193     31.481     7.0537    32.1979     1.3679     19.917 0.0000e+00
       1829     31.792     7.0565   3.279214     0.9780     0.1691  4.5198306    98.7073     31.494     7.0537    32.1983     1.3665     19.898 0.0000e+00
       1830     31.806     7.0564   3.279253     0.9778     0.1691  4.5196801    98.6958     31.508     7.0536    32.1988     1.3652     19.879 0.0000e+00
       1831     31.819     7.0563   3.279292     0.9775     0.1691  4.5195798    98.6868     31.521     7.0535    32.1993     1.3636     19.855 0.0000e+00
       1832     31.833     7.0563   3.279331     0.9773     0.1691  4.5195292    98.6810     31.535     7.0535    32.1998     1.3622     19.835 0.0000e+00
       1833     31.847     7.0562   3.279371     0.9771     0.1691  4.5195279    98.6773     31.549     7.0534    32.2003     1.3609     19.816 0.0000e+00
       1834     31.861     7.0562   3.279410     0.9768     0.1691  4.5195758    98.6745     31.563     7.0534    32.2007     1.3592     19.792 0.0000e+00
       1835     31.874     7.0561   3.279449     0.9766     0.1691  4.5196734    98.6719     31.575     7.0533    32.2012     1.3579     19.772 0.0000e+00
       1836     31.888     7.0560   3.279489     0.9764     0.1691  4.5198213    98.6697     31.589     7.0532    32.2017     1.3565     19.752 0.0000e+00
       1837     31.902     7.0560   3.279529     0.9761     0.1691  4.5200205    98.6678     31.603     7.0532    32.2022     1.3548     19.728 0.0000e+00
       1838     31.916     7.0559   3.279568     0.9758     0.1691  4.5202723    98.6659     31.617     7.0531    32.2027     1.3531     19.703 0.0000e+00
       1839     31.930     7.0558   3.279607     0.9756     0.1691  4.5205787    98.6638     31.631     7.0530    32.2032     1.3518     19.683 0.0000e+00
       1840     31.944     7.0558   3.279647     0.9753     0.1691  4.5209416    98.6612     31.645     7.0530    32.2036     1.3501     19.659 0.0000e+00
       1841     31.958     7.0557   3.279687     0.9750     0.1508  4.5213636    98.6579     31.659     7.0529    32.2041     1.3484     19.634 0.0000e+00
       1842     31.972     7.0556   3.279727     0.9747     0.1691  4.5218477    98.6534     31.672     7.0528    32.2047     1.3467     19.610 0.0000e+00
       1843     31.986     7.0556   3.279766     0.9745     0.1691  4.5223972    98.6474     31.686     7.0528    32.2051     1.3454     19.590 0.0000e+00
       1844     32.000     7.0555   3.279804     0.9742     0.1691  4.5230159    98.6399     31.700     7.0527    32.2056     1.3437     19.565 0.0000e+00
       1845     32.014     7.0554   3.279843     0.9739     0.1508  4.5237082    98.6322     31.714     7.0526    32.2061     1.3419     19.540 0.0000e+00
       1846     32.028     7.0553   3.279882     0.9736     0.1874  4.5244788    98.6260     31.728     7.0525    32.2066     1.3403     19.516 0.0000e+00
       1847     32.042     7.0552   3.279920     0.9734     0.1691  4.5253331    98.6222     31.742     7.0524    32.2071     1.3389     19.496 0.0000e+00
       1848     32.057     7.0552   3.279958     0.9731     0.1691  4.5262771    98.6201     31.757     7.0524    32.2075     1.3372     19.471 0.0000e+00
       1849     32.071     7.0551   3.279997     0.9727     0.1691  4.5273174    98.6192     31.771     7.0523    32.2080     1.3352     19.442 0.0000e+00
       1850     32.085     7.0550   3.280035     0.9724     0.1691  4.5284611    98.6193     31.784     7.0522    32.2085     1.3335     19.418 0.0000e+00
       1851     32.100     7.0549   3.280072     0.9721     0.1874  4.5297162    98.6208     31.799     7.0521    32.2090     1.3317     19.392 0.0000e+00
       1852     32.114     7.0548   3.280109     0.9718     0.1691  4.5310915    98.6237     31.813     7.0520    32.2095     1.3300     19.367 0.0000e+00
       1853     32.129     7.0547   3.280146     0.9715     0.1691  4.5325964    98.6276     31.828     7.0519    32.2100     1.3283     19.341 0.0000e+00
       1854     32.143     7.0547   3.280183     0.9712     0.1691  4.5342416    98.6322     31.842     7.0519    32.2104     1.3265     19.316 0.0000e+00
       1855     32.158     7.0546   3.280219     0.9709     0.1691  4.5360384    98.6367     31.857     7.0518    32.2109     1.3247     19.290 0.0000e+00
       1856     32.173     7.0545   3.280254     0.9705     0.1508  4.5379994    98.6407     31.872     7.0517    32.2113     1.3226     19.259 0.0000e+00
       1857     32.188     7.0544   3.280290     0.9702     0.1691  4.5401381    98.6438     31.886     7.0515    32.2118     1.3208     19.233 0.0000e+00
       1858     32.202     7.0544   3.280327     0.9698     0.1691  4.5424694    98.6459     31.900     7.0515    32.2122     1.3187     19.202 0.0000e+00
