data/2023/2023_wed/06CTD03.cnv
* Sea-Bird SBE 9 Data File:
* FileName = C:\Users\ctd-user\Desktop\CTD_data\2023\MAR440 Sept 2023\06CTD03.hex
* Software Version Seasave V 7.26.2.13
* Temperature SN = 4493
* Conductivity SN = 1899
* Number of Bytes Per Scan = 37
* Number of Voltage Words = 4
* Number of Scans Averaged by the Deck Unit = 1
* NMEA Latitude = 58 20.09 N
* NMEA Longitude = 011 52.84 E
* NMEA UTC (Time) = Sep 06 2023 08:51:53
* NMEA baud rate = 4800
** Ship:
** Station:
** Operator:
# nquan = 14                                
# nvalues = 2887                        
# units = specified
# name 0 = scan: Scan Count
# name 1 = prDM: Pressure, Digiquartz [db]
# name 2 = t090C: Temperature [ITS-90, deg C]
# name 3 = c0S/m: Conductivity [S/m]
# name 4 = sbeox0V: Oxygen raw, SBE 43 [V]
# name 5 = flECO-AFL: Fluorescence, WET Labs ECO-AFL/FL [mg/m^3]
# name 6 = upoly0: Upoly 0, Turbidity
# name 7 = xmiss: Beam Transmission, Chelsea/Seatech [%]
# name 8 = depSM: Depth [salt water, m], lat = 58.3348
# name 9 = potemp090C: Potential Temperature [ITS-90, deg C]
# name 10 = sal00: Salinity, Practical [PSU]
# name 11 = sbeox0ML/L: Oxygen, SBE 43 [ml/l], WS = 2
# name 12 = sbeox0PS: Oxygen, SBE 43 [% saturation], WS = 2
# name 13 = flag: flag
# span 0 =          1,       2887       
# span 1 =     -0.145,     44.307       
# span 2 =     7.7527,    18.4823       
# span 3 =   0.031036,   3.376725       
# span 4 =     0.5522,     2.8549       
# span 5 =    -0.1606,     6.0848       
# span 6 =  4.2515393,  9.8430119       
# span 7 =    65.4904,    99.0469       
# span 8 =     -0.144,     43.890       
# span 9 =     7.7509,    18.4822       
# span 10 =     0.1792,    31.9105      
# span 11 =     0.1332,     6.8932      
# span 12 =      2.000,    100.950      
# span 13 = 0.0000e+00, 0.0000e+00      
# interval = seconds: 0.0416667
# start_time = Sep 06 2023 08:51:53 [NMEA time, header]
# bad_flag = -9.990e-29
*END*
[from data line 207]
        208      0.875    18.4749   2.792027     2.3750     5.4987  4.9977211    82.4821      0.867    18.4748    19.9374     4.3668     74.966 0.0000e+00
        209      0.886    18.4745   2.791505     2.3718     5.4987  4.9933150    82.4796      0.878    18.4744    19.9335     4.3608     74.861 0.0000e+00
        210      0.897    18.4740   2.790965     2.3686     5.4987  4.9891964    82.4754      0.889    18.4739    19.9295     4.3548     74.756 0.0000e+00
        211      0.908    18.4736   2.790411     2.3653     5.4987  4.9853364    82.4697      0.900    18.4735    19.9254     4.3485     74.645 0.0000e+00
        212      0.919    18.4731   2.789846     2.3622     5.4987  4.9817084    82.4624      0.910    18.4730    19.9212     4.3427     74.542 0.0000e+00
        213      0.929    18.4727   2.789275     2.3590     5.4987  4.9782870    82.4538      0.920    18.4726    19.9169     4.3366     74.435 0.0000e+00
        214      0.939    18.4722   2.788702     2.3558     5.4987  4.9750484    82.4447      0.930    18.4721    19.9126     4.3304     74.327 0.0000e+00
        215      0.949    18.4717   2.788129     2.3527     5.4987  4.9719701    82.4359      0.940    18.4716    19.9084     4.3245     74.223 0.0000e+00
        216      0.959    18.4712   2.787560     2.3495     5.4987  4.9690307    82.4280      0.950    18.4710    19.9041     4.3183     74.114 0.0000e+00
        217      0.968    18.4706   2.786996     2.3464     5.4987  4.9662097    82.4209      0.959    18.4704    19.9000     4.3124     74.009 0.0000e+00
        218      0.977    18.4701   2.786439     2.3433     5.5171  4.9634876    82.4143      0.968    18.4699    19.8959     4.3064     73.904 0.0000e+00
        219      0.986    18.4695   2.785890     2.3402     5.5171  4.9608453    82.4079      0.977    18.4693    19.8919     4.3004     73.798 -9.990e-29
        220      0.994    18.4689   2.785351     2.3371     5.4987  4.9582645    82.4016      0.985    18.4687    19.8879     4.2944     73.693 -9.990e-29
        221      1.002    18.4683   2.784823     2.3341     5.4987  4.9557273    82.3952      0.993    18.4681    19.8841     4.2886     73.591 -9.990e-29
        222      1.009    18.4677   2.784306     2.3310     5.4987  4.9532160    82.3889      1.000    18.4675    19.8803     4.2826     73.485 -9.990e-29
        223      1.016    18.4671   2.783802     2.3280     5.4987  4.9507131    82.3829      1.007    18.4669    19.8766     4.2768     73.384 -9.990e-29
        224      1.023    18.4666   2.783312     2.3250     5.4987  4.9482012    82.3770      1.013    18.4664    19.8730     4.2711     73.283 -9.990e-29
        225      1.029    18.4660   2.782836     2.3220     5.4987  4.9456629    82.3711      1.019    18.4658    19.8696     4.2653     73.181 -9.990e-29
        226      1.036    18.4654   2.782379     2.3191     5.4987  4.9430804    82.3649      1.026    18.4652    19.8663     4.2598     73.084 -9.990e-29
        227      1.041    18.4649   2.781940     2.3161     5.4987  4.9404358    82.3582      1.031    18.4647    19.8630     4.2540     72.983 -9.990e-29
        228      1.047    18.4643   2.781520     2.3132     5.4987  4.9377108    82.3510      1.037    18.4641    19.8600     4.2485     72.886 -9.990e-29
        229      1.052    18.4638   2.781117     2.3102     5.3522  4.9348863    82.3434      1.042    18.4636    19.8571     4.2427     72.786 -9.990e-29
        230      1.057    18.4633   2.780733     2.3073     4.5830  4.9320277    82.3351      1.047    18.4631    19.8543     4.2372     72.689 -9.990e-29
        231      1.061    18.4628   2.780365     2.3044     4.2167  4.9292849    82.3261      1.051    18.4626    19.8517     4.2317     72.592 -9.990e-29
        232      1.065    18.4623   2.780013     2.3015     4.1801  4.9267239    82.3164      1.055    18.4621    19.8492     4.2262     72.496 -9.990e-29
        233      1.069    18.4618   2.779677     2.2986     4.2167  4.9243267    82.3058      1.059    18.4616    19.8468     4.2207     72.400 -9.990e-29
        234      1.072    18.4614   2.779355     2.2958     4.2350  4.9220767    82.2943      1.062    18.4612    19.8444     4.2155     72.309 -9.990e-29
        235      1.076    18.4609   2.779043     2.2929     4.2350  4.9199583    82.2822      1.066    18.4607    19.8422     4.2100     72.214 -9.990e-29
        236      1.079    18.4604   2.778744     2.2901     4.2350  4.9179568    82.2695      1.069    18.4602    19.8401     4.2048     72.123 -9.990e-29
        237      1.082    18.4600   2.778452     2.2873     4.2167  4.9160581    82.2561      1.072    18.4598    19.8380     4.1996     72.032 -9.990e-29
        238      1.085    18.4595   2.778169     2.2845     4.2167  4.9142491    82.2421      1.075    18.4593    19.8360     4.1944     71.942 -9.990e-29
        239      1.088    18.4591   2.777891     2.2817     4.2350  4.9125172    82.2270      1.078    18.4589    19.8340     4.1893     71.852 -9.990e-29
        240      1.090    18.4586   2.777618     2.2790     4.2350  4.9108504    82.2110      1.080    18.4584    19.8321     4.1844     71.767 -9.990e-29
        241      1.092    18.4581   2.777350     2.2762     4.2350  4.9092371    82.1941      1.082    18.4579    19.8303     4.1793     71.678 -9.990e-29
        242      1.095    18.4577   2.777084     2.2735     4.2167  4.9076660    82.1764      1.085    18.4575    19.8284     4.1745     71.594 -9.990e-29
        243      1.097    18.4572   2.776823     2.2708     4.2167  4.9061262    82.1577      1.087    18.4570    19.8266     4.1696     71.509 -9.990e-29
        244      1.098    18.4567   2.776565     2.2682     4.2167  4.9046070    82.1378      1.088    18.4565    19.8248     4.1650     71.429 -9.990e-29
        245      1.100    18.4563   2.776312     2.2655     4.2350  4.9030979    82.1169      1.090    18.4561    19.8230     4.1602     71.345 -9.990e-29
        246      1.102    18.4558   2.776061     2.2629     4.2350  4.9015882    82.0951      1.092    18.4556    19.8213     4.1557     71.266 -9.990e-29
        247      1.103    18.4554   2.775813     2.2603     4.2167  4.9000676    82.0724      1.093    18.4552    19.8195     4.1511     71.187 -9.990e-29
        248      1.105    18.4550   2.775567     2.2578     4.2350  4.8985255    82.0484      1.095    18.4548    19.8178     4.1469     71.112 -9.990e-29
        249      1.106    18.4546   2.775325     2.2552     4.2350  4.8969511    82.0231      1.096    18.4544    19.8161     4.1423     71.033 -9.990e-29
        250      1.107    18.4542   2.775086     2.2527     4.2350  4.8953335    81.9962      1.097    18.4540    19.8144     4.1380     70.958 -9.990e-29
        251      1.108    18.4538   2.774852     2.2501     4.2167  4.8936613    81.9676      1.098    18.4536    19.8127     4.1335     70.880 -9.990e-29
        252      1.109    18.4534   2.774624     2.2477     4.2167  4.8919231    81.9371      1.099    18.4532    19.8111     4.1295     70.810 -9.990e-29
        253      1.110    18.4530   2.774401     2.2452     4.2167  4.8901067    81.9046      1.100    18.4528    19.8096     4.1253     70.736 -9.990e-29
        254      1.111    18.4527   2.774185     2.2427     4.2350  4.8881994    81.8698      1.101    18.4525    19.8080     4.1210     70.661 -9.990e-29
        255      1.112    18.4523   2.773976     2.2403     4.2350  4.8861881    81.8325      1.102    18.4521    19.8066     4.1170     70.591 -9.990e-29
        256      1.112    18.4520   2.773772     2.2379     4.2533  4.8841435    81.7954      1.102    18.4518    19.8051     4.1129     70.521 -9.990e-29
        257      1.113    18.4517   2.773574     2.2355     4.2716  4.8822215    81.7659      1.103    18.4515    19.8037     4.1089     70.450 -9.990e-29
        258      1.114    18.4514   2.773378     2.2332     4.2716  4.8804935    81.7509      1.104    18.4512    19.8023     4.1051     70.384 -9.990e-29
        259      1.114    18.4511   2.773187     2.2308     4.2716  4.8789476    81.7510      1.104    18.4509    19.8010     4.1010     70.313 -9.990e-29
        260      1.115    18.4508   2.772998     2.2285     4.2533  4.8775729    81.7625      1.105    18.4506    19.7996     4.0971     70.246 -9.990e-29
        261      1.115    18.4506   2.772812     2.2262     4.2716  4.8763600    81.7812      1.105    18.4504    19.7982     4.0933     70.179 -9.990e-29
        262      1.116    18.4503   2.772627     2.2239     4.2716  4.8753004    81.8040      1.106    18.4501    19.7969     4.0894     70.111 -9.990e-29
        263      1.117    18.4501   2.772446     2.2217     4.2716  4.8743867    81.8290      1.107    18.4499    19.7956     4.0857     70.048 -9.990e-29
        264      1.117    18.4499   2.772267     2.2195     4.2533  4.8736125    81.8550      1.107    18.4497    19.7943     4.0820     69.983 -9.990e-29
        265      1.118    18.4497   2.772092     2.2172     4.2716  4.8729726    81.8815      1.108    18.4495    19.7930     4.0781     69.915 -9.990e-29
        266      1.118    18.4495   2.771918     2.2151     4.2716  4.8724623    81.9080      1.108    18.4493    19.7918     4.0745     69.854 -9.990e-29
        267      1.118    18.4493   2.771746     2.2129     4.2716  4.8720782    81.9340      1.108    18.4491    19.7905     4.0708     69.788 -9.990e-29
        268      1.119    18.4490   2.771575     2.2107     4.2716  4.8718177    81.9594      1.109    18.4488    19.7893     4.0670     69.722 -9.990e-29
        269      1.119    18.4488   2.771407     2.2086     4.2533  4.8716788    81.9840      1.109    18.4486    19.7881     4.0634     69.660 -9.990e-29
        270      1.120    18.4487   2.771241     2.2065     4.2716  4.8716606    82.0080      1.110    18.4485    19.7868     4.0598     69.597 -9.990e-29
        271      1.120    18.4485   2.771075     2.2044     4.2716  4.8717631    82.0312      1.110    18.4483    19.7856     4.0561     69.534 -9.990e-29
        272      1.120    18.4482   2.770911     2.2023     4.2716  4.8719868    82.0537      1.110    18.4480    19.7845     4.0525     69.470 -9.990e-29
        273      1.121    18.4480   2.770751     2.2002     4.2533  4.8723334    82.0759      1.111    18.4478    19.7833     4.0488     69.407 -9.990e-29
        274      1.121    18.4478   2.770592     2.1981     4.2716  4.8728053    82.0978      1.111    18.4476    19.7822     4.0451     69.343 -9.990e-29
        275      1.122    18.4476   2.770435     2.1961     4.2716  4.8734058    82.1191      1.112    18.4474    19.7810     4.0417     69.283 -9.990e-29
        276      1.122    18.4474   2.770282     2.1941     4.2716  4.8741390    82.1395      1.112    18.4472    19.7799     4.0382     69.223 -9.990e-29
        277      1.122    18.4472   2.770130     2.1921     4.2716  4.8750100    82.1587      1.112    18.4470    19.7788     4.0347     69.162 -9.990e-29
        278      1.122    18.4470   2.769981     2.1900     4.2716  4.8760249    82.1768      1.112    18.4468    19.7778     4.0310     69.097 -9.990e-29
        279      1.123    18.4467   2.769832     2.1881     4.2716  4.8771908    82.1936      1.113    18.4465    19.7767     4.0277     69.041 -9.990e-29
        280      1.123    18.4465   2.769685     2.1861     4.2716  4.8785158    82.2091      1.113    18.4463    19.7757     4.0242     68.980 -9.990e-29
        281      1.123    18.4463   2.769539     2.1841     4.2716  4.8799241    82.2229      1.113    18.4461    19.7746     4.0207     68.919 -9.990e-29
        282      1.123    18.4461   2.769395     2.1822     4.2716  4.8812556    82.2348      1.113    18.4459    19.7736     4.0174     68.862 -9.990e-29
        283      1.123    18.4459   2.769251     2.1803     4.2716  4.8824348    82.2447      1.113    18.4457    19.7726     4.0141     68.805 -9.990e-29
        284      1.123    18.4456   2.769109     2.1783     4.2716  4.8834697    82.2524      1.113    18.4454    19.7716     4.0106     68.744 -9.990e-29
        285      1.123    18.4454   2.768967     2.1764     4.2716  4.8843677    82.2578      1.113    18.4452    19.7706     4.0073     68.687 -9.990e-29
        286      1.123    18.4452   2.768825     2.1745     4.2533  4.8851348    82.2606      1.113    18.4450    19.7695     4.0041     68.631 -9.990e-29
        287      1.123    18.4450   2.768684     2.1726     4.2716  4.8857766    82.2610      1.113    18.4448    19.7685     4.0008     68.574 -9.990e-29
        288      1.123    18.4447   2.768542     2.1707     4.2533  4.8862974    82.2597      1.113    18.4445    19.7676     3.9976     68.518 -9.990e-29
        289      1.123    18.4445   2.768399     2.1689     4.2716  4.8867008    82.2569      1.113    18.4443    19.7665     3.9947     68.468 -9.990e-29
        290      1.123    18.4442   2.768257     2.1670     4.2716  4.8869897    82.2528      1.113    18.4440    19.7656     3.9915     68.412 -9.990e-29
        291      1.122    18.4439   2.768113     2.1652     4.2716  4.8871661    82.2473      1.112    18.4437    19.7646     3.9886     68.362 -9.990e-29
        292      1.122    18.4437   2.767970     2.1633     4.2716  4.8872312    82.2397      1.112    18.4435    19.7635     3.9855     68.308 -9.990e-29
        293      1.122    18.4434   2.767826     2.1615     4.2716  4.8871855    82.2295      1.112    18.4432    19.7626     3.9827     68.259 -9.990e-29
        294      1.122    18.4431   2.767682     2.1597     4.2716  4.8870286    82.2163      1.112    18.4429    19.7616     3.9799     68.210 -9.990e-29
        295      1.121    18.4429   2.767538     2.1579     4.2716  4.8867594    82.1997      1.111    18.4427    19.7605     3.9771     68.162 -9.990e-29
        296      1.121    18.4426   2.767395     2.1562     4.2533  4.8863761    82.1794      1.111    18.4424    19.7596     3.9746     68.119 -9.990e-29
        297      1.120    18.4424   2.767252     2.1544     4.2533  4.8858760    82.1555      1.110    18.4422    19.7585     3.9720     68.072 -9.990e-29
        298      1.120    18.4421   2.767110     2.1527     4.2716  4.8852557    82.1277      1.110    18.4419    19.7576     3.9696     68.030 -9.990e-29
        299      1.119    18.4419   2.766969     2.1510     4.2716  4.8845107    82.0960      1.109    18.4417    19.7566     3.9672     67.988 -9.990e-29
        300      1.119    18.4416   2.766830     2.1493     4.2716  4.8836360    82.0600      1.109    18.4414    19.7556     3.9648     67.948 -9.990e-29
        301      1.118    18.4414   2.766693     2.1476     4.2716  4.8826255    82.0196      1.108    18.4412    19.7546     3.9626     67.908 -9.990e-29
        302      1.117    18.4412   2.766556     2.1460     4.2716  4.8814721    81.9747      1.107    18.4410    19.7536     3.9606     67.873 -9.990e-29
        303      1.116    18.4410   2.766422     2.1444     4.2533  4.8801677    81.9252      1.106    18.4408    19.7527     3.9586     67.839 -9.990e-29
        304      1.115    18.4408   2.766290     2.1428     4.2716  4.8787034    81.8710      1.105    18.4406    19.7518     3.9567     67.805 -9.990e-29
        305      1.115    18.4407   2.766160     2.1412     4.2533  4.8770689    81.8119      1.105    18.4405    19.7508     3.9548     67.772 -9.990e-29
        306      1.114    18.4405   2.766031     2.1396     4.2167  4.8753378    81.7476      1.104    18.4403    19.7499     3.9529     67.739 -9.990e-29
        307      1.113    18.4404   2.765905     2.1381     4.1434  4.8736680    81.6778      1.103    18.4402    19.7489     3.9513     67.711 -9.990e-29
        308      1.112    18.4403   2.765783     2.1366     4.1068  4.8721327    81.6015      1.102    18.4401    19.7480     3.9498     67.684 -9.990e-29
        309      1.110    18.4402   2.765664     2.1351     4.1251  4.8707213    81.5178      1.100    18.4400    19.7471     3.9482     67.658 -9.990e-29
