data/2023/2023_wed/06CTD13.cnv
* Sea-Bird SBE 9 Data File:
* FileName = C:\Users\ctd-user\Desktop\CTD_data\2023\MAR440 Sept 2023\06CTD13.hex
* Software Version Seasave V 7.26.2.13
* Temperature SN = 4493
* Conductivity SN = 1899
* Number of Bytes Per Scan = 37
* Number of Voltage Words = 4
* Number of Scans Averaged by the Deck Unit = 1
* NMEA Latitude = 58 20.02 N
* NMEA Longitude = 011 42.94 E
* NMEA UTC (Time) = Sep 06 2023 11:45:17
* NMEA baud rate = 4800
** Ship:
** Station:
** Operator:
# nquan = 14                                
# nvalues = 1916                        
# units = specified
# name 0 = scan: Scan Count
# name 1 = prDM: Pressure, Digiquartz [db]
# name 2 = t090C: Temperature [ITS-90, deg C]
# name 3 = c0S/m: Conductivity [S/m]
# name 4 = sbeox0V: Oxygen raw, SBE 43 [V]
# name 5 = flECO-AFL: Fluorescence, WET Labs ECO-AFL/FL [mg/m^3]
# name 6 = upoly0: Upoly 0, Turbidity
# name 7 = xmiss: Beam Transmission, Chelsea/Seatech [%]
# name 8 = depSM: Depth [salt water, m], lat = 58.3337
# name 9 = potemp090C: Potential Temperature [ITS-90, deg C]
# name 10 = sal00: Salinity, Practical [PSU]
# name 11 = sbeox0ML/L: Oxygen, SBE 43 [ml/l], WS = 2
# name 12 = sbeox0PS: Oxygen, SBE 43 [% saturation], WS = 2
# name 13 = flag: flag
# span 0 =          1,       1916       
# span 1 =      0.051,     11.928       
# span 2 =    15.6666,    18.4363       
# span 3 =   0.055863,   3.291394       
# span 4 =     1.7393,     3.0083       
# span 5 =    -0.0873,     2.9346       
# span 6 =  4.9086709,  198.89753       
# span 7 =    76.9564,   100.0023       
# span 8 =      0.051,     11.817       
# span 9 =    15.6649,    18.4361       
# span 10 =     0.3189,    25.5528      
# span 11 =     1.8433,     7.0889      
# span 12 =     31.342,    110.141      
# span 13 = 0.0000e+00, 0.0000e+00      
# interval = seconds: 0.0416667
# start_time = Sep 06 2023 11:45:17 [NMEA time, header]
# bad_flag = -9.990e-29
*END*
[from data line 1859]
       1860     10.947    15.9277   3.252872 -9.990e-29     0.4987  5.3602920    77.1118     10.845    15.9261    25.1185 -9.990e-29 -9.990e-29 0.0000e+00
       1861     10.970    15.9171   3.254243 -9.990e-29     0.4804  5.3571711    77.0315     10.868    15.9155    25.1369 -9.990e-29 -9.990e-29 0.0000e+00
       1862     10.994    15.9066   3.255569 -9.990e-29     0.5171  5.3541507    76.9803     10.892    15.9050    25.1548 -9.990e-29 -9.990e-29 0.0000e+00
       1863     11.017    15.8963   3.256854 -9.990e-29     0.5354  5.3512097    76.9564     10.914    15.8947    25.1723 -9.990e-29 -9.990e-29 0.0000e+00
       1864     11.041    15.8860   3.258101 -9.990e-29     0.5171  5.3483278    76.9596     10.938    15.8844    25.1895 -9.990e-29 -9.990e-29 0.0000e+00
       1865     11.064    15.8759   3.259313 -9.990e-29     0.5171  5.3454849    76.9911     10.961    15.8743    25.2063 -9.990e-29 -9.990e-29 0.0000e+00
       1866     11.088    15.8658   3.260492 -9.990e-29     0.5171  5.3426611    77.0518     10.985    15.8642    25.2227 -9.990e-29 -9.990e-29 0.0000e+00
       1867     11.111    15.8559   3.261637 -9.990e-29     0.5171  5.3398369    77.1400     11.007    15.8543    25.2388 -9.990e-29 -9.990e-29 0.0000e+00
       1868     11.134    15.8462   3.262750 -9.990e-29     0.5171  5.3369927    77.2529     11.030    15.8446    25.2545 -9.990e-29 -9.990e-29 0.0000e+00
       1869     11.157    15.8366   3.263829 -9.990e-29     0.5354  5.3341085    77.3878     11.053    15.8350    25.2698 -9.990e-29 -9.990e-29 0.0000e+00
       1870     11.181    15.8273   3.264875 -9.990e-29     0.5171  5.3311644    77.5429     11.077    15.8257    25.2847 -9.990e-29 -9.990e-29 0.0000e+00
       1871     11.204    15.8182   3.265887 -9.990e-29     0.5354  5.3281399    77.7163     11.100    15.8166    25.2992 -9.990e-29 -9.990e-29 0.0000e+00
       1872     11.227    15.8093   3.266867 -9.990e-29     0.5171  5.3250139    77.9053     11.122    15.8077    25.3132 -9.990e-29 -9.990e-29 0.0000e+00
       1873     11.250    15.8006   3.267817 -9.990e-29     0.5354  5.3217647    78.1067     11.145    15.7990    25.3269 -9.990e-29 -9.990e-29 0.0000e+00
       1874     11.273    15.7922   3.268739 -9.990e-29     0.5354  5.3183696    78.3186     11.168    15.7906    25.3401 -9.990e-29 -9.990e-29 0.0000e+00
       1875     11.295    15.7840   3.269630 -9.990e-29     0.5354  5.3148052    78.5405     11.190    15.7824    25.3530 -9.990e-29 -9.990e-29 0.0000e+00
       1876     11.318    15.7761   3.270496 -9.990e-29     0.5171  5.3110465    78.7710     11.213    15.7745    25.3655 -9.990e-29 -9.990e-29 0.0000e+00
       1877     11.341    15.7684   3.271336 -9.990e-29     0.5171  5.3070675    79.0076     11.235    15.7668    25.3776 -9.990e-29 -9.990e-29 0.0000e+00
       1878     11.363    15.7610   3.272149 -9.990e-29     0.5171  5.3028404    79.2474     11.257    15.7594    25.3893 -9.990e-29 -9.990e-29 0.0000e+00
       1879     11.385    15.7538   3.272934 -9.990e-29     0.4987  5.2983358    79.4877     11.279    15.7522    25.4006 -9.990e-29 -9.990e-29 0.0000e+00
       1880     11.408    15.7468   3.273689 -9.990e-29     0.5171  5.2935224    79.7269     11.302    15.7452    25.4116 -9.990e-29 -9.990e-29 0.0000e+00
       1881     11.430    15.7401   3.274414 -9.990e-29     0.5171  5.2883668    79.9651     11.323    15.7385    25.4221 -9.990e-29 -9.990e-29 0.0000e+00
       1882     11.452    15.7336   3.275110 -9.990e-29     0.5171  5.2828330    80.2039     11.345    15.7320    25.4322 -9.990e-29 -9.990e-29 0.0000e+00
       1883     11.473    15.7274   3.275775 -9.990e-29     0.4987  5.2770524    80.4454     11.366    15.7257    25.4419 -9.990e-29 -9.990e-29 0.0000e+00
       1884     11.495    15.7214   3.276414 -9.990e-29     0.4987  5.2714096    80.6901     11.388    15.7197    25.4513 -9.990e-29 -9.990e-29 0.0000e+00
       1885     11.516    15.7156   3.277026 -9.990e-29     0.4804  5.2662050    80.9370     11.409    15.7139    25.4602 -9.990e-29 -9.990e-29 0.0000e+00
       1886     11.538    15.7100   3.277615 -9.990e-29     0.4804  5.2614873    81.1847     11.430    15.7083    25.4689 -9.990e-29 -9.990e-29 0.0000e+00
       1887     11.559    15.7047   3.278182 -9.990e-29     0.4804  5.2572238    81.4322     11.451    15.7030    25.4772 -9.990e-29 -9.990e-29 0.0000e+00
       1888     11.579    15.6996   3.278727 -9.990e-29     0.4804  5.2533848    81.6785     11.471    15.6979    25.4851 -9.990e-29 -9.990e-29 0.0000e+00
       1889     11.600    15.6948   3.279249 -9.990e-29     0.4804  5.2499435    81.9235     11.492    15.6931    25.4927 -9.990e-29 -9.990e-29 0.0000e+00
       1890     11.620    15.6903   3.279751 -9.990e-29     0.4804  5.2468761    82.1672     11.512    15.6886    25.4999 -9.990e-29 -9.990e-29 0.0000e+00
       1891     11.640    15.6861   3.280229 -9.990e-29     0.4804  5.2441611    82.4092     11.531    15.6844    25.5067 -9.990e-29 -9.990e-29 0.0000e+00
       1892     11.659    15.6821   3.280684 -9.990e-29     0.4804  5.2417798    82.6481     11.550    15.6804    25.5132 -9.990e-29 -9.990e-29 0.0000e+00
       1893     11.678    15.6786   3.281119 -9.990e-29     0.4804  5.2397155    82.8826     11.569    15.6769    25.5192 -9.990e-29 -9.990e-29 0.0000e+00
       1894     11.697    15.6754   3.281530 -9.990e-29     0.4987  5.2379539    83.1120     11.588    15.6737    25.5248 -9.990e-29 -9.990e-29 0.0000e+00
       1895     11.715    15.6726   3.281920 -9.990e-29     0.4804  5.2364827    83.3360     11.606    15.6709    25.5299 -9.990e-29 -9.990e-29 0.0000e+00
       1896     11.733    15.6703   3.282287 -9.990e-29     0.4804  5.2352917    83.5545     11.624    15.6686    25.5345 -9.990e-29 -9.990e-29 0.0000e+00
       1897     11.750    15.6685   3.282631 -9.990e-29     0.4804  5.2343726    83.7671     11.640    15.6668    25.5387 -9.990e-29 -9.990e-29 0.0000e+00
       1898     11.767    15.6673   3.282951 -9.990e-29     0.4804  5.2337190    83.9723     11.657    15.6656    25.5422 -9.990e-29 -9.990e-29 0.0000e+00
       1899     11.783    15.6666   3.283247 -9.990e-29     0.4804  5.2333264    84.1687     11.673    15.6649    25.5452 -9.990e-29 -9.990e-29 0.0000e+00
       1900     11.799    15.6666   3.283519 -9.990e-29     0.4804  5.2331920    84.3545     11.689    15.6649    25.5475 -9.990e-29 -9.990e-29 0.0000e+00
       1901     11.814    15.6670   3.283766 -9.990e-29     0.4804  5.2333150    84.5291     11.704    15.6653    25.5494 -9.990e-29 -9.990e-29 0.0000e+00
       1902     11.828    15.6680   3.283989 -9.990e-29     0.4804  5.2336961    84.6921     11.718    15.6663    25.5506 -9.990e-29 -9.990e-29 0.0000e+00
       1903     11.841    15.6690   3.284184 -9.990e-29     0.4804  5.2343380    84.8428     11.731    15.6673    25.5517 -9.990e-29 -9.990e-29 0.0000e+00
       1904     11.854    15.6694   3.284350 -9.990e-29     0.4804  5.2352451    84.9802     11.743    15.6677    25.5528 -9.990e-29 -9.990e-29 0.0000e+00
       1905     11.865 -9.990e-29   3.291262 -9.990e-29     0.4804  5.2364239    85.1028     11.754 -9.990e-29 -9.990e-29 -9.990e-29 -9.990e-29 0.0000e+00
       1906     11.876 -9.990e-29   3.291334 -9.990e-29     0.4804  5.2378824    85.2098     11.765 -9.990e-29 -9.990e-29 -9.990e-29 -9.990e-29 0.0000e+00
       1907     11.886 -9.990e-29   3.291378 -9.990e-29     0.4804  5.2396309    85.3017     11.775 -9.990e-29 -9.990e-29 -9.990e-29 -9.990e-29 -9.990e-29
       1908     11.894 -9.990e-29   3.291394 -9.990e-29     0.4621  5.2416814    85.3804     11.783 -9.990e-29 -9.990e-29 -9.990e-29 -9.990e-29 -9.990e-29
       1909     11.902 -9.990e-29   3.291382 -9.990e-29     0.4255  5.2438785    85.4479     11.791 -9.990e-29 -9.990e-29 -9.990e-29 -9.990e-29 -9.990e-29
       1910     11.909 -9.990e-29   3.291343 -9.990e-29     0.4072  5.2458975    85.5061     11.798 -9.990e-29 -9.990e-29 -9.990e-29 -9.990e-29 -9.990e-29
       1911     11.915 -9.990e-29   3.291275 -9.990e-29     0.4072  5.2475827    85.5564     11.804 -9.990e-29 -9.990e-29 -9.990e-29 -9.990e-29 -9.990e-29
       1912     11.919 -9.990e-29   3.291181 -9.990e-29     0.4072  5.2489458    85.5994     11.808 -9.990e-29 -9.990e-29 -9.990e-29 -9.990e-29 -9.990e-29
       1913     11.923 -9.990e-29   3.291064 -9.990e-29     0.4255  5.2499963    85.6345     11.812 -9.990e-29 -9.990e-29 -9.990e-29 -9.990e-29 -9.990e-29
       1914     11.926 -9.990e-29   3.290938 -9.990e-29     0.4072  5.2507415    85.6607     11.815 -9.990e-29 -9.990e-29 -9.990e-29 -9.990e-29 -9.990e-29
       1915     11.927 -9.990e-29   3.290834 -9.990e-29     0.4072  5.2511865    85.6768     11.816 -9.990e-29 -9.990e-29 -9.990e-29 -9.990e-29 -9.990e-29
       1916     11.928 -9.990e-29   3.290792 -9.990e-29     0.4072  5.2513345    85.6823     11.817 -9.990e-29 -9.990e-29 -9.990e-29 -9.990e-29 -9.990e-29
