data/2023/2023_wed/06CTD16.cnv
* Sea-Bird SBE 9 Data File:
* FileName = C:\Users\ctd-user\Desktop\CTD_data\2023\MAR440 Sept 2023\06CTD16.hex
* Software Version Seasave V 7.26.2.13
* Temperature SN = 4493
* Conductivity SN = 1899
* Number of Bytes Per Scan = 37
* Number of Voltage Words = 4
* Number of Scans Averaged by the Deck Unit = 1
* NMEA Latitude = 58 17.95 N
* NMEA Longitude = 011 45.81 E
* NMEA UTC (Time) = Sep 06 2023 12:40:14
* NMEA baud rate = 4800
** Ship:
** Station:
** Operator:
# nquan = 14                                
# nvalues = 2173                        
# units = specified
# name 0 = scan: Scan Count
# name 1 = prDM: Pressure, Digiquartz [db]
# name 2 = t090C: Temperature [ITS-90, deg C]
# name 3 = c0S/m: Conductivity [S/m]
# name 4 = sbeox0V: Oxygen raw, SBE 43 [V]
# name 5 = flECO-AFL: Fluorescence, WET Labs ECO-AFL/FL [mg/m^3]
# name 6 = upoly0: Upoly 0, Turbidity
# name 7 = xmiss: Beam Transmission, Chelsea/Seatech [%]
# name 8 = depSM: Depth [salt water, m], lat = 58.2992
# name 9 = potemp090C: Potential Temperature [ITS-90, deg C]
# name 10 = sal00: Salinity, Practical [PSU]
# name 11 = sbeox0ML/L: Oxygen, SBE 43 [ml/l], WS = 2
# name 12 = sbeox0PS: Oxygen, SBE 43 [% saturation], WS = 2
# name 13 = flag: flag
# span 0 =          1,       2173       
# span 1 =      1.291,     36.336       
# span 2 =     7.0519,    18.4553       
# span 3 =   2.899106,   3.425281       
# span 4 =     0.7957,     2.8024       
# span 5 =     0.1324,     3.4841       
# span 6 =  4.3973323,  6.0861021       
# span 7 =    80.1519,    98.7945       
# span 8 =      1.279,     35.995       
# span 9 =     7.0490,    18.4551       
# span 10 =    20.7910,    32.3053      
# span 11 =     0.7358,     5.7280      
# span 12 =     10.720,     98.819      
# span 13 = 0.0000e+00, 0.0000e+00      
# interval = seconds: 0.0416667
# start_time = Sep 06 2023 12:40:14 [NMEA time, header]
# bad_flag = -9.990e-29
*END*
          1      1.342    18.4520   2.901629     2.3732     3.4841  5.0008877    80.1519      1.330    18.4518    20.8113     4.6519     80.242 -9.990e-29
          2      1.342    18.4520   2.901657     2.3731     3.4841  5.0008915    80.1577      1.330    18.4518    20.8115     4.6516     80.238 -9.990e-29
          3      1.343    18.4520   2.901687     2.3731     3.4658  5.0008955    80.1641      1.331    18.4518    20.8117     4.6516     80.238 -9.990e-29
          4      1.343    18.4520   2.901717     2.3732     3.4841  5.0008999    80.1714      1.331    18.4518    20.8120     4.6518     80.242 -9.990e-29
          5      1.344    18.4520   2.901747     2.3735     3.4841  5.0009047    80.1801      1.332    18.4518    20.8122     4.6526     80.255 -9.990e-29
          6      1.345    18.4520   2.901776     2.3739     3.4841  5.0009099    80.1908      1.332    18.4518    20.8124     4.6536     80.272 -9.990e-29
          7      1.346    18.4519   2.901803     2.3744     3.4841  5.0009155    80.2037      1.333    18.4517    20.8127     4.6548     80.294 -9.990e-29
          8      1.347    18.4519   2.901829     2.3751     3.4658  5.0009217    80.2186      1.334    18.4517    20.8129     4.6566     80.324 -9.990e-29
          9      1.348    18.4519   2.901853     2.3760     3.4841  5.0009284    80.2355      1.335    18.4517    20.8131     4.6588     80.363 -9.990e-29
         10      1.349    18.4519   2.901875     2.3771     3.4841  5.0009356    80.2543      1.336    18.4517    20.8133     4.6615     80.410 -9.990e-29
         11      1.350    18.4518   2.901893     2.3785     3.4841  5.0009435    80.2747      1.337    18.4516    20.8135     4.6650     80.470 -9.990e-29
         12      1.352    18.4518   2.901909     2.3800     3.4841  5.0009521    80.2960      1.339    18.4516    20.8136     4.6688     80.534 -9.990e-29
         13      1.353    18.4518   2.901923     2.3818     3.4841  5.0009614    80.3177      1.340    18.4516    20.8137     4.6732     80.612 -9.990e-29
         14      1.354    18.4517   2.901933     2.3839     3.4841  5.0009715    80.3393      1.341    18.4515    20.8138     4.6785     80.702 -9.990e-29
         15      1.356    18.4517   2.901941     2.3862     3.4841  5.0009826    80.3605      1.343    18.4515    20.8139     4.6842     80.801 -9.990e-29
         16      1.357    18.4517   2.901946     2.3888     3.4841  5.0009945    80.3813      1.344    18.4515    20.8139     4.6907     80.913 -9.990e-29
         17      1.359    18.4517   2.901948     2.3916     3.4658  5.0010075    80.4012      1.346    18.4515    20.8139     4.6976     81.033 -9.990e-29
         18      1.360    18.4516   2.901946     2.3948     3.4841  5.0010217    80.4201      1.347    18.4514    20.8140     4.7056     81.170 -9.990e-29
         19      1.362    18.4516   2.901943     2.3982     3.4841  5.0010370    80.4378      1.349    18.4514    20.8140     4.7141     81.316 -9.990e-29
         20      1.364    18.4516   2.901937     2.4019     3.4841  5.0010538    80.4547      1.351    18.4514    20.8139     4.7233     81.475 -9.990e-29
         21      1.365    18.4515   2.901929     2.4058     3.4841  5.0010719    80.4711      1.352    18.4513    20.8139     4.7330     81.643 -9.990e-29
         22      1.367    18.4515   2.901919     2.4100     3.4841  5.0010917    80.4875      1.354    18.4513    20.8138     4.7435     81.823 -9.990e-29
         23      1.369    18.4515   2.901906     2.4144     3.4841  5.0011131    80.5043      1.356    18.4513    20.8137     4.7544     82.012 -9.990e-29
         24      1.370    18.4515   2.901892     2.4190     3.4841  5.0011364    80.5214      1.357    18.4513    20.8136     4.7659     82.210 -9.990e-29
         25      1.372    18.4515   2.901875     2.4238     3.4291  5.0011618    80.5382      1.359    18.4513    20.8135     5.1800     89.353 -9.990e-29
         26      1.374    18.4514   2.901857     2.4288     3.4108  5.0011893    80.5547      1.361    18.4512    20.8134     5.2060     89.801 -9.990e-29
         27      1.375    18.4514   2.901837     2.4340     3.4108  5.0012193    80.5707      1.362    18.4512    20.8132     5.2319     90.247 -9.990e-29
         28      1.377    18.4514   2.901816     2.4393     3.4108  5.0012518    80.5863      1.364    18.4512    20.8131     5.2573     90.686 -9.990e-29
         29      1.379    18.4514   2.901794     2.4448     3.4291  5.0012872    80.6012      1.366    18.4512    20.8129     5.2825     91.120 -9.990e-29
         30      1.381    18.4513   2.901770     2.4504     3.4291  5.0013257    80.6153      1.368    18.4511    20.8127     5.3072     91.546 -9.990e-29
         31      1.383    18.4513   2.901747     2.4561     3.3925  5.0013675    80.6287      1.370    18.4511    20.8126     5.3313     91.962 -9.990e-29
         32      1.384    18.4513   2.901723     2.4619     3.4291  5.0014129    80.6411      1.371    18.4511    20.8124     5.3549     92.368 -9.990e-29
         33      1.386    18.4513   2.901699     2.4678     3.4108  5.0014623    80.6522      1.373    18.4511    20.8122     5.3778     92.764 -9.990e-29
         34      1.388    18.4513   2.901674     2.4738     3.4108  5.0015160    80.6616      1.375    18.4511    20.8120     5.4001     93.148 -9.990e-29
         35      1.390    18.4513   2.901649     2.4798     3.4108  5.0015744    80.6689      1.377    18.4511    20.8118     5.4215     93.518 -9.990e-29
         36      1.391    18.4513   2.901625     2.4859     3.4108  5.0016378    80.6747      1.378    18.4511    20.8116     5.4423     93.875 -9.990e-29
         37      1.393    18.4512   2.901601     2.4920     3.4291  5.0017068    80.6796      1.380    18.4510    20.8115     5.4621     94.218 -9.990e-29
         38      1.395    18.4512   2.901578     2.4981     3.4108  5.0017817    80.6844      1.382    18.4510    20.8113     5.4811     94.545 -9.990e-29
         39      1.397    18.4512   2.901555     2.5042     3.4108  5.0018632    80.6896      1.384    18.4510    20.8111     5.4992     94.856 -9.990e-29
         40      1.399    18.4512   2.901534     2.5103     3.4291  5.0019517    80.6954      1.386    18.4510    20.8109     5.5163     95.152 -9.990e-29
         41      1.401    18.4512   2.901514     2.5164     3.4108  5.0020480    80.7018      1.388    18.4510    20.8108     5.5327     95.434 -9.990e-29
         42      1.403    18.4512   2.901497     2.5225     3.4108  5.0021526    80.7088      1.390    18.4510    20.8106     5.5482     95.702 -9.990e-29
         43      1.404    18.4512   2.901481     2.5286     3.4108  5.0022663    80.7160      1.391    18.4510    20.8105     5.5629     95.956 -9.990e-29
         44      1.406    18.4512   2.901468     2.5346     3.4108  5.0023899    80.7231      1.393    18.4510    20.8104     5.5766     96.192 -9.990e-29
         45      1.408    18.4512   2.901458     2.5406     3.4291  5.0025243    80.7293      1.395    18.4510    20.8103     5.5896     96.416 -9.990e-29
         46      1.410    18.4512   2.901450     2.5465     3.4108  5.0026703    80.7343      1.397    18.4510    20.8103     5.6017     96.624 -9.990e-29
         47      1.412    18.4512   2.901445     2.5523     3.4291  5.0028290    80.7380      1.399    18.4510    20.8102     5.6129     96.817 -9.990e-29
         48      1.413    18.4512   2.901443     2.5581     3.3925  5.0030015    80.7405      1.400    18.4510    20.8102     5.6234     96.999 -9.990e-29
         49      1.415    18.4512   2.901442     2.5638     3.4291  5.0031891    80.7420      1.402    18.4510    20.8102     5.6332     97.168 -9.990e-29
         50      1.417    18.4512   2.901443     2.5694     3.3925  5.0033929    80.7427      1.404    18.4510    20.8102     5.6422     97.323 -9.990e-29
         51      1.418    18.4512   2.901446     2.5750     3.3559  5.0036145    80.7427      1.405    18.4510    20.8102     5.6507     97.469 -9.990e-29
         52      1.420    18.4512   2.901449     2.5805     3.3376  5.0038553    80.7419      1.407    18.4510    20.8102     5.6585     97.603 -9.990e-29
         53      1.421    18.4511   2.901453     2.5858     3.3192  5.0041171    80.7402      1.408    18.4509    20.8103     5.6654     97.722 -9.990e-29
         54      1.423    18.4511   2.901457     2.5911     3.3009  5.0044016    80.7377      1.410    18.4509    20.8104     5.6719     97.835 -9.990e-29
         55      1.425    18.4511   2.901460     2.5963     3.3192  5.0047109    80.7346      1.412    18.4509    20.8104     5.6779     97.938 -9.990e-29
         56      1.426    18.4511   2.901461     2.6014     3.3009  5.0050471    80.7312      1.413    18.4509    20.8104     5.6833     98.031 -9.990e-29
         57      1.428    18.4511   2.901461     2.6064     3.3192  5.0054125    80.7280      1.415    18.4509    20.8104     5.6882     98.116 -9.990e-29
         58      1.429    18.4511   2.901459     2.6113     3.3192  5.0058097    80.7255      1.416    18.4509    20.8104     5.6926     98.193 -9.990e-29
         59      1.431    18.4511   2.901453     2.6161     3.3192  5.0062414    80.7238      1.418    18.4509    20.8103     5.6967     98.262 -9.990e-29
         60      1.432    18.4511   2.901445     2.6207     3.3192  5.0067107    80.7229      1.419    18.4509    20.8103     5.7000     98.320 -9.990e-29
         61      1.433    18.4511   2.901432     2.6253     3.3192  5.0072207    80.7227      1.420    18.4509    20.8102     5.7033     98.376 -9.990e-29
         62      1.434    18.4511   2.901416     2.6298     3.3376  5.0077752    80.7228      1.421    18.4509    20.8100     5.7062     98.426 -9.990e-29
         63      1.436    18.4511   2.901395     2.6341     3.3192  5.0083778    80.7231      1.423    18.4509    20.8099     5.7085     98.467 -9.990e-29
         64      1.437    18.4511   2.901369     2.6383     3.3192  5.0090328    80.7235      1.424    18.4509    20.8097     5.7106     98.502 -9.990e-29
         65      1.438    18.4511   2.901337     2.6425     3.3009  5.0097448    80.7243      1.425    18.4509    20.8094     5.7126     98.536 -9.990e-29
         66      1.439    18.4511   2.901300     2.6465     3.3192  5.0105187    80.7257      1.426    18.4509    20.8091     5.7141     98.562 -9.990e-29
         67      1.440    18.4511   2.901256     2.6504     3.3192  5.0113599    80.7280      1.427    18.4509    20.8088     5.7154     98.584 -9.990e-29
         68      1.441    18.4511   2.901207     2.6542     3.3009  5.0122743    80.7314      1.428    18.4509    20.8084     5.7164     98.602 -9.990e-29
         69      1.442    18.4511   2.901150     2.6580     3.3192  5.0132682    80.7356      1.429    18.4509    20.8079     5.7176     98.622 -9.990e-29
         70      1.443    18.4511   2.901087     2.6616     3.3192  5.0143484    80.7406      1.430    18.4509    20.8074     5.7183     98.634 -9.990e-29
         71      1.444    18.4511   2.901016     2.6651     3.3192  5.0155227    80.7461      1.431    18.4509    20.8069     5.7189     98.644 -9.990e-29
         72      1.445    18.4511   2.900938     2.6686     3.3192  5.0167990    80.7523      1.432    18.4509    20.8063     5.7195     98.655 -9.990e-29
         73      1.446    18.4511   2.900853     2.6719     3.3192  5.0181863    80.7592      1.433    18.4509    20.8056     5.7198     98.659 -9.990e-29
         74      1.446    18.4512   2.900761     2.6752     3.3192  5.0196943    80.7664      1.433    18.4510    20.8048     5.7202     98.665 -9.990e-29
         75      1.447    18.4512   2.900662     2.6783     3.3192  5.0213333    80.7740      1.434    18.4510    20.8040     5.7202     98.665 -9.990e-29
         76      1.448    18.4512   2.900557     2.6814     3.3009  5.0230300    80.7820      1.435    18.4510    20.8032     5.7204     98.668 -9.990e-29
         77      1.449    18.4512   2.900447     2.6844     3.3009  5.0246262    80.7905      1.436    18.4510    20.8023     5.7205     98.669 -9.990e-29
         78      1.449    18.4513   2.900334     2.6874     3.3009  5.0260480    80.7989      1.436    18.4511    20.8014     5.7207     98.672 -9.990e-29
         79      1.450    18.4513   2.900220     2.6902     3.3192  5.0273055    80.8070      1.437    18.4511    20.8005     5.7206     98.670 -9.990e-29
         80      1.450    18.4514   2.900108     2.6930     3.3009  5.0284072    80.8142      1.437    18.4512    20.7996     5.7206     98.670 -9.990e-29
         81      1.451    18.4514   2.899999     2.6957     3.3009  5.0293609    80.8203      1.438    18.4512    20.7987     5.7206     98.669 -9.990e-29
         82      1.451    18.4515   2.899896     2.6984     3.2826  5.0301733    80.8250      1.438    18.4513    20.7978     5.7207     98.670 -9.990e-29
         83      1.451    18.4515   2.899804     2.7010     3.3009  5.0308499    80.8286      1.438    18.4513    20.7971     5.7207     98.671 -9.990e-29
         84      1.452    18.4516   2.899724     2.7035     3.3009  5.0313954    80.8315      1.439    18.4514    20.7964     5.7207     98.670 -9.990e-29
         85      1.452    18.4516   2.899658     2.7060     3.3009  5.0318138    80.8342      1.439    18.4514    20.7959     5.7208     98.671 -9.990e-29
         86      1.452    18.4517   2.899611     2.7084     3.3009  5.0321078    80.8369      1.439    18.4515    20.7955     5.7208     98.671 -9.990e-29
         87      1.453    18.4518   2.899581     2.7107     3.3009  5.0322795    80.8399      1.439    18.4516    20.7952     5.7207     98.670 -9.990e-29
         88      1.453    18.4518   2.899573     2.7130     3.3009  5.0323302    80.8433      1.439    18.4516    20.7951     5.7208     98.670 -9.990e-29
         89      1.453    18.4519   2.899580     2.7152     3.3376  5.0322601    80.8468      1.439    18.4517    20.7951     5.7207     98.669 -9.990e-29
         90      1.453    18.4519   2.899582     2.7174     3.3376  5.0320688    80.8506      1.439    18.4517    20.7952     5.7208     98.671 -9.990e-29
         91      1.453    18.4520   2.899562     2.7195     3.3376  5.0317550    80.8546      1.439    18.4518    20.7949     5.7207     98.670 -9.990e-29
         92      1.453    18.4521   2.899516     2.7216     3.3376  5.0313165    80.8590      1.439    18.4519    20.7945     5.7208     98.671 -9.990e-29
         93      1.453    18.4521   2.899454     2.7236     3.3376  5.0307501    80.8638      1.439    18.4519    20.7940     5.7208     98.671 -9.990e-29
         94      1.452    18.4522   2.899386     2.7256     3.3376  5.0300520    80.8688      1.439    18.4520    20.7935     5.7209     98.672 -9.990e-29
         95      1.452    18.4523   2.899318     2.7275     3.3192  5.0292174    80.8743      1.439    18.4521    20.7929     5.7208     98.671 -9.990e-29
         96      1.451    18.4523   2.899255     2.7294     3.3376  5.0282404    80.8801      1.438    18.4521    20.7924     5.7208     98.671 -9.990e-29
         97      1.451    18.4524   2.899199     2.7312     3.3376  5.0271142    80.8859      1.438    18.4522    20.7919     5.7207     98.669 -9.990e-29
         98      1.451    18.4525   2.899154     2.7330     3.3376  5.0258310    80.8914      1.438    18.4523    20.7915     5.7207     98.669 -9.990e-29
         99      1.450    18.4526   2.899121     2.7348     3.3376  5.0243818    80.8965      1.437    18.4524    20.7912     5.7208     98.670 -9.990e-29
        100      1.449    18.4526   2.899106     2.7365     3.3376  5.0227566    80.9016      1.436    18.4524    20.7910     5.7206     98.667 -9.990e-29
        101      1.449    18.4527   2.899116     2.7382     3.3009  5.0209441    80.9070      1.436    18.4525    20.7911     5.7206     98.666 -9.990e-29
        102      1.448    18.4528   2.899152     2.7398     3.2826  5.0190166    80.9127      1.435    18.4526    20.7913     5.7203     98.662 -9.990e-29
        103      1.447    18.4529   2.899213     2.7414     3.2826  5.0171306    80.9184      1.434    18.4527    20.7917     5.7201     98.659 -9.990e-29
