data/2023/2023_wed/06CTD13.cnv
* Sea-Bird SBE 9 Data File:
* FileName = C:\Users\ctd-user\Desktop\CTD_data\2023\MAR440 Sept 2023\06CTD13.hex
* Software Version Seasave V 7.26.2.13
* Temperature SN = 4493
* Conductivity SN = 1899
* Number of Bytes Per Scan = 37
* Number of Voltage Words = 4
* Number of Scans Averaged by the Deck Unit = 1
* NMEA Latitude = 58 20.02 N
* NMEA Longitude = 011 42.94 E
* NMEA UTC (Time) = Sep 06 2023 11:45:17
* NMEA baud rate = 4800
** Ship:
** Station:
** Operator:
# nquan = 14                                
# nvalues = 1916                        
# units = specified
# name 0 = scan: Scan Count
# name 1 = prDM: Pressure, Digiquartz [db]
# name 2 = t090C: Temperature [ITS-90, deg C]
# name 3 = c0S/m: Conductivity [S/m]
# name 4 = sbeox0V: Oxygen raw, SBE 43 [V]
# name 5 = flECO-AFL: Fluorescence, WET Labs ECO-AFL/FL [mg/m^3]
# name 6 = upoly0: Upoly 0, Turbidity
# name 7 = xmiss: Beam Transmission, Chelsea/Seatech [%]
# name 8 = depSM: Depth [salt water, m], lat = 58.3337
# name 9 = potemp090C: Potential Temperature [ITS-90, deg C]
# name 10 = sal00: Salinity, Practical [PSU]
# name 11 = sbeox0ML/L: Oxygen, SBE 43 [ml/l], WS = 2
# name 12 = sbeox0PS: Oxygen, SBE 43 [% saturation], WS = 2
# name 13 = flag: flag
# span 0 =          1,       1916       
# span 1 =      0.051,     11.928       
# span 2 =    15.6666,    18.4363       
# span 3 =   0.055863,   3.291394       
# span 4 =     1.7393,     3.0083       
# span 5 =    -0.0873,     2.9346       
# span 6 =  4.9086709,  198.89753       
# span 7 =    76.9564,   100.0023       
# span 8 =      0.051,     11.817       
# span 9 =    15.6649,    18.4361       
# span 10 =     0.3189,    25.5528      
# span 11 =     1.8433,     7.0889      
# span 12 =     31.342,    110.141      
# span 13 = 0.0000e+00, 0.0000e+00      
# interval = seconds: 0.0416667
# start_time = Sep 06 2023 11:45:17 [NMEA time, header]
# bad_flag = -9.990e-29
*END*
[from data line 1652]
       1653      6.477    18.3375   2.933866     2.7627     2.5683  5.0246938    83.1786      6.417    18.3365    21.1231     5.6045     96.641 0.0000e+00
       1654      6.501    18.3376   2.934117     2.7625     2.5134  5.0261897    83.1857      6.440    18.3366    21.1250     5.6031     96.618 0.0000e+00
       1655      6.525    18.3378   2.934369     2.7622     2.4951  5.0276072    83.1928      6.464    18.3368    21.1269     5.6015     96.591 0.0000e+00
       1656      6.548    18.3379   2.934624     2.7620     2.4951  5.0288710    83.1997      6.487    18.3369    21.1289     5.6000     96.567 0.0000e+00
       1657      6.572    18.3381   2.934881     2.7618     2.4951  5.0299901    83.2066      6.511    18.3371    21.1308     5.5986     96.544 0.0000e+00
       1658      6.595    18.3382   2.935136     2.7615     2.4951  5.0309722    83.2135      6.534    18.3372    21.1328     5.5969     96.516 0.0000e+00
       1659      6.619    18.3383   2.935390     2.7613     2.4951  5.0318241    83.2210      6.557    18.3373    21.1347     5.5955     96.493 0.0000e+00
       1660      6.642    18.3384   2.935641     2.7610     2.4951  5.0325517    83.2291      6.580    18.3374    21.1367     5.5938     96.465 0.0000e+00
       1661      6.665    18.3385   2.935887     2.7607     2.4951  5.0331602    83.2376      6.603    18.3374    21.1386     5.5921     96.437 0.0000e+00
       1662      6.688    18.3386   2.936127     2.7604     2.4951  5.0336537    83.2466      6.626    18.3375    21.1404     5.5904     96.409 0.0000e+00
       1663      6.712    18.3387   2.936363     2.7600     2.4951  5.0340357    83.2564      6.650    18.3376    21.1422     5.5884     96.376 0.0000e+00
       1664      6.735    18.3387   2.936592     2.7597     2.4951  5.0343088    83.2669      6.672    18.3376    21.1440     5.5867     96.348 0.0000e+00
       1665      6.758    18.3387   2.936816     2.7593     2.4951  5.0344749    83.2781      6.695    18.3376    21.1458     5.5848     96.315 0.0000e+00
       1666      6.781    18.3387   2.937034     2.7589     2.4951  5.0345353    83.2899      6.718    18.3376    21.1475     5.5828     96.283 0.0000e+00
       1667      6.804    18.3387   2.937246     2.7585     2.4951  5.0344902    83.3022      6.741    18.3376    21.1492     5.5809     96.250 0.0000e+00
       1668      6.827    18.3387   2.937454     2.7581     2.4951  5.0343394    83.3145      6.763    18.3376    21.1508     5.5790     96.218 0.0000e+00
       1669      6.850    18.3387   2.937659     2.7577     2.4951  5.0340819    83.3269      6.786    18.3376    21.1525     5.5771     96.186 0.0000e+00
       1670      6.873    18.3387   2.937861     2.7573     2.4768  5.0337159    83.3391      6.809    18.3376    21.1541     5.5751     96.154 0.0000e+00
       1671      6.896    18.3386   2.938058     2.7569     2.4951  5.0332388    83.3512      6.832    18.3375    21.1557     5.5733     96.122 0.0000e+00
       1672      6.918    18.3385   2.938251     2.7565     2.5134  5.0326472    83.3630      6.854    18.3374    21.1572     5.5714     96.090 0.0000e+00
       1673      6.941    18.3385   2.938435     2.7560     2.4951  5.0319371    83.3746      6.876    18.3374    21.1587     5.5693     96.055 0.0000e+00
       1674      6.964    18.3384   2.938609     2.7556     2.4951  5.0311036    83.3860      6.899    18.3373    21.1601     5.5674     96.024 0.0000e+00
       1675      6.986    18.3383   2.938774     2.7551     2.4951  5.0301408    83.3974      6.921    18.3372    21.1615     5.5654     95.989 0.0000e+00
       1676      7.009    18.3381   2.938929     2.7547     2.4951  5.0290420    83.4088      6.944    18.3370    21.1628     5.5636     95.959 0.0000e+00
       1677      7.031    18.3380   2.939078     2.7542     2.4951  5.0277997    83.4201      6.966    18.3369    21.1640     5.5616     95.925 0.0000e+00
       1678      7.054    18.3379   2.939220     2.7537     2.4951  5.0264051    83.4314      6.988    18.3368    21.1652     5.5596     95.891 0.0000e+00
       1679      7.077    18.3377   2.939357     2.7532     2.4584  5.0249334    83.4426      7.011    18.3366    21.1664     5.5577     95.858 0.0000e+00
       1680      7.099    18.3375   2.939488     2.7527     2.4218  5.0235444    83.4538      7.033    18.3364    21.1675     5.5558     95.825 0.0000e+00
       1681      7.121    18.3373   2.939615     2.7522     2.4218  5.0223134    83.4649      7.055    18.3362    21.1686     5.5539     95.793 0.0000e+00
       1682      7.144    18.3370   2.939738     2.7517     2.4218  5.0212316    83.4756      7.077    18.3359    21.1697     5.5520     95.761 0.0000e+00
       1683      7.166    18.3368   2.939858     2.7512     2.4218  5.0202917    83.4855      7.099    18.3357    21.1708     5.5502     95.729 0.0000e+00
       1684      7.188    18.3365   2.939977     2.7507     2.4218  5.0194871    83.4946      7.121    18.3354    21.1719     5.5484     95.698 0.0000e+00
       1685      7.210    18.3361   2.940094     2.7502     2.4218  5.0188122    83.5030      7.143    18.3350    21.1730     5.5466     95.668 0.0000e+00
       1686      7.232    18.3358   2.940213     2.7496     2.4218  5.0182622    83.5105      7.165    18.3347    21.1741     5.5446     95.633 0.0000e+00
       1687      7.254    18.3354   2.940334     2.7491     2.4218  5.0178334    83.5172      7.186    18.3343    21.1753     5.5429     95.603 0.0000e+00
       1688      7.276    18.3349   2.940458     2.7485     2.4218  5.0175228    83.5232      7.208    18.3338    21.1765     5.5409     95.569 0.0000e+00
       1689      7.297    18.3344   2.940585     2.7480     2.4218  5.0173283    83.5286      7.229    18.3332    21.1777     5.5392     95.540 0.0000e+00
       1690      7.319    18.3339   2.940716     2.7474     2.4218  5.0172483    83.5337      7.251    18.3327    21.1790     5.5372     95.505 0.0000e+00
       1691      7.341    18.3333   2.940851     2.7469     2.4218  5.0172825    83.5389      7.273    18.3321    21.1804     5.5355     95.476 0.0000e+00
       1692      7.363    18.3327   2.940988     2.7463     2.4218  5.0174311    83.5444      7.294    18.3315    21.1818     5.5336     95.441 0.0000e+00
       1693      7.385    18.3320   2.941129     2.7458     2.4218  5.0176950    83.5501      7.316    18.3308    21.1833     5.5318     95.411 0.0000e+00
       1694      7.406    18.3312   2.941270     2.7452     2.4218  5.0180762    83.5563      7.337    18.3300    21.1848     5.5299     95.377 0.0000e+00
       1695      7.428    18.3304   2.941412     2.7447     2.4401  5.0185772    83.5629      7.359    18.3292    21.1863     5.5282     95.347 0.0000e+00
       1696      7.449    18.3296   2.941556     2.7441     2.4218  5.0192015    83.5699      7.380    18.3284    21.1879     5.5262     95.312 0.0000e+00
       1697      7.471    18.3287   2.941703     2.7435     2.4218  5.0199536    83.5773      7.401    18.3275    21.1895     5.5242     95.277 0.0000e+00
       1698      7.492    18.3278   2.941854     2.7430     2.4218  5.0208386    83.5849      7.422    18.3266    21.1911     5.5224     95.246 0.0000e+00
       1699      7.513    18.3270   2.942008     2.7424     2.4401  5.0218627    83.5928      7.443    18.3258    21.1928     5.5204     95.210 0.0000e+00
       1700      7.535    18.3262   2.942167     2.7418     2.4218  5.0230330    83.6009      7.465    18.3250    21.1944     5.5182     95.172 0.0000e+00
       1701      7.556    18.3253   2.942329     2.7413     2.4218  5.0243576    83.6091      7.486    18.3241    21.1962     5.5163     95.139 0.0000e+00
       1702      7.577    18.3245   2.942498     2.7407     2.4401  5.0258458    83.6173      7.506    18.3233    21.1979     5.5141     95.100 0.0000e+00
       1703      7.598    18.3237   2.942670     2.7401     2.4218  5.0275080    83.6254      7.527    18.3225    21.1997     5.5118     95.060 0.0000e+00
       1704      7.619    18.3229   2.942847     2.7395     2.4035  5.0293556    83.6338      7.548    18.3217    21.2015     5.5095     95.019 0.0000e+00
       1705      7.640    18.3221   2.943029     2.7389     2.3852  5.0313166    83.6424      7.569    18.3209    21.2034     5.5070     94.977 0.0000e+00
       1706      7.661    18.3213   2.943215     2.7383     2.3669  5.0332348    83.6513      7.590    18.3201    21.2052     5.5045     94.932 0.0000e+00
       1707      7.682    18.3205   2.943406     2.7377     2.3669  5.0350385    83.6604      7.610    18.3193    21.2072     5.5018     94.885 0.0000e+00
       1708      7.703    18.3197   2.943601     2.7371     2.3669  5.0367403    83.6697      7.631    18.3185    21.2091     5.4990     94.836 0.0000e+00
       1709      7.724    18.3190   2.943798     2.7365     2.3119  5.0383521    83.6790      7.652    18.3178    21.2110     5.4960     94.785 0.0000e+00
       1710      7.744    18.3182   2.943991     2.7358     2.3669  5.0398851    83.6879      7.672    18.3170    21.2130     5.4927     94.727 0.0000e+00
       1711      7.765    18.3175   2.944178     2.7352     2.3669  5.0413499    83.6960      7.693    18.3163    21.2148     5.4894     94.670 0.0000e+00
       1712      7.786    18.3167   2.944358     2.7346     2.3669  5.0427567    83.7029      7.713    18.3155    21.2166     5.4860     94.611 0.0000e+00
       1713      7.807    18.3160   2.944531     2.7339     2.3669  5.0441153    83.7088      7.734    18.3148    21.2184     5.4821     94.543 0.0000e+00
       1714      7.827    18.3152   2.944696     2.7332     2.3669  5.0454352    83.7137      7.754    18.3140    21.2201     5.4780     94.472 0.0000e+00
       1715      7.848    18.3144   2.944856     2.7325     2.3669  5.0467255    83.7179      7.775    18.3132    21.2218     5.4736     94.397 0.0000e+00
       1716      7.868    18.3137   2.945010     2.7318     2.3669  5.0479952    83.7216      7.795    18.3125    21.2233     5.4690     94.317 0.0000e+00
       1717      7.889    18.3129   2.945156     2.7311     2.3669  5.0492531    83.7250      7.816    18.3117    21.2249     5.4642     94.233 0.0000e+00
       1718      7.910    18.3122   2.945297     2.7304     2.3669  5.0505081    83.7281      7.836    18.3110    21.2264     5.4590     94.144 0.0000e+00
       1719      7.930    18.3115   2.945429     2.7296     2.3669  5.0517687    83.7306      7.856    18.3102    21.2278     5.4533     94.044 0.0000e+00
       1720      7.950    18.3108   2.945553     2.7288     2.3669  5.0530439    83.7324      7.876    18.3095    21.2291     5.4472     93.939 0.0000e+00
       1721      7.970    18.3100   2.945669     2.7280     2.3669  5.0543424    83.7334      7.896    18.3087    21.2304     5.4408     93.827 0.0000e+00
       1722      7.991    18.3093   2.945778     2.7272     2.3669  5.0556734    83.7337      7.917    18.3080    21.2317     5.4339     93.709 0.0000e+00
       1723      8.011    18.3086   2.945882     2.7263     2.3669  5.0570460    83.7333      7.936    18.3073    21.2328     5.4264     93.578 0.0000e+00
       1724      8.031    18.3079   2.945981     2.7253     2.3669  5.0584698    83.7323      7.956    18.3066    21.2340     5.4182     93.435 0.0000e+00
       1725      8.052    18.3072   2.946076     2.7244     2.3669  5.0599547    83.7307      7.977    18.3059    21.2351     5.4097     93.288 0.0000e+00
       1726      8.072    18.3065   2.946167     2.7234     2.3669  5.0615110    83.7286      7.997    18.3052    21.2362     5.4004     93.127 0.0000e+00
       1727      8.092    18.3058   2.946256     2.7223     2.3669  5.0631496    83.7259      8.017    18.3045    21.2372     5.3902     92.952 0.0000e+00
       1728      8.112    18.3050   2.946340     2.7212     2.3852  5.0648819    83.7224      8.036    18.3037    21.2383     5.3795     92.766 0.0000e+00
       1729      8.133    18.3043   2.946419     2.7200     2.3669  5.0667199    83.7183      8.057    18.3030    21.2393     5.3679     92.564 0.0000e+00
       1730      8.153    18.3035   2.946493     2.7187     2.3302  5.0686764    83.7140      8.077    18.3022    21.2403     5.3553     92.346 0.0000e+00
       1731      8.173    18.3028   2.946564     2.7173     2.3119  5.0706801    83.7094      8.097    18.3015    21.2412     5.3417     92.111 0.0000e+00
       1732      8.193    18.3021   2.946631     2.7159     2.3119  5.0725750    83.7047      8.117    18.3008    21.2421     5.3273     91.862 0.0000e+00
       1733      8.213    18.3013   2.946694     2.7143     2.3119  5.0742894    83.6997      8.137    18.3000    21.2430     5.3116     91.591 0.0000e+00
       1734      8.233    18.3006   2.946755     2.7127     2.3119  5.0758352    83.6946      8.156    18.2993    21.2438     5.2950     91.304 0.0000e+00
       1735      8.253    18.2998   2.946814     2.7110     2.3119  5.0772232    83.6896      8.176    18.2985    21.2447     5.2772     90.996 0.0000e+00
       1736      8.273    18.2990   2.946870     2.7092     2.3119  5.0784630    83.6848      8.196    18.2977    21.2456     5.2582     90.668 0.0000e+00
       1737      8.293    18.2983   2.946924     2.7073     2.3119  5.0795632    83.6806      8.216    18.2970    21.2463     5.2380     90.318 0.0000e+00
       1738      8.313    18.2975   2.946977     2.7052     2.3119  5.0805315    83.6772      8.236    18.2962    21.2472     5.2161     89.940 0.0000e+00
       1739      8.333    18.2967   2.947028     2.7030     2.3119  5.0813746    83.6747      8.255    18.2954    21.2480     5.1929     89.539 0.0000e+00
       1740      8.352    18.2960   2.947078     2.7006     2.3119  5.0820984    83.6726      8.274    18.2947    21.2487     5.1680     89.109 0.0000e+00
       1741      8.373    18.2952   2.947129     2.6981     2.3119  5.0827080    83.6707      8.295    18.2939    21.2495     5.1417     88.654 0.0000e+00
       1742      8.393    18.2944   2.947179     2.6954     2.3119  5.0832075    83.6688      8.315    18.2931    21.2503     5.1137     88.169 0.0000e+00
       1743      8.413    18.2936   2.947230     2.6925     2.3119  5.0836005    83.6667      8.335    18.2923    21.2512     5.0839     87.655 0.0000e+00
       1744      8.433    18.2928   2.947281     2.6894     2.3119  5.0838896    83.6641      8.354    18.2915    21.2520     5.0524     87.111 0.0000e+00
       1745      8.453    18.2919   2.947332     2.6861     2.3119  5.0840769    83.6610      8.374    18.2906    21.2528     5.0190     86.535 0.0000e+00
       1746      8.473    18.2911   2.947384     2.6825     2.3119  5.0841638    83.6571      8.394    18.2898    21.2537     4.9837     85.925 0.0000e+00
       1747      8.493    18.2902   2.947438     2.6787     2.3119  5.0841507    83.6522      8.414    18.2889    21.2545     4.9466     85.285 0.0000e+00
       1748      8.513    18.2892   2.947493     2.6746     2.2753  5.0840376    83.6463      8.434    18.2879    21.2555     4.9075     84.610 0.0000e+00
       1749      8.533    18.2883   2.947550     2.6702     2.3119  5.0838237    83.6395      8.454    18.2870    21.2564     4.8664     83.900 0.0000e+00
       1750      8.553    18.2873   2.947609     2.6655     2.3119  5.0835076    83.6320      8.473    18.2860    21.2574     4.8234     83.157 0.0000e+00
       1751      8.573    18.2862   2.947669     2.6604     2.3119  5.0830870    83.6238      8.493    18.2848    21.2584     4.7782     82.377 0.0000e+00
       1752      8.593    18.2851   2.947734     2.6551     2.3119  5.0825590    83.6147      8.513    18.2837    21.2595     4.7314     81.568 0.0000e+00
       1753      8.613    18.2839   2.947801     2.6493     2.3119  5.0819200    83.6045      8.533    18.2825    21.2606     4.6823     80.720 0.0000e+00
       1754      8.633    18.2827   2.947872     2.6432     2.3119  5.0811654    83.5933      8.553    18.2813    21.2618     4.6314     79.842 0.0000e+00
