data/2023/2023_wed/06CTD14.cnv
* Sea-Bird SBE 9 Data File:
* FileName = C:\Users\ctd-user\Desktop\CTD_data\2023\MAR440 Sept 2023\06CTD14.hex
* Software Version Seasave V 7.26.2.13
* Temperature SN = 4493
* Conductivity SN = 1899
* Number of Bytes Per Scan = 37
* Number of Voltage Words = 4
* Number of Scans Averaged by the Deck Unit = 1
* NMEA Latitude = 58 18.40 N
* NMEA Longitude = 011 44.36 E
* NMEA UTC (Time) = Sep 06 2023 12:11:17
* NMEA baud rate = 4800
** Ship:
** Station:
** Operator:
# nquan = 14                                
# nvalues = 2652                        
# units = specified
# name 0 = scan: Scan Count
# name 1 = prDM: Pressure, Digiquartz [db]
# name 2 = t090C: Temperature [ITS-90, deg C]
# name 3 = c0S/m: Conductivity [S/m]
# name 4 = sbeox0V: Oxygen raw, SBE 43 [V]
# name 5 = flECO-AFL: Fluorescence, WET Labs ECO-AFL/FL [mg/m^3]
# name 6 = upoly0: Upoly 0, Turbidity
# name 7 = xmiss: Beam Transmission, Chelsea/Seatech [%]
# name 8 = depSM: Depth [salt water, m], lat = 58.3067
# name 9 = potemp090C: Potential Temperature [ITS-90, deg C]
# name 10 = sal00: Salinity, Practical [PSU]
# name 11 = sbeox0ML/L: Oxygen, SBE 43 [ml/l], WS = 2
# name 12 = sbeox0PS: Oxygen, SBE 43 [% saturation], WS = 2
# name 13 = flag: flag
# span 0 =          1,       2652       
# span 1 =      1.155,     39.445       
# span 2 =     7.0410,    18.5133       
# span 3 =   2.891084,   3.401055       
# span 4 =     0.6802,     2.8832       
# span 5 =     0.0958,     4.0702       
# span 6 =  4.3205991,  7.0442277       
# span 7 =    81.5266,    99.4525       
# span 8 =      1.144,     39.075       
# span 9 =     7.0381,    18.5131       
# span 10 =    20.7080,    32.3708      
# span 11 =     0.4334,     5.9201      
# span 12 =      6.317,    102.183      
# span 13 = 0.0000e+00, 0.0000e+00      
# interval = seconds: 0.0416667
# start_time = Sep 06 2023 12:11:17 [NMEA time, header]
# bad_flag = -9.990e-29
*END*
[from data line 1755]
       1756     29.577     7.0723   3.272291     1.0789     0.1508  4.4260339    99.1846     29.300     7.0697    32.1093     1.6388     23.858 0.0000e+00
       1757     29.597     7.0718   3.272389     1.0785     0.1508  4.4271899    99.1736     29.320     7.0692    32.1108     1.6372     23.834 0.0000e+00
       1758     29.617     7.0713   3.272486     1.0781     0.1324  4.4284322    99.1626     29.340     7.0687    32.1123     1.6355     23.810 0.0000e+00
       1759     29.637     7.0709   3.272583     1.0777     0.1508  4.4297697    99.1516     29.360     7.0683    32.1137     1.6339     23.786 0.0000e+00
       1760     29.657     7.0704   3.272678     1.0773     0.1508  4.4312115    99.1408     29.379     7.0678    32.1152     1.6323     23.762 0.0000e+00
       1761     29.677     7.0700   3.272771     1.0770     0.1508  4.4327678    99.1309     29.399     7.0674    32.1166     1.6310     23.743 0.0000e+00
       1762     29.697     7.0696   3.272863     1.0766     0.1508  4.4344493    99.1223     29.419     7.0670    32.1180     1.6294     23.720 0.0000e+00
       1763     29.717     7.0692   3.272953     1.0762     0.1874  4.4361828    99.1156     29.439     7.0666    32.1193     1.6278     23.697 0.0000e+00
       1764     29.737     7.0688   3.273042     1.0758     0.1874  4.4378105    99.1110     29.459     7.0662    32.1206     1.6263     23.675 0.0000e+00
       1765     29.757     7.0684   3.273129     1.0754     0.1691  4.4392587    99.1082     29.478     7.0658    32.1220     1.6249     23.654 0.0000e+00
       1766     29.777     7.0680   3.273215     1.0750     0.1508  4.4405376    99.1067     29.498     7.0654    32.1233     1.6234     23.632 0.0000e+00
       1767     29.797     7.0677   3.273300     1.0746     0.1691  4.4416560    99.1059     29.518     7.0651    32.1244     1.6219     23.611 0.0000e+00
       1768     29.817     7.0673   3.273383     1.0742     0.1691  4.4426218    99.1055     29.538     7.0647    32.1257     1.6205     23.590 0.0000e+00
       1769     29.837     7.0670   3.273467     1.0738     0.1508  4.4434415    99.1052     29.558     7.0644    32.1269     1.6191     23.570 0.0000e+00
       1770     29.857     7.0667   3.273549     1.0734     0.1691  4.4441210    99.1046     29.577     7.0641    32.1281     1.6177     23.550 0.0000e+00
       1771     29.877     7.0664   3.273631     1.0730     0.1691  4.4446650    99.1039     29.597     7.0638    32.1292     1.6163     23.530 0.0000e+00
       1772     29.897     7.0661   3.273712     1.0726     0.1691  4.4450772    99.1032     29.617     7.0635    32.1304     1.6150     23.510 0.0000e+00
       1773     29.917     7.0658   3.273793     1.0721     0.1691  4.4453605    99.1024     29.637     7.0632    32.1315     1.6134     23.487 0.0000e+00
       1774     29.938     7.0655   3.273873     1.0717     0.1691  4.4455169    99.1015     29.658     7.0629    32.1327     1.6121     23.469 0.0000e+00
       1775     29.958     7.0653   3.273952     1.0713     0.1508  4.4455475    99.1003     29.677     7.0626    32.1337     1.6109     23.451 0.0000e+00
       1776     29.978     7.0650   3.274029     1.0709     0.1691  4.4454525    99.0986     29.697     7.0623    32.1348     1.6096     23.433 0.0000e+00
       1777     29.999     7.0648   3.274106     1.0705     0.1691  4.4452312    99.0963     29.718     7.0621    32.1358     1.6084     23.415 0.0000e+00
       1778     30.019     7.0645   3.274181     1.0701     0.1508  4.4448821    99.0939     29.738     7.0618    32.1369     1.6073     23.398 0.0000e+00
       1779     30.039     7.0643   3.274255     1.0697     0.1691  4.4444027    99.0916     29.758     7.0616    32.1379     1.6061     23.381 0.0000e+00
       1780     30.059     7.0640   3.274328     1.0693     0.1691  4.4437898    99.0899     29.778     7.0613    32.1390     1.6050     23.365 0.0000e+00
       1781     30.080     7.0638   3.274399     1.0689     0.1508  4.4430390    99.0887     29.798     7.0611    32.1399     1.6039     23.349 0.0000e+00
       1782     30.100     7.0635   3.274470     1.0684     0.1691  4.4421452    99.0875     29.818     7.0608    32.1410     1.6025     23.329 0.0000e+00
       1783     30.121     7.0633   3.274541     1.0680     0.1691  4.4411020    99.0860     29.839     7.0606    32.1419     1.6014     23.313 0.0000e+00
       1784     30.142     7.0630   3.274611     1.0676     0.1691  4.4399024    99.0838     29.860     7.0603    32.1429     1.6004     23.298 0.0000e+00
       1785     30.163     7.0627   3.274680     1.0672     0.1508  4.4385378    99.0806     29.881     7.0600    32.1440     1.5994     23.283 0.0000e+00
       1786     30.183     7.0625   3.274751     1.0668     0.1691  4.4369989    99.0762     29.900     7.0598    32.1449     1.5984     23.269 0.0000e+00
       1787     30.204     7.0622   3.274821     1.0665     0.1508  4.4353599    99.0706     29.921     7.0595    32.1459     1.5977     23.259 0.0000e+00
       1788     30.225     7.0620   3.274893     1.0661     0.1508  4.4337791    99.0638     29.942     7.0593    32.1469     1.5968     23.246 0.0000e+00
       1789     30.245     7.0617   3.274965     1.0657     0.1691  4.4323307    99.0557     29.962     7.0590    32.1479     1.5959     23.232 0.0000e+00
       1790     30.266     7.0615   3.275038     1.0653     0.1508  4.4310044    99.0461     29.983     7.0588    32.1489     1.5950     23.220 0.0000e+00
       1791     30.287     7.0612   3.275112     1.0649     0.1691  4.4297912    99.0353     30.003     7.0585    32.1500     1.5941     23.207 0.0000e+00
       1792     30.308     7.0610   3.275187     1.0645     0.1691  4.4286824    99.0240     30.024     7.0583    32.1510     1.5932     23.194 0.0000e+00
       1793     30.329     7.0607   3.275264     1.0641     0.1691  4.4276705    99.0131     30.045     7.0580    32.1521     1.5924     23.182 0.0000e+00
       1794     30.350     7.0605   3.275342     1.0637     0.1691  4.4267484    99.0030     30.066     7.0578    32.1531     1.5916     23.170 0.0000e+00
       1795     30.371     7.0602   3.275420     1.0633     0.1691  4.4259096    98.9941     30.087     7.0575    32.1542     1.5907     23.158 0.0000e+00
       1796     30.392     7.0600   3.275499     1.0629     0.1508  4.4251484    98.9862     30.107     7.0573    32.1553     1.5900     23.146 0.0000e+00
       1797     30.413     7.0597   3.275579     1.0626     0.1691  4.4244594    98.9790     30.128     7.0570    32.1564     1.5894     23.139 0.0000e+00
       1798     30.435     7.0595   3.275657     1.0622     0.1691  4.4238378    98.9721     30.150     7.0568    32.1574     1.5886     23.127 0.0000e+00
       1799     30.456     7.0592   3.275736     1.0618     0.1691  4.4232794    98.9654     30.171     7.0565    32.1586     1.5878     23.115 0.0000e+00
       1800     30.477     7.0590   3.275815     1.0614     0.1691  4.4227802    98.9588     30.192     7.0563    32.1596     1.5870     23.103 0.0000e+00
       1801     30.498     7.0587   3.275891     1.0611     0.1691  4.4223368    98.9520     30.212     7.0560    32.1607     1.5864     23.095 0.0000e+00
       1802     30.520     7.0585   3.275968     1.0607     0.1691  4.4219460    98.9452     30.234     7.0558    32.1617     1.5856     23.084 0.0000e+00
       1803     30.541     7.0582   3.276042     1.0603     0.1691  4.4216052    98.9388     30.255     7.0555    32.1628     1.5848     23.072 0.0000e+00
       1804     30.562     7.0580   3.276117     1.0600     0.1691  4.4213120    98.9327     30.276     7.0553    32.1638     1.5843     23.065 0.0000e+00
       1805     30.584     7.0577   3.276191     1.0596     0.1508  4.4210643    98.9266     30.298     7.0550    32.1649     1.5835     23.053 0.0000e+00
       1806     30.606     7.0575   3.276262     1.0592     0.1508  4.4208605    98.9197     30.319     7.0548    32.1658     1.5827     23.041 0.0000e+00
       1807     30.627     7.0572   3.276334     1.0589     0.1508  4.4206991    98.9117     30.340     7.0545    32.1669     1.5821     23.033 0.0000e+00
       1808     30.649     7.0570   3.276404     1.0585     0.1508  4.4205790    98.9028     30.362     7.0543    32.1678     1.5813     23.020 0.0000e+00
       1809     30.671     7.0567   3.276472     1.0582     0.1508  4.4204993    98.8935     30.384     7.0540    32.1688     1.5807     23.012 0.0000e+00
       1810     30.693     7.0565   3.276541     1.0578     0.1691  4.4204595    98.8841     30.406     7.0538    32.1697     1.5798     22.999 0.0000e+00
       1811     30.715     7.0562   3.276608     1.0575     0.1691  4.4204593    98.8744     30.427     7.0535    32.1707     1.5792     22.991 0.0000e+00
       1812     30.737     7.0560   3.276674     1.0571     0.1508  4.4204988    98.8640     30.449     7.0533    32.1716     1.5784     22.978 0.0000e+00
       1813     30.759     7.0558   3.276739     1.0568     0.1508  4.4205781    98.8528     30.471     7.0531    32.1725     1.5778     22.969 0.0000e+00
       1814     30.781     7.0555   3.276802     1.0565     0.1324  4.4207828    98.8410     30.493     7.0528    32.1735     1.5772     22.961 0.0000e+00
       1815     30.803     7.0553   3.276866     1.0561     0.0958  4.4211993    98.8294     30.514     7.0526    32.1743     1.5762     22.947 0.0000e+00
       1816     30.825     7.0551   3.276931     1.0558     0.1324  4.4217454    98.8188     30.536     7.0524    32.1752     1.5756     22.937 0.0000e+00
       1817     30.847     7.0548   3.276994     1.0555     0.1508  4.4223402    98.8088     30.558     7.0521    32.1762     1.5749     22.927 0.0000e+00
       1818     30.870     7.0546   3.277057     1.0551     0.1324  4.4229876    98.7996     30.581     7.0519    32.1770     1.5739     22.913 0.0000e+00
       1819     30.892     7.0543   3.277120     1.0548     0.1508  4.4236923    98.7921     30.603     7.0516    32.1780     1.5731     22.902 0.0000e+00
       1820     30.914     7.0541   3.277183     1.0545     0.1324  4.4244590    98.7863     30.624     7.0514    32.1789     1.5723     22.890 0.0000e+00
       1821     30.937     7.0538   3.277244     1.0541     0.1691  4.4252932    98.7817     30.647     7.0511    32.1798     1.5712     22.873 0.0000e+00
       1822     30.959     7.0536   3.277306     1.0538     0.1508  4.4262006    98.7771     30.669     7.0509    32.1806     1.5703     22.861 0.0000e+00
       1823     30.982     7.0533   3.277367     1.0535     0.1508  4.4271876    98.7723     30.692     7.0506    32.1816     1.5694     22.848 0.0000e+00
       1824     31.005     7.0531   3.277427     1.0531     0.1508  4.4282611    98.7672     30.715     7.0504    32.1824     1.5682     22.830 0.0000e+00
       1825     31.027     7.0528   3.277488     1.0528     0.1508  4.4294284    98.7622     30.736     7.0501    32.1833     1.5672     22.815 0.0000e+00
       1826     31.050     7.0525   3.277547     1.0525     0.1508  4.4306977    98.7583     30.759     7.0498    32.1843     1.5661     22.800 0.0000e+00
       1827     31.073     7.0523   3.277606     1.0522     0.1324  4.4320778    98.7559     30.782     7.0496    32.1851     1.5650     22.784 0.0000e+00
       1828     31.096     7.0520   3.277665     1.0518     0.1508  4.4335784    98.7548     30.805     7.0492    32.1860     1.5635     22.762 0.0000e+00
       1829     31.118     7.0518   3.277725     1.0515     0.1508  4.4352099    98.7544     30.827     7.0490    32.1868     1.5623     22.745 0.0000e+00
       1830     31.141     7.0516   3.277785     1.0512     0.1508  4.4369836    98.7540     30.849     7.0488    32.1876     1.5611     22.726 0.0000e+00
       1831     31.164     7.0513   3.277845     1.0508     0.1508  4.4389119    98.7532     30.872     7.0485    32.1886     1.5594     22.702 0.0000e+00
       1832     31.187     7.0511   3.277906     1.0505     0.1508  4.4410082    98.7517     30.895     7.0483    32.1894     1.5580     22.682 0.0000e+00
       1833     31.210     7.0509   3.277966     1.0502     0.1508  4.4432870    98.7495     30.918     7.0481    32.1902     1.5565     22.661 0.0000e+00
       1834     31.233     7.0507   3.278027     1.0499     0.1324  4.4457643    98.7461     30.940     7.0479    32.1911     1.5550     22.639 0.0000e+00
       1835     31.256     7.0504   3.278086     1.0495     0.1508  4.4484572    98.7419     30.963     7.0476    32.1920     1.5531     22.611 0.0000e+00
       1836     31.279     7.0502   3.278147     1.0492     0.1324  4.4513845    98.7380     30.986     7.0474    32.1928     1.5515     22.587 0.0000e+00
       1837     31.303     7.0500   3.278207     1.0488     0.1324  4.4545665    98.7360     31.010     7.0472    32.1937     1.5494     22.557 0.0000e+00
       1838     31.326     7.0498   3.278268     1.0485     0.1508  4.4579405    98.7371     31.033     7.0470    32.1945     1.5476     22.531 0.0000e+00
       1839     31.349     7.0496   3.278328     1.0481     0.1508  4.4612751    98.7411     31.055     7.0468    32.1953     1.5455     22.500 0.0000e+00
       1840     31.373     7.0494   3.278388     1.0478     0.1324  4.4643387    98.7471     31.079     7.0466    32.1962     1.5436     22.472 0.0000e+00
       1841     31.396     7.0491   3.278447     1.0474     0.1508  4.4670676    98.7543     31.102     7.0463    32.1971     1.5413     22.438 0.0000e+00
       1842     31.420     7.0489   3.278506     1.0471     0.1324  4.4694808    98.7622     31.126     7.0461    32.1979     1.5393     22.409 0.0000e+00
       1843     31.444     7.0486   3.278565     1.0467     0.1508  4.4715952    98.7706     31.149     7.0458    32.1988     1.5369     22.374 0.0000e+00
       1844     31.467     7.0484   3.278622     1.0463     0.1508  4.4734254    98.7795     31.172     7.0456    32.1996     1.5344     22.339 0.0000e+00
       1845     31.491     7.0481   3.278680     1.0459     0.1508  4.4749842    98.7886     31.196     7.0453    32.2005     1.5319     22.302 0.0000e+00
       1846     31.515     7.0479   3.278738     1.0455     0.1508  4.4762823    98.7977     31.220     7.0451    32.2013     1.5293     22.265 0.0000e+00
       1847     31.538     7.0476   3.278795     1.0451     0.1508  4.4773289    98.8066     31.243     7.0448    32.2022     1.5267     22.227 0.0000e+00
       1848     31.562     7.0474   3.278852     1.0447     0.1324  4.4781313    98.8149     31.266     7.0446    32.2030     1.5241     22.188 0.0000e+00
       1849     31.586     7.0471   3.278909     1.0443     0.1324  4.4786949    98.8225     31.290     7.0443    32.2039     1.5214     22.149 0.0000e+00
       1850     31.609     7.0468   3.278966     1.0438     0.1508  4.4790237    98.8295     31.313     7.0440    32.2048     1.5184     22.105 0.0000e+00
       1851     31.633     7.0466   3.279021     1.0434     0.1324  4.4791201    98.8358     31.337     7.0438    32.2055     1.5156     22.065 0.0000e+00
       1852     31.657     7.0463   3.279078     1.0429     0.1508  4.4789846    98.8413     31.360     7.0435    32.2064     1.5126     22.021 0.0000e+00
       1853     31.681     7.0461   3.279133     1.0425     0.1508  4.4786164    98.8463     31.384     7.0433    32.2072     1.5098     21.979 0.0000e+00
       1854     31.704     7.0459   3.279187     1.0420     0.1508  4.4780129    98.8509     31.407     7.0431    32.2080     1.5066     21.934 0.0000e+00
       1855     31.728     7.0456   3.279241     1.0415     0.1508  4.4771698    98.8546     31.431     7.0428    32.2088     1.5035     21.888 0.0000e+00
       1856     31.752     7.0454   3.279295     1.0410     0.1508  4.4760813    98.8569     31.455     7.0426    32.2096     1.5003     21.841 0.0000e+00
       1857     31.776     7.0452   3.279347     1.0405     0.1508  4.4747399    98.8573     31.478     7.0424    32.2103     1.4971     21.795 0.0000e+00
       1858     31.800     7.0450   3.279400     1.0400     0.1691  4.4731362    98.8555     31.502     7.0422    32.2111     1.4939     21.749 0.0000e+00
