data/2023/2023_wed/06CTD10.cnv
* Sea-Bird SBE 9 Data File:
* FileName = C:\Users\ctd-user\Desktop\CTD_data\2023\MAR440 Sept 2023\06CTD10.hex
* Software Version Seasave V 7.26.2.13
* Temperature SN = 4493
* Conductivity SN = 1899
* Number of Bytes Per Scan = 37
* Number of Voltage Words = 4
* Number of Scans Averaged by the Deck Unit = 1
* NMEA Latitude = 58 18.98 N
* NMEA Longitude = 011 47.45 E
* NMEA UTC (Time) = Sep 06 2023 10:36:51
* NMEA baud rate = 4800
** Ship:
** Station:
** Operator:
# nquan = 14                                
# nvalues = 4686                        
# units = specified
# name 0 = scan: Scan Count
# name 1 = prDM: Pressure, Digiquartz [db]
# name 2 = t090C: Temperature [ITS-90, deg C]
# name 3 = c0S/m: Conductivity [S/m]
# name 4 = sbeox0V: Oxygen raw, SBE 43 [V]
# name 5 = flECO-AFL: Fluorescence, WET Labs ECO-AFL/FL [mg/m^3]
# name 6 = upoly0: Upoly 0, Turbidity
# name 7 = xmiss: Beam Transmission, Chelsea/Seatech [%]
# name 8 = depSM: Depth [salt water, m], lat = 58.3163
# name 9 = potemp090C: Potential Temperature [ITS-90, deg C]
# name 10 = sal00: Salinity, Practical [PSU]
# name 11 = sbeox0ML/L: Oxygen, SBE 43 [ml/l], WS = 2
# name 12 = sbeox0PS: Oxygen, SBE 43 [% saturation], WS = 2
# name 13 = flag: flag
# span 0 =          1,       4686       
# span 1 =     -0.100,     38.513       
# span 2 =     7.0530,    18.4302       
# span 3 =   0.022585,   3.423582       
# span 4 =     0.6378,     2.9558       
# span 5 =    -0.1606,     3.7405       
# span 6 =  4.0477461,  10.951074       
# span 7 =    70.0449,    99.5097       
# span 8 =     -0.099,     38.152       
# span 9 =     7.0501,    18.4298       
# span 10 =     0.1287,    32.3706      
# span 11 =     0.3421,     7.1749      
# span 12 =      4.987,    106.973      
# span 13 = 0.0000e+00, 0.0000e+00      
# interval = seconds: 0.0416667
# start_time = Sep 06 2023 10:36:51 [NMEA time, header]
# bad_flag = -9.990e-29
*END*
[from data line 3923]
       3924     27.727     7.0735   3.265112     1.0865     0.1508  4.4129021    98.2145     27.467     7.0710    32.0310     1.7641     25.669 0.0000e+00
       3925     27.751     7.0731   3.265295     1.0866     0.1508  4.4106574    98.2524     27.491     7.0706    32.0333     1.7627     25.648 0.0000e+00
       3926     27.774     7.0727   3.265475     1.0867     0.1508  4.4084691    98.2872     27.514     7.0702    32.0357     1.7613     25.628 0.0000e+00
       3927     27.797     7.0722   3.265652     1.0869     0.1691  4.4064918    98.3186     27.537     7.0697    32.0380     1.7602     25.613 0.0000e+00
       3928     27.821     7.0718   3.265824     1.0870     0.1691  4.4047968    98.3467     27.561     7.0693    32.0403     1.7589     25.593 0.0000e+00
       3929     27.845     7.0714   3.265995     1.0871     0.1691  4.4033721    98.3717     27.584     7.0689    32.0425     1.7575     25.574 0.0000e+00
       3930     27.868     7.0710   3.266161     1.0872     0.1508  4.4022080    98.3937     27.607     7.0685    32.0446     1.7562     25.555 0.0000e+00
       3931     27.892     7.0707   3.266325     1.0873     0.1691  4.4012963    98.4131     27.631     7.0682    32.0467     1.7549     25.536 0.0000e+00
       3932     27.915     7.0703   3.266485     1.0874     0.1691  4.4006306    98.4304     27.654     7.0678    32.0488     1.7537     25.518 0.0000e+00
       3933     27.939     7.0699   3.266640     1.0874     0.1508  4.4002064    98.4467     27.677     7.0674    32.0508     1.7521     25.496 0.0000e+00
       3934     27.963     7.0695   3.266793     1.0875     0.1508  4.4000206    98.4622     27.701     7.0670    32.0529     1.7508     25.477 0.0000e+00
       3935     27.987     7.0692   3.266944     1.0876     0.1508  4.4000721    98.4772     27.725     7.0667    32.0548     1.7496     25.459 0.0000e+00
       3936     28.010     7.0688   3.267090     1.0877     0.1508  4.4003611    98.4914     27.748     7.0663    32.0567     1.7483     25.440 0.0000e+00
       3937     28.034     7.0685   3.267235     1.0877     0.1691  4.4008896    98.5048     27.772     7.0660    32.0586     1.7467     25.418 0.0000e+00
       3938     28.058     7.0682   3.267379     1.0878     0.1691  4.4016614    98.5171     27.795     7.0657    32.0604     1.7454     25.399 0.0000e+00
       3939     28.082     7.0678   3.267519     1.0878     0.1691  4.4026818    98.5287     27.819     7.0653    32.0623     1.7438     25.376 0.0000e+00
       3940     28.106     7.0675   3.267657     1.0879     0.1691  4.4039579    98.5398     27.843     7.0650    32.0641     1.7425     25.356 0.0000e+00
       3941     28.130     7.0672   3.267794     1.0879     0.1508  4.4054986    98.5503     27.867     7.0647    32.0658     1.7409     25.333 0.0000e+00
       3942     28.154     7.0669   3.267929     1.0879     0.1691  4.4073146    98.5602     27.890     7.0644    32.0676     1.7392     25.309 0.0000e+00
       3943     28.178     7.0667   3.268061     1.0879     0.1508  4.4094186    98.5699     27.914     7.0642    32.0692     1.7375     25.285 0.0000e+00
       3944     28.203     7.0664   3.268192     1.0880     0.1691  4.4118250    98.5797     27.939     7.0639    32.0709     1.7361     25.264 0.0000e+00
       3945     28.227     7.0661   3.268321     1.0880     0.1508  4.4145509    98.5900     27.963     7.0636    32.0725     1.7343     25.238 0.0000e+00
       3946     28.251     7.0658   3.268447     1.0880     0.1691  4.4176149    98.6012     27.987     7.0633    32.0742     1.7325     25.211 0.0000e+00
       3947     28.275     7.0656   3.268571     1.0879     0.1508  4.4210386    98.6138     28.010     7.0631    32.0757     1.7303     25.179 0.0000e+00
       3948     28.299     7.0653   3.268692     1.0879     0.1691  4.4248457    98.6278     28.034     7.0628    32.0773     1.7284     25.152 0.0000e+00
       3949     28.323     7.0651   3.268811     1.0879     0.1691  4.4290626    98.6433     28.058     7.0626    32.0787     1.7264     25.123 0.0000e+00
       3950     28.347     7.0649   3.268927     1.0878     0.1508  4.4337188    98.6597     28.082     7.0624    32.0802     1.7240     25.089 0.0000e+00
       3951     28.371     7.0646   3.269040     1.0878     0.1508  4.4386767    98.6765     28.105     7.0621    32.0817     1.7218     25.057 0.0000e+00
       3952     28.396     7.0644   3.269151     1.0877     0.1324  4.4435462    98.6937     28.130     7.0619    32.0831     1.7194     25.021 0.0000e+00
       3953     28.420     7.0642   3.269259     1.0876     0.1508  4.4480213    98.7114     28.154     7.0617    32.0844     1.7168     24.984 0.0000e+00
       3954     28.444     7.0640   3.269363     1.0876     0.1324  4.4520482    98.7296     28.178     7.0615    32.0857     1.7144     24.950 0.0000e+00
       3955     28.468     7.0638   3.269465     1.0875     0.1508  4.4556550    98.7484     28.202     7.0613    32.0870     1.7117     24.910 0.0000e+00
       3956     28.493     7.0636   3.269565     1.0874     0.1508  4.4588667    98.7679     28.226     7.0611    32.0883     1.7090     24.870 0.0000e+00
       3957     28.517     7.0634   3.269660     1.0873     0.1508  4.4617057    98.7883     28.250     7.0609    32.0895     1.7062     24.829 0.0000e+00
       3958     28.541     7.0632   3.269752     1.0871     0.1508  4.4641917    98.8095     28.274     7.0607    32.0906     1.7029     24.782 0.0000e+00
       3959     28.566     7.0631   3.269843     1.0870     0.1508  4.4663421    98.8313     28.299     7.0606    32.0917     1.6999     24.739 0.0000e+00
       3960     28.590     7.0629   3.269929     1.0868     0.1508  4.4681718    98.8532     28.322     7.0604    32.0928     1.6966     24.690 0.0000e+00
       3961     28.614     7.0627   3.270014     1.0866     0.1324  4.4696934    98.8748     28.346     7.0602    32.0939     1.6932     24.641 0.0000e+00
       3962     28.639     7.0625   3.270095     1.0865     0.1508  4.4709177    98.8963     28.371     7.0600    32.0950     1.6900     24.595 0.0000e+00
       3963     28.663     7.0623   3.270175     1.0862     0.1508  4.4718531    98.9181     28.395     7.0598    32.0960     1.6863     24.541 0.0000e+00
       3964     28.687     7.0621   3.270251     1.0860     0.1324  4.4725061    98.9407     28.418     7.0596    32.0970     1.6827     24.489 0.0000e+00
       3965     28.711     7.0620   3.270327     1.0858     0.1508  4.4728813    98.9640     28.442     7.0595    32.0979     1.6792     24.437 0.0000e+00
       3966     28.735     7.0618   3.270400     1.0855     0.1324  4.4729813    98.9880     28.466     7.0593    32.0989     1.6753     24.380 0.0000e+00
       3967     28.759     7.0616   3.270471     1.0853     0.1324  4.4728067    99.0123     28.490     7.0591    32.0998     1.6716     24.327 0.0000e+00
       3968     28.784     7.0615   3.270540     1.0850     0.1508  4.4723564    99.0369     28.515     7.0590    32.1007     1.6676     24.269 0.0000e+00
       3969     28.808     7.0613   3.270607     1.0846     0.1324  4.4716272    99.0618     28.538     7.0588    32.1016     1.6634     24.207 0.0000e+00
       3970     28.832     7.0612   3.270674     1.0843     0.1324  4.4706141    99.0868     28.562     7.0587    32.1024     1.6594     24.150 0.0000e+00
       3971     28.856     7.0610   3.270738     1.0839     0.1508  4.4693100    99.1117     28.586     7.0584    32.1033     1.6552     24.088 0.0000e+00
       3972     28.881     7.0609   3.270801     1.0836     0.1508  4.4677058    99.1365     28.611     7.0583    32.1040     1.6512     24.031 0.0000e+00
       3973     28.905     7.0608   3.270865     1.0832     0.1508  4.4657904    99.1611     28.634     7.0582    32.1048     1.6470     23.969 0.0000e+00
       3974     28.929     7.0606   3.270927     1.0828     0.1508  4.4635505    99.1853     28.658     7.0580    32.1057     1.6428     23.908 0.0000e+00
       3975     28.953     7.0605   3.270989     1.0823     0.1508  4.4609704    99.2089     28.682     7.0579    32.1064     1.6383     23.842 0.0000e+00
       3976     28.977     7.0604   3.271051     1.0819     0.1324  4.4581171    99.2318     28.706     7.0578    32.1072     1.6341     23.782 0.0000e+00
       3977     29.001     7.0603   3.271113     1.0814     0.1508  4.4552257    99.2537     28.729     7.0577    32.1079     1.6297     23.718 0.0000e+00
       3978     29.025     7.0602   3.271173     1.0809     0.1508  4.4525309    99.2744     28.753     7.0576    32.1087     1.6254     23.655 0.0000e+00
       3979     29.049     7.0601   3.271235     1.0804     0.1324  4.4500987    99.2937     28.777     7.0575    32.1094     1.6211     23.593 0.0000e+00
       3980     29.073     7.0600   3.271295     1.0799     0.1324  4.4479124    99.3119     28.801     7.0574    32.1102     1.6169     23.532 0.0000e+00
       3981     29.097     7.0599   3.271357     1.0794     0.1324  4.4459566    99.3292     28.825     7.0573    32.1109     1.6128     23.473 0.0000e+00
       3982     29.121     7.0598   3.271418     1.0788     0.1324  4.4442179    99.3457     28.848     7.0572    32.1117     1.6086     23.411 0.0000e+00
       3983     29.146     7.0598   3.271479     1.0782     0.1508  4.4426840    99.3615     28.873     7.0572    32.1123     1.6044     23.349 0.0000e+00
       3984     29.170     7.0597   3.271540     1.0776     0.1324  4.4413444    99.3762     28.897     7.0571    32.1131     1.6003     23.290 0.0000e+00
       3985     29.193     7.0597   3.271602     1.0770     0.1324  4.4401897    99.3899     28.920     7.0571    32.1137     1.5963     23.232 0.0000e+00
       3986     29.217     7.0596   3.271662     1.0764     0.1508  4.4392118    99.4025     28.943     7.0570    32.1145     1.5924     23.176 0.0000e+00
       3987     29.241     7.0596   3.271724     1.0758     0.1508  4.4384040    99.4139     28.967     7.0570    32.1151     1.5887     23.122 0.0000e+00
       3988     29.265     7.0595   3.271785     1.0751     0.1508  4.4377607    99.4240     28.991     7.0569    32.1159     1.5848     23.065 0.0000e+00
       3989     29.289     7.0595   3.271848     1.0745     0.1324  4.4372773    99.4329     29.015     7.0569    32.1165     1.5813     23.014 0.0000e+00
       3990     29.312     7.0594   3.271910     1.0738     0.1324  4.4369506    99.4410     29.038     7.0568    32.1173     1.5777     22.962 0.0000e+00
       3991     29.336     7.0594   3.271972     1.0731     0.1508  4.4367782    99.4487     29.061     7.0568    32.1180     1.5742     22.911 0.0000e+00
       3992     29.360     7.0594   3.272035     1.0724     0.1508  4.4367589    99.4563     29.085     7.0568    32.1186     1.5708     22.862 0.0000e+00
       3993     29.383     7.0594   3.272098     1.0718     0.1508  4.4368927    99.4639     29.108     7.0568    32.1193     1.5680     22.820 0.0000e+00
       3994     29.407     7.0593   3.272161     1.0711     0.1508  4.4371803    99.4713     29.132     7.0567    32.1201     1.5649     22.776 0.0000e+00
       3995     29.430     7.0593   3.272224     1.0704     0.1508  4.4376239    99.4782     29.154     7.0567    32.1207     1.5619     22.733 0.0000e+00
       3996     29.454     7.0593   3.272288     1.0697     0.1324  4.4382266    99.4843     29.178     7.0567    32.1214     1.5591     22.692 0.0000e+00
       3997     29.477     7.0593   3.272351     1.0690     0.1508  4.4389924    99.4894     29.201     7.0567    32.1221     1.5564     22.653 0.0000e+00
       3998     29.500     7.0593   3.272414     1.0683     0.1508  4.4399268    99.4933     29.224     7.0567    32.1228     1.5539     22.617 0.0000e+00
       3999     29.524     7.0593   3.272477     1.0676     0.1508  4.4410363    99.4959     29.248     7.0567    32.1235     1.5515     22.582 0.0000e+00
       4000     29.547     7.0593   3.272541     1.0669     0.1508  4.4423285    99.4973     29.270     7.0567    32.1241     1.5492     22.549 0.0000e+00
       4001     29.570     7.0593   3.272604     1.0662     0.1508  4.4438124    99.4980     29.293     7.0567    32.1248     1.5471     22.518 0.0000e+00
       4002     29.594     7.0594   3.272668     1.0655     0.1508  4.4454135    99.4986     29.317     7.0568    32.1254     1.5450     22.488 0.0000e+00
       4003     29.617     7.0594   3.272732     1.0648     0.1691  4.4469730    99.4994     29.340     7.0568    32.1261     1.5431     22.460 0.0000e+00
       4004     29.640     7.0595   3.272797     1.0641     0.1691  4.4484168    99.5007     29.362     7.0569    32.1267     1.5413     22.434 0.0000e+00
       4005     29.663     7.0595   3.272862     1.0634     0.1691  4.4497549    99.5022     29.385     7.0569    32.1274     1.5396     22.410 0.0000e+00
       4006     29.686     7.0596   3.272927     1.0628     0.1691  4.4509967    99.5036     29.408     7.0570    32.1280     1.5384     22.391 0.0000e+00
       4007     29.709     7.0597   3.272993     1.0621     0.1691  4.4521508    99.5048     29.431     7.0571    32.1286     1.5369     22.370 0.0000e+00
       4008     29.732     7.0598   3.273059     1.0614     0.1691  4.4532252    99.5062     29.454     7.0572    32.1292     1.5355     22.349 0.0000e+00
       4009     29.754     7.0599   3.273126     1.0608     0.1508  4.4542274    99.5077     29.475     7.0573    32.1298     1.5344     22.334 0.0000e+00
       4010     29.777     7.0600   3.273195     1.0601     0.1508  4.4551644    99.5091     29.498     7.0574    32.1305     1.5331     22.316 0.0000e+00
       4011     29.799     7.0601   3.273265     1.0595     0.1691  4.4560426    99.5097     29.520     7.0575    32.1312     1.5322     22.302 0.0000e+00
       4012     29.822     7.0603   3.273338     1.0589     0.1691  4.4568683    99.5093     29.543     7.0577    32.1318     1.5313     22.290 0.0000e+00
       4013     29.845     7.0604   3.273410     1.0582     0.1691  4.4576471    99.5072     29.566     7.0578    32.1324     1.5302     22.274 0.0000e+00
       4014     29.867     7.0605   3.273485     1.0576     0.1691  4.4583844    99.5035     29.587     7.0579    32.1331     1.5294     22.262 0.0000e+00
       4015     29.889     7.0605   3.273560     1.0570     0.1691  4.4590854    99.4987     29.609     7.0579    32.1339     1.5286     22.251 0.0000e+00
       4016     29.912     7.0606   3.273638     1.0564     0.1691  4.4597550    99.4932     29.632     7.0580    32.1347     1.5279     22.240 0.0000e+00
       4017     29.934     7.0606   3.273717     1.0558     0.1691  4.4603979    99.4870     29.654     7.0580    32.1355     1.5271     22.228 0.0000e+00
       4018     29.956     7.0606   3.273798     1.0552     0.1691  4.4610184    99.4798     29.675     7.0580    32.1364     1.5263     22.218 0.0000e+00
       4019     29.978     7.0606   3.273881     1.0546     0.1691  4.4616209    99.4714     29.697     7.0579    32.1373     1.5255     22.206 0.0000e+00
       4020     30.001     7.0606   3.273965     1.0540     0.1691  4.4622096    99.4621     29.720     7.0579    32.1382     1.5247     22.195 0.0000e+00
       4021     30.023     7.0606   3.274052     1.0535     0.1691  4.4627887    99.4527     29.742     7.0579    32.1391     1.5242     22.187 0.0000e+00
       4022     30.045     7.0606   3.274138     1.0529     0.1691  4.4633620    99.4435     29.764     7.0579    32.1401     1.5234     22.175 0.0000e+00
       4023     30.066     7.0605   3.274225     1.0523     0.1691  4.4639337    99.4345     29.784     7.0578    32.1411     1.5225     22.162 0.0000e+00
       4024     30.088     7.0605   3.274311     1.0518     0.1691  4.4645076    99.4257     29.806     7.0578    32.1420     1.5219     22.153 0.0000e+00
       4025     30.110     7.0604   3.274395     1.0513     0.1508  4.4650879    99.4166     29.828     7.0577    32.1430     1.5211     22.143 0.0000e+00
