data/2023/2023_wed/06CTD05.cnv
* Sea-Bird SBE 9 Data File:
* FileName = C:\Users\ctd-user\Desktop\CTD_data\2023\MAR440 Sept 2023\06CTD05.hex
* Software Version Seasave V 7.26.2.13
* Temperature SN = 4493
* Conductivity SN = 1899
* Number of Bytes Per Scan = 37
* Number of Voltage Words = 4
* Number of Scans Averaged by the Deck Unit = 1
* NMEA Latitude = 58 19.57 N
* NMEA Longitude = 011 50.80 E
* NMEA UTC (Time) = Sep 06 2023 09:53:54
* NMEA baud rate = 4800
** Ship:
** Station:
** Operator:
# nquan = 14                                
# nvalues = 1540                        
# units = specified
# name 0 = scan: Scan Count
# name 1 = prDM: Pressure, Digiquartz [db]
# name 2 = t090C: Temperature [ITS-90, deg C]
# name 3 = c0S/m: Conductivity [S/m]
# name 4 = sbeox0V: Oxygen raw, SBE 43 [V]
# name 5 = flECO-AFL: Fluorescence, WET Labs ECO-AFL/FL [mg/m^3]
# name 6 = upoly0: Upoly 0, Turbidity
# name 7 = xmiss: Beam Transmission, Chelsea/Seatech [%]
# name 8 = depSM: Depth [salt water, m], lat = 58.3262
# name 9 = potemp090C: Potential Temperature [ITS-90, deg C]
# name 10 = sal00: Salinity, Practical [PSU]
# name 11 = sbeox0ML/L: Oxygen, SBE 43 [ml/l], WS = 2
# name 12 = sbeox0PS: Oxygen, SBE 43 [% saturation], WS = 2
# name 13 = flag: flag
# span 0 =          1,       1540       
# span 1 =      1.017,     12.793       
# span 2 =    14.1706,    18.4300       
# span 3 =   2.037871,   3.299451       
# span 4 =     1.0956,     2.8862       
# span 5 =     0.2790,     7.4768       
# span 6 =  4.7268080,  5.3882369       
# span 7 =    65.7445,    91.7976       
# span 8 =      1.008,     12.674       
# span 9 =    14.1689,    18.4298       
# span 10 =    14.2492,    26.6360      
# span 11 =     1.2320,     6.2519      
# span 12 =     20.653,    103.044      
# span 13 = 0.0000e+00, 0.0000e+00      
# interval = seconds: 0.0416667
# start_time = Sep 06 2023 09:53:54 [NMEA time, header]
# bad_flag = -9.990e-29
*END*
[from data line 1446]
       1447     11.497    15.0923   3.289893 -9.990e-29     0.4255  4.7408396    89.7672     11.390    15.0907    25.9781 -9.990e-29 -9.990e-29 0.0000e+00
       1448     11.520    15.0416   3.290260 -9.990e-29     0.4621  4.7401264    89.8332     11.413    15.0400    26.0149 -9.990e-29 -9.990e-29 0.0000e+00
       1449     11.543    14.9905   3.290601 -9.990e-29     0.4438  4.7392983    89.9036     11.435    14.9889    26.0519 -9.990e-29 -9.990e-29 0.0000e+00
       1450     11.566    14.9397   3.290920 -9.990e-29     0.4438  4.7383495    89.9784     11.458    14.9381    26.0885 -9.990e-29 -9.990e-29 0.0000e+00
       1451     11.589    14.8894   3.291221 -9.990e-29     0.4255  4.7372734    90.0569     11.481    14.8878    26.1246 -9.990e-29 -9.990e-29 0.0000e+00
       1452     11.612    14.8400   3.291508 -9.990e-29     0.4255  4.7360626    90.1387     11.504    14.8384    26.1602 -9.990e-29 -9.990e-29 0.0000e+00
       1453     11.635    14.7916   3.291783 -9.990e-29     0.4438  4.7347086    90.2239     11.527    14.7900    26.1950 -9.990e-29 -9.990e-29 0.0000e+00
       1454     11.658    14.7445   3.292053 -9.990e-29     0.4804  4.7332869    90.3131     11.549    14.7429    26.2290 -9.990e-29 -9.990e-29 0.0000e+00
       1455     11.681    14.6991   3.292318 -9.990e-29     0.4621  4.7319576    90.4067     11.572    14.6975    26.2619 -9.990e-29 -9.990e-29 0.0000e+00
       1456     11.704    14.6559   3.292577 -9.990e-29     0.4621  4.7307963    90.5035     11.595    14.6543    26.2933 -9.990e-29 -9.990e-29 0.0000e+00
       1457     11.727    14.6150   3.292826 -9.990e-29     0.4621  4.7297949    90.6008     11.618    14.6134    26.3231 -9.990e-29 -9.990e-29 0.0000e+00
       1458     11.750    14.5761   3.293062 -9.990e-29     0.4621  4.7289465    90.6956     11.640    14.5745    26.3515 -9.990e-29 -9.990e-29 0.0000e+00
       1459     11.773    14.5393   3.293282 -9.990e-29     0.4804  4.7282452    90.7861     11.663    14.5377    26.3784 -9.990e-29 -9.990e-29 0.0000e+00
       1460     11.796    14.5045   3.293486 -9.990e-29     0.4621  4.7276860    90.8713     11.686    14.5029    26.4038 -9.990e-29 -9.990e-29 0.0000e+00
       1461     11.819    14.4719   3.293671 -9.990e-29     0.4621  4.7272652    90.9507     11.709    14.4703    26.4276 -9.990e-29 -9.990e-29 0.0000e+00
       1462     11.841    14.4414   3.293832 -9.990e-29     0.4621  4.7269797    91.0233     11.731    14.4398    26.4497 -9.990e-29 -9.990e-29 0.0000e+00
       1463     11.864    14.4130   3.293973 -9.990e-29     0.4804  4.7268277    91.0887     11.753    14.4114    26.4703 -9.990e-29 -9.990e-29 0.0000e+00
       1464     11.887    14.3866   3.294092 -9.990e-29     0.4621  4.7268080    91.1470     11.776    14.3850    26.4894 -9.990e-29 -9.990e-29 0.0000e+00
       1465     11.910    14.3621   3.294195 -9.990e-29     0.4621  4.7269205    91.1987     11.799    14.3605    26.5070 -9.990e-29 -9.990e-29 0.0000e+00
       1466     11.932    14.3395   3.294278 -9.990e-29     0.4621  4.7271659    91.2447     11.821    14.3379    26.5232 -9.990e-29 -9.990e-29 0.0000e+00
       1467     11.955    14.3188   3.294346 -9.990e-29     0.4621  4.7275461    91.2862     11.844    14.3172    26.5380 -9.990e-29 -9.990e-29 0.0000e+00
       1468     11.978    14.3000   3.294397 -9.990e-29     0.4621  4.7280635    91.3240     11.866    14.2984    26.5513 -9.990e-29 -9.990e-29 0.0000e+00
       1469     12.000    14.2829   3.294432 -9.990e-29     0.4621  4.7287219    91.3584     11.888    14.2813    26.5633 -9.990e-29 -9.990e-29 0.0000e+00
       1470     12.023    14.2674   3.294454 -9.990e-29     0.4621  4.7295259    91.3892     11.911    14.2658    26.5741 -9.990e-29 -9.990e-29 0.0000e+00
       1471     12.045    14.2535   3.294464 -9.990e-29     0.4621  4.7304809    91.4165     11.933    14.2519    26.5838 -9.990e-29 -9.990e-29 0.0000e+00
       1472     12.068    14.2411   3.294464 -9.990e-29     0.4621  4.7315937    91.4401     11.955    14.2395    26.5923 -9.990e-29 -9.990e-29 0.0000e+00
       1473     12.090    14.2299   3.294455 -9.990e-29     0.4621  4.7328719    91.4598     11.977    14.2283    26.5999 -9.990e-29 -9.990e-29 0.0000e+00
       1474     12.112    14.2199   3.294436 -9.990e-29     0.4621  4.7343246    91.4759     11.999    14.2183    26.6066 -9.990e-29 -9.990e-29 0.0000e+00
       1475     12.134    14.2110   3.294410 -9.990e-29     0.4621  4.7359617    91.4890     12.021    14.2094    26.6124 -9.990e-29 -9.990e-29 0.0000e+00
       1476     12.156    14.2033   3.294375 -9.990e-29     0.4621  4.7377947    91.4999     12.043    14.2017    26.6174 -9.990e-29 -9.990e-29 0.0000e+00
       1477     12.178    14.1966   3.294334 -9.990e-29     0.4621  4.7398364    91.5094     12.064    14.1950    26.6217 -9.990e-29 -9.990e-29 0.0000e+00
       1478     12.200    14.1908   3.294289 -9.990e-29     0.4621  4.7421008    91.5174     12.086    14.1892    26.6252 -9.990e-29 -9.990e-29 0.0000e+00
       1479     12.221    14.1859   3.294242 -9.990e-29     0.4255  4.7445189    91.5237     12.107    14.1843    26.6282 -9.990e-29 -9.990e-29 0.0000e+00
       1480     12.242    14.1816   3.294192 -9.990e-29     0.4072  4.7469376    91.5280     12.128    14.1800    26.6307 -9.990e-29 -9.990e-29 0.0000e+00
       1481     12.263    14.1778   3.294139 -9.990e-29     0.4072  4.7492888    91.5306     12.149    14.1762    26.6328 -9.990e-29 -9.990e-29 0.0000e+00
       1482     12.284    14.1747   3.294086 -9.990e-29     0.4072  4.7515888    91.5321     12.169    14.1731    26.6345 -9.990e-29 -9.990e-29 0.0000e+00
       1483     12.305    14.1725   3.294034 -9.990e-29     0.4072  4.7538536    91.5326     12.190    14.1709    26.6355 -9.990e-29 -9.990e-29 0.0000e+00
       1484     12.325    14.1711   3.293984 -9.990e-29     0.4072  4.7560990    91.5321     12.210    14.1694    26.6360 -9.990e-29 -9.990e-29 0.0000e+00
       1485     12.345    14.1706   3.293940 -9.990e-29     0.4072  4.7583407    91.5307     12.230    14.1689    26.6360 -9.990e-29 -9.990e-29 0.0000e+00
       1486     12.365    14.1710   3.293902 -9.990e-29     0.4072  4.7605941    91.5285     12.250    14.1693    26.6353 -9.990e-29 -9.990e-29 0.0000e+00
       1487     12.384    14.1725   3.293870 -9.990e-29     0.4072  4.7628750    91.5254     12.269    14.1708    26.6340 -9.990e-29 -9.990e-29 0.0000e+00
       1488     12.404    14.1749   3.293844 -9.990e-29     0.4072  4.7651992    91.5215     12.288    14.1732    26.6321 -9.990e-29 -9.990e-29 0.0000e+00
       1489     12.423    14.1784   3.293825 -9.990e-29     0.4072  4.7675829    91.5164     12.307    14.1767    26.6295 -9.990e-29 -9.990e-29 0.0000e+00
       1490     12.441    14.1827   3.293810 -9.990e-29     0.4255  4.7700427    91.5095     12.325    14.1810    26.6264 -9.990e-29 -9.990e-29 0.0000e+00
       1491     12.460    14.1876   3.293803 -9.990e-29     0.4072  4.7725958    91.5001     12.344    14.1859    26.6230 -9.990e-29 -9.990e-29 0.0000e+00
       1492     12.477    14.1932   3.293803 -9.990e-29     0.4072  4.7752598    91.4881     12.361    14.1915    26.6191 -9.990e-29 -9.990e-29 0.0000e+00
       1493     12.495    14.1995   3.293810 -9.990e-29     0.4072  4.7780533    91.4735     12.379    14.1978    26.6149 -9.990e-29 -9.990e-29 0.0000e+00
       1494     12.512    14.2068   3.293822 -9.990e-29     0.4072  4.7809957    91.4570     12.395    14.2051    26.6100 -9.990e-29 -9.990e-29 0.0000e+00
       1495     12.528    14.2151   3.293842 -9.990e-29     0.4072  4.7841075    91.4391     12.411    14.2134    26.6044 -9.990e-29 -9.990e-29 0.0000e+00
       1496     12.544    14.2247   3.293866 -9.990e-29     0.4072  4.7874104    91.4210     12.427    14.2230    26.5980 -9.990e-29 -9.990e-29 0.0000e+00
       1497     12.560    14.2357   3.293898 -9.990e-29     0.4072  4.7909273    91.4040     12.443    14.2340    26.5908 -9.990e-29 -9.990e-29 0.0000e+00
       1498     12.575    14.2481   3.293937 -9.990e-29     0.4072  4.7946826    91.3888     12.458    14.2464    26.5826 -9.990e-29 -9.990e-29 0.0000e+00
       1499     12.589    14.2619   3.293982 -9.990e-29     0.4072  4.7987026    91.3761     12.472    14.2602    26.5735 -9.990e-29 -9.990e-29 0.0000e+00
       1500     12.603    14.2772   3.294032 -9.990e-29     0.4072  4.8030152    91.3661     12.485    14.2755    26.5635 -9.990e-29 -9.990e-29 0.0000e+00
       1501     12.616    14.2936   3.294087 -9.990e-29     0.4072  4.8076503    91.3591     12.498    14.2919    26.5527 -9.990e-29 -9.990e-29 0.0000e+00
       1502     12.629    14.3110   3.294145 -9.990e-29     0.4072  4.8126403    91.3556     12.511    14.3093    26.5413 -9.990e-29 -9.990e-29 0.0000e+00
       1503     12.641    14.3287   3.294208 -9.990e-29     0.4072  4.8180198    91.3555     12.523    14.3270    26.5297 -9.990e-29 -9.990e-29 0.0000e+00
       1504     12.653    14.3465   3.294273 -9.990e-29     0.3705  4.8237413    91.3585     12.535    14.3448    26.5181 -9.990e-29 -9.990e-29 0.0000e+00
       1505     12.664    14.3644   3.294340 -9.990e-29     0.3339  4.8295049    91.3634     12.546    14.3627    26.5065 -9.990e-29 -9.990e-29 0.0000e+00
       1506     12.674    14.3824   3.294410 -9.990e-29     0.3339  4.8349259    91.3692     12.556    14.3807    26.4948 -9.990e-29 -9.990e-29 0.0000e+00
       1507     12.684    14.4008   3.294485 -9.990e-29     0.3339  4.8398723    91.3755     12.566    14.3991    26.4829 -9.990e-29 -9.990e-29 0.0000e+00
       1508     12.693    14.4200   3.294568 -9.990e-29     0.3339  4.8443783    91.3830     12.575    14.4183    26.4706 -9.990e-29 -9.990e-29 0.0000e+00
       1509     12.702    14.4402   3.294658 -9.990e-29     0.3522  4.8484754    91.3919     12.584    14.4385    26.4576 -9.990e-29 -9.990e-29 -9.990e-29
       1510     12.710    14.4615   3.294754 -9.990e-29     0.3339  4.8521921    91.4019     12.591    14.4598    26.4440 -9.990e-29 -9.990e-29 -9.990e-29
       1511     12.718    14.4833   3.294852 -9.990e-29     0.3522  4.8555541    91.4125     12.599    14.4816    26.4300 -9.990e-29 -9.990e-29 -9.990e-29
       1512     12.725    14.5051   3.294945 -9.990e-29     0.3339  4.8585849    91.4236     12.606    14.5034    26.4160 -9.990e-29 -9.990e-29 -9.990e-29
       1513     12.731    14.5264   3.295031 -9.990e-29     0.3339  4.8613057    91.4348     12.612    14.5247    26.4023 -9.990e-29 -9.990e-29 -9.990e-29
       1514     12.737    14.5470   3.295099 -9.990e-29     0.3339  4.8637352    91.4464     12.618    14.5453    26.3889 -9.990e-29 -9.990e-29 -9.990e-29
       1515     12.743    14.5665   3.295141 -9.990e-29     0.2790  4.8658904    91.4585     12.624    14.5648    26.3761 -9.990e-29 -9.990e-29 -9.990e-29
       1516     12.748    14.5845   3.295152 -9.990e-29     0.3522  4.8677864    91.4714     12.629    14.5828    26.3640 -9.990e-29 -9.990e-29 -9.990e-29
       1517     12.752    14.6007   3.295127 -9.990e-29     0.3339  4.8694362    91.4848     12.633    14.5990    26.3528 -9.990e-29 -9.990e-29 -9.990e-29
       1518     12.757    14.6150   3.295063 -9.990e-29     0.3339  4.8708514    91.4982     12.638    14.6133    26.3425 -9.990e-29 -9.990e-29 -9.990e-29
       1519     12.761    14.6272   3.294961 -9.990e-29     0.3339  4.8720418    91.5114     12.642    14.6255    26.3334 -9.990e-29 -9.990e-29 -9.990e-29
       1520     12.765    14.6372   3.294819 -9.990e-29     0.3339  4.8730157    91.5247     12.646    14.6355    26.3254 -9.990e-29 -9.990e-29 -9.990e-29
       1521     12.768    14.6451   3.294640 -9.990e-29     0.3339  4.8737798    91.5386     12.649    14.6433    26.3185 -9.990e-29 -9.990e-29 -9.990e-29
       1522     12.771    14.6511   3.294434 -9.990e-29     0.3522  4.8743396    91.5532     12.652    14.6493    26.3126 -9.990e-29 -9.990e-29 -9.990e-29
       1523     12.774    14.6554   3.294213 -9.990e-29     0.3339  4.8746988    91.5688     12.655    14.6536    26.3077 -9.990e-29 -9.990e-29 -9.990e-29
       1524     12.777    14.6585   3.293994 -9.990e-29     0.3339  4.8748600    91.5852     12.658    14.6567    26.3037 -9.990e-29 -9.990e-29 -9.990e-29
       1525     12.779    14.6607   3.293789 -9.990e-29     0.3339  4.8748242    91.6023     12.660    14.6589    26.3004 -9.990e-29 -9.990e-29 -9.990e-29
       1526     12.781    14.6621   3.293601 -9.990e-29     0.3339  4.8745914    91.6196     12.662    14.6603    26.2978 -9.990e-29 -9.990e-29 -9.990e-29
       1527     12.783    14.6628   3.293433 -9.990e-29     0.3339  4.8741597    91.6373     12.664    14.6610    26.2958 -9.990e-29 -9.990e-29 -9.990e-29
       1528     12.785    14.6630   3.293287 -9.990e-29     0.3339  4.8735263    91.6552     12.666    14.6612    26.2944 -9.990e-29 -9.990e-29 -9.990e-29
       1529     12.787 -9.990e-29   3.299451 -9.990e-29     0.3339  4.8726867    91.6731     12.668 -9.990e-29 -9.990e-29 -9.990e-29 -9.990e-29 -9.990e-29
       1530     12.788 -9.990e-29   3.299317 -9.990e-29     0.3156  4.8717201    91.6903     12.669 -9.990e-29 -9.990e-29 -9.990e-29 -9.990e-29 -9.990e-29
       1531     12.789 -9.990e-29   3.299208 -9.990e-29     0.3156  4.8707895    91.7063     12.670 -9.990e-29 -9.990e-29 -9.990e-29 -9.990e-29 -9.990e-29
       1532     12.790 -9.990e-29   3.299124 -9.990e-29     0.3156  4.8699734    91.7210     12.671 -9.990e-29 -9.990e-29 -9.990e-29 -9.990e-29 -9.990e-29
       1533     12.791 -9.990e-29   3.299062 -9.990e-29     0.3156  4.8692662    91.7347     12.672 -9.990e-29 -9.990e-29 -9.990e-29 -9.990e-29 -9.990e-29
       1534     12.792 -9.990e-29   3.299020 -9.990e-29     0.3156  4.8686629    91.7475     12.673 -9.990e-29 -9.990e-29 -9.990e-29 -9.990e-29 -9.990e-29
       1535     12.792 -9.990e-29   3.298992 -9.990e-29     0.3156  4.8681594    91.7594     12.673 -9.990e-29 -9.990e-29 -9.990e-29 -9.990e-29 -9.990e-29
       1536     12.793 -9.990e-29   3.298973 -9.990e-29     0.3156  4.8677521    91.7707     12.674 -9.990e-29 -9.990e-29 -9.990e-29 -9.990e-29 -9.990e-29
       1537     12.793 -9.990e-29   3.298960 -9.990e-29     0.3156  4.8674382    91.7810     12.674 -9.990e-29 -9.990e-29 -9.990e-29 -9.990e-29 -9.990e-29
       1538     12.793 -9.990e-29   3.298952 -9.990e-29     0.3156  4.8672156    91.7896     12.674 -9.990e-29 -9.990e-29 -9.990e-29 -9.990e-29 -9.990e-29
       1539     12.793 -9.990e-29   3.298948 -9.990e-29     0.3156  4.8670826    91.7955     12.674 -9.990e-29 -9.990e-29 -9.990e-29 -9.990e-29 -9.990e-29
       1540     12.793 -9.990e-29   3.298947 -9.990e-29     0.3156  4.8670384    91.7976     12.674 -9.990e-29 -9.990e-29 -9.990e-29 -9.990e-29 -9.990e-29
