data/2023/2023_wed/06CTD14.cnv
* Sea-Bird SBE 9 Data File:
* FileName = C:\Users\ctd-user\Desktop\CTD_data\2023\MAR440 Sept 2023\06CTD14.hex
* Software Version Seasave V 7.26.2.13
* Temperature SN = 4493
* Conductivity SN = 1899
* Number of Bytes Per Scan = 37
* Number of Voltage Words = 4
* Number of Scans Averaged by the Deck Unit = 1
* NMEA Latitude = 58 18.40 N
* NMEA Longitude = 011 44.36 E
* NMEA UTC (Time) = Sep 06 2023 12:11:17
* NMEA baud rate = 4800
** Ship:
** Station:
** Operator:
# nquan = 14                                
# nvalues = 2652                        
# units = specified
# name 0 = scan: Scan Count
# name 1 = prDM: Pressure, Digiquartz [db]
# name 2 = t090C: Temperature [ITS-90, deg C]
# name 3 = c0S/m: Conductivity [S/m]
# name 4 = sbeox0V: Oxygen raw, SBE 43 [V]
# name 5 = flECO-AFL: Fluorescence, WET Labs ECO-AFL/FL [mg/m^3]
# name 6 = upoly0: Upoly 0, Turbidity
# name 7 = xmiss: Beam Transmission, Chelsea/Seatech [%]
# name 8 = depSM: Depth [salt water, m], lat = 58.3067
# name 9 = potemp090C: Potential Temperature [ITS-90, deg C]
# name 10 = sal00: Salinity, Practical [PSU]
# name 11 = sbeox0ML/L: Oxygen, SBE 43 [ml/l], WS = 2
# name 12 = sbeox0PS: Oxygen, SBE 43 [% saturation], WS = 2
# name 13 = flag: flag
# span 0 =          1,       2652       
# span 1 =      1.155,     39.445       
# span 2 =     7.0410,    18.5133       
# span 3 =   2.891084,   3.401055       
# span 4 =     0.6802,     2.8832       
# span 5 =     0.0958,     4.0702       
# span 6 =  4.3205991,  7.0442277       
# span 7 =    81.5266,    99.4525       
# span 8 =      1.144,     39.075       
# span 9 =     7.0381,    18.5131       
# span 10 =    20.7080,    32.3708      
# span 11 =     0.4334,     5.9201      
# span 12 =      6.317,    102.183      
# span 13 = 0.0000e+00, 0.0000e+00      
# interval = seconds: 0.0416667
# start_time = Sep 06 2023 12:11:17 [NMEA time, header]
# bad_flag = -9.990e-29
*END*
[from data line 517]
        518      2.464    18.4924   2.899483     2.8390     3.7588  4.7863645    82.2240      2.441    18.4920    20.7738     5.7627     99.459 0.0000e+00
        519      2.487    18.4919   2.899466     2.8386     3.7222  4.7848582    82.2246      2.464    18.4915    20.7739     5.7603     99.417 0.0000e+00
        520      2.509    18.4914   2.899447     2.8381     3.7222  4.7835481    82.2264      2.486    18.4910    20.7740     5.7575     99.369 0.0000e+00
        521      2.532    18.4908   2.899426     2.8376     3.7222  4.7824252    82.2291      2.508    18.4904    20.7741     5.7547     99.319 0.0000e+00
        522      2.554    18.4901   2.899403     2.8371     3.7039  4.7814817    82.2325      2.530    18.4897    20.7743     5.7518     99.267 0.0000e+00
        523      2.576    18.4894   2.899376     2.8366     3.7222  4.7807109    82.2359      2.552    18.4890    20.7744     5.7488     99.215 0.0000e+00
        524      2.598    18.4885   2.899346     2.8360     3.7222  4.7801075    82.2391      2.574    18.4881    20.7747     5.7456     99.157 0.0000e+00
        525      2.621    18.4875   2.899313     2.8355     3.7222  4.7796674    82.2422      2.597    18.4871    20.7749     5.7426     99.103 0.0000e+00
        526      2.643    18.4864   2.899278     2.8348     3.7405  4.7793874    82.2455      2.618    18.4860    20.7752     5.7390     99.039 0.0000e+00
        527      2.665    18.4851   2.899241     2.8342     3.7222  4.7792656    82.2494      2.640    18.4847    20.7755     5.7356     98.979 0.0000e+00
        528      2.687    18.4837   2.899209     2.8336     3.7222  4.7793012    82.2544      2.662    18.4833    20.7760     5.7322     98.918 0.0000e+00
        529      2.709    18.4821   2.899192     2.8329     3.7222  4.7794944    82.2607      2.684    18.4817    20.7766     5.7286     98.853 0.0000e+00
        530      2.730    18.4805   2.899198     2.8322     3.7222  4.7798465    82.2686      2.705    18.4801    20.7775     5.7249     98.787 0.0000e+00
        531      2.752    18.4788   2.899217     2.8314     3.7222  4.7803601    82.2777      2.726    18.4784    20.7785     5.7211     98.717 0.0000e+00
        532      2.774    18.4770   2.899239     2.8306     3.7222  4.7810386    82.2880      2.748    18.4766    20.7795     5.7172     98.648 0.0000e+00
        533      2.796    18.4751   2.899261     2.8298     3.7222  4.7818868    82.2992      2.770    18.4747    20.7807     5.7133     98.578 0.0000e+00
        534      2.818    18.4732   2.899284     2.8290     3.7222  4.7829107    82.3112      2.792    18.4728    20.7818     5.7094     98.508 0.0000e+00
        535      2.839    18.4713   2.899306     2.8282     3.7222  4.7841172    82.3241      2.813    18.4709    20.7829     5.7056     98.439 0.0000e+00
        536      2.861    18.4693   2.899327     2.8273     3.7222  4.7855149    82.3380      2.834    18.4688    20.7841     5.7015     98.366 0.0000e+00
        537      2.882    18.4673   2.899347     2.8264     3.6306  4.7870284    82.3525      2.855    18.4668    20.7852     5.6975     98.293 0.0000e+00
        538      2.904    18.4652   2.899364     2.8255     3.5573  4.7884985    82.3673      2.877    18.4647    20.7864     5.6935     98.220 0.0000e+00
        539      2.925    18.4631   2.899380     2.8245     3.5207  4.7898505    82.3825      2.898    18.4626    20.7876     5.6892     98.144 0.0000e+00
        540      2.947    18.4611   2.899396     2.8235     3.5207  4.7910936    82.3980      2.920    18.4606    20.7887     5.6850     98.068 0.0000e+00
        541      2.968    18.4591   2.899412     2.8225     3.5024  4.7922367    82.4137      2.940    18.4586    20.7898     5.6809     97.993 0.0000e+00
        542      2.990    18.4571   2.899429     2.8215     3.5390  4.7932876    82.4295      2.962    18.4566    20.7910     5.6768     97.919 0.0000e+00
        543      3.011    18.4552   2.899448     2.8205     3.5207  4.7942537    82.4451      2.983    18.4547    20.7921     5.6727     97.846 0.0000e+00
        544      3.032    18.4534   2.899469     2.8194     3.5207  4.7951416    82.4611      3.004    18.4529    20.7931     5.6684     97.770 0.0000e+00
        545      3.054    18.4517   2.899495     2.8183     3.5207  4.7959576    82.4778      3.026    18.4512    20.7942     5.6642     97.694 0.0000e+00
        546      3.075    18.4500   2.899523     2.8172     3.5390  4.7967073    82.4955      3.046    18.4495    20.7953     5.6600     97.619 0.0000e+00
        547      3.096    18.4484   2.899556     2.8161     3.5390  4.7973959    82.5139      3.067    18.4479    20.7963     5.6558     97.545 0.0000e+00
        548      3.117    18.4469   2.899595     2.8150     3.5390  4.7980283    82.5328      3.088    18.4464    20.7974     5.6517     97.471 0.0000e+00
        549      3.138    18.4454   2.899639     2.8138     3.5207  4.7986088    82.5521      3.109    18.4449    20.7985     5.6474     97.394 0.0000e+00
        550      3.159    18.4439   2.899688     2.8127     3.5390  4.7991415    82.5717      3.130    18.4434    20.7996     5.6433     97.323 0.0000e+00
        551      3.180    18.4423   2.899744     2.8115     3.5207  4.7996300    82.5915      3.150    18.4418    20.8009     5.6391     97.247 0.0000e+00
        552      3.201    18.4408   2.899806     2.8104     3.5390  4.8000778    82.6114      3.171    18.4403    20.8021     5.6352     97.177 0.0000e+00
        553      3.222    18.4392   2.899875     2.8092     3.5207  4.8004880    82.6313      3.192    18.4387    20.8034     5.6310     97.103 0.0000e+00
        554      3.243    18.4375   2.899949     2.8080     3.5207  4.8008634    82.6508      3.213    18.4370    20.8049     5.6269     97.030 0.0000e+00
        555      3.264    18.4358   2.900032     2.8068     3.5207  4.8012067    82.6698      3.234    18.4353    20.8064     5.6228     96.957 0.0000e+00
        556      3.285    18.4341   2.900120     2.8056     3.5207  4.8015203    82.6879      3.254    18.4336    20.8079     5.6187     96.884 0.0000e+00
        557      3.305    18.4323   2.900216     2.8043     3.5390  4.8018062    82.7050      3.274    18.4318    20.8096     5.6144     96.807 0.0000e+00
        558      3.326    18.4306   2.900321     2.8031     3.5207  4.8020666    82.7210      3.295    18.4301    20.8113     5.6103     96.735 0.0000e+00
        559      3.347    18.4288   2.900434     2.8019     3.5390  4.8023032    82.7361      3.316    18.4283    20.8130     5.6062     96.662 0.0000e+00
        560      3.368    18.4271   2.900559     2.8006     3.5207  4.8025176    82.7503      3.337    18.4266    20.8149     5.6019     96.586 0.0000e+00
        561      3.388    18.4254   2.900697     2.7994     3.5390  4.8027114    82.7639      3.356    18.4249    20.8168     5.5979     96.514 0.0000e+00
        562      3.409    18.4237   2.900851     2.7981     3.5207  4.8028860    82.7770      3.377    18.4232    20.8189     5.5936     96.438 0.0000e+00
        563      3.430    18.4221   2.901021     2.7968     3.4658  4.8030424    82.7896      3.398    18.4216    20.8210     5.5893     96.362 0.0000e+00
        564      3.450    18.4204   2.901210     2.7955     3.4291  4.8031818    82.8015      3.418    18.4199    20.8234     5.5849     96.285 0.0000e+00
        565      3.471    18.4187   2.901419     2.7943     3.4475  4.8033053    82.8126      3.439    18.4182    20.8259     5.5808     96.213 0.0000e+00
        566      3.491    18.4169   2.901648     2.7930     3.4291  4.8034135    82.8230      3.459    18.4163    20.8286     5.5765     96.136 0.0000e+00
        567      3.512    18.4152   2.901898     2.7917     3.4475  4.8035074    82.8331      3.479    18.4146    20.8314     5.5721     96.059 0.0000e+00
        568      3.533    18.4135   2.902169     2.7904     3.4291  4.8035875    82.8430      3.500    18.4129    20.8344     5.5678     95.983 0.0000e+00
        569      3.553    18.4118   2.902459     2.7890     3.4475  4.8036544    82.8530      3.520    18.4112    20.8376     5.5631     95.901 0.0000e+00
        570      3.574    18.4101   2.902768     2.7877     3.4475  4.8037086    82.8628      3.541    18.4095    20.8408     5.5587     95.824 0.0000e+00
        571      3.594    18.4085   2.903099     2.7864     3.4291  4.8037504    82.8725      3.561    18.4079    20.8443     5.5543     95.747 0.0000e+00
        572      3.614    18.4070   2.903452     2.7850     3.4291  4.8037802    82.8819      3.580    18.4064    20.8478     5.5496     95.665 0.0000e+00
        573      3.635    18.4055   2.903826     2.7836     3.4475  4.8037981    82.8912      3.601    18.4049    20.8515     5.5449     95.584 0.0000e+00
        574      3.655    18.4041   2.904228     2.7823     3.4475  4.8038042    82.9004      3.621    18.4035    20.8554     5.5404     95.506 0.0000e+00
        575      3.676    18.4028   2.904657     2.7809     3.4475  4.8037987    82.9096      3.642    18.4022    20.8594     5.5357     95.425 0.0000e+00
        576      3.696    18.4016   2.905118     2.7795     3.4291  4.8037815    82.9190      3.662    18.4010    20.8637     5.5310     95.343 0.0000e+00
        577      3.716    18.4004   2.905615     2.7780     3.4475  4.8037524    82.9285      3.681    18.3998    20.8682     5.5260     95.258 0.0000e+00
        578      3.737    18.3994   2.906148     2.7765     3.4475  4.8037112    82.9380      3.702    18.3988    20.8729     5.5210     95.173 0.0000e+00
        579      3.757    18.3984   2.906722     2.7750     3.4291  4.8036577    82.9474      3.722    18.3978    20.8779     5.5161     95.088 0.0000e+00
        580      3.777    18.3975   2.907338     2.7735     3.4291  4.8035915    82.9568      3.742    18.3969    20.8833     5.5111     95.004 0.0000e+00
        581      3.798    18.3966   2.908002     2.7720     3.4291  4.8035121    82.9661      3.763    18.3960    20.8890     5.5062     94.921 0.0000e+00
        582      3.818    18.3958   2.908718     2.7704     3.4475  4.8034191    82.9751      3.782    18.3952    20.8950     5.5010     94.834 0.0000e+00
        583      3.838    18.3950   2.909485     2.7688     3.4475  4.8033116    82.9838      3.802    18.3944    20.9015     5.4959     94.747 0.0000e+00
        584      3.859    18.3943   2.910303     2.7672     3.4475  4.8031890    82.9921      3.823    18.3937    20.9083     5.4908     94.662 0.0000e+00
        585      3.879    18.3936   2.911169     2.7656     3.4291  4.8030505    83.0000      3.843    18.3930    20.9155     5.4857     94.577 0.0000e+00
        586      3.900    18.3930   2.912080     2.7640     3.4291  4.8028950    83.0072      3.864    18.3924    20.9230     5.4807     94.495 0.0000e+00
        587      3.920    18.3924   2.913037     2.7624     3.4291  4.8027215    83.0134      3.884    18.3918    20.9309     5.4758     94.413 0.0000e+00
        588      3.940    18.3918   2.914039     2.7607     3.4108  4.8026137    83.0183      3.903    18.3912    20.9391     5.4706     94.328 0.0000e+00
        589      3.960    18.3913   2.915091     2.7590     3.3559  4.8026558    83.0221      3.923    18.3907    20.9477     5.4656     94.244 0.0000e+00
        590      3.981    18.3909   2.916194     2.7574     3.3009  4.8027632    83.0260      3.944    18.3903    20.9566     5.4608     94.167 0.0000e+00
        591      4.001    18.3904   2.917343     2.7557     3.3376  4.8028517    83.0321      3.964    18.3898    20.9659     5.4559     94.086 0.0000e+00
        592      4.021    18.3901   2.918532     2.7540     3.3559  4.8029218    83.0414      3.984    18.3895    20.9755     5.4511     94.008 0.0000e+00
        593      4.042    18.3897   2.919746     2.7523     3.3559  4.8029741    83.0533      4.004    18.3891    20.9853     5.4464     93.931 0.0000e+00
        594      4.062    18.3894   2.920971     2.7506     3.3559  4.8030090    83.0669      4.024    18.3888    20.9951     5.4417     93.856 0.0000e+00
        595      4.082    18.3892   2.922198     2.7489     3.3376  4.8030266    83.0816      4.044    18.3886    21.0049     5.4372     93.783 0.0000e+00
        596      4.103    18.3890   2.923418     2.7472     3.3559  4.8030271    83.0968      4.065    18.3884    21.0147     5.4328     93.712 0.0000e+00
        597      4.123    18.3888   2.924625     2.7455     3.3559  4.8030105    83.1124      4.085    18.3881    21.0243     5.4285     93.643 0.0000e+00
        598      4.143    18.3887   2.925812     2.7438     3.3559  4.8029767    83.1280      4.104    18.3880    21.0338     5.4243     93.575 0.0000e+00
        599      4.164    18.3885   2.926962     2.7421     3.3559  4.8029255    83.1434      4.125    18.3878    21.0430     5.4202     93.510 0.0000e+00
        600      4.184    18.3884   2.928067     2.7404     3.3559  4.8028564    83.1588      4.145    18.3877    21.0517     5.4163     93.447 0.0000e+00
        601      4.205    18.3883   2.929116     2.7387     3.3559  4.8027691    83.1743      4.166    18.3876    21.0601     5.4125     93.386 0.0000e+00
        602      4.225    18.3883   2.930102     2.7370     3.3376  4.8026629    83.1897      4.186    18.3876    21.0679     5.4088     93.326 0.0000e+00
        603      4.245    18.3882   2.931023     2.7354     3.3559  4.8025371    83.2050      4.206    18.3875    21.0752     5.4054     93.273 0.0000e+00
        604      4.266    18.3881   2.931882     2.7337     3.3559  4.8023907    83.2202      4.226    18.3874    21.0821     5.4020     93.216 0.0000e+00
        605      4.286    18.3879   2.932684     2.7321     3.3376  4.8022229    83.2357      4.246    18.3872    21.0885     5.3989     93.166 0.0000e+00
        606      4.306    18.3878   2.933438     2.7305     3.3742  4.8020323    83.2517      4.266    18.3871    21.0945     5.3959     93.118 0.0000e+00
        607      4.327    18.3876   2.934148     2.7289     3.3559  4.8018177    83.2687      4.287    18.3869    21.1002     5.3930     93.071 0.0000e+00
        608      4.347    18.3875   2.934820     2.7273     3.3376  4.8015776    83.2868      4.307    18.3868    21.1056     5.3902     93.025 0.0000e+00
        609      4.368    18.3873   2.935457     2.7258     3.3559  4.8013104    83.3062      4.327    18.3866    21.1108     5.3877     92.985 0.0000e+00
        610      4.388    18.3870   2.936062     2.7243     3.3559  4.8010141    83.3269      4.347    18.3863    21.1157     5.3853     92.945 0.0000e+00
        611      4.409    18.3868   2.936646     2.7228     3.3559  4.8006866    83.3489      4.368    18.3861    21.1204     5.3830     92.908 0.0000e+00
        612      4.429    18.3865   2.937215     2.7213     3.3376  4.8003259    83.3723      4.388    18.3858    21.1251     5.3807     92.871 0.0000e+00
        613      4.450    18.3862   2.937775     2.7198     3.3376  4.7999292    83.3975      4.409    18.3855    21.1296     5.3785     92.835 0.0000e+00
        614      4.470    18.3859   2.938334     2.7184     3.2643  4.7994939    83.4245      4.428    18.3852    21.1342     5.3766     92.804 0.0000e+00
        615      4.491    18.3855   2.938902     2.7170     3.2277  4.7990169    83.4534      4.449    18.3848    21.1389     5.3748     92.775 0.0000e+00
        616      4.512    18.3852   2.939491     2.7156     3.2094  4.7984949    83.4837      4.470    18.3845    21.1437     5.3730     92.746 0.0000e+00
        617      4.532    18.3848   2.940109     2.7142     3.2277  4.7979243    83.5154      4.490    18.3841    21.1488     5.3713     92.718 0.0000e+00
        618      4.553    18.3845   2.940762     2.7129     3.2277  4.7973010    83.5483      4.511    18.3838    21.1541     5.3697     92.694 0.0000e+00
        619      4.574    18.3841   2.941445     2.7116     3.2277  4.7966209    83.5825      4.531    18.3834    21.1598     5.3682     92.670 0.0000e+00
