data/2023/2023_wed/06CTD16.cnv
* Sea-Bird SBE 9 Data File:
* FileName = C:\Users\ctd-user\Desktop\CTD_data\2023\MAR440 Sept 2023\06CTD16.hex
* Software Version Seasave V 7.26.2.13
* Temperature SN = 4493
* Conductivity SN = 1899
* Number of Bytes Per Scan = 37
* Number of Voltage Words = 4
* Number of Scans Averaged by the Deck Unit = 1
* NMEA Latitude = 58 17.95 N
* NMEA Longitude = 011 45.81 E
* NMEA UTC (Time) = Sep 06 2023 12:40:14
* NMEA baud rate = 4800
** Ship:
** Station:
** Operator:
# nquan = 14                                
# nvalues = 2173                        
# units = specified
# name 0 = scan: Scan Count
# name 1 = prDM: Pressure, Digiquartz [db]
# name 2 = t090C: Temperature [ITS-90, deg C]
# name 3 = c0S/m: Conductivity [S/m]
# name 4 = sbeox0V: Oxygen raw, SBE 43 [V]
# name 5 = flECO-AFL: Fluorescence, WET Labs ECO-AFL/FL [mg/m^3]
# name 6 = upoly0: Upoly 0, Turbidity
# name 7 = xmiss: Beam Transmission, Chelsea/Seatech [%]
# name 8 = depSM: Depth [salt water, m], lat = 58.2992
# name 9 = potemp090C: Potential Temperature [ITS-90, deg C]
# name 10 = sal00: Salinity, Practical [PSU]
# name 11 = sbeox0ML/L: Oxygen, SBE 43 [ml/l], WS = 2
# name 12 = sbeox0PS: Oxygen, SBE 43 [% saturation], WS = 2
# name 13 = flag: flag
# span 0 =          1,       2173       
# span 1 =      1.291,     36.336       
# span 2 =     7.0519,    18.4553       
# span 3 =   2.899106,   3.425281       
# span 4 =     0.7957,     2.8024       
# span 5 =     0.1324,     3.4841       
# span 6 =  4.3973323,  6.0861021       
# span 7 =    80.1519,    98.7945       
# span 8 =      1.279,     35.995       
# span 9 =     7.0490,    18.4551       
# span 10 =    20.7910,    32.3053      
# span 11 =     0.7358,     5.7280      
# span 12 =     10.720,     98.819      
# span 13 = 0.0000e+00, 0.0000e+00      
# interval = seconds: 0.0416667
# start_time = Sep 06 2023 12:40:14 [NMEA time, header]
# bad_flag = -9.990e-29
*END*
[from data line 930]
        931     13.004    16.0900   3.342825     1.2144     0.3705  4.4213295    95.7455     12.883    16.0881    25.7817     1.5525     26.341 0.0000e+00
        932     13.026    16.0720   3.344575     1.2122     0.3705  4.4198705    95.7292     12.905    16.0701    25.8083     1.5474     26.250 0.0000e+00
        933     13.049    16.0535   3.346374     1.2100     0.3705  4.4184469    95.7088     12.927    16.0516    25.8356     1.5422     26.156 0.0000e+00
        934     13.072    16.0346   3.348217     1.2078     0.3705  4.4170490    95.6836     12.950    16.0327    25.8636     1.5368     26.060 0.0000e+00
        935     13.095    16.0152   3.350097     1.2056     0.3888  4.4156670    95.6532     12.973    16.0133    25.8923     1.5313     25.961 0.0000e+00
        936     13.117    15.9953   3.352003     1.2034     0.3705  4.4142912    95.6181     12.995    15.9934    25.9215     1.5257     25.859 0.0000e+00
        937     13.140    15.9750   3.353925     1.2011     0.3705  4.4129122    95.5789     13.017    15.9731    25.9512     1.5196     25.752 0.0000e+00
        938     13.164    15.9544   3.355849     1.1989     0.3705  4.4115202    95.5362     13.041    15.9525    25.9811     1.5137     25.646 0.0000e+00
        939     13.187    15.9335   3.357767     1.1967     0.3705  4.4101057    95.4906     13.064    15.9316    26.0112     1.5078     25.539 0.0000e+00
        940     13.210    15.9124   3.359670     1.1944     0.3705  4.4086588    95.4421     13.087    15.9105    26.0413     1.5014     25.425 0.0000e+00
        941     13.233    15.8913   3.361553     1.1921     0.3705  4.4071694    95.3905     13.110    15.8894    26.0713     1.4950     25.310 0.0000e+00
        942     13.256    15.8704   3.363415     1.1899     0.3888  4.4056272    95.3352     13.132    15.8685    26.1010     1.4887     25.197 0.0000e+00
        943     13.279    15.8496   3.365251     1.1876     0.3705  4.4040214    95.2763     13.155    15.8477    26.1305     1.4820     25.079 0.0000e+00
        944     13.303    15.8291   3.367062     1.1853     0.3705  4.4024258    95.2144     13.179    15.8272    26.1595     1.4753     24.960 0.0000e+00
        945     13.326    15.8089   3.368847     1.1830     0.3522  4.4009993    95.1495     13.202    15.8070    26.1882     1.4686     24.840 0.0000e+00
        946     13.349    15.7890   3.370607     1.1807     0.3705  4.3998167    95.0818     13.225    15.7871    26.2165     1.4618     24.720 0.0000e+00
        947     13.373    15.7693   3.372343     1.1784     0.3522  4.3988699    95.0107     13.248    15.7674    26.2444     1.4550     24.598 0.0000e+00
        948     13.396    15.7498   3.374058     1.1760     0.3522  4.3981522    94.9356     13.271    15.7479    26.2721     1.4479     24.473 0.0000e+00
        949     13.420    15.7304   3.375757     1.1737     0.3522  4.3976588    94.8558     13.295    15.7285    26.2996     1.4410     24.351 0.0000e+00
        950     13.443    15.7109   3.377438     1.1713     0.3705  4.3973861    94.7710     13.318    15.7090    26.3271     1.4338     24.225 0.0000e+00
        951     13.467    15.6915   3.379110     1.1689     0.3522  4.3973323    94.6811     13.341    15.6896    26.3544     1.4267     24.099 0.0000e+00
        952     13.490    15.6720   3.380772     1.1665     0.3705  4.3974970    94.5862     13.364    15.6700    26.3817     1.4196     23.973 0.0000e+00
        953     13.514    15.6525   3.382429     1.1641     0.3705  4.3978813    94.4870     13.388    15.6505    26.4090     1.4124     23.848 0.0000e+00
        954     13.537    15.6330   3.384085     1.1616     0.3705  4.3984879    94.3835     13.411    15.6310    26.4364     1.4051     23.719 0.0000e+00
        955     13.561    15.6136   3.385746     1.1591     0.3705  4.3993211    94.2755     13.435    15.6116    26.4637     1.3978     23.590 0.0000e+00
        956     13.584    15.5943   3.387410     1.1567     0.3522  4.4003866    94.1630     13.457    15.5923    26.4910     1.3908     23.466 0.0000e+00
        957     13.608    15.5752   3.389074     1.1542     0.3522  4.4016918    94.0460     13.481    15.5732    26.5182     1.3836     23.340 0.0000e+00
        958     13.632    15.5564   3.390733     1.1516     0.3522  4.4032459    93.9251     13.505    15.5544    26.5452     1.3762     23.210 0.0000e+00
        959     13.656    15.5378   3.392381     1.1491     0.3522  4.4050595    93.8010     13.529    15.5358    26.5720     1.3691     23.085 0.0000e+00
        960     13.680    15.5195   3.394008     1.1466     0.3705  4.4071455    93.6738     13.552    15.5175    26.5984     1.3621     22.962 0.0000e+00
        961     13.704    15.5016   3.395606     1.1440     0.3522  4.4095181    93.5436     13.576    15.4996    26.6243     1.3549     22.836 0.0000e+00
        962     13.727    15.4840   3.397165     1.1414     0.3705  4.4121941    93.4104     13.599    15.4820    26.6497     1.3477     22.711 0.0000e+00
        963     13.751    15.4669   3.398683     1.1389     0.3705  4.4151919    93.2747     13.623    15.4649    26.6744     1.3409     22.592 0.0000e+00
        964     13.775    15.4502   3.400159     1.1363     0.3705  4.4185324    93.1367     13.647    15.4482    26.6986     1.3339     22.470 0.0000e+00
        965     13.799    15.4340   3.401592     1.1337     0.3522  4.4222389    92.9968     13.670    15.4320    26.7220     1.3271     22.351 0.0000e+00
        966     13.823    15.4182   3.402978     1.1311     0.3522  4.4263372    92.8554     13.694    15.4162    26.7447     1.3203     22.232 0.0000e+00
        967     13.847    15.4029   3.404316     1.1285     0.3705  4.4308557    92.7129     13.718    15.4009    26.7668     1.3136     22.116 0.0000e+00
        968     13.871    15.3880   3.405596     1.1259     0.3705  4.4358260    92.5707     13.742    15.3860    26.7880     1.3071     22.003 0.0000e+00
        969     13.895    15.3735   3.406813     1.1234     0.3705  4.4411126    92.4296     13.765    15.3715    26.8085     1.3009     21.895 0.0000e+00
        970     13.919    15.3594   3.407963     1.1208     0.3522  4.4463277    92.2899     13.789    15.3574    26.8281     1.2946     21.785 0.0000e+00
        971     13.943    15.3457   3.409041     1.1182     0.3705  4.4511678    92.1510     13.813    15.3437    26.8468     1.2884     21.677 0.0000e+00
        972     13.968    15.3322   3.410046     1.1157     0.3888  4.4555816    92.0118     13.838    15.3302    26.8648     1.2826     21.576 0.0000e+00
        973     13.992    15.3191   3.410976     1.1131     0.3522  4.4595999    91.8706     13.862    15.3171    26.8818     1.2766     21.473 0.0000e+00
        974     14.016    15.3063   3.411832     1.1106     0.3522  4.4632505    91.7258     13.885    15.3043    26.8980     1.2711     21.376 0.0000e+00
        975     14.040    15.2937   3.412614     1.1080     0.3522  4.4665589    91.5769     13.909    15.2917    26.9135     1.2654     21.277 0.0000e+00
        976     14.064    15.2814   3.413329     1.1055     0.3522  4.4695482    91.4245     13.933    15.2794    26.9281     1.2601     21.184 0.0000e+00
        977     14.088    15.2692   3.413978     1.1030     0.3522  4.4722390    91.2703     13.957    15.2672    26.9421     1.2549     21.094 0.0000e+00
        978     14.112    15.2572   3.414565     1.1005     0.3522  4.4746501    91.1158     13.980    15.2552    26.9555     1.2499     21.006 0.0000e+00
        979     14.136    15.2453   3.415089     1.0980     0.3705  4.4767983    90.9627     14.004    15.2433    26.9682     1.2449     20.919 0.0000e+00
        980     14.160    15.2335   3.415556     1.0955     0.3522  4.4786985    90.8122     14.028    15.2315    26.9804     1.2401     20.834 0.0000e+00
        981     14.184    15.2218   3.415966     1.0931     0.3705  4.4803640    90.6656     14.052    15.2198    26.9920     1.2356     20.756 0.0000e+00
        982     14.208    15.2100   3.416319     1.0906     0.3522  4.4818063    90.5238     14.076    15.2080    27.0032     1.2310     20.675 0.0000e+00
        983     14.232    15.1981   3.416618     1.0882     0.3888  4.4830354    90.3881     14.099    15.1961    27.0140     1.2268     20.600 0.0000e+00
        984     14.256    15.1861   3.416865     1.0858     0.3705  4.4840600    90.2595     14.123    15.1841    27.0244     1.2226     20.526 0.0000e+00
        985     14.280    15.1739   3.417063     1.0834     0.3522  4.4848872    90.1392     14.147    15.1719    27.0345     1.2185     20.455 0.0000e+00
        986     14.303    15.1615   3.417213     1.0810     0.3705  4.4855226    90.0281     14.170    15.1595    27.0443     1.2145     20.384 0.0000e+00
        987     14.327    15.1488   3.417321     1.0786     0.3705  4.4859707    89.9268     14.193    15.1468    27.0540     1.2106     20.314 0.0000e+00
        988     14.351    15.1357   3.417386     1.0763     0.3705  4.4862347    89.8357     14.217    15.1337    27.0636     1.2071     20.250 0.0000e+00
        989     14.375    15.1222   3.417415     1.0740     0.3705  4.4863164    89.7556     14.241    15.1202    27.0732     1.2036     20.187 0.0000e+00
        990     14.399    15.1084   3.417409     1.0717     0.3705  4.4862162    89.6865     14.265    15.1064    27.0826     1.2001     20.125 0.0000e+00
        991     14.423    15.0942   3.417369     1.0695     0.3522  4.4859337    89.6272     14.288    15.0922    27.0921     1.1970     20.068 0.0000e+00
        992     14.447    15.0797   3.417297     1.0673     0.3705  4.4854667    89.5756     14.312    15.0777    27.1015     1.1939     20.011 0.0000e+00
        993     14.471    15.0649   3.417194     1.0651     0.3705  4.4848120    89.5310     14.336    15.0629    27.1108     1.1908     19.955 0.0000e+00
        994     14.495    15.0498   3.417059     1.0629     0.3705  4.4839651    89.4941     14.360    15.0478    27.1200     1.1878     19.900 0.0000e+00
        995     14.519    15.0345   3.416892     1.0607     0.3705  4.4830051    89.4659     14.384    15.0325    27.1291     1.1849     19.845 0.0000e+00
        996     14.542    15.0190   3.416691     1.0586     0.3888  4.4820950    89.4473     14.406    15.0170    27.1381     1.1822     19.795 0.0000e+00
        997     14.566    15.0034   3.416454     1.0565     0.3888  4.4813136    89.4385     14.430    15.0013    27.1468     1.1795     19.745 0.0000e+00
        998     14.589    14.9878   3.416182     1.0544     0.3705  4.4806554    89.4396     14.453    14.9857    27.1552     1.1769     19.695 0.0000e+00
        999     14.613    14.9723   3.415871     1.0524     0.3705  4.4801158    89.4505     14.477    14.9702    27.1632     1.1745     19.650 0.0000e+00
       1000     14.636    14.9569   3.415522     1.0504     0.3705  4.4796911    89.4711     14.499    14.9548    27.1708     1.1721     19.605 0.0000e+00
       1001     14.660    14.9417   3.415135     1.0484     0.3888  4.4793782    89.5009     14.523    14.9396    27.1780     1.1697     19.560 0.0000e+00
       1002     14.683    14.9267   3.414711     1.0464     0.3888  4.4791751    89.5394     14.546    14.9246    27.1846     1.1674     19.516 0.0000e+00
       1003     14.707    14.9121   3.414257     1.0445     0.3888  4.4790804    89.5856     14.570    14.9100    27.1908     1.1652     19.475 0.0000e+00
       1004     14.730    14.8978   3.413779     1.0426     0.3888  4.4790932    89.6379     14.593    14.8957    27.1965     1.1631     19.434 0.0000e+00
       1005     14.753    14.8837   3.413282     1.0407     0.3888  4.4792139    89.6948     14.615    14.8816    27.2019     1.1609     19.393 0.0000e+00
       1006     14.777    14.8700   3.412774     1.0388     0.3888  4.4794431    89.7551     14.639    14.8679    27.2070     1.1587     19.351 0.0000e+00
       1007     14.800    14.8566   3.412261     1.0370     0.3888  4.4797825    89.8184     14.662    14.8545    27.2117     1.1567     19.314 0.0000e+00
       1008     14.823    14.8434   3.411750     1.0352     0.3705  4.4802344    89.8849     14.685    14.8413    27.2164     1.1548     19.276 0.0000e+00
       1009     14.847    14.8303   3.411249     1.0334     0.3888  4.4808020    89.9539     14.709    14.8282    27.2211     1.1527     19.238 0.0000e+00
       1010     14.870    14.8175   3.410770     1.0316     0.3705  4.4814893    90.0243     14.731    14.8154    27.2258     1.1507     19.199 0.0000e+00
       1011     14.893    14.8048   3.410322     1.0299     0.3888  4.4823010    90.0949     14.754    14.8027    27.2307     1.1488     19.164 0.0000e+00
       1012     14.916    14.7922   3.409915     1.0282     0.3705  4.4832427    90.1656     14.777    14.7901    27.2359     1.1470     19.128 0.0000e+00
       1013     14.939    14.7798   3.409559     1.0265     0.3888  4.4843211    90.2362     14.800    14.7777    27.2414     1.1450     19.092 0.0000e+00
       1014     14.963    14.7676   3.409260     1.0248     0.3705  4.4855435    90.3062     14.823    14.7655    27.2472     1.1430     19.055 0.0000e+00
       1015     14.986    14.7555   3.409021     1.0231     0.3888  4.4869186    90.3753     14.846    14.7534    27.2535     1.1410     19.017 0.0000e+00
       1016     15.009    14.7437   3.408846     1.0214     0.3705  4.4884559    90.4432     14.869    14.7416    27.2602     1.1389     18.978 0.0000e+00
       1017     15.032    14.7321   3.408729     1.0198     0.3888  4.4901661    90.5100     14.892    14.7300    27.2673     1.1371     18.944 0.0000e+00
       1018     15.055    14.7206   3.408660     1.0182     0.3888  4.4920610    90.5749     14.915    14.7185    27.2747     1.1352     18.909 0.0000e+00
       1019     15.078    14.7094   3.408630     1.0166     0.3705  4.4941539    90.6365     14.937    14.7073    27.2823     1.1332     18.872 0.0000e+00
       1020     15.100    14.6983   3.408630     1.0150     0.3705  4.4963744    90.6944     14.959    14.6962    27.2900     1.1311     18.834 0.0000e+00
       1021     15.123    14.6875   3.408656     1.0134     0.3522  4.4985680    90.7488     14.982    14.6854    27.2978     1.1290     18.796 0.0000e+00
       1022     15.146    14.6768   3.408703     1.0119     0.3705  4.5006651    90.8009     15.005    14.6747    27.3057     1.1271     18.761 0.0000e+00
       1023     15.168    14.6663   3.408768     1.0103     0.3705  4.5026802    90.8518     15.027    14.6642    27.3137     1.1249     18.722 0.0000e+00
       1024     15.191    14.6560   3.408854     1.0088     0.3339  4.5046275    90.9023     15.049    14.6539    27.3216     1.1229     18.685 0.0000e+00
       1025     15.214    14.6459   3.408960     1.0073     0.3522  4.5065203    90.9522     15.072    14.6438    27.3296     1.1208     18.648 0.0000e+00
       1026     15.236    14.6360   3.409088     1.0058     0.3705  4.5083719    91.0008     15.094    14.6339    27.3377     1.1187     18.610 0.0000e+00
       1027     15.259    14.6263   3.409237     1.0043     0.3705  4.5101952    91.0469     15.117    14.6242    27.3458     1.1166     18.572 0.0000e+00
       1028     15.282    14.6168   3.409404     1.0028     0.3705  4.5120029    91.0896     15.139    14.6147    27.3540     1.1144     18.532 0.0000e+00
       1029     15.304    14.6075   3.409586     1.0013     0.3522  4.5138075    91.1290     15.161    14.6054    27.3621     1.1121     18.492 0.0000e+00
       1030     15.326    14.5985   3.409780     0.9999     0.3705  4.5156215    91.1655     15.183    14.5964    27.3702     1.1101     18.456 0.0000e+00
       1031     15.349    14.5898   3.409984     0.9985     0.3522  4.5174577    91.1989     15.206    14.5877    27.3781     1.1080     18.419 0.0000e+00
       1032     15.371    14.5815   3.410194     0.9971     0.3705  4.5193288    91.2288     15.228    14.5794    27.3858     1.1059     18.381 0.0000e+00
