data/2023/2023_wed/06CTD15.cnv
* Sea-Bird SBE 9 Data File:
* FileName = C:\Users\ctd-user\Desktop\CTD_data\2023\MAR440 Sept 2023\06CTD15.hex
* Software Version Seasave V 7.26.2.13
* Temperature SN = 4493
* Conductivity SN = 1899
* Number of Bytes Per Scan = 37
* Number of Voltage Words = 4
* Number of Scans Averaged by the Deck Unit = 1
* NMEA Latitude = 58 17.98 N
* NMEA Longitude = 011 45.76 E
* NMEA UTC (Time) = Sep 06 2023 12:33:38
* NMEA baud rate = 4800
** Ship:
** Station:
** Operator:
# nquan = 14                                
# nvalues = 1228                        
# units = specified
# name 0 = scan: Scan Count
# name 1 = prDM: Pressure, Digiquartz [db]
# name 2 = t090C: Temperature [ITS-90, deg C]
# name 3 = c0S/m: Conductivity [S/m]
# name 4 = sbeox0V: Oxygen raw, SBE 43 [V]
# name 5 = flECO-AFL: Fluorescence, WET Labs ECO-AFL/FL [mg/m^3]
# name 6 = upoly0: Upoly 0, Turbidity
# name 7 = xmiss: Beam Transmission, Chelsea/Seatech [%]
# name 8 = depSM: Depth [salt water, m], lat = 58.2997
# name 9 = potemp090C: Potential Temperature [ITS-90, deg C]
# name 10 = sal00: Salinity, Practical [PSU]
# name 11 = sbeox0ML/L: Oxygen, SBE 43 [ml/l], WS = 2
# name 12 = sbeox0PS: Oxygen, SBE 43 [% saturation], WS = 2
# name 13 = flag: flag
# span 0 =          1,       1228       
# span 1 =      1.117,     20.462       
# span 2 =    12.0776,    18.4986       
# span 3 =   2.913577,   3.410172       
# span 4 =     0.9265,     2.7964       
# span 5 =     0.1508,     4.3266       
# span 6 =  4.4283859,  4.9413275       
# span 7 =    80.5705,    96.1161       
# span 8 =      1.107,     20.271       
# span 9 =    12.0751,    18.4983       
# span 10 =    20.8829,    28.6206      
# span 11 =     1.0676,     5.7283      
# span 12 =     17.730,     98.966      
# span 13 = 0.0000e+00, 0.0000e+00      
# interval = seconds: 0.0416667
# start_time = Sep 06 2023 12:33:38 [NMEA time, header]
# bad_flag = -9.990e-29
*END*
[from data line 310]
        311      1.226    18.4838   2.916353     2.7770     2.9163  4.7526478    83.5002      1.215    18.4836    20.9115     5.5436     95.741 -9.990e-29
        312      1.227    18.4840   2.916391     2.7757     2.8980  4.7544780    83.4982      1.216    18.4838    20.9117     5.5383     95.650 -9.990e-29
        313      1.227    18.4843   2.916441     2.7744     2.9163  4.7566329    83.4986      1.216    18.4841    20.9119     5.5331     95.561 -9.990e-29
        314      1.228    18.4845   2.916502     2.7731     2.8980  4.7591275    83.5018      1.217    18.4843    20.9123     5.5281     95.475 -9.990e-29
        315      1.230    18.4848   2.916575     2.7717     2.8980  4.7619791    83.5082      1.219    18.4846    20.9127     5.5231     95.389 -9.990e-29
        316      1.231    18.4851   2.916661     2.7704     2.8980  4.7652076    83.5174      1.220    18.4849    20.9133     5.5185     95.310 -9.990e-29
        317      1.233    18.4853   2.916762     2.7690     2.9163  4.7688354    83.5280      1.222    18.4851    20.9140     5.5138     95.230 -9.990e-29
        318      1.235    18.4856   2.916879     2.7676     2.9163  4.7728877    83.5393      1.224    18.4854    20.9147     5.5093     95.154 -9.990e-29
        319      1.237    18.4859   2.917012     2.7662     2.9163  4.7773929    83.5510      1.226    18.4857    20.9156     5.5051     95.081 -9.990e-29
        320      1.240    18.4862   2.917161     2.7647     3.0079  4.7822122    83.5635      1.228    18.4860    20.9167     5.5008     95.008 -9.990e-29
        321      1.243    18.4865   2.917328     2.7633     3.0628  4.7869546    83.5773      1.231    18.4863    20.9178     5.4969     94.943 -9.990e-29
        322      1.246    18.4868   2.917514     2.7619     3.0812  4.7913132    83.5925      1.234    18.4866    20.9191     5.4932     94.881 -9.990e-29
        323      1.250    18.4871   2.917722     2.7605     3.0628  4.7952335    83.6089      1.238    18.4869    20.9206     5.4898     94.822 -9.990e-29
        324      1.255    18.4874   2.917951     2.7591     3.0812  4.7987428    83.6261      1.243    18.4872    20.9223     5.4865     94.767 -9.990e-29
        325      1.260    18.4877   2.918205     2.7577     3.0628  4.8018654    83.6437      1.248    18.4875    20.9241     5.4834     94.715 -9.990e-29
        326      1.265    18.4881   2.918486     2.7563     3.0628  4.8046230    83.6617      1.253    18.4879    20.9261     5.4805     94.667 -9.990e-29
        327      1.271    18.4884   2.918794     2.7549     3.0628  4.8070349    83.6808      1.259    18.4882    20.9284     5.4777     94.621 -9.990e-29
        328      1.278    18.4887   2.919133     2.7536     3.0628  4.8091179    83.7011      1.266    18.4885    20.9309     5.4754     94.583 -9.990e-29
        329      1.285    18.4891   2.919505     2.7522     3.0628  4.8108863    83.7225      1.273    18.4889    20.9337     5.4730     94.543 -9.990e-29
        330      1.293    18.4896   2.919913     2.7509     3.0812  4.8123526    83.7448      1.281    18.4894    20.9366     5.4710     94.511 -9.990e-29
        331      1.301    18.4901   2.920357     2.7496     3.0628  4.8135269    83.7675      1.289    18.4899    20.9399     5.4691     94.481 -9.990e-29
        332      1.310    18.4906   2.920837     2.7483     3.0628  4.8144173    83.7909      1.298    18.4904    20.9434     5.4673     94.454 0.0000e+00
        333      1.319    18.4911   2.921353     2.7470     3.0628  4.8150302    83.8152      1.307    18.4909    20.9472     5.4657     94.430 0.0000e+00
        334      1.329    18.4916   2.921906     2.7458     3.0628  4.8153697    83.8405      1.317    18.4914    20.9514     5.4645     94.412 0.0000e+00
        335      1.340    18.4921   2.922499     2.7446     3.0628  4.8154382    83.8666      1.328    18.4919    20.9558     5.4634     94.395 0.0000e+00
        336      1.351    18.4926   2.923131     2.7434     3.0628  4.8152362    83.8932      1.338    18.4924    20.9605     5.4623     94.381 0.0000e+00
        337      1.363    18.4931   2.923803     2.7422     3.0628  4.8147622    83.9200      1.350    18.4929    20.9656     5.4613     94.368 0.0000e+00
        338      1.375    18.4935   2.924514     2.7411     3.0628  4.8140131    83.9468      1.362    18.4933    20.9710     5.4607     94.360 0.0000e+00
        339      1.388    18.4940   2.925267     2.7401     3.0812  4.8129835    83.9739      1.375    18.4938    20.9767     5.4603     94.358 0.0000e+00
        340      1.402    18.4944   2.926066     2.7390     3.0628  4.8116663    84.0014      1.389    18.4942    20.9828     5.4598     94.352 0.0000e+00
        341      1.416    18.4949   2.926921     2.7380     3.0812  4.8100524    84.0297      1.403    18.4947    20.9892     5.4595     94.352 0.0000e+00
        342      1.431    18.4953   2.927843     2.7371     3.0628  4.8081305    84.0590      1.418    18.4951    20.9963     5.4594     94.356 0.0000e+00
        343      1.446    18.4956   2.928828     2.7362     3.0628  4.8058872    84.0895      1.433    18.4954    21.0039     5.4594     94.360 0.0000e+00
        344      1.461    18.4960   2.929863     2.7353     3.0628  4.8033070    84.1213      1.447    18.4958    21.0119     5.4593     94.364 0.0000e+00
        345      1.476    18.4963   2.930939     2.7345     3.0262  4.8004568    84.1541      1.462    18.4961    21.0202     5.4595     94.372 0.0000e+00
        346      1.492    18.4965   2.932053     2.7337     2.9346  4.7975716    84.1879      1.478    18.4963    21.0289     5.4596     94.379 0.0000e+00
        347      1.509    18.4967   2.933208     2.7329     2.8980  4.7948862    84.2225      1.495    18.4965    21.0379     5.4596     94.385 0.0000e+00
        348      1.526    18.4968   2.934396     2.7322     2.8980  4.7924669    84.2579      1.512    18.4966    21.0473     5.4599     94.395 0.0000e+00
        349      1.542    18.4969   2.935611     2.7314     2.8980  4.7902967    84.2941      1.528    18.4967    21.0568     5.4598     94.400 0.0000e+00
        350      1.560    18.4969   2.936845     2.7308     2.8980  4.7883606    84.3307      1.545    18.4967    21.0665     5.4602     94.412 0.0000e+00
        351      1.577    18.4970   2.938083     2.7301     2.8980  4.7866452    84.3678      1.562    18.4967    21.0763     5.4603     94.418 0.0000e+00
        352      1.595    18.4970   2.939303     2.7295     2.8980  4.7851385    84.4053      1.580    18.4967    21.0859     5.4604     94.427 0.0000e+00
        353      1.613    18.4970   2.940488     2.7289     2.8980  4.7838299    84.4430      1.598    18.4967    21.0952     5.4605     94.434 0.0000e+00
        354      1.631    18.4970   2.941627     2.7284     2.8980  4.7827105    84.4808      1.616    18.4967    21.1042     5.4608     94.443 0.0000e+00
        355      1.649    18.4970   2.942721     2.7278     2.8980  4.7817725    84.5182      1.634    18.4967    21.1129     5.4606     94.446 0.0000e+00
        356      1.668    18.4971   2.943769     2.7273     2.8980  4.7810092    84.5548      1.652    18.4968    21.1211     5.4606     94.450 0.0000e+00
        357      1.687    18.4971   2.944764     2.7268     2.8980  4.7804154    84.5903      1.671    18.4968    21.1290     5.4605     94.453 0.0000e+00
        358      1.706    18.4972   2.945700     2.7264     2.8980  4.7799870    84.6245      1.690    18.4969    21.1363     5.4605     94.457 0.0000e+00
        359      1.725    18.4972   2.946559     2.7259     2.8980  4.7797209    84.6571      1.709    18.4969    21.1431     5.4601     94.454 0.0000e+00
        360      1.745    18.4974   2.947337     2.7255     2.9163  4.7796154    84.6879      1.729    18.4971    21.1491     5.4598     94.452 0.0000e+00
        361      1.764    18.4975   2.948029     2.7250     2.8980  4.7796697    84.7168      1.748    18.4972    21.1545     5.4591     94.444 0.0000e+00
        362      1.784    18.4977   2.948644     2.7246     2.9163  4.7798842    84.7440      1.767    18.4974    21.1593     5.4585     94.436 0.0000e+00
        363      1.804    18.4978   2.949187     2.7242     2.8980  4.7802603    84.7697      1.787    18.4975    21.1635     5.4578     94.426 0.0000e+00
        364      1.824    18.4980   2.949670     2.7238     2.8980  4.7808007    84.7938      1.807    18.4977    21.1672     5.4569     94.413 0.0000e+00
        365      1.844    18.4982   2.950106     2.7233     2.8980  4.7815092    84.8162      1.827    18.4979    21.1706     5.4556     94.393 0.0000e+00
        366      1.864    18.4984   2.950518     2.7229     2.8980  4.7823906    84.8366      1.847    18.4981    21.1737     5.4543     94.374 0.0000e+00
        367      1.885    18.4985   2.950923     2.7225     2.8980  4.7834511    84.8550      1.867    18.4982    21.1768     5.4530     94.352 0.0000e+00
        368      1.905    18.4986   2.951335     2.7220     2.8980  4.7846981    84.8712      1.887    18.4983    21.1800     5.4512     94.323 0.0000e+00
        369      1.926    18.4986   2.951749     2.7216     2.8980  4.7861403    84.8852      1.908    18.4983    21.1833     5.4495     94.296 0.0000e+00
        370      1.947    18.4986   2.952154     2.7211     2.9163  4.7877877    84.8970      1.929    18.4983    21.1865     5.4474     94.261 0.0000e+00
        371      1.968    18.4986   2.952535     2.7207     2.9163  4.7895667    84.9068      1.950    18.4983    21.1895     5.4455     94.229 0.0000e+00
        372      1.989    18.4985   2.952882     2.7202     2.9346  4.7913200    84.9146      1.971    18.4982    21.1923     5.4431     94.190 0.0000e+00
        373      2.010    18.4983   2.953190     2.7197     2.9346  4.7929747    84.9206      1.991    18.4980    21.1948     5.4407     94.148 0.0000e+00
        374      2.031    18.4981   2.953461     2.7192     2.9346  4.7945424    84.9250      2.012    18.4978    21.1971     5.4380     94.104 0.0000e+00
        375      2.052    18.4979   2.953698     2.7187     2.9163  4.7960340    84.9280      2.033    18.4976    21.1990     5.4353     94.058 0.0000e+00
        376      2.074    18.4977   2.953904     2.7181     2.9163  4.7974598    84.9303      2.055    18.4974    21.2008     5.4323     94.006 0.0000e+00
        377      2.095    18.4975   2.954076     2.7175     2.9163  4.7988298    84.9330      2.076    18.4972    21.2022     5.4291     93.951 0.0000e+00
        378      2.117    18.4973   2.954211     2.7169     2.9163  4.8001535    84.9367      2.097    18.4970    21.2034     5.4259     93.895 0.0000e+00
        379      2.138    18.4970   2.954300     2.7163     2.9346  4.8014402    84.9412      2.118    18.4967    21.2042     5.4225     93.838 0.0000e+00
        380      2.160    18.4968   2.954338     2.7156     2.9163  4.8026987    84.9461      2.140    18.4965    21.2046     5.4189     93.775 0.0000e+00
        381      2.182    18.4965   2.954322     2.7150     2.9163  4.8039378    84.9511      2.162    18.4962    21.2047     5.4154     93.714 0.0000e+00
        382      2.203    18.4963   2.954249     2.7142     2.9163  4.8051661    84.9562      2.183    18.4959    21.2042     5.4114     93.645 0.0000e+00
        383      2.225    18.4960   2.954119     2.7135     2.9346  4.8063922    84.9613      2.204    18.4956    21.2033     5.4077     93.579 0.0000e+00
        384      2.247    18.4957   2.953935     2.7127     2.9163  4.8076247    84.9665      2.226    18.4953    21.2020     5.4036     93.507 0.0000e+00
        385      2.269    18.4954   2.953695     2.7119     2.9346  4.8088720    84.9717      2.248    18.4950    21.2002     5.3996     93.435 0.0000e+00
        386      2.291    18.4951   2.953398     2.7110     2.9163  4.8101429    84.9772      2.270    18.4947    21.1980     5.3952     93.358 0.0000e+00
        387      2.314    18.4948   2.953043     2.7102     2.9163  4.8114462    84.9826      2.292    18.4944    21.1954     5.3911     93.286 0.0000e+00
        388      2.336    18.4945   2.952645     2.7092     2.9163  4.8127910    84.9875      2.314    18.4941    21.1924     5.3866     93.204 0.0000e+00
        389      2.358    18.4942   2.952227     2.7083     2.9163  4.8141866    84.9915      2.336    18.4938    21.1892     5.3822     93.127 0.0000e+00
        390      2.380    18.4940   2.951804     2.7073     2.9163  4.8156427    84.9945      2.358    18.4936    21.1860     5.3776     93.045 0.0000e+00
        391      2.402    18.4937   2.951377     2.7063     2.9346  4.8171695    84.9964      2.380    18.4933    21.1828     5.3730     92.964 0.0000e+00
        392      2.424    18.4934   2.950939     2.7053     2.9163  4.8187776    84.9975      2.401    18.4930    21.1795     5.3685     92.883 0.0000e+00
        393      2.447    18.4932   2.950490     2.7042     2.9163  4.8204782    84.9979      2.424    18.4928    21.1760     5.3637     92.797 0.0000e+00
        394      2.469    18.4930   2.950032     2.7031     2.9163  4.8222830    84.9976      2.446    18.4926    21.1725     5.3590     92.713 0.0000e+00
        395      2.491    18.4928   2.949563     2.7020     2.9163  4.8242047    84.9966      2.468    18.4924    21.1689     5.3543     92.629 0.0000e+00
        396      2.513    18.4926   2.949090     2.7009     2.9346  4.8262567    84.9944      2.490    18.4922    21.1652     5.3496     92.546 0.0000e+00
        397      2.536    18.4924   2.948622     2.6997     2.9529  4.8283682    84.9907      2.512    18.4920    21.1616     5.3447     92.460 0.0000e+00
        398      2.558    18.4922   2.948176     2.6985     2.9529  4.8303841    84.9850      2.534    18.4918    21.1582     5.3399     92.374 0.0000e+00
        399      2.580    18.4921   2.947762     2.6973     2.9529  4.8322334    84.9773      2.556    18.4917    21.1550     5.3351     92.289 0.0000e+00
        400      2.603    18.4919   2.947382     2.6961     2.9713  4.8339290    84.9678      2.579    18.4915    21.1521     5.3304     92.206 0.0000e+00
        401      2.625    18.4918   2.947037     2.6948     2.9529  4.8354828    84.9568      2.601    18.4914    21.1494     5.3255     92.119 0.0000e+00
        402      2.647    18.4916   2.946726     2.6936     2.9529  4.8369055    84.9448      2.622    18.4912    21.1470     5.3209     92.037 0.0000e+00
        403      2.670    18.4915   2.946454     2.6923     2.9529  4.8382070    84.9319      2.645    18.4911    21.1449     5.3161     91.953 0.0000e+00
        404      2.692    18.4913   2.946220     2.6910     2.9713  4.8393964    84.9186      2.667    18.4909    21.1432     5.3113     91.870 0.0000e+00
        405      2.715    18.4912   2.946018     2.6897     2.9713  4.8404819    84.9046      2.690    18.4908    21.1416     5.3067     91.788 0.0000e+00
        406      2.738    18.4910   2.945839     2.6884     2.9713  4.8414712    84.8903      2.713    18.4906    21.1403     5.3021     91.708 0.0000e+00
        407      2.760    18.4908   2.945681     2.6871     2.9529  4.8423710    84.8756      2.734    18.4904    21.1392     5.2975     91.628 0.0000e+00
        408      2.783    18.4907   2.945546     2.6857     2.9529  4.8431877    84.8607      2.757    18.4903    21.1381     5.2928     91.546 0.0000e+00
        409      2.805    18.4905   2.945428     2.6843     2.9529  4.8439269    84.8458      2.779    18.4901    21.1373     5.2881     91.464 0.0000e+00
        410      2.828    18.4903   2.945324     2.6829     2.9713  4.8445937    84.8309      2.802    18.4899    21.1366     5.2836     91.384 0.0000e+00
        411      2.851    18.4901   2.945234     2.6816     2.9529  4.8451929    84.8162      2.824    18.4896    21.1360     5.2793     91.310 0.0000e+00
        412      2.873    18.4898   2.945156     2.6802     2.9529  4.8457285    84.8020      2.846    18.4893    21.1355     5.2748     91.232 0.0000e+00
