data/2023/2023_wed/06CTD15.cnv
* Sea-Bird SBE 9 Data File:
* FileName = C:\Users\ctd-user\Desktop\CTD_data\2023\MAR440 Sept 2023\06CTD15.hex
* Software Version Seasave V 7.26.2.13
* Temperature SN = 4493
* Conductivity SN = 1899
* Number of Bytes Per Scan = 37
* Number of Voltage Words = 4
* Number of Scans Averaged by the Deck Unit = 1
* NMEA Latitude = 58 17.98 N
* NMEA Longitude = 011 45.76 E
* NMEA UTC (Time) = Sep 06 2023 12:33:38
* NMEA baud rate = 4800
** Ship:
** Station:
** Operator:
# nquan = 14                                
# nvalues = 1228                        
# units = specified
# name 0 = scan: Scan Count
# name 1 = prDM: Pressure, Digiquartz [db]
# name 2 = t090C: Temperature [ITS-90, deg C]
# name 3 = c0S/m: Conductivity [S/m]
# name 4 = sbeox0V: Oxygen raw, SBE 43 [V]
# name 5 = flECO-AFL: Fluorescence, WET Labs ECO-AFL/FL [mg/m^3]
# name 6 = upoly0: Upoly 0, Turbidity
# name 7 = xmiss: Beam Transmission, Chelsea/Seatech [%]
# name 8 = depSM: Depth [salt water, m], lat = 58.2997
# name 9 = potemp090C: Potential Temperature [ITS-90, deg C]
# name 10 = sal00: Salinity, Practical [PSU]
# name 11 = sbeox0ML/L: Oxygen, SBE 43 [ml/l], WS = 2
# name 12 = sbeox0PS: Oxygen, SBE 43 [% saturation], WS = 2
# name 13 = flag: flag
# span 0 =          1,       1228       
# span 1 =      1.117,     20.462       
# span 2 =    12.0776,    18.4986       
# span 3 =   2.913577,   3.410172       
# span 4 =     0.9265,     2.7964       
# span 5 =     0.1508,     4.3266       
# span 6 =  4.4283859,  4.9413275       
# span 7 =    80.5705,    96.1161       
# span 8 =      1.107,     20.271       
# span 9 =    12.0751,    18.4983       
# span 10 =    20.8829,    28.6206      
# span 11 =     1.0676,     5.7283      
# span 12 =     17.730,     98.966      
# span 13 = 0.0000e+00, 0.0000e+00      
# interval = seconds: 0.0416667
# start_time = Sep 06 2023 12:33:38 [NMEA time, header]
# bad_flag = -9.990e-29
*END*
[from data line 723]
        724      9.859    17.5973   3.184706     1.7231     0.9566  4.6048434    90.9274      9.767    17.5958    23.5420     2.3697     40.864 0.0000e+00
        725      9.881    17.5804   3.185897     1.7162     0.9566  4.6079428    90.8719      9.789    17.5789    23.5615     2.3512     40.536 0.0000e+00
        726      9.904    17.5633   3.187113     1.7093     0.9566  4.6113668    90.8157      9.812    17.5618    23.5813     2.3329     40.212 0.0000e+00
        727      9.927    17.5460   3.188357     1.7024     0.9566  4.6151393    90.7587      9.835    17.5445    23.6014     2.3148     39.892 0.0000e+00
        728      9.950    17.5288   3.189628     1.6954     0.8650  4.6192014    90.7008      9.857    17.5273    23.6218     2.2966     39.570 0.0000e+00
        729      9.972    17.5116   3.190927     1.6885     0.7551  4.6233267    90.6415      9.879    17.5101    23.6423     2.2789     39.257 0.0000e+00
        730      9.995    17.4945   3.192271     1.6815     0.7551  4.6272890    90.5811      9.902    17.4930    23.6633     2.2611     38.943 0.0000e+00
        731     10.017    17.4774   3.193680     1.6745     0.7735  4.6310309    90.5197      9.924    17.4759    23.6847     2.2436     38.632 0.0000e+00
        732     10.039    17.4603   3.195158     1.6675     0.7551  4.6345785    90.4577      9.945    17.4588    23.7068     2.2263     38.326 0.0000e+00
        733     10.061    17.4433   3.196707     1.6606     0.7551  4.6379565    90.3949      9.967    17.4417    23.7294     2.2094     38.028 0.0000e+00
        734     10.084    17.4263   3.198324     1.6536     0.7735  4.6411883    90.3312      9.990    17.4247    23.7525     2.1925     37.729 0.0000e+00
        735     10.106    17.4094   3.200004     1.6466     0.7551  4.6442965    90.2665     10.012    17.4078    23.7762     2.1757     37.435 0.0000e+00
        736     10.128    17.3924   3.201737     1.6397     0.7551  4.6473026    90.2006     10.034    17.3908    23.8003     2.1595     37.148 0.0000e+00
        737     10.150    17.3754   3.203511     1.6328     0.7551  4.6502276    90.1331     10.055    17.3738    23.8248     2.1434     36.865 0.0000e+00
        738     10.172    17.3582   3.205313     1.6258     0.7551  4.6530919    90.0633     10.077    17.3566    23.8497     2.1274     36.582 0.0000e+00
        739     10.194    17.3408   3.207134     1.6189     0.7735  4.6559152    89.9901     10.099    17.3392    23.8749     2.1118     36.307 0.0000e+00
        740     10.216    17.3232   3.208968     1.6120     0.7551  4.6587174    89.9119     10.121    17.3216    23.9003     2.0964     36.035 0.0000e+00
        741     10.238    17.3054   3.210808     1.6052     0.7551  4.6615178    89.8275     10.143    17.3038    23.9259     2.0815     35.772 0.0000e+00
        742     10.260    17.2875   3.212652     1.5983     0.7551  4.6643360    89.7367     10.164    17.2859    23.9516     2.0665     35.508 0.0000e+00
        743     10.282    17.2695   3.214496     1.5915     0.7551  4.6671916    89.6401     10.186    17.2679    23.9774     2.0520     35.252 0.0000e+00
        744     10.303    17.2514   3.216342     1.5848     0.7551  4.6701044    89.5385     10.207    17.2498    24.0033     2.0380     35.004 0.0000e+00
        745     10.325    17.2332   3.218184     1.5780     0.7551  4.6730947    89.4323     10.229    17.2316    24.0292     2.0239     34.754 0.0000e+00
        746     10.347    17.2148   3.220024     1.5713     0.7551  4.6761833    89.3220     10.251    17.2132    24.0553     2.0102     34.513 0.0000e+00
        747     10.368    17.1963   3.221866     1.5647     0.7551  4.6793917    89.2081     10.271    17.1947    24.0815     1.9970     34.280 0.0000e+00
        748     10.390    17.1776   3.223714     1.5581     0.7551  4.6827422    89.0915     10.293    17.1760    24.1079     1.9841     34.050 0.0000e+00
        749     10.411    17.1588   3.225576     1.5515     0.7551  4.6862580    88.9734     10.314    17.1572    24.1344     1.9712     33.823 0.0000e+00
        750     10.433    17.1398   3.227462     1.5450     0.7551  4.6899638    88.8557     10.336    17.1382    24.1613     1.9589     33.603 0.0000e+00
        751     10.455    17.1205   3.229379     1.5385     0.7735  4.6938852    88.7410     10.358    17.1189    24.1887     1.9466     33.386 0.0000e+00
        752     10.476    17.1012   3.231327     1.5320     0.7551  4.6980495    88.6321     10.378    17.0996    24.2163     1.9346     33.173 0.0000e+00
        753     10.497    17.0818   3.233300     1.5256     0.7368  4.7024857    88.5303     10.399    17.0802    24.2443     1.9229     32.966 0.0000e+00
        754     10.518    17.0623   3.235293     1.5193     0.6086  4.7070548    88.4358     10.420    17.0607    24.2725     1.9117     32.766 0.0000e+00
        755     10.539    17.0428   3.237304     1.5130     0.5903  4.7114488    88.3484     10.441    17.0412    24.3008     1.9005     32.568 0.0000e+00
        756     10.560    17.0232   3.239336     1.5068     0.5903  4.7155284    88.2681     10.462    17.0216    24.3295     1.8898     32.377 0.0000e+00
        757     10.581    17.0034   3.241392     1.5006     0.5903  4.7193220    88.1959     10.482    17.0018    24.3584     1.8791     32.187 0.0000e+00
        758     10.602    16.9833   3.243469     1.4945     0.5903  4.7228559    88.1325     10.503    16.9817    24.3878     1.8688     32.003 0.0000e+00
        759     10.623    16.9628   3.245560     1.4884     0.6086  4.7261548    88.0785     10.524    16.9612    24.4175     1.8586     31.821 0.0000e+00
        760     10.644    16.9419   3.247666     1.4824     0.5903  4.7292416    88.0338     10.545    16.9403    24.4477     1.8487     31.644 0.0000e+00
        761     10.665    16.9206   3.249789     1.4765     0.6086  4.7321377    87.9978     10.566    16.9190    24.4782     1.8391     31.474 0.0000e+00
        762     10.686    16.8988   3.251937     1.4706     0.5903  4.7348634    87.9699     10.586    16.8972    24.5093     1.8297     31.304 0.0000e+00
        763     10.707    16.8768   3.254111     1.4647     0.5903  4.7374375    87.9494     10.607    16.8752    24.5408     1.8202     31.135 0.0000e+00
        764     10.727    16.8546   3.256302     1.4590     0.5903  4.7398781    87.9348     10.627    16.8530    24.5726     1.8113     30.975 0.0000e+00
        765     10.748    16.8324   3.258500     1.4533     0.5903  4.7422020    87.9244     10.648    16.8308    24.6044     1.8025     30.816 0.0000e+00
        766     10.769    16.8101   3.260707     1.4476     0.5903  4.7444254    87.9165     10.669    16.8085    24.6365     1.7937     30.659 0.0000e+00
        767     10.790    16.7883   3.262934     1.4421     0.5903  4.7465638    87.9105     10.689    16.7867    24.6684     1.7854     30.510 0.0000e+00
        768     10.810    16.7670   3.265183     1.4366     0.5903  4.7486321    87.9070     10.709    16.7654    24.7002     1.7772     30.362 0.0000e+00
        769     10.831    16.7464   3.267459     1.4311     0.5903  4.7506446    87.9066     10.730    16.7448    24.7319     1.7690     30.215 0.0000e+00
        770     10.851    16.7266   3.269770     1.4257     0.5903  4.7526154    87.9096     10.750    16.7250    24.7634     1.7610     30.073 0.0000e+00
        771     10.871    16.7079   3.272134     1.4204     0.5903  4.7545582    87.9163     10.770    16.7063    24.7947     1.7533     29.936 0.0000e+00
        772     10.892    16.6901   3.274564     1.4152     0.5903  4.7564865    87.9280     10.791    16.6885    24.8260     1.7458     29.803 0.0000e+00
        773     10.912    16.6733   3.277068     1.4100     0.5903  4.7584136    87.9467     10.810    16.6717    24.8574     1.7383     29.671 0.0000e+00
        774     10.932    16.6574   3.279639     1.4048     0.5903  4.7603531    87.9741     10.830    16.6558    24.8887     1.7308     29.539 0.0000e+00
        775     10.952    16.6422   3.282255     1.3997     0.5903  4.7623184    88.0117     10.850    16.6406    24.9201     1.7235     29.412 0.0000e+00
        776     10.973    16.6279   3.284894     1.3947     0.5903  4.7643231    88.0618     10.871    16.6263    24.9511     1.7165     29.290 0.0000e+00
        777     10.993    16.6144   3.287539     1.3897     0.5903  4.7663812    88.1259     10.891    16.6128    24.9817     1.7095     29.167 0.0000e+00
        778     11.013    16.6014   3.290167     1.3848     0.5903  4.7685071    88.2053     10.910    16.5998    25.0119     1.7026     29.048 0.0000e+00
        779     11.033    16.5889   3.292747     1.3799     0.5354  4.7707155    88.3014     10.930    16.5872    25.0413     1.6958     28.930 0.0000e+00
        780     11.053    16.5767   3.295254     1.3751     0.4987  4.7729369    88.4151     10.950    16.5750    25.0700     1.6892     28.815 0.0000e+00
        781     11.073    16.5648   3.297670     1.3703     0.4804  4.7750167    88.5450     10.970    16.5631    25.0978     1.6826     28.700 0.0000e+00
        782     11.093    16.5533   3.299978     1.3655     0.4804  4.7768846    88.6888     10.990    16.5516    25.1244     1.6759     28.585 0.0000e+00
        783     11.113    16.5422   3.302162     1.3609     0.4804  4.7785536    88.8452     11.009    16.5405    25.1497     1.6698     28.478 0.0000e+00
        784     11.133    16.5313   3.304221     1.3562     0.4804  4.7800352    89.0150     11.029    16.5296    25.1739     1.6634     28.367 0.0000e+00
        785     11.153    16.5209   3.306161     1.3517     0.4987  4.7813398    89.1974     11.049    16.5192    25.1967     1.6575     28.264 0.0000e+00
        786     11.173    16.5107   3.307990     1.3471     0.4804  4.7824764    89.3892     11.069    16.5090    25.2185     1.6513     28.157 0.0000e+00
        787     11.193    16.5009   3.309715     1.3427     0.4804  4.7834529    89.5854     11.089    16.4992    25.2392     1.6456     28.058 0.0000e+00
        788     11.213    16.4914   3.311331     1.3382     0.4804  4.7842762    89.7818     11.109    16.4897    25.2588     1.6396     27.954 0.0000e+00
        789     11.232    16.4822   3.312849     1.3339     0.4804  4.7849519    89.9759     11.127    16.4805    25.2774     1.6342     27.859 0.0000e+00
        790     11.252    16.4731   3.314283     1.3296     0.4804  4.7854848    90.1669     11.147    16.4714    25.2953     1.6287     27.764 0.0000e+00
        791     11.272    16.4642   3.315656     1.3253     0.4804  4.7858786    90.3536     11.167    16.4625    25.3125     1.6232     27.668 0.0000e+00
        792     11.292    16.4553   3.316976     1.3211     0.4804  4.7861360    90.5345     11.187    16.4536    25.3292     1.6179     27.576 0.0000e+00
        793     11.312    16.4467   3.318246     1.3169     0.4804  4.7862588    90.7081     11.207    16.4450    25.3454     1.6126     27.484 0.0000e+00
        794     11.332    16.4381   3.319463     1.3128     0.4804  4.7862478    90.8731     11.226    16.4364    25.3611     1.6076     27.395 0.0000e+00
        795     11.352    16.4297   3.320629     1.3087     0.5171  4.7861031    91.0288     11.246    16.4280    25.3763     1.6025     27.307 0.0000e+00
        796     11.371    16.4214   3.321747     1.3046     0.4804  4.7858234    91.1745     11.265    16.4197    25.3910     1.5974     27.217 0.0000e+00
        797     11.391    16.4133   3.322818     1.3007     0.4987  4.7854071    91.3099     11.285    16.4116    25.4052     1.5928     27.137 0.0000e+00
        798     11.411    16.4055   3.323842     1.2967     0.4804  4.7848510    91.4355     11.305    16.4038    25.4188     1.5879     27.052 0.0000e+00
        799     11.431    16.3978   3.324821     1.2929     0.4804  4.7841514    91.5526     11.324    16.3961    25.4319     1.5835     26.975 0.0000e+00
        800     11.451    16.3903   3.325758     1.2891     0.4804  4.7833034    91.6621     11.344    16.3886    25.4446     1.5790     26.897 0.0000e+00
        801     11.470    16.3829   3.326658     1.2853     0.4987  4.7823011    91.7649     11.363    16.3812    25.4569     1.5745     26.819 0.0000e+00
        802     11.490    16.3755   3.327523     1.2816     0.4804  4.7811375    91.8616     11.383    16.3738    25.4689     1.5703     26.744 0.0000e+00
        803     11.510    16.3682   3.328362     1.2779     0.4804  4.7798046    91.9533     11.403    16.3665    25.4807     1.5660     26.669 0.0000e+00
        804     11.530    16.3610   3.329171     1.2743     0.4804  4.7782930    92.0407     11.423    16.3593    25.4921     1.5618     26.596 0.0000e+00
        805     11.550    16.3537   3.329951     1.2707     0.4255  4.7766772    92.1244     11.442    16.3520    25.5034     1.5576     26.523 0.0000e+00
        806     11.569    16.3464   3.330704     1.2672     0.4072  4.7751158    92.2048     11.461    16.3447    25.5144     1.5536     26.453 0.0000e+00
        807     11.589    16.3391   3.331427     1.2638     0.4072  4.7736829    92.2825     11.481    16.3374    25.5252     1.5498     26.385 0.0000e+00
        808     11.609    16.3316   3.332119     1.2604     0.4072  4.7723685    92.3582     11.501    16.3299    25.5358     1.5459     26.316 0.0000e+00
        809     11.629    16.3240   3.332777     1.2570     0.4072  4.7711635    92.4322     11.521    16.3223    25.5462     1.5418     26.245 0.0000e+00
        810     11.648    16.3162   3.333403     1.2537     0.4072  4.7700595    92.5052     11.539    16.3145    25.5565     1.5380     26.177 0.0000e+00
        811     11.668    16.3082   3.333999     1.2505     0.4072  4.7690488    92.5778     11.559    16.3065    25.5667     1.5342     26.110 0.0000e+00
        812     11.688    16.2999   3.334565     1.2473     0.4072  4.7681244    92.6505     11.579    16.2982    25.5768     1.5303     26.042 0.0000e+00
        813     11.708    16.2913   3.335107     1.2441     0.4072  4.7672799    92.7238     11.599    16.2896    25.5869     1.5263     25.971 0.0000e+00
        814     11.727    16.2825   3.335625     1.2410     0.4072  4.7665093    92.7980     11.618    16.2808    25.5969     1.5225     25.902 0.0000e+00
        815     11.747    16.2733   3.336123     1.2379     0.4255  4.7658074    92.8728     11.638    16.2716    25.6070     1.5185     25.831 0.0000e+00
        816     11.767    16.2638   3.336604     1.2349     0.4072  4.7651692    92.9477     11.657    16.2621    25.6172     1.5146     25.762 0.0000e+00
        817     11.787    16.2540   3.337074     1.2319     0.4072  4.7645904    93.0217     11.677    16.2523    25.6274     1.5106     25.690 0.0000e+00
        818     11.807    16.2440   3.337534     1.2289     0.4255  4.7640667    93.0936     11.697    16.2423    25.6378     1.5064     25.615 0.0000e+00
        819     11.827    16.2339   3.337987     1.2260     0.4072  4.7635948    93.1629     11.717    16.2322    25.6481     1.5023     25.542 0.0000e+00
        820     11.847    16.2238   3.338439     1.2231     0.4072  4.7631712    93.2289     11.737    16.2220    25.6584     1.4980     25.465 0.0000e+00
        821     11.867    16.2137   3.338889     1.2203     0.4072  4.7627929    93.2914     11.756    16.2119    25.6687     1.4938     25.390 0.0000e+00
        822     11.888    16.2036   3.339338     1.2175     0.4255  4.7624575    93.3497     11.777    16.2018    25.6790     1.4894     25.313 0.0000e+00
        823     11.908    16.1936   3.339792     1.2147     0.4072  4.7621625    93.4035     11.797    16.1918    25.6893     1.4848     25.232 0.0000e+00
        824     11.928    16.1837   3.340250     1.2119     0.4072  4.7619058    93.4522     11.817    16.1819    25.6996     1.4801     25.148 0.0000e+00
        825     11.948    16.1739   3.340712     1.2092     0.4072  4.7616858    93.4947     11.837    16.1721    25.7098     1.4755     25.066 0.0000e+00
