data/2023/2023_wed/06CTD05.cnv
* Sea-Bird SBE 9 Data File:
* FileName = C:\Users\ctd-user\Desktop\CTD_data\2023\MAR440 Sept 2023\06CTD05.hex
* Software Version Seasave V 7.26.2.13
* Temperature SN = 4493
* Conductivity SN = 1899
* Number of Bytes Per Scan = 37
* Number of Voltage Words = 4
* Number of Scans Averaged by the Deck Unit = 1
* NMEA Latitude = 58 19.57 N
* NMEA Longitude = 011 50.80 E
* NMEA UTC (Time) = Sep 06 2023 09:53:54
* NMEA baud rate = 4800
** Ship:
** Station:
** Operator:
# nquan = 14                                
# nvalues = 1540                        
# units = specified
# name 0 = scan: Scan Count
# name 1 = prDM: Pressure, Digiquartz [db]
# name 2 = t090C: Temperature [ITS-90, deg C]
# name 3 = c0S/m: Conductivity [S/m]
# name 4 = sbeox0V: Oxygen raw, SBE 43 [V]
# name 5 = flECO-AFL: Fluorescence, WET Labs ECO-AFL/FL [mg/m^3]
# name 6 = upoly0: Upoly 0, Turbidity
# name 7 = xmiss: Beam Transmission, Chelsea/Seatech [%]
# name 8 = depSM: Depth [salt water, m], lat = 58.3262
# name 9 = potemp090C: Potential Temperature [ITS-90, deg C]
# name 10 = sal00: Salinity, Practical [PSU]
# name 11 = sbeox0ML/L: Oxygen, SBE 43 [ml/l], WS = 2
# name 12 = sbeox0PS: Oxygen, SBE 43 [% saturation], WS = 2
# name 13 = flag: flag
# span 0 =          1,       1540       
# span 1 =      1.017,     12.793       
# span 2 =    14.1706,    18.4300       
# span 3 =   2.037871,   3.299451       
# span 4 =     1.0956,     2.8862       
# span 5 =     0.2790,     7.4768       
# span 6 =  4.7268080,  5.3882369       
# span 7 =    65.7445,    91.7976       
# span 8 =      1.008,     12.674       
# span 9 =    14.1689,    18.4298       
# span 10 =    14.2492,    26.6360      
# span 11 =     1.2320,     6.2519      
# span 12 =     20.653,    103.044      
# span 13 = 0.0000e+00, 0.0000e+00      
# interval = seconds: 0.0416667
# start_time = Sep 06 2023 09:53:54 [NMEA time, header]
# bad_flag = -9.990e-29
*END*
[from data line 207]
        208      1.106    18.1079   2.041872     2.8842     6.8174  5.2841014    67.2919      1.096    18.1077    14.2806     6.2324    102.692 -9.990e-29
        209      1.105    18.1079   2.041618     2.8845     6.7991  5.2832496    67.2526      1.095    18.1077    14.2786     6.2299    102.650 -9.990e-29
        210      1.104    18.1079   2.041347     2.8849     6.8174  5.2823239    67.2151      1.094    18.1077    14.2766     6.2276    102.610 -9.990e-29
        211      1.103    18.1079   2.041060     2.8852     6.8174  5.2813177    67.1793      1.093    18.1077    14.2744     6.2249    102.565 -9.990e-29
        212      1.102    18.1080   2.040753     2.8854     6.8174  5.2802241    67.1453      1.092    18.1078    14.2720     6.2219    102.515 -9.990e-29
        213      1.101    18.1081   2.040425     2.8856     6.7991  5.2790355    67.1133      1.091    18.1079    14.2695     6.2189    102.463 -9.990e-29
        214      1.100    18.1082   2.040075     2.8858     6.8174  5.2777435    67.0835      1.090    18.1080    14.2667     6.2157    102.410 -9.990e-29
        215      1.100    18.1083   2.039712     2.8860     6.7991  5.2763393    67.0560      1.090    18.1081    14.2639     6.2125    102.356 -9.990e-29
        216      1.099    18.1085   2.039352     2.8861     6.7991  5.2748130    67.0311      1.089    18.1083    14.2611     6.2090    102.296 -9.990e-29
        217      1.098    18.1086   2.039008     2.8861     6.7991  5.2731540    67.0091      1.088    18.1084    14.2585     6.2051    102.230 -9.990e-29
        218      1.097    18.1088   2.038695     2.8862     6.7991  5.2713508    66.9902      1.087    18.1086    14.2560     6.2013    102.167 -9.990e-29
        219      1.096    18.1090   2.038423     2.8861     6.8174  5.2693909    66.9743      1.086    18.1088    14.2539     6.1970    102.095 -9.990e-29
        220      1.096    18.1092   2.038199     2.8860     6.8174  5.2672606    66.9610      1.086    18.1090    14.2521     6.1925    102.021 -9.990e-29
        221      1.095    18.1095   2.038031     2.8859     6.7991  5.2649450    66.9498      1.085    18.1093    14.2507     6.1880    101.946 -9.990e-29
        222      1.094    18.1098   2.037920     2.8857     6.8174  5.2624281    66.9400      1.084    18.1096    14.2498     6.1831    101.865 -9.990e-29
        223      1.094    18.1101   2.037871     2.8855     6.7991  5.2596924    66.9314      1.084    18.1099    14.2493     6.1781    101.784 -9.990e-29
        224      1.093    18.1104   2.037880     2.8852     6.8174  5.2567189    66.9242      1.083    18.1102    14.2492     6.1728    101.697 -9.990e-29
        225      1.092    18.1108   2.037946     2.8849     6.8174  5.2534867    66.9180      1.082    18.1106    14.2496     6.1674    101.609 -9.990e-29
        226      1.092    18.1112   2.038067     2.8845     6.8357  5.2499736    66.9126      1.082    18.1110    14.2504     6.1617    101.516 -9.990e-29
        227      1.091    18.1116   2.038240     2.8841     6.8174  5.2461550    66.9078      1.081    18.1114    14.2516     6.1559    101.423 -9.990e-29
        228      1.091    18.1121   2.038466     2.8837     6.5244  5.2420892    66.9033      1.081    18.1119    14.2531     6.1501    101.328 -9.990e-29
        229      1.091    18.1127   2.038746     2.8831     6.3046  5.2380029    66.8988      1.081    18.1125    14.2551     6.1437    101.225 -9.990e-29
        230      1.090    18.1133   2.039083     2.8826     6.2680  5.2341225    66.8946      1.080    18.1131    14.2574     6.1375    101.126 -9.990e-29
        231      1.090    18.1139   2.039483     2.8820     6.2680  5.2305058    66.8908      1.080    18.1137    14.2603     6.1311    101.022 -9.990e-29
        232      1.089    18.1146   2.039953     2.8813     6.2863  5.2271277    66.8879      1.079    18.1144    14.2636     6.1243    100.915 -9.990e-29
        233      1.089    18.1154   2.040499     2.8806     6.2863  5.2239648    66.8858      1.079    18.1152    14.2675     6.1176    100.808 -9.990e-29
        234      1.089    18.1162   2.041120     2.8798     6.2680  5.2209949    66.8846      1.079    18.1160    14.2720     6.1106    100.697 -9.990e-29
        235      1.089    18.1170   2.041821     2.8790     6.2863  5.2181975    66.8844      1.079    18.1168    14.2770     6.1036    100.587 -9.990e-29
        236      1.089    18.1179   2.042602     2.8781     6.2863  5.2155531    66.8854      1.079    18.1177    14.2827     6.0965    100.474 -9.990e-29
        237      1.089    18.1189   2.043469     2.8772     6.2863  5.2130433    66.8873      1.079    18.1187    14.2889     6.0893    100.361 -9.990e-29
        238      1.089    18.1200   2.044424     2.8762     6.2863  5.2106506    66.8902      1.079    18.1198    14.2958     6.0819    100.246 -9.990e-29
        239      1.089    18.1211   2.045475     2.8752     6.2863  5.2083585    66.8940      1.079    18.1209    14.3035     6.0747    100.133 -9.990e-29
        240      1.089    18.1223   2.046628     2.8741     6.2863  5.2061508    66.8987      1.079    18.1221    14.3119     6.0672    100.018 -9.990e-29
        241      1.089    18.1235   2.047884     2.8730     6.2863  5.2040124    66.9042      1.079    18.1233    14.3210     6.0599     99.905 -9.990e-29
        242      1.089    18.1246   2.049242     2.8718     6.2863  5.2019282    66.9102      1.079    18.1244    14.3310     6.0524     99.790 -9.990e-29
        243      1.089    18.1258   2.050704     2.8705     6.2863  5.1998839    66.9162      1.079    18.1256    14.3417     6.0448     99.674 -9.990e-29
        244      1.089    18.1270   2.052272     2.8693     6.2863  5.1978652    66.9221      1.079    18.1268    14.3533     6.0376     99.563 -9.990e-29
        245      1.089    18.1283   2.053948     2.8679     6.2863  5.1958580    66.9274      1.079    18.1281    14.3656     6.0300     99.448 -9.990e-29
        246      1.089    18.1296   2.055724     2.8666     6.2863  5.1938484    66.9322      1.079    18.1294    14.3787     6.0228     99.340 -9.990e-29
        247      1.089    18.1310   2.057595     2.8651     6.2863  5.1918224    66.9369      1.079    18.1308    14.3925     6.0152     99.226 -9.990e-29
        248      1.090    18.1325   2.059555     2.8637     6.2863  5.1897659    66.9425      1.080    18.1323    14.4069     6.0081     99.120 -9.990e-29
        249      1.090    18.1342   2.061607     2.8622     6.2863  5.1876647    66.9494      1.080    18.1340    14.4220     6.0009     99.013 -9.990e-29
        250      1.090    18.1360   2.063760     2.8606     6.2863  5.1855040    66.9574      1.080    18.1358    14.4378     5.9936     98.906 -9.990e-29
        251      1.090    18.1379   2.066023     2.8591     6.2863  5.1832688    66.9662      1.080    18.1377    14.4544     5.9868     98.807 -9.990e-29
        252      1.090    18.1399   2.068386     2.8575     6.2863  5.1809437    66.9752      1.080    18.1397    14.4718     5.9799     98.707 -9.990e-29
        253      1.091    18.1421   2.070833     2.8558     6.2130  5.1785124    66.9845      1.081    18.1419    14.4897     5.9730     98.608 -9.990e-29
        254      1.091    18.1444   2.073352     2.8542     6.0116  5.1760430    66.9945      1.081    18.1442    14.5081     5.9665     98.516 -9.990e-29
        255      1.091    18.1468   2.075943     2.8525     5.9200  5.1736881    67.0063      1.081    18.1466    14.5270     5.9599     98.424 -9.990e-29
        256      1.092    18.1494   2.078619     2.8508     5.9200  5.1715164    67.0204      1.082    18.1492    14.5466     5.9537     98.337 -9.990e-29
        257      1.092    18.1521   2.081402     2.8492     5.9200  5.1695126    67.0375      1.082    18.1519    14.5669     5.9478     98.257 -9.990e-29
        258      1.093    18.1550   2.084325     2.8475     5.9383  5.1676630    67.0575      1.083    18.1548    14.5882     5.9419     98.178 -9.990e-29
        259      1.093    18.1579   2.087423     2.8458     5.9383  5.1659545    67.0805      1.083    18.1577    14.6108     5.9362     98.103 -9.990e-29
        260      1.094    18.1610   2.090728     2.8441     5.9200  5.1643753    67.1067      1.084    18.1608    14.6350     5.9307     98.032 -9.990e-29
        261      1.094    18.1640   2.094259     2.8424     5.9383  5.1629145    67.1368      1.084    18.1638    14.6609     5.9254     97.965 -9.990e-29
        262      1.094    18.1671   2.098031     2.8408     5.9200  5.1615619    67.1710      1.084    18.1669    14.6886     5.9205     97.907 -9.990e-29
        263      1.094    18.1702   2.102055     2.8392     5.9383  5.1603080    67.2089      1.084    18.1700    14.7182     5.9158     97.852 -9.990e-29
        264      1.095    18.1734   2.106343     2.8376     5.9200  5.1591441    67.2502      1.085    18.1732    14.7499     5.9112     97.801 -9.990e-29
        265      1.096    18.1767   2.110903     2.8360     5.9383  5.1580622    67.2946      1.086    18.1765    14.7836     5.9068     97.753 -9.990e-29
        266      1.096    18.1800   2.115745     2.8344     5.9383  5.1570547    67.3419      1.086    18.1798    14.8194     5.9025     97.709 -9.990e-29
        267      1.097    18.1834   2.120880     2.8329     5.9383  5.1561147    67.3924      1.087    18.1832    14.8574     5.8985     97.673 -9.990e-29
        268      1.097    18.1868   2.126325     2.8313     5.9200  5.1552354    67.4460      1.087    18.1866    14.8979     5.8944     97.635 -9.990e-29
        269      1.098    18.1902   2.132109     2.8299     5.9383  5.1544110    67.5028      1.088    18.1900    14.9409     5.8909     97.609 -9.990e-29
        270      1.099    18.1936   2.138246     2.8284     5.9200  5.1536355    67.5626      1.089    18.1934    14.9866     5.8872     97.581 -9.990e-29
        271      1.099    18.1971   2.144694     2.8270     5.9200  5.1529037    67.6253      1.089    18.1969    15.0347     5.8839     97.560 -9.990e-29
        272      1.100    18.2005   2.151374     2.8256     5.9200  5.1522104    67.6907      1.090    18.2003    15.0846     5.8806     97.541 -9.990e-29
        273      1.101    18.2040   2.158227     2.8243     5.9383  5.1515508    67.7589      1.091    18.2038    15.1358     5.8777     97.529 -9.990e-29
        274      1.101    18.2075   2.165235     2.8230     5.9200  5.1509203    67.8304      1.091    18.2073    15.1882     5.8748     97.519 -9.990e-29
        275      1.102    18.2110   2.172396     2.8217     5.9200  5.1503145    67.9061      1.092    18.2108    15.2418     5.8720     97.511 -9.990e-29
        276      1.103    18.2145   2.179717     2.8205     5.9383  5.1497293    67.9866      1.093    18.2143    15.2966     5.8695     97.509 -9.990e-29
        277      1.104    18.2180   2.187210     2.8193     5.9017  5.1491605    68.0718      1.094    18.2178    15.3528     5.8671     97.508 -9.990e-29
        278      1.105    18.2215   2.194885     2.8181     5.9383  5.1486042    68.1621      1.095    18.2213    15.4103     5.8647     97.508 -9.990e-29
        279      1.105    18.2249   2.202708     2.8170     5.9566  5.1480565    68.2576      1.095    18.2247    15.4691     5.8626     97.514 -9.990e-29
        280      1.106    18.2283   2.210612     2.8160     5.9932  5.1475136    68.3586      1.096    18.2281    15.5285     5.8608     97.525 -9.990e-29
        281      1.107    18.2317   2.218528     2.8149     5.9932  5.1469718    68.4650      1.097    18.2315    15.5880     5.8587     97.532 -9.990e-29
        282      1.108    18.2352   2.226424     2.8140     5.9749  5.1464272    68.5763      1.098    18.2350    15.6473     5.8573     97.549 -9.990e-29
        283      1.109    18.2386   2.234301     2.8130     5.9932  5.1458761    68.6923      1.099    18.2384    15.7065     5.8556     97.562 -9.990e-29
        284      1.110    18.2420   2.242182     2.8121     5.9932  5.1453147    68.8124      1.100    18.2418    15.7658     5.8542     97.580 -9.990e-29
        285      1.111    18.2453   2.250095     2.8112     5.9749  5.1447390    68.9360      1.101    18.2451    15.8253     5.8528     97.598 -9.990e-29
        286      1.112    18.2485   2.258064     2.8104     5.9932  5.1441450    69.0625      1.102    18.2483    15.8854     5.8517     97.621 -9.990e-29
        287      1.113    18.2516   2.266104     2.8095     5.9749  5.1435286    69.1912      1.103    18.2514    15.9461     5.8503     97.639 -9.990e-29
        288      1.114    18.2545   2.274204     2.8087     5.9932  5.1428855    69.3212      1.104    18.2543    16.0073     5.8493     97.663 -9.990e-29
        289      1.115    18.2572   2.282316     2.8080     5.9749  5.1422113    69.4518      1.105    18.2570    16.0687     5.8485     97.690 -9.990e-29
        290      1.116    18.2597   2.290410     2.8073     5.9749  5.1415012    69.5822      1.106    18.2595    16.1300     5.8477     97.718 -9.990e-29
        291      1.117    18.2620   2.298503     2.8066     5.9749  5.1407503    69.7116      1.107    18.2618    16.1915     5.8469     97.746 -9.990e-29
        292      1.118    18.2642   2.306632     2.8059     5.9932  5.1399534    69.8397      1.108    18.2640    16.2532     5.8462     97.774 -9.990e-29
        293      1.119    18.2661   2.314807     2.8053     5.9932  5.1391050    69.9665      1.109    18.2659    16.3155     5.8457     97.806 -9.990e-29
        294      1.119    18.2678   2.323002     2.8047     5.9932  5.1381991    70.0922      1.109    18.2676    16.3780     5.8452     97.838 -9.990e-29
        295      1.120    18.2693   2.331171     2.8041     5.9932  5.1372294    70.2172      1.110    18.2691    16.4405     5.8448     97.869 -9.990e-29
        296      1.121    18.2707   2.339280     2.8036     5.9749  5.1361892    70.3418      1.111    18.2705    16.5025     5.8446     97.905 -9.990e-29
        297      1.122    18.2719   2.347272     2.8031     5.9932  5.1350712    70.4659      1.112    18.2717    16.5637     5.8444     97.941 -9.990e-29
        298      1.123    18.2730   2.355050     2.8026     5.9932  5.1338678    70.5896      1.113    18.2728    16.6233     5.8444     97.977 -9.990e-29
        299      1.124    18.2739   2.362503     2.8022     5.9932  5.1325704    70.7128      1.114    18.2737    16.6806     5.8446     98.017 -9.990e-29
        300      1.125    18.2746   2.369542     2.8018     5.9749  5.1311702    70.8350      1.115    18.2744    16.7347     5.8450     98.056 -9.990e-29
        301      1.126    18.2752   2.376100     2.8015     5.9932  5.1296572    70.9558      1.116    18.2750    16.7851     5.8458     98.100 -9.990e-29
        302      1.127    18.2756   2.382131     2.8011     5.9932  5.1280211    71.0743      1.117    18.2754    16.8316     5.8465     98.139 -9.990e-29
        303      1.128    18.2759   2.387618     2.8008     5.9749  5.1262504    71.1901      1.118    18.2757    16.8739     5.8475     98.182 -9.990e-29
        304      1.129    18.2760   2.392568     2.8006     5.9383  5.1243329    71.3027      1.119    18.2758    16.9122     5.8489     98.228 -9.990e-29
        305      1.131    18.2760   2.396993     2.8004     5.6636  5.1223400    71.4118      1.120    18.2758    16.9464     5.8505     98.275 -9.990e-29
        306      1.132    18.2759   2.400907     2.8002     5.5537  5.1204279    71.5173      1.121    18.2757    16.9768     5.8522     98.321 -9.990e-29
        307      1.133    18.2758   2.404325     2.8001     5.5720  5.1186681    71.6189      1.122    18.2756    17.0033     5.8542     98.371 -9.990e-29
        308      1.134    18.2755   2.407254     2.8000     5.5537  5.1170485    71.7166      1.123    18.2753    17.0261     5.8564     98.420 -9.990e-29
        309      1.135    18.2752   2.409688     2.7999     5.5720  5.1155577    71.8100      1.124    18.2750    17.0451     5.8587     98.469 -9.990e-29
