data/2023/2023_wed/06CTD13.cnv
* Sea-Bird SBE 9 Data File:
* FileName = C:\Users\ctd-user\Desktop\CTD_data\2023\MAR440 Sept 2023\06CTD13.hex
* Software Version Seasave V 7.26.2.13
* Temperature SN = 4493
* Conductivity SN = 1899
* Number of Bytes Per Scan = 37
* Number of Voltage Words = 4
* Number of Scans Averaged by the Deck Unit = 1
* NMEA Latitude = 58 20.02 N
* NMEA Longitude = 011 42.94 E
* NMEA UTC (Time) = Sep 06 2023 11:45:17
* NMEA baud rate = 4800
** Ship:
** Station:
** Operator:
# nquan = 14                                
# nvalues = 1916                        
# units = specified
# name 0 = scan: Scan Count
# name 1 = prDM: Pressure, Digiquartz [db]
# name 2 = t090C: Temperature [ITS-90, deg C]
# name 3 = c0S/m: Conductivity [S/m]
# name 4 = sbeox0V: Oxygen raw, SBE 43 [V]
# name 5 = flECO-AFL: Fluorescence, WET Labs ECO-AFL/FL [mg/m^3]
# name 6 = upoly0: Upoly 0, Turbidity
# name 7 = xmiss: Beam Transmission, Chelsea/Seatech [%]
# name 8 = depSM: Depth [salt water, m], lat = 58.3337
# name 9 = potemp090C: Potential Temperature [ITS-90, deg C]
# name 10 = sal00: Salinity, Practical [PSU]
# name 11 = sbeox0ML/L: Oxygen, SBE 43 [ml/l], WS = 2
# name 12 = sbeox0PS: Oxygen, SBE 43 [% saturation], WS = 2
# name 13 = flag: flag
# span 0 =          1,       1916       
# span 1 =      0.051,     11.928       
# span 2 =    15.6666,    18.4363       
# span 3 =   0.055863,   3.291394       
# span 4 =     1.7393,     3.0083       
# span 5 =    -0.0873,     2.9346       
# span 6 =  4.9086709,  198.89753       
# span 7 =    76.9564,   100.0023       
# span 8 =      0.051,     11.817       
# span 9 =    15.6649,    18.4361       
# span 10 =     0.3189,    25.5528      
# span 11 =     1.8433,     7.0889      
# span 12 =     31.342,    110.141      
# span 13 = 0.0000e+00, 0.0000e+00      
# interval = seconds: 0.0416667
# start_time = Sep 06 2023 11:45:17 [NMEA time, header]
# bad_flag = -9.990e-29
*END*
[from data line 826]
        827      0.105    17.6895   1.005003     2.9751    -0.0324  193.70729    96.1836      0.104    17.6895     6.6920     7.0544    110.141 -9.990e-29
        828      0.109    17.7403   1.010356     2.9779     0.0225  193.25630    95.8528      0.108    17.7403     6.7221     7.0454    110.134 -9.990e-29
        829      0.113    17.7881   1.015770     2.9806    -0.0141  192.76609    95.4934      0.112    17.7881     6.7530     7.0359    110.114 -9.990e-29
        830      0.118    17.8326   1.021474     2.9832    -0.0141  192.23323    95.1030      0.117    17.8326     6.7866     7.0260    110.080 -9.990e-29
        831      0.123    17.8740   1.027993     2.9857     0.0042  191.65402    94.6788      0.122    17.8740     6.8264     7.0155    110.034 -9.990e-29
        832      0.128    17.9123   1.036731     2.9881    -0.0141  191.02444    94.2178      0.127    17.9123     6.8825     7.0039    109.974 -9.990e-29
        833      0.133    17.9478   1.049884     2.9903     0.0042  190.34009    93.7168      0.132    17.9478     6.9707     6.9903    109.898 -9.990e-29
        834      0.139    17.9806   1.069048     2.9925    -0.0141  189.59623    93.1722      0.138    17.9806     7.1023     6.9748    109.813 -9.990e-29
        835      0.146    18.0109   1.094862     2.9946    -0.0141  188.78776    92.5805      0.145    18.0109     7.2821     6.9568    109.715 -9.990e-29
        836      0.153    18.0389   1.127658     2.9965     0.0042  187.90915    91.9380      0.152    18.0389     7.5126     6.9361    109.600 -9.990e-29
        837      0.161    18.0648   1.167722     2.9983     0.1324  186.95419    91.2417      0.160    18.0648     7.7962     6.9127    109.473 -9.990e-29
        838      0.169    18.0887   1.215363     2.9999     0.1874  185.91615    90.4989      0.167    18.0887     8.1356     6.8863    109.329 -9.990e-29
        839      0.178    18.1108   1.270934     3.0014     0.1874  184.78782    89.7466      0.176    18.1108     8.5338     6.8571    109.173 0.0000e+00
        840      0.188    18.1312   1.334815     3.0028     0.1691  183.56135    89.0384      0.186    18.1312     8.9943     6.8249    109.006 0.0000e+00
        841      0.198    18.1501   1.407436     3.0040     0.1691  182.22821    88.4046      0.196    18.1501     9.5208     6.7895    108.822 0.0000e+00
        842      0.209    18.1676   1.489843     3.0051     0.1874  180.77920    87.8446      0.207    18.1676    10.1221     6.7506    108.628 0.0000e+00
        843      0.221    18.1838   1.581616     3.0060     0.1691  179.20433    87.3466      0.219    18.1838    10.7959     6.7084    108.419 0.0000e+00
        844      0.234    18.1988   1.677859     3.0068     0.1691  177.49256    86.8999      0.232    18.1988    11.5070     6.6644    108.199 0.0000e+00
        845      0.247    18.2128   1.772469     3.0074     0.1691  175.63190    86.4964      0.245    18.2128    12.2099     6.6203    107.965 0.0000e+00
        846      0.261    18.2258   1.862007     3.0079     0.1874  173.60941    86.1300      0.259    18.2258    12.8786     6.5773    107.722 0.0000e+00
        847      0.276    18.2379   1.945292     3.0082     0.1874  171.41100    85.7959      0.273    18.2379    13.5033     6.5357    107.466 0.0000e+00
        848      0.290    18.2492   2.022327     3.0083     0.1874  169.02140    85.4900      0.287    18.2492    14.0834     6.4953    107.198 0.0000e+00
        849      0.306    18.2598   2.093570     3.0083     0.1691  166.42398    85.2086      0.303    18.2598    14.6218     6.4564    106.921 0.0000e+00
        850      0.321    18.2696   2.159449     3.0081     0.1874  163.60066    84.9491      0.318    18.2696    15.1213     6.4185    106.633 0.0000e+00
        851      0.338    18.2787   2.220302     3.0077     0.1691  160.53181    84.7091      0.335    18.2786    15.5840     6.3817    106.334 0.0000e+00
        852      0.354    18.2873   2.276437     3.0071     0.1691  157.19609    84.4865      0.351    18.2872    16.0119     6.3458    106.025 0.0000e+00
        853      0.371    18.2953   2.328166     3.0062     0.1691  153.57036    84.2795      0.368    18.2952    16.4071     6.3106    105.702 0.0000e+00
        854      0.389    18.3029   2.375799     3.0052     0.1874  149.62949    84.0865      0.385    18.3028    16.7717     6.2764    105.375 0.0000e+00
        855      0.406    18.3100   2.419648     3.0040     0.1691  145.34598    83.9062      0.402    18.3099    17.1080     6.2430    105.039 0.0000e+00
        856      0.424    18.3168   2.460015     3.0026     0.1874  140.68996    83.7374      0.420    18.3167    17.4180     6.2102    104.696 0.0000e+00
        857      0.441    18.3232   2.497168     3.0009     0.1691  135.62910    83.5791      0.437    18.3231    17.7037     6.1778    104.340 0.0000e+00
        858      0.460    18.3294   2.531359     2.9990     0.1874  130.12830    83.4306      0.456    18.3293    17.9668     6.1459    103.978 0.0000e+00
        859      0.478    18.3352   2.562823     2.9970     0.1691  124.14920    83.2913      0.474    18.3351    18.2093     6.1148    103.614 0.0000e+00
        860      0.497    18.3409   2.591778     2.9947     0.1874  117.65013    83.1609      0.492    18.3408    18.4325     6.0840    103.240 0.0000e+00
        861      0.516    18.3463   2.618420     2.9922     0.1874  110.58586    83.0391      0.511    18.3462    18.6381     6.0535    102.861 0.0000e+00
        862      0.534    18.3515   2.642934     2.9894     1.1581  103.04274    82.9257      0.529    18.3514    18.8273     6.0233    102.473 0.0000e+00
        863      0.553    18.3565   2.665487     2.9865     2.3669  95.410067    82.8207      0.548    18.3564    19.0014     5.9937    102.086 0.0000e+00
        864      0.573    18.3614   2.686238     2.9834     2.6965  88.151338    82.7238      0.568    18.3613    19.1616     5.9644    101.695 0.0000e+00
        865      0.592    18.3661   2.705327     2.9801     2.6599  81.465358    82.6345      0.586    18.3660    19.3090     5.9356    101.301 0.0000e+00
        866      0.612    18.3706   2.722890     2.9766     2.6050  75.337976    82.5520      0.606    18.3705    19.4446     5.9070    100.904 0.0000e+00
        867      0.631    18.3751   2.739048     2.9730     2.6050  69.711534    82.4755      0.625    18.3750    19.5693     5.8790    100.510 0.0000e+00
        868      0.651    18.3793   2.753914     2.9691     2.6050  64.536188    82.4044      0.645    18.3792    19.6840     5.8511    100.109 0.0000e+00
        869      0.671    18.3833   2.767589     2.9651     2.6050  59.773897    82.3382      0.665    18.3832    19.7895     5.8238     99.712 0.0000e+00
        870      0.691    18.3871   2.780169     2.9610     2.6050  55.392128    82.2768      0.685    18.3870    19.8866     5.7970     99.319 0.0000e+00
        871      0.711    18.3906   2.791739     2.9567     2.6050  51.360822    82.2202      0.704    18.3905    19.9759     5.7705     98.925 0.0000e+00
        872      0.731    18.3938   2.802379     2.9523     2.6050  47.652020    82.1684      0.724    18.3937    20.0580     5.7446     98.535 0.0000e+00
        873      0.751    18.3967   2.812163     2.9477     2.5866  44.239923    82.1208      0.744    18.3966    20.1336     5.7190     98.145 0.0000e+00
        874      0.771    18.3992   2.821158     2.9431     2.6050  41.100794    82.0771      0.764    18.3991    20.2032     5.6942     97.765 0.0000e+00
        875      0.791    18.4014   2.829428     2.9383     2.6050  38.212796    82.0370      0.784    18.4013    20.2672     5.6697     97.386 0.0000e+00
        876      0.811    18.4033   2.837029     2.9335     2.6050  35.555837    82.0006      0.803    18.4032    20.3262     5.6460     97.016 0.0000e+00
        877      0.831    18.4050   2.844016     2.9286     2.6050  33.111435    81.9676      0.823    18.4049    20.3804     5.6228     96.652 0.0000e+00
        878      0.851    18.4064   2.850437     2.9236     2.6050  30.862586    81.9379      0.843    18.4063    20.4303     5.6001     96.293 0.0000e+00
        879      0.871    18.4077   2.856337     2.9185     2.6050  28.793644    81.9114      0.863    18.4076    20.4762     5.5779     95.940 0.0000e+00
        880      0.891    18.4090   2.861757     2.9133     2.6050  26.890218    81.8882      0.883    18.4089    20.5183     5.5561     95.593 0.0000e+00
        881      0.911    18.4101   2.866734     2.9081     2.6050  25.139066    81.8680      0.903    18.4100    20.5570     5.5351     95.256 0.0000e+00
        882      0.931    18.4111   2.871306     2.9028     2.6050  23.528006    81.8506      0.922    18.4110    20.5926     5.5146     94.925 0.0000e+00
        883      0.951    18.4119   2.875502     2.8975     2.6050  22.045831    81.8357      0.942    18.4117    20.6253     5.4948     94.603 0.0000e+00
        884      0.970    18.4124   2.879354     2.8921     2.6233  20.682230    81.8233      0.961    18.4122    20.6554     5.4754     94.287 0.0000e+00
        885      0.990    18.4126   2.882888     2.8867     2.6050  19.427717    81.8132      0.981    18.4124    20.6832     5.4566     93.981 0.0000e+00
        886      1.009    18.4126   2.886131     2.8813     2.6050  18.273565    81.8053      1.000    18.4124    20.7088     5.4386     93.684 0.0000e+00
        887      1.028    18.4124   2.889107     2.8758     2.6233  17.211746    81.7993      1.018    18.4122    20.7324     5.4209     93.392 0.0000e+00
        888      1.047    18.4122   2.891836     2.8703     2.6782  16.234871    81.7950      1.037    18.4120    20.7540     5.4039     93.110 0.0000e+00
        889      1.065    18.4120   2.894342     2.8648     2.7332  15.336147    81.7923      1.055    18.4118    20.7739     5.3874     92.837 0.0000e+00
        890      1.084    18.4118   2.896641     2.8592     2.7332  14.509321    81.7908      1.074    18.4116    20.7922     5.3713     92.570 0.0000e+00
        891      1.101    18.4116   2.898751     2.8537     2.7332  13.748640    81.7905      1.091    18.4114    20.8089     5.3560     92.315 0.0000e+00
        892      1.119    18.4115   2.900687     2.8482     2.7332  13.048814    81.7909      1.109    18.4113    20.8243     5.3413     92.069 0.0000e+00
        893      1.136    18.4113   2.902464     2.8426     2.7332  12.404974    81.7918      1.125    18.4111    20.8384     5.3268     91.827 0.0000e+00
        894      1.153    18.4112   2.904093     2.8371     2.7332  11.812641    81.7929      1.142    18.4110    20.8513     5.3131     91.598 0.0000e+00
        895      1.169    18.4110   2.905588     2.8316     2.7332  11.267694    81.7940      1.158    18.4108    20.8632     5.2999     91.377 0.0000e+00
        896      1.185    18.4108   2.906960     2.8260     2.7332  10.766343    81.7947      1.174    18.4106    20.8742     5.2870     91.159 0.0000e+00
        897      1.200    18.4107   2.908218     2.8205     2.7332  10.305100    81.7951      1.189    18.4105    20.8842     5.2748     90.954 0.0000e+00
        898      1.214    18.4106   2.909371     2.8151     2.7332  9.8807558    81.7951      1.203    18.4104    20.8933     5.2632     90.760 0.0000e+00
        899      1.228    18.4105   2.910427     2.8096     2.7332  9.4903591    81.7948      1.217    18.4103    20.9017     5.2520     90.570 0.0000e+00
        900      1.242    18.4105   2.911393     2.8042     2.7332  9.1311938    81.7940      1.230    18.4103    20.9093     5.2414     90.391 0.0000e+00
        901      1.255    18.4106   2.912280     2.7988     2.7332  8.8007614    81.7924      1.243    18.4104    20.9163     5.2313     90.221 0.0000e+00
        902      1.267    18.4107   2.913090     2.7935     2.7332  8.4967633    81.7898      1.255    18.4105    20.9227     5.2219     90.062 0.0000e+00
        903      1.279    18.4108   2.913831     2.7882     2.7332  8.2170847    81.7858      1.267    18.4106    20.9285     5.2129     89.911 0.0000e+00
        904      1.290    18.4110   2.914509     2.7829     2.7149  7.9597799    81.7807      1.278    18.4108    20.9337     5.2044     89.768 0.0000e+00
        905      1.301    18.4113   2.915129     2.7777     2.7332  7.7230591    81.7745      1.289    18.4111    20.9385     5.1966     89.637 0.0000e+00
        906      1.311    18.4115   2.915695     2.7726     2.7332  7.5052754    81.7676      1.299    18.4113    20.9428     5.1896     89.517 0.0000e+00
        907      1.320    18.4117   2.916212     2.7675     2.7149  7.3049138    81.7600      1.308    18.4115    20.9468     5.1829     89.406 0.0000e+00
        908      1.329    18.4120   2.916685     2.7625     2.7332  7.1205806    81.7518      1.317    18.4118    20.9504     5.1770     89.306 0.0000e+00
        909      1.338    18.4122   2.917117     2.7576     2.7332  6.9509935    81.7432      1.326    18.4120    20.9537     5.1719     89.219 -9.990e-29
        910      1.345    18.4125   2.917514     2.7528     2.7149  6.7949726    81.7339      1.332    18.4123    20.9567     5.1674     89.144 -9.990e-29
        911      1.353    18.4127   2.917877     2.7480     2.7332  6.6514326    81.7240      1.340    18.4125    20.9595     5.1634     89.077 -9.990e-29
        912      1.360    18.4130   2.918210     2.7434     2.7332  6.5193749    81.7133      1.347    18.4128    20.9619     5.1604     89.027 -9.990e-29
        913      1.367    18.4132   2.918516     2.7388     2.7515  6.3978810    81.7018      1.354    18.4130    20.9643     5.1578     88.984 -9.990e-29
        914      1.373    18.4135   2.918798     2.7344     2.8064  6.2861056    81.6896      1.360    18.4133    20.9663     5.1562     88.958 -9.990e-29
        915      1.379    18.4137   2.919056     2.7300     2.7881  6.1832712    81.6770      1.366    18.4135    20.9683     5.1551     88.940 -9.990e-29
        916      1.384    18.4140   2.919292     2.7257     2.8064  6.0886623    81.6640      1.371    18.4138    20.9700     5.1546     88.933 -9.990e-29
        917      1.390    18.4142   2.919509     2.7215     2.8064  6.0016209    81.6507      1.377    18.4140    20.9716     5.1549     88.939 -9.990e-29
        918      1.394    18.4145   2.919708     2.7174     2.8064  5.9215414    81.6372      1.381    18.4143    20.9730     5.1558     88.956 -9.990e-29
        919      1.399    18.4147   2.919889     2.7134     2.8064  5.8478668    81.6235      1.386    18.4145    20.9743     5.1574     88.985 -9.990e-29
        920      1.404    18.4151   2.920057     2.7095     2.8064  5.7800845    81.6100      1.391    18.4149    20.9755     5.1596     89.025 -9.990e-29
        921      1.408    18.4155   2.920212     2.7058     2.8064  5.7177230    81.5970      1.395    18.4153    20.9765     5.1627     89.079 -9.990e-29
        922      1.412    18.4159   2.920355     2.7022     2.8064  5.6603485    81.5850      1.399    18.4157    20.9774     5.1664     89.144 -9.990e-29
        923      1.416    18.4165   2.920488     2.6987     2.8064  5.6075619    81.5743      1.403    18.4163    20.9782     5.1706     89.218 -9.990e-29
        924      1.419    18.4171   2.920612     2.6954     2.7515  5.5589959    81.5648      1.406    18.4169    20.9788     5.1757     89.307 -9.990e-29
        925      1.422    18.4178   2.920729     2.6922     2.8064  5.5143127    81.5567      1.409    18.4176    20.9794     5.1812     89.404 -9.990e-29
        926      1.425    18.4185   2.920837     2.6892     2.8064  5.4732015    81.5505      1.412    18.4183    20.9799     5.1875     89.514 -9.990e-29
        927      1.429    18.4194   2.920938     2.6863     2.8064  5.4353762    81.5469      1.416    18.4192    20.9803     5.1942     89.631 -9.990e-29
        928      1.431    18.4203   2.921031     2.6837     2.7881  5.4005738    81.5456      1.418    18.4201    20.9805     5.2018     89.764 -9.990e-29
        929      1.434    18.4213   2.921116     2.6812     2.8064  5.3685521    81.5463      1.421    18.4211    20.9807     5.2098     89.904 -9.990e-29
