data/2023/2023_wed/06CTD10.cnv
* Sea-Bird SBE 9 Data File:
* FileName = C:\Users\ctd-user\Desktop\CTD_data\2023\MAR440 Sept 2023\06CTD10.hex
* Software Version Seasave V 7.26.2.13
* Temperature SN = 4493
* Conductivity SN = 1899
* Number of Bytes Per Scan = 37
* Number of Voltage Words = 4
* Number of Scans Averaged by the Deck Unit = 1
* NMEA Latitude = 58 18.98 N
* NMEA Longitude = 011 47.45 E
* NMEA UTC (Time) = Sep 06 2023 10:36:51
* NMEA baud rate = 4800
** Ship:
** Station:
** Operator:
# nquan = 14                                
# nvalues = 4686                        
# units = specified
# name 0 = scan: Scan Count
# name 1 = prDM: Pressure, Digiquartz [db]
# name 2 = t090C: Temperature [ITS-90, deg C]
# name 3 = c0S/m: Conductivity [S/m]
# name 4 = sbeox0V: Oxygen raw, SBE 43 [V]
# name 5 = flECO-AFL: Fluorescence, WET Labs ECO-AFL/FL [mg/m^3]
# name 6 = upoly0: Upoly 0, Turbidity
# name 7 = xmiss: Beam Transmission, Chelsea/Seatech [%]
# name 8 = depSM: Depth [salt water, m], lat = 58.3163
# name 9 = potemp090C: Potential Temperature [ITS-90, deg C]
# name 10 = sal00: Salinity, Practical [PSU]
# name 11 = sbeox0ML/L: Oxygen, SBE 43 [ml/l], WS = 2
# name 12 = sbeox0PS: Oxygen, SBE 43 [% saturation], WS = 2
# name 13 = flag: flag
# span 0 =          1,       4686       
# span 1 =     -0.100,     38.513       
# span 2 =     7.0530,    18.4302       
# span 3 =   0.022585,   3.423582       
# span 4 =     0.6378,     2.9558       
# span 5 =    -0.1606,     3.7405       
# span 6 =  4.0477461,  10.951074       
# span 7 =    70.0449,    99.5097       
# span 8 =     -0.099,     38.152       
# span 9 =     7.0501,    18.4298       
# span 10 =     0.1287,    32.3706      
# span 11 =     0.3421,     7.1749      
# span 12 =      4.987,    106.973      
# span 13 = 0.0000e+00, 0.0000e+00      
# interval = seconds: 0.0416667
# start_time = Sep 06 2023 10:36:51 [NMEA time, header]
# bad_flag = -9.990e-29
*END*
[from data line 2478]
       2479      1.107    18.4219   2.852877     2.7981     3.4291  4.9754331    80.6653      1.097    18.4217    20.4418     5.7267     98.508 -9.990e-29
       2480      1.105    18.4219   2.852828     2.7982     3.4108  4.9752835    80.6627      1.095    18.4217    20.4415     5.7268     98.509 -9.990e-29
       2481      1.104    18.4220   2.852781     2.7982     3.4291  4.9752957    80.6592      1.094    18.4218    20.4410     5.7266     98.505 -9.990e-29
       2482      1.103    18.4221   2.852732     2.7982     3.4108  4.9754700    80.6551      1.093    18.4219    20.4406     5.7264     98.502 -9.990e-29
       2483      1.101    18.4221   2.852685     2.7982     3.4108  4.9758076    80.6509      1.091    18.4219    20.4402     5.7262     98.498 -9.990e-29
       2484      1.100    18.4221   2.852640     2.7982     3.4108  4.9763107    80.6475      1.090    18.4219    20.4399     5.7260     98.495 -9.990e-29
       2485      1.098    18.4222   2.852603     2.7982     3.4108  4.9769829    80.6454      1.088    18.4220    20.4395     5.7259     98.492 -9.990e-29
       2486      1.097    18.4222   2.852570     2.7982     3.4291  4.9778288    80.6448      1.087    18.4220    20.4393     5.7257     98.488 -9.990e-29
       2487      1.096    18.4222   2.852544     2.7982     3.4291  4.9788544    80.6455      1.086    18.4220    20.4391     5.7255     98.485 -9.990e-29
       2488      1.095    18.4222   2.852525     2.7982     3.4291  4.9800668    80.6474      1.085    18.4220    20.4389     5.7253     98.482 -9.990e-29
       2489      1.093    18.4223   2.852509     2.7982     3.4108  4.9814744    80.6506      1.083    18.4221    20.4387     5.7252     98.480 -9.990e-29
       2490      1.092    18.4223   2.852494     2.7981     3.4108  4.9830870    80.6548      1.082    18.4221    20.4386     5.7247     98.472 -9.990e-29
       2491      1.091    18.4222   2.852480     2.7981     3.4108  4.9849159    80.6598      1.081    18.4220    20.4386     5.7246     98.470 -9.990e-29
       2492      1.090    18.4222   2.852465     2.7981     3.4108  4.9869736    80.6648      1.080    18.4220    20.4384     5.7245     98.467 -9.990e-29
       2493      1.089    18.4222   2.852449     2.7981     3.4108  4.9892747    80.6691      1.079    18.4220    20.4383     5.7244     98.465 -9.990e-29
       2494      1.088    18.4222   2.852432     2.7980     3.4291  4.9918350    80.6723      1.078    18.4220    20.4382     5.7240     98.459 -9.990e-29
       2495      1.087    18.4222   2.852414     2.7980     3.4108  4.9946724    80.6744      1.077    18.4220    20.4380     5.7239     98.457 -9.990e-29
       2496      1.086    18.4222   2.852394     2.7979     3.4108  4.9978066    80.6751      1.076    18.4220    20.4379     5.7235     98.451 -9.990e-29
       2497      1.085    18.4221   2.852372     2.7979     3.4291  5.0011744    80.6740      1.075    18.4219    20.4378     5.7234     98.449 -9.990e-29
       2498      1.085    18.4221   2.852351     2.7979     3.4475  5.0045446    80.6705      1.075    18.4219    20.4376     5.7233     98.447 -9.990e-29
       2499      1.084    18.4221   2.852327     2.7978     3.4291  5.0076857    80.6646      1.074    18.4219    20.4374     5.7230     98.441 -9.990e-29
       2500      1.083    18.4222   2.852301     2.7978     3.4658  5.0105346    80.6570      1.073    18.4220    20.4372     5.7229     98.439 -9.990e-29
       2501      1.083    18.4222   2.852272     2.7978     3.4475  5.0131112    80.6480      1.073    18.4220    20.4369     5.7228     98.438 -9.990e-29
       2502      1.082    18.4222   2.852239     2.7977     3.4475  5.0154334    80.6378      1.072    18.4220    20.4367     5.7225     98.432 -9.990e-29
       2503      1.082    18.4223   2.852204     2.7977     3.4475  5.0175172    80.6265      1.072    18.4221    20.4363     5.7224     98.431 -9.990e-29
       2504      1.081    18.4225   2.852164     2.7977     3.4658  5.0193773    80.6142      1.071    18.4223    20.4359     5.7223     98.430 -9.990e-29
       2505      1.081    18.4226   2.852125     2.7976     3.4475  5.0210266    80.6009      1.071    18.4224    20.4356     5.7220     98.425 -9.990e-29
       2506      1.080    18.4227   2.852085     2.7976     3.4658  5.0224765    80.5868      1.070    18.4225    20.4352     5.7220     98.424 -9.990e-29
       2507      1.080    18.4229   2.852047     2.7976     3.4475  5.0237371    80.5719      1.070    18.4227    20.4348     5.7220     98.424 -9.990e-29
       2508      1.080    18.4231   2.852014     2.7976     3.4475  5.0248172    80.5566      1.070    18.4229    20.4345     5.7220     98.424 -9.990e-29
       2509      1.080    18.4233   2.851986     2.7976     3.4658  5.0257244    80.5411      1.070    18.4231    20.4341     5.7220     98.424 -9.990e-29
       2510      1.080    18.4235   2.851964     2.7975     3.4475  5.0264648    80.5260      1.070    18.4233    20.4339     5.7217     98.420 -9.990e-29
       2511      1.080    18.4238   2.851950     2.7975     3.4475  5.0270437    80.5120      1.070    18.4236    20.4336     5.7217     98.420 -9.990e-29
       2512      1.079    18.4241   2.851945     2.7975     3.4475  5.0274651    80.4997      1.069    18.4239    20.4334     5.7217     98.420 -9.990e-29
       2513      1.079    18.4243   2.851949     2.7975     3.4658  5.0277319    80.4892      1.069    18.4241    20.4333     5.7217     98.421 -9.990e-29
       2514      1.079    18.4246   2.851961     2.7974     3.4475  5.0278461    80.4804      1.069    18.4244    20.4333     5.7214     98.417 -9.990e-29
       2515      1.079    18.4249   2.851982     2.7974     3.4475  5.0278082    80.4730      1.069    18.4247    20.4333     5.7214     98.418 -9.990e-29
       2516      1.080    18.4251   2.852011     2.7974     3.4658  5.0276183    80.4667      1.070    18.4249    20.4334     5.7215     98.418 -9.990e-29
       2517      1.080    18.4253   2.852049     2.7974     3.4475  5.0272747    80.4614      1.070    18.4251    20.4336     5.7215     98.419 -9.990e-29
       2518      1.080    18.4255   2.852094     2.7973     3.4475  5.0267753    80.4568      1.070    18.4253    20.4339     5.7213     98.416 -9.990e-29
       2519      1.080    18.4256   2.852147     2.7973     3.4475  5.0261166    80.4528      1.070    18.4254    20.4343     5.7213     98.417 -9.990e-29
       2520      1.081    18.4258   2.852209     2.7973     3.4475  5.0252938    80.4493      1.071    18.4256    20.4347     5.7213     98.418 -9.990e-29
       2521      1.081    18.4259   2.852278     2.7972     3.4475  5.0243014    80.4469      1.071    18.4257    20.4351     5.7211     98.415 -9.990e-29
       2522      1.081    18.4260   2.852353     2.7972     3.4658  5.0231324    80.4468      1.071    18.4258    20.4357     5.7212     98.416 -9.990e-29
       2523      1.082    18.4260   2.852436     2.7972     3.4841  5.0218637    80.4497      1.072    18.4258    20.4363     5.7212     98.417 -9.990e-29
       2524      1.083    18.4261   2.852527     2.7971     3.4658  5.0206562    80.4554      1.073    18.4259    20.4370     5.7210     98.414 -9.990e-29
       2525      1.083    18.4261   2.852628     2.7971     3.4658  5.0195865    80.4627      1.073    18.4259    20.4378     5.7210     98.414 -9.990e-29
       2526      1.084    18.4262   2.852739     2.7971     3.4841  5.0186472    80.4707      1.074    18.4260    20.4386     5.7210     98.415 -9.990e-29
       2527      1.084    18.4262   2.852861     2.7971     3.4841  5.0178318    80.4787      1.074    18.4260    20.4396     5.7210     98.416 -9.990e-29
       2528      1.085    18.4263   2.852992     2.7970     3.4658  5.0171345    80.4870      1.075    18.4261    20.4406     5.7207     98.411 -9.990e-29
       2529      1.086    18.4263   2.853128     2.7970     3.4841  5.0165506    80.4959      1.076    18.4261    20.4416     5.7207     98.412 -9.990e-29
       2530      1.087    18.4263   2.853267     2.7970     3.4658  5.0160759    80.5055      1.077    18.4261    20.4427     5.7206     98.411 -9.990e-29
       2531      1.088    18.4263   2.853406     2.7970     3.4841  5.0157071    80.5150      1.078    18.4261    20.4438     5.7205     98.411 -9.990e-29
       2532      1.089    18.4264   2.853548     2.7970     3.4841  5.0154418    80.5237      1.079    18.4262    20.4449     5.7205     98.410 -9.990e-29
       2533      1.090    18.4264   2.853688     2.7970     3.4841  5.0152779    80.5313      1.080    18.4262    20.4460     5.7204     98.410 -9.990e-29
       2534      1.091    18.4264   2.853828     2.7969     3.4658  5.0152145    80.5378      1.081    18.4262    20.4471     5.7201     98.405 -9.990e-29
       2535      1.092    18.4264   2.853967     2.7969     3.4658  5.0152511    80.5432      1.082    18.4262    20.4482     5.7199     98.403 -9.990e-29
       2536      1.093    18.4264   2.854104     2.7969     3.4658  5.0153878    80.5476      1.083    18.4262    20.4493     5.7198     98.402 -9.990e-29
       2537      1.094    18.4264   2.854237     2.7969     3.4658  5.0156258    80.5513      1.084    18.4262    20.4503     5.7197     98.400 -9.990e-29
       2538      1.095    18.4265   2.854366     2.7969     3.4841  5.0159666    80.5545      1.085    18.4263    20.4513     5.7195     98.398 -9.990e-29
       2539      1.096    18.4265   2.854485     2.7969     3.4658  5.0164125    80.5574      1.086    18.4263    20.4522     5.7193     98.395 -9.990e-29
       2540      1.097    18.4265   2.854597     2.7969     3.4658  5.0169668    80.5604      1.087    18.4263    20.4531     5.7191     98.393 -9.990e-29
       2541      1.098    18.4265   2.854700     2.7969     3.4658  5.0176332    80.5635      1.088    18.4263    20.4539     5.7189     98.390 -9.990e-29
       2542      1.099    18.4265   2.854795     2.7969     3.4841  5.0184164    80.5667      1.089    18.4263    20.4547     5.7187     98.387 -9.990e-29
       2543      1.101    18.4265   2.854882     2.7969     3.4658  5.0193218    80.5696      1.091    18.4263    20.4554     5.7185     98.383 -9.990e-29
       2544      1.102    18.4265   2.854963     2.7969     3.4841  5.0203558    80.5721      1.092    18.4263    20.4560     5.7183     98.379 -9.990e-29
       2545      1.103    18.4265   2.855041     2.7969     3.4841  5.0215255    80.5741      1.093    18.4263    20.4566     5.7180     98.375 -9.990e-29
       2546      1.105    18.4265   2.855119     2.7969     3.4841  5.0228390    80.5756      1.095    18.4263    20.4572     5.7177     98.371 -9.990e-29
       2547      1.106    18.4265   2.855195     2.7969     3.4841  5.0243056    80.5771      1.096    18.4263    20.4578     5.7174     98.366 -9.990e-29
       2548      1.107    18.4265   2.855270     2.7968     3.5024  5.0259353    80.5787      1.097    18.4263    20.4584     5.7169     98.357 -9.990e-29
       2549      1.109    18.4265   2.855344     2.7968     3.5573  5.0276547    80.5803      1.099    18.4263    20.4590     5.7166     98.352 -9.990e-29
       2550      1.110    18.4265   2.855415     2.7968     3.5573  5.0293058    80.5817      1.100    18.4263    20.4596     5.7163     98.347 -9.990e-29
       2551      1.112    18.4265   2.855482     2.7967     3.5390  5.0308150    80.5825      1.102    18.4263    20.4601     5.7157     98.338 -9.990e-29
       2552      1.113    18.4264   2.855542     2.7966     3.5573  5.0321931    80.5826      1.103    18.4262    20.4606     5.7152     98.329 -9.990e-29
       2553      1.115    18.4264   2.855595     2.7966     3.5573  5.0334494    80.5819      1.105    18.4262    20.4610     5.7149     98.324 -9.990e-29
       2554      1.117    18.4263   2.855642     2.7965     3.5390  5.0345928    80.5805      1.107    18.4261    20.4615     5.7143     98.314 -9.990e-29
       2555      1.118    18.4263   2.855682     2.7964     3.5390  5.0356312    80.5785      1.108    18.4261    20.4618     5.7138     98.305 -9.990e-29
       2556      1.119    18.4262   2.855714     2.7964     3.5207  5.0365718    80.5760      1.109    18.4260    20.4621     5.7135     98.300 -9.990e-29
       2557      1.121    18.4262   2.855737     2.7963     3.5390  5.0374212    80.5732      1.111    18.4260    20.4623     5.7130     98.292 -9.990e-29
       2558      1.123    18.4261   2.855753     2.7962     3.5390  5.0381853    80.5704      1.113    18.4259    20.4624     5.7125     98.283 -9.990e-29
       2559      1.124    18.4260   2.855760     2.7961     3.5390  5.0388694    80.5674      1.114    18.4258    20.4625     5.7120     98.274 -9.990e-29
       2560      1.126    18.4260   2.855761     2.7960     3.5390  5.0394783    80.5642      1.116    18.4258    20.4625     5.7115     98.266 -9.990e-29
       2561      1.128    18.4259   2.855752     2.7959     3.5390  5.0400161    80.5603      1.118    18.4257    20.4625     5.7110     98.258 -9.990e-29
       2562      1.129    18.4258   2.855735     2.7958     3.5573  5.0404867    80.5555      1.119    18.4256    20.4624     5.7106     98.249 -9.990e-29
       2563      1.131    18.4257   2.855708     2.7956     3.5573  5.0408934    80.5495      1.120    18.4255    20.4623     5.7099     98.238 -9.990e-29
       2564      1.133    18.4256   2.855672     2.7955     3.5573  5.0412388    80.5420      1.122    18.4254    20.4620     5.7095     98.230 -9.990e-29
       2565      1.134    18.4255   2.855627     2.7954     3.5573  5.0415255    80.5331      1.123    18.4253    20.4617     5.7091     98.223 -9.990e-29
       2566      1.136    18.4254   2.855574     2.7953     3.5573  5.0417554    80.5230      1.125    18.4252    20.4614     5.7087     98.216 -9.990e-29
       2567      1.138    18.4253   2.855514     2.7952     3.5390  5.0419302    80.5121      1.127    18.4251    20.4609     5.7084     98.210 -9.990e-29
       2568      1.139    18.4252   2.855448     2.7950     3.5390  5.0420510    80.5015      1.128    18.4250    20.4605     5.7078     98.200 -9.990e-29
       2569      1.141    18.4251   2.855380     2.7949     3.5573  5.0421187    80.4921      1.130    18.4249    20.4600     5.7076     98.195 -9.990e-29
       2570      1.143    18.4250   2.855308     2.7948     3.5573  5.0421338    80.4849      1.132    18.4248    20.4595     5.7073     98.190 -9.990e-29
       2571      1.145    18.4249   2.855235     2.7946     3.5390  5.0420964    80.4796      1.134    18.4247    20.4589     5.7068     98.181 -9.990e-29
       2572      1.146    18.4248   2.855158     2.7945     3.5390  5.0420061    80.4756      1.135    18.4246    20.4584     5.7067     98.178 -9.990e-29
       2573      1.148    18.4246   2.855078     2.7944     3.5573  5.0418625    80.4724      1.137    18.4244    20.4578     5.7065     98.174 -9.990e-29
       2574      1.150    18.4245   2.854993     2.7943     3.4475  5.0416644    80.4697      1.139    18.4243    20.4572     5.7064     98.171 -9.990e-29
       2575      1.152    18.4244   2.854901     2.7942     3.4108  5.0414105    80.4674      1.141    18.4242    20.4565     5.7062     98.169 -9.990e-29
       2576      1.153    18.4243   2.854804     2.7941     3.4108  5.0410991    80.4653      1.142    18.4241    20.4558     5.7061     98.166 -9.990e-29
       2577      1.155    18.4242   2.854699     2.7940     3.4108  5.0407279    80.4632      1.144    18.4240    20.4551     5.7061     98.164 -9.990e-29
       2578      1.156    18.4241   2.854588     2.7939     3.4108  5.0402945    80.4609      1.145    18.4239    20.4542     5.7060     98.162 -9.990e-29
       2579      1.158    18.4240   2.854473     2.7938     3.4291  5.0397957    80.4584      1.147    18.4238    20.4534     5.7059     98.161 -9.990e-29
       2580      1.159    18.4239   2.854355     2.7937     3.4108  5.0392281    80.4556      1.148    18.4237    20.4525     5.7059     98.159 -9.990e-29
