data/2023/2023_wed/06CTD08.cnv
* Sea-Bird SBE 9 Data File:
* FileName = C:\Users\ctd-user\Desktop\CTD_data\2023\MAR440 Sept 2023\06CTD08.hex
* Software Version Seasave V 7.26.2.13
* Temperature SN = 4493
* Conductivity SN = 1899
* Number of Bytes Per Scan = 37
* Number of Voltage Words = 4
* Number of Scans Averaged by the Deck Unit = 1
* NMEA Latitude = 58 19.15 N
* NMEA Longitude = 011 48.63 E
* NMEA UTC (Time) = Sep 06 2023 10:12:09
* NMEA baud rate = 4800
** Ship:
** Station:
** Operator:
# nquan = 14                                
# nvalues = 2155                        
# units = specified
# name 0 = scan: Scan Count
# name 1 = prDM: Pressure, Digiquartz [db]
# name 2 = t090C: Temperature [ITS-90, deg C]
# name 3 = c0S/m: Conductivity [S/m]
# name 4 = sbeox0V: Oxygen raw, SBE 43 [V]
# name 5 = flECO-AFL: Fluorescence, WET Labs ECO-AFL/FL [mg/m^3]
# name 6 = upoly0: Upoly 0, Turbidity
# name 7 = xmiss: Beam Transmission, Chelsea/Seatech [%]
# name 8 = depSM: Depth [salt water, m], lat = 58.3192
# name 9 = potemp090C: Potential Temperature [ITS-90, deg C]
# name 10 = sal00: Salinity, Practical [PSU]
# name 11 = sbeox0ML/L: Oxygen, SBE 43 [ml/l], WS = 2
# name 12 = sbeox0PS: Oxygen, SBE 43 [% saturation], WS = 2
# name 13 = flag: flag
# span 0 =          1,       2155       
# span 1 =      1.325,     26.467       
# span 2 =     7.1866,    18.4328       
# span 3 =   2.651867,   3.402846       
# span 4 =     0.8558,     2.7856       
# span 5 =     0.1324,     4.0885       
# span 6 =  4.4419425,  5.4962413       
# span 7 =    69.4748,    98.1854       
# span 8 =      1.313,     26.219       
# span 9 =     7.1843,    18.4324       
# span 10 =    18.8633,    31.9191      
# span 11 =     0.8508,     5.7436      
# span 12 =     14.007,     98.485      
# span 13 = 0.0000e+00, 0.0000e+00      
# interval = seconds: 0.0416667
# start_time = Sep 06 2023 10:12:09 [NMEA time, header]
# bad_flag = -9.990e-29
*END*
[from data line 1033]
       1034      6.788    18.1918   3.120234     2.1953     1.5244  4.9089666    82.5737      6.725    18.1907    22.6862     4.1025     71.204 0.0000e+00
       1035      6.808    18.1886   3.120592     2.1948     1.5244  4.8994425    82.6537      6.745    18.1875    22.6908     4.1024     71.199 0.0000e+00
       1036      6.828    18.1852   3.120938     2.1942     1.5244  4.8895527    82.7324      6.764    18.1841    22.6955     4.1015     71.182 0.0000e+00
       1037      6.848    18.1818   3.121273     2.1937     1.5244  4.8792284    82.8084      6.784    18.1807    22.7000     4.1005     71.160 0.0000e+00
       1038      6.868    18.1782   3.121600     2.1932     1.5427  4.8683979    82.8817      6.804    18.1771    22.7046     4.0990     71.132 0.0000e+00
       1039      6.888    18.1744   3.121918     2.1927     1.5427  4.8569858    82.9536      6.824    18.1733    22.7093     4.0971     71.095 0.0000e+00
       1040      6.907    18.1703   3.122227     2.1921     1.5244  4.8449126    83.0267      6.843    18.1692    22.7140     4.0945     71.047 0.0000e+00
       1041      6.927    18.1661   3.122529     2.1915     1.4145  4.8322644    83.1038      6.863    18.1650    22.7187     4.0916     70.992 0.0000e+00
       1042      6.947    18.1615   3.122817     2.1908     1.2680  4.8195476    83.1870      6.882    18.1604    22.7236     4.0880     70.926 0.0000e+00
       1043      6.967    18.1567   3.123091     2.1901     1.2130  4.8074383    83.2771      6.902    18.1556    22.7284     4.0841     70.854 0.0000e+00
       1044      6.987    18.1516   3.123350     2.1894     1.2313  4.7962769    83.3733      6.922    18.1505    22.7333     4.0799     70.775 0.0000e+00
       1045      7.007    18.1463   3.123591     2.1886     1.2313  4.7860707    83.4745      6.942    18.1452    22.7382     4.0750     70.687 0.0000e+00
       1046      7.027    18.1409   3.123814     2.1878     1.2313  4.7767488    83.5793      6.962    18.1398    22.7429     4.0699     70.592 0.0000e+00
       1047      7.047    18.1353   3.124022     2.1869     1.2313  4.7682462    83.6863      6.981    18.1342    22.7477     4.0642     70.488 0.0000e+00
       1048      7.067    18.1297   3.124214     2.1859     1.2313  4.7605038    83.7945      7.001    18.1286    22.7523     4.0580     70.374 0.0000e+00
       1049      7.087    18.1242   3.124393     2.1849     1.2313  4.7534678    83.9041      7.021    18.1231    22.7568     4.0515     70.256 0.0000e+00
       1050      7.107    18.1186   3.124556     2.1838     1.2313  4.7470892    84.0158      7.041    18.1175    22.7612     4.0445     70.129 0.0000e+00
       1051      7.127    18.1132   3.124708     2.1827     1.2313  4.7413237    84.1297      7.061    18.1121    22.7654     4.0372     69.997 0.0000e+00
       1052      7.147    18.1078   3.124849     2.1815     1.2313  4.7361311    84.2457      7.080    18.1067    22.7695     4.0295     69.857 0.0000e+00
       1053      7.167    18.1026   3.124979     2.1802     1.2313  4.7314753    84.3631      7.100    18.1015    22.7734     4.0213     69.710 0.0000e+00
       1054      7.187    18.0974   3.125098     2.1789     1.2313  4.7273239    84.4807      7.120    18.0963    22.7773     4.0129     69.559 0.0000e+00
       1055      7.207    18.0924   3.125211     2.1775     1.2313  4.7236481    84.5973      7.140    18.0913    22.7809     4.0040     69.400 0.0000e+00
       1056      7.227    18.0874   3.125317     2.1760     1.2313  4.7204222    84.7126      7.160    18.0863    22.7846     3.9948     69.234 0.0000e+00
       1057      7.247    18.0826   3.125421     2.1745     1.2497  4.7176239    84.8271      7.180    18.0815    22.7880     3.9853     69.066 0.0000e+00
       1058      7.267    18.0778   3.125529     2.1728     1.2313  4.7152336    84.9422      7.199    18.0767    22.7916     3.9753     68.886 0.0000e+00
       1059      7.287    18.0732   3.125645     2.1712     1.2313  4.7132348    85.0589      7.219    18.0721    22.7950     3.9653     68.709 0.0000e+00
       1060      7.307    18.0686   3.125773     2.1694     1.2313  4.7116135    85.1778      7.239    18.0674    22.7986     3.9548     68.521 0.0000e+00
       1061      7.327    18.0642   3.125916     2.1676     1.2313  4.7103584    85.2999      7.259    18.0630    22.8022     3.9440     68.331 0.0000e+00
       1062      7.347    18.0598   3.126075     2.1657     1.2313  4.7094609    85.4255      7.279    18.0586    22.8059     3.9330     68.136 0.0000e+00
       1063      7.368    18.0555   3.126251     2.1637     1.2313  4.7089147    85.5546      7.299    18.0543    22.8097     3.9216     67.934 0.0000e+00
       1064      7.388    18.0513   3.126442     2.1616     1.2313  4.7087159    85.6866      7.319    18.0501    22.8136     3.9099     67.727 0.0000e+00
       1065      7.407    18.0472   3.126652     2.1595     1.2497  4.7088633    85.8202      7.338    18.0460    22.8175     3.8981     67.519 0.0000e+00
       1066      7.428    18.0431   3.126879     2.1573     1.2313  4.7093577    85.9535      7.359    18.0419    22.8216     3.8859     67.305 0.0000e+00
       1067      7.448    18.0391   3.127122     2.1551     1.1947  4.7102027    86.0852      7.379    18.0379    22.8258     3.8737     67.090 0.0000e+00
       1068      7.468    18.0352   3.127381     2.1528     1.1581  4.7113193    86.2148      7.398    18.0340    22.8301     3.8612     66.869 0.0000e+00
       1069      7.488    18.0313   3.127652     2.1504     1.1581  4.7125452    86.3427      7.418    18.0301    22.8344     3.8483     66.644 0.0000e+00
       1070      7.508    18.0274   3.127928     2.1479     1.1581  4.7138041    86.4697      7.438    18.0262    22.8388     3.8352     66.413 0.0000e+00
       1071      7.529    18.0236   3.128206     2.1454     1.1581  4.7151047    86.5955      7.459    18.0224    22.8431     3.8220     66.181 0.0000e+00
       1072      7.549    18.0198   3.128482     2.1428     1.1581  4.7164561    86.7194      7.479    18.0186    22.8475     3.8085     65.944 0.0000e+00
       1073      7.569    18.0160   3.128756     2.1401     1.1581  4.7178677    86.8416      7.499    18.0148    22.8518     3.7946     65.701 0.0000e+00
       1074      7.589    18.0123   3.129030     2.1373     1.1581  4.7193493    86.9617      7.518    18.0111    22.8560     3.7805     65.453 0.0000e+00
       1075      7.610    18.0086   3.129304     2.1345     1.1581  4.7209112    87.0794      7.539    18.0074    22.8603     3.7663     65.204 0.0000e+00
       1076      7.630    18.0050   3.129578     2.1316     1.1764  4.7225643    87.1952      7.559    18.0038    22.8645     3.7518     64.951 0.0000e+00
       1077      7.650    18.0014   3.129854     2.1286     1.1581  4.7243200    87.3093      7.579    18.0002    22.8687     3.7370     64.691 0.0000e+00
       1078      7.671    17.9978   3.130130     2.1256     1.1581  4.7261907    87.4221      7.600    17.9966    22.8730     3.7222     64.431 0.0000e+00
       1079      7.691    17.9943   3.130408     2.1224     1.1581  4.7281892    87.5343      7.619    17.9931    22.8771     3.7067     64.162 0.0000e+00
       1080      7.712    17.9908   3.130688     2.1192     1.1581  4.7303296    87.6461      7.640    17.9896    22.8813     3.6913     63.891 0.0000e+00
       1081      7.732    17.9872   3.130970     2.1159     1.1581  4.7326266    87.7575      7.660    17.9860    22.8856     3.6755     63.616 0.0000e+00
       1082      7.753    17.9837   3.131255     2.1125     1.1581  4.7350963    87.8688      7.681    17.9825    22.8899     3.6595     63.335 0.0000e+00
       1083      7.773    17.9801   3.131545     2.1091     1.1581  4.7377559    87.9808      7.701    17.9789    22.8942     3.6433     63.053 0.0000e+00
       1084      7.794    17.9765   3.131841     2.1056     1.1581  4.7406239    88.0932      7.721    17.9753    22.8986     3.6269     62.767 0.0000e+00
       1085      7.815    17.9729   3.132146     2.1019     1.1581  4.7437201    88.2059      7.742    17.9717    22.9030     3.6100     62.470 0.0000e+00
       1086      7.835    17.9692   3.132464     2.0982     1.1581  4.7470662    88.3191      7.762    17.9680    22.9077     3.5930     62.174 0.0000e+00
       1087      7.856    17.9656   3.132798     2.0944     1.1398  4.7506854    88.4327      7.783    17.9644    22.9124     3.5757     61.872 0.0000e+00
       1088      7.877    17.9622   3.133152     2.0906     1.1581  4.7546029    88.5461      7.804    17.9610    22.9171     3.5584     61.570 0.0000e+00
       1089      7.898    17.9589   3.133528     2.0866     1.1581  4.7588460    88.6580      7.824    17.9577    22.9220     3.5405     61.258 0.0000e+00
       1090      7.919    17.9558   3.133930     2.0826     1.1581  4.7634442    88.7674      7.845    17.9546    22.9270     3.5226     60.946 0.0000e+00
       1091      7.940    17.9530   3.134357     2.0784     1.1581  4.7684294    88.8741      7.866    17.9518    22.9320     3.5041     60.626 0.0000e+00
       1092      7.961    17.9503   3.134811     2.0742     1.0848  4.7737514    88.9785      7.887    17.9490    22.9371     3.4857     60.306 0.0000e+00
       1093      7.982    17.9479   3.135292     2.0699     0.9932  4.7791075    89.0806      7.908    17.9466    22.9424     3.4671     59.982 0.0000e+00
       1094      8.003    17.9456   3.135799     2.0655     0.9566  4.7841101    89.1790      7.928    17.9443    22.9477     3.4482     59.654 0.0000e+00
       1095      8.024    17.9435   3.136336     2.0610     0.9566  4.7886244    89.2722      7.949    17.9422    22.9532     3.4290     59.323 0.0000e+00
       1096      8.045    17.9415   3.136906     2.0565     0.9566  4.7926816    89.3587      7.970    17.9402    22.9589     3.4100     58.993 0.0000e+00
       1097      8.067    17.9397   3.137510     2.0518     0.9749  4.7963100    89.4377      7.992    17.9384    22.9648     3.3904     58.655 0.0000e+00
       1098      8.088    17.9380   3.138150     2.0470     0.9566  4.7995348    89.5090      8.013    17.9367    22.9709     3.3707     58.315 0.0000e+00
       1099      8.110    17.9364   3.138827     2.0422     0.9566  4.8023784    89.5722      8.034    17.9351    22.9773     3.3511     57.976 0.0000e+00
       1100      8.131    17.9349   3.139534     2.0373     0.9566  4.8048607    89.6273      8.055    17.9336    22.9838     3.3314     57.635 0.0000e+00
       1101      8.152    17.9335   3.140268     2.0322     0.9566  4.8069988    89.6742      8.076    17.9322    22.9905     3.3113     57.287 0.0000e+00
       1102      8.174    17.9322   3.141014     2.0271     0.9566  4.8088078    89.7133      8.098    17.9309    22.9973     3.2913     56.943 0.0000e+00
       1103      8.196    17.9309   3.141762     2.0219     0.9566  4.8103001    89.7448      8.120    17.9296    23.0041     3.2713     56.597 0.0000e+00
       1104      8.217    17.9297   3.142500     2.0166     0.9566  4.8114862    89.7692      8.140    17.9284    23.0107     3.2512     56.251 0.0000e+00
       1105      8.239    17.9286   3.143223     2.0113     0.9566  4.8123742    89.7873      8.162    17.9273    23.0171     3.2313     55.908 0.0000e+00
       1106      8.260    17.9275   3.143925     2.0058     0.9566  4.8129704    89.8001      8.183    17.9262    23.0234     3.2112     55.561 0.0000e+00
       1107      8.282    17.9265   3.144605     2.0003     0.9566  4.8132790    89.8088      8.205    17.9252    23.0295     3.1913     55.218 0.0000e+00
       1108      8.304    17.9255   3.145261     1.9946     0.9566  4.8133020    89.8137      8.227    17.9242    23.0353     3.1713     54.872 0.0000e+00
       1109      8.325    17.9244   3.145893     1.9889     0.9566  4.8130396    89.8150      8.247    17.9231    23.0411     3.1515     54.530 0.0000e+00
       1110      8.347    17.9233   3.146502     1.9832     0.9566  4.8124900    89.8127      8.269    17.9220    23.0466     3.1321     54.194 0.0000e+00
       1111      8.369    17.9222   3.147091     1.9773     0.9566  4.8116494    89.8073      8.291    17.9209    23.0520     3.1124     53.855 0.0000e+00
       1112      8.391    17.9210   3.147660     1.9714     0.9566  4.8105119    89.7995      8.313    17.9197    23.0572     3.0931     53.522 0.0000e+00
       1113      8.413    17.9198   3.148213     1.9654     0.9566  4.8090696    89.7902      8.335    17.9185    23.0624     3.0739     53.190 0.0000e+00
       1114      8.435    17.9186   3.148757     1.9594     0.9566  4.8073125    89.7808      8.356    17.9173    23.0674     3.0551     52.864 0.0000e+00
       1115      8.458    17.9172   3.149294     1.9533     0.9932  4.8052284    89.7720      8.379    17.9159    23.0726     3.0364     52.541 0.0000e+00
       1116      8.480    17.9158   3.149828     1.9472     0.9566  4.8028027    89.7649      8.401    17.9145    23.0776     3.0180     52.224 0.0000e+00
       1117      8.502    17.9143   3.150361     1.9410     0.9566  4.8000187    89.7601      8.423    17.9130    23.0828     2.9998     51.909 0.0000e+00
       1118      8.524    17.9126   3.150892     1.9348     0.8650  4.7969417    89.7586      8.445    17.9113    23.0880     2.9821     51.601 0.0000e+00
       1119      8.547    17.9107   3.151424     1.9286     0.8284  4.7938054    89.7609      8.467    17.9094    23.0934     2.9647     51.300 0.0000e+00
       1120      8.570    17.9086   3.151957     1.9223     0.8284  4.7908426    89.7676      8.490    17.9073    23.0989     2.9474     51.001 0.0000e+00
       1121      8.592    17.9064   3.152493     1.9160     0.8284  4.7881177    89.7791      8.512    17.9051    23.1045     2.9306     50.709 0.0000e+00
       1122      8.615    17.9039   3.153031     1.9097     0.8284  4.7856117    89.7948      8.535    17.9025    23.1102     2.9141     50.423 0.0000e+00
       1123      8.637    17.9011   3.153574     1.9034     0.8284  4.7833073    89.8136      8.557    17.8997    23.1162     2.8980     50.144 0.0000e+00
       1124      8.660    17.8980   3.154127     1.8971     0.8467  4.7811883    89.8351      8.579    17.8966    23.1224     2.8824     49.872 0.0000e+00
       1125      8.683    17.8946   3.154692     1.8908     0.8284  4.7791552    89.8589      8.602    17.8932    23.1289     2.8671     49.606 0.0000e+00
       1126      8.705    17.8909   3.155274     1.8846     0.8284  4.7771087    89.8843      8.624    17.8895    23.1357     2.8524     49.350 0.0000e+00
       1127      8.728    17.8868   3.155873     1.8784     0.8284  4.7751197    89.9103      8.647    17.8854    23.1428     2.8380     49.100 0.0000e+00
       1128      8.750    17.8823   3.156492     1.8722     0.8284  4.7732592    89.9362      8.669    17.8809    23.1504     2.8240     48.855 0.0000e+00
       1129      8.773    17.8774   3.157131     1.8660     0.8284  4.7715143    89.9616      8.691    17.8760    23.1583     2.8102     48.615 0.0000e+00
       1130      8.796    17.8721   3.157789     1.8599     0.8284  4.7698728    89.9870      8.714    17.8707    23.1666     2.7971     48.385 0.0000e+00
       1131      8.819    17.8664   3.158468     1.8538     0.8284  4.7683234    90.0130      8.737    17.8650    23.1753     2.7842     48.159 0.0000e+00
       1132      8.842    17.8602   3.159166     1.8478     0.8284  4.7668551    90.0400      8.760    17.8588    23.1845     2.7718     47.942 0.0000e+00
       1133      8.865    17.8535   3.159883     1.8419     0.8467  4.7654580    90.0683      8.782    17.8521    23.1941     2.7599     47.732 0.0000e+00
       1134      8.888    17.8464   3.160620     1.8360     0.8284  4.7641221    90.0977      8.805    17.8450    23.2040     2.7481     47.525 0.0000e+00
       1135      8.911    17.8387   3.161379     1.8301     0.8284  4.7628382    90.1279      8.828    17.8373    23.2146     2.7366     47.322 0.0000e+00
