data/2023/2023_wed/06CTD05.cnv
* Sea-Bird SBE 9 Data File:
* FileName = C:\Users\ctd-user\Desktop\CTD_data\2023\MAR440 Sept 2023\06CTD05.hex
* Software Version Seasave V 7.26.2.13
* Temperature SN = 4493
* Conductivity SN = 1899
* Number of Bytes Per Scan = 37
* Number of Voltage Words = 4
* Number of Scans Averaged by the Deck Unit = 1
* NMEA Latitude = 58 19.57 N
* NMEA Longitude = 011 50.80 E
* NMEA UTC (Time) = Sep 06 2023 09:53:54
* NMEA baud rate = 4800
** Ship:
** Station:
** Operator:
# nquan = 14                                
# nvalues = 1540                        
# units = specified
# name 0 = scan: Scan Count
# name 1 = prDM: Pressure, Digiquartz [db]
# name 2 = t090C: Temperature [ITS-90, deg C]
# name 3 = c0S/m: Conductivity [S/m]
# name 4 = sbeox0V: Oxygen raw, SBE 43 [V]
# name 5 = flECO-AFL: Fluorescence, WET Labs ECO-AFL/FL [mg/m^3]
# name 6 = upoly0: Upoly 0, Turbidity
# name 7 = xmiss: Beam Transmission, Chelsea/Seatech [%]
# name 8 = depSM: Depth [salt water, m], lat = 58.3262
# name 9 = potemp090C: Potential Temperature [ITS-90, deg C]
# name 10 = sal00: Salinity, Practical [PSU]
# name 11 = sbeox0ML/L: Oxygen, SBE 43 [ml/l], WS = 2
# name 12 = sbeox0PS: Oxygen, SBE 43 [% saturation], WS = 2
# name 13 = flag: flag
# span 0 =          1,       1540       
# span 1 =      1.017,     12.793       
# span 2 =    14.1706,    18.4300       
# span 3 =   2.037871,   3.299451       
# span 4 =     1.0956,     2.8862       
# span 5 =     0.2790,     7.4768       
# span 6 =  4.7268080,  5.3882369       
# span 7 =    65.7445,    91.7976       
# span 8 =      1.008,     12.674       
# span 9 =    14.1689,    18.4298       
# span 10 =    14.2492,    26.6360      
# span 11 =     1.2320,     6.2519      
# span 12 =     20.653,    103.044      
# span 13 = 0.0000e+00, 0.0000e+00      
# interval = seconds: 0.0416667
# start_time = Sep 06 2023 09:53:54 [NMEA time, header]
# bad_flag = -9.990e-29
*END*
[from data line 930]
        931      1.038    18.3403   2.723388     2.5963     3.4475  5.0278347    76.6065      1.028    18.3401    19.4627     5.2962     90.426 -9.990e-29
        932      1.037    18.3402   2.722762     2.5967     3.4475  5.0288577    76.6114      1.027    18.3400    19.4578     5.2960     90.420 -9.990e-29
        933      1.037    18.3402   2.722076     2.5971     3.4475  5.0300756    76.6177      1.027    18.3400    19.4524     5.2957     90.412 -9.990e-29
        934      1.037    18.3401   2.721328     2.5975     3.4475  5.0314968    76.6249      1.027    18.3399    19.4466     5.2953     90.402 -9.990e-29
        935      1.036    18.3400   2.720513     2.5979     3.4475  5.0331312    76.6328      1.026    18.3398    19.4403     5.2948     90.390 -9.990e-29
        936      1.036    18.3399   2.719635     2.5982     3.4658  5.0349903    76.6415      1.026    18.3397    19.4334     5.2940     90.373 -9.990e-29
        937      1.036    18.3398   2.718689     2.5986     3.4475  5.0370869    76.6512      1.026    18.3396    19.4260     5.2934     90.358 -9.990e-29
        938      1.036    18.3397   2.717677     2.5989     3.4475  5.0394356    76.6616      1.026    18.3395    19.4181     5.2924     90.337 -9.990e-29
        939      1.036    18.3396   2.716596     2.5991     3.4475  5.0420528    76.6726      1.026    18.3394    19.4097     5.2911     90.310 -9.990e-29
        940      1.036    18.3396   2.715448     2.5994     3.4658  5.0449566    76.6840      1.026    18.3394    19.4007     5.2901     90.287 -9.990e-29
        941      1.036    18.3395   2.714237     2.5996     3.4658  5.0481673    76.6961      1.026    18.3393    19.3912     5.2887     90.259 -9.990e-29
        942      1.037    18.3394   2.712971     2.5998     3.4841  5.0517072    76.7089      1.027    18.3392    19.3814     5.2873     90.229 -9.990e-29
        943      1.037    18.3394   2.711643     2.6000     3.9969  5.0555160    76.7222      1.027    18.3392    19.3709     5.2858     90.197 -9.990e-29
        944      1.038    18.3393   2.710241     2.6002     4.3266  5.0593653    76.7353      1.028    18.3391    19.3600     5.2843     90.165 -9.990e-29
        945      1.039    18.3392   2.708756     2.6003     4.3815  5.0630272    76.7482      1.029    18.3390    19.3484     5.2824     90.128 -9.990e-29
        946      1.040    18.3391   2.707192     2.6004     4.3449  5.0664422    76.7606      1.030    18.3389    19.3362     5.2806     90.090 -9.990e-29
        947      1.041    18.3390   2.705570     2.6005     4.3449  5.0696339    76.7728      1.031    18.3388    19.3235     5.2788     90.051 -9.990e-29
        948      1.042    18.3389   2.703925     2.6005     4.3449  5.0726247    76.7846      1.032    18.3387    19.3106     5.2766     90.008 -9.990e-29
        949      1.044    18.3388   2.702306     2.6006     4.3449  5.0754352    76.7963      1.034    18.3386    19.2980     5.2747     89.968 -9.990e-29
        950      1.045    18.3387   2.700753     2.6005     4.3449  5.0780852    76.8078      1.035    18.3385    19.2858     5.2722     89.919 -9.990e-29
        951      1.047    18.3386   2.699288     2.6005     4.3449  5.0805930    76.8190      1.037    18.3384    19.2744     5.2700     89.874 -9.990e-29
        952      1.049    18.3385   2.697898     2.6004     4.3266  5.0829760    76.8297      1.039    18.3383    19.2635     5.2674     89.825 -9.990e-29
        953      1.052    18.3385   2.696538     2.6003     4.3266  5.0852509    76.8397      1.042    18.3383    19.2529     5.2649     89.776 -9.990e-29
        954      1.055    18.3384   2.695149     2.6002     4.3266  5.0874334    76.8492      1.045    18.3382    19.2420     5.2624     89.727 -9.990e-29
        955      1.057    18.3384   2.693675     2.6000     4.3449  5.0895388    76.8583      1.047    18.3382    19.2305     5.2596     89.674 -9.990e-29
        956      1.060    18.3384   2.692073     2.5998     4.3449  5.0915816    76.8670      1.050    18.3382    19.2179     5.2569     89.622 -9.990e-29
        957      1.064    18.3385   2.690325     2.5995     4.3449  5.0935762    76.8749      1.054    18.3383    19.2042     5.2541     89.565 -9.990e-29
        958      1.067    18.3386   2.688435     2.5992     4.3449  5.0955363    76.8816      1.057    18.3384    19.1893     5.2513     89.510 -9.990e-29
        959      1.071    18.3387   2.686421     2.5989     4.3449  5.0974756    76.8869      1.061    18.3385    19.1735     5.2485     89.455 -9.990e-29
        960      1.076    18.3390   2.684306     2.5986     4.3449  5.0994076    76.8905      1.066    18.3388    19.1568     5.2459     89.401 -9.990e-29
        961      1.081    18.3392   2.682116     2.5982     4.3449  5.1013458    76.8919      1.071    18.3390    19.1395     5.2430     89.344 -9.990e-29
        962      1.086    18.3395   2.679880     2.5978     4.3449  5.1033036    76.8909      1.076    18.3393    19.1218     5.2403     89.288 -9.990e-29
        963      1.092    18.3399   2.677633     2.5974     4.3266  5.1052946    76.8873      1.082    18.3397    19.1041     5.2376     89.233 -9.990e-29
        964      1.098    18.3402   2.675410     2.5970     4.3449  5.1073328    76.8811      1.088    18.3400    19.0865     5.2349     89.179 -9.990e-29
        965      1.104    18.3406   2.673238     2.5965     4.3449  5.1094322    76.8723      1.094    18.3404    19.0693     5.2321     89.123 -9.990e-29
        966      1.111    18.3410   2.671144     2.5960     4.3449  5.1116074    76.8613      1.101    18.3408    19.0527     5.2294     89.068 -9.990e-29
        967      1.119    18.3414   2.669162     2.5954     4.3449  5.1138737    76.8483      1.109    18.3412    19.0370     5.2264     89.010 -9.990e-29
        968      1.127    18.3418   2.667349     2.5949     4.5097  5.1162468    76.8336      1.117    18.3416    19.0226     5.2238     88.959 -9.990e-29
        969      1.135    18.3423   2.665770     2.5943     4.8577  5.1186582    76.8175      1.124    18.3421    19.0100     5.2210     88.905 -9.990e-29
        970      1.144    18.3427   2.664485     2.5937     5.0042  5.1209548    76.8005      1.133    18.3425    18.9998     5.2182     88.852 0.0000e+00
        971      1.154    18.3432   2.663543     2.5930     5.0042  5.1230678    76.7830      1.143    18.3430    18.9922     5.2151     88.798 0.0000e+00
        972      1.164    18.3437   2.662969     2.5924     4.9859  5.1250116    76.7650      1.153    18.3435    18.9875     5.2124     88.749 0.0000e+00
        973      1.174    18.3442   2.662769     2.5917     4.9676  5.1268000    76.7472      1.163    18.3440    18.9857     5.2094     88.698 0.0000e+00
        974      1.185    18.3447   2.662932     2.5910     4.9859  5.1284454    76.7314      1.174    18.3445    18.9867     5.2065     88.649 0.0000e+00
        975      1.197    18.3452   2.663427     2.5903     4.9676  5.1299591    76.7196      1.186    18.3450    18.9904     5.2035     88.602 0.0000e+00
        976      1.210    18.3457   2.664199     2.5896     4.9859  5.1313517    76.7133      1.199    18.3455    18.9962     5.2006     88.557 0.0000e+00
        977      1.222    18.3462   2.665168     2.5889     4.9676  5.1326329    76.7132      1.211    18.3460    19.0035     5.1978     88.514 0.0000e+00
        978      1.236    18.3467   2.666237     2.5882     4.9859  5.1338117    76.7195      1.225    18.3465    19.0117     5.1951     88.472 0.0000e+00
        979      1.249    18.3472   2.667327     2.5875     4.9859  5.1348961    76.7325      1.237    18.3470    19.0200     5.1924     88.432 0.0000e+00
        980      1.264    18.3476   2.668417     2.5868     4.9676  5.1358938    76.7521      1.252    18.3474    19.0283     5.1899     88.394 0.0000e+00
        981      1.278    18.3481   2.669543     2.5861     4.9859  5.1368118    76.7787      1.266    18.3479    19.0369     5.1874     88.358 0.0000e+00
        982      1.294    18.3485   2.670754     2.5854     5.0042  5.1376563    76.8127      1.282    18.3483    19.0462     5.1850     88.323 0.0000e+00
        983      1.309    18.3489   2.672109     2.5847     4.9859  5.1384332    76.8544      1.297    18.3487    19.0566     5.1827     88.288 0.0000e+00
        984      1.326    18.3492   2.673671     2.5840     4.9676  5.1391481    76.9036      1.314    18.3490    19.0687     5.1803     88.255 0.0000e+00
        985      1.342    18.3496   2.675494     2.5833     4.9676  5.1398057    76.9596      1.330    18.3494    19.0828     5.1780     88.224 0.0000e+00
        986      1.359    18.3500   2.677582     2.5826     4.9676  5.1404108    77.0221      1.346    18.3498    19.0989     5.1756     88.193 0.0000e+00
        987      1.377    18.3503   2.679872     2.5819     4.9859  5.1409675    77.0908      1.364    18.3501    19.1167     5.1733     88.163 0.0000e+00
        988      1.394    18.3507   2.682264     2.5813     4.9676  5.1414797    77.1655      1.381    18.3505    19.1353     5.1712     88.138 0.0000e+00
        989      1.413    18.3510   2.684665     2.5806     4.9859  5.1419510    77.2464      1.400    18.3508    19.1539     5.1690     88.110 0.0000e+00
        990      1.431    18.3513   2.687007     2.5800     4.9676  5.1423845    77.3335      1.418    18.3511    19.1721     5.1670     88.086 0.0000e+00
        991      1.450    18.3516   2.689269     2.5793     4.9859  5.1427835    77.4268      1.437    18.3514    19.1897     5.1648     88.058 0.0000e+00
        992      1.469    18.3518   2.691477     2.5787     4.9676  5.1431506    77.5263      1.455    18.3516    19.2069     5.1628     88.035 0.0000e+00
        993      1.489    18.3521   2.693675     2.5781     4.9676  5.1434883    77.6323      1.475    18.3519    19.2240     5.1609     88.011 0.0000e+00
        994      1.509    18.3524   2.695893     2.5775     4.7295  5.1437991    77.7444      1.495    18.3522    19.2412     5.1590     87.988 0.0000e+00
        995      1.529    18.3527   2.698129     2.5769     4.5280  5.1440851    77.8620      1.515    18.3525    19.2586     5.1571     87.965 0.0000e+00
        996      1.549    18.3530   2.700360     2.5763     4.5097  5.1443482    77.9837      1.535    18.3528    19.2760     5.1551     87.941 0.0000e+00
        997      1.570    18.3533   2.702583     2.5757     4.5097  5.1445904    78.1084      1.555    18.3531    19.2933     5.1531     87.916 0.0000e+00
        998      1.591    18.3536   2.704815     2.5752     4.5280  5.1448132    78.2358      1.576    18.3534    19.3106     5.1513     87.895 0.0000e+00
        999      1.612    18.3540   2.707072     2.5746     4.5280  5.1450184    78.3660      1.597    18.3537    19.3281     5.1492     87.869 0.0000e+00
       1000      1.634    18.3544   2.709359     2.5740     4.5097  5.1452072    78.4987      1.619    18.3541    19.3459     5.1470     87.841 0.0000e+00
       1001      1.656    18.3548   2.711668     2.5735     4.5280  5.1453809    78.6335      1.641    18.3545    19.3638     5.1450     87.817 0.0000e+00
       1002      1.678    18.3552   2.713991     2.5729     4.5280  5.1455409    78.7698      1.662    18.3549    19.3818     5.1426     87.787 0.0000e+00
       1003      1.700    18.3557   2.716331     2.5723     4.5280  5.1456882    78.9073      1.684    18.3554    19.3999     5.1402     87.756 0.0000e+00
       1004      1.723    18.3561   2.718715     2.5718     4.5280  5.1458238    79.0462      1.707    18.3558    19.4184     5.1380     87.729 0.0000e+00
       1005      1.746    18.3565   2.721161     2.5712     4.5097  5.1459487    79.1862      1.730    18.3562    19.4374     5.1354     87.695 0.0000e+00
       1006      1.769    18.3568   2.723668     2.5706     4.5280  5.1460638    79.3261      1.753    18.3565    19.4570     5.1327     87.660 0.0000e+00
       1007      1.792    18.3571   2.726228     2.5700     4.5280  5.1461698    79.4651      1.775    18.3568    19.4769     5.1299     87.623 0.0000e+00
       1008      1.815    18.3574   2.728837     2.5694     4.5280  5.1462674    79.6025      1.798    18.3571    19.4972     5.1270     87.585 0.0000e+00
       1009      1.838    18.3576   2.731498     2.5688     4.5097  5.1463575    79.7382      1.821    18.3573    19.5180     5.1240     87.545 0.0000e+00
       1010      1.862    18.3577   2.734214     2.5682     4.5097  5.1464405    79.8724      1.845    18.3574    19.5393     5.1209     87.504 0.0000e+00
       1011      1.886    18.3579   2.736994     2.5676     4.5280  5.1465171    80.0045      1.868    18.3576    19.5610     5.1177     87.461 0.0000e+00
       1012      1.909    18.3580   2.739833     2.5669     4.5280  5.1465878    80.1333      1.891    18.3577    19.5833     5.1141     87.411 0.0000e+00
       1013      1.933    18.3581   2.742713     2.5663     4.5280  5.1466531    80.2575      1.915    18.3578    19.6058     5.1107     87.364 0.0000e+00
       1014      1.957    18.3584   2.745609     2.5656     4.5280  5.1467135    80.3768      1.939    18.3581    19.6284     5.1069     87.311 0.0000e+00
       1015      1.981    18.3586   2.748503     2.5649     4.5280  5.1467693    80.4914      1.963    18.3583    19.6510     5.1030     87.257 0.0000e+00
       1016      2.005    18.3590   2.751397     2.5642     4.5280  5.1468209    80.6016      1.986    18.3587    19.6736     5.0989     87.200 0.0000e+00
       1017      2.029    18.3594   2.754294     2.5635     4.5280  5.1468688    80.7072      2.010    18.3591    19.6962     5.0948     87.142 0.0000e+00
       1018      2.054    18.3599   2.757178     2.5628     4.4914  5.1469132    80.8079      2.035    18.3596    19.7186     5.0905     87.082 0.0000e+00
       1019      2.078    18.3604   2.760025     2.5621     4.3449  5.1469545    80.9035      2.059    18.3601    19.7407     5.0862     87.020 0.0000e+00
       1020      2.102    18.3609   2.762791     2.5613     3.8504  5.1469929    80.9940      2.082    18.3606    19.7622     5.0816     86.952 0.0000e+00
       1021      2.126    18.3614   2.765442     2.5605     3.6672  5.1470288    81.0794      2.106    18.3611    19.7828     5.0768     86.883 0.0000e+00
       1022      2.151    18.3619   2.767953     2.5597     3.6306  5.1470623    81.1597      2.131    18.3616    19.8023     5.0720     86.812 0.0000e+00
       1023      2.175    18.3625   2.770312     2.5589     3.6855  5.1470937    81.2348      2.155    18.3622    19.8205     5.0672     86.740 0.0000e+00
       1024      2.200    18.3630   2.772505     2.5580     3.6855  5.1471232    81.3050      2.180    18.3627    19.8375     5.0621     86.661 0.0000e+00
       1025      2.224    18.3636   2.774514     2.5571     3.7039  5.1471510    81.3703      2.203    18.3633    19.8531     5.0569     86.581 0.0000e+00
       1026      2.249    18.3641   2.776316     2.5562     3.6855  5.1471773    81.4309      2.228    18.3637    19.8670     5.0517     86.500 0.0000e+00
       1027      2.273    18.3646   2.777897     2.5552     3.6855  5.1472023    81.4872      2.252    18.3642    19.8792     5.0462     86.414 0.0000e+00
       1028      2.297    18.3651   2.779275     2.5543     3.6855  5.1472262    81.5395      2.276    18.3647    19.8898     5.0409     86.330 0.0000e+00
       1029      2.321    18.3656   2.780487     2.5533     3.6855  5.1472491    81.5883      2.299    18.3652    19.8990     5.0354     86.241 0.0000e+00
       1030      2.345    18.3660   2.781564     2.5522     3.7039  5.1472713    81.6341      2.323    18.3656    19.9073     5.0296     86.146 0.0000e+00
       1031      2.369    18.3663   2.782517     2.5512     3.6672  5.1472927    81.6776      2.347    18.3659    19.9147     5.0240     86.054 0.0000e+00
       1032      2.393    18.3667   2.783342     2.5501     3.7222  5.1473137    81.7192      2.371    18.3663    19.9210     5.0181     85.957 0.0000e+00
