data/2023/2023_wed/06CTD02.cnv
* Sea-Bird SBE 9 Data File:
* FileName = C:\Users\ctd-user\Desktop\CTD_data\2023\MAR440 Sept 2023\06CTD02.hex
* Software Version Seasave V 7.26.2.13
* Temperature SN = 4493
* Conductivity SN = 1899
* Number of Bytes Per Scan = 37
* Number of Voltage Words = 4
* Number of Scans Averaged by the Deck Unit = 1
* NMEA Latitude = 58 20.31 N
* NMEA Longitude = 011 53.53 E
* NMEA UTC (Time) = Sep 06 2023 08:32:10
* NMEA baud rate = 4800
** Ship:
** Station:
** Operator:
# nquan = 14                                
# nvalues = 7520                        
# units = specified
# name 0 = scan: Scan Count
# name 1 = prDM: Pressure, Digiquartz [db]
# name 2 = t090C: Temperature [ITS-90, deg C]
# name 3 = c0S/m: Conductivity [S/m]
# name 4 = sbeox0V: Oxygen raw, SBE 43 [V]
# name 5 = flECO-AFL: Fluorescence, WET Labs ECO-AFL/FL [mg/m^3]
# name 6 = upoly0: Upoly 0, Turbidity
# name 7 = xmiss: Beam Transmission, Chelsea/Seatech [%]
# name 8 = depSM: Depth [salt water, m], lat = 58.3385
# name 9 = potemp090C: Potential Temperature [ITS-90, deg C]
# name 10 = sal00: Salinity, Practical [PSU]
# name 11 = sbeox0ML/L: Oxygen, SBE 43 [ml/l], WS = 2
# name 12 = sbeox0PS: Oxygen, SBE 43 [% saturation], WS = 2
# name 13 = flag: flag
# span 0 =          1,       7520       
# span 1 =     -0.060,     36.147       
# span 2 =     7.7468,    18.6129       
# span 3 =   0.059056,   3.374285       
# span 4 =     0.5488,     2.8477       
# span 5 =    -0.1240,     6.7991       
# span 6 =  4.3249425,  8.5051584       
# span 7 =    62.1624,    98.4203       
# span 8 =     -0.059,     35.808       
# span 9 =     7.7450,    18.6127       
# span 10 =     0.3436,    31.8568      
# span 11 =     0.1240,     6.8954      
# span 12 =      1.863,    102.145      
# span 13 = 0.0000e+00, 0.0000e+00      
# interval = seconds: 0.0416667
# start_time = Sep 06 2023 08:32:10 [NMEA time, header]
# bad_flag = -9.990e-29
*END*
[from data line 3613]
       3614      1.173    18.5626   2.716156     2.6967     3.8138  4.8121518    81.7221      1.162    18.5624    19.3020     5.4833     93.937 -9.990e-29
       3615      1.173    18.5626   2.716164     2.6965     3.8138  4.8119287    81.7246      1.162    18.5624    19.3021     5.4824     93.922 -9.990e-29
       3616      1.173    18.5625   2.716174     2.6963     3.8138  4.8117506    81.7261      1.162    18.5623    19.3022     5.4816     93.907 -9.990e-29
       3617      1.173    18.5624   2.716185     2.6962     3.8138  4.8116160    81.7266      1.162    18.5622    19.3023     5.4810     93.898 -9.990e-29
       3618      1.173    18.5623   2.716199     2.6960     3.8138  4.8115240    81.7265      1.162    18.5621    19.3025     5.4802     93.884 -9.990e-29
       3619      1.173    18.5622   2.716214     2.6958     3.8321  4.8114741    81.7259      1.162    18.5620    19.3027     5.4795     93.872 -9.990e-29
       3620      1.173    18.5621   2.716229     2.6956     3.8870  4.8114658    81.7251      1.162    18.5619    19.3028     5.4788     93.860 -9.990e-29
       3621      1.173    18.5620   2.716248     2.6954     3.8870  4.8114991    81.7239      1.162    18.5618    19.3030     5.4782     93.849 -9.990e-29
       3622      1.173    18.5619   2.716267     2.6953     3.9053  4.8115743    81.7222      1.162    18.5617    19.3032     5.4778     93.843 -9.990e-29
       3623      1.173    18.5618   2.716288     2.6951     3.8870  4.8116918    81.7203      1.162    18.5616    19.3034     5.4773     93.834 -9.990e-29
       3624      1.173    18.5617   2.716310     2.6949     3.8870  4.8118525    81.7186      1.162    18.5615    19.3036     5.4768     93.825 -9.990e-29
       3625      1.173    18.5616   2.716333     2.6947     3.8870  4.8120576    81.7174      1.162    18.5614    19.3039     5.4763     93.817 -9.990e-29
       3626      1.173    18.5615   2.716358     2.6946     3.8870  4.8123083    81.7165      1.162    18.5613    19.3041     5.4762     93.814 -9.990e-29
       3627      1.173    18.5614   2.716383     2.6944     3.8870  4.8126065    81.7156      1.162    18.5612    19.3043     5.4758     93.808 -9.990e-29
       3628      1.173    18.5613   2.716410     2.6942     3.8870  4.8129543    81.7145      1.162    18.5611    19.3046     5.4755     93.802 -9.990e-29
       3629      1.173    18.5612   2.716441     2.6941     3.9053  4.8133540    81.7137      1.162    18.5610    19.3049     5.4754     93.802 -9.990e-29
       3630      1.173    18.5611   2.716475     2.6939     3.8870  4.8138084    81.7138      1.162    18.5609    19.3052     5.4752     93.797 -9.990e-29
       3631      1.173    18.5610   2.716511     2.6938     3.9053  4.8143208    81.7148      1.162    18.5608    19.3055     5.4752     93.797 -9.990e-29
       3632      1.173    18.5609   2.716552     2.6936     3.8870  4.8148946    81.7165      1.162    18.5607    19.3059     5.4750     93.794 -9.990e-29
       3633      1.174    18.5608   2.716598     2.6935     3.8870  4.8155339    81.7189      1.163    18.5606    19.3063     5.4751     93.796 -9.990e-29
       3634      1.174    18.5607   2.716647     2.6934     3.8870  4.8162431    81.7216      1.163    18.5605    19.3067     5.4752     93.798 -9.990e-29
       3635      1.174    18.5606   2.716702     2.6932     3.8870  4.8170271    81.7242      1.163    18.5604    19.3072     5.4751     93.797 -9.990e-29
       3636      1.174    18.5605   2.716762     2.6931     3.8870  4.8178915    81.7261      1.163    18.5603    19.3077     5.4753     93.800 -9.990e-29
       3637      1.174    18.5603   2.716825     2.6930     3.8870  4.8188421    81.7271      1.163    18.5601    19.3083     5.4755     93.803 -9.990e-29
       3638      1.174    18.5602   2.716894     2.6929     3.8870  4.8198857    81.7273      1.163    18.5600    19.3089     5.4757     93.807 -9.990e-29
       3639      1.174    18.5600   2.716969     2.6927     3.8870  4.8210294    81.7272      1.163    18.5598    19.3096     5.4757     93.807 -9.990e-29
       3640      1.174    18.5599   2.717049     2.6926     3.8870  4.8222813    81.7270      1.163    18.5597    19.3102     5.4760     93.812 -9.990e-29
       3641      1.174    18.5598   2.717138     2.6925     3.8870  4.8236500    81.7269      1.163    18.5596    19.3110     5.4762     93.816 -9.990e-29
       3642      1.175    18.5597   2.717236     2.6924     3.8870  4.8251451    81.7266      1.164    18.5595    19.3118     5.4765     93.821 -9.990e-29
       3643      1.175    18.5596   2.717342     2.6924     3.8870  4.8267770    81.7256      1.164    18.5594    19.3127     5.4770     93.830 -9.990e-29
       3644      1.175    18.5595   2.717460     2.6923     3.8870  4.8285570    81.7237      1.164    18.5593    19.3136     5.4773     93.835 -9.990e-29
       3645      1.175    18.5594   2.717589     2.6922     3.9603  4.8304125    81.7212      1.164    18.5592    19.3147     5.4776     93.840 -9.990e-29
       3646      1.175    18.5593   2.717730     2.6922     4.0335  4.8321866    81.7185      1.164    18.5591    19.3158     5.4781     93.849 -9.990e-29
       3647      1.175    18.5592   2.717882     2.6921     4.0152  4.8337218    81.7156      1.164    18.5590    19.3171     5.4783     93.854 -9.990e-29
       3648      1.176    18.5591   2.718048     2.6921     4.0152  4.8349438    81.7125      1.165    18.5589    19.3184     5.4788     93.864 -9.990e-29
       3649      1.176    18.5590   2.718225     2.6920     4.0152  4.8359460    81.7093      1.165    18.5588    19.3198     5.4791     93.868 -9.990e-29
       3650      1.176    18.5589   2.718409     2.6920     4.0152  4.8368204    81.7067      1.165    18.5587    19.3213     5.4795     93.877 -9.990e-29
       3651      1.177    18.5587   2.718594     2.6920     4.0152  4.8375730    81.7054      1.166    18.5585    19.3229     5.4800     93.886 -9.990e-29
       3652      1.177    18.5586   2.718773     2.6920     4.0152  4.8382091    81.7058      1.166    18.5584    19.3243     5.4805     93.894 -9.990e-29
       3653      1.177    18.5585   2.718944     2.6919     4.0152  4.8387331    81.7080      1.166    18.5583    19.3257     5.4807     93.898 -9.990e-29
       3654      1.178    18.5584   2.719104     2.6919     4.0152  4.8391486    81.7115      1.167    18.5582    19.3270     5.4811     93.906 -9.990e-29
       3655      1.178    18.5582   2.719252     2.6919     4.0152  4.8394585    81.7157      1.167    18.5580    19.3282     5.4815     93.914 -9.990e-29
       3656      1.179    18.5581   2.719389     2.6919     4.0152  4.8396650    81.7197      1.168    18.5579    19.3293     5.4820     93.921 -9.990e-29
       3657      1.179    18.5580   2.719515     2.6920     4.0152  4.8397695    81.7232      1.168    18.5578    19.3304     5.4826     93.933 -9.990e-29
       3658      1.180    18.5578   2.719633     2.6920     4.0335  4.8397728    81.7261      1.169    18.5576    19.3314     5.4830     93.940 -9.990e-29
       3659      1.180    18.5577   2.719745     2.6920     4.0152  4.8396748    81.7281      1.169    18.5575    19.3323     5.4834     93.947 -9.990e-29
       3660      1.181    18.5576   2.719853     2.6920     3.9969  4.8394749    81.7294      1.170    18.5574    19.3332     5.4837     93.953 -9.990e-29
       3661      1.181    18.5574   2.719958     2.6921     4.0152  4.8391717    81.7300      1.170    18.5572    19.3341     5.4843     93.963 -9.990e-29
       3662      1.182    18.5573   2.720063     2.6921     4.0152  4.8387632    81.7301      1.171    18.5571    19.3350     5.4846     93.969 -9.990e-29
       3663      1.182    18.5572   2.720168     2.6922     4.0335  4.8382463    81.7297      1.171    18.5570    19.3358     5.4852     93.979 -9.990e-29
       3664      1.183    18.5571   2.720272     2.6922     4.0152  4.8376176    81.7290      1.172    18.5569    19.3367     5.4855     93.984 -9.990e-29
       3665      1.183    18.5570   2.720376     2.6923     4.0152  4.8368727    81.7275      1.172    18.5568    19.3376     5.4860     93.992 -9.990e-29
       3666      1.184    18.5569   2.720479     2.6923     4.0152  4.8359214    81.7251      1.173    18.5567    19.3384     5.4862     93.997 -9.990e-29
       3667      1.184    18.5568   2.720580     2.6924     4.0152  4.8346723    81.7217      1.173    18.5566    19.3392     5.4867     94.005 -9.990e-29
       3668      1.185    18.5567   2.720678     2.6924     4.0152  4.8332014    81.7178      1.174    18.5565    19.3401     5.4869     94.009 -9.990e-29
       3669      1.185    18.5566   2.720776     2.6925     4.0152  4.8315837    81.7140      1.174    18.5564    19.3409     5.4873     94.017 -9.990e-29
       3670      1.185    18.5565   2.720875     2.6925     4.0152  4.8298077    81.7111      1.174    18.5563    19.3417     5.4875     94.020 -9.990e-29
       3671      1.186    18.5564   2.720974     2.6926     3.9420  4.8279461    81.7095      1.175    18.5562    19.3425     5.4879     94.027 -9.990e-29
       3672      1.186    18.5563   2.721073     2.6926     3.9236  4.8261558    81.7093      1.175    18.5561    19.3433     5.4880     94.030 -9.990e-29
       3673      1.187    18.5562   2.721170     2.6927     3.9236  4.8245094    81.7102      1.176    18.5560    19.3441     5.4884     94.037 -9.990e-29
       3674      1.187    18.5561   2.721263     2.6927     3.9236  4.8229952    81.7120      1.176    18.5559    19.3449     5.4885     94.039 -9.990e-29
       3675      1.188    18.5560   2.721351     2.6928     3.9236  4.8216029    81.7150      1.177    18.5558    19.3456     5.4889     94.046 -9.990e-29
       3676      1.188    18.5559   2.721436     2.6928     3.9236  4.8203227    81.7194      1.177    18.5557    19.3464     5.4890     94.048 -9.990e-29
       3677      1.188    18.5558   2.721518     2.6929     3.9236  4.8191458    81.7251      1.177    18.5556    19.3470     5.4894     94.055 -9.990e-29
       3678      1.189    18.5557   2.721596     2.6929     3.9053  4.8180639    81.7315      1.178    18.5555    19.3477     5.4895     94.057 -9.990e-29
       3679      1.189    18.5556   2.721669     2.6930     3.9236  4.8170694    81.7380      1.178    18.5554    19.3483     5.4898     94.063 -9.990e-29
       3680      1.189    18.5555   2.721739     2.6930     3.9236  4.8161556    81.7441      1.178    18.5553    19.3489     5.4899     94.064 -9.990e-29
       3681      1.189    18.5554   2.721804     2.6931     3.9236  4.8153160    81.7500      1.178    18.5552    19.3495     5.4902     94.070 -9.990e-29
       3682      1.189    18.5553   2.721867     2.6931     3.9236  4.8145448    81.7556      1.178    18.5551    19.3500     5.4903     94.071 -9.990e-29
       3683      1.190    18.5552   2.721929     2.6932     3.9236  4.8138366    81.7613      1.179    18.5550    19.3505     5.4906     94.077 -9.990e-29
       3684      1.190    18.5551   2.721992     2.6932     3.9236  4.8131865    81.7668      1.179    18.5549    19.3511     5.4907     94.078 -9.990e-29
       3685      1.190    18.5550   2.722055     2.6933     3.9236  4.8125900    81.7719      1.179    18.5548    19.3516     5.4910     94.083 -9.990e-29
       3686      1.191    18.5549   2.722118     2.6933     3.9236  4.8120430    81.7759      1.180    18.5547    19.3521     5.4911     94.084 -9.990e-29
       3687      1.191    18.5548   2.722178     2.6934     3.9236  4.8115415    81.7792      1.180    18.5546    19.3527     5.4914     94.090 -9.990e-29
       3688      1.191    18.5547   2.722238     2.6934     3.9236  4.8110822    81.7822      1.180    18.5545    19.3532     5.4914     94.091 -9.990e-29
       3689      1.192    18.5546   2.722294     2.6935     3.9236  4.8106618    81.7859      1.181    18.5544    19.3537     5.4917     94.096 -9.990e-29
       3690      1.192    18.5545   2.722344     2.6936     3.9236  4.8102775    81.7908      1.181    18.5543    19.3541     5.4921     94.102 -9.990e-29
       3691      1.192    18.5544   2.722386     2.6936     3.9236  4.8099264    81.7968      1.181    18.5542    19.3545     5.4921     94.102 -9.990e-29
       3692      1.192    18.5542   2.722424     2.6937     3.9236  4.8096063    81.8033      1.181    18.5540    19.3549     5.4924     94.108 -9.990e-29
       3693      1.192    18.5541   2.722454     2.6937     3.9236  4.8093149    81.8093      1.181    18.5539    19.3551     5.4925     94.109 -9.990e-29
       3694      1.193    18.5540   2.722481     2.6938     3.9236  4.8090501    81.8142      1.182    18.5538    19.3554     5.4928     94.114 -9.990e-29
       3695      1.193    18.5539   2.722504     2.6939     3.9236  4.8088100    81.8175      1.182    18.5537    19.3556     5.4931     94.119 -9.990e-29
       3696      1.193    18.5538   2.722525     2.6939     3.8504  4.8085932    81.8193      1.182    18.5536    19.3558     5.4931     94.119 -9.990e-29
       3697      1.193    18.5537   2.722542     2.6940     3.7954  4.8083979    81.8197      1.182    18.5535    19.3560     5.4934     94.124 -9.990e-29
       3698      1.194    18.5536   2.722559     2.6941     3.7771  4.8082230    81.8190      1.183    18.5534    19.3562     5.4936     94.128 -9.990e-29
       3699      1.194    18.5535   2.722575     2.6942     3.7771  4.8080670    81.8170      1.183    18.5533    19.3564     5.4939     94.133 -9.990e-29
       3700      1.194    18.5534   2.722589     2.6943     3.7954  4.8079291    81.8139      1.183    18.5532    19.3565     5.4942     94.137 -9.990e-29
       3701      1.194    18.5533   2.722602     2.6944     3.7771  4.8078081    81.8097      1.183    18.5531    19.3567     5.4944     94.141 -9.990e-29
       3702      1.195    18.5532   2.722612     2.6944     3.7771  4.8077033    81.8049      1.184    18.5530    19.3568     5.4944     94.140 -9.990e-29
       3703      1.195    18.5532   2.722623     2.6945     3.8138  4.8076139    81.7994      1.184    18.5530    19.3569     5.4946     94.144 -9.990e-29
       3704      1.195    18.5531   2.722633     2.6946     3.7771  4.8075394    81.7928      1.184    18.5529    19.3570     5.4948     94.147 -9.990e-29
       3705      1.196    18.5531   2.722644     2.6946     3.7771  4.8074791    81.7849      1.185    18.5529    19.3571     5.4947     94.145 -9.990e-29
       3706      1.196    18.5531   2.722656     2.6947     3.7771  4.8074327    81.7759      1.185    18.5529    19.3572     5.4948     94.148 -9.990e-29
       3707      1.197    18.5531   2.722667     2.6948     3.7771  4.8073999    81.7663      1.186    18.5529    19.3573     5.4949     94.150 -9.990e-29
       3708      1.197    18.5531   2.722678     2.6948     3.7771  4.8073804    81.7562      1.186    18.5529    19.3574     5.4948     94.147 -9.990e-29
       3709      1.197    18.5531   2.722690     2.6949     3.7771  4.8073741    81.7453      1.186    18.5529    19.3574     5.4949     94.149 -9.990e-29
       3710      1.197    18.5531   2.722700     2.6950     3.7771  4.8073809    81.7337      1.186    18.5529    19.3575     5.4950     94.151 -9.990e-29
       3711      1.198    18.5531   2.722710     2.6951     3.7771  4.8074009    81.7216      1.187    18.5529    19.3576     5.4950     94.151 -9.990e-29
       3712      1.198    18.5531   2.722719     2.6951     3.7771  4.8074342    81.7087      1.187    18.5529    19.3577     5.4948     94.148 -9.990e-29
       3713      1.199    18.5532   2.722725     2.6952     3.7771  4.8074811    81.6952      1.188    18.5530    19.3577     5.4948     94.148 -9.990e-29
       3714      1.199    18.5532   2.722729     2.6953     3.7954  4.8075419    81.6815      1.188    18.5530    19.3577     5.4948     94.148 -9.990e-29
       3715      1.200    18.5533   2.722730     2.6953     3.7771  4.8076170    81.6677      1.189    18.5531    19.3577     5.4945     94.144 -9.990e-29
       3716      1.200    18.5533   2.722727     2.6954     3.7954  4.8077070    81.6543      1.189    18.5531    19.3576     5.4945     94.143 -9.990e-29
