data/2023/2023_wed/06CTD08.cnv
* Sea-Bird SBE 9 Data File:
* FileName = C:\Users\ctd-user\Desktop\CTD_data\2023\MAR440 Sept 2023\06CTD08.hex
* Software Version Seasave V 7.26.2.13
* Temperature SN = 4493
* Conductivity SN = 1899
* Number of Bytes Per Scan = 37
* Number of Voltage Words = 4
* Number of Scans Averaged by the Deck Unit = 1
* NMEA Latitude = 58 19.15 N
* NMEA Longitude = 011 48.63 E
* NMEA UTC (Time) = Sep 06 2023 10:12:09
* NMEA baud rate = 4800
** Ship:
** Station:
** Operator:
# nquan = 14                                
# nvalues = 2155                        
# units = specified
# name 0 = scan: Scan Count
# name 1 = prDM: Pressure, Digiquartz [db]
# name 2 = t090C: Temperature [ITS-90, deg C]
# name 3 = c0S/m: Conductivity [S/m]
# name 4 = sbeox0V: Oxygen raw, SBE 43 [V]
# name 5 = flECO-AFL: Fluorescence, WET Labs ECO-AFL/FL [mg/m^3]
# name 6 = upoly0: Upoly 0, Turbidity
# name 7 = xmiss: Beam Transmission, Chelsea/Seatech [%]
# name 8 = depSM: Depth [salt water, m], lat = 58.3192
# name 9 = potemp090C: Potential Temperature [ITS-90, deg C]
# name 10 = sal00: Salinity, Practical [PSU]
# name 11 = sbeox0ML/L: Oxygen, SBE 43 [ml/l], WS = 2
# name 12 = sbeox0PS: Oxygen, SBE 43 [% saturation], WS = 2
# name 13 = flag: flag
# span 0 =          1,       2155       
# span 1 =      1.325,     26.467       
# span 2 =     7.1866,    18.4328       
# span 3 =   2.651867,   3.402846       
# span 4 =     0.8558,     2.7856       
# span 5 =     0.1324,     4.0885       
# span 6 =  4.4419425,  5.4962413       
# span 7 =    69.4748,    98.1854       
# span 8 =      1.313,     26.219       
# span 9 =     7.1843,    18.4324       
# span 10 =    18.8633,    31.9191      
# span 11 =     0.8508,     5.7436      
# span 12 =     14.007,     98.485      
# span 13 = 0.0000e+00, 0.0000e+00      
# interval = seconds: 0.0416667
# start_time = Sep 06 2023 10:12:09 [NMEA time, header]
# bad_flag = -9.990e-29
*END*
[from data line 517]
        518      1.449    18.4097   2.705782     2.7618     3.4291  5.1050875    78.3200      1.436    18.4095    19.2921     5.6682     96.810 -9.990e-29
        519      1.449    18.4097   2.705381     2.7617     3.4291  5.1043981    78.3221      1.436    18.4095    19.2889     5.6684     96.811 -9.990e-29
        520      1.449    18.4096   2.705097     2.7616     3.4291  5.1037496    78.3265      1.436    18.4094    19.2867     5.6685     96.813 -9.990e-29
        521      1.448    18.4095   2.704943     2.7616     3.4291  5.1031374    78.3330      1.435    18.4093    19.2856     5.6689     96.818 -9.990e-29
        522      1.447    18.4093   2.704893     2.7615     3.4291  5.1025573    78.3410      1.434    18.4091    19.2853     5.6691     96.820 -9.990e-29
        523      1.447    18.4092   2.704927     2.7614     3.4291  5.1020053    78.3499      1.434    18.4090    19.2856     5.6691     96.822 -9.990e-29
        524      1.446    18.4090   2.705048     2.7614     3.4291  5.1014774    78.3591      1.433    18.4088    19.2866     5.6695     96.828 -9.990e-29
        525      1.445    18.4089   2.705264     2.7613     3.4291  5.1009701    78.3681      1.432    18.4087    19.2884     5.6696     96.831 -9.990e-29
        526      1.444    18.4087   2.705551     2.7613     3.4291  5.1004798    78.3760      1.431    18.4085    19.2907     5.6699     96.837 -9.990e-29
        527      1.443    18.4085   2.705877     2.7612     3.4291  5.1000031    78.3821      1.430    18.4083    19.2934     5.6700     96.839 -9.990e-29
        528      1.442    18.4084   2.706227     2.7612     3.4291  5.0995367    78.3859      1.429    18.4082    19.2961     5.6703     96.846 -9.990e-29
        529      1.441    18.4082   2.706602     2.7611     3.4291  5.0990774    78.3876      1.428    18.4080    19.2992     5.6704     96.849 -9.990e-29
        530      1.440    18.4081   2.707012     2.7611     3.4291  5.0986218    78.3872      1.427    18.4079    19.3024     5.6707     96.855 -9.990e-29
        531      1.439    18.4079   2.707463     2.7610     3.4475  5.0981670    78.3849      1.426    18.4077    19.3061     5.6707     96.858 -9.990e-29
        532      1.438    18.4078   2.707967     2.7610     3.4475  5.0977096    78.3812      1.425    18.4076    19.3101     5.6710     96.865 -9.990e-29
        533      1.437    18.4076   2.708530     2.7610     3.4658  5.0972466    78.3763      1.424    18.4074    19.3146     5.6713     96.873 -9.990e-29
        534      1.436    18.4075   2.709152     2.7610     3.4658  5.0967747    78.3704      1.423    18.4073    19.3195     5.6716     96.881 -9.990e-29
        535      1.435    18.4074   2.709823     2.7609     3.4658  5.0962906    78.3633      1.422    18.4072    19.3248     5.6716     96.884 -9.990e-29
        536      1.434    18.4073   2.710515     2.7609     3.4658  5.0957910    78.3553      1.421    18.4071    19.3302     5.6719     96.892 -9.990e-29
        537      1.433    18.4072   2.711185     2.7609     3.4658  5.0952723    78.3463      1.420    18.4070    19.3355     5.6722     96.900 -9.990e-29
        538      1.432    18.4072   2.711805     2.7609     3.4841  5.0947311    78.3365      1.419    18.4070    19.3404     5.6726     96.908 -9.990e-29
        539      1.431    18.4071   2.712362     2.7609     3.4658  5.0941634    78.3260      1.418    18.4069    19.3448     5.6729     96.917 -9.990e-29
        540      1.429    18.4070   2.712866     2.7609     3.4658  5.0935654    78.3151      1.416    18.4068    19.3488     5.6733     96.926 -9.990e-29
        541      1.428    18.4070   2.713324     2.7609     3.4475  5.0929329    78.3044      1.415    18.4068    19.3524     5.6737     96.935 -9.990e-29
        542      1.427    18.4070   2.713747     2.7609     3.4658  5.0922615    78.2941      1.414    18.4068    19.3557     5.6742     96.944 -9.990e-29
        543      1.425    18.4069   2.714136     2.7609     3.4658  5.0915465    78.2840      1.412    18.4067    19.3588     5.6746     96.954 -9.990e-29
        544      1.424    18.4069   2.714502     2.7609     3.4658  5.0907830    78.2739      1.411    18.4067    19.3617     5.6751     96.963 -9.990e-29
        545      1.423    18.4069   2.714849     2.7610     3.4658  5.0899656    78.2638      1.410    18.4067    19.3644     5.6758     96.977 -9.990e-29
        546      1.421    18.4069   2.715185     2.7610     3.4658  5.0890886    78.2537      1.408    18.4067    19.3670     5.6763     96.987 -9.990e-29
        547      1.420    18.4069   2.715511     2.7610     3.4658  5.0881461    78.2444      1.407    18.4067    19.3696     5.6768     96.997 -9.990e-29
        548      1.418    18.4069   2.715827     2.7611     3.4658  5.0871313    78.2372      1.405    18.4067    19.3720     5.6776     97.012 -9.990e-29
        549      1.417    18.4070   2.716133     2.7612     3.4658  5.0860372    78.2333      1.404    18.4068    19.3744     5.6784     97.027 -9.990e-29
        550      1.415    18.4070   2.716423     2.7612     3.4658  5.0848563    78.2326      1.402    18.4068    19.3767     5.6789     97.037 -9.990e-29
        551      1.413    18.4070   2.716696     2.7613     3.4475  5.0835803    78.2346      1.400    18.4068    19.3788     5.6797     97.052 -9.990e-29
        552      1.412    18.4071   2.716947     2.7614     3.4658  5.0822004    78.2387      1.399    18.4069    19.3807     5.6804     97.066 -9.990e-29
        553      1.410    18.4071   2.717171     2.7615     3.4658  5.0807069    78.2447      1.397    18.4069    19.3825     5.6812     97.080 -9.990e-29
        554      1.408    18.4071   2.717372     2.7616     3.4658  5.0790894    78.2525      1.395    18.4069    19.3841     5.6820     97.094 -9.990e-29
        555      1.407    18.4072   2.717562     2.7617     3.4658  5.0773367    78.2618      1.394    18.4070    19.3855     5.6827     97.108 -9.990e-29
        556      1.405    18.4072   2.717746     2.7618     3.5573  5.0754366    78.2720      1.392    18.4070    19.3869     5.6834     97.121 -9.990e-29
        557      1.403    18.4073   2.717930     2.7620     3.6672  5.0734609    78.2823      1.390    18.4071    19.3883     5.6844     97.138 -9.990e-29
        558      1.402    18.4073   2.718116     2.7621     3.6855  5.0715656    78.2923      1.389    18.4071    19.3898     5.6851     97.150 -9.990e-29
        559      1.400    18.4074   2.718301     2.7622     3.6855  5.0698225    78.3016      1.387    18.4072    19.3912     5.6857     97.163 -9.990e-29
        560      1.398    18.4074   2.718487     2.7624     3.6855  5.0682195    78.3103      1.385    18.4072    19.3927     5.6866     97.178 -9.990e-29
        561      1.396    18.4075   2.718674     2.7626     3.6855  5.0667454    78.3189      1.383    18.4073    19.3941     5.6874     97.193 -9.990e-29
        562      1.395    18.4076   2.718856     2.7627     3.6855  5.0653901    78.3273      1.382    18.4074    19.3955     5.6879     97.203 -9.990e-29
        563      1.393    18.4076   2.719020     2.7629     3.7039  5.0641439    78.3355      1.380    18.4074    19.3967     5.6887     97.217 -9.990e-29
        564      1.391    18.4077   2.719153     2.7631     3.6855  5.0629984    78.3431      1.378    18.4075    19.3977     5.6894     97.230 -9.990e-29
        565      1.389    18.4078   2.719261     2.7633     3.6855  5.0619455    78.3504      1.376    18.4076    19.3985     5.6901     97.242 -9.990e-29
        566      1.387    18.4079   2.719358     2.7634     3.6855  5.0609778    78.3577      1.374    18.4077    19.3992     5.6904     97.249 -9.990e-29
        567      1.385    18.4080   2.719462     2.7636     3.6855  5.0600887    78.3651      1.372    18.4078    19.4000     5.6910     97.260 -9.990e-29
        568      1.384    18.4081   2.719581     2.7638     3.6855  5.0592720    78.3728      1.371    18.4079    19.4009     5.6915     97.269 -9.990e-29
        569      1.382    18.4082   2.719719     2.7640     3.6855  5.0585220    78.3808      1.369    18.4080    19.4019     5.6920     97.278 -9.990e-29
        570      1.380    18.4083   2.719873     2.7642     3.6855  5.0578335    78.3888      1.367    18.4081    19.4031     5.6924     97.286 -9.990e-29
        571      1.378    18.4083   2.720036     2.7644     3.6672  5.0572016    78.3967      1.365    18.4081    19.4044     5.6928     97.292 -9.990e-29
        572      1.376    18.4084   2.720203     2.7646     3.6855  5.0566221    78.4039      1.363    18.4082    19.4056     5.6930     97.298 -9.990e-29
        573      1.375    18.4085   2.720370     2.7649     3.6672  5.0560908    78.4103      1.362    18.4083    19.4069     5.6936     97.308 -9.990e-29
        574      1.373    18.4086   2.720535     2.7651     3.6855  5.0556040    78.4160      1.360    18.4084    19.4081     5.6937     97.312 -9.990e-29
        575      1.371    18.4087   2.720695     2.7652     3.6855  5.0551585    78.4210      1.358    18.4085    19.4094     5.6936     97.311 -9.990e-29
        576      1.369    18.4087   2.720832     2.7654     3.6855  5.0547510    78.4258      1.356    18.4085    19.4104     5.6937     97.313 -9.990e-29
        577      1.368    18.4088   2.720924     2.7656     3.6855  5.0543787    78.4303      1.355    18.4086    19.4111     5.6938     97.315 -9.990e-29
        578      1.366    18.4089   2.720948     2.7658     3.6672  5.0540391    78.4346      1.353    18.4087    19.4112     5.6938     97.315 -9.990e-29
        579      1.365    18.4089   2.720879     2.7659     3.6855  5.0537298    78.4384      1.352    18.4087    19.4107     5.6935     97.311 -9.990e-29
        580      1.363    18.4090   2.720717     2.7661     3.6855  5.0534486    78.4414      1.350    18.4088    19.4094     5.6935     97.309 -9.990e-29
        581      1.362    18.4091   2.720486     2.7662     3.6672  5.0531937    78.4436      1.349    18.4089    19.4075     5.6932     97.303 -9.990e-29
        582      1.360    18.4091   2.720210     2.7664     3.7588  5.0529631    78.4453      1.347    18.4089    19.4054     5.6931     97.300 -9.990e-29
        583      1.359    18.4092   2.719900     2.7665     3.7771  5.0527553    78.4465      1.346    18.4090    19.4029     5.6927     97.292 -9.990e-29
        584      1.357    18.4092   2.719550     2.7666     3.7954  5.0525689    78.4472      1.344    18.4090    19.4002     5.6923     97.284 -9.990e-29
        585      1.356    18.4093   2.719159     2.7667     3.7771  5.0524025    78.4472      1.343    18.4091    19.3970     5.6918     97.274 -9.990e-29
        586      1.355    18.4093   2.718746     2.7668     3.7771  5.0522551    78.4461      1.342    18.4091    19.3938     5.6914     97.265 -9.990e-29
        587      1.353    18.4094   2.718336     2.7669     3.7771  5.0521255    78.4438      1.340    18.4092    19.3905     5.6909     97.254 -9.990e-29
        588      1.352    18.4094   2.717936     2.7669     3.7954  5.0520129    78.4403      1.339    18.4092    19.3874     5.6901     97.239 -9.990e-29
        589      1.351    18.4095   2.717533     2.7670     3.7771  5.0519165    78.4360      1.338    18.4093    19.3842     5.6895     97.228 -9.990e-29
        590      1.349    18.4095   2.717083     2.7670     3.7954  5.0518356    78.4311      1.336    18.4093    19.3807     5.6887     97.212 -9.990e-29
        591      1.348    18.4096   2.716536     2.7671     3.7954  5.0517697    78.4259      1.335    18.4094    19.3764     5.6881     97.200 -9.990e-29
        592      1.347    18.4096   2.715872     2.7671     3.7771  5.0517183    78.4207      1.334    18.4094    19.3711     5.6874     97.183 -9.990e-29
        593      1.346    18.4096   2.715124     2.7671     3.7771  5.0516810    78.4157      1.333    18.4094    19.3653     5.6866     97.166 -9.990e-29
        594      1.344    18.4097   2.714342     2.7671     3.7771  5.0516577    78.4110      1.332    18.4095    19.3591     5.6858     97.149 -9.990e-29
        595      1.343    18.4097   2.713564     2.7671     3.7771  5.0516480    78.4069      1.331    18.4095    19.3530     5.6849     97.132 -9.990e-29
        596      1.342    18.4098   2.712797     2.7671     3.7771  5.0516520    78.4036      1.330    18.4096    19.3470     5.6841     97.114 -9.990e-29
        597      1.341    18.4099   2.712009     2.7671     3.7954  5.0516697    78.4010      1.329    18.4097    19.3407     5.6833     97.097 -9.990e-29
        598      1.339    18.4099   2.711166     2.7670     3.7771  5.0517012    78.3990      1.327    18.4097    19.3341     5.6823     97.076 -9.990e-29
        599      1.338    18.4100   2.710262     2.7669     3.7771  5.0517467    78.3971      1.326    18.4098    19.3270     5.6813     97.055 -9.990e-29
        600      1.337    18.4101   2.709318     2.7669     3.7771  5.0518065    78.3951      1.325    18.4099    19.3196     5.6805     97.037 -9.990e-29
        601      1.336    18.4102   2.708363     2.7668     3.7771  5.0518811    78.3930      1.324    18.4100    19.3121     5.6795     97.016 -9.990e-29
        602      1.336    18.4103   2.707414     2.7667     3.7771  5.0519710    78.3908      1.324    18.4101    19.3046     5.6785     96.995 -9.990e-29
        603      1.335    18.4105   2.706467     2.7666     3.7771  5.0520768    78.3884      1.323    18.4103    19.2971     5.6776     96.975 -9.990e-29
        604      1.334    18.4106   2.705518     2.7664     3.7771  5.0521992    78.3853      1.322    18.4104    19.2896     5.6764     96.950 -9.990e-29
        605      1.333    18.4107   2.704552     2.7663     3.7954  5.0523392    78.3811      1.321    18.4105    19.2820     5.6755     96.930 -9.990e-29
        606      1.332    18.4108   2.703559     2.7662     3.7771  5.0524976    78.3758      1.320    18.4106    19.2742     5.6746     96.911 -9.990e-29
        607      1.332    18.4109   2.702535     2.7660     3.8504  5.0526755    78.3693      1.320    18.4107    19.2661     5.6735     96.887 -9.990e-29
        608      1.331    18.4111   2.701484     2.7659     3.9236  5.0528743    78.3617      1.319    18.4109    19.2578     5.6726     96.869 -9.990e-29
        609      1.330    18.4112   2.700409     2.7657     3.9236  5.0530952    78.3532      1.318    18.4110    19.2493     5.6716     96.846 -9.990e-29
        610      1.330    18.4113   2.699311     2.7655     3.9236  5.0533399    78.3438      1.318    18.4111    19.2407     5.6706     96.824 -9.990e-29
        611      1.329    18.4115   2.698185     2.7653     3.9236  5.0536100    78.3339      1.317    18.4113    19.2318     5.6696     96.802 -9.990e-29
        612      1.329    18.4116   2.697009     2.7651     3.9236  5.0539073    78.3237      1.317    18.4114    19.2225     5.6686     96.781 -9.990e-29
        613      1.328    18.4117   2.695781     2.7649     3.9236  5.0542341    78.3130      1.316    18.4115    19.2129     5.6677     96.760 -9.990e-29
        614      1.328    18.4118   2.694564     2.7647     3.9236  5.0545925    78.3016      1.316    18.4116    19.2033     5.6668     96.739 -9.990e-29
        615      1.328    18.4119   2.693466     2.7645     3.9236  5.0549851    78.2895      1.316    18.4117    19.1946     5.6659     96.719 -9.990e-29
        616      1.327    18.4120   2.692563     2.7643     3.9420  5.0554145    78.2770      1.315    18.4118    19.1875     5.6650     96.699 -9.990e-29
        617      1.327    18.4120   2.691849     2.7640     3.9236  5.0558838    78.2644      1.315    18.4118    19.1819     5.6638     96.676 -9.990e-29
        618      1.327    18.4120   2.691270     2.7638     3.9236  5.0563962    78.2521      1.315    18.4118    19.1774     5.6628     96.657 -9.990e-29
        619      1.326    18.4121   2.690783     2.7635     3.9053  5.0569553    78.2400      1.314    18.4119    19.1736     5.6616     96.634 -9.990e-29
