data/2023/2023_wed/06CTD14.cnv
* Sea-Bird SBE 9 Data File:
* FileName = C:\Users\ctd-user\Desktop\CTD_data\2023\MAR440 Sept 2023\06CTD14.hex
* Software Version Seasave V 7.26.2.13
* Temperature SN = 4493
* Conductivity SN = 1899
* Number of Bytes Per Scan = 37
* Number of Voltage Words = 4
* Number of Scans Averaged by the Deck Unit = 1
* NMEA Latitude = 58 18.40 N
* NMEA Longitude = 011 44.36 E
* NMEA UTC (Time) = Sep 06 2023 12:11:17
* NMEA baud rate = 4800
** Ship:
** Station:
** Operator:
# nquan = 14                                
# nvalues = 2652                        
# units = specified
# name 0 = scan: Scan Count
# name 1 = prDM: Pressure, Digiquartz [db]
# name 2 = t090C: Temperature [ITS-90, deg C]
# name 3 = c0S/m: Conductivity [S/m]
# name 4 = sbeox0V: Oxygen raw, SBE 43 [V]
# name 5 = flECO-AFL: Fluorescence, WET Labs ECO-AFL/FL [mg/m^3]
# name 6 = upoly0: Upoly 0, Turbidity
# name 7 = xmiss: Beam Transmission, Chelsea/Seatech [%]
# name 8 = depSM: Depth [salt water, m], lat = 58.3067
# name 9 = potemp090C: Potential Temperature [ITS-90, deg C]
# name 10 = sal00: Salinity, Practical [PSU]
# name 11 = sbeox0ML/L: Oxygen, SBE 43 [ml/l], WS = 2
# name 12 = sbeox0PS: Oxygen, SBE 43 [% saturation], WS = 2
# name 13 = flag: flag
# span 0 =          1,       2652       
# span 1 =      1.155,     39.445       
# span 2 =     7.0410,    18.5133       
# span 3 =   2.891084,   3.401055       
# span 4 =     0.6802,     2.8832       
# span 5 =     0.0958,     4.0702       
# span 6 =  4.3205991,  7.0442277       
# span 7 =    81.5266,    99.4525       
# span 8 =      1.144,     39.075       
# span 9 =     7.0381,    18.5131       
# span 10 =    20.7080,    32.3708      
# span 11 =     0.4334,     5.9201      
# span 12 =      6.317,    102.183      
# span 13 = 0.0000e+00, 0.0000e+00      
# interval = seconds: 0.0416667
# start_time = Sep 06 2023 12:11:17 [NMEA time, header]
# bad_flag = -9.990e-29
*END*
[from data line 1446]
       1447     22.830     8.9554   3.242161     1.0038     0.1874  4.4756885    95.9784     22.617     8.9531    30.1206     1.4696     22.041 0.0000e+00
       1448     22.853     8.9326   3.241618     1.0039     0.1874  4.4766669    95.9297     22.639     8.9303    30.1343     1.4718     22.064 0.0000e+00
       1449     22.876     8.9095   3.241095     1.0041     0.1874  4.4777362    95.8852     22.662     8.9072    30.1485     1.4743     22.092 0.0000e+00
       1450     22.899     8.8861   3.240593     1.0043     0.1874  4.4789038    95.8445     22.685     8.8838    30.1632     1.4768     22.120 0.0000e+00
       1451     22.921     8.8624   3.240112     1.0045     0.1874  4.4801778    95.8068     22.707     8.8601    30.1783     1.4793     22.148 0.0000e+00
       1452     22.944     8.8386   3.239650     1.0047     0.1874  4.4815671    95.7712     22.730     8.8363    30.1938     1.4819     22.177 0.0000e+00
       1453     22.967     8.8149   3.239210     1.0049     0.1874  4.4830813    95.7369     22.752     8.8126    30.2094     1.4845     22.206 0.0000e+00
       1454     22.990     8.7914   3.238791     1.0052     0.1691  4.4847311    95.7037     22.775     8.7891    30.2251     1.4874     22.240 0.0000e+00
       1455     23.012     8.7682   3.238393     1.0054     0.1874  4.4865278    95.6709     22.797     8.7659    30.2408     1.4900     22.271 0.0000e+00
       1456     23.035     8.7453   3.238013     1.0056     0.1691  4.4883991    95.6382     22.820     8.7430    30.2564     1.4927     22.302 0.0000e+00
       1457     23.058     8.7229   3.237651     1.0059     0.1691  4.4901880    95.6052     22.842     8.7206    30.2717     1.4957     22.337 0.0000e+00
       1458     23.080     8.7007   3.237300     1.0061     0.1691  4.4918221    95.5714     22.864     8.6984    30.2871     1.4984     22.368 0.0000e+00
       1459     23.103     8.6789   3.236960     1.0064     0.1874  4.4933127    95.5365     22.887     8.6766    30.3022     1.5013     22.403 0.0000e+00
       1460     23.125     8.6574   3.236625     1.0067     0.1691  4.4946703    95.5002     22.909     8.6551    30.3171     1.5044     22.440 0.0000e+00
       1461     23.147     8.6360   3.236293     1.0069     0.1691  4.4959042    95.4625     22.931     8.6337    30.3320     1.5071     22.472 0.0000e+00
       1462     23.170     8.6149   3.235963     1.0072     0.1691  4.4970230    95.4230     22.953     8.6126    30.3467     1.5102     22.509 0.0000e+00
       1463     23.192     8.5939   3.235637     1.0075     0.1691  4.4980346    95.3819     22.975     8.5916    30.3613     1.5133     22.547 0.0000e+00
       1464     23.215     8.5730   3.235316     1.0078     0.1691  4.4989459    95.3397     22.998     8.5707    30.3759     1.5163     22.584 0.0000e+00
       1465     23.237     8.5521   3.235003     1.0082     0.1874  4.4997633    95.2969     23.020     8.5498    30.3906     1.5198     22.627 0.0000e+00
       1466     23.259     8.5313   3.234698     1.0085     0.1691  4.5004925    95.2534     23.042     8.5290    30.4053     1.5229     22.665 0.0000e+00
       1467     23.281     8.5104   3.234403     1.0088     0.1691  4.5011385    95.2091     23.063     8.5081    30.4202     1.5261     22.703 0.0000e+00
       1468     23.303     8.4895   3.234120     1.0092     0.1874  4.5017059    95.1637     23.085     8.4872    30.4353     1.5295     22.747 0.0000e+00
       1469     23.325     8.4686   3.233848     1.0095     0.1691  4.5021986    95.1172     23.107     8.4663    30.4505     1.5327     22.786 0.0000e+00
       1470     23.347     8.4478   3.233588     1.0099     0.1691  4.5026200    95.0697     23.129     8.4455    30.4657     1.5363     22.830 0.0000e+00
       1471     23.368     8.4271   3.233340     1.0102     0.1691  4.5029731    95.0214     23.150     8.4248    30.4810     1.5395     22.869 0.0000e+00
       1472     23.390     8.4065   3.233100     1.0106     0.1691  4.5032603    94.9725     23.171     8.4042    30.4963     1.5430     22.914 0.0000e+00
       1473     23.412     8.3861   3.232868     1.0110     0.1691  4.5034836    94.9228     23.193     8.3838    30.5116     1.5466     22.958 0.0000e+00
       1474     23.434     8.3658   3.232642     1.0114     0.1874  4.5036445    94.8722     23.215     8.3636    30.5268     1.5501     23.002 0.0000e+00
       1475     23.455     8.3456   3.232420     1.0118     0.1691  4.5037443    94.8208     23.236     8.3434    30.5420     1.5537     23.047 0.0000e+00
       1476     23.477     8.3256   3.232203     1.0122     0.1691  4.5037835    94.7685     23.258     8.3234    30.5570     1.5573     23.092 0.0000e+00
       1477     23.498     8.3059   3.231990     1.0127     0.1691  4.5037625    94.7157     23.278     8.3037    30.5719     1.5611     23.140 0.0000e+00
       1478     23.519     8.2864   3.231781     1.0131     0.1874  4.5036811    94.6625     23.299     8.2842    30.5867     1.5646     23.185 0.0000e+00
       1479     23.541     8.2671   3.231577     1.0136     0.1691  4.5035387    94.6093     23.321     8.2649    30.6013     1.5685     23.235 0.0000e+00
       1480     23.562     8.2480   3.231379     1.0141     0.1691  4.5033343    94.5571     23.342     8.2458    30.6158     1.5724     23.284 0.0000e+00
       1481     23.583     8.2292   3.231189     1.0146     0.1691  4.5030666    94.5065     23.363     8.2270    30.6302     1.5762     23.334 0.0000e+00
       1482     23.604     8.2107   3.231009     1.0150     0.1691  4.5027337    94.4583     23.383     8.2085    30.6445     1.5798     23.379 0.0000e+00
       1483     23.626     8.1924   3.230840     1.0155     0.1691  4.5023332    94.4130     23.405     8.1902    30.6586     1.5836     23.428 0.0000e+00
       1484     23.647     8.1744   3.230684     1.0160     0.1691  4.5018623    94.3714     23.426     8.1722    30.6727     1.5875     23.477 0.0000e+00
       1485     23.668     8.1568   3.230544     1.0165     0.1874  4.5013179    94.3343     23.447     8.1546    30.6866     1.5913     23.526 0.0000e+00
       1486     23.689     8.1395   3.230419     1.0170     0.1691  4.5006960    94.3018     23.468     8.1373    30.7004     1.5950     23.574 0.0000e+00
       1487     23.710     8.1225   3.230313     1.0176     0.1691  4.4999925    94.2738     23.488     8.1203    30.7142     1.5990     23.627 0.0000e+00
       1488     23.731     8.1059   3.230225     1.0181     0.1691  4.4992022    94.2511     23.509     8.1037    30.7278     1.6027     23.674 0.0000e+00
       1489     23.752     8.0897   3.230159     1.0187     0.1874  4.4983199    94.2336     23.530     8.0875    30.7413     1.6066     23.725 0.0000e+00
       1490     23.772     8.0738   3.230114     1.0192     0.1691  4.4973393    94.2206     23.550     8.0716    30.7547     1.6103     23.773 0.0000e+00
       1491     23.793     8.0584   3.230091     1.0198     0.1691  4.4962537    94.2106     23.571     8.0562    30.7680     1.6142     23.824 0.0000e+00
       1492     23.814     8.0433   3.230092     1.0204     0.1691  4.4950554    94.2023     23.591     8.0411    30.7813     1.6180     23.875 0.0000e+00
       1493     23.835     8.0287   3.230114     1.0210     0.1691  4.4937361    94.1944     23.612     8.0265    30.7943     1.6218     23.925 0.0000e+00
       1494     23.855     8.0146   3.230158     1.0216     0.1691  4.4922867    94.1864     23.632     8.0124    30.8072     1.6256     23.975 0.0000e+00
       1495     23.876     8.0009   3.230222     1.0222     0.1691  4.4906971    94.1782     23.653     7.9987    30.8199     1.6293     24.024 0.0000e+00
       1496     23.896     7.9877   3.230303     1.0229     0.1691  4.4889561    94.1692     23.673     7.9855    30.8324     1.6333     24.077 0.0000e+00
       1497     23.917     7.9751   3.230401     1.0235     0.1691  4.4870518    94.1590     23.693     7.9729    30.8445     1.6369     24.125 0.0000e+00
       1498     23.937     7.9629   3.230513     1.0242     0.1874  4.4849709    94.1480     23.713     7.9607    30.8564     1.6407     24.178 0.0000e+00
       1499     23.958     7.9513   3.230639     1.0248     0.1691  4.4826988    94.1359     23.734     7.9491    30.8680     1.6442     24.225 0.0000e+00
       1500     23.978     7.9401   3.230779     1.0255     0.1691  4.4802198    94.1233     23.754     7.9379    30.8793     1.6480     24.276 0.0000e+00
       1501     23.998     7.9293   3.230935     1.0261     0.1691  4.4775166    94.1115     23.774     7.9271    30.8905     1.6514     24.322 0.0000e+00
       1502     24.019     7.9190   3.231105     1.0268     0.1691  4.4745704    94.1022     23.794     7.9168    30.9014     1.6551     24.372 0.0000e+00
       1503     24.039     7.9090   3.231289     1.0275     0.1691  4.4713608    94.0950     23.814     7.9068    30.9122     1.6587     24.421 0.0000e+00
       1504     24.060     7.8993   3.231484     1.0282     0.1691  4.4678654    94.0892     23.835     7.8971    30.9228     1.6622     24.469 0.0000e+00
       1505     24.080     7.8899   3.231691     1.0289     0.1874  4.4640598    94.0844     23.855     7.8877    30.9333     1.6657     24.517 0.0000e+00
       1506     24.100     7.8807   3.231908     1.0296     0.1691  4.4600026    94.0808     23.875     7.8785    30.9438     1.6692     24.565 0.0000e+00
       1507     24.120     7.8717   3.232136     1.0303     0.1691  4.4559204    94.0797     23.894     7.8695    30.9542     1.6726     24.611 0.0000e+00
       1508     24.140     7.8630   3.232375     1.0310     0.1508  4.4520395    94.0831     23.914     7.8608    30.9644     1.6759     24.656 0.0000e+00
       1509     24.161     7.8543   3.232626     1.0317     0.1508  4.4484179    94.0928     23.935     7.8521    30.9748     1.6791     24.701 0.0000e+00
       1510     24.181     7.8458   3.232888     1.0324     0.1691  4.4450305    94.1102     23.955     7.8436    30.9851     1.6824     24.746 0.0000e+00
       1511     24.201     7.8374   3.233161     1.0331     0.1508  4.4418535    94.1361     23.975     7.8352    30.9954     1.6855     24.789 0.0000e+00
       1512     24.221     7.8290   3.233446     1.0338     0.1508  4.4388651    94.1697     23.995     7.8268    31.0059     1.6886     24.832 0.0000e+00
       1513     24.241     7.8206   3.233741     1.0345     0.1508  4.4360443    94.2086     24.014     7.8184    31.0165     1.6917     24.874 0.0000e+00
       1514     24.262     7.8121   3.234047     1.0353     0.1691  4.4333715    94.2503     24.035     7.8099    31.0273     1.6950     24.920 0.0000e+00
       1515     24.282     7.8036   3.234362     1.0360     0.1508  4.4308281    94.2930     24.055     7.8014    31.0382     1.6980     24.960 0.0000e+00
       1516     24.302     7.7950   3.234686     1.0367     0.1691  4.4283966    94.3359     24.075     7.7928    31.0493     1.7009     25.000 0.0000e+00
       1517     24.322     7.7863   3.235015     1.0375     0.1508  4.4260598    94.3788     24.095     7.7841    31.0605     1.7041     25.043 0.0000e+00
       1518     24.342     7.7774   3.235348     1.0382     0.1691  4.4238016    94.4213     24.114     7.7752    31.0720     1.7069     25.082 0.0000e+00
       1519     24.362     7.7684   3.235683     1.0390     0.1508  4.4216063    94.4620     24.134     7.7662    31.0835     1.7100     25.125 0.0000e+00
       1520     24.382     7.7592   3.236014     1.0397     0.1508  4.4194586    94.5009     24.154     7.7570    31.0953     1.7128     25.162 0.0000e+00
       1521     24.403     7.7499   3.236339     1.0405     0.1508  4.4173435    94.5398     24.175     7.7477    31.1070     1.7159     25.204 0.0000e+00
       1522     24.423     7.7403   3.236655     1.0413     0.1691  4.4152464    94.5802     24.195     7.7381    31.1189     1.7190     25.246 0.0000e+00
       1523     24.443     7.7307   3.236961     1.0420     0.1508  4.4131527    94.6224     24.214     7.7285    31.1307     1.7217     25.282 0.0000e+00
       1524     24.463     7.7210   3.237254     1.0428     0.1508  4.4110477    94.6666     24.234     7.7187    31.1425     1.7247     25.322 0.0000e+00
       1525     24.483     7.7112   3.237536     1.0436     0.1691  4.4089169    94.7128     24.254     7.7089    31.1543     1.7276     25.362 0.0000e+00
       1526     24.503     7.7013   3.237801     1.0443     0.1508  4.4067454    94.7607     24.274     7.6990    31.1660     1.7302     25.396 0.0000e+00
       1527     24.524     7.6916   3.238053     1.0451     0.1508  4.4045181    94.8101     24.295     7.6893    31.1773     1.7331     25.434 0.0000e+00
       1528     24.544     7.6820   3.238289     1.0458     0.1508  4.4022195    94.8609     24.314     7.6797    31.1884     1.7356     25.468 0.0000e+00
       1529     24.564     7.6725   3.238510     1.0466     0.1508  4.3998337    94.9138     24.334     7.6702    31.1993     1.7384     25.505 0.0000e+00
       1530     24.584     7.6633   3.238715     1.0473     0.1508  4.3973440    94.9700     24.354     7.6610    31.2097     1.7408     25.537 0.0000e+00
       1531     24.604     7.6543   3.238904     1.0481     0.1508  4.3947331    95.0301     24.374     7.6520    31.2198     1.7435     25.573 0.0000e+00
       1532     24.624     7.6455   3.239078     1.0488     0.1324  4.3920678    95.0928     24.394     7.6432    31.2295     1.7458     25.604 0.0000e+00
       1533     24.644     7.6370   3.239237     1.0496     0.1691  4.3894994    95.1564     24.414     7.6347    31.2388     1.7485     25.638 0.0000e+00
       1534     24.665     7.6287   3.239383     1.0504     0.1508  4.3870951    95.2198     24.434     7.6264    31.2478     1.7510     25.673 0.0000e+00
       1535     24.685     7.6207   3.239515     1.0511     0.1508  4.3848380    95.2823     24.454     7.6184    31.2564     1.7532     25.702 0.0000e+00
       1536     24.705     7.6129   3.239635     1.0519     0.1508  4.3827125    95.3436     24.474     7.6106    31.2647     1.7557     25.735 0.0000e+00
       1537     24.725     7.6053   3.239742     1.0526     0.1691  4.3807037    95.4032     24.494     7.6030    31.2727     1.7578     25.763 0.0000e+00
       1538     24.745     7.5978   3.239842     1.0534     0.1691  4.3787978    95.4605     24.514     7.5955    31.2805     1.7602     25.794 0.0000e+00
       1539     24.766     7.5905   3.239936     1.0541     0.1691  4.3769815    95.5154     24.534     7.5882    31.2881     1.7622     25.821 0.0000e+00
       1540     24.786     7.5833   3.240029     1.0549     0.1508  4.3752420    95.5689     24.554     7.5810    31.2955     1.7645     25.852 0.0000e+00
       1541     24.806     7.5762   3.240124     1.0556     0.1691  4.3735674    95.6225     24.574     7.5739    31.3029     1.7665     25.878 0.0000e+00
       1542     24.827     7.5691   3.240220     1.0564     0.1508  4.3719460    95.6776     24.595     7.5668    31.3103     1.7687     25.908 0.0000e+00
       1543     24.847     7.5621   3.240323     1.0571     0.1324  4.3703664    95.7358     24.615     7.5598    31.3177     1.7706     25.932 0.0000e+00
       1544     24.867     7.5552   3.240433     1.0579     0.1508  4.3688177    95.7979     24.634     7.5529    31.3251     1.7728     25.962 0.0000e+00
       1545     24.888     7.5483   3.240552     1.0587     0.1508  4.3672892    95.8633     24.655     7.5460    31.3326     1.7749     25.990 0.0000e+00
       1546     24.908     7.5414   3.240679     1.0594     0.1508  4.3657702    95.9306     24.675     7.5391    31.3402     1.7767     26.014 0.0000e+00
       1547     24.928     7.5346   3.240816     1.0601     0.1508  4.3642501    95.9985     24.695     7.5323    31.3478     1.7786     26.038 0.0000e+00
       1548     24.949     7.5279   3.240961     1.0609     0.1508  4.3627183    96.0660     24.716     7.5256    31.3554     1.7806     26.065 0.0000e+00
