data/2023/2023_wed/06CTD03.cnv
* Sea-Bird SBE 9 Data File:
* FileName = C:\Users\ctd-user\Desktop\CTD_data\2023\MAR440 Sept 2023\06CTD03.hex
* Software Version Seasave V 7.26.2.13
* Temperature SN = 4493
* Conductivity SN = 1899
* Number of Bytes Per Scan = 37
* Number of Voltage Words = 4
* Number of Scans Averaged by the Deck Unit = 1
* NMEA Latitude = 58 20.09 N
* NMEA Longitude = 011 52.84 E
* NMEA UTC (Time) = Sep 06 2023 08:51:53
* NMEA baud rate = 4800
** Ship:
** Station:
** Operator:
# nquan = 14                                
# nvalues = 2887                        
# units = specified
# name 0 = scan: Scan Count
# name 1 = prDM: Pressure, Digiquartz [db]
# name 2 = t090C: Temperature [ITS-90, deg C]
# name 3 = c0S/m: Conductivity [S/m]
# name 4 = sbeox0V: Oxygen raw, SBE 43 [V]
# name 5 = flECO-AFL: Fluorescence, WET Labs ECO-AFL/FL [mg/m^3]
# name 6 = upoly0: Upoly 0, Turbidity
# name 7 = xmiss: Beam Transmission, Chelsea/Seatech [%]
# name 8 = depSM: Depth [salt water, m], lat = 58.3348
# name 9 = potemp090C: Potential Temperature [ITS-90, deg C]
# name 10 = sal00: Salinity, Practical [PSU]
# name 11 = sbeox0ML/L: Oxygen, SBE 43 [ml/l], WS = 2
# name 12 = sbeox0PS: Oxygen, SBE 43 [% saturation], WS = 2
# name 13 = flag: flag
# span 0 =          1,       2887       
# span 1 =     -0.145,     44.307       
# span 2 =     7.7527,    18.4823       
# span 3 =   0.031036,   3.376725       
# span 4 =     0.5522,     2.8549       
# span 5 =    -0.1606,     6.0848       
# span 6 =  4.2515393,  9.8430119       
# span 7 =    65.4904,    99.0469       
# span 8 =     -0.144,     43.890       
# span 9 =     7.7509,    18.4822       
# span 10 =     0.1792,    31.9105      
# span 11 =     0.1332,     6.8932      
# span 12 =      2.000,    100.950      
# span 13 = 0.0000e+00, 0.0000e+00      
# interval = seconds: 0.0416667
# start_time = Sep 06 2023 08:51:53 [NMEA time, header]
# bad_flag = -9.990e-29
*END*
[from data line 2788]
       2789     43.281     8.4970   3.376241     0.5523     1.4694  4.4084648    95.1241     42.874     8.4927    31.9053     0.1363      2.047 0.0000e+00
       2790     43.292     8.4970   3.376240     0.5523     1.4511  4.4081383    95.1085     42.885     8.4927    31.9053     0.1364      2.048 0.0000e+00
       2791     43.303     8.4969   3.376239     0.5523     1.4694  4.4077656    95.0914     42.896     8.4926    31.9053     0.1364      2.048 0.0000e+00
       2792     43.314     8.4969   3.376237 -9.990e-29     1.4511  4.4073443    95.0734     42.907     8.4926    31.9053 -9.990e-29 -9.990e-29 0.0000e+00
       2793     43.326     8.4968   3.376236 -9.990e-29     1.4694  4.4068714    95.0562     42.919     8.4925    31.9054 -9.990e-29 -9.990e-29 0.0000e+00
       2794     43.337     8.4968   3.376235 -9.990e-29     1.4694  4.4063435    95.0415     42.930     8.4925    31.9054 -9.990e-29 -9.990e-29 0.0000e+00
       2795     43.348     8.4967   3.376234 -9.990e-29     1.4511  4.4057571    95.0298     42.941     8.4924    31.9054 -9.990e-29 -9.990e-29 0.0000e+00
       2796     43.360     8.4967   3.376233 -9.990e-29     1.4511  4.4051080    95.0208     42.952     8.4924    31.9054 -9.990e-29 -9.990e-29 0.0000e+00
       2797     43.371     8.4966   3.376232 -9.990e-29     1.4511  4.4043917    95.0142     42.963     8.4923    31.9055 -9.990e-29 -9.990e-29 0.0000e+00
       2798     43.382     8.4966   3.376231 -9.990e-29     1.4694  4.4036033    95.0101     42.974     8.4923    31.9055 -9.990e-29 -9.990e-29 0.0000e+00
       2799     43.394     8.4965   3.376230 -9.990e-29     1.4511  4.4027372    95.0080     42.986     8.4922    31.9056 -9.990e-29 -9.990e-29 0.0000e+00
       2800     43.405     8.4965   3.376230 -9.990e-29     1.4511  4.4017875    95.0073     42.997     8.4922    31.9056 -9.990e-29 -9.990e-29 0.0000e+00
       2801     43.417     8.4964   3.376228 -9.990e-29     1.4511  4.4007475    95.0070     43.009     8.4921    31.9056 -9.990e-29 -9.990e-29 0.0000e+00
       2802     43.428     8.4963   3.376228 -9.990e-29     1.4694  4.3996100    95.0064     43.020     8.4920    31.9057 -9.990e-29 -9.990e-29 0.0000e+00
       2803     43.440     8.4963   3.376227 -9.990e-29     1.4511  4.3983671    95.0048     43.032     8.4920    31.9057 -9.990e-29 -9.990e-29 0.0000e+00
       2804     43.451     8.4962   3.376227 -9.990e-29     1.4511  4.3970101    95.0019     43.043     8.4919    31.9058 -9.990e-29 -9.990e-29 0.0000e+00
       2805     43.463     8.4961   3.376226 -9.990e-29     1.4694  4.3955296    94.9976     43.055     8.4918    31.9059 -9.990e-29 -9.990e-29 0.0000e+00
       2806     43.475     8.4961   3.376226 -9.990e-29     1.4511  4.3939152    94.9919     43.066     8.4918    31.9059 -9.990e-29 -9.990e-29 0.0000e+00
       2807     43.487     8.4960   3.376225 -9.990e-29     1.4328  4.3922408    94.9861     43.078     8.4917    31.9059 -9.990e-29 -9.990e-29 0.0000e+00
       2808     43.498     8.4959   3.376224 -9.990e-29     1.4328  4.3906645    94.9820     43.089     8.4916    31.9060 -9.990e-29 -9.990e-29 0.0000e+00
       2809     43.510     8.4958   3.376223 -9.990e-29     1.4145  4.3892604    94.9807     43.101     8.4915    31.9061 -9.990e-29 -9.990e-29 0.0000e+00
       2810     43.522     8.4958   3.376223 -9.990e-29     1.4328  4.3880185    94.9822     43.113     8.4915    31.9061 -9.990e-29 -9.990e-29 0.0000e+00
       2811     43.534     8.4957   3.376222 -9.990e-29     1.4328  4.3869304    94.9864     43.125     8.4914    31.9061 -9.990e-29 -9.990e-29 0.0000e+00
       2812     43.546     8.4956   3.376221 -9.990e-29     1.4511  4.3859884    94.9930     43.137     8.4913    31.9062 -9.990e-29 -9.990e-29 0.0000e+00
       2813     43.558     8.4955   3.376220 -9.990e-29     1.4511  4.3851860    95.0010     43.149     8.4912    31.9063 -9.990e-29 -9.990e-29 0.0000e+00
       2814     43.570     8.4954   3.376220 -9.990e-29     1.4328  4.3845175    95.0095     43.160     8.4911    31.9064 -9.990e-29 -9.990e-29 0.0000e+00
       2815     43.582     8.4953   3.376218 -9.990e-29     1.4511  4.3839784    95.0178     43.172     8.4910    31.9064 -9.990e-29 -9.990e-29 0.0000e+00
       2816     43.594     8.4952   3.376218 -9.990e-29     1.4328  4.3835649    95.0257     43.184     8.4909    31.9065 -9.990e-29 -9.990e-29 0.0000e+00
       2817     43.606     8.4951   3.376217 -9.990e-29     1.4511  4.3832742    95.0332     43.196     8.4908    31.9066 -9.990e-29 -9.990e-29 0.0000e+00
       2818     43.618     8.4950   3.376217 -9.990e-29     1.4328  4.3831041    95.0400     43.208     8.4907    31.9067 -9.990e-29 -9.990e-29 0.0000e+00
       2819     43.630     8.4949   3.376216 -9.990e-29     1.4328  4.3830535    95.0460     43.220     8.4906    31.9068 -9.990e-29 -9.990e-29 0.0000e+00
       2820     43.642     8.4948   3.376215 -9.990e-29     1.4328  4.3831221    95.0512     43.232     8.4905    31.9068 -9.990e-29 -9.990e-29 0.0000e+00
       2821     43.655     8.4947   3.376214 -9.990e-29     1.3962  4.3833103    95.0555     43.245     8.4904    31.9069 -9.990e-29 -9.990e-29 0.0000e+00
       2822     43.667     8.4946   3.376214 -9.990e-29     1.4328  4.3836195    95.0589     43.257     8.4903    31.9070 -9.990e-29 -9.990e-29 0.0000e+00
       2823     43.679     8.4945   3.376214 -9.990e-29     1.4511  4.3840518    95.0617     43.268     8.4902    31.9071 -9.990e-29 -9.990e-29 0.0000e+00
       2824     43.691     8.4944   3.376214 -9.990e-29     1.4328  4.3846101    95.0643     43.280     8.4901    31.9072 -9.990e-29 -9.990e-29 0.0000e+00
       2825     43.703     8.4943   3.376213 -9.990e-29     1.4511  4.3852985    95.0677     43.292     8.4900    31.9072 -9.990e-29 -9.990e-29 0.0000e+00
       2826     43.716     8.4941   3.376212 -9.990e-29     1.4328  4.3861216    95.0719     43.305     8.4898    31.9074 -9.990e-29 -9.990e-29 0.0000e+00
       2827     43.728     8.4940   3.376212 -9.990e-29     1.4328  4.3870853    95.0769     43.317     8.4897    31.9075 -9.990e-29 -9.990e-29 0.0000e+00
       2828     43.740     8.4939   3.376211 -9.990e-29     1.4328  4.3881961    95.0826     43.329     8.4896    31.9076 -9.990e-29 -9.990e-29 0.0000e+00
       2829     43.753     8.4937   3.376211 -9.990e-29     1.4328  4.3894619    95.0888     43.342     8.4894    31.9077 -9.990e-29 -9.990e-29 0.0000e+00
       2830     43.765     8.4936   3.376211 -9.990e-29     1.4694  4.3908914    95.0952     43.354     8.4893    31.9078 -9.990e-29 -9.990e-29 0.0000e+00
       2831     43.777     8.4934   3.376209 -9.990e-29     1.4328  4.3924946    95.1012     43.366     8.4891    31.9080 -9.990e-29 -9.990e-29 0.0000e+00
       2832     43.789     8.4933   3.376209 -9.990e-29     1.4328  4.3941977    95.1063     43.377     8.4890    31.9081 -9.990e-29 -9.990e-29 0.0000e+00
       2833     43.801     8.4931   3.376207 -9.990e-29     1.4328  4.3958427    95.1105     43.389     8.4888    31.9082 -9.990e-29 -9.990e-29 0.0000e+00
       2834     43.814     8.4929   3.376206 -9.990e-29     1.4328  4.3973560    95.1136     43.402     8.4886    31.9084 -9.990e-29 -9.990e-29 0.0000e+00
       2835     43.826     8.4927   3.376204 -9.990e-29     1.4328  4.3987483    95.1157     43.414     8.4884    31.9085 -9.990e-29 -9.990e-29 0.0000e+00
       2836     43.838     8.4926   3.376202 -9.990e-29     1.4511  4.4000291    95.1165     43.426     8.4883    31.9086 -9.990e-29 -9.990e-29 0.0000e+00
       2837     43.850     8.4924   3.376199 -9.990e-29     1.4328  4.4012074    95.1163     43.438     8.4880    31.9087 -9.990e-29 -9.990e-29 0.0000e+00
       2838     43.862     8.4922   3.376197 -9.990e-29     1.4328  4.4022914    95.1150     43.450     8.4878    31.9089 -9.990e-29 -9.990e-29 0.0000e+00
       2839     43.874     8.4920   3.376194 -9.990e-29     1.4328  4.4032887    95.1128     43.462     8.4876    31.9090 -9.990e-29 -9.990e-29 0.0000e+00
       2840     43.887     8.4918   3.376191 -9.990e-29     1.4511  4.4042061    95.1096     43.474     8.4874    31.9092 -9.990e-29 -9.990e-29 0.0000e+00
       2841     43.899     8.4916   3.376187 -9.990e-29     1.4328  4.4050500    95.1054     43.486     8.4872    31.9093 -9.990e-29 -9.990e-29 0.0000e+00
       2842     43.911     8.4914   3.376184 -9.990e-29     1.4145  4.4058264    95.1006     43.498     8.4870    31.9095 -9.990e-29 -9.990e-29 0.0000e+00
       2843     43.923     8.4913   3.376179 -9.990e-29     1.4328  4.4065406    95.0952     43.510     8.4869    31.9095 -9.990e-29 -9.990e-29 0.0000e+00
       2844     43.935     8.4911   3.376175 -9.990e-29     1.4511  4.4071976    95.0892     43.522     8.4867    31.9096 -9.990e-29 -9.990e-29 0.0000e+00
       2845     43.947     8.4909   3.376170 -9.990e-29     1.4511  4.4078020    95.0832     43.534     8.4865    31.9098 -9.990e-29 -9.990e-29 0.0000e+00
       2846     43.959     8.4907   3.376165 -9.990e-29     1.4328  4.4083579    95.0777     43.546     8.4863    31.9099 -9.990e-29 -9.990e-29 0.0000e+00
       2847     43.971     8.4906   3.376160 -9.990e-29     1.4328  4.4088693    95.0734     43.558     8.4862    31.9099 -9.990e-29 -9.990e-29 0.0000e+00
       2848     43.983     8.4904   3.376153 -9.990e-29     1.4328  4.4093396    95.0702     43.570     8.4860    31.9100 -9.990e-29 -9.990e-29 0.0000e+00
       2849     43.994     8.4902   3.376148 -9.990e-29     1.4511  4.4097723    95.0677     43.580     8.4858    31.9101 -9.990e-29 -9.990e-29 0.0000e+00
       2850     44.006     8.4901   3.376141 -9.990e-29     1.4328  4.4101702    95.0658     43.592     8.4857    31.9101 -9.990e-29 -9.990e-29 0.0000e+00
       2851     44.018     8.4900   3.376134 -9.990e-29     1.4511  4.4105361    95.0640     43.604     8.4856    31.9102 -9.990e-29 -9.990e-29 0.0000e+00
       2852     44.029     8.4898   3.376127 -9.990e-29     1.4511  4.4108726    95.0621     43.615     8.4854    31.9103 -9.990e-29 -9.990e-29 0.0000e+00
       2853     44.041     8.4897   3.376121 -9.990e-29     1.4328  4.4111820    95.0599     43.627     8.4853    31.9103 -9.990e-29 -9.990e-29 0.0000e+00
       2854     44.052     8.4896   3.376115 -9.990e-29     1.4328  4.4114666    95.0571     43.638     8.4852    31.9103 -9.990e-29 -9.990e-29 0.0000e+00
       2855     44.063     8.4895   3.376107 -9.990e-29     1.4328  4.4117282    95.0538     43.649     8.4851    31.9103 -9.990e-29 -9.990e-29 0.0000e+00
       2856     44.074     8.4893   3.376101 -9.990e-29     1.4511  4.4119686    95.0499     43.660     8.4849    31.9104 -9.990e-29 -9.990e-29 0.0000e+00
       2857     44.085     8.4892   3.376095 -9.990e-29     1.4511  4.4121896    95.0453     43.671     8.4848    31.9104 -9.990e-29 -9.990e-29 0.0000e+00
       2858     44.096     8.4892   3.376089 -9.990e-29     1.4511  4.4123927    95.0398     43.681     8.4848    31.9104 -9.990e-29 -9.990e-29 0.0000e+00
       2859     44.107     8.4891   3.376083 -9.990e-29     1.4511  4.4125793    95.0332     43.692     8.4847    31.9104 -9.990e-29 -9.990e-29 0.0000e+00
       2860     44.118     8.4890   3.376078 -9.990e-29     1.4511  4.4127507    95.0261     43.703     8.4846    31.9104 -9.990e-29 -9.990e-29 0.0000e+00
       2861     44.129     8.4889   3.376072 -9.990e-29     1.4511  4.4129081    95.0193     43.714     8.4845    31.9105 -9.990e-29 -9.990e-29 0.0000e+00
       2862     44.139     8.4888   3.376066 -9.990e-29     1.4694  4.4130526    95.0138     43.724     8.4844    31.9105 -9.990e-29 -9.990e-29 0.0000e+00
       2863     44.149     8.4888   3.376062 -9.990e-29     1.4511  4.4131852    95.0099     43.734     8.4844    31.9104 -9.990e-29 -9.990e-29 0.0000e+00
       2864     44.159     8.4887   3.376056 -9.990e-29     1.4511  4.4133068    95.0073     43.744     8.4843    31.9105 -9.990e-29 -9.990e-29 0.0000e+00
       2865     44.169     8.4887   3.376053 -9.990e-29     1.4511  4.4134183    95.0056     43.754     8.4843    31.9104 -9.990e-29 -9.990e-29 0.0000e+00
       2866     44.179     8.4886   3.376049 -9.990e-29     1.4511  4.4135204    95.0041     43.764     8.4842    31.9105 -9.990e-29 -9.990e-29 0.0000e+00
       2867     44.189     8.4886   3.376044 -9.990e-29     1.4511  4.4136138    95.0027     43.774     8.4842    31.9104 -9.990e-29 -9.990e-29 0.0000e+00
       2868     44.198     8.4885   3.376041 -9.990e-29     1.4694  4.4136992    95.0012     43.783     8.4841    31.9105 -9.990e-29 -9.990e-29 0.0000e+00
       2869     44.208     8.4885   3.376037 -9.990e-29     1.4694  4.4137773    94.9997     43.792     8.4841    31.9104 -9.990e-29 -9.990e-29 -9.990e-29
       2870     44.216     8.4885   3.376034 -9.990e-29     1.4694  4.4138484    94.9981     43.800     8.4841    31.9104 -9.990e-29 -9.990e-29 -9.990e-29
       2871     44.225     8.4884   3.376031 -9.990e-29     1.4511  4.4139132    94.9966     43.809     8.4840    31.9104 -9.990e-29 -9.990e-29 0.0000e+00
       2872     44.234     8.4884   3.376028 -9.990e-29     1.4511  4.4139721    94.9953     43.818     8.4840    31.9104 -9.990e-29 -9.990e-29 -9.990e-29
       2873     44.242     8.4884   3.376026 -9.990e-29     1.4511  4.4140254    94.9943     43.826     8.4840    31.9104 -9.990e-29 -9.990e-29 -9.990e-29
       2874     44.250     8.4884   3.376025 -9.990e-29     1.4511  4.4140736    94.9934     43.834     8.4840    31.9104 -9.990e-29 -9.990e-29 -9.990e-29
       2875     44.257     8.4884   3.376023 -9.990e-29     1.4511  4.4141171    94.9924     43.841     8.4840    31.9103 -9.990e-29 -9.990e-29 -9.990e-29
       2876     44.264 -9.990e-29   3.376064 -9.990e-29     1.4694  4.4141560    94.9911     43.848 -9.990e-29 -9.990e-29 -9.990e-29 -9.990e-29 -9.990e-29
       2877     44.271 -9.990e-29   3.376063 -9.990e-29     1.4511  4.4141906    94.9895     43.855 -9.990e-29 -9.990e-29 -9.990e-29 -9.990e-29 -9.990e-29
       2878     44.277 -9.990e-29   3.376061 -9.990e-29     1.4511  4.4142213    94.9871     43.861 -9.990e-29 -9.990e-29 -9.990e-29 -9.990e-29 -9.990e-29
       2879     44.283 -9.990e-29   3.376061 -9.990e-29     1.4694  4.4142482    94.9839     43.867 -9.990e-29 -9.990e-29 -9.990e-29 -9.990e-29 -9.990e-29
       2880     44.288 -9.990e-29   3.376060 -9.990e-29     1.4694  4.4142716    94.9798     43.872 -9.990e-29 -9.990e-29 -9.990e-29 -9.990e-29 -9.990e-29
       2881     44.293 -9.990e-29   3.376059 -9.990e-29     1.4694  4.4142915    94.9750     43.877 -9.990e-29 -9.990e-29 -9.990e-29 -9.990e-29 -9.990e-29
       2882     44.297 -9.990e-29   3.376058 -9.990e-29     1.4511  4.4143081    94.9696     43.881 -9.990e-29 -9.990e-29 -9.990e-29 -9.990e-29 -9.990e-29
       2883     44.301 -9.990e-29   3.376057 -9.990e-29     1.4694  4.4143215    94.9639     43.885 -9.990e-29 -9.990e-29 -9.990e-29 -9.990e-29 -9.990e-29
       2884     44.304 -9.990e-29   3.376057 -9.990e-29     1.4694  4.4143318    94.9584     43.888 -9.990e-29 -9.990e-29 -9.990e-29 -9.990e-29 -9.990e-29
       2885     44.305 -9.990e-29   3.376056 -9.990e-29     1.4877  4.4143392    94.9541     43.889 -9.990e-29 -9.990e-29 -9.990e-29 -9.990e-29 -9.990e-29
       2886     44.307 -9.990e-29   3.376056 -9.990e-29     1.4694  4.4143435    94.9515     43.890 -9.990e-29 -9.990e-29 -9.990e-29 -9.990e-29 -9.990e-29
       2887     44.307 -9.990e-29   3.376056 -9.990e-29     1.4877  4.4143450    94.9506     43.890 -9.990e-29 -9.990e-29 -9.990e-29 -9.990e-29 -9.990e-29
