data/2023/2023_wed/06CTD11.cnv
* Sea-Bird SBE 9 Data File:
* FileName = C:\Users\ctd-user\Desktop\CTD_data\2023\MAR440 Sept 2023\06CTD11.hex
* Software Version Seasave V 7.26.2.13
* Temperature SN = 4493
* Conductivity SN = 1899
* Number of Bytes Per Scan = 37
* Number of Voltage Words = 4
* Number of Scans Averaged by the Deck Unit = 1
* NMEA Latitude = 58 18.78 N
* NMEA Longitude = 011 46.39 E
* NMEA UTC (Time) = Sep 06 2023 10:52:51
* NMEA baud rate = 4800
** Ship:
** Station:
** Operator:
# nquan = 14                                
# nvalues = 2545                        
# units = specified
# name 0 = scan: Scan Count
# name 1 = prDM: Pressure, Digiquartz [db]
# name 2 = t090C: Temperature [ITS-90, deg C]
# name 3 = c0S/m: Conductivity [S/m]
# name 4 = sbeox0V: Oxygen raw, SBE 43 [V]
# name 5 = flECO-AFL: Fluorescence, WET Labs ECO-AFL/FL [mg/m^3]
# name 6 = upoly0: Upoly 0, Turbidity
# name 7 = xmiss: Beam Transmission, Chelsea/Seatech [%]
# name 8 = depSM: Depth [salt water, m], lat = 58.313
# name 9 = potemp090C: Potential Temperature [ITS-90, deg C]
# name 10 = sal00: Salinity, Practical [PSU]
# name 11 = sbeox0ML/L: Oxygen, SBE 43 [ml/l], WS = 2
# name 12 = sbeox0PS: Oxygen, SBE 43 [% saturation], WS = 2
# name 13 = flag: flag
# span 0 =          1,       2545       
# span 1 =     -0.117,     12.808       
# span 2 =    16.8637,    18.4469       
# span 3 =   0.018641,   3.246600       
# span 4 =     1.2737,     2.9730       
# span 5 =    -0.1789,     3.7588       
# span 6 =  4.0949808,  8.8986082       
# span 7 =    77.7081,    97.3816       
# span 8 =     -0.116,     12.689       
# span 9 =    16.8618,    18.4467       
# span 10 =     0.1052,    24.4762      
# span 11 =     1.8900,     7.1133      
# span 12 =     32.320,    107.722      
# span 13 = 0.0000e+00, 0.0000e+00      
# interval = seconds: 0.0416667
# start_time = Sep 06 2023 10:52:51 [NMEA time, header]
# bad_flag = -9.990e-29
*END*
[from data line 930]
        931      1.205    18.4078   2.791033     2.7203     3.6123  5.1776382    78.9580      1.194    18.4076    19.9619     5.3389     91.549 -9.990e-29
        932      1.208    18.4079   2.791487     2.7180     3.6123  5.1693999    78.9163      1.197    18.4077    19.9654     5.3455     91.663 -9.990e-29
        933      1.210    18.4081   2.791900     2.7158     3.5940  5.1616547    78.8705      1.199    18.4079    19.9686     5.3523     91.783 -9.990e-29
        934      1.212    18.4082   2.792270     2.7137     3.5940  5.1543486    78.8206      1.201    18.4080    19.9714     5.3595     91.907 -9.990e-29
        935      1.214    18.4084   2.792601     2.7119     3.5940  5.1474309    78.7666      1.203    18.4082    19.9739     5.3673     92.044 -9.990e-29
        936      1.216    18.4085   2.792897     2.7101     3.5940  5.1408534    78.7086      1.205    18.4083    19.9762     5.3752     92.180 -9.990e-29
        937      1.217    18.4087   2.793159     2.7086     3.5940  5.1345703    78.6471      1.206    18.4085    19.9782     5.3838     92.328 -9.990e-29
        938      1.218    18.4088   2.793391     2.7072     3.6123  5.1285380    78.5847      1.207    18.4086    19.9800     5.3925     92.479 -9.990e-29
        939      1.219    18.4089   2.793592     2.7060     3.5940  5.1227145    78.5240      1.208    18.4087    19.9815     5.4016     92.637 -9.990e-29
        940      1.219    18.4090   2.793767     2.7049     3.5757  5.1170593    78.4654      1.208    18.4088    19.9828     5.4109     92.797 -9.990e-29
        941      1.220    18.4091   2.793915     2.7040     3.5940  5.1115330    78.4074      1.209    18.4089    19.9839     5.4205     92.962 -9.990e-29
        942      1.220    18.4092   2.794039     2.7034     3.5757  5.1061821    78.3481      1.209    18.4090    19.9849     5.4307     93.138 -9.990e-29
        943      1.220    18.4093   2.794141     2.7028     3.5573  5.1011393    78.2852      1.209    18.4091    19.9856     5.4407     93.309 -9.990e-29
        944      1.220    18.4093   2.794224     2.7025     3.5573  5.0964544    78.2180      1.209    18.4091    19.9863     5.4511     93.489 -9.990e-29
        945      1.220    18.4094   2.794291     2.7023     3.5757  5.0920949    78.1479      1.209    18.4092    19.9867     5.4616     93.669 -9.990e-29
        946      1.219    18.4095   2.794346     2.7022     3.5940  5.0880305    78.0826      1.208    18.4093    19.9871     5.4721     93.849 -9.990e-29
        947      1.219    18.4095   2.794389     2.7023     3.5757  5.0842327    78.0348      1.208    18.4093    19.9875     5.4827     94.032 -9.990e-29
        948      1.218    18.4096   2.794423     2.7025     3.5573  5.0806754    78.0122      1.207    18.4094    19.9877     5.4933     94.214 -9.990e-29
        949      1.217    18.4097   2.794449     2.7028     3.5573  5.0773336    78.0135      1.206    18.4095    19.9878     5.5038     94.395 -9.990e-29
        950      1.216    18.4097   2.794469     2.7032     3.5207  5.0741841    78.0331      1.205    18.4095    19.9880     5.5143     94.574 -9.990e-29
        951      1.215    18.4098   2.794485     2.7038     3.5757  5.0712051    78.0662      1.204    18.4096    19.9881     5.5248     94.755 -9.990e-29
        952      1.214    18.4099   2.794500     2.7044     3.5573  5.0683757    78.1106      1.203    18.4097    19.9881     5.5350     94.929 -9.990e-29
        953      1.212    18.4099   2.794513     2.7051     3.5757  5.0656764    78.1645      1.201    18.4097    19.9882     5.5450     95.102 -9.990e-29
        954      1.211    18.4100   2.794528     2.7059     3.5207  5.0630884    78.2250      1.200    18.4098    19.9883     5.5549     95.271 -9.990e-29
        955      1.209    18.4101   2.794546     2.7067     3.5573  5.0605935    78.2888      1.198    18.4099    19.9884     5.5643     95.433 -9.990e-29
        956      1.208    18.4101   2.794567     2.7077     3.5573  5.0581746    78.3537      1.197    18.4099    19.9886     5.5738     95.596 -9.990e-29
        957      1.206    18.4102   2.794596     2.7086     3.5757  5.0558147    78.4185      1.195    18.4100    19.9888     5.5826     95.747 -9.990e-29
        958      1.204    18.4102   2.794630     2.7097     3.5757  5.0534975    78.4823      1.193    18.4100    19.9890     5.5914     95.899 -9.990e-29
        959      1.203    18.4103   2.794673     2.7108     3.5573  5.0512068    78.5441      1.192    18.4101    19.9893     5.5998     96.043 -9.990e-29
        960      1.201    18.4103   2.794724     2.7119     3.5757  5.0489266    78.6029      1.190    18.4101    19.9897     5.6078     96.179 -9.990e-29
        961      1.199    18.4104   2.794785     2.7131     3.5573  5.0466412    78.6579      1.188    18.4102    19.9901     5.6155     96.312 -9.990e-29
        962      1.197    18.4105   2.794857     2.7143     3.5940  5.0443347    78.7089      1.186    18.4103    19.9907     5.6228     96.438 -9.990e-29
        963      1.195    18.4106   2.794938     2.7156     3.5573  5.0419909    78.7560      1.184    18.4104    19.9913     5.6299     96.561 -9.990e-29
        964      1.194    18.4106   2.795031     2.7169     3.5573  5.0395935    78.7990      1.183    18.4104    19.9920     5.6367     96.677 -9.990e-29
        965      1.192    18.4107   2.795135     2.7182     3.5573  5.0371260    78.8377      1.181    18.4105    19.9928     5.6430     96.786 -9.990e-29
        966      1.190    18.4108   2.795250     2.7195     3.5940  5.0345711    78.8722      1.179    18.4106    19.9936     5.6489     96.888 -9.990e-29
        967      1.188    18.4109   2.795373     2.7208     3.5573  5.0319960    78.9028      1.177    18.4107    19.9945     5.6545     96.985 -9.990e-29
        968      1.186    18.4111   2.795505     2.7221     3.5940  5.0295527    78.9296      1.175    18.4109    19.9955     5.6597     97.075 -9.990e-29
        969      1.184    18.4112   2.795642     2.7234     3.5573  5.0273091    78.9528      1.173    18.4110    19.9965     5.6646     97.159 -9.990e-29
        970      1.182    18.4113   2.795784     2.7247     3.5757  5.0252496    78.9729      1.171    18.4111    19.9976     5.6692     97.239 -9.990e-29
        971      1.180    18.4114   2.795930     2.7260     3.5573  5.0233598    78.9904      1.169    18.4112    19.9987     5.6735     97.314 -9.990e-29
        972      1.178    18.4116   2.796080     2.7273     3.5390  5.0216267    79.0058      1.167    18.4114    19.9998     5.6775     97.384 -9.990e-29
        973      1.176    18.4117   2.796231     2.7286     3.5757  5.0200381    79.0195      1.165    18.4115    20.0009     5.6813     97.451 -9.990e-29
        974      1.174    18.4118   2.796383     2.7299     3.5573  5.0185831    79.0322      1.163    18.4116    20.0020     5.6849     97.513 -9.990e-29
        975      1.172    18.4120   2.796534     2.7312     3.5757  5.0172515    79.0447      1.161    18.4118    20.0031     5.6882     97.571 -9.990e-29
        976      1.170    18.4121   2.796682     2.7325     3.5940  5.0160340    79.0574      1.159    18.4119    20.0042     5.6914     97.626 -9.990e-29
        977      1.168    18.4123   2.796826     2.7338     3.5757  5.0149221    79.0700      1.157    18.4121    20.0053     5.6944     97.678 -9.990e-29
        978      1.166    18.4124   2.796964     2.7350     3.5573  5.0139082    79.0823      1.155    18.4122    20.0063     5.6969     97.722 -9.990e-29
        979      1.165    18.4126   2.797098     2.7363     3.5757  5.0129852    79.0939      1.154    18.4124    20.0073     5.6996     97.768 -9.990e-29
        980      1.163    18.4128   2.797226     2.7375     3.5757  5.0121466    79.1044      1.152    18.4126    20.0082     5.7018     97.808 -9.990e-29
        981      1.161    18.4130   2.797348     2.7388     3.5757  5.0113866    79.1137      1.150    18.4128    20.0090     5.7042     97.849 -9.990e-29
        982      1.159    18.4131   2.797463     2.7400     3.5757  5.0107000    79.1220      1.148    18.4129    20.0099     5.7061     97.884 -9.990e-29
        983      1.157    18.4133   2.797571     2.7412     3.5573  5.0100819    79.1293      1.146    18.4131    20.0107     5.7080     97.917 -9.990e-29
        984      1.155    18.4135   2.797673     2.7424     3.5757  5.0095281    79.1357      1.144    18.4133    20.0114     5.7098     97.948 -9.990e-29
        985      1.153    18.4137   2.797766     2.7436     3.5573  5.0090347    79.1407      1.142    18.4135    20.0120     5.7115     97.978 -9.990e-29
        986      1.151    18.4140   2.797852     2.7447     3.5757  5.0085982    79.1444      1.140    18.4138    20.0125     5.7129     98.003 -9.990e-29
        987      1.149    18.4142   2.797927     2.7459     3.5573  5.0082157    79.1471      1.138    18.4140    20.0130     5.7145     98.030 -9.990e-29
        988      1.147    18.4144   2.797993     2.7470     3.5573  5.0078845    79.1498      1.136    18.4142    20.0134     5.7157     98.053 -9.990e-29
        989      1.145    18.4146   2.798048     2.7481     3.5573  5.0076022    79.1529      1.134    18.4144    20.0138     5.7170     98.075 -9.990e-29
        990      1.143    18.4149   2.798095     2.7491     3.5207  5.0073670    79.1567      1.132    18.4147    20.0140     5.7180     98.093 -9.990e-29
        991      1.141    18.4151   2.798130     2.7502     3.5573  5.0071771    79.1607      1.130    18.4149    20.0142     5.7192     98.113 -9.990e-29
        992      1.139    18.4154   2.798157     2.7512     3.5940  5.0070313    79.1646      1.128    18.4152    20.0143     5.7201     98.130 -9.990e-29
        993      1.137    18.4156   2.798174     2.7522     3.5573  5.0069285    79.1682      1.126    18.4154    20.0143     5.7210     98.146 -9.990e-29
        994      1.136    18.4159   2.798179     2.7532     3.4841  5.0068680    79.1714      1.125    18.4157    20.0142     5.7219     98.161 -9.990e-29
        995      1.134    18.4161   2.798175     2.7542     3.5390  5.0068495    79.1746      1.123    18.4159    20.0141     5.7227     98.176 -9.990e-29
        996      1.132    18.4164   2.798160     2.7552     3.5390  5.0068727    79.1782      1.121    18.4162    20.0138     5.7236     98.191 -9.990e-29
        997      1.130    18.4167   2.798131     2.7561     3.5573  5.0069378    79.1830      1.119    18.4165    20.0134     5.7241     98.202 -9.990e-29
        998      1.129    18.4170   2.798090     2.7570     3.5573  5.0070453    79.1891      1.119    18.4168    20.0130     5.7247     98.212 -9.990e-29
        999      1.127    18.4174   2.798035     2.7579     3.5573  5.0071959    79.1963      1.117    18.4172    20.0123     5.7253     98.223 -9.990e-29
       1000      1.125    18.4177   2.797966     2.7588     3.5390  5.0073908    79.2040      1.115    18.4175    20.0116     5.7259     98.233 -9.990e-29
       1001      1.124    18.4180   2.797883     2.7596     3.5390  5.0076311    79.2114      1.114    18.4178    20.0108     5.7263     98.240 -9.990e-29
       1002      1.122    18.4184   2.797785     2.7604     3.5024  5.0079187    79.2181      1.112    18.4182    20.0099     5.7267     98.247 -9.990e-29
       1003      1.120    18.4187   2.797671     2.7612     3.5573  5.0082555    79.2237      1.110    18.4185    20.0088     5.7272     98.255 -9.990e-29
       1004      1.119    18.4190   2.797542     2.7620     3.5390  5.0086438    79.2281      1.109    18.4188    20.0077     5.7276     98.262 -9.990e-29
       1005      1.117    18.4192   2.797398     2.7628     3.5390  5.0090864    79.2307      1.107    18.4190    20.0065     5.7281     98.270 -9.990e-29
       1006      1.116    18.4194   2.797237     2.7635     3.5390  5.0095864    79.2316      1.106    18.4192    20.0051     5.7283     98.274 -9.990e-29
       1007      1.114    18.4196   2.797060     2.7643     3.5390  5.0101471    79.2315      1.104    18.4194    20.0036     5.7289     98.283 -9.990e-29
       1008      1.112    18.4198   2.796868     2.7650     3.5390  5.0107725    79.2309      1.102    18.4196    20.0020     5.7292     98.288 -9.990e-29
       1009      1.111    18.4199   2.796662     2.7657     3.5390  5.0114670    79.2295      1.101    18.4197    20.0003     5.7296     98.293 -9.990e-29
       1010      1.110    18.4200   2.796441     2.7664     3.5573  5.0122354    79.2268      1.100    18.4198    19.9985     5.7300     98.299 -9.990e-29
       1011      1.108    18.4201   2.796202     2.7671     3.5390  5.0130831    79.2223      1.098    18.4199    19.9966     5.7304     98.305 -9.990e-29
       1012      1.107    18.4202   2.795946     2.7678     3.5390  5.0140158    79.2158      1.097    18.4200    19.9946     5.7309     98.312 -9.990e-29
       1013      1.105    18.4202   2.795679     2.7685     3.5390  5.0150402    79.2069      1.095    18.4200    19.9925     5.7314     98.320 -9.990e-29
       1014      1.104    18.4203   2.795417     2.7691     3.5024  5.0161634    79.1962      1.094    18.4201    19.9904     5.7316     98.323 -9.990e-29
       1015      1.103    18.4203   2.795173     2.7697     3.5390  5.0173931    79.1869      1.093    18.4201    19.9884     5.7319     98.327 -9.990e-29
       1016      1.101    18.4203   2.794959     2.7704     3.5573  5.0187379    79.1833      1.091    18.4201    19.9868     5.7325     98.336 -9.990e-29
       1017      1.100    18.4202   2.794779     2.7710     3.5573  5.0202072    79.1865      1.090    18.4200    19.9854     5.7328     98.341 -9.990e-29
       1018      1.099    18.4202   2.794631     2.7716     3.5573  5.0218112    79.1949      1.089    18.4200    19.9842     5.7331     98.345 -9.990e-29
       1019      1.098    18.4201   2.794514     2.7721     3.5390  5.0234761    79.2060      1.088    18.4199    19.9834     5.7332     98.347 -9.990e-29
       1020      1.097    18.4200   2.794423     2.7727     3.5757  5.0250437    79.2186      1.087    18.4198    19.9827     5.7336     98.352 -9.990e-29
       1021      1.097    18.4199   2.794356     2.7733     3.5390  5.0264398    79.2317      1.087    18.4197    19.9822     5.7340     98.359 -9.990e-29
       1022      1.096    18.4198   2.794307     2.7738     3.5390  5.0276742    79.2451      1.086    18.4196    19.9819     5.7342     98.361 -9.990e-29
       1023      1.095    18.4196   2.794272     2.7744     3.5390  5.0287554    79.2586      1.085    18.4194    19.9817     5.7346     98.368 -9.990e-29
       1024      1.094    18.4195   2.794254     2.7749     3.5573  5.0296911    79.2733      1.084    18.4193    19.9816     5.7347     98.370 -9.990e-29
       1025      1.094    18.4194   2.794254     2.7755     3.5573  5.0304877    79.2906      1.084    18.4192    19.9816     5.7352     98.377 -9.990e-29
       1026      1.093    18.4193   2.794283     2.7760     3.5390  5.0311508    79.3119      1.083    18.4191    19.9819     5.7353     98.380 -9.990e-29
       1027      1.093    18.4192   2.794344     2.7765     3.5573  5.0316849    79.3368      1.083    18.4190    19.9824     5.7355     98.382 -9.990e-29
       1028      1.092    18.4190   2.794440     2.7770     3.5390  5.0320938    79.3641      1.082    18.4188    19.9833     5.7356     98.385 -9.990e-29
       1029      1.092    18.4189   2.794576     2.7775     3.5390  5.0323803    79.3924      1.082    18.4187    19.9844     5.7358     98.388 -9.990e-29
       1030      1.091    18.4188   2.794750     2.7779     3.5390  5.0325465    79.4206      1.081    18.4186    19.9858     5.7356     98.387 -9.990e-29
       1031      1.091    18.4186   2.794964     2.7784     3.5573  5.0325934    79.4483      1.081    18.4184    19.9876     5.7358     98.389 -9.990e-29
       1032      1.091    18.4185   2.795211     2.7789     3.5757  5.0325214    79.4746      1.081    18.4183    19.9896     5.7359     98.392 -9.990e-29
