data/2023/2023_wed/06CTD15.cnv
* Sea-Bird SBE 9 Data File:
* FileName = C:\Users\ctd-user\Desktop\CTD_data\2023\MAR440 Sept 2023\06CTD15.hex
* Software Version Seasave V 7.26.2.13
* Temperature SN = 4493
* Conductivity SN = 1899
* Number of Bytes Per Scan = 37
* Number of Voltage Words = 4
* Number of Scans Averaged by the Deck Unit = 1
* NMEA Latitude = 58 17.98 N
* NMEA Longitude = 011 45.76 E
* NMEA UTC (Time) = Sep 06 2023 12:33:38
* NMEA baud rate = 4800
** Ship:
** Station:
** Operator:
# nquan = 14                                
# nvalues = 1228                        
# units = specified
# name 0 = scan: Scan Count
# name 1 = prDM: Pressure, Digiquartz [db]
# name 2 = t090C: Temperature [ITS-90, deg C]
# name 3 = c0S/m: Conductivity [S/m]
# name 4 = sbeox0V: Oxygen raw, SBE 43 [V]
# name 5 = flECO-AFL: Fluorescence, WET Labs ECO-AFL/FL [mg/m^3]
# name 6 = upoly0: Upoly 0, Turbidity
# name 7 = xmiss: Beam Transmission, Chelsea/Seatech [%]
# name 8 = depSM: Depth [salt water, m], lat = 58.2997
# name 9 = potemp090C: Potential Temperature [ITS-90, deg C]
# name 10 = sal00: Salinity, Practical [PSU]
# name 11 = sbeox0ML/L: Oxygen, SBE 43 [ml/l], WS = 2
# name 12 = sbeox0PS: Oxygen, SBE 43 [% saturation], WS = 2
# name 13 = flag: flag
# span 0 =          1,       1228       
# span 1 =      1.117,     20.462       
# span 2 =    12.0776,    18.4986       
# span 3 =   2.913577,   3.410172       
# span 4 =     0.9265,     2.7964       
# span 5 =     0.1508,     4.3266       
# span 6 =  4.4283859,  4.9413275       
# span 7 =    80.5705,    96.1161       
# span 8 =      1.107,     20.271       
# span 9 =    12.0751,    18.4983       
# span 10 =    20.8829,    28.6206      
# span 11 =     1.0676,     5.7283      
# span 12 =     17.730,     98.966      
# span 13 = 0.0000e+00, 0.0000e+00      
# interval = seconds: 0.0416667
# start_time = Sep 06 2023 12:33:38 [NMEA time, header]
# bad_flag = -9.990e-29
*END*
[from data line 207]
        208      1.165    18.4980   2.921887     2.7898     3.3925  4.8107947    80.8716      1.154    18.4978    20.9480     5.6690     97.955 -9.990e-29
        209      1.167    18.4979   2.921778     2.7896     3.3742  4.8103649    80.9031      1.156    18.4977    20.9472     5.6687     97.949 -9.990e-29
        210      1.168    18.4978   2.921664     2.7895     3.3742  4.8099690    80.9343      1.157    18.4976    20.9463     5.6688     97.949 -9.990e-29
        211      1.170    18.4977   2.921548     2.7894     3.3742  4.8096043    80.9650      1.159    18.4975    20.9455     5.6688     97.950 -9.990e-29
        212      1.171    18.4976   2.921434     2.7892     3.3925  4.8092683    80.9954      1.160    18.4974    20.9446     5.6687     97.946 -9.990e-29
        213      1.173    18.4974   2.921319     2.7891     3.3742  4.8089586    81.0252      1.162    18.4972    20.9438     5.6688     97.948 -9.990e-29
        214      1.174    18.4973   2.921205     2.7890     3.3742  4.8086730    81.0541      1.163    18.4971    20.9430     5.6690     97.951 -9.990e-29
        215      1.176    18.4971   2.921098     2.7889     3.3742  4.8084097    81.0823      1.165    18.4969    20.9422     5.6693     97.954 -9.990e-29
        216      1.177    18.4969   2.921000     2.7888     3.3742  4.8081667    81.1105      1.166    18.4967    20.9416     5.6695     97.958 -9.990e-29
        217      1.179    18.4967   2.920917     2.7887     3.3742  4.8079423    81.1393      1.168    18.4965    20.9410     5.6698     97.963 -9.990e-29
        218      1.180    18.4965   2.920853     2.7886     3.4108  4.8077350    81.1685      1.169    18.4963    20.9406     5.6702     97.968 -9.990e-29
        219      1.182    18.4963   2.920810     2.7885     3.4291  4.8075434    81.1979      1.171    18.4961    20.9404     5.6706     97.974 -9.990e-29
        220      1.183    18.4961   2.920793     2.7884     3.4108  4.8073662    81.2271      1.172    18.4959    20.9403     5.6710     97.981 -9.990e-29
        221      1.185    18.4958   2.920804     2.7884     3.4108  4.8072020    81.2554      1.174    18.4956    20.9406     5.6717     97.993 -9.990e-29
        222      1.186    18.4956   2.920844     2.7883     3.4108  4.8070497    81.2824      1.175    18.4954    20.9410     5.6722     98.001 -9.990e-29
        223      1.187    18.4953   2.920912     2.7883     3.4108  4.8069083    81.3080      1.176    18.4951    20.9417     5.6729     98.013 -9.990e-29
        224      1.189    18.4949   2.921012     2.7882     3.4108  4.8067769    81.3332      1.178    18.4947    20.9427     5.6734     98.022 -9.990e-29
        225      1.190    18.4946   2.921142     2.7882     3.4108  4.8066544    81.3602      1.179    18.4944    20.9438     5.6742     98.035 -9.990e-29
        226      1.192    18.4942   2.921297     2.7881     3.4108  4.8065401    81.3908      1.181    18.4940    20.9453     5.6747     98.045 -9.990e-29
        227      1.193    18.4938   2.921470     2.7881     3.4108  4.8064331    81.4260      1.182    18.4936    20.9468     5.6756     98.060 -9.990e-29
        228      1.195    18.4934   2.921650     2.7881     3.4108  4.8063327    81.4652      1.184    18.4932    20.9485     5.6764     98.075 -9.990e-29
        229      1.196    18.4930   2.921824     2.7881     3.4108  4.8062382    81.5076      1.185    18.4928    20.9500     5.6773     98.090 -9.990e-29
        230      1.198    18.4925   2.921984     2.7881     3.4108  4.8061490    81.5521      1.187    18.4923    20.9515     5.6782     98.105 -9.990e-29
        231      1.199    18.4920   2.922125     2.7881     3.4108  4.8060643    81.5979      1.188    18.4918    20.9529     5.6791     98.120 -9.990e-29
        232      1.201    18.4914   2.922243     2.7881     3.4108  4.8059837    81.6444      1.190    18.4912    20.9541     5.6800     98.135 -9.990e-29
        233      1.202    18.4909   2.922336     2.7881     3.4108  4.8059066    81.6916      1.191    18.4907    20.9551     5.6809     98.151 -9.990e-29
        234      1.204    18.4903   2.922399     2.7882     3.4108  4.8058324    81.7396      1.193    18.4901    20.9559     5.6821     98.170 -9.990e-29
        235      1.205    18.4897   2.922435     2.7882     3.4108  4.8057606    81.7886      1.194    18.4895    20.9565     5.6830     98.186 -9.990e-29
        236      1.206    18.4891   2.922447     2.7883     3.4108  4.8056908    81.8386      1.195    18.4889    20.9569     5.6842     98.205 -9.990e-29
        237      1.208    18.4885   2.922449     2.7884     3.4108  4.8056224    81.8895      1.197    18.4883    20.9572     5.6853     98.225 -9.990e-29
        238      1.209    18.4879   2.922453     2.7885     3.4108  4.8055549    81.9406      1.198    18.4877    20.9576     5.6865     98.243 -9.990e-29
        239      1.210    18.4874   2.922475     2.7886     3.4108  4.8054879    81.9914      1.199    18.4872    20.9580     5.6876     98.262 -9.990e-29
        240      1.211    18.4868   2.922523     2.7887     3.4108  4.8054210    82.0413      1.200    18.4866    20.9587     5.6888     98.281 -9.990e-29
        241      1.213    18.4862   2.922606     2.7889     3.4108  4.8053536    82.0904      1.202    18.4860    20.9596     5.6901     98.303 -9.990e-29
        242      1.214    18.4857   2.922730     2.7890     3.4108  4.8052853    82.1391      1.203    18.4855    20.9609     5.6911     98.321 -9.990e-29
        243      1.215    18.4852   2.922899     2.7892     3.4291  4.8052156    82.1880      1.204    18.4850    20.9625     5.6924     98.343 -9.990e-29
        244      1.216    18.4847   2.923109     2.7894     3.4841  4.8051440    82.2374      1.205    18.4845    20.9644     5.6936     98.364 -9.990e-29
        245      1.217    18.4843   2.923352     2.7896     3.4841  4.8050701    82.2874      1.206    18.4841    20.9665     5.6947     98.384 -9.990e-29
        246      1.218    18.4839   2.923618     2.7898     3.5207  4.8049933    82.3375      1.207    18.4837    20.9688     5.6959     98.404 -9.990e-29
        247      1.219    18.4836   2.923891     2.7900     3.4841  4.8049130    82.3870      1.208    18.4834    20.9711     5.6969     98.423 -9.990e-29
        248      1.220    18.4833   2.924159     2.7902     3.5024  4.8048288    82.4350      1.209    18.4831    20.9734     5.6980     98.442 -9.990e-29
        249      1.221    18.4830   2.924408     2.7904     3.4841  4.8047401    82.4807      1.210    18.4828    20.9755     5.6989     98.460 -9.990e-29
        250      1.222    18.4826   2.924624     2.7907     3.4841  4.8046461    82.5237      1.211    18.4824    20.9774     5.7001     98.481 -9.990e-29
        251      1.222    18.4824   2.924803     2.7909     3.5024  4.8045463    82.5635      1.211    18.4822    20.9789     5.7010     98.497 -9.990e-29
        252      1.223    18.4821   2.924933     2.7912     3.4841  4.8044400    82.5999      1.212    18.4819    20.9801     5.7021     98.516 -9.990e-29
        253      1.224    18.4818   2.925013     2.7914     3.4841  4.8043264    82.6328      1.213    18.4816    20.9809     5.7029     98.529 -9.990e-29
        254      1.225    18.4816   2.925042     2.7916     3.5024  4.8042048    82.6622      1.214    18.4814    20.9812     5.7037     98.542 -9.990e-29
        255      1.225    18.4813   2.925023     2.7919     3.4841  4.8040742    82.6884      1.214    18.4811    20.9812     5.7046     98.557 -9.990e-29
        256      1.226    18.4811   2.924959     2.7921     3.4841  4.8039339    82.7119      1.215    18.4809    20.9808     5.7052     98.567 -9.990e-29
        257      1.227    18.4809   2.924857     2.7924     3.4841  4.8037827    82.7330      1.216    18.4807    20.9801     5.7059     98.579 -9.990e-29
        258      1.227    18.4807   2.924719     2.7926     3.4841  4.8036197    82.7525      1.216    18.4805    20.9791     5.7064     98.586 -9.990e-29
        259      1.228    18.4805   2.924554     2.7929     3.4841  4.8034438    82.7709      1.217    18.4803    20.9779     5.7070     98.596 -9.990e-29
        260      1.229    18.4803   2.924369     2.7931     3.4841  4.8032536    82.7885      1.218    18.4801    20.9765     5.7073     98.600 -9.990e-29
        261      1.229    18.4801   2.924173     2.7934     3.5024  4.8030479    82.8054      1.218    18.4799    20.9751     5.7077     98.606 -9.990e-29
        262      1.230    18.4799   2.923977     2.7936     3.4841  4.8028253    82.8217      1.219    18.4797    20.9736     5.7078     98.606 -9.990e-29
        263      1.230    18.4797   2.923786     2.7939     3.4841  4.8025842    82.8376      1.219    18.4795    20.9722     5.7081     98.610 -9.990e-29
        264      1.230    18.4795   2.923605     2.7941     3.4841  4.8023228    82.8531      1.219    18.4793    20.9709     5.7080     98.607 -9.990e-29
        265      1.231    18.4794   2.923434     2.7943     3.4841  4.8020395    82.8685      1.220    18.4792    20.9696     5.7078     98.602 -9.990e-29
        266      1.231    18.4793   2.923271     2.7946     3.4841  4.8017323    82.8843      1.220    18.4791    20.9684     5.7077     98.599 -9.990e-29
        267      1.231    18.4792   2.923115     2.7948     3.4841  4.8013989    82.9014      1.220    18.4790    20.9672     5.7072     98.591 -9.990e-29
        268      1.232    18.4791   2.922963     2.7950     3.4658  4.8010371    82.9203      1.221    18.4789    20.9660     5.7067     98.581 -9.990e-29
        269      1.232    18.4790   2.922811     2.7952     3.2094  4.8006443    82.9411      1.221    18.4788    20.9649     5.7060     98.568 -9.990e-29
        270      1.232    18.4790   2.922652     2.7954     3.0445  4.8002179    82.9634      1.221    18.4788    20.9636     5.7052     98.554 -9.990e-29
        271      1.232    18.4790   2.922483     2.7956     3.0445  4.7997549    82.9868      1.221    18.4788    20.9623     5.7044     98.538 -9.990e-29
        272      1.232    18.4791   2.922300     2.7958     3.0445  4.7992520    83.0105      1.221    18.4789    20.9608     5.7033     98.520 -9.990e-29
        273      1.233    18.4791   2.922098     2.7959     3.0445  4.7987057    83.0341      1.222    18.4789    20.9592     5.7020     98.495 -9.990e-29
        274      1.233    18.4792   2.921880     2.7961     3.0445  4.7981123    83.0573      1.222    18.4790    20.9574     5.7007     98.473 -9.990e-29
        275      1.233    18.4792   2.921649     2.7962     3.0445  4.7974676    83.0800      1.222    18.4790    20.9556     5.6991     98.444 -9.990e-29
        276      1.233    18.4792   2.921411     2.7963     3.0445  4.7967671    83.1028      1.222    18.4790    20.9537     5.6974     98.413 -9.990e-29
        277      1.233    18.4793   2.921172     2.7964     3.0445  4.7960060    83.1262      1.222    18.4791    20.9518     5.6956     98.380 -9.990e-29
        278      1.233    18.4793   2.920935     2.7964     3.0812  4.7951789    83.1504      1.222    18.4791    20.9499     5.6933     98.341 -9.990e-29
        279      1.233    18.4794   2.920701     2.7964     3.0445  4.7942801    83.1758      1.222    18.4792    20.9480     5.6910     98.300 -9.990e-29
        280      1.233    18.4794   2.920474     2.7964     3.0445  4.7933034    83.2023      1.222    18.4792    20.9462     5.6886     98.257 -9.990e-29
        281      1.233    18.4794   2.920252     2.7964     3.0445  4.7922420    83.2298      1.222    18.4792    20.9445     5.6860     98.211 -9.990e-29
        282      1.233    18.4794   2.920036     2.7964     3.0445  4.7910884    83.2579      1.222    18.4792    20.9428     5.6834     98.164 -9.990e-29
        283      1.233    18.4794   2.919825     2.7963     3.0445  4.7898347    83.2867      1.222    18.4792    20.9411     5.6803     98.111 -9.990e-29
        284      1.233    18.4795   2.919620     2.7962     3.0628  4.7884721    83.3158      1.222    18.4793    20.9395     5.6772     98.057 -9.990e-29
        285      1.232    18.4795   2.919421     2.7960     3.0445  4.7869912    83.3448      1.221    18.4793    20.9379     5.6738     97.996 -9.990e-29
        286      1.232    18.4795   2.919229     2.7958     3.0628  4.7853816    83.3729      1.221    18.4793    20.9364     5.6702     97.934 -9.990e-29
        287      1.232    18.4795   2.919041     2.7956     3.0445  4.7836321    83.3999      1.221    18.4793    20.9349     5.6666     97.870 -9.990e-29
        288      1.232    18.4796   2.918859     2.7954     3.0445  4.7817307    83.4253      1.221    18.4794    20.9334     5.6629     97.805 -9.990e-29
        289      1.231    18.4797   2.918679     2.7950     3.0445  4.7796640    83.4487      1.220    18.4795    20.9319     5.6585     97.730 -9.990e-29
        290      1.231    18.4798   2.918498     2.7947     3.0445  4.7774177    83.4701      1.220    18.4796    20.9304     5.6544     97.658 -9.990e-29
        291      1.231    18.4799   2.918317     2.7943     3.0445  4.7749761    83.4896      1.220    18.4797    20.9290     5.6500     97.582 -9.990e-29
        292      1.230    18.4801   2.918133     2.7939     3.0445  4.7723223    83.5072      1.219    18.4799    20.9274     5.6456     97.504 -9.990e-29
        293      1.230    18.4802   2.917947     2.7934     3.0445  4.7694378    83.5229      1.219    18.4800    20.9259     5.6408     97.422 -9.990e-29
        294      1.229    18.4804   2.917763     2.7928     3.0079  4.7663875    83.5363      1.218    18.4802    20.9243     5.6358     97.335 -9.990e-29
        295      1.229    18.4806   2.917580     2.7923     2.9163  4.7633200    83.5475      1.218    18.4804    20.9228     5.6311     97.252 -9.990e-29
        296      1.228    18.4808   2.917403     2.7917     2.8980  4.7603839    83.5563      1.217    18.4806    20.9213     5.6260     97.164 -9.990e-29
        297      1.228    18.4810   2.917234     2.7910     2.8980  4.7577286    83.5621      1.217    18.4808    20.9199     5.6207     97.073 -9.990e-29
        298      1.227    18.4812   2.917075     2.7903     2.9163  4.7554206    83.5649      1.216    18.4810    20.9185     5.6155     96.981 -9.990e-29
        299      1.227    18.4813   2.916927     2.7895     2.9163  4.7534439    83.5649      1.216    18.4811    20.9173     5.6100     96.887 -9.990e-29
        300      1.226    18.4815   2.916794     2.7887     2.9163  4.7517846    83.5627      1.215    18.4813    20.9161     5.6046     96.793 -9.990e-29
        301      1.226    18.4817   2.916676     2.7878     2.9163  4.7504313    83.5591      1.215    18.4815    20.9151     5.5990     96.695 -9.990e-29
        302      1.226    18.4819   2.916575     2.7869     2.8980  4.7493746    83.5542      1.215    18.4817    20.9142     5.5934     96.600 -9.990e-29
        303      1.225    18.4821   2.916490     2.7860     2.8797  4.7486070    83.5482      1.214    18.4819    20.9134     5.5880     96.505 -9.990e-29
        304      1.225    18.4823   2.916423     2.7850     2.8980  4.7481233    83.5414      1.214    18.4821    20.9128     5.5823     96.407 -9.990e-29
        305      1.225    18.4825   2.916370     2.7840     2.8980  4.7479200    83.5345      1.214    18.4823    20.9123     5.5767     96.311 -9.990e-29
        306      1.225    18.4827   2.916333     2.7829     2.8980  4.7479958    83.5277      1.214    18.4825    20.9119     5.5711     96.213 -9.990e-29
        307      1.225    18.4829   2.916311     2.7818     2.8980  4.7483512    83.5211      1.214    18.4827    20.9116     5.5655     96.117 -9.990e-29
        308      1.225    18.4832   2.916302     2.7807     2.8797  4.7489886    83.5149      1.214    18.4830    20.9114     5.5601     96.024 -9.990e-29
        309      1.225    18.4834   2.916307     2.7795     2.9163  4.7499126    83.5091      1.214    18.4832    20.9113     5.5545     95.928 -9.990e-29
