data/2023/2023_wed/06CTD09.cnv
* Sea-Bird SBE 9 Data File:
* FileName = C:\Users\ctd-user\Desktop\CTD_data\2023\MAR440 Sept 2023\06CTD09.hex
* Software Version Seasave V 7.26.2.13
* Temperature SN = 4493
* Conductivity SN = 1899
* Number of Bytes Per Scan = 37
* Number of Voltage Words = 4
* Number of Scans Averaged by the Deck Unit = 1
* NMEA Latitude = 58 19.17 N
* NMEA Longitude = 011 48.40 E
* NMEA UTC (Time) = Sep 06 2023 10:23:56
* NMEA baud rate = 4800
** Ship:
** Station:
** Operator:
# nquan = 14                                
# nvalues = 4555                        
# units = specified
# name 0 = scan: Scan Count
# name 1 = prDM: Pressure, Digiquartz [db]
# name 2 = t090C: Temperature [ITS-90, deg C]
# name 3 = c0S/m: Conductivity [S/m]
# name 4 = sbeox0V: Oxygen raw, SBE 43 [V]
# name 5 = flECO-AFL: Fluorescence, WET Labs ECO-AFL/FL [mg/m^3]
# name 6 = upoly0: Upoly 0, Turbidity
# name 7 = xmiss: Beam Transmission, Chelsea/Seatech [%]
# name 8 = depSM: Depth [salt water, m], lat = 58.3195
# name 9 = potemp090C: Potential Temperature [ITS-90, deg C]
# name 10 = sal00: Salinity, Practical [PSU]
# name 11 = sbeox0ML/L: Oxygen, SBE 43 [ml/l], WS = 2
# name 12 = sbeox0PS: Oxygen, SBE 43 [% saturation], WS = 2
# name 13 = flag: flag
# span 0 =          1,       4555       
# span 1 =     -0.092,     31.210       
# span 2 =     7.0632,    18.3846       
# span 3 =   0.044846,   3.432849       
# span 4 =     0.9293,     2.8678       
# span 5 =    -0.1606,     4.2899       
# span 6 =  4.0967647,  8.5978219       
# span 7 =    65.6230,    99.7863       
# span 8 =     -0.091,     30.918       
# span 9 =     7.0605,    18.3836       
# span 10 =     0.2586,    32.1742      
# span 11 =     1.0831,     6.7806      
# span 12 =     17.837,    101.710      
# span 13 = 0.0000e+00, 0.0000e+00      
# interval = seconds: 0.0416667
# start_time = Sep 06 2023 10:23:56 [NMEA time, header]
# bad_flag = -9.990e-29
*END*
[from data line 4130]
       4131     28.272     7.1154   3.266941     0.9545     0.1874  4.8252692    96.7675     28.007     7.1129    32.0117     1.4851     21.628 0.0000e+00
       4132     28.283     7.1145   3.267012     0.9553     0.1874  4.8233813    96.7702     28.018     7.1120    32.0133     1.4885     21.676 0.0000e+00
       4133     28.293     7.1137   3.267084     0.9561     0.1691  4.8212781    96.7757     28.028     7.1112    32.0148     1.4917     21.723 0.0000e+00
       4134     28.304     7.1128   3.267158     0.9569     0.1691  4.8190300    96.7838     28.039     7.1103    32.0164     1.4948     21.768 0.0000e+00
       4135     28.314     7.1119   3.267231     0.9577     0.1691  4.8167911    96.7937     28.049     7.1094    32.0181     1.4978     21.811 0.0000e+00
       4136     28.324     7.1110   3.267307     0.9585     0.1691  4.8146310    96.8048     28.059     7.1085    32.0197     1.5007     21.853 0.0000e+00
       4137     28.335     7.1102   3.267382     0.9593     0.1508  4.8125344    96.8173     28.070     7.1077    32.0213     1.5035     21.893 0.0000e+00
       4138     28.345     7.1093   3.267458     0.9601     0.1691  4.8104869    96.8317     28.080     7.1068    32.0229     1.5061     21.932 0.0000e+00
       4139     28.356     7.1084   3.267535     0.9609     0.1691  4.8084742    96.8480     28.091     7.1059    32.0246     1.5087     21.969 0.0000e+00
       4140     28.366     7.1075   3.267612     0.9617     0.1691  4.8064822    96.8655     28.100     7.1050    32.0263     1.5111     22.004 0.0000e+00
       4141     28.377     7.1067   3.267690     0.9626     0.1691  4.8044973    96.8835     28.111     7.1042    32.0279     1.5137     22.041 0.0000e+00
       4142     28.387     7.1058   3.267767     0.9634     0.1508  4.8025054    96.9017     28.121     7.1033    32.0295     1.5159     22.073 0.0000e+00
       4143     28.398     7.1049   3.267844     0.9642     0.1691  4.8004928    96.9204     28.132     7.1024    32.0312     1.5179     22.103 0.0000e+00
       4144     28.409     7.1041   3.267921     0.9650     0.1691  4.7984455    96.9398     28.143     7.1016    32.0328     1.5199     22.131 0.0000e+00
       4145     28.419     7.1032   3.267997     0.9659     0.1691  4.7963493    96.9594     28.153     7.1007    32.0344     1.5220     22.162 0.0000e+00
       4146     28.430     7.1023   3.268072     0.9667     0.1508  4.7941894    96.9785     28.164     7.0998    32.0361     1.5238     22.187 0.0000e+00
       4147     28.441     7.1014   3.268148     0.9675     0.1691  4.7919510    96.9965     28.175     7.0989    32.0377     1.5254     22.211 0.0000e+00
       4148     28.451     7.1005   3.268222     0.9683     0.1691  4.7896185    97.0134     28.185     7.0980    32.0394     1.5269     22.232 0.0000e+00
       4149     28.462     7.0996   3.268296     0.9691     0.1691  4.7871756    97.0295     28.196     7.0971    32.0410     1.5283     22.252 0.0000e+00
       4150     28.473     7.0987   3.268370     0.9699     0.1691  4.7846053    97.0451     28.206     7.0962    32.0426     1.5296     22.271 0.0000e+00
       4151     28.484     7.0978   3.268444     0.9707     0.1691  4.7818897    97.0601     28.217     7.0953    32.0443     1.5308     22.288 0.0000e+00
       4152     28.495     7.0969   3.268517     0.9714     0.1691  4.7790101    97.0739     28.228     7.0944    32.0459     1.5316     22.299 0.0000e+00
       4153     28.506     7.0960   3.268591     0.9722     0.1691  4.7759462    97.0867     28.239     7.0935    32.0475     1.5325     22.313 0.0000e+00
       4154     28.517     7.0952   3.268664     0.9730     0.1508  4.7726769    97.0989     28.250     7.0927    32.0491     1.5334     22.326 0.0000e+00
       4155     28.528     7.0944   3.268737     0.9737     0.1691  4.7691793    97.1108     28.261     7.0919    32.0506     1.5339     22.333 0.0000e+00
       4156     28.539     7.0936   3.268811     0.9745     0.1691  4.7654292    97.1228     28.272     7.0911    32.0521     1.5346     22.343 0.0000e+00
       4157     28.550     7.0928   3.268885     0.9752     0.1691  4.7614004    97.1349     28.283     7.0903    32.0537     1.5349     22.347 0.0000e+00
       4158     28.561     7.0920   3.268959     0.9759     0.1691  4.7570650    97.1475     28.294     7.0895    32.0552     1.5352     22.351 0.0000e+00
       4159     28.572     7.0912   3.269034     0.9766     0.1691  4.7524777    97.1606     28.305     7.0887    32.0568     1.5353     22.353 0.0000e+00
       4160     28.584     7.0905   3.269111     0.9773     0.1508  4.7478613    97.1746     28.316     7.0880    32.0582     1.5354     22.354 0.0000e+00
       4161     28.595     7.0898   3.269188     0.9780     0.1691  4.7434387    97.1896     28.327     7.0873    32.0597     1.5354     22.353 0.0000e+00
       4162     28.606     7.0891   3.269267     0.9787     0.1508  4.7392640    97.2060     28.338     7.0866    32.0612     1.5352     22.351 0.0000e+00
       4163     28.618     7.0884   3.269347     0.9793     0.1508  4.7353081    97.2241     28.350     7.0859    32.0627     1.5347     22.344 0.0000e+00
       4164     28.629     7.0877   3.269427     0.9800     0.1691  4.7315436    97.2441     28.361     7.0852    32.0643     1.5345     22.340 0.0000e+00
       4165     28.640     7.0871   3.269508     0.9806     0.1691  4.7279442    97.2660     28.372     7.0846    32.0657     1.5339     22.331 0.0000e+00
       4166     28.652     7.0864   3.269588     0.9812     0.1691  4.7244849    97.2896     28.384     7.0839    32.0672     1.5332     22.321 0.0000e+00
       4167     28.663     7.0858   3.269670     0.9818     0.1691  4.7211417    97.3152     28.395     7.0833    32.0687     1.5325     22.310 0.0000e+00
       4168     28.675     7.0852   3.269751     0.9824     0.1508  4.7178912    97.3428     28.407     7.0827    32.0701     1.5317     22.299 0.0000e+00
       4169     28.686     7.0846   3.269832     0.9830     0.1508  4.7147109    97.3721     28.417     7.0821    32.0715     1.5309     22.287 0.0000e+00
       4170     28.698     7.0841   3.269912     0.9835     0.1691  4.7115786    97.4026     28.429     7.0816    32.0729     1.5298     22.271 0.0000e+00
       4171     28.710     7.0835   3.269992     0.9841     0.1691  4.7084726    97.4343     28.441     7.0810    32.0743     1.5289     22.258 0.0000e+00
       4172     28.722     7.0830   3.270071     0.9846     0.1691  4.7053712    97.4676     28.453     7.0805    32.0756     1.5278     22.241 0.0000e+00
       4173     28.733     7.0824   3.270148     0.9851     0.1691  4.7022529    97.5026     28.464     7.0799    32.0770     1.5266     22.224 0.0000e+00
       4174     28.745     7.0819   3.270225     0.9856     0.1691  4.6990960    97.5396     28.476     7.0794    32.0783     1.5254     22.207 0.0000e+00
       4175     28.757     7.0814   3.270300     0.9861     0.1691  4.6958785    97.5787     28.488     7.0789    32.0796     1.5242     22.189 0.0000e+00
       4176     28.769     7.0810   3.270375     0.9865     0.1691  4.6925780    97.6200     28.500     7.0785    32.0807     1.5227     22.168 0.0000e+00
       4177     28.780     7.0805   3.270446     0.9870     0.1508  4.6891717    97.6626     28.511     7.0780    32.0820     1.5215     22.150 0.0000e+00
       4178     28.792     7.0801   3.270518     0.9874     0.1691  4.6856356    97.7056     28.522     7.0776    32.0831     1.5200     22.128 0.0000e+00
       4179     28.804     7.0796   3.270587     0.9878     0.1508  4.6819454    97.7492     28.534     7.0771    32.0843     1.5186     22.107 0.0000e+00
       4180     28.817     7.0792   3.270657     0.9883     0.1508  4.6780753    97.7935     28.547     7.0766    32.0855     1.5175     22.091 0.0000e+00
       4181     28.829     7.0788   3.270726     0.9886     0.1691  4.6739984    97.8385     28.559     7.0762    32.0866     1.5158     22.066 0.0000e+00
       4182     28.841     7.0785   3.270795     0.9890     0.1691  4.6696863    97.8836     28.571     7.0759    32.0876     1.5144     22.046 0.0000e+00
       4183     28.853     7.0781   3.270862     0.9894     0.1691  4.6651090    97.9283     28.583     7.0755    32.0887     1.5130     22.026 0.0000e+00
       4184     28.865     7.0778   3.270930     0.9897     0.1691  4.6602347    97.9720     28.595     7.0752    32.0897     1.5114     22.002 0.0000e+00
       4185     28.877     7.0774   3.270996     0.9900     0.1874  4.6551994    98.0140     28.607     7.0748    32.0908     1.5099     21.980 0.0000e+00
       4186     28.890     7.0771   3.271063     0.9903     0.1874  4.6503077    98.0541     28.620     7.0745    32.0918     1.5084     21.958 0.0000e+00
       4187     28.902     7.0768   3.271129     0.9906     0.1691  4.6456956    98.0924     28.631     7.0742    32.0928     1.5069     21.937 0.0000e+00
       4188     28.915     7.0765   3.271196     0.9909     0.1691  4.6413310    98.1292     28.644     7.0739    32.0938     1.5055     21.917 0.0000e+00
       4189     28.927     7.0763   3.271261     0.9912     0.1874  4.6371834    98.1650     28.656     7.0737    32.0947     1.5043     21.899 0.0000e+00
       4190     28.940     7.0760   3.271327     0.9914     0.1691  4.6332241    98.1999     28.669     7.0734    32.0957     1.5027     21.876 0.0000e+00
       4191     28.952     7.0758   3.271392     0.9916     0.1874  4.6294254    98.2340     28.681     7.0732    32.0965     1.5013     21.855 0.0000e+00
       4192     28.965     7.0756   3.271458     0.9919     0.1691  4.6257611    98.2674     28.694     7.0730    32.0974     1.5002     21.839 0.0000e+00
       4193     28.978     7.0754   3.271523     0.9921     0.1691  4.6222055    98.3006     28.707     7.0728    32.0983     1.4988     21.819 0.0000e+00
       4194     28.991     7.0752   3.271590     0.9923     0.1874  4.6187339    98.3340     28.720     7.0726    32.0992     1.4976     21.801 0.0000e+00
       4195     29.003     7.0751   3.271656     0.9925     0.1874  4.6153223    98.3685     28.731     7.0725    32.1000     1.4964     21.784 0.0000e+00
       4196     29.016     7.0749   3.271723     0.9927     0.1874  4.6119468    98.4046     28.744     7.0723    32.1010     1.4953     21.768 0.0000e+00
       4197     29.029     7.0748   3.271790     0.9929     0.1874  4.6085839    98.4423     28.757     7.0722    32.1018     1.4942     21.752 0.0000e+00
       4198     29.042     7.0747   3.271859     0.9930     0.1874  4.6052104    98.4808     28.770     7.0721    32.1026     1.4929     21.733 0.0000e+00
       4199     29.055     7.0746   3.271927     0.9932     0.1874  4.6018027    98.5195     28.783     7.0720    32.1034     1.4919     21.719 0.0000e+00
       4200     29.068     7.0745   3.271995     0.9934     0.1874  4.5983370    98.5577     28.796     7.0719    32.1043     1.4910     21.707 0.0000e+00
       4201     29.081     7.0744   3.272064     0.9935     0.1691  4.5947894    98.5953     28.809     7.0718    32.1051     1.4899     21.690 0.0000e+00
       4202     29.094     7.0744   3.272135     0.9937     0.1874  4.5911351    98.6318     28.822     7.0718    32.1059     1.4892     21.679 0.0000e+00
       4203     29.107     7.0743   3.272205     0.9938     0.1691  4.5873487    98.6671     28.834     7.0717    32.1067     1.4881     21.664 0.0000e+00
       4204     29.121     7.0743   3.272275     0.9940     0.1874  4.5834039    98.7008     28.848     7.0717    32.1075     1.4875     21.655 0.0000e+00
       4205     29.134     7.0742   3.272345     0.9941     0.1508  4.5792732    98.7327     28.861     7.0716    32.1083     1.4867     21.643 0.0000e+00
       4206     29.147     7.0742   3.272414     0.9942     0.1874  4.5749278    98.7627     28.874     7.0716    32.1091     1.4858     21.631 0.0000e+00
       4207     29.161     7.0742   3.272485     0.9943     0.1691  4.5703376    98.7909     28.888     7.0716    32.1098     1.4851     21.620 0.0000e+00
       4208     29.174     7.0741   3.272554     0.9944     0.1874  4.5654707    98.8172     28.901     7.0715    32.1107     1.4844     21.611 0.0000e+00
       4209     29.187     7.0741   3.272624     0.9946     0.1874  4.5602931    98.8417     28.914     7.0715    32.1114     1.4841     21.606 0.0000e+00
       4210     29.201     7.0740   3.272695     0.9947     0.1691  4.5548537    98.8647     28.928     7.0714    32.1123     1.4835     21.597 0.0000e+00
       4211     29.214     7.0740   3.272765     0.9948     0.1324  4.5494546    98.8863     28.940     7.0714    32.1130     1.4830     21.590 0.0000e+00
       4212     29.228     7.0739   3.272835     0.9949     0.1508  4.5444829    98.9061     28.954     7.0713    32.1139     1.4824     21.582 0.0000e+00
       4213     29.241     7.0739   3.272907     0.9951     0.1508  4.5400737    98.9237     28.967     7.0713    32.1147     1.4823     21.581 0.0000e+00
       4214     29.255     7.0738   3.272978     0.9952     0.1508  4.5361965    98.9390     28.981     7.0712    32.1155     1.4819     21.575 0.0000e+00
       4215     29.268     7.0737   3.273049     0.9953     0.1508  4.5328243    98.9519     28.994     7.0711    32.1164     1.4815     21.570 0.0000e+00
       4216     29.282     7.0737   3.273122     0.9954     0.1508  4.5299337    98.9630     29.008     7.0711    32.1172     1.4812     21.564 0.0000e+00
       4217     29.296     7.0736   3.273194     0.9955     0.1324  4.5275044    98.9728     29.022     7.0710    32.1180     1.4808     21.559 0.0000e+00
       4218     29.310     7.0735   3.273265     0.9956     0.1508  4.5255197    98.9817     29.036     7.0709    32.1189     1.4805     21.554 0.0000e+00
       4219     29.324     7.0734   3.273336     0.9957     0.1324  4.5239657    98.9903     29.049     7.0708    32.1198     1.4802     21.550 0.0000e+00
       4220     29.337     7.0733   3.273406     0.9958     0.1324  4.5228316    98.9989     29.062     7.0707    32.1206     1.4799     21.546 0.0000e+00
       4221     29.351     7.0732   3.273474     0.9958     0.1508  4.5221096    99.0075     29.076     7.0706    32.1214     1.4793     21.538 0.0000e+00
       4222     29.365     7.0731   3.273541     0.9959     0.1508  4.5217945    99.0154     29.090     7.0705    32.1222     1.4791     21.534 0.0000e+00
       4223     29.379     7.0730   3.273608     0.9960     0.1508  4.5218842    99.0225     29.104     7.0704    32.1231     1.4788     21.530 0.0000e+00
       4224     29.393     7.0728   3.273671     0.9960     0.1508  4.5223793    99.0286     29.118     7.0702    32.1239     1.4782     21.521 0.0000e+00
       4225     29.407     7.0727   3.273734     0.9961     0.1324  4.5232834    99.0333     29.132     7.0701    32.1247     1.4779     21.518 0.0000e+00
       4226     29.421     7.0726   3.273794     0.9962     0.1508  4.5246025    99.0361     29.146     7.0700    32.1254     1.4776     21.514 0.0000e+00
       4227     29.435     7.0725   3.273853     0.9962     0.1508  4.5263460    99.0366     29.159     7.0699    32.1262     1.4771     21.506 0.0000e+00
       4228     29.449     7.0723   3.273910     0.9963     0.1508  4.5285260    99.0344     29.173     7.0697    32.1270     1.4768     21.501 0.0000e+00
       4229     29.463     7.0722   3.273967     0.9964     0.1508  4.5311576    99.0295     29.187     7.0696    32.1277     1.4765     21.497 0.0000e+00
       4230     29.477     7.0721   3.274022     0.9964     0.1508  4.5342592    99.0220     29.201     7.0695    32.1284     1.4759     21.488 0.0000e+00
       4231     29.492     7.0719   3.274077     0.9965     0.1508  4.5378522    99.0118     29.216     7.0693    32.1291     1.4756     21.484 0.0000e+00
       4232     29.506     7.0718   3.274131     0.9966     0.1508  4.5419618    98.9987     29.230     7.0692    32.1298     1.4752     21.479 0.0000e+00
