data/2023/2023_wed/06CTD16.cnv
* Sea-Bird SBE 9 Data File:
* FileName = C:\Users\ctd-user\Desktop\CTD_data\2023\MAR440 Sept 2023\06CTD16.hex
* Software Version Seasave V 7.26.2.13
* Temperature SN = 4493
* Conductivity SN = 1899
* Number of Bytes Per Scan = 37
* Number of Voltage Words = 4
* Number of Scans Averaged by the Deck Unit = 1
* NMEA Latitude = 58 17.95 N
* NMEA Longitude = 011 45.81 E
* NMEA UTC (Time) = Sep 06 2023 12:40:14
* NMEA baud rate = 4800
** Ship:
** Station:
** Operator:
# nquan = 14                                
# nvalues = 2173                        
# units = specified
# name 0 = scan: Scan Count
# name 1 = prDM: Pressure, Digiquartz [db]
# name 2 = t090C: Temperature [ITS-90, deg C]
# name 3 = c0S/m: Conductivity [S/m]
# name 4 = sbeox0V: Oxygen raw, SBE 43 [V]
# name 5 = flECO-AFL: Fluorescence, WET Labs ECO-AFL/FL [mg/m^3]
# name 6 = upoly0: Upoly 0, Turbidity
# name 7 = xmiss: Beam Transmission, Chelsea/Seatech [%]
# name 8 = depSM: Depth [salt water, m], lat = 58.2992
# name 9 = potemp090C: Potential Temperature [ITS-90, deg C]
# name 10 = sal00: Salinity, Practical [PSU]
# name 11 = sbeox0ML/L: Oxygen, SBE 43 [ml/l], WS = 2
# name 12 = sbeox0PS: Oxygen, SBE 43 [% saturation], WS = 2
# name 13 = flag: flag
# span 0 =          1,       2173       
# span 1 =      1.291,     36.336       
# span 2 =     7.0519,    18.4553       
# span 3 =   2.899106,   3.425281       
# span 4 =     0.7957,     2.8024       
# span 5 =     0.1324,     3.4841       
# span 6 =  4.3973323,  6.0861021       
# span 7 =    80.1519,    98.7945       
# span 8 =      1.279,     35.995       
# span 9 =     7.0490,    18.4551       
# span 10 =    20.7910,    32.3053      
# span 11 =     0.7358,     5.7280      
# span 12 =     10.720,     98.819      
# span 13 = 0.0000e+00, 0.0000e+00      
# interval = seconds: 0.0416667
# start_time = Sep 06 2023 12:40:14 [NMEA time, header]
# bad_flag = -9.990e-29
*END*
[from data line 1549]
       1550     26.716     7.1757   3.252911     0.9953     0.1508  4.4959111    95.0854     26.466     7.1733    31.8045     1.3992     20.377 0.0000e+00
       1551     26.736     7.1741   3.253107     0.9950     0.1691  4.4971478    95.1165     26.486     7.1717    31.8081     1.3990     20.374 0.0000e+00
       1552     26.756     7.1726   3.253303     0.9946     0.1691  4.4989577    95.1529     26.506     7.1702    31.8116     1.3986     20.367 0.0000e+00
       1553     26.776     7.1712   3.253500     0.9943     0.1508  4.5013532    95.1940     26.525     7.1688    31.8150     1.3984     20.365 0.0000e+00
       1554     26.796     7.1698   3.253694     0.9940     0.1691  4.5043511    95.2394     26.545     7.1674    31.8184     1.3983     20.363 0.0000e+00
       1555     26.817     7.1684   3.253887     0.9937     0.1508  4.5079722    95.2890     26.566     7.1660    31.8217     1.3982     20.362 0.0000e+00
       1556     26.837     7.1670   3.254081     0.9934     0.1691  4.5120719    95.3422     26.586     7.1646    31.8251     1.3982     20.360 0.0000e+00
       1557     26.857     7.1657   3.254274     0.9931     0.1508  4.5163388    95.3979     26.606     7.1633    31.8284     1.3981     20.359 0.0000e+00
       1558     26.877     7.1645   3.254466     0.9928     0.1508  4.5206328    95.4554     26.626     7.1621    31.8316     1.3980     20.358 0.0000e+00
       1559     26.897     7.1632   3.254657     0.9925     0.1691  4.5249838    95.5152     26.645     7.1608    31.8348     1.3980     20.357 0.0000e+00
       1560     26.917     7.1620   3.254847     0.9923     0.1691  4.5294220    95.5784     26.665     7.1596    31.8380     1.3982     20.361 0.0000e+00
       1561     26.938     7.1609   3.255037     0.9920     0.1691  4.5339783    95.6452     26.686     7.1585    31.8411     1.3981     20.359 0.0000e+00
       1562     26.958     7.1597   3.255225     0.9917     0.1691  4.5386845    95.7146     26.706     7.1573    31.8442     1.3980     20.357 0.0000e+00
       1563     26.978     7.1586   3.255413     0.9914     0.1691  4.5435731    95.7851     26.726     7.1562    31.8472     1.3978     20.355 0.0000e+00
       1564     26.998     7.1576   3.255599     0.9912     0.1508  4.5486783    95.8553     26.745     7.1552    31.8502     1.3980     20.357 0.0000e+00
       1565     27.018     7.1565   3.255784     0.9909     0.1691  4.5540356    95.9251     26.765     7.1541    31.8532     1.3979     20.355 0.0000e+00
       1566     27.038     7.1555   3.255969     0.9907     0.1691  4.5596822    95.9945     26.785     7.1531    31.8561     1.3979     20.356 0.0000e+00
       1567     27.058     7.1545   3.256152     0.9904     0.1691  4.5656574    96.0629     26.805     7.1521    31.8590     1.3977     20.352 0.0000e+00
       1568     27.079     7.1535   3.256331     0.9902     0.1691  4.5720028    96.1296     26.826     7.1511    31.8619     1.3977     20.353 0.0000e+00
       1569     27.099     7.1526   3.256510     0.9900     0.1691  4.5787625    96.1941     26.845     7.1502    31.8646     1.3977     20.352 0.0000e+00
       1570     27.119     7.1516   3.256685     0.9898     0.1508  4.5859836    96.2560     26.865     7.1492    31.8674     1.3977     20.351 0.0000e+00
       1571     27.139     7.1507   3.256858     0.9895     0.1691  4.5937162    96.3154     26.885     7.1483    31.8701     1.3972     20.345 0.0000e+00
       1572     27.159     7.1498   3.257029     0.9893     0.1508  4.6020142    96.3719     26.905     7.1474    31.8728     1.3971     20.343 0.0000e+00
       1573     27.180     7.1490   3.257196     0.9891     0.1691  4.6109353    96.4247     26.926     7.1466    31.8753     1.3968     20.339 0.0000e+00
       1574     27.200     7.1481   3.257360     0.9889     0.1691  4.6205416    96.4734     26.945     7.1457    31.8779     1.3965     20.334 0.0000e+00
       1575     27.220     7.1473   3.257522     0.9887     0.1691  4.6308998    96.5186     26.965     7.1449    31.8804     1.3961     20.328 0.0000e+00
       1576     27.241     7.1465   3.257682     0.9885     0.1691  4.6420821    96.5607     26.986     7.1441    31.8829     1.3957     20.322 0.0000e+00
       1577     27.261     7.1456   3.257837     0.9883     0.1508  4.6541662    96.6000     27.006     7.1432    31.8854     1.3951     20.314 0.0000e+00
       1578     27.282     7.1448   3.257992     0.9881     0.1691  4.6672362    96.6366     27.027     7.1424    31.8878     1.3945     20.305 0.0000e+00
       1579     27.302     7.1440   3.258142     0.9879     0.1691  4.6813830    96.6711     27.047     7.1416    31.8902     1.3938     20.294 0.0000e+00
       1580     27.323     7.1433   3.258291     0.9877     0.1508  4.6966201    96.7038     27.067     7.1409    31.8924     1.3930     20.283 0.0000e+00
       1581     27.343     7.1425   3.258437     0.9875     0.1508  4.7123740    96.7350     27.087     7.1401    31.8947     1.3921     20.270 0.0000e+00
       1582     27.363     7.1417   3.258580     0.9873     0.1691  4.7274801    96.7642     27.107     7.1393    31.8970     1.3911     20.255 0.0000e+00
       1583     27.384     7.1410   3.258720     0.9871     0.1508  4.7411942    96.7902     27.128     7.1386    31.8992     1.3900     20.239 0.0000e+00
       1584     27.405     7.1402   3.258858     0.9869     0.1691  4.7534418    96.8122     27.149     7.1378    31.9014     1.3889     20.222 0.0000e+00
       1585     27.425     7.1395   3.258994     0.9866     0.1691  4.7643081    96.8304     27.168     7.1371    31.9035     1.3874     20.201 0.0000e+00
       1586     27.446     7.1387   3.259126     0.9864     0.1691  4.7738686    96.8458     27.189     7.1363    31.9057     1.3861     20.182 0.0000e+00
       1587     27.466     7.1380   3.259256     0.9862     0.1691  4.7821900    96.8600     27.209     7.1356    31.9077     1.3847     20.162 0.0000e+00
       1588     27.487     7.1373   3.259384     0.9860     0.1691  4.7893300    96.8737     27.230     7.1349    31.9097     1.3833     20.141 0.0000e+00
       1589     27.507     7.1366   3.259510     0.9858     0.1691  4.7953384    96.8869     27.250     7.1342    31.9118     1.3818     20.120 0.0000e+00
       1590     27.528     7.1359   3.259634     0.9855     0.1691  4.8002569    96.8995     27.270     7.1335    31.9137     1.3800     20.093 0.0000e+00
       1591     27.549     7.1352   3.259756     0.9853     0.1508  4.8041198    96.9111     27.291     7.1328    31.9157     1.3784     20.069 0.0000e+00
       1592     27.569     7.1345   3.259876     0.9851     0.1691  4.8069539    96.9210     27.311     7.1321    31.9176     1.3767     20.045 0.0000e+00
       1593     27.590     7.1338   3.259995     0.9848     0.1691  4.8087790    96.9295     27.332     7.1314    31.9196     1.3747     20.015 0.0000e+00
       1594     27.611     7.1331   3.260114     0.9846     0.1691  4.8096077    96.9371     27.353     7.1307    31.9215     1.3729     19.990 0.0000e+00
       1595     27.631     7.1325   3.260233     0.9843     0.1508  4.8094458    96.9447     27.372     7.1301    31.9233     1.3708     19.959 0.0000e+00
       1596     27.652     7.1318   3.260351     0.9840     0.1508  4.8082922    96.9526     27.393     7.1293    31.9252     1.3687     19.928 0.0000e+00
       1597     27.673     7.1312   3.260469     0.9837     0.1508  4.8061389    96.9612     27.414     7.1287    31.9271     1.3665     19.897 0.0000e+00
       1598     27.694     7.1305   3.260587     0.9834     0.1508  4.8029708    96.9703     27.435     7.1280    31.9290     1.3644     19.865 0.0000e+00
       1599     27.715     7.1299   3.260706     0.9831     0.1508  4.7987660    96.9800     27.456     7.1274    31.9308     1.3623     19.835 0.0000e+00
       1600     27.736     7.1293   3.260824     0.9828     0.1691  4.7934952    96.9903     27.476     7.1268    31.9327     1.3602     19.804 0.0000e+00
       1601     27.757     7.1286   3.260942     0.9824     0.1508  4.7871217    97.0010     27.497     7.1261    31.9346     1.3578     19.769 0.0000e+00
       1602     27.778     7.1280   3.261061     0.9821     0.1508  4.7796011    97.0124     27.518     7.1255    31.9364     1.3557     19.739 0.0000e+00
       1603     27.799     7.1274   3.261179     0.9817     0.1691  4.7708813    97.0250     27.539     7.1249    31.9382     1.3535     19.706 0.0000e+00
       1604     27.820     7.1268   3.261297     0.9813     0.1691  4.7609014    97.0394     27.560     7.1243    31.9401     1.3513     19.674 0.0000e+00
       1605     27.842     7.1262   3.261414     0.9809     0.1508  4.7495921    97.0569     27.581     7.1237    31.9419     1.3492     19.644 0.0000e+00
       1606     27.863     7.1256   3.261530     0.9805     0.1691  4.7371296    97.0783     27.602     7.1231    31.9437     1.3471     19.614 0.0000e+00
       1607     27.884     7.1250   3.261647     0.9801     0.1874  4.7243614    97.1044     27.623     7.1225    31.9455     1.3452     19.586 0.0000e+00
       1608     27.905     7.1243   3.261762     0.9797     0.1874  4.7123030    97.1355     27.644     7.1218    31.9474     1.3434     19.559 0.0000e+00
       1609     27.927     7.1237   3.261878     0.9793     0.1691  4.7012951    97.1713     27.666     7.1212    31.9492     1.3417     19.534 0.0000e+00
       1610     27.948     7.1231   3.261992     0.9789     0.1691  4.6912613    97.2107     27.686     7.1206    31.9510     1.3401     19.511 0.0000e+00
       1611     27.970     7.1225   3.262108     0.9785     0.1874  4.6821316    97.2532     27.708     7.1200    31.9528     1.3386     19.489 0.0000e+00
       1612     27.991     7.1219   3.262223     0.9781     0.1874  4.6738426    97.2983     27.729     7.1194    31.9546     1.3372     19.469 0.0000e+00
       1613     28.013     7.1213   3.262338     0.9777     0.1874  4.6663366    97.3458     27.751     7.1188    31.9564     1.3360     19.452 0.0000e+00
       1614     28.035     7.1208   3.262455     0.9772     0.1691  4.6595614    97.3954     27.773     7.1183    31.9581     1.3347     19.433 0.0000e+00
       1615     28.056     7.1202   3.262573     0.9768     0.1874  4.6534698    97.4471     27.793     7.1177    31.9599     1.3338     19.419 0.0000e+00
       1616     28.078     7.1196   3.262693     0.9763     0.1874  4.6480196    97.5009     27.815     7.1171    31.9618     1.3328     19.404 0.0000e+00
       1617     28.100     7.1191   3.262813     0.9759     0.1874  4.6431727    97.5563     27.837     7.1166    31.9635     1.3322     19.396 0.0000e+00
       1618     28.122     7.1186   3.262937     0.9754     0.1874  4.6388955    97.6127     27.859     7.1161    31.9653     1.3315     19.386 0.0000e+00
       1619     28.144     7.1181   3.263062     0.9750     0.1874  4.6351582    97.6690     27.881     7.1156    31.9671     1.3313     19.382 0.0000e+00
       1620     28.165     7.1176   3.263189     0.9745     0.1691  4.6319348    97.7245     27.901     7.1151    31.9690     1.3309     19.376 0.0000e+00
       1621     28.187     7.1171   3.263319     0.9741     0.1874  4.6292029    97.7784     27.923     7.1146    31.9708     1.3309     19.377 0.0000e+00
       1622     28.209     7.1167   3.263454     0.9737     0.1691  4.6269434    97.8307     27.945     7.1142    31.9727     1.3311     19.380 0.0000e+00
       1623     28.231     7.1163   3.263591     0.9733     0.1874  4.6251408    97.8811     27.967     7.1138    31.9745     1.3315     19.386 0.0000e+00
       1624     28.254     7.1159   3.263730     0.9729     0.1874  4.6237823    97.9297     27.990     7.1134    31.9764     1.3320     19.394 0.0000e+00
       1625     28.276     7.1155   3.263875     0.9725     0.1874  4.6228586    97.9767     28.011     7.1130    31.9783     1.3328     19.405 0.0000e+00
       1626     28.298     7.1152   3.264022     0.9721     0.1508  4.6223632    98.0223     28.033     7.1127    31.9802     1.3336     19.417 0.0000e+00
       1627     28.320     7.1148   3.264172     0.9718     0.1691  4.6222928    98.0664     28.055     7.1123    31.9822     1.3349     19.436 0.0000e+00
       1628     28.343     7.1145   3.264326     0.9715     0.2057  4.6226467    98.1086     28.078     7.1120    31.9841     1.3363     19.457 0.0000e+00
       1629     28.365     7.1142   3.264481     0.9712     0.1691  4.6234276    98.1487     28.100     7.1117    31.9860     1.3378     19.479 0.0000e+00
       1630     28.387     7.1140   3.264639     0.9709     0.1874  4.6246407    98.1864     28.121     7.1115    31.9879     1.3395     19.503 0.0000e+00
       1631     28.409     7.1137   3.264798     0.9706     0.1691  4.6262945    98.2217     28.143     7.1112    31.9899     1.3412     19.528 0.0000e+00
       1632     28.432     7.1134   3.264959     0.9704     0.1691  4.6283157    98.2544     28.166     7.1109    31.9919     1.3434     19.560 0.0000e+00
       1633     28.454     7.1132   3.265121     0.9701     0.1691  4.6304634    98.2845     28.188     7.1107    31.9939     1.3453     19.589 0.0000e+00
       1634     28.477     7.1129   3.265284     0.9699     0.1691  4.6324978    98.3121     28.210     7.1104    31.9959     1.3477     19.623 0.0000e+00
       1635     28.499     7.1126   3.265450     0.9697     0.1508  4.6343480    98.3372     28.232     7.1101    31.9980     1.3501     19.658 0.0000e+00
       1636     28.522     7.1123   3.265617     0.9695     0.1691  4.6360271    98.3604     28.255     7.1098    32.0001     1.3526     19.695 0.0000e+00
       1637     28.544     7.1120   3.265786     0.9694     0.1691  4.6375465    98.3821     28.277     7.1095    32.0022     1.3554     19.736 0.0000e+00
       1638     28.567     7.1117   3.265958     0.9692     0.1691  4.6389170    98.4024     28.300     7.1092    32.0043     1.3581     19.775 0.0000e+00
       1639     28.590     7.1114   3.266132     0.9691     0.1508  4.6401480    98.4206     28.322     7.1089    32.0065     1.3610     19.817 0.0000e+00
       1640     28.612     7.1110   3.266309     0.9690     0.1691  4.6412481    98.4365     28.344     7.1085    32.0088     1.3639     19.860 0.0000e+00
       1641     28.634     7.1105   3.266488     0.9689     0.1508  4.6422249    98.4502     28.366     7.1080    32.0111     1.3669     19.903 0.0000e+00
       1642     28.657     7.1101   3.266671     0.9688     0.1691  4.6430853    98.4622     28.389     7.1076    32.0135     1.3698     19.946 0.0000e+00
       1643     28.679     7.1096   3.266857     0.9688     0.1691  4.6438352    98.4732     28.411     7.1071    32.0160     1.3730     19.993 0.0000e+00
       1644     28.702     7.1091   3.267043     0.9687     0.1324  4.6444799    98.4839     28.433     7.1066    32.0184     1.3759     20.035 0.0000e+00
       1645     28.725     7.1085   3.267232     0.9687     0.1691  4.6450238    98.4947     28.456     7.1060    32.0210     1.3791     20.081 0.0000e+00
       1646     28.747     7.1079   3.267420     0.9687     0.1508  4.6454708    98.5055     28.478     7.1054    32.0236     1.3822     20.127 0.0000e+00
       1647     28.770     7.1073   3.267610     0.9688     0.1691  4.6458238    98.5155     28.501     7.1047    32.0262     1.3856     20.176 0.0000e+00
       1648     28.792     7.1066   3.267798     0.9688     0.1691  4.6460855    98.5241     28.522     7.1040    32.0289     1.3886     20.220 0.0000e+00
       1649     28.815     7.1060   3.267987     0.9689     0.1691  4.6462576    98.5311     28.545     7.1034    32.0315     1.3919     20.268 0.0000e+00
       1650     28.837     7.1052   3.268174     0.9690     0.1508  4.6463412    98.5367     28.567     7.1026    32.0343     1.3951     20.314 0.0000e+00
       1651     28.860     7.1045   3.268359     0.9691     0.1508  4.6463371    98.5412     28.590     7.1019    32.0369     1.3981     20.359 0.0000e+00
