data/2023/2023_wed/06CTD10.cnv
* Sea-Bird SBE 9 Data File:
* FileName = C:\Users\ctd-user\Desktop\CTD_data\2023\MAR440 Sept 2023\06CTD10.hex
* Software Version Seasave V 7.26.2.13
* Temperature SN = 4493
* Conductivity SN = 1899
* Number of Bytes Per Scan = 37
* Number of Voltage Words = 4
* Number of Scans Averaged by the Deck Unit = 1
* NMEA Latitude = 58 18.98 N
* NMEA Longitude = 011 47.45 E
* NMEA UTC (Time) = Sep 06 2023 10:36:51
* NMEA baud rate = 4800
** Ship:
** Station:
** Operator:
# nquan = 14                                
# nvalues = 4686                        
# units = specified
# name 0 = scan: Scan Count
# name 1 = prDM: Pressure, Digiquartz [db]
# name 2 = t090C: Temperature [ITS-90, deg C]
# name 3 = c0S/m: Conductivity [S/m]
# name 4 = sbeox0V: Oxygen raw, SBE 43 [V]
# name 5 = flECO-AFL: Fluorescence, WET Labs ECO-AFL/FL [mg/m^3]
# name 6 = upoly0: Upoly 0, Turbidity
# name 7 = xmiss: Beam Transmission, Chelsea/Seatech [%]
# name 8 = depSM: Depth [salt water, m], lat = 58.3163
# name 9 = potemp090C: Potential Temperature [ITS-90, deg C]
# name 10 = sal00: Salinity, Practical [PSU]
# name 11 = sbeox0ML/L: Oxygen, SBE 43 [ml/l], WS = 2
# name 12 = sbeox0PS: Oxygen, SBE 43 [% saturation], WS = 2
# name 13 = flag: flag
# span 0 =          1,       4686       
# span 1 =     -0.100,     38.513       
# span 2 =     7.0530,    18.4302       
# span 3 =   0.022585,   3.423582       
# span 4 =     0.6378,     2.9558       
# span 5 =    -0.1606,     3.7405       
# span 6 =  4.0477461,  10.951074       
# span 7 =    70.0449,    99.5097       
# span 8 =     -0.099,     38.152       
# span 9 =     7.0501,    18.4298       
# span 10 =     0.1287,    32.3706      
# span 11 =     0.3421,     7.1749      
# span 12 =      4.987,    106.973      
# span 13 = 0.0000e+00, 0.0000e+00      
# interval = seconds: 0.0416667
# start_time = Sep 06 2023 10:36:51 [NMEA time, header]
# bad_flag = -9.990e-29
*END*
[from data line 1033]
       1034     -0.091    17.1182   0.024799     2.8611    -0.0873  4.4290127    98.4197     -0.090    17.1182     0.1409     6.8225    101.213 -9.990e-29
       1035     -0.091    17.1181   0.024798     2.8611    -0.0873  4.4278821    98.4215     -0.090    17.1181     0.1409     6.8225    101.213 -9.990e-29
       1036     -0.091    17.1179   0.024797     2.8612    -0.0873  4.4265030    98.4232     -0.090    17.1179     0.1409     6.8228    101.217 -9.990e-29
       1037     -0.091    17.1178   0.024797     2.8612    -0.0873  4.4248658    98.4249     -0.090    17.1178     0.1409     6.8228    101.217 -9.990e-29
       1038     -0.091    17.1177   0.024796     2.8612    -0.1057  4.4229591    98.4265     -0.090    17.1177     0.1409     6.8228    101.218 -9.990e-29
       1039     -0.091    17.1176   0.024797     2.8612    -0.0873  4.4207697    98.4281     -0.090    17.1176     0.1409     6.8228    101.218 -9.990e-29
       1040     -0.091    17.1174   0.024794     2.8612    -0.0873  4.4182823    98.4297     -0.090    17.1174     0.1409     6.8229    101.218 -9.990e-29
       1041     -0.091    17.1173   0.024794     2.8612    -0.0873  4.4154796    98.4313     -0.090    17.1173     0.1409     6.8229    101.218 -9.990e-29
       1042     -0.091    17.1171   0.024792     2.8612    -0.0873  4.4123421    98.4328     -0.090    17.1171     0.1409     6.8229    101.217 -9.990e-29
       1043     -0.091    17.1170   0.024792     2.8612    -0.1057  4.4089330    98.4344     -0.090    17.1170     0.1409     6.8229    101.218 -9.990e-29
       1044     -0.091    17.1168   0.024790     2.8612    -0.1057  4.4054833    98.4362     -0.090    17.1168     0.1409     6.8230    101.218 -9.990e-29
       1045     -0.091    17.1166   0.024788     2.8612    -0.1240  4.4022238    98.4380     -0.090    17.1166     0.1409     6.8230    101.218 -9.990e-29
       1046     -0.091    17.1165   0.024787     2.8612    -0.1057  4.3992169    98.4399     -0.090    17.1165     0.1408     6.8230    101.218 -9.990e-29
       1047     -0.091    17.1163   0.024784     2.8612    -0.1240  4.3964416    98.4417     -0.090    17.1163     0.1408     6.8230    101.218 -9.990e-29
       1048     -0.091    17.1161   0.024781     2.8612    -0.1057  4.3938785    98.4435     -0.090    17.1161     0.1408     6.8231    101.218 -9.990e-29
       1049     -0.090    17.1159   0.024778     2.8612    -0.1240  4.3915100    98.4453     -0.089    17.1159     0.1408     6.8231    101.219 -9.990e-29
       1050     -0.090    17.1158   0.024775     2.8612    -0.1057  4.3893194    98.4470     -0.089    17.1158     0.1408     6.8232    101.219 -9.990e-29
       1051     -0.090    17.1156   0.024771     2.8612    -0.1240  4.3872915    98.4487     -0.089    17.1156     0.1408     6.8232    101.219 -9.990e-29
       1052     -0.090    17.1154   0.024768     2.8612    -0.1057  4.3854123    98.4503     -0.089    17.1154     0.1407     6.8233    101.219 -9.990e-29
       1053     -0.090    17.1152   0.024765     2.8612    -0.1057  4.3836687    98.4518     -0.089    17.1152     0.1407     6.8233    101.219 -9.990e-29
       1054     -0.091    17.1150   0.024762     2.8612    -0.1057  4.3820485    98.4533     -0.090    17.1150     0.1407     6.8233    101.219 -9.990e-29
       1055     -0.091    17.1148   0.024758     2.8612    -0.1057  4.3805405    98.4549     -0.090    17.1148     0.1407     6.8234    101.219 -9.990e-29
       1056     -0.091    17.1146   0.024755     2.8612    -0.1057  4.3791342    98.4564     -0.090    17.1146     0.1407     6.8234    101.219 -9.990e-29
       1057     -0.091    17.1144   0.024753     2.8612    -0.1057  4.3778197    98.4579     -0.090    17.1144     0.1407     6.8234    101.219 -9.990e-29
       1058     -0.091    17.1142   0.024750     2.8612    -0.1240  4.3765880    98.4594     -0.090    17.1142     0.1406     6.8234    101.219 -9.990e-29
       1059     -0.091    17.1139   0.024748     2.8612    -0.1057  4.3754305    98.4608     -0.090    17.1139     0.1406     6.8234    101.219 -9.990e-29
       1060     -0.091    17.1137   0.024746     2.8612    -0.1240  4.3743391    98.4621     -0.090    17.1137     0.1406     6.8235    101.219 -9.990e-29
       1061     -0.091    17.1135   0.024745     2.8613    -0.1240  4.3733063    98.4632     -0.090    17.1135     0.1406     6.8238    101.223 -9.990e-29
       1062     -0.091    17.1133   0.024744     2.8613    -0.1057  4.3723248    98.4641     -0.090    17.1133     0.1406     6.8238    101.223 -9.990e-29
       1063     -0.091    17.1131   0.024743     2.8613    -0.1057  4.3713879    98.4649     -0.090    17.1131     0.1406     6.8238    101.223 -9.990e-29
       1064     -0.090    17.1129   0.024742     2.8613    -0.1057  4.3704889    98.4656     -0.089    17.1129     0.1406     6.8238    101.222 -9.990e-29
       1065     -0.090    17.1127   0.024741     2.8613    -0.1240  4.3696217    98.4662     -0.089    17.1127     0.1406     6.8238    101.222 -9.990e-29
       1066     -0.090    17.1125   0.024740     2.8613    -0.1240  4.3687802    98.4668     -0.089    17.1125     0.1406     6.8238    101.221 -9.990e-29
       1067     -0.090    17.1122   0.024739     2.8614    -0.1240  4.3679586    98.4674     -0.089    17.1122     0.1406     6.8241    101.225 -9.990e-29
       1068     -0.090    17.1120   0.024738     2.8614    -0.1240  4.3671511    98.4679     -0.089    17.1120     0.1406     6.8241    101.225 -9.990e-29
       1069     -0.090    17.1118   0.024737     2.8614    -0.1057  4.3663522    98.4685     -0.089    17.1118     0.1406     6.8241    101.224 -9.990e-29
       1070     -0.090    17.1116   0.024737     2.8614    -0.1057  4.3655563    98.4690     -0.089    17.1116     0.1406     6.8241    101.224 -9.990e-29
       1071     -0.090    17.1114   0.024738     2.8614    -0.1240  4.3647578    98.4696     -0.089    17.1114     0.1406     6.8241    101.223 -9.990e-29
       1072     -0.090    17.1112   0.024739     2.8614    -0.1057  4.3639511    98.4701     -0.089    17.1112     0.1406     6.8241    101.223 -9.990e-29
       1073     -0.090    17.1110   0.024740     2.8614    -0.1240  4.3631308    98.4707     -0.089    17.1110     0.1406     6.8241    101.223 -9.990e-29
       1074     -0.090    17.1107   0.024742     2.8614    -0.1057  4.3622910    98.4713     -0.089    17.1107     0.1406     6.8241    101.222 -9.990e-29
       1075     -0.090    17.1105   0.024745     2.8614    -0.1057  4.3614259    98.4719     -0.089    17.1105     0.1406     6.8242    101.222 -9.990e-29
       1076     -0.090    17.1103   0.024748     2.8614    -0.1057  4.3605296    98.4726     -0.089    17.1103     0.1406     6.8242    101.222 -9.990e-29
       1077     -0.090    17.1101   0.024752     2.8614    -0.1057  4.3595957    98.4734     -0.089    17.1101     0.1407     6.8242    101.222 -9.990e-29
       1078     -0.090    17.1099   0.024755     2.8614    -0.1057  4.3586178    98.4743     -0.089    17.1099     0.1407     6.8242    101.222 -9.990e-29
       1079     -0.091    17.1097   0.024759     2.8614    -0.1240  4.3575891    98.4751     -0.090    17.1097     0.1407     6.8243    101.222 -9.990e-29
       1080     -0.091    17.1094   0.024762     2.8614    -0.1057  4.3565024    98.4761     -0.090    17.1094     0.1407     6.8243    101.223 -9.990e-29
       1081     -0.091    17.1092   0.024766     2.8614    -0.1057  4.3553501    98.4770     -0.090    17.1092     0.1408     6.8244    101.223 -9.990e-29
       1082     -0.091    17.1090   0.024770     2.8614    -0.1057  4.3541243    98.4780     -0.090    17.1090     0.1408     6.8245    101.224 -9.990e-29
       1083     -0.091    17.1088   0.024774     2.8614    -0.1240  4.3528164    98.4791     -0.090    17.1088     0.1408     6.8245    101.224 -9.990e-29
       1084     -0.091    17.1085   0.024778     2.8614    -0.1057  4.3514173    98.4803     -0.090    17.1085     0.1408     6.8246    101.225 -9.990e-29
       1085     -0.090    17.1083   0.024782     2.8614    -0.1057  4.3499173    98.4815     -0.089    17.1083     0.1408     6.8247    101.226 -9.990e-29
       1086     -0.090    17.1081   0.024786     2.8614    -0.1057  4.3483059    98.4828     -0.089    17.1081     0.1409     6.8248    101.227 -9.990e-29
       1087     -0.090    17.1078   0.024788     2.8613    -0.1240  4.3465720    98.4842     -0.089    17.1078     0.1409     6.8246    101.224 -9.990e-29
       1088     -0.090    17.1076   0.024791     2.8613    -0.1240  4.3447034    98.4857     -0.089    17.1076     0.1409     6.8248    101.225 -9.990e-29
       1089     -0.090    17.1074   0.024795     2.8613    -0.1240  4.3426872    98.4873     -0.089    17.1074     0.1409     6.8249    101.226 -9.990e-29
       1090     -0.090    17.1071   0.024797     2.8613    -0.1240  4.3405094    98.4890     -0.089    17.1071     0.1409     6.8250    101.228 -9.990e-29
       1091     -0.090    17.1069   0.024800     2.8613    -0.1240  4.3381548    98.4907     -0.089    17.1069     0.1410     6.8251    101.229 -9.990e-29
       1092     -0.090    17.1066   0.024802     2.8613    -0.1240  4.3356070    98.4924     -0.089    17.1066     0.1410     6.8252    101.230 -9.990e-29
       1093     -0.090    17.1063   0.024804     2.8613    -0.1240  4.3328483    98.4940     -0.089    17.1063     0.1410     6.8254    101.232 -9.990e-29
       1094     -0.090    17.1061   0.024805     2.8613    -0.1240  4.3299444    98.4957     -0.089    17.1061     0.1410     6.8255    101.233 -9.990e-29
       1095     -0.090    17.1058   0.024806     2.8613    -0.1057  4.3271300    98.4973     -0.089    17.1058     0.1410     6.8256    101.234 -9.990e-29
       1096     -0.090    17.1055   0.024805     2.8613    -0.1057  4.3246403    98.4989     -0.089    17.1055     0.1410     6.8257    101.235 -9.990e-29
       1097     -0.089    17.1052   0.024804     2.8614    -0.1057  4.3225429    98.5006     -0.088    17.1052     0.1410     6.8261    101.240 -9.990e-29
       1098     -0.089    17.1050   0.024803     2.8614    -0.1240  4.3208233    98.5023     -0.088    17.1050     0.1410     6.8261    101.240 -9.990e-29
       1099     -0.089    17.1047   0.024801     2.8614    -0.1240  4.3194694    98.5040     -0.088    17.1047     0.1410     6.8262    101.241 -9.990e-29
       1100     -0.089    17.1044   0.024799     2.8614    -0.1240  4.3184718    98.5056     -0.088    17.1044     0.1410     6.8263    101.241 -9.990e-29
       1101     -0.089    17.1041   0.024795     2.8615    -0.1057  4.3178237    98.5073     -0.088    17.1041     0.1409     6.8266    101.245 -9.990e-29
       1102     -0.089    17.1038   0.024791     2.8615    -0.1057  4.3175205    98.5091     -0.088    17.1038     0.1409     6.8266    101.245 -9.990e-29
       1103     -0.089    17.1034   0.024787     2.8615    -0.1057  4.3175601    98.5109     -0.088    17.1034     0.1409     6.8267    101.245 -9.990e-29
       1104     -0.089    17.1031   0.024781     2.8616    -0.1057  4.3179427    98.5127     -0.088    17.1031     0.1409     6.8270    101.249 -9.990e-29
       1105     -0.089    17.1028   0.024776     2.8616    -0.1057  4.3186711    98.5144     -0.088    17.1028     0.1408     6.8270    101.248 -9.990e-29
       1106     -0.089    17.1025   0.024771     2.8617    -0.1057  4.3197503    98.5160     -0.088    17.1025     0.1408     6.8273    101.251 -9.990e-29
       1107     -0.089    17.1022   0.024765     2.8617    -0.1057  4.3211877    98.5176     -0.088    17.1022     0.1408     6.8272    101.251 -9.990e-29
       1108     -0.089    17.1018   0.024759     2.8617    -0.1057  4.3229935    98.5192     -0.088    17.1018     0.1407     6.8272    101.250 -9.990e-29
       1109     -0.089    17.1015   0.024754     2.8618    -0.1057  4.3251801    98.5208     -0.088    17.1015     0.1407     6.8275    101.253 -9.990e-29
       1110     -0.089    17.1012   0.024749     2.8618    -0.1240  4.3277629    98.5223     -0.088    17.1012     0.1407     6.8275    101.252 -9.990e-29
       1111     -0.089    17.1008   0.024742     2.8618    -0.1057  4.3307596    98.5238     -0.088    17.1008     0.1406     6.8275    101.251 -9.990e-29
       1112     -0.089    17.1005   0.024737     2.8619    -0.1240  4.3341913    98.5253     -0.088    17.1005     0.1406     6.8277    101.254 -9.990e-29
       1113     -0.089    17.1001   0.024732     2.8619    -0.1240  4.3380817    98.5267     -0.088    17.1001     0.1406     6.8276    101.252 -9.990e-29
       1114     -0.089    17.0998   0.024727     2.8619    -0.1057  4.3424579    98.5281     -0.088    17.0998     0.1406     6.8276    101.250 -9.990e-29
       1115     -0.089    17.0995   0.024721     2.8619    -0.1057  4.3473504    98.5296     -0.088    17.0995     0.1405     6.8275    101.248 -9.990e-29
       1116     -0.089    17.0991   0.024717     2.8619    -0.1240  4.3527932    98.5311     -0.088    17.0991     0.1405     6.8274    101.246 -9.990e-29
       1117     -0.090    17.0988   0.024712     2.8619    -0.1240  4.3588242    98.5326     -0.089    17.0988     0.1405     6.8273    101.244 -9.990e-29
       1118     -0.090    17.0984   0.024707     2.8619    -0.1057  4.3654853    98.5341     -0.089    17.0984     0.1405     6.8272    101.242 -9.990e-29
       1119     -0.090    17.0981   0.024703     2.8619    -0.1240  4.3726530    98.5355     -0.089    17.0981     0.1404     6.8271    101.240 -9.990e-29
       1120     -0.090    17.0978   0.024699     2.8618    -0.1240  4.3798675    98.5370     -0.089    17.0978     0.1404     6.8267    101.234 -9.990e-29
       1121     -0.090    17.0974   0.024696     2.8618    -0.1057  4.3866694    98.5385     -0.089    17.0974     0.1404     6.8266    101.231 -9.990e-29
       1122     -0.090    17.0971   0.024693     2.8618    -0.1057  4.3929360    98.5399     -0.089    17.0971     0.1404     6.8266    101.230 -9.990e-29
       1123     -0.090    17.0968   0.024690     2.8618    -0.1240  4.3987111    98.5413     -0.089    17.0968     0.1404     6.8265    101.228 -9.990e-29
       1124     -0.090    17.0965   0.024689     2.8617    -0.1057  4.4040347    98.5427     -0.089    17.0965     0.1404     6.8261    101.222 -9.990e-29
       1125     -0.090    17.0961   0.024688     2.8617    -0.1240  4.4089439    98.5440     -0.089    17.0961     0.1403     6.8260    101.220 -9.990e-29
       1126     -0.090    17.0958   0.024688     2.8617    -0.1057  4.4134729    98.5452     -0.089    17.0958     0.1403     6.8260    101.218 -9.990e-29
       1127     -0.090    17.0955   0.024688     2.8617    -0.1057  4.4176531    98.5464     -0.089    17.0955     0.1404     6.8259    101.216 -9.990e-29
       1128     -0.090    17.0952   0.024689     2.8617    -0.1057  4.4215137    98.5476     -0.089    17.0952     0.1404     6.8258    101.214 -9.990e-29
       1129     -0.090    17.0949   0.024690     2.8616    -0.1240  4.4250814    98.5488     -0.089    17.0949     0.1404     6.8255    101.209 -9.990e-29
       1130     -0.090    17.0946   0.024692     2.8616    -0.1057  4.4283812    98.5500     -0.089    17.0946     0.1404     6.8255    101.208 -9.990e-29
       1131     -0.090    17.0943   0.024693     2.8616    -0.1057  4.4314359    98.5512     -0.089    17.0943     0.1404     6.8255    101.208 -9.990e-29
       1132     -0.090    17.0940   0.024696     2.8616    -0.1057  4.4342669    98.5524     -0.089    17.0940     0.1404     6.8255    101.208 -9.990e-29
       1133     -0.090    17.0937   0.024699     2.8616    -0.1057  4.4368938    98.5535     -0.089    17.0937     0.1404     6.8255    101.207 -9.990e-29
       1134     -0.091    17.0934   0.024702     2.8616    -0.1057  4.4393348    98.5544     -0.090    17.0934     0.1404     6.8256    101.207 -9.990e-29
       1135     -0.091    17.0931   0.024705     2.8616    -0.1057  4.4416071    98.5553     -0.090    17.0931     0.1405     6.8257    101.208 -9.990e-29
