data/2023/2023_wed/06CTD11.cnv
* Sea-Bird SBE 9 Data File:
* FileName = C:\Users\ctd-user\Desktop\CTD_data\2023\MAR440 Sept 2023\06CTD11.hex
* Software Version Seasave V 7.26.2.13
* Temperature SN = 4493
* Conductivity SN = 1899
* Number of Bytes Per Scan = 37
* Number of Voltage Words = 4
* Number of Scans Averaged by the Deck Unit = 1
* NMEA Latitude = 58 18.78 N
* NMEA Longitude = 011 46.39 E
* NMEA UTC (Time) = Sep 06 2023 10:52:51
* NMEA baud rate = 4800
** Ship:
** Station:
** Operator:
# nquan = 14                                
# nvalues = 2545                        
# units = specified
# name 0 = scan: Scan Count
# name 1 = prDM: Pressure, Digiquartz [db]
# name 2 = t090C: Temperature [ITS-90, deg C]
# name 3 = c0S/m: Conductivity [S/m]
# name 4 = sbeox0V: Oxygen raw, SBE 43 [V]
# name 5 = flECO-AFL: Fluorescence, WET Labs ECO-AFL/FL [mg/m^3]
# name 6 = upoly0: Upoly 0, Turbidity
# name 7 = xmiss: Beam Transmission, Chelsea/Seatech [%]
# name 8 = depSM: Depth [salt water, m], lat = 58.313
# name 9 = potemp090C: Potential Temperature [ITS-90, deg C]
# name 10 = sal00: Salinity, Practical [PSU]
# name 11 = sbeox0ML/L: Oxygen, SBE 43 [ml/l], WS = 2
# name 12 = sbeox0PS: Oxygen, SBE 43 [% saturation], WS = 2
# name 13 = flag: flag
# span 0 =          1,       2545       
# span 1 =     -0.117,     12.808       
# span 2 =    16.8637,    18.4469       
# span 3 =   0.018641,   3.246600       
# span 4 =     1.2737,     2.9730       
# span 5 =    -0.1789,     3.7588       
# span 6 =  4.0949808,  8.8986082       
# span 7 =    77.7081,    97.3816       
# span 8 =     -0.116,     12.689       
# span 9 =    16.8618,    18.4467       
# span 10 =     0.1052,    24.4762      
# span 11 =     1.8900,     7.1133      
# span 12 =     32.320,    107.722      
# span 13 = 0.0000e+00, 0.0000e+00      
# interval = seconds: 0.0416667
# start_time = Sep 06 2023 10:52:51 [NMEA time, header]
# bad_flag = -9.990e-29
*END*
[from data line 1239]
       1240      1.124    18.4279   2.785791     2.8159     3.5024  4.9683016    79.6378      1.114    18.4277    19.9110     5.8040     99.532 -9.990e-29
       1241      1.124    18.4280   2.785691     2.8161     3.5024  4.9687822    79.6333      1.114    18.4278    19.9102     5.8044     99.539 -9.990e-29
       1242      1.123    18.4281   2.785593     2.8162     3.4841  4.9693795    79.6289      1.113    18.4279    19.9094     5.8046     99.542 -9.990e-29
       1243      1.122    18.4282   2.785497     2.8164     3.4841  4.9700977    79.6246      1.112    18.4280    19.9086     5.8050     99.549 -9.990e-29
       1244      1.121    18.4283   2.785406     2.8166     3.4841  4.9709417    79.6205      1.111    18.4281    19.9078     5.8054     99.555 -9.990e-29
       1245      1.120    18.4283   2.785318     2.8168     3.4841  4.9719175    79.6166      1.110    18.4281    19.9071     5.8057     99.561 -9.990e-29
       1246      1.119    18.4284   2.785236     2.8170     3.4841  4.9730318    79.6127      1.109    18.4282    19.9064     5.8061     99.566 -9.990e-29
       1247      1.119    18.4286   2.785159     2.8172     3.4841  4.9742924    79.6087      1.109    18.4284    19.9057     5.8064     99.571 -9.990e-29
       1248      1.118    18.4287   2.785085     2.8173     3.4841  4.9757080    79.6047      1.108    18.4285    19.9051     5.8064     99.572 -9.990e-29
       1249      1.117    18.4288   2.785014     2.8175     3.5024  4.9772036    79.6006      1.107    18.4286    19.9045     5.8067     99.576 -9.990e-29
       1250      1.117    18.4289   2.784944     2.8177     3.4841  4.9786196    79.5966      1.107    18.4287    19.9039     5.8070     99.581 -9.990e-29
       1251      1.116    18.4290   2.784875     2.8178     3.4841  4.9798810    79.5925      1.106    18.4288    19.9033     5.8070     99.581 -9.990e-29
       1252      1.115    18.4291   2.784805     2.8180     3.4841  4.9809966    79.5880      1.105    18.4289    19.9027     5.8073     99.586 -9.990e-29
       1253      1.115    18.4292   2.784734     2.8181     3.4841  4.9819742    79.5824      1.105    18.4290    19.9021     5.8072     99.585 -9.990e-29
       1254      1.114    18.4294   2.784660     2.8183     3.4475  4.9828204    79.5756      1.104    18.4292    19.9014     5.8075     99.589 -9.990e-29
       1255      1.113    18.4295   2.784582     2.8184     3.4841  4.9835413    79.5674      1.103    18.4293    19.9008     5.8075     99.589 -9.990e-29
       1256      1.113    18.4296   2.784502     2.8185     3.5024  4.9841418    79.5580      1.103    18.4294    19.9001     5.8075     99.589 -9.990e-29
       1257      1.112    18.4298   2.784418     2.8186     3.4841  4.9846261    79.5473      1.102    18.4296    19.8993     5.8074     99.588 -9.990e-29
       1258      1.112    18.4299   2.784329     2.8188     3.4841  4.9849975    79.5351      1.102    18.4297    19.8986     5.8076     99.591 -9.990e-29
       1259      1.111    18.4300   2.784234     2.8189     3.4841  4.9852588    79.5216      1.101    18.4298    19.8978     5.8076     99.590 -9.990e-29
       1260      1.111    18.4301   2.784134     2.8190     3.5024  4.9854116    79.5068      1.101    18.4299    19.8970     5.8076     99.590 -9.990e-29
       1261      1.111    18.4303   2.784028     2.8191     3.5024  4.9854570    79.4909      1.101    18.4301    19.8960     5.8075     99.589 -9.990e-29
       1262      1.111    18.4304   2.783917     2.8192     3.5024  4.9853954    79.4740      1.101    18.4302    19.8951     5.8075     99.587 -9.990e-29
       1263      1.110    18.4305   2.783801     2.8193     3.4841  4.9852263    79.4559      1.100    18.4303    19.8942     5.8074     99.586 -9.990e-29
       1264      1.110    18.4306   2.783681     2.8195     3.4841  4.9849486    79.4366      1.100    18.4304    19.8932     5.8076     99.589 -9.990e-29
       1265      1.110    18.4307   2.783555     2.8196     3.4841  4.9845603    79.4158      1.100    18.4305    19.8921     5.8076     99.588 -9.990e-29
       1266      1.110    18.4307   2.783423     2.8197     3.5024  4.9840586    79.3934      1.100    18.4305    19.8911     5.8076     99.587 -9.990e-29
       1267      1.110    18.4308   2.783283     2.8198     3.4841  4.9834403    79.3702      1.100    18.4306    19.8899     5.8075     99.586 -9.990e-29
       1268      1.110    18.4309   2.783136     2.8198     3.5024  4.9827008    79.3469      1.100    18.4307    19.8887     5.8072     99.580 -9.990e-29
       1269      1.111    18.4310   2.782984     2.8199     3.5024  4.9818351    79.3239      1.101    18.4308    19.8875     5.8071     99.578 -9.990e-29
       1270      1.111    18.4310   2.782830     2.8200     3.4841  4.9808372    79.3009      1.101    18.4308    19.8863     5.8071     99.577 -9.990e-29
       1271      1.111    18.4311   2.782678     2.8201     3.4841  4.9797001    79.2772      1.101    18.4309    19.8850     5.8071     99.575 -9.990e-29
       1272      1.112    18.4312   2.782531     2.8202     3.4841  4.9784159    79.2528      1.102    18.4310    19.8838     5.8070     99.574 -9.990e-29
       1273      1.112    18.4313   2.782393     2.8203     3.4841  4.9769757    79.2282      1.102    18.4311    19.8827     5.8070     99.573 -9.990e-29
       1274      1.113    18.4313   2.782267     2.8204     3.4841  4.9754544    79.2033      1.103    18.4311    19.8817     5.8069     99.571 -9.990e-29
       1275      1.113    18.4314   2.782156     2.8205     3.4841  4.9740112    79.1782      1.103    18.4312    19.8808     5.8069     99.570 -9.990e-29
       1276      1.114    18.4315   2.782062     2.8206     3.5024  4.9727212    79.1526      1.104    18.4313    19.8800     5.8068     99.569 -9.990e-29
       1277      1.115    18.4316   2.781980     2.8206     3.5024  4.9715752    79.1265      1.105    18.4314    19.8793     5.8065     99.564 -9.990e-29
       1278      1.115    18.4316   2.781911     2.8207     3.5024  4.9705654    79.0993      1.105    18.4314    19.8788     5.8065     99.563 -9.990e-29
       1279      1.116    18.4317   2.781853     2.8208     3.4658  4.9696848    79.0705      1.106    18.4315    19.8783     5.8064     99.562 -9.990e-29
       1280      1.117    18.4318   2.781805     2.8209     3.4841  4.9689271    79.0395      1.107    18.4316    19.8779     5.8064     99.561 -9.990e-29
       1281      1.118    18.4319   2.781766     2.8209     3.5024  4.9682871    79.0060      1.108    18.4317    19.8775     5.8061     99.556 -9.990e-29
       1282      1.118    18.4320   2.781738     2.8210     3.4841  4.9677604    78.9694      1.108    18.4318    19.8772     5.8060     99.555 -9.990e-29
       1283      1.119    18.4321   2.781720     2.8210     3.4841  4.9673433    78.9294      1.109    18.4319    19.8770     5.8057     99.550 -9.990e-29
       1284      1.120    18.4323   2.781711     2.8211     3.4841  4.9670329    78.8853      1.110    18.4321    19.8769     5.8057     99.550 -9.990e-29
       1285      1.121    18.4324   2.781714     2.8211     3.4841  4.9668271    78.8367      1.111    18.4322    19.8769     5.8054     99.545 -9.990e-29
       1286      1.122    18.4326   2.781724     2.8211     3.4841  4.9667243    78.7834      1.112    18.4324    19.8768     5.8051     99.540 -9.990e-29
       1287      1.123    18.4328   2.781742     2.8211     3.5024  4.9667240    78.7252      1.113    18.4326    19.8769     5.8048     99.535 -9.990e-29
       1288      1.124    18.4330   2.781762     2.8212     3.5024  4.9668260    78.6617      1.114    18.4328    19.8769     5.8047     99.535 -9.990e-29
       1289      1.126    18.4333   2.781779     2.8212     3.4841  4.9670312    78.5925      1.116    18.4331    19.8769     5.8044     99.530 -9.990e-29
       1290      1.127    18.4335   2.781791     2.8212     3.4841  4.9673408    78.5170      1.117    18.4333    19.8769     5.8042     99.526 -9.990e-29
       1291      1.128    18.4337   2.781794     2.8212     3.4841  4.9677572    78.4346      1.118    18.4335    19.8769     5.8039     99.522 -9.990e-29
       1292      1.130    18.4340   2.781789     2.8212     3.5024  4.9682832    78.3442      1.119    18.4338    19.8767     5.8037     99.518 -9.990e-29
       1293      1.131    18.4342   2.781769     2.8212     3.4841  4.9689223    78.2451      1.120    18.4340    19.8764     5.8034     99.513 -9.990e-29
       1294      1.133    18.4345   2.781728     2.8212     3.5024  4.9696792    78.1367      1.122    18.4343    19.8760     5.8031     99.509 -9.990e-29
       1295      1.134    18.4347   2.781659     2.8212     3.4841  4.9705590    78.0209      1.123    18.4345    19.8753     5.8029     99.505 -9.990e-29
       1296      1.136    18.4350   2.781554     2.8212     3.4841  4.9715679    77.9089      1.125    18.4348    19.8743     5.8026     99.501 -9.990e-29
       1297      1.137    18.4353   2.781410     2.8212     3.4841  4.9727129    77.8230      1.126    18.4351    19.8731     5.8024     99.497 -9.990e-29
       1298      1.139    18.4356   2.781225     2.8212     3.5024  4.9740020    77.7795      1.128    18.4354    19.8715     5.8022     99.494 -9.990e-29
       1299      1.140    18.4358   2.781001     2.8212     3.4841  4.9754440    77.7780      1.129    18.4356    19.8696     5.8021     99.490 -9.990e-29
       1300      1.142    18.4361   2.780744     2.8212     3.5024  4.9769642    77.8068      1.131    18.4359    19.8675     5.8019     99.486 -9.990e-29
       1301      1.143    18.4364   2.780462     2.8212     3.4841  4.9784032    77.8545      1.132    18.4362    19.8651     5.8018     99.483 -9.990e-29
       1302      1.144    18.4366   2.780161     2.8212     3.4841  4.9796861    77.9130      1.133    18.4364    19.8626     5.8016     99.480 -9.990e-29
       1303      1.146    18.4369   2.779847     2.8212     3.4841  4.9808218    77.9776      1.135    18.4367    19.8600     5.8015     99.477 -9.990e-29
       1304      1.148    18.4371   2.779521     2.8212     3.4841  4.9818182    78.0452      1.137    18.4369    19.8574     5.8014     99.474 -9.990e-29
       1305      1.149    18.4374   2.779184     2.8212     3.4841  4.9826822    78.1138      1.138    18.4372    19.8546     5.8013     99.472 -9.990e-29
       1306      1.151    18.4376   2.778832     2.8212     3.4841  4.9834199    78.1812      1.140    18.4374    19.8517     5.8013     99.469 -9.990e-29
       1307      1.152    18.4378   2.778462     2.8212     3.4841  4.9840364    78.2461      1.141    18.4376    19.8487     5.8012     99.467 -9.990e-29
       1308      1.154    18.4380   2.778078     2.8212     3.5024  4.9845359    78.3075      1.143    18.4378    19.8456     5.8012     99.465 -9.990e-29
       1309      1.156    18.4381   2.777686     2.8212     3.5024  4.9849220    78.3648      1.145    18.4379    19.8425     5.8012     99.463 -9.990e-29
       1310      1.157    18.4382   2.777289     2.8212     3.4841  4.9851973    78.4172      1.146    18.4380    19.8393     5.8012     99.462 -9.990e-29
       1311      1.159    18.4383   2.776888     2.8211     3.5024  4.9853638    78.4643      1.148    18.4381    19.8361     5.8010     99.457 -9.990e-29
       1312      1.160    18.4384   2.776485     2.8211     3.5024  4.9854226    78.5058      1.149    18.4382    19.8329     5.8011     99.456 -9.990e-29
       1313      1.162    18.4385   2.776090     2.8211     3.4841  4.9853740    78.5421      1.151    18.4383    19.8298     5.8011     99.455 -9.990e-29
       1314      1.164    18.4386   2.775704     2.8211     3.4841  4.9852179    78.5734      1.153    18.4384    19.8267     5.8012     99.455 -9.990e-29
       1315      1.165    18.4386   2.775330     2.8211     3.5024  4.9849531    78.5996      1.154    18.4384    19.8237     5.8013     99.455 -9.990e-29
       1316      1.167    18.4386   2.774969     2.8211     3.5024  4.9845777    78.6206      1.156    18.4384    19.8209     5.8014     99.456 -9.990e-29
       1317      1.169    18.4386   2.774622     2.8210     3.4841  4.9840891    78.6363      1.158    18.4384    19.8182     5.8013     99.452 -9.990e-29
       1318      1.171    18.4386   2.774296     2.8210     3.4841  4.9834840    78.6462      1.160    18.4384    19.8156     5.8015     99.453 -9.990e-29
       1319      1.173    18.4386   2.774001     2.8210     3.4841  4.9827581    78.6499      1.162    18.4384    19.8133     5.8016     99.454 -9.990e-29
       1320      1.175    18.4385   2.773744     2.8210     3.4841  4.9819064    78.6468      1.164    18.4383    19.8113     5.8018     99.456 -9.990e-29
       1321      1.176    18.4385   2.773533     2.8209     3.4841  4.9809229    78.6366      1.165    18.4383    19.8097     5.8017     99.453 -9.990e-29
       1322      1.178    18.4385   2.773368     2.8209     3.5024  4.9798008    78.6194      1.167    18.4383    19.8084     5.8019     99.455 -9.990e-29
       1323      1.180    18.4384   2.773236     2.8208     3.4841  4.9785324    78.5957      1.169    18.4382    19.8074     5.8018     99.454 -9.990e-29
       1324      1.182    18.4384   2.773129     2.8208     3.4841  4.9771087    78.5659      1.171    18.4382    19.8066     5.8020     99.456 -9.990e-29
       1325      1.184    18.4383   2.773038     2.8208     3.4108  4.9756049    78.5301      1.173    18.4381    19.8059     5.8022     99.459 -9.990e-29
       1326      1.186    18.4382   2.772965     2.8207     3.3925  4.9741803    78.4883      1.175    18.4380    19.8054     5.8022     99.459 -9.990e-29
       1327      1.188    18.4382   2.772912     2.8207     3.3925  4.9729099    78.4438      1.177    18.4380    19.8049     5.8024     99.462 -9.990e-29
       1328      1.190    18.4382   2.772878     2.8207     3.4108  4.9717850    78.4084      1.179    18.4380    19.8047     5.8027     99.467 -9.990e-29
       1329      1.192    18.4382   2.772862     2.8206     3.4108  4.9707977    78.3960      1.181    18.4380    19.8046     5.8027     99.467 -9.990e-29
       1330      1.194    18.4382   2.772859     2.8206     3.3925  4.9699411    78.4115      1.183    18.4380    19.8045     5.8030     99.472 -9.990e-29
       1331      1.196    18.4383   2.772869     2.8206     3.3925  4.9692093    78.4502      1.185    18.4381    19.8046     5.8033     99.478 -9.990e-29
       1332      1.198    18.4383   2.772891     2.8206     3.4108  4.9685972    78.5048      1.187    18.4381    19.8047     5.8036     99.483 -9.990e-29
       1333      1.200    18.4383   2.772923     2.8206     3.4108  4.9681005    78.5691      1.189    18.4381    19.8050     5.8040     99.489 -9.990e-29
       1334      1.201    18.4384   2.772964     2.8206     3.3925  4.9677157    78.6384      1.190    18.4382    19.8053     5.8043     99.495 -9.990e-29
       1335      1.203    18.4385   2.773007     2.8207     3.3925  4.9674403    78.7090      1.192    18.4383    19.8055     5.8049     99.506 -9.990e-29
       1336      1.205    18.4386   2.773052     2.8207     3.4108  4.9672722    78.7789      1.194    18.4384    19.8059     5.8053     99.512 -9.990e-29
       1337      1.207    18.4387   2.773094     2.8207     3.3925  4.9672104    78.8464      1.196    18.4385    19.8061     5.8056     99.519 -9.990e-29
       1338      1.209    18.4388   2.773126     2.8208     3.3925  4.9672543    78.9109      1.198    18.4386    19.8063     5.8062     99.530 -9.990e-29
       1339      1.210    18.4390   2.773140     2.8208     3.3925  4.9674043    78.9719      1.199    18.4388    19.8064     5.8066     99.537 -9.990e-29
       1340      1.212    18.4392   2.773132     2.8208     3.3925  4.9676614    79.0289      1.201    18.4390    19.8062     5.8070     99.544 -9.990e-29
       1341      1.214    18.4394   2.773103     2.8209     3.3925  4.9680275    79.0811      1.203    18.4392    19.8059     5.8077     99.556 -9.990e-29
