data/2023/2023_wed/06CTD06.cnv
* Sea-Bird SBE 9 Data File:
* FileName = C:\Users\ctd-user\Desktop\CTD_data\2023\MAR440 Sept 2023\06CTD06.hex
* Software Version Seasave V 7.26.2.13
* Temperature SN = 4493
* Conductivity SN = 1899
* Number of Bytes Per Scan = 37
* Number of Voltage Words = 4
* Number of Scans Averaged by the Deck Unit = 1
* NMEA Latitude = 58 19.37 N
* NMEA Longitude = 011 49.79 E
* NMEA UTC (Time) = Sep 06 2023 13:17:07
* NMEA baud rate = 4800
** Ship:
** Station:
** Operator:
# nquan = 14                                
# nvalues = 2043                        
# units = specified
# name 0 = scan: Scan Count
# name 1 = prDM: Pressure, Digiquartz [db]
# name 2 = t090C: Temperature [ITS-90, deg C]
# name 3 = c0S/m: Conductivity [S/m]
# name 4 = sbeox0V: Oxygen raw, SBE 43 [V]
# name 5 = flECO-AFL: Fluorescence, WET Labs ECO-AFL/FL [mg/m^3]
# name 6 = upoly0: Upoly 0, Turbidity
# name 7 = xmiss: Beam Transmission, Chelsea/Seatech [%]
# name 8 = depSM: Depth [salt water, m], lat = 58.3228
# name 9 = potemp090C: Potential Temperature [ITS-90, deg C]
# name 10 = sal00: Salinity, Practical [PSU]
# name 11 = sbeox0ML/L: Oxygen, SBE 43 [ml/l], WS = 2
# name 12 = sbeox0PS: Oxygen, SBE 43 [% saturation], WS = 2
# name 13 = flag: flag
# span 0 =          1,       2043       
# span 1 =      1.219,     16.829       
# span 2 =    13.5157,    18.7407       
# span 3 =   2.353151,   3.375215       
# span 4 =     0.7566,     3.1687       
# span 5 =     0.1874,    11.4511       
# span 6 =  4.5744887,  5.4888805       
# span 7 =    61.0232,    94.2904       
# span 8 =      1.208,     16.672       
# span 9 =    13.5136,    18.7405       
# span 10 =    16.4287,    27.7984      
# span 11 =     0.6341,     6.7762      
# span 12 =     10.373,    114.534      
# span 13 = 0.0000e+00, 0.0000e+00      
# interval = seconds: 0.0416667
# start_time = Sep 06 2023 13:17:07 [NMEA time, header]
# bad_flag = -9.990e-29
*END*
[from data line 310]
        311      1.257    18.7176   2.363375     3.1490    10.2790  5.4509924    63.7587      1.245    18.7174    16.5097     6.7263    113.671 -9.990e-29
        312      1.258    18.7176   2.363055     3.1490    10.2790  5.4519008    63.7627      1.246    18.7174    16.5073     6.7259    113.663 -9.990e-29
        313      1.258    18.7175   2.362733     3.1490    10.2606  5.4528893    63.7677      1.246    18.7173    16.5049     6.7255    113.655 -9.990e-29
        314      1.258    18.7175   2.362414     3.1490    10.2790  5.4539645    63.7736      1.246    18.7173    16.5024     6.7252    113.647 -9.990e-29
        315      1.259    18.7174   2.362106     3.1490    10.2790  5.4551341    63.7801      1.247    18.7172    16.5001     6.7249    113.641 -9.990e-29
        316      1.259    18.7174   2.361817     3.1491    10.2790  5.4564062    63.7869      1.247    18.7172    16.4979     6.7249    113.639 -9.990e-29
        317      1.260    18.7174   2.361559     3.1491    10.2973  5.4577896    63.7936      1.248    18.7172    16.4959     6.7246    113.634 -9.990e-29
        318      1.261    18.7173   2.361339     3.1491    10.2790  5.4592939    63.8004      1.249    18.7171    16.4943     6.7244    113.629 -9.990e-29
        319      1.261    18.7173   2.361156     3.1491    10.2790  5.4609296    63.8071      1.249    18.7171    16.4929     6.7242    113.624 -9.990e-29
        320      1.262    18.7172   2.361008     3.1491    10.2973  5.4626231    63.8139      1.250    18.7170    16.4918     6.7241    113.620 -9.990e-29
        321      1.263    18.7172   2.360896     3.1491    10.2973  5.4642164    63.8207      1.251    18.7170    16.4909     6.7239    113.617 -9.990e-29
        322      1.263    18.7171   2.360820     3.1491    10.2973  5.4656356    63.8278      1.251    18.7169    16.4904     6.7238    113.614 -9.990e-29
        323      1.264    18.7171   2.360780     3.1491    10.2973  5.4668905    63.8352      1.252    18.7169    16.4901     6.7237    113.612 -9.990e-29
        324      1.265    18.7170   2.360770     3.1491    10.2973  5.4679899    63.8426      1.253    18.7168    16.4901     6.7235    113.610 -9.990e-29
        325      1.266    18.7169   2.360780     3.1492    10.2973  5.4689415    63.8499      1.254    18.7167    16.4902     6.7237    113.613 -9.990e-29
        326      1.267    18.7168   2.360804     3.1492    10.3156  5.4697518    63.8572      1.255    18.7166    16.4904     6.7237    113.612 -9.990e-29
        327      1.268    18.7168   2.360837     3.1492    10.2973  5.4704265    63.8646      1.256    18.7166    16.4907     6.7236    113.612 -9.990e-29
        328      1.269    18.7167   2.360875     3.1492    10.2973  5.4709703    63.8722      1.257    18.7165    16.4910     6.7236    113.612 -9.990e-29
        329      1.270    18.7165   2.360916     3.1492    10.2973  5.4713869    63.8797      1.258    18.7163    16.4914     6.7237    113.612 -9.990e-29
        330      1.271    18.7164   2.360968     3.1493    10.2973  5.4716793    63.8872      1.259    18.7162    16.4918     6.7239    113.617 -9.990e-29
        331      1.272    18.7163   2.361031     3.1493    10.2973  5.4718496    63.8948      1.260    18.7161    16.4923     6.7239    113.617 -9.990e-29
        332      1.273    18.7162   2.361112     3.1493    10.2973  5.4718988    63.9028      1.261    18.7160    16.4930     6.7240    113.617 -9.990e-29
        333      1.274    18.7160   2.361211     3.1494    10.2973  5.4718273    63.9114      1.262    18.7158    16.4938     6.7242    113.622 -9.990e-29
        334      1.275    18.7159   2.361334     3.1494    10.2973  5.4716347    63.9209      1.263    18.7157    16.4948     6.7243    113.623 -9.990e-29
        335      1.276    18.7157   2.361483     3.1494    10.2973  5.4713195    63.9316      1.264    18.7155    16.4960     6.7243    113.623 -9.990e-29
        336      1.277    18.7154   2.361659     3.1495    10.3339  5.4708797    63.9435      1.265    18.7152    16.4975     6.7245    113.628 -9.990e-29
        337      1.278    18.7152   2.361865     3.1495    10.2973  5.4703121    63.9567      1.266    18.7150    16.4991     6.7245    113.629 -9.990e-29
        338      1.280    18.7149   2.362097     3.1495    10.2973  5.4696128    63.9712      1.268    18.7147    16.5010     6.7245    113.629 -9.990e-29
        339      1.281    18.7146   2.362360     3.1496    10.2973  5.4687769    63.9868      1.269    18.7144    16.5032     6.7247    113.633 -9.990e-29
        340      1.282    18.7144   2.362651     3.1496    10.2790  5.4677986    64.0034      1.270    18.7142    16.5055     6.7246    113.633 -9.990e-29
        341      1.283    18.7141   2.362972     3.1496    10.2973  5.4666711    64.0205      1.271    18.7139    16.5080     6.7246    113.633 -9.990e-29
        342      1.285    18.7138   2.363325     3.1497    10.2973  5.4653866    64.0378      1.273    18.7136    16.5109     6.7247    113.637 -9.990e-29
        343      1.286    18.7134   2.363713     3.1497    10.2973  5.4639361    64.0548      1.274    18.7132    16.5140     6.7246    113.637 -9.990e-29
        344      1.287    18.7131   2.364141     3.1498    10.2790  5.4623095    64.0712      1.275    18.7129    16.5174     6.7248    113.641 -9.990e-29
        345      1.289    18.7128   2.364618     3.1498    10.2423  5.4605805    64.0868      1.277    18.7126    16.5211     6.7246    113.640 -9.990e-29
        346      1.290    18.7125   2.365147     3.1499    10.2240  5.4589069    64.1014      1.278    18.7123    16.5253     6.7247    113.643 -9.990e-29
        347      1.291    18.7122   2.365729     3.1499    10.2240  5.4573621    64.1149      1.279    18.7120    16.5299     6.7244    113.641 -9.990e-29
        348      1.293    18.7119   2.366361     3.1499    10.2240  5.4559351    64.1272      1.281    18.7117    16.5348     6.7241    113.639 -9.990e-29
        349      1.294    18.7116   2.367032     3.1500    10.2240  5.4546163    64.1384      1.282    18.7114    16.5401     6.7241    113.642 -9.990e-29
        350      1.296    18.7112   2.367725     3.1500    10.2240  5.4533962    64.1486      1.284    18.7110    16.5455     6.7238    113.640 -9.990e-29
        351      1.297    18.7109   2.368436     3.1500    10.2240  5.4522666    64.1581      1.285    18.7107    16.5511     6.7235    113.637 -9.990e-29
        352      1.298    18.7105   2.369173     3.1501    10.2240  5.4512194    64.1673      1.286    18.7103    16.5569     6.7234    113.639 -9.990e-29
        353      1.300    18.7102   2.369949     3.1501    10.2240  5.4502475    64.1764      1.288    18.7100    16.5629     6.7231    113.637 -9.990e-29
        354      1.301    18.7099   2.370766     3.1501    10.2240  5.4493440    64.1855      1.289    18.7097    16.5693     6.7227    113.634 -9.990e-29
        355      1.303    18.7097   2.371607     3.1501    10.2240  5.4485028    64.1949      1.291    18.7095    16.5758     6.7223    113.631 -9.990e-29
        356      1.304    18.7096   2.372448     3.1502    10.2423  5.4477178    64.2050      1.292    18.7094    16.5823     6.7222    113.633 -9.990e-29
        357      1.305    18.7095   2.373277     3.1502    10.2240  5.4469838    64.2159      1.293    18.7093    16.5887     6.7218    113.631 -9.990e-29
        358      1.307    18.7094   2.374101     3.1502    10.2423  5.4462954    64.2277      1.295    18.7092    16.5950     6.7214    113.628 -9.990e-29
        359      1.308    18.7095   2.374933     3.1502    10.2240  5.4456481    64.2401      1.296    18.7093    16.6014     6.7210    113.626 -9.990e-29
        360      1.309    18.7096   2.375790     3.1502    10.2057  5.4450372    64.2525      1.297    18.7094    16.6079     6.7206    113.623 -9.990e-29
        361      1.311    18.7097   2.376672     3.1502    10.2240  5.4444586    64.2648      1.299    18.7095    16.6146     6.7202    113.621 -9.990e-29
        362      1.312    18.7099   2.377578     3.1502    10.2240  5.4439082    64.2773      1.300    18.7097    16.6214     6.7198    113.619 -9.990e-29
        363      1.313    18.7101   2.378488     3.1502    10.2057  5.4433821    64.2898      1.301    18.7099    16.6283     6.7193    113.618 -9.990e-29
        364      1.315    18.7102   2.379362     3.1502    10.2240  5.4428767    64.3023      1.303    18.7100    16.6350     6.7190    113.616 -9.990e-29
        365      1.316    18.7104   2.380156     3.1502    10.2240  5.4423885    64.3137      1.304    18.7102    16.6410     6.7186    113.615 -9.990e-29
        366      1.317    18.7106   2.380838     3.1502    10.2240  5.4419141    64.3229      1.305    18.7104    16.6461     6.7183    113.613 -9.990e-29
        367      1.318    18.7108   2.381402     3.1502    10.2240  5.4414502    64.3292      1.306    18.7106    16.6503     6.7181    113.613 -9.990e-29
        368      1.319    18.7109   2.381853     3.1502    10.2240  5.4409936    64.3322      1.307    18.7107    16.6537     6.7179    113.612 -9.990e-29
        369      1.320    18.7111   2.382201     3.1501    10.2240  5.4405411    64.3319      1.308    18.7109    16.6563     6.7175    113.608 -9.990e-29
        370      1.321    18.7111   2.382447     3.1501    10.2240  5.4400895    64.3290      1.309    18.7109    16.6582     6.7175    113.608 -9.990e-29
        371      1.322    18.7112   2.382594     3.1501    10.2057  5.4396357    64.3245      1.310    18.7110    16.6593     6.7175    113.609 -9.990e-29
        372      1.323    18.7112   2.382652     3.1500    10.2057  5.4391766    64.3197      1.311    18.7110    16.6597     6.7173    113.606 -9.990e-29
        373      1.324    18.7112   2.382638     3.1500    10.2057  5.4387089    64.3150      1.312    18.7110    16.6596     6.7173    113.607 -9.990e-29
        374      1.325    18.7112   2.382567     3.1500    10.2057  5.4382294    64.3101      1.313    18.7110    16.6591     6.7175    113.609 -9.990e-29
        375      1.326    18.7112   2.382436     3.1499    10.2240  5.4377348    64.3048      1.314    18.7110    16.6581     6.7174    113.607 -9.990e-29
        376      1.327    18.7113   2.382237     3.1499    10.2057  5.4372216    64.2993      1.315    18.7111    16.6565     6.7176    113.609 -9.990e-29
        377      1.328    18.7113   2.381970     3.1499    10.2057  5.4366862    64.2941      1.316    18.7111    16.6545     6.7178    113.613 -9.990e-29
        378      1.329    18.7113   2.381657     3.1499    10.2057  5.4361250    64.2892      1.317    18.7111    16.6521     6.7181    113.616 -9.990e-29
        379      1.330    18.7114   2.381331     3.1499    10.1874  5.4355340    64.2847      1.318    18.7112    16.6495     6.7184    113.620 -9.990e-29
        380      1.331    18.7115   2.381021     3.1499    10.2057  5.4349091    64.2801      1.319    18.7113    16.6471     6.7188    113.623 -9.990e-29
        381      1.331    18.7115   2.380741     3.1499    10.2057  5.4342460    64.2755      1.319    18.7113    16.6450     6.7191    113.628 -9.990e-29
        382      1.332    18.7116   2.380489     3.1499    10.2057  5.4335400    64.2710      1.320    18.7114    16.6430     6.7194    113.632 -9.990e-29
        383      1.333    18.7117   2.380254     3.1499    10.2057  5.4327863    64.2671      1.321    18.7115    16.6412     6.7198    113.637 -9.990e-29
        384      1.334    18.7118   2.380029     3.1499    10.2057  5.4319796    64.2639      1.322    18.7116    16.6394     6.7202    113.643 -9.990e-29
        385      1.334    18.7119   2.379807     3.1499    10.2057  5.4311142    64.2615      1.322    18.7117    16.6377     6.7205    113.648 -9.990e-29
        386      1.335    18.7120   2.379585     3.1500    10.2057  5.4301842    64.2600      1.323    18.7118    16.6359     6.7212    113.658 -9.990e-29
        387      1.335    18.7120   2.379356     3.1500    10.2057  5.4291831    64.2590      1.323    18.7118    16.6342     6.7216    113.664 -9.990e-29
        388      1.336    18.7121   2.379112     3.1500    10.2057  5.4281040    64.2579      1.324    18.7119    16.6323     6.7221    113.671 -9.990e-29
        389      1.336    18.7121   2.378852     3.1501    10.2057  5.4269393    64.2563      1.324    18.7119    16.6303     6.7228    113.682 -9.990e-29
        390      1.337    18.7121   2.378585     3.1501    10.2057  5.4256809    64.2543      1.325    18.7119    16.6283     6.7233    113.689 -9.990e-29
        391      1.338    18.7121   2.378319     3.1502    10.2057  5.4243200    64.2523      1.326    18.7119    16.6262     6.7241    113.701 -9.990e-29
        392      1.338    18.7120   2.378059     3.1502    10.2057  5.4228473    64.2508      1.326    18.7118    16.6243     6.7246    113.708 -9.990e-29
        393      1.339    18.7119   2.377803     3.1503    10.2057  5.4212524    64.2497      1.327    18.7117    16.6223     6.7254    113.720 -9.990e-29
        394      1.339    18.7118   2.377533     3.1504    10.2240  5.4195243    64.2490      1.327    18.7116    16.6203     6.7262    113.732 -9.990e-29
        395      1.340    18.7118   2.377231     3.1505    10.1324  5.4176509    64.2484      1.328    18.7116    16.6180     6.7270    113.744 -9.990e-29
        396      1.340    18.7117   2.376899     3.1505     9.7845  5.4157042    64.2482      1.328    18.7115    16.6155     6.7276    113.752 -9.990e-29
        397      1.341    18.7116   2.376561     3.1506     9.6379  5.4138404    64.2484      1.329    18.7114    16.6130     6.7284    113.764 -9.990e-29
        398      1.341    18.7116   2.376250     3.1507     9.6196  5.4121316    64.2489      1.329    18.7114    16.6106     6.7292    113.776 -9.990e-29
        399      1.342    18.7116   2.375995     3.1508     9.6379  5.4105659    64.2490      1.330    18.7114    16.6086     6.7300    113.788 -9.990e-29
        400      1.342    18.7116   2.375816     3.1509     9.6379  5.4091324    64.2480      1.330    18.7114    16.6073     6.7307    113.799 -9.990e-29
        401      1.343    18.7116   2.375719     3.1510     9.6379  5.4078210    64.2456      1.331    18.7114    16.6065     6.7315    113.811 -9.990e-29
        402      1.343    18.7116   2.375701     3.1511     9.6379  5.4066228    64.2417      1.331    18.7114    16.6064     6.7321    113.822 -9.990e-29
        403      1.344    18.7116   2.375757     3.1512     9.6379  5.4055293    64.2363      1.332    18.7114    16.6068     6.7328    113.834 -9.990e-29
        404      1.344    18.7116   2.375872     3.1513     9.6379  5.4045329    64.2297      1.332    18.7114    16.6077     6.7334    113.845 -9.990e-29
        405      1.344    18.7117   2.376031     3.1514     9.6379  5.4036268    64.2226      1.332    18.7115    16.6089     6.7340    113.856 -9.990e-29
        406      1.345    18.7117   2.376218     3.1515     9.6379  5.4028045    64.2159      1.332    18.7115    16.6103     6.7346    113.866 -9.990e-29
        407      1.345    18.7117   2.376415     3.1516     9.6379  5.4020605    64.2099      1.332    18.7115    16.6118     6.7351    113.877 -9.990e-29
        408      1.345    18.7117   2.376608     3.1518     9.6379  5.4013894    64.2045      1.332    18.7115    16.6133     6.7359    113.891 -9.990e-29
        409      1.345    18.7117   2.376783     3.1519     9.6379  5.4007867    64.1993      1.332    18.7115    16.6146     6.7364    113.900 -9.990e-29
        410      1.345    18.7117   2.376932     3.1521     9.6379  5.4002481    64.1940      1.332    18.7115    16.6158     6.7371    113.913 -9.990e-29
        411      1.346    18.7117   2.377056     3.1522     9.6379  5.3997700    64.1890      1.333    18.7115    16.6167     6.7376    113.922 -9.990e-29
        412      1.345    18.7117   2.377158     3.1524     9.6379  5.3993489    64.1841      1.332    18.7115    16.6175     6.7383    113.935 -9.990e-29
