data/2023/2023_wed/06CTD09.cnv
* Sea-Bird SBE 9 Data File:
* FileName = C:\Users\ctd-user\Desktop\CTD_data\2023\MAR440 Sept 2023\06CTD09.hex
* Software Version Seasave V 7.26.2.13
* Temperature SN = 4493
* Conductivity SN = 1899
* Number of Bytes Per Scan = 37
* Number of Voltage Words = 4
* Number of Scans Averaged by the Deck Unit = 1
* NMEA Latitude = 58 19.17 N
* NMEA Longitude = 011 48.40 E
* NMEA UTC (Time) = Sep 06 2023 10:23:56
* NMEA baud rate = 4800
** Ship:
** Station:
** Operator:
# nquan = 14                                
# nvalues = 4555                        
# units = specified
# name 0 = scan: Scan Count
# name 1 = prDM: Pressure, Digiquartz [db]
# name 2 = t090C: Temperature [ITS-90, deg C]
# name 3 = c0S/m: Conductivity [S/m]
# name 4 = sbeox0V: Oxygen raw, SBE 43 [V]
# name 5 = flECO-AFL: Fluorescence, WET Labs ECO-AFL/FL [mg/m^3]
# name 6 = upoly0: Upoly 0, Turbidity
# name 7 = xmiss: Beam Transmission, Chelsea/Seatech [%]
# name 8 = depSM: Depth [salt water, m], lat = 58.3195
# name 9 = potemp090C: Potential Temperature [ITS-90, deg C]
# name 10 = sal00: Salinity, Practical [PSU]
# name 11 = sbeox0ML/L: Oxygen, SBE 43 [ml/l], WS = 2
# name 12 = sbeox0PS: Oxygen, SBE 43 [% saturation], WS = 2
# name 13 = flag: flag
# span 0 =          1,       4555       
# span 1 =     -0.092,     31.210       
# span 2 =     7.0632,    18.3846       
# span 3 =   0.044846,   3.432849       
# span 4 =     0.9293,     2.8678       
# span 5 =    -0.1606,     4.2899       
# span 6 =  4.0967647,  8.5978219       
# span 7 =    65.6230,    99.7863       
# span 8 =     -0.091,     30.918       
# span 9 =     7.0605,    18.3836       
# span 10 =     0.2586,    32.1742      
# span 11 =     1.0831,     6.7806      
# span 12 =     17.837,    101.710      
# span 13 = 0.0000e+00, 0.0000e+00      
# interval = seconds: 0.0416667
# start_time = Sep 06 2023 10:23:56 [NMEA time, header]
# bad_flag = -9.990e-29
*END*
[from data line 3510]
       3511     18.507    13.3429   3.401592     0.9453     0.2423  4.5611055    95.3992     18.334    13.3405    28.2003     1.2112     19.725 0.0000e+00
       3512     18.530    13.3276   3.400919     0.9457     0.2606  4.5610904    95.3966     18.357    13.3252    28.2054     1.2133     19.754 0.0000e+00
       3513     18.552    13.3128   3.400243     0.9461     0.2423  4.5610740    95.3960     18.379    13.3104    28.2101     1.2154     19.782 0.0000e+00
       3514     18.575    13.2984   3.399567     0.9465     0.2423  4.5610561    95.3969     18.402    13.2960    28.2145     1.2175     19.810 0.0000e+00
       3515     18.598    13.2845   3.398895     0.9468     0.2423  4.5610367    95.3990     18.424    13.2821    28.2186     1.2193     19.834 0.0000e+00
       3516     18.621    13.2709   3.398231     0.9472     0.2423  4.5610155    95.4023     18.447    13.2685    28.2226     1.2213     19.862 0.0000e+00
       3517     18.644    13.2578   3.397577     0.9476     0.2423  4.5609924    95.4071     18.470    13.2554    28.2263     1.2233     19.890 0.0000e+00
       3518     18.667    13.2451   3.396937     0.9480     0.2423  4.5609673    95.4135     18.493    13.2427    28.2298     1.2253     19.918 0.0000e+00
       3519     18.690    13.2329   3.396311     0.9485     0.2423  4.5609400    95.4216     18.515    13.2305    28.2330     1.2275     19.949 0.0000e+00
       3520     18.713    13.2210   3.395703     0.9489     0.2240  4.5609103    95.4308     18.538    13.2186    28.2362     1.2294     19.975 0.0000e+00
       3521     18.736    13.2096   3.395113     0.9493     0.2423  4.5608780    95.4415     18.561    13.2072    28.2393     1.2313     20.001 0.0000e+00
       3522     18.759    13.1985   3.394544     0.9497     0.2240  4.5608429    95.4542     18.584    13.1961    28.2422     1.2332     20.027 0.0000e+00
       3523     18.782    13.1878   3.393998     0.9501     0.2240  4.5608047    95.4695     18.607    13.1854    28.2451     1.2350     20.053 0.0000e+00
       3524     18.805    13.1773   3.393474     0.9506     0.2240  4.5607631    95.4871     18.629    13.1749    28.2481     1.2370     20.082 0.0000e+00
       3525     18.828    13.1672   3.392974     0.9510     0.2240  4.5607179    95.5059     18.652    13.1648    28.2510     1.2388     20.106 0.0000e+00
       3526     18.851    13.1573   3.392497     0.9514     0.2240  4.5606688    95.5252     18.675    13.1549    28.2539     1.2405     20.130 0.0000e+00
       3527     18.874    13.1477   3.392044     0.9518     0.2240  4.5606154    95.5445     18.698    13.1453    28.2568     1.2421     20.153 0.0000e+00
       3528     18.897    13.1383   3.391613     0.9523     0.2240  4.5605574    95.5639     18.721    13.1359    28.2598     1.2441     20.181 0.0000e+00
       3529     18.920    13.1290   3.391203     0.9527     0.2240  4.5604943    95.5833     18.743    13.1266    28.2630     1.2457     20.204 0.0000e+00
       3530     18.943    13.1200   3.390814     0.9531     0.2240  4.5604257    95.6027     18.766    13.1176    28.2660     1.2473     20.226 0.0000e+00
       3531     18.966    13.1111   3.390445     0.9536     0.2240  4.5603511    95.6215     18.789    13.1087    28.2692     1.2491     20.252 0.0000e+00
       3532     18.989    13.1024   3.390096     0.9540     0.2240  4.5602700    95.6393     18.812    13.1000    28.2725     1.2506     20.274 0.0000e+00
       3533     19.012    13.0938   3.389764     0.9545     0.2423  4.5601819    95.6559     18.834    13.0914    28.2758     1.2524     20.299 0.0000e+00
       3534     19.035    13.0853   3.389449     0.9550     0.2240  4.5600861    95.6717     18.857    13.0829    28.2792     1.2541     20.324 0.0000e+00
       3535     19.058    13.0769   3.389151     0.9554     0.2240  4.5599820    95.6874     18.880    13.0745    28.2827     1.2555     20.344 0.0000e+00
       3536     19.081    13.0685   3.388867     0.9559     0.2240  4.5598688    95.7032     18.903    13.0661    28.2863     1.2572     20.368 0.0000e+00
       3537     19.105    13.0603   3.388599     0.9564     0.2240  4.5597457    95.7193     18.927    13.0579    28.2899     1.2588     20.391 0.0000e+00
       3538     19.128    13.0521   3.388343     0.9568     0.2240  4.5596120    95.7357     18.949    13.0497    28.2937     1.2601     20.409 0.0000e+00
       3539     19.151    13.0439   3.388101     0.9573     0.2240  4.5594666    95.7530     18.972    13.0414    28.2975     1.2617     20.432 0.0000e+00
       3540     19.174    13.0358   3.387872     0.9578     0.2240  4.5593086    95.7714     18.995    13.0333    28.3014     1.2632     20.453 0.0000e+00
       3541     19.197    13.0278   3.387654     0.9582     0.2240  4.5591368    95.7907     19.018    13.0253    28.3054     1.2644     20.470 0.0000e+00
       3542     19.220    13.0199   3.387447     0.9587     0.2240  4.5589501    95.8103     19.041    13.0174    28.3093     1.2659     20.490 0.0000e+00
       3543     19.243    13.0120   3.387248     0.9591     0.2240  4.5587471    95.8290     19.063    13.0095    28.3134     1.2670     20.506 0.0000e+00
       3544     19.266    13.0043   3.387059     0.9596     0.2057  4.5585265    95.8459     19.086    13.0018    28.3174     1.2684     20.526 0.0000e+00
       3545     19.289    12.9966   3.386877     0.9600     0.2240  4.5582868    95.8608     19.109    12.9941    28.3214     1.2695     20.541 0.0000e+00
       3546     19.312    12.9889   3.386701     0.9605     0.2240  4.5580261    95.8738     19.132    12.9864    28.3255     1.2709     20.560 0.0000e+00
       3547     19.335    12.9814   3.386531     0.9609     0.2423  4.5577428    95.8853     19.154    12.9789    28.3295     1.2719     20.575 0.0000e+00
       3548     19.358    12.9740   3.386366     0.9614     0.2423  4.5574349    95.8957     19.177    12.9715    28.3335     1.2732     20.593 0.0000e+00
       3549     19.381    12.9668   3.386204     0.9618     0.2423  4.5571001    95.9050     19.200    12.9643    28.3374     1.2742     20.606 0.0000e+00
       3550     19.404    12.9597   3.386047     0.9623     0.2423  4.5567363    95.9132     19.223    12.9572    28.3412     1.2755     20.624 0.0000e+00
       3551     19.427    12.9527   3.385893     0.9627     0.2423  4.5563408    95.9201     19.246    12.9502    28.3450     1.2764     20.637 0.0000e+00
       3552     19.450    12.9458   3.385743     0.9632     0.2423  4.5559109    95.9257     19.268    12.9433    28.3488     1.2776     20.653 0.0000e+00
       3553     19.473    12.9391   3.385599     0.9636     0.2423  4.5554437    95.9301     19.291    12.9366    28.3525     1.2785     20.665 0.0000e+00
       3554     19.496    12.9323   3.385461     0.9640     0.2423  4.5549358    95.9337     19.314    12.9298    28.3563     1.2793     20.676 0.0000e+00
       3555     19.518    12.9255   3.385330     0.9644     0.2423  4.5543838    95.9367     19.336    12.9230    28.3601     1.2802     20.687 0.0000e+00
       3556     19.541    12.9187   3.385208     0.9649     0.2423  4.5537837    95.9393     19.358    12.9162    28.3641     1.2813     20.703 0.0000e+00
       3557     19.564    12.9119   3.385095     0.9653     0.2423  4.5531315    95.9415     19.381    12.9094    28.3681     1.2821     20.714 0.0000e+00
       3558     19.587    12.9049   3.384993     0.9657     0.2423  4.5524225    95.9431     19.404    12.9024    28.3724     1.2830     20.725 0.0000e+00
       3559     19.610    12.8979   3.384903     0.9661     0.2423  4.5516519    95.9442     19.427    12.8954    28.3768     1.2838     20.737 0.0000e+00
       3560     19.633    12.8908   3.384828     0.9665     0.2423  4.5508143    95.9450     19.450    12.8883    28.3814     1.2847     20.748 0.0000e+00
       3561     19.656    12.8836   3.384766     0.9669     0.2423  4.5499039    95.9456     19.472    12.8811    28.3862     1.2855     20.760 0.0000e+00
       3562     19.678    12.8763   3.384716     0.9673     0.2423  4.5489143    95.9457     19.494    12.8738    28.3912     1.2864     20.772 0.0000e+00
       3563     19.701    12.8690   3.384678     0.9677     0.2423  4.5478386    95.9453     19.517    12.8665    28.3963     1.2873     20.783 0.0000e+00
       3564     19.724    12.8615   3.384646     0.9681     0.2423  4.5466694    95.9447     19.540    12.8590    28.4016     1.2882     20.795 0.0000e+00
       3565     19.746    12.8539   3.384614     0.9684     0.2423  4.5453985    95.9443     19.562    12.8514    28.4070     1.2889     20.803 0.0000e+00
       3566     19.769    12.8461   3.384578     0.9688     0.2240  4.5440172    95.9446     19.584    12.8436    28.4125     1.2898     20.816 0.0000e+00
       3567     19.791    12.8383   3.384533     0.9692     0.2423  4.5425157    95.9465     19.606    12.8358    28.4180     1.2908     20.829 0.0000e+00
       3568     19.814    12.8303   3.384476     0.9696     0.2423  4.5408836    95.9509     19.629    12.8278    28.4234     1.2918     20.843 0.0000e+00
       3569     19.837    12.8222   3.384406     0.9699     0.2423  4.5391096    95.9578     19.652    12.8197    28.4289     1.2926     20.853 0.0000e+00
       3570     19.859    12.8141   3.384320     0.9703     0.2423  4.5371814    95.9664     19.674    12.8116    28.4341     1.2937     20.867 0.0000e+00
       3571     19.882    12.8058   3.384220     0.9707     0.2606  4.5351704    95.9761     19.696    12.8033    28.4394     1.2948     20.882 0.0000e+00
       3572     19.904    12.7974   3.384105     0.9710     0.1874  4.5331476    95.9861     19.718    12.7949    28.4447     1.2956     20.892 0.0000e+00
       3573     19.926    12.7889   3.383975     0.9714     0.2240  4.5310990    95.9960     19.740    12.7864    28.4498     1.2968     20.908 0.0000e+00
       3574     19.949    12.7804   3.383835     0.9717     0.2057  4.5290952    96.0056     19.763    12.7779    28.4549     1.2977     20.920 0.0000e+00
       3575     19.971    12.7718   3.383683     0.9721     0.2057  4.5272072    96.0147     19.784    12.7693    28.4600     1.2990     20.938 0.0000e+00
       3576     19.994    12.7632   3.383517     0.9724     0.2057  4.5254220    96.0232     19.807    12.7607    28.4649     1.3000     20.951 0.0000e+00
       3577     20.016    12.7546   3.383337     0.9727     0.2057  4.5237270    96.0315     19.829    12.7521    28.4697     1.3011     20.966 0.0000e+00
       3578     20.038    12.7459   3.383143     0.9731     0.2240  4.5221105    96.0399     19.851    12.7434    28.4744     1.3025     20.985 0.0000e+00
       3579     20.061    12.7373   3.382935     0.9734     0.2057  4.5205612    96.0484     19.874    12.7348    28.4789     1.3037     21.000 0.0000e+00
       3580     20.083    12.7286   3.382714     0.9738     0.2057  4.5190684    96.0568     19.895    12.7261    28.4834     1.3051     21.020 0.0000e+00
       3581     20.105    12.7199   3.382481     0.9742     0.2057  4.5176217    96.0647     19.917    12.7174    28.4878     1.3066     21.041 0.0000e+00
       3582     20.128    12.7113   3.382237     0.9745     0.2240  4.5162110    96.0719     19.940    12.7088    28.4920     1.3079     21.059 0.0000e+00
       3583     20.150    12.7026   3.381985     0.9749     0.2057  4.5148265    96.0781     19.962    12.7001    28.4962     1.3096     21.082 0.0000e+00
       3584     20.172    12.6940   3.381728     0.9752     0.2057  4.5134586    96.0837     19.984    12.6915    28.5003     1.3110     21.102 0.0000e+00
       3585     20.195    12.6854   3.381470     0.9756     0.2057  4.5120977    96.0891     20.006    12.6829    28.5044     1.3127     21.126 0.0000e+00
       3586     20.217    12.6767   3.381209     0.9760     0.2057  4.5107344    96.0956     20.028    12.6742    28.5085     1.3145     21.151 0.0000e+00
       3587     20.239    12.6681   3.380948     0.9763     0.2057  4.5093593    96.1043     20.050    12.6656    28.5125     1.3160     21.173 0.0000e+00
       3588     20.261    12.6595   3.380684     0.9767     0.2057  4.5079626    96.1162     20.072    12.6570    28.5166     1.3179     21.199 0.0000e+00
       3589     20.283    12.6509   3.380417     0.9771     0.2057  4.5065348    96.1314     20.094    12.6484    28.5205     1.3198     21.227 0.0000e+00
       3590     20.305    12.6422   3.380146     0.9775     0.2057  4.5050659    96.1495     20.115    12.6397    28.5246     1.3217     21.255 0.0000e+00
       3591     20.327    12.6336   3.379871     0.9779     0.2057  4.5035456    96.1700     20.137    12.6311    28.5285     1.3237     21.283 0.0000e+00
       3592     20.348    12.6250   3.379591     0.9783     0.2057  4.5019635    96.1924     20.158    12.6225    28.5324     1.3257     21.312 0.0000e+00
       3593     20.370    12.6163   3.379305     0.9787     0.2057  4.5003084    96.2160     20.180    12.6138    28.5363     1.3278     21.343 0.0000e+00
       3594     20.392    12.6076   3.379010     0.9791     0.2057  4.4985689    96.2399     20.201    12.6050    28.5401     1.3299     21.373 0.0000e+00
       3595     20.414    12.5988   3.378709     0.9795     0.2057  4.4967329    96.2635     20.223    12.5962    28.5439     1.3321     21.404 0.0000e+00
       3596     20.436    12.5899   3.378399     0.9799     0.2057  4.4947876    96.2863     20.245    12.5873    28.5478     1.3343     21.436 0.0000e+00
       3597     20.457    12.5809   3.378081     0.9804     0.2240  4.4927195    96.3082     20.266    12.5783    28.5516     1.3367     21.472 0.0000e+00
       3598     20.479    12.5717   3.377754     0.9808     0.2057  4.4905141    96.3292     20.288    12.5691    28.5555     1.3390     21.504 0.0000e+00
       3599     20.500    12.5624   3.377419     0.9813     0.2240  4.4882411    96.3494     20.308    12.5598    28.5594     1.3415     21.540 0.0000e+00
       3600     20.522    12.5529   3.377077     0.9817     0.2240  4.4860546    96.3687     20.330    12.5503    28.5634     1.3437     21.573 0.0000e+00
       3601     20.543    12.5432   3.376728     0.9822     0.2240  4.4840242    96.3872     20.351    12.5406    28.5674     1.3463     21.610 0.0000e+00
       3602     20.565    12.5333   3.376373     0.9826     0.2240  4.4821359    96.4049     20.373    12.5307    28.5716     1.3485     21.642 0.0000e+00
       3603     20.586    12.5231   3.376012     0.9831     0.2240  4.4803765    96.4227     20.394    12.5205    28.5760     1.3511     21.679 0.0000e+00
       3604     20.607    12.5127   3.375644     0.9836     0.2240  4.4787338    96.4416     20.414    12.5101    28.5804     1.3536     21.716 0.0000e+00
       3605     20.629    12.5020   3.375269     0.9841     0.2240  4.4771963    96.4622     20.436    12.4994    28.5850     1.3562     21.753 0.0000e+00
       3606     20.650    12.4910   3.374886     0.9846     0.2240  4.4757534    96.4845     20.457    12.4884    28.5897     1.3587     21.789 0.0000e+00
       3607     20.672    12.4797   3.374494     0.9852     0.2240  4.4743950    96.5084     20.479    12.4771    28.5946     1.3615     21.830 0.0000e+00
       3608     20.693    12.4682   3.374092     0.9857     0.2240  4.4731117    96.5335     20.500    12.4656    28.5996     1.3641     21.866 0.0000e+00
       3609     20.714    12.4564   3.373680     0.9862     0.2240  4.4718945    96.5597     20.520    12.4538    28.6047     1.3666     21.901 0.0000e+00
       3610     20.735    12.4443   3.373255     0.9868     0.2240  4.4707349    96.5863     20.541    12.4417    28.6099     1.3693     21.940 0.0000e+00
       3611     20.756    12.4321   3.372819     0.9873     0.2423  4.4696250    96.6130     20.562    12.4295    28.6151     1.3718     21.975 0.0000e+00
       3612     20.777    12.4197   3.372367     0.9879     0.2240  4.4685570    96.6394     20.583    12.4171    28.6202     1.3745     22.013 0.0000e+00
