data/2023/2023_wed/06CTD03.cnv
* Sea-Bird SBE 9 Data File:
* FileName = C:\Users\ctd-user\Desktop\CTD_data\2023\MAR440 Sept 2023\06CTD03.hex
* Software Version Seasave V 7.26.2.13
* Temperature SN = 4493
* Conductivity SN = 1899
* Number of Bytes Per Scan = 37
* Number of Voltage Words = 4
* Number of Scans Averaged by the Deck Unit = 1
* NMEA Latitude = 58 20.09 N
* NMEA Longitude = 011 52.84 E
* NMEA UTC (Time) = Sep 06 2023 08:51:53
* NMEA baud rate = 4800
** Ship:
** Station:
** Operator:
# nquan = 14                                
# nvalues = 2887                        
# units = specified
# name 0 = scan: Scan Count
# name 1 = prDM: Pressure, Digiquartz [db]
# name 2 = t090C: Temperature [ITS-90, deg C]
# name 3 = c0S/m: Conductivity [S/m]
# name 4 = sbeox0V: Oxygen raw, SBE 43 [V]
# name 5 = flECO-AFL: Fluorescence, WET Labs ECO-AFL/FL [mg/m^3]
# name 6 = upoly0: Upoly 0, Turbidity
# name 7 = xmiss: Beam Transmission, Chelsea/Seatech [%]
# name 8 = depSM: Depth [salt water, m], lat = 58.3348
# name 9 = potemp090C: Potential Temperature [ITS-90, deg C]
# name 10 = sal00: Salinity, Practical [PSU]
# name 11 = sbeox0ML/L: Oxygen, SBE 43 [ml/l], WS = 2
# name 12 = sbeox0PS: Oxygen, SBE 43 [% saturation], WS = 2
# name 13 = flag: flag
# span 0 =          1,       2887       
# span 1 =     -0.145,     44.307       
# span 2 =     7.7527,    18.4823       
# span 3 =   0.031036,   3.376725       
# span 4 =     0.5522,     2.8549       
# span 5 =    -0.1606,     6.0848       
# span 6 =  4.2515393,  9.8430119       
# span 7 =    65.4904,    99.0469       
# span 8 =     -0.144,     43.890       
# span 9 =     7.7509,    18.4822       
# span 10 =     0.1792,    31.9105      
# span 11 =     0.1332,     6.8932      
# span 12 =      2.000,    100.950      
# span 13 = 0.0000e+00, 0.0000e+00      
# interval = seconds: 0.0416667
# start_time = Sep 06 2023 08:51:53 [NMEA time, header]
# bad_flag = -9.990e-29
*END*
[from data line 826]
        827      3.695    18.4205   2.877752     2.3248     4.0335  4.9633172    85.0016      3.661    18.4199    20.6381     4.4816     77.179 0.0000e+00
        828      3.715    18.4204   2.878062     2.3243     4.0518  4.9641998    85.1170      3.680    18.4198    20.6406     4.4832     77.207 0.0000e+00
        829      3.735    18.4203   2.878424     2.3239     4.0335  4.9651673    85.2338      3.700    18.4197    20.6435     4.4849     77.237 0.0000e+00
        830      3.754    18.4202   2.878812     2.3234     4.0335  4.9662263    85.3504      3.719    18.4196    20.6466     4.4861     77.259 0.0000e+00
        831      3.774    18.4201   2.879205     2.3231     4.0335  4.9673843    85.4652      3.739    18.4195    20.6497     4.4875     77.285 0.0000e+00
        832      3.794    18.4200   2.879587     2.3228     4.0335  4.9686493    85.5767      3.759    18.4194    20.6528     4.4888     77.308 0.0000e+00
        833      3.814    18.4200   2.879952     2.3225     4.0335  4.9700300    85.6836      3.779    18.4194    20.6557     4.4897     77.325 0.0000e+00
        834      3.834    18.4199   2.880293     2.3222     4.0335  4.9715361    85.7847      3.798    18.4193    20.6584     4.4904     77.338 0.0000e+00
        835      3.854    18.4198   2.880610     2.3220     4.0518  4.9731782    85.8791      3.818    18.4192    20.6610     4.4910     77.350 0.0000e+00
        836      3.874    18.4197   2.880903     2.3218     4.0518  4.9749675    85.9661      3.838    18.4191    20.6633     4.4913     77.355 0.0000e+00
        837      3.894    18.4197   2.881175     2.3216     4.0518  4.9769165    86.0456      3.858    18.4191    20.6655     4.4912     77.355 0.0000e+00
        838      3.914    18.4196   2.881425     2.3214     4.0335  4.9790388    86.1175      3.878    18.4190    20.6675     4.4907     77.347 0.0000e+00
        839      3.934    18.4194   2.881653     2.3213     4.0518  4.9813492    86.1816      3.897    18.4188    20.6694     4.4901     77.337 0.0000e+00
        840      3.954    18.4193   2.881858     2.3212     4.0518  4.9838638    86.2376      3.917    18.4187    20.6710     4.4890     77.319 0.0000e+00
        841      3.974    18.4191   2.882035     2.3210     4.0335  4.9865999    86.2855      3.937    18.4185    20.6725     4.4872     77.289 0.0000e+00
        842      3.994    18.4189   2.882183     2.3209     3.5390  4.9894918    86.3255      3.957    18.4183    20.6738     4.4853     77.256 0.0000e+00
        843      4.014    18.4188   2.882304     2.3208     3.0079  4.9923047    86.3582      3.977    18.4182    20.6748     4.4828     77.213 0.0000e+00
        844      4.035    18.4186   2.882404     2.3206     2.9346  4.9948034    86.3836      3.997    18.4180    20.6757     4.4796     77.158 0.0000e+00
        845      4.055    18.4185   2.882492     2.3205     2.9529  4.9969203    86.4021      4.017    18.4179    20.6764     4.4761     77.098 0.0000e+00
        846      4.075    18.4183   2.882573     2.3203     2.9713  4.9986702    86.4138      4.037    18.4177    20.6771     4.4718     77.024 0.0000e+00
        847      4.095    18.4182   2.882653     2.3200     2.9896  5.0000651    86.4189      4.057    18.4176    20.6778     4.4667     76.936 0.0000e+00
        848      4.116    18.4181   2.882743     2.3198     2.9713  5.0011149    86.4178      4.078    18.4175    20.6786     4.4613     76.843 0.0000e+00
        849      4.136    18.4181   2.882847     2.3195     2.9713  5.0018268    86.4115      4.098    18.4174    20.6794     4.4550     76.736 0.0000e+00
        850      4.156    18.4181   2.882974     2.3191     2.9713  5.0022057    86.4008      4.117    18.4174    20.6804     4.4480     76.615 0.0000e+00
        851      4.177    18.4182   2.883129     2.3187     2.9713  5.0022544    86.3865      4.138    18.4175    20.6816     4.4403     76.484 0.0000e+00
        852      4.197    18.4183   2.883318     2.3182     2.9713  5.0019731    86.3693      4.158    18.4176    20.6830     4.4319     76.339 0.0000e+00
        853      4.218    18.4184   2.883536     2.3176     2.9529  5.0013599    86.3502      4.179    18.4177    20.6847     4.4226     76.180 0.0000e+00
        854      4.238    18.4186   2.883771     2.3170     2.9713  5.0004105    86.3301      4.199    18.4179    20.6864     4.4127     76.012 0.0000e+00
        855      4.259    18.4188   2.884001     2.3162     2.9713  4.9991184    86.3099      4.219    18.4181    20.6881     4.4019     75.825 0.0000e+00
        856      4.280    18.4192   2.884214     2.3154     2.9713  4.9974745    86.2903      4.240    18.4185    20.6896     4.3905     75.630 0.0000e+00
        857      4.300    18.4196   2.884402     2.3144     2.9713  4.9954674    86.2719      4.260    18.4189    20.6909     4.3781     75.418 0.0000e+00
        858      4.321    18.4201   2.884558     2.3134     2.9896  4.9930831    86.2549      4.281    18.4194    20.6919     4.3652     75.198 0.0000e+00
        859      4.342    18.4208   2.884679     2.3122     2.9713  4.9903050    86.2398      4.302    18.4201    20.6925     4.3514     74.961 0.0000e+00
        860      4.363    18.4214   2.884758     2.3109     2.9713  4.9871139    86.2268      4.322    18.4207    20.6928     4.3370     74.713 0.0000e+00
        861      4.383    18.4222   2.884792     2.3094     2.9713  4.9834875    86.2159      4.342    18.4215    20.6926     4.3216     74.449 0.0000e+00
        862      4.404    18.4230   2.884775     2.3078     2.9896  4.9794006    86.2070      4.363    18.4223    20.6921     4.3056     74.174 0.0000e+00
        863      4.425    18.4240   2.884705     2.3060     2.9713  4.9748248    86.1997      4.384    18.4233    20.6910     4.2887     73.885 0.0000e+00
        864      4.446    18.4250   2.884589     2.3041     2.9713  4.9697282    86.1936      4.405    18.4243    20.6896     4.2713     73.586 0.0000e+00
        865      4.467    18.4261   2.884442     2.3020     2.9713  4.9640753    86.1883      4.425    18.4254    20.6879     4.2532     73.275 0.0000e+00
        866      4.488    18.4273   2.884277     2.2998     2.9713  4.9578270    86.1837      4.446    18.4266    20.6860     4.2346     72.955 0.0000e+00
        867      4.510    18.4283   2.884084     2.2973     2.9346  4.9509396    86.1798      4.468    18.4276    20.6840     4.2151     72.619 0.0000e+00
        868      4.531    18.4294   2.883841     2.2947     2.7515  4.9436201    86.1771      4.489    18.4287    20.6815     4.1952     72.277 0.0000e+00
        869      4.552    18.4303   2.883523     2.2919     2.6599  4.9364122    86.1756      4.510    18.4296    20.6785     4.1747     71.924 0.0000e+00
        870      4.574    18.4311   2.883118     2.2888     2.6599  4.9296903    86.1757      4.531    18.4304    20.6749     4.1535     71.558 0.0000e+00
        871      4.595    18.4319   2.882628     2.2856     2.6782  4.9234927    86.1772      4.552    18.4312    20.6707     4.1320     71.188 0.0000e+00
        872      4.617    18.4325   2.882067     2.2822     2.6599  4.9177764    86.1797      4.574    18.4318    20.6659     4.1101     70.809 0.0000e+00
        873      4.638    18.4330   2.881448     2.2787     2.6782  4.9125014    86.1833      4.595    18.4323    20.6608     4.0880     70.427 0.0000e+00
        874      4.660    18.4335   2.880773     2.2749     2.6782  4.9076311    86.1880      4.617    18.4328    20.6552     4.0653     70.034 0.0000e+00
        875      4.681    18.4338   2.880025     2.2710     2.6782  4.9031316    86.1941      4.637    18.4331    20.6492     4.0426     69.640 0.0000e+00
        876      4.703    18.4339   2.879188     2.2668     2.6599  4.8989717    86.2015      4.659    18.4332    20.6425     4.0193     69.237 0.0000e+00
        877      4.724    18.4340   2.878263     2.2625     2.6782  4.8951224    86.2103      4.680    18.4333    20.6352     3.9961     68.834 0.0000e+00
        878      4.746    18.4340   2.877287     2.2581     2.6782  4.8915569    86.2204      4.702    18.4333    20.6274     3.9729     68.431 0.0000e+00
        879      4.768    18.4338   2.876309     2.2535     2.6782  4.8882503    86.2315      4.724    18.4330    20.6198     3.9495     68.025 0.0000e+00
        880      4.789    18.4335   2.875372     2.2487     2.6599  4.8851798    86.2429      4.744    18.4327    20.6126     3.9260     67.617 0.0000e+00
        881      4.811    18.4332   2.874505     2.2438     2.6599  4.8823239    86.2542      4.766    18.4324    20.6059     3.9027     67.212 0.0000e+00
        882      4.833    18.4328   2.873725     2.2387     2.6416  4.8796628    86.2650      4.788    18.4320    20.5999     3.8792     66.805 0.0000e+00
        883      4.855    18.4322   2.873045     2.2336     2.6782  4.8771780    86.2749      4.810    18.4314    20.5949     3.8562     66.406 0.0000e+00
        884      4.877    18.4316   2.872473     2.2283     2.6599  4.8748522    86.2839      4.832    18.4308    20.5906     3.8332     66.007 0.0000e+00
        885      4.899    18.4308   2.872012     2.2228     2.6599  4.8726691    86.2919      4.853    18.4300    20.5874     3.8101     65.608 0.0000e+00
        886      4.921    18.4299   2.871660     2.2173     2.6599  4.8706137    86.2989      4.875    18.4291    20.5851     3.7876     65.218 0.0000e+00
        887      4.943    18.4288   2.871419     2.2117     2.6599  4.8686715    86.3051      4.897    18.4280    20.5837     3.7654     64.833 0.0000e+00
        888      4.966    18.4275   2.871290     2.2059     2.6782  4.8668292    86.3105      4.920    18.4267    20.5833     3.7432     64.449 0.0000e+00
        889      4.988    18.4260   2.871272     2.2001     2.6599  4.8650739    86.3150      4.942    18.4252    20.5839     3.7215     64.075 0.0000e+00
        890      5.010    18.4243   2.871366     2.1943     2.6782  4.8633933    86.3183      4.963    18.4235    20.5855     3.7005     63.711 0.0000e+00
        891      5.032    18.4225   2.871557     2.1884     2.6416  4.8617758    86.3202      4.985    18.4217    20.5879     3.6797     63.353 0.0000e+00
        892      5.055    18.4204   2.871819     2.1824     2.6782  4.8602102    86.3209      5.008    18.4196    20.5910     3.6593     63.000 0.0000e+00
        893      5.077    18.4181   2.872119     2.1763     2.6233  4.8586855    86.3202      5.030    18.4173    20.5945     3.6392     62.653 0.0000e+00
        894      5.099    18.4156   2.872438     2.1703     2.5866  4.8571911    86.3182      5.052    18.4148    20.5983     3.6200     62.320 0.0000e+00
        895      5.122    18.4128   2.872777     2.1642     2.5866  4.8557167    86.3150      5.074    18.4120    20.6023     3.6011     61.992 0.0000e+00
        896      5.144    18.4099   2.873164     2.1581     2.5683  4.8542520    86.3105      5.096    18.4091    20.6068     3.5827     61.674 0.0000e+00
        897      5.166    18.4066   2.873634     2.1519     2.5683  4.8527867    86.3048      5.118    18.4058    20.6122     3.5646     61.361 0.0000e+00
        898      5.189    18.4031   2.874221     2.1458     2.5683  4.8513108    86.2978      5.141    18.4023    20.6186     3.5474     61.062 0.0000e+00
        899      5.211    18.3993   2.874949     2.1397     2.5866  4.8498139    86.2895      5.163    18.3985    20.6262     3.5306     60.771 0.0000e+00
        900      5.234    18.3953   2.875831     2.1335     2.5866  4.8482856    86.2798      5.185    18.3945    20.6351     3.5140     60.485 0.0000e+00
        901      5.257    18.3911   2.876877     2.1274     2.5866  4.8467153    86.2689      5.208    18.3903    20.6455     3.4982     60.211 0.0000e+00
        902      5.280    18.3866   2.878091     2.1213     2.5866  4.8450920    86.2574      5.231    18.3858    20.6573     3.4828     59.946 0.0000e+00
        903      5.302    18.3818   2.879475     2.1152     2.5683  4.8434045    86.2478      5.253    18.3810    20.6706     3.4679     59.688 0.0000e+00
        904      5.325    18.3769   2.881031     2.1092     2.5683  4.8416411    86.2424      5.275    18.3761    20.6854     3.4537     59.442 0.0000e+00
        905      5.348    18.3717   2.882762     2.1031     2.5866  4.8397894    86.2414      5.298    18.3709    20.7016     3.4396     59.199 0.0000e+00
        906      5.371    18.3664   2.884673     2.0971     2.5683  4.8378366    86.2440      5.321    18.3656    20.7194     3.4261     58.968 0.0000e+00
        907      5.394    18.3609   2.886771     2.0912     2.5866  4.8357692    86.2488      5.344    18.3601    20.7387     3.4132     58.747 0.0000e+00
        908      5.417    18.3552   2.889068     2.0852     2.5866  4.8335726    86.2547      5.367    18.3543    20.7597     3.4005     58.528 0.0000e+00
        909      5.440    18.3493   2.891576     2.0793     2.5683  4.8312317    86.2609      5.389    18.3484    20.7825     3.3883     58.320 0.0000e+00
        910      5.463    18.3432   2.894304     2.0735     2.5683  4.8287301    86.2672      5.412    18.3423    20.8072     3.3767     58.121 0.0000e+00
        911      5.486    18.3368   2.897251     2.0677     2.5683  4.8260504    86.2732      5.435    18.3359    20.8337     3.3653     57.928 0.0000e+00
        912      5.509    18.3303   2.900419     2.0620     2.5500  4.8231741    86.2790      5.458    18.3294    20.8621     3.3545     57.745 0.0000e+00
        913      5.532    18.3237   2.903816     2.0563     2.5866  4.8200811    86.2846      5.481    18.3228    20.8923     3.3439     57.565 0.0000e+00
        914      5.555    18.3171   2.907449     2.0506     2.5866  4.8167498    86.2902      5.503    18.3162    20.9244     3.3335     57.390 0.0000e+00
        915      5.579    18.3106   2.911307     2.0450     2.5866  4.8131572    86.2957      5.527    18.3097    20.9582     3.3237     57.224 0.0000e+00
        916      5.602    18.3041   2.915369     2.0395     2.5683  4.8092782    86.3011      5.550    18.3032    20.9937     3.3142     57.067 0.0000e+00
        917      5.625    18.2976   2.919623     2.0340     2.5683  4.8050858    86.3063      5.573    18.2967    21.0307     3.3049     56.912 0.0000e+00
        918      5.649    18.2913   2.924069     2.0286     2.4768  4.8005509    86.3112      5.596    18.2904    21.0692     3.2961     56.766 0.0000e+00
        919      5.672    18.2851   2.928717     2.0232     1.9823  4.7958117    86.3158      5.619    18.2842    21.1092     3.2874     56.623 0.0000e+00
        920      5.695    18.2790   2.933577     2.0179     1.7625  4.7911752    86.3201      5.642    18.2781    21.1509     3.2790     56.487 0.0000e+00
        921      5.719    18.2730   2.938662     2.0126     1.7442  4.7867789    86.3242      5.666    18.2721    21.1944     3.2708     56.353 0.0000e+00
        922      5.742    18.2672   2.943986     2.0075     1.7625  4.7825922    86.3277      5.689    18.2663    21.2396     3.2632     56.231 0.0000e+00
        923      5.766    18.2614   2.949534     2.0023     1.7625  4.7785860    86.3302      5.712    18.2605    21.2867     3.2554     56.106 0.0000e+00
        924      5.790    18.2558   2.955241     1.9973     1.7808  4.7747324    86.3309      5.736    18.2549    21.3349     3.2482     55.992 0.0000e+00
        925      5.813    18.2502   2.961014     1.9923     1.7625  4.7710047    86.3289      5.759    18.2493    21.3837     3.2411     55.880 0.0000e+00
        926      5.837    18.2447   2.966777     1.9874     1.7625  4.7673769    86.3235      5.783    18.2438    21.4324     3.2343     55.773 0.0000e+00
        927      5.861    18.2392   2.972498     1.9825     1.7808  4.7638237    86.3145      5.806    18.2383    21.4808     3.2277     55.668 0.0000e+00
        928      5.884    18.2336   2.978162     1.9777     1.7808  4.7603205    86.3020      5.829    18.2327    21.5288     3.2213     55.569 0.0000e+00
        929      5.908    18.2278   2.983735     1.9730     1.7625  4.7568428    86.2865      5.853    18.2269    21.5762     3.2153     55.474 0.0000e+00
