data/2023/2023_wed/06CTD02.cnv
* Sea-Bird SBE 9 Data File:
* FileName = C:\Users\ctd-user\Desktop\CTD_data\2023\MAR440 Sept 2023\06CTD02.hex
* Software Version Seasave V 7.26.2.13
* Temperature SN = 4493
* Conductivity SN = 1899
* Number of Bytes Per Scan = 37
* Number of Voltage Words = 4
* Number of Scans Averaged by the Deck Unit = 1
* NMEA Latitude = 58 20.31 N
* NMEA Longitude = 011 53.53 E
* NMEA UTC (Time) = Sep 06 2023 08:32:10
* NMEA baud rate = 4800
** Ship:
** Station:
** Operator:
# nquan = 14                                
# nvalues = 7520                        
# units = specified
# name 0 = scan: Scan Count
# name 1 = prDM: Pressure, Digiquartz [db]
# name 2 = t090C: Temperature [ITS-90, deg C]
# name 3 = c0S/m: Conductivity [S/m]
# name 4 = sbeox0V: Oxygen raw, SBE 43 [V]
# name 5 = flECO-AFL: Fluorescence, WET Labs ECO-AFL/FL [mg/m^3]
# name 6 = upoly0: Upoly 0, Turbidity
# name 7 = xmiss: Beam Transmission, Chelsea/Seatech [%]
# name 8 = depSM: Depth [salt water, m], lat = 58.3385
# name 9 = potemp090C: Potential Temperature [ITS-90, deg C]
# name 10 = sal00: Salinity, Practical [PSU]
# name 11 = sbeox0ML/L: Oxygen, SBE 43 [ml/l], WS = 2
# name 12 = sbeox0PS: Oxygen, SBE 43 [% saturation], WS = 2
# name 13 = flag: flag
# span 0 =          1,       7520       
# span 1 =     -0.060,     36.147       
# span 2 =     7.7468,    18.6129       
# span 3 =   0.059056,   3.374285       
# span 4 =     0.5488,     2.8477       
# span 5 =    -0.1240,     6.7991       
# span 6 =  4.3249425,  8.5051584       
# span 7 =    62.1624,    98.4203       
# span 8 =     -0.059,     35.808       
# span 9 =     7.7450,    18.6127       
# span 10 =     0.3436,    31.8568      
# span 11 =     0.1240,     6.8954      
# span 12 =      1.863,    102.145      
# span 13 = 0.0000e+00, 0.0000e+00      
# interval = seconds: 0.0416667
# start_time = Sep 06 2023 08:32:10 [NMEA time, header]
# bad_flag = -9.990e-29
*END*
[from data line 6917]
       6918     31.531     8.4817   3.349383     0.5591     1.2863  4.4346989    77.4999     31.236     8.4786    31.6428     0.1517      2.273 -9.990e-29
       6919     31.531     8.4820   3.349519     0.5591     1.2863  4.4339893    77.5436     31.236     8.4789    31.6440     0.1517      2.274 -9.990e-29
       6920     31.531     8.4822   3.349647     0.5591     1.2863  4.4334135    77.5836     31.236     8.4791    31.6452     0.1517      2.274 -9.990e-29
       6921     31.532     8.4825   3.349767     0.5590     1.2863  4.4329674    77.6202     31.237     8.4794    31.6461     0.1515      2.270 -9.990e-29
       6922     31.532     8.4827   3.349877     0.5590     1.2863  4.4326479    77.6535     31.237     8.4796    31.6471     0.1515      2.270 -9.990e-29
       6923     31.533     8.4829   3.349976     0.5590     1.2863  4.4324528    77.6835     31.238     8.4798    31.6480     0.1515      2.270 -9.990e-29
       6924     31.534     8.4831   3.350068     0.5589     1.2863  4.4323808    77.7103     31.239     8.4800    31.6488     0.1512      2.266 -9.990e-29
       6925     31.535     8.4832   3.350150     0.5589     1.2863  4.4324314    77.7340     31.240     8.4801    31.6495     0.1512      2.266 -9.990e-29
       6926     31.536     8.4833   3.350223     0.5589     1.2863  4.4326048    77.7549     31.240     8.4802    31.6502     0.1512      2.266 -9.990e-29
       6927     31.537     8.4834   3.350286     0.5589     1.2680  4.4329023    77.7736     31.241     8.4803    31.6508     0.1512      2.266 -9.990e-29
       6928     31.538     8.4835   3.350344     0.5588     1.2863  4.4333261    77.7908     31.242     8.4804    31.6513     0.1510      2.262 -9.990e-29
       6929     31.540     8.4835   3.350396     0.5588     1.2680  4.4338789    77.8068     31.244     8.4804    31.6518     0.1509      2.262 -9.990e-29
       6930     31.541     8.4836   3.350445     0.5588     1.2863  4.4345647    77.8219     31.245     8.4805    31.6523     0.1509      2.262 -9.990e-29
       6931     31.543     8.4836   3.350490     0.5588     1.2863  4.4353883    77.8354     31.247     8.4805    31.6527     0.1509      2.262 -9.990e-29
       6932     31.544     8.4837   3.350533     0.5588     1.2863  4.4363553    77.8469     31.248     8.4806    31.6531     0.1509      2.261 -9.990e-29
       6933     31.546     8.4838   3.350572     0.5587     1.2863  4.4374726    77.8555     31.250     8.4807    31.6534     0.1505      2.256 -9.990e-29
       6934     31.549     8.4838   3.350603     0.5587     1.2863  4.4387478    77.8607     31.253     8.4807    31.6537     0.1505      2.256 -9.990e-29
       6935     31.551     8.4839   3.350626     0.5587     1.2680  4.4401898    77.8625     31.255     8.4808    31.6539     0.1505      2.256 -9.990e-29
       6936     31.553     8.4840   3.350635     0.5587     1.2863  4.4418087    77.8607     31.257     8.4809    31.6539     0.1505      2.255 -9.990e-29
       6937     31.556     8.4841   3.350633     0.5586     1.3046  4.4435309    77.8555     31.260     8.4810    31.6538     0.1502      2.251 -9.990e-29
       6938     31.558     8.4843   3.350620     0.5586     1.2863  4.4451983    77.8467     31.262     8.4812    31.6535     0.1501      2.250 -9.990e-29
       6939     31.561     8.4844   3.350598     0.5586     1.2863  4.4467376    77.8340     31.265     8.4813    31.6531     0.1501      2.250 -9.990e-29
       6940     31.563     8.4846   3.350569     0.5586     1.2863  4.4481597    77.8172     31.267     8.4815    31.6526     0.1501      2.250 -9.990e-29
       6941     31.566     8.4847   3.350537     0.5585     1.2863  4.4494743    77.7958     31.270     8.4816    31.6522     0.1498      2.245 -9.990e-29
       6942     31.569     8.4849   3.350502     0.5585     1.2863  4.4506906    77.7691     31.273     8.4818    31.6517     0.1498      2.245 -9.990e-29
       6943     31.572     8.4850   3.350465     0.5585     1.2863  4.4518170    77.7366     31.276     8.4819    31.6512     0.1497      2.244 -9.990e-29
       6944     31.575     8.4852   3.350428     0.5585     1.2863  4.4528615    77.6977     31.279     8.4821    31.6506     0.1497      2.243 -9.990e-29
       6945     31.578     8.4853   3.350390     0.5584     1.2863  4.4538312    77.6517     31.282     8.4822    31.6501     0.1493      2.238 -9.990e-29
       6946     31.582     8.4855   3.350354     0.5584     1.2863  4.4547330    77.5977     31.286     8.4824    31.6496     0.1493      2.237 -9.990e-29
       6947     31.585     8.4856   3.350318     0.5584     1.2863  4.4555730    77.5354     31.289     8.4825    31.6491     0.1492      2.236 -9.990e-29
       6948     31.589     8.4857   3.350285     0.5584     1.2863  4.4563572    77.4645     31.293     8.4826    31.6487     0.1492      2.236 -9.990e-29
       6949     31.593     8.4858   3.350256     0.5583     1.2863  4.4570909    77.3850     31.297     8.4827    31.6483     0.1488      2.230 -9.990e-29
       6950     31.597     8.4859   3.350230     0.5583     1.2863  4.4577793    77.2977     31.301     8.4828    31.6479     0.1487      2.229 -9.990e-29
       6951     31.601     8.4860   3.350209     0.5583     1.2680  4.4584272    77.2040     31.305     8.4829    31.6476     0.1486      2.228 -9.990e-29
       6952     31.605     8.4861   3.350189     0.5583     1.2863  4.4590391    77.1052     31.309     8.4830    31.6473     0.1486      2.227 -9.990e-29
       6953     31.609     8.4862   3.350174     0.5582     1.2863  4.4596193    77.0027     31.313     8.4831    31.6471     0.1482      2.222 -9.990e-29
       6954     31.613     8.4862   3.350160     0.5582     1.2863  4.4601717    76.8974     31.317     8.4831    31.6469     0.1481      2.220 -9.990e-29
       6955     31.618     8.4863   3.350148     0.5582     1.2863  4.4607002    76.7908     31.322     8.4832    31.6467     0.1481      2.219 -9.990e-29
       6956     31.622     8.4864   3.350138     0.5581     1.2863  4.4612085    76.6843     31.326     8.4833    31.6465     0.1477      2.214 -9.990e-29
       6957     31.627     8.4865   3.350130     0.5581     1.2497  4.4617002    76.5791     31.331     8.4834    31.6463     0.1477      2.213 -9.990e-29
       6958     31.632     8.4867   3.350122     0.5581     1.2863  4.4621786    76.4761     31.336     8.4836    31.6460     0.1476      2.212 -9.990e-29
       6959     31.637     8.4868   3.350117     0.5580     1.2863  4.4626471    76.3758     31.341     8.4837    31.6459     0.1473      2.207 -9.990e-29
       6960     31.642     8.4870   3.350113     0.5580     1.2863  4.4631090    76.2788     31.345     8.4839    31.6457     0.1472      2.207 -9.990e-29
       6961     31.648     8.4871   3.350109     0.5580     1.2863  4.4635674    76.1858     31.351     8.4840    31.6455     0.1472      2.206 -9.990e-29
       6962     31.653     8.4873   3.350108     0.5579     1.2680  4.4640255    76.0973     31.356     8.4842    31.6454     0.1469      2.201 -9.990e-29
       6963     31.659     8.4875   3.350109     0.5579     1.2680  4.4644866    76.0137     31.362     8.4844    31.6452     0.1468      2.201 -9.990e-29
       6964     31.665     8.4877   3.350113     0.5579     1.2497  4.4649538    75.9351     31.368     8.4846    31.6450     0.1468      2.201 -9.990e-29
       6965     31.671     8.4879   3.350119     0.5578     1.2680  4.4654303    75.8613     31.374     8.4848    31.6449     0.1465      2.196 -9.990e-29
       6966     31.677     8.4881   3.350127     0.5578     1.2680  4.4659196    75.7923     31.380     8.4850    31.6448     0.1465      2.196 -9.990e-29
       6967     31.683     8.4883   3.350140     0.5577     1.2680  4.4664250    75.7276     31.386     8.4852    31.6448     0.1462      2.192 -9.990e-29
       6968     31.689     8.4885   3.350157     0.5577     1.2680  4.4669500    75.6674     31.392     8.4854    31.6448     0.1462      2.191 -9.990e-29
       6969     31.696     8.4888   3.350179     0.5577     1.2497  4.4674983    75.6117     31.399     8.4857    31.6447     0.1462      2.191 -9.990e-29
       6970     31.702     8.4890   3.350204     0.5576     1.2497  4.4680737    75.5607     31.405     8.4859    31.6448     0.1459      2.187 -9.990e-29
       6971     31.709     8.4892   3.350235     0.5576     1.2680  4.4686802    75.5142     31.412     8.4861    31.6450     0.1459      2.187 -9.990e-29
       6972     31.716     8.4895   3.350271     0.5576     1.2680  4.4693220    75.4723     31.419     8.4864    31.6451     0.1459      2.187 -9.990e-29
       6973     31.723     8.4897   3.350312     0.5575     1.2680  4.4700035    75.4353     31.426     8.4866    31.6453     0.1457      2.183 -9.990e-29
       6974     31.730     8.4900   3.350358     0.5575     1.2680  4.4707296    75.4033     31.433     8.4869    31.6455     0.1457      2.184 -9.990e-29
       6975     31.737     8.4903   3.350410     0.5574     1.2680  4.4715052    75.3764     31.440     8.4872    31.6458     0.1454      2.180 -9.990e-29
       6976     31.745     8.4907   3.350469     0.5574     1.2680  4.4723358    75.3545     31.448     8.4876    31.6460     0.1455      2.180 -9.990e-29
       6977     31.752     8.4910   3.350534     0.5574     1.2497  4.4732272    75.3373     31.454     8.4879    31.6465     0.1455      2.181 -9.990e-29
       6978     31.760     8.4914   3.350606     0.5573     1.2680  4.4741855    75.3246     31.462     8.4883    31.6468     0.1453      2.177 -9.990e-29
       6979     31.768     8.4918   3.350686     0.5573     1.2680  4.4752174    75.3165     31.470     8.4887    31.6473     0.1453      2.178 -9.990e-29
       6980     31.776     8.4922   3.350773     0.5573     1.2497  4.4763300    75.3135     31.478     8.4891    31.6479     0.1454      2.180 -9.990e-29
       6981     31.784     8.4927   3.350871     0.5572     1.2497  4.4775312    75.3158     31.486     8.4896    31.6484     0.1452      2.177 -9.990e-29
       6982     31.792     8.4933   3.350977     0.5572     1.2680  4.4788293    75.3234     31.494     8.4902    31.6490     0.1453      2.178 -9.990e-29
       6983     31.801     8.4938   3.351095     0.5572     1.2497  4.4802333    75.3362     31.503     8.4907    31.6498     0.1453      2.179 -9.990e-29
       6984     31.809     8.4944   3.351223     0.5572     1.2680  4.4817530    75.3538     31.511     8.4913    31.6506     0.1454      2.180 -9.990e-29
       6985     31.818     8.4951   3.351364     0.5571     1.2680  4.4833989    75.3761     31.520     8.4920    31.6514     0.1452      2.177 0.0000e+00
       6986     31.827     8.4957   3.351516     0.5571     1.2497  4.4851825    75.4029     31.529     8.4926    31.6525     0.1453      2.179 0.0000e+00
       6987     31.836     8.4964   3.351683     0.5571     1.2497  4.4871163    75.4344     31.538     8.4933    31.6536     0.1454      2.180 0.0000e+00
       6988     31.845     8.4971   3.351861     0.5571     1.2680  4.4891286    75.4702     31.547     8.4940    31.6548     0.1455      2.182 0.0000e+00
       6989     31.855     8.4977   3.352055     0.5570     1.2497  4.4910637    75.5101     31.556     8.4946    31.6563     0.1454      2.180 0.0000e+00
       6990     31.865     8.4985   3.352264     0.5570     1.2680  4.4928501    75.5543     31.566     8.4954    31.6578     0.1455      2.181 0.0000e+00
       6991     31.875     8.4992   3.352489     0.5570     1.2680  4.4945001    75.6030     31.576     8.4961    31.6595     0.1456      2.182 0.0000e+00
       6992     31.885     8.4998   3.352728     0.5569     1.2497  4.4960254    75.6566     31.586     8.4966    31.6615     0.1453      2.179 0.0000e+00
       6993     31.895     8.5005   3.352983     0.5569     1.2497  4.4974364    75.7149     31.596     8.4973    31.6635     0.1454      2.181 0.0000e+00
       6994     31.905     8.5011   3.353253     0.5569     1.2680  4.4987430    75.7777     31.606     8.4979    31.6658     0.1455      2.182 0.0000e+00
       6995     31.916     8.5017   3.353538     0.5569     1.2680  4.4999543    75.8447     31.617     8.4985    31.6682     0.1456      2.183 0.0000e+00
       6996     31.926     8.5023   3.353834     0.5568     1.2863  4.5010787    75.9159     31.627     8.4991    31.6708     0.1454      2.180 0.0000e+00
       6997     31.937     8.5029   3.354135     0.5568     1.2680  4.5021240    75.9914     31.638     8.4997    31.6734     0.1454      2.181 0.0000e+00
       6998     31.948     8.5034   3.354437     0.5568     1.2680  4.5030975    76.0712     31.649     8.5002    31.6761     0.1454      2.181 0.0000e+00
       6999     31.959     8.5039   3.354741     0.5568     1.2680  4.5040061    76.1551     31.660     8.5007    31.6788     0.1455      2.182 0.0000e+00
       7000     31.970     8.5043   3.355044     0.5567     1.2680  4.5048559    76.2426     31.670     8.5011    31.6817     0.1452      2.178 0.0000e+00
       7001     31.981     8.5048   3.355348     0.5567     1.2680  4.5056529    76.3326     31.681     8.5016    31.6844     0.1452      2.178 0.0000e+00
       7002     31.992     8.5052   3.355645     0.5567     1.2497  4.5064027    76.4243     31.692     8.5020    31.6871     0.1453      2.179 0.0000e+00
       7003     32.003     8.5055   3.355933     0.5567     1.2680  4.5071104    76.5166     31.703     8.5023    31.6899     0.1453      2.179 0.0000e+00
       7004     32.015     8.5058   3.356208     0.5567     1.2497  4.5077811    76.6087     31.715     8.5026    31.6925     0.1453      2.180 0.0000e+00
       7005     32.026     8.5060   3.356468     0.5567     1.2497  4.5084193    76.7000     31.726     8.5028    31.6950     0.1453      2.180 0.0000e+00
       7006     32.038     8.5062   3.356718     0.5566     1.2680  4.5090295    76.7903     31.738     8.5030    31.6974     0.1450      2.175 0.0000e+00
       7007     32.049     8.5063   3.356956     0.5566     1.2680  4.5096159    76.8795     31.749     8.5031    31.6998     0.1450      2.175 0.0000e+00
       7008     32.061     8.5065   3.357185     0.5566     1.2680  4.5101827    76.9671     31.761     8.5033    31.7021     0.1450      2.176 0.0000e+00
       7009     32.072     8.5066   3.357406     0.5566     1.2680  4.5107337    77.0526     31.771     8.5034    31.7043     0.1450      2.176 0.0000e+00
       7010     32.084     8.5067   3.357616     0.5566     1.2497  4.5112729    77.1357     31.783     8.5035    31.7064     0.1450      2.175 0.0000e+00
       7011     32.096     8.5068   3.357813     0.5566     1.2680  4.5118039    77.2164     31.795     8.5036    31.7084     0.1450      2.175 0.0000e+00
       7012     32.108     8.5068   3.357991     0.5566     1.2680  4.5123304    77.2948     31.807     8.5036    31.7102     0.1450      2.175 0.0000e+00
       7013     32.120     8.5069   3.358150     0.5566     1.2497  4.5128561    77.3707     31.819     8.5037    31.7118     0.1450      2.176 0.0000e+00
       7014     32.131     8.5070   3.358291     0.5565     1.2497  4.5133848    77.4443     31.830     8.5038    31.7132     0.1448      2.172 0.0000e+00
       7015     32.143     8.5070   3.358411     0.5565     1.2313  4.5139199    77.5155     31.842     8.5038    31.7144     0.1448      2.172 0.0000e+00
       7016     32.154     8.5070   3.358516     0.5565     1.2497  4.5144653    77.5843     31.853     8.5038    31.7155     0.1448      2.173 0.0000e+00
       7017     32.166     8.5070   3.358605     0.5565     1.2497  4.5150248    77.6512     31.865     8.5038    31.7164     0.1449      2.173 0.0000e+00
       7018     32.177     8.5070   3.358681     0.5564     1.2497  4.5156022    77.7168     31.875     8.5038    31.7172     0.1446      2.169 0.0000e+00
       7019     32.188     8.5070   3.358747     0.5564     1.2313  4.5162016    77.7816     31.886     8.5038    31.7179     0.1446      2.169 0.0000e+00
