data/2023/2023_wed/06CTD06.cnv
* Sea-Bird SBE 9 Data File:
* FileName = C:\Users\ctd-user\Desktop\CTD_data\2023\MAR440 Sept 2023\06CTD06.hex
* Software Version Seasave V 7.26.2.13
* Temperature SN = 4493
* Conductivity SN = 1899
* Number of Bytes Per Scan = 37
* Number of Voltage Words = 4
* Number of Scans Averaged by the Deck Unit = 1
* NMEA Latitude = 58 19.37 N
* NMEA Longitude = 011 49.79 E
* NMEA UTC (Time) = Sep 06 2023 13:17:07
* NMEA baud rate = 4800
** Ship:
** Station:
** Operator:
# nquan = 14                                
# nvalues = 2043                        
# units = specified
# name 0 = scan: Scan Count
# name 1 = prDM: Pressure, Digiquartz [db]
# name 2 = t090C: Temperature [ITS-90, deg C]
# name 3 = c0S/m: Conductivity [S/m]
# name 4 = sbeox0V: Oxygen raw, SBE 43 [V]
# name 5 = flECO-AFL: Fluorescence, WET Labs ECO-AFL/FL [mg/m^3]
# name 6 = upoly0: Upoly 0, Turbidity
# name 7 = xmiss: Beam Transmission, Chelsea/Seatech [%]
# name 8 = depSM: Depth [salt water, m], lat = 58.3228
# name 9 = potemp090C: Potential Temperature [ITS-90, deg C]
# name 10 = sal00: Salinity, Practical [PSU]
# name 11 = sbeox0ML/L: Oxygen, SBE 43 [ml/l], WS = 2
# name 12 = sbeox0PS: Oxygen, SBE 43 [% saturation], WS = 2
# name 13 = flag: flag
# span 0 =          1,       2043       
# span 1 =      1.219,     16.829       
# span 2 =    13.5157,    18.7407       
# span 3 =   2.353151,   3.375215       
# span 4 =     0.7566,     3.1687       
# span 5 =     0.1874,    11.4511       
# span 6 =  4.5744887,  5.4888805       
# span 7 =    61.0232,    94.2904       
# span 8 =      1.208,     16.672       
# span 9 =    13.5136,    18.7405       
# span 10 =    16.4287,    27.7984      
# span 11 =     0.6341,     6.7762      
# span 12 =     10.373,    114.534      
# span 13 = 0.0000e+00, 0.0000e+00      
# interval = seconds: 0.0416667
# start_time = Sep 06 2023 13:17:07 [NMEA time, header]
# bad_flag = -9.990e-29
*END*
[from data line 1239]
       1240      8.647    17.6292   3.188263     1.7571     0.5903  4.7201496    93.2969      8.566    17.6279    23.5529     2.8161     48.597 0.0000e+00
       1241      8.668    17.6253   3.188559     1.7539     0.6086  4.7134551    93.2693      8.587    17.6240    23.5576     2.8067     48.432 0.0000e+00
       1242      8.690    17.6214   3.188849     1.7507     0.5903  4.7074794    93.2408      8.609    17.6200    23.5622     2.7974     48.268 0.0000e+00
       1243      8.712    17.6175   3.189134     1.7476     0.5903  4.7021809    93.2112      8.631    17.6161    23.5668     2.7884     48.110 0.0000e+00
       1244      8.734    17.6135   3.189416     1.7444     0.5903  4.6975228    93.1808      8.653    17.6121    23.5714     2.7791     47.949 0.0000e+00
       1245      8.756    17.6094   3.189694     1.7412     0.6086  4.6934727    93.1496      8.674    17.6080    23.5760     2.7700     47.789 0.0000e+00
       1246      8.778    17.6051   3.189970     1.7380     0.5903  4.6900025    93.1179      8.696    17.6037    23.5807     2.7609     47.629 0.0000e+00
       1247      8.800    17.6007   3.190245     1.7347     0.5903  4.6870879    93.0850      8.718    17.5993    23.5855     2.7516     47.466 0.0000e+00
       1248      8.822    17.5960   3.190522     1.7315     0.5903  4.6847087    93.0506      8.740    17.5946    23.5905     2.7426     47.308 0.0000e+00
       1249      8.844    17.5912   3.190802     1.7283     0.6086  4.6828483    93.0146      8.762    17.5898    23.5955     2.7336     47.150 0.0000e+00
       1250      8.866    17.5862   3.191089     1.7251     0.5903  4.6814939    92.9779      8.783    17.5848    23.6008     2.7247     46.993 0.0000e+00
       1251      8.888    17.5810   3.191382     1.7218     0.5903  4.6806359    92.9411      8.805    17.5796    23.6062     2.7155     46.831 0.0000e+00
       1252      8.911    17.5756   3.191684     1.7186     0.5903  4.6802685    92.9049      8.828    17.5742    23.6117     2.7066     46.674 0.0000e+00
       1253      8.933    17.5700   3.191996     1.7153     0.5720  4.6803890    92.8693      8.850    17.5686    23.6175     2.6975     46.513 0.0000e+00
       1254      8.956    17.5642   3.192324     1.7121     0.5903  4.6809983    92.8343      8.873    17.5628    23.6236     2.6885     46.356 0.0000e+00
       1255      8.978    17.5582   3.192666     1.7088     0.5903  4.6821006    92.8003      8.894    17.5568    23.6298     2.6794     46.194 0.0000e+00
       1256      9.001    17.5520   3.193026     1.7056     0.5903  4.6837037    92.7678      8.917    17.5506    23.6363     2.6705     46.037 0.0000e+00
       1257      9.023    17.5456   3.193406     1.7023     0.5903  4.6858186    92.7374      8.939    17.5442    23.6432     2.6613     45.875 0.0000e+00
       1258      9.046    17.5389   3.193805     1.6991     0.5903  4.6884600    92.7092      8.962    17.5375    23.6503     2.6523     45.716 0.0000e+00
       1259      9.069    17.5319   3.194227     1.6958     0.5903  4.6916464    92.6827      8.985    17.5305    23.6578     2.6431     45.552 0.0000e+00
       1260      9.092    17.5246   3.194672     1.6925     0.6086  4.6954000    92.6573      9.007    17.5232    23.6657     2.6338     45.387 0.0000e+00
       1261      9.115    17.5171   3.195143     1.6892     0.6086  4.6998317    92.6326      9.030    17.5157    23.6739     2.6244     45.221 0.0000e+00
       1262      9.137    17.5092   3.195639     1.6859     0.5903  4.7050573    92.6088      9.052    17.5078    23.6825     2.6149     45.054 0.0000e+00
       1263      9.160    17.5011   3.196163     1.6826     0.5903  4.7110282    92.5856      9.075    17.4997    23.6915     2.6054     44.885 0.0000e+00
       1264      9.183    17.4928   3.196714     1.6793     0.5537  4.7174463    92.5628      9.097    17.4914    23.7008     2.5958     44.714 0.0000e+00
       1265      9.206    17.4845   3.197292     1.6760     0.5354  4.7237616    92.5406      9.120    17.4831    23.7104     2.5860     44.542 0.0000e+00
       1266      9.229    17.4763   3.197892     1.6726     0.5354  4.7295933    92.5195      9.143    17.4749    23.7201     2.5759     44.364 0.0000e+00
       1267      9.252    17.4681   3.198509     1.6693     0.5354  4.7348970    92.5000      9.166    17.4667    23.7299     2.5660     44.188 0.0000e+00
       1268      9.275    17.4601   3.199144     1.6659     0.5354  4.7397097    92.4824      9.189    17.4587    23.7397     2.5557     44.006 0.0000e+00
       1269      9.298    17.4523   3.199796     1.6626     0.5537  4.7440649    92.4665      9.211    17.4509    23.7496     2.5455     43.826 0.0000e+00
       1270      9.321    17.4447   3.200467     1.6592     0.5354  4.7479928    92.4516      9.234    17.4433    23.7596     2.5349     43.640 0.0000e+00
       1271      9.345    17.4374   3.201158     1.6557     0.5354  4.7515207    92.4373      9.258    17.4360    23.7695     2.5240     43.449 0.0000e+00
       1272      9.368    17.4303   3.201872     1.6523     0.5720  4.7546732    92.4230      9.281    17.4289    23.7795     2.5132     43.259 0.0000e+00
       1273      9.391    17.4236   3.202610     1.6489     0.5354  4.7574723    92.4091      9.304    17.4222    23.7894     2.5022     43.067 0.0000e+00
       1274      9.415    17.4170   3.203371     1.6454     0.5354  4.7599374    92.3962      9.327    17.4155    23.7995     2.4909     42.869 0.0000e+00
       1275      9.438    17.4107   3.204148     1.6418     0.5354  4.7620856    92.3852      9.350    17.4092    23.8096     2.4792     42.665 0.0000e+00
       1276      9.461    17.4046   3.204930     1.6383     0.5354  4.7639319    92.3764      9.373    17.4031    23.8196     2.4676     42.463 0.0000e+00
       1277      9.485    17.3987   3.205707     1.6347     0.5537  4.7654891    92.3701      9.397    17.3972    23.8294     2.4557     42.256 0.0000e+00
       1278      9.508    17.3929   3.206472     1.6311     0.5354  4.7667681    92.3666      9.419    17.3914    23.8390     2.4436     42.046 0.0000e+00
       1279      9.532    17.3873   3.207225     1.6275     0.5354  4.7677778    92.3661      9.443    17.3858    23.8485     2.4314     41.834 0.0000e+00
       1280      9.555    17.3819   3.207962     1.6238     0.5354  4.7685252    92.3686      9.466    17.3804    23.8577     2.4189     41.616 0.0000e+00
       1281      9.579    17.3766   3.208674     1.6201     0.5537  4.7690154    92.3736      9.490    17.3751    23.8667     2.4063     41.397 0.0000e+00
       1282      9.602    17.3714   3.209355     1.6163     0.5354  4.7692520    92.3804      9.513    17.3699    23.8753     2.3933     41.172 0.0000e+00
       1283      9.625    17.3663   3.210003     1.6125     0.5537  4.7692365    92.3889      9.535    17.3648    23.8836     2.3802     40.945 0.0000e+00
       1284      9.649    17.3613   3.210617     1.6087     0.5354  4.7689688    92.3993      9.559    17.3598    23.8916     2.3671     40.717 0.0000e+00
       1285      9.673    17.3564   3.211199     1.6048     0.5354  4.7684472    92.4112      9.583    17.3549    23.8992     2.3536     40.483 0.0000e+00
       1286      9.696    17.3515   3.211750     1.6009     0.5354  4.7676678    92.4246      9.606    17.3500    23.9066     2.3400     40.248 0.0000e+00
       1287      9.720    17.3467   3.212274     1.5969     0.5537  4.7666254    92.4395      9.629    17.3452    23.9138     2.3262     40.007 0.0000e+00
       1288      9.744    17.3418   3.212772     1.5928     0.5354  4.7653127    92.4561      9.653    17.3403    23.9207     2.3120     39.761 0.0000e+00
       1289      9.767    17.3370   3.213247     1.5888     0.5354  4.7638054    92.4749      9.676    17.3355    23.9275     2.2980     39.519 0.0000e+00
       1290      9.791    17.3321   3.213701     1.5846     0.4987  4.7622630    92.4963      9.700    17.3306    23.9341     2.2835     39.267 0.0000e+00
       1291      9.815    17.3272   3.214135     1.5804     0.4987  4.7607597    92.5203      9.724    17.3257    23.9405     2.2690     39.015 0.0000e+00
       1292      9.838    17.3222   3.214551     1.5762     0.5171  4.7592851    92.5473      9.746    17.3207    23.9469     2.2544     38.762 0.0000e+00
       1293      9.862    17.3171   3.214948     1.5719     0.4987  4.7578288    92.5769      9.770    17.3156    23.9532     2.2396     38.505 0.0000e+00
       1294      9.886    17.3119   3.215331     1.5676     0.4987  4.7563807    92.6085      9.794    17.3104    23.9594     2.2248     38.249 0.0000e+00
       1295      9.910    17.3066   3.215701     1.5633     0.4987  4.7549308    92.6413      9.818    17.3051    23.9655     2.2101     37.992 0.0000e+00
       1296      9.933    17.3011   3.216058     1.5589     0.4987  4.7534690    92.6745      9.840    17.2996    23.9717     2.1951     37.732 0.0000e+00
       1297      9.957    17.2955   3.216406     1.5544     0.4987  4.7519851    92.7075      9.864    17.2940    23.9779     2.1799     37.468 0.0000e+00
       1298      9.980    17.2898   3.216744     1.5499     0.4987  4.7504687    92.7397      9.887    17.2883    23.9840     2.1648     37.206 0.0000e+00
       1299     10.004    17.2840   3.217076     1.5454     0.4987  4.7489094    92.7709      9.911    17.2825    23.9902     2.1497     36.944 0.0000e+00
       1300     10.028    17.2781   3.217401     1.5408     0.5171  4.7472963    92.8009      9.935    17.2766    23.9963     2.1345     36.679 0.0000e+00
       1301     10.051    17.2720   3.217722     1.5362     0.4987  4.7456182    92.8298      9.957    17.2705    24.0026     2.1193     36.415 0.0000e+00
       1302     10.075    17.2659   3.218039     1.5315     0.5171  4.7438634    92.8577      9.981    17.2644    24.0088     2.1040     36.149 0.0000e+00
       1303     10.099    17.2596   3.218356     1.5268     0.4987  4.7420196    92.8846     10.005    17.2581    24.0151     2.0888     35.885 0.0000e+00
       1304     10.123    17.2532   3.218673     1.5221     0.4987  4.7400741    92.9108     10.029    17.2516    24.0215     2.0737     35.623 0.0000e+00
       1305     10.146    17.2466   3.218992     1.5173     0.4987  4.7380133    92.9362     10.051    17.2450    24.0280     2.0585     35.358 0.0000e+00
       1306     10.170    17.2398   3.219315     1.5124     0.4987  4.7358230    92.9607     10.075    17.2382    24.0347     2.0431     35.091 0.0000e+00
       1307     10.194    17.2328   3.219642     1.5075     0.4987  4.7334877    92.9841     10.099    17.2312    24.0415     2.0279     34.827 0.0000e+00
       1308     10.218    17.2256   3.219974     1.5026     0.4987  4.7309914    93.0060     10.123    17.2240    24.0485     2.0129     34.565 0.0000e+00
       1309     10.241    17.2182   3.220312     1.4977     0.4987  4.7283166    93.0261     10.146    17.2166    24.0557     1.9980     34.306 0.0000e+00
       1310     10.265    17.2106   3.220656     1.4927     0.4987  4.7254448    93.0441     10.169    17.2090    24.0630     1.9830     34.045 0.0000e+00
       1311     10.289    17.2029   3.221005     1.4877     0.5171  4.7223559    93.0600     10.193    17.2013    24.0705     1.9683     33.788 0.0000e+00
       1312     10.312    17.1948   3.221358     1.4826     0.4987  4.7190285    93.0742     10.216    17.1932    24.0782     1.9534     33.530 0.0000e+00
       1313     10.336    17.1865   3.221714     1.4776     0.5171  4.7154394    93.0869     10.240    17.1849    24.0861     1.9390     33.278 0.0000e+00
       1314     10.359    17.1779   3.222072     1.4725     0.4987  4.7115637    93.0981     10.262    17.1763    24.0941     1.9245     33.026 0.0000e+00
       1315     10.383    17.1690   3.222427     1.4674     0.5171  4.7075442    93.1076     10.286    17.1674    24.1023     1.9102     32.776 0.0000e+00
       1316     10.407    17.1597   3.222779     1.4622     0.4621  4.7036928    93.1157     10.310    17.1581    24.1108     1.8959     32.526 0.0000e+00
       1317     10.430    17.1500   3.223125     1.4571     0.4621  4.7001525    93.1228     10.333    17.1484    24.1194     1.8820     32.283 0.0000e+00
       1318     10.454    17.1399   3.223467     1.4520     0.4621  4.6968988    93.1289     10.357    17.1383    24.1282     1.8683     32.043 0.0000e+00
       1319     10.477    17.1294   3.223808     1.4468     0.4621  4.6939090    93.1343     10.379    17.1278    24.1373     1.8546     31.803 0.0000e+00
       1320     10.500    17.1184   3.224148     1.4417     0.4621  4.6911622    93.1389     10.402    17.1168    24.1466     1.8413     31.570 0.0000e+00
       1321     10.524    17.1071   3.224491     1.4365     0.4621  4.6886395    93.1429     10.426    17.1055    24.1562     1.8280     31.338 0.0000e+00
       1322     10.547    17.0954   3.224835     1.4314     0.4621  4.6863232    93.1473     10.449    17.0938    24.1660     1.8152     31.112 0.0000e+00
       1323     10.570    17.0834   3.225179     1.4262     0.4621  4.6841972    93.1531     10.472    17.0818    24.1760     1.8023     30.886 0.0000e+00
       1324     10.594    17.0710   3.225523     1.4211     0.4621  4.6822467    93.1602     10.495    17.0694    24.1863     1.7899     30.668 0.0000e+00
       1325     10.617    17.0584   3.225868     1.4159     0.4621  4.6804582    93.1681     10.518    17.0568    24.1967     1.7775     30.449 0.0000e+00
       1326     10.640    17.0453   3.226214     1.4108     0.4255  4.6788192    93.1760     10.541    17.0437    24.2074     1.7655     30.239 0.0000e+00
       1327     10.663    17.0320   3.226564     1.4057     0.4621  4.6773183    93.1832     10.564    17.0304    24.2182     1.7538     30.032 0.0000e+00
       1328     10.686    17.0185   3.226917     1.4005     0.4804  4.6759451    93.1894     10.586    17.0169    24.2292     1.7420     29.824 0.0000e+00
       1329     10.710    17.0047   3.227277     1.3954     0.4621  4.6746901    93.1947     10.610    17.0031    24.2405     1.7308     29.625 0.0000e+00
       1330     10.733    16.9908   3.227643     1.3903     0.4804  4.6735444    93.1992     10.633    16.9892    24.2518     1.7197     29.430 0.0000e+00
       1331     10.756    16.9769   3.228018     1.3853     0.4621  4.6725001    93.2028     10.656    16.9753    24.2633     1.7091     29.243 0.0000e+00
       1332     10.779    16.9628   3.228407     1.3802     0.4621  4.6715501    93.2056     10.679    16.9612    24.2750     1.6985     29.055 0.0000e+00
       1333     10.802    16.9488   3.228815     1.3752     0.4621  4.6706875    93.2077     10.701    16.9472    24.2868     1.6883     28.874 0.0000e+00
       1334     10.825    16.9346   3.229249     1.3702     0.4804  4.6699065    93.2101     10.724    16.9330    24.2989     1.6783     28.698 0.0000e+00
       1335     10.848    16.9204   3.229713     1.3653     0.4621  4.6692017    93.2135     10.747    16.9188    24.3113     1.6687     28.528 0.0000e+00
       1336     10.871    16.9059   3.230212     1.3604     0.4621  4.6685680    93.2182     10.770    16.9043    24.3242     1.6594     28.363 0.0000e+00
       1337     10.894    16.8913   3.230746     1.3555     0.4621  4.6680012    93.2243     10.792    16.8897    24.3374     1.6502     28.201 0.0000e+00
       1338     10.917    16.8763   3.231318     1.3506     0.4621  4.6674972    93.2322     10.815    16.8747    24.3512     1.6413     28.042 0.0000e+00
       1339     10.940    16.8611   3.231923     1.3458     0.4621  4.6670526    93.2423     10.838    16.8595    24.3654     1.6327     27.890 0.0000e+00
       1340     10.963    16.8456   3.232556     1.3410     0.4438  4.6666642    93.2549     10.861    16.8439    24.3800     1.6244     27.741 0.0000e+00
       1341     10.985    16.8299   3.233216     1.3362     0.4255  4.6663294    93.2700     10.883    16.8282    24.3950     1.6162     27.595 0.0000e+00
