data/2023/2023_wed/06CTD15.cnv
* Sea-Bird SBE 9 Data File:
* FileName = C:\Users\ctd-user\Desktop\CTD_data\2023\MAR440 Sept 2023\06CTD15.hex
* Software Version Seasave V 7.26.2.13
* Temperature SN = 4493
* Conductivity SN = 1899
* Number of Bytes Per Scan = 37
* Number of Voltage Words = 4
* Number of Scans Averaged by the Deck Unit = 1
* NMEA Latitude = 58 17.98 N
* NMEA Longitude = 011 45.76 E
* NMEA UTC (Time) = Sep 06 2023 12:33:38
* NMEA baud rate = 4800
** Ship:
** Station:
** Operator:
# nquan = 14                                
# nvalues = 1228                        
# units = specified
# name 0 = scan: Scan Count
# name 1 = prDM: Pressure, Digiquartz [db]
# name 2 = t090C: Temperature [ITS-90, deg C]
# name 3 = c0S/m: Conductivity [S/m]
# name 4 = sbeox0V: Oxygen raw, SBE 43 [V]
# name 5 = flECO-AFL: Fluorescence, WET Labs ECO-AFL/FL [mg/m^3]
# name 6 = upoly0: Upoly 0, Turbidity
# name 7 = xmiss: Beam Transmission, Chelsea/Seatech [%]
# name 8 = depSM: Depth [salt water, m], lat = 58.2997
# name 9 = potemp090C: Potential Temperature [ITS-90, deg C]
# name 10 = sal00: Salinity, Practical [PSU]
# name 11 = sbeox0ML/L: Oxygen, SBE 43 [ml/l], WS = 2
# name 12 = sbeox0PS: Oxygen, SBE 43 [% saturation], WS = 2
# name 13 = flag: flag
# span 0 =          1,       1228       
# span 1 =      1.117,     20.462       
# span 2 =    12.0776,    18.4986       
# span 3 =   2.913577,   3.410172       
# span 4 =     0.9265,     2.7964       
# span 5 =     0.1508,     4.3266       
# span 6 =  4.4283859,  4.9413275       
# span 7 =    80.5705,    96.1161       
# span 8 =      1.107,     20.271       
# span 9 =    12.0751,    18.4983       
# span 10 =    20.8829,    28.6206      
# span 11 =     1.0676,     5.7283      
# span 12 =     17.730,     98.966      
# span 13 = 0.0000e+00, 0.0000e+00      
# interval = seconds: 0.0416667
# start_time = Sep 06 2023 12:33:38 [NMEA time, header]
# bad_flag = -9.990e-29
*END*
          1      1.235    18.4831   2.924736     2.6353     4.3266  4.9413275    81.0898      1.224    18.4829    20.9780     5.2960     91.499 -9.990e-29
          2      1.235    18.4830   2.924737     2.6346     4.3083  4.9403991    81.0867      1.224    18.4828    20.9781     5.2942     91.469 -9.990e-29
          3      1.234    18.4829   2.924737     2.6340     4.3083  4.9393899    81.0834      1.223    18.4827    20.9781     5.2927     91.443 -9.990e-29
          4      1.234    18.4828   2.924736     2.6337     4.3083  4.9382929    81.0799      1.223    18.4826    20.9782     5.2920     91.430 -9.990e-29
          5      1.234    18.4826   2.924733     2.6335     4.2899  4.9371005    81.0773      1.223    18.4824    20.9782     5.2915     91.422 -9.990e-29
          6      1.233    18.4825   2.924730     2.6336     4.2899  4.9358045    81.0766      1.222    18.4823    20.9783     5.2918     91.426 -9.990e-29
          7      1.233    18.4824   2.924724     2.6338     4.3083  4.9343958    81.0781      1.222    18.4822    20.9783     5.2923     91.434 -9.990e-29
          8      1.233    18.4822   2.924716     2.6342     4.3083  4.9328646    81.0817      1.222    18.4820    20.9783     5.2933     91.452 -9.990e-29
          9      1.233    18.4820   2.924707     2.6347     4.3083  4.9312002    81.0869      1.222    18.4818    20.9783     5.2946     91.473 -9.990e-29
         10      1.232    18.4819   2.924694     2.6354     4.2899  4.9293911    81.0933      1.221    18.4817    20.9783     5.2963     91.503 -9.990e-29
         11      1.232    18.4817   2.924679     2.6363     4.3083  4.9274246    81.1008      1.221    18.4815    20.9783     5.2986     91.542 -9.990e-29
         12      1.232    18.4816   2.924660     2.6373     4.3083  4.9252872    81.1090      1.221    18.4814    20.9782     5.3011     91.585 -9.990e-29
         13      1.232    18.4814   2.924639     2.6384     4.2533  4.9229640    81.1175      1.221    18.4812    20.9781     5.3038     91.632 -9.990e-29
         14      1.232    18.4813   2.924616     2.6397     3.9969  4.9205236    81.1258      1.221    18.4811    20.9780     5.3071     91.688 -9.990e-29
         15      1.232    18.4811   2.924592     2.6410     3.8870  4.9181190    81.1337      1.221    18.4809    20.9779     5.3103     91.744 -9.990e-29
         16      1.231    18.4810   2.924568     2.6425     3.8687  4.9158185    81.1416      1.220    18.4808    20.9778     5.3141     91.808 -9.990e-29
         17      1.231    18.4809   2.924543     2.6440     3.8687  4.9136060    81.1500      1.220    18.4807    20.9776     5.3178     91.873 -9.990e-29
         18      1.231    18.4808   2.924518     2.6456     3.8870  4.9114662    81.1592      1.220    18.4806    20.9775     5.3218     91.941 -9.990e-29
         19      1.231    18.4808   2.924494     2.6473     3.8870  4.9093841    81.1688      1.220    18.4806    20.9773     5.3261     92.014 -9.990e-29
         20      1.231    18.4807   2.924468     2.6491     3.8870  4.9073453    81.1784      1.220    18.4805    20.9771     5.3305     92.092 -9.990e-29
         21      1.231    18.4806   2.924442     2.6509     3.8870  4.9053355    81.1879      1.220    18.4804    20.9770     5.3350     92.169 -9.990e-29
         22      1.231    18.4806   2.924414     2.6527     3.8870  4.9033408    81.1973      1.220    18.4804    20.9767     5.3395     92.246 -9.990e-29
         23      1.231    18.4805   2.924384     2.6546     3.8870  4.9013474    81.2064      1.220    18.4803    20.9766     5.3443     92.328 -9.990e-29
         24      1.231    18.4805   2.924352     2.6565     3.8870  4.8993413    81.2151      1.220    18.4803    20.9763     5.3490     92.410 -9.990e-29
         25      1.231    18.4805   2.924317     2.6585     3.8870  4.8973087    81.2235      1.220    18.4803    20.9760     5.5096     95.184 -9.990e-29
         26      1.231    18.4804   2.924279     2.6604     3.8870  4.8952352    81.2315      1.220    18.4802    20.9758     5.5184     95.336 -9.990e-29
         27      1.231    18.4804   2.924240     2.6624     3.8870  4.8931067    81.2392      1.220    18.4802    20.9755     5.5270     95.484 -9.990e-29
         28      1.232    18.4804   2.924199     2.6644     3.8870  4.8909081    81.2464      1.221    18.4802    20.9751     5.5351     95.624 -9.990e-29
         29      1.232    18.4804   2.924155     2.6664     3.8870  4.8886243    81.2530      1.221    18.4802    20.9748     5.5428     95.757 -9.990e-29
         30      1.232    18.4804   2.924109     2.6684     3.8870  4.8862393    81.2591      1.221    18.4802    20.9744     5.5501     95.882 -9.990e-29
         31      1.231    18.4804   2.924059     2.6705     3.8870  4.8837366    81.2654      1.220    18.4802    20.9740     5.5572     96.005 -9.990e-29
         32      1.231    18.4804   2.924005     2.6725     3.8870  4.8810988    81.2723      1.220    18.4802    20.9736     5.5637     96.118 -9.990e-29
         33      1.231    18.4805   2.923948     2.6745     3.8870  4.8783074    81.2805      1.220    18.4803    20.9731     5.5699     96.225 -9.990e-29
         34      1.231    18.4805   2.923886     2.6765     3.9053  4.8753432    81.2902      1.220    18.4803    20.9726     5.5758     96.326 -9.990e-29
         35      1.231    18.4805   2.923820     2.6786     3.8870  4.8721853    81.3010      1.220    18.4803    20.9721     5.5816     96.426 -9.990e-29
         36      1.231    18.4806   2.923750     2.6806     3.8870  4.8688120    81.3122      1.220    18.4804    20.9715     5.5869     96.518 -9.990e-29
         37      1.230    18.4806   2.923677     2.6826     3.8870  4.8651997    81.3233      1.219    18.4804    20.9709     5.5920     96.605 -9.990e-29
         38      1.230    18.4807   2.923601     2.6846     3.8870  4.8613233    81.3335      1.219    18.4805    20.9703     5.5968     96.688 -9.990e-29
         39      1.229    18.4808   2.923521     2.6866     3.8687  4.8572407    81.3424      1.218    18.4806    20.9696     5.6014     96.767 -9.990e-29
         40      1.229    18.4809   2.923439     2.6886     3.8504  4.8531785    81.3496      1.218    18.4807    20.9689     5.6058     96.843 -9.990e-29
         41      1.228    18.4810   2.923353     2.6906     3.8504  4.8493630    81.3548      1.217    18.4808    20.9682     5.6100     96.916 -9.990e-29
         42      1.228    18.4811   2.923265     2.6925     3.8504  4.8458529    81.3582      1.217    18.4809    20.9674     5.6138     96.981 -9.990e-29
         43      1.228    18.4812   2.923173     2.6944     3.8504  4.8426235    81.3601      1.217    18.4810    20.9666     5.6175     97.044 -9.990e-29
         44      1.227    18.4813   2.923080     2.6964     3.8504  4.8396525    81.3610      1.216    18.4811    20.9659     5.6213     97.109 -9.990e-29
         45      1.226    18.4815   2.922985     2.6983     3.8504  4.8369192    81.3612      1.215    18.4813    20.9650     5.6247     97.168 -9.990e-29
         46      1.226    18.4816   2.922889     2.7001     3.8504  4.8344046    81.3607      1.215    18.4814    20.9642     5.6277     97.220 -9.990e-29
         47      1.225    18.4818   2.922791     2.7020     3.8504  4.8320911    81.3594      1.214    18.4816    20.9633     5.6309     97.275 -9.990e-29
         48      1.224    18.4819   2.922694     2.7038     3.8321  4.8299628    81.3577      1.213    18.4817    20.9625     5.6338     97.325 -9.990e-29
         49      1.224    18.4821   2.922597     2.7056     3.8504  4.8280047    81.3557      1.213    18.4819    20.9616     5.6366     97.373 -9.990e-29
         50      1.223    18.4823   2.922499     2.7074     3.8504  4.8262033    81.3542      1.212    18.4821    20.9608     5.6393     97.420 -9.990e-29
         51      1.222    18.4826   2.922402     2.7091     3.8504  4.8245460    81.3537      1.211    18.4824    20.9598     5.6417     97.462 -9.990e-29
         52      1.221    18.4828   2.922304     2.7109     3.8504  4.8230213    81.3545      1.210    18.4826    20.9590     5.6444     97.507 -9.990e-29
         53      1.221    18.4831   2.922208     2.7126     3.8321  4.8216186    81.3564      1.210    18.4829    20.9581     5.6467     97.547 -9.990e-29
         54      1.220    18.4834   2.922111     2.7142     3.8504  4.8203281    81.3589      1.209    18.4832    20.9571     5.6487     97.582 -9.990e-29
         55      1.219    18.4837   2.922017     2.7159     3.8504  4.8191409    81.3616      1.208    18.4835    20.9563     5.6510     97.621 -9.990e-29
         56      1.218    18.4841   2.921926     2.7175     3.8504  4.8180487    81.3643      1.207    18.4839    20.9553     5.6530     97.656 -9.990e-29
         57      1.217    18.4845   2.921838     2.7191     3.8504  4.8170439    81.3671      1.206    18.4843    20.9544     5.6550     97.691 -9.990e-29
         58      1.216    18.4849   2.921756     2.7207     3.8504  4.8161195    81.3702      1.205    18.4847    20.9536     5.6570     97.725 -9.990e-29
         59      1.215    18.4854   2.921679     2.7223     3.8504  4.8152691    81.3733      1.204    18.4852    20.9527     5.6589     97.760 -9.990e-29
         60      1.214    18.4859   2.921608     2.7238     3.8504  4.8144868    81.3761      1.203    18.4857    20.9519     5.6607     97.790 -9.990e-29
         61      1.213    18.4864   2.921543     2.7253     3.8504  4.8137671    81.3785      1.202    18.4862    20.9511     5.6624     97.820 -9.990e-29
         62      1.212    18.4870   2.921485     2.7268     3.8504  4.8131050    81.3804      1.201    18.4868    20.9504     5.6641     97.851 -9.990e-29
         63      1.211    18.4876   2.921433     2.7282     3.8504  4.8124959    81.3821      1.200    18.4874    20.9497     5.6656     97.878 -9.990e-29
         64      1.210    18.4882   2.921387     2.7297     3.8504  4.8119356    81.3832      1.199    18.4880    20.9490     5.6674     97.910 -9.990e-29
         65      1.209    18.4888   2.921351     2.7311     3.9603  4.8114201    81.3836      1.198    18.4886    20.9484     5.6690     97.937 -9.990e-29
         66      1.208    18.4893   2.921321     2.7324     3.9969  4.8109460    81.3826      1.197    18.4891    20.9479     5.6703     97.961 -9.990e-29
         67      1.207    18.4899   2.921304     2.7338     3.9969  4.8105098    81.3801      1.196    18.4897    20.9475     5.6719     97.990 -9.990e-29
         68      1.206    18.4904   2.921296     2.7351     3.9969  4.8101086    81.3766      1.195    18.4902    20.9472     5.6733     98.015 -9.990e-29
         69      1.205    18.4909   2.921298     2.7364     3.9969  4.8097396    81.3732      1.194    18.4907    20.9469     5.6748     98.040 -9.990e-29
         70      1.204    18.4913   2.921312     2.7377     3.9786  4.8094002    81.3706      1.193    18.4911    20.9468     5.6762     98.066 -9.990e-29
         71      1.202    18.4918   2.921337     2.7390     3.9969  4.8090880    81.3694      1.191    18.4916    20.9468     5.6777     98.093 -9.990e-29
         72      1.201    18.4922   2.921372     2.7403     3.9969  4.8088008    81.3695      1.190    18.4920    20.9469     5.6793     98.120 -9.990e-29
         73      1.200    18.4926   2.921410     2.7416     3.9786  4.8085368    81.3707      1.189    18.4924    20.9470     5.6809     98.149 -9.990e-29
         74      1.199    18.4930   2.921442     2.7428     3.9786  4.8082939    81.3727      1.188    18.4928    20.9470     5.6822     98.173 -9.990e-29
         75      1.198    18.4933   2.921451     2.7440     3.9969  4.8080706    81.3754      1.187    18.4931    20.9469     5.6836     98.198 -9.990e-29
         76      1.196    18.4937   2.921428     2.7452     3.9969  4.8078653    81.3785      1.185    18.4935    20.9465     5.6851     98.224 -9.990e-29
         77      1.195    18.4940   2.921368     2.7464     3.9969  4.8076766    81.3820      1.184    18.4938    20.9459     5.6866     98.251 -9.990e-29
         78      1.194    18.4943   2.921271     2.7476     3.9969  4.8075031    81.3857      1.183    18.4941    20.9450     5.6882     98.278 -9.990e-29
         79      1.193    18.4945   2.921142     2.7488     3.9969  4.8073437    81.3894      1.182    18.4943    20.9439     5.6898     98.305 -9.990e-29
         80      1.191    18.4948   2.920989     2.7499     3.9969  4.8071972    81.3929      1.180    18.4946    20.9425     5.6912     98.329 -9.990e-29
         81      1.190    18.4950   2.920821     2.7511     3.9786  4.8070626    81.3963      1.179    18.4948    20.9411     5.6929     98.358 -9.990e-29
         82      1.189    18.4952   2.920647     2.7523     3.9969  4.8069389    81.3993      1.178    18.4950    20.9396     5.6946     98.387 -9.990e-29
         83      1.187    18.4954   2.920469     2.7534     3.9969  4.8068254    81.4022      1.176    18.4952    20.9381     5.6961     98.412 -9.990e-29
         84      1.186    18.4955   2.920291     2.7545     3.9969  4.8067212    81.4048      1.175    18.4953    20.9367     5.6976     98.438 -9.990e-29
         85      1.184    18.4957   2.920117     2.7556     3.9969  4.8066257    81.4068      1.173    18.4955    20.9352     5.6991     98.463 -9.990e-29
         86      1.183    18.4958   2.919948     2.7567     3.9969  4.8065380    81.4078      1.172    18.4956    20.9338     5.7007     98.489 -9.990e-29
         87      1.182    18.4960   2.919790     2.7578     3.9969  4.8064577    81.4077      1.171    18.4958    20.9325     5.7022     98.516 -9.990e-29
         88      1.180    18.4961   2.919642     2.7589     3.9969  4.8063841    81.4063      1.169    18.4959    20.9312     5.7038     98.543 -9.990e-29
         89      1.179    18.4962   2.919509     2.7599     3.9969  4.8063169    81.4040      1.168    18.4960    20.9301     5.7051     98.565 -9.990e-29
         90      1.177    18.4963   2.919392     2.7610     3.9236  4.8062554    81.4011      1.166    18.4961    20.9292     5.7067     98.592 -9.990e-29
         91      1.176    18.4964   2.919294     2.7620     3.8687  4.8061992    81.3975      1.165    18.4962    20.9283     5.7080     98.614 -9.990e-29
         92      1.174    18.4965   2.919215     2.7630     3.8504  4.8061480    81.3935      1.163    18.4963    20.9277     5.7093     98.637 -9.990e-29
         93      1.173    18.4966   2.919157     2.7640     3.8504  4.8061015    81.3890      1.162    18.4964    20.9272     5.7106     98.659 -9.990e-29
         94      1.171    18.4967   2.919118     2.7650     3.8504  4.8060592    81.3841      1.160    18.4965    20.9268     5.7119     98.681 -9.990e-29
         95      1.170    18.4967   2.919098     2.7660     3.8504  4.8060209    81.3788      1.159    18.4965    20.9267     5.7132     98.703 -9.990e-29
         96      1.168    18.4968   2.919099     2.7670     3.8504  4.8059864    81.3731      1.157    18.4966    20.9266     5.7145     98.726 -9.990e-29
         97      1.167    18.4969   2.919118     2.7680     3.8504  4.8059554    81.3670      1.156    18.4967    20.9267     5.7157     98.748 -9.990e-29
         98      1.166    18.4969   2.919151     2.7689     3.8504  4.8059276    81.3604      1.155    18.4967    20.9270     5.7168     98.766 -9.990e-29
         99      1.164    18.4970   2.919199     2.7699     3.8687  4.8059029    81.3532      1.153    18.4968    20.9273     5.7180     98.787 -9.990e-29
        100      1.163    18.4971   2.919255     2.7708     3.8504  4.8058811    81.3454      1.152    18.4969    20.9277     5.7190     98.804 -9.990e-29
        101      1.161    18.4971   2.919313     2.7718     3.8504  4.8058621    81.3368      1.150    18.4969    20.9281     5.7202     98.826 -9.990e-29
        102      1.160    18.4972   2.919376     2.7727     3.8504  4.8058457    81.3277      1.149    18.4970    20.9286     5.7211     98.842 -9.990e-29
        103      1.158    18.4972   2.919437     2.7736     3.8504  4.8058318    81.3183      1.147    18.4970    20.9291     5.7220     98.858 -9.990e-29
