code/data/2021/ctd_data_day1/Station 4 210921.cnv
* Sea-Bird SBE 9 Data File:
* FileName = C:\Users\CTD-User\Desktop\MAR440\Station 4 210921.hex
* Software Version Seasave V 7.26.2.13
* Temperature SN = 6313
* Conductivity SN = 4758
* Number of Bytes Per Scan = 30
* Number of Voltage Words = 4
* Number of Scans Averaged by the Deck Unit = 1
* NMEA baud rate = 4800
** Ship:
** Station:
** Operator:
# nquan = 11
# nvalues = 963                                   
# units = specified
# name 0 = scan: Scan Count
# name 1 = prDM: Pressure, Digiquartz [db]
# name 2 = t090C: Temperature [ITS-90, deg C]
# name 3 = t190C: Temperature, 2 [ITS-90, deg C]
# name 4 = c0S/m: Conductivity [S/m]
# name 5 = c1S/m: Conductivity, 2 [S/m]
# name 6 = sbeox0V: Oxygen raw, SBE 43 [V]
# name 7 = sbeox1V: Oxygen raw, SBE 43, 2 [V]
# name 8 = flECO-AFL: Fluorescence, WET Labs ECO-AFL/FL [mg/m^3]
# name 9 = upoly0: Upoly 0, Turbidity
# name 10 = flag:  0.000e+00
# span 0 =          1,        963                 
# span 1 =      0.481,     10.723                 
# span 2 =    11.6141,    15.3196                 
# span 3 =    11.6112,    15.1462                 
# span 4 =  -0.000856,   2.790225                 
# span 5 =   0.025987,   2.797403                 
# span 6 =     2.2466,     3.1600                 
# span 7 =     2.1734,     2.9280                 
# span 8 =     0.0033,     0.0317                 
# span 9 =  0.0805824,  0.2378474                 
# span 10 = 0.0000e+00, 0.0000e+00                
# interval = seconds: 0.0416667
# start_time = Sep 21 2021 09:52:02 [System UTC, header]
# bad_flag = -9.990e-29
*END*
[from data line 787]
        788      7.059    14.8242    14.6339   2.780244   2.782273     2.2674     2.2857     0.0048  0.1782625  0.000e+00
        789      7.158    14.8280    14.6342   2.780298   2.782289     2.2674     2.2857     0.0048  0.1782625  0.000e+00
        790      7.125    14.8366    14.6415   2.780374   2.782294     2.2674     2.2845     0.0048  0.1743553  0.000e+00
        791      7.158    14.8393    14.6420   2.780352   2.782257     2.2662     2.2845     0.0046  0.1665409  0.000e+00
        792      7.182    14.8375    14.6417   2.780379   2.782246     2.2662     2.2845     0.0048  0.1645873  0.000e+00
        793      7.182    14.8440    14.6427   2.780471   2.782299     2.2662     2.2845     0.0048  0.1650757  0.000e+00
        794      7.224    14.8464    14.6473   2.780455   2.782289     2.2662     2.2845     0.0048  0.1650757  0.000e+00
        795      7.240    14.8469    14.6527   2.780541   2.782347     2.2662     2.2833     0.0046  0.1650757  0.000e+00
        796      7.306    14.8518    14.6585   2.780454   2.782390     2.2649     2.2833     0.0048  0.1650757  0.000e+00
        797      7.281    14.8582    14.6673   2.780578   2.782379     2.2649     2.2833     0.0048  0.1650757  0.000e+00
        798      7.306    14.8615    14.6773   2.780589   2.782352     2.2649     2.2833     0.0048  0.1650757  0.000e+00
        799      7.339    14.8729    14.6929   2.780594   2.782384     2.2637     2.2820     0.0048  0.1650757  0.000e+00
        800      7.306    14.8882    14.7080   2.780681   2.782405     2.2637     2.2820     0.0048  0.1650757  0.000e+00
        801      7.429    14.8979    14.7177   2.780627   2.782421     2.2637     2.2820     0.0048  0.1650757  0.000e+00
        802      7.405    14.9058    14.7200   2.780740   2.782427     2.2637     2.2808     0.0048  0.1650757  0.000e+00
        803      7.363    14.9092    14.7286   2.780745   2.782506     2.2625     2.2808     0.0048  0.1650757  0.000e+00
        804      7.487    14.9087    14.7453   2.780734   2.782512     2.2625     2.2808     0.0048  0.1650757  0.000e+00
        805      7.462    14.9052    14.7609   2.780875   2.782506     2.2625     2.2808     0.0048  0.1650757  0.000e+00
        806      7.429    14.9009    14.7780   2.780778   2.782543     2.2625     2.2796     0.0048  0.1650757  0.000e+00
        807      7.553    14.9038    14.7968   2.780896   2.782575     2.2625     2.2796     0.0048  0.1650757  0.000e+00
        808      7.528    14.9036    14.8130   2.780902   2.782602     2.2625     2.2796     0.0048  0.1655641  0.000e+00
        809      7.553    14.9001    14.8178   2.780869   2.782628     2.2625     2.2784     0.0048  0.1650757  0.000e+00
        810      7.586    14.8963    14.8186   2.781026   2.782596     2.2613     2.2784     0.0048  0.1650757  0.000e+00
        811      7.610    14.8959    14.8173   2.780977   2.782586     2.2613     2.2772     0.0048  0.1655641  0.000e+00
        812      7.610    14.9028    14.8186   2.781085   2.782639     2.2613     2.2772     0.0048  0.1655641  0.000e+00
        813      7.643    14.9087    14.8235   2.781106   2.782719     2.2613     2.2772     0.0048  0.1650757  0.000e+00
        814      7.610    14.9102    14.8285   2.781058   2.782676     2.2601     2.2759     0.0048  0.1650757  0.000e+00
        815      7.668    14.9211    14.8422   2.781225   2.782660     2.2601     2.2759     0.0048  0.1655641  0.000e+00
        816      7.767    14.9370    14.8551   2.781166   2.782697     2.2613     2.2759     0.0046  0.1680061  0.000e+00
        817      7.668    14.9542    14.8644   2.781289   2.782681     2.2613     2.2747     0.0046  0.1694713  0.000e+00
        818      7.791    14.9682    14.8700   2.781413   2.782639     2.2601     2.2747     0.0046  0.1704481  0.000e+00
        819      7.767    14.9706    14.8741   2.781381   2.782729     2.2601     2.2735     0.0046  0.1694713  0.000e+00
        820      7.734    14.9623    14.8797   2.781505   2.782782     2.2601     2.2735     0.0046  0.1704481  0.000e+00
        821      7.857    14.9657    14.8851   2.781505   2.782692     2.2601     2.2723     0.0046  0.1694713  0.000e+00
        822      7.832    14.9723    14.8948   2.781553   2.782718     2.2588     2.2723     0.0046  0.1704481  0.000e+00
        823      7.857    14.9747    14.8983   2.781597   2.782724     2.2601     2.2723     0.0046  0.1704481  0.000e+00
        824      7.890    14.9775    14.8938   2.781500   2.782793     2.2601     2.2711     0.0046  0.1704481  0.000e+00
        825      7.857    14.9802    14.8904   2.781710   2.782857     2.2601     2.2698     0.0046  0.1694713  0.000e+00
        826      7.972    14.9857    14.8884   2.781704   2.782830     2.2601     2.2698     0.0046  0.1694713  0.000e+00
        827      7.890    14.9879    14.8888   2.781634   2.782777     2.2576     2.2698     0.0046  0.1694713  0.000e+00
        828      7.972    14.9857    14.8889   2.781925   2.782782     2.2588     2.2686     0.0046  0.1704481  0.000e+00
        829      7.972    14.9943    14.8933   2.781942   2.782809     2.2588     2.2686     0.0046  0.1704481  0.000e+00
        830      8.013    15.0043    14.8992   2.781952   2.782884     2.2588     2.2674     0.0046  0.1694713  0.000e+00
        831      8.038    15.0074    14.9013   2.782130   2.782974     2.2588     2.2674     0.0046  0.1704481  0.000e+00
        832      8.038    15.0245    14.8965   2.782038   2.783017     2.2588     2.2662     0.0046  0.1704481  0.000e+00
        833      8.071    15.0414    14.8926   2.782092   2.782985     2.2576     2.2662     0.0046  0.1694713  0.000e+00
        834      7.972    15.0380    14.8920   2.782249   2.782974     2.2576     2.2650     0.0046  0.1694713  0.000e+00
        835      8.219    15.0353    14.8861   2.782243   2.782990     2.2576     2.2650     0.0046  0.1704481  0.000e+00
        836      8.137    15.0295    14.8834   2.782292   2.783006     2.2576     2.2637     0.0046  0.1694713  0.000e+00
        837      8.162    15.0226    14.8892   2.782270   2.783060     2.2576     2.2637     0.0046  0.1704481  0.000e+00
        838      8.194    15.0196    14.9039   2.782254   2.783118     2.2576     2.2625     0.0046  0.1704481  0.000e+00
        839      8.161    15.0154    14.9175   2.782416   2.783150     2.2576     2.2625     0.0046  0.1694713  0.000e+00
        840      8.219    15.0014    14.9247   2.782508   2.783038     2.2564     2.2613     0.0046  0.1694713  0.000e+00
        841      8.260    14.9874    14.9270   2.782400   2.783081     2.2564     2.2613     0.0046  0.1728901  0.000e+00
        842      8.285    14.9870    14.9272   2.782567   2.783113     2.2564     2.2601     0.0048  0.1782625  0.000e+00
        843      8.285    14.9910    14.9268   2.782783   2.783107     2.2564     2.2588     0.0048  0.1792393  0.000e+00
        844      8.318    14.9918    14.9242   2.782632   2.783225     2.2564     2.2588     0.0048  0.1787509  0.000e+00
        845      8.343    14.9945    14.9247   2.782697   2.783267     2.2564     2.2576     0.0048  0.1787509  0.000e+00
        846      8.342    15.0016    14.9297   2.782848   2.783203     2.2564     2.2576     0.0048  0.1787509  0.000e+00
        847      8.375    15.0085    14.9334   2.782724   2.783225     2.2564     2.2576     0.0048  0.1787509  0.000e+00
        848      8.400    15.0110    14.9314   2.782783   2.783273     2.2564     2.2564     0.0048  0.1787509  0.000e+00
        849      8.400    15.0068    14.9170   2.782982   2.783321     2.2564     2.2552     0.0048  0.1787509  0.000e+00
        850      8.441    14.9997    14.9172   2.782858   2.783358     2.2564     2.2540     0.0048  0.1787509  0.000e+00
        851      8.466    15.0099    14.9197   2.782891   2.783385     2.2564     2.2540     0.0048  0.1787509  0.000e+00
        852      8.466    15.0304    14.9292   2.782955   2.783411     2.2552     2.2540     0.0048  0.1787509  0.000e+00
        853      8.565    15.0481    14.9421   2.782885   2.783438     2.2552     2.2527     0.0048  0.1787509  0.000e+00
        854      8.466    15.0665    14.9473   2.783003   2.783486     2.2552     2.2527     0.0048  0.1787509  0.000e+00
        855      8.589    15.0779    14.9444   2.783181   2.783539     2.2552     2.2515     0.0048  0.1787509  0.000e+00
        856      8.565    15.0813    14.9286   2.783025   2.783560     2.2552     2.2515     0.0048  0.1787509  0.000e+00
        857      8.589    15.0835    14.9216   2.783073   2.783614     2.2552     2.2503     0.0048  0.1787509  0.000e+00
        858      8.647    15.0916    14.9282   2.783176   2.783667     2.2552     2.2491     0.0048  0.1787509  0.000e+00
        859      8.622    15.1038    14.9403   2.783079   2.783742     2.2552     2.2491     0.0048  0.1787509  0.000e+00
        860      8.647    15.1154    14.9647   2.783170   2.783699     2.2552     2.2479     0.0048  0.1787509  0.000e+00
        861      8.705    15.1300    14.9852   2.783321   2.783763     2.2552     2.2466     0.0048  0.1787509  0.000e+00
        862      8.688    15.1430    14.9930   2.783197   2.783747     2.2540     2.2466     0.0048  0.1787509  0.000e+00
        863      8.705    15.1523    15.0060   2.783159   2.783725     2.2540     2.2466     0.0048  0.1787509  0.000e+00
        864      8.771    15.1612    15.0316   2.783245   2.783810     2.2540     2.2454     0.0048  0.1787509  0.000e+00
        865      8.746    15.1714    15.0535   2.783256   2.783842     2.2540     2.2454     0.0048  0.1787509  0.000e+00
        866      8.828    15.1750    15.0679   2.783240   2.783879     2.2540     2.2442     0.0048  0.1792393  0.000e+00
        867      8.828    15.1812    15.0792   2.783267   2.783932     2.2540     2.2442     0.0046  0.1826581  0.000e+00
        868      8.804    15.1860    15.0864   2.783294   2.783980     2.2540     2.2430     0.0046  0.1846117  0.000e+00
        869      8.828    15.1877    15.0906   2.783272   2.783938     2.2540     2.2430     0.0046  0.1846117  0.000e+00
        870      8.927    15.1927    15.0910   2.783331   2.784034     2.2540     2.2418     0.0046  0.1846117  0.000e+00
        871      8.894    15.1976    15.0923   2.783315   2.784028     2.2540     2.2418     0.0046  0.1846117  0.000e+00
        872      8.894    15.2037    15.0938   2.783374   2.784060     2.2540     2.2405     0.0046  0.1846117  0.000e+00
        873      8.993    15.2107    15.0991   2.783369   2.784172     2.2540     2.2393     0.0046  0.1846117  0.000e+00
        874      8.952    15.2219    15.1069   2.783396   2.784188     2.2527     2.2393     0.0046  0.1846117  0.000e+00
        875      8.952    15.2253    15.1122   2.783412   2.784241     2.2540     2.2393     0.0046  0.1846117  0.000e+00
        876      9.051    15.2144    15.1169   2.783418   2.784279     2.2540     2.2381     0.0046  0.1846117  0.000e+00
        877      9.018    15.2036    15.1156   2.783450   2.784321     2.2527     2.2381     0.0046  0.1846117  0.000e+00
        878      9.075    15.2063    15.1110   2.783477   2.784316     2.2527     2.2381     0.0046  0.1846117  0.000e+00
        879      9.051    15.2193    15.1122   2.783558   2.784305     2.2527     2.2369     0.0046  0.1846117  0.000e+00
        880      9.133    15.2317    15.1159   2.783628   2.784369     2.2527     2.2369     0.0046  0.1846117  0.000e+00
        881      9.075    15.2366    15.1103   2.783547   2.784407     2.2527     2.2356     0.0046  0.1846117  0.000e+00
        882      9.174    15.2315    15.1017   2.783606   2.784535     2.2527     2.2356     0.0044  0.1846117  0.000e+00
        883      9.133    15.2228    15.0947   2.783682   2.784615     2.2527     2.2344     0.0046  0.1846117  0.000e+00
        884      9.199    15.2176    15.0840   2.783676   2.784663     2.2515     2.2344     0.0046  0.1846117  0.000e+00
        885      9.232    15.2190    15.0747   2.783741   2.784695     2.2515     2.2332     0.0046  0.1846117  0.000e+00
        886      9.199    15.2248    15.0689   2.783811   2.784722     2.2515     2.2332     0.0046  0.1846117  0.000e+00
        887      9.257    15.2269    15.0624   2.783811   2.784711     2.2515     2.2332     0.0046  0.1846117  0.000e+00
        888      9.232    15.2246    15.0577   2.783838   2.784706     2.2515     2.2320     0.0046  0.1846117  0.000e+00
        889      9.380    15.2249    15.0514   2.783952   2.784775     2.2515     2.2320     0.0046  0.1846117  0.000e+00
        890      9.322    15.2204    15.0403   2.783989   2.784829     2.2515     2.2308     0.0046  0.1841233  0.000e+00
        891      9.322    15.2144    15.0325   2.783968   2.784973     2.2515     2.2308     0.0046  0.1846117  0.000e+00
        892      9.355    15.2135    15.0387   2.784054   2.785037     2.2515     2.2295     0.0046  0.1841233  0.000e+00
        893      9.380    15.2205    15.0548   2.784108   2.785106     2.2515     2.2295     0.0048  0.1831465  0.000e+00
        894      9.438    15.2257    15.0558   2.784054   2.785143     2.2515     2.2295     0.0048  0.1826581  0.000e+00
        895      9.421    15.2249    15.0595   2.784070   2.785191     2.2515     2.2283     0.0048  0.1831465  0.000e+00
        896      9.438    15.2130    15.0628   2.784286   2.785223     2.2515     2.2283     0.0048  0.1831465  0.000e+00
        897      9.504    15.2031    15.0684   2.784216   2.785250     2.2503     2.2271     0.0048  0.1831465  0.000e+00
        898      9.479    15.1973    15.0662   2.784302   2.785314     2.2503     2.2271     0.0048  0.1826581  0.000e+00
        899      9.561    15.2027    15.0340   2.784432   2.785351     2.2503     2.2259     0.0048  0.1831465  0.000e+00
        900      9.504    15.2223    15.0089   2.784421   2.785394     2.2503     2.2259     0.0048  0.1831465  0.000e+00
        901      9.603    15.2351    15.0019   2.784345   2.785474     2.2503     2.2259     0.0048  0.1831465  0.000e+00
        902      9.561    15.2354    14.9947   2.784523   2.785554     2.2503     2.2247     0.0048  0.1831465  0.000e+00
        903      9.627    15.2305    14.9901   2.784550   2.785613     2.2503     2.2247     0.0048  0.1826581  0.000e+00
        904      9.602    15.2241    14.9808   2.784459   2.785608     2.2503     2.2234     0.0048  0.1831465  0.000e+00
        905      9.685    15.2174    14.9757   2.784529   2.785677     2.2503     2.2234     0.0048  0.1831465  0.000e+00
        906      9.685    15.2039    14.9789   2.784702   2.785682     2.2503     2.2234     0.0048  0.1831465  0.000e+00
        907      9.660    15.2049    14.9849   2.784750   2.785816     2.2491     2.2222     0.0048  0.1831465  0.000e+00
        908      9.751    15.2215    14.9903   2.784631   2.785880     2.2491     2.2222     0.0048  0.1831465  0.000e+00
        909      9.751    15.2359    14.9964   2.784766   2.785970     2.2491     2.2210     0.0048  0.1831465  0.000e+00
        910      9.726    15.2459    15.0077   2.784847   2.785976     2.2491     2.2210     0.0048  0.1831465  0.000e+00
        911      9.808    15.2544    15.0248   2.784674   2.786066     2.2491     2.2198     0.0048  0.1831465  0.000e+00
        912      9.808    15.2641    15.0404   2.784712   2.786098     2.2503     2.2186     0.0048  0.1831465  0.000e+00
        913      9.850    15.2760    15.0501   2.784809   2.786194     2.2491     2.2210     0.0048  0.1831465  0.000e+00
        914      9.808    15.2783    15.0723   2.784787   2.786306     2.2491     2.2198     0.0048  0.1831465  0.000e+00
        915      9.866    15.2732    15.1015   2.784696   2.786412     2.2479     2.2186     0.0048  0.1831465  0.000e+00
        916      9.907    15.2644    15.1151   2.784879   2.786497     2.2491     2.2161     0.0048  0.1831465  0.000e+00
        917      9.932    15.2579    15.1192   2.784976   2.786556     2.2491     2.2186     0.0048  0.1826581  0.000e+00
        918      9.932    15.2564    15.1093   2.784825   2.786668     2.2491     2.2186     0.0048  0.1728901  0.000e+00
