code/data/2021/ctd_data_day1/Station 4 210921_ctm_fil_le_der.cnv
* Sea-Bird SBE 9 Data File:
* FileName = C:\Users\CTD-User\Desktop\MAR440\Station 4 210921.hex
* Software Version Seasave V 7.26.2.13
* Temperature SN = 6313
* Conductivity SN = 4758
* Number of Bytes Per Scan = 30
* Number of Voltage Words = 4
* Number of Scans Averaged by the Deck Unit = 1
* NMEA baud rate = 4800
** Ship:
** Station:
** Operator:
# nquan = 16                                
# nvalues = 963                         
# units = specified
# name 0 = scan: Scan Count
# name 1 = prDM: Pressure, Digiquartz [db]
# name 2 = t090C: Temperature [ITS-90, deg C]
# name 3 = t190C: Temperature, 2 [ITS-90, deg C]
# name 4 = c0S/m: Conductivity [S/m]
# name 5 = c1S/m: Conductivity, 2 [S/m]
# name 6 = sbeox0V: Oxygen raw, SBE 43 [V]
# name 7 = sbeox1V: Oxygen raw, SBE 43, 2 [V]
# name 8 = flECO-AFL: Fluorescence, WET Labs ECO-AFL/FL [mg/m^3]
# name 9 = upoly0: Upoly 0, Turbidity
# name 10 = depSM: Depth [salt water, m], lat = 59
# name 11 = sal00: Salinity, Practical [PSU]
# name 12 = sal11: Salinity, Practical, 2 [PSU]
# name 13 = sbeox0ML/L: Oxygen, SBE 43 [ml/l], WS = 2
# name 14 = sbeox1ML/L: Oxygen, SBE 43, 2 [ml/l], WS = 2
# name 15 = flag: flag
# span 0 =          1,        963       
# span 1 =      0.567,     10.540       
# span 2 =    11.6500,    15.2378       
# span 3 =    11.6440,    15.0610       
# span 4 =  -0.000120,   2.791269       
# span 5 =   0.026556,   2.797579       
# span 6 =     2.2470,     3.1434       
# span 7 =     2.1801,     2.9063       
# span 8 =     0.0033,     0.0317       
# span 9 =  0.0811493,  0.2341219       
# span 10 =      0.562,     10.441      
# span 11 =     0.0000,    22.2305      
# span 12 =     0.0000,    22.2872      
# span 13 =     5.1781,     8.9581      
# span 14 =     4.4118,     7.5596      
# span 15 = 0.0000e+00, 0.0000e+00      
# interval = seconds: 0.0416667
# start_time = Sep 21 2021 09:52:02 [System UTC, header]
# bad_flag = -9.990e-29
*END*
[from data line 452]
        453      1.684    14.1003    14.0871   2.779082   2.780652     2.5975     2.3075     0.0059  0.2298604      1.668    22.1260    22.1473     6.0104     4.6440 -9.990e-29
        454      1.684    14.1003    14.0874   2.779028   2.780618     2.5951     2.3061     0.0059  0.2295930      1.668    22.1255    22.1468     6.0054     4.6408 -9.990e-29
        455      1.684    14.1002    14.0876   2.778974   2.780585     2.5928     2.3047     0.0059  0.2292961      1.668    22.1251    22.1464     6.0008     4.6377 -9.990e-29
        456      1.683    14.1002    14.0879   2.778920   2.780551     2.5905     2.3033     0.0059  0.2289687      1.667    22.1246    22.1459     5.9961     4.6345 -9.990e-29
        457      1.683    14.1002    14.0881   2.778866   2.780518     2.5881     2.3020     0.0059  0.2286074      1.667    22.1241    22.1455     5.9911     4.6316 -9.990e-29
        458      1.683    14.1002    14.0884   2.778813   2.780485     2.5858     2.3006     0.0059  0.2282125      1.667    22.1237    22.1451     5.9864     4.6284 -9.990e-29
        459      1.682    14.1001    14.0886   2.778760   2.780451     2.5835     2.2992     0.0060  0.2277999      1.666    22.1233    22.1446     5.9816     4.6253 -9.990e-29
        460      1.682    14.1001    14.0889   2.778706   2.780418     2.5813     2.2979     0.0060  0.2273989      1.666    22.1228    22.1442     5.9772     4.6223 -9.990e-29
        461      1.681    14.1001    14.0891   2.778653   2.780384     2.5790     2.2965     0.0060  0.2270288      1.665    22.1223    22.1438     5.9723     4.6191 -9.990e-29
        462      1.681    14.1001    14.0893   2.778600   2.780350     2.5768     2.2952     0.0060  0.2266913      1.665    22.1219    22.1434     5.9678     4.6162 -9.990e-29
        463      1.681    14.1000    14.0895   2.778547   2.780316     2.5746     2.2938     0.0060  0.2263824      1.665    22.1215    22.1430     5.9633     4.6130 -9.990e-29
        464      1.680    14.1000    14.0897   2.778493   2.780281     2.5724     2.2925     0.0060  0.2260991      1.664    22.1210    22.1425     5.9587     4.6100 -9.990e-29
        465      1.680    14.1000    14.0899   2.778439   2.780245     2.5702     2.2911     0.0060  0.2258394      1.664    22.1205    22.1421     5.9541     4.6068 -9.990e-29
        466      1.680    14.1000    14.0900   2.778385   2.780209     2.5680     2.2898     0.0060  0.2256014      1.664    22.1200    22.1417     5.9495     4.6038 -9.990e-29
        467      1.679    14.1000    14.0902   2.778331   2.780173     2.5658     2.2885     0.0060  0.2253836      1.663    22.1196    22.1413     5.9448     4.6008 -9.990e-29
        468      1.679    14.1000    14.0904   2.778277   2.780136     2.5637     2.2871     0.0060  0.2251844      1.663    22.1191    22.1409     5.9404     4.5976 -9.990e-29
        469      1.679    14.1000    14.0905   2.778222   2.780100     2.5615     2.2858     0.0060  0.2250025      1.663    22.1186    22.1405     5.9357     4.5946 -9.990e-29
        470      1.678    14.1000    14.0907   2.778168   2.780063     2.5594     2.2845     0.0060  0.2248365      1.662    22.1181    22.1400     5.9312     4.5917 -9.990e-29
        471      1.678    14.1000    14.0908   2.778113   2.780025     2.5573     2.2832     0.0060  0.2246853      1.662    22.1177    22.1397     5.9268     4.5887 -9.990e-29
        472      1.678    14.0999    14.0909   2.778058   2.779988     2.5552     2.2818     0.0060  0.2245479      1.662    22.1172    22.1393     5.9223     4.5855 -9.990e-29
        473      1.677    14.0999    14.0910   2.778003   2.779950     2.5531     2.2805     0.0060  0.2244233      1.661    22.1167    22.1389     5.9177     4.5825 -9.990e-29
        474      1.677    14.0999    14.0911   2.777949   2.779913     2.5510     2.2792     0.0060  0.2243106      1.661    22.1163    22.1385     5.9131     4.5796 -9.990e-29
        475      1.677    14.0999    14.0912   2.777894   2.779876     2.5490     2.2779     0.0060  0.2242091      1.661    22.1158    22.1381     5.9088     4.5766 -9.990e-29
        476      1.676    14.0999    14.0913   2.777839   2.779838     2.5469     2.2766     0.0060  0.2241181      1.660    22.1153    22.1377     5.9042     4.5737 -9.990e-29
        477      1.676    14.0999    14.0914   2.777785   2.779801     2.5449     2.2753     0.0060  0.2240368      1.660    22.1148    22.1374     5.8998     4.5708 -9.990e-29
        478      1.675    14.0999    14.0915   2.777732   2.779765     2.5428     2.2740     0.0060  0.2239649      1.659    22.1144    22.1370     5.8951     4.5678 -9.990e-29
        479      1.675    14.0998    14.0915   2.777678   2.779729     2.5408     2.2727     0.0060  0.2239016      1.659    22.1140    22.1367     5.8907     4.5649 -9.990e-29
        480      1.675    14.0998    14.0916   2.777625   2.779693     2.5388     2.2714     0.0060  0.2238467      1.659    22.1135    22.1363     5.8863     4.5620 -9.990e-29
        481      1.675    14.0998    14.0917   2.777573   2.779658     2.5368     2.2701     0.0060  0.2237997      1.659    22.1130    22.1359     5.8818     4.5590 -9.990e-29
        482      1.674    14.0998    14.0917   2.777521   2.779624     2.5348     2.2689     0.0060  0.2237603      1.658    22.1126    22.1356     5.8773     4.5564 -9.990e-29
        483      1.674    14.0997    14.0918   2.777471   2.779591     2.5329     2.2676     0.0060  0.2237282      1.658    22.1122    22.1353     5.8731     4.5534 -9.990e-29
        484      1.674    14.0997    14.0919   2.777421   2.779558     2.5309     2.2663     0.0060  0.2237024      1.658    22.1118    22.1349     5.8685     4.5505 -9.990e-29
        485      1.674    14.0997    14.0919   2.777372   2.779526     2.5289     2.2650     0.0060  0.2236793      1.658    22.1113    22.1347     5.8640     4.5476 -9.990e-29
        486      1.673    14.0996    14.0920   2.777323   2.779494     2.5270     2.2638     0.0060  0.2236544      1.657    22.1110    22.1343     5.8598     4.5449 -9.990e-29
        487      1.673    14.0996    14.0920   2.777276   2.779463     2.5251     2.2625     0.0060  0.2236259      1.657    22.1106    22.1341     5.8555     4.5420 -9.990e-29
        488      1.673    14.0996    14.0921   2.777229   2.779433     2.5232     2.2612     0.0060  0.2235936      1.657    22.1101    22.1337     5.8512     4.5390 -9.990e-29
        489      1.672    14.0995    14.0921   2.777183   2.779403     2.5213     2.2600     0.0060  0.2235573      1.656    22.1098    22.1335     5.8469     4.5364 -9.990e-29
        490      1.672    14.0995    14.0922   2.777139   2.779374     2.5194     2.2587     0.0060  0.2235168      1.656    22.1094    22.1332     5.8426     4.5335 -9.990e-29
        491      1.672    14.0994    14.0922   2.777094   2.779346     2.5175     2.2575     0.0060  0.2234716      1.656    22.1091    22.1329     5.8382     4.5308 -9.990e-29
        492      1.671    14.0994    14.0923   2.777051   2.779319     2.5156     2.2563     0.0060  0.2234216      1.655    22.1087    22.1326     5.8339     4.5281 -9.990e-29
        493      1.671    14.0993    14.0924   2.777008   2.779293     2.5137     2.2550     0.0060  0.2233664      1.655    22.1084    22.1323     5.8295     4.5252 -9.990e-29
        494      1.671    14.0993    14.0925   2.776966   2.779268     2.5119     2.2538     0.0059  0.2233056      1.655    22.1080    22.1321     5.8254     4.5225 -9.990e-29
        495      1.670    14.0992    14.0925   2.776925   2.779243     2.5100     2.2526     0.0060  0.2232387      1.654    22.1077    22.1318     5.8211     4.5199 -9.990e-29
        496      1.670    14.0991    14.0926   2.776885   2.779219     2.5082     2.2514     0.0060  0.2231653      1.654    22.1074    22.1316     5.8170     4.5172 -9.990e-29
        497      1.670    14.0991    14.0927   2.776845   2.779196     2.5063     2.2501     0.0060  0.2230850      1.654    22.1071    22.1313     5.8126     4.5143 -9.990e-29
        498      1.669    14.0990    14.0928   2.776806   2.779174     2.5045     2.2489     0.0060  0.2229970      1.653    22.1068    22.1311     5.8085     4.5117 -9.990e-29
        499      1.669    14.0989    14.0929   2.776768   2.779153     2.5027     2.2478     0.0060  0.2229009      1.653    22.1065    22.1308     5.8043     4.5093 -9.990e-29
        500      1.669    14.0988    14.0930   2.776731   2.779132     2.5009     2.2466     0.0060  0.2227960      1.653    22.1062    22.1306     5.8002     4.5066 -9.990e-29
        501      1.668    14.0987    14.0932   2.776694   2.779112     2.4991     2.2454     0.0060  0.2226815      1.652    22.1060    22.1303     5.7960     4.5040 -9.990e-29
        502      1.668    14.0986    14.0933   2.776657   2.779093     2.4973     2.2442     0.0060  0.2225566      1.652    22.1057    22.1301     5.7919     4.5013 -9.990e-29
        503      1.668    14.0985    14.0934   2.776621   2.779074     2.4955     2.2430     0.0060  0.2224205      1.652    22.1054    22.1298     5.7877     4.4987 -9.990e-29
        504      1.667    14.0983    14.0935   2.776584   2.779056     2.4937     2.2418     0.0060  0.2222722      1.651    22.1052    22.1296     5.7835     4.4961 -9.990e-29
        505      1.667    14.0982    14.0937   2.776547   2.779039     2.4919     2.2406     0.0060  0.2221106      1.651    22.1050    22.1294     5.7793     4.4934 -9.990e-29
        506      1.667    14.0981    14.0938   2.776509   2.779022     2.4902     2.2395     0.0060  0.2219348      1.651    22.1047    22.1292     5.7754     4.4910 -9.990e-29
        507      1.667    14.0979    14.0939   2.776472   2.779006     2.4884     2.2383     0.0060  0.2217433      1.651    22.1045    22.1290     5.7711     4.4884 -9.990e-29
        508      1.667    14.0978    14.0940   2.776435   2.778991     2.4867     2.2371     0.0060  0.2215350      1.651    22.1042    22.1288     5.7672     4.4858 -9.990e-29
        509      1.667    14.0976    14.0941   2.776398   2.778976     2.4850     2.2359     0.0060  0.2213100      1.651    22.1040    22.1286     5.7633     4.4832 -9.990e-29
        510      1.668    14.0975    14.0943   2.776362   2.778963     2.4833     2.2348     0.0057  0.2210779      1.652    22.1038    22.1284     5.7593     4.4808 -9.990e-29
        511      1.668    14.0973    14.0944   2.776327   2.778950     2.4815     2.2336     0.0059  0.2208573      1.652    22.1036    22.1282     5.7551     4.4783 -9.990e-29
        512      1.668    14.0972    14.0945   2.776292   2.778939     2.4798     2.2325     0.0059  0.2206604      1.652    22.1033    22.1280     5.7511     4.4759 -9.990e-29
        513      1.669    14.0971    14.0946   2.776258   2.778930     2.4782     2.2313     0.0059  0.2204875      1.653    22.1031    22.1279     5.7474     4.4733 -9.990e-29
        514      1.669    14.0970    14.0947   2.776225   2.778922     2.4765     2.2302     0.0059  0.2203374      1.653    22.1028    22.1278     5.7435     4.4710 -9.990e-29
        515      1.670    14.0969    14.0948   2.776194   2.778916     2.4748     2.2290     0.0059  0.2202107      1.654    22.1026    22.1277     5.7395     4.4685 -9.990e-29
        516      1.671    14.0968    14.0949   2.776164   2.778913     2.4732     2.2279     0.0059  0.2201074      1.655    22.1024    22.1276     5.7358     4.4662 -9.990e-29
        517      1.673    14.0967    14.0949   2.776135   2.778912     2.4715     2.2267     0.0059  0.2200268      1.657    22.1022    22.1276     5.7318     4.4637 -9.990e-29
        518      1.674    14.0967    14.0950   2.776109   2.778913     2.4698     2.2256     0.0059  0.2199683      1.658    22.1020    22.1275     5.7278     4.4614 -9.990e-29
        519      1.676    14.0966    14.0951   2.776084   2.778918     2.4682     2.2245     0.0059  0.2199316      1.660    22.1018    22.1275     5.7241     4.4591 -9.990e-29
        520      1.677    14.0966    14.0952   2.776063   2.778925     2.4666     2.2234     0.0059  0.2199163      1.661    22.1016    22.1275     5.7204     4.4569 -9.990e-29
        521      1.679    14.0965    14.0953   2.776044   2.778935     2.4650     2.2223     0.0059  0.2199215      1.663    22.1015    22.1275     5.7167     4.4547 -9.990e-29
        522      1.682    14.0965    14.0954   2.776028   2.778947     2.4633     2.2212     0.0059  0.2199464      1.666    22.1014    22.1276     5.7126     4.4524 -9.990e-29
        523      1.684    14.0965    14.0954   2.776015   2.778964     2.4617     2.2201     0.0059  0.2199920      1.668    22.1013    22.1277     5.7089     4.4502 -9.990e-29
        524      1.687    14.0964    14.0955   2.776006   2.778984     2.4601     2.2190     0.0059  0.2200587      1.671    22.1013    22.1279     5.7051     4.4480 -9.990e-29
        525      1.690    14.0964    14.0956   2.776000   2.779008     2.4585     2.2179     0.0059  0.2201452      1.674    22.1012    22.1280     5.7014     4.4459 -9.990e-29
        526      1.693    14.0963    14.0956   2.775998   2.779036     2.4569     2.2168     0.0059  0.2202512      1.677    22.1012    22.1282     5.6977     4.4437 -9.990e-29
        527      1.697    14.0963    14.0957   2.776001   2.779068     2.4553     2.2157     0.0059  0.2203783      1.681    22.1013    22.1285     5.6939     4.4416 -9.990e-29
        528      1.701    14.0963    14.0958   2.776009   2.779105     2.4538     2.2147     0.0059  0.2205292      1.685    22.1013    22.1287     5.6905     4.4398 -9.990e-29
        529      1.705    14.0962    14.0958   2.776021   2.779146     2.4522     2.2136     0.0059  0.2207049      1.689    22.1015    22.1291     5.6868     4.4377 -9.990e-29
        530      1.710    14.0961    14.0959   2.776038   2.779192     2.4506     2.2126     0.0059  0.2209048      1.694    22.1017    22.1294     5.6831     4.4359 -9.990e-29
        531      1.715    14.0961    14.0959   2.776062   2.779244     2.4491     2.2115     0.0059  0.2211296      1.699    22.1019    22.1299     5.6796     4.4339 -9.990e-29
        532      1.721    14.0960    14.0960   2.776091   2.779301     2.4475     2.2105     0.0059  0.2213808      1.705    22.1022    22.1303     5.6759     4.4321 -9.990e-29
        533      1.728    14.0959    14.0960   2.776126   2.779365     2.4460     2.2095     0.0059  0.2216609      1.712    22.1026    22.1309     5.6725     4.4304 -9.990e-29
        534      1.734    14.0958    14.0961   2.776167   2.779435     2.4444     2.2084     0.0059  0.2219738      1.718    22.1030    22.1314     5.6688     4.4284 -9.990e-29
        535      1.742    14.0956    14.0962   2.776216   2.779512     2.4429     2.2074     0.0057  0.2223138      1.726    22.1035    22.1321     5.6655     4.4268 -9.990e-29
        536      1.750    14.0955    14.0963   2.776272   2.779597     2.4414     2.2064     0.0057  0.2226587      1.734    22.1041    22.1327     5.6621     4.4252 -9.990e-29
        537      1.759    14.0953    14.0963   2.776336   2.779691     2.4399     2.2054     0.0057  0.2229854      1.743    22.1048    22.1336     5.6588     4.4236 -9.990e-29
        538      1.768    14.0951    14.0965   2.776407   2.779796     2.4384     2.2045     0.0057  0.2232860      1.751    22.1055    22.1344     5.6556     4.4224 -9.990e-29
        539      1.778    14.0949    14.0966   2.776485   2.779911     2.4369     2.2035     0.0057  0.2235627      1.761    22.1063    22.1353     5.6523     4.4209 -9.990e-29
        540      1.789    14.0947    14.0967   2.776566   2.780035     2.4354     2.2025     0.0057  0.2238181      1.772    22.1071    22.1363     5.6491     4.4195 -9.990e-29
        541      1.800    14.0944    14.0969   2.776649   2.780165     2.4339     2.2015     0.0057  0.2240541      1.783    22.1080    22.1374     5.6460     4.4182 -9.990e-29
        542      1.812    14.0942    14.0970   2.776731   2.780300     2.4324     2.2006     0.0057  0.2242722      1.795    22.1088    22.1385     5.6429     4.4172 -9.990e-29
