code/data/2021/ctd_data_day1/Station 1 210921_ctm_fil_le_der.cnv
* Sea-Bird SBE 9 Data File:
* FileName = C:\Users\CTD-User\Desktop\MAR440\Station 1 210921.hex
* Software Version Seasave V 7.26.2.13
* Temperature SN = 6313
* Conductivity SN = 4758
* Number of Bytes Per Scan = 30
* Number of Voltage Words = 4
* Number of Scans Averaged by the Deck Unit = 1
* NMEA baud rate = 4800
** Ship:
** Station:
** Operator:
# nquan = 16                                
# nvalues = 5940                        
# units = specified
# name 0 = scan: Scan Count
# name 1 = prDM: Pressure, Digiquartz [db]
# name 2 = t090C: Temperature [ITS-90, deg C]
# name 3 = t190C: Temperature, 2 [ITS-90, deg C]
# name 4 = c0S/m: Conductivity [S/m]
# name 5 = c1S/m: Conductivity, 2 [S/m]
# name 6 = sbeox0V: Oxygen raw, SBE 43 [V]
# name 7 = sbeox1V: Oxygen raw, SBE 43, 2 [V]
# name 8 = flECO-AFL: Fluorescence, WET Labs ECO-AFL/FL [mg/m^3]
# name 9 = upoly0: Upoly 0, Turbidity
# name 10 = depSM: Depth [salt water, m], lat = 59
# name 11 = sal00: Salinity, Practical [PSU]
# name 12 = sal11: Salinity, Practical, 2 [PSU]
# name 13 = sbeox0ML/L: Oxygen, SBE 43 [ml/l], WS = 2
# name 14 = sbeox1ML/L: Oxygen, SBE 43, 2 [ml/l], WS = 2
# name 15 = flag: flag
# span 0 =          1,       5940       
# span 1 =      0.420,     13.919       
# span 2 =    11.9583,    16.0077       
# span 3 =    11.9664,    16.0088       
# span 4 =   2.810210,   3.422799       
# span 5 =   2.813003,   3.416273       
# span 6 =     0.9943,     2.8560       
# span 7 =     1.0244,     2.7645       
# span 8 =     0.0040,     0.0086       
# span 9 =  0.0921354,  0.2082287       
# span 10 =      0.416,     13.788      
# span 11 =    22.2373,    29.4581      
# span 12 =    22.2476,    29.3892      
# span 13 =     1.4575,     7.0885      
# span 14 =     1.4144,     5.9543      
# span 15 = 0.0000e+00, 0.0000e+00      
# interval = seconds: 0.0416667
# start_time = Sep 21 2021 08:43:04 [System UTC, header]
# bad_flag = -9.990e-29
*END*
[from data line 1085]
       1086      9.521    15.8363    15.8340   3.214645   3.209233     2.1549     2.1310     0.0053  0.1159885      9.432    24.8500    24.8053     4.7645     4.1438 -9.990e-29
       1087      9.521    15.8348    15.8314   3.214757   3.209285     2.1550     2.1312     0.0053  0.1160498      9.432    24.8519    24.8073     4.7657     4.1444 -9.990e-29
       1088      9.521    15.8334    15.8288   3.214874   3.209324     2.1551     2.1313     0.0053  0.1161098      9.432    24.8538    24.8093     4.7669     4.1448 -9.990e-29
       1089      9.521    15.8319    15.8263   3.214998   3.209343     2.1552     2.1315     0.0053  0.1161690      9.432    24.8558    24.8110     4.7681     4.1455 -9.990e-29
       1090      9.521    15.8303    15.8240   3.215130   3.209341     2.1554     2.1317     0.0053  0.1162276      9.432    24.8579    24.8124     4.7695     4.1461 -9.990e-29
       1091      9.521    15.8285    15.8217   3.215271   3.209315     2.1555     2.1319     0.0053  0.1162862      9.432    24.8603    24.8137     4.7707     4.1467 -9.990e-29
       1092      9.521    15.8268    15.8195   3.215417   3.209265     2.1556     2.1321     0.0053  0.1163452      9.432    24.8626    24.8146     4.7719     4.1473 -9.990e-29
       1093      9.521    15.8249    15.8172   3.215566   3.209190     2.1558     2.1323     0.0053  0.1164049      9.432    24.8650    24.8154     4.7734     4.1478 -9.990e-29
       1094      9.521    15.8230    15.8150   3.215716   3.209092     2.1560     2.1325     0.0053  0.1164658      9.432    24.8675    24.8159     4.7748     4.1484 -9.990e-29
       1095      9.521    15.8210    15.8130   3.215865   3.208971     2.1561     2.1327     0.0053  0.1165283      9.432    24.8700    24.8162     4.7760     4.1489 -9.990e-29
       1096      9.521    15.8189    15.8113   3.216011   3.208828     2.1563     2.1329     0.0053  0.1165929      9.432    24.8726    24.8160     4.7774     4.1495 -9.990e-29
       1097      9.521    15.8168    15.8099   3.216156   3.208660     2.1565     2.1331     0.0053  0.1166599      9.432    24.8752    24.8154     4.7788     4.1499 -9.990e-29
       1098      9.521    15.8146    15.8088   3.216298   3.208466     2.1567     2.1333     0.0053  0.1167299      9.432    24.8778    24.8145     4.7802     4.1504 -9.990e-29
       1099      9.521    15.8123    15.8081   3.216435   3.208241     2.1569     2.1335     0.0053  0.1168033      9.432    24.8804    24.8130     4.7815     4.1508 -9.990e-29
       1100      9.521    15.8100    15.8076   3.216562   3.207987     2.1571     2.1337     0.0053  0.1168807      9.432    24.8829    24.8111     4.7828     4.1513 -9.990e-29
       1101      9.521    15.8078    15.8074   3.216678   3.207701     2.1573     2.1338     0.0053  0.1169625      9.432    24.8853    24.8088     4.7841     4.1514 -9.990e-29
       1102      9.521    15.8058    15.8075   3.216781   3.207385     2.1576     2.1340     0.0053  0.1170503      9.432    24.8874    24.8060     4.7856     4.1517 -9.990e-29
       1103      9.521    15.8040    15.8078   3.216873   3.207037     2.1578     2.1342     0.0053  0.1171454      9.432    24.8893    24.8029     4.7867     4.1520 -9.990e-29
       1104      9.521    15.8026    15.8080   3.216951   3.206658     2.1580     2.1343     0.0053  0.1172477      9.432    24.8909    24.7995     4.7878     4.1521 -9.990e-29
       1105      9.521    15.8013    15.8083   3.217012   3.206246     2.1583     2.1345     0.0053  0.1173562      9.432    24.8922    24.7958     4.7891     4.1524 -9.990e-29
       1106      9.521    15.8000    15.8087   3.217053   3.205799     2.1585     2.1347     0.0053  0.1174699      9.432    24.8934    24.7917     4.7901     4.1527 -9.990e-29
       1107      9.522    15.7988    15.8091   3.217068   3.205314     2.1588     2.1348     0.0053  0.1175888      9.433    24.8942    24.7873     4.7912     4.1527 -9.990e-29
       1108      9.522    15.7978    15.8096   3.217052   3.204787     2.1590     2.1350     0.0053  0.1177137      9.433    24.8947    24.7825     4.7921     4.1530 -9.990e-29
       1109      9.522    15.7970    15.8102   3.217002   3.204216     2.1593     2.1351     0.0053  0.1178456      9.433    24.8948    24.7773     4.7931     4.1530 -9.990e-29
       1110      9.522    15.7963    15.8111   3.216918   3.203597     2.1595     2.1353     0.0053  0.1179852      9.433    24.8945    24.7714     4.7938     4.1532 -9.990e-29
       1111      9.522    15.7958    15.8121   3.216801   3.202929     2.1598     2.1354     0.0053  0.1181336      9.433    24.8938    24.7651     4.7947     4.1532 -9.990e-29
       1112      9.522    15.7955    15.8133   3.216653   3.202217     2.1601     2.1356     0.0053  0.1182918      9.433    24.8928    24.7583     4.7955     4.1534 -9.990e-29
       1113      9.522    15.7955    15.8147   3.216475   3.201471     2.1603     2.1357     0.0053  0.1184609      9.433    24.8912    24.7510     4.7959     4.1533 -9.990e-29
       1114      9.522    15.7957    15.8163   3.216271   3.200708     2.1606     2.1358     0.0053  0.1186421      9.433    24.8894    24.7435     4.7966     4.1533 -9.990e-29
       1115      9.522    15.7960    15.8180   3.216043   3.199943     2.1608     2.1360     0.0053  0.1188366      9.433    24.8872    24.7359     4.7969     4.1534 -9.990e-29
       1116      9.522    15.7964    15.8196   3.215795   3.199198     2.1611     2.1361     0.0053  0.1190458      9.433    24.8849    24.7286     4.7974     4.1533 -9.990e-29
       1117      9.522    15.7969    15.8211   3.215530   3.198487     2.1613     2.1362     0.0053  0.1192712      9.433    24.8823    24.7216     4.7975     4.1533 -9.990e-29
       1118      9.523    15.7974    15.8225   3.215251   3.197826     2.1616     2.1363     0.0053  0.1195143      9.434    24.8796    24.7151     4.7979     4.1532 -9.990e-29
       1119      9.523    15.7980    15.8238   3.214959   3.197223     2.1618     2.1365     0.0053  0.1197768      9.434    24.8767    24.7091     4.7979     4.1534 -9.990e-29
       1120      9.523    15.7987    15.8251   3.214655   3.196688     2.1621     2.1366     0.0053  0.1200605      9.434    24.8737    24.7037     4.7981     4.1533 -9.990e-29
       1121      9.523    15.7994    15.8263   3.214339   3.196225     2.1623     2.1367     0.0053  0.1203683      9.434    24.8705    24.6990     4.7980     4.1532 -9.990e-29
       1122      9.524    15.8001    15.8275   3.214011   3.195835     2.1625     2.1368     0.0053  0.1207032      9.435    24.8673    24.6949     4.7979     4.1532 -9.990e-29
       1123      9.524    15.8008    15.8285   3.213670   3.195522     2.1627     2.1369     0.0053  0.1210666      9.435    24.8639    24.6917     4.7977     4.1531 -9.990e-29
       1124      9.524    15.8014    15.8294   3.213317   3.195285     2.1629     2.1370     0.0053  0.1214602      9.435    24.8605    24.6891     4.7974     4.1531 -9.990e-29
       1125      9.524    15.8020    15.8302   3.212951   3.195123     2.1631     2.1370     0.0053  0.1218867      9.435    24.8570    24.6872     4.7971     4.1529 -9.990e-29
       1126      9.525    15.8025    15.8308   3.212572   3.195036     2.1633     2.1371     0.0053  0.1223492      9.436    24.8535    24.6861     4.7968     4.1529 -9.990e-29
       1127      9.525    15.8030    15.8313   3.212178   3.195023     2.1634     2.1372     0.0053  0.1228507      9.436    24.8498    24.6857     4.7961     4.1530 -9.990e-29
       1128      9.525    15.8034    15.8316   3.211769   3.195085     2.1636     2.1373     0.0053  0.1233949      9.436    24.8461    24.6860     4.7957     4.1531 -9.990e-29
       1129      9.525    15.8037    15.8318   3.211342   3.195222     2.1637     2.1373     0.0053  0.1239847      9.436    24.8422    24.6870     4.7949     4.1529 -9.990e-29
       1130      9.525    15.8040    15.8320   3.210895   3.195431     2.1639     2.1374     0.0053  0.1246080      9.436    24.8382    24.6887     4.7945     4.1531 -9.990e-29
       1131      9.525    15.8041    15.8320   3.210427   3.195707     2.1640     2.1374     0.0055  0.1252300      9.436    24.8342    24.6911     4.7937     4.1530 -9.990e-29
       1132      9.526    15.8042    15.8319   3.209935   3.196035     2.1641     2.1375     0.0055  0.1258212      9.437    24.8299    24.6939     4.7930     4.1533 -9.990e-29
       1133      9.526    15.8042    15.8317   3.209417   3.196405     2.1642     2.1375     0.0055  0.1263747      9.437    24.8255    24.6972     4.7922     4.1533 -9.990e-29
       1134      9.526    15.8041    15.8315   3.208872   3.196807     2.1642     2.1376     0.0055  0.1268941      9.437    24.8209    24.7008     4.7912     4.1536 -9.990e-29
       1135      9.526    15.8039    15.8311   3.208300   3.197237     2.1643     2.1376     0.0055  0.1273849      9.437    24.8161    24.7047     4.7905     4.1538 -9.990e-29
       1136      9.526    15.8036    15.8307   3.207698   3.197696     2.1644     2.1377     0.0055  0.1278514      9.437    24.8111    24.7088     4.7898     4.1542 -9.990e-29
       1137      9.527    15.8032    15.8300   3.207066   3.198185     2.1644     2.1377     0.0055  0.1282959      9.438    24.8060    24.7134     4.7889     4.1545 -9.990e-29
       1138      9.527    15.8028    15.8292   3.206402   3.198707     2.1645     2.1377     0.0055  0.1287215      9.438    24.8006    24.7184     4.7882     4.1548 -9.990e-29
       1139      9.527    15.8023    15.8283   3.205703   3.199260     2.1645     2.1378     0.0055  0.1291321      9.438    24.7949    24.7237     4.7874     4.1554 -9.990e-29
       1140      9.527    15.8019    15.8271   3.204970   3.199837     2.1645     2.1378     0.0055  0.1295296      9.438    24.7889    24.7294     4.7865     4.1559 -9.990e-29
       1141      9.528    15.8016    15.8258   3.204201   3.200429     2.1645     2.1379     0.0055  0.1299159      9.439    24.7825    24.7352     4.7858     4.1567 -9.990e-29
       1142      9.528    15.8015    15.8244   3.203403   3.201022     2.1645     2.1380     0.0055  0.1302938      9.439    24.7758    24.7412     4.7850     4.1576 -9.990e-29
       1143      9.528    15.8016    15.8231   3.202584   3.201603     2.1645     2.1380     0.0055  0.1306658      9.439    24.7687    24.7469     4.7843     4.1582 -9.990e-29
       1144      9.528    15.8018    15.8218   3.201756   3.202165     2.1645     2.1381     0.0055  0.1310338      9.439    24.7615    24.7525     4.7837     4.1592 -9.990e-29
       1145      9.529    15.8021    15.8207   3.200933   3.202703     2.1645     2.1382     0.0055  0.1314002      9.440    24.7543    24.7578     4.7831     4.1602 -9.990e-29
       1146      9.529    15.8024    15.8196   3.200132   3.203223     2.1644     2.1383     0.0055  0.1317685      9.440    24.7473    24.7629     4.7823     4.1612 -9.990e-29
       1147      9.529    15.8026    15.8185   3.199367   3.203728     2.1644     2.1384     0.0055  0.1321420      9.440    24.7406    24.7679     4.7818     4.1623 -9.990e-29
       1148      9.529    15.8029    15.8173   3.198649   3.204218     2.1643     2.1385     0.0055  0.1325252      9.440    24.7343    24.7729     4.7811     4.1634 -9.990e-29
       1149      9.530    15.8031    15.8161   3.197985   3.204685     2.1642     2.1387     0.0055  0.1329206      9.441    24.7285    24.7776     4.7805     4.1649 -9.990e-29
       1150      9.530    15.8033    15.8147   3.197375   3.205122     2.1641     2.1388     0.0053  0.1333301      9.441    24.7232    24.7822     4.7799     4.1660 -9.990e-29
       1151      9.530    15.8035    15.8132   3.196815   3.205526     2.1640     2.1390     0.0055  0.1337558      9.441    24.7182    24.7866     4.7794     4.1675 -9.990e-29
       1152      9.530    15.8036    15.8114   3.196297   3.205895     2.1639     2.1392     0.0055  0.1341988      9.441    24.7138    24.7909     4.7790     4.1690 -9.990e-29
       1153      9.530    15.8037    15.8093   3.195814   3.206230     2.1638     2.1394     0.0055  0.1346624      9.441    24.7096    24.7950     4.7787     4.1705 -9.990e-29
       1154      9.531    15.8038    15.8070   3.195364   3.206527     2.1637     2.1396     0.0055  0.1351513      9.442    24.7057    24.7990     4.7785     4.1720 -9.990e-29
       1155      9.531    15.8039    15.8045   3.194945   3.206787     2.1636     2.1398     0.0057  0.1356649      9.442    24.7020    24.8028     4.7784     4.1736 -9.990e-29
       1156      9.532    15.8040    15.8019   3.194555   3.207008     2.1635     2.1401     0.0059  0.1361862      9.443    24.6986    24.8063     4.7783     4.1753 -9.990e-29
       1157      9.532    15.8041    15.7993   3.194192   3.207191     2.1634     2.1403     0.0059  0.1366899      9.443    24.6955    24.8095     4.7784     4.1768 -9.990e-29
       1158      9.532    15.8042    15.7968   3.193855   3.207342     2.1633     2.1406     0.0059  0.1371627      9.443    24.6925    24.8124     4.7785     4.1784 -9.990e-29
       1159      9.533    15.8044    15.7945   3.193541   3.207466     2.1632     2.1409     0.0059  0.1376053      9.444    24.6897    24.8149     4.7787     4.1800 -9.990e-29
       1160      9.533    15.8047    15.7924   3.193249   3.207569     2.1632     2.1413     0.0059  0.1380223      9.444    24.6870    24.8170     4.7793     4.1818 -9.990e-29
       1161      9.533    15.8049    15.7905   3.192979   3.207656     2.1631     2.1416     0.0059  0.1384177      9.444    24.6846    24.8190     4.7797     4.1833 -9.990e-29
       1162      9.534    15.8050    15.7888   3.192730   3.207734     2.1630     2.1419     0.0059  0.1387941      9.445    24.6824    24.8207     4.7803     4.1847 -9.990e-29
       1163      9.534    15.8053    15.7872   3.192502   3.207805     2.1630     2.1423     0.0059  0.1391542      9.445    24.6803    24.8223     4.7812     4.1862 -9.990e-29
       1164      9.534    15.8055    15.7856   3.192294   3.207877     2.1629     2.1427     0.0059  0.1395004      9.445    24.6784    24.8239     4.7819     4.1876 -9.990e-29
       1165      9.534    15.8058    15.7839   3.192110   3.207954     2.1629     2.1431     0.0059  0.1398351      9.445    24.6766    24.8257     4.7830     4.1889 -9.990e-29
       1166      9.534    15.8060    15.7821   3.191949   3.208037     2.1629     2.1435     0.0059  0.1401608      9.445    24.6751    24.8275     4.7842     4.1901 -9.990e-29
       1167      9.535    15.8062    15.7802   3.191813   3.208126     2.1629     2.1439     0.0059  0.1404796      9.446    24.6739    24.8294     4.7855     4.1913 -9.990e-29
       1168      9.535    15.8064    15.7784   3.191701   3.208221     2.1628     2.1443     0.0059  0.1407938      9.446    24.6728    24.8314     4.7866     4.1923 -9.990e-29
       1169      9.535    15.8066    15.7765   3.191612   3.208319     2.1628     2.1447     0.0059  0.1411056      9.446    24.6719    24.8334     4.7880     4.1932 -9.990e-29
       1170      9.536    15.8067    15.7747   3.191544   3.208423     2.1628     2.1451     0.0059  0.1414171      9.447    24.6712    24.8354     4.7897     4.1940 -9.990e-29
       1171      9.536    15.8068    15.7729   3.191497   3.208531     2.1629     2.1455     0.0059  0.1417313      9.447    24.6708    24.8375     4.7916     4.1946 -9.990e-29
       1172      9.536    15.8070    15.7711   3.191469   3.208643     2.1629     2.1459     0.0059  0.1420514      9.447    24.6704    24.8396     4.7933     4.1952 -9.990e-29
       1173      9.536    15.8071    15.7695   3.191458   3.208757     2.1630     2.1463     0.0059  0.1423785      9.447    24.6703    24.8415     4.7954     4.1956 -9.990e-29
       1174      9.537    15.8072    15.7680   3.191461   3.208869     2.1630     2.1466     0.0059  0.1427143      9.448    24.6702    24.8434     4.7973     4.1957 -9.990e-29
       1175      9.537    15.8074    15.7666   3.191477   3.208977     2.1631     2.1470     0.0059  0.1430610      9.448    24.6702    24.8452     4.7995     4.1959 -9.990e-29
