code/data/2021/ctd_data_day1/Station 4 210921_ctm.cnv
* Sea-Bird SBE 9 Data File:
* FileName = C:\Users\CTD-User\Desktop\MAR440\Station 4 210921.hex
* Software Version Seasave V 7.26.2.13
* Temperature SN = 6313
* Conductivity SN = 4758
* Number of Bytes Per Scan = 30
* Number of Voltage Words = 4
* Number of Scans Averaged by the Deck Unit = 1
* NMEA baud rate = 4800
** Ship:
** Station:
** Operator:
# nquan = 11
# nvalues = 963                         
# units = specified
# name 0 = scan: Scan Count
# name 1 = prDM: Pressure, Digiquartz [db]
# name 2 = t090C: Temperature [ITS-90, deg C]
# name 3 = t190C: Temperature, 2 [ITS-90, deg C]
# name 4 = c0S/m: Conductivity [S/m]
# name 5 = c1S/m: Conductivity, 2 [S/m]
# name 6 = sbeox0V: Oxygen raw, SBE 43 [V]
# name 7 = sbeox1V: Oxygen raw, SBE 43, 2 [V]
# name 8 = flECO-AFL: Fluorescence, WET Labs ECO-AFL/FL [mg/m^3]
# name 9 = upoly0: Upoly 0, Turbidity
# name 10 = flag:  0.000e+00
# span 0 =          1,        963       
# span 1 =      0.481,     10.723       
# span 2 =    11.6141,    15.3196       
# span 3 =    11.6112,    15.1462       
# span 4 =  -0.001126,   2.798481       
# span 5 =   0.025711,   2.805571       
# span 6 =     2.2466,     3.1600       
# span 7 =     2.1734,     2.9280       
# span 8 =     0.0033,     0.0317       
# span 9 =  0.0805824,  0.2378474       
# span 10 = 0.0000e+00, 0.0000e+00      
# interval = seconds: 0.0416667
# start_time = Sep 21 2021 09:52:02 [System UTC, header]
# bad_flag = -9.990e-29
*END*
[from data line 394]
        395      1.631    14.1018    14.0720   2.782572   2.782897     2.7619     2.3993     0.0060  0.2256374 0.0000e+00
        396      1.664    14.1018    14.0726   2.782484   2.782797     2.7582     2.3980     0.0060  0.2256374 0.0000e+00
        397      1.697    14.1020    14.0733   2.782387   2.782696     2.7546     2.3956     0.0060  0.2251490 0.0000e+00
        398      1.664    14.1016    14.0738   2.782340   2.782606     2.7521     2.3932     0.0060  0.2256374 0.0000e+00
        399      1.697    14.1018    14.0742   2.782221   2.782595     2.7485     2.3919     0.0060  0.2256374 0.0000e+00
        400      1.664    14.1016    14.0747   2.782117   2.782632     2.7460     2.3895     0.0060  0.2256374 0.0000e+00
        401      1.697    14.1016    14.0750   2.782024   2.782557     2.7424     2.3883     0.0060  0.2256374 0.0000e+00
        402      1.730    14.1016    14.0752   2.781974   2.782439     2.7387     2.3858     0.0060  0.2256374 0.0000e+00
        403      1.631    14.1016    14.0755   2.781876   2.782359     2.7363     2.3846     0.0060  0.2256374 0.0000e+00
        404      1.730    14.1015    14.0755   2.781638   2.782395     2.7314     2.3822     0.0060  0.2256374 0.0000e+00
        405      1.631    14.1016    14.0757   2.781702   2.782287     2.7289     2.3809     0.0060  0.2256374 0.0000e+00
        406      1.730    14.1016    14.0759   2.781658   2.782159     2.7265     2.3785     0.0060  0.2256374 0.0000e+00
        407      1.697    14.1015    14.0760   2.781597   2.782153     2.7228     2.3773     0.0059  0.2261258 0.0000e+00
        408      1.664    14.1016    14.0764   2.781543   2.782180     2.7204     2.3748     0.0057  0.2280794 0.0000e+00
        409      1.697    14.1015    14.0764   2.781499   2.782157     2.7167     2.3736     0.0055  0.2285678 0.0000e+00
        410      1.631    14.1015    14.0765   2.781498   2.782098     2.7143     2.3724     0.0053  0.2285678 0.0000e+00
        411      1.730    14.1013    14.0767   2.781298   2.782071     2.7106     2.3700     0.0055  0.2290562 0.0000e+00
        412      1.697    14.1015    14.0771   2.781432   2.782104     2.7082     2.3687     0.0055  0.2290562 0.0000e+00
        413      1.664    14.1016    14.0768   2.781319   2.782027     2.7045     2.3663     0.0055  0.2285678 0.0000e+00
        414      1.697    14.1013    14.0775   2.781388   2.781948     2.7021     2.3651     0.0055  0.2290562 0.0000e+00
        415      1.664    14.1013    14.0779   2.781307   2.782041     2.6984     2.3639     0.0055  0.2290562 0.0000e+00
        416      1.697    14.1011    14.0782   2.781451   2.782056     2.6960     2.3614     0.0055  0.2290562 0.0000e+00
        417      1.664    14.1013    14.0786   2.781366   2.781977     2.6923     2.3602     0.0055  0.2290562 0.0000e+00
        418      1.697    14.1010    14.0789   2.781289   2.781967     2.6899     2.3577     0.0055  0.2285678 0.0000e+00
        419      1.664    14.1007    14.0790   2.781390   2.782041     2.6862     2.3565     0.0055  0.2290562 0.0000e+00
        420      1.696    14.1001    14.0794   2.781160   2.782080     2.6838     2.3553     0.0055  0.2285678 0.0000e+00
        421      1.663    14.0998    14.0799   2.781279   2.782081     2.6801     2.3541     0.0055  0.2285678 0.0000e+00
        422      1.696    14.0995    14.0804   2.781143   2.782008     2.6777     2.3516     0.0055  0.2290562 0.0000e+00
        423      1.663    14.0991    14.0811   2.781179   2.782059     2.6740     2.3516     0.0055  0.2285678 0.0000e+00
        424      1.696    14.0991    14.0818   2.781093   2.782099     2.6715     2.3480     0.0055  0.2290562 0.0000e+00
        425      1.663    14.0993    14.0826   2.781121   2.782080     2.6691     2.3468     0.0055  0.2285678 0.0000e+00
        426      1.696    14.0996    14.0826   2.781004   2.782021     2.6654     2.3455     0.0055  0.2290562 0.0000e+00
        427      1.663    14.1000    14.0828   2.781065   2.782016     2.6630     2.3443     0.0053  0.2290562 0.0000e+00
        428      1.754    14.1007    14.0826   2.780895   2.781930     2.6606     2.3431     0.0055  0.2290562 0.0000e+00
        429      1.663    14.1013    14.0824   2.780866   2.781935     2.6569     2.3407     0.0055  0.2285678 0.0000e+00
        430      1.630    14.1016    14.0823   2.780846   2.781816     2.6545     2.3394     0.0055  0.2290562 0.0000e+00
        431      1.729    14.1018    14.0819   2.780734   2.781841     2.6520     2.3382     0.0055  0.2290562 0.0000e+00
        432      1.696    14.1020    14.0820   2.780714   2.781799     2.6483     2.3370     0.0055  0.2290562 0.0000e+00
        433      1.696    14.1021    14.0816   2.780532   2.781691     2.6459     2.3345     0.0057  0.2310098 0.0000e+00
        434      1.663    14.1020    14.0818   2.780462   2.781660     2.6435     2.3333     0.0059  0.2334518 0.0000e+00
        435      1.696    14.1020    14.0814   2.780452   2.781542     2.6410     2.3321     0.0059  0.2339402 0.0000e+00
        436      1.663    14.1018    14.0814   2.780220   2.781404     2.6374     2.3309     0.0059  0.2339402 0.0000e+00
        437      1.696    14.1018    14.0814   2.780086   2.781324     2.6349     2.3297     0.0059  0.2339402 0.0000e+00
        438      1.729    14.1016    14.0816   2.780011   2.781240     2.6325     2.3284     0.0059  0.2339402 0.0000e+00
        439      1.696    14.1018    14.0818   2.779857   2.781167     2.6300     2.3260     0.0059  0.2339402 0.0000e+00
        440      1.663    14.1016    14.0820   2.779738   2.781088     2.6276     2.3248     0.0059  0.2339402 0.0000e+00
        441      1.696    14.1015    14.0823   2.779690   2.781004     2.6251     2.3236     0.0059  0.2339402 0.0000e+00
        442      1.663    14.1013    14.0826   2.779529   2.780947     2.6227     2.3223     0.0059  0.2339402 0.0000e+00
        443      1.696    14.1011    14.0831   2.779459   2.780859     2.6190     2.3211     0.0059  0.2339402 0.0000e+00
        444      1.663    14.1010    14.0836   2.779460   2.780808     2.6178     2.3187     0.0059  0.2339402 0.0000e+00
        445      1.754    14.1010    14.0843   2.779284   2.780796     2.6142     2.3175     0.0059  0.2334518 0.0000e+00
        446      1.663    14.1007    14.0848   2.779283   2.780783     2.6117     2.3162     0.0059  0.2339402 0.0000e+00
        447      1.696    14.1007    14.0854   2.779172   2.780717     2.6093     2.3150     0.0059  0.2339402 0.0000e+00
        448      1.663    14.1005    14.0860   2.779167   2.780693     2.6068     2.3138     0.0057  0.2339402 0.0000e+00
        449      1.696    14.1003    14.0865   2.779125   2.780659     2.6044     2.3126     0.0059  0.2339402 0.0000e+00
        450      1.663    14.1003    14.0872   2.779131   2.780593     2.6020     2.3113     0.0059  0.2339402 0.0000e+00
        451      1.696    14.1001    14.0874   2.779019   2.780605     2.5995     2.3101     0.0059  0.2339402 0.0000e+00
        452      1.729    14.1000    14.0878   2.779026   2.780592     2.5971     2.3077     0.0059  0.2339402 0.0000e+00
        453      1.630    14.1000    14.0880   2.778942   2.780530     2.5946     2.3065     0.0059  0.2339402 0.0000e+00
        454      1.729    14.1000    14.0885   2.779073   2.780533     2.5922     2.3052     0.0059  0.2339402 0.0000e+00
        455      1.696    14.1000    14.0885   2.778907   2.780534     2.5910     2.3040     0.0059  0.2334518 0.0000e+00
        456      1.663    14.0996    14.0890   2.778880   2.780575     2.5885     2.3028     0.0059  0.2339402 0.0000e+00
        457      1.696    14.0998    14.0891   2.778802   2.780534     2.5861     2.3016     0.0059  0.2339402 0.0000e+00
        458      1.696    14.0998    14.0896   2.778874   2.780430     2.5836     2.3004     0.0059  0.2319866 0.0000e+00
        459      1.663    14.0996    14.0896   2.778730   2.780490     2.5812     2.2991     0.0060  0.2251490 0.0000e+00
        460      1.696    14.0996    14.0899   2.778716   2.780488     2.5788     2.2979     0.0060  0.2222186 0.0000e+00
        461      1.663    14.0998    14.0902   2.778573   2.780442     2.5763     2.2955     0.0060  0.2222186 0.0000e+00
        462      1.695    14.0998    14.0908   2.778629   2.780345     2.5751     2.2943     0.0060  0.2227070 0.0000e+00
        463      1.662    14.0998    14.0905   2.778625   2.780435     2.5726     2.2930     0.0060  0.2227070 0.0000e+00
        464      1.695    14.0998    14.0911   2.778536   2.780380     2.5702     2.2918     0.0060  0.2227070 0.0000e+00
        465      1.662    14.0998    14.0914   2.778436   2.780282     2.5678     2.2906     0.0060  0.2227070 0.0000e+00
        466      1.695    14.1001    14.0914   2.778413   2.780230     2.5653     2.2894     0.0060  0.2227070 0.0000e+00
        467      1.662    14.0998    14.0916   2.778376   2.780217     2.5641     2.2882     0.0060  0.2227070 0.0000e+00
        468      1.695    14.1002    14.0917   2.778332   2.780193     2.5617     2.2869     0.0060  0.2227070 0.0000e+00
        469      1.662    14.1001    14.0919   2.778248   2.780121     2.5604     2.2857     0.0060  0.2227070 0.0000e+00
        470      1.695    14.1001    14.0917   2.778104   2.780127     2.5580     2.2845     0.0060  0.2227070 0.0000e+00
        471      1.662    14.1000    14.0920   2.778128   2.780076     2.5556     2.2833     0.0060  0.2227070 0.0000e+00
        472      1.695    14.1001    14.0921   2.778099   2.779929     2.5531     2.2808     0.0060  0.2227070 0.0000e+00
        473      1.662    14.1003    14.0923   2.778031   2.779953     2.5507     2.2796     0.0060  0.2227070 0.0000e+00
        474      1.695    14.1003    14.0921   2.777905   2.779917     2.5494     2.2784     0.0060  0.2227070 0.0000e+00
        475      1.662    14.1002    14.0923   2.777886   2.779851     2.5470     2.2772     0.0060  0.2227070 0.0000e+00
        476      1.695    14.1000    14.0921   2.777759   2.779799     2.5458     2.2759     0.0060  0.2227070 0.0000e+00
        477      1.662    14.1001    14.0923   2.777680   2.779753     2.5433     2.2747     0.0060  0.2227070 0.0000e+00
        478      1.695    14.1000    14.0923   2.777710   2.779676     2.5409     2.2735     0.0060  0.2227070 0.0000e+00
        479      1.662    14.1000    14.0923   2.777648   2.779651     2.5397     2.2723     0.0060  0.2227070 0.0000e+00
        480      1.629    14.1000    14.0923   2.777570   2.779632     2.5372     2.2711     0.0060  0.2227070 0.0000e+00
        481      1.728    14.1001    14.0921   2.777402   2.779549     2.5348     2.2698     0.0060  0.2227070 0.0000e+00
        482      1.629    14.1000    14.0923   2.777430   2.779477     2.5324     2.2686     0.0060  0.2227070 0.0000e+00
        483      1.695    14.0998    14.0923   2.777341   2.779506     2.5311     2.2674     0.0060  0.2227070 0.0000e+00
        484      1.662    14.0998    14.0921   2.777280   2.779502     2.5299     2.2662     0.0060  0.2231954 0.0000e+00
        485      1.695    14.1000    14.0918   2.777278   2.779414     2.5275     2.2637     0.0060  0.2241722 0.0000e+00
        486      1.662    14.1000    14.0919   2.777244   2.779432     2.5250     2.2625     0.0060  0.2241722 0.0000e+00
        487      1.695    14.1000    14.0917   2.777074   2.779407     2.5238     2.2625     0.0060  0.2241722 0.0000e+00
        488      1.662    14.1000    14.0919   2.777147   2.779310     2.5214     2.2601     0.0060  0.2241722 0.0000e+00
        489      1.695    14.0998    14.0918   2.777037   2.779285     2.5201     2.2601     0.0060  0.2241722 0.0000e+00
        490      1.662    14.1000    14.0917   2.777068   2.779234     2.5177     2.2576     0.0060  0.2241722 0.0000e+00
        491      1.629    14.0998    14.0917   2.777022   2.779167     2.5165     2.2564     0.0060  0.2241722 0.0000e+00
        492      1.728    14.1000    14.0917   2.776918   2.779218     2.5140     2.2552     0.0060  0.2241722 0.0000e+00
        493      1.629    14.0998    14.0917   2.776851   2.779162     2.5128     2.2552     0.0060  0.2241722 0.0000e+00
        494      1.662    14.0998    14.0916   2.776844   2.779170     2.5104     2.2527     0.0059  0.2241722 0.0000e+00
        495      1.695    14.1000    14.0917   2.776788   2.779157     2.5092     2.2515     0.0060  0.2241722 0.0000e+00
        496      1.662    14.1000    14.0917   2.776813   2.779075     2.5067     2.2503     0.0060  0.2241722 0.0000e+00
        497      1.695    14.1000    14.0917   2.776796   2.779094     2.5055     2.2491     0.0060  0.2241722 0.0000e+00
        498      1.662    14.0998    14.0919   2.776691   2.779081     2.5030     2.2479     0.0060  0.2241722 0.0000e+00
        499      1.694    14.1001    14.0921   2.776658   2.779037     2.5018     2.2479     0.0060  0.2241722 0.0000e+00
        500      1.604    14.1000    14.0921   2.776569   2.779009     2.5006     2.2454     0.0060  0.2241722 0.0000e+00
        501      1.694    14.1000    14.0926   2.776697   2.778987     2.4982     2.2442     0.0060  0.2241722 0.0000e+00
        502      1.661    14.1000    14.0927   2.776706   2.779060     2.4957     2.2442     0.0060  0.2241722 0.0000e+00
        503      1.694    14.0998    14.0932   2.776622   2.778974     2.4933     2.2430     0.0060  0.2241722 0.0000e+00
        504      1.661    14.0995    14.0934   2.776657   2.778915     2.4921     2.2418     0.0060  0.2241722 0.0000e+00
        505      1.628    14.0993    14.0938   2.776543   2.778967     2.4908     2.2405     0.0060  0.2241722 0.0000e+00
        506      1.604    14.0986    14.0941   2.776517   2.778940     2.4884     2.2393     0.0060  0.2241722 0.0000e+00
        507      1.694    14.0980    14.0944   2.776394   2.778896     2.4872     2.2381     0.0060  0.2241722 0.0000e+00
        508      1.694    14.0974    14.0947   2.776466   2.778932     2.4847     2.2369     0.0060  0.2241722 0.0000e+00
        509      1.604    14.0969    14.0946   2.776285   2.778812     2.4835     2.2344     0.0060  0.2231954 0.0000e+00
        510      1.694    14.0964    14.0950   2.776254   2.778781     2.4823     2.2344     0.0057  0.2187998 0.0000e+00
        511      1.661    14.0963    14.0950   2.776215   2.778768     2.4798     2.2332     0.0059  0.2168462 0.0000e+00
        512      1.628    14.0959    14.0950   2.776164   2.778691     2.4786     2.2320     0.0059  0.2173346 0.0000e+00
        513      1.661    14.0956    14.0951   2.776151   2.778664     2.4762     2.2308     0.0059  0.2173346 0.0000e+00
        514      1.628    14.0956    14.0950   2.775983   2.778666     2.4762     2.2295     0.0059  0.2168462 0.0000e+00
        515      1.603    14.0954    14.0953   2.776046   2.778613     2.4750     2.2283     0.0059  0.2168462 0.0000e+00
        516      1.694    14.0951    14.0953   2.775898   2.778510     2.4713     2.2271     0.0059  0.2168462 0.0000e+00
        517      1.603    14.0953    14.0953   2.775854   2.778545     2.4701     2.2259     0.0059  0.2168462 0.0000e+00
        518      1.694    14.0951    14.0954   2.775853   2.778555     2.4689     2.2247     0.0059  0.2168462 0.0000e+00
        519      1.661    14.0954    14.0954   2.775610   2.778468     2.4664     2.2234     0.0059  0.2168462 0.0000e+00
        520      1.628    14.0956    14.0956   2.775691   2.778541     2.4652     2.2222     0.0059  0.2168462 0.0000e+00
        521      1.661    14.0959    14.0955   2.775594   2.778540     2.4640     2.2222     0.0059  0.2173346 0.0000e+00
        522      1.628    14.0963    14.0958   2.775585   2.778385     2.4628     2.2198     0.0059  0.2168462 0.0000e+00
        523      1.661    14.0963    14.0958   2.775610   2.778442     2.4615     2.2186     0.0059  0.2168462 0.0000e+00
        524      1.628    14.0967    14.0960   2.775417   2.778426     2.4591     2.2186     0.0059  0.2173346 0.0000e+00
