code/data/2021/ctd_data_day1/Station 6 210921.cnv
* Sea-Bird SBE 9 Data File:
* FileName = C:\Users\CTD-User\Desktop\MAR440\Station 6 210921.hex
* Software Version Seasave V 7.26.2.13
* Temperature SN = 6313
* Conductivity SN = 4758
* Number of Bytes Per Scan = 30
* Number of Voltage Words = 4
* Number of Scans Averaged by the Deck Unit = 1
* NMEA baud rate = 4800
** Ship:
** Station:
** Operator:
# nquan = 11
# nvalues = 4130                                  
# units = specified
# name 0 = scan: Scan Count
# name 1 = prDM: Pressure, Digiquartz [db]
# name 2 = t090C: Temperature [ITS-90, deg C]
# name 3 = t190C: Temperature, 2 [ITS-90, deg C]
# name 4 = c0S/m: Conductivity [S/m]
# name 5 = c1S/m: Conductivity, 2 [S/m]
# name 6 = sbeox0V: Oxygen raw, SBE 43 [V]
# name 7 = sbeox1V: Oxygen raw, SBE 43, 2 [V]
# name 8 = flECO-AFL: Fluorescence, WET Labs ECO-AFL/FL [mg/m^3]
# name 9 = upoly0: Upoly 0, Turbidity
# name 10 = flag:  0.000e+00
# span 0 =          1,       4130                 
# span 1 =      0.253,     37.833                 
# span 2 =     5.3479,    16.0630                 
# span 3 =     5.3023,    16.0241                 
# span 4 =   2.889974,   3.756277                 
# span 5 =   2.888113,   3.757342                 
# span 6 =     0.4808,     2.8071                 
# span 7 =     0.5443,     2.7595                 
# span 8 =     0.0033,     0.0189                 
# span 9 =  0.0854664,  0.1670293                 
# span 10 = 0.0000e+00, 0.0000e+00                
# interval = seconds: 0.0416667
# start_time = Sep 21 2021 10:55:39 [System UTC, header]
# bad_flag = -9.990e-29
*END*
[from data line 2623]
       2624     16.784    13.4049    13.4020   3.574865   3.576432     1.2709     1.2966     0.0038  0.0918156  0.000e+00
       2625     16.800    13.4093    13.4072   3.575773   3.577529     1.2697     1.2954     0.0038  0.0923040  0.000e+00
       2626     16.800    13.3502    13.3123   3.577209   3.578657     1.2819     1.2942     0.0040  0.0918156  0.000e+00
       2627     16.800    13.4191    13.4170   3.578016   3.579946     1.2648     1.2917     0.0038  0.0923040  0.000e+00
       2628     16.866    13.4218    13.4201   3.579601   3.581332     1.2624     1.2905     0.0038  0.0918156  0.000e+00
       2629     16.866    13.4228    13.4221   3.580634   3.582511     1.2673     1.2893     0.0038  0.0923040  0.000e+00
       2630     16.907    13.3775    13.3469   3.581679   3.583434     1.2758     1.2868     0.0038  0.0918156  0.000e+00
       2631     16.924    13.4256    13.4246   3.582931   3.584226     1.2575     1.2856     0.0038  0.0923040  0.000e+00
       2632     16.990    13.4323    13.4325   3.583448   3.584948     1.2685     1.2929     0.0038  0.0923040  0.000e+00
       2633     16.924    13.4121    13.3902   3.584185   3.585694     1.2624     1.2844     0.0038  0.0918156  0.000e+00
       2634     16.990    13.4241    13.4250   3.585361   3.586434     1.2539     1.2820     0.0038  0.0923040  0.000e+00
       2635     17.048    13.4246    13.4268   3.585735   3.587379     1.2551     1.2807     0.0038  0.0923040  0.000e+00
       2636     17.031    13.4268    13.4297   3.586347   3.588519     1.2539     1.2795     0.0038  0.0918156  0.000e+00
       2637     17.048    13.4313    13.4365   3.587790   3.589758     1.2526     1.2783     0.0038  0.0918156  0.000e+00
       2638     17.114    13.4377    13.4441   3.589508   3.591233     1.2526     1.2758     0.0038  0.0923040  0.000e+00
       2639     17.114    13.4469    13.4505   3.590910   3.592820     1.2526     1.2746     0.0038  0.0923040  0.000e+00
       2640     17.114    13.4566    13.4565   3.592241   3.594177     1.2490     1.2734     0.0037  0.0913272  0.000e+00
       2641     17.171    13.4236    13.3921   3.593657   3.595483     1.2575     1.2746     0.0037  0.0913272  0.000e+00
       2642     17.155    13.4704    13.4684   3.595000   3.596711     1.2380     1.2710     0.0037  0.0913272  0.000e+00
       2643     17.229    13.4739    13.4713   3.596237   3.597887     1.2404     1.2697     0.0037  0.0913272  0.000e+00
       2644     17.229    13.4751    13.4723   3.597260   3.598763     1.2429     1.2697     0.0037  0.0913272  0.000e+00
       2645     17.229    13.4741    13.4725   3.598146   3.599422     1.2429     1.2673     0.0038  0.0913272  0.000e+00
       2646     17.295    13.4054    13.3727   3.599057   3.600047     1.2465     1.2661     0.0037  0.0913272  0.000e+00
       2647     17.295    13.4848    13.4861   3.599818   3.600528     1.2429     1.2649     0.0037  0.0913272  0.000e+00
       2648     17.278    13.4721    13.4715   3.600193   3.600887     1.2294     1.2636     0.0037  0.0913272  0.000e+00
       2649     17.353    13.4698    13.4698   3.600056   3.601204     1.2294     1.2624     0.0037  0.0913272  0.000e+00
       2650     17.353    13.4683    13.4686   3.599996   3.601398     1.2331     1.2624     0.0037  0.0913272  0.000e+00
       2651     17.353    13.4592    13.4341   3.600014   3.601705     1.2404     1.2612     0.0037  0.0913272  0.000e+00
       2652     17.419    13.4663    13.4676   3.600193   3.602010     1.2245     1.2600     0.0037  0.0913272  0.000e+00
       2653     17.419    13.2159    13.1817   3.600832   3.602490     1.2343     1.2588     0.0037  0.0913272  0.000e+00
       2654     17.460    13.4681    13.4698   3.601692   3.603105     1.2233     1.2575     0.0037  0.0913272  0.000e+00
       2655     17.476    13.4154    13.3894   3.602615   3.603871     1.2319     1.2575     0.0037  0.0913272  0.000e+00
       2656     17.476    13.4750    13.4777   3.603299   3.604852     1.2184     1.2551     0.0037  0.0913272  0.000e+00
       2657     17.534    13.4793    13.4822   3.603834   3.606123     1.2209     1.2551     0.0037  0.0913272  0.000e+00
       2658     17.534    13.4858    13.4876   3.605096   3.607442     1.2258     1.2539     0.0037  0.0913272  0.000e+00
       2659     17.534    13.4432    13.4149   3.606859   3.608820     1.2331     1.2539     0.0037  0.0913272  0.000e+00
       2660     17.641    13.5034    13.5061   3.608025   3.610256     1.2184     1.2526     0.0037  0.0913272  0.000e+00
       2661     17.600    13.5049    13.4789   3.609520   3.611911     1.2233     1.2514     0.0037  0.0913272  0.000e+00
       2662     17.600    13.5200    13.5219   3.611527   3.613571     1.2172     1.2502     0.0037  0.0913272  0.000e+00
       2663     17.658    13.5295    13.5294   3.612802   3.615056     1.2136     1.2490     0.0037  0.0913272  0.000e+00
       2664     17.658    13.5383    13.5365   3.614822   3.616617     1.2160     1.2490     0.0037  0.0913272  0.000e+00
       2665     17.724    13.5468    13.5439   3.616270   3.618149     1.2160     1.2478     0.0038  0.0913272  0.000e+00
       2666     17.707    13.5547    13.5523   3.617981   3.619658     1.2148     1.2478     0.0038  0.0913272  0.000e+00
       2667     17.781    13.5612    13.5595   3.619686   3.621285     1.2148     1.2465     0.0038  0.0913272  0.000e+00
       2668     17.724    13.5681    13.5658   3.620848   3.622912     1.2148     1.2453     0.0038  0.0923040  0.000e+00
       2669     17.847    13.5738    13.5719   3.622297   3.624445     1.2136     1.2453     0.0038  0.0913272  0.000e+00
       2670     17.781    13.5788    13.5772   3.624122   3.625837     1.2111     1.2453     0.0038  0.0913272  0.000e+00
       2671     17.847    13.5832    13.5827   3.625775   3.627282     1.2099     1.2441     0.0038  0.0913272  0.000e+00
       2672     17.847    13.5882    13.5867   3.627058   3.628740     1.2111     1.2441     0.0038  0.0913272  0.000e+00
       2673     17.888    13.4845    13.4469   3.628276   3.629851     1.2184     1.2429     0.0038  0.0913272  0.000e+00
       2674     17.847    13.5967    13.5929   3.629379   3.631123     1.2062     1.2429     0.0038  0.0913272  0.000e+00
       2675     17.963    13.5987    13.5960   3.630436   3.632180     1.2001     1.2417     0.0038  0.0913272  0.000e+00
       2676     17.905    13.6010    13.5992   3.631552   3.633414     1.2038     1.2417     0.0038  0.0913272  0.000e+00
       2677     17.963    13.6035    13.6029   3.632752   3.634706     1.2062     1.2417     0.0038  0.0913272  0.000e+00
       2678     18.029    13.6060    13.6061   3.633803   3.636070     1.2050     1.2404     0.0038  0.0913272  0.000e+00
       2679     18.012    13.5650    13.5337   3.635195   3.637453     1.2136     1.2404     0.0038  0.0913272  0.000e+00
       2680     18.029    13.6139    13.6145   3.636681   3.639076     1.1965     1.2404     0.0038  0.0913272  0.000e+00
       2681     18.029    13.5827    13.5519   3.638408   3.640637     1.2050     1.2404     0.0038  0.0913272  0.000e+00
       2682     18.086    13.6223    13.6220   3.639931   3.642119     1.2001     1.2392     0.0038  0.0913272  0.000e+00
       2683     18.086    13.6271    13.6267   3.641228   3.643750     1.1965     1.2392     0.0038  0.0913272  0.000e+00
       2684     18.086    13.5679    13.5362   3.643028   3.645453     1.2075     1.2392     0.0038  0.0913272  0.000e+00
       2685     18.210    13.6368    13.6353   3.645089   3.647279     1.1940     1.2380     0.0038  0.0913272  0.000e+00
       2686     18.136    13.6412    13.6396   3.646417   3.649153     1.1952     1.2392     0.0038  0.0913272  0.000e+00
       2687     18.210    13.6441    13.6440   3.648348   3.650732     1.1989     1.2392     0.0038  0.0913272  0.000e+00
       2688     18.210    13.5409    13.5029   3.649767   3.652342     1.2087     1.2392     0.0038  0.0913272  0.000e+00
       2689     18.210    13.6526    13.6521   3.651489   3.653890     1.1904     1.2380     0.0038  0.0913272  0.000e+00
       2690     18.268    13.6562    13.6552   3.652799   3.655559     1.1916     1.2380     0.0038  0.0913272  0.000e+00
       2691     18.268    13.6590    13.6586   3.654720   3.657098     1.1965     1.2380     0.0037  0.0908388  0.000e+00
       2692     18.268    13.6618    13.6613   3.656061   3.658512     1.1989     1.2380     0.0037  0.0908388  0.000e+00
       2693     18.317    13.6648    13.6638   3.657348   3.659785     1.1965     1.2380     0.0037  0.0908388  0.000e+00
       2694     18.391    13.6671    13.6663   3.659072   3.661093     1.1952     1.2380     0.0037  0.0908388  0.000e+00
       2695     18.334    13.6692    13.6688   3.660335   3.662390     1.1940     1.2380     0.0037  0.0908388  0.000e+00
       2696     18.391    13.5691    13.5335   3.661337   3.663641     1.2026     1.2392     0.0037  0.0908388  0.000e+00
       2697     18.391    13.6739    13.6734   3.662432   3.664836     1.1891     1.2380     0.0037  0.0908388  0.000e+00
       2698     18.457    13.6746    13.6744   3.663660   3.665825     1.1916     1.2392     0.0037  0.0908388  0.000e+00
       2699     18.457    13.6754    13.6749   3.664582   3.666673     1.1940     1.2392     0.0037  0.0908388  0.000e+00
       2700     18.498    13.6758    13.6757   3.665511   3.667455     1.1940     1.2392     0.0038  0.0908388  0.000e+00
       2701     18.457    13.5223    13.4809   3.666609   3.668310     1.2026     1.2404     0.0037  0.0908388  0.000e+00
       2702     18.515    13.6778    13.6781   3.667531   3.669155     1.1891     1.2392     0.0037  0.0908388  0.000e+00
       2703     18.581    13.6774    13.6784   3.668346   3.670050     1.1904     1.2404     0.0037  0.0908388  0.000e+00
       2704     18.515    13.6780    13.6792   3.669185   3.670909     1.1940     1.2404     0.0037  0.0908388  0.000e+00
       2705     18.638    13.6785    13.6798   3.670006   3.671870     1.1928     1.2417     0.0037  0.0908388  0.000e+00
       2706     18.581    13.6790    13.6808   3.670815   3.672712     1.1952     1.2417     0.0037  0.0908388  0.000e+00
       2707     18.622    13.6804    13.6818   3.671673   3.673577     1.1940     1.2417     0.0037  0.0908388  0.000e+00
       2708     18.638    13.6117    13.5816   3.672507   3.674379     1.2026     1.2429     0.0037  0.0903504  0.000e+00
       2709     18.696    13.6834    13.6844   3.673274   3.675184     1.1867     1.2429     0.0037  0.0908388  0.000e+00
       2710     18.696    13.6546    13.6303   3.674018   3.676050     1.1989     1.2453     0.0037  0.0908388  0.000e+00
       2711     18.696    13.6871    13.6887   3.674839   3.677022     1.1891     1.2441     0.0037  0.0908388  0.000e+00
       2712     18.762    13.6889    13.6909   3.675781   3.678102     1.1916     1.2453     0.0037  0.0908388  0.000e+00
       2713     18.762    13.6913    13.6939   3.676909   3.679253     1.1940     1.2453     0.0037  0.0908388  0.000e+00
       2714     18.803    13.6946    13.6979   3.677935   3.680398     1.1940     1.2465     0.0037  0.0908388  0.000e+00
       2715     18.762    13.6100    13.5766   3.679010   3.681574     1.2050     1.2465     0.0037  0.0903504  0.000e+00
       2716     18.820    13.7194    13.7221   3.680299   3.682730     1.2001     1.2478     0.0035  0.0903504  0.000e+00
       2717     18.886    13.7124    13.7157   3.681601   3.684118     1.1891     1.2490     0.0035  0.0898620  0.000e+00
       2718     18.820    13.7177    13.7214   3.683030   3.685656     1.1891     1.2490     0.0035  0.0898620  0.000e+00
       2719     18.886    13.7233    13.7272   3.684524   3.687271     1.1940     1.2502     0.0035  0.0898620  0.000e+00
       2720     18.943    13.7293    13.7324   3.686026   3.688720     1.1989     1.2514     0.0035  0.0898620  0.000e+00
       2721     18.943    13.7353    13.7374   3.687515   3.690050     1.1989     1.2514     0.0035  0.0898620  0.000e+00
       2722     18.927    13.7410    13.7425   3.688776   3.691327     1.1989     1.2526     0.0035  0.0898620  0.000e+00
       2723     19.001    13.7055    13.6764   3.690236   3.692599     1.2062     1.2539     0.0035  0.0893736  0.000e+00
       2724     18.943    13.7517    13.7522   3.691474   3.693893     1.1916     1.2551     0.0035  0.0898620  0.000e+00
       2725     19.067    13.6814    13.6563   3.692616   3.695172     1.2038     1.2563     0.0035  0.0898620  0.000e+00
       2726     19.001    13.7685    13.7694   3.693955   3.696472     1.2050     1.2575     0.0035  0.0898620  0.000e+00
       2727     19.067    13.7606    13.7615   3.695085   3.697554     1.1940     1.2575     0.0035  0.0898620  0.000e+00
       2728     19.067    13.6944    13.6652   3.696114   3.698494     1.2038     1.2600     0.0035  0.0898620  0.000e+00
       2729     19.108    13.7643    13.7635   3.697268   3.699421     1.1989     1.2600     0.0035  0.0898620  0.000e+00
       2730     19.125    13.7634    13.7625   3.698103   3.700158     1.1989     1.2612     0.0035  0.0898620  0.000e+00
       2731     19.191    13.7618    13.7605   3.698945   3.700812     1.2038     1.2624     0.0035  0.0898620  0.000e+00
       2732     19.125    13.6766    13.6447   3.699608   3.701277     1.2099     1.2636     0.0035  0.0898620  0.000e+00
       2733     19.191    13.7573    13.7543   3.700046   3.701520     1.2038     1.2649     0.0035  0.0898620  0.000e+00
       2734     19.248    13.6401    13.6108   3.700468   3.701593     1.2087     1.2661     0.0035  0.0898620  0.000e+00
       2735     19.191    13.7485    13.7460   3.700623   3.701603     1.2026     1.2673     0.0035  0.0898620  0.000e+00
       2736     19.248    13.7427    13.7408   3.700641   3.701526     1.2013     1.2685     0.0035  0.0898620  0.000e+00
       2737     19.298    13.7373    13.7345   3.700491   3.701282     1.2050     1.2697     0.0035  0.0898620  0.000e+00
       2738     19.314    13.7387    13.7354   3.700317   3.701229     1.2111     1.3393     0.0042  0.0918156  0.000e+00
       2739     19.314    13.6303    13.5934   3.700132   3.701040     1.2136     1.2722     0.0035  0.0898620  0.000e+00
       2740     19.314    13.7304    13.7129   3.699860   3.700860     1.2111     1.2734     0.0035  0.0898620  0.000e+00
       2741     19.372    13.7136    13.7132   3.699662   3.700890     1.2087     1.2746     0.0035  0.0898620  0.000e+00
       2742     19.372    13.7060    13.7043   3.699626   3.700860     1.2050     1.2771     0.0037  0.0888852  0.000e+00
       2743     19.430    13.6013    13.5744   3.699651   3.700707     1.2184     1.2783     0.0037  0.0888852  0.000e+00
       2744     19.430    13.6938    13.6934   3.699632   3.700652     1.2136     1.2783     0.0037  0.0888852  0.000e+00
       2745     19.413    13.6891    13.6876   3.699596   3.700748     1.2099     1.2807     0.0037  0.0888852  0.000e+00
       2746     19.430    13.5854    13.5519   3.699543   3.700690     1.2233     1.2820     0.0037  0.0888852  0.000e+00
       2747     19.496    13.6802    13.6774   3.699476   3.700801     1.2123     1.2820     0.0037  0.0888852  0.000e+00
       2748     19.553    13.6742    13.6725   3.699560   3.700849     1.2111     1.2832     0.0037  0.0888852  0.000e+00
       2749     19.496    13.6697    13.6690   3.699788   3.700879     1.2184     1.2856     0.0037  0.0888852  0.000e+00
       2750     19.553    13.6660    13.6648   3.699728   3.701004     1.2197     1.2868     0.0037  0.0888852  0.000e+00
       2751     19.619    13.6618    13.6609   3.699807   3.701170     1.2209     1.2868     0.0037  0.0888852  0.000e+00
       2752     19.553    13.6580    13.6576   3.699777   3.701259     1.2209     1.2893     0.0037  0.0888852  0.000e+00
       2753     19.603    13.6551    13.6544   3.699951   3.701420     1.2233     1.2905     0.0037  0.0888852  0.000e+00
       2754     19.677    13.6521    13.6508   3.700113   3.701670     1.2245     1.2917     0.0037  0.0888852  0.000e+00
