code/data/2021/ctd_data_day1/Station 4ex 210921_ctm_fil_le_der.cnv
* Sea-Bird SBE 9 Data File:
* FileName = C:\Users\CTD-User\Desktop\MAR440\Station 4ex 210921.hex
* Software Version Seasave V 7.26.2.13
* Temperature SN = 6313
* Conductivity SN = 4758
* Number of Bytes Per Scan = 30
* Number of Voltage Words = 4
* Number of Scans Averaged by the Deck Unit = 1
* NMEA baud rate = 4800
** Ship:
** Station:
** Operator:
# nquan = 16                                
# nvalues = 6123                        
# units = specified
# name 0 = scan: Scan Count
# name 1 = prDM: Pressure, Digiquartz [db]
# name 2 = t090C: Temperature [ITS-90, deg C]
# name 3 = t190C: Temperature, 2 [ITS-90, deg C]
# name 4 = c0S/m: Conductivity [S/m]
# name 5 = c1S/m: Conductivity, 2 [S/m]
# name 6 = sbeox0V: Oxygen raw, SBE 43 [V]
# name 7 = sbeox1V: Oxygen raw, SBE 43, 2 [V]
# name 8 = flECO-AFL: Fluorescence, WET Labs ECO-AFL/FL [mg/m^3]
# name 9 = upoly0: Upoly 0, Turbidity
# name 10 = depSM: Depth [salt water, m], lat = 59
# name 11 = sal00: Salinity, Practical [PSU]
# name 12 = sal11: Salinity, Practical, 2 [PSU]
# name 13 = sbeox0ML/L: Oxygen, SBE 43 [ml/l], WS = 2
# name 14 = sbeox1ML/L: Oxygen, SBE 43, 2 [ml/l], WS = 2
# name 15 = flag: flag
# span 0 =          1,       6123       
# span 1 =      0.319,     43.468       
# span 2 =     7.9826,    16.0004       
# span 3 =     7.9840,    15.8854       
# span 4 =  -0.000377,   3.472125       
# span 5 =   0.283373,   3.472588       
# span 6 =     0.4705,     3.1926       
# span 7 =     0.5358,     3.0371       
# span 8 =     0.0033,     0.0524       
# span 9 =  0.0805253,  0.2126995       
# span 10 =      0.316,     43.057      
# span 11 =     0.0000,    32.1408      
# span 12 =     0.0000,    32.1478      
# span 13 =    -0.1435,     9.0193      
# span 14 =     0.1756,     7.4392      
# span 15 = 0.0000e+00, 0.0000e+00      
# interval = seconds: 0.0416667
# start_time = Sep 21 2021 12:21:52 [System UTC, header]
# bad_flag = -9.990e-29
*END*
[from data line 3526]
       3527      0.931    15.2305    15.2366   2.967190   2.967689     2.7566     2.7183     0.0049  0.1835647      0.922    23.1017    23.1024     6.6385     5.7086 -9.990e-29
       3528      0.931    15.2304    15.2367   2.967186   2.967699     2.7566     2.7183     0.0049  0.1834966      0.922    23.1017    23.1024     6.6386     5.7085 -9.990e-29
       3529      0.930    15.2303    15.2367   2.967180   2.967710     2.7566     2.7183     0.0049  0.1834309      0.921    23.1018    23.1025     6.6387     5.7084 -9.990e-29
       3530      0.930    15.2303    15.2367   2.967171   2.967720     2.7566     2.7184     0.0049  0.1833672      0.921    23.1017    23.1026     6.6388     5.7085 -9.990e-29
       3531      0.929    15.2302    15.2367   2.967160   2.967731     2.7566     2.7184     0.0049  0.1833050      0.920    23.1016    23.1027     6.6389     5.7084 -9.990e-29
       3532      0.929    15.2301    15.2367   2.967145   2.967741     2.7566     2.7184     0.0049  0.1832439      0.920    23.1016    23.1028     6.6390     5.7083 -9.990e-29
       3533      0.928    15.2301    15.2368   2.967128   2.967752     2.7567     2.7185     0.0049  0.1831835      0.919    23.1014    23.1028     6.6394     5.7084 -9.990e-29
       3534      0.927    15.2301    15.2368   2.967110   2.967764     2.7567     2.7185     0.0049  0.1831234      0.918    23.1013    23.1029     6.6395     5.7083 -9.990e-29
       3535      0.926    15.2300    15.2368   2.967093   2.967777     2.7567     2.7185     0.0049  0.1830631      0.917    23.1012    23.1031     6.6396     5.7082 -9.990e-29
       3536      0.925    15.2300    15.2368   2.967076   2.967792     2.7567     2.7185     0.0049  0.1830022      0.916    23.1010    23.1032     6.6397     5.7081 -9.990e-29
       3537      0.924    15.2300    15.2368   2.967059   2.967807     2.7568     2.7185     0.0051  0.1829411      0.915    23.1009    23.1033     6.6400     5.7079 -9.990e-29
       3538      0.923    15.2300    15.2369   2.967043   2.967824     2.7568     2.7185     0.0051  0.1828812      0.914    23.1008    23.1034     6.6401     5.7078 -9.990e-29
       3539      0.922    15.2301    15.2369   2.967029   2.967843     2.7568     2.7185     0.0051  0.1828228      0.913    23.1006    23.1036     6.6402     5.7077 -9.990e-29
       3540      0.922    15.2301    15.2369   2.967018   2.967864     2.7568     2.7185     0.0051  0.1827656      0.913    23.1005    23.1037     6.6402     5.7075 -9.990e-29
       3541      0.921    15.2302    15.2369   2.967009   2.967886     2.7569     2.7185     0.0051  0.1827091      0.912    23.1003    23.1039     6.6405     5.7074 -9.990e-29
       3542      0.920    15.2303    15.2370   2.967000   2.967909     2.7569     2.7185     0.0051  0.1826530      0.911    23.1002    23.1041     6.6405     5.7072 -9.990e-29
       3543      0.919    15.2304    15.2370   2.966990   2.967934     2.7569     2.7185     0.0051  0.1825969      0.910    23.1001    23.1043     6.6405     5.7071 -9.990e-29
       3544      0.918    15.2304    15.2370   2.966977   2.967961     2.7569     2.7185     0.0051  0.1825403      0.909    23.1000    23.1045     6.6405     5.7069 -9.990e-29
       3545      0.917    15.2304    15.2370   2.966960   2.967989     2.7570     2.7185     0.0051  0.1824829      0.908    23.0998    23.1048     6.6407     5.7068 -9.990e-29
       3546      0.916    15.2303    15.2371   2.966941   2.968020     2.7570     2.7185     0.0051  0.1824243      0.907    23.0997    23.1050     6.6406     5.7067 -9.990e-29
       3547      0.916    15.2303    15.2371   2.966919   2.968054     2.7570     2.7185     0.0051  0.1823640      0.907    23.0995    23.1053     6.6406     5.7066 -9.990e-29
       3548      0.915    15.2301    15.2372   2.966895   2.968090     2.7570     2.7186     0.0051  0.1823017      0.906    23.0994    23.1055     6.6405     5.7067 -9.990e-29
       3549      0.914    15.2300    15.2372   2.966871   2.968127     2.7570     2.7186     0.0051  0.1822369      0.905    23.0993    23.1058     6.6404     5.7066 -9.990e-29
       3550      0.914    15.2299    15.2373   2.966848   2.968167     2.7570     2.7186     0.0051  0.1821692      0.905    23.0991    23.1061     6.6403     5.7065 -9.990e-29
       3551      0.913    15.2298    15.2374   2.966829   2.968210     2.7571     2.7186     0.0051  0.1820981      0.904    23.0990    23.1064     6.6405     5.7064 -9.990e-29
       3552      0.913    15.2298    15.2375   2.966815   2.968255     2.7571     2.7185     0.0051  0.1820231      0.904    23.0989    23.1068     6.6404     5.7060 -9.990e-29
       3553      0.912    15.2299    15.2377   2.966810   2.968303     2.7571     2.7185     0.0051  0.1819437      0.903    23.0988    23.1070     6.6402     5.7059 -9.990e-29
       3554      0.912    15.2301    15.2378   2.966812   2.968355     2.7571     2.7185     0.0051  0.1818593      0.903    23.0987    23.1074     6.6400     5.7058 -9.990e-29
       3555      0.912    15.2304    15.2380   2.966822   2.968411     2.7571     2.7185     0.0051  0.1817694      0.903    23.0986    23.1078     6.6398     5.7058 -9.990e-29
       3556      0.912    15.2307    15.2382   2.966839   2.968469     2.7571     2.7185     0.0051  0.1816733      0.903    23.0986    23.1082     6.6396     5.7057 -9.990e-29
       3557      0.911    15.2311    15.2385   2.966860   2.968531     2.7572     2.7185     0.0051  0.1815703      0.902    23.0985    23.1085     6.6396     5.7057 -9.990e-29
       3558      0.911    15.2315    15.2387   2.966884   2.968597     2.7572     2.7184     0.0051  0.1814597      0.902    23.0985    23.1090     6.6393     5.7054 -9.990e-29
       3559      0.911    15.2319    15.2391   2.966909   2.968664     2.7572     2.7184     0.0051  0.1813409      0.902    23.0985    23.1093     6.6391     5.7054 -9.990e-29
       3560      0.910    15.2324    15.2394   2.966935   2.968734     2.7572     2.7184     0.0051  0.1812128      0.901    23.0984    23.1097     6.6388     5.7054 -9.990e-29
       3561      0.909    15.2328    15.2399   2.966963   2.968804     2.7572     2.7184     0.0051  0.1810747      0.901    23.0984    23.1101     6.6385     5.7054 -9.990e-29
       3562      0.909    15.2332    15.2403   2.966995   2.968875     2.7572     2.7184     0.0051  0.1809282      0.901    23.0985    23.1104     6.6382     5.7054 -9.990e-29
       3563      0.908    15.2338    15.2409   2.967032   2.968946     2.7572     2.7183     0.0048  0.1807798      0.900    23.0984    23.1107     6.6378     5.7051 -9.990e-29
       3564      0.907    15.2344    15.2415   2.967075   2.969018     2.7572     2.7183     0.0048  0.1806370      0.899    23.0985    23.1110     6.6375     5.7051 -9.990e-29
       3565      0.907    15.2351    15.2421   2.967124   2.969092     2.7572     2.7183     0.0048  0.1805031      0.899    23.0985    23.1112     6.6371     5.7051 -9.990e-29
       3566      0.906    15.2358    15.2427   2.967178   2.969166     2.7572     2.7183     0.0048  0.1803779      0.898    23.0985    23.1115     6.6368     5.7051 -9.990e-29
       3567      0.905    15.2365    15.2434   2.967236   2.969239     2.7571     2.7183     0.0048  0.1802607      0.897    23.0986    23.1117     6.6362     5.7051 -9.990e-29
       3568      0.904    15.2371    15.2440   2.967296   2.969310     2.7571     2.7183     0.0048  0.1801506      0.896    23.0988    23.1120     6.6358     5.7051 -9.990e-29
       3569      0.903    15.2377    15.2447   2.967354   2.969381     2.7571     2.7183     0.0048  0.1800469      0.895    23.0989    23.1122     6.6355     5.7052 -9.990e-29
       3570      0.902    15.2381    15.2454   2.967411   2.969452     2.7571     2.7183     0.0048  0.1799488      0.894    23.0992    23.1124     6.6352     5.7052 -9.990e-29
       3571      0.901    15.2385    15.2461   2.967466   2.969522     2.7571     2.7183     0.0048  0.1798556      0.893    23.0994    23.1126     6.6349     5.7052 -9.990e-29
       3572      0.900    15.2388    15.2468   2.967521   2.969591     2.7571     2.7183     0.0048  0.1797666      0.892    23.0997    23.1128     6.6346     5.7052 -9.990e-29
       3573      0.900    15.2392    15.2476   2.967577   2.969660     2.7570     2.7183     0.0048  0.1796814      0.892    23.0999    23.1129     6.6340     5.7052 -9.990e-29
       3574      0.899    15.2396    15.2485   2.967634   2.969732     2.7570     2.7183     0.0048  0.1795992      0.891    23.1002    23.1130     6.6338     5.7052 -9.990e-29
       3575      0.898    15.2401    15.2493   2.967692   2.969807     2.7570     2.7183     0.0048  0.1795196      0.890    23.1004    23.1131     6.6335     5.7052 -9.990e-29
       3576      0.898    15.2407    15.2502   2.967752   2.969883     2.7570     2.7183     0.0048  0.1794419      0.890    23.1006    23.1133     6.6332     5.7052 -9.990e-29
       3577      0.897    15.2414    15.2511   2.967816   2.969957     2.7569     2.7183     0.0048  0.1793655      0.889    23.1007    23.1134     6.6327     5.7052 -9.990e-29
       3578      0.897    15.2421    15.2518   2.967884   2.970024     2.7569     2.7184     0.0048  0.1792901      0.889    23.1009    23.1135     6.6324     5.7054 -9.990e-29
       3579      0.897    15.2429    15.2524   2.967955   2.970081     2.7568     2.7184     0.0048  0.1792150      0.889    23.1010    23.1137     6.6319     5.7054 -9.990e-29
       3580      0.896    15.2436    15.2529   2.968028   2.970126     2.7568     2.7184     0.0048  0.1791398      0.888    23.1012    23.1138     6.6317     5.7054 -9.990e-29
       3581      0.896    15.2444    15.2533   2.968101   2.970160     2.7567     2.7184     0.0048  0.1790639      0.888    23.1014    23.1138     6.6312     5.7054 -9.990e-29
       3582      0.895    15.2450    15.2536   2.968171   2.970186     2.7567     2.7185     0.0048  0.1789867      0.887    23.1016    23.1139     6.6310     5.7057 -9.990e-29
       3583      0.895    15.2456    15.2539   2.968239   2.970206     2.7566     2.7185     0.0048  0.1789078      0.887    23.1019    23.1139     6.6306     5.7057 -9.990e-29
       3584      0.894    15.2462    15.2541   2.968302   2.970226     2.7566     2.7185     0.0048  0.1788266      0.886    23.1021    23.1139     6.6305     5.7057 -9.990e-29
       3585      0.893    15.2467    15.2545   2.968362   2.970251     2.7565     2.7186     0.0048  0.1787425      0.885    23.1023    23.1139     6.6301     5.7059 -9.990e-29
       3586      0.893    15.2472    15.2548   2.968419   2.970280     2.7565     2.7186     0.0048  0.1786549      0.885    23.1025    23.1140     6.6301     5.7059 -9.990e-29
       3587      0.892    15.2477    15.2552   2.968473   2.970312     2.7564     2.7186     0.0048  0.1785633      0.884    23.1026    23.1140     6.6298     5.7059 -9.990e-29
       3588      0.891    15.2482    15.2555   2.968525   2.970346     2.7564     2.7187     0.0046  0.1784696      0.883    23.1028    23.1141     6.6298     5.7061 -9.990e-29
       3589      0.891    15.2487    15.2557   2.968575   2.970378     2.7563     2.7187     0.0046  0.1783798      0.883    23.1029    23.1143     6.6296     5.7060 -9.990e-29
       3590      0.890    15.2491    15.2558   2.968623   2.970406     2.7563     2.7187     0.0046  0.1782993      0.882    23.1031    23.1145     6.6297     5.7060 -9.990e-29
       3591      0.889    15.2496    15.2559   2.968670   2.970430     2.7562     2.7187     0.0046  0.1782293      0.881    23.1032    23.1146     6.6295     5.7059 -9.990e-29
       3592      0.889    15.2500    15.2560   2.968716   2.970449     2.7562     2.7188     0.0046  0.1781692      0.881    23.1034    23.1147     6.6295     5.7061 -9.990e-29
       3593      0.888    15.2504    15.2560   2.968760   2.970464     2.7561     2.7188     0.0046  0.1781187      0.880    23.1035    23.1148     6.6294     5.7061 -9.990e-29
       3594      0.888    15.2508    15.2561   2.968803   2.970476     2.7561     2.7188     0.0046  0.1780774      0.880    23.1037    23.1149     6.6295     5.7060 -9.990e-29
       3595      0.888    15.2512    15.2562   2.968844   2.970487     2.7561     2.7188     0.0046  0.1780450      0.880    23.1038    23.1149     6.6297     5.7059 -9.990e-29
       3596      0.888    15.2516    15.2564   2.968884   2.970499     2.7560     2.7188     0.0046  0.1780212      0.880    23.1039    23.1149     6.6296     5.7058 -9.990e-29
       3597      0.888    15.2519    15.2566   2.968923   2.970513     2.7560     2.7188     0.0046  0.1780060      0.880    23.1040    23.1149     6.6298     5.7057 -9.990e-29
       3598      0.888    15.2523    15.2568   2.968961   2.970530     2.7560     2.7188     0.0046  0.1779992      0.880    23.1041    23.1149     6.6301     5.7055 -9.990e-29
       3599      0.888    15.2526    15.2570   2.968999   2.970549     2.7560     2.7188     0.0046  0.1780008      0.880    23.1043    23.1150     6.6303     5.7054 -9.990e-29
       3600      0.888    15.2530    15.2572   2.969041   2.970568     2.7560     2.7188     0.0046  0.1780107      0.880    23.1044    23.1150     6.6306     5.7052 -9.990e-29
       3601      0.888    15.2533    15.2574   2.969084   2.970587     2.7559     2.7188     0.0046  0.1780290      0.880    23.1046    23.1151     6.6306     5.7051 -9.990e-29
       3602      0.888    15.2537    15.2576   2.969129   2.970606     2.7559     2.7188     0.0046  0.1780560      0.880    23.1047    23.1151     6.6309     5.7049 -9.990e-29
       3603      0.888    15.2540    15.2577   2.969173   2.970624     2.7559     2.7188     0.0046  0.1780916      0.880    23.1050    23.1152     6.6312     5.7048 -9.990e-29
       3604      0.887    15.2544    15.2579   2.969217   2.970643     2.7559     2.7188     0.0046  0.1781363      0.879    23.1051    23.1153     6.6315     5.7046 -9.990e-29
       3605      0.887    15.2547    15.2580   2.969260   2.970661     2.7559     2.7188     0.0046  0.1781903      0.879    23.1053    23.1154     6.6318     5.7044 -9.990e-29
       3606      0.887    15.2551    15.2582   2.969303   2.970678     2.7559     2.7188     0.0046  0.1782540      0.879    23.1054    23.1154     6.6320     5.7043 -9.990e-29
       3607      0.887    15.2554    15.2583   2.969345   2.970694     2.7559     2.7188     0.0046  0.1783279      0.879    23.1056    23.1155     6.6323     5.7041 -9.990e-29
       3608      0.887    15.2556    15.2585   2.969383   2.970710     2.7559     2.7188     0.0046  0.1784123      0.879    23.1058    23.1155     6.6326     5.7039 -9.990e-29
       3609      0.886    15.2559    15.2586   2.969419   2.970727     2.7559     2.7188     0.0046  0.1785080      0.878    23.1059    23.1156     6.6329     5.7037 -9.990e-29
       3610      0.886    15.2560    15.2587   2.969451   2.970742     2.7560     2.7188     0.0046  0.1786148      0.878    23.1062    23.1156     6.6334     5.7036 -9.990e-29
       3611      0.885    15.2562    15.2589   2.969477   2.970758     2.7560     2.7188     0.0046  0.1787317      0.877    23.1063    23.1157     6.6337     5.7034 -9.990e-29
       3612      0.885    15.2562    15.2590   2.969499   2.970774     2.7560     2.7188     0.0046  0.1788594      0.877    23.1065    23.1157     6.6340     5.7032 -9.990e-29
       3613      0.885    15.2562    15.2592   2.969515   2.970792     2.7561     2.7188     0.0048  0.1789981      0.877    23.1066    23.1158     6.6345     5.7030 -9.990e-29
       3614      0.885    15.2562    15.2594   2.969526   2.970813     2.7561     2.7188     0.0049  0.1791403      0.877    23.1067    23.1158     6.6347     5.7028 -9.990e-29
       3615      0.886    15.2561    15.2597   2.969533   2.970837     2.7561     2.7188     0.0049  0.1792758      0.878    23.1068    23.1159     6.6350     5.7026 -9.990e-29
