code/data/2021/ctd_data_day1/Station 1 ex 210921.cnv
* Sea-Bird SBE 9 Data File:
* FileName = C:\Users\CTD-User\Desktop\MAR440\Station 1 ex 210921.hex
* Software Version Seasave V 7.26.2.13
* Temperature SN = 6313
* Conductivity SN = 4758
* Number of Bytes Per Scan = 30
* Number of Voltage Words = 4
* Number of Scans Averaged by the Deck Unit = 1
* NMEA baud rate = 4800
** Ship:
** Station:
** Operator:
# nquan = 11
# nvalues = 3592                                  
# units = specified
# name 0 = scan: Scan Count
# name 1 = prDM: Pressure, Digiquartz [db]
# name 2 = t090C: Temperature [ITS-90, deg C]
# name 3 = t190C: Temperature, 2 [ITS-90, deg C]
# name 4 = c0S/m: Conductivity [S/m]
# name 5 = c1S/m: Conductivity, 2 [S/m]
# name 6 = sbeox0V: Oxygen raw, SBE 43 [V]
# name 7 = sbeox1V: Oxygen raw, SBE 43, 2 [V]
# name 8 = flECO-AFL: Fluorescence, WET Labs ECO-AFL/FL [mg/m^3]
# name 9 = upoly0: Upoly 0, Turbidity
# name 10 = flag:  0.000e+00
# span 0 =          1,       3592                 
# span 1 =      0.134,     30.832                 
# span 2 =     7.8918,    16.1993                 
# span 3 =     7.8898,    16.2048                 
# span 4 =   2.884778,   3.776500                 
# span 5 =   2.873868,   3.777576                 
# span 6 =     0.6713,     2.9072                 
# span 7 =     0.7251,     2.8022                 
# span 8 =     0.0035,     0.1207                 
# span 9 =  0.0859548,  0.1714249                 
# span 10 = 0.0000e+00, 0.0000e+00                
# interval = seconds: 0.0416667
# start_time = Sep 21 2021 11:23:14 [System UTC, header]
# bad_flag = -9.990e-29
*END*
          1      1.277    15.0476    15.0223   2.916800   2.896959     2.9072     2.4701     0.0046  0.1626337  0.000e+00
          2      1.187    15.0476    15.0225   2.916229   2.896002     2.9023     2.4689     0.0044  0.1626337  0.000e+00
          3      1.277    15.0475    15.0230   2.915620   2.895174     2.8987     2.4676     0.0044  0.1626337  0.000e+00
          4      1.244    15.0471    15.0233   2.915039   2.894368     2.8950     2.4652     0.0044  0.1631221  0.000e+00
          5      1.211    15.0472    15.0238   2.914199   2.893648     2.8901     2.4640     0.0044  0.1626337  0.000e+00
          6      1.310    15.0472    15.0242   2.913563   2.893059     2.8852     2.4628     0.0044  0.1626337  0.000e+00
          7      1.211    15.0470    15.0240   2.912416   2.892556     2.8816     2.4615     0.0044  0.1626337  0.000e+00
          8      1.244    15.0469    15.0240   2.911544   2.892253     2.8767     2.4591     0.0046  0.1631221  0.000e+00
          9      1.277    15.0467    15.0235   2.910371   2.892026     2.8718     2.4579     0.0044  0.1631221  0.000e+00
         10      1.244    15.0467    15.0213   2.909548   2.891956     2.8681     2.4567     0.0044  0.1631221  0.000e+00
         11      1.277    15.0465    15.0172   2.908402   2.891929     2.8645     2.4554     0.0044  0.1631221  0.000e+00
         12      1.244    15.0467    15.0108   2.907997   2.891902     2.8608     2.4542     0.0044  0.1626337  0.000e+00
         13      1.277    15.0466    15.0032   2.907438   2.891794     2.8559     2.4530     0.0044  0.1626337  0.000e+00
         14      1.244    15.0466    14.9959   2.906977   2.891740     2.8523     2.4518     0.0046  0.1626337  0.000e+00
         15      1.277    15.0467    14.9891   2.906988   2.891691     2.8486     2.4505     0.0044  0.1631221  0.000e+00
         16      1.244    15.0464    14.9833   2.906813   2.891578     2.8437     2.4493     0.0044  0.1631221  0.000e+00
         17      1.277    15.0464    14.9784   2.906966   2.891421     2.8400     2.4481     0.0046  0.1626337  0.000e+00
         18      1.277    15.0462    14.9749   2.907476   2.891215     2.8364     2.4469     0.0044  0.1626337  0.000e+00
         19      1.310    15.0462    14.9714   2.907882   2.891069     2.8339     2.4457     0.0044  0.1626337  0.000e+00
         20      1.277    15.0464    14.9691   2.908890   2.890988     2.8278     2.4444     0.0044  0.1636105  0.000e+00
         21      1.244    15.0461    14.9669   2.909828   2.890875     2.8242     2.4432     0.0042  0.1636105  0.000e+00
         22      1.335    15.0460    14.9649   2.911303   2.890821     2.8205     2.4432     0.0042  0.1640989  0.000e+00
         23      1.244    15.0462    14.9634   2.912318   2.890913     2.8168     2.4408     0.0042  0.1636105  0.000e+00
         24      1.277    15.0457    14.9619   2.913036   2.891113     2.8132     2.4396     0.0042  0.1636105  0.000e+00
         25      1.310    15.0452    14.9602   2.913184   2.891329     2.8095     2.4396     0.0042  0.1636105  0.000e+00
         26      1.277    15.0448    14.9590   2.913365   2.891502     2.8059     2.4383     0.0042  0.1640989  0.000e+00
         27      1.310    15.0440    14.9574   2.913365   2.891708     2.8022     2.4371     0.0042  0.1636105  0.000e+00
         28      1.277    15.0437    14.9566   2.913360   2.891859     2.7985     2.4359     0.0042  0.1636105  0.000e+00
         29      1.310    15.0432    14.9596   2.913579   2.892059     2.7936     2.4347     0.0042  0.1636105  0.000e+00
         30      1.277    15.0431    14.9670   2.913662   2.892356     2.7900     2.4347     0.0042  0.1636105  0.000e+00
         31      1.310    15.0429    14.9759   2.914101   2.892778     2.7863     2.4335     0.0042  0.1636105  0.000e+00
         32      1.277    15.0427    14.9828   2.914325   2.893222     2.7839     2.4322     0.0042  0.1636105  0.000e+00
         33      1.244    15.0419    14.9869   2.914556   2.893703     2.7802     2.4310     0.0042  0.1636105  0.000e+00
         34      1.335    15.0410    14.9928   2.914726   2.894184     2.7766     2.4298     0.0042  0.1636105  0.000e+00
         35      1.244    15.0405    14.9998   2.914841   2.894547     2.7741     2.4298     0.0042  0.1636105  0.000e+00
         36      1.277    15.0398    15.0063   2.914907   2.894990     2.7692     2.4286     0.0042  0.1636105  0.000e+00
         37      1.310    15.0394    15.0111   2.914781   2.895466     2.7656     2.4274     0.0042  0.1636105  0.000e+00
         38      1.277    15.0391    15.0135   2.914874   2.895715     2.7619     2.4261     0.0042  0.1636105  0.000e+00
         39      1.244    15.0385    15.0154   2.914841   2.895883     2.7595     2.4249     0.0042  0.1636105  0.000e+00
         40      1.277    15.0368    15.0187   2.914666   2.895985     2.7558     2.4237     0.0042  0.1636105  0.000e+00
         41      1.310    15.0353    15.0237   2.914666   2.896094     2.7521     2.4225     0.0042  0.1636105  0.000e+00
         42      1.277    15.0337    15.0276   2.914397   2.896137     2.7485     2.4225     0.0042  0.1636105  0.000e+00
         43      1.310    15.0328    15.0311   2.914276   2.896121     2.7460     2.4212     0.0042  0.1640989  0.000e+00
         44      1.211    15.0319    15.0339   2.914188   2.896115     2.7424     2.4200     0.0042  0.1636105  0.000e+00
         45      1.310    15.0316    15.0347   2.913832   2.896061     2.7387     2.4188     0.0042  0.1631221  0.000e+00
         46      1.277    15.0321    15.0345   2.913607   2.895850     2.7350     2.4176     0.0040  0.1616569  0.000e+00
         47      1.277    15.0324    15.0345   2.912899   2.895607     2.7326     2.4164     0.0042  0.1606801  0.000e+00
         48      1.244    15.0331    15.0345   2.912186   2.895260     2.7289     2.4151     0.0042  0.1606801  0.000e+00
         49      1.335    15.0336    15.0343   2.911084   2.894871     2.7265     2.4139     0.0040  0.1611685  0.000e+00
         50      1.244    15.0340    15.0342   2.910058   2.894216     2.7228     2.4139     0.0040  0.1611685  0.000e+00
         51      1.277    15.0341    15.0337   2.908797   2.893481     2.7204     2.4127     0.0040  0.1611685  0.000e+00
         52      1.310    15.0344    15.0340   2.907662   2.892810     2.7167     2.4115     0.0040  0.1611685  0.000e+00
         53      1.277    15.0346    15.0343   2.906314   2.892080     2.7131     2.4103     0.0042  0.1606801  0.000e+00
         54      1.310    15.0348    15.0342   2.905075   2.891388     2.7106     2.4090     0.0042  0.1606801  0.000e+00
         55      1.277    15.0353    15.0342   2.904286   2.890771     2.7070     2.4078     0.0042  0.1611685  0.000e+00
         56      1.310    15.0353    15.0345   2.903311   2.890215     2.7045     2.4078     0.0040  0.1611685  0.000e+00
         57      1.335    15.0354    15.0348   2.902391   2.889739     2.7021     2.4066     0.0040  0.1611685  0.000e+00
         58      1.310    15.0356    15.0350   2.901684   2.889214     2.6984     2.4054     0.0042  0.1611685  0.000e+00
         59      1.277    15.0356    15.0352   2.901082   2.888901     2.6960     2.4042     0.0042  0.1611685  0.000e+00
         60      1.310    15.0356    15.0346   2.900523   2.888614     2.6923     2.4029     0.0040  0.1611685  0.000e+00
         61      1.277    15.0353    15.0298   2.899751   2.888339     2.6899     2.4017     0.0042  0.1606801  0.000e+00
         62      1.367    15.0346    15.0216   2.899072   2.888209     2.6862     2.4005     0.0040  0.1611685  0.000e+00
         63      1.277    15.0336    15.0143   2.898776   2.888150     2.6838     2.3993     0.0040  0.1611685  0.000e+00
         64      1.367    15.0329    15.0103   2.898771   2.888199     2.6813     2.3993     0.0040  0.1611685  0.000e+00
         65      1.334    15.0322    15.0073   2.899346   2.888236     2.6789     2.3968     0.0042  0.1611685  0.000e+00
         66      1.310    15.0314    15.0038   2.900392   2.888388     2.6764     2.3956     0.0040  0.1611685  0.000e+00
         67      1.392    15.0307    14.9994   2.902232   2.888658     2.6728     2.3956     0.0040  0.1606801  0.000e+00
         68      1.367    15.0299    14.9947   2.904933   2.889118     2.6703     2.3944     0.0040  0.1611685  0.000e+00
         69      1.392    15.0294    14.9910   2.908074   2.890139     2.6679     2.3932     0.0040  0.1611685  0.000e+00
         70      1.425    15.0299    14.9872   2.909707   2.891853     2.6642     2.3919     0.0040  0.1611685  0.000e+00
         71      1.392    15.0302    14.9874   2.910349   2.893952     2.6618     2.3919     0.0042  0.1616569  0.000e+00
         72      1.425    15.0299    14.9921   2.910864   2.895769     2.6593     2.3907     0.0046  0.1616569  0.000e+00
         73      1.458    15.0309    14.9996   2.911989   2.897982     2.6569     2.3895     0.0046  0.1621453  0.000e+00
         74      1.458    15.0322    15.0049   2.912817   2.900261     2.6545     2.3883     0.0044  0.1626337  0.000e+00
         75      1.425    15.0335    15.0098   2.913464   2.902275     2.6508     2.3871     0.0046  0.1616569  0.000e+00
         76      1.458    15.0331    15.0164   2.913612   2.904062     2.6483     2.3858     0.0046  0.1621453  0.000e+00
         77      1.549    15.0334    15.0220   2.913662   2.906023     2.6459     2.3846     0.0044  0.1626337  0.000e+00
         78      1.458    15.0346    15.0270   2.913492   2.907827     2.6435     2.3834     0.0044  0.1626337  0.000e+00
         79      1.549    15.0353    15.0306   2.913338   2.909393     2.6410     2.3822     0.0044  0.1626337  0.000e+00
         80      1.582    15.0360    15.0333   2.913420   2.911138     2.6386     2.3810     0.0044  0.1626337  0.000e+00
         81      1.549    15.0362    15.0353   2.913366   2.912770     2.6361     2.3785     0.0044  0.1626337  0.000e+00
         82      1.582    15.0358    15.0365   2.913530   2.913974     2.6337     2.3773     0.0046  0.1621453  0.000e+00
         83      1.615    15.0337    15.0375   2.913420   2.914939     2.6313     2.3773     0.0046  0.1616569  0.000e+00
         84      1.639    15.0302    15.0384   2.913250   2.915661     2.6288     2.3748     0.0044  0.1626337  0.000e+00
         85      1.615    15.0274    15.0401   2.913069   2.916187     2.6264     2.3736     0.0044  0.1626337  0.000e+00
         86      1.639    15.0268    15.0404   2.912543   2.916426     2.6239     2.3724     0.0044  0.1626337  0.000e+00
         87      1.672    15.0274    15.0409   2.911967   2.916697     2.6215     2.3712     0.0046  0.1621453  0.000e+00
         88      1.639    15.0275    15.0409   2.911013   2.916789     2.6190     2.3700     0.0046  0.1621453  0.000e+00
         89      1.730    15.0274    15.0407   2.910168   2.916632     2.6166     2.3687     0.0044  0.1626337  0.000e+00
         90      1.697    15.0263    15.0406   2.909143   2.916333     2.6142     2.3675     0.0044  0.1626337  0.000e+00
         91      1.730    15.0251    15.0404   2.907986   2.915666     2.6117     2.3663     0.0046  0.1616569  0.000e+00
         92      1.763    15.0226    15.0386   2.906966   2.914647     2.6105     2.3651     0.0046  0.1616569  0.000e+00
         93      1.796    15.0189    15.0362   2.905739   2.913611     2.6081     2.3639     0.0046  0.1616569  0.000e+00
         94      1.763    15.0164    15.0330   2.904736   2.912353     2.6056     2.3626     0.0044  0.1626337  0.000e+00
         95      1.821    15.0144    15.0300   2.903936   2.911003     2.6032     2.3614     0.0044  0.1626337  0.000e+00
         96      1.796    15.0128    15.0274   2.902933   2.909523     2.6007     2.3602     0.0044  0.1626337  0.000e+00
         97      1.821    15.0115    15.0255   2.901909   2.908141     2.5995     2.3590     0.0046  0.1626337  0.000e+00
         98      1.854    15.0105    15.0237   2.901334   2.906857     2.5971     2.3578     0.0046  0.1631221  0.000e+00
         99      1.886    15.0097    15.0225   2.900929   2.905795     2.5946     2.3565     0.0046  0.1631221  0.000e+00
        100      1.854    15.0093    15.0215   2.900534   2.904837     2.5922     2.3565     0.0046  0.1631221  0.000e+00
        101      1.944    15.0089    15.0208   2.900052   2.903862     2.5897     2.3541     0.0046  0.1626337  0.000e+00
        102      1.853    15.0085    15.0198   2.899477   2.902892     2.5873     2.3541     0.0046  0.1626337  0.000e+00
        103      2.010    15.0083    15.0191   2.899160   2.902031     2.5861     2.3541     0.0046  0.1631221  0.000e+00
        104      1.919    15.0082    15.0182   2.898963   2.901127     2.5836     2.3529     0.0046  0.1626337  0.000e+00
        105      1.944    15.0079    15.0181   2.898716   2.900418     2.5824     2.3516     0.0046  0.1631221  0.000e+00
        106      1.977    15.0080    15.0176   2.898579   2.899850     2.5800     2.3516     0.0046  0.1626337  0.000e+00
        107      2.068    15.0078    15.0174   2.898607   2.899390     2.5788     2.3492     0.0046  0.1631221  0.000e+00
        108      1.977    15.0075    15.0167   2.898295   2.898951     2.5763     2.3492     0.0046  0.1626337  0.000e+00
        109      2.068    15.0076    15.0157   2.898043   2.898583     2.5739     2.3492     0.0046  0.1626337  0.000e+00
        110      2.043    15.0085    15.0154   2.897917   2.898350     2.5726     2.3480     0.0046  0.1631221  0.000e+00
        111      2.068    15.0101    15.0148   2.897846   2.897961     2.5702     2.3468     0.0046  0.1631221  0.000e+00
        112      2.125    15.0110    15.0145   2.897791   2.897685     2.5678     2.3468     0.0046  0.1631221  0.000e+00
        113      2.101    15.0116    15.0142   2.897862   2.897485     2.5665     2.3455     0.0046  0.1626337  0.000e+00
        114      2.068    15.0118    15.0142   2.897824   2.897236     2.5641     2.3455     0.0046  0.1626337  0.000e+00
        115      2.158    15.0120    15.0143   2.897988   2.897127     2.5629     2.3443     0.0046  0.1631221  0.000e+00
        116      2.125    15.0118    15.0147   2.898054   2.897019     2.5617     2.3431     0.0046  0.1631221  0.000e+00
        117      2.158    15.0120    15.0150   2.898152   2.896922     2.5592     2.3419     0.0046  0.1631221  0.000e+00
        118      2.191    15.0119    15.0152   2.898289   2.896857     2.5568     2.3419     0.0046  0.1631221  0.000e+00
        119      2.224    15.0120    15.0146   2.898585   2.896889     2.5543     2.3407     0.0046  0.1626337  0.000e+00
        120      2.249    15.0123    15.0140   2.899061   2.896981     2.5531     2.3394     0.0046  0.1631221  0.000e+00
        121      2.224    15.0131    15.0130   2.899861   2.897230     2.5519     2.3394     0.0046  0.1631221  0.000e+00
        122      2.249    15.0134    15.0127   2.900562   2.897468     2.5494     2.3382     0.0046  0.1626337  0.000e+00
        123      2.282    15.0138    15.0119   2.901016   2.897788     2.5482     2.3370     0.0046  0.1626337  0.000e+00
        124      2.315    15.0140    15.0118   2.901241   2.897912     2.5458     2.3370     0.0046  0.1631221  0.000e+00
        125      2.224    15.0142    15.0120   2.901203   2.897928     2.5433     2.3358     0.0046  0.1631221  0.000e+00
        126      2.373    15.0142    15.0118   2.901071   2.897831     2.5421     2.3346     0.0046  0.1626337  0.000e+00
        127      2.315    15.0146    15.0116   2.900573   2.897587     2.5409     2.3346     0.0046  0.1631221  0.000e+00
        128      2.348    15.0154    15.0115   2.899822   2.897339     2.5397     2.3333     0.0046  0.1631221  0.000e+00
        129      2.430    15.0157    15.0121   2.899028   2.896954     2.5360     2.3333     0.0046  0.1626337  0.000e+00
        130      2.348    15.0162    15.0131   2.898224   2.896684     2.5336     2.3321     0.0046  0.1631221  0.000e+00
        131      2.430    15.0167    15.0149   2.897714   2.896402     2.5311     2.3309     0.0046  0.1626337  0.000e+00
