code/data/2021/ctd_data_day1/Station 3ex 210921_ctm_fil_le_der.cnv
* Sea-Bird SBE 9 Data File:
* FileName = C:\Users\CTD-User\Desktop\MAR440\Station 3ex 210921.hex
* Software Version Seasave V 7.26.2.13
* Temperature SN = 6313
* Conductivity SN = 4758
* Number of Bytes Per Scan = 30
* Number of Voltage Words = 4
* Number of Scans Averaged by the Deck Unit = 1
* NMEA baud rate = 4800
** Ship:
** Station:
** Operator:
# nquan = 16                                
# nvalues = 3026                        
# units = specified
# name 0 = scan: Scan Count
# name 1 = prDM: Pressure, Digiquartz [db]
# name 2 = t090C: Temperature [ITS-90, deg C]
# name 3 = t190C: Temperature, 2 [ITS-90, deg C]
# name 4 = c0S/m: Conductivity [S/m]
# name 5 = c1S/m: Conductivity, 2 [S/m]
# name 6 = sbeox0V: Oxygen raw, SBE 43 [V]
# name 7 = sbeox1V: Oxygen raw, SBE 43, 2 [V]
# name 8 = flECO-AFL: Fluorescence, WET Labs ECO-AFL/FL [mg/m^3]
# name 9 = upoly0: Upoly 0, Turbidity
# name 10 = depSM: Depth [salt water, m], lat = 59
# name 11 = sal00: Salinity, Practical [PSU]
# name 12 = sal11: Salinity, Practical, 2 [PSU]
# name 13 = sbeox0ML/L: Oxygen, SBE 43 [ml/l], WS = 2
# name 14 = sbeox1ML/L: Oxygen, SBE 43, 2 [ml/l], WS = 2
# name 15 = flag: flag
# span 0 =          1,       3026       
# span 1 =      0.466,     13.163       
# span 2 =    11.9571,    16.1072       
# span 3 =    11.9277,    16.1128       
# span 4 =  -0.000326,   3.412927       
# span 5 =   0.069778,   3.409325       
# span 6 =     1.3716,     3.2558       
# span 7 =     1.4146,     3.0932       
# span 8 =     0.0035,     0.0441       
# span 9 =  0.0805703,  0.1871152       
# span 10 =      0.462,     13.040      
# span 11 =     0.0000,    28.5809      
# span 12 =     0.0000,    28.3991      
# span 13 =     2.3370,     8.9775      
# span 14 =     2.2332,     7.4541      
# span 15 = 0.0000e+00, 0.0000e+00      
# interval = seconds: 0.0416667
# start_time = Sep 21 2021 12:03:19 [System UTC, header]
# bad_flag = -9.990e-29
*END*
[from data line 1718]
       1719      2.740    15.0938    14.7559   2.877781   2.871083     2.1473     2.2116     0.0048  0.1766833      2.714    22.4135    22.5496     4.8102     4.3579 -9.990e-29
       1720      2.718    15.0836    14.7377   2.877819   2.871030     2.1469     2.2106     0.0048  0.1770179      2.693    22.4196    22.5597     4.8104     4.3582 -9.990e-29
       1721      2.697    15.0737    14.7199   2.877858   2.870980     2.1464     2.2095     0.0048  0.1773337      2.672    22.4256    22.5695     4.8104     4.3582 -9.990e-29
       1722      2.675    15.0640    14.7024   2.877896   2.870933     2.1460     2.2085     0.0048  0.1776328      2.650    22.4315    22.5793     4.8106     4.3583 -9.990e-29
       1723      2.653    15.0543    14.6853   2.877935   2.870889     2.1455     2.2075     0.0048  0.1779173      2.628    22.4374    22.5888     4.8106     4.3584 -9.990e-29
       1724      2.632    15.0447    14.6685   2.877973   2.870848     2.1451     2.2065     0.0048  0.1781893      2.607    22.4432    22.5981     4.8110     4.3584 -9.990e-29
       1725      2.610    15.0351    14.6519   2.878011   2.870809     2.1446     2.2055     0.0048  0.1784505      2.586    22.4490    22.6074     4.8111     4.3583 -9.990e-29
       1726      2.589    15.0254    14.6351   2.878048   2.870770     2.1442     2.2045     0.0048  0.1787029      2.565    22.4549    22.6168     4.8116     4.3582 -9.990e-29
       1727      2.567    15.0156    14.6181   2.878085   2.870732     2.1438     2.2036     0.0048  0.1789482      2.543    22.4608    22.6264     4.8122     4.3583 -9.990e-29
       1728      2.545    15.0057    14.6008   2.878121   2.870693     2.1434     2.2026     0.0048  0.1791880      2.521    22.4668    22.6361     4.8127     4.3580 -9.990e-29
       1729      2.524    14.9957    14.5834   2.878155   2.870655     2.1430     2.2017     0.0048  0.1794240      2.500    22.4728    22.6459     4.8134     4.3580 -9.990e-29
       1730      2.502    14.9855    14.5660   2.878188   2.870616     2.1426     2.2007     0.0048  0.1796580      2.479    22.4790    22.6556     4.8140     4.3576 -9.990e-29
       1731      2.481    14.9752    14.5486   2.878220   2.870578     2.1422     2.1998     0.0048  0.1798914      2.458    22.4851    22.6654     4.8148     4.3575 -9.990e-29
       1732      2.459    14.9647    14.5315   2.878251   2.870540     2.1418     2.1989     0.0048  0.1801260      2.436    22.4914    22.6751     4.8156     4.3572 -9.990e-29
       1733      2.438    14.9542    14.5147   2.878281   2.870503     2.1414     2.1980     0.0048  0.1803634      2.415    22.4977    22.6845     4.8165     4.3568 -9.990e-29
       1734      2.416    14.9435    14.4984   2.878309   2.870468     2.1411     2.1971     0.0046  0.1806052      2.393    22.5041    22.6937     4.8177     4.3563 -9.990e-29
       1735      2.395    14.9329    14.4826   2.878337   2.870434     2.1407     2.1962     0.0048  0.1808531      2.373    22.5104    22.7027     4.8187     4.3558 -9.990e-29
       1736      2.373    14.9224    14.4676   2.878365   2.870402     2.1404     2.1953     0.0048  0.1811088      2.351    22.5167    22.7111     4.8200     4.3551 -9.990e-29
       1737      2.352    14.9122    14.4532   2.878393   2.870372     2.1401     2.1944     0.0048  0.1813742      2.330    22.5228    22.7193     4.8213     4.3543 -9.990e-29
       1738      2.330    14.9023    14.4395   2.878421   2.870344     2.1397     2.1935     0.0048  0.1816509      2.308    22.5288    22.7271     4.8224     4.3533 -9.990e-29
       1739      2.309    14.8928    14.4265   2.878451   2.870317     2.1394     2.1926     0.0048  0.1819411      2.287    22.5345    22.7344     4.8237     4.3523 -9.990e-29
       1740      2.287    14.8837    14.4143   2.878481   2.870293     2.1391     2.1918     0.0048  0.1822467      2.266    22.5400    22.7414     4.8250     4.3514 -9.990e-29
       1741      2.266    14.8750    14.4026   2.878512   2.870270     2.1389     2.1909     0.0048  0.1825647      2.245    22.5453    22.7480     4.8267     4.3502 -9.990e-29
       1742      2.244    14.8666    14.3916   2.878543   2.870248     2.1386     2.1900     0.0046  0.1828803      2.223    22.5504    22.7543     4.8280     4.3488 -9.990e-29
       1743      2.223    14.8585    14.3812   2.878576   2.870228     2.1383     2.1891     0.0048  0.1831754      2.202    22.5553    22.7602     4.8294     4.3474 -9.990e-29
       1744      2.202    14.8506    14.3713   2.878609   2.870210     2.1381     2.1882     0.0048  0.1834418      2.181    22.5602    22.7658     4.8310     4.3458 -9.990e-29
       1745      2.180    14.8429    14.3619   2.878642   2.870194     2.1379     2.1873     0.0048  0.1836798      2.160    22.5649    22.7712     4.8326     4.3442 -9.990e-29
       1746      2.159    14.8354    14.3530   2.878675   2.870179     2.1376     2.1864     0.0048  0.1838908      2.139    22.5695    22.7763     4.8340     4.3425 -9.990e-29
       1747      2.138    14.8284    14.3446   2.878709   2.870167     2.1374     2.1855     0.0046  0.1840773      2.118    22.5739    22.7811     4.8357     4.3408 -9.990e-29
       1748      2.116    14.8219    14.3367   2.878743   2.870157     2.1373     2.1846     0.0048  0.1842414      2.096    22.5779    22.7857     4.8376     4.3389 -9.990e-29
       1749      2.095    14.8159    14.3293   2.878780   2.870150     2.1371     2.1837     0.0048  0.1843833      2.075    22.5817    22.7900     4.8392     4.3370 -9.990e-29
       1750      2.073    14.8107    14.3224   2.878819   2.870146     2.1369     2.1828     0.0048  0.1845042      2.054    22.5851    22.7940     4.8407     4.3350 -9.990e-29
       1751      2.052    14.8060    14.3161   2.878859   2.870144     2.1368     2.1819     0.0048  0.1846056      2.033    22.5881    22.7977     4.8426     4.3330 -9.990e-29
       1752      2.031    14.8019    14.3103   2.878900   2.870145     2.1366     2.1810     0.0048  0.1846882      2.012    22.5908    22.8011     4.8440     4.3309 -9.990e-29
       1753      2.009    14.7982    14.3051   2.878944   2.870150     2.1365     2.1801     0.0048  0.1847528      1.990    22.5934    22.8042     4.8458     4.3287 -9.990e-29
       1754      1.988    14.7949    14.3005   2.878989   2.870157     2.1364     2.1792     0.0046  0.1847987      1.969    22.5957    22.8070     4.8475     4.3265 -9.990e-29
       1755      1.967    14.7917    14.2963   2.879035   2.870168     2.1363     2.1783     0.0048  0.1848256      1.949    22.5979    22.8095     4.8493     4.3242 -9.990e-29
       1756      1.946    14.7889    14.2928   2.879082   2.870181     2.1362     2.1773     0.0048  0.1848336      1.928    22.6000    22.8117     4.8510     4.3216 -9.990e-29
       1757      1.924    14.7862    14.2897   2.879130   2.870198     2.1362     2.1764     0.0048  0.1848236      1.906    22.6019    22.8137     4.8529     4.3192 -9.990e-29
       1758      1.903    14.7838    14.2872   2.879179   2.870219     2.1361     2.1755     0.0048  0.1847964      1.885    22.6038    22.8154     4.8546     4.3167 -9.990e-29
       1759      1.882    14.7817    14.2853   2.879229   2.870242     2.1361     2.1746     0.0048  0.1847509      1.864    22.6054    22.8167     4.8566     4.3143 -9.990e-29
       1760      1.861    14.7802    14.2839   2.879281   2.870269     2.1361     2.1736     0.0048  0.1846860      1.844    22.6067    22.8178     4.8585     4.3115 -9.990e-29
       1761      1.840    14.7792    14.2832   2.879335   2.870300     2.1361     2.1727     0.0048  0.1846013      1.823    22.6078    22.8184     4.8603     4.3089 -9.990e-29
       1762      1.819    14.7788    14.2830   2.879391   2.870335     2.1361     2.1718     0.0048  0.1844961      1.802    22.6085    22.8189     4.8622     4.3063 -9.990e-29
       1763      1.798    14.7789    14.2835   2.879450   2.870372     2.1361     2.1708     0.0048  0.1843697      1.781    22.6090    22.8189     4.8639     4.3033 -9.990e-29
       1764      1.778    14.7794    14.2845   2.879511   2.870414     2.1361     2.1699     0.0048  0.1842212      1.761    22.6092    22.8187     4.8656     4.3006 -9.990e-29
       1765      1.757    14.7801    14.2862   2.879573   2.870459     2.1361     2.1689     0.0048  0.1840496      1.741    22.6093    22.8181     4.8673     4.2976 -9.990e-29
       1766      1.736    14.7809    14.2886   2.879635   2.870507     2.1362     2.1680     0.0048  0.1838546      1.720    22.6094    22.8171     4.8693     4.2948 -9.990e-29
       1767      1.716    14.7817    14.2916   2.879698   2.870558     2.1363     2.1670     0.0048  0.1836433      1.700    22.6095    22.8158     4.8713     4.2917 -9.990e-29
       1768      1.695    14.7824    14.2952   2.879760   2.870613     2.1363     2.1661     0.0048  0.1834329      1.679    22.6096    22.8142     4.8729     4.2889 -9.990e-29
       1769      1.675    14.7829    14.2996   2.879823   2.870671     2.1364     2.1651     0.0048  0.1832372      1.659    22.6099    22.8121     4.8749     4.2857 -9.990e-29
       1770      1.654    14.7833    14.3047   2.879884   2.870731     2.1365     2.1641     0.0048  0.1830591      1.639    22.6102    22.8096     4.8769     4.2825 -9.990e-29
       1771      1.634    14.7835    14.3105   2.879946   2.870796     2.1367     2.1632     0.0048  0.1828974      1.619    22.6106    22.8068     4.8792     4.2795 -9.990e-29
       1772      1.613    14.7834    14.3171   2.880006   2.870864     2.1368     2.1622     0.0048  0.1827510      1.598    22.6112    22.8035     4.8812     4.2762 -9.990e-29
       1773      1.593    14.7829    14.3246   2.880065   2.870936     2.1370     2.1612     0.0048  0.1826188      1.578    22.6120    22.7997     4.8835     4.2729 -9.990e-29
       1774      1.573    14.7821    14.3330   2.880122   2.871011     2.1371     2.1603     0.0048  0.1824999      1.558    22.6130    22.7955     4.8855     4.2697 -9.990e-29
       1775      1.553    14.7809    14.3423   2.880178   2.871091     2.1373     2.1593     0.0048  0.1823935      1.538    22.6142    22.7907     4.8879     4.2663 -9.990e-29
       1776      1.533    14.7793    14.3526   2.880231   2.871175     2.1375     2.1583     0.0048  0.1822989      1.519    22.6155    22.7854     4.8902     4.2628 -9.990e-29
       1777      1.514    14.7774    14.3639   2.880284   2.871263     2.1376     2.1573     0.0048  0.1822153      1.500    22.6171    22.7796     4.8923     4.2592 -9.990e-29
       1778      1.494    14.7754    14.3761   2.880336   2.871354     2.1378     2.1564     0.0048  0.1821423      1.480    22.6187    22.7732     4.8947     4.2559 -9.990e-29
       1779      1.474    14.7732    14.3888   2.880387   2.871448     2.1381     2.1554     0.0048  0.1820793      1.460    22.6204    22.7666     4.8974     4.2523 -9.990e-29
       1780      1.455    14.7710    14.4018   2.880440   2.871543     2.1383     2.1544     0.0048  0.1820258      1.441    22.6222    22.7598     4.8997     4.2487 -9.990e-29
       1781      1.435    14.7686    14.4145   2.880493   2.871637     2.1385     2.1534     0.0048  0.1819815      1.422    22.6240    22.7532     4.9020     4.2452 -9.990e-29
       1782      1.416    14.7660    14.4265   2.880545   2.871728     2.1388     2.1524     0.0048  0.1819461      1.403    22.6260    22.7470     4.9047     4.2417 -9.990e-29
       1783      1.396    14.7632    14.4375   2.880597   2.871815     2.1391     2.1515     0.0048  0.1819194      1.383    22.6281    22.7413     4.9074     4.2385 -9.990e-29
       1784      1.377    14.7602    14.4474   2.880647   2.871897     2.1394     2.1505     0.0048  0.1819011      1.364    22.6302    22.7362     4.9100     4.2353 -9.990e-29
       1785      1.358    14.7571    14.4558   2.880697   2.871974     2.1396     2.1495     0.0048  0.1818911      1.345    22.6325    22.7320     4.9124     4.2321 -9.990e-29
       1786      1.339    14.7539    14.4628   2.880746   2.872045     2.1400     2.1485     0.0048  0.1818894      1.326    22.6348    22.7285     4.9154     4.2290 -9.990e-29
       1787      1.320    14.7505    14.4684   2.880792   2.872110     2.1403     2.1475     0.0048  0.1818959      1.308    22.6371    22.7258     4.9181     4.2261 -9.990e-29
       1788      1.301    14.7470    14.4726   2.880837   2.872169     2.1406     2.1465     0.0048  0.1819107      1.289    22.6396    22.7239     4.9207     4.2233 -9.990e-29
       1789      1.283    14.7432    14.4755   2.880878   2.872222     2.1409     2.1455     0.0048  0.1819339      1.271    22.6421    22.7227     4.9234     4.2207 -9.990e-29
       1790      1.264    14.7393    14.4771   2.880917   2.872270     2.1413     2.1445     0.0048  0.1819656      1.252    22.6447    22.7222     4.9263     4.2182 -9.990e-29
       1791      1.246    14.7352    14.4777   2.880953   2.872314     2.1417     2.1435     0.0048  0.1820061      1.234    22.6474    22.7222     4.9292     4.2157 -9.990e-29
       1792      1.228    14.7311    14.4775   2.880987   2.872355     2.1420     2.1426     0.0046  0.1820549      1.217    22.6501    22.7227     4.9319     4.2137 -9.990e-29
       1793      1.211    14.7272    14.4766   2.881021   2.872394     2.1424     2.1416     0.0046  0.1821087      1.200    22.6526    22.7236     4.9347     4.2115 -9.990e-29
       1794      1.193    14.7238    14.4752   2.881054   2.872431     2.1428     2.1406     0.0046  0.1821630      1.182    22.6549    22.7247     4.9375     4.2093 -9.990e-29
       1795      1.177    14.7208    14.4734   2.881087   2.872468     2.1432     2.1396     0.0046  0.1822147      1.166    22.6569    22.7261     4.9403     4.2072 -9.990e-29
       1796      1.160    14.7185    14.4713   2.881121   2.872506     2.1436     2.1386     0.0046  0.1822633      1.149    22.6586    22.7276     4.9430     4.2052 -9.990e-29
       1797      1.144    14.7169    14.4691   2.881155   2.872546     2.1440     2.1376     0.0046  0.1823092      1.133    22.6598    22.7293     4.9456     4.2033 -9.990e-29
       1798      1.128    14.7162    14.4668   2.881190   2.872590     2.1444     2.1367     0.0046  0.1823527      1.117    22.6605    22.7310     4.9482     4.2017 -9.990e-29
       1799      1.113    14.7162    14.4646   2.881226   2.872638     2.1448     2.1357     0.0046  0.1823940      1.103    22.6608    22.7327     4.9506     4.1999 -9.990e-29
       1800      1.098    14.7169    14.4626   2.881262   2.872691     2.1453     2.1347     0.0046  0.1824335      1.088    22.6607    22.7344     4.9533     4.1981 -9.990e-29
       1801      1.083    14.7179    14.4612   2.881297   2.872749     2.1457     2.1338     0.0046  0.1824714      1.073    22.6605    22.7357     4.9556     4.1966 -9.990e-29
       1802      1.069    14.7193    14.4602   2.881331   2.872813     2.1462     2.1328     0.0046  0.1825088      1.059    22.6600    22.7368     4.9582     4.1949 -9.990e-29
       1803      1.056    14.7208    14.4600   2.881362   2.872882     2.1467     2.1319     0.0046  0.1825470      1.046    22.6594    22.7375     4.9607     4.1935 -9.990e-29
       1804      1.043    14.7226    14.4607   2.881391   2.872957     2.1471     2.1309     0.0046  0.1825852      1.033    22.6586    22.7378     4.9630     4.1919 -9.990e-29
       1805      1.031    14.7246    14.4624   2.881420   2.873037     2.1476     2.1300     0.0046  0.1826229      1.021    22.6577    22.7375     4.9655     4.1905 -9.990e-29
       1806      1.019    14.7270    14.4653   2.881448   2.873123     2.1481     2.1291     0.0046  0.1826603      1.009    22.6565    22.7366     4.9679     4.1891 -9.990e-29
       1807      1.008    14.7301    14.4697   2.881478   2.873217     2.1486     2.1281     0.0046  0.1826978      0.999    22.6550    22.7348     4.9702     4.1874 -9.990e-29
