code/data/2021/ctd_data_day1/Station 4 210921_ctm_fil_le_der.cnv
* Sea-Bird SBE 9 Data File:
* FileName = C:\Users\CTD-User\Desktop\MAR440\Station 4 210921.hex
* Software Version Seasave V 7.26.2.13
* Temperature SN = 6313
* Conductivity SN = 4758
* Number of Bytes Per Scan = 30
* Number of Voltage Words = 4
* Number of Scans Averaged by the Deck Unit = 1
* NMEA baud rate = 4800
** Ship:
** Station:
** Operator:
# nquan = 16                                
# nvalues = 963                         
# units = specified
# name 0 = scan: Scan Count
# name 1 = prDM: Pressure, Digiquartz [db]
# name 2 = t090C: Temperature [ITS-90, deg C]
# name 3 = t190C: Temperature, 2 [ITS-90, deg C]
# name 4 = c0S/m: Conductivity [S/m]
# name 5 = c1S/m: Conductivity, 2 [S/m]
# name 6 = sbeox0V: Oxygen raw, SBE 43 [V]
# name 7 = sbeox1V: Oxygen raw, SBE 43, 2 [V]
# name 8 = flECO-AFL: Fluorescence, WET Labs ECO-AFL/FL [mg/m^3]
# name 9 = upoly0: Upoly 0, Turbidity
# name 10 = depSM: Depth [salt water, m], lat = 59
# name 11 = sal00: Salinity, Practical [PSU]
# name 12 = sal11: Salinity, Practical, 2 [PSU]
# name 13 = sbeox0ML/L: Oxygen, SBE 43 [ml/l], WS = 2
# name 14 = sbeox1ML/L: Oxygen, SBE 43, 2 [ml/l], WS = 2
# name 15 = flag: flag
# span 0 =          1,        963       
# span 1 =      0.567,     10.540       
# span 2 =    11.6500,    15.2378       
# span 3 =    11.6440,    15.0610       
# span 4 =  -0.000120,   2.791269       
# span 5 =   0.026556,   2.797579       
# span 6 =     2.2470,     3.1434       
# span 7 =     2.1801,     2.9063       
# span 8 =     0.0033,     0.0317       
# span 9 =  0.0811493,  0.2341219       
# span 10 =      0.562,     10.441      
# span 11 =     0.0000,    22.2305      
# span 12 =     0.0000,    22.2872      
# span 13 =     5.1781,     8.9581      
# span 14 =     4.4118,     7.5596      
# span 15 = 0.0000e+00, 0.0000e+00      
# interval = seconds: 0.0416667
# start_time = Sep 21 2021 09:52:02 [System UTC, header]
# bad_flag = -9.990e-29
*END*
[from data line 362]
        363      1.666    14.1012    13.9869   2.785682   2.784181     2.8941     2.4647     0.0059  0.2321152      1.650    22.1833    22.2358     6.6005     4.9867 -9.990e-29
        364      1.666    14.1012    13.9889   2.785620   2.784151     2.8895     2.4626     0.0059  0.2319669      1.650    22.1827    22.2343     6.5908     4.9814 -9.990e-29
        365      1.667    14.1011    13.9911   2.785558   2.784122     2.8849     2.4606     0.0059  0.2318236      1.651    22.1822    22.2328     6.5812     4.9763 -9.990e-29
        366      1.667    14.1011    13.9935   2.785495   2.784095     2.8804     2.4585     0.0059  0.2316842      1.651    22.1817    22.2312     6.5721     4.9710 -9.990e-29
        367      1.667    14.1011    13.9961   2.785431   2.784070     2.8759     2.4565     0.0059  0.2315478      1.651    22.1811    22.2295     6.5631     4.9660 -9.990e-29
        368      1.667    14.1011    13.9990   2.785365   2.784046     2.8714     2.4544     0.0059  0.2314126      1.651    22.1805    22.2276     6.5541     4.9606 -9.990e-29
        369      1.667    14.1011    14.0019   2.785298   2.784023     2.8670     2.4524     0.0059  0.2312769      1.651    22.1800    22.2257     6.5456     4.9555 -9.990e-29
        370      1.667    14.1012    14.0050   2.785229   2.784000     2.8627     2.4504     0.0059  0.2311395      1.651    22.1793    22.2238     6.5374     4.9504 -9.990e-29
        371      1.668    14.1012    14.0082   2.785158   2.783976     2.8583     2.4483     0.0059  0.2309997      1.652    22.1787    22.2217     6.5289     4.9451 -9.990e-29
        372      1.668    14.1012    14.0113   2.785086   2.783953     2.8540     2.4463     0.0059  0.2308564      1.652    22.1780    22.2197     6.5208     4.9400 -9.990e-29
        373      1.668    14.1012    14.0145   2.785011   2.783928     2.8498     2.4442     0.0059  0.2307087      1.652    22.1774    22.2177     6.5131     4.9347 -9.990e-29
        374      1.668    14.1012    14.0176   2.784934   2.783902     2.8456     2.4422     0.0059  0.2305555      1.652    22.1767    22.2156     6.5054     4.9297 -9.990e-29
        375      1.668    14.1013    14.0206   2.784854   2.783874     2.8414     2.4402     0.0059  0.2303957      1.652    22.1759    22.2137     6.4977     4.9247 -9.990e-29
        376      1.668    14.1013    14.0236   2.784772   2.783844     2.8372     2.4382     0.0059  0.2302282      1.652    22.1752    22.2117     6.4900     4.9198 -9.990e-29
        377      1.668    14.1013    14.0265   2.784688   2.783812     2.8331     2.4362     0.0059  0.2300519      1.652    22.1745    22.2097     6.4826     4.9148 -9.990e-29
        378      1.668    14.1013    14.0292   2.784601   2.783778     2.8291     2.4342     0.0059  0.2298655      1.652    22.1737    22.2079     6.4755     4.9099 -9.990e-29
        379      1.668    14.1014    14.0319   2.784511   2.783741     2.8251     2.4321     0.0059  0.2296678      1.652    22.1729    22.2060     6.4684     4.9048 -9.990e-29
        380      1.668    14.1014    14.0344   2.784419   2.783702     2.8211     2.4301     0.0059  0.2294574      1.652    22.1721    22.2042     6.4613     4.8999 -9.990e-29
        381      1.668    14.1014    14.0369   2.784324   2.783661     2.8171     2.4281     0.0059  0.2292327      1.652    22.1712    22.2024     6.4541     4.8951 -9.990e-29
        382      1.668    14.1015    14.0392   2.784227   2.783617     2.8132     2.4261     0.0059  0.2289982      1.652    22.1703    22.2007     6.4472     4.8904 -9.990e-29
        383      1.668    14.1015    14.0414   2.784128   2.783572     2.8093     2.4241     0.0060  0.2287685      1.652    22.1695    22.1991     6.4403     4.8856 -9.990e-29
        384      1.669    14.1015    14.0435   2.784027   2.783524     2.8055     2.4222     0.0060  0.2285562      1.653    22.1686    22.1974     6.4336     4.8812 -9.990e-29
        385      1.669    14.1015    14.0455   2.783925   2.783474     2.8017     2.4202     0.0060  0.2283643      1.653    22.1677    22.1959     6.4269     4.8765 -9.990e-29
        386      1.669    14.1015    14.0475   2.783821   2.783424     2.7979     2.4182     0.0060  0.2281913      1.653    22.1668    22.1943     6.4201     4.8719 -9.990e-29
        387      1.670    14.1015    14.0493   2.783717   2.783373     2.7942     2.4162     0.0060  0.2280361      1.654    22.1659    22.1928     6.4135     4.8673 -9.990e-29
        388      1.670    14.1016    14.0511   2.783613   2.783322     2.7905     2.4142     0.0060  0.2278976      1.654    22.1649    22.1913     6.4068     4.8627 -9.990e-29
        389      1.670    14.1016    14.0528   2.783508   2.783269     2.7869     2.4123     0.0060  0.2277748      1.654    22.1640    22.1899     6.4004     4.8585 -9.990e-29
        390      1.671    14.1016    14.0545   2.783404   2.783217     2.7833     2.4103     0.0060  0.2276669      1.655    22.1631    22.1884     6.3939     4.8540 -9.990e-29
        391      1.671    14.1016    14.0560   2.783300   2.783164     2.7797     2.4084     0.0060  0.2275731      1.655    22.1622    22.1871     6.3874     4.8498 -9.990e-29
        392      1.672    14.1016    14.0575   2.783198   2.783111     2.7761     2.4065     0.0060  0.2274928      1.656    22.1613    22.1858     6.3807     4.8456 -9.990e-29
        393      1.672    14.1016    14.0589   2.783097   2.783057     2.7726     2.4045     0.0060  0.2274254      1.656    22.1604    22.1845     6.3742     4.8412 -9.990e-29
        394      1.673    14.1016    14.0602   2.782998   2.783005     2.7691     2.4026     0.0060  0.2273704      1.657    22.1595    22.1833     6.3677     4.8372 -9.990e-29
        395      1.674    14.1016    14.0615   2.782902   2.782952     2.7656     2.4007     0.0060  0.2273274      1.658    22.1587    22.1821     6.3611     4.8331 -9.990e-29
        396      1.675    14.1015    14.0626   2.782807   2.782901     2.7622     2.3988     0.0060  0.2272962      1.659    22.1579    22.1810     6.3547     4.8291 -9.990e-29
        397      1.675    14.1015    14.0638   2.782715   2.782850     2.7588     2.3970     0.0060  0.2272775      1.659    22.1571    22.1799     6.3482     4.8253 -9.990e-29
        398      1.676    14.1015    14.0648   2.782626   2.782800     2.7554     2.3951     0.0060  0.2272718      1.660    22.1563    22.1789     6.3416     4.8213 -9.990e-29
        399      1.677    14.1015    14.0658   2.782538   2.782751     2.7520     2.3932     0.0060  0.2272783      1.661    22.1555    22.1779     6.3349     4.8173 -9.990e-29
        400      1.678    14.1015    14.0667   2.782453   2.782703     2.7487     2.3914     0.0060  0.2272963      1.662    22.1548    22.1769     6.3285     4.8137 -9.990e-29
        401      1.678    14.1015    14.0676   2.782370   2.782656     2.7453     2.3895     0.0060  0.2273258      1.662    22.1541    22.1760     6.3217     4.8097 -9.990e-29
        402      1.679    14.1014    14.0684   2.782289   2.782610     2.7420     2.3877     0.0060  0.2273670      1.663    22.1534    22.1751     6.3150     4.8061 -9.990e-29
        403      1.679    14.1014    14.0691   2.782210   2.782565     2.7387     2.3859     0.0060  0.2274203      1.663    22.1527    22.1743     6.3084     4.8025 -9.990e-29
        404      1.680    14.1014    14.0699   2.782134   2.782521     2.7355     2.3841     0.0060  0.2274860      1.664    22.1521    22.1735     6.3019     4.7989 -9.990e-29
        405      1.680    14.1014    14.0705   2.782061   2.782478     2.7322     2.3823     0.0060  0.2275645      1.664    22.1514    22.1728     6.2951     4.7953 -9.990e-29
        406      1.680    14.1014    14.0712   2.781991   2.782437     2.7290     2.3805     0.0060  0.2276565      1.664    22.1508    22.1720     6.2884     4.7917 -9.990e-29
        407      1.681    14.1013    14.0718   2.781923   2.782397     2.7258     2.3787     0.0059  0.2277616      1.665    22.1503    22.1713     6.2818     4.7881 -9.990e-29
        408      1.681    14.1013    14.0724   2.781857   2.782359     2.7227     2.3769     0.0057  0.2278756      1.665    22.1497    22.1706     6.2753     4.7845 -9.990e-29
        409      1.681    14.1013    14.0730   2.781794   2.782323     2.7195     2.3752     0.0055  0.2279907      1.665    22.1491    22.1700     6.2685     4.7813 -9.990e-29
        410      1.681    14.1013    14.0735   2.781732   2.782287     2.7164     2.3734     0.0053  0.2281026      1.665    22.1486    22.1694     6.2620     4.7777 -9.990e-29
        411      1.682    14.1012    14.0740   2.781672   2.782253     2.7132     2.3717     0.0055  0.2282104      1.666    22.1481    22.1688     6.2550     4.7744 -9.990e-29
        412      1.682    14.1012    14.0745   2.781615   2.782220     2.7101     2.3700     0.0055  0.2283133      1.666    22.1476    22.1682     6.2484     4.7712 -9.990e-29
        413      1.682    14.1012    14.0750   2.781559   2.782188     2.7070     2.3683     0.0055  0.2284118      1.666    22.1471    22.1677     6.2417     4.7678 -9.990e-29
        414      1.682    14.1011    14.0754   2.781504   2.782157     2.7040     2.3666     0.0055  0.2285075      1.666    22.1467    22.1672     6.2353     4.7645 -9.990e-29
        415      1.682    14.1011    14.0759   2.781451   2.782127     2.7009     2.3649     0.0055  0.2286002      1.666    22.1463    22.1666     6.2285     4.7612 -9.990e-29
        416      1.682    14.1011    14.0763   2.781398   2.782098     2.6979     2.3632     0.0055  0.2286898      1.666    22.1458    22.1661     6.2221     4.7579 -9.990e-29
        417      1.682    14.1010    14.0767   2.781345   2.782069     2.6948     2.3616     0.0055  0.2287768      1.666    22.1454    22.1656     6.2152     4.7549 -9.990e-29
        418      1.682    14.1010    14.0771   2.781292   2.782041     2.6918     2.3599     0.0055  0.2288627      1.666    22.1449    22.1652     6.2087     4.7516 -9.990e-29
        419      1.682    14.1009    14.0775   2.781239   2.782014     2.6888     2.3583     0.0055  0.2289490      1.666    22.1445    22.1647     6.2022     4.7485 -9.990e-29
        420      1.682    14.1009    14.0779   2.781185   2.781986     2.6859     2.3566     0.0055  0.2290362      1.666    22.1440    22.1642     6.1959     4.7451 -9.990e-29
        421      1.683    14.1009    14.0783   2.781131   2.781957     2.6829     2.3550     0.0055  0.2291259      1.667    22.1436    22.1637     6.1894     4.7420 -9.990e-29
        422      1.683    14.1008    14.0787   2.781076   2.781928     2.6799     2.3534     0.0055  0.2292186      1.667    22.1431    22.1633     6.1828     4.7389 -9.990e-29
        423      1.683    14.1008    14.0790   2.781021   2.781898     2.6770     2.3518     0.0055  0.2293141      1.667    22.1427    22.1628     6.1765     4.7358 -9.990e-29
        424      1.683    14.1008    14.0793   2.780964   2.781867     2.6741     2.3502     0.0055  0.2294131      1.667    22.1422    22.1624     6.1702     4.7327 -9.990e-29
        425      1.684    14.1008    14.0797   2.780907   2.781835     2.6712     2.3486     0.0055  0.2295162      1.668    22.1417    22.1619     6.1639     4.7296 -9.990e-29
        426      1.684    14.1008    14.0800   2.780848   2.781800     2.6683     2.3470     0.0055  0.2296243      1.668    22.1411    22.1614     6.1576     4.7264 -9.990e-29
        427      1.684    14.1008    14.0802   2.780788   2.781765     2.6655     2.3455     0.0053  0.2297372      1.668    22.1406    22.1610     6.1516     4.7235 -9.990e-29
        428      1.684    14.1009    14.0805   2.780726   2.781727     2.6626     2.3439     0.0055  0.2298548      1.668    22.1400    22.1605     6.1453     4.7204 -9.990e-29
        429      1.685    14.1009    14.0808   2.780663   2.781688     2.6598     2.3424     0.0055  0.2299788      1.669    22.1395    22.1600     6.1393     4.7174 -9.990e-29
        430      1.685    14.1009    14.0810   2.780599   2.781648     2.6570     2.3408     0.0055  0.2301110      1.669    22.1389    22.1595     6.1333     4.7142 -9.990e-29
        431      1.685    14.1010    14.0812   2.780533   2.781606     2.6542     2.3393     0.0055  0.2302513      1.669    22.1383    22.1590     6.1273     4.7112 -9.990e-29
        432      1.685    14.1010    14.0814   2.780465   2.781563     2.6514     2.3378     0.0055  0.2304000      1.669    22.1377    22.1585     6.1213     4.7082 -9.990e-29
        433      1.685    14.1010    14.0817   2.780396   2.781518     2.6487     2.3363     0.0057  0.2305545      1.669    22.1371    22.1579     6.1157     4.7052 -9.990e-29
        434      1.685    14.1010    14.0819   2.780326   2.781471     2.6460     2.3348     0.0059  0.2307051      1.669    22.1365    22.1574     6.1100     4.7022 -9.990e-29
        435      1.686    14.1010    14.0821   2.780255   2.781424     2.6432     2.3333     0.0059  0.2308400      1.670    22.1358    22.1569     6.1040     4.6991 -9.990e-29
        436      1.686    14.1010    14.0823   2.780182   2.781376     2.6405     2.3318     0.0059  0.2309541      1.670    22.1352    22.1564     6.0984     4.6960 -9.990e-29
        437      1.686    14.1010    14.0826   2.780110   2.781327     2.6379     2.3303     0.0059  0.2310475      1.670    22.1346    22.1558     6.0930     4.6929 -9.990e-29
        438      1.686    14.1010    14.0828   2.780037   2.781279     2.6352     2.3288     0.0059  0.2311208      1.670    22.1339    22.1552     6.0874     4.6898 -9.990e-29
        439      1.686    14.1009    14.0831   2.779965   2.781230     2.6326     2.3274     0.0059  0.2311744      1.670    22.1334    22.1546     6.0820     4.6870 -9.990e-29
        440      1.686    14.1009    14.0833   2.779893   2.781183     2.6299     2.3259     0.0059  0.2312088      1.670    22.1327    22.1541     6.0764     4.6838 -9.990e-29
        441      1.686    14.1009    14.0836   2.779822   2.781136     2.6273     2.3245     0.0059  0.2312242      1.670    22.1321    22.1535     6.0711     4.6809 -9.990e-29
        442      1.686    14.1008    14.0839   2.779753   2.781089     2.6248     2.3230     0.0059  0.2312207      1.670    22.1316    22.1529     6.0660     4.6777 -9.990e-29
        443      1.686    14.1008    14.0842   2.779685   2.781044     2.6222     2.3216     0.0059  0.2311983      1.670    22.1310    22.1524     6.0607     4.6748 -9.990e-29
        444      1.686    14.1007    14.0844   2.779618   2.781000     2.6196     2.3201     0.0059  0.2311568      1.670    22.1304    22.1519     6.0553     4.6715 -9.990e-29
        445      1.686    14.1007    14.0847   2.779553   2.780957     2.6171     2.3187     0.0059  0.2310968      1.670    22.1299    22.1513     6.0503     4.6685 -9.990e-29
        446      1.685    14.1007    14.0850   2.779489   2.780916     2.6146     2.3173     0.0059  0.2310187      1.669    22.1293    22.1508     6.0452     4.6655 -9.990e-29
        447      1.685    14.1006    14.0854   2.779427   2.780875     2.6121     2.3159     0.0059  0.2309212      1.669    22.1288    22.1502     6.0401     4.6625 -9.990e-29
        448      1.685    14.1006    14.0857   2.779367   2.780836     2.6096     2.3145     0.0057  0.2308026      1.669    22.1283    22.1497     6.0350     4.6595 -9.990e-29
        449      1.685    14.1005    14.0860   2.779307   2.780797     2.6071     2.3131     0.0059  0.2306622      1.669    22.1278    22.1492     6.0298     4.6564 -9.990e-29
        450      1.685    14.1005    14.0863   2.779250   2.780759     2.6047     2.3117     0.0059  0.2304990      1.669    22.1273    22.1487     6.0250     4.6533 -9.990e-29
        451      1.685    14.1004    14.0865   2.779193   2.780723     2.6023     2.3103     0.0059  0.2303119      1.669    22.1269    22.1482     6.0201     4.6502 -9.990e-29
