code/data/2021/ctd_data_day1/Station 3ex 210921_ctm_fil_le_der.cnv
* Sea-Bird SBE 9 Data File:
* FileName = C:\Users\CTD-User\Desktop\MAR440\Station 3ex 210921.hex
* Software Version Seasave V 7.26.2.13
* Temperature SN = 6313
* Conductivity SN = 4758
* Number of Bytes Per Scan = 30
* Number of Voltage Words = 4
* Number of Scans Averaged by the Deck Unit = 1
* NMEA baud rate = 4800
** Ship:
** Station:
** Operator:
# nquan = 16                                
# nvalues = 3026                        
# units = specified
# name 0 = scan: Scan Count
# name 1 = prDM: Pressure, Digiquartz [db]
# name 2 = t090C: Temperature [ITS-90, deg C]
# name 3 = t190C: Temperature, 2 [ITS-90, deg C]
# name 4 = c0S/m: Conductivity [S/m]
# name 5 = c1S/m: Conductivity, 2 [S/m]
# name 6 = sbeox0V: Oxygen raw, SBE 43 [V]
# name 7 = sbeox1V: Oxygen raw, SBE 43, 2 [V]
# name 8 = flECO-AFL: Fluorescence, WET Labs ECO-AFL/FL [mg/m^3]
# name 9 = upoly0: Upoly 0, Turbidity
# name 10 = depSM: Depth [salt water, m], lat = 59
# name 11 = sal00: Salinity, Practical [PSU]
# name 12 = sal11: Salinity, Practical, 2 [PSU]
# name 13 = sbeox0ML/L: Oxygen, SBE 43 [ml/l], WS = 2
# name 14 = sbeox1ML/L: Oxygen, SBE 43, 2 [ml/l], WS = 2
# name 15 = flag: flag
# span 0 =          1,       3026       
# span 1 =      0.466,     13.163       
# span 2 =    11.9571,    16.1072       
# span 3 =    11.9277,    16.1128       
# span 4 =  -0.000326,   3.412927       
# span 5 =   0.069778,   3.409325       
# span 6 =     1.3716,     3.2558       
# span 7 =     1.4146,     3.0932       
# span 8 =     0.0035,     0.0441       
# span 9 =  0.0805703,  0.1871152       
# span 10 =      0.462,     13.040      
# span 11 =     0.0000,    28.5809      
# span 12 =     0.0000,    28.3991      
# span 13 =     2.3370,     8.9775      
# span 14 =     2.2332,     7.4541      
# span 15 = 0.0000e+00, 0.0000e+00      
# interval = seconds: 0.0416667
# start_time = Sep 21 2021 12:03:19 [System UTC, header]
# bad_flag = -9.990e-29
*END*
          1      0.530    12.1519    12.1334  -0.000083   0.069921     2.9587     2.8462     0.0073  0.0814525      0.525     0.0000     0.0000     8.9344     7.4210 -9.990e-29
          2      0.531    12.1519    12.1334  -0.000079   0.069909     2.9587     2.8462     0.0073  0.0814432      0.526     0.0000     0.0000     8.9344     7.4210 -9.990e-29
          3      0.531    12.1520    12.1333  -0.000074   0.069896     2.9587     2.8462     0.0073  0.0814340      0.526     0.0000     0.0000     8.9344     7.4210 -9.990e-29
          4      0.531    12.1520    12.1333  -0.000070   0.069884     2.9588     2.8462     0.0073  0.0814264      0.526     0.0000     0.0000     8.9347     7.4210 -9.990e-29
          5      0.531    12.1520    12.1333  -0.000066   0.069873     2.9588     2.8462     0.0073  0.0814205      0.526     0.0000     0.0000     8.9347     7.4210 -9.990e-29
          6      0.531    12.1520    12.1332  -0.000063   0.069860     2.9588     2.8462     0.0073  0.0814153      0.526     0.0000     0.0000     8.9347     7.4211 -9.990e-29
          7      0.531    12.1520    12.1332  -0.000059   0.069849     2.9588     2.8462     0.0071  0.0814116      0.526     0.0000     0.0000     8.9347     7.4211 -9.990e-29
          8      0.531    12.1521    12.1332  -0.000055   0.069841     2.9588     2.8462     0.0071  0.0814095      0.526     0.0000     0.0000     8.9347     7.4211 -9.990e-29
          9      0.531    12.1521    12.1331  -0.000051   0.069831     2.9588     2.8462     0.0070  0.0814080      0.526     0.0000     0.0000     8.9347     7.4211 -9.990e-29
         10      0.531    12.1521    12.1331  -0.000047   0.069816     2.9588     2.8462     0.0071  0.0814081      0.526     0.0000     0.0000     8.9347     7.4211 -9.990e-29
         11      0.531    12.1521    12.1330  -0.000043   0.069799     2.9588     2.8462     0.0071  0.0814104      0.526     0.0000     0.0000     8.9347     7.4211 -9.990e-29
         12      0.531    12.1521    12.1330  -0.000038   0.069787     2.9588     2.8462     0.0071  0.0814143      0.526     0.0000     0.0000     8.9347     7.4211 -9.990e-29
         13      0.531    12.1522    12.1330  -0.000032   0.069783     2.9588     2.8462     0.0071  0.0814180      0.526     0.0000     0.0000     8.9347     7.4211 -9.990e-29
         14      0.531    12.1522    12.1329  -0.000026   0.069784     2.9588     2.8462     0.0071  0.0814208      0.526     0.0000     0.0000     8.9347     7.4211 -9.990e-29
         15      0.531    12.1522    12.1329  -0.000018   0.069783     2.9588     2.8462     0.0071  0.0814234      0.526     0.0000     0.0000     8.9347     7.4211 -9.990e-29
         16      0.531    12.1522    12.1328  -0.000011   0.069781     2.9588     2.8462     0.0071  0.0814268      0.526     0.0000     0.0000     8.9347     7.4211 -9.990e-29
         17      0.531    12.1522    12.1328  -0.000004   0.069778     2.9589     2.8462     0.0071  0.0814301      0.526     0.0000     0.0000     8.9351     7.4211 -9.990e-29
         18      0.531    12.1523    12.1327   0.000002   0.069779     2.9589     2.8462     0.0071  0.0814325      0.526     0.0064     0.4587     8.9347     7.4212 -9.990e-29
         19      0.531    12.1523    12.1326   0.000008   0.069786     2.9589     2.8462     0.0071  0.0814340      0.526     0.0063     0.4587     8.9347     7.4212 -9.990e-29
         20      0.531    12.1523    12.1326   0.000014   0.069798     2.9589     2.8462     0.0071  0.0814355      0.526     0.0063     0.4588     8.9347     7.4212 -9.990e-29
         21      0.531    12.1523    12.1325   0.000020   0.069809     2.9589     2.8462     0.0071  0.0814379      0.526     0.0063     0.4589     8.9347     7.4212 -9.990e-29
         22      0.531    12.1523    12.1325   0.000026   0.069815     2.9589     2.8462     0.0071  0.0814411      0.526     0.0063     0.4589     8.9347     7.4212 -9.990e-29
         23      0.531    12.1524    12.1324   0.000031   0.069822     2.9589     2.8462     0.0071  0.0814452      0.526     0.0063     0.4590     8.9347     7.4212 -9.990e-29
         24      0.531    12.1524    12.1323   0.000035   0.069833     2.9589     2.8462     0.0071  0.0814493      0.526     0.0063     0.4591     8.9347     7.4212 -9.990e-29
         25      0.531    12.1524    12.1323   0.000037   0.069846     2.9589     2.8462     0.0071  0.0814535      0.526     0.0063     0.4592     8.9356     7.4212 -9.990e-29
         26      0.531    12.1524    12.1322   0.000038   0.069863     2.9589     2.8462     0.0071  0.0814587      0.526     0.0063     0.4593     8.9355     7.4212 -9.990e-29
         27      0.531    12.1524    12.1321   0.000039   0.069887     2.9589     2.8462     0.0071  0.0814640      0.526     0.0063     0.4594     8.9355     7.4212 -9.990e-29
         28      0.531    12.1524    12.1320   0.000039   0.069915     2.9589     2.8462     0.0071  0.0814687      0.526     0.0063     0.4596     8.9355     7.4212 -9.990e-29
         29      0.531    12.1525    12.1320   0.000039   0.069944     2.9589     2.8462     0.0071  0.0814736      0.526     0.0063     0.4598     8.9354     7.4212 -9.990e-29
         30      0.531    12.1525    12.1319   0.000040   0.069973     2.9589     2.8462     0.0071  0.0814805      0.526     0.0063     0.4600     8.9355     7.4212 -9.990e-29
         31      0.531    12.1525    12.1318   0.000039   0.070004     2.9589     2.8462     0.0071  0.0814902      0.526     0.0063     0.4602     8.9355     7.4212 -9.990e-29
         32      0.531    12.1525    12.1317   0.000039   0.070038     2.9589     2.8462     0.0073  0.0815028      0.526     0.0063     0.4605     8.9356     7.4213 -9.990e-29
         33      0.531    12.1525    12.1317   0.000039   0.070079     2.9589     2.8462     0.0077  0.0815175      0.526     0.0063     0.4608     8.9356     7.4212 -9.990e-29
         34      0.531    12.1525    12.1316   0.000039   0.070123     2.9589     2.8462     0.0081  0.0815329      0.526     0.0063     0.4611     8.9356     7.4212 -9.990e-29
         35      0.531    12.1526    12.1315   0.000038   0.070171     2.9589     2.8462     0.0079  0.0815480      0.526     0.0063     0.4614     8.9356     7.4212 -9.990e-29
         36      0.531    12.1526    12.1314   0.000037   0.070221     2.9589     2.8462     0.0081  0.0815631      0.526     0.0063     0.4617     8.9356     7.4212 -9.990e-29
         37      0.531    12.1526    12.1313   0.000036   0.070269     2.9589     2.8462     0.0081  0.0815782      0.526     0.0063     0.4621     8.9356     7.4212 -9.990e-29
         38      0.531    12.1526    12.1312   0.000035   0.070317     2.9589     2.8462     0.0079  0.0815925      0.526     0.0063     0.4624     8.9357     7.4212 -9.990e-29
         39      0.531    12.1526    12.1311   0.000035   0.070370     2.9589     2.8462     0.0079  0.0816046      0.526     0.0063     0.4627     8.9356     7.4212 -9.990e-29
         40      0.531    12.1526    12.1310   0.000034   0.070427     2.9589     2.8462     0.0079  0.0816136      0.526     0.0063     0.4631     8.9356     7.4212 -9.990e-29
         41      0.531    12.1527    12.1310   0.000033   0.070485     2.9589     2.8462     0.0079  0.0816195      0.526     0.0063     0.4635     8.9356     7.4212 -9.990e-29
         42      0.531    12.1527    12.1309   0.000031   0.070541     2.9589     2.8462     0.0079  0.0816225      0.526     0.0063     0.4639     8.9356     7.4212 -9.990e-29
         43      0.530    12.1527    12.1308   0.000028   0.070597     2.9589     2.8462     0.0081  0.0816234      0.525     0.0063     0.4643     8.9357     7.4212 -9.990e-29
         44      0.530    12.1527    12.1307   0.000025   0.070654     2.9590     2.8462     0.0081  0.0816239      0.525     0.0063     0.4647     8.9360     7.4212 -9.990e-29
         45      0.530    12.1527    12.1306   0.000019   0.070712     2.9590     2.8462     0.0079  0.0816239      0.525     0.0063     0.4651     8.9360     7.4212 -9.990e-29
         46      0.530    12.1528    12.1305   0.000012   0.070769     2.9590     2.8462     0.0081  0.0816228      0.525     0.0063     0.4655     8.9359     7.4212 -9.990e-29
         47      0.530    12.1528    12.1304   0.000006   0.070827     2.9590     2.8462     0.0079  0.0816203      0.525     0.0064     0.4659     8.9359     7.4212 -9.990e-29
         48      0.529    12.1528    12.1303 2.6450e-07   0.070884     2.9590     2.8462     0.0081  0.0816166      0.524     0.0065     0.4663     8.9358     7.4212 -9.990e-29
         49      0.529    12.1528    12.1301  -0.000003   0.070943     2.9590     2.8462     0.0079  0.0816116      0.524     0.0000     0.0000     8.9362     7.4212 -9.990e-29
         50      0.529    12.1528    12.1300  -0.000005   0.071002     2.9590     2.8462     0.0081  0.0816053      0.524     0.0000     0.0000     8.9361     7.4212 -9.990e-29
         51      0.529    12.1528    12.1299  -0.000005   0.071061     2.9590     2.8462     0.0081  0.0815984      0.524     0.0000     0.0000     8.9360     7.4212 -9.990e-29
         52      0.529    12.1528    12.1298  -0.000004   0.071116     2.9590     2.8462     0.0077  0.0815909      0.524     0.0000     0.0000     8.9359     7.4212 -9.990e-29
         53      0.529    12.1528    12.1297  -0.000001   0.071162     2.9590     2.8462     0.0079  0.0815812      0.524     0.0000     0.0000     8.9358     7.4212 -9.990e-29
         54      0.529    12.1529    12.1296   0.000002   0.071200     2.9591     2.8462     0.0081  0.0815690      0.524     0.0064     0.4684     8.9357     7.4212 -9.990e-29
         55      0.529    12.1529    12.1295   0.000005   0.071230     2.9591     2.8462     0.0081  0.0815560      0.524     0.0064     0.4686     8.9356     7.4212 -9.990e-29
         56      0.529    12.1529    12.1294   0.000009   0.071250     2.9591     2.8462     0.0079  0.0815422      0.524     0.0063     0.4688     8.9356     7.4213 -9.990e-29
         57      0.529    12.1529    12.1292   0.000011   0.071268     2.9591     2.8462     0.0079  0.0815266      0.524     0.0063     0.4689     8.9355     7.4213 -9.990e-29
         58      0.529    12.1529    12.1291   0.000013   0.071289     2.9591     2.8462     0.0088  0.0815099      0.524     0.0063     0.4691     8.9354     7.4213 -9.990e-29
         59      0.529    12.1529    12.1290   0.000016   0.071313     2.9591     2.8462     0.0097  0.0814928      0.524     0.0063     0.4692     8.9353     7.4213 -9.990e-29
         60      0.529    12.1529    12.1289   0.000018   0.071334     2.9591     2.8462     0.0097  0.0814761      0.524     0.0063     0.4694     8.9352     7.4213 -9.990e-29
         61      0.529    12.1529    12.1287   0.000020   0.071351     2.9591     2.8462     0.0097  0.0814614      0.524     0.0063     0.4695     8.9351     7.4213 -9.990e-29
         62      0.529    12.1529    12.1286   0.000021   0.071368     2.9591     2.8462     0.0097  0.0814495      0.524     0.0063     0.4696     8.9350     7.4214 -9.990e-29
         63      0.528    12.1528    12.1285   0.000021   0.071389     2.9591     2.8462     0.0097  0.0814401      0.523     0.0063     0.4697     8.9350     7.4214 -9.990e-29
         64      0.528    12.1528    12.1283   0.000019   0.071414     2.9591     2.8462     0.0097  0.0814325      0.523     0.0063     0.4699     8.9349     7.4214 -9.990e-29
         65      0.528    12.1528    12.1282   0.000017   0.071439     2.9591     2.8462     0.0097  0.0814257      0.523     0.0063     0.4701     8.9348     7.4214 -9.990e-29
         66      0.528    12.1528    12.1281   0.000014   0.071464     2.9591     2.8462     0.0097  0.0814205      0.523     0.0063     0.4703     8.9347     7.4214 -9.990e-29
         67      0.528    12.1528    12.1279   0.000011   0.071489     2.9591     2.8462     0.0097  0.0814177      0.523     0.0063     0.4704     8.9346     7.4214 -9.990e-29
         68      0.528    12.1528    12.1278   0.000008   0.071514     2.9590     2.8462     0.0097  0.0814174      0.523     0.0063     0.4706     8.9341     7.4214 -9.990e-29
         69      0.528    12.1527    12.1276   0.000007   0.071545     2.9590     2.8462     0.0097  0.0814186      0.523     0.0064     0.4708     8.9341     7.4215 -9.990e-29
         70      0.528    12.1527    12.1275   0.000005   0.071576     2.9590     2.8462     0.0097  0.0814197      0.523     0.0064     0.4710     8.9340     7.4215 -9.990e-29
         71      0.527    12.1527    12.1273   0.000004   0.071602     2.9590     2.8462     0.0097  0.0814198      0.522     0.0064     0.4712     8.9339     7.4215 -9.990e-29
         72      0.527    12.1527    12.1272   0.000003   0.071628     2.9590     2.8462     0.0097  0.0814189      0.522     0.0064     0.4714     8.9339     7.4215 -9.990e-29
         73      0.527    12.1526    12.1270   0.000001   0.071654     2.9590     2.8462     0.0097  0.0814179      0.522     0.0064     0.4716     8.9338     7.4215 -9.990e-29
         74      0.526    12.1526    12.1269 -1.516e-07   0.071680     2.9589     2.8462     0.0097  0.0814185      0.521     0.0000     0.0000     8.9337     7.4215 -9.990e-29
         75      0.526    12.1526    12.1267  -0.000001   0.071706     2.9589     2.8462     0.0097  0.0814215      0.521     0.0000     0.0000     8.9337     7.4216 -9.990e-29
         76      0.526    12.1525    12.1266  -0.000002   0.071736     2.9589     2.8462     0.0097  0.0814270      0.521     0.0000     0.0000     8.9337     7.4216 -9.990e-29
         77      0.526    12.1525    12.1264  -0.000004   0.071772     2.9589     2.8462     0.0097  0.0814349      0.521     0.0000     0.0000     8.9336     7.4216 -9.990e-29
         78      0.526    12.1524    12.1263  -0.000007   0.071809     2.9589     2.8462     0.0097  0.0814454      0.521     0.0000     0.0000     8.9336     7.4216 -9.990e-29
         79      0.526    12.1524    12.1261  -0.000012   0.071845     2.9589     2.8462     0.0097  0.0814576      0.521     0.0000     0.0000     8.9336     7.4216 -9.990e-29
         80      0.526    12.1523    12.1260  -0.000016   0.071882     2.9589     2.8462     0.0097  0.0814699      0.521     0.0000     0.0000     8.9336     7.4216 -9.990e-29
         81      0.526    12.1523    12.1258  -0.000018   0.071922     2.9589     2.8462     0.0097  0.0814825      0.521     0.0000     0.0000     8.9336     7.4217 -9.990e-29
         82      0.526    12.1522    12.1256  -0.000019   0.071966     2.9589     2.8462     0.0097  0.0814971      0.521     0.0000     0.0000     8.9337     7.4217 -9.990e-29
         83      0.525    12.1522    12.1255  -0.000021   0.072011     2.9589     2.8462     0.0110  0.0815138      0.520     0.0000     0.0000     8.9337     7.4217 -9.990e-29
         84      0.525    12.1521    12.1253  -0.000022   0.072052     2.9589     2.8462     0.0141  0.0815310      0.520     0.0000     0.0000     8.9338     7.4217 -9.990e-29
         85      0.525    12.1521    12.1251  -0.000024   0.072095     2.9589     2.8462     0.0154  0.0815472      0.520     0.0000     0.0000     8.9338     7.4217 -9.990e-29
         86      0.525    12.1520    12.1250  -0.000025   0.072145     2.9589     2.8462     0.0154  0.0815608      0.520     0.0000     0.0000     8.9339     7.4217 -9.990e-29
         87      0.525    12.1519    12.1248  -0.000026   0.072202     2.9589     2.8462     0.0152  0.0815718      0.520     0.0000     0.0000     8.9339     7.4217 -9.990e-29
         88      0.525    12.1519    12.1246  -0.000025   0.072261     2.9589     2.8462     0.0150  0.0815821      0.520     0.0000     0.0000     8.9340     7.4218 -9.990e-29
         89      0.524    12.1518    12.1244  -0.000024   0.072321     2.9589     2.8462     0.0152  0.0815925      0.519     0.0000     0.0000     8.9341     7.4218 -9.990e-29
         90      0.524    12.1518    12.1243  -0.000023   0.072381     2.9589     2.8462     0.0152  0.0816024      0.519     0.0000     0.0000     8.9342     7.4218 -9.990e-29
