code/data/2021/ctd_data_day1/Station 3ex 210921_ctm_fil.cnv
* Sea-Bird SBE 9 Data File:
* FileName = C:\Users\CTD-User\Desktop\MAR440\Station 3ex 210921.hex
* Software Version Seasave V 7.26.2.13
* Temperature SN = 6313
* Conductivity SN = 4758
* Number of Bytes Per Scan = 30
* Number of Voltage Words = 4
* Number of Scans Averaged by the Deck Unit = 1
* NMEA baud rate = 4800
** Ship:
** Station:
** Operator:
# nquan = 11
# nvalues = 3026                        
# units = specified
# name 0 = scan: Scan Count
# name 1 = prDM: Pressure, Digiquartz [db]
# name 2 = t090C: Temperature [ITS-90, deg C]
# name 3 = t190C: Temperature, 2 [ITS-90, deg C]
# name 4 = c0S/m: Conductivity [S/m]
# name 5 = c1S/m: Conductivity, 2 [S/m]
# name 6 = sbeox0V: Oxygen raw, SBE 43 [V]
# name 7 = sbeox1V: Oxygen raw, SBE 43, 2 [V]
# name 8 = flECO-AFL: Fluorescence, WET Labs ECO-AFL/FL [mg/m^3]
# name 9 = upoly0: Upoly 0, Turbidity
# name 10 = flag:  0.000e+00
# span 0 =          1,       3026       
# span 1 =      0.466,     13.163       
# span 2 =    11.9571,    16.1072       
# span 3 =    11.9277,    16.1128       
# span 4 =  -0.000326,   3.412927       
# span 5 =   0.069778,   3.409325       
# span 6 =     1.3716,     3.2558       
# span 7 =     1.4146,     3.0932       
# span 8 =     0.0035,     0.0441       
# span 9 =  0.0805703,  0.1871152       
# span 10 = 0.0000e+00, 0.0000e+00      
# interval = seconds: 0.0416667
# start_time = Sep 21 2021 12:03:19 [System UTC, header]
# bad_flag = -9.990e-29
*END*
[from data line 1181]
       1182      8.068    15.8245    15.2873   2.869272   2.875157     2.4067     2.3959     0.0046  0.1199687 0.0000e+00
       1183      8.089    15.8315    15.2820   2.869274   2.875152     2.4053     2.3955     0.0046  0.1194504 0.0000e+00
       1184      8.110    15.8384    15.2771   2.869275   2.875148     2.4038     2.3952     0.0046  0.1189672 0.0000e+00
       1185      8.132    15.8453    15.2725   2.869278   2.875146     2.4024     2.3949     0.0046  0.1185140 0.0000e+00
       1186      8.153    15.8520    15.2682   2.869280   2.875146     2.4010     2.3946     0.0046  0.1180869 0.0000e+00
       1187      8.174    15.8586    15.2644   2.869281   2.875147     2.3995     2.3942     0.0046  0.1176829 0.0000e+00
       1188      8.195    15.8652    15.2611   2.869282   2.875150     2.3981     2.3939     0.0046  0.1172991 0.0000e+00
       1189      8.216    15.8718    15.2584   2.869283   2.875155     2.3967     2.3936     0.0046  0.1169329 0.0000e+00
       1190      8.237    15.8783    15.2562   2.869285   2.875161     2.3953     2.3933     0.0046  0.1165817 0.0000e+00
       1191      8.258    15.8848    15.2546   2.869287   2.875170     2.3939     2.3930     0.0046  0.1162432 0.0000e+00
       1192      8.279    15.8912    15.2537   2.869289   2.875182     2.3925     2.3927     0.0046  0.1159149 0.0000e+00
       1193      8.300    15.8974    15.2535   2.869290   2.875196     2.3911     2.3924     0.0046  0.1155945 0.0000e+00
       1194      8.320    15.9034    15.2540   2.869291   2.875212     2.3897     2.3921     0.0046  0.1152799 0.0000e+00
       1195      8.341    15.9092    15.2549   2.869291   2.875229     2.3884     2.3918     0.0046  0.1149689 0.0000e+00
       1196      8.362    15.9146    15.2560   2.869291   2.875247     2.3870     2.3915     0.0046  0.1146600 0.0000e+00
       1197      8.383    15.9196    15.2573   2.869290   2.875265     2.3856     2.3912     0.0046  0.1143521 0.0000e+00
       1198      8.404    15.9243    15.2587   2.869288   2.875282     2.3842     2.3909     0.0046  0.1140421 0.0000e+00
       1199      8.425    15.9286    15.2601   2.869285   2.875299     2.3828     2.3906     0.0046  0.1137271 0.0000e+00
       1200      8.446    15.9326    15.2617   2.869281   2.875315     2.3814     2.3904     0.0046  0.1134048 0.0000e+00
       1201      8.467    15.9362    15.2633   2.869277   2.875330     2.3801     2.3901     0.0046  0.1130730 0.0000e+00
       1202      8.488    15.9395    15.2650   2.869272   2.875344     2.3787     2.3898     0.0046  0.1127294 0.0000e+00
       1203      8.508    15.9424    15.2668   2.869267   2.875357     2.3773     2.3896     0.0046  0.1123716 0.0000e+00
       1204      8.529    15.9451    15.2688   2.869261   2.875369     2.3760     2.3893     0.0046  0.1119971 0.0000e+00
       1205      8.550    15.9474    15.2707   2.869254   2.875380     2.3746     2.3891     0.0046  0.1116042 0.0000e+00
       1206      8.570    15.9495    15.2725   2.869247   2.875389     2.3733     2.3888     0.0044  0.1112011 0.0000e+00
       1207      8.591    15.9513    15.2743   2.869240   2.875395     2.3720     2.3886     0.0044  0.1108089 0.0000e+00
       1208      8.611    15.9529    15.2762   2.869234   2.875399     2.3707     2.3884     0.0044  0.1104426 0.0000e+00
       1209      8.632    15.9543    15.2780   2.869228   2.875402     2.3693     2.3882     0.0042  0.1101040 0.0000e+00
       1210      8.652    15.9555    15.2798   2.869222   2.875401     2.3680     2.3880     0.0044  0.1097906 0.0000e+00
       1211      8.672    15.9566    15.2812   2.869215   2.875397     2.3667     2.3878     0.0044  0.1094996 0.0000e+00
       1212      8.692    15.9575    15.2824   2.869208   2.875389     2.3654     2.3876     0.0044  0.1092271 0.0000e+00
       1213      8.713    15.9582    15.2831   2.869202   2.875376     2.3641     2.3874     0.0044  0.1089703 0.0000e+00
       1214      8.732    15.9587    15.2833   2.869196   2.875358     2.3628     2.3873     0.0044  0.1087285 0.0000e+00
       1215      8.752    15.9590    15.2828   2.869191   2.875336     2.3615     2.3871     0.0044  0.1085007 0.0000e+00
       1216      8.772    15.9592    15.2818   2.869185   2.875308     2.3602     2.3870     0.0044  0.1082853 0.0000e+00
       1217      8.792    15.9592    15.2802   2.869179   2.875275     2.3589     2.3868     0.0044  0.1080817 0.0000e+00
       1218      8.811    15.9590    15.2782   2.869175   2.875237     2.3577     2.3867     0.0044  0.1078885 0.0000e+00
       1219      8.831    15.9586    15.2760   2.869171   2.875196     2.3564     2.3866     0.0044  0.1077035 0.0000e+00
       1220      8.850    15.9582    15.2736   2.869169   2.875151     2.3551     2.3865     0.0044  0.1075253 0.0000e+00
       1221      8.869    15.9576    15.2711   2.869168   2.875103     2.3539     2.3864     0.0044  0.1073520 0.0000e+00
       1222      8.888    15.9569    15.2684   2.869168   2.875050     2.3526     2.3863     0.0044  0.1071823 0.0000e+00
       1223      8.907    15.9560    15.2652   2.869168   2.874993     2.3514     2.3863     0.0044  0.1070167 0.0000e+00
       1224      8.925    15.9549    15.2615   2.869168   2.874930     2.3502     2.3862     0.0044  0.1068541 0.0000e+00
       1225      8.943    15.9534    15.2572   2.869171   2.874862     2.3489     2.3862     0.0044  0.1066925 0.0000e+00
       1226      8.961    15.9516    15.2524   2.869174   2.874787     2.3477     2.3862     0.0044  0.1065316 0.0000e+00
       1227      8.979    15.9494    15.2470   2.869179   2.874707     2.3465     2.3861     0.0044  0.1063711 0.0000e+00
       1228      8.996    15.9466    15.2410   2.869184   2.874621     2.3453     2.3861     0.0044  0.1062091 0.0000e+00
       1229      9.013    15.9432    15.2343   2.869188   2.874528     2.3441     2.3862     0.0044  0.1060437 0.0000e+00
       1230      9.030    15.9393    15.2267   2.869193   2.874428     2.3429     2.3862     0.0044  0.1058735 0.0000e+00
       1231      9.046    15.9346    15.2181   2.869199   2.874319     2.3417     2.3863     0.0044  0.1056993 0.0000e+00
       1232      9.061    15.9292    15.2082   2.869206   2.874202     2.3405     2.3863     0.0044  0.1055265 0.0000e+00
       1233      9.076    15.9230    15.1969   2.869215   2.874075     2.3393     2.3864     0.0044  0.1053615 0.0000e+00
       1234      9.091    15.9159    15.1837   2.869223   2.873937     2.3382     2.3865     0.0044  0.1052059 0.0000e+00
       1235      9.105    15.9080    15.1687   2.869233   2.873787     2.3370     2.3866     0.0044  0.1050594 0.0000e+00
       1236      9.118    15.8991    15.1515   2.869244   2.873625     2.3359     2.3868     0.0044  0.1049225 0.0000e+00
       1237      9.131    15.8892    15.1321   2.869256   2.873449     2.3347     2.3870     0.0044  0.1047945 0.0000e+00
       1238      9.143    15.8783    15.1102   2.869270   2.873260     2.3336     2.3871     0.0044  0.1046726 0.0000e+00
       1239      9.155    15.8663    15.0859   2.869284   2.873058     2.3325     2.3873     0.0044  0.1045553 0.0000e+00
       1240      9.167    15.8531    15.0592   2.869297   2.872844     2.3314     2.3875     0.0044  0.1044417 0.0000e+00
       1241      9.177    15.8386    15.0302   2.869307   2.872617     2.3303     2.3878     0.0044  0.1043317 0.0000e+00
       1242      9.187    15.8228    14.9992   2.869314   2.872379     2.3292     2.3880     0.0044  0.1042265 0.0000e+00
       1243      9.197    15.8055    14.9665   2.869315   2.872132     2.3281     2.3883     0.0044  0.1041252 0.0000e+00
       1244      9.206    15.7870    14.9328   2.869309   2.871877     2.3270     2.3886     0.0044  0.1040263 0.0000e+00
       1245      9.214    15.7673    14.8984   2.869297   2.871616     2.3259     2.3890     0.0044  0.1039291 0.0000e+00
       1246      9.222    15.7470    14.8637   2.869281   2.871351     2.3249     2.3893     0.0044  0.1038321 0.0000e+00
       1247      9.229    15.7264    14.8293   2.869261   2.871085     2.3238     2.3897     0.0044  0.1037338 0.0000e+00
       1248      9.236    15.7060    14.7956   2.869239   2.870819     2.3228     2.3901     0.0044  0.1036342 0.0000e+00
       1249      9.242    15.6864    14.7630   2.869217   2.870557     2.3218     2.3906     0.0044  0.1035337 0.0000e+00
       1250      9.247    15.6680    14.7318   2.869195   2.870299     2.3207     2.3910     0.0044  0.1034305 0.0000e+00
       1251      9.252    15.6509    14.7024   2.869175   2.870047     2.3197     2.3915     0.0044  0.1033241 0.0000e+00
       1252      9.256    15.6355    14.6751   2.869158   2.869804     2.3187     2.3921     0.0044  0.1032153 0.0000e+00
       1253      9.261    15.6217    14.6500   2.869143   2.869571     2.3177     2.3926     0.0044  0.1031035 0.0000e+00
       1254      9.264    15.6096    14.6273   2.869130   2.869348     2.3167     2.3931     0.0044  0.1029869 0.0000e+00
       1255      9.268    15.5992    14.6070   2.869121   2.869137     2.3157     2.3937     0.0044  0.1028657 0.0000e+00
       1256      9.271    15.5906    14.5890   2.869116   2.868936     2.3148     2.3943     0.0044  0.1027389 0.0000e+00
       1257      9.273    15.5840    14.5734   2.869116   2.868746     2.3138     2.3949     0.0042  0.1026075 0.0000e+00
       1258      9.276    15.5794    14.5601   2.869120   2.868567     2.3129     2.3956     0.0040  0.1024780 0.0000e+00
       1259      9.278    15.5769    14.5491   2.869130   2.868400     2.3120     2.3963     0.0040  0.1023565 0.0000e+00
       1260      9.280    15.5767    14.5404   2.869146   2.868244     2.3110     2.3970     0.0040  0.1022438 0.0000e+00
       1261      9.281    15.5787    14.5339   2.869166   2.868100     2.3101     2.3977     0.0040  0.1021390 0.0000e+00
       1262      9.283    15.5827    14.5297   2.869191   2.867968     2.3093     2.3985     0.0040  0.1020415 0.0000e+00
       1263      9.284    15.5887    14.5275   2.869221   2.867848     2.3084     2.3992     0.0040  0.1019506 0.0000e+00
       1264      9.285    15.5965    14.5272   2.869256   2.867738     2.3076     2.4001     0.0040  0.1018657 0.0000e+00
       1265      9.286    15.6057    14.5289   2.869294   2.867640     2.3067     2.4009     0.0040  0.1017861 0.0000e+00
       1266      9.287    15.6160    14.5323   2.869334   2.867552     2.3059     2.4018     0.0040  0.1017113 0.0000e+00
       1267      9.288    15.6271    14.5376   2.869374   2.867474     2.3051     2.4027     0.0040  0.1016408 0.0000e+00
       1268      9.289    15.6387    14.5448   2.869416   2.867407     2.3043     2.4037     0.0040  0.1015741 0.0000e+00
       1269      9.289    15.6508    14.5539   2.869457   2.867351     2.3035     2.4047     0.0040  0.1015107 0.0000e+00
       1270      9.290    15.6631    14.5649   2.869498   2.867305     2.3027     2.4058     0.0040  0.1014502 0.0000e+00
       1271      9.291    15.6756    14.5779   2.869537   2.867271     2.3020     2.4069     0.0040  0.1013922 0.0000e+00
       1272      9.291    15.6883    14.5930   2.869576   2.867248     2.3012     2.4080     0.0040  0.1013362 0.0000e+00
       1273      9.291    15.7010    14.6102   2.869614   2.867236     2.3005     2.4091     0.0040  0.1012819 0.0000e+00
       1274      9.292    15.7136    14.6297   2.869650   2.867238     2.2998     2.4103     0.0040  0.1012289 0.0000e+00
       1275      9.292    15.7261    14.6515   2.869683   2.867253     2.2992     2.4116     0.0040  0.1011769 0.0000e+00
       1276      9.292    15.7381    14.6758   2.869714   2.867282     2.2985     2.4128     0.0040  0.1011254 0.0000e+00
       1277      9.292    15.7497    14.7026   2.869742   2.867324     2.2979     2.4141     0.0040  0.1010742 0.0000e+00
       1278      9.293    15.7608    14.7317   2.869767   2.867380     2.2972     2.4155     0.0040  0.1010227 0.0000e+00
       1279      9.293    15.7715    14.7624   2.869789   2.867444     2.2966     2.4168     0.0040  0.1009708 0.0000e+00
       1280      9.293    15.7818    14.7939   2.869810   2.867516     2.2960     2.4182     0.0040  0.1009180 0.0000e+00
       1281      9.293    15.7916    14.8253   2.869829   2.867590     2.2954     2.4196     0.0040  0.1008640 0.0000e+00
       1282      9.293    15.8010    14.8563   2.869845   2.867666     2.2949     2.4210     0.0040  0.1008084 0.0000e+00
       1283      9.293    15.8098    14.8869   2.869858   2.867744     2.2943     2.4224     0.0038  0.1007516 0.0000e+00
       1284      9.294    15.8178    14.9167   2.869868   2.867821     2.2938     2.4239     0.0038  0.1006959 0.0000e+00
       1285      9.294    15.8250    14.9459   2.869875   2.867898     2.2933     2.4253     0.0038  0.1006433 0.0000e+00
       1286      9.294    15.8316    14.9745   2.869878   2.867976     2.2928     2.4267     0.0038  0.1005943 0.0000e+00
       1287      9.294    15.8376    15.0026   2.869880   2.868054     2.2923     2.4282     0.0038  0.1005478 0.0000e+00
       1288      9.294    15.8432    15.0303   2.869878   2.868133     2.2918     2.4296     0.0038  0.1005026 0.0000e+00
       1289      9.294    15.8485    15.0579   2.869876   2.868213     2.2914     2.4311     0.0038  0.1004592 0.0000e+00
       1290      9.294    15.8538    15.0857   2.869873   2.868296     2.2909     2.4325     0.0038  0.1004182 0.0000e+00
       1291      9.295    15.8591    15.1139   2.869870   2.868381     2.2904     2.4339     0.0038  0.1003785 0.0000e+00
       1292      9.295    15.8647    15.1427   2.869869   2.868471     2.2900     2.4353     0.0038  0.1003380 0.0000e+00
       1293      9.295    15.8706    15.1724   2.869868   2.868565     2.2896     2.4367     0.0038  0.1002965 0.0000e+00
       1294      9.295    15.8768    15.2028   2.869870   2.868662     2.2892     2.4380     0.0038  0.1002553 0.0000e+00
       1295      9.295    15.8831    15.2337   2.869872   2.868763     2.2888     2.4393     0.0038  0.1002151 0.0000e+00
       1296      9.295    15.8896    15.2648   2.869874   2.868865     2.2884     2.4406     0.0038  0.1001756 0.0000e+00
       1297      9.295    15.8960    15.2961   2.869876   2.868969     2.2880     2.4419     0.0038  0.1001357 0.0000e+00
       1298      9.295    15.9024    15.3272   2.869878   2.869072     2.2876     2.4431     0.0038  0.1000933 0.0000e+00
       1299      9.295    15.9087    15.3577   2.869880   2.869173     2.2872     2.4443     0.0038  0.1000473 0.0000e+00
       1300      9.295    15.9151    15.3873   2.869882   2.869270     2.2869     2.4455     0.0038  0.0999975 0.0000e+00
       1301      9.295    15.9217    15.4158   2.869885   2.869364     2.2865     2.4466     0.0038  0.0999434 0.0000e+00
       1302      9.295    15.9285    15.4434   2.869888   2.869453     2.2862     2.4477     0.0038  0.0998855 0.0000e+00
       1303      9.295    15.9354    15.4701   2.869891   2.869538     2.2858     2.4487     0.0038  0.0998252 0.0000e+00
       1304      9.295    15.9425    15.4959   2.869896   2.869619     2.2855     2.4497     0.0038  0.0997628 0.0000e+00
       1305      9.295    15.9496    15.5210   2.869901   2.869697     2.2851     2.4507     0.0038  0.0996980 0.0000e+00
       1306      9.294    15.9567    15.5453   2.869906   2.869772     2.2848     2.4516     0.0038  0.0996302 0.0000e+00
       1307      9.294    15.9638    15.5689   2.869910   2.869843     2.2845     2.4525     0.0038  0.0995590 0.0000e+00
       1308      9.294    15.9707    15.5918   2.869915   2.869911     2.2842     2.4533     0.0038  0.0994857 0.0000e+00
       1309      9.294    15.9774    15.6139   2.869919   2.869977     2.2838     2.4541     0.0040  0.0994139 0.0000e+00
       1310      9.295    15.9837    15.6353   2.869922   2.870040     2.2835     2.4548     0.0040  0.0993474 0.0000e+00
       1311      9.294    15.9896    15.6559   2.869923   2.870100     2.2832     2.4555     0.0040  0.0992882 0.0000e+00
