code/data/2021/ctd_data_day1/Station 3 210921_ctm.cnv
* Sea-Bird SBE 9 Data File:
* FileName = C:\Users\CTD-User\Desktop\MAR440\Station 3 210921.hex
* Software Version Seasave V 7.26.2.13
* Temperature SN = 6313
* Conductivity SN = 4758
* Number of Bytes Per Scan = 30
* Number of Voltage Words = 4
* Number of Scans Averaged by the Deck Unit = 1
* NMEA baud rate = 4800
** Ship:
** Station:
** Operator:
# nquan = 11
# nvalues = 5414                        
# units = specified
# name 0 = scan: Scan Count
# name 1 = prDM: Pressure, Digiquartz [db]
# name 2 = t090C: Temperature [ITS-90, deg C]
# name 3 = t190C: Temperature, 2 [ITS-90, deg C]
# name 4 = c0S/m: Conductivity [S/m]
# name 5 = c1S/m: Conductivity, 2 [S/m]
# name 6 = sbeox0V: Oxygen raw, SBE 43 [V]
# name 7 = sbeox1V: Oxygen raw, SBE 43, 2 [V]
# name 8 = flECO-AFL: Fluorescence, WET Labs ECO-AFL/FL [mg/m^3]
# name 9 = upoly0: Upoly 0, Turbidity
# name 10 = flag:  0.000e+00
# span 0 =          1,       5414       
# span 1 =      1.484,     20.539       
# span 2 =     8.0003,    16.1871       
# span 3 =     8.0022,    16.1888       
# span 4 =   2.917431,   3.482951       
# span 5 =   2.965170,   3.484257       
# span 6 =     0.4650,     2.8157       
# span 7 =     0.5261,     2.6667       
# span 8 =     0.0033,     0.0092       
# span 9 =  0.0883968,  0.1934029       
# span 10 = 0.0000e+00, 0.0000e+00      
# interval = seconds: 0.0416667
# start_time = Sep 21 2021 09:31:52 [System UTC, header]
# bad_flag = -9.990e-29
*END*
[from data line 1181]
       1182      1.608    15.0475    15.8475   2.937716   3.169607     2.6142     2.3346     0.0049  0.1929145 0.0000e+00
       1183      1.641    15.0302    15.8524   2.933923   3.164661     2.6166     2.3334     0.0049  0.1929145 0.0000e+00
       1184      1.608    14.9782    15.8425   2.929408   3.160247     2.6203     2.3334     0.0049  0.1929145 0.0000e+00
       1185      1.608    14.9616    15.8298   2.927387   3.151986     2.6252     2.3321     0.0049  0.1929145 0.0000e+00
       1186      1.575    14.9723    15.7664   2.928335   3.137468     2.6276     2.3321     0.0049  0.1929145 0.0000e+00
       1187      1.608    14.9876    15.6219   2.930753   3.123246     2.6288     2.3309     0.0049  0.1929145 0.0000e+00
       1188      1.641    15.0360    15.5386   2.933568   3.115999     2.6313     2.3309     0.0049  0.1929145 0.0000e+00
       1189      1.542    15.0844    15.5031   2.935635   3.112068     2.6337     2.3321     0.0049  0.1929145 0.0000e+00
       1190      1.641    15.1148    15.4993   2.936498   3.107206     2.6374     2.3321     0.0049  0.1929145 0.0000e+00
       1191      1.608    15.1247    15.5607   2.936544   3.105711     2.6386     2.3321     0.0049  0.1929145 0.0000e+00
       1192      1.575    15.0952    15.5984   2.936255   3.113064     2.6411     2.3334     0.0048  0.1929145 0.0000e+00
       1193      1.608    15.0550    15.5969   2.936080   3.123467     2.6435     2.3334     0.0049  0.1929145 0.0000e+00
       1194      1.641    15.0142    15.6201   2.934699   3.130417     2.6472     2.3346     0.0049  0.1929145 0.0000e+00
       1195      1.542    14.9860    15.5957   2.932360   3.131401     2.6496     2.3358     0.0049  0.1929145 0.0000e+00
       1196      1.641    14.9824    15.5773   2.930789   3.129712     2.6508     2.3358     0.0049  0.1924261 0.0000e+00
       1197      1.608    14.9850    15.6177   2.930820   3.130541     2.6545     2.3382     0.0048  0.1865653 0.0000e+00
       1198      1.575    14.9805    15.6347   2.931516   3.134406     2.6545     2.3395     0.0048  0.1831465 0.0000e+00
       1199      1.608    14.9699    15.6883   2.931666   3.138637     2.6569     2.3407     0.0048  0.1826581 0.0000e+00
       1200      1.641    14.9716    15.7266   2.932536   3.139166     2.6606     2.3431     0.0048  0.1831465 0.0000e+00
       1201      1.542    14.9835    15.7467   2.935678   3.135514     2.6606     2.3456     0.0048  0.1831465 0.0000e+00
       1202      1.641    14.9921    15.7532   2.939310   3.130323     2.6643     2.3480     0.0048  0.1831465 0.0000e+00
       1203      1.608    15.0356    15.7500   2.942069   3.126262     2.6643     2.3492     0.0048  0.1831465 0.0000e+00
       1204      1.575    15.0692    15.7292   2.942945   3.124534     2.6679     2.3517     0.0048  0.1831465 0.0000e+00
       1205      1.608    15.0299    15.7142   2.942499   3.124270     2.6691     2.3553     0.0048  0.1831465 0.0000e+00
       1206      1.575    14.9975    15.6686   2.941512   3.123977     2.6704     2.3578     0.0048  0.1831465 0.0000e+00
       1207      1.608    14.9919    15.6272   2.940519   3.123781     2.6716     2.3602     0.0048  0.1831465 0.0000e+00
       1208      1.608    14.9888    15.6281   2.939250   3.125702     2.6740     2.3627     0.0048  0.1831465 0.0000e+00
       1209      1.575    14.9838    15.6218   2.937699   3.128555     2.6789     2.3651     0.0048  0.1831465 0.0000e+00
       1210      1.608    14.9684    15.6330   2.936113   3.130183     2.6789     2.3663     0.0048  0.1831465 0.0000e+00
       1211      1.575    14.9589    15.6489   2.934562   3.130159     2.6789     2.3688     0.0048  0.1831465 0.0000e+00
       1212      1.608    14.9549    15.6575   2.932658   3.130055     2.6801     2.3700     0.0048  0.1831465 0.0000e+00
       1213      1.575    14.9680    15.6725   2.931370   3.131425     2.6826     2.3712     0.0048  0.1831465 0.0000e+00
       1214      1.666    14.9996    15.7109   2.930996   3.135962     2.6850     2.3737     0.0048  0.1831465 0.0000e+00
       1215      1.575    15.0260    15.7438   2.931860   3.142807     2.6850     2.3749     0.0048  0.1831465 0.0000e+00
       1216      1.608    15.0395    15.7497   2.933466   3.147235     2.6862     2.3749     0.0048  0.1831465 0.0000e+00
       1217      1.575    15.0593    15.7421   2.934855   3.147356     2.6887     2.3773     0.0048  0.1831465 0.0000e+00
       1218      1.608    15.0660    15.7337   2.935817   3.146380     2.6899     2.3785     0.0048  0.1831465 0.0000e+00
       1219      1.575    15.0422    15.7394   2.936244   3.144717     2.6923     2.3785     0.0048  0.1831465 0.0000e+00
       1220      1.608    15.0444    15.7501   2.935732   3.141969     2.6936     2.3798     0.0048  0.1831465 0.0000e+00
       1221      1.575    15.0749    15.7461   2.934906   3.140576     2.6948     2.3810     0.0048  0.1831465 0.0000e+00
       1222      1.608    15.0883    15.7489   2.934701   3.141368     2.6960     2.3810     0.0048  0.1811929 0.0000e+00
       1223      1.575    15.0671    15.7583   2.934223   3.141980     2.6997     2.3822     0.0049  0.1782625 0.0000e+00
       1224      1.608    15.0135    15.7798   2.932913   3.141159     2.7009     2.3822     0.0049  0.1772857 0.0000e+00
       1225      1.641    14.9204    15.7882   2.929372   3.139105     2.7033     2.3834     0.0049  0.1772857 0.0000e+00
       1226      1.542    14.8777    15.7928   2.924001   3.136229     2.7033     2.3834     0.0049  0.1772857 0.0000e+00
       1227      1.641    14.8798    15.7479   2.919416   3.133707     2.7033     2.3846     0.0049  0.1772857 0.0000e+00
       1228      1.542    14.8606    15.6487   2.917431   3.132309     2.7082     2.3846     0.0049  0.1772857 0.0000e+00
       1229      1.641    14.8892    15.5697   2.918914   3.130155     2.7082     2.3859     0.0049  0.1772857 0.0000e+00
       1230      1.608    14.9564    15.5109   2.922533   3.125542     2.7082     2.3859     0.0049  0.1772857 0.0000e+00
       1231      1.575    14.9652    15.5190   2.925779   3.121530     2.7082     2.3871     0.0049  0.1772857 0.0000e+00
       1232      1.608    14.9443    15.5641   2.927510   3.121203     2.7107     2.3871     0.0049  0.1772857 0.0000e+00
       1233      1.542    14.9305    15.5952   2.927769   3.123293     2.7131     2.3883     0.0049  0.1772857 0.0000e+00
       1234      1.641    14.9190    15.6241   2.927146   3.125842     2.7131     2.3883     0.0049  0.1772857 0.0000e+00
       1235      1.542    14.9102    15.6458   2.926582   3.129766     2.7143     2.3883     0.0049  0.1772857 0.0000e+00
       1236      1.641    14.9214    15.6494   2.926212   3.136209     2.7155     2.3895     0.0049  0.1772857 0.0000e+00
       1237      1.542    14.9337    15.6761   2.925609   3.141490     2.7180     2.3895     0.0049  0.1772857 0.0000e+00
       1238      1.641    14.9378    15.7070   2.925002   3.143275     2.7192     2.3907     0.0049  0.1772857 0.0000e+00
       1239      1.542    14.9408    15.7392   2.924912   3.142999     2.7204     2.3920     0.0049  0.1772857 0.0000e+00
       1240      1.575    14.9417    15.7698   2.925908   3.142269     2.7204     2.3920     0.0048  0.1772857 0.0000e+00
       1241      1.608    14.9368    15.7695   2.927404   3.138196     2.7216     2.3932     0.0049  0.1772857 0.0000e+00
       1242      1.575    14.9256    15.7443   2.928194   3.129035     2.7241     2.3932     0.0049  0.1772857 0.0000e+00
       1243      1.608    14.9268    15.7335   2.928389   3.119556     2.7277     2.3932     0.0049  0.1772857 0.0000e+00
       1244      1.575    14.9287    15.7280   2.928460   3.112411     2.7253     2.3944     0.0049  0.1772857 0.0000e+00
       1245      1.608    14.9497    15.7214   2.928380   3.106967     2.7265     2.3944     0.0049  0.1772857 0.0000e+00
       1246      1.575    14.9657    15.7109   2.928125   3.103916     2.7277     2.3944     0.0049  0.1772857 0.0000e+00
       1247      1.608    14.9751    15.7106   2.927895   3.100968     2.7302     2.3944     0.0049  0.1772857 0.0000e+00
       1248      1.575    14.9874    15.7217   2.927560   3.097992     2.7326     2.3956     0.0048  0.1787509 0.0000e+00
       1249      1.542    15.0009    15.7333   2.927834   3.095957     2.7326     2.3969     0.0048  0.1792393 0.0000e+00
       1250      1.641    15.0397    15.7384   2.928881   3.098124     2.7314     2.3969     0.0048  0.1792393 0.0000e+00
       1251      1.542    15.0518    15.7348   2.929995   3.107478     2.7326     2.3969     0.0048  0.1792393 0.0000e+00
       1252      1.575    15.0417    15.7326   2.931546   3.119920     2.7375     2.3981     0.0048  0.1792393 0.0000e+00
       1253      1.608    15.0813    15.7087   2.934549   3.129973     2.7363     2.3981     0.0048  0.1792393 0.0000e+00
       1254      1.575    15.1004    15.6734   2.936185   3.135250     2.7375     2.3981     0.0048  0.1792393 0.0000e+00
       1255      1.608    15.0570    15.6619   2.935159   3.131545     2.7363     2.3981     0.0048  0.1792393 0.0000e+00
       1256      1.575    15.0317    15.6825   2.934231   3.119726     2.7375     2.3981     0.0048  0.1792393 0.0000e+00
       1257      1.608    15.0014    15.7002   2.933944   3.105585     2.7400     2.3981     0.0048  0.1792393 0.0000e+00
       1258      1.608    14.9545    15.6928   2.933390   3.092713     2.7400     2.3981     0.0048  0.1792393 0.0000e+00
       1259      1.575    14.9403    15.6279   2.932831   3.082297     2.7424     2.3981     0.0048  0.1792393 0.0000e+00
       1260      1.542    14.9588    15.5440   2.931778   3.075408     2.7424     2.3981     0.0048  0.1792393 0.0000e+00
       1261      1.575    14.9735    15.5101   2.930330   3.071497     2.7436     2.3981     0.0048  0.1792393 0.0000e+00
       1262      1.608    14.9680    15.5013   2.928760   3.069608     2.7448     2.3981     0.0048  0.1792393 0.0000e+00
       1263      1.575    14.9545    15.5197   2.928347   3.069425     2.7473     2.3981     0.0048  0.1792393 0.0000e+00
       1264      1.608    14.9711    15.5243   2.930398   3.068927     2.7473     2.3981     0.0048  0.1792393 0.0000e+00
       1265      1.575    15.0282    15.5193   2.933870   3.066982     2.7473     2.3969     0.0048  0.1792393 0.0000e+00
       1266      1.542    15.0447    15.5449   2.937153   3.065980     2.7485     2.3969     0.0048  0.1792393 0.0000e+00
       1267      1.575    15.0671    15.5362   2.939958   3.066924     2.7497     2.3969     0.0048  0.1792393 0.0000e+00
       1268      1.608    15.1171    15.4954   2.942695   3.068960     2.7522     2.3981     0.0048  0.1792393 0.0000e+00
       1269      1.575    15.1558    15.4459   2.946264   3.070897     2.7522     2.3969     0.0048  0.1792393 0.0000e+00
       1270      1.608    15.1704    15.3942   2.949272   3.071943     2.7522     2.3969     0.0048  0.1792393 0.0000e+00
       1271      1.575    15.1812    15.3852   2.951318   3.072795     2.7546     2.3981     0.0048  0.1792393 0.0000e+00
       1272      1.542    15.1943    15.4223   2.952727   3.073449     2.7571     2.3981     0.0048  0.1792393 0.0000e+00
       1273      1.575    15.2058    15.4601   2.954252   3.074570     2.7558     2.3981     0.0048  0.1772857 0.0000e+00
       1274      1.608    15.1905    15.4615   2.955387   3.075444     2.7558     2.3981     0.0048  0.1724017 0.0000e+00
       1275      1.575    15.1693    15.4606   2.955594   3.074804     2.7571     2.3969     0.0048  0.1709365 0.0000e+00
       1276      1.608    15.1484    15.4647   2.954931   3.074067     2.7595     2.3969     0.0048  0.1709365 0.0000e+00
       1277      1.517    15.1268    15.4625   2.954383   3.074285     2.7607     2.3969     0.0048  0.1709365 0.0000e+00
       1278      1.608    15.1403    15.4754   2.955233   3.074042     2.7619     2.3981     0.0048  0.1709365 0.0000e+00
       1279      1.575    15.1628    15.4781   2.957292   3.072276     2.7619     2.3969     0.0048  0.1709365 0.0000e+00
       1280      1.608    15.1663    15.4816   2.959185   3.068765     2.7632     2.3969     0.0048  0.1709365 0.0000e+00
       1281      1.542    15.1666    15.4990   2.960127   3.064287     2.7668     2.3981     0.0048  0.1709365 0.0000e+00
       1282      1.575    15.1650    15.5125   2.959561   3.061741     2.7656     2.3969     0.0048  0.1709365 0.0000e+00
       1283      1.608    15.1591    15.4931   2.957665   3.061306     2.7668     2.3981     0.0048  0.1709365 0.0000e+00
       1284      1.575    15.1626    15.4703   2.956320   3.060984     2.7668     2.3969     0.0048  0.1709365 0.0000e+00
       1285      1.542    15.1636    15.4807   2.955790   3.059793     2.7680     2.3981     0.0048  0.1714249 0.0000e+00
       1286      1.575    15.1623    15.4777   2.955838   3.057140     2.7693     2.3981     0.0048  0.1709365 0.0000e+00
       1287      1.484    15.1547    15.5097   2.956044   3.054447     2.7705     2.3981     0.0048  0.1709365 0.0000e+00
       1288      1.699    15.1486    15.5455   2.956045   3.052614     2.7717     2.3981     0.0048  0.1709365 0.0000e+00
       1289      1.542    15.1405    15.5651   2.955587   3.049962     2.7717     2.3993     0.0048  0.1709365 0.0000e+00
       1290      1.575    15.1263    15.4823   2.954862   3.045839     2.7729     2.3993     0.0048  0.1709365 0.0000e+00
       1291      1.608    15.1198    15.3675   2.954609   3.042802     2.7741     2.4005     0.0048  0.1709365 0.0000e+00
       1292      1.575    15.1315    15.3510   2.955149   3.041714     2.7741     2.4005     0.0048  0.1709365 0.0000e+00
       1293      1.542    15.1321    15.4367   2.955326   3.041872     2.7754     2.4017     0.0048  0.1709365 0.0000e+00
       1294      1.641    15.1286    15.5183   2.954692   3.043637     2.7766     2.4017     0.0048  0.1709365 0.0000e+00
       1295      1.542    15.1318    15.5482   2.954482   3.046613     2.7778     2.4030     0.0048  0.1709365 0.0000e+00
       1296      1.575    15.1344    15.5328   2.955058   3.049965     2.7815     2.4042     0.0048  0.1709365 0.0000e+00
       1297      1.608    15.1303    15.4902   2.955012   3.054203     2.7790     2.4054     0.0048  0.1709365 0.0000e+00
       1298      1.575    15.0970    15.4334   2.953514   3.057759     2.7803     2.4066     0.0048  0.1709365 0.0000e+00
       1299      1.542    15.0385    15.3836   2.951461   3.058836     2.7815     2.4078     0.0049  0.1689829 0.0000e+00
       1300      1.575    14.9945    15.3365   2.948734   3.056457     2.7839     2.4091     0.0049  0.1670293 0.0000e+00
       1301      1.608    14.9591    15.3080   2.944487   3.051777     2.7827     2.4091     0.0049  0.1670293 0.0000e+00
       1302      1.575    14.9620    15.2780   2.940699   3.045556     2.7839     2.4103     0.0049  0.1670293 0.0000e+00
       1303      1.542    15.0140    15.2388   2.941507   3.037079     2.7827     2.4115     0.0049  0.1670293 0.0000e+00
       1304      1.575    15.0531    15.1928   2.945012   3.027545     2.7864     2.4127     0.0049  0.1670293 0.0000e+00
       1305      1.608    15.0749    15.1649   2.948313   3.019505     2.7876     2.4139     0.0049  0.1670293 0.0000e+00
       1306      1.608    15.0822    15.1702   2.949713   3.013206     2.7888     2.4152     0.0049  0.1670293 0.0000e+00
       1307      1.517    15.0837    15.2133   2.949855   3.009730     2.7876     2.4176     0.0049  0.1670293 0.0000e+00
       1308      1.608    15.0314    15.2803   2.949315   3.012942     2.7864     2.4188     0.0049  0.1670293 0.0000e+00
       1309      1.575    15.0031    15.3438   2.948010   3.020400     2.7888     2.4201     0.0049  0.1670293 0.0000e+00
       1310      1.608    15.0208    15.4550   2.946899   3.028878     2.7900     2.4225     0.0049  0.1670293 0.0000e+00
       1311      1.575    15.0328    15.5690   2.945810   3.037616     2.7900     2.4237     0.0049  0.1675177 0.0000e+00
