code/data/2021/ctd_data_day1/Station 5 210921_ctm_fil_le_der_avg.cnv
* Sea-Bird SBE 9 Data File:
* FileName = C:\Users\CTD-User\Desktop\MAR440\Station 5 210921.hex
* Software Version Seasave V 7.26.2.13
* Temperature SN = 6313
* Conductivity SN = 4758
* Number of Bytes Per Scan = 30
* Number of Voltage Words = 4
* Number of Scans Averaged by the Deck Unit = 1
* NMEA baud rate = 4800
** Ship:
** Station:
** Operator:
# nquan = 16
# nvalues = 23                          
# units = specified
# name 0 = scan: Scan Count
# name 1 = prDM: Pressure, Digiquartz [db]
# name 2 = t090C: Temperature [ITS-90, deg C]
# name 3 = t190C: Temperature, 2 [ITS-90, deg C]
# name 4 = c0S/m: Conductivity [S/m]
# name 5 = c1S/m: Conductivity, 2 [S/m]
# name 6 = sbeox0V: Oxygen raw, SBE 43 [V]
# name 7 = sbeox1V: Oxygen raw, SBE 43, 2 [V]
# name 8 = flECO-AFL: Fluorescence, WET Labs ECO-AFL/FL [mg/m^3]
# name 9 = upoly0: Upoly 0, Turbidity
# name 10 = depSM: Depth [salt water, m], lat = 59
# name 11 = sal00: Salinity, Practical [PSU]
# name 12 = sal11: Salinity, Practical, 2 [PSU]
# name 13 = sbeox0ML/L: Oxygen, SBE 43 [ml/l], WS = 2
# name 14 = sbeox1ML/L: Oxygen, SBE 43, 2 [ml/l], WS = 2
# name 15 = flag: flag
# span 0 =        699,       3042       
# span 1 =      2.019,     24.228       
# span 2 =    13.3732,    15.9472       
# span 3 =    13.3766,    15.7972       
# span 4 =   2.885518,   3.807735       
# span 5 =   2.894959,   3.809012       
# span 6 =     1.1790,     2.2300       
# span 7 =     1.2259,     2.3342       
# span 8 =     0.0036,     0.0046       
# span 9 =  0.0874109,  0.1580120       
# span 10 =      2.000,     24.000      
# span 11 =    22.4759,    31.8205      
# span 12 =    22.6619,    31.8552      
# span 13 =     1.9051,     5.0443      
# span 14 =     1.8783,     4.7910      
# span 15 = 0.0000e+00, 0.0000e+00      
# interval = meters: 1                  
# start_time = Sep 21 2021 10:32:06 [System UTC, header]
# bad_flag = -9.990e-29
*END*
        699      2.019    15.0861    15.0972   2.886554   2.913652     2.1464     2.1903     0.0045  0.1542434      2.000    22.4933    22.7196     4.9286     4.4734 0.0000e+00
        758      3.028    15.1058    15.0975   2.891739   2.906989     2.1612     2.2306     0.0046  0.1554865      3.000    22.5262    22.6619     4.9211     4.5365 0.0000e+00
        805      4.038    15.1172    14.9821   2.888387   2.901552     2.1626     2.2240     0.0046  0.1568358      4.000    22.4907    22.6815     4.8998     4.4180 0.0000e+00
        852      5.047    15.0996    14.6836   2.885518   2.898900     2.1486     2.1909     0.0046  0.1573952      5.000    22.4759    22.8320     4.8010     4.3994 0.0000e+00
        899      6.057    15.0624    14.7033   2.887050   2.897897     2.1167     2.2218     0.0046  0.1580120      6.000    22.5101    22.8114     4.6842     4.6402 0.0000e+00
        947      7.066    15.0818    14.7925   2.889467   2.898118     2.0847     2.2740     0.0046  0.1575722      7.000    22.5194    22.7610     4.6019     4.7042 0.0000e+00
        993      8.076    15.1721    14.8011   2.892460   2.894959     2.0611     2.2855     0.0046  0.1527443      8.000    22.4931    22.7285     4.5497     4.6611 0.0000e+00
       1038      9.085    15.5702    15.1296   2.923592   2.916884     2.0435     2.2805     0.0042  0.1263409      9.000    22.5306    22.7262     4.4471     4.6219 0.0000e+00
       1085     10.095    15.9472    15.7972   3.236871   3.238540     2.0566     2.3231     0.0042  0.1058928     10.000    24.9715    25.0773     4.7994     4.7910 0.0000e+00
       1133     11.104    15.5020    15.4981   3.370783   3.372999     2.2300     2.3342     0.0040  0.0987248     11.000    26.4106    26.4323     5.0443     4.2854 0.0000e+00
       1890     12.114    15.0843    15.0838   3.399878   3.400261     2.1297     2.0978     0.0044  0.0966037     12.000    26.9462    26.9499     4.0037     3.4672 0.0000e+00
       2532     13.123    14.6333    14.6252   3.437757   3.438173     1.9253     1.8872     0.0040  0.0958446     13.000    27.5959    27.6055     3.4699     3.0674 0.0000e+00
       2576     14.133    13.7788    13.7745   3.437683   3.438553     1.7214     1.6996     0.0037  0.0950237     14.000    28.2109    28.2219     2.9492     2.6568 0.0000e+00
       2620     15.142    13.4936    13.4954   3.452278   3.454114     1.5274     1.5182     0.0036  0.0943484     15.000    28.5546    28.5701     2.4301     2.2421 0.0000e+00
       2666     16.152    13.4887    13.4874   3.502274   3.504518     1.3716     1.3787     0.0040  0.0937923     16.000    29.0168    29.0384     2.1486     2.0329 0.0000e+00
       2712     17.161    13.4252    13.4260   3.546411   3.548014     1.2713     1.2930     0.0043  0.0927412     17.000    29.4714    29.4856     1.9970     1.9247 0.0000e+00
       2759     18.171    13.3732    13.3766   3.573586   3.575227     1.2095     1.2445     0.0043  0.0916077     18.000    29.7622    29.7746     1.9138     1.8783 0.0000e+00
       2804     19.180    13.6269    13.6269   3.642101   3.643412     1.1790     1.2259     0.0040  0.0905469     19.000    30.1949    30.2069     1.9051     1.8915 0.0000e+00
       2848     20.190    13.7755    13.7752   3.709434   3.710468     1.1822     1.2420     0.0038  0.0899019     20.000    30.6965    30.7062     2.0233     2.0225 0.0000e+00
       2894     21.199    13.6933    13.6942   3.744153   3.745291     1.2234     1.2965     0.0039  0.0885672     21.000    31.0824    31.0922     2.2031     2.1893 0.0000e+00
       2941     22.209    13.6620    13.6617   3.788187   3.789212     1.2546     1.3307     0.0041  0.0879898     22.000    31.5146    31.5243     2.2064     2.1881 0.0000e+00
       2989     23.218    13.6052    13.6051   3.807735   3.809012     1.2635     1.3417     0.0043  0.0874109     23.000    31.7423    31.7542     2.2041     2.2001 0.0000e+00
       3042     24.228    13.4418    13.4421   3.801573   3.805338     1.2769     1.3617     0.0046  0.0877313     24.000    31.8205    31.8552     2.2995     2.2980 0.0000e+00
