code/data/2021/ctd_data_day1/Station 4 210921_ctm_fil_le_der.cnv
* Sea-Bird SBE 9 Data File:
* FileName = C:\Users\CTD-User\Desktop\MAR440\Station 4 210921.hex
* Software Version Seasave V 7.26.2.13
* Temperature SN = 6313
* Conductivity SN = 4758
* Number of Bytes Per Scan = 30
* Number of Voltage Words = 4
* Number of Scans Averaged by the Deck Unit = 1
* NMEA baud rate = 4800
** Ship:
** Station:
** Operator:
# nquan = 16                                
# nvalues = 963                         
# units = specified
# name 0 = scan: Scan Count
# name 1 = prDM: Pressure, Digiquartz [db]
# name 2 = t090C: Temperature [ITS-90, deg C]
# name 3 = t190C: Temperature, 2 [ITS-90, deg C]
# name 4 = c0S/m: Conductivity [S/m]
# name 5 = c1S/m: Conductivity, 2 [S/m]
# name 6 = sbeox0V: Oxygen raw, SBE 43 [V]
# name 7 = sbeox1V: Oxygen raw, SBE 43, 2 [V]
# name 8 = flECO-AFL: Fluorescence, WET Labs ECO-AFL/FL [mg/m^3]
# name 9 = upoly0: Upoly 0, Turbidity
# name 10 = depSM: Depth [salt water, m], lat = 59
# name 11 = sal00: Salinity, Practical [PSU]
# name 12 = sal11: Salinity, Practical, 2 [PSU]
# name 13 = sbeox0ML/L: Oxygen, SBE 43 [ml/l], WS = 2
# name 14 = sbeox1ML/L: Oxygen, SBE 43, 2 [ml/l], WS = 2
# name 15 = flag: flag
# span 0 =          1,        963       
# span 1 =      0.567,     10.540       
# span 2 =    11.6500,    15.2378       
# span 3 =    11.6440,    15.0610       
# span 4 =  -0.000120,   2.791269       
# span 5 =   0.026556,   2.797579       
# span 6 =     2.2470,     3.1434       
# span 7 =     2.1801,     2.9063       
# span 8 =     0.0033,     0.0317       
# span 9 =  0.0811493,  0.2341219       
# span 10 =      0.562,     10.441      
# span 11 =     0.0000,    22.2305      
# span 12 =     0.0000,    22.2872      
# span 13 =     5.1781,     8.9581      
# span 14 =     4.4118,     7.5596      
# span 15 = 0.0000e+00, 0.0000e+00      
# interval = seconds: 0.0416667
# start_time = Sep 21 2021 09:52:02 [System UTC, header]
# bad_flag = -9.990e-29
*END*
[from data line 543]
        544      1.837    14.0936    14.0974   2.776881   2.780578     2.4295     2.1987     0.0057  0.2246619      1.820    22.1105    22.1407     5.6371     4.4151 -9.990e-29
        545      1.851    14.0933    14.0975   2.776946   2.780721     2.4281     2.1978     0.0057  0.2248378      1.834    22.1112    22.1419     5.6344     4.4144 -9.990e-29
        546      1.865    14.0929    14.0977   2.777003   2.780869     2.4266     2.1968     0.0057  0.2250022      1.848    22.1119    22.1431     5.6316     4.4135 -9.990e-29
        547      1.879    14.0926    14.0978   2.777052   2.781021     2.4252     2.1959     0.0057  0.2251555      1.861    22.1125    22.1443     5.6291     4.4129 -9.990e-29
        548      1.894    14.0922    14.0979   2.777092   2.781176     2.4238     2.1950     0.0057  0.2252985      1.876    22.1131    22.1456     5.6266     4.4124 -9.990e-29
        549      1.910    14.0918    14.0981   2.777123   2.781331     2.4224     2.1941     0.0057  0.2254333      1.892    22.1136    22.1469     5.6243     4.4120 -9.990e-29
        550      1.926    14.0914    14.0981   2.777145   2.781485     2.4210     2.1933     0.0057  0.2255615      1.908    22.1140    22.1482     5.6220     4.4120 -9.990e-29
        551      1.943    14.0910    14.0982   2.777159   2.781636     2.4196     2.1924     0.0057  0.2256833      1.925    22.1144    22.1495     5.6197     4.4118 -9.990e-29
        552      1.959    14.0907    14.0983   2.777165   2.781783     2.4183     2.1916     0.0057  0.2257986      1.941    22.1146    22.1507     5.6179     4.4120 -9.990e-29
        553      1.977    14.0903    14.0984   2.777163   2.781927     2.4169     2.1907     0.0057  0.2259082      1.959    22.1148    22.1519     5.6158     4.4121 -9.990e-29
        554      1.994    14.0899    14.0984   2.777155   2.782067     2.4156     2.1899     0.0057  0.2260129      1.975    22.1149    22.1531     5.6141     4.4125 0.0000e+00
        555      2.012    14.0896    14.0985   2.777140   2.782203     2.4142     2.1891     0.0057  0.2261135      1.993    22.1150    22.1542     5.6122     4.4130 0.0000e+00
        556      2.031    14.0894    14.0985   2.777118   2.782333     2.4129     2.1883     0.0057  0.2262105      2.012    22.1149    22.1554     5.6107     4.4137 0.0000e+00
        557      2.049    14.0891    14.0985   2.777090   2.782456     2.4116     2.1876     0.0057  0.2263048      2.030    22.1148    22.1564     5.6092     4.4147 0.0000e+00
        558      2.069    14.0890    14.0986   2.777055   2.782572     2.4103     2.1869     0.0057  0.2263968      2.050    22.1146    22.1574     5.6078     4.4159 0.0000e+00
        559      2.088    14.0889    14.0986   2.777015   2.782680     2.4091     2.1862     0.0057  0.2264874      2.068    22.1143    22.1583     5.6068     4.4171 0.0000e+00
        560      2.107    14.0888    14.0987   2.776969   2.782779     2.4078     2.1855     0.0057  0.2265771      2.087    22.1139    22.1591     5.6055     4.4185 0.0000e+00
        561      2.127    14.0888    14.0987   2.776919   2.782868     2.4066     2.1849     0.0060  0.2266648      2.107    22.1135    22.1599     5.6047     4.4202 0.0000e+00
        562      2.147    14.0889    14.0988   2.776865   2.782947     2.4054     2.1843     0.0064  0.2267470      2.127    22.1129    22.1605     5.6038     4.4221 0.0000e+00
        563      2.167    14.0891    14.0989   2.776809   2.783017     2.4042     2.1837     0.0064  0.2268207      2.147    22.1123    22.1611     5.6031     4.4240 0.0000e+00
        564      2.187    14.0893    14.0991   2.776750   2.783077     2.4030     2.1832     0.0062  0.2268857      2.167    22.1117    22.1615     5.6024     4.4264 0.0000e+00
        565      2.208    14.0896    14.0992   2.776689   2.783128     2.4019     2.1827     0.0064  0.2269423      2.187    22.1110    22.1619     5.6020     4.4288 0.0000e+00
        566      2.229    14.0899    14.0995   2.776627   2.783168     2.4008     2.1823     0.0064  0.2269911      2.208    22.1103    22.1621     5.6017     4.4316 0.0000e+00
        567      2.249    14.0903    14.0997   2.776564   2.783198     2.3997     2.1819     0.0064  0.2270323      2.228    22.1095    22.1622     5.6014     4.4344 0.0000e+00
        568      2.270    14.0908    14.1001   2.776501   2.783218     2.3986     2.1815     0.0064  0.2270662      2.249    22.1086    22.1621     5.6012     4.4373 0.0000e+00
        569      2.291    14.0914    14.1004   2.776439   2.783229     2.3976     2.1812     0.0064  0.2270930      2.270    22.1077    22.1621     5.6014     4.4406 0.0000e+00
        570      2.312    14.0921    14.1008   2.776377   2.783231     2.3966     2.1809     0.0064  0.2271130      2.290    22.1068    22.1618     5.6015     4.4439 0.0000e+00
        571      2.333    14.0928    14.1013   2.776317   2.783225     2.3956     2.1806     0.0064  0.2271263      2.311    22.1059    22.1615     5.6017     4.4473 0.0000e+00
        572      2.355    14.0935    14.1018   2.776257   2.783210     2.3946     2.1804     0.0064  0.2271329      2.333    22.1049    22.1611     5.6018     4.4510 0.0000e+00
        573      2.376    14.0944    14.1024   2.776200   2.783187     2.3937     2.1803     0.0064  0.2271329      2.354    22.1039    22.1605     5.6024     4.4549 0.0000e+00
        574      2.397    14.0952    14.1030   2.776144   2.783155     2.3928     2.1802     0.0064  0.2271264      2.375    22.1030    22.1599     5.6029     4.4589 0.0000e+00
        575      2.419    14.0962    14.1036   2.776090   2.783114     2.3919     2.1801     0.0064  0.2271132      2.396    22.1019    22.1592     5.6034     4.4630 0.0000e+00
        576      2.440    14.0971    14.1043   2.776038   2.783065     2.3911     2.1801     0.0064  0.2270934      2.417    22.1009    22.1583     5.6042     4.4672 0.0000e+00
        577      2.462    14.0981    14.1050   2.775988   2.783009     2.3902     2.1801     0.0064  0.2270666      2.439    22.0999    22.1574     5.6047     4.4715 0.0000e+00
        578      2.483    14.0992    14.1058   2.775940   2.782944     2.3895     2.1802     0.0064  0.2270328      2.460    22.0989    22.1564     5.6058     4.4760 0.0000e+00
        579      2.505    14.1002    14.1066   2.775894   2.782873     2.3887     2.1803     0.0064  0.2269918      2.482    22.0979    22.1553     5.6066     4.4806 0.0000e+00
        580      2.526    14.1013    14.1074   2.775852   2.782794     2.3879     2.1804     0.0064  0.2269431      2.502    22.0969    22.1542     5.6073     4.4850 0.0000e+00
        581      2.548    14.1025    14.1083   2.775812   2.782710     2.3872     2.1806     0.0064  0.2268866      2.524    22.0958    22.1529     5.6082     4.4897 0.0000e+00
        582      2.570    14.1036    14.1092   2.775775   2.782621     2.3865     2.1808     0.0064  0.2268217      2.546    22.0949    22.1516     5.6091     4.4943 0.0000e+00
        583      2.591    14.1048    14.1102   2.775741   2.782529     2.3859     2.1811     0.0064  0.2267481      2.567    22.0939    22.1502     5.6103     4.4991 0.0000e+00
        584      2.613    14.1060    14.1112   2.775709   2.782435     2.3852     2.1814     0.0064  0.2266653      2.589    22.0929    22.1488     5.6111     4.5038 0.0000e+00
        585      2.635    14.1073    14.1122   2.775679   2.782339     2.3846     2.1818     0.0064  0.2265726      2.610    22.0919    22.1474     5.6121     4.5087 0.0000e+00
        586      2.657    14.1086    14.1134   2.775652   2.782243     2.3840     2.1822     0.0064  0.2264711      2.632    22.0909    22.1459     5.6130     4.5135 0.0000e+00
        587      2.679    14.1100    14.1145   2.775627   2.782148     2.3834     2.1826     0.0066  0.2263653      2.654    22.0899    22.1444     5.6138     4.5182 0.0000e+00
        588      2.701    14.1115    14.1158   2.775604   2.782055     2.3828     2.1831     0.0066  0.2262594      2.676    22.0888    22.1428     5.6145     4.5230 0.0000e+00
        589      2.723    14.1130    14.1171   2.775583   2.781965     2.3823     2.1836     0.0066  0.2261544      2.698    22.0878    22.1413     5.6154     4.5278 0.0000e+00
        590      2.745    14.1147    14.1185   2.775565   2.781879     2.3818     2.1841     0.0066  0.2260496      2.719    22.0867    22.1398     5.6162     4.5323 0.0000e+00
        591      2.767    14.1164    14.1200   2.775550   2.781797     2.3813     2.1847     0.0066  0.2259443      2.741    22.0855    22.1382     5.6168     4.5371 0.0000e+00
        592      2.789    14.1182    14.1216   2.775536   2.781720     2.3808     2.1853     0.0066  0.2258378      2.763    22.0844    22.1366     5.6173     4.5417 0.0000e+00
        593      2.811    14.1202    14.1233   2.775524   2.781648     2.3804     2.1859     0.0064  0.2257292      2.785    22.0831    22.1350     5.6180     4.5461 0.0000e+00
        594      2.833    14.1223    14.1251   2.775514   2.781580     2.3799     2.1866     0.0066  0.2256179      2.806    22.0818    22.1333     5.6183     4.5506 0.0000e+00
        595      2.855    14.1245    14.1270   2.775506   2.781517     2.3795     2.1873     0.0066  0.2255030      2.828    22.0805    22.1317     5.6187     4.5550 0.0000e+00
        596      2.877    14.1268    14.1291   2.775499   2.781458     2.3791     2.1880     0.0066  0.2253839      2.850    22.0791    22.1300     5.6190     4.5592 0.0000e+00
        597      2.899    14.1293    14.1314   2.775493   2.781403     2.3787     2.1887     0.0066  0.2252595      2.872    22.0777    22.1282     5.6191     4.5633 0.0000e+00
        598      2.921    14.1318    14.1337   2.775489   2.781352     2.3783     2.1895     0.0066  0.2251291      2.894    22.0762    22.1264     5.6191     4.5674 0.0000e+00
        599      2.943    14.1345    14.1362   2.775485   2.781304     2.3780     2.1903     0.0064  0.2249918      2.915    22.0746    22.1245     5.6193     4.5714 0.0000e+00
        600      2.966    14.1373    14.1388   2.775481   2.781258     2.3776     2.1911     0.0066  0.2248466      2.938    22.0730    22.1226     5.6190     4.5753 0.0000e+00
        601      2.988    14.1402    14.1415   2.775479   2.781215     2.3772     2.1919     0.0066  0.2246925      2.960    22.0713    22.1207     5.6186     4.5789 0.0000e+00
        602      3.010    14.1432    14.1443   2.775478   2.781173     2.3769     2.1927     0.0066  0.2245285      2.982    22.0696    22.1188     5.6183     4.5825 0.0000e+00
        603      3.032    14.1463    14.1472   2.775478   2.781134     2.3765     2.1936     0.0064  0.2243533      3.004    22.0678    22.1167     5.6175     4.5861 0.0000e+00
        604      3.054    14.1495    14.1502   2.775479   2.781097     2.3762     2.1944     0.0066  0.2241658      3.025    22.0660    22.1147     5.6170     4.5893 0.0000e+00
        605      3.076    14.1528    14.1534   2.775480   2.781062     2.3759     2.1953     0.0066  0.2239646      3.047    22.0641    22.1126     5.6163     4.5926 0.0000e+00
        606      3.098    14.1563    14.1566   2.775482   2.781029     2.3755     2.1961     0.0066  0.2237485      3.069    22.0621    22.1104     5.6151     4.5955 0.0000e+00
        607      3.121    14.1598    14.1599   2.775485   2.780998     2.3752     2.1970     0.0066  0.2235158      3.092    22.0601    22.1083     5.6141     4.5985 0.0000e+00
        608      3.143    14.1634    14.1632   2.775489   2.780971     2.3749     2.1979     0.0066  0.2232649      3.114    22.0581    22.1062     5.6130     4.6013 0.0000e+00
        609      3.165    14.1670    14.1665   2.775493   2.780946     2.3745     2.1987     0.0066  0.2229941      3.135    22.0561    22.1040     5.6115     4.6037 0.0000e+00
        610      3.187    14.1707    14.1699   2.775499   2.780924     2.3742     2.1996     0.0066  0.2227016      3.157    22.0540    22.1019     5.6102     4.6063 0.0000e+00
        611      3.209    14.1744    14.1734   2.775506   2.780905     2.3738     2.2005     0.0066  0.2223860      3.179    22.0520    22.0997     5.6084     4.6088 0.0000e+00
        612      3.231    14.1781    14.1770   2.775513   2.780889     2.3734     2.2014     0.0064  0.2220538      3.201    22.0499    22.0975     5.6065     4.6111 0.0000e+00
        613      3.253    14.1818    14.1806   2.775522   2.780877     2.3731     2.2022     0.0062  0.2217205      3.223    22.0479    22.0954     5.6048     4.6131 0.0000e+00
        614      3.276    14.1856    14.1844   2.775531   2.780868     2.3727     2.2031     0.0064  0.2213973      3.245    22.0458    22.0931     5.6027     4.6151 0.0000e+00
        615      3.298    14.1893    14.1882   2.775542   2.780861     2.3723     2.2040     0.0064  0.2210853      3.267    22.0438    22.0909     5.6005     4.6171 0.0000e+00
        616      3.320    14.1930    14.1919   2.775554   2.780858     2.3719     2.2048     0.0062  0.2207825      3.289    22.0418    22.0887     5.5983     4.6187 0.0000e+00
        617      3.342    14.1968    14.1955   2.775567   2.780856     2.3716     2.2057     0.0064  0.2204866      3.311    22.0397    22.0867     5.5962     4.6205 0.0000e+00
        618      3.364    14.2007    14.1990   2.775581   2.780857     2.3712     2.2065     0.0064  0.2201957      3.333    22.0376    22.0847     5.5937     4.6220 0.0000e+00
        619      3.386    14.2047    14.2023   2.775598   2.780860     2.3707     2.2074     0.0064  0.2199077      3.354    22.0355    22.0828     5.5908     4.6236 0.0000e+00
        620      3.408    14.2088    14.2055   2.775616   2.780866     2.3703     2.2082     0.0064  0.2196206      3.376    22.0333    22.0810     5.5882     4.6249 0.0000e+00
        621      3.430    14.2130    14.2086   2.775635   2.780873     2.3699     2.2090     0.0064  0.2193325      3.398    22.0311    22.0793     5.5854     4.6262 0.0000e+00
        622      3.452    14.2175    14.2115   2.775656   2.780883     2.3695     2.2098     0.0064  0.2190412      3.420    22.0287    22.0778     5.5826     4.6274 0.0000e+00
        623      3.474    14.2222    14.2144   2.775679   2.780894     2.3690     2.2106     0.0064  0.2187448      3.441    22.0262    22.0762     5.5794     4.6285 0.0000e+00
        624      3.497    14.2271    14.2171   2.775705   2.780908     2.3686     2.2114     0.0064  0.2184413      3.464    22.0237    22.0748     5.5764     4.6296 0.0000e+00
        625      3.519    14.2322    14.2197   2.775732   2.780923     2.3681     2.2122     0.0064  0.2181284      3.486    22.0210    22.0734     5.5731     4.6306 0.0000e+00
        626      3.541    14.2376    14.2222   2.775761   2.780939     2.3676     2.2130     0.0064  0.2178041      3.508    22.0182    22.0721     5.5697     4.6316 0.0000e+00
        627      3.563    14.2432    14.2244   2.775793   2.780956     2.3671     2.2138     0.0064  0.2174661      3.530    22.0153    22.0710     5.5663     4.6326 0.0000e+00
        628      3.585    14.2490    14.2263   2.775825   2.780974     2.3666     2.2145     0.0064  0.2171111      3.551    22.0123    22.0701     5.5628     4.6333 0.0000e+00
        629      3.608    14.2550    14.2280   2.775860   2.780992     2.3661     2.2153     0.0064  0.2167360      3.574    22.0092    22.0693     5.5593     4.6342 0.0000e+00
        630      3.630    14.2611    14.2293   2.775895   2.781010     2.3656     2.2160     0.0064  0.2163388      3.596    22.0060    22.0687     5.5557     4.6348 0.0000e+00
        631      3.652    14.2673    14.2303   2.775931   2.781029     2.3651     2.2167     0.0064  0.2159177      3.618    22.0028    22.0683     5.5521     4.6354 0.0000e+00
        632      3.674    14.2736    14.2311   2.775968   2.781048     2.3645     2.2174     0.0064  0.2154697      3.640    21.9995    22.0680     5.5482     4.6360 0.0000e+00
