code/data/2021/ctd_data_day1/Station 3 210921_ctm_fil_le.cnv
* Sea-Bird SBE 9 Data File:
* FileName = C:\Users\CTD-User\Desktop\MAR440\Station 3 210921.hex
* Software Version Seasave V 7.26.2.13
* Temperature SN = 6313
* Conductivity SN = 4758
* Number of Bytes Per Scan = 30
* Number of Voltage Words = 4
* Number of Scans Averaged by the Deck Unit = 1
* NMEA baud rate = 4800
** Ship:
** Station:
** Operator:
# nquan = 11
# nvalues = 5414                        
# units = specified
# name 0 = scan: Scan Count
# name 1 = prDM: Pressure, Digiquartz [db]
# name 2 = t090C: Temperature [ITS-90, deg C]
# name 3 = t190C: Temperature, 2 [ITS-90, deg C]
# name 4 = c0S/m: Conductivity [S/m]
# name 5 = c1S/m: Conductivity, 2 [S/m]
# name 6 = sbeox0V: Oxygen raw, SBE 43 [V]
# name 7 = sbeox1V: Oxygen raw, SBE 43, 2 [V]
# name 8 = flECO-AFL: Fluorescence, WET Labs ECO-AFL/FL [mg/m^3]
# name 9 = upoly0: Upoly 0, Turbidity
# name 10 = flag:  0.000e+00
# span 0 =          1,       5414       
# span 1 =      1.557,     20.473       
# span 2 =     8.0027,    16.1522       
# span 3 =     8.0029,    16.1543       
# span 4 =   2.929389,   3.478761       
# span 5 =   2.988908,   3.479888       
# span 6 =     0.4661,     2.8108       
# span 7 =     0.5272,     2.6596       
# span 8 =     0.0033,     0.0092       
# span 9 =  0.0887572,  0.1879272       
# span 10 = 0.0000e+00, 0.0000e+00      
# interval = seconds: 0.0416667
# start_time = Sep 21 2021 09:31:52 [System UTC, header]
# bad_flag = -9.990e-29
*END*
[from data line 1574]
       1575      1.579    15.4285    15.6319   3.050113   3.087037     2.6846     2.5027     0.0051  0.1760845 -9.990e-29
       1576      1.579    15.4268    15.6314   3.049753   3.086860     2.6837     2.5023     0.0051  0.1762551 -9.990e-29
       1577      1.579    15.4247    15.6310   3.049355   3.086683     2.6828     2.5019     0.0051  0.1764390 -9.990e-29
       1578      1.579    15.4222    15.6306   3.048924   3.086506     2.6818     2.5016     0.0051  0.1766373 -9.990e-29
       1579      1.579    15.4195    15.6301   3.048469   3.086329     2.6809     2.5012     0.0051  0.1768498 -9.990e-29
       1580      1.579    15.4167    15.6294   3.048009   3.086155     2.6798     2.5008     0.0051  0.1770686 -9.990e-29
       1581      1.579    15.4140    15.6286   3.047567   3.085985     2.6788     2.5005     0.0051  0.1772783 -9.990e-29
       1582      1.579    15.4116    15.6276   3.047164   3.085821     2.6777     2.5001     0.0051  0.1774684 -9.990e-29
       1583      1.579    15.4095    15.6266   3.046798   3.085665     2.6766     2.4998     0.0051  0.1776385 -9.990e-29
       1584      1.579    15.4077    15.6256   3.046457   3.085516     2.6755     2.4994     0.0051  0.1777907 -9.990e-29
       1585      1.579    15.4064    15.6248   3.046133   3.085372     2.6743     2.4991     0.0051  0.1779260 -9.990e-29
       1586      1.580    15.4055    15.6241   3.045820   3.085231     2.6731     2.4988     0.0051  0.1780454 -9.990e-29
       1587      1.580    15.4048    15.6236   3.045513   3.085091     2.6719     2.4985     0.0051  0.1781497 -9.990e-29
       1588      1.580    15.4042    15.6233   3.045208   3.084951     2.6707     2.4982     0.0051  0.1782396 -9.990e-29
       1589      1.580    15.4037    15.6231   3.044904   3.084809     2.6695     2.4979     0.0051  0.1783157 -9.990e-29
       1590      1.580    15.4034    15.6230   3.044609   3.084663     2.6683     2.4976     0.0051  0.1783787 -9.990e-29
       1591      1.580    15.4033    15.6230   3.044337   3.084508     2.6670     2.4973     0.0051  0.1784288 -9.990e-29
       1592      1.580    15.4034    15.6231   3.044099   3.084338     2.6658     2.4971     0.0051  0.1784666 -9.990e-29
       1593      1.581    15.4038    15.6231   3.043905   3.084149     2.6646     2.4969     0.0051  0.1784921 -9.990e-29
       1594      1.581    15.4046    15.6231   3.043761   3.083940     2.6633     2.4967     0.0051  0.1785057 -9.990e-29
       1595      1.581    15.4057    15.6230   3.043668   3.083708     2.6621     2.4965     0.0051  0.1785073 -9.990e-29
       1596      1.581    15.4071    15.6228   3.043630   3.083451     2.6608     2.4963     0.0051  0.1784971 -9.990e-29
       1597      1.582    15.4089    15.6224   3.043653   3.083166     2.6596     2.4961     0.0051  0.1784749 -9.990e-29
       1598      1.582    15.4111    15.6219   3.043740   3.082855     2.6583     2.4960     0.0051  0.1784406 -9.990e-29
       1599      1.582    15.4137    15.6212   3.043890   3.082520     2.6571     2.4958     0.0051  0.1783940 -9.990e-29
       1600      1.583    15.4168    15.6204   3.044095   3.082166     2.6559     2.4957     0.0051  0.1783347 -9.990e-29
       1601      1.583    15.4202    15.6195   3.044348   3.081796     2.6547     2.4956     0.0051  0.1782622 -9.990e-29
       1602      1.584    15.4238    15.6185   3.044641   3.081414     2.6535     2.4955     0.0051  0.1781762 -9.990e-29
       1603      1.584    15.4275    15.6173   3.044970   3.081026     2.6523     2.4955     0.0051  0.1780760 -9.990e-29
       1604      1.584    15.4314    15.6161   3.045334   3.080640     2.6511     2.4954     0.0051  0.1779610 -9.990e-29
       1605      1.585    15.4355    15.6150   3.045735   3.080260     2.6499     2.4954     0.0049  0.1778344 -9.990e-29
       1606      1.585    15.4397    15.6139   3.046180   3.079887     2.6488     2.4954     0.0048  0.1777075 -9.990e-29
       1607      1.585    15.4441    15.6129   3.046672   3.079522     2.6476     2.4955     0.0048  0.1775911 -9.990e-29
       1608      1.585    15.4484    15.6119   3.047212   3.079164     2.6465     2.4955     0.0048  0.1774896 -9.990e-29
       1609      1.586    15.4526    15.6111   3.047792   3.078817     2.6454     2.4956     0.0048  0.1774031 -9.990e-29
       1610      1.586    15.4567    15.6102   3.048404   3.078482     2.6442     2.4957     0.0048  0.1773310 -9.990e-29
       1611      1.586    15.4607    15.6093   3.049036   3.078162     2.6432     2.4958     0.0048  0.1772728 -9.990e-29
       1612      1.586    15.4644    15.6084   3.049676   3.077858     2.6421     2.4959     0.0048  0.1772281 -9.990e-29
       1613      1.586    15.4679    15.6075   3.050314   3.077572     2.6410     2.4961     0.0048  0.1771967 -9.990e-29
       1614      1.586    15.4713    15.6066   3.050942   3.077307     2.6400     2.4962     0.0048  0.1771781 -9.990e-29
       1615      1.586    15.4743    15.6058   3.051556   3.077062     2.6389     2.4964     0.0048  0.1771724 -9.990e-29
       1616      1.586    15.4772    15.6051   3.052153   3.076840     2.6379     2.4966     0.0048  0.1771796 -9.990e-29
       1617      1.587    15.4798    15.6045   3.052736   3.076639     2.6369     2.4968     0.0048  0.1771995 -9.990e-29
       1618      1.587    15.4822    15.6039   3.053311   3.076458     2.6359     2.4969     0.0048  0.1772325 -9.990e-29
       1619      1.587    15.4846    15.6033   3.053885   3.076292     2.6349     2.4971     0.0048  0.1772787 -9.990e-29
       1620      1.587    15.4870    15.6027   3.054461   3.076142     2.6340     2.4973     0.0048  0.1773384 -9.990e-29
       1621      1.587    15.4895    15.6021   3.055040   3.076002     2.6330     2.4974     0.0048  0.1774121 -9.990e-29
       1622      1.587    15.4920    15.6015   3.055622   3.075871     2.6321     2.4975     0.0048  0.1775002 -9.990e-29
       1623      1.587    15.4944    15.6010   3.056204   3.075745     2.6312     2.4977     0.0048  0.1776035 -9.990e-29
       1624      1.587    15.4967    15.6005   3.056780   3.075621     2.6304     2.4978     0.0048  0.1777225 -9.990e-29
       1625      1.587    15.4986    15.6000   3.057339   3.075498     2.6295     2.4979     0.0048  0.1778582 -9.990e-29
       1626      1.587    15.5002    15.5996   3.057872   3.075374     2.6287     2.4980     0.0048  0.1780114 -9.990e-29
       1627      1.587    15.5012    15.5991   3.058379   3.075250     2.6279     2.4981     0.0048  0.1781833 -9.990e-29
       1628      1.587    15.5019    15.5988   3.058865   3.075126     2.6271     2.4982     0.0048  0.1783750 -9.990e-29
       1629      1.587    15.5024    15.5985   3.059333   3.075004     2.6263     2.4983     0.0048  0.1785879 -9.990e-29
       1630      1.587    15.5026    15.5983   3.059787   3.074882     2.6256     2.4984     0.0048  0.1788217 -9.990e-29
       1631      1.587    15.5028    15.5981   3.060228   3.074760     2.6249     2.4986     0.0051  0.1790670 -9.990e-29
       1632      1.588    15.5030    15.5978   3.060656   3.074636     2.6242     2.4987     0.0051  0.1793061 -9.990e-29
       1633      1.588    15.5032    15.5974   3.061068   3.074509     2.6235     2.4988     0.0051  0.1795278 -9.990e-29
       1634      1.588    15.5034    15.5969   3.061460   3.074377     2.6229     2.4990     0.0051  0.1797311 -9.990e-29
       1635      1.588    15.5036    15.5962   3.061829   3.074239     2.6222     2.4991     0.0051  0.1799175 -9.990e-29
       1636      1.588    15.5036    15.5954   3.062174   3.074097     2.6216     2.4993     0.0051  0.1800882 -9.990e-29
       1637      1.588    15.5036    15.5945   3.062494   3.073954     2.6210     2.4994     0.0051  0.1802444 -9.990e-29
       1638      1.588    15.5035    15.5937   3.062789   3.073813     2.6205     2.4996     0.0051  0.1803872 -9.990e-29
       1639      1.588    15.5033    15.5928   3.063061   3.073681     2.6199     2.4998     0.0051  0.1805176 -9.990e-29
       1640      1.588    15.5029    15.5920   3.063310   3.073561     2.6194     2.5000     0.0051  0.1806365 -9.990e-29
       1641      1.588    15.5024    15.5912   3.063537   3.073452     2.6188     2.5001     0.0051  0.1807447 -9.990e-29
       1642      1.588    15.5019    15.5904   3.063745   3.073348     2.6183     2.5004     0.0051  0.1808431 -9.990e-29
       1643      1.588    15.5015    15.5896   3.063935   3.073245     2.6178     2.5006     0.0051  0.1809322 -9.990e-29
       1644      1.588    15.5012    15.5888   3.064106   3.073136     2.6173     2.5008     0.0051  0.1810127 -9.990e-29
       1645      1.589    15.5010    15.5880   3.064260   3.073018     2.6168     2.5010     0.0051  0.1810851 -9.990e-29
       1646      1.589    15.5009    15.5871   3.064398   3.072891     2.6164     2.5013     0.0051  0.1811500 -9.990e-29
       1647      1.589    15.5008    15.5863   3.064522   3.072758     2.6159     2.5016     0.0051  0.1812078 -9.990e-29
       1648      1.589    15.5006    15.5855   3.064633   3.072622     2.6154     2.5019     0.0051  0.1812598 -9.990e-29
       1649      1.590    15.5003    15.5848   3.064732   3.072484     2.6150     2.5022     0.0051  0.1813072 -9.990e-29
       1650      1.590    15.4998    15.5841   3.064817   3.072346     2.6145     2.5025     0.0051  0.1813493 -9.990e-29
       1651      1.590    15.4992    15.5833   3.064889   3.072208     2.6141     2.5028     0.0051  0.1813858 -9.990e-29
       1652      1.590    15.4986    15.5826   3.064946   3.072073     2.6136     2.5031     0.0051  0.1814169 -9.990e-29
       1653      1.590    15.4981    15.5818   3.064988   3.071942     2.6132     2.5034     0.0051  0.1814427 -9.990e-29
       1654      1.590    15.4976    15.5812   3.065016   3.071818     2.6128     2.5038     0.0051  0.1814634 -9.990e-29
       1655      1.590    15.4973    15.5806   3.065033   3.071705     2.6123     2.5041     0.0051  0.1814792 -9.990e-29
       1656      1.590    15.4970    15.5801   3.065042   3.071609     2.6119     2.5044     0.0051  0.1814911 -9.990e-29
       1657      1.590    15.4968    15.5797   3.065045   3.071532     2.6115     2.5047     0.0051  0.1815008 -9.990e-29
       1658      1.590    15.4967    15.5794   3.065045   3.071479     2.6110     2.5050     0.0051  0.1815092 -9.990e-29
       1659      1.590    15.4965    15.5791   3.065045   3.071451     2.6106     2.5053     0.0051  0.1815164 -9.990e-29
       1660      1.590    15.4965    15.5790   3.065046   3.071449     2.6101     2.5056     0.0051  0.1815225 -9.990e-29
       1661      1.590    15.4964    15.5790   3.065048   3.071475     2.6097     2.5059     0.0051  0.1815275 -9.990e-29
       1662      1.590    15.4966    15.5791   3.065050   3.071530     2.6093     2.5062     0.0051  0.1815314 -9.990e-29
       1663      1.589    15.4968    15.5793   3.065048   3.071612     2.6088     2.5065     0.0051  0.1815343 -9.990e-29
       1664      1.589    15.4973    15.5796   3.065040   3.071722     2.6083     2.5068     0.0051  0.1815362 -9.990e-29
       1665      1.589    15.4979    15.5801   3.065023   3.071859     2.6078     2.5071     0.0051  0.1815370 -9.990e-29
       1666      1.589    15.4985    15.5805   3.064996   3.072017     2.6074     2.5074     0.0051  0.1815369 -9.990e-29
       1667      1.589    15.4990    15.5810   3.064957   3.072192     2.6069     2.5077     0.0051  0.1815365 -9.990e-29
       1668      1.589    15.4994    15.5815   3.064908   3.072376     2.6064     2.5080     0.0051  0.1815369 -9.990e-29
       1669      1.588    15.4997    15.5820   3.064847   3.072567     2.6059     2.5083     0.0051  0.1815371 -9.990e-29
       1670      1.588    15.4998    15.5825   3.064773   3.072761     2.6054     2.5086     0.0051  0.1815364 -9.990e-29
       1671      1.588    15.4997    15.5830   3.064684   3.072955     2.6048     2.5089     0.0051  0.1815346 -9.990e-29
       1672      1.588    15.4994    15.5834   3.064578   3.073144     2.6043     2.5092     0.0051  0.1815318 -9.990e-29
       1673      1.588    15.4990    15.5838   3.064456   3.073324     2.6038     2.5095     0.0051  0.1815279 -9.990e-29
       1674      1.588    15.4984    15.5843   3.064318   3.073493     2.6033     2.5098     0.0051  0.1815230 -9.990e-29
       1675      1.588    15.4977    15.5848   3.064167   3.073648     2.6027     2.5101     0.0051  0.1815170 -9.990e-29
       1676      1.587    15.4968    15.5854   3.064005   3.073785     2.6022     2.5104     0.0051  0.1815098 -9.990e-29
       1677      1.587    15.4957    15.5860   3.063832   3.073902     2.6016     2.5107     0.0051  0.1815015 -9.990e-29
       1678      1.587    15.4945    15.5866   3.063649   3.073995     2.6010     2.5110     0.0051  0.1814919 -9.990e-29
       1679      1.587    15.4933    15.5870   3.063459   3.074062     2.6005     2.5113     0.0051  0.1814809 -9.990e-29
       1680      1.587    15.4922    15.5874   3.063264   3.074100     2.5999     2.5116     0.0051  0.1814686 -9.990e-29
       1681      1.587    15.4914    15.5876   3.063065   3.074106     2.5993     2.5120     0.0051  0.1814548 -9.990e-29
       1682      1.586    15.4909    15.5878   3.062864   3.074082     2.5987     2.5123     0.0049  0.1814386 -9.990e-29
       1683      1.586    15.4907    15.5878   3.062666   3.074026     2.5981     2.5126     0.0049  0.1814173 -9.990e-29
       1684      1.586    15.4909    15.5878   3.062475   3.073940     2.5975     2.5129     0.0049  0.1813882 -9.990e-29
       1685      1.586    15.4913    15.5877   3.062294   3.073822     2.5970     2.5132     0.0049  0.1813503 -9.990e-29
       1686      1.586    15.4918    15.5875   3.062122   3.073672     2.5964     2.5135     0.0049  0.1813033 -9.990e-29
       1687      1.585    15.4924    15.5872   3.061957   3.073489     2.5958     2.5138     0.0049  0.1812468 -9.990e-29
       1688      1.585    15.4929    15.5869   3.061794   3.073276     2.5952     2.5141     0.0049  0.1811806 -9.990e-29
       1689      1.585    15.4934    15.5866   3.061629   3.073035     2.5946     2.5144     0.0049  0.1811040 -9.990e-29
       1690      1.585    15.4937    15.5862   3.061457   3.072772     2.5940     2.5147     0.0049  0.1810167 -9.990e-29
       1691      1.585    15.4939    15.5858   3.061276   3.072492     2.5934     2.5150     0.0049  0.1809179 -9.990e-29
       1692      1.585    15.4941    15.5853   3.061080   3.072201     2.5928     2.5153     0.0049  0.1808070 -9.990e-29
       1693      1.585    15.4941    15.5849   3.060865   3.071903     2.5922     2.5156     0.0049  0.1806833 -9.990e-29
       1694      1.584    15.4941    15.5844   3.060627   3.071600     2.5917     2.5159     0.0049  0.1805458 -9.990e-29
       1695      1.584    15.4941    15.5838   3.060364   3.071295     2.5911     2.5162     0.0049  0.1803936 -9.990e-29
       1696      1.584    15.4940    15.5832   3.060077   3.070993     2.5905     2.5165     0.0049  0.1802256 -9.990e-29
       1697      1.584    15.4938    15.5825   3.059764   3.070699     2.5900     2.5168     0.0049  0.1800408 -9.990e-29
       1698      1.584    15.4936    15.5818   3.059428   3.070416     2.5894     2.5171     0.0049  0.1798377 -9.990e-29
       1699      1.584    15.4933    15.5811   3.059073   3.070145     2.5889     2.5174     0.0049  0.1796150 -9.990e-29
       1700      1.583    15.4928    15.5804   3.058699   3.069884     2.5883     2.5177     0.0049  0.1793712 -9.990e-29
       1701      1.583    15.4922    15.5797   3.058311   3.069630     2.5878     2.5180     0.0049  0.1791045 -9.990e-29
       1702      1.583    15.4914    15.5790   3.057912   3.069379     2.5872     2.5183     0.0049  0.1788130 -9.990e-29
       1703      1.582    15.4903    15.5783   3.057509   3.069126     2.5867     2.5186     0.0049  0.1784957 -9.990e-29
       1704      1.582    15.4891    15.5776   3.057108   3.068870     2.5861     2.5189     0.0049  0.1781511 -9.990e-29
