code/data/2021/ctd_data_day1/Station 6 210921.cnv
* Sea-Bird SBE 9 Data File:
* FileName = C:\Users\CTD-User\Desktop\MAR440\Station 6 210921.hex
* Software Version Seasave V 7.26.2.13
* Temperature SN = 6313
* Conductivity SN = 4758
* Number of Bytes Per Scan = 30
* Number of Voltage Words = 4
* Number of Scans Averaged by the Deck Unit = 1
* NMEA baud rate = 4800
** Ship:
** Station:
** Operator:
# nquan = 11
# nvalues = 4130                                  
# units = specified
# name 0 = scan: Scan Count
# name 1 = prDM: Pressure, Digiquartz [db]
# name 2 = t090C: Temperature [ITS-90, deg C]
# name 3 = t190C: Temperature, 2 [ITS-90, deg C]
# name 4 = c0S/m: Conductivity [S/m]
# name 5 = c1S/m: Conductivity, 2 [S/m]
# name 6 = sbeox0V: Oxygen raw, SBE 43 [V]
# name 7 = sbeox1V: Oxygen raw, SBE 43, 2 [V]
# name 8 = flECO-AFL: Fluorescence, WET Labs ECO-AFL/FL [mg/m^3]
# name 9 = upoly0: Upoly 0, Turbidity
# name 10 = flag:  0.000e+00
# span 0 =          1,       4130                 
# span 1 =      0.253,     37.833                 
# span 2 =     5.3479,    16.0630                 
# span 3 =     5.3023,    16.0241                 
# span 4 =   2.889974,   3.756277                 
# span 5 =   2.888113,   3.757342                 
# span 6 =     0.4808,     2.8071                 
# span 7 =     0.5443,     2.7595                 
# span 8 =     0.0033,     0.0189                 
# span 9 =  0.0854664,  0.1670293                 
# span 10 = 0.0000e+00, 0.0000e+00                
# interval = seconds: 0.0416667
# start_time = Sep 21 2021 10:55:39 [System UTC, header]
# bad_flag = -9.990e-29
*END*
[from data line 4066]
       4067     37.348     6.6851     6.6848   3.243209   3.244121     0.4881     0.5480     0.0146  0.0874200  0.000e+00
       4068     37.339     6.6849     6.6849   3.243089   3.244166     0.4894     0.5480     0.0146  0.0874200  0.000e+00
       4069     37.339     6.6832     6.6851   3.243117   3.244160     0.4906     0.5480     0.0146  0.0874200  0.000e+00
       4070     37.339     6.6811     6.6853   3.243106   3.244149     0.4906     0.5492     0.0146  0.0874200  0.000e+00
       4071     37.347     6.6785     6.6854   3.243060   3.244149     0.4906     0.5480     0.0146  0.0874200  0.000e+00
       4072     37.339     6.6764     6.6851   3.243072   3.244217     0.4881     0.5480     0.0146  0.0874200  0.000e+00
       4073     37.339     6.6759     6.6851   3.243060   3.244194     0.4881     0.5480     0.0146  0.0874200  0.000e+00
       4074     37.405     6.6754     6.6854   3.242940   3.244200     0.4894     0.5480     0.0146  0.0874200  0.000e+00
       4075     37.405     6.6744     6.6854   3.242883   3.244211     0.4894     0.5480     0.0146  0.0874200  0.000e+00
       4076     37.347     6.6745     6.6856   3.242786   3.244166     0.4881     0.5480     0.0146  0.0874200  0.000e+00
       4077     37.405     6.6754     6.6843   3.242855   3.244149     0.4881     0.5480     0.0146  0.0874200  0.000e+00
       4078     37.405     6.6770     6.6829   3.242900   3.244104     0.4881     0.5480     0.0146  0.0874200  0.000e+00
       4079     37.405     6.6790     6.6814   3.242883   3.244093     0.4894     0.5480     0.0146  0.0874200  0.000e+00
       4080     37.463     6.6795     6.6816   3.242832   3.244025     0.4894     0.5480     0.0146  0.0874200  0.000e+00
       4081     37.405     6.6793     6.6816   3.242820   3.244070     0.4869     0.5480     0.0146  0.0874200  0.000e+00
       4082     37.463     6.6780     6.6812   3.242883   3.244070     0.4881     0.5480     0.0146  0.0874200  0.000e+00
       4083     37.463     6.6816     6.6858   3.242883   3.244109     0.4894     0.5480     0.0148  0.0874200  0.000e+00
       4084     37.463     5.6133     5.5604   3.242855   3.244020     0.4942     0.5480     0.0145  0.0874200  0.000e+00
       4085     37.405     6.6775     6.6812   3.242866   3.243957     0.4820     0.5468     0.0146  0.0874200  0.000e+00
       4086     37.521     6.6774     6.6800   3.242878   3.243946     0.4857     0.5480     0.0146  0.0874200  0.000e+00
       4087     37.463     6.6780     6.6780   3.242940   3.243991     0.4869     0.5480     0.0146  0.0874200  0.000e+00
       4088     37.521     6.6772     6.6762   3.242918   3.243872     0.4906     0.5468     0.0146  0.0874200  0.000e+00
       4089     37.463     6.6770     6.6745   3.242792   3.243940     0.4894     0.5468     0.0146  0.0874200  0.000e+00
       4090     37.463     6.6767     6.6746   3.242826   3.243844     0.4881     0.5468     0.0146  0.0874200  0.000e+00
       4091     37.521     6.6772     6.6739   3.242832   3.243867     0.4869     0.5468     0.0146  0.0874200  0.000e+00
       4092     37.521     6.6769     6.6735   3.242929   3.243776     0.4869     0.5468     0.0146  0.0869316  0.000e+00
       4093     37.529     6.6759     6.6747   3.242895   3.243782     0.4881     0.5468     0.0146  0.0874200  0.000e+00
       4094     37.521     6.6754     6.6765   3.242895   3.243816     0.4881     0.5468     0.0148  0.0879084  0.000e+00
       4095     37.520     6.6755     6.6778   3.242815   3.243872     0.4869     0.5468     0.0146  0.0879084  0.000e+00
       4096     37.586     6.6758     6.6785   3.242741   3.243838     0.4857     0.5468     0.0146  0.0879084  0.000e+00
       4097     37.529     6.6751     6.6774   3.242706   3.243850     0.4857     0.5468     0.0148  0.0879084  0.000e+00
       4098     37.586     6.6746     6.6762   3.242769   3.243833     0.4881     0.5468     0.0146  0.0879084  0.000e+00
       4099     37.520     6.6753     6.6750   3.242815   3.243805     0.4881     0.5468     0.0148  0.0879084  0.000e+00
       4100     37.586     6.6762     6.6751   3.242883   3.243816     0.4869     0.5468     0.0148  0.0879084  0.000e+00
       4101     37.586     6.6764     6.6743   3.242815   3.243827     0.4857     0.5456     0.0148  0.0874200  0.000e+00
       4102     37.644     6.6767     6.6734   3.242855   3.243765     0.4857     0.5468     0.0146  0.0879084  0.000e+00
       4103     37.586     5.7370     5.6747   3.242819   3.243770     0.4979     0.5468     0.0148  0.0879084  0.000e+00
       4104     37.586     6.6787     6.6720   3.242741   3.243658     0.4845     0.5468     0.0148  0.0874200  0.000e+00
       4105     37.586     6.6759     6.6697   3.242849   3.243624     0.4808     0.5456     0.0148  0.0879084  0.000e+00
       4106     37.652     6.6738     6.6689   3.242838   3.243601     0.4857     0.5468     0.0148  0.0879084  0.000e+00
       4107     37.644     6.6713     6.6689   3.242792   3.243573     0.4857     0.5468     0.0148  0.0879084  0.000e+00
       4108     37.586     6.6700     6.6689   3.242741   3.243539     0.4881     0.5468     0.0146  0.0874200  0.000e+00
       4109     37.644     6.6695     6.6691   3.242615   3.243601     0.4869     0.5468     0.0148  0.0879084  0.000e+00
       4110     37.652     6.6690     6.6689   3.242558   3.243534     0.4857     0.5456     0.0148  0.0879084  0.000e+00
       4111     37.710     6.6691     6.6684   3.242461   3.243573     0.4857     0.5456     0.0148  0.0879084  0.000e+00
       4112     37.644     6.6689     6.6679   3.242484   3.243528     0.4869     0.5456     0.0148  0.0879084  0.000e+00
       4113     37.644     6.6694     6.6679   3.242626   3.243505     0.4881     0.5468     0.0148  0.0883968  0.000e+00
       4114     37.710     6.6703     6.6684   3.242672   3.243505     0.4869     0.5456     0.0148  0.0879084  0.000e+00
       4115     37.644     6.6707     6.6682   3.242649   3.243522     0.4857     0.5456     0.0148  0.0879084  0.000e+00
       4116     37.710     6.6707     6.6684   3.242661   3.243466     0.4857     0.5456     0.0148  0.0879084  0.000e+00
       4117     37.710     6.6707     6.6685   3.242621   3.243511     0.4869     0.5456     0.0148  0.0879084  0.000e+00
       4118     37.710     6.6708     6.6691   3.242564   3.243534     0.4869     0.5456     0.0146  0.0874200  0.000e+00
       4119     37.710     6.6711     6.6690   3.242495   3.243556     0.4857     0.5456     0.0143  0.0874200  0.000e+00
       4120     37.710     6.6710     6.6689   3.242444   3.243539     0.4857     0.5456     0.0143  0.0874200  0.000e+00
       4121     37.767     6.6708     6.6689   3.242609   3.243511     0.4857     0.5443     0.0143  0.0874200  0.000e+00
       4122     37.710     6.6699     6.6687   3.242672   3.243545     0.4869     0.5456     0.0143  0.0874200  0.000e+00
       4123     37.767     6.6687     6.6689   3.242621   3.243494     0.4869     0.5456     0.0143  0.0874200  0.000e+00
       4124     37.710     6.6686     6.6690   3.242609   3.243494     0.4857     0.5456     0.0143  0.0874200  0.000e+00
       4125     37.767     6.6683     6.6691   3.242564   3.243483     0.4845     0.5456     0.0143  0.0874200  0.000e+00
       4126     37.767     6.6679     6.6684   3.242552   3.243494     0.4857     0.5456     0.0141  0.0874200  0.000e+00
       4127     37.767     5.8024     5.7235   3.242504   3.243448     0.4943     0.5456     0.0143  0.0874200  0.000e+00
       4128     37.767     6.6703     6.6708   3.242575   3.243460     0.4808     0.5443     0.0143  0.0874200  0.000e+00
       4129     37.767     6.6699     6.6697   3.242632   3.243517     0.4820     0.5456     0.0143  0.0874200  0.000e+00
       4130     37.833     6.6697     6.6694   3.242615   3.243534     0.4857     0.5456     0.0141  0.0874200  0.000e+00
