code/data/2021/ctd_data_day1/Station 4ex 210921_ctm_fil.cnv
* Sea-Bird SBE 9 Data File:
* FileName = C:\Users\CTD-User\Desktop\MAR440\Station 4ex 210921.hex
* Software Version Seasave V 7.26.2.13
* Temperature SN = 6313
* Conductivity SN = 4758
* Number of Bytes Per Scan = 30
* Number of Voltage Words = 4
* Number of Scans Averaged by the Deck Unit = 1
* NMEA baud rate = 4800
** Ship:
** Station:
** Operator:
# nquan = 11
# nvalues = 6123                        
# units = specified
# name 0 = scan: Scan Count
# name 1 = prDM: Pressure, Digiquartz [db]
# name 2 = t090C: Temperature [ITS-90, deg C]
# name 3 = t190C: Temperature, 2 [ITS-90, deg C]
# name 4 = c0S/m: Conductivity [S/m]
# name 5 = c1S/m: Conductivity, 2 [S/m]
# name 6 = sbeox0V: Oxygen raw, SBE 43 [V]
# name 7 = sbeox1V: Oxygen raw, SBE 43, 2 [V]
# name 8 = flECO-AFL: Fluorescence, WET Labs ECO-AFL/FL [mg/m^3]
# name 9 = upoly0: Upoly 0, Turbidity
# name 10 = flag:  0.000e+00
# span 0 =          1,       6123       
# span 1 =      0.319,     43.468       
# span 2 =     7.9826,    16.0004       
# span 3 =     7.9840,    15.8854       
# span 4 =  -0.000377,   3.472125       
# span 5 =   0.283373,   3.472588       
# span 6 =     0.4705,     3.1926       
# span 7 =     0.5358,     3.0371       
# span 8 =     0.0033,     0.0524       
# span 9 =  0.0805253,  0.2126995       
# span 10 = 0.0000e+00, 0.0000e+00      
# interval = seconds: 0.0416667
# start_time = Sep 21 2021 12:21:52 [System UTC, header]
# bad_flag = -9.990e-29
*END*
[from data line 5378]
       5379     38.399     8.6985     8.6991   3.415051   3.415862     0.4811     0.5509     0.0038  0.1155365 0.0000e+00
       5380     38.420     8.6984     8.6990   3.415053   3.415863     0.4810     0.5509     0.0038  0.1155463 0.0000e+00
       5381     38.442     8.6983     8.6989   3.415056   3.415865     0.4810     0.5509     0.0038  0.1155548 0.0000e+00
       5382     38.463     8.6982     8.6988   3.415058   3.415866     0.4810     0.5508     0.0038  0.1155619 0.0000e+00
       5383     38.484     8.6981     8.6987   3.415061   3.415867     0.4810     0.5508     0.0038  0.1155677 0.0000e+00
       5384     38.506     8.6979     8.6986   3.415063   3.415867     0.4810     0.5508     0.0038  0.1155723 0.0000e+00
       5385     38.527     8.6978     8.6984   3.415065   3.415868     0.4810     0.5507     0.0038  0.1155757 0.0000e+00
       5386     38.548     8.6977     8.6983   3.415067   3.415868     0.4809     0.5507     0.0038  0.1155778 0.0000e+00
       5387     38.569     8.6976     8.6982   3.415070   3.415869     0.4809     0.5507     0.0038  0.1155788 0.0000e+00
       5388     38.590     8.6974     8.6981   3.415072   3.415870     0.4809     0.5507     0.0038  0.1155786 0.0000e+00
       5389     38.612     8.6973     8.6979   3.415074   3.415871     0.4809     0.5506     0.0038  0.1155773 0.0000e+00
       5390     38.633     8.6972     8.6978   3.415075   3.415871     0.4809     0.5506     0.0038  0.1155747 0.0000e+00
       5391     38.654     8.6970     8.6976   3.415077   3.415872     0.4809     0.5506     0.0038  0.1155710 0.0000e+00
       5392     38.675     8.6969     8.6975   3.415078   3.415872     0.4809     0.5506     0.0038  0.1155660 0.0000e+00
       5393     38.696     8.6967     8.6974   3.415079   3.415873     0.4808     0.5506     0.0038  0.1155598 0.0000e+00
       5394     38.717     8.6966     8.6972   3.415079   3.415873     0.4808     0.5505     0.0038  0.1155523 0.0000e+00
       5395     38.738     8.6964     8.6971   3.415079   3.415872     0.4808     0.5505     0.0038  0.1155434 0.0000e+00
       5396     38.759     8.6963     8.6969   3.415079   3.415872     0.4808     0.5505     0.0038  0.1155331 0.0000e+00
       5397     38.780     8.6962     8.6968   3.415079   3.415871     0.4807     0.5505     0.0038  0.1155213 0.0000e+00
       5398     38.801     8.6960     8.6966   3.415078   3.415871     0.4807     0.5505     0.0038  0.1155079 0.0000e+00
       5399     38.823     8.6959     8.6965   3.415077   3.415870     0.4807     0.5504     0.0038  0.1154937 0.0000e+00
       5400     38.844     8.6957     8.6963   3.415076   3.415869     0.4807     0.5504     0.0038  0.1154803 0.0000e+00
       5401     38.865     8.6956     8.6962   3.415075   3.415868     0.4807     0.5504     0.0038  0.1154684 0.0000e+00
       5402     38.885     8.6954     8.6960   3.415074   3.415867     0.4807     0.5504     0.0038  0.1154580 0.0000e+00
       5403     38.906     8.6953     8.6959   3.415073   3.415866     0.4807     0.5504     0.0038  0.1154490 0.0000e+00
       5404     38.927     8.6951     8.6957   3.415072   3.415865     0.4807     0.5503     0.0038  0.1154413 0.0000e+00
       5405     38.948     8.6950     8.6956   3.415072   3.415864     0.4807     0.5503     0.0038  0.1154349 0.0000e+00
       5406     38.969     8.6948     8.6955   3.415071   3.415863     0.4806     0.5503     0.0038  0.1154297 0.0000e+00
       5407     38.990     8.6947     8.6953   3.415071   3.415863     0.4806     0.5503     0.0038  0.1154257 0.0000e+00
       5408     39.011     8.6945     8.6952   3.415070   3.415862     0.4806     0.5502     0.0038  0.1154228 0.0000e+00
       5409     39.032     8.6944     8.6950   3.415071   3.415861     0.4806     0.5502     0.0038  0.1154211 0.0000e+00
       5410     39.053     8.6943     8.6949   3.415072   3.415861     0.4806     0.5502     0.0038  0.1154205 0.0000e+00
       5411     39.074     8.6941     8.6947   3.415073   3.415861     0.4806     0.5501     0.0038  0.1154210 0.0000e+00
       5412     39.095     8.6940     8.6946   3.415074   3.415860     0.4806     0.5501     0.0038  0.1154227 0.0000e+00
       5413     39.116     8.6938     8.6944   3.415075   3.415861     0.4806     0.5500     0.0038  0.1154255 0.0000e+00
       5414     39.138     8.6937     8.6943   3.415076   3.415861     0.4806     0.5500     0.0038  0.1154295 0.0000e+00
       5415     39.159     8.6936     8.6942   3.415077   3.415862     0.4806     0.5500     0.0038  0.1154346 0.0000e+00
       5416     39.180     8.6934     8.6940   3.415079   3.415863     0.4806     0.5499     0.0038  0.1154410 0.0000e+00
       5417     39.201     8.6933     8.6939   3.415080   3.415864     0.4806     0.5499     0.0038  0.1154486 0.0000e+00
       5418     39.221     8.6932     8.6938   3.415081   3.415865     0.4806     0.5498     0.0038  0.1154576 0.0000e+00
       5419     39.242     8.6930     8.6937   3.415083   3.415866     0.4805     0.5498     0.0040  0.1154679 0.0000e+00
       5420     39.263     8.6929     8.6935   3.415085   3.415867     0.4805     0.5498     0.0038  0.1154797 0.0000e+00
       5421     39.285     8.6928     8.6934   3.415087   3.415867     0.4805     0.5497     0.0038  0.1154930 0.0000e+00
       5422     39.306     8.6927     8.6933   3.415089   3.415868     0.4805     0.5497     0.0038  0.1155080 0.0000e+00
       5423     39.327     8.6925     8.6931   3.415090   3.415868     0.4805     0.5497     0.0038  0.1155247 0.0000e+00
       5424     39.348     8.6924     8.6930   3.415090   3.415868     0.4805     0.5496     0.0038  0.1155432 0.0000e+00
       5425     39.369     8.6923     8.6928   3.415091   3.415868     0.4804     0.5496     0.0040  0.1155629 0.0000e+00
       5426     39.390     8.6921     8.6927   3.415091   3.415867     0.4804     0.5496     0.0040  0.1155821 0.0000e+00
       5427     39.411     8.6920     8.6925   3.415091   3.415866     0.4804     0.5495     0.0040  0.1156002 0.0000e+00
       5428     39.432     8.6918     8.6924   3.415091   3.415866     0.4804     0.5495     0.0038  0.1156173 0.0000e+00
       5429     39.453     8.6917     8.6922   3.415091   3.415865     0.4803     0.5495     0.0040  0.1156335 0.0000e+00
       5430     39.474     8.6915     8.6921   3.415092   3.415864     0.4803     0.5495     0.0040  0.1156488 0.0000e+00
       5431     39.495     8.6914     8.6919   3.415092   3.415862     0.4803     0.5494     0.0040  0.1156635 0.0000e+00
       5432     39.516     8.6913     8.6918   3.415092   3.415861     0.4803     0.5494     0.0040  0.1156776 0.0000e+00
       5433     39.537     8.6911     8.6916   3.415091   3.415859     0.4802     0.5494     0.0040  0.1156912 0.0000e+00
       5434     39.558     8.6910     8.6915   3.415089   3.415856     0.4802     0.5494     0.0040  0.1157044 0.0000e+00
       5435     39.580     8.6909     8.6913   3.415087   3.415852     0.4802     0.5494     0.0040  0.1157174 0.0000e+00
       5436     39.601     8.6907     8.6912   3.415084   3.415848     0.4802     0.5493     0.0040  0.1157301 0.0000e+00
       5437     39.622     8.6906     8.6910   3.415081   3.415844     0.4802     0.5493     0.0040  0.1157427 0.0000e+00
       5438     39.643     8.6904     8.6909   3.415077   3.415839     0.4801     0.5493     0.0040  0.1157553 0.0000e+00
       5439     39.664     8.6903     8.6907   3.415073   3.415834     0.4801     0.5493     0.0040  0.1157679 0.0000e+00
       5440     39.686     8.6902     8.6906   3.415069   3.415829     0.4801     0.5493     0.0040  0.1157807 0.0000e+00
       5441     39.707     8.6900     8.6905   3.415065   3.415825     0.4801     0.5493     0.0040  0.1157937 0.0000e+00
       5442     39.728     8.6899     8.6903   3.415060   3.415820     0.4801     0.5492     0.0040  0.1158070 0.0000e+00
       5443     39.749     8.6898     8.6902   3.415055   3.415816     0.4800     0.5492     0.0040  0.1158207 0.0000e+00
       5444     39.771     8.6896     8.6901   3.415051   3.415811     0.4800     0.5492     0.0040  0.1158350 0.0000e+00
       5445     39.792     8.6895     8.6900   3.415047   3.415807     0.4800     0.5492     0.0040  0.1158498 0.0000e+00
       5446     39.813     8.6894     8.6899   3.415042   3.415802     0.4799     0.5492     0.0040  0.1158654 0.0000e+00
       5447     39.835     8.6893     8.6897   3.415038   3.415798     0.4799     0.5491     0.0040  0.1158818 0.0000e+00
       5448     39.856     8.6891     8.6896   3.415034   3.415794     0.4799     0.5491     0.0040  0.1158991 0.0000e+00
       5449     39.878     8.6890     8.6895   3.415030   3.415791     0.4798     0.5491     0.0040  0.1159175 0.0000e+00
       5450     39.899     8.6889     8.6894   3.415026   3.415787     0.4798     0.5491     0.0040  0.1159370 0.0000e+00
       5451     39.921     8.6888     8.6893   3.415022   3.415783     0.4797     0.5490     0.0040  0.1159571 0.0000e+00
       5452     39.942     8.6887     8.6892   3.415018   3.415779     0.4797     0.5490     0.0040  0.1159760 0.0000e+00
       5453     39.964     8.6886     8.6891   3.415015   3.415775     0.4796     0.5490     0.0040  0.1159932 0.0000e+00
       5454     39.986     8.6885     8.6890   3.415011   3.415772     0.4796     0.5489     0.0040  0.1160086 0.0000e+00
       5455     40.008     8.6884     8.6889   3.415008   3.415768     0.4796     0.5489     0.0040  0.1160225 0.0000e+00
       5456     40.029     8.6883     8.6888   3.415004   3.415764     0.4795     0.5489     0.0040  0.1160349 0.0000e+00
       5457     40.051     8.6882     8.6887   3.415001   3.415761     0.4795     0.5488     0.0040  0.1160459 0.0000e+00
       5458     40.073     8.6881     8.6886   3.414999   3.415759     0.4795     0.5488     0.0040  0.1160555 0.0000e+00
       5459     40.095     8.6880     8.6885   3.414997   3.415756     0.4795     0.5488     0.0040  0.1160640 0.0000e+00
       5460     40.116     8.6879     8.6884   3.414994   3.415755     0.4794     0.5487     0.0040  0.1160720 0.0000e+00
       5461     40.138     8.6878     8.6883   3.414992   3.415753     0.4794     0.5487     0.0040  0.1160807 0.0000e+00
       5462     40.160     8.6877     8.6883   3.414990   3.415753     0.4794     0.5486     0.0040  0.1160891 0.0000e+00
       5463     40.182     8.6876     8.6882   3.414988   3.415752     0.4794     0.5486     0.0040  0.1160965 0.0000e+00
       5464     40.204     8.6875     8.6881   3.414987   3.415751     0.4794     0.5486     0.0040  0.1161037 0.0000e+00
       5465     40.226     8.6875     8.6880   3.414986   3.415750     0.4793     0.5485     0.0040  0.1161126 0.0000e+00
       5466     40.248     8.6874     8.6879   3.414986   3.415750     0.4793     0.5485     0.0040  0.1161232 0.0000e+00
       5467     40.270     8.6873     8.6878   3.414985   3.415750     0.4793     0.5485     0.0040  0.1161339 0.0000e+00
       5468     40.292     8.6872     8.6878   3.414985   3.415750     0.4793     0.5484     0.0040  0.1161438 0.0000e+00
       5469     40.314     8.6872     8.6877   3.414985   3.415750     0.4792     0.5484     0.0040  0.1161531 0.0000e+00
       5470     40.336     8.6871     8.6876   3.414985   3.415750     0.4792     0.5484     0.0040  0.1161618 0.0000e+00
       5471     40.358     8.6870     8.6876   3.414985   3.415749     0.4792     0.5483     0.0040  0.1161701 0.0000e+00
       5472     40.380     8.6870     8.6875   3.414986   3.415749     0.4792     0.5483     0.0040  0.1161778 0.0000e+00
       5473     40.402     8.6869     8.6874   3.414986   3.415748     0.4791     0.5483     0.0040  0.1161852 0.0000e+00
       5474     40.425     8.6869     8.6873   3.414986   3.415747     0.4791     0.5483     0.0040  0.1161922 0.0000e+00
       5475     40.447     8.6868     8.6873   3.414986   3.415747     0.4791     0.5482     0.0040  0.1161989 0.0000e+00
       5476     40.469     8.6867     8.6872   3.414986   3.415745     0.4790     0.5482     0.0040  0.1162054 0.0000e+00
       5477     40.491     8.6867     8.6871   3.414986   3.415743     0.4790     0.5482     0.0040  0.1162116 0.0000e+00
       5478     40.513     8.6866     8.6871   3.414986   3.415741     0.4790     0.5482     0.0040  0.1162177 0.0000e+00
       5479     40.535     8.6865     8.6870   3.414985   3.415739     0.4789     0.5481     0.0040  0.1162236 0.0000e+00
       5480     40.558     8.6865     8.6869   3.414984   3.415736     0.4789     0.5481     0.0040  0.1162295 0.0000e+00
       5481     40.580     8.6864     8.6869   3.414983   3.415733     0.4789     0.5481     0.0040  0.1162353 0.0000e+00
       5482     40.602     8.6864     8.6868   3.414982   3.415730     0.4789     0.5481     0.0040  0.1162411 0.0000e+00
       5483     40.625     8.6863     8.6867   3.414981   3.415727     0.4788     0.5481     0.0040  0.1162469 0.0000e+00
       5484     40.647     8.6862     8.6867   3.414979   3.415723     0.4788     0.5481     0.0040  0.1162529 0.0000e+00
       5485     40.669     8.6862     8.6866   3.414978   3.415720     0.4788     0.5480     0.0040  0.1162589 0.0000e+00
       5486     40.692     8.6861     8.6865   3.414976   3.415718     0.4787     0.5480     0.0040  0.1162651 0.0000e+00
       5487     40.715     8.6860     8.6865   3.414974   3.415715     0.4787     0.5480     0.0040  0.1162716 0.0000e+00
       5488     40.737     8.6860     8.6864   3.414972   3.415713     0.4787     0.5480     0.0040  0.1162782 0.0000e+00
       5489     40.760     8.6859     8.6864   3.414970   3.415711     0.4787     0.5479     0.0040  0.1162852 0.0000e+00
       5490     40.782     8.6859     8.6864   3.414969   3.415708     0.4787     0.5479     0.0040  0.1162925 0.0000e+00
       5491     40.805     8.6858     8.6863   3.414969   3.415706     0.4786     0.5479     0.0040  0.1163002 0.0000e+00
       5492     40.827     8.6858     8.6863   3.414968   3.415705     0.4786     0.5479     0.0040  0.1163083 0.0000e+00
       5493     40.850     8.6857     8.6862   3.414969   3.415703     0.4786     0.5479     0.0040  0.1163170 0.0000e+00
       5494     40.873     8.6857     8.6862   3.414969   3.415701     0.4785     0.5479     0.0040  0.1163262 0.0000e+00
       5495     40.895     8.6856     8.6862   3.414969   3.415699     0.4785     0.5478     0.0040  0.1163361 0.0000e+00
       5496     40.918     8.6856     8.6862   3.414969   3.415698     0.4785     0.5478     0.0040  0.1163466 0.0000e+00
       5497     40.941     8.6855     8.6861   3.414969   3.415697     0.4784     0.5478     0.0040  0.1163579 0.0000e+00
       5498     40.963     8.6855     8.6861   3.414969   3.415696     0.4784     0.5478     0.0040  0.1163701 0.0000e+00
       5499     40.986     8.6855     8.6861   3.414969   3.415695     0.4784     0.5477     0.0040  0.1163832 0.0000e+00
       5500     41.009     8.6854     8.6861   3.414968   3.415694     0.4783     0.5477     0.0040  0.1163973 0.0000e+00
       5501     41.032     8.6854     8.6861   3.414968   3.415693     0.4783     0.5477     0.0040  0.1164126 0.0000e+00
       5502     41.055     8.6854     8.6860   3.414967   3.415692     0.4783     0.5476     0.0040  0.1164282 0.0000e+00
       5503     41.077     8.6854     8.6860   3.414966   3.415692     0.4783     0.5476     0.0040  0.1164427 0.0000e+00
       5504     41.100     8.6853     8.6860   3.414966   3.415692     0.4782     0.5476     0.0040  0.1164551 0.0000e+00
       5505     41.123     8.6853     8.6860   3.414966   3.415691     0.4782     0.5475     0.0040  0.1164657 0.0000e+00
       5506     41.146     8.6853     8.6860   3.414966   3.415691     0.4782     0.5475     0.0040  0.1164754 0.0000e+00
       5507     41.169     8.6853     8.6860   3.414965   3.415691     0.4782     0.5474     0.0040  0.1164850 0.0000e+00
       5508     41.192     8.6853     8.6860   3.414964   3.415691     0.4782     0.5474     0.0040  0.1164938 0.0000e+00
