code/data/2021/ctd_data_day1/Station 6 210921_ctm_fil_le_der.cnv
* Sea-Bird SBE 9 Data File:
* FileName = C:\Users\CTD-User\Desktop\MAR440\Station 6 210921.hex
* Software Version Seasave V 7.26.2.13
* Temperature SN = 6313
* Conductivity SN = 4758
* Number of Bytes Per Scan = 30
* Number of Voltage Words = 4
* Number of Scans Averaged by the Deck Unit = 1
* NMEA baud rate = 4800
** Ship:
** Station:
** Operator:
# nquan = 16                                
# nvalues = 4130                        
# units = specified
# name 0 = scan: Scan Count
# name 1 = prDM: Pressure, Digiquartz [db]
# name 2 = t090C: Temperature [ITS-90, deg C]
# name 3 = t190C: Temperature, 2 [ITS-90, deg C]
# name 4 = c0S/m: Conductivity [S/m]
# name 5 = c1S/m: Conductivity, 2 [S/m]
# name 6 = sbeox0V: Oxygen raw, SBE 43 [V]
# name 7 = sbeox1V: Oxygen raw, SBE 43, 2 [V]
# name 8 = flECO-AFL: Fluorescence, WET Labs ECO-AFL/FL [mg/m^3]
# name 9 = upoly0: Upoly 0, Turbidity
# name 10 = depSM: Depth [salt water, m], lat = 59
# name 11 = sal00: Salinity, Practical [PSU]
# name 12 = sal11: Salinity, Practical, 2 [PSU]
# name 13 = sbeox0ML/L: Oxygen, SBE 43 [ml/l], WS = 2
# name 14 = sbeox1ML/L: Oxygen, SBE 43, 2 [ml/l], WS = 2
# name 15 = flag: flag
# span 0 =          1,       4130       
# span 1 =      0.401,     37.705       
# span 2 =     6.5339,    15.9700       
# span 3 =     6.5228,    15.9659       
# span 4 =   2.889567,   3.739249       
# span 5 =   2.889377,   3.740329       
# span 6 =     0.4861,     2.7979       
# span 7 =     0.5457,     2.7563       
# span 8 =     0.0033,     0.0189       
# span 9 =  0.0862693,  0.1633834       
# span 10 =      0.397,     37.349      
# span 11 =    22.2373,    32.3025      
# span 12 =    22.3205,    32.3270      
# span 13 =    -0.1043,     6.7939      
# span 14 =     0.2100,     5.8327      
# span 15 = 0.0000e+00, 0.0000e+00      
# interval = seconds: 0.0416667
# start_time = Sep 21 2021 10:55:39 [System UTC, header]
# bad_flag = -9.990e-29
*END*
[from data line 1447]
       1448      4.919    15.4366    15.2330   3.067564   3.015868     2.5094     2.4213     0.0042  0.1511741      4.873    23.8387    23.5172     5.8900     5.1583 -9.990e-29
       1449      4.896    15.4273    15.2287   3.064655   3.014524     2.5095     2.4236     0.0042  0.1512086      4.850    23.8194    23.5082     5.8886     5.1704 -9.990e-29
       1450      4.874    15.4179    15.2247   3.061719   3.013267     2.5097     2.4260     0.0042  0.1512410      4.828    23.7999    23.4998     5.8877     5.1823 -9.990e-29
       1451      4.852    15.4084    15.2210   3.058774   3.012093     2.5098     2.4284     0.0042  0.1512698      4.807    23.7803    23.4919     5.8867     5.1940 -9.990e-29
       1452      4.829    15.3988    15.2175   3.055836   3.010997     2.5098     2.4308     0.0042  0.1512942      4.784    23.7609    23.4846     5.8856     5.2053 -9.990e-29
       1453      4.807    15.3891    15.2143   3.052913   3.009973     2.5099     2.4333     0.0042  0.1513145      4.762    23.7417    23.4777     5.8850     5.2165 -9.990e-29
       1454      4.785    15.3793    15.2113   3.050006   3.009013     2.5099     2.4358     0.0042  0.1513317      4.740    23.7227    23.4712     5.8843     5.2274 -9.990e-29
       1455      4.763    15.3695    15.2084   3.047127   3.008108     2.5100     2.4383     0.0042  0.1513467      4.718    23.7039    23.4652     5.8840     5.2380 -9.990e-29
       1456      4.740    15.3598    15.2057   3.044311   3.007251     2.5100     2.4409     0.0042  0.1513587      4.696    23.6856    23.4594     5.8837     5.2486 -9.990e-29
       1457      4.718    15.3503    15.2031   3.041604   3.006433     2.5099     2.4435     0.0042  0.1513671      4.674    23.6680    23.4539     5.8832     5.2588 -9.990e-29
       1458      4.695    15.3412    15.2006   3.039040   3.005646     2.5099     2.4462     0.0042  0.1513718      4.651    23.6515    23.4487     5.8831     5.2690 -9.990e-29
       1459      4.673    15.3324    15.1982   3.036629   3.004883     2.5099     2.4488     0.0042  0.1513730      4.629    23.6361    23.4435     5.8831     5.2787 -9.990e-29
       1460      4.651    15.3240    15.1958   3.034364   3.004146     2.5098     2.4515     0.0042  0.1513705      4.607    23.6217    23.4386     5.8830     5.2884 -9.990e-29
       1461      4.628    15.3159    15.1934   3.032225   3.003436     2.5098     2.4542     0.0042  0.1513644      4.585    23.6082    23.4340     5.8832     5.2979 -9.990e-29
       1462      4.606    15.3082    15.1911   3.030190   3.002757     2.5097     2.4568     0.0042  0.1513556      4.563    23.5953    23.4295     5.8833     5.3068 -9.990e-29
       1463      4.583    15.3007    15.1889   3.028232   3.002109     2.5096     2.4595     0.0042  0.1513447      4.540    23.5830    23.4252     5.8836     5.3158 -9.990e-29
       1464      4.561    15.2934    15.1868   3.026332   3.001486     2.5096     2.4622     0.0042  0.1513309      4.518    23.5711    23.4211     5.8843     5.3245 -9.990e-29
       1465      4.538    15.2864    15.1847   3.024470   3.000883     2.5095     2.4649     0.0042  0.1513132      4.496    23.5593    23.4172     5.8849     5.3331 -9.990e-29
       1466      4.516    15.2794    15.1826   3.022637   3.000294     2.5094     2.4676     0.0042  0.1512924      4.474    23.5477    23.4134     5.8857     5.3414 -9.990e-29
       1467      4.493    15.2726    15.1805   3.020834   2.999709     2.5093     2.4703     0.0042  0.1512716      4.451    23.5363    23.4096     5.8867     5.3496 -9.990e-29
       1468      4.471    15.2659    15.1782   3.019067   2.999109     2.5092     2.4730     0.0044  0.1512542      4.429    23.5251    23.4058     5.8878     5.3577 -9.990e-29
       1469      4.448    15.2593    15.1758   3.017336   2.998475     2.5091     2.4757     0.0044  0.1512401      4.406    23.5142    23.4018     5.8892     5.3656 -9.990e-29
       1470      4.426    15.2528    15.1732   3.015641   2.997791     2.5090     2.4784     0.0044  0.1512290      4.385    23.5035    23.3975     5.8907     5.3734 -9.990e-29
       1471      4.403    15.2464    15.1705   3.013978   2.997064     2.5090     2.4811     0.0044  0.1512228      4.362    23.4931    23.3929     5.8928     5.3811 -9.990e-29
       1472      4.380    15.2402    15.1678   3.012348   2.996315     2.5089     2.4838     0.0044  0.1512212      4.339    23.4828    23.3880     5.8948     5.3888 -9.990e-29
       1473      4.358    15.2340    15.1653   3.010747   2.995572     2.5088     2.4865     0.0044  0.1512235      4.317    23.4727    23.3831     5.8969     5.3963 -9.990e-29
       1474      4.335    15.2278    15.1628   3.009169   2.994858     2.5087     2.4891     0.0044  0.1512296      4.294    23.4629    23.3785     5.8993     5.4034 -9.990e-29
       1475      4.312    15.2217    15.1605   3.007601   2.994185     2.5087     2.4918     0.0044  0.1512388      4.272    23.4530    23.3741     5.9023     5.4107 -9.990e-29
       1476      4.290    15.2156    15.1583   3.006031   2.993559     2.5086     2.4944     0.0044  0.1512503      4.250    23.4432    23.3700     5.9052     5.4177 -9.990e-29
       1477      4.267    15.2095    15.1563   3.004452   2.992978     2.5086     2.4970     0.0044  0.1512650      4.227    23.4332    23.3662     5.9086     5.4245 -9.990e-29
       1478      4.245    15.2034    15.1544   3.002871   2.992437     2.5086     2.4997     0.0044  0.1512838      4.205    23.4233    23.3627     5.9122     5.4315 -9.990e-29
       1479      4.222    15.1973    15.1526   3.001300   2.991931     2.5086     2.5023     0.0044  0.1513069      4.182    23.4134    23.3594     5.9162     5.4382 -9.990e-29
       1480      4.200    15.1912    15.1509   2.999748   2.991455     2.5086     2.5049     0.0044  0.1513345      4.161    23.4037    23.3563     5.9203     5.4448 -9.990e-29
       1481      4.177    15.1852    15.1493   2.998221   2.991007     2.5086     2.5075     0.0044  0.1513658      4.138    23.3941    23.3534     5.9247     5.4513 -9.990e-29
       1482      4.155    15.1793    15.1478   2.996723   2.990581     2.5087     2.5101     0.0044  0.1514012      4.116    23.3848    23.3506     5.9296     5.4577 -9.990e-29
       1483      4.132    15.1735    15.1463   2.995260   2.990174     2.5088     2.5127     0.0044  0.1514416      4.093    23.3756    23.3480     5.9347     5.4642 -9.990e-29
       1484      4.110    15.1679    15.1448   2.993839   2.989779     2.5089     2.5153     0.0044  0.1514875      4.072    23.3667    23.3455     5.9401     5.4705 -9.990e-29
       1485      4.087    15.1625    15.1434   2.992464   2.989388     2.5091     2.5179     0.0044  0.1515398      4.049    23.3581    23.3430     5.9459     5.4769 -9.990e-29
       1486      4.065    15.1573    15.1419   2.991139   2.988991     2.5092     2.5205     0.0044  0.1515991      4.027    23.3498    23.3405     5.9516     5.4832 -9.990e-29
       1487      4.042    15.1523    15.1404   2.989867   2.988582     2.5095     2.5231     0.0044  0.1516641      4.004    23.3418    23.3378     5.9581     5.4895 -9.990e-29
       1488      4.020    15.1475    15.1388   2.988650   2.988162     2.5097     2.5257     0.0044  0.1517351      3.982    23.3342    23.3352     5.9645     5.4958 -9.990e-29
       1489      3.997    15.1430    15.1373   2.987489   2.987738     2.5100     2.5283     0.0044  0.1518135      3.960    23.3269    23.3324     5.9714     5.5020 -9.990e-29
       1490      3.975    15.1387    15.1359   2.986387   2.987322     2.5104     2.5309     0.0044  0.1518991      3.938    23.3200    23.3297     5.9787     5.5082 -9.990e-29
       1491      3.952    15.1346    15.1345   2.985343   2.986921     2.5108     2.5335     0.0044  0.1519915      3.915    23.3134    23.3271     5.9862     5.5144 -9.990e-29
       1492      3.930    15.1308    15.1331   2.984359   2.986540     2.5112     2.5361     0.0046  0.1520889      3.893    23.3072    23.3246     5.9938     5.5205 -9.990e-29
       1493      3.907    15.1273    15.1319   2.983434   2.986179     2.5117     2.5387     0.0046  0.1521851      3.870    23.3013    23.3222     6.0018     5.5266 -9.990e-29
       1494      3.885    15.1239    15.1307   2.982571   2.985841     2.5123     2.5413     0.0046  0.1522749      3.849    23.2959    23.3201     6.0102     5.5327 -9.990e-29
       1495      3.862    15.1208    15.1296   2.981768   2.985526     2.5129     2.5439     0.0046  0.1523572      3.826    23.2909    23.3180     6.0187     5.5386 -9.990e-29
       1496      3.840    15.1179    15.1286   2.981022   2.985236     2.5135     2.5465     0.0046  0.1524325      3.804    23.2862    23.3161     6.0274     5.5446 -9.990e-29
       1497      3.818    15.1152    15.1278   2.980327   2.984971     2.5142     2.5491     0.0046  0.1525015      3.782    23.2818    23.3143     6.0364     5.5505 -9.990e-29
       1498      3.795    15.1127    15.1270   2.979682   2.984732     2.5150     2.5517     0.0046  0.1525645      3.759    23.2777    23.3127     6.0458     5.5564 -9.990e-29
       1499      3.773    15.1104    15.1263   2.979082   2.984515     2.5158     2.5543     0.0046  0.1526220      3.738    23.2739    23.3113     6.0552     5.5621 -9.990e-29
       1500      3.750    15.1082    15.1256   2.978523   2.984315     2.5167     2.5568     0.0046  0.1526744      3.715    23.2704    23.3100     6.0650     5.5676 -9.990e-29
       1501      3.728    15.1062    15.1250   2.978000   2.984128     2.5177     2.5593     0.0046  0.1527229      3.693    23.2671    23.3087     6.0751     5.5730 -9.990e-29
       1502      3.705    15.1043    15.1245   2.977508   2.983950     2.5187     2.5619     0.0046  0.1527688      3.670    23.2640    23.3075     6.0853     5.5786 -9.990e-29
       1503      3.683    15.1025    15.1239   2.977043   2.983776     2.5198     2.5644     0.0046  0.1528114      3.649    23.2611    23.3064     6.0957     5.5840 -9.990e-29
       1504      3.660    15.1008    15.1234   2.976603   2.983605     2.5209     2.5669     0.0046  0.1528503      3.626    23.2583    23.3052     6.1061     5.5892 -9.990e-29
       1505      3.638    15.0991    15.1229   2.976184   2.983437     2.5221     2.5693     0.0046  0.1528856      3.604    23.2557    23.3041     6.1169     5.5942 -9.990e-29
       1506      3.615    15.0976    15.1224   2.975786   2.983271     2.5234     2.5718     0.0046  0.1529177      3.581    23.2532    23.3029     6.1278     5.5993 -9.990e-29
       1507      3.593    15.0961    15.1220   2.975407   2.983113     2.5247     2.5742     0.0046  0.1529476      3.559    23.2508    23.3018     6.1387     5.6041 -9.990e-29
       1508      3.571    15.0947    15.1216   2.975044   2.982965     2.5261     2.5767     0.0046  0.1529764      3.538    23.2485    23.3008     6.1498     5.6091 -9.990e-29
       1509      3.548    15.0934    15.1213   2.974697   2.982832     2.5275     2.5791     0.0046  0.1530034      3.515    23.2463    23.2998     6.1608     5.6138 -9.990e-29
       1510      3.526    15.0921    15.1211   2.974367   2.982716     2.5290     2.5815     0.0046  0.1530279      3.493    23.2442    23.2990     6.1721     5.6184 -9.990e-29
       1511      3.504    15.0909    15.1209   2.974052   2.982620     2.5306     2.5839     0.0046  0.1530502      3.471    23.2422    23.2982     6.1834     5.6230 -9.990e-29
       1512      3.481    15.0897    15.1208   2.973754   2.982546     2.5322     2.5863     0.0046  0.1530704      3.448    23.2404    23.2977     6.1947     5.6275 -9.990e-29
       1513      3.459    15.0886    15.1208   2.973473   2.982498     2.5339     2.5887     0.0046  0.1530886      3.427    23.2386    23.2973     6.2061     5.6319 -9.990e-29
       1514      3.437    15.0876    15.1209   2.973211   2.982473     2.5356     2.5910     0.0046  0.1531049      3.405    23.2370    23.2970     6.2174     5.6360 -9.990e-29
       1515      3.415    15.0866    15.1210   2.972967   2.982470     2.5373     2.5934     0.0046  0.1531195      3.383    23.2355    23.2969     6.2285     5.6402 -9.990e-29
       1516      3.392    15.0857    15.1212   2.972744   2.982485     2.5391     2.5957     0.0046  0.1531325      3.360    23.2341    23.2969     6.2396     5.6441 -9.990e-29
       1517      3.370    15.0849    15.1215   2.972540   2.982514     2.5410     2.5980     0.0046  0.1531440      3.338    23.2328    23.2970     6.2509     5.6479 -9.990e-29
       1518      3.348    15.0841    15.1217   2.972353   2.982551     2.5429     2.6003     0.0044  0.1531540      3.317    23.2317    23.2972     6.2620     5.6516 -9.990e-29
       1519      3.326    15.0834    15.1219   2.972181   2.982589     2.5448     2.6025     0.0044  0.1531625      3.295    23.2306    23.2974     6.2729     5.6551 -9.990e-29
       1520      3.304    15.0827    15.1220   2.972020   2.982621     2.5468     2.6048     0.0044  0.1531698      3.273    23.2296    23.2977     6.2839     5.6587 -9.990e-29
       1521      3.281    15.0820    15.1220   2.971867   2.982640     2.5488     2.6070     0.0044  0.1531758      3.250    23.2287    23.2978     6.2946     5.6620 -9.990e-29
       1522      3.259    15.0814    15.1220   2.971725   2.982644     2.5509     2.6092     0.0044  0.1531805      3.229    23.2279    23.2979     6.3055     5.6653 -9.990e-29
       1523      3.237    15.0808    15.1219   2.971597   2.982632     2.5530     2.6114     0.0044  0.1531840      3.207    23.2271    23.2978     6.3161     5.6685 -9.990e-29
       1524      3.215    15.0804    15.1218   2.971486   2.982606     2.5551     2.6135     0.0044  0.1531864      3.185    23.2264    23.2977     6.3265     5.6714 -9.990e-29
       1525      3.192    15.0799    15.1216   2.971392   2.982568     2.5573     2.6157     0.0044  0.1531876      3.162    23.2259    23.2975     6.3369     5.6745 -9.990e-29
       1526      3.170    15.0796    15.1213   2.971317   2.982519     2.5595     2.6178     0.0044  0.1531876      3.140    23.2255    23.2972     6.3471     5.6774 -9.990e-29
       1527      3.149    15.0793    15.1211   2.971258   2.982460     2.5617     2.6199     0.0044  0.1531864      3.120    23.2251    23.2969     6.3571     5.6802 -9.990e-29
       1528      3.127    15.0791    15.1208   2.971215   2.982391     2.5639     2.6220     0.0044  0.1531841      3.098    23.2249    23.2964     6.3669     5.6830 -9.990e-29
       1529      3.105    15.0790    15.1204   2.971186   2.982315     2.5662     2.6240     0.0044  0.1531807      3.076    23.2247    23.2960     6.3767     5.6854 -9.990e-29
       1530      3.082    15.0789    15.1200   2.971168   2.982233     2.5684     2.6261     0.0044  0.1531760      3.053    23.2246    23.2956     6.3860     5.6881 -9.990e-29
       1531      3.060    15.0788    15.1196   2.971158   2.982147     2.5707     2.6281     0.0044  0.1531700      3.031    23.2246    23.2951     6.3954     5.6906 -9.990e-29
       1532      3.038    15.0787    15.1193   2.971153   2.982061     2.5730     2.6301     0.0044  0.1531637      3.010    23.2246    23.2945     6.4045     5.6929 -9.990e-29
       1533      3.016    15.0787    15.1189   2.971152   2.981977     2.5753     2.6321     0.0044  0.1531585      2.988    23.2246    23.2940     6.4135     5.6953 -9.990e-29
       1534      2.994    15.0787    15.1185   2.971151   2.981894     2.5777     2.6340     0.0044  0.1531554      2.966    23.2246    23.2936     6.4225     5.6975 -9.990e-29
       1535      2.972    15.0787    15.1181   2.971146   2.981810     2.5800     2.6360     0.0044  0.1531535      2.944    23.2246    23.2931     6.4310     5.6998 -9.990e-29
       1536      2.950    15.0786    15.1177   2.971134   2.981719     2.5823     2.6378     0.0044  0.1531518      2.922    23.2245    23.2925     6.4393     5.7017 -9.990e-29
