code/data/2021/ctd_data_day1/Station 4 210921_ctm_fil_le_der.cnv
* Sea-Bird SBE 9 Data File:
* FileName = C:\Users\CTD-User\Desktop\MAR440\Station 4 210921.hex
* Software Version Seasave V 7.26.2.13
* Temperature SN = 6313
* Conductivity SN = 4758
* Number of Bytes Per Scan = 30
* Number of Voltage Words = 4
* Number of Scans Averaged by the Deck Unit = 1
* NMEA baud rate = 4800
** Ship:
** Station:
** Operator:
# nquan = 16                                
# nvalues = 963                         
# units = specified
# name 0 = scan: Scan Count
# name 1 = prDM: Pressure, Digiquartz [db]
# name 2 = t090C: Temperature [ITS-90, deg C]
# name 3 = t190C: Temperature, 2 [ITS-90, deg C]
# name 4 = c0S/m: Conductivity [S/m]
# name 5 = c1S/m: Conductivity, 2 [S/m]
# name 6 = sbeox0V: Oxygen raw, SBE 43 [V]
# name 7 = sbeox1V: Oxygen raw, SBE 43, 2 [V]
# name 8 = flECO-AFL: Fluorescence, WET Labs ECO-AFL/FL [mg/m^3]
# name 9 = upoly0: Upoly 0, Turbidity
# name 10 = depSM: Depth [salt water, m], lat = 59
# name 11 = sal00: Salinity, Practical [PSU]
# name 12 = sal11: Salinity, Practical, 2 [PSU]
# name 13 = sbeox0ML/L: Oxygen, SBE 43 [ml/l], WS = 2
# name 14 = sbeox1ML/L: Oxygen, SBE 43, 2 [ml/l], WS = 2
# name 15 = flag: flag
# span 0 =          1,        963       
# span 1 =      0.567,     10.540       
# span 2 =    11.6500,    15.2378       
# span 3 =    11.6440,    15.0610       
# span 4 =  -0.000120,   2.791269       
# span 5 =   0.026556,   2.797579       
# span 6 =     2.2470,     3.1434       
# span 7 =     2.1801,     2.9063       
# span 8 =     0.0033,     0.0317       
# span 9 =  0.0811493,  0.2341219       
# span 10 =      0.562,     10.441      
# span 11 =     0.0000,    22.2305      
# span 12 =     0.0000,    22.2872      
# span 13 =     5.1781,     8.9581      
# span 14 =     4.4118,     7.5596      
# span 15 = 0.0000e+00, 0.0000e+00      
# interval = seconds: 0.0416667
# start_time = Sep 21 2021 09:52:02 [System UTC, header]
# bad_flag = -9.990e-29
*END*
[from data line 724]
        725      5.724    14.6552    14.4479   2.779475   2.783239     2.2958     2.2582     0.0051  0.1825187      5.670    21.8146    21.9636     5.3026     4.7316 0.0000e+00
        726      5.746    14.6602    14.4563   2.779520   2.783271     2.2952     2.2590     0.0051  0.1822409      5.692    21.8122    21.9591     5.3011     4.7330 0.0000e+00
        727      5.768    14.6648    14.4644   2.779564   2.783302     2.2946     2.2598     0.0051  0.1819907      5.714    21.8100    21.9548     5.2996     4.7342 0.0000e+00
        728      5.789    14.6691    14.4722   2.779606   2.783331     2.2941     2.2607     0.0051  0.1817665      5.735    21.8079    21.9507     5.2985     4.7356 0.0000e+00
        729      5.811    14.6732    14.4798   2.779647   2.783358     2.2935     2.2615     0.0051  0.1815667      5.757    21.8060    21.9466     5.2970     4.7367 0.0000e+00
        730      5.833    14.6771    14.4871   2.779687   2.783384     2.2930     2.2623     0.0051  0.1813898      5.778    21.8042    21.9427     5.2959     4.7377 0.0000e+00
        731      5.854    14.6810    14.4942   2.779728   2.783408     2.2925     2.2631     0.0051  0.1812347      5.799    21.8023    21.9389     5.2948     4.7386 0.0000e+00
        732      5.876    14.6847    14.5009   2.779767   2.783431     2.2919     2.2639     0.0051  0.1811003      5.821    21.8006    21.9353     5.2934     4.7395 0.0000e+00
        733      5.898    14.6883    14.5074   2.779806   2.783453     2.2914     2.2647     0.0051  0.1809856      5.843    21.7989    21.9319     5.2922     4.7403 0.0000e+00
        734      5.919    14.6916    14.5136   2.779845   2.783473     2.2909     2.2655     0.0051  0.1808899      5.864    21.7974    21.9285     5.2912     4.7411 0.0000e+00
        735      5.941    14.6947    14.5194   2.779883   2.783491     2.2903     2.2663     0.0051  0.1808124      5.885    21.7960    21.9254     5.2898     4.7417 0.0000e+00
        736      5.963    14.6974    14.5248   2.779921   2.783508     2.2898     2.2671     0.0051  0.1807527      5.907    21.7948    21.9225     5.2887     4.7424 0.0000e+00
        737      5.985    14.6998    14.5300   2.779958   2.783524     2.2893     2.2678     0.0053  0.1807103      5.929    21.7938    21.9197     5.2876     4.7427 0.0000e+00
        738      6.006    14.7019    14.5347   2.779994   2.783539     2.2888     2.2685     0.0051  0.1806849      5.950    21.7929    21.9172     5.2866     4.7430 0.0000e+00
        739      6.028    14.7037    14.5391   2.780031   2.783552     2.2883     2.2693     0.0051  0.1806747      5.972    21.7922    21.9148     5.2856     4.7434 0.0000e+00
        740      6.050    14.7053    14.5431   2.780066   2.783564     2.2878     2.2700     0.0049  0.1806736      5.993    21.7916    21.9127     5.2846     4.7436 0.0000e+00
        741      6.071    14.7066    14.5466   2.780102   2.783574     2.2873     2.2707     0.0049  0.1806723      6.014    21.7912    21.9108     5.2836     4.7438 0.0000e+00
        742      6.093    14.7078    14.5497   2.780138   2.783584     2.2868     2.2713     0.0049  0.1806648      6.036    21.7908    21.9091     5.2826     4.7437 0.0000e+00
        743      6.114    14.7088    14.5524   2.780174   2.783592     2.2863     2.2720     0.0049  0.1806520      6.057    21.7906    21.9077     5.2816     4.7438 0.0000e+00
        744      6.136    14.7097    14.5547   2.780211   2.783598     2.2858     2.2726     0.0049  0.1806354      6.079    21.7904    21.9064     5.2806     4.7436 0.0000e+00
        745      6.158    14.7105    14.5567   2.780248   2.783603     2.2854     2.2732     0.0049  0.1806149      6.100    21.7903    21.9054     5.2799     4.7434 0.0000e+00
        746      6.179    14.7115    14.5583   2.780287   2.783607     2.2849     2.2738     0.0049  0.1805904      6.121    21.7900    21.9045     5.2789     4.7432 0.0000e+00
        747      6.201    14.7126    14.5597   2.780326   2.783610     2.2844     2.2744     0.0049  0.1805617      6.143    21.7898    21.9037     5.2778     4.7429 0.0000e+00
        748      6.222    14.7140    14.5609   2.780368   2.783612     2.2840     2.2750     0.0049  0.1805286      6.164    21.7893    21.9031     5.2770     4.7427 0.0000e+00
        749      6.244    14.7157    14.5621   2.780411   2.783614     2.2835     2.2756     0.0049  0.1804909      6.186    21.7887    21.9024     5.2759     4.7423 0.0000e+00
        750      6.266    14.7176    14.5633   2.780457   2.783616     2.2830     2.2761     0.0049  0.1804483      6.207    21.7881    21.9017     5.2748     4.7417 0.0000e+00
        751      6.287    14.7198    14.5644   2.780503   2.783617     2.2826     2.2766     0.0049  0.1804005      6.228    21.7872    21.9011     5.2739     4.7411 0.0000e+00
        752      6.309    14.7221    14.5653   2.780551   2.783619     2.2821     2.2771     0.0049  0.1803472      6.250    21.7864    21.9006     5.2727     4.7404 0.0000e+00
        753      6.331    14.7243    14.5660   2.780598   2.783619     2.2817     2.2776     0.0049  0.1802881      6.272    21.7855    21.9002     5.2718     4.7398 0.0000e+00
        754      6.352    14.7265    14.5664   2.780646   2.783619     2.2813     2.2781     0.0049  0.1802226      6.293    21.7847    21.9000     5.2709     4.7391 0.0000e+00
        755      6.374    14.7287    14.5665   2.780693   2.783619     2.2808     2.2785     0.0049  0.1801504      6.314    21.7839    21.8999     5.2697     4.7382 0.0000e+00
        756      6.395    14.7309    14.5663   2.780741   2.783617     2.2804     2.2790     0.0049  0.1800709      6.335    21.7831    21.9000     5.2688     4.7376 0.0000e+00
        757      6.417    14.7331    14.5659   2.780790   2.783614     2.2799     2.2794     0.0049  0.1799837      6.357    21.7823    21.9002     5.2676     4.7367 0.0000e+00
        758      6.439    14.7353    14.5654   2.780838   2.783612     2.2795     2.2798     0.0049  0.1798880      6.379    21.7814    21.9005     5.2667     4.7358 0.0000e+00
        759      6.460    14.7375    14.5649   2.780886   2.783609     2.2791     2.2802     0.0049  0.1797832      6.400    21.7806    21.9007     5.2658     4.7350 0.0000e+00
        760      6.482    14.7399    14.5644   2.780935   2.783607     2.2787     2.2805     0.0049  0.1796687      6.421    21.7797    21.9010     5.2649     4.7338 0.0000e+00
        761      6.504    14.7422    14.5639   2.780984   2.783605     2.2782     2.2809     0.0049  0.1795435      6.443    21.7788    21.9012     5.2636     4.7330 0.0000e+00
        762      6.525    14.7447    14.5635   2.781034   2.783604     2.2778     2.2812     0.0049  0.1794069      6.464    21.7779    21.9014     5.2627     4.7318 0.0000e+00
        763      6.547    14.7472    14.5631   2.781083   2.783604     2.2774     2.2815     0.0049  0.1792578      6.486    21.7769    21.9017     5.2618     4.7306 0.0000e+00
        764      6.569    14.7498    14.5630   2.781133   2.783604     2.2770     2.2818     0.0049  0.1790953      6.507    21.7759    21.9017     5.2609     4.7295 0.0000e+00
        765      6.590    14.7526    14.5630   2.781184   2.783606     2.2766     2.2820     0.0048  0.1789215      6.528    21.7748    21.9017     5.2599     4.7280 0.0000e+00
        766      6.612    14.7556    14.5633   2.781236   2.783609     2.2762     2.2823     0.0048  0.1787439      6.550    21.7735    21.9016     5.2589     4.7268 0.0000e+00
        767      6.634    14.7588    14.5640   2.781288   2.783613     2.2758     2.2825     0.0048  0.1785679      6.572    21.7722    21.9012     5.2579     4.7253 0.0000e+00
        768      6.656    14.7620    14.5649   2.781340   2.783620     2.2754     2.2827     0.0046  0.1783941      6.594    21.7708    21.9008     5.2569     4.7238 0.0000e+00
        769      6.678    14.7651    14.5663   2.781391   2.783628     2.2750     2.2829     0.0048  0.1782211      6.615    21.7695    21.9000     5.2559     4.7223 0.0000e+00
        770      6.699    14.7682    14.5682   2.781442   2.783638     2.2746     2.2831     0.0048  0.1780479      6.636    21.7683    21.8990     5.2550     4.7207 0.0000e+00
        771      6.721    14.7711    14.5704   2.781492   2.783650     2.2742     2.2832     0.0048  0.1778732      6.658    21.7671    21.8979     5.2540     4.7188 0.0000e+00
        772      6.743    14.7740    14.5730   2.781541   2.783664     2.2738     2.2833     0.0048  0.1776957      6.680    21.7659    21.8966     5.2530     4.7169 0.0000e+00
        773      6.765    14.7768    14.5759   2.781589   2.783678     2.2734     2.2834     0.0048  0.1775144      6.702    21.7647    21.8951     5.2521     4.7150 0.0000e+00
        774      6.787    14.7796    14.5790   2.781636   2.783693     2.2730     2.2835     0.0048  0.1773278      6.723    21.7636    21.8934     5.2512     4.7131 0.0000e+00
        775      6.808    14.7824    14.5823   2.781683   2.783709     2.2727     2.2836     0.0048  0.1771347      6.744    21.7624    21.8917     5.2505     4.7112 0.0000e+00
        776      6.830    14.7853    14.5859   2.781728   2.783727     2.2723     2.2837     0.0048  0.1769338      6.766    21.7612    21.8898     5.2496     4.7093 0.0000e+00
        777      6.852    14.7882    14.5897   2.781773   2.783745     2.2719     2.2837     0.0048  0.1767236      6.788    21.7599    21.8879     5.2486     4.7071 0.0000e+00
        778      6.874    14.7912    14.5937   2.781818   2.783763     2.2716     2.2837     0.0048  0.1765027      6.810    21.7586    21.8858     5.2480     4.7049 0.0000e+00
        779      6.896    14.7942    14.5978   2.781861   2.783783     2.2712     2.2837     0.0048  0.1762696      6.831    21.7573    21.8836     5.2470     4.7027 0.0000e+00
        780      6.918    14.7973    14.6022   2.781904   2.783804     2.2709     2.2838     0.0048  0.1760226      6.853    21.7560    21.8813     5.2464     4.7008 0.0000e+00
        781      6.940    14.8005    14.6068   2.781947   2.783825     2.2705     2.2837     0.0048  0.1757601      6.875    21.7546    21.8789     5.2455     4.6984 0.0000e+00
        782      6.962    14.8038    14.6117   2.781989   2.783848     2.2702     2.2837     0.0048  0.1754801      6.897    21.7531    21.8764     5.2448     4.6962 0.0000e+00
        783      6.983    14.8074    14.6166   2.782032   2.783872     2.2699     2.2837     0.0048  0.1751808      6.918    21.7515    21.8738     5.2441     4.6941 0.0000e+00
        784      7.005    14.8111    14.6218   2.782074   2.783896     2.2695     2.2836     0.0048  0.1748600      6.939    21.7497    21.8711     5.2432     4.6917 0.0000e+00
        785      7.027    14.8150    14.6270   2.782117   2.783921     2.2692     2.2835     0.0048  0.1745156      6.961    21.7479    21.8684     5.2425     4.6893 0.0000e+00
        786      7.049    14.8190    14.6323   2.782159   2.783947     2.2689     2.2834     0.0048  0.1741451      6.983    21.7461    21.8657     5.2418     4.6870 0.0000e+00
        787      7.071    14.8230    14.6376   2.782200   2.783973     2.2686     2.2833     0.0048  0.1737459      7.005    21.7442    21.8629     5.2411     4.6846 0.0000e+00
        788      7.093    14.8269    14.6429   2.782241   2.783999     2.2682     2.2831     0.0048  0.1733154      7.027    21.7424    21.8602     5.2402     4.6821 0.0000e+00
        789      7.115    14.8309    14.6483   2.782282   2.784025     2.2679     2.2830     0.0048  0.1728504      7.048    21.7405    21.8574     5.2395     4.6798 0.0000e+00
        790      7.136    14.8349    14.6538   2.782323   2.784051     2.2676     2.2828     0.0048  0.1723546      7.069    21.7386    21.8545     5.2388     4.6772 0.0000e+00
        791      7.158    14.8389    14.6593   2.782364   2.784078     2.2673     2.2827     0.0046  0.1718516      7.091    21.7368    21.8516     5.2382     4.6750 0.0000e+00
        792      7.180    14.8429    14.6650   2.782404   2.784105     2.2670     2.2825     0.0048  0.1713754      7.113    21.7349    21.8487     5.2376     4.6724 0.0000e+00
        793      7.202    14.8469    14.6709   2.782445   2.784133     2.2667     2.2822     0.0048  0.1709422      7.135    21.7330    21.8456     5.2369     4.6697 0.0000e+00
        794      7.224    14.8510    14.6769   2.782486   2.784162     2.2664     2.2820     0.0048  0.1705506      7.156    21.7311    21.8425     5.2363     4.6672 0.0000e+00
        795      7.245    14.8550    14.6832   2.782526   2.784192     2.2661     2.2818     0.0046  0.1701971      7.177    21.7292    21.8392     5.2357     4.6647 0.0000e+00
        796      7.267    14.8592    14.6896   2.782567   2.784223     2.2658     2.2815     0.0048  0.1698793      7.199    21.7272    21.8359     5.2350     4.6620 0.0000e+00
        797      7.289    14.8634    14.6963   2.782608   2.784255     2.2655     2.2813     0.0048  0.1695948      7.221    21.7252    21.8324     5.2343     4.6595 0.0000e+00
        798      7.311    14.8676    14.7032   2.782649   2.784287     2.2653     2.2810     0.0048  0.1693418      7.243    21.7232    21.8289     5.2340     4.6568 0.0000e+00
        799      7.332    14.8718    14.7102   2.782691   2.784320     2.2650     2.2807     0.0048  0.1691185      7.263    21.7213    21.8252     5.2333     4.6541 0.0000e+00
        800      7.354    14.8761    14.7174   2.782733   2.784354     2.2647     2.2804     0.0048  0.1689233      7.285    21.7192    21.8215     5.2326     4.6514 0.0000e+00
        801      7.376    14.8802    14.7246   2.782774   2.784388     2.2644     2.2801     0.0048  0.1687549      7.307    21.7173    21.8178     5.2320     4.6488 0.0000e+00
        802      7.398    14.8843    14.7319   2.782815   2.784423     2.2642     2.2798     0.0048  0.1686120      7.329    21.7154    21.8140     5.2316     4.6461 0.0000e+00
        803      7.420    14.8882    14.7393   2.782856   2.784458     2.2639     2.2794     0.0048  0.1684938      7.351    21.7136    21.8101     5.2310     4.6432 0.0000e+00
        804      7.441    14.8919    14.7467   2.782897   2.784493     2.2637     2.2791     0.0048  0.1683993      7.371    21.7119    21.8063     5.2306     4.6406 0.0000e+00
        805      7.463    14.8956    14.7541   2.782938   2.784528     2.2634     2.2787     0.0048  0.1683280      7.393    21.7102    21.8025     5.2300     4.6378 0.0000e+00
        806      7.485    14.8992    14.7615   2.782979   2.784563     2.2632     2.2784     0.0048  0.1682793      7.415    21.7085    21.7986     5.2297     4.6353 0.0000e+00
        807      7.507    14.9027    14.7688   2.783020   2.784597     2.2630     2.2780     0.0048  0.1682528      7.437    21.7069    21.7949     5.2293     4.6325 0.0000e+00
        808      7.529    14.9063    14.7759   2.783061   2.784630     2.2628     2.2776     0.0048  0.1682477      7.458    21.7053    21.7912     5.2290     4.6298 0.0000e+00
        809      7.550    14.9099    14.7827   2.783103   2.784662     2.2626     2.2772     0.0048  0.1682629      7.479    21.7036    21.7877     5.2286     4.6272 0.0000e+00
        810      7.572    14.9135    14.7893   2.783146   2.784693     2.2623     2.2768     0.0048  0.1682994      7.501    21.7020    21.7843     5.2279     4.6245 0.0000e+00
        811      7.594    14.9173    14.7957   2.783190   2.784723     2.2621     2.2764     0.0048  0.1683575      7.523    21.7003    21.7809     5.2275     4.6220 0.0000e+00
        812      7.615    14.9212    14.8020   2.783235   2.784752     2.2619     2.2759     0.0048  0.1684358      7.544    21.6985    21.7777     5.2271     4.6192 0.0000e+00
        813      7.637    14.9252    14.8081   2.783281   2.784781     2.2617     2.2755     0.0048  0.1685350      7.565    21.6967    21.7745     5.2266     4.6167 0.0000e+00
