code/data/2021/ctd_data_day1/Station 5 210921_ctm_fil_le_der.cnv
* Sea-Bird SBE 9 Data File:
* FileName = C:\Users\CTD-User\Desktop\MAR440\Station 5 210921.hex
* Software Version Seasave V 7.26.2.13
* Temperature SN = 6313
* Conductivity SN = 4758
* Number of Bytes Per Scan = 30
* Number of Voltage Words = 4
* Number of Scans Averaged by the Deck Unit = 1
* NMEA baud rate = 4800
** Ship:
** Station:
** Operator:
# nquan = 16                                
# nvalues = 5809                        
# units = specified
# name 0 = scan: Scan Count
# name 1 = prDM: Pressure, Digiquartz [db]
# name 2 = t090C: Temperature [ITS-90, deg C]
# name 3 = t190C: Temperature, 2 [ITS-90, deg C]
# name 4 = c0S/m: Conductivity [S/m]
# name 5 = c1S/m: Conductivity, 2 [S/m]
# name 6 = sbeox0V: Oxygen raw, SBE 43 [V]
# name 7 = sbeox1V: Oxygen raw, SBE 43, 2 [V]
# name 8 = flECO-AFL: Fluorescence, WET Labs ECO-AFL/FL [mg/m^3]
# name 9 = upoly0: Upoly 0, Turbidity
# name 10 = depSM: Depth [salt water, m], lat = 59
# name 11 = sal00: Salinity, Practical [PSU]
# name 12 = sal11: Salinity, Practical, 2 [PSU]
# name 13 = sbeox0ML/L: Oxygen, SBE 43 [ml/l], WS = 2
# name 14 = sbeox1ML/L: Oxygen, SBE 43, 2 [ml/l], WS = 2
# name 15 = flag: flag
# span 0 =          1,       5809       
# span 1 =      0.548,     26.491       
# span 2 =    11.4362,    16.1548       
# span 3 =    11.4092,    16.1555       
# span 4 =   2.871998,   3.809176       
# span 5 =   2.884333,   3.810449       
# span 6 =     0.8579,     2.8199       
# span 7 =     0.9206,     2.7849       
# span 8 =     0.0035,     0.0101       
# span 9 =  0.0869564,  0.1626645       
# span 10 =      0.543,     26.242      
# span 11 =    22.3537,    32.0999      
# span 12 =    22.4704,    32.1070      
# span 13 =     1.0354,     6.8445      
# span 14 =     1.1639,     5.8907      
# span 15 = 0.0000e+00, 0.0000e+00      
# interval = seconds: 0.0416667
# start_time = Sep 21 2021 10:32:06 [System UTC, header]
# bad_flag = -9.990e-29
*END*
[from data line 2080]
       2081      3.337    15.1617    15.1580   2.978194   2.978173     2.7913     2.7596     0.0046  0.1539042      3.306    23.2361    23.2381     6.7527     5.8270 -9.990e-29
       2082      3.359    15.1607    15.1571   2.977832   2.977808     2.7914     2.7597     0.0046  0.1538589      3.328    23.2335    23.2355     6.7537     5.8269 -9.990e-29
       2083      3.381    15.1598    15.1563   2.977474   2.977452     2.7915     2.7598     0.0046  0.1538179      3.349    23.2310    23.2329     6.7546     5.8268 -9.990e-29
       2084      3.402    15.1589    15.1554   2.977126   2.977109     2.7916     2.7599     0.0046  0.1537827      3.370    23.2285    23.2304     6.7554     5.8266 -9.990e-29
       2085      3.424    15.1580    15.1546   2.976797   2.976781     2.7917     2.7600     0.0046  0.1537539      3.392    23.2262    23.2281     6.7562     5.8264 -9.990e-29
       2086      3.446    15.1573    15.1539   2.976492   2.976472     2.7918     2.7601     0.0046  0.1537304      3.414    23.2240    23.2258     6.7569     5.8261 -9.990e-29
       2087      3.468    15.1566    15.1532   2.976218   2.976182     2.7919     2.7601     0.0046  0.1537104      3.436    23.2221    23.2238     6.7576     5.8256 -9.990e-29
       2088      3.490    15.1561    15.1526   2.975977   2.975914     2.7920     2.7602     0.0046  0.1536928      3.457    23.2203    23.2218     6.7582     5.8253 -9.990e-29
       2089      3.513    15.1556    15.1520   2.975770   2.975670     2.7921     2.7602     0.0046  0.1536776      3.480    23.2188    23.2200     6.7587     5.8248 -9.990e-29
       2090      3.535    15.1553    15.1515   2.975597   2.975448     2.7922     2.7603     0.0046  0.1536647      3.502    23.2175    23.2184     6.7592     5.8244 -9.990e-29
       2091      3.557    15.1550    15.1511   2.975458   2.975251     2.7923     2.7603     0.0046  0.1536548      3.524    23.2164    23.2170     6.7596     5.8238 -9.990e-29
       2092      3.579    15.1549    15.1508   2.975354   2.975079     2.7924     2.7603     0.0046  0.1536487      3.546    23.2156    23.2157     6.7600     5.8232 -9.990e-29
       2093      3.601    15.1549    15.1506   2.975284   2.974932     2.7925     2.7603     0.0046  0.1536454      3.567    23.2150    23.2145     6.7603     5.8226 -9.990e-29
       2094      3.623    15.1550    15.1504   2.975244   2.974809     2.7925     2.7603     0.0046  0.1536442      3.589    23.2146    23.2136     6.7603     5.8220 -9.990e-29
       2095      3.645    15.1551    15.1504   2.975223   2.974711     2.7926     2.7603     0.0046  0.1536450      3.611    23.2143    23.2127     6.7605     5.8214 -9.990e-29
       2096      3.667    15.1553    15.1504   2.975207   2.974637     2.7927     2.7603     0.0046  0.1536487      3.633    23.2141    23.2121     6.7607     5.8208 -9.990e-29
       2097      3.689    15.1554    15.1505   2.975185   2.974589     2.7927     2.7603     0.0046  0.1536561      3.654    23.2138    23.2116     6.7607     5.8202 -9.990e-29
       2098      3.712    15.1555    15.1508   2.975152   2.974564     2.7928     2.7602     0.0046  0.1536665      3.677    23.2135    23.2112     6.7609     5.8193 -9.990e-29
       2099      3.734    15.1555    15.1510   2.975107   2.974556     2.7928     2.7602     0.0046  0.1536799      3.699    23.2131    23.2110     6.7609     5.8188 -9.990e-29
       2100      3.756    15.1555    15.1513   2.975048   2.974558     2.7929     2.7601     0.0046  0.1536973      3.721    23.2126    23.2108     6.7612     5.8180 -9.990e-29
       2101      3.778    15.1554    15.1516   2.974971   2.974561     2.7929     2.7601     0.0046  0.1537188      3.743    23.2120    23.2107     6.7612     5.8175 -9.990e-29
       2102      3.800    15.1553    15.1519   2.974871   2.974558     2.7930     2.7600     0.0046  0.1537444      3.764    23.2111    23.2105     6.7615     5.8167 -9.990e-29
       2103      3.823    15.1551    15.1520   2.974748   2.974542     2.7930     2.7600     0.0046  0.1537737      3.787    23.2102    23.2103     6.7616     5.8164 -9.990e-29
       2104      3.845    15.1549    15.1522   2.974602   2.974508     2.7931     2.7599     0.0046  0.1538067      3.809    23.2091    23.2098     6.7620     5.8158 -9.990e-29
       2105      3.867    15.1546    15.1522   2.974440   2.974455     2.7931     2.7599     0.0046  0.1538446      3.831    23.2078    23.2094     6.7622     5.8155 -9.990e-29
       2106      3.889    15.1542    15.1522   2.974269   2.974380     2.7931     2.7598     0.0046  0.1538859      3.853    23.2066    23.2087     6.7624     5.8150 -9.990e-29
       2107      3.912    15.1539    15.1522   2.974096   2.974287     2.7931     2.7597     0.0046  0.1539283      3.875    23.2053    23.2079     6.7627     5.8146 -9.990e-29
       2108      3.934    15.1536    15.1521   2.973925   2.974178     2.7932     2.7596     0.0046  0.1539705      3.897    23.2040    23.2070     6.7633     5.8143 -9.990e-29
       2109      3.956    15.1533    15.1520   2.973759   2.974061     2.7932     2.7595     0.0046  0.1540110      3.919    23.2027    23.2061     6.7636     5.8141 -9.990e-29
       2110      3.978    15.1530    15.1519   2.973599   2.973941     2.7932     2.7594     0.0046  0.1540493      3.941    23.2015    23.2051     6.7640     5.8139 -9.990e-29
       2111      4.000    15.1528    15.1518   2.973446   2.973821     2.7933     2.7593     0.0046  0.1540865      3.963    23.2003    23.2041     6.7647     5.8137 -9.990e-29
       2112      4.022    15.1526    15.1517   2.973298   2.973706     2.7933     2.7592     0.0046  0.1541237      3.984    23.1992    23.2032     6.7651     5.8136 -9.990e-29
       2113      4.045    15.1523    15.1516   2.973156   2.973598     2.7933     2.7591     0.0046  0.1541603      4.007    23.1981    23.2023     6.7656     5.8136 -9.990e-29
       2114      4.067    15.1521    15.1515   2.973020   2.973496     2.7934     2.7590     0.0046  0.1541957      4.029    23.1970    23.2015     6.7664     5.8136 -9.990e-29
       2115      4.089    15.1519    15.1515   2.972889   2.973401     2.7934     2.7589     0.0046  0.1542311      4.051    23.1960    23.2007     6.7670     5.8136 -9.990e-29
       2116      4.111    15.1517    15.1515   2.972765   2.973313     2.7935     2.7589     0.0046  0.1542682      4.073    23.1951    23.1999     6.7678     5.8139 -9.990e-29
       2117      4.133    15.1516    15.1514   2.972649   2.973231     2.7935     2.7588     0.0046  0.1543084      4.094    23.1941    23.1993     6.7685     5.8141 -9.990e-29
       2118      4.155    15.1514    15.1514   2.972541   2.973155     2.7936     2.7587     0.0046  0.1543509      4.116    23.1933    23.1986     6.7694     5.8142 -9.990e-29
       2119      4.178    15.1513    15.1514   2.972440   2.973087     2.7937     2.7586     0.0046  0.1543953      4.139    23.1925    23.1980     6.7704     5.8144 -9.990e-29
       2120      4.200    15.1512    15.1514   2.972346   2.973026     2.7938     2.7586     0.0046  0.1544418      4.161    23.1917    23.1975     6.7714     5.8149 -9.990e-29
       2121      4.222    15.1511    15.1514   2.972259   2.972971     2.7939     2.7585     0.0046  0.1544908      4.182    23.1910    23.1970     6.7724     5.8152 -9.990e-29
       2122      4.244    15.1510    15.1514   2.972180   2.972922     2.7940     2.7585     0.0046  0.1545426      4.204    23.1904    23.1966     6.7735     5.8158 -9.990e-29
       2123      4.266    15.1510    15.1514   2.972107   2.972876     2.7941     2.7584     0.0046  0.1545975      4.226    23.1898    23.1962     6.7745     5.8161 -9.990e-29
       2124      4.288    15.1509    15.1514   2.972041   2.972835     2.7942     2.7584     0.0046  0.1546560      4.248    23.1893    23.1958     6.7756     5.8167 -9.990e-29
       2125      4.310    15.1509    15.1514   2.971981   2.972797     2.7944     2.7584     0.0046  0.1547185      4.270    23.1887    23.1955     6.7770     5.8173 -9.990e-29
       2126      4.333    15.1509    15.1515   2.971927   2.972763     2.7945     2.7584     0.0046  0.1547863      4.292    23.1883    23.1951     6.7780     5.8180 -9.990e-29
       2127      4.355    15.1508    15.1515   2.971879   2.972733     2.7946     2.7584     0.0046  0.1548597      4.314    23.1879    23.1948     6.7791     5.8187 -9.990e-29
       2128      4.377    15.1508    15.1515   2.971836   2.972706     2.7948     2.7584     0.0046  0.1549377      4.336    23.1875    23.1946     6.7805     5.8194 -9.990e-29
       2129      4.399    15.1509    15.1516   2.971798   2.972681     2.7950     2.7585     0.0046  0.1550207      4.358    23.1871    23.1943     6.7818     5.8203 -9.990e-29
       2130      4.421    15.1509    15.1516   2.971765   2.972659     2.7951     2.7585     0.0046  0.1551103      4.380    23.1869    23.1941     6.7829     5.8210 -9.990e-29
       2131      4.443    15.1509    15.1517   2.971736   2.972639     2.7953     2.7585     0.0048  0.1552044      4.401    23.1866    23.1939     6.7842     5.8217 -9.990e-29
       2132      4.465    15.1510    15.1517   2.971709   2.972619     2.7955     2.7586     0.0048  0.1552986      4.423    23.1863    23.1937     6.7855     5.8227 -9.990e-29
       2133      4.487    15.1510    15.1517   2.971686   2.972601     2.7957     2.7587     0.0048  0.1553894      4.445    23.1861    23.1936     6.7868     5.8237 -9.990e-29
       2134      4.509    15.1510    15.1518   2.971665   2.972584     2.7959     2.7587     0.0048  0.1554756      4.467    23.1859    23.1933     6.7881     5.8244 -9.990e-29
       2135      4.532    15.1510    15.1518   2.971646   2.972568     2.7961     2.7588     0.0048  0.1555588      4.490    23.1857    23.1932     6.7894     5.8254 -9.990e-29
       2136      4.554    15.1511    15.1518   2.971628   2.972552     2.7963     2.7589     0.0048  0.1556395      4.511    23.1855    23.1931     6.7906     5.8264 -9.990e-29
       2137      4.576    15.1511    15.1518   2.971612   2.972536     2.7965     2.7590     0.0048  0.1557174      4.533    23.1854    23.1929     6.7918     5.8273 -9.990e-29
       2138      4.598    15.1511    15.1518   2.971598   2.972522     2.7967     2.7591     0.0048  0.1557939      4.555    23.1853    23.1928     6.7930     5.8283 -9.990e-29
       2139      4.620    15.1512    15.1518   2.971585   2.972509     2.7969     2.7592     0.0048  0.1558703      4.577    23.1851    23.1927     6.7941     5.8292 -9.990e-29
       2140      4.642    15.1512    15.1518   2.971574   2.972497     2.7971     2.7593     0.0048  0.1559473      4.599    23.1850    23.1926     6.7953     5.8301 -9.990e-29
       2141      4.664    15.1513    15.1519   2.971565   2.972486     2.7974     2.7594     0.0048  0.1560245      4.620    23.1848    23.1924     6.7967     5.8310 -9.990e-29
       2142      4.686    15.1513    15.1519   2.971557   2.972476     2.7976     2.7595     0.0048  0.1561007      4.642    23.1848    23.1923     6.7977     5.8318 -9.990e-29
       2143      4.708    15.1514    15.1519   2.971551   2.972467     2.7978     2.7597     0.0048  0.1561757      4.664    23.1846    23.1922     6.7988     5.8329 -9.990e-29
       2144      4.730    15.1514    15.1519   2.971546   2.972459     2.7981     2.7598     0.0048  0.1562499      4.686    23.1846    23.1922     6.8001     5.8337 -9.990e-29
       2145      4.753    15.1515    15.1520   2.971541   2.972452     2.7983     2.7599     0.0048  0.1563247      4.709    23.1845    23.1920     6.8011     5.8345 -9.990e-29
       2146      4.775    15.1515    15.1520   2.971537   2.972446     2.7986     2.7601     0.0048  0.1564023      4.730    23.1844    23.1920     6.8025     5.8354 -9.990e-29
       2147      4.797    15.1516    15.1520   2.971534   2.972439     2.7988     2.7602     0.0048  0.1564842      4.752    23.1844    23.1919     6.8034     5.8362 -9.990e-29
       2148      4.819    15.1516    15.1519   2.971532   2.972432     2.7990     2.7604     0.0048  0.1565708      4.774    23.1843    23.1919     6.8044     5.8371 -9.990e-29
       2149      4.841    15.1516    15.1519   2.971529   2.972425     2.7993     2.7605     0.0048  0.1566620      4.796    23.1843    23.1918     6.8057     5.8378 -9.990e-29
       2150      4.863    15.1517    15.1519   2.971527   2.972418     2.7995     2.7607     0.0048  0.1567575      4.817    23.1842    23.1918     6.8066     5.8386 -9.990e-29
       2151      4.885    15.1517    15.1519   2.971525   2.972412     2.7998     2.7608     0.0048  0.1568580      4.839    23.1842    23.1917     6.8078     5.8392 -9.990e-29
       2152      4.908    15.1517    15.1518   2.971524   2.972406     2.8000     2.7610     0.0048  0.1569642      4.862    23.1842    23.1917     6.8087     5.8401 -9.990e-29
       2153      4.930    15.1518    15.1518   2.971523   2.972402     2.8002     2.7611     0.0048  0.1570777      4.884    23.1841    23.1917     6.8095     5.8406 -9.990e-29
       2154      4.952    15.1518    15.1518   2.971523   2.972397     2.8005     2.7613     0.0048  0.1572000      4.906    23.1841    23.1916     6.8107     5.8414 -9.990e-29
       2155      4.974    15.1518    15.1518   2.971524   2.972393     2.8007     2.7615     0.0048  0.1573322      4.927    23.1841    23.1916     6.8116     5.8421 -9.990e-29
       2156      4.996    15.1518    15.1517   2.971524   2.972390     2.8009     2.7617     0.0048  0.1574733      4.949    23.1841    23.1916     6.8124     5.8428 -9.990e-29
       2157      5.018    15.1518    15.1517   2.971524   2.972388     2.8012     2.7618     0.0046  0.1576184      4.971    23.1841    23.1916     6.8135     5.8433 -9.990e-29
       2158      5.040    15.1518    15.1517   2.971523   2.972386     2.8014     2.7620     0.0046  0.1577601      4.993    23.1841    23.1916     6.8143     5.8440 -9.990e-29
       2159      5.062    15.1518    15.1517   2.971519   2.972385     2.8017     2.7622     0.0046  0.1578934      5.015    23.1840    23.1915     6.8155     5.8446 -9.990e-29
       2160      5.084    15.1518    15.1517   2.971514   2.972385     2.8019     2.7624     0.0046  0.1580183      5.036    23.1840    23.1915     6.8163     5.8452 -9.990e-29
       2161      5.106    15.1518    15.1517   2.971507   2.972385     2.8022     2.7626     0.0046  0.1581375      5.058    23.1839    23.1915     6.8174     5.8458 -9.990e-29
       2162      5.128    15.1517    15.1517   2.971500   2.972386     2.8024     2.7628     0.0046  0.1582517      5.080    23.1839    23.1915     6.8182     5.8464 -9.990e-29
       2163      5.150    15.1517    15.1517   2.971493   2.972388     2.8027     2.7629     0.0046  0.1583600      5.102    23.1838    23.1915     6.8193     5.8467 -9.990e-29
       2164      5.172    15.1517    15.1517   2.971487   2.972390     2.8029     2.7631     0.0046  0.1584633      5.124    23.1838    23.1916     6.8201     5.8472 -9.990e-29
       2165      5.194    15.1516    15.1517   2.971481   2.972393     2.8032     2.7633     0.0046  0.1585630      5.145    23.1838    23.1916     6.8212     5.8477 -9.990e-29
       2166      5.216    15.1516    15.1517   2.971476   2.972395     2.8035     2.7635     0.0046  0.1586590      5.167    23.1837    23.1916     6.8222     5.8482 -9.990e-29
       2167      5.238    15.1516    15.1517   2.971471   2.972399     2.8038     2.7636     0.0046  0.1587512      5.189    23.1837    23.1916     6.8233     5.8484 -9.990e-29
       2168      5.260    15.1516    15.1517   2.971466   2.972403     2.8040     2.7638     0.0046  0.1588402      5.211    23.1836    23.1916     6.8240     5.8488 -9.990e-29
       2169      5.282    15.1516    15.1517   2.971462   2.972408     2.8043     2.7640     0.0046  0.1589265      5.233    23.1836    23.1917     6.8251     5.8493 -9.990e-29
