code/data/2021/ctd_data_day1/Station 2 210921_ctm_fil_le.cnv
* Sea-Bird SBE 9 Data File:
* FileName = C:\Users\CTD-User\Desktop\MAR440\Station 2 210921.hex
* Software Version Seasave V 7.26.2.13
* Temperature SN = 6313
* Conductivity SN = 4758
* Number of Bytes Per Scan = 30
* Number of Voltage Words = 4
* Number of Scans Averaged by the Deck Unit = 1
* NMEA baud rate = 4800
** Ship:
** Station:
** Operator:
# nquan = 11
# nvalues = 6110                        
# units = specified
# name 0 = scan: Scan Count
# name 1 = prDM: Pressure, Digiquartz [db]
# name 2 = t090C: Temperature [ITS-90, deg C]
# name 3 = t190C: Temperature, 2 [ITS-90, deg C]
# name 4 = c0S/m: Conductivity [S/m]
# name 5 = c1S/m: Conductivity, 2 [S/m]
# name 6 = sbeox0V: Oxygen raw, SBE 43 [V]
# name 7 = sbeox1V: Oxygen raw, SBE 43, 2 [V]
# name 8 = flECO-AFL: Fluorescence, WET Labs ECO-AFL/FL [mg/m^3]
# name 9 = upoly0: Upoly 0, Turbidity
# name 10 = flag:  0.000e+00
# span 0 =          1,       6110       
# span 1 =      0.272,     43.391       
# span 2 =     7.9822,    16.1562       
# span 3 =     7.9816,    16.1577       
# span 4 =  -0.000572,   3.484935       
# span 5 =   1.131490,   3.486137       
# span 6 =     0.4727,     3.0246       
# span 7 =     0.5280,     2.8397       
# span 8 =     0.0033,     0.0408       
# span 9 =  0.0809230,  0.2244552       
# span 10 = 0.0000e+00, 0.0000e+00      
# interval = seconds: 0.0416667
# start_time = Sep 21 2021 09:07:42 [System UTC, header]
# bad_flag = -9.990e-29
*END*
[from data line 3673]
       3674      0.508    15.5273    15.8402   3.025173   3.080769     2.5433     2.5145     0.0053  0.1965615 -9.990e-29
       3675      0.508    15.5137    15.8301   3.022644   3.078825     2.5434     2.5135     0.0053  0.1961693 -9.990e-29
       3676      0.508    15.4995    15.8196   3.020018   3.076815     2.5436     2.5125     0.0053  0.1957522 -9.990e-29
       3677      0.508    15.4843    15.8088   3.017271   3.074746     2.5439     2.5115     0.0055  0.1953072 -9.990e-29
       3678      0.508    15.4679    15.7975   3.014369   3.072617     2.5442     2.5105     0.0053  0.1948314 -9.990e-29
       3679      0.508    15.4500    15.7859   3.011269   3.070425     2.5445     2.5096     0.0053  0.1943213 -9.990e-29
       3680      0.508    15.4304    15.7739   3.007943   3.068173     2.5448     2.5086     0.0053  0.1937743 -9.990e-29
       3681      0.508    15.4093    15.7617   3.004388   3.065872     2.5452     2.5077     0.0053  0.1931873 -9.990e-29
       3682      0.509    15.3871    15.7496   3.000632   3.063540     2.5456     2.5068     0.0053  0.1925573 -9.990e-29
       3683      0.509    15.3641    15.7373   2.996718   3.061192     2.5461     2.5059     0.0053  0.1919002 -9.990e-29
       3684      0.509    15.3407    15.7250   2.992700   3.058827     2.5466     2.5050     0.0055  0.1912581 -9.990e-29
       3685      0.509    15.3175    15.7126   2.988634   3.056441     2.5471     2.5042     0.0055  0.1906647 -9.990e-29
       3686      0.510    15.2948    15.7001   2.984590   3.054027     2.5476     2.5033     0.0053  0.1901279 -9.990e-29
       3687      0.510    15.2728    15.6874   2.980647   3.051574     2.5482     2.5025     0.0053  0.1896431 -9.990e-29
       3688      0.510    15.2517    15.6742   2.976879   3.049068     2.5488     2.5017     0.0053  0.1892043 -9.990e-29
       3689      0.510    15.2316    15.6606   2.973330   3.046499     2.5494     2.5009     0.0053  0.1888077 -9.990e-29
       3690      0.510    15.2128    15.6463   2.970012   3.043855     2.5500     2.5001     0.0053  0.1884513 -9.990e-29
       3691      0.510    15.1954    15.6313   2.966920   3.041122     2.5507     2.4994     0.0053  0.1881335 -9.990e-29
       3692      0.510    15.1792    15.6154   2.964032   3.038275     2.5513     2.4987     0.0053  0.1878512 -9.990e-29
       3693      0.510    15.1634    15.5985   2.961296   3.035290     2.5520     2.4981     0.0055  0.1876017 -9.990e-29
       3694      0.510    15.1473    15.5805   2.958620   3.032157     2.5527     2.4975     0.0053  0.1873832 -9.990e-29
       3695      0.510    15.1306    15.5614   2.955914   3.028881     2.5534     2.4969     0.0055  0.1871941 -9.990e-29
       3696      0.511    15.1134    15.5414   2.953132   3.025477     2.5542     2.4963     0.0053  0.1870332 -9.990e-29
       3697      0.511    15.0960    15.5204   2.950280   3.021959     2.5549     2.4958     0.0053  0.1868993 -9.990e-29
       3698      0.511    15.0790    15.4983   2.947399   3.018317     2.5557     2.4953     0.0055  0.1867924 -9.990e-29
       3699      0.512    15.0627    15.4746   2.944550   3.014509     2.5564     2.4947     0.0053  0.1867125 -9.990e-29
       3700      0.512    15.0474    15.4492   2.941798   3.010483     2.5571     2.4942     0.0053  0.1866583 -9.990e-29
       3701      0.512    15.0328    15.4221   2.939174   3.006206     2.5579     2.4937     0.0053  0.1866286 -9.990e-29
       3702      0.513    15.0184    15.3939   2.936655   3.001706     2.5586     2.4932     0.0053  0.1866230 -9.990e-29
       3703      0.513    15.0032    15.3653   2.934156   2.997074     2.5594     2.4927     0.0053  0.1866417 -9.990e-29
       3704      0.513    14.9861    15.3365   2.931540   2.992410     2.5601     2.4922     0.0053  0.1866846 -9.990e-29
       3705      0.514    14.9669    15.3076   2.928665   2.987769     2.5608     2.4916     0.0053  0.1867522 -9.990e-29
       3706      0.514    14.9463    15.2783   2.925475   2.983145     2.5616     2.4911     0.0053  0.1868448 -9.990e-29
       3707      0.514    14.9252    15.2484   2.922032   2.978498     2.5623     2.4906     0.0053  0.1869632 -9.990e-29
       3708      0.515    14.9045    15.2180   2.918473   2.973776     2.5630     2.4900     0.0055  0.1871056 -9.990e-29
       3709      0.515    14.8846    15.1871   2.914925   2.968950     2.5637     2.4895     0.0055  0.1872636 -9.990e-29
       3710      0.515    14.8657    15.1559   2.911463   2.964017     2.5644     2.4890     0.0053  0.1874257 -9.990e-29
       3711      0.516    14.8480    15.1250   2.908132   2.958996     2.5651     2.4886     0.0055  0.1875852 -9.990e-29
       3712      0.516    14.8316    15.0950   2.904964   2.953925     2.5659     2.4881     0.0053  0.1877416 -9.990e-29
       3713      0.516    14.8166    15.0663   2.901985   2.948864     2.5666     2.4877     0.0055  0.1878960 -9.990e-29
       3714      0.516    14.8029    15.0388   2.899211   2.943888     2.5673     2.4873     0.0053  0.1880495 -9.990e-29
       3715      0.516    14.7906    15.0124   2.896653   2.939060     2.5681     2.4870     0.0053  0.1882031 -9.990e-29
       3716      0.516    14.7798    14.9871   2.894316   2.934417     2.5688     2.4866     0.0053  0.1883580 -9.990e-29
       3717      0.516    14.7698    14.9629   2.892193   2.929984     2.5696     2.4864     0.0055  0.1885151 -9.990e-29
       3718      0.516    14.7596    14.9400   2.890233   2.925781     2.5704     2.4861     0.0055  0.1886755 -9.990e-29
       3719      0.516    14.7481    14.9186   2.888326   2.921828     2.5713     2.4859     0.0055  0.1888405 -9.990e-29
       3720      0.516    14.7346    14.8983   2.886342   2.918129     2.5722     2.4857     0.0055  0.1890111 -9.990e-29
       3721      0.516    14.7198    14.8790   2.884195   2.914660     2.5731     2.4856     0.0055  0.1891885 -9.990e-29
       3722      0.516    14.7045    14.8605   2.881902   2.911371     2.5740     2.4856     0.0055  0.1893740 -9.990e-29
       3723      0.516    14.6894    14.8425   2.879545   2.908211     2.5750     2.4856     0.0055  0.1895688 -9.990e-29
       3724      0.516    14.6749    14.8249   2.877213   2.905136     2.5760     2.4857     0.0053  0.1897743 -9.990e-29
       3725      0.516    14.6612    14.8075   2.874964   2.902111     2.5771     2.4858     0.0053  0.1899919 -9.990e-29
       3726      0.516    14.6483    14.7902   2.872828   2.899114     2.5782     2.4859     0.0053  0.1902232 -9.990e-29
       3727      0.517    14.6362    14.7728   2.870811   2.896134     2.5793     2.4861     0.0055  0.1904698 -9.990e-29
       3728      0.517    14.6247    14.7558   2.868909   2.893186     2.5804     2.4864     0.0053  0.1907333 -9.990e-29
       3729      0.517    14.6140    14.7391   2.867115   2.890299     2.5816     2.4867     0.0053  0.1910156 -9.990e-29
       3730      0.517    14.6040    14.7230   2.865423   2.887501     2.5828     2.4870     0.0053  0.1913187 -9.990e-29
       3731      0.517    14.5946    14.7075   2.863831   2.884816     2.5841     2.4874     0.0053  0.1916446 -9.990e-29
       3732      0.517    14.5858    14.6927   2.862337   2.882262     2.5854     2.4879     0.0053  0.1919957 -9.990e-29
       3733      0.517    14.5776    14.6787   2.860940   2.879848     2.5867     2.4883     0.0055  0.1923736 -9.990e-29
       3734      0.517    14.5701    14.6655   2.859640   2.877572     2.5880     2.4888     0.0057  0.1927689 -9.990e-29
       3735      0.517    14.5633    14.6530   2.858437   2.875430     2.5894     2.4893     0.0060  0.1931564 -9.990e-29
       3736      0.517    14.5570    14.6412   2.857328   2.873416     2.5908     2.4899     0.0060  0.1935141 -9.990e-29
       3737      0.517    14.5512    14.6301   2.856312   2.871528     2.5922     2.4904     0.0062  0.1938370 -9.990e-29
       3738      0.517    14.5460    14.6197   2.855388   2.869763     2.5937     2.4911     0.0060  0.1941280 -9.990e-29
       3739      0.517    14.5413    14.6101   2.854553   2.868117     2.5952     2.4918     0.0060  0.1943901 -9.990e-29
       3740      0.517    14.5370    14.6011   2.853805   2.866586     2.5967     2.4925     0.0060  0.1946251 -9.990e-29
       3741      0.517    14.5332    14.5929   2.853139   2.865165     2.5983     2.4933     0.0060  0.1948347 -9.990e-29
       3742      0.517    14.5298    14.5853   2.852551   2.863844     2.5999     2.4942     0.0060  0.1950202 -9.990e-29
       3743      0.517    14.5269    14.5782   2.852040   2.862615     2.6015     2.4951     0.0060  0.1951830 -9.990e-29
       3744      0.517    14.5244    14.5716   2.851604   2.861465     2.6032     2.4961     0.0060  0.1953242 -9.990e-29
       3745      0.516    14.5224    14.5654   2.851244   2.860383     2.6049     2.4972     0.0060  0.1954447 -9.990e-29
       3746      0.516    14.5210    14.5596   2.850968   2.859361     2.6067     2.4983     0.0060  0.1955456 -9.990e-29
       3747      0.516    14.5200    14.5541   2.850777   2.858393     2.6084     2.4996     0.0060  0.1956273 -9.990e-29
       3748      0.516    14.5194    14.5490   2.850665   2.857476     2.6103     2.5009     0.0060  0.1956905 -9.990e-29
       3749      0.516    14.5191    14.5442   2.850619   2.856611     2.6122     2.5023     0.0060  0.1957357 -9.990e-29
       3750      0.516    14.5191    14.5397   2.850627   2.855797     2.6141     2.5038     0.0060  0.1957632 -9.990e-29
       3751      0.515    14.5193    14.5356   2.850680   2.855037     2.6161     2.5054     0.0060  0.1957730 -9.990e-29
       3752      0.515    14.5197    14.5319   2.850779   2.854330     2.6181     2.5070     0.0060  0.1957654 -9.990e-29
       3753      0.515    14.5205    14.5284   2.850932   2.853678     2.6202     2.5088     0.0060  0.1957403 -9.990e-29
       3754      0.515    14.5218    14.5254   2.851148   2.853084     2.6223     2.5106     0.0060  0.1956974 -9.990e-29
       3755      0.515    14.5234    14.5226   2.851430   2.852550     2.6244     2.5125     0.0060  0.1956365 -9.990e-29
       3756      0.515    14.5256    14.5203   2.851775   2.852077     2.6266     2.5145     0.0060  0.1955572 -9.990e-29
       3757      0.515    14.5281    14.5183   2.852181   2.851667     2.6289     2.5166     0.0060  0.1954589 -9.990e-29
       3758      0.515    14.5309    14.5167   2.852642   2.851325     2.6311     2.5187     0.0060  0.1953409 -9.990e-29
       3759      0.515    14.5340    14.5155   2.853153   2.851056     2.6335     2.5209     0.0059  0.1952058 -9.990e-29
       3760      0.515    14.5373    14.5147   2.853706   2.850866     2.6358     2.5231     0.0059  0.1950646 -9.990e-29
       3761      0.515    14.5408    14.5144   2.854295   2.850757     2.6382     2.5254     0.0059  0.1949307 -9.990e-29
       3762      0.515    14.5444    14.5146   2.854911   2.850731     2.6407     2.5278     0.0059  0.1948100 -9.990e-29
       3763      0.515    14.5481    14.5153   2.855547   2.850788     2.6431     2.5303     0.0059  0.1947024 -9.990e-29
       3764      0.515    14.5519    14.5166   2.856199   2.850929     2.6456     2.5328     0.0059  0.1946073 -9.990e-29
       3765      0.515    14.5559    14.5184   2.856867   2.851156     2.6482     2.5354     0.0059  0.1945240 -9.990e-29
       3766      0.515    14.5600    14.5208   2.857552   2.851475     2.6507     2.5380     0.0059  0.1944518 -9.990e-29
       3767      0.514    14.5643    14.5238   2.858258   2.851891     2.6533     2.5408     0.0059  0.1943904 -9.990e-29
       3768      0.514    14.5686    14.5276   2.858985   2.852413     2.6560     2.5436     0.0059  0.1943392 -9.990e-29
       3769      0.514    14.5731    14.5320   2.859736   2.853054     2.6586     2.5464     0.0059  0.1942980 -9.990e-29
       3770      0.514    14.5777    14.5373   2.860512   2.853824     2.6613     2.5493     0.0059  0.1942663 -9.990e-29
       3771      0.513    14.5825    14.5434   2.861316   2.854730     2.6641     2.5523     0.0059  0.1942441 -9.990e-29
       3772      0.513    14.5876    14.5503   2.862152   2.855777     2.6668     2.5553     0.0059  0.1942311 -9.990e-29
       3773      0.513    14.5929    14.5579   2.863026   2.856962     2.6696     2.5584     0.0059  0.1942273 -9.990e-29
       3774      0.513    14.5985    14.5662   2.863942   2.858272     2.6724     2.5615     0.0059  0.1942334 -9.990e-29
       3775      0.512    14.6045    14.5750   2.864905   2.859685     2.6752     2.5647     0.0059  0.1942505 -9.990e-29
       3776      0.512    14.6108    14.5842   2.865922   2.861183     2.6781     2.5679     0.0059  0.1942777 -9.990e-29
       3777      0.512    14.6175    14.5940   2.866998   2.862752     2.6809     2.5712     0.0059  0.1943143 -9.990e-29
       3778      0.511    14.6246    14.6041   2.868138   2.864383     2.6838     2.5745     0.0059  0.1943607 -9.990e-29
       3779      0.511    14.6321    14.6146   2.869344   2.866072     2.6867     2.5778     0.0059  0.1944172 -9.990e-29
       3780      0.510    14.6400    14.6254   2.870613   2.867809     2.6897     2.5812     0.0059  0.1944841 -9.990e-29
       3781      0.510    14.6482    14.6362   2.871937   2.869583     2.6926     2.5846     0.0059  0.1945619 -9.990e-29
       3782      0.510    14.6567    14.6469   2.873309   2.871377     2.6955     2.5881     0.0059  0.1946512 -9.990e-29
       3783      0.509    14.6654    14.6577   2.874724   2.873176     2.6985     2.5915     0.0059  0.1947525 -9.990e-29
       3784      0.509    14.6744    14.6684   2.876174   2.874973     2.7015     2.5950     0.0059  0.1948667 -9.990e-29
       3785      0.508    14.6835    14.6791   2.877657   2.876763     2.7044     2.5985     0.0055  0.1949927 -9.990e-29
       3786      0.508    14.6927    14.6896   2.879165   2.878541     2.7074     2.6020     0.0055  0.1951273 -9.990e-29
       3787      0.508    14.7019    14.6998   2.880686   2.880291     2.7104     2.6056     0.0055  0.1952679 -9.990e-29
       3788      0.507    14.7108    14.7094   2.882201   2.881990     2.7133     2.6091     0.0055  0.1954146 -9.990e-29
       3789      0.507    14.7195    14.7183   2.883692   2.883615     2.7163     2.6126     0.0055  0.1955686 -9.990e-29
       3790      0.507    14.7278    14.7261   2.885140   2.885139     2.7193     2.6162     0.0055  0.1957309 -9.990e-29
       3791      0.506    14.7356    14.7328   2.886531   2.886530     2.7222     2.6197     0.0055  0.1959025 -9.990e-29
       3792      0.506    14.7430    14.7382   2.887851   2.887758     2.7252     2.6233     0.0055  0.1960847 -9.990e-29
       3793      0.505    14.7498    14.7423   2.889089   2.888798     2.7281     2.6268     0.0055  0.1962788 -9.990e-29
       3794      0.505    14.7563    14.7449   2.890247   2.889629     2.7310     2.6304     0.0055  0.1964861 -9.990e-29
       3795      0.505    14.7624    14.7463   2.891335   2.890241     2.7339     2.6339     0.0055  0.1967081 -9.990e-29
       3796      0.505    14.7682    14.7464   2.892374   2.890636     2.7367     2.6374     0.0055  0.1969463 -9.990e-29
       3797      0.504    14.7740    14.7455   2.893384   2.890827     2.7395     2.6409     0.0055  0.1972023 -9.990e-29
       3798      0.504    14.7795    14.7438   2.894378   2.890834     2.7423     2.6444     0.0055  0.1974779 -9.990e-29
       3799      0.504    14.7851    14.7416   2.895363   2.890687     2.7451     2.6479     0.0055  0.1977751 -9.990e-29
       3800      0.504    14.7906    14.7390   2.896348   2.890421     2.7479     2.6514     0.0055  0.1980960 -9.990e-29
       3801      0.504    14.7963    14.7363   2.897345   2.890076     2.7506     2.6548     0.0055  0.1984426 -9.990e-29
       3802      0.504    14.8021    14.7335   2.898365   2.889678     2.7533     2.6582     0.0055  0.1988176 -9.990e-29
       3803      0.504    14.8082    14.7306   2.899419   2.889241     2.7559     2.6616     0.0055  0.1992234 -9.990e-29
