code/data/2021/ctd_data_day1/Station 2 210921_ctm_fil_le.cnv
* Sea-Bird SBE 9 Data File:
* FileName = C:\Users\CTD-User\Desktop\MAR440\Station 2 210921.hex
* Software Version Seasave V 7.26.2.13
* Temperature SN = 6313
* Conductivity SN = 4758
* Number of Bytes Per Scan = 30
* Number of Voltage Words = 4
* Number of Scans Averaged by the Deck Unit = 1
* NMEA baud rate = 4800
** Ship:
** Station:
** Operator:
# nquan = 11
# nvalues = 6110                        
# units = specified
# name 0 = scan: Scan Count
# name 1 = prDM: Pressure, Digiquartz [db]
# name 2 = t090C: Temperature [ITS-90, deg C]
# name 3 = t190C: Temperature, 2 [ITS-90, deg C]
# name 4 = c0S/m: Conductivity [S/m]
# name 5 = c1S/m: Conductivity, 2 [S/m]
# name 6 = sbeox0V: Oxygen raw, SBE 43 [V]
# name 7 = sbeox1V: Oxygen raw, SBE 43, 2 [V]
# name 8 = flECO-AFL: Fluorescence, WET Labs ECO-AFL/FL [mg/m^3]
# name 9 = upoly0: Upoly 0, Turbidity
# name 10 = flag:  0.000e+00
# span 0 =          1,       6110       
# span 1 =      0.272,     43.391       
# span 2 =     7.9822,    16.1562       
# span 3 =     7.9816,    16.1577       
# span 4 =  -0.000572,   3.484935       
# span 5 =   1.131490,   3.486137       
# span 6 =     0.4727,     3.0246       
# span 7 =     0.5280,     2.8397       
# span 8 =     0.0033,     0.0408       
# span 9 =  0.0809230,  0.2244552       
# span 10 = 0.0000e+00, 0.0000e+00      
# interval = seconds: 0.0416667
# start_time = Sep 21 2021 09:07:42 [System UTC, header]
# bad_flag = -9.990e-29
*END*
[from data line 2886]
       2887     10.005    15.5994    15.6075   3.299186   3.299862     1.9400     1.9313     0.0038  0.0954392 -9.990e-29
       2888     10.005    15.6004    15.6073   3.299101   3.299905     1.9398     1.9313     0.0038  0.0954651 -9.990e-29
       2889     10.005    15.6013    15.6070   3.299015   3.299945     1.9397     1.9312     0.0038  0.0954925 -9.990e-29
       2890     10.005    15.6022    15.6067   3.298931   3.299984     1.9396     1.9311     0.0038  0.0955217 -9.990e-29
       2891     10.005    15.6031    15.6064   3.298848   3.300022     1.9395     1.9310     0.0038  0.0955530 -9.990e-29
       2892     10.005    15.6039    15.6060   3.298766   3.300058     1.9393     1.9310     0.0042  0.0955856 -9.990e-29
       2893     10.005    15.6048    15.6057   3.298686   3.300095     1.9392     1.9309     0.0044  0.0956180 -9.990e-29
       2894     10.005    15.6056    15.6053   3.298609   3.300130     1.9391     1.9308     0.0044  0.0956490 -9.990e-29
       2895     10.005    15.6064    15.6049   3.298534   3.300165     1.9389     1.9307     0.0044  0.0956768 -9.990e-29
       2896     10.005    15.6072    15.6045   3.298461   3.300198     1.9388     1.9306     0.0044  0.0957018 -9.990e-29
       2897     10.005    15.6080    15.6041   3.298390   3.300230     1.9387     1.9305     0.0044  0.0957258 -9.990e-29
       2898     10.005    15.6087    15.6036   3.298322   3.300261     1.9385     1.9304     0.0044  0.0957498 -9.990e-29
       2899     10.004    15.6095    15.6032   3.298255   3.300291     1.9384     1.9303     0.0044  0.0957731 -9.990e-29
       2900     10.004    15.6102    15.6027   3.298189   3.300320     1.9383     1.9302     0.0044  0.0957951 -9.990e-29
       2901     10.004    15.6109    15.6022   3.298124   3.300348     1.9382     1.9301     0.0044  0.0958159 -9.990e-29
       2902     10.004    15.6116    15.6017   3.298061   3.300376     1.9381     1.9300     0.0044  0.0958357 -9.990e-29
       2903     10.003    15.6123    15.6011   3.297999   3.300403     1.9379     1.9299     0.0044  0.0958553 -9.990e-29
       2904     10.003    15.6130    15.6005   3.297939   3.300430     1.9378     1.9297     0.0044  0.0958760 -9.990e-29
       2905     10.003    15.6136    15.5999   3.297881   3.300458     1.9377     1.9296     0.0044  0.0958976 -9.990e-29
       2906     10.003    15.6142    15.5992   3.297824   3.300486     1.9376     1.9295     0.0044  0.0959197 -9.990e-29
       2907     10.002    15.6148    15.5986   3.297771   3.300514     1.9375     1.9293     0.0044  0.0959405 -9.990e-29
       2908     10.002    15.6153    15.5980   3.297720   3.300542     1.9374     1.9292     0.0044  0.0959604 -9.990e-29
       2909     10.002    15.6158    15.5973   3.297672   3.300569     1.9373     1.9291     0.0044  0.0959810 -9.990e-29
       2910     10.001    15.6163    15.5967   3.297626   3.300594     1.9371     1.9289     0.0044  0.0960034 -9.990e-29
       2911     10.001    15.6168    15.5960   3.297582   3.300618     1.9370     1.9288     0.0044  0.0960278 -9.990e-29
       2912     10.001    15.6172    15.5953   3.297540   3.300639     1.9369     1.9286     0.0044  0.0960543 -9.990e-29
       2913     10.001    15.6177    15.5947   3.297501   3.300658     1.9368     1.9285     0.0044  0.0960831 -9.990e-29
       2914     10.000    15.6181    15.5941   3.297463   3.300673     1.9367     1.9283     0.0044  0.0961144 -9.990e-29
       2915     10.000    15.6184    15.5936   3.297428   3.300686     1.9366     1.9282     0.0044  0.0961476 -9.990e-29
       2916      9.999    15.6188    15.5932   3.297396   3.300695     1.9365     1.9280     0.0044  0.0961820 -9.990e-29
       2917      9.999    15.6191    15.5930   3.297365   3.300702     1.9364     1.9279     0.0044  0.0962180 -9.990e-29
       2918      9.998    15.6193    15.5928   3.297338   3.300705     1.9363     1.9277     0.0048  0.0962540 -9.990e-29
       2919      9.998    15.6196    15.5926   3.297312   3.300704     1.9362     1.9276     0.0048  0.0962869 -9.990e-29
       2920      9.997    15.6198    15.5926   3.297290   3.300701     1.9362     1.9274     0.0048  0.0963143 -9.990e-29
       2921      9.997    15.6199    15.5925   3.297271   3.300694     1.9361     1.9273     0.0048  0.0963366 -9.990e-29
       2922      9.996    15.6201    15.5925   3.297254   3.300685     1.9360     1.9271     0.0048  0.0963546 -9.990e-29
       2923      9.996    15.6202    15.5925   3.297239   3.300675     1.9359     1.9270     0.0048  0.0963685 -9.990e-29
       2924      9.995    15.6203    15.5926   3.297226   3.300663     1.9358     1.9268     0.0048  0.0963784 -9.990e-29
       2925      9.995    15.6204    15.5927   3.297214   3.300649     1.9357     1.9267     0.0048  0.0963844 -9.990e-29
       2926      9.995    15.6204    15.5928   3.297205   3.300634     1.9357     1.9266     0.0048  0.0963865 -9.990e-29
       2927      9.994    15.6205    15.5929   3.297198   3.300617     1.9356     1.9264     0.0048  0.0963847 -9.990e-29
       2928      9.993    15.6205    15.5930   3.297193   3.300597     1.9355     1.9263     0.0048  0.0963790 -9.990e-29
       2929      9.993    15.6204    15.5931   3.297190   3.300576     1.9355     1.9261     0.0048  0.0963685 -9.990e-29
       2930      9.993    15.6204    15.5931   3.297189   3.300552     1.9355     1.9260     0.0048  0.0963532 -9.990e-29
       2931      9.992    15.6203    15.5931   3.297191   3.300528     1.9354     1.9258     0.0048  0.0963347 -9.990e-29
       2932      9.991    15.6203    15.5930   3.297193   3.300501     1.9354     1.9257     0.0048  0.0963135 -9.990e-29
       2933      9.991    15.6202    15.5930   3.297197   3.300474     1.9354     1.9255     0.0048  0.0962898 -9.990e-29
       2934      9.990    15.6200    15.5930   3.297202   3.300445     1.9354     1.9254     0.0048  0.0962631 -9.990e-29
       2935      9.989    15.6199    15.5930   3.297206   3.300414     1.9353     1.9252     0.0048  0.0962334 -9.990e-29
       2936      9.989    15.6197    15.5930   3.297211   3.300381     1.9353     1.9250     0.0048  0.0962005 -9.990e-29
       2937      9.988    15.6196    15.5931   3.297215   3.300345     1.9353     1.9249     0.0048  0.0961641 -9.990e-29
       2938      9.987    15.6195    15.5932   3.297220   3.300309     1.9354     1.9247     0.0048  0.0961240 -9.990e-29
       2939      9.986    15.6193    15.5933   3.297225   3.300271     1.9354     1.9246     0.0048  0.0960799 -9.990e-29
       2940      9.986    15.6192    15.5934   3.297230   3.300234     1.9354     1.9244     0.0048  0.0960314 -9.990e-29
       2941      9.985    15.6192    15.5936   3.297234   3.300197     1.9355     1.9242     0.0048  0.0959783 -9.990e-29
       2942      9.985    15.6191    15.5939   3.297238   3.300161     1.9355     1.9241     0.0048  0.0959202 -9.990e-29
       2943      9.984    15.6190    15.5942   3.297241   3.300127     1.9356     1.9239     0.0044  0.0958584 -9.990e-29
       2944      9.983    15.6189    15.5946   3.297242   3.300095     1.9356     1.9237     0.0040  0.0957967 -9.990e-29
       2945      9.983    15.6189    15.5951   3.297242   3.300065     1.9357     1.9235     0.0040  0.0957389 -9.990e-29
       2946      9.982    15.6188    15.5955   3.297240   3.300036     1.9358     1.9234     0.0040  0.0956871 -9.990e-29
       2947      9.981    15.6187    15.5959   3.297236   3.300009     1.9359     1.9232     0.0040  0.0956410 -9.990e-29
       2948      9.981    15.6187    15.5963   3.297231   3.299984     1.9360     1.9230     0.0040  0.0955987 -9.990e-29
       2949      9.980    15.6187    15.5967   3.297223   3.299960     1.9361     1.9229     0.0040  0.0955588 -9.990e-29
       2950      9.979    15.6187    15.5971   3.297214   3.299939     1.9362     1.9227     0.0040  0.0955212 -9.990e-29
       2951      9.979    15.6188    15.5976   3.297204   3.299919     1.9363     1.9225     0.0040  0.0954865 -9.990e-29
       2952      9.978    15.6189    15.5980   3.297192   3.299901     1.9364     1.9223     0.0040  0.0954552 -9.990e-29
       2953      9.977    15.6189    15.5985   3.297180   3.299883     1.9366     1.9222     0.0040  0.0954271 -9.990e-29
       2954      9.976    15.6190    15.5989   3.297165   3.299865     1.9367     1.9220     0.0040  0.0954029 -9.990e-29
       2955      9.975    15.6192    15.5993   3.297150   3.299847     1.9368     1.9218     0.0040  0.0953825 -9.990e-29
       2956      9.975    15.6193    15.5998   3.297134   3.299827     1.9369     1.9216     0.0040  0.0953647 -9.990e-29
       2957      9.974    15.6194    15.6002   3.297118   3.299805     1.9371     1.9215     0.0040  0.0953505 -9.990e-29
       2958      9.973    15.6196    15.6007   3.297105   3.299781     1.9372     1.9213     0.0040  0.0953396 -9.990e-29
       2959      9.972    15.6198    15.6012   3.297094   3.299754     1.9374     1.9211     0.0040  0.0953302 -9.990e-29
       2960      9.971    15.6200    15.6017   3.297086   3.299725     1.9375     1.9210     0.0040  0.0953224 -9.990e-29
       2961      9.970    15.6202    15.6022   3.297078   3.299692     1.9377     1.9208     0.0040  0.0953178 -9.990e-29
       2962      9.969    15.6204    15.6028   3.297070   3.299657     1.9379     1.9206     0.0040  0.0953171 -9.990e-29
       2963      9.968    15.6206    15.6033   3.297061   3.299621     1.9380     1.9205     0.0040  0.0953195 -9.990e-29
       2964      9.967    15.6209    15.6038   3.297051   3.299583     1.9382     1.9203     0.0040  0.0953243 -9.990e-29
       2965      9.966    15.6211    15.6044   3.297039   3.299543     1.9384     1.9201     0.0040  0.0953313 -9.990e-29
       2966      9.965    15.6214    15.6050   3.297025   3.299502     1.9386     1.9200     0.0040  0.0953399 -9.990e-29
       2967      9.963    15.6217    15.6056   3.297009   3.299458     1.9388     1.9198     0.0040  0.0953492 -9.990e-29
       2968      9.962    15.6219    15.6062   3.296989   3.299412     1.9390     1.9197     0.0040  0.0953593 -9.990e-29
       2969      9.961    15.6223    15.6068   3.296967   3.299363     1.9391     1.9195     0.0040  0.0953703 -9.990e-29
       2970      9.959    15.6226    15.6074   3.296941   3.299312     1.9393     1.9194     0.0040  0.0953822 -9.990e-29
       2971      9.958    15.6229    15.6080   3.296912   3.299258     1.9395     1.9192     0.0040  0.0953944 -9.990e-29
       2972      9.956    15.6233    15.6087   3.296880   3.299202     1.9397     1.9191     0.0040  0.0954059 -9.990e-29
       2973      9.954    15.6236    15.6093   3.296844   3.299143     1.9399     1.9189     0.0040  0.0954177 -9.990e-29
       2974      9.953    15.6240    15.6100   3.296804   3.299081     1.9400     1.9188     0.0040  0.0954309 -9.990e-29
       2975      9.951    15.6245    15.6107   3.296761   3.299014     1.9402     1.9186     0.0040  0.0954454 -9.990e-29
       2976      9.949    15.6249    15.6114   3.296712   3.298945     1.9404     1.9185     0.0040  0.0954614 -9.990e-29
       2977      9.947    15.6253    15.6121   3.296659   3.298871     1.9406     1.9184     0.0040  0.0954789 -9.990e-29
       2978      9.945    15.6258    15.6129   3.296603   3.298795     1.9407     1.9182     0.0040  0.0954973 -9.990e-29
       2979      9.942    15.6263    15.6136   3.296541   3.298715     1.9409     1.9181     0.0040  0.0955159 -9.990e-29
       2980      9.940    15.6268    15.6144   3.296476   3.298633     1.9410     1.9180     0.0040  0.0955355 -9.990e-29
       2981      9.937    15.6274    15.6153   3.296406   3.298549     1.9412     1.9178     0.0040  0.0955572 -9.990e-29
       2982      9.934    15.6280    15.6161   3.296332   3.298463     1.9413     1.9177     0.0040  0.0955812 -9.990e-29
       2983      9.931    15.6286    15.6170   3.296253   3.298373     1.9415     1.9176     0.0040  0.0956076 -9.990e-29
       2984      9.928    15.6292    15.6179   3.296169   3.298281     1.9416     1.9175     0.0040  0.0956366 -9.990e-29
       2985      9.924    15.6299    15.6188   3.296080   3.298183     1.9417     1.9174     0.0040  0.0956684 -9.990e-29
       2986      9.920    15.6306    15.6198   3.295986   3.298080     1.9419     1.9173     0.0040  0.0957032 -9.990e-29
       2987      9.916    15.6314    15.6208   3.295887   3.297970     1.9420     1.9172     0.0040  0.0957413 -9.990e-29
       2988      9.911    15.6322    15.6219   3.295782   3.297852     1.9421     1.9171     0.0040  0.0957829 -9.990e-29
       2989      9.907    15.6331    15.6229   3.295671   3.297725     1.9422     1.9170     0.0040  0.0958283 -9.990e-29
       2990      9.901    15.6340    15.6240   3.295553   3.297588     1.9424     1.9169     0.0040  0.0958779 -9.990e-29
       2991      9.896    15.6350    15.6250   3.295427   3.297438     1.9425     1.9168     0.0040  0.0959319 -9.990e-29
       2992      9.890    15.6361    15.6261   3.295292   3.297275     1.9426     1.9168     0.0040  0.0959908 -9.990e-29
       2993      9.883    15.6372    15.6273   3.295147   3.297099     1.9427     1.9167     0.0040  0.0960549 -9.990e-29
       2994      9.876    15.6385    15.6285   3.294992   3.296906     1.9429     1.9167     0.0040  0.0961222 -9.990e-29
       2995      9.869    15.6398    15.6299   3.294826   3.296696     1.9430     1.9166     0.0038  0.0961872 -9.990e-29
       2996      9.860    15.6412    15.6314   3.294646   3.296467     1.9431     1.9166     0.0038  0.0962452 -9.990e-29
       2997      9.851    15.6426    15.6330   3.294454   3.296216     1.9432     1.9166     0.0038  0.0962941 -9.990e-29
       2998      9.842    15.6442    15.6348   3.294247   3.295942     1.9433     1.9165     0.0038  0.0963342 -9.990e-29
       2999      9.832    15.6459    15.6368   3.294025   3.295642     1.9435     1.9165     0.0038  0.0963676 -9.990e-29
       3000      9.822    15.6477    15.6389   3.293786   3.295316     1.9436     1.9165     0.0038  0.0963952 -9.990e-29
       3001      9.811    15.6496    15.6413   3.293528   3.294960     1.9437     1.9165     0.0038  0.0964174 -9.990e-29
       3002      9.800    15.6516    15.6438   3.293251   3.294579     1.9438     1.9165     0.0038  0.0964333 -9.990e-29
       3003      9.789    15.6538    15.6465   3.292952   3.294177     1.9440     1.9165     0.0038  0.0964414 -9.990e-29
       3004      9.776    15.6562    15.6493   3.292632   3.293764     1.9441     1.9165     0.0038  0.0964418 -9.990e-29
       3005      9.764    15.6587    15.6522   3.292289   3.293347     1.9442     1.9165     0.0038  0.0964361 -9.990e-29
       3006      9.751    15.6614    15.6551   3.291925   3.292930     1.9443     1.9165     0.0038  0.0964252 -9.990e-29
       3007      9.737    15.6642    15.6582   3.291540   3.292511     1.9444     1.9166     0.0038  0.0964090 -9.990e-29
       3008      9.723    15.6672    15.6614   3.291133   3.292091     1.9445     1.9166     0.0038  0.0963874 -9.990e-29
       3009      9.708    15.6704    15.6647   3.290706   3.291665     1.9445     1.9167     0.0038  0.0963594 -9.990e-29
       3010      9.693    15.6737    15.6681   3.290260   3.291232     1.9446     1.9167     0.0038  0.0963239 -9.990e-29
       3011      9.678    15.6771    15.6717   3.289798   3.290789     1.9448     1.9168     0.0038  0.0962815 -9.990e-29
       3012      9.662    15.6806    15.6753   3.289323   3.290335     1.9448     1.9168     0.0038  0.0962328 -9.990e-29
       3013      9.645    15.6842    15.6789   3.288838   3.289872     1.9449     1.9169     0.0038  0.0961775 -9.990e-29
       3014      9.629    15.6879    15.6826   3.288345   3.289404     1.9450     1.9170     0.0038  0.0961143 -9.990e-29
       3015      9.612    15.6916    15.6863   3.287845   3.288935     1.9451     1.9171     0.0038  0.0960420 -9.990e-29
       3016      9.595    15.6954    15.6900   3.287338   3.288467     1.9452     1.9171     0.0038  0.0959600 -9.990e-29
