code/data/2021/ctd_data_day1/Station 4ex 210921_ctm_fil_le_der.cnv
* Sea-Bird SBE 9 Data File:
* FileName = C:\Users\CTD-User\Desktop\MAR440\Station 4ex 210921.hex
* Software Version Seasave V 7.26.2.13
* Temperature SN = 6313
* Conductivity SN = 4758
* Number of Bytes Per Scan = 30
* Number of Voltage Words = 4
* Number of Scans Averaged by the Deck Unit = 1
* NMEA baud rate = 4800
** Ship:
** Station:
** Operator:
# nquan = 16                                
# nvalues = 6123                        
# units = specified
# name 0 = scan: Scan Count
# name 1 = prDM: Pressure, Digiquartz [db]
# name 2 = t090C: Temperature [ITS-90, deg C]
# name 3 = t190C: Temperature, 2 [ITS-90, deg C]
# name 4 = c0S/m: Conductivity [S/m]
# name 5 = c1S/m: Conductivity, 2 [S/m]
# name 6 = sbeox0V: Oxygen raw, SBE 43 [V]
# name 7 = sbeox1V: Oxygen raw, SBE 43, 2 [V]
# name 8 = flECO-AFL: Fluorescence, WET Labs ECO-AFL/FL [mg/m^3]
# name 9 = upoly0: Upoly 0, Turbidity
# name 10 = depSM: Depth [salt water, m], lat = 59
# name 11 = sal00: Salinity, Practical [PSU]
# name 12 = sal11: Salinity, Practical, 2 [PSU]
# name 13 = sbeox0ML/L: Oxygen, SBE 43 [ml/l], WS = 2
# name 14 = sbeox1ML/L: Oxygen, SBE 43, 2 [ml/l], WS = 2
# name 15 = flag: flag
# span 0 =          1,       6123       
# span 1 =      0.319,     43.468       
# span 2 =     7.9826,    16.0004       
# span 3 =     7.9840,    15.8854       
# span 4 =  -0.000377,   3.472125       
# span 5 =   0.283373,   3.472588       
# span 6 =     0.4705,     3.1926       
# span 7 =     0.5358,     3.0371       
# span 8 =     0.0033,     0.0524       
# span 9 =  0.0805253,  0.2126995       
# span 10 =      0.316,     43.057      
# span 11 =     0.0000,    32.1408      
# span 12 =     0.0000,    32.1478      
# span 13 =    -0.1435,     9.0193      
# span 14 =     0.1756,     7.4392      
# span 15 = 0.0000e+00, 0.0000e+00      
# interval = seconds: 0.0416667
# start_time = Sep 21 2021 12:21:52 [System UTC, header]
# bad_flag = -9.990e-29
*END*
[from data line 3797]
       3798      3.579    15.2336    15.2395   2.965788   2.969024     2.7586     2.7083     0.0055  0.1939842      3.546    23.0871    23.1114     6.6556     5.6811 -9.990e-29
       3799      3.600    15.2335    15.2396   2.965798   2.969113     2.7587     2.7083     0.0055  0.1940606      3.566    23.0873    23.1121     6.6560     5.6811 -9.990e-29
       3800      3.621    15.2334    15.2397   2.965813   2.969196     2.7587     2.7083     0.0055  0.1941349      3.587    23.0875    23.1128     6.6561     5.6811 -9.990e-29
       3801      3.642    15.2333    15.2397   2.965835   2.969273     2.7588     2.7083     0.0055  0.1942074      3.608    23.0877    23.1134     6.6564     5.6812 -9.990e-29
       3802      3.664    15.2332    15.2399   2.965863   2.969344     2.7589     2.7082     0.0055  0.1942787      3.630    23.0880    23.1139     6.6567     5.6809 -9.990e-29
       3803      3.685    15.2332    15.2400   2.965900   2.969408     2.7590     2.7082     0.0055  0.1943493      3.651    23.0883    23.1144     6.6571     5.6809 -9.990e-29
       3804      3.706    15.2332    15.2401   2.965948   2.969465     2.7591     2.7082     0.0055  0.1944197      3.671    23.0887    23.1148     6.6574     5.6810 -9.990e-29
       3805      3.727    15.2333    15.2403   2.966006   2.969513     2.7592     2.7082     0.0055  0.1944904      3.692    23.0891    23.1151     6.6576     5.6810 -9.990e-29
       3806      3.749    15.2334    15.2405   2.966075   2.969557     2.7592     2.7082     0.0055  0.1945619      3.714    23.0897    23.1154     6.6576     5.6811 -9.990e-29
       3807      3.770    15.2335    15.2406   2.966155   2.969597     2.7593     2.7082     0.0055  0.1946346      3.735    23.0903    23.1156     6.6578     5.6811 -9.990e-29
       3808      3.791    15.2337    15.2408   2.966245   2.969638     2.7594     2.7082     0.0055  0.1947091      3.756    23.0909    23.1159     6.6580     5.6811 -9.990e-29
       3809      3.813    15.2338    15.2410   2.966344   2.969679     2.7595     2.7081     0.0055  0.1947859      3.777    23.0917    23.1161     6.6581     5.6809 -9.990e-29
       3810      3.834    15.2340    15.2411   2.966450   2.969720     2.7596     2.7081     0.0055  0.1948655      3.798    23.0925    23.1164     6.6582     5.6810 -9.990e-29
       3811      3.856    15.2342    15.2413   2.966559   2.969757     2.7597     2.7081     0.0055  0.1949485      3.820    23.0933    23.1166     6.6583     5.6810 -9.990e-29
       3812      3.877    15.2343    15.2414   2.966666   2.969787     2.7597     2.7081     0.0055  0.1950354      3.841    23.0942    23.1168     6.6581     5.6810 -9.990e-29
       3813      3.899    15.2344    15.2415   2.966766   2.969805     2.7598     2.7081     0.0055  0.1951270      3.863    23.0950    23.1169     6.6582     5.6811 -9.990e-29
       3814      3.920    15.2343    15.2415   2.966854   2.969806     2.7599     2.7081     0.0055  0.1952237      3.883    23.0958    23.1169     6.6584     5.6812 -9.990e-29
       3815      3.942    15.2341    15.2415   2.966925   2.969789     2.7600     2.7081     0.0055  0.1953263      3.905    23.0965    23.1167     6.6584     5.6813 -9.990e-29
       3816      3.963    15.2338    15.2413   2.966979   2.969752     2.7601     2.7082     0.0055  0.1954354      3.926    23.0971    23.1165     6.6585     5.6816 -9.990e-29
       3817      3.985    15.2334    15.2412   2.967015   2.969695     2.7602     2.7082     0.0055  0.1955502      3.948    23.0977    23.1161     6.6586     5.6817 -9.990e-29
       3818      4.007    15.2329    15.2409   2.967035   2.969621     2.7602     2.7082     0.0057  0.1956647      3.970    23.0981    23.1156     6.6585     5.6818 -9.990e-29
       3819      4.028    15.2324    15.2406   2.967044   2.969532     2.7603     2.7082     0.0057  0.1957703      3.990    23.0985    23.1150     6.6585     5.6820 -9.990e-29
       3820      4.050    15.2318    15.2403   2.967046   2.969429     2.7604     2.7082     0.0057  0.1958626      4.012    23.0988    23.1143     6.6586     5.6821 -9.990e-29
       3821      4.072    15.2313    15.2399   2.967041   2.969317     2.7604     2.7082     0.0057  0.1959414      4.034    23.0991    23.1136     6.6583     5.6822 -9.990e-29
       3822      4.094    15.2308    15.2394   2.967032   2.969195     2.7605     2.7082     0.0057  0.1960073      4.056    23.0993    23.1128     6.6584     5.6824 -9.990e-29
       3823      4.115    15.2303    15.2388   2.967020   2.969063     2.7605     2.7082     0.0057  0.1960608      4.076    23.0995    23.1120     6.6582     5.6825 -9.990e-29
       3824      4.137    15.2298    15.2382   2.967005   2.968921     2.7606     2.7082     0.0057  0.1961021      4.098    23.0996    23.1112     6.6582     5.6827 -9.990e-29
       3825      4.159    15.2294    15.2375   2.966987   2.968770     2.7607     2.7082     0.0057  0.1961317      4.120    23.0997    23.1103     6.6582     5.6828 -9.990e-29
       3826      4.181    15.2290    15.2368   2.966970   2.968611     2.7607     2.7082     0.0057  0.1961497      4.142    23.0998    23.1093     6.6578     5.6830 -9.990e-29
       3827      4.203    15.2287    15.2361   2.966957   2.968450     2.7608     2.7082     0.0057  0.1961562      4.164    23.0999    23.1083     6.6578     5.6831 -9.990e-29
       3828      4.224    15.2285    15.2355   2.966953   2.968288     2.7608     2.7082     0.0057  0.1961512      4.184    23.0999    23.1073     6.6574     5.6832 -9.990e-29
       3829      4.246    15.2284    15.2349   2.966961   2.968129     2.7608     2.7083     0.0057  0.1961349      4.206    23.1001    23.1063     6.6570     5.6836 -9.990e-29
       3830      4.268    15.2283    15.2344   2.966984   2.967972     2.7609     2.7083     0.0057  0.1961069      4.228    23.1003    23.1052     6.6569     5.6837 -9.990e-29
       3831      4.290    15.2283    15.2339   2.967023   2.967818     2.7609     2.7083     0.0057  0.1960672      4.250    23.1006    23.1042     6.6564     5.6838 -9.990e-29
       3832      4.312    15.2285    15.2334   2.967080   2.967664     2.7609     2.7083     0.0055  0.1960154      4.272    23.1010    23.1031     6.6559     5.6838 -9.990e-29
       3833      4.333    15.2287    15.2330   2.967157   2.967513     2.7609     2.7083     0.0057  0.1959512      4.292    23.1015    23.1021     6.6554     5.6839 -9.990e-29
       3834      4.355    15.2290    15.2327   2.967255   2.967369     2.7609     2.7083     0.0057  0.1958742      4.314    23.1022    23.1010     6.6548     5.6840 -9.990e-29
       3835      4.377    15.2295    15.2325   2.967371   2.967239     2.7610     2.7083     0.0057  0.1957838      4.336    23.1029    23.1000     6.6545     5.6840 -9.990e-29
       3836      4.399    15.2301    15.2323   2.967509   2.967124     2.7610     2.7083     0.0057  0.1956794      4.358    23.1037    23.0991     6.6540     5.6840 -9.990e-29
       3837      4.421    15.2308    15.2322   2.967677   2.967028     2.7610     2.7083     0.0057  0.1955602      4.380    23.1047    23.0984     6.6533     5.6840 -9.990e-29
       3838      4.442    15.2318    15.2321   2.967877   2.966951     2.7610     2.7083     0.0057  0.1954255      4.400    23.1059    23.0977     6.6526     5.6840 -9.990e-29
       3839      4.464    15.2327    15.2321   2.968099   2.966895     2.7610     2.7083     0.0057  0.1952742      4.422    23.1072    23.0973     6.6520     5.6839 -9.990e-29
       3840      4.486    15.2336    15.2323   2.968325   2.966860     2.7610     2.7083     0.0057  0.1951054      4.444    23.1086    23.0968     6.6513     5.6839 -9.990e-29
       3841      4.508    15.2344    15.2325   2.968536   2.966848     2.7610     2.7083     0.0057  0.1949179      4.466    23.1100    23.0966     6.6507     5.6838 -9.990e-29
       3842      4.530    15.2351    15.2328   2.968717   2.966859     2.7610     2.7083     0.0057  0.1947103      4.488    23.1111    23.0965     6.6501     5.6838 -9.990e-29
       3843      4.553    15.2356    15.2331   2.968862   2.966893     2.7609     2.7083     0.0055  0.1944872      4.510    23.1121    23.0966     6.6493     5.6837 -9.990e-29
       3844      4.575    15.2360    15.2336   2.968970   2.966949     2.7609     2.7083     0.0055  0.1942631      4.532    23.1127    23.0968     6.6488     5.6837 -9.990e-29
       3845      4.597    15.2362    15.2340   2.969046   2.967022     2.7609     2.7083     0.0055  0.1940518      4.554    23.1133    23.0972     6.6484     5.6836 -9.990e-29
       3846      4.620    15.2364    15.2345   2.969094   2.967111     2.7609     2.7083     0.0055  0.1938570      4.577    23.1136    23.0977     6.6480     5.6835 -9.990e-29
       3847      4.642    15.2364    15.2351   2.969117   2.967214     2.7609     2.7083     0.0055  0.1936763      4.599    23.1137    23.0982     6.6477     5.6835 -9.990e-29
       3848      4.664    15.2364    15.2356   2.969120   2.967330     2.7608     2.7083     0.0055  0.1935077      4.620    23.1138    23.0989     6.6471     5.6834 -9.990e-29
       3849      4.687    15.2364    15.2362   2.969110   2.967462     2.7608     2.7083     0.0055  0.1933500      4.643    23.1137    23.0997     6.6468     5.6833 -9.990e-29
       3850      4.709    15.2365    15.2369   2.969099   2.967613     2.7607     2.7083     0.0055  0.1932022      4.665    23.1135    23.1005     6.6463     5.6833 -9.990e-29
       3851      4.732    15.2366    15.2376   2.969094   2.967783     2.7607     2.7082     0.0055  0.1930631      4.688    23.1134    23.1016     6.6460     5.6830 -9.990e-29
       3852      4.754    15.2368    15.2384   2.969100   2.967973     2.7606     2.7082     0.0055  0.1929319      4.710    23.1133    23.1027     6.6456     5.6829 -9.990e-29
       3853      4.777    15.2370    15.2392   2.969122   2.968182     2.7605     2.7082     0.0055  0.1928076      4.732    23.1134    23.1040     6.6451     5.6828 -9.990e-29
       3854      4.799    15.2374    15.2401   2.969168   2.968410     2.7604     2.7082     0.0055  0.1926894      4.754    23.1136    23.1055     6.6446     5.6827 -9.990e-29
       3855      4.822    15.2379    15.2409   2.969244   2.968658     2.7604     2.7082     0.0055  0.1925764      4.777    23.1139    23.1071     6.6445     5.6827 -9.990e-29
       3856      4.845    15.2385    15.2419   2.969359   2.968929     2.7603     2.7082     0.0055  0.1924678      4.800    23.1145    23.1089     6.6440     5.6826 -9.990e-29
       3857      4.867    15.2394    15.2428   2.969517   2.969225     2.7602     2.7082     0.0055  0.1923629      4.821    23.1154    23.1109     6.6435     5.6826 -9.990e-29
       3858      4.890    15.2404    15.2439   2.969724   2.969550     2.7601     2.7082     0.0055  0.1922610      4.844    23.1165    23.1130     6.6431     5.6825 -9.990e-29
       3859      4.912    15.2417    15.2451   2.969983   2.969908     2.7601     2.7082     0.0055  0.1921613      4.866    23.1180    23.1154     6.6428     5.6824 -9.990e-29
       3860      4.935    15.2431    15.2463   2.970294   2.970301     2.7600     2.7082     0.0055  0.1920632      4.889    23.1198    23.1180     6.6423     5.6824 -9.990e-29
       3861      4.958    15.2447    15.2477   2.970655   2.970733     2.7599     2.7081     0.0055  0.1919659      4.912    23.1220    23.1209     6.6418     5.6820 -9.990e-29
       3862      4.980    15.2464    15.2492   2.971064   2.971204     2.7598     2.7081     0.0055  0.1918689      4.933    23.1245    23.1240     6.6413     5.6819 -9.990e-29
       3863      5.003    15.2482    15.2508   2.971520   2.971709     2.7598     2.7081     0.0055  0.1917714      4.956    23.1273    23.1274     6.6411     5.6818 -9.990e-29
       3864      5.026    15.2502    15.2525   2.972020   2.972240     2.7597     2.7081     0.0055  0.1916727      4.979    23.1304    23.1310     6.6405     5.6817 -9.990e-29
       3865      5.049    15.2523    15.2542   2.972564   2.972785     2.7597     2.7081     0.0055  0.1915721      5.002    23.1339    23.1346     6.6403     5.6816 -9.990e-29
       3866      5.071    15.2545    15.2559   2.973147   2.973339     2.7596     2.7081     0.0055  0.1914691      5.024    23.1376    23.1384     6.6397     5.6814 -9.990e-29
       3867      5.093    15.2569    15.2578   2.973760   2.973905     2.7596     2.7082     0.0055  0.1913627      5.045    23.1414    23.1421     6.6395     5.6815 -9.990e-29
       3868      5.116    15.2592    15.2598   2.974393   2.974489     2.7595     2.7082     0.0053  0.1912532      5.068    23.1455    23.1459     6.6389     5.6814 -9.990e-29
       3869      5.138    15.2616    15.2618   2.975037   2.975094     2.7595     2.7082     0.0053  0.1911432      5.090    23.1496    23.1500     6.6387     5.6812 -9.990e-29
       3870      5.161    15.2641    15.2640   2.975687   2.975720     2.7595     2.7082     0.0053  0.1910362      5.113    23.1537    23.1540     6.6385     5.6811 -9.990e-29
       3871      5.183    15.2666    15.2663   2.976341   2.976363     2.7594     2.7083     0.0053  0.1909331      5.134    23.1578    23.1582     6.6379     5.6812 -9.990e-29
       3872      5.206    15.2691    15.2686   2.977005   2.977022     2.7594     2.7083     0.0053  0.1908332      5.157    23.1620    23.1625     6.6377     5.6810 -9.990e-29
       3873      5.228    15.2717    15.2711   2.977682   2.977695     2.7594     2.7083     0.0053  0.1907358      5.179    23.1663    23.1668     6.6375     5.6808 -9.990e-29
       3874      5.251    15.2745    15.2736   2.978378   2.978386     2.7594     2.7084     0.0053  0.1906402      5.202    23.1706    23.1712     6.6373     5.6808 -9.990e-29
       3875      5.273    15.2773    15.2763   2.979097   2.979097     2.7594     2.7084     0.0053  0.1905458      5.224    23.1751    23.1757     6.6370     5.6806 -9.990e-29
       3876      5.296    15.2802    15.2791   2.979845   2.979832     2.7594     2.7084     0.0053  0.1904519      5.246    23.1798    23.1804     6.6368     5.6803 -9.990e-29
       3877      5.318    15.2834    15.2821   2.980627   2.980597     2.7594     2.7085     0.0053  0.1903579      5.268    23.1846    23.1851     6.6365     5.6802 -9.990e-29
       3878      5.340    15.2866    15.2852   2.981448   2.981397     2.7594     2.7085     0.0053  0.1902631      5.290    23.1898    23.1902     6.6361     5.6798 -9.990e-29
       3879      5.363    15.2900    15.2886   2.982305   2.982238     2.7594     2.7086     0.0053  0.1901668      5.313    23.1951    23.1954     6.6358     5.6796 -9.990e-29
       3880      5.385    15.2935    15.2921   2.983188   2.983126     2.7594     2.7086     0.0053  0.1900683      5.335    23.2006    23.2009     6.6354     5.6792 -9.990e-29
       3881      5.407    15.2970    15.2960   2.984083   2.984069     2.7594     2.7087     0.0053  0.1899671      5.356    23.2062    23.2067     6.6350     5.6789 -9.990e-29
       3882      5.430    15.3005    15.3001   2.984979   2.985071     2.7594     2.7087     0.0053  0.1898624      5.379    23.2118    23.2129     6.6346     5.6783 -9.990e-29
       3883      5.452    15.3040    15.3044   2.985872   2.986130     2.7594     2.7088     0.0053  0.1897534      5.401    23.2174    23.2194     6.6342     5.6779 -9.990e-29
       3884      5.474    15.3075    15.3090   2.986767   2.987246     2.7594     2.7088     0.0053  0.1896394      5.423    23.2230    23.2263     6.6337     5.6772 -9.990e-29
       3885      5.496    15.3112    15.3138   2.987671   2.988415     2.7594     2.7089     0.0053  0.1895196      5.445    23.2286    23.2334     6.6333     5.6767 -9.990e-29
       3886      5.519    15.3150    15.3187   2.988587   2.989631     2.7594     2.7090     0.0053  0.1893932      5.467    23.2342    23.2410     6.6328     5.6761 -9.990e-29
       3887      5.541    15.3189    15.3237   2.989522   2.990876     2.7594     2.7090     0.0053  0.1892593      5.489    23.2399    23.2487     6.6322     5.6752 -9.990e-29
