code/data/2021/ctd_data_day1/Station 6 210921_ctm.cnv
* Sea-Bird SBE 9 Data File:
* FileName = C:\Users\CTD-User\Desktop\MAR440\Station 6 210921.hex
* Software Version Seasave V 7.26.2.13
* Temperature SN = 6313
* Conductivity SN = 4758
* Number of Bytes Per Scan = 30
* Number of Voltage Words = 4
* Number of Scans Averaged by the Deck Unit = 1
* NMEA baud rate = 4800
** Ship:
** Station:
** Operator:
# nquan = 11
# nvalues = 4130                        
# units = specified
# name 0 = scan: Scan Count
# name 1 = prDM: Pressure, Digiquartz [db]
# name 2 = t090C: Temperature [ITS-90, deg C]
# name 3 = t190C: Temperature, 2 [ITS-90, deg C]
# name 4 = c0S/m: Conductivity [S/m]
# name 5 = c1S/m: Conductivity, 2 [S/m]
# name 6 = sbeox0V: Oxygen raw, SBE 43 [V]
# name 7 = sbeox1V: Oxygen raw, SBE 43, 2 [V]
# name 8 = flECO-AFL: Fluorescence, WET Labs ECO-AFL/FL [mg/m^3]
# name 9 = upoly0: Upoly 0, Turbidity
# name 10 = flag:  0.000e+00
# span 0 =          1,       4130       
# span 1 =      0.253,     37.833       
# span 2 =     5.3479,    16.0630       
# span 3 =     5.3023,    16.0241       
# span 4 =   2.889220,   3.754126       
# span 5 =   2.888173,   3.755059       
# span 6 =     0.4808,     2.8071       
# span 7 =     0.5443,     2.7595       
# span 8 =     0.0033,     0.0189       
# span 9 =  0.0854664,  0.1670293       
# span 10 = 0.0000e+00, 0.0000e+00      
# interval = seconds: 0.0416667
# start_time = Sep 21 2021 10:55:39 [System UTC, header]
# bad_flag = -9.990e-29
*END*
[from data line 787]
        788     10.604    15.5717    14.6570   2.963503   2.901305     2.1599     2.1746     0.0037  0.1010952 0.0000e+00
        789     10.604    15.5707    14.6643   2.964521   2.901394     2.1599     2.1758     0.0037  0.1010952 0.0000e+00
        790     10.604    15.5695    14.6707   2.965720   2.901427     2.1599     2.1758     0.0037  0.1010952 0.0000e+00
        791     10.579    15.5684    14.6760   2.966875   2.901454     2.1599     2.1758     0.0037  0.1010952 0.0000e+00
        792     10.604    15.5673    14.6808   2.967954   2.901566     2.1599     2.1758     0.0037  0.1010952 0.0000e+00
        793     10.604    15.5651    14.6894   2.969078   2.901601     2.1587     2.1770     0.0037  0.1010952 0.0000e+00
        794     10.579    15.5618    14.7007   2.970325   2.901585     2.1587     2.1770     0.0037  0.1010952 0.0000e+00
        795     10.604    15.5595    14.7101   2.971737   2.901656     2.1587     2.1770     0.0037  0.1010952 0.0000e+00
        796     10.604    15.5568    14.7136   2.973065   2.901675     2.1587     2.1770     0.0037  0.1010952 0.0000e+00
        797     10.579    15.5550    14.7090   2.974391   2.901647     2.1587     2.1770     0.0037  0.1010952 0.0000e+00
        798     10.604    15.5529    14.6984   2.975754   2.901673     2.1587     2.1770     0.0037  0.1010952 0.0000e+00
        799     10.604    15.5511    14.6867   2.977058   2.901694     2.1587     2.1783     0.0037  0.1010952 0.0000e+00
        800     10.604    15.5487    14.6799   2.978371   2.901674     2.1587     2.1783     0.0037  0.1010952 0.0000e+00
        801     10.579    15.5461    14.6845   2.979341   2.901742     2.1575     2.1770     0.0037  0.1010952 0.0000e+00
        802     10.604    15.5435    14.7040   2.980207   2.901861     2.1575     2.1783     0.0037  0.1010952 0.0000e+00
        803     10.604    15.5417    14.7367   2.981240   2.901988     2.1563     2.1783     0.0035  0.0996300 0.0000e+00
        804     10.579    15.5405    14.7758   2.982421   2.902145     2.1575     2.1783     0.0035  0.0991416 0.0000e+00
        805     10.604    15.5405    14.8146   2.983501   2.902288     2.1563     2.1795     0.0035  0.0986532 0.0000e+00
        806     10.546    15.5416    14.8505   2.984725   2.902490     2.1563     2.1795     0.0035  0.0986532 0.0000e+00
        807     10.645    15.5427    14.8841   2.985832   2.902655     2.1575     2.1795     0.0035  0.0986532 0.0000e+00
        808     10.546    15.5427    14.9133   2.986819   2.902836     2.1575     2.1795     0.0035  0.0986532 0.0000e+00
        809     10.604    15.5423    14.9338   2.987699   2.902890     2.1563     2.1795     0.0035  0.0991416 0.0000e+00
        810     10.604    15.5419    14.9473   2.988612   2.902965     2.1563     2.1795     0.0035  0.0986532 0.0000e+00
        811     10.579    15.5414    14.9559   2.989531   2.902994     2.1563     2.1795     0.0035  0.0986532 0.0000e+00
        812     10.604    15.5409    14.9617   2.990239   2.903024     2.1563     2.1795     0.0035  0.0986532 0.0000e+00
        813     10.546    15.5404    14.9659   2.990908   2.903041     2.1563     2.1795     0.0035  0.0986532 0.0000e+00
        814     10.645    15.5402    14.9684   2.991635   2.903084     2.1563     2.1795     0.0035  0.0986532 0.0000e+00
        815     10.546    15.5402    14.9690   2.992295   2.903142     2.1563     2.1807     0.0033  0.0986532 0.0000e+00
        816     10.604    15.5399    14.9682   2.993138   2.903167     2.1563     2.1807     0.0035  0.0986532 0.0000e+00
        817     10.579    15.5399    14.9649   2.993755   2.903177     2.1563     2.1807     0.0035  0.0986532 0.0000e+00
        818     10.604    15.5401    14.9578   2.994322   2.903254     2.1551     2.1807     0.0035  0.0986532 0.0000e+00
        819     10.546    15.5399    14.9481   2.995088   2.903245     2.1551     2.1807     0.0035  0.0986532 0.0000e+00
        820     10.604    15.5401    14.9356   2.995667   2.903149     2.1551     2.1795     0.0035  0.0991416 0.0000e+00
        821     10.579    15.5404    14.9214   2.996312   2.903118     2.1551     2.1795     0.0035  0.0986532 0.0000e+00
        822     10.604    15.5402    14.9046   2.996984   2.903029     2.1563     2.1807     0.0035  0.0986532 0.0000e+00
        823     10.604    15.5405    14.8858   2.997540   2.903018     2.1551     2.1795     0.0035  0.0986532 0.0000e+00
        824     10.521    15.5407    14.8640   2.998297   2.902943     2.1551     2.1795     0.0035  0.0986532 0.0000e+00
        825     10.604    15.5407    14.8423   2.998836   2.902949     2.1551     2.1795     0.0035  0.0991416 0.0000e+00
        826     10.603    15.5411    14.8234   2.999317   2.902826     2.1551     2.1795     0.0035  0.0986532 0.0000e+00
        827     10.579    15.5411    14.8103   2.999751   2.902888     2.1551     2.1795     0.0035  0.0986532 0.0000e+00
        828     10.603    15.5411    14.8083   3.000252   2.902869     2.1551     2.1795     0.0035  0.0986532 0.0000e+00
        829     10.546    15.5414    14.8190   3.000753   2.902947     2.1551     2.1795     0.0035  0.0976764 0.0000e+00
        830     10.603    15.5414    14.8356   3.001188   2.903074     2.1551     2.1795     0.0035  0.0976764 0.0000e+00
        831     10.579    15.5416    14.8522   3.001679   2.903089     2.1551     2.1795     0.0035  0.0976764 0.0000e+00
        832     10.603    15.5417    14.8626   3.002025   2.903170     2.1551     2.1795     0.0035  0.0976764 0.0000e+00
        833     10.546    15.5419    14.8665   3.002277   2.903222     2.1538     2.1795     0.0035  0.0976764 0.0000e+00
        834     10.579    15.5421    14.8644   3.002507   2.903297     2.1538     2.1783     0.0035  0.0976764 0.0000e+00
        835     10.603    15.5421    14.8546   3.002830   2.903226     2.1538     2.1783     0.0035  0.0976764 0.0000e+00
        836     10.480    15.5423    14.8381   3.003188   2.903301     2.1538     2.1783     0.0035  0.0976764 0.0000e+00
        837     10.702    15.5421    14.8190   3.003578   2.903199     2.1538     2.1783     0.0035  0.0976764 0.0000e+00
        838     10.546    15.5423    14.8029   3.003769   2.903190     2.1538     2.1783     0.0035  0.0976764 0.0000e+00
        839     10.603    15.5424    14.7907   3.004071   2.903153     2.1538     2.1783     0.0035  0.0976764 0.0000e+00
        840     10.603    15.5426    14.7827   3.004451   2.903192     2.1538     2.1783     0.0035  0.0976764 0.0000e+00
        841     10.579    15.5424    14.7804   3.004923   2.903210     2.1526     2.1770     0.0035  0.0976764 0.0000e+00
        842     10.603    15.5424    14.7831   3.005148   2.903301     2.1538     2.1770     0.0035  0.0976764 0.0000e+00
        843     10.546    15.5426    14.7892   3.005511   2.903352     2.1538     2.1770     0.0035  0.0976764 0.0000e+00
        844     10.579    15.5424    14.7968   3.006190   2.903500     2.1538     2.1770     0.0035  0.0976764 0.0000e+00
        845     10.603    15.5427    14.8048   3.006747   2.903514     2.1538     2.1758     0.0035  0.0976764 0.0000e+00
        846     10.603    15.5426    14.8176   3.007098   2.903622     2.1538     2.1758     0.0035  0.0976764 0.0000e+00
        847     10.603    15.5427    14.8356   3.007717   2.903740     2.1526     2.1758     0.0035  0.0976764 0.0000e+00
        848     10.579    15.5426    14.8558   3.008057   2.903843     2.1526     2.1758     0.0035  0.0976764 0.0000e+00
        849     10.546    15.5427    14.8688   3.008615   2.903978     2.1526     2.1758     0.0035  0.0976764 0.0000e+00
        850     10.603    15.5426    14.9079   3.009050   2.904192     2.1526     2.1746     0.0035  0.0976764 0.0000e+00
        851     10.579    15.5426    14.9676   3.009569   2.904435     2.1526     2.1746     0.0035  0.0981648 0.0000e+00
        852     10.603    15.5427    15.0235   3.010093   2.904686     2.1526     2.1746     0.0035  0.0976764 0.0000e+00
        853     10.603    15.5426    15.0693   3.010522   2.904939     2.1526     2.1746     0.0035  0.0976764 0.0000e+00
        854     10.578    15.5429    15.1057   3.011059   2.905046     2.1526     2.1734     0.0037  0.1001184 0.0000e+00
        855     10.603    15.5426    15.1394   3.011387   2.905224     2.1526     2.1734     0.0038  0.1015836 0.0000e+00
        856     10.546    15.5427    15.1844   3.011817   2.905429     2.1526     2.1734     0.0038  0.1020720 0.0000e+00
        857     10.603    15.5424    15.2320   3.012274   2.905653     2.1514     2.1722     0.0038  0.1015836 0.0000e+00
        858     10.644    15.5426    15.2672   3.012682   2.905813     2.1514     2.1722     0.0038  0.1015836 0.0000e+00
        859     10.545    15.5426    15.2948   3.013068   2.905996     2.1514     2.1722     0.0038  0.1015836 0.0000e+00
        860     10.603    15.5424    15.3144   3.013431   2.906089     2.1514     2.1709     0.0038  0.1015836 0.0000e+00
        861     10.578    15.5426    15.3274   3.013878   2.906210     2.1514     2.1709     0.0038  0.1015836 0.0000e+00
        862     10.603    15.5423    15.3374   3.014241   2.906222     2.1514     2.1709     0.0038  0.1015836 0.0000e+00
        863     10.603    15.5424    15.3430   3.014554   2.906303     2.1514     2.1709     0.0038  0.1015836 0.0000e+00
        864     10.644    15.5426    15.3437   3.014901   2.906240     2.1514     2.1697     0.0038  0.1015836 0.0000e+00
        865     10.545    15.5427    15.3404   3.015216   2.906271     2.1514     2.1697     0.0038  0.1020720 0.0000e+00
        866     10.603    15.5426    15.3364   3.015590   2.906250     2.1514     2.1685     0.0038  0.1015836 0.0000e+00
        867     10.603    15.5424    15.3321   3.016008   2.906261     2.1502     2.1685     0.0038  0.1015836 0.0000e+00
        868     10.578    15.5427    15.3272   3.016378   2.906198     2.1502     2.1685     0.0038  0.1015836 0.0000e+00
        869     10.603    15.5426    15.3217   3.016787   2.906260     2.1502     2.1673     0.0038  0.1020720 0.0000e+00
        870     10.603    15.5426    15.3158   3.017350   2.906221     2.1502     2.1673     0.0038  0.1015836 0.0000e+00
        871     10.644    15.5424    15.3100   3.017724   2.906275     2.1502     2.1661     0.0038  0.1020720 0.0000e+00
        872     10.603    15.5424    15.3066   3.018137   2.906306     2.1502     2.1661     0.0038  0.1020720 0.0000e+00
        873     10.603    15.5426    15.3053   3.018647   2.906302     2.1502     2.1648     0.0038  0.1020720 0.0000e+00
        874     10.578    15.5424    15.3051   3.019193   2.906308     2.1490     2.1648     0.0038  0.1015836 0.0000e+00
        875     10.603    15.5423    15.3075   3.019730   2.906276     2.1490     2.1648     0.0038  0.1015836 0.0000e+00
        876     10.603    15.5426    15.3093   3.020361   2.906278     2.1490     2.1636     0.0038  0.1015836 0.0000e+00
        877     10.603    15.5431    15.3097   3.020933   2.906297     2.1477     2.1624     0.0038  0.1015836 0.0000e+00
        878     10.644    15.5431    15.3077   3.021475   2.906307     2.1490     2.1624     0.0038  0.1015836 0.0000e+00
        879     10.603    15.5438    15.3031   3.022037   2.906268     2.1490     2.1624     0.0038  0.1015836 0.0000e+00
        880     10.603    15.5439    15.2969   3.022673   2.906187     2.1490     2.1612     0.0037  0.1015836 0.0000e+00
        881     10.644    15.5436    15.2835   3.023203   2.906115     2.1477     2.1612     0.0037  0.1015836 0.0000e+00
        882     10.603    15.5429    15.2561   3.023731   2.906060     2.1465     2.1600     0.0037  0.1015836 0.0000e+00
        883     10.603    15.5416    15.2151   3.024257   2.905893     2.1465     2.1600     0.0037  0.1020720 0.0000e+00
        884     10.578    15.5404    15.1703   3.024890   2.905745     2.1465     2.1587     0.0037  0.1015836 0.0000e+00
        885     10.603    15.5397    15.1287   3.025613   2.905513     2.1465     2.1587     0.0037  0.1020720 0.0000e+00
        886     10.603    15.5389    15.0923   3.026197   2.905399     2.1465     2.1587     0.0037  0.1015836 0.0000e+00
        887     10.661    15.5387    15.0602   3.026849   2.905249     2.1465     2.1575     0.0037  0.1015836 0.0000e+00
        888     10.578    15.5385    15.0311   3.027236   2.905203     2.1453     2.1563     0.0037  0.1015836 0.0000e+00
        889     10.661    15.5385    15.0044   3.027745   2.905042     2.1453     2.1551     0.0037  0.1015836 0.0000e+00
        890     10.603    15.5384    14.9806   3.028176   2.904958     2.1453     2.1551     0.0037  0.1015836 0.0000e+00
        891     10.644    15.5385    14.9599   3.028630   2.904848     2.1453     2.1551     0.0037  0.1015836 0.0000e+00
        892     10.603    15.5384    14.9417   3.029084   2.904825     2.1453     2.1538     0.0037  0.1015836 0.0000e+00
        893     10.603    15.5394    14.9253   3.029530   2.904738     2.1453     2.1538     0.0037  0.1020720 0.0000e+00
        894     10.644    15.5405    14.9099   3.029898   2.904705     2.1453     2.1526     0.0037  0.1015836 0.0000e+00
        895     10.603    15.5416    14.8953   3.030318   2.904663     2.1441     2.1526     0.0037  0.1020720 0.0000e+00
        896     10.603    15.5423    14.8833   3.030663   2.904654     2.1441     2.1514     0.0037  0.1020720 0.0000e+00
        897     10.661    15.5433    14.8738   3.030948   2.904590     2.1441     2.1514     0.0037  0.1015836 0.0000e+00
        898     10.644    15.5445    14.8664   3.031212   2.904610     2.1428     2.1502     0.0037  0.1020720 0.0000e+00
        899     10.603    15.5457    14.8610   3.031425   2.904546     2.1428     2.1502     0.0037  0.1020720 0.0000e+00
        900     10.603    15.5471    14.8559   3.031707   2.904569     2.1428     2.1502     0.0037  0.1015836 0.0000e+00
        901     10.644    15.5475    14.8524   3.031844   2.904594     2.1428     2.1490     0.0037  0.1020720 0.0000e+00
        902     10.661    15.5482    14.8498   3.032016   2.904530     2.1428     2.1477     0.0037  0.1015836 0.0000e+00
        903     10.603    15.5495    14.8485   3.032192   2.904546     2.1428     2.1477     0.0037  0.1015836 0.0000e+00
        904     10.603    15.5509    14.8483   3.032300   2.904541     2.1416     2.1465     0.0037  0.1015836 0.0000e+00
        905     10.644    15.5524    14.8498   3.032386   2.904601     2.1416     2.1465     0.0038  0.1040256 0.0000e+00
        906     10.661    15.5536    14.8522   3.032344   2.904589     2.1416     2.1465     0.0038  0.1054908 0.0000e+00
        907     10.603    15.5545    14.8558   3.032244   2.904651     2.1416     2.1453     0.0037  0.1059792 0.0000e+00
        908     10.644    15.5551    14.8605   3.032232   2.904649     2.1404     2.1453     0.0038  0.1059792 0.0000e+00
        909     10.660    15.5562    14.8685   3.032073   2.904685     2.1404     2.1441     0.0038  0.1054908 0.0000e+00
        910     10.603    15.5575    14.8807   3.031958   2.904721     2.1404     2.1441     0.0038  0.1059792 0.0000e+00
        911     10.644    15.5591    14.8984   3.031750   2.904865     2.1404     2.1429     0.0038  0.1054908 0.0000e+00
        912     10.660    15.5613    14.9203   3.031610   2.904992     2.1404     2.1429     0.0038  0.1054908 0.0000e+00
        913     10.603    15.5635    14.9430   3.031165   2.905126     2.1392     2.1429     0.0038  0.1054908 0.0000e+00
        914     10.660    15.5656    14.9654   3.030797   2.905206     2.1392     2.1416     0.0038  0.1054908 0.0000e+00
        915     10.644    15.5674    14.9881   3.030406   2.905302     2.1392     2.1416     0.0038  0.1054908 0.0000e+00
        916     10.660    15.5688    15.0076   3.029992   2.905364     2.1392     2.1416     0.0038  0.1054908 0.0000e+00
        917     10.603    15.5707    15.0201   3.029428   2.905404     2.1392     2.1404     0.0038  0.1054908 0.0000e+00
        918     10.644    15.5722    15.0221   3.028963   2.905490     2.1392     2.1404     0.0038  0.1059792 0.0000e+00
