code/data/2021/ctd_data_day1/Station 2ex 210921_ctm_fil.cnv
* Sea-Bird SBE 9 Data File:
* FileName = C:\Users\CTD-User\Desktop\MAR440\Station 2ex 210921.hex
* Software Version Seasave V 7.26.2.13
* Temperature SN = 6313
* Conductivity SN = 4758
* Number of Bytes Per Scan = 30
* Number of Voltage Words = 4
* Number of Scans Averaged by the Deck Unit = 1
* NMEA baud rate = 4800
** Ship:
** Station:
** Operator:
# nquan = 11
# nvalues = 3819                        
# units = specified
# name 0 = scan: Scan Count
# name 1 = prDM: Pressure, Digiquartz [db]
# name 2 = t090C: Temperature [ITS-90, deg C]
# name 3 = t190C: Temperature, 2 [ITS-90, deg C]
# name 4 = c0S/m: Conductivity [S/m]
# name 5 = c1S/m: Conductivity, 2 [S/m]
# name 6 = sbeox0V: Oxygen raw, SBE 43 [V]
# name 7 = sbeox1V: Oxygen raw, SBE 43, 2 [V]
# name 8 = flECO-AFL: Fluorescence, WET Labs ECO-AFL/FL [mg/m^3]
# name 9 = upoly0: Upoly 0, Turbidity
# name 10 = flag:  0.000e+00
# span 0 =          1,       3819       
# span 1 =      0.334,     23.962       
# span 2 =    13.0502,    16.1228       
# span 3 =    13.0462,    16.1243       
# span 4 =   2.856028,   3.797037       
# span 5 =   2.858521,   3.795947       
# span 6 =     0.9332,     2.9217       
# span 7 =     1.0319,     2.8775       
# span 8 =     0.0033,     0.0101       
# span 9 =  0.0875356,  0.2323405       
# span 10 = 0.0000e+00, 0.0000e+00      
# interval = seconds: 0.0416667
# start_time = Sep 21 2021 11:43:06 [System UTC, header]
# bad_flag = -9.990e-29
*END*
[from data line 1968]
       1969      6.038    15.2770    15.2862   3.004219   3.007827     2.8065     2.7490     0.0051  0.1676432 0.0000e+00
       1970      6.061    15.2757    15.2847   3.004010   3.007520     2.8062     2.7488     0.0051  0.1677155 0.0000e+00
       1971      6.084    15.2751    15.2837   3.003936   3.007316     2.8060     2.7486     0.0051  0.1677926 0.0000e+00
       1972      6.107    15.2753    15.2833   3.004017   3.007233     2.8057     2.7484     0.0051  0.1678750 0.0000e+00
       1973      6.130    15.2763    15.2835   3.004270   3.007278     2.8054     2.7482     0.0051  0.1679633 0.0000e+00
       1974      6.153    15.2781    15.2842   3.004706   3.007451     2.8051     2.7480     0.0051  0.1680581 0.0000e+00
       1975      6.177    15.2809    15.2855   3.005337   3.007747     2.8048     2.7478     0.0051  0.1681566 0.0000e+00
       1976      6.200    15.2846    15.2874   3.006170   3.008161     2.8044     2.7475     0.0051  0.1682485 0.0000e+00
       1977      6.223    15.2892    15.2897   3.007206   3.008686     2.8041     2.7473     0.0051  0.1683209 0.0000e+00
       1978      6.246    15.2947    15.2925   3.008428   3.009314     2.8037     2.7470     0.0051  0.1683666 0.0000e+00
       1979      6.269    15.3008    15.2957   3.009812   3.010039     2.8033     2.7468     0.0051  0.1683851 0.0000e+00
       1980      6.293    15.3074    15.2995   3.011329   3.010864     2.8029     2.7465     0.0051  0.1683782 0.0000e+00
       1981      6.316    15.3146    15.3038   3.012951   3.011805     2.8025     2.7462     0.0051  0.1683467 0.0000e+00
       1982      6.339    15.3221    15.3088   3.014654   3.012885     2.8020     2.7458     0.0051  0.1682904 0.0000e+00
       1983      6.362    15.3299    15.3146   3.016423   3.014120     2.8015     2.7455     0.0051  0.1682080 0.0000e+00
       1984      6.385    15.3380    15.3211   3.018252   3.015519     2.8010     2.7451     0.0051  0.1680982 0.0000e+00
       1985      6.408    15.3463    15.3283   3.020144   3.017072     2.8004     2.7446     0.0051  0.1679609 0.0000e+00
       1986      6.432    15.3550    15.3361   3.022101   3.018768     2.7998     2.7442     0.0051  0.1677962 0.0000e+00
       1987      6.455    15.3640    15.3445   3.024123   3.020598     2.7992     2.7437     0.0051  0.1676028 0.0000e+00
       1988      6.478    15.3732    15.3535   3.026199   3.022555     2.7985     2.7431     0.0051  0.1673795 0.0000e+00
       1989      6.501    15.3827    15.3630   3.028315   3.024637     2.7978     2.7425     0.0051  0.1671246 0.0000e+00
       1990      6.524    15.3922    15.3730   3.030456   3.026832     2.7970     2.7419     0.0051  0.1668364 0.0000e+00
       1991      6.548    15.4019    15.3833   3.032616   3.029116     2.7963     2.7413     0.0051  0.1665129 0.0000e+00
       1992      6.571    15.4116    15.3940   3.034794   3.031463     2.7955     2.7406     0.0051  0.1661518 0.0000e+00
       1993      6.594    15.4215    15.4051   3.036996   3.033861     2.7946     2.7400     0.0051  0.1657506 0.0000e+00
       1994      6.617    15.4315    15.4164   3.039236   3.036320     2.7937     2.7392     0.0051  0.1653066 0.0000e+00
       1995      6.640    15.4419    15.4281   3.041528   3.038843     2.7928     2.7385     0.0051  0.1648166 0.0000e+00
       1996      6.664    15.4524    15.4399   3.043881   3.041422     2.7919     2.7378     0.0051  0.1642772 0.0000e+00
       1997      6.687    15.4631    15.4518   3.046291   3.044037     2.7910     2.7370     0.0051  0.1636847 0.0000e+00
       1998      6.710    15.4740    15.4638   3.048755   3.046669     2.7900     2.7362     0.0051  0.1630350 0.0000e+00
       1999      6.733    15.4850    15.4756   3.051269   3.049300     2.7891     2.7354     0.0051  0.1623226 0.0000e+00
       2000      6.756    15.4960    15.4873   3.053822   3.051915     2.7881     2.7346     0.0051  0.1615444 0.0000e+00
       2001      6.779    15.5070    15.4988   3.056390   3.054506     2.7872     2.7338     0.0051  0.1607229 0.0000e+00
       2002      6.802    15.5179    15.5101   3.058943   3.057064     2.7862     2.7330     0.0051  0.1599120 0.0000e+00
       2003      6.825    15.5286    15.5212   3.061451   3.059584     2.7853     2.7322     0.0051  0.1591525 0.0000e+00
       2004      6.848    15.5391    15.5320   3.063894   3.062060     2.7843     2.7315     0.0051  0.1584522 0.0000e+00
       2005      6.871    15.5492    15.5426   3.066261   3.064491     2.7834     2.7307     0.0051  0.1578042 0.0000e+00
       2006      6.894    15.5590    15.5530   3.068548   3.066876     2.7825     2.7299     0.0051  0.1572017 0.0000e+00
       2007      6.918    15.5685    15.5631   3.070752   3.069217     2.7816     2.7292     0.0051  0.1566395 0.0000e+00
       2008      6.941    15.5777    15.5731   3.072873   3.071515     2.7807     2.7284     0.0051  0.1561146 0.0000e+00
       2009      6.964    15.5865    15.5829   3.074911   3.073769     2.7798     2.7277     0.0051  0.1556242 0.0000e+00
       2010      6.986    15.5950    15.5926   3.076868   3.075976     2.7789     2.7270     0.0051  0.1551641 0.0000e+00
       2011      7.009    15.6033    15.6020   3.078754   3.078135     2.7781     2.7264     0.0051  0.1547301 0.0000e+00
       2012      7.032    15.6113    15.6113   3.080578   3.080243     2.7773     2.7257     0.0051  0.1543193 0.0000e+00
       2013      7.055    15.6192    15.6205   3.082351   3.082302     2.7765     2.7251     0.0051  0.1539287 0.0000e+00
       2014      7.078    15.6271    15.6295   3.084086   3.084313     2.7756     2.7244     0.0051  0.1535558 0.0000e+00
       2015      7.101    15.6349    15.6383   3.085794   3.086281     2.7749     2.7238     0.0051  0.1531979 0.0000e+00
       2016      7.124    15.6427    15.6471   3.087489   3.088212     2.7741     2.7232     0.0051  0.1528525 0.0000e+00
       2017      7.146    15.6507    15.6558   3.089183   3.090111     2.7733     2.7226     0.0051  0.1525171 0.0000e+00
       2018      7.169    15.6588    15.6644   3.090889   3.091983     2.7726     2.7221     0.0051  0.1521896 0.0000e+00
       2019      7.192    15.6671    15.6730   3.092619   3.093829     2.7718     2.7215     0.0051  0.1518675 0.0000e+00
       2020      7.215    15.6757    15.6816   3.094385   3.095653     2.7711     2.7209     0.0051  0.1515487 0.0000e+00
       2021      7.237    15.6846    15.6902   3.096192   3.097462     2.7704     2.7204     0.0051  0.1512309 0.0000e+00
       2022      7.260    15.6937    15.6988   3.098040   3.099258     2.7696     2.7198     0.0051  0.1509119 0.0000e+00
       2023      7.283    15.7031    15.7074   3.099925   3.101047     2.7689     2.7192     0.0051  0.1505895 0.0000e+00
       2024      7.305    15.7127    15.7162   3.101850   3.102835     2.7681     2.7187     0.0051  0.1502624 0.0000e+00
       2025      7.328    15.7226    15.7250   3.103826   3.104627     2.7674     2.7181     0.0051  0.1499290 0.0000e+00
       2026      7.350    15.7329    15.7338   3.105855   3.106419     2.7666     2.7175     0.0051  0.1495888 0.0000e+00
       2027      7.373    15.7434    15.7427   3.107920   3.108205     2.7659     2.7169     0.0049  0.1492470 0.0000e+00
       2028      7.395    15.7539    15.7515   3.109991   3.109978     2.7651     2.7162     0.0049  0.1489115 0.0000e+00
       2029      7.417    15.7643    15.7603   3.112045   3.111738     2.7643     2.7155     0.0049  0.1485849 0.0000e+00
       2030      7.440    15.7747    15.7690   3.114068   3.113487     2.7635     2.7148     0.0049  0.1482660 0.0000e+00
       2031      7.462    15.7850    15.7778   3.116060   3.115232     2.7626     2.7141     0.0049  0.1479525 0.0000e+00
       2032      7.484    15.7951    15.7867   3.118024   3.116980     2.7618     2.7133     0.0049  0.1476421 0.0000e+00
       2033      7.507    15.8054    15.7957   3.119976   3.118736     2.7609     2.7125     0.0049  0.1473328 0.0000e+00
       2034      7.529    15.8157    15.8048   3.121938   3.120506     2.7600     2.7117     0.0049  0.1470224 0.0000e+00
       2035      7.551    15.8263    15.8140   3.123937   3.122299     2.7591     2.7108     0.0049  0.1467087 0.0000e+00
       2036      7.573    15.8372    15.8235   3.126000   3.124124     2.7581     2.7099     0.0049  0.1463895 0.0000e+00
       2037      7.595    15.8486    15.8332   3.128139   3.125984     2.7571     2.7089     0.0049  0.1460627 0.0000e+00
       2038      7.617    15.8601    15.8431   3.130353   3.127880     2.7560     2.7079     0.0049  0.1457259 0.0000e+00
       2039      7.639    15.8718    15.8533   3.132614   3.129819     2.7549     2.7069     0.0049  0.1453768 0.0000e+00
       2040      7.661    15.8834    15.8639   3.134892   3.131816     2.7538     2.7057     0.0049  0.1450130 0.0000e+00
       2041      7.683    15.8947    15.8749   3.137158   3.133888     2.7526     2.7046     0.0049  0.1446319 0.0000e+00
       2042      7.704    15.9059    15.8861   3.139394   3.136032     2.7514     2.7034     0.0049  0.1442310 0.0000e+00
       2043      7.726    15.9167    15.8975   3.141588   3.138221     2.7501     2.7021     0.0049  0.1438073 0.0000e+00
       2044      7.748    15.9273    15.9086   3.143731   3.140415     2.7488     2.7008     0.0049  0.1433580 0.0000e+00
       2045      7.770    15.9374    15.9194   3.145821   3.142580     2.7475     2.6994     0.0049  0.1428799 0.0000e+00
       2046      7.792    15.9473    15.9298   3.147857   3.144694     2.7461     2.6980     0.0049  0.1423698 0.0000e+00
       2047      7.813    15.9568    15.9397   3.149839   3.146747     2.7447     2.6965     0.0049  0.1418240 0.0000e+00
       2048      7.835    15.9659    15.9492   3.151770   3.148739     2.7432     2.6950     0.0049  0.1412387 0.0000e+00
       2049      7.857    15.9747    15.9583   3.153651   3.150676     2.7417     2.6934     0.0049  0.1406099 0.0000e+00
       2050      7.878    15.9832    15.9670   3.155484   3.152563     2.7401     2.6918     0.0049  0.1399333 0.0000e+00
       2051      7.900    15.9913    15.9755   3.157269   3.154408     2.7385     2.6902     0.0049  0.1392058 0.0000e+00
       2052      7.921    15.9992    15.9837   3.159008   3.156214     2.7369     2.6885     0.0051  0.1384444 0.0000e+00
       2053      7.943    16.0067    15.9916   3.160702   3.157984     2.7352     2.6867     0.0051  0.1376931 0.0000e+00
       2054      7.964    16.0138    15.9992   3.162352   3.159719     2.7335     2.6849     0.0051  0.1369874 0.0000e+00
       2055      7.986    16.0207    16.0066   3.163958   3.161420     2.7318     2.6831     0.0051  0.1363352 0.0000e+00
       2056      8.007    16.0272    16.0137   3.165520   3.163087     2.7300     2.6813     0.0051  0.1357311 0.0000e+00
       2057      8.029    16.0334    16.0205   3.167036   3.164719     2.7282     2.6794     0.0051  0.1351684 0.0000e+00
       2058      8.050    16.0392    16.0271   3.168507   3.166315     2.7263     2.6774     0.0051  0.1346422 0.0000e+00
       2059      8.072    16.0446    16.0333   3.169932   3.167871     2.7245     2.6755     0.0051  0.1341489 0.0000e+00
       2060      8.093    16.0497    16.0392   3.171315   3.169386     2.7226     2.6735     0.0051  0.1336851 0.0000e+00
       2061      8.114    16.0544    16.0448   3.172656   3.170857     2.7206     2.6715     0.0051  0.1332476 0.0000e+00
       2062      8.136    16.0588    16.0501   3.173956   3.172284     2.7187     2.6694     0.0051  0.1328332 0.0000e+00
       2063      8.157    16.0627    16.0549   3.175220   3.173669     2.7167     2.6673     0.0051  0.1324392 0.0000e+00
       2064      8.178    16.0664    16.0594   3.176451   3.175015     2.7147     2.6652     0.0051  0.1320628 0.0000e+00
       2065      8.199    16.0697    16.0635   3.177655   3.176323     2.7126     2.6631     0.0051  0.1317023 0.0000e+00
       2066      8.220    16.0727    16.0672   3.178836   3.177597     2.7105     2.6609     0.0051  0.1313567 0.0000e+00
       2067      8.241    16.0755    16.0706   3.180000   3.178843     2.7084     2.6587     0.0051  0.1310237 0.0000e+00
       2068      8.263    16.0780    16.0737   3.181155   3.180066     2.7062     2.6565     0.0051  0.1306993 0.0000e+00
       2069      8.284    16.0804    16.0766   3.182307   3.181272     2.7041     2.6543     0.0051  0.1303804 0.0000e+00
       2070      8.305    16.0827    16.0792   3.183461   3.182467     2.7019     2.6520     0.0051  0.1300648 0.0000e+00
       2071      8.326    16.0848    16.0817   3.184623   3.183660     2.6996     2.6497     0.0051  0.1297502 0.0000e+00
       2072      8.347    16.0869    16.0840   3.185798   3.184856     2.6974     2.6474     0.0051  0.1294346 0.0000e+00
       2073      8.368    16.0888    16.0863   3.186988   3.186061     2.6951     2.6450     0.0051  0.1291156 0.0000e+00
       2074      8.389    16.0907    16.0884   3.188197   3.187279     2.6928     2.6426     0.0051  0.1287910 0.0000e+00
       2075      8.410    16.0926    16.0905   3.189428   3.188513     2.6904     2.6402     0.0051  0.1284587 0.0000e+00
       2076      8.431    16.0943    16.0924   3.190683   3.189765     2.6880     2.6378     0.0051  0.1281163 0.0000e+00
       2077      8.452    16.0961    16.0943   3.191966   3.191039     2.6856     2.6354     0.0049  0.1277648 0.0000e+00
       2078      8.473    16.0977    16.0962   3.193278   3.192338     2.6832     2.6329     0.0046  0.1274137 0.0000e+00
       2079      8.494    16.0994    16.0979   3.194622   3.193665     2.6807     2.6304     0.0044  0.1270749 0.0000e+00
       2080      8.515    16.1010    16.0997   3.195997   3.195024     2.6781     2.6279     0.0044  0.1267529 0.0000e+00
       2081      8.536    16.1026    16.1014   3.197407   3.196417     2.6755     2.6254     0.0044  0.1264463 0.0000e+00
       2082      8.557    16.1043    16.1031   3.198851   3.197845     2.6729     2.6228     0.0044  0.1261530 0.0000e+00
       2083      8.578    16.1059    16.1048   3.200332   3.199309     2.6703     2.6203     0.0044  0.1258709 0.0000e+00
       2084      8.598    16.1075    16.1065   3.201849   3.200810     2.6677     2.6177     0.0044  0.1255981 0.0000e+00
       2085      8.619    16.1092    16.1082   3.203400   3.202347     2.6650     2.6150     0.0044  0.1253326 0.0000e+00
       2086      8.640    16.1108    16.1099   3.204980   3.203921     2.6622     2.6124     0.0044  0.1250727 0.0000e+00
       2087      8.661    16.1125    16.1117   3.206581   3.205528     2.6595     2.6097     0.0044  0.1248165 0.0000e+00
       2088      8.681    16.1141    16.1134   3.208198   3.207163     2.6567     2.6070     0.0044  0.1245622 0.0000e+00
       2089      8.702    16.1157    16.1151   3.209827   3.208818     2.6539     2.6042     0.0044  0.1243081 0.0000e+00
       2090      8.723    16.1172    16.1168   3.211464   3.210484     2.6510     2.6015     0.0044  0.1240524 0.0000e+00
       2091      8.743    16.1186    16.1184   3.213107   3.212158     2.6481     2.5987     0.0044  0.1237933 0.0000e+00
       2092      8.764    16.1199    16.1199   3.214751   3.213835     2.6452     2.5959     0.0044  0.1235291 0.0000e+00
       2093      8.785    16.1209    16.1212   3.216393   3.215514     2.6423     2.5931     0.0044  0.1232578 0.0000e+00
       2094      8.805    16.1217    16.1223   3.218030   3.217191     2.6393     2.5903     0.0044  0.1229776 0.0000e+00
       2095      8.826    16.1223    16.1232   3.219663   3.218861     2.6363     2.5874     0.0044  0.1226865 0.0000e+00
       2096      8.847    16.1226    16.1238   3.221295   3.220524     2.6333     2.5845     0.0044  0.1223825 0.0000e+00
       2097      8.868    16.1228    16.1241   3.222929   3.222179     2.6303     2.5816     0.0044  0.1220636 0.0000e+00
       2098      8.888    16.1228    16.1243   3.224568   3.223831     2.6273     2.5787     0.0044  0.1217274 0.0000e+00
