code/data/2021/ctd_data_day1/Station 3ex 210921_ctm_fil_le_der.cnv
* Sea-Bird SBE 9 Data File:
* FileName = C:\Users\CTD-User\Desktop\MAR440\Station 3ex 210921.hex
* Software Version Seasave V 7.26.2.13
* Temperature SN = 6313
* Conductivity SN = 4758
* Number of Bytes Per Scan = 30
* Number of Voltage Words = 4
* Number of Scans Averaged by the Deck Unit = 1
* NMEA baud rate = 4800
** Ship:
** Station:
** Operator:
# nquan = 16                                
# nvalues = 3026                        
# units = specified
# name 0 = scan: Scan Count
# name 1 = prDM: Pressure, Digiquartz [db]
# name 2 = t090C: Temperature [ITS-90, deg C]
# name 3 = t190C: Temperature, 2 [ITS-90, deg C]
# name 4 = c0S/m: Conductivity [S/m]
# name 5 = c1S/m: Conductivity, 2 [S/m]
# name 6 = sbeox0V: Oxygen raw, SBE 43 [V]
# name 7 = sbeox1V: Oxygen raw, SBE 43, 2 [V]
# name 8 = flECO-AFL: Fluorescence, WET Labs ECO-AFL/FL [mg/m^3]
# name 9 = upoly0: Upoly 0, Turbidity
# name 10 = depSM: Depth [salt water, m], lat = 59
# name 11 = sal00: Salinity, Practical [PSU]
# name 12 = sal11: Salinity, Practical, 2 [PSU]
# name 13 = sbeox0ML/L: Oxygen, SBE 43 [ml/l], WS = 2
# name 14 = sbeox1ML/L: Oxygen, SBE 43, 2 [ml/l], WS = 2
# name 15 = flag: flag
# span 0 =          1,       3026       
# span 1 =      0.466,     13.163       
# span 2 =    11.9571,    16.1072       
# span 3 =    11.9277,    16.1128       
# span 4 =  -0.000326,   3.412927       
# span 5 =   0.069778,   3.409325       
# span 6 =     1.3716,     3.2558       
# span 7 =     1.4146,     3.0932       
# span 8 =     0.0035,     0.0441       
# span 9 =  0.0805703,  0.1871152       
# span 10 =      0.462,     13.040      
# span 11 =     0.0000,    28.5809      
# span 12 =     0.0000,    28.3991      
# span 13 =     2.3370,     8.9775      
# span 14 =     2.2332,     7.4541      
# span 15 = 0.0000e+00, 0.0000e+00      
# interval = seconds: 0.0416667
# start_time = Sep 21 2021 12:03:19 [System UTC, header]
# bad_flag = -9.990e-29
*END*
[from data line 91]
         92      0.524    12.1516    12.1239  -0.000023   0.072504     2.9588     2.8462     0.0152  0.0816153      0.519     0.0000     0.0000     8.9339     7.4218 -9.990e-29
         93      0.524    12.1516    12.1237  -0.000021   0.072565     2.9588     2.8462     0.0150  0.0816194      0.519     0.0000     0.0000     8.9339     7.4218 -9.990e-29
         94      0.524    12.1515    12.1235  -0.000019   0.072627     2.9588     2.8462     0.0152  0.0816221      0.519     0.0000     0.0000     8.9339     7.4218 -9.990e-29
         95      0.524    12.1514    12.1233  -0.000015   0.072687     2.9588     2.8462     0.0152  0.0816245      0.519     0.0000     0.0000     8.9339     7.4218 -9.990e-29
         96      0.524    12.1514    12.1231  -0.000010   0.072746     2.9588     2.8462     0.0152  0.0816265      0.519     0.0000     0.0000     8.9340     7.4219 -9.990e-29
         97      0.524    12.1513    12.1229  -0.000006   0.072805     2.9588     2.8462     0.0152  0.0816264      0.519     0.0000     0.0000     8.9340     7.4219 -9.990e-29
         98      0.524    12.1512    12.1227  -0.000003   0.072867     2.9588     2.8462     0.0152  0.0816233      0.519     0.0000     0.0000     8.9340     7.4219 -9.990e-29
         99      0.524    12.1511    12.1225 -6.052e-07   0.072931     2.9588     2.8462     0.0152  0.0816173      0.519     0.0000     0.0000     8.9340     7.4219 -9.990e-29
        100      0.524    12.1510    12.1224   0.000002   0.072998     2.9588     2.8462     0.0152  0.0816092      0.519     0.0064     0.4808     8.9337     7.4219 -9.990e-29
        101      0.524    12.1510    12.1222   0.000006   0.073065     2.9588     2.8462     0.0150  0.0815997      0.519     0.0064     0.4813     8.9337     7.4219 -9.990e-29
        102      0.524    12.1509    12.1219   0.000009   0.073128     2.9588     2.8462     0.0152  0.0815888      0.519     0.0063     0.4817     8.9337     7.4219 -9.990e-29
        103      0.523    12.1508    12.1217   0.000010   0.073186     2.9588     2.8462     0.0152  0.0815773      0.518     0.0063     0.4821     8.9337     7.4220 -9.990e-29
        104      0.523    12.1507    12.1215   0.000011   0.073240     2.9588     2.8462     0.0152  0.0815659      0.518     0.0063     0.4825     8.9337     7.4220 -9.990e-29
        105      0.523    12.1506    12.1213   0.000012   0.073291     2.9588     2.8462     0.0150  0.0815545      0.518     0.0063     0.4828     8.9338     7.4220 -9.990e-29
        106      0.523    12.1505    12.1211   0.000012   0.073341     2.9588     2.8462     0.0152  0.0815423      0.518     0.0063     0.4832     8.9338     7.4220 -9.990e-29
        107      0.523    12.1504    12.1209   0.000013   0.073393     2.9588     2.8462     0.0152  0.0815282      0.518     0.0063     0.4836     8.9338     7.4220 -9.990e-29
        108      0.523    12.1504    12.1207   0.000013   0.073440     2.9588     2.8462     0.0152  0.0815130      0.518     0.0063     0.4839     8.9339     7.4220 -9.990e-29
        109      0.523    12.1503    12.1205   0.000013   0.073478     2.9588     2.8462     0.0156  0.0814976      0.518     0.0063     0.4841     8.9339     7.4221 -9.990e-29
        110      0.523    12.1502    12.1203   0.000014   0.073511     2.9588     2.8462     0.0157  0.0814817      0.518     0.0063     0.4844     8.9339     7.4221 -9.990e-29
        111      0.522    12.1501    12.1200   0.000014   0.073548     2.9588     2.8462     0.0159  0.0814653      0.517     0.0063     0.4846     8.9340     7.4221 -9.990e-29
        112      0.522    12.1500    12.1198   0.000013   0.073590     2.9588     2.8462     0.0159  0.0814491      0.517     0.0063     0.4849     8.9341     7.4221 -9.990e-29
        113      0.522    12.1498    12.1196   0.000013   0.073629     2.9588     2.8462     0.0159  0.0814346      0.517     0.0063     0.4852     8.9342     7.4222 -9.990e-29
        114      0.522    12.1497    12.1194   0.000013   0.073664     2.9588     2.8462     0.0159  0.0814218      0.517     0.0063     0.4854     8.9343     7.4222 -9.990e-29
        115      0.522    12.1496    12.1191   0.000014   0.073698     2.9587     2.8462     0.0159  0.0814098      0.517     0.0063     0.4857     8.9341     7.4222 -9.990e-29
        116      0.522    12.1495    12.1189   0.000015   0.073730     2.9587     2.8462     0.0159  0.0813985      0.517     0.0063     0.4859     8.9342     7.4223 -9.990e-29
        117      0.522    12.1494    12.1187   0.000016   0.073755     2.9587     2.8462     0.0159  0.0813868      0.517     0.0063     0.4861     8.9342     7.4223 -9.990e-29
        118      0.522    12.1493    12.1184   0.000016   0.073772     2.9587     2.8462     0.0159  0.0813749      0.517     0.0063     0.4862     8.9343     7.4223 -9.990e-29
        119      0.522    12.1491    12.1182   0.000015   0.073788     2.9587     2.8462     0.0159  0.0813633      0.517     0.0063     0.4863     8.9345     7.4224 -9.990e-29
        120      0.522    12.1490    12.1180   0.000014   0.073807     2.9587     2.8462     0.0159  0.0813521      0.517     0.0063     0.4864     8.9346     7.4224 -9.990e-29
        121      0.521    12.1489    12.1177   0.000014   0.073826     2.9587     2.8462     0.0157  0.0813411      0.516     0.0063     0.4866     8.9347     7.4224 -9.990e-29
        122      0.521    12.1487    12.1175   0.000015   0.073844     2.9587     2.8462     0.0157  0.0813303      0.516     0.0063     0.4867     8.9348     7.4225 -9.990e-29
        123      0.521    12.1486    12.1172   0.000014   0.073865     2.9587     2.8462     0.0159  0.0813196      0.516     0.0063     0.4868     8.9349     7.4225 -9.990e-29
        124      0.521    12.1484    12.1170   0.000012   0.073886     2.9587     2.8462     0.0159  0.0813090      0.516     0.0063     0.4870     8.9350     7.4225 -9.990e-29
        125      0.521    12.1483    12.1168   0.000010   0.073902     2.9587     2.8462     0.0157  0.0812983      0.516     0.0063     0.4871     8.9351     7.4226 -9.990e-29
        126      0.521    12.1481    12.1165   0.000010   0.073912     2.9587     2.8462     0.0159  0.0812866      0.516     0.0063     0.4872     8.9352     7.4226 -9.990e-29
        127      0.520    12.1480    12.1163   0.000010   0.073921     2.9587     2.8462     0.0159  0.0812739      0.515     0.0063     0.4872     8.9353     7.4226 -9.990e-29
        128      0.520    12.1478    12.1160   0.000012   0.073932     2.9587     2.8462     0.0157  0.0812618      0.515     0.0063     0.4873     8.9354     7.4227 -9.990e-29
        129      0.520    12.1477    12.1158   0.000014   0.073943     2.9587     2.8462     0.0159  0.0812501      0.515     0.0063     0.4874     8.9355     7.4227 -9.990e-29
        130      0.520    12.1475    12.1155   0.000014   0.073953     2.9587     2.8462     0.0159  0.0812372      0.515     0.0063     0.4875     8.9356     7.4228 -9.990e-29
        131      0.520    12.1474    12.1153   0.000013   0.073972     2.9587     2.8462     0.0159  0.0812220      0.515     0.0063     0.4876     8.9357     7.4228 -9.990e-29
        132      0.520    12.1472    12.1150   0.000012   0.073997     2.9587     2.8462     0.0157  0.0812044      0.515     0.0063     0.4878     8.9358     7.4228 -9.990e-29
        133      0.519    12.1470    12.1148   0.000011   0.074022     2.9587     2.8462     0.0157  0.0811853      0.514     0.0063     0.4879     8.9359     7.4229 -9.990e-29
        134      0.519    12.1469    12.1145   0.000010   0.074043     2.9587     2.8462     0.0148  0.0811660      0.514     0.0063     0.4881     8.9359     7.4229 -9.990e-29
        135      0.519    12.1467    12.1143   0.000009   0.074060     2.9587     2.8462     0.0124  0.0811475      0.514     0.0063     0.4882     8.9360     7.4229 -9.990e-29
        136      0.519    12.1465    12.1140   0.000006   0.074075     2.9588     2.8462     0.0115  0.0811295      0.514     0.0064     0.4883     8.9364     7.4230 -9.990e-29
        137      0.518    12.1464    12.1137   0.000002   0.074087     2.9588     2.8462     0.0115  0.0811127      0.513     0.0064     0.4884     8.9364     7.4230 -9.990e-29
        138      0.518    12.1462    12.1135  -0.000002   0.074098     2.9588     2.8462     0.0117  0.0810979      0.513     0.0000     0.0000     8.9368     7.4231 -9.990e-29
        139      0.518    12.1460    12.1132  -0.000006   0.074111     2.9588     2.8462     0.0117  0.0810842      0.513     0.0000     0.0000     8.9369     7.4231 -9.990e-29
        140      0.518    12.1458    12.1129  -0.000009   0.074131     2.9588     2.8462     0.0117  0.0810714      0.513     0.0000     0.0000     8.9369     7.4231 -9.990e-29
        141      0.517    12.1456    12.1127  -0.000012   0.074157     2.9588     2.8462     0.0117  0.0810603      0.512     0.0000     0.0000     8.9369     7.4232 -9.990e-29
        142      0.517    12.1454    12.1124  -0.000014   0.074184     2.9589     2.8462     0.0117  0.0810500      0.512     0.0000     0.0000     8.9372     7.4232 -9.990e-29
        143      0.517    12.1453    12.1121  -0.000016   0.074213     2.9589     2.8462     0.0117  0.0810395      0.512     0.0000     0.0000     8.9372     7.4233 -9.990e-29
        144      0.517    12.1451    12.1118  -0.000020   0.074247     2.9589     2.8462     0.0117  0.0810288      0.512     0.0000     0.0000     8.9371     7.4233 -9.990e-29
        145      0.517    12.1449    12.1115  -0.000023   0.074285     2.9589     2.8462     0.0117  0.0810179      0.512     0.0000     0.0000     8.9371     7.4233 -9.990e-29
        146      0.517    12.1447    12.1113  -0.000026   0.074323     2.9589     2.8462     0.0117  0.0810065      0.512     0.0000     0.0000     8.9370     7.4234 -9.990e-29
        147      0.517    12.1445    12.1110  -0.000028   0.074364     2.9589     2.8462     0.0117  0.0809947      0.512     0.0000     0.0000     8.9370     7.4234 -9.990e-29
        148      0.517    12.1443    12.1107  -0.000028   0.074412     2.9589     2.8462     0.0117  0.0809833      0.512     0.0000     0.0000     8.9369     7.4234 -9.990e-29
        149      0.517    12.1441    12.1104  -0.000028   0.074462     2.9589     2.8462     0.0117  0.0809729      0.512     0.0000     0.0000     8.9369     7.4235 -9.990e-29
        150      0.517    12.1439    12.1101  -0.000027   0.074505     2.9589     2.8462     0.0117  0.0809635      0.512     0.0000     0.0000     8.9368     7.4235 -9.990e-29
        151      0.516    12.1437    12.1098  -0.000026   0.074544     2.9589     2.8462     0.0117  0.0809560      0.511     0.0000     0.0000     8.9368     7.4235 -9.990e-29
        152      0.516    12.1435    12.1095  -0.000025   0.074581     2.9589     2.8462     0.0117  0.0809510      0.511     0.0000     0.0000     8.9368     7.4236 -9.990e-29
        153      0.516    12.1433    12.1092  -0.000024   0.074621     2.9589     2.8462     0.0117  0.0809478      0.511     0.0000     0.0000     8.9368     7.4236 -9.990e-29
        154      0.516    12.1431    12.1090  -0.000024   0.074663     2.9589     2.8462     0.0117  0.0809445      0.511     0.0000     0.0000     8.9367     7.4236 -9.990e-29
        155      0.516    12.1429    12.1087  -0.000026   0.074705     2.9589     2.8462     0.0117  0.0809404      0.511     0.0000     0.0000     8.9367     7.4237 -9.990e-29
        156      0.516    12.1427    12.1084  -0.000029   0.074740     2.9589     2.8462     0.0117  0.0809354      0.511     0.0000     0.0000     8.9366     7.4237 -9.990e-29
        157      0.516    12.1425    12.1081  -0.000032   0.074774     2.9589     2.8462     0.0117  0.0809303      0.511     0.0000     0.0000     8.9366     7.4238 -9.990e-29
        158      0.516    12.1422    12.1078  -0.000034   0.074814     2.9588     2.8462     0.0117  0.0809267      0.511     0.0000     0.0000     8.9362     7.4238 -9.990e-29
        159      0.516    12.1420    12.1074  -0.000036   0.074855     2.9588     2.8462     0.0117  0.0809247      0.511     0.0000     0.0000     8.9361     7.4239 -9.990e-29
        160      0.516    12.1418    12.1071  -0.000037   0.074890     2.9588     2.8462     0.0104  0.0809225      0.511     0.0000     0.0000     8.9361     7.4239 -9.990e-29
        161      0.516    12.1416    12.1068  -0.000039   0.074919     2.9588     2.8462     0.0093  0.0809202      0.511     0.0000     0.0000     8.9361     7.4239 -9.990e-29
        162      0.516    12.1414    12.1065  -0.000041   0.074946     2.9588     2.8462     0.0092  0.0809184      0.511     0.0000     0.0000     8.9361     7.4240 -9.990e-29
        163      0.516    12.1411    12.1062  -0.000043   0.074973     2.9588     2.8462     0.0092  0.0809165      0.511     0.0000     0.0000     8.9361     7.4240 -9.990e-29
        164      0.516    12.1409    12.1059  -0.000044   0.075001     2.9588     2.8462     0.0093  0.0809135      0.511     0.0000     0.0000     8.9361     7.4241 -9.990e-29
        165      0.515    12.1407    12.1056  -0.000045   0.075024     2.9588     2.8462     0.0093  0.0809103      0.510     0.0000     0.0000     8.9361     7.4241 -9.990e-29
        166      0.515    12.1404    12.1052  -0.000045   0.075040     2.9588     2.8462     0.0093  0.0809077      0.510     0.0000     0.0000     8.9361     7.4242 -9.990e-29
        167      0.515    12.1402    12.1049  -0.000045   0.075052     2.9587     2.8462     0.0093  0.0809056      0.510     0.0000     0.0000     8.9358     7.4242 -9.990e-29
        168      0.515    12.1400    12.1046  -0.000045   0.075065     2.9587     2.8462     0.0093  0.0809040      0.510     0.0000     0.0000     8.9359     7.4243 -9.990e-29
        169      0.515    12.1397    12.1043  -0.000045   0.075082     2.9587     2.8462     0.0093  0.0809022      0.510     0.0000     0.0000     8.9359     7.4243 -9.990e-29
        170      0.515    12.1395    12.1039  -0.000045   0.075099     2.9587     2.8462     0.0093  0.0808991      0.510     0.0000     0.0000     8.9360     7.4244 -9.990e-29
        171      0.515    12.1392    12.1036  -0.000044   0.075114     2.9587     2.8462     0.0093  0.0808958      0.510     0.0000     0.0000     8.9361     7.4244 -9.990e-29
        172      0.515    12.1390    12.1033  -0.000044   0.075129     2.9587     2.8462     0.0093  0.0808929      0.510     0.0000     0.0000     8.9362     7.4244 -9.990e-29
        173      0.515    12.1387    12.1029  -0.000044   0.075149     2.9587     2.8462     0.0093  0.0808905      0.510     0.0000     0.0000     8.9363     7.4244 -9.990e-29
        174      0.514    12.1385    12.1026  -0.000044   0.075174     2.9587     2.8462     0.0093  0.0808885      0.509     0.0000     0.0000     8.9363     7.4244 -9.990e-29
        175      0.514    12.1382    12.1022  -0.000045   0.075199     2.9587     2.8462     0.0093  0.0808861      0.509     0.0000     0.0000     8.9365     7.4245 -9.990e-29
        176      0.514    12.1380    12.1019  -0.000046   0.075218     2.9588     2.8462     0.0093  0.0808832      0.509     0.0000     0.0000     8.9369     7.4245 -9.990e-29
        177      0.514    12.1377    12.1016  -0.000046   0.075230     2.9588     2.8462     0.0093  0.0808816      0.509     0.0000     0.0000     8.9370     7.4245 -9.990e-29
        178      0.514    12.1374    12.1012  -0.000045   0.075233     2.9587     2.8462     0.0092  0.0808813      0.509     0.0000     0.0000     8.9368     7.4246 -9.990e-29
        179      0.513    12.1372    12.1009  -0.000043   0.075228     2.9587     2.8462     0.0093  0.0808805      0.508     0.0000     0.0000     8.9369     7.4246 -9.990e-29
        180      0.513    12.1369    12.1005  -0.000040   0.075219     2.9587     2.8462     0.0093  0.0808783      0.508     0.0000     0.0000     8.9370     7.4247 -9.990e-29
