code/data/2021/ctd_data_day1/Station 5 210921_ctm_fil_le_der.cnv
* Sea-Bird SBE 9 Data File:
* FileName = C:\Users\CTD-User\Desktop\MAR440\Station 5 210921.hex
* Software Version Seasave V 7.26.2.13
* Temperature SN = 6313
* Conductivity SN = 4758
* Number of Bytes Per Scan = 30
* Number of Voltage Words = 4
* Number of Scans Averaged by the Deck Unit = 1
* NMEA baud rate = 4800
** Ship:
** Station:
** Operator:
# nquan = 16                                
# nvalues = 5809                        
# units = specified
# name 0 = scan: Scan Count
# name 1 = prDM: Pressure, Digiquartz [db]
# name 2 = t090C: Temperature [ITS-90, deg C]
# name 3 = t190C: Temperature, 2 [ITS-90, deg C]
# name 4 = c0S/m: Conductivity [S/m]
# name 5 = c1S/m: Conductivity, 2 [S/m]
# name 6 = sbeox0V: Oxygen raw, SBE 43 [V]
# name 7 = sbeox1V: Oxygen raw, SBE 43, 2 [V]
# name 8 = flECO-AFL: Fluorescence, WET Labs ECO-AFL/FL [mg/m^3]
# name 9 = upoly0: Upoly 0, Turbidity
# name 10 = depSM: Depth [salt water, m], lat = 59
# name 11 = sal00: Salinity, Practical [PSU]
# name 12 = sal11: Salinity, Practical, 2 [PSU]
# name 13 = sbeox0ML/L: Oxygen, SBE 43 [ml/l], WS = 2
# name 14 = sbeox1ML/L: Oxygen, SBE 43, 2 [ml/l], WS = 2
# name 15 = flag: flag
# span 0 =          1,       5809       
# span 1 =      0.548,     26.491       
# span 2 =    11.4362,    16.1548       
# span 3 =    11.4092,    16.1555       
# span 4 =   2.871998,   3.809176       
# span 5 =   2.884333,   3.810449       
# span 6 =     0.8579,     2.8199       
# span 7 =     0.9206,     2.7849       
# span 8 =     0.0035,     0.0101       
# span 9 =  0.0869564,  0.1626645       
# span 10 =      0.543,     26.242      
# span 11 =    22.3537,    32.0999      
# span 12 =    22.4704,    32.1070      
# span 13 =     1.0354,     6.8445      
# span 14 =     1.1639,     5.8907      
# span 15 = 0.0000e+00, 0.0000e+00      
# interval = seconds: 0.0416667
# start_time = Sep 21 2021 10:32:06 [System UTC, header]
# bad_flag = -9.990e-29
*END*
[from data line 91]
         92      1.791    15.1165    15.1066   2.873693   2.885631     2.2340     2.3000     0.0042  0.1543266      1.774    22.3658    22.4737     5.0713     4.6774 -9.990e-29
         93      1.790    15.1165    15.1065   2.873515   2.885548     2.2336     2.3000     0.0042  0.1543348      1.773    22.3642    22.4731     5.0708     4.6764 -9.990e-29
         94      1.789    15.1165    15.1063   2.873340   2.885462     2.2332     2.3001     0.0042  0.1543498      1.772    22.3627    22.4725     5.0703     4.6757 -9.990e-29
         95      1.789    15.1165    15.1059   2.873173   2.885380     2.2328     2.3001     0.0042  0.1543708      1.772    22.3613    22.4720     5.0697     4.6746 -9.990e-29
         96      1.788    15.1164    15.1054   2.873017   2.885305     2.2324     2.3001     0.0042  0.1543964      1.771    22.3600    22.4716     5.0692     4.6736 -9.990e-29
         97      1.787    15.1163    15.1048   2.872875   2.885239     2.2320     2.3000     0.0038  0.1544267      1.770    22.3589    22.4714     5.0686     4.6723 -9.990e-29
         98      1.786    15.1162    15.1041   2.872749   2.885184     2.2316     2.3000     0.0038  0.1544627      1.769    22.3578    22.4713     5.0679     4.6712 -9.990e-29
         99      1.786    15.1160    15.1032   2.872644   2.885143     2.2313     2.3000     0.0042  0.1545048      1.769    22.3571    22.4715     5.0676     4.6701 -9.990e-29
        100      1.786    15.1158    15.1022   2.872562   2.885116     2.2309     2.2999     0.0042  0.1545532      1.769    22.3565    22.4718     5.0669     4.6688 -9.990e-29
        101      1.787    15.1156    15.1011   2.872504   2.885105     2.2305     2.2999     0.0042  0.1546073      1.770    22.3561    22.4724     5.0662     4.6677 -9.990e-29
        102      1.787    15.1153    15.0998   2.872473   2.885109     2.2301     2.2998     0.0042  0.1546676      1.770    22.3560    22.4731     5.0655     4.6664 -9.990e-29
        103      1.787    15.1151    15.0986   2.872469   2.885130     2.2298     2.2997     0.0042  0.1547363      1.770    22.3561    22.4740     5.0650     4.6651 -9.990e-29
        104      1.788    15.1148    15.0974   2.872490   2.885167     2.2294     2.2996     0.0038  0.1548136      1.771    22.3564    22.4750     5.0642     4.6638 -9.990e-29
        105      1.789    15.1146    15.0963   2.872539   2.885221     2.2291     2.2995     0.0042  0.1548995      1.772    22.3570    22.4761     5.0637     4.6626 -9.990e-29
        106      1.790    15.1144    15.0952   2.872614   2.885292     2.2288     2.2994     0.0038  0.1549944      1.773    22.3577    22.4773     5.0632     4.6613 -9.990e-29
        107      1.790    15.1142    15.0944   2.872713   2.885383     2.2284     2.2992     0.0038  0.1550981      1.773    22.3587    22.4786     5.0623     4.6598 -9.990e-29
        108      1.791    15.1141    15.0937   2.872835   2.885492     2.2281     2.2991     0.0038  0.1552106      1.774    22.3598    22.4799     5.0617     4.6585 -9.990e-29
        109      1.792    15.1141    15.0933   2.872976   2.885620     2.2278     2.2990     0.0042  0.1553326      1.775    22.3610    22.4812     5.0611     4.6573 -9.990e-29
        110      1.793    15.1142    15.0931   2.873133   2.885764     2.2275     2.2988     0.0042  0.1554650      1.776    22.3623    22.4826     5.0605     4.6558 -9.990e-29
        111      1.794    15.1143    15.0932   2.873302   2.885924     2.2272     2.2986     0.0042  0.1556095      1.777    22.3637    22.4839     5.0598     4.6543 -9.990e-29
        112      1.794    15.1145    15.0936   2.873480   2.886097     2.2268     2.2984     0.0038  0.1557680      1.777    22.3651    22.4852     5.0588     4.6529 -9.990e-29
        113      1.795    15.1149    15.0943   2.873662   2.886282     2.2265     2.2982     0.0042  0.1559416      1.778    22.3664    22.4864     5.0581     4.6515 -9.990e-29
        114      1.795    15.1153    15.0952   2.873843   2.886477     2.2262     2.2980     0.0042  0.1561323      1.778    22.3677    22.4875     5.0574     4.6502 -9.990e-29
        115      1.796    15.1157    15.0964   2.874020   2.886679     2.2259     2.2978     0.0042  0.1563407      1.779    22.3690    22.4886     5.0567     4.6489 -9.990e-29
        116      1.796    15.1162    15.0976   2.874187   2.886885     2.2256     2.2976     0.0046  0.1565579      1.779    22.3702    22.4896     5.0559     4.6477 -9.990e-29
        117      1.796    15.1167    15.0989   2.874339   2.887089     2.2252     2.2973     0.0046  0.1567669      1.779    22.3712    22.4906     5.0549     4.6462 -9.990e-29
        118      1.795    15.1171    15.1002   2.874470   2.887287     2.2249     2.2971     0.0046  0.1569554      1.778    22.3721    22.4916     5.0541     4.6451 -9.990e-29
        119      1.794    15.1176    15.1015   2.874577   2.887473     2.2245     2.2968     0.0046  0.1571215      1.777    22.3727    22.4924     5.0530     4.6439 -9.990e-29
        120      1.793    15.1180    15.1027   2.874658   2.887644     2.2242     2.2966     0.0046  0.1572670      1.776    22.3732    22.4932     5.0523     4.6430 -9.990e-29
        121      1.792    15.1184    15.1038   2.874711   2.887795     2.2238     2.2963     0.0046  0.1573947      1.775    22.3734    22.4939     5.0513     4.6420 -9.990e-29
        122      1.791    15.1187    15.1048   2.874734   2.887922     2.2235     2.2960     0.0046  0.1575064      1.774    22.3734    22.4944     5.0506     4.6410 -9.990e-29
        123      1.790    15.1190    15.1057   2.874727   2.888024     2.2231     2.2957     0.0046  0.1576027      1.773    22.3732    22.4948     5.0496     4.6402 -9.990e-29
        124      1.788    15.1192    15.1065   2.874689   2.888099     2.2228     2.2954     0.0046  0.1576845      1.771    22.3728    22.4950     5.0489     4.6395 -9.990e-29
        125      1.787    15.1194    15.1071   2.874619   2.888144     2.2224     2.2951     0.0046  0.1577522      1.770    22.3720    22.4950     5.0480     4.6389 -9.990e-29
        126      1.785    15.1195    15.1076   2.874520   2.888159     2.2221     2.2948     0.0046  0.1578055      1.768    22.3711    22.4948     5.0473     4.6384 -9.990e-29
        127      1.783    15.1195    15.1080   2.874394   2.888143     2.2218     2.2946     0.0046  0.1578439      1.766    22.3701    22.4945     5.0467     4.6384 -9.990e-29
        128      1.781    15.1195    15.1083   2.874245   2.888096     2.2214     2.2943     0.0046  0.1578685      1.764    22.3688    22.4939     5.0459     4.6381 -9.990e-29
        129      1.778    15.1194    15.1084   2.874078   2.888021     2.2211     2.2940     0.0046  0.1578804      1.761    22.3674    22.4932     5.0453     4.6380 -9.990e-29
        130      1.776    15.1193    15.1084   2.873900   2.887924     2.2208     2.2937     0.0046  0.1578787      1.759    22.3659    22.4924     5.0448     4.6380 -9.990e-29
        131      1.774    15.1191    15.1083   2.873717   2.887809     2.2204     2.2934     0.0046  0.1578617      1.757    22.3645    22.4914     5.0440     4.6381 -9.990e-29
        132      1.772    15.1189    15.1081   2.873534   2.887683     2.2201     2.2932     0.0046  0.1578295      1.755    22.3630    22.4905     5.0435     4.6386 -9.990e-29
        133      1.770    15.1186    15.1077   2.873356   2.887553     2.2198     2.2929     0.0046  0.1577833      1.753    22.3617    22.4896     5.0430     4.6389 -9.990e-29
        134      1.769    15.1182    15.1072   2.873186   2.887424     2.2195     2.2927     0.0046  0.1577238      1.752    22.3605    22.4888     5.0425     4.6396 -9.990e-29
        135      1.767    15.1177    15.1066   2.873029   2.887300     2.2192     2.2925     0.0046  0.1576505      1.750    22.3594    22.4881     5.0421     4.6404 -9.990e-29
        136      1.766    15.1172    15.1059   2.872887   2.887185     2.2189     2.2923     0.0046  0.1575620      1.749    22.3585    22.4875     5.0417     4.6412 -9.990e-29
        137      1.765    15.1166    15.1050   2.872765   2.887081     2.2186     2.2921     0.0046  0.1574570      1.748    22.3578    22.4871     5.0412     4.6422 -9.990e-29
        138      1.764    15.1160    15.1039   2.872665   2.886990     2.2183     2.2920     0.0046  0.1573355      1.748    22.3572    22.4869     5.0408     4.6434 -9.990e-29
        139      1.763    15.1153    15.1028   2.872588   2.886913     2.2180     2.2918     0.0046  0.1571975      1.747    22.3570    22.4869     5.0404     4.6445 -9.990e-29
        140      1.763    15.1147    15.1016   2.872534   2.886850     2.2177     2.2917     0.0046  0.1570413      1.747    22.3569    22.4871     5.0400     4.6460 -9.990e-29
        141      1.763    15.1140    15.1004   2.872506   2.886802     2.2174     2.2916     0.0046  0.1568682      1.747    22.3570    22.4873     5.0397     4.6475 -9.990e-29
        142      1.762    15.1134    15.0993   2.872503   2.886772     2.2171     2.2915     0.0044  0.1566890      1.746    22.3573    22.4877     5.0393     4.6490 -9.990e-29
        143      1.762    15.1129    15.0982   2.872527   2.886761     2.2168     2.2915     0.0044  0.1565160      1.746    22.3578    22.4882     5.0389     4.6508 -9.990e-29
        144      1.762    15.1124    15.0972   2.872577   2.886770     2.2166     2.2915     0.0044  0.1563540      1.746    22.3585    22.4889     5.0388     4.6526 -9.990e-29
        145      1.762    15.1120    15.0964   2.872653   2.886802     2.2163     2.2915     0.0044  0.1562026      1.746    22.3594    22.4896     5.0383     4.6545 -9.990e-29
        146      1.762    15.1118    15.0957   2.872755   2.886856     2.2161     2.2915     0.0044  0.1560609      1.746    22.3604    22.4905     5.0382     4.6564 -9.990e-29
        147      1.762    15.1116    15.0951   2.872879   2.886933     2.2158     2.2915     0.0044  0.1559278      1.746    22.3616    22.4915     5.0377     4.6583 -9.990e-29
        148      1.762    15.1116    15.0948   2.873023   2.887031     2.2156     2.2916     0.0044  0.1558024      1.746    22.3628    22.4925     5.0375     4.6604 -9.990e-29
        149      1.761    15.1117    15.0947   2.873182   2.887149     2.2153     2.2917     0.0044  0.1556839      1.745    22.3641    22.4936     5.0370     4.6625 -9.990e-29
        150      1.761    15.1120    15.0948   2.873352   2.887285     2.2151     2.2918     0.0044  0.1555713      1.745    22.3654    22.4947     5.0368     4.6646 -9.990e-29
        151      1.760    15.1123    15.0951   2.873527   2.887436     2.2149     2.2920     0.0044  0.1554640      1.744    22.3667    22.4958     5.0365     4.6670 -9.990e-29
        152      1.760    15.1128    15.0957   2.873705   2.887598     2.2147     2.2921     0.0044  0.1553612      1.744    22.3680    22.4968     5.0363     4.6691 -9.990e-29
        153      1.759    15.1134    15.0965   2.873882   2.887769     2.2144     2.2923     0.0044  0.1552613      1.743    22.3692    22.4979     5.0357     4.6714 -9.990e-29
        154      1.758    15.1140    15.0976   2.874054   2.887945     2.2142     2.2925     0.0044  0.1551628      1.742    22.3703    22.4987     5.0354     4.6737 -9.990e-29
        155      1.757    15.1146    15.0988   2.874220   2.888121     2.2140     2.2927     0.0044  0.1550658      1.741    22.3714    22.4996     5.0351     4.6760 -9.990e-29
        156      1.755    15.1153    15.1001   2.874374   2.888292     2.2137     2.2929     0.0044  0.1549697      1.739    22.3723    22.5003     5.0346     4.6782 -9.990e-29
        157      1.754    15.1159    15.1014   2.874514   2.888457     2.2135     2.2931     0.0044  0.1548729      1.738    22.3731    22.5010     5.0343     4.6804 -9.990e-29
        158      1.753    15.1165    15.1027   2.874637   2.888611     2.2133     2.2934     0.0044  0.1547756      1.737    22.3739    22.5015     5.0341     4.6828 -9.990e-29
        159      1.751    15.1170    15.1040   2.874741   2.888754     2.2130     2.2937     0.0044  0.1546781      1.735    22.3745    22.5020     5.0336     4.6852 -9.990e-29
        160      1.750    15.1175    15.1052   2.874824   2.888884     2.2128     2.2939     0.0044  0.1545795      1.734    22.3749    22.5024     5.0333     4.6874 -9.990e-29
        161      1.748    15.1180    15.1063   2.874885   2.888999     2.2126     2.2942     0.0044  0.1544793      1.732    22.3751    22.5028     5.0332     4.6898 -9.990e-29
        162      1.746    15.1184    15.1074   2.874924   2.889096     2.2124     2.2945     0.0044  0.1543759      1.730    22.3752    22.5030     5.0330     4.6921 -9.990e-29
        163      1.745    15.1188    15.1083   2.874940   2.889174     2.2121     2.2949     0.0044  0.1542669      1.729    22.3752    22.5032     5.0326     4.6947 -9.990e-29
        164      1.743    15.1191    15.1091   2.874932   2.889231     2.2119     2.2952     0.0044  0.1541514      1.727    22.3749    22.5032     5.0325     4.6969 -9.990e-29
        165      1.741    15.1193    15.1098   2.874901   2.889266     2.2117     2.2956     0.0044  0.1540305      1.725    22.3745    22.5031     5.0324     4.6994 -9.990e-29
        166      1.740    15.1195    15.1104   2.874846   2.889280     2.2115     2.2959     0.0044  0.1539041      1.724    22.3739    22.5029     5.0323     4.7016 -9.990e-29
        167      1.738    15.1197    15.1109   2.874767   2.889273     2.2113     2.2963     0.0042  0.1537747      1.722    22.3732    22.5025     5.0322     4.7040 -9.990e-29
        168      1.736    15.1198    15.1113   2.874667   2.889244     2.2111     2.2967     0.0038  0.1536499      1.720    22.3722    22.5020     5.0322     4.7064 -9.990e-29
        169      1.735    15.1199    15.1115   2.874546   2.889193     2.2109     2.2971     0.0042  0.1535357      1.719    22.3712    22.5015     5.0322     4.7087 -9.990e-29
        170      1.733    15.1199    15.1117   2.874407   2.889122     2.2107     2.2976     0.0038  0.1534329      1.717    22.3700    22.5008     5.0322     4.7112 -9.990e-29
        171      1.732    15.1199    15.1118   2.874251   2.889030     2.2105     2.2980     0.0042  0.1533400      1.716    22.3686    22.4999     5.0322     4.7134 -9.990e-29
        172      1.730    15.1198    15.1117   2.874082   2.888919     2.2103     2.2985     0.0042  0.1532556      1.714    22.3672    22.4990     5.0322     4.7158 -9.990e-29
        173      1.729    15.1196    15.1116   2.873903   2.888792     2.2101     2.2989     0.0038  0.1531798      1.713    22.3658    22.4980     5.0323     4.7178 -9.990e-29
        174      1.727    15.1195    15.1114   2.873717   2.888651     2.2099     2.2994     0.0040  0.1531129      1.711    22.3643    22.4969     5.0323     4.7201 -9.990e-29
        175      1.726    15.1192    15.1110   2.873528   2.888501     2.2097     2.2999     0.0042  0.1530546      1.710    22.3628    22.4958     5.0324     4.7223 -9.990e-29
        176      1.725    15.1189    15.1105   2.873339   2.888344     2.2096     2.3005     0.0038  0.1530035      1.709    22.3614    22.4948     5.0328     4.7246 -9.990e-29
        177      1.723    15.1185    15.1100   2.873154   2.888184     2.2094     2.3010     0.0042  0.1529577      1.707    22.3600    22.4937     5.0329     4.7266 -9.990e-29
        178      1.722    15.1181    15.1093   2.872976   2.888026     2.2093     2.3015     0.0038  0.1529159      1.706    22.3587    22.4927     5.0333     4.7286 -9.990e-29
        179      1.721    15.1176    15.1084   2.872807   2.887872     2.2091     2.3021     0.0042  0.1528786      1.705    22.3576    22.4919     5.0334     4.7307 -9.990e-29
        180      1.720    15.1171    15.1075   2.872650   2.887726     2.2090     2.3026     0.0038  0.1528466      1.704    22.3565    22.4912     5.0338     4.7324 -9.990e-29
