code/data/2021/ctd_data_day1/Station 6 210921_ctm_fil_le_der.cnv
* Sea-Bird SBE 9 Data File:
* FileName = C:\Users\CTD-User\Desktop\MAR440\Station 6 210921.hex
* Software Version Seasave V 7.26.2.13
* Temperature SN = 6313
* Conductivity SN = 4758
* Number of Bytes Per Scan = 30
* Number of Voltage Words = 4
* Number of Scans Averaged by the Deck Unit = 1
* NMEA baud rate = 4800
** Ship:
** Station:
** Operator:
# nquan = 16                                
# nvalues = 4130                        
# units = specified
# name 0 = scan: Scan Count
# name 1 = prDM: Pressure, Digiquartz [db]
# name 2 = t090C: Temperature [ITS-90, deg C]
# name 3 = t190C: Temperature, 2 [ITS-90, deg C]
# name 4 = c0S/m: Conductivity [S/m]
# name 5 = c1S/m: Conductivity, 2 [S/m]
# name 6 = sbeox0V: Oxygen raw, SBE 43 [V]
# name 7 = sbeox1V: Oxygen raw, SBE 43, 2 [V]
# name 8 = flECO-AFL: Fluorescence, WET Labs ECO-AFL/FL [mg/m^3]
# name 9 = upoly0: Upoly 0, Turbidity
# name 10 = depSM: Depth [salt water, m], lat = 59
# name 11 = sal00: Salinity, Practical [PSU]
# name 12 = sal11: Salinity, Practical, 2 [PSU]
# name 13 = sbeox0ML/L: Oxygen, SBE 43 [ml/l], WS = 2
# name 14 = sbeox1ML/L: Oxygen, SBE 43, 2 [ml/l], WS = 2
# name 15 = flag: flag
# span 0 =          1,       4130       
# span 1 =      0.401,     37.705       
# span 2 =     6.5339,    15.9700       
# span 3 =     6.5228,    15.9659       
# span 4 =   2.889567,   3.739249       
# span 5 =   2.889377,   3.740329       
# span 6 =     0.4861,     2.7979       
# span 7 =     0.5457,     2.7563       
# span 8 =     0.0033,     0.0189       
# span 9 =  0.0862693,  0.1633834       
# span 10 =      0.397,     37.349      
# span 11 =    22.2373,    32.3025      
# span 12 =    22.3205,    32.3270      
# span 13 =    -0.1043,     6.7939      
# span 14 =     0.2100,     5.8327      
# span 15 = 0.0000e+00, 0.0000e+00      
# interval = seconds: 0.0416667
# start_time = Sep 21 2021 10:55:39 [System UTC, header]
# bad_flag = -9.990e-29
*END*
          1      1.492    14.9538    14.8992   2.903222   2.891623     2.6049     2.2406     0.0044  0.1561203      1.478    22.7130    22.6446     6.2392     4.5369 -9.990e-29
          2      1.493    14.9539    14.8994   2.903051   2.891579     2.6035     2.2399     0.0044  0.1561060      1.479    22.7114    22.6441     6.2351     4.5351 -9.990e-29
          3      1.494    14.9540    14.8995   2.902866   2.891530     2.6021     2.2393     0.0044  0.1560905      1.480    22.7098    22.6436     6.2310     4.5335 -9.990e-29
          4      1.494    14.9541    14.8996   2.902670   2.891479     2.6006     2.2385     0.0044  0.1560728      1.480    22.7080    22.6431     6.2265     4.5315 -9.990e-29
          5      1.495    14.9542    14.8997   2.902465   2.891424     2.5990     2.2378     0.0044  0.1560519      1.481    22.7062    22.6426     6.2218     4.5297 -9.990e-29
          6      1.495    14.9542    14.8996   2.902252   2.891367     2.5973     2.2370     0.0044  0.1560285      1.481    22.7044    22.6421     6.2168     4.5277 -9.990e-29
          7      1.496    14.9543    14.8995   2.902035   2.891307     2.5955     2.2361     0.0044  0.1560034      1.482    22.7024    22.6417     6.2115     4.5254 -9.990e-29
          8      1.496    14.9543    14.8992   2.901817   2.891245     2.5937     2.2353     0.0044  0.1559763      1.482    22.7006    22.6413     6.2062     4.5234 -9.990e-29
          9      1.497    14.9543    14.8989   2.901598   2.891182     2.5919     2.2344     0.0044  0.1559462      1.483    22.6987    22.6410     6.2009     4.5211 -9.990e-29
         10      1.497    14.9543    14.8984   2.901382   2.891118     2.5900     2.2335     0.0044  0.1559121      1.483    22.6968    22.6407     6.1953     4.5188 -9.990e-29
         11      1.498    14.9542    14.8978   2.901170   2.891055     2.5880     2.2326     0.0044  0.1558736      1.484    22.6950    22.6405     6.1894     4.5166 -9.990e-29
         12      1.498    14.9542    14.8972   2.900965   2.890991     2.5860     2.2316     0.0044  0.1558315      1.484    22.6933    22.6403     6.1835     4.5141 -9.990e-29
         13      1.498    14.9541    14.8964   2.900767   2.890929     2.5840     2.2306     0.0044  0.1557888      1.484    22.6916    22.6402     6.1776     4.5116 -9.990e-29
         14      1.499    14.9540    14.8955   2.900579   2.890868     2.5820     2.2296     0.0044  0.1557494      1.485    22.6901    22.6402     6.1717     4.5091 -9.990e-29
         15      1.499    14.9538    14.8945   2.900401   2.890809     2.5799     2.2286     0.0044  0.1557156      1.485    22.6887    22.6403     6.1655     4.5066 -9.990e-29
         16      1.499    14.9537    14.8934   2.900234   2.890751     2.5778     2.2276     0.0044  0.1556872      1.485    22.6873    22.6404     6.1593     4.5042 -9.990e-29
         17      1.500    14.9536    14.8921   2.900079   2.890694     2.5757     2.2266     0.0044  0.1556632      1.486    22.6860    22.6407     6.1531     4.5017 -9.990e-29
         18      1.500    14.9534    14.8908   2.899938   2.890639     2.5735     2.2255     0.0044  0.1556433      1.486    22.6849    22.6410     6.1466     4.4990 -9.990e-29
         19      1.501    14.9533    14.8894   2.899812   2.890586     2.5714     2.2245     0.0044  0.1556275      1.487    22.6839    22.6413     6.1404     4.4966 -9.990e-29
         20      1.502    14.9531    14.8878   2.899703   2.890534     2.5693     2.2234     0.0044  0.1556155      1.488    22.6830    22.6418     6.1342     4.4939 -9.990e-29
         21      1.502    14.9530    14.8861   2.899611   2.890483     2.5671     2.2223     0.0044  0.1556066      1.488    22.6823    22.6423     6.1277     4.4912 -9.990e-29
         22      1.503    14.9528    14.8842   2.899537   2.890433     2.5649     2.2212     0.0044  0.1556006      1.489    22.6818    22.6430     6.1212     4.4885 -9.990e-29
         23      1.503    14.9527    14.8823   2.899480   2.890384     2.5628     2.2201     0.0044  0.1555984      1.489    22.6814    22.6437     6.1149     4.4859 -9.990e-29
         24      1.504    14.9525    14.8802   2.899440   2.890335     2.5606     2.2190     0.0044  0.1555998      1.490    22.6811    22.6445     6.1084     4.4832 -9.990e-29
         25      1.505    14.9524    14.8781   2.899418   2.890287     2.5585     2.2179     0.0044  0.1556050      1.491    22.6810    22.6453     5.8203     4.3667 -9.990e-29
         26      1.505    14.9522    14.8760   2.899413   2.890240     2.5563     2.2168     0.0044  0.1556131      1.491    22.6811    22.6461     5.8126     4.3632 -9.990e-29
         27      1.506    14.9521    14.8739   2.899425   2.890194     2.5541     2.2157     0.0044  0.1556233      1.492    22.6812    22.6469     5.8051     4.3599 -9.990e-29
         28      1.506    14.9520    14.8719   2.899455   2.890149     2.5520     2.2146     0.0044  0.1556358      1.492    22.6815    22.6477     5.7981     4.3566 -9.990e-29
         29      1.506    14.9519    14.8700   2.899502   2.890106     2.5498     2.2135     0.0044  0.1556505      1.492    22.6820    22.6484     5.7910     4.3533 -9.990e-29
         30      1.506    14.9518    14.8683   2.899567   2.890065     2.5476     2.2124     0.0044  0.1556676      1.492    22.6826    22.6490     5.7840     4.3502 -9.990e-29
         31      1.507    14.9517    14.8668   2.899650   2.890026     2.5455     2.2113     0.0044  0.1556880      1.493    22.6834    22.6495     5.7775     4.3470 -9.990e-29
         32      1.507    14.9517    14.8655   2.899749   2.889989     2.5433     2.2102     0.0044  0.1557128      1.493    22.6843    22.6500     5.7709     4.3439 -9.990e-29
         33      1.507    14.9516    14.8644   2.899863   2.889954     2.5411     2.2091     0.0044  0.1557421      1.493    22.6853    22.6503     5.7643     4.3409 -9.990e-29
         34      1.507    14.9516    14.8636   2.899990   2.889921     2.5390     2.2080     0.0044  0.1557761      1.493    22.6864    22.6505     5.7582     4.3379 -9.990e-29
         35      1.507    14.9516    14.8631   2.900126   2.889891     2.5369     2.2069     0.0044  0.1558143      1.493    22.6876    22.6505     5.7522     4.3349 -9.990e-29
         36      1.507    14.9515    14.8628   2.900266   2.889862     2.5347     2.2058     0.0044  0.1558559      1.493    22.6888    22.6504     5.7460     4.3319 -9.990e-29
         37      1.507    14.9515    14.8629   2.900408   2.889835     2.5326     2.2047     0.0044  0.1559014      1.493    22.6900    22.6501     5.7402     4.3289 -9.990e-29
         38      1.507    14.9515    14.8633   2.900549   2.889811     2.5305     2.2035     0.0044  0.1559502      1.493    22.6913    22.6497     5.7345     4.3257 -9.990e-29
         39      1.507    14.9516    14.8641   2.900686   2.889788     2.5283     2.2024     0.0044  0.1560000      1.493    22.6924    22.6490     5.7285     4.3228 -9.990e-29
         40      1.507    14.9516    14.8654   2.900817   2.889767     2.5262     2.2013     0.0044  0.1560479      1.493    22.6935    22.6481     5.7229     4.3198 -9.990e-29
         41      1.506    14.9516    14.8669   2.900941   2.889749     2.5241     2.2002     0.0044  0.1560915      1.492    22.6946    22.6471     5.7174     4.3169 -9.990e-29
         42      1.506    14.9516    14.8688   2.901056   2.889732     2.5220     2.1991     0.0044  0.1561313      1.492    22.6956    22.6458     5.7120     4.3140 -9.990e-29
         43      1.506    14.9517    14.8709   2.901163   2.889715     2.5199     2.1979     0.0044  0.1561691      1.492    22.6964    22.6445     5.7065     4.3108 -9.990e-29
         44      1.505    14.9518    14.8731   2.901263   2.889698     2.5179     2.1968     0.0044  0.1562062      1.491    22.6972    22.6431     5.7015     4.3079 -9.990e-29
         45      1.505    14.9518    14.8755   2.901356   2.889681     2.5158     2.1957     0.0044  0.1562418      1.491    22.6980    22.6415     5.6962     4.3050 -9.990e-29
         46      1.505    14.9519    14.8778   2.901442   2.889663     2.5137     2.1946     0.0044  0.1562755      1.491    22.6987    22.6400     5.6909     4.3021 -9.990e-29
         47      1.505    14.9520    14.8803   2.901523   2.889644     2.5117     2.1935     0.0044  0.1563074      1.491    22.6994    22.6384     5.6860     4.2992 -9.990e-29
         48      1.504    14.9521    14.8827   2.901601   2.889624     2.5096     2.1924     0.0044  0.1563377      1.490    22.7000    22.6369     5.6808     4.2964 -9.990e-29
         49      1.504    14.9522    14.8851   2.901678   2.889603     2.5076     2.1913     0.0044  0.1563667      1.490    22.7006    22.6353     5.6759     4.2935 -9.990e-29
         50      1.504    14.9523    14.8874   2.901755   2.889580     2.5055     2.1902     0.0044  0.1563946      1.490    22.7012    22.6338     5.6708     4.2907 -9.990e-29
         51      1.504    14.9525    14.8897   2.901836   2.889558     2.5035     2.1891     0.0044  0.1564224      1.490    22.7018    22.6323     5.6661     4.2879 -9.990e-29
         52      1.504    14.9526    14.8919   2.901923   2.889535     2.5015     2.1880     0.0044  0.1564512      1.490    22.7025    22.6308     5.6613     4.2851 -9.990e-29
         53      1.504    14.9527    14.8940   2.902019   2.889514     2.4994     2.1869     0.0044  0.1564803      1.490    22.7032    22.6294     5.6563     4.2823 -9.990e-29
         54      1.504    14.9529    14.8960   2.902124   2.889493     2.4974     2.1858     0.0044  0.1565090      1.490    22.7040    22.6281     5.6516     4.2795 -9.990e-29
         55      1.505    14.9530    14.8979   2.902236   2.889474     2.4954     2.1847     0.0042  0.1565385      1.491    22.7049    22.6268     5.6470     4.2768 -9.990e-29
         56      1.505    14.9532    14.8997   2.902354   2.889456     2.4934     2.1836     0.0044  0.1565697      1.491    22.7058    22.6256     5.6423     4.2740 -9.990e-29
         57      1.505    14.9533    14.9013   2.902476   2.889440     2.4915     2.1825     0.0044  0.1566021      1.491    22.7068    22.6245     5.6380     4.2713 -9.990e-29
         58      1.505    14.9535    14.9029   2.902600   2.889425     2.4895     2.1814     0.0044  0.1566350      1.491    22.7078    22.6235     5.6334     4.2686 -9.990e-29
         59      1.506    14.9537    14.9043   2.902724   2.889412     2.4876     2.1803     0.0044  0.1566686      1.492    22.7087    22.6226     5.6291     4.2659 -9.990e-29
         60      1.506    14.9539    14.9057   2.902848   2.889400     2.4856     2.1792     0.0044  0.1567032      1.492    22.7097    22.6217     5.6246     4.2632 -9.990e-29
         61      1.507    14.9541    14.9070   2.902971   2.889391     2.4837     2.1781     0.0044  0.1567398      1.493    22.7106    22.6208     5.6204     4.2606 -9.990e-29
         62      1.507    14.9543    14.9081   2.903094   2.889384     2.4818     2.1771     0.0044  0.1567796      1.493    22.7116    22.6201     5.6162     4.2582 -9.990e-29
         63      1.508    14.9545    14.9092   2.903215   2.889379     2.4799     2.1760     0.0044  0.1568220      1.494    22.7125    22.6195     5.6120     4.2555 -9.990e-29
         64      1.509    14.9547    14.9103   2.903335   2.889377     2.4780     2.1749     0.0044  0.1568648      1.495    22.7134    22.6188     5.6078     4.2529 -9.990e-29
         65      1.509    14.9549    14.9113   2.903454   2.889377     2.4762     2.1739     0.0044  0.1569048      1.495    22.7143    22.6182     5.6040     4.2505 -9.990e-29
         66      1.510    14.9551    14.9122   2.903571   2.889379     2.4743     2.1728     0.0044  0.1569397      1.496    22.7152    22.6177     5.5998     4.2479 -9.990e-29
         67      1.511    14.9553    14.9130   2.903685   2.889385     2.4725     2.1717     0.0044  0.1569691      1.497    22.7161    22.6173     5.5960     4.2452 -9.990e-29
         68      1.512    14.9555    14.9139   2.903797   2.889394     2.4706     2.1707     0.0044  0.1569930      1.498    22.7169    22.6169     5.5919     4.2429 -9.990e-29
         69      1.513    14.9557    14.9147   2.903905   2.889407     2.4688     2.1696     0.0044  0.1570125      1.499    22.7177    22.6165     5.5881     4.2402 -9.990e-29
         70      1.514    14.9559    14.9154   2.904008   2.889424     2.4670     2.1686     0.0044  0.1570285      1.500    22.7185    22.6163     5.5844     4.2379 -9.990e-29
         71      1.515    14.9560    14.9162   2.904108   2.889445     2.4652     2.1675     0.0044  0.1570404      1.501    22.7193    22.6160     5.5806     4.2352 -9.990e-29
         72      1.516    14.9562    14.9169   2.904204   2.889471     2.4634     2.1665     0.0044  0.1570474      1.502    22.7200    22.6158     5.5769     4.2329 -9.990e-29
         73      1.517    14.9563    14.9176   2.904296   2.889500     2.4616     2.1654     0.0044  0.1570494      1.503    22.7208    22.6156     5.5732     4.2303 -9.990e-29
         74      1.519    14.9565    14.9184   2.904384   2.889535     2.4599     2.1644     0.0044  0.1570466      1.505    22.7214    22.6155     5.5698     4.2280 -9.990e-29
         75      1.520    14.9566    14.9191   2.904468   2.889575     2.4581     2.1633     0.0044  0.1570389      1.506    22.7221    22.6154     5.5660     4.2254 -9.990e-29
         76      1.522    14.9567    14.9199   2.904550   2.889620     2.4564     2.1623     0.0044  0.1570263      1.508    22.7227    22.6154     5.5626     4.2231 -9.990e-29
         77      1.523    14.9567    14.9207   2.904629   2.889671     2.4547     2.1613     0.0044  0.1570086      1.509    22.7234    22.6153     5.5593     4.2207 -9.990e-29
         78      1.526    14.9568    14.9214   2.904707   2.889729     2.4530     2.1602     0.0044  0.1569858      1.512    22.7240    22.6154     5.5558     4.2182 -9.990e-29
         79      1.528    14.9568    14.9222   2.904784   2.889793     2.4513     2.1592     0.0044  0.1569585      1.514    22.7247    22.6155     5.5524     4.2158 -9.990e-29
         80      1.530    14.9569    14.9228   2.904861   2.889865     2.4496     2.1581     0.0044  0.1569274      1.516    22.7253    22.6158     5.5490     4.2133 -9.990e-29
         81      1.533    14.9569    14.9234   2.904938   2.889946     2.4479     2.1571     0.0044  0.1568915      1.519    22.7259    22.6161     5.5456     4.2110 -9.990e-29
         82      1.535    14.9569    14.9239   2.905017   2.890035     2.4463     2.1561     0.0044  0.1568504      1.521    22.7266    22.6166     5.5426     4.2087 -9.990e-29
         83      1.538    14.9569    14.9243   2.905099   2.890135     2.4447     2.1551     0.0044  0.1568047      1.524    22.7273    22.6172     5.5395     4.2065 -9.990e-29
         84      1.542    14.9569    14.9246   2.905184   2.890245     2.4430     2.1540     0.0044  0.1567533      1.528    22.7281    22.6180     5.5361     4.2040 -9.990e-29
         85      1.545    14.9569    14.9248   2.905275   2.890368     2.4414     2.1530     0.0044  0.1566950      1.531    22.7288    22.6190     5.5330     4.2017 -9.990e-29
         86      1.549    14.9568    14.9250   2.905373   2.890504     2.4398     2.1520     0.0044  0.1566303      1.535    22.7297    22.6200     5.5300     4.1995 -9.990e-29
         87      1.553    14.9568    14.9250   2.905480   2.890654     2.4382     2.1510     0.0044  0.1565594      1.538    22.7307    22.6213     5.5269     4.1973 -9.990e-29
         88      1.558    14.9567    14.9249   2.905598   2.890820     2.4366     2.1499     0.0044  0.1564811      1.543    22.7317    22.6228     5.5239     4.1949 -9.990e-29
         89      1.563    14.9566    14.9249   2.905728   2.891004     2.4351     2.1489     0.0044  0.1563973      1.548    22.7329    22.6244     5.5211     4.1927 -9.990e-29
         90      1.568    14.9565    14.9247   2.905873   2.891206     2.4335     2.1479     0.0044  0.1563152      1.553    22.7342    22.6262     5.5182     4.1906 -9.990e-29
