code/data/2021/ctd_data_day1/Station 2ex 210921_ctm_fil.cnv
* Sea-Bird SBE 9 Data File:
* FileName = C:\Users\CTD-User\Desktop\MAR440\Station 2ex 210921.hex
* Software Version Seasave V 7.26.2.13
* Temperature SN = 6313
* Conductivity SN = 4758
* Number of Bytes Per Scan = 30
* Number of Voltage Words = 4
* Number of Scans Averaged by the Deck Unit = 1
* NMEA baud rate = 4800
** Ship:
** Station:
** Operator:
# nquan = 11
# nvalues = 3819                        
# units = specified
# name 0 = scan: Scan Count
# name 1 = prDM: Pressure, Digiquartz [db]
# name 2 = t090C: Temperature [ITS-90, deg C]
# name 3 = t190C: Temperature, 2 [ITS-90, deg C]
# name 4 = c0S/m: Conductivity [S/m]
# name 5 = c1S/m: Conductivity, 2 [S/m]
# name 6 = sbeox0V: Oxygen raw, SBE 43 [V]
# name 7 = sbeox1V: Oxygen raw, SBE 43, 2 [V]
# name 8 = flECO-AFL: Fluorescence, WET Labs ECO-AFL/FL [mg/m^3]
# name 9 = upoly0: Upoly 0, Turbidity
# name 10 = flag:  0.000e+00
# span 0 =          1,       3819       
# span 1 =      0.334,     23.962       
# span 2 =    13.0502,    16.1228       
# span 3 =    13.0462,    16.1243       
# span 4 =   2.856028,   3.797037       
# span 5 =   2.858521,   3.795947       
# span 6 =     0.9332,     2.9217       
# span 7 =     1.0319,     2.8775       
# span 8 =     0.0033,     0.0101       
# span 9 =  0.0875356,  0.2323405       
# span 10 = 0.0000e+00, 0.0000e+00      
# interval = seconds: 0.0416667
# start_time = Sep 21 2021 11:43:06 [System UTC, header]
# bad_flag = -9.990e-29
*END*
[from data line 1181]
       1182      1.399    14.7459    14.7447   2.899195   2.900062     2.8053     2.8207     0.0051  0.2006878 0.0000e+00
       1183      1.385    14.7438    14.7465   2.898905   2.900368     2.8061     2.8213     0.0051  0.2007241 0.0000e+00
       1184      1.371    14.7418    14.7483   2.898610   2.900673     2.8070     2.8220     0.0051  0.2007654 0.0000e+00
       1185      1.358    14.7399    14.7499   2.898312   2.900959     2.8078     2.8226     0.0051  0.2008129 0.0000e+00
       1186      1.346    14.7379    14.7514   2.898011   2.901214     2.8087     2.8232     0.0051  0.2008678 0.0000e+00
       1187      1.335    14.7358    14.7529   2.897701   2.901436     2.8096     2.8238     0.0051  0.2009305 0.0000e+00
       1188      1.323    14.7334    14.7541   2.897369   2.901625     2.8104     2.8244     0.0051  0.2010014 0.0000e+00
       1189      1.312    14.7307    14.7552   2.897002   2.901781     2.8113     2.8250     0.0051  0.2010809 0.0000e+00
       1190      1.302    14.7278    14.7561   2.896595   2.901902     2.8121     2.8255     0.0051  0.2011697 0.0000e+00
       1191      1.292    14.7247    14.7568   2.896152   2.901990     2.8130     2.8261     0.0051  0.2012684 0.0000e+00
       1192      1.282    14.7215    14.7573   2.895686   2.902049     2.8138     2.8266     0.0051  0.2013776 0.0000e+00
       1193      1.272    14.7183    14.7577   2.895209   2.902082     2.8147     2.8271     0.0051  0.2014981 0.0000e+00
       1194      1.263    14.7151    14.7579   2.894733   2.902093     2.8155     2.8276     0.0051  0.2016308 0.0000e+00
       1195      1.255    14.7121    14.7580   2.894264   2.902086     2.8164     2.8281     0.0051  0.2017765 0.0000e+00
       1196      1.246    14.7092    14.7580   2.893807   2.902060     2.8172     2.8286     0.0051  0.2019363 0.0000e+00
       1197      1.238    14.7063    14.7579   2.893364   2.902013     2.8180     2.8291     0.0051  0.2021113 0.0000e+00
       1198      1.230    14.7036    14.7575   2.892936   2.901942     2.8188     2.8295     0.0051  0.2023028 0.0000e+00
       1199      1.222    14.7011    14.7571   2.892526   2.901843     2.8196     2.8300     0.0051  0.2025128 0.0000e+00
       1200      1.215    14.6986    14.7564   2.892136   2.901713     2.8204     2.8304     0.0051  0.2027437 0.0000e+00
       1201      1.208    14.6964    14.7555   2.891770   2.901552     2.8212     2.8309     0.0051  0.2029963 0.0000e+00
       1202      1.202    14.6944    14.7543   2.891431   2.901356     2.8219     2.8313     0.0051  0.2032714 0.0000e+00
       1203      1.195    14.6925    14.7530   2.891122   2.901127     2.8227     2.8317     0.0051  0.2035710 0.0000e+00
       1204      1.189    14.6909    14.7513   2.890842   2.900863     2.8234     2.8322     0.0051  0.2038972 0.0000e+00
       1205      1.183    14.6894    14.7495   2.890590   2.900566     2.8242     2.8326     0.0051  0.2042523 0.0000e+00
       1206      1.177    14.6881    14.7474   2.890361   2.900236     2.8249     2.8330     0.0051  0.2046395 0.0000e+00
       1207      1.172    14.6869    14.7450   2.890152   2.899875     2.8256     2.8334     0.0051  0.2050623 0.0000e+00
       1208      1.167    14.6857    14.7425   2.889959   2.899485     2.8263     2.8338     0.0051  0.2055230 0.0000e+00
       1209      1.162    14.6847    14.7398   2.889780   2.899072     2.8270     2.8342     0.0051  0.2060221 0.0000e+00
       1210      1.157    14.6837    14.7370   2.889613   2.898643     2.8276     2.8346     0.0053  0.2065462 0.0000e+00
       1211      1.152    14.6828    14.7342   2.889454   2.898201     2.8283     2.8350     0.0055  0.2070631 0.0000e+00
       1212      1.148    14.6819    14.7314   2.889301   2.897746     2.8289     2.8354     0.0055  0.2075486 0.0000e+00
       1213      1.144    14.6810    14.7285   2.889153   2.897278     2.8296     2.8357     0.0055  0.2079982 0.0000e+00
       1214      1.140    14.6801    14.7255   2.889007   2.896797     2.8302     2.8361     0.0055  0.2084160 0.0000e+00
       1215      1.137    14.6792    14.7224   2.888859   2.896305     2.8308     2.8365     0.0055  0.2088057 0.0000e+00
       1216      1.134    14.6783    14.7192   2.888708   2.895802     2.8314     2.8368     0.0055  0.2091701 0.0000e+00
       1217      1.131    14.6773    14.7159   2.888551   2.895289     2.8320     2.8372     0.0055  0.2095117 0.0000e+00
       1218      1.128    14.6763    14.7126   2.888387   2.894772     2.8325     2.8375     0.0055  0.2098328 0.0000e+00
       1219      1.126    14.6753    14.7093   2.888220   2.894259     2.8331     2.8379     0.0055  0.2101357 0.0000e+00
       1220      1.124    14.6743    14.7061   2.888052   2.893757     2.8337     2.8382     0.0055  0.2104225 0.0000e+00
       1221      1.123    14.6733    14.7030   2.887885   2.893270     2.8342     2.8385     0.0055  0.2106952 0.0000e+00
       1222      1.121    14.6723    14.7000   2.887722   2.892798     2.8348     2.8388     0.0055  0.2109557 0.0000e+00
       1223      1.120    14.6713    14.6970   2.887561   2.892343     2.8353     2.8391     0.0055  0.2112057 0.0000e+00
       1224      1.119    14.6704    14.6942   2.887401   2.891903     2.8359     2.8394     0.0055  0.2114472 0.0000e+00
       1225      1.119    14.6694    14.6915   2.887241   2.891477     2.8364     2.8397     0.0055  0.2116816 0.0000e+00
       1226      1.119    14.6685    14.6888   2.887082   2.891063     2.8370     2.8400     0.0055  0.2119107 0.0000e+00
       1227      1.119    14.6675    14.6863   2.886926   2.890659     2.8375     2.8403     0.0055  0.2121360 0.0000e+00
       1228      1.119    14.6667    14.6838   2.886776   2.890270     2.8380     2.8405     0.0055  0.2123592 0.0000e+00
       1229      1.119    14.6659    14.6815   2.886634   2.889900     2.8386     2.8408     0.0055  0.2125817 0.0000e+00
       1230      1.120    14.6653    14.6794   2.886503   2.889550     2.8391     2.8410     0.0055  0.2128051 0.0000e+00
       1231      1.120    14.6647    14.6773   2.886384   2.889218     2.8396     2.8412     0.0055  0.2130310 0.0000e+00
       1232      1.121    14.6643    14.6754   2.886276   2.888898     2.8402     2.8414     0.0055  0.2132610 0.0000e+00
       1233      1.121    14.6640    14.6735   2.886180   2.888587     2.8407     2.8416     0.0055  0.2134965 0.0000e+00
       1234      1.122    14.6637    14.6716   2.886092   2.888285     2.8413     2.8418     0.0055  0.2137394 0.0000e+00
       1235      1.123    14.6634    14.6698   2.886011   2.887995     2.8418     2.8419     0.0055  0.2139878 0.0000e+00
       1236      1.123    14.6632    14.6682   2.885930   2.887717     2.8424     2.8420     0.0057  0.2142316 0.0000e+00
       1237      1.124    14.6629    14.6665   2.885847   2.887445     2.8430     2.8422     0.0057  0.2144573 0.0000e+00
       1238      1.124    14.6626    14.6648   2.885760   2.887172     2.8435     2.8423     0.0057  0.2146586 0.0000e+00
       1239      1.124    14.6621    14.6631   2.885661   2.886894     2.8441     2.8424     0.0057  0.2148372 0.0000e+00
       1240      1.124    14.6615    14.6613   2.885544   2.886611     2.8446     2.8425     0.0057  0.2149949 0.0000e+00
       1241      1.124    14.6606    14.6595   2.885395   2.886320     2.8452     2.8426     0.0057  0.2151330 0.0000e+00
       1242      1.124    14.6593    14.6576   2.885204   2.886020     2.8458     2.8426     0.0057  0.2152523 0.0000e+00
       1243      1.124    14.6576    14.6557   2.884968   2.885712     2.8464     2.8427     0.0057  0.2153538 0.0000e+00
       1244      1.123    14.6556    14.6537   2.884684   2.885392     2.8469     2.8428     0.0057  0.2154381 0.0000e+00
       1245      1.122    14.6533    14.6516   2.884362   2.885059     2.8475     2.8428     0.0057  0.2155058 0.0000e+00
       1246      1.121    14.6508    14.6495   2.884016   2.884719     2.8481     2.8429     0.0057  0.2155573 0.0000e+00
       1247      1.120    14.6483    14.6476   2.883668   2.884383     2.8486     2.8429     0.0057  0.2155932 0.0000e+00
       1248      1.119    14.6459    14.6457   2.883333   2.884063     2.8492     2.8430     0.0057  0.2156135 0.0000e+00
       1249      1.117    14.6436    14.6439   2.883016   2.883756     2.8498     2.8430     0.0057  0.2156184 0.0000e+00
       1250      1.115    14.6414    14.6420   2.882717   2.883459     2.8503     2.8430     0.0057  0.2156080 0.0000e+00
       1251      1.113    14.6393    14.6402   2.882434   2.883172     2.8509     2.8431     0.0057  0.2155822 0.0000e+00
       1252      1.111    14.6373    14.6384   2.882167   2.882897     2.8515     2.8431     0.0057  0.2155408 0.0000e+00
       1253      1.108    14.6355    14.6366   2.881918   2.882638     2.8521     2.8431     0.0057  0.2154835 0.0000e+00
       1254      1.105    14.6337    14.6350   2.881688   2.882399     2.8527     2.8431     0.0055  0.2154100 0.0000e+00
       1255      1.102    14.6322    14.6336   2.881477   2.882182     2.8532     2.8432     0.0057  0.2153196 0.0000e+00
       1256      1.099    14.6307    14.6323   2.881283   2.881988     2.8538     2.8432     0.0057  0.2152119 0.0000e+00
       1257      1.095    14.6293    14.6311   2.881100   2.881817     2.8544     2.8433     0.0057  0.2150860 0.0000e+00
       1258      1.091    14.6280    14.6301   2.880923   2.881664     2.8550     2.8433     0.0057  0.2149410 0.0000e+00
       1259      1.087    14.6267    14.6290   2.880751   2.881521     2.8556     2.8434     0.0057  0.2147760 0.0000e+00
       1260      1.083    14.6255    14.6280   2.880585   2.881386     2.8562     2.8435     0.0057  0.2145907 0.0000e+00
       1261      1.079    14.6244    14.6270   2.880429   2.881258     2.8568     2.8435     0.0053  0.2143913 0.0000e+00
       1262      1.074    14.6233    14.6260   2.880283   2.881139     2.8574     2.8436     0.0053  0.2141928 0.0000e+00
       1263      1.069    14.6224    14.6251   2.880151   2.881025     2.8580     2.8437     0.0055  0.2140071 0.0000e+00
       1264      1.065    14.6217    14.6242   2.880035   2.880913     2.8586     2.8438     0.0053  0.2138375 0.0000e+00
       1265      1.060    14.6210    14.6233   2.879938   2.880803     2.8592     2.8439     0.0055  0.2136817 0.0000e+00
       1266      1.054    14.6206    14.6225   2.879861   2.880697     2.8598     2.8440     0.0055  0.2135378 0.0000e+00
       1267      1.048    14.6202    14.6217   2.879801   2.880595     2.8604     2.8441     0.0053  0.2134050 0.0000e+00
       1268      1.042    14.6200    14.6210   2.879756   2.880501     2.8610     2.8443     0.0053  0.2132821 0.0000e+00
       1269      1.036    14.6198    14.6203   2.879721   2.880414     2.8616     2.8444     0.0055  0.2131685 0.0000e+00
       1270      1.029    14.6196    14.6198   2.879691   2.880338     2.8621     2.8446     0.0053  0.2130632 0.0000e+00
       1271      1.022    14.6193    14.6193   2.879656   2.880272     2.8627     2.8448     0.0053  0.2129657 0.0000e+00
       1272      1.015    14.6190    14.6189   2.879609   2.880220     2.8632     2.8450     0.0053  0.2128750 0.0000e+00
       1273      1.007    14.6185    14.6186   2.879548   2.880184     2.8638     2.8451     0.0055  0.2127908 0.0000e+00
       1274      1.000    14.6179    14.6184   2.879470   2.880163     2.8644     2.8453     0.0055  0.2127123 0.0000e+00
       1275      0.992    14.6171    14.6184   2.879374   2.880157     2.8649     2.8455     0.0055  0.2126390 0.0000e+00
       1276      0.985    14.6163    14.6184   2.879263   2.880165     2.8655     2.8458     0.0053  0.2125704 0.0000e+00
       1277      0.977    14.6154    14.6185   2.879140   2.880181     2.8660     2.8460     0.0053  0.2125061 0.0000e+00
       1278      0.968    14.6144    14.6186   2.879011   2.880198     2.8666     2.8463     0.0055  0.2124456 0.0000e+00
       1279      0.960    14.6135    14.6187   2.878881   2.880209     2.8671     2.8465     0.0055  0.2123884 0.0000e+00
       1280      0.952    14.6127    14.6187   2.878755   2.880210     2.8676     2.8468     0.0053  0.2123341 0.0000e+00
       1281      0.943    14.6119    14.6186   2.878634   2.880199     2.8682     2.8471     0.0053  0.2122825 0.0000e+00
       1282      0.934    14.6112    14.6185   2.878522   2.880176     2.8687     2.8474     0.0053  0.2122331 0.0000e+00
       1283      0.925    14.6105    14.6183   2.878420   2.880145     2.8692     2.8477     0.0055  0.2121856 0.0000e+00
       1284      0.916    14.6100    14.6181   2.878331   2.880112     2.8697     2.8480     0.0053  0.2121396 0.0000e+00
       1285      0.906    14.6095    14.6179   2.878253   2.880082     2.8702     2.8483     0.0053  0.2120957 0.0000e+00
       1286      0.896    14.6092    14.6178   2.878188   2.880062     2.8707     2.8487     0.0053  0.2120553 0.0000e+00
       1287      0.886    14.6089    14.6178   2.878134   2.880055     2.8712     2.8490     0.0053  0.2120207 0.0000e+00
       1288      0.876    14.6086    14.6178   2.878089   2.880061     2.8717     2.8494     0.0053  0.2119949 0.0000e+00
       1289      0.866    14.6085    14.6179   2.878052   2.880076     2.8722     2.8497     0.0055  0.2119796 0.0000e+00
       1290      0.855    14.6083    14.6181   2.878020   2.880098     2.8727     2.8501     0.0055  0.2119754 0.0000e+00
       1291      0.845    14.6082    14.6182   2.877992   2.880122     2.8732     2.8505     0.0055  0.2119832 0.0000e+00
       1292      0.834    14.6080    14.6184   2.877963   2.880146     2.8737     2.8508     0.0053  0.2120022 0.0000e+00
       1293      0.823    14.6078    14.6185   2.877932   2.880170     2.8742     2.8512     0.0053  0.2120317 0.0000e+00
       1294      0.812    14.6076    14.6186   2.877893   2.880192     2.8747     2.8515     0.0055  0.2120718 0.0000e+00
       1295      0.802    14.6073    14.6188   2.877847   2.880211     2.8752     2.8519     0.0055  0.2121229 0.0000e+00
       1296      0.791    14.6069    14.6189   2.877794   2.880228     2.8757     2.8522     0.0053  0.2121853 0.0000e+00
       1297      0.780    14.6065    14.6190   2.877735   2.880241     2.8762     2.8526     0.0055  0.2122595 0.0000e+00
       1298      0.770    14.6061    14.6190   2.877671   2.880252     2.8767     2.8529     0.0053  0.2123459 0.0000e+00
       1299      0.759    14.6055    14.6191   2.877599   2.880260     2.8772     2.8532     0.0055  0.2124452 0.0000e+00
       1300      0.749    14.6050    14.6192   2.877518   2.880266     2.8777     2.8535     0.0053  0.2125580 0.0000e+00
       1301      0.738    14.6044    14.6192   2.877429   2.880271     2.8783     2.8538     0.0055  0.2126852 0.0000e+00
       1302      0.728    14.6037    14.6193   2.877333   2.880275     2.8788     2.8541     0.0053  0.2128276 0.0000e+00
       1303      0.718    14.6030    14.6194   2.877232   2.880282     2.8793     2.8544     0.0055  0.2129862 0.0000e+00
       1304      0.707    14.6023    14.6194   2.877129   2.880290     2.8798     2.8547     0.0055  0.2131621 0.0000e+00
       1305      0.697    14.6016    14.6195   2.877028   2.880303     2.8803     2.8550     0.0053  0.2133574 0.0000e+00
       1306      0.687    14.6010    14.6196   2.876934   2.880317     2.8808     2.8553     0.0055  0.2135744 0.0000e+00
       1307      0.677    14.6004    14.6196   2.876846   2.880328     2.8813     2.8556     0.0053  0.2138135 0.0000e+00
       1308      0.667    14.5998    14.6196   2.876763   2.880333     2.8819     2.8559     0.0053  0.2140758 0.0000e+00
       1309      0.657    14.5992    14.6195   2.876687   2.880333     2.8824     2.8562     0.0053  0.2143629 0.0000e+00
       1310      0.647    14.5987    14.6195   2.876619   2.880336     2.8829     2.8566     0.0053  0.2146769 0.0000e+00
       1311      0.638    14.5983    14.6196   2.876558   2.880353     2.8834     2.8569     0.0055  0.2150192 0.0000e+00
