code/data/2021/ctd_data_day1/Station 4ex 210921_ctm_fil_le_der_avg.cnv
* Sea-Bird SBE 9 Data File:
* FileName = C:\Users\CTD-User\Desktop\MAR440\Station 4ex 210921.hex
* Software Version Seasave V 7.26.2.13
* Temperature SN = 6313
* Conductivity SN = 4758
* Number of Bytes Per Scan = 30
* Number of Voltage Words = 4
* Number of Scans Averaged by the Deck Unit = 1
* NMEA baud rate = 4800
** Ship:
** Station:
** Operator:
# nquan = 16
# nvalues = 41                          
# units = specified
# name 0 = scan: Scan Count
# name 1 = prDM: Pressure, Digiquartz [db]
# name 2 = t090C: Temperature [ITS-90, deg C]
# name 3 = t190C: Temperature, 2 [ITS-90, deg C]
# name 4 = c0S/m: Conductivity [S/m]
# name 5 = c1S/m: Conductivity, 2 [S/m]
# name 6 = sbeox0V: Oxygen raw, SBE 43 [V]
# name 7 = sbeox1V: Oxygen raw, SBE 43, 2 [V]
# name 8 = flECO-AFL: Fluorescence, WET Labs ECO-AFL/FL [mg/m^3]
# name 9 = upoly0: Upoly 0, Turbidity
# name 10 = depSM: Depth [salt water, m], lat = 59
# name 11 = sal00: Salinity, Practical [PSU]
# name 12 = sal11: Salinity, Practical, 2 [PSU]
# name 13 = sbeox0ML/L: Oxygen, SBE 43 [ml/l], WS = 2
# name 14 = sbeox1ML/L: Oxygen, SBE 43, 2 [ml/l], WS = 2
# name 15 = flag: flag
# span 0 =       1705,       5562       
# span 1 =      2.019,     42.401       
# span 2 =     7.9917,    15.9083       
# span 3 =     7.9937,    15.4012       
# span 4 =   2.851842,   3.465774       
# span 5 =   2.864378,   3.466698       
# span 6 =     0.4770,     2.1821       
# span 7 =     0.5458,     2.2148       
# span 8 =     0.0036,     0.0139       
# span 9 =  0.0885013,  0.2093990       
# span 10 =      2.000,     42.000      
# span 11 =    21.7990,    32.1406      
# span 12 =    22.1624,    32.1477      
# span 13 =    -0.1242,     4.8210      
# span 14 =     0.2019,     4.3681      
# span 15 = 0.0000e+00, 0.0000e+00      
# interval = meters: 1                  
# start_time = Sep 21 2021 12:21:52 [System UTC, header]
# bad_flag = -9.990e-29
*END*
       1705      2.019    15.0267    15.0896   2.861063   2.889710     2.1467     2.0635     0.0053  0.1905721      2.000    22.3084    22.5184     4.8095     4.0625 0.0000e+00
       1765      3.028    15.0706    15.0739   2.859958   2.883108     2.1341     2.0932     0.0052  0.1977214      3.000    22.2738    22.4704     4.8210     4.2159 0.0000e+00
       1822      4.038    15.1378    15.0031   2.852805   2.868011     2.1220     2.1082     0.0053  0.1973779      4.000    22.1743    22.3810     4.7398     4.1669 0.0000e+00
       1872      5.047    15.3885    14.8472   2.851842   2.864378     2.0933     2.0839     0.0051  0.1832669      5.000    22.0253    22.4386     4.6127     4.1102 0.0000e+00
       1921      6.057    15.5716    15.1512   2.852853   2.865984     2.0663     2.0933     0.0052  0.1716171      6.000    21.9317    22.2790     4.5384     4.2373 0.0000e+00
       1966      7.066    15.7409    15.3215   2.854742   2.867798     2.0517     2.1434     0.0047  0.1465542      7.000    21.8539    22.1980     4.5172     4.3681 0.0000e+00
       2013      8.076    15.8139    15.4012   2.856866   2.868908     2.0490     2.1704     0.0042  0.1131455      8.000    21.8314    22.1624     4.5340     4.3530 0.0000e+00
       2060      9.085    15.9083    15.3680   2.859210   2.869121     2.0547     2.1719     0.0041  0.1026820      9.000    21.7990    22.1826     4.5574     4.3339 0.0000e+00
       3047     10.095    15.3397    14.9837   3.097741   3.100982     2.1821     2.2148     0.0037  0.0960878     10.000    24.2061    24.4264     4.5404     4.1500 0.0000e+00
       4132     11.104    13.9010    13.9343   3.381497   3.382052     2.1047     2.0576     0.0036  0.0906714     11.000    27.6155    27.5962     3.8162     3.3404 0.0000e+00
       4189     12.114    13.3343    13.3826   3.390395   3.389706     1.7833     1.7460     0.0037  0.0908856     12.000    28.1065    28.0646     2.8867     2.5839 0.0000e+00
       4237     13.123    13.0992    13.1219   3.396181   3.396255     1.5365     1.5192     0.0038  0.0913134     13.000    28.3332    28.3170     2.4657     2.2676 0.0000e+00
       4282     14.133    12.7577    12.7644   3.413058   3.413509     1.3911     1.3925     0.0038  0.0910038     14.000    28.7475    28.7466     2.2688     2.1286 0.0000e+00
       4326     15.142    12.2855    12.3013   3.448302   3.447041     1.3022     1.3160     0.0038  0.0901159     15.000    29.4428    29.4184     2.0935     1.9811 0.0000e+00
       4371     16.152    11.8553    11.8876   3.465774   3.466698     1.2159     1.2365     0.0038  0.0887814     16.000    29.9510    29.9339     1.8570     1.7959 0.0000e+00
       4419     17.161    10.6482    10.6822   3.399553   3.402842     1.1380     1.1661     0.0036  0.0885013     17.000    30.2911    30.2954     1.6666     1.6431 0.0000e+00
       4467     18.171     9.3335     9.3488   3.311940   3.313900     1.0393     1.0629     0.0043  0.0920216     18.000    30.5163    30.5233     1.1628     1.1747 0.0000e+00
       4512     19.180     8.3811     8.3768   3.250256   3.251232     0.8840     0.8949     0.0057  0.1055179     19.000    30.6996    30.7135     0.4729     0.5700 0.0000e+00
       4556     20.190     8.0271     8.0254   3.231257   3.232232     0.7388     0.7484     0.0074  0.1366003     20.000    30.8094    30.8212     0.1994     0.3740 0.0000e+00
       4601     21.199     7.9917     7.9937   3.238369   3.239618     0.6505     0.6694     0.0110  0.1778073     21.000    30.9153    30.9268     0.1503     0.3613 0.0000e+00
       4648     22.209     8.0519     8.0553   3.256915   3.258304     0.5993     0.6292     0.0139  0.2093990     22.000    31.0576    31.0692     0.1108     0.3470 0.0000e+00
       4696     23.218     8.1342     8.1374   3.277986   3.279291     0.5678     0.6078     0.0122  0.1861375     23.000    31.2064    31.2174     0.0678     0.3307 0.0000e+00
       4741     24.228     8.2014     8.2052   3.293882   3.295278     0.5475     0.5957     0.0106  0.1551485     24.000    31.3137    31.3250     0.0334     0.3154 0.0000e+00
       4786     25.237     8.3215     8.3267   3.321696   3.323193     0.5332     0.5876     0.0100  0.1322440     25.000    31.4986    31.5097     0.0060     0.3004 0.0000e+00
       4830     26.247     8.4226     8.4256   3.345953   3.347197     0.5223     0.5816     0.0095  0.1168867     26.000    31.6623    31.6726    -0.0161     0.2889 0.0000e+00
       4877     27.257     8.4932     8.4953   3.362888   3.364027     0.5138     0.5766     0.0085  0.1130224     27.000    31.7759    31.7859    -0.0323     0.2778 0.0000e+00
       4925     28.266     8.5469     8.5491   3.375388   3.376503     0.5071     0.5723     0.0076  0.1122012     28.000    31.8580    31.8677    -0.0484     0.2683 0.0000e+00
       4971     29.276     8.5965     8.5987   3.386863   3.387909     0.5018     0.5689     0.0070  0.1119274     29.000    31.9329    31.9418    -0.0601     0.2604 0.0000e+00
       5015     30.285     8.6413     8.6432   3.397398   3.398344     0.4978     0.5662     0.0060  0.1124947     30.000    32.0020    32.0101    -0.0694     0.2534 0.0000e+00
       5058     31.295     8.6729     8.6742   3.405044   3.405937     0.4948     0.5637     0.0053  0.1130768     31.000    32.0528    32.0610    -0.0759     0.2477 0.0000e+00
       5104     32.305     8.6899     8.6908   3.409251   3.410095     0.4917     0.5615     0.0048  0.1137181     32.000    32.0809    32.0889    -0.0849     0.2420 0.0000e+00
       5151     33.314     8.6999     8.7007   3.412038   3.412845     0.4893     0.5593     0.0043  0.1138438     33.000    32.1005    32.1082    -0.0897     0.2367 0.0000e+00
       5198     34.324     8.7037     8.7044   3.413771   3.414561     0.4870     0.5574     0.0042  0.1145003     34.000    32.1147    32.1223    -0.0967     0.2324 0.0000e+00
       5243     35.333     8.7039     8.7046   3.414436   3.415184     0.4854     0.5558     0.0040  0.1147852     35.000    32.1210    32.1281    -0.0993     0.2281 0.0000e+00
       5286     36.343     8.7030     8.7036   3.414880   3.415575     0.4839     0.5542     0.0040  0.1151322     36.000    32.1260    32.1327    -0.1056     0.2233 0.0000e+00
       5331     37.353     8.7010     8.7016   3.414910   3.415681     0.4823     0.5525     0.0039  0.1152461     37.000    32.1277    32.1351    -0.1092     0.2193 0.0000e+00
       5377     38.362     8.6984     8.6990   3.415040   3.415850     0.4811     0.5511     0.0039  0.1154522     38.000    32.1310    32.1388    -0.1110     0.2159 0.0000e+00
       5425     39.372     8.6922     8.6928   3.415076   3.415852     0.4804     0.5497     0.0039  0.1155967     39.000    32.1365    32.1441    -0.1133     0.2125 0.0000e+00
       5472     40.381     8.6871     8.6876   3.414988   3.415743     0.4791     0.5484     0.0040  0.1161617     40.000    32.1398    32.1472    -0.1191     0.2090 0.0000e+00
       5517     41.391     8.6852     8.6859   3.414950   3.415690     0.4780     0.5471     0.0040  0.1164356     41.000    32.1406    32.1477    -0.1220     0.2051 0.0000e+00
       5562     42.401     8.6856     8.6859   3.414942   3.415682     0.4770     0.5458     0.0040  0.1165600     42.000    32.1398    32.1472    -0.1242     0.2019 0.0000e+00
