code/data/2021/ctd_data_day1/Station 2 210921.cnv
* Sea-Bird SBE 9 Data File:
* FileName = C:\Users\CTD-User\Desktop\MAR440\Station 2 210921.hex
* Software Version Seasave V 7.26.2.13
* Temperature SN = 6313
* Conductivity SN = 4758
* Number of Bytes Per Scan = 30
* Number of Voltage Words = 4
* Number of Scans Averaged by the Deck Unit = 1
* NMEA baud rate = 4800
** Ship:
** Station:
** Operator:
# nquan = 11
# nvalues = 6110                                  
# units = specified
# name 0 = scan: Scan Count
# name 1 = prDM: Pressure, Digiquartz [db]
# name 2 = t090C: Temperature [ITS-90, deg C]
# name 3 = t190C: Temperature, 2 [ITS-90, deg C]
# name 4 = c0S/m: Conductivity [S/m]
# name 5 = c1S/m: Conductivity, 2 [S/m]
# name 6 = sbeox0V: Oxygen raw, SBE 43 [V]
# name 7 = sbeox1V: Oxygen raw, SBE 43, 2 [V]
# name 8 = flECO-AFL: Fluorescence, WET Labs ECO-AFL/FL [mg/m^3]
# name 9 = upoly0: Upoly 0, Turbidity
# name 10 = flag:  0.000e+00
# span 0 =          1,       6110                 
# span 1 =      0.157,     43.455                 
# span 2 =     7.9730,    16.1801                 
# span 3 =     7.9712,    16.1835                 
# span 4 =  -0.000671,   3.501940                 
# span 5 =   0.104292,   3.503043                 
# span 6 =     0.4711,     3.0415                 
# span 7 =     0.5273,     2.8535                 
# span 8 =     0.0033,     0.0408                 
# span 9 =  0.0805824,  0.2358938                 
# span 10 = 0.0000e+00, 0.0000e+00                
# interval = seconds: 0.0416667
# start_time = Sep 21 2021 09:07:42 [System UTC, header]
# bad_flag = -9.990e-29
*END*
[from data line 919]
        920      0.671    14.2771    14.3613   2.132407   2.790716     3.0000     2.2967     0.0390  0.1172125  0.000e+00
        921      0.572    14.2955    14.3651   2.339661   2.793273     3.0000     2.2967     0.0390  0.1172125  0.000e+00
        922      0.729    14.3106    14.3634   2.668868   2.795782     3.0000     2.2967     0.0390  0.1167241  0.000e+00
        923      0.696    14.3212    14.3609   2.765005   2.798559     3.0000     2.2967     0.0390  0.1172125  0.000e+00
        924      0.671    14.3300    14.3586   2.771136   2.801573     3.0012     2.2967     0.0390  0.1172125  0.000e+00
        925      0.762    14.3389    14.3610   2.774518   2.803631     3.0000     2.2967     0.0390  0.1172125  0.000e+00
        926      0.729    14.3455    14.3659   2.777617   2.804630     3.0000     2.2967     0.0390  0.1172125  0.000e+00
        927      0.819    14.3515    14.3742   2.779422   2.805373     3.0012     2.2967     0.0390  0.1172125  0.000e+00
        928      0.761    14.3572    14.3783   2.781266   2.806111     3.0000     2.2967     0.0364  0.1260037  0.000e+00
        929      0.786    14.3601    14.3820   2.783849   2.806239     3.0012     2.2967     0.0165  0.1977985  0.000e+00
        930      0.877    14.3630    14.3846   2.786320   2.806058     3.0012     2.2967     0.0066  0.2324750  0.000e+00
        931      0.786    14.3658    14.3864   2.788236   2.806544     3.0012     2.2967     0.0057  0.2358938  0.000e+00
        932      0.943    14.3680    14.3878   2.790001   2.807828     3.0012     2.2967     0.0066  0.2329634  0.000e+00
        933      0.852    14.3684    14.3911   2.791529   2.808844     3.0012     2.2967     0.0070  0.2314982  0.000e+00
        934      0.943    14.3687    14.3935   2.792841   2.809577     3.0012     2.2967     0.0070  0.2310098  0.000e+00
        935      0.910    14.3695    14.3952   2.793905   2.810288     3.0012     2.2979     0.0070  0.2314982  0.000e+00
        936      0.942    14.3695    14.3971   2.794672   2.810920     3.0024     2.2979     0.0068  0.2314982  0.000e+00
        937      0.975    14.3697    14.3990   2.795477   2.811530     3.0024     2.2979     0.0068  0.2314982  0.000e+00
        938      1.000    14.3704    14.4001   2.796244   2.812017     3.0024     2.2979     0.0070  0.2314982  0.000e+00
        939      0.975    14.3714    14.4024   2.796865   2.812167     3.0024     2.2979     0.0070  0.2314982  0.000e+00
        940      1.066    14.3748    14.4052   2.797384   2.812247     3.0037     2.2991     0.0070  0.2314982  0.000e+00
        941      1.033    14.3786    14.4066   2.798086   2.812343     3.0049     2.2991     0.0068  0.2314982  0.000e+00
        942      1.066    14.3827    14.4075   2.798891   2.812386     3.0049     2.2991     0.0070  0.2314982  0.000e+00
        943      1.099    14.3864    14.4084   2.799670   2.812295     3.0061     2.2991     0.0070  0.2314982  0.000e+00
        944      1.124    14.3885    14.4084   2.800091   2.812145     3.0073     2.3004     0.0070  0.2314982  0.000e+00
        945      1.156    14.3899    14.4072   2.800140   2.812161     3.0073     2.3004     0.0070  0.2314982  0.000e+00
        946      1.123    14.3913    14.4055   2.800464   2.811942     3.0085     2.3016     0.0070  0.2314982  0.000e+00
        947      1.156    14.3952    14.4046   2.801037   2.811867     3.0098     2.3016     0.0068  0.2314982  0.000e+00
        948      1.181    14.4017    14.4059   2.801583   2.811888     3.0110     2.3016     0.0070  0.2314982  0.000e+00
        949      1.214    14.4081    14.4078   2.801978   2.812252     3.0122     2.3028     0.0070  0.2314982  0.000e+00
        950      1.181    14.4115    14.4103   2.802400   2.812605     3.0134     2.3040     0.0070  0.2314982  0.000e+00
        951      1.280    14.4131    14.4118   2.802967   2.812728     3.0147     2.3053     0.0070  0.2314982  0.000e+00
        952      1.247    14.4144    14.4140   2.803460   2.812937     3.0159     2.3065     0.0070  0.2314982  0.000e+00
        953      1.337    14.4183    14.4174   2.803670   2.813060     3.0183     2.3077     0.0070  0.2314982  0.000e+00
        954      1.247    14.4232    14.4221   2.804016   2.813376     3.0195     2.3089     0.0068  0.2266142  0.000e+00
        955      1.337    14.4277    14.4260   2.804763   2.813537     3.0208     2.3101     0.0068  0.2212418  0.000e+00
        956      1.370    14.4354    14.4292   2.805168   2.813585     3.0220     2.3114     0.0068  0.2187998  0.000e+00
        957      1.403    14.4417    14.4316   2.805493   2.813686     3.0232     2.3126     0.0068  0.2192882  0.000e+00
        958      1.370    14.4470    14.4332   2.806131   2.813975     3.0244     2.3138     0.0068  0.2192882  0.000e+00
        959      1.403    14.4520    14.4332   2.806461   2.814120     3.0269     2.3150     0.0068  0.2192882  0.000e+00
        960      1.494    14.4556    14.4329   2.807008   2.814013     3.0293     2.3162     0.0068  0.2192882  0.000e+00
        961      1.461    14.4579    14.4330   2.807603   2.813756     3.0305     2.3187     0.0068  0.2192882  0.000e+00
        962      1.428    14.4606    14.4329   2.807933   2.813649     3.0317     2.3199     0.0068  0.2192882  0.000e+00
        963      1.527    14.4633    14.4327   2.808355   2.813676     3.0342     2.3211     0.0068  0.2192882  0.000e+00
        964      1.494    14.4648    14.4322   2.808414   2.813884     3.0354     2.3236     0.0068  0.2192882  0.000e+00
        965      1.527    14.4652    14.4317   2.808766   2.813922     3.0366     2.3248     0.0068  0.2192882  0.000e+00
        966      1.551    14.4647    14.4323   2.808739   2.813745     3.0379     2.3272     0.0066  0.2192882  0.000e+00
        967      1.584    14.4640    14.4334   2.808745   2.813510     3.0391     2.3284     0.0068  0.2192882  0.000e+00
        968      1.609    14.4635    14.4342   2.809010   2.813590     3.0403     2.3309     0.0068  0.2192882  0.000e+00
        969      1.642    14.4640    14.4361   2.809183   2.813644     3.0403     2.3321     0.0068  0.2192882  0.000e+00
        970      1.551    14.4641    14.4401   2.809654   2.813777     3.0415     2.3333     0.0068  0.2187998  0.000e+00
        971      1.675    14.4636    14.4433   2.809740   2.813922     3.0415     2.3358     0.0068  0.2192882  0.000e+00
        972      1.708    14.4636    14.4484   2.810119   2.813954     3.0415     2.3370     0.0068  0.2192882  0.000e+00
        973      1.609    14.4665    14.4555   2.810070   2.813858     3.0415     2.3394     0.0068  0.2192882  0.000e+00
        974      1.765    14.4731    14.4605   2.810309   2.813692     3.0415     2.3419     0.0068  0.2192882  0.000e+00
        975      1.675    14.4786    14.4636   2.810390   2.813579     3.0403     2.3431     0.0068  0.2192882  0.000e+00
        976      1.765    14.4829    14.4631   2.810698   2.813574     3.0391     2.3455     0.0066  0.2192882  0.000e+00
        977      1.798    14.4875    14.4615   2.810807   2.813504     3.0391     2.3480     0.0068  0.2192882  0.000e+00
        978      1.765    14.4913    14.4606   2.811066   2.813461     3.0366     2.3492     0.0068  0.2192882  0.000e+00
        979      1.798    14.4967    14.4617   2.811212   2.813376     3.0354     2.3516     0.0068  0.2192882  0.000e+00
        980      1.831    14.5028    14.4652   2.811526   2.813204     3.0342     2.3541     0.0068  0.2183114  0.000e+00
        981      1.856    14.5062    14.4680   2.811532   2.813017     3.0317     2.3553     0.0068  0.2178230  0.000e+00
        982      1.889    14.5091    14.4729   2.811613   2.813001     3.0305     2.3565     0.0068  0.2178230  0.000e+00
        983      1.798    14.5133    14.4808   2.811515   2.812947     3.0281     2.3590     0.0068  0.2178230  0.000e+00
        984      1.946    14.5187    14.4879   2.811467   2.812760     3.0256     2.3602     0.0068  0.2178230  0.000e+00
        985      1.913    14.5215    14.4945   2.811413   2.812589     3.0220     2.3626     0.0068  0.2178230  0.000e+00
        986      1.946    14.5216    14.5010   2.811245   2.812417     3.0195     2.3639     0.0068  0.2178230  0.000e+00
        987      1.913    14.5226    14.5095   2.811364   2.812150     3.0159     2.3663     0.0068  0.2178230  0.000e+00
        988      2.012    14.5253    14.5209   2.811293   2.811818     3.0134     2.3675     0.0068  0.2178230  0.000e+00
        989      1.979    14.5265    14.5290   2.811380   2.811614     3.0110     2.3700     0.0068  0.2178230  0.000e+00
        990      2.070    14.5270    14.5313   2.811174   2.811534     3.0073     2.3712     0.0068  0.2178230  0.000e+00
        991      1.979    14.5299    14.5328   2.811120   2.811342     3.0037     2.3736     0.0068  0.2178230  0.000e+00
        992      2.103    14.5319    14.5335   2.810785   2.811245     3.0000     2.3748     0.0068  0.2178230  0.000e+00
        993      2.070    14.5315    14.5325   2.810633   2.811133     2.9963     2.3761     0.0068  0.2178230  0.000e+00
        994      2.102    14.5300    14.5313   2.810400   2.810903     2.9939     2.3785     0.0068  0.2178230  0.000e+00
        995      2.135    14.5278    14.5300   2.810092   2.810614     2.9902     2.3797     0.0068  0.2178230  0.000e+00
        996      2.160    14.5257    14.5279   2.809670   2.810405     2.9866     2.3797     0.0068  0.2178230  0.000e+00
        997      2.135    14.5247    14.5254   2.809399   2.810181     2.9829     2.3810     0.0068  0.2178230  0.000e+00
        998      2.226    14.5249    14.5222   2.809031   2.809940     2.9792     2.3822     0.0068  0.2178230  0.000e+00
        999      2.193    14.5260    14.5175   2.808603   2.809678     2.9756     2.3834     0.0068  0.2178230  0.000e+00
       1000      2.226    14.5271    14.5124   2.808300   2.809480     2.9707     2.3846     0.0068  0.2178230  0.000e+00
       1001      2.259    14.5275    14.5084   2.807776   2.809218     2.9670     2.3846     0.0068  0.2178230  0.000e+00
       1002      2.283    14.5282    14.5051   2.807640   2.809100     2.9634     2.3858     0.0068  0.2178230  0.000e+00
       1003      2.259    14.5281    14.5026   2.807537   2.808929     2.9597     2.3858     0.0068  0.2178230  0.000e+00
       1004      2.341    14.5275    14.5004   2.807813   2.808683     2.9548     2.3858     0.0068  0.2178230  0.000e+00
       1005      2.316    14.5265    14.4984   2.807765   2.808549     2.9512     2.3871     0.0066  0.2173346  0.000e+00
       1006      2.341    14.5251    14.4963   2.807765   2.808234     2.9475     2.3871     0.0064  0.2168462  0.000e+00
       1007      2.407    14.5228    14.4936   2.807651   2.807945     2.9426     2.3871     0.0064  0.2173346  0.000e+00
       1008      2.374    14.5210    14.4911   2.807197   2.807688     2.9389     2.3871     0.0064  0.2168462  0.000e+00
       1009      2.407    14.5191    14.4886   2.806905   2.807341     2.9353     2.3871     0.0064  0.2168462  0.000e+00
       1010      2.440    14.5172    14.4867   2.806369   2.807073     2.9316     2.3871     0.0064  0.2168462  0.000e+00
       1011      2.464    14.5154    14.4864   2.805833   2.806870     2.9267     2.3871     0.0064  0.2168462  0.000e+00
       1012      2.497    14.5139    14.4862   2.805471   2.806747     2.9219     2.3871     0.0064  0.2173346  0.000e+00
       1013      2.464    14.5127    14.4854   2.804935   2.806699     2.9182     2.3871     0.0064  0.2168462  0.000e+00
       1014      2.497    14.5107    14.4844   2.804665   2.806533     2.9145     2.3858     0.0064  0.2168462  0.000e+00
       1015      2.588    14.5097    14.4833   2.804330   2.806448     2.9096     2.3858     0.0064  0.2173346  0.000e+00
       1016      2.563    14.5085    14.4815   2.803892   2.806351     2.9060     2.3858     0.0064  0.2173346  0.000e+00
       1017      2.588    14.5075    14.4795   2.803340   2.806266     2.9023     2.3858     0.0064  0.2173346  0.000e+00
       1018      2.563    14.5061    14.4779   2.802897   2.806047     2.8974     2.3858     0.0064  0.2168462  0.000e+00
       1019      2.645    14.5043    14.4769   2.802399   2.805742     2.8938     2.3858     0.0064  0.2173346  0.000e+00
       1020      2.645    14.5023    14.4764   2.801599   2.805523     2.8901     2.3858     0.0064  0.2168462  0.000e+00
       1021      2.621    14.5015    14.4764   2.800734   2.805218     2.8852     2.3858     0.0064  0.2168462  0.000e+00
       1022      2.711    14.5011    14.4791   2.800204   2.804897     2.8816     2.3858     0.0064  0.2173346  0.000e+00
       1023      2.678    14.5011    14.4808   2.799642   2.804523     2.8767     2.3858     0.0064  0.2173346  0.000e+00
       1024      2.769    14.5023    14.4812   2.798956   2.804084     2.8730     2.3858     0.0064  0.2173346  0.000e+00
       1025      2.678    14.5032    14.4812   2.798183   2.803694     2.8694     2.3858     0.0064  0.2168462  0.000e+00
       1026      2.769    14.5038    14.4837   2.797448   2.803213     2.8645     2.3858     0.0064  0.2173346  0.000e+00
       1027      2.802    14.5054    14.4879   2.796637   2.802796     2.8608     2.3858     0.0064  0.2168462  0.000e+00
       1028      2.835    14.5083    14.4920   2.795989   2.802411     2.8571     2.3858     0.0064  0.2168462  0.000e+00
       1029      2.802    14.5135    14.4928   2.795368   2.802192     2.8523     2.3858     0.0064  0.2173346  0.000e+00
       1030      2.835    14.5155    14.4912   2.794638   2.802010     2.8486     2.3858     0.0064  0.2163578  0.000e+00
       1031      2.867    14.5198    14.4894   2.794050   2.802053     2.8449     2.3858     0.0062  0.2085433  0.000e+00
       1032      2.892    14.5236    14.4896   2.793380   2.802171     2.8413     2.3858     0.0062  0.2036593  0.000e+00
       1033      2.892    14.5251    14.4904   2.792770   2.802251     2.8376     2.3858     0.0062  0.2036593  0.000e+00
       1034      2.925    14.5293    14.4921   2.792051   2.802235     2.8352     2.3858     0.0062  0.2036593  0.000e+00
       1035      2.892    14.5367    14.4943   2.791420   2.802235     2.8291     2.3871     0.0062  0.2041477  0.000e+00
       1036      2.991    14.5450    14.4991   2.790723   2.802112     2.8254     2.3871     0.0062  0.2041477  0.000e+00
       1037      3.016    14.5511    14.5084   2.790205   2.802107     2.8230     2.3871     0.0062  0.2041477  0.000e+00
       1038      2.991    14.5569    14.5179   2.789778   2.802032     2.8193     2.3871     0.0062  0.2041477  0.000e+00
       1039      3.015    14.5617    14.5244   2.789255   2.801957     2.8156     2.3871     0.0062  0.2041477  0.000e+00
       1040      3.048    14.5637    14.5288   2.788645   2.801989     2.8120     2.3871     0.0062  0.2041477  0.000e+00
       1041      3.073    14.5697    14.5322   2.788369   2.801855     2.8083     2.3871     0.0062  0.2041477  0.000e+00
       1042      3.048    14.5778    14.5352   2.788137   2.801775     2.8059     2.3883     0.0062  0.2041477  0.000e+00
       1043      3.139    14.5851    14.5374   2.787851   2.801673     2.8022     2.3883     0.0062  0.2041477  0.000e+00
       1044      3.139    14.5918    14.5415   2.787581   2.801508     2.7985     2.3883     0.0062  0.2041477  0.000e+00
       1045      3.172    14.5977    14.5462   2.787176   2.801433     2.7961     2.3883     0.0062  0.2041477  0.000e+00
       1046      3.139    14.6014    14.5496   2.786550   2.801171     2.7924     2.3883     0.0062  0.2041477  0.000e+00
       1047      3.106    14.6030    14.5545   2.785946   2.801027     2.7900     2.3883     0.0062  0.2041477  0.000e+00
       1048      3.262    14.6063    14.5626   2.785444   2.800829     2.7863     2.3895     0.0062  0.2041477  0.000e+00
       1049      3.295    14.6083    14.5728   2.784716   2.800556     2.7839     2.3883     0.0062  0.2041477  0.000e+00
