code/data/2021/ctd_data_day1/Station 5 210921_ctm.cnv
* Sea-Bird SBE 9 Data File:
* FileName = C:\Users\CTD-User\Desktop\MAR440\Station 5 210921.hex
* Software Version Seasave V 7.26.2.13
* Temperature SN = 6313
* Conductivity SN = 4758
* Number of Bytes Per Scan = 30
* Number of Voltage Words = 4
* Number of Scans Averaged by the Deck Unit = 1
* NMEA baud rate = 4800
** Ship:
** Station:
** Operator:
# nquan = 11
# nvalues = 5809                        
# units = specified
# name 0 = scan: Scan Count
# name 1 = prDM: Pressure, Digiquartz [db]
# name 2 = t090C: Temperature [ITS-90, deg C]
# name 3 = t190C: Temperature, 2 [ITS-90, deg C]
# name 4 = c0S/m: Conductivity [S/m]
# name 5 = c1S/m: Conductivity, 2 [S/m]
# name 6 = sbeox0V: Oxygen raw, SBE 43 [V]
# name 7 = sbeox1V: Oxygen raw, SBE 43, 2 [V]
# name 8 = flECO-AFL: Fluorescence, WET Labs ECO-AFL/FL [mg/m^3]
# name 9 = upoly0: Upoly 0, Turbidity
# name 10 = flag:  0.000e+00
# span 0 =          1,       5809       
# span 1 =      0.454,     26.522       
# span 2 =    10.8323,    16.2943       
# span 3 =    10.8611,    16.2956       
# span 4 =   2.868531,   3.811440       
# span 5 =   2.882006,   3.812496       
# span 6 =     0.8558,     2.8218       
# span 7 =     0.9205,     2.7863       
# span 8 =     0.0035,     0.0101       
# span 9 =  0.0864432,  0.1636105       
# span 10 = 0.0000e+00, 0.0000e+00      
# interval = seconds: 0.0416667
# start_time = Sep 21 2021 10:32:06 [System UTC, header]
# bad_flag = -9.990e-29
*END*
[from data line 3673]
       3674     26.077    11.8196    12.0022   3.682951   3.687610     0.9986     1.0853     0.0081  0.0883968 0.0000e+00
       3675     26.011    11.8278    11.9972   3.682667   3.687528     0.9962     1.0841     0.0081  0.0874200 0.0000e+00
       3676     26.077    11.7823    11.9884   3.680583   3.687189     0.9962     1.0829     0.0081  0.0874200 0.0000e+00
       3677     26.011    11.7395    11.9889   3.677364   3.686719     0.9986     1.0817     0.0081  0.0879084 0.0000e+00
       3678     26.077    11.7209    11.9952   3.675072   3.686359     0.9986     1.0817     0.0081  0.0879084 0.0000e+00
       3679     26.011    11.7204    11.9537   3.674217   3.685700     0.9986     1.0805     0.0081  0.0879084 0.0000e+00
       3680     26.077    11.6919    11.9428   3.673724   3.685062     0.9986     1.0792     0.0081  0.0879084 0.0000e+00
       3681     26.011    11.6684    11.9060   3.673287   3.684267     0.9986     1.0792     0.0081  0.0883968 0.0000e+00
       3682     26.011    11.6853    11.8850   3.674004   3.683218     0.9986     1.0780     0.0081  0.0874200 0.0000e+00
       3683     26.077    11.7142    11.9177   3.675595   3.682675     0.9986     1.0768     0.0081  0.0879084 0.0000e+00
       3684     26.077    11.7305    11.9648   3.677294   3.683089     0.9974     1.0756     0.0081  0.0879084 0.0000e+00
       3685     26.011    11.7620    11.9721   3.678924   3.683517     0.9974     1.0756     0.0081  0.0874200 0.0000e+00
       3686     26.011    11.8163    11.9683   3.680368   3.683334     0.9974     1.0744     0.0081  0.0879084 0.0000e+00
       3687     26.077    11.8117    11.9365   3.680372   3.682544     0.9986     1.0744     0.0081  0.0883968 0.0000e+00
       3688     26.011    11.7787    11.8937   3.679223   3.681514     0.9974     1.0731     0.0081  0.0879084 0.0000e+00
       3689     26.076    11.7476    11.8899   3.678155   3.680738     0.9974     1.0731     0.0081  0.0879084 0.0000e+00
       3690     26.010    11.7200    11.8840   3.677112   3.680820     0.9986     1.0731     0.0081  0.0879084 0.0000e+00
       3691     26.076    11.6802    11.8456   3.675796   3.681784     0.9974     1.0719     0.0081  0.0879084 0.0000e+00
       3692     26.010    11.6754    11.8150   3.674601   3.683328     0.9986     1.0719     0.0081  0.0879084 0.0000e+00
       3693     26.010    11.6668    11.8502   3.673506   3.685473     0.9986     1.0707     0.0081  0.0883968 0.0000e+00
       3694     26.076    11.6848    11.9022   3.672374   3.687860     0.9986     1.0707     0.0081  0.0879084 0.0000e+00
       3695     26.076    11.7160    11.9287   3.671429   3.690037     0.9974     1.0695     0.0081  0.0883968 0.0000e+00
       3696     26.010    11.7284    11.9530   3.670724   3.691724     0.9974     1.0695     0.0081  0.0879084 0.0000e+00
       3697     26.010    11.7338    11.9690   3.670658   3.693272     0.9986     1.0695     0.0081  0.0879084 0.0000e+00
       3698     26.076    11.7446    11.9695   3.671513   3.694756     0.9962     1.0682     0.0081  0.0879084 0.0000e+00
       3699     26.010    11.7547    11.9520   3.672783   3.696143     0.9950     1.0682     0.0081  0.0883968 0.0000e+00
       3700     26.076    11.8018    11.9500   3.674404   3.697457     0.9950     1.0682     0.0081  0.0879084 0.0000e+00
       3701     26.010    11.8540    12.0017   3.675905   3.698820     0.9962     1.0670     0.0081  0.0879084 0.0000e+00
       3702     26.076    11.9033    12.0462   3.676363   3.700084     0.9962     1.0670     0.0081  0.0879084 0.0000e+00
       3703     25.952    11.9463    12.0881   3.675680   3.701272     0.9950     1.0670     0.0081  0.0883968 0.0000e+00
       3704     26.084    11.9216    12.1432   3.674710   3.702551     0.9938     1.0658     0.0081  0.0879084 0.0000e+00
       3705     26.076    11.8273    12.1932   3.674035   3.703429     0.9938     1.0658     0.0081  0.0883968 0.0000e+00
       3706     26.010    11.7770    12.2029   3.674026   3.703064     0.9962     1.0646     0.0081  0.0879084 0.0000e+00
       3707     26.076    11.7964    12.2016   3.674060   3.702051     0.9950     1.0646     0.0081  0.0879084 0.0000e+00
       3708     26.010    11.7956    12.2163   3.673045   3.700385     0.9938     1.0634     0.0081  0.0879084 0.0000e+00
       3709     26.010    11.7723    12.2325   3.672372   3.698363     0.9938     1.0634     0.0081  0.0883968 0.0000e+00
       3710     26.010    11.7572    12.2338   3.672197   3.696890     0.9925     1.0634     0.0081  0.0879084 0.0000e+00
       3711     26.134    11.7559    12.2337   3.672056   3.695947     0.9938     1.0634     0.0081  0.0879084 0.0000e+00
       3712     26.076    11.7605    12.1971   3.671429   3.695205     0.9938     1.0621     0.0081  0.0879084 0.0000e+00
       3713     25.952    11.7453    12.1249   3.670372   3.694607     0.9938     1.0621     0.0081  0.0883968 0.0000e+00
       3714     26.010    11.7121    12.1251   3.669062   3.694322     0.9913     1.0609     0.0081  0.0879084 0.0000e+00
       3715     26.010    11.6877    12.1395   3.668548   3.694214     0.9913     1.0609     0.0081  0.0879084 0.0000e+00
       3716     26.133    11.6768    12.1397   3.668769   3.694136     0.9925     1.0609     0.0081  0.0879084 0.0000e+00
       3717     25.952    11.6881    12.1181   3.669307   3.694219     0.9901     1.0597     0.0081  0.0883968 0.0000e+00
       3718     26.076    11.6907    12.0793   3.669602   3.694546     0.9889     1.0597     0.0081  0.0879084 0.0000e+00
       3719     26.010    11.6724    12.0630   3.668835   3.695101     0.9889     1.0585     0.0081  0.0883968 0.0000e+00
       3720     26.010    11.6560    12.0741   3.667800   3.696076     0.9889     1.0585     0.0081  0.0883968 0.0000e+00
       3721     26.076    11.6527    12.1068   3.667606   3.697056     0.9889     1.0585     0.0081  0.0879084 0.0000e+00
       3722     26.010    11.6435    12.1307   3.667695   3.697644     0.9889     1.0573     0.0081  0.0883968 0.0000e+00
       3723     26.075    11.6461    12.1157   3.667679   3.697627     0.9864     1.0573     0.0081  0.0883968 0.0000e+00
       3724     26.009    11.6280    12.0718   3.667424   3.697287     0.9852     1.0573     0.0081  0.0883968 0.0000e+00
       3725     26.009    11.6119    12.0268   3.667145   3.696628     0.9864     1.0560     0.0081  0.0879084 0.0000e+00
       3726     26.075    11.6154    12.0008   3.667379   3.695651     0.9852     1.0560     0.0081  0.0879084 0.0000e+00
       3727     26.009    11.6521    12.0031   3.668158   3.694958     0.9840     1.0560     0.0081  0.0883968 0.0000e+00
       3728     26.075    11.6778    11.9949   3.668804   3.694287     0.9828     1.0548     0.0081  0.0879084 0.0000e+00
       3729     26.009    11.6893    11.9801   3.669031   3.693245     0.9815     1.0548     0.0081  0.0879084 0.0000e+00
       3730     26.075    11.6554    11.9519   3.668385   3.691743     0.9828     1.0536     0.0081  0.0879084 0.0000e+00
       3731     26.009    11.6428    11.9039   3.667585   3.689970     0.9840     1.0536     0.0081  0.0883968 0.0000e+00
       3732     26.009    11.6681    11.8970   3.667133   3.688491     0.9803     1.0536     0.0081  0.0879084 0.0000e+00
       3733     26.075    11.6630    11.8449   3.666859   3.687489     0.9791     1.0524     0.0079  0.0883968 0.0000e+00
       3734     26.009    11.6572    11.7933   3.666595   3.687054     0.9791     1.0524     0.0081  0.0879084 0.0000e+00
       3735     26.009    11.6626    11.8072   3.666296   3.687034     0.9791     1.0524     0.0081  0.0883968 0.0000e+00
       3736     26.075    11.6655    11.8179   3.665956   3.686705     0.9779     1.0511     0.0081  0.0879084 0.0000e+00
       3737     26.009    11.6506    11.8228   3.665723   3.686394     0.9767     1.0511     0.0081  0.0883968 0.0000e+00
       3738     26.009    11.6524    11.8273   3.666051   3.686367     0.9754     1.0511     0.0081  0.0879084 0.0000e+00
       3739     26.075    11.6657    11.8172   3.666907   3.686475     0.9754     1.0499     0.0081  0.0879084 0.0000e+00
       3740     26.009    11.6891    11.7964   3.667448   3.686543     0.9754     1.0499     0.0081  0.0879084 0.0000e+00
       3741     26.075    11.7000    11.7795   3.667546   3.686792     0.9742     1.0499     0.0081  0.0879084 0.0000e+00
       3742     26.009    11.7157    11.7684   3.667878   3.687212     0.9730     1.0499     0.0081  0.0879084 0.0000e+00
       3743     26.009    11.7305    11.7728   3.668343   3.687559     0.9718     1.0487     0.0081  0.0879084 0.0000e+00
       3744     26.075    11.7314    11.7720   3.668678   3.687846     0.9718     1.0487     0.0081  0.0879084 0.0000e+00
       3745     26.009    11.7286    11.7684   3.668165   3.688139     0.9718     1.0487     0.0081  0.0883968 0.0000e+00
       3746     26.075    11.7215    11.7656   3.666605   3.688335     0.9693     1.0487     0.0081  0.0879084 0.0000e+00
       3747     26.009    11.6943    11.7664   3.664850   3.688414     0.9693     1.0487     0.0081  0.0883968 0.0000e+00
       3748     26.009    11.6491    11.7733   3.663232   3.688433     0.9681     1.0487     0.0081  0.0879084 0.0000e+00
       3749     26.009    11.6230    11.8235   3.662291   3.688674     0.9693     1.0487     0.0081  0.0879084 0.0000e+00
       3750     26.075    11.6341    11.8860   3.662294   3.689009     0.9693     1.0487     0.0081  0.0883968 0.0000e+00
       3751     26.075    11.6470    11.9212   3.662454   3.689304     0.9657     1.0487     0.0081  0.0879084 0.0000e+00
       3752     26.009    11.6340    11.9473   3.662150   3.689398     0.9657     1.0487     0.0081  0.0879084 0.0000e+00
       3753     26.075    11.6217    11.9545   3.661849   3.689117     0.9644     1.0475     0.0081  0.0883968 0.0000e+00
       3754     26.009    11.6229    11.9340   3.661683   3.688582     0.9644     1.0475     0.0081  0.0883968 0.0000e+00
       3755     26.009    11.6279    11.9178   3.661430   3.687994     0.9644     1.0475     0.0081  0.0883968 0.0000e+00
       3756     26.075    11.6146    11.9275   3.660820   3.687306     0.9620     1.0475     0.0081  0.0879084 0.0000e+00
       3757     26.009    11.6063    11.9390   3.660522   3.686306     0.9608     1.0475     0.0081  0.0879084 0.0000e+00
       3758     26.009    11.6206    11.9285   3.661178   3.684621     0.9596     1.0475     0.0081  0.0879084 0.0000e+00
       3759     26.075    11.6244    11.9295   3.661573   3.682656     0.9608     1.0475     0.0081  0.0883968 0.0000e+00
       3760     26.009    11.5968    11.9338   3.660831   3.680892     0.9596     1.0475     0.0081  0.0879084 0.0000e+00
       3761     26.074    11.5605    11.9018   3.658978   3.679520     0.9571     1.0475     0.0081  0.0879084 0.0000e+00
       3762     26.008    11.5360    11.8365   3.657434   3.678176     0.9571     1.0475     0.0081  0.0879084 0.0000e+00
       3763     26.074    11.5304    11.7873   3.656760   3.676948     0.9559     1.0475     0.0081  0.0879084 0.0000e+00
       3764     26.008    11.5418    11.7745   3.657070   3.675942     0.9571     1.0475     0.0081  0.0879084 0.0000e+00
       3765     26.074    11.5499    11.7711   3.657794   3.675043     0.9547     1.0475     0.0081  0.0883968 0.0000e+00
       3766     26.008    11.5826    11.7513   3.659113   3.674319     0.9547     1.0475     0.0081  0.0883968 0.0000e+00
       3767     26.074    11.6063    11.7157   3.659853   3.673708     0.9535     1.0475     0.0081  0.0879084 0.0000e+00
       3768     26.008    11.6272    11.7062   3.659630   3.673280     0.9547     1.0475     0.0081  0.0883968 0.0000e+00
       3769     26.074    11.6082    11.7141   3.658943   3.672804     0.9535     1.0475     0.0081  0.0879084 0.0000e+00
       3770     26.008    11.5751    11.7009   3.658719   3.672313     0.9498     1.0475     0.0081  0.0879084 0.0000e+00
       3771     26.074    11.5525    11.7072   3.658583   3.672004     0.9498     1.0463     0.0081  0.0883968 0.0000e+00
       3772     26.008    11.5496    11.7549   3.658702   3.671685     0.9486     1.0463     0.0081  0.0879084 0.0000e+00
       3773     26.074    11.5861    11.7737   3.659460   3.671540     0.9498     1.0463     0.0081  0.0879084 0.0000e+00
       3774     26.074    11.6115    11.7554   3.659990   3.671124     0.9486     1.0463     0.0081  0.0879084 0.0000e+00
       3775     26.008    11.6205    11.7392   3.659949   3.670539     0.9474     1.0463     0.0081  0.0883968 0.0000e+00
       3776     26.074    11.6174    11.7202   3.660203   3.669837     0.9449     1.0463     0.0081  0.0883968 0.0000e+00
       3777     26.008    11.6132    11.6731   3.660590   3.668690     0.9449     1.0463     0.0081  0.0879084 0.0000e+00
       3778     26.074    11.6049    11.6408   3.660544   3.667459     0.9449     1.0463     0.0081  0.0879084 0.0000e+00
       3779     26.008    11.6064    11.6420   3.660276   3.666829     0.9449     1.0463     0.0081  0.0879084 0.0000e+00
       3780     26.074    11.6180    11.6552   3.660059   3.666938     0.9425     1.0450     0.0081  0.0879084 0.0000e+00
       3781     26.008    11.6310    11.6691   3.660487   3.667131     0.9412     1.0450     0.0081  0.0879084 0.0000e+00
       3782     26.074    11.6172    11.6716   3.660706   3.667128     0.9412     1.0450     0.0081  0.0879084 0.0000e+00
       3783     26.074    11.5962    11.6656   3.659947   3.667174     0.9425     1.0450     0.0081  0.0883968 0.0000e+00
       3784     26.008    11.5783    11.6641   3.658791   3.667251     0.9412     1.0450     0.0081  0.0883968 0.0000e+00
       3785     26.074    11.5741    11.6691   3.658113   3.667150     0.9400     1.0438     0.0081  0.0883968 0.0000e+00
       3786     26.008    11.5841    11.6754   3.658226   3.666888     0.9400     1.0438     0.0081  0.0883968 0.0000e+00
       3787     26.074    11.5998    11.6778   3.658216   3.666806     0.9376     1.0438     0.0081  0.0879084 0.0000e+00
       3788     26.074    11.6018    11.6849   3.657788   3.667033     0.9400     1.0438     0.0079  0.0879084 0.0000e+00
       3789     26.008    11.6023    11.6918   3.657672   3.667371     0.9364     1.0426     0.0081  0.0883968 0.0000e+00
       3790     26.074    11.6016    11.6825   3.657942   3.667524     0.9351     1.0426     0.0079  0.0883968 0.0000e+00
       3791     26.074    11.6114    11.6750   3.658609   3.667487     0.9339     1.0426     0.0081  0.0883968 0.0000e+00
       3792     26.008    11.6237    11.6743   3.659160   3.667554     0.9351     1.0426     0.0079  0.0883968 0.0000e+00
       3793     26.074    11.6318    11.6565   3.659719   3.667840     0.9339     1.0426     0.0081  0.0883968 0.0000e+00
       3794     26.008    11.6259    11.6428   3.660033   3.668410     0.9327     1.0414     0.0079  0.0883968 0.0000e+00
       3795     26.074    11.6159    11.6483   3.659967   3.669324     0.9303     1.0414     0.0079  0.0883968 0.0000e+00
       3796     26.074    11.6161    11.6654   3.659527   3.670140     0.9303     1.0414     0.0079  0.0883968 0.0000e+00
       3797     26.074    11.6045    11.6856   3.659262   3.670486     0.9303     1.0414     0.0081  0.0883968 0.0000e+00
       3798     26.008    11.6047    11.7043   3.659552   3.670122     0.9315     1.0402     0.0079  0.0883968 0.0000e+00
       3799     26.073    11.6025    11.7158   3.659779   3.669664     0.9303     1.0402     0.0079  0.0883968 0.0000e+00
       3800     26.073    11.6000    11.7316   3.659430   3.669550     0.9278     1.0402     0.0079  0.0883968 0.0000e+00
       3801     26.007    11.5931    11.7103   3.658866   3.669015     0.9266     1.0389     0.0081  0.0883968 0.0000e+00
       3802     26.073    11.5698    11.6792   3.658235   3.667763     0.9278     1.0389     0.0079  0.0883968 0.0000e+00
       3803     26.073    11.5610    11.6570   3.657802   3.666681     0.9266     1.0377     0.0081  0.0883968 0.0000e+00
