code/data/2021/ctd_data_day1/Station 5 210921.cnv
* Sea-Bird SBE 9 Data File:
* FileName = C:\Users\CTD-User\Desktop\MAR440\Station 5 210921.hex
* Software Version Seasave V 7.26.2.13
* Temperature SN = 6313
* Conductivity SN = 4758
* Number of Bytes Per Scan = 30
* Number of Voltage Words = 4
* Number of Scans Averaged by the Deck Unit = 1
* NMEA baud rate = 4800
** Ship:
** Station:
** Operator:
# nquan = 11
# nvalues = 5809                                  
# units = specified
# name 0 = scan: Scan Count
# name 1 = prDM: Pressure, Digiquartz [db]
# name 2 = t090C: Temperature [ITS-90, deg C]
# name 3 = t190C: Temperature, 2 [ITS-90, deg C]
# name 4 = c0S/m: Conductivity [S/m]
# name 5 = c1S/m: Conductivity, 2 [S/m]
# name 6 = sbeox0V: Oxygen raw, SBE 43 [V]
# name 7 = sbeox1V: Oxygen raw, SBE 43, 2 [V]
# name 8 = flECO-AFL: Fluorescence, WET Labs ECO-AFL/FL [mg/m^3]
# name 9 = upoly0: Upoly 0, Turbidity
# name 10 = flag:  0.000e+00
# span 0 =          1,       5809                 
# span 1 =      0.454,     26.522                 
# span 2 =    10.8323,    16.2943                 
# span 3 =    10.8611,    16.2956                 
# span 4 =   2.868561,   3.812174                 
# span 5 =   2.881382,   3.813232                 
# span 6 =     0.8558,     2.8218                 
# span 7 =     0.9205,     2.7863                 
# span 8 =     0.0035,     0.0101                 
# span 9 =  0.0864432,  0.1636105                 
# span 10 = 0.0000e+00, 0.0000e+00                
# interval = seconds: 0.0416667
# start_time = Sep 21 2021 10:32:06 [System UTC, header]
# bad_flag = -9.990e-29
*END*
[from data line 4722]
       4723     25.991    11.7737    11.6562   3.670091   3.662885     0.8594     0.9241     0.0082  0.0883968  0.000e+00
       4724     25.991    11.7716    11.6483   3.670469   3.662926     0.8619     0.9229     0.0082  0.0883968  0.000e+00
       4725     26.057    11.7643    11.6417   3.670871   3.662914     0.8607     0.9229     0.0082  0.0879084  0.000e+00
       4726     25.991    11.7584    11.6375   3.671141   3.662802     0.8607     0.9229     0.0082  0.0879084  0.000e+00
       4727     25.991    11.7524    11.6360   3.671399   3.662820     0.8594     0.9229     0.0082  0.0879084  0.000e+00
       4728     26.057    11.7436    11.6348   3.671782   3.662861     0.8619     0.9229     0.0082  0.0879084  0.000e+00
       4729     25.991    11.7466    11.6345   3.672250   3.662891     0.8619     0.9241     0.0082  0.0879084  0.000e+00
       4730     25.991    11.7600    11.6354   3.672646   3.662879     0.8619     0.9229     0.0082  0.0883968  0.000e+00
       4731     25.991    11.7657    11.6363   3.672975   3.662873     0.8594     0.9229     0.0082  0.0883968  0.000e+00
       4732     25.991    11.7691    11.6370   3.673107   3.662849     0.8594     0.9241     0.0082  0.0883968  0.000e+00
       4733     26.057    11.7676    11.6379   3.673053   3.662808     0.8619     0.9241     0.0084  0.0883968  0.000e+00
       4734     25.991    11.7575    11.6379   3.672928   3.662831     0.8607     0.9229     0.0084  0.0883968  0.000e+00
       4735     25.991    11.7408    11.6384   3.672604   3.662938     0.8619     0.9229     0.0084  0.0883968  0.000e+00
       4736     25.991    11.7290    11.6385   3.672334   3.663062     0.8594     0.9229     0.0084  0.0883968  0.000e+00
       4737     26.057    11.7317    11.6384   3.672256   3.663169     0.8594     0.9229     0.0084  0.0883968  0.000e+00
       4738     25.991    11.7456    11.6393   3.672232   3.663293     0.8619     0.9229     0.0084  0.0883968  0.000e+00
       4739     25.991    11.7549    11.6418   3.672340   3.663293     0.8619     0.9229     0.0084  0.0883968  0.000e+00
       4740     25.991    11.7570    11.6420   3.672592   3.663317     0.8619     0.9229     0.0084  0.0883968  0.000e+00
       4741     25.991    11.7642    11.6408   3.672886   3.663347     0.8594     0.9229     0.0084  0.0883968  0.000e+00
       4742     25.991    11.7741    11.6415   3.673083   3.663323     0.8594     0.9229     0.0084  0.0883968  0.000e+00
       4743     26.057    11.7807    11.6435   3.673071   3.663276     0.8619     0.9229     0.0084  0.0883968  0.000e+00
       4744     25.991    11.7741    11.6447   3.673035   3.663287     0.8619     0.9229     0.0084  0.0883968  0.000e+00
       4745     25.991    11.7567    11.6443   3.673030   3.663370     0.8607     0.9229     0.0084  0.0883968  0.000e+00
       4746     25.991    11.7514    11.6422   3.672904   3.663335     0.8594     0.9229     0.0084  0.0888852  0.000e+00
       4747     25.991    11.7547    11.6407   3.672790   3.663542     0.8619     0.9229     0.0084  0.0883968  0.000e+00
       4748     25.991    11.7635    11.6422   3.672826   3.663743     0.8619     0.9229     0.0084  0.0883968  0.000e+00
       4749     26.057    11.7752    11.6438   3.672741   3.663767     0.8607     0.9229     0.0084  0.0883968  0.000e+00
       4750     25.991    11.7868    11.6462   3.672747   3.663850     0.8607     0.9217     0.0084  0.0883968  0.000e+00
       4751     25.991    11.7943    11.6495   3.672813   3.663856     0.8594     0.9229     0.0084  0.0883968  0.000e+00
       4752     25.991    11.7987    11.6510   3.672759   3.663761     0.8607     0.9229     0.0084  0.0883968  0.000e+00
       4753     25.991    11.8009    11.6481   3.672681   3.663625     0.8619     0.9229     0.0084  0.0883968  0.000e+00
       4754     25.991    11.7986    11.6443   3.672525   3.663637     0.8619     0.9229     0.0084  0.0883968  0.000e+00
       4755     25.991    11.7855    11.6404   3.672424   3.663548     0.8607     0.9229     0.0084  0.0883968  0.000e+00
       4756     25.991    11.7627    11.6380   3.672262   3.663441     0.8594     0.9229     0.0084  0.0883968  0.000e+00
       4757     25.991    11.7436    11.6362   3.672118   3.663471     0.8619     0.9229     0.0084  0.0883968  0.000e+00
       4758     26.057    11.7349    11.6314   3.672034   3.663477     0.8619     0.9229     0.0084  0.0879084  0.000e+00
       4759     25.991    11.7349    11.6272   3.672058   3.663388     0.8619     0.9229     0.0084  0.0883968  0.000e+00
       4760     25.991    11.7357    11.6254   3.671956   3.663530     0.8619     0.9229     0.0084  0.0883968  0.000e+00
       4761     25.991    11.7332    11.6246   3.671849   3.663465     0.8619     0.9217     0.0084  0.0883968  0.000e+00
       4762     25.991    11.7364    11.6266   3.671723   3.663442     0.8619     0.9229     0.0084  0.0879084  0.000e+00
       4763     25.991    11.7439    11.6330   3.671692   3.663524     0.8619     0.9217     0.0084  0.0883968  0.000e+00
       4764     25.991    11.7402    11.6345   3.671645   3.663601     0.8619     0.9229     0.0084  0.0883968  0.000e+00
       4765     25.991    11.7347    11.6272   3.671603   3.663708     0.8607     0.9217     0.0084  0.0879084  0.000e+00
       4766     25.991    11.7382    11.6210   3.671645   3.663673     0.8607     0.9229     0.0084  0.0879084  0.000e+00
       4767     25.991    11.7578    11.6192   3.671638   3.663673     0.8619     0.9229     0.0084  0.0879084  0.000e+00
       4768     26.057    11.7865    11.6216   3.671578   3.663702     0.8619     0.9217     0.0084  0.0879084  0.000e+00
       4769     25.991    11.7877    11.6246   3.671638   3.663785     0.8619     0.9229     0.0084  0.0883968  0.000e+00
       4770     25.933    11.7716    11.6275   3.671608   3.663957     0.8594     0.9217     0.0084  0.0879084  0.000e+00
       4771     26.057    11.7650    11.6299   3.671716   3.663975     0.8619     0.9217     0.0084  0.0883968  0.000e+00
       4772     25.991    11.7698    11.6309   3.671854   3.664069     0.8631     0.9217     0.0084  0.0883968  0.000e+00
       4773     25.991    11.7661    11.6310   3.672232   3.664300     0.8619     0.9217     0.0084  0.0879084  0.000e+00
       4774     25.933    11.7643    11.6339   3.672598   3.664306     0.8619     0.9217     0.0084  0.0883968  0.000e+00
       4775     26.065    11.7638    11.6367   3.672844   3.664395     0.8619     0.9217     0.0084  0.0883968  0.000e+00
       4776     25.990    11.7620    11.6373   3.673017   3.664478     0.8607     0.9217     0.0084  0.0879084  0.000e+00
       4777     25.990    11.7633    11.6385   3.673179   3.664508     0.8619     0.9217     0.0084  0.0879084  0.000e+00
       4778     26.056    11.7623    11.6390   3.673167   3.664596     0.8619     0.9217     0.0084  0.0883968  0.000e+00
       4779     25.933    11.7602    11.6424   3.673179   3.664697     0.8619     0.9217     0.0084  0.0883968  0.000e+00
       4780     26.056    11.7593    11.6445   3.673066   3.664585     0.8619     0.9217     0.0084  0.0883968  0.000e+00
       4781     25.990    11.7564    11.6465   3.672958   3.664436     0.8619     0.9217     0.0084  0.0879084  0.000e+00
       4782     25.990    11.7532    11.6540   3.672832   3.664253     0.8619     0.9217     0.0084  0.0879084  0.000e+00
       4783     25.990    11.7521    11.6668   3.672850   3.664365     0.8619     0.9217     0.0082  0.0879084  0.000e+00
       4784     25.990    11.7514    11.6800   3.672826   3.664424     0.8607     0.9217     0.0082  0.0879084  0.000e+00
       4785     25.990    11.7514    11.6874   3.672850   3.664329     0.8619     0.9217     0.0082  0.0879084  0.000e+00
       4786     26.056    11.7519    11.6919   3.672886   3.664211     0.8619     0.9217     0.0082  0.0879084  0.000e+00
       4787     25.990    11.7565    11.6936   3.672874   3.664122     0.8631     0.9217     0.0082  0.0883968  0.000e+00
       4788     25.990    11.7600    11.6938   3.672958   3.664051     0.8619     0.9217     0.0082  0.0883968  0.000e+00
       4789     25.990    11.7597    11.6914   3.673041   3.664098     0.8607     0.9217     0.0082  0.0879084  0.000e+00
       4790     25.990    11.7610    11.6893   3.673203   3.664229     0.8607     0.9217     0.0082  0.0879084  0.000e+00
       4791     25.990    11.7631    11.6875   3.673227   3.664341     0.8631     0.9217     0.0082  0.0879084  0.000e+00
       4792     26.056    11.7681    11.6809   3.673539   3.664377     0.8619     0.9217     0.0082  0.0883968  0.000e+00
       4793     25.990    11.7823    11.6699   3.673773   3.664318     0.8607     0.9217     0.0082  0.0874200  0.000e+00
       4794     25.990    11.7921    11.6615   3.673929   3.664152     0.8619     0.9217     0.0082  0.0883968  0.000e+00
       4795     25.990    11.7907    11.6557   3.674043   3.664093     0.8619     0.9217     0.0082  0.0879084  0.000e+00
       4796     26.056    11.7868    11.6518   3.674019   3.663980     0.8631     0.9217     0.0082  0.0879084  0.000e+00
       4797     25.990    11.7832    11.6488   3.674151   3.663945     0.8619     0.9217     0.0082  0.0883968  0.000e+00
       4798     25.990    11.7797    11.6479   3.674295   3.663809     0.8619     0.9217     0.0082  0.0879084  0.000e+00
       4799     26.056    11.7792    11.6557   3.674451   3.663749     0.8619     0.9217     0.0082  0.0879084  0.000e+00
       4800     25.990    11.7825    11.6566   3.674738   3.663749     0.8619     0.9217     0.0082  0.0879084  0.000e+00
       4801     26.056    11.7925    11.6526   3.674966   3.663785     0.8631     0.9217     0.0082  0.0879084  0.000e+00
       4802     25.990    11.8024    11.6503   3.675158   3.663785     0.8631     0.9205     0.0082  0.0879084  0.000e+00
       4803     25.990    11.8110    11.6515   3.675278   3.663832     0.8619     0.9205     0.0082  0.0883968  0.000e+00
       4804     26.056    11.8158    11.6498   3.675206   3.663886     0.8619     0.9205     0.0082  0.0874200  0.000e+00
       4805     25.990    11.8162    11.6481   3.674828   3.664051     0.8631     0.9217     0.0082  0.0879084  0.000e+00
       4806     25.990    11.8105    11.6487   3.674594   3.664348     0.8643     0.9217     0.0082  0.0883968  0.000e+00
       4807     26.056    11.8038    11.6512   3.674486   3.664419     0.8619     0.9217     0.0082  0.0883968  0.000e+00
       4808     25.990    11.6687    11.4800   3.674458   3.664332     0.8716     0.9217     0.0084  0.0879084  0.000e+00
       4809     25.990    11.7923    11.6558   3.674456   3.664199     0.8619     0.9205     0.0086  0.0879084  0.000e+00
       4810     26.056    11.7898    11.6542   3.674409   3.664205     0.8594     0.9205     0.0086  0.0883968  0.000e+00
       4811     26.056    11.7854    11.6541   3.674271   3.664330     0.8631     0.9217     0.0086  0.0879084  0.000e+00
       4812     25.990    11.7794    11.6530   3.673959   3.664490     0.8631     0.9205     0.0086  0.0879084  0.000e+00
       4813     26.056    11.7766    11.6513   3.673671   3.664638     0.8619     0.9205     0.0086  0.0879084  0.000e+00
       4814     25.990    11.7762    11.6515   3.673545   3.664756     0.8619     0.9205     0.0086  0.0883968  0.000e+00
       4815     25.990    11.7744    11.6541   3.673467   3.664809     0.8631     0.9205     0.0086  0.0879084  0.000e+00
       4816     26.056    11.7746    11.6565   3.673521   3.664804     0.8643     0.9205     0.0086  0.0883968  0.000e+00
       4817     26.056    11.7744    11.6578   3.673623   3.664886     0.8619     0.9205     0.0086  0.0883968  0.000e+00
       4818     25.990    11.7761    11.6588   3.673695   3.664987     0.8619     0.9205     0.0086  0.0879084  0.000e+00
       4819     26.056    11.7748    11.6596   3.673587   3.665171     0.8619     0.9205     0.0086  0.0883968  0.000e+00
       4820     25.990    11.7746    11.6623   3.673623   3.665354     0.8643     0.9205     0.0084  0.0879084  0.000e+00
       4821     26.056    11.7754    11.6666   3.673521   3.665526     0.8631     0.9205     0.0086  0.0883968  0.000e+00
       4822     26.056    11.7754    11.6733   3.673431   3.665621     0.8631     0.9205     0.0086  0.0879084  0.000e+00
       4823     26.056    11.7751    11.6774   3.673377   3.665733     0.8619     0.9205     0.0086  0.0879084  0.000e+00
       4824     25.990    11.7739    11.6791   3.673281   3.665793     0.8619     0.9205     0.0086  0.0883968  0.000e+00
       4825     26.056    11.7766    11.6796   3.673305   3.665917     0.8643     0.9205     0.0086  0.0879084  0.000e+00
       4826     25.990    11.7814    11.6791   3.673395   3.665958     0.8631     0.9205     0.0086  0.0879084  0.000e+00
       4827     26.056    11.7809    11.6791   3.673347   3.665941     0.8619     0.9205     0.0086  0.0879084  0.000e+00
       4828     26.056    11.7799    11.6806   3.673269   3.665923     0.8619     0.9205     0.0086  0.0879084  0.000e+00
       4829     26.056    11.7812    11.6816   3.673377   3.665970     0.8631     0.9205     0.0086  0.0879084  0.000e+00
       4830     26.056    11.7823    11.6823   3.673293   3.666095     0.8643     0.9205     0.0086  0.0879084  0.000e+00
       4831     25.932    11.7792    11.6816   3.673155   3.666219     0.8631     0.9205     0.0086  0.0879084  0.000e+00
       4832     26.113    11.7733    11.6842   3.672987   3.666278     0.8631     0.9205     0.0086  0.0883968  0.000e+00
       4833     26.056    11.7658    11.6874   3.672957   3.666278     0.8619     0.9205     0.0086  0.0879084  0.000e+00
       4834     26.056    11.7612    11.6880   3.673012   3.666302     0.8631     0.9205     0.0082  0.0879084  0.000e+00
       4835     25.990    11.7719    11.6886   3.672999   3.666391     0.8643     0.9217     0.0082  0.0883968  0.000e+00
       4836     26.113    11.7804    11.6886   3.672945   3.666385     0.8631     0.9205     0.0082  0.0883968  0.000e+00
       4837     25.990    11.7837    11.6878   3.672831   3.666361     0.8619     0.9205     0.0082  0.0883968  0.000e+00
       4838     26.056    11.7776    11.6860   3.672628   3.666296     0.8631     0.9205     0.0082  0.0879084  0.000e+00
       4839     26.056    11.7658    11.6850   3.672226   3.666207     0.8643     0.9205     0.0082  0.0879084  0.000e+00
       4840     26.056    11.7554    11.6854   3.671920   3.666142     0.8643     0.9205     0.0082  0.0883968  0.000e+00
       4841     26.056    11.7516    11.6871   3.671638   3.666023     0.8619     0.9205     0.0082  0.0883968  0.000e+00
       4842     26.056    11.7519    11.6841   3.671345   3.665787     0.8631     0.9205     0.0082  0.0879084  0.000e+00
       4843     26.056    11.7547    11.6832   3.671147   3.665710     0.8619     0.9205     0.0082  0.0883968  0.000e+00
       4844     26.056    11.7590    11.6838   3.671099   3.665674     0.8643     0.9205     0.0082  0.0879084  0.000e+00
       4845     26.056    11.7607    11.6843   3.671207   3.665550     0.8631     0.9205     0.0082  0.0879084  0.000e+00
       4846     26.056    11.7643    11.6838   3.671141   3.665407     0.8631     0.9205     0.0082  0.0883968  0.000e+00
       4847     26.056    11.7723    11.6827   3.671159   3.665319     0.8631     0.9205     0.0082  0.0883968  0.000e+00
       4848     26.056    11.7759    11.6818   3.671194   3.665194     0.8631     0.9205     0.0082  0.0883968  0.000e+00
       4849     26.056    11.7761    11.6806   3.671230   3.665022     0.8643     0.9205     0.0082  0.0883968  0.000e+00
       4850     26.056    11.7779    11.6759   3.671284   3.664857     0.8643     0.9205     0.0082  0.0883968  0.000e+00
       4851     26.056    11.7728    11.6661   3.671278   3.664608     0.8619     0.9205     0.0082  0.0879084  0.000e+00
       4852     26.056    11.7582    11.6583   3.671321   3.664288     0.8631     0.9205     0.0082  0.0879084  0.000e+00
