code/data/2021/ctd_data_day1/Station 5 210921_ctm.cnv
* Sea-Bird SBE 9 Data File:
* FileName = C:\Users\CTD-User\Desktop\MAR440\Station 5 210921.hex
* Software Version Seasave V 7.26.2.13
* Temperature SN = 6313
* Conductivity SN = 4758
* Number of Bytes Per Scan = 30
* Number of Voltage Words = 4
* Number of Scans Averaged by the Deck Unit = 1
* NMEA baud rate = 4800
** Ship:
** Station:
** Operator:
# nquan = 11
# nvalues = 5809                        
# units = specified
# name 0 = scan: Scan Count
# name 1 = prDM: Pressure, Digiquartz [db]
# name 2 = t090C: Temperature [ITS-90, deg C]
# name 3 = t190C: Temperature, 2 [ITS-90, deg C]
# name 4 = c0S/m: Conductivity [S/m]
# name 5 = c1S/m: Conductivity, 2 [S/m]
# name 6 = sbeox0V: Oxygen raw, SBE 43 [V]
# name 7 = sbeox1V: Oxygen raw, SBE 43, 2 [V]
# name 8 = flECO-AFL: Fluorescence, WET Labs ECO-AFL/FL [mg/m^3]
# name 9 = upoly0: Upoly 0, Turbidity
# name 10 = flag:  0.000e+00
# span 0 =          1,       5809       
# span 1 =      0.454,     26.522       
# span 2 =    10.8323,    16.2943       
# span 3 =    10.8611,    16.2956       
# span 4 =   2.868531,   3.811440       
# span 5 =   2.882006,   3.812496       
# span 6 =     0.8558,     2.8218       
# span 7 =     0.9205,     2.7863       
# span 8 =     0.0035,     0.0101       
# span 9 =  0.0864432,  0.1636105       
# span 10 = 0.0000e+00, 0.0000e+00      
# interval = seconds: 0.0416667
# start_time = Sep 21 2021 10:32:06 [System UTC, header]
# bad_flag = -9.990e-29
*END*
[from data line 4853]
       4854     26.056    11.7294    11.6510   3.671298   3.663928     0.8668     0.9205     0.0082  0.0883968 0.0000e+00
       4855     26.113    11.7299    11.6537   3.671349   3.663945     0.8643     0.9205     0.0082  0.0883968 0.0000e+00
       4856     26.056    11.7350    11.6588   3.671326   3.663952     0.8631     0.9205     0.0082  0.0883968 0.0000e+00
       4857     26.056    11.7430    11.6602   3.671369   3.663891     0.8631     0.9205     0.0082  0.0883968 0.0000e+00
       4858     26.055    11.7433    11.6583   3.671382   3.663902     0.8643     0.9205     0.0082  0.0883968 0.0000e+00
       4859     26.055    11.7377    11.6531   3.671259   3.663865     0.8668     0.9205     0.0082  0.0883968 0.0000e+00
       4860     26.055    11.7329    11.6495   3.671109   3.663786     0.8643     0.9205     0.0082  0.0883968 0.0000e+00
       4861     26.055    11.7302    11.6468   3.670799   3.663522     0.8631     0.9205     0.0082  0.0883968 0.0000e+00
       4862     26.055    11.7294    11.6342   3.670557   3.663125     0.8631     0.9205     0.0082  0.0874200 0.0000e+00
       4863     26.113    11.7266    11.6282   3.670235   3.662765     0.8668     0.9217     0.0082  0.0883968 0.0000e+00
       4864     26.055    11.7223    11.6323   3.670106   3.662734     0.8643     0.9205     0.0082  0.0879084 0.0000e+00
       4865     26.055    11.7138    11.6395   3.669942   3.662987     0.8631     0.9205     0.0082  0.0874200 0.0000e+00
       4866     26.055    11.7056    11.6424   3.669995   3.663240     0.8631     0.9205     0.0082  0.0879084 0.0000e+00
       4867     26.055    11.7001    11.6443   3.670017   3.663491     0.8631     0.9205     0.0082  0.0874200 0.0000e+00
       4868     26.113    11.6968    11.6477   3.669880   3.663676     0.8668     0.9205     0.0082  0.0883968 0.0000e+00
       4869     26.055    11.6998    11.6493   3.669802   3.663788     0.8643     0.9217     0.0082  0.0879084 0.0000e+00
       4870     26.055    11.7066    11.6501   3.669691   3.663732     0.8631     0.9205     0.0082  0.0879084 0.0000e+00
       4871     26.055    11.7117    11.6501   3.669549   3.663668     0.8631     0.9205     0.0082  0.0879084 0.0000e+00
       4872     26.055    11.7153    11.6510   3.669355   3.663535     0.8643     0.9205     0.0082  0.0879084 0.0000e+00
       4873     26.113    11.7170    11.6538   3.669164   3.663522     0.8655     0.9205     0.0082  0.0879084 0.0000e+00
       4874     26.055    11.7203    11.6563   3.668979   3.663691     0.8668     0.9205     0.0082  0.0883968 0.0000e+00
       4875     26.055    11.7332    11.6583   3.668980   3.663877     0.8643     0.9205     0.0082  0.0883968 0.0000e+00
       4876     26.055    11.7473    11.6602   3.669106   3.664156     0.8631     0.9205     0.0082  0.0879084 0.0000e+00
       4877     26.055    11.7496    11.6651   3.669013   3.664530     0.8643     0.9205     0.0082  0.0883968 0.0000e+00
       4878     26.113    11.7610    11.6698   3.668894   3.664808     0.8668     0.9205     0.0082  0.0883968 0.0000e+00
       4879     26.055    11.7731    11.6721   3.668705   3.665078     0.8643     0.9205     0.0082  0.0879084 0.0000e+00
       4880     26.055    11.7729    11.6695   3.668398   3.665316     0.8643     0.9217     0.0082  0.0883968 0.0000e+00
       4881     26.113    11.7638    11.6683   3.667722   3.665519     0.8631     0.9205     0.0081  0.0883968 0.0000e+00
       4882     26.055    11.7464    11.6731   3.667195   3.665791     0.8668     0.9205     0.0082  0.0874200 0.0000e+00
       4883     26.113    11.7171    11.6796   3.666748   3.666046     0.8668     0.9205     0.0082  0.0883968 0.0000e+00
       4884     26.055    11.7033    11.6836   3.666673   3.666245     0.8643     0.9205     0.0082  0.0883968 0.0000e+00
       4885     26.055    11.7029    11.6816   3.666929   3.666344     0.8631     0.9205     0.0081  0.0879084 0.0000e+00
       4886     26.055    11.7018    11.6878   3.667208   3.666586     0.8631     0.9205     0.0082  0.0883968 0.0000e+00
       4887     26.113    11.7021    11.6968   3.667396   3.666833     0.8668     0.9205     0.0082  0.0883968 0.0000e+00
       4888     26.055    11.7023    11.7011   3.667488   3.667091     0.8668     0.9205     0.0082  0.0883968 0.0000e+00
       4889     26.055    11.7061    11.7016   3.667521   3.667305     0.8643     0.9205     0.0082  0.0879084 0.0000e+00
       4890     26.113    11.7086    11.7049   3.667327   3.667483     0.8631     0.9205     0.0082  0.0883968 0.0000e+00
       4891     26.055    11.7119    11.7083   3.667154   3.667607     0.8643     0.9205     0.0082  0.0883968 0.0000e+00
       4892     26.055    11.7131    11.7096   3.666878   3.667736     0.8655     0.9205     0.0082  0.0883968 0.0000e+00
       4893     26.113    11.4720    11.4292   3.665867   3.666707     0.8765     0.9217     0.0082  0.0879084 0.0000e+00
       4894     26.055    11.7023    11.7084   3.666736   3.667844     0.8607     0.9205     0.0082  0.0879084 0.0000e+00
       4895     26.055    11.6998    11.7064   3.666746   3.667929     0.8619     0.9205     0.0082  0.0883968 0.0000e+00
       4896     26.055    11.6991    11.7059   3.667067   3.667950     0.8631     0.9205     0.0082  0.0883968 0.0000e+00
       4897     26.113    11.6940    11.7063   3.667277   3.667951     0.8668     0.9205     0.0082  0.0883968 0.0000e+00
       4898     26.055    11.6924    11.7069   3.667386   3.667976     0.8643     0.9205     0.0082  0.0879084 0.0000e+00
       4899     26.055    11.6958    11.7077   3.667376   3.667966     0.8631     0.9205     0.0082  0.0883968 0.0000e+00
       4900     26.055    11.6991    11.7083   3.667497   3.668033     0.8631     0.9217     0.0082  0.0879084 0.0000e+00
       4901     26.055    11.7021    11.7076   3.667569   3.667982     0.8643     0.9205     0.0082  0.0883968 0.0000e+00
       4902     26.113    11.7061    11.7067   3.667668   3.668043     0.8668     0.9205     0.0082  0.0883968 0.0000e+00
       4903     26.055    11.7091    11.7056   3.667776   3.667979     0.8643     0.9205     0.0082  0.0883968 0.0000e+00
       4904     26.055    11.7109    11.7036   3.667742   3.667981     0.8631     0.9205     0.0082  0.0883968 0.0000e+00
       4905     26.055    11.7101    11.7017   3.667757   3.667991     0.8631     0.9205     0.0082  0.0879084 0.0000e+00
       4906     26.055    11.7086    11.7003   3.667866   3.668009     0.8643     0.9217     0.0082  0.0879084 0.0000e+00
       4907     26.113    11.7079    11.6989   3.667972   3.667962     0.8643     0.9205     0.0082  0.0883968 0.0000e+00
       4908     26.055    11.7072    11.6977   3.668162   3.667896     0.8631     0.9205     0.0082  0.0879084 0.0000e+00
       4909     26.055    11.7064    11.6983   3.668268   3.667952     0.8631     0.9205     0.0082  0.0883968 0.0000e+00
       4910     26.055    11.7043    11.7011   3.668225   3.667914     0.8619     0.9205     0.0082  0.0883968 0.0000e+00
       4911     26.055    11.7056    11.7070   3.668416   3.667984     0.8643     0.9205     0.0082  0.0879084 0.0000e+00
       4912     26.055    11.7086    11.7101   3.668535   3.668041     0.8643     0.9205     0.0082  0.0883968 0.0000e+00
       4913     26.055    11.7086    11.7097   3.668554   3.668027     0.8631     0.9205     0.0082  0.0883968 0.0000e+00
       4914     26.113    11.7092    11.7075   3.668653   3.668054     0.8619     0.9205     0.0082  0.0883968 0.0000e+00
       4915     25.989    11.7186    11.7014   3.668671   3.668024     0.8631     0.9205     0.0082  0.0879084 0.0000e+00
       4916     26.063    11.7352    11.6968   3.668770   3.668070     0.8643     0.9217     0.0082  0.0883968 0.0000e+00
       4917     26.055    11.7411    11.6961   3.668859   3.668191     0.8643     0.9205     0.0082  0.0879084 0.0000e+00
       4918     26.055    11.7340    11.7002   3.668946   3.668236     0.8631     0.9217     0.0082  0.0879084 0.0000e+00
       4919     26.055    11.7246    11.7029   3.669066   3.668341     0.8619     0.9217     0.0082  0.0883968 0.0000e+00
       4920     26.055    11.7204    11.7006   3.669165   3.668509     0.8631     0.9217     0.0082  0.0879084 0.0000e+00
       4921     26.055    11.7215    11.6956   3.669139   3.668542     0.8643     0.9205     0.0082  0.0879084 0.0000e+00
       4922     26.055    11.7182    11.6946   3.669187   3.668656     0.8643     0.9205     0.0082  0.0883968 0.0000e+00
       4923     26.055    11.7131    11.6919   3.669534   3.668829     0.8631     0.9217     0.0082  0.0883968 0.0000e+00
       4924     26.055    11.7144    11.6786   3.669869   3.668927     0.8619     0.9217     0.0082  0.0879084 0.0000e+00
       4925     26.055    11.7234    11.6676   3.670101   3.668968     0.8631     0.9205     0.0082  0.0879084 0.0000e+00
       4926     26.055    11.7278    11.6625   3.670106   3.668984     0.8643     0.9205     0.0082  0.0879084 0.0000e+00
       4927     26.055    11.7312    11.6636   3.670155   3.669053     0.8631     0.9217     0.0082  0.0879084 0.0000e+00
       4928     26.055    11.7307    11.6675   3.670171   3.669104     0.8619     0.9205     0.0082  0.0883968 0.0000e+00
       4929     26.055    11.7317    11.6706   3.670121   3.669175     0.8619     0.9205     0.0082  0.0883968 0.0000e+00
       4930     25.989    11.7337    11.6723   3.669871   3.669175     0.8631     0.9217     0.0082  0.0883968 0.0000e+00
       4931     26.055    11.7380    11.6705   3.669882   3.669233     0.8643     0.9217     0.0082  0.0883968 0.0000e+00
       4932     26.055    11.7557    11.6673   3.670093   3.669192     0.8631     0.9217     0.0082  0.0879084 0.0000e+00
       4933     26.055    11.7595    11.6663   3.670197   3.669123     0.8619     0.9217     0.0082  0.0879084 0.0000e+00
       4934     26.055    11.7537    11.6724   3.670096   3.669009     0.8619     0.9217     0.0082  0.0879084 0.0000e+00
       4935     26.055    11.7421    11.6845   3.669920   3.668943     0.8643     0.9217     0.0082  0.0879084 0.0000e+00
       4936     25.989    11.7372    11.6904   3.669871   3.668840     0.8631     0.9217     0.0081  0.0883968 0.0000e+00
       4937     26.055    11.7322    11.6866   3.670122   3.668772     0.8619     0.9217     0.0081  0.0883968 0.0000e+00
       4938     26.055    11.7316    11.6816   3.670444   3.668746     0.8619     0.9217     0.0081  0.0879084 0.0000e+00
       4939     25.989    11.7387    11.6795   3.670920   3.668685     0.8619     0.9217     0.0081  0.0879084 0.0000e+00
       4940     26.055    11.7428    11.6783   3.671206   3.668739     0.8668     0.9217     0.0081  0.0883968 0.0000e+00
       4941     26.055    11.7476    11.6771   3.671320   3.668686     0.8631     0.9217     0.0081  0.0883968 0.0000e+00
       4942     25.989    11.7497    11.6766   3.671442   3.668607     0.8619     0.9217     0.0081  0.0879084 0.0000e+00
       4943     26.055    11.7512    11.6776   3.671603   3.668523     0.8607     0.9217     0.0081  0.0879084 0.0000e+00
       4944     26.055    11.7527    11.6795   3.671650   3.668435     0.8619     0.9217     0.0081  0.0883968 0.0000e+00
       4945     25.989    11.7578    11.6798   3.671597   3.668311     0.8643     0.9217     0.0081  0.0879084 0.0000e+00
       4946     26.055    11.7643    11.6795   3.671495   3.668108     0.8619     0.9217     0.0081  0.0883968 0.0000e+00
       4947     25.989    11.7631    11.6768   3.671508   3.668092     0.8619     0.9217     0.0081  0.0883968 0.0000e+00
       4948     26.055    11.7587    11.6716   3.671438   3.667942     0.8619     0.9217     0.0081  0.0883968 0.0000e+00
       4949     26.055    11.7542    11.6676   3.671366   3.667974     0.8619     0.9217     0.0081  0.0879084 0.0000e+00
       4950     25.989    11.7506    11.6666   3.671172   3.667929     0.8631     0.9217     0.0081  0.0883968 0.0000e+00
       4951     26.055    11.7464    11.6668   3.670976   3.668006     0.8631     0.9217     0.0081  0.0883968 0.0000e+00
       4952     25.989    11.7452    11.6670   3.670792   3.668012     0.8619     0.9217     0.0081  0.0883968 0.0000e+00
       4953     26.055    11.6170    11.4906   3.670110   3.667317     0.8680     0.9217     0.0081  0.0883968 0.0000e+00
       4954     25.989    11.7420    11.6661   3.670512   3.667972     0.8643     0.9217     0.0081  0.0883968 0.0000e+00
       4955     26.055    11.7382    11.6643   3.670834   3.667918     0.8594     0.9217     0.0081  0.0879084 0.0000e+00
       4956     25.989    11.7411    11.6666   3.671397   3.667808     0.8607     0.9217     0.0081  0.0879084 0.0000e+00
       4957     25.989    11.7444    11.6701   3.672008   3.667744     0.8607     0.9217     0.0081  0.0879084 0.0000e+00
       4958     26.055    11.7446    11.6753   3.672459   3.667841     0.8619     0.9217     0.0081  0.0883968 0.0000e+00
       4959     25.989    11.7464    11.6793   3.672693   3.667939     0.8631     0.9217     0.0081  0.0879084 0.0000e+00
       4960     25.989    11.7481    11.6816   3.672742   3.668065     0.8631     0.9229     0.0081  0.0879084 0.0000e+00
       4961     26.055    11.7491    11.6873   3.672817   3.668288     0.8619     0.9217     0.0081  0.0879084 0.0000e+00
       4962     25.989    11.7531    11.6908   3.672976   3.668455     0.8607     0.9229     0.0081  0.0879084 0.0000e+00
       4963     25.989    11.7587    11.6924   3.673182   3.668567     0.8607     0.9217     0.0081  0.0879084 0.0000e+00
       4964     26.055    11.7642    11.6964   3.673449   3.668629     0.8631     0.9229     0.0081  0.0883968 0.0000e+00
       4965     25.989    11.7668    11.6972   3.673692   3.668590     0.8619     0.9229     0.0081  0.0879084 0.0000e+00
       4966     25.989    11.7693    11.6978   3.673863   3.668698     0.8607     0.9217     0.0081  0.0883968 0.0000e+00
       4967     25.989    11.7675    11.6996   3.674150   3.668746     0.8607     0.9229     0.0081  0.0879084 0.0000e+00
       4968     25.989    11.7640    11.7011   3.674514   3.668823     0.8619     0.9229     0.0081  0.0883968 0.0000e+00
       4969     26.055    11.4599    11.3538   3.673371   3.667464     0.8692     0.9229     0.0081  0.0879084 0.0000e+00
       4970     25.931    11.7704    11.7091   3.674563   3.668860     0.8631     0.9217     0.0081  0.0883968 0.0000e+00
       4971     26.055    11.7918    11.7269   3.674464   3.668951     0.8668     0.9229     0.0081  0.0879084 0.0000e+00
       4972     25.989    11.7828    11.7203   3.674267   3.668901     0.8570     0.9229     0.0081  0.0883968 0.0000e+00
       4973     25.989    11.7822    11.7211   3.674209   3.668968     0.8594     0.9229     0.0081  0.0879084 0.0000e+00
       4974     25.989    11.7802    11.7211   3.674177   3.668991     0.8619     0.9229     0.0081  0.0879084 0.0000e+00
       4975     25.989    11.7795    11.7208   3.674114   3.669083     0.8619     0.9229     0.0081  0.0883968 0.0000e+00
       4976     25.989    11.7830    11.7199   3.674108   3.669310     0.8619     0.9229     0.0081  0.0883968 0.0000e+00
       4977     25.989    11.7920    11.7194   3.674261   3.669538     0.8619     0.9229     0.0081  0.0883968 0.0000e+00
       4978     25.989    11.7923    11.7199   3.674590   3.669670     0.8619     0.9229     0.0081  0.0883968 0.0000e+00
       4979     25.989    11.7870    11.7199   3.674983   3.669912     0.8619     0.9229     0.0081  0.0879084 0.0000e+00
       4980     25.989    11.7875    11.7203   3.675188   3.670131     0.8619     0.9229     0.0081  0.0879084 0.0000e+00
       4981     25.989    11.8302    11.7179   3.675949   3.670364     0.8607     0.9229     0.0081  0.0879084 0.0000e+00
       4982     25.989    11.8608    11.7137   3.677227   3.670193     0.8619     0.9229     0.0081  0.0883968 0.0000e+00
       4983     25.931    11.8467    11.7084   3.678107   3.670516     0.8619     0.9229     0.0081  0.0879084 0.0000e+00
