code/data/2021/ctd_data_day1/Station 3 210921_ctm.cnv
* Sea-Bird SBE 9 Data File:
* FileName = C:\Users\CTD-User\Desktop\MAR440\Station 3 210921.hex
* Software Version Seasave V 7.26.2.13
* Temperature SN = 6313
* Conductivity SN = 4758
* Number of Bytes Per Scan = 30
* Number of Voltage Words = 4
* Number of Scans Averaged by the Deck Unit = 1
* NMEA baud rate = 4800
** Ship:
** Station:
** Operator:
# nquan = 11
# nvalues = 5414                        
# units = specified
# name 0 = scan: Scan Count
# name 1 = prDM: Pressure, Digiquartz [db]
# name 2 = t090C: Temperature [ITS-90, deg C]
# name 3 = t190C: Temperature, 2 [ITS-90, deg C]
# name 4 = c0S/m: Conductivity [S/m]
# name 5 = c1S/m: Conductivity, 2 [S/m]
# name 6 = sbeox0V: Oxygen raw, SBE 43 [V]
# name 7 = sbeox1V: Oxygen raw, SBE 43, 2 [V]
# name 8 = flECO-AFL: Fluorescence, WET Labs ECO-AFL/FL [mg/m^3]
# name 9 = upoly0: Upoly 0, Turbidity
# name 10 = flag:  0.000e+00
# span 0 =          1,       5414       
# span 1 =      1.484,     20.539       
# span 2 =     8.0003,    16.1871       
# span 3 =     8.0022,    16.1888       
# span 4 =   2.917431,   3.482951       
# span 5 =   2.965170,   3.484257       
# span 6 =     0.4650,     2.8157       
# span 7 =     0.5261,     2.6667       
# span 8 =     0.0033,     0.0092       
# span 9 =  0.0883968,  0.1934029       
# span 10 = 0.0000e+00, 0.0000e+00      
# interval = seconds: 0.0416667
# start_time = Sep 21 2021 09:31:52 [System UTC, header]
# bad_flag = -9.990e-29
*END*
[from data line 4460]
       4461     19.919     8.0033     8.1884   3.236527   3.245537     0.4809     0.5530     0.0075  0.1528657 0.0000e+00
       4462     19.968     8.0031     8.1975   3.236433   3.245483     0.4809     0.5517     0.0075  0.1523773 0.0000e+00
       4463     19.919     8.0028     8.2015   3.236477   3.245493     0.4809     0.5530     0.0075  0.1523773 0.0000e+00
       4464     19.919     8.0023     8.2019   3.236502   3.245400     0.4809     0.5530     0.0077  0.1523773 0.0000e+00
       4465     19.919     8.0034     8.2021   3.236488   3.245426     0.4809     0.5530     0.0075  0.1523773 0.0000e+00
       4466     19.919     8.0051     8.2061   3.236510   3.245475     0.4809     0.5517     0.0077  0.1523773 0.0000e+00
       4467     19.919     8.0060     8.2164   3.236484   3.245707     0.4809     0.5517     0.0077  0.1523773 0.0000e+00
       4468     19.919     8.0060     8.2319   3.236476   3.245930     0.4809     0.5517     0.0075  0.1523773 0.0000e+00
       4469     19.985     8.0051     8.2499   3.236386   3.246269     0.4809     0.5517     0.0077  0.1523773 0.0000e+00
       4470     19.910     8.0041     8.2664   3.236374   3.246578     0.4809     0.5517     0.0075  0.1523773 0.0000e+00
       4471     19.919     8.0029     8.2755   3.236300   3.246636     0.4797     0.5517     0.0077  0.1518889 0.0000e+00
       4472     19.919     8.0024     8.2802   3.236160   3.246760     0.4797     0.5517     0.0075  0.1523773 0.0000e+00
       4473     19.919     8.0021     8.2863   3.236078   3.246636     0.4809     0.5517     0.0075  0.1523773 0.0000e+00
       4474     19.919     8.0020     8.2898   3.236069   3.246655     0.4809     0.5517     0.0075  0.1523773 0.0000e+00
       4475     19.919     8.0015     8.2877   3.235935   3.246590     0.4797     0.5517     0.0077  0.1523773 0.0000e+00
       4476     19.919     8.0017     8.2818   3.235878   3.246529     0.4809     0.5517     0.0075  0.1523773 0.0000e+00
       4477     19.919     8.0017     8.2768   3.235802   3.246544     0.4809     0.5517     0.0075  0.1523773 0.0000e+00
       4478     19.919     8.0015     8.2768   3.235765   3.246675     0.4809     0.5517     0.0077  0.1523773 0.0000e+00
       4479     19.968     8.0015     8.2698   3.235769   3.246858     0.4809     0.5517     0.0077  0.1523773 0.0000e+00
       4480     19.919     8.0017     8.2416   3.235705   3.246732     0.4797     0.5517     0.0077  0.1523773 0.0000e+00
       4481     19.919     8.0015     8.2138   3.235685   3.246426     0.4785     0.5517     0.0075  0.1523773 0.0000e+00
       4482     19.919     8.0017     8.2003   3.235599   3.246220     0.4785     0.5517     0.0075  0.1518889 0.0000e+00
       4483     19.919     8.0017     8.1891   3.235529   3.245954     0.4797     0.5517     0.0077  0.1523773 0.0000e+00
       4484     19.919     8.0029     8.1702   3.235657   3.245749     0.4809     0.5517     0.0071  0.1518889 0.0000e+00
       4485     19.919     8.0065     8.1611   3.235559   3.245419     0.4797     0.5517     0.0077  0.1523773 0.0000e+00
       4486     19.919     8.0093     8.1725   3.235592   3.245288     0.4785     0.5517     0.0075  0.1523773 0.0000e+00
       4487     19.968     8.0088     8.1654   3.235594   3.244964     0.4785     0.5517     0.0075  0.1518889 0.0000e+00
       4488     19.919     8.0067     8.1392   3.235601   3.244649     0.4797     0.5505     0.0075  0.1518889 0.0000e+00
       4489     19.919     8.0044     8.1449   3.235630   3.244543     0.4809     0.5517     0.0075  0.1518889 0.0000e+00
       4490     19.861     8.0031     8.1766   3.235641   3.244635     0.4785     0.5505     0.0077  0.1518889 0.0000e+00
       4491     19.985     8.0023     8.1987   3.235613   3.244899     0.4785     0.5505     0.0075  0.1518889 0.0000e+00
       4492     19.919     8.0020     8.2011   3.235478   3.245097     0.4785     0.5505     0.0077  0.1518889 0.0000e+00
       4493     19.919     8.0017     8.1985   3.235458   3.245337     0.4809     0.5517     0.0075  0.1518889 0.0000e+00
       4494     19.919     8.0018     8.1940   3.235474   3.245180     0.4785     0.5505     0.0077  0.1518889 0.0000e+00
       4495     19.919     8.0019     8.1975   3.235318   3.245003     0.4785     0.5505     0.0077  0.1518889 0.0000e+00
       4496     19.910     8.0017     8.2179   3.235292   3.244938     0.4785     0.5505     0.0077  0.1518889 0.0000e+00
       4497     19.919     8.0018     8.2309   3.235239   3.245055     0.4785     0.5505     0.0077  0.1518889 0.0000e+00
       4498     19.919     8.0020     8.2271   3.235176   3.245042     0.4797     0.5505     0.0077  0.1518889 0.0000e+00
       4499     19.919     8.0024     8.2206   3.235169   3.245121     0.4785     0.5505     0.0075  0.1518889 0.0000e+00
       4500     19.919     8.0062     8.2242   3.235176   3.245203     0.4772     0.5505     0.0077  0.1518889 0.0000e+00
       4501     19.919     8.0110     8.2261   3.235248   3.245346     0.4772     0.5493     0.0075  0.1518889 0.0000e+00
       4502     19.919     8.0136     8.1995   3.235255   3.245278     0.4785     0.5505     0.0075  0.1518889 0.0000e+00
       4503     19.919     8.0152     8.1437   3.235299   3.244304     0.4785     0.5505     0.0075  0.1518889 0.0000e+00
       4504     19.968     8.0219     8.0977   3.235412   3.243273     0.4772     0.5505     0.0075  0.1518889 0.0000e+00
       4505     19.861     8.0323     8.0729   3.235631   3.242383     0.4772     0.5505     0.0073  0.1518889 0.0000e+00
       4506     19.919     8.0374     8.0636   3.235744   3.242087     0.4772     0.5505     0.0075  0.1518889 0.0000e+00
       4507     19.919     8.0341     8.0733   3.235837   3.241878     0.4772     0.5505     0.0075  0.1518889 0.0000e+00
       4508     19.919     8.0267     8.0777   3.235825   3.241695     0.4772     0.5505     0.0075  0.1518889 0.0000e+00
       4509     19.919     8.0178     8.0690   3.235898   3.241424     0.4760     0.5493     0.0075  0.1518889 0.0000e+00
       4510     19.919     8.0113     8.0521   3.235888   3.241077     0.4760     0.5505     0.0077  0.1518889 0.0000e+00
       4511     19.919     8.0067     8.0393   3.235868   3.240718     0.4772     0.5505     0.0075  0.1518889 0.0000e+00
       4512     19.919     8.0049     8.0346   3.235974   3.240558     0.4772     0.5493     0.0075  0.1518889 0.0000e+00
       4513     19.910     8.0036     8.0364   3.235990   3.240614     0.4772     0.5505     0.0077  0.1518889 0.0000e+00
       4514     19.919     8.0028     8.0387   3.236053   3.240830     0.4760     0.5493     0.0075  0.1523773 0.0000e+00
       4515     19.919     8.0026     8.0361   3.235964   3.241142     0.4760     0.5505     0.0077  0.1523773 0.0000e+00
       4516     19.919     8.0023     8.0382   3.235949   3.241425     0.4772     0.5505     0.0075  0.1523773 0.0000e+00
       4517     19.919     8.0023     8.0717   3.235981   3.241897     0.4772     0.5493     0.0075  0.1523773 0.0000e+00
       4518     19.919     8.0021     8.1191   3.235995   3.242216     0.4772     0.5493     0.0075  0.1523773 0.0000e+00
       4519     19.919     8.0023     8.1330   3.235999   3.242418     0.4772     0.5493     0.0075  0.1523773 0.0000e+00
       4520     19.919     8.0039     8.1217   3.235917   3.242531     0.4760     0.5493     0.0075  0.1523773 0.0000e+00
       4521     19.910     8.0075     8.1158   3.235928   3.242484     0.4772     0.5493     0.0077  0.1523773 0.0000e+00
       4522     19.918     8.0125     8.1077   3.236001   3.242366     0.4772     0.5493     0.0075  0.1523773 0.0000e+00
       4523     19.918     8.0161     8.0938   3.236035   3.242120     0.4760     0.5493     0.0077  0.1523773 0.0000e+00
       4524     19.918     8.0185     8.0732   3.236024   3.242007     0.4760     0.5493     0.0075  0.1523773 0.0000e+00
       4525     19.918     8.0203     8.0732   3.236016   3.242022     0.4748     0.5493     0.0077  0.1523773 0.0000e+00
       4526     19.918     8.0212     8.0825   3.235959   3.242144     0.4760     0.5493     0.0075  0.1523773 0.0000e+00
       4527     19.918     8.0213     8.0884   3.235945   3.242181     0.4760     0.5493     0.0075  0.1518889 0.0000e+00
       4528     19.861     8.0205     8.0943   3.236013   3.242109     0.4760     0.5493     0.0077  0.1523773 0.0000e+00
       4529     19.918     8.0205     8.0879   3.235925   3.242078     0.4760     0.5493     0.0075  0.1523773 0.0000e+00
       4530     19.968     8.0200     8.0688   3.235869   3.241954     0.4760     0.5493     0.0075  0.1523773 0.0000e+00
       4531     19.861     8.0171     8.0504   3.235804   3.241821     0.4760     0.5493     0.0075  0.1523773 0.0000e+00
       4532     19.918     8.0128     8.0363   3.235779   3.241582     0.4760     0.5493     0.0077  0.1523773 0.0000e+00
       4533     19.918     8.0088     8.0273   3.235682   3.241208     0.4748     0.5493     0.0075  0.1523773 0.0000e+00
       4534     19.918     8.0060     8.0230   3.235601   3.240970     0.4760     0.5493     0.0075  0.1523773 0.0000e+00
       4535     19.918     8.0042     8.0235   3.235602   3.240734     0.4760     0.5493     0.0075  0.1523773 0.0000e+00
       4536     19.918     8.0034     8.0266   3.235545   3.240637     0.4760     0.5493     0.0075  0.1523773 0.0000e+00
       4537     19.918     8.0031     8.0416   3.235656   3.240611     0.4748     0.5493     0.0077  0.1523773 0.0000e+00
       4538     19.918     8.0025     8.0633   3.235617   3.240859     0.4748     0.5493     0.0077  0.1523773 0.0000e+00
       4539     19.910     8.0023     8.0884   3.235607   3.241034     0.4760     0.5493     0.0077  0.1518889 0.0000e+00
       4540     19.918     8.0024     8.1090   3.235685   3.241293     0.4760     0.5493     0.0075  0.1518889 0.0000e+00
       4541     19.918     8.0028     8.1416   3.235627   3.241631     0.4760     0.5493     0.0077  0.1518889 0.0000e+00
       4542     19.918     8.0028     8.1772   3.235573   3.242081     0.4760     0.5493     0.0077  0.1518889 0.0000e+00
       4543     19.918     8.0034     8.1961   3.235526   3.242373     0.4748     0.5481     0.0077  0.1518889 0.0000e+00
       4544     19.918     8.0031     8.1897   3.235403   3.242288     0.4748     0.5481     0.0077  0.1518889 0.0000e+00
       4545     19.918     8.0024     8.1635   3.235346   3.242084     0.4760     0.5481     0.0077  0.1518889 0.0000e+00
       4546     19.918     8.0024     8.1400   3.235229   3.241733     0.4760     0.5481     0.0077  0.1518889 0.0000e+00
       4547     19.910     8.0024     8.1253   3.235163   3.241330     0.4748     0.5481     0.0077  0.1518889 0.0000e+00
       4548     19.918     8.0024     8.1165   3.235058   3.240922     0.4760     0.5481     0.0077  0.1518889 0.0000e+00
       4549     19.918     8.0026     8.1061   3.235027   3.240643     0.4760     0.5481     0.0077  0.1518889 0.0000e+00
       4550     19.918     8.0033     8.0842   3.235118   3.240378     0.4760     0.5481     0.0077  0.1518889 0.0000e+00
       4551     19.918     8.0039     8.0710   3.235112   3.239943     0.4760     0.5481     0.0077  0.1518889 0.0000e+00
       4552     19.861     8.0042     8.0628   3.235076   3.239480     0.4760     0.5481     0.0077  0.1518889 0.0000e+00
       4553     19.918     8.0044     8.0514   3.235159   3.239069     0.4736     0.5481     0.0077  0.1518889 0.0000e+00
       4554     19.918     8.0041     8.0397   3.235149   3.238753     0.4736     0.5481     0.0077  0.1518889 0.0000e+00
       4555     19.918     8.0038     8.0312   3.235156   3.238500     0.4748     0.5481     0.0077  0.1518889 0.0000e+00
       4556     19.968     8.0034     8.0244   3.235255   3.238348     0.4760     0.5481     0.0077  0.1518889 0.0000e+00
       4557     19.918     8.0028     8.0239   3.235289   3.238379     0.4760     0.5481     0.0077  0.1518889 0.0000e+00
       4558     19.861     8.0026     8.0268   3.235291   3.238387     0.4736     0.5469     0.0077  0.1518889 0.0000e+00
       4559     19.918     8.0023     8.0341   3.235293   3.238379     0.4736     0.5481     0.0077  0.1514005 0.0000e+00
       4560     19.918     8.0026     8.0338   3.235336   3.238382     0.4748     0.5481     0.0077  0.1518889 0.0000e+00
       4561     19.918     8.0023     8.0278   3.235264   3.238278     0.4748     0.5481     0.0077  0.1518889 0.0000e+00
       4562     19.918     8.0021     8.0224   3.235192   3.238313     0.4736     0.5481     0.0077  0.1514005 0.0000e+00
       4563     19.918     8.0024     8.0188   3.235184   3.238269     0.4736     0.5481     0.0077  0.1514005 0.0000e+00
       4564     19.968     8.0022     8.0172   3.235107   3.238386     0.4736     0.5469     0.0077  0.1514005 0.0000e+00
       4565     19.861     8.0024     8.0170   3.234984   3.238440     0.4748     0.5469     0.0077  0.1514005 0.0000e+00
       4566     19.918     8.0026     8.0211   3.234936   3.238539     0.4736     0.5469     0.0075  0.1514005 0.0000e+00
       4567     19.984     8.0024     8.0309   3.234972   3.238776     0.4736     0.5469     0.0077  0.1514005 0.0000e+00
       4568     19.861     8.0024     8.0507   3.234923   3.239135     0.4724     0.5469     0.0077  0.1514005 0.0000e+00
       4569     19.918     8.0026     8.0741   3.235012   3.239455     0.4736     0.5481     0.0075  0.1514005 0.0000e+00
       4570     19.918     8.0023     8.0879   3.235030   3.239639     0.4748     0.5469     0.0077  0.1514005 0.0000e+00
       4571     19.918     8.0023     8.0894   3.235113   3.239596     0.4736     0.5469     0.0077  0.1514005 0.0000e+00
       4572     19.918     8.0023     8.0821   3.235213   3.239516     0.4724     0.5469     0.0077  0.1514005 0.0000e+00
       4573     19.910     8.0023     8.0729   3.235238   3.239303     0.4724     0.5469     0.0077  0.1509121 0.0000e+00
       4574     19.918     8.0023     8.0592   3.235258   3.238934     0.4748     0.5469     0.0077  0.1514005 0.0000e+00
       4575     19.918     8.0021     8.0418   3.235156   3.238533     0.4760     0.5469     0.0075  0.1514005 0.0000e+00
       4576     19.918     8.0025     8.0284   3.235149   3.238166     0.4736     0.5469     0.0075  0.1514005 0.0000e+00
       4577     19.918     8.0026     8.0195   3.235163   3.237888     0.4724     0.5469     0.0077  0.1514005 0.0000e+00
       4578     19.918     8.0031     8.0142   3.235076   3.237737     0.4724     0.5469     0.0075  0.1509121 0.0000e+00
       4579     19.918     8.0041     8.0113   3.235002   3.237470     0.4736     0.5469     0.0077  0.1514005 0.0000e+00
       4580     19.918     8.0049     8.0104   3.234951   3.237261     0.4736     0.5456     0.0075  0.1514005 0.0000e+00
       4581     19.968     8.0055     8.0112   3.234944   3.237172     0.4724     0.5456     0.0075  0.1514005 0.0000e+00
       4582     19.918     8.0062     8.0104   3.234949   3.237117     0.4724     0.5456     0.0075  0.1514005 0.0000e+00
       4583     19.918     8.0060     8.0102   3.234905   3.236973     0.4724     0.5456     0.0075  0.1514005 0.0000e+00
       4584     19.918     8.0049     8.0099   3.234977   3.236885     0.4736     0.5456     0.0075  0.1514005 0.0000e+00
       4585     19.918     8.0062     8.0102   3.235104   3.236743     0.4736     0.5456     0.0075  0.1514005 0.0000e+00
       4586     19.918     8.0091     8.0105   3.235214   3.236686     0.4724     0.5456     0.0077  0.1514005 0.0000e+00
       4587     19.918     8.0099     8.0105   3.235327   3.236587     0.4724     0.5456     0.0077  0.1514005 0.0000e+00
       4588     19.918     8.0080     8.0095   3.235283   3.236627     0.4724     0.5456     0.0075  0.1514005 0.0000e+00
       4589     19.918     8.0062     8.0086   3.235239   3.236634     0.4736     0.5456     0.0077  0.1509121 0.0000e+00
       4590     19.910     8.0044     8.0081   3.235206   3.236685     0.4724     0.5456     0.0077  0.1509121 0.0000e+00
