code/data/2021/ctd_data_day1/Station 1 ex 210921.cnv
* Sea-Bird SBE 9 Data File:
* FileName = C:\Users\CTD-User\Desktop\MAR440\Station 1 ex 210921.hex
* Software Version Seasave V 7.26.2.13
* Temperature SN = 6313
* Conductivity SN = 4758
* Number of Bytes Per Scan = 30
* Number of Voltage Words = 4
* Number of Scans Averaged by the Deck Unit = 1
* NMEA baud rate = 4800
** Ship:
** Station:
** Operator:
# nquan = 11
# nvalues = 3592                                  
# units = specified
# name 0 = scan: Scan Count
# name 1 = prDM: Pressure, Digiquartz [db]
# name 2 = t090C: Temperature [ITS-90, deg C]
# name 3 = t190C: Temperature, 2 [ITS-90, deg C]
# name 4 = c0S/m: Conductivity [S/m]
# name 5 = c1S/m: Conductivity, 2 [S/m]
# name 6 = sbeox0V: Oxygen raw, SBE 43 [V]
# name 7 = sbeox1V: Oxygen raw, SBE 43, 2 [V]
# name 8 = flECO-AFL: Fluorescence, WET Labs ECO-AFL/FL [mg/m^3]
# name 9 = upoly0: Upoly 0, Turbidity
# name 10 = flag:  0.000e+00
# span 0 =          1,       3592                 
# span 1 =      0.134,     30.832                 
# span 2 =     7.8918,    16.1993                 
# span 3 =     7.8898,    16.2048                 
# span 4 =   2.884778,   3.776500                 
# span 5 =   2.873868,   3.777576                 
# span 6 =     0.6713,     2.9072                 
# span 7 =     0.7251,     2.8022                 
# span 8 =     0.0035,     0.1207                 
# span 9 =  0.0859548,  0.1714249                 
# span 10 = 0.0000e+00, 0.0000e+00                
# interval = seconds: 0.0416667
# start_time = Sep 21 2021 11:23:14 [System UTC, header]
# bad_flag = -9.990e-29
*END*
[from data line 1574]
       1575      6.380    15.0613    15.0621   2.958767   2.959683     2.8388     2.7851     0.0055  0.1665409  0.000e+00
       1576      6.380    15.0612    15.0621   2.958618   2.959666     2.8400     2.7851     0.0051  0.1650757  0.000e+00
       1577      6.479    15.0612    15.0621   2.958673   2.959661     2.8400     2.7863     0.0046  0.1640989  0.000e+00
       1578      6.446    15.0612    15.0623   2.958689   2.959661     2.8400     2.7863     0.0046  0.1636105  0.000e+00
       1579      6.446    15.0613    15.0622   2.958662   2.959666     2.8388     2.7863     0.0048  0.1636105  0.000e+00
       1580      6.479    15.0611    15.0621   2.958717   2.959705     2.8388     2.7863     0.0048  0.1636105  0.000e+00
       1581      6.570    15.0609    15.0621   2.958756   2.959716     2.8413     2.7863     0.0048  0.1640989  0.000e+00
       1582      6.545    15.0608    15.0619   2.958745   2.959694     2.8400     2.7863     0.0046  0.1636105  0.000e+00
       1583      6.504    15.0608    15.0618   2.958756   2.959666     2.8388     2.7863     0.0048  0.1636105  0.000e+00
       1584      6.627    15.0609    15.0616   2.958700   2.959596     2.8376     2.7863     0.0046  0.1640989  0.000e+00
       1585      6.602    15.0609    15.0616   2.958634   2.959563     2.8388     2.7876     0.0048  0.1636105  0.000e+00
       1586      6.627    15.0609    15.0618   2.958684   2.959612     2.8400     2.7863     0.0046  0.1636105  0.000e+00
       1587      6.685    15.0611    15.0619   2.958629   2.959694     2.8400     2.7863     0.0048  0.1640989  0.000e+00
       1588      6.660    15.0611    15.0616   2.958684   2.959672     2.8388     2.7863     0.0048  0.1636105  0.000e+00
       1589      6.685    15.0611    15.0621   2.958750   2.959596     2.8376     2.7863     0.0048  0.1636105  0.000e+00
       1590      6.726    15.0611    15.0621   2.958723   2.959596     2.8400     2.7876     0.0048  0.1636105  0.000e+00
       1591      6.808    15.0612    15.0619   2.958728   2.959672     2.8400     2.7876     0.0046  0.1636105  0.000e+00
       1592      6.751    15.0614    15.0620   2.958739   2.959650     2.8388     2.7863     0.0048  0.1636105  0.000e+00
       1593      6.784    15.0616    15.0621   2.958717   2.959634     2.8376     2.7863     0.0048  0.1640989  0.000e+00
       1594      6.808    15.0616    15.0621   2.958750   2.959694     2.8376     2.7863     0.0048  0.1636105  0.000e+00
       1595      6.874    15.0616    15.0621   2.958767   2.959672     2.8400     2.7876     0.0048  0.1636105  0.000e+00
       1596      6.849    15.0617    15.0619   2.958778   2.959639     2.8400     2.7876     0.0046  0.1636105  0.000e+00
       1597      6.874    15.0616    15.0619   2.958789   2.959683     2.8376     2.7863     0.0048  0.1640989  0.000e+00
       1598      6.973    15.0616    15.0621   2.958750   2.959732     2.8388     2.7876     0.0048  0.1640989  0.000e+00
       1599      6.932    15.0617    15.0621   2.958800   2.959721     2.8388     2.7876     0.0046  0.1636105  0.000e+00
       1600      6.932    15.0617    15.0621   2.958883   2.959716     2.8400     2.7876     0.0046  0.1640989  0.000e+00
       1601      7.031    15.0617    15.0623   2.958822   2.959716     2.8400     2.7876     0.0048  0.1626337  0.000e+00
       1602      6.989    15.0617    15.0623   2.958772   2.959683     2.8388     2.7876     0.0046  0.1567729  0.000e+00
       1603      6.989    15.0618    15.0625   2.958767   2.959705     2.8388     2.7876     0.0048  0.1533541  0.000e+00
       1604      7.088    15.0616    15.0623   2.958745   2.959716     2.8388     2.7876     0.0048  0.1533541  0.000e+00
       1605      7.055    15.0614    15.0624   2.958800   2.959732     2.8400     2.7876     0.0046  0.1533541  0.000e+00
       1606      7.154    15.0621    15.0625   2.958861   2.959781     2.8388     2.7876     0.0048  0.1538425  0.000e+00
       1607      7.055    15.0624    15.0625   2.958910   2.959754     2.8400     2.7876     0.0042  0.1538425  0.000e+00
       1608      7.179    15.0628    15.0628   2.959070   2.959727     2.8388     2.7876     0.0048  0.1538425  0.000e+00
       1609      7.154    15.0658    15.0667   2.959263   2.960005     2.8400     2.7888     0.0046  0.1538425  0.000e+00
       1610      7.179    15.0813    15.1030   2.960350   2.962934     2.8400     2.7876     0.0048  0.1538425  0.000e+00
       1611      7.236    15.1264    15.1685   2.965147   2.970577     2.8400     2.7876     0.0046  0.1538425  0.000e+00
       1612      7.212    15.1792    15.2163   2.975275   2.979048     2.8400     2.7888     0.0046  0.1538425  0.000e+00
       1613      7.236    15.2248    15.2200   2.985261   2.984003     2.8400     2.7876     0.0046  0.1538425  0.000e+00
       1614      7.302    15.2853    15.2100   2.993414   2.984605     2.8400     2.7876     0.0046  0.1538425  0.000e+00
       1615      7.335    15.3653    15.2282   3.002596   2.984720     2.8400     2.7876     0.0048  0.1533541  0.000e+00
       1616      7.302    15.4279    15.2488   3.012899   2.986619     2.8400     2.7888     0.0046  0.1538425  0.000e+00
       1617      7.335    15.4771    15.2450   3.022732   2.988080     2.8400     2.7888     0.0042  0.1538425  0.000e+00
       1618      7.360    15.5120    15.2335   3.030740   2.987402     2.8388     2.7876     0.0048  0.1538425  0.000e+00
       1619      7.360    15.5426    15.2935   3.036972   2.990149     2.8400     2.7888     0.0046  0.1538425  0.000e+00
       1620      7.459    15.5742    15.3751   3.043449   3.001239     2.8400     2.7888     0.0048  0.1533541  0.000e+00
       1621      7.417    15.5820    15.4803   3.047476   3.015964     2.8388     2.7888     0.0048  0.1538425  0.000e+00
       1622      7.417    15.5789    15.5433   3.048012   3.028300     2.8400     2.7888     0.0046  0.1538425  0.000e+00
       1623      7.516    15.5972    15.5707   3.048324   3.036287     2.8400     2.7888     0.0046  0.1538425  0.000e+00
       1624      7.483    15.6152    15.5729   3.051081   3.041019     2.8413     2.7888     0.0048  0.1538425  0.000e+00
       1625      7.541    15.6204    15.5850   3.053761   3.044106     2.8400     2.7888     0.0046  0.1538425  0.000e+00
       1626      7.516    15.6281    15.5908   3.055190   3.047155     2.8400     2.7888     0.0046  0.1538425  0.000e+00
       1627      7.541    15.6340    15.5879   3.056989   3.049753     2.8400     2.7888     0.0048  0.1538425  0.000e+00
       1628      7.582    15.6406    15.5915   3.058977   3.051623     2.8400     2.7888     0.0044  0.1538425  0.000e+00
       1629      7.607    15.6463    15.6037   3.060659   3.053748     2.8413     2.7900     0.0044  0.1543309  0.000e+00
       1630      7.607    15.6487    15.6030   3.062129   3.054548     2.8400     2.7900     0.0044  0.1543309  0.000e+00
       1631      7.706    15.6519    15.5799   3.063672   3.051717     2.8400     2.7900     0.0044  0.1543309  0.000e+00
       1632      7.664    15.6565    15.5751   3.065025   3.047938     2.8400     2.7900     0.0044  0.1538425  0.000e+00
       1633      7.664    15.6501    15.5802   3.065148   3.047497     2.8413     2.7900     0.0044  0.1543309  0.000e+00
       1634      7.705    15.6270    15.5777   3.062325   3.048225     2.8425     2.7900     0.0044  0.1543309  0.000e+00
       1635      7.722    15.6111    15.5666   3.057380   3.046847     2.8425     2.7912     0.0044  0.1543309  0.000e+00
       1636      7.788    15.6013    15.5552   3.053577   3.044691     2.8425     2.7912     0.0044  0.1543309  0.000e+00
       1637      7.763    15.5818    15.5486   3.050294   3.043114     2.8425     2.7912     0.0044  0.1543309  0.000e+00
       1638      7.788    15.5605    15.5378   3.045981   3.041825     2.8449     2.7924     0.0044  0.1543309  0.000e+00
       1639      7.788    15.5413    15.5241   3.041782   3.040464     2.8449     2.7924     0.0044  0.1543309  0.000e+00
       1640      7.887    15.5262    15.5087   3.038700   3.038464     2.8449     2.7937     0.0044  0.1543309  0.000e+00
       1641      7.845    15.5180    15.4998   3.036816   3.036376     2.8449     2.7937     0.0044  0.1543309  0.000e+00
       1642      7.845    15.5139    15.4959   3.035680   3.034752     2.8449     2.7949     0.0044  0.1543309  0.000e+00
       1643      7.887    15.5095    15.4889   3.034822   3.033755     2.8486     2.7949     0.0044  0.1543309  0.000e+00
       1644      7.911    15.5078    15.4832   3.034365   3.032847     2.8486     2.7961     0.0044  0.1543309  0.000e+00
       1645      7.944    15.5036    15.4854   3.034048   3.032258     2.8486     2.7973     0.0044  0.1543309  0.000e+00
       1646      7.969    15.5044    15.4889   3.033909   3.032423     2.8498     2.7985     0.0044  0.1543309  0.000e+00
       1647      7.969    15.5113    15.4934   3.034271   3.033138     2.8498     2.7985     0.0044  0.1543309  0.000e+00
       1648      8.068    15.5171    15.4956   3.035251   3.033937     2.8535     2.7985     0.0044  0.1543309  0.000e+00
       1649      7.969    15.5220    15.4985   3.036109   3.034575     2.8523     2.7998     0.0044  0.1543309  0.000e+00
       1650      8.092    15.5236    15.5064   3.036727   3.035121     2.8523     2.7998     0.0044  0.1538425  0.000e+00
       1651      8.010    15.5276    15.5099   3.037541   3.035737     2.8523     2.8010     0.0044  0.1543309  0.000e+00
       1652      8.092    15.5499    15.5126   3.039352   3.036062     2.8547     2.8010     0.0044  0.1533541  0.000e+00
       1653      8.092    15.5867    15.5187   3.043477   3.036662     2.8547     2.8022     0.0046  0.1479817  0.000e+00
       1654      8.125    15.6177    15.5347   3.049714   3.037863     2.8547     2.8022     0.0048  0.1455397  0.000e+00
       1655      8.150    15.6419    15.5554   3.055631   3.040315     2.8547     2.8022     0.0046  0.1450513  0.000e+00
       1656      8.216    15.6518    15.5721   3.059072   3.042998     2.8547     2.8022     0.0042  0.1455397  0.000e+00
       1657      8.191    15.6619    15.5860   3.060615   3.045479     2.8535     2.8022     0.0048  0.1455397  0.000e+00
       1658      8.150    15.6753    15.6088   3.062710   3.048446     2.8547     2.8022     0.0048  0.1455397  0.000e+00
       1659      8.273    15.6864    15.6287   3.065478   3.052523     2.8547     2.8010     0.0046  0.1455397  0.000e+00
       1660      8.249    15.6935    15.6482   3.067720   3.056707     2.8523     2.8010     0.0046  0.1455397  0.000e+00
       1661      8.273    15.6964    15.6638   3.069398   3.060501     2.8510     2.7998     0.0048  0.1455397  0.000e+00
       1662      8.273    15.6964    15.6740   3.070596   3.063578     2.8510     2.7985     0.0046  0.1455397  0.000e+00
       1663      8.315    15.6958    15.6838   3.071267   3.066004     2.8498     2.7973     0.0048  0.1455397  0.000e+00
       1664      8.339    15.6967    15.6920   3.071676   3.068282     2.8474     2.7961     0.0048  0.1455397  0.000e+00
       1665      8.339    15.6977    15.6976   3.072023   3.070013     2.8449     2.7949     0.0048  0.1455397  0.000e+00
       1666      8.372    15.6975    15.7004   3.072448   3.071357     2.8449     2.7937     0.0046  0.1455397  0.000e+00
       1667      8.397    15.7006    15.6998   3.072834   3.072264     2.8437     2.7924     0.0048  0.1455397  0.000e+00
       1668      8.397    15.7031    15.7020   3.073119   3.072723     2.8413     2.7900     0.0048  0.1455397  0.000e+00
       1669      8.438    15.7008    15.7031   3.073315   3.073116     2.8400     2.7888     0.0046  0.1455397  0.000e+00
       1670      8.454    15.6970    15.7012   3.073377   3.073553     2.8364     2.7876     0.0046  0.1455397  0.000e+00
       1671      8.454    15.6936    15.6983   3.073254   3.073686     2.8352     2.7851     0.0048  0.1455397  0.000e+00
       1672      8.496    15.6886    15.6955   3.073148   3.074184     2.8352     2.7839     0.0046  0.1455397  0.000e+00
       1673      8.520    15.6777    15.6884   3.074491   3.076874     2.8315     2.7814     0.0048  0.1455397  0.000e+00
       1674      8.553    15.6699    15.6775   3.079402   3.082561     2.8291     2.7802     0.0046  0.1455397  0.000e+00
       1675      8.520    15.6794    15.6712   3.089642   3.089133     2.8266     2.7778     0.0046  0.1455397  0.000e+00
       1676      8.578    15.7108    15.6755   3.106704   3.096476     2.8254     2.7753     0.0046  0.1455397  0.000e+00
       1677      8.619    15.7469    15.6877   3.126572   3.106475     2.8254     2.7741     0.0046  0.1455397  0.000e+00
       1678      8.644    15.7825    15.7203   3.144112   3.120164     2.8205     2.7717     0.0044  0.1377253  0.000e+00
       1679      8.578    15.8131    15.7721   3.158945   3.138202     2.8168     2.7705     0.0042  0.1274689  0.000e+00
       1680      8.677    15.8399    15.8182   3.170666   3.157760     2.8156     2.7680     0.0042  0.1245385  0.000e+00
       1681      8.644    15.8585    15.8599   3.180085   3.175903     2.8144     2.7656     0.0042  0.1250269  0.000e+00
       1682      8.701    15.8833    15.9054   3.188049   3.193603     2.8132     2.7644     0.0042  0.1255153  0.000e+00
       1683      8.743    15.9215    15.9521   3.197851   3.209985     2.8095     2.7619     0.0042  0.1260037  0.000e+00
       1684      8.767    15.9525    15.9888   3.209462   3.222437     2.8071     2.7607     0.0042  0.1260037  0.000e+00
       1685      8.701    15.9733    16.0229   3.218868   3.232865     2.8059     2.7595     0.0042  0.1260037  0.000e+00
       1686      8.800    15.9974    16.0430   3.227263   3.242245     2.8059     2.7570     0.0042  0.1260037  0.000e+00
       1687      8.767    16.0263    16.0604   3.236351   3.249160     2.8034     2.7546     0.0042  0.1260037  0.000e+00
       1688      8.825    16.0540    16.0759   3.245284   3.254124     2.8010     2.7546     0.0042  0.1260037  0.000e+00
       1689      8.866    16.0686    16.0868   3.252516   3.258196     2.7973     2.7534     0.0042  0.1255153  0.000e+00
       1690      8.825    16.0835    16.1033   3.258111   3.262503     2.7949     2.7509     0.0042  0.1260037  0.000e+00
       1691      8.882    16.0960    16.1126   3.262170   3.266358     2.7961     2.7497     0.0042  0.1260037  0.000e+00
       1692      8.924    16.1044    16.1177   3.265222   3.269173     2.7936     2.7485     0.0042  0.1260037  0.000e+00
       1693      8.882    16.1134    16.1209   3.267731   3.271247     2.7912     2.7460     0.0042  0.1260037  0.000e+00
       1694      8.948    16.1242    16.1249   3.270625   3.273066     2.7888     2.7448     0.0042  0.1260037  0.000e+00
       1695      8.924    16.1334    16.1297   3.274134   3.274829     2.7863     2.7436     0.0042  0.1260037  0.000e+00
       1696      9.006    16.1419    16.1428   3.277391   3.277255     2.7875     2.7412     0.0042  0.1260037  0.000e+00
       1697      9.006    16.1522    16.1532   3.280294   3.280187     2.7839     2.7399     0.0042  0.1260037  0.000e+00
       1698      9.047    16.1638    16.1665   3.284013   3.283659     2.7802     2.7387     0.0042  0.1260037  0.000e+00
       1699      9.006    16.1774    16.1774   3.288319   3.287604     2.7814     2.7375     0.0042  0.1260037  0.000e+00
       1700      9.072    16.1854    16.1851   3.292082   3.291193     2.7778     2.7350     0.0042  0.1260037  0.000e+00
       1701      9.105    16.1906    16.1926   3.294461   3.294135     2.7778     2.7338     0.0042  0.1260037  0.000e+00
       1702      9.072    16.1959    16.1993   3.296680   3.296556     2.7765     2.7326     0.0042  0.1255153  0.000e+00
       1703      9.129    16.1984    16.2032   3.298555   3.298636     2.7729     2.7314     0.0042  0.1245385  0.000e+00
       1704      9.129    16.1993    16.2044   3.300303   3.300291     2.7717     2.7289     0.0042  0.1118400  0.000e+00
