code/data/2021/ctd_data_day1/Station 5 210921_ctm_fil_le_der.cnv
* Sea-Bird SBE 9 Data File:
* FileName = C:\Users\CTD-User\Desktop\MAR440\Station 5 210921.hex
* Software Version Seasave V 7.26.2.13
* Temperature SN = 6313
* Conductivity SN = 4758
* Number of Bytes Per Scan = 30
* Number of Voltage Words = 4
* Number of Scans Averaged by the Deck Unit = 1
* NMEA baud rate = 4800
** Ship:
** Station:
** Operator:
# nquan = 16                                
# nvalues = 5809                        
# units = specified
# name 0 = scan: Scan Count
# name 1 = prDM: Pressure, Digiquartz [db]
# name 2 = t090C: Temperature [ITS-90, deg C]
# name 3 = t190C: Temperature, 2 [ITS-90, deg C]
# name 4 = c0S/m: Conductivity [S/m]
# name 5 = c1S/m: Conductivity, 2 [S/m]
# name 6 = sbeox0V: Oxygen raw, SBE 43 [V]
# name 7 = sbeox1V: Oxygen raw, SBE 43, 2 [V]
# name 8 = flECO-AFL: Fluorescence, WET Labs ECO-AFL/FL [mg/m^3]
# name 9 = upoly0: Upoly 0, Turbidity
# name 10 = depSM: Depth [salt water, m], lat = 59
# name 11 = sal00: Salinity, Practical [PSU]
# name 12 = sal11: Salinity, Practical, 2 [PSU]
# name 13 = sbeox0ML/L: Oxygen, SBE 43 [ml/l], WS = 2
# name 14 = sbeox1ML/L: Oxygen, SBE 43, 2 [ml/l], WS = 2
# name 15 = flag: flag
# span 0 =          1,       5809       
# span 1 =      0.548,     26.491       
# span 2 =    11.4362,    16.1548       
# span 3 =    11.4092,    16.1555       
# span 4 =   2.871998,   3.809176       
# span 5 =   2.884333,   3.810449       
# span 6 =     0.8579,     2.8199       
# span 7 =     0.9206,     2.7849       
# span 8 =     0.0035,     0.0101       
# span 9 =  0.0869564,  0.1626645       
# span 10 =      0.543,     26.242      
# span 11 =    22.3537,    32.0999      
# span 12 =    22.4704,    32.1070      
# span 13 =     1.0354,     6.8445      
# span 14 =     1.1639,     5.8907      
# span 15 = 0.0000e+00, 0.0000e+00      
# interval = seconds: 0.0416667
# start_time = Sep 21 2021 10:32:06 [System UTC, header]
# bad_flag = -9.990e-29
*END*
[from data line 452]
        453      1.682    15.0847    15.0628   2.876842   2.889774     2.1897     2.2527     0.0044  0.1523591      1.666    22.4109    22.5344     4.9784     4.5363 -9.990e-29
        454      1.681    15.0854    15.0648   2.876907   2.889816     2.1896     2.2525     0.0044  0.1523507      1.665    22.4111    22.5336     4.9779     4.5375 -9.990e-29
        455      1.680    15.0861    15.0667   2.876957   2.889853     2.1895     2.2524     0.0044  0.1523455      1.664    22.4111    22.5328     4.9775     4.5391 -9.990e-29
        456      1.679    15.0868    15.0685   2.876990   2.889882     2.1893     2.2522     0.0044  0.1523427      1.663    22.4110    22.5321     4.9767     4.5404 -9.990e-29
        457      1.678    15.0874    15.0701   2.877008   2.889903     2.1892     2.2521     0.0044  0.1523413      1.662    22.4108    22.5313     4.9763     4.5420 -9.990e-29
        458      1.677    15.0880    15.0716   2.877011   2.889915     2.1891     2.2519     0.0044  0.1523422      1.661    22.4105    22.5306     4.9759     4.5433 -9.990e-29
        459      1.676    15.0886    15.0727   2.876998   2.889919     2.1890     2.2518     0.0044  0.1523462      1.660    22.4100    22.5300     4.9755     4.5450 -9.990e-29
        460      1.674    15.0890    15.0737   2.876972   2.889914     2.1888     2.2517     0.0044  0.1523534      1.658    22.4096    22.5294     4.9748     4.5467 -9.990e-29
        461      1.673    15.0894    15.0745   2.876934   2.889902     2.1887     2.2516     0.0044  0.1523639      1.657    22.4090    22.5288     4.9744     4.5484 -9.990e-29
        462      1.671    15.0898    15.0750   2.876886   2.889883     2.1886     2.2516     0.0044  0.1523777      1.655    22.4084    22.5283     4.9740     4.5503 -9.990e-29
        463      1.670    15.0901    15.0752   2.876829   2.889860     2.1884     2.2515     0.0044  0.1523948      1.654    22.4077    22.5280     4.9734     4.5520 -9.990e-29
        464      1.668    15.0903    15.0753   2.876767   2.889833     2.1883     2.2515     0.0044  0.1524147      1.652    22.4071    22.5277     4.9731     4.5540 -9.990e-29
        465      1.667    15.0905    15.0751   2.876701   2.889804     2.1881     2.2515     0.0044  0.1524365      1.651    22.4064    22.5276     4.9725     4.5559 -9.990e-29
        466      1.666    15.0907    15.0746   2.876633   2.889775     2.1879     2.2515     0.0044  0.1524604      1.650    22.4057    22.5276     4.9718     4.5578 -9.990e-29
        467      1.665    15.0908    15.0739   2.876565   2.889745     2.1878     2.2516     0.0044  0.1524857      1.649    22.4051    22.5278     4.9715     4.5600 -9.990e-29
        468      1.664    15.0909    15.0729   2.876499   2.889715     2.1876     2.2517     0.0044  0.1525118      1.648    22.4044    22.5281     4.9709     4.5622 -9.990e-29
        469      1.664    15.0909    15.0716   2.876434   2.889686     2.1875     2.2518     0.0044  0.1525388      1.648    22.4039    22.5286     4.9706     4.5643 -9.990e-29
        470      1.663    15.0908    15.0701   2.876373   2.889658     2.1873     2.2519     0.0044  0.1525669      1.647    22.4034    22.5292     4.9701     4.5664 -9.990e-29
        471      1.663    15.0907    15.0683   2.876317   2.889631     2.1871     2.2521     0.0044  0.1525973      1.647    22.4030    22.5300     4.9695     4.5687 -9.990e-29
        472      1.663    15.0906    15.0662   2.876266   2.889605     2.1870     2.2523     0.0044  0.1526317      1.647    22.4026    22.5310     4.9692     4.5710 -9.990e-29
        473      1.664    15.0904    15.0639   2.876220   2.889581     2.1868     2.2525     0.0042  0.1526695      1.648    22.4023    22.5321     4.9686     4.5732 -9.990e-29
        474      1.664    15.0902    15.0613   2.876182   2.889558     2.1867     2.2527     0.0042  0.1527077      1.648    22.4021    22.5334     4.9683     4.5753 -9.990e-29
        475      1.665    15.0899    15.0587   2.876151   2.889538     2.1865     2.2530     0.0042  0.1527440      1.649    22.4020    22.5347     4.9677     4.5776 -9.990e-29
        476      1.666    15.0897    15.0560   2.876128   2.889521     2.1864     2.2533     0.0042  0.1527768      1.650    22.4019    22.5361     4.9675     4.5798 -9.990e-29
        477      1.667    15.0894    15.0534   2.876113   2.889508     2.1863     2.2536     0.0042  0.1528056      1.651    22.4020    22.5375     4.9672     4.5819 -9.990e-29
        478      1.668    15.0892    15.0508   2.876106   2.889498     2.1861     2.2539     0.0042  0.1528315      1.652    22.4020    22.5389     4.9665     4.5839 -9.990e-29
        479      1.670    15.0889    15.0484   2.876108   2.889493     2.1860     2.2542     0.0042  0.1528554      1.654    22.4022    22.5403     4.9662     4.5858 -9.990e-29
        480      1.671    15.0887    15.0462   2.876118   2.889492     2.1859     2.2546     0.0042  0.1528767      1.655    22.4024    22.5415     4.9658     4.5878 -9.990e-29
        481      1.673    15.0885    15.0441   2.876138   2.889495     2.1858     2.2549     0.0042  0.1528947      1.657    22.4027    22.5427     4.9655     4.5894 -9.990e-29
        482      1.674    15.0884    15.0423   2.876165   2.889502     2.1857     2.2553     0.0042  0.1529095      1.658    22.4030    22.5438     4.9651     4.5911 -9.990e-29
        483      1.675    15.0883    15.0407   2.876199   2.889513     2.1856     2.2557     0.0042  0.1529212      1.659    22.4033    22.5448     4.9647     4.5927 -9.990e-29
        484      1.677    15.0882    15.0393   2.876240   2.889527     2.1854     2.2560     0.0042  0.1529308      1.661    22.4037    22.5458     4.9640     4.5939 -9.990e-29
        485      1.678    15.0882    15.0382   2.876286   2.889544     2.1853     2.2564     0.0038  0.1529399      1.662    22.4041    22.5465     4.9636     4.5951 -9.990e-29
        486      1.679    15.0882    15.0374   2.876336   2.889562     2.1852     2.2568     0.0042  0.1529496      1.663    22.4046    22.5472     4.9632     4.5962 -9.990e-29
        487      1.680    15.0883    15.0369   2.876389   2.889583     2.1851     2.2571     0.0042  0.1529598      1.664    22.4050    22.5476     4.9628     4.5970 -9.990e-29
        488      1.680    15.0885    15.0367   2.876443   2.889604     2.1850     2.2575     0.0042  0.1529699      1.664    22.4053    22.5479     4.9623     4.5978 -9.990e-29
        489      1.681    15.0886    15.0368   2.876497   2.889626     2.1848     2.2579     0.0042  0.1529781      1.665    22.4057    22.5481     4.9615     4.5984 -9.990e-29
        490      1.681    15.0888    15.0371   2.876550   2.889648     2.1847     2.2582     0.0042  0.1529837      1.665    22.4061    22.5481     4.9610     4.5986 -9.990e-29
        491      1.682    15.0891    15.0376   2.876600   2.889669     2.1846     2.2585     0.0042  0.1529868      1.666    22.4063    22.5480     4.9605     4.5987 -9.990e-29
        492      1.682    15.0893    15.0383   2.876646   2.889689     2.1844     2.2589     0.0042  0.1529872      1.666    22.4066    22.5477     4.9597     4.5989 -9.990e-29
        493      1.682    15.0895    15.0391   2.876687   2.889707     2.1843     2.2592     0.0042  0.1529860      1.666    22.4068    22.5474     4.9591     4.5988 -9.990e-29
        494      1.682    15.0897    15.0400   2.876721   2.889722     2.1842     2.2594     0.0042  0.1529848      1.666    22.4070    22.5470     4.9586     4.5982 -9.990e-29
        495      1.682    15.0898    15.0409   2.876748   2.889735     2.1840     2.2597     0.0042  0.1529835      1.666    22.4072    22.5466     4.9577     4.5978 -9.990e-29
        496      1.682    15.0899    15.0418   2.876767   2.889744     2.1839     2.2600     0.0042  0.1529805      1.666    22.4073    22.5462     4.9571     4.5973 -9.990e-29
        497      1.682    15.0900    15.0427   2.876779   2.889750     2.1837     2.2602     0.0042  0.1529750      1.666    22.4073    22.5457     4.9562     4.5965 -9.990e-29
        498      1.681    15.0901    15.0435   2.876782   2.889752     2.1835     2.2604     0.0042  0.1529676      1.665    22.4073    22.5453     4.9553     4.5956 -9.990e-29
        499      1.681    15.0901    15.0443   2.876777   2.889750     2.1834     2.2606     0.0042  0.1529601      1.665    22.4073    22.5448     4.9547     4.5946 -9.990e-29
        500      1.681    15.0901    15.0449   2.876764   2.889744     2.1832     2.2608     0.0042  0.1529532      1.665    22.4072    22.5444     4.9538     4.5935 -9.990e-29
        501      1.681    15.0902    15.0454   2.876745   2.889734     2.1830     2.2610     0.0042  0.1529470      1.665    22.4069    22.5440     4.9528     4.5924 -9.990e-29
        502      1.681    15.0901    15.0458   2.876720   2.889722     2.1828     2.2611     0.0042  0.1529422      1.665    22.4068    22.5437     4.9519     4.5910 -9.990e-29
        503      1.682    15.0901    15.0460   2.876690   2.889707     2.1826     2.2612     0.0042  0.1529395      1.666    22.4065    22.5435     4.9509     4.5896 -9.990e-29
        504      1.682    15.0901    15.0460   2.876657   2.889691     2.1824     2.2613     0.0038  0.1529383      1.666    22.4062    22.5433     4.9499     4.5881 -9.990e-29
        505      1.682    15.0900    15.0458   2.876621   2.889673     2.1822     2.2614     0.0038  0.1529384      1.666    22.4060    22.5433     4.9490     4.5866 -9.990e-29
        506      1.683    15.0899    15.0455   2.876585   2.889655     2.1821     2.2615     0.0042  0.1529407      1.667    22.4057    22.5433     4.9483     4.5850 -9.990e-29
        507      1.684    15.0898    15.0450   2.876548   2.889637     2.1819     2.2615     0.0038  0.1529444      1.668    22.4055    22.5434     4.9473     4.5832 -9.990e-29
        508      1.685    15.0897    15.0444   2.876514   2.889620     2.1817     2.2615     0.0042  0.1529495      1.669    22.4052    22.5436     4.9463     4.5814 -9.990e-29
        509      1.686    15.0895    15.0437   2.876482   2.889603     2.1815     2.2615     0.0042  0.1529578      1.670    22.4051    22.5439     4.9453     4.5796 -9.990e-29
        510      1.687    15.0893    15.0428   2.876454   2.889588     2.1813     2.2615     0.0042  0.1529692      1.671    22.4050    22.5443     4.9443     4.5777 -9.990e-29
        511      1.688    15.0891    15.0419   2.876430   2.889574     2.1811     2.2615     0.0042  0.1529821      1.672    22.4049    22.5447     4.9433     4.5759 -9.990e-29
        512      1.689    15.0889    15.0408   2.876411   2.889562     2.1809     2.2614     0.0042  0.1529959      1.673    22.4048    22.5452     4.9423     4.5738 -9.990e-29
        513      1.690    15.0886    15.0397   2.876398   2.889553     2.1807     2.2613     0.0042  0.1530106      1.674    22.4049    22.5458     4.9414     4.5717 -9.990e-29
        514      1.691    15.0884    15.0386   2.876390   2.889546     2.1805     2.2612     0.0038  0.1530263      1.675    22.4049    22.5463     4.9404     4.5696 -9.990e-29
        515      1.692    15.0881    15.0374   2.876389   2.889542     2.1803     2.2611     0.0042  0.1530432      1.676    22.4051    22.5470     4.9394     4.5675 -9.990e-29
        516      1.693    15.0878    15.0362   2.876395   2.889542     2.1801     2.2610     0.0042  0.1530612      1.677    22.4053    22.5477     4.9384     4.5654 -9.990e-29
        517      1.694    15.0875    15.0350   2.876407   2.889544     2.1799     2.2609     0.0042  0.1530806      1.678    22.4056    22.5484     4.9373     4.5633 -9.990e-29
        518      1.695    15.0872    15.0338   2.876427   2.889549     2.1797     2.2607     0.0042  0.1531015      1.679    22.4059    22.5491     4.9363     4.5610 -9.990e-29
        519      1.696    15.0869    15.0326   2.876453   2.889557     2.1795     2.2605     0.0042  0.1531249      1.680    22.4063    22.5499     4.9353     4.5587 -9.990e-29
        520      1.697    15.0866    15.0315   2.876487   2.889568     2.1793     2.2603     0.0042  0.1531527      1.681    22.4068    22.5506     4.9342     4.5563 -9.990e-29
        521      1.698    15.0863    15.0305   2.876527   2.889582     2.1791     2.2601     0.0042  0.1531850      1.682    22.4073    22.5513     4.9332     4.5540 -9.990e-29
        522      1.699    15.0861    15.0296   2.876575   2.889599     2.1788     2.2599     0.0038  0.1532204      1.683    22.4078    22.5520     4.9319     4.5517 -9.990e-29
        523      1.700    15.0859    15.0288   2.876629   2.889618     2.1786     2.2596     0.0042  0.1532590      1.684    22.4084    22.5526     4.9308     4.5491 -9.990e-29
        524      1.702    15.0857    15.0282   2.876689   2.889641     2.1784     2.2594     0.0044  0.1533013      1.686    22.4090    22.5531     4.9298     4.5467 -9.990e-29
        525      1.703    15.0855    15.0277   2.876756   2.889666     2.1782     2.2591     0.0044  0.1533441      1.687    22.4097    22.5536     4.9287     4.5442 -9.990e-29
        526      1.704    15.0854    15.0275   2.876829   2.889694     2.1779     2.2588     0.0044  0.1533833      1.688    22.4104    22.5540     4.9273     4.5416 -9.990e-29
        527      1.705    15.0853    15.0274   2.876907   2.889725     2.1776     2.2585     0.0044  0.1534177      1.689    22.4111    22.5543     4.9259     4.5390 -9.990e-29
        528      1.705    15.0852    15.0275   2.876990   2.889760     2.1774     2.2581     0.0044  0.1534483      1.689    22.4119    22.5545     4.9248     4.5361 -9.990e-29
        529      1.706    15.0852    15.0278   2.877078   2.889798     2.1771     2.2578     0.0044  0.1534753      1.690    22.4126    22.5547     4.9234     4.5335 -9.990e-29
        530      1.707    15.0852    15.0284   2.877169   2.889839     2.1768     2.2574     0.0044  0.1534981      1.691    22.4134    22.5547     4.9219     4.5307 -9.990e-29
        531      1.708    15.0853    15.0292   2.877262   2.889884     2.1766     2.2570     0.0044  0.1535176      1.692    22.4142    22.5546     4.9208     4.5279 -9.990e-29
        532      1.709    15.0854    15.0303   2.877357   2.889931     2.1763     2.2566     0.0044  0.1535339      1.693    22.4149    22.5544     4.9194     4.5251 -9.990e-29
        533      1.710    15.0855    15.0317   2.877451   2.889980     2.1760     2.2562     0.0044  0.1535465      1.694    22.4157    22.5540     4.9180     4.5222 -9.990e-29
        534      1.711    15.0857    15.0334   2.877545   2.890032     2.1757     2.2558     0.0044  0.1535561      1.695    22.4164    22.5535     4.9166     4.5194 -9.990e-29
        535      1.712    15.0859    15.0354   2.877635   2.890085     2.1755     2.2553     0.0044  0.1535629      1.696    22.4170    22.5528     4.9155     4.5163 -9.990e-29
        536      1.712    15.0862    15.0376   2.877722   2.890139     2.1752     2.2548     0.0044  0.1535660      1.696    22.4176    22.5520     4.9140     4.5132 -9.990e-29
        537      1.713    15.0865    15.0401   2.877804   2.890192     2.1749     2.2544     0.0044  0.1535664      1.697    22.4181    22.5510     4.9126     4.5104 -9.990e-29
        538      1.714    15.0869    15.0427   2.877878   2.890245     2.1746     2.2538     0.0044  0.1535649      1.698    22.4185    22.5500     4.9112     4.5070 -9.990e-29
        539      1.714    15.0872    15.0454   2.877945   2.890295     2.1743     2.2533     0.0044  0.1535614      1.698    22.4189    22.5489     4.9098     4.5040 -9.990e-29
        540      1.715    15.0876    15.0480   2.878003   2.890342     2.1740     2.2528     0.0044  0.1535560      1.699    22.4192    22.5478     4.9084     4.5009 -9.990e-29
        541      1.715    15.0879    15.0506   2.878051   2.890386     2.1736     2.2522     0.0044  0.1535485      1.699    22.4194    22.5466     4.9068     4.4977 -9.990e-29
        542      1.716    15.0883    15.0531   2.878088   2.890426     2.1733     2.2517     0.0044  0.1535391      1.700    22.4195    22.5456     4.9054     4.4947 -9.990e-29
