code/data/2021/ctd_data_day1/Station 5 210921.cnv
* Sea-Bird SBE 9 Data File:
* FileName = C:\Users\CTD-User\Desktop\MAR440\Station 5 210921.hex
* Software Version Seasave V 7.26.2.13
* Temperature SN = 6313
* Conductivity SN = 4758
* Number of Bytes Per Scan = 30
* Number of Voltage Words = 4
* Number of Scans Averaged by the Deck Unit = 1
* NMEA baud rate = 4800
** Ship:
** Station:
** Operator:
# nquan = 11
# nvalues = 5809                                  
# units = specified
# name 0 = scan: Scan Count
# name 1 = prDM: Pressure, Digiquartz [db]
# name 2 = t090C: Temperature [ITS-90, deg C]
# name 3 = t190C: Temperature, 2 [ITS-90, deg C]
# name 4 = c0S/m: Conductivity [S/m]
# name 5 = c1S/m: Conductivity, 2 [S/m]
# name 6 = sbeox0V: Oxygen raw, SBE 43 [V]
# name 7 = sbeox1V: Oxygen raw, SBE 43, 2 [V]
# name 8 = flECO-AFL: Fluorescence, WET Labs ECO-AFL/FL [mg/m^3]
# name 9 = upoly0: Upoly 0, Turbidity
# name 10 = flag:  0.000e+00
# span 0 =          1,       5809                 
# span 1 =      0.454,     26.522                 
# span 2 =    10.8323,    16.2943                 
# span 3 =    10.8611,    16.2956                 
# span 4 =   2.868561,   3.812174                 
# span 5 =   2.881382,   3.813232                 
# span 6 =     0.8558,     2.8218                 
# span 7 =     0.9205,     2.7863                 
# span 8 =     0.0035,     0.0101                 
# span 9 =  0.0864432,  0.1636105                 
# span 10 = 0.0000e+00, 0.0000e+00                
# interval = seconds: 0.0416667
# start_time = Sep 21 2021 10:32:06 [System UTC, header]
# bad_flag = -9.990e-29
*END*
[from data line 4066]
       4067     26.067    11.6990    11.6658   3.667197   3.664454     0.8668     0.9388     0.0081  0.0879084  0.000e+00
       4068     26.067    11.6984    11.6626   3.666928   3.664389     0.8668     0.9376     0.0079  0.0883968  0.000e+00
       4069     26.001    11.6938    11.6606   3.666742   3.664330     0.8643     0.9388     0.0077  0.0879084  0.000e+00
       4070     26.067    11.6853    11.6562   3.666550   3.664377     0.8643     0.9376     0.0077  0.0879084  0.000e+00
       4071     26.001    11.6788    11.6529   3.666472   3.664324     0.8668     0.9376     0.0077  0.0879084  0.000e+00
       4072     26.067    11.6765    11.6490   3.666610   3.663992     0.8655     0.9376     0.0077  0.0879084  0.000e+00
       4073     26.001    11.6780    11.6493   3.666832   3.663809     0.8643     0.9376     0.0077  0.0879084  0.000e+00
       4074     26.067    11.6785    11.6535   3.666910   3.663583     0.8643     0.9376     0.0077  0.0879084  0.000e+00
       4075     26.067    11.6788    11.6551   3.666796   3.663435     0.8668     0.9376     0.0077  0.0879084  0.000e+00
       4076     26.001    11.6844    11.6571   3.666976   3.663542     0.8668     0.9376     0.0077  0.0883968  0.000e+00
       4077     26.067    11.6936    11.6550   3.667221   3.663589     0.8643     0.9376     0.0077  0.0879084  0.000e+00
       4078     26.067    11.6990    11.6505   3.667521   3.663358     0.8631     0.9364     0.0077  0.0879084  0.000e+00
       4079     26.001    11.7038    11.6488   3.667623   3.663169     0.8643     0.9376     0.0077  0.0879084  0.000e+00
       4080     26.001    11.7091    11.6508   3.667706   3.663228     0.8643     0.9364     0.0077  0.0879084  0.000e+00
       4081     26.067    11.7072    11.6538   3.667683   3.663228     0.8668     0.9364     0.0077  0.0883968  0.000e+00
       4082     26.067    11.7046    11.6506   3.667323   3.663181     0.8643     0.9364     0.0077  0.0883968  0.000e+00
       4083     26.001    11.7044    11.6445   3.666993   3.663264     0.8643     0.9364     0.0077  0.0879084  0.000e+00
       4084     26.067    11.7059    11.6410   3.666963   3.663264     0.8643     0.9364     0.0077  0.0879084  0.000e+00
       4085     26.067    11.7014    11.6404   3.666886   3.663258     0.8643     0.9364     0.0077  0.0879084  0.000e+00
       4086     26.001    11.6858    11.6393   3.666436   3.663406     0.8668     0.9364     0.0077  0.0883968  0.000e+00
       4087     26.067    11.6664    11.6387   3.666083   3.663382     0.8643     0.9364     0.0077  0.0883968  0.000e+00
       4088     26.001    11.6580    11.6397   3.665717   3.663205     0.8631     0.9364     0.0077  0.0883968  0.000e+00
       4089     26.067    11.6532    11.6405   3.665646   3.663211     0.8631     0.9351     0.0077  0.0883968  0.000e+00
       4090     26.067    11.6544    11.6435   3.665628   3.663234     0.8668     0.9351     0.0077  0.0879084  0.000e+00
       4091     26.001    11.6660    11.6462   3.665568   3.663175     0.8643     0.9364     0.0075  0.0883968  0.000e+00
       4092     26.067    11.6836    11.6447   3.665603   3.663187     0.8631     0.9351     0.0075  0.0883968  0.000e+00
       4093     26.001    11.6924    11.6425   3.665861   3.663293     0.8631     0.9351     0.0077  0.0883968  0.000e+00
       4094     26.067    11.6891    11.6424   3.666017   3.663222     0.8631     0.9351     0.0081  0.0883968  0.000e+00
       4095     26.001    11.6792    11.6442   3.665891   3.663169     0.8655     0.9351     0.0079  0.0883968  0.000e+00
       4096     26.067    11.6776    11.6463   3.665621   3.663187     0.8643     0.9351     0.0081  0.0883968  0.000e+00
       4097     26.067    11.6664    11.6470   3.665651   3.663175     0.8643     0.9351     0.0081  0.0883968  0.000e+00
       4098     26.001    11.6486    11.6458   3.665616   3.663080     0.8631     0.9351     0.0079  0.0883968  0.000e+00
       4099     26.067    11.6363    11.6460   3.665760   3.663163     0.8631     0.9351     0.0077  0.0883968  0.000e+00
       4100     26.001    11.6488    11.6450   3.666107   3.663199     0.8655     0.9351     0.0081  0.0883968  0.000e+00
       4101     26.067    11.6703    11.6438   3.666448   3.663139     0.8643     0.9351     0.0077  0.0883968  0.000e+00
       4102     26.001    11.6816    11.6432   3.666748   3.663104     0.8631     0.9351     0.0081  0.0883968  0.000e+00
       4103     26.067    11.6829    11.6427   3.666796   3.663175     0.8631     0.9351     0.0079  0.0883968  0.000e+00
       4104     26.001    11.6714    11.6420   3.666790   3.663163     0.8643     0.9351     0.0079  0.0883968  0.000e+00
       4105     26.067    11.6697    11.6402   3.666568   3.663086     0.8643     0.9351     0.0081  0.0883968  0.000e+00
       4106     26.001    11.6752    11.6373   3.666227   3.663068     0.8631     0.9351     0.0081  0.0883968  0.000e+00
       4107     26.067    11.6773    11.6363   3.665987   3.662820     0.8631     0.9351     0.0081  0.0883968  0.000e+00
       4108     26.001    11.6700    11.6342   3.665849   3.662565     0.8631     0.9351     0.0081  0.0883968  0.000e+00
       4109     26.067    11.6612    11.6262   3.665819   3.662541     0.8643     0.9351     0.0081  0.0883968  0.000e+00
       4110     26.067    11.6625    11.6166   3.665837   3.662405     0.8643     0.9351     0.0079  0.0883968  0.000e+00
       4111     26.001    11.6687    11.6108   3.666065   3.662204     0.8631     0.9351     0.0079  0.0883968  0.000e+00
       4112     26.001    11.6770    11.6131   3.666310   3.662109     0.8631     0.9351     0.0079  0.0883968  0.000e+00
       4113     26.067    11.6821    11.6207   3.666658   3.662145     0.8631     0.9351     0.0081  0.0883968  0.000e+00
       4114     26.067    11.6853    11.6255   3.666730   3.662038     0.8668     0.9351     0.0079  0.0883968  0.000e+00
       4115     26.001    11.6883    11.6270   3.666820   3.662038     0.8643     0.9351     0.0077  0.0883968  0.000e+00
       4116     26.001    11.7038    11.6282   3.666975   3.662014     0.8631     0.9339     0.0079  0.0883968  0.000e+00
       4117     26.067    11.7514    11.6278   3.667820   3.662121     0.8619     0.9351     0.0079  0.0883968  0.000e+00
       4118     26.001    11.7631    11.6329   3.668941   3.662038     0.8619     0.9351     0.0079  0.0883968  0.000e+00
       4119     26.067    11.7708    11.6377   3.669642   3.662139     0.8643     0.9351     0.0079  0.0883968  0.000e+00
       4120     26.001    11.7880    11.6398   3.669749   3.662630     0.8643     0.9339     0.0081  0.0883968  0.000e+00
       4121     26.067    11.8094    11.6436   3.669911   3.663240     0.8631     0.9351     0.0081  0.0879084  0.000e+00
       4122     26.001    11.8122    11.6435   3.670481   3.663483     0.8619     0.9339     0.0081  0.0879084  0.000e+00
       4123     26.067    11.7953    11.6460   3.670775   3.663566     0.8631     0.9339     0.0081  0.0879084  0.000e+00
       4124     26.001    11.7850    11.6510   3.670865   3.663660     0.8643     0.9339     0.0081  0.0879084  0.000e+00
       4125     26.067    11.7779    11.6468   3.670829   3.663720     0.8643     0.9339     0.0081  0.0879084  0.000e+00
       4126     26.001    11.7802    11.6412   3.670763   3.663720     0.8631     0.9339     0.0081  0.0879084  0.000e+00
       4127     26.001    11.7835    11.6531   3.670895   3.663886     0.8631     0.9339     0.0081  0.0883968  0.000e+00
       4128     26.067    11.7814    11.6698   3.670877   3.663980     0.8631     0.9339     0.0081  0.0879084  0.000e+00
       4129     26.001    11.7675    11.6783   3.670775   3.664122     0.8631     0.9339     0.0081  0.0874200  0.000e+00
       4130     26.066    11.7507    11.6815   3.670236   3.664436     0.8631     0.9339     0.0081  0.0879084  0.000e+00
       4131     26.000    11.7279    11.6829   3.669528   3.664756     0.8631     0.9351     0.0081  0.0874200  0.000e+00
       4132     26.066    11.7087    11.6862   3.668965   3.665040     0.8619     0.9339     0.0081  0.0874200  0.000e+00
       4133     26.000    11.6952    11.6972   3.668618   3.665277     0.8631     0.9339     0.0081  0.0874200  0.000e+00
       4134     26.000    11.6954    11.7068   3.668564   3.665372     0.8631     0.9339     0.0081  0.0874200  0.000e+00
       4135     26.066    11.7015    11.7112   3.668696   3.665372     0.8631     0.9339     0.0081  0.0874200  0.000e+00
       4136     26.000    11.7046    11.7128   3.668666   3.665342     0.8619     0.9339     0.0081  0.0874200  0.000e+00
       4137     26.000    11.7064    11.7068   3.668396   3.665466     0.8619     0.9339     0.0081  0.0883968  0.000e+00
       4138     26.066    11.6953    11.6992   3.667898   3.665621     0.8643     0.9339     0.0081  0.0879084  0.000e+00
       4139     26.000    11.6894    11.6966   3.667419   3.665668     0.8643     0.9339     0.0081  0.0874200  0.000e+00
       4140     26.066    11.6856    11.6948   3.666916   3.665615     0.8631     0.9339     0.0081  0.0879084  0.000e+00
       4141     26.000    11.6795    11.6871   3.666544   3.665668     0.8619     0.9339     0.0081  0.0879084  0.000e+00
       4142     26.000    11.6846    11.6797   3.666101   3.665627     0.8619     0.9339     0.0081  0.0874200  0.000e+00
       4143     26.066    11.6798    11.6758   3.665442   3.665502     0.8643     0.9339     0.0081  0.0874200  0.000e+00
       4144     26.000    11.6732    11.6784   3.664944   3.665538     0.8631     0.9339     0.0081  0.0879084  0.000e+00
       4145     26.000    11.6762    11.6919   3.664908   3.665502     0.8619     0.9339     0.0081  0.0883968  0.000e+00
       4146     26.066    11.6763    11.7100   3.664938   3.665715     0.8619     0.9339     0.0081  0.0874200  0.000e+00
       4147     26.000    11.6791    11.7204   3.665064   3.665691     0.8631     0.9339     0.0081  0.0879084  0.000e+00
       4148     26.066    11.6843    11.7296   3.665346   3.665620     0.8643     0.9339     0.0081  0.0874200  0.000e+00
       4149     26.000    11.6868    11.7346   3.665771   3.665869     0.8631     0.9339     0.0079  0.0879084  0.000e+00
       4150     26.000    11.6901    11.7337   3.666125   3.666106     0.8619     0.9339     0.0079  0.0874200  0.000e+00
       4151     26.000    11.6960    11.7321   3.666136   3.666372     0.8619     0.9339     0.0081  0.0879084  0.000e+00
       4152     26.066    11.6963    11.7364   3.666011   3.666538     0.8631     0.9339     0.0081  0.0874200  0.000e+00
       4153     26.000    11.6973    11.7403   3.666029   3.666432     0.8631     0.9339     0.0081  0.0879084  0.000e+00
       4154     26.000    11.6944    11.7396   3.666238   3.666349     0.8619     0.9339     0.0081  0.0879084  0.000e+00
       4155     26.066    11.6886    11.7324   3.666394   3.666272     0.8619     0.9339     0.0079  0.0879084  0.000e+00
       4156     26.000    11.6848    11.7076   3.666310   3.666219     0.8619     0.9339     0.0079  0.0879084  0.000e+00
       4157     25.942    11.6823    11.7008   3.666197   3.666237     0.8619     0.9327     0.0081  0.0879084  0.000e+00
       4158     26.074    11.6838    11.7098   3.666173   3.666302     0.8619     0.9339     0.0081  0.0874200  0.000e+00
       4159     26.000    11.6889    11.7174   3.665975   3.666479     0.8619     0.9339     0.0081  0.0879084  0.000e+00
       4160     26.066    11.6833    11.7224   3.665843   3.666544     0.8619     0.9339     0.0081  0.0874200  0.000e+00
       4161     26.000    11.6780    11.7256   3.665615   3.666687     0.8619     0.9339     0.0077  0.0879084  0.000e+00
       4162     26.000    11.6772    11.7279   3.665334   3.667001     0.8619     0.9327     0.0081  0.0874200  0.000e+00
       4163     26.066    11.6699    11.7305   3.665046   3.667143     0.8631     0.9339     0.0079  0.0874200  0.000e+00
       4164     26.000    11.6641    11.7353   3.664801   3.667397     0.8619     0.9339     0.0079  0.0883968  0.000e+00
       4165     26.000    11.6607    11.7408   3.664711   3.667551     0.8619     0.9327     0.0081  0.0879084  0.000e+00
       4166     26.000    11.6617    11.7390   3.664615   3.667622     0.8619     0.9327     0.0077  0.0874200  0.000e+00
       4167     26.000    11.6760    11.7226   3.664801   3.667735     0.8631     0.9327     0.0081  0.0879084  0.000e+00
       4168     26.066    11.6807    11.7163   3.665190   3.667700     0.8631     0.9327     0.0081  0.0874200  0.000e+00
       4169     26.000    11.6846    11.7221   3.665537   3.667824     0.8619     0.9339     0.0081  0.0879084  0.000e+00
       4170     26.000    11.6884    11.7319   3.665789   3.668014     0.8606     0.9327     0.0081  0.0879084  0.000e+00
       4171     26.000    11.6886    11.7309   3.665825   3.668334     0.8619     0.9339     0.0081  0.0879084  0.000e+00
       4172     26.066    11.6896    11.7189   3.665909   3.668423     0.8631     0.9339     0.0081  0.0883968  0.000e+00
       4173     26.000    11.6904    11.7138   3.665993   3.668174     0.8619     0.9327     0.0081  0.0879084  0.000e+00
       4174     26.000    11.6874    11.7063   3.666059   3.667878     0.8619     0.9327     0.0081  0.0879084  0.000e+00
       4175     26.000    11.6838    11.7106   3.665897   3.667807     0.8619     0.9327     0.0081  0.0883968  0.000e+00
       4176     26.066    11.6841    11.7305   3.665651   3.667972     0.8619     0.9327     0.0081  0.0883968  0.000e+00
       4177     26.000    11.6858    11.7543   3.665561   3.668031     0.8631     0.9327     0.0081  0.0879084  0.000e+00
       4178     26.000    11.6822    11.7715   3.665603   3.668031     0.8619     0.9327     0.0081  0.0879084  0.000e+00
       4179     26.000    11.6770    11.7807   3.665837   3.667741     0.8606     0.9327     0.0081  0.0879084  0.000e+00
       4180     26.000    11.6787    11.7848   3.665933   3.667420     0.8619     0.9339     0.0081  0.0879084  0.000e+00
       4181     26.066    11.6818    11.7768   3.665993   3.667231     0.8619     0.9327     0.0081  0.0879084  0.000e+00
       4182     26.000    11.6874    11.7519   3.666107   3.667113     0.8631     0.9327     0.0081  0.0883968  0.000e+00
       4183     26.000    11.6910    11.7291   3.666262   3.667089     0.8619     0.9327     0.0081  0.0883968  0.000e+00
       4184     26.000    11.6931    11.7165   3.666304   3.667143     0.8619     0.9327     0.0081  0.0879084  0.000e+00
       4185     26.066    11.6934    11.7079   3.666250   3.667327     0.8606     0.9339     0.0081  0.0879084  0.000e+00
       4186     26.000    11.6914    11.7054   3.666214   3.667433     0.8631     0.9327     0.0081  0.0879084  0.000e+00
       4187     26.000    11.6904    11.7148   3.666173   3.667469     0.8631     0.9327     0.0081  0.0883968  0.000e+00
       4188     26.000    11.6897    11.7201   3.666125   3.667552     0.8619     0.9327     0.0081  0.0883968  0.000e+00
       4189     26.000    11.6919    11.7241   3.666155   3.667386     0.8619     0.9327     0.0081  0.0879084  0.000e+00
       4190     26.000    11.6942    11.7301   3.666316   3.667000     0.8619     0.9339     0.0081  0.0879084  0.000e+00
       4191     26.066    11.6957    11.7293   3.666370   3.666408     0.8631     0.9339     0.0081  0.0879084  0.000e+00
       4192     26.000    11.6967    11.7284   3.666442   3.665904     0.8631     0.9339     0.0081  0.0883968  0.000e+00
       4193     26.000    11.6943    11.7249   3.666340   3.665721     0.8619     0.9339     0.0081  0.0883968  0.000e+00
       4194     26.000    11.6863    11.7125   3.666029   3.665508     0.8606     0.9339     0.0081  0.0879084  0.000e+00
       4195     26.000    11.6853    11.6914   3.665699   3.665484     0.8619     0.9327     0.0081  0.0883968  0.000e+00
       4196     26.066    11.6807    11.6766   3.665424   3.665550     0.8631     0.9339     0.0081  0.0883968  0.000e+00
