code/data/2021/ctd_data_day1/Station 3ex 210921_ctm_fil_le_der.cnv
* Sea-Bird SBE 9 Data File:
* FileName = C:\Users\CTD-User\Desktop\MAR440\Station 3ex 210921.hex
* Software Version Seasave V 7.26.2.13
* Temperature SN = 6313
* Conductivity SN = 4758
* Number of Bytes Per Scan = 30
* Number of Voltage Words = 4
* Number of Scans Averaged by the Deck Unit = 1
* NMEA baud rate = 4800
** Ship:
** Station:
** Operator:
# nquan = 16                                
# nvalues = 3026                        
# units = specified
# name 0 = scan: Scan Count
# name 1 = prDM: Pressure, Digiquartz [db]
# name 2 = t090C: Temperature [ITS-90, deg C]
# name 3 = t190C: Temperature, 2 [ITS-90, deg C]
# name 4 = c0S/m: Conductivity [S/m]
# name 5 = c1S/m: Conductivity, 2 [S/m]
# name 6 = sbeox0V: Oxygen raw, SBE 43 [V]
# name 7 = sbeox1V: Oxygen raw, SBE 43, 2 [V]
# name 8 = flECO-AFL: Fluorescence, WET Labs ECO-AFL/FL [mg/m^3]
# name 9 = upoly0: Upoly 0, Turbidity
# name 10 = depSM: Depth [salt water, m], lat = 59
# name 11 = sal00: Salinity, Practical [PSU]
# name 12 = sal11: Salinity, Practical, 2 [PSU]
# name 13 = sbeox0ML/L: Oxygen, SBE 43 [ml/l], WS = 2
# name 14 = sbeox1ML/L: Oxygen, SBE 43, 2 [ml/l], WS = 2
# name 15 = flag: flag
# span 0 =          1,       3026       
# span 1 =      0.466,     13.163       
# span 2 =    11.9571,    16.1072       
# span 3 =    11.9277,    16.1128       
# span 4 =  -0.000326,   3.412927       
# span 5 =   0.069778,   3.409325       
# span 6 =     1.3716,     3.2558       
# span 7 =     1.4146,     3.0932       
# span 8 =     0.0035,     0.0441       
# span 9 =  0.0805703,  0.1871152       
# span 10 =      0.462,     13.040      
# span 11 =     0.0000,    28.5809      
# span 12 =     0.0000,    28.3991      
# span 13 =     2.3370,     8.9775      
# span 14 =     2.2332,     7.4541      
# span 15 = 0.0000e+00, 0.0000e+00      
# interval = seconds: 0.0416667
# start_time = Sep 21 2021 12:03:19 [System UTC, header]
# bad_flag = -9.990e-29
*END*
[from data line 1899]
       1900      0.890    14.6043    14.4127   2.877863   2.878578     2.2061     2.1349     0.0051  0.1871003      0.882    22.6968    22.8150     5.1261     4.3621 -9.990e-29
       1901      0.890    14.6110    14.4188   2.877902   2.878675     2.2064     2.1354     0.0051  0.1870987      0.882    22.6932    22.8122     5.1241     4.3628 -9.990e-29
       1902      0.891    14.6185    14.4247   2.877947   2.878773     2.2067     2.1359     0.0051  0.1870941      0.883    22.6892    22.8096     5.1220     4.3635 -9.990e-29
       1903      0.891    14.6267    14.4303   2.877999   2.878871     2.2069     2.1364     0.0051  0.1870864      0.883    22.6849    22.8072     5.1194     4.3643 -9.990e-29
       1904      0.892    14.6357    14.4355   2.878057   2.878968     2.2072     2.1370     0.0051  0.1870755      0.884    22.6802    22.8050     5.1171     4.3654 -9.990e-29
       1905      0.892    14.6451    14.4402   2.878120   2.879064     2.2074     2.1375     0.0051  0.1870622      0.884    22.6753    22.8031     5.1144     4.3663 -9.990e-29
       1906      0.893    14.6548    14.4446   2.878187   2.879161     2.2076     2.1380     0.0051  0.1870473      0.885    22.6702    22.8013     5.1117     4.3672 -9.990e-29
       1907      0.893    14.6645    14.4491   2.878258   2.879259     2.2077     2.1385     0.0051  0.1870297      0.885    22.6652    22.7996     5.1087     4.3682 -9.990e-29
       1908      0.894    14.6741    14.4537   2.878331   2.879359     2.2079     2.1389     0.0051  0.1870087      0.886    22.6602    22.7977     5.1060     4.3690 -9.990e-29
       1909      0.894    14.6836    14.4586   2.878406   2.879461     2.2081     2.1394     0.0051  0.1869839      0.886    22.6554    22.7958     5.1033     4.3700 -9.990e-29
       1910      0.894    14.6928    14.4638   2.878482   2.879566     2.2082     2.1399     0.0051  0.1869552      0.886    22.6507    22.7936     5.1003     4.3711 -9.990e-29
       1911      0.895    14.7018    14.4693   2.878558   2.879673     2.2083     2.1404     0.0051  0.1869224      0.887    22.6461    22.7913     5.0973     4.3722 -9.990e-29
       1912      0.895    14.7105    14.4753   2.878635   2.879783     2.2084     2.1409     0.0051  0.1868853      0.887    22.6418    22.7888     5.0943     4.3733 -9.990e-29
       1913      0.895    14.7188    14.4817   2.878711   2.879894     2.2084     2.1414     0.0051  0.1868437      0.887    22.6376    22.7860     5.0912     4.3744 -9.990e-29
       1914      0.895    14.7268    14.4885   2.878785   2.880008     2.2085     2.1419     0.0051  0.1867972      0.887    22.6336    22.7830     5.0883     4.3755 -9.990e-29
       1915      0.895    14.7342    14.4958   2.878858   2.880124     2.2085     2.1424     0.0051  0.1867455      0.887    22.6300    22.7797     5.0852     4.3767 -9.990e-29
       1916      0.895    14.7411    14.5037   2.878928   2.880242     2.2085     2.1429     0.0051  0.1866882      0.887    22.6266    22.7761     5.0822     4.3779 -9.990e-29
       1917      0.895    14.7474    14.5120   2.878995   2.880361     2.2085     2.1434     0.0051  0.1866251      0.887    22.6235    22.7723     5.0792     4.3791 -9.990e-29
       1918      0.895    14.7531    14.5211   2.879061   2.880483     2.2085     2.1439     0.0051  0.1865555      0.887    22.6208    22.7681     5.0763     4.3803 -9.990e-29
       1919      0.895    14.7583    14.5307   2.879125   2.880606     2.2084     2.1444     0.0051  0.1864791      0.887    22.6183    22.7635     5.0732     4.3816 -9.990e-29
       1920      0.894    14.7630    14.5411   2.879189   2.880731     2.2084     2.1449     0.0049  0.1863979      0.886    22.6161    22.7585     5.0705     4.3828 -9.990e-29
       1921      0.894    14.7671    14.5523   2.879251   2.880858     2.2083     2.1454     0.0048  0.1863180      0.886    22.6143    22.7531     5.0675     4.3841 -9.990e-29
       1922      0.894    14.7708    14.5643   2.879313   2.880987     2.2082     2.1460     0.0048  0.1862449      0.886    22.6127    22.7472     5.0646     4.3856 -9.990e-29
       1923      0.894    14.7741    14.5772   2.879375   2.881118     2.2080     2.1465     0.0048  0.1861797      0.886    22.6113    22.7408     5.0614     4.3868 -9.990e-29
       1924      0.894    14.7770    14.5912   2.879436   2.881249     2.2079     2.1471     0.0048  0.1861221      0.886    22.6102    22.7338     5.0587     4.3883 -9.990e-29
       1925      0.894    14.7798    14.6061   2.879498   2.881382     2.2078     2.1477     0.0048  0.1860716      0.886    22.6091    22.7263     5.0559     4.3898 -9.990e-29
       1926      0.894    14.7826    14.6219   2.879560   2.881516     2.2076     2.1482     0.0048  0.1860261      0.886    22.6080    22.7182     5.0529     4.3910 -9.990e-29
       1927      0.894    14.7853    14.6384   2.879622   2.881650     2.2074     2.1488     0.0048  0.1859829      0.886    22.6070    22.7098     5.0500     4.3925 -9.990e-29
       1928      0.894    14.7881    14.6552   2.879685   2.881782     2.2072     2.1495     0.0048  0.1859415      0.886    22.6059    22.7011     5.0470     4.3942 -9.990e-29
       1929      0.894    14.7910    14.6720   2.879748   2.881911     2.2070     2.1501     0.0048  0.1859026      0.886    22.6048    22.6925     5.0441     4.3958 -9.990e-29
       1930      0.894    14.7939    14.6884   2.879810   2.882036     2.2068     2.1507     0.0048  0.1858658      0.886    22.6036    22.6840     5.0412     4.3974 -9.990e-29
       1931      0.895    14.7969    14.7043   2.879872   2.882155     2.2065     2.1514     0.0048  0.1858310      0.887    22.6024    22.6758     5.0380     4.3994 -9.990e-29
       1932      0.895    14.8000    14.7196   2.879933   2.882270     2.2063     2.1521     0.0048  0.1857979      0.887    22.6012    22.6680     5.0352     4.4015 -9.990e-29
       1933      0.895    14.8032    14.7341   2.879994   2.882379     2.2060     2.1527     0.0048  0.1857662      0.887    22.5999    22.6605     5.0321     4.4034 -9.990e-29
       1934      0.895    14.8063    14.7479   2.880055   2.882482     2.2057     2.1534     0.0048  0.1857358      0.887    22.5986    22.6534     5.0291     4.4057 -9.990e-29
       1935      0.895    14.8095    14.7610   2.880115   2.882581     2.2054     2.1542     0.0048  0.1857073      0.887    22.5973    22.6466     5.0261     4.4083 -9.990e-29
       1936      0.895    14.8126    14.7733   2.880175   2.882675     2.2051     2.1549     0.0048  0.1856813      0.887    22.5960    22.6403     5.0231     4.4108 -9.990e-29
       1937      0.895    14.8156    14.7849   2.880235   2.882765     2.2048     2.1557     0.0048  0.1856567      0.887    22.5948    22.6344     5.0202     4.4136 -9.990e-29
       1938      0.896    14.8184    14.7958   2.880296   2.882850     2.2044     2.1564     0.0048  0.1856327      0.888    22.5937    22.6288     5.0170     4.4162 -9.990e-29
       1939      0.896    14.8211    14.8060   2.880356   2.882930     2.2041     2.1572     0.0048  0.1856098      0.888    22.5926    22.6236     5.0142     4.4191 -9.990e-29
       1940      0.896    14.8236    14.8156   2.880418   2.883007     2.2037     2.1580     0.0048  0.1855887      0.888    22.5917    22.6187     5.0111     4.4222 -9.990e-29
       1941      0.897    14.8259    14.8245   2.880479   2.883080     2.2033     2.1589     0.0048  0.1855685      0.889    22.5909    22.6142     5.0081     4.4255 -9.990e-29
       1942      0.897    14.8280    14.8329   2.880541   2.883149     2.2029     2.1597     0.0048  0.1855491      0.889    22.5903    22.6099     5.0052     4.4286 -9.990e-29
       1943      0.897    14.8298    14.8407   2.880604   2.883215     2.2026     2.1606     0.0048  0.1855318      0.889    22.5898    22.6060     5.0026     4.4321 -9.990e-29
       1944      0.898    14.8314    14.8480   2.880668   2.883278     2.2022     2.1614     0.0048  0.1855176      0.890    22.5894    22.6023     4.9998     4.4353 -9.990e-29
       1945      0.898    14.8328    14.8548   2.880733   2.883338     2.2017     2.1623     0.0048  0.1855063      0.890    22.5891    22.5989     4.9968     4.4388 -9.990e-29
       1946      0.899    14.8340    14.8612   2.880799   2.883396     2.2013     2.1633     0.0049  0.1854978      0.891    22.5890    22.5957     4.9941     4.4426 -9.990e-29
       1947      0.899    14.8351    14.8671   2.880867   2.883451     2.2009     2.1642     0.0049  0.1854921      0.891    22.5890    22.5928     4.9914     4.4462 -9.990e-29
       1948      0.899    14.8361    14.8726   2.880936   2.883505     2.2004     2.1652     0.0049  0.1854891      0.891    22.5890    22.5901     4.9885     4.4500 -9.990e-29
       1949      0.900    14.8370    14.8776   2.881007   2.883557     2.2000     2.1661     0.0049  0.1854889      0.892    22.5891    22.5877     4.9859     4.4536 -9.990e-29
       1950      0.900    14.8379    14.8823   2.881079   2.883608     2.1995     2.1671     0.0049  0.1854913      0.892    22.5892    22.5854     4.9830     4.4575 -9.990e-29
       1951      0.901    14.8387    14.8866   2.881154   2.883658     2.1990     2.1681     0.0049  0.1854964      0.893    22.5894    22.5833     4.9802     4.4614 -9.990e-29
       1952      0.901    14.8396    14.8906   2.881232   2.883708     2.1985     2.1692     0.0049  0.1855043      0.893    22.5895    22.5815     4.9774     4.4655 -9.990e-29
       1953      0.901    14.8406    14.8943   2.881312   2.883758     2.1980     2.1702     0.0049  0.1855150      0.893    22.5896    22.5798     4.9746     4.4694 -9.990e-29
       1954      0.902    14.8419    14.8977   2.881396   2.883807     2.1975     2.1713     0.0049  0.1855286      0.894    22.5896    22.5782     4.9719     4.4735 -9.990e-29
       1955      0.902    14.8434    14.9009   2.881483   2.883856     2.1970     2.1724     0.0049  0.1855452      0.894    22.5895    22.5768     4.9692     4.4776 -9.990e-29
       1956      0.903    14.8452    14.9039   2.881572   2.883905     2.1965     2.1734     0.0049  0.1855649      0.895    22.5892    22.5755     4.9664     4.4814 -9.990e-29
       1957      0.903    14.8474    14.9066   2.881664   2.883955     2.1960     2.1745     0.0049  0.1855887      0.895    22.5888    22.5744     4.9637     4.4854 -9.990e-29
       1958      0.904    14.8498    14.9092   2.881757   2.884006     2.1954     2.1757     0.0049  0.1856175      0.896    22.5882    22.5733     4.9607     4.4897 -9.990e-29
       1959      0.904    14.8525    14.9116   2.881849   2.884059     2.1949     2.1768     0.0049  0.1856508      0.896    22.5874    22.5724     4.9579     4.4936 -9.990e-29
       1960      0.904    14.8553    14.9138   2.881941   2.884113     2.1943     2.1780     0.0049  0.1856880      0.896    22.5866    22.5716     4.9549     4.4978 -9.990e-29
       1961      0.905    14.8584    14.9159   2.882033   2.884169     2.1938     2.1791     0.0049  0.1857292      0.897    22.5856    22.5709     4.9523     4.5016 -9.990e-29
       1962      0.905    14.8615    14.9179   2.882122   2.884228     2.1932     2.1803     0.0049  0.1857748      0.897    22.5846    22.5702     4.9493     4.5057 -9.990e-29
       1963      0.906    14.8646    14.9197   2.882209   2.884288     2.1927     2.1815     0.0049  0.1858251      0.898    22.5835    22.5697     4.9467     4.5097 -9.990e-29
       1964      0.907    14.8678    14.9214   2.882294   2.884351     2.1921     2.1827     0.0049  0.1858804      0.899    22.5824    22.5693     4.9438     4.5136 -9.990e-29
       1965      0.907    14.8710    14.9230   2.882377   2.884416     2.1916     2.1839     0.0049  0.1859412      0.899    22.5813    22.5689     4.9413     4.5175 -9.990e-29
       1966      0.908    14.8741    14.9245   2.882456   2.884484     2.1910     2.1851     0.0049  0.1860078      0.900    22.5802    22.5686     4.9384     4.5213 -9.990e-29
       1967      0.909    14.8773    14.9259   2.882534   2.884555     2.1904     2.1864     0.0049  0.1860808      0.901    22.5790    22.5684     4.9356     4.5252 -9.990e-29
       1968      0.910    14.8803    14.9272   2.882609   2.884628     2.1898     2.1876     0.0049  0.1861605      0.901    22.5779    22.5683     4.9329     4.5289 -9.990e-29
       1969      0.910    14.8833    14.9284   2.882682   2.884705     2.1892     2.1889     0.0049  0.1862477      0.901    22.5768    22.5683     4.9302     4.5327 -9.990e-29
       1970      0.911    14.8862    14.9295   2.882754   2.884784     2.1886     2.1901     0.0049  0.1863428      0.902    22.5758    22.5683     4.9275     4.5362 -9.990e-29
       1971      0.911    14.8890    14.9306   2.882824   2.884866     2.1880     2.1914     0.0048  0.1864440      0.902    22.5748    22.5684     4.9248     4.5398 -9.990e-29
       1972      0.911    14.8916    14.9315   2.882894   2.884950     2.1874     2.1927     0.0048  0.1865444      0.902    22.5739    22.5686     4.9222     4.5434 -9.990e-29
       1973      0.911    14.8942    14.9324   2.882964   2.885037     2.1868     2.1939     0.0048  0.1866370      0.902    22.5730    22.5688     4.9196     4.5466 -9.990e-29
       1974      0.912    14.8967    14.9333   2.883035   2.885126     2.1861     2.1952     0.0048  0.1867198      0.903    22.5721    22.5691     4.9168     4.5500 -9.990e-29
       1975      0.912    14.8990    14.9340   2.883107   2.885219     2.1855     2.1965     0.0048  0.1867936      0.903    22.5714    22.5695     4.9143     4.5533 -9.990e-29
       1976      0.912    14.9013    14.9347   2.883180   2.885315     2.1849     2.1978     0.0048  0.1868588      0.903    22.5707    22.5699     4.9118     4.5565 -9.990e-29
       1977      0.912    14.9035    14.9354   2.883254   2.885414     2.1842     2.1991     0.0048  0.1869158      0.903    22.5701    22.5704     4.9090     4.5596 -9.990e-29
       1978      0.912    14.9056    14.9360   2.883329   2.885517     2.1836     2.2003     0.0048  0.1869650      0.903    22.5696    22.5709     4.9065     4.5623 -9.990e-29
       1979      0.912    14.9076    14.9366   2.883406   2.885622     2.1830     2.2016     0.0048  0.1870069      0.903    22.5691    22.5715     4.9041     4.5653 -9.990e-29
       1980      0.912    14.9097    14.9372   2.883483   2.885730     2.1823     2.2029     0.0048  0.1870416      0.903    22.5685    22.5720     4.9014     4.5681 -9.990e-29
       1981      0.912    14.9116    14.9377   2.883562   2.885842     2.1817     2.2042     0.0048  0.1870695      0.903    22.5681    22.5727     4.8990     4.5708 -9.990e-29
       1982      0.913    14.9135    14.9382   2.883642   2.885956     2.1810     2.2054     0.0048  0.1870906      0.904    22.5677    22.5734     4.8964     4.5732 -9.990e-29
       1983      0.913    14.9153    14.9386   2.883721   2.886072     2.1804     2.2067     0.0048  0.1871052      0.904    22.5673    22.5742     4.8941     4.5757 -9.990e-29
       1984      0.914    14.9171    14.9391   2.883801   2.886190     2.1797     2.2079     0.0048  0.1871134      0.905    22.5670    22.5749     4.8915     4.5779 -9.990e-29
       1985      0.914    14.9188    14.9395   2.883882   2.886310     2.1791     2.2092     0.0048  0.1871152      0.905    22.5667    22.5757     4.8892     4.5802 -9.990e-29
       1986      0.914    14.9205    14.9399   2.883962   2.886431     2.1785     2.2104     0.0048  0.1871107      0.905    22.5664    22.5765     4.8870     4.5822 -9.990e-29
       1987      0.915    14.9221    14.9402   2.884042   2.886554     2.1778     2.2116     0.0048  0.1870997      0.906    22.5662    22.5774     4.8844     4.5840 -9.990e-29
       1988      0.915    14.9236    14.9405   2.884122   2.886677     2.1772     2.2128     0.0048  0.1870823      0.906    22.5660    22.5783     4.8822     4.5858 -9.990e-29
