code/data/2021/ctd_data_day1/Station 2 210921_ctm_fil_le.cnv
* Sea-Bird SBE 9 Data File:
* FileName = C:\Users\CTD-User\Desktop\MAR440\Station 2 210921.hex
* Software Version Seasave V 7.26.2.13
* Temperature SN = 6313
* Conductivity SN = 4758
* Number of Bytes Per Scan = 30
* Number of Voltage Words = 4
* Number of Scans Averaged by the Deck Unit = 1
* NMEA baud rate = 4800
** Ship:
** Station:
** Operator:
# nquan = 11
# nvalues = 6110                        
# units = specified
# name 0 = scan: Scan Count
# name 1 = prDM: Pressure, Digiquartz [db]
# name 2 = t090C: Temperature [ITS-90, deg C]
# name 3 = t190C: Temperature, 2 [ITS-90, deg C]
# name 4 = c0S/m: Conductivity [S/m]
# name 5 = c1S/m: Conductivity, 2 [S/m]
# name 6 = sbeox0V: Oxygen raw, SBE 43 [V]
# name 7 = sbeox1V: Oxygen raw, SBE 43, 2 [V]
# name 8 = flECO-AFL: Fluorescence, WET Labs ECO-AFL/FL [mg/m^3]
# name 9 = upoly0: Upoly 0, Turbidity
# name 10 = flag:  0.000e+00
# span 0 =          1,       6110       
# span 1 =      0.272,     43.391       
# span 2 =     7.9822,    16.1562       
# span 3 =     7.9816,    16.1577       
# span 4 =  -0.000572,   3.484935       
# span 5 =   1.131490,   3.486137       
# span 6 =     0.4727,     3.0246       
# span 7 =     0.5280,     2.8397       
# span 8 =     0.0033,     0.0408       
# span 9 =  0.0809230,  0.2244552       
# span 10 = 0.0000e+00, 0.0000e+00      
# interval = seconds: 0.0416667
# start_time = Sep 21 2021 09:07:42 [System UTC, header]
# bad_flag = -9.990e-29
*END*
[from data line 1968]
       1969     10.064    15.8689    15.8985   2.778596   2.834993     2.1075     2.0784     0.0038  0.0960632 -9.990e-29
       1970     10.063    15.8693    15.8985   2.778639   2.834860     2.1072     2.0777     0.0038  0.0960724 -9.990e-29
       1971     10.063    15.8696    15.8985   2.778683   2.834730     2.1070     2.0770     0.0038  0.0960823 -9.990e-29
       1972     10.063    15.8700    15.8985   2.778726   2.834601     2.1067     2.0764     0.0038  0.0960930 -9.990e-29
       1973     10.063    15.8703    15.8986   2.778770   2.834474     2.1065     2.0757     0.0038  0.0961063 -9.990e-29
       1974     10.063    15.8707    15.8986   2.778814   2.834349     2.1062     2.0750     0.0038  0.0961205 -9.990e-29
       1975     10.063    15.8710    15.8986   2.778858   2.834226     2.1060     2.0743     0.0038  0.0961342 -9.990e-29
       1976     10.063    15.8713    15.8986   2.778903   2.834105     2.1058     2.0736     0.0038  0.0961464 -9.990e-29
       1977     10.063    15.8717    15.8986   2.778947   2.833986     2.1055     2.0729     0.0038  0.0961565 -9.990e-29
       1978     10.063    15.8720    15.8986   2.778992   2.833869     2.1053     2.0722     0.0038  0.0961653 -9.990e-29
       1979     10.063    15.8723    15.8986   2.779037   2.833754     2.1050     2.0715     0.0038  0.0961739 -9.990e-29
       1980     10.063    15.8725    15.8986   2.779082   2.833641     2.1048     2.0708     0.0038  0.0961813 -9.990e-29
       1981     10.063    15.8728    15.8986   2.779126   2.833530     2.1046     2.0701     0.0038  0.0961868 -9.990e-29
       1982     10.062    15.8731    15.8986   2.779171   2.833420     2.1044     2.0694     0.0038  0.0961913 -9.990e-29
       1983     10.062    15.8734    15.8986   2.779214   2.833313     2.1042     2.0687     0.0038  0.0961957 -9.990e-29
       1984     10.062    15.8736    15.8986   2.779258   2.833207     2.1040     2.0680     0.0038  0.0961999 -9.990e-29
       1985     10.062    15.8738    15.8986   2.779301   2.833103     2.1038     2.0673     0.0038  0.0962041 -9.990e-29
       1986     10.062    15.8741    15.8986   2.779345   2.833001     2.1036     2.0666     0.0038  0.0962082 -9.990e-29
       1987     10.062    15.8743    15.8986   2.779389   2.832900     2.1034     2.0659     0.0038  0.0962115 -9.990e-29
       1988     10.062    15.8745    15.8986   2.779433   2.832802     2.1032     2.0652     0.0038  0.0962130 -9.990e-29
       1989     10.061    15.8747    15.8986   2.779478   2.832705     2.1030     2.0645     0.0038  0.0962137 -9.990e-29
       1990     10.061    15.8749    15.8986   2.779522   2.832610     2.1028     2.0638     0.0038  0.0962136 -9.990e-29
       1991     10.061    15.8751    15.8986   2.779566   2.832517     2.1026     2.0631     0.0038  0.0962118 -9.990e-29
       1992     10.061    15.8752    15.8986   2.779610   2.832426     2.1024     2.0624     0.0038  0.0962092 -9.990e-29
       1993     10.061    15.8754    15.8985   2.779654   2.832336     2.1022     2.0617     0.0038  0.0962066 -9.990e-29
       1994     10.061    15.8755    15.8985   2.779698   2.832249     2.1021     2.0610     0.0038  0.0962039 -9.990e-29
       1995     10.061    15.8757    15.8985   2.779742   2.832164     2.1019     2.0603     0.0038  0.0962011 -9.990e-29
       1996     10.061    15.8758    15.8985   2.779787   2.832080     2.1017     2.0596     0.0038  0.0961983 -9.990e-29
       1997     10.060    15.8759    15.8985   2.779830   2.831998     2.1015     2.0589     0.0038  0.0961954 -9.990e-29
       1998     10.060    15.8760    15.8984   2.779874   2.831918     2.1014     2.0582     0.0038  0.0961924 -9.990e-29
       1999     10.060    15.8761    15.8984   2.779917   2.831840     2.1012     2.0575     0.0038  0.0961893 -9.990e-29
       2000     10.060    15.8762    15.8983   2.779960   2.831764     2.1010     2.0568     0.0040  0.0961860 -9.990e-29
       2001     10.060    15.8763    15.8983   2.780003   2.831691     2.1009     2.0561     0.0040  0.0961826 -9.990e-29
       2002     10.059    15.8764    15.8982   2.780047   2.831620     2.1007     2.0554     0.0042  0.0961789 -9.990e-29
       2003     10.059    15.8765    15.8982   2.780090   2.831550     2.1006     2.0547     0.0040  0.0961750 -9.990e-29
       2004     10.059    15.8765    15.8981   2.780134   2.831483     2.1004     2.0540     0.0040  0.0961709 -9.990e-29
       2005     10.058    15.8766    15.8980   2.780177   2.831418     2.1003     2.0533     0.0040  0.0961665 -9.990e-29
       2006     10.058    15.8766    15.8980   2.780221   2.831355     2.1001     2.0526     0.0040  0.0961617 -9.990e-29
       2007     10.058    15.8766    15.8979   2.780265   2.831295     2.1000     2.0519     0.0040  0.0961567 -9.990e-29
       2008     10.058    15.8766    15.8978   2.780308   2.831236     2.0998     2.0512     0.0040  0.0961512 -9.990e-29
       2009     10.057    15.8767    15.8977   2.780352   2.831180     2.0997     2.0505     0.0040  0.0961453 -9.990e-29
       2010     10.057    15.8767    15.8976   2.780397   2.831127     2.0995     2.0498     0.0040  0.0961390 -9.990e-29
       2011     10.056    15.8767    15.8975   2.780441   2.831076     2.0994     2.0491     0.0040  0.0961322 -9.990e-29
       2012     10.056    15.8767    15.8974   2.780486   2.831027     2.0993     2.0484     0.0040  0.0961248 -9.990e-29
       2013     10.056    15.8766    15.8973   2.780530   2.830981     2.0991     2.0477     0.0040  0.0961168 -9.990e-29
       2014     10.055    15.8766    15.8971   2.780575   2.830938     2.0990     2.0470     0.0040  0.0961082 -9.990e-29
       2015     10.055    15.8766    15.8970   2.780620   2.830898     2.0988     2.0463     0.0040  0.0960988 -9.990e-29
       2016     10.055    15.8765    15.8969   2.780665   2.830861     2.0987     2.0456     0.0040  0.0960887 -9.990e-29
       2017     10.055    15.8765    15.8968   2.780710   2.830826     2.0986     2.0449     0.0040  0.0960777 -9.990e-29
       2018     10.055    15.8764    15.8966   2.780756   2.830795     2.0985     2.0443     0.0040  0.0960658 -9.990e-29
       2019     10.054    15.8764    15.8965   2.780802   2.830767     2.0983     2.0436     0.0040  0.0960528 -9.990e-29
       2020     10.054    15.8763    15.8963   2.780848   2.830743     2.0982     2.0429     0.0040  0.0960388 -9.990e-29
       2021     10.054    15.8763    15.8962   2.780895   2.830722     2.0981     2.0422     0.0040  0.0960236 -9.990e-29
       2022     10.054    15.8762    15.8960   2.780942   2.830704     2.0980     2.0415     0.0040  0.0960071 -9.990e-29
       2023     10.053    15.8761    15.8959   2.780990   2.830689     2.0979     2.0408     0.0040  0.0959891 -9.990e-29
       2024     10.053    15.8761    15.8957   2.781037   2.830679     2.0978     2.0402     0.0040  0.0959696 -9.990e-29
       2025     10.052    15.8760    15.8956   2.781085   2.830672     2.0977     2.0395     0.0040  0.0959484 -9.990e-29
       2026     10.052    15.8759    15.8954   2.781133   2.830669     2.0975     2.0388     0.0038  0.0959263 -9.990e-29
       2027     10.052    15.8758    15.8953   2.781180   2.830670     2.0974     2.0381     0.0038  0.0959047 -9.990e-29
       2028     10.052    15.8758    15.8951   2.781227   2.830674     2.0973     2.0375     0.0038  0.0958843 -9.990e-29
       2029     10.051    15.8757    15.8950   2.781275   2.830681     2.0972     2.0368     0.0038  0.0958651 -9.990e-29
       2030     10.051    15.8756    15.8948   2.781322   2.830692     2.0971     2.0361     0.0038  0.0958469 -9.990e-29
       2031     10.051    15.8755    15.8947   2.781369   2.830706     2.0970     2.0354     0.0038  0.0958296 -9.990e-29
       2032     10.051    15.8754    15.8945   2.781416   2.830724     2.0969     2.0347     0.0038  0.0958129 -9.990e-29
       2033     10.050    15.8754    15.8943   2.781463   2.830745     2.0968     2.0341     0.0038  0.0957970 -9.990e-29
       2034     10.050    15.8753    15.8942   2.781510   2.830770     2.0967     2.0334     0.0038  0.0957806 -9.990e-29
       2035     10.049    15.8752    15.8940   2.781558   2.830799     2.0966     2.0327     0.0037  0.0957622 -9.990e-29
       2036     10.049    15.8751    15.8939   2.781605   2.830831     2.0966     2.0320     0.0038  0.0957406 -9.990e-29
       2037     10.049    15.8750    15.8937   2.781653   2.830866     2.0965     2.0314     0.0038  0.0957166 -9.990e-29
       2038     10.049    15.8750    15.8935   2.781700   2.830904     2.0964     2.0307     0.0038  0.0956917 -9.990e-29
       2039     10.049    15.8749    15.8934   2.781747   2.830944     2.0963     2.0300     0.0038  0.0956657 -9.990e-29
       2040     10.048    15.8748    15.8932   2.781794   2.830987     2.0962     2.0293     0.0038  0.0956377 -9.990e-29
       2041     10.048    15.8747    15.8931   2.781842   2.831032     2.0961     2.0286     0.0038  0.0956082 -9.990e-29
       2042     10.047    15.8746    15.8929   2.781889   2.831080     2.0960     2.0280     0.0038  0.0955770 -9.990e-29
       2043     10.047    15.8745    15.8928   2.781937   2.831130     2.0960     2.0273     0.0038  0.0955423 -9.990e-29
       2044     10.047    15.8744    15.8926   2.781984   2.831181     2.0959     2.0266     0.0038  0.0955038 -9.990e-29
       2045     10.047    15.8743    15.8925   2.782032   2.831235     2.0958     2.0260     0.0038  0.0954620 -9.990e-29
       2046     10.046    15.8742    15.8923   2.782080   2.831290     2.0957     2.0253     0.0038  0.0954168 -9.990e-29
       2047     10.046    15.8740    15.8921   2.782128   2.831347     2.0957     2.0246     0.0038  0.0953677 -9.990e-29
       2048     10.046    15.8739    15.8920   2.782176   2.831406     2.0956     2.0240     0.0038  0.0953136 -9.990e-29
       2049     10.045    15.8738    15.8918   2.782225   2.831466     2.0955     2.0233     0.0038  0.0952541 -9.990e-29
       2050     10.045    15.8737    15.8917   2.782273   2.831527     2.0955     2.0226     0.0038  0.0951896 -9.990e-29
       2051     10.045    15.8735    15.8915   2.782322   2.831590     2.0954     2.0220     0.0038  0.0951215 -9.990e-29
       2052     10.044    15.8734    15.8914   2.782370   2.831654     2.0953     2.0213     0.0040  0.0950542 -9.990e-29
       2053     10.044    15.8733    15.8912   2.782418   2.831720     2.0952     2.0207     0.0038  0.0949917 -9.990e-29
       2054     10.044    15.8731    15.8911   2.782466   2.831788     2.0952     2.0200     0.0040  0.0949342 -9.990e-29
       2055     10.044    15.8730    15.8909   2.782514   2.831858     2.0951     2.0194     0.0040  0.0948815 -9.990e-29
       2056     10.043    15.8728    15.8908   2.782561   2.831929     2.0950     2.0187     0.0040  0.0948331 -9.990e-29
       2057     10.043    15.8726    15.8907   2.782609   2.832003     2.0950     2.0181     0.0040  0.0947887 -9.990e-29
       2058     10.043    15.8725    15.8905   2.782657   2.832079     2.0949     2.0174     0.0040  0.0947480 -9.990e-29
       2059     10.042    15.8723    15.8904   2.782704   2.832158     2.0948     2.0168     0.0040  0.0947107 -9.990e-29
       2060     10.042    15.8721    15.8902   2.782752   2.832239     2.0948     2.0161     0.0040  0.0946765 -9.990e-29
       2061     10.042    15.8720    15.8901   2.782800   2.832324     2.0947     2.0155     0.0040  0.0946453 -9.990e-29
       2062     10.042    15.8718    15.8900   2.782848   2.832410     2.0946     2.0148     0.0040  0.0946168 -9.990e-29
       2063     10.041    15.8716    15.8898   2.782896   2.832500     2.0946     2.0142     0.0040  0.0945908 -9.990e-29
       2064     10.041    15.8714    15.8897   2.782944   2.832594     2.0945     2.0136     0.0040  0.0945670 -9.990e-29
       2065     10.041    15.8712    15.8896   2.782992   2.832690     2.0944     2.0130     0.0040  0.0945455 -9.990e-29
       2066     10.041    15.8710    15.8894   2.783041   2.832791     2.0943     2.0123     0.0040  0.0945259 -9.990e-29
       2067     10.040    15.8709    15.8893   2.783090   2.832894     2.0943     2.0117     0.0040  0.0945082 -9.990e-29
       2068     10.040    15.8707    15.8892   2.783139   2.833001     2.0942     2.0111     0.0040  0.0944923 -9.990e-29
       2069     10.040    15.8705    15.8891   2.783189   2.833112     2.0941     2.0104     0.0040  0.0944788 -9.990e-29
       2070     10.039    15.8703    15.8890   2.783238   2.833226     2.0941     2.0098     0.0040  0.0944686 -9.990e-29
       2071     10.039    15.8701    15.8888   2.783287   2.833343     2.0940     2.0092     0.0040  0.0944607 -9.990e-29
       2072     10.039    15.8699    15.8887   2.783337   2.833464     2.0939     2.0085     0.0040  0.0944542 -9.990e-29
       2073     10.039    15.8697    15.8886   2.783387   2.833588     2.0939     2.0079     0.0040  0.0944491 -9.990e-29
       2074     10.038    15.8695    15.8885   2.783436   2.833715     2.0938     2.0073     0.0040  0.0944453 -9.990e-29
       2075     10.038    15.8693    15.8884   2.783486   2.833846     2.0937     2.0066     0.0040  0.0944428 -9.990e-29
       2076     10.038    15.8691    15.8883   2.783536   2.833979     2.0937     2.0060     0.0038  0.0944416 -9.990e-29
       2077     10.038    15.8689    15.8882   2.783586   2.834116     2.0936     2.0054     0.0038  0.0944417 -9.990e-29
       2078     10.038    15.8686    15.8881   2.783636   2.834255     2.0935     2.0048     0.0038  0.0944430 -9.990e-29
       2079     10.037    15.8684    15.8880   2.783686   2.834398     2.0934     2.0042     0.0038  0.0944457 -9.990e-29
       2080     10.037    15.8682    15.8879   2.783735   2.834543     2.0934     2.0036     0.0038  0.0944496 -9.990e-29
       2081     10.037    15.8679    15.8878   2.783785   2.834691     2.0933     2.0030     0.0038  0.0944549 -9.990e-29
       2082     10.037    15.8677    15.8876   2.783835   2.834841     2.0932     2.0024     0.0038  0.0944616 -9.990e-29
       2083     10.037    15.8674    15.8875   2.783885   2.834994     2.0932     2.0018     0.0038  0.0944697 -9.990e-29
       2084     10.037    15.8672    15.8874   2.783934   2.835150     2.0931     2.0011     0.0038  0.0944792 -9.990e-29
       2085     10.036    15.8669    15.8873   2.783984   2.835307     2.0931     2.0005     0.0038  0.0944903 -9.990e-29
       2086     10.036    15.8666    15.8872   2.784034   2.835466     2.0930     1.9999     0.0038  0.0945030 -9.990e-29
       2087     10.036    15.8663    15.8871   2.784083   2.835626     2.0929     1.9993     0.0038  0.0945174 -9.990e-29
       2088     10.036    15.8660    15.8869   2.784132   2.835788     2.0929     1.9988     0.0038  0.0945337 -9.990e-29
       2089     10.036    15.8656    15.8868   2.784180   2.835952     2.0928     1.9982     0.0038  0.0945518 -9.990e-29
       2090     10.035    15.8653    15.8867   2.784228   2.836116     2.0928     1.9976     0.0038  0.0945720 -9.990e-29
       2091     10.035    15.8649    15.8865   2.784276   2.836281     2.0927     1.9970     0.0038  0.0945944 -9.990e-29
       2092     10.035    15.8645    15.8864   2.784323   2.836447     2.0927     1.9964     0.0038  0.0946191 -9.990e-29
       2093     10.035    15.8641    15.8862   2.784370   2.836613     2.0926     1.9958     0.0038  0.0946464 -9.990e-29
       2094     10.035    15.8636    15.8860   2.784417   2.836779     2.0926     1.9953     0.0038  0.0946763 -9.990e-29
       2095     10.035    15.8632    15.8858   2.784464   2.836946     2.0925     1.9947     0.0038  0.0947092 -9.990e-29
       2096     10.035    15.8627    15.8856   2.784510   2.837112     2.0925     1.9941     0.0038  0.0947452 -9.990e-29
       2097     10.034    15.8622    15.8854   2.784556   2.837277     2.0924     1.9935     0.0038  0.0947846 -9.990e-29
       2098     10.034    15.8616    15.8852   2.784601   2.837443     2.0923     1.9929     0.0038  0.0948277 -9.990e-29
