code/data/2021/ctd_data_day1/Station 2 210921_ctm_fil_le.cnv
* Sea-Bird SBE 9 Data File:
* FileName = C:\Users\CTD-User\Desktop\MAR440\Station 2 210921.hex
* Software Version Seasave V 7.26.2.13
* Temperature SN = 6313
* Conductivity SN = 4758
* Number of Bytes Per Scan = 30
* Number of Voltage Words = 4
* Number of Scans Averaged by the Deck Unit = 1
* NMEA baud rate = 4800
** Ship:
** Station:
** Operator:
# nquan = 11
# nvalues = 6110                        
# units = specified
# name 0 = scan: Scan Count
# name 1 = prDM: Pressure, Digiquartz [db]
# name 2 = t090C: Temperature [ITS-90, deg C]
# name 3 = t190C: Temperature, 2 [ITS-90, deg C]
# name 4 = c0S/m: Conductivity [S/m]
# name 5 = c1S/m: Conductivity, 2 [S/m]
# name 6 = sbeox0V: Oxygen raw, SBE 43 [V]
# name 7 = sbeox1V: Oxygen raw, SBE 43, 2 [V]
# name 8 = flECO-AFL: Fluorescence, WET Labs ECO-AFL/FL [mg/m^3]
# name 9 = upoly0: Upoly 0, Turbidity
# name 10 = flag:  0.000e+00
# span 0 =          1,       6110       
# span 1 =      0.272,     43.391       
# span 2 =     7.9822,    16.1562       
# span 3 =     7.9816,    16.1577       
# span 4 =  -0.000572,   3.484935       
# span 5 =   1.131490,   3.486137       
# span 6 =     0.4727,     3.0246       
# span 7 =     0.5280,     2.8397       
# span 8 =     0.0033,     0.0408       
# span 9 =  0.0809230,  0.2244552       
# span 10 = 0.0000e+00, 0.0000e+00      
# interval = seconds: 0.0416667
# start_time = Sep 21 2021 09:07:42 [System UTC, header]
# bad_flag = -9.990e-29
*END*
[from data line 2623]
       2624     10.019    15.5884    15.6032   3.299875   3.298488     1.9773     1.9612     0.0037  0.0969978 -9.990e-29
       2625     10.020    15.5883    15.6031   3.299895   3.298509     1.9768     1.9608     0.0037  0.0970865 -9.990e-29
       2626     10.020    15.5882    15.6031   3.299915   3.298529     1.9763     1.9604     0.0037  0.0971805 -9.990e-29
       2627     10.020    15.5881    15.6031   3.299936   3.298547     1.9758     1.9600     0.0037  0.0972787 -9.990e-29
       2628     10.020    15.5880    15.6031   3.299955   3.298562     1.9753     1.9595     0.0037  0.0973809 -9.990e-29
       2629     10.021    15.5879    15.6031   3.299974   3.298576     1.9748     1.9591     0.0037  0.0974887 -9.990e-29
       2630     10.021    15.5878    15.6031   3.299993   3.298587     1.9742     1.9587     0.0037  0.0976037 -9.990e-29
       2631     10.021    15.5877    15.6032   3.300012   3.298595     1.9737     1.9583     0.0037  0.0977266 -9.990e-29
       2632     10.021    15.5876    15.6032   3.300030   3.298601     1.9732     1.9578     0.0037  0.0978593 -9.990e-29
       2633     10.021    15.5875    15.6033   3.300047   3.298603     1.9727     1.9574     0.0037  0.0980026 -9.990e-29
       2634     10.022    15.5874    15.6034   3.300063   3.298602     1.9722     1.9570     0.0037  0.0981566 -9.990e-29
       2635     10.022    15.5873    15.6034   3.300078   3.298597     1.9718     1.9565     0.0037  0.0983233 -9.990e-29
       2636     10.022    15.5872    15.6036   3.300092   3.298591     1.9713     1.9561     0.0037  0.0985047 -9.990e-29
       2637     10.022    15.5871    15.6037   3.300104   3.298581     1.9708     1.9557     0.0037  0.0986970 -9.990e-29
       2638     10.022    15.5871    15.6039   3.300114   3.298570     1.9704     1.9552     0.0038  0.0988870 -9.990e-29
       2639     10.023    15.5871    15.6041   3.300123   3.298557     1.9699     1.9548     0.0038  0.0990617 -9.990e-29
       2640     10.023    15.5871    15.6044   3.300130   3.298542     1.9695     1.9544     0.0038  0.0992163 -9.990e-29
       2641     10.023    15.5871    15.6046   3.300135   3.298525     1.9690     1.9539     0.0038  0.0993510 -9.990e-29
       2642     10.023    15.5871    15.6050   3.300137   3.298505     1.9686     1.9535     0.0038  0.0994676 -9.990e-29
       2643     10.023    15.5871    15.6053   3.300137   3.298483     1.9682     1.9530     0.0038  0.0995687 -9.990e-29
       2644     10.024    15.5872    15.6056   3.300135   3.298458     1.9678     1.9526     0.0038  0.0996557 -9.990e-29
       2645     10.024    15.5873    15.6059   3.300132   3.298430     1.9673     1.9522     0.0038  0.0997294 -9.990e-29
       2646     10.024    15.5874    15.6063   3.300125   3.298398     1.9669     1.9517     0.0038  0.0997893 -9.990e-29
       2647     10.024    15.5875    15.6067   3.300116   3.298362     1.9665     1.9513     0.0038  0.0998341 -9.990e-29
       2648     10.024    15.5876    15.6071   3.300104   3.298323     1.9661     1.9509     0.0038  0.0998643 -9.990e-29
       2649     10.024    15.5877    15.6075   3.300090   3.298281     1.9657     1.9505     0.0038  0.0998807 -9.990e-29
       2650     10.024    15.5878    15.6080   3.300072   3.298238     1.9653     1.9501     0.0038  0.0998828 -9.990e-29
       2651     10.024    15.5880    15.6084   3.300053   3.298192     1.9649     1.9496     0.0038  0.0998697 -9.990e-29
       2652     10.024    15.5882    15.6089   3.300031   3.298145     1.9645     1.9492     0.0038  0.0998421 -9.990e-29
       2653     10.024    15.5884    15.6093   3.300007   3.298097     1.9641     1.9488     0.0038  0.0998006 -9.990e-29
       2654     10.023    15.5886    15.6096   3.299982   3.298050     1.9637     1.9484     0.0038  0.0997442 -9.990e-29
       2655     10.023    15.5888    15.6098   3.299957   3.298003     1.9633     1.9480     0.0038  0.0996717 -9.990e-29
       2656     10.023    15.5890    15.6099   3.299931   3.297956     1.9629     1.9476     0.0038  0.0995832 -9.990e-29
       2657     10.023    15.5892    15.6099   3.299905   3.297911     1.9626     1.9472     0.0038  0.0994792 -9.990e-29
       2658     10.023    15.5894    15.6098   3.299879   3.297865     1.9622     1.9469     0.0038  0.0993580 -9.990e-29
       2659     10.023    15.5896    15.6097   3.299853   3.297819     1.9618     1.9465     0.0038  0.0992179 -9.990e-29
       2660     10.023    15.5898    15.6095   3.299828   3.297771     1.9615     1.9461     0.0038  0.0990588 -9.990e-29
       2661     10.022    15.5901    15.6094   3.299802   3.297721     1.9611     1.9457     0.0038  0.0988804 -9.990e-29
       2662     10.022    15.5903    15.6094   3.299777   3.297670     1.9607     1.9454     0.0040  0.0986832 -9.990e-29
       2663     10.022    15.5905    15.6093   3.299751   3.297618     1.9604     1.9450     0.0040  0.0984761 -9.990e-29
       2664     10.021    15.5908    15.6092   3.299725   3.297567     1.9600     1.9446     0.0040  0.0982745 -9.990e-29
       2665     10.021    15.5910    15.6091   3.299698   3.297520     1.9597     1.9443     0.0040  0.0980881 -9.990e-29
       2666     10.021    15.5913    15.6090   3.299670   3.297476     1.9593     1.9439     0.0040  0.0979181 -9.990e-29
       2667     10.021    15.5915    15.6088   3.299642   3.297436     1.9589     1.9436     0.0040  0.0977634 -9.990e-29
       2668     10.020    15.5918    15.6087   3.299613   3.297400     1.9586     1.9433     0.0040  0.0976221 -9.990e-29
       2669     10.020    15.5921    15.6086   3.299584   3.297369     1.9582     1.9429     0.0040  0.0974915 -9.990e-29
       2670     10.020    15.5923    15.6085   3.299556   3.297340     1.9579     1.9426     0.0040  0.0973697 -9.990e-29
       2671     10.020    15.5926    15.6085   3.299528   3.297316     1.9576     1.9423     0.0040  0.0972560 -9.990e-29
       2672     10.019    15.5929    15.6086   3.299502   3.297296     1.9572     1.9420     0.0040  0.0971505 -9.990e-29
       2673     10.019    15.5931    15.6088   3.299477   3.297282     1.9569     1.9417     0.0040  0.0970540 -9.990e-29
       2674     10.018    15.5934    15.6090   3.299453   3.297275     1.9566     1.9413     0.0040  0.0969667 -9.990e-29
       2675     10.018    15.5936    15.6094   3.299430   3.297274     1.9563     1.9410     0.0040  0.0968882 -9.990e-29
       2676     10.017    15.5939    15.6098   3.299409   3.297278     1.9560     1.9407     0.0040  0.0968177 -9.990e-29
       2677     10.017    15.5941    15.6103   3.299388   3.297288     1.9556     1.9404     0.0040  0.0967548 -9.990e-29
       2678     10.016    15.5943    15.6108   3.299367   3.297302     1.9553     1.9402     0.0040  0.0966983 -9.990e-29
       2679     10.016    15.5944    15.6115   3.299347   3.297318     1.9550     1.9399     0.0040  0.0966460 -9.990e-29
       2680     10.015    15.5946    15.6121   3.299328   3.297337     1.9547     1.9396     0.0040  0.0965967 -9.990e-29
       2681     10.014    15.5947    15.6127   3.299308   3.297357     1.9544     1.9393     0.0040  0.0965502 -9.990e-29
       2682     10.014    15.5949    15.6134   3.299288   3.297381     1.9541     1.9391     0.0040  0.0965068 -9.990e-29
       2683     10.013    15.5950    15.6140   3.299268   3.297408     1.9538     1.9388     0.0040  0.0964680 -9.990e-29
       2684     10.013    15.5951    15.6147   3.299246   3.297440     1.9535     1.9386     0.0040  0.0964336 -9.990e-29
       2685     10.012    15.5952    15.6154   3.299223   3.297475     1.9533     1.9383     0.0040  0.0964024 -9.990e-29
       2686     10.011    15.5954    15.6160   3.299199   3.297515     1.9530     1.9381     0.0040  0.0963742 -9.990e-29
       2687     10.011    15.5955    15.6167   3.299172   3.297559     1.9527     1.9379     0.0040  0.0963480 -9.990e-29
       2688     10.010    15.5957    15.6172   3.299144   3.297606     1.9525     1.9376     0.0038  0.0963237 -9.990e-29
       2689     10.009    15.5958    15.6178   3.299114   3.297657     1.9522     1.9374     0.0038  0.0963018 -9.990e-29
       2690     10.009    15.5959    15.6182   3.299083   3.297710     1.9520     1.9372     0.0038  0.0962814 -9.990e-29
       2691     10.008    15.5960    15.6186   3.299049   3.297763     1.9517     1.9370     0.0038  0.0962623 -9.990e-29
       2692     10.007    15.5960    15.6188   3.299014   3.297813     1.9515     1.9368     0.0038  0.0962461 -9.990e-29
       2693     10.007    15.5960    15.6190   3.298978   3.297858     1.9513     1.9366     0.0038  0.0962327 -9.990e-29
       2694     10.006    15.5961    15.6189   3.298939   3.297896     1.9511     1.9364     0.0038  0.0962212 -9.990e-29
       2695     10.005    15.5961    15.6187   3.298899   3.297926     1.9508     1.9362     0.0038  0.0962123 -9.990e-29
       2696     10.005    15.5960    15.6183   3.298858   3.297948     1.9506     1.9361     0.0038  0.0962068 -9.990e-29
       2697     10.004    15.5960    15.6178   3.298816   3.297961     1.9504     1.9359     0.0038  0.0962038 -9.990e-29
       2698     10.003    15.5960    15.6173   3.298772   3.297966     1.9502     1.9357     0.0038  0.0962016 -9.990e-29
       2699     10.002    15.5960    15.6169   3.298728   3.297961     1.9500     1.9356     0.0038  0.0961993 -9.990e-29
       2700     10.002    15.5960    15.6166   3.298684   3.297947     1.9498     1.9354     0.0038  0.0961978 -9.990e-29
       2701     10.001    15.5960    15.6164   3.298640   3.297922     1.9496     1.9352     0.0038  0.0961979 -9.990e-29
       2702     10.000    15.5960    15.6163   3.298594   3.297887     1.9493     1.9351     0.0038  0.0961996 -9.990e-29
       2703     10.000    15.5960    15.6164   3.298549   3.297842     1.9492     1.9349     0.0038  0.0962030 -9.990e-29
       2704      9.999    15.5960    15.6165   3.298505   3.297786     1.9490     1.9348     0.0038  0.0962071 -9.990e-29
       2705      9.998    15.5960    15.6167   3.298462   3.297720     1.9488     1.9346     0.0038  0.0962112 -9.990e-29
       2706      9.997    15.5960    15.6169   3.298422   3.297644     1.9486     1.9345     0.0038  0.0962153 -9.990e-29
       2707      9.997    15.5960    15.6171   3.298386   3.297558     1.9484     1.9343     0.0038  0.0962194 -9.990e-29
       2708      9.996    15.5961    15.6174   3.298354   3.297462     1.9482     1.9342     0.0038  0.0962245 -9.990e-29
       2709      9.995    15.5962    15.6176   3.298328   3.297356     1.9481     1.9341     0.0038  0.0962321 -9.990e-29
       2710      9.994    15.5963    15.6180   3.298309   3.297241     1.9479     1.9339     0.0038  0.0962425 -9.990e-29
       2711      9.993    15.5964    15.6184   3.298297   3.297117     1.9477     1.9338     0.0038  0.0962539 -9.990e-29
       2712      9.993    15.5964    15.6190   3.298292   3.296986     1.9476     1.9336     0.0038  0.0962657 -9.990e-29
       2713      9.992    15.5965    15.6196   3.298294   3.296853     1.9475     1.9335     0.0038  0.0962778 -9.990e-29
       2714      9.991    15.5966    15.6203   3.298303   3.296722     1.9473     1.9334     0.0038  0.0962904 -9.990e-29
       2715      9.990    15.5966    15.6209   3.298318   3.296596     1.9472     1.9333     0.0038  0.0963035 -9.990e-29
       2716      9.990    15.5967    15.6216   3.298337   3.296478     1.9471     1.9331     0.0038  0.0963172 -9.990e-29
       2717      9.989    15.5967    15.6222   3.298360   3.296369     1.9470     1.9330     0.0038  0.0963317 -9.990e-29
       2718      9.988    15.5966    15.6228   3.298385   3.296270     1.9468     1.9329     0.0038  0.0963471 -9.990e-29
       2719      9.987    15.5965    15.6233   3.298412   3.296182     1.9467     1.9328     0.0038  0.0963625 -9.990e-29
       2720      9.987    15.5964    15.6238   3.298440   3.296106     1.9466     1.9327     0.0038  0.0963773 -9.990e-29
       2721      9.986    15.5963    15.6241   3.298469   3.296041     1.9465     1.9326     0.0038  0.0963924 -9.990e-29
       2722      9.985    15.5962    15.6244   3.298498   3.295985     1.9464     1.9324     0.0040  0.0964088 -9.990e-29
       2723      9.984    15.5961    15.6246   3.298527   3.295937     1.9463     1.9323     0.0038  0.0964257 -9.990e-29
       2724      9.984    15.5960    15.6247   3.298555   3.295895     1.9462     1.9322     0.0038  0.0964415 -9.990e-29
       2725      9.983    15.5959    15.6248   3.298581   3.295858     1.9461     1.9321     0.0038  0.0964555 -9.990e-29
       2726      9.982    15.5959    15.6248   3.298605   3.295826     1.9460     1.9320     0.0038  0.0964679 -9.990e-29
       2727      9.981    15.5959    15.6249   3.298628   3.295799     1.9459     1.9319     0.0038  0.0964786 -9.990e-29
       2728      9.980    15.5960    15.6251   3.298650   3.295779     1.9458     1.9318     0.0038  0.0964886 -9.990e-29
       2729      9.980    15.5961    15.6253   3.298669   3.295764     1.9457     1.9317     0.0038  0.0964989 -9.990e-29
       2730      9.979    15.5962    15.6255   3.298686   3.295755     1.9456     1.9316     0.0038  0.0965086 -9.990e-29
       2731      9.978    15.5964    15.6258   3.298702   3.295751     1.9456     1.9314     0.0038  0.0965170 -9.990e-29
       2732      9.978    15.5966    15.6263   3.298716   3.295751     1.9455     1.9313     0.0038  0.0965250 -9.990e-29
       2733      9.977    15.5968    15.6268   3.298728   3.295753     1.9454     1.9312     0.0038  0.0965343 -9.990e-29
       2734      9.976    15.5970    15.6274   3.298738   3.295758     1.9453     1.9311     0.0038  0.0965450 -9.990e-29
       2735      9.976    15.5973    15.6282   3.298744   3.295764     1.9452     1.9310     0.0038  0.0965555 -9.990e-29
       2736      9.975    15.5975    15.6289   3.298748   3.295771     1.9452     1.9309     0.0038  0.0965658 -9.990e-29
       2737      9.975    15.5977    15.6297   3.298749   3.295778     1.9451     1.9308     0.0038  0.0965777 -9.990e-29
       2738      9.974    15.5978    15.6304   3.298746   3.295784     1.9450     1.9307     0.0038  0.0965914 -9.990e-29
       2739      9.974    15.5979    15.6311   3.298740   3.295789     1.9449     1.9305     0.0038  0.0966051 -9.990e-29
       2740      9.973    15.5980    15.6317   3.298731   3.295792     1.9448     1.9304     0.0038  0.0966182 -9.990e-29
       2741      9.972    15.5980    15.6322   3.298721   3.295794     1.9447     1.9303     0.0038  0.0966298 -9.990e-29
       2742      9.972    15.5980    15.6327   3.298708   3.295797     1.9446     1.9302     0.0038  0.0966393 -9.990e-29
       2743      9.971    15.5980    15.6332   3.298693   3.295800     1.9445     1.9301     0.0038  0.0966467 -9.990e-29
       2744      9.971    15.5980    15.6336   3.298678   3.295806     1.9444     1.9300     0.0038  0.0966511 -9.990e-29
       2745      9.971    15.5980    15.6340   3.298662   3.295812     1.9443     1.9299     0.0038  0.0966527 -9.990e-29
       2746      9.970    15.5979    15.6344   3.298643   3.295819     1.9442     1.9298     0.0038  0.0966530 -9.990e-29
       2747      9.970    15.5979    15.6348   3.298624   3.295825     1.9441     1.9297     0.0038  0.0966522 -9.990e-29
       2748      9.969    15.5980    15.6352   3.298603   3.295829     1.9440     1.9296     0.0038  0.0966494 -9.990e-29
       2749      9.969    15.5981    15.6356   3.298580   3.295832     1.9439     1.9295     0.0038  0.0966454 -9.990e-29
       2750      9.969    15.5982    15.6361   3.298556   3.295834     1.9438     1.9294     0.0038  0.0966410 -9.990e-29
       2751      9.968    15.5985    15.6366   3.298529   3.295835     1.9437     1.9293     0.0038  0.0966354 -9.990e-29
       2752      9.968    15.5988    15.6372   3.298502   3.295835     1.9436     1.9292     0.0038  0.0966276 -9.990e-29
       2753      9.968    15.5992    15.6378   3.298474   3.295833     1.9435     1.9291     0.0038  0.0966184 -9.990e-29
       2754      9.967    15.5996    15.6384   3.298445   3.295829     1.9434     1.9291     0.0038  0.0966087 -9.990e-29
