code/data/2021/ctd_data_day1/Station 3 210921_ctm_fil_le.cnv
* Sea-Bird SBE 9 Data File:
* FileName = C:\Users\CTD-User\Desktop\MAR440\Station 3 210921.hex
* Software Version Seasave V 7.26.2.13
* Temperature SN = 6313
* Conductivity SN = 4758
* Number of Bytes Per Scan = 30
* Number of Voltage Words = 4
* Number of Scans Averaged by the Deck Unit = 1
* NMEA baud rate = 4800
** Ship:
** Station:
** Operator:
# nquan = 11
# nvalues = 5414                        
# units = specified
# name 0 = scan: Scan Count
# name 1 = prDM: Pressure, Digiquartz [db]
# name 2 = t090C: Temperature [ITS-90, deg C]
# name 3 = t190C: Temperature, 2 [ITS-90, deg C]
# name 4 = c0S/m: Conductivity [S/m]
# name 5 = c1S/m: Conductivity, 2 [S/m]
# name 6 = sbeox0V: Oxygen raw, SBE 43 [V]
# name 7 = sbeox1V: Oxygen raw, SBE 43, 2 [V]
# name 8 = flECO-AFL: Fluorescence, WET Labs ECO-AFL/FL [mg/m^3]
# name 9 = upoly0: Upoly 0, Turbidity
# name 10 = flag:  0.000e+00
# span 0 =          1,       5414       
# span 1 =      1.557,     20.473       
# span 2 =     8.0027,    16.1522       
# span 3 =     8.0029,    16.1543       
# span 4 =   2.929389,   3.478761       
# span 5 =   2.988908,   3.479888       
# span 6 =     0.4661,     2.8108       
# span 7 =     0.5272,     2.6596       
# span 8 =     0.0033,     0.0092       
# span 9 =  0.0887572,  0.1879272       
# span 10 = 0.0000e+00, 0.0000e+00      
# interval = seconds: 0.0416667
# start_time = Sep 21 2021 09:31:52 [System UTC, header]
# bad_flag = -9.990e-29
*END*
[from data line 1312]
       1313      1.579    15.0578    15.4305   2.946099   3.041580     2.7871     2.4299     0.0049  0.1681074 -9.990e-29
       1314      1.579    15.0572    15.4326   2.945864   3.041754     2.7875     2.4313     0.0049  0.1680686 -9.990e-29
       1315      1.579    15.0564    15.4342   2.945607   3.041932     2.7878     2.4328     0.0049  0.1680352 -9.990e-29
       1316      1.579    15.0552    15.4358   2.945322   3.042146     2.7882     2.4343     0.0049  0.1680064 -9.990e-29
       1317      1.579    15.0539    15.4379   2.945012   3.042421     2.7885     2.4358     0.0049  0.1679817 -9.990e-29
       1318      1.579    15.0522    15.4407   2.944684   3.042777     2.7888     2.4373     0.0049  0.1679620 -9.990e-29
       1319      1.579    15.0503    15.4444   2.944345   3.043227     2.7891     2.4389     0.0049  0.1679471 -9.990e-29
       1320      1.579    15.0482    15.4488   2.944001   3.043771     2.7894     2.4404     0.0049  0.1679377 -9.990e-29
       1321      1.579    15.0459    15.4538   2.943663   3.044393     2.7896     2.4420     0.0049  0.1679338 -9.990e-29
       1322      1.579    15.0440    15.4591   2.943354   3.045068     2.7898     2.4436     0.0049  0.1679345 -9.990e-29
       1323      1.579    15.0427    15.4645   2.943103   3.045782     2.7900     2.4453     0.0049  0.1679398 -9.990e-29
       1324      1.580    15.0423    15.4697   2.942929   3.046532     2.7902     2.4469     0.0051  0.1679488 -9.990e-29
       1325      1.580    15.0428    15.4745   2.942839   3.047325     2.7904     2.4486     0.0055  0.1679600 -9.990e-29
       1326      1.580    15.0436    15.4789   2.942822   3.048175     2.7905     2.4503     0.0055  0.1679718 -9.990e-29
       1327      1.580    15.0445    15.4830   2.942863   3.049089     2.7907     2.4521     0.0055  0.1679833 -9.990e-29
       1328      1.581    15.0453    15.4866   2.942944   3.050061     2.7908     2.4538     0.0055  0.1679947 -9.990e-29
       1329      1.581    15.0459    15.4897   2.943050   3.051083     2.7909     2.4556     0.0055  0.1680059 -9.990e-29
       1330      1.581    15.0462    15.4922   2.943165   3.052147     2.7910     2.4573     0.0055  0.1680172 -9.990e-29
       1331      1.581    15.0466    15.4943   2.943284   3.053244     2.7911     2.4591     0.0055  0.1680285 -9.990e-29
       1332      1.582    15.0472    15.4959   2.943410   3.054353     2.7912     2.4609     0.0055  0.1680400 -9.990e-29
       1333      1.582    15.0483    15.4970   2.943558   3.055442     2.7913     2.4627     0.0055  0.1680518 -9.990e-29
       1334      1.582    15.0498    15.4978   2.943734   3.056472     2.7914     2.4645     0.0055  0.1680638 -9.990e-29
       1335      1.582    15.0515    15.4984   2.943934   3.057410     2.7915     2.4663     0.0055  0.1680763 -9.990e-29
       1336      1.582    15.0532    15.4988   2.944147   3.058232     2.7916     2.4681     0.0055  0.1680892 -9.990e-29
       1337      1.582    15.0549    15.4993   2.944358   3.058924     2.7917     2.4699     0.0055  0.1681027 -9.990e-29
       1338      1.583    15.0564    15.4996   2.944562   3.059477     2.7918     2.4717     0.0055  0.1681169 -9.990e-29
       1339      1.583    15.0577    15.4996   2.944760   3.059893     2.7918     2.4736     0.0055  0.1681319 -9.990e-29
       1340      1.583    15.0589    15.4995   2.944957   3.060176     2.7919     2.4754     0.0055  0.1681477 -9.990e-29
       1341      1.584    15.0601    15.4990   2.945152   3.060338     2.7920     2.4773     0.0055  0.1681646 -9.990e-29
       1342      1.584    15.0611    15.4982   2.945343   3.060390     2.7921     2.4791     0.0055  0.1681825 -9.990e-29
       1343      1.584    15.0620    15.4973   2.945519   3.060341     2.7922     2.4810     0.0055  0.1682016 -9.990e-29
       1344      1.585    15.0626    15.4961   2.945668   3.060197     2.7923     2.4829     0.0055  0.1682221 -9.990e-29
       1345      1.585    15.0631    15.4947   2.945783   3.059954     2.7924     2.4848     0.0055  0.1682442 -9.990e-29
       1346      1.585    15.0633    15.4929   2.945858   3.059599     2.7924     2.4866     0.0055  0.1682678 -9.990e-29
       1347      1.585    15.0636    15.4908   2.945894   3.059131     2.7925     2.4885     0.0055  0.1682933 -9.990e-29
       1348      1.586    15.0637    15.4888   2.945895   3.058578     2.7927     2.4904     0.0055  0.1683208 -9.990e-29
       1349      1.586    15.0636    15.4870   2.945871   3.057987     2.7928     2.4923     0.0055  0.1683505 -9.990e-29
       1350      1.586    15.0634    15.4854   2.945833   3.057406     2.7929     2.4941     0.0051  0.1683826 -9.990e-29
       1351      1.586    15.0631    15.4839   2.945795   3.056868     2.7930     2.4959     0.0048  0.1684173 -9.990e-29
       1352      1.587    15.0628    15.4827   2.945763   3.056392     2.7932     2.4978     0.0048  0.1684548 -9.990e-29
       1353      1.587    15.0626    15.4817   2.945746   3.055981     2.7934     2.4996     0.0048  0.1684955 -9.990e-29
       1354      1.587    15.0628    15.4810   2.945743   3.055626     2.7935     2.5014     0.0048  0.1685396 -9.990e-29
       1355      1.587    15.0635    15.4808   2.945750   3.055308     2.7937     2.5031     0.0048  0.1685874 -9.990e-29
       1356      1.587    15.0644    15.4809   2.945760   3.055005     2.7939     2.5048     0.0048  0.1686392 -9.990e-29
       1357      1.587    15.0655    15.4814   2.945771   3.054690     2.7940     2.5066     0.0048  0.1686955 -9.990e-29
       1358      1.587    15.0665    15.4823   2.945777   3.054334     2.7942     2.5082     0.0048  0.1687565 -9.990e-29
       1359      1.588    15.0674    15.4833   2.945775   3.053908     2.7944     2.5099     0.0048  0.1688228 -9.990e-29
       1360      1.588    15.0680    15.4840   2.945762   3.053379     2.7946     2.5115     0.0048  0.1688947 -9.990e-29
       1361      1.588    15.0685    15.4841   2.945734   3.052714     2.7948     2.5131     0.0048  0.1689728 -9.990e-29
       1362      1.588    15.0689    15.4833   2.945689   3.051880     2.7950     2.5146     0.0048  0.1690577 -9.990e-29
       1363      1.589    15.0690    15.4814   2.945629   3.050850     2.7953     2.5162     0.0048  0.1691498 -9.990e-29
       1364      1.589    15.0692    15.4786   2.945562   3.049609     2.7955     2.5176     0.0048  0.1692499 -9.990e-29
       1365      1.589    15.0696    15.4749   2.945496   3.048167     2.7957     2.5190     0.0048  0.1693587 -9.990e-29
       1366      1.589    15.0703    15.4708   2.945440   3.046570     2.7959     2.5204     0.0048  0.1694769 -9.990e-29
       1367      1.589    15.0714    15.4663   2.945407   3.044881     2.7961     2.5218     0.0048  0.1696053 -9.990e-29
       1368      1.589    15.0732    15.4615   2.945421   3.043167     2.7963     2.5230     0.0048  0.1697448 -9.990e-29
       1369      1.590    15.0757    15.4563   2.945506   3.041474     2.7965     2.5243     0.0048  0.1698965 -9.990e-29
       1370      1.590    15.0788    15.4509   2.945685   3.039835     2.7967     2.5255     0.0048  0.1700612 -9.990e-29
       1371      1.590    15.0823    15.4455   2.945963   3.038272     2.7969     2.5266     0.0048  0.1702403 -9.990e-29
       1372      1.590    15.0860    15.4401   2.946333   3.036796     2.7972     2.5277     0.0048  0.1704349 -9.990e-29
       1373      1.590    15.0895    15.4351   2.946777   3.035412     2.7974     2.5287     0.0048  0.1706465 -9.990e-29
       1374      1.590    15.0929    15.4305   2.947273   3.034123     2.7976     2.5297     0.0048  0.1708763 -9.990e-29
       1375      1.590    15.0961    15.4266   2.947804   3.032932     2.7979     2.5307     0.0048  0.1711236 -9.990e-29
       1376      1.590    15.0992    15.4235   2.948356   3.031851     2.7981     2.5316     0.0049  0.1713807 -9.990e-29
       1377      1.591    15.1022    15.4211   2.948921   3.030887     2.7984     2.5324     0.0049  0.1716358 -9.990e-29
       1378      1.591    15.1052    15.4194   2.949497   3.030047     2.7986     2.5333     0.0049  0.1718814 -9.990e-29
       1379      1.591    15.1083    15.4184   2.950083   3.029335     2.7988     2.5340     0.0049  0.1721173 -9.990e-29
       1380      1.592    15.1116    15.4183   2.950683   3.028752     2.7991     2.5347     0.0049  0.1723470 -9.990e-29
       1381      1.592    15.1152    15.4189   2.951294   3.028299     2.7993     2.5354     0.0049  0.1725730 -9.990e-29
       1382      1.593    15.1192    15.4200   2.951916   3.027980     2.7996     2.5361     0.0049  0.1727967 -9.990e-29
       1383      1.593    15.1235    15.4213   2.952545   3.027794     2.7998     2.5367     0.0049  0.1730198 -9.990e-29
       1384      1.593    15.1278    15.4224   2.953177   3.027732     2.8000     2.5373     0.0049  0.1732438 -9.990e-29
       1385      1.593    15.1320    15.4234   2.953808   3.027780     2.8002     2.5379     0.0049  0.1734703 -9.990e-29
       1386      1.594    15.1361    15.4244   2.954436   3.027932     2.8004     2.5384     0.0049  0.1737008 -9.990e-29
       1387      1.594    15.1399    15.4257   2.955061   3.028194     2.8006     2.5390     0.0049  0.1739361 -9.990e-29
       1388      1.594    15.1435    15.4275   2.955684   3.028580     2.8008     2.5395     0.0049  0.1741769 -9.990e-29
       1389      1.594    15.1469    15.4300   2.956310   3.029100     2.8010     2.5399     0.0049  0.1744250 -9.990e-29
       1390      1.594    15.1502    15.4332   2.956943   3.029746     2.8012     2.5404     0.0049  0.1746821 -9.990e-29
       1391      1.594    15.1534    15.4370   2.957594   3.030490     2.8014     2.5408     0.0049  0.1749508 -9.990e-29
       1392      1.594    15.1567    15.4410   2.958273   3.031288     2.8016     2.5412     0.0049  0.1752339 -9.990e-29
       1393      1.594    15.1601    15.4448   2.958989   3.032099     2.8018     2.5416     0.0049  0.1755332 -9.990e-29
       1394      1.595    15.1635    15.4482   2.959749   3.032893     2.8020     2.5420     0.0049  0.1758509 -9.990e-29
       1395      1.595    15.1671    15.4511   2.960557   3.033659     2.8022     2.5424     0.0049  0.1761893 -9.990e-29
       1396      1.595    15.1708    15.4535   2.961414   3.034409     2.8024     2.5427     0.0049  0.1765505 -9.990e-29
       1397      1.595    15.1748    15.4556   2.962322   3.035173     2.8026     2.5431     0.0049  0.1769373 -9.990e-29
       1398      1.595    15.1791    15.4576   2.963278   3.035977     2.8028     2.5434     0.0049  0.1773522 -9.990e-29
       1399      1.595    15.1837    15.4598   2.964276   3.036829     2.8030     2.5438     0.0049  0.1777981 -9.990e-29
       1400      1.595    15.1887    15.4622   2.965310   3.037727     2.8032     2.5441     0.0049  0.1782782 -9.990e-29
       1401      1.595    15.1938    15.4648   2.966378   3.038665     2.8034     2.5445     0.0048  0.1787830 -9.990e-29
       1402      1.595    15.1990    15.4677   2.967476   3.039645     2.8037     2.5449     0.0049  0.1792821 -9.990e-29
       1403      1.595    15.2043    15.4709   2.968607   3.040660     2.8039     2.5453     0.0049  0.1797476 -9.990e-29
       1404      1.595    15.2096    15.4741   2.969771   3.041698     2.8041     2.5457     0.0049  0.1801715 -9.990e-29
       1405      1.595    15.2148    15.4771   2.970964   3.042738     2.8044     2.5462     0.0049  0.1805569 -9.990e-29
       1406      1.595    15.2198    15.4801   2.972184   3.043764     2.8046     2.5467     0.0049  0.1809073 -9.990e-29
       1407      1.594    15.2248    15.4830   2.973427   3.044760     2.8048     2.5472     0.0049  0.1812252 -9.990e-29
       1408      1.594    15.2298    15.4857   2.974696   3.045722     2.8051     2.5477     0.0049  0.1815127 -9.990e-29
       1409      1.594    15.2349    15.4883   2.976001   3.046655     2.8053     2.5483     0.0049  0.1817718 -9.990e-29
       1410      1.594    15.2400    15.4906   2.977355   3.047566     2.8055     2.5489     0.0049  0.1820052 -9.990e-29
       1411      1.594    15.2453    15.4927   2.978769   3.048462     2.8058     2.5496     0.0049  0.1822154 -9.990e-29
       1412      1.594    15.2507    15.4946   2.980243   3.049341     2.8060     2.5503     0.0049  0.1824030 -9.990e-29
       1413      1.594    15.2563    15.4963   2.981761   3.050202     2.8062     2.5510     0.0049  0.1825685 -9.990e-29
       1414      1.594    15.2619    15.4979   2.983303   3.051045     2.8065     2.5518     0.0049  0.1827129 -9.990e-29
       1415      1.594    15.2677    15.4995   2.984861   3.051874     2.8067     2.5526     0.0049  0.1828373 -9.990e-29
       1416      1.594    15.2737    15.5011   2.986439   3.052694     2.8069     2.5534     0.0049  0.1829426 -9.990e-29
       1417      1.594    15.2798    15.5026   2.988042   3.053504     2.8071     2.5542     0.0049  0.1830295 -9.990e-29
       1418      1.594    15.2860    15.5042   2.989668   3.054301     2.8074     2.5551     0.0049  0.1830985 -9.990e-29
       1419      1.594    15.2922    15.5056   2.991306   3.055080     2.8076     2.5560     0.0049  0.1831503 -9.990e-29
       1420      1.594    15.2985    15.5070   2.992947   3.055843     2.8078     2.5570     0.0049  0.1831851 -9.990e-29
       1421      1.594    15.3048    15.5084   2.994585   3.056591     2.8080     2.5579     0.0049  0.1832031 -9.990e-29
       1422      1.594    15.3112    15.5097   2.996228   3.057331     2.8082     2.5588     0.0049  0.1832046 -9.990e-29
       1423      1.594    15.3175    15.5110   2.997892   3.058067     2.8084     2.5598     0.0049  0.1831895 -9.990e-29
       1424      1.594    15.3237    15.5122   2.999598   3.058806     2.8086     2.5608     0.0049  0.1831585 -9.990e-29
       1425      1.594    15.3299    15.5135   3.001363   3.059556     2.8088     2.5618     0.0049  0.1831124 -9.990e-29
       1426      1.594    15.3361    15.5148   3.003187   3.060321     2.8090     2.5628     0.0049  0.1830507 -9.990e-29
       1427      1.594    15.3421    15.5163   3.005062   3.061103     2.8092     2.5638     0.0048  0.1829765 -9.990e-29
       1428      1.594    15.3480    15.5179   3.006972   3.061899     2.8094     2.5648     0.0048  0.1828959 -9.990e-29
       1429      1.594    15.3537    15.5197   3.008899   3.062703     2.8096     2.5658     0.0048  0.1828128 -9.990e-29
       1430      1.594    15.3592    15.5217   3.010815   3.063510     2.8097     2.5669     0.0048  0.1827274 -9.990e-29
       1431      1.594    15.3645    15.5237   3.012692   3.064316     2.8099     2.5679     0.0048  0.1826391 -9.990e-29
       1432      1.594    15.3698    15.5258   3.014509   3.065121     2.8100     2.5688     0.0048  0.1825472 -9.990e-29
       1433      1.594    15.3749    15.5280   3.016262   3.065925     2.8102     2.5698     0.0048  0.1824511 -9.990e-29
       1434      1.594    15.3800    15.5302   3.017952   3.066728     2.8103     2.5707     0.0048  0.1823502 -9.990e-29
       1435      1.594    15.3850    15.5324   3.019574   3.067528     2.8104     2.5716     0.0048  0.1822438 -9.990e-29
       1436      1.594    15.3900    15.5347   3.021103   3.068324     2.8105     2.5725     0.0048  0.1821311 -9.990e-29
       1437      1.593    15.3949    15.5369   3.022512   3.069110     2.8106     2.5734     0.0048  0.1820114 -9.990e-29
       1438      1.593    15.3993    15.5391   3.023774   3.069881     2.8107     2.5742     0.0048  0.1818837 -9.990e-29
       1439      1.593    15.4032    15.5413   3.024875   3.070632     2.8108     2.5751     0.0048  0.1817472 -9.990e-29
       1440      1.593    15.4067    15.5435   3.025816   3.071359     2.8108     2.5758     0.0048  0.1816011 -9.990e-29
       1441      1.592    15.4098    15.5457   3.026613   3.072066     2.8108     2.5766     0.0048  0.1814441 -9.990e-29
       1442      1.592    15.4126    15.5481   3.027285   3.072755     2.8108     2.5773     0.0048  0.1812753 -9.990e-29
