code/data/2021/ctd_data_day1/Station 5 210921_ctm.cnv
* Sea-Bird SBE 9 Data File:
* FileName = C:\Users\CTD-User\Desktop\MAR440\Station 5 210921.hex
* Software Version Seasave V 7.26.2.13
* Temperature SN = 6313
* Conductivity SN = 4758
* Number of Bytes Per Scan = 30
* Number of Voltage Words = 4
* Number of Scans Averaged by the Deck Unit = 1
* NMEA baud rate = 4800
** Ship:
** Station:
** Operator:
# nquan = 11
# nvalues = 5809                        
# units = specified
# name 0 = scan: Scan Count
# name 1 = prDM: Pressure, Digiquartz [db]
# name 2 = t090C: Temperature [ITS-90, deg C]
# name 3 = t190C: Temperature, 2 [ITS-90, deg C]
# name 4 = c0S/m: Conductivity [S/m]
# name 5 = c1S/m: Conductivity, 2 [S/m]
# name 6 = sbeox0V: Oxygen raw, SBE 43 [V]
# name 7 = sbeox1V: Oxygen raw, SBE 43, 2 [V]
# name 8 = flECO-AFL: Fluorescence, WET Labs ECO-AFL/FL [mg/m^3]
# name 9 = upoly0: Upoly 0, Turbidity
# name 10 = flag:  0.000e+00
# span 0 =          1,       5809       
# span 1 =      0.454,     26.522       
# span 2 =    10.8323,    16.2943       
# span 3 =    10.8611,    16.2956       
# span 4 =   2.868531,   3.811440       
# span 5 =   2.882006,   3.812496       
# span 6 =     0.8558,     2.8218       
# span 7 =     0.9205,     2.7863       
# span 8 =     0.0035,     0.0101       
# span 9 =  0.0864432,  0.1636105       
# span 10 = 0.0000e+00, 0.0000e+00      
# interval = seconds: 0.0416667
# start_time = Sep 21 2021 10:32:06 [System UTC, header]
# bad_flag = -9.990e-29
*END*
[from data line 1837]
       1838      0.569    15.1636    15.1738   2.977153   2.975356     2.8132     2.7827     0.0042  0.1538425 0.0000e+00
       1839      0.602    15.1674    15.1635   2.977080   2.975148     2.8144     2.7827     0.0042  0.1538425 0.0000e+00
       1840      0.569    15.1699    15.1587   2.977056   2.974846     2.8144     2.7827     0.0042  0.1538425 0.0000e+00
       1841      0.602    15.1717    15.1580   2.976876   2.974582     2.8132     2.7827     0.0042  0.1538425 0.0000e+00
       1842      0.512    15.1726    15.1594   2.976786   2.974299     2.8132     2.7827     0.0042  0.1538425 0.0000e+00
       1843      0.602    15.1729    15.1598   2.976599   2.974394     2.8157     2.7815     0.0042  0.1538425 0.0000e+00
       1844      0.512    15.1726    15.1612   2.976532   2.974536     2.8157     2.7815     0.0042  0.1538425 0.0000e+00
       1845      0.602    15.1701    15.1650   2.976318   2.974563     2.8157     2.7802     0.0042  0.1538425 0.0000e+00
       1846      0.512    15.1687    15.1656   2.976031   2.974676     2.8157     2.7802     0.0042  0.1538425 0.0000e+00
       1847      0.545    15.1681    15.1654   2.975782   2.974741     2.8157     2.7802     0.0042  0.1538425 0.0000e+00
       1848      0.512    15.1678    15.1674   2.975554   2.974820     2.8157     2.7802     0.0042  0.1538425 0.0000e+00
       1849      0.545    15.1646    15.1674   2.975337   2.974816     2.8157     2.7790     0.0042  0.1538425 0.0000e+00
       1850      0.512    15.1616    15.1628   2.974928   2.974591     2.8157     2.7790     0.0044  0.1528657 0.0000e+00
       1851      0.545    15.1607    15.1592   2.974660   2.974402     2.8157     2.7802     0.0044  0.1518889 0.0000e+00
       1852      0.454    15.1611    15.1564   2.974828   2.974310     2.8144     2.7802     0.0044  0.1514005 0.0000e+00
       1853      0.545    15.1635    15.1545   2.974926   2.974293     2.8157     2.7802     0.0044  0.1518889 0.0000e+00
       1854      0.512    15.1665    15.1578   2.975126   2.974351     2.8157     2.7802     0.0044  0.1514005 0.0000e+00
       1855      0.545    15.1687    15.1645   2.975263   2.974372     2.8157     2.7802     0.0044  0.1514005 0.0000e+00
       1856      0.512    15.1717    15.1737   2.975353   2.974589     2.8157     2.7790     0.0044  0.1518889 0.0000e+00
       1857      0.544    15.1734    15.1787   2.975492   2.974877     2.8144     2.7790     0.0044  0.1518889 0.0000e+00
       1858      0.511    15.1760    15.1846   2.975580   2.975151     2.8169     2.7790     0.0044  0.1518889 0.0000e+00
       1859      0.544    15.1748    15.1923   2.975808   2.975536     2.8157     2.7790     0.0044  0.1518889 0.0000e+00
       1860      0.569    15.1721    15.1983   2.976213   2.975821     2.8144     2.7778     0.0044  0.1518889 0.0000e+00
       1861      0.544    15.1704    15.2018   2.976848   2.976038     2.8157     2.7778     0.0044  0.1518889 0.0000e+00
       1862      0.569    15.1694    15.2051   2.977641   2.976220     2.8157     2.7778     0.0044  0.1518889 0.0000e+00
       1863      0.602    15.1680    15.2100   2.978172   2.976386     2.8157     2.7778     0.0044  0.1518889 0.0000e+00
       1864      0.569    15.1651    15.2142   2.978394   2.976620     2.8157     2.7766     0.0044  0.1518889 0.0000e+00
       1865      0.544    15.1626    15.2180   2.978036   2.976777     2.8144     2.7766     0.0044  0.1518889 0.0000e+00
       1866      0.635    15.1613    15.2195   2.977877   2.977001     2.8144     2.7766     0.0044  0.1518889 0.0000e+00
       1867      0.544    15.1601    15.2180   2.977619   2.976951     2.8157     2.7778     0.0044  0.1514005 0.0000e+00
       1868      0.635    15.1587    15.2188   2.977404   2.977003     2.8157     2.7778     0.0044  0.1518889 0.0000e+00
       1869      0.544    15.1568    15.2197   2.977026   2.977159     2.8157     2.7778     0.0044  0.1518889 0.0000e+00
       1870      0.635    15.1549    15.2208   2.976511   2.977142     2.8157     2.7778     0.0044  0.1518889 0.0000e+00
       1871      0.544    15.1535    15.2225   2.975975   2.977082     2.8144     2.7766     0.0044  0.1518889 0.0000e+00
       1872      0.569    15.1523    15.2217   2.975607   2.977083     2.8157     2.7766     0.0044  0.1514005 0.0000e+00
       1873      0.602    15.1504    15.2122   2.975301   2.976708     2.8157     2.7766     0.0044  0.1514005 0.0000e+00
       1874      0.569    15.1496    15.2040   2.974906   2.976184     2.8132     2.7766     0.0044  0.1518889 0.0000e+00
       1875      0.544    15.1491    15.1995   2.974767   2.975898     2.8132     2.7766     0.0044  0.1518889 0.0000e+00
       1876      0.569    15.1487    15.1912   2.974484   2.975735     2.8120     2.7766     0.0046  0.1533541 0.0000e+00
       1877      0.544    15.1484    15.1836   2.974446   2.975427     2.8144     2.7754     0.0046  0.1543309 0.0000e+00
       1878      0.569    15.1481    15.1780   2.974368   2.975177     2.8132     2.7754     0.0046  0.1543309 0.0000e+00
       1879      0.544    15.1480    15.1734   2.974064   2.974989     2.8120     2.7754     0.0046  0.1543309 0.0000e+00
       1880      0.511    15.1474    15.1688   2.974095   2.975016     2.8108     2.7754     0.0046  0.1543309 0.0000e+00
       1881      0.544    15.1467    15.1659   2.974033   2.975174     2.8120     2.7754     0.0046  0.1538425 0.0000e+00
       1882      0.511    15.1465    15.1645   2.973873   2.975137     2.8157     2.7754     0.0046  0.1548193 0.0000e+00
       1883      0.478    15.1474    15.1645   2.973855   2.975258     2.8120     2.7754     0.0046  0.1543309 0.0000e+00
       1884      0.511    15.1469    15.1683   2.973782   2.975503     2.8108     2.7754     0.0046  0.1538425 0.0000e+00
       1885      0.544    15.1462    15.1688   2.973813   2.975883     2.8108     2.7766     0.0046  0.1538425 0.0000e+00
       1886      0.511    15.1455    15.1695   2.973811   2.976088     2.8108     2.7766     0.0046  0.1543309 0.0000e+00
       1887      0.544    15.1452    15.1727   2.973513   2.976095     2.8120     2.7766     0.0046  0.1548193 0.0000e+00
       1888      0.511    15.1452    15.1747   2.973503   2.975902     2.8108     2.7754     0.0046  0.1543309 0.0000e+00
       1889      0.478    15.1452    15.1754   2.973570   2.975779     2.8096     2.7766     0.0046  0.1543309 0.0000e+00
       1890      0.569    15.1450    15.1710   2.973482   2.975724     2.8096     2.7766     0.0046  0.1543309 0.0000e+00
       1891      0.478    15.1452    15.1662   2.973571   2.975553     2.8108     2.7766     0.0046  0.1543309 0.0000e+00
       1892      0.569    15.1453    15.1637   2.973511   2.975539     2.8120     2.7766     0.0046  0.1538425 0.0000e+00
       1893      0.544    15.1472    15.1632   2.973548   2.975570     2.8108     2.7766     0.0046  0.1538425 0.0000e+00
       1894      0.569    15.1481    15.1676   2.974011   2.975533     2.8108     2.7766     0.0046  0.1543309 0.0000e+00
       1895      0.544    15.1486    15.1717   2.974285   2.975408     2.8096     2.7766     0.0046  0.1543309 0.0000e+00
       1896      0.569    15.1487    15.1675   2.974302   2.975184     2.8108     2.7766     0.0046  0.1538425 0.0000e+00
       1897      0.602    15.1487    15.1601   2.974463   2.974730     2.8096     2.7766     0.0046  0.1543309 0.0000e+00
       1898      0.569    15.1487    15.1549   2.974419   2.974334     2.8083     2.7766     0.0046  0.1543309 0.0000e+00
       1899      0.544    15.1492    15.1519   2.974444   2.974017     2.8083     2.7754     0.0046  0.1538425 0.0000e+00
       1900      0.635    15.1498    15.1497   2.974658   2.973856     2.8083     2.7754     0.0046  0.1543309 0.0000e+00
       1901      0.544    15.1502    15.1475   2.974621   2.973750     2.8096     2.7754     0.0046  0.1562845 0.0000e+00
       1902      0.635    15.1510    15.1459   2.974807   2.973520     2.8096     2.7754     0.0044  0.1606801 0.0000e+00
       1903      0.544    15.1508    15.1451   2.974785   2.973338     2.8071     2.7754     0.0044  0.1621453 0.0000e+00
       1904      0.569    15.1513    15.1450   2.974643   2.973355     2.8071     2.7766     0.0044  0.1621453 0.0000e+00
       1905      0.544    15.1511    15.1451   2.974925   2.973433     2.8071     2.7766     0.0044  0.1616569 0.0000e+00
       1906      0.569    15.1514    15.1456   2.974850   2.973573     2.8083     2.7766     0.0044  0.1621453 0.0000e+00
       1907      0.602    15.1519    15.1470   2.975091   2.973875     2.8071     2.7766     0.0044  0.1621453 0.0000e+00
       1908      0.569    15.1521    15.1477   2.975285   2.974205     2.8059     2.7754     0.0044  0.1616569 0.0000e+00
       1909      0.544    15.1525    15.1487   2.975331   2.974506     2.8059     2.7754     0.0044  0.1621453 0.0000e+00
       1910      0.569    15.1521    15.1492   2.975485   2.974760     2.8071     2.7754     0.0044  0.1616569 0.0000e+00
       1911      0.544    15.1518    15.1495   2.975286   2.974910     2.8071     2.7766     0.0044  0.1621453 0.0000e+00
       1912      0.569    15.1521    15.1501   2.975388   2.975104     2.8059     2.7766     0.0044  0.1621453 0.0000e+00
       1913      0.544    15.1526    15.1503   2.975456   2.975264     2.8059     2.7766     0.0044  0.1616569 0.0000e+00
       1914      0.569    15.1521    15.1508   2.975328   2.975388     2.8059     2.7766     0.0044  0.1616569 0.0000e+00
       1915      0.544    15.1523    15.1509   2.975373   2.975432     2.8071     2.7766     0.0044  0.1621453 0.0000e+00
       1916      0.569    15.1521    15.1508   2.975235   2.975361     2.8071     2.7766     0.0044  0.1616569 0.0000e+00
       1917      0.544    15.1518    15.1504   2.975383   2.975371     2.8059     2.7766     0.0044  0.1621453 0.0000e+00
       1918      0.569    15.1518    15.1509   2.975417   2.975511     2.8059     2.7778     0.0044  0.1621453 0.0000e+00
       1919      0.602    15.1518    15.1512   2.975358   2.975595     2.8059     2.7778     0.0044  0.1621453 0.0000e+00
       1920      0.511    15.1516    15.1514   2.975391   2.975569     2.8071     2.7778     0.0044  0.1621453 0.0000e+00
       1921      0.602    15.1514    15.1514   2.975196   2.975641     2.8059     2.7778     0.0044  0.1616569 0.0000e+00
       1922      0.569    15.1516    15.1521   2.975331   2.975798     2.8059     2.7778     0.0044  0.1621453 0.0000e+00
       1923      0.602    15.1524    15.1522   2.975572   2.976006     2.8047     2.7778     0.0044  0.1616569 0.0000e+00
       1924      0.511    15.1528    15.1514   2.975685   2.976141     2.8059     2.7778     0.0044  0.1616569 0.0000e+00
       1925      0.602    15.1535    15.1511   2.975821   2.976168     2.8071     2.7778     0.0044  0.1616569 0.0000e+00
       1926      0.569    15.1536    15.1504   2.975872   2.976002     2.8059     2.7790     0.0044  0.1616569 0.0000e+00
       1927      0.544    15.1543    15.1497   2.976218   2.975754     2.8059     2.7802     0.0048  0.1592149 0.0000e+00
       1928      0.634    15.1548    15.1492   2.976336   2.975589     2.8047     2.7815     0.0049  0.1577497 0.0000e+00
       1929      0.544    15.1550    15.1492   2.976598   2.975431     2.8059     2.7815     0.0049  0.1572613 0.0000e+00
       1930      0.634    15.1545    15.1490   2.976585   2.975327     2.8071     2.7802     0.0049  0.1572613 0.0000e+00
       1931      0.601    15.1553    15.1494   2.976489   2.975374     2.8059     2.7802     0.0049  0.1577497 0.0000e+00
       1932      0.634    15.1558    15.1508   2.976723   2.975648     2.8059     2.7790     0.0049  0.1577497 0.0000e+00
       1933      0.544    15.1562    15.1514   2.976825   2.975918     2.8047     2.7778     0.0049  0.1577497 0.0000e+00
       1934      0.568    15.1560    15.1516   2.977046   2.975964     2.8059     2.7778     0.0049  0.1577497 0.0000e+00
       1935      0.601    15.1558    15.1511   2.976880   2.975765     2.8071     2.7766     0.0049  0.1577497 0.0000e+00
       1936      0.568    15.1552    15.1516   2.976889   2.975746     2.8059     2.7766     0.0049  0.1577497 0.0000e+00
       1937      0.601    15.1550    15.1537   2.976607   2.976083     2.8047     2.7754     0.0049  0.1577497 0.0000e+00
       1938      0.692    15.1538    15.1560   2.976386   2.976717     2.8047     2.7741     0.0049  0.1577497 0.0000e+00
       1939      0.659    15.1536    15.1579   2.976171   2.977429     2.8059     2.7741     0.0049  0.1577497 0.0000e+00
       1940      0.634    15.1535    15.1586   2.975939   2.977908     2.8071     2.7729     0.0049  0.1577497 0.0000e+00
       1941      0.725    15.1536    15.1593   2.975973   2.978108     2.8059     2.7729     0.0049  0.1577497 0.0000e+00
       1942      0.659    15.1538    15.1606   2.975996   2.978267     2.8047     2.7717     0.0049  0.1577497 0.0000e+00
       1943      0.692    15.1543    15.1612   2.976253   2.978544     2.8047     2.7717     0.0049  0.1577497 0.0000e+00
       1944      0.725    15.1547    15.1609   2.976344   2.978750     2.8071     2.7717     0.0049  0.1572613 0.0000e+00
       1945      0.758    15.1552    15.1602   2.976478   2.978699     2.8059     2.7705     0.0049  0.1577497 0.0000e+00
       1946      0.725    15.1563    15.1625   2.976765   2.978845     2.8047     2.7705     0.0049  0.1577497 0.0000e+00
       1947      0.816    15.1577    15.1650   2.977087   2.979571     2.8047     2.7705     0.0049  0.1577497 0.0000e+00
       1948      0.783    15.1590    15.1673   2.977457   2.980544     2.8059     2.7705     0.0049  0.1577497 0.0000e+00
       1949      0.816    15.1602    15.1698   2.977854   2.981363     2.8071     2.7705     0.0049  0.1572613 0.0000e+00
       1950      0.783    15.1606    15.1715   2.978055   2.982037     2.8071     2.7705     0.0049  0.1577497 0.0000e+00
       1951      0.816    15.1609    15.1738   2.978174   2.982637     2.8059     2.7693     0.0049  0.1572613 0.0000e+00
       1952      0.849    15.1613    15.1765   2.978574   2.983249     2.8059     2.7693     0.0048  0.1577497 0.0000e+00
       1953      0.816    15.1617    15.1808   2.978913   2.984349     2.8059     2.7693     0.0046  0.1577497 0.0000e+00
       1954      0.849    15.1616    15.1830   2.979062   2.985830     2.8083     2.7680     0.0044  0.1577497 0.0000e+00
       1955      0.881    15.1621    15.1863   2.979009   2.987042     2.8071     2.7680     0.0044  0.1582381 0.0000e+00
       1956      0.906    15.1635    15.1907   2.979175   2.988099     2.8059     2.7680     0.0044  0.1582381 0.0000e+00
       1957      0.881    15.1624    15.1931   2.979276   2.989340     2.8059     2.7680     0.0044  0.1582381 0.0000e+00
       1958      0.906    15.1616    15.1927   2.979263   2.989765     2.8071     2.7680     0.0044  0.1582381 0.0000e+00
       1959      0.881    15.1635    15.1943   2.979309   2.989908     2.8071     2.7680     0.0044  0.1582381 0.0000e+00
       1960      0.906    15.1685    15.1975   2.980385   2.990830     2.8059     2.7680     0.0044  0.1582381 0.0000e+00
       1961      0.881    15.1762    15.1979   2.982684   2.991915     2.8059     2.7668     0.0044  0.1577497 0.0000e+00
       1962      0.964    15.1842    15.1938   2.985455   2.991472     2.8059     2.7668     0.0044  0.1582381 0.0000e+00
       1963      0.881    15.1911    15.1950   2.988439   2.990884     2.8071     2.7668     0.0044  0.1582381 0.0000e+00
       1964      0.964    15.1946    15.1972   2.990833   2.991808     2.8071     2.7668     0.0044  0.1582381 0.0000e+00
       1965      0.939    15.1970    15.1990   2.992255   2.993172     2.8059     2.7680     0.0044  0.1582381 0.0000e+00
       1966      1.030    15.1985    15.1999   2.992992   2.993993     2.8059     2.7668     0.0044  0.1577497 0.0000e+00
       1967      0.939    15.1991    15.2012   2.993514   2.994468     2.8047     2.7668     0.0044  0.1582381 0.0000e+00
