code/data/2021/ctd_data_day1/Station 4ex 210921.cnv
* Sea-Bird SBE 9 Data File:
* FileName = C:\Users\CTD-User\Desktop\MAR440\Station 4ex 210921.hex
* Software Version Seasave V 7.26.2.13
* Temperature SN = 6313
* Conductivity SN = 4758
* Number of Bytes Per Scan = 30
* Number of Voltage Words = 4
* Number of Scans Averaged by the Deck Unit = 1
* NMEA baud rate = 4800
** Ship:
** Station:
** Operator:
# nquan = 11
# nvalues = 6123                                  
# units = specified
# name 0 = scan: Scan Count
# name 1 = prDM: Pressure, Digiquartz [db]
# name 2 = t090C: Temperature [ITS-90, deg C]
# name 3 = t190C: Temperature, 2 [ITS-90, deg C]
# name 4 = c0S/m: Conductivity [S/m]
# name 5 = c1S/m: Conductivity, 2 [S/m]
# name 6 = sbeox0V: Oxygen raw, SBE 43 [V]
# name 7 = sbeox1V: Oxygen raw, SBE 43, 2 [V]
# name 8 = flECO-AFL: Fluorescence, WET Labs ECO-AFL/FL [mg/m^3]
# name 9 = upoly0: Upoly 0, Turbidity
# name 10 = flag:  0.000e+00
# span 0 =          1,       6123                 
# span 1 =      0.204,     43.521                 
# span 2 =     7.9722,    16.0343                 
# span 3 =     7.9734,    15.9665                 
# span 4 =  -0.000502,   3.487868                 
# span 5 =   0.276441,   3.488618                 
# span 6 =     0.4687,     3.2015                 
# span 7 =     0.5358,     3.0635                 
# span 8 =     0.0033,     0.0524                 
# span 9 =  0.0800940,  0.2168462                 
# span 10 = 0.0000e+00, 0.0000e+00                
# interval = seconds: 0.0416667
# start_time = Sep 21 2021 12:21:52 [System UTC, header]
# bad_flag = -9.990e-29
*END*
[from data line 4853]
       4854     26.768     8.4675     8.4692   3.358108   3.359385     0.5175     0.5786     0.0092  0.1137937  0.000e+00
       4855     26.826     8.4682     8.4705   3.358287   3.359631     0.5163     0.5786     0.0092  0.1137937  0.000e+00
       4856     26.826     8.4690     8.4711   3.358600   3.359780     0.5163     0.5786     0.0092  0.1137937  0.000e+00
       4857     26.826     8.4701     8.4722   3.358890   3.359878     0.5175     0.5786     0.0092  0.1137937  0.000e+00
       4858     26.892     8.4713     8.4730   3.359081   3.360175     0.5175     0.5786     0.0092  0.1137937  0.000e+00
       4859     26.892     8.4723     8.4739   3.359330   3.360376     0.5163     0.5786     0.0090  0.1137937  0.000e+00
       4860     26.900     8.4734     8.4747   3.359451   3.360691     0.5151     0.5786     0.0092  0.1137937  0.000e+00
       4861     26.892     8.4742     8.4759   3.359799   3.360983     0.5151     0.5786     0.0092  0.1137937  0.000e+00
       4862     27.007     8.4755     8.4764   3.360106   3.361166     0.5163     0.5786     0.0092  0.1137937  0.000e+00
       4863     26.950     8.4761     8.4772   3.360361   3.361406     0.5151     0.5786     0.0088  0.1133053  0.000e+00
       4864     27.007     8.4766     8.4780   3.360436   3.361613     0.5151     0.5774     0.0084  0.1128168  0.000e+00
       4865     26.950     8.4776     8.4786   3.360726   3.361727     0.5138     0.5774     0.0084  0.1128168  0.000e+00
       4866     27.073     8.4781     8.4795   3.360894   3.361905     0.5151     0.5774     0.0084  0.1128168  0.000e+00
       4867     27.073     8.4792     8.4805   3.361119   3.362168     0.5163     0.5774     0.0084  0.1128168  0.000e+00
       4868     27.073     8.4800     8.4816   3.361148   3.362391     0.5151     0.5774     0.0084  0.1128168  0.000e+00
       4869     27.073     8.4813     8.4831   3.361565   3.362603     0.5151     0.5774     0.0084  0.1123284  0.000e+00
       4870     27.131     8.4828     8.4847   3.361728   3.362907     0.5138     0.5774     0.0084  0.1128168  0.000e+00
       4871     27.131     8.4837     8.4860   3.362081   3.363170     0.5151     0.5774     0.0084  0.1128168  0.000e+00
       4872     27.197     8.4851     8.4871   3.362214   3.363354     0.5151     0.5774     0.0084  0.1128168  0.000e+00
       4873     27.131     8.4865     8.4881   3.362568   3.363588     0.5138     0.5774     0.0084  0.1128168  0.000e+00
       4874     27.255     8.4873     8.4896   3.362724   3.363863     0.5151     0.5761     0.0084  0.1128168  0.000e+00
       4875     27.197     8.4888     8.4904   3.362991   3.364087     0.5126     0.5761     0.0084  0.1128168  0.000e+00
       4876     27.255     8.4896     8.4917   3.363164   3.364344     0.5138     0.5774     0.0084  0.1128168  0.000e+00
       4877     27.255     8.4910     8.4927   3.363402   3.364528     0.5151     0.5761     0.0084  0.1128168  0.000e+00
       4878     27.312     8.4919     8.4941   3.363697   3.364745     0.5126     0.5761     0.0084  0.1128168  0.000e+00
       4879     27.312     8.4929     8.4953   3.363883   3.364986     0.5126     0.5761     0.0084  0.1128168  0.000e+00
       4880     27.312     8.4948     8.4961   3.364271   3.365272     0.5126     0.5761     0.0084  0.1128168  0.000e+00
       4881     27.378     8.4965     8.4982   3.364561   3.365645     0.5151     0.5761     0.0084  0.1128168  0.000e+00
       4882     27.312     8.4980     8.5001   3.364943   3.366040     0.5151     0.5761     0.0084  0.1128168  0.000e+00
       4883     27.436     8.4998     8.5020   3.365274   3.366413     0.5126     0.5761     0.0082  0.1128168  0.000e+00
       4884     27.378     8.5015     8.5044   3.365731   3.366796     0.5114     0.5761     0.0084  0.1128168  0.000e+00
       4885     27.436     8.5037     8.5075   3.366102   3.367283     0.5114     0.5749     0.0084  0.1128168  0.000e+00
       4886     27.436     8.5055     8.5096   3.366444   3.367708     0.5126     0.5761     0.0084  0.1128168  0.000e+00
       4887     27.502     8.5072     8.5113   3.366960   3.368103     0.5114     0.5761     0.0084  0.1128168  0.000e+00
       4888     27.502     8.5093     8.5132   3.367366   3.368590     0.5114     0.5749     0.0082  0.1128168  0.000e+00
       4889     27.502     8.5115     8.5148   3.367853   3.369014     0.5114     0.5749     0.0081  0.1123284  0.000e+00
       4890     27.560     8.5131     8.5158   3.368229   3.369587     0.5114     0.5749     0.0081  0.1123284  0.000e+00
       4891     27.560     8.5152     8.5175   3.368699   3.369977     0.5126     0.5749     0.0081  0.1123284  0.000e+00
       4892     27.560     8.5173     8.5196   3.369058   3.370373     0.5114     0.5749     0.0081  0.1118400  0.000e+00
       4893     27.626     8.5188     8.5208   3.369343   3.370682     0.5102     0.5749     0.0081  0.1123284  0.000e+00
       4894     27.568     8.5199     8.5218   3.369708   3.370934     0.5102     0.5749     0.0081  0.1123284  0.000e+00
       4895     27.683     8.5211     8.5228   3.370032   3.371198     0.5114     0.5749     0.0081  0.1123284  0.000e+00
       4896     27.626     8.5227     8.5237   3.370264   3.371404     0.5114     0.5749     0.0081  0.1123284  0.000e+00
       4897     27.683     8.5235     8.5250   3.370595   3.371599     0.5102     0.5749     0.0081  0.1123284  0.000e+00
       4898     27.683     8.5239     8.5258   3.370827   3.371886     0.5102     0.5749     0.0081  0.1118400  0.000e+00
       4899     27.741     8.5249     8.5264   3.371007   3.372190     0.5102     0.5749     0.0081  0.1123284  0.000e+00
       4900     27.741     8.5257     8.5274   3.371094   3.372316     0.5114     0.5749     0.0081  0.1123284  0.000e+00
       4901     27.807     8.5259     8.5282   3.371314   3.372419     0.5102     0.5737     0.0081  0.1123284  0.000e+00
       4902     27.741     8.5269     8.5292   3.371540   3.372591     0.5090     0.5737     0.0081  0.1123284  0.000e+00
       4903     27.807     8.5277     8.5300   3.371784   3.372843     0.5090     0.5737     0.0081  0.1118400  0.000e+00
       4904     27.865     8.5287     8.5307   3.372068   3.373073     0.5102     0.5737     0.0081  0.1123284  0.000e+00
       4905     27.807     8.5295     8.5315   3.372190   3.373371     0.5102     0.5737     0.0081  0.1123284  0.000e+00
       4906     27.865     8.5299     8.5326   3.372387   3.373474     0.5102     0.5737     0.0081  0.1123284  0.000e+00
       4907     27.931     8.5309     8.5335   3.372561   3.373692     0.5102     0.5737     0.0081  0.1123284  0.000e+00
       4908     27.931     8.5320     8.5341   3.372770   3.373944     0.5102     0.5737     0.0081  0.1123284  0.000e+00
       4909     27.865     8.5331     8.5357   3.372949   3.374277     0.5077     0.5737     0.0081  0.1123284  0.000e+00
       4910     27.988     8.5343     8.5372   3.373199   3.374575     0.5102     0.5737     0.0079  0.1123284  0.000e+00
       4911     27.931     8.5357     8.5380   3.373425   3.374753     0.5090     0.5737     0.0081  0.1123284  0.000e+00
       4912     28.046     8.5368     8.5388   3.373686   3.375000     0.5102     0.5737     0.0081  0.1123284  0.000e+00
       4913     27.988     8.5376     8.5393   3.373936   3.375275     0.5077     0.5737     0.0081  0.1118400  0.000e+00
       4914     28.046     8.5384     8.5401   3.374214   3.375499     0.5077     0.5737     0.0077  0.1123284  0.000e+00
       4915     28.046     8.5391     8.5408   3.374434   3.375527     0.5090     0.5737     0.0075  0.1123284  0.000e+00
       4916     28.046     8.5399     8.5419   3.374556   3.375676     0.5077     0.5725     0.0075  0.1118400  0.000e+00
       4917     28.112     8.5405     8.5426   3.374713   3.375958     0.5077     0.5725     0.0075  0.1123284  0.000e+00
       4918     28.120     8.5412     8.5432   3.374893   3.376084     0.5077     0.5725     0.0075  0.1123284  0.000e+00
       4919     28.112     8.5418     8.5435   3.375078   3.376170     0.5077     0.5725     0.0075  0.1123284  0.000e+00
       4920     28.170     8.5424     8.5442   3.375165   3.376307     0.5077     0.5725     0.0075  0.1123284  0.000e+00
       4921     28.170     8.5429     8.5448   3.375392   3.376502     0.5065     0.5725     0.0075  0.1123284  0.000e+00
       4922     28.236     8.5436     8.5455   3.375595   3.376600     0.5077     0.5725     0.0075  0.1123284  0.000e+00
       4923     28.170     8.5442     8.5461   3.375589   3.376657     0.5065     0.5725     0.0075  0.1123284  0.000e+00
       4924     28.236     8.5449     8.5468   3.375734   3.376904     0.5102     0.5725     0.0075  0.1123284  0.000e+00
       4925     28.294     8.5455     8.5471   3.375879   3.376984     0.5077     0.5725     0.0075  0.1123284  0.000e+00
       4926     28.294     8.5459     8.5476   3.375960   3.377070     0.5077     0.5713     0.0075  0.1123284  0.000e+00
       4927     28.294     8.5463     8.5481   3.376018   3.377191     0.5053     0.5725     0.0075  0.1123284  0.000e+00
       4928     28.294     8.5470     8.5488   3.376175   3.377248     0.5053     0.5725     0.0075  0.1123284  0.000e+00
       4929     28.359     8.5477     8.5496   3.376401   3.377294     0.5077     0.5725     0.0075  0.1123284  0.000e+00
       4930     28.359     8.5485     8.5508   3.376506   3.377541     0.5065     0.5713     0.0075  0.1123284  0.000e+00
       4931     28.417     8.5495     8.5521   3.376726   3.377828     0.5065     0.5713     0.0075  0.1123284  0.000e+00
       4932     28.417     8.5507     8.5535   3.377005   3.378000     0.5053     0.5713     0.0075  0.1123284  0.000e+00
       4933     28.417     8.5521     8.5546   3.377231   3.378344     0.5053     0.5713     0.0075  0.1123284  0.000e+00
       4934     28.475     8.5533     8.5558   3.377579   3.378556     0.5065     0.5713     0.0075  0.1123284  0.000e+00
       4935     28.475     8.5545     8.5568   3.377765   3.378791     0.5053     0.5713     0.0075  0.1123284  0.000e+00
       4936     28.475     8.5558     8.5584   3.378055   3.379164     0.5041     0.5713     0.0075  0.1123284  0.000e+00
       4937     28.475     8.5574     8.5600   3.378206   3.379388     0.5053     0.5713     0.0075  0.1123284  0.000e+00
       4938     28.549     8.5587     8.5612   3.378502   3.379555     0.5053     0.5713     0.0075  0.1123284  0.000e+00
       4939     28.599     8.5595     8.5620   3.378682   3.379853     0.5053     0.5713     0.0075  0.1123284  0.000e+00
       4940     28.541     8.5605     8.5628   3.378897   3.380037     0.5041     0.5713     0.0073  0.1118400  0.000e+00
       4941     28.599     8.5615     8.5632   3.379141   3.380220     0.5053     0.5713     0.0073  0.1118400  0.000e+00
       4942     28.665     8.5623     8.5638   3.379315   3.380347     0.5041     0.5713     0.0073  0.1118400  0.000e+00
       4943     28.599     8.5627     8.5645   3.379466   3.380433     0.5053     0.5713     0.0073  0.1118400  0.000e+00
       4944     28.665     8.5639     8.5658   3.379622   3.380679     0.5053     0.5713     0.0073  0.1118400  0.000e+00
       4945     28.722     8.5647     8.5669   3.379820   3.380720     0.5041     0.5713     0.0073  0.1118400  0.000e+00
       4946     28.722     8.5655     8.5680   3.380011   3.380995     0.5053     0.5700     0.0073  0.1118400  0.000e+00
       4947     28.722     8.5670     8.5700   3.380261   3.381351     0.5053     0.5713     0.0073  0.1118400  0.000e+00
       4948     28.722     8.5684     8.5716   3.380522   3.381701     0.5053     0.5713     0.0073  0.1118400  0.000e+00
       4949     28.788     8.5699     8.5731   3.380870   3.382022     0.5041     0.5700     0.0073  0.1118400  0.000e+00
       4950     28.788     8.5712     8.5742   3.381219   3.382304     0.5041     0.5700     0.0073  0.1118400  0.000e+00
       4951     28.846     8.5721     8.5754   3.381532   3.382648     0.5029     0.5700     0.0073  0.1118400  0.000e+00
       4952     28.846     8.5735     8.5767   3.381747   3.382809     0.5016     0.5700     0.0073  0.1118400  0.000e+00
       4953     28.846     8.5746     8.5776   3.381933   3.383176     0.5053     0.5700     0.0073  0.1118400  0.000e+00
       4954     28.904     8.5764     8.5791   3.382223   3.383400     0.5041     0.5700     0.0071  0.1118400  0.000e+00
       4955     28.846     8.5777     8.5803   3.382490   3.383854     0.5029     0.5700     0.0073  0.1118400  0.000e+00
       4956     28.978     8.5792     8.5817   3.382897   3.384169     0.5016     0.5700     0.0073  0.1118400  0.000e+00
       4957     28.970     8.5804     8.5829   3.383263   3.384594     0.5016     0.5700     0.0073  0.1118400  0.000e+00
       4958     28.970     8.5819     8.5844   3.383623   3.384853     0.5053     0.5700     0.0073  0.1118400  0.000e+00
       4959     28.970     8.5834     8.5855   3.384058   3.385191     0.5029     0.5700     0.0073  0.1113516  0.000e+00
       4960     29.027     8.5845     8.5869   3.384470   3.385484     0.5016     0.5700     0.0073  0.1118400  0.000e+00
       4961     29.027     8.5858     8.5879   3.384680   3.385651     0.5016     0.5700     0.0071  0.1118400  0.000e+00
       4962     29.093     8.5866     8.5888   3.384929   3.385967     0.5029     0.5688     0.0073  0.1118400  0.000e+00
       4963     29.093     8.5875     8.5896   3.385016   3.386122     0.5041     0.5688     0.0073  0.1113516  0.000e+00
       4964     29.093     8.5884     8.5902   3.385231   3.386380     0.5029     0.5688     0.0073  0.1118400  0.000e+00
       4965     29.151     8.5892     8.5907   3.385574   3.386541     0.5016     0.5688     0.0071  0.1118400  0.000e+00
       4966     29.151     8.5902     8.5919   3.385777   3.386794     0.5016     0.5688     0.0070  0.1118400  0.000e+00
       4967     29.151     8.5910     8.5933   3.386045   3.387132     0.5029     0.5688     0.0070  0.1118400  0.000e+00
       4968     29.209     8.5925     8.5953   3.386376   3.387414     0.5029     0.5688     0.0070  0.1118400  0.000e+00
       4969     29.209     8.5940     8.5966   3.386759   3.387931     0.5016     0.5688     0.0070  0.1118400  0.000e+00
       4970     29.209     8.5954     8.5979   3.387131   3.388155     0.5004     0.5688     0.0070  0.1118400  0.000e+00
       4971     29.283     8.5972     8.5994   3.387514   3.388407     0.5004     0.5688     0.0070  0.1118400  0.000e+00
       4972     29.275     8.5987     8.6004   3.387776   3.388775     0.5016     0.5688     0.0070  0.1118400  0.000e+00
       4973     29.332     8.5997     8.6017   3.388014   3.388970     0.5016     0.5688     0.0070  0.1118400  0.000e+00
       4974     29.332     8.6014     8.6031   3.388328   3.389298     0.5004     0.5688     0.0070  0.1118400  0.000e+00
       4975     29.332     8.6026     8.6046   3.388560   3.389643     0.5004     0.5688     0.0070  0.1118400  0.000e+00
       4976     29.398     8.6034     8.6061   3.388787   3.389844     0.5004     0.5688     0.0070  0.1118400  0.000e+00
       4977     29.398     8.6048     8.6072   3.389141   3.390045     0.5016     0.5688     0.0070  0.1118400  0.000e+00
       4978     29.398     8.6062     8.6081   3.389409   3.390395     0.5016     0.5688     0.0070  0.1118400  0.000e+00
       4979     29.456     8.6073     8.6093   3.389501   3.390585     0.5004     0.5688     0.0070  0.1118400  0.000e+00
       4980     29.456     8.6084     8.6098   3.389746   3.390820     0.5004     0.5688     0.0070  0.1113516  0.000e+00
       4981     29.522     8.6092     8.6110   3.390094   3.391142     0.5004     0.5688     0.0070  0.1118400  0.000e+00
       4982     29.522     8.6101     8.6120   3.390379   3.391360     0.5016     0.5688     0.0068  0.1118400  0.000e+00
       4983     29.522     8.6110     8.6130   3.390594   3.391567     0.5004     0.5676     0.0070  0.1118400  0.000e+00
