code/data/2021/ctd_data_day1/Station 3 210921_ctm.cnv
* Sea-Bird SBE 9 Data File:
* FileName = C:\Users\CTD-User\Desktop\MAR440\Station 3 210921.hex
* Software Version Seasave V 7.26.2.13
* Temperature SN = 6313
* Conductivity SN = 4758
* Number of Bytes Per Scan = 30
* Number of Voltage Words = 4
* Number of Scans Averaged by the Deck Unit = 1
* NMEA baud rate = 4800
** Ship:
** Station:
** Operator:
# nquan = 11
# nvalues = 5414                        
# units = specified
# name 0 = scan: Scan Count
# name 1 = prDM: Pressure, Digiquartz [db]
# name 2 = t090C: Temperature [ITS-90, deg C]
# name 3 = t190C: Temperature, 2 [ITS-90, deg C]
# name 4 = c0S/m: Conductivity [S/m]
# name 5 = c1S/m: Conductivity, 2 [S/m]
# name 6 = sbeox0V: Oxygen raw, SBE 43 [V]
# name 7 = sbeox1V: Oxygen raw, SBE 43, 2 [V]
# name 8 = flECO-AFL: Fluorescence, WET Labs ECO-AFL/FL [mg/m^3]
# name 9 = upoly0: Upoly 0, Turbidity
# name 10 = flag:  0.000e+00
# span 0 =          1,       5414       
# span 1 =      1.484,     20.539       
# span 2 =     8.0003,    16.1871       
# span 3 =     8.0022,    16.1888       
# span 4 =   2.917431,   3.482951       
# span 5 =   2.965170,   3.484257       
# span 6 =     0.4650,     2.8157       
# span 7 =     0.5261,     2.6667       
# span 8 =     0.0033,     0.0092       
# span 9 =  0.0883968,  0.1934029       
# span 10 = 0.0000e+00, 0.0000e+00      
# interval = seconds: 0.0416667
# start_time = Sep 21 2021 09:31:52 [System UTC, header]
# bad_flag = -9.990e-29
*END*
[from data line 3017]
       3018     18.035     9.2777     9.2716   3.307142   3.307916     1.0145     1.0487     0.0055  0.0991416 0.0000e+00
       3019     18.035     9.2659     9.2644   3.306210   3.307303     1.0133     1.0463     0.0055  0.0991416 0.0000e+00
       3020     18.034     9.2519     9.2558   3.305455   3.306354     1.0109     1.0439     0.0055  0.0991416 0.0000e+00
       3021     18.092     9.2388     9.2448   3.304623   3.305516     1.0084     1.0402     0.0055  0.0996300 0.0000e+00
       3022     18.034     9.2272     9.2331   3.303795   3.304892     1.0060     1.0377     0.0055  0.0991416 0.0000e+00
       3023     18.150     9.2146     9.2157   3.302803   3.304133     1.0036     1.0353     0.0055  0.0996300 0.0000e+00
       3024     18.076     9.2003     9.1989   3.301966   3.303296     1.0023     1.0329     0.0055  0.0991416 0.0000e+00
       3025     18.150     9.1876     9.1840   3.301199   3.302181     0.9999     1.0304     0.0055  0.0996300 0.0000e+00
       3026     18.150     9.1734     9.1712   3.300206   3.301115     0.9962     1.0280     0.0055  0.0996300 0.0000e+00
       3027     18.150     9.1572     9.1625   3.299287   3.300183     0.9938     1.0243     0.0055  0.0996300 0.0000e+00
       3028     18.216     9.1408     9.1458   3.298218   3.299284     0.9913     1.0219     0.0055  0.0996300 0.0000e+00
       3029     18.216     9.1256     9.1244   3.297061   3.298078     0.9889     1.0182     0.0055  0.0991416 0.0000e+00
       3030     18.199     9.1117     9.1073   3.295990   3.296859     0.9852     1.0158     0.0055  0.0991416 0.0000e+00
       3031     18.273     9.1004     9.0914   3.295101   3.295752     0.9816     1.0121     0.0055  0.0996300 0.0000e+00
       3032     18.216     9.0865     9.0694   3.293989   3.294635     0.9791     1.0084     0.0055  0.0991416 0.0000e+00
       3033     18.273     9.0676     9.0524   3.293101   3.293668     0.9779     1.0060     0.0055  0.0976764 0.0000e+00
       3034     18.273     9.0412     9.0339   3.291932   3.292438     0.9742     1.0023     0.0053  0.0942576 0.0000e+00
       3035     18.273     9.0168     9.0186   3.290489   3.291102     0.9706     0.9987     0.0051  0.0932808 0.0000e+00
       3036     18.397     9.0011     9.0013   3.289227   3.289776     0.9669     0.9950     0.0051  0.0932808 0.0000e+00
       3037     18.323     8.9810     8.9817   3.288076   3.288521     0.9645     0.9926     0.0051  0.0932808 0.0000e+00
       3038     18.339     8.9629     8.9631   3.286928   3.287366     0.9620     0.9889     0.0051  0.0932808 0.0000e+00
       3039     18.397     8.9489     8.9524   3.285444   3.286270     0.9584     0.9840     0.0051  0.0932808 0.0000e+00
       3040     18.397     8.9316     8.9358   3.284166   3.285185     0.9547     0.9804     0.0051  0.0932808 0.0000e+00
       3041     18.397     8.9161     8.9197   3.283119   3.284165     0.9498     0.9767     0.0051  0.0932808 0.0000e+00
       3042     18.397     8.8995     8.9068   3.282000   3.283253     0.9474     0.9730     0.0051  0.0932808 0.0000e+00
       3043     18.455     8.8845     8.8935   3.281058   3.282324     0.9449     0.9694     0.0051  0.0932808 0.0000e+00
       3044     18.438     8.8743     8.8793   3.280176   3.281539     0.9413     0.9657     0.0051  0.0932808 0.0000e+00
       3045     18.455     8.8622     8.8669   3.279395   3.280771     0.9364     0.9608     0.0051  0.0932808 0.0000e+00
       3046     18.521     8.8498     8.8533   3.278676   3.279863     0.9327     0.9572     0.0051  0.0932808 0.0000e+00
       3047     18.521     8.8352     8.8330   3.277657   3.278919     0.9291     0.9523     0.0051  0.0932808 0.0000e+00
       3048     18.521     8.8191     8.8139   3.276504   3.277740     0.9266     0.9486     0.0051  0.0932808 0.0000e+00
       3049     18.521     8.7998     8.7931   3.275059   3.276210     0.9217     0.9449     0.0051  0.0932808 0.0000e+00
       3050     18.578     8.7800     8.7696   3.273682   3.274777     0.9181     0.9401     0.0051  0.0932808 0.0000e+00
       3051     18.562     8.7646     8.7530   3.272631   3.273484     0.9156     0.9352     0.0051  0.0932808 0.0000e+00
       3052     18.578     8.7466     8.7450   3.271835   3.272757     0.9107     0.9315     0.0051  0.0932808 0.0000e+00
       3053     18.644     8.7342     8.7378   3.270909   3.272509     0.9071     0.9266     0.0051  0.0932808 0.0000e+00
       3054     18.578     8.7274     8.7320   3.270757   3.272283     0.9022     0.9230     0.0051  0.0932808 0.0000e+00
       3055     18.644     8.7200     8.7241   3.270706   3.271999     0.8985     0.9193     0.0051  0.0932808 0.0000e+00
       3056     18.644     8.7112     8.7157   3.270454   3.271848     0.8937     0.9144     0.0051  0.0932808 0.0000e+00
       3057     18.702     8.7017     8.7089   3.269930   3.271374     0.8900     0.9107     0.0051  0.0932808 0.0000e+00
       3058     18.685     8.6908     8.6995   3.269412   3.270748     0.8863     0.9059     0.0053  0.0932808 0.0000e+00
       3059     18.702     8.6728     8.6861   3.268879   3.269915     0.8814     0.9010     0.0062  0.0986532 0.0000e+00
       3060     18.768     8.6554     8.6691   3.267734   3.268988     0.8766     0.8961     0.0071  0.1015836 0.0000e+00
       3061     18.702     8.6429     8.6411   3.266591   3.267982     0.8717     0.8924     0.0071  0.1020720 0.0000e+00
       3062     18.825     8.6220     8.6165   3.265451   3.266795     0.8704     0.8888     0.0071  0.1020720 0.0000e+00
       3063     18.768     8.5972     8.5906   3.264377   3.265673     0.8668     0.8839     0.0071  0.1015836 0.0000e+00
       3064     18.768     8.5735     8.5672   3.263072   3.264412     0.8619     0.8802     0.0070  0.1020720 0.0000e+00
       3065     18.809     8.5523     8.5471   3.261639   3.263044     0.8570     0.8753     0.0071  0.1020720 0.0000e+00
       3066     18.883     8.5316     8.5290   3.260003   3.261685     0.8534     0.8717     0.0071  0.1020720 0.0000e+00
       3067     18.825     8.5084     8.5050   3.258465   3.260282     0.8497     0.8668     0.0071  0.1015836 0.0000e+00
       3068     18.825     8.4870     8.4877   3.257010   3.259022     0.8460     0.8631     0.0071  0.1020720 0.0000e+00
       3069     18.883     8.4718     8.4666   3.255842   3.257499     0.8411     0.8595     0.0071  0.1020720 0.0000e+00
       3070     18.949     8.4541     8.4428   3.254451   3.255768     0.8375     0.8546     0.0071  0.1020720 0.0000e+00
       3071     18.883     8.4353     8.4195   3.252875   3.253875     0.8338     0.8509     0.0071  0.1020720 0.0000e+00
       3072     18.933     8.4076     8.4048   3.251265   3.252435     0.8302     0.8472     0.0071  0.1020720 0.0000e+00
       3073     18.949     8.3813     8.3866   3.249651   3.251145     0.8277     0.8424     0.0070  0.1020720 0.0000e+00
       3074     18.949     8.3615     8.3684   3.248518   3.249798     0.8216     0.8387     0.0071  0.1020720 0.0000e+00
       3075     19.007     8.3507     8.3527   3.247493   3.248711     0.8167     0.8350     0.0071  0.1015836 0.0000e+00
       3076     19.007     8.3320     8.3380   3.246244   3.247757     0.8143     0.8314     0.0071  0.1020720 0.0000e+00
       3077     19.007     8.3155     8.3155   3.245228   3.246503     0.8106     0.8277     0.0071  0.1020720 0.0000e+00
       3078     19.007     8.3099     8.3032   3.244383   3.245547     0.8069     0.8240     0.0071  0.1020720 0.0000e+00
       3079     19.114     8.3020     8.2962   3.243695   3.244883     0.8021     0.8204     0.0071  0.1020720 0.0000e+00
       3080     19.007     8.2884     8.2866   3.242798   3.244169     0.7984     0.8167     0.0071  0.1020720 0.0000e+00
       3081     19.130     8.2754     8.2766   3.242240   3.243628     0.7960     0.8131     0.0071  0.1020720 0.0000e+00
       3082     19.073     8.2658     8.2685   3.241758   3.243294     0.7923     0.8094     0.0071  0.1020720 0.0000e+00
       3083     19.130     8.2577     8.2579   3.241521   3.242881     0.7886     0.8057     0.0071  0.1020720 0.0000e+00
       3084     19.130     8.2514     8.2494   3.241228   3.242640     0.7837     0.8021     0.0070  0.1059792 0.0000e+00
       3085     19.188     8.2444     8.2455   3.240789   3.242466     0.7801     0.7996     0.0066  0.1152589 0.0000e+00
       3086     19.130     8.2370     8.2405   3.240526   3.242160     0.7776     0.7960     0.0066  0.1181893 0.0000e+00
       3087     19.180     8.2294     8.2358   3.240565   3.241882     0.7740     0.7923     0.0066  0.1181893 0.0000e+00
       3088     19.254     8.2223     8.2317   3.240154   3.241497     0.7703     0.7886     0.0066  0.1177009 0.0000e+00
       3089     19.188     8.2174     8.2270   3.239688   3.241292     0.7667     0.7862     0.0066  0.1177009 0.0000e+00
       3090     19.254     8.2119     8.2169   3.239499   3.240987     0.7642     0.7825     0.0066  0.1177009 0.0000e+00
       3091     19.254     8.2064     8.2065   3.239396   3.240845     0.7618     0.7789     0.0066  0.1177009 0.0000e+00
       3092     19.254     8.2000     8.2017   3.239125   3.240623     0.7593     0.7764     0.0066  0.1177009 0.0000e+00
       3093     19.312     8.1931     8.1951   3.238891   3.240178     0.7544     0.7740     0.0066  0.1172125 0.0000e+00
       3094     19.295     8.1857     8.1871   3.238586   3.239903     0.7508     0.7703     0.0066  0.1177009 0.0000e+00
       3095     19.312     8.1790     8.1811   3.238319   3.239591     0.7483     0.7679     0.0066  0.1177009 0.0000e+00
       3096     19.377     8.1706     8.1730   3.237832   3.238970     0.7459     0.7642     0.0066  0.1177009 0.0000e+00
       3097     19.312     8.1606     8.1602   3.237232   3.238242     0.7422     0.7618     0.0066  0.1177009 0.0000e+00
       3098     19.435     8.1504     8.1489   3.236550   3.237593     0.7398     0.7593     0.0066  0.1177009 0.0000e+00
       3099     19.377     8.1407     8.1367   3.235905   3.236985     0.7349     0.7557     0.0066  0.1177009 0.0000e+00
       3100     19.377     8.1339     8.1292   3.235311   3.236497     0.7349     0.7532     0.0066  0.1177009 0.0000e+00
       3101     19.435     8.1268     8.1251   3.234920   3.236010     0.7312     0.7508     0.0064  0.1177009 0.0000e+00
       3102     19.485     8.1186     8.1232   3.234503   3.235808     0.7264     0.7483     0.0066  0.1177009 0.0000e+00
       3103     19.435     8.1126     8.1208   3.234202   3.235536     0.7239     0.7459     0.0066  0.1177009 0.0000e+00
       3104     19.501     8.1083     8.1155   3.233794   3.235218     0.7215     0.7435     0.0066  0.1177009 0.0000e+00
       3105     19.501     8.1050     8.1100   3.233423   3.234957     0.7202     0.7410     0.0066  0.1177009 0.0000e+00
       3106     19.501     8.1016     8.1059   3.233136   3.234723     0.7166     0.7373     0.0066  0.1177009 0.0000e+00
       3107     19.559     8.0983     8.1020   3.233102   3.234749     0.7154     0.7361     0.0066  0.1177009 0.0000e+00
       3108     19.501     8.0946     8.0982   3.233232   3.234623     0.7105     0.7337     0.0066  0.1177009 0.0000e+00
       3109     19.616     8.0887     8.0939   3.233119   3.234591     0.7080     0.7312     0.0066  0.1177009 0.0000e+00
       3110     19.542     8.0842     8.0889   3.232874   3.234348     0.7068     0.7288     0.0071  0.1284457 0.0000e+00
       3111     19.616     8.0805     8.0842   3.232603   3.234042     0.7056     0.7276     0.0075  0.1357717 0.0000e+00
       3112     19.616     8.0762     8.0801   3.232301   3.233593     0.7007     0.7239     0.0075  0.1367485 0.0000e+00
       3113     19.616     8.0705     8.0738   3.232113   3.233208     0.6983     0.7227     0.0075  0.1362601 0.0000e+00
       3114     19.616     8.0665     8.0696   3.231864   3.232932     0.6958     0.7202     0.0075  0.1362601 0.0000e+00
       3115     19.682     8.0647     8.0667   3.231696   3.232904     0.6958     0.7178     0.0075  0.1362601 0.0000e+00
       3116     19.682     8.0628     8.0648   3.231619   3.232931     0.6922     0.7154     0.0075  0.1362601 0.0000e+00
       3117     19.682     8.0607     8.0630   3.231616   3.232997     0.6885     0.7129     0.0077  0.1362601 0.0000e+00
       3118     19.724     8.0591     8.0607   3.231723   3.233049     0.6861     0.7117     0.0075  0.1362601 0.0000e+00
       3119     19.740     8.0576     8.0566   3.231846   3.233021     0.6848     0.7105     0.0075  0.1362601 0.0000e+00
       3120     19.740     8.0553     8.0536   3.231967   3.233064     0.6836     0.7080     0.0077  0.1362601 0.0000e+00
       3121     19.740     8.0522     8.0516   3.231896   3.233056     0.6812     0.7056     0.0075  0.1362601 0.0000e+00
       3122     19.806     8.0487     8.0507   3.231875   3.233101     0.6775     0.7044     0.0077  0.1362601 0.0000e+00
       3123     19.806     8.0456     8.0473   3.231752   3.232956     0.6751     0.7019     0.0075  0.1362601 0.0000e+00
       3124     19.806     8.0414     8.0415   3.231676   3.232769     0.6751     0.7007     0.0077  0.1362601 0.0000e+00
       3125     19.806     8.0357     8.0363   3.231595   3.232594     0.6738     0.6983     0.0075  0.1362601 0.0000e+00
       3126     19.864     8.0297     8.0311   3.231374   3.232533     0.6714     0.6970     0.0075  0.1362601 0.0000e+00
       3127     19.847     8.0245     8.0285   3.231106   3.232295     0.6677     0.6946     0.0075  0.1362601 0.0000e+00
       3128     19.864     8.0211     8.0268   3.230970   3.232212     0.6653     0.6934     0.0077  0.1362601 0.0000e+00
       3129     19.921     8.0198     8.0247   3.231092   3.232195     0.6653     0.6922     0.0075  0.1362601 0.0000e+00
       3130     19.921     8.0179     8.0216   3.231132   3.232140     0.6641     0.6897     0.0075  0.1362601 0.0000e+00
       3131     19.921     8.0175     8.0194   3.231149   3.232172     0.6604     0.6885     0.0075  0.1362601 0.0000e+00
       3132     19.921     8.0162     8.0167   3.231139   3.232091     0.6580     0.6873     0.0075  0.1362601 0.0000e+00
       3133     19.921     8.0151     8.0143   3.230884   3.232067     0.6567     0.6848     0.0073  0.1362601 0.0000e+00
       3134     19.987     8.0127     8.0126   3.230944   3.232106     0.6567     0.6836     0.0075  0.1362601 0.0000e+00
       3135     19.971     8.0102     8.0115   3.230890   3.232199     0.6543     0.6824     0.0077  0.1396789 0.0000e+00
       3136     19.987     8.0093     8.0109   3.230784   3.232130     0.6519     0.6812     0.0084  0.1479817 0.0000e+00
       3137     20.045     8.0081     8.0105   3.230813   3.232157     0.6494     0.6800     0.0086  0.1509121 0.0000e+00
       3138     19.987     8.0075     8.0101   3.230788   3.232149     0.6482     0.6775     0.0086  0.1509121 0.0000e+00
       3139     20.045     8.0065     8.0094   3.230772   3.232220     0.6482     0.6763     0.0086  0.1504237 0.0000e+00
       3140     20.111     8.0058     8.0091   3.230905   3.232235     0.6458     0.6751     0.0086  0.1504237 0.0000e+00
       3141     20.045     8.0049     8.0084   3.230940   3.232187     0.6433     0.6738     0.0086  0.1504237 0.0000e+00
       3142     20.111     8.0041     8.0083   3.230953   3.232180     0.6421     0.6726     0.0086  0.1504237 0.0000e+00
       3143     20.111     8.0029     8.0077   3.231009   3.232222     0.6421     0.6714     0.0086  0.1504237 0.0000e+00
       3144     20.094     8.0029     8.0074   3.230934   3.232270     0.6421     0.6702     0.0086  0.1504237 0.0000e+00
       3145     20.169     8.0031     8.0074   3.230829   3.232336     0.6384     0.6690     0.0086  0.1504237 0.0000e+00
       3146     20.168     8.0026     8.0069   3.230859   3.232507     0.6360     0.6677     0.0086  0.1504237 0.0000e+00
       3147     20.168     8.0024     8.0065   3.230936   3.232385     0.6348     0.6665     0.0086  0.1504237 0.0000e+00
