code/data/2021/ctd_data_day1/Station 1 ex 210921.cnv
* Sea-Bird SBE 9 Data File:
* FileName = C:\Users\CTD-User\Desktop\MAR440\Station 1 ex 210921.hex
* Software Version Seasave V 7.26.2.13
* Temperature SN = 6313
* Conductivity SN = 4758
* Number of Bytes Per Scan = 30
* Number of Voltage Words = 4
* Number of Scans Averaged by the Deck Unit = 1
* NMEA baud rate = 4800
** Ship:
** Station:
** Operator:
# nquan = 11
# nvalues = 3592                                  
# units = specified
# name 0 = scan: Scan Count
# name 1 = prDM: Pressure, Digiquartz [db]
# name 2 = t090C: Temperature [ITS-90, deg C]
# name 3 = t190C: Temperature, 2 [ITS-90, deg C]
# name 4 = c0S/m: Conductivity [S/m]
# name 5 = c1S/m: Conductivity, 2 [S/m]
# name 6 = sbeox0V: Oxygen raw, SBE 43 [V]
# name 7 = sbeox1V: Oxygen raw, SBE 43, 2 [V]
# name 8 = flECO-AFL: Fluorescence, WET Labs ECO-AFL/FL [mg/m^3]
# name 9 = upoly0: Upoly 0, Turbidity
# name 10 = flag:  0.000e+00
# span 0 =          1,       3592                 
# span 1 =      0.134,     30.832                 
# span 2 =     7.8918,    16.1993                 
# span 3 =     7.8898,    16.2048                 
# span 4 =   2.884778,   3.776500                 
# span 5 =   2.873868,   3.777576                 
# span 6 =     0.6713,     2.9072                 
# span 7 =     0.7251,     2.8022                 
# span 8 =     0.0035,     0.1207                 
# span 9 =  0.0859548,  0.1714249                 
# span 10 = 0.0000e+00, 0.0000e+00                
# interval = seconds: 0.0416667
# start_time = Sep 21 2021 11:23:14 [System UTC, header]
# bad_flag = -9.990e-29
*END*
[from data line 787]
        788      3.743    14.8689    14.5100   2.893945   2.884810     2.2076     2.3394     0.0042  0.1611685  0.000e+00
        789      3.710    14.8527    14.5242   2.894022   2.884886     2.2063     2.3382     0.0040  0.1611685  0.000e+00
        790      3.743    14.8408    14.5472   2.894022   2.884907     2.2063     2.3382     0.0040  0.1611685  0.000e+00
        791      3.652    14.8340    14.5519   2.894055   2.884945     2.2063     2.3370     0.0042  0.1611685  0.000e+00
        792      3.652    14.8304    14.5207   2.894049   2.884918     2.2051     2.3358     0.0042  0.1611685  0.000e+00
        793      3.685    14.8280    14.4766   2.894022   2.884967     2.2051     2.3358     0.0042  0.1611685  0.000e+00
        794      3.586    14.8262    14.4310   2.894055   2.885005     2.2051     2.3346     0.0040  0.1611685  0.000e+00
        795      3.619    14.8242    14.3879   2.894049   2.885076     2.2051     2.3333     0.0042  0.1611685  0.000e+00
        796      3.586    14.8260    14.3487   2.894060   2.885033     2.2039     2.3321     0.0040  0.1606801  0.000e+00
        797      3.619    14.8365    14.3101   2.894088   2.885115     2.2039     2.3321     0.0042  0.1606801  0.000e+00
        798      3.528    14.8510    14.2725   2.894158   2.885250     2.2039     2.3309     0.0042  0.1611685  0.000e+00
        799      3.528    14.8650    14.2389   2.894115   2.885304     2.2039     2.3309     0.0040  0.1611685  0.000e+00
        800      3.504    14.8765    14.2113   2.894218   2.885353     2.2027     2.3297     0.0042  0.1611685  0.000e+00
        801      3.528    14.8841    14.1871   2.894279   2.885408     2.2039     2.3285     0.0040  0.1611685  0.000e+00
        802      3.504    14.8864    14.1661   2.894300   2.885424     2.2039     2.3285     0.0040  0.1611685  0.000e+00
        803      3.462    14.8854    14.1468   2.894273   2.885521     2.2027     2.3272     0.0042  0.1611685  0.000e+00
        804      3.438    14.8809    14.1296   2.894218   2.885576     2.2027     2.3260     0.0042  0.1611685  0.000e+00
        805      3.405    14.8722    14.1190   2.894246   2.885624     2.2027     2.3260     0.0042  0.1611685  0.000e+00
        806      3.438    14.8572    14.1113   2.894240   2.885641     2.2015     2.3248     0.0042  0.1611685  0.000e+00
        807      3.347    14.8353    14.1042   2.894312   2.885678     2.2015     2.3236     0.0042  0.1611685  0.000e+00
        808      3.405    14.8087    14.0990   2.894318   2.885776     2.2015     2.3236     0.0040  0.1611685  0.000e+00
        809      3.314    14.7812    14.0950   2.894290   2.885803     2.2002     2.3224     0.0042  0.1611685  0.000e+00
        810      3.347    14.7541    14.0921   2.894367   2.885884     2.2002     2.3211     0.0040  0.1611685  0.000e+00
        811      3.314    14.7289    14.0917   2.894351   2.885970     2.2002     2.3211     0.0042  0.1611685  0.000e+00
        812      3.281    14.7056    14.0914   2.894401   2.886089     2.2002     2.3199     0.0046  0.1616569  0.000e+00
        813      3.314    14.6844    14.0900   2.894483   2.886165     2.2002     2.3187     0.0046  0.1616569  0.000e+00
        814      3.223    14.6640    14.0867   2.894439   2.886219     2.1990     2.3187     0.0046  0.1616569  0.000e+00
        815      3.256    14.6457    14.0828   2.894461   2.886235     2.1990     2.3175     0.0046  0.1616569  0.000e+00
        816      3.281    14.6290    14.0787   2.894516   2.886316     2.1990     2.3162     0.0046  0.1616569  0.000e+00
        817      3.157    14.6149    14.0753   2.894511   2.886381     2.1990     2.3162     0.0046  0.1611685  0.000e+00
        818      3.190    14.6026    14.0735   2.894588   2.886457     2.1978     2.3150     0.0044  0.1611685  0.000e+00
        819      3.157    14.5920    14.0725   2.894533   2.886495     2.1978     2.3150     0.0044  0.1611685  0.000e+00
        820      3.190    14.5830    14.0713   2.894522   2.886543     2.1990     2.3138     0.0046  0.1611685  0.000e+00
        821      3.100    14.5753    14.0698   2.894571   2.886597     2.1978     2.3126     0.0044  0.1611685  0.000e+00
        822      3.133    14.5684    14.0691   2.894566   2.886614     2.1990     2.3126     0.0044  0.1611685  0.000e+00
        823      3.100    14.5618    14.0703   2.894539   2.886651     2.1978     2.3114     0.0046  0.1616569  0.000e+00
        824      3.075    14.5549    14.0826   2.894632   2.886765     2.1966     2.3114     0.0044  0.1616569  0.000e+00
        825      3.100    14.5487    14.1166   2.894648   2.886818     2.1966     2.3101     0.0046  0.1611685  0.000e+00
        826      3.042    14.5445    14.1540   2.894621   2.886764     2.1966     2.3101     0.0046  0.1616569  0.000e+00
        827      3.009    14.5426    14.1774   2.894681   2.886807     2.1966     2.3089     0.0044  0.1616569  0.000e+00
        828      3.042    14.5691    14.1837   2.894675   2.886866     2.1966     2.3077     0.0046  0.1616569  0.000e+00
        829      3.009    14.6223    14.1794   2.894708   2.886883     2.1966     2.3077     0.0044  0.1616569  0.000e+00
        830      2.976    14.6701    14.1713   2.894784   2.886942     2.1966     2.3065     0.0046  0.1616569  0.000e+00
        831      2.951    14.7067    14.1749   2.894822   2.886921     2.1966     2.3065     0.0044  0.1616569  0.000e+00
        832      2.918    14.7311    14.1944   2.894811   2.886969     2.1953     2.3053     0.0046  0.1616569  0.000e+00
        833      2.951    14.7437    14.2247   2.894821   2.887028     2.1941     2.3053     0.0046  0.1616569  0.000e+00
        834      2.918    14.7519    14.2625   2.894843   2.887082     2.1966     2.3040     0.0044  0.1616569  0.000e+00
        835      2.852    14.7630    14.2885   2.894871   2.887098     2.1941     2.3028     0.0044  0.1616569  0.000e+00
        836      2.885    14.7765    14.2966   2.894942   2.887136     2.1953     2.3028     0.0044  0.1611685  0.000e+00
        837      2.852    14.7881    14.2897   2.894920   2.887130     2.1953     2.3016     0.0042  0.1606801  0.000e+00
        838      2.827    14.7962    14.2720   2.894887   2.887222     2.1953     2.3016     0.0042  0.1601917  0.000e+00
        839      2.852    14.8012    14.2495   2.894837   2.887276     2.1941     2.3004     0.0042  0.1606801  0.000e+00
        840      2.770    14.8035    14.2271   2.894947   2.887244     2.1941     2.2992     0.0042  0.1601917  0.000e+00
        841      2.794    14.8031    14.2047   2.894925   2.887271     2.1941     2.2992     0.0042  0.1601917  0.000e+00
        842      2.770    14.7999    14.1840   2.894887   2.887320     2.1941     2.2979     0.0042  0.1606801  0.000e+00
        843      2.729    14.7945    14.1663   2.894919   2.887353     2.1941     2.2979     0.0042  0.1601917  0.000e+00
        844      2.770    14.7867    14.1531   2.894870   2.887461     2.1941     2.2967     0.0042  0.1601917  0.000e+00
        845      2.729    14.7775    14.1441   2.894914   2.887499     2.1941     2.2955     0.0042  0.1601917  0.000e+00
        846      2.671    14.7664    14.1374   2.894892   2.887537     2.1941     2.2943     0.0042  0.1606801  0.000e+00
        847      2.704    14.7544    14.1320   2.894882   2.887650     2.1929     2.2943     0.0042  0.1606801  0.000e+00
        848      2.671    14.7429    14.1271   2.894942   2.887667     2.1917     2.2930     0.0042  0.1606801  0.000e+00
        849      2.646    14.7342    14.1234   2.894882   2.887661     2.1929     2.2918     0.0042  0.1606801  0.000e+00
        850      2.613    14.7272    14.1206   2.894936   2.887742     2.1929     2.2918     0.0042  0.1601917  0.000e+00
        851      2.646    14.7199    14.1181   2.894898   2.887705     2.1929     2.2906     0.0042  0.1601917  0.000e+00
        852      2.547    14.7109    14.1160   2.894920   2.887807     2.1929     2.2894     0.0042  0.1606801  0.000e+00
        853      2.580    14.7003    14.1150   2.894975   2.887786     2.1929     2.2894     0.0042  0.1601917  0.000e+00
        854      2.547    14.6880    14.1147   2.895030   2.887851     2.1917     2.2882     0.0042  0.1601917  0.000e+00
        855      2.580    14.6756    14.1152   2.895046   2.887834     2.1917     2.2869     0.0042  0.1601917  0.000e+00
        856      2.489    14.6637    14.1164   2.895003   2.887942     2.1917     2.2857     0.0042  0.1606801  0.000e+00
        857      2.547    14.6521    14.1176   2.894992   2.888002     2.1917     2.2857     0.0042  0.1601917  0.000e+00
        858      2.456    14.6417    14.1188   2.895052   2.888072     2.1917     2.2845     0.0042  0.1601917  0.000e+00
        859      2.423    14.6318    14.1197   2.895052   2.888072     2.1917     2.2833     0.0042  0.1601917  0.000e+00
        860      2.456    14.6223    14.1199   2.895085   2.888126     2.1917     2.2821     0.0042  0.1606801  0.000e+00
        861      2.423    14.6137    14.1178   2.895080   2.888207     2.1917     2.2808     0.0042  0.1606801  0.000e+00
        862      2.456    14.6056    14.1135   2.895009   2.888207     2.1917     2.2796     0.0042  0.1631221  0.000e+00
        863      2.366    14.5984    14.1081   2.895135   2.888202     2.1905     2.2796     0.0042  0.1645873  0.000e+00
        864      2.399    14.5923    14.1029   2.895200   2.888261     2.1905     2.2784     0.0042  0.1650757  0.000e+00
        865      2.366    14.5876    14.0984   2.895189   2.888321     2.1905     2.2772     0.0042  0.1650757  0.000e+00
        866      2.341    14.5859    14.0950   2.895244   2.888272     2.1905     2.2760     0.0042  0.1645873  0.000e+00
        867      2.308    14.5876    14.0923   2.895222   2.888353     2.1905     2.2747     0.0042  0.1645873  0.000e+00
        868      2.275    14.5923    14.0909   2.895326   2.888370     2.1905     2.2735     0.0042  0.1645873  0.000e+00
        869      2.308    14.6029    14.0904   2.895332   2.888461     2.1905     2.2735     0.0042  0.1650757  0.000e+00
        870      2.242    14.6284    14.0910   2.895277   2.888537     2.1905     2.2723     0.0042  0.1645873  0.000e+00
        871      2.217    14.6658    14.0912   2.895402   2.888564     2.1905     2.2711     0.0042  0.1650757  0.000e+00
        872      2.242    14.7069    14.0916   2.895391   2.888575     2.1892     2.2698     0.0042  0.1650757  0.000e+00
        873      2.217    14.7447    14.0916   2.895407   2.888597     2.1892     2.2686     0.0042  0.1645873  0.000e+00
        874      2.184    14.7756    14.0909   2.895483   2.888624     2.1892     2.2686     0.0042  0.1645873  0.000e+00
        875      2.151    14.8002    14.0895   2.895543   2.888613     2.1892     2.2674     0.0042  0.1650757  0.000e+00
        876      2.184    14.8209    14.0877   2.895455   2.888624     2.1892     2.2662     0.0042  0.1650757  0.000e+00
        877      2.094    14.8363    14.0932   2.895461   2.888634     2.1892     2.2650     0.0042  0.1645873  0.000e+00
        878      2.118    14.8508    14.1303   2.895537   2.888612     2.1892     2.2637     0.0042  0.1645873  0.000e+00
        879      2.094    14.8716    14.1840   2.895493   2.888606     2.1892     2.2625     0.0042  0.1645873  0.000e+00
        880      2.061    14.8935    14.2617   2.895477   2.888687     2.1892     2.2613     0.0042  0.1645873  0.000e+00
        881      2.094    14.9127    14.3494   2.895411   2.888729     2.1880     2.2601     0.0042  0.1645873  0.000e+00
        882      2.003    14.9282    14.4101   2.895411   2.888739     2.1880     2.2601     0.0042  0.1650757  0.000e+00
        883      2.036    14.9385    14.4712   2.895361   2.888798     2.1880     2.2589     0.0042  0.1645873  0.000e+00
        884      2.003    14.9430    14.5207   2.895301   2.888836     2.1880     2.2576     0.0042  0.1645873  0.000e+00
        885      1.937    14.9462    14.5535   2.895367   2.888846     2.1880     2.2564     0.0042  0.1650757  0.000e+00
        886      1.970    14.9484    14.5774   2.895454   2.888862     2.1880     2.2552     0.0042  0.1645873  0.000e+00
        887      1.937    14.9506    14.6080   2.895454   2.888911     2.1868     2.2540     0.0044  0.1636105  0.000e+00
        888      1.912    14.9523    14.6371   2.895427   2.888926     2.1868     2.2540     0.0046  0.1626337  0.000e+00
        889      1.879    14.9515    14.6502   2.895438   2.888986     2.1856     2.2528     0.0046  0.1611685  0.000e+00
        890      1.912    14.9465    14.6419   2.895449   2.889067     2.1856     2.2515     0.0046  0.1611685  0.000e+00
        891      1.879    14.9351    14.6178   2.895427   2.889175     2.1856     2.2515     0.0046  0.1611685  0.000e+00
        892      1.789    14.9168    14.5836   2.895504   2.889300     2.1856     2.2503     0.0046  0.1611685  0.000e+00
        893      1.879    14.8894    14.5445   2.895548   2.889371     2.1856     2.2491     0.0046  0.1616569  0.000e+00
        894      1.789    14.8545    14.5028   2.895597   2.889425     2.1856     2.2479     0.0046  0.1616569  0.000e+00
        895      1.756    14.8145    14.4565   2.895614   2.889479     2.1856     2.2466     0.0046  0.1616569  0.000e+00
        896      1.723    14.7744    14.4083   2.895571   2.889556     2.1844     2.2466     0.0046  0.1616569  0.000e+00
        897      1.756    14.7359    14.3617   2.895598   2.889675     2.1844     2.2454     0.0046  0.1616569  0.000e+00
        898      1.723    14.6976    14.3196   2.895736   2.889773     2.1844     2.2442     0.0046  0.1616569  0.000e+00
        899      1.690    14.6586    14.2809   2.895796   2.889795     2.1844     2.2430     0.0046  0.1611685  0.000e+00
        900      1.665    14.6220    14.2483   2.895807   2.889811     2.1831     2.2418     0.0046  0.1616569  0.000e+00
        901      1.690    14.5898    14.2276   2.895742   2.889882     2.1831     2.2418     0.0046  0.1611685  0.000e+00
        902      1.574    14.5632    14.2131   2.895824   2.889882     2.1831     2.2405     0.0046  0.1611685  0.000e+00
        903      1.607    14.5411    14.2017   2.895841   2.889936     2.1831     2.2393     0.0046  0.1616569  0.000e+00
        904      1.632    14.5214    14.1916   2.895852   2.890023     2.1819     2.2381     0.0046  0.1611685  0.000e+00
        905      1.541    14.5045    14.1834   2.895841   2.890077     2.1819     2.2381     0.0046  0.1616569  0.000e+00
        906      1.508    14.4897    14.1762   2.895852   2.890152     2.1819     2.2369     0.0046  0.1616569  0.000e+00
        907      1.541    14.4764    14.1685   2.895798   2.890212     2.1819     2.2369     0.0046  0.1616569  0.000e+00
        908      1.508    14.4657    14.1607   2.895842   2.890228     2.1819     2.2357     0.0046  0.1616569  0.000e+00
        909      1.418    14.4571    14.1536   2.895820   2.890228     2.1819     2.2344     0.0046  0.1616569  0.000e+00
        910      1.451    14.4505    14.1466   2.895825   2.890228     2.1807     2.2332     0.0046  0.1616569  0.000e+00
        911      1.418    14.4457    14.1375   2.895836   2.890245     2.1807     2.2332     0.0046  0.1616569  0.000e+00
        912      1.451    14.4417    14.1360   2.895891   2.890212     2.1807     2.2320     0.0046  0.1616569  0.000e+00
        913      1.360    14.4389    14.1699   2.895875   2.890261     2.1795     2.2320     0.0046  0.1626337  0.000e+00
        914      1.385    14.4365    14.2276   2.895979   2.890238     2.1795     2.2308     0.0046  0.1626337  0.000e+00
        915      1.302    14.4351    14.2922   2.896083   2.890292     2.1795     2.2308     0.0046  0.1631221  0.000e+00
        916      1.327    14.4336    14.3570   2.896001   2.890345     2.1795     2.2296     0.0044  0.1626337  0.000e+00
        917      1.302    14.4356    14.4177   2.896088   2.890361     2.1795     2.2283     0.0044  0.1626337  0.000e+00
        918      1.269    14.4591    14.4673   2.896148   2.890377     2.1795     2.2283     0.0046  0.1626337  0.000e+00
