code/data/2021/ctd_data_day1/Station 6 210921_ctm_fil_le_der.cnv
* Sea-Bird SBE 9 Data File:
* FileName = C:\Users\CTD-User\Desktop\MAR440\Station 6 210921.hex
* Software Version Seasave V 7.26.2.13
* Temperature SN = 6313
* Conductivity SN = 4758
* Number of Bytes Per Scan = 30
* Number of Voltage Words = 4
* Number of Scans Averaged by the Deck Unit = 1
* NMEA baud rate = 4800
** Ship:
** Station:
** Operator:
# nquan = 16                                
# nvalues = 4130                        
# units = specified
# name 0 = scan: Scan Count
# name 1 = prDM: Pressure, Digiquartz [db]
# name 2 = t090C: Temperature [ITS-90, deg C]
# name 3 = t190C: Temperature, 2 [ITS-90, deg C]
# name 4 = c0S/m: Conductivity [S/m]
# name 5 = c1S/m: Conductivity, 2 [S/m]
# name 6 = sbeox0V: Oxygen raw, SBE 43 [V]
# name 7 = sbeox1V: Oxygen raw, SBE 43, 2 [V]
# name 8 = flECO-AFL: Fluorescence, WET Labs ECO-AFL/FL [mg/m^3]
# name 9 = upoly0: Upoly 0, Turbidity
# name 10 = depSM: Depth [salt water, m], lat = 59
# name 11 = sal00: Salinity, Practical [PSU]
# name 12 = sal11: Salinity, Practical, 2 [PSU]
# name 13 = sbeox0ML/L: Oxygen, SBE 43 [ml/l], WS = 2
# name 14 = sbeox1ML/L: Oxygen, SBE 43, 2 [ml/l], WS = 2
# name 15 = flag: flag
# span 0 =          1,       4130       
# span 1 =      0.401,     37.705       
# span 2 =     6.5339,    15.9700       
# span 3 =     6.5228,    15.9659       
# span 4 =   2.889567,   3.739249       
# span 5 =   2.889377,   3.740329       
# span 6 =     0.4861,     2.7979       
# span 7 =     0.5457,     2.7563       
# span 8 =     0.0033,     0.0189       
# span 9 =  0.0862693,  0.1633834       
# span 10 =      0.397,     37.349      
# span 11 =    22.2373,    32.3025      
# span 12 =    22.3205,    32.3270      
# span 13 =    -0.1043,     6.7939      
# span 14 =     0.2100,     5.8327      
# span 15 = 0.0000e+00, 0.0000e+00      
# interval = seconds: 0.0416667
# start_time = Sep 21 2021 10:55:39 [System UTC, header]
# bad_flag = -9.990e-29
*END*
[from data line 1176]
       1177     10.547    15.8378    15.8636   3.334769   3.345897     2.1485     2.1380     0.0038  0.1127778     10.448    25.8772    25.9559     4.4420     3.8923 -9.990e-29
       1178     10.543    15.8376    15.8615   3.334689   3.345802     2.1463     2.1359     0.0038  0.1128843     10.444    25.8767    25.9565     4.4391     3.8924 -9.990e-29
       1179     10.539    15.8375    15.8594   3.334589   3.345655     2.1442     2.1338     0.0038  0.1129946     10.440    25.8759    25.9566     4.4365     3.8925 -9.990e-29
       1180     10.535    15.8376    15.8574   3.334476   3.345455     2.1421     2.1318     0.0038  0.1131096     10.436    25.8749    25.9562     4.4341     3.8928 -9.990e-29
       1181     10.530    15.8377    15.8556   3.334356   3.345205     2.1401     2.1298     0.0038  0.1132299     10.431    25.8738    25.9552     4.4321     3.8930 -9.990e-29
       1182     10.524    15.8380    15.8540   3.334236   3.344911     2.1381     2.1279     0.0037  0.1133566     10.425    25.8726    25.9537     4.4302     3.8934 -9.990e-29
       1183     10.519    15.8384    15.8527   3.334123   3.344584     2.1361     2.1260     0.0038  0.1134904     10.420    25.8713    25.9518     4.4284     3.8937 -9.990e-29
       1184     10.512    15.8388    15.8514   3.334021   3.344235     2.1342     2.1242     0.0038  0.1136323     10.413    25.8702    25.9496     4.4269     3.8941 -9.990e-29
       1185     10.505    15.8394    15.8504   3.333934   3.343873     2.1323     2.1224     0.0038  0.1137824     10.407    25.8691    25.9472     4.4255     3.8945 -9.990e-29
       1186     10.498    15.8400    15.8494   3.333864   3.343506     2.1304     2.1206     0.0038  0.1139367     10.400    25.8681    25.9447     4.4241     3.8948 -9.990e-29
       1187     10.490    15.8407    15.8486   3.333815   3.343139     2.1286     2.1189     0.0038  0.1140869     10.392    25.8672    25.9421     4.4230     3.8952 -9.990e-29
       1188     10.482    15.8415    15.8479   3.333788   3.342772     2.1269     2.1173     0.0038  0.1142273     10.384    25.8664    25.9394     4.4222     3.8958 -9.990e-29
       1189     10.473    15.8424    15.8472   3.333781   3.342404     2.1252     2.1157     0.0038  0.1143570     10.375    25.8658    25.9367     4.4215     3.8963 -9.990e-29
       1190     10.463    15.8435    15.8466   3.333791   3.342028     2.1235     2.1141     0.0038  0.1144771     10.365    25.8652    25.9338     4.4207     3.8966 -9.990e-29
       1191     10.453    15.8448    15.8459   3.333807   3.341637     2.1218     2.1126     0.0038  0.1145884     10.355    25.8645    25.9309     4.4200     3.8972 -9.990e-29
       1192     10.443    15.8464    15.8452   3.333812   3.341219     2.1202     2.1112     0.0038  0.1146916     10.345    25.8635    25.9278     4.4195     3.8979 -9.990e-29
       1193     10.432    15.8483    15.8444   3.333782   3.340761     2.1186     2.1097     0.0038  0.1147874     10.334    25.8620    25.9244     4.4190     3.8982 -9.990e-29
       1194     10.421    15.8505    15.8436   3.333701   3.340258     2.1171     2.1083     0.0038  0.1148766     10.323    25.8598    25.9206     4.4188     3.8988 -9.990e-29
       1195     10.409    15.8530    15.8427   3.333565   3.339723     2.1156     2.1070     0.0038  0.1149597     10.311    25.8571    25.9166     4.4186     3.8995 -9.990e-29
       1196     10.397    15.8557    15.8420   3.333385   3.339178     2.1141     2.1057     0.0038  0.1150373     10.300    25.8538    25.9124     4.4184     3.9001 -9.990e-29
       1197     10.384    15.8586    15.8413   3.333168   3.338640     2.1127     2.1044     0.0038  0.1151100     10.287    25.8500    25.9082     4.4183     3.9005 -9.990e-29
       1198     10.370    15.8614    15.8408   3.332919   3.338115     2.1113     2.1032     0.0038  0.1151783     10.273    25.8461    25.9041     4.4183     3.9012 -9.990e-29
       1199     10.357    15.8643    15.8404   3.332640   3.337608     2.1099     2.1020     0.0038  0.1152426     10.260    25.8418    25.9000     4.4182     3.9017 -9.990e-29
       1200     10.342    15.8670    15.8402   3.332328   3.337123     2.1086     2.1008     0.0038  0.1153034     10.245    25.8374    25.8960     4.4184     3.9021 -9.990e-29
       1201     10.327    15.8696    15.8402   3.331977   3.336666     2.1073     2.0996     0.0038  0.1153611     10.230    25.8327    25.8920     4.4185     3.9025 -9.990e-29
       1202     10.312    15.8718    15.8404   3.331578   3.336244     2.1060     2.0985     0.0038  0.1154161     10.215    25.8278    25.8883     4.4186     3.9030 -9.990e-29
       1203     10.296    15.8739    15.8408   3.331122   3.335863     2.1048     2.0974     0.0038  0.1154689     10.199    25.8225    25.8848     4.4190     3.9033 -9.990e-29
       1204     10.280    15.8757    15.8414   3.330604   3.335525     2.1036     2.0964     0.0038  0.1155196     10.184    25.8169    25.8815     4.4193     3.9039 -9.990e-29
       1205     10.263    15.8774    15.8422   3.330025   3.335220     2.1025     2.0954     0.0038  0.1155688     10.167    25.8109    25.8783     4.4199     3.9043 -9.990e-29
       1206     10.246    15.8791    15.8430   3.329384   3.334926     2.1014     2.0943     0.0038  0.1156168     10.150    25.8043    25.8753     4.4204     3.9044 -9.990e-29
       1207     10.229    15.8808    15.8438   3.328683   3.334618     2.1003     2.0934     0.0038  0.1156638     10.133    25.7972    25.8721     4.4208     3.9050 -9.990e-29
       1208     10.211    15.8824    15.8444   3.327926   3.334281     2.0992     2.0924     0.0038  0.1157103     10.115    25.7896    25.8689     4.4211     3.9052 -9.990e-29
       1209     10.193    15.8841    15.8450   3.327119   3.333908     2.0982     2.0915     0.0038  0.1157565     10.097    25.7816    25.8653     4.4218     3.9057 -9.990e-29
       1210     10.175    15.8858    15.8456   3.326269   3.333502     2.0971     2.0906     0.0038  0.1158028     10.080    25.7732    25.8614     4.4220     3.9061 -9.990e-29
       1211     10.156    15.8876    15.8462   3.325387   3.333066     2.0961     2.0897     0.0038  0.1158495     10.061    25.7645    25.8573     4.4224     3.9064 -9.990e-29
       1212     10.138    15.8894    15.8469   3.324490   3.332605     2.0951     2.0888     0.0040  0.1158977     10.043    25.7557    25.8529     4.4228     3.9066 -9.990e-29
       1213     10.118    15.8912    15.8476   3.323586   3.332132     2.0942     2.0880     0.0040  0.1159486     10.023    25.7468    25.8484     4.4233     3.9071 -9.990e-29
       1214     10.099    15.8930    15.8484   3.322672   3.331659     2.0933     2.0872     0.0040  0.1160027     10.004    25.7378    25.8438     4.4239     3.9075 -9.990e-29
       1215     10.079    15.8950    15.8495   3.321737   3.331199     2.0924     2.0864     0.0040  0.1160603      9.985    25.7285    25.8391     4.4243     3.9079 -9.990e-29
       1216     10.059    15.8970    15.8508   3.320764   3.330752     2.0915     2.0856     0.0040  0.1161217      9.965    25.7189    25.8345     4.4246     3.9082 -9.990e-29
       1217     10.039    15.8990    15.8524   3.319746   3.330306     2.0906     2.0848     0.0040  0.1161874      9.945    25.7088    25.8296     4.4249     3.9084 -9.990e-29
       1218     10.018    15.9010    15.8542   3.318692   3.329840     2.0898     2.0841     0.0040  0.1162570      9.924    25.6985    25.8244     4.4254     3.9089 -9.990e-29
       1219      9.997    15.9028    15.8561   3.317620   3.329332     2.0890     2.0834     0.0040  0.1163302      9.903    25.6882    25.8188     4.4258     3.9093 -9.990e-29
       1220      9.976    15.9043    15.8582   3.316537   3.328760     2.0882     2.0827     0.0040  0.1164074      9.883    25.6780    25.8126     4.4262     3.9097 -9.990e-29
       1221      9.954    15.9057    15.8605   3.315430   3.328106     2.0874     2.0820     0.0040  0.1164892      9.861    25.6676    25.8055     4.4266     3.9100 -9.990e-29
       1222      9.933    15.9069    15.8628   3.314275   3.327356     2.0866     2.0813     0.0040  0.1165762      9.840    25.6569    25.7976     4.4269     3.9104 -9.990e-29
       1223      9.911    15.9080    15.8652   3.313038   3.326491     2.0859     2.0807     0.0040  0.1166690      9.818    25.6456    25.7886     4.4274     3.9110 -9.990e-29
       1224      9.889    15.9091    15.8677   3.311692   3.325497     2.0852     2.0801     0.0040  0.1167681      9.796    25.6334    25.7785     4.4280     3.9117 -9.990e-29
       1225      9.867    15.9100    15.8702   3.310217   3.324361     2.0845     2.0795     0.0040  0.1168744      9.775    25.6202    25.7671     4.4285     3.9123 -9.990e-29
       1226      9.845    15.9109    15.8728   3.308601   3.323076     2.0838     2.0789     0.0040  0.1169885      9.753    25.6058    25.7544     4.4290     3.9130 -9.990e-29
       1227      9.823    15.9116    15.8756   3.306834   3.321638     2.0832     2.0783     0.0040  0.1171113      9.731    25.5902    25.7403     4.4297     3.9136 -9.990e-29
       1228      9.801    15.9124    15.8786   3.304903   3.320042     2.0825     2.0778     0.0040  0.1172435      9.709    25.5732    25.7247     4.4302     3.9145 -9.990e-29
       1229      9.778    15.9131    15.8818   3.302791   3.318283     2.0819     2.0772     0.0040  0.1173861      9.686    25.5547    25.7075     4.4310     3.9152 -9.990e-29
       1230      9.755    15.9138    15.8852   3.300491   3.316358     2.0812     2.0767     0.0040  0.1175401      9.664    25.5346    25.6888     4.4316     3.9161 -9.990e-29
       1231      9.732    15.9144    15.8887   3.298007   3.314270     2.0806     2.0762     0.0040  0.1177067      9.641    25.5130    25.6687     4.4325     3.9171 -9.990e-29
       1232      9.709    15.9148    15.8922   3.295350   3.312024     2.0800     2.0758     0.0040  0.1178868      9.618    25.4900    25.6472     4.4334     3.9184 -9.990e-29
       1233      9.686    15.9150    15.8957   3.292526   3.309627     2.0795     2.0753     0.0040  0.1180818      9.595    25.4657    25.6244     4.4346     3.9194 -9.990e-29
       1234      9.663    15.9147    15.8991   3.289541   3.307083     2.0789     2.0749     0.0040  0.1182931      9.572    25.4404    25.6005     4.4357     3.9207 -9.990e-29
       1235      9.640    15.9139    15.9022   3.286396   3.304404     2.0783     2.0745     0.0040  0.1185221      9.550    25.4140    25.5756     4.4367     3.9220 -9.990e-29
       1236      9.617    15.9125    15.9050   3.283090   3.301607     2.0778     2.0741     0.0040  0.1187695      9.527    25.3866    25.5498     4.4382     3.9235 -9.990e-29
       1237      9.593    15.9103    15.9073   3.279614   3.298711     2.0772     2.0737     0.0040  0.1190294      9.503    25.3583    25.5236     4.4395     3.9249 -9.990e-29
       1238      9.570    15.9074    15.9091   3.275962   3.295731     2.0767     2.0734     0.0040  0.1192884      9.480    25.3290    25.4969     4.4412     3.9267 -9.990e-29
       1239      9.546    15.9036    15.9102   3.272133   3.292672     2.0762     2.0731     0.0040  0.1195373      9.457    25.2987    25.4701     4.4430     3.9286 -9.990e-29
       1240      9.523    15.8992    15.9108   3.268137   3.289536     2.0757     2.0728     0.0040  0.1197759      9.434    25.2673    25.4429     4.4449     3.9305 -9.990e-29
       1241      9.499    15.8939    15.9106   3.263987   3.286322     2.0752     2.0725     0.0040  0.1200078      9.410    25.2353    25.4155     4.4470     3.9325 -9.990e-29
       1242      9.475    15.8879    15.9098   3.259677   3.283026     2.0747     2.0722     0.0040  0.1202353      9.386    25.2022    25.3879     4.4492     3.9345 -9.990e-29
       1243      9.452    15.8810    15.9084   3.255184   3.279627     2.0743     2.0720     0.0040  0.1204601      9.363    25.1682    25.3597     4.4518     3.9369 -9.990e-29
       1244      9.428    15.8735    15.9062   3.250512   3.276113     2.0738     2.0717     0.0040  0.1206836      9.340    25.1331    25.3311     4.4543     3.9392 -9.990e-29
       1245      9.404    15.8656    15.9036   3.245724   3.272509     2.0734     2.0715     0.0040  0.1209076      9.316    25.0971    25.3019     4.4572     3.9418 -9.990e-29
       1246      9.380    15.8575    15.9007   3.240924   3.268880     2.0730     2.0714     0.0040  0.1211334      9.292    25.0612    25.2728     4.4602     3.9446 -9.990e-29
       1247      9.356    15.8495    15.8976   3.236193   3.265297     2.0726     2.0712     0.0040  0.1213628      9.268    25.0259    25.2441     4.4632     3.9473 -9.990e-29
       1248      9.332    15.8414    15.8945   3.231562   3.261819     2.0722     2.0711     0.0040  0.1215964      9.245    24.9914    25.2164     4.4663     3.9502 -9.990e-29
       1249      9.308    15.8335    15.8914   3.227037   3.258486     2.0718     2.0710     0.0040  0.1218341      9.221    24.9577    25.1899     4.4694     3.9532 -9.990e-29
       1250      9.285    15.8257    15.8885   3.222617   3.255322     2.0715     2.0709     0.0040  0.1220777      9.198    24.9249    25.1647     4.4729     3.9561 -9.990e-29
       1251      9.261    15.8179    15.8856   3.218300   3.252320     2.0712     2.0708     0.0040  0.1223305      9.174    24.8929    25.1409     4.4765     3.9591 -9.990e-29
       1252      9.237    15.8101    15.8827   3.214056   3.249430     2.0709     2.0707     0.0040  0.1225951      9.150    24.8615    25.1181     4.4802     3.9622 -9.990e-29
       1253      9.213    15.8020    15.8795   3.209837   3.246580     2.0706     2.0707     0.0040  0.1228734      9.127    24.8305    25.0957     4.4840     3.9655 -9.990e-29
       1254      9.190    15.7938    15.8761   3.205609   3.243722     2.0704     2.0706     0.0040  0.1231672      9.104    24.7995    25.0735     4.4882     3.9688 -9.990e-29
       1255      9.166    15.7856    15.8725   3.201385   3.240829     2.0702     2.0707     0.0040  0.1234787      9.080    24.7686    25.0510     4.4926     3.9726 -9.990e-29
       1256      9.142    15.7774    15.8686   3.197219   3.237890     2.0700     2.0707     0.0040  0.1238101      9.056    24.7381    25.0284     4.4970     3.9763 -9.990e-29
       1257      9.118    15.7694    15.8644   3.193147   3.234900     2.0698     2.0707     0.0040  0.1241626      9.033    24.7083    25.0055     4.5016     3.9801 -9.990e-29
       1258      9.094    15.7613    15.8601   3.189178   3.231875     2.0696     2.0708     0.0040  0.1245381      9.009    24.6794    24.9824     4.5064     3.9843 -9.990e-29
       1259      9.070    15.7533    15.8556   3.185297   3.228843     2.0695     2.0709     0.0040  0.1249399      8.985    24.6512    24.9593     4.5116     3.9887 -9.990e-29
       1260      9.047    15.7453    15.8510   3.181479   3.225824     2.0694     2.0711     0.0040  0.1253716      8.962    24.6235    24.9364     4.5169     3.9934 -9.990e-29
       1261      9.023    15.7372    15.8462   3.177700   3.222825     2.0694     2.0712     0.0040  0.1258363      8.938    24.5963    24.9138     4.5227     3.9981 -9.990e-29
       1262      8.999    15.7291    15.8412   3.173948   3.219833     2.0694     2.0714     0.0040  0.1263279      8.915    24.5692    24.8914     4.5287     4.0031 -9.990e-29
       1263      8.975    15.7211    15.8357   3.170236   3.216821     2.0694     2.0716     0.0040  0.1268218      8.891    24.5425    24.8692     4.5349     4.0084 -9.990e-29
       1264      8.951    15.7133    15.8299   3.166592   3.213754     2.0694     2.0719     0.0040  0.1272907      8.867    24.5161    24.8466     4.5412     4.0141 -9.990e-29
       1265      8.927    15.7056    15.8236   3.163043   3.210596     2.0695     2.0721     0.0040  0.1277245      8.843    24.4906    24.8236     4.5480     4.0197 -9.990e-29
