code/data/2021/ctd_data_day1/Station 3 210921_ctm_fil_le.cnv
* Sea-Bird SBE 9 Data File:
* FileName = C:\Users\CTD-User\Desktop\MAR440\Station 3 210921.hex
* Software Version Seasave V 7.26.2.13
* Temperature SN = 6313
* Conductivity SN = 4758
* Number of Bytes Per Scan = 30
* Number of Voltage Words = 4
* Number of Scans Averaged by the Deck Unit = 1
* NMEA baud rate = 4800
** Ship:
** Station:
** Operator:
# nquan = 11
# nvalues = 5414                        
# units = specified
# name 0 = scan: Scan Count
# name 1 = prDM: Pressure, Digiquartz [db]
# name 2 = t090C: Temperature [ITS-90, deg C]
# name 3 = t190C: Temperature, 2 [ITS-90, deg C]
# name 4 = c0S/m: Conductivity [S/m]
# name 5 = c1S/m: Conductivity, 2 [S/m]
# name 6 = sbeox0V: Oxygen raw, SBE 43 [V]
# name 7 = sbeox1V: Oxygen raw, SBE 43, 2 [V]
# name 8 = flECO-AFL: Fluorescence, WET Labs ECO-AFL/FL [mg/m^3]
# name 9 = upoly0: Upoly 0, Turbidity
# name 10 = flag:  0.000e+00
# span 0 =          1,       5414       
# span 1 =      1.557,     20.473       
# span 2 =     8.0027,    16.1522       
# span 3 =     8.0029,    16.1543       
# span 4 =   2.929389,   3.478761       
# span 5 =   2.988908,   3.479888       
# span 6 =     0.4661,     2.8108       
# span 7 =     0.5272,     2.6596       
# span 8 =     0.0033,     0.0092       
# span 9 =  0.0887572,  0.1879272       
# span 10 = 0.0000e+00, 0.0000e+00      
# interval = seconds: 0.0416667
# start_time = Sep 21 2021 09:31:52 [System UTC, header]
# bad_flag = -9.990e-29
*END*
[from data line 3804]
       3805     19.929     8.7046     8.4333   3.271677   3.259931     0.5106     0.5806     0.0070  0.1374496 -9.990e-29
       3806     19.929     8.7026     8.4330   3.271785   3.259931     0.5106     0.5806     0.0070  0.1373816 -9.990e-29
       3807     19.929     8.7006     8.4329   3.271884   3.259938     0.5105     0.5805     0.0070  0.1373147 -9.990e-29
       3808     19.929     8.6985     8.4329   3.271975   3.259950     0.5105     0.5805     0.0070  0.1372483 -9.990e-29
       3809     19.929     8.6966     8.4331   3.272060   3.259968     0.5105     0.5804     0.0070  0.1371829 -9.990e-29
       3810     19.929     8.6952     8.4333   3.272141   3.259990     0.5104     0.5804     0.0070  0.1371187 -9.990e-29
       3811     19.928     8.6943     8.4337   3.272218   3.260016     0.5104     0.5804     0.0070  0.1370546 -9.990e-29
       3812     19.928     8.6941     8.4342   3.272293   3.260046     0.5104     0.5803     0.0070  0.1369892 -9.990e-29
       3813     19.928     8.6946     8.4348   3.272366   3.260079     0.5103     0.5803     0.0070  0.1369221 -9.990e-29
       3814     19.928     8.6959     8.4354   3.272437   3.260113     0.5103     0.5802     0.0070  0.1368537 -9.990e-29
       3815     19.927     8.6977     8.4361   3.272505   3.260149     0.5103     0.5802     0.0070  0.1367843 -9.990e-29
       3816     19.927     8.6999     8.4367   3.272570   3.260184     0.5102     0.5801     0.0070  0.1367134 -9.990e-29
       3817     19.927     8.7021     8.4372   3.272631   3.260220     0.5102     0.5801     0.0070  0.1366406 -9.990e-29
       3818     19.927     8.7041     8.4377   3.272688   3.260256     0.5102     0.5800     0.0070  0.1365645 -9.990e-29
       3819     19.927     8.7061     8.4382   3.272741   3.260292     0.5101     0.5800     0.0070  0.1364838 -9.990e-29
       3820     19.926     8.7080     8.4387   3.272790   3.260329     0.5101     0.5800     0.0070  0.1363977 -9.990e-29
       3821     19.926     8.7099     8.4393   3.272835   3.260365     0.5101     0.5799     0.0070  0.1363059 -9.990e-29
       3822     19.926     8.7116     8.4402   3.272875   3.260403     0.5101     0.5799     0.0070  0.1362084 -9.990e-29
       3823     19.926     8.7132     8.4413   3.272907   3.260442     0.5100     0.5799     0.0070  0.1361063 -9.990e-29
       3824     19.926     8.7145     8.4426   3.272931   3.260483     0.5100     0.5798     0.0068  0.1360006 -9.990e-29
       3825     19.925     8.7155     8.4441   3.272944   3.260526     0.5100     0.5798     0.0066  0.1358956 -9.990e-29
       3826     19.925     8.7162     8.4457   3.272944   3.260570     0.5100     0.5798     0.0066  0.1357983 -9.990e-29
       3827     19.925     8.7163     8.4472   3.272932   3.260617     0.5099     0.5797     0.0066  0.1357114 -9.990e-29
       3828     19.925     8.7159     8.4486   3.272906   3.260666     0.5099     0.5797     0.0066  0.1356343 -9.990e-29
       3829     19.925     8.7151     8.4499   3.272867   3.260719     0.5099     0.5797     0.0066  0.1355663 -9.990e-29
       3830     19.925     8.7141     8.4511   3.272818   3.260775     0.5099     0.5796     0.0066  0.1355072 -9.990e-29
       3831     19.925     8.7131     8.4523   3.272761   3.260836     0.5099     0.5796     0.0066  0.1354564 -9.990e-29
       3832     19.925     8.7125     8.4535   3.272700   3.260901     0.5099     0.5796     0.0066  0.1354136 -9.990e-29
       3833     19.925     8.7122     8.4547   3.272636   3.260969     0.5098     0.5795     0.0066  0.1353785 -9.990e-29
       3834     19.925     8.7121     8.4560   3.272566   3.261041     0.5098     0.5795     0.0066  0.1353508 -9.990e-29
       3835     19.925     8.7119     8.4573   3.272490   3.261116     0.5098     0.5794     0.0066  0.1353305 -9.990e-29
       3836     19.925     8.7114     8.4587   3.272406   3.261195     0.5098     0.5794     0.0066  0.1353172 -9.990e-29
       3837     19.925     8.7104     8.4601   3.272311   3.261277     0.5098     0.5793     0.0066  0.1353110 -9.990e-29
       3838     19.925     8.7090     8.4616   3.272207   3.261363     0.5098     0.5793     0.0066  0.1353117 -9.990e-29
       3839     19.925     8.7071     8.4632   3.272092   3.261454     0.5098     0.5792     0.0066  0.1353195 -9.990e-29
       3840     19.925     8.7048     8.4649   3.271966   3.261549     0.5098     0.5792     0.0066  0.1353343 -9.990e-29
       3841     19.924     8.7020     8.4665   3.271828   3.261646     0.5098     0.5791     0.0066  0.1353563 -9.990e-29
       3842     19.924     8.6988     8.4682   3.271677   3.261746     0.5098     0.5791     0.0066  0.1353855 -9.990e-29
       3843     19.924     8.6950     8.4698   3.271512   3.261847     0.5098     0.5790     0.0066  0.1354223 -9.990e-29
       3844     19.924     8.6906     8.4713   3.271331   3.261947     0.5098     0.5790     0.0066  0.1354668 -9.990e-29
       3845     19.924     8.6855     8.4729   3.271135   3.262046     0.5098     0.5789     0.0066  0.1355194 -9.990e-29
       3846     19.924     8.6797     8.4745   3.270924   3.262145     0.5098     0.5789     0.0066  0.1355804 -9.990e-29
       3847     19.924     8.6733     8.4763   3.270700   3.262243     0.5098     0.5788     0.0066  0.1356503 -9.990e-29
       3848     19.924     8.6664     8.4781   3.270467   3.262339     0.5098     0.5788     0.0066  0.1357296 -9.990e-29
       3849     19.924     8.6594     8.4800   3.270225   3.262434     0.5098     0.5788     0.0066  0.1358187 -9.990e-29
       3850     19.925     8.6524     8.4820   3.269978   3.262527     0.5098     0.5787     0.0066  0.1359167 -9.990e-29
       3851     19.925     8.6457     8.4839   3.269728   3.262618     0.5099     0.5787     0.0066  0.1360191 -9.990e-29
       3852     19.925     8.6393     8.4860   3.269480   3.262705     0.5099     0.5786     0.0066  0.1361215 -9.990e-29
       3853     19.925     8.6333     8.4882   3.269234   3.262790     0.5099     0.5786     0.0066  0.1362229 -9.990e-29
       3854     19.925     8.6277     8.4908   3.268994   3.262874     0.5099     0.5786     0.0066  0.1363241 -9.990e-29
       3855     19.924     8.6222     8.4937   3.268757   3.262960     0.5099     0.5785     0.0066  0.1364257 -9.990e-29
       3856     19.924     8.6169     8.4971   3.268525   3.263050     0.5099     0.5785     0.0066  0.1365284 -9.990e-29
       3857     19.924     8.6116     8.5011   3.268297   3.263146     0.5099     0.5785     0.0066  0.1366331 -9.990e-29
       3858     19.924     8.6065     8.5054   3.268072   3.263248     0.5099     0.5784     0.0066  0.1367403 -9.990e-29
       3859     19.924     8.6017     8.5098   3.267852   3.263356     0.5099     0.5784     0.0066  0.1368509 -9.990e-29
       3860     19.925     8.5970     8.5141   3.267638   3.263468     0.5099     0.5784     0.0066  0.1369655 -9.990e-29
       3861     19.925     8.5926     8.5182   3.267431   3.263585     0.5099     0.5783     0.0066  0.1370851 -9.990e-29
       3862     19.925     8.5882     8.5221   3.267230   3.263706     0.5100     0.5783     0.0066  0.1372104 -9.990e-29
       3863     19.925     8.5837     8.5258   3.267035   3.263830     0.5100     0.5782     0.0066  0.1373424 -9.990e-29
       3864     19.925     8.5790     8.5294   3.266845   3.263960     0.5100     0.5782     0.0066  0.1374818 -9.990e-29
       3865     19.925     8.5742     8.5330   3.266662   3.264097     0.5100     0.5782     0.0066  0.1376298 -9.990e-29
       3866     19.925     8.5692     8.5367   3.266485   3.264243     0.5100     0.5781     0.0066  0.1377873 -9.990e-29
       3867     19.925     8.5641     8.5407   3.266311   3.264399     0.5100     0.5781     0.0066  0.1379554 -9.990e-29
       3868     19.925     8.5589     8.5451   3.266140   3.264566     0.5100     0.5780     0.0066  0.1381353 -9.990e-29
       3869     19.925     8.5536     8.5496   3.265968   3.264743     0.5101     0.5780     0.0066  0.1383283 -9.990e-29
       3870     19.925     8.5483     8.5544   3.265797   3.264931     0.5101     0.5780     0.0066  0.1385356 -9.990e-29
       3871     19.926     8.5430     8.5594   3.265625   3.265131     0.5101     0.5779     0.0066  0.1387588 -9.990e-29
       3872     19.926     8.5378     8.5647   3.265453   3.265339     0.5101     0.5779     0.0066  0.1389994 -9.990e-29
       3873     19.926     8.5327     8.5701   3.265277   3.265553     0.5101     0.5778     0.0066  0.1392590 -9.990e-29
       3874     19.926     8.5275     8.5756   3.265097   3.265767     0.5102     0.5778     0.0066  0.1395394 -9.990e-29
       3875     19.926     8.5224     8.5814   3.264914   3.265980     0.5102     0.5778     0.0068  0.1398385 -9.990e-29
       3876     19.926     8.5173     8.5876   3.264729   3.266187     0.5102     0.5777     0.0071  0.1401429 -9.990e-29
       3877     19.926     8.5122     8.5940   3.264542   3.266389     0.5102     0.5777     0.0073  0.1404343 -9.990e-29
       3878     19.927     8.5072     8.6008   3.264352   3.266587     0.5102     0.5777     0.0073  0.1407039 -9.990e-29
       3879     19.927     8.5021     8.6078   3.264160   3.266779     0.5103     0.5776     0.0073  0.1409526 -9.990e-29
       3880     19.927     8.4970     8.6148   3.263969   3.266968     0.5103     0.5776     0.0073  0.1411829 -9.990e-29
       3881     19.927     8.4921     8.6216   3.263781   3.267153     0.5103     0.5776     0.0073  0.1413965 -9.990e-29
       3882     19.927     8.4875     8.6282   3.263596   3.267335     0.5103     0.5776     0.0073  0.1415949 -9.990e-29
       3883     19.927     8.4834     8.6344   3.263416   3.267515     0.5103     0.5775     0.0073  0.1417794 -9.990e-29
       3884     19.928     8.4800     8.6401   3.263243   3.267693     0.5104     0.5775     0.0073  0.1419514 -9.990e-29
       3885     19.928     8.4771     8.6454   3.263077   3.267872     0.5104     0.5775     0.0073  0.1421120 -9.990e-29
       3886     19.928     8.4746     8.6503   3.262918   3.268049     0.5104     0.5775     0.0073  0.1422624 -9.990e-29
       3887     19.929     8.4721     8.6546   3.262764   3.268224     0.5104     0.5775     0.0073  0.1424035 -9.990e-29
       3888     19.929     8.4695     8.6584   3.262614   3.268395     0.5104     0.5774     0.0073  0.1425364 -9.990e-29
       3889     19.929     8.4667     8.6616   3.262468   3.268559     0.5104     0.5774     0.0073  0.1426620 -9.990e-29
       3890     19.929     8.4636     8.6642   3.262323   3.268717     0.5104     0.5774     0.0073  0.1427812 -9.990e-29
       3891     19.929     8.4602     8.6663   3.262180   3.268869     0.5104     0.5774     0.0073  0.1428948 -9.990e-29
       3892     19.930     8.4565     8.6678   3.262040   3.269015     0.5105     0.5774     0.0073  0.1430035 -9.990e-29
       3893     19.930     8.4526     8.6691   3.261902   3.269157     0.5105     0.5774     0.0073  0.1431082 -9.990e-29
       3894     19.930     8.4486     8.6702   3.261768   3.269295     0.5105     0.5774     0.0073  0.1432096 -9.990e-29
       3895     19.930     8.4444     8.6712   3.261638   3.269430     0.5105     0.5774     0.0073  0.1433084 -9.990e-29
       3896     19.930     8.4400     8.6723   3.261512   3.269562     0.5105     0.5774     0.0073  0.1434052 -9.990e-29
       3897     19.930     8.4354     8.6736   3.261391   3.269691     0.5105     0.5774     0.0073  0.1435008 -9.990e-29
       3898     19.930     8.4307     8.6751   3.261275   3.269817     0.5105     0.5774     0.0073  0.1435958 -9.990e-29
       3899     19.930     8.4262     8.6769   3.261167   3.269941     0.5105     0.5774     0.0073  0.1436909 -9.990e-29
       3900     19.930     8.4222     8.6790   3.261069   3.270062     0.5105     0.5774     0.0073  0.1437866 -9.990e-29
       3901     19.931     8.4190     8.6811   3.260982   3.270181     0.5105     0.5774     0.0071  0.1438821 -9.990e-29
       3902     19.931     8.4166     8.6834   3.260906   3.270300     0.5105     0.5774     0.0071  0.1439737 -9.990e-29
       3903     19.931     8.4149     8.6857   3.260842   3.270420     0.5105     0.5774     0.0071  0.1440587 -9.990e-29
       3904     19.931     8.4141     8.6881   3.260790   3.270540     0.5105     0.5774     0.0071  0.1441367 -9.990e-29
       3905     19.931     8.4140     8.6905   3.260748   3.270662     0.5105     0.5774     0.0071  0.1442084 -9.990e-29
       3906     19.931     8.4145     8.6930   3.260718   3.270786     0.5105     0.5774     0.0071  0.1442751 -9.990e-29
       3907     19.931     8.4156     8.6954   3.260700   3.270912     0.5105     0.5774     0.0071  0.1443380 -9.990e-29
       3908     19.931     8.4171     8.6979   3.260692   3.271039     0.5104     0.5774     0.0071  0.1443969 -9.990e-29
       3909     19.931     8.4191     8.7000   3.260697   3.271164     0.5104     0.5774     0.0071  0.1444512 -9.990e-29
       3910     19.931     8.4215     8.7016   3.260713   3.271282     0.5104     0.5774     0.0071  0.1445013 -9.990e-29
       3911     19.932     8.4241     8.7025   3.260739   3.271392     0.5104     0.5774     0.0071  0.1445476 -9.990e-29
       3912     19.932     8.4269     8.7025   3.260775   3.271488     0.5104     0.5774     0.0071  0.1445904 -9.990e-29
       3913     19.932     8.4297     8.7017   3.260819   3.271568     0.5104     0.5775     0.0071  0.1446300 -9.990e-29
       3914     19.932     8.4327     8.7000   3.260872   3.271631     0.5103     0.5775     0.0071  0.1446666 -9.990e-29
       3915     19.932     8.4356     8.6974   3.260933   3.271678     0.5103     0.5775     0.0071  0.1447006 -9.990e-29
       3916     19.932     8.4385     8.6942   3.261001   3.271709     0.5103     0.5775     0.0071  0.1447322 -9.990e-29
       3917     19.932     8.4414     8.6905   3.261075   3.271726     0.5102     0.5775     0.0071  0.1447615 -9.990e-29
       3918     19.933     8.4442     8.6864   3.261154   3.271730     0.5102     0.5775     0.0071  0.1447888 -9.990e-29
       3919     19.933     8.4468     8.6822   3.261238   3.271722     0.5102     0.5775     0.0071  0.1448143 -9.990e-29
       3920     19.933     8.4494     8.6779   3.261325   3.271701     0.5101     0.5775     0.0071  0.1448381 -9.990e-29
       3921     19.933     8.4520     8.6736   3.261413   3.271667     0.5101     0.5775     0.0071  0.1448605 -9.990e-29
       3922     19.933     8.4545     8.6694   3.261501   3.271620     0.5101     0.5775     0.0071  0.1448815 -9.990e-29
       3923     19.933     8.4570     8.6652   3.261588   3.271561     0.5100     0.5775     0.0071  0.1449013 -9.990e-29
       3924     19.933     8.4595     8.6611   3.261674   3.271489     0.5100     0.5775     0.0071  0.1449201 -9.990e-29
       3925     19.933     8.4621     8.6572   3.261757   3.271407     0.5099     0.5775     0.0071  0.1449380 -9.990e-29
       3926     19.933     8.4647     8.6533   3.261838   3.271314     0.5099     0.5775     0.0071  0.1449551 -9.990e-29
       3927     19.933     8.4673     8.6495   3.261916   3.271211     0.5099     0.5776     0.0075  0.1449715 -9.990e-29
       3928     19.933     8.4699     8.6457   3.261990   3.271101     0.5098     0.5776     0.0077  0.1449874 -9.990e-29
       3929     19.934     8.4725     8.6418   3.262061   3.270985     0.5098     0.5776     0.0077  0.1450028 -9.990e-29
       3930     19.934     8.4747     8.6379   3.262128   3.270863     0.5097     0.5776     0.0077  0.1450179 -9.990e-29
       3931     19.934     8.4765     8.6340   3.262191   3.270737     0.5097     0.5776     0.0075  0.1450328 -9.990e-29
       3932     19.934     8.4777     8.6299   3.262251   3.270608     0.5096     0.5776     0.0075  0.1450475 -9.990e-29
       3933     19.934     8.4783     8.6258   3.262306   3.270476     0.5096     0.5777     0.0075  0.1450622 -9.990e-29
       3934     19.934     8.4787     8.6216   3.262355   3.270344     0.5095     0.5777     0.0077  0.1450770 -9.990e-29
