code/data/2021/ctd_data_day1/Station 4ex 210921_ctm_fil.cnv
* Sea-Bird SBE 9 Data File:
* FileName = C:\Users\CTD-User\Desktop\MAR440\Station 4ex 210921.hex
* Software Version Seasave V 7.26.2.13
* Temperature SN = 6313
* Conductivity SN = 4758
* Number of Bytes Per Scan = 30
* Number of Voltage Words = 4
* Number of Scans Averaged by the Deck Unit = 1
* NMEA baud rate = 4800
** Ship:
** Station:
** Operator:
# nquan = 11
# nvalues = 6123                        
# units = specified
# name 0 = scan: Scan Count
# name 1 = prDM: Pressure, Digiquartz [db]
# name 2 = t090C: Temperature [ITS-90, deg C]
# name 3 = t190C: Temperature, 2 [ITS-90, deg C]
# name 4 = c0S/m: Conductivity [S/m]
# name 5 = c1S/m: Conductivity, 2 [S/m]
# name 6 = sbeox0V: Oxygen raw, SBE 43 [V]
# name 7 = sbeox1V: Oxygen raw, SBE 43, 2 [V]
# name 8 = flECO-AFL: Fluorescence, WET Labs ECO-AFL/FL [mg/m^3]
# name 9 = upoly0: Upoly 0, Turbidity
# name 10 = flag:  0.000e+00
# span 0 =          1,       6123       
# span 1 =      0.319,     43.468       
# span 2 =     7.9826,    16.0004       
# span 3 =     7.9840,    15.8854       
# span 4 =  -0.000377,   3.472125       
# span 5 =   0.283373,   3.472588       
# span 6 =     0.4705,     3.1926       
# span 7 =     0.5358,     3.0371       
# span 8 =     0.0033,     0.0524       
# span 9 =  0.0805253,  0.2126995       
# span 10 = 0.0000e+00, 0.0000e+00      
# interval = seconds: 0.0416667
# start_time = Sep 21 2021 12:21:52 [System UTC, header]
# bad_flag = -9.990e-29
*END*
[from data line 4853]
       4854     26.774     8.4649     8.4670   3.356283   3.357447     0.5176     0.5789     0.0092  0.1139751 0.0000e+00
       4855     26.796     8.4662     8.4683   3.356586   3.357746     0.5174     0.5788     0.0092  0.1139184 0.0000e+00
       4856     26.818     8.4674     8.4695   3.356884   3.358039     0.5172     0.5787     0.0092  0.1138625 0.0000e+00
       4857     26.839     8.4686     8.4707   3.357180   3.358330     0.5170     0.5786     0.0092  0.1138071 0.0000e+00
       4858     26.861     8.4699     8.4719   3.357472   3.358618     0.5168     0.5785     0.0092  0.1137518 0.0000e+00
       4859     26.882     8.4711     8.4730   3.357762   3.358904     0.5166     0.5784     0.0090  0.1136963 0.0000e+00
       4860     26.903     8.4722     8.4742   3.358049   3.359188     0.5164     0.5783     0.0092  0.1136400 0.0000e+00
       4861     26.925     8.4734     8.4754   3.358334   3.359470     0.5162     0.5782     0.0092  0.1135827 0.0000e+00
       4862     26.946     8.4746     8.4765   3.358617   3.359749     0.5161     0.5781     0.0092  0.1135239 0.0000e+00
       4863     26.967     8.4758     8.4777   3.358898   3.360027     0.5159     0.5780     0.0088  0.1134641 0.0000e+00
       4864     26.989     8.4769     8.4789   3.359178   3.360304     0.5157     0.5779     0.0084  0.1134054 0.0000e+00
       4865     27.010     8.4781     8.4800   3.359456   3.360580     0.5156     0.5778     0.0084  0.1133499 0.0000e+00
       4866     27.031     8.4793     8.4812   3.359733   3.360856     0.5154     0.5777     0.0084  0.1132982 0.0000e+00
       4867     27.052     8.4805     8.4824   3.360010   3.361132     0.5153     0.5776     0.0084  0.1132498 0.0000e+00
       4868     27.074     8.4817     8.4836   3.360288   3.361409     0.5151     0.5775     0.0084  0.1132044 0.0000e+00
       4869     27.095     8.4829     8.4848   3.360567   3.361688     0.5150     0.5774     0.0084  0.1131625 0.0000e+00
       4870     27.116     8.4841     8.4861   3.360846   3.361967     0.5148     0.5773     0.0084  0.1131248 0.0000e+00
       4871     27.137     8.4853     8.4873   3.361127   3.362248     0.5147     0.5772     0.0084  0.1130901 0.0000e+00
       4872     27.158     8.4866     8.4886   3.361410   3.362530     0.5145     0.5771     0.0084  0.1130572 0.0000e+00
       4873     27.180     8.4878     8.4898   3.361693   3.362814     0.5143     0.5770     0.0084  0.1130260 0.0000e+00
       4874     27.201     8.4891     8.4911   3.361979   3.363100     0.5142     0.5768     0.0084  0.1129963 0.0000e+00
       4875     27.222     8.4903     8.4924   3.362266   3.363388     0.5140     0.5767     0.0084  0.1129678 0.0000e+00
       4876     27.243     8.4916     8.4937   3.362556   3.363678     0.5139     0.5766     0.0084  0.1129404 0.0000e+00
       4877     27.264     8.4929     8.4950   3.362848   3.363971     0.5137     0.5765     0.0084  0.1129138 0.0000e+00
       4878     27.285     8.4942     8.4963   3.363144   3.364268     0.5136     0.5764     0.0084  0.1128880 0.0000e+00
       4879     27.306     8.4955     8.4977   3.363443   3.364568     0.5134     0.5763     0.0084  0.1128626 0.0000e+00
       4880     27.326     8.4968     8.4990   3.363746   3.364872     0.5133     0.5762     0.0084  0.1128375 0.0000e+00
       4881     27.347     8.4982     8.5004   3.364052   3.365181     0.5131     0.5761     0.0084  0.1128126 0.0000e+00
       4882     27.368     8.4996     8.5018   3.364361   3.365493     0.5130     0.5760     0.0084  0.1127876 0.0000e+00
       4883     27.389     8.5009     8.5032   3.364673   3.365808     0.5128     0.5759     0.0082  0.1127624 0.0000e+00
       4884     27.410     8.5023     8.5046   3.364987   3.366126     0.5126     0.5759     0.0084  0.1127369 0.0000e+00
       4885     27.431     8.5037     8.5060   3.365303   3.366445     0.5125     0.5758     0.0084  0.1127108 0.0000e+00
       4886     27.452     8.5051     8.5074   3.365620   3.366765     0.5123     0.5757     0.0084  0.1126840 0.0000e+00
       4887     27.473     8.5065     8.5088   3.365937   3.367086     0.5122     0.5756     0.0084  0.1126562 0.0000e+00
       4888     27.494     8.5079     8.5102   3.366254   3.367405     0.5120     0.5755     0.0082  0.1126273 0.0000e+00
       4889     27.515     8.5092     8.5116   3.366569   3.367723     0.5119     0.5754     0.0081  0.1125980 0.0000e+00
       4890     27.535     8.5106     8.5129   3.366882   3.368037     0.5117     0.5753     0.0081  0.1125697 0.0000e+00
       4891     27.556     8.5119     8.5142   3.367191   3.368347     0.5116     0.5752     0.0081  0.1125430 0.0000e+00
       4892     27.577     8.5132     8.5155   3.367495   3.368652     0.5115     0.5751     0.0081  0.1125188 0.0000e+00
       4893     27.598     8.5145     8.5168   3.367795   3.368952     0.5113     0.5750     0.0081  0.1124975 0.0000e+00
       4894     27.618     8.5158     8.5180   3.368090   3.369245     0.5112     0.5749     0.0081  0.1124782 0.0000e+00
       4895     27.639     8.5170     8.5192   3.368380   3.369532     0.5110     0.5748     0.0081  0.1124600 0.0000e+00
       4896     27.660     8.5182     8.5204   3.368664   3.369814     0.5109     0.5748     0.0081  0.1124427 0.0000e+00
       4897     27.681     8.5194     8.5215   3.368942   3.370090     0.5108     0.5747     0.0081  0.1124262 0.0000e+00
       4898     27.702     8.5205     8.5227   3.369214   3.370361     0.5106     0.5746     0.0081  0.1124113 0.0000e+00
       4899     27.723     8.5216     8.5238   3.369481   3.370628     0.5105     0.5745     0.0081  0.1123986 0.0000e+00
       4900     27.743     8.5227     8.5249   3.369743   3.370889     0.5104     0.5744     0.0081  0.1123872 0.0000e+00
       4901     27.764     8.5238     8.5259   3.370001   3.371147     0.5102     0.5743     0.0081  0.1123763 0.0000e+00
       4902     27.785     8.5248     8.5270   3.370255   3.371400     0.5101     0.5742     0.0081  0.1123657 0.0000e+00
       4903     27.806     8.5259     8.5280   3.370506   3.371651     0.5100     0.5741     0.0081  0.1123562 0.0000e+00
       4904     27.827     8.5269     8.5291   3.370753   3.371899     0.5099     0.5740     0.0081  0.1123486 0.0000e+00
       4905     27.847     8.5279     8.5301   3.370996   3.372144     0.5097     0.5740     0.0081  0.1123419 0.0000e+00
       4906     27.868     8.5289     8.5311   3.371236   3.372386     0.5096     0.5739     0.0081  0.1123354 0.0000e+00
       4907     27.889     8.5299     8.5321   3.371474   3.372626     0.5095     0.5738     0.0081  0.1123289 0.0000e+00
       4908     27.910     8.5309     8.5331   3.371709   3.372863     0.5094     0.5737     0.0081  0.1123225 0.0000e+00
       4909     27.931     8.5319     8.5341   3.371941   3.373098     0.5092     0.5736     0.0081  0.1123160 0.0000e+00
       4910     27.951     8.5329     8.5350   3.372172   3.373329     0.5091     0.5736     0.0079  0.1123094 0.0000e+00
       4911     27.972     8.5338     8.5360   3.372400   3.373558     0.5089     0.5735     0.0081  0.1123026 0.0000e+00
       4912     27.993     8.5348     8.5369   3.372626   3.373783     0.5088     0.5734     0.0081  0.1122957 0.0000e+00
       4913     28.014     8.5357     8.5379   3.372850   3.374004     0.5087     0.5733     0.0081  0.1122894 0.0000e+00
       4914     28.035     8.5367     8.5388   3.373071   3.374221     0.5085     0.5732     0.0077  0.1122845 0.0000e+00
       4915     28.055     8.5376     8.5397   3.373289   3.374435     0.5084     0.5731     0.0075  0.1122802 0.0000e+00
       4916     28.076     8.5385     8.5406   3.373503   3.374646     0.5083     0.5730     0.0075  0.1122764 0.0000e+00
       4917     28.097     8.5394     8.5415   3.373715   3.374854     0.5081     0.5730     0.0075  0.1122739 0.0000e+00
       4918     28.118     8.5403     8.5424   3.373925   3.375059     0.5080     0.5729     0.0075  0.1122720 0.0000e+00
       4919     28.139     8.5412     8.5433   3.374133   3.375262     0.5079     0.5728     0.0075  0.1122696 0.0000e+00
       4920     28.160     8.5420     8.5441   3.374338   3.375463     0.5077     0.5727     0.0075  0.1122668 0.0000e+00
       4921     28.181     8.5429     8.5450   3.374543   3.375663     0.5076     0.5726     0.0075  0.1122635 0.0000e+00
       4922     28.202     8.5438     8.5459   3.374745   3.375862     0.5075     0.5725     0.0075  0.1122599 0.0000e+00
       4923     28.223     8.5447     8.5468   3.374947   3.376060     0.5074     0.5725     0.0075  0.1122557 0.0000e+00
       4924     28.244     8.5456     8.5477   3.375149   3.376258     0.5072     0.5724     0.0075  0.1122510 0.0000e+00
       4925     28.265     8.5464     8.5485   3.375350   3.376456     0.5071     0.5723     0.0075  0.1122458 0.0000e+00
       4926     28.286     8.5473     8.5494   3.375553   3.376655     0.5069     0.5722     0.0075  0.1122401 0.0000e+00
       4927     28.307     8.5482     8.5504   3.375757   3.376856     0.5068     0.5721     0.0075  0.1122337 0.0000e+00
       4928     28.329     8.5491     8.5513   3.375963   3.377059     0.5067     0.5721     0.0075  0.1122266 0.0000e+00
       4929     28.350     8.5501     8.5522   3.376172   3.377264     0.5065     0.5720     0.0075  0.1122189 0.0000e+00
       4930     28.371     8.5510     8.5532   3.376383   3.377473     0.5064     0.5719     0.0075  0.1122104 0.0000e+00
       4931     28.393     8.5520     8.5542   3.376598   3.377686     0.5063     0.5718     0.0075  0.1122010 0.0000e+00
       4932     28.414     8.5530     8.5552   3.376816   3.377903     0.5061     0.5717     0.0075  0.1121908 0.0000e+00
       4933     28.435     8.5540     8.5562   3.377036   3.378122     0.5060     0.5717     0.0075  0.1121796 0.0000e+00
       4934     28.456     8.5550     8.5572   3.377259   3.378345     0.5059     0.5716     0.0075  0.1121674 0.0000e+00
       4935     28.478     8.5560     8.5582   3.377484   3.378569     0.5057     0.5715     0.0075  0.1121541 0.0000e+00
       4936     28.499     8.5570     8.5593   3.377711   3.378796     0.5056     0.5715     0.0075  0.1121395 0.0000e+00
       4937     28.520     8.5580     8.5603   3.377939   3.379024     0.5055     0.5714     0.0075  0.1121236 0.0000e+00
       4938     28.542     8.5591     8.5614   3.378169   3.379254     0.5054     0.5713     0.0075  0.1121064 0.0000e+00
       4939     28.563     8.5601     8.5624   3.378401   3.379485     0.5053     0.5712     0.0075  0.1120875 0.0000e+00
       4940     28.585     8.5612     8.5635   3.378634   3.379718     0.5051     0.5712     0.0073  0.1120679 0.0000e+00
       4941     28.607     8.5622     8.5645   3.378869   3.379952     0.5050     0.5711     0.0073  0.1120489 0.0000e+00
       4942     28.628     8.5633     8.5656   3.379106   3.380188     0.5049     0.5710     0.0073  0.1120315 0.0000e+00
       4943     28.650     8.5644     8.5667   3.379345   3.380426     0.5048     0.5710     0.0073  0.1120153 0.0000e+00
       4944     28.672     8.5654     8.5678   3.379587   3.380668     0.5047     0.5709     0.0073  0.1120004 0.0000e+00
       4945     28.693     8.5665     8.5689   3.379832   3.380914     0.5046     0.5708     0.0073  0.1119866 0.0000e+00
       4946     28.715     8.5676     8.5700   3.380080   3.381164     0.5045     0.5707     0.0073  0.1119738 0.0000e+00
       4947     28.737     8.5687     8.5711   3.380332   3.381418     0.5044     0.5707     0.0073  0.1119620 0.0000e+00
       4948     28.759     8.5699     8.5723   3.380588   3.381676     0.5042     0.5706     0.0073  0.1119510 0.0000e+00
       4949     28.781     8.5710     8.5734   3.380847   3.381938     0.5041     0.5705     0.0073  0.1119407 0.0000e+00
       4950     28.803     8.5721     8.5746   3.381109   3.382202     0.5040     0.5704     0.0073  0.1119312 0.0000e+00
       4951     28.824     8.5733     8.5757   3.381374   3.382469     0.5039     0.5703     0.0073  0.1119223 0.0000e+00
       4952     28.846     8.5744     8.5769   3.381642   3.382738     0.5037     0.5703     0.0073  0.1119140 0.0000e+00
       4953     28.868     8.5756     8.5780   3.381911   3.383009     0.5036     0.5702     0.0073  0.1119062 0.0000e+00
       4954     28.890     8.5768     8.5792   3.382183   3.383282     0.5035     0.5701     0.0071  0.1118988 0.0000e+00
       4955     28.912     8.5780     8.5804   3.382458   3.383557     0.5034     0.5700     0.0073  0.1118919 0.0000e+00
       4956     28.935     8.5791     8.5815   3.382736   3.383833     0.5033     0.5700     0.0073  0.1118853 0.0000e+00
       4957     28.957     8.5803     8.5827   3.383015   3.384110     0.5032     0.5699     0.0073  0.1118791 0.0000e+00
       4958     28.979     8.5815     8.5838   3.383295   3.384386     0.5031     0.5698     0.0073  0.1118731 0.0000e+00
       4959     29.001     8.5827     8.5850   3.383576   3.384662     0.5029     0.5697     0.0073  0.1118682 0.0000e+00
       4960     29.023     8.5838     8.5861   3.383856   3.384937     0.5028     0.5697     0.0073  0.1118652 0.0000e+00
       4961     29.046     8.5850     8.5873   3.384135   3.385211     0.5027     0.5696     0.0071  0.1118632 0.0000e+00
       4962     29.068     8.5862     8.5884   3.384412   3.385484     0.5026     0.5695     0.0073  0.1118613 0.0000e+00
       4963     29.090     8.5873     8.5896   3.384689   3.385757     0.5025     0.5694     0.0073  0.1118605 0.0000e+00
       4964     29.112     8.5885     8.5907   3.384966   3.386030     0.5024     0.5693     0.0073  0.1118615 0.0000e+00
       4965     29.135     8.5896     8.5918   3.385243   3.386303     0.5023     0.5693     0.0071  0.1118635 0.0000e+00
       4966     29.157     8.5908     8.5930   3.385521   3.386577     0.5022     0.5692     0.0070  0.1118657 0.0000e+00
       4967     29.179     8.5919     8.5941   3.385799   3.386852     0.5021     0.5691     0.0070  0.1118681 0.0000e+00
       4968     29.202     8.5931     8.5953   3.386078   3.387127     0.5020     0.5691     0.0070  0.1118706 0.0000e+00
       4969     29.224     8.5943     8.5965   3.386357   3.387403     0.5019     0.5690     0.0070  0.1118734 0.0000e+00
       4970     29.247     8.5954     8.5976   3.386636   3.387677     0.5018     0.5690     0.0070  0.1118764 0.0000e+00
       4971     29.269     8.5966     8.5988   3.386913   3.387951     0.5016     0.5689     0.0070  0.1118796 0.0000e+00
       4972     29.292     8.5978     8.5999   3.387189   3.388223     0.5015     0.5689     0.0070  0.1118831 0.0000e+00
       4973     29.315     8.5989     8.6011   3.387463   3.388494     0.5015     0.5688     0.0070  0.1118869 0.0000e+00
       4974     29.338     8.6001     8.6022   3.387735   3.388764     0.5014     0.5687     0.0070  0.1118911 0.0000e+00
       4975     29.360     8.6012     8.6034   3.388005   3.389032     0.5013     0.5687     0.0070  0.1118956 0.0000e+00
       4976     29.383     8.6024     8.6045   3.388273   3.389298     0.5012     0.5686     0.0070  0.1119005 0.0000e+00
       4977     29.406     8.6035     8.6056   3.388539   3.389563     0.5011     0.5686     0.0070  0.1119058 0.0000e+00
       4978     29.429     8.6046     8.6067   3.388803   3.389825     0.5010     0.5685     0.0070  0.1119115 0.0000e+00
       4979     29.452     8.6057     8.6078   3.389065   3.390086     0.5009     0.5685     0.0070  0.1119178 0.0000e+00
       4980     29.475     8.6068     8.6089   3.389326   3.390346     0.5008     0.5684     0.0070  0.1119255 0.0000e+00
       4981     29.498     8.6079     8.6100   3.389586   3.390604     0.5008     0.5683     0.0070  0.1119354 0.0000e+00
       4982     29.521     8.6090     8.6111   3.389844   3.390860     0.5007     0.5683     0.0068  0.1119469 0.0000e+00
       4983     29.544     8.6101     8.6122   3.390100   3.391114     0.5006     0.5682     0.0070  0.1119591 0.0000e+00
