code/data/2021/ctd_data_day1/Station 4 210921.cnv
* Sea-Bird SBE 9 Data File:
* FileName = C:\Users\CTD-User\Desktop\MAR440\Station 4 210921.hex
* Software Version Seasave V 7.26.2.13
* Temperature SN = 6313
* Conductivity SN = 4758
* Number of Bytes Per Scan = 30
* Number of Voltage Words = 4
* Number of Scans Averaged by the Deck Unit = 1
* NMEA baud rate = 4800
** Ship:
** Station:
** Operator:
# nquan = 11
# nvalues = 963                                   
# units = specified
# name 0 = scan: Scan Count
# name 1 = prDM: Pressure, Digiquartz [db]
# name 2 = t090C: Temperature [ITS-90, deg C]
# name 3 = t190C: Temperature, 2 [ITS-90, deg C]
# name 4 = c0S/m: Conductivity [S/m]
# name 5 = c1S/m: Conductivity, 2 [S/m]
# name 6 = sbeox0V: Oxygen raw, SBE 43 [V]
# name 7 = sbeox1V: Oxygen raw, SBE 43, 2 [V]
# name 8 = flECO-AFL: Fluorescence, WET Labs ECO-AFL/FL [mg/m^3]
# name 9 = upoly0: Upoly 0, Turbidity
# name 10 = flag:  0.000e+00
# span 0 =          1,        963                 
# span 1 =      0.481,     10.723                 
# span 2 =    11.6141,    15.3196                 
# span 3 =    11.6112,    15.1462                 
# span 4 =  -0.000856,   2.790225                 
# span 5 =   0.025987,   2.797403                 
# span 6 =     2.2466,     3.1600                 
# span 7 =     2.1734,     2.9280                 
# span 8 =     0.0033,     0.0317                 
# span 9 =  0.0805824,  0.2378474                 
# span 10 = 0.0000e+00, 0.0000e+00                
# interval = seconds: 0.0416667
# start_time = Sep 21 2021 09:52:02 [System UTC, header]
# bad_flag = -9.990e-29
*END*
          1      0.629    11.7120    11.7051  -0.000203   0.026349     2.9377     2.8596     0.0035  0.0815592  0.000e+00
          2      0.596    11.7120    11.7052   0.000468   0.027367     2.9365     2.8596     0.0035  0.0815592  0.000e+00
          3      0.571    11.7114    11.7054   0.000504   0.027019     2.9365     2.8596     0.0033  0.0815592  0.000e+00
          4      0.596    11.7094    11.7056  -0.000565   0.026515     2.9365     2.8596     0.0035  0.0810708  0.000e+00
          5      0.571    11.7092    11.7054  -0.000144   0.026518     2.9377     2.8596     0.0035  0.0810708  0.000e+00
          6      0.538    11.7092    11.7044  -0.000252   0.026949     2.9365     2.8596     0.0035  0.0815592  0.000e+00
          7      0.571    11.7084    11.7036  -0.000369   0.026612     2.9365     2.8596     0.0035  0.0810708  0.000e+00
          8      0.596    11.7064    11.7028   0.000080   0.026454     2.9365     2.8596     0.0035  0.0810708  0.000e+00
          9      0.571    11.7051    11.7029  -0.000158   0.026676     2.9365     2.8596     0.0033  0.0815592  0.000e+00
         10      0.596    11.7044    11.7037  -0.000167   0.026745     2.9365     2.8596     0.0035  0.0810708  0.000e+00
         11      0.571    11.7038    11.7039   0.000210   0.026593     2.9365     2.8596     0.0033  0.0815592  0.000e+00
         12      0.538    11.7024    11.7037  -0.000225   0.026645     2.9377     2.8596     0.0033  0.0815592  0.000e+00
         13      0.571    11.7024    11.7037  -0.000081   0.026833     2.9377     2.8596     0.0033  0.0815592  0.000e+00
         14      0.538    11.7024    11.7034   0.000279   0.026670     2.9365     2.8596     0.0033  0.0815592  0.000e+00
         15      0.629    11.7019    11.7036  -0.000205   0.026418     2.9365     2.8596     0.0033  0.0815592  0.000e+00
         16      0.596    11.7012    11.7036   0.000080   0.026499     2.9365     2.8596     0.0033  0.0815592  0.000e+00
         17      0.571    11.7006    11.7041   0.000193   0.026831     2.9365     2.8596     0.0035  0.0815592  0.000e+00
         18      0.596    11.6993    11.7039  -0.000333   0.026808     2.9365     2.8596     0.0033  0.0815592  0.000e+00
         19      0.505    11.6986    11.7041  -0.000164   0.026595     2.9365     2.8596     0.0033  0.0815592  0.000e+00
         20      0.596    11.6976    11.7039  -0.000072   0.026579     2.9377     2.8596     0.0033  0.0815592  0.000e+00
         21      0.571    11.6975    11.7032  -0.000372   0.026972     2.9365     2.8596     0.0033  0.0815592  0.000e+00
         22      0.538    11.6965    11.7026   0.000155   0.026474     2.9365     2.8596     0.0033  0.0815592  0.000e+00
         23      0.629    11.6953    11.7023   0.000077   0.026335     2.9377     2.8596     0.0033  0.0815592  0.000e+00
         24      0.538    11.6946    11.7016  -0.000250   0.027290     2.9377     2.8596     0.0035  0.0810708  0.000e+00
         25      0.629    11.6942    11.7006   0.000296   0.027019     2.9365     2.8596     0.0035  0.0810708  0.000e+00
         26      0.538    11.6932    11.6997   0.000185   0.027262     2.9365     2.8596     0.0035  0.0810708  0.000e+00
         27      0.571    11.6921    11.6986  -0.000338   0.026089     2.9365     2.8596     0.0035  0.0810708  0.000e+00
         28      0.538    11.6909    11.6974   0.000299   0.026255     2.9377     2.8596     0.0035  0.0810708  0.000e+00
         29      0.629    11.6904    11.6958   0.000282   0.026761     2.9365     2.8596     0.0035  0.0805824  0.000e+00
         30      0.538    11.6889    11.6948  -0.000269   0.026653     2.9365     2.8596     0.0035  0.0810708  0.000e+00
         31      0.629    11.6868    11.6936   0.000199   0.026156     2.9377     2.8596     0.0033  0.0805824  0.000e+00
         32      0.538    11.6846    11.6924   0.000113   0.026850     2.9377     2.8596     0.0035  0.0810708  0.000e+00
         33      0.571    11.6823    11.6914  -0.000358   0.026966     2.9365     2.8596     0.0035  0.0805824  0.000e+00
         34      0.596    11.6800    11.6903   0.000096   0.027099     2.9365     2.8596     0.0035  0.0810708  0.000e+00
         35      0.571    11.6783    11.6890  -0.000056   0.027237     2.9365     2.8596     0.0033  0.0810708  0.000e+00
         36      0.538    11.6774    11.6874  -0.000291   0.026449     2.9365     2.8596     0.0033  0.0810708  0.000e+00
         37      0.571    11.6761    11.6860   0.000315   0.027104     2.9365     2.8596     0.0033  0.0810708  0.000e+00
         38      0.538    11.6760    11.6853  -0.000205   0.026045     2.9365     2.8596     0.0033  0.0810708  0.000e+00
         39      0.571    11.6758    11.6844  -0.000244   0.026526     2.9365     2.8596     0.0035  0.0810708  0.000e+00
         40      0.538    11.6750    11.6831   0.000340   0.026819     2.9365     2.8596     0.0033  0.0810708  0.000e+00
         41      0.506    11.6737    11.6818  -0.000255   0.026327     2.9377     2.8596     0.0033  0.0805824  0.000e+00
         42      0.596    11.6722    11.6806  -0.000139   0.026861     2.9365     2.8596     0.0035  0.0805824  0.000e+00
         43      0.571    11.6702    11.6799   0.000321   0.026770     2.9365     2.8596     0.0033  0.0810708  0.000e+00
         44      0.596    11.6686    11.6786  -0.000172   0.026319     2.9365     2.8596     0.0033  0.0810708  0.000e+00
         45      0.572    11.6673    11.6771  -0.000072   0.027151     2.9365     2.8596     0.0035  0.0810708  0.000e+00
         46      0.539    11.6656    11.6758   0.000152   0.026916     2.9365     2.8596     0.0033  0.0810708  0.000e+00
         47      0.572    11.6637    11.6743  -0.000183   0.026012     2.9365     2.8596     0.0035  0.0810708  0.000e+00
         48      0.539    11.6632    11.6719   0.000038   0.027151     2.9377     2.8596     0.0035  0.0805824  0.000e+00
         49      0.506    11.6630    11.6695   0.000423   0.026388     2.9365     2.8596     0.0033  0.0810708  0.000e+00
         50      0.662    11.6617    11.6668  -0.000557   0.026512     2.9365     2.8596     0.0035  0.0810708  0.000e+00
         51      0.572    11.6602    11.6643   0.000005   0.026761     2.9365     2.8596     0.0035  0.0810708  0.000e+00
         52      0.596    11.6591    11.6628   0.000069   0.026341     2.9365     2.8596     0.0033  0.0815592  0.000e+00
         53      0.629    11.6584    11.6615  -0.000438   0.027060     2.9377     2.8596     0.0035  0.0815592  0.000e+00
         54      0.539    11.6577    11.6596   0.000313   0.026908     2.9365     2.8596     0.0033  0.0815592  0.000e+00
         55      0.506    11.6577    11.6568   0.000113   0.027198     2.9365     2.8596     0.0033  0.0815592  0.000e+00
         56      0.596    11.6579    11.6528  -0.000311   0.026523     2.9365     2.8596     0.0033  0.0815592  0.000e+00
         57      0.572    11.6577    11.6488   0.000182   0.026189     2.9365     2.8596     0.0035  0.0810708  0.000e+00
         58      0.596    11.6573    11.6460   0.000013   0.026396     2.9365     2.8596     0.0033  0.0815592  0.000e+00
         59      0.572    11.6555    11.6452  -0.000399   0.026499     2.9365     2.8596     0.0033  0.0815592  0.000e+00
         60      0.596    11.6531    11.6448   0.000260   0.026562     2.9377     2.8596     0.0033  0.0815592  0.000e+00
         61      0.572    11.6508    11.6438   0.000155   0.027210     2.9377     2.8596     0.0033  0.0815592  0.000e+00
         62      0.539    11.6489    11.6425  -0.000136   0.026648     2.9365     2.8596     0.0035  0.0810708  0.000e+00
         63      0.506    11.6483    11.6410   0.000232   0.026272     2.9365     2.8596     0.0033  0.0815592  0.000e+00
         64      0.539    11.6469    11.6390  -0.000009   0.026067     2.9365     2.8596     0.0033  0.0815592  0.000e+00
         65      0.572    11.6458    11.6368  -0.000380   0.026839     2.9377     2.8596     0.0035  0.0815592  0.000e+00
         66      0.662    11.6443    11.6354   0.000166   0.027041     2.9377     2.8596     0.0033  0.0815592  0.000e+00
         67      0.572    11.6420    11.6352   0.000052   0.026623     2.9365     2.8596     0.0035  0.0810708  0.000e+00
         68      0.597    11.6403    11.6348  -0.000014   0.026947     2.9365     2.8596     0.0033  0.0815592  0.000e+00
         69      0.572    11.6400    11.6337   0.000279   0.026457     2.9365     2.8596     0.0035  0.0810708  0.000e+00
         70      0.481    11.6397    11.6325  -0.000286   0.026850     2.9377     2.8596     0.0035  0.0815592  0.000e+00
         71      0.572    11.6396    11.6310  -0.000117   0.026706     2.9365     2.8596     0.0033  0.0815592  0.000e+00
         72      0.539    11.6402    11.6289   0.000121   0.026109     2.9365     2.8596     0.0035  0.0815592  0.000e+00
         73      0.572    11.6403    11.6266  -0.000391   0.026938     2.9365     2.8596     0.0035  0.0815592  0.000e+00
         74      0.663    11.6399    11.6250   0.000088   0.026175     2.9365     2.8596     0.0033  0.0815592  0.000e+00
         75      0.572    11.6380    11.6246   0.000401   0.027412     2.9377     2.8596     0.0035  0.0815592  0.000e+00
         76      0.663    11.6357    11.6247  -0.000239   0.026980     2.9377     2.8596     0.0033  0.0810708  0.000e+00
         77      0.572    11.6350    11.6239   0.000069   0.026393     2.9365     2.8596     0.0033  0.0815592  0.000e+00
         78      0.481    11.6348    11.6230  -0.000009   0.026537     2.9365     2.8596     0.0035  0.0815592  0.000e+00
         79      0.630    11.6353    11.6214  -0.000319   0.026504     2.9365     2.8596     0.0035  0.0815592  0.000e+00
         80      0.539    11.6356    11.6194   0.000080   0.026620     2.9365     2.8596     0.0033  0.0815592  0.000e+00
         81      0.572    11.6341    11.6181   0.000218   0.026681     2.9365     2.8596     0.0033  0.0815592  0.000e+00
         82      0.663    11.6306    11.6184  -0.000347   0.026803     2.9365     2.8596     0.0033  0.0815592  0.000e+00
         83      0.572    11.6282    11.6189   0.000257   0.026324     2.9365     2.8596     0.0035  0.0810708  0.000e+00
         84      0.597    11.6257    11.6191   0.000182   0.027262     2.9365     2.8596     0.0035  0.0815592  0.000e+00
         85      0.506    11.6239    11.6187  -0.000372   0.026440     2.9377     2.8596     0.0033  0.0815592  0.000e+00
         86      0.539    11.6217    11.6179   0.000232   0.026947     2.9377     2.8596     0.0035  0.0815592  0.000e+00
         87      0.572    11.6217    11.6171   0.000498   0.026346     2.9365     2.8596     0.0033  0.0815592  0.000e+00
         88      0.539    11.6225    11.6154  -0.000194   0.026972     2.9365     2.8596     0.0035  0.0815592  0.000e+00
         89      0.630    11.6232    11.6153   0.000135   0.026634     2.9365     2.8596     0.0035  0.0810708  0.000e+00
         90      0.539    11.6232    11.6157  -0.000017   0.026565     2.9365     2.8596     0.0035  0.0810708  0.000e+00
         91      0.572    11.6237    11.6159  -0.000316   0.026551     2.9365     2.8596     0.0033  0.0815592  0.000e+00
         92      0.539    11.6242    11.6161   0.000205   0.026488     2.9377     2.8596     0.0033  0.0815592  0.000e+00
         93      0.506    11.6249    11.6156  -0.000045   0.026908     2.9377     2.8596     0.0035  0.0810708  0.000e+00
         94      0.539    11.6260    11.6154  -0.000183   0.026900     2.9365     2.8596     0.0035  0.0810708  0.000e+00
         95      0.572    11.6265    11.6153   0.000216   0.026949     2.9365     2.8596     0.0033  0.0815592  0.000e+00
         96      0.539    11.6257    11.6146  -0.000072   0.025987     2.9365     2.8596     0.0033  0.0810708  0.000e+00
         97      0.630    11.6239    11.6146  -0.000200   0.026214     2.9377     2.8596     0.0033  0.0815592  0.000e+00
         98      0.539    11.6217    11.6151   0.000335   0.026974     2.9365     2.8596     0.0035  0.0810708  0.000e+00
         99      0.572    11.6202    11.6154  -0.000103   0.026858     2.9365     2.8596     0.0033  0.0815592  0.000e+00
        100      0.539    11.6202    11.6151  -0.000308   0.027085     2.9365     2.8596     0.0033  0.0815592  0.000e+00
        101      0.572    11.6209    11.6144   0.000329   0.026941     2.9377     2.8596     0.0033  0.0810708  0.000e+00
        102      0.539    11.6222    11.6133  -0.000322   0.026584     2.9365     2.8596     0.0035  0.0810708  0.000e+00
        103      0.572    11.6222    11.6121  -0.000078   0.026017     2.9365     2.8596     0.0035  0.0805824  0.000e+00
        104      0.597    11.6196    11.6116   0.000313   0.026706     2.9365     2.8596     0.0035  0.0805824  0.000e+00
        105      0.630    11.6179    11.6119  -0.000856   0.026797     2.9365     2.8596     0.0035  0.0810708  0.000e+00
        106      0.539    11.6161    11.6124  -0.000114   0.026609     2.9377     2.8596     0.0035  0.0810708  0.000e+00
        107      0.572    11.6154    11.6126   0.000105   0.027254     2.9365     2.8596     0.0035  0.0805824  0.000e+00
        108      0.539    11.6156    11.6123  -0.000283   0.026244     2.9365     2.8596     0.0035  0.0805824  0.000e+00
        109      0.572    11.6156    11.6119   0.000304   0.026324     2.9365     2.8596     0.0035  0.0805824  0.000e+00
        110      0.539    11.6158    11.6112   0.000177   0.026631     2.9377     2.8596     0.0035  0.0810708  0.000e+00
        111      0.572    11.6164    11.6112  -0.000676   0.026994     2.9377     2.8596     0.0035  0.0810708  0.000e+00
        112      0.597    11.6161    11.6116  -0.000070   0.026532     2.9365     2.8596     0.0035  0.0810708  0.000e+00
        113      0.572    11.6152    11.6123   0.000024   0.026772     2.9365     2.8596     0.0035  0.0810708  0.000e+00
        114      0.539    11.6149    11.6129  -0.000297   0.026485     2.9365     2.8596     0.0035  0.0805824  0.000e+00
        115      0.572    11.6151    11.6134   0.000296   0.026521     2.9377     2.8596     0.0035  0.0805824  0.000e+00
        116      0.539    11.6156    11.6139  -0.000034   0.027010     2.9377     2.8596     0.0035  0.0805824  0.000e+00
        117      0.572    11.6150    11.6136  -0.000380   0.026402     2.9365     2.8596     0.0035  0.0805824  0.000e+00
        118      0.539    11.6141    11.6134  -0.000108   0.027060     2.9377     2.8596     0.0035  0.0805824  0.000e+00
        119      0.572    11.6141    11.6132  -0.000305   0.026811     2.9365     2.8596     0.0035  0.0805824  0.000e+00
        120      0.597    11.6147    11.6132  -0.000144   0.026576     2.9365     2.8596     0.0035  0.0810708  0.000e+00
        121      0.572    11.6164    11.6191   0.000152   0.027270     2.9365     2.8596     0.0035  0.0805824  0.000e+00
        122      0.539    11.6318    11.6359  -0.000266   0.028458     2.9365     2.8596     0.0035  0.0805824  0.000e+00
        123      0.572    11.6621    11.6590   0.007736   0.030338     2.9377     2.8596     0.0035  0.0805824  0.000e+00
        124      0.482    11.6938    11.6837   0.021328   0.034510     2.9377     2.8596     0.0035  0.0805824  0.000e+00
        125      0.572    11.7208    11.7039   0.024171   0.043365     2.9353     2.8596     0.0035  0.0805824  0.000e+00
        126      0.597    11.7511    11.7256   0.023462   0.062662     2.9353     2.8596     0.0046  0.0835128  0.000e+00
        127      0.572    11.8631    11.8558   0.023014   0.120112     2.9365     2.8596     0.0207  0.1279573  0.000e+00
        128      0.539    12.0766    12.1979   0.058739   0.254001     2.9353     2.8596     0.0302  0.1533541  0.000e+00
        129      0.572    12.2968    12.7253   0.132472   0.510664     2.9353     2.8596     0.0317  0.1567729  0.000e+00
        130      0.539    12.5587    13.2299   0.195971   0.629321     2.9353     2.8596     0.0309  0.1543309  0.000e+00
        131      0.572    12.7778    13.5697   0.189422   0.755086     2.9341     2.8596     0.0302  0.1533541  0.000e+00
