code/data/2021/ctd_data_day1/Station 5 210921_ctm_fil.cnv
* Sea-Bird SBE 9 Data File:
* FileName = C:\Users\CTD-User\Desktop\MAR440\Station 5 210921.hex
* Software Version Seasave V 7.26.2.13
* Temperature SN = 6313
* Conductivity SN = 4758
* Number of Bytes Per Scan = 30
* Number of Voltage Words = 4
* Number of Scans Averaged by the Deck Unit = 1
* NMEA baud rate = 4800
** Ship:
** Station:
** Operator:
# nquan = 11
# nvalues = 5809                        
# units = specified
# name 0 = scan: Scan Count
# name 1 = prDM: Pressure, Digiquartz [db]
# name 2 = t090C: Temperature [ITS-90, deg C]
# name 3 = t190C: Temperature, 2 [ITS-90, deg C]
# name 4 = c0S/m: Conductivity [S/m]
# name 5 = c1S/m: Conductivity, 2 [S/m]
# name 6 = sbeox0V: Oxygen raw, SBE 43 [V]
# name 7 = sbeox1V: Oxygen raw, SBE 43, 2 [V]
# name 8 = flECO-AFL: Fluorescence, WET Labs ECO-AFL/FL [mg/m^3]
# name 9 = upoly0: Upoly 0, Turbidity
# name 10 = flag:  0.000e+00
# span 0 =          1,       5809       
# span 1 =      0.548,     26.491       
# span 2 =    11.4362,    16.1548       
# span 3 =    11.4092,    16.1555       
# span 4 =   2.871998,   3.809176       
# span 5 =   2.884333,   3.810449       
# span 6 =     0.8579,     2.8199       
# span 7 =     0.9206,     2.7849       
# span 8 =     0.0035,     0.0101       
# span 9 =  0.0869564,  0.1626645       
# span 10 = 0.0000e+00, 0.0000e+00      
# interval = seconds: 0.0416667
# start_time = Sep 21 2021 10:32:06 [System UTC, header]
# bad_flag = -9.990e-29
*END*
          1      1.724    15.1079    15.0566   2.874648   2.884333     2.2954     2.3193     0.0046  0.1526032 0.0000e+00
          2      1.726    15.1082    15.0583   2.874773   2.884447     2.2948     2.3188     0.0046  0.1526220 0.0000e+00
          3      1.728    15.1086    15.0600   2.874904   2.884567     2.2942     2.3183     0.0046  0.1526399 0.0000e+00
          4      1.730    15.1089    15.0620   2.875034   2.884690     2.2936     2.3178     0.0046  0.1526572 0.0000e+00
          5      1.732    15.1093    15.0640   2.875156   2.884813     2.2930     2.3172     0.0046  0.1526755 0.0000e+00
          6      1.733    15.1098    15.0662   2.875262   2.884931     2.2923     2.3166     0.0046  0.1526959 0.0000e+00
          7      1.734    15.1102    15.0684   2.875346   2.885043     2.2916     2.3160     0.0046  0.1527185 0.0000e+00
          8      1.735    15.1106    15.0708   2.875404   2.885145     2.2909     2.3154     0.0046  0.1527426 0.0000e+00
          9      1.736    15.1111    15.0731   2.875432   2.885234     2.2902     2.3147     0.0046  0.1527668 0.0000e+00
         10      1.737    15.1115    15.0754   2.875428   2.885309     2.2894     2.3141     0.0046  0.1527902 0.0000e+00
         11      1.737    15.1119    15.0775   2.875391   2.885367     2.2886     2.3134     0.0046  0.1528131 0.0000e+00
         12      1.737    15.1122    15.0795   2.875319   2.885408     2.2878     2.3127     0.0046  0.1528357 0.0000e+00
         13      1.737    15.1125    15.0813   2.875213   2.885428     2.2870     2.3120     0.0044  0.1528580 0.0000e+00
         14      1.737    15.1127    15.0828   2.875076   2.885429     2.2862     2.3113     0.0042  0.1528803 0.0000e+00
         15      1.737    15.1128    15.0841   2.874909   2.885411     2.2854     2.3106     0.0042  0.1529027 0.0000e+00
         16      1.737    15.1128    15.0852   2.874720   2.885374     2.2845     2.3099     0.0042  0.1529253 0.0000e+00
         17      1.737    15.1128    15.0860   2.874514   2.885322     2.2837     2.3092     0.0038  0.1529484 0.0000e+00
         18      1.737    15.1127    15.0866   2.874298   2.885258     2.2828     2.3085     0.0042  0.1529720 0.0000e+00
         19      1.737    15.1125    15.0869   2.874081   2.885184     2.2820     2.3078     0.0042  0.1529956 0.0000e+00
         20      1.738    15.1122    15.0869   2.873869   2.885106     2.2811     2.3071     0.0042  0.1530183 0.0000e+00
         21      1.738    15.1119    15.0867   2.873668   2.885028     2.2803     2.3065     0.0042  0.1530404 0.0000e+00
         22      1.738    15.1114    15.0863   2.873480   2.884951     2.2794     2.3058     0.0042  0.1530620 0.0000e+00
         23      1.739    15.1109    15.0856   2.873311   2.884881     2.2786     2.3052     0.0042  0.1530833 0.0000e+00
         24      1.740    15.1102    15.0846   2.873161   2.884817     2.2777     2.3046     0.0038  0.1531044 0.0000e+00
         25      1.741    15.1095    15.0833   2.873032   2.884761     2.2769     2.3040     0.0042  0.1531263 0.0000e+00
         26      1.743    15.1087    15.0818   2.872928   2.884713     2.2760     2.3034     0.0042  0.1531492 0.0000e+00
         27      1.744    15.1079    15.0801   2.872850   2.884672     2.2752     2.3029     0.0042  0.1531723 0.0000e+00
         28      1.745    15.1071    15.0782   2.872799   2.884637     2.2744     2.3024     0.0042  0.1531967 0.0000e+00
         29      1.747    15.1062    15.0763   2.872775   2.884609     2.2735     2.3019     0.0038  0.1532235 0.0000e+00
         30      1.749    15.1054    15.0744   2.872779   2.884587     2.2727     2.3014     0.0042  0.1532518 0.0000e+00
         31      1.751    15.1047    15.0727   2.872813   2.884571     2.2719     2.3010     0.0042  0.1532812 0.0000e+00
         32      1.753    15.1040    15.0710   2.872875   2.884564     2.2711     2.3006     0.0038  0.1533117 0.0000e+00
         33      1.755    15.1033    15.0696   2.872963   2.884565     2.2703     2.3002     0.0042  0.1533437 0.0000e+00
         34      1.757    15.1028    15.0684   2.873074   2.884575     2.2695     2.2998     0.0038  0.1533773 0.0000e+00
         35      1.759    15.1023    15.0675   2.873205   2.884594     2.2687     2.2995     0.0038  0.1534118 0.0000e+00
         36      1.761    15.1020    15.0668   2.873351   2.884623     2.2679     2.2992     0.0042  0.1534477 0.0000e+00
         37      1.763    15.1017    15.0663   2.873508   2.884659     2.2671     2.2989     0.0038  0.1534859 0.0000e+00
         38      1.765    15.1015    15.0662   2.873672   2.884702     2.2663     2.2986     0.0042  0.1535258 0.0000e+00
         39      1.767    15.1014    15.0663   2.873838   2.884751     2.2655     2.2984     0.0042  0.1535661 0.0000e+00
         40      1.769    15.1014    15.0668   2.874003   2.884805     2.2647     2.2981     0.0042  0.1536054 0.0000e+00
         41      1.770    15.1014    15.0675   2.874165   2.884863     2.2639     2.2979     0.0042  0.1536421 0.0000e+00
         42      1.771    15.1014    15.0685   2.874321   2.884927     2.2631     2.2977     0.0042  0.1536749 0.0000e+00
         43      1.772    15.1016    15.0699   2.874466   2.884996     2.2623     2.2975     0.0042  0.1537031 0.0000e+00
         44      1.773    15.1017    15.0714   2.874595   2.885068     2.2616     2.2973     0.0042  0.1537278 0.0000e+00
         45      1.774    15.1019    15.0732   2.874705   2.885140     2.2608     2.2972     0.0038  0.1537509 0.0000e+00
         46      1.774    15.1022    15.0752   2.874791   2.885211     2.2601     2.2970     0.0042  0.1537733 0.0000e+00
         47      1.775    15.1025    15.0773   2.874852   2.885278     2.2593     2.2969     0.0042  0.1537952 0.0000e+00
         48      1.775    15.1028    15.0795   2.874888   2.885336     2.2586     2.2967     0.0042  0.1538168 0.0000e+00
         49      1.775    15.1032    15.0817   2.874896   2.885384     2.2578     2.2966     0.0038  0.1538383 0.0000e+00
         50      1.775    15.1035    15.0838   2.874878   2.885419     2.2571     2.2965     0.0042  0.1538597 0.0000e+00
         51      1.774    15.1039    15.0859   2.874833   2.885441     2.2564     2.2964     0.0042  0.1538812 0.0000e+00
         52      1.774    15.1044    15.0878   2.874764   2.885447     2.2557     2.2963     0.0042  0.1539021 0.0000e+00
         53      1.774    15.1048    15.0896   2.874671   2.885439     2.2550     2.2963     0.0038  0.1539209 0.0000e+00
         54      1.773    15.1052    15.0912   2.874558   2.885417     2.2543     2.2962     0.0042  0.1539378 0.0000e+00
         55      1.773    15.1055    15.0927   2.874429   2.885380     2.2536     2.2961     0.0038  0.1539544 0.0000e+00
         56      1.773    15.1059    15.0940   2.874289   2.885331     2.2529     2.2961     0.0042  0.1539718 0.0000e+00
         57      1.773    15.1062    15.0951   2.874142   2.885271     2.2522     2.2961     0.0042  0.1539901 0.0000e+00
         58      1.772    15.1065    15.0961   2.873995   2.885204     2.2515     2.2961     0.0042  0.1540094 0.0000e+00
         59      1.773    15.1068    15.0969   2.873852   2.885130     2.2509     2.2961     0.0042  0.1540299 0.0000e+00
         60      1.773    15.1070    15.0975   2.873717   2.885054     2.2502     2.2961     0.0042  0.1540508 0.0000e+00
         61      1.774    15.1073    15.0980   2.873594   2.884977     2.2496     2.2961     0.0042  0.1540715 0.0000e+00
         62      1.774    15.1075    15.0983   2.873486   2.884904     2.2489     2.2962     0.0042  0.1540929 0.0000e+00
         63      1.775    15.1077    15.0985   2.873395   2.884836     2.2483     2.2962     0.0042  0.1541161 0.0000e+00
         64      1.776    15.1079    15.0985   2.873322   2.884775     2.2477     2.2963     0.0042  0.1541403 0.0000e+00
         65      1.778    15.1080    15.0984   2.873271   2.884723     2.2471     2.2964     0.0038  0.1541641 0.0000e+00
         66      1.779    15.1082    15.0981   2.873242   2.884681     2.2465     2.2965     0.0042  0.1541858 0.0000e+00
         67      1.781    15.1083    15.0977   2.873236   2.884651     2.2459     2.2966     0.0042  0.1542040 0.0000e+00
         68      1.782    15.1085    15.0972   2.873254   2.884634     2.2454     2.2967     0.0038  0.1542188 0.0000e+00
         69      1.784    15.1086    15.0967   2.873295   2.884631     2.2448     2.2969     0.0042  0.1542319 0.0000e+00
         70      1.786    15.1088    15.0961   2.873360   2.884641     2.2443     2.2970     0.0038  0.1542435 0.0000e+00
         71      1.788    15.1090    15.0956   2.873446   2.884665     2.2437     2.2972     0.0042  0.1542528 0.0000e+00
         72      1.790    15.1092    15.0952   2.873551   2.884703     2.2432     2.2973     0.0042  0.1542606 0.0000e+00
         73      1.792    15.1094    15.0950   2.873671   2.884754     2.2427     2.2975     0.0042  0.1542680 0.0000e+00
         74      1.794    15.1097    15.0950   2.873803   2.884819     2.2422     2.2977     0.0042  0.1542750 0.0000e+00
         75      1.795    15.1101    15.0951   2.873941   2.884899     2.2417     2.2979     0.0038  0.1542816 0.0000e+00
         76      1.797    15.1105    15.0955   2.874081   2.884990     2.2412     2.2981     0.0042  0.1542878 0.0000e+00
         77      1.798    15.1110    15.0961   2.874216   2.885092     2.2407     2.2982     0.0042  0.1542937 0.0000e+00
         78      1.799    15.1115    15.0969   2.874343   2.885200     2.2402     2.2984     0.0042  0.1542994 0.0000e+00
         79      1.799    15.1120    15.0978   2.874455   2.885309     2.2398     2.2986     0.0042  0.1543048 0.0000e+00
         80      1.800    15.1125    15.0989   2.874547   2.885417     2.2393     2.2988     0.0042  0.1543101 0.0000e+00
         81      1.800    15.1131    15.1000   2.874616   2.885518     2.2388     2.2989     0.0042  0.1543152 0.0000e+00
         82      1.800    15.1136    15.1010   2.874660   2.885611     2.2384     2.2991     0.0042  0.1543203 0.0000e+00
         83      1.800    15.1141    15.1021   2.874676   2.885693     2.2379     2.2992     0.0042  0.1543252 0.0000e+00
         84      1.799    15.1145    15.1030   2.874664   2.885762     2.2375     2.2993     0.0038  0.1543293 0.0000e+00
         85      1.799    15.1150    15.1039   2.874624   2.885813     2.2370     2.2995     0.0042  0.1543316 0.0000e+00
         86      1.798    15.1153    15.1046   2.874555   2.885846     2.2366     2.2996     0.0042  0.1543322 0.0000e+00
         87      1.797    15.1156    15.1053   2.874461   2.885859     2.2361     2.2997     0.0042  0.1543312 0.0000e+00
         88      1.796    15.1159    15.1058   2.874341   2.885850     2.2357     2.2998     0.0042  0.1543293 0.0000e+00
         89      1.795    15.1161    15.1062   2.874199   2.885821     2.2353     2.2998     0.0038  0.1543274 0.0000e+00
         90      1.794    15.1163    15.1065   2.874041   2.885772     2.2348     2.2999     0.0042  0.1543255 0.0000e+00
         91      1.792    15.1164    15.1066   2.873870   2.885707     2.2344     2.3000     0.0042  0.1543244 0.0000e+00
         92      1.791    15.1165    15.1066   2.873693   2.885631     2.2340     2.3000     0.0042  0.1543266 0.0000e+00
         93      1.790    15.1165    15.1065   2.873515   2.885548     2.2336     2.3000     0.0042  0.1543348 0.0000e+00
         94      1.789    15.1165    15.1063   2.873340   2.885462     2.2332     2.3001     0.0042  0.1543498 0.0000e+00
         95      1.789    15.1165    15.1059   2.873173   2.885380     2.2328     2.3001     0.0042  0.1543708 0.0000e+00
         96      1.788    15.1164    15.1054   2.873017   2.885305     2.2324     2.3001     0.0042  0.1543964 0.0000e+00
         97      1.787    15.1163    15.1048   2.872875   2.885239     2.2320     2.3000     0.0038  0.1544267 0.0000e+00
         98      1.786    15.1162    15.1041   2.872749   2.885184     2.2316     2.3000     0.0038  0.1544627 0.0000e+00
         99      1.786    15.1160    15.1032   2.872644   2.885143     2.2313     2.3000     0.0042  0.1545048 0.0000e+00
        100      1.786    15.1158    15.1022   2.872562   2.885116     2.2309     2.2999     0.0042  0.1545532 0.0000e+00
        101      1.787    15.1156    15.1011   2.872504   2.885105     2.2305     2.2999     0.0042  0.1546073 0.0000e+00
        102      1.787    15.1153    15.0998   2.872473   2.885109     2.2301     2.2998     0.0042  0.1546676 0.0000e+00
        103      1.787    15.1151    15.0986   2.872469   2.885130     2.2298     2.2997     0.0042  0.1547363 0.0000e+00
        104      1.788    15.1148    15.0974   2.872490   2.885167     2.2294     2.2996     0.0038  0.1548136 0.0000e+00
        105      1.789    15.1146    15.0963   2.872539   2.885221     2.2291     2.2995     0.0042  0.1548995 0.0000e+00
        106      1.790    15.1144    15.0952   2.872614   2.885292     2.2288     2.2994     0.0038  0.1549944 0.0000e+00
        107      1.790    15.1142    15.0944   2.872713   2.885383     2.2284     2.2992     0.0038  0.1550981 0.0000e+00
        108      1.791    15.1141    15.0937   2.872835   2.885492     2.2281     2.2991     0.0038  0.1552106 0.0000e+00
        109      1.792    15.1141    15.0933   2.872976   2.885620     2.2278     2.2990     0.0042  0.1553326 0.0000e+00
        110      1.793    15.1142    15.0931   2.873133   2.885764     2.2275     2.2988     0.0042  0.1554650 0.0000e+00
        111      1.794    15.1143    15.0932   2.873302   2.885924     2.2272     2.2986     0.0042  0.1556095 0.0000e+00
        112      1.794    15.1145    15.0936   2.873480   2.886097     2.2268     2.2984     0.0038  0.1557680 0.0000e+00
        113      1.795    15.1149    15.0943   2.873662   2.886282     2.2265     2.2982     0.0042  0.1559416 0.0000e+00
        114      1.795    15.1153    15.0952   2.873843   2.886477     2.2262     2.2980     0.0042  0.1561323 0.0000e+00
        115      1.796    15.1157    15.0964   2.874020   2.886679     2.2259     2.2978     0.0042  0.1563407 0.0000e+00
        116      1.796    15.1162    15.0976   2.874187   2.886885     2.2256     2.2976     0.0046  0.1565579 0.0000e+00
        117      1.796    15.1167    15.0989   2.874339   2.887089     2.2252     2.2973     0.0046  0.1567669 0.0000e+00
        118      1.795    15.1171    15.1002   2.874470   2.887287     2.2249     2.2971     0.0046  0.1569554 0.0000e+00
        119      1.794    15.1176    15.1015   2.874577   2.887473     2.2245     2.2968     0.0046  0.1571215 0.0000e+00
        120      1.793    15.1180    15.1027   2.874658   2.887644     2.2242     2.2966     0.0046  0.1572670 0.0000e+00
        121      1.792    15.1184    15.1038   2.874711   2.887795     2.2238     2.2963     0.0046  0.1573947 0.0000e+00
        122      1.791    15.1187    15.1048   2.874734   2.887922     2.2235     2.2960     0.0046  0.1575064 0.0000e+00
        123      1.790    15.1190    15.1057   2.874727   2.888024     2.2231     2.2957     0.0046  0.1576027 0.0000e+00
        124      1.788    15.1192    15.1065   2.874689   2.888099     2.2228     2.2954     0.0046  0.1576845 0.0000e+00
        125      1.787    15.1194    15.1071   2.874619   2.888144     2.2224     2.2951     0.0046  0.1577522 0.0000e+00
        126      1.785    15.1195    15.1076   2.874520   2.888159     2.2221     2.2948     0.0046  0.1578055 0.0000e+00
        127      1.783    15.1195    15.1080   2.874394   2.888143     2.2218     2.2946     0.0046  0.1578439 0.0000e+00
        128      1.781    15.1195    15.1083   2.874245   2.888096     2.2214     2.2943     0.0046  0.1578685 0.0000e+00
        129      1.778    15.1194    15.1084   2.874078   2.888021     2.2211     2.2940     0.0046  0.1578804 0.0000e+00
        130      1.776    15.1193    15.1084   2.873900   2.887924     2.2208     2.2937     0.0046  0.1578787 0.0000e+00
        131      1.774    15.1191    15.1083   2.873717   2.887809     2.2204     2.2934     0.0046  0.1578617 0.0000e+00
