code/data/2021/ctd_data_day1/Station 6 210921_ctm.cnv
* Sea-Bird SBE 9 Data File:
* FileName = C:\Users\CTD-User\Desktop\MAR440\Station 6 210921.hex
* Software Version Seasave V 7.26.2.13
* Temperature SN = 6313
* Conductivity SN = 4758
* Number of Bytes Per Scan = 30
* Number of Voltage Words = 4
* Number of Scans Averaged by the Deck Unit = 1
* NMEA baud rate = 4800
** Ship:
** Station:
** Operator:
# nquan = 11
# nvalues = 4130                        
# units = specified
# name 0 = scan: Scan Count
# name 1 = prDM: Pressure, Digiquartz [db]
# name 2 = t090C: Temperature [ITS-90, deg C]
# name 3 = t190C: Temperature, 2 [ITS-90, deg C]
# name 4 = c0S/m: Conductivity [S/m]
# name 5 = c1S/m: Conductivity, 2 [S/m]
# name 6 = sbeox0V: Oxygen raw, SBE 43 [V]
# name 7 = sbeox1V: Oxygen raw, SBE 43, 2 [V]
# name 8 = flECO-AFL: Fluorescence, WET Labs ECO-AFL/FL [mg/m^3]
# name 9 = upoly0: Upoly 0, Turbidity
# name 10 = flag:  0.000e+00
# span 0 =          1,       4130       
# span 1 =      0.253,     37.833       
# span 2 =     5.3479,    16.0630       
# span 3 =     5.3023,    16.0241       
# span 4 =   2.889220,   3.754126       
# span 5 =   2.888173,   3.755059       
# span 6 =     0.4808,     2.8071       
# span 7 =     0.5443,     2.7595       
# span 8 =     0.0033,     0.0189       
# span 9 =  0.0854664,  0.1670293       
# span 10 = 0.0000e+00, 0.0000e+00      
# interval = seconds: 0.0416667
# start_time = Sep 21 2021 10:55:39 [System UTC, header]
# bad_flag = -9.990e-29
*END*
[from data line 2099]
       2100      5.289    15.0762    15.1022   2.969337   2.976696     2.7863     2.7509     0.0044  0.1592149 0.0000e+00
       2101      5.314    15.0758    15.1025   2.969623   2.976462     2.7888     2.7509     0.0046  0.1592149 0.0000e+00
       2102      5.355    15.0737    15.1022   2.969583   2.976460     2.7888     2.7509     0.0046  0.1592149 0.0000e+00
       2103      5.380    15.0707    15.1030   2.969323   2.976453     2.7912     2.7509     0.0046  0.1592149 0.0000e+00
       2104      5.380    15.0693    15.1034   2.968948   2.976426     2.7876     2.7509     0.0046  0.1567729 0.0000e+00
       2105      5.413    15.0704    15.1029   2.968787   2.976544     2.7900     2.7509     0.0046  0.1548193 0.0000e+00
       2106      5.437    15.0701    15.1023   2.968749   2.976395     2.7912     2.7509     0.0046  0.1548193 0.0000e+00
       2107      5.470    15.0687    15.1017   2.968739   2.976250     2.7900     2.7509     0.0046  0.1543309 0.0000e+00
       2108      5.503    15.0671    15.1022   2.968556   2.976285     2.7900     2.7497     0.0046  0.1548193 0.0000e+00
       2109      5.503    15.0688    15.1030   2.968410   2.976309     2.7912     2.7509     0.0046  0.1548193 0.0000e+00
       2110      5.536    15.0712    15.1040   2.968701   2.976433     2.7912     2.7497     0.0046  0.1548193 0.0000e+00
       2111      5.561    15.0744    15.1039   2.969212   2.976602     2.7924     2.7497     0.0046  0.1548193 0.0000e+00
       2112      5.536    15.0805    15.1023   2.970060   2.976426     2.7924     2.7497     0.0046  0.1548193 0.0000e+00
       2113      5.618    15.0867    15.1007   2.971117   2.976081     2.7912     2.7497     0.0046  0.1548193 0.0000e+00
       2114      5.618    15.0904    15.0991   2.972249   2.975720     2.7912     2.7497     0.0046  0.1548193 0.0000e+00
       2115      5.660    15.0908    15.0978   2.972881   2.975331     2.7937     2.7497     0.0046  0.1548193 0.0000e+00
       2116      5.684    15.0884    15.0973   2.973010   2.975028     2.7937     2.7497     0.0046  0.1548193 0.0000e+00
       2117      5.660    15.0869    15.0966   2.972640   2.974895     2.7924     2.7497     0.0046  0.1543309 0.0000e+00
       2118      5.742    15.0856    15.0957   2.972304   2.974700     2.7924     2.7497     0.0046  0.1548193 0.0000e+00
       2119      5.742    15.0854    15.0952   2.972198   2.974545     2.7924     2.7485     0.0046  0.1548193 0.0000e+00
       2120      5.717    15.0854    15.0943   2.972017   2.974399     2.7949     2.7497     0.0046  0.1543309 0.0000e+00
       2121      5.808    15.0847    15.0930   2.971811   2.974263     2.7961     2.7485     0.0046  0.1548193 0.0000e+00
       2122      5.783    15.0842    15.0923   2.971748   2.974097     2.7949     2.7485     0.0046  0.1548193 0.0000e+00
       2123      5.866    15.0833    15.0918   2.971568   2.973931     2.7949     2.7497     0.0046  0.1543309 0.0000e+00
       2124      5.866    15.0830    15.0923   2.971364   2.973851     2.7949     2.7485     0.0046  0.1548193 0.0000e+00
       2125      5.841    15.0832    15.0937   2.971320   2.974025     2.7961     2.7497     0.0046  0.1548193 0.0000e+00
       2126      5.923    15.0852    15.0949   2.971472   2.974243     2.7949     2.7497     0.0046  0.1548193 0.0000e+00
       2127      5.899    15.0889    15.0957   2.971846   2.974498     2.7961     2.7497     0.0046  0.1548193 0.0000e+00
       2128      5.923    15.0925    15.0963   2.972359   2.974587     2.7949     2.7497     0.0046  0.1548193 0.0000e+00
       2129      5.923    15.1097    15.0950   2.973056   2.974675     2.8034     2.7485     0.0046  0.1553077 0.0000e+00
       2130      6.022    15.0948    15.0974   2.973119   2.974733     2.7912     2.7485     0.0046  0.1572613 0.0000e+00
       2131      5.989    15.0948    15.0973   2.973108   2.974657     2.7937     2.7485     0.0046  0.1577497 0.0000e+00
       2132      6.047    15.0952    15.0964   2.973254   2.974669     2.7961     2.7485     0.0046  0.1577497 0.0000e+00
       2133      6.088    15.0958    15.0955   2.973428   2.974594     2.7961     2.7485     0.0046  0.1577497 0.0000e+00
       2134      6.047    15.0960    15.0945   2.973451   2.974355     2.7961     2.7485     0.0046  0.1577497 0.0000e+00
       2135      6.088    15.0955    15.0949   2.973505   2.974368     2.7985     2.7485     0.0046  0.1577497 0.0000e+00
       2136      6.113    15.0957    15.0954   2.973567   2.974316     2.7973     2.7485     0.0046  0.1577497 0.0000e+00
       2137      6.113    15.0960    15.0964   2.973414   2.974478     2.7961     2.7485     0.0046  0.1577497 0.0000e+00
       2138      6.203    15.0958    15.0991   2.973463   2.974882     2.7973     2.7485     0.0046  0.1577497 0.0000e+00
       2139      6.170    15.0958    15.1010   2.973540   2.975331     2.7985     2.7485     0.0046  0.1577497 0.0000e+00
       2140      6.203    15.0964    15.1022   2.973515   2.975697     2.8010     2.7473     0.0046  0.1577497 0.0000e+00
       2141      6.236    15.0965    15.1030   2.973588   2.975968     2.7973     2.7485     0.0046  0.1577497 0.0000e+00
       2142      6.236    15.0967    15.1039   2.973678   2.976075     2.7973     2.7473     0.0046  0.1577497 0.0000e+00
       2143      6.269    15.0970    15.1050   2.973679   2.976259     2.7961     2.7485     0.0046  0.1577497 0.0000e+00
       2144      6.294    15.0354    15.0201   2.973391   2.976171     2.8071     2.7485     0.0046  0.1577497 0.0000e+00
       2145      6.352    15.0952    15.1064   2.973359   2.976523     2.7937     2.7473     0.0046  0.1577497 0.0000e+00
       2146      6.327    15.0926    15.1049   2.973271   2.976358     2.7949     2.7485     0.0046  0.1577497 0.0000e+00
       2147      6.352    15.0910    15.1035   2.973243   2.976161     2.7973     2.7473     0.0046  0.1577497 0.0000e+00
       2148      6.393    15.0899    15.1018   2.972941   2.975875     2.7973     2.7473     0.0046  0.1577497 0.0000e+00
       2149      6.418    15.0891    15.1005   2.972718   2.975674     2.8010     2.7473     0.0046  0.1577497 0.0000e+00
       2150      6.418    15.0877    15.0988   2.972630   2.975481     2.7985     2.7473     0.0046  0.1577497 0.0000e+00
       2151      6.451    15.0871    15.0969   2.972263   2.975179     2.7985     2.7473     0.0046  0.1577497 0.0000e+00
       2152      6.475    15.0901    15.0954   2.972142   2.974921     2.7973     2.7473     0.0046  0.1572613 0.0000e+00
       2153      6.516    15.0943    15.0943   2.972584   2.974611     2.7985     2.7473     0.0046  0.1577497 0.0000e+00
       2154      6.475    15.0953    15.0945   2.973125   2.974387     2.7998     2.7473     0.0046  0.1577497 0.0000e+00
       2155      6.541    15.0957    15.0943   2.973275   2.974441     2.7985     2.7473     0.0048  0.1577497 0.0000e+00
       2156      6.574    15.0972    15.0937   2.973354   2.974351     2.7973     2.7473     0.0048  0.1587265 0.0000e+00
       2157      6.599    15.0980    15.0925   2.973545   2.974139     2.7973     2.7473     0.0048  0.1577497 0.0000e+00
       2158      6.599    15.0992    15.0918   2.973771   2.973995     2.7985     2.7473     0.0048  0.1577497 0.0000e+00
       2159      6.632    15.1011    15.0911   2.973955   2.973762     2.7998     2.7473     0.0048  0.1577497 0.0000e+00
       2160      6.656    15.1018    15.0910   2.974102   2.973691     2.7985     2.7473     0.0048  0.1587265 0.0000e+00
       2161      6.698    15.1014    15.0905   2.974322   2.973569     2.7973     2.7473     0.0048  0.1582381 0.0000e+00
       2162      6.656    15.1002    15.0897   2.974300   2.973435     2.7973     2.7473     0.0048  0.1582381 0.0000e+00
       2163      6.722    15.1007    15.0920   2.974109   2.973444     2.7985     2.7473     0.0048  0.1582381 0.0000e+00
       2164      6.698    15.1018    15.0954   2.974180   2.973714     2.7985     2.7473     0.0048  0.1582381 0.0000e+00
       2165      6.780    15.1040    15.1001   2.974503   2.974262     2.7985     2.7473     0.0048  0.1582381 0.0000e+00
       2166      6.780    15.1055    15.1059   2.974819   2.975016     2.7973     2.7473     0.0048  0.1577497 0.0000e+00
       2167      6.821    15.1056    15.1103   2.975069   2.975787     2.7973     2.7473     0.0048  0.1587265 0.0000e+00
       2168      6.780    15.1058    15.1124   2.975024   2.976440     2.7985     2.7473     0.0048  0.1577497 0.0000e+00
       2169      6.879    15.1073    15.1146   2.975069   2.976946     2.7998     2.7473     0.0048  0.1577497 0.0000e+00
       2170      6.846    15.1100    15.1163   2.975467   2.977274     2.7985     2.7473     0.0048  0.1582381 0.0000e+00
       2171      6.904    15.1278    15.1278   2.975812   2.977455     2.8059     2.7473     0.0048  0.1577497 0.0000e+00
       2172      6.879    15.1117    15.1183   2.975833   2.977642     2.7912     2.7461     0.0048  0.1587265 0.0000e+00
       2173      6.904    15.1107    15.1158   2.975690   2.977741     2.7961     2.7473     0.0048  0.1582381 0.0000e+00
       2174      6.961    15.1083    15.1146   2.975543   2.977506     2.7985     2.7473     0.0048  0.1577497 0.0000e+00
       2175      7.002    15.1068    15.1151   2.975222   2.977508     2.7973     2.7473     0.0048  0.1587265 0.0000e+00
       2176      6.961    15.1077    15.1169   2.975043   2.977721     2.7973     2.7473     0.0048  0.1587265 0.0000e+00
       2177      7.027    15.1090    15.1176   2.975236   2.977998     2.7973     2.7473     0.0048  0.1582381 0.0000e+00
       2178      7.060    15.1104    15.1171   2.975352   2.978093     2.7985     2.7473     0.0048  0.1587265 0.0000e+00
       2179      7.027    15.1119    15.1152   2.975694   2.977877     2.7985     2.7473     0.0048  0.1577497 0.0000e+00
       2180      7.060    15.1136    15.1144   2.975961   2.977470     2.7973     2.7473     0.0048  0.1577497 0.0000e+00
       2181      7.151    15.1141    15.1129   2.976234   2.977191     2.7973     2.7473     0.0046  0.1557961 0.0000e+00
       2182      7.085    15.1278    15.1193   2.976475   2.976974     2.8059     2.7473     0.0046  0.1548193 0.0000e+00
       2183      7.184    15.1154    15.1124   2.976371   2.976843     2.7937     2.7473     0.0046  0.1548193 0.0000e+00
       2184      7.151    15.1153    15.1085   2.976432   2.976505     2.7961     2.7473     0.0046  0.1548193 0.0000e+00
       2185      7.208    15.1146    15.1028   2.976396   2.975739     2.7973     2.7473     0.0046  0.1553077 0.0000e+00
       2186      7.184    15.1137    15.1017   2.976530   2.975025     2.7973     2.7473     0.0046  0.1553077 0.0000e+00
       2187      7.208    15.1134    15.1064   2.976424   2.975223     2.7985     2.7485     0.0046  0.1548193 0.0000e+00
       2188      7.250    15.1129    15.1125   2.976339   2.976110     2.7985     2.7485     0.0046  0.1553077 0.0000e+00
       2189      7.274    15.1121    15.1171   2.976314   2.977270     2.7973     2.7473     0.0046  0.1553077 0.0000e+00
       2190      7.332    15.1087    15.1224   2.975853   2.978422     2.7961     2.7473     0.0046  0.1553077 0.0000e+00
       2191      7.307    15.1103    15.1273   2.975533   2.979429     2.7961     2.7485     0.0046  0.1553077 0.0000e+00
       2192      7.332    15.1168    15.1317   2.975978   2.980141     2.7985     2.7485     0.0046  0.1553077 0.0000e+00
       2193      7.332    15.1237    15.1348   2.977231   2.980721     2.7985     2.7485     0.0046  0.1553077 0.0000e+00
       2194      7.365    15.1295    15.1365   2.978311   2.981235     2.7973     2.7485     0.0046  0.1553077 0.0000e+00
       2195      7.390    15.1332    15.1369   2.979325   2.981563     2.7973     2.7485     0.0046  0.1553077 0.0000e+00
       2196      7.456    15.1356    15.1375   2.980009   2.981702     2.7961     2.7485     0.0046  0.1548193 0.0000e+00
       2197      7.431    15.1384    15.1382   2.980590   2.981726     2.7985     2.7485     0.0046  0.1553077 0.0000e+00
       2198      7.456    15.1448    15.1380   2.981233   2.981702     2.7985     2.7485     0.0046  0.1553077 0.0000e+00
       2199      7.456    15.1560    15.1370   2.982775   2.981664     2.7961     2.7485     0.0046  0.1548193 0.0000e+00
       2200      7.554    15.1650    15.1361   2.985073   2.981699     2.7961     2.7485     0.0046  0.1548193 0.0000e+00
       2201      7.513    15.1697    15.1334   2.986983   2.981513     2.7961     2.7485     0.0046  0.1553077 0.0000e+00
       2202      7.554    15.1695    15.1290   2.987845   2.980937     2.7985     2.7497     0.0046  0.1548193 0.0000e+00
       2203      7.579    15.1642    15.1249   2.987403   2.980177     2.7973     2.7485     0.0046  0.1553077 0.0000e+00
       2204      7.579    15.1570    15.1229   2.986023   2.979660     2.7961     2.7485     0.0046  0.1553077 0.0000e+00
       2205      7.612    15.1548    15.1213   2.984834   2.979369     2.7961     2.7497     0.0046  0.1548193 0.0000e+00
       2206      7.637    15.1558    15.1205   2.984765   2.979147     2.7961     2.7497     0.0046  0.1567729 0.0000e+00
       2207      7.637    15.1543    15.1207   2.985196   2.978983     2.7973     2.7497     0.0046  0.1577497 0.0000e+00
       2208      7.678    15.1492    15.1226   2.985048   2.979033     2.7961     2.7497     0.0046  0.1577497 0.0000e+00
       2209      7.694    15.1443    15.1259   2.984170   2.979527     2.7961     2.7485     0.0046  0.1577497 0.0000e+00
       2210      7.694    15.1423    15.1290   2.983227   2.980244     2.7961     2.7497     0.0046  0.1577497 0.0000e+00
       2211      7.736    15.1433    15.1309   2.982787   2.980770     2.7961     2.7497     0.0046  0.1577497 0.0000e+00
       2212      7.760    15.1479    15.1324   2.983075   2.981054     2.7961     2.7497     0.0046  0.1577497 0.0000e+00
       2213      7.760    15.1481    15.1349   2.983291   2.981386     2.7961     2.7497     0.0046  0.1577497 0.0000e+00
       2214      7.793    15.1465    15.1407   2.983251   2.982245     2.7949     2.7497     0.0046  0.1577497 0.0000e+00
       2215      7.818    15.1479    15.1365   2.983134   2.984077     2.8034     2.7497     0.0046  0.1577497 0.0000e+00
       2216      7.859    15.1521    15.1676   2.983039   2.987134     2.7912     2.7497     0.0046  0.1577497 0.0000e+00
       2217      7.884    15.1705    15.1909   2.984781   2.991499     2.7924     2.7497     0.0046  0.1577497 0.0000e+00
       2218      7.884    15.1886    15.2093   2.988703   2.996472     2.7949     2.7497     0.0046  0.1577497 0.0000e+00
       2219      7.859    15.2044    15.2132   2.993467   2.999735     2.7949     2.7497     0.0046  0.1577497 0.0000e+00
       2220      7.942    15.2082    15.2086   2.996589   3.000065     2.7937     2.7497     0.0046  0.1577497 0.0000e+00
       2221      7.942    15.2107    15.1989   2.997839   2.998310     2.7961     2.7509     0.0046  0.1577497 0.0000e+00
       2222      7.983    15.2198    15.1890   2.998886   2.995732     2.7961     2.7497     0.0046  0.1577497 0.0000e+00
       2223      8.008    15.2263    15.1822   3.000457   2.993480     2.7961     2.7497     0.0046  0.1577497 0.0000e+00
       2224      7.942    15.2279    15.1787   3.001553   2.992041     2.7961     2.7497     0.0046  0.1572613 0.0000e+00
       2225      8.040    15.2291    15.1749   3.001517   2.991340     2.7949     2.7497     0.0046  0.1577497 0.0000e+00
       2226      8.065    15.2273    15.1705   3.000820   2.990276     2.7961     2.7497     0.0046  0.1572613 0.0000e+00
       2227      8.065    15.2185    15.1667   2.999458   2.989186     2.7961     2.7497     0.0046  0.1577497 0.0000e+00
       2228      8.098    15.2058    15.1644   2.997406   2.988465     2.7949     2.7497     0.0046  0.1577497 0.0000e+00
       2229      8.123    15.1948    15.1623   2.994938   2.987974     2.7961     2.7497     0.0046  0.1577497 0.0000e+00
