code/data/2021/ctd_data_day1/Station 4ex 210921_ctm_fil.cnv
* Sea-Bird SBE 9 Data File:
* FileName = C:\Users\CTD-User\Desktop\MAR440\Station 4ex 210921.hex
* Software Version Seasave V 7.26.2.13
* Temperature SN = 6313
* Conductivity SN = 4758
* Number of Bytes Per Scan = 30
* Number of Voltage Words = 4
* Number of Scans Averaged by the Deck Unit = 1
* NMEA baud rate = 4800
** Ship:
** Station:
** Operator:
# nquan = 11
# nvalues = 6123                        
# units = specified
# name 0 = scan: Scan Count
# name 1 = prDM: Pressure, Digiquartz [db]
# name 2 = t090C: Temperature [ITS-90, deg C]
# name 3 = t190C: Temperature, 2 [ITS-90, deg C]
# name 4 = c0S/m: Conductivity [S/m]
# name 5 = c1S/m: Conductivity, 2 [S/m]
# name 6 = sbeox0V: Oxygen raw, SBE 43 [V]
# name 7 = sbeox1V: Oxygen raw, SBE 43, 2 [V]
# name 8 = flECO-AFL: Fluorescence, WET Labs ECO-AFL/FL [mg/m^3]
# name 9 = upoly0: Upoly 0, Turbidity
# name 10 = flag:  0.000e+00
# span 0 =          1,       6123       
# span 1 =      0.319,     43.468       
# span 2 =     7.9826,    16.0004       
# span 3 =     7.9840,    15.8854       
# span 4 =  -0.000377,   3.472125       
# span 5 =   0.283373,   3.472588       
# span 6 =     0.4705,     3.1926       
# span 7 =     0.5358,     3.0371       
# span 8 =     0.0033,     0.0524       
# span 9 =  0.0805253,  0.2126995       
# span 10 = 0.0000e+00, 0.0000e+00      
# interval = seconds: 0.0416667
# start_time = Sep 21 2021 12:21:52 [System UTC, header]
# bad_flag = -9.990e-29
*END*
[from data line 1705]
       1706      2.059    15.0272    15.0771   2.859235   2.884960     2.1492     2.0699     0.0053  0.1921210 0.0000e+00
       1707      2.072    15.0279    15.0783   2.859372   2.885302     2.1486     2.0698     0.0053  0.1921100 0.0000e+00
       1708      2.086    15.0285    15.0795   2.859508   2.885639     2.1481     2.0696     0.0053  0.1921001 0.0000e+00
       1709      2.099    15.0291    15.0806   2.859644   2.885973     2.1476     2.0695     0.0053  0.1920914 0.0000e+00
       1710      2.113    15.0297    15.0817   2.859780   2.886302     2.1471     2.0694     0.0053  0.1920837 0.0000e+00
       1711      2.127    15.0303    15.0827   2.859917   2.886628     2.1466     2.0693     0.0053  0.1920771 0.0000e+00
       1712      2.141    15.0309    15.0837   2.860053   2.886949     2.1461     2.0692     0.0053  0.1920714 0.0000e+00
       1713      2.155    15.0315    15.0846   2.860190   2.887267     2.1457     2.0691     0.0053  0.1920667 0.0000e+00
       1714      2.169    15.0321    15.0856   2.860328   2.887581     2.1452     2.0691     0.0053  0.1920628 0.0000e+00
       1715      2.184    15.0327    15.0865   2.860466   2.887889     2.1448     2.0691     0.0053  0.1920598 0.0000e+00
       1716      2.199    15.0334    15.0874   2.860603   2.888190     2.1443     2.0690     0.0053  0.1920577 0.0000e+00
       1717      2.213    15.0340    15.0883   2.860739   2.888484     2.1439     2.0690     0.0053  0.1920564 0.0000e+00
       1718      2.229    15.0347    15.0891   2.860875   2.888769     2.1435     2.0690     0.0053  0.1920560 0.0000e+00
       1719      2.244    15.0354    15.0898   2.861008   2.889044     2.1431     2.0691     0.0053  0.1920563 0.0000e+00
       1720      2.259    15.0362    15.0905   2.861141   2.889310     2.1427     2.0691     0.0053  0.1920575 0.0000e+00
       1721      2.275    15.0371    15.0911   2.861272   2.889564     2.1423     2.0692     0.0053  0.1920595 0.0000e+00
       1722      2.291    15.0380    15.0916   2.861402   2.889806     2.1419     2.0693     0.0053  0.1920624 0.0000e+00
       1723      2.307    15.0390    15.0921   2.861531   2.890035     2.1415     2.0694     0.0053  0.1920661 0.0000e+00
       1724      2.323    15.0401    15.0924   2.861657   2.890249     2.1411     2.0695     0.0053  0.1920707 0.0000e+00
       1725      2.339    15.0412    15.0927   2.861782   2.890450     2.1408     2.0696     0.0053  0.1920763 0.0000e+00
       1726      2.356    15.0423    15.0929   2.861904   2.890635     2.1404     2.0698     0.0053  0.1920836 0.0000e+00
       1727      2.372    15.0434    15.0930   2.862025   2.890804     2.1401     2.0700     0.0053  0.1920946 0.0000e+00
       1728      2.389    15.0446    15.0930   2.862145   2.890958     2.1397     2.0702     0.0053  0.1921100 0.0000e+00
       1729      2.406    15.0457    15.0930   2.862264   2.891095     2.1394     2.0704     0.0053  0.1921300 0.0000e+00
       1730      2.423    15.0467    15.0928   2.862381   2.891214     2.1391     2.0707     0.0053  0.1921547 0.0000e+00
       1731      2.440    15.0478    15.0927   2.862495   2.891314     2.1388     2.0710     0.0053  0.1921844 0.0000e+00
       1732      2.457    15.0488    15.0925   2.862605   2.891395     2.1385     2.0713     0.0053  0.1922192 0.0000e+00
       1733      2.474    15.0498    15.0922   2.862708   2.891455     2.1382     2.0716     0.0053  0.1922593 0.0000e+00
       1734      2.491    15.0509    15.0919   2.862801   2.891494     2.1379     2.0720     0.0053  0.1923051 0.0000e+00
       1735      2.509    15.0520    15.0915   2.862885   2.891510     2.1376     2.0724     0.0053  0.1923568 0.0000e+00
       1736      2.526    15.0531    15.0911   2.862958   2.891504     2.1374     2.0728     0.0053  0.1924148 0.0000e+00
       1737      2.543    15.0542    15.0907   2.863022   2.891476     2.1371     2.0732     0.0053  0.1924795 0.0000e+00
       1738      2.561    15.0552    15.0902   2.863076   2.891425     2.1369     2.0737     0.0053  0.1925514 0.0000e+00
       1739      2.578    15.0563    15.0897   2.863120   2.891352     2.1366     2.0742     0.0053  0.1926310 0.0000e+00
       1740      2.596    15.0572    15.0892   2.863154   2.891253     2.1364     2.0748     0.0053  0.1927188 0.0000e+00
       1741      2.614    15.0581    15.0887   2.863176   2.891129     2.1362     2.0753     0.0053  0.1928154 0.0000e+00
       1742      2.631    15.0589    15.0882   2.863185   2.890978     2.1360     2.0759     0.0053  0.1929216 0.0000e+00
       1743      2.649    15.0596    15.0877   2.863180   2.890800     2.1358     2.0765     0.0053  0.1930379 0.0000e+00
       1744      2.666    15.0602    15.0871   2.863160   2.890593     2.1356     2.0772     0.0053  0.1931654 0.0000e+00
       1745      2.684    15.0608    15.0866   2.863125   2.890357     2.1355     2.0778     0.0053  0.1933047 0.0000e+00
       1746      2.702    15.0613    15.0861   2.863077   2.890094     2.1353     2.0785     0.0053  0.1934570 0.0000e+00
       1747      2.720    15.0618    15.0855   2.863016   2.889806     2.1351     2.0792     0.0053  0.1936232 0.0000e+00
       1748      2.737    15.0623    15.0850   2.862944   2.889494     2.1350     2.0799     0.0053  0.1938046 0.0000e+00
       1749      2.755    15.0627    15.0844   2.862862   2.889162     2.1349     2.0807     0.0053  0.1940023 0.0000e+00
       1750      2.773    15.0632    15.0838   2.862771   2.888812     2.1347     2.0814     0.0053  0.1942178 0.0000e+00
       1751      2.791    15.0636    15.0833   2.862668   2.888447     2.1346     2.0822     0.0053  0.1944483 0.0000e+00
       1752      2.808    15.0641    15.0827   2.862555   2.888068     2.1345     2.0830     0.0051  0.1946836 0.0000e+00
       1753      2.826    15.0645    15.0821   2.862430   2.887679     2.1344     2.0838     0.0051  0.1949133 0.0000e+00
       1754      2.844    15.0650    15.0814   2.862294   2.887282     2.1344     2.0846     0.0051  0.1951340 0.0000e+00
       1755      2.862    15.0655    15.0808   2.862149   2.886878     2.1343     2.0854     0.0051  0.1953463 0.0000e+00
       1756      2.879    15.0660    15.0802   2.861995   2.886470     2.1342     2.0863     0.0051  0.1955518 0.0000e+00
       1757      2.897    15.0665    15.0795   2.861833   2.886060     2.1341     2.0871     0.0051  0.1957518 0.0000e+00
       1758      2.914    15.0669    15.0789   2.861666   2.885648     2.1341     2.0880     0.0051  0.1959478 0.0000e+00
       1759      2.932    15.0674    15.0782   2.861493   2.885236     2.1340     2.0888     0.0051  0.1961411 0.0000e+00
       1760      2.949    15.0679    15.0776   2.861315   2.884824     2.1340     2.0897     0.0051  0.1963331 0.0000e+00
       1761      2.967    15.0684    15.0769   2.861131   2.884412     2.1339     2.0906     0.0051  0.1965250 0.0000e+00
       1762      2.985    15.0688    15.0762   2.860943   2.884000     2.1339     2.0915     0.0051  0.1967183 0.0000e+00
       1763      3.002    15.0692    15.0756   2.860750   2.883587     2.1339     2.0923     0.0051  0.1969143 0.0000e+00
       1764      3.020    15.0697    15.0749   2.860552   2.883175     2.1338     2.0932     0.0051  0.1971143 0.0000e+00
       1765      3.037    15.0701    15.0743   2.860349   2.882762     2.1338     2.0941     0.0051  0.1973198 0.0000e+00
       1766      3.054    15.0705    15.0736   2.860141   2.882352     2.1338     2.0949     0.0051  0.1975321 0.0000e+00
       1767      3.072    15.0710    15.0730   2.859930   2.881945     2.1338     2.0958     0.0051  0.1977536 0.0000e+00
       1768      3.089    15.0715    15.0724   2.859717   2.881545     2.1337     2.0966     0.0051  0.1979867 0.0000e+00
       1769      3.106    15.0719    15.0718   2.859504   2.881153     2.1337     2.0975     0.0051  0.1982321 0.0000e+00
       1770      3.124    15.0724    15.0713   2.859292   2.880772     2.1337     2.0983     0.0051  0.1984908 0.0000e+00
       1771      3.141    15.0730    15.0707   2.859082   2.880404     2.1337     2.0991     0.0051  0.1987644 0.0000e+00
       1772      3.158    15.0735    15.0702   2.858872   2.880051     2.1336     2.0999     0.0051  0.1990559 0.0000e+00
       1773      3.175    15.0740    15.0696   2.858665   2.879711     2.1336     2.1007     0.0051  0.1993679 0.0000e+00
       1774      3.192    15.0746    15.0691   2.858457   2.879382     2.1336     2.1015     0.0051  0.1997019 0.0000e+00
       1775      3.209    15.0751    15.0685   2.858251   2.879062     2.1336     2.1022     0.0051  0.2000594 0.0000e+00
       1776      3.226    15.0757    15.0679   2.858045   2.878749     2.1335     2.1029     0.0051  0.2004394 0.0000e+00
       1777      3.244    15.0763    15.0673   2.857839   2.878441     2.1335     2.1037     0.0053  0.2008267 0.0000e+00
       1778      3.261    15.0769    15.0667   2.857636   2.878136     2.1334     2.1044     0.0053  0.2011951 0.0000e+00
       1779      3.278    15.0776    15.0660   2.857435   2.877834     2.1334     2.1050     0.0053  0.2015294 0.0000e+00
       1780      3.295    15.0783    15.0653   2.857236   2.877535     2.1333     2.1057     0.0053  0.2018285 0.0000e+00
       1781      3.312    15.0791    15.0645   2.857040   2.877238     2.1333     2.1063     0.0053  0.2020945 0.0000e+00
       1782      3.330    15.0799    15.0637   2.856847   2.876942     2.1332     2.1069     0.0053  0.2023292 0.0000e+00
       1783      3.347    15.0807    15.0629   2.856657   2.876648     2.1332     2.1075     0.0053  0.2025343 0.0000e+00
       1784      3.364    15.0814    15.0619   2.856471   2.876355     2.1331     2.1080     0.0053  0.2027112 0.0000e+00
       1785      3.381    15.0822    15.0609   2.856291   2.876065     2.1330     2.1085     0.0053  0.2028611 0.0000e+00
       1786      3.398    15.0830    15.0598   2.856115   2.875776     2.1329     2.1090     0.0053  0.2029850 0.0000e+00
       1787      3.415    15.0837    15.0585   2.855945   2.875491     2.1328     2.1095     0.0053  0.2030839 0.0000e+00
       1788      3.432    15.0844    15.0572   2.855779   2.875208     2.1327     2.1100     0.0053  0.2031584 0.0000e+00
       1789      3.449    15.0851    15.0557   2.855618   2.874927     2.1326     2.1104     0.0053  0.2032090 0.0000e+00
       1790      3.466    15.0857    15.0541   2.855462   2.874648     2.1325     2.1108     0.0053  0.2032361 0.0000e+00
       1791      3.483    15.0863    15.0525   2.855310   2.874370     2.1323     2.1111     0.0053  0.2032399 0.0000e+00
       1792      3.500    15.0870    15.0506   2.855163   2.874092     2.1322     2.1114     0.0053  0.2032204 0.0000e+00
       1793      3.518    15.0876    15.0487   2.855019   2.873815     2.1320     2.1118     0.0053  0.2031774 0.0000e+00
       1794      3.535    15.0882    15.0467   2.854879   2.873539     2.1318     2.1120     0.0053  0.2031107 0.0000e+00
       1795      3.552    15.0888    15.0445   2.854743   2.873265     2.1316     2.1123     0.0053  0.2030198 0.0000e+00
       1796      3.569    15.0895    15.0422   2.854611   2.872991     2.1315     2.1125     0.0053  0.2029040 0.0000e+00
       1797      3.586    15.0902    15.0398   2.854483   2.872720     2.1313     2.1127     0.0053  0.2027627 0.0000e+00
       1798      3.603    15.0910    15.0373   2.854359   2.872452     2.1310     2.1129     0.0053  0.2025947 0.0000e+00
       1799      3.621    15.0918    15.0348   2.854240   2.872187     2.1308     2.1130     0.0053  0.2023989 0.0000e+00
       1800      3.638    15.0927    15.0321   2.854126   2.871926     2.1306     2.1131     0.0053  0.2021739 0.0000e+00
       1801      3.655    15.0936    15.0294   2.854017   2.871669     2.1304     2.1132     0.0053  0.2019182 0.0000e+00
       1802      3.673    15.0946    15.0267   2.853913   2.871415     2.1301     2.1132     0.0053  0.2016369 0.0000e+00
       1803      3.690    15.0956    15.0240   2.853814   2.871165     2.1298     2.1132     0.0053  0.2013474 0.0000e+00
       1804      3.707    15.0967    15.0213   2.853720   2.870917     2.1296     2.1132     0.0053  0.2010681 0.0000e+00
       1805      3.725    15.0978    15.0186   2.853631   2.870672     2.1293     2.1132     0.0053  0.2008065 0.0000e+00
       1806      3.743    15.0990    15.0160   2.853547   2.870430     2.1290     2.1131     0.0053  0.2005616 0.0000e+00
       1807      3.760    15.1002    15.0135   2.853468   2.870193     2.1287     2.1130     0.0053  0.2003300 0.0000e+00
       1808      3.778    15.1015    15.0112   2.853396   2.869961     2.1283     2.1129     0.0053  0.2001091 0.0000e+00
       1809      3.796    15.1029    15.0091   2.853330   2.869735     2.1280     2.1128     0.0053  0.1998976 0.0000e+00
       1810      3.814    15.1043    15.0071   2.853270   2.869515     2.1276     2.1126     0.0053  0.1996938 0.0000e+00
       1811      3.832    15.1059    15.0053   2.853215   2.869304     2.1273     2.1124     0.0053  0.1994965 0.0000e+00
       1812      3.850    15.1075    15.0037   2.853165   2.869100     2.1269     2.1122     0.0053  0.1993042 0.0000e+00
       1813      3.869    15.1092    15.0023   2.853119   2.868905     2.1265     2.1120     0.0053  0.1991155 0.0000e+00
       1814      3.887    15.1110    15.0012   2.853078   2.868718     2.1261     2.1118     0.0053  0.1989292 0.0000e+00
       1815      3.905    15.1128    15.0003   2.853039   2.868540     2.1257     2.1115     0.0053  0.1987440 0.0000e+00
       1816      3.924    15.1148    14.9996   2.853003   2.868370     2.1253     2.1112     0.0053  0.1985586 0.0000e+00
       1817      3.942    15.1170    14.9992   2.852968   2.868209     2.1248     2.1109     0.0053  0.1983716 0.0000e+00
       1818      3.961    15.1192    14.9990   2.852934   2.868056     2.1244     2.1106     0.0053  0.1981818 0.0000e+00
       1819      3.980    15.1216    14.9990   2.852901   2.867910     2.1240     2.1103     0.0053  0.1979880 0.0000e+00
       1820      3.999    15.1241    14.9993   2.852867   2.867771     2.1235     2.1099     0.0053  0.1977886 0.0000e+00
       1821      4.018    15.1267    14.9997   2.852833   2.867638     2.1230     2.1096     0.0053  0.1975824 0.0000e+00
       1822      4.037    15.1294    15.0003   2.852798   2.867510     2.1226     2.1092     0.0053  0.1973679 0.0000e+00
       1823      4.056    15.1322    15.0010   2.852761   2.867387     2.1221     2.1088     0.0053  0.1971435 0.0000e+00
       1824      4.076    15.1350    15.0017   2.852723   2.867268     2.1216     2.1084     0.0053  0.1969079 0.0000e+00
       1825      4.095    15.1379    15.0024   2.852684   2.867152     2.1211     2.1080     0.0053  0.1966592 0.0000e+00
       1826      4.114    15.1409    15.0030   2.852643   2.867039     2.1206     2.1076     0.0053  0.1963959 0.0000e+00
       1827      4.134    15.1440    15.0036   2.852600   2.866928     2.1201     2.1071     0.0053  0.1961176 0.0000e+00
       1828      4.154    15.1472    15.0041   2.852556   2.866819     2.1196     2.1067     0.0053  0.1958311 0.0000e+00
       1829      4.174    15.1504    15.0044   2.852510   2.866712     2.1191     2.1062     0.0053  0.1955479 0.0000e+00
       1830      4.194    15.1538    15.0047   2.852462   2.866606     2.1186     2.1058     0.0053  0.1952753 0.0000e+00
       1831      4.213    15.1573    15.0047   2.852413   2.866502     2.1180     2.1053     0.0053  0.1950141 0.0000e+00
       1832      4.233    15.1609    15.0045   2.852363   2.866398     2.1175     2.1048     0.0053  0.1947615 0.0000e+00
       1833      4.253    15.1645    15.0041   2.852312   2.866297     2.1170     2.1043     0.0053  0.1945150 0.0000e+00
       1834      4.273    15.1683    15.0033   2.852260   2.866196     2.1164     2.1038     0.0053  0.1942729 0.0000e+00
       1835      4.293    15.1721    15.0022   2.852209   2.866097     2.1159     2.1033     0.0053  0.1940333 0.0000e+00
       1836      4.314    15.1761    15.0006   2.852157   2.865999     2.1153     2.1028     0.0053  0.1937948 0.0000e+00
