code/data/2021/ctd_data_day1/Station 5 210921_ctm_fil.cnv
* Sea-Bird SBE 9 Data File:
* FileName = C:\Users\CTD-User\Desktop\MAR440\Station 5 210921.hex
* Software Version Seasave V 7.26.2.13
* Temperature SN = 6313
* Conductivity SN = 4758
* Number of Bytes Per Scan = 30
* Number of Voltage Words = 4
* Number of Scans Averaged by the Deck Unit = 1
* NMEA baud rate = 4800
** Ship:
** Station:
** Operator:
# nquan = 11
# nvalues = 5809                        
# units = specified
# name 0 = scan: Scan Count
# name 1 = prDM: Pressure, Digiquartz [db]
# name 2 = t090C: Temperature [ITS-90, deg C]
# name 3 = t190C: Temperature, 2 [ITS-90, deg C]
# name 4 = c0S/m: Conductivity [S/m]
# name 5 = c1S/m: Conductivity, 2 [S/m]
# name 6 = sbeox0V: Oxygen raw, SBE 43 [V]
# name 7 = sbeox1V: Oxygen raw, SBE 43, 2 [V]
# name 8 = flECO-AFL: Fluorescence, WET Labs ECO-AFL/FL [mg/m^3]
# name 9 = upoly0: Upoly 0, Turbidity
# name 10 = flag:  0.000e+00
# span 0 =          1,       5809       
# span 1 =      0.548,     26.491       
# span 2 =    11.4362,    16.1548       
# span 3 =    11.4092,    16.1555       
# span 4 =   2.871998,   3.809176       
# span 5 =   2.884333,   3.810449       
# span 6 =     0.8579,     2.8199       
# span 7 =     0.9206,     2.7849       
# span 8 =     0.0035,     0.0101       
# span 9 =  0.0869564,  0.1626645       
# span 10 = 0.0000e+00, 0.0000e+00      
# interval = seconds: 0.0416667
# start_time = Sep 21 2021 10:32:06 [System UTC, header]
# bad_flag = -9.990e-29
*END*
[from data line 5246]
       5247     25.956    11.9409    11.8929   3.690099   3.687398     0.8933     0.9459     0.0088  0.0881748 0.0000e+00
       5248     25.956    11.9406    11.8948   3.690044   3.687484     0.8933     0.9459     0.0088  0.0881688 0.0000e+00
       5249     25.955    11.9405    11.8967   3.689992   3.687565     0.8933     0.9459     0.0088  0.0881646 0.0000e+00
       5250     25.955    11.9409    11.8990   3.689945   3.687641     0.8934     0.9459     0.0088  0.0881621 0.0000e+00
       5251     25.955    11.9414    11.9013   3.689902   3.687713     0.8934     0.9458     0.0088  0.0881606 0.0000e+00
       5252     25.954    11.9418    11.9032   3.689862   3.687778     0.8934     0.9458     0.0088  0.0881583 0.0000e+00
       5253     25.954    11.9421    11.9049   3.689824   3.687837     0.8935     0.9458     0.0088  0.0881552 0.0000e+00
       5254     25.954    11.9422    11.9063   3.689790   3.687888     0.8935     0.9458     0.0088  0.0881521 0.0000e+00
       5255     25.953    11.9422    11.9074   3.689760   3.687933     0.8935     0.9457     0.0088  0.0881481 0.0000e+00
       5256     25.953    11.9422    11.9084   3.689732   3.687971     0.8936     0.9457     0.0088  0.0881433 0.0000e+00
       5257     25.953    11.9420    11.9091   3.689707   3.688001     0.8936     0.9457     0.0088  0.0881392 0.0000e+00
       5258     25.953    11.9418    11.9097   3.689682   3.688023     0.8937     0.9456     0.0088  0.0881359 0.0000e+00
       5259     25.953    11.9415    11.9100   3.689656   3.688034     0.8937     0.9456     0.0088  0.0881325 0.0000e+00
       5260     25.952    11.9410    11.9101   3.689629   3.688034     0.8937     0.9456     0.0088  0.0881298 0.0000e+00
       5261     25.952    11.9405    11.9099   3.689600   3.688022     0.8938     0.9456     0.0088  0.0881286 0.0000e+00
       5262     25.952    11.9399    11.9094   3.689569   3.687996     0.8939     0.9455     0.0088  0.0881281 0.0000e+00
       5263     25.952    11.9391    11.9085   3.689535   3.687956     0.8939     0.9455     0.0088  0.0881266 0.0000e+00
       5264     25.952    11.9382    11.9074   3.689498   3.687902     0.8939     0.9455     0.0088  0.0881233 0.0000e+00
       5265     25.952    11.9374    11.9064   3.689459   3.687837     0.8939     0.9455     0.0088  0.0881197 0.0000e+00
       5266     25.953    11.9366    11.9053   3.689418   3.687761     0.8939     0.9455     0.0086  0.0881184 0.0000e+00
       5267     25.953    11.9357    11.9041   3.689372   3.687675     0.8939     0.9455     0.0084  0.0881195 0.0000e+00
       5268     25.953    11.9346    11.9027   3.689321   3.687581     0.8939     0.9455     0.0082  0.0881211 0.0000e+00
       5269     25.953    11.9333    11.9010   3.689265   3.687479     0.8939     0.9455     0.0082  0.0881226 0.0000e+00
       5270     25.953    11.9318    11.8991   3.689204   3.687371     0.8939     0.9456     0.0082  0.0881247 0.0000e+00
       5271     25.953    11.9301    11.8970   3.689137   3.687257     0.8939     0.9456     0.0082  0.0881274 0.0000e+00
       5272     25.953    11.9283    11.8947   3.689066   3.687137     0.8939     0.9456     0.0082  0.0881300 0.0000e+00
       5273     25.953    11.9266    11.8926   3.688991   3.687014     0.8939     0.9456     0.0082  0.0881332 0.0000e+00
       5274     25.953    11.9252    11.8910   3.688913   3.686888     0.8939     0.9457     0.0082  0.0881372 0.0000e+00
       5275     25.953    11.9239    11.8895   3.688829   3.686760     0.8939     0.9457     0.0082  0.0881402 0.0000e+00
       5276     25.953    11.9224    11.8877   3.688739   3.686632     0.8939     0.9457     0.0082  0.0881414 0.0000e+00
       5277     25.954    11.9207    11.8858   3.688642   3.686507     0.8939     0.9458     0.0082  0.0881409 0.0000e+00
       5278     25.954    11.9189    11.8839   3.688540   3.686388     0.8938     0.9458     0.0082  0.0881394 0.0000e+00
       5279     25.954    11.9173    11.8824   3.688431   3.686275     0.8938     0.9459     0.0082  0.0881378 0.0000e+00
       5280     25.955    11.9156    11.8812   3.688317   3.686168     0.8937     0.9459     0.0082  0.0881361 0.0000e+00
       5281     25.955    11.9137    11.8800   3.688195   3.686065     0.8936     0.9460     0.0082  0.0881352 0.0000e+00
       5282     25.955    11.9116    11.8786   3.688067   3.685966     0.8936     0.9460     0.0082  0.0881350 0.0000e+00
       5283     25.956    11.9093    11.8772   3.687931   3.685872     0.8935     0.9461     0.0082  0.0881347 0.0000e+00
       5284     25.956    11.9067    11.8756   3.687786   3.685782     0.8935     0.9462     0.0082  0.0881342 0.0000e+00
       5285     25.956    11.9037    11.8741   3.687633   3.685697     0.8935     0.9462     0.0082  0.0881328 0.0000e+00
       5286     25.957    11.9005    11.8725   3.687469   3.685616     0.8934     0.9463     0.0082  0.0881295 0.0000e+00
       5287     25.957    11.8970    11.8710   3.687295   3.685540     0.8934     0.9463     0.0082  0.0881252 0.0000e+00
       5288     25.958    11.8931    11.8695   3.687108   3.685468     0.8934     0.9464     0.0082  0.0881207 0.0000e+00
       5289     25.958    11.8888    11.8679   3.686908   3.685399     0.8934     0.9465     0.0081  0.0881160 0.0000e+00
       5290     25.959    11.8848    11.8669   3.686696   3.685333     0.8934     0.9465     0.0082  0.0881119 0.0000e+00
       5291     25.959    11.8815    11.8671   3.686476   3.685271     0.8933     0.9466     0.0082  0.0881092 0.0000e+00
       5292     25.960    11.8786    11.8678   3.686249   3.685210     0.8933     0.9467     0.0081  0.0881080 0.0000e+00
       5293     25.960    11.8759    11.8686   3.686016   3.685146     0.8932     0.9467     0.0082  0.0881081 0.0000e+00
       5294     25.961    11.8732    11.8692   3.685782   3.685077     0.8931     0.9468     0.0082  0.0881096 0.0000e+00
       5295     25.962    11.8705    11.8697   3.685548   3.685003     0.8930     0.9469     0.0082  0.0881116 0.0000e+00
       5296     25.962    11.8679    11.8701   3.685313   3.684925     0.8929     0.9470     0.0082  0.0881133 0.0000e+00
       5297     25.963    11.8652    11.8703   3.685076   3.684845     0.8928     0.9470     0.0082  0.0881148 0.0000e+00
       5298     25.963    11.8624    11.8704   3.684835   3.684764     0.8927     0.9471     0.0082  0.0881160 0.0000e+00
       5299     25.964    11.8595    11.8704   3.684592   3.684683     0.8927     0.9472     0.0082  0.0881179 0.0000e+00
       5300     25.964    11.8564    11.8704   3.684349   3.684605     0.8926     0.9472     0.0082  0.0881203 0.0000e+00
       5301     25.965    11.8535    11.8702   3.684112   3.684527     0.8925     0.9473     0.0082  0.0881225 0.0000e+00
       5302     25.966    11.8506    11.8700   3.683880   3.684451     0.8925     0.9474     0.0082  0.0881245 0.0000e+00
       5303     25.967    11.8478    11.8697   3.683653   3.684375     0.8924     0.9474     0.0082  0.0881254 0.0000e+00
       5304     25.967    11.8451    11.8694   3.683428   3.684300     0.8924     0.9475     0.0082  0.0881253 0.0000e+00
       5305     25.968    11.8426    11.8690   3.683207   3.684225     0.8923     0.9476     0.0082  0.0881250 0.0000e+00
       5306     25.969    11.8406    11.8686   3.682992   3.684150     0.8923     0.9476     0.0082  0.0881237 0.0000e+00
       5307     25.969    11.8390    11.8682   3.682784   3.684074     0.8922     0.9477     0.0082  0.0881205 0.0000e+00
       5308     25.970    11.8379    11.8676   3.682584   3.683995     0.8922     0.9478     0.0082  0.0881153 0.0000e+00
       5309     25.971    11.8371    11.8670   3.682392   3.683910     0.8921     0.9478     0.0082  0.0881082 0.0000e+00
       5310     25.972    11.8365    11.8663   3.682208   3.683818     0.8920     0.9479     0.0082  0.0881000 0.0000e+00
       5311     25.973    11.8360    11.8654   3.682032   3.683718     0.8920     0.9479     0.0082  0.0880922 0.0000e+00
       5312     25.973    11.8355    11.8644   3.681863   3.683606     0.8919     0.9480     0.0081  0.0880857 0.0000e+00
       5313     25.974    11.8351    11.8633   3.681704   3.683481     0.8919     0.9480     0.0082  0.0880804 0.0000e+00
       5314     25.975    11.8348    11.8620   3.681555   3.683340     0.8918     0.9481     0.0082  0.0880763 0.0000e+00
       5315     25.976    11.8346    11.8606   3.681419   3.683180     0.8918     0.9481     0.0082  0.0880734 0.0000e+00
       5316     25.977    11.8346    11.8589   3.681292   3.682999     0.8917     0.9482     0.0082  0.0880717 0.0000e+00
       5317     25.978    11.8347    11.8569   3.681172   3.682796     0.8917     0.9482     0.0082  0.0880702 0.0000e+00
       5318     25.979    11.8348    11.8547   3.681059   3.682570     0.8916     0.9482     0.0082  0.0880681 0.0000e+00
       5319     25.980    11.8349    11.8522   3.680952   3.682328     0.8916     0.9482     0.0082  0.0880663 0.0000e+00
       5320     25.980    11.8351    11.8495   3.680854   3.682076     0.8915     0.9483     0.0082  0.0880657 0.0000e+00
       5321     25.981    11.8354    11.8466   3.680767   3.681821     0.8915     0.9483     0.0082  0.0880661 0.0000e+00
       5322     25.983    11.8357    11.8436   3.680693   3.681571     0.8914     0.9483     0.0082  0.0880667 0.0000e+00
       5323     25.984    11.8360    11.8404   3.680637   3.681330     0.8914     0.9483     0.0082  0.0880668 0.0000e+00
       5324     25.985    11.8363    11.8370   3.680600   3.681101     0.8913     0.9483     0.0082  0.0880671 0.0000e+00
       5325     25.986    11.8366    11.8335   3.680585   3.680885     0.8913     0.9484     0.0082  0.0880685 0.0000e+00
       5326     25.987    11.8370    11.8302   3.680594   3.680684     0.8912     0.9484     0.0082  0.0880710 0.0000e+00
       5327     25.988    11.8378    11.8272   3.680632   3.680495     0.8912     0.9484     0.0082  0.0880738 0.0000e+00
       5328     25.989    11.8389    11.8245   3.680698   3.680317     0.8911     0.9484     0.0082  0.0880761 0.0000e+00
       5329     25.990    11.8402    11.8216   3.680794   3.680145     0.8910     0.9484     0.0082  0.0880778 0.0000e+00
       5330     25.991    11.8418    11.8187   3.680916   3.679980     0.8910     0.9483     0.0082  0.0880790 0.0000e+00
       5331     25.992    11.8437    11.8158   3.681060   3.679820     0.8909     0.9483     0.0082  0.0880797 0.0000e+00
       5332     25.993    11.8458    11.8128   3.681220   3.679665     0.8908     0.9483     0.0082  0.0880799 0.0000e+00
       5333     25.994    11.8479    11.8099   3.681389   3.679515     0.8908     0.9483     0.0082  0.0880805 0.0000e+00
       5334     25.995    11.8500    11.8068   3.681564   3.679366     0.8907     0.9483     0.0082  0.0880822 0.0000e+00
       5335     25.996    11.8521    11.8038   3.681743   3.679217     0.8907     0.9483     0.0082  0.0880851 0.0000e+00
       5336     25.997    11.8541    11.8007   3.681923   3.679066     0.8907     0.9483     0.0082  0.0880893 0.0000e+00
       5337     25.998    11.8559    11.7976   3.682099   3.678911     0.8906     0.9482     0.0082  0.0880948 0.0000e+00
       5338     25.999    11.8575    11.7949   3.682265   3.678754     0.8905     0.9482     0.0082  0.0881006 0.0000e+00
       5339     26.000    11.8586    11.7922   3.682412   3.678596     0.8904     0.9482     0.0082  0.0881061 0.0000e+00
       5340     26.001    11.8592    11.7896   3.682536   3.678439     0.8903     0.9481     0.0082  0.0881122 0.0000e+00
       5341     26.002    11.8596    11.7873   3.682634   3.678285     0.8902     0.9481     0.0082  0.0881196 0.0000e+00
       5342     26.003    11.8599    11.7856   3.682705   3.678136     0.8901     0.9481     0.0082  0.0881286 0.0000e+00
       5343     26.004    11.8602    11.7846   3.682749   3.677995     0.8900     0.9480     0.0082  0.0881382 0.0000e+00
       5344     26.005    11.8602    11.7839   3.682768   3.677861     0.8898     0.9480     0.0081  0.0881468 0.0000e+00
       5345     26.006    11.8597    11.7833   3.682763   3.677735     0.8897     0.9479     0.0081  0.0881538 0.0000e+00
       5346     26.007    11.8587    11.7826   3.682736   3.677619     0.8896     0.9479     0.0081  0.0881590 0.0000e+00
       5347     26.008    11.8572    11.7818   3.682687   3.677513     0.8895     0.9478     0.0081  0.0881634 0.0000e+00
       5348     26.009    11.8554    11.7808   3.682621   3.677418     0.8894     0.9478     0.0081  0.0881679 0.0000e+00
       5349     26.010    11.8533    11.7799   3.682542   3.677336     0.8893     0.9477     0.0081  0.0881717 0.0000e+00
       5350     26.010    11.8512    11.7792   3.682459   3.677266     0.8892     0.9476     0.0081  0.0881747 0.0000e+00
       5351     26.011    11.8494    11.7789   3.682374   3.677210     0.8890     0.9476     0.0081  0.0881779 0.0000e+00
       5352     26.012    11.8476    11.7788   3.682291   3.677168     0.8889     0.9475     0.0081  0.0881805 0.0000e+00
       5353     26.013    11.8456    11.7786   3.682208   3.677138     0.8887     0.9474     0.0081  0.0881815 0.0000e+00
       5354     26.013    11.8435    11.7783   3.682124   3.677123     0.8886     0.9473     0.0081  0.0881810 0.0000e+00
       5355     26.014    11.8411    11.7778   3.682038   3.677122     0.8885     0.9473     0.0081  0.0881799 0.0000e+00
       5356     26.015    11.8386    11.7773   3.681951   3.677135     0.8883     0.9472     0.0081  0.0881789 0.0000e+00
       5357     26.016    11.8359    11.7768   3.681863   3.677161     0.8882     0.9471     0.0081  0.0881782 0.0000e+00
       5358     26.016    11.8333    11.7763   3.681781   3.677199     0.8881     0.9470     0.0081  0.0881784 0.0000e+00
       5359     26.017    11.8310    11.7757   3.681709   3.677248     0.8880     0.9469     0.0081  0.0881806 0.0000e+00
       5360     26.017    11.8293    11.7755   3.681654   3.677311     0.8879     0.9468     0.0081  0.0881846 0.0000e+00
       5361     26.018    11.8287    11.7759   3.681616   3.677389     0.8877     0.9468     0.0081  0.0881906 0.0000e+00
       5362     26.019    11.8286    11.7767   3.681594   3.677481     0.8876     0.9467     0.0081  0.0881985 0.0000e+00
       5363     26.019    11.8287    11.7775   3.681584   3.677583     0.8875     0.9466     0.0081  0.0882085 0.0000e+00
       5364     26.020    11.8288    11.7783   3.681580   3.677693     0.8874     0.9465     0.0081  0.0882196 0.0000e+00
       5365     26.020    11.8293    11.7794   3.681580   3.677806     0.8872     0.9463     0.0081  0.0882313 0.0000e+00
       5366     26.021    11.8302    11.7812   3.681586   3.677920     0.8871     0.9462     0.0081  0.0882435 0.0000e+00
       5367     26.021    11.8312    11.7831   3.681596   3.678031     0.8869     0.9461     0.0079  0.0882555 0.0000e+00
       5368     26.022    11.8322    11.7850   3.681611   3.678134     0.8868     0.9460     0.0081  0.0882665 0.0000e+00
       5369     26.022    11.8330    11.7866   3.681632   3.678230     0.8866     0.9459     0.0081  0.0882766 0.0000e+00
       5370     26.023    11.8336    11.7878   3.681659   3.678323     0.8865     0.9458     0.0082  0.0882858 0.0000e+00
       5371     26.023    11.8342    11.7886   3.681692   3.678415     0.8864     0.9456     0.0082  0.0882943 0.0000e+00
       5372     26.024    11.8346    11.7891   3.681730   3.678511     0.8863     0.9455     0.0082  0.0883020 0.0000e+00
       5373     26.024    11.8349    11.7895   3.681771   3.678611     0.8862     0.9454     0.0082  0.0883092 0.0000e+00
       5374     26.024    11.8350    11.7895   3.681814   3.678715     0.8860     0.9453     0.0082  0.0883156 0.0000e+00
       5375     26.025    11.8349    11.7894   3.681860   3.678820     0.8859     0.9451     0.0082  0.0883216 0.0000e+00
       5376     26.025    11.8347    11.7892   3.681909   3.678926     0.8858     0.9450     0.0084  0.0883270 0.0000e+00
       5377     26.026    11.8347    11.7893   3.681960   3.679035     0.8857     0.9449     0.0082  0.0883319 0.0000e+00
