code/data/2021/ctd_data_day1/Station 5 210921_ctm_fil.cnv
* Sea-Bird SBE 9 Data File:
* FileName = C:\Users\CTD-User\Desktop\MAR440\Station 5 210921.hex
* Software Version Seasave V 7.26.2.13
* Temperature SN = 6313
* Conductivity SN = 4758
* Number of Bytes Per Scan = 30
* Number of Voltage Words = 4
* Number of Scans Averaged by the Deck Unit = 1
* NMEA baud rate = 4800
** Ship:
** Station:
** Operator:
# nquan = 11
# nvalues = 5809                        
# units = specified
# name 0 = scan: Scan Count
# name 1 = prDM: Pressure, Digiquartz [db]
# name 2 = t090C: Temperature [ITS-90, deg C]
# name 3 = t190C: Temperature, 2 [ITS-90, deg C]
# name 4 = c0S/m: Conductivity [S/m]
# name 5 = c1S/m: Conductivity, 2 [S/m]
# name 6 = sbeox0V: Oxygen raw, SBE 43 [V]
# name 7 = sbeox1V: Oxygen raw, SBE 43, 2 [V]
# name 8 = flECO-AFL: Fluorescence, WET Labs ECO-AFL/FL [mg/m^3]
# name 9 = upoly0: Upoly 0, Turbidity
# name 10 = flag:  0.000e+00
# span 0 =          1,       5809       
# span 1 =      0.548,     26.491       
# span 2 =    11.4362,    16.1548       
# span 3 =    11.4092,    16.1555       
# span 4 =   2.871998,   3.809176       
# span 5 =   2.884333,   3.810449       
# span 6 =     0.8579,     2.8199       
# span 7 =     0.9206,     2.7849       
# span 8 =     0.0035,     0.0101       
# span 9 =  0.0869564,  0.1626645       
# span 10 = 0.0000e+00, 0.0000e+00      
# interval = seconds: 0.0416667
# start_time = Sep 21 2021 10:32:06 [System UTC, header]
# bad_flag = -9.990e-29
*END*
[from data line 1443]
       1444      8.264    15.3271    15.4869   3.040238   3.105624     2.4385     2.5264     0.0040  0.1108723 0.0000e+00
       1445      8.243    15.3216    15.4876   3.038173   3.106834     2.4404     2.5280     0.0040  0.1114553 0.0000e+00
       1446      8.221    15.3163    15.4883   3.036148   3.108075     2.4424     2.5295     0.0040  0.1120143 0.0000e+00
       1447      8.200    15.3112    15.4889   3.034183   3.109341     2.4443     2.5309     0.0040  0.1125543 0.0000e+00
       1448      8.179    15.3063    15.4896   3.032277   3.110624     2.4462     2.5323     0.0040  0.1130787 0.0000e+00
       1449      8.157    15.3016    15.4901   3.030435   3.111909     2.4481     2.5336     0.0040  0.1135915 0.0000e+00
       1450      8.136    15.2971    15.4906   3.028675   3.113160     2.4500     2.5349     0.0040  0.1140960 0.0000e+00
       1451      8.115    15.2930    15.4910   3.027020   3.114327     2.4518     2.5362     0.0040  0.1145958 0.0000e+00
       1452      8.094    15.2891    15.4911   3.025482   3.115370     2.4537     2.5374     0.0040  0.1150945 0.0000e+00
       1453      8.073    15.2856    15.4909   3.024058   3.116249     2.4555     2.5385     0.0040  0.1155953 0.0000e+00
       1454      8.051    15.2823    15.4903   3.022744   3.116918     2.4573     2.5396     0.0040  0.1161019 0.0000e+00
       1455      8.030    15.2794    15.4893   3.021548   3.117334     2.4591     2.5407     0.0040  0.1166187 0.0000e+00
       1456      8.009    15.2768    15.4878   3.020483   3.117462     2.4609     2.5417     0.0040  0.1171499 0.0000e+00
       1457      7.988    15.2746    15.4857   3.019559   3.117270     2.4626     2.5427     0.0040  0.1176986 0.0000e+00
       1458      7.966    15.2727    15.4829   3.018777   3.116732     2.4644     2.5436     0.0040  0.1182677 0.0000e+00
       1459      7.945    15.2712    15.4793   3.018128   3.115834     2.4661     2.5445     0.0040  0.1188610 0.0000e+00
       1460      7.924    15.2700    15.4750   3.017599   3.114573     2.4678     2.5454     0.0040  0.1194829 0.0000e+00
       1461      7.903    15.2691    15.4702   3.017177   3.112974     2.4695     2.5462     0.0040  0.1201375 0.0000e+00
       1462      7.881    15.2683    15.4651   3.016847   3.111124     2.4712     2.5469     0.0040  0.1208294 0.0000e+00
       1463      7.860    15.2678    15.4601   3.016597   3.109155     2.4729     2.5477     0.0040  0.1215644 0.0000e+00
       1464      7.839    15.2673    15.4553   3.016409   3.107174     2.4746     2.5483     0.0040  0.1223483 0.0000e+00
       1465      7.818    15.2669    15.4506   3.016256   3.105226     2.4763     2.5490     0.0040  0.1231858 0.0000e+00
       1466      7.796    15.2665    15.4459   3.016108   3.103309     2.4780     2.5496     0.0040  0.1240818 0.0000e+00
       1467      7.775    15.2661    15.4413   3.015932   3.101411     2.4797     2.5502     0.0040  0.1250375 0.0000e+00
       1468      7.754    15.2654    15.4370   3.015691   3.099523     2.4813     2.5507     0.0042  0.1260247 0.0000e+00
       1469      7.732    15.2644    15.4329   3.015357   3.097659     2.4830     2.5512     0.0042  0.1269857 0.0000e+00
       1470      7.711    15.2630    15.4291   3.014901   3.095839     2.4847     2.5516     0.0042  0.1278822 0.0000e+00
       1471      7.689    15.2612    15.4256   3.014303   3.094080     2.4864     2.5520     0.0042  0.1287110 0.0000e+00
       1472      7.668    15.2590    15.4223   3.013558   3.092384     2.4880     2.5524     0.0042  0.1294797 0.0000e+00
       1473      7.647    15.2564    15.4192   3.012681   3.090730     2.4897     2.5528     0.0042  0.1301953 0.0000e+00
       1474      7.625    15.2536    15.4161   3.011704   3.089085     2.4914     2.5531     0.0042  0.1308645 0.0000e+00
       1475      7.604    15.2507    15.4130   3.010669   3.087413     2.4931     2.5533     0.0042  0.1314927 0.0000e+00
       1476      7.582    15.2476    15.4098   3.009607   3.085679     2.4948     2.5536     0.0042  0.1320844 0.0000e+00
       1477      7.561    15.2444    15.4062   3.008524   3.083839     2.4965     2.5537     0.0042  0.1326436 0.0000e+00
       1478      7.539    15.2412    15.4023   3.007412   3.081848     2.4982     2.5539     0.0042  0.1331743 0.0000e+00
       1479      7.518    15.2378    15.3979   3.006261   3.079676     2.5000     2.5540     0.0042  0.1336801 0.0000e+00
       1480      7.496    15.2344    15.3930   3.005072   3.077322     2.5017     2.5540     0.0042  0.1341645 0.0000e+00
       1481      7.475    15.2309    15.3877   3.003852   3.074805     2.5035     2.5540     0.0042  0.1346310 0.0000e+00
       1482      7.453    15.2273    15.3820   3.002617   3.072151     2.5053     2.5539     0.0042  0.1350819 0.0000e+00
       1483      7.431    15.2239    15.3760   3.001389   3.069391     2.5071     2.5539     0.0042  0.1355186 0.0000e+00
       1484      7.410    15.2205    15.3699   3.000193   3.066554     2.5089     2.5537     0.0042  0.1359443 0.0000e+00
       1485      7.388    15.2173    15.3635   2.999043   3.063647     2.5107     2.5535     0.0042  0.1363626 0.0000e+00
       1486      7.367    15.2143    15.3567   2.997944   3.060641     2.5126     2.5533     0.0042  0.1367766 0.0000e+00
       1487      7.345    15.2114    15.3495   2.996894   3.057495     2.5145     2.5530     0.0042  0.1371899 0.0000e+00
       1488      7.324    15.2086    15.3420   2.995892   3.054203     2.5164     2.5527     0.0042  0.1376063 0.0000e+00
       1489      7.302    15.2060    15.3342   2.994930   3.050813     2.5183     2.5523     0.0042  0.1380278 0.0000e+00
       1490      7.280    15.2035    15.3265   2.994001   3.047422     2.5202     2.5519     0.0042  0.1384565 0.0000e+00
       1491      7.259    15.2010    15.3190   2.993102   3.044125     2.5222     2.5515     0.0042  0.1388963 0.0000e+00
       1492      7.238    15.1987    15.3119   2.992235   3.041001     2.5242     2.5510     0.0042  0.1393510 0.0000e+00
       1493      7.216    15.1965    15.3053   2.991404   3.038102     2.5262     2.5505     0.0042  0.1398169 0.0000e+00
       1494      7.194    15.1943    15.2993   2.990616   3.035434     2.5283     2.5500     0.0042  0.1402771 0.0000e+00
       1495      7.173    15.1924    15.2936   2.989876   3.032968     2.5303     2.5495     0.0042  0.1407125 0.0000e+00
       1496      7.151    15.1905    15.2884   2.989182   3.030661     2.5324     2.5489     0.0042  0.1411170 0.0000e+00
       1497      7.129    15.1887    15.2833   2.988531   3.028477     2.5345     2.5483     0.0042  0.1414931 0.0000e+00
       1498      7.108    15.1871    15.2785   2.987920   3.026394     2.5366     2.5478     0.0042  0.1418446 0.0000e+00
       1499      7.086    15.1855    15.2739   2.987347   3.024394     2.5387     2.5472     0.0042  0.1421737 0.0000e+00
       1500      7.065    15.1841    15.2694   2.986810   3.022455     2.5409     2.5466     0.0042  0.1424828 0.0000e+00
       1501      7.044    15.1827    15.2649   2.986303   3.020552     2.5430     2.5461     0.0042  0.1427749 0.0000e+00
       1502      7.022    15.1814    15.2603   2.985816   3.018660     2.5451     2.5455     0.0042  0.1430529 0.0000e+00
       1503      7.001    15.1801    15.2556   2.985342   3.016750     2.5473     2.5450     0.0042  0.1433178 0.0000e+00
       1504      6.979    15.1788    15.2507   2.984878   3.014790     2.5495     2.5445     0.0042  0.1435706 0.0000e+00
       1505      6.957    15.1775    15.2456   2.984424   3.012767     2.5516     2.5440     0.0042  0.1438140 0.0000e+00
       1506      6.936    15.1763    15.2404   2.983984   3.010701     2.5538     2.5435     0.0042  0.1440505 0.0000e+00
       1507      6.914    15.1752    15.2352   2.983563   3.008637     2.5559     2.5431     0.0042  0.1442808 0.0000e+00
       1508      6.893    15.1741    15.2302   2.983163   3.006616     2.5581     2.5427     0.0042  0.1445058 0.0000e+00
       1509      6.871    15.1730    15.2253   2.982781   3.004669     2.5602     2.5424     0.0042  0.1447271 0.0000e+00
       1510      6.849    15.1719    15.2207   2.982412   3.002817     2.5623     2.5421     0.0042  0.1449460 0.0000e+00
       1511      6.828    15.1709    15.2164   2.982050   3.001070     2.5645     2.5418     0.0042  0.1451642 0.0000e+00
       1512      6.806    15.1698    15.2123   2.981689   2.999431     2.5666     2.5416     0.0042  0.1453833 0.0000e+00
       1513      6.784    15.1687    15.2085   2.981330   2.997897     2.5687     2.5414     0.0042  0.1456046 0.0000e+00
       1514      6.763    15.1676    15.2049   2.980971   2.996464     2.5709     2.5412     0.0042  0.1458297 0.0000e+00
       1515      6.741    15.1665    15.2015   2.980613   2.995124     2.5730     2.5412     0.0042  0.1460612 0.0000e+00
       1516      6.719    15.1654    15.1984   2.980256   2.993872     2.5751     2.5412     0.0042  0.1463013 0.0000e+00
       1517      6.698    15.1643    15.1954   2.979899   2.992702     2.5772     2.5412     0.0042  0.1465510 0.0000e+00
       1518      6.676    15.1632    15.1926   2.979542   2.991607     2.5793     2.5413     0.0042  0.1468103 0.0000e+00
       1519      6.654    15.1621    15.1899   2.979187   2.990581     2.5814     2.5415     0.0042  0.1470734 0.0000e+00
       1520      6.633    15.1610    15.1874   2.978836   2.989622     2.5835     2.5417     0.0042  0.1473275 0.0000e+00
       1521      6.611    15.1599    15.1850   2.978493   2.988724     2.5856     2.5421     0.0042  0.1475652 0.0000e+00
       1522      6.589    15.1589    15.1828   2.978164   2.987885     2.5877     2.5425     0.0042  0.1477865 0.0000e+00
       1523      6.567    15.1579    15.1807   2.977856   2.987099     2.5898     2.5429     0.0042  0.1479928 0.0000e+00
       1524      6.545    15.1571    15.1787   2.977572   2.986365     2.5919     2.5435     0.0042  0.1481855 0.0000e+00
       1525      6.524    15.1563    15.1769   2.977314   2.985679     2.5940     2.5441     0.0042  0.1483661 0.0000e+00
       1526      6.502    15.1556    15.1751   2.977082   2.985040     2.5961     2.5449     0.0042  0.1485358 0.0000e+00
       1527      6.480    15.1549    15.1735   2.976877   2.984444     2.5982     2.5457     0.0042  0.1486957 0.0000e+00
       1528      6.458    15.1544    15.1720   2.976699   2.983889     2.6003     2.5465     0.0042  0.1488471 0.0000e+00
       1529      6.436    15.1539    15.1706   2.976550   2.983372     2.6024     2.5475     0.0042  0.1489908 0.0000e+00
       1530      6.414    15.1536    15.1692   2.976430   2.982891     2.6045     2.5485     0.0042  0.1491280 0.0000e+00
       1531      6.392    15.1533    15.1680   2.976337   2.982442     2.6066     2.5497     0.0042  0.1492596 0.0000e+00
       1532      6.371    15.1531    15.1668   2.976267   2.982024     2.6087     2.5509     0.0042  0.1493864 0.0000e+00
       1533      6.349    15.1529    15.1657   2.976216   2.981634     2.6108     2.5521     0.0042  0.1495095 0.0000e+00
       1534      6.327    15.1528    15.1646   2.976176   2.981274     2.6129     2.5535     0.0042  0.1496296 0.0000e+00
       1535      6.305    15.1526    15.1637   2.976138   2.980944     2.6150     2.5549     0.0042  0.1497475 0.0000e+00
       1536      6.283    15.1525    15.1628   2.976100   2.980643     2.6171     2.5564     0.0042  0.1498642 0.0000e+00
       1537      6.261    15.1523    15.1620   2.976057   2.980371     2.6192     2.5580     0.0042  0.1499803 0.0000e+00
       1538      6.239    15.1521    15.1613   2.976005   2.980126     2.6213     2.5597     0.0042  0.1500968 0.0000e+00
       1539      6.217    15.1519    15.1606   2.975941   2.979907     2.6234     2.5614     0.0042  0.1502144 0.0000e+00
       1540      6.196    15.1516    15.1600   2.975867   2.979714     2.6255     2.5632     0.0042  0.1503339 0.0000e+00
       1541      6.174    15.1513    15.1594   2.975783   2.979544     2.6276     2.5651     0.0042  0.1504562 0.0000e+00
       1542      6.152    15.1511    15.1589   2.975695   2.979398     2.6297     2.5670     0.0042  0.1505822 0.0000e+00
       1543      6.130    15.1508    15.1585   2.975607   2.979275     2.6318     2.5690     0.0042  0.1507126 0.0000e+00
       1544      6.108    15.1506    15.1581   2.975523   2.979174     2.6339     2.5710     0.0044  0.1508467 0.0000e+00
       1545      6.086    15.1503    15.1577   2.975444   2.979093     2.6359     2.5732     0.0044  0.1509804 0.0000e+00
       1546      6.064    15.1501    15.1574   2.975376   2.979027     2.6380     2.5753     0.0044  0.1511086 0.0000e+00
       1547      6.042    15.1500    15.1571   2.975323   2.978970     2.6401     2.5775     0.0044  0.1512289 0.0000e+00
       1548      6.020    15.1499    15.1568   2.975286   2.978917     2.6422     2.5798     0.0044  0.1513411 0.0000e+00
       1549      5.998    15.1498    15.1565   2.975265   2.978863     2.6442     2.5821     0.0044  0.1514462 0.0000e+00
       1550      5.976    15.1498    15.1562   2.975258   2.978803     2.6463     2.5845     0.0044  0.1515447 0.0000e+00
       1551      5.954    15.1499    15.1558   2.975261   2.978732     2.6483     2.5868     0.0044  0.1516375 0.0000e+00
       1552      5.933    15.1499    15.1555   2.975272   2.978649     2.6503     2.5893     0.0044  0.1517251 0.0000e+00
       1553      5.911    15.1500    15.1552   2.975287   2.978556     2.6524     2.5917     0.0044  0.1518091 0.0000e+00
       1554      5.889    15.1500    15.1549   2.975302   2.978453     2.6544     2.5942     0.0044  0.1518916 0.0000e+00
       1555      5.867    15.1501    15.1546   2.975311   2.978342     2.6564     2.5967     0.0044  0.1519741 0.0000e+00
       1556      5.845    15.1501    15.1543   2.975312   2.978224     2.6584     2.5992     0.0044  0.1520564 0.0000e+00
       1557      5.823    15.1502    15.1540   2.975306   2.978102     2.6603     2.6018     0.0044  0.1521373 0.0000e+00
       1558      5.801    15.1502    15.1536   2.975296   2.977975     2.6623     2.6043     0.0044  0.1522166 0.0000e+00
       1559      5.779    15.1503    15.1533   2.975286   2.977846     2.6642     2.6069     0.0044  0.1522956 0.0000e+00
       1560      5.757    15.1503    15.1529   2.975283   2.977716     2.6661     2.6095     0.0044  0.1523765 0.0000e+00
       1561      5.736    15.1505    15.1526   2.975289   2.977587     2.6680     2.6121     0.0044  0.1524600 0.0000e+00
       1562      5.714    15.1506    15.1523   2.975305   2.977463     2.6699     2.6147     0.0044  0.1525449 0.0000e+00
       1563      5.692    15.1508    15.1520   2.975333   2.977344     2.6718     2.6173     0.0044  0.1526310 0.0000e+00
       1564      5.670    15.1510    15.1517   2.975368   2.977233     2.6736     2.6199     0.0044  0.1527197 0.0000e+00
       1565      5.648    15.1512    15.1514   2.975411   2.977125     2.6754     2.6225     0.0044  0.1528125 0.0000e+00
       1566      5.625    15.1515    15.1511   2.975459   2.977019     2.6773     2.6251     0.0044  0.1529092 0.0000e+00
       1567      5.603    15.1518    15.1508   2.975513   2.976910     2.6791     2.6277     0.0044  0.1530095 0.0000e+00
       1568      5.581    15.1521    15.1505   2.975573   2.976793     2.6808     2.6303     0.0044  0.1531151 0.0000e+00
       1569      5.559    15.1524    15.1502   2.975635   2.976666     2.6826     2.6328     0.0044  0.1532276 0.0000e+00
       1570      5.537    15.1526    15.1498   2.975689   2.976528     2.6844     2.6354     0.0042  0.1533442 0.0000e+00
       1571      5.515    15.1528    15.1494   2.975729   2.976379     2.6861     2.6379     0.0042  0.1534583 0.0000e+00
       1572      5.493    15.1530    15.1490   2.975748   2.976221     2.6878     2.6404     0.0042  0.1535646 0.0000e+00
       1573      5.471    15.1530    15.1486   2.975748   2.976058     2.6895     2.6428     0.0042  0.1536621 0.0000e+00
