code/data/2021/ctd_data_day1/Station 2ex 210921_ctm_fil_le_der_avg.cnv
* Sea-Bird SBE 9 Data File:
* FileName = C:\Users\CTD-User\Desktop\MAR440\Station 2ex 210921.hex
* Software Version Seasave V 7.26.2.13
* Temperature SN = 6313
* Conductivity SN = 4758
* Number of Bytes Per Scan = 30
* Number of Voltage Words = 4
* Number of Scans Averaged by the Deck Unit = 1
* NMEA baud rate = 4800
** Ship:
** Station:
** Operator:
# nquan = 16
# nvalues = 23                          
# units = specified
# name 0 = scan: Scan Count
# name 1 = prDM: Pressure, Digiquartz [db]
# name 2 = t090C: Temperature [ITS-90, deg C]
# name 3 = t190C: Temperature, 2 [ITS-90, deg C]
# name 4 = c0S/m: Conductivity [S/m]
# name 5 = c1S/m: Conductivity, 2 [S/m]
# name 6 = sbeox0V: Oxygen raw, SBE 43 [V]
# name 7 = sbeox1V: Oxygen raw, SBE 43, 2 [V]
# name 8 = flECO-AFL: Fluorescence, WET Labs ECO-AFL/FL [mg/m^3]
# name 9 = upoly0: Upoly 0, Turbidity
# name 10 = depSM: Depth [salt water, m], lat = 59
# name 11 = sal00: Salinity, Practical [PSU]
# name 12 = sal11: Salinity, Practical, 2 [PSU]
# name 13 = sbeox0ML/L: Oxygen, SBE 43 [ml/l], WS = 2
# name 14 = sbeox1ML/L: Oxygen, SBE 43, 2 [ml/l], WS = 2
# name 15 = flag: flag
# span 0 =        343,       2805       
# span 1 =      2.019,     24.228       
# span 2 =    13.0729,    16.1018       
# span 3 =    13.0687,    16.1075       
# span 4 =   2.868588,   3.809651       
# span 5 =   2.871186,   3.806231       
# span 6 =     1.0725,     2.5748       
# span 7 =     1.1373,     2.6111       
# span 8 =     0.0036,     0.0072       
# span 9 =  0.0880088,  0.2171085       
# span 10 =      2.000,     24.000      
# span 11 =    22.3164,    31.9478      
# span 12 =    22.4622,    31.8968      
# span 13 =     1.3746,     6.2089      
# span 14 =     1.4534,     5.4355      
# span 15 = 0.0000e+00, 0.0000e+00      
# interval = meters: 1                  
# start_time = Sep 21 2021 11:43:06 [System UTC, header]
# bad_flag = -9.990e-29
*END*
        343      2.019    14.5613    14.6106   2.868588   2.871186     2.5740     2.5626     0.0057  0.2171085      2.000    22.6405    22.6345     6.2089     5.4305 0.0000e+00
        393      3.028    14.9673    15.0294   2.869520   2.879172     2.5748     2.5830     0.0058  0.2007000      3.000    22.4148    22.4622     6.1497     5.4355 0.0000e+00
        442      4.038    15.2075    15.2225   2.874037   2.907414     2.5602     2.5777     0.0054  0.1745854      4.000    22.3164    22.5932     6.0223     5.3300 0.0000e+00
        491      5.047    15.3042    15.3044   2.900535   2.948581     2.5307     2.5615     0.0046  0.1572795      5.000    22.4875    22.8980     5.9135     5.3016 0.0000e+00
        537      6.057    15.4229    15.4290   2.930377   2.969058     2.5173     2.5706     0.0050  0.1567122      6.000    22.6738    23.0002     5.9330     5.3584 0.0000e+00
        582      7.066    15.6622    15.7006   2.946805   2.988230     2.5324     2.5928     0.0051  0.1521745      7.000    22.6761    23.0052     5.9964     5.3974 0.0000e+00
        628      8.076    15.9266    15.9574   2.966160   3.026867     2.5483     2.6111     0.0046  0.1420989      8.000    22.6884    23.1827     5.9822     5.3772 0.0000e+00
        676      9.085    16.1018    16.1075   3.006245   3.082275     2.5530     2.6083     0.0043  0.1268515      9.000    22.9252    23.5620     5.9461     5.3026 0.0000e+00
       1375     10.095    15.8646    15.8610   3.179243   3.226398     2.4789     2.4862     0.0049  0.1074955     10.000    24.5421    24.9425     5.4516     4.8267 0.0000e+00
       2201     11.104    14.8794    14.8800   3.382632   3.383134     2.2423     2.2044     0.0050  0.0932443     11.000    26.9378    26.9418     4.4031     3.8301 0.0000e+00
       2245     12.114    14.2487    14.2531   3.416031   3.416910     1.9958     1.9571     0.0043  0.0918698     12.000    27.6755    27.6803     3.4946     3.0723 0.0000e+00
       2290     13.123    13.8500    13.8501   3.426117   3.426617     1.7211     1.6956     0.0036  0.0918061     13.000    28.0539    28.0584     2.8110     2.5515 0.0000e+00
       2337     14.133    13.4848    13.4908   3.453194   3.454145     1.5148     1.5110     0.0036  0.0916146     14.000    28.5706    28.5748     2.4709     2.2948 0.0000e+00
       2386     15.142    13.0729    13.0687   3.464748   3.464859     1.3677     1.3793     0.0040  0.0917796     15.000    28.9872    28.9914     2.1511     2.0394 0.0000e+00
       2432     16.152    13.3092    13.3094   3.519866   3.520183     1.2571     1.2808     0.0040  0.0913267     16.000    29.3158    29.3186     1.9316     1.8765 0.0000e+00
       2477     17.161    13.4465    13.4496   3.562978   3.563749     1.1967     1.2355     0.0040  0.0904634     17.000    29.6077    29.6124     1.8926     1.8766 0.0000e+00
       2522     18.171    13.4606    13.4590   3.600310   3.600381     1.1724     1.2251     0.0043  0.0902363     18.000    29.9408    29.9427     1.8942     1.8981 0.0000e+00
       2568     19.180    13.5259    13.5254   3.632917   3.633540     1.1643     1.2276     0.0044  0.0897929     19.000    30.1901    30.1962     1.9085     1.9271 0.0000e+00
       2616     20.190    13.6039    13.6022   3.658873   3.659274     1.1681     1.2401     0.0040  0.0890697     20.000    30.3674    30.3724     1.9430     1.9702 0.0000e+00
       2663     21.199    13.7480    13.7476   3.707422   3.707521     1.1774     1.2553     0.0045  0.0884137     21.000    30.6995    30.7008     1.9634     1.9951 0.0000e+00
       2707     22.209    13.7352    13.7383   3.751256   3.751756     1.1791     1.2586     0.0057  0.0880088     22.000    31.1136    31.1157     1.8930     1.9237 0.0000e+00
       2752     23.218    13.5353    13.5407   3.780438   3.780702     1.1430     1.2167     0.0072  0.0882479     23.000    31.5470    31.5450     1.6728     1.7194 0.0000e+00
       2805     24.228    13.3786    13.4016   3.809651   3.806231     1.0725     1.1373     0.0070  0.0885648     24.000    31.9478    31.8968     1.3746     1.4534 0.0000e+00
