code/data/2021/ctd_data_day1/Station 3 210921_ctm.cnv
* Sea-Bird SBE 9 Data File:
* FileName = C:\Users\CTD-User\Desktop\MAR440\Station 3 210921.hex
* Software Version Seasave V 7.26.2.13
* Temperature SN = 6313
* Conductivity SN = 4758
* Number of Bytes Per Scan = 30
* Number of Voltage Words = 4
* Number of Scans Averaged by the Deck Unit = 1
* NMEA baud rate = 4800
** Ship:
** Station:
** Operator:
# nquan = 11
# nvalues = 5414                        
# units = specified
# name 0 = scan: Scan Count
# name 1 = prDM: Pressure, Digiquartz [db]
# name 2 = t090C: Temperature [ITS-90, deg C]
# name 3 = t190C: Temperature, 2 [ITS-90, deg C]
# name 4 = c0S/m: Conductivity [S/m]
# name 5 = c1S/m: Conductivity, 2 [S/m]
# name 6 = sbeox0V: Oxygen raw, SBE 43 [V]
# name 7 = sbeox1V: Oxygen raw, SBE 43, 2 [V]
# name 8 = flECO-AFL: Fluorescence, WET Labs ECO-AFL/FL [mg/m^3]
# name 9 = upoly0: Upoly 0, Turbidity
# name 10 = flag:  0.000e+00
# span 0 =          1,       5414       
# span 1 =      1.484,     20.539       
# span 2 =     8.0003,    16.1871       
# span 3 =     8.0022,    16.1888       
# span 4 =   2.917431,   3.482951       
# span 5 =   2.965170,   3.484257       
# span 6 =     0.4650,     2.8157       
# span 7 =     0.5261,     2.6667       
# span 8 =     0.0033,     0.0092       
# span 9 =  0.0883968,  0.1934029       
# span 10 = 0.0000e+00, 0.0000e+00      
# interval = seconds: 0.0416667
# start_time = Sep 21 2021 09:31:52 [System UTC, header]
# bad_flag = -9.990e-29
*END*
[from data line 5246]
       5247     19.909     8.0052     8.0056   3.234135   3.235801     0.4675     0.5285     0.0084  0.1484701 0.0000e+00
       5248     19.901     8.0049     8.0063   3.234235   3.235753     0.4663     0.5285     0.0084  0.1484701 0.0000e+00
       5249     19.975     8.0053     8.0060   3.234106   3.235848     0.4663     0.5298     0.0084  0.1484701 0.0000e+00
       5250     19.975     8.0049     8.0062   3.233945   3.235843     0.4663     0.5285     0.0084  0.1484701 0.0000e+00
       5251     19.909     8.0053     8.0062   3.233946   3.235832     0.4675     0.5285     0.0084  0.1484701 0.0000e+00
       5252     19.975     8.0051     8.0065   3.233837   3.235782     0.4675     0.5285     0.0084  0.1484701 0.0000e+00
       5253     19.909     8.0049     8.0074   3.233905   3.235860     0.4663     0.5285     0.0079  0.1479817 0.0000e+00
       5254     19.975     8.0051     8.0083   3.234009   3.235942     0.4663     0.5285     0.0073  0.1479817 0.0000e+00
       5255     19.909     8.0049     8.0086   3.234099   3.235931     0.4663     0.5285     0.0071  0.1479817 0.0000e+00
       5256     19.975     8.0051     8.0089   3.234249   3.235972     0.4675     0.5285     0.0073  0.1479817 0.0000e+00
       5257     19.901     8.0047     8.0095   3.234247   3.236031     0.4663     0.5285     0.0073  0.1479817 0.0000e+00
       5258     19.975     8.0049     8.0095   3.234122   3.236071     0.4663     0.5285     0.0073  0.1479817 0.0000e+00
       5259     19.909     8.0051     8.0101   3.234020   3.236056     0.4663     0.5285     0.0071  0.1479817 0.0000e+00
       5260     19.975     8.0049     8.0097   3.233985   3.236003     0.4663     0.5285     0.0073  0.1479817 0.0000e+00
       5261     19.909     8.0047     8.0097   3.233950   3.236060     0.4675     0.5298     0.0073  0.1479817 0.0000e+00
       5262     19.975     8.0049     8.0099   3.233917   3.236032     0.4663     0.5285     0.0073  0.1479817 0.0000e+00
       5263     19.909     8.0049     8.0097   3.233997   3.235998     0.4663     0.5285     0.0071  0.1479817 0.0000e+00
       5264     19.909     8.0049     8.0091   3.234139   3.236097     0.4663     0.5285     0.0073  0.1479817 0.0000e+00
       5265     19.975     8.0047     8.0084   3.234196   3.236089     0.4663     0.5285     0.0073  0.1479817 0.0000e+00
       5266     19.958     8.0049     8.0086   3.234225   3.235961     0.4663     0.5285     0.0073  0.1479817 0.0000e+00
       5267     19.909     8.0049     8.0084   3.234192   3.236061     0.4663     0.5285     0.0071  0.1479817 0.0000e+00
       5268     19.909     8.0049     8.0087   3.234135   3.236057     0.4663     0.5285     0.0073  0.1479817 0.0000e+00
       5269     19.975     8.0048     8.0089   3.234071   3.236046     0.4663     0.5285     0.0071  0.1479817 0.0000e+00
       5270     19.975     8.0049     8.0087   3.233912   3.236023     0.4675     0.5285     0.0073  0.1479817 0.0000e+00
       5271     19.909     8.0049     8.0091   3.233986   3.236104     0.4663     0.5285     0.0073  0.1479817 0.0000e+00
       5272     19.975     8.0049     8.0095   3.234032   3.236116     0.4663     0.5285     0.0071  0.1479817 0.0000e+00
       5273     19.909     8.0052     8.0094   3.234141   3.236020     0.4663     0.5285     0.0073  0.1479817 0.0000e+00
       5274     19.958     8.0053     8.0097   3.234198   3.236010     0.4663     0.5285     0.0073  0.1479817 0.0000e+00
       5275     19.909     8.0062     8.0095   3.234168   3.236037     0.4675     0.5285     0.0073  0.1479817 0.0000e+00
       5276     19.975     8.0070     8.0089   3.234223   3.236046     0.4663     0.5285     0.0071  0.1479817 0.0000e+00
       5277     19.909     8.0072     8.0084   3.234132   3.236044     0.4663     0.5285     0.0073  0.1479817 0.0000e+00
       5278     19.975     8.0070     8.0077   3.234028   3.236065     0.4650     0.5285     0.0071  0.1479817 0.0000e+00
       5279     19.909     8.0065     8.0076   3.234038   3.236048     0.4663     0.5285     0.0071  0.1479817 0.0000e+00
       5280     19.974     8.0062     8.0076   3.233974   3.235975     0.4675     0.5285     0.0071  0.1479817 0.0000e+00
       5281     19.908     8.0064     8.0074   3.233884   3.236019     0.4675     0.5285     0.0071  0.1479817 0.0000e+00
       5282     19.974     8.0062     8.0077   3.233928   3.236020     0.4663     0.5285     0.0071  0.1479817 0.0000e+00
       5283     19.958     8.0062     8.0079   3.234037   3.235970     0.4663     0.5285     0.0071  0.1479817 0.0000e+00
       5284     19.908     8.0060     8.0081   3.234110   3.235892     0.4663     0.5285     0.0071  0.1479817 0.0000e+00
       5285     19.974     8.0058     8.0081   3.234144   3.235909     0.4675     0.5285     0.0071  0.1479817 0.0000e+00
       5286     19.908     8.0060     8.0077   3.234156   3.235969     0.4663     0.5285     0.0071  0.1479817 0.0000e+00
       5287     19.974     8.0064     8.0074   3.234089   3.235895     0.4663     0.5285     0.0071  0.1479817 0.0000e+00
       5288     19.908     8.0060     8.0074   3.233962   3.235867     0.4663     0.5285     0.0070  0.1479817 0.0000e+00
       5289     19.974     8.0058     8.0069   3.233916   3.235933     0.4663     0.5285     0.0071  0.1479817 0.0000e+00
       5290     19.908     8.0057     8.0069   3.233961   3.235927     0.4663     0.5285     0.0071  0.1479817 0.0000e+00
       5291     20.015     8.0057     8.0066   3.234018   3.235853     0.4663     0.5285     0.0071  0.1479817 0.0000e+00
       5292     19.908     8.0052     8.0066   3.234102   3.235785     0.4650     0.5285     0.0071  0.1479817 0.0000e+00
       5293     19.908     8.0054     8.0068   3.234097   3.235882     0.4663     0.5285     0.0071  0.1479817 0.0000e+00
       5294     19.974     8.0051     8.0069   3.234136   3.235837     0.4663     0.5285     0.0071  0.1479817 0.0000e+00
       5295     19.974     8.0051     8.0068   3.234170   3.235781     0.4675     0.5285     0.0070  0.1479817 0.0000e+00
       5296     19.908     8.0051     8.0069   3.234136   3.235775     0.4663     0.5285     0.0071  0.1479817 0.0000e+00
       5297     19.908     8.0051     8.0068   3.234010   3.235775     0.4663     0.5285     0.0071  0.1474933 0.0000e+00
       5298     19.974     8.0051     8.0069   3.233959   3.235708     0.4650     0.5285     0.0071  0.1479817 0.0000e+00
       5299     19.908     8.0052     8.0069   3.233994   3.235669     0.4675     0.5285     0.0071  0.1479817 0.0000e+00
       5300     19.958     8.0051     8.0073   3.234004   3.235681     0.4675     0.5285     0.0071  0.1479817 0.0000e+00
       5301     19.974     8.0052     8.0074   3.234068   3.235733     0.4663     0.5285     0.0071  0.1479817 0.0000e+00
       5302     19.908     8.0052     8.0077   3.234045   3.235593     0.4663     0.5285     0.0071  0.1479817 0.0000e+00
       5303     19.974     8.0051     8.0084   3.234120   3.235634     0.4663     0.5285     0.0071  0.1479817 0.0000e+00
       5304     19.908     8.0047     8.0092   3.234215   3.235666     0.4675     0.5285     0.0071  0.1479817 0.0000e+00
       5305     19.974     8.0051     8.0101   3.234194   3.235624     0.4663     0.5285     0.0071  0.1479817 0.0000e+00
       5306     19.908     8.0051     8.0104   3.234137   3.235569     0.4663     0.5285     0.0071  0.1479817 0.0000e+00
       5307     19.974     8.0047     8.0101   3.234060   3.235641     0.4663     0.5285     0.0071  0.1479817 0.0000e+00
       5308     19.908     8.0051     8.0094   3.233971   3.235667     0.4663     0.5285     0.0071  0.1479817 0.0000e+00
       5309     19.957     8.0049     8.0089   3.234010   3.235619     0.4663     0.5285     0.0071  0.1479817 0.0000e+00
       5310     19.974     8.0049     8.0086   3.234050   3.235517     0.4663     0.5285     0.0071  0.1479817 0.0000e+00
       5311     19.908     8.0049     8.0087   3.234061   3.235597     0.4663     0.5285     0.0071  0.1479817 0.0000e+00
       5312     19.974     8.0051     8.0083   3.234108   3.235612     0.4650     0.5285     0.0071  0.1479817 0.0000e+00
       5313     19.974     8.0052     8.0079   3.234188   3.235537     0.4663     0.5285     0.0071  0.1479817 0.0000e+00
       5314     19.908     8.0052     8.0076   3.234188   3.235536     0.4663     0.5285     0.0071  0.1479817 0.0000e+00
       5315     19.908     8.0051     8.0069   3.234137   3.235629     0.4663     0.5285     0.0071  0.1479817 0.0000e+00
       5316     19.974     8.0053     8.0069   3.233932   3.235612     0.4663     0.5285     0.0071  0.1479817 0.0000e+00
       5317     19.957     8.0049     8.0069   3.233924   3.235533     0.4663     0.5285     0.0071  0.1479817 0.0000e+00
       5318     19.908     8.0051     8.0073   3.233880   3.235535     0.4663     0.5285     0.0071  0.1479817 0.0000e+00
       5319     19.974     8.0052     8.0076   3.233898   3.235632     0.4675     0.5285     0.0071  0.1479817 0.0000e+00
       5320     19.908     8.0052     8.0087   3.234023   3.235665     0.4663     0.5285     0.0071  0.1479817 0.0000e+00
       5321     19.974     8.0053     8.0095   3.234041   3.235560     0.4663     0.5285     0.0071  0.1479817 0.0000e+00
       5322     19.908     8.0053     8.0102   3.234103   3.235592     0.4650     0.5273     0.0071  0.1479817 0.0000e+00
       5323     19.974     8.0054     8.0104   3.234144   3.235615     0.4675     0.5285     0.0070  0.1479817 0.0000e+00
       5324     19.974     8.0052     8.0104   3.234041   3.235547     0.4675     0.5285     0.0071  0.1479817 0.0000e+00
       5325     19.908     8.0053     8.0097   3.233938   3.235477     0.4663     0.5285     0.0071  0.1479817 0.0000e+00
       5326     19.957     8.0053     8.0095   3.233881   3.235532     0.4663     0.5285     0.0071  0.1479817 0.0000e+00
       5327     19.974     8.0053     8.0095   3.233881   3.235594     0.4663     0.5285     0.0071  0.1479817 0.0000e+00
       5328     19.908     8.0055     8.0092   3.233842   3.235565     0.4663     0.5285     0.0071  0.1479817 0.0000e+00
       5329     19.907     8.0052     8.0091   3.233915   3.235571     0.4663     0.5285     0.0071  0.1479817 0.0000e+00
       5330     19.973     8.0052     8.0089   3.234012   3.235530     0.4663     0.5273     0.0071  0.1484701 0.0000e+00
       5331     19.907     8.0053     8.0089   3.234143   3.235587     0.4650     0.5285     0.0073  0.1484701 0.0000e+00
       5332     19.973     8.0053     8.0094   3.234161   3.235589     0.4663     0.5285     0.0073  0.1484701 0.0000e+00
       5333     19.907     8.0053     8.0097   3.234042   3.235623     0.4663     0.5285     0.0073  0.1484701 0.0000e+00
       5334     19.957     8.0055     8.0101   3.234007   3.235597     0.4663     0.5285     0.0073  0.1484701 0.0000e+00
       5335     19.973     8.0052     8.0099   3.233921   3.235602     0.4663     0.5285     0.0073  0.1484701 0.0000e+00
       5336     19.907     8.0053     8.0094   3.233756   3.235566     0.4663     0.5285     0.0073  0.1484701 0.0000e+00
       5337     19.907     8.0053     8.0086   3.233865   3.235591     0.4663     0.5285     0.0073  0.1484701 0.0000e+00
       5338     19.973     8.0055     8.0079   3.233962   3.235584     0.4663     0.5285     0.0073  0.1484701 0.0000e+00
       5339     19.907     8.0053     8.0074   3.233996   3.235525     0.4663     0.5285     0.0073  0.1484701 0.0000e+00
       5340     19.973     8.0055     8.0068   3.234094   3.235557     0.4663     0.5285     0.0073  0.1484701 0.0000e+00
       5341     19.907     8.0054     8.0066   3.234076   3.235550     0.4650     0.5273     0.0073  0.1484701 0.0000e+00
       5342     19.973     8.0055     8.0068   3.233997   3.235455     0.4663     0.5285     0.0073  0.1484701 0.0000e+00
       5343     19.957     8.0052     8.0068   3.233926   3.235489     0.4663     0.5285     0.0073  0.1484701 0.0000e+00
       5344     19.907     8.0053     8.0069   3.233859   3.235490     0.4663     0.5273     0.0073  0.1484701 0.0000e+00
       5345     19.973     8.0053     8.0077   3.233808   3.235555     0.4650     0.5285     0.0073  0.1484701 0.0000e+00
       5346     19.907     8.0053     8.0086   3.233865   3.235598     0.4663     0.5285     0.0073  0.1484701 0.0000e+00
       5347     19.973     8.0054     8.0091   3.233933   3.235521     0.4663     0.5285     0.0073  0.1484701 0.0000e+00
       5348     19.907     8.0055     8.0095   3.234037   3.235539     0.4663     0.5285     0.0071  0.1484701 0.0000e+00
       5349     19.907     8.0053     8.0101   3.234082   3.235530     0.4663     0.5285     0.0073  0.1484701 0.0000e+00
       5350     19.973     8.0053     8.0105   3.234179   3.235594     0.4663     0.5273     0.0073  0.1484701 0.0000e+00
       5351     19.899     8.0055     8.0104   3.234145   3.235594     0.4663     0.5273     0.0073  0.1484701 0.0000e+00
       5352     19.973     8.0053     8.0104   3.233990   3.235537     0.4663     0.5273     0.0073  0.1484701 0.0000e+00
       5353     19.907     8.0055     8.0107   3.233911   3.235527     0.4663     0.5285     0.0071  0.1484701 0.0000e+00
       5354     19.973     8.0055     8.0112   3.233934   3.235529     0.4663     0.5285     0.0073  0.1484701 0.0000e+00
       5355     19.907     8.0055     8.0107   3.233991   3.235482     0.4650     0.5273     0.0071  0.1479817 0.0000e+00
       5356     19.973     8.0053     8.0109   3.233962   3.235471     0.4663     0.5285     0.0070  0.1479817 0.0000e+00
       5357     19.907     8.0055     8.0099   3.234083   3.235445     0.4663     0.5273     0.0071  0.1479817 0.0000e+00
       5358     19.907     8.0055     8.0089   3.234128   3.235413     0.4663     0.5273     0.0071  0.1479817 0.0000e+00
       5359     19.973     8.0054     8.0076   3.234145   3.235351     0.4663     0.5285     0.0071  0.1479817 0.0000e+00
       5360     19.956     8.0055     8.0069   3.234157   3.235445     0.4650     0.5273     0.0071  0.1479817 0.0000e+00
       5361     19.907     8.0055     8.0066   3.234157   3.235438     0.4663     0.5273     0.0071  0.1479817 0.0000e+00
       5362     19.907     8.0055     8.0063   3.234020   3.235313     0.4675     0.5273     0.0071  0.1479817 0.0000e+00
       5363     19.907     8.0055     8.0060   3.233963   3.235346     0.4663     0.5273     0.0071  0.1479817 0.0000e+00
       5364     19.973     8.0057     8.0062   3.233975   3.235364     0.4663     0.5273     0.0071  0.1474933 0.0000e+00
       5365     19.907     8.0055     8.0060   3.234065   3.235363     0.4663     0.5273     0.0070  0.1479817 0.0000e+00
       5366     19.907     8.0057     8.0062   3.234026   3.235229     0.4675     0.5285     0.0071  0.1479817 0.0000e+00
       5367     19.973     8.0057     8.0062   3.234141   3.235274     0.4675     0.5273     0.0071  0.1479817 0.0000e+00
       5368     19.907     8.0057     8.0062   3.234226   3.235347     0.4663     0.5273     0.0071  0.1479817 0.0000e+00
       5369     19.956     8.0058     8.0060   3.234243   3.235273     0.4663     0.5273     0.0071  0.1479817 0.0000e+00
       5370     19.907     8.0058     8.0062   3.234198   3.235223     0.4663     0.5273     0.0071  0.1479817 0.0000e+00
       5371     19.907     8.0060     8.0062   3.234119   3.235240     0.4663     0.5273     0.0071  0.1479817 0.0000e+00
       5372     19.972     8.0062     8.0060   3.234080   3.235290     0.4663     0.5273     0.0071  0.1479817 0.0000e+00
       5373     19.906     8.0063     8.0060   3.234114   3.235239     0.4663     0.5273     0.0071  0.1479817 0.0000e+00
       5374     19.906     8.0063     8.0062   3.234063   3.235195     0.4650     0.5273     0.0071  0.1479817 0.0000e+00
       5375     19.972     8.0067     8.0060   3.234196   3.235229     0.4663     0.5273     0.0071  0.1479817 0.0000e+00
       5376     19.906     8.0067     8.0062   3.234247   3.235268     0.4663     0.5273     0.0071  0.1479817 0.0000e+00
       5377     19.956     8.0070     8.0062   3.234288   3.235230     0.4663     0.5273     0.0071  0.1479817 0.0000e+00
