code/data/2021/ctd_data_day1/Station 5 210921_ctm_fil_le_der.cnv
* Sea-Bird SBE 9 Data File:
* FileName = C:\Users\CTD-User\Desktop\MAR440\Station 5 210921.hex
* Software Version Seasave V 7.26.2.13
* Temperature SN = 6313
* Conductivity SN = 4758
* Number of Bytes Per Scan = 30
* Number of Voltage Words = 4
* Number of Scans Averaged by the Deck Unit = 1
* NMEA baud rate = 4800
** Ship:
** Station:
** Operator:
# nquan = 16                                
# nvalues = 5809                        
# units = specified
# name 0 = scan: Scan Count
# name 1 = prDM: Pressure, Digiquartz [db]
# name 2 = t090C: Temperature [ITS-90, deg C]
# name 3 = t190C: Temperature, 2 [ITS-90, deg C]
# name 4 = c0S/m: Conductivity [S/m]
# name 5 = c1S/m: Conductivity, 2 [S/m]
# name 6 = sbeox0V: Oxygen raw, SBE 43 [V]
# name 7 = sbeox1V: Oxygen raw, SBE 43, 2 [V]
# name 8 = flECO-AFL: Fluorescence, WET Labs ECO-AFL/FL [mg/m^3]
# name 9 = upoly0: Upoly 0, Turbidity
# name 10 = depSM: Depth [salt water, m], lat = 59
# name 11 = sal00: Salinity, Practical [PSU]
# name 12 = sal11: Salinity, Practical, 2 [PSU]
# name 13 = sbeox0ML/L: Oxygen, SBE 43 [ml/l], WS = 2
# name 14 = sbeox1ML/L: Oxygen, SBE 43, 2 [ml/l], WS = 2
# name 15 = flag: flag
# span 0 =          1,       5809       
# span 1 =      0.548,     26.491       
# span 2 =    11.4362,    16.1548       
# span 3 =    11.4092,    16.1555       
# span 4 =   2.871998,   3.809176       
# span 5 =   2.884333,   3.810449       
# span 6 =     0.8579,     2.8199       
# span 7 =     0.9206,     2.7849       
# span 8 =     0.0035,     0.0101       
# span 9 =  0.0869564,  0.1626645       
# span 10 =      0.543,     26.242      
# span 11 =    22.3537,    32.0999      
# span 12 =    22.4704,    32.1070      
# span 13 =     1.0354,     6.8445      
# span 14 =     1.1639,     5.8907      
# span 15 = 0.0000e+00, 0.0000e+00      
# interval = seconds: 0.0416667
# start_time = Sep 21 2021 10:32:06 [System UTC, header]
# bad_flag = -9.990e-29
*END*
[from data line 4249]
       4250     26.020    11.7060    11.6440   3.667658   3.663019     0.8590     0.9333     0.0082  0.0881406     25.775    32.0182    32.0267     1.0355     1.1921 -9.990e-29
       4251     26.020    11.7063    11.6454   3.667642   3.663127     0.8590     0.9332     0.0082  0.0881371     25.775    32.0178    32.0265     1.0356     1.1916 -9.990e-29
       4252     26.020    11.7067    11.6468   3.667635   3.663226     0.8589     0.9331     0.0082  0.0881344     25.775    32.0174    32.0262     1.0355     1.1911 -9.990e-29
       4253     26.020    11.7073    11.6480   3.667635   3.663313     0.8589     0.9331     0.0082  0.0881323     25.775    32.0169    32.0261     1.0357     1.1909 -9.990e-29
       4254     26.021    11.7080    11.6491   3.667643   3.663392     0.8588     0.9330     0.0082  0.0881301     25.776    32.0164    32.0259     1.0356     1.1905 -9.990e-29
       4255     26.021    11.7088    11.6501   3.667659   3.663464     0.8587     0.9329     0.0082  0.0881277     25.776    32.0158    32.0257     1.0354     1.1901 -9.990e-29
       4256     26.021    11.7098    11.6510   3.667684   3.663532     0.8587     0.9328     0.0082  0.0881252     25.776    32.0152    32.0256     1.0357     1.1897 -9.990e-29
       4257     26.021    11.7109    11.6519   3.667714   3.663595     0.8586     0.9328     0.0082  0.0881233     25.776    32.0145    32.0254     1.0356     1.1896 -9.990e-29
       4258     26.021    11.7121    11.6527   3.667748   3.663655     0.8586     0.9327     0.0082  0.0881230     25.776    32.0138    32.0253     1.0358     1.1893 -9.990e-29
       4259     26.022    11.7131    11.6535   3.667782   3.663714     0.8585     0.9326     0.0082  0.0881241     25.777    32.0133    32.0252     1.0357     1.1889 -9.990e-29
       4260     26.022    11.7141    11.6542   3.667809   3.663772     0.8585     0.9325     0.0082  0.0881259     25.777    32.0127    32.0252     1.0359     1.1886 -9.990e-29
       4261     26.022    11.7148    11.6550   3.667826   3.663829     0.8584     0.9325     0.0082  0.0881266     25.777    32.0123    32.0250     1.0358     1.1885 -9.990e-29
       4262     26.022    11.7152    11.6557   3.667833   3.663885     0.8584     0.9324     0.0082  0.0881263     25.777    32.0120    32.0250     1.0361     1.1882 -9.990e-29
       4263     26.022    11.7154    11.6564   3.667833   3.663939     0.8583     0.9323     0.0082  0.0881258     25.777    32.0118    32.0249     1.0360     1.1879 -9.990e-29
       4264     26.022    11.7154    11.6570   3.667829   3.663990     0.8583     0.9322     0.0082  0.0881252     25.777    32.0118    32.0249     1.0364     1.1876 -9.990e-29
       4265     26.023    11.7154    11.6576   3.667823   3.664037     0.8583     0.9321     0.0082  0.0881243     25.778    32.0117    32.0248     1.0366     1.1873 -9.990e-29
       4266     26.023    11.7153    11.6582   3.667818   3.664082     0.8582     0.9320     0.0082  0.0881224     25.778    32.0118    32.0247     1.0366     1.1871 -9.990e-29
       4267     26.023    11.7152    11.6588   3.667812   3.664122     0.8582     0.9320     0.0082  0.0881194     25.778    32.0118    32.0246     1.0369     1.1871 -9.990e-29
       4268     26.023    11.7150    11.6593   3.667805   3.664159     0.8582     0.9319     0.0082  0.0881171     25.778    32.0119    32.0245     1.0372     1.1868 -9.990e-29
       4269     26.023    11.7147    11.6597   3.667797   3.664191     0.8582     0.9318     0.0082  0.0881162     25.778    32.0121    32.0245     1.0375     1.1866 -9.990e-29
       4270     26.024    11.7145    11.6602   3.667791   3.664219     0.8581     0.9318     0.0082  0.0881168     25.779    32.0122    32.0243     1.0374     1.1866 -9.990e-29
       4271     26.024    11.7143    11.6606   3.667790   3.664243     0.8581     0.9317     0.0082  0.0881179     25.779    32.0124    32.0242     1.0377     1.1864 -9.990e-29
       4272     26.024    11.7142    11.6609   3.667794   3.664264     0.8581     0.9316     0.0082  0.0881188     25.779    32.0125    32.0242     1.0380     1.1862 -9.990e-29
       4273     26.024    11.7142    11.6612   3.667805   3.664282     0.8581     0.9316     0.0082  0.0881204     25.779    32.0126    32.0241     1.0382     1.1863 -9.990e-29
       4274     26.025    11.7144    11.6614   3.667823   3.664299     0.8581     0.9315     0.0082  0.0881234     25.780    32.0126    32.0241     1.0384     1.1860 -9.990e-29
       4275     26.025    11.7146    11.6616   3.667847   3.664314     0.8580     0.9315     0.0082  0.0881270     25.780    32.0126    32.0240     1.0384     1.1861 -9.990e-29
       4276     26.025    11.7148    11.6618   3.667877   3.664329     0.8580     0.9314     0.0082  0.0881305     25.780    32.0128    32.0240     1.0386     1.1859 -9.990e-29
       4277     26.025    11.7152    11.6620   3.667913   3.664343     0.8580     0.9313     0.0082  0.0881338     25.780    32.0128    32.0240     1.0389     1.1857 -9.990e-29
       4278     26.026    11.7156    11.6622   3.667952   3.664356     0.8580     0.9313     0.0082  0.0881370     25.781    32.0128    32.0239     1.0392     1.1858 -9.990e-29
       4279     26.026    11.7160    11.6624   3.667995   3.664367     0.8580     0.9312     0.0082  0.0881409     25.781    32.0129    32.0239     1.0394     1.1856 -9.990e-29
       4280     26.026    11.7165    11.6626   3.668040   3.664377     0.8580     0.9312     0.0082  0.0881456     25.781    32.0129    32.0238     1.0396     1.1857 -9.990e-29
       4281     26.026    11.7171    11.6627   3.668088   3.664386     0.8580     0.9311     0.0082  0.0881494     25.781    32.0128    32.0238     1.0398     1.1855 -9.990e-29
       4282     26.026    11.7178    11.6627   3.668139   3.664393     0.8580     0.9310     0.0082  0.0881515     25.781    32.0127    32.0239     1.0400     1.1853 -9.990e-29
       4283     26.027    11.7186    11.6628   3.668193   3.664399     0.8579     0.9310     0.0082  0.0881519     25.782    32.0126    32.0238     1.0399     1.1854 -9.990e-29
       4284     26.027    11.7195    11.6628   3.668249   3.664405     0.8579     0.9309     0.0082  0.0881505     25.782    32.0123    32.0239     1.0400     1.1852 -9.990e-29
       4285     26.027    11.7204    11.6628   3.668310   3.664410     0.8579     0.9308     0.0082  0.0881475     25.782    32.0121    32.0239     1.0402     1.1850 -9.990e-29
       4286     26.027    11.7213    11.6628   3.668373   3.664417     0.8580     0.9308     0.0082  0.0881427     25.782    32.0120    32.0240     1.0406     1.1851 -9.990e-29
       4287     26.027    11.7224    11.6628   3.668437   3.664425     0.8580     0.9307     0.0082  0.0881361     25.782    32.0116    32.0241     1.0407     1.1849 -9.990e-29
       4288     26.027    11.7234    11.6628   3.668500   3.664434     0.8580     0.9306     0.0082  0.0881278     25.782    32.0114    32.0242     1.0408     1.1847 -9.990e-29
       4289     26.028    11.7245    11.6629   3.668559   3.664447     0.8580     0.9306     0.0082  0.0881175     25.783    32.0110    32.0242     1.0409     1.1848 -9.990e-29
       4290     26.028    11.7255    11.6631   3.668614   3.664461     0.8580     0.9305     0.0082  0.0881062     25.783    32.0107    32.0242     1.0410     1.1846 -9.990e-29
       4291     26.028    11.7264    11.6633   3.668665   3.664477     0.8580     0.9305     0.0082  0.0880954     25.783    32.0104    32.0242     1.0411     1.1846 -9.990e-29
       4292     26.028    11.7272    11.6635   3.668711   3.664493     0.8580     0.9304     0.0082  0.0880859     25.783    32.0102    32.0241     1.0411     1.1844 -9.990e-29
       4293     26.028    11.7279    11.6638   3.668753   3.664510     0.8580     0.9304     0.0082  0.0880776     25.783    32.0100    32.0240     1.0412     1.1845 -9.990e-29
       4294     26.028    11.7284    11.6641   3.668789   3.664527     0.8580     0.9303     0.0082  0.0880705     25.783    32.0099    32.0240     1.0413     1.1843 -9.990e-29
       4295     26.028    11.7288    11.6645   3.668819   3.664543     0.8580     0.9303     0.0082  0.0880646     25.783    32.0098    32.0238     1.0413     1.1843 -9.990e-29
       4296     26.029    11.7291    11.6649   3.668842   3.664558     0.8580     0.9302     0.0082  0.0880597     25.784    32.0098    32.0236     1.0413     1.1841 -9.990e-29
       4297     26.029    11.7291    11.6652   3.668857   3.664574     0.8580     0.9302     0.0082  0.0880550     25.784    32.0099    32.0235     1.0414     1.1842 -9.990e-29
       4298     26.029    11.7290    11.6657   3.668864   3.664589     0.8580     0.9301     0.0082  0.0880488     25.784    32.0101    32.0232     1.0414     1.1840 -9.990e-29
       4299     26.029    11.7286    11.6661   3.668864   3.664604     0.8580     0.9301     0.0082  0.0880411     25.784    32.0104    32.0230     1.0415     1.1841 -9.990e-29
       4300     26.029    11.7282    11.6666   3.668859   3.664620     0.8581     0.9300     0.0082  0.0880342     25.784    32.0107    32.0227     1.0418     1.1840 -9.990e-29
       4301     26.030    11.7277    11.6671   3.668851   3.664635     0.8581     0.9299     0.0082  0.0880299     25.785    32.0111    32.0224     1.0418     1.1838 -9.990e-29
       4302     26.030    11.7273    11.6676   3.668839   3.664649     0.8581     0.9299     0.0082  0.0880265     25.785    32.0113    32.0221     1.0418     1.1839 -9.990e-29
       4303     26.030    11.7268    11.6681   3.668826   3.664661     0.8581     0.9298     0.0082  0.0880222     25.785    32.0116    32.0218     1.0418     1.1837 -9.990e-29
       4304     26.030    11.7263    11.6684   3.668810   3.664671     0.8581     0.9298     0.0082  0.0880170     25.785    32.0119    32.0216     1.0418     1.1838 -9.990e-29
       4305     26.030    11.7258    11.6687   3.668791   3.664678     0.8581     0.9297     0.0082  0.0880100     25.785    32.0121    32.0215     1.0418     1.1837 -9.990e-29
       4306     26.030    11.7252    11.6689   3.668771   3.664684     0.8581     0.9297     0.0082  0.0880012     25.785    32.0125    32.0213     1.0419     1.1838 -9.990e-29
       4307     26.030    11.7246    11.6690   3.668751   3.664689     0.8581     0.9296     0.0082  0.0879913     25.785    32.0128    32.0213     1.0419     1.1836 -9.990e-29
       4308     26.031    11.7240    11.6691   3.668733   3.664694     0.8581     0.9296     0.0082  0.0879811     25.786    32.0131    32.0213     1.0419     1.1837 -9.990e-29
       4309     26.031    11.7235    11.6692   3.668714   3.664699     0.8581     0.9295     0.0082  0.0879731     25.786    32.0134    32.0212     1.0419     1.1836 -9.990e-29
       4310     26.031    11.7230    11.6693   3.668696   3.664706     0.8581     0.9295     0.0082  0.0879690     25.786    32.0136    32.0212     1.0419     1.1836 -9.990e-29
       4311     26.031    11.7224    11.6695   3.668679   3.664713     0.8581     0.9294     0.0082  0.0879678     25.786    32.0140    32.0211     1.0419     1.1835 -9.990e-29
       4312     26.031    11.7219    11.6696   3.668663   3.664721     0.8581     0.9294     0.0082  0.0879680     25.786    32.0143    32.0211     1.0420     1.1836 -9.990e-29
       4313     26.031    11.7214    11.6697   3.668648   3.664730     0.8581     0.9293     0.0082  0.0879685     25.786    32.0146    32.0211     1.0420     1.1834 -9.990e-29
       4314     26.031    11.7208    11.6698   3.668634   3.664740     0.8581     0.9293     0.0082  0.0879694     25.786    32.0149    32.0211     1.0420     1.1835 -9.990e-29
       4315     26.031    11.7203    11.6699   3.668622   3.664750     0.8581     0.9293     0.0082  0.0879708     25.786    32.0153    32.0211     1.0420     1.1836 -9.990e-29
       4316     26.031    11.7199    11.6701   3.668614   3.664761     0.8581     0.9292     0.0082  0.0879726     25.786    32.0155    32.0211     1.0420     1.1835 -9.990e-29
       4317     26.031    11.7196    11.6702   3.668613   3.664773     0.8581     0.9292     0.0082  0.0879749     25.786    32.0158    32.0211     1.0420     1.1835 -9.990e-29
       4318     26.031    11.7196    11.6703   3.668619   3.664786     0.8581     0.9292     0.0082  0.0879776     25.786    32.0158    32.0211     1.0420     1.1836 -9.990e-29
       4319     26.031    11.7198    11.6704   3.668634   3.664799     0.8581     0.9291     0.0082  0.0879808     25.786    32.0158    32.0212     1.0420     1.1835 -9.990e-29
       4320     26.031    11.7202    11.6704   3.668658   3.664812     0.8581     0.9291     0.0082  0.0879845     25.786    32.0157    32.0213     1.0419     1.1836 -9.990e-29
       4321     26.031    11.7208    11.6704   3.668689   3.664826     0.8581     0.9291     0.0082  0.0879887     25.786    32.0155    32.0214     1.0419     1.1837 -9.990e-29
       4322     26.032    11.7215    11.6703   3.668725   3.664840     0.8581     0.9291     0.0082  0.0879943     25.787    32.0152    32.0216     1.0419     1.1838 -9.990e-29
       4323     26.032    11.7222    11.6702   3.668764   3.664855     0.8581     0.9290     0.0082  0.0880023     25.787    32.0150    32.0219     1.0419     1.1836 -9.990e-29
       4324     26.032    11.7229    11.6701   3.668803   3.664872     0.8581     0.9290     0.0082  0.0880108     25.787    32.0148    32.0221     1.0419     1.1838 -9.990e-29
       4325     26.032    11.7235    11.6699   3.668842   3.664893     0.8581     0.9290     0.0082  0.0880184     25.787    32.0146    32.0225     1.0419     1.1839 -9.990e-29
       4326     26.032    11.7240    11.6697   3.668878   3.664916     0.8581     0.9289     0.0082  0.0880259     25.787    32.0145    32.0229     1.0420     1.1837 -9.990e-29
       4327     26.032    11.7245    11.6695   3.668912   3.664944     0.8581     0.9289     0.0082  0.0880343     25.787    32.0144    32.0233     1.0420     1.1837 -9.990e-29
       4328     26.032    11.7247    11.6693   3.668943   3.664975     0.8581     0.9289     0.0082  0.0880435     25.787    32.0146    32.0238     1.0420     1.1838 -9.990e-29
       4329     26.032    11.7249    11.6691   3.668971   3.665010     0.8581     0.9289     0.0082  0.0880528     25.787    32.0147    32.0243     1.0420     1.1839 -9.990e-29
       4330     26.032    11.7250    11.6691   3.668998   3.665050     0.8582     0.9288     0.0082  0.0880614     25.787    32.0148    32.0247     1.0424     1.1837 -9.990e-29
       4331     26.032    11.7250    11.6693   3.669023   3.665093     0.8582     0.9288     0.0082  0.0880694     25.787    32.0151    32.0250     1.0425     1.1837 -9.990e-29
       4332     26.032    11.7251    11.6696   3.669048   3.665138     0.8582     0.9288     0.0082  0.0880767     25.787    32.0152    32.0251     1.0425     1.1838 -9.990e-29
       4333     26.032    11.7251    11.6703   3.669073   3.665183     0.8582     0.9287     0.0082  0.0880845     25.787    32.0155    32.0250     1.0426     1.1836 -9.990e-29
       4334     26.032    11.7252    11.6711   3.669098   3.665226     0.8582     0.9287     0.0082  0.0880925     25.787    32.0156    32.0247     1.0426     1.1836 -9.990e-29
       4335     26.032    11.7253    11.6721   3.669122   3.665265     0.8582     0.9287     0.0082  0.0880994     25.787    32.0158    32.0242     1.0426     1.1836 -9.990e-29
       4336     26.032    11.7254    11.6732   3.669144   3.665301     0.8582     0.9287     0.0082  0.0881041     25.787    32.0159    32.0236     1.0427     1.1836 -9.990e-29
       4337     26.032    11.7255    11.6743   3.669165   3.665333     0.8582     0.9286     0.0082  0.0881077     25.787    32.0160    32.0230     1.0428     1.1834 -9.990e-29
       4338     26.032    11.7257    11.6755   3.669183   3.665360     0.8582     0.9286     0.0082  0.0881118     25.787    32.0160    32.0222     1.0428     1.1834 -9.990e-29
