code/data/2021/ctd_data_day1/Station 5 210921.cnv
* Sea-Bird SBE 9 Data File:
* FileName = C:\Users\CTD-User\Desktop\MAR440\Station 5 210921.hex
* Software Version Seasave V 7.26.2.13
* Temperature SN = 6313
* Conductivity SN = 4758
* Number of Bytes Per Scan = 30
* Number of Voltage Words = 4
* Number of Scans Averaged by the Deck Unit = 1
* NMEA baud rate = 4800
** Ship:
** Station:
** Operator:
# nquan = 11
# nvalues = 5809                                  
# units = specified
# name 0 = scan: Scan Count
# name 1 = prDM: Pressure, Digiquartz [db]
# name 2 = t090C: Temperature [ITS-90, deg C]
# name 3 = t190C: Temperature, 2 [ITS-90, deg C]
# name 4 = c0S/m: Conductivity [S/m]
# name 5 = c1S/m: Conductivity, 2 [S/m]
# name 6 = sbeox0V: Oxygen raw, SBE 43 [V]
# name 7 = sbeox1V: Oxygen raw, SBE 43, 2 [V]
# name 8 = flECO-AFL: Fluorescence, WET Labs ECO-AFL/FL [mg/m^3]
# name 9 = upoly0: Upoly 0, Turbidity
# name 10 = flag:  0.000e+00
# span 0 =          1,       5809                 
# span 1 =      0.454,     26.522                 
# span 2 =    10.8323,    16.2943                 
# span 3 =    10.8611,    16.2956                 
# span 4 =   2.868561,   3.812174                 
# span 5 =   2.881382,   3.813232                 
# span 6 =     0.8558,     2.8218                 
# span 7 =     0.9205,     2.7863                 
# span 8 =     0.0035,     0.0101                 
# span 9 =  0.0864432,  0.1636105                 
# span 10 = 0.0000e+00, 0.0000e+00                
# interval = seconds: 0.0416667
# start_time = Sep 21 2021 10:32:06 [System UTC, header]
# bad_flag = -9.990e-29
*END*
[from data line 3541]
       3542     26.081    12.0932    12.4211   3.701668   3.729583     1.0035     1.2478     0.0081  0.0879084  0.000e+00
       3543     25.957    12.0713    12.4235   3.700911   3.729786     1.0047     1.2478     0.0081  0.0883968  0.000e+00
       3544     26.023    12.0549    12.4280   3.700406   3.730102     1.0035     1.2478     0.0081  0.0883968  0.000e+00
       3545     26.015    12.0458    12.4425   3.700153   3.730430     1.0023     1.2490     0.0081  0.0879084  0.000e+00
       3546     26.015    12.0479    12.4505   3.700352   3.730460     1.0011     1.2490     0.0081  0.0883968  0.000e+00
       3547     26.080    12.0664    12.4569   3.701043   3.730496     0.9999     1.2490     0.0081  0.0883968  0.000e+00
       3548     26.014    12.0833    12.4626   3.701638   3.730651     1.0011     1.2490     0.0081  0.0879084  0.000e+00
       3549     26.014    12.1005    12.4657   3.701915   3.730824     0.9999     1.2490     0.0081  0.0883968  0.000e+00
       3550     26.014    12.1025    12.4682   3.701867   3.730895     0.9986     1.2490     0.0081  0.0883968  0.000e+00
       3551     26.014    12.0959    12.4686   3.701837   3.731003     0.9986     1.2490     0.0081  0.0879084  0.000e+00
       3552     26.014    12.0893    12.4673   3.701740   3.731038     0.9986     1.2490     0.0081  0.0879084  0.000e+00
       3553     26.014    12.0926    12.4678   3.701656   3.730961     0.9986     1.2490     0.0081  0.0879084  0.000e+00
       3554     26.014    12.1040    12.4741   3.702131   3.730764     0.9986     1.2490     0.0081  0.0883968  0.000e+00
       3555     26.014    12.1126    12.4771   3.702859   3.730352     0.9962     1.2490     0.0081  0.0879084  0.000e+00
       3556     26.014    12.1227    12.4752   3.703882   3.729601     0.9950     1.2490     0.0081  0.0879084  0.000e+00
       3557     26.014    12.1227    12.4632   3.704923   3.728849     0.9962     1.2490     0.0081  0.0879084  0.000e+00
       3558     26.014    12.1349    12.4492   3.705909   3.727925     0.9962     1.2490     0.0081  0.0883968  0.000e+00
       3559     26.014    12.1511    12.4377   3.706722   3.727144     0.9950     1.2490     0.0081  0.0879084  0.000e+00
       3560     26.014    12.1750    12.4287   3.707155   3.726637     0.9938     1.2490     0.0081  0.0879084  0.000e+00
       3561     26.014    12.1954    12.4178   3.707455   3.726017     0.9938     1.2490     0.0079  0.0874200  0.000e+00
       3562     26.014    12.1972    12.3984   3.707702   3.725159     0.9950     1.2490     0.0081  0.0879084  0.000e+00
       3563     26.014    12.1905    12.3815   3.707486   3.723770     0.9938     1.2478     0.0079  0.0874200  0.000e+00
       3564     26.014    12.1863    12.3714   3.707419   3.722227     0.9938     1.2478     0.0079  0.0874200  0.000e+00
       3565     25.956    12.1810    12.3233   3.707233   3.720660     0.9913     1.2465     0.0081  0.0879084  0.000e+00
       3566     26.080    12.1742    12.2455   3.706776   3.719094     0.9913     1.2465     0.0079  0.0879084  0.000e+00
       3567     26.014    12.1665    12.2290   3.706300   3.717688     0.9938     1.2465     0.0079  0.0879084  0.000e+00
       3568     25.956    12.1632    12.2367   3.706011   3.716175     0.9913     1.2453     0.0079  0.0874200  0.000e+00
       3569     26.014    12.1618    12.2175   3.706005   3.714531     0.9901     1.2441     0.0081  0.0874200  0.000e+00
       3570     26.014    12.1687    12.1719   3.706071   3.712948     0.9889     1.2441     0.0079  0.0883968  0.000e+00
       3571     26.014    12.1727    12.1335   3.706138   3.711425     0.9901     1.2429     0.0081  0.0874200  0.000e+00
       3572     26.014    12.1667    12.1426   3.706595   3.710067     0.9913     1.2417     0.0081  0.0879084  0.000e+00
       3573     26.014    12.1654    12.1529   3.707089   3.708901     0.9901     1.2417     0.0081  0.0874200  0.000e+00
       3574     26.014    12.1717    12.1311   3.707618   3.707895     0.9889     1.2404     0.0077  0.0874200  0.000e+00
       3575     26.014    12.1925    12.1206   3.707931   3.707009     0.9889     1.2392     0.0079  0.0874200  0.000e+00
       3576     26.014    12.2197    12.1249   3.708262   3.705890     0.9901     1.2380     0.0079  0.0879084  0.000e+00
       3577     26.014    12.2166    12.1184   3.708816   3.704795     0.9901     1.2368     0.0081  0.0879084  0.000e+00
       3578     26.014    12.2047    12.0878   3.709785   3.703350     0.9889     1.2356     0.0079  0.0883968  0.000e+00
       3579     26.014    12.1947    12.0711   3.710640   3.702054     0.9889     1.2343     0.0079  0.0883968  0.000e+00
       3580     26.014    12.1966    12.0643   3.711405   3.700990     0.9889     1.2331     0.0079  0.0879084  0.000e+00
       3581     26.014    12.2233    12.0548   3.711958   3.699902     0.9901     1.2319     0.0079  0.0874200  0.000e+00
       3582     26.014    12.2358    12.0469   3.712253   3.699265     0.9901     1.2307     0.0079  0.0874200  0.000e+00
       3583     26.014    12.2454    12.0522   3.712313   3.699586     0.9889     1.2282     0.0077  0.0879084  0.000e+00
       3584     26.013    12.2449    12.0641   3.712054   3.700217     0.9889     1.2270     0.0081  0.0883968  0.000e+00
       3585     26.013    12.2643    12.0917   3.712229   3.700555     0.9877     1.2258     0.0082  0.0879084  0.000e+00
       3586     26.013    12.2617    12.1054   3.712753   3.700828     0.9901     1.2246     0.0084  0.0883968  0.000e+00
       3587     26.013    12.2581    12.0982   3.713030   3.700412     0.9889     1.2233     0.0084  0.0883968  0.000e+00
       3588     26.013    12.2867    12.1008   3.712819   3.699818     0.9889     1.2209     0.0084  0.0879084  0.000e+00
       3589     26.013    12.2970    12.1064   3.712505   3.700275     0.9889     1.2197     0.0084  0.0879084  0.000e+00
       3590     26.013    12.3031    12.0947   3.712343   3.701144     0.9877     1.2185     0.0084  0.0879084  0.000e+00
       3591     26.013    12.3112    12.0455   3.711644   3.700116     0.9889     1.2172     0.0084  0.0883968  0.000e+00
       3592     26.013    12.3109    12.0606   3.710711   3.698909     0.9877     1.2148     0.0084  0.0879084  0.000e+00
       3593     26.013    12.2748    12.0798   3.709856   3.699336     0.9877     1.2136     0.0084  0.0879084  0.000e+00
       3594     26.013    12.2414    12.1225   3.709514   3.700668     0.9864     1.2123     0.0082  0.0883968  0.000e+00
       3595     26.013    12.2229    12.1342   3.709538   3.701673     0.9877     1.2099     0.0084  0.0883968  0.000e+00
       3596     26.013    12.2105    12.1240   3.709634   3.701934     0.9889     1.2075     0.0084  0.0883968  0.000e+00
       3597     26.013    12.2055    12.1092   3.709755   3.702440     0.9889     1.2062     0.0084  0.0883968  0.000e+00
       3598     26.013    12.1956    12.1156   3.710008   3.703213     0.9852     1.2050     0.0084  0.0879084  0.000e+00
       3599     26.013    12.1760    12.1409   3.710526   3.703909     0.9864     1.2038     0.0084  0.0879084  0.000e+00
       3600     26.013    12.1734    12.1497   3.711068   3.703873     0.9864     1.2026     0.0084  0.0879084  0.000e+00
       3601     26.079    12.1823    12.1357   3.711345   3.703469     0.9889     1.2001     0.0084  0.0883968  0.000e+00
       3602     25.955    12.1886    12.1184   3.711001   3.703279     0.9864     1.1989     0.0084  0.0879084  0.000e+00
       3603     26.013    12.2018    12.1160   3.710056   3.703427     0.9852     1.1977     0.0084  0.0879084  0.000e+00
       3604     26.013    12.2335    12.1109   3.709297   3.703261     0.9852     1.1953     0.0084  0.0879084  0.000e+00
       3605     26.079    12.2303    12.0955   3.709159   3.702720     0.9864     1.1940     0.0084  0.0883968  0.000e+00
       3606     25.955    12.2260    12.0921   3.709261   3.702321     0.9864     1.1928     0.0084  0.0883968  0.000e+00
       3607     26.013    12.2081    12.0849   3.709442   3.702042     0.9852     1.1904     0.0084  0.0883968  0.000e+00
       3608     26.079    12.2007    12.0490   3.709695   3.701025     0.9852     1.1891     0.0084  0.0879084  0.000e+00
       3609     26.013    12.2179    12.0005   3.709809   3.698327     0.9852     1.1879     0.0084  0.0879084  0.000e+00
       3610     26.013    12.2273    11.9705   3.709646   3.694666     0.9889     1.1855     0.0082  0.0883968  0.000e+00
       3611     26.013    12.2285    11.9405   3.709321   3.691559     0.9864     1.1843     0.0081  0.0883968  0.000e+00
       3612     26.013    12.2425    11.9158   3.709207   3.689736     0.9852     1.1830     0.0081  0.0883968  0.000e+00
       3613     26.013    12.2487    11.9147   3.709447   3.688684     0.9852     1.1806     0.0081  0.0879084  0.000e+00
       3614     26.013    12.2457    11.8876   3.709772   3.687539     0.9852     1.1794     0.0081  0.0879084  0.000e+00
       3615     26.013    12.2508    11.8346   3.709953   3.685574     0.9877     1.1782     0.0081  0.0879084  0.000e+00
       3616     26.013    12.2605    11.8074   3.710158   3.683437     0.9864     1.1757     0.0081  0.0879084  0.000e+00
       3617     26.013    12.2701    11.8051   3.710434   3.682375     0.9852     1.1745     0.0081  0.0879084  0.000e+00
       3618     26.012    12.2802    11.8033   3.710904   3.682322     0.9852     1.1720     0.0081  0.0879084  0.000e+00
       3619     26.078    12.2835    11.8090   3.711530   3.682090     0.9864     1.1708     0.0081  0.0879084  0.000e+00
       3620     26.012    12.2678    11.7946   3.711861   3.680423     0.9889     1.1684     0.0081  0.0883968  0.000e+00
       3621     26.012    12.2527    11.7882   3.712066   3.678359     0.9864     1.1672     0.0081  0.0879084  0.000e+00
       3622     26.012    12.2433    11.7978   3.712018   3.677629     0.9852     1.1659     0.0081  0.0879084  0.000e+00
       3623     26.012    12.2469    11.8029   3.712109   3.677534     0.9852     1.1635     0.0081  0.0879084  0.000e+00
       3624     26.012    12.2605    11.7855   3.712361   3.676449     0.9889     1.1611     0.0081  0.0883968  0.000e+00
       3625     26.012    12.2688    11.7526   3.712662   3.674368     0.9889     1.1598     0.0081  0.0879084  0.000e+00
       3626     26.078    12.2592    11.7206   3.712909   3.672933     0.9889     1.1574     0.0081  0.0883968  0.000e+00
       3627     26.012    12.2605    11.7097   3.713066   3.673147     0.9864     1.1562     0.0081  0.0879084  0.000e+00
       3628     26.012    12.2582    11.7256   3.713198   3.675477     0.9864     1.1550     0.0081  0.0879084  0.000e+00
       3629     26.012    12.2708    11.8009   3.713614   3.679325     0.9889     1.1525     0.0081  0.0879084  0.000e+00
       3630     26.012    12.2900    11.8764   3.714246   3.683134     0.9889     1.1513     0.0081  0.0879084  0.000e+00
       3631     26.078    12.2980    11.9322   3.714511   3.686202     0.9877     1.1488     0.0081  0.0879084  0.000e+00
       3632     26.012    12.2874    11.9632   3.713680   3.689652     0.9877     1.1476     0.0081  0.0879084  0.000e+00
       3633     26.012    12.2729    11.9957   3.712409   3.692913     0.9889     1.1464     0.0081  0.0879084  0.000e+00
       3634     26.012    12.2603    11.9740   3.711633   3.695420     0.9901     1.1440     0.0081  0.0883968  0.000e+00
       3635     26.078    12.2497    11.9580   3.711073   3.697768     0.9901     1.1427     0.0081  0.0883968  0.000e+00
       3636     26.012    12.2329    11.9971   3.710369   3.699926     0.9889     1.1403     0.0081  0.0879084  0.000e+00
       3637     26.012    12.1926    12.0452   3.709394   3.701894     0.9889     1.1391     0.0081  0.0879084  0.000e+00
       3638     26.012    12.1807    12.0843   3.708768   3.703796     0.9889     1.1379     0.0081  0.0879084  0.000e+00
       3639     26.078    12.1830    12.1218   3.708497   3.705152     0.9913     1.1354     0.0081  0.0879084  0.000e+00
       3640     26.012    12.1922    12.1424   3.708419   3.706223     0.9913     1.1342     0.0081  0.0883968  0.000e+00
       3641     26.012    12.1674    12.1585   3.707648   3.707127     0.9901     1.1317     0.0081  0.0879084  0.000e+00
       3642     26.012    12.1574    12.1721   3.706613   3.707722     0.9901     1.1305     0.0081  0.0883968  0.000e+00
       3643     26.078    12.1659    12.1834   3.706204   3.707383     0.9913     1.1293     0.0081  0.0879084  0.000e+00
       3644     26.012    12.1735    12.1831   3.705265   3.706187     0.9925     1.1269     0.0081  0.0879084  0.000e+00
       3645     26.078    12.1597    12.1675   3.703599   3.704955     0.9938     1.1256     0.0081  0.0879084  0.000e+00
       3646     25.954    12.1323    12.1656   3.702305   3.704509     0.9913     1.1244     0.0081  0.0883968  0.000e+00
       3647     26.078    12.1258    12.1630   3.701590   3.704295     0.9913     1.1220     0.0081  0.0879084  0.000e+00
       3648     26.012    12.0202    12.1671   3.700857   3.704230     0.9938     1.1208     0.0081  0.0883968  0.000e+00
       3649     26.078    11.9524    12.1682   3.699553   3.703992     0.9938     1.1195     0.0081  0.0879084  0.000e+00
       3650     26.012    11.9894    12.1535   3.698602   3.702921     0.9938     1.1171     0.0081  0.0883968  0.000e+00
       3651     26.012    12.0496    12.1369   3.698409   3.701102     0.9938     1.1171     0.0081  0.0879084  0.000e+00
       3652     26.077    12.0853    12.1210   3.698156   3.699526     0.9938     1.1147     0.0081  0.0883968  0.000e+00
       3653     26.011    12.0793    12.1122   3.697711   3.698967     0.9938     1.1134     0.0081  0.0883968  0.000e+00
       3654     26.011    12.0783    12.0971   3.696689   3.698724     0.9950     1.1110     0.0081  0.0879084  0.000e+00
       3655     26.077    12.0834    12.0856   3.695938   3.698135     0.9938     1.1110     0.0081  0.0879084  0.000e+00
       3656     26.011    12.1007    12.0856   3.696088   3.697565     0.9938     1.1085     0.0081  0.0883968  0.000e+00
       3657     26.077    12.1161    12.0844   3.696791   3.696994     0.9938     1.1085     0.0081  0.0883968  0.000e+00
       3658     26.011    12.1065    12.0753   3.697512   3.696352     0.9962     1.1073     0.0081  0.0883968  0.000e+00
       3659     26.077    12.0962    12.0778   3.698150   3.696025     0.9962     1.1061     0.0081  0.0879084  0.000e+00
       3660     26.011    12.1011    12.0647   3.698432   3.695770     0.9938     1.1037     0.0081  0.0879084  0.000e+00
       3661     26.011    12.1005    12.0379   3.697290   3.694683     0.9938     1.1024     0.0081  0.0883968  0.000e+00
       3662     26.077    12.0632    12.0269   3.694994   3.693554     0.9950     1.1012     0.0081  0.0879084  0.000e+00
       3663     26.011    12.0076    12.0211   3.692597   3.693691     0.9974     1.1000     0.0081  0.0874200  0.000e+00
       3664     26.077    12.0044    12.0293   3.690758   3.694600     0.9962     1.0988     0.0081  0.0879084  0.000e+00
       3665     26.011    12.0133    12.0327   3.689244   3.695473     0.9950     1.0976     0.0081  0.0874200  0.000e+00
       3666     26.011    12.0120    12.0345   3.688085   3.695408     0.9950     1.0963     0.0081  0.0879084  0.000e+00
       3667     26.077    11.9880    12.0361   3.686860   3.694386     0.9962     1.0939     0.0081  0.0879084  0.000e+00
       3668     26.011    11.9360    12.0258   3.685857   3.693174     0.9974     1.0927     0.0081  0.0874200  0.000e+00
       3669     26.077    11.8996    12.0181   3.685311   3.691772     0.9986     1.0914     0.0081  0.0883968  0.000e+00
       3670     26.011    11.9086    12.0129   3.685335   3.690548     0.9962     1.0902     0.0081  0.0874200  0.000e+00
       3671     26.077    11.9116    11.9987   3.685690   3.689729     0.9950     1.0890     0.0081  0.0879084  0.000e+00
       3672     26.011    11.8706    11.9991   3.685654   3.689254     0.9962     1.0878     0.0081  0.0874200  0.000e+00
