code/data/2021/ctd_data_day1/Station 2ex 210921_ctm_fil.cnv
* Sea-Bird SBE 9 Data File:
* FileName = C:\Users\CTD-User\Desktop\MAR440\Station 2ex 210921.hex
* Software Version Seasave V 7.26.2.13
* Temperature SN = 6313
* Conductivity SN = 4758
* Number of Bytes Per Scan = 30
* Number of Voltage Words = 4
* Number of Scans Averaged by the Deck Unit = 1
* NMEA baud rate = 4800
** Ship:
** Station:
** Operator:
# nquan = 11
# nvalues = 3819                        
# units = specified
# name 0 = scan: Scan Count
# name 1 = prDM: Pressure, Digiquartz [db]
# name 2 = t090C: Temperature [ITS-90, deg C]
# name 3 = t190C: Temperature, 2 [ITS-90, deg C]
# name 4 = c0S/m: Conductivity [S/m]
# name 5 = c1S/m: Conductivity, 2 [S/m]
# name 6 = sbeox0V: Oxygen raw, SBE 43 [V]
# name 7 = sbeox1V: Oxygen raw, SBE 43, 2 [V]
# name 8 = flECO-AFL: Fluorescence, WET Labs ECO-AFL/FL [mg/m^3]
# name 9 = upoly0: Upoly 0, Turbidity
# name 10 = flag:  0.000e+00
# span 0 =          1,       3819       
# span 1 =      0.334,     23.962       
# span 2 =    13.0502,    16.1228       
# span 3 =    13.0462,    16.1243       
# span 4 =   2.856028,   3.797037       
# span 5 =   2.858521,   3.795947       
# span 6 =     0.9332,     2.9217       
# span 7 =     1.0319,     2.8775       
# span 8 =     0.0033,     0.0101       
# span 9 =  0.0875356,  0.2323405       
# span 10 = 0.0000e+00, 0.0000e+00      
# interval = seconds: 0.0416667
# start_time = Sep 21 2021 11:43:06 [System UTC, header]
# bad_flag = -9.990e-29
*END*
[from data line 1574]
       1575      0.477    14.5977    14.5937   2.877047   2.877213     2.9188     2.8649     0.0053  0.2169769 0.0000e+00
       1576      0.479    14.5985    14.5939   2.877164   2.877244     2.9188     2.8650     0.0053  0.2169259 0.0000e+00
       1577      0.480    14.5993    14.5942   2.877284   2.877283     2.9189     2.8651     0.0055  0.2168687 0.0000e+00
       1578      0.481    14.6002    14.5945   2.877409   2.877331     2.9189     2.8652     0.0053  0.2168048 0.0000e+00
       1579      0.482    14.6010    14.5948   2.877536   2.877388     2.9189     2.8653     0.0055  0.2167339 0.0000e+00
       1580      0.484    14.6018    14.5952   2.877661   2.877455     2.9189     2.8655     0.0053  0.2166553 0.0000e+00
       1581      0.485    14.6025    14.5957   2.877781   2.877532     2.9190     2.8656     0.0053  0.2165687 0.0000e+00
       1582      0.486    14.6031    14.5963   2.877894   2.877620     2.9190     2.8658     0.0055  0.2164733 0.0000e+00
       1583      0.487    14.6037    14.5969   2.877999   2.877717     2.9190     2.8660     0.0055  0.2163686 0.0000e+00
       1584      0.488    14.6042    14.5976   2.878094   2.877823     2.9190     2.8662     0.0053  0.2162537 0.0000e+00
       1585      0.489    14.6046    14.5983   2.878180   2.877938     2.9190     2.8664     0.0055  0.2161279 0.0000e+00
       1586      0.489    14.6050    14.5990   2.878257   2.878060     2.9191     2.8666     0.0053  0.2159903 0.0000e+00
       1587      0.489    14.6053    14.5999   2.878325   2.878188     2.9191     2.8668     0.0055  0.2158400 0.0000e+00
       1588      0.489    14.6056    14.6007   2.878386   2.878317     2.9191     2.8670     0.0053  0.2156759 0.0000e+00
       1589      0.489    14.6058    14.6015   2.878440   2.878445     2.9191     2.8672     0.0053  0.2154968 0.0000e+00
       1590      0.489    14.6061    14.6022   2.878490   2.878569     2.9191     2.8675     0.0055  0.2153015 0.0000e+00
       1591      0.488    14.6063    14.6030   2.878536   2.878687     2.9191     2.8677     0.0055  0.2150888 0.0000e+00
       1592      0.488    14.6065    14.6036   2.878580   2.878799     2.9192     2.8680     0.0053  0.2148595 0.0000e+00
       1593      0.487    14.6066    14.6042   2.878620   2.878901     2.9192     2.8682     0.0053  0.2146241 0.0000e+00
       1594      0.486    14.6068    14.6047   2.878659   2.878994     2.9192     2.8685     0.0053  0.2143995 0.0000e+00
       1595      0.485    14.6070    14.6052   2.878697   2.879077     2.9192     2.8688     0.0055  0.2141961 0.0000e+00
       1596      0.484    14.6072    14.6056   2.878733   2.879153     2.9193     2.8691     0.0053  0.2140143 0.0000e+00
       1597      0.483    14.6073    14.6059   2.878768   2.879223     2.9193     2.8694     0.0055  0.2138509 0.0000e+00
       1598      0.482    14.6075    14.6062   2.878801   2.879286     2.9193     2.8696     0.0053  0.2137041 0.0000e+00
       1599      0.481    14.6076    14.6065   2.878831   2.879343     2.9194     2.8699     0.0055  0.2135728 0.0000e+00
       1600      0.480    14.6077    14.6067   2.878858   2.879394     2.9194     2.8702     0.0055  0.2134561 0.0000e+00
       1601      0.479    14.6078    14.6069   2.878882   2.879440     2.9194     2.8705     0.0055  0.2133532 0.0000e+00
       1602      0.478    14.6079    14.6071   2.878905   2.879481     2.9195     2.8707     0.0053  0.2132634 0.0000e+00
       1603      0.477    14.6081    14.6072   2.878926   2.879518     2.9195     2.8710     0.0053  0.2131860 0.0000e+00
       1604      0.477    14.6082    14.6073   2.878944   2.879551     2.9195     2.8713     0.0053  0.2131205 0.0000e+00
       1605      0.476    14.6083    14.6074   2.878963   2.879581     2.9196     2.8715     0.0053  0.2130665 0.0000e+00
       1606      0.476    14.6084    14.6075   2.878982   2.879608     2.9196     2.8717     0.0055  0.2130236 0.0000e+00
       1607      0.475    14.6085    14.6076   2.879004   2.879634     2.9197     2.8720     0.0055  0.2129914 0.0000e+00
       1608      0.475    14.6087    14.6076   2.879030   2.879657     2.9197     2.8722     0.0053  0.2129698 0.0000e+00
       1609      0.475    14.6088    14.6077   2.879059   2.879677     2.9198     2.8724     0.0053  0.2129586 0.0000e+00
       1610      0.474    14.6091    14.6078   2.879091   2.879695     2.9198     2.8726     0.0053  0.2129578 0.0000e+00
       1611      0.474    14.6093    14.6078   2.879129   2.879710     2.9198     2.8728     0.0053  0.2129672 0.0000e+00
       1612      0.474    14.6096    14.6079   2.879172   2.879723     2.9199     2.8730     0.0053  0.2129871 0.0000e+00
       1613      0.474    14.6100    14.6079   2.879224   2.879734     2.9199     2.8732     0.0053  0.2130175 0.0000e+00
       1614      0.473    14.6104    14.6079   2.879284   2.879742     2.9199     2.8733     0.0055  0.2130586 0.0000e+00
       1615      0.473    14.6108    14.6080   2.879351   2.879747     2.9200     2.8735     0.0055  0.2131108 0.0000e+00
       1616      0.473    14.6113    14.6080   2.879424   2.879750     2.9200     2.8737     0.0055  0.2131743 0.0000e+00
       1617      0.472    14.6118    14.6080   2.879500   2.879752     2.9201     2.8739     0.0053  0.2132497 0.0000e+00
       1618      0.471    14.6123    14.6080   2.879578   2.879754     2.9201     2.8740     0.0053  0.2133340 0.0000e+00
       1619      0.471    14.6128    14.6081   2.879656   2.879755     2.9201     2.8742     0.0055  0.2134185 0.0000e+00
       1620      0.470    14.6133    14.6081   2.879734   2.879754     2.9202     2.8744     0.0055  0.2134953 0.0000e+00
       1621      0.470    14.6138    14.6081   2.879811   2.879751     2.9202     2.8745     0.0055  0.2135624 0.0000e+00
       1622      0.469    14.6143    14.6081   2.879887   2.879743     2.9203     2.8747     0.0055  0.2136203 0.0000e+00
       1623      0.469    14.6148    14.6080   2.879962   2.879729     2.9203     2.8748     0.0055  0.2136693 0.0000e+00
       1624      0.468    14.6153    14.6079   2.880036   2.879710     2.9204     2.8750     0.0055  0.2137098 0.0000e+00
       1625      0.467    14.6158    14.6078   2.880109   2.879686     2.9204     2.8751     0.0055  0.2137420 0.0000e+00
       1626      0.466    14.6162    14.6077   2.880183   2.879660     2.9204     2.8752     0.0055  0.2137663 0.0000e+00
       1627      0.465    14.6167    14.6075   2.880257   2.879633     2.9205     2.8753     0.0055  0.2137827 0.0000e+00
       1628      0.464    14.6172    14.6074   2.880333   2.879605     2.9205     2.8754     0.0055  0.2137914 0.0000e+00
       1629      0.463    14.6178    14.6073   2.880411   2.879581     2.9206     2.8755     0.0055  0.2137924 0.0000e+00
       1630      0.461    14.6183    14.6072   2.880494   2.879561     2.9206     2.8756     0.0055  0.2137858 0.0000e+00
       1631      0.460    14.6189    14.6071   2.880579   2.879545     2.9207     2.8757     0.0055  0.2137715 0.0000e+00
       1632      0.459    14.6194    14.6070   2.880666   2.879531     2.9207     2.8757     0.0055  0.2137494 0.0000e+00
       1633      0.457    14.6200    14.6070   2.880755   2.879517     2.9208     2.8758     0.0055  0.2137193 0.0000e+00
       1634      0.455    14.6206    14.6068   2.880846   2.879502     2.9208     2.8758     0.0055  0.2136811 0.0000e+00
       1635      0.454    14.6212    14.6067   2.880938   2.879485     2.9209     2.8759     0.0055  0.2136344 0.0000e+00
       1636      0.452    14.6218    14.6065   2.881031   2.879466     2.9209     2.8759     0.0055  0.2135790 0.0000e+00
       1637      0.450    14.6223    14.6063   2.881127   2.879443     2.9209     2.8759     0.0055  0.2135145 0.0000e+00
       1638      0.448    14.6229    14.6061   2.881224   2.879417     2.9210     2.8759     0.0055  0.2134403 0.0000e+00
       1639      0.446    14.6236    14.6058   2.881324   2.879390     2.9210     2.8760     0.0055  0.2133561 0.0000e+00
       1640      0.444    14.6242    14.6057   2.881429   2.879368     2.9211     2.8760     0.0055  0.2132612 0.0000e+00
       1641      0.442    14.6249    14.6055   2.881539   2.879355     2.9211     2.8760     0.0055  0.2131549 0.0000e+00
       1642      0.440    14.6256    14.6055   2.881655   2.879355     2.9212     2.8760     0.0055  0.2130365 0.0000e+00
       1643      0.438    14.6264    14.6055   2.881778   2.879366     2.9212     2.8760     0.0055  0.2129061 0.0000e+00
       1644      0.436    14.6272    14.6057   2.881908   2.879389     2.9213     2.8760     0.0055  0.2127678 0.0000e+00
       1645      0.435    14.6281    14.6060   2.882047   2.879427     2.9213     2.8760     0.0055  0.2126300 0.0000e+00
       1646      0.433    14.6290    14.6063   2.882197   2.879479     2.9213     2.8760     0.0055  0.2124985 0.0000e+00
       1647      0.431    14.6301    14.6068   2.882360   2.879545     2.9214     2.8759     0.0055  0.2123742 0.0000e+00
       1648      0.430    14.6312    14.6073   2.882538   2.879621     2.9214     2.8759     0.0055  0.2122562 0.0000e+00
       1649      0.429    14.6325    14.6079   2.882731   2.879702     2.9214     2.8759     0.0055  0.2121435 0.0000e+00
       1650      0.428    14.6338    14.6084   2.882939   2.879786     2.9214     2.8758     0.0055  0.2120356 0.0000e+00
       1651      0.427    14.6353    14.6090   2.883164   2.879873     2.9215     2.8758     0.0055  0.2119316 0.0000e+00
       1652      0.426    14.6369    14.6096   2.883408   2.879965     2.9215     2.8758     0.0055  0.2118307 0.0000e+00
       1653      0.425    14.6387    14.6103   2.883673   2.880064     2.9215     2.8757     0.0055  0.2117323 0.0000e+00
       1654      0.425    14.6406    14.6110   2.883963   2.880168     2.9215     2.8757     0.0055  0.2116357 0.0000e+00
       1655      0.424    14.6427    14.6118   2.884280   2.880279     2.9215     2.8757     0.0055  0.2115403 0.0000e+00
       1656      0.424    14.6450    14.6126   2.884624   2.880398     2.9215     2.8756     0.0055  0.2114453 0.0000e+00
       1657      0.423    14.6474    14.6135   2.884997   2.880523     2.9215     2.8756     0.0055  0.2113501 0.0000e+00
       1658      0.423    14.6501    14.6144   2.885401   2.880656     2.9215     2.8756     0.0055  0.2112541 0.0000e+00
       1659      0.422    14.6529    14.6154   2.885840   2.880797     2.9215     2.8756     0.0055  0.2111565 0.0000e+00
       1660      0.422    14.6561    14.6164   2.886317   2.880949     2.9215     2.8756     0.0055  0.2110567 0.0000e+00
       1661      0.422    14.6595    14.6175   2.886836   2.881111     2.9215     2.8756     0.0055  0.2109541 0.0000e+00
       1662      0.423    14.6632    14.6187   2.887402   2.881286     2.9214     2.8757     0.0055  0.2108478 0.0000e+00
       1663      0.423    14.6673    14.6200   2.888019   2.881474     2.9214     2.8757     0.0055  0.2107371 0.0000e+00
       1664      0.423    14.6718    14.6214   2.888693   2.881677     2.9214     2.8758     0.0055  0.2106214 0.0000e+00
       1665      0.423    14.6767    14.6230   2.889427   2.881896     2.9214     2.8758     0.0055  0.2104997 0.0000e+00
       1666      0.424    14.6820    14.6246   2.890228   2.882130     2.9213     2.8759     0.0055  0.2103712 0.0000e+00
       1667      0.424    14.6878    14.6263   2.891098   2.882378     2.9213     2.8760     0.0055  0.2102350 0.0000e+00
       1668      0.425    14.6939    14.6281   2.892037   2.882638     2.9212     2.8761     0.0055  0.2100903 0.0000e+00
       1669      0.426    14.7005    14.6299   2.893044   2.882909     2.9212     2.8762     0.0055  0.2099384 0.0000e+00
       1670      0.427    14.7073    14.6317   2.894110   2.883191     2.9212     2.8762     0.0053  0.2097861 0.0000e+00
       1671      0.429    14.7144    14.6336   2.895214   2.883484     2.9211     2.8763     0.0053  0.2096399 0.0000e+00
       1672      0.431    14.7214    14.6355   2.896329   2.883788     2.9210     2.8764     0.0055  0.2095013 0.0000e+00
       1673      0.433    14.7282    14.6374   2.897427   2.884105     2.9210     2.8765     0.0053  0.2093694 0.0000e+00
       1674      0.435    14.7349    14.6395   2.898503   2.884438     2.9209     2.8766     0.0055  0.2092432 0.0000e+00
       1675      0.437    14.7417    14.6416   2.899571   2.884789     2.9209     2.8766     0.0053  0.2091219 0.0000e+00
       1676      0.440    14.7485    14.6439   2.900644   2.885161     2.9208     2.8767     0.0055  0.2090046 0.0000e+00
       1677      0.443    14.7552    14.6464   2.901717   2.885556     2.9208     2.8767     0.0053  0.2088905 0.0000e+00
       1678      0.447    14.7615    14.6490   2.902769   2.885978     2.9207     2.8768     0.0053  0.2087788 0.0000e+00
       1679      0.451    14.7674    14.6518   2.903770   2.886431     2.9206     2.8768     0.0055  0.2086688 0.0000e+00
       1680      0.455    14.7727    14.6549   2.904701   2.886919     2.9206     2.8769     0.0055  0.2085596 0.0000e+00
       1681      0.460    14.7775    14.6581   2.905552   2.887442     2.9205     2.8769     0.0055  0.2084506 0.0000e+00
       1682      0.465    14.7818    14.6616   2.906325   2.888002     2.9205     2.8770     0.0055  0.2083409 0.0000e+00
       1683      0.470    14.7859    14.6654   2.907034   2.888599     2.9204     2.8770     0.0053  0.2082298 0.0000e+00
       1684      0.475    14.7900    14.6694   2.907708   2.889233     2.9204     2.8771     0.0053  0.2081165 0.0000e+00
       1685      0.481    14.7942    14.6736   2.908376   2.889900     2.9204     2.8771     0.0053  0.2080002 0.0000e+00
       1686      0.487    14.7986    14.6779   2.909052   2.890592     2.9203     2.8771     0.0055  0.2078802 0.0000e+00
       1687      0.493    14.8030    14.6823   2.909736   2.891295     2.9203     2.8772     0.0055  0.2077556 0.0000e+00
       1688      0.500    14.8075    14.6866   2.910417   2.891995     2.9203     2.8772     0.0053  0.2076255 0.0000e+00
       1689      0.507    14.8118    14.6908   2.911085   2.892682     2.9203     2.8772     0.0053  0.2074890 0.0000e+00
       1690      0.514    14.8159    14.6950   2.911730   2.893357     2.9203     2.8772     0.0055  0.2073451 0.0000e+00
       1691      0.521    14.8198    14.6992   2.912347   2.894023     2.9204     2.8771     0.0053  0.2071929 0.0000e+00
       1692      0.528    14.8234    14.7034   2.912930   2.894687     2.9204     2.8771     0.0053  0.2070314 0.0000e+00
       1693      0.535    14.8268    14.7078   2.913476   2.895357     2.9204     2.8771     0.0055  0.2068593 0.0000e+00
       1694      0.542    14.8299    14.7123   2.913984   2.896043     2.9205     2.8770     0.0053  0.2066763 0.0000e+00
       1695      0.550    14.8327    14.7172   2.914453   2.896762     2.9205     2.8770     0.0055  0.2064872 0.0000e+00
       1696      0.558    14.8352    14.7224   2.914886   2.897525     2.9206     2.8769     0.0055  0.2063016 0.0000e+00
       1697      0.565    14.8375    14.7278   2.915287   2.898329     2.9207     2.8769     0.0055  0.2061250 0.0000e+00
       1698      0.573    14.8397    14.7333   2.915660   2.899164     2.9208     2.8769     0.0055  0.2059571 0.0000e+00
       1699      0.581    14.8416    14.7390   2.916007   2.900023     2.9209     2.8768     0.0055  0.2057967 0.0000e+00
       1700      0.590    14.8434    14.7447   2.916331   2.900909     2.9209     2.8768     0.0055  0.2056418 0.0000e+00
       1701      0.598    14.8450    14.7506   2.916633   2.901827     2.9210     2.8768     0.0055  0.2054905 0.0000e+00
       1702      0.606    14.8465    14.7565   2.916912   2.902774     2.9211     2.8768     0.0055  0.2053417 0.0000e+00
       1703      0.615    14.8479    14.7623   2.917169   2.903734     2.9212     2.8768     0.0055  0.2051945 0.0000e+00
       1704      0.624    14.8491    14.7681   2.917405   2.904689     2.9213     2.8768     0.0055  0.2050477 0.0000e+00
