code/data/2021/ctd_data_day1/Station 4 210921_ctm.cnv
* Sea-Bird SBE 9 Data File:
* FileName = C:\Users\CTD-User\Desktop\MAR440\Station 4 210921.hex
* Software Version Seasave V 7.26.2.13
* Temperature SN = 6313
* Conductivity SN = 4758
* Number of Bytes Per Scan = 30
* Number of Voltage Words = 4
* Number of Scans Averaged by the Deck Unit = 1
* NMEA baud rate = 4800
** Ship:
** Station:
** Operator:
# nquan = 11
# nvalues = 963                         
# units = specified
# name 0 = scan: Scan Count
# name 1 = prDM: Pressure, Digiquartz [db]
# name 2 = t090C: Temperature [ITS-90, deg C]
# name 3 = t190C: Temperature, 2 [ITS-90, deg C]
# name 4 = c0S/m: Conductivity [S/m]
# name 5 = c1S/m: Conductivity, 2 [S/m]
# name 6 = sbeox0V: Oxygen raw, SBE 43 [V]
# name 7 = sbeox1V: Oxygen raw, SBE 43, 2 [V]
# name 8 = flECO-AFL: Fluorescence, WET Labs ECO-AFL/FL [mg/m^3]
# name 9 = upoly0: Upoly 0, Turbidity
# name 10 = flag:  0.000e+00
# span 0 =          1,        963       
# span 1 =      0.481,     10.723       
# span 2 =    11.6141,    15.3196       
# span 3 =    11.6112,    15.1462       
# span 4 =  -0.001126,   2.798481       
# span 5 =   0.025711,   2.805571       
# span 6 =     2.2466,     3.1600       
# span 7 =     2.1734,     2.9280       
# span 8 =     0.0033,     0.0317       
# span 9 =  0.0805824,  0.2378474       
# span 10 = 0.0000e+00, 0.0000e+00      
# interval = seconds: 0.0416667
# start_time = Sep 21 2021 09:52:02 [System UTC, header]
# bad_flag = -9.990e-29
*END*
[from data line 787]
        788      7.059    14.8242    14.6339   2.782230   2.783991     2.2674     2.2857     0.0048  0.1782625 0.0000e+00
        789      7.158    14.8280    14.6342   2.782288   2.783999     2.2674     2.2857     0.0048  0.1782625 0.0000e+00
        790      7.125    14.8366    14.6415   2.782387   2.784023     2.2674     2.2845     0.0048  0.1743553 0.0000e+00
        791      7.158    14.8393    14.6420   2.782365   2.783979     2.2662     2.2845     0.0046  0.1665409 0.0000e+00
        792      7.182    14.8375    14.6417   2.782375   2.783958     2.2662     2.2845     0.0048  0.1645873 0.0000e+00
        793      7.182    14.8440    14.6427   2.782481   2.784006     2.2662     2.2845     0.0048  0.1650757 0.0000e+00
        794      7.224    14.8464    14.6473   2.782464   2.784005     2.2662     2.2845     0.0048  0.1650757 0.0000e+00
        795      7.240    14.8469    14.6527   2.782542   2.784075     2.2662     2.2833     0.0046  0.1650757 0.0000e+00
        796      7.306    14.8518    14.6585   2.782463   2.784131     2.2649     2.2833     0.0048  0.1650757 0.0000e+00
        797      7.281    14.8582    14.6673   2.782601   2.784145     2.2649     2.2833     0.0048  0.1650757 0.0000e+00
        798      7.306    14.8615    14.6773   2.782615   2.784148     2.2649     2.2833     0.0048  0.1650757 0.0000e+00
        799      7.339    14.8729    14.6929   2.782653   2.784230     2.2637     2.2820     0.0048  0.1650757 0.0000e+00
        800      7.306    14.8882    14.7080   2.782789   2.784300     2.2637     2.2820     0.0048  0.1650757 0.0000e+00
        801      7.429    14.8979    14.7177   2.782761   2.784344     2.2637     2.2820     0.0048  0.1650757 0.0000e+00
        802      7.405    14.9058    14.7200   2.782894   2.784349     2.2637     2.2808     0.0048  0.1650757 0.0000e+00
        803      7.363    14.9092    14.7286   2.782901   2.784451     2.2625     2.2808     0.0048  0.1650757 0.0000e+00
        804      7.487    14.9087    14.7453   2.782877   2.784511     2.2625     2.2808     0.0048  0.1650757 0.0000e+00
        805      7.462    14.9052    14.7609   2.782993   2.784555     2.2625     2.2808     0.0048  0.1650757 0.0000e+00
        806      7.429    14.9009    14.7780   2.782868   2.784648     2.2625     2.2796     0.0048  0.1650757 0.0000e+00
        807      7.553    14.9038    14.7968   2.782987   2.784741     2.2625     2.2796     0.0048  0.1650757 0.0000e+00
        808      7.528    14.9036    14.8130   2.782981   2.784820     2.2625     2.2796     0.0048  0.1655641 0.0000e+00
        809      7.553    14.9001    14.8178   2.782924   2.784853     2.2625     2.2784     0.0048  0.1650757 0.0000e+00
        810      7.586    14.8963    14.8186   2.783055   2.784812     2.2613     2.2784     0.0048  0.1650757 0.0000e+00
        811      7.610    14.8959    14.8173   2.782994   2.784786     2.2613     2.2772     0.0048  0.1655641 0.0000e+00
        812      7.610    14.9028    14.8186   2.783118   2.784832     2.2613     2.2772     0.0048  0.1655641 0.0000e+00
        813      7.643    14.9087    14.8235   2.783152   2.784920     2.2613     2.2772     0.0048  0.1650757 0.0000e+00
        814      7.610    14.9102    14.8285   2.783099   2.784885     2.2601     2.2759     0.0048  0.1650757 0.0000e+00
        815      7.668    14.9211    14.8422   2.783297   2.784910     2.2601     2.2759     0.0048  0.1655641 0.0000e+00
        816      7.767    14.9370    14.8551   2.783289   2.784986     2.2613     2.2759     0.0046  0.1680061 0.0000e+00
        817      7.668    14.9542    14.8644   2.783468   2.784994     2.2613     2.2747     0.0046  0.1694713 0.0000e+00
        818      7.791    14.9682    14.8700   2.783635   2.784961     2.2601     2.2747     0.0046  0.1704481 0.0000e+00
        819      7.767    14.9706    14.8741   2.783600   2.785055     2.2601     2.2735     0.0046  0.1694713 0.0000e+00
        820      7.734    14.9623    14.8797   2.783681   2.785118     2.2601     2.2735     0.0046  0.1704481 0.0000e+00
        821      7.857    14.9657    14.8851   2.783682   2.785036     2.2601     2.2723     0.0046  0.1694713 0.0000e+00
        822      7.832    14.9723    14.8948   2.783745   2.785088     2.2588     2.2723     0.0046  0.1704481 0.0000e+00
        823      7.857    14.9747    14.8983   2.783787   2.785095     2.2601     2.2723     0.0046  0.1704481 0.0000e+00
        824      7.890    14.9775    14.8938   2.783689   2.785134     2.2601     2.2711     0.0046  0.1704481 0.0000e+00
        825      7.857    14.9802    14.8904   2.783898   2.785173     2.2601     2.2698     0.0046  0.1694713 0.0000e+00
        826      7.972    14.9857    14.8884   2.783902   2.785126     2.2601     2.2698     0.0046  0.1694713 0.0000e+00
        827      7.890    14.9879    14.8888   2.783829   2.785063     2.2576     2.2698     0.0046  0.1694713 0.0000e+00
        828      7.972    14.9857    14.8889   2.784100   2.785056     2.2588     2.2686     0.0046  0.1704481 0.0000e+00
        829      7.972    14.9943    14.8933   2.784139   2.785089     2.2588     2.2686     0.0046  0.1704481 0.0000e+00
        830      8.013    15.0043    14.8992   2.784177   2.785174     2.2588     2.2674     0.0046  0.1694713 0.0000e+00
        831      8.038    15.0074    14.9013   2.784355   2.785261     2.2588     2.2674     0.0046  0.1704481 0.0000e+00
        832      8.038    15.0245    14.8965   2.784318   2.785273     2.2588     2.2662     0.0046  0.1704481 0.0000e+00
        833      8.071    15.0414    14.8926   2.784425   2.785214     2.2576     2.2662     0.0046  0.1694713 0.0000e+00
        834      7.972    15.0380    14.8920   2.784557   2.785190     2.2576     2.2650     0.0046  0.1694713 0.0000e+00
        835      8.219    15.0353    14.8861   2.784528   2.785171     2.2576     2.2650     0.0046  0.1704481 0.0000e+00
        836      8.137    15.0295    14.8834   2.784543   2.785165     2.2576     2.2637     0.0046  0.1694713 0.0000e+00
        837      8.162    15.0226    14.8892   2.784483   2.785231     2.2576     2.2637     0.0046  0.1704481 0.0000e+00
        838      8.194    15.0196    14.9039   2.784444   2.785334     2.2576     2.2625     0.0046  0.1704481 0.0000e+00
        839      8.161    15.0154    14.9175   2.784578   2.785407     2.2576     2.2625     0.0046  0.1694713 0.0000e+00
        840      8.219    15.0014    14.9247   2.784605   2.785311     2.2564     2.2613     0.0046  0.1694713 0.0000e+00
        841      8.260    14.9874    14.9270   2.784432   2.785352     2.2564     2.2613     0.0046  0.1728901 0.0000e+00
        842      8.285    14.9870    14.9272   2.784586   2.785373     2.2564     2.2601     0.0048  0.1782625 0.0000e+00
        843      8.285    14.9910    14.9268   2.784807   2.785353     2.2564     2.2588     0.0048  0.1792393 0.0000e+00
        844      8.318    14.9918    14.9242   2.784649   2.785450     2.2564     2.2588     0.0048  0.1787509 0.0000e+00
        845      8.343    14.9945    14.9247   2.784714   2.785482     2.2564     2.2576     0.0048  0.1787509 0.0000e+00
        846      8.342    15.0016    14.9297   2.784882   2.785426     2.2564     2.2576     0.0048  0.1787509 0.0000e+00
        847      8.375    15.0085    14.9334   2.784774   2.785451     2.2564     2.2576     0.0048  0.1787509 0.0000e+00
        848      8.400    15.0110    14.9314   2.784832   2.785479     2.2564     2.2564     0.0048  0.1787509 0.0000e+00
        849      8.400    15.0068    14.9170   2.785004   2.785460     2.2564     2.2552     0.0048  0.1787509 0.0000e+00
        850      8.441    14.9997    14.9172   2.784842   2.785487     2.2564     2.2540     0.0048  0.1787509 0.0000e+00
        851      8.466    15.0099    14.9197   2.784904   2.785512     2.2564     2.2540     0.0048  0.1787509 0.0000e+00
        852      8.466    15.0304    14.9292   2.785037   2.785564     2.2552     2.2540     0.0048  0.1787509 0.0000e+00
        853      8.565    15.0481    14.9421   2.785025   2.785630     2.2552     2.2527     0.0048  0.1787509 0.0000e+00
        854      8.466    15.0665    14.9473   2.785203   2.785686     2.2552     2.2527     0.0048  0.1787509 0.0000e+00
        855      8.589    15.0779    14.9444   2.785414   2.785717     2.2552     2.2515     0.0048  0.1787509 0.0000e+00
        856      8.565    15.0813    14.9286   2.785259   2.785665     2.2552     2.2515     0.0048  0.1787509 0.0000e+00
        857      8.589    15.0835    14.9216   2.785304   2.785681     2.2552     2.2503     0.0048  0.1787509 0.0000e+00
        858      8.647    15.0916    14.9282   2.785427   2.785749     2.2552     2.2491     0.0048  0.1787509 0.0000e+00
        859      8.622    15.1038    14.9403   2.785366   2.785860     2.2552     2.2491     0.0048  0.1787509 0.0000e+00
        860      8.647    15.1154    14.9647   2.785490   2.785901     2.2552     2.2479     0.0048  0.1787509 0.0000e+00
        861      8.705    15.1300    14.9852   2.785685   2.786032     2.2552     2.2466     0.0048  0.1787509 0.0000e+00
        862      8.688    15.1430    14.9930   2.785599   2.786035     2.2540     2.2466     0.0048  0.1787509 0.0000e+00
        863      8.705    15.1523    15.0060   2.785585   2.786051     2.2540     2.2466     0.0048  0.1787509 0.0000e+00
        864      8.771    15.1612    15.0316   2.785693   2.786223     2.2540     2.2454     0.0048  0.1787509 0.0000e+00
        865      8.746    15.1714    15.0535   2.785730   2.786328     2.2540     2.2454     0.0048  0.1787509 0.0000e+00
        866      8.828    15.1750    15.0679   2.785716   2.786407     2.2540     2.2442     0.0048  0.1792393 0.0000e+00
        867      8.828    15.1812    15.0792   2.785754   2.786491     2.2540     2.2442     0.0046  0.1826581 0.0000e+00
        868      8.804    15.1860    15.0864   2.785786   2.786554     2.2540     2.2430     0.0046  0.1846117 0.0000e+00
        869      8.828    15.1877    15.0906   2.785758   2.786514     2.2540     2.2430     0.0046  0.1846117 0.0000e+00
        870      8.927    15.1927    15.0910   2.785823   2.786599     2.2540     2.2418     0.0046  0.1846117 0.0000e+00
        871      8.894    15.1976    15.0923   2.785814   2.786584     2.2540     2.2418     0.0046  0.1846117 0.0000e+00
        872      8.894    15.2037    15.0938   2.785883   2.786609     2.2540     2.2405     0.0046  0.1846117 0.0000e+00
        873      8.993    15.2107    15.0991   2.785892   2.786728     2.2540     2.2393     0.0046  0.1846117 0.0000e+00
        874      8.952    15.2219    15.1069   2.785950   2.786761     2.2527     2.2393     0.0046  0.1846117 0.0000e+00
        875      8.952    15.2253    15.1122   2.785965   2.786821     2.2540     2.2393     0.0046  0.1846117 0.0000e+00
        876      9.051    15.2144    15.1169   2.785916   2.786864     2.2540     2.2381     0.0046  0.1846117 0.0000e+00
        877      9.018    15.2036    15.1156   2.785893   2.786888     2.2527     2.2381     0.0046  0.1846117 0.0000e+00
        878      9.075    15.2063    15.1110   2.785918   2.786851     2.2527     2.2381     0.0046  0.1846117 0.0000e+00
        879      9.051    15.2193    15.1122   2.786037   2.786832     2.2527     2.2369     0.0046  0.1846117 0.0000e+00
        880      9.133    15.2317    15.1159   2.786142   2.786897     2.2527     2.2369     0.0046  0.1846117 0.0000e+00
        881      9.075    15.2366    15.1103   2.786067   2.786900     2.2527     2.2356     0.0046  0.1846117 0.0000e+00
        882      9.174    15.2315    15.1017   2.786093   2.786982     2.2527     2.2356     0.0044  0.1846117 0.0000e+00
        883      9.133    15.2228    15.0947   2.786122   2.787022     2.2527     2.2344     0.0046  0.1846117 0.0000e+00
        884      9.199    15.2176    15.0840   2.786083   2.787016     2.2515     2.2344     0.0046  0.1846117 0.0000e+00
        885      9.232    15.2190    15.0747   2.786141   2.787000     2.2515     2.2332     0.0046  0.1846117 0.0000e+00
        886      9.199    15.2248    15.0689   2.786221   2.786993     2.2515     2.2332     0.0046  0.1846117 0.0000e+00
        887      9.257    15.2269    15.0624   2.786217   2.786945     2.2515     2.2332     0.0046  0.1846117 0.0000e+00
        888      9.232    15.2246    15.0577   2.786223   2.786910     2.2515     2.2320     0.0046  0.1846117 0.0000e+00
        889      9.380    15.2249    15.0514   2.786325   2.786943     2.2515     2.2320     0.0046  0.1846117 0.0000e+00
        890      9.322    15.2204    15.0403   2.786333   2.786943     2.2515     2.2308     0.0046  0.1841233 0.0000e+00
        891      9.322    15.2144    15.0325   2.786276   2.787046     2.2515     2.2308     0.0046  0.1846117 0.0000e+00
        892      9.355    15.2135    15.0387   2.786347   2.787123     2.2515     2.2295     0.0046  0.1841233 0.0000e+00
        893      9.380    15.2205    15.0548   2.786416   2.787243     2.2515     2.2295     0.0048  0.1831465 0.0000e+00
        894      9.438    15.2257    15.0558   2.786370   2.787273     2.2515     2.2295     0.0048  0.1826581 0.0000e+00
        895      9.421    15.2249    15.0595   2.786371   2.787324     2.2515     2.2283     0.0048  0.1831465 0.0000e+00
        896      9.438    15.2130    15.0628   2.786529   2.787358     2.2515     2.2283     0.0048  0.1831465 0.0000e+00
        897      9.504    15.2031    15.0684   2.786409   2.787396     2.2503     2.2271     0.0048  0.1831465 0.0000e+00
        898      9.479    15.1973    15.0662   2.786461   2.787440     2.2503     2.2271     0.0048  0.1826581 0.0000e+00
        899      9.561    15.2027    15.0340   2.786601   2.787341     2.2503     2.2259     0.0048  0.1831465 0.0000e+00
        900      9.504    15.2223    15.0089   2.786654   2.787277     2.2503     2.2259     0.0048  0.1831465 0.0000e+00
        901      9.603    15.2351    15.0019   2.786616   2.787320     2.2503     2.2259     0.0048  0.1831465 0.0000e+00
        902      9.561    15.2354    14.9947   2.786784   2.787362     2.2503     2.2247     0.0048  0.1831465 0.0000e+00
        903      9.627    15.2305    14.9901   2.786780   2.787394     2.2503     2.2247     0.0048  0.1826581 0.0000e+00
        904      9.602    15.2241    14.9808   2.786653   2.787344     2.2503     2.2234     0.0048  0.1831465 0.0000e+00
        905      9.685    15.2174    14.9757   2.786685   2.787384     2.2503     2.2234     0.0048  0.1831465 0.0000e+00
        906      9.685    15.2039    14.9789   2.786795   2.787393     2.2503     2.2234     0.0048  0.1831465 0.0000e+00
        907      9.660    15.2049    14.9849   2.786836   2.787541     2.2491     2.2222     0.0048  0.1831465 0.0000e+00
        908      9.751    15.2215    14.9903   2.786770   2.787617     2.2491     2.2222     0.0048  0.1831465 0.0000e+00
        909      9.751    15.2359    14.9964   2.786950   2.787722     2.2491     2.2210     0.0048  0.1831465 0.0000e+00
        910      9.726    15.2459    15.0077   2.787058   2.787762     2.2491     2.2210     0.0048  0.1831465 0.0000e+00
        911      9.808    15.2544    15.0248   2.786907   2.787909     2.2491     2.2198     0.0048  0.1831465 0.0000e+00
        912      9.808    15.2641    15.0404   2.786971   2.787992     2.2503     2.2186     0.0048  0.1831465 0.0000e+00
        913      9.850    15.2760    15.0501   2.787102   2.788116     2.2491     2.2210     0.0048  0.1831465 0.0000e+00
        914      9.808    15.2783    15.0723   2.787077   2.788304     2.2491     2.2198     0.0048  0.1831465 0.0000e+00
        915      9.866    15.2732    15.1015   2.786955   2.788512     2.2479     2.2186     0.0048  0.1831465 0.0000e+00
        916      9.907    15.2644    15.1151   2.787092   2.788639     2.2491     2.2161     0.0048  0.1831465 0.0000e+00
        917      9.932    15.2579    15.1192   2.787152   2.788703     2.2491     2.2186     0.0048  0.1826581 0.0000e+00
        918      9.932    15.2564    15.1093   2.786984   2.788765     2.2491     2.2186     0.0048  0.1728901 0.0000e+00
