code/data/2021/ctd_data_day1/Station 3 210921_ctm_fil_le.cnv
* Sea-Bird SBE 9 Data File:
* FileName = C:\Users\CTD-User\Desktop\MAR440\Station 3 210921.hex
* Software Version Seasave V 7.26.2.13
* Temperature SN = 6313
* Conductivity SN = 4758
* Number of Bytes Per Scan = 30
* Number of Voltage Words = 4
* Number of Scans Averaged by the Deck Unit = 1
* NMEA baud rate = 4800
** Ship:
** Station:
** Operator:
# nquan = 11
# nvalues = 5414                        
# units = specified
# name 0 = scan: Scan Count
# name 1 = prDM: Pressure, Digiquartz [db]
# name 2 = t090C: Temperature [ITS-90, deg C]
# name 3 = t190C: Temperature, 2 [ITS-90, deg C]
# name 4 = c0S/m: Conductivity [S/m]
# name 5 = c1S/m: Conductivity, 2 [S/m]
# name 6 = sbeox0V: Oxygen raw, SBE 43 [V]
# name 7 = sbeox1V: Oxygen raw, SBE 43, 2 [V]
# name 8 = flECO-AFL: Fluorescence, WET Labs ECO-AFL/FL [mg/m^3]
# name 9 = upoly0: Upoly 0, Turbidity
# name 10 = flag:  0.000e+00
# span 0 =          1,       5414       
# span 1 =      1.557,     20.473       
# span 2 =     8.0027,    16.1522       
# span 3 =     8.0029,    16.1543       
# span 4 =   2.929389,   3.478761       
# span 5 =   2.988908,   3.479888       
# span 6 =     0.4661,     2.8108       
# span 7 =     0.5272,     2.6596       
# span 8 =     0.0033,     0.0092       
# span 9 =  0.0887572,  0.1879272       
# span 10 = 0.0000e+00, 0.0000e+00      
# interval = seconds: 0.0416667
# start_time = Sep 21 2021 09:31:52 [System UTC, header]
# bad_flag = -9.990e-29
*END*
[from data line 919]
        920      1.602    15.8096    15.8462   3.110807   3.125135     2.6167     2.6331     0.0048  0.1638812 -9.990e-29
        921      1.602    15.8144    15.8498   3.112225   3.126204     2.6147     2.6317     0.0048  0.1633887 -9.990e-29
        922      1.602    15.8193    15.8532   3.113701   3.127196     2.6127     2.6303     0.0048  0.1629285 -9.990e-29
        923      1.602    15.8243    15.8565   3.115223   3.128107     2.6108     2.6289     0.0048  0.1624976 -9.990e-29
        924      1.602    15.8292    15.8596   3.116771   3.128945     2.6089     2.6274     0.0048  0.1620930 -9.990e-29
        925      1.603    15.8340    15.8626   3.118317   3.129726     2.6070     2.6258     0.0048  0.1617117 -9.990e-29
        926      1.603    15.8387    15.8654   3.119831   3.130473     2.6051     2.6242     0.0048  0.1613512 -9.990e-29
        927      1.603    15.8432    15.8683   3.121283   3.131203     2.6032     2.6225     0.0048  0.1610090 -9.990e-29
        928      1.603    15.8474    15.8710   3.122642   3.131924     2.6013     2.6209     0.0048  0.1606827 -9.990e-29
        929      1.603    15.8513    15.8737   3.123881   3.132642     2.5995     2.6191     0.0048  0.1603700 -9.990e-29
        930      1.603    15.8549    15.8763   3.124983   3.133357     2.5977     2.6173     0.0048  0.1600687 -9.990e-29
        931      1.603    15.8581    15.8787   3.125936   3.134065     2.5960     2.6155     0.0048  0.1597767 -9.990e-29
        932      1.603    15.8610    15.8810   3.126737   3.134761     2.5942     2.6137     0.0048  0.1594920 -9.990e-29
        933      1.603    15.8636    15.8832   3.127384   3.135433     2.5925     2.6118     0.0048  0.1592127 -9.990e-29
        934      1.603    15.8659    15.8851   3.127876   3.136074     2.5908     2.6099     0.0048  0.1589368 -9.990e-29
        935      1.603    15.8681    15.8869   3.128216   3.136680     2.5891     2.6080     0.0048  0.1586623 -9.990e-29
        936      1.603    15.8700    15.8886   3.128410   3.137249     2.5875     2.6061     0.0048  0.1583873 -9.990e-29
        937      1.603    15.8716    15.8901   3.128467   3.137780     2.5858     2.6041     0.0048  0.1581101 -9.990e-29
        938      1.603    15.8732    15.8915   3.128401   3.138266     2.5842     2.6021     0.0048  0.1578285 -9.990e-29
        939      1.603    15.8746    15.8927   3.128241   3.138698     2.5827     2.6001     0.0048  0.1575406 -9.990e-29
        940      1.603    15.8759    15.8937   3.128016   3.139067     2.5811     2.5981     0.0048  0.1572446 -9.990e-29
        941      1.603    15.8772    15.8946   3.127745   3.139373     2.5796     2.5960     0.0048  0.1569390 -9.990e-29
        942      1.603    15.8782    15.8953   3.127437   3.139623     2.5781     2.5939     0.0049  0.1566304 -9.990e-29
        943      1.603    15.8790    15.8958   3.127093   3.139832     2.5766     2.5918     0.0049  0.1563344 -9.990e-29
        944      1.603    15.8795    15.8963   3.126715   3.140012     2.5751     2.5897     0.0049  0.1560625 -9.990e-29
        945      1.603    15.8797    15.8966   3.126302   3.140176     2.5737     2.5875     0.0049  0.1558162 -9.990e-29
        946      1.603    15.8797    15.8968   3.125856   3.140334     2.5723     2.5854     0.0049  0.1555930 -9.990e-29
        947      1.603    15.8795    15.8971   3.125384   3.140495     2.5709     2.5832     0.0049  0.1553896 -9.990e-29
        948      1.603    15.8792    15.8973   3.124894   3.140672     2.5695     2.5810     0.0049  0.1552038 -9.990e-29
        949      1.603    15.8786    15.8976   3.124393   3.140877     2.5682     2.5788     0.0049  0.1550343 -9.990e-29
        950      1.603    15.8779    15.8980   3.123888   3.141103     2.5668     2.5765     0.0049  0.1548807 -9.990e-29
        951      1.603    15.8771    15.8983   3.123383   3.141326     2.5655     2.5743     0.0049  0.1547428 -9.990e-29
        952      1.603    15.8762    15.8987   3.122881   3.141512     2.5641     2.5720     0.0049  0.1546196 -9.990e-29
        953      1.602    15.8752    15.8989   3.122386   3.141634     2.5627     2.5698     0.0049  0.1545104 -9.990e-29
        954      1.602    15.8741    15.8991   3.121903   3.141672     2.5614     2.5675     0.0049  0.1544135 -9.990e-29
        955      1.602    15.8730    15.8990   3.121437   3.141615     2.5601     2.5652     0.0049  0.1543281 -9.990e-29
        956      1.602    15.8718    15.8987   3.120995   3.141461     2.5587     2.5629     0.0049  0.1542547 -9.990e-29
        957      1.601    15.8707    15.8983   3.120586   3.141208     2.5573     2.5606     0.0049  0.1541926 -9.990e-29
        958      1.601    15.8696    15.8976   3.120221   3.140864     2.5560     2.5583     0.0049  0.1541414 -9.990e-29
        959      1.601    15.8687    15.8966   3.119912   3.140433     2.5546     2.5560     0.0049  0.1541000 -9.990e-29
        960      1.601    15.8678    15.8955   3.119664   3.139920     2.5532     2.5536     0.0049  0.1540671 -9.990e-29
        961      1.601    15.8670    15.8941   3.119476   3.139327     2.5518     2.5513     0.0049  0.1540426 -9.990e-29
        962      1.600    15.8663    15.8926   3.119347   3.138668     2.5504     2.5490     0.0049  0.1540263 -9.990e-29
        963      1.600    15.8658    15.8908   3.119280   3.137966     2.5490     2.5466     0.0049  0.1540181 -9.990e-29
        964      1.600    15.8654    15.8890   3.119286   3.137251     2.5476     2.5443     0.0049  0.1540187 -9.990e-29
        965      1.600    15.8655    15.8871   3.119380   3.136553     2.5461     2.5419     0.0049  0.1540299 -9.990e-29
        966      1.599    15.8658    15.8853   3.119573   3.135895     2.5446     2.5396     0.0049  0.1540517 -9.990e-29
        967      1.599    15.8666    15.8835   3.119865   3.135291     2.5431     2.5373     0.0049  0.1540835 -9.990e-29
        968      1.599    15.8678    15.8820   3.120257   3.134737     2.5416     2.5349     0.0051  0.1541255 -9.990e-29
        969      1.599    15.8695    15.8806   3.120747   3.134215     2.5401     2.5326     0.0051  0.1541779 -9.990e-29
        970      1.599    15.8715    15.8795   3.121332   3.133705     2.5386     2.5303     0.0051  0.1542412 -9.990e-29
        971      1.598    15.8738    15.8787   3.121998   3.133210     2.5370     2.5280     0.0051  0.1543148 -9.990e-29
        972      1.598    15.8764    15.8782   3.122725   3.132752     2.5354     2.5257     0.0051  0.1543994 -9.990e-29
        973      1.598    15.8792    15.8780   3.123495   3.132349     2.5338     2.5234     0.0051  0.1544964 -9.990e-29
        974      1.597    15.8821    15.8781   3.124298   3.132010     2.5322     2.5212     0.0051  0.1546064 -9.990e-29
        975      1.597    15.8852    15.8784   3.125126   3.131744     2.5306     2.5189     0.0051  0.1547311 -9.990e-29
        976      1.597    15.8883    15.8789   3.125968   3.131562     2.5289     2.5167     0.0051  0.1548713 -9.990e-29
        977      1.596    15.8914    15.8796   3.126815   3.131472     2.5273     2.5144     0.0051  0.1550263 -9.990e-29
        978      1.596    15.8944    15.8806   3.127664   3.131481     2.5256     2.5122     0.0051  0.1551963 -9.990e-29
        979      1.596    15.8973    15.8818   3.128510   3.131595     2.5240     2.5100     0.0051  0.1553834 -9.990e-29
        980      1.596    15.9002    15.8833   3.129349   3.131822     2.5223     2.5078     0.0051  0.1555905 -9.990e-29
        981      1.596    15.9029    15.8851   3.130176   3.132171     2.5206     2.5056     0.0051  0.1558192 -9.990e-29
        982      1.595    15.9055    15.8874   3.130987   3.132651     2.5190     2.5034     0.0051  0.1560692 -9.990e-29
        983      1.595    15.9081    15.8901   3.131784   3.133264     2.5173     2.5012     0.0051  0.1563415 -9.990e-29
        984      1.595    15.9106    15.8933   3.132577   3.134003     2.5157     2.4990     0.0051  0.1566389 -9.990e-29
        985      1.594    15.9130    15.8968   3.133372   3.134863     2.5140     2.4969     0.0051  0.1569642 -9.990e-29
        986      1.594    15.9153    15.9008   3.134176   3.135839     2.5124     2.4948     0.0051  0.1573189 -9.990e-29
        987      1.593    15.9177    15.9052   3.134991   3.136914     2.5108     2.4927     0.0051  0.1577045 -9.990e-29
        988      1.593    15.9200    15.9098   3.135820   3.138067     2.5092     2.4906     0.0051  0.1581238 -9.990e-29
        989      1.593    15.9223    15.9147   3.136662   3.139269     2.5076     2.4886     0.0051  0.1585797 -9.990e-29
        990      1.592    15.9245    15.9198   3.137509   3.140493     2.5061     2.4865     0.0051  0.1590754 -9.990e-29
        991      1.592    15.9266    15.9249   3.138354   3.141715     2.5046     2.4845     0.0051  0.1596142 -9.990e-29
        992      1.592    15.9287    15.9299   3.139191   3.142913     2.5031     2.4826     0.0051  0.1601983 -9.990e-29
        993      1.591    15.9307    15.9348   3.140018   3.144072     2.5016     2.4806     0.0049  0.1608113 -9.990e-29
        994      1.591    15.9325    15.9396   3.140832   3.145185     2.5002     2.4787     0.0048  0.1614125 -9.990e-29
        995      1.591    15.9343    15.9442   3.141632   3.146250     2.4988     2.4768     0.0048  0.1619695 -9.990e-29
        996      1.590    15.9358    15.9485   3.142411   3.147262     2.4974     2.4750     0.0048  0.1624760 -9.990e-29
        997      1.590    15.9373    15.9526   3.143162   3.148221     2.4961     2.4732     0.0048  0.1629364 -9.990e-29
        998      1.590    15.9385    15.9564   3.143875   3.149124     2.4948     2.4714     0.0048  0.1633556 -9.990e-29
        999      1.589    15.9395    15.9599   3.144537   3.149969     2.4935     2.4697     0.0048  0.1637382 -9.990e-29
       1000      1.589    15.9402    15.9631   3.145140   3.150759     2.4923     2.4680     0.0048  0.1640877 -9.990e-29
       1001      1.588    15.9406    15.9661   3.145678   3.151500     2.4911     2.4664     0.0048  0.1644057 -9.990e-29
       1002      1.588    15.9409    15.9689   3.146150   3.152205     2.4900     2.4648     0.0048  0.1646936 -9.990e-29
       1003      1.587    15.9408    15.9715   3.146560   3.152884     2.4888     2.4633     0.0048  0.1649541 -9.990e-29
       1004      1.587    15.9405    15.9739   3.146909   3.153540     2.4877     2.4618     0.0048  0.1651901 -9.990e-29
       1005      1.587    15.9399    15.9762   3.147198   3.154171     2.4867     2.4604     0.0048  0.1654022 -9.990e-29
       1006      1.586    15.9391    15.9783   3.147427   3.154772     2.4856     2.4590     0.0048  0.1655911 -9.990e-29
       1007      1.586    15.9381    15.9803   3.147603   3.155340     2.4846     2.4577     0.0048  0.1657589 -9.990e-29
       1008      1.586    15.9369    15.9821   3.147736   3.155872     2.4837     2.4564     0.0048  0.1659077 -9.990e-29
       1009      1.585    15.9358    15.9838   3.147844   3.156368     2.4827     2.4552     0.0048  0.1660386 -9.990e-29
       1010      1.585    15.9346    15.9853   3.147943   3.156828     2.4818     2.4540     0.0048  0.1661523 -9.990e-29
       1011      1.584    15.9335    15.9866   3.148055   3.157256     2.4808     2.4529     0.0048  0.1662497 -9.990e-29
       1012      1.584    15.9324    15.9878   3.148195   3.157658     2.4799     2.4518     0.0048  0.1663307 -9.990e-29
       1013      1.584    15.9315    15.9888   3.148369   3.158036     2.4790     2.4508     0.0048  0.1663950 -9.990e-29
       1014      1.584    15.9307    15.9897   3.148571   3.158393     2.4782     2.4498     0.0048  0.1664437 -9.990e-29
       1015      1.584    15.9299    15.9905   3.148784   3.158727     2.4773     2.4489     0.0048  0.1664782 -9.990e-29
       1016      1.583    15.9291    15.9911   3.148994   3.159038     2.4764     2.4480     0.0048  0.1664987 -9.990e-29
       1017      1.583    15.9282    15.9916   3.149191   3.159321     2.4756     2.4471     0.0048  0.1665053 -9.990e-29
       1018      1.582    15.9272    15.9920   3.149370   3.159574     2.4748     2.4462     0.0049  0.1664989 -9.990e-29
       1019      1.582    15.9261    15.9922   3.149525   3.159793     2.4739     2.4454     0.0053  0.1664837 -9.990e-29
       1020      1.582    15.9250    15.9923   3.149651   3.159978     2.4731     2.4446     0.0053  0.1664665 -9.990e-29
       1021      1.581    15.9236    15.9923   3.149741   3.160126     2.4722     2.4438     0.0053  0.1664512 -9.990e-29
       1022      1.581    15.9221    15.9921   3.149790   3.160236     2.4714     2.4431     0.0055  0.1664387 -9.990e-29
       1023      1.581    15.9204    15.9917   3.149793   3.160308     2.4705     2.4423     0.0053  0.1664281 -9.990e-29
       1024      1.581    15.9185    15.9912   3.149745   3.160344     2.4696     2.4416     0.0053  0.1664175 -9.990e-29
       1025      1.580    15.9163    15.9906   3.149644   3.160348     2.4688     2.4408     0.0053  0.1664061 -9.990e-29
       1026      1.580    15.9138    15.9898   3.149490   3.160324     2.4679     2.4401     0.0053  0.1663946 -9.990e-29
       1027      1.580    15.9112    15.9890   3.149288   3.160276     2.4670     2.4394     0.0053  0.1663846 -9.990e-29
       1028      1.580    15.9084    15.9880   3.149043   3.160203     2.4661     2.4387     0.0055  0.1663761 -9.990e-29
       1029      1.579    15.9056    15.9870   3.148764   3.160109     2.4652     2.4380     0.0053  0.1663673 -9.990e-29
       1030      1.579    15.9027    15.9860   3.148458   3.159999     2.4643     2.4373     0.0053  0.1663572 -9.990e-29
       1031      1.579    15.8999    15.9849   3.148127   3.159877     2.4634     2.4366     0.0053  0.1663468 -9.990e-29
       1032      1.579    15.8971    15.9838   3.147775   3.159746     2.4625     2.4359     0.0053  0.1663367 -9.990e-29
       1033      1.579    15.8944    15.9826   3.147399   3.159606     2.4615     2.4352     0.0053  0.1663260 -9.990e-29
       1034      1.578    15.8916    15.9814   3.146999   3.159460     2.4606     2.4345     0.0055  0.1663138 -9.990e-29
       1035      1.578    15.8888    15.9803   3.146572   3.159316     2.4596     2.4338     0.0053  0.1663001 -9.990e-29
       1036      1.578    15.8859    15.9791   3.146114   3.159184     2.4586     2.4331     0.0053  0.1662855 -9.990e-29
       1037      1.578    15.8829    15.9781   3.145609   3.159075     2.4576     2.4324     0.0053  0.1662708 -9.990e-29
       1038      1.578    15.8797    15.9770   3.145034   3.158995     2.4566     2.4316     0.0053  0.1662560 -9.990e-29
       1039      1.578    15.8762    15.9761   3.144366   3.158953     2.4556     2.4308     0.0053  0.1662409 -9.990e-29
       1040      1.577    15.8724    15.9753   3.143596   3.158960     2.4546     2.4300     0.0053  0.1662245 -9.990e-29
       1041      1.577    15.8683    15.9746   3.142728   3.159025     2.4536     2.4292     0.0053  0.1662059 -9.990e-29
       1042      1.577    15.8640    15.9741   3.141772   3.159156     2.4525     2.4283     0.0055  0.1661851 -9.990e-29
       1043      1.577    15.8595    15.9738   3.140731   3.159353     2.4515     2.4275     0.0053  0.1661617 -9.990e-29
       1044      1.577    15.8547    15.9736   3.139603   3.159611     2.4504     2.4266     0.0051  0.1661348 -9.990e-29
       1045      1.577    15.8497    15.9735   3.138381   3.159919     2.4494     2.4257     0.0049  0.1661026 -9.990e-29
       1046      1.576    15.8444    15.9734   3.137061   3.160266     2.4483     2.4248     0.0049  0.1660631 -9.990e-29
       1047      1.576    15.8387    15.9735   3.135630   3.160643     2.4473     2.4238     0.0049  0.1660151 -9.990e-29
       1048      1.576    15.8324    15.9735   3.134062   3.161041     2.4462     2.4229     0.0049  0.1659593 -9.990e-29
       1049      1.576    15.8255    15.9735   3.132330   3.161449     2.4451     2.4219     0.0049  0.1658952 -9.990e-29
