code/data/2021/ctd_data_day1/Station 4ex 210921.cnv
* Sea-Bird SBE 9 Data File:
* FileName = C:\Users\CTD-User\Desktop\MAR440\Station 4ex 210921.hex
* Software Version Seasave V 7.26.2.13
* Temperature SN = 6313
* Conductivity SN = 4758
* Number of Bytes Per Scan = 30
* Number of Voltage Words = 4
* Number of Scans Averaged by the Deck Unit = 1
* NMEA baud rate = 4800
** Ship:
** Station:
** Operator:
# nquan = 11
# nvalues = 6123                                  
# units = specified
# name 0 = scan: Scan Count
# name 1 = prDM: Pressure, Digiquartz [db]
# name 2 = t090C: Temperature [ITS-90, deg C]
# name 3 = t190C: Temperature, 2 [ITS-90, deg C]
# name 4 = c0S/m: Conductivity [S/m]
# name 5 = c1S/m: Conductivity, 2 [S/m]
# name 6 = sbeox0V: Oxygen raw, SBE 43 [V]
# name 7 = sbeox1V: Oxygen raw, SBE 43, 2 [V]
# name 8 = flECO-AFL: Fluorescence, WET Labs ECO-AFL/FL [mg/m^3]
# name 9 = upoly0: Upoly 0, Turbidity
# name 10 = flag:  0.000e+00
# span 0 =          1,       6123                 
# span 1 =      0.204,     43.521                 
# span 2 =     7.9722,    16.0343                 
# span 3 =     7.9734,    15.9665                 
# span 4 =  -0.000502,   3.487868                 
# span 5 =   0.276441,   3.488618                 
# span 6 =     0.4687,     3.2015                 
# span 7 =     0.5358,     3.0635                 
# span 8 =     0.0033,     0.0524                 
# span 9 =  0.0800940,  0.2168462                 
# span 10 = 0.0000e+00, 0.0000e+00                
# interval = seconds: 0.0416667
# start_time = Sep 21 2021 12:21:52 [System UTC, header]
# bad_flag = -9.990e-29
*END*
[from data line 3804]
       3805      3.706    15.2263    15.2389   2.964477   2.970455     2.7595     2.7082     0.0055  0.1943797  0.000e+00
       3806      3.739    15.2279    15.2398   2.964565   2.969925     2.7607     2.7082     0.0055  0.1943797  0.000e+00
       3807      3.772    15.2298    15.2396   2.964853   2.969685     2.7595     2.7070     0.0055  0.1943797  0.000e+00
       3808      3.797    15.2307    15.2403   2.964974   2.969510     2.7583     2.7082     0.0055  0.1943797  0.000e+00
       3809      3.797    15.2315    15.2422   2.965427   2.969778     2.7583     2.7082     0.0055  0.1943797  0.000e+00
       3810      3.830    15.2354    15.2437   2.966067   2.970166     2.7595     2.7082     0.0055  0.1943797  0.000e+00
       3811      3.862    15.2410    15.2452   2.966835   2.970925     2.7619     2.7070     0.0055  0.1943797  0.000e+00
       3812      3.895    15.2474    15.2481   2.967691   2.971493     2.7595     2.7082     0.0055  0.1943797  0.000e+00
       3813      3.862    15.2516    15.2508   2.968597   2.972198     2.7583     2.7082     0.0055  0.1943797  0.000e+00
       3814      3.895    15.2537    15.2519   2.969304   2.972651     2.7583     2.7082     0.0055  0.1943797  0.000e+00
       3815      3.978    15.2528    15.2504   2.969586   2.972832     2.7619     2.7082     0.0055  0.1943797  0.000e+00
       3816      3.920    15.2488    15.2499   2.969658   2.972558     2.7619     2.7070     0.0055  0.1943797  0.000e+00
       3817      4.019    15.2422    15.2505   2.969365   2.972198     2.7595     2.7082     0.0055  0.1953565  0.000e+00
       3818      3.978    15.2374    15.2496   2.968647   2.971919     2.7595     2.7082     0.0057  0.1973101  0.000e+00
       3819      4.019    15.2363    15.2476   2.968150   2.971411     2.7619     2.7082     0.0057  0.1977985  0.000e+00
       3820      4.101    15.2314    15.2483   2.968012   2.970980     2.7619     2.7082     0.0057  0.1977985  0.000e+00
       3821      4.019    15.2268    15.2501   2.967868   2.970564     2.7619     2.7082     0.0057  0.1977985  0.000e+00
       3822      4.101    15.2253    15.2510   2.967581   2.970575     2.7595     2.7082     0.0057  0.1977985  0.000e+00
       3823      4.101    15.2254    15.2509   2.967437   2.970603     2.7595     2.7082     0.0057  0.1977985  0.000e+00
       3824      4.134    15.2248    15.2459   2.967520   2.970510     2.7607     2.7082     0.0057  0.1977985  0.000e+00
       3825      4.167    15.2234    15.2376   2.967244   2.969860     2.7619     2.7082     0.0057  0.1977985  0.000e+00
       3826      4.200    15.2204    15.2331   2.966521   2.969095     2.7619     2.7082     0.0057  0.1977985  0.000e+00
       3827      4.225    15.2171    15.2303   2.965753   2.968517     2.7619     2.7082     0.0057  0.1977985  0.000e+00
       3828      4.200    15.2163    15.2285   2.965201   2.968042     2.7619     2.7082     0.0057  0.1977985  0.000e+00
       3829      4.225    15.2164    15.2279   2.965013   2.967774     2.7607     2.7082     0.0057  0.1977985  0.000e+00
       3830      4.283    15.2155    15.2284   2.964886   2.967665     2.7619     2.7094     0.0057  0.1977985  0.000e+00
       3831      4.258    15.2127    15.2284   2.964560   2.968014     2.7619     2.7082     0.0057  0.1977985  0.000e+00
       3832      4.348    15.2132    15.2258   2.964152   2.967578     2.7607     2.7082     0.0055  0.1977985  0.000e+00
       3833      4.324    15.2164    15.2228   2.964301   2.966573     2.7607     2.7082     0.0057  0.1977985  0.000e+00
       3834      4.348    15.2144    15.2225   2.964919   2.965590     2.7619     2.7082     0.0057  0.1977985  0.000e+00
       3835      4.381    15.2061    15.2222   2.964765   2.964859     2.7619     2.7082     0.0057  0.1977985  0.000e+00
       3836      4.406    15.2009    15.2223   2.963246   2.964581     2.7607     2.7082     0.0057  0.1977985  0.000e+00
       3837      4.406    15.2083    15.2219   2.962573   2.964471     2.7607     2.7082     0.0057  0.1977985  0.000e+00
       3838      4.439    15.2260    15.2215   2.964350   2.964133     2.7619     2.7082     0.0057  0.1977985  0.000e+00
       3839      4.472    15.2424    15.2207   2.967642   2.963882     2.7619     2.7082     0.0057  0.1977985  0.000e+00
       3840      4.439    15.2506    15.2191   2.970813   2.963795     2.7619     2.7082     0.0057  0.1977985  0.000e+00
       3841      4.530    15.2551    15.2185   2.973040   2.963576     2.7607     2.7094     0.0057  0.1977985  0.000e+00
       3842      4.530    15.2575    15.2217   2.974090   2.963462     2.7607     2.7082     0.0057  0.1977985  0.000e+00
       3843      4.505    15.2559    15.2251   2.974334   2.963947     2.7619     2.7094     0.0055  0.1943797  0.000e+00
       3844      4.587    15.2525    15.2272   2.973753   2.964591     2.7619     2.7082     0.0055  0.1919377  0.000e+00
       3845      4.563    15.2507    15.2295   2.972908   2.964886     2.7619     2.7082     0.0055  0.1914493  0.000e+00
       3846      4.653    15.2496    15.2306   2.972488   2.965246     2.7619     2.7082     0.0055  0.1919377  0.000e+00
       3847      4.629    15.2461    15.2303   2.972460   2.965454     2.7619     2.7082     0.0055  0.1919377  0.000e+00
       3848      4.653    15.2340    15.2287   2.971183   2.965094     2.7607     2.7094     0.0055  0.1919377  0.000e+00
       3849      4.711    15.2279    15.2277   2.969277   2.964881     2.7631     2.7082     0.0055  0.1919377  0.000e+00
       3850      4.686    15.2307    15.2289   2.967946   2.964875     2.7619     2.7082     0.0055  0.1919377  0.000e+00
       3851      4.711    15.2288    15.2315   2.967686   2.965001     2.7619     2.7082     0.0055  0.1919377  0.000e+00
       3852      4.752    15.2244    15.2330   2.967051   2.965377     2.7607     2.7082     0.0055  0.1919377  0.000e+00
       3853      4.777    15.2202    15.2344   2.965886   2.965536     2.7607     2.7082     0.0055  0.1919377  0.000e+00
       3854      4.777    15.2181    15.2350   2.964759   2.965498     2.7619     2.7082     0.0055  0.1919377  0.000e+00
       3855      4.868    15.2147    15.2345   2.963909   2.965574     2.7607     2.7082     0.0055  0.1919377  0.000e+00
       3856      4.835    15.2110    15.2335   2.963158   2.965416     2.7595     2.7082     0.0055  0.1919377  0.000e+00
       3857      4.867    15.2105    15.2323   2.962556   2.965099     2.7595     2.7082     0.0055  0.1919377  0.000e+00
       3858      4.835    15.2131    15.2305   2.962341   2.964935     2.7595     2.7070     0.0055  0.1919377  0.000e+00
       3859      4.933    15.2166    15.2294   2.962496   2.964810     2.7607     2.7082     0.0055  0.1919377  0.000e+00
       3860      4.958    15.2208    15.2287   2.963130   2.964810     2.7595     2.7082     0.0055  0.1919377  0.000e+00
       3861      4.958    15.2237    15.2291   2.963931   2.965181     2.7583     2.7082     0.0055  0.1919377  0.000e+00
       3862      4.933    15.2261    15.2330   2.964549   2.965983     2.7583     2.7082     0.0055  0.1919377  0.000e+00
       3863      5.016    15.2285    15.2423   2.965035   2.967807     2.7619     2.7082     0.0055  0.1919377  0.000e+00
       3864      5.057    15.2310    15.2484   2.965736   2.970516     2.7595     2.7070     0.0055  0.1919377  0.000e+00
       3865      5.082    15.2359    15.2468   2.966863   2.971991     2.7583     2.7070     0.0055  0.1919377  0.000e+00
       3866      5.082    15.2420    15.2427   2.968747   2.971728     2.7583     2.7070     0.0055  0.1919377  0.000e+00
       3867      5.057    15.2492    15.2427   2.970957   2.971204     2.7583     2.7070     0.0055  0.1919377  0.000e+00
       3868      5.139    15.2536    15.2439   2.972919   2.971384     2.7595     2.7082     0.0053  0.1914493  0.000e+00
       3869      5.115    15.2577    15.2472   2.974367   2.972012     2.7595     2.7070     0.0053  0.1904725  0.000e+00
       3870      5.205    15.2581    15.2500   2.975097   2.973116     2.7583     2.7082     0.0053  0.1904725  0.000e+00
       3871      5.139    15.2580    15.2525   2.975119   2.974356     2.7583     2.7082     0.0053  0.1904725  0.000e+00
       3872      5.238    15.2583    15.2544   2.974892   2.974908     2.7583     2.7082     0.0053  0.1904725  0.000e+00
       3873      5.205    15.2592    15.2553   2.974986   2.975258     2.7595     2.7082     0.0053  0.1904725  0.000e+00
       3874      5.238    15.2591    15.2569   2.975091   2.975537     2.7595     2.7082     0.0053  0.1904725  0.000e+00
       3875      5.321    15.2577    15.2588   2.974931   2.975477     2.7583     2.7082     0.0053  0.1904725  0.000e+00
       3876      5.238    15.2563    15.2580   2.974776   2.975641     2.7583     2.7082     0.0053  0.1904725  0.000e+00
       3877      5.386    15.2587    15.2581   2.974749   2.975542     2.7583     2.7082     0.0053  0.1904725  0.000e+00
       3878      5.321    15.2681    15.2562   2.975821   2.975449     2.7619     2.7082     0.0053  0.1904725  0.000e+00
       3879      5.362    15.2817    15.2529   2.978326   2.975455     2.7595     2.7082     0.0053  0.1904725  0.000e+00
       3880      5.386    15.2923    15.2532   2.981469   2.975215     2.7583     2.7082     0.0053  0.1904725  0.000e+00
       3881      5.419    15.2983    15.2576   2.984103   2.975296     2.7583     2.7082     0.0053  0.1904725  0.000e+00
       3882      5.444    15.2970    15.2645   2.985520   2.976663     2.7595     2.7082     0.0053  0.1904725  0.000e+00
       3883      5.444    15.2948    15.2710   2.985415   2.978144     2.7595     2.7082     0.0053  0.1904725  0.000e+00
       3884      5.485    15.2948    15.2759   2.985227   2.979238     2.7595     2.7082     0.0053  0.1904725  0.000e+00
       3885      5.444    15.2955    15.2896   2.985625   2.980895     2.7583     2.7094     0.0053  0.1904725  0.000e+00
       3886      5.543    15.2948    15.3194   2.985946   2.984937     2.7583     2.7082     0.0053  0.1904725  0.000e+00
       3887      5.568    15.2946    15.3399   2.985969   2.990614     2.7595     2.7094     0.0053  0.1904725  0.000e+00
       3888      5.510    15.2950    15.3486   2.986018   2.995418     2.7619     2.7094     0.0053  0.1904725  0.000e+00
       3889      5.601    15.2931    15.3550   2.985958   2.998207     2.7583     2.7094     0.0053  0.1904725  0.000e+00
       3890      5.634    15.2945    15.3598   2.985803   3.000126     2.7583     2.7094     0.0053  0.1904725  0.000e+00
       3891      5.601    15.2933    15.3610   2.985991   3.001283     2.7583     2.7094     0.0053  0.1904725  0.000e+00
       3892      5.691    15.2930    15.3588   2.986024   3.001617     2.7619     2.7094     0.0053  0.1904725  0.000e+00
       3893      5.691    15.2970    15.3525   2.986323   3.001069     2.7595     2.7094     0.0053  0.1904725  0.000e+00
       3894      5.724    15.3081    15.3437   2.987364   2.999830     2.7583     2.7094     0.0051  0.1885189  0.000e+00
       3895      5.691    15.3260    15.3309   2.989236   2.997868     2.7583     2.7106     0.0051  0.1875421  0.000e+00
       3896      5.790    15.3359    15.3192   2.991773   2.995172     2.7583     2.7106     0.0051  0.1875421  0.000e+00
       3897      5.749    15.3407    15.3138   2.993801   2.992706     2.7619     2.7106     0.0051  0.1875421  0.000e+00
       3898      5.749    15.3377    15.3102   2.994854   2.991814     2.7595     2.7106     0.0051  0.1875421  0.000e+00
       3899      5.848    15.3431    15.3053   2.995824   2.991233     2.7583     2.7106     0.0051  0.1875421  0.000e+00
       3900      5.815    15.3678    15.3005   2.998468   2.989990     2.7583     2.7106     0.0051  0.1870537  0.000e+00
       3901      5.815    15.3880    15.3066   3.002978   2.989464     2.7583     2.7106     0.0051  0.1875421  0.000e+00
       3902      5.914    15.4127    15.3381   3.007501   2.992104     2.7607     2.7106     0.0051  0.1870537  0.000e+00
       3903      5.872    15.4311    15.3721   3.011510   2.998415     2.7595     2.7106     0.0051  0.1875421  0.000e+00
       3904      5.914    15.4430    15.3937   3.015232   3.004979     2.7595     2.7106     0.0051  0.1875421  0.000e+00
       3905      5.938    15.4545    15.4054   3.018122   3.009589     2.7583     2.7106     0.0051  0.1875421  0.000e+00
       3906      5.996    15.4644    15.4109   3.020452   3.011988     2.7619     2.7106     0.0051  0.1875421  0.000e+00
       3907      5.971    15.4747    15.4265   3.022392   3.013855     2.7619     2.7106     0.0051  0.1875421  0.000e+00
       3908      5.996    15.4840    15.4479   3.024300   3.017667     2.7595     2.7106     0.0051  0.1875421  0.000e+00
       3909      6.029    15.4911    15.4669   3.026314   3.022910     2.7595     2.7106     0.0051  0.1875421  0.000e+00
       3910      6.054    15.4957    15.4781   3.028023   3.026782     2.7595     2.7106     0.0051  0.1875421  0.000e+00
       3911      6.054    15.4975    15.4935   3.028991   3.029181     2.7607     2.7119     0.0051  0.1870537  0.000e+00
       3912      6.095    15.5008    15.5154   3.029598   3.032301     2.7607     2.7119     0.0051  0.1875421  0.000e+00
       3913      6.120    15.5080    15.5326   3.030645   3.036463     2.7607     2.7119     0.0051  0.1875421  0.000e+00
       3914      6.153    15.5139    15.5417   3.032399   3.039355     2.7595     2.7106     0.0051  0.1875421  0.000e+00
       3915      6.177    15.5169    15.5510   3.033613   3.041124     2.7607     2.7119     0.0051  0.1875421  0.000e+00
       3916      6.177    15.5204    15.5610   3.034092   3.042777     2.7619     2.7119     0.0051  0.1875421  0.000e+00
       3917      6.153    15.5253    15.5707   3.034571   3.044210     2.7619     2.7119     0.0051  0.1875421  0.000e+00
       3918      6.243    15.5277    15.5795   3.035312   3.045820     2.7607     2.7106     0.0051  0.1875421  0.000e+00
       3919      6.218    15.5380    15.5876   3.036381   3.047392     2.7607     2.7106     0.0053  0.1836349  0.000e+00
       3920      6.301    15.5497    15.5894   3.037919   3.048506     2.7619     2.7119     0.0051  0.1743553  0.000e+00
       3921      6.301    15.5537    15.5870   3.039485   3.048754     2.7619     2.7106     0.0051  0.1709365  0.000e+00
       3922      6.334    15.5545    15.5734   3.040460   3.047927     2.7619     2.7106     0.0051  0.1709365  0.000e+00
       3923      6.301    15.5546    15.5618   3.040661   3.045986     2.7607     2.7106     0.0051  0.1714249  0.000e+00
       3924      6.367    15.5623    15.5620   3.040862   3.044635     2.7619     2.7106     0.0051  0.1714249  0.000e+00
       3925      6.400    15.5661    15.5613   3.042127   3.044475     2.7619     2.7106     0.0051  0.1714249  0.000e+00
       3926      6.367    15.5541    15.5613   3.042523   3.044266     2.7619     2.7094     0.0051  0.1714249  0.000e+00
       3927      6.457    15.5317    15.5646   3.041135   3.044288     2.7619     2.7094     0.0051  0.1714249  0.000e+00
       3928      6.424    15.5119    15.5715   3.038761   3.044927     2.7607     2.7094     0.0051  0.1714249  0.000e+00
       3929      6.482    15.4979    15.5836   3.035953   3.046752     2.7595     2.7094     0.0051  0.1714249  0.000e+00
       3930      6.457    15.4884    15.5986   3.033591   3.049764     2.7619     2.7082     0.0051  0.1714249  0.000e+00
       3931      6.548    15.4951    15.6119   3.032438   3.053008     2.7619     2.7082     0.0051  0.1714249  0.000e+00
       3932      6.482    15.5117    15.6212   3.033056   3.055227     2.7619     2.7082     0.0051  0.1714249  0.000e+00
       3933      6.523    15.5196    15.6269   3.034922   3.056309     2.7619     2.7070     0.0051  0.1714249  0.000e+00
       3934      6.606    15.5173    15.6279   3.036515   3.056430     2.7619     2.7082     0.0051  0.1714249  0.000e+00
