code/data/2021/ctd_data_day1/Station 4ex 210921.cnv
* Sea-Bird SBE 9 Data File:
* FileName = C:\Users\CTD-User\Desktop\MAR440\Station 4ex 210921.hex
* Software Version Seasave V 7.26.2.13
* Temperature SN = 6313
* Conductivity SN = 4758
* Number of Bytes Per Scan = 30
* Number of Voltage Words = 4
* Number of Scans Averaged by the Deck Unit = 1
* NMEA baud rate = 4800
** Ship:
** Station:
** Operator:
# nquan = 11
# nvalues = 6123                                  
# units = specified
# name 0 = scan: Scan Count
# name 1 = prDM: Pressure, Digiquartz [db]
# name 2 = t090C: Temperature [ITS-90, deg C]
# name 3 = t190C: Temperature, 2 [ITS-90, deg C]
# name 4 = c0S/m: Conductivity [S/m]
# name 5 = c1S/m: Conductivity, 2 [S/m]
# name 6 = sbeox0V: Oxygen raw, SBE 43 [V]
# name 7 = sbeox1V: Oxygen raw, SBE 43, 2 [V]
# name 8 = flECO-AFL: Fluorescence, WET Labs ECO-AFL/FL [mg/m^3]
# name 9 = upoly0: Upoly 0, Turbidity
# name 10 = flag:  0.000e+00
# span 0 =          1,       6123                 
# span 1 =      0.204,     43.521                 
# span 2 =     7.9722,    16.0343                 
# span 3 =     7.9734,    15.9665                 
# span 4 =  -0.000502,   3.487868                 
# span 5 =   0.276441,   3.488618                 
# span 6 =     0.4687,     3.2015                 
# span 7 =     0.5358,     3.0635                 
# span 8 =     0.0033,     0.0524                 
# span 9 =  0.0800940,  0.2168462                 
# span 10 = 0.0000e+00, 0.0000e+00                
# interval = seconds: 0.0416667
# start_time = Sep 21 2021 12:21:52 [System UTC, header]
# bad_flag = -9.990e-29
*END*
[from data line 3279]
       3280      0.896    15.2344    15.2751   2.966232   2.979155     2.7192     2.6838     0.0049  0.1914493  0.000e+00
       3281      0.929    15.2339    15.2747   2.966138   2.979997     2.7192     2.6850     0.0049  0.1890073  0.000e+00
       3282      0.896    15.2336    15.2766   2.965951   2.980850     2.7204     2.6850     0.0049  0.1811929  0.000e+00
       3283      0.863    15.2337    15.2785   2.965901   2.981162     2.7216     2.6850     0.0049  0.1782625  0.000e+00
       3284      0.929    15.2344    15.2730   2.965857   2.979712     2.7204     2.6850     0.0049  0.1782625  0.000e+00
       3285      0.896    15.2346    15.2623   2.965674   2.976853     2.7192     2.6862     0.0049  0.1787509  0.000e+00
       3286      0.929    15.2349    15.2522   2.965768   2.973913     2.7204     2.6862     0.0049  0.1787509  0.000e+00
       3287      0.896    15.2346    15.2469   2.966000   2.971722     2.7216     2.6862     0.0049  0.1787509  0.000e+00
       3288      0.863    15.2346    15.2447   2.966083   2.970192     2.7228     2.6862     0.0049  0.1787509  0.000e+00
       3289      0.896    15.2348    15.2437   2.966028   2.969477     2.7204     2.6874     0.0049  0.1787509  0.000e+00
       3290      0.929    15.2349    15.2420   2.966133   2.968920     2.7192     2.6874     0.0049  0.1787509  0.000e+00
       3291      0.896    15.2342    15.2408   2.966299   2.968527     2.7204     2.6874     0.0049  0.1787509  0.000e+00
       3292      0.929    15.2339    15.2410   2.966426   2.968297     2.7228     2.6887     0.0049  0.1787509  0.000e+00
       3293      0.896    15.2343    15.2404   2.966348   2.968068     2.7216     2.6887     0.0049  0.1787509  0.000e+00
       3294      0.929    15.2363    15.2389   2.966332   2.968002     2.7204     2.6887     0.0049  0.1787509  0.000e+00
       3295      0.896    15.2385    15.2376   2.966525   2.967735     2.7204     2.6887     0.0049  0.1787509  0.000e+00
       3296      0.987    15.2391    15.2366   2.966442   2.967664     2.7204     2.6899     0.0049  0.1787509  0.000e+00
       3297      0.896    15.2401    15.2367   2.966437   2.967440     2.7216     2.6899     0.0049  0.1787509  0.000e+00
       3298      0.929    15.2401    15.2377   2.966470   2.967249     2.7228     2.6899     0.0049  0.1787509  0.000e+00
       3299      0.896    15.2386    15.2377   2.966376   2.967227     2.7204     2.6911     0.0049  0.1787509  0.000e+00
       3300      0.929    15.2371    15.2376   2.966321   2.967069     2.7204     2.6911     0.0049  0.1787509  0.000e+00
       3301      0.896    15.2363    15.2374   2.966376   2.967030     2.7204     2.6911     0.0049  0.1787509  0.000e+00
       3302      0.929    15.2361    15.2376   2.966354   2.966992     2.7228     2.6923     0.0049  0.1787509  0.000e+00
       3303      0.896    15.2358    15.2411   2.966381   2.966987     2.7228     2.6923     0.0049  0.1787509  0.000e+00
       3304      0.929    15.2363    15.2461   2.966354   2.967232     2.7216     2.6923     0.0049  0.1787509  0.000e+00
       3305      0.896    15.2383    15.2486   2.966260   2.967380     2.7204     2.6935     0.0049  0.1787509  0.000e+00
       3306      0.863    15.2424    15.2496   2.966354   2.967560     2.7216     2.6935     0.0049  0.1787509  0.000e+00
       3307      0.896    15.2418    15.2506   2.966437   2.967593     2.7228     2.6935     0.0049  0.1802161  0.000e+00
       3308      0.863    15.2395    15.2483   2.966409   2.967402     2.7216     2.6935     0.0048  0.1811929  0.000e+00
       3309      0.962    15.2391    15.2467   2.966459   2.967462     2.7216     2.6948     0.0048  0.1816813  0.000e+00
       3310      0.863    15.2391    15.2467   2.966624   2.967445     2.7228     2.6948     0.0048  0.1821697  0.000e+00
       3311      0.896    15.2381    15.2449   2.966652   2.967505     2.7241     2.6948     0.0048  0.1821697  0.000e+00
       3312      0.929    15.2385    15.2411   2.966542   2.967363     2.7241     2.6948     0.0048  0.1821697  0.000e+00
       3313      0.896    15.2381    15.2384   2.966691   2.967151     2.7241     2.6960     0.0048  0.1816813  0.000e+00
       3314      0.863    15.2374    15.2374   2.966757   2.966927     2.7241     2.6960     0.0048  0.1816813  0.000e+00
       3315      0.962    15.2364    15.2364   2.966713   2.966687     2.7241     2.6960     0.0048  0.1816813  0.000e+00
       3316      0.863    15.2348    15.2353   2.966575   2.966648     2.7277     2.6960     0.0048  0.1821697  0.000e+00
       3317      0.896    15.2348    15.2332   2.966453   2.966588     2.7277     2.6960     0.0048  0.1816813  0.000e+00
       3318      0.929    15.2386    15.2321   2.966276   2.966616     2.7253     2.6960     0.0048  0.1816813  0.000e+00
       3319      0.962    15.2435    15.2335   2.966188   2.966599     2.7253     2.6960     0.0048  0.1821697  0.000e+00
       3320      0.863    15.2462    15.2326   2.966547   2.966392     2.7265     2.6972     0.0048  0.1816813  0.000e+00
       3321      0.962    15.2454    15.2281   2.966878   2.966321     2.7277     2.6972     0.0048  0.1816813  0.000e+00
       3322      0.929    15.2407    15.2262   2.966928   2.966299     2.7277     2.6972     0.0048  0.1816813  0.000e+00
       3323      0.896    15.2359    15.2263   2.966751   2.966321     2.7277     2.6972     0.0048  0.1816813  0.000e+00
       3324      0.863    15.2379    15.2249   2.966702   2.966425     2.7277     2.6972     0.0048  0.1821697  0.000e+00
       3325      0.962    15.2407    15.2228   2.966657   2.966332     2.7289     2.6984     0.0048  0.1821697  0.000e+00
       3326      0.929    15.2405    15.2211   2.966437   2.966343     2.7302     2.6972     0.0048  0.1816813  0.000e+00
       3327      0.896    15.2407    15.2221   2.966492   2.966370     2.7289     2.6972     0.0048  0.1816813  0.000e+00
       3328      0.863    15.2413    15.2244   2.966635   2.966190     2.7277     2.6984     0.0048  0.1816813  0.000e+00
       3329      0.896    15.2420    15.2274   2.966923   2.966321     2.7289     2.6984     0.0048  0.1816813  0.000e+00
       3330      0.929    15.2425    15.2308   2.967149   2.966457     2.7314     2.6984     0.0048  0.1816813  0.000e+00
       3331      0.896    15.2422    15.2312   2.967177   2.966550     2.7326     2.6984     0.0048  0.1821697  0.000e+00
       3332      0.929    15.2413    15.2275   2.966900   2.966692     2.7302     2.6984     0.0048  0.1811929  0.000e+00
       3333      0.896    15.2391    15.2244   2.966934   2.966583     2.7302     2.6984     0.0049  0.1802161  0.000e+00
       3334      0.863    15.2371    15.2236   2.967221   2.966425     2.7302     2.6984     0.0049  0.1797277  0.000e+00
       3335      0.896    15.2374    15.2247   2.967243   2.966375     2.7326     2.6984     0.0049  0.1797277  0.000e+00
       3336      0.929    15.2395    15.2268   2.967265   2.966173     2.7326     2.6996     0.0049  0.1797277  0.000e+00
       3337      0.896    15.2400    15.2279   2.967298   2.966184     2.7326     2.6996     0.0049  0.1797277  0.000e+00
       3338      0.929    15.2401    15.2295   2.967265   2.966212     2.7326     2.6996     0.0049  0.1797277  0.000e+00
       3339      0.896    15.2374    15.2318   2.967171   2.966217     2.7326     2.6996     0.0049  0.1797277  0.000e+00
       3340      0.929    15.2346    15.2349   2.967094   2.966397     2.7351     2.6996     0.0049  0.1797277  0.000e+00
       3341      0.896    15.2356    15.2376   2.966878   2.966353     2.7338     2.6996     0.0049  0.1797277  0.000e+00
       3342      0.929    15.2379    15.2382   2.966829   2.966490     2.7338     2.6996     0.0049  0.1797277  0.000e+00
       3343      0.896    15.2391    15.2376   2.967022   2.966605     2.7338     2.7009     0.0049  0.1797277  0.000e+00
       3344      0.987    15.2393    15.2355   2.967149   2.966566     2.7351     2.7009     0.0049  0.1797277  0.000e+00
       3345      0.863    15.2395    15.2344   2.967066   2.966708     2.7363     2.7009     0.0049  0.1797277  0.000e+00
       3346      0.962    15.2405    15.2364   2.967116   2.966779     2.7363     2.7009     0.0049  0.1797277  0.000e+00
       3347      0.863    15.2405    15.2381   2.967160   2.966817     2.7375     2.7009     0.0049  0.1802161  0.000e+00
       3348      0.962    15.2405    15.2394   2.967127   2.966959     2.7351     2.7021     0.0049  0.1797277  0.000e+00
       3349      0.929    15.2403    15.2398   2.967155   2.967090     2.7375     2.7021     0.0049  0.1797277  0.000e+00
       3350      0.896    15.2403    15.2391   2.967171   2.967167     2.7387     2.7021     0.0049  0.1797277  0.000e+00
       3351      0.863    15.2400    15.2391   2.967210   2.967298     2.7375     2.7021     0.0049  0.1797277  0.000e+00
       3352      0.962    15.2386    15.2391   2.967226   2.967407     2.7375     2.7021     0.0049  0.1797277  0.000e+00
       3353      0.863    15.2385    15.2386   2.967221   2.967424     2.7375     2.7021     0.0049  0.1797277  0.000e+00
       3354      0.896    15.2385    15.2367   2.967138   2.967342     2.7399     2.7021     0.0049  0.1797277  0.000e+00
       3355      0.929    15.2386    15.2372   2.967116   2.967314     2.7424     2.7033     0.0049  0.1797277  0.000e+00
       3356      0.896    15.2388    15.2382   2.967199   2.967271     2.7399     2.7033     0.0049  0.1797277  0.000e+00
       3357      0.929    15.2386    15.2384   2.967121   2.967222     2.7399     2.7033     0.0049  0.1797277  0.000e+00
       3358      0.896    15.2390    15.2381   2.966983   2.967287     2.7387     2.7033     0.0049  0.1787509  0.000e+00
       3359      0.987    15.2381    15.2388   2.967088   2.967123     2.7412     2.7045     0.0048  0.1777741  0.000e+00
       3360      0.838    15.2358    15.2391   2.967039   2.967151     2.7424     2.7045     0.0048  0.1772857  0.000e+00
       3361      0.987    15.2343    15.2382   2.966878   2.967200     2.7412     2.7045     0.0048  0.1772857  0.000e+00
       3362      0.896    15.2330    15.2355   2.966691   2.967123     2.7424     2.7045     0.0048  0.1772857  0.000e+00
       3363      0.929    15.2325    15.2340   2.966564   2.967112     2.7424     2.7058     0.0048  0.1772857  0.000e+00
       3364      0.962    15.2329    15.2335   2.966431   2.966992     2.7436     2.7058     0.0048  0.1772857  0.000e+00
       3365      0.929    15.2333    15.2340   2.966519   2.967003     2.7436     2.7058     0.0048  0.1772857  0.000e+00
       3366      0.896    15.2342    15.2340   2.966580   2.966987     2.7436     2.7058     0.0048  0.1772857  0.000e+00
       3367      0.987    15.2351    15.2339   2.966508   2.966867     2.7424     2.7070     0.0048  0.1772857  0.000e+00
       3368      0.896    15.2352    15.2338   2.966602   2.966899     2.7436     2.7070     0.0048  0.1772857  0.000e+00
       3369      0.929    15.2358    15.2349   2.966707   2.966697     2.7460     2.7070     0.0048  0.1772857  0.000e+00
       3370      0.896    15.2359    15.2335   2.966746   2.966670     2.7448     2.7070     0.0048  0.1772857  0.000e+00
       3371      0.929    15.2358    15.2318   2.966774   2.966659     2.7448     2.7082     0.0048  0.1772857  0.000e+00
       3372      0.962    15.2356    15.2323   2.966785   2.966534     2.7448     2.7082     0.0048  0.1772857  0.000e+00
       3373      0.863    15.2354    15.2342   2.966785   2.966692     2.7473     2.7082     0.0048  0.1772857  0.000e+00
       3374      0.962    15.2352    15.2349   2.966718   2.966823     2.7473     2.7082     0.0048  0.1772857  0.000e+00
       3375      0.863    15.2354    15.2350   2.966635   2.966812     2.7460     2.7082     0.0048  0.1772857  0.000e+00
       3376      0.896    15.2356    15.2354   2.966740   2.966872     2.7460     2.7094     0.0048  0.1772857  0.000e+00
       3377      0.929    15.2358    15.2357   2.966740   2.966757     2.7473     2.7094     0.0048  0.1772857  0.000e+00
       3378      0.962    15.2363    15.2361   2.966624   2.966894     2.7473     2.7094     0.0048  0.1772857  0.000e+00
       3379      0.863    15.2361    15.2357   2.966652   2.966872     2.7485     2.7094     0.0048  0.1772857  0.000e+00
       3380      0.962    15.2359    15.2323   2.966691   2.966747     2.7473     2.7094     0.0048  0.1772857  0.000e+00
       3381      0.929    15.2349    15.2264   2.966658   2.966687     2.7473     2.7106     0.0048  0.1772857  0.000e+00
       3382      0.896    15.2334    15.2211   2.966707   2.966528     2.7473     2.7106     0.0048  0.1772857  0.000e+00
       3383      0.929    15.2325    15.2193   2.966580   2.966326     2.7497     2.7106     0.0048  0.1797277  0.000e+00
       3384      0.962    15.2337    15.2221   2.966536   2.966244     2.7497     2.7106     0.0049  0.1890073  0.000e+00
       3385      0.929    15.2348    15.2249   2.966575   2.966102     2.7485     2.7106     0.0049  0.1929145  0.000e+00
       3386      0.962    15.2351    15.2249   2.966547   2.966272     2.7485     2.7119     0.0049  0.1929145  0.000e+00
       3387      0.929    15.2346    15.2249   2.966536   2.966283     2.7485     2.7119     0.0049  0.1924261  0.000e+00
       3388      0.896    15.2336    15.2254   2.966553   2.966233     2.7497     2.7119     0.0049  0.1924261  0.000e+00
       3389      0.987    15.2333    15.2260   2.966602   2.966375     2.7497     2.7131     0.0049  0.1924261  0.000e+00
       3390      0.962    15.2339    15.2279   2.966785   2.966386     2.7497     2.7131     0.0049  0.1924261  0.000e+00
       3391      0.929    15.2358    15.2285   2.966923   2.966277     2.7497     2.7131     0.0049  0.1924261  0.000e+00
       3392      0.896    15.2376    15.2294   2.967033   2.966299     2.7497     2.7131     0.0049  0.1924261  0.000e+00
       3393      0.987    15.2390    15.2292   2.967409   2.966430     2.7521     2.7131     0.0049  0.1924261  0.000e+00
       3394      0.896    15.2397    15.2282   2.967817   2.966501     2.7509     2.7131     0.0049  0.1924261  0.000e+00
       3395      0.929    15.2403    15.2257   2.967917   2.966490     2.7497     2.7131     0.0049  0.1924261  0.000e+00
       3396      0.962    15.2408    15.2294   2.968099   2.966490     2.7497     2.7143     0.0049  0.1924261  0.000e+00
       3397      0.929    15.2413    15.2350   2.968248   2.966796     2.7509     2.7143     0.0049  0.1924261  0.000e+00
       3398      0.896    15.2420    15.2355   2.968232   2.966938     2.7509     2.7143     0.0049  0.1924261  0.000e+00
       3399      0.929    15.2437    15.2327   2.968420   2.967041     2.7521     2.7143     0.0049  0.1924261  0.000e+00
       3400      0.896    15.2455    15.2301   2.968618   2.967107     2.7521     2.7143     0.0049  0.1924261  0.000e+00
       3401      0.929    15.2466    15.2293   2.968845   2.967145     2.7521     2.7143     0.0049  0.1924261  0.000e+00
       3402      0.929    15.2467    15.2300   2.968928   2.967293     2.7521     2.7143     0.0049  0.1924261  0.000e+00
       3403      0.896    15.2464    15.2328   2.969082   2.967216     2.7521     2.7143     0.0049  0.1924261  0.000e+00
       3404      0.929    15.2459    15.2359   2.969182   2.967140     2.7521     2.7143     0.0049  0.1924261  0.000e+00
       3405      0.896    15.2459    15.2374   2.969353   2.967183     2.7509     2.7143     0.0049  0.1924261  0.000e+00
       3406      0.987    15.2465    15.2381   2.969823   2.967085     2.7521     2.7143     0.0049  0.1924261  0.000e+00
       3407      0.896    15.2454    15.2374   2.970292   2.967145     2.7534     2.7143     0.0049  0.1924261  0.000e+00
       3408      0.929    15.2451    15.2355   2.970845   2.966905     2.7534     2.7155     0.0049  0.1924261  0.000e+00
       3409      0.962    15.2445    15.2345   2.971210   2.966823     2.7521     2.7155     0.0049  0.1885189  0.000e+00
