code/data/2021/ctd_data_day1/Station 5 210921_ctm_fil.cnv
* Sea-Bird SBE 9 Data File:
* FileName = C:\Users\CTD-User\Desktop\MAR440\Station 5 210921.hex
* Software Version Seasave V 7.26.2.13
* Temperature SN = 6313
* Conductivity SN = 4758
* Number of Bytes Per Scan = 30
* Number of Voltage Words = 4
* Number of Scans Averaged by the Deck Unit = 1
* NMEA baud rate = 4800
** Ship:
** Station:
** Operator:
# nquan = 11
# nvalues = 5809                        
# units = specified
# name 0 = scan: Scan Count
# name 1 = prDM: Pressure, Digiquartz [db]
# name 2 = t090C: Temperature [ITS-90, deg C]
# name 3 = t190C: Temperature, 2 [ITS-90, deg C]
# name 4 = c0S/m: Conductivity [S/m]
# name 5 = c1S/m: Conductivity, 2 [S/m]
# name 6 = sbeox0V: Oxygen raw, SBE 43 [V]
# name 7 = sbeox1V: Oxygen raw, SBE 43, 2 [V]
# name 8 = flECO-AFL: Fluorescence, WET Labs ECO-AFL/FL [mg/m^3]
# name 9 = upoly0: Upoly 0, Turbidity
# name 10 = flag:  0.000e+00
# span 0 =          1,       5809       
# span 1 =      0.548,     26.491       
# span 2 =    11.4362,    16.1548       
# span 3 =    11.4092,    16.1555       
# span 4 =   2.871998,   3.809176       
# span 5 =   2.884333,   3.810449       
# span 6 =     0.8579,     2.8199       
# span 7 =     0.9206,     2.7849       
# span 8 =     0.0035,     0.0101       
# span 9 =  0.0869564,  0.1626645       
# span 10 = 0.0000e+00, 0.0000e+00      
# interval = seconds: 0.0416667
# start_time = Sep 21 2021 10:32:06 [System UTC, header]
# bad_flag = -9.990e-29
*END*
[from data line 656]
        657      1.722    15.0803    15.0157   2.882563   2.897072     2.1363     2.1747     0.0042  0.1542676 0.0000e+00
        658      1.726    15.0808    15.0162   2.882778   2.897344     2.1362     2.1749     0.0042  0.1543031 0.0000e+00
        659      1.729    15.0815    15.0171   2.883000   2.897636     2.1361     2.1751     0.0042  0.1543317 0.0000e+00
        660      1.733    15.0823    15.0186   2.883228   2.897951     2.1361     2.1753     0.0038  0.1543535 0.0000e+00
        661      1.737    15.0832    15.0205   2.883460   2.898289     2.1360     2.1755     0.0042  0.1543686 0.0000e+00
        662      1.741    15.0841    15.0230   2.883697   2.898650     2.1360     2.1757     0.0042  0.1543780 0.0000e+00
        663      1.745    15.0852    15.0258   2.883934   2.899033     2.1360     2.1759     0.0042  0.1543827 0.0000e+00
        664      1.749    15.0862    15.0289   2.884171   2.899437     2.1359     2.1761     0.0042  0.1543818 0.0000e+00
        665      1.754    15.0872    15.0322   2.884404   2.899862     2.1359     2.1763     0.0042  0.1543745 0.0000e+00
        666      1.759    15.0881    15.0356   2.884634   2.900308     2.1359     2.1765     0.0038  0.1543606 0.0000e+00
        667      1.764    15.0890    15.0390   2.884856   2.900778     2.1359     2.1767     0.0042  0.1543402 0.0000e+00
        668      1.769    15.0899    15.0424   2.885068   2.901270     2.1359     2.1770     0.0042  0.1543130 0.0000e+00
        669      1.775    15.0907    15.0457   2.885269   2.901787     2.1360     2.1772     0.0038  0.1542790 0.0000e+00
        670      1.780    15.0914    15.0489   2.885453   2.902328     2.1360     2.1774     0.0038  0.1542377 0.0000e+00
        671      1.786    15.0921    15.0520   2.885616   2.902886     2.1360     2.1776     0.0042  0.1541891 0.0000e+00
        672      1.792    15.0927    15.0549   2.885753   2.903453     2.1361     2.1778     0.0038  0.1541326 0.0000e+00
        673      1.798    15.0932    15.0577   2.885859   2.904021     2.1362     2.1781     0.0042  0.1540688 0.0000e+00
        674      1.805    15.0937    15.0603   2.885932   2.904582     2.1362     2.1783     0.0038  0.1539990 0.0000e+00
        675      1.812    15.0941    15.0627   2.885976   2.905132     2.1363     2.1786     0.0038  0.1539234 0.0000e+00
        676      1.819    15.0944    15.0651   2.885997   2.905668     2.1364     2.1788     0.0042  0.1538416 0.0000e+00
        677      1.827    15.0946    15.0672   2.886003   2.906189     2.1366     2.1791     0.0044  0.1537556 0.0000e+00
        678      1.835    15.0948    15.0693   2.885999   2.906693     2.1367     2.1794     0.0044  0.1536715 0.0000e+00
        679      1.844    15.0948    15.0712   2.885990   2.907181     2.1368     2.1797     0.0044  0.1535955 0.0000e+00
        680      1.853    15.0948    15.0730   2.885978   2.907650     2.1370     2.1800     0.0044  0.1535297 0.0000e+00
        681      1.862    15.0948    15.0747   2.885967   2.908102     2.1372     2.1803     0.0044  0.1534728 0.0000e+00
        682      1.871    15.0946    15.0762   2.885958   2.908535     2.1374     2.1807     0.0044  0.1534235 0.0000e+00
        683      1.881    15.0944    15.0777   2.885952   2.908949     2.1376     2.1810     0.0044  0.1533815 0.0000e+00
        684      1.891    15.0942    15.0790   2.885951   2.909346     2.1378     2.1814     0.0044  0.1533465 0.0000e+00
        685      1.901    15.0939    15.0803   2.885958   2.909727     2.1381     2.1818     0.0044  0.1533191 0.0000e+00
        686      1.912    15.0936    15.0815   2.885973   2.910091     2.1384     2.1822     0.0044  0.1532999 0.0000e+00
        687      1.922    15.0933    15.0826   2.885997   2.910441     2.1387     2.1827     0.0044  0.1532880 0.0000e+00
        688      1.933    15.0930    15.0837   2.886032   2.910776     2.1390     2.1831     0.0044  0.1532824 0.0000e+00
        689      1.944    15.0926    15.0847   2.886077   2.911095     2.1393     2.1836     0.0044  0.1532831 0.0000e+00
        690      1.956    15.0923    15.0857   2.886133   2.911398     2.1397     2.1841     0.0044  0.1532901 0.0000e+00
        691      1.967    15.0919    15.0866   2.886198   2.911685     2.1400     2.1847     0.0044  0.1533035 0.0000e+00
        692      1.979    15.0916    15.0875   2.886272   2.911953     2.1404     2.1852     0.0044  0.1533233 0.0000e+00
        693      1.991    15.0913    15.0883   2.886354   2.912203     2.1408     2.1858     0.0044  0.1533497 0.0000e+00
        694      2.003    15.0910    15.0891   2.886442   2.912434     2.1412     2.1864     0.0044  0.1533837 0.0000e+00
        695      2.015    15.0907    15.0899   2.886535   2.912645     2.1417     2.1870     0.0044  0.1534264 0.0000e+00
        696      2.027    15.0904    15.0906   2.886632   2.912837     2.1421     2.1876     0.0044  0.1534772 0.0000e+00
        697      2.040    15.0902    15.0914   2.886731   2.913009     2.1425     2.1883     0.0044  0.1535357 0.0000e+00
        698      2.052    15.0899    15.0921   2.886832   2.913162     2.1430     2.1889     0.0044  0.1536023 0.0000e+00
        699      2.065    15.0897    15.0927   2.886932   2.913293     2.1435     2.1896     0.0044  0.1536782 0.0000e+00
        700      2.078    15.0895    15.0934   2.887031   2.913402     2.1440     2.1903     0.0044  0.1537649 0.0000e+00
        701      2.091    15.0893    15.0940   2.887126   2.913488     2.1445     2.1909     0.0044  0.1538621 0.0000e+00
        702      2.104    15.0892    15.0946   2.887215   2.913547     2.1450     2.1916     0.0044  0.1539688 0.0000e+00
        703      2.117    15.0890    15.0952   2.887295   2.913580     2.1455     2.1923     0.0046  0.1540805 0.0000e+00
        704      2.130    15.0889    15.0958   2.887366   2.913586     2.1460     2.1930     0.0046  0.1541889 0.0000e+00
        705      2.142    15.0888    15.0964   2.887429   2.913564     2.1465     2.1938     0.0046  0.1542878 0.0000e+00
        706      2.156    15.0888    15.0970   2.887483   2.913516     2.1470     2.1945     0.0046  0.1543770 0.0000e+00
        707      2.169    15.0887    15.0975   2.887530   2.913443     2.1475     2.1952     0.0046  0.1544580 0.0000e+00
        708      2.182    15.0887    15.0980   2.887569   2.913347     2.1480     2.1959     0.0046  0.1545315 0.0000e+00
        709      2.195    15.0887    15.0985   2.887601   2.913230     2.1485     2.1967     0.0046  0.1545987 0.0000e+00
        710      2.209    15.0888    15.0988   2.887627   2.913093     2.1491     2.1974     0.0046  0.1546609 0.0000e+00
        711      2.222    15.0889    15.0992   2.887650   2.912938     2.1496     2.1981     0.0046  0.1547178 0.0000e+00
        712      2.236    15.0890    15.0995   2.887670   2.912768     2.1500     2.1989     0.0046  0.1547689 0.0000e+00
        713      2.250    15.0891    15.0997   2.887690   2.912586     2.1505     2.1997     0.0046  0.1548146 0.0000e+00
        714      2.263    15.0893    15.0999   2.887710   2.912397     2.1510     2.2004     0.0046  0.1548551 0.0000e+00
        715      2.277    15.0894    15.1000   2.887733   2.912206     2.1515     2.2012     0.0046  0.1548917 0.0000e+00
        716      2.291    15.0897    15.1002   2.887761   2.912015     2.1520     2.2019     0.0046  0.1549253 0.0000e+00
        717      2.305    15.0899    15.1003   2.887796   2.911828     2.1524     2.2027     0.0046  0.1549563 0.0000e+00
        718      2.320    15.0901    15.1003   2.887840   2.911648     2.1529     2.2035     0.0046  0.1549848 0.0000e+00
        719      2.334    15.0904    15.1003   2.887893   2.911475     2.1533     2.2043     0.0046  0.1550111 0.0000e+00
        720      2.349    15.0907    15.1004   2.887956   2.911311     2.1537     2.2051     0.0046  0.1550345 0.0000e+00
        721      2.363    15.0910    15.1003   2.888031   2.911157     2.1541     2.2059     0.0046  0.1550543 0.0000e+00
        722      2.378    15.0913    15.1003   2.888118   2.911013     2.1545     2.2067     0.0046  0.1550706 0.0000e+00
        723      2.394    15.0916    15.1002   2.888216   2.910878     2.1549     2.2075     0.0046  0.1550836 0.0000e+00
        724      2.409    15.0919    15.1001   2.888325   2.910752     2.1553     2.2083     0.0046  0.1550933 0.0000e+00
        725      2.425    15.0923    15.1000   2.888448   2.910636     2.1556     2.2091     0.0046  0.1550998 0.0000e+00
        726      2.440    15.0926    15.0999   2.888582   2.910529     2.1560     2.2099     0.0046  0.1551040 0.0000e+00
        727      2.456    15.0930    15.0998   2.888727   2.910430     2.1563     2.2107     0.0046  0.1551068 0.0000e+00
        728      2.472    15.0933    15.0997   2.888883   2.910340     2.1566     2.2116     0.0046  0.1551082 0.0000e+00
        729      2.488    15.0937    15.0996   2.889047   2.910257     2.1569     2.2124     0.0046  0.1551083 0.0000e+00
        730      2.504    15.0941    15.0995   2.889217   2.910181     2.1572     2.2132     0.0046  0.1551078 0.0000e+00
        731      2.521    15.0945    15.0994   2.889392   2.910110     2.1575     2.2140     0.0046  0.1551084 0.0000e+00
        732      2.538    15.0949    15.0993   2.889569   2.910044     2.1578     2.2148     0.0046  0.1551110 0.0000e+00
        733      2.555    15.0953    15.0993   2.889745   2.909980     2.1580     2.2157     0.0046  0.1551157 0.0000e+00
        734      2.572    15.0957    15.0993   2.889919   2.909917     2.1583     2.2165     0.0046  0.1551225 0.0000e+00
        735      2.589    15.0960    15.0993   2.890090   2.909854     2.1585     2.2173     0.0046  0.1551305 0.0000e+00
        736      2.607    15.0964    15.0993   2.890255   2.909788     2.1587     2.2181     0.0046  0.1551381 0.0000e+00
        737      2.625    15.0968    15.0994   2.890413   2.909718     2.1589     2.2189     0.0046  0.1551445 0.0000e+00
        738      2.642    15.0972    15.0995   2.890563   2.909642     2.1591     2.2197     0.0046  0.1551498 0.0000e+00
        739      2.660    15.0977    15.0996   2.890705   2.909558     2.1593     2.2205     0.0046  0.1551549 0.0000e+00
        740      2.678    15.0981    15.0997   2.890838   2.909466     2.1595     2.2213     0.0046  0.1551606 0.0000e+00
        741      2.697    15.0985    15.0998   2.890964   2.909366     2.1596     2.2221     0.0046  0.1551661 0.0000e+00
        742      2.715    15.0989    15.1000   2.891082   2.909257     2.1598     2.2228     0.0046  0.1551715 0.0000e+00
        743      2.733    15.0994    15.1001   2.891192   2.909140     2.1599     2.2236     0.0046  0.1551785 0.0000e+00
        744      2.752    15.0998    15.1002   2.891295   2.909017     2.1601     2.2243     0.0046  0.1551879 0.0000e+00
        745      2.771    15.1003    15.1003   2.891391   2.908888     2.1602     2.2250     0.0046  0.1551991 0.0000e+00
        746      2.790    15.1007    15.1005   2.891481   2.908754     2.1603     2.2257     0.0046  0.1552104 0.0000e+00
        747      2.809    15.1012    15.1006   2.891567   2.908615     2.1605     2.2264     0.0046  0.1552219 0.0000e+00
        748      2.829    15.1016    15.1006   2.891648   2.908472     2.1606     2.2271     0.0046  0.1552345 0.0000e+00
        749      2.848    15.1021    15.1007   2.891724   2.908325     2.1607     2.2277     0.0046  0.1552482 0.0000e+00
        750      2.867    15.1025    15.1008   2.891796   2.908175     2.1608     2.2284     0.0046  0.1552633 0.0000e+00
        751      2.887    15.1029    15.1008   2.891864   2.908022     2.1609     2.2290     0.0046  0.1552797 0.0000e+00
        752      2.906    15.1034    15.1008   2.891926   2.907866     2.1610     2.2296     0.0046  0.1552985 0.0000e+00
        753      2.926    15.1038    15.1008   2.891984   2.907708     2.1611     2.2302     0.0046  0.1553197 0.0000e+00
        754      2.945    15.1043    15.1008   2.892037   2.907549     2.1611     2.2308     0.0046  0.1553419 0.0000e+00
        755      2.965    15.1047    15.1008   2.892086   2.907390     2.1612     2.2313     0.0046  0.1553635 0.0000e+00
        756      2.985    15.1051    15.1007   2.892132   2.907230     2.1613     2.2319     0.0046  0.1553838 0.0000e+00
        757      3.005    15.1056    15.1006   2.892175   2.907072     2.1614     2.2324     0.0046  0.1554037 0.0000e+00
        758      3.025    15.1060    15.1005   2.892216   2.906915     2.1614     2.2329     0.0046  0.1554244 0.0000e+00
        759      3.046    15.1065    15.1003   2.892256   2.906762     2.1615     2.2333     0.0046  0.1554458 0.0000e+00
        760      3.066    15.1069    15.1000   2.892294   2.906612     2.1616     2.2338     0.0046  0.1554682 0.0000e+00
        761      3.086    15.1073    15.0998   2.892329   2.906466     2.1617     2.2342     0.0046  0.1554909 0.0000e+00
        762      3.107    15.1078    15.0995   2.892360   2.906324     2.1617     2.2346     0.0046  0.1555123 0.0000e+00
        763      3.128    15.1082    15.0992   2.892388   2.906184     2.1618     2.2350     0.0046  0.1555325 0.0000e+00
        764      3.148    15.1087    15.0988   2.892410   2.906048     2.1619     2.2353     0.0046  0.1555535 0.0000e+00
        765      3.169    15.1091    15.0984   2.892424   2.905914     2.1619     2.2356     0.0046  0.1555762 0.0000e+00
        766      3.190    15.1096    15.0980   2.892430   2.905781     2.1620     2.2359     0.0046  0.1555999 0.0000e+00
        767      3.211    15.1100    15.0975   2.892427   2.905650     2.1621     2.2362     0.0046  0.1556231 0.0000e+00
        768      3.232    15.1105    15.0970   2.892415   2.905521     2.1621     2.2365     0.0046  0.1556459 0.0000e+00
        769      3.253    15.1109    15.0965   2.892396   2.905392     2.1622     2.2367     0.0046  0.1556703 0.0000e+00
        770      3.274    15.1114    15.0959   2.892369   2.905265     2.1622     2.2369     0.0046  0.1556971 0.0000e+00
        771      3.295    15.1118    15.0954   2.892336   2.905138     2.1623     2.2371     0.0046  0.1557259 0.0000e+00
        772      3.316    15.1123    15.0947   2.892298   2.905011     2.1623     2.2372     0.0046  0.1557558 0.0000e+00
        773      3.338    15.1127    15.0940   2.892255   2.904885     2.1624     2.2373     0.0046  0.1557871 0.0000e+00
        774      3.359    15.1131    15.0933   2.892207   2.904758     2.1624     2.2374     0.0046  0.1558193 0.0000e+00
        775      3.380    15.1135    15.0924   2.892153   2.904630     2.1625     2.2375     0.0046  0.1558524 0.0000e+00
        776      3.402    15.1139    15.0915   2.892091   2.904501     2.1625     2.2375     0.0046  0.1558885 0.0000e+00
        777      3.423    15.1143    15.0905   2.892021   2.904371     2.1626     2.2375     0.0046  0.1559278 0.0000e+00
        778      3.444    15.1146    15.0894   2.891942   2.904239     2.1627     2.2375     0.0046  0.1559697 0.0000e+00
        779      3.466    15.1150    15.0883   2.891855   2.904107     2.1627     2.2374     0.0046  0.1560145 0.0000e+00
        780      3.488    15.1153    15.0870   2.891759   2.903974     2.1628     2.2373     0.0046  0.1560608 0.0000e+00
        781      3.509    15.1156    15.0856   2.891655   2.903842     2.1628     2.2372     0.0046  0.1561056 0.0000e+00
        782      3.531    15.1159    15.0841   2.891544   2.903709     2.1629     2.2370     0.0046  0.1561466 0.0000e+00
        783      3.553    15.1162    15.0824   2.891426   2.903578     2.1629     2.2368     0.0046  0.1561832 0.0000e+00
        784      3.574    15.1164    15.0807   2.891302   2.903448     2.1630     2.2366     0.0046  0.1562165 0.0000e+00
        785      3.596    15.1167    15.0787   2.891173   2.903319     2.1630     2.2364     0.0046  0.1562486 0.0000e+00
        786      3.617    15.1169    15.0767   2.891039   2.903192     2.1631     2.2361     0.0046  0.1562795 0.0000e+00
