code/data/2021/ctd_data_day1/Station 4 210921.cnv
* Sea-Bird SBE 9 Data File:
* FileName = C:\Users\CTD-User\Desktop\MAR440\Station 4 210921.hex
* Software Version Seasave V 7.26.2.13
* Temperature SN = 6313
* Conductivity SN = 4758
* Number of Bytes Per Scan = 30
* Number of Voltage Words = 4
* Number of Scans Averaged by the Deck Unit = 1
* NMEA baud rate = 4800
** Ship:
** Station:
** Operator:
# nquan = 11
# nvalues = 963                                   
# units = specified
# name 0 = scan: Scan Count
# name 1 = prDM: Pressure, Digiquartz [db]
# name 2 = t090C: Temperature [ITS-90, deg C]
# name 3 = t190C: Temperature, 2 [ITS-90, deg C]
# name 4 = c0S/m: Conductivity [S/m]
# name 5 = c1S/m: Conductivity, 2 [S/m]
# name 6 = sbeox0V: Oxygen raw, SBE 43 [V]
# name 7 = sbeox1V: Oxygen raw, SBE 43, 2 [V]
# name 8 = flECO-AFL: Fluorescence, WET Labs ECO-AFL/FL [mg/m^3]
# name 9 = upoly0: Upoly 0, Turbidity
# name 10 = flag:  0.000e+00
# span 0 =          1,        963                 
# span 1 =      0.481,     10.723                 
# span 2 =    11.6141,    15.3196                 
# span 3 =    11.6112,    15.1462                 
# span 4 =  -0.000856,   2.790225                 
# span 5 =   0.025987,   2.797403                 
# span 6 =     2.2466,     3.1600                 
# span 7 =     2.1734,     2.9280                 
# span 8 =     0.0033,     0.0317                 
# span 9 =  0.0805824,  0.2378474                 
# span 10 = 0.0000e+00, 0.0000e+00                
# interval = seconds: 0.0416667
# start_time = Sep 21 2021 09:52:02 [System UTC, header]
# bad_flag = -9.990e-29
*END*
[from data line 263]
        264      1.700    14.0897    14.0544   2.784720   2.787139     3.1197     2.7265     0.0060  0.2314982  0.000e+00
        265      1.667    14.0897    14.0519   2.784898   2.787139     3.1209     2.7228     0.0060  0.2314982  0.000e+00
        266      1.700    14.0898    14.0490   2.784780   2.787017     3.1233     2.7179     0.0060  0.2314982  0.000e+00
        267      1.733    14.0901    14.0453   2.784612   2.786953     3.1245     2.7131     0.0060  0.2314982  0.000e+00
        268      1.634    14.0904    14.0424   2.784645   2.786867     3.1270     2.7082     0.0060  0.2314982  0.000e+00
        269      1.733    14.0902    14.0392   2.784672   2.786841     3.1282     2.7045     0.0060  0.2314982  0.000e+00
        270      1.700    14.0906    14.0366   2.784677   2.786724     3.1306     2.6996     0.0060  0.2314982  0.000e+00
        271      1.667    14.0907    14.0342   2.784758   2.786622     3.1319     2.6960     0.0060  0.2314982  0.000e+00
        272      1.700    14.0907    14.0322   2.784817   2.786526     3.1331     2.6911     0.0060  0.2314982  0.000e+00
        273      1.667    14.0910    14.0303   2.784753   2.786500     3.1343     2.6874     0.0060  0.2314982  0.000e+00
        274      1.700    14.0911    14.0293   2.784650   2.786457     3.1368     2.6825     0.0060  0.2314982  0.000e+00
        275      1.667    14.0912    14.0284   2.784780   2.786404     3.1380     2.6789     0.0060  0.2314982  0.000e+00
        276      1.699    14.0914    14.0278   2.784737   2.786329     3.1392     2.6752     0.0060  0.2314982  0.000e+00
        277      1.666    14.0917    14.0264   2.784645   2.786276     3.1404     2.6715     0.0060  0.2314982  0.000e+00
        278      1.699    14.0923    14.0249   2.784645   2.786222     3.1416     2.6679     0.0060  0.2314982  0.000e+00
        279      1.666    14.0927    14.0231   2.784688   2.786132     3.1429     2.6642     0.0060  0.2314982  0.000e+00
        280      1.699    14.0934    14.0214   2.784645   2.786084     3.1441     2.6593     0.0059  0.2275910  0.000e+00
        281      1.666    14.0939    14.0198   2.784629   2.786020     3.1453     2.6569     0.0057  0.2251490  0.000e+00
        282      1.699    14.0943    14.0183   2.784699   2.785982     3.1465     2.6532     0.0057  0.2251490  0.000e+00
        283      1.666    14.0946    14.0173   2.784650   2.785876     3.1477     2.6496     0.0057  0.2251490  0.000e+00
        284      1.699    14.0951    14.0163   2.784607   2.785844     3.1490     2.6471     0.0057  0.2251490  0.000e+00
        285      1.609    14.0951    14.0160   2.784639   2.785780     3.1502     2.6435     0.0057  0.2251490  0.000e+00
        286      1.757    14.0951    14.0153   2.784629   2.785764     3.1514     2.6398     0.0057  0.2251490  0.000e+00
        287      1.633    14.0953    14.0148   2.784424   2.785668     3.1514     2.6374     0.0057  0.2251490  0.000e+00
        288      1.732    14.0954    14.0145   2.784402   2.785636     3.1526     2.6337     0.0057  0.2251490  0.000e+00
        289      1.633    14.0953    14.0141   2.784531   2.785636     3.1526     2.6313     0.0057  0.2251490  0.000e+00
        290      1.666    14.0953    14.0134   2.784353   2.785652     3.1551     2.6276     0.0057  0.2251490  0.000e+00
        291      1.699    14.0953    14.0131   2.784418   2.785577     3.1563     2.6251     0.0057  0.2251490  0.000e+00
        292      1.666    14.0951    14.0125   2.784483   2.785593     3.1563     2.6227     0.0057  0.2251490  0.000e+00
        293      1.699    14.0951    14.0116   2.784413   2.785486     3.1575     2.6190     0.0057  0.2251490  0.000e+00
        294      1.666    14.0951    14.0104   2.784229   2.785369     3.1575     2.6166     0.0057  0.2251490  0.000e+00
        295      1.633    14.0951    14.0089   2.784375   2.785342     3.1587     2.6142     0.0057  0.2251490  0.000e+00
        296      1.666    14.0953    14.0074   2.784478   2.785284     3.1587     2.6105     0.0057  0.2251490  0.000e+00
        297      1.699    14.0954    14.0055   2.784310   2.785268     3.1587     2.6081     0.0057  0.2251490  0.000e+00
        298      1.666    14.0954    14.0042   2.784219   2.785225     3.1587     2.6056     0.0057  0.2251490  0.000e+00
        299      1.699    14.0953    14.0028   2.784364   2.785172     3.1600     2.6032     0.0057  0.2251490  0.000e+00
        300      1.666    14.0956    14.0013   2.784267   2.785241     3.1600     2.6007     0.0057  0.2251490  0.000e+00
        301      1.633    14.0958    13.9997   2.784246   2.785225     3.1600     2.5983     0.0057  0.2251490  0.000e+00
        302      1.666    14.0958    13.9976   2.784375   2.785209     3.1600     2.5958     0.0057  0.2251490  0.000e+00
        303      1.699    14.0959    13.9956   2.784510   2.785151     3.1587     2.5934     0.0057  0.2251490  0.000e+00
        304      1.666    14.0959    13.9936   2.784483   2.785135     3.1587     2.5910     0.0057  0.2251490  0.000e+00
        305      1.633    14.0960    13.9915   2.784548   2.785055     3.1575     2.5885     0.0059  0.2251490  0.000e+00
        306      1.666    14.0967    13.9898   2.784645   2.784948     3.1563     2.5861     0.0062  0.2241722  0.000e+00
        307      1.699    14.0971    13.9878   2.784537   2.784980     3.1538     2.5836     0.0064  0.2241722  0.000e+00
        308      1.666    14.0973    13.9862   2.784553   2.784964     3.1526     2.5812     0.0064  0.2241722  0.000e+00
        309      1.633    14.0973    13.9845   2.784510   2.784889     3.1514     2.5800     0.0064  0.2241722  0.000e+00
        310      1.633    14.0971    13.9825   2.784467   2.784873     3.1490     2.5763     0.0062  0.2241722  0.000e+00
        311      1.666    14.0971    13.9808   2.784386   2.784831     3.1465     2.5739     0.0064  0.2241722  0.000e+00
        312      1.699    14.0973    13.9788   2.784246   2.784778     3.1441     2.5726     0.0064  0.2241722  0.000e+00
        313      1.608    14.0976    13.9774   2.784300   2.784740     3.1404     2.5702     0.0064  0.2241722  0.000e+00
        314      1.699    14.0978    13.9752   2.784235   2.784698     3.1380     2.5678     0.0064  0.2241722  0.000e+00
        315      1.666    14.0985    13.9737   2.784283   2.784570     3.1343     2.5653     0.0064  0.2241722  0.000e+00
        316      1.633    14.0983    13.9723   2.784348   2.784511     3.1306     2.5629     0.0064  0.2241722  0.000e+00
        317      1.666    14.0985    13.9707   2.784278   2.784442     3.1270     2.5604     0.0064  0.2241722  0.000e+00
        318      1.699    14.0985    13.9692   2.784235   2.784330     3.1221     2.5592     0.0064  0.2241722  0.000e+00
        319      1.608    14.0988    13.9676   2.784213   2.784276     3.1172     2.5556     0.0064  0.2241722  0.000e+00
        320      1.699    14.0988    13.9665   2.784278   2.784127     3.1136     2.5543     0.0064  0.2241722  0.000e+00
        321      1.666    14.0991    13.9653   2.784370   2.783994     3.1087     2.5519     0.0064  0.2241722  0.000e+00
        322      1.699    14.0989    13.9644   2.784488   2.783877     3.1050     2.5507     0.0064  0.2241722  0.000e+00
        323      1.608    14.0988    13.9635   2.784402   2.783749     3.1001     2.5482     0.0064  0.2241722  0.000e+00
        324      1.699    14.0986    13.9628   2.784456   2.783653     3.0952     2.5458     0.0064  0.2241722  0.000e+00
        325      1.666    14.0985    13.9621   2.784531   2.783621     3.0904     2.5433     0.0064  0.2241722  0.000e+00
        326      1.633    14.0986    13.9614   2.784467   2.783471     3.0867     2.5421     0.0064  0.2241722  0.000e+00
        327      1.666    14.0986    13.9608   2.784575   2.783365     3.0794     2.5397     0.0064  0.2241722  0.000e+00
        328      1.699    14.0986    13.9604   2.784542   2.783258     3.0745     2.5372     0.0064  0.2241722  0.000e+00
        329      1.666    14.0989    13.9601   2.784478   2.783200     3.0696     2.5348     0.0064  0.2241722  0.000e+00
        330      1.633    14.0986    13.9599   2.784526   2.783114     3.0635     2.5336     0.0064  0.2241722  0.000e+00
        331      1.665    14.0990    13.9595   2.784461   2.782986     3.0586     2.5311     0.0060  0.2314982  0.000e+00
        332      1.698    14.0996    13.9594   2.784478   2.782874     3.0537     2.5287     0.0057  0.2368706  0.000e+00
        333      1.665    14.1001    13.9599   2.784397   2.782853     3.0476     2.5275     0.0057  0.2378474  0.000e+00
        334      1.632    14.1015    13.9610   2.784316   2.782752     3.0427     2.5250     0.0057  0.2373590  0.000e+00
        335      1.632    14.1023    13.9634   2.784407   2.782768     3.0366     2.5226     0.0057  0.2373590  0.000e+00
        336      1.665    14.1028    13.9658   2.784321   2.782736     3.0305     2.5201     0.0057  0.2368706  0.000e+00
        337      1.632    14.1030    13.9687   2.784235   2.782677     3.0256     2.5189     0.0057  0.2373590  0.000e+00
        338      1.665    14.1028    13.9711   2.784208   2.782549     3.0208     2.5165     0.0057  0.2373590  0.000e+00
        339      1.698    14.1027    13.9732   2.784165   2.782469     3.0147     2.5140     0.0057  0.2373590  0.000e+00
        340      1.608    14.1025    13.9744   2.784057   2.782437     3.0085     2.5116     0.0057  0.2373590  0.000e+00
        341      1.698    14.1028    13.9747   2.783954   2.782437     3.0024     2.5104     0.0057  0.2373590  0.000e+00
        342      1.665    14.1025    13.9745   2.783997   2.782352     2.9976     2.5079     0.0057  0.2373590  0.000e+00
        343      1.632    14.1023    13.9737   2.783879   2.782288     2.9915     2.5055     0.0057  0.2373590  0.000e+00
        344      1.608    14.1025    13.9725   2.783809   2.782197     2.9866     2.5043     0.0057  0.2373590  0.000e+00
        345      1.698    14.1025    13.9712   2.783787   2.782128     2.9817     2.5018     0.0057  0.2368706  0.000e+00
        346      1.665    14.1023    13.9700   2.783744   2.782101     2.9756     2.4982     0.0057  0.2373590  0.000e+00
        347      1.632    14.1023    13.9683   2.783566   2.782069     2.9707     2.4957     0.0057  0.2373590  0.000e+00
        348      1.607    14.1021    13.9666   2.783614   2.782064     2.9646     2.4957     0.0057  0.2373590  0.000e+00
        349      1.698    14.1021    13.9656   2.783652   2.781947     2.9597     2.4933     0.0057  0.2373590  0.000e+00
        350      1.665    14.1018    13.9644   2.783566   2.781867     2.9536     2.4908     0.0057  0.2373590  0.000e+00
        351      1.632    14.1021    13.9634   2.783409   2.781819     2.9487     2.4884     0.0057  0.2373590  0.000e+00
        352      1.665    14.1020    13.9628   2.783345   2.781824     2.9438     2.4872     0.0057  0.2373590  0.000e+00
        353      1.632    14.1020    13.9621   2.783258   2.781808     2.9390     2.4847     0.0057  0.2373590  0.000e+00
        354      1.665    14.1016    13.9615   2.783183   2.781760     2.9341     2.4823     0.0057  0.2373590  0.000e+00
        355      1.632    14.1015    13.9611   2.783199   2.781707     2.9304     2.4811     0.0057  0.2368706  0.000e+00
        356      1.665    14.1015    13.9609   2.783129   2.781696     2.9231     2.4786     0.0057  0.2358938  0.000e+00
        357      1.632    14.1011    13.9604   2.783113   2.781638     2.9182     2.4762     0.0059  0.2329634  0.000e+00
        358      1.731    14.1013    13.9605   2.783086   2.781579     2.9133     2.4750     0.0059  0.2310098  0.000e+00
        359      1.632    14.1010    13.9604   2.783032   2.781584     2.9084     2.4725     0.0059  0.2310098  0.000e+00
        360      1.698    14.1010    13.9604   2.782973   2.781595     2.9035     2.4701     0.0059  0.2314982  0.000e+00
        361      1.607    14.1008    13.9608   2.783102   2.781579     2.8987     2.4689     0.0059  0.2314982  0.000e+00
        362      1.698    14.1010    13.9607   2.783075   2.781547     2.8938     2.4664     0.0059  0.2314982  0.000e+00
        363      1.665    14.1007    13.9609   2.783080   2.781520     2.8889     2.4640     0.0059  0.2314982  0.000e+00
        364      1.698    14.1008    13.9604   2.782962   2.781472     2.8840     2.4628     0.0059  0.2310098  0.000e+00
        365      1.665    14.1008    13.9603   2.782876   2.781499     2.8791     2.4603     0.0059  0.2314982  0.000e+00
        366      1.698    14.1007    13.9621   2.782951   2.781456     2.8755     2.4579     0.0059  0.2310098  0.000e+00
        367      1.665    14.1008    13.9671   2.782913   2.781536     2.8706     2.4566     0.0059  0.2314982  0.000e+00
        368      1.698    14.1005    13.9760   2.782827   2.781568     2.8657     2.4542     0.0059  0.2314982  0.000e+00
        369      1.665    14.1007    13.9865   2.782822   2.781605     2.8608     2.4518     0.0059  0.2314982  0.000e+00
        370      1.632    14.1007    13.9966   2.782795   2.781557     2.8571     2.4505     0.0059  0.2314982  0.000e+00
        371      1.665    14.1003    14.0059   2.782822   2.781579     2.8523     2.4481     0.0059  0.2314982  0.000e+00
        372      1.698    14.1007    14.0138   2.782746   2.781573     2.8486     2.4457     0.0059  0.2314982  0.000e+00
        373      1.665    14.1005    14.0209   2.782671   2.781642     2.8437     2.4432     0.0059  0.2314982  0.000e+00
        374      1.698    14.1010    14.0269   2.782644   2.781632     2.8400     2.4420     0.0059  0.2314982  0.000e+00
        375      1.665    14.1010    14.0325   2.782574   2.781621     2.8352     2.4396     0.0059  0.2314982  0.000e+00
        376      1.632    14.1011    14.0374   2.782487   2.781621     2.8315     2.4371     0.0059  0.2314982  0.000e+00
        377      1.665    14.1011    14.0418   2.782520   2.781637     2.8291     2.4359     0.0059  0.2314982  0.000e+00
        378      1.697    14.1016    14.0452   2.782385   2.781584     2.8242     2.4335     0.0059  0.2314982  0.000e+00
        379      1.664    14.1015    14.0482   2.782277   2.781568     2.8193     2.4322     0.0059  0.2314982  0.000e+00
        380      1.631    14.1020    14.0504   2.782288   2.781466     2.8156     2.4298     0.0059  0.2314982  0.000e+00
        381      1.664    14.1018    14.0526   2.782110   2.781477     2.8120     2.4273     0.0059  0.2314982  0.000e+00
        382      1.631    14.1018    14.0541   2.781970   2.781445     2.8071     2.4261     0.0059  0.2280794  0.000e+00
        383      1.664    14.1018    14.0558   2.781894   2.781392     2.8034     2.4237     0.0060  0.2256374  0.000e+00
        384      1.697    14.1018    14.0570   2.781689   2.781200     2.8010     2.4212     0.0060  0.2256374  0.000e+00
        385      1.697    14.1021    14.0579   2.781608   2.781083     2.7961     2.4188     0.0060  0.2256374  0.000e+00
        386      1.607    14.1018    14.0590   2.781430   2.781029     2.7924     2.4176     0.0060  0.2256374  0.000e+00
        387      1.697    14.1020    14.0605   2.781269   2.781051     2.7888     2.4151     0.0060  0.2256374  0.000e+00
        388      1.664    14.1020    14.0620   2.781204   2.780987     2.7851     2.4127     0.0060  0.2256374  0.000e+00
        389      1.631    14.1018    14.0637   2.781042   2.780800     2.7827     2.4115     0.0060  0.2256374  0.000e+00
        390      1.730    14.1020    14.0654   2.780859   2.780768     2.7790     2.4090     0.0060  0.2256374  0.000e+00
        391      1.631    14.1020    14.0671   2.780778   2.780795     2.7753     2.4078     0.0060  0.2256374  0.000e+00
        392      1.664    14.1016    14.0684   2.780524   2.780688     2.7717     2.4041     0.0060  0.2256374  0.000e+00
        393      1.631    14.1020    14.0698   2.780433   2.780549     2.7680     2.4029     0.0060  0.2256374  0.000e+00
