code/data/2021/ctd_data_day1/Station 1 ex 210921_ctm_fil_le_der_avg.cnv
* Sea-Bird SBE 9 Data File:
* FileName = C:\Users\CTD-User\Desktop\MAR440\Station 1 ex 210921.hex
* Software Version Seasave V 7.26.2.13
* Temperature SN = 6313
* Conductivity SN = 4758
* Number of Bytes Per Scan = 30
* Number of Voltage Words = 4
* Number of Scans Averaged by the Deck Unit = 1
* NMEA baud rate = 4800
** Ship:
** Station:
** Operator:
# nquan = 16
# nvalues = 30                          
# units = specified
# name 0 = scan: Scan Count
# name 1 = prDM: Pressure, Digiquartz [db]
# name 2 = t090C: Temperature [ITS-90, deg C]
# name 3 = t190C: Temperature, 2 [ITS-90, deg C]
# name 4 = c0S/m: Conductivity [S/m]
# name 5 = c1S/m: Conductivity, 2 [S/m]
# name 6 = sbeox0V: Oxygen raw, SBE 43 [V]
# name 7 = sbeox1V: Oxygen raw, SBE 43, 2 [V]
# name 8 = flECO-AFL: Fluorescence, WET Labs ECO-AFL/FL [mg/m^3]
# name 9 = upoly0: Upoly 0, Turbidity
# name 10 = depSM: Depth [salt water, m], lat = 59
# name 11 = sal00: Salinity, Practical [PSU]
# name 12 = sal11: Salinity, Practical, 2 [PSU]
# name 13 = sbeox0ML/L: Oxygen, SBE 43 [ml/l], WS = 2
# name 14 = sbeox1ML/L: Oxygen, SBE 43, 2 [ml/l], WS = 2
# name 15 = flag: flag
# span 0 =       1323,       3569       
# span 1 =      1.009,     30.285       
# span 2 =     9.3315,    16.0495       
# span 3 =     9.1356,    16.0541       
# span 4 =   2.958400,   3.762646       
# span 5 =   2.959582,   3.763861       
# span 6 =     0.7392,     2.8399       
# span 7 =     0.8325,     2.7888       
# span 8 =     0.0035,     0.0107       
# span 9 =  0.0867975,  0.1675747       
# span 10 =      1.000,     30.000      
# span 11 =    23.1251,    32.0218      
# span 12 =    23.1352,    32.0406      
# span 13 =     0.6433,     6.9140      
# span 14 =     0.9255,     5.9043      
# span 15 = 0.0000e+00, 0.0000e+00      
# interval = meters: 1                  
# start_time = Sep 21 2021 11:23:14 [System UTC, header]
# bad_flag = -9.990e-29
*END*
       1323      1.009    15.0639    15.0626   2.958516   2.959605     2.7708     2.7575     0.0046  0.1675747      1.000    23.1251    23.1352     6.8588     5.8858 0.0000e+00
       1372      2.019    15.0606    15.0614   2.958412   2.959607     2.8067     2.7738     0.0045  0.1648230      2.000    23.1258    23.1357     6.8693     5.8874 0.0000e+00
       1423      3.028    15.0598    15.0608   2.958400   2.959582     2.8216     2.7796     0.0047  0.1635653      3.000    23.1259    23.1355     6.8778     5.8902 0.0000e+00
       1473      4.038    15.0604    15.0610   2.958518   2.959594     2.8289     2.7823     0.0047  0.1627051      4.000    23.1263    23.1352     6.9003     5.8955 0.0000e+00
       1519      5.047    15.0610    15.0618   2.958584   2.959689     2.8362     2.7830     0.0047  0.1629912      5.000    23.1262    23.1353     6.9140     5.8943 0.0000e+00
       1562      6.057    15.0666    15.0664   2.959614   2.960482     2.8390     2.7847     0.0052  0.1644880      6.000    23.1315    23.1391     6.9119     5.9043 0.0000e+00
       1605      7.066    15.2371    15.2068   2.989042   2.983711     2.8399     2.7879     0.0047  0.1581771      7.000    23.2832    23.2555     6.8883     5.8955 0.0000e+00
       1652      8.076    15.6341    15.6026   3.073004   3.066938     2.8398     2.7888     0.0045  0.1477910      8.000    23.7651    23.7322     6.7422     5.7810 0.0000e+00
       1701      9.085    16.0495    16.0541   3.266791   3.266790     2.7705     2.7245     0.0042  0.1193450      9.000    25.1604    25.1575     6.1874     5.3216 0.0000e+00
       1748     10.095    15.9388    15.9455   3.379490   3.379533     2.5806     2.5254     0.0040  0.1021175     10.000    26.1955    26.1915     5.1937     4.4588 0.0000e+00
       1791     11.104    15.4873    15.4874   3.415656   3.416429     2.2964     2.2467     0.0039  0.0983711     11.000    26.8094    26.8161     4.3266     3.7817 0.0000e+00
       1834     12.114    15.1273    15.1227   3.454766   3.455476     2.0443     2.0129     0.0037  0.0966163     12.000    27.3988    27.4083     3.7356     3.3200 0.0000e+00
       1880     13.123    14.8219    14.8210   3.493422   3.494305     1.8235     1.8088     0.0035  0.0931830     13.000    27.9555    27.9640     3.2179     2.9043 0.0000e+00
       1928     14.133    14.2766    14.2727   3.500223   3.501454     1.6342     1.6380     0.0039  0.0931819     14.000    28.4111    28.4251     2.8007     2.5894 0.0000e+00
       1976     15.142    13.8657    13.8644   3.495150   3.496239     1.4799     1.4978     0.0036  0.0917366     15.000    28.6685    28.6794     2.4144     2.2792 0.0000e+00
       2020     16.152    13.8460    13.8465   3.541123   3.542032     1.3587     1.3889     0.0039  0.0912697     16.000    29.1016    29.1096     2.1686     2.0963 0.0000e+00
       2064     17.161    13.5097    13.5007   3.545581   3.546692     1.2796     1.3226     0.0039  0.0908038     17.000    29.3987    29.4159     2.0522     2.0200 0.0000e+00
       2109     18.171    13.3270    13.3251   3.548421   3.548402     1.2222     1.2741     0.0039  0.0910363     18.000    29.5651    29.5664     1.9389     1.9305 0.0000e+00
       2157     19.180    13.6809    13.6821   3.632660   3.632998     1.1798     1.2405     0.0041  0.0902970     19.000    30.0657    30.0679     1.8727     1.8978 0.0000e+00
       2204     20.190    13.7250    13.7254   3.691646   3.692581     1.1693     1.2419     0.0040  0.0892952     20.000    30.5731    30.5815     1.9310     1.9707 0.0000e+00
       2249     21.199    13.5888    13.5854   3.707822   3.708836     1.1860     1.2691     0.0040  0.0881067     21.000    30.8313    30.8434     2.0424     2.0827 0.0000e+00
       2294     22.209    13.3122    13.3117   3.721465   3.722529     1.2097     1.2987     0.0038  0.0876084     22.000    31.1822    31.1924     2.1272     2.1689 0.0000e+00
       2339     23.218    13.2404    13.2401   3.745676   3.746844     1.2493     1.3498     0.0041  0.0873554     23.000    31.4667    31.4779     2.3287     2.3743 0.0000e+00
       2386     24.228    13.0768    13.0743   3.762646   3.763861     1.3021     1.4088     0.0040  0.0869842     24.000    31.7615    31.7750     2.4535     2.4757 0.0000e+00
       2433     25.237    12.7866    12.7801   3.758816   3.759669     1.3331     1.4372     0.0040  0.0867975     25.000    31.9692    31.9827     2.4662     2.4662 0.0000e+00
       2479     26.247    12.0494    12.0260   3.698616   3.698478     1.3258     1.4198     0.0049  0.0873227     26.000    32.0218    32.0406     2.3313     2.3109 0.0000e+00
       2526     27.257    10.7793    10.7900   3.583647   3.583363     1.2488     1.3149     0.0071  0.0879508     27.000    31.9971    31.9847     1.8496     1.8166 0.0000e+00
       3472     28.266     9.3315     9.4749   3.440380   3.450697     0.7825     0.8809     0.0077  0.0878963     28.000    31.8287    31.8067     0.6445     0.9255 0.0000e+00
       3521     29.276    10.0027     9.3799   3.494761   3.452616     0.7392     0.8325     0.0067  0.0879059     29.000    31.7878    31.9107     0.6433     0.9612 0.0000e+00
       3569     30.285     9.4742     9.1356   3.459719   3.435731     0.7499     0.8476     0.0107  0.0889300     30.000    31.8985    31.9545     0.8343     1.0764 0.0000e+00
