code/data/2021/ctd_data_day1/Station 5 210921_ctm.cnv
* Sea-Bird SBE 9 Data File:
* FileName = C:\Users\CTD-User\Desktop\MAR440\Station 5 210921.hex
* Software Version Seasave V 7.26.2.13
* Temperature SN = 6313
* Conductivity SN = 4758
* Number of Bytes Per Scan = 30
* Number of Voltage Words = 4
* Number of Scans Averaged by the Deck Unit = 1
* NMEA baud rate = 4800
** Ship:
** Station:
** Operator:
# nquan = 11
# nvalues = 5809                        
# units = specified
# name 0 = scan: Scan Count
# name 1 = prDM: Pressure, Digiquartz [db]
# name 2 = t090C: Temperature [ITS-90, deg C]
# name 3 = t190C: Temperature, 2 [ITS-90, deg C]
# name 4 = c0S/m: Conductivity [S/m]
# name 5 = c1S/m: Conductivity, 2 [S/m]
# name 6 = sbeox0V: Oxygen raw, SBE 43 [V]
# name 7 = sbeox1V: Oxygen raw, SBE 43, 2 [V]
# name 8 = flECO-AFL: Fluorescence, WET Labs ECO-AFL/FL [mg/m^3]
# name 9 = upoly0: Upoly 0, Turbidity
# name 10 = flag:  0.000e+00
# span 0 =          1,       5809       
# span 1 =      0.454,     26.522       
# span 2 =    10.8323,    16.2943       
# span 3 =    10.8611,    16.2956       
# span 4 =   2.868531,   3.811440       
# span 5 =   2.882006,   3.812496       
# span 6 =     0.8558,     2.8218       
# span 7 =     0.9205,     2.7863       
# span 8 =     0.0035,     0.0101       
# span 9 =  0.0864432,  0.1636105       
# span 10 = 0.0000e+00, 0.0000e+00      
# interval = seconds: 0.0416667
# start_time = Sep 21 2021 10:32:06 [System UTC, header]
# bad_flag = -9.990e-29
*END*
[from data line 4722]
       4723     25.991    11.7737    11.6562   3.670252   3.662870     0.8594     0.9241     0.0082  0.0883968 0.0000e+00
       4724     25.991    11.7716    11.6483   3.670622   3.662881     0.8619     0.9229     0.0082  0.0883968 0.0000e+00
       4725     26.057    11.7643    11.6417   3.670995   3.662844     0.8607     0.9229     0.0082  0.0879084 0.0000e+00
       4726     25.991    11.7584    11.6375   3.671242   3.662716     0.8607     0.9229     0.0082  0.0879084 0.0000e+00
       4727     25.991    11.7524    11.6360   3.671477   3.662729     0.8594     0.9229     0.0082  0.0879084 0.0000e+00
       4728     26.057    11.7436    11.6348   3.671826   3.662766     0.8619     0.9229     0.0082  0.0879084 0.0000e+00
       4729     25.991    11.7466    11.6345   3.672305   3.662796     0.8619     0.9241     0.0082  0.0879084 0.0000e+00
       4730     25.991    11.7600    11.6354   3.672752   3.662787     0.8619     0.9229     0.0082  0.0883968 0.0000e+00
       4731     25.991    11.7657    11.6363   3.673102   3.662785     0.8594     0.9229     0.0082  0.0883968 0.0000e+00
       4732     25.991    11.7691    11.6370   3.673246   3.662764     0.8594     0.9241     0.0082  0.0883968 0.0000e+00
       4733     26.057    11.7676    11.6379   3.673186   3.662727     0.8619     0.9241     0.0084  0.0883968 0.0000e+00
       4734     25.991    11.7575    11.6379   3.673022   3.662751     0.8607     0.9229     0.0084  0.0883968 0.0000e+00
       4735     25.991    11.7408    11.6384   3.672634   3.662860     0.8619     0.9229     0.0084  0.0883968 0.0000e+00
       4736     25.991    11.7290    11.6385   3.672319   3.662985     0.8594     0.9229     0.0084  0.0883968 0.0000e+00
       4737     26.057    11.7317    11.6384   3.672251   3.663092     0.8594     0.9229     0.0084  0.0883968 0.0000e+00
       4738     25.991    11.7456    11.6393   3.672280   3.663220     0.8619     0.9229     0.0084  0.0883968 0.0000e+00
       4739     25.991    11.7549    11.6418   3.672423   3.663229     0.8619     0.9229     0.0084  0.0883968 0.0000e+00
       4740     25.991    11.7570    11.6420   3.672682   3.663255     0.8619     0.9229     0.0084  0.0883968 0.0000e+00
       4741     25.991    11.7642    11.6408   3.673003   3.663280     0.8594     0.9229     0.0084  0.0883968 0.0000e+00
       4742     25.991    11.7741    11.6415   3.673237   3.663259     0.8594     0.9229     0.0084  0.0883968 0.0000e+00
       4743     26.057    11.7807    11.6435   3.673249   3.663220     0.8619     0.9229     0.0084  0.0883968 0.0000e+00
       4744     25.991    11.7741    11.6447   3.673187   3.663236     0.8619     0.9229     0.0084  0.0883968 0.0000e+00
       4745     25.991    11.7567    11.6443   3.673116   3.663318     0.8607     0.9229     0.0084  0.0883968 0.0000e+00
       4746     25.991    11.7514    11.6422   3.672969   3.663275     0.8594     0.9229     0.0084  0.0888852 0.0000e+00
       4747     25.991    11.7547    11.6407   3.672867   3.663477     0.8619     0.9229     0.0084  0.0883968 0.0000e+00
       4748     25.991    11.7635    11.6422   3.672936   3.663684     0.8619     0.9229     0.0084  0.0883968 0.0000e+00
       4749     26.057    11.7752    11.6438   3.672895   3.663714     0.8607     0.9229     0.0084  0.0883968 0.0000e+00
       4750     25.991    11.7868    11.6462   3.672944   3.663807     0.8607     0.9217     0.0084  0.0883968 0.0000e+00
       4751     25.991    11.7943    11.6495   3.673038   3.663825     0.8594     0.9229     0.0084  0.0883968 0.0000e+00
       4752     25.991    11.7987    11.6510   3.672999   3.663736     0.8607     0.9229     0.0084  0.0883968 0.0000e+00
       4753     25.991    11.8009    11.6481   3.672928   3.663589     0.8619     0.9229     0.0084  0.0883968 0.0000e+00
       4754     25.991    11.7986    11.6443   3.672762   3.663587     0.8619     0.9229     0.0084  0.0883968 0.0000e+00
       4755     25.991    11.7855    11.6404   3.672610   3.663484     0.8607     0.9229     0.0084  0.0883968 0.0000e+00
       4756     25.991    11.7627    11.6380   3.672361   3.663368     0.8594     0.9229     0.0084  0.0883968 0.0000e+00
       4757     25.991    11.7436    11.6362   3.672144   3.663391     0.8619     0.9229     0.0084  0.0883968 0.0000e+00
       4758     26.057    11.7349    11.6314   3.672027   3.663380     0.8619     0.9229     0.0084  0.0879084 0.0000e+00
       4759     25.991    11.7349    11.6272   3.672051   3.663275     0.8619     0.9229     0.0084  0.0883968 0.0000e+00
       4760     25.991    11.7357    11.6254   3.671952   3.663411     0.8619     0.9229     0.0084  0.0883968 0.0000e+00
       4761     25.991    11.7332    11.6246   3.671836   3.663343     0.8619     0.9217     0.0084  0.0883968 0.0000e+00
       4762     25.991    11.7364    11.6266   3.671722   3.663329     0.8619     0.9229     0.0084  0.0879084 0.0000e+00
       4763     25.991    11.7439    11.6330   3.671719   3.663436     0.8619     0.9217     0.0084  0.0883968 0.0000e+00
       4764     25.991    11.7402    11.6345   3.671658   3.663519     0.8619     0.9229     0.0084  0.0883968 0.0000e+00
       4765     25.991    11.7347    11.6272   3.671595   3.663598     0.8607     0.9217     0.0084  0.0879084 0.0000e+00
       4766     25.991    11.7382    11.6210   3.671650   3.663541     0.8607     0.9229     0.0084  0.0879084 0.0000e+00
       4767     25.991    11.7578    11.6192   3.671718   3.663534     0.8619     0.9229     0.0084  0.0879084 0.0000e+00
       4768     26.057    11.7865    11.6216   3.671766   3.663573     0.8619     0.9217     0.0084  0.0879084 0.0000e+00
       4769     25.991    11.7877    11.6246   3.671830   3.663668     0.8619     0.9229     0.0084  0.0883968 0.0000e+00
       4770     25.933    11.7716    11.6275   3.671738   3.663852     0.8594     0.9217     0.0084  0.0879084 0.0000e+00
       4771     26.057    11.7650    11.6299   3.671820   3.663879     0.8619     0.9217     0.0084  0.0883968 0.0000e+00
       4772     25.991    11.7698    11.6309   3.671976   3.663978     0.8631     0.9217     0.0084  0.0883968 0.0000e+00
       4773     25.991    11.7661    11.6310   3.672339   3.664210     0.8619     0.9217     0.0084  0.0879084 0.0000e+00
       4774     25.933    11.7643    11.6339   3.672698   3.664227     0.8619     0.9217     0.0084  0.0883968 0.0000e+00
       4775     26.065    11.7638    11.6367   3.672941   3.664327     0.8619     0.9217     0.0084  0.0883968 0.0000e+00
       4776     25.990    11.7620    11.6373   3.673107   3.664413     0.8607     0.9217     0.0084  0.0879084 0.0000e+00
       4777     25.990    11.7633    11.6385   3.673273   3.664448     0.8619     0.9217     0.0084  0.0879084 0.0000e+00
       4778     26.056    11.7623    11.6390   3.673257   3.664538     0.8619     0.9217     0.0084  0.0883968 0.0000e+00
       4779     25.933    11.7602    11.6424   3.673261   3.664652     0.8619     0.9217     0.0084  0.0883968 0.0000e+00
       4780     26.056    11.7593    11.6445   3.673144   3.664548     0.8619     0.9217     0.0084  0.0883968 0.0000e+00
       4781     25.990    11.7564    11.6465   3.673024   3.664407     0.8619     0.9217     0.0084  0.0879084 0.0000e+00
       4782     25.990    11.7532    11.6540   3.672886   3.664253     0.8619     0.9217     0.0084  0.0879084 0.0000e+00
       4783     25.990    11.7521    11.6668   3.672899   3.664413     0.8619     0.9217     0.0082  0.0879084 0.0000e+00
       4784     25.990    11.7514    11.6800   3.672873   3.664522     0.8607     0.9217     0.0082  0.0879084 0.0000e+00
       4785     25.990    11.7514    11.6874   3.672896   3.664454     0.8619     0.9217     0.0082  0.0879084 0.0000e+00
       4786     26.056    11.7519    11.6919   3.672934   3.664353     0.8619     0.9217     0.0082  0.0879084 0.0000e+00
       4787     25.990    11.7565    11.6936   3.672939   3.664270     0.8631     0.9217     0.0082  0.0883968 0.0000e+00
       4788     25.990    11.7600    11.6938   3.673036   3.664198     0.8619     0.9217     0.0082  0.0883968 0.0000e+00
       4789     25.990    11.7597    11.6914   3.673118   3.664236     0.8607     0.9217     0.0082  0.0879084 0.0000e+00
       4790     25.990    11.7610    11.6893   3.673284   3.664358     0.8607     0.9217     0.0082  0.0879084 0.0000e+00
       4791     25.990    11.7631    11.6875   3.673316   3.664462     0.8631     0.9217     0.0082  0.0879084 0.0000e+00
       4792     26.056    11.7681    11.6809   3.673646   3.664473     0.8619     0.9217     0.0082  0.0883968 0.0000e+00
       4793     25.990    11.7823    11.6699   3.673933   3.664372     0.8607     0.9217     0.0082  0.0874200 0.0000e+00
       4794     25.990    11.7921    11.6615   3.674126   3.664174     0.8619     0.9217     0.0082  0.0883968 0.0000e+00
       4795     25.990    11.7907    11.6557   3.674233   3.664092     0.8619     0.9217     0.0082  0.0879084 0.0000e+00
       4796     26.056    11.7868    11.6518   3.674194   3.663965     0.8631     0.9217     0.0082  0.0879084 0.0000e+00
       4797     25.990    11.7832    11.6488   3.674311   3.663918     0.8619     0.9217     0.0082  0.0883968 0.0000e+00
       4798     25.990    11.7797    11.6479   3.674441   3.663779     0.8619     0.9217     0.0082  0.0879084 0.0000e+00
       4799     26.056    11.7792    11.6557   3.674594   3.663749     0.8619     0.9217     0.0082  0.0879084 0.0000e+00
       4800     25.990    11.7825    11.6566   3.674893   3.663752     0.8619     0.9217     0.0082  0.0879084 0.0000e+00
       4801     26.056    11.7925    11.6526   3.675158   3.663773     0.8631     0.9217     0.0082  0.0879084 0.0000e+00
       4802     25.990    11.8024    11.6503   3.675387   3.663764     0.8631     0.9205     0.0082  0.0879084 0.0000e+00
       4803     25.990    11.8110    11.6515   3.675538   3.663816     0.8619     0.9205     0.0082  0.0883968 0.0000e+00
       4804     26.056    11.8158    11.6498   3.675483   3.663864     0.8619     0.9205     0.0082  0.0874200 0.0000e+00
       4805     25.990    11.8162    11.6481   3.675105   3.664022     0.8631     0.9217     0.0082  0.0879084 0.0000e+00
       4806     25.990    11.8105    11.6487   3.674848   3.664322     0.8643     0.9217     0.0082  0.0883968 0.0000e+00
       4807     26.056    11.8038    11.6512   3.674713   3.664402     0.8619     0.9217     0.0082  0.0883968 0.0000e+00
       4808     25.990    11.6687    11.4800   3.674172   3.663667     0.8716     0.9217     0.0084  0.0879084 0.0000e+00
       4809     25.990    11.7923    11.6558   3.674640   3.664204     0.8619     0.9205     0.0086  0.0879084 0.0000e+00
       4810     26.056    11.7898    11.6542   3.674583   3.664204     0.8594     0.9205     0.0086  0.0883968 0.0000e+00
       4811     26.056    11.7854    11.6541   3.674427   3.664329     0.8631     0.9217     0.0086  0.0879084 0.0000e+00
       4812     25.990    11.7794    11.6530   3.674092   3.664484     0.8631     0.9205     0.0086  0.0879084 0.0000e+00
       4813     26.056    11.7766    11.6513   3.673793   3.664626     0.8619     0.9205     0.0086  0.0879084 0.0000e+00
       4814     25.990    11.7762    11.6515   3.673664   3.664745     0.8619     0.9205     0.0086  0.0883968 0.0000e+00
       4815     25.990    11.7744    11.6541   3.673579   3.664808     0.8631     0.9205     0.0086  0.0879084 0.0000e+00
       4816     26.056    11.7746    11.6565   3.673633   3.664812     0.8643     0.9205     0.0086  0.0883968 0.0000e+00
       4817     26.056    11.7744    11.6578   3.673734   3.664899     0.8619     0.9205     0.0086  0.0883968 0.0000e+00
       4818     25.990    11.7761    11.6588   3.673812   3.665003     0.8619     0.9205     0.0086  0.0879084 0.0000e+00
       4819     26.056    11.7748    11.6596   3.673698   3.665190     0.8619     0.9205     0.0086  0.0883968 0.0000e+00
       4820     25.990    11.7746    11.6623   3.673733   3.665384     0.8643     0.9205     0.0084  0.0879084 0.0000e+00
       4821     26.056    11.7754    11.6666   3.673633   3.665572     0.8631     0.9205     0.0086  0.0883968 0.0000e+00
       4822     26.056    11.7754    11.6733   3.673543   3.665692     0.8631     0.9205     0.0086  0.0879084 0.0000e+00
       4823     26.056    11.7751    11.6774   3.673487   3.665819     0.8619     0.9205     0.0086  0.0879084 0.0000e+00
       4824     25.990    11.7739    11.6791   3.673386   3.665885     0.8619     0.9205     0.0086  0.0883968 0.0000e+00
       4825     26.056    11.7766    11.6796   3.673420   3.666010     0.8643     0.9205     0.0086  0.0879084 0.0000e+00
       4826     25.990    11.7814    11.6791   3.673527   3.666049     0.8631     0.9205     0.0086  0.0879084 0.0000e+00
       4827     26.056    11.7809    11.6791   3.673477   3.666032     0.8619     0.9205     0.0086  0.0879084 0.0000e+00
       4828     26.056    11.7799    11.6806   3.673394   3.666019     0.8619     0.9205     0.0086  0.0879084 0.0000e+00
       4829     26.056    11.7812    11.6816   3.673506   3.666069     0.8631     0.9205     0.0086  0.0879084 0.0000e+00
       4830     26.056    11.7823    11.6823   3.673426   3.666196     0.8643     0.9205     0.0086  0.0879084 0.0000e+00
       4831     25.932    11.7792    11.6816   3.673275   3.666317     0.8631     0.9205     0.0086  0.0879084 0.0000e+00
       4832     26.113    11.7733    11.6842   3.673084   3.666385     0.8631     0.9205     0.0086  0.0883968 0.0000e+00
       4833     26.056    11.7658    11.6874   3.673025   3.666397     0.8619     0.9205     0.0086  0.0879084 0.0000e+00
       4834     26.056    11.7612    11.6880   3.673063   3.666423     0.8631     0.9205     0.0082  0.0879084 0.0000e+00
       4835     25.990    11.7719    11.6886   3.673090   3.666513     0.8643     0.9217     0.0082  0.0883968 0.0000e+00
       4836     26.113    11.7804    11.6886   3.673068   3.666507     0.8631     0.9205     0.0082  0.0883968 0.0000e+00
       4837     25.990    11.7837    11.6878   3.672966   3.666479     0.8619     0.9205     0.0082  0.0883968 0.0000e+00
       4838     26.056    11.7776    11.6860   3.672739   3.666407     0.8631     0.9205     0.0082  0.0879084 0.0000e+00
       4839     26.056    11.7658    11.6850   3.672291   3.666313     0.8643     0.9205     0.0082  0.0879084 0.0000e+00
       4840     26.056    11.7554    11.6854   3.671946   3.666249     0.8643     0.9205     0.0082  0.0883968 0.0000e+00
       4841     26.056    11.7516    11.6871   3.671649   3.666136     0.8619     0.9205     0.0082  0.0883968 0.0000e+00
       4842     26.056    11.7519    11.6841   3.671357   3.665888     0.8631     0.9205     0.0082  0.0879084 0.0000e+00
       4843     26.056    11.7547    11.6832   3.671170   3.665807     0.8619     0.9205     0.0082  0.0883968 0.0000e+00
       4844     26.056    11.7590    11.6838   3.671138   3.665773     0.8643     0.9205     0.0082  0.0879084 0.0000e+00
       4845     26.056    11.7607    11.6843   3.671252   3.665650     0.8631     0.9205     0.0082  0.0879084 0.0000e+00
       4846     26.056    11.7643    11.6838   3.671200   3.665505     0.8631     0.9205     0.0082  0.0883968 0.0000e+00
       4847     26.056    11.7723    11.6827   3.671248   3.665412     0.8631     0.9205     0.0082  0.0883968 0.0000e+00
       4848     26.056    11.7759    11.6818   3.671296   3.665283     0.8631     0.9205     0.0082  0.0883968 0.0000e+00
       4849     26.056    11.7761    11.6806   3.671332   3.665106     0.8643     0.9205     0.0082  0.0883968 0.0000e+00
       4850     26.056    11.7779    11.6759   3.671392   3.664923     0.8643     0.9205     0.0082  0.0883968 0.0000e+00
       4851     26.056    11.7728    11.6661   3.671366   3.664637     0.8619     0.9205     0.0082  0.0879084 0.0000e+00
       4852     26.056    11.7582    11.6583   3.671354   3.664287     0.8631     0.9205     0.0082  0.0879084 0.0000e+00
