code/data/2021/ctd_data_day1/Station 1 ex 210921.cnv
* Sea-Bird SBE 9 Data File:
* FileName = C:\Users\CTD-User\Desktop\MAR440\Station 1 ex 210921.hex
* Software Version Seasave V 7.26.2.13
* Temperature SN = 6313
* Conductivity SN = 4758
* Number of Bytes Per Scan = 30
* Number of Voltage Words = 4
* Number of Scans Averaged by the Deck Unit = 1
* NMEA baud rate = 4800
** Ship:
** Station:
** Operator:
# nquan = 11
# nvalues = 3592                                  
# units = specified
# name 0 = scan: Scan Count
# name 1 = prDM: Pressure, Digiquartz [db]
# name 2 = t090C: Temperature [ITS-90, deg C]
# name 3 = t190C: Temperature, 2 [ITS-90, deg C]
# name 4 = c0S/m: Conductivity [S/m]
# name 5 = c1S/m: Conductivity, 2 [S/m]
# name 6 = sbeox0V: Oxygen raw, SBE 43 [V]
# name 7 = sbeox1V: Oxygen raw, SBE 43, 2 [V]
# name 8 = flECO-AFL: Fluorescence, WET Labs ECO-AFL/FL [mg/m^3]
# name 9 = upoly0: Upoly 0, Turbidity
# name 10 = flag:  0.000e+00
# span 0 =          1,       3592                 
# span 1 =      0.134,     30.832                 
# span 2 =     7.8918,    16.1993                 
# span 3 =     7.8898,    16.2048                 
# span 4 =   2.884778,   3.776500                 
# span 5 =   2.873868,   3.777576                 
# span 6 =     0.6713,     2.9072                 
# span 7 =     0.7251,     2.8022                 
# span 8 =     0.0035,     0.1207                 
# span 9 =  0.0859548,  0.1714249                 
# span 10 = 0.0000e+00, 0.0000e+00                
# interval = seconds: 0.0416667
# start_time = Sep 21 2021 11:23:14 [System UTC, header]
# bad_flag = -9.990e-29
*END*
[from data line 1705]
       1706      9.187    16.1945    16.2023   3.304232   3.303572     2.7692     2.7265     0.0042  0.1050024  0.000e+00
       1707      9.253    16.1918    16.1991   3.305654   3.305586     2.7668     2.7253     0.0042  0.1054908  0.000e+00
       1708      9.170    16.1906    16.1958   3.306793   3.307264     2.7643     2.7241     0.0042  0.1054908  0.000e+00
       1709      9.253    16.1905    16.1945   3.307674   3.308864     2.7631     2.7216     0.0042  0.1054908  0.000e+00
       1710      9.310    16.1905    16.1941   3.308797   3.310281     2.7619     2.7204     0.0042  0.1054908  0.000e+00
       1711      9.286    16.1891    16.1942   3.309908   3.311214     2.7607     2.7192     0.0042  0.1059792  0.000e+00
       1712      9.310    16.1874    16.1941   3.311440   3.311915     2.7582     2.7180     0.0042  0.1054908  0.000e+00
       1713      9.310    16.1872    16.1921   3.313461   3.312769     2.7570     2.7155     0.0042  0.1054908  0.000e+00
       1714      9.352    16.1888    16.1905   3.316434   3.314113     2.7533     2.7131     0.0042  0.1054908  0.000e+00
       1715      9.376    16.1898    16.1916   3.320446   3.316289     2.7533     2.7106     0.0042  0.1059792  0.000e+00
       1716      9.376    16.1903    16.1931   3.324702   3.319901     2.7521     2.7082     0.0042  0.1054908  0.000e+00
       1717      9.475    16.1905    16.1935   3.329000   3.324438     2.7472     2.7057     0.0042  0.1059792  0.000e+00
       1718      9.434    16.1896    16.1934   3.333063   3.328807     2.7448     2.7033     0.0042  0.1054908  0.000e+00
       1719      9.434    16.1857    16.1933   3.336274   3.332584     2.7424     2.6996     0.0040  0.1054908  0.000e+00
       1720      9.475    16.1774    16.1910   3.339047   3.336198     2.7411     2.6972     0.0042  0.1054908  0.000e+00
       1721      9.500    16.1658    16.1847   3.340989   3.339653     2.7375     2.6923     0.0042  0.1054908  0.000e+00
       1722      9.557    16.1533    16.1744   3.342272   3.342264     2.7326     2.6886     0.0042  0.1054908  0.000e+00
       1723      9.533    16.1398    16.1591   3.343353   3.343927     2.7289     2.6850     0.0042  0.1059792  0.000e+00
       1724      9.557    16.1260    16.1432   3.344434   3.345093     2.7277     2.6801     0.0042  0.1054908  0.000e+00
       1725      9.615    16.1152    16.1285   3.345747   3.346150     2.7240     2.6764     0.0042  0.1059792  0.000e+00
       1726      9.598    16.1072    16.1181   3.346863   3.347277     2.7192     2.6716     0.0042  0.1059792  0.000e+00
       1727      9.615    16.1011    16.1080   3.347985   3.348649     2.7143     2.6654     0.0042  0.1054908  0.000e+00
       1728      9.681    16.0960    16.1008   3.349292   3.349718     2.7094     2.6618     0.0042  0.1054908  0.000e+00
       1729      9.656    16.0877    16.0967   3.350704   3.350668     2.7082     2.6569     0.0040  0.1045140  0.000e+00
       1730      9.681    16.0781    16.0921   3.351965   3.351720     2.7033     2.6508     0.0040  0.1025604  0.000e+00
       1731      9.738    16.0645    16.0841   3.353163   3.353053     2.6972     2.6447     0.0040  0.1020720  0.000e+00
       1732      9.738    16.0481    16.0727   3.354500   3.354381     2.6911     2.6386     0.0040  0.1020720  0.000e+00
       1733      9.780    16.0331    16.0592   3.355646   3.355485     2.6850     2.6337     0.0040  0.1025604  0.000e+00
       1734      9.804    16.0235    16.0406   3.356995   3.356441     2.6813     2.6276     0.0040  0.1025604  0.000e+00
       1735      9.804    16.0206    16.0239   3.358709   3.357603     2.6764     2.6215     0.0040  0.1025604  0.000e+00
       1736      9.779    16.0221    16.0164   3.360782   3.359229     2.6691     2.6142     0.0040  0.1025604  0.000e+00
       1737      9.862    16.0263    16.0167   3.363349   3.361278     2.6642     2.6081     0.0040  0.1020720  0.000e+00
       1738      9.862    16.0314    16.0213   3.366043   3.363770     2.6557     2.6007     0.0040  0.1025604  0.000e+00
       1739      9.903    16.0391    16.0272   3.369063   3.366582     2.6508     2.5946     0.0040  0.1025604  0.000e+00
       1740      9.919    16.0510    16.0353   3.372397   3.369625     2.6447     2.5873     0.0040  0.1025604  0.000e+00
       1741      9.919    16.0618    16.0482   3.375756   3.373128     2.6373     2.5800     0.0040  0.1025604  0.000e+00
       1742      9.961    16.0694    16.0617   3.379081   3.377005     2.6312     2.5739     0.0040  0.1025604  0.000e+00
       1743      9.985    16.0728    16.0723   3.382204   3.380534     2.6239     2.5665     0.0040  0.1025604  0.000e+00
       1744      9.985    16.0655    16.0767   3.384858   3.383800     2.6190     2.5592     0.0040  0.1025604  0.000e+00
       1745     10.084    16.0547    16.0701   3.386816   3.386791     2.6105     2.5531     0.0040  0.1025604  0.000e+00
       1746     10.043    16.0458    16.0587   3.388269   3.389118     2.6056     2.5458     0.0040  0.1025604  0.000e+00
       1747     10.043    16.0345    16.0437   3.389367   3.390560     2.5970     2.5385     0.0040  0.1025604  0.000e+00
       1748     10.109    16.0188    16.0272   3.390024   3.391370     2.5909     2.5311     0.0040  0.1020720  0.000e+00
       1749     10.142    15.9976    16.0087   3.390547   3.391899     2.5848     2.5238     0.0040  0.1025604  0.000e+00
       1750     10.109    15.9729    15.9890   3.390931   3.392313     2.5763     2.5165     0.0040  0.1025604  0.000e+00
       1751     10.166    15.9493    15.9669   3.391547   3.392606     2.5690     2.5091     0.0040  0.1025604  0.000e+00
       1752     10.208    15.9339    15.9469   3.392321   3.392934     2.5616     2.5018     0.0040  0.1020720  0.000e+00
       1753     10.166    15.9240    15.9293   3.392885   3.393411     2.5543     2.4945     0.0040  0.1025604  0.000e+00
       1754     10.224    15.9116    15.9152   3.393832   3.394233     2.5494     2.4872     0.0040  0.1020720  0.000e+00
       1755     10.265    15.8975    15.9032   3.394711   3.395297     2.5421     2.4798     0.0038  0.1001184  0.000e+00
       1756     10.224    15.8836    15.8939   3.395560   3.396251     2.5323     2.4725     0.0038  0.0991416  0.000e+00
       1757     10.348    15.8723    15.8814   3.396275   3.397022     2.5250     2.4652     0.0038  0.0991416  0.000e+00
       1758     10.331    15.8632    15.8703   3.397020   3.397781     2.5189     2.4579     0.0038  0.0991416  0.000e+00
       1759     10.347    15.8540    15.8590   3.397642   3.398448     2.5116     2.4505     0.0040  0.0991416  0.000e+00
       1760     10.347    15.8423    15.8487   3.398276   3.399046     2.5042     2.4432     0.0040  0.0991416  0.000e+00
       1761     10.413    15.8274    15.8364   3.398963   3.399645     2.4957     2.4359     0.0040  0.0996300  0.000e+00
       1762     10.389    15.8140    15.8209   3.399754   3.400375     2.4884     2.4298     0.0040  0.0991416  0.000e+00
       1763     10.413    15.8006    15.8067   3.400214   3.401112     2.4823     2.4224     0.0040  0.0996300  0.000e+00
       1764     10.471    15.7891    15.7984   3.400761   3.401802     2.4749     2.4151     0.0038  0.0991416  0.000e+00
       1765     10.512    15.7778    15.7853   3.401419   3.402291     2.4676     2.4090     0.0040  0.0991416  0.000e+00
       1766     10.537    15.7624    15.7707   3.401972   3.402717     2.4603     2.4017     0.0040  0.0991416  0.000e+00
       1767     10.537    15.7502    15.7591   3.402665   3.403212     2.4530     2.3944     0.0040  0.0991416  0.000e+00
       1768     10.512    15.7361    15.7444   3.403206   3.403644     2.4481     2.3883     0.0040  0.0996300  0.000e+00
       1769     10.594    15.7203    15.7302   3.403788   3.404202     2.4407     2.3809     0.0040  0.0991416  0.000e+00
       1770     10.594    15.7040    15.7144   3.404528   3.405043     2.4322     2.3748     0.0038  0.0996300  0.000e+00
       1771     10.652    15.6894    15.6987   3.405191   3.405803     2.4249     2.3687     0.0038  0.0991416  0.000e+00
       1772     10.636    15.6780    15.6857   3.405692   3.406419     2.4200     2.3614     0.0038  0.0991416  0.000e+00
       1773     10.652    15.6674    15.6746   3.406059   3.406948     2.4127     2.3541     0.0038  0.0991416  0.000e+00
       1774     10.718    15.6573    15.6620   3.406304   3.407288     2.4053     2.3492     0.0040  0.0991416  0.000e+00
       1775     10.693    15.6475    15.6492   3.406607   3.407541     2.3980     2.3431     0.0038  0.0991416  0.000e+00
       1776     10.776    15.6382    15.6374   3.406974   3.407876     2.3907     2.3358     0.0040  0.0991416  0.000e+00
       1777     10.718    15.6267    15.6269   3.407381   3.408371     2.3858     2.3296     0.0038  0.0991416  0.000e+00
       1778     10.841    15.6174    15.6204   3.407842   3.408883     2.3785     2.3223     0.0038  0.0991416  0.000e+00
       1779     10.817    15.6110    15.6117   3.408133   3.409355     2.3711     2.3162     0.0040  0.0991416  0.000e+00
       1780     10.841    15.6020    15.6013   3.408907   3.409834     2.3626     2.3101     0.0038  0.0986532  0.000e+00
       1781     10.841    15.5920    15.5925   3.409513   3.410409     2.3565     2.3028     0.0038  0.0976764  0.000e+00
       1782     10.874    15.5833    15.5842   3.410049   3.410957     2.3516     2.2967     0.0040  0.0971880  0.000e+00
       1783     10.957    15.5759    15.5763   3.410696   3.411487     2.3455     2.2906     0.0040  0.0971880  0.000e+00
       1784     10.899    15.5683    15.5686   3.411302   3.412005     2.3370     2.2845     0.0038  0.0976764  0.000e+00
       1785     10.998    15.5605    15.5618   3.411908   3.412627     2.3296     2.2771     0.0040  0.0976764  0.000e+00
       1786     10.957    15.5547    15.5559   3.412694   3.413313     2.3235     2.2710     0.0038  0.0971880  0.000e+00
       1787     10.957    15.5492    15.5503   3.413376   3.414039     2.3186     2.2649     0.0040  0.0971880  0.000e+00
       1788     11.080    15.5409    15.5430   3.414111   3.414776     2.3125     2.2588     0.0038  0.0971880  0.000e+00
       1789     11.064    15.5298    15.5335   3.414624   3.415329     2.3052     2.2527     0.0038  0.0971880  0.000e+00
       1790     11.022    15.5139    15.5210   3.415049   3.415837     2.2979     2.2466     0.0038  0.0971880  0.000e+00
       1791     11.080    15.4994    15.5068   3.415574   3.416298     2.2906     2.2405     0.0038  0.0971880  0.000e+00
       1792     11.187    15.4830    15.4864   3.415941   3.416626     2.2857     2.2344     0.0040  0.0976764  0.000e+00
       1793     11.146    15.4618    15.4669   3.416134   3.416961     2.2796     2.2283     0.0040  0.0976764  0.000e+00
       1794     11.146    15.4388    15.4463   3.416350   3.417232     2.2722     2.2222     0.0040  0.0971880  0.000e+00
       1795     11.204    15.4181    15.4262   3.416694   3.417515     2.2649     2.2173     0.0038  0.0976764  0.000e+00
       1796     11.245    15.3989    15.4081   3.417178   3.417849     2.2588     2.2112     0.0040  0.0976764  0.000e+00
       1797     11.204    15.3827    15.3937   3.417703   3.418339     2.2539     2.2051     0.0040  0.0976764  0.000e+00
       1798     11.269    15.3668    15.3767   3.418391   3.418950     2.2478     2.1990     0.0040  0.0976764  0.000e+00
       1799     11.302    15.3553    15.3590   3.419289   3.419717     2.2405     2.1941     0.0038  0.0971880  0.000e+00
       1800     11.327    15.3449    15.3433   3.419989   3.420605     2.2344     2.1880     0.0038  0.0976764  0.000e+00
       1801     11.327    15.3331    15.3289   3.420788   3.421430     2.2295     2.1819     0.0038  0.0971880  0.000e+00
       1802     11.385    15.3245    15.3190   3.421418   3.422070     2.2246     2.1758     0.0040  0.0971880  0.000e+00
       1803     11.368    15.3169    15.3105   3.422182   3.423027     2.2161     2.1697     0.0038  0.0976764  0.000e+00
       1804     11.451    15.3113    15.3054   3.423367   3.424117     2.2100     2.1648     0.0040  0.0976764  0.000e+00
       1805     11.385    15.3083    15.3005   3.424586   3.425127     2.2039     2.1587     0.0040  0.0976764  0.000e+00
       1806     11.492    15.3058    15.2966   3.425438   3.426246     2.2002     2.1538     0.0037  0.0986532  0.000e+00
       1807     11.450    15.3021    15.2901   3.425870   3.426956     2.1929     2.1477     0.0037  0.0991416  0.000e+00
       1808     11.508    15.2970    15.2822   3.426074   3.427210     2.1868     2.1428     0.0037  0.0991416  0.000e+00
       1809     11.508    15.2906    15.2737   3.426027   3.427250     2.1807     2.1367     0.0037  0.0986532  0.000e+00
       1810     11.549    15.2822    15.2654   3.425847   3.427198     2.1733     2.1318     0.0037  0.0991416  0.000e+00
       1811     11.632    15.2725    15.2589   3.425829   3.426973     2.1709     2.1269     0.0037  0.0991416  0.000e+00
       1812     11.574    15.2646    15.2529   3.425794   3.426771     2.1636     2.1208     0.0037  0.0991416  0.000e+00
       1813     11.632    15.2580    15.2466   3.425608   3.426743     2.1562     2.1160     0.0037  0.0986532  0.000e+00
       1814     11.673    15.2498    15.2361   3.425584   3.426501     2.1513     2.1111     0.0037  0.0991416  0.000e+00
       1815     11.689    15.2378    15.2184   3.425479   3.425889     2.1440     2.1050     0.0037  0.0991416  0.000e+00
       1816     11.689    15.2217    15.2003   3.424978   3.424972     2.1416     2.1001     0.0037  0.0991416  0.000e+00
       1817     11.673    15.2036    15.1868   3.424027   3.424228     2.1343     2.0952     0.0037  0.0991416  0.000e+00
       1818     11.755    15.1915    15.1780   3.423380   3.423784     2.1281     2.0891     0.0037  0.0991416  0.000e+00
       1819     11.813    15.1876    15.1739   3.423257   3.423813     2.1208     2.0842     0.0037  0.0991416  0.000e+00
       1820     11.755    15.1887    15.1778   3.423899   3.424557     2.1159     2.0793     0.0037  0.0991416  0.000e+00
       1821     11.796    15.1952    15.1877   3.425655   3.426224     2.1123     2.0744     0.0037  0.0991416  0.000e+00
       1822     11.879    15.2054    15.1994   3.429005   3.429305     2.1049     2.0683     0.0037  0.0991416  0.000e+00
       1823     11.879    15.2154    15.2094   3.433571   3.433888     2.0988     2.0634     0.0037  0.0991416  0.000e+00
       1824     11.854    15.2238    15.2170   3.439068   3.438936     2.0927     2.0586     0.0037  0.0991416  0.000e+00
       1825     11.936    15.2281    15.2220   3.443569   3.443473     2.0879     2.0537     0.0037  0.0991416  0.000e+00
       1826     11.936    15.2280    15.2232   3.447119   3.447132     2.0830     2.0488     0.0037  0.0991416  0.000e+00
       1827     11.936    15.2245    15.2197   3.450185   3.450290     2.0769     2.0439     0.0037  0.0991416  0.000e+00
       1828     11.977    15.2168    15.2135   3.452924   3.453235     2.0708     2.0390     0.0037  0.0986532  0.000e+00
       1829     12.002    15.2049    15.2025   3.455195   3.455764     2.0647     2.0341     0.0037  0.0991416  0.000e+00
       1830     12.002    15.1928    15.1917   3.457022   3.457796     2.0610     2.0280     0.0037  0.0986532  0.000e+00
       1831     12.060    15.1804    15.1803   3.458416   3.459273     2.0561     2.0232     0.0037  0.0976764  0.000e+00
       1832     12.101    15.1666    15.1669   3.459412   3.460275     2.0500     2.0183     0.0037  0.0957228  0.000e+00
       1833     12.060    15.1533    15.1509   3.460473   3.461462     2.0439     2.0134     0.0037  0.0952344  0.000e+00
       1834     12.117    15.1386    15.1352   3.461428   3.462702     2.0378     2.0085     0.0037  0.0952344  0.000e+00
       1835     12.183    15.1244    15.1232   3.462541   3.463849     2.0341     2.0036     0.0037  0.0957228  0.000e+00
       1836     12.158    15.1109    15.1110   3.463749   3.464985     2.0292     1.9987     0.0037  0.0952344  0.000e+00
