code/data/2021/ctd_data_day1/Station 6 210921_ctm.cnv
* Sea-Bird SBE 9 Data File:
* FileName = C:\Users\CTD-User\Desktop\MAR440\Station 6 210921.hex
* Software Version Seasave V 7.26.2.13
* Temperature SN = 6313
* Conductivity SN = 4758
* Number of Bytes Per Scan = 30
* Number of Voltage Words = 4
* Number of Scans Averaged by the Deck Unit = 1
* NMEA baud rate = 4800
** Ship:
** Station:
** Operator:
# nquan = 11
# nvalues = 4130                        
# units = specified
# name 0 = scan: Scan Count
# name 1 = prDM: Pressure, Digiquartz [db]
# name 2 = t090C: Temperature [ITS-90, deg C]
# name 3 = t190C: Temperature, 2 [ITS-90, deg C]
# name 4 = c0S/m: Conductivity [S/m]
# name 5 = c1S/m: Conductivity, 2 [S/m]
# name 6 = sbeox0V: Oxygen raw, SBE 43 [V]
# name 7 = sbeox1V: Oxygen raw, SBE 43, 2 [V]
# name 8 = flECO-AFL: Fluorescence, WET Labs ECO-AFL/FL [mg/m^3]
# name 9 = upoly0: Upoly 0, Turbidity
# name 10 = flag:  0.000e+00
# span 0 =          1,       4130       
# span 1 =      0.253,     37.833       
# span 2 =     5.3479,    16.0630       
# span 3 =     5.3023,    16.0241       
# span 4 =   2.889220,   3.754126       
# span 5 =   2.888173,   3.755059       
# span 6 =     0.4808,     2.8071       
# span 7 =     0.5443,     2.7595       
# span 8 =     0.0033,     0.0189       
# span 9 =  0.0854664,  0.1670293       
# span 10 = 0.0000e+00, 0.0000e+00      
# interval = seconds: 0.0416667
# start_time = Sep 21 2021 10:55:39 [System UTC, header]
# bad_flag = -9.990e-29
*END*
[from data line 2623]
       2624     16.784    13.4049    13.4020   3.571315   3.572897     1.2709     1.2966     0.0038  0.0918156 0.0000e+00
       2625     16.800    13.4093    13.4072   3.572258   3.574033     1.2697     1.2954     0.0038  0.0923040 0.0000e+00
       2626     16.800    13.3502    13.3123   3.573486   3.574816     1.2819     1.2942     0.0040  0.0918156 0.0000e+00
       2627     16.800    13.4191    13.4170   3.574577   3.576526     1.2648     1.2917     0.0038  0.0923040 0.0000e+00
       2628     16.866    13.4218    13.4201   3.576190   3.577941     1.2624     1.2905     0.0038  0.0918156 0.0000e+00
       2629     16.866    13.4228    13.4221   3.577244   3.579146     1.2673     1.2893     0.0038  0.0923040 0.0000e+00
       2630     16.907    13.3775    13.3469   3.578134   3.579798     1.2758     1.2868     0.0038  0.0918156 0.0000e+00
       2631     16.924    13.4256    13.4246   3.579588   3.580907     1.2575     1.2856     0.0038  0.0923040 0.0000e+00
       2632     16.990    13.4323    13.4325   3.580148   3.581676     1.2685     1.2929     0.0038  0.0923040 0.0000e+00
       2633     16.924    13.4121    13.3902   3.580825   3.582277     1.2624     1.2844     0.0038  0.0918156 0.0000e+00
       2634     16.990    13.4241    13.4250   3.582064   3.583168     1.2539     1.2820     0.0038  0.0923040 0.0000e+00
       2635     17.048    13.4246    13.4268   3.582458   3.584137     1.2551     1.2807     0.0038  0.0923040 0.0000e+00
       2636     17.031    13.4268    13.4297   3.583095   3.585305     1.2539     1.2795     0.0038  0.0918156 0.0000e+00
       2637     17.048    13.4313    13.4365   3.584572   3.586587     1.2526     1.2783     0.0038  0.0918156 0.0000e+00
       2638     17.114    13.4377    13.4441   3.586331   3.588107     1.2526     1.2758     0.0038  0.0923040 0.0000e+00
       2639     17.114    13.4469    13.4505   3.587785   3.589735     1.2526     1.2746     0.0038  0.0923040 0.0000e+00
       2640     17.114    13.4566    13.4565   3.589170   3.591131     1.2490     1.2734     0.0037  0.0913272 0.0000e+00
       2641     17.171    13.4236    13.3921   3.590475   3.592206     1.2575     1.2746     0.0037  0.0913272 0.0000e+00
       2642     17.155    13.4704    13.4684   3.592014   3.593744     1.2380     1.2710     0.0037  0.0913272 0.0000e+00
       2643     17.229    13.4739    13.4713   3.593280   3.594946     1.2404     1.2697     0.0037  0.0913272 0.0000e+00
       2644     17.229    13.4751    13.4723   3.594323   3.595841     1.2429     1.2697     0.0037  0.0913272 0.0000e+00
       2645     17.229    13.4741    13.4725   3.595220   3.596516     1.2429     1.2673     0.0038  0.0913272 0.0000e+00
       2646     17.295    13.4054    13.3727   3.595883   3.596774     1.2465     1.2661     0.0037  0.0913272 0.0000e+00
       2647     17.295    13.4848    13.4861   3.596965   3.597707     1.2429     1.2649     0.0037  0.0913272 0.0000e+00
       2648     17.278    13.4721    13.4715   3.597306   3.598025     1.2294     1.2636     0.0037  0.0913272 0.0000e+00
       2649     17.353    13.4698    13.4698   3.597175   3.598350     1.2294     1.2624     0.0037  0.0913272 0.0000e+00
       2650     17.353    13.4683    13.4686   3.597125   3.598554     1.2331     1.2624     0.0037  0.0913272 0.0000e+00
       2651     17.353    13.4592    13.4341   3.597123   3.598744     1.2404     1.2612     0.0037  0.0913272 0.0000e+00
       2652     17.419    13.4663    13.4676   3.597344   3.599193     1.2245     1.2600     0.0037  0.0913272 0.0000e+00
       2653     17.419    13.2159    13.1817   3.597039   3.598593     1.2343     1.2588     0.0037  0.0913272 0.0000e+00
       2654     17.460    13.4681    13.4698   3.598886   3.600333     1.2233     1.2575     0.0037  0.0913272 0.0000e+00
       2655     17.476    13.4154    13.3894   3.599621   3.600805     1.2319     1.2575     0.0037  0.0913272 0.0000e+00
       2656     17.476    13.4750    13.4777   3.600549   3.602141     1.2184     1.2551     0.0037  0.0913272 0.0000e+00
       2657     17.534    13.4793    13.4822   3.601115   3.603443     1.2209     1.2551     0.0037  0.0913272 0.0000e+00
       2658     17.534    13.4858    13.4876   3.602416   3.604797     1.2258     1.2539     0.0037  0.0913272 0.0000e+00
       2659     17.534    13.4432    13.4149   3.604030   3.605910     1.2331     1.2539     0.0037  0.0913272 0.0000e+00
       2660     17.641    13.5034    13.5061   3.605441   3.607710     1.2184     1.2526     0.0037  0.0913272 0.0000e+00
       2661     17.600    13.5049    13.4789   3.606956   3.609274     1.2233     1.2514     0.0037  0.0913272 0.0000e+00
       2662     17.600    13.5200    13.5219   3.609034   3.611113     1.2172     1.2502     0.0037  0.0913272 0.0000e+00
       2663     17.658    13.5295    13.5294   3.610358   3.612640     1.2136     1.2490     0.0037  0.0913272 0.0000e+00
       2664     17.658    13.5383    13.5365   3.612425   3.614240     1.2160     1.2490     0.0037  0.0913272 0.0000e+00
       2665     17.724    13.5468    13.5439   3.613918   3.615813     1.2160     1.2478     0.0038  0.0913272 0.0000e+00
       2666     17.707    13.5547    13.5523   3.615671   3.617366     1.2148     1.2478     0.0038  0.0913272 0.0000e+00
       2667     17.781    13.5612    13.5595   3.617413   3.619033     1.2148     1.2465     0.0038  0.0913272 0.0000e+00
       2668     17.724    13.5681    13.5658   3.618613   3.620696     1.2148     1.2453     0.0038  0.0923040 0.0000e+00
       2669     17.847    13.5738    13.5719   3.620096   3.622264     1.2136     1.2453     0.0038  0.0913272 0.0000e+00
       2670     17.781    13.5788    13.5772   3.621952   3.623687     1.2111     1.2453     0.0038  0.0913272 0.0000e+00
       2671     17.847    13.5832    13.5827   3.623633   3.625165     1.2099     1.2441     0.0038  0.0913272 0.0000e+00
       2672     17.847    13.5882    13.5867   3.624946   3.626649     1.2111     1.2441     0.0038  0.0913272 0.0000e+00
       2673     17.888    13.4845    13.4469   3.625777   3.627235     1.2184     1.2429     0.0038  0.0913272 0.0000e+00
       2674     17.847    13.5967    13.5929   3.627324   3.629081     1.2062     1.2429     0.0038  0.0913272 0.0000e+00
       2675     17.963    13.5987    13.5960   3.628399   3.630160     1.2001     1.2417     0.0038  0.0913272 0.0000e+00
       2676     17.905    13.6010    13.5992   3.629535   3.631417     1.2038     1.2417     0.0038  0.0913272 0.0000e+00
       2677     17.963    13.6035    13.6029   3.630755   3.632734     1.2062     1.2417     0.0038  0.0913272 0.0000e+00
       2678     18.029    13.6060    13.6061   3.631826   3.634120     1.2050     1.2404     0.0038  0.0913272 0.0000e+00
       2679     18.012    13.5650    13.5337   3.633071   3.635236     1.2136     1.2404     0.0038  0.0913272 0.0000e+00
       2680     18.029    13.6139    13.6145   3.634755   3.637180     1.1965     1.2404     0.0038  0.0913272 0.0000e+00
       2681     18.029    13.5827    13.5519   3.636373   3.638511     1.2050     1.2404     0.0038  0.0913272 0.0000e+00
       2682     18.086    13.6223    13.6220   3.638058   3.640273     1.2001     1.2392     0.0038  0.0913272 0.0000e+00
       2683     18.086    13.6271    13.6267   3.639383   3.641931     1.1965     1.2392     0.0038  0.0913272 0.0000e+00
       2684     18.086    13.5679    13.5362   3.640966   3.643297     1.2075     1.2392     0.0038  0.0913272 0.0000e+00
       2685     18.210    13.6368    13.6353   3.643302   3.645514     1.1940     1.2380     0.0038  0.0913272 0.0000e+00
       2686     18.136    13.6412    13.6396   3.644656   3.647414     1.1952     1.2392     0.0038  0.0913272 0.0000e+00
       2687     18.210    13.6441    13.6440   3.646607   3.649019     1.1989     1.2392     0.0038  0.0913272 0.0000e+00
       2688     18.210    13.5409    13.5029   3.647640   3.650097     1.2087     1.2392     0.0038  0.0913272 0.0000e+00
       2689     18.210    13.6526    13.6521   3.649801   3.652229     1.1904     1.2380     0.0038  0.0913272 0.0000e+00
       2690     18.268    13.6562    13.6552   3.651134   3.653919     1.1916     1.2380     0.0038  0.0913272 0.0000e+00
       2691     18.268    13.6590    13.6586   3.653074   3.655479     1.1965     1.2380     0.0037  0.0908388 0.0000e+00
       2692     18.268    13.6618    13.6613   3.654435   3.656912     1.1989     1.2380     0.0037  0.0908388 0.0000e+00
       2693     18.317    13.6648    13.6638   3.655742   3.658203     1.1965     1.2380     0.0037  0.0908388 0.0000e+00
       2694     18.391    13.6671    13.6663   3.657483   3.659529     1.1952     1.2380     0.0037  0.0908388 0.0000e+00
       2695     18.334    13.6692    13.6688   3.658762   3.660843     1.1940     1.2380     0.0037  0.0908388 0.0000e+00
       2696     18.391    13.5691    13.5335   3.659388   3.661584     1.2026     1.2392     0.0037  0.0908388 0.0000e+00
       2697     18.391    13.6739    13.6734   3.660896   3.663326     1.1891     1.2380     0.0037  0.0908388 0.0000e+00
       2698     18.457    13.6746    13.6744   3.662134   3.664327     1.1916     1.2392     0.0037  0.0908388 0.0000e+00
       2699     18.457    13.6754    13.6749   3.663067   3.665185     1.1940     1.2392     0.0037  0.0908388 0.0000e+00
       2700     18.498    13.6758    13.6757   3.664006   3.665977     1.1940     1.2392     0.0038  0.0908388 0.0000e+00
       2701     18.457    13.5223    13.4809   3.664523   3.666093     1.2026     1.2404     0.0037  0.0908388 0.0000e+00
       2702     18.515    13.6778    13.6781   3.666053   3.667707     1.1891     1.2392     0.0037  0.0908388 0.0000e+00
       2703     18.581    13.6774    13.6784   3.666874   3.668610     1.1904     1.2404     0.0037  0.0908388 0.0000e+00
       2704     18.515    13.6780    13.6792   3.667723   3.669480     1.1940     1.2404     0.0037  0.0908388 0.0000e+00
       2705     18.638    13.6785    13.6798   3.668553   3.670451     1.1928     1.2417     0.0037  0.0908388 0.0000e+00
       2706     18.581    13.6790    13.6808   3.669372   3.671304     1.1952     1.2417     0.0037  0.0908388 0.0000e+00
       2707     18.622    13.6804    13.6818   3.670243   3.672180     1.1940     1.2417     0.0037  0.0908388 0.0000e+00
       2708     18.638    13.6117    13.5816   3.670820   3.672605     1.2026     1.2429     0.0037  0.0903504 0.0000e+00
       2709     18.696    13.6834    13.6844   3.671871   3.673814     1.1867     1.2429     0.0037  0.0908388 0.0000e+00
       2710     18.696    13.6546    13.6303   3.672512   3.674479     1.1989     1.2453     0.0037  0.0908388 0.0000e+00
       2711     18.696    13.6871    13.6887   3.673466   3.675684     1.1891     1.2441     0.0037  0.0908388 0.0000e+00
       2712     18.762    13.6889    13.6909   3.674422   3.676779     1.1916     1.2453     0.0037  0.0908388 0.0000e+00
       2713     18.762    13.6913    13.6939   3.675566   3.677948     1.1940     1.2453     0.0037  0.0908388 0.0000e+00
       2714     18.803    13.6946    13.6979   3.676612   3.679116     1.1940     1.2465     0.0037  0.0908388 0.0000e+00
       2715     18.762    13.6100    13.5766   3.677369   3.679833     1.2050     1.2465     0.0037  0.0903504 0.0000e+00
       2716     18.820    13.7194    13.7221   3.679087   3.681557     1.2001     1.2478     0.0035  0.0903504 0.0000e+00
       2717     18.886    13.7124    13.7157   3.680368   3.682926     1.1891     1.2490     0.0035  0.0898620 0.0000e+00
       2718     18.820    13.7177    13.7214   3.681824   3.684492     1.1891     1.2490     0.0035  0.0898620 0.0000e+00
       2719     18.886    13.7233    13.7272   3.683345   3.686135     1.1940     1.2502     0.0035  0.0898620 0.0000e+00
       2720     18.943    13.7293    13.7324   3.684877   3.687610     1.1989     1.2514     0.0035  0.0898620 0.0000e+00
       2721     18.943    13.7353    13.7374   3.686395   3.688965     1.1989     1.2514     0.0035  0.0898620 0.0000e+00
       2722     18.927    13.7410    13.7425   3.687683   3.690268     1.1989     1.2526     0.0035  0.0898620 0.0000e+00
       2723     19.001    13.7055    13.6764   3.689013   3.691291     1.2062     1.2539     0.0035  0.0893736 0.0000e+00
       2724     18.943    13.7517    13.7522   3.690434   3.692883     1.1916     1.2551     0.0035  0.0898620 0.0000e+00
       2725     19.067    13.6814    13.6563   3.691312   3.693799     1.2038     1.2563     0.0035  0.0898620 0.0000e+00
       2726     19.001    13.7685    13.7694   3.692992   3.695541     1.2050     1.2575     0.0035  0.0898620 0.0000e+00
       2727     19.067    13.7606    13.7615   3.694097   3.696597     1.1940     1.2575     0.0035  0.0898620 0.0000e+00
       2728     19.067    13.6944    13.6652   3.694877   3.697173     1.2038     1.2600     0.0035  0.0898620 0.0000e+00
       2729     19.108    13.7643    13.7635   3.696306   3.698484     1.1989     1.2600     0.0035  0.0898620 0.0000e+00
       2730     19.125    13.7634    13.7625   3.697142   3.699222     1.1989     1.2612     0.0035  0.0898620 0.0000e+00
       2731     19.191    13.7618    13.7605   3.697983   3.699873     1.2038     1.2624     0.0035  0.0898620 0.0000e+00
       2732     19.125    13.6766    13.6447   3.698324   3.699899     1.2099     1.2636     0.0035  0.0898620 0.0000e+00
       2733     19.191    13.7573    13.7543   3.699079   3.700570     1.2038     1.2649     0.0035  0.0898620 0.0000e+00
       2734     19.248    13.6401    13.6108   3.699056   3.700097     1.2087     1.2661     0.0035  0.0898620 0.0000e+00
       2735     19.191    13.7485    13.7460   3.699635   3.700634     1.2026     1.2673     0.0035  0.0898620 0.0000e+00
       2736     19.248    13.7427    13.7408   3.699636   3.700542     1.2013     1.2685     0.0035  0.0898620 0.0000e+00
       2737     19.298    13.7373    13.7345   3.699470   3.700279     1.2050     1.2697     0.0035  0.0898620 0.0000e+00
       2738     19.314    13.7387    13.7354   3.699307   3.700235     1.2111     1.3393     0.0042  0.0918156 0.0000e+00
       2739     19.314    13.6303    13.5934   3.698711   3.699506     1.2136     1.2722     0.0035  0.0898620 0.0000e+00
       2740     19.314    13.7304    13.7129   3.698831   3.699793     1.2111     1.2734     0.0035  0.0898620 0.0000e+00
       2741     19.372    13.7136    13.7132   3.698574   3.699830     1.2087     1.2746     0.0035  0.0898620 0.0000e+00
       2742     19.372    13.7060    13.7043   3.698514   3.699771     1.2050     1.2771     0.0037  0.0888852 0.0000e+00
       2743     19.430    13.6013    13.5744   3.698143   3.699125     1.2184     1.2783     0.0037  0.0888852 0.0000e+00
       2744     19.430    13.6938    13.6934   3.698487   3.699535     1.2136     1.2783     0.0037  0.0888852 0.0000e+00
       2745     19.413    13.6891    13.6876   3.698439   3.699615     1.2099     1.2807     0.0037  0.0888852 0.0000e+00
       2746     19.430    13.5854    13.5519   3.697994   3.699042     1.2233     1.2820     0.0037  0.0888852 0.0000e+00
       2747     19.496    13.6802    13.6774   3.698299   3.699644     1.2123     1.2820     0.0037  0.0888852 0.0000e+00
       2748     19.553    13.6742    13.6725   3.698366   3.699679     1.2111     1.2832     0.0037  0.0888852 0.0000e+00
       2749     19.496    13.6697    13.6690   3.698583   3.699702     1.2184     1.2856     0.0037  0.0888852 0.0000e+00
       2750     19.553    13.6660    13.6648   3.698515   3.699816     1.2197     1.2868     0.0037  0.0888852 0.0000e+00
       2751     19.619    13.6618    13.6609   3.698584   3.699974     1.2209     1.2868     0.0037  0.0888852 0.0000e+00
       2752     19.553    13.6580    13.6576   3.698546   3.700056     1.2209     1.2893     0.0037  0.0888852 0.0000e+00
       2753     19.603    13.6551    13.6544   3.698715   3.700211     1.2233     1.2905     0.0037  0.0888852 0.0000e+00
       2754     19.677    13.6521    13.6508   3.698872   3.700454     1.2245     1.2917     0.0037  0.0888852 0.0000e+00
