code/data/2021/ctd_data_day1/Station 2 210921.cnv
* Sea-Bird SBE 9 Data File:
* FileName = C:\Users\CTD-User\Desktop\MAR440\Station 2 210921.hex
* Software Version Seasave V 7.26.2.13
* Temperature SN = 6313
* Conductivity SN = 4758
* Number of Bytes Per Scan = 30
* Number of Voltage Words = 4
* Number of Scans Averaged by the Deck Unit = 1
* NMEA baud rate = 4800
** Ship:
** Station:
** Operator:
# nquan = 11
# nvalues = 6110                                  
# units = specified
# name 0 = scan: Scan Count
# name 1 = prDM: Pressure, Digiquartz [db]
# name 2 = t090C: Temperature [ITS-90, deg C]
# name 3 = t190C: Temperature, 2 [ITS-90, deg C]
# name 4 = c0S/m: Conductivity [S/m]
# name 5 = c1S/m: Conductivity, 2 [S/m]
# name 6 = sbeox0V: Oxygen raw, SBE 43 [V]
# name 7 = sbeox1V: Oxygen raw, SBE 43, 2 [V]
# name 8 = flECO-AFL: Fluorescence, WET Labs ECO-AFL/FL [mg/m^3]
# name 9 = upoly0: Upoly 0, Turbidity
# name 10 = flag:  0.000e+00
# span 0 =          1,       6110                 
# span 1 =      0.157,     43.455                 
# span 2 =     7.9730,    16.1801                 
# span 3 =     7.9712,    16.1835                 
# span 4 =  -0.000671,   3.501940                 
# span 5 =   0.104292,   3.503043                 
# span 6 =     0.4711,     3.0415                 
# span 7 =     0.5273,     2.8535                 
# span 8 =     0.0033,     0.0408                 
# span 9 =  0.0805824,  0.2358938                 
# span 10 = 0.0000e+00, 0.0000e+00                
# interval = seconds: 0.0416667
# start_time = Sep 21 2021 09:07:42 [System UTC, header]
# bad_flag = -9.990e-29
*END*
[from data line 3279]
       3280      3.797    16.0255    15.9663   3.116546   3.092128     2.3370     2.3504     0.0042  0.1352833  0.000e+00
       3281      3.764    16.0182    15.9611   3.113502   3.088962     2.3370     2.3529     0.0042  0.1352833  0.000e+00
       3282      3.731    16.0079    15.9638   3.110224   3.088901     2.3370     2.3553     0.0042  0.1352833  0.000e+00
       3283      3.764    15.9965    15.9656   3.107008   3.090753     2.3370     2.3565     0.0042  0.1352833  0.000e+00
       3284      3.673    15.9843    15.9693   3.103991   3.091984     2.3382     2.3578     0.0042  0.1352833  0.000e+00
       3285      3.706    15.9675    15.9746   3.100975   3.092877     2.3419     2.3602     0.0042  0.1352833  0.000e+00
       3286      3.673    15.9514    15.9803   3.097544   3.094252     2.3406     2.3614     0.0042  0.1352833  0.000e+00
       3287      3.582    15.9384    15.9860   3.093599   3.096621     2.3406     2.3639     0.0042  0.1352833  0.000e+00
       3288      3.673    15.9230    15.9927   3.089481   3.099468     2.3419     2.3651     0.0042  0.1352833  0.000e+00
       3289      3.607    15.9028    15.9993   3.085069   3.102011     2.3419     2.3663     0.0042  0.1352833  0.000e+00
       3290      3.524    15.8795    16.0040   3.080340   3.104476     2.3431     2.3675     0.0042  0.1352833  0.000e+00
       3291      3.549    15.8638    16.0039   3.076016   3.106876     2.3431     2.3700     0.0042  0.1352833  0.000e+00
       3292      3.524    15.8538    15.9994   3.072456   3.107937     2.3431     2.3712     0.0040  0.1352833  0.000e+00
       3293      3.549    15.8428    15.9976   3.069726   3.106765     2.3431     2.3736     0.0042  0.1352833  0.000e+00
       3294      3.458    15.8338    15.9997   3.067315   3.105437     2.3455     2.3748     0.0042  0.1352833  0.000e+00
       3295      3.491    15.8245    15.9931   3.065469   3.105287     2.3467     2.3761     0.0042  0.1352833  0.000e+00
       3296      3.425    15.8181    15.9807   3.064245   3.104460     2.3467     2.3773     0.0042  0.1347949  0.000e+00
       3297      3.458    15.8172    15.9700   3.063278   3.101411     2.3467     2.3785     0.0042  0.1352833  0.000e+00
       3298      3.368    15.8184    15.9604   3.063093   3.097864     2.3467     2.3810     0.0042  0.1347949  0.000e+00
       3299      3.401    15.8302    15.9441   3.064127   3.095218     2.3480     2.3822     0.0042  0.1352833  0.000e+00
       3300      3.368    15.8504    15.9142   3.066185   3.092300     2.3492     2.3846     0.0046  0.1426093  0.000e+00
       3301      3.335    15.8477    15.8993   3.068416   3.088120     2.3480     2.3858     0.0048  0.1489585  0.000e+00
       3302      3.301    15.8192    15.8758   3.068366   3.084585     2.3492     2.3871     0.0048  0.1499353  0.000e+00
       3303      3.277    15.7827    15.8669   3.065000   3.081937     2.3492     2.3895     0.0048  0.1499353  0.000e+00
       3304      3.301    15.7506    15.8623   3.060048   3.079749     2.3516     2.3907     0.0048  0.1494469  0.000e+00
       3305      3.244    15.7213    15.8597   3.055026   3.078282     2.3516     2.3919     0.0048  0.1494469  0.000e+00
       3306      3.277    15.7006    15.8563   3.050750   3.077707     2.3516     2.3932     0.0048  0.1494469  0.000e+00
       3307      3.186    15.6933    15.8577   3.047853   3.077048     2.3516     2.3944     0.0048  0.1494469  0.000e+00
       3308      3.153    15.6857    15.8606   3.045784   3.076223     2.3516     2.3956     0.0048  0.1494469  0.000e+00
       3309      3.186    15.6770    15.8611   3.043854   3.076157     2.3553     2.3968     0.0048  0.1494469  0.000e+00
       3310      3.153    15.6716    15.8659   3.041969   3.076871     2.3565     2.3968     0.0048  0.1494469  0.000e+00
       3311      3.120    15.6706    15.8725   3.040403   3.078277     2.3541     2.3980     0.0048  0.1494469  0.000e+00
       3312      3.095    15.6775    15.8823   3.039823   3.080115     2.3553     2.3993     0.0048  0.1494469  0.000e+00
       3313      3.120    15.6770    15.8884   3.040247   3.082546     2.3565     2.4005     0.0048  0.1494469  0.000e+00
       3314      3.095    15.6764    15.8839   3.040787   3.084984     2.3577     2.4017     0.0048  0.1494469  0.000e+00
       3315      2.996    15.6744    15.8686   3.040966   3.086042     2.3577     2.4017     0.0048  0.1494469  0.000e+00
       3316      2.996    15.6770    15.8531   3.041055   3.084773     2.3577     2.4042     0.0048  0.1494469  0.000e+00
       3317      3.029    15.6840    15.8320   3.040787   3.082087     2.3590     2.4042     0.0048  0.1494469  0.000e+00
       3318      2.938    15.6918    15.8224   3.041378   3.078670     2.3614     2.4054     0.0048  0.1494469  0.000e+00
       3319      2.971    15.6997    15.8177   3.043056   3.075875     2.3626     2.4066     0.0048  0.1494469  0.000e+00
       3320      2.938    15.7081    15.8118   3.044422   3.074120     2.3626     2.4078     0.0048  0.1494469  0.000e+00
       3321      2.914    15.7140    15.8088   3.045839   3.073047     2.3626     2.4090     0.0048  0.1494469  0.000e+00
       3322      2.872    15.7147    15.8103   3.046670   3.072151     2.3638     2.4103     0.0048  0.1494469  0.000e+00
       3323      2.848    15.7135    15.8110   3.046849   3.072134     2.3663     2.4115     0.0048  0.1494469  0.000e+00
       3324      2.872    15.7128    15.8084   3.046514   3.072084     2.3675     2.4139     0.0048  0.1494469  0.000e+00
       3325      2.815    15.7072    15.8057   3.046403   3.071946     2.3675     2.4151     0.0048  0.1533541  0.000e+00
       3326      2.790    15.6935    15.8019   3.045426   3.071371     2.3687     2.4164     0.0049  0.1660525  0.000e+00
       3327      2.815    15.6764    15.7952   3.042939   3.070597     2.3712     2.4176     0.0049  0.1709365  0.000e+00
       3328      2.724    15.6655    15.7533   3.040330   3.068258     2.3724     2.4188     0.0049  0.1709365  0.000e+00
       3329      2.757    15.6524    15.7009   3.038580   3.061896     2.3736     2.4188     0.0049  0.1704481  0.000e+00
       3330      2.724    15.6324    15.6436   3.036401   3.053172     2.3736     2.4200     0.0049  0.1699597  0.000e+00
       3331      2.691    15.5777    15.5739   3.031745   3.043658     2.3748     2.4212     0.0049  0.1699597  0.000e+00
       3332      2.666    15.5474    15.5369   3.025456   3.033362     2.3773     2.4225     0.0049  0.1699597  0.000e+00
       3333      2.633    15.5697    15.5148   3.021245   3.025438     2.3809     2.4237     0.0049  0.1699597  0.000e+00
       3334      2.666    15.6096    15.4881   3.021734   3.022260     2.3822     2.4249     0.0049  0.1699597  0.000e+00
       3335      2.567    15.6492    15.4562   3.025627   3.020425     2.3834     2.4261     0.0049  0.1699597  0.000e+00
       3336      2.600    15.6750    15.4269   3.031210   3.016518     2.3858     2.4274     0.0049  0.1699597  0.000e+00
       3337      2.567    15.6807    15.4129   3.035571   3.011152     2.3883     2.4286     0.0049  0.1699597  0.000e+00
       3338      2.567    15.6789    15.4076   3.038234   3.006394     2.3919     2.4298     0.0049  0.1699597  0.000e+00
       3339      2.485    15.6775    15.4035   3.040001   3.003289     2.3919     2.4310     0.0049  0.1699597  0.000e+00
       3340      2.509    15.6750    15.3840   3.040826   3.002603     2.3944     2.4310     0.0049  0.1699597  0.000e+00
       3341      2.485    15.6685    15.3625   3.040927   3.002137     2.3968     2.4322     0.0049  0.1699597  0.000e+00
       3342      2.452    15.6660    15.3454   3.040715   2.999549     2.3992     2.4335     0.0049  0.1699597  0.000e+00
       3343      2.419    15.6626    15.3408   3.040146   2.996003     2.4041     2.4335     0.0049  0.1699597  0.000e+00
       3344      2.452    15.6516    15.3370   3.039115   2.993423     2.4041     2.4347     0.0049  0.1699597  0.000e+00
       3345      2.418    15.6267    15.3326   3.037349   2.992103     2.4066     2.4359     0.0049  0.1699597  0.000e+00
       3346      2.328    15.5998    15.3306   3.032976   2.991615     2.4102     2.4359     0.0049  0.1699597  0.000e+00
       3347      2.361    15.5960    15.3304   3.027564   2.991648     2.4139     2.4371     0.0049  0.1699597  0.000e+00
       3348      2.328    15.5831    15.3280   3.023848   2.991703     2.4163     2.4383     0.0049  0.1699597  0.000e+00
       3349      2.361    15.5585    15.3196   3.021706   2.991391     2.4200     2.4396     0.0049  0.1699597  0.000e+00
       3350      2.262    15.5373    15.3026   3.020461   2.990038     2.4200     2.4408     0.0049  0.1699597  0.000e+00
       3351      2.262    15.5200    15.2810   3.019121   2.987531     2.4237     2.4420     0.0051  0.1767973  0.000e+00
       3352      2.237    15.4964    15.2469   3.017954   2.984445     2.4286     2.4432     0.0053  0.1826581  0.000e+00
       3353      2.262    15.4869    15.2105   3.016503   2.980370     2.4298     2.4444     0.0055  0.1836349  0.000e+00
       3354      2.179    15.4579    15.1858   3.013942   2.974979     2.4322     2.4457     0.0055  0.1831465  0.000e+00
       3355      2.146    15.3893    15.1639   3.009888   2.969669     2.4347     2.4469     0.0053  0.1831465  0.000e+00
       3356      2.179    15.3237    15.1499   3.003948   2.964815     2.4383     2.4481     0.0053  0.1831465  0.000e+00
       3357      2.146    15.2951    15.1502   2.997110   2.962299     2.4432     2.4481     0.0055  0.1826581  0.000e+00
       3358      2.113    15.2952    15.1584   2.991323   2.962807     2.4456     2.4493     0.0055  0.1831465  0.000e+00
       3359      2.080    15.2930    15.1565   2.987285   2.964198     2.4469     2.4493     0.0055  0.1831465  0.000e+00
       3360      2.055    15.2741    15.1544   2.984274   2.964177     2.4505     2.4505     0.0053  0.1826581  0.000e+00
       3361      2.080    15.2410    15.1575   2.980959   2.963642     2.4542     2.4505     0.0053  0.1831465  0.000e+00
       3362      1.989    15.2303    15.1615   2.977623   2.963511     2.4591     2.4518     0.0053  0.1831465  0.000e+00
       3363      2.022    15.2218    15.1747   2.975362   2.963942     2.4591     2.4518     0.0053  0.1831465  0.000e+00
       3364      1.989    15.2168    15.1858   2.973902   2.965765     2.4640     2.4530     0.0053  0.1831465  0.000e+00
       3365      1.956    15.2176    15.1856   2.972857   2.967708     2.4652     2.4530     0.0053  0.1831465  0.000e+00
       3366      1.932    15.2356    15.1837   2.972758   2.968604     2.4688     2.4542     0.0053  0.1831465  0.000e+00
       3367      1.956    15.2454    15.1931   2.974012   2.968516     2.4725     2.4542     0.0055  0.1831465  0.000e+00
       3368      1.833    15.2567    15.1987   2.975820   2.968156     2.4750     2.4554     0.0053  0.1831465  0.000e+00
       3369      1.866    15.2778    15.1952   2.977457   2.967310     2.4762     2.4567     0.0053  0.1831465  0.000e+00
       3370      1.899    15.2952    15.2078   2.979575   2.966862     2.4786     2.4579     0.0053  0.1831465  0.000e+00
       3371      1.808    15.3132    15.2415   2.981954   2.969510     2.4835     2.4579     0.0053  0.1831465  0.000e+00
       3372      1.833    15.3286    15.2644   2.984168   2.974787     2.4872     2.4591     0.0053  0.1831465  0.000e+00
       3373      1.750    15.3448    15.2908   2.986687   2.980112     2.4884     2.4603     0.0053  0.1831465  0.000e+00
       3374      1.775    15.3754    15.3141   2.989633   2.984521     2.4896     2.4615     0.0055  0.1831465  0.000e+00
       3375      1.750    15.4073    15.3308   2.993500   2.988012     2.4920     2.4628     0.0053  0.1831465  0.000e+00
       3376      1.717    15.4335    15.3464   2.998123   2.990580     2.4957     2.4628     0.0053  0.1836349  0.000e+00
       3377      1.684    15.4400    15.3724   3.002299   2.992737     2.4994     2.4640     0.0053  0.1865653  0.000e+00
       3378      1.651    15.4388    15.3910   3.004585   2.995937     2.5006     2.4652     0.0055  0.1875421  0.000e+00
       3379      1.684    15.4270    15.3887   3.004497   2.999324     2.5030     2.4664     0.0055  0.1875421  0.000e+00
       3380      1.651    15.4093    15.3224   3.002938   3.000799     2.5055     2.4676     0.0053  0.1875421  0.000e+00
       3381      1.626    15.4042    15.2507   3.001351   2.997648     2.5104     2.4689     0.0055  0.1875421  0.000e+00
       3382      1.593    15.3917    15.1374   3.000014   2.989930     2.5128     2.4701     0.0053  0.1875421  0.000e+00
       3383      1.503    15.3837    15.0153   2.998672   2.975757     2.5116     2.4713     0.0055  0.1875421  0.000e+00
       3384      1.593    15.3583    14.9379   2.997120   2.957152     2.5128     2.4737     0.0055  0.1875421  0.000e+00
       3385      1.503    15.3054    14.9116   2.994022   2.941921     2.5165     2.4762     0.0053  0.1875421  0.000e+00
       3386      1.527    15.2556    14.8945   2.988382   2.933077     2.5189     2.4786     0.0053  0.1875421  0.000e+00
       3387      1.445    15.2027    14.8789   2.981468   2.928050     2.5201     2.4799     0.0053  0.1875421  0.000e+00
       3388      1.469    15.1620    14.8736   2.974538   2.924747     2.5201     2.4823     0.0053  0.1875421  0.000e+00
       3389      1.469    15.1349    14.8593   2.968161   2.921593     2.5226     2.4847     0.0055  0.1875421  0.000e+00
       3390      1.379    15.1222    14.8546   2.963213   2.917952     2.5250     2.4872     0.0053  0.1875421  0.000e+00
       3391      1.412    15.1114    14.8622   2.959714   2.915548     2.5275     2.4896     0.0055  0.1875421  0.000e+00
       3392      1.379    15.0983    14.8878   2.956878   2.916676     2.5287     2.4933     0.0055  0.1875421  0.000e+00
       3393      1.346    15.0867    14.9152   2.954380   2.920833     2.5299     2.4945     0.0055  0.1875421  0.000e+00
       3394      1.321    15.0693    14.9351   2.952560   2.925572     2.5323     2.4982     0.0053  0.1875421  0.000e+00
       3395      1.288    15.0476    14.9211   2.950989   2.928375     2.5336     2.5006     0.0053  0.1875421  0.000e+00
       3396      1.255    15.0316    14.8902   2.948581   2.926827     2.5360     2.5043     0.0055  0.1875421  0.000e+00
       3397      1.288    15.0214    14.8816   2.945749   2.922489     2.5372     2.5067     0.0053  0.1875421  0.000e+00
       3398      1.255    15.0196    14.8795   2.943684   2.919324     2.5384     2.5092     0.0055  0.1875421  0.000e+00
       3399      1.164    15.0258    14.8755   2.942902   2.918266     2.5421     2.5116     0.0053  0.1875421  0.000e+00
       3400      1.255    15.0348    14.8617   2.943067   2.917946     2.5445     2.5153     0.0053  0.1870537  0.000e+00
       3401      1.164    15.0444    14.8375   2.943810   2.916883     2.5458     2.5177     0.0055  0.1875421  0.000e+00
       3402      1.131    15.0629    14.8154   2.945192   2.913797     2.5470     2.5214     0.0055  0.1914493  0.000e+00
       3403      1.164    15.0829    14.7997   2.947269   2.909601     2.5494     2.5250     0.0055  0.1953565  0.000e+00
       3404      1.073    15.1056    14.7858   2.949776   2.906063     2.5519     2.5275     0.0055  0.1958449  0.000e+00
       3405      1.164    15.0984    14.7909   2.951998   2.903723     2.5555     2.5299     0.0055  0.1958449  0.000e+00
       3406      1.016    15.0717    14.8103   2.952213   2.903446     2.5580     2.5336     0.0055  0.1958449  0.000e+00
       3407      1.040    15.0680    14.8088   2.950791   2.904459     2.5592     2.5360     0.0055  0.1958449  0.000e+00
       3408      1.073    15.0825    14.7841   2.950151   2.904849     2.5616     2.5397     0.0055  0.1953565  0.000e+00
       3409      0.983    15.0906    14.7514   2.950862   2.902624     2.5665     2.5421     0.0055  0.1958449  0.000e+00
