code/data/2021/ctd_data_day1/Station 1 210921_ctm_fil_le_der_avg.cnv
* Sea-Bird SBE 9 Data File:
* FileName = C:\Users\CTD-User\Desktop\MAR440\Station 1 210921.hex
* Software Version Seasave V 7.26.2.13
* Temperature SN = 6313
* Conductivity SN = 4758
* Number of Bytes Per Scan = 30
* Number of Voltage Words = 4
* Number of Scans Averaged by the Deck Unit = 1
* NMEA baud rate = 4800
** Ship:
** Station:
** Operator:
# nquan = 16
# nvalues = 13                          
# units = specified
# name 0 = scan: Scan Count
# name 1 = prDM: Pressure, Digiquartz [db]
# name 2 = t090C: Temperature [ITS-90, deg C]
# name 3 = t190C: Temperature, 2 [ITS-90, deg C]
# name 4 = c0S/m: Conductivity [S/m]
# name 5 = c1S/m: Conductivity, 2 [S/m]
# name 6 = sbeox0V: Oxygen raw, SBE 43 [V]
# name 7 = sbeox1V: Oxygen raw, SBE 43, 2 [V]
# name 8 = flECO-AFL: Fluorescence, WET Labs ECO-AFL/FL [mg/m^3]
# name 9 = upoly0: Upoly 0, Turbidity
# name 10 = depSM: Depth [salt water, m], lat = 59
# name 11 = sal00: Salinity, Practical [PSU]
# name 12 = sal11: Salinity, Practical, 2 [PSU]
# name 13 = sbeox0ML/L: Oxygen, SBE 43 [ml/l], WS = 2
# name 14 = sbeox1ML/L: Oxygen, SBE 43, 2 [ml/l], WS = 2
# name 15 = flag: flag
# span 0 =       3992,       4903       
# span 1 =      2.019,     14.132       
# span 2 =    12.1538,    15.8789       
# span 3 =    12.0656,    15.8952       
# span 4 =   2.869850,   3.375988       
# span 5 =   2.860922,   3.379907       
# span 6 =     1.3415,     2.8297       
# span 7 =     1.3101,     2.7348       
# span 8 =     0.0034,     0.0073       
# span 9 =  0.0924477,  0.2033689       
# span 10 =      2.000,     14.000      
# span 11 =    22.5541,    28.8493      
# span 12 =    22.5114,    28.9532      
# span 13 =     1.9923,     6.9450      
# span 14 =     1.7916,     5.8238      
# span 15 = 0.0000e+00, 0.0000e+00      
# interval = meters: 1                  
# start_time = Sep 21 2021 08:43:04 [System UTC, header]
# bad_flag = -9.990e-29
*END*
       3992      2.019    14.7065    14.6699   2.869850   2.863728     2.8297     2.7348     0.0063  0.1968400      2.000    22.5677    22.5358     6.9450     5.8238 0.0000e+00
       4071      3.028    14.7415    14.6695   2.873256   2.860922     2.8220     2.7260     0.0064  0.2033689      3.000    22.5766    22.5114     6.9082     5.8062 0.0000e+00
       4151      4.038    14.7293    14.6829   2.869902   2.862926     2.8110     2.7229     0.0062  0.1958519      4.000    22.5541    22.5204     6.8964     5.8210 0.0000e+00
       4234      5.047    15.3926    15.3553   2.991061   2.987438     2.8131     2.7238     0.0061  0.1714191      5.000    23.2092    23.2000     6.7221     5.6467 0.0000e+00
       4311      6.057    15.7138    15.7409   3.065022   3.074460     2.7231     2.6267     0.0064  0.1550503      6.000    23.6502    23.7144     6.2575     5.2264 0.0000e+00
       4388      7.066    15.8286    15.8438   3.107775   3.122453     2.6000     2.4930     0.0073  0.1395733      7.000    23.9448    24.0605     5.8737     4.8855 0.0000e+00
       4465      8.076    15.8789    15.8952   3.159530   3.172148     2.4905     2.3824     0.0060  0.1225174      8.000    24.3542    24.4516     5.5671     4.6311 0.0000e+00
       4538      9.085    15.8427    15.8321   3.218752   3.219018     2.3756     2.2771     0.0059  0.1124302      9.000    24.8814    24.8904     5.1323     4.3053 0.0000e+00
       4609     10.095    15.4836    15.4852   3.287662   3.288456     2.2207     2.1457     0.0056  0.1082723     10.000    25.7033    25.7091     4.6598     3.9633 0.0000e+00
       4684     11.104    14.9236    14.9283   3.333196   3.333868     2.0131     1.9496     0.0059  0.0959575     11.000    26.4707    26.4734     3.9383     3.3676 0.0000e+00
       4755     12.114    14.3813    14.3845   3.335230   3.336567     1.7898     1.7428     0.0065  0.0951065     12.000    26.8607    26.8704     3.4083     2.9673 0.0000e+00
       4826     13.123    13.1411    13.1142   3.353705   3.355834     1.6005     1.5658     0.0061  0.0945930     13.000    27.9128    27.9523     2.7996     2.4570 0.0000e+00
       4903     14.132    12.1538    12.0656   3.375988   3.379907     1.3415     1.3101     0.0034  0.0924477     14.000    28.8493    28.9532     1.9923     1.7916 0.0000e+00
