code/data/2021/ctd_data_day1/Station 3ex 210921_ctm_fil.cnv
* Sea-Bird SBE 9 Data File:
* FileName = C:\Users\CTD-User\Desktop\MAR440\Station 3ex 210921.hex
* Software Version Seasave V 7.26.2.13
* Temperature SN = 6313
* Conductivity SN = 4758
* Number of Bytes Per Scan = 30
* Number of Voltage Words = 4
* Number of Scans Averaged by the Deck Unit = 1
* NMEA baud rate = 4800
** Ship:
** Station:
** Operator:
# nquan = 11
# nvalues = 3026                        
# units = specified
# name 0 = scan: Scan Count
# name 1 = prDM: Pressure, Digiquartz [db]
# name 2 = t090C: Temperature [ITS-90, deg C]
# name 3 = t190C: Temperature, 2 [ITS-90, deg C]
# name 4 = c0S/m: Conductivity [S/m]
# name 5 = c1S/m: Conductivity, 2 [S/m]
# name 6 = sbeox0V: Oxygen raw, SBE 43 [V]
# name 7 = sbeox1V: Oxygen raw, SBE 43, 2 [V]
# name 8 = flECO-AFL: Fluorescence, WET Labs ECO-AFL/FL [mg/m^3]
# name 9 = upoly0: Upoly 0, Turbidity
# name 10 = flag:  0.000e+00
# span 0 =          1,       3026       
# span 1 =      0.466,     13.163       
# span 2 =    11.9571,    16.1072       
# span 3 =    11.9277,    16.1128       
# span 4 =  -0.000326,   3.412927       
# span 5 =   0.069778,   3.409325       
# span 6 =     1.3716,     3.2558       
# span 7 =     1.4146,     3.0932       
# span 8 =     0.0035,     0.0441       
# span 9 =  0.0805703,  0.1871152       
# span 10 = 0.0000e+00, 0.0000e+00      
# interval = seconds: 0.0416667
# start_time = Sep 21 2021 12:03:19 [System UTC, header]
# bad_flag = -9.990e-29
*END*
[from data line 1312]
       1313      9.294    16.0004    15.6946   2.869924   2.870212     2.2826     2.4567     0.0040  0.0991896 0.0000e+00
       1314      9.294    16.0054    15.7127   2.869922   2.870264     2.2823     2.4572     0.0040  0.0991495 0.0000e+00
       1315      9.294    16.0101    15.7300   2.869920   2.870313     2.2821     2.4577     0.0040  0.0991162 0.0000e+00
       1316      9.293    16.0146    15.7465   2.869917   2.870359     2.2818     2.4581     0.0040  0.0990895 0.0000e+00
       1317      9.293    16.0188    15.7622   2.869914   2.870403     2.2815     2.4585     0.0040  0.0990693 0.0000e+00
       1318      9.293    16.0229    15.7770   2.869910   2.870443     2.2812     2.4588     0.0040  0.0990553 0.0000e+00
       1319      9.293    16.0267    15.7908   2.869905   2.870480     2.2810     2.4591     0.0040  0.0990476 0.0000e+00
       1320      9.293    16.0302    15.8036   2.869900   2.870513     2.2807     2.4593     0.0040  0.0990459 0.0000e+00
       1321      9.293    16.0335    15.8156   2.869894   2.870544     2.2804     2.4594     0.0040  0.0990505 0.0000e+00
       1322      9.292    16.0366    15.8268   2.869887   2.870573     2.2802     2.4595     0.0040  0.0990611 0.0000e+00
       1323      9.292    16.0393    15.8374   2.869880   2.870599     2.2799     2.4596     0.0040  0.0990780 0.0000e+00
       1324      9.292    16.0418    15.8475   2.869872   2.870624     2.2796     2.4596     0.0040  0.0991013 0.0000e+00
       1325      9.292    16.0439    15.8572   2.869862   2.870647     2.2794     2.4596     0.0040  0.0991311 0.0000e+00
       1326      9.292    16.0456    15.8665   2.869852   2.870670     2.2791     2.4595     0.0040  0.0991667 0.0000e+00
       1327      9.292    16.0469    15.8756   2.869841   2.870692     2.2788     2.4594     0.0040  0.0992068 0.0000e+00
       1328      9.292    16.0479    15.8845   2.869828   2.870714     2.2786     2.4592     0.0040  0.0992516 0.0000e+00
       1329      9.292    16.0485    15.8932   2.869814   2.870737     2.2783     2.4589     0.0040  0.0993031 0.0000e+00
       1330      9.292    16.0487    15.9017   2.869799   2.870759     2.2780     2.4587     0.0040  0.0993625 0.0000e+00
       1331      9.292    16.0486    15.9099   2.869783   2.870781     2.2777     2.4584     0.0040  0.0994302 0.0000e+00
       1332      9.292    16.0482    15.9178   2.869765   2.870803     2.2775     2.4580     0.0040  0.0995067 0.0000e+00
       1333      9.293    16.0475    15.9253   2.869748   2.870825     2.2772     2.4576     0.0040  0.0995909 0.0000e+00
       1334      9.293    16.0466    15.9325   2.869729   2.870846     2.2769     2.4572     0.0042  0.0996774 0.0000e+00
       1335      9.293    16.0456    15.9395   2.869711   2.870868     2.2767     2.4567     0.0042  0.0997599 0.0000e+00
       1336      9.293    16.0444    15.9462   2.869692   2.870890     2.2764     2.4562     0.0042  0.0998365 0.0000e+00
       1337      9.293    16.0430    15.9529   2.869673   2.870912     2.2761     2.4557     0.0042  0.0999070 0.0000e+00
       1338      9.293    16.0415    15.9594   2.869654   2.870935     2.2758     2.4551     0.0042  0.0999708 0.0000e+00
       1339      9.293    16.0399    15.9657   2.869635   2.870959     2.2755     2.4544     0.0042  0.1000286 0.0000e+00
       1340      9.294    16.0381    15.9719   2.869616   2.870983     2.2753     2.4538     0.0042  0.1000806 0.0000e+00
       1341      9.294    16.0362    15.9781   2.869598   2.871009     2.2750     2.4531     0.0042  0.1001281 0.0000e+00
       1342      9.294    16.0343    15.9841   2.869580   2.871036     2.2747     2.4524     0.0042  0.1001714 0.0000e+00
       1343      9.294    16.0323    15.9901   2.869563   2.871064     2.2744     2.4516     0.0042  0.1002100 0.0000e+00
       1344      9.295    16.0304    15.9960   2.869547   2.871093     2.2741     2.4508     0.0042  0.1002442 0.0000e+00
       1345      9.295    16.0287    16.0018   2.869532   2.871123     2.2738     2.4500     0.0042  0.1002741 0.0000e+00
       1346      9.295    16.0271    16.0075   2.869519   2.871155     2.2735     2.4491     0.0042  0.1003000 0.0000e+00
       1347      9.296    16.0258    16.0132   2.869508   2.871188     2.2733     2.4483     0.0042  0.1003212 0.0000e+00
       1348      9.296    16.0246    16.0188   2.869497   2.871223     2.2730     2.4473     0.0042  0.1003371 0.0000e+00
       1349      9.296    16.0236    16.0242   2.869487   2.871258     2.2727     2.4464     0.0042  0.1003477 0.0000e+00
       1350      9.296    16.0229    16.0295   2.869479   2.871295     2.2724     2.4454     0.0042  0.1003530 0.0000e+00
       1351      9.297    16.0223    16.0346   2.869472   2.871332     2.2721     2.4444     0.0042  0.1003541 0.0000e+00
       1352      9.297    16.0219    16.0394   2.869466   2.871369     2.2718     2.4434     0.0042  0.1003525 0.0000e+00
       1353      9.298    16.0216    16.0440   2.869461   2.871406     2.2715     2.4424     0.0042  0.1003492 0.0000e+00
       1354      9.299    16.0213    16.0484   2.869455   2.871444     2.2712     2.4413     0.0042  0.1003433 0.0000e+00
       1355      9.299    16.0211    16.0526   2.869450   2.871483     2.2709     2.4402     0.0042  0.1003338 0.0000e+00
       1356      9.300    16.0210    16.0567   2.869446   2.871522     2.2706     2.4391     0.0040  0.1003207 0.0000e+00
       1357      9.301    16.0209    16.0606   2.869441   2.871562     2.2703     2.4379     0.0042  0.1003030 0.0000e+00
       1358      9.302    16.0210    16.0644   2.869436   2.871603     2.2699     2.4368     0.0042  0.1002808 0.0000e+00
       1359      9.303    16.0211    16.0680   2.869431   2.871644     2.2696     2.4356     0.0038  0.1002562 0.0000e+00
       1360      9.304    16.0213    16.0714   2.869426   2.871686     2.2693     2.4344     0.0038  0.1002326 0.0000e+00
       1361      9.305    16.0216    16.0748   2.869421   2.871730     2.2690     2.4332     0.0038  0.1002115 0.0000e+00
       1362      9.307    16.0221    16.0779   2.869416   2.871774     2.2687     2.4320     0.0038  0.1001919 0.0000e+00
       1363      9.308    16.0229    16.0809   2.869411   2.871819     2.2683     2.4307     0.0038  0.1001736 0.0000e+00
       1364      9.309    16.0239    16.0838   2.869406   2.871865     2.2680     2.4294     0.0038  0.1001575 0.0000e+00
       1365      9.311    16.0251    16.0864   2.869402   2.871911     2.2677     2.4281     0.0038  0.1001433 0.0000e+00
       1366      9.313    16.0265    16.0889   2.869397   2.871959     2.2673     2.4268     0.0038  0.1001309 0.0000e+00
       1367      9.315    16.0279    16.0912   2.869393   2.872007     2.2670     2.4255     0.0038  0.1001204 0.0000e+00
       1368      9.317    16.0294    16.0932   2.869388   2.872055     2.2666     2.4242     0.0038  0.1001116 0.0000e+00
       1369      9.319    16.0309    16.0950   2.869384   2.872102     2.2663     2.4228     0.0038  0.1001036 0.0000e+00
       1370      9.321    16.0324    16.0965   2.869381   2.872148     2.2659     2.4214     0.0038  0.1000954 0.0000e+00
       1371      9.323    16.0339    16.0978   2.869378   2.872192     2.2656     2.4201     0.0038  0.1000872 0.0000e+00
       1372      9.325    16.0356    16.0989   2.869377   2.872233     2.2652     2.4186     0.0038  0.1000795 0.0000e+00
       1373      9.327    16.0376    16.0997   2.869378   2.872272     2.2648     2.4172     0.0038  0.1000733 0.0000e+00
       1374      9.330    16.0402    16.1003   2.869382   2.872306     2.2644     2.4158     0.0038  0.1000676 0.0000e+00
       1375      9.332    16.0431    16.1006   2.869388   2.872335     2.2640     2.4143     0.0038  0.1000615 0.0000e+00
       1376      9.334    16.0463    16.1007   2.869395   2.872360     2.2637     2.4129     0.0038  0.1000551 0.0000e+00
       1377      9.337    16.0495    16.1005   2.869402   2.872379     2.2633     2.4114     0.0038  0.1000482 0.0000e+00
       1378      9.339    16.0529    16.1001   2.869408   2.872393     2.2629     2.4099     0.0038  0.1000408 0.0000e+00
       1379      9.341    16.0561    16.0994   2.869415   2.872400     2.2625     2.4084     0.0038  0.1000338 0.0000e+00
       1380      9.343    16.0594    16.0985   2.869422   2.872399     2.2621     2.4069     0.0038  0.1000278 0.0000e+00
       1381      9.345    16.0625    16.0972   2.869427   2.872391     2.2617     2.4053     0.0038  0.1000221 0.0000e+00
       1382      9.347    16.0655    16.0957   2.869432   2.872374     2.2613     2.4038     0.0038  0.1000157 0.0000e+00
       1383      9.348    16.0684    16.0938   2.869437   2.872350     2.2609     2.4023     0.0038  0.1000086 0.0000e+00
       1384      9.350    16.0711    16.0916   2.869441   2.872318     2.2605     2.4007     0.0038  0.1000016 0.0000e+00
       1385      9.351    16.0735    16.0891   2.869445   2.872280     2.2601     2.3991     0.0040  0.0999963 0.0000e+00
       1386      9.351    16.0757    16.0861   2.869448   2.872237     2.2597     2.3976     0.0040  0.0999927 0.0000e+00
       1387      9.352    16.0776    16.0829   2.869452   2.872190     2.2593     2.3960     0.0040  0.0999899 0.0000e+00
       1388      9.353    16.0792    16.0792   2.869456   2.872140     2.2589     2.3944     0.0040  0.0999880 0.0000e+00
       1389      9.353    16.0805    16.0750   2.869461   2.872090     2.2584     2.3928     0.0040  0.0999859 0.0000e+00
       1390      9.353    16.0815    16.0704   2.869465   2.872039     2.2580     2.3912     0.0040  0.0999830 0.0000e+00
       1391      9.352    16.0821    16.0654   2.869470   2.871988     2.2576     2.3897     0.0040  0.0999791 0.0000e+00
       1392      9.352    16.0825    16.0597   2.869475   2.871937     2.2571     2.3881     0.0040  0.0999743 0.0000e+00
       1393      9.351    16.0826    16.0535   2.869481   2.871886     2.2567     2.3865     0.0040  0.0999684 0.0000e+00
       1394      9.349    16.0823    16.0467   2.869489   2.871834     2.2562     2.3849     0.0040  0.0999615 0.0000e+00
       1395      9.347    16.0817    16.0393   2.869497   2.871781     2.2558     2.3833     0.0040  0.0999544 0.0000e+00
       1396      9.345    16.0808    16.0311   2.869505   2.871726     2.2553     2.3817     0.0040  0.0999478 0.0000e+00
       1397      9.343    16.0796    16.0222   2.869514   2.871669     2.2549     2.3801     0.0040  0.0999417 0.0000e+00
       1398      9.340    16.0780    16.0124   2.869524   2.871610     2.2544     2.3786     0.0040  0.0999369 0.0000e+00
       1399      9.337    16.0760    16.0017   2.869535   2.871549     2.2539     2.3770     0.0040  0.0999343 0.0000e+00
       1400      9.334    16.0736    15.9901   2.869547   2.871487     2.2534     2.3754     0.0040  0.0999330 0.0000e+00
       1401      9.331    16.0708    15.9774   2.869560   2.871423     2.2530     2.3738     0.0040  0.0999312 0.0000e+00
       1402      9.326    16.0676    15.9636   2.869573   2.871356     2.2525     2.3722     0.0040  0.0999290 0.0000e+00
       1403      9.322    16.0640    15.9486   2.869589   2.871286     2.2520     2.3707     0.0040  0.0999271 0.0000e+00
       1404      9.317    16.0600    15.9323   2.869606   2.871212     2.2515     2.3691     0.0040  0.0999256 0.0000e+00
       1405      9.311    16.0555    15.9146   2.869624   2.871135     2.2510     2.3675     0.0040  0.0999245 0.0000e+00
       1406      9.305    16.0506    15.8955   2.869645   2.871054     2.2506     2.3660     0.0040  0.0999237 0.0000e+00
       1407      9.299    16.0452    15.8747   2.869668   2.870968     2.2501     2.3644     0.0040  0.0999241 0.0000e+00
       1408      9.292    16.0393    15.8522   2.869693   2.870878     2.2496     2.3629     0.0040  0.0999257 0.0000e+00
       1409      9.285    16.0329    15.8279   2.869720   2.870782     2.2491     2.3614     0.0040  0.0999276 0.0000e+00
       1410      9.278    16.0260    15.8015   2.869748   2.870679     2.2486     2.3598     0.0040  0.0999308 0.0000e+00
       1411      9.271    16.0187    15.7729   2.869778   2.870568     2.2481     2.3583     0.0040  0.0999352 0.0000e+00
       1412      9.263    16.0110    15.7420   2.869810   2.870449     2.2476     2.3568     0.0040  0.0999392 0.0000e+00
       1413      9.254    16.0030    15.7086   2.869843   2.870321     2.2471     2.3553     0.0040  0.0999420 0.0000e+00
       1414      9.245    15.9947    15.6727   2.869877   2.870184     2.2466     2.3538     0.0040  0.0999444 0.0000e+00
       1415      9.236    15.9860    15.6344   2.869912   2.870039     2.2461     2.3524     0.0040  0.0999472 0.0000e+00
       1416      9.227    15.9769    15.5939   2.869946   2.869886     2.2456     2.3509     0.0040  0.0999498 0.0000e+00
       1417      9.217    15.9671    15.5515   2.869981   2.869726     2.2451     2.3495     0.0040  0.0999520 0.0000e+00
       1418      9.206    15.9567    15.5071   2.870014   2.869560     2.2446     2.3481     0.0040  0.0999547 0.0000e+00
       1419      9.195    15.9454    15.4612   2.870047   2.869387     2.2441     2.3466     0.0040  0.0999580 0.0000e+00
       1420      9.184    15.9335    15.4140   2.870078   2.869209     2.2436     2.3452     0.0040  0.0999627 0.0000e+00
       1421      9.173    15.9208    15.3663   2.870108   2.869027     2.2430     2.3439     0.0040  0.0999689 0.0000e+00
       1422      9.162    15.9075    15.3184   2.870135   2.868843     2.2425     2.3425     0.0040  0.0999749 0.0000e+00
       1423      9.150    15.8936    15.2707   2.870161   2.868656     2.2420     2.3412     0.0040  0.0999799 0.0000e+00
       1424      9.138    15.8791    15.2231   2.870184   2.868469     2.2415     2.3399     0.0040  0.0999848 0.0000e+00
       1425      9.125    15.8642    15.1759   2.870206   2.868280     2.2411     2.3386     0.0040  0.0999913 0.0000e+00
       1426      9.112    15.8487    15.1292   2.870225   2.868092     2.2406     2.3373     0.0040  0.1000004 0.0000e+00
       1427      9.099    15.8326    15.0834   2.870241   2.867905     2.2401     2.3361     0.0040  0.1000120 0.0000e+00
       1428      9.085    15.8156    15.0385   2.870255   2.867720     2.2396     2.3349     0.0040  0.1000254 0.0000e+00
       1429      9.071    15.7977    14.9948   2.870267   2.867538     2.2391     2.3337     0.0040  0.1000390 0.0000e+00
       1430      9.057    15.7787    14.9524   2.870274   2.867358     2.2386     2.3325     0.0040  0.1000520 0.0000e+00
       1431      9.043    15.7587    14.9113   2.870279   2.867183     2.2381     2.3314     0.0040  0.1000646 0.0000e+00
       1432      9.028    15.7378    14.8717   2.870280   2.867011     2.2377     2.3303     0.0040  0.1000769 0.0000e+00
       1433      9.014    15.7164    14.8335   2.870280   2.866845     2.2372     2.3293     0.0040  0.1000896 0.0000e+00
       1434      8.999    15.6947    14.7967   2.870280   2.866683     2.2367     2.3283     0.0040  0.1001039 0.0000e+00
       1435      8.983    15.6726    14.7614   2.870278   2.866526     2.2363     2.3273     0.0040  0.1001189 0.0000e+00
       1436      8.968    15.6499    14.7275   2.870275   2.866373     2.2359     2.3264     0.0040  0.1001340 0.0000e+00
       1437      8.952    15.6264    14.6951   2.870268   2.866224     2.2354     2.3256     0.0040  0.1001483 0.0000e+00
       1438      8.936    15.6021    14.6640   2.870259   2.866075     2.2350     2.3248     0.0040  0.1001611 0.0000e+00
       1439      8.920    15.5774    14.6341   2.870249   2.865927     2.2346     2.3240     0.0040  0.1001733 0.0000e+00
       1440      8.903    15.5528    14.6053   2.870240   2.865777     2.2342     2.3233     0.0040  0.1001860 0.0000e+00
       1441      8.886    15.5287    14.5776   2.870234   2.865627     2.2338     2.3226     0.0040  0.1001991 0.0000e+00
       1442      8.869    15.5056    14.5510   2.870230   2.865475     2.2334     2.3220     0.0040  0.1002127 0.0000e+00
