code/data/2021/ctd_data_day1/Station 6 210921_ctm.cnv
* Sea-Bird SBE 9 Data File:
* FileName = C:\Users\CTD-User\Desktop\MAR440\Station 6 210921.hex
* Software Version Seasave V 7.26.2.13
* Temperature SN = 6313
* Conductivity SN = 4758
* Number of Bytes Per Scan = 30
* Number of Voltage Words = 4
* Number of Scans Averaged by the Deck Unit = 1
* NMEA baud rate = 4800
** Ship:
** Station:
** Operator:
# nquan = 11
# nvalues = 4130                        
# units = specified
# name 0 = scan: Scan Count
# name 1 = prDM: Pressure, Digiquartz [db]
# name 2 = t090C: Temperature [ITS-90, deg C]
# name 3 = t190C: Temperature, 2 [ITS-90, deg C]
# name 4 = c0S/m: Conductivity [S/m]
# name 5 = c1S/m: Conductivity, 2 [S/m]
# name 6 = sbeox0V: Oxygen raw, SBE 43 [V]
# name 7 = sbeox1V: Oxygen raw, SBE 43, 2 [V]
# name 8 = flECO-AFL: Fluorescence, WET Labs ECO-AFL/FL [mg/m^3]
# name 9 = upoly0: Upoly 0, Turbidity
# name 10 = flag:  0.000e+00
# span 0 =          1,       4130       
# span 1 =      0.253,     37.833       
# span 2 =     5.3479,    16.0630       
# span 3 =     5.3023,    16.0241       
# span 4 =   2.889220,   3.754126       
# span 5 =   2.888173,   3.755059       
# span 6 =     0.4808,     2.8071       
# span 7 =     0.5443,     2.7595       
# span 8 =     0.0033,     0.0189       
# span 9 =  0.0854664,  0.1670293       
# span 10 = 0.0000e+00, 0.0000e+00      
# interval = seconds: 0.0416667
# start_time = Sep 21 2021 10:55:39 [System UTC, header]
# bad_flag = -9.990e-29
*END*
[from data line 3804]
       3805     35.512     5.3479     5.3023   3.239594   3.240752     0.5248     0.5700     0.0134  0.0874200 0.0000e+00
       3806     35.569     6.7164     6.7164   3.244766   3.245829     0.5150     0.5700     0.0134  0.0874200 0.0000e+00
       3807     35.569     6.7145     6.7151   3.244700   3.245912     0.5077     0.5700     0.0134  0.0874200 0.0000e+00
       3808     35.512     6.7137     6.7141   3.244645   3.245855     0.5101     0.5700     0.0134  0.0874200 0.0000e+00
       3809     35.569     6.7133     6.7140   3.244585   3.245893     0.5126     0.5700     0.0132  0.0874200 0.0000e+00
       3810     35.569     5.6626     5.5887   3.240752   3.241801     0.5248     0.5712     0.0134  0.0874200 0.0000e+00
       3811     35.569     6.7146     6.7149   3.244714   3.245847     0.5101     0.5688     0.0134  0.0874200 0.0000e+00
       3812     35.627     6.7137     6.7141   3.244800   3.245842     0.5101     0.5688     0.0139  0.0874200 0.0000e+00
       3813     35.569     6.7132     6.7140   3.244733   3.245839     0.5101     0.5688     0.0150  0.0883968 0.0000e+00
       3814     35.569     6.7132     6.7136   3.244589   3.245841     0.5113     0.5688     0.0154  0.0879084 0.0000e+00
       3815     35.627     6.7132     6.7134   3.244484   3.245809     0.5138     0.5688     0.0154  0.0883968 0.0000e+00
       3816     35.627     6.7132     6.7134   3.244552   3.245829     0.5126     0.5688     0.0154  0.0883968 0.0000e+00
       3817     35.569     6.7130     6.7133   3.244647   3.245781     0.5113     0.5688     0.0154  0.0883968 0.0000e+00
       3818     35.627     6.7123     6.7130   3.244637   3.245834     0.5101     0.5688     0.0152  0.0879084 0.0000e+00
       3819     35.635     6.7120     6.7130   3.244714   3.245809     0.5113     0.5675     0.0154  0.0883968 0.0000e+00
       3820     35.627     5.8288     5.7626   3.241356   3.242332     0.5223     0.5675     0.0152  0.0874200 0.0000e+00
       3821     35.627     6.7135     6.7146   3.244592   3.245788     0.5065     0.5675     0.0152  0.0879084 0.0000e+00
       3822     35.693     6.7125     6.7139   3.244582   3.245783     0.5052     0.5675     0.0154  0.0883968 0.0000e+00
       3823     35.627     6.7123     6.7136   3.244682   3.245818     0.5089     0.5675     0.0154  0.0883968 0.0000e+00
       3824     35.693     6.7119     6.7133   3.244719   3.245775     0.5113     0.5675     0.0154  0.0883968 0.0000e+00
       3825     35.627     5.9639     5.8930   3.241833   3.242797     0.5223     0.5675     0.0154  0.0879084 0.0000e+00
       3826     35.693     6.7135     6.7144   3.244590   3.245794     0.5052     0.5663     0.0154  0.0879084 0.0000e+00
       3827     35.693     6.7125     6.7134   3.244658   3.245766     0.5052     0.5663     0.0154  0.0883968 0.0000e+00
       3828     35.693     6.7119     6.7130   3.244654   3.245711     0.5077     0.5663     0.0154  0.0883968 0.0000e+00
       3829     35.693     6.7120     6.7131   3.244647   3.245742     0.5113     0.5663     0.0154  0.0883968 0.0000e+00
       3830     35.693     6.7120     6.7128   3.244645   3.245744     0.5101     0.5663     0.0154  0.0879084 0.0000e+00
       3831     35.750     6.7114     6.7128   3.244602   3.245809     0.5101     0.5663     0.0154  0.0883968 0.0000e+00
       3832     35.693     6.7114     6.7127   3.244515   3.245693     0.5077     0.5663     0.0154  0.0883968 0.0000e+00
       3833     35.750     6.7111     6.7125   3.244643   3.245752     0.5077     0.5663     0.0154  0.0879084 0.0000e+00
       3834     35.693     6.7111     6.7125   3.244738   3.245704     0.5101     0.5663     0.0154  0.0879084 0.0000e+00
       3835     35.750     6.7111     6.7122   3.244640   3.245734     0.5089     0.5663     0.0154  0.0879084 0.0000e+00
       3836     35.750     6.7112     6.7122   3.244468   3.245783     0.5089     0.5651     0.0154  0.0879084 0.0000e+00
       3837     35.750     6.7112     6.7120   3.244517   3.245718     0.5077     0.5651     0.0154  0.0883968 0.0000e+00
       3838     35.816     6.7114     6.7120   3.244585   3.245720     0.5077     0.5663     0.0145  0.0874200 0.0000e+00
       3839     35.759     6.7109     6.7122   3.244730   3.245651     0.5101     0.5651     0.0139  0.0874200 0.0000e+00
       3840     35.750     6.7111     6.7119   3.244638   3.245631     0.5101     0.5651     0.0139  0.0874200 0.0000e+00
       3841     35.750     6.7106     6.7119   3.244634   3.245650     0.5065     0.5651     0.0139  0.0874200 0.0000e+00
       3842     35.816     6.7107     6.7120   3.244496   3.245654     0.5065     0.5651     0.0139  0.0874200 0.0000e+00
       3843     35.816     6.7107     6.7120   3.244535   3.245624     0.5077     0.5651     0.0139  0.0874200 0.0000e+00
       3844     35.816     6.7111     6.7119   3.244563   3.245779     0.5077     0.5651     0.0137  0.0874200 0.0000e+00
       3845     35.816     6.7109     6.7120   3.244600   3.245641     0.5065     0.5639     0.0139  0.0874200 0.0000e+00
       3846     35.816     6.7109     6.7122   3.244502   3.245713     0.5065     0.5639     0.0139  0.0874200 0.0000e+00
       3847     35.816     6.7107     6.7121   3.244465   3.245670     0.5065     0.5639     0.0139  0.0874200 0.0000e+00
       3848     35.816     6.7193     6.7231   3.244564   3.245702     0.5883     0.6616     0.0189  0.0932808 0.0000e+00
       3849     35.882     5.5081     5.4552   3.240226   3.241040     0.5126     0.5639     0.0139  0.0874200 0.0000e+00
       3850     35.816     6.7125     6.7138   3.244605   3.245731     0.4991     0.5639     0.0139  0.0874200 0.0000e+00
       3851     35.874     6.7119     6.7131   3.244561   3.245737     0.5028     0.5639     0.0139  0.0874200 0.0000e+00
       3852     35.874     6.7117     6.7128   3.244439   3.245700     0.5052     0.5639     0.0139  0.0874200 0.0000e+00
       3853     35.874     6.7114     6.7123   3.244447   3.245713     0.5077     0.5639     0.0139  0.0874200 0.0000e+00
       3854     35.882     6.1778     6.1030   3.242579   3.243494     0.5150     0.5639     0.0139  0.0864432 0.0000e+00
       3855     35.874     6.7129     6.7131   3.244632   3.245697     0.5004     0.5626     0.0139  0.0874200 0.0000e+00
       3856     35.940     6.7117     6.7125   3.244625   3.245697     0.5016     0.5639     0.0139  0.0874200 0.0000e+00
       3857     35.874     6.7114     6.7120   3.244570   3.245698     0.5040     0.5626     0.0139  0.0874200 0.0000e+00
       3858     35.940     6.7109     6.7122   3.244465   3.245679     0.5077     0.5626     0.0139  0.0874200 0.0000e+00
       3859     35.882     6.7107     6.7123   3.244479   3.245660     0.5052     0.5626     0.0137  0.0874200 0.0000e+00
       3860     35.940     6.7107     6.7121   3.244511   3.245618     0.5052     0.5626     0.0139  0.0874200 0.0000e+00
       3861     35.940     6.7109     6.7125   3.244493   3.245638     0.5040     0.5626     0.0139  0.0874200 0.0000e+00
       3862     35.940     6.7111     6.7122   3.244503   3.245703     0.5040     0.5626     0.0139  0.0874200 0.0000e+00
       3863     35.940     5.8769     5.7988   3.241367   3.242320     0.5162     0.5626     0.0135  0.0874200 0.0000e+00
       3864     35.940     6.7141     6.7168   3.244549   3.245724     0.5052     0.5639     0.0134  0.0879084 0.0000e+00
       3865     35.997     6.7236     6.7228   3.244508   3.245726     0.5040     0.5626     0.0130  0.0874200 0.0000e+00
       3866     35.940     6.7253     6.7284   3.244609   3.245766     0.5077     0.5626     0.0130  0.0874200 0.0000e+00
       3867     35.997     6.7125     6.7128   3.244623   3.245711     0.4979     0.5626     0.0132  0.0874200 0.0000e+00
       3868     35.940     6.7119     6.7120   3.244539   3.245706     0.5004     0.5614     0.0132  0.0879084 0.0000e+00
       3869     35.997     6.7114     6.7117   3.244438   3.245595     0.5040     0.5626     0.0132  0.0879084 0.0000e+00
       3870     35.997     6.7109     6.7114   3.244463   3.245681     0.5040     0.5614     0.0132  0.0879084 0.0000e+00
       3871     35.997     6.7104     6.7115   3.244539   3.245707     0.5028     0.5614     0.0132  0.0879084 0.0000e+00
       3872     35.997     5.8062     5.7391   3.241287   3.242065     0.5126     0.5614     0.0132  0.0879084 0.0000e+00
       3873     35.997     6.7137     6.7134   3.244521   3.245670     0.5028     0.5614     0.0132  0.0874200 0.0000e+00
       3874     36.063     6.7117     6.7120   3.244518   3.245668     0.4979     0.5614     0.0132  0.0879084 0.0000e+00
       3875     36.055     6.7112     6.7117   3.244491   3.245670     0.5016     0.5614     0.0132  0.0874200 0.0000e+00
       3876     35.997     6.7107     6.7112   3.244533   3.245660     0.5028     0.5614     0.0132  0.0879084 0.0000e+00
       3877     36.055     6.7106     6.7107   3.244599   3.245683     0.5040     0.5602     0.0132  0.0874200 0.0000e+00
       3878     36.063     6.7104     6.7107   3.244499   3.245641     0.5052     0.5614     0.0132  0.0879084 0.0000e+00
       3879     36.055     6.7103     6.7106   3.244503   3.245739     0.5028     0.5614     0.0132  0.0879084 0.0000e+00
       3880     36.055     6.7101     6.7104   3.244517   3.245657     0.5016     0.5614     0.0130  0.0874200 0.0000e+00
       3881     36.055     6.7101     6.7104   3.244584   3.245654     0.5016     0.5614     0.0132  0.0879084 0.0000e+00
       3882     36.121     6.7099     6.7101   3.244581   3.245650     0.5052     0.5614     0.0132  0.0883968 0.0000e+00
       3883     36.063     6.7101     6.7106   3.244637   3.245728     0.5028     0.5602     0.0132  0.0879084 0.0000e+00
       3884     36.055     6.7098     6.7104   3.244565   3.245691     0.5016     0.5602     0.0132  0.0879084 0.0000e+00
       3885     36.121     6.7098     6.7106   3.244512   3.245639     0.5004     0.5602     0.0132  0.0879084 0.0000e+00
       3886     36.121     6.7095     6.7104   3.244372   3.245636     0.5004     0.5602     0.0132  0.0879084 0.0000e+00
       3887     36.121     6.7098     6.7102   3.244458   3.245626     0.5028     0.5602     0.0132  0.0874200 0.0000e+00
       3888     36.121     6.7095     6.7099   3.244517   3.245718     0.5016     0.5602     0.0132  0.0874200 0.0000e+00
       3889     36.121     6.7096     6.7101   3.244504   3.245740     0.5004     0.5602     0.0132  0.0874200 0.0000e+00
       3890     36.121     6.7096     6.7099   3.244428   3.245651     0.5004     0.5602     0.0134  0.0879084 0.0000e+00
       3891     36.121     6.6772     6.6582   3.244308   3.245403     0.5052     0.5602     0.0134  0.0883968 0.0000e+00
       3892     36.179     5.7941     5.7490   3.241149   3.242139     0.5052     0.5602     0.0134  0.0874200 0.0000e+00
       3893     36.121     6.7107     6.7110   3.244601   3.245620     0.4955     0.5590     0.0134  0.0879084 0.0000e+00
       3894     36.179     6.7099     6.7104   3.244596   3.245632     0.4979     0.5602     0.0134  0.0879084 0.0000e+00
       3895     36.178     6.7093     6.7099   3.244558   3.245627     0.5004     0.5602     0.0134  0.0883968 0.0000e+00
       3896     36.178     6.7090     6.7095   3.244572   3.245679     0.5016     0.5590     0.0134  0.0879084 0.0000e+00
       3897     36.178     6.7091     6.7091   3.244558   3.245749     0.5016     0.5590     0.0134  0.0879084 0.0000e+00
       3898     36.187     6.7088     6.7094   3.244590   3.245685     0.5004     0.5590     0.0134  0.0874200 0.0000e+00
       3899     36.178     6.7085     6.7091   3.244644   3.245641     0.5004     0.5590     0.0134  0.0883968 0.0000e+00
       3900     36.178     6.7083     6.7091   3.244745   3.245673     0.5004     0.5590     0.0134  0.0879084 0.0000e+00
       3901     36.244     5.5574     5.4936   3.240412   3.241296     0.5113     0.5590     0.0132  0.0879084 0.0000e+00
       3902     36.244     6.7103     6.7099   3.244642   3.245707     0.4991     0.5590     0.0134  0.0879084 0.0000e+00
       3903     36.187     6.7245     6.7267   3.244640   3.245839     0.5004     0.5590     0.0130  0.0879084 0.0000e+00
       3904     36.244     6.7236     6.7243   3.244680   3.245810     0.5028     0.5590     0.0135  0.0874200 0.0000e+00
       3905     36.244     6.7098     6.7101   3.244667   3.245777     0.4942     0.5578     0.0134  0.0874200 0.0000e+00
       3906     36.244     5.8281     5.7574   3.241507   3.242240     0.5052     0.5590     0.0132  0.0874200 0.0000e+00
       3907     36.244     6.7109     6.7117   3.244656   3.245783     0.4991     0.5590     0.0132  0.0879084 0.0000e+00
       3908     36.244     6.7088     6.7102   3.244595   3.245713     0.4942     0.5578     0.0134  0.0879084 0.0000e+00
       3909     36.244     6.7082     6.7094   3.244671   3.245673     0.4979     0.5590     0.0134  0.0879084 0.0000e+00
       3910     36.302     6.7079     6.7094   3.244758   3.245738     0.5004     0.5578     0.0134  0.0879084 0.0000e+00
       3911     36.244     5.6977     5.6403   3.240997   3.241893     0.5113     0.5590     0.0134  0.0879084 0.0000e+00
       3912     36.302     6.7119     6.7107   3.244692   3.245772     0.4979     0.5590     0.0134  0.0879084 0.0000e+00
       3913     36.302     6.7237     6.7225   3.244773   3.245806     0.5004     0.5590     0.0130  0.0879084 0.0000e+00
       3914     36.302     6.7088     6.7095   3.244664   3.245789     0.4906     0.5578     0.0135  0.0874200 0.0000e+00
       3915     36.244     6.7082     6.7094   3.244660   3.245831     0.4955     0.5578     0.0137  0.0879084 0.0000e+00
       3916     36.302     5.8854     5.8205   3.241776   3.242542     0.5101     0.5578     0.0139  0.0874200 0.0000e+00
       3917     36.368     6.7091     6.7100   3.244867   3.245817     0.4930     0.5578     0.0139  0.0879084 0.0000e+00
       3918     36.302     6.7082     6.7089   3.244821   3.245878     0.4942     0.5578     0.0139  0.0874200 0.0000e+00
       3919     36.302     6.7075     6.7086   3.244650   3.245902     0.4979     0.5578     0.0139  0.0879084 0.0000e+00
       3920     36.360     5.4116     5.3549   3.239915   3.241026     0.5077     0.5578     0.0139  0.0879084 0.0000e+00
       3921     36.302     6.7103     6.7088   3.244806   3.245915     0.4991     0.5565     0.0139  0.0879084 0.0000e+00
       3922     36.368     6.7085     6.7092   3.244837   3.245913     0.4930     0.5578     0.0139  0.0879084 0.0000e+00
       3923     36.302     6.7077     6.7086   3.244785   3.245884     0.4955     0.5578     0.0139  0.0879084 0.0000e+00
       3924     36.360     6.7074     6.7084   3.244747   3.245835     0.4979     0.5565     0.0139  0.0879084 0.0000e+00
       3925     36.360     6.7125     6.7134   3.244757   3.245850     0.5004     0.5578     0.0141  0.0879084 0.0000e+00
       3926     36.368     6.0307     5.9620   3.242446   3.243148     0.5040     0.5578     0.0139  0.0879084 0.0000e+00
       3927     36.360     6.7234     6.7198   3.245005   3.246041     0.5028     0.5565     0.0139  0.0879084 0.0000e+00
       3928     36.426     6.7090     6.7094   3.244909   3.245914     0.4906     0.5565     0.0137  0.0874200 0.0000e+00
       3929     36.360     6.7083     6.7084   3.244760   3.245889     0.4918     0.5565     0.0139  0.0879084 0.0000e+00
       3930     36.426     5.6523     5.5854   3.240838   3.241754     0.5077     0.5578     0.0139  0.0874200 0.0000e+00
       3931     36.368     6.7096     6.7092   3.244800   3.245948     0.4930     0.5565     0.0139  0.0879084 0.0000e+00
       3932     36.426     6.7082     6.7078   3.244861   3.245860     0.4930     0.5565     0.0139  0.0879084 0.0000e+00
       3933     36.426     6.7080     6.7072   3.244874   3.245905     0.4955     0.5565     0.0139  0.0879084 0.0000e+00
       3934     36.360     6.7074     6.7065   3.244823   3.245926     0.4979     0.5565     0.0139  0.0874200 0.0000e+00
