code/data/2021/ctd_data_day1/Station 1 210921_ctm_fil_le_der.cnv
* Sea-Bird SBE 9 Data File:
* FileName = C:\Users\CTD-User\Desktop\MAR440\Station 1 210921.hex
* Software Version Seasave V 7.26.2.13
* Temperature SN = 6313
* Conductivity SN = 4758
* Number of Bytes Per Scan = 30
* Number of Voltage Words = 4
* Number of Scans Averaged by the Deck Unit = 1
* NMEA baud rate = 4800
** Ship:
** Station:
** Operator:
# nquan = 16                                
# nvalues = 5940                        
# units = specified
# name 0 = scan: Scan Count
# name 1 = prDM: Pressure, Digiquartz [db]
# name 2 = t090C: Temperature [ITS-90, deg C]
# name 3 = t190C: Temperature, 2 [ITS-90, deg C]
# name 4 = c0S/m: Conductivity [S/m]
# name 5 = c1S/m: Conductivity, 2 [S/m]
# name 6 = sbeox0V: Oxygen raw, SBE 43 [V]
# name 7 = sbeox1V: Oxygen raw, SBE 43, 2 [V]
# name 8 = flECO-AFL: Fluorescence, WET Labs ECO-AFL/FL [mg/m^3]
# name 9 = upoly0: Upoly 0, Turbidity
# name 10 = depSM: Depth [salt water, m], lat = 59
# name 11 = sal00: Salinity, Practical [PSU]
# name 12 = sal11: Salinity, Practical, 2 [PSU]
# name 13 = sbeox0ML/L: Oxygen, SBE 43 [ml/l], WS = 2
# name 14 = sbeox1ML/L: Oxygen, SBE 43, 2 [ml/l], WS = 2
# name 15 = flag: flag
# span 0 =          1,       5940       
# span 1 =      0.420,     13.919       
# span 2 =    11.9583,    16.0077       
# span 3 =    11.9664,    16.0088       
# span 4 =   2.810210,   3.422799       
# span 5 =   2.813003,   3.416273       
# span 6 =     0.9943,     2.8560       
# span 7 =     1.0244,     2.7645       
# span 8 =     0.0040,     0.0086       
# span 9 =  0.0921354,  0.2082287       
# span 10 =      0.416,     13.788      
# span 11 =    22.2373,    29.4581      
# span 12 =    22.2476,    29.3892      
# span 13 =     1.4575,     7.0885      
# span 14 =     1.4144,     5.9543      
# span 15 = 0.0000e+00, 0.0000e+00      
# interval = seconds: 0.0416667
# start_time = Sep 21 2021 08:43:04 [System UTC, header]
# bad_flag = -9.990e-29
*END*
[from data line 3707]
       3708      1.132    14.5955    14.6082   2.851193   2.855190     2.7962     2.7014     0.0057  0.1862020      1.121    22.4703    22.4977     6.9527     5.8505 -9.990e-29
       3709      1.130    14.5971    14.6102   2.851431   2.855517     2.7968     2.7023     0.0057  0.1860888      1.119    22.4715    22.4993     6.9539     5.8513 -9.990e-29
       3710      1.129    14.5986    14.6124   2.851662   2.855847     2.7974     2.7032     0.0057  0.1859860      1.118    22.4726    22.5009     6.9550     5.8522 -9.990e-29
       3711      1.128    14.5998    14.6145   2.851879   2.856183     2.7981     2.7040     0.0057  0.1858927      1.117    22.4738    22.5026     6.9564     5.8528 -9.990e-29
       3712      1.127    14.6007    14.6167   2.852079   2.856524     2.7987     2.7048     0.0057  0.1858083      1.116    22.4750    22.5043     6.9574     5.8534 -9.990e-29
       3713      1.126    14.6015    14.6189   2.852260   2.856868     2.7993     2.7056     0.0057  0.1857322      1.115    22.4761    22.5060     6.9585     5.8539 -9.990e-29
       3714      1.125    14.6022    14.6210   2.852420   2.857206     2.7998     2.7064     0.0057  0.1856640      1.114    22.4771    22.5078     6.9592     5.8544 -9.990e-29
       3715      1.123    14.6029    14.6230   2.852564   2.857529     2.8004     2.7072     0.0057  0.1856030      1.112    22.4779    22.5094     6.9602     5.8550 -9.990e-29
       3716      1.122    14.6036    14.6249   2.852694   2.857829     2.8010     2.7080     0.0057  0.1855490      1.112    22.4787    22.5109     6.9612     5.8555 -9.990e-29
       3717      1.121    14.6043    14.6265   2.852819   2.858101     2.8015     2.7087     0.0055  0.1855014      1.111    22.4794    22.5124     6.9618     5.8558 -9.990e-29
       3718      1.119    14.6051    14.6280   2.852944   2.858344     2.8021     2.7095     0.0057  0.1854601      1.109    22.4800    22.5136     6.9627     5.8564 -9.990e-29
       3719      1.118    14.6058    14.6292   2.853071   2.858556     2.8026     2.7102     0.0057  0.1854246      1.108    22.4807    22.5147     6.9633     5.8567 -9.990e-29
       3720      1.117    14.6065    14.6303   2.853199   2.858738     2.8032     2.7109     0.0057  0.1853957      1.107    22.4814    22.5157     6.9641     5.8570 -9.990e-29
       3721      1.116    14.6071    14.6311   2.853326   2.858892     2.8037     2.7116     0.0057  0.1853739      1.106    22.4821    22.5166     6.9647     5.8574 -9.990e-29
       3722      1.115    14.6076    14.6318   2.853455   2.859027     2.8042     2.7123     0.0057  0.1853583      1.105    22.4830    22.5173     6.9652     5.8577 -9.990e-29
       3723      1.114    14.6081    14.6325   2.853590   2.859155     2.8047     2.7130     0.0057  0.1853479      1.104    22.4839    22.5180     6.9657     5.8581 -9.990e-29
       3724      1.113    14.6087    14.6331   2.853735   2.859288     2.8052     2.7137     0.0057  0.1853425      1.103    22.4848    22.5188     6.9663     5.8584 -9.990e-29
       3725      1.111    14.6093    14.6337   2.853889   2.859433     2.8057     2.7143     0.0057  0.1853423      1.101    22.4858    22.5197     6.9667     5.8585 -9.990e-29
       3726      1.110    14.6100    14.6344   2.854050   2.859593     2.8062     2.7150     0.0057  0.1853472      1.100    22.4867    22.5207     6.9672     5.8588 -9.990e-29
       3727      1.109    14.6107    14.6353   2.854217   2.859769     2.8067     2.7156     0.0057  0.1853571      1.099    22.4878    22.5217     6.9677     5.8588 -9.990e-29
       3728      1.108    14.6116    14.6362   2.854391   2.859958     2.8072     2.7162     0.0057  0.1853723      1.098    22.4888    22.5229     6.9681     5.8588 -9.990e-29
       3729      1.107    14.6127    14.6372   2.854574   2.860155     2.8077     2.7168     0.0057  0.1853927      1.097    22.4897    22.5240     6.9685     5.8588 -9.990e-29
       3730      1.106    14.6140    14.6382   2.854772   2.860358     2.8082     2.7174     0.0057  0.1854186      1.096    22.4907    22.5252     6.9689     5.8588 -9.990e-29
       3731      1.105    14.6156    14.6392   2.854988   2.860561     2.8086     2.7180     0.0057  0.1854501      1.095    22.4917    22.5264     6.9689     5.8588 -9.990e-29
       3732      1.104    14.6173    14.6403   2.855225   2.860763     2.8091     2.7186     0.0057  0.1854866      1.094    22.4927    22.5275     6.9692     5.8588 -9.990e-29
       3733      1.104    14.6192    14.6415   2.855487   2.860965     2.8095     2.7191     0.0057  0.1855249      1.094    22.4939    22.5285     6.9692     5.8584 -9.990e-29
       3734      1.103    14.6213    14.6427   2.855776   2.861172     2.8100     2.7197     0.0057  0.1855610      1.093    22.4952    22.5296     6.9694     5.8584 -9.990e-29
       3735      1.102    14.6235    14.6440   2.856086   2.861387     2.8104     2.7202     0.0057  0.1855936      1.092    22.4966    22.5307     6.9693     5.8581 -9.990e-29
       3736      1.102    14.6259    14.6451   2.856414   2.861612     2.8108     2.7207     0.0057  0.1856228      1.092    22.4981    22.5321     6.9692     5.8577 -9.990e-29
       3737      1.101    14.6284    14.6462   2.856754   2.861846     2.8113     2.7212     0.0057  0.1856489      1.091    22.4996    22.5335     6.9694     5.8574 -9.990e-29
       3738      1.100    14.6311    14.6473   2.857101   2.862086     2.8117     2.7217     0.0057  0.1856720      1.090    22.5010    22.5349     6.9693     5.8571 -9.990e-29
       3739      1.100    14.6339    14.6484   2.857450   2.862327     2.8121     2.7221     0.0055  0.1856922      1.090    22.5024    22.5363     6.9692     5.8565 -9.990e-29
       3740      1.099    14.6366    14.6496   2.857796   2.862565     2.8125     2.7226     0.0057  0.1857098      1.089    22.5039    22.5377     6.9690     5.8562 -9.990e-29
       3741      1.098    14.6392    14.6509   2.858137   2.862797     2.8129     2.7230     0.0057  0.1857249      1.088    22.5053    22.5390     6.9690     5.8557 -9.990e-29
       3742      1.097    14.6415    14.6523   2.858470   2.863017     2.8133     2.7235     0.0057  0.1857375      1.087    22.5069    22.5401     6.9689     5.8554 -9.990e-29
       3743      1.096    14.6436    14.6537   2.858794   2.863224     2.8137     2.7239     0.0057  0.1857477      1.086    22.5085    22.5411     6.9689     5.8548 -9.990e-29
       3744      1.096    14.6455    14.6550   2.859110   2.863414     2.8141     2.7243     0.0057  0.1857556      1.086    22.5101    22.5420     6.9689     5.8543 -9.990e-29
       3745      1.095    14.6473    14.6562   2.859421   2.863584     2.8145     2.7247     0.0057  0.1857613      1.085    22.5118    22.5427     6.9689     5.8538 -9.990e-29
       3746      1.094    14.6491    14.6573   2.859728   2.863733     2.8148     2.7251     0.0057  0.1857648      1.084    22.5134    22.5434     6.9687     5.8534 -9.990e-29
       3747      1.094    14.6510    14.6582   2.860033   2.863859     2.8152     2.7255     0.0057  0.1857662      1.084    22.5150    22.5440     6.9687     5.8530 -9.990e-29
       3748      1.093    14.6528    14.6590   2.860330   2.863963     2.8156     2.7259     0.0057  0.1857653      1.083    22.5165    22.5444     6.9687     5.8526 -9.990e-29
       3749      1.092    14.6545    14.6597   2.860614   2.864047     2.8159     2.7263     0.0057  0.1857623      1.082    22.5180    22.5447     6.9684     5.8523 -9.990e-29
       3750      1.092    14.6562    14.6603   2.860882   2.864112     2.8163     2.7266     0.0057  0.1857572      1.082    22.5193    22.5449     6.9685     5.8517 -9.990e-29
       3751      1.091    14.6578    14.6608   2.861132   2.864164     2.8166     2.7269     0.0057  0.1857498      1.081    22.5206    22.5451     6.9682     5.8512 -9.990e-29
       3752      1.091    14.6592    14.6612   2.861360   2.864204     2.8170     2.7272     0.0057  0.1857401      1.081    22.5217    22.5452     6.9683     5.8508 -9.990e-29
       3753      1.091    14.6604    14.6617   2.861566   2.864236     2.8173     2.7275     0.0057  0.1857280      1.081    22.5228    22.5452     6.9681     5.8503 -9.990e-29
       3754      1.091    14.6616    14.6622   2.861751   2.864262     2.8176     2.7278     0.0057  0.1857136      1.081    22.5237    22.5451     6.9679     5.8499 -9.990e-29
       3755      1.090    14.6626    14.6626   2.861916   2.864284     2.8179     2.7280     0.0057  0.1856966      1.080    22.5246    22.5451     6.9678     5.8493 -9.990e-29
       3756      1.090    14.6636    14.6630   2.862064   2.864302     2.8182     2.7283     0.0057  0.1856770      1.080    22.5253    22.5450     6.9676     5.8489 -9.990e-29
       3757      1.090    14.6645    14.6633   2.862198   2.864315     2.8185     2.7285     0.0057  0.1856554      1.080    22.5259    22.5450     6.9674     5.8483 -9.990e-29
       3758      1.090    14.6653    14.6635   2.862319   2.864325     2.8188     2.7287     0.0059  0.1856352      1.080    22.5265    22.5449     6.9673     5.8478 -9.990e-29
       3759      1.089    14.6660    14.6636   2.862428   2.864330     2.8191     2.7289     0.0059  0.1856204      1.079    22.5271    22.5449     6.9671     5.8473 -9.990e-29
       3760      1.089    14.6667    14.6634   2.862528   2.864331     2.8194     2.7291     0.0059  0.1856125      1.079    22.5275    22.5451     6.9669     5.8468 -9.990e-29
       3761      1.089    14.6672    14.6632   2.862622   2.864330     2.8197     2.7293     0.0059  0.1856117      1.079    22.5281    22.5452     6.9668     5.8464 -9.990e-29
       3762      1.089    14.6677    14.6629   2.862711   2.864327     2.8200     2.7295     0.0059  0.1856178      1.079    22.5285    22.5453     6.9666     5.8460 -9.990e-29
       3763      1.088    14.6681    14.6624   2.862798   2.864323     2.8202     2.7297     0.0059  0.1856309      1.078    22.5291    22.5456     6.9661     5.8457 -9.990e-29
       3764      1.088    14.6684    14.6620   2.862881   2.864317     2.8205     2.7299     0.0059  0.1856511      1.078    22.5296    22.5457     6.9660     5.8453 -9.990e-29
       3765      1.088    14.6687    14.6616   2.862962   2.864311     2.8208     2.7301     0.0059  0.1856786      1.078    22.5301    22.5459     6.9658     5.8450 -9.990e-29
       3766      1.088    14.6689    14.6612   2.863040   2.864303     2.8210     2.7302     0.0059  0.1857134      1.078    22.5307    22.5461     6.9653     5.8444 -9.990e-29
       3767      1.088    14.6691    14.6609   2.863115   2.864296     2.8213     2.7304     0.0059  0.1857559      1.078    22.5312    22.5462     6.9651     5.8442 -9.990e-29
       3768      1.088    14.6693    14.6607   2.863185   2.864289     2.8215     2.7306     0.0059  0.1858064      1.078    22.5317    22.5463     6.9646     5.8439 -9.990e-29
       3769      1.087    14.6694    14.6605   2.863252   2.864281     2.8217     2.7307     0.0059  0.1858652      1.077    22.5322    22.5463     6.9642     5.8434 -9.990e-29
       3770      1.087    14.6695    14.6604   2.863313   2.864270     2.8220     2.7309     0.0059  0.1859327      1.077    22.5327    22.5463     6.9640     5.8432 -9.990e-29
       3771      1.088    14.6695    14.6604   2.863368   2.864256     2.8222     2.7310     0.0059  0.1860094      1.078    22.5332    22.5461     6.9635     5.8428 -9.990e-29
       3772      1.088    14.6695    14.6604   2.863416   2.864235     2.8224     2.7312     0.0059  0.1860958      1.078    22.5336    22.5460     6.9630     5.8426 -9.990e-29
       3773      1.088    14.6694    14.6603   2.863455   2.864209     2.8226     2.7313     0.0059  0.1861926      1.078    22.5340    22.5458     6.9625     5.8423 -9.990e-29
       3774      1.088    14.6692    14.6600   2.863487   2.864177     2.8228     2.7315     0.0059  0.1863003      1.078    22.5344    22.5457     6.9621     5.8423 -9.990e-29
       3775      1.088    14.6690    14.6597   2.863511   2.864138     2.8230     2.7316     0.0059  0.1864198      1.078    22.5347    22.5455     6.9617     5.8420 -9.990e-29
       3776      1.089    14.6687    14.6593   2.863529   2.864094     2.8231     2.7317     0.0059  0.1865519      1.079    22.5350    22.5454     6.9610     5.8418 -9.990e-29
       3777      1.089    14.6684    14.6588   2.863541   2.864044     2.8233     2.7318     0.0059  0.1866974      1.079    22.5353    22.5452     6.9606     5.8416 -9.990e-29
       3778      1.089    14.6682    14.6583   2.863550   2.863987     2.8234     2.7320     0.0059  0.1868575      1.079    22.5355    22.5450     6.9599     5.8418 -9.990e-29
       3779      1.089    14.6680    14.6580   2.863554   2.863925     2.8236     2.7321     0.0059  0.1870332      1.079    22.5357    22.5447     6.9595     5.8416 -9.990e-29
       3780      1.089    14.6678    14.6577   2.863555   2.863856     2.8237     2.7322     0.0059  0.1872258      1.079    22.5358    22.5442     6.9588     5.8415 -9.990e-29
       3781      1.090    14.6677    14.6576   2.863550   2.863781     2.8238     2.7323     0.0059  0.1874365      1.080    22.5358    22.5436     6.9581     5.8414 -9.990e-29
       3782      1.090    14.6675    14.6575   2.863543   2.863699     2.8239     2.7323     0.0059  0.1876669      1.080    22.5359    22.5430     6.9575     5.8410 -9.990e-29
       3783      1.090    14.6674    14.6573   2.863532   2.863608     2.8240     2.7324     0.0059  0.1879126      1.080    22.5358    22.5423     6.9569     5.8409 -9.990e-29
       3784      1.091    14.6672    14.6571   2.863520   2.863509     2.8241     2.7325     0.0059  0.1881583      1.081    22.5358    22.5416     6.9563     5.8408 -9.990e-29
       3785      1.091    14.6670    14.6567   2.863506   2.863402     2.8242     2.7326     0.0059  0.1883879      1.081    22.5358    22.5409     6.9557     5.8407 -9.990e-29
       3786      1.092    14.6668    14.6562   2.863492   2.863287     2.8242     2.7326     0.0059  0.1885954      1.082    22.5358    22.5402     6.9549     5.8405 -9.990e-29
       3787      1.092    14.6665    14.6555   2.863477   2.863163     2.8243     2.7327     0.0059  0.1887821      1.082    22.5359    22.5395     6.9544     5.8405 -9.990e-29
       3788      1.092    14.6662    14.6546   2.863463   2.863030     2.8244     2.7327     0.0059  0.1889504      1.082    22.5359    22.5389     6.9539     5.8403 -9.990e-29
       3789      1.093    14.6658    14.6536   2.863451   2.862890     2.8244     2.7328     0.0059  0.1891012      1.083    22.5360    22.5382     6.9532     5.8404 -9.990e-29
       3790      1.093    14.6654    14.6524   2.863442   2.862742     2.8245     2.7328     0.0059  0.1892357      1.083    22.5362    22.5376     6.9528     5.8403 -9.990e-29
       3791      1.094    14.6649    14.6511   2.863437   2.862588     2.8245     2.7329     0.0059  0.1893548      1.084    22.5364    22.5371     6.9522     5.8404 -9.990e-29
       3792      1.094    14.6645    14.6497   2.863436   2.862432     2.8245     2.7330     0.0059  0.1894593      1.084    22.5367    22.5365     6.9516     5.8406 -9.990e-29
       3793      1.095    14.6640    14.6484   2.863436   2.862273     2.8246     2.7330     0.0059  0.1895500      1.085    22.5370    22.5359     6.9513     5.8405 -9.990e-29
       3794      1.096    14.6634    14.6471   2.863436   2.862116     2.8246     2.7331     0.0059  0.1896275      1.086    22.5373    22.5353     6.9508     5.8407 -9.990e-29
       3795      1.097    14.6629    14.6461   2.863434   2.861960     2.8246     2.7331     0.0059  0.1896923      1.087    22.5376    22.5345     6.9503     5.8407 -9.990e-29
       3796      1.097    14.6623    14.6453   2.863428   2.861809     2.8246     2.7332     0.0059  0.1897448      1.087    22.5379    22.5337     6.9499     5.8408 -9.990e-29
