code/data/2021/ctd_data_day1/Station 3ex 210921_ctm_fil.cnv
* Sea-Bird SBE 9 Data File:
* FileName = C:\Users\CTD-User\Desktop\MAR440\Station 3ex 210921.hex
* Software Version Seasave V 7.26.2.13
* Temperature SN = 6313
* Conductivity SN = 4758
* Number of Bytes Per Scan = 30
* Number of Voltage Words = 4
* Number of Scans Averaged by the Deck Unit = 1
* NMEA baud rate = 4800
** Ship:
** Station:
** Operator:
# nquan = 11
# nvalues = 3026                        
# units = specified
# name 0 = scan: Scan Count
# name 1 = prDM: Pressure, Digiquartz [db]
# name 2 = t090C: Temperature [ITS-90, deg C]
# name 3 = t190C: Temperature, 2 [ITS-90, deg C]
# name 4 = c0S/m: Conductivity [S/m]
# name 5 = c1S/m: Conductivity, 2 [S/m]
# name 6 = sbeox0V: Oxygen raw, SBE 43 [V]
# name 7 = sbeox1V: Oxygen raw, SBE 43, 2 [V]
# name 8 = flECO-AFL: Fluorescence, WET Labs ECO-AFL/FL [mg/m^3]
# name 9 = upoly0: Upoly 0, Turbidity
# name 10 = flag:  0.000e+00
# span 0 =          1,       3026       
# span 1 =      0.466,     13.163       
# span 2 =    11.9571,    16.1072       
# span 3 =    11.9277,    16.1128       
# span 4 =  -0.000326,   3.412927       
# span 5 =   0.069778,   3.409325       
# span 6 =     1.3716,     3.2558       
# span 7 =     1.4146,     3.0932       
# span 8 =     0.0035,     0.0441       
# span 9 =  0.0805703,  0.1871152       
# span 10 = 0.0000e+00, 0.0000e+00      
# interval = seconds: 0.0416667
# start_time = Sep 21 2021 12:03:19 [System UTC, header]
# bad_flag = -9.990e-29
*END*
[from data line 656]
        657      1.138    14.8661    14.8938   2.744396   2.823091     2.9718     2.8597     0.0075  0.1717587 0.0000e+00
        658      1.155    14.8748    14.9007   2.757381   2.830864     2.9727     2.8607     0.0075  0.1729175 0.0000e+00
        659      1.172    14.8830    14.9071   2.769343   2.837987     2.9737     2.8618     0.0075  0.1739881 0.0000e+00
        660      1.188    14.8905    14.9130   2.780362   2.844511     2.9748     2.8629     0.0075  0.1749780 0.0000e+00
        661      1.205    14.8976    14.9185   2.790511   2.850482     2.9759     2.8641     0.0075  0.1758941 0.0000e+00
        662      1.222    14.9042    14.9236   2.799855   2.855942     2.9771     2.8653     0.0075  0.1767428 0.0000e+00
        663      1.238    14.9105    14.9284   2.808455   2.860933     2.9783     2.8666     0.0077  0.1775291 0.0000e+00
        664      1.254    14.9163    14.9327   2.816371   2.865490     2.9795     2.8680     0.0075  0.1782567 0.0000e+00
        665      1.271    14.9219    14.9368   2.823654   2.869651     2.9809     2.8693     0.0075  0.1789308 0.0000e+00
        666      1.287    14.9271    14.9405   2.830350   2.873446     2.9822     2.8708     0.0077  0.1795569 0.0000e+00
        667      1.303    14.9321    14.9439   2.836502   2.876906     2.9837     2.8723     0.0075  0.1801385 0.0000e+00
        668      1.319    14.9368    14.9470   2.842149   2.880060     2.9851     2.8739     0.0075  0.1806796 0.0000e+00
        669      1.335    14.9413    14.9499   2.847330   2.882932     2.9867     2.8755     0.0075  0.1811858 0.0000e+00
        670      1.351    14.9455    14.9525   2.852078   2.885544     2.9883     2.8771     0.0062  0.1816596 0.0000e+00
        671      1.367    14.9494    14.9549   2.856428   2.887917     2.9899     2.8789     0.0053  0.1820993 0.0000e+00
        672      1.382    14.9530    14.9572   2.860411   2.890067     2.9916     2.8806     0.0053  0.1825028 0.0000e+00
        673      1.397    14.9563    14.9592   2.864058   2.892012     2.9934     2.8824     0.0053  0.1828712 0.0000e+00
        674      1.412    14.9593    14.9611   2.867398   2.893765     2.9952     2.8843     0.0053  0.1832072 0.0000e+00
        675      1.427    14.9621    14.9628   2.870457   2.895340     2.9970     2.8862     0.0053  0.1835130 0.0000e+00
        676      1.442    14.9646    14.9644   2.873260   2.896749     2.9989     2.8882     0.0053  0.1837908 0.0000e+00
        677      1.456    14.9669    14.9658   2.875828   2.898000     3.0009     2.8902     0.0053  0.1840433 0.0000e+00
        678      1.470    14.9689    14.9670   2.878183   2.899105     3.0029     2.8923     0.0053  0.1842732 0.0000e+00
        679      1.484    14.9707    14.9682   2.880343   2.900070     3.0049     2.8944     0.0053  0.1844812 0.0000e+00
        680      1.498    14.9723    14.9692   2.882326   2.900903     3.0070     2.8966     0.0053  0.1846679 0.0000e+00
        681      1.510    14.9737    14.9701   2.884145   2.901611     3.0092     2.8988     0.0053  0.1848347 0.0000e+00
        682      1.523    14.9749    14.9708   2.885814   2.902197     3.0114     2.9010     0.0053  0.1849834 0.0000e+00
        683      1.535    14.9759    14.9714   2.887343   2.902669     3.0136     2.9033     0.0053  0.1851160 0.0000e+00
        684      1.546    14.9768    14.9719   2.888740   2.903031     3.0159     2.9057     0.0053  0.1852326 0.0000e+00
        685      1.556    14.9776    14.9722   2.890014   2.903284     3.0182     2.9081     0.0053  0.1853332 0.0000e+00
        686      1.566    14.9782    14.9724   2.891172   2.903432     3.0206     2.9105     0.0053  0.1854192 0.0000e+00
        687      1.576    14.9787    14.9725   2.892222   2.903479     3.0230     2.9129     0.0053  0.1854921 0.0000e+00
        688      1.585    14.9790    14.9724   2.893172   2.903426     3.0255     2.9154     0.0053  0.1855517 0.0000e+00
        689      1.594    14.9793    14.9723   2.894029   2.903281     3.0280     2.9180     0.0053  0.1855974 0.0000e+00
        690      1.602    14.9794    14.9719   2.894802   2.903051     3.0305     2.9205     0.0053  0.1856295 0.0000e+00
        691      1.610    14.9795    14.9715   2.895497   2.902747     3.0331     2.9231     0.0053  0.1856492 0.0000e+00
        692      1.617    14.9795    14.9709   2.896123   2.902381     3.0357     2.9258     0.0053  0.1856575 0.0000e+00
        693      1.624    14.9793    14.9702   2.896686   2.901968     3.0383     2.9284     0.0053  0.1856535 0.0000e+00
        694      1.630    14.9791    14.9693   2.897192   2.901520     3.0410     2.9311     0.0053  0.1856363 0.0000e+00
        695      1.636    14.9788    14.9684   2.897648   2.901052     3.0436     2.9339     0.0053  0.1856076 0.0000e+00
        696      1.642    14.9784    14.9673   2.898060   2.900575     3.0464     2.9366     0.0055  0.1855731 0.0000e+00
        697      1.647    14.9779    14.9661   2.898433   2.900101     3.0491     2.9394     0.0055  0.1855401 0.0000e+00
        698      1.651    14.9773    14.9648   2.898775   2.899635     3.0519     2.9422     0.0055  0.1855119 0.0000e+00
        699      1.656    14.9767    14.9634   2.899091   2.899183     3.0547     2.9450     0.0055  0.1854875 0.0000e+00
        700      1.660    14.9759    14.9619   2.899387   2.898750     3.0576     2.9478     0.0055  0.1854657 0.0000e+00
        701      1.663    14.9751    14.9603   2.899667   2.898337     3.0604     2.9507     0.0055  0.1854465 0.0000e+00
        702      1.666    14.9742    14.9586   2.899932   2.897946     3.0633     2.9535     0.0055  0.1854297 0.0000e+00
        703      1.669    14.9733    14.9568   2.900186   2.897578     3.0661     2.9564     0.0055  0.1854151 0.0000e+00
        704      1.672    14.9723    14.9551   2.900428   2.897234     3.0690     2.9593     0.0055  0.1854028 0.0000e+00
        705      1.675    14.9713    14.9534   2.900659   2.896913     3.0719     2.9622     0.0053  0.1853926 0.0000e+00
        706      1.677    14.9702    14.9517   2.900879   2.896617     3.0748     2.9651     0.0055  0.1853844 0.0000e+00
        707      1.679    14.9691    14.9501   2.901088   2.896344     3.0777     2.9680     0.0055  0.1853782 0.0000e+00
        708      1.681    14.9680    14.9486   2.901285   2.896095     3.0807     2.9709     0.0053  0.1853739 0.0000e+00
        709      1.683    14.9668    14.9472   2.901471   2.895872     3.0836     2.9738     0.0053  0.1853715 0.0000e+00
        710      1.684    14.9657    14.9458   2.901648   2.895676     3.0865     2.9767     0.0055  0.1853710 0.0000e+00
        711      1.686    14.9645    14.9446   2.901815   2.895506     3.0894     2.9796     0.0055  0.1853724 0.0000e+00
        712      1.687    14.9634    14.9434   2.901973   2.895365     3.0924     2.9825     0.0055  0.1853757 0.0000e+00
        713      1.688    14.9622    14.9423   2.902121   2.895253     3.0953     2.9854     0.0055  0.1853809 0.0000e+00
        714      1.689    14.9612    14.9413   2.902258   2.895170     3.0982     2.9882     0.0055  0.1853881 0.0000e+00
        715      1.690    14.9601    14.9403   2.902386   2.895117     3.1011     2.9911     0.0055  0.1853972 0.0000e+00
        716      1.690    14.9591    14.9395   2.902504   2.895092     3.1039     2.9939     0.0055  0.1854085 0.0000e+00
        717      1.691    14.9581    14.9387   2.902613   2.895096     3.1068     2.9967     0.0055  0.1854218 0.0000e+00
        718      1.691    14.9572    14.9380   2.902714   2.895126     3.1096     2.9995     0.0055  0.1854375 0.0000e+00
        719      1.692    14.9564    14.9373   2.902808   2.895179     3.1124     3.0022     0.0055  0.1854554 0.0000e+00
        720      1.692    14.9556    14.9368   2.902893   2.895248     3.1152     3.0049     0.0055  0.1854759 0.0000e+00
        721      1.693    14.9549    14.9363   2.902972   2.895328     3.1180     3.0076     0.0051  0.1854972 0.0000e+00
        722      1.693    14.9542    14.9359   2.903044   2.895414     3.1208     3.0103     0.0048  0.1855162 0.0000e+00
        723      1.693    14.9536    14.9356   2.903109   2.895499     3.1235     3.0129     0.0048  0.1855305 0.0000e+00
        724      1.692    14.9531    14.9353   2.903167   2.895579     3.1262     3.0155     0.0048  0.1855384 0.0000e+00
        725      1.692    14.9527    14.9351   2.903218   2.895653     3.1288     3.0180     0.0048  0.1855392 0.0000e+00
        726      1.692    14.9524    14.9349   2.903261   2.895720     3.1315     3.0205     0.0048  0.1855328 0.0000e+00
        727      1.692    14.9521    14.9348   2.903297   2.895780     3.1341     3.0230     0.0048  0.1855192 0.0000e+00
        728      1.692    14.9520    14.9347   2.903325   2.895833     3.1366     3.0254     0.0048  0.1854984 0.0000e+00
        729      1.691    14.9519    14.9347   2.903348   2.895878     3.1391     3.0278     0.0048  0.1854702 0.0000e+00
        730      1.691    14.9520    14.9348   2.903363   2.895917     3.1416     3.0302     0.0048  0.1854343 0.0000e+00
        731      1.691    14.9522    14.9348   2.903372   2.895949     3.1440     3.0325     0.0048  0.1853906 0.0000e+00
        732      1.690    14.9524    14.9349   2.903375   2.895974     3.1464     3.0348     0.0048  0.1853395 0.0000e+00
        733      1.690    14.9527    14.9351   2.903373   2.895995     3.1488     3.0371     0.0048  0.1852816 0.0000e+00
        734      1.689    14.9531    14.9352   2.903366   2.896012     3.1511     3.0393     0.0048  0.1852157 0.0000e+00
        735      1.689    14.9535    14.9353   2.903356   2.896026     3.1534     3.0414     0.0048  0.1851403 0.0000e+00
        736      1.688    14.9540    14.9355   2.903341   2.896038     3.1557     3.0436     0.0048  0.1850550 0.0000e+00
        737      1.688    14.9545    14.9357   2.903324   2.896048     3.1579     3.0456     0.0048  0.1849593 0.0000e+00
        738      1.688    14.9550    14.9359   2.903303   2.896056     3.1601     3.0477     0.0048  0.1848523 0.0000e+00
        739      1.687    14.9555    14.9361   2.903279   2.896064     3.1622     3.0497     0.0048  0.1847334 0.0000e+00
        740      1.687    14.9560    14.9363   2.903252   2.896071     3.1643     3.0516     0.0048  0.1846018 0.0000e+00
        741      1.687    14.9565    14.9366   2.903222   2.896079     3.1664     3.0535     0.0048  0.1844566 0.0000e+00
        742      1.687    14.9570    14.9368   2.903191   2.896087     3.1684     3.0554     0.0048  0.1842966 0.0000e+00
        743      1.687    14.9575    14.9370   2.903159   2.896099     3.1704     3.0572     0.0048  0.1841209 0.0000e+00
        744      1.686    14.9579    14.9373   2.903125   2.896114     3.1723     3.0590     0.0048  0.1839282 0.0000e+00
        745      1.686    14.9583    14.9376   2.903090   2.896134     3.1742     3.0608     0.0048  0.1837171 0.0000e+00
        746      1.686    14.9587    14.9378   2.903054   2.896161     3.1761     3.0625     0.0048  0.1834888 0.0000e+00
        747      1.686    14.9590    14.9381   2.903019   2.896195     3.1779     3.0642     0.0049  0.1832527 0.0000e+00
        748      1.686    14.9593    14.9384   2.902984   2.896236     3.1797     3.0658     0.0049  0.1830240 0.0000e+00
        749      1.686    14.9596    14.9386   2.902951   2.896285     3.1815     3.0674     0.0049  0.1828133 0.0000e+00
        750      1.686    14.9599    14.9389   2.902917   2.896343     3.1832     3.0689     0.0049  0.1826223 0.0000e+00
        751      1.686    14.9601    14.9392   2.902882   2.896409     3.1849     3.0704     0.0049  0.1824488 0.0000e+00
        752      1.686    14.9602    14.9395   2.902846   2.896484     3.1865     3.0719     0.0049  0.1822910 0.0000e+00
        753      1.686    14.9604    14.9397   2.902810   2.896569     3.1881     3.0733     0.0049  0.1821475 0.0000e+00
        754      1.686    14.9604    14.9400   2.902773   2.896664     3.1897     3.0747     0.0049  0.1820175 0.0000e+00
        755      1.687    14.9604    14.9403   2.902736   2.896768     3.1912     3.0761     0.0049  0.1819000 0.0000e+00
        756      1.687    14.9603    14.9405   2.902698   2.896880     3.1928     3.0774     0.0049  0.1817942 0.0000e+00
        757      1.687    14.9602    14.9408   2.902661   2.897001     3.1943     3.0787     0.0049  0.1816994 0.0000e+00
        758      1.687    14.9600    14.9410   2.902622   2.897128     3.1957     3.0799     0.0049  0.1816150 0.0000e+00
        759      1.687    14.9598    14.9412   2.902581   2.897262     3.1971     3.0811     0.0049  0.1815402 0.0000e+00
        760      1.687    14.9594    14.9414   2.902540   2.897402     3.1985     3.0823     0.0049  0.1814747 0.0000e+00
        761      1.688    14.9590    14.9416   2.902496   2.897546     3.1999     3.0834     0.0049  0.1814179 0.0000e+00
        762      1.688    14.9586    14.9418   2.902452   2.897694     3.2012     3.0845     0.0049  0.1813695 0.0000e+00
        763      1.688    14.9581    14.9418   2.902406   2.897844     3.2025     3.0855     0.0049  0.1813291 0.0000e+00
        764      1.688    14.9576    14.9419   2.902358   2.897995     3.2038     3.0865     0.0049  0.1812964 0.0000e+00
        765      1.688    14.9571    14.9419   2.902308   2.898147     3.2050     3.0874     0.0049  0.1812713 0.0000e+00
        766      1.688    14.9565    14.9419   2.902256   2.898300     3.2063     3.0882     0.0049  0.1812535 0.0000e+00
        767      1.689    14.9559    14.9419   2.902203   2.898454     3.2074     3.0890     0.0049  0.1812429 0.0000e+00
        768      1.689    14.9553    14.9418   2.902150   2.898609     3.2086     3.0898     0.0049  0.1812395 0.0000e+00
        769      1.689    14.9547    14.9417   2.902098   2.898764     3.2097     3.0904     0.0049  0.1812432 0.0000e+00
        770      1.689    14.9540    14.9416   2.902045   2.898919     3.2108     3.0910     0.0049  0.1812540 0.0000e+00
        771      1.689    14.9534    14.9415   2.901992   2.899073     3.2119     3.0916     0.0049  0.1812720 0.0000e+00
        772      1.689    14.9528    14.9413   2.901939   2.899227     3.2130     3.0921     0.0048  0.1812957 0.0000e+00
        773      1.689    14.9522    14.9412   2.901886   2.899381     3.2140     3.0925     0.0048  0.1813201 0.0000e+00
        774      1.690    14.9516    14.9411   2.901833   2.899534     3.2150     3.0928     0.0048  0.1813403 0.0000e+00
        775      1.690    14.9511    14.9409   2.901781   2.899687     3.2160     3.0930     0.0048  0.1813548 0.0000e+00
        776      1.690    14.9506    14.9408   2.901731   2.899839     3.2170     3.0932     0.0048  0.1813635 0.0000e+00
        777      1.690    14.9501    14.9406   2.901681   2.899991     3.2180     3.0932     0.0048  0.1813667 0.0000e+00
        778      1.690    14.9496    14.9405   2.901631   2.900142     3.2189     3.0932     0.0048  0.1813642 0.0000e+00
        779      1.690    14.9492    14.9404   2.901581   2.900292     3.2198     3.0931     0.0048  0.1813570 0.0000e+00
        780      1.690    14.9488    14.9402   2.901533   2.900441     3.2207     3.0928     0.0048  0.1813459 0.0000e+00
        781      1.691    14.9483    14.9401   2.901485   2.900588     3.2216     3.0925     0.0048  0.1813299 0.0000e+00
        782      1.691    14.9479    14.9400   2.901440   2.900733     3.2224     3.0920     0.0048  0.1813080 0.0000e+00
        783      1.691    14.9475    14.9399   2.901397   2.900876     3.2233     3.0914     0.0048  0.1812801 0.0000e+00
        784      1.692    14.9471    14.9398   2.901356   2.901015     3.2241     3.0906     0.0048  0.1812461 0.0000e+00
        785      1.692    14.9466    14.9397   2.901316   2.901151     3.2249     3.0898     0.0048  0.1812056 0.0000e+00
        786      1.692    14.9462    14.9397   2.901278   2.901285     3.2257     3.0888     0.0048  0.1811584 0.0000e+00
