code/data/2021/ctd_data_day1/Station 4ex 210921_ctm_fil_le_der.cnv
* Sea-Bird SBE 9 Data File:
* FileName = C:\Users\CTD-User\Desktop\MAR440\Station 4ex 210921.hex
* Software Version Seasave V 7.26.2.13
* Temperature SN = 6313
* Conductivity SN = 4758
* Number of Bytes Per Scan = 30
* Number of Voltage Words = 4
* Number of Scans Averaged by the Deck Unit = 1
* NMEA baud rate = 4800
** Ship:
** Station:
** Operator:
# nquan = 16                                
# nvalues = 6123                        
# units = specified
# name 0 = scan: Scan Count
# name 1 = prDM: Pressure, Digiquartz [db]
# name 2 = t090C: Temperature [ITS-90, deg C]
# name 3 = t190C: Temperature, 2 [ITS-90, deg C]
# name 4 = c0S/m: Conductivity [S/m]
# name 5 = c1S/m: Conductivity, 2 [S/m]
# name 6 = sbeox0V: Oxygen raw, SBE 43 [V]
# name 7 = sbeox1V: Oxygen raw, SBE 43, 2 [V]
# name 8 = flECO-AFL: Fluorescence, WET Labs ECO-AFL/FL [mg/m^3]
# name 9 = upoly0: Upoly 0, Turbidity
# name 10 = depSM: Depth [salt water, m], lat = 59
# name 11 = sal00: Salinity, Practical [PSU]
# name 12 = sal11: Salinity, Practical, 2 [PSU]
# name 13 = sbeox0ML/L: Oxygen, SBE 43 [ml/l], WS = 2
# name 14 = sbeox1ML/L: Oxygen, SBE 43, 2 [ml/l], WS = 2
# name 15 = flag: flag
# span 0 =          1,       6123       
# span 1 =      0.319,     43.468       
# span 2 =     7.9826,    16.0004       
# span 3 =     7.9840,    15.8854       
# span 4 =  -0.000377,   3.472125       
# span 5 =   0.283373,   3.472588       
# span 6 =     0.4705,     3.1926       
# span 7 =     0.5358,     3.0371       
# span 8 =     0.0033,     0.0524       
# span 9 =  0.0805253,  0.2126995       
# span 10 =      0.316,     43.057      
# span 11 =     0.0000,    32.1408      
# span 12 =     0.0000,    32.1478      
# span 13 =    -0.1435,     9.0193      
# span 14 =     0.1756,     7.4392      
# span 15 = 0.0000e+00, 0.0000e+00      
# interval = seconds: 0.0416667
# start_time = Sep 21 2021 12:21:52 [System UTC, header]
# bad_flag = -9.990e-29
*END*
[from data line 904]
        905      0.321    11.7553    11.8761  -0.000174   0.287758     2.9585     2.8596     0.0035  0.0809746      0.318     0.0000     0.0000     9.0172     7.4331 -9.990e-29
        906      0.321    11.7547    11.8747  -0.000163   0.287841     2.9585     2.8596     0.0035  0.0809745      0.318     0.0000     0.0000     9.0173     7.4333 -9.990e-29
        907      0.321    11.7540    11.8732  -0.000150   0.287925     2.9585     2.8596     0.0035  0.0809754      0.318     0.0000     0.0000     9.0175     7.4335 -9.990e-29
        908      0.321    11.7533    11.8718  -0.000136   0.288007     2.9585     2.8596     0.0035  0.0809765      0.318     0.0000     0.0000     9.0176     7.4338 -9.990e-29
        909      0.321    11.7526    11.8702  -0.000120   0.288088     2.9585     2.8596     0.0035  0.0809770      0.318     0.0000     0.0000     9.0178     7.4340 -9.990e-29
        910      0.321    11.7520    11.8687  -0.000103   0.288170     2.9585     2.8596     0.0035  0.0809768      0.318     0.0000     0.0000     9.0179     7.4342 -9.990e-29
        911      0.321    11.7514    11.8672  -0.000083   0.288249     2.9585     2.8596     0.0035  0.0809759      0.318     0.0000     0.0000     9.0180     7.4345 -9.990e-29
        912      0.321    11.7508    11.8656  -0.000061   0.288319     2.9585     2.8596     0.0035  0.0809744      0.318     0.0000     0.0000     9.0181     7.4347 -9.990e-29
        913      0.321    11.7502    11.8641  -0.000036   0.288381     2.9585     2.8596     0.0035  0.0809722      0.318     0.0000     0.0000     9.0183     7.4349 -9.990e-29
        914      0.321    11.7496    11.8625  -0.000009   0.288439     2.9585     2.8596     0.0035  0.0809694      0.318     0.0000     0.0000     9.0184     7.4352 -9.990e-29
        915      0.321    11.7490    11.8610   0.000021   0.288496     2.9585     2.8596     0.0035  0.0809658      0.318     0.0061     2.0472     9.0182     7.4354 -9.990e-29
        916      0.321    11.7485    11.8594   0.000053   0.288557     2.9585     2.8596     0.0035  0.0809623      0.318     0.0061     2.0478     9.0183     7.4357 -9.990e-29
        917      0.321    11.7480    11.8579   0.000087   0.288623     2.9585     2.8596     0.0035  0.0809598      0.318     0.0061     2.0483     9.0184     7.4359 -9.990e-29
        918      0.321    11.7475    11.8564   0.000124   0.288691     2.9585     2.8596     0.0035  0.0809582      0.318     0.0062     2.0489     9.0185     7.4361 -9.990e-29
        919      0.320    11.7470    11.8549   0.000164   0.288757     2.9585     2.8596     0.0035  0.0809584      0.317     0.0064     2.0495     9.0186     7.4364 -9.990e-29
        920      0.320    11.7466    11.8534   0.000208   0.288820     2.9585     2.8596     0.0035  0.0809603      0.317     0.0065     2.0501     9.0187     7.4366 -9.990e-29
        921      0.320    11.7461    11.8519   0.000254   0.288879     2.9585     2.8596     0.0035  0.0809624      0.317     0.0067     2.0506     9.0188     7.4368 -9.990e-29
        922      0.320    11.7457    11.8505   0.000305   0.288939     2.9585     2.8596     0.0035  0.0809645      0.317     0.0069     2.0511     9.0188     7.4370 -9.990e-29
        923      0.320    11.7453    11.8490   0.000361   0.289005     2.9585     2.8596     0.0035  0.0809676      0.317     0.0072     2.0517     9.0189     7.4373 -9.990e-29
        924      0.320    11.7449    11.8477   0.000422   0.289078     2.9585     2.8596     0.0035  0.0809716      0.317     0.0075     2.0523     9.0190     7.4375 -9.990e-29
        925      0.320    11.7446    11.8463   0.000488   0.289156     2.9585     2.8596     0.0035  0.0809775      0.317     0.0078     2.0530     9.0190     7.4377 -9.990e-29
        926      0.320    11.7442    11.8450   0.000559   0.289242     2.9585     2.8596     0.0035  0.0809854      0.317     0.0081     2.0537     9.0191     7.4379 -9.990e-29
        927      0.320    11.7439    11.8438   0.000637   0.289333     2.9585     2.8596     0.0035  0.0809934      0.317     0.0085     2.0545     9.0191     7.4380 -9.990e-29
        928      0.320    11.7436    11.8426   0.000722   0.289428     2.9585     2.8596     0.0035  0.0810010      0.317     0.0089     2.0552     9.0192     7.4382 -9.990e-29
        929      0.320    11.7433    11.8414   0.000814   0.289530     2.9585     2.8596     0.0035  0.0810080      0.317     0.0094     2.0561     9.0192     7.4384 -9.990e-29
        930      0.320    11.7430    11.8403   0.000914   0.289645     2.9585     2.8596     0.0035  0.0810146      0.317     0.0099     2.0570     9.0192     7.4385 -9.990e-29
        931      0.320    11.7427    11.8393   0.001023   0.289774     2.9585     2.8596     0.0035  0.0810208      0.317     0.0105     2.0580     9.0193     7.4387 -9.990e-29
        932      0.320    11.7425    11.8383   0.001141   0.289921     2.9585     2.8596     0.0035  0.0810267      0.317     0.0111     2.0592     9.0193     7.4388 -9.990e-29
        933      0.320    11.7423    11.8374   0.001268   0.290087     2.9585     2.8596     0.0035  0.0810323      0.317     0.0118     2.0605     9.0193     7.4389 -9.990e-29
        934      0.320    11.7421    11.8365   0.001407   0.290269     2.9585     2.8596     0.0037  0.0810376      0.317     0.0125     2.0619     9.0193     7.4390 -9.990e-29
        935      0.320    11.7419    11.8357   0.001557   0.290462     2.9585     2.8596     0.0037  0.0810427      0.317     0.0134     2.0634     9.0193     7.4390 -9.990e-29
        936      0.320    11.7417    11.8349   0.001719   0.290665     2.9585     2.8596     0.0037  0.0810475      0.317     0.0143     2.0650     9.0193     7.4391 -9.990e-29
        937      0.320    11.7416    11.8342   0.001896   0.290879     2.9585     2.8596     0.0037  0.0810531      0.317     0.0153     2.0666     9.0192     7.4391 -9.990e-29
        938      0.320    11.7415    11.8335   0.002087   0.291106     2.9585     2.8596     0.0037  0.0810602      0.317     0.0164     2.0684     9.0192     7.4392 -9.990e-29
        939      0.320    11.7414    11.8329   0.002296   0.291351     2.9585     2.8596     0.0037  0.0810681      0.317     0.0175     2.0702     9.0192     7.4392 -9.990e-29
        940      0.320    11.7413    11.8323   0.002522   0.291617     2.9585     2.8596     0.0037  0.0810769      0.317     0.0188     2.0723     9.0191     7.4392 -9.990e-29
        941      0.320    11.7413    11.8317   0.002768   0.291904     2.9585     2.8596     0.0037  0.0810874      0.317     0.0203     2.0745     9.0190     7.4392 -9.990e-29
        942      0.320    11.7413    11.8312   0.003036   0.292214     2.9585     2.8596     0.0037  0.0810988      0.317     0.0218     2.0768     9.0189     7.4392 -9.990e-29
        943      0.320    11.7414    11.8307   0.003327   0.292551     2.9585     2.8596     0.0037  0.0811105      0.317     0.0235     2.0794     9.0188     7.4391 -9.990e-29
        944      0.320    11.7415    11.8303   0.003644   0.292920     2.9585     2.8596     0.0037  0.0811224      0.317     0.0254     2.0822     9.0187     7.4391 -9.990e-29
        945      0.320    11.7417    11.8299   0.003988   0.293330     2.9585     2.8596     0.0037  0.0811355      0.317     0.0275     2.0853     9.0185     7.4390 -9.990e-29
        946      0.320    11.7419    11.8296   0.004362   0.293784     2.9585     2.8596     0.0037  0.0811508      0.317     0.0297     2.0887     9.0184     7.4389 -9.990e-29
        947      0.320    11.7422    11.8294   0.004770   0.294283     2.9585     2.8596     0.0037  0.0811683      0.317     0.0322     2.0925     9.0182     7.4387 -9.990e-29
        948      0.320    11.7426    11.8292   0.005214   0.294836     2.9585     2.8596     0.0037  0.0811882      0.317     0.0348     2.0967     9.0179     7.4386 -9.990e-29
        949      0.319    11.7431    11.8291   0.005698   0.295449     2.9585     2.8596     0.0037  0.0812098      0.316     0.0378     2.1013     9.0176     7.4384 -9.990e-29
        950      0.319    11.7436    11.8291   0.006222   0.296126     2.9585     2.8596     0.0037  0.0812323      0.316     0.0410     2.1064     9.0174     7.4381 -9.990e-29
        951      0.319    11.7443    11.8292   0.006792   0.296871     2.9585     2.8596     0.0037  0.0812560      0.316     0.0445     2.1120     9.0170     7.4379 -9.990e-29
        952      0.319    11.7451    11.8295   0.007410   0.297685     2.9585     2.8596     0.0037  0.0812810      0.316     0.0483     2.1181     9.0166     7.4375 -9.990e-29
        953      0.319    11.7459    11.8298   0.008083   0.298572     2.9585     2.8596     0.0037  0.0813074      0.316     0.0525     2.1248     9.0162     7.4372 -9.990e-29
        954      0.319    11.7469    11.8304   0.008816   0.299537     2.9585     2.8596     0.0037  0.0813354      0.316     0.0570     2.1320     9.0157     7.4368 -9.990e-29
        955      0.319    11.7481    11.8310   0.009612   0.300589     2.9585     2.8596     0.0037  0.0813653      0.316     0.0620     2.1399     9.0152     7.4363 -9.990e-29
        956      0.319    11.7493    11.8319   0.010477   0.301740     2.9585     2.8596     0.0037  0.0813981      0.316     0.0674     2.1486     9.0146     7.4358 -9.990e-29
        957      0.319    11.7507    11.8329   0.011417   0.302997     2.9585     2.8596     0.0037  0.0814358      0.316     0.0733     2.1580     9.0141     7.4352 -9.990e-29
        958      0.319    11.7523    11.8342   0.012438   0.304368     2.9585     2.8596     0.0037  0.0814785      0.316     0.0798     2.1682     9.0134     7.4346 -9.990e-29
        959      0.319    11.7540    11.8356   0.013547   0.305864     2.9585     2.8596     0.0037  0.0815249      0.316     0.0868     2.1795     9.0127     7.4338 -9.990e-29
        960      0.319    11.7559    11.8373   0.014754   0.307500     2.9585     2.8596     0.0037  0.0815744      0.316     0.0945     2.1917     9.0119     7.4330 -9.990e-29
        961      0.319    11.7580    11.8393   0.016066   0.309287     2.9585     2.8596     0.0035  0.0816275      0.316     0.1029     2.2051     9.0110     7.4320 -9.990e-29
        962      0.320    11.7602    11.8415   0.017490   0.311240     2.9585     2.8596     0.0035  0.0816844      0.317     0.1121     2.2197     9.0100     7.4310 -9.990e-29
        963      0.320    11.7627    11.8440   0.019038   0.313373     2.9585     2.8596     0.0035  0.0817456      0.317     0.1221     2.2357     9.0090     7.4298 -9.990e-29
        964      0.320    11.7655    11.8468   0.020720   0.315701     2.9585     2.8596     0.0035  0.0818124      0.317     0.1330     2.2531     9.0078     7.4286 -9.990e-29
        965      0.320    11.7684    11.8500   0.022549   0.318242     2.9585     2.8596     0.0035  0.0818860      0.317     0.1449     2.2722     9.0065     7.4272 -9.990e-29
        966      0.321    11.7716    11.8536   0.024538   0.321015     2.9585     2.8596     0.0035  0.0819661      0.318     0.1579     2.2930     9.0052     7.4256 -9.990e-29
        967      0.321    11.7752    11.8575   0.026701   0.324043     2.9585     2.8596     0.0035  0.0820525      0.318     0.1720     2.3157     9.0036     7.4239 -9.990e-29
        968      0.321    11.7790    11.8619   0.029052   0.327351     2.9585     2.8596     0.0035  0.0821456      0.318     0.1875     2.3405     9.0020     7.4220 -9.990e-29
        969      0.322    11.7832    11.8668   0.031608   0.330960     2.9585     2.8596     0.0035  0.0822463      0.319     0.2044     2.3675     9.0001     7.4200 -9.990e-29
        970      0.322    11.7877    11.8722   0.034387   0.334895     2.9585     2.8596     0.0035  0.0823551      0.319     0.2228     2.3971     8.9982     7.4177 -9.990e-29
        971      0.322    11.7926    11.8781   0.037406   0.339184     2.9585     2.8596     0.0035  0.0824729      0.319     0.2429     2.4293     8.9961     7.4153 -9.990e-29
        972      0.322    11.7980    11.8847   0.040687   0.343854     2.9585     2.8596     0.0035  0.0826004      0.319     0.2648     2.4643     8.9938     7.4125 -9.990e-29
        973      0.323    11.8038    11.8920   0.044252   0.348942     2.9585     2.8596     0.0035  0.0827386      0.320     0.2887     2.5026     8.9913     7.4095 -9.990e-29
        974      0.323    11.8101    11.8999   0.048127   0.354485     2.9585     2.8596     0.0035  0.0828884      0.320     0.3148     2.5443     8.9885     7.4063 -9.990e-29
        975      0.324    11.8170    11.9087   0.052339   0.360515     2.9585     2.8596     0.0035  0.0830508      0.321     0.3432     2.5896     8.9855     7.4028 -9.990e-29
        976      0.324    11.8245    11.9183   0.056916   0.367074     2.9585     2.8596     0.0035  0.0832270      0.321     0.3743     2.6390     8.9822     7.3989 -9.990e-29
        977      0.325    11.8326    11.9288   0.061891   0.374217     2.9585     2.8596     0.0035  0.0834181      0.322     0.4082     2.6929     8.9786     7.3947 -9.990e-29
        978      0.325    11.8415    11.9404   0.067299   0.381998     2.9585     2.8597     0.0035  0.0836256      0.322     0.4451     2.7516     8.9747     7.3903 -9.990e-29
        979      0.326    11.8511    11.9530   0.073177   0.390476     2.9585     2.8597     0.0035  0.0838509      0.323     0.4855     2.8156     8.9704     7.3853 -9.990e-29
        980      0.326    11.8616    11.9668   0.079565   0.399706     2.9585     2.8597     0.0035  0.0840956      0.323     0.5295     2.8853     8.9657     7.3798 -9.990e-29
        981      0.327    11.8729    11.9819   0.086509   0.409731     2.9586     2.8597     0.0035  0.0843612      0.324     0.5775     2.9612     8.9610     7.3738 -9.990e-29
        982      0.327    11.8853    11.9983   0.094057   0.420595     2.9586     2.8597     0.0035  0.0846498      0.324     0.6300     3.0435     8.9555     7.3673 -9.990e-29
        983      0.328    11.8987    12.0163   0.102259   0.432358     2.9586     2.8597     0.0035  0.0849632      0.325     0.6872     3.1326     8.9495     7.3603 -9.990e-29
        984      0.329    11.9133    12.0359   0.111175   0.445100     2.9586     2.8597     0.0035  0.0853038      0.326     0.7496     3.2294     8.9429     7.3526 -9.990e-29
        985      0.330    11.9292    12.0572   0.120865   0.458927     2.9586     2.8597     0.0035  0.0856738      0.327     0.8178     3.3344     8.9358     7.3443 -9.990e-29
        986      0.331    11.9465    12.0804   0.131399   0.473952     2.9586     2.8597     0.0037  0.0860758      0.328     0.8922     3.4488     8.9280     7.3353 -9.990e-29
        987      0.332    11.9653    12.1058   0.142849   0.490286     2.9586     2.8597     0.0037  0.0865126      0.329     0.9734     3.5732     8.9196     7.3254 -9.990e-29
        988      0.334    11.9858    12.1334   0.155295   0.508041     2.9586     2.8597     0.0037  0.0869873      0.331     1.0620     3.7087     8.9104     7.3148 -9.990e-29
        989      0.335    12.0080    12.1634   0.168823   0.527337     2.9586     2.8597     0.0037  0.0875039      0.332     1.1587     3.8562     8.9005     7.3032 -9.990e-29
        990      0.337    12.0323    12.1961   0.183528   0.548305     2.9586     2.8597     0.0037  0.0880671      0.334     1.2643     4.0167     8.8897     7.2906 -9.990e-29
        991      0.339    12.0586    12.2317   0.199511   0.571087     2.9586     2.8598     0.0037  0.0886797      0.336     1.3795     4.1913     8.8780     7.2772 -9.990e-29
        992      0.341    12.0872    12.2704   0.216883   0.595837     2.9586     2.8598     0.0037  0.0893453      0.338     1.5053     4.3812     8.8653     7.2623 -9.990e-29
        993      0.343    12.1184    12.3125   0.235767   0.622725     2.9586     2.8598     0.0037  0.0900693      0.340     1.6426     4.5880     8.8514     7.2462 -9.990e-29
        994      0.346    12.1522    12.3583   0.256292   0.651940     2.9587     2.8598     0.0037  0.0908585      0.343     1.7924     4.8129     8.8368     7.2288 -9.990e-29
