code/data/2021/ctd_data_day1/Station 2ex 210921_ctm_fil.cnv
* Sea-Bird SBE 9 Data File:
* FileName = C:\Users\CTD-User\Desktop\MAR440\Station 2ex 210921.hex
* Software Version Seasave V 7.26.2.13
* Temperature SN = 6313
* Conductivity SN = 4758
* Number of Bytes Per Scan = 30
* Number of Voltage Words = 4
* Number of Scans Averaged by the Deck Unit = 1
* NMEA baud rate = 4800
** Ship:
** Station:
** Operator:
# nquan = 11
# nvalues = 3819                        
# units = specified
# name 0 = scan: Scan Count
# name 1 = prDM: Pressure, Digiquartz [db]
# name 2 = t090C: Temperature [ITS-90, deg C]
# name 3 = t190C: Temperature, 2 [ITS-90, deg C]
# name 4 = c0S/m: Conductivity [S/m]
# name 5 = c1S/m: Conductivity, 2 [S/m]
# name 6 = sbeox0V: Oxygen raw, SBE 43 [V]
# name 7 = sbeox1V: Oxygen raw, SBE 43, 2 [V]
# name 8 = flECO-AFL: Fluorescence, WET Labs ECO-AFL/FL [mg/m^3]
# name 9 = upoly0: Upoly 0, Turbidity
# name 10 = flag:  0.000e+00
# span 0 =          1,       3819       
# span 1 =      0.334,     23.962       
# span 2 =    13.0502,    16.1228       
# span 3 =    13.0462,    16.1243       
# span 4 =   2.856028,   3.797037       
# span 5 =   2.858521,   3.795947       
# span 6 =     0.9332,     2.9217       
# span 7 =     1.0319,     2.8775       
# span 8 =     0.0033,     0.0101       
# span 9 =  0.0875356,  0.2323405       
# span 10 = 0.0000e+00, 0.0000e+00      
# interval = seconds: 0.0416667
# start_time = Sep 21 2021 11:43:06 [System UTC, header]
# bad_flag = -9.990e-29
*END*
[from data line 1705]
       1706      0.641    14.8513    14.7793   2.917839   2.906538     2.9215     2.8769     0.0055  0.2047516 0.0000e+00
       1707      0.651    14.8524    14.7846   2.918044   2.907418     2.9215     2.8769     0.0055  0.2046002 0.0000e+00
       1708      0.660    14.8534    14.7897   2.918242   2.908254     2.9216     2.8770     0.0055  0.2044451 0.0000e+00
       1709      0.670    14.8544    14.7944   2.918433   2.909038     2.9216     2.8770     0.0055  0.2042853 0.0000e+00
       1710      0.680    14.8554    14.7987   2.918619   2.909767     2.9217     2.8771     0.0055  0.2041196 0.0000e+00
       1711      0.690    14.8564    14.8027   2.918802   2.910441     2.9217     2.8772     0.0055  0.2039470 0.0000e+00
       1712      0.700    14.8575    14.8064   2.918988   2.911061     2.9217     2.8772     0.0055  0.2037661 0.0000e+00
       1713      0.711    14.8586    14.8097   2.919177   2.911631     2.9217     2.8773     0.0055  0.2035758 0.0000e+00
       1714      0.723    14.8597    14.8127   2.919370   2.912150     2.9217     2.8774     0.0055  0.2033748 0.0000e+00
       1715      0.735    14.8609    14.8154   2.919568   2.912621     2.9217     2.8774     0.0055  0.2031616 0.0000e+00
       1716      0.747    14.8621    14.8179   2.919770   2.913048     2.9216     2.8775     0.0055  0.2029347 0.0000e+00
       1717      0.760    14.8634    14.8200   2.919976   2.913438     2.9216     2.8775     0.0055  0.2026926 0.0000e+00
       1718      0.772    14.8646    14.8220   2.920185   2.913796     2.9215     2.8775     0.0055  0.2024335 0.0000e+00
       1719      0.785    14.8659    14.8238   2.920393   2.914125     2.9214     2.8775     0.0055  0.2021558 0.0000e+00
       1720      0.799    14.8672    14.8255   2.920598   2.914427     2.9213     2.8775     0.0055  0.2018633 0.0000e+00
       1721      0.812    14.8684    14.8269   2.920794   2.914701     2.9212     2.8775     0.0057  0.2015711 0.0000e+00
       1722      0.826    14.8695    14.8282   2.920978   2.914955     2.9211     2.8775     0.0057  0.2012941 0.0000e+00
       1723      0.840    14.8706    14.8297   2.921150   2.915209     2.9210     2.8775     0.0057  0.2010363 0.0000e+00
       1724      0.855    14.8716    14.8314   2.921309   2.915491     2.9208     2.8774     0.0057  0.2007951 0.0000e+00
       1725      0.869    14.8726    14.8334   2.921459   2.915814     2.9206     2.8774     0.0057  0.2005679 0.0000e+00
       1726      0.884    14.8735    14.8357   2.921598   2.916180     2.9204     2.8774     0.0057  0.2003532 0.0000e+00
       1727      0.899    14.8743    14.8381   2.921727   2.916578     2.9202     2.8773     0.0057  0.2001495 0.0000e+00
       1728      0.913    14.8751    14.8407   2.921848   2.916991     2.9200     2.8772     0.0057  0.1999553 0.0000e+00
       1729      0.929    14.8759    14.8432   2.921962   2.917402     2.9197     2.8772     0.0057  0.1997694 0.0000e+00
       1730      0.944    14.8766    14.8457   2.922069   2.917805     2.9195     2.8771     0.0057  0.1995904 0.0000e+00
       1731      0.959    14.8773    14.8481   2.922172   2.918195     2.9192     2.8770     0.0057  0.1994170 0.0000e+00
       1732      0.975    14.8779    14.8505   2.922273   2.918577     2.9188     2.8768     0.0057  0.1992481 0.0000e+00
       1733      0.991    14.8786    14.8529   2.922379   2.918958     2.9185     2.8767     0.0057  0.1990825 0.0000e+00
       1734      1.008    14.8794    14.8554   2.922497   2.919349     2.9182     2.8765     0.0057  0.1989190 0.0000e+00
       1735      1.024    14.8804    14.8581   2.922634   2.919755     2.9178     2.8764     0.0057  0.1987565 0.0000e+00
       1736      1.041    14.8814    14.8608   2.922795   2.920175     2.9174     2.8762     0.0057  0.1985939 0.0000e+00
       1737      1.058    14.8826    14.8635   2.922983   2.920603     2.9171     2.8760     0.0057  0.1984301 0.0000e+00
       1738      1.075    14.8840    14.8663   2.923199   2.921034     2.9167     2.8758     0.0057  0.1982638 0.0000e+00
       1739      1.093    14.8856    14.8691   2.923445   2.921460     2.9163     2.8755     0.0057  0.1980940 0.0000e+00
       1740      1.110    14.8873    14.8718   2.923720   2.921875     2.9159     2.8753     0.0057  0.1979194 0.0000e+00
       1741      1.128    14.8892    14.8744   2.924022   2.922274     2.9154     2.8750     0.0057  0.1977389 0.0000e+00
       1742      1.147    14.8913    14.8769   2.924352   2.922656     2.9150     2.8747     0.0057  0.1975512 0.0000e+00
       1743      1.165    14.8936    14.8794   2.924711   2.923023     2.9145     2.8744     0.0057  0.1973549 0.0000e+00
       1744      1.184    14.8960    14.8817   2.925098   2.923375     2.9141     2.8741     0.0057  0.1971488 0.0000e+00
       1745      1.203    14.8985    14.8840   2.925508   2.923712     2.9136     2.8738     0.0057  0.1969331 0.0000e+00
       1746      1.223    14.9012    14.8863   2.925936   2.924035     2.9131     2.8735     0.0055  0.1967147 0.0000e+00
       1747      1.242    14.9039    14.8885   2.926378   2.924353     2.9126     2.8732     0.0053  0.1965058 0.0000e+00
       1748      1.262    14.9066    14.8906   2.926834   2.924684     2.9121     2.8728     0.0055  0.1963142 0.0000e+00
       1749      1.282    14.9095    14.8928   2.927306   2.925041     2.9116     2.8725     0.0055  0.1961412 0.0000e+00
       1750      1.302    14.9125    14.8951   2.927796   2.925415     2.9111     2.8721     0.0053  0.1959847 0.0000e+00
       1751      1.322    14.9156    14.8973   2.928307   2.925796     2.9106     2.8718     0.0055  0.1958427 0.0000e+00
       1752      1.342    14.9189    14.8995   2.928835   2.926178     2.9101     2.8714     0.0055  0.1957143 0.0000e+00
       1753      1.362    14.9221    14.9017   2.929378   2.926559     2.9096     2.8710     0.0053  0.1955986 0.0000e+00
       1754      1.382    14.9254    14.9039   2.929929   2.926938     2.9091     2.8706     0.0055  0.1954948 0.0000e+00
       1755      1.403    14.9286    14.9061   2.930479   2.927320     2.9086     2.8702     0.0055  0.1954021 0.0000e+00
       1756      1.424    14.9317    14.9084   2.931018   2.927709     2.9081     2.8698     0.0053  0.1953199 0.0000e+00
       1757      1.444    14.9347    14.9108   2.931544   2.928110     2.9076     2.8694     0.0055  0.1952477 0.0000e+00
       1758      1.465    14.9377    14.9134   2.932061   2.928530     2.9071     2.8689     0.0053  0.1951849 0.0000e+00
       1759      1.486    14.9406    14.9161   2.932577   2.928975     2.9066     2.8685     0.0055  0.1951311 0.0000e+00
       1760      1.508    14.9437    14.9191   2.933100   2.929449     2.9060     2.8680     0.0053  0.1950860 0.0000e+00
       1761      1.529    14.9468    14.9221   2.933639   2.929951     2.9055     2.8675     0.0053  0.1950491 0.0000e+00
       1762      1.550    14.9500    14.9253   2.934198   2.930479     2.9050     2.8670     0.0053  0.1950203 0.0000e+00
       1763      1.571    14.9533    14.9287   2.934773   2.931036     2.9045     2.8665     0.0053  0.1949994 0.0000e+00
       1764      1.593    14.9565    14.9323   2.935358   2.931632     2.9040     2.8660     0.0055  0.1949861 0.0000e+00
       1765      1.615    14.9598    14.9362   2.935942   2.932270     2.9035     2.8655     0.0055  0.1949805 0.0000e+00
       1766      1.637    14.9630    14.9402   2.936520   2.932943     2.9030     2.8650     0.0053  0.1949825 0.0000e+00
       1767      1.659    14.9661    14.9442   2.937091   2.933634     2.9025     2.8645     0.0053  0.1949920 0.0000e+00
       1768      1.681    14.9692    14.9481   2.937653   2.934326     2.9021     2.8640     0.0055  0.1950092 0.0000e+00
       1769      1.703    14.9723    14.9519   2.938208   2.935010     2.9016     2.8634     0.0053  0.1950351 0.0000e+00
       1770      1.725    14.9754    14.9557   2.938759   2.935686     2.9011     2.8629     0.0055  0.1950706 0.0000e+00
       1771      1.747    14.9785    14.9594   2.939312   2.936367     2.9007     2.8624     0.0055  0.1951125 0.0000e+00
       1772      1.769    14.9817    14.9632   2.939869   2.937065     2.9002     2.8619     0.0055  0.1951528 0.0000e+00
       1773      1.792    14.9849    14.9672   2.940434   2.937791     2.8998     2.8613     0.0055  0.1951832 0.0000e+00
       1774      1.814    14.9883    14.9713   2.941014   2.938549     2.8993     2.8608     0.0055  0.1951997 0.0000e+00
       1775      1.837    14.9917    14.9757   2.941614   2.939340     2.8989     2.8603     0.0055  0.1952014 0.0000e+00
       1776      1.860    14.9953    14.9801   2.942235   2.940161     2.8985     2.8597     0.0055  0.1951885 0.0000e+00
       1777      1.883    14.9990    14.9847   2.942875   2.941006     2.8981     2.8592     0.0055  0.1951608 0.0000e+00
       1778      1.905    15.0027    14.9895   2.943524   2.941876     2.8976     2.8587     0.0055  0.1951182 0.0000e+00
       1779      1.928    15.0064    14.9944   2.944176   2.942765     2.8972     2.8581     0.0055  0.1950603 0.0000e+00
       1780      1.951    15.0100    14.9994   2.944821   2.943665     2.8968     2.8576     0.0055  0.1949868 0.0000e+00
       1781      1.974    15.0135    15.0043   2.945451   2.944565     2.8964     2.8571     0.0053  0.1948971 0.0000e+00
       1782      1.997    15.0169    15.0092   2.946058   2.945452     2.8960     2.8566     0.0053  0.1947907 0.0000e+00
       1783      2.020    15.0201    15.0139   2.946635   2.946314     2.8956     2.8561     0.0055  0.1946667 0.0000e+00
       1784      2.043    15.0231    15.0185   2.947178   2.947141     2.8952     2.8555     0.0055  0.1945243 0.0000e+00
       1785      2.066    15.0258    15.0228   2.947682   2.947928     2.8948     2.8550     0.0055  0.1943625 0.0000e+00
       1786      2.089    15.0284    15.0269   2.948150   2.948670     2.8945     2.8545     0.0055  0.1941802 0.0000e+00
       1787      2.112    15.0308    15.0307   2.948585   2.949359     2.8941     2.8540     0.0055  0.1939762 0.0000e+00
       1788      2.135    15.0331    15.0341   2.948995   2.949985     2.8937     2.8535     0.0055  0.1937490 0.0000e+00
       1789      2.158    15.0354    15.0371   2.949386   2.950543     2.8933     2.8529     0.0055  0.1934969 0.0000e+00
       1790      2.181    15.0376    15.0398   2.949764   2.951039     2.8929     2.8524     0.0055  0.1932184 0.0000e+00
       1791      2.204    15.0398    15.0422   2.950136   2.951484     2.8926     2.8519     0.0055  0.1929114 0.0000e+00
       1792      2.227    15.0420    15.0445   2.950504   2.951893     2.8922     2.8513     0.0055  0.1925738 0.0000e+00
       1793      2.250    15.0441    15.0468   2.950868   2.952278     2.8918     2.8508     0.0055  0.1922033 0.0000e+00
       1794      2.273    15.0463    15.0489   2.951231   2.952648     2.8914     2.8503     0.0055  0.1917972 0.0000e+00
       1795      2.296    15.0484    15.0510   2.951592   2.953010     2.8910     2.8498     0.0055  0.1913528 0.0000e+00
       1796      2.319    15.0506    15.0532   2.951952   2.953367     2.8906     2.8492     0.0055  0.1908694 0.0000e+00
       1797      2.341    15.0527    15.0553   2.952312   2.953721     2.8902     2.8487     0.0055  0.1903626 0.0000e+00
       1798      2.364    15.0548    15.0574   2.952672   2.954076     2.8898     2.8482     0.0055  0.1898643 0.0000e+00
       1799      2.387    15.0569    15.0595   2.953031   2.954432     2.8894     2.8477     0.0055  0.1893965 0.0000e+00
       1800      2.409    15.0590    15.0617   2.953390   2.954792     2.8890     2.8472     0.0055  0.1889621 0.0000e+00
       1801      2.432    15.0611    15.0639   2.953751   2.955157     2.8886     2.8467     0.0055  0.1885571 0.0000e+00
       1802      2.455    15.0633    15.0662   2.954114   2.955529     2.8882     2.8461     0.0055  0.1881770 0.0000e+00
       1803      2.477    15.0655    15.0685   2.954483   2.955908     2.8878     2.8456     0.0055  0.1878183 0.0000e+00
       1804      2.500    15.0677    15.0709   2.954860   2.956296     2.8873     2.8451     0.0055  0.1874785 0.0000e+00
       1805      2.522    15.0701    15.0733   2.955249   2.956692     2.8869     2.8446     0.0055  0.1871552 0.0000e+00
       1806      2.545    15.0725    15.0758   2.955654   2.957094     2.8865     2.8440     0.0055  0.1868462 0.0000e+00
       1807      2.567    15.0751    15.0784   2.956077   2.957504     2.8861     2.8435     0.0055  0.1865494 0.0000e+00
       1808      2.589    15.0778    15.0810   2.956519   2.957923     2.8856     2.8430     0.0055  0.1862627 0.0000e+00
       1809      2.611    15.0806    15.0837   2.956981   2.958355     2.8852     2.8424     0.0055  0.1859841 0.0000e+00
       1810      2.634    15.0836    15.0865   2.957461   2.958802     2.8847     2.8418     0.0055  0.1857116 0.0000e+00
       1811      2.656    15.0866    15.0895   2.957960   2.959268     2.8843     2.8412     0.0055  0.1854433 0.0000e+00
       1812      2.678    15.0898    15.0926   2.958478   2.959756     2.8838     2.8406     0.0055  0.1851775 0.0000e+00
       1813      2.700    15.0931    15.0958   2.959014   2.960269     2.8833     2.8400     0.0055  0.1849122 0.0000e+00
       1814      2.722    15.0965    15.0993   2.959570   2.960813     2.8828     2.8394     0.0055  0.1846455 0.0000e+00
       1815      2.744    15.1001    15.1030   2.960145   2.961393     2.8824     2.8388     0.0055  0.1843757 0.0000e+00
       1816      2.766    15.1037    15.1070   2.960740   2.962016     2.8819     2.8382     0.0055  0.1841009 0.0000e+00
       1817      2.787    15.1075    15.1112   2.961351   2.962685     2.8814     2.8376     0.0055  0.1838192 0.0000e+00
       1818      2.809    15.1112    15.1156   2.961966   2.963396     2.8809     2.8369     0.0055  0.1835285 0.0000e+00
       1819      2.831    15.1148    15.1202   2.962569   2.964140     2.8804     2.8363     0.0055  0.1832269 0.0000e+00
       1820      2.852    15.1182    15.1248   2.963150   2.964897     2.8799     2.8357     0.0055  0.1829122 0.0000e+00
       1821      2.874    15.1215    15.1294   2.963704   2.965652     2.8794     2.8350     0.0055  0.1825823 0.0000e+00
       1822      2.895    15.1247    15.1338   2.964231   2.966395     2.8789     2.8344     0.0055  0.1822400 0.0000e+00
       1823      2.917    15.1277    15.1381   2.964732   2.967117     2.8784     2.8337     0.0055  0.1818991 0.0000e+00
       1824      2.938    15.1306    15.1422   2.965210   2.967809     2.8779     2.8330     0.0053  0.1815758 0.0000e+00
       1825      2.960    15.1333    15.1461   2.965665   2.968466     2.8774     2.8324     0.0055  0.1812764 0.0000e+00
       1826      2.981    15.1359    15.1498   2.966099   2.969084     2.8768     2.8317     0.0053  0.1809988 0.0000e+00
       1827      3.003    15.1383    15.1533   2.966521   2.969663     2.8763     2.8310     0.0055  0.1807403 0.0000e+00
       1828      3.024    15.1408    15.1565   2.966941   2.970201     2.8758     2.8304     0.0053  0.1804990 0.0000e+00
       1829      3.045    15.1432    15.1594   2.967366   2.970699     2.8753     2.8297     0.0053  0.1802732 0.0000e+00
       1830      3.067    15.1455    15.1621   2.967790   2.971157     2.8748     2.8290     0.0053  0.1800615 0.0000e+00
       1831      3.088    15.1478    15.1645   2.968205   2.971578     2.8742     2.8284     0.0053  0.1798622 0.0000e+00
       1832      3.109    15.1498    15.1668   2.968597   2.971967     2.8737     2.8277     0.0053  0.1796741 0.0000e+00
       1833      3.130    15.1517    15.1689   2.968959   2.972331     2.8732     2.8270     0.0053  0.1794958 0.0000e+00
       1834      3.151    15.1533    15.1708   2.969287   2.972674     2.8726     2.8263     0.0053  0.1793261 0.0000e+00
       1835      3.172    15.1547    15.1726   2.969577   2.972995     2.8721     2.8256     0.0055  0.1791637 0.0000e+00
       1836      3.193    15.1558    15.1742   2.969827   2.973286     2.8715     2.8250     0.0053  0.1790077 0.0000e+00
