code/data/2021/ctd_data_day1/Station 4ex 210921_ctm_fil.cnv
* Sea-Bird SBE 9 Data File:
* FileName = C:\Users\CTD-User\Desktop\MAR440\Station 4ex 210921.hex
* Software Version Seasave V 7.26.2.13
* Temperature SN = 6313
* Conductivity SN = 4758
* Number of Bytes Per Scan = 30
* Number of Voltage Words = 4
* Number of Scans Averaged by the Deck Unit = 1
* NMEA baud rate = 4800
** Ship:
** Station:
** Operator:
# nquan = 11
# nvalues = 6123                        
# units = specified
# name 0 = scan: Scan Count
# name 1 = prDM: Pressure, Digiquartz [db]
# name 2 = t090C: Temperature [ITS-90, deg C]
# name 3 = t190C: Temperature, 2 [ITS-90, deg C]
# name 4 = c0S/m: Conductivity [S/m]
# name 5 = c1S/m: Conductivity, 2 [S/m]
# name 6 = sbeox0V: Oxygen raw, SBE 43 [V]
# name 7 = sbeox1V: Oxygen raw, SBE 43, 2 [V]
# name 8 = flECO-AFL: Fluorescence, WET Labs ECO-AFL/FL [mg/m^3]
# name 9 = upoly0: Upoly 0, Turbidity
# name 10 = flag:  0.000e+00
# span 0 =          1,       6123       
# span 1 =      0.319,     43.468       
# span 2 =     7.9826,    16.0004       
# span 3 =     7.9840,    15.8854       
# span 4 =  -0.000377,   3.472125       
# span 5 =   0.283373,   3.472588       
# span 6 =     0.4705,     3.1926       
# span 7 =     0.5358,     3.0371       
# span 8 =     0.0033,     0.0524       
# span 9 =  0.0805253,  0.2126995       
# span 10 = 0.0000e+00, 0.0000e+00      
# interval = seconds: 0.0416667
# start_time = Sep 21 2021 12:21:52 [System UTC, header]
# bad_flag = -9.990e-29
*END*
[from data line 5246]
       5247     35.433     8.7040     8.7047   3.414490   3.415231     0.4853     0.5556     0.0040  0.1147857 0.0000e+00
       5248     35.456     8.7040     8.7046   3.414506   3.415243     0.4853     0.5556     0.0040  0.1147877 0.0000e+00
       5249     35.479     8.7040     8.7046   3.414522   3.415255     0.4853     0.5555     0.0040  0.1147899 0.0000e+00
       5250     35.503     8.7040     8.7046   3.414539   3.415267     0.4853     0.5555     0.0040  0.1147922 0.0000e+00
       5251     35.526     8.7040     8.7046   3.414554   3.415279     0.4852     0.5555     0.0040  0.1147947 0.0000e+00
       5252     35.549     8.7040     8.7046   3.414570   3.415292     0.4852     0.5555     0.0040  0.1147973 0.0000e+00
       5253     35.572     8.7040     8.7046   3.414586   3.415304     0.4852     0.5554     0.0040  0.1148002 0.0000e+00
       5254     35.596     8.7040     8.7046   3.414602   3.415317     0.4851     0.5554     0.0040  0.1148032 0.0000e+00
       5255     35.619     8.7040     8.7046   3.414618   3.415329     0.4851     0.5554     0.0040  0.1148065 0.0000e+00
       5256     35.642     8.7039     8.7046   3.414633   3.415342     0.4851     0.5554     0.0040  0.1148100 0.0000e+00
       5257     35.666     8.7039     8.7046   3.414649   3.415355     0.4850     0.5553     0.0040  0.1148137 0.0000e+00
       5258     35.689     8.7039     8.7046   3.414664   3.415368     0.4850     0.5553     0.0040  0.1148187 0.0000e+00
       5259     35.712     8.7039     8.7046   3.414679   3.415381     0.4849     0.5553     0.0040  0.1148256 0.0000e+00
       5260     35.736     8.7039     8.7046   3.414693   3.415394     0.4849     0.5552     0.0040  0.1148338 0.0000e+00
       5261     35.759     8.7039     8.7046   3.414708   3.415408     0.4849     0.5552     0.0040  0.1148425 0.0000e+00
       5262     35.782     8.7039     8.7046   3.414721   3.415421     0.4848     0.5552     0.0040  0.1148516 0.0000e+00
       5263     35.805     8.7039     8.7046   3.414735   3.415434     0.4848     0.5551     0.0040  0.1148613 0.0000e+00
       5264     35.829     8.7039     8.7045   3.414749   3.415447     0.4848     0.5551     0.0040  0.1148717 0.0000e+00
       5265     35.852     8.7039     8.7045   3.414763   3.415459     0.4847     0.5551     0.0040  0.1148827 0.0000e+00
       5266     35.875     8.7039     8.7045   3.414776   3.415471     0.4847     0.5550     0.0040  0.1148945 0.0000e+00
       5267     35.899     8.7039     8.7045   3.414789   3.415483     0.4847     0.5550     0.0040  0.1149081 0.0000e+00
       5268     35.922     8.7038     8.7045   3.414801   3.415494     0.4846     0.5549     0.0040  0.1149243 0.0000e+00
       5269     35.945     8.7038     8.7044   3.414812   3.415505     0.4846     0.5549     0.0040  0.1149424 0.0000e+00
       5270     35.968     8.7038     8.7044   3.414823   3.415515     0.4845     0.5549     0.0040  0.1149617 0.0000e+00
       5271     35.992     8.7038     8.7044   3.414834   3.415524     0.4845     0.5548     0.0040  0.1149823 0.0000e+00
       5272     36.015     8.7037     8.7043   3.414844   3.415533     0.4844     0.5548     0.0040  0.1150036 0.0000e+00
       5273     36.038     8.7037     8.7043   3.414854   3.415541     0.4844     0.5547     0.0040  0.1150239 0.0000e+00
       5274     36.061     8.7037     8.7043   3.414862   3.415548     0.4844     0.5547     0.0040  0.1150426 0.0000e+00
       5275     36.084     8.7036     8.7042   3.414870   3.415555     0.4843     0.5546     0.0040  0.1150598 0.0000e+00
       5276     36.107     8.7036     8.7042   3.414876   3.415562     0.4843     0.5546     0.0040  0.1150756 0.0000e+00
       5277     36.130     8.7036     8.7041   3.414881   3.415568     0.4842     0.5545     0.0040  0.1150902 0.0000e+00
       5278     36.153     8.7035     8.7041   3.414886   3.415573     0.4842     0.5545     0.0040  0.1151035 0.0000e+00
       5279     36.177     8.7035     8.7040   3.414890   3.415578     0.4842     0.5544     0.0040  0.1151158 0.0000e+00
       5280     36.200     8.7034     8.7040   3.414894   3.415583     0.4841     0.5544     0.0040  0.1151271 0.0000e+00
       5281     36.223     8.7034     8.7039   3.414897   3.415587     0.4841     0.5544     0.0040  0.1151374 0.0000e+00
       5282     36.246     8.7033     8.7039   3.414900   3.415591     0.4840     0.5543     0.0040  0.1151470 0.0000e+00
       5283     36.269     8.7033     8.7038   3.414902   3.415594     0.4840     0.5543     0.0040  0.1151557 0.0000e+00
       5284     36.292     8.7032     8.7038   3.414903   3.415598     0.4839     0.5543     0.0040  0.1151637 0.0000e+00
       5285     36.315     8.7032     8.7037   3.414904   3.415601     0.4839     0.5542     0.0040  0.1151711 0.0000e+00
       5286     36.339     8.7031     8.7036   3.414905   3.415603     0.4839     0.5542     0.0040  0.1151778 0.0000e+00
       5287     36.361     8.7030     8.7036   3.414906   3.415604     0.4838     0.5542     0.0040  0.1151840 0.0000e+00
       5288     36.384     8.7030     8.7035   3.414906   3.415605     0.4838     0.5541     0.0040  0.1151897 0.0000e+00
       5289     36.407     8.7029     8.7035   3.414906   3.415606     0.4838     0.5541     0.0040  0.1151949 0.0000e+00
       5290     36.430     8.7029     8.7034   3.414906   3.415606     0.4837     0.5541     0.0040  0.1151996 0.0000e+00
       5291     36.453     8.7028     8.7033   3.414906   3.415606     0.4837     0.5540     0.0040  0.1152040 0.0000e+00
       5292     36.476     8.7027     8.7033   3.414906   3.415605     0.4836     0.5540     0.0040  0.1152079 0.0000e+00
       5293     36.499     8.7027     8.7032   3.414905   3.415604     0.4836     0.5539     0.0040  0.1152115 0.0000e+00
       5294     36.522     8.7026     8.7032   3.414905   3.415603     0.4835     0.5539     0.0040  0.1152148 0.0000e+00
       5295     36.545     8.7026     8.7031   3.414904   3.415603     0.4835     0.5539     0.0040  0.1152177 0.0000e+00
       5296     36.568     8.7025     8.7030   3.414904   3.415603     0.4835     0.5538     0.0040  0.1152204 0.0000e+00
       5297     36.591     8.7025     8.7030   3.414904   3.415603     0.4834     0.5538     0.0040  0.1152228 0.0000e+00
       5298     36.614     8.7024     8.7029   3.414904   3.415603     0.4834     0.5537     0.0040  0.1152250 0.0000e+00
       5299     36.637     8.7024     8.7029   3.414904   3.415603     0.4834     0.5537     0.0040  0.1152269 0.0000e+00
       5300     36.659     8.7023     8.7028   3.414904   3.415604     0.4833     0.5537     0.0040  0.1152286 0.0000e+00
       5301     36.682     8.7023     8.7028   3.414905   3.415605     0.4833     0.5536     0.0040  0.1152300 0.0000e+00
       5302     36.705     8.7022     8.7027   3.414906   3.415606     0.4833     0.5536     0.0040  0.1152313 0.0000e+00
       5303     36.728     8.7022     8.7027   3.414907   3.415607     0.4833     0.5536     0.0040  0.1152324 0.0000e+00
       5304     36.751     8.7021     8.7026   3.414909   3.415609     0.4832     0.5535     0.0040  0.1152333 0.0000e+00
       5305     36.774     8.7021     8.7026   3.414911   3.415611     0.4832     0.5535     0.0040  0.1152340 0.0000e+00
       5306     36.797     8.7021     8.7026   3.414912   3.415613     0.4831     0.5534     0.0040  0.1152346 0.0000e+00
       5307     36.820     8.7020     8.7025   3.414913   3.415616     0.4831     0.5534     0.0040  0.1152350 0.0000e+00
       5308     36.842     8.7020     8.7025   3.414914   3.415619     0.4831     0.5534     0.0040  0.1152352 0.0000e+00
       5309     36.865     8.7019     8.7025   3.414915   3.415622     0.4830     0.5533     0.0040  0.1152352 0.0000e+00
       5310     36.887     8.7019     8.7024   3.414916   3.415625     0.4830     0.5533     0.0040  0.1152351 0.0000e+00
       5311     36.910     8.7019     8.7024   3.414916   3.415629     0.4830     0.5532     0.0040  0.1152348 0.0000e+00
       5312     36.933     8.7018     8.7024   3.414916   3.415632     0.4829     0.5532     0.0040  0.1152344 0.0000e+00
       5313     36.955     8.7018     8.7023   3.414917   3.415634     0.4829     0.5532     0.0040  0.1152338 0.0000e+00
       5314     36.978     8.7018     8.7023   3.414917   3.415637     0.4828     0.5531     0.0040  0.1152330 0.0000e+00
       5315     37.000     8.7017     8.7022   3.414917   3.415640     0.4828     0.5531     0.0040  0.1152320 0.0000e+00
       5316     37.023     8.7017     8.7022   3.414918   3.415643     0.4828     0.5531     0.0040  0.1152317 0.0000e+00
       5317     37.045     8.7016     8.7022   3.414918   3.415645     0.4827     0.5530     0.0040  0.1152329 0.0000e+00
       5318     37.068     8.7016     8.7021   3.414917   3.415647     0.4827     0.5530     0.0040  0.1152347 0.0000e+00
       5319     37.090     8.7016     8.7021   3.414916   3.415649     0.4827     0.5530     0.0040  0.1152364 0.0000e+00
       5320     37.112     8.7015     8.7020   3.414915   3.415651     0.4826     0.5529     0.0040  0.1152380 0.0000e+00
       5321     37.135     8.7015     8.7020   3.414913   3.415652     0.4826     0.5529     0.0040  0.1152394 0.0000e+00
       5322     37.157     8.7014     8.7019   3.414912   3.415654     0.4825     0.5529     0.0040  0.1152406 0.0000e+00
       5323     37.179     8.7014     8.7019   3.414911   3.415656     0.4825     0.5528     0.0038  0.1152418 0.0000e+00
       5324     37.202     8.7013     8.7019   3.414909   3.415657     0.4825     0.5528     0.0038  0.1152428 0.0000e+00
       5325     37.224     8.7013     8.7018   3.414907   3.415659     0.4825     0.5528     0.0038  0.1152437 0.0000e+00
       5326     37.246     8.7012     8.7018   3.414905   3.415660     0.4824     0.5528     0.0038  0.1152445 0.0000e+00
       5327     37.268     8.7011     8.7017   3.414903   3.415661     0.4824     0.5527     0.0038  0.1152452 0.0000e+00
       5328     37.290     8.7011     8.7017   3.414901   3.415663     0.4824     0.5527     0.0038  0.1152458 0.0000e+00
       5329     37.312     8.7010     8.7016   3.414899   3.415663     0.4823     0.5527     0.0038  0.1152463 0.0000e+00
       5330     37.335     8.7010     8.7016   3.414897   3.415664     0.4823     0.5526     0.0038  0.1152467 0.0000e+00
       5331     37.357     8.7009     8.7015   3.414895   3.415665     0.4823     0.5526     0.0038  0.1152471 0.0000e+00
       5332     37.379     8.7009     8.7015   3.414894   3.415665     0.4823     0.5525     0.0038  0.1152473 0.0000e+00
       5333     37.401     8.7008     8.7014   3.414892   3.415667     0.4822     0.5525     0.0038  0.1152475 0.0000e+00
       5334     37.423     8.7008     8.7014   3.414890   3.415668     0.4822     0.5525     0.0038  0.1152476 0.0000e+00
       5335     37.445     8.7007     8.7013   3.414888   3.415671     0.4822     0.5524     0.0038  0.1152476 0.0000e+00
       5336     37.467     8.7007     8.7013   3.414887   3.415674     0.4822     0.5524     0.0038  0.1152475 0.0000e+00
       5337     37.489     8.7006     8.7012   3.414886   3.415677     0.4821     0.5523     0.0038  0.1152474 0.0000e+00
       5338     37.511     8.7006     8.7012   3.414885   3.415681     0.4821     0.5523     0.0038  0.1152472 0.0000e+00
       5339     37.533     8.7005     8.7012   3.414886   3.415685     0.4821     0.5522     0.0038  0.1152469 0.0000e+00
       5340     37.555     8.7005     8.7012   3.414887   3.415691     0.4820     0.5522     0.0038  0.1152465 0.0000e+00
       5341     37.577     8.7005     8.7012   3.414889   3.415697     0.4820     0.5522     0.0038  0.1152460 0.0000e+00
       5342     37.599     8.7005     8.7012   3.414892   3.415704     0.4820     0.5521     0.0038  0.1152463 0.0000e+00
       5343     37.621     8.7005     8.7012   3.414896   3.415711     0.4820     0.5521     0.0038  0.1152482 0.0000e+00
       5344     37.643     8.7004     8.7012   3.414901   3.415719     0.4819     0.5520     0.0038  0.1152509 0.0000e+00
       5345     37.665     8.7004     8.7012   3.414906   3.415727     0.4819     0.5520     0.0038  0.1152535 0.0000e+00
       5346     37.687     8.7004     8.7012   3.414913   3.415735     0.4819     0.5520     0.0038  0.1152560 0.0000e+00
       5347     37.709     8.7004     8.7012   3.414920   3.415744     0.4819     0.5519     0.0038  0.1152586 0.0000e+00
       5348     37.730     8.7004     8.7011   3.414928   3.415753     0.4818     0.5519     0.0040  0.1152612 0.0000e+00
       5349     37.752     8.7004     8.7011   3.414936   3.415761     0.4818     0.5519     0.0040  0.1152637 0.0000e+00
       5350     37.774     8.7004     8.7011   3.414944   3.415769     0.4818     0.5519     0.0040  0.1152663 0.0000e+00
       5351     37.796     8.7004     8.7011   3.414952   3.415777     0.4817     0.5518     0.0040  0.1152690 0.0000e+00
       5352     37.818     8.7004     8.7011   3.414959   3.415784     0.4817     0.5518     0.0040  0.1152717 0.0000e+00
       5353     37.840     8.7003     8.7010   3.414967   3.415791     0.4817     0.5518     0.0040  0.1152746 0.0000e+00
       5354     37.862     8.7003     8.7010   3.414973   3.415797     0.4816     0.5518     0.0040  0.1152775 0.0000e+00
       5355     37.884     8.7003     8.7010   3.414979   3.415802     0.4816     0.5517     0.0040  0.1152805 0.0000e+00
       5356     37.906     8.7002     8.7009   3.414984   3.415807     0.4816     0.5517     0.0040  0.1152838 0.0000e+00
       5357     37.927     8.7002     8.7008   3.414988   3.415811     0.4815     0.5517     0.0040  0.1152871 0.0000e+00
       5358     37.949     8.7001     8.7008   3.414993   3.415814     0.4815     0.5517     0.0040  0.1152907 0.0000e+00
       5359     37.970     8.7000     8.7007   3.414996   3.415818     0.4815     0.5517     0.0040  0.1152945 0.0000e+00
       5360     37.992     8.7000     8.7006   3.414999   3.415821     0.4815     0.5516     0.0040  0.1152986 0.0000e+00
       5361     38.014     8.6999     8.7006   3.415002   3.415823     0.4814     0.5516     0.0040  0.1153029 0.0000e+00
       5362     38.035     8.6998     8.7005   3.415005   3.415826     0.4814     0.5516     0.0040  0.1153075 0.0000e+00
       5363     38.057     8.6998     8.7004   3.415007   3.415829     0.4814     0.5516     0.0040  0.1153125 0.0000e+00
       5364     38.078     8.6997     8.7004   3.415010   3.415831     0.4814     0.5515     0.0040  0.1153178 0.0000e+00
       5365     38.100     8.6996     8.7003   3.415011   3.415834     0.4814     0.5515     0.0040  0.1153244 0.0000e+00
       5366     38.121     8.6995     8.7002   3.415013   3.415836     0.4813     0.5515     0.0040  0.1153340 0.0000e+00
       5367     38.143     8.6995     8.7001   3.415014   3.415838     0.4813     0.5515     0.0040  0.1153467 0.0000e+00
       5368     38.164     8.6994     8.7000   3.415015   3.415840     0.4813     0.5514     0.0040  0.1153608 0.0000e+00
       5369     38.186     8.6993     8.6999   3.415017   3.415842     0.4813     0.5514     0.0040  0.1153757 0.0000e+00
       5370     38.207     8.6992     8.6999   3.415020   3.415844     0.4813     0.5514     0.0040  0.1153913 0.0000e+00
       5371     38.229     8.6992     8.6998   3.415023   3.415846     0.4812     0.5513     0.0040  0.1154079 0.0000e+00
       5372     38.250     8.6991     8.6997   3.415027   3.415848     0.4812     0.5513     0.0040  0.1154255 0.0000e+00
       5373     38.272     8.6990     8.6996   3.415031   3.415850     0.4812     0.5512     0.0040  0.1154443 0.0000e+00
       5374     38.293     8.6989     8.6996   3.415035   3.415852     0.4812     0.5512     0.0038  0.1154635 0.0000e+00
       5375     38.314     8.6988     8.6995   3.415038   3.415855     0.4812     0.5511     0.0038  0.1154816 0.0000e+00
       5376     38.336     8.6988     8.6994   3.415042   3.415857     0.4811     0.5511     0.0038  0.1154978 0.0000e+00
       5377     38.357     8.6987     8.6993   3.415045   3.415859     0.4811     0.5510     0.0038  0.1155123 0.0000e+00
