code/data/2021/ctd_data_day1/Station 4 210921.cnv
* Sea-Bird SBE 9 Data File:
* FileName = C:\Users\CTD-User\Desktop\MAR440\Station 4 210921.hex
* Software Version Seasave V 7.26.2.13
* Temperature SN = 6313
* Conductivity SN = 4758
* Number of Bytes Per Scan = 30
* Number of Voltage Words = 4
* Number of Scans Averaged by the Deck Unit = 1
* NMEA baud rate = 4800
** Ship:
** Station:
** Operator:
# nquan = 11
# nvalues = 963                                   
# units = specified
# name 0 = scan: Scan Count
# name 1 = prDM: Pressure, Digiquartz [db]
# name 2 = t090C: Temperature [ITS-90, deg C]
# name 3 = t190C: Temperature, 2 [ITS-90, deg C]
# name 4 = c0S/m: Conductivity [S/m]
# name 5 = c1S/m: Conductivity, 2 [S/m]
# name 6 = sbeox0V: Oxygen raw, SBE 43 [V]
# name 7 = sbeox1V: Oxygen raw, SBE 43, 2 [V]
# name 8 = flECO-AFL: Fluorescence, WET Labs ECO-AFL/FL [mg/m^3]
# name 9 = upoly0: Upoly 0, Turbidity
# name 10 = flag:  0.000e+00
# span 0 =          1,        963                 
# span 1 =      0.481,     10.723                 
# span 2 =    11.6141,    15.3196                 
# span 3 =    11.6112,    15.1462                 
# span 4 =  -0.000856,   2.790225                 
# span 5 =   0.025987,   2.797403                 
# span 6 =     2.2466,     3.1600                 
# span 7 =     2.1734,     2.9280                 
# span 8 =     0.0033,     0.0317                 
# span 9 =  0.0805824,  0.2378474                 
# span 10 = 0.0000e+00, 0.0000e+00                
# interval = seconds: 0.0416667
# start_time = Sep 21 2021 09:52:02 [System UTC, header]
# bad_flag = -9.990e-29
*END*
[from data line 394]
        395      1.631    14.1018    14.0720   2.780206   2.780480     2.7619     2.3993     0.0060  0.2256374  0.000e+00
        396      1.664    14.1018    14.0726   2.780131   2.780390     2.7582     2.3980     0.0060  0.2256374  0.000e+00
        397      1.697    14.1020    14.0733   2.780045   2.780299     2.7546     2.3956     0.0060  0.2251490  0.000e+00
        398      1.664    14.1016    14.0738   2.780012   2.780219     2.7521     2.3932     0.0060  0.2256374  0.000e+00
        399      1.697    14.1018    14.0742   2.779904   2.780219     2.7485     2.3919     0.0060  0.2256374  0.000e+00
        400      1.664    14.1016    14.0747   2.779813   2.780267     2.7460     2.3895     0.0060  0.2256374  0.000e+00
        401      1.697    14.1016    14.0750   2.779732   2.780203     2.7424     2.3883     0.0060  0.2256374  0.000e+00
        402      1.730    14.1016    14.0752   2.779694   2.780096     2.7387     2.3858     0.0060  0.2256374  0.000e+00
        403      1.631    14.1016    14.0755   2.779608   2.780027     2.7363     2.3846     0.0060  0.2256374  0.000e+00
        404      1.730    14.1015    14.0755   2.779382   2.780075     2.7314     2.3822     0.0060  0.2256374  0.000e+00
        405      1.631    14.1016    14.0757   2.779457   2.779979     2.7289     2.3809     0.0060  0.2256374  0.000e+00
        406      1.730    14.1016    14.0759   2.779425   2.779862     2.7265     2.3785     0.0060  0.2256374  0.000e+00
        407      1.697    14.1015    14.0760   2.779376   2.779867     2.7228     2.3773     0.0059  0.2261258  0.000e+00
        408      1.664    14.1016    14.0764   2.779333   2.779905     2.7204     2.3748     0.0057  0.2280794  0.000e+00
        409      1.697    14.1015    14.0764   2.779301   2.779894     2.7167     2.3736     0.0055  0.2285678  0.000e+00
        410      1.631    14.1015    14.0765   2.779311   2.779846     2.7143     2.3724     0.0053  0.2285678  0.000e+00
        411      1.730    14.1013    14.0767   2.779123   2.779830     2.7106     2.3700     0.0055  0.2290562  0.000e+00
        412      1.697    14.1015    14.0771   2.779268   2.779873     2.7082     2.3687     0.0055  0.2290562  0.000e+00
        413      1.664    14.1016    14.0768   2.779166   2.779809     2.7045     2.3663     0.0055  0.2285678  0.000e+00
        414      1.697    14.1013    14.0775   2.779247   2.779739     2.7021     2.3651     0.0055  0.2290562  0.000e+00
        415      1.664    14.1013    14.0779   2.779177   2.779841     2.6984     2.3639     0.0055  0.2290562  0.000e+00
        416      1.697    14.1011    14.0782   2.779333   2.779867     2.6960     2.3614     0.0055  0.2290562  0.000e+00
        417      1.664    14.1013    14.0786   2.779258   2.779798     2.6923     2.3602     0.0055  0.2290562  0.000e+00
        418      1.697    14.1010    14.0789   2.779193   2.779798     2.6899     2.3577     0.0055  0.2285678  0.000e+00
        419      1.664    14.1007    14.0790   2.779306   2.779883     2.6862     2.3565     0.0055  0.2290562  0.000e+00
        420      1.696    14.1001    14.0794   2.779090   2.779931     2.6838     2.3553     0.0055  0.2285678  0.000e+00
        421      1.663    14.0998    14.0799   2.779220   2.779942     2.6801     2.3541     0.0055  0.2285678  0.000e+00
        422      1.696    14.0995    14.0804   2.779096   2.779878     2.6777     2.3516     0.0055  0.2290562  0.000e+00
        423      1.663    14.0991    14.0811   2.779144   2.779937     2.6740     2.3516     0.0055  0.2285678  0.000e+00
        424      1.696    14.0991    14.0818   2.779069   2.779985     2.6715     2.3480     0.0055  0.2290562  0.000e+00
        425      1.663    14.0993    14.0826   2.779107   2.779974     2.6691     2.3468     0.0055  0.2285678  0.000e+00
        426      1.696    14.0996    14.0826   2.778999   2.779926     2.6654     2.3455     0.0055  0.2290562  0.000e+00
        427      1.663    14.1000    14.0828   2.779069   2.779931     2.6630     2.3443     0.0053  0.2290562  0.000e+00
        428      1.754    14.1007    14.0826   2.778907   2.779857     2.6606     2.3431     0.0055  0.2290562  0.000e+00
        429      1.663    14.1013    14.0824   2.778886   2.779873     2.6569     2.3407     0.0055  0.2285678  0.000e+00
        430      1.630    14.1016    14.0823   2.778875   2.779766     2.6545     2.3394     0.0055  0.2290562  0.000e+00
        431      1.729    14.1018    14.0819   2.778772   2.779803     2.6520     2.3382     0.0055  0.2290562  0.000e+00
        432      1.696    14.1020    14.0820   2.778762   2.779771     2.6483     2.3370     0.0055  0.2290562  0.000e+00
        433      1.696    14.1021    14.0816   2.778589   2.779675     2.6459     2.3345     0.0057  0.2310098  0.000e+00
        434      1.663    14.1020    14.0818   2.778530   2.779654     2.6435     2.3333     0.0059  0.2334518  0.000e+00
        435      1.696    14.1020    14.0814   2.778530   2.779548     2.6410     2.3321     0.0059  0.2339402  0.000e+00
        436      1.663    14.1018    14.0814   2.778309   2.779420     2.6374     2.3309     0.0059  0.2339402  0.000e+00
        437      1.696    14.1018    14.0814   2.778185   2.779350     2.6349     2.3297     0.0059  0.2339402  0.000e+00
        438      1.729    14.1016    14.0816   2.778120   2.779276     2.6325     2.3284     0.0059  0.2339402  0.000e+00
        439      1.696    14.1018    14.0818   2.777975   2.779212     2.6300     2.3260     0.0059  0.2339402  0.000e+00
        440      1.663    14.1016    14.0820   2.777867   2.779143     2.6276     2.3248     0.0059  0.2339402  0.000e+00
        441      1.696    14.1015    14.0823   2.777829   2.779068     2.6251     2.3236     0.0059  0.2339402  0.000e+00
        442      1.663    14.1013    14.0826   2.777678   2.779020     2.6227     2.3223     0.0059  0.2339402  0.000e+00
        443      1.696    14.1011    14.0831   2.777619   2.778940     2.6190     2.3211     0.0059  0.2339402  0.000e+00
        444      1.663    14.1010    14.0836   2.777630   2.778897     2.6178     2.3187     0.0059  0.2339402  0.000e+00
        445      1.754    14.1010    14.0843   2.777463   2.778892     2.6142     2.3175     0.0059  0.2334518  0.000e+00
        446      1.663    14.1007    14.0848   2.777473   2.778887     2.6117     2.3162     0.0059  0.2339402  0.000e+00
        447      1.696    14.1007    14.0854   2.777371   2.778828     2.6093     2.3150     0.0059  0.2339402  0.000e+00
        448      1.663    14.1005    14.0860   2.777376   2.778812     2.6068     2.3138     0.0057  0.2339402  0.000e+00
        449      1.696    14.1003    14.0865   2.777344   2.778786     2.6044     2.3126     0.0059  0.2339402  0.000e+00
        450      1.663    14.1003    14.0872   2.777360   2.778727     2.6020     2.3113     0.0059  0.2339402  0.000e+00
        451      1.696    14.1001    14.0874   2.777258   2.778748     2.5995     2.3101     0.0059  0.2339402  0.000e+00
        452      1.729    14.1000    14.0878   2.777274   2.778743     2.5971     2.3077     0.0059  0.2339402  0.000e+00
        453      1.630    14.1000    14.0880   2.777199   2.778690     2.5946     2.3065     0.0059  0.2339402  0.000e+00
        454      1.729    14.1000    14.0885   2.777339   2.778700     2.5922     2.3052     0.0059  0.2339402  0.000e+00
        455      1.696    14.1000    14.0885   2.777182   2.778711     2.5910     2.3040     0.0059  0.2334518  0.000e+00
        456      1.663    14.0996    14.0890   2.777166   2.778759     2.5885     2.3028     0.0059  0.2339402  0.000e+00
        457      1.696    14.0998    14.0891   2.777096   2.778727     2.5861     2.3016     0.0059  0.2339402  0.000e+00
        458      1.696    14.0998    14.0896   2.777177   2.778631     2.5836     2.3004     0.0059  0.2319866  0.000e+00
        459      1.663    14.0996    14.0896   2.777042   2.778700     2.5812     2.2991     0.0060  0.2251490  0.000e+00
        460      1.696    14.0996    14.0899   2.777037   2.778706     2.5788     2.2979     0.0060  0.2222186  0.000e+00
        461      1.663    14.0998    14.0902   2.776902   2.778668     2.5763     2.2955     0.0060  0.2222186  0.000e+00
        462      1.695    14.0998    14.0908   2.776967   2.778578     2.5751     2.2943     0.0060  0.2227070  0.000e+00
        463      1.662    14.0998    14.0905   2.776972   2.778679     2.5726     2.2930     0.0060  0.2227070  0.000e+00
        464      1.695    14.0998    14.0911   2.776891   2.778631     2.5702     2.2918     0.0060  0.2227070  0.000e+00
        465      1.662    14.0998    14.0914   2.776800   2.778540     2.5678     2.2906     0.0060  0.2227070  0.000e+00
        466      1.695    14.1001    14.0914   2.776784   2.778498     2.5653     2.2894     0.0060  0.2227070  0.000e+00
        467      1.662    14.0998    14.0916   2.776757   2.778493     2.5641     2.2882     0.0060  0.2227070  0.000e+00
        468      1.695    14.1002    14.0917   2.776719   2.778477     2.5617     2.2869     0.0060  0.2227070  0.000e+00
        469      1.662    14.1001    14.0919   2.776644   2.778413     2.5604     2.2857     0.0060  0.2227070  0.000e+00
        470      1.695    14.1001    14.0917   2.776509   2.778429     2.5580     2.2845     0.0060  0.2227070  0.000e+00
        471      1.662    14.1000    14.0920   2.776541   2.778386     2.5556     2.2833     0.0060  0.2227070  0.000e+00
        472      1.695    14.1001    14.0921   2.776520   2.778247     2.5531     2.2808     0.0060  0.2227070  0.000e+00
        473      1.662    14.1003    14.0923   2.776460   2.778279     2.5507     2.2796     0.0060  0.2227070  0.000e+00
        474      1.695    14.1003    14.0921   2.776342   2.778253     2.5494     2.2784     0.0060  0.2227070  0.000e+00
        475      1.662    14.1002    14.0923   2.776331   2.778194     2.5470     2.2772     0.0060  0.2227070  0.000e+00
        476      1.695    14.1000    14.0921   2.776213   2.778152     2.5458     2.2759     0.0060  0.2227070  0.000e+00
        477      1.662    14.1001    14.0923   2.776142   2.778114     2.5433     2.2747     0.0060  0.2227070  0.000e+00
        478      1.695    14.1000    14.0923   2.776180   2.778045     2.5409     2.2735     0.0060  0.2227070  0.000e+00
        479      1.662    14.1000    14.0923   2.776126   2.778029     2.5397     2.2723     0.0060  0.2227070  0.000e+00
        480      1.629    14.1000    14.0923   2.776056   2.778018     2.5372     2.2711     0.0060  0.2227070  0.000e+00
        481      1.728    14.1001    14.0921   2.775895   2.777944     2.5348     2.2698     0.0060  0.2227070  0.000e+00
        482      1.629    14.1000    14.0923   2.775932   2.777880     2.5324     2.2686     0.0060  0.2227070  0.000e+00
        483      1.695    14.0998    14.0923   2.775851   2.777917     2.5311     2.2674     0.0060  0.2227070  0.000e+00
        484      1.662    14.0998    14.0921   2.775798   2.777922     2.5299     2.2662     0.0060  0.2231954  0.000e+00
        485      1.695    14.1000    14.0918   2.775803   2.777843     2.5275     2.2637     0.0060  0.2241722  0.000e+00
        486      1.662    14.1000    14.0919   2.775776   2.777869     2.5250     2.2625     0.0060  0.2241722  0.000e+00
        487      1.695    14.1000    14.0917   2.775614   2.777853     2.5238     2.2625     0.0060  0.2241722  0.000e+00
        488      1.662    14.1000    14.0919   2.775695   2.777763     2.5214     2.2601     0.0060  0.2241722  0.000e+00
        489      1.695    14.0998    14.0918   2.775593   2.777747     2.5201     2.2601     0.0060  0.2241722  0.000e+00
        490      1.662    14.1000    14.0917   2.775631   2.777704     2.5177     2.2576     0.0060  0.2241722  0.000e+00
        491      1.629    14.0998    14.0917   2.775593   2.777645     2.5165     2.2564     0.0060  0.2241722  0.000e+00
        492      1.728    14.1000    14.0917   2.775496   2.777704     2.5140     2.2552     0.0060  0.2241722  0.000e+00
        493      1.629    14.0998    14.0917   2.775437   2.777656     2.5128     2.2552     0.0060  0.2241722  0.000e+00
        494      1.662    14.0998    14.0916   2.775437   2.777672     2.5104     2.2527     0.0059  0.2241722  0.000e+00
        495      1.695    14.1000    14.0917   2.775388   2.777667     2.5092     2.2515     0.0060  0.2241722  0.000e+00
        496      1.662    14.1000    14.0917   2.775420   2.777592     2.5067     2.2503     0.0060  0.2241722  0.000e+00
        497      1.695    14.1000    14.0917   2.775410   2.777619     2.5055     2.2491     0.0060  0.2241722  0.000e+00
        498      1.662    14.0998    14.0919   2.775313   2.777613     2.5030     2.2479     0.0060  0.2241722  0.000e+00
        499      1.694    14.1001    14.0921   2.775286   2.777576     2.5018     2.2479     0.0060  0.2241722  0.000e+00
        500      1.604    14.1000    14.0921   2.775205   2.777555     2.5006     2.2454     0.0060  0.2241722  0.000e+00
        501      1.694    14.1000    14.0926   2.775340   2.777539     2.4982     2.2442     0.0060  0.2241722  0.000e+00
        502      1.661    14.1000    14.0927   2.775356   2.777619     2.4957     2.2442     0.0060  0.2241722  0.000e+00
        503      1.694    14.0998    14.0932   2.775280   2.777539     2.4933     2.2430     0.0060  0.2241722  0.000e+00
        504      1.661    14.0995    14.0934   2.775323   2.777486     2.4921     2.2418     0.0060  0.2241722  0.000e+00
        505      1.628    14.0993    14.0938   2.775216   2.777544     2.4908     2.2405     0.0060  0.2241722  0.000e+00
        506      1.604    14.0986    14.0941   2.775200   2.777523     2.4884     2.2393     0.0060  0.2241722  0.000e+00
        507      1.694    14.0980    14.0944   2.775086   2.777486     2.4872     2.2381     0.0060  0.2241722  0.000e+00
        508      1.694    14.0974    14.0947   2.775167   2.777528     2.4847     2.2369     0.0060  0.2241722  0.000e+00
        509      1.604    14.0969    14.0946   2.774995   2.777416     2.4835     2.2344     0.0060  0.2231954  0.000e+00
        510      1.694    14.0964    14.0950   2.774973   2.777390     2.4823     2.2344     0.0057  0.2187998  0.000e+00
        511      1.661    14.0963    14.0950   2.774941   2.777384     2.4798     2.2332     0.0059  0.2168462  0.000e+00
        512      1.628    14.0959    14.0950   2.774898   2.777315     2.4786     2.2320     0.0059  0.2173346  0.000e+00
        513      1.661    14.0956    14.0951   2.774892   2.777294     2.4762     2.2308     0.0059  0.2173346  0.000e+00
        514      1.628    14.0956    14.0950   2.774731   2.777304     2.4762     2.2295     0.0059  0.2168462  0.000e+00
        515      1.603    14.0954    14.0953   2.774801   2.777257     2.4750     2.2283     0.0059  0.2168462  0.000e+00
        516      1.694    14.0951    14.0953   2.774661   2.777161     2.4713     2.2271     0.0059  0.2168462  0.000e+00
        517      1.603    14.0953    14.0953   2.774623   2.777203     2.4701     2.2259     0.0059  0.2168462  0.000e+00
        518      1.694    14.0951    14.0954   2.774629   2.777219     2.4689     2.2247     0.0059  0.2168462  0.000e+00
        519      1.661    14.0954    14.0954   2.774391   2.777139     2.4664     2.2234     0.0059  0.2168462  0.000e+00
        520      1.628    14.0956    14.0956   2.774478   2.777219     2.4652     2.2222     0.0059  0.2168462  0.000e+00
        521      1.661    14.0959    14.0955   2.774386   2.777225     2.4640     2.2222     0.0059  0.2173346  0.000e+00
        522      1.628    14.0963    14.0958   2.774381   2.777075     2.4628     2.2198     0.0059  0.2168462  0.000e+00
        523      1.661    14.0963    14.0958   2.774413   2.777139     2.4615     2.2186     0.0059  0.2168462  0.000e+00
        524      1.628    14.0967    14.0960   2.774224   2.777129     2.4591     2.2186     0.0059  0.2173346  0.000e+00
