code/data/2021/ctd_data_day1/Station 4 210921_ctm.cnv
* Sea-Bird SBE 9 Data File:
* FileName = C:\Users\CTD-User\Desktop\MAR440\Station 4 210921.hex
* Software Version Seasave V 7.26.2.13
* Temperature SN = 6313
* Conductivity SN = 4758
* Number of Bytes Per Scan = 30
* Number of Voltage Words = 4
* Number of Scans Averaged by the Deck Unit = 1
* NMEA baud rate = 4800
** Ship:
** Station:
** Operator:
# nquan = 11
# nvalues = 963                         
# units = specified
# name 0 = scan: Scan Count
# name 1 = prDM: Pressure, Digiquartz [db]
# name 2 = t090C: Temperature [ITS-90, deg C]
# name 3 = t190C: Temperature, 2 [ITS-90, deg C]
# name 4 = c0S/m: Conductivity [S/m]
# name 5 = c1S/m: Conductivity, 2 [S/m]
# name 6 = sbeox0V: Oxygen raw, SBE 43 [V]
# name 7 = sbeox1V: Oxygen raw, SBE 43, 2 [V]
# name 8 = flECO-AFL: Fluorescence, WET Labs ECO-AFL/FL [mg/m^3]
# name 9 = upoly0: Upoly 0, Turbidity
# name 10 = flag:  0.000e+00
# span 0 =          1,        963       
# span 1 =      0.481,     10.723       
# span 2 =    11.6141,    15.3196       
# span 3 =    11.6112,    15.1462       
# span 4 =  -0.001126,   2.798481       
# span 5 =   0.025711,   2.805571       
# span 6 =     2.2466,     3.1600       
# span 7 =     2.1734,     2.9280       
# span 8 =     0.0033,     0.0317       
# span 9 =  0.0805824,  0.2378474       
# span 10 = 0.0000e+00, 0.0000e+00      
# interval = seconds: 0.0416667
# start_time = Sep 21 2021 09:52:02 [System UTC, header]
# bad_flag = -9.990e-29
*END*
[from data line 263]
        264      1.700    14.0897    14.0544   2.789343   2.791583     3.1197     2.7265     0.0060  0.2314982 0.0000e+00
        265      1.667    14.0897    14.0519   2.789497   2.791551     3.1209     2.7228     0.0060  0.2314982 0.0000e+00
        266      1.700    14.0898    14.0490   2.789356   2.791394     3.1233     2.7179     0.0060  0.2314982 0.0000e+00
        267      1.733    14.0901    14.0453   2.789165   2.791293     3.1245     2.7131     0.0060  0.2314982 0.0000e+00
        268      1.634    14.0904    14.0424   2.789175   2.791174     3.1270     2.7082     0.0060  0.2314982 0.0000e+00
        269      1.733    14.0902    14.0392   2.789178   2.791113     3.1282     2.7045     0.0060  0.2314982 0.0000e+00
        270      1.700    14.0906    14.0366   2.789161   2.790964     3.1306     2.6996     0.0060  0.2314982 0.0000e+00
        271      1.667    14.0907    14.0342   2.789219   2.790831     3.1319     2.6960     0.0060  0.2314982 0.0000e+00
        272      1.700    14.0907    14.0322   2.789255   2.790705     3.1331     2.6911     0.0060  0.2314982 0.0000e+00
        273      1.667    14.0910    14.0303   2.789169   2.790650     3.1343     2.6874     0.0060  0.2314982 0.0000e+00
        274      1.700    14.0911    14.0293   2.789044   2.790582     3.1368     2.6825     0.0060  0.2314982 0.0000e+00
        275      1.667    14.0912    14.0284   2.789151   2.790504     3.1380     2.6789     0.0060  0.2314982 0.0000e+00
        276      1.699    14.0914    14.0278   2.789086   2.790405     3.1392     2.6752     0.0060  0.2314982 0.0000e+00
        277      1.666    14.0917    14.0264   2.788973   2.790326     3.1404     2.6715     0.0060  0.2314982 0.0000e+00
        278      1.699    14.0923    14.0249   2.788953   2.790245     3.1416     2.6679     0.0060  0.2314982 0.0000e+00
        279      1.666    14.0927    14.0231   2.788975   2.790127     3.1429     2.6642     0.0060  0.2314982 0.0000e+00
        280      1.699    14.0934    14.0214   2.788912   2.790052     3.1441     2.6593     0.0059  0.2275910 0.0000e+00
        281      1.666    14.0939    14.0198   2.788876   2.789961     3.1453     2.6569     0.0057  0.2251490 0.0000e+00
        282      1.699    14.0943    14.0183   2.788926   2.789897     3.1465     2.6532     0.0057  0.2251490 0.0000e+00
        283      1.666    14.0946    14.0173   2.788856   2.789767     3.1477     2.6496     0.0057  0.2251490 0.0000e+00
        284      1.699    14.0951    14.0163   2.788793   2.789710     3.1490     2.6471     0.0057  0.2251490 0.0000e+00
        285      1.609    14.0951    14.0160   2.788803   2.789625     3.1502     2.6435     0.0057  0.2251490 0.0000e+00
        286      1.757    14.0951    14.0153   2.788771   2.789587     3.1514     2.6398     0.0057  0.2251490 0.0000e+00
        287      1.633    14.0953    14.0148   2.788546   2.789469     3.1514     2.6374     0.0057  0.2251490 0.0000e+00
        288      1.732    14.0954    14.0145   2.788503   2.789416     3.1526     2.6337     0.0057  0.2251490 0.0000e+00
        289      1.633    14.0953    14.0141   2.788610   2.789395     3.1526     2.6313     0.0057  0.2251490 0.0000e+00
        290      1.666    14.0953    14.0134   2.788411   2.789388     3.1551     2.6276     0.0057  0.2251490 0.0000e+00
        291      1.699    14.0953    14.0131   2.788455   2.789293     3.1563     2.6251     0.0057  0.2251490 0.0000e+00
        292      1.666    14.0951    14.0125   2.788498   2.789287     3.1563     2.6227     0.0057  0.2251490 0.0000e+00
        293      1.699    14.0951    14.0116   2.788407   2.789158     3.1575     2.6190     0.0057  0.2251490 0.0000e+00
        294      1.666    14.0951    14.0104   2.788202   2.789017     3.1575     2.6166     0.0057  0.2251490 0.0000e+00
        295      1.633    14.0951    14.0089   2.788328   2.788965     3.1587     2.6142     0.0057  0.2251490 0.0000e+00
        296      1.666    14.0953    14.0074   2.788411   2.788883     3.1587     2.6105     0.0057  0.2251490 0.0000e+00
        297      1.699    14.0954    14.0055   2.788223   2.788841     3.1587     2.6081     0.0057  0.2251490 0.0000e+00
        298      1.666    14.0954    14.0042   2.788112   2.788774     3.1587     2.6056     0.0057  0.2251490 0.0000e+00
        299      1.699    14.0953    14.0028   2.788236   2.788697     3.1600     2.6032     0.0057  0.2251490 0.0000e+00
        300      1.666    14.0956    14.0013   2.788120   2.788742     3.1600     2.6007     0.0057  0.2251490 0.0000e+00
        301      1.633    14.0958    13.9997   2.788080   2.788702     3.1600     2.5983     0.0057  0.2251490 0.0000e+00
        302      1.666    14.0958    13.9976   2.788189   2.788660     3.1600     2.5958     0.0057  0.2251490 0.0000e+00
        303      1.699    14.0959    13.9956   2.788304   2.788576     3.1587     2.5934     0.0057  0.2251490 0.0000e+00
        304      1.666    14.0959    13.9936   2.788258   2.788535     3.1587     2.5910     0.0057  0.2251490 0.0000e+00
        305      1.633    14.0960    13.9915   2.788304   2.788429     3.1575     2.5885     0.0059  0.2251490 0.0000e+00
        306      1.666    14.0967    13.9898   2.788384   2.788298     3.1563     2.5861     0.0062  0.2241722 0.0000e+00
        307      1.699    14.0971    13.9878   2.788258   2.788305     3.1538     2.5836     0.0064  0.2241722 0.0000e+00
        308      1.666    14.0973    13.9862   2.788255   2.788265     3.1526     2.5812     0.0064  0.2241722 0.0000e+00
        309      1.633    14.0973    13.9845   2.788193   2.788167     3.1514     2.5800     0.0064  0.2241722 0.0000e+00
        310      1.633    14.0971    13.9825   2.788130   2.788126     3.1490     2.5763     0.0062  0.2241722 0.0000e+00
        311      1.666    14.0971    13.9808   2.788030   2.788060     3.1465     2.5739     0.0064  0.2241722 0.0000e+00
        312      1.699    14.0973    13.9788   2.787872   2.787983     3.1441     2.5726     0.0064  0.2241722 0.0000e+00
        313      1.608    14.0976    13.9774   2.787908   2.787923     3.1404     2.5702     0.0064  0.2241722 0.0000e+00
        314      1.699    14.0978    13.9752   2.787825   2.787856     3.1380     2.5678     0.0064  0.2241722 0.0000e+00
        315      1.666    14.0985    13.9737   2.787857   2.787706     3.1343     2.5653     0.0064  0.2241722 0.0000e+00
        316      1.633    14.0983    13.9723   2.787903   2.787625     3.1306     2.5629     0.0064  0.2241722 0.0000e+00
        317      1.666    14.0985    13.9707   2.787815   2.787534     3.1270     2.5604     0.0064  0.2241722 0.0000e+00
        318      1.699    14.0985    13.9692   2.787754   2.787400     3.1221     2.5592     0.0064  0.2241722 0.0000e+00
        319      1.608    14.0988    13.9676   2.787715   2.787324     3.1172     2.5556     0.0064  0.2241722 0.0000e+00
        320      1.699    14.0988    13.9665   2.787762   2.787155     3.1136     2.5543     0.0064  0.2241722 0.0000e+00
        321      1.666    14.0991    13.9653   2.787837   2.787001     3.1087     2.5519     0.0064  0.2241722 0.0000e+00
        322      1.699    14.0989    13.9644   2.787936   2.786865     3.1050     2.5507     0.0064  0.2241722 0.0000e+00
        323      1.608    14.0988    13.9635   2.787832   2.786718     3.1001     2.5482     0.0064  0.2241722 0.0000e+00
        324      1.699    14.0986    13.9628   2.787867   2.786604     3.0952     2.5458     0.0064  0.2241722 0.0000e+00
        325      1.666    14.0985    13.9621   2.787924   2.786554     3.0904     2.5433     0.0064  0.2241722 0.0000e+00
        326      1.633    14.0986    13.9614   2.787843   2.786386     3.0867     2.5421     0.0064  0.2241722 0.0000e+00
        327      1.666    14.0986    13.9608   2.787933   2.786263     3.0794     2.5397     0.0064  0.2241722 0.0000e+00
        328      1.699    14.0986    13.9604   2.787883   2.786139     3.0745     2.5372     0.0064  0.2241722 0.0000e+00
        329      1.666    14.0989    13.9601   2.787802   2.786065     3.0696     2.5348     0.0064  0.2241722 0.0000e+00
        330      1.633    14.0986    13.9599   2.787832   2.785963     3.0635     2.5336     0.0064  0.2241722 0.0000e+00
        331      1.665    14.0990    13.9595   2.787751   2.785819     3.0586     2.5311     0.0060  0.2314982 0.0000e+00
        332      1.698    14.0996    13.9594   2.787754   2.785692     3.0537     2.5287     0.0057  0.2368706 0.0000e+00
        333      1.665    14.1001    13.9599   2.787658   2.785658     3.0476     2.5275     0.0057  0.2378474 0.0000e+00
        334      1.632    14.1015    13.9610   2.787565   2.785547     3.0427     2.5250     0.0057  0.2373590 0.0000e+00
        335      1.632    14.1023    13.9634   2.787642   2.785558     3.0366     2.5226     0.0057  0.2373590 0.0000e+00
        336      1.665    14.1028    13.9658   2.787541   2.785520     3.0305     2.5201     0.0057  0.2368706 0.0000e+00
        337      1.632    14.1030    13.9687   2.787439   2.785458     3.0256     2.5189     0.0057  0.2373590 0.0000e+00
        338      1.665    14.1028    13.9711   2.787395   2.785325     3.0208     2.5165     0.0057  0.2373590 0.0000e+00
        339      1.698    14.1027    13.9732   2.787335   2.785239     3.0147     2.5140     0.0057  0.2373590 0.0000e+00
        340      1.608    14.1025    13.9744   2.787210   2.785197     3.0085     2.5116     0.0057  0.2373590 0.0000e+00
        341      1.698    14.1028    13.9747   2.787092   2.785184     3.0024     2.5104     0.0057  0.2373590 0.0000e+00
        342      1.665    14.1025    13.9745   2.787117   2.785084     2.9976     2.5079     0.0057  0.2373590 0.0000e+00
        343      1.632    14.1023    13.9737   2.786982   2.785002     2.9915     2.5055     0.0057  0.2373590 0.0000e+00
        344      1.608    14.1025    13.9725   2.786897   2.784893     2.9866     2.5043     0.0057  0.2373590 0.0000e+00
        345      1.698    14.1025    13.9712   2.786859   2.784805     2.9817     2.5018     0.0057  0.2368706 0.0000e+00
        346      1.665    14.1023    13.9700   2.786799   2.784759     2.9756     2.4982     0.0057  0.2373590 0.0000e+00
        347      1.632    14.1023    13.9683   2.786605   2.784707     2.9707     2.4957     0.0057  0.2373590 0.0000e+00
        348      1.607    14.1021    13.9666   2.786637   2.784681     2.9646     2.4957     0.0057  0.2373590 0.0000e+00
        349      1.698    14.1021    13.9656   2.786659   2.784547     2.9597     2.4933     0.0057  0.2373590 0.0000e+00
        350      1.665    14.1018    13.9644   2.786556   2.784449     2.9536     2.4908     0.0057  0.2373590 0.0000e+00
        351      1.632    14.1021    13.9634   2.786385   2.784384     2.9487     2.4884     0.0057  0.2373590 0.0000e+00
        352      1.665    14.1020    13.9628   2.786305   2.784373     2.9438     2.4872     0.0057  0.2373590 0.0000e+00
        353      1.632    14.1020    13.9621   2.786202   2.784341     2.9390     2.4847     0.0057  0.2373590 0.0000e+00
        354      1.665    14.1016    13.9615   2.786111   2.784278     2.9341     2.4823     0.0057  0.2373590 0.0000e+00
        355      1.632    14.1015    13.9611   2.786111   2.784210     2.9304     2.4811     0.0057  0.2368706 0.0000e+00
        356      1.665    14.1015    13.9609   2.786026   2.784185     2.9231     2.4786     0.0057  0.2358938 0.0000e+00
        357      1.632    14.1011    13.9604   2.785993   2.784112     2.9182     2.4762     0.0059  0.2329634 0.0000e+00
        358      1.731    14.1013    13.9605   2.785952   2.784041     2.9133     2.4750     0.0059  0.2310098 0.0000e+00
        359      1.632    14.1010    13.9604   2.785882   2.784033     2.9084     2.4725     0.0059  0.2310098 0.0000e+00
        360      1.698    14.1010    13.9604   2.785808   2.784031     2.9035     2.4701     0.0059  0.2314982 0.0000e+00
        361      1.607    14.1008    13.9608   2.785922   2.784004     2.8987     2.4689     0.0059  0.2314982 0.0000e+00
        362      1.698    14.1010    13.9607   2.785881   2.783959     2.8938     2.4664     0.0059  0.2314982 0.0000e+00
        363      1.665    14.1007    13.9609   2.785870   2.783920     2.8889     2.4640     0.0059  0.2314982 0.0000e+00
        364      1.698    14.1008    13.9604   2.785738   2.783858     2.8840     2.4628     0.0059  0.2310098 0.0000e+00
        365      1.665    14.1008    13.9603   2.785638   2.783872     2.8791     2.4603     0.0059  0.2314982 0.0000e+00
        366      1.698    14.1007    13.9621   2.785698   2.783824     2.8755     2.4579     0.0059  0.2310098 0.0000e+00
        367      1.665    14.1008    13.9671   2.785646   2.783911     2.8706     2.4566     0.0059  0.2314982 0.0000e+00
        368      1.698    14.1005    13.9760   2.785545   2.783964     2.8657     2.4542     0.0059  0.2314982 0.0000e+00
        369      1.665    14.1007    13.9865   2.785526   2.784029     2.8608     2.4518     0.0059  0.2314982 0.0000e+00
        370      1.632    14.1007    13.9966   2.785485   2.784008     2.8571     2.4505     0.0059  0.2314982 0.0000e+00
        371      1.665    14.1003    14.0059   2.785497   2.784053     2.8523     2.4481     0.0059  0.2314982 0.0000e+00
        372      1.698    14.1007    14.0138   2.785408   2.784064     2.8486     2.4457     0.0059  0.2314982 0.0000e+00
        373      1.665    14.1005    14.0209   2.785319   2.784148     2.8437     2.4432     0.0059  0.2314982 0.0000e+00
        374      1.698    14.1010    14.0269   2.785280   2.784148     2.8400     2.4420     0.0059  0.2314982 0.0000e+00
        375      1.665    14.1010    14.0325   2.785196   2.784145     2.8352     2.4396     0.0059  0.2314982 0.0000e+00
        376      1.632    14.1011    14.0374   2.785096   2.784151     2.8315     2.4371     0.0059  0.2314982 0.0000e+00
        377      1.665    14.1011    14.0418   2.785115   2.784171     2.8291     2.4359     0.0059  0.2314982 0.0000e+00
        378      1.697    14.1016    14.0452   2.784969   2.784117     2.8242     2.4335     0.0059  0.2314982 0.0000e+00
        379      1.664    14.1015    14.0482   2.784847   2.784100     2.8193     2.4322     0.0059  0.2314982 0.0000e+00
        380      1.631    14.1020    14.0504   2.784847   2.783993     2.8156     2.4298     0.0059  0.2314982 0.0000e+00
        381      1.664    14.1018    14.0526   2.784655   2.784000     2.8120     2.4273     0.0059  0.2314982 0.0000e+00
        382      1.631    14.1018    14.0541   2.784501   2.783960     2.8071     2.4261     0.0059  0.2280794 0.0000e+00
        383      1.664    14.1018    14.0558   2.784412   2.783901     2.8034     2.4237     0.0060  0.2256374 0.0000e+00
        384      1.697    14.1018    14.0570   2.784194   2.783700     2.8010     2.4212     0.0060  0.2256374 0.0000e+00
        385      1.697    14.1021    14.0579   2.784101   2.783574     2.7961     2.4188     0.0060  0.2256374 0.0000e+00
        386      1.607    14.1018    14.0590   2.783909   2.783511     2.7924     2.4176     0.0060  0.2256374 0.0000e+00
        387      1.697    14.1020    14.0605   2.783736   2.783526     2.7888     2.4151     0.0060  0.2256374 0.0000e+00
        388      1.664    14.1020    14.0620   2.783658   2.783455     2.7851     2.4127     0.0060  0.2256374 0.0000e+00
        389      1.631    14.1018    14.0637   2.783483   2.783262     2.7827     2.4115     0.0060  0.2256374 0.0000e+00
        390      1.730    14.1020    14.0654   2.783288   2.783223     2.7790     2.4090     0.0060  0.2256374 0.0000e+00
        391      1.631    14.1020    14.0671   2.783194   2.783244     2.7753     2.4078     0.0060  0.2256374 0.0000e+00
        392      1.664    14.1016    14.0684   2.782926   2.783129     2.7717     2.4041     0.0060  0.2256374 0.0000e+00
        393      1.631    14.1020    14.0698   2.782824   2.782983     2.7680     2.4029     0.0060  0.2256374 0.0000e+00
