code/data/2021/ctd_data_day1/Station 1 210921_ctm_fil_le_der.cnv
* Sea-Bird SBE 9 Data File:
* FileName = C:\Users\CTD-User\Desktop\MAR440\Station 1 210921.hex
* Software Version Seasave V 7.26.2.13
* Temperature SN = 6313
* Conductivity SN = 4758
* Number of Bytes Per Scan = 30
* Number of Voltage Words = 4
* Number of Scans Averaged by the Deck Unit = 1
* NMEA baud rate = 4800
** Ship:
** Station:
** Operator:
# nquan = 16                                
# nvalues = 5940                        
# units = specified
# name 0 = scan: Scan Count
# name 1 = prDM: Pressure, Digiquartz [db]
# name 2 = t090C: Temperature [ITS-90, deg C]
# name 3 = t190C: Temperature, 2 [ITS-90, deg C]
# name 4 = c0S/m: Conductivity [S/m]
# name 5 = c1S/m: Conductivity, 2 [S/m]
# name 6 = sbeox0V: Oxygen raw, SBE 43 [V]
# name 7 = sbeox1V: Oxygen raw, SBE 43, 2 [V]
# name 8 = flECO-AFL: Fluorescence, WET Labs ECO-AFL/FL [mg/m^3]
# name 9 = upoly0: Upoly 0, Turbidity
# name 10 = depSM: Depth [salt water, m], lat = 59
# name 11 = sal00: Salinity, Practical [PSU]
# name 12 = sal11: Salinity, Practical, 2 [PSU]
# name 13 = sbeox0ML/L: Oxygen, SBE 43 [ml/l], WS = 2
# name 14 = sbeox1ML/L: Oxygen, SBE 43, 2 [ml/l], WS = 2
# name 15 = flag: flag
# span 0 =          1,       5940       
# span 1 =      0.420,     13.919       
# span 2 =    11.9583,    16.0077       
# span 3 =    11.9664,    16.0088       
# span 4 =   2.810210,   3.422799       
# span 5 =   2.813003,   3.416273       
# span 6 =     0.9943,     2.8560       
# span 7 =     1.0244,     2.7645       
# span 8 =     0.0040,     0.0086       
# span 9 =  0.0921354,  0.2082287       
# span 10 =      0.416,     13.788      
# span 11 =    22.2373,    29.4581      
# span 12 =    22.2476,    29.3892      
# span 13 =     1.4575,     7.0885      
# span 14 =     1.4144,     5.9543      
# span 15 = 0.0000e+00, 0.0000e+00      
# interval = seconds: 0.0416667
# start_time = Sep 21 2021 08:43:04 [System UTC, header]
# bad_flag = -9.990e-29
*END*
[from data line 5153]
       5154     13.891    12.7170    12.4826   3.371612   3.379250     1.3217     1.2041     0.0048  0.0942131     13.761    28.3908    28.6395     2.3072     1.6976 -9.990e-29
       5155     13.891    12.7117    12.4858   3.371914   3.379168     1.3208     1.2024     0.0046  0.0941912     13.761    28.3976    28.6363     2.3035     1.6975 -9.990e-29
       5156     13.891    12.7063    12.4880   3.372216   3.379100     1.3199     1.2007     0.0046  0.0941654     13.761    28.4045    28.6340     2.2997     1.6975 -9.990e-29
       5157     13.890    12.7005    12.4895   3.372520   3.379048     1.3190     1.1991     0.0046  0.0941365     13.760    28.4117    28.6324     2.2960     1.6978 -9.990e-29
       5158     13.890    12.6942    12.4907   3.372825   3.379010     1.3181     1.1975     0.0048  0.0941050     13.760    28.4193    28.6311     2.2923     1.6980 -9.990e-29
       5159     13.890    12.6874    12.4915   3.373131   3.378980     1.3171     1.1960     0.0046  0.0940699     13.760    28.4273    28.6302     2.2883     1.6986 -9.990e-29
       5160     13.889    12.6802    12.4922   3.373441   3.378952     1.3162     1.1945     0.0046  0.0940310     13.759    28.4356    28.6294     2.2845     1.6991 -9.990e-29
       5161     13.889    12.6721    12.4928   3.373759   3.378920     1.3153     1.1930     0.0048  0.0939905     13.759    28.4447    28.6287     2.2809     1.6996 -9.990e-29
       5162     13.889    12.6630    12.4935   3.374091   3.378881     1.3144     1.1916     0.0046  0.0939515     13.759    28.4546    28.6278     2.2772     1.7003 -9.990e-29
       5163     13.888    12.6530    12.4945   3.374444   3.378837     1.3134     1.1902     0.0048  0.0939163     13.758    28.4655    28.6266     2.2731     1.7011 -9.990e-29
       5164     13.888    12.6427    12.4958   3.374818   3.378789     1.3125     1.1889     0.0046  0.0938856     13.758    28.4767    28.6252     2.2694     1.7020 -9.990e-29
       5165     13.888    12.6323    12.4976   3.375205   3.378735     1.3116     1.1875     0.0046  0.0938591     13.758    28.4882    28.6233     2.2656     1.7027 -9.990e-29
       5166     13.887    12.6220    12.4998   3.375593   3.378676     1.3106     1.1863     0.0048  0.0938366     13.757    28.4996    28.6211     2.2614     1.7038 -9.990e-29
       5167     13.887    12.6117    12.5024   3.375970   3.378613     1.3097     1.1850     0.0048  0.0938179     13.757    28.5109    28.6185     2.2575     1.7047 -9.990e-29
       5168     13.887    12.6015    12.5050   3.376330   3.378544     1.3087     1.1839     0.0046  0.0938030     13.757    28.5220    28.6159     2.2532     1.7060 -9.990e-29
       5169     13.887    12.5911    12.5077   3.376675   3.378470     1.3078     1.1827     0.0046  0.0937900     13.757    28.5331    28.6131     2.2492     1.7071 -9.990e-29
       5170     13.886    12.5805    12.5104   3.377008   3.378390     1.3068     1.1816     0.0046  0.0937772     13.756    28.5442    28.6103     2.2448     1.7083 -9.990e-29
       5171     13.886    12.5693    12.5131   3.377332   3.378305     1.3058     1.1805     0.0046  0.0937661     13.756    28.5557    28.6075     2.2403     1.7096 -9.990e-29
       5172     13.886    12.5577    12.5156   3.377649   3.378219     1.3048     1.1794     0.0046  0.0937584     13.756    28.5675    28.6048     2.2359     1.7107 -9.990e-29
       5173     13.886    12.5460    12.5177   3.377960   3.378134     1.3038     1.1784     0.0046  0.0937541     13.756    28.5793    28.6024     2.2313     1.7121 -9.990e-29
       5174     13.885    12.5348    12.5192   3.378269   3.378052     1.3028     1.1775     0.0048  0.0937530     13.755    28.5907    28.6005     2.2267     1.7137 -9.990e-29
       5175     13.885    12.5241    12.5202   3.378575   3.377975     1.3017     1.1765     0.0046  0.0937552     13.755    28.6017    28.5990     2.2217     1.7150 -9.990e-29
       5176     13.885    12.5139    12.5206   3.378876   3.377905     1.3007     1.1756     0.0046  0.0937607     13.755    28.6122    28.5980     2.2168     1.7165 -9.990e-29
       5177     13.885    12.5042    12.5204   3.379172   3.377845     1.2996     1.1747     0.0048  0.0937695     13.755    28.6224    28.5976     2.2116     1.7179 -9.990e-29
       5178     13.885    12.4946    12.5197   3.379463   3.377797     1.2985     1.1739     0.0046  0.0937818     13.755    28.6324    28.5977     2.2063     1.7196 -9.990e-29
       5179     13.884    12.4849    12.5187   3.379750   3.377765     1.2974     1.1730     0.0048  0.0937975     13.754    28.6425    28.5982     2.2010     1.7209 -9.990e-29
       5180     13.884    12.4748    12.5172   3.380037   3.377751     1.2962     1.1722     0.0048  0.0938160     13.754    28.6529    28.5992     2.1954     1.7224 -9.990e-29
       5181     13.884    12.4643    12.5152   3.380325   3.377754     1.2951     1.1715     0.0048  0.0938364     13.754    28.6636    28.6007     2.1900     1.7241 -9.990e-29
       5182     13.884    12.4533    12.5128   3.380619   3.377774     1.2939     1.1707     0.0046  0.0938600     13.754    28.6747    28.6027     2.1843     1.7255 -9.990e-29
       5183     13.884    12.4417    12.5101   3.380919   3.377809     1.2927     1.1700     0.0046  0.0938875     13.754    28.6864    28.6051     2.1786     1.7270 -9.990e-29
       5184     13.884    12.4298    12.5070   3.381224   3.377857     1.2915     1.1693     0.0046  0.0939193     13.754    28.6983    28.6079     2.1729     1.7286 -9.990e-29
       5185     13.884    12.4181    12.5035   3.381537   3.377915     1.2903     1.1687     0.0048  0.0939555     13.754    28.7102    28.6111     2.1671     1.7303 -9.990e-29
       5186     13.884    12.4072    12.4997   3.381855   3.377984     1.2890     1.1680     0.0048  0.0939947     13.754    28.7215    28.6147     2.1610     1.7316 -9.990e-29
       5187     13.884    12.3971    12.4956   3.382180   3.378066     1.2877     1.1674     0.0046  0.0940337     13.754    28.7323    28.6186     2.1549     1.7332 -9.990e-29
       5188     13.884    12.3875    12.4915   3.382508   3.378163     1.2864     1.1668     0.0048  0.0940704     13.754    28.7427    28.6226     2.1488     1.7347 -9.990e-29
       5189     13.884    12.3781    12.4874   3.382841   3.378275     1.2851     1.1663     0.0048  0.0941032     13.754    28.7531    28.6267     2.1426     1.7364 -9.990e-29
       5190     13.884    12.3689    12.4832   3.383180   3.378401     1.2838     1.1657     0.0046  0.0941324     13.754    28.7633    28.6311     2.1365     1.7377 -9.990e-29
       5191     13.884    12.3601    12.4791   3.383526   3.378540     1.2824     1.1652     0.0046  0.0941590     13.754    28.7733    28.6355     2.1300     1.7392 -9.990e-29
       5192     13.884    12.3522    12.4752   3.383879   3.378691     1.2810     1.1647     0.0048  0.0941824     13.754    28.7827    28.6399     2.1236     1.7406 -9.990e-29
       5193     13.884    12.3453    12.4715   3.384237   3.378853     1.2797     1.1643     0.0048  0.0942027     13.754    28.7913    28.6443     2.1174     1.7422 -9.990e-29
       5194     13.884    12.3393    12.4679   3.384595   3.379025     1.2783     1.1638     0.0046  0.0942209     13.754    28.7993    28.6486     2.1110     1.7434 -9.990e-29
       5195     13.884    12.3342    12.4642   3.384949   3.379208     1.2769     1.1634     0.0046  0.0942372     13.754    28.8066    28.6532     2.1045     1.7448 -9.990e-29
       5196     13.884    12.3300    12.4603   3.385292   3.379403     1.2755     1.1630     0.0048  0.0942516     13.754    28.8130    28.6580     2.0981     1.7461 -9.990e-29
       5197     13.884    12.3266    12.4559   3.385621   3.379609     1.2740     1.1626     0.0048  0.0942643     13.754    28.8187    28.6633     2.0914     1.7474 -9.990e-29
       5198     13.884    12.3242    12.4512   3.385931   3.379826     1.2726     1.1622     0.0046  0.0942762     13.754    28.8235    28.6689     2.0850     1.7486 -9.990e-29
       5199     13.884    12.3226    12.4462   3.386218   3.380051     1.2711     1.1618     0.0046  0.0942874     13.754    28.8274    28.6748     2.0784     1.7498 -9.990e-29
       5200     13.884    12.3220    12.4412   3.386480   3.380281     1.2696     1.1615     0.0046  0.0942962     13.754    28.8304    28.6808     2.0718     1.7511 -9.990e-29
       5201     13.884    12.3219    12.4364   3.386714   3.380515     1.2681     1.1612     0.0046  0.0943019     13.754    28.8326    28.6866     2.0653     1.7524 -9.990e-29
       5202     13.884    12.3214    12.4320   3.386923   3.380751     1.2666     1.1609     0.0046  0.0943045     13.754    28.8350    28.6922     2.0588     1.7535 -9.990e-29
       5203     13.884    12.3196    12.4280   3.387116   3.380990     1.2651     1.1606     0.0046  0.0943041     13.754    28.8382    28.6975     2.0524     1.7546 -9.990e-29
       5204     13.884    12.3161    12.4246   3.387305   3.381233     1.2636     1.1603     0.0048  0.0943014     13.754    28.8427    28.7024     2.0461     1.7556 -9.990e-29
       5205     13.884    12.3114    12.4213   3.387498   3.381480     1.2621     1.1600     0.0048  0.0942973     13.754    28.8481    28.7072     2.0399     1.7565 -9.990e-29
       5206     13.885    12.3056    12.4181   3.387698   3.381728     1.2605     1.1598     0.0046  0.0942910     13.755    28.8544    28.7120     2.0334     1.7576 -9.990e-29
       5207     13.885    12.2994    12.4148   3.387902   3.381977     1.2590     1.1595     0.0046  0.0942815     13.755    28.8611    28.7169     2.0274     1.7583 -9.990e-29
       5208     13.885    12.2930    12.4115   3.388109   3.382223     1.2574     1.1593     0.0046  0.0942687     13.755    28.8680    28.7217     2.0211     1.7593 -9.990e-29
       5209     13.885    12.2868    12.4084   3.388316   3.382465     1.2558     1.1591     0.0048  0.0942526     13.755    28.8747    28.7263     2.0148     1.7601 -9.990e-29
       5210     13.885    12.2807    12.4055   3.388522   3.382698     1.2543     1.1589     0.0046  0.0942340     13.755    28.8814    28.7308     2.0089     1.7609 -9.990e-29
       5211     13.886    12.2746    12.4029   3.388723   3.382920     1.2527     1.1587     0.0048  0.0942143     13.756    28.8880    28.7348     2.0028     1.7616 -9.990e-29
       5212     13.886    12.2687    12.4006   3.388918   3.383132     1.2511     1.1585     0.0051  0.0941952     13.756    28.8944    28.7386     1.9967     1.7622 -9.990e-29
       5213     13.886    12.2631    12.3988   3.389109   3.383336     1.2495     1.1583     0.0051  0.0941774     13.756    28.9005    28.7419     1.9906     1.7628 -9.990e-29
       5214     13.886    12.2579    12.3974   3.389295   3.383534     1.2478     1.1581     0.0051  0.0941607     13.756    28.9062    28.7448     1.9844     1.7632 -9.990e-29
       5215     13.886    12.2529    12.3966   3.389477   3.383725     1.2462     1.1579     0.0051  0.0941450     13.756    28.9118    28.7472     1.9785     1.7635 -9.990e-29
       5216     13.886    12.2482    12.3962   3.389654   3.383908     1.2446     1.1578     0.0051  0.0941302     13.756    28.9171    28.7493     1.9726     1.7641 -9.990e-29
       5217     13.887    12.2438    12.3961   3.389829   3.384085     1.2429     1.1576     0.0051  0.0941162     13.757    28.9222    28.7510     1.9665     1.7642 -9.990e-29
       5218     13.887    12.2396    12.3959   3.390001   3.384254     1.2413     1.1574     0.0051  0.0941021     13.757    28.9270    28.7527     1.9607     1.7643 -9.990e-29
       5219     13.887    12.2356    12.3957   3.390171   3.384417     1.2396     1.1573     0.0051  0.0940870     13.757    28.9317    28.7544     1.9547     1.7646 -9.990e-29
       5220     13.888    12.2319    12.3951   3.390341   3.384576     1.2380     1.1571     0.0051  0.0940715     13.758    28.9362    28.7564     1.9491     1.7646 -9.990e-29
       5221     13.888    12.2285    12.3942   3.390511   3.384732     1.2363     1.1570     0.0051  0.0940564     13.758    28.9404    28.7585     1.9432     1.7648 -9.990e-29
       5222     13.888    12.2253    12.3928   3.390679   3.384891     1.2346     1.1569     0.0051  0.0940407     13.758    28.9445    28.7611     1.9374     1.7649 -9.990e-29
       5223     13.889    12.2223    12.3909   3.390847   3.385054     1.2330     1.1567     0.0051  0.0940244     13.759    28.9484    28.7641     1.9319     1.7647 -9.990e-29
       5224     13.889    12.2194    12.3882   3.391012   3.385221     1.2313     1.1566     0.0051  0.0940082     13.759    28.9522    28.7677     1.9262     1.7647 -9.990e-29
       5225     13.889    12.2168    12.3847   3.391175   3.385390     1.2296     1.1565     0.0051  0.0939919     13.759    28.9557    28.7720     1.9206     1.7646 -9.990e-29
       5226     13.889    12.2143    12.3806   3.391334   3.385558     1.2279     1.1563     0.0051  0.0939763     13.759    28.9592    28.7767     1.9150     1.7643 -9.990e-29
       5227     13.890    12.2120    12.3759   3.391489   3.385724     1.2262     1.1562     0.0051  0.0939613     13.760    28.9624    28.7819     1.9094     1.7641 -9.990e-29
       5228     13.890    12.2100    12.3707   3.391637   3.385883     1.2245     1.1561     0.0051  0.0939460     13.760    28.9654    28.7874     1.9039     1.7640 -9.990e-29
       5229     13.890    12.2083    12.3650   3.391779   3.386035     1.2228     1.1560     0.0051  0.0939302     13.760    28.9680    28.7932     1.8985     1.7637 -9.990e-29
       5230     13.891    12.2067    12.3587   3.391915   3.386176     1.2211     1.1558     0.0051  0.0939129     13.761    28.9705    28.7993     1.8932     1.7631 -9.990e-29
       5231     13.891    12.2052    12.3519   3.392045   3.386305     1.2194     1.1557     0.0051  0.0938933     13.761    28.9729    28.8058     1.8879     1.7627 -9.990e-29
       5232     13.891    12.2038    12.3448   3.392173   3.386420     1.2177     1.1556     0.0051  0.0938711     13.761    28.9752    28.8123     1.8827     1.7623 -9.990e-29
       5233     13.892    12.2024    12.3376   3.392297   3.386523     1.2160     1.1554     0.0051  0.0938462     13.762    28.9775    28.8188     1.8775     1.7615 -9.990e-29
       5234     13.892    12.2009    12.3304   3.392418   3.386613     1.2143     1.1553     0.0051  0.0938185     13.762    28.9798    28.8252     1.8724     1.7610 -9.990e-29
       5235     13.892    12.1994    12.3235   3.392535   3.386691     1.2126     1.1552     0.0051  0.0937877     13.762    28.9821    28.8312     1.8674     1.7604 -9.990e-29
       5236     13.892    12.1978    12.3172   3.392648   3.386759     1.2109     1.1550     0.0051  0.0937545     13.762    28.9844    28.8367     1.8624     1.7595 -9.990e-29
       5237     13.893    12.1961    12.3115   3.392758   3.386817     1.2092     1.1549     0.0046  0.0937195     13.763    28.9867    28.8416     1.8575     1.7587 -9.990e-29
       5238     13.893    12.1944    12.3064   3.392865   3.386865     1.2076     1.1547     0.0044  0.0936833     13.763    28.9891    28.8460     1.8529     1.7577 -9.990e-29
       5239     13.893    12.1926    12.3020   3.392971   3.386904     1.2059     1.1545     0.0044  0.0936483     13.763    28.9915    28.8497     1.8481     1.7565 -9.990e-29
       5240     13.894    12.1908    12.2982   3.393075   3.386938     1.2042     1.1543     0.0044  0.0936157     13.764    28.9938    28.8530     1.8433     1.7553 -9.990e-29
       5241     13.894    12.1890    12.2951   3.393179   3.386968     1.2025     1.1541     0.0044  0.0935855     13.764    28.9962    28.8556     1.8386     1.7540 -9.990e-29
       5242     13.894    12.1873    12.2925   3.393282   3.386998     1.2008     1.1539     0.0044  0.0935574     13.764    28.9985    28.8579     1.8339     1.7526 -9.990e-29
