code/data/2021/ctd_data_day1/Station 6 210921.cnv
* Sea-Bird SBE 9 Data File:
* FileName = C:\Users\CTD-User\Desktop\MAR440\Station 6 210921.hex
* Software Version Seasave V 7.26.2.13
* Temperature SN = 6313
* Conductivity SN = 4758
* Number of Bytes Per Scan = 30
* Number of Voltage Words = 4
* Number of Scans Averaged by the Deck Unit = 1
* NMEA baud rate = 4800
** Ship:
** Station:
** Operator:
# nquan = 11
# nvalues = 4130                                  
# units = specified
# name 0 = scan: Scan Count
# name 1 = prDM: Pressure, Digiquartz [db]
# name 2 = t090C: Temperature [ITS-90, deg C]
# name 3 = t190C: Temperature, 2 [ITS-90, deg C]
# name 4 = c0S/m: Conductivity [S/m]
# name 5 = c1S/m: Conductivity, 2 [S/m]
# name 6 = sbeox0V: Oxygen raw, SBE 43 [V]
# name 7 = sbeox1V: Oxygen raw, SBE 43, 2 [V]
# name 8 = flECO-AFL: Fluorescence, WET Labs ECO-AFL/FL [mg/m^3]
# name 9 = upoly0: Upoly 0, Turbidity
# name 10 = flag:  0.000e+00
# span 0 =          1,       4130                 
# span 1 =      0.253,     37.833                 
# span 2 =     5.3479,    16.0630                 
# span 3 =     5.3023,    16.0241                 
# span 4 =   2.889974,   3.756277                 
# span 5 =   2.888113,   3.757342                 
# span 6 =     0.4808,     2.8071                 
# span 7 =     0.5443,     2.7595                 
# span 8 =     0.0033,     0.0189                 
# span 9 =  0.0854664,  0.1670293                 
# span 10 = 0.0000e+00, 0.0000e+00                
# interval = seconds: 0.0416667
# start_time = Sep 21 2021 10:55:39 [System UTC, header]
# bad_flag = -9.990e-29
*END*
          1      1.480    14.9527    14.8973   2.905202   2.892141     2.6203     2.2479     0.0044  0.1562845  0.000e+00
          2      1.571    14.9541    14.9024   2.905005   2.892049     2.6178     2.2466     0.0044  0.1562845  0.000e+00
          3      1.480    14.9552    14.9062   2.904435   2.891968     2.6154     2.2454     0.0044  0.1562845  0.000e+00
          4      1.505    14.9562    14.9092   2.903958   2.891849     2.6117     2.2442     0.0044  0.1567729  0.000e+00
          5      1.538    14.9568    14.9116   2.903575   2.891795     2.6093     2.2430     0.0044  0.1562845  0.000e+00
          6      1.447    14.9571    14.9130   2.902868   2.891724     2.6068     2.2418     0.0044  0.1562845  0.000e+00
          7      1.505    14.9573    14.9141   2.902216   2.891540     2.6044     2.2405     0.0044  0.1562845  0.000e+00
          8      1.538    14.9572    14.9147   2.901783   2.891286     2.6020     2.2381     0.0044  0.1562845  0.000e+00
          9      1.447    14.9576    14.9147   2.901301   2.891178     2.5983     2.2381     0.0044  0.1567729  0.000e+00
         10      1.538    14.9575    14.9143   2.900726   2.891086     2.5958     2.2369     0.0044  0.1562845  0.000e+00
         11      1.505    14.9571    14.9137   2.900206   2.890913     2.5934     2.2357     0.0044  0.1567729  0.000e+00
         12      1.480    14.9570    14.9128   2.899735   2.890789     2.5910     2.2344     0.0044  0.1557961  0.000e+00
         13      1.505    14.9562    14.9118   2.899423   2.890697     2.5885     2.2332     0.0044  0.1553077  0.000e+00
         14      1.480    14.9562    14.9108   2.899138   2.890621     2.5849     2.2320     0.0044  0.1548193  0.000e+00
         15      1.505    14.9556    14.9097   2.898837   2.890540     2.5824     2.2308     0.0044  0.1548193  0.000e+00
         16      1.480    14.9552    14.9085   2.898470   2.890475     2.5800     2.2295     0.0044  0.1553077  0.000e+00
         17      1.505    14.9546    14.9083   2.898071   2.890421     2.5788     2.2283     0.0044  0.1548193  0.000e+00
         18      1.480    14.9542    14.9080   2.897687   2.890367     2.5751     2.2271     0.0044  0.1553077  0.000e+00
         19      1.505    14.9535    14.9079   2.897446   2.890394     2.5726     2.2259     0.0044  0.1548193  0.000e+00
         20      1.538    14.9534    14.9074   2.897173   2.890346     2.5702     2.2247     0.0044  0.1553077  0.000e+00
         21      1.447    14.9530    14.9057   2.897041   2.890308     2.5678     2.2234     0.0044  0.1553077  0.000e+00
         22      1.538    14.9524    14.9023   2.897041   2.890302     2.5653     2.2222     0.0044  0.1548193  0.000e+00
         23      1.505    14.9520    14.8961   2.896987   2.890281     2.5629     2.2198     0.0044  0.1553077  0.000e+00
         24      1.480    14.9515    14.8882   2.896965   2.890319     2.5604     2.2198     0.0044  0.1548193  0.000e+00
         25      1.505    14.9512    14.8795   2.896987   2.890249     2.5592     2.2186     0.0044  0.1553077  0.000e+00
         26      1.538    14.9508    14.8700   2.896932   2.890200     2.5568     2.2173     0.0044  0.1553077  0.000e+00
         27      1.505    14.9506    14.8619   2.896915   2.890173     2.5543     2.2161     0.0044  0.1553077  0.000e+00
         28      1.538    14.9503    14.8539   2.896915   2.890043     2.5519     2.2149     0.0044  0.1553077  0.000e+00
         29      1.505    14.9500    14.8474   2.896954   2.889962     2.5494     2.2137     0.0044  0.1553077  0.000e+00
         30      1.505    14.9499    14.8412   2.897025   2.890033     2.5470     2.2125     0.0044  0.1553077  0.000e+00
         31      1.538    14.9498    14.8358   2.897228   2.889979     2.5446     2.2112     0.0044  0.1548193  0.000e+00
         32      1.505    14.9495    14.8312   2.897556   2.889968     2.5421     2.2100     0.0044  0.1553077  0.000e+00
         33      1.480    14.9499    14.8269   2.898054   2.889898     2.5409     2.2088     0.0044  0.1548193  0.000e+00
         34      1.505    14.9496    14.8234   2.898656   2.889887     2.5385     2.2088     0.0044  0.1553077  0.000e+00
         35      1.538    14.9499    14.8202   2.899456   2.889881     2.5360     2.2076     0.0044  0.1553077  0.000e+00
         36      1.505    14.9501    14.8168   2.900168   2.889892     2.5336     2.2063     0.0044  0.1553077  0.000e+00
         37      1.538    14.9507    14.8132   2.900633   2.889898     2.5311     2.2039     0.0044  0.1553077  0.000e+00
         38      1.505    14.9507    14.8082   2.901022   2.889855     2.5299     2.2039     0.0044  0.1557961  0.000e+00
         39      1.538    14.9507    14.8051   2.901548   2.889763     2.5275     2.2027     0.0044  0.1562845  0.000e+00
         40      1.505    14.9503    14.8113   2.901937   2.889795     2.5250     2.2015     0.0044  0.1567729  0.000e+00
         41      1.480    14.9499    14.8240   2.902260   2.889833     2.5238     2.2002     0.0044  0.1567729  0.000e+00
         42      1.505    14.9500    14.8371   2.902194   2.889860     2.5214     2.1990     0.0044  0.1562845  0.000e+00
         43      1.538    14.9499    14.8493   2.902233   2.889908     2.5189     2.1978     0.0044  0.1562845  0.000e+00
         44      1.505    14.9500    14.8598   2.902342   2.889903     2.5165     2.1966     0.0044  0.1562845  0.000e+00
         45      1.480    14.9505    14.8692   2.902370   2.889897     2.5140     2.1954     0.0044  0.1567729  0.000e+00
         46      1.505    14.9506    14.8756   2.902101   2.889876     2.5128     2.1941     0.0044  0.1562845  0.000e+00
         47      1.480    14.9507    14.8797   2.901953   2.889875     2.5104     2.1929     0.0044  0.1567729  0.000e+00
         48      1.505    14.9509    14.8848   2.901855   2.889811     2.5092     2.1917     0.0044  0.1562845  0.000e+00
         49      1.538    14.9510    14.8911   2.901663   2.889746     2.5067     2.1917     0.0044  0.1567729  0.000e+00
         50      1.447    14.9513    14.8967   2.901280   2.889610     2.5043     2.1905     0.0044  0.1562845  0.000e+00
         51      1.538    14.9514    14.9022   2.900803   2.889508     2.5018     2.1893     0.0044  0.1562845  0.000e+00
         52      1.505    14.9518    14.9062   2.900622   2.889324     2.5006     2.1868     0.0044  0.1562845  0.000e+00
         53      1.447    14.9518    14.9096   2.900688   2.889291     2.4982     2.1868     0.0044  0.1567729  0.000e+00
         54      1.480    14.9521    14.9122   2.901099   2.889221     2.4957     2.1856     0.0044  0.1562845  0.000e+00
         55      1.505    14.9523    14.9143   2.901449   2.889194     2.4933     2.1844     0.0042  0.1562845  0.000e+00
         56      1.538    14.9523    14.9155   2.901608   2.889172     2.4921     2.1831     0.0044  0.1562845  0.000e+00
         57      1.505    14.9525    14.9167   2.902167   2.889145     2.4896     2.1819     0.0044  0.1567729  0.000e+00
         58      1.480    14.9523    14.9175   2.902748   2.889075     2.4872     2.1807     0.0044  0.1562845  0.000e+00
         59      1.505    14.9523    14.9184   2.902863   2.889075     2.4860     2.1795     0.0044  0.1567729  0.000e+00
         60      1.480    14.9525    14.9187   2.902791   2.888983     2.4835     2.1783     0.0044  0.1562845  0.000e+00
         61      1.505    14.9526    14.9191   2.903060   2.888967     2.4823     2.1783     0.0044  0.1562845  0.000e+00
         62      1.480    14.9530    14.9194   2.903356   2.888935     2.4799     2.1770     0.0044  0.1562845  0.000e+00
         63      1.505    14.9539    14.9192   2.903427   2.888935     2.4786     2.1758     0.0044  0.1567729  0.000e+00
         64      1.538    14.9544    14.9194   2.903361   2.888924     2.4762     2.1746     0.0044  0.1572613  0.000e+00
         65      1.505    14.9554    14.9192   2.903728   2.888924     2.4750     2.1734     0.0044  0.1577497  0.000e+00
         66      1.480    14.9561    14.9192   2.904063   2.888821     2.4713     2.1722     0.0044  0.1577497  0.000e+00
         67      1.505    14.9567    14.9189   2.904035   2.888805     2.4713     2.1709     0.0044  0.1577497  0.000e+00
         68      1.480    14.9569    14.9189   2.904221   2.888751     2.4689     2.1697     0.0044  0.1577497  0.000e+00
         69      1.505    14.9575    14.9187   2.904594   2.888751     2.4664     2.1697     0.0044  0.1572613  0.000e+00
         70      1.538    14.9574    14.9182   2.904539   2.888718     2.4652     2.1685     0.0044  0.1577497  0.000e+00
         71      1.505    14.9578    14.9175   2.904572   2.888767     2.4628     2.1673     0.0044  0.1577497  0.000e+00
         72      1.480    14.9581    14.9170   2.904813   2.888724     2.4615     2.1661     0.0044  0.1577497  0.000e+00
         73      1.505    14.9584    14.9164   2.904912   2.888724     2.4603     2.1648     0.0044  0.1577497  0.000e+00
         74      1.538    14.9586    14.9164   2.904758   2.888735     2.4579     2.1636     0.0044  0.1577497  0.000e+00
         75      1.447    14.9593    14.9169   2.904923   2.888670     2.4567     2.1636     0.0044  0.1577497  0.000e+00
         76      1.505    14.9593    14.9191   2.904939   2.888670     2.4542     2.1624     0.0044  0.1577497  0.000e+00
         77      1.480    14.9591    14.9228   2.904676   2.888637     2.4530     2.1612     0.0044  0.1577497  0.000e+00
         78      1.505    14.9589    14.9268   2.904835   2.888643     2.4518     2.1600     0.0044  0.1577497  0.000e+00
         79      1.538    14.9588    14.9306   2.904857   2.888588     2.4493     2.1587     0.0044  0.1572613  0.000e+00
         80      1.505    14.9584    14.9337   2.904676   2.888529     2.4469     2.1575     0.0044  0.1577497  0.000e+00
         81      1.480    14.9585    14.9362   2.904698   2.888437     2.4457     2.1575     0.0044  0.1577497  0.000e+00
         82      1.505    14.9584    14.9374   2.904731   2.888469     2.4444     2.1551     0.0044  0.1572613  0.000e+00
         83      1.480    14.9585    14.9385   2.904484   2.888345     2.4432     2.1551     0.0044  0.1577497  0.000e+00
         84      1.505    14.9584    14.9386   2.904282   2.888334     2.4420     2.1538     0.0044  0.1577497  0.000e+00
         85      1.538    14.9586    14.9388   2.904320   2.888329     2.4396     2.1526     0.0044  0.1577497  0.000e+00
         86      1.447    14.9588    14.9378   2.904145   2.888264     2.4383     2.1514     0.0044  0.1572613  0.000e+00
         87      1.538    14.9591    14.9360   2.903794   2.888248     2.4359     2.1514     0.0044  0.1577497  0.000e+00
         88      1.505    14.9591    14.9325   2.903778   2.888226     2.4347     2.1502     0.0044  0.1577497  0.000e+00
         89      1.480    14.9593    14.9275   2.903663   2.888199     2.4335     2.1477     0.0044  0.1557961  0.000e+00
         90      1.505    14.9596    14.9221   2.903553   2.888129     2.4322     2.1465     0.0044  0.1553077  0.000e+00
         91      1.480    14.9593    14.9175   2.904046   2.888113     2.4298     2.1465     0.0044  0.1548193  0.000e+00
         92      1.571    14.9596    14.9133   2.904841   2.888113     2.4286     2.1453     0.0044  0.1553077  0.000e+00
         93      1.480    14.9597    14.9098   2.905136   2.888335     2.4273     2.1441     0.0044  0.1553077  0.000e+00
         94      1.571    14.9598    14.9069   2.905515   2.888816     2.4261     2.1429     0.0044  0.1553077  0.000e+00
         95      1.538    14.9596    14.9052   2.906068   2.889437     2.4249     2.1429     0.0044  0.1548193  0.000e+00
         96      1.505    14.9597    14.9054   2.906167   2.889924     2.4225     2.1404     0.0044  0.1553077  0.000e+00
         97      1.538    14.9591    14.9099   2.906479   2.890356     2.4212     2.1404     0.0044  0.1553077  0.000e+00
         98      1.505    14.9581    14.9157   2.907055   2.890686     2.4188     2.1392     0.0044  0.1548193  0.000e+00
         99      1.571    14.9571    14.9203   2.907493   2.891167     2.4176     2.1380     0.0044  0.1553077  0.000e+00
        100      1.604    14.9563    14.9225   2.908244   2.891811     2.4164     2.1380     0.0044  0.1553077  0.000e+00
        101      1.571    14.9555    14.9226   2.908661   2.892649     2.4151     2.1368     0.0044  0.1548193  0.000e+00
        102      1.661    14.9551    14.9214   2.909182   2.893276     2.4139     2.1355     0.0044  0.1553077  0.000e+00
        103      1.628    14.9546    14.9180   2.909988   2.893855     2.4127     2.1343     0.0044  0.1553077  0.000e+00
        104      1.604    14.9543    14.9214   2.910756   2.894472     2.4103     2.1331     0.0044  0.1548193  0.000e+00
        105      1.628    14.9539    14.9274   2.911512   2.895186     2.4090     2.1319     0.0044  0.1548193  0.000e+00
        106      1.661    14.9542    14.9321   2.912061   2.896030     2.4078     2.1306     0.0044  0.1553077  0.000e+00
        107      1.686    14.9540    14.9352   2.912395   2.897020     2.4066     2.1306     0.0044  0.1553077  0.000e+00
        108      1.719    14.9543    14.9388   2.912823   2.898378     2.4054     2.1282     0.0044  0.1553077  0.000e+00
        109      1.686    14.9542    14.9415   2.912851   2.899774     2.4041     2.1282     0.0044  0.1553077  0.000e+00
        110      1.719    14.9539    14.9440   2.913054   2.900754     2.4029     2.1270     0.0044  0.1553077  0.000e+00
        111      1.686    14.9524    14.9463   2.912960   2.901767     2.4017     2.1258     0.0044  0.1553077  0.000e+00
        112      1.785    14.9500    14.9481   2.913136   2.902476     2.4005     2.1245     0.0044  0.1548193  0.000e+00
        113      1.752    14.9477    14.9500   2.913131   2.903277     2.3993     2.1233     0.0044  0.1553077  0.000e+00
        114      1.785    14.9461    14.9510   2.913301   2.903851     2.3980     2.1233     0.0044  0.1553077  0.000e+00
        115      1.810    14.9449    14.9519   2.913372   2.904588     2.3968     2.1221     0.0044  0.1562845  0.000e+00
        116      1.843    14.9440    14.9526   2.913290   2.905222     2.3944     2.1209     0.0044  0.1567729  0.000e+00
        117      1.876    14.9429    14.9531   2.913306   2.905888     2.3944     2.1197     0.0044  0.1567729  0.000e+00
        118      1.876    14.9420    14.9534   2.913087   2.906251     2.3932     2.1197     0.0044  0.1562845  0.000e+00
        119      1.909    14.9411    14.9532   2.912917   2.906652     2.3919     2.1184     0.0044  0.1562845  0.000e+00
        120      1.876    14.9400    14.9529   2.912429   2.906863     2.3907     2.1172     0.0044  0.1562845  0.000e+00
        121      1.909    14.9390    14.9526   2.911918   2.906928     2.3895     2.1160     0.0044  0.1567729  0.000e+00
        122      1.933    14.9388    14.9527   2.910926   2.907150     2.3883     2.1160     0.0044  0.1562845  0.000e+00
        123      1.966    14.9385    14.9522   2.910350   2.907010     2.3871     2.1148     0.0044  0.1562845  0.000e+00
        124      1.999    14.9383    14.9522   2.909396   2.907010     2.3858     2.1148     0.0044  0.1567729  0.000e+00
        125      2.032    14.9381    14.9522   2.908968   2.906890     2.3858     2.1136     0.0044  0.1562845  0.000e+00
        126      1.999    14.9381    14.9519   2.908267   2.906793     2.3846     2.1123     0.0044  0.1562845  0.000e+00
        127      2.090    14.9381    14.9514   2.907850   2.906685     2.3834     2.1123     0.0044  0.1562845  0.000e+00
        128      2.057    14.9381    14.9512   2.907225   2.906603     2.3834     2.1123     0.0044  0.1567729  0.000e+00
        129      2.090    14.9380    14.9507   2.906414   2.906598     2.3834     2.1123     0.0044  0.1567729  0.000e+00
        130      2.115    14.9381    14.9503   2.905904   2.906419     2.3810     2.1123     0.0044  0.1562845  0.000e+00
        131      2.147    14.9383    14.9502   2.905181   2.906425     2.3797     2.1111     0.0044  0.1567729  0.000e+00
