code/data/2021/ctd_data_day1/Station 5 210921.cnv
* Sea-Bird SBE 9 Data File:
* FileName = C:\Users\CTD-User\Desktop\MAR440\Station 5 210921.hex
* Software Version Seasave V 7.26.2.13
* Temperature SN = 6313
* Conductivity SN = 4758
* Number of Bytes Per Scan = 30
* Number of Voltage Words = 4
* Number of Scans Averaged by the Deck Unit = 1
* NMEA baud rate = 4800
** Ship:
** Station:
** Operator:
# nquan = 11
# nvalues = 5809                                  
# units = specified
# name 0 = scan: Scan Count
# name 1 = prDM: Pressure, Digiquartz [db]
# name 2 = t090C: Temperature [ITS-90, deg C]
# name 3 = t190C: Temperature, 2 [ITS-90, deg C]
# name 4 = c0S/m: Conductivity [S/m]
# name 5 = c1S/m: Conductivity, 2 [S/m]
# name 6 = sbeox0V: Oxygen raw, SBE 43 [V]
# name 7 = sbeox1V: Oxygen raw, SBE 43, 2 [V]
# name 8 = flECO-AFL: Fluorescence, WET Labs ECO-AFL/FL [mg/m^3]
# name 9 = upoly0: Upoly 0, Turbidity
# name 10 = flag:  0.000e+00
# span 0 =          1,       5809                 
# span 1 =      0.454,     26.522                 
# span 2 =    10.8323,    16.2943                 
# span 3 =    10.8611,    16.2956                 
# span 4 =   2.868561,   3.812174                 
# span 5 =   2.881382,   3.813232                 
# span 6 =     0.8558,     2.8218                 
# span 7 =     0.9205,     2.7863                 
# span 8 =     0.0035,     0.0101                 
# span 9 =  0.0864432,  0.1636105                 
# span 10 = 0.0000e+00, 0.0000e+00                
# interval = seconds: 0.0416667
# start_time = Sep 21 2021 10:32:06 [System UTC, header]
# bad_flag = -9.990e-29
*END*
[from data line 3410]
       3411     26.447    12.8693    12.7601   3.757943   3.753456     0.9718     1.0255     0.0092  0.0879084  0.000e+00
       3412     26.447    12.8450    12.7643   3.756806   3.754425     0.9706     1.0255     0.0092  0.0879084  0.000e+00
       3413     26.447    12.8118    12.7563   3.755342   3.754616     0.9730     1.0255     0.0092  0.0874200  0.000e+00
       3414     26.447    12.7550    12.7248   3.753837   3.752799     0.9730     1.0255     0.0092  0.0879084  0.000e+00
       3415     26.447    12.7202    12.6803   3.752724   3.749762     0.9742     1.0255     0.0092  0.0874200  0.000e+00
       3416     26.447    12.7351    12.6886   3.752700   3.748119     0.9742     1.0267     0.0092  0.0874200  0.000e+00
       3417     26.447    12.7524    12.7539   3.753528   3.750287     0.9742     1.0267     0.0090  0.0883968  0.000e+00
       3418     26.447    12.7588    12.7397   3.754121   3.751585     0.9767     1.0267     0.0092  0.0874200  0.000e+00
       3419     26.389    12.7496    12.7122   3.753788   3.750043     0.9754     1.0279     0.0092  0.0879084  0.000e+00
       3420     26.447    12.7200    12.6997   3.751974   3.748644     0.9742     1.0279     0.0092  0.0874200  0.000e+00
       3421     26.323    12.6815    12.6729   3.748782   3.747449     0.9754     1.0292     0.0090  0.0874200  0.000e+00
       3422     26.504    12.6592    12.6674   3.746050   3.746033     0.9754     1.0292     0.0092  0.0879084  0.000e+00
       3423     26.389    12.6367    12.7162   3.744147   3.747419     0.9791     1.0304     0.0092  0.0883968  0.000e+00
       3424     26.389    12.5886    12.7752   3.741743   3.751262     0.9791     1.0316     0.0092  0.0879084  0.000e+00
       3425     26.323    12.5303    12.8106   3.738066   3.754179     0.9779     1.0316     0.0092  0.0879084  0.000e+00
       3426     26.389    12.4448    12.8652   3.731909   3.756308     0.9791     1.0328     0.0092  0.0883968  0.000e+00
       3427     26.323    12.3101    12.9298   3.723261   3.759262     0.9815     1.0341     0.0092  0.0874200  0.000e+00
       3428     26.331    12.2012    12.9963   3.715127   3.762696     0.9840     1.0353     0.0092  0.0879084  0.000e+00
       3429     26.323    12.1423    13.0445   3.708714   3.765563     0.9840     1.0365     0.0092  0.0879084  0.000e+00
       3430     26.323    12.0931    13.0695   3.703912   3.767000     0.9840     1.0377     0.0092  0.0874200  0.000e+00
       3431     26.323    12.0421    13.0472   3.700556   3.766174     0.9864     1.0389     0.0090  0.0883968  0.000e+00
       3432     26.323    12.0188    13.0139   3.698770   3.763857     0.9889     1.0402     0.0086  0.0879084  0.000e+00
       3433     26.323    12.0292    13.0309   3.699221   3.763582     0.9913     1.0414     0.0086  0.0879084  0.000e+00
       3434     26.323    12.0517    13.0283   3.701079   3.765144     0.9913     1.0426     0.0086  0.0879084  0.000e+00
       3435     26.265    12.0959    13.0136   3.703250   3.765198     0.9938     1.0450     0.0086  0.0883968  0.000e+00
       3436     26.265    12.1361    13.0158   3.705591   3.764486     0.9950     1.0475     0.0086  0.0883968  0.000e+00
       3437     26.323    12.1353    13.0164   3.706776   3.764444     0.9986     1.0475     0.0086  0.0883968  0.000e+00
       3438     26.265    12.1167    13.0384   3.706084   3.765593     0.9999     1.0499     0.0086  0.0883968  0.000e+00
       3439     26.265    12.1040    13.0681   3.704736   3.766976     1.0011     1.0511     0.0086  0.0879084  0.000e+00
       3440     26.199    12.0994    13.0815   3.704141   3.767143     1.0035     1.0536     0.0086  0.0879084  0.000e+00
       3441     26.265    12.1190    13.0658   3.704995   3.766311     1.0047     1.0548     0.0086  0.0883968  0.000e+00
       3442     26.199    12.1782    13.0283   3.707961   3.765204     1.0084     1.0573     0.0086  0.0879084  0.000e+00
       3443     26.265    12.2176    13.0012   3.710863   3.763834     1.0096     1.0585     0.0086  0.0879084  0.000e+00
       3444     26.199    12.2040    12.9628   3.711086   3.761978     1.0109     1.0609     0.0086  0.0879084  0.000e+00
       3445     26.265    12.1808    12.9233   3.709532   3.759699     1.0121     1.0634     0.0086  0.0879084  0.000e+00
       3446     26.199    12.1770    12.9106   3.709015   3.758263     1.0145     1.0658     0.0086  0.0883968  0.000e+00
       3447     26.199    12.1721    12.9246   3.709665   3.758281     1.0182     1.0682     0.0086  0.0879084  0.000e+00
       3448     26.265    12.1585    12.9306   3.709617   3.759292     1.0206     1.0695     0.0086  0.0883968  0.000e+00
       3449     26.199    12.1359    12.9328   3.708762   3.761015     1.0231     1.0719     0.0086  0.0883968  0.000e+00
       3450     26.264    12.1093    12.9594   3.707475   3.762948     1.0231     1.0744     0.0086  0.0879084  0.000e+00
       3451     26.198    12.1002    13.0040   3.706421   3.764432     1.0255     1.0768     0.0086  0.0879084  0.000e+00
       3452     26.198    12.1050    13.0371   3.705964   3.765288     1.0280     1.0792     0.0086  0.0879084  0.000e+00
       3453     26.198    12.1113    13.0629   3.705452   3.765856     1.0292     1.0817     0.0086  0.0883968  0.000e+00
       3454     26.141    12.1052    13.0753   3.704935   3.766060     1.0304     1.0841     0.0086  0.0883968  0.000e+00
       3455     26.198    12.1014    13.0816   3.704568   3.765886     1.0328     1.0866     0.0086  0.0883968  0.000e+00
       3456     26.198    12.0874    13.0848   3.704610   3.765497     1.0353     1.0890     0.0084  0.0883968  0.000e+00
       3457     26.198    12.0787    13.0764   3.704749   3.764916     1.0377     1.0914     0.0086  0.0883968  0.000e+00
       3458     26.198    12.1012    13.0685   3.704953   3.764336     1.0377     1.0939     0.0088  0.0879084  0.000e+00
       3459     26.198    12.1215    13.0370   3.705326   3.763624     1.0389     1.0963     0.0088  0.0883968  0.000e+00
       3460     26.141    12.1369    13.0567   3.705681   3.763935     1.0426     1.0976     0.0088  0.0883968  0.000e+00
       3461     26.264    12.1418    13.1069   3.705909   3.765892     1.0438     1.1000     0.0088  0.0879084  0.000e+00
       3462     26.198    12.1169    13.1631   3.705862   3.768280     1.0475     1.1024     0.0088  0.0883968  0.000e+00
       3463     26.198    12.0994    13.2042   3.705663   3.770286     1.0450     1.1049     0.0088  0.0879084  0.000e+00
       3464     26.198    12.1127    13.2384   3.705699   3.771754     1.0463     1.1061     0.0088  0.0879084  0.000e+00
       3465     26.198    12.1407    13.2512   3.706096   3.772922     1.0487     1.1085     0.0088  0.0883968  0.000e+00
       3466     26.140    12.1532    13.2493   3.706595   3.773785     1.0524     1.1110     0.0088  0.0883968  0.000e+00
       3467     26.198    12.1630    13.2777   3.707155   3.774246     1.0512     1.1134     0.0088  0.0879084  0.000e+00
       3468     26.198    12.1652    13.3270   3.707691   3.774719     1.0524     1.1159     0.0088  0.0883968  0.000e+00
       3469     26.140    12.1540    13.3554   3.707624   3.774988     1.0524     1.1171     0.0088  0.0879084  0.000e+00
       3470     26.198    12.0899    13.3505   3.706704   3.775036     1.0524     1.1195     0.0088  0.0879084  0.000e+00
       3471     26.198    12.0476    13.3262   3.705555   3.775144     1.0573     1.1220     0.0088  0.0883968  0.000e+00
       3472     26.140    12.0367    13.3044   3.704430   3.775073     1.0573     1.1244     0.0088  0.0883968  0.000e+00
       3473     26.198    12.0388    13.3076   3.703744   3.775085     1.0548     1.1269     0.0088  0.0879084  0.000e+00
       3474     26.198    12.0453    13.3243   3.703726   3.775186     1.0548     1.1281     0.0088  0.0883968  0.000e+00
       3475     26.198    12.0488    13.3476   3.703841   3.775054     1.0560     1.1317     0.0088  0.0879084  0.000e+00
       3476     26.198    12.0521    13.3433   3.703467   3.775078     1.0573     1.1330     0.0086  0.0879084  0.000e+00
       3477     26.140    12.0547    13.3483   3.702848   3.774886     1.0573     1.1354     0.0088  0.0883968  0.000e+00
       3478     26.198    12.0451    13.3700   3.702367   3.774754     1.0573     1.1379     0.0088  0.0883968  0.000e+00
       3479     26.198    12.0159    13.3985   3.702162   3.774838     1.0548     1.1403     0.0088  0.0883968  0.000e+00
       3480     26.198    12.0138    13.4228   3.702301   3.775029     1.0573     1.1427     0.0088  0.0879084  0.000e+00
       3481     26.140    12.0143    13.4211   3.702361   3.775119     1.0560     1.1440     0.0088  0.0879084  0.000e+00
       3482     26.198    11.9813    13.4136   3.702067   3.775191     1.0548     1.1464     0.0088  0.0883968  0.000e+00
       3483     26.140    11.9578    13.4059   3.701333   3.775077     1.0548     1.1488     0.0090  0.0883968  0.000e+00
       3484     26.198    11.9487    13.3827   3.700672   3.774508     1.0536     1.1501     0.0090  0.0879084  0.000e+00
       3485     26.198    11.9901    13.3620   3.700870   3.773454     1.0548     1.1537     0.0088  0.0879084  0.000e+00
       3486     26.140    12.0291    13.3444   3.702439   3.772250     1.0548     1.1562     0.0090  0.0883968  0.000e+00
       3487     26.198    12.0863    13.3042   3.704634   3.771004     1.0524     1.1574     0.0090  0.0883968  0.000e+00
       3488     26.198    12.1352    13.2649   3.706090   3.770112     1.0524     1.1598     0.0090  0.0883968  0.000e+00
       3489     26.140    12.1682    13.2479   3.706998   3.769723     1.0499     1.1623     0.0090  0.0879084  0.000e+00
       3490     26.197    12.1894    13.2515   3.707371   3.769591     1.0512     1.1647     0.0090  0.0879084  0.000e+00
       3491     26.197    12.1872    13.2615   3.707257   3.769411     1.0524     1.1659     0.0090  0.0883968  0.000e+00
       3492     26.140    12.1236    13.2525   3.705747   3.769190     1.0487     1.1684     0.0090  0.0879084  0.000e+00
       3493     26.197    12.1082    13.2319   3.704724   3.768980     1.0475     1.1696     0.0090  0.0883968  0.000e+00
       3494     26.140    12.1406    13.2021   3.705681   3.768765     1.0463     1.1720     0.0090  0.0879084  0.000e+00
       3495     26.140    12.1867    13.1751   3.706595   3.768280     1.0475     1.1745     0.0090  0.0883968  0.000e+00
       3496     26.140    12.1886    13.1626   3.705644   3.767490     1.0475     1.1769     0.0090  0.0883968  0.000e+00
       3497     26.140    12.1565    13.1403   3.703520   3.766652     1.0438     1.1782     0.0090  0.0879084  0.000e+00
       3498     26.140    12.1152    13.1300   3.701794   3.766077     1.0426     1.1806     0.0088  0.0883968  0.000e+00
       3499     26.082    12.0343    13.1398   3.699720   3.766203     1.0426     1.1830     0.0090  0.0879084  0.000e+00
       3500     26.139    11.9997    13.1443   3.696907   3.766706     1.0426     1.1843     0.0090  0.0883968  0.000e+00
       3501     26.139    12.0082    13.1552   3.695325   3.766993     1.0402     1.1855     0.0090  0.0879084  0.000e+00
       3502     26.139    12.0327    13.1953   3.696738   3.767969     1.0377     1.1879     0.0090  0.0883968  0.000e+00
       3503     26.082    12.0707    13.2490   3.699485   3.769890     1.0377     1.1891     0.0090  0.0879084  0.000e+00
       3504     26.139    12.0967    13.2622   3.701554   3.771646     1.0377     1.1916     0.0090  0.0879084  0.000e+00
       3505     26.016    12.1070    13.2310   3.702366   3.771274     1.0377     1.1940     0.0090  0.0879084  0.000e+00
       3506     26.139    12.1248    13.1949   3.702372   3.769029     1.0353     1.1953     0.0090  0.0879084  0.000e+00
       3507     26.016    12.1421    13.1549   3.702329   3.766580     1.0341     1.1977     0.0090  0.0879084  0.000e+00
       3508     26.139    12.1473    13.0972   3.702690   3.764491     1.0316     1.1989     0.0084  0.0879084  0.000e+00
       3509     26.016    12.1401    13.0293   3.702865   3.762582     1.0328     1.2014     0.0082  0.0879084  0.000e+00
       3510     26.139    12.1338    12.9934   3.702684   3.761020     1.0328     1.2026     0.0082  0.0883968  0.000e+00
       3511     26.015    12.1218    12.9929   3.702498   3.759788     1.0304     1.2050     0.0082  0.0879084  0.000e+00
       3512     26.081    12.1155    12.9900   3.702384   3.758806     1.0280     1.2062     0.0082  0.0883968  0.000e+00
       3513     26.015    12.1129    12.9685   3.702257   3.757724     1.0280     1.2087     0.0082  0.0883968  0.000e+00
       3514     26.081    12.1015    12.9324   3.702204   3.756660     1.0292     1.2099     0.0082  0.0879084  0.000e+00
       3515     26.015    12.0823    12.9017   3.702294   3.756199     1.0267     1.2123     0.0082  0.0879084  0.000e+00
       3516     26.081    12.0751    12.9024   3.702475   3.756283     1.0255     1.2136     0.0082  0.0883968  0.000e+00
       3517     26.015    12.1147    12.9089   3.703437   3.755888     1.0231     1.2160     0.0082  0.0879084  0.000e+00
       3518     26.081    12.1777    12.9092   3.705722   3.755147     1.0231     1.2172     0.0082  0.0879084  0.000e+00
       3519     25.958    12.2228    12.9308   3.708551   3.754979     1.0231     1.2197     0.0082  0.0883968  0.000e+00
       3520     26.081    12.2714    12.9571   3.710471   3.755726     1.0231     1.2209     0.0082  0.0883968  0.000e+00
       3521     26.015    12.2814    12.9650   3.710844   3.756665     1.0194     1.2221     0.0082  0.0883968  0.000e+00
       3522     26.081    12.2520    12.9650   3.710218   3.757341     1.0194     1.2233     0.0082  0.0883968  0.000e+00
       3523     26.015    12.2139    12.9660   3.709502   3.757760     1.0182     1.2258     0.0082  0.0883968  0.000e+00
       3524     26.015    12.2171    12.9598   3.709056   3.757754     1.0182     1.2270     0.0082  0.0883968  0.000e+00
       3525     26.081    12.2728    12.9283   3.709561   3.756779     1.0182     1.2282     0.0082  0.0879084  0.000e+00
       3526     26.015    12.3056    12.9396   3.709850   3.754452     1.0145     1.2307     0.0082  0.0879084  0.000e+00
       3527     26.015    12.2860    12.9186   3.709519   3.751553     1.0145     1.2319     0.0082  0.0879084  0.000e+00
       3528     26.081    12.2597    12.8223   3.709248   3.748398     1.0133     1.2331     0.0081  0.0883968  0.000e+00
       3529     26.015    12.2550    12.6985   3.710109   3.744031     1.0145     1.2343     0.0082  0.0883968  0.000e+00
       3530     26.015    12.2557    12.6028   3.711446   3.740073     1.0133     1.2356     0.0082  0.0879084  0.000e+00
       3531     26.015    12.2504    12.5335   3.712084   3.737053     1.0109     1.2368     0.0082  0.0879084  0.000e+00
       3532     26.015    12.2316    12.4994   3.711862   3.734827     1.0109     1.2380     0.0082  0.0879084  0.000e+00
       3533     26.015    12.1918    12.4756   3.711043   3.733383     1.0109     1.2392     0.0082  0.0879084  0.000e+00
       3534     26.081    12.1705    12.4534   3.709328   3.732297     1.0109     1.2404     0.0081  0.0879084  0.000e+00
       3535     26.015    12.1587    12.4427   3.707679   3.731283     1.0084     1.2417     0.0081  0.0879084  0.000e+00
       3536     26.015    12.1683    12.4313   3.706559   3.730347     1.0084     1.2429     0.0081  0.0883968  0.000e+00
       3537     26.015    12.1935    12.4136   3.705728   3.729572     1.0084     1.2429     0.0081  0.0883968  0.000e+00
       3538     26.081    12.1828    12.3983   3.705042   3.729119     1.0084     1.2441     0.0081  0.0879084  0.000e+00
       3539     26.015    12.1693    12.4051   3.704236   3.729154     1.0072     1.2441     0.0081  0.0879084  0.000e+00
       3540     26.015    12.1401    12.4125   3.703316   3.729393     1.0047     1.2453     0.0081  0.0883968  0.000e+00
