code/data/2021/ctd_data_day1/Station 3ex 210921_ctm_fil.cnv
* Sea-Bird SBE 9 Data File:
* FileName = C:\Users\CTD-User\Desktop\MAR440\Station 3ex 210921.hex
* Software Version Seasave V 7.26.2.13
* Temperature SN = 6313
* Conductivity SN = 4758
* Number of Bytes Per Scan = 30
* Number of Voltage Words = 4
* Number of Scans Averaged by the Deck Unit = 1
* NMEA baud rate = 4800
** Ship:
** Station:
** Operator:
# nquan = 11
# nvalues = 3026                        
# units = specified
# name 0 = scan: Scan Count
# name 1 = prDM: Pressure, Digiquartz [db]
# name 2 = t090C: Temperature [ITS-90, deg C]
# name 3 = t190C: Temperature, 2 [ITS-90, deg C]
# name 4 = c0S/m: Conductivity [S/m]
# name 5 = c1S/m: Conductivity, 2 [S/m]
# name 6 = sbeox0V: Oxygen raw, SBE 43 [V]
# name 7 = sbeox1V: Oxygen raw, SBE 43, 2 [V]
# name 8 = flECO-AFL: Fluorescence, WET Labs ECO-AFL/FL [mg/m^3]
# name 9 = upoly0: Upoly 0, Turbidity
# name 10 = flag:  0.000e+00
# span 0 =          1,       3026       
# span 1 =      0.466,     13.163       
# span 2 =    11.9571,    16.1072       
# span 3 =    11.9277,    16.1128       
# span 4 =  -0.000326,   3.412927       
# span 5 =   0.069778,   3.409325       
# span 6 =     1.3716,     3.2558       
# span 7 =     1.4146,     3.0932       
# span 8 =     0.0035,     0.0441       
# span 9 =  0.0805703,  0.1871152       
# span 10 = 0.0000e+00, 0.0000e+00      
# interval = seconds: 0.0416667
# start_time = Sep 21 2021 12:03:19 [System UTC, header]
# bad_flag = -9.990e-29
*END*
[from data line 2361]
       2362      3.600    15.1587    15.1858   2.958961   2.964209     2.8519     2.8000     0.0048  0.1735336 0.0000e+00
       2363      3.620    15.1598    15.1862   2.959113   2.964304     2.8520     2.7999     0.0048  0.1735407 0.0000e+00
       2364      3.641    15.1609    15.1864   2.959269   2.964356     2.8521     2.7998     0.0048  0.1735472 0.0000e+00
       2365      3.661    15.1621    15.1864   2.959431   2.964369     2.8522     2.7997     0.0048  0.1735499 0.0000e+00
       2366      3.682    15.1633    15.1862   2.959596   2.964354     2.8523     2.7996     0.0048  0.1735486 0.0000e+00
       2367      3.702    15.1645    15.1859   2.959765   2.964323     2.8524     2.7996     0.0048  0.1735460 0.0000e+00
       2368      3.723    15.1657    15.1856   2.959935   2.964285     2.8525     2.7995     0.0048  0.1735428 0.0000e+00
       2369      3.743    15.1669    15.1853   2.960104   2.964245     2.8526     2.7994     0.0048  0.1735382 0.0000e+00
       2370      3.764    15.1682    15.1850   2.960273   2.964204     2.8527     2.7993     0.0048  0.1735296 0.0000e+00
       2371      3.785    15.1694    15.1847   2.960445   2.964162     2.8528     2.7993     0.0048  0.1735170 0.0000e+00
       2372      3.805    15.1708    15.1844   2.960627   2.964116     2.8528     2.7992     0.0048  0.1735020 0.0000e+00
       2373      3.826    15.1722    15.1841   2.960825   2.964069     2.8529     2.7992     0.0048  0.1734827 0.0000e+00
       2374      3.846    15.1738    15.1837   2.961044   2.964023     2.8530     2.7992     0.0048  0.1734574 0.0000e+00
       2375      3.867    15.1755    15.1835   2.961282   2.963981     2.8531     2.7991     0.0048  0.1734275 0.0000e+00
       2376      3.888    15.1773    15.1832   2.961538   2.963946     2.8532     2.7991     0.0048  0.1733962 0.0000e+00
       2377      3.908    15.1792    15.1831   2.961808   2.963922     2.8532     2.7991     0.0048  0.1733651 0.0000e+00
       2378      3.929    15.1811    15.1830   2.962087   2.963911     2.8533     2.7990     0.0048  0.1733338 0.0000e+00
       2379      3.950    15.1830    15.1831   2.962375   2.963918     2.8533     2.7990     0.0049  0.1733023 0.0000e+00
       2380      3.971    15.1851    15.1833   2.962672   2.963943     2.8534     2.7989     0.0049  0.1732702 0.0000e+00
       2381      3.991    15.1873    15.1837   2.962985   2.963985     2.8534     2.7989     0.0049  0.1732383 0.0000e+00
       2382      4.012    15.1897    15.1841   2.963319   2.964044     2.8534     2.7988     0.0049  0.1732070 0.0000e+00
       2383      4.033    15.1922    15.1847   2.963676   2.964119     2.8535     2.7987     0.0049  0.1731763 0.0000e+00
       2384      4.054    15.1948    15.1853   2.964055   2.964210     2.8535     2.7987     0.0049  0.1731467 0.0000e+00
       2385      4.074    15.1975    15.1861   2.964452   2.964317     2.8535     2.7986     0.0049  0.1731180 0.0000e+00
       2386      4.095    15.2004    15.1870   2.964867   2.964441     2.8535     2.7985     0.0049  0.1730884 0.0000e+00
       2387      4.116    15.2032    15.1880   2.965297   2.964582     2.8535     2.7984     0.0049  0.1730567 0.0000e+00
       2388      4.136    15.2061    15.1892   2.965734   2.964742     2.8535     2.7983     0.0049  0.1730237 0.0000e+00
       2389      4.157    15.2088    15.1905   2.966164   2.964923     2.8535     2.7982     0.0049  0.1729899 0.0000e+00
       2390      4.178    15.2112    15.1919   2.966571   2.965127     2.8535     2.7981     0.0049  0.1729551 0.0000e+00
       2391      4.199    15.2135    15.1935   2.966943   2.965353     2.8535     2.7979     0.0049  0.1729190 0.0000e+00
       2392      4.220    15.2154    15.1952   2.967279   2.965599     2.8535     2.7978     0.0049  0.1728806 0.0000e+00
       2393      4.241    15.2171    15.1971   2.967576   2.965867     2.8534     2.7976     0.0049  0.1728396 0.0000e+00
       2394      4.262    15.2183    15.1991   2.967828   2.966157     2.8534     2.7975     0.0049  0.1727974 0.0000e+00
       2395      4.283    15.2191    15.2013   2.968023   2.966468     2.8534     2.7973     0.0049  0.1727545 0.0000e+00
       2396      4.303    15.2195    15.2034   2.968155   2.966795     2.8533     2.7971     0.0049  0.1727107 0.0000e+00
       2397      4.324    15.2195    15.2056   2.968226   2.967128     2.8532     2.7969     0.0049  0.1726656 0.0000e+00
       2398      4.345    15.2192    15.2077   2.968249   2.967451     2.8532     2.7967     0.0049  0.1726190 0.0000e+00
       2399      4.366    15.2189    15.2096   2.968241   2.967749     2.8531     2.7965     0.0049  0.1725696 0.0000e+00
       2400      4.387    15.2186    15.2113   2.968223   2.968020     2.8530     2.7963     0.0049  0.1725155 0.0000e+00
       2401      4.408    15.2184    15.2128   2.968208   2.968269     2.8529     2.7961     0.0049  0.1724562 0.0000e+00
       2402      4.429    15.2185    15.2142   2.968211   2.968496     2.8528     2.7959     0.0049  0.1723922 0.0000e+00
       2403      4.450    15.2188    15.2154   2.968245   2.968701     2.8527     2.7956     0.0049  0.1723231 0.0000e+00
       2404      4.471    15.2195    15.2165   2.968322   2.968883     2.8526     2.7954     0.0049  0.1722491 0.0000e+00
       2405      4.492    15.2205    15.2174   2.968450   2.969043     2.8525     2.7952     0.0048  0.1721715 0.0000e+00
       2406      4.513    15.2220    15.2182   2.968636   2.969186     2.8524     2.7949     0.0048  0.1720924 0.0000e+00
       2407      4.534    15.2239    15.2189   2.968880   2.969318     2.8523     2.7947     0.0048  0.1720136 0.0000e+00
       2408      4.555    15.2261    15.2198   2.969184   2.969451     2.8523     2.7944     0.0048  0.1719355 0.0000e+00
       2409      4.576    15.2288    15.2207   2.969547   2.969598     2.8522     2.7942     0.0048  0.1718576 0.0000e+00
       2410      4.597    15.2319    15.2218   2.969969   2.969769     2.8521     2.7939     0.0048  0.1717793 0.0000e+00
       2411      4.618    15.2353    15.2232   2.970449   2.969973     2.8520     2.7937     0.0048  0.1717000 0.0000e+00
       2412      4.640    15.2391    15.2249   2.970985   2.970216     2.8519     2.7934     0.0048  0.1716193 0.0000e+00
       2413      4.661    15.2433    15.2269   2.971576   2.970504     2.8519     2.7932     0.0048  0.1715357 0.0000e+00
       2414      4.682    15.2480    15.2292   2.972224   2.970846     2.8518     2.7929     0.0048  0.1714478 0.0000e+00
       2415      4.703    15.2529    15.2320   2.972929   2.971251     2.8517     2.7927     0.0048  0.1713557 0.0000e+00
       2416      4.724    15.2583    15.2353   2.973690   2.971724     2.8517     2.7925     0.0048  0.1712598 0.0000e+00
       2417      4.745    15.2639    15.2390   2.974500   2.972269     2.8516     2.7922     0.0048  0.1711594 0.0000e+00
       2418      4.766    15.2698    15.2433   2.975353   2.972889     2.8515     2.7920     0.0048  0.1710528 0.0000e+00
       2419      4.788    15.2759    15.2479   2.976247   2.973580     2.8515     2.7918     0.0048  0.1709386 0.0000e+00
       2420      4.809    15.2823    15.2529   2.977176   2.974331     2.8514     2.7916     0.0048  0.1708159 0.0000e+00
       2421      4.830    15.2888    15.2582   2.978134   2.975134     2.8513     2.7913     0.0048  0.1706838 0.0000e+00
       2422      4.851    15.2954    15.2638   2.979116   2.975984     2.8512     2.7911     0.0048  0.1705424 0.0000e+00
       2423      4.872    15.3022    15.2697   2.980122   2.976881     2.8512     2.7909     0.0048  0.1703914 0.0000e+00
       2424      4.894    15.3092    15.2758   2.981153   2.977820     2.8511     2.7907     0.0048  0.1702298 0.0000e+00
       2425      4.915    15.3165    15.2822   2.982215   2.978788     2.8510     2.7904     0.0048  0.1700565 0.0000e+00
       2426      4.936    15.3241    15.2886   2.983316   2.979778     2.8509     2.7902     0.0048  0.1698703 0.0000e+00
       2427      4.957    15.3320    15.2953   2.984467   2.980791     2.8507     2.7900     0.0048  0.1696699 0.0000e+00
       2428      4.979    15.3403    15.3023   2.985674   2.981838     2.8506     2.7898     0.0048  0.1694539 0.0000e+00
       2429      5.000    15.3490    15.3096   2.986937   2.982936     2.8504     2.7896     0.0048  0.1692207 0.0000e+00
       2430      5.022    15.3580    15.3172   2.988256   2.984088     2.8503     2.7894     0.0048  0.1689723 0.0000e+00
       2431      5.043    15.3674    15.3251   2.989633   2.985284     2.8502     2.7891     0.0048  0.1687186 0.0000e+00
       2432      5.064    15.3771    15.3331   2.991070   2.986513     2.8500     2.7889     0.0048  0.1684725 0.0000e+00
       2433      5.085    15.3870    15.3414   2.992564   2.987776     2.8498     2.7887     0.0048  0.1682390 0.0000e+00
       2434      5.107    15.3973    15.3500   2.994109   2.989095     2.8497     2.7885     0.0048  0.1680164 0.0000e+00
       2435      5.128    15.4077    15.3592   2.995695   2.990494     2.8495     2.7883     0.0048  0.1678024 0.0000e+00
       2436      5.149    15.4182    15.3689   2.997315   2.991979     2.8493     2.7880     0.0048  0.1675955 0.0000e+00
       2437      5.171    15.4289    15.3789   2.998960   2.993536     2.8492     2.7878     0.0048  0.1673933 0.0000e+00
       2438      5.192    15.4396    15.3893   3.000626   2.995148     2.8490     2.7876     0.0048  0.1671937 0.0000e+00
       2439      5.213    15.4505    15.3999   3.002312   2.996803     2.8488     2.7874     0.0048  0.1669961 0.0000e+00
       2440      5.235    15.4613    15.4106   3.004010   2.998493     2.8486     2.7872     0.0048  0.1667999 0.0000e+00
       2441      5.256    15.4720    15.4214   3.005710   3.000207     2.8485     2.7870     0.0048  0.1666030 0.0000e+00
       2442      5.277    15.4827    15.4321   3.007406   3.001929     2.8483     2.7868     0.0048  0.1664031 0.0000e+00
       2443      5.299    15.4932    15.4427   3.009096   3.003647     2.8481     2.7866     0.0048  0.1661989 0.0000e+00
       2444      5.320    15.5036    15.4533   3.010773   3.005355     2.8480     2.7864     0.0048  0.1659889 0.0000e+00
       2445      5.342    15.5135    15.4638   3.012421   3.007054     2.8478     2.7862     0.0048  0.1657725 0.0000e+00
       2446      5.363    15.5230    15.4743   3.014018   3.008750     2.8476     2.7861     0.0048  0.1655491 0.0000e+00
       2447      5.385    15.5319    15.4848   3.015548   3.010449     2.8475     2.7859     0.0048  0.1653162 0.0000e+00
       2448      5.406    15.5403    15.4952   3.017002   3.012146     2.8473     2.7857     0.0048  0.1650723 0.0000e+00
       2449      5.427    15.5482    15.5055   3.018377   3.013823     2.8471     2.7855     0.0048  0.1648173 0.0000e+00
       2450      5.449    15.5556    15.5155   3.019673   3.015458     2.8470     2.7853     0.0048  0.1645503 0.0000e+00
       2451      5.471    15.5625    15.5251   3.020892   3.017034     2.8468     2.7852     0.0048  0.1642686 0.0000e+00
       2452      5.492    15.5689    15.5342   3.022040   3.018541     2.8467     2.7850     0.0048  0.1639685 0.0000e+00
       2453      5.513    15.5750    15.5429   3.023121   3.019977     2.8465     2.7848     0.0048  0.1636480 0.0000e+00
       2454      5.535    15.5807    15.5511   3.024140   3.021341     2.8463     2.7846     0.0048  0.1633065 0.0000e+00
       2455      5.557    15.5860    15.5589   3.025100   3.022633     2.8462     2.7844     0.0048  0.1629425 0.0000e+00
       2456      5.578    15.5909    15.5662   3.026005   3.023854     2.8460     2.7843     0.0048  0.1625620 0.0000e+00
       2457      5.600    15.5956    15.5731   3.026858   3.025006     2.8459     2.7841     0.0048  0.1621836 0.0000e+00
       2458      5.621    15.6000    15.5795   3.027663   3.026092     2.8457     2.7839     0.0048  0.1618215 0.0000e+00
       2459      5.643    15.6041    15.5856   3.028424   3.027118     2.8456     2.7837     0.0048  0.1614776 0.0000e+00
       2460      5.664    15.6081    15.5914   3.029146   3.028092     2.8454     2.7836     0.0048  0.1611486 0.0000e+00
       2461      5.685    15.6118    15.5969   3.029834   3.029020     2.8452     2.7834     0.0048  0.1608304 0.0000e+00
       2462      5.707    15.6155    15.6021   3.030500   3.029910     2.8451     2.7832     0.0048  0.1605201 0.0000e+00
       2463      5.728    15.6191    15.6072   3.031150   3.030769     2.8449     2.7830     0.0048  0.1602155 0.0000e+00
       2464      5.750    15.6226    15.6121   3.031793   3.031605     2.8447     2.7828     0.0048  0.1599145 0.0000e+00
       2465      5.772    15.6261    15.6169   3.032432   3.032427     2.8446     2.7826     0.0048  0.1596149 0.0000e+00
       2466      5.793    15.6296    15.6216   3.033070   3.033244     2.8444     2.7824     0.0048  0.1593147 0.0000e+00
       2467      5.815    15.6331    15.6264   3.033710   3.034061     2.8442     2.7822     0.0048  0.1590118 0.0000e+00
       2468      5.836    15.6366    15.6311   3.034356   3.034883     2.8440     2.7820     0.0048  0.1587041 0.0000e+00
       2469      5.858    15.6402    15.6358   3.035011   3.035714     2.8438     2.7817     0.0048  0.1583895 0.0000e+00
       2470      5.879    15.6438    15.6406   3.035681   3.036555     2.8436     2.7815     0.0048  0.1580657 0.0000e+00
       2471      5.901    15.6476    15.6455   3.036368   3.037412     2.8433     2.7812     0.0048  0.1577305 0.0000e+00
       2472      5.923    15.6514    15.6504   3.037075   3.038287     2.8431     2.7809     0.0048  0.1573824 0.0000e+00
       2473      5.944    15.6554    15.6555   3.037803   3.039189     2.8428     2.7806     0.0048  0.1570199 0.0000e+00
       2474      5.966    15.6596    15.6607   3.038556   3.040123     2.8425     2.7802     0.0048  0.1566396 0.0000e+00
       2475      5.987    15.6639    15.6662   3.039339   3.041097     2.8421     2.7799     0.0048  0.1562380 0.0000e+00
       2476      6.009    15.6684    15.6719   3.040159   3.042117     2.8418     2.7795     0.0048  0.1558122 0.0000e+00
       2477      6.030    15.6732    15.6778   3.041021   3.043191     2.8414     2.7791     0.0048  0.1553594 0.0000e+00
       2478      6.052    15.6783    15.6841   3.041931   3.044318     2.8409     2.7786     0.0048  0.1548773 0.0000e+00
       2479      6.073    15.6837    15.6905   3.042893   3.045490     2.8405     2.7781     0.0048  0.1543632 0.0000e+00
       2480      6.095    15.6894    15.6971   3.043910   3.046695     2.8400     2.7776     0.0048  0.1538129 0.0000e+00
       2481      6.116    15.6954    15.7038   3.044989   3.047928     2.8395     2.7771     0.0049  0.1532309 0.0000e+00
       2482      6.138    15.7019    15.7106   3.046134   3.049186     2.8389     2.7765     0.0049  0.1526429 0.0000e+00
       2483      6.160    15.7087    15.7176   3.047348   3.050467     2.8383     2.7759     0.0049  0.1520781 0.0000e+00
       2484      6.181    15.7158    15.7246   3.048629   3.051770     2.8377     2.7752     0.0049  0.1515468 0.0000e+00
       2485      6.203    15.7232    15.7318   3.049969   3.053093     2.8370     2.7745     0.0049  0.1510471 0.0000e+00
       2486      6.224    15.7308    15.7390   3.051360   3.054437     2.8362     2.7738     0.0049  0.1505756 0.0000e+00
       2487      6.246    15.7384    15.7464   3.052784   3.055802     2.8355     2.7730     0.0049  0.1501289 0.0000e+00
       2488      6.268    15.7459    15.7538   3.054217   3.057175     2.8347     2.7722     0.0049  0.1497039 0.0000e+00
       2489      6.290    15.7533    15.7611   3.055632   3.058535     2.8338     2.7713     0.0049  0.1492977 0.0000e+00
       2490      6.312    15.7603    15.7681   3.057011   3.059860     2.8330     2.7705     0.0049  0.1489075 0.0000e+00
       2491      6.334    15.7671    15.7749   3.058343   3.061133     2.8320     2.7695     0.0049  0.1485304 0.0000e+00
