code/data/2021/ctd_data_day1/Station 2 210921.cnv
* Sea-Bird SBE 9 Data File:
* FileName = C:\Users\CTD-User\Desktop\MAR440\Station 2 210921.hex
* Software Version Seasave V 7.26.2.13
* Temperature SN = 6313
* Conductivity SN = 4758
* Number of Bytes Per Scan = 30
* Number of Voltage Words = 4
* Number of Scans Averaged by the Deck Unit = 1
* NMEA baud rate = 4800
** Ship:
** Station:
** Operator:
# nquan = 11
# nvalues = 6110                                  
# units = specified
# name 0 = scan: Scan Count
# name 1 = prDM: Pressure, Digiquartz [db]
# name 2 = t090C: Temperature [ITS-90, deg C]
# name 3 = t190C: Temperature, 2 [ITS-90, deg C]
# name 4 = c0S/m: Conductivity [S/m]
# name 5 = c1S/m: Conductivity, 2 [S/m]
# name 6 = sbeox0V: Oxygen raw, SBE 43 [V]
# name 7 = sbeox1V: Oxygen raw, SBE 43, 2 [V]
# name 8 = flECO-AFL: Fluorescence, WET Labs ECO-AFL/FL [mg/m^3]
# name 9 = upoly0: Upoly 0, Turbidity
# name 10 = flag:  0.000e+00
# span 0 =          1,       6110                 
# span 1 =      0.157,     43.455                 
# span 2 =     7.9730,    16.1801                 
# span 3 =     7.9712,    16.1835                 
# span 4 =  -0.000671,   3.501940                 
# span 5 =   0.104292,   3.503043                 
# span 6 =     0.4711,     3.0415                 
# span 7 =     0.5273,     2.8535                 
# span 8 =     0.0033,     0.0408                 
# span 9 =  0.0805824,  0.2358938                 
# span 10 = 0.0000e+00, 0.0000e+00                
# interval = seconds: 0.0416667
# start_time = Sep 21 2021 09:07:42 [System UTC, header]
# bad_flag = -9.990e-29
*END*
[from data line 1705]
       1706     10.130    15.9038    15.9325   2.766172   2.801235     2.2771     2.2100     0.0038  0.0962112  0.000e+00
       1707     10.047    15.9041    15.9324   2.766188   2.801508     2.2759     2.2112     0.0038  0.0962112  0.000e+00
       1708     10.130    15.9041    15.9323   2.766269   2.801818     2.2759     2.2100     0.0038  0.0962112  0.000e+00
       1709     10.072    15.9045    15.9319   2.766296   2.802085     2.2747     2.2100     0.0038  0.0962112  0.000e+00
       1710     10.130    15.9045    15.9315   2.766258   2.802357     2.2735     2.2100     0.0038  0.0962112  0.000e+00
       1711     10.113    15.9050    15.9309   2.766382   2.802689     2.2723     2.2100     0.0038  0.0966996  0.000e+00
       1712     10.072    15.9050    15.9304   2.766366   2.802977     2.2710     2.2100     0.0038  0.0962112  0.000e+00
       1713     10.072    15.9053    15.9298   2.766414   2.803277     2.2698     2.2100     0.0038  0.0962112  0.000e+00
       1714     10.113    15.9053    15.9288   2.766446   2.803517     2.2698     2.2100     0.0038  0.0962112  0.000e+00
       1715     10.129    15.9058    15.9278   2.766436   2.803865     2.2686     2.2100     0.0038  0.0962112  0.000e+00
       1716     10.072    15.9057    15.9263   2.766446   2.804063     2.2674     2.2088     0.0038  0.0962112  0.000e+00
       1717     10.113    15.9060    15.9247   2.766570   2.804431     2.2674     2.2088     0.0038  0.0962112  0.000e+00
       1718     10.072    15.9060    15.9227   2.766629   2.804603     2.2662     2.2088     0.0038  0.0962112  0.000e+00
       1719     10.072    15.9058    15.9210   2.766640   2.804977     2.2649     2.2076     0.0038  0.0966996  0.000e+00
       1720     10.113    15.9060    15.9191   2.766640   2.805196     2.2637     2.2088     0.0040  0.0966996  0.000e+00
       1721     10.072    15.9058    15.9178   2.766737   2.805506     2.2625     2.2088     0.0040  0.0966996  0.000e+00
       1722     10.129    15.9058    15.9164   2.766769   2.805757     2.2625     2.2088     0.0040  0.0966996  0.000e+00
       1723     10.113    15.9055    15.9150   2.766845   2.806068     2.2601     2.2088     0.0040  0.0966996  0.000e+00
       1724     10.072    15.9055    15.9136   2.766915   2.806255     2.2601     2.2088     0.0040  0.0966996  0.000e+00
       1725     10.071    15.9052    15.9128   2.766904   2.806640     2.2588     2.2088     0.0040  0.0966996  0.000e+00
       1726     10.129    15.9050    15.9121   2.766958   2.806843     2.2576     2.2076     0.0040  0.0966996  0.000e+00
       1727     10.047    15.9048    15.9111   2.767038   2.807105     2.2564     2.2076     0.0040  0.0966996  0.000e+00
       1728     10.129    15.9045    15.9102   2.767060   2.807469     2.2564     2.2063     0.0040  0.0966996  0.000e+00
       1729     10.071    15.9040    15.9099   2.767076   2.807693     2.2552     2.2063     0.0040  0.0966996  0.000e+00
       1730     10.113    15.9031    15.9091   2.767103   2.808073     2.2539     2.2063     0.0040  0.0966996  0.000e+00
       1731     10.129    15.9021    15.9085   2.767211   2.808314     2.2527     2.2063     0.0040  0.0971880  0.000e+00
       1732     10.071    15.9002    15.9079   2.767243   2.808522     2.2515     2.2063     0.0040  0.0966996  0.000e+00
       1733     10.047    15.8985    15.9077   2.767275   2.808849     2.2503     2.2063     0.0040  0.0966996  0.000e+00
       1734     10.129    15.8955    15.9075   2.767232   2.809068     2.2503     2.2063     0.0040  0.0966996  0.000e+00
       1735     10.071    15.8928    15.9072   2.767329   2.809405     2.2491     2.2063     0.0040  0.0966996  0.000e+00
       1736     10.112    15.8901    15.9068   2.767431   2.809715     2.2491     2.2051     0.0040  0.0966996  0.000e+00
       1737     10.071    15.8877    15.9066   2.767528   2.809951     2.2478     2.2051     0.0040  0.0966996  0.000e+00
       1738     10.071    15.8862    15.9066   2.767437   2.810224     2.2466     2.2051     0.0040  0.0971880  0.000e+00
       1739     10.170    15.8851    15.9066   2.767399   2.810513     2.2454     2.2051     0.0040  0.0971880  0.000e+00
       1740     10.071    15.8838    15.9065   2.767631   2.810668     2.2454     2.2051     0.0040  0.0966996  0.000e+00
       1741     10.071    15.8826    15.9064   2.767652   2.811010     2.2442     2.2039     0.0040  0.0971880  0.000e+00
       1742     10.071    15.8809    15.9063   2.767593   2.811353     2.2430     2.2039     0.0040  0.0966996  0.000e+00
       1743     10.112    15.8795    15.9060   2.767620   2.811572     2.2417     2.2039     0.0040  0.0966996  0.000e+00
       1744     10.071    15.8782    15.9058   2.767733   2.811834     2.2417     2.2039     0.0040  0.0966996  0.000e+00
       1745     10.129    15.8768    15.9058   2.767765   2.812203     2.2405     2.2039     0.0038  0.0957228  0.000e+00
       1746     10.046    15.8758    15.9055   2.767781   2.812466     2.2393     2.2027     0.0038  0.0962112  0.000e+00
       1747     10.129    15.8753    15.9054   2.767867   2.812797     2.2381     2.2027     0.0038  0.0962112  0.000e+00
       1748     10.071    15.8752    15.9051   2.767911   2.813044     2.2381     2.2027     0.0038  0.0952344  0.000e+00
       1749     10.112    15.8749    15.9051   2.767900   2.813413     2.2369     2.2015     0.0038  0.0952344  0.000e+00
       1750     10.071    15.8753    15.9048   2.767954   2.813766     2.2369     2.2015     0.0038  0.0962112  0.000e+00
       1751     10.071    15.8755    15.9047   2.767991   2.814039     2.2356     2.2015     0.0038  0.0952344  0.000e+00
       1752     10.112    15.8756    15.9044   2.768061   2.814259     2.2344     2.2015     0.0038  0.0952344  0.000e+00
       1753     10.071    15.8758    15.9044   2.768083   2.814553     2.2332     2.2015     0.0038  0.0952344  0.000e+00
       1754     10.071    15.8755    15.9041   2.768158   2.814971     2.2320     2.2002     0.0038  0.0952344  0.000e+00
       1755     10.170    15.8755    15.9032   2.768266   2.815378     2.2320     2.2002     0.0038  0.0962112  0.000e+00
       1756     10.013    15.8753    15.9024   2.768293   2.815651     2.2307     2.2002     0.0038  0.0952344  0.000e+00
       1757     10.129    15.8758    15.9015   2.768228   2.815892     2.2295     2.1990     0.0038  0.0952344  0.000e+00
       1758     10.071    15.8766    15.9007   2.768309   2.816229     2.2295     2.1990     0.0038  0.0962112  0.000e+00
       1759     10.112    15.8773    15.8997   2.768476   2.816486     2.2283     2.1990     0.0038  0.0962112  0.000e+00
       1760     10.071    15.8779    15.8985   2.768524   2.816855     2.2271     2.1978     0.0038  0.0962112  0.000e+00
       1761     10.071    15.8780    15.8974   2.768486   2.817236     2.2271     2.1978     0.0038  0.0952344  0.000e+00
       1762     10.112    15.8787    15.8967   2.768529   2.817546     2.2271     2.1978     0.0038  0.0952344  0.000e+00
       1763     10.071    15.8791    15.8959   2.768664   2.817900     2.2246     2.1966     0.0038  0.0952344  0.000e+00
       1764     10.071    15.8791    15.8951   2.768626   2.818210     2.2234     2.1966     0.0038  0.0962112  0.000e+00
       1765     10.112    15.8792    15.8945   2.768739   2.818500     2.2234     2.1966     0.0038  0.0962112  0.000e+00
       1766     10.071    15.8797    15.8942   2.768745   2.818773     2.2222     2.1954     0.0038  0.0952344  0.000e+00
       1767     10.071    15.8797    15.8937   2.768788   2.819057     2.2210     2.1954     0.0038  0.0952344  0.000e+00
       1768     10.112    15.8797    15.8935   2.768809   2.819330     2.2198     2.1941     0.0038  0.0962112  0.000e+00
       1769     10.071    15.8799    15.8930   2.768896   2.819614     2.2198     2.1941     0.0038  0.0962112  0.000e+00
       1770     10.128    15.8802    15.8930   2.768955   2.819983     2.2185     2.1941     0.0038  0.0952344  0.000e+00
       1771     10.046    15.8799    15.8928   2.768928   2.820305     2.2173     2.1929     0.0038  0.0947460  0.000e+00
       1772     10.071    15.8804    15.8926   2.768976   2.820573     2.2173     2.1917     0.0038  0.0947460  0.000e+00
       1773     10.071    15.8802    15.8926   2.769079   2.820840     2.2161     2.1929     0.0038  0.0947460  0.000e+00
       1774     10.070    15.8802    15.8923   2.769138   2.821167     2.2149     2.1917     0.0038  0.0947460  0.000e+00
       1775     10.112    15.8799    15.8923   2.769170   2.821473     2.2149     2.1917     0.0038  0.0947460  0.000e+00
       1776     10.070    15.8799    15.8921   2.769219   2.821703     2.2136     2.1917     0.0038  0.0947460  0.000e+00
       1777     10.070    15.8799    15.8921   2.769154   2.821998     2.2124     2.1905     0.0038  0.0947460  0.000e+00
       1778     10.112    15.8799    15.8923   2.769305   2.822335     2.2124     2.1892     0.0038  0.0947460  0.000e+00
       1779     10.070    15.8799    15.8920   2.769299   2.822657     2.2112     2.1892     0.0038  0.0952344  0.000e+00
       1780     10.070    15.8799    15.8921   2.769305   2.822877     2.2112     2.1892     0.0038  0.0947460  0.000e+00
       1781     10.112    15.8801    15.8921   2.769412   2.823198     2.2100     2.1892     0.0038  0.0947460  0.000e+00
       1782     10.070    15.8802    15.8921   2.769445   2.823536     2.2088     2.1880     0.0038  0.0947460  0.000e+00
       1783     10.070    15.8806    15.8923   2.769515   2.823852     2.2075     2.1880     0.0038  0.0952344  0.000e+00
       1784     10.111    15.8809    15.8923   2.769547   2.824131     2.2075     2.1868     0.0038  0.0947460  0.000e+00
       1785     10.070    15.8811    15.8923   2.769687   2.824334     2.2075     2.1868     0.0038  0.0947460  0.000e+00
       1786     10.070    15.8814    15.8925   2.769633   2.824560     2.2063     2.1856     0.0038  0.0947460  0.000e+00
       1787     10.111    15.8816    15.8926   2.769617   2.824763     2.2051     2.1856     0.0038  0.0947460  0.000e+00
       1788     10.012    15.8818    15.8926   2.769665   2.825047     2.2039     2.1844     0.0038  0.0947460  0.000e+00
       1789     10.070    15.8816    15.8930   2.769757   2.825289     2.2039     2.1844     0.0038  0.0947460  0.000e+00
       1790     10.128    15.8816    15.8930   2.769843   2.825600     2.2027     2.1831     0.0038  0.0947460  0.000e+00
       1791     10.045    15.8818    15.8930   2.769816   2.825975     2.2014     2.1831     0.0038  0.0947460  0.000e+00
       1792     10.070    15.8816    15.8933   2.769967   2.826339     2.2014     2.1831     0.0038  0.0947460  0.000e+00
       1793     10.070    15.8818    15.8930   2.770021   2.826549     2.2002     2.1819     0.0038  0.0947460  0.000e+00
       1794     10.111    15.8819    15.8933   2.769983   2.826768     2.1990     2.1819     0.0038  0.0947460  0.000e+00
       1795     10.070    15.8821    15.8933   2.770058   2.827026     2.1990     2.1807     0.0038  0.0952344  0.000e+00
       1796     10.070    15.8821    15.8935   2.770155   2.827353     2.1990     2.1807     0.0038  0.0957228  0.000e+00
       1797     10.045    15.8823    15.8937   2.770214   2.827760     2.1978     2.1807     0.0038  0.0962112  0.000e+00
       1798     10.070    15.8822    15.8937   2.770166   2.828066     2.1966     2.1795     0.0038  0.0966996  0.000e+00
       1799     10.070    15.8824    15.8939   2.770171   2.828189     2.1941     2.1795     0.0038  0.0966996  0.000e+00
       1800     10.111    15.8828    15.8941   2.770198   2.828431     2.1953     2.1783     0.0038  0.0962112  0.000e+00
       1801     10.070    15.8829    15.8940   2.770322   2.828785     2.1941     2.1783     0.0038  0.0962112  0.000e+00
       1802     10.070    15.8829    15.8940   2.770371   2.829117     2.1941     2.1770     0.0038  0.0962112  0.000e+00
       1803     10.045    15.8829    15.8942   2.770424   2.829310     2.1929     2.1770     0.0038  0.0962112  0.000e+00
       1804     10.070    15.8833    15.8939   2.770441   2.829514     2.1917     2.1758     0.0038  0.0962112  0.000e+00
       1805     10.070    15.8831    15.8942   2.770511   2.829863     2.1917     2.1758     0.0038  0.0962112  0.000e+00
       1806     10.070    15.8833    15.8944   2.770543   2.830265     2.1904     2.1758     0.0038  0.0962112  0.000e+00
       1807     10.111    15.8833    15.8945   2.770548   2.830405     2.1904     2.1746     0.0038  0.0962112  0.000e+00
       1808     10.070    15.8833    15.8945   2.770634   2.830657     2.1892     2.1734     0.0038  0.0962112  0.000e+00
       1809     10.070    15.8833    15.8949   2.770651   2.831011     2.1880     2.1734     0.0038  0.0962112  0.000e+00
       1810     10.045    15.8833    15.8949   2.770785   2.831231     2.1880     2.1734     0.0038  0.0962112  0.000e+00
       1811     10.070    15.8834    15.8949   2.770715   2.831510     2.1868     2.1722     0.0038  0.0962112  0.000e+00
       1812     10.070    15.8834    15.8947   2.770764   2.831864     2.1856     2.1722     0.0038  0.0962112  0.000e+00
       1813     10.045    15.8834    15.8945   2.770882   2.832137     2.1843     2.1709     0.0038  0.0962112  0.000e+00
       1814     10.070    15.8835    15.8945   2.770931   2.832379     2.1843     2.1709     0.0038  0.0962112  0.000e+00
       1815     10.070    15.8836    15.8944   2.770893   2.832733     2.1831     2.1697     0.0038  0.0962112  0.000e+00
       1816     10.111    15.8838    15.8944   2.770925   2.833039     2.1819     2.1685     0.0038  0.0962112  0.000e+00
       1817     10.070    15.8838    15.8944   2.771054   2.833254     2.1819     2.1685     0.0038  0.0962112  0.000e+00
       1818     10.070    15.8840    15.8942   2.771065   2.833597     2.1807     2.1685     0.0038  0.0962112  0.000e+00
       1819     10.045    15.8840    15.8942   2.771087   2.833774     2.1807     2.1685     0.0038  0.0962112  0.000e+00
       1820     10.070    15.8841    15.8940   2.771194   2.834064     2.1807     2.1673     0.0038  0.0962112  0.000e+00
       1821     10.069    15.8843    15.8941   2.771168   2.834429     2.1795     2.1673     0.0038  0.0966996  0.000e+00
       1822     10.069    15.8848    15.8940   2.771254   2.834681     2.1782     2.1660     0.0040  0.0971880  0.000e+00
       1823     10.045    15.8847    15.8940   2.771324   2.834998     2.1782     2.1660     0.0040  0.0971880  0.000e+00
       1824     10.069    15.8851    15.8939   2.771313   2.835159     2.1770     2.1648     0.0040  0.0971880  0.000e+00
       1825     10.069    15.8850    15.8942   2.771313   2.835545     2.1758     2.1648     0.0038  0.0971880  0.000e+00
       1826     10.111    15.8852    15.8940   2.771431   2.835765     2.1758     2.1636     0.0040  0.0971880  0.000e+00
       1827     10.012    15.8853    15.8945   2.771448   2.836061     2.1746     2.1636     0.0040  0.0971880  0.000e+00
       1828     10.069    15.8853    15.8948   2.771426   2.836286     2.1746     2.1624     0.0040  0.0971880  0.000e+00
       1829     10.045    15.8855    15.8952   2.771593   2.836549     2.1734     2.1624     0.0040  0.0971880  0.000e+00
       1830     10.069    15.8855    15.8959   2.771550   2.836785     2.1734     2.1624     0.0040  0.0971880  0.000e+00
       1831     10.069    15.8855    15.8966   2.771544   2.837016     2.1721     2.1612     0.0038  0.0971880  0.000e+00
       1832     10.110    15.8855    15.8967   2.771684   2.837301     2.1721     2.1599     0.0040  0.0971880  0.000e+00
       1833     10.069    15.8855    15.8969   2.771765   2.837467     2.1709     2.1599     0.0040  0.0971880  0.000e+00
       1834     10.011    15.8853    15.8974   2.771684   2.837741     2.1697     2.1599     0.0040  0.0971880  0.000e+00
       1835     10.110    15.8851    15.8975   2.771808   2.837956     2.1697     2.1587     0.0040  0.0976764  0.000e+00
       1836     10.069    15.8851    15.8978   2.771862   2.838251     2.1697     2.1575     0.0040  0.0971880  0.000e+00
