code/data/2021/ctd_data_day1/Station 2 210921.cnv
* Sea-Bird SBE 9 Data File:
* FileName = C:\Users\CTD-User\Desktop\MAR440\Station 2 210921.hex
* Software Version Seasave V 7.26.2.13
* Temperature SN = 6313
* Conductivity SN = 4758
* Number of Bytes Per Scan = 30
* Number of Voltage Words = 4
* Number of Scans Averaged by the Deck Unit = 1
* NMEA baud rate = 4800
** Ship:
** Station:
** Operator:
# nquan = 11
# nvalues = 6110                                  
# units = specified
# name 0 = scan: Scan Count
# name 1 = prDM: Pressure, Digiquartz [db]
# name 2 = t090C: Temperature [ITS-90, deg C]
# name 3 = t190C: Temperature, 2 [ITS-90, deg C]
# name 4 = c0S/m: Conductivity [S/m]
# name 5 = c1S/m: Conductivity, 2 [S/m]
# name 6 = sbeox0V: Oxygen raw, SBE 43 [V]
# name 7 = sbeox1V: Oxygen raw, SBE 43, 2 [V]
# name 8 = flECO-AFL: Fluorescence, WET Labs ECO-AFL/FL [mg/m^3]
# name 9 = upoly0: Upoly 0, Turbidity
# name 10 = flag:  0.000e+00
# span 0 =          1,       6110                 
# span 1 =      0.157,     43.455                 
# span 2 =     7.9730,    16.1801                 
# span 3 =     7.9712,    16.1835                 
# span 4 =  -0.000671,   3.501940                 
# span 5 =   0.104292,   3.503043                 
# span 6 =     0.4711,     3.0415                 
# span 7 =     0.5273,     2.8535                 
# span 8 =     0.0033,     0.0408                 
# span 9 =  0.0805824,  0.2358938                 
# span 10 = 0.0000e+00, 0.0000e+00                
# interval = seconds: 0.0416667
# start_time = Sep 21 2021 09:07:42 [System UTC, header]
# bad_flag = -9.990e-29
*END*
[from data line 1574]
       1575     10.135    15.6703    15.8645   2.761354   2.778953     2.4151     2.2991     0.0038  0.0981648  0.000e+00
       1576     10.118    15.6801    15.8720   2.761483   2.779027     2.4139     2.2979     0.0038  0.0981648  0.000e+00
       1577     10.077    15.6887    15.8788   2.761510   2.778995     2.4127     2.2967     0.0038  0.0981648  0.000e+00
       1578     10.077    15.6962    15.8858   2.761467   2.778942     2.4115     2.2967     0.0038  0.0981648  0.000e+00
       1579     10.118    15.7025    15.8920   2.761612   2.779059     2.4102     2.2955     0.0038  0.0981648  0.000e+00
       1580     10.077    15.7074    15.8978   2.761644   2.779033     2.4090     2.2955     0.0038  0.0981648  0.000e+00
       1581     10.077    15.7115    15.9028   2.761692   2.779011     2.4090     2.2943     0.0038  0.0981648  0.000e+00
       1582     10.077    15.7159    15.9075   2.761752   2.779080     2.4078     2.2930     0.0038  0.0981648  0.000e+00
       1583     10.118    15.7203    15.9114   2.761725   2.779150     2.4066     2.2918     0.0038  0.0981648  0.000e+00
       1584     10.077    15.7252    15.9152   2.761907   2.779027     2.4066     2.2918     0.0038  0.0981648  0.000e+00
       1585     10.077    15.7303    15.9184   2.761934   2.779043     2.4054     2.2918     0.0038  0.0981648  0.000e+00
       1586     10.118    15.7359    15.9215   2.761940   2.779134     2.4041     2.2906     0.0038  0.0981648  0.000e+00
       1587     10.076    15.7416    15.9244   2.762031   2.779203     2.4029     2.2894     0.0038  0.0981648  0.000e+00
       1588     10.134    15.7473    15.9266   2.762058   2.779118     2.4029     2.2894     0.0038  0.0986532  0.000e+00
       1589     10.052    15.7536    15.9290   2.762090   2.779117     2.4017     2.2882     0.0038  0.0981648  0.000e+00
       1590     10.134    15.7599    15.9311   2.762106   2.779213     2.4005     2.2882     0.0038  0.0981648  0.000e+00
       1591     10.019    15.7667    15.9329   2.762085   2.779181     2.3993     2.2869     0.0038  0.0981648  0.000e+00
       1592     10.117    15.7730    15.9348   2.762079   2.779123     2.3993     2.2869     0.0038  0.0971880  0.000e+00
       1593     10.076    15.7796    15.9365   2.762176   2.779288     2.3968     2.2857     0.0038  0.0962112  0.000e+00
       1594     10.134    15.7856    15.9376   2.762170   2.779347     2.3968     2.2857     0.0038  0.0962112  0.000e+00
       1595     10.117    15.7916    15.9386   2.762240   2.779208     2.3956     2.2845     0.0038  0.0962112  0.000e+00
       1596     10.076    15.7973    15.9392   2.762224   2.779283     2.3944     2.2845     0.0038  0.0962112  0.000e+00
       1597     10.076    15.8028    15.9398   2.762251   2.779357     2.3944     2.2833     0.0038  0.0962112  0.000e+00
       1598     10.076    15.8083    15.9403   2.762245   2.779389     2.3931     2.2833     0.0038  0.0962112  0.000e+00
       1599     10.051    15.8132    15.9410   2.762240   2.779341     2.3907     2.2808     0.0038  0.0962112  0.000e+00
       1600     10.133    15.8177    15.9415   2.762256   2.779416     2.3907     2.2821     0.0038  0.0962112  0.000e+00
       1601     10.076    15.8220    15.9422   2.762342   2.779490     2.3895     2.2808     0.0038  0.0962112  0.000e+00
       1602     10.117    15.8260    15.9426   2.762288   2.779464     2.3883     2.2796     0.0038  0.0962112  0.000e+00
       1603     10.075    15.8298    15.9432   2.762321   2.779432     2.3858     2.2796     0.0038  0.0962112  0.000e+00
       1604     10.075    15.8334    15.9441   2.762299   2.779480     2.3858     2.2784     0.0038  0.0962112  0.000e+00
       1605     10.117    15.8372    15.9448   2.762304   2.779581     2.3858     2.2784     0.0038  0.0962112  0.000e+00
       1606     10.075    15.8408    15.9459   2.762331   2.779549     2.3846     2.2772     0.0038  0.0962112  0.000e+00
       1607     10.075    15.8443    15.9471   2.762320   2.779490     2.3834     2.2759     0.0038  0.0962112  0.000e+00
       1608     10.116    15.8472    15.9483   2.762396   2.779656     2.3822     2.2759     0.0038  0.0962112  0.000e+00
       1609     10.075    15.8502    15.9495   2.762423   2.779655     2.3809     2.2747     0.0038  0.0962112  0.000e+00
       1610     10.075    15.8526    15.9504   2.762423   2.779597     2.3797     2.2747     0.0038  0.0962112  0.000e+00
       1611     10.116    15.8553    15.9516   2.762455   2.779586     2.3785     2.2735     0.0038  0.0962112  0.000e+00
       1612     10.075    15.8577    15.9522   2.762530   2.779719     2.3785     2.2723     0.0038  0.0962112  0.000e+00
       1613     10.075    15.8603    15.9535   2.762509   2.779767     2.3773     2.2723     0.0038  0.0962112  0.000e+00
       1614     10.075    15.8621    15.9540   2.762557   2.779687     2.3761     2.2711     0.0038  0.0962112  0.000e+00
       1615     10.116    15.8640    15.9548   2.762616   2.779682     2.3736     2.2711     0.0038  0.0962112  0.000e+00
       1616     10.075    15.8653    15.9555   2.762632   2.779863     2.3736     2.2698     0.0038  0.0962112  0.000e+00
       1617     10.075    15.8664    15.9562   2.762648   2.779842     2.3724     2.2698     0.0038  0.0962112  0.000e+00
       1618     10.116    15.8677    15.9567   2.762659   2.779725     2.3712     2.2686     0.0038  0.0962112  0.000e+00
       1619     10.075    15.8684    15.9573   2.762659   2.779767     2.3699     2.2674     0.0038  0.0957228  0.000e+00
       1620     10.074    15.8692    15.9579   2.762772   2.779906     2.3687     2.2674     0.0038  0.0957228  0.000e+00
       1621     10.116    15.8698    15.9586   2.762713   2.779869     2.3687     2.2662     0.0038  0.0957228  0.000e+00
       1622     10.074    15.8704    15.9588   2.762697   2.779847     2.3675     2.2650     0.0038  0.0957228  0.000e+00
       1623     10.074    15.8709    15.9591   2.762761   2.779885     2.3663     2.2650     0.0038  0.0957228  0.000e+00
       1624     10.115    15.8714    15.9597   2.762901   2.779954     2.3651     2.2637     0.0038  0.0957228  0.000e+00
       1625     10.074    15.8719    15.9598   2.762901   2.780012     2.3638     2.2625     0.0038  0.0962112  0.000e+00
       1626     10.074    15.8725    15.9597   2.762869   2.780012     2.3626     2.2625     0.0038  0.0957228  0.000e+00
       1627     10.115    15.8731    15.9601   2.762923   2.780007     2.3614     2.2613     0.0038  0.0962112  0.000e+00
       1628     10.074    15.8738    15.9598   2.762901   2.780183     2.3602     2.2601     0.0038  0.0962112  0.000e+00
       1629     10.074    15.8745    15.9597   2.763046   2.780258     2.3590     2.2601     0.0038  0.0962112  0.000e+00
       1630     10.074    15.8752    15.9594   2.763116   2.780268     2.3577     2.2589     0.0038  0.0957228  0.000e+00
       1631     10.115    15.8755    15.9593   2.763106   2.780284     2.3565     2.2576     0.0038  0.0957228  0.000e+00
       1632     10.074    15.8765    15.9594   2.763181   2.780551     2.3565     2.2576     0.0038  0.0957228  0.000e+00
       1633     10.074    15.8766    15.9593   2.763143   2.780689     2.3553     2.2564     0.0038  0.0962112  0.000e+00
       1634     10.115    15.8772    15.9594   2.763127   2.780790     2.3541     2.2552     0.0038  0.0957228  0.000e+00
       1635     10.074    15.8773    15.9601   2.763165   2.780833     2.3529     2.2540     0.0038  0.0957228  0.000e+00
       1636     10.131    15.8780    15.9603   2.763278   2.780940     2.3516     2.2540     0.0038  0.0962112  0.000e+00
       1637     10.049    15.8784    15.9602   2.763310   2.781089     2.3504     2.2527     0.0038  0.0957228  0.000e+00
       1638     10.074    15.8784    15.9601   2.763342   2.781169     2.3492     2.2515     0.0038  0.0957228  0.000e+00
       1639     10.131    15.8785    15.9599   2.763342   2.781243     2.3480     2.2515     0.0038  0.0957228  0.000e+00
       1640     10.049    15.8791    15.9593   2.763396   2.781318     2.3467     2.2503     0.0038  0.0957228  0.000e+00
       1641     10.074    15.8792    15.9584   2.763450   2.781441     2.3467     2.2491     0.0038  0.0962112  0.000e+00
       1642     10.131    15.8795    15.9577   2.763466   2.781627     2.3455     2.2479     0.0038  0.0957228  0.000e+00
       1643     10.049    15.8801    15.9569   2.763563   2.781697     2.3443     2.2466     0.0038  0.0962112  0.000e+00
       1644     10.131    15.8804    15.9558   2.763579   2.781723     2.3443     2.2466     0.0037  0.0957228  0.000e+00
       1645     10.073    15.8807    15.9552   2.763627   2.781830     2.3419     2.2454     0.0037  0.0962112  0.000e+00
       1646     10.073    15.8814    15.9548   2.763708   2.781947     2.3406     2.2442     0.0037  0.0957228  0.000e+00
       1647     10.115    15.8819    15.9546   2.763746   2.782070     2.3394     2.2430     0.0037  0.0962112  0.000e+00
       1648     10.073    15.8824    15.9548   2.763659   2.782139     2.3382     2.2430     0.0037  0.0962112  0.000e+00
       1649     10.073    15.8826    15.9548   2.763740   2.782171     2.3370     2.2418     0.0037  0.0962112  0.000e+00
       1650     10.115    15.8831    15.9550   2.763735   2.782256     2.3358     2.2418     0.0037  0.0957228  0.000e+00
       1651     10.073    15.8838    15.9550   2.763805   2.782363     2.3345     2.2405     0.0037  0.0957228  0.000e+00
       1652     10.073    15.8850    15.9553   2.763837   2.782533     2.3345     2.2393     0.0037  0.0957228  0.000e+00
       1653     10.115    15.8861    15.9552   2.763891   2.782629     2.3333     2.2381     0.0037  0.0962112  0.000e+00
       1654     10.073    15.8874    15.9557   2.763971   2.782688     2.3321     2.2381     0.0037  0.0962112  0.000e+00
       1655     10.073    15.8887    15.9556   2.763993   2.782800     2.3309     2.2369     0.0037  0.0957228  0.000e+00
       1656     10.114    15.8896    15.9558   2.764009   2.782933     2.3297     2.2356     0.0037  0.0962112  0.000e+00
       1657     10.073    15.8903    15.9556   2.763977   2.783125     2.3284     2.2356     0.0037  0.0957228  0.000e+00
       1658     10.131    15.8906    15.9557   2.764144   2.783381     2.3272     2.2344     0.0037  0.0957228  0.000e+00
       1659     10.048    15.8913    15.9557   2.764138   2.783738     2.3248     2.2332     0.0037  0.0962112  0.000e+00
       1660     10.131    15.8916    15.9562   2.764219   2.783967     2.3248     2.2332     0.0037  0.0957228  0.000e+00
       1661     10.073    15.8919    15.9562   2.764187   2.784309     2.3248     2.2320     0.0037  0.0962112  0.000e+00
       1662     10.073    15.8923    15.9563   2.764326   2.784645     2.3235     2.2308     0.0037  0.0957228  0.000e+00
       1663     10.114    15.8924    15.9562   2.764321   2.785061     2.3223     2.2295     0.0037  0.0962112  0.000e+00
       1664     10.073    15.8928    15.9565   2.764402   2.785428     2.3211     2.2283     0.0037  0.0962112  0.000e+00
       1665     10.073    15.8931    15.9562   2.764472   2.785850     2.3199     2.2283     0.0035  0.0957228  0.000e+00
       1666     10.114    15.8935    15.9562   2.764450   2.786218     2.3187     2.2283     0.0037  0.0962112  0.000e+00
       1667     10.073    15.8936    15.9562   2.764456   2.786655     2.3174     2.2271     0.0037  0.0957228  0.000e+00
       1668     10.131    15.8940    15.9562   2.764595   2.787066     2.3174     2.2259     0.0037  0.0962112  0.000e+00
       1669     10.048    15.8943    15.9552   2.764585   2.787482     2.3162     2.2259     0.0038  0.0962112  0.000e+00
       1670     10.131    15.8943    15.9535   2.764730   2.787903     2.3150     2.2247     0.0038  0.0962112  0.000e+00
       1671     10.073    15.8945    15.9519   2.764757   2.788245     2.3138     2.2234     0.0038  0.0962112  0.000e+00
       1672     10.114    15.8945    15.9507   2.764633   2.788698     2.3126     2.2234     0.0038  0.0962112  0.000e+00
       1673     10.073    15.8941    15.9499   2.764708   2.789098     2.3113     2.2222     0.0038  0.0962112  0.000e+00
       1674     10.073    15.8945    15.9499   2.764768   2.789488     2.3101     2.2222     0.0038  0.0962112  0.000e+00
       1675     10.114    15.8943    15.9499   2.764795   2.789883     2.3089     2.2210     0.0038  0.0962112  0.000e+00
       1676     10.130    15.8941    15.9485   2.764859   2.790315     2.3077     2.2210     0.0038  0.0962112  0.000e+00
       1677     10.073    15.8941    15.9463   2.764961   2.790720     2.3077     2.2198     0.0038  0.0962112  0.000e+00
       1678     10.073    15.8940    15.9437   2.765123   2.791115     2.3065     2.2186     0.0038  0.0962112  0.000e+00
       1679     10.114    15.8941    15.9410   2.764961   2.791510     2.3052     2.2186     0.0038  0.0962112  0.000e+00
       1680     10.073    15.8940    15.9389   2.764961   2.791948     2.3040     2.2186     0.0038  0.0962112  0.000e+00
       1681     10.073    15.8942    15.9370   2.764988   2.792332     2.3028     2.2186     0.0038  0.0962112  0.000e+00
       1682     10.114    15.8941    15.9361   2.765085   2.792743     2.3016     2.2173     0.0038  0.0962112  0.000e+00
       1683     10.130    15.8945    15.9357   2.765134   2.793165     2.3003     2.2173     0.0038  0.0962112  0.000e+00
       1684     10.073    15.8950    15.9353   2.765322   2.793528     2.3003     2.2161     0.0038  0.0962112  0.000e+00
       1685     10.048    15.8953    15.9347   2.765381   2.793870     2.2991     2.2161     0.0038  0.0962112  0.000e+00
       1686     10.130    15.8958    15.9341   2.765365   2.794329     2.2967     2.2149     0.0038  0.0962112  0.000e+00
       1687     10.072    15.8962    15.9338   2.765333   2.794750     2.2967     2.2149     0.0038  0.0962112  0.000e+00
       1688     10.114    15.8967    15.9334   2.765263   2.795119     2.2955     2.2149     0.0038  0.0962112  0.000e+00
       1689     10.072    15.8971    15.9330   2.765343   2.795498     2.2942     2.2149     0.0038  0.0966996  0.000e+00
       1690     10.130    15.8975    15.9328   2.765397   2.795829     2.2930     2.2137     0.0038  0.0962112  0.000e+00
       1691     10.114    15.8979    15.9324   2.765462   2.796262     2.2918     2.2137     0.0038  0.0962112  0.000e+00
       1692     10.072    15.8980    15.9322   2.765564   2.796646     2.2918     2.2137     0.0038  0.0962112  0.000e+00
       1693     10.072    15.8985    15.9323   2.765607   2.796945     2.2906     2.2137     0.0038  0.0962112  0.000e+00
       1694     10.130    15.8989    15.9323   2.765698   2.797330     2.2894     2.2124     0.0038  0.0962112  0.000e+00
       1695     10.048    15.8994    15.9323   2.765682   2.797730     2.2881     2.2124     0.0038  0.0962112  0.000e+00
       1696     10.130    15.9001    15.9320   2.765666   2.798030     2.2881     2.2124     0.0038  0.0962112  0.000e+00
       1697     10.072    15.9006    15.9324   2.765725   2.798355     2.2869     2.2124     0.0038  0.0962112  0.000e+00
       1698     10.113    15.9012    15.9323   2.765763   2.798735     2.2857     2.2124     0.0038  0.0962112  0.000e+00
       1699     10.130    15.9014    15.9325   2.765849   2.799012     2.2845     2.2124     0.0038  0.0962112  0.000e+00
       1700     10.072    15.9021    15.9326   2.765924   2.799328     2.2833     2.2112     0.0038  0.0962112  0.000e+00
       1701     10.047    15.9025    15.9328   2.765973   2.799691     2.2820     2.2112     0.0038  0.0962112  0.000e+00
       1702     10.130    15.9028    15.9329   2.765919   2.799979     2.2808     2.2112     0.0038  0.0962112  0.000e+00
       1703     10.072    15.9031    15.9327   2.766037   2.800268     2.2796     2.2112     0.0038  0.0962112  0.000e+00
       1704     10.113    15.9033    15.9328   2.766064   2.800631     2.2784     2.2112     0.0038  0.0962112  0.000e+00
