code/data/2021/ctd_data_day1/Station 4ex 210921.cnv
* Sea-Bird SBE 9 Data File:
* FileName = C:\Users\CTD-User\Desktop\MAR440\Station 4ex 210921.hex
* Software Version Seasave V 7.26.2.13
* Temperature SN = 6313
* Conductivity SN = 4758
* Number of Bytes Per Scan = 30
* Number of Voltage Words = 4
* Number of Scans Averaged by the Deck Unit = 1
* NMEA baud rate = 4800
** Ship:
** Station:
** Operator:
# nquan = 11
# nvalues = 6123                                  
# units = specified
# name 0 = scan: Scan Count
# name 1 = prDM: Pressure, Digiquartz [db]
# name 2 = t090C: Temperature [ITS-90, deg C]
# name 3 = t190C: Temperature, 2 [ITS-90, deg C]
# name 4 = c0S/m: Conductivity [S/m]
# name 5 = c1S/m: Conductivity, 2 [S/m]
# name 6 = sbeox0V: Oxygen raw, SBE 43 [V]
# name 7 = sbeox1V: Oxygen raw, SBE 43, 2 [V]
# name 8 = flECO-AFL: Fluorescence, WET Labs ECO-AFL/FL [mg/m^3]
# name 9 = upoly0: Upoly 0, Turbidity
# name 10 = flag:  0.000e+00
# span 0 =          1,       6123                 
# span 1 =      0.204,     43.521                 
# span 2 =     7.9722,    16.0343                 
# span 3 =     7.9734,    15.9665                 
# span 4 =  -0.000502,   3.487868                 
# span 5 =   0.276441,   3.488618                 
# span 6 =     0.4687,     3.2015                 
# span 7 =     0.5358,     3.0635                 
# span 8 =     0.0033,     0.0524                 
# span 9 =  0.0800940,  0.2168462                 
# span 10 = 0.0000e+00, 0.0000e+00                
# interval = seconds: 0.0416667
# start_time = Sep 21 2021 12:21:52 [System UTC, header]
# bad_flag = -9.990e-29
*END*
[from data line 5509]
       5510     41.204     8.6851     8.6859   3.414937   3.415715     0.4809     0.5481     0.0040  0.1167241  0.000e+00
       5511     41.262     8.6849     8.6857   3.414978   3.415675     0.4784     0.5468     0.0040  0.1167241  0.000e+00
       5512     41.262     8.6851     8.6859   3.415047   3.415680     0.4772     0.5468     0.0040  0.1167241  0.000e+00
       5513     41.328     8.6849     8.6857   3.414972   3.415715     0.4772     0.5468     0.0040  0.1167241  0.000e+00
       5514     41.328     8.6851     8.6858   3.414943   3.415715     0.4784     0.5468     0.0040  0.1167241  0.000e+00
       5515     41.385     8.6849     8.6857   3.414913   3.415698     0.4809     0.5468     0.0040  0.1167241  0.000e+00
       5516     41.385     8.6851     8.6858   3.414908   3.415738     0.4784     0.5468     0.0040  0.1162357  0.000e+00
       5517     41.385     8.6851     8.6857   3.415001   3.415721     0.4772     0.5468     0.0040  0.1167241  0.000e+00
       5518     41.385     8.6851     8.6856   3.414937   3.415675     0.4772     0.5468     0.0040  0.1167241  0.000e+00
       5519     41.451     8.6851     8.6857   3.414931   3.415749     0.4784     0.5468     0.0040  0.1167241  0.000e+00
       5520     41.509     8.6851     8.6858   3.414943   3.415692     0.4784     0.5468     0.0040  0.1167241  0.000e+00
       5521     41.451     8.6851     8.6857   3.414983   3.415709     0.4772     0.5468     0.0040  0.1167241  0.000e+00
       5522     41.509     8.6849     8.6858   3.415001   3.415692     0.4760     0.5468     0.0040  0.1167241  0.000e+00
       5523     41.567     8.6852     8.6860   3.415001   3.415669     0.4760     0.5468     0.0040  0.1167241  0.000e+00
       5524     41.567     8.6849     8.6858   3.414931   3.415750     0.4772     0.5468     0.0040  0.1167241  0.000e+00
       5525     41.567     8.6851     8.6859   3.414931   3.415669     0.4784     0.5468     0.0040  0.1167241  0.000e+00
       5526     41.567     8.6849     8.6856   3.414960   3.415703     0.4772     0.5468     0.0040  0.1162357  0.000e+00
       5527     41.633     8.6851     8.6857   3.415042   3.415675     0.4772     0.5468     0.0040  0.1162357  0.000e+00
       5528     41.690     8.6851     8.6858   3.414879   3.415727     0.4772     0.5468     0.0040  0.1157473  0.000e+00
       5529     41.632     8.6849     8.6857   3.415001   3.415790     0.4809     0.5468     0.0040  0.1162357  0.000e+00
       5530     41.756     8.6851     8.6856   3.414943   3.415744     0.4784     0.5456     0.0040  0.1162357  0.000e+00
       5531     41.690     8.6849     8.6855   3.414931   3.415698     0.4772     0.5468     0.0040  0.1162357  0.000e+00
       5532     41.756     8.6849     8.6856   3.414984   3.415732     0.4760     0.5468     0.0040  0.1162357  0.000e+00
       5533     41.756     8.6852     8.6857   3.415001   3.415703     0.4772     0.5468     0.0040  0.1162357  0.000e+00
       5534     41.814     8.6853     8.6858   3.414954   3.415709     0.4784     0.5456     0.0040  0.1162357  0.000e+00
       5535     41.814     8.6851     8.6857   3.414960   3.415721     0.4784     0.5468     0.0040  0.1162357  0.000e+00
       5536     41.814     8.6851     8.6858   3.414949   3.415727     0.4772     0.5468     0.0040  0.1157473  0.000e+00
       5537     41.880     8.6849     8.6857   3.414914   3.415692     0.4772     0.5468     0.0040  0.1162357  0.000e+00
       5538     41.871     8.6851     8.6858   3.414861   3.415715     0.4772     0.5468     0.0040  0.1162357  0.000e+00
       5539     41.937     8.6849     8.6859   3.414890   3.415715     0.4797     0.5468     0.0040  0.1162357  0.000e+00
       5540     41.937     8.6852     8.6856   3.414954   3.415744     0.4772     0.5468     0.0040  0.1162357  0.000e+00
       5541     41.937     8.6851     8.6859   3.414902   3.415704     0.4760     0.5468     0.0040  0.1162357  0.000e+00
       5542     41.937     8.6852     8.6859   3.414925   3.415715     0.4772     0.5468     0.0040  0.1162357  0.000e+00
       5543     41.995     8.6851     8.6856   3.414943   3.415744     0.4772     0.5468     0.0040  0.1162357  0.000e+00
       5544     42.061     8.6851     8.6859   3.414943   3.415721     0.4784     0.5468     0.0040  0.1162357  0.000e+00
       5545     42.061     8.6849     8.6859   3.414943   3.415698     0.4772     0.5468     0.0040  0.1162357  0.000e+00
       5546     42.061     8.6849     8.6857   3.414984   3.415686     0.4772     0.5456     0.0040  0.1162357  0.000e+00
       5547     42.119     8.6851     8.6858   3.414908   3.415755     0.4760     0.5456     0.0040  0.1162357  0.000e+00
       5548     42.061     8.6849     8.6857   3.414879   3.415761     0.4784     0.5456     0.0040  0.1162357  0.000e+00
       5549     42.185     8.6849     8.6856   3.414855   3.415704     0.4784     0.5468     0.0040  0.1162357  0.000e+00
       5550     42.119     8.6853     8.6859   3.414960   3.415686     0.4772     0.5468     0.0040  0.1162357  0.000e+00
       5551     42.185     8.6849     8.6856   3.414978   3.415663     0.4760     0.5456     0.0040  0.1162357  0.000e+00
       5552     42.185     8.6849     8.6859   3.414949   3.415709     0.4760     0.5456     0.0040  0.1162357  0.000e+00
       5553     42.242     8.6853     8.6858   3.414960   3.415698     0.4784     0.5456     0.0040  0.1167241  0.000e+00
       5554     42.300     8.6852     8.6859   3.414920   3.415756     0.4784     0.5456     0.0040  0.1167241  0.000e+00
       5555     42.242     8.6854     8.6856   3.414955   3.415692     0.4772     0.5456     0.0040  0.1167241  0.000e+00
       5556     42.308     8.6851     8.6859   3.414949   3.415681     0.4772     0.5468     0.0040  0.1167241  0.000e+00
       5557     42.300     8.6849     8.6856   3.414914   3.415715     0.4760     0.5456     0.0040  0.1167241  0.000e+00
       5558     42.366     8.6854     8.6857   3.415048   3.415675     0.4784     0.5468     0.0040  0.1167241  0.000e+00
       5559     42.366     8.6851     8.6858   3.415025   3.415750     0.4772     0.5456     0.0040  0.1167241  0.000e+00
       5560     42.424     8.6851     8.6857   3.414978   3.415709     0.4760     0.5456     0.0040  0.1167241  0.000e+00
       5561     42.366     8.6851     8.6854   3.414902   3.415709     0.4760     0.5456     0.0040  0.1167241  0.000e+00
       5562     42.490     8.6851     8.6854   3.414896   3.415675     0.4772     0.5456     0.0040  0.1167241  0.000e+00
       5563     42.424     8.6852     8.6853   3.414885   3.415681     0.4784     0.5456     0.0040  0.1167241  0.000e+00
       5564     42.490     8.6851     8.6855   3.414995   3.415756     0.4772     0.5456     0.0040  0.1167241  0.000e+00
       5565     42.490     8.6851     8.6853   3.415036   3.415617     0.4760     0.5456     0.0040  0.1167241  0.000e+00
       5566     42.547     8.6849     8.6852   3.415007   3.415658     0.4760     0.5456     0.0040  0.1167241  0.000e+00
       5567     42.547     8.6848     8.6856   3.414978   3.415646     0.4772     0.5456     0.0040  0.1167241  0.000e+00
       5568     42.547     8.6852     8.6852   3.415019   3.415652     0.4784     0.5456     0.0040  0.1167241  0.000e+00
       5569     42.605     8.6849     8.6851   3.415036   3.415640     0.4772     0.5456     0.0040  0.1167241  0.000e+00
       5570     42.671     8.6849     8.6849   3.415036   3.415675     0.4760     0.5456     0.0040  0.1167241  0.000e+00
       5571     42.613     8.6849     8.6851   3.415007   3.415686     0.4760     0.5456     0.0040  0.1167241  0.000e+00
       5572     42.671     8.6848     8.6849   3.415001   3.415617     0.4772     0.5456     0.0040  0.1167241  0.000e+00
       5573     42.671     8.6849     8.6851   3.415048   3.415617     0.4784     0.5456     0.0040  0.1167241  0.000e+00
       5574     42.729     8.6848     8.6851   3.415065   3.415652     0.4760     0.5456     0.0040  0.1167241  0.000e+00
       5575     42.729     8.6845     8.6854   3.415065   3.415663     0.4760     0.5456     0.0040  0.1167241  0.000e+00
       5576     42.795     8.6845     8.6853   3.414996   3.415681     0.4760     0.5456     0.0040  0.1167241  0.000e+00
       5577     42.795     8.6845     8.6857   3.414990   3.415669     0.4772     0.5456     0.0040  0.1167241  0.000e+00
       5578     42.795     8.6845     8.6854   3.415001   3.415681     0.4772     0.5456     0.0042  0.1167241  0.000e+00
       5579     42.795     8.6845     8.6851   3.414978   3.415687     0.4760     0.5456     0.0042  0.1167241  0.000e+00
       5580     42.852     8.6841     8.6851   3.414949   3.415646     0.4760     0.5456     0.0042  0.1167241  0.000e+00
       5581     42.852     8.6845     8.6849   3.414943   3.415652     0.4760     0.5456     0.0042  0.1167241  0.000e+00
       5582     42.918     8.6843     8.6853   3.414821   3.415640     0.4772     0.5456     0.0042  0.1167241  0.000e+00
       5583     42.918     8.6842     8.6852   3.414996   3.415669     0.4772     0.5444     0.0042  0.1167241  0.000e+00
       5584     42.852     8.6845     8.6854   3.414926   3.415687     0.4760     0.5456     0.0042  0.1167241  0.000e+00
       5585     42.976     8.6845     8.6854   3.414879   3.415738     0.4760     0.5456     0.0042  0.1167241  0.000e+00
       5586     42.918     8.6845     8.6854   3.414949   3.415704     0.4772     0.5456     0.0042  0.1167241  0.000e+00
       5587     42.976     8.6848     8.6854   3.414949   3.415646     0.4784     0.5456     0.0042  0.1167241  0.000e+00
       5588     42.918     8.6848     8.6851   3.414943   3.415669     0.4772     0.5456     0.0042  0.1167241  0.000e+00
       5589     42.976     8.6846     8.6854   3.414943   3.415687     0.4760     0.5456     0.0042  0.1167241  0.000e+00
       5590     42.976     8.6848     8.6854   3.414891   3.415715     0.4748     0.5456     0.0042  0.1167241  0.000e+00
       5591     43.042     8.6851     8.6862   3.414949   3.415692     0.4772     0.5444     0.0042  0.1167241  0.000e+00
       5592     42.976     8.6857     8.6874   3.414902   3.415785     0.4772     0.5444     0.0042  0.1167241  0.000e+00
       5593     43.034     8.6880     8.6878   3.414879   3.415831     0.4760     0.5456     0.0042  0.1167241  0.000e+00
       5594     42.918     8.6902     8.6878   3.414896   3.415842     0.4760     0.5444     0.0042  0.1167241  0.000e+00
       5595     43.042     8.6911     8.6878   3.414955   3.415836     0.4760     0.5444     0.0042  0.1167241  0.000e+00
       5596     43.033     8.6918     8.6878   3.414920   3.415773     0.4772     0.5444     0.0042  0.1167241  0.000e+00
       5597     42.976     8.6923     8.6878   3.415025   3.415825     0.4772     0.5444     0.0042  0.1167241  0.000e+00
       5598     43.042     8.6929     8.6889   3.415013   3.415865     0.4760     0.5444     0.0042  0.1167241  0.000e+00
       5599     43.033     8.6936     8.6896   3.415025   3.415871     0.4760     0.5444     0.0042  0.1162357  0.000e+00
       5600     43.042     8.6943     8.6904   3.415036   3.415940     0.4748     0.5444     0.0042  0.1167241  0.000e+00
       5601     43.042     8.6945     8.6909   3.415007   3.415963     0.4772     0.5444     0.0042  0.1167241  0.000e+00
       5602     42.976     8.6952     8.6913   3.414978   3.415923     0.4772     0.5444     0.0042  0.1167241  0.000e+00
       5603     43.042     8.6955     8.6920   3.414972   3.415900     0.4760     0.5456     0.0040  0.1162357  0.000e+00
       5604     42.976     8.6955     8.6929   3.414972   3.415836     0.4760     0.5444     0.0038  0.1162357  0.000e+00
       5605     43.042     8.6955     8.6932   3.414949   3.415877     0.4760     0.5444     0.0038  0.1162357  0.000e+00
       5606     43.041     8.6957     8.6932   3.414943   3.415859     0.4772     0.5444     0.0038  0.1162357  0.000e+00
       5607     42.975     8.6955     8.6932   3.414914   3.415825     0.4760     0.5444     0.0038  0.1162357  0.000e+00
       5608     43.041     8.6952     8.6930   3.414885   3.415738     0.4760     0.5444     0.0038  0.1162357  0.000e+00
       5609     42.975     8.6945     8.6930   3.414926   3.415790     0.4760     0.5444     0.0038  0.1162357  0.000e+00
       5610     43.033     8.6943     8.6932   3.414961   3.415767     0.4760     0.5444     0.0038  0.1162357  0.000e+00
       5611     42.975     8.6939     8.6933   3.414920   3.415773     0.4772     0.5444     0.0038  0.1162357  0.000e+00
       5612     43.041     8.6934     8.6937   3.414908   3.415733     0.4760     0.5444     0.0038  0.1162357  0.000e+00
       5613     42.975     8.6931     8.6937   3.414955   3.415744     0.4760     0.5444     0.0038  0.1162357  0.000e+00
       5614     42.975     8.6927     8.6936   3.414832   3.415756     0.4760     0.5444     0.0038  0.1162357  0.000e+00
       5615     43.041     8.6927     8.6935   3.414873   3.415704     0.4760     0.5444     0.0038  0.1162357  0.000e+00
       5616     43.033     8.6924     8.6930   3.414838   3.415687     0.4772     0.5444     0.0038  0.1162357  0.000e+00
       5617     42.975     8.6923     8.6924   3.414821   3.415687     0.4760     0.5444     0.0038  0.1162357  0.000e+00
       5618     43.041     8.6915     8.6922   3.414838   3.415715     0.4760     0.5444     0.0038  0.1162357  0.000e+00
       5619     42.975     8.6909     8.6920   3.414827   3.415727     0.4760     0.5444     0.0038  0.1162357  0.000e+00
       5620     42.975     8.6905     8.6917   3.414861   3.415692     0.4772     0.5444     0.0038  0.1162357  0.000e+00
       5621     43.041     8.6898     8.6917   3.414832   3.415687     0.4772     0.5444     0.0040  0.1162357  0.000e+00
       5622     42.975     8.6895     8.6920   3.414931   3.415663     0.4760     0.5444     0.0038  0.1162357  0.000e+00
       5623     42.975     8.6892     8.6924   3.414972   3.415640     0.4748     0.5444     0.0038  0.1162357  0.000e+00
       5624     43.041     8.6892     8.6925   3.414902   3.415635     0.4760     0.5444     0.0038  0.1162357  0.000e+00
       5625     42.975     8.6885     8.6926   3.414896   3.415485     0.4772     0.5444     0.0038  0.1162357  0.000e+00
       5626     42.975     8.6888     8.6920   3.414931   3.415514     0.4772     0.5444     0.0038  0.1162357  0.000e+00
       5627     43.041     8.6888     8.6912   3.414914   3.415508     0.4760     0.5444     0.0038  0.1157473  0.000e+00
       5628     42.975     8.6887     8.6906   3.414931   3.415554     0.4760     0.5444     0.0038  0.1162357  0.000e+00
       5629     42.975     8.6887     8.6897   3.414914   3.415617     0.4760     0.5444     0.0038  0.1162357  0.000e+00
       5630     43.041     8.6887     8.6890   3.414885   3.415623     0.4772     0.5444     0.0038  0.1167241  0.000e+00
       5631     42.975     8.6884     8.6884   3.414996   3.415629     0.4760     0.5444     0.0038  0.1167241  0.000e+00
       5632     42.975     8.6882     8.6880   3.414914   3.415692     0.4748     0.5444     0.0038  0.1167241  0.000e+00
       5633     43.041     8.6882     8.6879   3.414966   3.415652     0.4748     0.5444     0.0038  0.1167241  0.000e+00
       5634     42.917     8.6885     8.6875   3.414978   3.415744     0.4760     0.5444     0.0038  0.1167241  0.000e+00
       5635     43.041     8.6879     8.6872   3.414902   3.415733     0.4772     0.5444     0.0038  0.1167241  0.000e+00
       5636     42.975     8.6882     8.6873   3.414949   3.415698     0.4760     0.5444     0.0038  0.1167241  0.000e+00
       5637     42.975     8.6880     8.6878   3.415019   3.415687     0.4748     0.5444     0.0038  0.1167241  0.000e+00
       5638     42.975     8.6882     8.6877   3.414984   3.415715     0.4748     0.5444     0.0038  0.1167241  0.000e+00
       5639     42.975     8.6884     8.6878   3.414972   3.415727     0.4760     0.5432     0.0038  0.1167241  0.000e+00
