code/data/2021/ctd_data_day1/Station 6 210921.cnv
* Sea-Bird SBE 9 Data File:
* FileName = C:\Users\CTD-User\Desktop\MAR440\Station 6 210921.hex
* Software Version Seasave V 7.26.2.13
* Temperature SN = 6313
* Conductivity SN = 4758
* Number of Bytes Per Scan = 30
* Number of Voltage Words = 4
* Number of Scans Averaged by the Deck Unit = 1
* NMEA baud rate = 4800
** Ship:
** Station:
** Operator:
# nquan = 11
# nvalues = 4130                                  
# units = specified
# name 0 = scan: Scan Count
# name 1 = prDM: Pressure, Digiquartz [db]
# name 2 = t090C: Temperature [ITS-90, deg C]
# name 3 = t190C: Temperature, 2 [ITS-90, deg C]
# name 4 = c0S/m: Conductivity [S/m]
# name 5 = c1S/m: Conductivity, 2 [S/m]
# name 6 = sbeox0V: Oxygen raw, SBE 43 [V]
# name 7 = sbeox1V: Oxygen raw, SBE 43, 2 [V]
# name 8 = flECO-AFL: Fluorescence, WET Labs ECO-AFL/FL [mg/m^3]
# name 9 = upoly0: Upoly 0, Turbidity
# name 10 = flag:  0.000e+00
# span 0 =          1,       4130                 
# span 1 =      0.253,     37.833                 
# span 2 =     5.3479,    16.0630                 
# span 3 =     5.3023,    16.0241                 
# span 4 =   2.889974,   3.756277                 
# span 5 =   2.888113,   3.757342                 
# span 6 =     0.4808,     2.8071                 
# span 7 =     0.5443,     2.7595                 
# span 8 =     0.0033,     0.0189                 
# span 9 =  0.0854664,  0.1670293                 
# span 10 = 0.0000e+00, 0.0000e+00                
# interval = seconds: 0.0416667
# start_time = Sep 21 2021 10:55:39 [System UTC, header]
# bad_flag = -9.990e-29
*END*
[from data line 656]
        657     10.548    15.7126    14.7518   2.894891   2.900520     2.2308     2.2027     0.0037  0.0971880  0.000e+00
        658     10.548    15.7128    14.7477   2.894962   2.900488     2.2295     2.2027     0.0037  0.0971880  0.000e+00
        659     10.548    15.7137    14.7430   2.895083   2.900520     2.2283     2.2027     0.0037  0.0971880  0.000e+00
        660     10.524    15.7157    14.7387   2.895099   2.900569     2.2283     2.2027     0.0037  0.0971880  0.000e+00
        661     10.606    15.7176    14.7352   2.895154   2.900585     2.2271     2.2027     0.0037  0.0971880  0.000e+00
        662     10.548    15.7196    14.7330   2.895258   2.900591     2.2259     2.2027     0.0035  0.0971880  0.000e+00
        663     10.524    15.7220    14.7335   2.895263   2.900602     2.2271     2.2027     0.0037  0.0971880  0.000e+00
        664     10.548    15.7240    14.7386   2.895296   2.900634     2.2247     2.2039     0.0037  0.0971880  0.000e+00
        665     10.606    15.7255    14.7492   2.895345   2.900634     2.2234     2.2027     0.0037  0.0971880  0.000e+00
        666     10.523    15.7266    14.7617   2.895400   2.900618     2.2234     2.2027     0.0037  0.0971880  0.000e+00
        667     10.548    15.7272    14.7705   2.895455   2.900607     2.2222     2.2027     0.0037  0.0971880  0.000e+00
        668     10.548    15.7281    14.7753   2.895635   2.900655     2.2222     2.2027     0.0037  0.0971880  0.000e+00
        669     10.606    15.7284    14.7770   2.895750   2.900590     2.2210     2.2027     0.0037  0.0971880  0.000e+00
        670     10.523    15.7284    14.7777   2.895789   2.900634     2.2210     2.2027     0.0037  0.0971880  0.000e+00
        671     10.606    15.7286    14.7756   2.895860   2.900585     2.2198     2.2027     0.0037  0.0971880  0.000e+00
        672     10.548    15.7288    14.7721   2.895860   2.900612     2.2198     2.2027     0.0037  0.0971880  0.000e+00
        673     10.581    15.7290    14.7653   2.895909   2.900639     2.2186     2.2027     0.0037  0.0971880  0.000e+00
        674     10.548    15.7294    14.7560   2.895909   2.900623     2.2186     2.2027     0.0037  0.0971880  0.000e+00
        675     10.548    15.7296    14.7510   2.895887   2.900688     2.2173     2.2027     0.0037  0.0971880  0.000e+00
        676     10.606    15.7298    14.7491   2.895838   2.900661     2.2161     2.2015     0.0037  0.0971880  0.000e+00
        677     10.581    15.7300    14.7465   2.895843   2.900694     2.2161     2.2015     0.0037  0.0971880  0.000e+00
        678     10.548    15.7305    14.7555   2.895789   2.900618     2.2149     2.2015     0.0037  0.0971880  0.000e+00
        679     10.606    15.7306    14.7745   2.895887   2.900672     2.2137     2.2015     0.0037  0.0971880  0.000e+00
        680     10.581    15.7310    14.7895   2.895871   2.900709     2.2137     2.2015     0.0037  0.0971880  0.000e+00
        681     10.548    15.7308    14.8025   2.895909   2.900682     2.2124     2.2015     0.0037  0.0971880  0.000e+00
        682     10.606    15.7301    14.8251   2.895871   2.900682     2.2124     2.2002     0.0037  0.0971880  0.000e+00
        683     10.581    15.7279    14.8636   2.895953   2.900714     2.2112     2.2002     0.0037  0.0971880  0.000e+00
        684     10.606    15.7254    14.8993   2.896166   2.900703     2.2112     2.2002     0.0037  0.0971880  0.000e+00
        685     10.548    15.7226    14.9182   2.896210   2.900708     2.2100     2.2002     0.0037  0.0971880  0.000e+00
        686     10.606    15.7196    14.9235   2.896287   2.900659     2.2088     2.1990     0.0037  0.0971880  0.000e+00
        687     10.581    15.7165    14.9211   2.896456   2.900735     2.2088     2.1990     0.0037  0.0971880  0.000e+00
        688     10.606    15.7144    14.9213   2.896582   2.900692     2.2076     2.1990     0.0037  0.0971880  0.000e+00
        689     10.548    15.7125    14.9196   2.896670   2.900649     2.2076     2.1978     0.0037  0.0971880  0.000e+00
        690     10.647    15.7109    14.9147   2.896670   2.900714     2.2063     2.1978     0.0037  0.0971880  0.000e+00
        691     10.548    15.7101    14.9046   2.896681   2.900725     2.2051     2.1978     0.0037  0.0971880  0.000e+00
        692     10.606    15.7086    14.8890   2.896708   2.900692     2.2051     2.1966     0.0037  0.0971880  0.000e+00
        693     10.581    15.7073    14.8732   2.896758   2.900736     2.2039     2.1966     0.0037  0.0971880  0.000e+00
        694     10.605    15.7054    14.8644   2.896730   2.900703     2.2039     2.1966     0.0037  0.0971880  0.000e+00
        695     10.605    15.7026    14.8646   2.896719   2.900736     2.2027     2.1954     0.0037  0.0971880  0.000e+00
        696     10.605    15.7001    14.8693   2.896758   2.900752     2.2027     2.1954     0.0037  0.0971880  0.000e+00
        697     10.581    15.6984    14.8775   2.896774   2.900784     2.2015     2.1941     0.0037  0.0971880  0.000e+00
        698     10.605    15.6972    14.8882   2.896856   2.900763     2.2015     2.1941     0.0037  0.0971880  0.000e+00
        699     10.605    15.6962    14.8962   2.896966   2.900763     2.2015     2.1941     0.0037  0.0971880  0.000e+00
        700     10.581    15.6967    14.8931   2.897130   2.900795     2.2002     2.1941     0.0037  0.0971880  0.000e+00
        701     10.605    15.6968    14.8795   2.897300   2.900806     2.1990     2.1929     0.0037  0.0976764  0.000e+00
        702     10.605    15.6964    14.8590   2.897404   2.900774     2.1990     2.1929     0.0037  0.0976764  0.000e+00
        703     10.647    15.6923    14.8385   2.897442   2.900752     2.1978     2.1917     0.0037  0.0976764  0.000e+00
        704     10.482    15.6867    14.8205   2.897387   2.900763     2.1966     2.1917     0.0037  0.0976764  0.000e+00
        705     10.663    15.6814    14.8051   2.897453   2.900834     2.1966     2.1917     0.0037  0.0976764  0.000e+00
        706     10.663    15.6775    14.7931   2.897459   2.900818     2.1966     2.1905     0.0037  0.0981648  0.000e+00
        707     10.581    15.6741    14.7861   2.897612   2.900818     2.1966     2.1905     0.0037  0.0976764  0.000e+00
        708     10.605    15.6719    14.7793   2.897765   2.900850     2.1941     2.1893     0.0037  0.0981648  0.000e+00
        709     10.663    15.6703    14.7688   2.897902   2.900850     2.1941     2.1893     0.0037  0.0976764  0.000e+00
        710     10.580    15.6692    14.7562   2.898116   2.900878     2.1941     2.1893     0.0037  0.0976764  0.000e+00
        711     10.605    15.6677    14.7442   2.898362   2.900921     2.1929     2.1880     0.0037  0.0976764  0.000e+00
        712     10.605    15.6653    14.7349   2.898526   2.900878     2.1917     2.1880     0.0037  0.0976764  0.000e+00
        713     10.646    15.6626    14.7288   2.898581   2.900943     2.1917     2.1868     0.0037  0.0976764  0.000e+00
        714     10.605    15.6599    14.7256   2.898570   2.900981     2.1905     2.1868     0.0037  0.0981648  0.000e+00
        715     10.605    15.6580    14.7242   2.898745   2.900970     2.1905     2.1856     0.0037  0.0976764  0.000e+00
        716     10.605    15.6563    14.7252   2.899030   2.901019     2.1905     2.1856     0.0037  0.0976764  0.000e+00
        717     10.580    15.6551    14.7260   2.899309   2.900965     2.1892     2.1856     0.0037  0.0976764  0.000e+00
        718     10.663    15.6540    14.7259   2.899693   2.901024     2.1880     2.1844     0.0037  0.0976764  0.000e+00
        719     10.605    15.6534    14.7240   2.899972   2.900981     2.1880     2.1844     0.0037  0.0976764  0.000e+00
        720     10.646    15.6530    14.7219   2.900109   2.901067     2.1880     2.1832     0.0037  0.0976764  0.000e+00
        721     10.605    15.6526    14.7210   2.900114   2.901094     2.1868     2.1832     0.0037  0.0976764  0.000e+00
        722     10.605    15.6521    14.7213   2.900454   2.901062     2.1856     2.1819     0.0037  0.0981648  0.000e+00
        723     10.646    15.6518    14.7232   2.900887   2.901143     2.1856     2.1819     0.0037  0.0976764  0.000e+00
        724     10.605    15.6508    14.7257   2.901325   2.901159     2.1856     2.1819     0.0037  0.0981648  0.000e+00
        725     10.605    15.6497    14.7277   2.901582   2.901197     2.1844     2.1807     0.0037  0.0981648  0.000e+00
        726     10.605    15.6492    14.7273   2.901834   2.901181     2.1844     2.1807     0.0037  0.0986532  0.000e+00
        727     10.646    15.6489    14.7252   2.902355   2.901143     2.1831     2.1807     0.0037  0.1015836  0.000e+00
        728     10.605    15.6467    14.7222   2.902930   2.901181     2.1831     2.1795     0.0037  0.1025604  0.000e+00
        729     10.605    15.6428    14.7205   2.903456   2.901208     2.1819     2.1795     0.0037  0.1025604  0.000e+00
        730     10.646    15.6384    14.7196   2.903790   2.901224     2.1819     2.1783     0.0037  0.1020720  0.000e+00
        731     10.605    15.6329    14.7186   2.904426   2.901279     2.1807     2.1783     0.0037  0.1020720  0.000e+00
        732     10.663    15.6263    14.7174   2.905029   2.901252     2.1807     2.1783     0.0037  0.1020720  0.000e+00
        733     10.605    15.6191    14.7165   2.905511   2.901311     2.1795     2.1770     0.0037  0.1020720  0.000e+00
        734     10.580    15.6133    14.7165   2.906108   2.901344     2.1795     2.1770     0.0037  0.1020720  0.000e+00
        735     10.662    15.6084    14.7135   2.906706   2.901300     2.1795     2.1770     0.0037  0.1020720  0.000e+00
        736     10.605    15.6042    14.7033   2.907035   2.901349     2.1783     2.1758     0.0037  0.1020720  0.000e+00
        737     10.646    15.5984    14.6892   2.907676   2.901306     2.1783     2.1758     0.0037  0.1020720  0.000e+00
        738     10.605    15.5922    14.6774   2.908148   2.901349     2.1783     2.1758     0.0037  0.1020720  0.000e+00
        739     10.605    15.5872    14.6685   2.908690   2.901377     2.1770     2.1758     0.0037  0.1020720  0.000e+00
        740     10.646    15.5827    14.6612   2.909370   2.901366     2.1770     2.1746     0.0037  0.1020720  0.000e+00
        741     10.605    15.5793    14.6554   2.909869   2.901350     2.1770     2.1746     0.0037  0.1020720  0.000e+00
        742     10.662    15.5773    14.6507   2.910675   2.901442     2.1758     2.1746     0.0037  0.1020720  0.000e+00
        743     10.605    15.5759    14.6491   2.911147   2.901458     2.1746     2.1746     0.0037  0.1020720  0.000e+00
        744     10.646    15.5741    14.6520   2.911931   2.901447     2.1746     2.1734     0.0037  0.1020720  0.000e+00
        745     10.605    15.5722    14.6582   2.912441   2.901496     2.1746     2.1734     0.0037  0.1020720  0.000e+00
        746     10.605    15.5712    14.6634   2.913133   2.901447     2.1746     2.1734     0.0037  0.1025604  0.000e+00
        747     10.646    15.5701    14.6677   2.913873   2.901501     2.1734     2.1734     0.0037  0.1020720  0.000e+00
        748     10.605    15.5693    14.6712   2.914477   2.901512     2.1734     2.1722     0.0037  0.1025604  0.000e+00
        749     10.605    15.5691    14.6749   2.915333   2.901561     2.1734     2.1722     0.0037  0.1020720  0.000e+00
        750     10.646    15.5688    14.6763   2.916189   2.901550     2.1734     2.1722     0.0037  0.1020720  0.000e+00
        751     10.605    15.5681    14.6717   2.917155   2.901550     2.1722     2.1722     0.0037  0.1020720  0.000e+00
        752     10.605    15.5679    14.6612   2.918324   2.901539     2.1722     2.1722     0.0037  0.1006068  0.000e+00
        753     10.662    15.5679    14.6505   2.919295   2.901555     2.1709     2.1722     0.0037  0.0991416  0.000e+00
        754     10.580    15.5679    14.6422   2.920234   2.901577     2.1709     2.1709     0.0037  0.0986532  0.000e+00
        755     10.605    15.5679    14.6339   2.921250   2.901588     2.1709     2.1709     0.0037  0.0986532  0.000e+00
        756     10.662    15.5681    14.6217   2.922326   2.901561     2.1697     2.1709     0.0037  0.0986532  0.000e+00
        757     10.580    15.5698    14.6078   2.923480   2.901540     2.1697     2.1722     0.0037  0.0986532  0.000e+00
        758     10.662    15.5730    14.5956   2.924776   2.901507     2.1697     2.1709     0.0037  0.0986532  0.000e+00
        759     10.604    15.5757    14.5856   2.925968   2.901529     2.1685     2.1709     0.0037  0.0991416  0.000e+00
        760     10.646    15.5774    14.5768   2.927238   2.901497     2.1685     2.1709     0.0037  0.0986532  0.000e+00
        761     10.547    15.5793    14.5692   2.928573   2.901556     2.1685     2.1709     0.0037  0.0986532  0.000e+00
        762     10.662    15.5808    14.5652   2.929975   2.901426     2.1673     2.1709     0.0037  0.0986532  0.000e+00
        763     10.604    15.5819    14.5658   2.931393   2.901410     2.1673     2.1709     0.0037  0.0991416  0.000e+00
        764     10.646    15.5828    14.5704   2.932779   2.901469     2.1673     2.1709     0.0037  0.0986532  0.000e+00
        765     10.547    15.5842    14.5751   2.934330   2.901453     2.1660     2.1709     0.0037  0.0986532  0.000e+00
        766     10.662    15.5860    14.5774   2.936091   2.901497     2.1660     2.1709     0.0037  0.0986532  0.000e+00
        767     10.580    15.5879    14.5785   2.937774   2.901469     2.1660     2.1709     0.0037  0.0986532  0.000e+00
        768     10.604    15.5903    14.5794   2.939381   2.901448     2.1660     2.1709     0.0037  0.0986532  0.000e+00
        769     10.604    15.5923    14.5819   2.941011   2.901475     2.1648     2.1709     0.0037  0.0986532  0.000e+00
        770     10.645    15.5936    14.5866   2.942475   2.901437     2.1648     2.1709     0.0037  0.0986532  0.000e+00
        771     10.604    15.5944    14.5920   2.944155   2.901486     2.1648     2.1709     0.0037  0.0986532  0.000e+00
        772     10.604    15.5942    14.5985   2.945559   2.901464     2.1648     2.1709     0.0037  0.0986532  0.000e+00
        773     10.604    15.5930    14.6065   2.946914   2.901453     2.1636     2.1722     0.0037  0.0986532  0.000e+00
        774     10.645    15.5914    14.6154   2.948016   2.901469     2.1636     2.1722     0.0037  0.0991416  0.000e+00
        775     10.604    15.5896    14.6224   2.949157   2.901480     2.1636     2.1722     0.0037  0.0986532  0.000e+00
        776     10.604    15.5886    14.6260   2.950419   2.901501     2.1624     2.1722     0.0037  0.0986532  0.000e+00
        777     10.579    15.5879    14.6273   2.951643   2.901545     2.1624     2.1722     0.0037  0.0991416  0.000e+00
        778     10.604    15.5868    14.6275   2.952867   2.901523     2.1624     2.1722     0.0037  0.1006068  0.000e+00
        779     10.604    15.5861    14.6283   2.953980   2.901545     2.1624     2.1734     0.0037  0.1015836  0.000e+00
        780     10.604    15.5855    14.6298   2.954890   2.901583     2.1612     2.1734     0.0037  0.1015836  0.000e+00
        781     10.645    15.5844    14.6322   2.955640   2.901561     2.1624     2.1734     0.0037  0.1010952  0.000e+00
        782     10.604    15.5825    14.6347   2.956540   2.901620     2.1612     2.1734     0.0037  0.1010952  0.000e+00
        783     10.604    15.5806    14.6375   2.957389   2.901604     2.1612     2.1746     0.0037  0.1010952  0.000e+00
        784     10.579    15.5786    14.6400   2.958244   2.901642     2.1612     2.1746     0.0037  0.1010952  0.000e+00
        785     10.604    15.5764    14.6432   2.959243   2.901631     2.1612     2.1746     0.0037  0.1010952  0.000e+00
        786     10.604    15.5745    14.6463   2.960308   2.901610     2.1599     2.1746     0.0037  0.1010952  0.000e+00
