code/data/2021/ctd_data_day1/Station 6 210921_ctm_fil_le_der.cnv
* Sea-Bird SBE 9 Data File:
* FileName = C:\Users\CTD-User\Desktop\MAR440\Station 6 210921.hex
* Software Version Seasave V 7.26.2.13
* Temperature SN = 6313
* Conductivity SN = 4758
* Number of Bytes Per Scan = 30
* Number of Voltage Words = 4
* Number of Scans Averaged by the Deck Unit = 1
* NMEA baud rate = 4800
** Ship:
** Station:
** Operator:
# nquan = 16                                
# nvalues = 4130                        
# units = specified
# name 0 = scan: Scan Count
# name 1 = prDM: Pressure, Digiquartz [db]
# name 2 = t090C: Temperature [ITS-90, deg C]
# name 3 = t190C: Temperature, 2 [ITS-90, deg C]
# name 4 = c0S/m: Conductivity [S/m]
# name 5 = c1S/m: Conductivity, 2 [S/m]
# name 6 = sbeox0V: Oxygen raw, SBE 43 [V]
# name 7 = sbeox1V: Oxygen raw, SBE 43, 2 [V]
# name 8 = flECO-AFL: Fluorescence, WET Labs ECO-AFL/FL [mg/m^3]
# name 9 = upoly0: Upoly 0, Turbidity
# name 10 = depSM: Depth [salt water, m], lat = 59
# name 11 = sal00: Salinity, Practical [PSU]
# name 12 = sal11: Salinity, Practical, 2 [PSU]
# name 13 = sbeox0ML/L: Oxygen, SBE 43 [ml/l], WS = 2
# name 14 = sbeox1ML/L: Oxygen, SBE 43, 2 [ml/l], WS = 2
# name 15 = flag: flag
# span 0 =          1,       4130       
# span 1 =      0.401,     37.705       
# span 2 =     6.5339,    15.9700       
# span 3 =     6.5228,    15.9659       
# span 4 =   2.889567,   3.739249       
# span 5 =   2.889377,   3.740329       
# span 6 =     0.4861,     2.7979       
# span 7 =     0.5457,     2.7563       
# span 8 =     0.0033,     0.0189       
# span 9 =  0.0862693,  0.1633834       
# span 10 =      0.397,     37.349      
# span 11 =    22.2373,    32.3025      
# span 12 =    22.3205,    32.3270      
# span 13 =    -0.1043,     6.7939      
# span 14 =     0.2100,     5.8327      
# span 15 = 0.0000e+00, 0.0000e+00      
# interval = seconds: 0.0416667
# start_time = Sep 21 2021 10:55:39 [System UTC, header]
# bad_flag = -9.990e-29
*END*
[from data line 91]
         92      1.580    14.9563    14.9246   2.906205   2.891673     2.4304     2.1459     0.0044  0.1561732      1.565    22.7372    22.6303     5.5125     4.1865 -9.990e-29
         93      1.587    14.9561    14.9246   2.906387   2.891942     2.4289     2.1449     0.0044  0.1561132      1.572    22.7389    22.6326     5.5098     4.1844 -9.990e-29
         94      1.594    14.9559    14.9248   2.906579   2.892236     2.4274     2.1439     0.0044  0.1560588      1.579    22.7406    22.6350     5.5071     4.1824 -9.990e-29
         95      1.602    14.9557    14.9250   2.906777   2.892552     2.4259     2.1429     0.0044  0.1560104      1.587    22.7425    22.6377     5.5045     4.1804 -9.990e-29
         96      1.610    14.9554    14.9254   2.906980   2.892891     2.4244     2.1420     0.0044  0.1559686      1.595    22.7444    22.6403     5.5019     4.1787 -9.990e-29
         97      1.618    14.9551    14.9259   2.907189   2.893250     2.4230     2.1410     0.0044  0.1559323      1.603    22.7463    22.6431     5.4995     4.1768 -9.990e-29
         98      1.628    14.9548    14.9266   2.907402   2.893629     2.4215     2.1400     0.0044  0.1559012      1.613    22.7484    22.6460     5.4969     4.1749 -9.990e-29
         99      1.638    14.9545    14.9273   2.907618   2.894027     2.4201     2.1391     0.0044  0.1558759      1.623    22.7504    22.6490     5.4946     4.1733 -9.990e-29
        100      1.648    14.9542    14.9280   2.907834   2.894445     2.4186     2.1381     0.0044  0.1558554      1.633    22.7524    22.6522     5.4921     4.1716 -9.990e-29
        101      1.659    14.9538    14.9288   2.908047   2.894880     2.4172     2.1371     0.0044  0.1558396      1.643    22.7545    22.6555     5.4898     4.1698 -9.990e-29
        102      1.671    14.9534    14.9297   2.908256   2.895330     2.4158     2.1362     0.0044  0.1558291      1.655    22.7565    22.6589     5.4876     4.1685 -9.990e-29
        103      1.682    14.9531    14.9306   2.908459   2.895794     2.4144     2.1352     0.0044  0.1558232      1.666    22.7584    22.6623     5.4854     4.1669 -9.990e-29
        104      1.694    14.9527    14.9316   2.908650   2.896271     2.4130     2.1343     0.0044  0.1558216      1.678    22.7603    22.6659     5.4833     4.1656 -9.990e-29
        105      1.707    14.9523    14.9326   2.908827   2.896760     2.4117     2.1334     0.0044  0.1558262      1.691    22.7621    22.6695     5.4815     4.1644 -9.990e-29
        106      1.720    14.9519    14.9337   2.908985   2.897258     2.4104     2.1325     0.0044  0.1558370      1.704    22.7637    22.6731     5.4796     4.1633 -9.990e-29
        107      1.733    14.9514    14.9348   2.909123   2.897764     2.4090     2.1316     0.0044  0.1558523      1.717    22.7651    22.6769     5.4776     4.1622 -9.990e-29
        108      1.747    14.9510    14.9359   2.909237   2.898274     2.4077     2.1307     0.0044  0.1558713      1.731    22.7663    22.6806     5.4759     4.1612 -9.990e-29
        109      1.761    14.9505    14.9370   2.909328   2.898781     2.4064     2.1298     0.0044  0.1558943      1.745    22.7674    22.6843     5.4741     4.1603 -9.990e-29
        110      1.775    14.9500    14.9381   2.909393   2.899282     2.4052     2.1289     0.0044  0.1559214      1.758    22.7683    22.6880     5.4727     4.1595 -9.990e-29
        111      1.790    14.9495    14.9391   2.909434   2.899771     2.4039     2.1280     0.0044  0.1559527      1.773    22.7689    22.6917     5.4710     4.1587 -9.990e-29
        112      1.806    14.9489    14.9400   2.909449   2.900245     2.4027     2.1272     0.0044  0.1559894      1.789    22.7694    22.6952     5.4697     4.1584 -9.990e-29
        113      1.822    14.9484    14.9409   2.909439   2.900703     2.4015     2.1264     0.0044  0.1560325      1.805    22.7696    22.6986     5.4683     4.1580 -9.990e-29
        114      1.838    14.9478    14.9418   2.909404   2.901141     2.4003     2.1256     0.0044  0.1560815      1.821    22.7696    22.7019     5.4670     4.1578 -9.990e-29
        115      1.855    14.9473    14.9426   2.909342   2.901559     2.3991     2.1248     0.0044  0.1561342      1.838    22.7694    22.7050     5.4657     4.1576 -9.990e-29
        116      1.872    14.9468    14.9433   2.909252   2.901955     2.3979     2.1240     0.0044  0.1561867      1.854    22.7689    22.7080     5.4644     4.1575 -9.990e-29
        117      1.889    14.9463    14.9439   2.909134   2.902327     2.3967     2.1232     0.0044  0.1562360      1.871    22.7681    22.7109     5.4631     4.1575 -9.990e-29
        118      1.906    14.9458    14.9445   2.908988   2.902673     2.3956     2.1225     0.0044  0.1562824      1.888    22.7672    22.7135     5.4621     4.1578 -9.990e-29
        119      1.923    14.9454    14.9450   2.908813   2.902992     2.3945     2.1218     0.0044  0.1563279      1.905    22.7659    22.7160     5.4611     4.1582 -9.990e-29
        120      1.941    14.9450    14.9455   2.908611   2.903285     2.3934     2.1211     0.0044  0.1563737      1.923    22.7644    22.7182     5.4600     4.1586 -9.990e-29
        121      1.959    14.9446    14.9459   2.908383   2.903553     2.3923     2.1205     0.0044  0.1564193      1.941    22.7626    22.7203     5.4590     4.1594 -9.990e-29
        122      1.977    14.9442    14.9463   2.908131   2.903795     2.3912     2.1199     0.0044  0.1564641      1.959    22.7607    22.7221     5.4579     4.1602 -9.990e-29
        123      1.996    14.9439    14.9466   2.907860   2.904013     2.3902     2.1193     0.0044  0.1565094      1.977    22.7585    22.7238     5.4571     4.1610 0.0000e+00
        124      2.015    14.9436    14.9469   2.907572   2.904208     2.3891     2.1187     0.0044  0.1565553      1.996    22.7562    22.7253     5.4559     4.1619 0.0000e+00
        125      2.034    14.9434    14.9472   2.907271   2.904383     2.3881     2.1182     0.0044  0.1566014      2.015    22.7537    22.7266     5.4550     4.1631 0.0000e+00
        126      2.053    14.9432    14.9474   2.906959   2.904540     2.3872     2.1177     0.0044  0.1566489      2.034    22.7512    22.7279     5.4544     4.1643 0.0000e+00
        127      2.072    14.9430    14.9476   2.906638   2.904679     2.3862     2.1172     0.0044  0.1566989      2.053    22.7485    22.7289     5.4534     4.1655 0.0000e+00
        128      2.091    14.9429    14.9477   2.906310   2.904803     2.3853     2.1168     0.0044  0.1567510      2.071    22.7457    22.7300     5.4527     4.1670 0.0000e+00
        129      2.111    14.9428    14.9478   2.905975   2.904913     2.3843     2.1164     0.0044  0.1568038      2.091    22.7429    22.7308     5.4515     4.1685 0.0000e+00
        130      2.130    14.9428    14.9480   2.905638   2.905010     2.3834     2.1160     0.0044  0.1568576      2.110    22.7400    22.7315     5.4506     4.1700 0.0000e+00
        131      2.150    14.9427    14.9481   2.905299   2.905097     2.3825     2.1156     0.0044  0.1569137      2.130    22.7371    22.7322     5.4497     4.1715 0.0000e+00
        132      2.170    14.9427    14.9481   2.904962   2.905172     2.3816     2.1153     0.0044  0.1569725      2.150    22.7342    22.7329     5.4487     4.1732 0.0000e+00
        133      2.190    14.9428    14.9482   2.904629   2.905238     2.3807     2.1150     0.0044  0.1570352      2.170    22.7313    22.7334     5.4476     4.1749 0.0000e+00
        134      2.210    14.9428    14.9483   2.904303   2.905294     2.3798     2.1148     0.0044  0.1571031      2.189    22.7284    22.7338     5.4464     4.1767 0.0000e+00
        135      2.230    14.9429    14.9483   2.903982   2.905341     2.3790     2.1145     0.0044  0.1571767      2.209    22.7256    22.7342     5.4454     4.1783 0.0000e+00
        136      2.250    14.9430    14.9484   2.903670   2.905380     2.3781     2.1143     0.0044  0.1572566      2.229    22.7229    22.7345     5.4441     4.1801 0.0000e+00
        137      2.271    14.9431    14.9484   2.903365   2.905411     2.3773     2.1141     0.0044  0.1573423      2.250    22.7202    22.7347     5.4430     4.1818 0.0000e+00
        138      2.291    14.9432    14.9484   2.903069   2.905436     2.3765     2.1140     0.0044  0.1574338      2.270    22.7176    22.7349     5.4418     4.1838 0.0000e+00
        139      2.312    14.9433    14.9485   2.902781   2.905454     2.3757     2.1138     0.0044  0.1575323      2.290    22.7150    22.7350     5.4405     4.1854 0.0000e+00
        140      2.332    14.9435    14.9485   2.902500   2.905468     2.3749     2.1137     0.0046  0.1576379      2.310    22.7125    22.7352     5.4391     4.1872 0.0000e+00
        141      2.353    14.9436    14.9485   2.902230   2.905478     2.3741     2.1136     0.0049  0.1577469      2.331    22.7101    22.7352     5.4376     4.1889 0.0000e+00
        142      2.374    14.9438    14.9485   2.901968   2.905484     2.3733     2.1135     0.0049  0.1578559      2.352    22.7077    22.7353     5.4360     4.1905 0.0000e+00
        143      2.395    14.9439    14.9486   2.901716   2.905489     2.3725     2.1135     0.0049  0.1579630      2.373    22.7055    22.7353     5.4344     4.1924 0.0000e+00
        144      2.415    14.9441    14.9486   2.901471   2.905492     2.3717     2.1134     0.0049  0.1580683      2.392    22.7032    22.7353     5.4326     4.1938 0.0000e+00
        145      2.436    14.9443    14.9486   2.901235   2.905493     2.3709     2.1134     0.0049  0.1581732      2.413    22.7011    22.7353     5.4308     4.1955 0.0000e+00
        146      2.457    14.9444    14.9487   2.901008   2.905491     2.3701     2.1134     0.0049  0.1582794      2.434    22.6991    22.7352     5.4289     4.1970 0.0000e+00
        147      2.478    14.9446    14.9487   2.900790   2.905486     2.3693     2.1134     0.0049  0.1583876      2.455    22.6971    22.7351     5.4269     4.1985 0.0000e+00
        148      2.498    14.9447    14.9488   2.900580   2.905477     2.3685     2.1134     0.0049  0.1584985      2.475    22.6952    22.7350     5.4249     4.1999 0.0000e+00
        149      2.519    14.9448    14.9488   2.900378   2.905464     2.3678     2.1135     0.0049  0.1586129      2.495    22.6934    22.7349     5.4230     4.2015 0.0000e+00
        150      2.540    14.9450    14.9488   2.900182   2.905448     2.3670     2.1135     0.0049  0.1587316      2.516    22.6916    22.7347     5.4208     4.2027 0.0000e+00
        151      2.560    14.9451    14.9489   2.899992   2.905427     2.3662     2.1135     0.0049  0.1588546      2.536    22.6899    22.7345     5.4185     4.2039 0.0000e+00
        152      2.581    14.9452    14.9489   2.899810   2.905402     2.3654     2.1136     0.0049  0.1589819      2.557    22.6882    22.7343     5.4162     4.2052 0.0000e+00
        153      2.602    14.9453    14.9490   2.899635   2.905374     2.3646     2.1136     0.0049  0.1591144      2.578    22.6867    22.7340     5.4138     4.2062 0.0000e+00
        154      2.623    14.9454    14.9490   2.899467   2.905343     2.3638     2.1137     0.0049  0.1592530      2.598    22.6852    22.7337     5.4114     4.2074 0.0000e+00
        155      2.644    14.9455    14.9491   2.899304   2.905309     2.3630     2.1137     0.0049  0.1593986      2.619    22.6837    22.7333     5.4089     4.2083 0.0000e+00
        156      2.665    14.9456    14.9491   2.899145   2.905272     2.3622     2.1138     0.0049  0.1595523      2.640    22.6823    22.7330     5.4064     4.2093 0.0000e+00
        157      2.686    14.9457    14.9492   2.898990   2.905232     2.3614     2.1139     0.0049  0.1597160      2.661    22.6809    22.7326     5.4039     4.2103 0.0000e+00
        158      2.707    14.9457    14.9492   2.898839   2.905189     2.3606     2.1139     0.0049  0.1598925      2.682    22.6796    22.7322     5.4013     4.2111 0.0000e+00
        159      2.728    14.9458    14.9493   2.898691   2.905143     2.3597     2.1140     0.0049  0.1600839      2.702    22.6782    22.7318     5.3984     4.2120 0.0000e+00
        160      2.749    14.9458    14.9493   2.898546   2.905092     2.3589     2.1141     0.0049  0.1602907      2.723    22.6770    22.7313     5.3958     4.2129 0.0000e+00
        161      2.770    14.9459    14.9494   2.898404   2.905038     2.3581     2.1142     0.0049  0.1605127      2.744    22.6757    22.7308     5.3932     4.2137 0.0000e+00
        162      2.791    14.9459    14.9494   2.898265   2.904981     2.3572     2.1142     0.0049  0.1607505      2.765    22.6745    22.7303     5.3903     4.2143 0.0000e+00
        163      2.813    14.9459    14.9495   2.898127   2.904920     2.3564     2.1143     0.0049  0.1610057      2.787    22.6733    22.7297     5.3876     4.2151 0.0000e+00
        164      2.834    14.9459    14.9495   2.897989   2.904854     2.3555     2.1144     0.0049  0.1612802      2.807    22.6721    22.7291     5.3847     4.2158 0.0000e+00
        165      2.855    14.9459    14.9495   2.897850   2.904782     2.3547     2.1145     0.0053  0.1615725      2.828    22.6709    22.7285     5.3821     4.2166 0.0000e+00
        166      2.877    14.9459    14.9496   2.897709   2.904705     2.3538     2.1146     0.0060  0.1618684      2.850    22.6697    22.7278     5.3793     4.2173 0.0000e+00
        167      2.898    14.9459    14.9496   2.897567   2.904620     2.3530     2.1147     0.0064  0.1621454      2.871    22.6684    22.7270     5.3767     4.2180 0.0000e+00
        168      2.919    14.9459    14.9497   2.897424   2.904530     2.3521     2.1148     0.0064  0.1623910      2.892    22.6672    22.7262     5.3739     4.2187 0.0000e+00
        169      2.941    14.9458    14.9497   2.897281   2.904433     2.3513     2.1148     0.0064  0.1626043      2.913    22.6660    22.7254     5.3713     4.2192 0.0000e+00
        170      2.962    14.9458    14.9498   2.897137   2.904330     2.3504     2.1149     0.0064  0.1627877      2.934    22.6648    22.7244     5.3685     4.2199 0.0000e+00
        171      2.983    14.9457    14.9498   2.896994   2.904220     2.3495     2.1150     0.0064  0.1629441      2.955    22.6636    22.7235     5.3657     4.2206 0.0000e+00
        172      3.005    14.9456    14.9499   2.896850   2.904105     2.3486     2.1151     0.0064  0.1630755      2.977    22.6624    22.7224     5.3630     4.2213 0.0000e+00
        173      3.027    14.9455    14.9499   2.896707   2.903984     2.3478     2.1152     0.0064  0.1631828      2.999    22.6612    22.7214     5.3605     4.2221 0.0000e+00
        174      3.048    14.9454    14.9499   2.896562   2.903857     2.3469     2.1153     0.0064  0.1632667      3.019    22.6600    22.7203     5.3578     4.2229 0.0000e+00
        175      3.070    14.9453    14.9500   2.896415   2.903723     2.3460     2.1154     0.0064  0.1633278      3.041    22.6588    22.7190     5.3551     4.2236 0.0000e+00
        176      3.091    14.9451    14.9500   2.896267   2.903583     2.3451     2.1155     0.0064  0.1633666      3.062    22.6576    22.7178     5.3525     4.2244 0.0000e+00
        177      3.112    14.9449    14.9500   2.896117   2.903435     2.3442     2.1156     0.0064  0.1633834      3.083    22.6565    22.7165     5.3499     4.2252 0.0000e+00
        178      3.134    14.9448    14.9500   2.895966   2.903281     2.3434     2.1157     0.0064  0.1633781      3.105    22.6552    22.7152     5.3476     4.2260 0.0000e+00
        179      3.155    14.9445    14.9500   2.895814   2.903121     2.3425     2.1159     0.0064  0.1633509      3.125    22.6541    22.7138     5.3451     4.2271 0.0000e+00
        180      3.177    14.9443    14.9500   2.895663   2.902954     2.3416     2.1160     0.0064  0.1633014      3.147    22.6529    22.7124     5.3426     4.2279 0.0000e+00
