code/data/2021/ctd_data_day1/Station 4ex 210921_ctm_fil_le_der.cnv
* Sea-Bird SBE 9 Data File:
* FileName = C:\Users\CTD-User\Desktop\MAR440\Station 4ex 210921.hex
* Software Version Seasave V 7.26.2.13
* Temperature SN = 6313
* Conductivity SN = 4758
* Number of Bytes Per Scan = 30
* Number of Voltage Words = 4
* Number of Scans Averaged by the Deck Unit = 1
* NMEA baud rate = 4800
** Ship:
** Station:
** Operator:
# nquan = 16                                
# nvalues = 6123                        
# units = specified
# name 0 = scan: Scan Count
# name 1 = prDM: Pressure, Digiquartz [db]
# name 2 = t090C: Temperature [ITS-90, deg C]
# name 3 = t190C: Temperature, 2 [ITS-90, deg C]
# name 4 = c0S/m: Conductivity [S/m]
# name 5 = c1S/m: Conductivity, 2 [S/m]
# name 6 = sbeox0V: Oxygen raw, SBE 43 [V]
# name 7 = sbeox1V: Oxygen raw, SBE 43, 2 [V]
# name 8 = flECO-AFL: Fluorescence, WET Labs ECO-AFL/FL [mg/m^3]
# name 9 = upoly0: Upoly 0, Turbidity
# name 10 = depSM: Depth [salt water, m], lat = 59
# name 11 = sal00: Salinity, Practical [PSU]
# name 12 = sal11: Salinity, Practical, 2 [PSU]
# name 13 = sbeox0ML/L: Oxygen, SBE 43 [ml/l], WS = 2
# name 14 = sbeox1ML/L: Oxygen, SBE 43, 2 [ml/l], WS = 2
# name 15 = flag: flag
# span 0 =          1,       6123       
# span 1 =      0.319,     43.468       
# span 2 =     7.9826,    16.0004       
# span 3 =     7.9840,    15.8854       
# span 4 =  -0.000377,   3.472125       
# span 5 =   0.283373,   3.472588       
# span 6 =     0.4705,     3.1926       
# span 7 =     0.5358,     3.0371       
# span 8 =     0.0033,     0.0524       
# span 9 =  0.0805253,  0.2126995       
# span 10 =      0.316,     43.057      
# span 11 =     0.0000,    32.1408      
# span 12 =     0.0000,    32.1478      
# span 13 =    -0.1435,     9.0193      
# span 14 =     0.1756,     7.4392      
# span 15 = 0.0000e+00, 0.0000e+00      
# interval = seconds: 0.0416667
# start_time = Sep 21 2021 12:21:52 [System UTC, header]
# bad_flag = -9.990e-29
*END*
[from data line 1628]
       1629      1.419    15.0243    14.9552   2.848732   2.859004     2.2084     2.0978     0.0049  0.1949682      1.406    22.2042    22.3316     4.9365     4.1227 -9.990e-29
       1630      1.422    15.0228    14.9558   2.848860   2.859144     2.2075     2.0973     0.0049  0.1949771      1.409    22.2061    22.3325     4.9342     4.1219 -9.990e-29
       1631      1.425    15.0215    14.9566   2.848988   2.859291     2.2065     2.0969     0.0049  0.1949876      1.412    22.2080    22.3333     4.9317     4.1213 -9.990e-29
       1632      1.428    15.0202    14.9575   2.849116   2.859447     2.2056     2.0964     0.0049  0.1950007      1.415    22.2098    22.3341     4.9294     4.1204 -9.990e-29
       1633      1.432    15.0190    14.9585   2.849242   2.859609     2.2046     2.0960     0.0049  0.1950155      1.419    22.2116    22.3349     4.9268     4.1198 -9.990e-29
       1634      1.436    15.0179    14.9596   2.849366   2.859780     2.2037     2.0956     0.0049  0.1950313      1.423    22.2132    22.3358     4.9246     4.1190 -9.990e-29
       1635      1.440    15.0169    14.9607   2.849489   2.859957     2.2027     2.0951     0.0049  0.1950483      1.427    22.2149    22.3367     4.9221     4.1180 -9.990e-29
       1636      1.444    15.0160    14.9618   2.849609   2.860143     2.2018     2.0947     0.0049  0.1950665      1.430    22.2164    22.3376     4.9198     4.1173 -9.990e-29
       1637      1.448    15.0151    14.9630   2.849728   2.860337     2.2009     2.0943     0.0049  0.1950869      1.434    22.2179    22.3386     4.9176     4.1164 -9.990e-29
       1638      1.453    15.0143    14.9642   2.849847   2.860541     2.1999     2.0939     0.0049  0.1951106      1.439    22.2194    22.3397     4.9151     4.1156 -9.990e-29
       1639      1.458    15.0135    14.9655   2.849967   2.860754     2.1990     2.0935     0.0049  0.1951368      1.444    22.2209    22.3408     4.9130     4.1147 -9.990e-29
       1640      1.463    15.0127    14.9668   2.850089   2.860979     2.1981     2.0931     0.0049  0.1951649      1.449    22.2224    22.3420     4.9108     4.1137 -9.990e-29
       1641      1.468    15.0120    14.9681   2.850214   2.861215     2.1972     2.0927     0.0049  0.1951950      1.454    22.2238    22.3433     4.9087     4.1128 -9.990e-29
       1642      1.474    15.0114    14.9695   2.850342   2.861463     2.1963     2.0923     0.0049  0.1952274      1.460    22.2253    22.3446     4.9065     4.1118 -9.990e-29
       1643      1.479    15.0108    14.9710   2.850473   2.861722     2.1953     2.0919     0.0049  0.1952624      1.465    22.2267    22.3460     4.9041     4.1107 -9.990e-29
       1644      1.485    15.0102    14.9725   2.850609   2.861994     2.1944     2.0914     0.0049  0.1953000      1.471    22.2282    22.3474     4.9019     4.1094 -9.990e-29
       1645      1.491    15.0096    14.9742   2.850748   2.862280     2.1935     2.0910     0.0049  0.1953407      1.477    22.2298    22.3489     4.8998     4.1083 -9.990e-29
       1646      1.497    15.0091    14.9758   2.850893   2.862581     2.1926     2.0906     0.0049  0.1953846      1.483    22.2313    22.3506     4.8977     4.1072 -9.990e-29
       1647      1.503    15.0086    14.9776   2.851043   2.862897     2.1917     2.0902     0.0049  0.1954322      1.489    22.2329    22.3523     4.8956     4.1060 -9.990e-29
       1648      1.510    15.0081    14.9794   2.851198   2.863230     2.1909     2.0898     0.0049  0.1954836      1.496    22.2345    22.3541     4.8938     4.1048 -9.990e-29
       1649      1.516    15.0076    14.9813   2.851358   2.863578     2.1900     2.0894     0.0051  0.1955377      1.502    22.2361    22.3560     4.8918     4.1037 -9.990e-29
       1650      1.523    15.0072    14.9832   2.851520   2.863940     2.1891     2.0890     0.0055  0.1955896      1.509    22.2378    22.3581     4.8897     4.1025 -9.990e-29
       1651      1.530    15.0068    14.9853   2.851684   2.864317     2.1882     2.0885     0.0055  0.1956346      1.516    22.2394    22.3601     4.8877     4.1010 -9.990e-29
       1652      1.536    15.0064    14.9875   2.851848   2.864705     2.1873     2.0881     0.0053  0.1956714      1.522    22.2410    22.3622     4.8856     4.0997 -9.990e-29
       1653      1.543    15.0060    14.9898   2.852009   2.865102     2.1864     2.0877     0.0055  0.1957002      1.529    22.2426    22.3643     4.8836     4.0985 -9.990e-29
       1654      1.550    15.0056    14.9923   2.852167   2.865506     2.1856     2.0872     0.0053  0.1957212      1.536    22.2442    22.3663     4.8819     4.0970 -9.990e-29
       1655      1.557    15.0053    14.9949   2.852321   2.865914     2.1847     2.0868     0.0055  0.1957345      1.542    22.2457    22.3683     4.8799     4.0957 -9.990e-29
       1656      1.565    15.0049    14.9976   2.852470   2.866326     2.1838     2.0864     0.0055  0.1957403      1.550    22.2472    22.3703     4.8779     4.0945 -9.990e-29
       1657      1.572    15.0046    15.0004   2.852614   2.866737     2.1830     2.0859     0.0055  0.1957385      1.557    22.2486    22.3723     4.8763     4.0930 -9.990e-29
       1658      1.580    15.0042    15.0033   2.852753   2.867146     2.1822     2.0855     0.0055  0.1957292      1.565    22.2500    22.3741     4.8746     4.0918 -9.990e-29
       1659      1.587    15.0039    15.0061   2.852886   2.867553     2.1813     2.0850     0.0055  0.1957123      1.572    22.2513    22.3760     4.8727     4.0903 -9.990e-29
       1660      1.595    15.0036    15.0089   2.853013   2.867954     2.1805     2.0846     0.0055  0.1956877      1.580    22.2526    22.3779     4.8710     4.0892 -9.990e-29
       1661      1.603    15.0034    15.0116   2.853135   2.868351     2.1797     2.0841     0.0055  0.1956552      1.588    22.2538    22.3797     4.8694     4.0878 -9.990e-29
       1662      1.611    15.0031    15.0142   2.853250   2.868741     2.1789     2.0837     0.0055  0.1956145      1.596    22.2549    22.3816     4.8678     4.0867 -9.990e-29
       1663      1.618    15.0029    15.0168   2.853360   2.869126     2.1781     2.0833     0.0055  0.1955655      1.603    22.2560    22.3834     4.8662     4.0856 -9.990e-29
       1664      1.626    15.0028    15.0193   2.853464   2.869504     2.1773     2.0828     0.0055  0.1955078      1.611    22.2569    22.3852     4.8645     4.0843 -9.990e-29
       1665      1.635    15.0028    15.0218   2.853564   2.869877     2.1765     2.0824     0.0053  0.1954409      1.620    22.2578    22.3870     4.8629     4.0833 -9.990e-29
       1666      1.643    15.0028    15.0241   2.853661   2.870245     2.1757     2.0819     0.0055  0.1953644      1.628    22.2586    22.3889     4.8613     4.0821 -9.990e-29
       1667      1.651    15.0028    15.0263   2.853757   2.870608     2.1749     2.0815     0.0055  0.1952777      1.636    22.2594    22.3907     4.8597     4.0812 -9.990e-29
       1668      1.659    15.0030    15.0284   2.853855   2.870968     2.1741     2.0811     0.0055  0.1951803      1.643    22.2601    22.3926     4.8581     4.0803 -9.990e-29
       1669      1.668    15.0032    15.0304   2.853954   2.871325     2.1733     2.0806     0.0055  0.1950715      1.652    22.2609    22.3945     4.8565     4.0792 -9.990e-29
       1670      1.676    15.0034    15.0323   2.854055   2.871680     2.1726     2.0802     0.0055  0.1949505      1.660    22.2616    22.3965     4.8552     4.0784 -9.990e-29
       1671      1.685    15.0037    15.0341   2.854159   2.872032     2.1718     2.0798     0.0055  0.1948165      1.669    22.2624    22.3985     4.8536     4.0776 -9.990e-29
       1672      1.693    15.0041    15.0357   2.854266   2.872383     2.1711     2.0794     0.0055  0.1946686      1.677    22.2630    22.4006     4.8522     4.0769 -9.990e-29
       1673      1.702    15.0044    15.0373   2.854377   2.872732     2.1703     2.0790     0.0055  0.1945057      1.686    22.2638    22.4027     4.8506     4.0762 -9.990e-29
       1674      1.711    15.0049    15.0388   2.854491   2.873082     2.1696     2.0786     0.0055  0.1943292      1.695    22.2645    22.4048     4.8493     4.0756 -9.990e-29
       1675      1.721    15.0053    15.0402   2.854610   2.873432     2.1688     2.0782     0.0055  0.1941473      1.705    22.2653    22.4070     4.8477     4.0749 -9.990e-29
       1676      1.730    15.0058    15.0416   2.854733   2.873783     2.1681     2.0778     0.0055  0.1939714      1.714    22.2661    22.4092     4.8464     4.0743 -9.990e-29
       1677      1.739    15.0063    15.0429   2.854862   2.874137     2.1674     2.0774     0.0055  0.1938079      1.723    22.2669    22.4115     4.8451     4.0737 -9.990e-29
       1678      1.749    15.0068    15.0441   2.854998   2.874495     2.1667     2.0770     0.0055  0.1936575      1.733    22.2678    22.4139     4.8437     4.0732 -9.990e-29
       1679      1.758    15.0074    15.0453   2.855140   2.874856     2.1660     2.0767     0.0055  0.1935190      1.742    22.2687    22.4163     4.8424     4.0729 -9.990e-29
       1680      1.768    15.0080    15.0465   2.855286   2.875222     2.1653     2.0763     0.0055  0.1933915      1.751    22.2696    22.4188     4.8411     4.0724 -9.990e-29
       1681      1.777    15.0087    15.0476   2.855437   2.875591     2.1646     2.0760     0.0055  0.1932741      1.760    22.2705    22.4213     4.8397     4.0722 -9.990e-29
       1682      1.787    15.0094    15.0487   2.855591   2.875965     2.1639     2.0757     0.0055  0.1931660      1.770    22.2714    22.4239     4.8384     4.0720 -9.990e-29
       1683      1.797    15.0101    15.0498   2.855748   2.876343     2.1632     2.0753     0.0055  0.1930665      1.780    22.2723    22.4265     4.8370     4.0716 -9.990e-29
       1684      1.807    15.0109    15.0508   2.855907   2.876724     2.1625     2.0750     0.0055  0.1929748      1.790    22.2732    22.4292     4.8356     4.0714 -9.990e-29
       1685      1.818    15.0117    15.0519   2.856067   2.877108     2.1619     2.0747     0.0055  0.1928904      1.801    22.2742    22.4319     4.8346     4.0712 -9.990e-29
       1686      1.828    15.0125    15.0529   2.856229   2.877495     2.1612     2.0744     0.0055  0.1928126      1.811    22.2751    22.4346     4.8332     4.0711 -9.990e-29
       1687      1.839    15.0134    15.0539   2.856391   2.877885     2.1606     2.0741     0.0055  0.1927408      1.822    22.2760    22.4374     4.8322     4.0710 -9.990e-29
       1688      1.849    15.0142    15.0549   2.856553   2.878275     2.1599     2.0738     0.0055  0.1926747      1.832    22.2769    22.4402     4.8309     4.0709 -9.990e-29
       1689      1.860    15.0150    15.0560   2.856715   2.878667     2.1592     2.0736     0.0055  0.1926136      1.843    22.2778    22.4429     4.8296     4.0710 -9.990e-29
       1690      1.871    15.0159    15.0570   2.856877   2.879058     2.1586     2.0733     0.0055  0.1925581      1.854    22.2787    22.4457     4.8285     4.0709 -9.990e-29
       1691      1.882    15.0167    15.0581   2.857037   2.879448     2.1580     2.0730     0.0055  0.1925087      1.864    22.2796    22.4484     4.8276     4.0709 -9.990e-29
       1692      1.893    15.0174    15.0592   2.857196   2.879836     2.1573     2.0728     0.0055  0.1924640      1.875    22.2806    22.4511     4.8263     4.0711 -9.990e-29
       1693      1.904    15.0182    15.0603   2.857351   2.880222     2.1567     2.0725     0.0055  0.1924230      1.886    22.2815    22.4538     4.8253     4.0710 -9.990e-29
       1694      1.915    15.0190    15.0614   2.857505   2.880606     2.1561     2.0723     0.0055  0.1923854      1.897    22.2823    22.4564     4.8243     4.0713 -9.990e-29
       1695      1.926    15.0197    15.0626   2.857658   2.880988     2.1555     2.0720     0.0053  0.1923509      1.908    22.2832    22.4590     4.8234     4.0713 -9.990e-29
       1696      1.938    15.0205    15.0639   2.857809   2.881367     2.1549     2.0718     0.0055  0.1923193      1.920    22.2841    22.4615     4.8224     4.0715 -9.990e-29
       1697      1.949    15.0212    15.0652   2.857959   2.881742     2.1542     2.0716     0.0055  0.1922904      1.931    22.2850    22.4640     4.8212     4.0718 -9.990e-29
       1698      1.961    15.0219    15.0665   2.858109   2.882114     2.1537     2.0713     0.0055  0.1922639      1.943    22.2859    22.4665     4.8206     4.0719 -9.990e-29
       1699      1.973    15.0227    15.0678   2.858256   2.882482     2.1531     2.0711     0.0055  0.1922396      1.955    22.2867    22.4689     4.8197     4.0722 -9.990e-29
       1700      1.985    15.0234    15.0692   2.858402   2.882847     2.1525     2.0709     0.0053  0.1922175      1.966    22.2875    22.4712     4.8188     4.0726 -9.990e-29
       1701      1.997    15.0241    15.0705   2.858545   2.883207     2.1519     2.0707     0.0053  0.1921973      1.978    22.2883    22.4735     4.8179     4.0730 0.0000e+00
       1702      2.009    15.0247    15.0718   2.858685   2.883564     2.1514     2.0705     0.0053  0.1921789      1.990    22.2892    22.4758     4.8174     4.0734 0.0000e+00
       1703      2.021    15.0254    15.0732   2.858824   2.883918     2.1508     2.0704     0.0053  0.1921622      2.002    22.2900    22.4781     4.8166     4.0741 0.0000e+00
       1704      2.034    15.0260    15.0745   2.858961   2.884268     2.1503     2.0702     0.0053  0.1921470      2.015    22.2908    22.4803     4.8160     4.0746 0.0000e+00
       1705      2.046    15.0266    15.0758   2.859098   2.884616     2.1497     2.0700     0.0053  0.1921333      2.027    22.2916    22.4826     4.8152     4.0751 0.0000e+00
       1706      2.059    15.0272    15.0771   2.859235   2.884960     2.1492     2.0699     0.0053  0.1921210      2.040    22.2925    22.4848     4.8147     4.0759 0.0000e+00
       1707      2.072    15.0279    15.0783   2.859372   2.885302     2.1486     2.0698     0.0053  0.1921100      2.053    22.2933    22.4870     4.8139     4.0768 0.0000e+00
       1708      2.086    15.0285    15.0795   2.859508   2.885639     2.1481     2.0696     0.0053  0.1921001      2.066    22.2941    22.4892     4.8134     4.0774 0.0000e+00
       1709      2.099    15.0291    15.0806   2.859644   2.885973     2.1476     2.0695     0.0053  0.1920914      2.079    22.2949    22.4915     4.8130     4.0784 0.0000e+00
       1710      2.113    15.0297    15.0817   2.859780   2.886302     2.1471     2.0694     0.0053  0.1920837      2.093    22.2957    22.4936     4.8125     4.0794 0.0000e+00
       1711      2.127    15.0303    15.0827   2.859917   2.886628     2.1466     2.0693     0.0053  0.1920771      2.107    22.2966    22.4959     4.8120     4.0804 0.0000e+00
       1712      2.141    15.0309    15.0837   2.860053   2.886949     2.1461     2.0692     0.0053  0.1920714      2.121    22.2974    22.4980     4.8116     4.0816 0.0000e+00
       1713      2.155    15.0315    15.0846   2.860190   2.887267     2.1457     2.0691     0.0053  0.1920667      2.135    22.2982    22.5003     4.8115     4.0827 0.0000e+00
       1714      2.169    15.0321    15.0856   2.860328   2.887581     2.1452     2.0691     0.0053  0.1920628      2.149    22.2990    22.5024     4.8111     4.0842 0.0000e+00
       1715      2.184    15.0327    15.0865   2.860466   2.887889     2.1448     2.0691     0.0053  0.1920598      2.164    22.2999    22.5045     4.8110     4.0858 0.0000e+00
       1716      2.199    15.0334    15.0874   2.860603   2.888190     2.1443     2.0690     0.0053  0.1920577      2.178    22.3007    22.5066     4.8106     4.0871 0.0000e+00
       1717      2.213    15.0340    15.0883   2.860739   2.888484     2.1439     2.0690     0.0053  0.1920564      2.192    22.3015    22.5086     4.8105     4.0888 0.0000e+00
