code/data/2021/ctd_data_day1/Station 1 210921_ctm_fil_le_der.cnv
* Sea-Bird SBE 9 Data File:
* FileName = C:\Users\CTD-User\Desktop\MAR440\Station 1 210921.hex
* Software Version Seasave V 7.26.2.13
* Temperature SN = 6313
* Conductivity SN = 4758
* Number of Bytes Per Scan = 30
* Number of Voltage Words = 4
* Number of Scans Averaged by the Deck Unit = 1
* NMEA baud rate = 4800
** Ship:
** Station:
** Operator:
# nquan = 16                                
# nvalues = 5940                        
# units = specified
# name 0 = scan: Scan Count
# name 1 = prDM: Pressure, Digiquartz [db]
# name 2 = t090C: Temperature [ITS-90, deg C]
# name 3 = t190C: Temperature, 2 [ITS-90, deg C]
# name 4 = c0S/m: Conductivity [S/m]
# name 5 = c1S/m: Conductivity, 2 [S/m]
# name 6 = sbeox0V: Oxygen raw, SBE 43 [V]
# name 7 = sbeox1V: Oxygen raw, SBE 43, 2 [V]
# name 8 = flECO-AFL: Fluorescence, WET Labs ECO-AFL/FL [mg/m^3]
# name 9 = upoly0: Upoly 0, Turbidity
# name 10 = depSM: Depth [salt water, m], lat = 59
# name 11 = sal00: Salinity, Practical [PSU]
# name 12 = sal11: Salinity, Practical, 2 [PSU]
# name 13 = sbeox0ML/L: Oxygen, SBE 43 [ml/l], WS = 2
# name 14 = sbeox1ML/L: Oxygen, SBE 43, 2 [ml/l], WS = 2
# name 15 = flag: flag
# span 0 =          1,       5940       
# span 1 =      0.420,     13.919       
# span 2 =    11.9583,    16.0077       
# span 3 =    11.9664,    16.0088       
# span 4 =   2.810210,   3.422799       
# span 5 =   2.813003,   3.416273       
# span 6 =     0.9943,     2.8560       
# span 7 =     1.0244,     2.7645       
# span 8 =     0.0040,     0.0086       
# span 9 =  0.0921354,  0.2082287       
# span 10 =      0.416,     13.788      
# span 11 =    22.2373,    29.4581      
# span 12 =    22.2476,    29.3892      
# span 13 =     1.4575,     7.0885      
# span 14 =     1.4144,     5.9543      
# span 15 = 0.0000e+00, 0.0000e+00      
# interval = seconds: 0.0416667
# start_time = Sep 21 2021 08:43:04 [System UTC, header]
# bad_flag = -9.990e-29
*END*
[from data line 91]
         92      0.769    14.4153    14.4016   2.815763   2.823075     2.8551     2.7644     0.0062  0.2020543      0.762    22.2661    22.3376     7.0871     5.9540 -9.990e-29
         93      0.768    14.4151    14.4017   2.815694   2.823085     2.8551     2.7645     0.0062  0.2021931      0.761    22.2657    22.3377     7.0871     5.9541 -9.990e-29
         94      0.768    14.4151    14.4019   2.815642   2.823089     2.8552     2.7645     0.0062  0.2023285      0.761    22.2652    22.3376     7.0874     5.9539 -9.990e-29
         95      0.768    14.4151    14.4023   2.815608   2.823086     2.8552     2.7645     0.0062  0.2024614      0.761    22.2649    22.3373     7.0874     5.9537 -9.990e-29
         96      0.768    14.4152    14.4027   2.815594   2.823072     2.8552     2.7645     0.0062  0.2025928      0.761    22.2647    22.3370     7.0874     5.9535 -9.990e-29
         97      0.767    14.4153    14.4032   2.815598   2.823047     2.8552     2.7645     0.0062  0.2027236      0.760    22.2647    22.3365     7.0873     5.9533 -9.990e-29
         98      0.767    14.4155    14.4037   2.815615   2.823007     2.8552     2.7645     0.0062  0.2028546      0.760    22.2647    22.3358     7.0873     5.9530 -9.990e-29
         99      0.767    14.4158    14.4042   2.815642   2.822950     2.8552     2.7645     0.0062  0.2029869      0.760    22.2648    22.3351     7.0872     5.9528 -9.990e-29
        100      0.767    14.4161    14.4047   2.815675   2.822874     2.8552     2.7645     0.0062  0.2031213      0.760    22.2649    22.3341     7.0872     5.9526 -9.990e-29
        101      0.767    14.4165    14.4053   2.815710   2.822776     2.8552     2.7645     0.0062  0.2032587      0.760    22.2650    22.3329     7.0871     5.9524 -9.990e-29
        102      0.767    14.4169    14.4059   2.815744   2.822656     2.8552     2.7645     0.0062  0.2034001      0.760    22.2651    22.3315     7.0870     5.9522 -9.990e-29
        103      0.766    14.4173    14.4065   2.815774   2.822515     2.8552     2.7645     0.0062  0.2035466      0.759    22.2651    22.3300     7.0870     5.9520 -9.990e-29
        104      0.766    14.4177    14.4071   2.815797   2.822351     2.8552     2.7644     0.0062  0.2036990      0.759    22.2651    22.3282     7.0870     5.9516 -9.990e-29
        105      0.766    14.4181    14.4078   2.815812   2.822168     2.8552     2.7644     0.0062  0.2038585      0.759    22.2650    22.3262     7.0869     5.9515 -9.990e-29
        106      0.765    14.4183    14.4085   2.815818   2.821967     2.8553     2.7644     0.0062  0.2040262      0.758    22.2649    22.3240     7.0872     5.9514 -9.990e-29
        107      0.765    14.4185    14.4092   2.815816   2.821751     2.8553     2.7644     0.0062  0.2042032      0.758    22.2648    22.3218     7.0873     5.9513 -9.990e-29
        108      0.764    14.4186    14.4098   2.815805   2.821526     2.8553     2.7644     0.0062  0.2043908      0.757    22.2646    22.3195     7.0873     5.9512 -9.990e-29
        109      0.764    14.4187    14.4103   2.815786   2.821296     2.8553     2.7644     0.0060  0.2045869      0.757    22.2644    22.3172     7.0873     5.9511 -9.990e-29
        110      0.763    14.4187    14.4106   2.815760   2.821066     2.8554     2.7644     0.0060  0.2047802      0.756    22.2642    22.3150     7.0877     5.9511 -9.990e-29
        111      0.763    14.4188    14.4108   2.815728   2.820842     2.8554     2.7644     0.0060  0.2049540      0.756    22.2638    22.3129     7.0877     5.9511 -9.990e-29
        112      0.762    14.4188    14.4109   2.815689   2.820630     2.8554     2.7644     0.0060  0.2051003      0.755    22.2635    22.3110     7.0877     5.9511 -9.990e-29
        113      0.762    14.4189    14.4108   2.815647   2.820436     2.8555     2.7644     0.0060  0.2052209      0.755    22.2631    22.3094     7.0880     5.9512 -9.990e-29
        114      0.761    14.4191    14.4107   2.815604   2.820263     2.8555     2.7644     0.0060  0.2053185      0.754    22.2626    22.3079     7.0880     5.9512 -9.990e-29
        115      0.761    14.4192    14.4104   2.815564   2.820120     2.8555     2.7644     0.0060  0.2053936      0.754    22.2622    22.3069     7.0880     5.9512 -9.990e-29
        116      0.760    14.4194    14.4100   2.815528   2.820008     2.8556     2.7644     0.0060  0.2054468      0.753    22.2618    22.3061     7.0883     5.9513 -9.990e-29
        117      0.760    14.4196    14.4095   2.815497   2.819930     2.8556     2.7644     0.0060  0.2054785      0.753    22.2614    22.3057     7.0883     5.9513 -9.990e-29
        118      0.759    14.4198    14.4090   2.815470   2.819884     2.8557     2.7644     0.0060  0.2054888      0.752    22.2610    22.3056     7.0885     5.9514 -9.990e-29
        119      0.759    14.4199    14.4083   2.815447   2.819865     2.8557     2.7644     0.0060  0.2054779      0.752    22.2608    22.3059     7.0885     5.9515 -9.990e-29
        120      0.759    14.4201    14.4077   2.815427   2.819873     2.8557     2.7644     0.0060  0.2054457      0.752    22.2605    22.3063     7.0884     5.9515 -9.990e-29
        121      0.759    14.4203    14.4071   2.815413   2.819906     2.8557     2.7644     0.0060  0.2053919      0.752    22.2602    22.3069     7.0883     5.9516 -9.990e-29
        122      0.758    14.4205    14.4067   2.815405   2.819964     2.8558     2.7643     0.0060  0.2053162      0.751    22.2601    22.3076     7.0885     5.9514 -9.990e-29
        123      0.758    14.4208    14.4065   2.815403   2.820048     2.8558     2.7643     0.0060  0.2052181      0.751    22.2599    22.3085     7.0884     5.9514 -9.990e-29
        124      0.758    14.4211    14.4065   2.815409   2.820158     2.8558     2.7643     0.0060  0.2050968      0.751    22.2597    22.3094     7.0882     5.9513 -9.990e-29
        125      0.758    14.4216    14.4068   2.815423   2.820294     2.8558     2.7643     0.0060  0.2049515      0.751    22.2596    22.3105     7.0880     5.9513 -9.990e-29
        126      0.758    14.4220    14.4072   2.815444   2.820454     2.8559     2.7643     0.0060  0.2047813      0.751    22.2595    22.3116     7.0880     5.9512 -9.990e-29
        127      0.758    14.4225    14.4079   2.815475   2.820637     2.8559     2.7643     0.0060  0.2045849      0.751    22.2595    22.3128     7.0878     5.9511 -9.990e-29
        128      0.758    14.4231    14.4088   2.815516   2.820842     2.8559     2.7643     0.0060  0.2043609      0.751    22.2595    22.3141     7.0875     5.9510 -9.990e-29
        129      0.758    14.4238    14.4098   2.815567   2.821067     2.8559     2.7644     0.0060  0.2041079      0.751    22.2596    22.3155     7.0871     5.9510 -9.990e-29
        130      0.758    14.4245    14.4111   2.815629   2.821310     2.8559     2.7644     0.0060  0.2038240      0.751    22.2597    22.3168     7.0867     5.9508 -9.990e-29
        131      0.757    14.4252    14.4125   2.815701   2.821568     2.8560     2.7644     0.0059  0.2035072      0.750    22.2599    22.3183     7.0866     5.9506 -9.990e-29
        132      0.757    14.4260    14.4142   2.815780   2.821836     2.8560     2.7644     0.0060  0.2031555      0.750    22.2602    22.3196     7.0862     5.9504 -9.990e-29
        133      0.757    14.4268    14.4162   2.815865   2.822109     2.8560     2.7644     0.0060  0.2027662      0.750    22.2604    22.3209     7.0858     5.9501 -9.990e-29
        134      0.757    14.4277    14.4183   2.815955   2.822376     2.8560     2.7644     0.0060  0.2023376      0.750    22.2607    22.3220     7.0853     5.9498 -9.990e-29
        135      0.756    14.4286    14.4205   2.816049   2.822624     2.8560     2.7644     0.0059  0.2018820      0.749    22.2610    22.3229     7.0848     5.9495 -9.990e-29
        136      0.756    14.4295    14.4224   2.816147   2.822846     2.8560     2.7644     0.0059  0.2014327      0.749    22.2614    22.3237     7.0844     5.9492 -9.990e-29
        137      0.756    14.4305    14.4242   2.816252   2.823039     2.8560     2.7644     0.0059  0.2010180      0.749    22.2617    22.3244     7.0839     5.9490 -9.990e-29
        138      0.756    14.4316    14.4258   2.816364   2.823206     2.8560     2.7643     0.0059  0.2006444      0.749    22.2620    22.3249     7.0833     5.9485 -9.990e-29
        139      0.755    14.4327    14.4272   2.816480   2.823348     2.8560     2.7643     0.0059  0.2003085      0.748    22.2624    22.3253     7.0828     5.9483 -9.990e-29
        140      0.755    14.4338    14.4284   2.816600   2.823465     2.8560     2.7643     0.0059  0.2000070      0.748    22.2628    22.3256     7.0823     5.9482 -9.990e-29
        141      0.754    14.4350    14.4294   2.816722   2.823559     2.8560     2.7643     0.0059  0.1997378      0.747    22.2632    22.3259     7.0817     5.9481 -9.990e-29
        142      0.753    14.4362    14.4305   2.816849   2.823631     2.8560     2.7643     0.0059  0.1994992      0.746    22.2636    22.3259     7.0812     5.9480 -9.990e-29
        143      0.753    14.4376    14.4315   2.816985   2.823681     2.8559     2.7643     0.0059  0.1992893      0.746    22.2640    22.3257     7.0804     5.9479 -9.990e-29
        144      0.752    14.4392    14.4325   2.817138   2.823713     2.8559     2.7643     0.0059  0.1991068      0.745    22.2644    22.3255     7.0798     5.9479 -9.990e-29
        145      0.751    14.4410    14.4335   2.817312   2.823729     2.8559     2.7643     0.0059  0.1989504      0.744    22.2649    22.3250     7.0791     5.9478 -9.990e-29
        146      0.751    14.4427    14.4346   2.817505   2.823733     2.8559     2.7643     0.0059  0.1988190      0.744    22.2656    22.3244     7.0784     5.9477 -9.990e-29
        147      0.750    14.4442    14.4358   2.817706   2.823727     2.8558     2.7643     0.0059  0.1987117      0.743    22.2665    22.3237     7.0775     5.9476 -9.990e-29
        148      0.750    14.4455    14.4369   2.817904   2.823714     2.8558     2.7643     0.0059  0.1986277      0.743    22.2675    22.3229     7.0770     5.9475 -9.990e-29
        149      0.749    14.4467    14.4380   2.818091   2.823696     2.8558     2.7643     0.0059  0.1985665      0.742    22.2684    22.3222     7.0764     5.9474 -9.990e-29
        150      0.749    14.4477    14.4391   2.818260   2.823675     2.8557     2.7643     0.0059  0.1985276      0.742    22.2693    22.3213     7.0755     5.9473 -9.990e-29
        151      0.749    14.4487    14.4400   2.818409   2.823653     2.8557     2.7643     0.0059  0.1985107      0.742    22.2700    22.3206     7.0750     5.9472 -9.990e-29
        152      0.748    14.4495    14.4409   2.818537   2.823630     2.8556     2.7643     0.0059  0.1985158      0.741    22.2707    22.3199     7.0742     5.9471 -9.990e-29
        153      0.748    14.4504    14.4417   2.818648   2.823603     2.8556     2.7643     0.0059  0.1985429      0.741    22.2711    22.3192     7.0737     5.9471 -9.990e-29
        154      0.748    14.4514    14.4424   2.818746   2.823571     2.8555     2.7643     0.0059  0.1985922      0.741    22.2714    22.3185     7.0729     5.9470 -9.990e-29
        155      0.748    14.4524    14.4431   2.818832   2.823531     2.8554     2.7643     0.0059  0.1986639      0.741    22.2716    22.3178     7.0720     5.9470 -9.990e-29
        156      0.749    14.4534    14.4437   2.818904   2.823482     2.8554     2.7643     0.0059  0.1987587      0.742    22.2717    22.3170     7.0715     5.9470 -9.990e-29
        157      0.749    14.4543    14.4442   2.818961   2.823423     2.8553     2.7643     0.0059  0.1988771      0.742    22.2716    22.3162     7.0707     5.9470 -9.990e-29
        158      0.749    14.4550    14.4445   2.819002   2.823354     2.8553     2.7643     0.0059  0.1990201      0.742    22.2716    22.3154     7.0703     5.9470 -9.990e-29
        159      0.749    14.4554    14.4447   2.819025   2.823274     2.8552     2.7643     0.0059  0.1991885      0.742    22.2716    22.3146     7.0695     5.9470 -9.990e-29
        160      0.749    14.4556    14.4446   2.819030   2.823184     2.8552     2.7643     0.0060  0.1993793      0.742    22.2715    22.3139     7.0691     5.9470 -9.990e-29
        161      0.749    14.4555    14.4443   2.819016   2.823084     2.8551     2.7643     0.0068  0.1995786      0.742    22.2714    22.3132     7.0684     5.9470 -9.990e-29
        162      0.749    14.4552    14.4439   2.818985   2.822976     2.8550     2.7643     0.0070  0.1997681      0.742    22.2713    22.3125     7.0678     5.9471 -9.990e-29
        163      0.750    14.4548    14.4434   2.818940   2.822862     2.8550     2.7644     0.0070  0.1999391      0.743    22.2712    22.3118     7.0674     5.9474 -9.990e-29
        164      0.750    14.4543    14.4428   2.818885   2.822744     2.8549     2.7644     0.0068  0.2000910      0.743    22.2710    22.3111     7.0668     5.9474 -9.990e-29
        165      0.749    14.4536    14.4422   2.818822   2.822627     2.8548     2.7644     0.0070  0.2002249      0.742    22.2708    22.3104     7.0662     5.9474 -9.990e-29
        166      0.749    14.4529    14.4416   2.818750   2.822512     2.8548     2.7644     0.0070  0.2003417      0.742    22.2706    22.3098     7.0659     5.9474 -9.990e-29
        167      0.749    14.4521    14.4411   2.818670   2.822399     2.8547     2.7644     0.0070  0.2004422      0.742    22.2704    22.3091     7.0653     5.9474 -9.990e-29
        168      0.749    14.4513    14.4407   2.818587   2.822288     2.8546     2.7644     0.0070  0.2005271      0.742    22.2701    22.3084     7.0647     5.9473 -9.990e-29
        169      0.749    14.4505    14.4403   2.818502   2.822180     2.8545     2.7644     0.0070  0.2005971      0.742    22.2698    22.3076     7.0641     5.9472 -9.990e-29
        170      0.749    14.4498    14.4401   2.818417   2.822075     2.8544     2.7644     0.0070  0.2006525      0.742    22.2695    22.3068     7.0635     5.9471 -9.990e-29
        171      0.748    14.4491    14.4399   2.818336   2.821971     2.8544     2.7644     0.0070  0.2006938      0.741    22.2692    22.3061     7.0631     5.9470 -9.990e-29
        172      0.748    14.4484    14.4398   2.818259   2.821870     2.8543     2.7644     0.0070  0.2007212      0.741    22.2689    22.3052     7.0625     5.9468 -9.990e-29
        173      0.748    14.4477    14.4397   2.818188   2.821770     2.8542     2.7644     0.0070  0.2007351      0.741    22.2687    22.3044     7.0618     5.9467 -9.990e-29
        174      0.747    14.4470    14.4397   2.818122   2.821673     2.8541     2.7644     0.0070  0.2007353      0.740    22.2685    22.3036     7.0612     5.9465 -9.990e-29
        175      0.747    14.4463    14.4397   2.818061   2.821581     2.8540     2.7644     0.0070  0.2007221      0.740    22.2684    22.3028     7.0605     5.9463 -9.990e-29
        176      0.747    14.4457    14.4398   2.818008   2.821497     2.8539     2.7644     0.0070  0.2006951      0.740    22.2683    22.3020     7.0599     5.9460 -9.990e-29
        177      0.746    14.4452    14.4399   2.817961   2.821422     2.8538     2.7644     0.0070  0.2006544      0.739    22.2681    22.3013     7.0592     5.9458 -9.990e-29
        178      0.746    14.4447    14.4402   2.817924   2.821360     2.8537     2.7644     0.0070  0.2005996      0.739    22.2681    22.3006     7.0585     5.9455 -9.990e-29
        179      0.746    14.4443    14.4405   2.817897   2.821313     2.8535     2.7644     0.0070  0.2005302      0.739    22.2681    22.3000     7.0575     5.9452 -9.990e-29
        180      0.746    14.4441    14.4409   2.817883   2.821283     2.8534     2.7644     0.0070  0.2004459      0.739    22.2681    22.2995     7.0567     5.9448 -9.990e-29
