code/data/2022/wednesday_data/Station 4.cnv
* Sea-Bird SBE 9 Data File:
* FileName = C:\Users\ctd-user\Desktop\CTD data\MAR440 Sept 2022\Station 4.hex
* Software Version Seasave V 7.26.2.13
* Temperature SN = 4493
* Conductivity SN = 1899
* Number of Bytes Per Scan = 37
* Number of Voltage Words = 4
* Number of Scans Averaged by the Deck Unit = 1
* NMEA Latitude = 58 20.01 N
* NMEA Longitude = 011 52.49 E
* NMEA UTC (Time) = Sep 07 2022 09:15:23
* NMEA baud rate = 4800
** Ship:
** Station:
** Operator:
# nquan = 12                                
# nvalues = 10023                       
# units = specified
# name 0 = scan: Scan Count
# name 1 = prDM: Pressure, Digiquartz [db]
# name 2 = t090C: Temperature [ITS-90, deg C]
# name 3 = c0S/m: Conductivity [S/m]
# name 4 = sbeox0V: Oxygen raw, SBE 43 [V]
# name 5 = flECO-AFL: Fluorescence, WET Labs ECO-AFL/FL [mg/m^3]
# name 6 = upoly0: Upoly 0, Turbidity
# name 7 = xmiss: Beam Transmission, Chelsea/Seatech [%]
# name 8 = depSM: Depth [salt water, m], lat = 58.3335
# name 9 = sal00: Salinity, Practical [PSU]
# name 10 = sbeox0ML/L: Oxygen, SBE 43 [ml/l], WS = 2
# name 11 = flag: flag
# span 0 =          1,      10023       
# span 1 =      0.709,    120.324       
# span 2 =     7.4973,    18.7169       
# span 3 =   3.137327,   3.394017       
# span 4 =     0.5073,     2.7981       
# span 5 =     0.0097,     0.0393       
# span 6 =  0.0944994,  0.1537398       
# span 7 =    52.0801,    93.9449       
# span 8 =      0.702,    119.171       
# span 9 =    23.5939,    32.0410       
# span 10 =    -0.1286,     5.6231      
# span 11 = 0.0000e+00, 0.0000e+00      
# interval = seconds: 0.0416667
# start_time = Sep 07 2022 09:15:23 [NMEA time, header]
# bad_flag = -9.990e-29
*END*
[from data line 4813]
       4814     44.939     8.5708   3.393297     0.5255     0.0157  0.0954184    93.2591     44.516    32.0164     0.0586 -9.990e-29
       4815     44.938     8.5709   3.393298     0.5255     0.0157  0.0954344    93.2644     44.515    32.0163     0.0586 -9.990e-29
       4816     44.938     8.5709   3.393300     0.5255     0.0157  0.0954518    93.2688     44.515    32.0163     0.0586 -9.990e-29
       4817     44.938     8.5709   3.393302     0.5255     0.0157  0.0954708    93.2725     44.515    32.0164     0.0586 -9.990e-29
       4818     44.938     8.5709   3.393304     0.5255     0.0157  0.0954913    93.2752     44.515    32.0164     0.0586 -9.990e-29
       4819     44.937     8.5710   3.393306     0.5255     0.0157  0.0955137    93.2769     44.514    32.0163     0.0586 -9.990e-29
       4820     44.937     8.5710   3.393308     0.5255     0.0157  0.0955380    93.2772     44.514    32.0163     0.0585 -9.990e-29
       4821     44.937     8.5710   3.393309     0.5255     0.0157  0.0955644    93.2758     44.514    32.0164     0.0585 -9.990e-29
       4822     44.937     8.5710   3.393311     0.5255     0.0157  0.0955931    93.2726     44.514    32.0164     0.0585 -9.990e-29
       4823     44.937     8.5710   3.393312     0.5255     0.0157  0.0956243    93.2675     44.514    32.0164     0.0584 -9.990e-29
       4824     44.937     8.5710   3.393313     0.5255     0.0157  0.0956573    93.2608     44.514    32.0164     0.0584 -9.990e-29
       4825     44.936     8.5711   3.393314     0.5255     0.0157  0.0956908    93.2531     44.514    32.0163     0.0584 -9.990e-29
       4826     44.936     8.5711   3.393315     0.5255     0.0157  0.0957240    93.2456     44.514    32.0163     0.0584 -9.990e-29
       4827     44.936     8.5711   3.393316     0.5255     0.0157  0.0957572    93.2393     44.514    32.0163     0.0584 -9.990e-29
       4828     44.936     8.5711   3.393317     0.5255     0.0157  0.0957907    93.2347     44.514    32.0163     0.0584 -9.990e-29
       4829     44.936     8.5711   3.393318     0.5255     0.0157  0.0958247    93.2317     44.514    32.0164     0.0585 -9.990e-29
       4830     44.936     8.5712   3.393319     0.5255     0.0157  0.0958593    93.2297     44.514    32.0163     0.0585 -9.990e-29
       4831     44.935     8.5712   3.393320     0.5255     0.0157  0.0958949    93.2280     44.513    32.0163     0.0585 -9.990e-29
       4832     44.935     8.5713   3.393322     0.5255     0.0157  0.0959317    93.2263     44.513    32.0162     0.0585 -9.990e-29
       4833     44.935     8.5713   3.393323     0.5255     0.0157  0.0959700    93.2245     44.513    32.0162     0.0586 -9.990e-29
       4834     44.935     8.5713   3.393324     0.5255     0.0157  0.0960100    93.2225     44.513    32.0162     0.0586 -9.990e-29
       4835     44.934     8.5714   3.393325     0.5255     0.0157  0.0960520    93.2206     44.512    32.0162     0.0586 -9.990e-29
       4836     44.934     8.5714   3.393326     0.5255     0.0157  0.0960962    93.2190     44.512    32.0162     0.0586 -9.990e-29
       4837     44.934     8.5715   3.393327     0.5254     0.0157  0.0961431    93.2177     44.512    32.0161     0.0584 -9.990e-29
       4838     44.934     8.5715   3.393327     0.5254     0.0157  0.0961929    93.2165     44.512    32.0161     0.0584 -9.990e-29
       4839     44.933     8.5716   3.393329     0.5254     0.0157  0.0962468    93.2152     44.511    32.0160     0.0584 -9.990e-29
       4840     44.933     8.5717   3.393330     0.5254     0.0157  0.0963060    93.2138     44.511    32.0159     0.0584 -9.990e-29
       4841     44.933     8.5718   3.393331     0.5254     0.0157  0.0963702    93.2121     44.511    32.0159     0.0585 -9.990e-29
       4842     44.933     8.5719   3.393333     0.5254     0.0158  0.0964388    93.2097     44.511    32.0158     0.0585 -9.990e-29
       4843     44.933     8.5720   3.393334     0.5254     0.0158  0.0965125    93.2064     44.511    32.0157     0.0585 -9.990e-29
       4844     44.933     8.5720   3.393335     0.5254     0.0158  0.0965916    93.2019     44.511    32.0157     0.0585 -9.990e-29
       4845     44.933     8.5721   3.393336     0.5254     0.0158  0.0966768    93.1962     44.511    32.0156     0.0586 -9.990e-29
       4846     44.932     8.5723   3.393338     0.5254     0.0158  0.0967686    93.1894     44.510    32.0155     0.0586 -9.990e-29
       4847     44.932     8.5724   3.393339     0.5254     0.0158  0.0968677    93.1814     44.510    32.0154     0.0586 -9.990e-29
       4848     44.932     8.5725   3.393341     0.5254     0.0158  0.0969731    93.1725     44.510    32.0153     0.0586 -9.990e-29
       4849     44.931     8.5727   3.393342     0.5254     0.0158  0.0970803    93.1632     44.509    32.0152     0.0587 -9.990e-29
       4850     44.931     8.5728   3.393344     0.5254     0.0158  0.0971851    93.1539     44.509    32.0151     0.0587 -9.990e-29
       4851     44.931     8.5730   3.393345     0.5255     0.0158  0.0972865    93.1448     44.509    32.0149     0.0590 -9.990e-29
       4852     44.931     8.5731   3.393347     0.5255     0.0158  0.0973852    93.1357     44.509    32.0149     0.0590 -9.990e-29
       4853     44.930     8.5733   3.393347     0.5255     0.0158  0.0974819    93.1259     44.508    32.0147     0.0591 -9.990e-29
       4854     44.930     8.5735   3.393349     0.5255     0.0158  0.0975772    93.1152     44.508    32.0145     0.0591 -9.990e-29
       4855     44.930     8.5737   3.393350     0.5255     0.0158  0.0976718    93.1030     44.508    32.0143     0.0591 -9.990e-29
       4856     44.930     8.5739   3.393352     0.5255     0.0158  0.0977664    93.0889     44.508    32.0142     0.0592 -9.990e-29
       4857     44.930     8.5741   3.393352     0.5255     0.0158  0.0978616    93.0724     44.508    32.0140     0.0592 -9.990e-29
       4858     44.930     8.5742   3.393353     0.5255     0.0158  0.0979581    93.0535     44.508    32.0139     0.0593 -9.990e-29
       4859     44.930     8.5743   3.393353     0.5255     0.0158  0.0980565    93.0321     44.508    32.0138     0.0594 -9.990e-29
       4860     44.929     8.5743   3.393353     0.5255     0.0158  0.0981576    93.0089     44.507    32.0138     0.0594 -9.990e-29
       4861     44.929     8.5742   3.393353     0.5255     0.0158  0.0982621    92.9843     44.507    32.0139     0.0595 -9.990e-29
       4862     44.929     8.5740   3.393352     0.5255     0.0158  0.0983706    92.9592     44.507    32.0141     0.0595 -9.990e-29
       4863     44.929     8.5737   3.393351     0.5255     0.0158  0.0984839    92.9341     44.507    32.0143     0.0595 -9.990e-29
       4864     44.929     8.5735   3.393351     0.5255     0.0158  0.0986029    92.9102     44.507    32.0145     0.0595 -9.990e-29
       4865     44.929     8.5732   3.393349     0.5255     0.0158  0.0987283    92.8891     44.507    32.0148     0.0595 -9.990e-29
       4866     44.929     8.5729   3.393348     0.5255     0.0158  0.0988610    92.8722     44.507    32.0150     0.0595 -9.990e-29
       4867     44.929     8.5726   3.393348     0.5255     0.0158  0.0990020    92.8595     44.507    32.0153     0.0595 -9.990e-29
       4868     44.929     8.5723   3.393347     0.5255     0.0158  0.0991522    92.8494     44.507    32.0156     0.0595 -9.990e-29
       4869     44.929     8.5721   3.393346     0.5255     0.0158  0.0993127    92.8404     44.507    32.0157     0.0595 -9.990e-29
       4870     44.929     8.5718   3.393345     0.5255     0.0158  0.0994845    92.8315     44.507    32.0160     0.0594 -9.990e-29
       4871     44.928     8.5716   3.393344     0.5255     0.0158  0.0996689    92.8218     44.506    32.0162     0.0594 -9.990e-29
       4872     44.928     8.5714   3.393343     0.5255     0.0158  0.0998672    92.8107     44.506    32.0164     0.0593 -9.990e-29
       4873     44.928     8.5712   3.393343     0.5255     0.0158  0.1000790    92.7987     44.506    32.0165     0.0592 -9.990e-29
       4874     44.928     8.5710   3.393341     0.5255     0.0158  0.1002957    92.7875     44.506    32.0167     0.0592 -9.990e-29
       4875     44.928     8.5708   3.393339     0.5255     0.0158  0.1005008    92.7797     44.506    32.0169     0.0591 -9.990e-29
       4876     44.928     8.5707   3.393338     0.5255     0.0158  0.1006840    92.7774     44.506    32.0169     0.0591 -9.990e-29
       4877     44.927     8.5706   3.393335     0.5255     0.0158  0.1008439    92.7808     44.505    32.0170     0.0591 -9.990e-29
       4878     44.928     8.5705   3.393334     0.5255     0.0158  0.1009817    92.7886     44.506    32.0171     0.0590 -9.990e-29
       4879     44.928     8.5704   3.393332     0.5255     0.0158  0.1010983    92.7989     44.506    32.0171     0.0590 -9.990e-29
       4880     44.928     8.5703   3.393329     0.5256     0.0158  0.1011945    92.8106     44.506    32.0172     0.0593 -9.990e-29
       4881     44.928     8.5703   3.393326     0.5256     0.0157  0.1012711    92.8228     44.506    32.0172     0.0592 -9.990e-29
       4882     44.927     8.5703   3.393324     0.5256     0.0157  0.1013285    92.8352     44.505    32.0171     0.0592 -9.990e-29
       4883     44.927     8.5702   3.393321     0.5256     0.0157  0.1013671    92.8480     44.505    32.0172     0.0592 -9.990e-29
       4884     44.927     8.5702   3.393318     0.5256     0.0157  0.1013872    92.8613     44.505    32.0172     0.0592 -9.990e-29
       4885     44.928     8.5702   3.393315     0.5256     0.0157  0.1013890    92.8751     44.506    32.0171     0.0591 -9.990e-29
       4886     44.927     8.5702   3.393312     0.5256     0.0157  0.1013725    92.8886     44.505    32.0171     0.0591 -9.990e-29
       4887     44.927     8.5703   3.393309     0.5256     0.0157  0.1013374    92.9014     44.505    32.0170     0.0591 -9.990e-29
       4888     44.927     8.5703   3.393305     0.5256     0.0157  0.1012837    92.9134     44.505    32.0169     0.0591 -9.990e-29
       4889     44.927     8.5704   3.393303     0.5256     0.0157  0.1012109    92.9253     44.505    32.0168     0.0590 -9.990e-29
       4890     44.927     8.5704   3.393299     0.5256     0.0157  0.1011186    92.9374     44.505    32.0168     0.0590 -9.990e-29
       4891     44.927     8.5705   3.393296     0.5256     0.0157  0.1010060    92.9498     44.505    32.0167     0.0590 -9.990e-29
       4892     44.927     8.5706   3.393293     0.5256     0.0157  0.1008724    92.9622     44.505    32.0166     0.0589 -9.990e-29
       4893     44.927     8.5707   3.393289     0.5256     0.0157  0.1007168    92.9741     44.505    32.0164     0.0588 -9.990e-29
       4894     44.927     8.5708   3.393286     0.5255     0.0157  0.1005383    92.9852     44.505    32.0163     0.0585 -9.990e-29
       4895     44.928     8.5709   3.393283     0.5255     0.0157  0.1003355    92.9951     44.506    32.0162     0.0584 -9.990e-29
       4896     44.928     8.5711   3.393280     0.5255     0.0157  0.1001070    93.0036     44.506    32.0160     0.0584 -9.990e-29
       4897     44.928     8.5712   3.393277     0.5255     0.0157  0.0998512    93.0104     44.506    32.0158     0.0583 -9.990e-29
       4898     44.928     8.5713   3.393274     0.5255     0.0157  0.0995665    93.0153     44.506    32.0157     0.0582 -9.990e-29
       4899     44.928     8.5715   3.393272     0.5255     0.0157  0.0992574    93.0182     44.506    32.0155     0.0582 -9.990e-29
       4900     44.928     8.5716   3.393269     0.5255     0.0157  0.0989433    93.0192     44.506    32.0154     0.0581 -9.990e-29
       4901     44.928     8.5718   3.393267     0.5255     0.0157  0.0986456    93.0186     44.506    32.0152     0.0581 -9.990e-29
       4902     44.928     8.5719   3.393264     0.5255     0.0157  0.0983725    93.0167     44.506    32.0151     0.0580 -9.990e-29
       4903     44.928     8.5720   3.393262     0.5255     0.0157  0.0981221    93.0139     44.506    32.0150     0.0579 -9.990e-29
       4904     44.928     8.5721   3.393259     0.5255     0.0157  0.0978917    93.0102     44.506    32.0148     0.0578 -9.990e-29
       4905     44.928     8.5722   3.393256     0.5255     0.0157  0.0976799    93.0063     44.506    32.0147     0.0578 -9.990e-29
       4906     44.928     8.5723   3.393253     0.5255     0.0157  0.0974850    93.0027     44.506    32.0146     0.0578 -9.990e-29
       4907     44.928     8.5724   3.393250     0.5255     0.0157  0.0973058    93.0004     44.506    32.0145     0.0577 -9.990e-29
       4908     44.929     8.5725   3.393247     0.5255     0.0157  0.0971410    92.9995     44.507    32.0143     0.0577 -9.990e-29
       4909     44.929     8.5725   3.393244     0.5255     0.0157  0.0969895    92.9997     44.507    32.0143     0.0577 -9.990e-29
       4910     44.929     8.5726   3.393242     0.5255     0.0157  0.0968502    93.0006     44.507    32.0142     0.0577 -9.990e-29
       4911     44.929     8.5727   3.393238     0.5255     0.0157  0.0967222    93.0017     44.507    32.0141     0.0577 -9.990e-29
       4912     44.929     8.5727   3.393235     0.5255     0.0157  0.0966044    93.0025     44.507    32.0140     0.0577 -9.990e-29
       4913     44.929     8.5728   3.393231     0.5255     0.0157  0.0964963    93.0021     44.507    32.0139     0.0577 -9.990e-29
       4914     44.929     8.5728   3.393227     0.5255     0.0157  0.0963968    93.0003     44.507    32.0139     0.0577 -9.990e-29
       4915     44.929     8.5729   3.393224     0.5254     0.0157  0.0963055    92.9968     44.507    32.0137     0.0574 -9.990e-29
       4916     44.930     8.5729   3.393220     0.5254     0.0157  0.0962217    92.9914     44.508    32.0137     0.0575 -9.990e-29
       4917     44.930     8.5730   3.393216     0.5254     0.0157  0.0961447    92.9839     44.508    32.0136     0.0576 -9.990e-29
       4918     44.930     8.5730   3.393211     0.5254     0.0157  0.0960740    92.9741     44.508    32.0135     0.0576 -9.990e-29
       4919     44.930     8.5731   3.393207     0.5254     0.0157  0.0960092    92.9615     44.508    32.0134     0.0577 -9.990e-29
       4920     44.930     8.5731   3.393203     0.5254     0.0157  0.0959497    92.9460     44.508    32.0133     0.0577 -9.990e-29
       4921     44.930     8.5731   3.393198     0.5254     0.0157  0.0958953    92.9275     44.508    32.0133     0.0577 -9.990e-29
       4922     44.930     8.5732   3.393194     0.5254     0.0157  0.0958454    92.9056     44.508    32.0132     0.0578 -9.990e-29
       4923     44.930     8.5732   3.393190     0.5254     0.0157  0.0957998    92.8799     44.508    32.0131     0.0578 -9.990e-29
       4924     44.930     8.5732   3.393186     0.5254     0.0157  0.0957581    92.8504     44.508    32.0131     0.0579 -9.990e-29
       4925     44.930     8.5732   3.393182     0.5254     0.0157  0.0957201    92.8174     44.508    32.0130     0.0579 -9.990e-29
       4926     44.931     8.5732   3.393177     0.5253     0.0157  0.0956854    92.7826     44.509    32.0130     0.0577 -9.990e-29
       4927     44.931     8.5732   3.393173     0.5253     0.0157  0.0956539    92.7514     44.509    32.0129     0.0577 -9.990e-29
       4928     44.931     8.5732   3.393169     0.5253     0.0157  0.0956253    92.7313     44.509    32.0129     0.0578 -9.990e-29
       4929     44.931     8.5732   3.393165     0.5253     0.0157  0.0955994    92.7261     44.509    32.0129     0.0578 -9.990e-29
       4930     44.931     8.5732   3.393161     0.5253     0.0157  0.0955761    92.7344     44.509    32.0128     0.0579 -9.990e-29
       4931     44.931     8.5732   3.393157     0.5253     0.0157  0.0955551    92.7522     44.509    32.0128     0.0580 -9.990e-29
       4932     44.931     8.5732   3.393153     0.5253     0.0157  0.0955364    92.7753     44.509    32.0127     0.0581 -9.990e-29
