code/data/2022/wednesday_data/Station 9.cnv
* Sea-Bird SBE 9 Data File:
* FileName = C:\Users\ctd-user\Desktop\CTD data\MAR440 Sept 2022\Station 9.hex
* Software Version Seasave V 7.26.2.13
* Temperature SN = 4493
* Conductivity SN = 1899
* Number of Bytes Per Scan = 37
* Number of Voltage Words = 4
* Number of Scans Averaged by the Deck Unit = 1
* NMEA Latitude = 58 18.28 N
* NMEA Longitude = 011 45.34 E
* NMEA UTC (Time) = Sep 07 2022 11:55:31
* NMEA baud rate = 4800
** Ship: Skagerrak
** Station: 9
** Operator: Gabriella
# nquan = 12                                
# nvalues = 3018                        
# units = specified
# name 0 = scan: Scan Count
# name 1 = prDM: Pressure, Digiquartz [db]
# name 2 = t090C: Temperature [ITS-90, deg C]
# name 3 = c0S/m: Conductivity [S/m]
# name 4 = sbeox0V: Oxygen raw, SBE 43 [V]
# name 5 = flECO-AFL: Fluorescence, WET Labs ECO-AFL/FL [mg/m^3]
# name 6 = upoly0: Upoly 0, Turbidity
# name 7 = xmiss: Beam Transmission, Chelsea/Seatech [%]
# name 8 = depSM: Depth [salt water, m], lat = 58.3047
# name 9 = sal00: Salinity, Practical [PSU]
# name 10 = sbeox0ML/L: Oxygen, SBE 43 [ml/l], WS = 2
# name 11 = flag: flag
# span 0 =          1,       3018       
# span 1 =      0.816,     38.875       
# span 2 =     6.2374,    18.8841       
# span 3 =   3.122713,   3.401943       
# span 4 =     0.6297,     2.7598       
# span 5 =     0.0026,     0.0205       
# span 6 =  0.0943185,  0.1056376       
# span 7 =    86.6455,    95.2698       
# span 8 =      0.808,     38.510       
# span 9 =    23.8226,    31.3547       
# span 10 =     0.3596,     5.4779      
# span 11 = 0.0000e+00, 0.0000e+00      
# interval = seconds: 0.0416667
# start_time = Sep 07 2022 11:55:31 [NMEA time, header]
# bad_flag = -9.990e-29
*END*
[from data line 2767]
       2768     38.741     6.3523   3.134871     0.6849     0.0027  0.1017080    92.5842     38.377    31.2654     0.5663 -9.990e-29
       2769     38.743     6.3526   3.134879     0.6850     0.0027  0.1016697    92.5831     38.379    31.2652     0.5672 -9.990e-29
       2770     38.746     6.3529   3.134887     0.6851     0.0027  0.1016287    92.5814     38.382    31.2650     0.5681 0.0000e+00
       2771     38.749     6.3532   3.134894     0.6852     0.0027  0.1015863    92.5793     38.385    31.2648     0.5689 -9.990e-29
       2772     38.751     6.3536   3.134901     0.6853     0.0027  0.1015456    92.5767     38.387    31.2645     0.5698 -9.990e-29
       2773     38.754     6.3539   3.134908     0.6854     0.0027  0.1015080    92.5738     38.390    31.2643     0.5706 0.0000e+00
       2774     38.757     6.3543   3.134913     0.6855     0.0027  0.1014733    92.5705     38.393    31.2640     0.5715 0.0000e+00
       2775     38.760     6.3546   3.134919     0.6856     0.0027  0.1014412    92.5666     38.396    31.2638     0.5722 -9.990e-29
       2776     38.762     6.3549   3.134924     0.6857     0.0027  0.1014115    92.5621     38.398    31.2636     0.5730 -9.990e-29
       2777     38.765     6.3553   3.134928     0.6858     0.0027  0.1013841    92.5571     38.401    31.2632     0.5737 0.0000e+00
       2778     38.768     6.3556   3.134932     0.6860     0.0027  0.1013586    92.5522     38.404    31.2630     0.5747 0.0000e+00
       2779     38.771     6.3558   3.134935     0.6861     0.0027  0.1013350    92.5478     38.407    31.2628     0.5753 0.0000e+00
       2780     38.774     6.3560   3.134936     0.6862     0.0027  0.1013130    92.5445     38.410    31.2627     0.5759 0.0000e+00
       2781     38.777     6.3562   3.134937     0.6864     0.0027  0.1012926    92.5428     38.413    31.2625     0.5768 -9.990e-29
       2782     38.779     6.3564   3.134937     0.6865     0.0027  0.1012735    92.5429     38.415    31.2623     0.5773 -9.990e-29
       2783     38.782     6.3566   3.134936     0.6866     0.0027  0.1012557    92.5449     38.418    31.2621     0.5779 0.0000e+00
       2784     38.785     6.3567   3.134935     0.6867     0.0027  0.1012390    92.5486     38.421    31.2620     0.5783 0.0000e+00
       2785     38.788     6.3568   3.134933     0.6869     0.0027  0.1012233    92.5539     38.424    31.2619     0.5791 -9.990e-29
       2786     38.790     6.3570   3.134932     0.6870     0.0027  0.1012085    92.5604     38.426    31.2617     0.5795 -9.990e-29
       2787     38.793     6.3572   3.134929     0.6871     0.0027  0.1011944    92.5677     38.429    31.2615     0.5798 0.0000e+00
       2788     38.796     6.3573   3.134927     0.6872     0.0027  0.1011819    92.5753     38.432    31.2614     0.5801 0.0000e+00
       2789     38.799     6.3575   3.134924     0.6874     0.0027  0.1011718    92.5828     38.435    31.2612     0.5806 0.0000e+00
       2790     38.802     6.3577   3.134923     0.6875     0.0027  0.1011630    92.5898     38.438    31.2610     0.5808 -9.990e-29
       2791     38.804     6.3578   3.134920     0.6876     0.0027  0.1011546    92.5961     38.440    31.2608     0.5810 -9.990e-29
       2792     38.807     6.3579   3.134919     0.6878     0.0027  0.1011467    92.6013     38.443    31.2607     0.5814 0.0000e+00
       2793     38.810     6.3581   3.134916     0.6879     0.0027  0.1011391    92.6054     38.446    31.2605     0.5815 -9.990e-29
       2794     38.812     6.3584   3.134915     0.6880     0.0027  0.1011319    92.6081     38.448    31.2602     0.5816 -9.990e-29
       2795     38.815     6.3586   3.134914     0.6881     0.0027  0.1011249    92.6094     38.451    31.2600     0.5816 -9.990e-29
       2796     38.817     6.3589   3.134913     0.6883     0.0027  0.1011181    92.6091     38.453    31.2597     0.5819 -9.990e-29
       2797     38.820     6.3593   3.134913     0.6884     0.0027  0.1011115    92.6072     38.456    31.2594     0.5819 -9.990e-29
       2798     38.822     6.3597   3.134913     0.6885     0.0027  0.1011049    92.6042     38.458    31.2590     0.5818 -9.990e-29
       2799     38.825     6.3601   3.134913     0.6886     0.0027  0.1010985    92.6008     38.461    31.2586     0.5817 -9.990e-29
       2800     38.827     6.3604   3.134913     0.6887     0.0027  0.1010920    92.5982     38.463    31.2584     0.5815 -9.990e-29
       2801     38.829     6.3608   3.134913     0.6888     0.0027  0.1010856    92.5968     38.465    31.2580     0.5813 -9.990e-29
       2802     38.832     6.3612   3.134914     0.6889     0.0027  0.1010791    92.5965     38.468    31.2576     0.5810 -9.990e-29
       2803     38.834     6.3615   3.134915     0.6890     0.0027  0.1010724    92.5970     38.470    31.2574     0.5808 -9.990e-29
       2804     38.836     6.3619   3.134917     0.6891     0.0027  0.1010656    92.5981     38.472    31.2570     0.5805 -9.990e-29
       2805     38.838     6.3623   3.134918     0.6892     0.0027  0.1010586    92.5999     38.474    31.2567     0.5801 -9.990e-29
       2806     38.839     6.3628   3.134921     0.6893     0.0027  0.1010514    92.6022     38.474    31.2562     0.5798 -9.990e-29
       2807     38.841     6.3632   3.134923     0.6894     0.0027  0.1010438    92.6048     38.476    31.2559     0.5794 -9.990e-29
       2808     38.842     6.3637   3.134926     0.6895     0.0027  0.1010359    92.6075     38.477    31.2555     0.5790 -9.990e-29
       2809     38.844     6.3643   3.134930     0.6896     0.0027  0.1010276    92.6098     38.479    31.2550     0.5785 -9.990e-29
       2810     38.845     6.3649   3.134933     0.6897     0.0027  0.1010188    92.6115     38.480    31.2544     0.5780 -9.990e-29
       2811     38.847     6.3655   3.134936     0.6897     0.0027  0.1010095    92.6120     38.482    31.2539     0.5772 -9.990e-29
       2812     38.848     6.3661   3.134940     0.6898     0.0027  0.1009995    92.6111     38.483    31.2534     0.5767 -9.990e-29
       2813     38.850     6.3667   3.134943     0.6899     0.0027  0.1009890    92.6088     38.485    31.2529     0.5761 -9.990e-29
       2814     38.851     6.3673   3.134946     0.6899     0.0027  0.1009776    92.6051     38.486    31.2524     0.5752 -9.990e-29
       2815     38.852     6.3678   3.134948     0.6900     0.0027  0.1009655    92.6003     38.487    31.2519     0.5746 -9.990e-29
       2816     38.853     6.3682   3.134952     0.6901     0.0027  0.1009524    92.5945     38.488    31.2516     0.5739 -9.990e-29
       2817     38.855     6.3686   3.134954     0.6901     0.0027  0.1009384    92.5880     38.490    31.2513     0.5729 -9.990e-29
       2818     38.856     6.3689   3.134956     0.6902     0.0027  0.1009233    92.5811     38.491    31.2510     0.5722 -9.990e-29
       2819     38.856     6.3692   3.134959     0.6902     0.0026  0.1009069    92.5737     38.491    31.2508     0.5712 -9.990e-29
       2820     38.857     6.3695   3.134961     0.6902     0.0026  0.1008893    92.5657     38.492    31.2505     0.5701 -9.990e-29
       2821     38.858     6.3699   3.134965     0.6903     0.0026  0.1008702    92.5574     38.493    31.2502     0.5694 -9.990e-29
       2822     38.859     6.3703   3.134968     0.6903     0.0026  0.1008504    92.5487     38.494    31.2499     0.5683 -9.990e-29
       2823     38.859     6.3707   3.134971     0.6903     0.0026  0.1008315    92.5397     38.494    31.2495     0.5672 -9.990e-29
       2824     38.860     6.3711   3.134975     0.6903     0.0026  0.1008141    92.5301     38.495    31.2492     0.5660 -9.990e-29
       2825     38.861     6.3715   3.134979     0.6903     0.0026  0.1007982    92.5201     38.496    31.2489     0.5649 -9.990e-29
       2826     38.861     6.3718   3.134983     0.6903     0.0026  0.1007836    92.5097     38.496    31.2487     0.5637 -9.990e-29
       2827     38.862     6.3720   3.134986     0.6903     0.0026  0.1007702    92.4987     38.497    31.2485     0.5625 -9.990e-29
       2828     38.862     6.3722   3.134990     0.6903     0.0026  0.1007579    92.4871     38.497    31.2484     0.5613 -9.990e-29
       2829     38.862     6.3723   3.134993     0.6903     0.0026  0.1007467    92.4748     38.497    31.2483     0.5600 -9.990e-29
       2830     38.863     6.3723   3.134996     0.6902     0.0026  0.1007365    92.4617     38.498    31.2483     0.5585 -9.990e-29
       2831     38.863     6.3723   3.134998     0.6902     0.0026  0.1007272    92.4482     38.498    31.2484     0.5572 -9.990e-29
       2832     38.863     6.3722   3.135000     0.6902     0.0026  0.1007187    92.4350     38.498    31.2485     0.5560 -9.990e-29
       2833     38.863     6.3722   3.135001     0.6901     0.0026  0.1007110    92.4224     38.498    31.2485     0.5545 -9.990e-29
       2834     38.864     6.3721   3.135003     0.6901     0.0026  0.1007041    92.4108     38.499    31.2486     0.5532 -9.990e-29
       2835     38.864     6.3720   3.135003     0.6900     0.0026  0.1006978    92.4002     38.499    31.2487     0.5517 -9.990e-29
       2836     38.864     6.3719   3.135003     0.6900     0.0026  0.1006921    92.3909     38.499    31.2488     0.5504 -9.990e-29
       2837     38.864     6.3717   3.135002     0.6899     0.0027  0.1006871    92.3828     38.499    31.2490     0.5489 -9.990e-29
       2838     38.864     6.3714   3.135001     0.6898     0.0027  0.1006825    92.3764     38.499    31.2492     0.5473 -9.990e-29
       2839     38.864     6.3711   3.134999     0.6897     0.0026  0.1006786    92.3716     38.499    31.2495     0.5458 -9.990e-29
       2840     38.864     6.3707   3.134997     0.6896     0.0026  0.1006751    92.3684     38.499    31.2498     0.5442 -9.990e-29
       2841     38.863     6.3702   3.134995     0.6895     0.0026  0.1006721    92.3662     38.498    31.2503     0.5427 -9.990e-29
       2842     38.863     6.3696   3.134991     0.6894     0.0026  0.1006695    92.3645     38.498    31.2508     0.5412 -9.990e-29
       2843     38.863     6.3688   3.134987     0.6893     0.0026  0.1006674    92.3630     38.498    31.2515     0.5397 -9.990e-29
       2844     38.863     6.3678   3.134982     0.6892     0.0026  0.1006657    92.3617     38.498    31.2523     0.5382 -9.990e-29
       2845     38.863     6.3666   3.134976     0.6891     0.0026  0.1006644    92.3608     38.498    31.2533     0.5367 -9.990e-29
       2846     38.863     6.3654   3.134970     0.6889     0.0026  0.1006635    92.3604     38.498    31.2544     0.5349 -9.990e-29
       2847     38.863     6.3640   3.134964     0.6888     0.0026  0.1006630    92.3609     38.498    31.2556     0.5335 -9.990e-29
       2848     38.863     6.3627   3.134958     0.6886     0.0026  0.1006629    92.3622     38.498    31.2567     0.5317 -9.990e-29
       2849     38.863     6.3615   3.134952     0.6885     0.0026  0.1006632    92.3639     38.498    31.2578     0.5303 -9.990e-29
       2850     38.863     6.3604   3.134947     0.6883     0.0026  0.1006639    92.3656     38.498    31.2587     0.5286 -9.990e-29
       2851     38.863     6.3594   3.134941     0.6882     0.0026  0.1006650    92.3671     38.498    31.2596     0.5272 -9.990e-29
       2852     38.863     6.3586   3.134937     0.6880     0.0026  0.1006665    92.3686     38.498    31.2603     0.5255 -9.990e-29
       2853     38.863     6.3579   3.134934     0.6878     0.0026  0.1006684    92.3700     38.498    31.2609     0.5239 -9.990e-29
       2854     38.863     6.3573   3.134931     0.6876     0.0026  0.1006707    92.3713     38.498    31.2614     0.5223 -9.990e-29
       2855     38.863     6.3568   3.134927     0.6875     0.0026  0.1006735    92.3722     38.498    31.2618     0.5210 -9.990e-29
       2856     38.863     6.3562   3.134924     0.6873     0.0026  0.1006767    92.3728     38.498    31.2623     0.5194 -9.990e-29
       2857     38.863     6.3557   3.134920     0.6871     0.0026  0.1006804    92.3736     38.498    31.2627     0.5179 -9.990e-29
       2858     38.863     6.3552   3.134917     0.6869     0.0026  0.1006847    92.3749     38.498    31.2632     0.5164 -9.990e-29
       2859     38.863     6.3547   3.134913     0.6867     0.0026  0.1006894    92.3762     38.498    31.2636     0.5149 -9.990e-29
       2860     38.863     6.3542   3.134909     0.6865     0.0026  0.1006948    92.3772     38.498    31.2640     0.5135 -9.990e-29
       2861     38.863     6.3537   3.134906     0.6863     0.0026  0.1007008    92.3774     38.498    31.2644     0.5121 -9.990e-29
       2862     38.863     6.3531   3.134901     0.6861     0.0026  0.1007074    92.3773     38.498    31.2649     0.5108 -9.990e-29
       2863     38.863     6.3525   3.134897     0.6859     0.0026  0.1007147    92.3775     38.498    31.2654     0.5095 -9.990e-29
       2864     38.863     6.3518   3.134893     0.6856     0.0026  0.1007228    92.3785     38.498    31.2660     0.5079 -9.990e-29
       2865     38.863     6.3512   3.134889     0.6854     0.0026  0.1007316    92.3802     38.498    31.2665     0.5067 -9.990e-29
       2866     38.863     6.3505   3.134883     0.6852     0.0026  0.1007414    92.3818     38.498    31.2671     0.5055 -9.990e-29
       2867     38.863     6.3499   3.134879     0.6849     0.0026  0.1007520    92.3830     38.498    31.2676     0.5040 -9.990e-29
       2868     38.863     6.3492   3.134875     0.6847     0.0026  0.1007637    92.3834     38.498    31.2682     0.5029 -9.990e-29
       2869     38.863     6.3485   3.134869     0.6845     0.0026  0.1007765    92.3827     38.498    31.2688     0.5019 -9.990e-29
       2870     38.863     6.3478   3.134865     0.6842     0.0026  0.1007905    92.3809     38.498    31.2694     0.5006 -9.990e-29
       2871     38.863     6.3471   3.134860     0.6840     0.0026  0.1008057    92.3781     38.498    31.2700     0.4996 -9.990e-29
       2872     38.863     6.3464   3.134855     0.6837     0.0026  0.1008223    92.3743     38.498    31.2705     0.4984 -9.990e-29
       2873     38.863     6.3458   3.134850     0.6835     0.0026  0.1008405    92.3695     38.498    31.2710     0.4975 -9.990e-29
       2874     38.864     6.3451   3.134845     0.6832     0.0026  0.1008594    92.3639     38.499    31.2716     0.4964 -9.990e-29
       2875     38.864     6.3445   3.134840     0.6830     0.0026  0.1008775    92.3575     38.499    31.2721     0.4956 -9.990e-29
       2876     38.864     6.3438   3.134835     0.6827     0.0026  0.1008941    92.3502     38.499    31.2727     0.4946 -9.990e-29
       2877     38.864     6.3430   3.134829     0.6825     0.0026  0.1009093    92.3421     38.499    31.2734     0.4939 -9.990e-29
       2878     38.864     6.3422   3.134822     0.6822     0.0026  0.1009232    92.3331     38.499    31.2740     0.4930 -9.990e-29
       2879     38.864     6.3412   3.134815     0.6820     0.0026  0.1009359    92.3230     38.499    31.2749     0.4923 -9.990e-29
       2880     38.864     6.3402   3.134808     0.6817     0.0026  0.1009475    92.3121     38.499    31.2757     0.4915 -9.990e-29
       2881     38.864     6.3391   3.134800     0.6815     0.0026  0.1009580    92.3009     38.499    31.2766     0.4910 -9.990e-29
       2882     38.864     6.3381   3.134792     0.6812     0.0026  0.1009676    92.2906     38.499    31.2775     0.4903 -9.990e-29
       2883     38.864     6.3371   3.134784     0.6810     0.0026  0.1009764    92.2814     38.499    31.2783     0.4898 -9.990e-29
       2884     38.864     6.3362   3.134777     0.6807     0.0027  0.1009843    92.2731     38.499    31.2790     0.4892 -9.990e-29
       2885     38.864     6.3353   3.134769     0.6805     0.0027  0.1009914    92.2655     38.499    31.2798     0.4888 -9.990e-29
       2886     38.864     6.3345   3.134762     0.6803     0.0027  0.1009978    92.2584     38.499    31.2804     0.4886 -9.990e-29
       2887     38.864     6.3337   3.134753     0.6800     0.0027  0.1010035    92.2513     38.499    31.2811     0.4881 -9.990e-29
