code/data/2022/wednesday_data/Station 4.cnv
* Sea-Bird SBE 9 Data File:
* FileName = C:\Users\ctd-user\Desktop\CTD data\MAR440 Sept 2022\Station 4.hex
* Software Version Seasave V 7.26.2.13
* Temperature SN = 4493
* Conductivity SN = 1899
* Number of Bytes Per Scan = 37
* Number of Voltage Words = 4
* Number of Scans Averaged by the Deck Unit = 1
* NMEA Latitude = 58 20.01 N
* NMEA Longitude = 011 52.49 E
* NMEA UTC (Time) = Sep 07 2022 09:15:23
* NMEA baud rate = 4800
** Ship:
** Station:
** Operator:
# nquan = 12                                
# nvalues = 10023                       
# units = specified
# name 0 = scan: Scan Count
# name 1 = prDM: Pressure, Digiquartz [db]
# name 2 = t090C: Temperature [ITS-90, deg C]
# name 3 = c0S/m: Conductivity [S/m]
# name 4 = sbeox0V: Oxygen raw, SBE 43 [V]
# name 5 = flECO-AFL: Fluorescence, WET Labs ECO-AFL/FL [mg/m^3]
# name 6 = upoly0: Upoly 0, Turbidity
# name 7 = xmiss: Beam Transmission, Chelsea/Seatech [%]
# name 8 = depSM: Depth [salt water, m], lat = 58.3335
# name 9 = sal00: Salinity, Practical [PSU]
# name 10 = sbeox0ML/L: Oxygen, SBE 43 [ml/l], WS = 2
# name 11 = flag: flag
# span 0 =          1,      10023       
# span 1 =      0.709,    120.324       
# span 2 =     7.4973,    18.7169       
# span 3 =   3.137327,   3.394017       
# span 4 =     0.5073,     2.7981       
# span 5 =     0.0097,     0.0393       
# span 6 =  0.0944994,  0.1537398       
# span 7 =    52.0801,    93.9449       
# span 8 =      0.702,    119.171       
# span 9 =    23.5939,    32.0410       
# span 10 =    -0.1286,     5.6231      
# span 11 = 0.0000e+00, 0.0000e+00      
# interval = seconds: 0.0416667
# start_time = Sep 07 2022 09:15:23 [NMEA time, header]
# bad_flag = -9.990e-29
*END*
[from data line 4211]
       4212     44.924     8.5705   3.393189     0.5275     0.0157  0.1000519    92.4754     44.502    32.0156     0.0648 -9.990e-29
       4213     44.923     8.5706   3.393188     0.5275     0.0157  0.1001735    92.4773     44.501    32.0155     0.0648 -9.990e-29
       4214     44.923     8.5707   3.393188     0.5275     0.0157  0.1002784    92.4818     44.501    32.0154     0.0648 -9.990e-29
       4215     44.923     8.5708   3.393188     0.5275     0.0157  0.1003675    92.4892     44.501    32.0153     0.0647 -9.990e-29
       4216     44.923     8.5710   3.393188     0.5275     0.0157  0.1004413    92.4989     44.501    32.0151     0.0647 -9.990e-29
       4217     44.923     8.5711   3.393189     0.5275     0.0157  0.1005004    92.5098     44.501    32.0150     0.0646 -9.990e-29
       4218     44.923     8.5712   3.393188     0.5275     0.0157  0.1005452    92.5212     44.501    32.0149     0.0645 -9.990e-29
       4219     44.923     8.5713   3.393188     0.5275     0.0157  0.1005759    92.5326     44.501    32.0148     0.0644 -9.990e-29
       4220     44.923     8.5714   3.393188     0.5275     0.0157  0.1005929    92.5437     44.501    32.0147     0.0644 -9.990e-29
       4221     44.923     8.5715   3.393187     0.5275     0.0157  0.1005961    92.5544     44.501    32.0146     0.0644 -9.990e-29
       4222     44.923     8.5715   3.393187     0.5275     0.0157  0.1005857    92.5643     44.501    32.0146     0.0643 -9.990e-29
       4223     44.923     8.5716   3.393186     0.5275     0.0157  0.1005615    92.5729     44.501    32.0145     0.0643 -9.990e-29
       4224     44.923     8.5716   3.393186     0.5275     0.0157  0.1005235    92.5801     44.501    32.0145     0.0643 -9.990e-29
       4225     44.923     8.5717   3.393185     0.5275     0.0157  0.1004713    92.5861     44.501    32.0144     0.0642 -9.990e-29
       4226     44.923     8.5717   3.393184     0.5275     0.0157  0.1004045    92.5915     44.501    32.0144     0.0642 -9.990e-29
       4227     44.924     8.5718   3.393185     0.5275     0.0157  0.1003227    92.5968     44.502    32.0143     0.0642 -9.990e-29
       4228     44.924     8.5718   3.393183     0.5275     0.0157  0.1002254    92.6020     44.502    32.0143     0.0642 -9.990e-29
       4229     44.923     8.5718   3.393182     0.5275     0.0157  0.1001118    92.6069     44.501    32.0143     0.0642 -9.990e-29
       4230     44.923     8.5719   3.393183     0.5275     0.0157  0.0999812    92.6112     44.501    32.0142     0.0641 -9.990e-29
       4231     44.923     8.5719   3.393183     0.5275     0.0157  0.0998327    92.6149     44.501    32.0142     0.0641 -9.990e-29
       4232     44.923     8.5719   3.393182     0.5275     0.0157  0.0996652    92.6180     44.501    32.0142     0.0641 -9.990e-29
       4233     44.923     8.5719   3.393182     0.5275     0.0157  0.0994775    92.6206     44.501    32.0142     0.0640 -9.990e-29
       4234     44.924     8.5719   3.393181     0.5275     0.0157  0.0992684    92.6226     44.502    32.0142     0.0640 -9.990e-29
       4235     44.924     8.5719   3.393181     0.5275     0.0157  0.0990372    92.6241     44.502    32.0142     0.0639 -9.990e-29
       4236     44.924     8.5718   3.393181     0.5275     0.0157  0.0987909    92.6258     44.502    32.0143     0.0639 -9.990e-29
       4237     44.924     8.5718   3.393181     0.5275     0.0157  0.0985464    92.6285     44.502    32.0143     0.0639 -9.990e-29
       4238     44.924     8.5718   3.393181     0.5275     0.0157  0.0983181    92.6329     44.502    32.0143     0.0638 -9.990e-29
       4239     44.924     8.5718   3.393181     0.5275     0.0157  0.0981096    92.6393     44.502    32.0143     0.0638 -9.990e-29
       4240     44.924     8.5717   3.393180     0.5274     0.0157  0.0979185    92.6475     44.502    32.0144     0.0635 -9.990e-29
       4241     44.924     8.5717   3.393180     0.5274     0.0157  0.0977427    92.6567     44.502    32.0144     0.0634 -9.990e-29
       4242     44.924     8.5717   3.393180     0.5274     0.0157  0.0975810    92.6662     44.502    32.0144     0.0634 -9.990e-29
       4243     44.924     8.5716   3.393180     0.5274     0.0157  0.0974322    92.6754     44.502    32.0145     0.0634 -9.990e-29
       4244     44.925     8.5716   3.393180     0.5274     0.0157  0.0972953    92.6842     44.503    32.0145     0.0634 -9.990e-29
       4245     44.925     8.5715   3.393179     0.5274     0.0157  0.0971693    92.6925     44.503    32.0145     0.0634 -9.990e-29
       4246     44.925     8.5715   3.393179     0.5274     0.0157  0.0970533    92.7003     44.503    32.0145     0.0634 -9.990e-29
       4247     44.925     8.5714   3.393179     0.5274     0.0157  0.0969467    92.7075     44.503    32.0146     0.0634 -9.990e-29
       4248     44.925     8.5713   3.393177     0.5274     0.0157  0.0968485    92.7140     44.503    32.0147     0.0634 -9.990e-29
       4249     44.925     8.5712   3.393177     0.5274     0.0157  0.0967582    92.7195     44.503    32.0148     0.0634 -9.990e-29
       4250     44.925     8.5711   3.393176     0.5274     0.0157  0.0966751    92.7238     44.503    32.0149     0.0634 -9.990e-29
       4251     44.925     8.5711   3.393176     0.5274     0.0157  0.0965986    92.7273     44.503    32.0149     0.0634 -9.990e-29
       4252     44.926     8.5710   3.393176     0.5274     0.0157  0.0965282    92.7302     44.504    32.0150     0.0634 -9.990e-29
       4253     44.926     8.5709   3.393175     0.5274     0.0157  0.0964634    92.7328     44.504    32.0150     0.0634 -9.990e-29
       4254     44.926     8.5708   3.393174     0.5274     0.0157  0.0964037    92.7354     44.504    32.0151     0.0634 -9.990e-29
       4255     44.926     8.5707   3.393174     0.5274     0.0157  0.0963488    92.7381     44.504    32.0152     0.0634 -9.990e-29
       4256     44.926     8.5706   3.393172     0.5274     0.0158  0.0962983    92.7417     44.504    32.0153     0.0634 -9.990e-29
       4257     44.926     8.5706   3.393172     0.5273     0.0158  0.0962517    92.7471     44.504    32.0153     0.0631 -9.990e-29
       4258     44.926     8.5705   3.393172     0.5273     0.0158  0.0962088    92.7548     44.504    32.0154     0.0631 -9.990e-29
       4259     44.926     8.5705   3.393171     0.5273     0.0158  0.0961694    92.7648     44.504    32.0154     0.0631 -9.990e-29
       4260     44.927     8.5705   3.393171     0.5273     0.0158  0.0961330    92.7764     44.505    32.0154     0.0631 -9.990e-29
       4261     44.927     8.5705   3.393171     0.5273     0.0158  0.0960994    92.7890     44.505    32.0154     0.0631 -9.990e-29
       4262     44.927     8.5705   3.393170     0.5273     0.0159  0.0960685    92.8022     44.505    32.0154     0.0631 -9.990e-29
       4263     44.927     8.5705   3.393170     0.5273     0.0159  0.0960400    92.8157     44.505    32.0154     0.0632 -9.990e-29
       4264     44.927     8.5705   3.393170     0.5273     0.0159  0.0960137    92.8291     44.505    32.0154     0.0631 -9.990e-29
       4265     44.927     8.5705   3.393170     0.5273     0.0159  0.0959895    92.8422     44.505    32.0154     0.0631 -9.990e-29
       4266     44.927     8.5705   3.393170     0.5273     0.0159  0.0959670    92.8547     44.505    32.0154     0.0630 -9.990e-29
       4267     44.927     8.5704   3.393168     0.5273     0.0159  0.0959463    92.8664     44.505    32.0154     0.0630 -9.990e-29
       4268     44.927     8.5704   3.393168     0.5273     0.0159  0.0959272    92.8773     44.505    32.0154     0.0630 -9.990e-29
       4269     44.928     8.5704   3.393168     0.5273     0.0159  0.0959094    92.8876     44.506    32.0154     0.0629 -9.990e-29
       4270     44.928     8.5703   3.393168     0.5273     0.0160  0.0958930    92.8974     44.506    32.0155     0.0629 -9.990e-29
       4271     44.928     8.5703   3.393168     0.5273     0.0160  0.0958777    92.9071     44.506    32.0155     0.0629 -9.990e-29
       4272     44.928     8.5703   3.393168     0.5273     0.0160  0.0958635    92.9166     44.506    32.0155     0.0629 -9.990e-29
       4273     44.929     8.5702   3.393166     0.5273     0.0160  0.0958503    92.9257     44.507    32.0156     0.0629 -9.990e-29
       4274     44.929     8.5702   3.393166     0.5273     0.0160  0.0958380    92.9340     44.507    32.0156     0.0629 -9.990e-29
       4275     44.929     8.5701   3.393166     0.5273     0.0160  0.0958265    92.9416     44.507    32.0157     0.0629 -9.990e-29
       4276     44.929     8.5700   3.393165     0.5273     0.0160  0.0958157    92.9484     44.507    32.0158     0.0629 -9.990e-29
       4277     44.929     8.5700   3.393165     0.5273     0.0160  0.0958055    92.9546     44.507    32.0158     0.0629 -9.990e-29
       4278     44.929     8.5699   3.393165     0.5273     0.0160  0.0957959    92.9603     44.507    32.0158     0.0629 -9.990e-29
       4279     44.929     8.5699   3.393165     0.5272     0.0160  0.0957869    92.9654     44.507    32.0158     0.0626 -9.990e-29
       4280     44.930     8.5698   3.393165     0.5272     0.0160  0.0957783    92.9700     44.508    32.0159     0.0627 -9.990e-29
       4281     44.930     8.5697   3.393164     0.5272     0.0160  0.0957700    92.9738     44.508    32.0160     0.0627 -9.990e-29
       4282     44.930     8.5696   3.393164     0.5272     0.0160  0.0957621    92.9771     44.508    32.0161     0.0627 -9.990e-29
       4283     44.930     8.5696   3.393164     0.5272     0.0160  0.0957545    92.9798     44.508    32.0161     0.0627 -9.990e-29
       4284     44.929     8.5696   3.393164     0.5272     0.0160  0.0957471    92.9821     44.507    32.0161     0.0627 -9.990e-29
       4285     44.929     8.5696   3.393164     0.5272     0.0160  0.0957398    92.9839     44.507    32.0161     0.0627 -9.990e-29
       4286     44.929     8.5696   3.393164     0.5272     0.0160  0.0957327    92.9850     44.507    32.0161     0.0627 -9.990e-29
       4287     44.929     8.5696   3.393164     0.5272     0.0160  0.0957257    92.9853     44.507    32.0161     0.0627 -9.990e-29
       4288     44.929     8.5697   3.393164     0.5271     0.0159  0.0957186    92.9846     44.507    32.0160     0.0624 -9.990e-29
       4289     44.930     8.5697   3.393164     0.5271     0.0159  0.0957115    92.9828     44.508    32.0160     0.0625 -9.990e-29
       4290     44.930     8.5698   3.393164     0.5271     0.0159  0.0957044    92.9799     44.508    32.0159     0.0625 -9.990e-29
       4291     44.930     8.5698   3.393163     0.5271     0.0159  0.0956971    92.9758     44.508    32.0159     0.0625 -9.990e-29
       4292     44.930     8.5698   3.393163     0.5271     0.0159  0.0956897    92.9703     44.508    32.0159     0.0625 -9.990e-29
       4293     44.930     8.5699   3.393164     0.5271     0.0159  0.0956828    92.9631     44.508    32.0158     0.0626 -9.990e-29
       4294     44.930     8.5699   3.393164     0.5271     0.0159  0.0956774    92.9543     44.508    32.0158     0.0626 -9.990e-29
       4295     44.930     8.5700   3.393163     0.5271     0.0159  0.0956726    92.9439     44.508    32.0157     0.0627 -9.990e-29
       4296     44.930     8.5700   3.393163     0.5271     0.0159  0.0956673    92.9320     44.508    32.0157     0.0627 -9.990e-29
       4297     44.931     8.5700   3.393162     0.5271     0.0159  0.0956617    92.9183     44.509    32.0157     0.0628 -9.990e-29
       4298     44.931     8.5700   3.393161     0.5271     0.0159  0.0956557    92.9026     44.509    32.0157     0.0628 -9.990e-29
       4299     44.931     8.5700   3.393161     0.5271     0.0159  0.0956492    92.8848     44.509    32.0157     0.0628 -9.990e-29
       4300     44.931     8.5699   3.393160     0.5271     0.0159  0.0956421    92.8647     44.509    32.0158     0.0628 -9.990e-29
       4301     44.931     8.5699   3.393159     0.5271     0.0158  0.0956346    92.8426     44.509    32.0158     0.0629 -9.990e-29
       4302     44.931     8.5699   3.393158     0.5271     0.0158  0.0956264    92.8191     44.509    32.0158     0.0629 -9.990e-29
       4303     44.931     8.5698   3.393156     0.5271     0.0158  0.0956175    92.7951     44.509    32.0158     0.0629 -9.990e-29
       4304     44.931     8.5698   3.393155     0.5271     0.0158  0.0956079    92.7718     44.509    32.0158     0.0629 -9.990e-29
       4305     44.931     8.5697   3.393154     0.5271     0.0158  0.0955975    92.7521     44.509    32.0159     0.0629 -9.990e-29
       4306     44.931     8.5696   3.393152     0.5271     0.0158  0.0955863    92.7395     44.509    32.0160     0.0629 -9.990e-29
       4307     44.931     8.5695   3.393151     0.5271     0.0158  0.0955740    92.7355     44.509    32.0161     0.0629 -9.990e-29
       4308     44.931     8.5694   3.393150     0.5271     0.0158  0.0955608    92.7385     44.509    32.0161     0.0629 -9.990e-29
       4309     44.931     8.5693   3.393148     0.5271     0.0158  0.0955464    92.7460     44.509    32.0162     0.0629 -9.990e-29
       4310     44.931     8.5692   3.393147     0.5271     0.0158  0.0955308    92.7559     44.509    32.0163     0.0630 -9.990e-29
       4311     44.931     8.5692   3.393146     0.5271     0.0158  0.0955139    92.7668     44.509    32.0163     0.0630 -9.990e-29
       4312     44.931     8.5691   3.393145     0.5271     0.0158  0.0954955    92.7781     44.509    32.0164     0.0630 -9.990e-29
       4313     44.931     8.5690   3.393144     0.5271     0.0157  0.0954763    92.7891     44.509    32.0164     0.0630 -9.990e-29
       4314     44.931     8.5688   3.393142     0.5271     0.0157  0.0954580    92.7994     44.509    32.0166     0.0630 -9.990e-29
       4315     44.931     8.5687   3.393141     0.5271     0.0157  0.0954413    92.8090     44.509    32.0167     0.0630 -9.990e-29
       4316     44.931     8.5686   3.393141     0.5271     0.0157  0.0954260    92.8178     44.509    32.0168     0.0629 -9.990e-29
       4317     44.931     8.5685   3.393139     0.5271     0.0157  0.0954120    92.8254     44.509    32.0168     0.0629 -9.990e-29
       4318     44.931     8.5683   3.393138     0.5271     0.0157  0.0953993    92.8318     44.509    32.0170     0.0629 -9.990e-29
       4319     44.931     8.5682   3.393137     0.5271     0.0157  0.0953877    92.8367     44.509    32.0171     0.0629 -9.990e-29
       4320     44.931     8.5681   3.393136     0.5271     0.0157  0.0953772    92.8401     44.509    32.0172     0.0629 -9.990e-29
       4321     44.931     8.5680   3.393135     0.5271     0.0157  0.0953677    92.8417     44.509    32.0173     0.0629 -9.990e-29
       4322     44.931     8.5679   3.393134     0.5271     0.0157  0.0953591    92.8416     44.509    32.0173     0.0629 -9.990e-29
       4323     44.931     8.5678   3.393133     0.5270     0.0157  0.0953513    92.8398     44.509    32.0174     0.0626 -9.990e-29
       4324     44.931     8.5678   3.393133     0.5270     0.0157  0.0953444    92.8366     44.509    32.0174     0.0626 -9.990e-29
       4325     44.931     8.5677   3.393131     0.5270     0.0157  0.0953383    92.8324     44.509    32.0175     0.0626 -9.990e-29
       4326     44.931     8.5677   3.393130     0.5270     0.0157  0.0953329    92.8279     44.509    32.0175     0.0626 -9.990e-29
       4327     44.931     8.5676   3.393129     0.5270     0.0157  0.0953281    92.8235     44.509    32.0176     0.0627 -9.990e-29
       4328     44.930     8.5676   3.393128     0.5270     0.0157  0.0953240    92.8187     44.508    32.0175     0.0627 -9.990e-29
       4329     44.930     8.5676   3.393128     0.5270     0.0157  0.0953206    92.8129     44.508    32.0175     0.0628 -9.990e-29
       4330     44.930     8.5675   3.393127     0.5270     0.0157  0.0953177    92.8056     44.508    32.0176     0.0628 -9.990e-29
