code/data/2022/wednesday_data/Station 9.cnv
* Sea-Bird SBE 9 Data File:
* FileName = C:\Users\ctd-user\Desktop\CTD data\MAR440 Sept 2022\Station 9.hex
* Software Version Seasave V 7.26.2.13
* Temperature SN = 4493
* Conductivity SN = 1899
* Number of Bytes Per Scan = 37
* Number of Voltage Words = 4
* Number of Scans Averaged by the Deck Unit = 1
* NMEA Latitude = 58 18.28 N
* NMEA Longitude = 011 45.34 E
* NMEA UTC (Time) = Sep 07 2022 11:55:31
* NMEA baud rate = 4800
** Ship: Skagerrak
** Station: 9
** Operator: Gabriella
# nquan = 12                                
# nvalues = 3018                        
# units = specified
# name 0 = scan: Scan Count
# name 1 = prDM: Pressure, Digiquartz [db]
# name 2 = t090C: Temperature [ITS-90, deg C]
# name 3 = c0S/m: Conductivity [S/m]
# name 4 = sbeox0V: Oxygen raw, SBE 43 [V]
# name 5 = flECO-AFL: Fluorescence, WET Labs ECO-AFL/FL [mg/m^3]
# name 6 = upoly0: Upoly 0, Turbidity
# name 7 = xmiss: Beam Transmission, Chelsea/Seatech [%]
# name 8 = depSM: Depth [salt water, m], lat = 58.3047
# name 9 = sal00: Salinity, Practical [PSU]
# name 10 = sbeox0ML/L: Oxygen, SBE 43 [ml/l], WS = 2
# name 11 = flag: flag
# span 0 =          1,       3018       
# span 1 =      0.816,     38.875       
# span 2 =     6.2374,    18.8841       
# span 3 =   3.122713,   3.401943       
# span 4 =     0.6297,     2.7598       
# span 5 =     0.0026,     0.0205       
# span 6 =  0.0943185,  0.1056376       
# span 7 =    86.6455,    95.2698       
# span 8 =      0.808,     38.510       
# span 9 =    23.8226,    31.3547       
# span 10 =     0.3596,     5.4779      
# span 11 = 0.0000e+00, 0.0000e+00      
# interval = seconds: 0.0416667
# start_time = Sep 07 2022 11:55:31 [NMEA time, header]
# bad_flag = -9.990e-29
*END*
[from data line 602]
        603      3.011    18.8173   3.309434     2.7467     0.0152  0.0961595    91.1295      2.983    23.8474     5.4544 -9.990e-29
        604      3.033    18.8174   3.309425     2.7469     0.0152  0.0961593    91.1291      3.005    23.8472     5.4548 -9.990e-29
        605      3.055    18.8175   3.309417     2.7471     0.0152  0.0961588    91.1281      3.027    23.8471     5.4553 -9.990e-29
        606      3.077    18.8176   3.309408     2.7472     0.0152  0.0961579    91.1266      3.048    23.8470     5.4554 -9.990e-29
        607      3.100    18.8178   3.309402     2.7474     0.0153  0.0961566    91.1247      3.071    23.8468     5.4558 -9.990e-29
        608      3.122    18.8179   3.309394     2.7475     0.0153  0.0961549    91.1229      3.093    23.8467     5.4558 -9.990e-29
        609      3.144    18.8180   3.309388     2.7476     0.0153  0.0961529    91.1208      3.115    23.8466     5.4559 -9.990e-29
        610      3.166    18.8181   3.309383     2.7478     0.0153  0.0961504    91.1185      3.137    23.8465     5.4561 -9.990e-29
        611      3.188    18.8182   3.309378     2.7479     0.0153  0.0961475    91.1158      3.158    23.8464     5.4561 -9.990e-29
        612      3.211    18.8183   3.309373     2.7480     0.0153  0.0961442    91.1127      3.181    23.8463     5.4561 -9.990e-29
        613      3.233    18.8184   3.309370     2.7481     0.0153  0.0961404    91.1091      3.203    23.8462     5.4560 -9.990e-29
        614      3.255    18.8184   3.309365     2.7483     0.0152  0.0961361    91.1050      3.225    23.8461     5.4561 -9.990e-29
        615      3.277    18.8185   3.309362     2.7484     0.0152  0.0961313    91.1004      3.247    23.8460     5.4560 -9.990e-29
        616      3.299    18.8185   3.309358     2.7485     0.0152  0.0961259    91.0959      3.268    23.8460     5.4558 -9.990e-29
        617      3.321    18.8186   3.309355     2.7486     0.0152  0.0961200    91.0915      3.290    23.8459     5.4556 -9.990e-29
        618      3.344    18.8187   3.309352     2.7486     0.0152  0.0961134    91.0870      3.313    23.8458     5.4551 -9.990e-29
        619      3.366    18.8189   3.309349     2.7487     0.0152  0.0961061    91.0825      3.335    23.8457     5.4548 -9.990e-29
        620      3.388    18.8190   3.309347     2.7488     0.0152  0.0960981    91.0780      3.356    23.8456     5.4545 -9.990e-29
        621      3.410    18.8193   3.309347     2.7489     0.0152  0.0960893    91.0735      3.378    23.8454     5.4542 -9.990e-29
        622      3.432    18.8195   3.309345     2.7489     0.0152  0.0960797    91.0692      3.400    23.8453     5.4537 -9.990e-29
        623      3.454    18.8199   3.309343     2.7490     0.0152  0.0960691    91.0650      3.422    23.8450     5.4533 -9.990e-29
        624      3.477    18.8203   3.309343     2.7490     0.0152  0.0960576    91.0612      3.445    23.8448     5.4526 -9.990e-29
        625      3.499    18.8207   3.309342     2.7490     0.0152  0.0960450    91.0579      3.466    23.8446     5.4520 -9.990e-29
        626      3.521    18.8213   3.309341     2.7490     0.0152  0.0960312    91.0549      3.488    23.8442     5.4513 -9.990e-29
        627      3.544    18.8219   3.309340     2.7490     0.0151  0.0960162    91.0519      3.511    23.8438     5.4506 -9.990e-29
        628      3.566    18.8226   3.309340     2.7491     0.0151  0.0959998    91.0486      3.533    23.8434     5.4501 -9.990e-29
        629      3.588    18.8233   3.309339     2.7491     0.0151  0.0959828    91.0450      3.555    23.8430     5.4493 -9.990e-29
        630      3.610    18.8241   3.309340     2.7491     0.0151  0.0959668    91.0411      3.576    23.8426     5.4486 -9.990e-29
        631      3.632    18.8250   3.309340     2.7491     0.0151  0.0959525    91.0369      3.598    23.8420     5.4478 -9.990e-29
        632      3.655    18.8260   3.309342     2.7490     0.0151  0.0959397    91.0324      3.621    23.8415     5.4468 -9.990e-29
        633      3.677    18.8270   3.309344     2.7490     0.0151  0.0959285    91.0278      3.643    23.8409     5.4461 -9.990e-29
        634      3.699    18.8280   3.309346     2.7490     0.0150  0.0959187    91.0235      3.665    23.8403     5.4453 -9.990e-29
        635      3.721    18.8289   3.309349     2.7490     0.0150  0.0959103    91.0198      3.686    23.8398     5.4445 -9.990e-29
        636      3.743    18.8299   3.309352     2.7489     0.0150  0.0959031    91.0167      3.708    23.8393     5.4435 -9.990e-29
        637      3.766    18.8308   3.309356     2.7489     0.0150  0.0958973    91.0140      3.731    23.8388     5.4428 -9.990e-29
        638      3.788    18.8317   3.309359     2.7488     0.0150  0.0958926    91.0119      3.753    23.8383     5.4418 -9.990e-29
        639      3.810    18.8326   3.309363     2.7487     0.0150  0.0958891    91.0103      3.775    23.8378     5.4408 -9.990e-29
        640      3.832    18.8334   3.309367     2.7486     0.0150  0.0958868    91.0097      3.796    23.8374     5.4399 -9.990e-29
        641      3.854    18.8341   3.309371     2.7485     0.0150  0.0958856    91.0102      3.818    23.8370     5.4390 -9.990e-29
        642      3.877    18.8347   3.309375     2.7484     0.0150  0.0958855    91.0117      3.841    23.8367     5.4380 -9.990e-29
        643      3.899    18.8352   3.309379     2.7483     0.0149  0.0958866    91.0139      3.863    23.8364     5.4371 -9.990e-29
        644      3.921    18.8357   3.309383     2.7482     0.0149  0.0958888    91.0165      3.885    23.8362     5.4363 -9.990e-29
        645      3.943    18.8361   3.309387     2.7481     0.0149  0.0958922    91.0195      3.906    23.8360     5.4354 -9.990e-29
        646      3.965    18.8364   3.309391     2.7479     0.0149  0.0958968    91.0226      3.928    23.8358     5.4344 -9.990e-29
        647      3.988    18.8366   3.309395     2.7478     0.0149  0.0959025    91.0263      3.951    23.8357     5.4336 -9.990e-29
        648      4.010    18.8367   3.309398     2.7476     0.0149  0.0959096    91.0308      3.973    23.8357     5.4326 -9.990e-29
        649      4.032    18.8367   3.309402     2.7474     0.0149  0.0959179    91.0362      3.994    23.8357     5.4316 -9.990e-29
        650      4.054    18.8367   3.309405     2.7473     0.0149  0.0959275    91.0421      4.016    23.8357     5.4309 -9.990e-29
        651      4.077    18.8367   3.309409     2.7471     0.0149  0.0959386    91.0480      4.039    23.8358     5.4299 -9.990e-29
        652      4.099    18.8365   3.309412     2.7469     0.0149  0.0959512    91.0538      4.061    23.8359     5.4290 -9.990e-29
        653      4.121    18.8364   3.309416     2.7467     0.0149  0.0959654    91.0592      4.083    23.8360     5.4281 -9.990e-29
        654      4.143    18.8361   3.309418     2.7465     0.0149  0.0959813    91.0644      4.104    23.8362     5.4273 -9.990e-29
        655      4.166    18.8359   3.309421     2.7463     0.0149  0.0959981    91.0692      4.127    23.8363     5.4265 -9.990e-29
        656      4.188    18.8356   3.309425     2.7461     0.0148  0.0960143    91.0734      4.149    23.8365     5.4257 -9.990e-29
        657      4.210    18.8352   3.309428     2.7459     0.0148  0.0960291    91.0773      4.171    23.8367     5.4250 -9.990e-29
        658      4.232    18.8348   3.309432     2.7457     0.0148  0.0960426    91.0809      4.193    23.8370     5.4243 -9.990e-29
        659      4.255    18.8344   3.309436     2.7455     0.0148  0.0960550    91.0845      4.215    23.8372     5.4236 -9.990e-29
        660      4.277    18.8340   3.309442     2.7453     0.0148  0.0960663    91.0879      4.237    23.8375     5.4229 -9.990e-29
        661      4.299    18.8335   3.309447     2.7451     0.0148  0.0960766    91.0911      4.259    23.8378     5.4223 -9.990e-29
        662      4.321    18.8330   3.309451     2.7449     0.0148  0.0960859    91.0942      4.281    23.8382     5.4217 -9.990e-29
        663      4.344    18.8325   3.309456     2.7447     0.0148  0.0960944    91.0972      4.304    23.8385     5.4212 -9.990e-29
        664      4.366    18.8320   3.309461     2.7444     0.0148  0.0961021    91.1002      4.325    23.8388     5.4204 -9.990e-29
        665      4.389    18.8315   3.309466     2.7442     0.0148  0.0961090    91.1030      4.348    23.8391     5.4199 -9.990e-29
        666      4.411    18.8309   3.309471     2.7440     0.0148  0.0961152    91.1058      4.370    23.8395     5.4194 -9.990e-29
        667      4.433    18.8303   3.309475     2.7438     0.0148  0.0961207    91.1087      4.392    23.8399     5.4190 -9.990e-29
        668      4.455    18.8297   3.309479     2.7436     0.0148  0.0961256    91.1116      4.414    23.8402     5.4186 -9.990e-29
        669      4.478    18.8290   3.309482     2.7434     0.0148  0.0961299    91.1144      4.436    23.8406     5.4182 -9.990e-29
        670      4.500    18.8283   3.309485     2.7432     0.0148  0.0961336    91.1169      4.458    23.8411     5.4178 -9.990e-29
        671      4.522    18.8275   3.309487     2.7429     0.0148  0.0961368    91.1191      4.480    23.8415     5.4173 -9.990e-29
        672      4.544    18.8268   3.309489     2.7427     0.0148  0.0961395    91.1208      4.502    23.8419     5.4169 -9.990e-29
        673      4.566    18.8259   3.309491     2.7425     0.0148  0.0961417    91.1219      4.524    23.8425     5.4167 -9.990e-29
        674      4.589    18.8251   3.309492     2.7423     0.0148  0.0961434    91.1225      4.546    23.8429     5.4164 -9.990e-29
        675      4.611    18.8242   3.309493     2.7421     0.0148  0.0961446    91.1231      4.568    23.8435     5.4161 -9.990e-29
        676      4.633    18.8233   3.309494     2.7419     0.0148  0.0961454    91.1241      4.590    23.8440     5.4159 -9.990e-29
        677      4.655    18.8224   3.309494     2.7418     0.0147  0.0961457    91.1254      4.612    23.8445     5.4159 -9.990e-29
        678      4.678    18.8215   3.309495     2.7416     0.0147  0.0961455    91.1270      4.634    23.8450     5.4157 -9.990e-29
        679      4.700    18.8205   3.309495     2.7414     0.0147  0.0961449    91.1283      4.656    23.8456     5.4155 -9.990e-29
        680      4.722    18.8195   3.309496     2.7412     0.0147  0.0961438    91.1292      4.678    23.8461     5.4153 -9.990e-29
        681      4.745    18.8186   3.309496     2.7410     0.0147  0.0961423    91.1296      4.701    23.8467     5.4151 -9.990e-29
        682      4.767    18.8176   3.309496     2.7408     0.0147  0.0961403    91.1298      4.723    23.8472     5.4149 -9.990e-29
        683      4.789    18.8166   3.309496     2.7406     0.0147  0.0961377    91.1301      4.744    23.8478     5.4147 -9.990e-29
        684      4.811    18.8156   3.309496     2.7404     0.0147  0.0961347    91.1306      4.766    23.8484     5.4146 -9.990e-29
        685      4.833    18.8146   3.309496     2.7403     0.0147  0.0961312    91.1313      4.788    23.8489     5.4146 -9.990e-29
        686      4.855    18.8137   3.309498     2.7401     0.0147  0.0961279    91.1324      4.810    23.8495     5.4145 -9.990e-29
        687      4.878    18.8128   3.309499     2.7399     0.0147  0.0961258    91.1337      4.833    23.8500     5.4143 -9.990e-29
        688      4.900    18.8119   3.309501     2.7398     0.0147  0.0961239    91.1350      4.854    23.8505     5.4144 -9.990e-29
        689      4.922    18.8111   3.309503     2.7396     0.0147  0.0961214    91.1362      4.876    23.8510     5.4142 -9.990e-29
        690      4.944    18.8103   3.309506     2.7395     0.0147  0.0961183    91.1373      4.898    23.8514     5.4143 -9.990e-29
        691      4.966    18.8096   3.309510     2.7394     0.0147  0.0961145    91.1381      4.920    23.8519     5.4144 -9.990e-29
        692      4.989    18.8089   3.309514     2.7392     0.0147  0.0961100    91.1385      4.943    23.8523     5.4143 0.0000e+00
        693      5.011    18.8083   3.309519     2.7391     0.0147  0.0961049    91.1382      4.964    23.8527     5.4143 0.0000e+00
        694      5.033    18.8077   3.309525     2.7389     0.0147  0.0960990    91.1373      4.986    23.8531     5.4142 0.0000e+00
        695      5.055    18.8071   3.309531     2.7388     0.0148  0.0960923    91.1355      5.008    23.8535     5.4142 0.0000e+00
        696      5.077    18.8066   3.309538     2.7386     0.0148  0.0960848    91.1331      5.030    23.8538     5.4140 0.0000e+00
        697      5.099    18.8061   3.309547     2.7385     0.0148  0.0960765    91.1301      5.052    23.8541     5.4141 0.0000e+00
        698      5.121    18.8056   3.309555     2.7384     0.0148  0.0960672    91.1267      5.073    23.8545     5.4141 0.0000e+00
        699      5.143    18.8052   3.309564     2.7382     0.0148  0.0960568    91.1229      5.095    23.8548     5.4139 0.0000e+00
        700      5.165    18.8048   3.309573     2.7381     0.0148  0.0960455    91.1191      5.117    23.8551     5.4139 0.0000e+00
        701      5.187    18.8044   3.309582     2.7380     0.0148  0.0960329    91.1152      5.139    23.8554     5.4139 0.0000e+00
        702      5.209    18.8041   3.309590     2.7378     0.0149  0.0960191    91.1113      5.161    23.8556     5.4136 0.0000e+00
        703      5.231    18.8037   3.309598     2.7377     0.0149  0.0960040    91.1073      5.182    23.8559     5.4137 0.0000e+00
        704      5.253    18.8034   3.309606     2.7376     0.0149  0.0959875    91.1032      5.204    23.8561     5.4137 0.0000e+00
        705      5.275    18.8031   3.309613     2.7375     0.0149  0.0959694    91.0996      5.226    23.8563     5.4137 0.0000e+00
        706      5.297    18.8028   3.309620     2.7373     0.0150  0.0959504    91.0966      5.248    23.8566     5.4134 0.0000e+00
        707      5.319    18.8024   3.309625     2.7372     0.0150  0.0959322    91.0943      5.270    23.8568     5.4133 0.0000e+00
        708      5.342    18.8022   3.309631     2.7371     0.0150  0.0959155    91.0924      5.292    23.8570     5.4133 0.0000e+00
        709      5.364    18.8019   3.309636     2.7370     0.0151  0.0959000    91.0909      5.314    23.8572     5.4131 0.0000e+00
        710      5.386    18.8016   3.309641     2.7369     0.0151  0.0958859    91.0894      5.336    23.8574     5.4130 0.0000e+00
        711      5.408    18.8013   3.309644     2.7368     0.0151  0.0958728    91.0876      5.358    23.8576     5.4129 0.0000e+00
        712      5.430    18.8011   3.309648     2.7367     0.0151  0.0958608    91.0853      5.379    23.8577     5.4127 0.0000e+00
        713      5.452    18.8008   3.309651     2.7366     0.0151  0.0958498    91.0825      5.401    23.8579     5.4125 0.0000e+00
        714      5.474    18.8005   3.309653     2.7366     0.0152  0.0958396    91.0792      5.423    23.8581     5.4126 0.0000e+00
        715      5.496    18.8003   3.309656     2.7365     0.0152  0.0958303    91.0759      5.445    23.8582     5.4123 0.0000e+00
        716      5.518    18.8000   3.309659     2.7364     0.0152  0.0958217    91.0734      5.467    23.8584     5.4121 0.0000e+00
        717      5.541    18.7998   3.309660     2.7363     0.0152  0.0958138    91.0722      5.489    23.8585     5.4118 0.0000e+00
        718      5.563    18.7996   3.309661     2.7362     0.0152  0.0958065    91.0722      5.511    23.8587     5.4115 0.0000e+00
        719      5.585    18.7993   3.309663     2.7361     0.0153  0.0957998    91.0732      5.533    23.8588     5.4112 0.0000e+00
        720      5.607    18.7991   3.309662     2.7360     0.0153  0.0957936    91.0745      5.555    23.8589     5.4108 0.0000e+00
        721      5.629    18.7989   3.309663     2.7359     0.0153  0.0957880    91.0755      5.577    23.8591     5.4104 0.0000e+00
