code/data/2022/wednesday_data/Station 9.cnv
* Sea-Bird SBE 9 Data File:
* FileName = C:\Users\ctd-user\Desktop\CTD data\MAR440 Sept 2022\Station 9.hex
* Software Version Seasave V 7.26.2.13
* Temperature SN = 4493
* Conductivity SN = 1899
* Number of Bytes Per Scan = 37
* Number of Voltage Words = 4
* Number of Scans Averaged by the Deck Unit = 1
* NMEA Latitude = 58 18.28 N
* NMEA Longitude = 011 45.34 E
* NMEA UTC (Time) = Sep 07 2022 11:55:31
* NMEA baud rate = 4800
** Ship: Skagerrak
** Station: 9
** Operator: Gabriella
# nquan = 12                                
# nvalues = 3018                        
# units = specified
# name 0 = scan: Scan Count
# name 1 = prDM: Pressure, Digiquartz [db]
# name 2 = t090C: Temperature [ITS-90, deg C]
# name 3 = c0S/m: Conductivity [S/m]
# name 4 = sbeox0V: Oxygen raw, SBE 43 [V]
# name 5 = flECO-AFL: Fluorescence, WET Labs ECO-AFL/FL [mg/m^3]
# name 6 = upoly0: Upoly 0, Turbidity
# name 7 = xmiss: Beam Transmission, Chelsea/Seatech [%]
# name 8 = depSM: Depth [salt water, m], lat = 58.3047
# name 9 = sal00: Salinity, Practical [PSU]
# name 10 = sbeox0ML/L: Oxygen, SBE 43 [ml/l], WS = 2
# name 11 = flag: flag
# span 0 =          1,       3018       
# span 1 =      0.816,     38.875       
# span 2 =     6.2374,    18.8841       
# span 3 =   3.122713,   3.401943       
# span 4 =     0.6297,     2.7598       
# span 5 =     0.0026,     0.0205       
# span 6 =  0.0943185,  0.1056376       
# span 7 =    86.6455,    95.2698       
# span 8 =      0.808,     38.510       
# span 9 =    23.8226,    31.3547       
# span 10 =     0.3596,     5.4779      
# span 11 = 0.0000e+00, 0.0000e+00      
# interval = seconds: 0.0416667
# start_time = Sep 07 2022 11:55:31 [NMEA time, header]
# bad_flag = -9.990e-29
*END*
[from data line 963]
        964     10.983    18.5386   3.373078     2.2931     0.0190  0.0959295    91.4870     10.881    24.5169     4.0564 0.0000e+00
        965     11.005    18.5392   3.373601     2.2899     0.0191  0.0959191    91.4767     10.902    24.5207     4.0456 0.0000e+00
        966     11.026    18.5398   3.374127     2.2867     0.0191  0.0959101    91.4662     10.923    24.5246     4.0348 0.0000e+00
        967     11.048    18.5404   3.374653     2.2834     0.0192  0.0959024    91.4559     10.945    24.5284     4.0236 0.0000e+00
        968     11.070    18.5408   3.375178     2.2801     0.0192  0.0958959    91.4459     10.967    24.5324     4.0125 0.0000e+00
        969     11.092    18.5412   3.375701     2.2768     0.0192  0.0958906    91.4359     10.989    24.5364     4.0013 0.0000e+00
        970     11.114    18.5415   3.376222     2.2734     0.0193  0.0958865    91.4255     11.010    24.5404     3.9899 0.0000e+00
        971     11.135    18.5417   3.376740     2.2700     0.0193  0.0958836    91.4144     11.031    24.5444     3.9785 0.0000e+00
        972     11.157    18.5418   3.377256     2.2666     0.0193  0.0958817    91.4025     11.053    24.5485     3.9671 0.0000e+00
        973     11.179    18.5418   3.377767     2.2631     0.0194  0.0958810    91.3902     11.075    24.5526     3.9554 0.0000e+00
        974     11.201    18.5417   3.378275     2.2596     0.0194  0.0958813    91.3779     11.097    24.5567     3.9437 0.0000e+00
        975     11.222    18.5415   3.378778     2.2560     0.0194  0.0958828    91.3655     11.117    24.5609     3.9318 0.0000e+00
        976     11.244    18.5411   3.379275     2.2524     0.0194  0.0958853    91.3531     11.139    24.5651     3.9199 0.0000e+00
        977     11.266    18.5406   3.379768     2.2487     0.0195  0.0958890    91.3407     11.161    24.5694     3.9078 0.0000e+00
        978     11.288    18.5400   3.380256     2.2451     0.0195  0.0958939    91.3282     11.183    24.5736     3.8960 0.0000e+00
        979     11.309    18.5392   3.380740     2.2413     0.0195  0.0958999    91.3154     11.204    24.5780     3.8838 0.0000e+00
        980     11.331    18.5383   3.381222     2.2376     0.0196  0.0959072    91.3022     11.225    24.5824     3.8718 0.0000e+00
        981     11.353    18.5372   3.381704     2.2338     0.0196  0.0959158    91.2887     11.247    24.5869     3.8597 0.0000e+00
        982     11.375    18.5359   3.382182     2.2300     0.0196  0.0959257    91.2751     11.269    24.5915     3.8476 0.0000e+00
        983     11.396    18.5346   3.382656     2.2261     0.0196  0.0959370    91.2618     11.290    24.5961     3.8353 0.0000e+00
        984     11.418    18.5330   3.383121     2.2222     0.0197  0.0959498    91.2488     11.312    24.6008     3.8232 0.0000e+00
        985     11.440    18.5313   3.383578     2.2183     0.0197  0.0959642    91.2361     11.333    24.6055     3.8112 0.0000e+00
        986     11.462    18.5294   3.384028     2.2143     0.0197  0.0959802    91.2236     11.355    24.6102     3.7990 0.0000e+00
        987     11.483    18.5273   3.384470     2.2103     0.0198  0.0959973    91.2116     11.376    24.6150     3.7870 0.0000e+00
        988     11.505    18.5249   3.384906     2.2063     0.0198  0.0960136    91.2009     11.398    24.6199     3.7752 0.0000e+00
        989     11.527    18.5224   3.385336     2.2022     0.0198  0.0960286    91.1922     11.420    24.6249     3.7632 0.0000e+00
        990     11.548    18.5196   3.385760     2.1981     0.0199  0.0960423    91.1859     11.440    24.6300     3.7514 0.0000e+00
        991     11.570    18.5166   3.386181     2.1940     0.0199  0.0960549    91.1819     11.462    24.6351     3.7398 0.0000e+00
        992     11.591    18.5134   3.386600     2.1899     0.0199  0.0960663    91.1799     11.483    24.6404     3.7283 0.0000e+00
        993     11.613    18.5099   3.387018     2.1857     0.0200  0.0960768    91.1796     11.505    24.6458     3.7168 0.0000e+00
        994     11.635    18.5062   3.387437     2.1816     0.0200  0.0960863    91.1805     11.527    24.6514     3.7058 0.0000e+00
        995     11.656    18.5022   3.387858     2.1774     0.0200  0.0960950    91.1824     11.547    24.6572     3.6947 0.0000e+00
        996     11.678    18.4981   3.388279     2.1731     0.0200  0.0961028    91.1849     11.569    24.6630     3.6835 0.0000e+00
        997     11.700    18.4936   3.388702     2.1689     0.0200  0.0961099    91.1878     11.591    24.6691     3.6728 0.0000e+00
        998     11.721    18.4889   3.389127     2.1646     0.0201  0.0961163    91.1911     11.612    24.6753     3.6621 0.0000e+00
        999     11.743    18.4838   3.389553     2.1603     0.0201  0.0961220    91.1951     11.634    24.6818     3.6515 0.0000e+00
       1000     11.765    18.4784   3.389981     2.1560     0.0201  0.0961271    91.1996     11.655    24.6884     3.6412 0.0000e+00
       1001     11.786    18.4726   3.390408     2.1518     0.0201  0.0961316    91.2045     11.676    24.6953     3.6314 0.0000e+00
       1002     11.808    18.4664   3.390838     2.1475     0.0201  0.0961355    91.2098     11.698    24.7025     3.6215 0.0000e+00
       1003     11.829    18.4597   3.391266     2.1432     0.0201  0.0961390    91.2156     11.719    24.7100     3.6119 0.0000e+00
       1004     11.851    18.4525   3.391692     2.1389     0.0201  0.0961419    91.2222     11.741    24.7177     3.6024 0.0000e+00
       1005     11.873    18.4448   3.392113     2.1347     0.0201  0.0961444    91.2293     11.762    24.7257     3.5934 0.0000e+00
       1006     11.894    18.4364   3.392527     2.1304     0.0202  0.0961463    91.2369     11.783    24.7340     3.5844 0.0000e+00
       1007     11.916    18.4273   3.392932     2.1262     0.0202  0.0961479    91.2454     11.805    24.7427     3.5759 0.0000e+00
       1008     11.938    18.4173   3.393326     2.1220     0.0202  0.0961490    91.2548     11.827    24.7519     3.5675 0.0000e+00
       1009     11.960    18.4065   3.393712     2.1179     0.0202  0.0961496    91.2650     11.849    24.7615     3.5596 0.0000e+00
       1010     11.981    18.3948   3.394087     2.1137     0.0202  0.0961498    91.2754     11.869    24.7715     3.5517 0.0000e+00
       1011     12.003    18.3821   3.394452     2.1096     0.0202  0.0961496    91.2857     11.891    24.7821     3.5442 0.0000e+00
       1012     12.024    18.3685   3.394808     2.1056     0.0203  0.0961490    91.2958     11.912    24.7931     3.5371 0.0000e+00
       1013     12.046    18.3540   3.395155     2.1015     0.0203  0.0961480    91.3057     11.934    24.8046     3.5300 0.0000e+00
       1014     12.068    18.3385   3.395495     2.0976     0.0203  0.0961465    91.3153     11.956    24.8167     3.5235 0.0000e+00
       1015     12.089    18.3223   3.395827     2.0936     0.0203  0.0961445    91.3246     11.976    24.8291     3.5170 0.0000e+00
       1016     12.111    18.3054   3.396153     2.0897     0.0203  0.0961421    91.3334     11.998    24.8419     3.5108 0.0000e+00
       1017     12.133    18.2878   3.396473     2.0859     0.0203  0.0961392    91.3417     12.020    24.8551     3.5049 0.0000e+00
       1018     12.155    18.2695   3.396785     2.0820     0.0203  0.0961358    91.3496     12.042    24.8687     3.4990 0.0000e+00
       1019     12.177    18.2508   3.397089     2.0783     0.0203  0.0961319    91.3575     12.063    24.8824     3.4936 0.0000e+00
       1020     12.198    18.2314   3.397383     2.0745     0.0203  0.0961274    91.3655     12.084    24.8965     3.4881 0.0000e+00
       1021     12.220    18.2116   3.397666     2.0709     0.0203  0.0961224    91.3741     12.106    24.9108     3.4832 0.0000e+00
       1022     12.242    18.1912   3.397937     2.0672     0.0203  0.0961167    91.3834     12.128    24.9253     3.4781 0.0000e+00
       1023     12.264    18.1705   3.398196     2.0636     0.0203  0.0961104    91.3936     12.150    24.9400     3.4732 0.0000e+00
       1024     12.286    18.1494   3.398442     2.0601     0.0204  0.0961033    91.4044     12.171    24.9548     3.4687 0.0000e+00
       1025     12.307    18.1280   3.398678     2.0566     0.0204  0.0960956    91.4159     12.192    24.9697     3.4642 0.0000e+00
       1026     12.329    18.1064   3.398904     2.0531     0.0204  0.0960870    91.4279     12.214    24.9846     3.4597 0.0000e+00
       1027     12.351    18.0844   3.399119     2.0497     0.0204  0.0960775    91.4406     12.236    24.9997     3.4554 0.0000e+00
       1028     12.373    18.0622   3.399327     2.0463     0.0204  0.0960672    91.4538     12.258    25.0149     3.4512 0.0000e+00
       1029     12.395    18.0398   3.399527     2.0429     0.0204  0.0960558    91.4677     12.279    25.0302     3.4469 0.0000e+00
       1030     12.416    18.0171   3.399722     2.0396     0.0204  0.0960433    91.4823     12.300    25.0456     3.4428 0.0000e+00
       1031     12.438    17.9942   3.399915     2.0363     0.0204  0.0960297    91.4978     12.322    25.0612     3.4387 0.0000e+00
       1032     12.460    17.9711   3.400104     2.0330     0.0204  0.0960148    91.5142     12.344    25.0768     3.4346 0.0000e+00
       1033     12.482    17.9479   3.400291     2.0298     0.0203  0.0959985    91.5316     12.366    25.0925     3.4307 0.0000e+00
       1034     12.503    17.9245   3.400475     2.0266     0.0203  0.0959808    91.5498     12.386    25.1083     3.4267 0.0000e+00
       1035     12.525    17.9010   3.400653     2.0234     0.0203  0.0959614    91.5689     12.408    25.1242     3.4226 0.0000e+00
       1036     12.547    17.8774   3.400824     2.0203     0.0203  0.0959404    91.5889     12.430    25.1401     3.4188 0.0000e+00
       1037     12.569    17.8538   3.400987     2.0172     0.0203  0.0959182    91.6099     12.452    25.1559     3.4148 0.0000e+00
       1038     12.591    17.8301   3.401142     2.0141     0.0203  0.0958966    91.6318     12.474    25.1717     3.4108 0.0000e+00
       1039     12.613    17.8065   3.401285     2.0111     0.0203  0.0958762    91.6546     12.495    25.1874     3.4070 0.0000e+00
       1040     12.634    17.7830   3.401417     2.0080     0.0203  0.0958569    91.6783     12.516    25.2029     3.4029 0.0000e+00
       1041     12.656    17.7595   3.401534     2.0050     0.0203  0.0958385    91.7029     12.538    25.2184     3.3989 0.0000e+00
       1042     12.678    17.7362   3.401635     2.0020     0.0203  0.0958209    91.7286     12.560    25.2336     3.3948 0.0000e+00
       1043     12.700    17.7130   3.401722     1.9991     0.0203  0.0958040    91.7553     12.582    25.2486     3.3909 0.0000e+00
       1044     12.722    17.6900   3.401792     1.9961     0.0203  0.0957877    91.7827     12.603    25.2634     3.3867 0.0000e+00
       1045     12.744    17.6673   3.401847     1.9932     0.0203  0.0957718    91.8101     12.625    25.2779     3.3826 0.0000e+00
       1046     12.766    17.6450   3.401888     1.9903     0.0203  0.0957562    91.8372     12.647    25.2920     3.3784 0.0000e+00
       1047     12.787    17.6230   3.401917     1.9875     0.0203  0.0957409    91.8642     12.668    25.3059     3.3744 0.0000e+00
       1048     12.809    17.6014   3.401935     1.9846     0.0203  0.0957257    91.8913     12.690    25.3194     3.3700 0.0000e+00
       1049     12.831    17.5803   3.401943     1.9818     0.0203  0.0957106    91.9189     12.711    25.3326     3.3659 0.0000e+00
       1050     12.853    17.5596   3.401943     1.9790     0.0203  0.0956953    91.9469     12.733    25.3455     3.3616 0.0000e+00
       1051     12.875    17.5393   3.401935     1.9762     0.0203  0.0956799    91.9754     12.755    25.3580     3.3572 0.0000e+00
       1052     12.897    17.5195   3.401918     1.9735     0.0203  0.0956641    92.0049     12.777    25.3702     3.3531 0.0000e+00
       1053     12.919    17.5000   3.401892     1.9707     0.0203  0.0956480    92.0357     12.799    25.3821     3.3486 0.0000e+00
       1054     12.941    17.4810   3.401859     1.9680     0.0203  0.0956313    92.0685     12.820    25.3937     3.3443 0.0000e+00
       1055     12.963    17.4624   3.401817     1.9652     0.0203  0.0956140    92.1034     12.842    25.4049     3.3397 0.0000e+00
       1056     12.985    17.4440   3.401766     1.9625     0.0204  0.0955959    92.1402     12.864    25.4160     3.3353 0.0000e+00
       1057     13.007    17.4261   3.401707     1.9598     0.0204  0.0955770    92.1786     12.886    25.4267     3.3308 0.0000e+00
       1058     13.029    17.4084   3.401638     1.9571     0.0204  0.0955570    92.2184     12.908    25.4372     3.3263 0.0000e+00
       1059     13.051    17.3909   3.401558     1.9545     0.0204  0.0955359    92.2590     12.929    25.4475     3.3220 0.0000e+00
       1060     13.073    17.3737   3.401469     1.9518     0.0204  0.0955135    92.3001     12.951    25.4575     3.3174 0.0000e+00
       1061     13.095    17.3566   3.401369     1.9491     0.0204  0.0954896    92.3416     12.973    25.4674     3.3128 0.0000e+00
       1062     13.117    17.3398   3.401261     1.9465     0.0204  0.0954641    92.3838     12.995    25.4770     3.3085 0.0000e+00
       1063     13.139    17.3231   3.401143     1.9439     0.0204  0.0954377    92.4265     13.016    25.4865     3.3042 0.0000e+00
       1064     13.161    17.3066   3.401019     1.9412     0.0204  0.0954118    92.4696     13.038    25.4958     3.2996 0.0000e+00
       1065     13.183    17.2902   3.400885     1.9386     0.0204  0.0953871    92.5123     13.060    25.5050     3.2952 0.0000e+00
       1066     13.205    17.2740   3.400745     1.9360     0.0205  0.0953635    92.5546     13.082    25.5140     3.2909 0.0000e+00
       1067     13.227    17.2579   3.400598     1.9333     0.0205  0.0953409    92.5963     13.104    25.5229     3.2863 0.0000e+00
       1068     13.249    17.2419   3.400445     1.9307     0.0205  0.0953189    92.6375     13.125    25.5317     3.2820 0.0000e+00
       1069     13.271    17.2261   3.400286     1.9281     0.0205  0.0952976    92.6781     13.147    25.5403     3.2776 0.0000e+00
       1070     13.293    17.2104   3.400120     1.9255     0.0205  0.0952766    92.7178     13.169    25.5488     3.2733 0.0000e+00
       1071     13.315    17.1948   3.399946     1.9229     0.0205  0.0952560    92.7567     13.191    25.5572     3.2690 0.0000e+00
       1072     13.337    17.1793   3.399764     1.9203     0.0205  0.0952355    92.7949     13.213    25.5655     3.2648 0.0000e+00
       1073     13.359    17.1641   3.399574     1.9178     0.0205  0.0952151    92.8330     13.234    25.5735     3.2608 0.0000e+00
       1074     13.381    17.1489   3.399376     1.9152     0.0205  0.0951945    92.8709     13.256    25.5814     3.2566 0.0000e+00
       1075     13.403    17.1340   3.399168     1.9127     0.0205  0.0951736    92.9080     13.278    25.5891     3.2527 0.0000e+00
       1076     13.425    17.1192   3.398949     1.9102     0.0205  0.0951523    92.9438     13.300    25.5966     3.2487 0.0000e+00
       1077     13.447    17.1046   3.398722     1.9077     0.0205  0.0951304    92.9783     13.322    25.6039     3.2449 0.0000e+00
       1078     13.469    17.0902   3.398483     1.9052     0.0205  0.0951078    93.0115     13.343    25.6110     3.2410 0.0000e+00
       1079     13.491    17.0759   3.398233     1.9028     0.0205  0.0950843    93.0433     13.365    25.6180     3.2373 0.0000e+00
       1080     13.514    17.0618   3.397974     1.9003     0.0205  0.0950598    93.0738     13.388    25.6248     3.2335 0.0000e+00
       1081     13.536    17.0478   3.397703     1.8979     0.0204  0.0950341    93.1027     13.410    25.6314     3.2298 0.0000e+00
       1082     13.558    17.0339   3.397423     1.8955     0.0204  0.0950069    93.1299     13.432    25.6378     3.2262 0.0000e+00
