code/data/2022/wednesday_data/Station 5.cnv
* Sea-Bird SBE 9 Data File:
* FileName = C:\Users\ctd-user\Desktop\CTD data\MAR440 Sept 2022\Station 5.hex
* Software Version Seasave V 7.26.2.13
* Temperature SN = 4493
* Conductivity SN = 1899
* Number of Bytes Per Scan = 37
* Number of Voltage Words = 4
* Number of Scans Averaged by the Deck Unit = 1
* NMEA Latitude = 58 19.72 N
* NMEA Longitude = 011 51.36 E
* NMEA UTC (Time) = Sep 07 2022 09:56:40
* NMEA baud rate = 4800
** Ship:
** Station:
** Operator:
# nquan = 12                                
# nvalues = 3674                        
# units = specified
# name 0 = scan: Scan Count
# name 1 = prDM: Pressure, Digiquartz [db]
# name 2 = t090C: Temperature [ITS-90, deg C]
# name 3 = c0S/m: Conductivity [S/m]
# name 4 = sbeox0V: Oxygen raw, SBE 43 [V]
# name 5 = flECO-AFL: Fluorescence, WET Labs ECO-AFL/FL [mg/m^3]
# name 6 = upoly0: Upoly 0, Turbidity
# name 7 = xmiss: Beam Transmission, Chelsea/Seatech [%]
# name 8 = depSM: Depth [salt water, m], lat = 58.3287
# name 9 = sal00: Salinity, Practical [PSU]
# name 10 = sbeox0ML/L: Oxygen, SBE 43 [ml/l], WS = 2
# name 11 = flag: flag
# span 0 =          1,       3674       
# span 1 =      0.993,     19.346       
# span 2 =     8.0710,    18.8009       
# span 3 =   3.120941,   3.369054       
# span 4 =     0.5626,     2.7394       
# span 5 =     0.0055,     0.0479       
# span 6 =  0.0952607,  0.1102243       
# span 7 =    84.5142,    94.8547       
# span 8 =      0.984,     19.165       
# span 9 =    23.6450,    30.6572       
# span 10 =     0.1660,     5.4729      
# span 11 = 0.0000e+00, 0.0000e+00      
# interval = seconds: 0.0416667
# start_time = Sep 07 2022 09:56:40 [NMEA time, header]
# bad_flag = -9.990e-29
*END*
[from data line 2767]
       2768     17.281     8.1316   3.145848     0.6039     0.0134  0.1023324    87.0261     17.120    29.8216     0.2636 0.0000e+00
       2769     17.284     8.1303   3.145955     0.6038     0.0134  0.1021985    87.0804     17.123    29.8239     0.2634 0.0000e+00
       2770     17.288     8.1291   3.146065     0.6036     0.0135  0.1020732    87.1365     17.127    29.8260     0.2628 0.0000e+00
       2771     17.291     8.1279   3.146176     0.6035     0.0135  0.1019546    87.1943     17.130    29.8282     0.2625 0.0000e+00
       2772     17.295     8.1268   3.146287     0.6033     0.0135  0.1018421    87.2536     17.134    29.8303     0.2620 0.0000e+00
       2773     17.298     8.1258   3.146400     0.6032     0.0135  0.1017347    87.3143     17.137    29.8324     0.2617 0.0000e+00
       2774     17.301     8.1248   3.146514     0.6030     0.0136  0.1016318    87.3768     17.139    29.8344     0.2612 0.0000e+00
       2775     17.304     8.1239   3.146629     0.6029     0.0136  0.1015326    87.4413     17.142    29.8364     0.2610 0.0000e+00
       2776     17.308     8.1230   3.146745     0.6027     0.0136  0.1014365    87.5082     17.146    29.8384     0.2605 0.0000e+00
       2777     17.311     8.1221   3.146862     0.6026     0.0136  0.1013427    87.5775     17.149    29.8403     0.2602 0.0000e+00
       2778     17.315     8.1213   3.146979     0.6024     0.0137  0.1012507    87.6495     17.153    29.8422     0.2597 0.0000e+00
       2779     17.318     8.1206   3.147098     0.6023     0.0137  0.1011597    87.7242     17.156    29.8441     0.2595 0.0000e+00
       2780     17.321     8.1199   3.147216     0.6021     0.0137  0.1010692    87.8015     17.159    29.8459     0.2591 0.0000e+00
       2781     17.325     8.1193   3.147335     0.6020     0.0138  0.1009785    87.8812     17.163    29.8477     0.2589 0.0000e+00
       2782     17.328     8.1187   3.147454     0.6019     0.0138  0.1008870    87.9631     17.166    29.8494     0.2587 0.0000e+00
       2783     17.331     8.1182   3.147572     0.6017     0.0138  0.1007941    88.0469     17.169    29.8511     0.2582 0.0000e+00
       2784     17.334     8.1177   3.147691     0.6016     0.0138  0.1006990    88.1325     17.172    29.8528     0.2580 0.0000e+00
       2785     17.338     8.1172   3.147809     0.6014     0.0139  0.1006012    88.2200     17.176    29.8544     0.2575 0.0000e+00
       2786     17.341     8.1167   3.147925     0.6013     0.0139  0.1005000    88.3094     17.179    29.8561     0.2573 0.0000e+00
       2787     17.344     8.1162   3.148041     0.6011     0.0139  0.1003946    88.4013     17.182    29.8577     0.2569 0.0000e+00
       2788     17.347     8.1157   3.148156     0.6010     0.0140  0.1002844    88.4972     17.185    29.8593     0.2567 0.0000e+00
       2789     17.350     8.1152   3.148269     0.6008     0.0140  0.1001685    88.5979     17.188    29.8610     0.2562 0.0000e+00
       2790     17.354     8.1146   3.148381     0.6007     0.0140  0.1000461    88.7034     17.192    29.8626     0.2560 0.0000e+00
       2791     17.357     8.1141   3.148493     0.6005     0.0141  0.0999173    88.8135     17.195    29.8642     0.2555 0.0000e+00
       2792     17.360     8.1135   3.148603     0.6003     0.0141  0.0997863    88.9277     17.198    29.8659     0.2551 0.0000e+00
       2793     17.363     8.1130   3.148713     0.6002     0.0142  0.0996606    89.0455     17.201    29.8675     0.2549 0.0000e+00
       2794     17.367     8.1125   3.148821     0.6000     0.0142  0.0995445    89.1658     17.205    29.8690     0.2545 0.0000e+00
       2795     17.370     8.1121   3.148929     0.5999     0.0142  0.0994379    89.2872     17.208    29.8705     0.2543 0.0000e+00
       2796     17.373     8.1116   3.149035     0.5998     0.0143  0.0993402    89.4089     17.211    29.8720     0.2542 0.0000e+00
       2797     17.376     8.1112   3.149141     0.5996     0.0143  0.0992507    89.5304     17.214    29.8735     0.2537 0.0000e+00
       2798     17.380     8.1108   3.149246     0.5995     0.0143  0.0991687    89.6514     17.218    29.8749     0.2536 0.0000e+00
       2799     17.383     8.1104   3.149350     0.5994     0.0144  0.0990938    89.7713     17.221    29.8764     0.2534 0.0000e+00
       2800     17.386     8.1100   3.149453     0.5993     0.0144  0.0990253    89.8901     17.224    29.8778     0.2533 0.0000e+00
       2801     17.389     8.1096   3.149555     0.5991     0.0144  0.0989627    90.0075     17.227    29.8792     0.2528 0.0000e+00
       2802     17.392     8.1092   3.149656     0.5990     0.0145  0.0989057    90.1233     17.230    29.8806     0.2527 0.0000e+00
       2803     17.395     8.1088   3.149757     0.5989     0.0145  0.0988539    90.2374     17.233    29.8820     0.2525 0.0000e+00
       2804     17.398     8.1084   3.149856     0.5988     0.0145  0.0988069    90.3493     17.236    29.8834     0.2524 0.0000e+00
       2805     17.401     8.1080   3.149953     0.5987     0.0145  0.0987643    90.4589     17.239    29.8847     0.2522 0.0000e+00
       2806     17.404     8.1076   3.150050     0.5985     0.0146  0.0987259    90.5658     17.242    29.8861     0.2518 0.0000e+00
       2807     17.408     8.1073   3.150146     0.5984     0.0146  0.0986915    90.6697     17.245    29.8874     0.2516 0.0000e+00
       2808     17.411     8.1070   3.150241     0.5983     0.0146  0.0986606    90.7705     17.248    29.8886     0.2515 -9.990e-29
       2809     17.413     8.1066   3.150334     0.5981     0.0147  0.0986333    90.8681     17.250    29.8899     0.2511 -9.990e-29
       2810     17.416     8.1063   3.150427     0.5980     0.0147  0.0986100    90.9626     17.253    29.8912     0.2509 0.0000e+00
       2811     17.419     8.1060   3.150518     0.5979     0.0147  0.0985915    91.0536     17.256    29.8924     0.2508 0.0000e+00
       2812     17.422     8.1057   3.150608     0.5977     0.0148  0.0985769    91.1406     17.259    29.8936     0.2504 0.0000e+00
       2813     17.425     8.1053   3.150697     0.5976     0.0148  0.0985651    91.2234     17.262    29.8948     0.2503 0.0000e+00
       2814     17.428     8.1050   3.150786     0.5975     0.0148  0.0985561    91.3015     17.265    29.8960     0.2501 0.0000e+00
       2815     17.431     8.1047   3.150873     0.5974     0.0149  0.0985498    91.3748     17.268    29.8972     0.2499 0.0000e+00
       2816     17.434     8.1043   3.150960     0.5973     0.0149  0.0985462    91.4436     17.271    29.8984     0.2497 -9.990e-29
       2817     17.436     8.1040   3.151046     0.5972     0.0150  0.0985453    91.5085     17.273    29.8996     0.2495 -9.990e-29
       2818     17.439     8.1037   3.151131     0.5970     0.0150  0.0985461    91.5701     17.276    29.9007     0.2490 0.0000e+00
       2819     17.442     8.1034   3.151215     0.5969     0.0150  0.0985471    91.6283     17.279    29.9019     0.2488 0.0000e+00
       2820     17.445     8.1031   3.151299     0.5968     0.0151  0.0985473    91.6829     17.282    29.9030     0.2486 -9.990e-29
       2821     17.447     8.1028   3.151383     0.5967     0.0151  0.0985468    91.7339     17.284    29.9042     0.2484 -9.990e-29
       2822     17.450     8.1026   3.151467     0.5966     0.0152  0.0985455    91.7816     17.287    29.9052     0.2482 0.0000e+00
       2823     17.453     8.1023   3.151550     0.5964     0.0152  0.0985435    91.8263     17.290    29.9063     0.2478 -9.990e-29
       2824     17.455     8.1020   3.151633     0.5963     0.0152  0.0985407    91.8682     17.292    29.9075     0.2476 -9.990e-29
       2825     17.458     8.1016   3.151715     0.5962     0.0153  0.0985372    91.9077     17.295    29.9087     0.2475 0.0000e+00
       2826     17.461     8.1012   3.151798     0.5961     0.0153  0.0985336    91.9449     17.298    29.9099     0.2473 -9.990e-29
       2827     17.463     8.1008   3.151881     0.5960     0.0153  0.0985310    91.9797     17.300    29.9111     0.2471 -9.990e-29
       2828     17.466     8.1003   3.151963     0.5959     0.0154  0.0985284    92.0123     17.303    29.9124     0.2470 0.0000e+00
       2829     17.469     8.0999   3.152046     0.5957     0.0154  0.0985248    92.0428     17.306    29.9136     0.2466 -9.990e-29
       2830     17.471     8.0995   3.152129     0.5956     0.0155  0.0985204    92.0708     17.308    29.9148     0.2464 -9.990e-29
       2831     17.474     8.0990   3.152212     0.5955     0.0155  0.0985151    92.0961     17.311    29.9161     0.2463 -9.990e-29
       2832     17.476     8.0986   3.152295     0.5954     0.0155  0.0985088    92.1185     17.313    29.9173     0.2461 -9.990e-29
       2833     17.479     8.0981   3.152379     0.5953     0.0156  0.0985015    92.1385     17.316    29.9186     0.2460 -9.990e-29
       2834     17.481     8.0975   3.152462     0.5952     0.0156  0.0984932    92.1562     17.318    29.9200     0.2458 -9.990e-29
       2835     17.484     8.0970   3.152546     0.5951     0.0157  0.0984837    92.1723     17.321    29.9213     0.2456 -9.990e-29
       2836     17.486     8.0964   3.152629     0.5950     0.0157  0.0984730    92.1889     17.323    29.9227     0.2455 -9.990e-29
       2837     17.489     8.0958   3.152712     0.5949     0.0158  0.0984611    92.2083     17.326    29.9241     0.2453 -9.990e-29
       2838     17.491     8.0952   3.152796     0.5947     0.0159  0.0984488    92.2310     17.328    29.9255     0.2448 -9.990e-29
       2839     17.494     8.0947   3.152881     0.5946     0.0159  0.0984366    92.2565     17.331    29.9268     0.2447 -9.990e-29
       2840     17.496     8.0941   3.152965     0.5945     0.0160  0.0984239    92.2836     17.333    29.9282     0.2445 -9.990e-29
       2841     17.499     8.0936   3.153048     0.5944     0.0161  0.0984095    92.3113     17.336    29.9295     0.2444 0.0000e+00
       2842     17.502     8.0931   3.153132     0.5943     0.0162  0.0983935    92.3389     17.339    29.9308     0.2442 -9.990e-29
       2843     17.504     8.0926   3.153215     0.5942     0.0162  0.0983764    92.3661     17.341    29.9321     0.2441 -9.990e-29
       2844     17.507     8.0922   3.153300     0.5941     0.0163  0.0983601    92.3925     17.344    29.9333     0.2439 -9.990e-29
       2845     17.509     8.0918   3.153383     0.5940     0.0164  0.0983450    92.4179     17.346    29.9345     0.2437 -9.990e-29
       2846     17.512     8.0914   3.153467     0.5940     0.0165  0.0983312    92.4422     17.349    29.9357     0.2438 -9.990e-29
       2847     17.514     8.0911   3.153550     0.5939     0.0165  0.0983186    92.4656     17.350    29.9369     0.2436 -9.990e-29
       2848     17.517     8.0907   3.153634     0.5938     0.0166  0.0983071    92.4885     17.353    29.9381     0.2434 -9.990e-29
       2849     17.519     8.0904   3.153716     0.5937     0.0167  0.0982965    92.5112     17.355    29.9392     0.2432 -9.990e-29
       2850     17.522     8.0900   3.153799     0.5936     0.0167  0.0982869    92.5339     17.358    29.9404     0.2430 -9.990e-29
       2851     17.524     8.0896   3.153882     0.5935     0.0168  0.0982781    92.5565     17.360    29.9416     0.2428 -9.990e-29
       2852     17.527     8.0893   3.153964     0.5934     0.0168  0.0982701    92.5788     17.363    29.9427     0.2425 -9.990e-29
       2853     17.529     8.0890   3.154047     0.5933     0.0168  0.0982628    92.6004     17.365    29.9439     0.2423 -9.990e-29
       2854     17.531     8.0887   3.154129     0.5932     0.0169  0.0982562    92.6208     17.367    29.9450     0.2421 -9.990e-29
       2855     17.534     8.0884   3.154211     0.5931     0.0169  0.0982502    92.6396     17.370    29.9461     0.2419 -9.990e-29
       2856     17.536     8.0881   3.154293     0.5930     0.0170  0.0982449    92.6566     17.372    29.9472     0.2417 -9.990e-29
       2857     17.538     8.0879   3.154376     0.5929     0.0170  0.0982401    92.6716     17.374    29.9483     0.2414 -9.990e-29
       2858     17.541     8.0876   3.154458     0.5928     0.0170  0.0982358    92.6841     17.377    29.9494     0.2412 -9.990e-29
       2859     17.543     8.0873   3.154540     0.5927     0.0171  0.0982320    92.6936     17.379    29.9505     0.2409 -9.990e-29
       2860     17.545     8.0871   3.154622     0.5926     0.0171  0.0982287    92.7000     17.381    29.9515     0.2407 -9.990e-29
       2861     17.548     8.0869   3.154706     0.5925     0.0171  0.0982258    92.7031     17.384    29.9526     0.2405 -9.990e-29
       2862     17.550     8.0866   3.154788     0.5925     0.0172  0.0982233    92.7030     17.386    29.9537     0.2405 -9.990e-29
       2863     17.552     8.0864   3.154871     0.5924     0.0172  0.0982213    92.7002     17.388    29.9547     0.2403 -9.990e-29
       2864     17.554     8.0862   3.154956     0.5923     0.0172  0.0982196    92.6952     17.390    29.9558     0.2400 -9.990e-29
       2865     17.556     8.0861   3.155039     0.5922     0.0173  0.0982183    92.6884     17.392    29.9567     0.2397 -9.990e-29
       2866     17.559     8.0859   3.155122     0.5921     0.0173  0.0982174    92.6799     17.395    29.9578     0.2395 -9.990e-29
       2867     17.561     8.0858   3.155207     0.5920     0.0173  0.0982169    92.6703     17.397    29.9588     0.2392 -9.990e-29
       2868     17.563     8.0857   3.155290     0.5919     0.0174  0.0982167    92.6601     17.399    29.9597     0.2389 -9.990e-29
       2869     17.565     8.0857   3.155374     0.5918     0.0174  0.0982169    92.6499     17.401    29.9606     0.2386 -9.990e-29
       2870     17.568     8.0857   3.155459     0.5917     0.0174  0.0982175    92.6399     17.404    29.9615     0.2383 -9.990e-29
       2871     17.570     8.0856   3.155542     0.5916     0.0174  0.0982184    92.6300     17.406    29.9625     0.2380 -9.990e-29
       2872     17.572     8.0856   3.155628     0.5915     0.0175  0.0982197    92.6202     17.408    29.9634     0.2377 -9.990e-29
       2873     17.574     8.0855   3.155712     0.5914     0.0175  0.0982214    92.6102     17.410    29.9643     0.2374 -9.990e-29
       2874     17.576     8.0855   3.155798     0.5913     0.0175  0.0982234    92.5996     17.412    29.9652     0.2372 -9.990e-29
       2875     17.579     8.0854   3.155884     0.5912     0.0175  0.0982259    92.5883     17.415    29.9662     0.2369 -9.990e-29
       2876     17.581     8.0852   3.155970     0.5911     0.0176  0.0982288    92.5767     17.417    29.9673     0.2366 -9.990e-29
       2877     17.583     8.0851   3.156057     0.5910     0.0176  0.0982321    92.5653     17.419    29.9683     0.2363 -9.990e-29
       2878     17.586     8.0849   3.156145     0.5910     0.0176  0.0982359    92.5542     17.422    29.9694     0.2363 -9.990e-29
       2879     17.588     8.0848   3.156233     0.5909     0.0176  0.0982403    92.5432     17.424    29.9704     0.2361 -9.990e-29
       2880     17.590     8.0847   3.156322     0.5908     0.0177  0.0982451    92.5319     17.426    29.9714     0.2358 -9.990e-29
       2881     17.592     8.0846   3.156411     0.5907     0.0177  0.0982505    92.5200     17.428    29.9724     0.2355 -9.990e-29
       2882     17.595     8.0846   3.156501     0.5906     0.0177  0.0982565    92.5075     17.431    29.9734     0.2352 -9.990e-29
       2883     17.597     8.0845   3.156591     0.5905     0.0177  0.0982631    92.4944     17.433    29.9744     0.2349 -9.990e-29
       2884     17.599     8.0845   3.156682     0.5904     0.0178  0.0982704    92.4810     17.435    29.9754     0.2346 -9.990e-29
       2885     17.602     8.0845   3.156774     0.5903     0.0178  0.0982784    92.4677     17.438    29.9763     0.2342 -9.990e-29
       2886     17.604     8.0845   3.156866     0.5903     0.0178  0.0982873    92.4554     17.440    29.9773     0.2343 -9.990e-29
       2887     17.606     8.0844   3.156957     0.5902     0.0178  0.0982970    92.4448     17.442    29.9783     0.2340 -9.990e-29
