code/data/2022/wednesday_data/Station 5.cnv
* Sea-Bird SBE 9 Data File:
* FileName = C:\Users\ctd-user\Desktop\CTD data\MAR440 Sept 2022\Station 5.hex
* Software Version Seasave V 7.26.2.13
* Temperature SN = 4493
* Conductivity SN = 1899
* Number of Bytes Per Scan = 37
* Number of Voltage Words = 4
* Number of Scans Averaged by the Deck Unit = 1
* NMEA Latitude = 58 19.72 N
* NMEA Longitude = 011 51.36 E
* NMEA UTC (Time) = Sep 07 2022 09:56:40
* NMEA baud rate = 4800
** Ship:
** Station:
** Operator:
# nquan = 12                                
# nvalues = 3674                        
# units = specified
# name 0 = scan: Scan Count
# name 1 = prDM: Pressure, Digiquartz [db]
# name 2 = t090C: Temperature [ITS-90, deg C]
# name 3 = c0S/m: Conductivity [S/m]
# name 4 = sbeox0V: Oxygen raw, SBE 43 [V]
# name 5 = flECO-AFL: Fluorescence, WET Labs ECO-AFL/FL [mg/m^3]
# name 6 = upoly0: Upoly 0, Turbidity
# name 7 = xmiss: Beam Transmission, Chelsea/Seatech [%]
# name 8 = depSM: Depth [salt water, m], lat = 58.3287
# name 9 = sal00: Salinity, Practical [PSU]
# name 10 = sbeox0ML/L: Oxygen, SBE 43 [ml/l], WS = 2
# name 11 = flag: flag
# span 0 =          1,       3674       
# span 1 =      0.993,     19.346       
# span 2 =     8.0710,    18.8009       
# span 3 =   3.120941,   3.369054       
# span 4 =     0.5626,     2.7394       
# span 5 =     0.0055,     0.0479       
# span 6 =  0.0952607,  0.1102243       
# span 7 =    84.5142,    94.8547       
# span 8 =      0.984,     19.165       
# span 9 =    23.6450,    30.6572       
# span 10 =     0.1660,     5.4729      
# span 11 = 0.0000e+00, 0.0000e+00      
# interval = seconds: 0.0416667
# start_time = Sep 07 2022 09:56:40 [NMEA time, header]
# bad_flag = -9.990e-29
*END*
[from data line 1685]
       1686      6.425    18.5286   3.274678     2.6525     0.0203  0.0991890    85.9069      6.365    23.7345     5.1870 0.0000e+00
       1687      6.446    18.5287   3.274892     2.6519     0.0203  0.0991854    85.9110      6.386    23.7362     5.1843 0.0000e+00
       1688      6.467    18.5289   3.275098     2.6512     0.0203  0.0991821    85.9162      6.407    23.7377     5.1813 0.0000e+00
       1689      6.488    18.5290   3.275295     2.6506     0.0203  0.0991792    85.9223      6.428    23.7392     5.1784 0.0000e+00
       1690      6.508    18.5292   3.275484     2.6499     0.0202  0.0991765    85.9291      6.447    23.7406     5.1751 0.0000e+00
       1691      6.529    18.5293   3.275664     2.6493     0.0202  0.0991740    85.9366      6.468    23.7420     5.1720 0.0000e+00
       1692      6.550    18.5295   3.275836     2.6486     0.0202  0.0991717    85.9446      6.489    23.7433     5.1685 0.0000e+00
       1693      6.570    18.5296   3.276000     2.6479     0.0202  0.0991697    85.9528      6.509    23.7445     5.1649 0.0000e+00
       1694      6.591    18.5297   3.276160     2.6472     0.0202  0.0991678    85.9612      6.530    23.7457     5.1613 0.0000e+00
       1695      6.612    18.5298   3.276314     2.6464     0.0202  0.0991662    85.9700      6.550    23.7469     5.1573 0.0000e+00
       1696      6.632    18.5299   3.276464     2.6456     0.0201  0.0991647    85.9796      6.570    23.7480     5.1531 0.0000e+00
       1697      6.653    18.5300   3.276610     2.6448     0.0201  0.0991634    85.9901      6.591    23.7492     5.1489 0.0000e+00
       1698      6.674    18.5300   3.276752     2.6440     0.0201  0.0991622    86.0015      6.612    23.7503     5.1446 0.0000e+00
       1699      6.694    18.5302   3.276892     2.6432     0.0201  0.0991612    86.0140      6.632    23.7513     5.1402 0.0000e+00
       1700      6.715    18.5303   3.277031     2.6423     0.0201  0.0991603    86.0275      6.652    23.7523     5.1354 0.0000e+00
       1701      6.736    18.5304   3.277170     2.6414     0.0201  0.0991595    86.0419      6.673    23.7534     5.1305 0.0000e+00
       1702      6.756    18.5306   3.277309     2.6404     0.0201  0.0991588    86.0571      6.693    23.7544     5.1253 0.0000e+00
       1703      6.777    18.5308   3.277447     2.6395     0.0200  0.0991583    86.0730      6.714    23.7554     5.1202 0.0000e+00
       1704      6.798    18.5310   3.277584     2.6385     0.0200  0.0991579    86.0891      6.735    23.7563     5.1148 0.0000e+00
       1705      6.818    18.5312   3.277720     2.6374     0.0200  0.0991576    86.1050      6.755    23.7573     5.1091 0.0000e+00
       1706      6.839    18.5315   3.277855     2.6363     0.0200  0.0991574    86.1207      6.775    23.7582     5.1032 0.0000e+00
       1707      6.859    18.5318   3.277989     2.6352     0.0200  0.0991574    86.1361      6.795    23.7591     5.0973 0.0000e+00
       1708      6.880    18.5321   3.278124     2.6341     0.0200  0.0991574    86.1512      6.816    23.7600     5.0912 0.0000e+00
       1709      6.900    18.5325   3.278259     2.6329     0.0199  0.0991576    86.1657      6.836    23.7609     5.0849 0.0000e+00
       1710      6.921    18.5328   3.278395     2.6317     0.0199  0.0991578    86.1797      6.857    23.7618     5.0785 0.0000e+00
       1711      6.941    18.5331   3.278534     2.6304     0.0199  0.0991582    86.1930      6.876    23.7627     5.0718 0.0000e+00
       1712      6.962    18.5334   3.278675     2.6291     0.0199  0.0991587    86.2053      6.897    23.7637     5.0650 0.0000e+00
       1713      6.983    18.5338   3.278819     2.6277     0.0199  0.0991593    86.2167      6.918    23.7646     5.0578 0.0000e+00
       1714      7.003    18.5343   3.278966     2.6264     0.0199  0.0991600    86.2273      6.938    23.7655     5.0509 0.0000e+00
       1715      7.024    18.5347   3.279115     2.6249     0.0198  0.0991609    86.2371      6.959    23.7664     5.0434 0.0000e+00
       1716      7.045    18.5352   3.279270     2.6234     0.0198  0.0991619    86.2461      6.979    23.7674     5.0358 0.0000e+00
       1717      7.065    18.5357   3.279429     2.6219     0.0198  0.0991630    86.2543      6.999    23.7683     5.0282 0.0000e+00
       1718      7.086    18.5362   3.279591     2.6203     0.0198  0.0991643    86.2619      7.020    23.7693     5.0203 0.0000e+00
       1719      7.107    18.5367   3.279758     2.6187     0.0197  0.0991657    86.2689      7.041    23.7704     5.0124 0.0000e+00
       1720      7.127    18.5373   3.279928     2.6170     0.0197  0.0991673    86.2756      7.061    23.7714     5.0041 0.0000e+00
       1721      7.148    18.5379   3.280102     2.6153     0.0197  0.0991691    86.2823      7.081    23.7724     4.9957 0.0000e+00
       1722      7.169    18.5385   3.280279     2.6136     0.0196  0.0991711    86.2889      7.102    23.7735     4.9874 0.0000e+00
       1723      7.189    18.5392   3.280461     2.6118     0.0196  0.0991733    86.2953      7.122    23.7746     4.9786 0.0000e+00
       1724      7.210    18.5399   3.280646     2.6099     0.0196  0.0991757    86.3014      7.143    23.7756     4.9697 0.0000e+00
       1725      7.231    18.5406   3.280839     2.6080     0.0196  0.0991783    86.3072      7.164    23.7768     4.9606 0.0000e+00
       1726      7.251    18.5413   3.281037     2.6061     0.0196  0.0991812    86.3120      7.183    23.7780     4.9515 0.0000e+00
       1727      7.272    18.5420   3.281240     2.6041     0.0195  0.0991844    86.3157      7.204    23.7792     4.9421 0.0000e+00
       1728      7.292    18.5428   3.281447     2.6020     0.0195  0.0991878    86.3182      7.224    23.7804     4.9323 0.0000e+00
       1729      7.313    18.5437   3.281661     2.6000     0.0195  0.0991916    86.3195      7.245    23.7816     4.9228 0.0000e+00
       1730      7.334    18.5446   3.281880     2.5978     0.0195  0.0991958    86.3199      7.266    23.7828     4.9126 0.0000e+00
       1731      7.354    18.5456   3.282106     2.5957     0.0195  0.0992003    86.3196      7.286    23.7840     4.9026 0.0000e+00
       1732      7.375    18.5466   3.282339     2.5934     0.0195  0.0992052    86.3186      7.306    23.7853     4.8921 0.0000e+00
       1733      7.396    18.5477   3.282580     2.5912     0.0195  0.0992106    86.3172      7.327    23.7866     4.8817 0.0000e+00
       1734      7.416    18.5489   3.282830     2.5889     0.0195  0.0992164    86.3151      7.347    23.7879     4.8710 0.0000e+00
       1735      7.437    18.5501   3.283086     2.5865     0.0195  0.0992228    86.3124      7.368    23.7893     4.8600 0.0000e+00
       1736      7.457    18.5514   3.283350     2.5841     0.0195  0.0992297    86.3092      7.388    23.7906     4.8488 0.0000e+00
       1737      7.478    18.5528   3.283622     2.5816     0.0195  0.0992373    86.3054      7.408    23.7920     4.8374 0.0000e+00
       1738      7.498    18.5542   3.283901     2.5791     0.0195  0.0992455    86.3012      7.428    23.7934     4.8259 0.0000e+00
       1739      7.518    18.5558   3.284190     2.5766     0.0195  0.0992544    86.2969      7.448    23.7948     4.8143 0.0000e+00
       1740      7.539    18.5574   3.284488     2.5739     0.0195  0.0992641    86.2924      7.469    23.7963     4.8021 0.0000e+00
       1741      7.559    18.5591   3.284797     2.5713     0.0195  0.0992747    86.2875      7.489    23.7977     4.7901 0.0000e+00
       1742      7.579    18.5609   3.285116     2.5685     0.0195  0.0992862    86.2831      7.508    23.7993     4.7775 0.0000e+00
       1743      7.599    18.5627   3.285445     2.5657     0.0195  0.0992987    86.2800      7.528    23.8009     4.7649 0.0000e+00
       1744      7.620    18.5647   3.285786     2.5629     0.0195  0.0993123    86.2787      7.549    23.8024     4.7523 0.0000e+00
       1745      7.640    18.5667   3.286138     2.5600     0.0195  0.0993271    86.2787      7.569    23.8041     4.7394 0.0000e+00
       1746      7.660    18.5688   3.286501     2.5570     0.0195  0.0993431    86.2795      7.589    23.8058     4.7262 0.0000e+00
       1747      7.681    18.5710   3.286877     2.5539     0.0195  0.0993598    86.2813      7.609    23.8075     4.7127 0.0000e+00
       1748      7.701    18.5733   3.287266     2.5508     0.0195  0.0993754    86.2843      7.629    23.8093     4.6993 0.0000e+00
       1749      7.721    18.5756   3.287669     2.5476     0.0195  0.0993900    86.2883      7.649    23.8112     4.6856 0.0000e+00
       1750      7.742    18.5781   3.288086     2.5444     0.0196  0.0994047    86.2932      7.670    23.8131     4.6719 0.0000e+00
       1751      7.762    18.5807   3.288517     2.5410     0.0196  0.0994196    86.2983      7.690    23.8150     4.6578 0.0000e+00
       1752      7.782    18.5834   3.288961     2.5376     0.0196  0.0994346    86.3033      7.710    23.8170     4.6437 0.0000e+00
       1753      7.802    18.5862   3.289417     2.5341     0.0196  0.0994492    86.3082      7.729    23.8191     4.6294 0.0000e+00
       1754      7.823    18.5892   3.289890     2.5305     0.0196  0.0994625    86.3133      7.750    23.8211     4.6149 0.0000e+00
       1755      7.843    18.5922   3.290374     2.5268     0.0196  0.0994746    86.3188      7.770    23.8233     4.6003 0.0000e+00
       1756      7.863    18.5954   3.290873     2.5231     0.0196  0.0994857    86.3244      7.790    23.8254     4.5858 0.0000e+00
       1757      7.884    18.5987   3.291389     2.5193     0.0196  0.0994957    86.3305      7.811    23.8276     4.5711 0.0000e+00
       1758      7.904    18.6020   3.291918     2.5154     0.0196  0.0995048    86.3374      7.830    23.8300     4.5564 0.0000e+00
       1759      7.924    18.6053   3.292462     2.5114     0.0196  0.0995131    86.3450      7.850    23.8324     4.5416 0.0000e+00
       1760      7.945    18.6086   3.293020     2.5074     0.0196  0.0995205    86.3533      7.871    23.8350     4.5269 0.0000e+00
       1761      7.965    18.6119   3.293593     2.5033     0.0196  0.0995272    86.3622      7.891    23.8377     4.5123 0.0000e+00
       1762      7.986    18.6152   3.294181     2.4991     0.0196  0.0995331    86.3720      7.912    23.8404     4.4975 0.0000e+00
       1763      8.006    18.6186   3.294783     2.4949     0.0196  0.0995384    86.3834      7.931    23.8433     4.4830 0.0000e+00
       1764      8.027    18.6219   3.295401     2.4906     0.0196  0.0995431    86.3966      7.952    23.8463     4.4685 0.0000e+00
       1765      8.047    18.6253   3.296035     2.4863     0.0196  0.0995471    86.4115      7.972    23.8494     4.4542 0.0000e+00
       1766      8.068    18.6286   3.296683     2.4819     0.0196  0.0995506    86.4276      7.993    23.8527     4.4399 0.0000e+00
       1767      8.088    18.6320   3.297347     2.4775     0.0196  0.0995535    86.4453      8.013    23.8561     4.4259 0.0000e+00
       1768      8.109    18.6354   3.298024     2.4731     0.0196  0.0995558    86.4646      8.033    23.8595     4.4121 0.0000e+00
       1769      8.129    18.6389   3.298713     2.4686     0.0196  0.0995577    86.4856      8.053    23.8630     4.3984 0.0000e+00
       1770      8.150    18.6425   3.299413     2.4641     0.0196  0.0995591    86.5078      8.074    23.8665     4.3850 0.0000e+00
       1771      8.171    18.6462   3.300122     2.4596     0.0196  0.0995599    86.5308      8.095    23.8701     4.3719 0.0000e+00
       1772      8.191    18.6501   3.300840     2.4551     0.0197  0.0995603    86.5545      8.115    23.8735     4.3591 0.0000e+00
       1773      8.212    18.6541   3.301567     2.4505     0.0197  0.0995602    86.5787      8.136    23.8770     4.3463 0.0000e+00
       1774      8.233    18.6582   3.302302     2.4459     0.0197  0.0995596    86.6030      8.156    23.8805     4.3339 0.0000e+00
       1775      8.253    18.6624   3.303045     2.4414     0.0197  0.0995585    86.6271      8.176    23.8841     4.3219 0.0000e+00
       1776      8.274    18.6666   3.303795     2.4368     0.0197  0.0995569    86.6509      8.197    23.8876     4.3101 0.0000e+00
       1777      8.295    18.6709   3.304554     2.4322     0.0197  0.0995548    86.6748      8.218    23.8912     4.2985 0.0000e+00
       1778      8.316    18.6751   3.305319     2.4277     0.0197  0.0995522    86.6993      8.239    23.8949     4.2875 0.0000e+00
       1779      8.337    18.6793   3.306095     2.4231     0.0197  0.0995491    86.7247      8.259    23.8987     4.2765 0.0000e+00
       1780      8.358    18.6834   3.306879     2.4186     0.0197  0.0995453    86.7510      8.280    23.9026     4.2661 0.0000e+00
       1781      8.379    18.6875   3.307675     2.4141     0.0196  0.0995410    86.7780      8.301    23.9066     4.2559 0.0000e+00
       1782      8.400    18.6915   3.308481     2.4096     0.0196  0.0995361    86.8056      8.322    23.9107     4.2459 0.0000e+00
       1783      8.421    18.6953   3.309299     2.4052     0.0196  0.0995305    86.8333      8.343    23.9150     4.2365 0.0000e+00
       1784      8.441    18.6991   3.310132     2.4008     0.0196  0.0995243    86.8609      8.362    23.9195     4.2273 0.0000e+00
       1785      8.462    18.7029   3.310978     2.3964     0.0196  0.0995173    86.8884      8.383    23.9240     4.2183 0.0000e+00
       1786      8.483    18.7066   3.311837     2.3920     0.0196  0.0995095    86.9162      8.404    23.9288     4.2095 0.0000e+00
       1787      8.504    18.7102   3.312707     2.3877     0.0196  0.0995008    86.9442      8.425    23.9336     4.2011 0.0000e+00
       1788      8.525    18.7139   3.313588     2.3835     0.0196  0.0994913    86.9725      8.446    23.9385     4.1931 0.0000e+00
       1789      8.546    18.7176   3.314477     2.3792     0.0196  0.0994808    87.0010      8.466    23.9435     4.1851 0.0000e+00
       1790      8.567    18.7214   3.315376     2.3750     0.0195  0.0994693    87.0292      8.487    23.9484     4.1774 0.0000e+00
       1791      8.588    18.7252   3.316281     2.3709     0.0195  0.0994566    87.0571      8.508    23.9535     4.1701 0.0000e+00
       1792      8.609    18.7291   3.317193     2.3668     0.0195  0.0994428    87.0847      8.529    23.9585     4.1629 0.0000e+00
       1793      8.630    18.7330   3.318111     2.3627     0.0195  0.0994276    87.1120      8.550    23.9636     4.1558 0.0000e+00
       1794      8.651    18.7371   3.319037     2.3587     0.0194  0.0994111    87.1389      8.570    23.9686     4.1490 0.0000e+00
       1795      8.672    18.7413   3.319971     2.3548     0.0194  0.0993930    87.1658      8.591    23.9736     4.1425 0.0000e+00
       1796      8.693    18.7458   3.320913     2.3509     0.0194  0.0993732    87.1930      8.612    23.9785     4.1360 0.0000e+00
       1797      8.714    18.7505   3.321867     2.3470     0.0193  0.0993517    87.2206      8.633    23.9834     4.1295 0.0000e+00
       1798      8.735    18.7555   3.322831     2.3432     0.0193  0.0993291    87.2485      8.654    23.9882     4.1232 0.0000e+00
       1799      8.756    18.7606   3.323808     2.3395     0.0193  0.0993070    87.2766      8.674    23.9931     4.1171 0.0000e+00
       1800      8.777    18.7658   3.324799     2.3358     0.0192  0.0992860    87.3047      8.695    23.9979     4.1111 0.0000e+00
       1801      8.798    18.7707   3.325803     2.3321     0.0192  0.0992660    87.3328      8.716    24.0031     4.1050 0.0000e+00
       1802      8.819    18.7753   3.326823     2.3285     0.0192  0.0992469    87.3605      8.737    24.0086     4.0990 0.0000e+00
       1803      8.840    18.7796   3.327856     2.3249     0.0191  0.0992285    87.3877      8.758    24.0143     4.0931 0.0000e+00
       1804      8.861    18.7836   3.328904     2.3214     0.0191  0.0992107    87.4143      8.778    24.0204     4.0872 0.0000e+00
