code/data/2022/wednesday_data/Station 4.cnv
* Sea-Bird SBE 9 Data File:
* FileName = C:\Users\ctd-user\Desktop\CTD data\MAR440 Sept 2022\Station 4.hex
* Software Version Seasave V 7.26.2.13
* Temperature SN = 4493
* Conductivity SN = 1899
* Number of Bytes Per Scan = 37
* Number of Voltage Words = 4
* Number of Scans Averaged by the Deck Unit = 1
* NMEA Latitude = 58 20.01 N
* NMEA Longitude = 011 52.49 E
* NMEA UTC (Time) = Sep 07 2022 09:15:23
* NMEA baud rate = 4800
** Ship:
** Station:
** Operator:
# nquan = 12                                
# nvalues = 10023                       
# units = specified
# name 0 = scan: Scan Count
# name 1 = prDM: Pressure, Digiquartz [db]
# name 2 = t090C: Temperature [ITS-90, deg C]
# name 3 = c0S/m: Conductivity [S/m]
# name 4 = sbeox0V: Oxygen raw, SBE 43 [V]
# name 5 = flECO-AFL: Fluorescence, WET Labs ECO-AFL/FL [mg/m^3]
# name 6 = upoly0: Upoly 0, Turbidity
# name 7 = xmiss: Beam Transmission, Chelsea/Seatech [%]
# name 8 = depSM: Depth [salt water, m], lat = 58.3335
# name 9 = sal00: Salinity, Practical [PSU]
# name 10 = sbeox0ML/L: Oxygen, SBE 43 [ml/l], WS = 2
# name 11 = flag: flag
# span 0 =          1,      10023       
# span 1 =      0.709,    120.324       
# span 2 =     7.4973,    18.7169       
# span 3 =   3.137327,   3.394017       
# span 4 =     0.5073,     2.7981       
# span 5 =     0.0097,     0.0393       
# span 6 =  0.0944994,  0.1537398       
# span 7 =    52.0801,    93.9449       
# span 8 =      0.702,    119.171       
# span 9 =    23.5939,    32.0410       
# span 10 =    -0.1286,     5.6231      
# span 11 = 0.0000e+00, 0.0000e+00      
# interval = seconds: 0.0416667
# start_time = Sep 07 2022 09:15:23 [NMEA time, header]
# bad_flag = -9.990e-29
*END*
[from data line 2647]
       2648     45.090     8.5651   3.394016     0.5367     0.0157  0.0969589    93.1556     44.666    32.0290     0.0885 -9.990e-29
       2649     45.090     8.5651   3.394015     0.5367     0.0158  0.0969015    93.1569     44.666    32.0290     0.0885 -9.990e-29
       2650     45.090     8.5651   3.394013     0.5367     0.0158  0.0968353    93.1587     44.666    32.0290     0.0885 -9.990e-29
       2651     45.090     8.5651   3.394012     0.5367     0.0158  0.0967598    93.1607     44.666    32.0290     0.0885 -9.990e-29
       2652     45.089     8.5651   3.394011     0.5367     0.0158  0.0966746    93.1625     44.665    32.0290     0.0885 -9.990e-29
       2653     45.089     8.5651   3.394009     0.5367     0.0158  0.0965790    93.1641     44.665    32.0290     0.0885 -9.990e-29
       2654     45.089     8.5651   3.394007     0.5367     0.0158  0.0964757    93.1653     44.665    32.0289     0.0885 -9.990e-29
       2655     45.089     8.5651   3.394005     0.5366     0.0158  0.0963726    93.1661     44.665    32.0289     0.0882 -9.990e-29
       2656     45.089     8.5651   3.394003     0.5366     0.0158  0.0962766    93.1667     44.665    32.0289     0.0883 -9.990e-29
       2657     45.088     8.5651   3.394001     0.5366     0.0158  0.0961895    93.1673     44.664    32.0289     0.0884 -9.990e-29
       2658     45.088     8.5650   3.393998     0.5366     0.0158  0.0961099    93.1679     44.664    32.0289     0.0884 -9.990e-29
       2659     45.088     8.5650   3.393995     0.5366     0.0158  0.0960373    93.1683     44.664    32.0289     0.0885 -9.990e-29
       2660     45.088     8.5650   3.393992     0.5365     0.0158  0.0959719    93.1683     44.664    32.0289     0.0883 -9.990e-29
       2661     45.088     8.5650   3.393989     0.5365     0.0158  0.0959125    93.1683     44.664    32.0288     0.0884 -9.990e-29
       2662     45.088     8.5650   3.393986     0.5365     0.0158  0.0958578    93.1688     44.664    32.0288     0.0884 -9.990e-29
       2663     45.087     8.5650   3.393982     0.5365     0.0158  0.0958075    93.1705     44.663    32.0288     0.0885 -9.990e-29
       2664     45.087     8.5650   3.393979     0.5365     0.0158  0.0957611    93.1731     44.663    32.0287     0.0885 -9.990e-29
       2665     45.087     8.5650   3.393975     0.5364     0.0159  0.0957185    93.1764     44.663    32.0287     0.0883 -9.990e-29
       2666     45.087     8.5650   3.393972     0.5364     0.0159  0.0956791    93.1803     44.663    32.0287     0.0883 -9.990e-29
       2667     45.087     8.5650   3.393968     0.5364     0.0159  0.0956429    93.1848     44.663    32.0286     0.0884 -9.990e-29
       2668     45.087     8.5650   3.393964     0.5364     0.0159  0.0956095    93.1898     44.663    32.0286     0.0884 -9.990e-29
       2669     45.087     8.5650   3.393961     0.5364     0.0159  0.0955788    93.1951     44.663    32.0286     0.0885 -9.990e-29
       2670     45.087     8.5651   3.393958     0.5364     0.0159  0.0955504    93.2005     44.663    32.0284     0.0885 -9.990e-29
       2671     45.087     8.5651   3.393954     0.5363     0.0159  0.0955242    93.2057     44.663    32.0284     0.0882 -9.990e-29
       2672     45.087     8.5651   3.393950     0.5363     0.0159  0.0955001    93.2107     44.663    32.0283     0.0882 -9.990e-29
       2673     45.087     8.5652   3.393947     0.5363     0.0159  0.0954778    93.2152     44.663    32.0282     0.0882 -9.990e-29
       2674     45.087     8.5652   3.393943     0.5363     0.0159  0.0954571    93.2193     44.663    32.0282     0.0883 -9.990e-29
       2675     45.087     8.5652   3.393939     0.5363     0.0159  0.0954381    93.2229     44.663    32.0281     0.0883 -9.990e-29
       2676     45.087     8.5652   3.393935     0.5363     0.0159  0.0954204    93.2262     44.663    32.0281     0.0884 -9.990e-29
       2677     45.087     8.5652   3.393931     0.5363     0.0159  0.0954041    93.2289     44.663    32.0281     0.0884 -9.990e-29
       2678     45.086     8.5652   3.393927     0.5363     0.0159  0.0953889    93.2309     44.662    32.0280     0.0884 -9.990e-29
       2679     45.086     8.5653   3.393923     0.5363     0.0159  0.0953748    93.2320     44.662    32.0279     0.0885 -9.990e-29
       2680     45.086     8.5653   3.393919     0.5364     0.0159  0.0953616    93.2323     44.662    32.0278     0.0888 -9.990e-29
       2681     45.086     8.5653   3.393915     0.5364     0.0159  0.0953494    93.2320     44.662    32.0278     0.0888 -9.990e-29
       2682     45.086     8.5654   3.393911     0.5364     0.0159  0.0953380    93.2310     44.662    32.0277     0.0888 -9.990e-29
       2683     45.085     8.5655   3.393907     0.5364     0.0159  0.0953272    93.2296     44.661    32.0275     0.0888 -9.990e-29
       2684     45.085     8.5655   3.393903     0.5364     0.0159  0.0953172    93.2276     44.661    32.0275     0.0888 -9.990e-29
       2685     45.085     8.5656   3.393900     0.5364     0.0159  0.0953077    93.2249     44.661    32.0274     0.0888 -9.990e-29
       2686     45.085     8.5657   3.393897     0.5363     0.0159  0.0952995    93.2216     44.661    32.0272     0.0885 -9.990e-29
       2687     45.085     8.5657   3.393893     0.5363     0.0159  0.0952935    93.2177     44.661    32.0272     0.0885 -9.990e-29
       2688     45.085     8.5658   3.393890     0.5363     0.0159  0.0952888    93.2134     44.661    32.0271     0.0885 -9.990e-29
       2689     45.085     8.5659   3.393888     0.5363     0.0159  0.0952844    93.2085     44.661    32.0270     0.0884 -9.990e-29
       2690     45.084     8.5659   3.393885     0.5363     0.0159  0.0952804    93.2033     44.660    32.0269     0.0883 -9.990e-29
       2691     45.084     8.5660   3.393882     0.5363     0.0159  0.0952768    93.1983     44.660    32.0268     0.0883 -9.990e-29
       2692     45.084     8.5660   3.393879     0.5362     0.0159  0.0952734    93.1938     44.660    32.0268     0.0879 -9.990e-29
       2693     45.084     8.5661   3.393876     0.5362     0.0159  0.0952703    93.1906     44.660    32.0267     0.0879 -9.990e-29
       2694     45.084     8.5662   3.393873     0.5362     0.0159  0.0952674    93.1891     44.660    32.0265     0.0879 -9.990e-29
       2695     45.084     8.5662   3.393871     0.5362     0.0159  0.0952648    93.1892     44.660    32.0265     0.0878 -9.990e-29
       2696     45.084     8.5663   3.393869     0.5362     0.0159  0.0952623    93.1902     44.660    32.0264     0.0878 -9.990e-29
       2697     45.083     8.5663   3.393866     0.5362     0.0159  0.0952601    93.1919     44.659    32.0264     0.0877 -9.990e-29
       2698     45.083     8.5663   3.393863     0.5362     0.0159  0.0952580    93.1940     44.659    32.0263     0.0877 -9.990e-29
       2699     45.083     8.5664   3.393861     0.5362     0.0159  0.0952561    93.1963     44.659    32.0262     0.0876 -9.990e-29
       2700     45.083     8.5664   3.393858     0.5362     0.0159  0.0952544    93.1985     44.659    32.0262     0.0876 -9.990e-29
       2701     45.082     8.5664   3.393855     0.5361     0.0159  0.0952528    93.2006     44.658    32.0262     0.0873 -9.990e-29
       2702     45.082     8.5664   3.393853     0.5361     0.0159  0.0952513    93.2026     44.658    32.0262     0.0873 -9.990e-29
       2703     45.082     8.5664   3.393850     0.5361     0.0159  0.0952500    93.2044     44.658    32.0261     0.0872 -9.990e-29
       2704     45.082     8.5664   3.393848     0.5361     0.0159  0.0952487    93.2064     44.658    32.0261     0.0872 -9.990e-29
       2705     45.081     8.5664   3.393845     0.5361     0.0159  0.0952476    93.2086     44.657    32.0261     0.0872 -9.990e-29
       2706     45.081     8.5664   3.393842     0.5361     0.0159  0.0952465    93.2115     44.657    32.0260     0.0872 -9.990e-29
       2707     45.081     8.5664   3.393840     0.5360     0.0159  0.0952456    93.2152     44.657    32.0260     0.0869 -9.990e-29
       2708     45.081     8.5664   3.393838     0.5360     0.0159  0.0952447    93.2195     44.657    32.0260     0.0870 -9.990e-29
       2709     45.081     8.5664   3.393836     0.5360     0.0159  0.0952438    93.2242     44.657    32.0260     0.0870 -9.990e-29
       2710     45.081     8.5664   3.393834     0.5360     0.0159  0.0952431    93.2291     44.657    32.0260     0.0871 -9.990e-29
       2711     45.080     8.5664   3.393832     0.5360     0.0159  0.0952424    93.2341     44.656    32.0259     0.0871 -9.990e-29
       2712     45.080     8.5663   3.393830     0.5360     0.0159  0.0952417    93.2388     44.656    32.0260     0.0871 -9.990e-29
       2713     45.080     8.5663   3.393828     0.5359     0.0159  0.0952412    93.2431     44.656    32.0260     0.0869 -9.990e-29
       2714     45.080     8.5663   3.393826     0.5359     0.0159  0.0952406    93.2470     44.656    32.0260     0.0869 -9.990e-29
       2715     45.079     8.5663   3.393824     0.5359     0.0159  0.0952401    93.2503     44.655    32.0259     0.0870 -9.990e-29
       2716     45.079     8.5663   3.393823     0.5359     0.0159  0.0952397    93.2530     44.655    32.0259     0.0870 -9.990e-29
       2717     45.079     8.5663   3.393820     0.5359     0.0159  0.0952392    93.2550     44.655    32.0259     0.0870 -9.990e-29
       2718     45.079     8.5663   3.393819     0.5359     0.0159  0.0952389    93.2567     44.655    32.0259     0.0871 -9.990e-29
       2719     45.078     8.5662   3.393817     0.5359     0.0159  0.0952385    93.2583     44.654    32.0260     0.0871 -9.990e-29
       2720     45.078     8.5662   3.393816     0.5359     0.0159  0.0952382    93.2600     44.654    32.0259     0.0871 -9.990e-29
       2721     45.078     8.5662   3.393815     0.5359     0.0159  0.0952379    93.2618     44.654    32.0259     0.0871 -9.990e-29
       2722     45.077     8.5662   3.393813     0.5359     0.0159  0.0952376    93.2637     44.653    32.0259     0.0872 -9.990e-29
       2723     45.077     8.5662   3.393812     0.5359     0.0158  0.0952373    93.2654     44.653    32.0259     0.0872 -9.990e-29
       2724     45.077     8.5662   3.393811     0.5359     0.0158  0.0952371    93.2669     44.653    32.0259     0.0873 -9.990e-29
       2725     45.076     8.5663   3.393809     0.5359     0.0158  0.0952369    93.2682     44.652    32.0258     0.0873 -9.990e-29
       2726     45.076     8.5663   3.393808     0.5359     0.0158  0.0952367    93.2691     44.652    32.0258     0.0874 -9.990e-29
       2727     45.076     8.5664   3.393807     0.5358     0.0158  0.0952365    93.2697     44.652    32.0257     0.0871 -9.990e-29
       2728     45.076     8.5664   3.393806     0.5358     0.0158  0.0952363    93.2698     44.652    32.0257     0.0872 -9.990e-29
       2729     45.076     8.5665   3.393806     0.5358     0.0158  0.0952362    93.2692     44.652    32.0256     0.0872 -9.990e-29
       2730     45.076     8.5666   3.393805     0.5358     0.0158  0.0952360    93.2682     44.652    32.0255     0.0873 -9.990e-29
       2731     45.075     8.5667   3.393804     0.5358     0.0158  0.0952359    93.2667     44.651    32.0254     0.0873 -9.990e-29
       2732     45.075     8.5669   3.393804     0.5358     0.0158  0.0952358    93.2651     44.651    32.0252     0.0873 -9.990e-29
       2733     45.075     8.5670   3.393803     0.5358     0.0158  0.0952357    93.2635     44.651    32.0251     0.0873 -9.990e-29
       2734     45.075     8.5672   3.393804     0.5358     0.0158  0.0952356    93.2617     44.651    32.0249     0.0873 -9.990e-29
       2735     45.075     8.5674   3.393804     0.5358     0.0158  0.0952355    93.2594     44.651    32.0247     0.0873 -9.990e-29
       2736     45.075     8.5675   3.393803     0.5358     0.0158  0.0952354    93.2564     44.651    32.0246     0.0873 -9.990e-29
       2737     45.074     8.5677   3.393803     0.5358     0.0158  0.0952353    93.2524     44.650    32.0245     0.0873 -9.990e-29
       2738     45.074     8.5678   3.393803     0.5358     0.0158  0.0952352    93.2476     44.650    32.0244     0.0873 -9.990e-29
       2739     45.074     8.5679   3.393802     0.5357     0.0158  0.0952352    93.2426     44.650    32.0243     0.0869 -9.990e-29
       2740     45.074     8.5680   3.393801     0.5357     0.0158  0.0952351    93.2377     44.650    32.0242     0.0869 -9.990e-29
       2741     45.074     8.5681   3.393802     0.5358     0.0158  0.0952350    93.2329     44.650    32.0241     0.0872 -9.990e-29
       2742     45.074     8.5682   3.393801     0.5358     0.0158  0.0952350    93.2281     44.650    32.0240     0.0871 -9.990e-29
       2743     45.074     8.5683   3.393800     0.5357     0.0158  0.0952349    93.2233     44.650    32.0239     0.0868 -9.990e-29
       2744     45.074     8.5683   3.393799     0.5357     0.0158  0.0952349    93.2185     44.650    32.0239     0.0868 -9.990e-29
       2745     45.074     8.5684   3.393799     0.5357     0.0158  0.0952349    93.2141     44.650    32.0238     0.0868 -9.990e-29
       2746     45.074     8.5684   3.393797     0.5357     0.0158  0.0952348    93.2103     44.650    32.0238     0.0868 -9.990e-29
       2747     45.073     8.5684   3.393797     0.5357     0.0158  0.0952348    93.2070     44.649    32.0238     0.0868 -9.990e-29
       2748     45.073     8.5684   3.393796     0.5357     0.0158  0.0952348    93.2039     44.649    32.0237     0.0868 -9.990e-29
       2749     45.073     8.5685   3.393796     0.5357     0.0158  0.0952347    93.2007     44.649    32.0237     0.0868 -9.990e-29
       2750     45.073     8.5685   3.393793     0.5357     0.0158  0.0952347    93.1974     44.649    32.0236     0.0868 -9.990e-29
       2751     45.073     8.5685   3.393792     0.5357     0.0158  0.0952347    93.1942     44.649    32.0236     0.0869 -9.990e-29
       2752     45.073     8.5686   3.393792     0.5357     0.0158  0.0952347    93.1918     44.649    32.0235     0.0869 -9.990e-29
       2753     45.073     8.5686   3.393791     0.5357     0.0158  0.0952346    93.1909     44.649    32.0235     0.0869 -9.990e-29
       2754     45.073     8.5687   3.393789     0.5357     0.0158  0.0952346    93.1919     44.649    32.0234     0.0868 -9.990e-29
       2755     45.073     8.5688   3.393787     0.5356     0.0158  0.0952346    93.1944     44.649    32.0233     0.0865 -9.990e-29
       2756     45.073     8.5689   3.393786     0.5356     0.0158  0.0952346    93.1978     44.649    32.0232     0.0865 -9.990e-29
       2757     45.073     8.5690   3.393785     0.5356     0.0158  0.0952346    93.2018     44.649    32.0231     0.0865 -9.990e-29
       2758     45.073     8.5691   3.393783     0.5356     0.0158  0.0952346    93.2060     44.649    32.0230     0.0865 -9.990e-29
       2759     45.073     8.5693   3.393782     0.5356     0.0158  0.0952345    93.2105     44.649    32.0228     0.0865 -9.990e-29
       2760     45.073     8.5694   3.393780     0.5356     0.0158  0.0952345    93.2152     44.649    32.0227     0.0865 -9.990e-29
       2761     45.073     8.5696   3.393779     0.5356     0.0158  0.0952345    93.2199     44.649    32.0225     0.0865 -9.990e-29
       2762     45.072     8.5697   3.393776     0.5356     0.0158  0.0952345    93.2246     44.648    32.0224     0.0864 -9.990e-29
       2763     45.072     8.5699   3.393773     0.5355     0.0158  0.0952345    93.2295     44.648    32.0221     0.0861 -9.990e-29
       2764     45.072     8.5700   3.393772     0.5355     0.0158  0.0952345    93.2342     44.648    32.0220     0.0861 -9.990e-29
       2765     45.072     8.5701   3.393769     0.5355     0.0158  0.0952345    93.2388     44.648    32.0219     0.0860 -9.990e-29
       2766     45.072     8.5703   3.393767     0.5355     0.0158  0.0952345    93.2435     44.648    32.0217     0.0861 -9.990e-29
