code/data/2022/wednesday_data/Station 5.cnv
* Sea-Bird SBE 9 Data File:
* FileName = C:\Users\ctd-user\Desktop\CTD data\MAR440 Sept 2022\Station 5.hex
* Software Version Seasave V 7.26.2.13
* Temperature SN = 4493
* Conductivity SN = 1899
* Number of Bytes Per Scan = 37
* Number of Voltage Words = 4
* Number of Scans Averaged by the Deck Unit = 1
* NMEA Latitude = 58 19.72 N
* NMEA Longitude = 011 51.36 E
* NMEA UTC (Time) = Sep 07 2022 09:56:40
* NMEA baud rate = 4800
** Ship:
** Station:
** Operator:
# nquan = 12                                
# nvalues = 3674                        
# units = specified
# name 0 = scan: Scan Count
# name 1 = prDM: Pressure, Digiquartz [db]
# name 2 = t090C: Temperature [ITS-90, deg C]
# name 3 = c0S/m: Conductivity [S/m]
# name 4 = sbeox0V: Oxygen raw, SBE 43 [V]
# name 5 = flECO-AFL: Fluorescence, WET Labs ECO-AFL/FL [mg/m^3]
# name 6 = upoly0: Upoly 0, Turbidity
# name 7 = xmiss: Beam Transmission, Chelsea/Seatech [%]
# name 8 = depSM: Depth [salt water, m], lat = 58.3287
# name 9 = sal00: Salinity, Practical [PSU]
# name 10 = sbeox0ML/L: Oxygen, SBE 43 [ml/l], WS = 2
# name 11 = flag: flag
# span 0 =          1,       3674       
# span 1 =      0.993,     19.346       
# span 2 =     8.0710,    18.8009       
# span 3 =   3.120941,   3.369054       
# span 4 =     0.5626,     2.7394       
# span 5 =     0.0055,     0.0479       
# span 6 =  0.0952607,  0.1102243       
# span 7 =    84.5142,    94.8547       
# span 8 =      0.984,     19.165       
# span 9 =    23.6450,    30.6572       
# span 10 =     0.1660,     5.4729      
# span 11 = 0.0000e+00, 0.0000e+00      
# interval = seconds: 0.0416667
# start_time = Sep 07 2022 09:56:40 [NMEA time, header]
# bad_flag = -9.990e-29
*END*
[from data line 1444]
       1445      1.762    18.4852   3.264336     2.7193     0.0196  0.0993382    85.5741      1.746    23.6778     5.4118 -9.990e-29
       1446      1.774    18.4846   3.264288     2.7193     0.0196  0.0993298    85.5762      1.758    23.6778     5.4114 -9.990e-29
       1447      1.785    18.4839   3.264241     2.7192     0.0196  0.0993228    85.5779      1.768    23.6778     5.4109 -9.990e-29
       1448      1.797    18.4833   3.264195     2.7191     0.0195  0.0993170    85.5793      1.780    23.6778     5.4103 -9.990e-29
       1449      1.808    18.4828   3.264151     2.7190     0.0195  0.0993125    85.5804      1.791    23.6777     5.4098 -9.990e-29
       1450      1.820    18.4823   3.264107     2.7189     0.0195  0.0993091    85.5812      1.803    23.6776     5.4092 -9.990e-29
       1451      1.832    18.4818   3.264065     2.7188     0.0195  0.0993069    85.5819      1.815    23.6776     5.4087 -9.990e-29
       1452      1.845    18.4813   3.264023     2.7187     0.0195  0.0993059    85.5825      1.828    23.6775     5.4082 -9.990e-29
       1453      1.857    18.4809   3.263984     2.7186     0.0195  0.0993060    85.5827      1.840    23.6774     5.4077 -9.990e-29
       1454      1.870    18.4805   3.263943     2.7185     0.0194  0.0993072    85.5823      1.853    23.6773     5.4073 -9.990e-29
       1455      1.882    18.4802   3.263905     2.7183     0.0194  0.0993096    85.5812      1.865    23.6772     5.4066 -9.990e-29
       1456      1.895    18.4799   3.263865     2.7182     0.0194  0.0993132    85.5800      1.877    23.6770     5.4061 -9.990e-29
       1457      1.909    18.4797   3.263828     2.7181     0.0194  0.0993179    85.5787      1.891    23.6768     5.4057 -9.990e-29
       1458      1.922    18.4795   3.263791     2.7180     0.0194  0.0993239    85.5775      1.904    23.6767     5.4053 -9.990e-29
       1459      1.935    18.4794   3.263754     2.7179     0.0194  0.0993312    85.5764      1.917    23.6764     5.4049 -9.990e-29
       1460      1.949    18.4793   3.263720     2.7177     0.0193  0.0993397    85.5754      1.931    23.6762     5.4043 -9.990e-29
       1461      1.963    18.4792   3.263685     2.7176     0.0193  0.0993497    85.5745      1.945    23.6760     5.4040 -9.990e-29
       1462      1.977    18.4792   3.263653     2.7175     0.0193  0.0993611    85.5737      1.959    23.6757     5.4036 -9.990e-29
       1463      1.991    18.4792   3.263622     2.7174     0.0193  0.0993740    85.5727      1.972    23.6755     5.4033 -9.990e-29
       1464      2.006    18.4793   3.263593     2.7173     0.0192  0.0993885    85.5716      1.987    23.6752     5.4030 -9.990e-29
       1465      2.020    18.4793   3.263566     2.7172     0.0192  0.0994048    85.5705      2.001    23.6749     5.4027 -9.990e-29
       1466      2.035    18.4794   3.263541     2.7171     0.0192  0.0994220    85.5697      2.016    23.6747     5.4024 -9.990e-29
       1467      2.050    18.4795   3.263517     2.7169     0.0192  0.0994387    85.5692      2.031    23.6744     5.4019 -9.990e-29
       1468      2.065    18.4796   3.263495     2.7168     0.0192  0.0994540    85.5691      2.046    23.6742     5.4016 -9.990e-29
       1469      2.080    18.4796   3.263476     2.7167     0.0191  0.0994680    85.5692      2.061    23.6740     5.4014 -9.990e-29
       1470      2.095    18.4797   3.263459     2.7166     0.0191  0.0994810    85.5696      2.076    23.6738     5.4011 -9.990e-29
       1471      2.110    18.4797   3.263443     2.7165     0.0191  0.0994929    85.5701      2.090    23.6737     5.4009 -9.990e-29
       1472      2.126    18.4798   3.263429     2.7164     0.0191  0.0995039    85.5707      2.106    23.6735     5.4007 -9.990e-29
       1473      2.141    18.4798   3.263417     2.7163     0.0191  0.0995140    85.5711      2.121    23.6734     5.4005 -9.990e-29
       1474      2.157    18.4799   3.263407     2.7162     0.0191  0.0995233    85.5712      2.137    23.6733     5.4002 -9.990e-29
       1475      2.173    18.4800   3.263399     2.7161     0.0191  0.0995318    85.5709      2.153    23.6732     5.4000 -9.990e-29
       1476      2.189    18.4800   3.263391     2.7160     0.0190  0.0995397    85.5701      2.169    23.6731     5.3998 -9.990e-29
       1477      2.205    18.4800   3.263386     2.7159     0.0190  0.0995469    85.5688      2.184    23.6731     5.3996 -9.990e-29
       1478      2.222    18.4799   3.263382     2.7158     0.0190  0.0995535    85.5667      2.201    23.6731     5.3994 -9.990e-29
       1479      2.239    18.4798   3.263378     2.7157     0.0190  0.0995596    85.5640      2.218    23.6731     5.3992 -9.990e-29
       1480      2.256    18.4797   3.263376     2.7156     0.0190  0.0995653    85.5607      2.235    23.6731     5.3989 -9.990e-29
       1481      2.273    18.4795   3.263373     2.7155     0.0190  0.0995704    85.5571      2.252    23.6732     5.3987 -9.990e-29
       1482      2.290    18.4793   3.263371     2.7154     0.0190  0.0995752    85.5531      2.269    23.6733     5.3985 -9.990e-29
       1483      2.308    18.4791   3.263370     2.7153     0.0190  0.0995796    85.5488      2.287    23.6734     5.3983 -9.990e-29
       1484      2.326    18.4789   3.263371     2.7152     0.0190  0.0995836    85.5443      2.304    23.6735     5.3981 -9.990e-29
       1485      2.344    18.4787   3.263372     2.7151     0.0190  0.0995873    85.5398      2.322    23.6737     5.3978 -9.990e-29
       1486      2.362    18.4785   3.263375     2.7150     0.0190  0.0995907    85.5353      2.340    23.6738     5.3976 -9.990e-29
       1487      2.381    18.4783   3.263377     2.7149     0.0190  0.0995939    85.5308      2.359    23.6739     5.3974 -9.990e-29
       1488      2.400    18.4781   3.263379     2.7148     0.0190  0.0995968    85.5265      2.378    23.6740     5.3971 -9.990e-29
       1489      2.418    18.4779   3.263382     2.7147     0.0190  0.0995994    85.5224      2.396    23.6742     5.3969 -9.990e-29
       1490      2.437    18.4777   3.263383     2.7146     0.0190  0.0996019    85.5187      2.414    23.6743     5.3967 -9.990e-29
       1491      2.456    18.4775   3.263384     2.7144     0.0190  0.0996041    85.5148      2.433    23.6744     5.3962 -9.990e-29
       1492      2.475    18.4773   3.263384     2.7143     0.0190  0.0996062    85.5108      2.452    23.6745     5.3959 -9.990e-29
       1493      2.494    18.4771   3.263383     2.7142     0.0190  0.0996081    85.5065      2.471    23.6746     5.3956 -9.990e-29
       1494      2.513    18.4769   3.263382     2.7141     0.0190  0.0996098    85.5021      2.490    23.6747     5.3954 -9.990e-29
       1495      2.533    18.4767   3.263383     2.7140     0.0190  0.0996114    85.4977      2.509    23.6748     5.3951 -9.990e-29
       1496      2.552    18.4765   3.263382     2.7139     0.0190  0.0996129    85.4936      2.528    23.6749     5.3948 -9.990e-29
       1497      2.571    18.4764   3.263382     2.7138     0.0190  0.0996143    85.4903      2.547    23.6750     5.3945 -9.990e-29
       1498      2.591    18.4762   3.263382     2.7137     0.0190  0.0996155    85.4877      2.567    23.6751     5.3942 -9.990e-29
       1499      2.610    18.4761   3.263382     2.7135     0.0190  0.0996167    85.4860      2.586    23.6751     5.3937 -9.990e-29
       1500      2.630    18.4760   3.263383     2.7134     0.0190  0.0996178    85.4852      2.606    23.6752     5.3933 -9.990e-29
       1501      2.649    18.4759   3.263384     2.7133     0.0190  0.0996187    85.4857      2.624    23.6753     5.3930 -9.990e-29
       1502      2.669    18.4757   3.263384     2.7132     0.0190  0.0996196    85.4873      2.644    23.6754     5.3927 -9.990e-29
       1503      2.689    18.4756   3.263385     2.7131     0.0190  0.0996204    85.4897      2.664    23.6754     5.3924 -9.990e-29
       1504      2.708    18.4755   3.263387     2.7130     0.0190  0.0996212    85.4926      2.683    23.6755     5.3921 -9.990e-29
       1505      2.728    18.4754   3.263390     2.7129     0.0190  0.0996219    85.4960      2.703    23.6756     5.3918 -9.990e-29
       1506      2.748    18.4753   3.263392     2.7128     0.0190  0.0996225    85.4998      2.722    23.6757     5.3915 -9.990e-29
       1507      2.768    18.4752   3.263395     2.7126     0.0190  0.0996231    85.5037      2.742    23.6757     5.3910 -9.990e-29
       1508      2.788    18.4751   3.263399     2.7125     0.0190  0.0996237    85.5079      2.762    23.6758     5.3907 -9.990e-29
       1509      2.808    18.4750   3.263403     2.7124     0.0190  0.0996242    85.5123      2.782    23.6759     5.3904 -9.990e-29
       1510      2.827    18.4749   3.263407     2.7123     0.0190  0.0996246    85.5170      2.801    23.6760     5.3901 -9.990e-29
       1511      2.847    18.4749   3.263412     2.7122     0.0190  0.0996250    85.5218      2.821    23.6760     5.3899 -9.990e-29
       1512      2.867    18.4748   3.263418     2.7121     0.0191  0.0996254    85.5272      2.840    23.6761     5.3896 -9.990e-29
       1513      2.887    18.4748   3.263423     2.7119     0.0191  0.0996258    85.5329      2.860    23.6761     5.3891 -9.990e-29
       1514      2.907    18.4748   3.263429     2.7118     0.0191  0.0996261    85.5386      2.880    23.6762     5.3888 -9.990e-29
       1515      2.927    18.4749   3.263435     2.7117     0.0191  0.0996264    85.5438      2.900    23.6762     5.3886 -9.990e-29
       1516      2.947    18.4749   3.263442     2.7116     0.0191  0.0996266    85.5481      2.920    23.6762     5.3883 -9.990e-29
       1517      2.967    18.4749   3.263449     2.7114     0.0191  0.0996269    85.5517      2.939    23.6763     5.3878 -9.990e-29
       1518      2.987    18.4749   3.263457     2.7113     0.0191  0.0996271    85.5548      2.959    23.6763     5.3875 -9.990e-29
       1519      3.007    18.4750   3.263467     2.7111     0.0192  0.0996273    85.5575      2.979    23.6764     5.3870 -9.990e-29
       1520      3.027    18.4750   3.263476     2.7110     0.0192  0.0996275    85.5599      2.999    23.6764     5.3868 -9.990e-29
       1521      3.046    18.4750   3.263486     2.7108     0.0192  0.0996277    85.5620      3.018    23.6765     5.3863 -9.990e-29
       1522      3.066    18.4750   3.263497     2.7107     0.0192  0.0996278    85.5639      3.037    23.6766     5.3861 -9.990e-29
       1523      3.086    18.4750   3.263509     2.7105     0.0192  0.0996279    85.5654      3.057    23.6767     5.3856 -9.990e-29
       1524      3.106    18.4750   3.263522     2.7104     0.0192  0.0996281    85.5667      3.077    23.6768     5.3854 -9.990e-29
       1525      3.126    18.4750   3.263537     2.7103     0.0193  0.0996282    85.5679      3.097    23.6769     5.3851 -9.990e-29
       1526      3.146    18.4750   3.263552     2.7101     0.0193  0.0996283    85.5694      3.117    23.6770     5.3847 -9.990e-29
       1527      3.166    18.4750   3.263569     2.7100     0.0193  0.0996284    85.5709      3.137    23.6771     5.3844 -9.990e-29
       1528      3.186    18.4749   3.263585     2.7099     0.0193  0.0996284    85.5723      3.156    23.6773     5.3842 -9.990e-29
       1529      3.206    18.4749   3.263604     2.7098     0.0193  0.0996285    85.5735      3.176    23.6775     5.3840 -9.990e-29
       1530      3.226    18.4748   3.263621     2.7096     0.0193  0.0996285    85.5743      3.196    23.6776     5.3836 -9.990e-29
       1531      3.245    18.4747   3.263639     2.7095     0.0194  0.0996286    85.5748      3.215    23.6778     5.3834 -9.990e-29
       1532      3.265    18.4747   3.263658     2.7094     0.0194  0.0996286    85.5750      3.235    23.6780     5.3831 -9.990e-29
       1533      3.285    18.4746   3.263676     2.7093     0.0194  0.0996286    85.5749      3.254    23.6782     5.3830 -9.990e-29
       1534      3.305    18.4745   3.263695     2.7091     0.0194  0.0996286    85.5745      3.274    23.6784     5.3825 -9.990e-29
       1535      3.325    18.4745   3.263715     2.7090     0.0195  0.0996286    85.5740      3.294    23.6785     5.3823 -9.990e-29
       1536      3.345    18.4744   3.263734     2.7089     0.0195  0.0996286    85.5736      3.314    23.6787     5.3821 -9.990e-29
       1537      3.365    18.4743   3.263753     2.7088     0.0195  0.0996286    85.5731      3.334    23.6790     5.3820 -9.990e-29
       1538      3.385    18.4743   3.263775     2.7087     0.0195  0.0996286    85.5725      3.354    23.6791     5.3818 -9.990e-29
       1539      3.404    18.4742   3.263795     2.7086     0.0196  0.0996285    85.5717      3.372    23.6793     5.3816 -9.990e-29
       1540      3.424    18.4742   3.263816     2.7085     0.0196  0.0996285    85.5705      3.392    23.6795     5.3814 -9.990e-29
       1541      3.444    18.4742   3.263837     2.7084     0.0196  0.0996284    85.5688      3.412    23.6797     5.3813 -9.990e-29
       1542      3.464    18.4742   3.263859     2.7082     0.0197  0.0996284    85.5666      3.432    23.6798     5.3809 -9.990e-29
       1543      3.484    18.4742   3.263881     2.7081     0.0197  0.0996283    85.5641      3.452    23.6800     5.3807 -9.990e-29
       1544      3.504    18.4743   3.263905     2.7080     0.0198  0.0996282    85.5617      3.471    23.6801     5.3805 -9.990e-29
       1545      3.524    18.4743   3.263928     2.7079     0.0198  0.0996281    85.5596      3.491    23.6803     5.3804 -9.990e-29
       1546      3.544    18.4744   3.263952     2.7078     0.0198  0.0996280    85.5581      3.511    23.6804     5.3802 -9.990e-29
       1547      3.564    18.4744   3.263976     2.7077     0.0198  0.0996278    85.5571      3.531    23.6806     5.3800 -9.990e-29
       1548      3.583    18.4745   3.264001     2.7075     0.0199  0.0996277    85.5566      3.550    23.6808     5.3796 -9.990e-29
       1549      3.603    18.4745   3.264025     2.7074     0.0199  0.0996275    85.5568      3.569    23.6810     5.3794 -9.990e-29
       1550      3.623    18.4746   3.264050     2.7073     0.0199  0.0996273    85.5575      3.589    23.6811     5.3793 -9.990e-29
       1551      3.643    18.4746   3.264076     2.7072     0.0199  0.0996271    85.5592      3.609    23.6813     5.3791 -9.990e-29
       1552      3.663    18.4747   3.264104     2.7070     0.0200  0.0996269    85.5619      3.629    23.6815     5.3787 -9.990e-29
       1553      3.683    18.4747   3.264131     2.7069     0.0200  0.0996267    85.5656      3.649    23.6817     5.3785 -9.990e-29
       1554      3.703    18.4748   3.264159     2.7068     0.0200  0.0996264    85.5697      3.669    23.6818     5.3784 -9.990e-29
       1555      3.723    18.4749   3.264188     2.7067     0.0200  0.0996261    85.5741      3.688    23.6820     5.3782 -9.990e-29
       1556      3.743    18.4749   3.264215     2.7066     0.0200  0.0996258    85.5792      3.708    23.6822     5.3780 -9.990e-29
       1557      3.763    18.4750   3.264243     2.7065     0.0201  0.0996255    85.5850      3.728    23.6824     5.3779 -9.990e-29
       1558      3.783    18.4751   3.264271     2.7064     0.0201  0.0996251    85.5913      3.748    23.6825     5.3777 -9.990e-29
       1559      3.803    18.4752   3.264301     2.7062     0.0201  0.0996247    85.5976      3.768    23.6827     5.3774 -9.990e-29
       1560      3.823    18.4753   3.264329     2.7061     0.0201  0.0996242    85.6036      3.787    23.6829     5.3772 -9.990e-29
       1561      3.843    18.4754   3.264358     2.7060     0.0201  0.0996237    85.6095      3.807    23.6830     5.3771 -9.990e-29
       1562      3.863    18.4755   3.264386     2.7059     0.0202  0.0996232    85.6154      3.827    23.6832     5.3769 -9.990e-29
       1563      3.883    18.4756   3.264414     2.7058     0.0202  0.0996226    85.6210      3.847    23.6834     5.3768 -9.990e-29
