code/data/2022/wednesday_data/Station 9.cnv
* Sea-Bird SBE 9 Data File:
* FileName = C:\Users\ctd-user\Desktop\CTD data\MAR440 Sept 2022\Station 9.hex
* Software Version Seasave V 7.26.2.13
* Temperature SN = 4493
* Conductivity SN = 1899
* Number of Bytes Per Scan = 37
* Number of Voltage Words = 4
* Number of Scans Averaged by the Deck Unit = 1
* NMEA Latitude = 58 18.28 N
* NMEA Longitude = 011 45.34 E
* NMEA UTC (Time) = Sep 07 2022 11:55:31
* NMEA baud rate = 4800
** Ship: Skagerrak
** Station: 9
** Operator: Gabriella
# nquan = 12                                
# nvalues = 3018                        
# units = specified
# name 0 = scan: Scan Count
# name 1 = prDM: Pressure, Digiquartz [db]
# name 2 = t090C: Temperature [ITS-90, deg C]
# name 3 = c0S/m: Conductivity [S/m]
# name 4 = sbeox0V: Oxygen raw, SBE 43 [V]
# name 5 = flECO-AFL: Fluorescence, WET Labs ECO-AFL/FL [mg/m^3]
# name 6 = upoly0: Upoly 0, Turbidity
# name 7 = xmiss: Beam Transmission, Chelsea/Seatech [%]
# name 8 = depSM: Depth [salt water, m], lat = 58.3047
# name 9 = sal00: Salinity, Practical [PSU]
# name 10 = sbeox0ML/L: Oxygen, SBE 43 [ml/l], WS = 2
# name 11 = flag: flag
# span 0 =          1,       3018       
# span 1 =      0.816,     38.875       
# span 2 =     6.2374,    18.8841       
# span 3 =   3.122713,   3.401943       
# span 4 =     0.6297,     2.7598       
# span 5 =     0.0026,     0.0205       
# span 6 =  0.0943185,  0.1056376       
# span 7 =    86.6455,    95.2698       
# span 8 =      0.808,     38.510       
# span 9 =    23.8226,    31.3547       
# span 10 =     0.3596,     5.4779      
# span 11 = 0.0000e+00, 0.0000e+00      
# interval = seconds: 0.0416667
# start_time = Sep 07 2022 11:55:31 [NMEA time, header]
# bad_flag = -9.990e-29
*END*
          1      0.839    18.8066   3.307122     2.7549     0.0156  0.0962578    90.9521      0.831    23.8357     5.4640 -9.990e-29
          2      0.838    18.8067   3.307127     2.7550     0.0156  0.0962618    90.9518      0.830    23.8356     5.4642 -9.990e-29
          3      0.837    18.8068   3.307134     2.7550     0.0156  0.0962662    90.9512      0.829    23.8356     5.4642 -9.990e-29
          4      0.836    18.8069   3.307140     2.7551     0.0156  0.0962710    90.9501      0.828    23.8356     5.4644 -9.990e-29
          5      0.835    18.8071   3.307147     2.7552     0.0155  0.0962762    90.9484      0.827    23.8356     5.4647 -9.990e-29
          6      0.835    18.8072   3.307153     2.7553     0.0155  0.0962819    90.9462      0.827    23.8356     5.4649 -9.990e-29
          7      0.834    18.8074   3.307161     2.7554     0.0155  0.0962880    90.9434      0.826    23.8355     5.4651 -9.990e-29
          8      0.834    18.8075   3.307169     2.7555     0.0155  0.0962947    90.9397      0.826    23.8355     5.4654 -9.990e-29
          9      0.834    18.8077   3.307176     2.7556     0.0155  0.0963020    90.9354      0.826    23.8355     5.4656 -9.990e-29
         10      0.833    18.8079   3.307185     2.7557     0.0155  0.0963099    90.9307      0.825    23.8354     5.4658 -9.990e-29
         11      0.833    18.8081   3.307194     2.7558     0.0155  0.0963184    90.9257      0.825    23.8354     5.4660 -9.990e-29
         12      0.832    18.8084   3.307205     2.7559     0.0155  0.0963278    90.9203      0.824    23.8353     5.4662 -9.990e-29
         13      0.832    18.8087   3.307216     2.7559     0.0155  0.0963379    90.9144      0.824    23.8352     5.4662 -9.990e-29
         14      0.832    18.8090   3.307228     2.7560     0.0155  0.0963489    90.9081      0.824    23.8351     5.4664 -9.990e-29
         15      0.831    18.8094   3.307242     2.7561     0.0155  0.0963609    90.9017      0.823    23.8350     5.4666 -9.990e-29
         16      0.831    18.8097   3.307256     2.7562     0.0155  0.0963739    90.8958      0.823    23.8349     5.4668 -9.990e-29
         17      0.831    18.8100   3.307271     2.7562     0.0155  0.0963881    90.8905      0.823    23.8349     5.4668 -9.990e-29
         18      0.831    18.8103   3.307287     2.7563     0.0155  0.0964026    90.8861      0.823    23.8349     5.4670 -9.990e-29
         19      0.831    18.8107   3.307304     2.7564     0.0155  0.0964159    90.8826      0.823    23.8348     5.4672 -9.990e-29
         20      0.830    18.8111   3.307321     2.7564     0.0155  0.0964273    90.8796      0.822    23.8347     5.4672 -9.990e-29
         21      0.830    18.8115   3.307340     2.7565     0.0155  0.0964367    90.8765      0.822    23.8346     5.4674 -9.990e-29
         22      0.830    18.8119   3.307358     2.7566     0.0155  0.0964443    90.8727      0.822    23.8345     5.4676 -9.990e-29
         23      0.830    18.8124   3.307377     2.7567     0.0155  0.0964502    90.8678      0.822    23.8344     5.4678 -9.990e-29
         24      0.830    18.8129   3.307397     2.7567     0.0155  0.0964543    90.8621      0.822    23.8342     5.4677 -9.990e-29
         25      0.830    18.8133   3.307417     2.7568     0.0155  0.0964567    90.8559      0.822    23.8342     5.4753 -9.990e-29
         26      0.829    18.8138   3.307437     2.7569     0.0155  0.0964574    90.8499      0.821    23.8340     5.4755 -9.990e-29
         27      0.829    18.8143   3.307458     2.7570     0.0155  0.0964564    90.8450      0.821    23.8339     5.4758 -9.990e-29
         28      0.829    18.8147   3.307479     2.7570     0.0155  0.0964537    90.8414      0.821    23.8339     5.4757 -9.990e-29
         29      0.829    18.8152   3.307500     2.7571     0.0155  0.0964494    90.8388      0.821    23.8337     5.4759 -9.990e-29
         30      0.829    18.8156   3.307522     2.7572     0.0155  0.0964433    90.8366      0.821    23.8337     5.4762 -9.990e-29
         31      0.829    18.8161   3.307545     2.7573     0.0155  0.0964354    90.8346      0.821    23.8336     5.4764 -9.990e-29
         32      0.829    18.8166   3.307567     2.7574     0.0155  0.0964256    90.8323      0.821    23.8335     5.4766 -9.990e-29
         33      0.828    18.8172   3.307591     2.7575     0.0155  0.0964140    90.8299      0.820    23.8333     5.4768 -9.990e-29
         34      0.828    18.8177   3.307614     2.7576     0.0155  0.0964003    90.8272      0.820    23.8332     5.4770 -9.990e-29
         35      0.828    18.8183   3.307638     2.7576     0.0155  0.0963846    90.8248      0.820    23.8331     5.4769 -9.990e-29
         36      0.828    18.8189   3.307663     2.7577     0.0155  0.0963667    90.8233      0.820    23.8329     5.4771 -9.990e-29
         37      0.828    18.8195   3.307687     2.7578     0.0155  0.0963465    90.8229      0.820    23.8328     5.4773 -9.990e-29
         38      0.828    18.8202   3.307711     2.7579     0.0154  0.0963238    90.8235      0.820    23.8326     5.4775 -9.990e-29
         39      0.828    18.8208   3.307735     2.7580     0.0154  0.0962985    90.8247      0.820    23.8324     5.4776 -9.990e-29
         40      0.828    18.8216   3.307759     2.7580     0.0154  0.0962705    90.8257      0.820    23.8321     5.4775 -9.990e-29
         41      0.828    18.8223   3.307784     2.7581     0.0154  0.0962394    90.8262      0.820    23.8319     5.4776 -9.990e-29
         42      0.828    18.8232   3.307808     2.7582     0.0154  0.0962060    90.8259      0.820    23.8316     5.4777 -9.990e-29
         43      0.828    18.8240   3.307833     2.7583     0.0154  0.0961725    90.8250      0.820    23.8313     5.4778 -9.990e-29
         44      0.828    18.8250   3.307858     2.7584     0.0154  0.0961413    90.8236      0.820    23.8310     5.4778 -9.990e-29
         45      0.828    18.8260   3.307882     2.7585     0.0154  0.0961131    90.8220      0.820    23.8306     5.4778 -9.990e-29
         46      0.828    18.8271   3.307908     2.7586     0.0154  0.0960875    90.8203      0.820    23.8302     5.4778 -9.990e-29
         47      0.828    18.8282   3.307934     2.7588     0.0154  0.0960645    90.8189      0.820    23.8297     5.4779 -9.990e-29
         48      0.829    18.8294   3.307960     2.7589     0.0154  0.0960439    90.8179      0.821    23.8293     5.4779 -9.990e-29
         49      0.829    18.8306   3.307987     2.7589     0.0154  0.0960255    90.8173      0.821    23.8288     5.4775 -9.990e-29
         50      0.829    18.8317   3.308014     2.7590     0.0154  0.0960092    90.8170      0.821    23.8284     5.4774 -9.990e-29
         51      0.829    18.8328   3.308041     2.7591     0.0154  0.0959949    90.8167      0.821    23.8280     5.4773 -9.990e-29
         52      0.829    18.8338   3.308067     2.7592     0.0154  0.0959825    90.8166      0.821    23.8276     5.4772 -9.990e-29
         53      0.829    18.8346   3.308094     2.7593     0.0154  0.0959719    90.8169      0.821    23.8273     5.4770 -9.990e-29
         54      0.829    18.8354   3.308120     2.7594     0.0154  0.0959630    90.8175      0.821    23.8271     5.4768 -9.990e-29
         55      0.828    18.8360   3.308146     2.7594     0.0154  0.0959558    90.8182      0.820    23.8270     5.4764 -9.990e-29
         56      0.828    18.8366   3.308172     2.7595     0.0154  0.0959502    90.8187      0.820    23.8268     5.4762 -9.990e-29
         57      0.828    18.8370   3.308197     2.7595     0.0154  0.0959462    90.8191      0.820    23.8268     5.4758 -9.990e-29
         58      0.828    18.8374   3.308223     2.7596     0.0154  0.0959438    90.8197      0.820    23.8268     5.4756 -9.990e-29
         59      0.828    18.8378   3.308248     2.7596     0.0154  0.0959429    90.8205      0.820    23.8267     5.4751 -9.990e-29
         60      0.828    18.8381   3.308274     2.7597     0.0154  0.0959435    90.8215      0.820    23.8268     5.4749 -9.990e-29
         61      0.827    18.8384   3.308298     2.7597     0.0154  0.0959456    90.8221      0.819    23.8268     5.4744 -9.990e-29
         62      0.827    18.8386   3.308321     2.7598     0.0155  0.0959494    90.8223      0.819    23.8269     5.4742 -9.990e-29
         63      0.827    18.8389   3.308346     2.7598     0.0155  0.0959546    90.8220      0.819    23.8269     5.4736 -9.990e-29
         64      0.827    18.8391   3.308368     2.7598     0.0155  0.0959615    90.8216      0.819    23.8269     5.4731 -9.990e-29
         65      0.827    18.8393   3.308389     2.7598     0.0155  0.0959701    90.8210      0.819    23.8270     5.4726 -9.990e-29
         66      0.827    18.8396   3.308410     2.7598     0.0155  0.0959804    90.8204      0.819    23.8270     5.4720 -9.990e-29
         67      0.827    18.8398   3.308430     2.7598     0.0155  0.0959924    90.8199      0.819    23.8270     5.4714 -9.990e-29
         68      0.827    18.8401   3.308450     2.7597     0.0156  0.0960064    90.8197      0.819    23.8270     5.4706 -9.990e-29
         69      0.827    18.8404   3.308467     2.7597     0.0156  0.0960214    90.8199      0.819    23.8270     5.4700 -9.990e-29
         70      0.826    18.8407   3.308485     2.7597     0.0156  0.0960360    90.8206      0.818    23.8270     5.4694 -9.990e-29
         71      0.826    18.8412   3.308503     2.7596     0.0156  0.0960494    90.8212      0.818    23.8268     5.4685 -9.990e-29
         72      0.826    18.8417   3.308520     2.7596     0.0156  0.0960617    90.8216      0.818    23.8267     5.4679 -9.990e-29
         73      0.826    18.8423   3.308538     2.7596     0.0156  0.0960729    90.8217      0.818    23.8265     5.4673 -9.990e-29
         74      0.826    18.8430   3.308555     2.7595     0.0156  0.0960831    90.8219      0.818    23.8262     5.4665 -9.990e-29
         75      0.826    18.8437   3.308571     2.7594     0.0157  0.0960925    90.8227      0.818    23.8259     5.4656 -9.990e-29
         76      0.826    18.8445   3.308588     2.7594     0.0157  0.0961010    90.8244      0.818    23.8256     5.4650 -9.990e-29
         77      0.825    18.8452   3.308604     2.7593     0.0157  0.0961088    90.8268      0.817    23.8253     5.4641 -9.990e-29
         78      0.825    18.8460   3.308621     2.7592     0.0157  0.0961159    90.8295      0.817    23.8250     5.4633 -9.990e-29
         79      0.825    18.8468   3.308637     2.7591     0.0157  0.0961222    90.8323      0.817    23.8247     5.4625 -9.990e-29
         80      0.825    18.8475   3.308653     2.7590     0.0157  0.0961280    90.8348      0.817    23.8244     5.4617 -9.990e-29
         81      0.825    18.8483   3.308668     2.7589     0.0157  0.0961332    90.8365      0.817    23.8241     5.4609 -9.990e-29
         82      0.825    18.8489   3.308683     2.7588     0.0157  0.0961379    90.8376      0.817    23.8238     5.4601 -9.990e-29
         83      0.825    18.8495   3.308698     2.7587     0.0157  0.0961420    90.8384      0.817    23.8236     5.4593 -9.990e-29
         84      0.825    18.8500   3.308713     2.7586     0.0157  0.0961457    90.8392      0.817    23.8235     5.4585 -9.990e-29
         85      0.825    18.8505   3.308727     2.7585     0.0157  0.0961489    90.8404      0.817    23.8233     5.4578 -9.990e-29
         86      0.825    18.8509   3.308741     2.7583     0.0157  0.0961517    90.8419      0.817    23.8232     5.4569 -9.990e-29
         87      0.825    18.8513   3.308754     2.7582     0.0157  0.0961540    90.8437      0.817    23.8230     5.4562 -9.990e-29
         88      0.825    18.8516   3.308768     2.7581     0.0156  0.0961560    90.8455      0.817    23.8230     5.4556 -9.990e-29
         89      0.825    18.8519   3.308781     2.7579     0.0156  0.0961576    90.8469      0.817    23.8229     5.4547 -9.990e-29
         90      0.825    18.8521   3.308794     2.7578     0.0156  0.0961588    90.8477      0.817    23.8229     5.4542 -9.990e-29
         91      0.825    18.8523   3.308806     2.7576     0.0156  0.0961596    90.8478      0.817    23.8229     5.4534 -9.990e-29
         92      0.825    18.8525   3.308819     2.7574     0.0156  0.0961601    90.8472      0.817    23.8229     5.4526 -9.990e-29
         93      0.825    18.8526   3.308831     2.7573     0.0156  0.0961602    90.8461      0.817    23.8229     5.4521 -9.990e-29
         94      0.824    18.8526   3.308842     2.7571     0.0156  0.0961600    90.8446      0.816    23.8230     5.4514 -9.990e-29
         95      0.824    18.8526   3.308854     2.7569     0.0156  0.0961594    90.8430      0.816    23.8231     5.4508 -9.990e-29
         96      0.824    18.8524   3.308865     2.7567     0.0156  0.0961584    90.8408      0.816    23.8233     5.4501 -9.990e-29
         97      0.824    18.8522   3.308875     2.7566     0.0156  0.0961571    90.8376      0.816    23.8235     5.4498 -9.990e-29
         98      0.824    18.8518   3.308884     2.7564     0.0156  0.0961554    90.8333      0.816    23.8238     5.4492 -9.990e-29
         99      0.824    18.8514   3.308894     2.7562     0.0156  0.0961534    90.8277      0.816    23.8241     5.4487 -9.990e-29
        100      0.824    18.8509   3.308902     2.7560     0.0156  0.0961509    90.8214      0.816    23.8244     5.4482 -9.990e-29
        101      0.823    18.8505   3.308911     2.7558     0.0156  0.0961480    90.8145      0.815    23.8247     5.4477 -9.990e-29
        102      0.823    18.8500   3.308919     2.7557     0.0156  0.0961446    90.8075      0.815    23.8251     5.4476 -9.990e-29
        103      0.823    18.8495   3.308927     2.7555     0.0156  0.0961408    90.8009      0.815    23.8254     5.4472 -9.990e-29
        104      0.823    18.8490   3.308936     2.7553     0.0156  0.0961365    90.7955      0.815    23.8258     5.4468 -9.990e-29
        105      0.823    18.8485   3.308944     2.7551     0.0156  0.0961317    90.7917      0.815    23.8261     5.4464 -9.990e-29
        106      0.823    18.8481   3.308953     2.7549     0.0155  0.0961264    90.7893      0.815    23.8264     5.4461 -9.990e-29
        107      0.822    18.8477   3.308962     2.7547     0.0155  0.0961204    90.7879      0.814    23.8267     5.4458 -9.990e-29
        108      0.822    18.8472   3.308970     2.7546     0.0155  0.0961138    90.7870      0.814    23.8271     5.4458 -9.990e-29
        109      0.822    18.8469   3.308979     2.7544     0.0155  0.0961066    90.7868      0.814    23.8273     5.4455 -9.990e-29
        110      0.822    18.8466   3.308989     2.7542     0.0155  0.0960986    90.7876      0.814    23.8276     5.4453 -9.990e-29
        111      0.822    18.8463   3.308998     2.7541     0.0155  0.0960898    90.7900      0.814    23.8278     5.4453 -9.990e-29
        112      0.822    18.8461   3.309008     2.7539     0.0155  0.0960802    90.7937      0.814    23.8280     5.4450 -9.990e-29
        113      0.822    18.8459   3.309018     2.7538     0.0156  0.0960696    90.7984      0.814    23.8282     5.4451 -9.990e-29
        114      0.822    18.8457   3.309029     2.7537     0.0156  0.0960581    90.8033      0.814    23.8284     5.4451 -9.990e-29
        115      0.822    18.8456   3.309039     2.7535     0.0156  0.0960455    90.8082      0.814    23.8286     5.4450 -9.990e-29
        116      0.821    18.8455   3.309050     2.7534     0.0156  0.0960318    90.8129      0.813    23.8287     5.4450 -9.990e-29
        117      0.821    18.8454   3.309060     2.7533     0.0156  0.0960168    90.8173      0.813    23.8288     5.4451 -9.990e-29
        118      0.821    18.8453   3.309069     2.7531     0.0155  0.0960005    90.8210      0.813    23.8290     5.4449 -9.990e-29
        119      0.821    18.8452   3.309079     2.7530     0.0155  0.0959835    90.8240      0.813    23.8291     5.4450 -9.990e-29
        120      0.821    18.8451   3.309089     2.7529     0.0155  0.0959675    90.8264      0.813    23.8292     5.4451 -9.990e-29
