code/data/2022/wednesday_data/Station 4.cnv
* Sea-Bird SBE 9 Data File:
* FileName = C:\Users\ctd-user\Desktop\CTD data\MAR440 Sept 2022\Station 4.hex
* Software Version Seasave V 7.26.2.13
* Temperature SN = 4493
* Conductivity SN = 1899
* Number of Bytes Per Scan = 37
* Number of Voltage Words = 4
* Number of Scans Averaged by the Deck Unit = 1
* NMEA Latitude = 58 20.01 N
* NMEA Longitude = 011 52.49 E
* NMEA UTC (Time) = Sep 07 2022 09:15:23
* NMEA baud rate = 4800
** Ship:
** Station:
** Operator:
# nquan = 12                                
# nvalues = 10023                       
# units = specified
# name 0 = scan: Scan Count
# name 1 = prDM: Pressure, Digiquartz [db]
# name 2 = t090C: Temperature [ITS-90, deg C]
# name 3 = c0S/m: Conductivity [S/m]
# name 4 = sbeox0V: Oxygen raw, SBE 43 [V]
# name 5 = flECO-AFL: Fluorescence, WET Labs ECO-AFL/FL [mg/m^3]
# name 6 = upoly0: Upoly 0, Turbidity
# name 7 = xmiss: Beam Transmission, Chelsea/Seatech [%]
# name 8 = depSM: Depth [salt water, m], lat = 58.3335
# name 9 = sal00: Salinity, Practical [PSU]
# name 10 = sbeox0ML/L: Oxygen, SBE 43 [ml/l], WS = 2
# name 11 = flag: flag
# span 0 =          1,      10023       
# span 1 =      0.709,    120.324       
# span 2 =     7.4973,    18.7169       
# span 3 =   3.137327,   3.394017       
# span 4 =     0.5073,     2.7981       
# span 5 =     0.0097,     0.0393       
# span 6 =  0.0944994,  0.1537398       
# span 7 =    52.0801,    93.9449       
# span 8 =      0.702,    119.171       
# span 9 =    23.5939,    32.0410       
# span 10 =    -0.1286,     5.6231      
# span 11 = 0.0000e+00, 0.0000e+00      
# interval = seconds: 0.0416667
# start_time = Sep 07 2022 09:15:23 [NMEA time, header]
# bad_flag = -9.990e-29
*END*
[from data line 7339]
       7340     32.103     8.5656   3.387578     0.5215     0.0149  0.0952292    92.4871     31.802    31.9670     0.0478 -9.990e-29
       7341     32.081     8.5655   3.387526     0.5215     0.0149  0.0952295    92.4699     31.780    31.9665     0.0477 -9.990e-29
       7342     32.059     8.5655   3.387475     0.5215     0.0149  0.0952297    92.4529     31.759    31.9660     0.0477 -9.990e-29
       7343     32.037     8.5654   3.387421     0.5215     0.0149  0.0952299    92.4358     31.737    31.9656     0.0476 -9.990e-29
       7344     32.015     8.5654   3.387368     0.5215     0.0149  0.0952301    92.4187     31.715    31.9650     0.0475 -9.990e-29
       7345     31.993     8.5653   3.387315     0.5215     0.0149  0.0952302    92.4015     31.693    31.9646     0.0474 -9.990e-29
       7346     31.971     8.5652   3.387261     0.5216     0.0149  0.0952303    92.3840     31.671    31.9641     0.0476 -9.990e-29
       7347     31.949     8.5652   3.387207     0.5216     0.0149  0.0952304    92.3661     31.650    31.9635     0.0475 -9.990e-29
       7348     31.927     8.5651   3.387152     0.5216     0.0149  0.0952304    92.3481     31.628    31.9631     0.0474 -9.990e-29
       7349     31.905     8.5650   3.387096     0.5216     0.0149  0.0952304    92.3303     31.606    31.9626     0.0473 -9.990e-29
       7350     31.883     8.5650   3.387040     0.5216     0.0149  0.0952304    92.3130     31.584    31.9620     0.0472 -9.990e-29
       7351     31.861     8.5649   3.386985     0.5216     0.0149  0.0952304    92.2962     31.562    31.9615     0.0472 -9.990e-29
       7352     31.840     8.5648   3.386930     0.5216     0.0149  0.0952303    92.2798     31.542    31.9610     0.0472 -9.990e-29
       7353     31.818     8.5647   3.386875     0.5216     0.0149  0.0952302    92.2636     31.520    31.9606     0.0471 -9.990e-29
       7354     31.796     8.5646   3.386821     0.5216     0.0149  0.0952301    92.2476     31.498    31.9601     0.0471 -9.990e-29
       7355     31.774     8.5645   3.386766     0.5216     0.0149  0.0952300    92.2318     31.476    31.9596     0.0470 -9.990e-29
       7356     31.752     8.5644   3.386710     0.5216     0.0149  0.0952298    92.2164     31.454    31.9591     0.0470 -9.990e-29
       7357     31.730     8.5644   3.386655     0.5215     0.0149  0.0952296    92.2016     31.433    31.9586     0.0467 -9.990e-29
       7358     31.708     8.5643   3.386597     0.5215     0.0148  0.0952293    92.1873     31.411    31.9581     0.0466 -9.990e-29
       7359     31.686     8.5642   3.386539     0.5215     0.0148  0.0952291    92.1737     31.389    31.9576     0.0466 -9.990e-29
       7360     31.664     8.5641   3.386480     0.5215     0.0148  0.0952287    92.1608     31.367    31.9570     0.0466 -9.990e-29
       7361     31.642     8.5640   3.386419     0.5215     0.0148  0.0952284    92.1485     31.346    31.9565     0.0465 -9.990e-29
       7362     31.620     8.5639   3.386358     0.5215     0.0148  0.0952280    92.1366     31.324    31.9560     0.0465 -9.990e-29
       7363     31.598     8.5638   3.386296     0.5215     0.0148  0.0952276    92.1247     31.302    31.9554     0.0465 -9.990e-29
       7364     31.576     8.5637   3.386232     0.5215     0.0148  0.0952271    92.1124     31.280    31.9548     0.0465 -9.990e-29
       7365     31.554     8.5636   3.386168     0.5215     0.0148  0.0952265    92.0995     31.258    31.9543     0.0465 -9.990e-29
       7366     31.532     8.5635   3.386104     0.5215     0.0148  0.0952259    92.0861     31.237    31.9537     0.0465 -9.990e-29
       7367     31.510     8.5634   3.386039     0.5214     0.0148  0.0952253    92.0724     31.215    31.9531     0.0462 -9.990e-29
       7368     31.488     8.5633   3.385972     0.5214     0.0148  0.0952246    92.0587     31.193    31.9525     0.0462 -9.990e-29
       7369     31.466     8.5632   3.385906     0.5214     0.0148  0.0952238    92.0448     31.171    31.9519     0.0463 -9.990e-29
       7370     31.444     8.5631   3.385839     0.5214     0.0148  0.0952229    92.0309     31.149    31.9513     0.0463 -9.990e-29
       7371     31.422     8.5630   3.385771     0.5214     0.0148  0.0952220    92.0167     31.128    31.9507     0.0463 -9.990e-29
       7372     31.400     8.5629   3.385702     0.5214     0.0148  0.0952210    92.0022     31.106    31.9501     0.0464 -9.990e-29
       7373     31.377     8.5628   3.385633     0.5214     0.0148  0.0952198    91.9873     31.083    31.9495     0.0465 -9.990e-29
       7374     31.355     8.5628   3.385563     0.5214     0.0148  0.0952186    91.9719     31.061    31.9488     0.0465 -9.990e-29
       7375     31.333     8.5627   3.385492     0.5214     0.0148  0.0952173    91.9559     31.039    31.9481     0.0466 -9.990e-29
       7376     31.311     8.5626   3.385419     0.5214     0.0148  0.0952158    91.9389     31.018    31.9475     0.0467 -9.990e-29
       7377     31.289     8.5625   3.385346     0.5214     0.0148  0.0952143    91.9207     30.996    31.9468     0.0468 -9.990e-29
       7378     31.267     8.5625   3.385273     0.5214     0.0148  0.0952125    91.9015     30.974    31.9460     0.0469 -9.990e-29
       7379     31.245     8.5624   3.385200     0.5214     0.0148  0.0952107    91.8814     30.952    31.9454     0.0470 -9.990e-29
       7380     31.223     8.5623   3.385127     0.5214     0.0148  0.0952086    91.8607     30.930    31.9447     0.0471 -9.990e-29
       7381     31.200     8.5623   3.385055     0.5214     0.0148  0.0952073    91.8389     30.908    31.9440     0.0472 -9.990e-29
       7382     31.178     8.5622   3.384983     0.5214     0.0148  0.0952074    91.8161     30.886    31.9433     0.0472 -9.990e-29
       7383     31.156     8.5621   3.384911     0.5214     0.0148  0.0952082    91.7919     30.864    31.9427     0.0472 -9.990e-29
       7384     31.134     8.5621   3.384841     0.5214     0.0148  0.0952088    91.7663     30.842    31.9419     0.0473 -9.990e-29
       7385     31.112     8.5620   3.384771     0.5214     0.0148  0.0952093    91.7395     30.821    31.9413     0.0473 -9.990e-29
       7386     31.090     8.5619   3.384703     0.5214     0.0148  0.0952095    91.7116     30.799    31.9407     0.0473 -9.990e-29
       7387     31.068     8.5619   3.384634     0.5214     0.0148  0.0952096    91.6831     30.777    31.9400     0.0474 -9.990e-29
       7388     31.046     8.5618   3.384567     0.5214     0.0148  0.0952096    91.6543     30.755    31.9394     0.0474 -9.990e-29
       7389     31.024     8.5617   3.384499     0.5215     0.0148  0.0952093    91.6256     30.733    31.9388     0.0477 -9.990e-29
       7390     31.002     8.5616   3.384432     0.5215     0.0148  0.0952089    91.5968     30.712    31.9382     0.0478 -9.990e-29
       7391     30.979     8.5616   3.384366     0.5215     0.0148  0.0952083    91.5680     30.689    31.9375     0.0478 -9.990e-29
       7392     30.957     8.5615   3.384300     0.5215     0.0148  0.0952075    91.5397     30.667    31.9369     0.0478 -9.990e-29
       7393     30.935     8.5614   3.384234     0.5215     0.0148  0.0952066    91.5124     30.645    31.9363     0.0478 -9.990e-29
       7394     30.913     8.5614   3.384168     0.5215     0.0148  0.0952062    91.4862     30.623    31.9356     0.0478 -9.990e-29
       7395     30.890     8.5613   3.384102     0.5215     0.0148  0.0952074    91.4607     30.601    31.9350     0.0478 -9.990e-29
       7396     30.868     8.5612   3.384035     0.5215     0.0148  0.0952093    91.4352     30.579    31.9344     0.0477 -9.990e-29
       7397     30.846     8.5611   3.383968     0.5215     0.0148  0.0952110    91.4096     30.557    31.9338     0.0477 -9.990e-29
       7398     30.823     8.5610   3.383901     0.5215     0.0148  0.0952125    91.3841     30.534    31.9332     0.0477 -9.990e-29
       7399     30.801     8.5609   3.383833     0.5215     0.0148  0.0952139    91.3587     30.512    31.9326     0.0477 -9.990e-29
       7400     30.779     8.5609   3.383764     0.5215     0.0148  0.0952151    91.3335     30.491    31.9319     0.0477 -9.990e-29
       7401     30.757     8.5608   3.383694     0.5215     0.0148  0.0952162    91.3084     30.469    31.9313     0.0476 -9.990e-29
       7402     30.734     8.5606   3.383624     0.5216     0.0148  0.0952171    91.2834     30.446    31.9307     0.0478 -9.990e-29
       7403     30.712     8.5605   3.383554     0.5216     0.0148  0.0952180    91.2584     30.424    31.9301     0.0477 -9.990e-29
       7404     30.690     8.5604   3.383483     0.5215     0.0148  0.0952187    91.2331     30.402    31.9295     0.0474 -9.990e-29
       7405     30.667     8.5603   3.383412     0.5215     0.0148  0.0952193    91.2073     30.380    31.9288     0.0473 -9.990e-29
       7406     30.645     8.5602   3.383341     0.5215     0.0148  0.0952198    91.1808     30.358    31.9282     0.0473 -9.990e-29
       7407     30.623     8.5601   3.383269     0.5215     0.0148  0.0952202    91.1532     30.336    31.9275     0.0472 -9.990e-29
       7408     30.600     8.5599   3.383195     0.5215     0.0148  0.0952205    91.1242     30.313    31.9269     0.0471 -9.990e-29
       7409     30.578     8.5598   3.383121     0.5215     0.0148  0.0952207    91.0939     30.292    31.9263     0.0471 -9.990e-29
       7410     30.555     8.5597   3.383044     0.5215     0.0148  0.0952209    91.0623     30.269    31.9255     0.0470 -9.990e-29
       7411     30.533     8.5596   3.382966     0.5215     0.0148  0.0952209    91.0303     30.247    31.9248     0.0469 -9.990e-29
       7412     30.511     8.5594   3.382887     0.5215     0.0148  0.0952208    90.9997     30.225    31.9242     0.0469 -9.990e-29
       7413     30.488     8.5593   3.382806     0.5215     0.0148  0.0952207    90.9716     30.202    31.9234     0.0468 -9.990e-29
       7414     30.466     8.5592   3.382724     0.5215     0.0148  0.0952204    90.9455     30.181    31.9227     0.0468 -9.990e-29
       7415     30.443     8.5591   3.382641     0.5215     0.0148  0.0952200    90.9202     30.158    31.9219     0.0467 -9.990e-29
       7416     30.421     8.5589   3.382556     0.5215     0.0148  0.0952196    90.8950     30.136    31.9212     0.0467 -9.990e-29
       7417     30.398     8.5588   3.382472     0.5215     0.0148  0.0952190    90.8689     30.113    31.9204     0.0467 -9.990e-29
       7418     30.376     8.5587   3.382386     0.5215     0.0148  0.0952183    90.8413     30.091    31.9196     0.0467 -9.990e-29
       7419     30.353     8.5585   3.382299     0.5215     0.0147  0.0952176    90.8117     30.069    31.9189     0.0466 -9.990e-29
       7420     30.331     8.5584   3.382212     0.5215     0.0147  0.0952167    90.7804     30.047    31.9181     0.0466 -9.990e-29
       7421     30.308     8.5582   3.382122     0.5215     0.0147  0.0952157    90.7479     30.024    31.9174     0.0465 -9.990e-29
       7422     30.286     8.5581   3.382033     0.5215     0.0147  0.0952145    90.7152     30.002    31.9165     0.0465 -9.990e-29
       7423     30.263     8.5579   3.381944     0.5215     0.0147  0.0952132    90.6829     29.980    31.9158     0.0464 -9.990e-29
       7424     30.240     8.5577   3.381852     0.5215     0.0147  0.0952126    90.6517     29.957    31.9150     0.0464 -9.990e-29
       7425     30.218     8.5576   3.381761     0.5214     0.0147  0.0952136    90.6220     29.935    31.9142     0.0461 -9.990e-29
       7426     30.195     8.5574   3.381669     0.5214     0.0147  0.0952153    90.5942     29.912    31.9134     0.0461 -9.990e-29
       7427     30.173     8.5573   3.381578     0.5214     0.0147  0.0952168    90.5680     29.890    31.9125     0.0461 -9.990e-29
       7428     30.150     8.5571   3.381484     0.5214     0.0147  0.0952182    90.5430     29.868    31.9117     0.0461 -9.990e-29
       7429     30.128     8.5569   3.381389     0.5214     0.0147  0.0952195    90.5191     29.846    31.9109     0.0461 -9.990e-29
       7430     30.105     8.5568   3.381294     0.5214     0.0147  0.0952207    90.4958     29.823    31.9100     0.0461 -9.990e-29
       7431     30.082     8.5566   3.381196     0.5214     0.0147  0.0952218    90.4726     29.800    31.9092     0.0460 -9.990e-29
       7432     30.060     8.5564   3.381099     0.5214     0.0147  0.0952228    90.4492     29.778    31.9084     0.0460 -9.990e-29
       7433     30.037     8.5563   3.381000     0.5214     0.0147  0.0952237    90.4251     29.756    31.9075     0.0460 -9.990e-29
       7434     30.015     8.5561   3.380901     0.5214     0.0147  0.0952246    90.3997     29.734    31.9066     0.0461 -9.990e-29
       7435     29.992     8.5559   3.380800     0.5214     0.0147  0.0952254    90.3726     29.711    31.9057     0.0461 -9.990e-29
       7436     29.969     8.5557   3.380700     0.5214     0.0147  0.0952261    90.3437     29.688    31.9049     0.0462 -9.990e-29
       7437     29.946     8.5556   3.380599     0.5214     0.0146  0.0952268    90.3135     29.666    31.9039     0.0462 -9.990e-29
       7438     29.924     8.5554   3.380498     0.5214     0.0146  0.0952274    90.2824     29.644    31.9031     0.0463 -9.990e-29
       7439     29.901     8.5553   3.380397     0.5214     0.0146  0.0952279    90.2508     29.621    31.9021     0.0463 -9.990e-29
       7440     29.879     8.5551   3.380294     0.5214     0.0146  0.0952285    90.2187     29.599    31.9012     0.0464 -9.990e-29
       7441     29.856     8.5550   3.380192     0.5214     0.0146  0.0952289    90.1861     29.576    31.9002     0.0464 -9.990e-29
       7442     29.833     8.5549   3.380090     0.5214     0.0146  0.0952294    90.1527     29.554    31.8993     0.0465 -9.990e-29
       7443     29.811     8.5547   3.379987     0.5213     0.0146  0.0952298    90.1185     29.532    31.8984     0.0463 -9.990e-29
       7444     29.788     8.5546   3.379884     0.5213     0.0146  0.0952302    90.0834     29.509    31.8974     0.0463 -9.990e-29
       7445     29.765     8.5545   3.379782     0.5213     0.0146  0.0952305    90.0476     29.486    31.8964     0.0464 -9.990e-29
       7446     29.742     8.5544   3.379679     0.5213     0.0146  0.0952308    90.0116     29.463    31.8955     0.0465 -9.990e-29
       7447     29.720     8.5543   3.379577     0.5213     0.0146  0.0952311    89.9758     29.442    31.8945     0.0466 -9.990e-29
       7448     29.697     8.5542   3.379474     0.5213     0.0146  0.0952314    89.9404     29.419    31.8935     0.0467 -9.990e-29
       7449     29.674     8.5541   3.379375     0.5213     0.0146  0.0952316    89.9054     29.396    31.8926     0.0468 -9.990e-29
       7450     29.652     8.5540   3.379277     0.5213     0.0146  0.0952319    89.8707     29.374    31.8917     0.0469 -9.990e-29
       7451     29.629     8.5539   3.379181     0.5213     0.0146  0.0952321    89.8363     29.352    31.8908     0.0470 -9.990e-29
       7452     29.607     8.5539   3.379087     0.5213     0.0146  0.0952323    89.8023     29.330    31.8898     0.0471 -9.990e-29
       7453     29.584     8.5538   3.378995     0.5213     0.0146  0.0952325    89.7684     29.307    31.8889     0.0472 -9.990e-29
       7454     29.561     8.5537   3.378904     0.5213     0.0146  0.0952326    89.7342     29.284    31.8881     0.0473 -9.990e-29
       7455     29.539     8.5536   3.378815     0.5213     0.0146  0.0952328    89.6998     29.262    31.8872     0.0474 -9.990e-29
       7456     29.516     8.5536   3.378728     0.5213     0.0146  0.0952329    89.6648     29.240    31.8863     0.0475 -9.990e-29
       7457     29.493     8.5535   3.378641     0.5213     0.0146  0.0952330    89.6293     29.217    31.8855     0.0476 -9.990e-29
       7458     29.471     8.5535   3.378556     0.5214     0.0146  0.0952332    89.5931     29.195    31.8846     0.0479 -9.990e-29
