code/data/2022/wednesday_data/Station 5.cnv
* Sea-Bird SBE 9 Data File:
* FileName = C:\Users\ctd-user\Desktop\CTD data\MAR440 Sept 2022\Station 5.hex
* Software Version Seasave V 7.26.2.13
* Temperature SN = 4493
* Conductivity SN = 1899
* Number of Bytes Per Scan = 37
* Number of Voltage Words = 4
* Number of Scans Averaged by the Deck Unit = 1
* NMEA Latitude = 58 19.72 N
* NMEA Longitude = 011 51.36 E
* NMEA UTC (Time) = Sep 07 2022 09:56:40
* NMEA baud rate = 4800
** Ship:
** Station:
** Operator:
# nquan = 12                                
# nvalues = 3674                        
# units = specified
# name 0 = scan: Scan Count
# name 1 = prDM: Pressure, Digiquartz [db]
# name 2 = t090C: Temperature [ITS-90, deg C]
# name 3 = c0S/m: Conductivity [S/m]
# name 4 = sbeox0V: Oxygen raw, SBE 43 [V]
# name 5 = flECO-AFL: Fluorescence, WET Labs ECO-AFL/FL [mg/m^3]
# name 6 = upoly0: Upoly 0, Turbidity
# name 7 = xmiss: Beam Transmission, Chelsea/Seatech [%]
# name 8 = depSM: Depth [salt water, m], lat = 58.3287
# name 9 = sal00: Salinity, Practical [PSU]
# name 10 = sbeox0ML/L: Oxygen, SBE 43 [ml/l], WS = 2
# name 11 = flag: flag
# span 0 =          1,       3674       
# span 1 =      0.993,     19.346       
# span 2 =     8.0710,    18.8009       
# span 3 =   3.120941,   3.369054       
# span 4 =     0.5626,     2.7394       
# span 5 =     0.0055,     0.0479       
# span 6 =  0.0952607,  0.1102243       
# span 7 =    84.5142,    94.8547       
# span 8 =      0.984,     19.165       
# span 9 =    23.6450,    30.6572       
# span 10 =     0.1660,     5.4729      
# span 11 = 0.0000e+00, 0.0000e+00      
# interval = seconds: 0.0416667
# start_time = Sep 07 2022 09:56:40 [NMEA time, header]
# bad_flag = -9.990e-29
*END*
[from data line 3128]
       3129     18.271     8.1028   3.188476     0.5751     0.0259  0.1006417    90.1406     18.100    30.2935     0.1978 -9.990e-29
       3130     18.273     8.1029   3.188597     0.5750     0.0260  0.1006482    90.0992     18.102    30.2947     0.1975 -9.990e-29
       3131     18.276     8.1030   3.188715     0.5750     0.0260  0.1006551    90.0580     18.105    30.2958     0.1975 -9.990e-29
       3132     18.278     8.1031   3.188833     0.5750     0.0260  0.1006622    90.0173     18.107    30.2970     0.1975 -9.990e-29
       3133     18.281     8.1032   3.188948     0.5749     0.0261  0.1006698    89.9773     18.110    30.2981     0.1972 0.0000e+00
       3134     18.284     8.1033   3.189064     0.5749     0.0261  0.1006778    89.9377     18.113    30.2992     0.1971 -9.990e-29
       3135     18.286     8.1033   3.189177     0.5748     0.0262  0.1006863    89.8977     18.115    30.3004     0.1968 -9.990e-29
       3136     18.289     8.1034   3.189290     0.5748     0.0262  0.1006953    89.8572     18.118    30.3015     0.1968 -9.990e-29
       3137     18.291     8.1035   3.189401     0.5748     0.0263  0.1007049    89.8170     18.120    30.3026     0.1968 -9.990e-29
       3138     18.294     8.1036   3.189510     0.5747     0.0263  0.1007153    89.7781     18.123    30.3037     0.1965 -9.990e-29
       3139     18.296     8.1037   3.189618     0.5747     0.0264  0.1007264    89.7412     18.125    30.3047     0.1965 -9.990e-29
       3140     18.299     8.1038   3.189725     0.5746     0.0264  0.1007383    89.7063     18.128    30.3057     0.1962 -9.990e-29
       3141     18.301     8.1038   3.189829     0.5746     0.0265  0.1007511    89.6730     18.130    30.3068     0.1962 -9.990e-29
       3142     18.304     8.1039   3.189934     0.5745     0.0265  0.1007650    89.6406     18.133    30.3078     0.1959 -9.990e-29
       3143     18.306     8.1040   3.190036     0.5745     0.0266  0.1007799    89.6087     18.135    30.3088     0.1960 -9.990e-29
       3144     18.309     8.1041   3.190139     0.5744     0.0267  0.1007961    89.5775     18.138    30.3098     0.1957 0.0000e+00
       3145     18.312     8.1042   3.190240     0.5744     0.0267  0.1008135    89.5468     18.141    30.3108     0.1957 -9.990e-29
       3146     18.314     8.1043   3.190340     0.5743     0.0268  0.1008324    89.5165     18.143    30.3118     0.1955 -9.990e-29
       3147     18.317     8.1044   3.190440     0.5743     0.0269  0.1008529    89.4868     18.146    30.3127     0.1955 0.0000e+00
       3148     18.320     8.1045   3.190538     0.5742     0.0270  0.1008751    89.4579     18.149    30.3137     0.1953 -9.990e-29
       3149     18.322     8.1046   3.190635     0.5742     0.0271  0.1008992    89.4297     18.151    30.3146     0.1953 -9.990e-29
       3150     18.325     8.1047   3.190732     0.5741     0.0272  0.1009244    89.4019     18.154    30.3155     0.1951 -9.990e-29
       3151     18.327     8.1048   3.190827     0.5741     0.0273  0.1009493    89.3742     18.156    30.3165     0.1951 -9.990e-29
       3152     18.330     8.1049   3.190921     0.5741     0.0274  0.1009732    89.3470     18.159    30.3174     0.1952 -9.990e-29
       3153     18.332     8.1050   3.191014     0.5740     0.0275  0.1009962    89.3205     18.161    30.3182     0.1950 -9.990e-29
       3154     18.335     8.1051   3.191106     0.5740     0.0275  0.1010185    89.2945     18.164    30.3191     0.1950 -9.990e-29
       3155     18.337     8.1052   3.191196     0.5739     0.0276  0.1010404    89.2684     18.166    30.3200     0.1948 -9.990e-29
       3156     18.340     8.1053   3.191286     0.5739     0.0277  0.1010618    89.2421     18.169    30.3208     0.1949 0.0000e+00
       3157     18.343     8.1054   3.191376     0.5738     0.0278  0.1010830    89.2155     18.172    30.3217     0.1947 -9.990e-29
       3158     18.345     8.1055   3.191465     0.5738     0.0279  0.1011041    89.1886     18.174    30.3225     0.1947 -9.990e-29
       3159     18.348     8.1056   3.191552     0.5737     0.0280  0.1011253    89.1618     18.177    30.3234     0.1945 0.0000e+00
       3160     18.351     8.1057   3.191639     0.5737     0.0281  0.1011466    89.1348     18.180    30.3242     0.1946 -9.990e-29
       3161     18.353     8.1058   3.191725     0.5737     0.0281  0.1011684    89.1071     18.182    30.3250     0.1946 -9.990e-29
       3162     18.356     8.1059   3.191811     0.5736     0.0282  0.1011906    89.0790     18.185    30.3258     0.1944 -9.990e-29
       3163     18.358     8.1060   3.191896     0.5736     0.0283  0.1012135    89.0504     18.187    30.3266     0.1945 -9.990e-29
       3164     18.361     8.1061   3.191979     0.5736     0.0284  0.1012373    89.0215     18.190    30.3274     0.1945 -9.990e-29
       3165     18.363     8.1063   3.192062     0.5735     0.0285  0.1012620    88.9920     18.192    30.3281     0.1942 -9.990e-29
       3166     18.366     8.1064   3.192145     0.5735     0.0286  0.1012879    88.9617     18.194    30.3289     0.1943 0.0000e+00
       3167     18.369     8.1065   3.192226     0.5735     0.0288  0.1013151    88.9306     18.197    30.3297     0.1943 -9.990e-29
       3168     18.371     8.1066   3.192307     0.5734     0.0289  0.1013439    88.8985     18.199    30.3304     0.1941 -9.990e-29
       3169     18.374     8.1067   3.192386     0.5734     0.0290  0.1013744    88.8653     18.202    30.3312     0.1941 -9.990e-29
       3170     18.376     8.1068   3.192466     0.5734     0.0292  0.1014068    88.8314     18.204    30.3319     0.1942 -9.990e-29
       3171     18.378     8.1069   3.192544     0.5734     0.0293  0.1014414    88.7968     18.206    30.3327     0.1942 -9.990e-29
       3172     18.381     8.1069   3.192621     0.5733     0.0295  0.1014784    88.7618     18.209    30.3335     0.1939 0.0000e+00
       3173     18.384     8.1070   3.192698     0.5733     0.0296  0.1015181    88.7263     18.212    30.3342     0.1939 -9.990e-29
       3174     18.386     8.1071   3.192773     0.5733     0.0298  0.1015607    88.6907     18.214    30.3349     0.1939 -9.990e-29
       3175     18.389     8.1072   3.192847     0.5732     0.0300  0.1016048    88.6553     18.217    30.3356     0.1936 -9.990e-29
       3176     18.391     8.1073   3.192921     0.5732     0.0302  0.1016474    88.6206     18.219    30.3363     0.1936 -9.990e-29
       3177     18.394     8.1074   3.192994     0.5732     0.0303  0.1016871    88.5869     18.222    30.3370     0.1936 -9.990e-29
       3178     18.396     8.1075   3.193066     0.5732     0.0305  0.1017240    88.5540     18.224    30.3376     0.1936 -9.990e-29
       3179     18.399     8.1076   3.193138     0.5731     0.0306  0.1017586    88.5215     18.227    30.3383     0.1933 -9.990e-29
       3180     18.401     8.1077   3.193209     0.5731     0.0308  0.1017909    88.4892     18.229    30.3390     0.1933 -9.990e-29
       3181     18.404     8.1078   3.193280     0.5730     0.0309  0.1018213    88.4569     18.232    30.3396     0.1930 -9.990e-29
       3182     18.406     8.1080   3.193350     0.5730     0.0310  0.1018500    88.4245     18.234    30.3402     0.1930 -9.990e-29
       3183     18.409     8.1081   3.193420     0.5730     0.0311  0.1018771    88.3920     18.237    30.3408     0.1930 -9.990e-29
       3184     18.411     8.1082   3.193490     0.5729     0.0312  0.1019029    88.3594     18.239    30.3415     0.1927 -9.990e-29
       3185     18.414     8.1083   3.193559     0.5729     0.0313  0.1019275    88.3265     18.242    30.3421     0.1926 -9.990e-29
       3186     18.416     8.1084   3.193628     0.5728     0.0314  0.1019511    88.2935     18.244    30.3428     0.1924 -9.990e-29
       3187     18.419     8.1085   3.193697     0.5728     0.0315  0.1019738    88.2600     18.247    30.3434     0.1924 -9.990e-29
       3188     18.421     8.1086   3.193766     0.5727     0.0316  0.1019959    88.2261     18.249    30.3440     0.1920 -9.990e-29
       3189     18.424     8.1087   3.193834     0.5727     0.0316  0.1020174    88.1918     18.252    30.3447     0.1921 -9.990e-29
       3190     18.426     8.1087   3.193900     0.5727     0.0317  0.1020386    88.1572     18.254    30.3453     0.1921 -9.990e-29
       3191     18.429     8.1088   3.193968     0.5726     0.0318  0.1020595    88.1226     18.257    30.3460     0.1918 -9.990e-29
       3192     18.431     8.1090   3.194035     0.5726     0.0319  0.1020803    88.0878     18.259    30.3465     0.1918 -9.990e-29
       3193     18.434     8.1091   3.194102     0.5726     0.0319  0.1021012    88.0530     18.262    30.3471     0.1917 -9.990e-29
       3194     18.436     8.1092   3.194169     0.5725     0.0320  0.1021223    88.0182     18.264    30.3477     0.1914 -9.990e-29
       3195     18.439     8.1093   3.194236     0.5725     0.0321  0.1021437    87.9834     18.267    30.3484     0.1914 0.0000e+00
       3196     18.442     8.1095   3.194304     0.5724     0.0321  0.1021657    87.9483     18.270    30.3489     0.1911 0.0000e+00
       3197     18.445     8.1096   3.194371     0.5724     0.0322  0.1021883    87.9128     18.273    30.3495     0.1911 -9.990e-29
       3198     18.447     8.1098   3.194438     0.5724     0.0323  0.1022117    87.8766     18.275    30.3500     0.1911 -9.990e-29
       3199     18.450     8.1099   3.194506     0.5723     0.0323  0.1022361    87.8396     18.278    30.3507     0.1907 0.0000e+00
       3200     18.453     8.1101   3.194574     0.5723     0.0324  0.1022616    87.8023     18.281    30.3512     0.1907 -9.990e-29
       3201     18.455     8.1102   3.194641     0.5722     0.0325  0.1022876    87.7655     18.283    30.3518     0.1904 -9.990e-29
       3202     18.458     8.1103   3.194708     0.5722     0.0325  0.1023125    87.7302     18.286    30.3524     0.1904 -9.990e-29
       3203     18.460     8.1104   3.194776     0.5722     0.0326  0.1023357    87.6972     18.288    30.3531     0.1904 -9.990e-29
       3204     18.463     8.1105   3.194844     0.5722     0.0326  0.1023574    87.6665     18.291    30.3537     0.1904 0.0000e+00
       3205     18.466     8.1106   3.194913     0.5721     0.0327  0.1023776    87.6372     18.294    30.3543     0.1901 -9.990e-29
       3206     18.468     8.1108   3.194982     0.5721     0.0327  0.1023966    87.6085     18.296    30.3549     0.1901 -9.990e-29
       3207     18.471     8.1109   3.195051     0.5721     0.0328  0.1024144    87.5805     18.299    30.3555     0.1901 0.0000e+00
       3208     18.474     8.1110   3.195121     0.5720     0.0328  0.1024312    87.5537     18.301    30.3562     0.1898 -9.990e-29
       3209     18.476     8.1112   3.195191     0.5720     0.0328  0.1024471    87.5288     18.303    30.3567     0.1898 -9.990e-29
       3210     18.479     8.1113   3.195262     0.5720     0.0329  0.1024622    87.5061     18.306    30.3574     0.1899 0.0000e+00
       3211     18.482     8.1115   3.195334     0.5720     0.0329  0.1024767    87.4851     18.309    30.3580     0.1899 0.0000e+00
       3212     18.485     8.1116   3.195406     0.5719     0.0329  0.1024905    87.4657     18.312    30.3587     0.1896 -9.990e-29
       3213     18.487     8.1118   3.195478     0.5719     0.0330  0.1025039    87.4480     18.314    30.3592     0.1896 -9.990e-29
       3214     18.490     8.1120   3.195550     0.5719     0.0330  0.1025169    87.4317     18.317    30.3598     0.1896 0.0000e+00
       3215     18.493     8.1122   3.195623     0.5718     0.0330  0.1025296    87.4160     18.320    30.3604     0.1893 0.0000e+00
       3216     18.496     8.1124   3.195696     0.5718     0.0330  0.1025420    87.4005     18.323    30.3610     0.1893 -9.990e-29
       3217     18.498     8.1126   3.195769     0.5717     0.0331  0.1025544    87.3849     18.325    30.3616     0.1890 -9.990e-29
       3218     18.501     8.1128   3.195843     0.5717     0.0331  0.1025667    87.3691     18.328    30.3622     0.1890 0.0000e+00
       3219     18.504     8.1130   3.195917     0.5716     0.0331  0.1025790    87.3529     18.331    30.3628     0.1888 -9.990e-29
       3220     18.506     8.1133   3.195992     0.5716     0.0331  0.1025915    87.3365     18.333    30.3633     0.1888 -9.990e-29
       3221     18.509     8.1135   3.196067     0.5715     0.0331  0.1026042    87.3196     18.336    30.3639     0.1884 0.0000e+00
       3222     18.512     8.1137   3.196143     0.5715     0.0332  0.1026171    87.3024     18.339    30.3646     0.1885 0.0000e+00
       3223     18.515     8.1139   3.196219     0.5714     0.0332  0.1026305    87.2855     18.342    30.3652     0.1882 -9.990e-29
       3224     18.517     8.1141   3.196296     0.5714     0.0332  0.1026444    87.2689     18.344    30.3658     0.1882 -9.990e-29
       3225     18.520     8.1144   3.196373     0.5714     0.0332  0.1026589    87.2529     18.347    30.3664     0.1882 0.0000e+00
       3226     18.523     8.1146   3.196451     0.5713     0.0333  0.1026740    87.2370     18.350    30.3670     0.1879 0.0000e+00
       3227     18.526     8.1148   3.196529     0.5713     0.0333  0.1026899    87.2211     18.353    30.3677     0.1879 0.0000e+00
       3228     18.529     8.1151   3.196608     0.5712     0.0333  0.1027068    87.2049     18.356    30.3682     0.1876 0.0000e+00
       3229     18.532     8.1153   3.196687     0.5712     0.0333  0.1027246    87.1884     18.359    30.3689     0.1877 0.0000e+00
       3230     18.535     8.1156   3.196766     0.5712     0.0334  0.1027436    87.1713     18.362    30.3695     0.1877 0.0000e+00
       3231     18.538     8.1159   3.196845     0.5712     0.0334  0.1027639    87.1536     18.365    30.3700     0.1877 0.0000e+00
       3232     18.541     8.1161   3.196925     0.5711     0.0335  0.1027856    87.1357     18.368    30.3707     0.1875 -9.990e-29
       3233     18.543     8.1164   3.197005     0.5711     0.0335  0.1028088    87.1177     18.370    30.3713     0.1875 -9.990e-29
       3234     18.546     8.1167   3.197085     0.5711     0.0336  0.1028338    87.0996     18.373    30.3719     0.1875 0.0000e+00
       3235     18.550     8.1169   3.197165     0.5711     0.0336  0.1028607    87.0816     18.377    30.3725     0.1876 0.0000e+00
       3236     18.553     8.1172   3.197245     0.5710     0.0337  0.1028896    87.0643     18.380    30.3731     0.1874 0.0000e+00
       3237     18.556     8.1174   3.197325     0.5710     0.0338  0.1029209    87.0484     18.383    30.3738     0.1874 0.0000e+00
       3238     18.559     8.1177   3.197406     0.5710     0.0338  0.1029546    87.0345     18.386    30.3744     0.1875 0.0000e+00
       3239     18.562     8.1180   3.197486     0.5709     0.0339  0.1029912    87.0225     18.389    30.3749     0.1873 -9.990e-29
       3240     18.564     8.1182   3.197566     0.5709     0.0340  0.1030307    87.0122     18.391    30.3756     0.1873 -9.990e-29
       3241     18.567     8.1185   3.197647     0.5708     0.0341  0.1030734    87.0034     18.394    30.3762     0.1871 0.0000e+00
       3242     18.570     8.1187   3.197727     0.5708     0.0342  0.1031198    86.9954     18.397    30.3769     0.1872 0.0000e+00
       3243     18.573     8.1190   3.197808     0.5708     0.0343  0.1031700    86.9877     18.400    30.3775     0.1872 0.0000e+00
       3244     18.576     8.1192   3.197889     0.5707     0.0345  0.1032245    86.9798     18.403    30.3781     0.1870 0.0000e+00
       3245     18.580     8.1194   3.197969     0.5707     0.0346  0.1032836    86.9716     18.406    30.3788     0.1870 0.0000e+00
       3246     18.583     8.1196   3.198049     0.5707     0.0347  0.1033477    86.9629     18.409    30.3795     0.1871 0.0000e+00
       3247     18.586     8.1198   3.198129     0.5707     0.0349  0.1034173    86.9542     18.412    30.3801     0.1871 0.0000e+00
       3248     18.589     8.1200   3.198208     0.5706     0.0351  0.1034929    86.9457     18.415    30.3808     0.1868 0.0000e+00
