data/2021/ctd_data_day3/station5e_ctm_fil_le.cnv
* Sea-Bird SBE 9 Data File:
* FileName = C:\Users\CTD-User\Desktop\MAR440\day3\station5e.hex
* Software Version Seasave V 7.26.2.13
* Temperature SN = 6313
* Conductivity SN = 4758
* Number of Bytes Per Scan = 37
* Number of Voltage Words = 4
* Number of Scans Averaged by the Deck Unit = 1
* NMEA Latitude = 58 19.40 N
* NMEA Longitude = 011 49.94 E
* NMEA UTC (Time) = Sep 23 2021 10:10:37
* NMEA baud rate = 4800
** Ship: Skagerrak
** Station: station5e
** Operator: Tor
# nquan = 9
# nvalues = 1576                        
# units = specified
# name 0 = scan: Scan Count
# name 1 = prDM: Pressure, Digiquartz [db]
# name 2 = t090C: Temperature [ITS-90, deg C]
# name 3 = c0S/m: Conductivity [S/m]
# name 4 = sbeox0V: Oxygen raw, SBE 43 [V]
# name 5 = sbeox1V: Oxygen raw, SBE 43, 2 [V]
# name 6 = flECO-AFL: Fluorescence, WET Labs ECO-AFL/FL [mg/m^3]
# name 7 = upoly0: Upoly 0, Turbidity
# name 8 = flag:  0.000e+00
# span 0 =          1,       1576       
# span 1 =      0.452,     15.263       
# span 2 =    13.3677,    15.1846       
# span 3 =   2.949086,   3.431206       
# span 4 =     1.4032,     2.7953       
# span 5 =     1.4594,     2.6995       
# span 6 =     0.0040,     0.0090       
# span 7 =  0.0913729,  0.1588100       
# span 8 = 0.0000e+00, 0.0000e+00       
# interval = seconds: 0.0416667
# start_time = Sep 23 2021 10:10:37 [NMEA time, header]
# bad_flag = -9.990e-29
*END*
[from data line 641]
        642      1.025    14.9207   2.949598     2.7836     2.6787     0.0062  0.1502031 -9.990e-29
        643      1.035    14.9210   2.949594     2.7836     2.6787     0.0062  0.1499998 -9.990e-29
        644      1.044    14.9214   2.949591     2.7836     2.6787     0.0062  0.1497876 -9.990e-29
        645      1.054    14.9217   2.949588     2.7836     2.6786     0.0062  0.1495659 -9.990e-29
        646      1.064    14.9220   2.949587     2.7837     2.6786     0.0062  0.1493323 -9.990e-29
        647      1.073    14.9223   2.949586     2.7837     2.6786     0.0060  0.1490843 -9.990e-29
        648      1.082    14.9227   2.949585     2.7837     2.6786     0.0059  0.1488253 -9.990e-29
        649      1.092    14.9230   2.949586     2.7837     2.6785     0.0057  0.1485679 -9.990e-29
        650      1.101    14.9233   2.949586     2.7838     2.6785     0.0057  0.1483256 -9.990e-29
        651      1.110    14.9235   2.949586     2.7838     2.6785     0.0057  0.1481035 -9.990e-29
        652      1.120    14.9238   2.949587     2.7838     2.6784     0.0057  0.1479002 -9.990e-29
        653      1.129    14.9240   2.949588     2.7839     2.6784     0.0057  0.1477132 -9.990e-29
        654      1.138    14.9243   2.949590     2.7839     2.6783     0.0057  0.1475414 -9.990e-29
        655      1.148    14.9245   2.949591     2.7839     2.6783     0.0057  0.1473835 -9.990e-29
        656      1.157    14.9247   2.949593     2.7839     2.6783     0.0057  0.1472384 -9.990e-29
        657      1.166    14.9249   2.949595     2.7839     2.6782     0.0057  0.1471052 -9.990e-29
        658      1.176    14.9251   2.949596     2.7840     2.6782     0.0057  0.1469828 -9.990e-29
        659      1.185    14.9253   2.949598     2.7840     2.6782     0.0057  0.1468705 -9.990e-29
        660      1.195    14.9255   2.949599     2.7840     2.6781     0.0057  0.1467674 -9.990e-29
        661      1.204    14.9256   2.949600     2.7841     2.6781     0.0057  0.1466728 -9.990e-29
        662      1.214    14.9258   2.949602     2.7841     2.6781     0.0057  0.1465862 -9.990e-29
        663      1.224    14.9260   2.949603     2.7841     2.6781     0.0055  0.1465068 -9.990e-29
        664      1.233    14.9262   2.949604     2.7842     2.6781     0.0057  0.1464342 -9.990e-29
        665      1.242    14.9263   2.949605     2.7842     2.6780     0.0057  0.1463678 -9.990e-29
        666      1.251    14.9265   2.949606     2.7842     2.6780     0.0057  0.1463071 -9.990e-29
        667      1.261    14.9266   2.949607     2.7843     2.6780     0.0057  0.1462526 -9.990e-29
        668      1.270    14.9268   2.949608     2.7843     2.6780     0.0057  0.1462048 -9.990e-29
        669      1.279    14.9269   2.949608     2.7843     2.6780     0.0057  0.1461625 -9.990e-29
        670      1.287    14.9269   2.949608     2.7843     2.6780     0.0055  0.1461245 -9.990e-29
        671      1.296    14.9270   2.949610     2.7843     2.6780     0.0057  0.1460905 -9.990e-29
        672      1.304    14.9271   2.949613     2.7843     2.6780     0.0057  0.1460604 -9.990e-29
        673      1.312    14.9272   2.949616     2.7844     2.6780     0.0057  0.1460339 -9.990e-29
        674      1.320    14.9273   2.949619     2.7844     2.6780     0.0057  0.1460109 -9.990e-29
        675      1.328    14.9274   2.949622     2.7844     2.6780     0.0057  0.1459911 -9.990e-29
        676      1.335    14.9275   2.949625     2.7844     2.6780     0.0057  0.1459745 -9.990e-29
        677      1.342    14.9275   2.949628     2.7845     2.6780     0.0057  0.1459609 -9.990e-29
        678      1.349    14.9276   2.949632     2.7845     2.6780     0.0057  0.1459502 -9.990e-29
        679      1.355    14.9278   2.949636     2.7845     2.6780     0.0057  0.1459424 -9.990e-29
        680      1.361    14.9279   2.949640     2.7845     2.6781     0.0057  0.1459374 -9.990e-29
        681      1.367    14.9280   2.949644     2.7845     2.6781     0.0057  0.1459351 -9.990e-29
        682      1.372    14.9282   2.949649     2.7846     2.6781     0.0057  0.1459356 -9.990e-29
        683      1.377    14.9283   2.949654     2.7846     2.6781     0.0057  0.1459389 -9.990e-29
        684      1.382    14.9285   2.949659     2.7846     2.6781     0.0057  0.1459449 -9.990e-29
        685      1.386    14.9287   2.949664     2.7846     2.6781     0.0057  0.1459538 -9.990e-29
        686      1.391    14.9288   2.949670     2.7846     2.6781     0.0057  0.1459655 -9.990e-29
        687      1.395    14.9290   2.949675     2.7846     2.6781     0.0057  0.1459802 -9.990e-29
        688      1.399    14.9291   2.949680     2.7846     2.6781     0.0057  0.1459979 -9.990e-29
        689      1.402    14.9292   2.949684     2.7846     2.6781     0.0057  0.1460189 -9.990e-29
        690      1.406    14.9293   2.949688     2.7846     2.6781     0.0057  0.1460432 -9.990e-29
        691      1.409    14.9293   2.949690     2.7846     2.6781     0.0057  0.1460709 -9.990e-29
        692      1.411    14.9294   2.949693     2.7846     2.6781     0.0057  0.1461024 -9.990e-29
        693      1.414    14.9295   2.949695     2.7846     2.6782     0.0057  0.1461378 -9.990e-29
        694      1.416    14.9296   2.949697     2.7847     2.6782     0.0057  0.1461774 -9.990e-29
        695      1.417    14.9297   2.949700     2.7847     2.6782     0.0057  0.1462214 -9.990e-29
        696      1.419    14.9297   2.949703     2.7847     2.6782     0.0057  0.1462701 -9.990e-29
        697      1.421    14.9298   2.949706     2.7847     2.6783     0.0057  0.1463239 -9.990e-29
        698      1.423    14.9299   2.949709     2.7848     2.6783     0.0057  0.1463832 -9.990e-29
        699      1.424    14.9300   2.949712     2.7848     2.6783     0.0055  0.1464466 -9.990e-29
        700      1.426    14.9301   2.949715     2.7848     2.6784     0.0055  0.1465095 -9.990e-29
        701      1.427    14.9302   2.949718     2.7848     2.6784     0.0055  0.1465673 -9.990e-29
        702      1.428    14.9303   2.949720     2.7848     2.6785     0.0055  0.1466187 -9.990e-29
        703      1.429    14.9304   2.949723     2.7849     2.6785     0.0053  0.1466640 -9.990e-29
        704      1.430    14.9305   2.949726     2.7849     2.6786     0.0055  0.1467035 -9.990e-29
        705      1.431    14.9305   2.949728     2.7849     2.6786     0.0055  0.1467375 -9.990e-29
        706      1.432    14.9306   2.949730     2.7849     2.6787     0.0055  0.1467663 -9.990e-29
        707      1.432    14.9307   2.949733     2.7850     2.6787     0.0055  0.1467900 -9.990e-29
        708      1.433    14.9307   2.949735     2.7850     2.6788     0.0055  0.1468088 -9.990e-29
        709      1.434    14.9308   2.949737     2.7851     2.6788     0.0055  0.1468228 -9.990e-29
        710      1.435    14.9308   2.949739     2.7851     2.6788     0.0055  0.1468322 -9.990e-29
        711      1.436    14.9308   2.949740     2.7852     2.6789     0.0055  0.1468370 -9.990e-29
        712      1.436    14.9308   2.949741     2.7852     2.6789     0.0055  0.1468372 -9.990e-29
        713      1.437    14.9308   2.949742     2.7853     2.6790     0.0055  0.1468328 -9.990e-29
        714      1.437    14.9308   2.949742     2.7853     2.6790     0.0055  0.1468239 -9.990e-29
        715      1.437    14.9308   2.949742     2.7854     2.6790     0.0055  0.1468103 -9.990e-29
        716      1.437    14.9308   2.949742     2.7854     2.6791     0.0055  0.1467919 -9.990e-29
        717      1.438    14.9307   2.949741     2.7855     2.6791     0.0055  0.1467687 -9.990e-29
        718      1.438    14.9307   2.949741     2.7856     2.6792     0.0055  0.1467404 -9.990e-29
        719      1.438    14.9306   2.949740     2.7857     2.6792     0.0055  0.1467069 -9.990e-29
        720      1.438    14.9306   2.949740     2.7857     2.6793     0.0055  0.1466680 -9.990e-29
        721      1.438    14.9305   2.949740     2.7858     2.6793     0.0055  0.1466232 -9.990e-29
        722      1.438    14.9304   2.949740     2.7858     2.6794     0.0055  0.1465725 -9.990e-29
        723      1.438    14.9303   2.949739     2.7859     2.6794     0.0055  0.1465153 -9.990e-29
        724      1.438    14.9302   2.949738     2.7860     2.6795     0.0059  0.1464513 -9.990e-29
        725      1.437    14.9301   2.949737     2.7861     2.6795     0.0070  0.1463826 -9.990e-29
        726      1.437    14.9300   2.949735     2.7861     2.6796     0.0075  0.1463147 -9.990e-29
        727      1.437    14.9299   2.949733     2.7862     2.6797     0.0075  0.1462513 -9.990e-29
        728      1.437    14.9298   2.949732     2.7863     2.6797     0.0075  0.1461929 -9.990e-29
        729      1.436    14.9297   2.949731     2.7864     2.6798     0.0075  0.1461390 -9.990e-29
        730      1.436    14.9296   2.949730     2.7865     2.6798     0.0075  0.1460893 -9.990e-29
        731      1.435    14.9296   2.949728     2.7866     2.6799     0.0075  0.1460434 -9.990e-29
        732      1.435    14.9295   2.949727     2.7867     2.6799     0.0075  0.1460011 -9.990e-29
        733      1.434    14.9294   2.949726     2.7868     2.6800     0.0075  0.1459619 -9.990e-29
        734      1.434    14.9294   2.949725     2.7869     2.6800     0.0075  0.1459257 -9.990e-29
        735      1.433    14.9293   2.949725     2.7870     2.6800     0.0075  0.1458921 -9.990e-29
        736      1.433    14.9293   2.949725     2.7871     2.6801     0.0075  0.1458610 -9.990e-29
        737      1.433    14.9292   2.949725     2.7872     2.6801     0.0075  0.1458322 -9.990e-29
        738      1.432    14.9292   2.949724     2.7873     2.6802     0.0075  0.1458053 -9.990e-29
        739      1.432    14.9292   2.949724     2.7875     2.6802     0.0075  0.1457804 -9.990e-29
        740      1.432    14.9291   2.949724     2.7876     2.6803     0.0075  0.1457570 -9.990e-29
        741      1.431    14.9291   2.949724     2.7877     2.6803     0.0075  0.1457352 -9.990e-29
        742      1.431    14.9291   2.949724     2.7878     2.6803     0.0075  0.1457148 -9.990e-29
        743      1.430    14.9292   2.949724     2.7879     2.6804     0.0075  0.1456956 -9.990e-29
        744      1.430    14.9292   2.949725     2.7880     2.6804     0.0075  0.1456775 -9.990e-29
        745      1.429    14.9293   2.949726     2.7881     2.6805     0.0075  0.1456603 -9.990e-29
        746      1.429    14.9294   2.949727     2.7882     2.6805     0.0075  0.1456440 -9.990e-29
        747      1.429    14.9296   2.949728     2.7883     2.6806     0.0075  0.1456284 -9.990e-29
        748      1.429    14.9297   2.949729     2.7884     2.6807     0.0075  0.1456134 -9.990e-29
        749      1.428    14.9298   2.949730     2.7885     2.6807     0.0075  0.1455989 -9.990e-29
        750      1.428    14.9299   2.949731     2.7886     2.6808     0.0066  0.1455848 -9.990e-29
        751      1.428    14.9300   2.949732     2.7887     2.6808     0.0057  0.1455711 -9.990e-29
        752      1.428    14.9301   2.949733     2.7888     2.6809     0.0053  0.1455575 -9.990e-29
        753      1.429    14.9302   2.949734     2.7889     2.6810     0.0055  0.1455441 -9.990e-29
        754      1.429    14.9303   2.949736     2.7890     2.6810     0.0055  0.1455307 -9.990e-29
        755      1.429    14.9304   2.949737     2.7890     2.6811     0.0055  0.1455173 -9.990e-29
        756      1.429    14.9305   2.949738     2.7891     2.6811     0.0055  0.1455037 -9.990e-29
        757      1.429    14.9306   2.949740     2.7892     2.6811     0.0055  0.1454898 -9.990e-29
        758      1.430    14.9307   2.949741     2.7892     2.6812     0.0055  0.1454756 -9.990e-29
        759      1.430    14.9308   2.949742     2.7893     2.6812     0.0055  0.1454610 -9.990e-29
        760      1.431    14.9308   2.949743     2.7893     2.6813     0.0055  0.1454458 -9.990e-29
        761      1.431    14.9309   2.949744     2.7894     2.6813     0.0055  0.1454299 -9.990e-29
        762      1.431    14.9310   2.949745     2.7894     2.6814     0.0055  0.1454133 -9.990e-29
        763      1.432    14.9311   2.949746     2.7895     2.6814     0.0055  0.1453958 -9.990e-29
        764      1.432    14.9312   2.949746     2.7895     2.6814     0.0055  0.1453774 -9.990e-29
        765      1.432    14.9313   2.949747     2.7895     2.6815     0.0055  0.1453577 -9.990e-29
        766      1.433    14.9315   2.949748     2.7895     2.6815     0.0055  0.1453369 -9.990e-29
        767      1.433    14.9316   2.949750     2.7896     2.6816     0.0055  0.1453146 -9.990e-29
        768      1.433    14.9317   2.949751     2.7896     2.6816     0.0055  0.1452907 -9.990e-29
        769      1.434    14.9318   2.949752     2.7896     2.6816     0.0055  0.1452651 -9.990e-29
        770      1.434    14.9319   2.949753     2.7896     2.6817     0.0055  0.1452376 -9.990e-29
        771      1.434    14.9320   2.949753     2.7896     2.6817     0.0055  0.1452080 -9.990e-29
        772      1.435    14.9321   2.949754     2.7897     2.6818     0.0055  0.1451761 -9.990e-29
        773      1.435    14.9322   2.949754     2.7897     2.6818     0.0055  0.1451417 -9.990e-29
        774      1.435    14.9323   2.949753     2.7897     2.6819     0.0055  0.1451044 -9.990e-29
        775      1.435    14.9324   2.949753     2.7897     2.6819     0.0055  0.1450642 -9.990e-29
        776      1.435    14.9325   2.949752     2.7897     2.6820     0.0057  0.1450224 -9.990e-29
        777      1.435    14.9326   2.949750     2.7897     2.6820     0.0057  0.1449829 -9.990e-29
        778      1.435    14.9327   2.949749     2.7897     2.6821     0.0057  0.1449488 -9.990e-29
        779      1.435    14.9328   2.949747     2.7897     2.6821     0.0057  0.1449209 -9.990e-29
        780      1.435    14.9329   2.949745     2.7897     2.6822     0.0057  0.1448988 -9.990e-29
        781      1.435    14.9329   2.949745     2.7898     2.6822     0.0057  0.1448825 -9.990e-29
        782      1.434    14.9330   2.949747     2.7898     2.6822     0.0057  0.1448718 -9.990e-29
        783      1.434    14.9331   2.949750     2.7897     2.6823     0.0055  0.1448666 -9.990e-29
        784      1.434    14.9332   2.949754     2.7897     2.6823     0.0057  0.1448670 -9.990e-29
        785      1.434    14.9333   2.949758     2.7897     2.6823     0.0057  0.1448729 -9.990e-29
        786      1.434    14.9334   2.949762     2.7897     2.6823     0.0057  0.1448843 -9.990e-29
        787      1.434    14.9334   2.949765     2.7897     2.6824     0.0057  0.1449013 -9.990e-29
        788      1.434    14.9335   2.949767     2.7897     2.6824     0.0057  0.1449241 -9.990e-29
        789      1.435    14.9335   2.949769     2.7897     2.6824     0.0057  0.1449528 -9.990e-29
        790      1.435    14.9336   2.949771     2.7897     2.6824     0.0057  0.1449877 -9.990e-29
        791      1.435    14.9336   2.949772     2.7897     2.6824     0.0057  0.1450288 -9.990e-29
        792      1.435    14.9337   2.949773     2.7896     2.6824     0.0057  0.1450767 -9.990e-29
        793      1.436    14.9337   2.949774     2.7896     2.6825     0.0057  0.1451314 -9.990e-29
        794      1.436    14.9338   2.949775     2.7896     2.6825     0.0057  0.1451936 -9.990e-29
        795      1.436    14.9338   2.949776     2.7896     2.6825     0.0057  0.1452635 -9.990e-29
        796      1.437    14.9339   2.949778     2.7896     2.6825     0.0057  0.1453417 -9.990e-29
        797      1.437    14.9339   2.949780     2.7896     2.6825     0.0055  0.1454287 -9.990e-29
        798      1.438    14.9339   2.949782     2.7896     2.6825     0.0057  0.1455252 -9.990e-29
        799      1.439    14.9340   2.949783     2.7895     2.6825     0.0057  0.1456317 -9.990e-29
        800      1.440    14.9340   2.949784     2.7895     2.6825     0.0057  0.1457490 -9.990e-29
