data/2021/ctd_data_day3/station6f_ctm.cnv
* Sea-Bird SBE 9 Data File:
* FileName = C:\Users\CTD-User\Desktop\MAR440\day3\station6f.hex
* Software Version Seasave V 7.26.2.13
* Temperature SN = 6313
* Conductivity SN = 4758
* Number of Bytes Per Scan = 37
* Number of Voltage Words = 4
* Number of Scans Averaged by the Deck Unit = 1
* NMEA Latitude = 58 18.97 N
* NMEA Longitude = 011 48.24 E
* NMEA UTC (Time) = Sep 23 2021 10:37:53
* NMEA baud rate = 4800
** Ship: Skagerrak
** Station: station6f
** Operator: Tor
# nquan = 9
# nvalues = 2508                        
# units = specified
# name 0 = scan: Scan Count
# name 1 = prDM: Pressure, Digiquartz [db]
# name 2 = t090C: Temperature [ITS-90, deg C]
# name 3 = c0S/m: Conductivity [S/m]
# name 4 = sbeox0V: Oxygen raw, SBE 43 [V]
# name 5 = sbeox1V: Oxygen raw, SBE 43, 2 [V]
# name 6 = flECO-AFL: Fluorescence, WET Labs ECO-AFL/FL [mg/m^3]
# name 7 = upoly0: Upoly 0, Turbidity
# name 8 = flag:  0.000e+00
# span 0 =          1,       2508       
# span 1 =      0.694,     27.246       
# span 2 =     8.7731,    15.8238       
# span 3 =   2.898393,   3.795176       
# span 4 =     1.0194,     2.7814       
# span 5 =     1.0328,     2.6996       
# span 6 =     0.0035,     0.0218       
# span 7 =  0.0864432,  0.1616569       
# span 8 = 0.0000e+00, 0.0000e+00       
# interval = seconds: 0.0416667
# start_time = Sep 23 2021 10:37:53 [NMEA time, header]
# bad_flag = -9.990e-29
*END*
[from data line 1921]
       1922     15.568    14.0946   3.499480     1.5213     1.5017     0.0037  0.0932808 0.0000e+00
       1923     15.568    14.0786   3.499773     1.5188     1.4993     0.0037  0.0932808 0.0000e+00
       1924     15.568    14.0571   3.499893     1.5164     1.4969     0.0037  0.0927924 0.0000e+00
       1925     15.634    14.0378   3.499744     1.5115     1.4944     0.0037  0.0927924 0.0000e+00
       1926     15.675    14.0210   3.499553     1.5091     1.4932     0.0037  0.0927924 0.0000e+00
       1927     15.634    13.9992   3.499343     1.5078     1.4908     0.0037  0.0932808 0.0000e+00
       1928     15.692    13.9756   3.498985     1.5054     1.4883     0.0037  0.0927924 0.0000e+00
       1929     15.692    13.9495   3.498712     1.5017     1.4871     0.0037  0.0927924 0.0000e+00
       1930     15.758    13.9283   3.498506     1.4981     1.4847     0.0037  0.0927924 0.0000e+00
       1931     15.733    13.9082   3.498492     1.4956     1.4822     0.0037  0.0927924 0.0000e+00
       1932     15.758    13.8901   3.498699     1.4956     1.4810     0.0037  0.0927924 0.0000e+00
       1933     15.815    13.8751   3.499270     1.4920     1.4785     0.0037  0.0927924 0.0000e+00
       1934     15.815    13.8563   3.499710     1.4883     1.4761     0.0038  0.0918156 0.0000e+00
       1935     15.815    13.8381   3.499981     1.4859     1.4749     0.0038  0.0913272 0.0000e+00
       1936     15.873    13.8151   3.499927     1.4834     1.4724     0.0038  0.0913272 0.0000e+00
       1937     15.856    13.7883   3.499554     1.4822     1.4700     0.0038  0.0913272 0.0000e+00
       1938     15.939    13.7660   3.498705     1.4797     1.4676     0.0038  0.0913272 0.0000e+00
       1939     15.939    13.7457   3.497728     1.4773     1.4663     0.0038  0.0913272 0.0000e+00
       1940     15.939    13.7285   3.496792     1.4749     1.4639     0.0038  0.0913272 0.0000e+00
       1941     15.997    13.7142   3.496022     1.4724     1.4627     0.0038  0.0913272 0.0000e+00
       1942     15.980    13.7024   3.495473     1.4712     1.4602     0.0038  0.0913272 0.0000e+00
       1943     15.997    13.6936   3.495017     1.4675     1.4590     0.0038  0.0913272 0.0000e+00
       1944     16.063    13.6876   3.494713     1.4651     1.4566     0.0038  0.0913272 0.0000e+00
       1945     16.063    13.6824   3.494655     1.4627     1.4553     0.0038  0.0923040 0.0000e+00
       1946     16.063    13.6791   3.494473     1.4627     1.4529     0.0038  0.0913272 0.0000e+00
       1947     16.104    13.6761   3.494223     1.4602     1.4505     0.0038  0.0913272 0.0000e+00
       1948     16.186    13.6732   3.494149     1.4578     1.4492     0.0038  0.0913272 0.0000e+00
       1949     16.120    13.6692   3.493936     1.4541     1.4468     0.0038  0.0913272 0.0000e+00
       1950     16.186    13.6613   3.493595     1.4529     1.4444     0.0038  0.0913272 0.0000e+00
       1951     16.186    13.6502   3.493014     1.4504     1.4431     0.0038  0.0923040 0.0000e+00
       1952     16.244    13.6374   3.492120     1.4480     1.4407     0.0038  0.0913272 0.0000e+00
       1953     16.227    13.6255   3.491265     1.4456     1.4382     0.0038  0.0913272 0.0000e+00
       1954     16.244    13.6147   3.490568     1.4419     1.4370     0.0038  0.0913272 0.0000e+00
       1955     16.302    13.6030   3.489931     1.4395     1.4346     0.0038  0.0913272 0.0000e+00
       1956     16.302    13.5902   3.489332     1.4382     1.4321     0.0038  0.0913272 0.0000e+00
       1957     16.302    13.5788   3.488533     1.4382     1.4309     0.0038  0.0913272 0.0000e+00
       1958     16.351    13.5696   3.487866     1.4333     1.4285     0.0038  0.0913272 0.0000e+00
       1959     16.425    13.5583   3.487226     1.4309     1.4273     0.0038  0.0923040 0.0000e+00
       1960     16.367    13.5455   3.486528     1.4285     1.4248     0.0038  0.0918156 0.0000e+00
       1961     16.425    13.5337   3.485746     1.4285     1.4224     0.0038  0.0918156 0.0000e+00
       1962     16.425    13.5205   3.484717     1.4248     1.4199     0.0038  0.0918156 0.0000e+00
       1963     16.491    13.5059   3.483648     1.4211     1.4187     0.0038  0.0923040 0.0000e+00
       1964     16.466    13.4858   3.482394     1.4187     1.4163     0.0038  0.0918156 0.0000e+00
       1965     16.491    13.4579   3.480664     1.4163     1.4138     0.0038  0.0918156 0.0000e+00
       1966     16.549    13.4338   3.478679     1.4163     1.4126     0.0038  0.0923040 0.0000e+00
       1967     16.549    13.4089   3.476621     1.4138     1.4102     0.0038  0.0923040 0.0000e+00
       1968     16.549    13.3862   3.474450     1.4101     1.4077     0.0038  0.0923040 0.0000e+00
       1969     16.656    13.3635   3.472467     1.4065     1.4053     0.0038  0.0918156 0.0000e+00
       1970     16.549    13.3448   3.470653     1.4053     1.4041     0.0038  0.0923040 0.0000e+00
       1971     16.672    13.3321   3.469325     1.4040     1.4016     0.0038  0.0923040 0.0000e+00
       1972     16.672    13.3234   3.468477     1.4004     1.3992     0.0038  0.0918156 0.0000e+00
       1973     16.672    13.3188   3.467996     1.3992     1.3967     0.0038  0.0923040 0.0000e+00
       1974     16.672    13.3188   3.468050     1.3955     1.3955     0.0038  0.0923040 0.0000e+00
       1975     16.780    13.3225   3.468751     1.3955     1.3931     0.0038  0.0918156 0.0000e+00
       1976     16.730    13.3247   3.469680     1.3943     1.3906     0.0038  0.0923040 0.0000e+00
       1977     16.796    13.3260   3.470483     1.3894     1.3882     0.0038  0.0918156 0.0000e+00
       1978     16.730    13.3360   3.471894     1.3869     1.3857     0.0038  0.0923040 0.0000e+00
       1979     16.854    13.3592   3.474611     1.3833     1.3833     0.0038  0.0918156 0.0000e+00
       1980     16.796    13.3905   3.478412     1.3845     1.3809     0.0038  0.0918156 0.0000e+00
       1981     16.837    13.4280   3.482888     1.3808     1.3796     0.0038  0.0918156 0.0000e+00
       1982     16.920    13.4609   3.487648     1.3772     1.3772     0.0038  0.0923040 0.0000e+00
       1983     16.920    13.4954   3.492728     1.3747     1.3748     0.0038  0.0923040 0.0000e+00
       1984     16.920    13.5338   3.497813     1.3723     1.3723     0.0038  0.0918156 0.0000e+00
       1985     16.920    13.5654   3.502355     1.3711     1.3699     0.0040  0.0923040 0.0000e+00
       1986     16.977    13.5914   3.506747     1.3698     1.3674     0.0040  0.0927924 0.0000e+00
       1987     16.961    13.6140   3.511240     1.3650     1.3650     0.0040  0.0923040 0.0000e+00
       1988     17.035    13.6286   3.515788     1.3613     1.3625     0.0040  0.0923040 0.0000e+00
       1989     17.035    13.6356   3.519971     1.3601     1.3601     0.0040  0.0923040 0.0000e+00
       1990     17.035    13.6389   3.523274     1.3589     1.3577     0.0040  0.0923040 0.0000e+00
       1991     17.035    13.6415   3.525548     1.3552     1.3552     0.0040  0.0923040 0.0000e+00
       1992     17.101    13.6428   3.527404     1.3528     1.3528     0.0040  0.0923040 0.0000e+00
       1993     17.142    13.6416   3.529169     1.3503     1.3503     0.0040  0.0923040 0.0000e+00
       1994     17.101    13.6360   3.530634     1.3491     1.3491     0.0040  0.0923040 0.0000e+00
       1995     17.159    13.6262   3.531752     1.3466     1.3454     0.0040  0.0923040 0.0000e+00
       1996     17.159    13.6149   3.532569     1.3430     1.3430     0.0040  0.0923040 0.0000e+00
       1997     17.224    13.6027   3.532875     1.3393     1.3406     0.0040  0.0923040 0.0000e+00
       1998     17.224    13.5911   3.533000     1.3381     1.3393     0.0040  0.0923040 0.0000e+00
       1999     17.208    13.5800   3.533115     1.3381     1.3369     0.0040  0.0923040 0.0000e+00
       2000     17.282    13.5686   3.532916     1.3357     1.3345     0.0040  0.0923040 0.0000e+00
       2001     17.282    13.5574   3.532459     1.3308     1.3320     0.0040  0.0923040 0.0000e+00
       2002     17.282    13.5460   3.532148     1.3283     1.3296     0.0040  0.0923040 0.0000e+00
       2003     17.340    13.5347   3.531436     1.3247     1.3271     0.0040  0.0923040 0.0000e+00
       2004     17.340    13.5200   3.530652     1.3259     1.3247     0.0040  0.0923040 0.0000e+00
       2005     17.389    13.5069   3.529710     1.3222     1.3235     0.0040  0.0923040 0.0000e+00
       2006     17.406    13.4934   3.528695     1.3198     1.3210     0.0040  0.0923040 0.0000e+00
       2007     17.406    13.4786   3.527676     1.3161     1.3198     0.0040  0.0923040 0.0000e+00
       2008     17.406    13.4653   3.526715     1.3161     1.3174     0.0040  0.0923040 0.0000e+00
       2009     17.463    13.4545   3.525870     1.3137     1.3149     0.0040  0.0923040 0.0000e+00
       2010     17.463    13.4484   3.525193     1.3112     1.3137     0.0040  0.0918156 0.0000e+00
       2011     17.463    13.4403   3.524737     1.3076     1.3113     0.0038  0.0913272 0.0000e+00
       2012     17.513    13.4315   3.524272     1.3051     1.3088     0.0038  0.0913272 0.0000e+00
       2013     17.587    13.4236   3.523911     1.3039     1.3076     0.0038  0.0913272 0.0000e+00
       2014     17.529    13.4186   3.523674     1.3027     1.3051     0.0038  0.0913272 0.0000e+00
       2015     17.587    13.4147   3.523477     1.3002     1.3027     0.0038  0.0913272 0.0000e+00
       2016     17.587    13.4121   3.523479     1.2966     1.3015     0.0038  0.0913272 0.0000e+00
       2017     17.587    13.4103   3.523838     1.2966     1.3003     0.0038  0.0913272 0.0000e+00
       2018     17.628    13.4119   3.524495     1.2941     1.2978     0.0038  0.0913272 0.0000e+00
       2019     17.711    13.4168   3.525528     1.2929     1.2966     0.0038  0.0913272 0.0000e+00
       2020     17.653    13.4233   3.526651     1.2893     1.2942     0.0038  0.0913272 0.0000e+00
       2021     17.711    13.4315   3.528010     1.2868     1.2917     0.0038  0.0913272 0.0000e+00
       2022     17.768    13.4418   3.529644     1.2844     1.2905     0.0038  0.0913272 0.0000e+00
       2023     17.711    13.4557   3.531810     1.2844     1.2880     0.0038  0.0913272 0.0000e+00
       2024     17.818    13.4713   3.534462     1.2819     1.2868     0.0038  0.0913272 0.0000e+00
       2025     17.768    13.4832   3.537455     1.2795     1.2856     0.0038  0.0913272 0.0000e+00
       2026     17.768    13.4908   3.540107     1.2770     1.2832     0.0038  0.0913272 0.0000e+00
       2027     17.834    13.4907   3.542328     1.2746     1.2819     0.0038  0.0913272 0.0000e+00
       2028     17.892    13.4824   3.543548     1.2746     1.2807     0.0038  0.0913272 0.0000e+00
       2029     17.892    13.4659   3.543973     1.2722     1.2795     0.0038  0.0913272 0.0000e+00
       2030     17.892    13.4431   3.543411     1.2697     1.2783     0.0038  0.0913272 0.0000e+00
       2031     17.876    13.4133   3.541722     1.2673     1.2758     0.0038  0.0913272 0.0000e+00
       2032     17.958    13.3764   3.539488     1.2673     1.2746     0.0038  0.0913272 0.0000e+00
       2033     17.958    13.3408   3.536798     1.2648     1.2734     0.0038  0.0913272 0.0000e+00
       2034     18.016    13.3122   3.534236     1.2624     1.2722     0.0038  0.0913272 0.0000e+00
       2035     18.016    13.2862   3.532164     1.2599     1.2710     0.0038  0.0913272 0.0000e+00
       2036     18.016    13.2680   3.530459     1.2575     1.2685     0.0038  0.0923040 0.0000e+00
       2037     18.016    13.2547   3.529157     1.2575     1.2673     0.0038  0.0913272 0.0000e+00
       2038     18.057    13.2416   3.528099     1.2575     1.2661     0.0038  0.0913272 0.0000e+00
       2039     18.139    13.2323   3.527268     1.2538     1.2661     0.0038  0.0913272 0.0000e+00
       2040     18.073    13.2256   3.526790     1.2526     1.2648     0.0038  0.0913272 0.0000e+00
       2041     18.139    13.2129   3.526336     1.2526     1.2636     0.0038  0.0923040 0.0000e+00
       2042     18.139    13.1969   3.525851     1.2526     1.2624     0.0038  0.0913272 0.0000e+00
       2043     18.197    13.1854   3.525320     1.2490     1.2612     0.0038  0.0913272 0.0000e+00
       2044     18.197    13.1790   3.524832     1.2477     1.2600     0.0038  0.0913272 0.0000e+00
       2045     18.247    13.1745   3.524238     1.2441     1.2587     0.0038  0.0913272 0.0000e+00
       2046     18.263    13.1722   3.523854     1.2428     1.2575     0.0038  0.0913272 0.0000e+00
       2047     18.197    13.1832   3.524217     1.2428     1.2575     0.0038  0.0913272 0.0000e+00
       2048     18.321    13.2250   3.527058     1.2428     1.2551     0.0038  0.0923040 0.0000e+00
       2049     18.321    13.2832   3.532792     1.2392     1.2551     0.0038  0.0913272 0.0000e+00
       2050     18.321    13.3274   3.539373     1.2380     1.2539     0.0038  0.0913272 0.0000e+00
       2051     18.321    13.3547   3.544639     1.2367     1.2526     0.0038  0.0913272 0.0000e+00
       2052     18.428    13.3724   3.548195     1.2367     1.2514     0.0038  0.0913272 0.0000e+00
       2053     18.387    13.3872   3.550646     1.2355     1.2490     0.0038  0.0913272 0.0000e+00
       2054     18.387    13.3977   3.552620     1.2331     1.2490     0.0038  0.0913272 0.0000e+00
       2055     18.444    13.4031   3.554064     1.2319     1.2490     0.0038  0.0913272 0.0000e+00
       2056     18.444    13.4056   3.555136     1.2306     1.2478     0.0038  0.0908388 0.0000e+00
       2057     18.502    13.4062   3.555828     1.2306     1.2465     0.0038  0.0913272 0.0000e+00
       2058     18.502    13.4064   3.556270     1.2294     1.2453     0.0038  0.0913272 0.0000e+00
       2059     18.551    13.4064   3.556528     1.2270     1.2441     0.0038  0.0913272 0.0000e+00
       2060     18.502    13.4041   3.556864     1.2245     1.2429     0.0038  0.0913272 0.0000e+00
       2061     18.568    13.4004   3.557463     1.2245     1.2429     0.0040  0.0913272 0.0000e+00
       2062     18.626    13.3986   3.558749     1.2245     1.2416     0.0042  0.0913272 0.0000e+00
       2063     18.568    13.3989   3.560543     1.2221     1.2404     0.0042  0.0913272 0.0000e+00
       2064     18.692    13.3997   3.562895     1.2196     1.2392     0.0042  0.0913272 0.0000e+00
       2065     18.626    13.4006   3.565105     1.2196     1.2392     0.0042  0.0913272 0.0000e+00
       2066     18.733    13.4014   3.566812     1.2196     1.2380     0.0042  0.0913272 0.0000e+00
       2067     18.626    13.4026   3.567791     1.2184     1.2368     0.0042  0.0913272 0.0000e+00
       2068     18.749    13.4031   3.568833     1.2160     1.2355     0.0042  0.0913272 0.0000e+00
       2069     18.749    13.4019   3.570028     1.2148     1.2355     0.0042  0.0913272 0.0000e+00
       2070     18.749    13.3999   3.570135     1.2135     1.2343     0.0042  0.0913272 0.0000e+00
       2071     18.807    13.3976   3.570513     1.2135     1.2331     0.0042  0.0913272 0.0000e+00
       2072     18.749    13.3947   3.570735     1.2135     1.2331     0.0042  0.0913272 0.0000e+00
       2073     18.873    13.3922   3.570442     1.2111     1.2319     0.0042  0.0913272 0.0000e+00
       2074     18.856    13.3904   3.570734     1.2099     1.2319     0.0042  0.0913272 0.0000e+00
       2075     18.873    13.3904   3.570676     1.2087     1.2307     0.0042  0.0913272 0.0000e+00
       2076     18.873    13.3932   3.571341     1.2087     1.2294     0.0042  0.0913272 0.0000e+00
       2077     18.931    13.3994   3.573211     1.2087     1.2294     0.0042  0.0913272 0.0000e+00
       2078     18.931    13.4078   3.575392     1.2050     1.2282     0.0042  0.0913272 0.0000e+00
       2079     18.931    13.4156   3.578528     1.2038     1.2270     0.0042  0.0913272 0.0000e+00
       2080     18.997    13.4216   3.581557     1.2038     1.2270     0.0042  0.0913272 0.0000e+00
