data/2021/ctd_data_day3/station2B_ctm_fil.cnv
* Sea-Bird SBE 9 Data File:
* FileName = C:\Users\CTD-User\Desktop\MAR440\day3\station2B.hex
* Software Version Seasave V 7.26.2.13
* Temperature SN = 6313
* Conductivity SN = 4758
* Number of Bytes Per Scan = 37
* Number of Voltage Words = 4
* Number of Scans Averaged by the Deck Unit = 1
* NMEA Latitude = 58 20.01 N
* NMEA Longitude = 011 52.53 E
* NMEA UTC (Time) = Sep 23 2021 08:43:00
* NMEA baud rate = 4800
** Ship: Skagerrak
** Station: station2B
** Operator: Eva
# nquan = 9
# nvalues = 5095                        
# units = specified
# name 0 = scan: Scan Count
# name 1 = prDM: Pressure, Digiquartz [db]
# name 2 = t090C: Temperature [ITS-90, deg C]
# name 3 = c0S/m: Conductivity [S/m]
# name 4 = sbeox0V: Oxygen raw, SBE 43 [V]
# name 5 = sbeox1V: Oxygen raw, SBE 43, 2 [V]
# name 6 = flECO-AFL: Fluorescence, WET Labs ECO-AFL/FL [mg/m^3]
# name 7 = upoly0: Upoly 0, Turbidity
# name 8 = flag:  0.000e+00
# span 0 =          1,       5095       
# span 1 =      0.239,     45.258       
# span 2 =     7.9778,    15.7832       
# span 3 =   0.046579,   3.464316       
# span 4 =     0.4751,     3.1973       
# span 5 =     0.5341,     2.8012       
# span 6 =     0.0033,     0.0346       
# span 7 =  0.0805987,  0.2200974       
# span 8 = 0.0000e+00, 0.0000e+00       
# interval = seconds: 0.0416667
# start_time = Sep 23 2021 08:43:00 [NMEA time, header]
# bad_flag = -9.990e-29
*END*
[from data line 2721]
       2722      4.311    15.2972   2.989589     2.7069     2.6075     0.0051  0.1588428 0.0000e+00
       2723      4.332    15.2973   2.989643     2.7071     2.6077     0.0051  0.1587372 0.0000e+00
       2724      4.354    15.2975   2.989693     2.7073     2.6078     0.0051  0.1586283 0.0000e+00
       2725      4.375    15.2977   2.989740     2.7075     2.6080     0.0051  0.1585161 0.0000e+00
       2726      4.397    15.2978   2.989784     2.7077     2.6081     0.0051  0.1584016 0.0000e+00
       2727      4.419    15.2979   2.989825     2.7079     2.6082     0.0055  0.1582857 0.0000e+00
       2728      4.440    15.2980   2.989864     2.7081     2.6083     0.0057  0.1581702 0.0000e+00
       2729      4.462    15.2981   2.989901     2.7082     2.6084     0.0057  0.1580567 0.0000e+00
       2730      4.483    15.2982   2.989935     2.7084     2.6085     0.0057  0.1579454 0.0000e+00
       2731      4.505    15.2983   2.989968     2.7085     2.6086     0.0055  0.1578354 0.0000e+00
       2732      4.527    15.2983   2.989998     2.7086     2.6087     0.0057  0.1577260 0.0000e+00
       2733      4.548    15.2983   2.990027     2.7087     2.6087     0.0057  0.1576165 0.0000e+00
       2734      4.570    15.2983   2.990056     2.7088     2.6088     0.0057  0.1575060 0.0000e+00
       2735      4.591    15.2983   2.990084     2.7089     2.6088     0.0057  0.1573938 0.0000e+00
       2736      4.613    15.2983   2.990110     2.7090     2.6088     0.0057  0.1572792 0.0000e+00
       2737      4.635    15.2983   2.990134     2.7090     2.6088     0.0057  0.1571612 0.0000e+00
       2738      4.656    15.2983   2.990156     2.7091     2.6088     0.0057  0.1570392 0.0000e+00
       2739      4.678    15.2983   2.990176     2.7091     2.6088     0.0057  0.1569123 0.0000e+00
       2740      4.700    15.2982   2.990194     2.7092     2.6088     0.0057  0.1567795 0.0000e+00
       2741      4.721    15.2981   2.990209     2.7092     2.6087     0.0057  0.1566399 0.0000e+00
       2742      4.743    15.2981   2.990223     2.7092     2.6087     0.0057  0.1564927 0.0000e+00
       2743      4.764    15.2980   2.990236     2.7091     2.6086     0.0057  0.1563367 0.0000e+00
       2744      4.786    15.2979   2.990248     2.7091     2.6086     0.0057  0.1561709 0.0000e+00
       2745      4.807    15.2978   2.990258     2.7090     2.6085     0.0057  0.1559940 0.0000e+00
       2746      4.829    15.2977   2.990268     2.7090     2.6084     0.0057  0.1558050 0.0000e+00
       2747      4.851    15.2976   2.990277     2.7089     2.6082     0.0057  0.1556025 0.0000e+00
       2748      4.872    15.2976   2.990286     2.7088     2.6081     0.0057  0.1553850 0.0000e+00
       2749      4.894    15.2975   2.990294     2.7087     2.6080     0.0057  0.1551510 0.0000e+00
       2750      4.915    15.2974   2.990302     2.7086     2.6078     0.0057  0.1548990 0.0000e+00
       2751      4.937    15.2973   2.990310     2.7084     2.6077     0.0057  0.1546272 0.0000e+00
       2752      4.959    15.2972   2.990318     2.7083     2.6075     0.0055  0.1543370 0.0000e+00
       2753      4.980    15.2971   2.990324     2.7082     2.6073     0.0053  0.1540392 0.0000e+00
       2754      5.002    15.2970   2.990330     2.7080     2.6072     0.0053  0.1537496 0.0000e+00
       2755      5.023    15.2969   2.990336     2.7079     2.6070     0.0053  0.1534772 0.0000e+00
       2756      5.045    15.2967   2.990342     2.7077     2.6068     0.0053  0.1532218 0.0000e+00
       2757      5.066    15.2966   2.990348     2.7075     2.6066     0.0053  0.1529799 0.0000e+00
       2758      5.088    15.2965   2.990355     2.7073     2.6064     0.0053  0.1527489 0.0000e+00
       2759      5.109    15.2964   2.990362     2.7072     2.6062     0.0053  0.1525274 0.0000e+00
       2760      5.131    15.2962   2.990369     2.7070     2.6060     0.0053  0.1523137 0.0000e+00
       2761      5.153    15.2961   2.990377     2.7068     2.6058     0.0053  0.1521072 0.0000e+00
       2762      5.174    15.2960   2.990387     2.7066     2.6056     0.0053  0.1519073 0.0000e+00
       2763      5.196    15.2958   2.990397     2.7064     2.6054     0.0053  0.1517118 0.0000e+00
       2764      5.217    15.2957   2.990408     2.7062     2.6052     0.0053  0.1515185 0.0000e+00
       2765      5.239    15.2956   2.990419     2.7060     2.6050     0.0053  0.1513259 0.0000e+00
       2766      5.261    15.2954   2.990431     2.7057     2.6048     0.0053  0.1511329 0.0000e+00
       2767      5.282    15.2953   2.990443     2.7055     2.6046     0.0053  0.1509380 0.0000e+00
       2768      5.304    15.2951   2.990457     2.7053     2.6044     0.0053  0.1507399 0.0000e+00
       2769      5.325    15.2950   2.990471     2.7051     2.6042     0.0053  0.1505372 0.0000e+00
       2770      5.347    15.2948   2.990487     2.7049     2.6040     0.0053  0.1503285 0.0000e+00
       2771      5.368    15.2947   2.990503     2.7046     2.6038     0.0053  0.1501123 0.0000e+00
       2772      5.390    15.2945   2.990519     2.7044     2.6036     0.0053  0.1498871 0.0000e+00
       2773      5.412    15.2944   2.990536     2.7042     2.6034     0.0053  0.1496515 0.0000e+00
       2774      5.433    15.2942   2.990555     2.7039     2.6032     0.0053  0.1494036 0.0000e+00
       2775      5.455    15.2940   2.990576     2.7037     2.6030     0.0053  0.1491419 0.0000e+00
       2776      5.476    15.2938   2.990599     2.7035     2.6028     0.0053  0.1488645 0.0000e+00
       2777      5.498    15.2937   2.990625     2.7033     2.6026     0.0053  0.1485694 0.0000e+00
       2778      5.519    15.2935   2.990652     2.7031     2.6025     0.0053  0.1482631 0.0000e+00
       2779      5.541    15.2934   2.990683     2.7028     2.6023     0.0055  0.1479656 0.0000e+00
       2780      5.562    15.2932   2.990716     2.7026     2.6021     0.0055  0.1476943 0.0000e+00
       2781      5.584    15.2931   2.990753     2.7024     2.6019     0.0055  0.1474532 0.0000e+00
       2782      5.605    15.2930   2.990792     2.7022     2.6017     0.0055  0.1472400 0.0000e+00
       2783      5.626    15.2930   2.990836     2.7020     2.6015     0.0055  0.1470521 0.0000e+00
       2784      5.648    15.2929   2.990883     2.7018     2.6013     0.0055  0.1468884 0.0000e+00
       2785      5.669    15.2929   2.990933     2.7016     2.6011     0.0055  0.1467476 0.0000e+00
       2786      5.691    15.2930   2.990986     2.7014     2.6010     0.0055  0.1466288 0.0000e+00
       2787      5.712    15.2930   2.991044     2.7012     2.6008     0.0055  0.1465312 0.0000e+00
       2788      5.734    15.2931   2.991106     2.7010     2.6006     0.0055  0.1464541 0.0000e+00
       2789      5.755    15.2933   2.991173     2.7008     2.6004     0.0055  0.1463969 0.0000e+00
       2790      5.777    15.2934   2.991246     2.7006     2.6002     0.0055  0.1463592 0.0000e+00
       2791      5.798    15.2937   2.991324     2.7004     2.6000     0.0055  0.1463409 0.0000e+00
       2792      5.819    15.2939   2.991408     2.7002     2.5999     0.0055  0.1463417 0.0000e+00
       2793      5.841    15.2942   2.991498     2.7000     2.5997     0.0055  0.1463617 0.0000e+00
       2794      5.862    15.2946   2.991594     2.6998     2.5995     0.0055  0.1464010 0.0000e+00
       2795      5.884    15.2950   2.991698     2.6996     2.5993     0.0055  0.1464599 0.0000e+00
       2796      5.905    15.2955   2.991809     2.6994     2.5992     0.0055  0.1465388 0.0000e+00
       2797      5.927    15.2960   2.991925     2.6993     2.5990     0.0055  0.1466382 0.0000e+00
       2798      5.948    15.2965   2.992047     2.6991     2.5988     0.0055  0.1467589 0.0000e+00
       2799      5.970    15.2971   2.992174     2.6989     2.5987     0.0055  0.1469016 0.0000e+00
       2800      5.991    15.2977   2.992307     2.6987     2.5985     0.0055  0.1470674 0.0000e+00
       2801      6.013    15.2984   2.992444     2.6985     2.5984     0.0055  0.1472574 0.0000e+00
       2802      6.034    15.2991   2.992586     2.6983     2.5982     0.0055  0.1474730 0.0000e+00
       2803      6.056    15.2998   2.992732     2.6982     2.5981     0.0057  0.1477122 0.0000e+00
       2804      6.077    15.3006   2.992882     2.6980     2.5979     0.0059  0.1479614 0.0000e+00
       2805      6.099    15.3013   2.993033     2.6978     2.5978     0.0060  0.1481994 0.0000e+00
       2806      6.120    15.3021   2.993186     2.6976     2.5976     0.0060  0.1484143 0.0000e+00
       2807      6.142    15.3029   2.993341     2.6975     2.5975     0.0060  0.1486051 0.0000e+00
       2808      6.163    15.3038   2.993497     2.6973     2.5974     0.0060  0.1487729 0.0000e+00
       2809      6.185    15.3046   2.993655     2.6971     2.5973     0.0060  0.1489192 0.0000e+00
       2810      6.206    15.3055   2.993815     2.6969     2.5972     0.0060  0.1490447 0.0000e+00
       2811      6.227    15.3064   2.993976     2.6968     2.5970     0.0060  0.1491505 0.0000e+00
       2812      6.249    15.3072   2.994137     2.6966     2.5969     0.0060  0.1492372 0.0000e+00
       2813      6.270    15.3081   2.994300     2.6964     2.5968     0.0060  0.1493055 0.0000e+00
       2814      6.292    15.3090   2.994463     2.6963     2.5967     0.0060  0.1493558 0.0000e+00
       2815      6.313    15.3099   2.994627     2.6961     2.5965     0.0060  0.1493885 0.0000e+00
       2816      6.335    15.3108   2.994790     2.6960     2.5964     0.0060  0.1494037 0.0000e+00
       2817      6.356    15.3117   2.994954     2.6958     2.5963     0.0060  0.1494017 0.0000e+00
       2818      6.377    15.3126   2.995118     2.6957     2.5962     0.0060  0.1493824 0.0000e+00
       2819      6.399    15.3135   2.995281     2.6955     2.5961     0.0060  0.1493457 0.0000e+00
       2820      6.420    15.3144   2.995444     2.6954     2.5959     0.0060  0.1492912 0.0000e+00
       2821      6.441    15.3153   2.995604     2.6952     2.5958     0.0060  0.1492196 0.0000e+00
       2822      6.463    15.3162   2.995762     2.6951     2.5957     0.0060  0.1491311 0.0000e+00
       2823      6.484    15.3170   2.995918     2.6950     2.5956     0.0060  0.1490242 0.0000e+00
       2824      6.505    15.3179   2.996073     2.6949     2.5955     0.0060  0.1488974 0.0000e+00
       2825      6.527    15.3187   2.996226     2.6947     2.5954     0.0060  0.1487507 0.0000e+00
       2826      6.548    15.3196   2.996378     2.6946     2.5953     0.0060  0.1485838 0.0000e+00
       2827      6.570    15.3204   2.996528     2.6945     2.5952     0.0060  0.1483947 0.0000e+00
       2828      6.591    15.3212   2.996677     2.6944     2.5951     0.0060  0.1481814 0.0000e+00
       2829      6.613    15.3220   2.996827     2.6943     2.5950     0.0057  0.1479491 0.0000e+00
       2830      6.634    15.3229   2.996979     2.6941     2.5950     0.0053  0.1477148 0.0000e+00
       2831      6.656    15.3237   2.997132     2.6940     2.5949     0.0053  0.1474948 0.0000e+00
       2832      6.677    15.3246   2.997286     2.6939     2.5948     0.0053  0.1472944 0.0000e+00
       2833      6.698    15.3254   2.997443     2.6938     2.5948     0.0053  0.1471121 0.0000e+00
       2834      6.720    15.3263   2.997601     2.6937     2.5947     0.0053  0.1469451 0.0000e+00
       2835      6.741    15.3271   2.997762     2.6936     2.5947     0.0053  0.1467911 0.0000e+00
       2836      6.763    15.3280   2.997926     2.6934     2.5946     0.0053  0.1466493 0.0000e+00
       2837      6.784    15.3288   2.998092     2.6933     2.5946     0.0053  0.1465186 0.0000e+00
       2838      6.806    15.3297   2.998260     2.6932     2.5945     0.0053  0.1463982 0.0000e+00
       2839      6.827    15.3306   2.998431     2.6931     2.5945     0.0053  0.1462870 0.0000e+00
       2840      6.849    15.3314   2.998603     2.6930     2.5945     0.0053  0.1461845 0.0000e+00
       2841      6.870    15.3322   2.998777     2.6928     2.5944     0.0053  0.1460899 0.0000e+00
       2842      6.892    15.3330   2.998951     2.6927     2.5944     0.0053  0.1460025 0.0000e+00
       2843      6.913    15.3338   2.999127     2.6926     2.5944     0.0053  0.1459217 0.0000e+00
       2844      6.935    15.3346   2.999303     2.6924     2.5944     0.0053  0.1458469 0.0000e+00
       2845      6.957    15.3354   2.999481     2.6923     2.5943     0.0053  0.1457777 0.0000e+00
       2846      6.978    15.3362   2.999660     2.6922     2.5943     0.0053  0.1457136 0.0000e+00
       2847      6.999    15.3369   2.999841     2.6920     2.5943     0.0053  0.1456540 0.0000e+00
       2848      7.021    15.3377   3.000025     2.6919     2.5942     0.0053  0.1455987 0.0000e+00
       2849      7.043    15.3384   3.000210     2.6917     2.5942     0.0053  0.1455471 0.0000e+00
       2850      7.064    15.3392   3.000397     2.6916     2.5942     0.0053  0.1454990 0.0000e+00
       2851      7.086    15.3399   3.000587     2.6914     2.5941     0.0053  0.1454540 0.0000e+00
       2852      7.107    15.3407   3.000779     2.6912     2.5941     0.0053  0.1454127 0.0000e+00
       2853      7.129    15.3415   3.000974     2.6911     2.5940     0.0051  0.1453756 0.0000e+00
       2854      7.151    15.3423   3.001172     2.6909     2.5940     0.0053  0.1453416 0.0000e+00
       2855      7.172    15.3431   3.001373     2.6907     2.5939     0.0053  0.1453096 0.0000e+00
       2856      7.194    15.3439   3.001577     2.6905     2.5938     0.0053  0.1452794 0.0000e+00
       2857      7.216    15.3448   3.001783     2.6904     2.5938     0.0053  0.1452508 0.0000e+00
       2858      7.238    15.3456   3.001990     2.6902     2.5937     0.0053  0.1452236 0.0000e+00
       2859      7.259    15.3465   3.002196     2.6900     2.5936     0.0053  0.1451975 0.0000e+00
       2860      7.281    15.3474   3.002402     2.6899     2.5936     0.0053  0.1451725 0.0000e+00
       2861      7.303    15.3482   3.002610     2.6897     2.5935     0.0053  0.1451484 0.0000e+00
       2862      7.324    15.3491   3.002821     2.6895     2.5934     0.0053  0.1451249 0.0000e+00
       2863      7.346    15.3500   3.003036     2.6894     2.5934     0.0053  0.1451019 0.0000e+00
       2864      7.368    15.3510   3.003253     2.6892     2.5933     0.0053  0.1450793 0.0000e+00
       2865      7.389    15.3519   3.003473     2.6891     2.5933     0.0053  0.1450569 0.0000e+00
       2866      7.411    15.3529   3.003695     2.6889     2.5932     0.0053  0.1450345 0.0000e+00
       2867      7.433    15.3539   3.003920     2.6888     2.5931     0.0053  0.1450120 0.0000e+00
       2868      7.455    15.3548   3.004147     2.6886     2.5931     0.0053  0.1449892 0.0000e+00
       2869      7.476    15.3558   3.004376     2.6885     2.5930     0.0053  0.1449660 0.0000e+00
       2870      7.498    15.3568   3.004608     2.6883     2.5929     0.0053  0.1449421 0.0000e+00
       2871      7.520    15.3579   3.004845     2.6881     2.5929     0.0053  0.1449176 0.0000e+00
       2872      7.542    15.3589   3.005086     2.6880     2.5928     0.0053  0.1448921 0.0000e+00
       2873      7.563    15.3600   3.005332     2.6878     2.5927     0.0053  0.1448655 0.0000e+00
       2874      7.585    15.3611   3.005582     2.6876     2.5926     0.0053  0.1448376 0.0000e+00
       2875      7.607    15.3621   3.005837     2.6875     2.5925     0.0053  0.1448082 0.0000e+00
       2876      7.629    15.3632   3.006097     2.6873     2.5924     0.0053  0.1447771 0.0000e+00
       2877      7.651    15.3643   3.006365     2.6871     2.5923     0.0053  0.1447441 0.0000e+00
       2878      7.673    15.3655   3.006640     2.6869     2.5923     0.0053  0.1447090 0.0000e+00
       2879      7.695    15.3667   3.006924     2.6867     2.5922     0.0053  0.1446715 0.0000e+00
       2880      7.717    15.3679   3.007219     2.6866     2.5921     0.0055  0.1446322 0.0000e+00
