data/2021/ctd_data_day3/station9i_ctm_fil_le_der.cnv
* Sea-Bird SBE 9 Data File:
* FileName = C:\Users\CTD-User\Desktop\MAR440\day3\station9i.hex
* Software Version Seasave V 7.26.2.13
* Temperature SN = 6313
* Conductivity SN = 4758
* Number of Bytes Per Scan = 37
* Number of Voltage Words = 4
* Number of Scans Averaged by the Deck Unit = 1
* NMEA Latitude = 58 20.28 N
* NMEA Longitude = 011 53.28 E
* NMEA UTC (Time) = Sep 23 2021 11:50:13
* NMEA baud rate = 4800
** Ship: Skagerrak
** Station: station9i
** Operator: Johan
# nquan = 13                                
# nvalues = 5713                        
# units = specified
# name 0 = scan: Scan Count
# name 1 = prDM: Pressure, Digiquartz [db]
# name 2 = t090C: Temperature [ITS-90, deg C]
# name 3 = c0S/m: Conductivity [S/m]
# name 4 = sbeox0V: Oxygen raw, SBE 43 [V]
# name 5 = sbeox1V: Oxygen raw, SBE 43, 2 [V]
# name 6 = flECO-AFL: Fluorescence, WET Labs ECO-AFL/FL [mg/m^3]
# name 7 = upoly0: Upoly 0, Turbidity
# name 8 = depSM: Depth [salt water, m], lat = 58.338
# name 9 = sal00: Salinity, Practical [PSU]
# name 10 = sbeox0ML/L: Oxygen, SBE 43 [ml/l], WS = 2
# name 11 = sbeox1ML/L: Oxygen, SBE 43, 2 [ml/l], WS = 2
# name 12 = flag: flag
# span 0 =          1,       5713       
# span 1 =      0.076,     39.053       
# span 2 =     7.9833,    15.6491       
# span 3 =  -0.000767,   3.465597       
# span 4 =     0.4811,     2.9326       
# span 5 =     0.5431,     2.7878       
# span 6 =     0.0024,     0.2439       
# span 7 =  0.0808790,  0.7693001       
# span 8 =      0.075,     38.686       
# span 9 =     0.0000,    32.1312       
# span 10 =    -0.1103,     8.7286      
# span 11 =     0.1955,     7.1396      
# span 12 = 0.0000e+00, 0.0000e+00      
# interval = seconds: 0.0416667
# start_time = Sep 23 2021 11:50:13 [NMEA time, header]
# bad_flag = -9.990e-29
*END*
[from data line 4112]
       4113     11.112    15.4572   3.067076     2.7952     2.7116     0.0053  0.1645950     11.008    23.8203     6.6535     5.6262 0.0000e+00
       4114     11.133    15.4729   3.073853     2.7949     2.7115     0.0053  0.1641913     11.029    23.8689     6.6472     5.6213 0.0000e+00
       4115     11.155    15.4884   3.080759     2.7946     2.7113     0.0053  0.1637646     11.051    23.9186     6.6407     5.6161 0.0000e+00
       4116     11.177    15.5035   3.087735     2.7942     2.7111     0.0053  0.1633117     11.073    23.9692     6.6339     5.6107 0.0000e+00
       4117     11.198    15.5183   3.094739     2.7939     2.7109     0.0053  0.1628296     11.094    24.0202     6.6274     5.6054 0.0000e+00
       4118     11.220    15.5326   3.101738     2.7935     2.7106     0.0053  0.1623140     11.115    24.0715     6.6205     5.5997 0.0000e+00
       4119     11.241    15.5465   3.108703     2.7931     2.7104     0.0053  0.1617596     11.136    24.1226     6.6136     5.5941 0.0000e+00
       4120     11.263    15.5598   3.115608     2.7927     2.7102     0.0053  0.1611618     11.158    24.1736     6.6067     5.5886 0.0000e+00
       4121     11.284    15.5726   3.122428     2.7923     2.7099     0.0053  0.1605173     11.179    24.2242     6.5997     5.5827 0.0000e+00
       4122     11.306    15.5846   3.129138     2.7919     2.7097     0.0053  0.1598223     11.201    24.2743     6.5927     5.5769 0.0000e+00
       4123     11.328    15.5958   3.135724     2.7914     2.7094     0.0053  0.1590713     11.222    24.3238     6.5854     5.5709 0.0000e+00
       4124     11.349    15.6062   3.142182     2.7910     2.7091     0.0053  0.1582589     11.243    24.3727     6.5784     5.5647 0.0000e+00
       4125     11.371    15.6156   3.148512     2.7905     2.7088     0.0053  0.1573813     11.265    24.4211     6.5711     5.5584 0.0000e+00
       4126     11.393    15.6240   3.154715     2.7900     2.7085     0.0053  0.1564332     11.287    24.4690     6.5637     5.5520 0.0000e+00
       4127     11.414    15.6313   3.160792     2.7895     2.7082     0.0053  0.1554080     11.308    24.5165     6.5562     5.5454 0.0000e+00
       4128     11.436    15.6374   3.166744     2.7890     2.7078     0.0053  0.1542977     11.329    24.5637     6.5487     5.5384 0.0000e+00
       4129     11.458    15.6423   3.172573     2.7885     2.7074     0.0053  0.1530937     11.351    24.6106     6.5412     5.5313 0.0000e+00
       4130     11.480    15.6459   3.178280     2.7879     2.7070     0.0053  0.1517885     11.373    24.6573     6.5332     5.5239 0.0000e+00
       4131     11.501    15.6482   3.183863     2.7874     2.7066     0.0053  0.1503739     11.394    24.7037     6.5255     5.5164 0.0000e+00
       4132     11.523    15.6491   3.189327     2.7868     2.7062     0.0053  0.1488392     11.416    24.7499     6.5172     5.5086 0.0000e+00
       4133     11.545    15.6487   3.194677     2.7861     2.7057     0.0055  0.1471729     11.437    24.7960     6.5085     5.5002 0.0000e+00
       4134     11.567    15.6470   3.199922     2.7855     2.7052     0.0053  0.1453642     11.459    24.8420     6.5000     5.4916 0.0000e+00
       4135     11.589    15.6440   3.205061     2.7848     2.7046     0.0053  0.1434014     11.481    24.8880     6.4909     5.4824 0.0000e+00
       4136     11.611    15.6399   3.210090     2.7841     2.7040     0.0049  0.1413209     11.503    24.9337     6.4815     5.4728 0.0000e+00
       4137     11.633    15.6346   3.215008     2.7834     2.7034     0.0046  0.1392433     11.525    24.9793     6.4719     5.4629 0.0000e+00
       4138     11.654    15.6282   3.219818     2.7826     2.7027     0.0046  0.1372791     11.545    25.0246     6.4616     5.4524 0.0000e+00
       4139     11.676    15.6208   3.224527     2.7818     2.7019     0.0046  0.1354579     11.567    25.0697     6.4510     5.4411 0.0000e+00
       4140     11.698    15.6122   3.229148     2.7810     2.7011     0.0046  0.1337670     11.589    25.1149     6.4401     5.4295 0.0000e+00
       4141     11.720    15.6027   3.233691     2.7801     2.7002     0.0046  0.1321896     11.611    25.1599     6.4285     5.4172 0.0000e+00
       4142     11.742    15.5920   3.238171     2.7791     2.6992     0.0046  0.1307129     11.633    25.2053     6.4161     5.4041 0.0000e+00
       4143     11.763    15.5803   3.242602     2.7782     2.6981     0.0046  0.1293268     11.653    25.2508     6.4036     5.3904 0.0000e+00
       4144     11.785    15.5676   3.246995     2.7771     2.6970     0.0046  0.1280215     11.675    25.2968     6.3901     5.3761 0.0000e+00
       4145     11.807    15.5538   3.251360     2.7760     2.6957     0.0046  0.1267881     11.697    25.3432     6.3761     5.3609 0.0000e+00
       4146     11.829    15.5391   3.255699     2.7748     2.6943     0.0046  0.1256178     11.719    25.3900     6.3613     5.3449 0.0000e+00
       4147     11.851    15.5234   3.260011     2.7735     2.6927     0.0046  0.1245027     11.741    25.4373     6.3457     5.3280 0.0000e+00
       4148     11.872    15.5069   3.264292     2.7722     2.6910     0.0046  0.1234348     11.761    25.4848     6.3296     5.3104 0.0000e+00
       4149     11.894    15.4894   3.268531     2.7707     2.6892     0.0046  0.1224069     11.783    25.5327     6.3124     5.2920 0.0000e+00
       4150     11.916    15.4711   3.272710     2.7692     2.6872     0.0046  0.1214116     11.805    25.5807     6.2947     5.2727 0.0000e+00
       4151     11.938    15.4521   3.276808     2.7675     2.6851     0.0046  0.1204422     11.827    25.6284     6.2758     5.2527 0.0000e+00
       4152     11.960    15.4323   3.280803     2.7657     2.6828     0.0046  0.1194919     11.848    25.6758     6.2562     5.2319 0.0000e+00
       4153     11.982    15.4119   3.284682     2.7638     2.6803     0.0046  0.1185540     11.870    25.7227     6.2358     5.2101 0.0000e+00
       4154     12.004    15.3908   3.288441     2.7618     2.6776     0.0046  0.1176221     11.892    25.7690     6.2146     5.1874 0.0000e+00
       4155     12.026    15.3690   3.292079     2.7596     2.6748     0.0046  0.1166904     11.914    25.8148     6.1924     5.1642 0.0000e+00
       4156     12.048    15.3466   3.295595     2.7572     2.6717     0.0046  0.1157534     11.936    25.8600     6.1691     5.1399 0.0000e+00
       4157     12.070    15.3236   3.298990     2.7547     2.6684     0.0046  0.1148037     11.957    25.9046     6.1451     5.1148 0.0000e+00
       4158     12.092    15.3000   3.302264     2.7521     2.6650     0.0046  0.1138339     11.979    25.9485     6.1203     5.0892 0.0000e+00
       4159     12.114    15.2759   3.305416     2.7493     2.6613     0.0046  0.1128372     12.001    25.9918     6.0945     5.0627 0.0000e+00
       4160     12.136    15.2513   3.308444     2.7463     2.6574     0.0046  0.1118066     12.023    26.0344     6.0677     5.0354 0.0000e+00
       4161     12.157    15.2263   3.311348     2.7431     2.6533     0.0044  0.1107435     12.044    26.0763     6.0400     5.0074 0.0000e+00
       4162     12.179    15.2009   3.314124     2.7398     2.6490     0.0042  0.1096788     12.065    26.1173     6.0116     4.9788 0.0000e+00
       4163     12.202    15.1753   3.316774     2.7363     2.6444     0.0040  0.1086619     12.088    26.1574     5.9824     4.9494 0.0000e+00
       4164     12.224    15.1496   3.319298     2.7326     2.6397     0.0040  0.1077188     12.110    26.1966     5.9522     4.9197 0.0000e+00
       4165     12.246    15.1240   3.321697     2.7287     2.6347     0.0040  0.1068481     12.132    26.2346     5.9211     4.8891 0.0000e+00
       4166     12.268    15.0985   3.323976     2.7246     2.6295     0.0040  0.1060421     12.154    26.2716     5.8892     4.8581 0.0000e+00
       4167     12.290    15.0732   3.326140     2.7204     2.6241     0.0040  0.1052935     12.175    26.3075     5.8568     4.8266 0.0000e+00
       4168     12.312    15.0482   3.328192     2.7159     2.6185     0.0040  0.1045961     12.197    26.3422     5.8234     4.7946 0.0000e+00
       4169     12.334    15.0236   3.330134     2.7113     2.6127     0.0040  0.1039460     12.219    26.3757     5.7895     4.7623 0.0000e+00
       4170     12.357    14.9992   3.331968     2.7065     2.6067     0.0040  0.1033396     12.242    26.4082     5.7550     4.7296 0.0000e+00
       4171     12.379    14.9752   3.333697     2.7015     2.6006     0.0040  0.1027725     12.264    26.4396     5.7197     4.6969 0.0000e+00
       4172     12.401    14.9515   3.335325     2.6963     2.5942     0.0040  0.1022409     12.285    26.4699     5.6839     4.6636 0.0000e+00
       4173     12.423    14.9281   3.336854     2.6909     2.5876     0.0040  0.1017411     12.307    26.4991     5.6475     4.6300 0.0000e+00
       4174     12.445    14.9049   3.338287     2.6854     2.5809     0.0040  0.1012695     12.329    26.5275     5.6109     4.5965 0.0000e+00
       4175     12.467    14.8819   3.339627     2.6797     2.5739     0.0040  0.1008229     12.351    26.5548     5.5739     4.5625 0.0000e+00
       4176     12.489    14.8591   3.340875     2.6738     2.5669     0.0040  0.1003982     12.373    26.5813     5.5364     4.5289 0.0000e+00
       4177     12.512    14.8365   3.342033     2.6677     2.5596     0.0040  0.0999924     12.395    26.6069     5.4985     4.4949 0.0000e+00
       4178     12.534    14.8140   3.343102     2.6614     2.5522     0.0040  0.0996028     12.417    26.6316     5.4602     4.4610 0.0000e+00
       4179     12.556    14.7916   3.344083     2.6550     2.5447     0.0040  0.0992265     12.439    26.6555     5.4219     4.4273 0.0000e+00
       4180     12.578    14.7693   3.344980     2.6484     2.5369     0.0040  0.0988610     12.461    26.6787     5.3833     4.3933 0.0000e+00
       4181     12.600    14.7469   3.345793     2.6417     2.5291     0.0040  0.0985038     12.483    26.7012     5.3447     4.3597 0.0000e+00
       4182     12.622    14.7245   3.346527     2.6348     2.5211     0.0040  0.0981515     12.504    26.7230     5.3059     4.3261 0.0000e+00
       4183     12.644    14.7020   3.347182     2.6277     2.5130     0.0040  0.0978008     12.526    26.7442     5.2668     4.2927 0.0000e+00
       4184     12.667    14.6794   3.347761     2.6205     2.5047     0.0040  0.0974492     12.549    26.7648     5.2279     4.2593 0.0000e+00
       4185     12.689    14.6568   3.348267     2.6132     2.4963     0.0040  0.0970944     12.571    26.7848     5.1891     4.2261 0.0000e+00
       4186     12.711    14.6340   3.348702     2.6057     2.4878     0.0040  0.0967347     12.592    26.8043     5.1501     4.1932 0.0000e+00
       4187     12.734    14.6111   3.349071     2.5981     2.4792     0.0040  0.0963743     12.615    26.8234     5.1112     4.1605 0.0000e+00
       4188     12.756    14.5882   3.349380     2.5903     2.4705     0.0040  0.0960262     12.637    26.8419     5.0723     4.1281 0.0000e+00
       4189     12.778    14.5653   3.349638     2.5824     2.4617     0.0040  0.0957014     12.659    26.8600     5.0335     4.0959 0.0000e+00
       4190     12.800    14.5424   3.349854     2.5744     2.4528     0.0040  0.0954028     12.681    26.8777     4.9948     4.0640 0.0000e+00
       4191     12.823    14.5197   3.350041     2.5663     2.4439     0.0040  0.0951282     12.703    26.8950     4.9564     4.0325 0.0000e+00
       4192     12.845    14.4973   3.350212     2.5581     2.4348     0.0040  0.0948742     12.725    26.9120     4.9181     4.0011 0.0000e+00
       4193     12.867    14.4752   3.350379     2.5497     2.4257     0.0040  0.0946381     12.747    26.9288     4.8797     3.9701 0.0000e+00
       4194     12.889    14.4535   3.350553     2.5413     2.4165     0.0040  0.0944182     12.769    26.9454     4.8418     3.9393 0.0000e+00
       4195     12.911    14.4322   3.350745     2.5327     2.4072     0.0040  0.0942138     12.791    26.9619     4.8038     3.9088 0.0000e+00
       4196     12.934    14.4113   3.350959     2.5241     2.3979     0.0040  0.0940253     12.813    26.9783     4.7663     3.8787 0.0000e+00
       4197     12.956    14.3909   3.351201     2.5154     2.3885     0.0040  0.0938521     12.835    26.9946     4.7290     3.8489 0.0000e+00
       4198     12.978    14.3707   3.351469     2.5066     2.3791     0.0040  0.0936932     12.857    27.0111     4.6918     3.8195 0.0000e+00
       4199     13.001    14.3507   3.351762     2.4977     2.3696     0.0040  0.0935472     12.880    27.0276     4.6550     3.7904 0.0000e+00
       4200     13.023    14.3310   3.352081     2.4888     2.3600     0.0040  0.0934125     12.902    27.0442     4.6186     3.7614 0.0000e+00
       4201     13.045    14.3113   3.352428     2.4797     2.3505     0.0040  0.0932864     12.923    27.0610     4.5822     3.7332 0.0000e+00
       4202     13.068    14.2919   3.352809     2.4706     2.3409     0.0040  0.0931670     12.946    27.0780     4.5462     3.7051 0.0000e+00
       4203     13.090    14.2725   3.353230     2.4615     2.3313     0.0040  0.0930546     12.968    27.0953     4.5108     3.6775 0.0000e+00
       4204     13.112    14.2531   3.353693     2.4523     2.3216     0.0040  0.0929490     12.990    27.1130     4.4756     3.6501 0.0000e+00
       4205     13.135    14.2335   3.354194     2.4430     2.3119     0.0040  0.0928488     13.013    27.1312     4.4406     3.6231 0.0000e+00
       4206     13.157    14.2134   3.354720     2.4337     2.3022     0.0040  0.0927532     13.034    27.1500     4.4061     3.5965 0.0000e+00
       4207     13.179    14.1926   3.355255     2.4243     2.2925     0.0040  0.0926625     13.056    27.1694     4.3719     3.5704 0.0000e+00
       4208     13.201    14.1712   3.355788     2.4149     2.2828     0.0040  0.0925759     13.078    27.1892     4.3381     3.5446 0.0000e+00
       4209     13.224    14.1489   3.356314     2.4054     2.2731     0.0040  0.0924938     13.101    27.2096     4.3046     3.5193 0.0000e+00
       4210     13.246    14.1260   3.356831     2.3959     2.2634     0.0040  0.0924155     13.122    27.2304     4.2715     3.4943 0.0000e+00
       4211     13.268    14.1022   3.357340     2.3864     2.2536     0.0040  0.0923389     13.144    27.2517     4.2390     3.4694 0.0000e+00
       4212     13.291    14.0777   3.357843     2.3769     2.2439     0.0040  0.0922625     13.167    27.2736     4.2069     3.4452 0.0000e+00
       4213     13.313    14.0523   3.358345     2.3673     2.2342     0.0040  0.0921875     13.189    27.2960     4.1749     3.4213 0.0000e+00
       4214     13.335    14.0262   3.358850     2.3577     2.2246     0.0040  0.0921168     13.211    27.3190     4.1434     3.3981 0.0000e+00
       4215     13.358    13.9993   3.359365     2.3481     2.2149     0.0040  0.0920516     13.233    27.3427     4.1123     3.3749 0.0000e+00
       4216     13.380    13.9715   3.359897     2.3384     2.2053     0.0040  0.0919915     13.255    27.3672     4.0814     3.3522 0.0000e+00
       4217     13.402    13.9429   3.360451     2.3288     2.1956     0.0040  0.0919359     13.277    27.3925     4.0512     3.3297 0.0000e+00
       4218     13.425    13.9134   3.361032     2.3191     2.1860     0.0040  0.0918846     13.300    27.4188     4.0211     3.3077 0.0000e+00
       4219     13.447    13.8831   3.361647     2.3095     2.1765     0.0040  0.0918372     13.322    27.4459     3.9916     3.2862 0.0000e+00
       4220     13.469    13.8518   3.362298     2.2998     2.1669     0.0040  0.0917933     13.343    27.4741     3.9622     3.2647 0.0000e+00
       4221     13.492    13.8198   3.362991     2.2902     2.1574     0.0040  0.0917527     13.366    27.5032     3.9335     3.2437 0.0000e+00
       4222     13.514    13.7868   3.363730     2.2805     2.1480     0.0040  0.0917150     13.388    27.5336     3.9049     3.2232 0.0000e+00
