data/2021/ctd_data_day3/station5e_ctm_fil_le.cnv
* Sea-Bird SBE 9 Data File:
* FileName = C:\Users\CTD-User\Desktop\MAR440\day3\station5e.hex
* Software Version Seasave V 7.26.2.13
* Temperature SN = 6313
* Conductivity SN = 4758
* Number of Bytes Per Scan = 37
* Number of Voltage Words = 4
* Number of Scans Averaged by the Deck Unit = 1
* NMEA Latitude = 58 19.40 N
* NMEA Longitude = 011 49.94 E
* NMEA UTC (Time) = Sep 23 2021 10:10:37
* NMEA baud rate = 4800
** Ship: Skagerrak
** Station: station5e
** Operator: Tor
# nquan = 9
# nvalues = 1576                        
# units = specified
# name 0 = scan: Scan Count
# name 1 = prDM: Pressure, Digiquartz [db]
# name 2 = t090C: Temperature [ITS-90, deg C]
# name 3 = c0S/m: Conductivity [S/m]
# name 4 = sbeox0V: Oxygen raw, SBE 43 [V]
# name 5 = sbeox1V: Oxygen raw, SBE 43, 2 [V]
# name 6 = flECO-AFL: Fluorescence, WET Labs ECO-AFL/FL [mg/m^3]
# name 7 = upoly0: Upoly 0, Turbidity
# name 8 = flag:  0.000e+00
# span 0 =          1,       1576       
# span 1 =      0.452,     15.263       
# span 2 =    13.3677,    15.1846       
# span 3 =   2.949086,   3.431206       
# span 4 =     1.4032,     2.7953       
# span 5 =     1.4594,     2.6995       
# span 6 =     0.0040,     0.0090       
# span 7 =  0.0913729,  0.1588100       
# span 8 = 0.0000e+00, 0.0000e+00       
# interval = seconds: 0.0416667
# start_time = Sep 23 2021 10:10:37 [NMEA time, header]
# bad_flag = -9.990e-29
*END*
[from data line 321]
        322      4.013    14.9012   2.949895     2.7773     2.6890     0.0060  0.1522226 -9.990e-29
        323      3.993    14.9011   2.949873     2.7774     2.6890     0.0060  0.1522742 -9.990e-29
        324      3.973    14.9011   2.949849     2.7775     2.6891     0.0060  0.1523182 -9.990e-29
        325      3.952    14.9011   2.949824     2.7776     2.6891     0.0060  0.1523550 -9.990e-29
        326      3.932    14.9010   2.949799     2.7777     2.6892     0.0060  0.1523848 -9.990e-29
        327      3.912    14.9010   2.949775     2.7778     2.6892     0.0060  0.1524079 -9.990e-29
        328      3.892    14.9010   2.949751     2.7779     2.6893     0.0060  0.1524245 -9.990e-29
        329      3.872    14.9010   2.949727     2.7780     2.6893     0.0060  0.1524345 -9.990e-29
        330      3.852    14.9010   2.949705     2.7781     2.6893     0.0060  0.1524382 -9.990e-29
        331      3.832    14.9010   2.949683     2.7781     2.6894     0.0060  0.1524355 -9.990e-29
        332      3.812    14.9010   2.949662     2.7782     2.6894     0.0060  0.1524264 -9.990e-29
        333      3.792    14.9011   2.949642     2.7783     2.6894     0.0060  0.1524109 -9.990e-29
        334      3.771    14.9011   2.949623     2.7784     2.6894     0.0060  0.1523888 -9.990e-29
        335      3.751    14.9012   2.949605     2.7786     2.6894     0.0060  0.1523599 -9.990e-29
        336      3.731    14.9012   2.949589     2.7787     2.6894     0.0060  0.1523242 -9.990e-29
        337      3.711    14.9013   2.949574     2.7788     2.6895     0.0060  0.1522813 -9.990e-29
        338      3.690    14.9014   2.949560     2.7789     2.6895     0.0060  0.1522309 -9.990e-29
        339      3.670    14.9015   2.949547     2.7790     2.6895     0.0060  0.1521728 -9.990e-29
        340      3.650    14.9016   2.949534     2.7792     2.6895     0.0060  0.1521064 -9.990e-29
        341      3.630    14.9017   2.949520     2.7793     2.6895     0.0060  0.1520313 -9.990e-29
        342      3.609    14.9018   2.949505     2.7794     2.6894     0.0059  0.1519496 -9.990e-29
        343      3.589    14.9019   2.949490     2.7796     2.6894     0.0059  0.1518674 -9.990e-29
        344      3.568    14.9021   2.949473     2.7797     2.6894     0.0059  0.1517902 -9.990e-29
        345      3.548    14.9022   2.949455     2.7798     2.6894     0.0059  0.1517183 -9.990e-29
        346      3.527    14.9024   2.949436     2.7800     2.6894     0.0059  0.1516494 -9.990e-29
        347      3.507    14.9026   2.949415     2.7801     2.6894     0.0059  0.1515822 -9.990e-29
        348      3.486    14.9028   2.949392     2.7802     2.6893     0.0059  0.1515163 -9.990e-29
        349      3.466    14.9029   2.949370     2.7803     2.6893     0.0059  0.1514521 -9.990e-29
        350      3.445    14.9031   2.949347     2.7804     2.6893     0.0059  0.1513899 -9.990e-29
        351      3.424    14.9034   2.949325     2.7805     2.6893     0.0059  0.1513285 -9.990e-29
        352      3.404    14.9036   2.949305     2.7807     2.6892     0.0059  0.1512666 -9.990e-29
        353      3.383    14.9038   2.949287     2.7808     2.6892     0.0059  0.1512037 -9.990e-29
        354      3.362    14.9040   2.949270     2.7808     2.6891     0.0059  0.1511395 -9.990e-29
        355      3.341    14.9042   2.949255     2.7809     2.6891     0.0059  0.1510735 -9.990e-29
        356      3.321    14.9045   2.949242     2.7810     2.6891     0.0059  0.1510052 -9.990e-29
        357      3.300    14.9047   2.949230     2.7811     2.6891     0.0059  0.1509342 -9.990e-29
        358      3.279    14.9050   2.949219     2.7812     2.6890     0.0059  0.1508599 -9.990e-29
        359      3.258    14.9053   2.949210     2.7813     2.6890     0.0059  0.1507818 -9.990e-29
        360      3.237    14.9055   2.949202     2.7814     2.6890     0.0059  0.1506995 -9.990e-29
        361      3.216    14.9058   2.949196     2.7815     2.6890     0.0059  0.1506122 -9.990e-29
        362      3.195    14.9061   2.949192     2.7816     2.6889     0.0059  0.1505195 -9.990e-29
        363      3.174    14.9064   2.949190     2.7816     2.6889     0.0059  0.1504207 -9.990e-29
        364      3.153    14.9067   2.949189     2.7817     2.6889     0.0059  0.1503150 -9.990e-29
        365      3.132    14.9071   2.949189     2.7818     2.6889     0.0059  0.1502018 -9.990e-29
        366      3.111    14.9075   2.949190     2.7819     2.6889     0.0059  0.1500802 -9.990e-29
        367      3.090    14.9079   2.949192     2.7820     2.6889     0.0057  0.1499512 -9.990e-29
        368      3.069    14.9083   2.949196     2.7820     2.6889     0.0055  0.1498197 -9.990e-29
        369      3.048    14.9087   2.949201     2.7821     2.6888     0.0055  0.1496925 -9.990e-29
        370      3.027    14.9092   2.949206     2.7822     2.6888     0.0055  0.1495730 -9.990e-29
        371      3.005    14.9096   2.949213     2.7823     2.6888     0.0055  0.1494612 -9.990e-29
        372      2.984    14.9100   2.949220     2.7824     2.6888     0.0055  0.1493562 -9.990e-29
        373      2.963    14.9104   2.949227     2.7825     2.6888     0.0055  0.1492574 -9.990e-29
        374      2.942    14.9108   2.949234     2.7826     2.6888     0.0055  0.1491641 -9.990e-29
        375      2.920    14.9111   2.949241     2.7827     2.6888     0.0055  0.1490756 -9.990e-29
        376      2.899    14.9115   2.949247     2.7828     2.6888     0.0055  0.1489913 -9.990e-29
        377      2.878    14.9118   2.949254     2.7829     2.6888     0.0055  0.1489107 -9.990e-29
        378      2.856    14.9121   2.949260     2.7830     2.6888     0.0055  0.1488331 -9.990e-29
        379      2.835    14.9123   2.949266     2.7831     2.6888     0.0055  0.1487580 -9.990e-29
        380      2.813    14.9126   2.949272     2.7832     2.6888     0.0055  0.1486850 -9.990e-29
        381      2.792    14.9128   2.949277     2.7833     2.6888     0.0055  0.1486134 -9.990e-29
        382      2.771    14.9130   2.949283     2.7834     2.6888     0.0055  0.1485428 -9.990e-29
        383      2.749    14.9133   2.949288     2.7835     2.6888     0.0053  0.1484728 -9.990e-29
        384      2.728    14.9135   2.949294     2.7836     2.6888     0.0055  0.1484027 -9.990e-29
        385      2.706    14.9138   2.949300     2.7837     2.6888     0.0055  0.1483322 -9.990e-29
        386      2.685    14.9141   2.949306     2.7838     2.6888     0.0055  0.1482607 -9.990e-29
        387      2.663    14.9144   2.949313     2.7839     2.6887     0.0055  0.1481878 -9.990e-29
        388      2.641    14.9148   2.949320     2.7840     2.6887     0.0055  0.1481129 -9.990e-29
        389      2.620    14.9152   2.949328     2.7841     2.6887     0.0055  0.1480355 -9.990e-29
        390      2.598    14.9156   2.949337     2.7841     2.6887     0.0055  0.1479551 -9.990e-29
        391      2.577    14.9161   2.949346     2.7842     2.6886     0.0055  0.1478711 -9.990e-29
        392      2.555    14.9166   2.949356     2.7843     2.6886     0.0055  0.1477830 -9.990e-29
        393      2.533    14.9171   2.949366     2.7844     2.6886     0.0055  0.1476918 -9.990e-29
        394      2.512    14.9177   2.949376     2.7845     2.6886     0.0055  0.1476019 -9.990e-29
        395      2.490    14.9182   2.949386     2.7845     2.6885     0.0055  0.1475179 -9.990e-29
        396      2.469    14.9187   2.949396     2.7846     2.6885     0.0055  0.1474409 -9.990e-29
        397      2.447    14.9192   2.949405     2.7847     2.6885     0.0055  0.1473703 -9.990e-29
        398      2.426    14.9197   2.949413     2.7848     2.6885     0.0055  0.1473056 -9.990e-29
        399      2.405    14.9201   2.949420     2.7848     2.6885     0.0055  0.1472464 -9.990e-29
        400      2.383    14.9206   2.949427     2.7849     2.6884     0.0055  0.1471923 -9.990e-29
        401      2.362    14.9210   2.949432     2.7850     2.6884     0.0055  0.1471429 -9.990e-29
        402      2.340    14.9214   2.949437     2.7851     2.6884     0.0055  0.1470979 -9.990e-29
        403      2.319    14.9219   2.949441     2.7851     2.6884     0.0055  0.1470569 -9.990e-29
        404      2.297    14.9223   2.949446     2.7852     2.6884     0.0055  0.1470197 -9.990e-29
        405      2.276    14.9226   2.949454     2.7853     2.6884     0.0055  0.1469860 -9.990e-29
        406      2.254    14.9230   2.949464     2.7854     2.6884     0.0055  0.1469555 -9.990e-29
        407      2.233    14.9234   2.949475     2.7855     2.6884     0.0055  0.1469281 -9.990e-29
        408      2.211    14.9238   2.949486     2.7856     2.6883     0.0055  0.1469035 -9.990e-29
        409      2.190    14.9241   2.949497     2.7857     2.6883     0.0053  0.1468817 -9.990e-29
        410      2.168    14.9245   2.949507     2.7858     2.6883     0.0055  0.1468623 -9.990e-29
        411      2.147    14.9248   2.949516     2.7858     2.6883     0.0055  0.1468454 -9.990e-29
        412      2.125    14.9252   2.949525     2.7859     2.6883     0.0055  0.1468308 -9.990e-29
        413      2.104    14.9255   2.949533     2.7860     2.6882     0.0055  0.1468184 -9.990e-29
        414      2.082    14.9258   2.949541     2.7860     2.6882     0.0055  0.1468089 -9.990e-29
        415      2.061    14.9261   2.949548     2.7861     2.6882     0.0055  0.1468031 -9.990e-29
        416      2.039    14.9264   2.949556     2.7862     2.6881     0.0055  0.1468002 -9.990e-29
        417      2.018    14.9267   2.949562     2.7862     2.6881     0.0055  0.1467993 -9.990e-29
        418      1.996    14.9270   2.949568     2.7863     2.6880     0.0053  0.1468003 -9.990e-29
        419      1.974    14.9273   2.949573     2.7863     2.6880     0.0053  0.1468025 -9.990e-29
        420      1.953    14.9275   2.949577     2.7864     2.6879     0.0051  0.1468041 -9.990e-29
        421      1.931    14.9278   2.949581     2.7864     2.6879     0.0051  0.1468043 -9.990e-29
        422      1.909    14.9281   2.949585     2.7865     2.6878     0.0051  0.1468031 -9.990e-29
        423      1.887    14.9283   2.949589     2.7865     2.6878     0.0051  0.1468005 -9.990e-29
        424      1.865    14.9286   2.949592     2.7866     2.6877     0.0051  0.1467965 -9.990e-29
        425      1.844    14.9288   2.949596     2.7866     2.6876     0.0051  0.1467910 -9.990e-29
        426      1.822    14.9290   2.949600     2.7866     2.6875     0.0051  0.1467840 -9.990e-29
        427      1.800    14.9292   2.949603     2.7867     2.6875     0.0051  0.1467755 -9.990e-29
        428      1.779    14.9294   2.949606     2.7867     2.6874     0.0051  0.1467655 -9.990e-29
        429      1.757    14.9296   2.949608     2.7867     2.6873     0.0051  0.1467537 -9.990e-29
        430      1.735    14.9298   2.949610     2.7868     2.6872     0.0051  0.1467402 -9.990e-29
        431      1.713    14.9299   2.949613     2.7868     2.6871     0.0051  0.1467248 -9.990e-29
        432      1.692    14.9301   2.949617     2.7868     2.6871     0.0051  0.1467076 -9.990e-29
        433      1.670    14.9303   2.949621     2.7868     2.6870     0.0051  0.1466882 -9.990e-29
        434      1.648    14.9304   2.949625     2.7868     2.6869     0.0051  0.1466666 -9.990e-29
        435      1.626    14.9306   2.949629     2.7869     2.6868     0.0051  0.1466427 -9.990e-29
        436      1.605    14.9307   2.949632     2.7869     2.6867     0.0051  0.1466163 -9.990e-29
        437      1.583    14.9308   2.949634     2.7869     2.6866     0.0051  0.1465871 -9.990e-29
        438      1.561    14.9310   2.949637     2.7869     2.6865     0.0051  0.1465551 -9.990e-29
        439      1.539    14.9311   2.949639     2.7869     2.6864     0.0051  0.1465199 -9.990e-29
        440      1.518    14.9312   2.949641     2.7870     2.6863     0.0051  0.1464814 -9.990e-29
        441      1.496    14.9314   2.949643     2.7870     2.6862     0.0051  0.1464392 -9.990e-29
        442      1.474    14.9315   2.949645     2.7870     2.6862     0.0051  0.1463930 -9.990e-29
        443      1.453    14.9316   2.949646     2.7870     2.6861     0.0051  0.1463426 -9.990e-29
        444      1.432    14.9317   2.949648     2.7870     2.6860     0.0053  0.1462894 -9.990e-29
        445      1.411    14.9318   2.949650     2.7871     2.6859     0.0055  0.1462370 -9.990e-29
        446      1.390    14.9319   2.949651     2.7871     2.6858     0.0055  0.1461887 -9.990e-29
        447      1.368    14.9320   2.949652     2.7871     2.6857     0.0055  0.1461449 -9.990e-29
        448      1.347    14.9321   2.949653     2.7871     2.6856     0.0055  0.1461053 -9.990e-29
        449      1.326    14.9322   2.949654     2.7871     2.6855     0.0055  0.1460696 -9.990e-29
        450      1.305    14.9323   2.949654     2.7871     2.6854     0.0055  0.1460377 -9.990e-29
        451      1.285    14.9323   2.949655     2.7871     2.6853     0.0055  0.1460091 -9.990e-29
        452      1.264    14.9324   2.949656     2.7871     2.6852     0.0053  0.1459839 -9.990e-29
        453      1.243    14.9325   2.949656     2.7871     2.6851     0.0055  0.1459617 -9.990e-29
        454      1.223    14.9325   2.949655     2.7871     2.6850     0.0055  0.1459425 -9.990e-29
        455      1.203    14.9326   2.949654     2.7871     2.6850     0.0055  0.1459261 -9.990e-29
        456      1.182    14.9326   2.949652     2.7871     2.6849     0.0055  0.1459124 -9.990e-29
        457      1.162    14.9327   2.949651     2.7871     2.6848     0.0055  0.1459012 -9.990e-29
        458      1.142    14.9327   2.949648     2.7871     2.6847     0.0053  0.1458926 -9.990e-29
        459      1.122    14.9327   2.949645     2.7871     2.6846     0.0055  0.1458864 -9.990e-29
        460      1.102    14.9327   2.949642     2.7870     2.6845     0.0055  0.1458827 -9.990e-29
        461      1.082    14.9327   2.949638     2.7870     2.6845     0.0055  0.1458813 -9.990e-29
        462      1.062    14.9327   2.949634     2.7870     2.6844     0.0055  0.1458823 -9.990e-29
        463      1.042    14.9327   2.949631     2.7870     2.6843     0.0055  0.1458857 -9.990e-29
        464      1.022    14.9327   2.949627     2.7870     2.6843     0.0055  0.1458915 -9.990e-29
        465      1.003    14.9327   2.949623     2.7869     2.6842     0.0053  0.1458997 -9.990e-29
        466      0.983    14.9327   2.949619     2.7869     2.6842     0.0055  0.1459105 -9.990e-29
        467      0.963    14.9327   2.949615     2.7869     2.6841     0.0055  0.1459238 -9.990e-29
        468      0.944    14.9327   2.949611     2.7869     2.6841     0.0055  0.1459398 -9.990e-29
        469      0.924    14.9327   2.949608     2.7869     2.6840     0.0055  0.1459577 -9.990e-29
        470      0.905    14.9326   2.949606     2.7869     2.6840     0.0053  0.1459751 -9.990e-29
        471      0.886    14.9326   2.949604     2.7868     2.6839     0.0053  0.1459897 -9.990e-29
        472      0.867    14.9326   2.949602     2.7868     2.6839     0.0053  0.1460005 -9.990e-29
        473      0.849    14.9326   2.949599     2.7868     2.6839     0.0053  0.1460078 -9.990e-29
        474      0.830    14.9325   2.949596     2.7868     2.6838     0.0053  0.1460115 -9.990e-29
        475      0.812    14.9325   2.949593     2.7867     2.6838     0.0053  0.1460117 -9.990e-29
        476      0.794    14.9325   2.949589     2.7867     2.6837     0.0053  0.1460084 -9.990e-29
        477      0.777    14.9324   2.949584     2.7867     2.6837     0.0053  0.1460016 -9.990e-29
        478      0.759    14.9324   2.949580     2.7867     2.6836     0.0053  0.1459912 -9.990e-29
        479      0.743    14.9323   2.949576     2.7867     2.6836     0.0053  0.1459771 -9.990e-29
        480      0.726    14.9323   2.949571     2.7866     2.6836     0.0053  0.1459593 -9.990e-29
