data/2021/ctd_data_day3/station5e_ctm_fil_le_der.cnv
* Sea-Bird SBE 9 Data File:
* FileName = C:\Users\CTD-User\Desktop\MAR440\day3\station5e.hex
* Software Version Seasave V 7.26.2.13
* Temperature SN = 6313
* Conductivity SN = 4758
* Number of Bytes Per Scan = 37
* Number of Voltage Words = 4
* Number of Scans Averaged by the Deck Unit = 1
* NMEA Latitude = 58 19.40 N
* NMEA Longitude = 011 49.94 E
* NMEA UTC (Time) = Sep 23 2021 10:10:37
* NMEA baud rate = 4800
** Ship: Skagerrak
** Station: station5e
** Operator: Tor
# nquan = 13                                
# nvalues = 1576                        
# units = specified
# name 0 = scan: Scan Count
# name 1 = prDM: Pressure, Digiquartz [db]
# name 2 = t090C: Temperature [ITS-90, deg C]
# name 3 = c0S/m: Conductivity [S/m]
# name 4 = sbeox0V: Oxygen raw, SBE 43 [V]
# name 5 = sbeox1V: Oxygen raw, SBE 43, 2 [V]
# name 6 = flECO-AFL: Fluorescence, WET Labs ECO-AFL/FL [mg/m^3]
# name 7 = upoly0: Upoly 0, Turbidity
# name 8 = depSM: Depth [salt water, m], lat = 58.3233
# name 9 = sal00: Salinity, Practical [PSU]
# name 10 = sbeox0ML/L: Oxygen, SBE 43 [ml/l], WS = 2
# name 11 = sbeox1ML/L: Oxygen, SBE 43, 2 [ml/l], WS = 2
# name 12 = flag: flag
# span 0 =          1,       1576       
# span 1 =      0.452,     15.263       
# span 2 =    13.3677,    15.1846       
# span 3 =   2.949086,   3.431206       
# span 4 =     1.4032,     2.7953       
# span 5 =     1.4594,     2.6995       
# span 6 =     0.0040,     0.0090       
# span 7 =  0.0913729,  0.1588100       
# span 8 =      0.448,     15.121       
# span 9 =    23.1244,    28.3609       
# span 10 =     2.4865,     6.8040      
# span 11 =     2.3120,     5.6932      
# span 12 = 0.0000e+00, 0.0000e+00      
# interval = seconds: 0.0416667
# start_time = Sep 23 2021 10:10:37 [NMEA time, header]
# bad_flag = -9.990e-29
*END*
[from data line 445]
        446      1.390    14.9319   2.949651     2.7871     2.6858     0.0055  0.1461887      1.377    23.1263     6.7698     5.6489 -9.990e-29
        447      1.368    14.9320   2.949652     2.7871     2.6857     0.0055  0.1461449      1.355    23.1263     6.7696     5.6487 -9.990e-29
        448      1.347    14.9321   2.949653     2.7871     2.6856     0.0055  0.1461053      1.334    23.1262     6.7694     5.6485 -9.990e-29
        449      1.326    14.9322   2.949654     2.7871     2.6855     0.0055  0.1460696      1.314    23.1262     6.7692     5.6483 -9.990e-29
        450      1.305    14.9323   2.949654     2.7871     2.6854     0.0055  0.1460377      1.293    23.1261     6.7690     5.6481 -9.990e-29
        451      1.285    14.9323   2.949655     2.7871     2.6853     0.0055  0.1460091      1.273    23.1262     6.7688     5.6479 -9.990e-29
        452      1.264    14.9324   2.949656     2.7871     2.6852     0.0053  0.1459839      1.252    23.1261     6.7686     5.6478 -9.990e-29
        453      1.243    14.9325   2.949656     2.7871     2.6851     0.0055  0.1459617      1.231    23.1261     6.7684     5.6476 -9.990e-29
        454      1.223    14.9325   2.949655     2.7871     2.6850     0.0055  0.1459425      1.212    23.1261     6.7682     5.6475 -9.990e-29
        455      1.203    14.9326   2.949654     2.7871     2.6850     0.0055  0.1459261      1.192    23.1260     6.7680     5.6476 -9.990e-29
        456      1.182    14.9326   2.949652     2.7871     2.6849     0.0055  0.1459124      1.171    23.1260     6.7679     5.6475 -9.990e-29
        457      1.162    14.9327   2.949651     2.7871     2.6848     0.0055  0.1459012      1.151    23.1259     6.7677     5.6473 -9.990e-29
        458      1.142    14.9327   2.949648     2.7871     2.6847     0.0053  0.1458926      1.131    23.1259     6.7675     5.6472 -9.990e-29
        459      1.122    14.9327   2.949645     2.7871     2.6846     0.0055  0.1458864      1.112    23.1259     6.7673     5.6471 -9.990e-29
        460      1.102    14.9327   2.949642     2.7870     2.6845     0.0055  0.1458827      1.092    23.1259     6.7668     5.6470 -9.990e-29
        461      1.082    14.9327   2.949638     2.7870     2.6845     0.0055  0.1458813      1.072    23.1258     6.7667     5.6471 -9.990e-29
        462      1.062    14.9327   2.949634     2.7870     2.6844     0.0055  0.1458823      1.052    23.1258     6.7665     5.6470 -9.990e-29
        463      1.042    14.9327   2.949631     2.7870     2.6843     0.0055  0.1458857      1.032    23.1258     6.7663     5.6468 -9.990e-29
        464      1.022    14.9327   2.949627     2.7870     2.6843     0.0055  0.1458915      1.012    23.1258     6.7661     5.6469 -9.990e-29
        465      1.003    14.9327   2.949623     2.7869     2.6842     0.0053  0.1458997      0.994    23.1257     6.7657     5.6468 -9.990e-29
        466      0.983    14.9327   2.949619     2.7869     2.6842     0.0055  0.1459105      0.974    23.1257     6.7655     5.6469 -9.990e-29
        467      0.963    14.9327   2.949615     2.7869     2.6841     0.0055  0.1459238      0.954    23.1257     6.7653     5.6467 -9.990e-29
        468      0.944    14.9327   2.949611     2.7869     2.6841     0.0055  0.1459398      0.935    23.1256     6.7652     5.6468 -9.990e-29
        469      0.924    14.9327   2.949608     2.7869     2.6840     0.0055  0.1459577      0.915    23.1256     6.7650     5.6466 -9.990e-29
        470      0.905    14.9326   2.949606     2.7869     2.6840     0.0053  0.1459751      0.897    23.1257     6.7648     5.6467 -9.990e-29
        471      0.886    14.9326   2.949604     2.7868     2.6839     0.0053  0.1459897      0.878    23.1257     6.7644     5.6465 -9.990e-29
        472      0.867    14.9326   2.949602     2.7868     2.6839     0.0053  0.1460005      0.859    23.1256     6.7642     5.6465 -9.990e-29
        473      0.849    14.9326   2.949599     2.7868     2.6839     0.0053  0.1460078      0.841    23.1256     6.7640     5.6465 -9.990e-29
        474      0.830    14.9325   2.949596     2.7868     2.6838     0.0053  0.1460115      0.822    23.1257     6.7638     5.6463 -9.990e-29
        475      0.812    14.9325   2.949593     2.7867     2.6838     0.0053  0.1460117      0.804    23.1256     6.7634     5.6462 -9.990e-29
        476      0.794    14.9325   2.949589     2.7867     2.6837     0.0053  0.1460084      0.787    23.1256     6.7631     5.6459 -9.990e-29
        477      0.777    14.9324   2.949584     2.7867     2.6837     0.0053  0.1460016      0.770    23.1256     6.7630     5.6459 -9.990e-29
        478      0.759    14.9324   2.949580     2.7867     2.6836     0.0053  0.1459912      0.752    23.1256     6.7628     5.6455 -9.990e-29
        479      0.743    14.9323   2.949576     2.7867     2.6836     0.0053  0.1459771      0.736    23.1256     6.7626     5.6454 -9.990e-29
        480      0.726    14.9323   2.949571     2.7866     2.6836     0.0053  0.1459593      0.719    23.1256     6.7621     5.6454 -9.990e-29
        481      0.710    14.9322   2.949565     2.7866     2.6835     0.0053  0.1459376      0.703    23.1256     6.7619     5.6450 -9.990e-29
        482      0.695    14.9322   2.949560     2.7866     2.6835     0.0053  0.1459119      0.689    23.1256     6.7617     5.6449 -9.990e-29
        483      0.680    14.9321   2.949554     2.7865     2.6834     0.0053  0.1458820      0.674    23.1256     6.7612     5.6445 -9.990e-29
        484      0.666    14.9321   2.949548     2.7865     2.6833     0.0053  0.1458476      0.660    23.1255     6.7610     5.6441 -9.990e-29
        485      0.653    14.9320   2.949541     2.7865     2.6833     0.0053  0.1458086      0.647    23.1255     6.7607     5.6439 -9.990e-29
        486      0.640    14.9320   2.949534     2.7864     2.6832     0.0053  0.1457647      0.634    23.1255     6.7602     5.6435 -9.990e-29
        487      0.628    14.9319   2.949526     2.7864     2.6832     0.0053  0.1457156      0.622    23.1255     6.7599     5.6434 -9.990e-29
        488      0.616    14.9319   2.949518     2.7864     2.6831     0.0053  0.1456609      0.610    23.1254     6.7597     5.6429 -9.990e-29
        489      0.604    14.9318   2.949510     2.7863     2.6830     0.0053  0.1456002      0.598    23.1254     6.7591     5.6425 -9.990e-29
        490      0.594    14.9318   2.949501     2.7863     2.6829     0.0053  0.1455331      0.588    23.1253     6.7589     5.6421 -9.990e-29
        491      0.584    14.9317   2.949492     2.7862     2.6829     0.0053  0.1454593      0.579    23.1253     6.7583     5.6419 -9.990e-29
        492      0.574    14.9317   2.949484     2.7862     2.6828     0.0053  0.1453780      0.569    23.1252     6.7580     5.6414 -9.990e-29
        493      0.565    14.9316   2.949479     2.7861     2.6827     0.0053  0.1452880      0.560    23.1253     6.7574     5.6410 -9.990e-29
        494      0.557    14.9315   2.949480     2.7860     2.6826     0.0053  0.1451877      0.552    23.1253     6.7568     5.6405 -9.990e-29
        495      0.549    14.9315   2.949485     2.7860     2.6825     0.0053  0.1450808      0.544    23.1254     6.7565     5.6401 -9.990e-29
        496      0.542    14.9314   2.949493     2.7859     2.6824     0.0055  0.1449757      0.537    23.1255     6.7559     5.6396 -9.990e-29
        497      0.535    14.9313   2.949500     2.7859     2.6823     0.0055  0.1448787      0.530    23.1256     6.7556     5.6392 -9.990e-29
        498      0.529    14.9312   2.949507     2.7858     2.6822     0.0055  0.1447906      0.524    23.1257     6.7550     5.6388 -9.990e-29
        499      0.523    14.9312   2.949513     2.7857     2.6821     0.0055  0.1447109      0.518    23.1258     6.7544     5.6384 -9.990e-29
        500      0.518    14.9311   2.949519     2.7856     2.6820     0.0055  0.1446390      0.513    23.1259     6.7537     5.6380 -9.990e-29
        501      0.513    14.9310   2.949523     2.7856     2.6819     0.0055  0.1445744      0.508    23.1260     6.7534     5.6376 -9.990e-29
        502      0.509    14.9310   2.949527     2.7855     2.6818     0.0055  0.1445167      0.504    23.1260     6.7528     5.6372 -9.990e-29
        503      0.505    14.9309   2.949530     2.7854     2.6817     0.0055  0.1444655      0.500    23.1261     6.7522     5.6368 -9.990e-29
        504      0.501    14.9309   2.949533     2.7853     2.6816     0.0055  0.1444204      0.496    23.1261     6.7516     5.6364 -9.990e-29
        505      0.498    14.9309   2.949536     2.7852     2.6815     0.0055  0.1443812      0.493    23.1262     6.7510     5.6361 -9.990e-29
        506      0.495    14.9308   2.949539     2.7852     2.6814     0.0055  0.1443474      0.490    23.1263     6.7507     5.6357 -9.990e-29
        507      0.492    14.9308   2.949541     2.7851     2.6813     0.0055  0.1443189      0.487    23.1263     6.7502     5.6354 -9.990e-29
        508      0.489    14.9308   2.949542     2.7850     2.6812     0.0055  0.1442956      0.484    23.1263     6.7496     5.6351 -9.990e-29
        509      0.487    14.9307   2.949544     2.7849     2.6811     0.0055  0.1442771      0.482    23.1264     6.7490     5.6348 -9.990e-29
        510      0.485    14.9307   2.949545     2.7848     2.6810     0.0055  0.1442635      0.480    23.1264     6.7485     5.6345 -9.990e-29
        511      0.483    14.9307   2.949546     2.7847     2.6809     0.0055  0.1442546      0.479    23.1264     6.7480     5.6343 -9.990e-29
        512      0.481    14.9307   2.949546     2.7846     2.6808     0.0055  0.1442503      0.477    23.1264     6.7475     5.6340 -9.990e-29
        513      0.479    14.9306   2.949547     2.7845     2.6807     0.0055  0.1442507      0.475    23.1265     6.7471     5.6338 -9.990e-29
        514      0.477    14.9306   2.949547     2.7844     2.6806     0.0055  0.1442557      0.473    23.1265     6.7466     5.6337 -9.990e-29
        515      0.475    14.9306   2.949547     2.7843     2.6804     0.0055  0.1442653      0.471    23.1265     6.7462     5.6332 -9.990e-29
        516      0.474    14.9305   2.949546     2.7842     2.6803     0.0055  0.1442797      0.470    23.1265     6.7458     5.6331 -9.990e-29
        517      0.473    14.9305   2.949545     2.7841     2.6802     0.0055  0.1442989      0.469    23.1265     6.7454     5.6330 -9.990e-29
        518      0.471    14.9305   2.949544     2.7839     2.6801     0.0055  0.1443230      0.467    23.1265     6.7448     5.6329 -9.990e-29
        519      0.470    14.9304   2.949543     2.7838     2.6800     0.0055  0.1443523      0.466    23.1265     6.7444     5.6328 -9.990e-29
        520      0.469    14.9304   2.949541     2.7837     2.6799     0.0055  0.1443869      0.465    23.1265     6.7441     5.6327 -9.990e-29
        521      0.468    14.9303   2.949539     2.7835     2.6798     0.0053  0.1444263      0.464    23.1266     6.7435     5.6326 -9.990e-29
        522      0.466    14.9303   2.949537     2.7834     2.6797     0.0053  0.1444689      0.462    23.1265     6.7432     5.6325 -9.990e-29
        523      0.465    14.9302   2.949534     2.7833     2.6796     0.0053  0.1445143      0.461    23.1266     6.7430     5.6324 -9.990e-29
        524      0.464    14.9302   2.949532     2.7832     2.6795     0.0053  0.1445627      0.460    23.1266     6.7427     5.6324 -9.990e-29
        525      0.463    14.9301   2.949530     2.7831     2.6794     0.0053  0.1446145      0.459    23.1266     6.7425     5.6323 -9.990e-29
        526      0.462    14.9300   2.949529     2.7829     2.6793     0.0053  0.1446701      0.458    23.1267     6.7420     5.6323 -9.990e-29
        527      0.461    14.9300   2.949528     2.7828     2.6792     0.0053  0.1447298      0.457    23.1266     6.7419     5.6323 -9.990e-29
        528      0.460    14.9299   2.949527     2.7827     2.6791     0.0053  0.1447941      0.456    23.1267     6.7417     5.6322 -9.990e-29
        529      0.459    14.9299   2.949526     2.7826     2.6790     0.0053  0.1448634      0.455    23.1267     6.7416     5.6322 -9.990e-29
        530      0.458    14.9299   2.949525     2.7825     2.6789     0.0053  0.1449382      0.454    23.1267     6.7415     5.6322 -9.990e-29
        531      0.457    14.9298   2.949524     2.7824     2.6788     0.0053  0.1450189      0.453    23.1267     6.7415     5.6322 -9.990e-29
        532      0.456    14.9298   2.949524     2.7823     2.6788     0.0053  0.1451063      0.452    23.1267     6.7414     5.6325 -9.990e-29
        533      0.455    14.9297   2.949524     2.7822     2.6787     0.0053  0.1452008      0.451    23.1268     6.7414     5.6325 -9.990e-29
        534      0.455    14.9297   2.949525     2.7821     2.6787     0.0053  0.1453032      0.451    23.1268     6.7414     5.6328 -9.990e-29
        535      0.454    14.9296   2.949526     2.7820     2.6786     0.0053  0.1454141      0.450    23.1269     6.7415     5.6328 -9.990e-29
        536      0.454    14.9296   2.949527     2.7819     2.6786     0.0053  0.1455343      0.450    23.1269     6.7415     5.6331 -9.990e-29
        537      0.453    14.9295   2.949528     2.7818     2.6785     0.0053  0.1456647      0.449    23.1269     6.7415     5.6331 -9.990e-29
        538      0.453    14.9295   2.949528     2.7818     2.6785     0.0053  0.1458062      0.449    23.1269     6.7419     5.6334 -9.990e-29
        539      0.453    14.9294   2.949528     2.7817     2.6785     0.0053  0.1459597      0.449    23.1270     6.7419     5.6338 -9.990e-29
        540      0.452    14.9293   2.949528     2.7816     2.6784     0.0053  0.1461263      0.448    23.1271     6.7420     5.6338 -9.990e-29
        541      0.452    14.9292   2.949529     2.7815     2.6784     0.0053  0.1463072      0.448    23.1271     6.7421     5.6340 -9.990e-29
        542      0.452    14.9292   2.949529     2.7815     2.6784     0.0053  0.1465036      0.448    23.1271     6.7426     5.6343 -9.990e-29
        543      0.452    14.9291   2.949530     2.7814     2.6783     0.0053  0.1467169      0.448    23.1272     6.7426     5.6343 -9.990e-29
        544      0.452    14.9290   2.949530     2.7813     2.6783     0.0055  0.1469486      0.448    23.1273     6.7428     5.6346 -9.990e-29
        545      0.453    14.9288   2.949531     2.7812     2.6782     0.0053  0.1472003      0.449    23.1274     6.7429     5.6346 -9.990e-29
        546      0.453    14.9287   2.949531     2.7812     2.6782     0.0055  0.1474678      0.449    23.1274     6.7433     5.6349 -9.990e-29
        547      0.454    14.9285   2.949531     2.7811     2.6782     0.0057  0.1477368      0.450    23.1276     6.7434     5.6351 -9.990e-29
        548      0.455    14.9284   2.949531     2.7811     2.6781     0.0057  0.1479939      0.451    23.1276     6.7438     5.6351 -9.990e-29
        549      0.455    14.9282   2.949530     2.7810     2.6781     0.0057  0.1482358      0.451    23.1277     6.7439     5.6354 -9.990e-29
        550      0.456    14.9281   2.949529     2.7810     2.6781     0.0057  0.1484651      0.452    23.1278     6.7443     5.6356 -9.990e-29
        551      0.457    14.9279   2.949528     2.7810     2.6781     0.0057  0.1486841      0.453    23.1279     6.7447     5.6358 -9.990e-29
        552      0.458    14.9277   2.949527     2.7809     2.6780     0.0057  0.1488944      0.454    23.1280     6.7448     5.6358 -9.990e-29
        553      0.459    14.9275   2.949526     2.7809     2.6780     0.0057  0.1490974      0.455    23.1281     6.7452     5.6360 -9.990e-29
        554      0.460    14.9272   2.949524     2.7809     2.6780     0.0057  0.1492947      0.456    23.1283     6.7456     5.6362 -9.990e-29
        555      0.461    14.9270   2.949523     2.7809     2.6780     0.0057  0.1494875      0.457    23.1284     6.7460     5.6364 -9.990e-29
