data/2021/ctd_data_day3/station6f_ctm_fil_le_der_avg.cnv
* Sea-Bird SBE 9 Data File:
* FileName = C:\Users\CTD-User\Desktop\MAR440\day3\station6f.hex
* Software Version Seasave V 7.26.2.13
* Temperature SN = 6313
* Conductivity SN = 4758
* Number of Bytes Per Scan = 37
* Number of Voltage Words = 4
* Number of Scans Averaged by the Deck Unit = 1
* NMEA Latitude = 58 18.97 N
* NMEA Longitude = 011 48.24 E
* NMEA UTC (Time) = Sep 23 2021 10:37:53
* NMEA baud rate = 4800
** Ship: Skagerrak
** Station: station6f
** Operator: Tor
# nquan = 13
# nvalues = 26                          
# units = specified
# name 0 = scan: Scan Count
# name 1 = prDM: Pressure, Digiquartz [db]
# name 2 = t090C: Temperature [ITS-90, deg C]
# name 3 = c0S/m: Conductivity [S/m]
# name 4 = sbeox0V: Oxygen raw, SBE 43 [V]
# name 5 = sbeox1V: Oxygen raw, SBE 43, 2 [V]
# name 6 = flECO-AFL: Fluorescence, WET Labs ECO-AFL/FL [mg/m^3]
# name 7 = upoly0: Upoly 0, Turbidity
# name 8 = depSM: Depth [salt water, m], lat = 58.3162
# name 9 = sal00: Salinity, Practical [PSU]
# name 10 = sbeox0ML/L: Oxygen, SBE 43 [ml/l], WS = 2
# name 11 = sbeox1ML/L: Oxygen, SBE 43, 2 [ml/l], WS = 2
# name 12 = flag: flag
# span 0 =       1253,       2413       
# span 1 =      1.009,     26.246       
# span 2 =    11.2578,    15.5862       
# span 3 =   2.927076,   3.791612       
# span 4 =     1.1761,     2.7698       
# span 5 =     1.2163,     2.6845       
# span 6 =     0.0038,     0.0209       
# span 7 =  0.0873209,  0.1501385       
# span 8 =      1.000,     26.000       
# span 9 =    23.0466,    32.0245       
# span 10 =     1.8932,     6.7238      
# span 11 =     1.8318,     5.6552      
# span 12 = 0.0000e+00, 0.0000e+00      
# interval = meters: 1                  
# start_time = Sep 23 2021 10:37:53 [NMEA time, header]
# bad_flag = -9.990e-29
*END*
       1253      1.009    14.7362   2.927199     2.7525     2.6655     0.0168  0.1387228      1.000    23.0476     6.6942     5.6287 0.0000e+00
       1304      2.019    14.7356   2.927076     2.7519     2.6624     0.0203  0.1439853      2.000    23.0466     6.6933     5.6171 0.0000e+00
       1350      3.028    14.7358   2.927457     2.7531     2.6602     0.0209  0.1491380      3.000    23.0494     6.7079     5.6153 0.0000e+00
       1397      4.038    14.7363   2.927996     2.7559     2.6592     0.0204  0.1483471      4.000    23.0535     6.7158     5.6158 0.0000e+00
       1443      5.047    14.7403   2.928656     2.7584     2.6591     0.0199  0.1491923      5.000    23.0566     6.7218     5.6159 0.0000e+00
       1491      6.056    14.7554   2.930909     2.7600     2.6588     0.0203  0.1501385      6.000    23.0670     6.7238     5.6172 0.0000e+00
       1538      7.066    14.7962   2.937004     2.7617     2.6620     0.0190  0.1491636      7.000    23.0954     6.7219     5.6311 0.0000e+00
       1584      8.075    14.8929   2.952808     2.7630     2.6707     0.0131  0.1485706      8.000    23.1747     6.7158     5.6552 0.0000e+00
       1629      9.085    15.1098   3.017371     2.7698     2.6845     0.0052  0.1478267      9.000    23.6021     6.7002     5.6502 0.0000e+00
       1675     10.094    15.5862   3.249450     2.7631     2.6744     0.0052  0.1240062     10.000    25.3060     6.3730     5.3156 0.0000e+00
       1721     11.103    15.4209   3.337504     2.5930     2.4673     0.0047  0.1035055     11.000    26.1752     5.2014     4.2571 0.0000e+00
       1767     12.113    15.1438   3.398634     2.2594     2.1445     0.0045  0.0993078     12.000    26.8956     4.1861     3.5420 0.0000e+00
       1813     13.122    14.5709   3.433405     1.9906     1.9070     0.0042  0.0955185     13.000    27.6008     3.5888     3.0758 0.0000e+00
       1858     14.132    14.4953   3.476845     1.7567     1.6962     0.0038  0.0927155     14.000    28.0421     3.0027     2.6377 0.0000e+00
       1904     15.141    14.2232   3.490201     1.5791     1.5486     0.0038  0.0920863     15.000    28.3597     2.6806     2.4228 0.0000e+00
       1949     16.151    13.6920   3.491433     1.4555     1.4464     0.0038  0.0919303     16.000    28.7644     2.4367     2.2334 0.0000e+00
       1995     17.160    13.4927   3.512918     1.3466     1.3473     0.0039  0.0919782     17.000    29.1113     2.1433     1.9891 0.0000e+00
       2043     18.170    13.3689   3.542617     1.2538     1.2658     0.0038  0.0914148     18.000    29.4795     1.9668     1.8724 0.0000e+00
       2089     19.179    13.5257   3.609752     1.1984     1.2231     0.0043  0.0909574     19.000    29.9762     1.8932     1.8318 0.0000e+00
       2135     20.189    13.7481   3.693888     1.1761     1.2163     0.0040  0.0899172     20.000    30.5753     1.9364     1.9159 0.0000e+00
       2180     21.198    13.6788   3.755220     1.2012     1.2601     0.0044  0.0888447     21.000    31.1966     2.1175     2.0904 0.0000e+00
       2226     22.208    13.5612   3.782459     1.2321     1.2949     0.0045  0.0878501     22.000    31.5446     2.1585     2.1155 0.0000e+00
       2273     23.217    13.4195   3.791612     1.2561     1.3265     0.0042  0.0875070     23.000    31.7467     2.2781     2.2558 0.0000e+00
       2319     24.227    13.2749   3.788049     1.2964     1.3740     0.0041  0.0873209     24.000    31.8337     2.4083     2.3671 0.0000e+00
       2364     25.236    12.8818   3.764100     1.3214     1.3956     0.0055  0.0878944     25.000    31.9386     2.3735     2.2940 0.0000e+00
       2413     26.246    11.2578   3.628695     1.2722     1.3240     0.0057  0.0878917     26.000    32.0245     2.0108     1.9305 0.0000e+00
