data/2021/ctd_data_day3/station9i_ctm.cnv
* Sea-Bird SBE 9 Data File:
* FileName = C:\Users\CTD-User\Desktop\MAR440\day3\station9i.hex
* Software Version Seasave V 7.26.2.13
* Temperature SN = 6313
* Conductivity SN = 4758
* Number of Bytes Per Scan = 37
* Number of Voltage Words = 4
* Number of Scans Averaged by the Deck Unit = 1
* NMEA Latitude = 58 20.28 N
* NMEA Longitude = 011 53.28 E
* NMEA UTC (Time) = Sep 23 2021 11:50:13
* NMEA baud rate = 4800
** Ship: Skagerrak
** Station: station9i
** Operator: Johan
# nquan = 9
# nvalues = 5713                        
# units = specified
# name 0 = scan: Scan Count
# name 1 = prDM: Pressure, Digiquartz [db]
# name 2 = t090C: Temperature [ITS-90, deg C]
# name 3 = c0S/m: Conductivity [S/m]
# name 4 = sbeox0V: Oxygen raw, SBE 43 [V]
# name 5 = sbeox1V: Oxygen raw, SBE 43, 2 [V]
# name 6 = flECO-AFL: Fluorescence, WET Labs ECO-AFL/FL [mg/m^3]
# name 7 = upoly0: Upoly 0, Turbidity
# name 8 = flag:  0.000e+00
# span 0 =          1,       5713       
# span 1 =     -0.051,     39.150       
# span 2 =     7.9647,    15.8426       
# span 3 =  -0.001247,   3.476743       
# span 4 =     0.4796,     2.9475       
# span 5 =     0.5431,     2.7973       
# span 6 =     0.0024,     0.2439       
# span 7 =  0.0791172,  0.7706923       
# span 8 = 0.0000e+00, 0.0000e+00       
# interval = seconds: 0.0416667
# start_time = Sep 23 2021 11:50:13 [NMEA time, header]
# bad_flag = -9.990e-29
*END*
[from data line 2081]
       2082      5.515    14.9818   2.861542     2.3199     2.2320     0.0051  0.2007289 0.0000e+00
       2083      5.557    14.9832   2.861669     2.3187     2.2295     0.0051  0.2007289 0.0000e+00
       2084      5.581    14.9843   2.861843     2.3175     2.2295     0.0051  0.2007289 0.0000e+00
       2085      5.581    14.9851   2.861990     2.3162     2.2283     0.0051  0.2007289 0.0000e+00
       2086      5.614    14.9852   2.862204     2.3150     2.2259     0.0051  0.2007289 0.0000e+00
       2087      5.581    14.9852   2.862379     2.3150     2.2247     0.0051  0.2007289 0.0000e+00
       2088      5.672    14.9847   2.862515     2.3138     2.2247     0.0051  0.2007289 0.0000e+00
       2089      5.639    14.9839   2.862704     2.3126     2.2234     0.0051  0.2007289 0.0000e+00
       2090      5.696    14.9833   2.862731     2.3113     2.2210     0.0051  0.2007289 0.0000e+00
       2091      5.672    14.9837   2.862822     2.3101     2.2210     0.0051  0.2007289 0.0000e+00
       2092      5.762    14.9841   2.862873     2.3089     2.2198     0.0051  0.2007289 0.0000e+00
       2093      5.737    14.9841   2.862978     2.3077     2.2173     0.0051  0.2007289 0.0000e+00
       2094      5.762    14.9843   2.863046     2.3065     2.2161     0.0051  0.2002405 0.0000e+00
       2095      5.820    14.9845   2.863157     2.3052     2.2149     0.0053  0.1987753 0.0000e+00
       2096      5.795    14.9847   2.863231     2.3052     2.2149     0.0053  0.1982869 0.0000e+00
       2097      5.820    14.9842   2.863421     2.3028     2.2137     0.0053  0.1982869 0.0000e+00
       2098      5.886    14.9843   2.863560     2.3016     2.2112     0.0053  0.1982869 0.0000e+00
       2099      5.918    14.9844   2.863584     2.3004     2.2112     0.0053  0.1982869 0.0000e+00
       2100      5.885    14.9848   2.863761     2.2991     2.2100     0.0053  0.1982869 0.0000e+00
       2101      5.918    14.9847   2.863898     2.2979     2.2088     0.0053  0.1982869 0.0000e+00
       2102      5.943    14.9844   2.863986     2.2979     2.2076     0.0053  0.1982869 0.0000e+00
       2103      5.943    14.9848   2.864180     2.2967     2.2051     0.0053  0.1982869 0.0000e+00
       2104      5.976    14.9849   2.864417     2.2955     2.2051     0.0053  0.1982869 0.0000e+00
       2105      6.009    14.9848   2.864615     2.2943     2.2039     0.0053  0.1982869 0.0000e+00
       2106      6.042    14.9852   2.864880     2.2930     2.2027     0.0053  0.1982869 0.0000e+00
       2107      6.066    14.9857   2.865178     2.2918     2.2015     0.0053  0.1982869 0.0000e+00
       2108      6.066    14.9859   2.865409     2.2918     2.2002     0.0053  0.1982869 0.0000e+00
       2109      6.042    14.9860   2.865641     2.2906     2.1990     0.0053  0.1982869 0.0000e+00
       2110      6.124    14.9864   2.865818     2.2894     2.1978     0.0053  0.1982869 0.0000e+00
       2111      6.124    14.9864   2.865978     2.2881     2.1966     0.0053  0.1982869 0.0000e+00
       2112      6.165    14.9864   2.866259     2.2869     2.1954     0.0053  0.1982869 0.0000e+00
       2113      6.190    14.9867   2.866517     2.2857     2.1941     0.0053  0.1982869 0.0000e+00
       2114      6.165    14.9869   2.866755     2.2845     2.1929     0.0053  0.1982869 0.0000e+00
       2115      6.247    14.9868   2.866975     2.2833     2.1917     0.0053  0.1982869 0.0000e+00
       2116      6.247    14.9866   2.867062     2.2833     2.1917     0.0053  0.1982869 0.0000e+00
       2117      6.223    14.9867   2.867152     2.2820     2.1905     0.0053  0.1982869 0.0000e+00
       2118      6.313    14.9866   2.867317     2.2796     2.1880     0.0053  0.1982869 0.0000e+00
       2119      6.313    14.9858   2.867540     2.2796     2.1880     0.0053  0.1982869 0.0000e+00
       2120      6.288    14.9856   2.867760     2.2772     2.1868     0.0053  0.1973101 0.0000e+00
       2121      6.371    14.9853   2.867907     2.2784     2.1856     0.0053  0.1958449 0.0000e+00
       2122      6.346    14.9854   2.867959     2.2772     2.1856     0.0053  0.1958449 0.0000e+00
       2123      6.428    14.9860   2.868062     2.2759     2.1844     0.0053  0.1958449 0.0000e+00
       2124      6.371    14.9862   2.868300     2.2747     2.1831     0.0053  0.1958449 0.0000e+00
       2125      6.469    14.9867   2.868483     2.2735     2.1819     0.0053  0.1958449 0.0000e+00
       2126      6.428    14.9868   2.868605     2.2723     2.1807     0.0053  0.1958449 0.0000e+00
       2127      6.494    14.9867   2.868597     2.2723     2.1795     0.0053  0.1958449 0.0000e+00
       2128      6.469    14.9871   2.868639     2.2711     2.1795     0.0053  0.1958449 0.0000e+00
       2129      6.552    14.9870   2.868973     2.2698     2.1783     0.0053  0.1958449 0.0000e+00
       2130      6.527    14.9876   2.869179     2.2686     2.1783     0.0053  0.1958449 0.0000e+00
       2131      6.552    14.9882   2.869151     2.2674     2.1770     0.0053  0.1958449 0.0000e+00
       2132      6.552    14.9884   2.869198     2.2674     2.1758     0.0053  0.1958449 0.0000e+00
       2133      6.650    14.9885   2.869413     2.2662     2.1758     0.0053  0.1958449 0.0000e+00
       2134      6.617    14.9886   2.869677     2.2649     2.1746     0.0053  0.1958449 0.0000e+00
       2135      6.617    14.9885   2.869662     2.2649     2.1746     0.0053  0.1958449 0.0000e+00
       2136      6.650    14.9888   2.869639     2.2637     2.1734     0.0053  0.1958449 0.0000e+00
       2137      6.675    14.9893   2.869872     2.2625     2.1722     0.0053  0.1958449 0.0000e+00
       2138      6.716    14.9896   2.870170     2.2601     2.1722     0.0053  0.1958449 0.0000e+00
       2139      6.733    14.9898   2.870146     2.2601     2.1722     0.0053  0.1958449 0.0000e+00
       2140      6.798    14.9896   2.870131     2.2601     2.1709     0.0053  0.1958449 0.0000e+00
       2141      6.774    14.9903   2.870436     2.2588     2.1709     0.0053  0.1958449 0.0000e+00
       2142      6.798    14.9913   2.870721     2.2576     2.1697     0.0053  0.1958449 0.0000e+00
       2143      6.798    14.9923   2.870683     2.2576     2.1697     0.0053  0.1958449 0.0000e+00
       2144      6.831    14.9933   2.870788     2.2564     2.1685     0.0053  0.1958449 0.0000e+00
       2145      6.856    14.9945   2.871242     2.2564     2.1685     0.0053  0.1958449 0.0000e+00
       2146      6.897    14.9948   2.871458     2.2552     2.1685     0.0051  0.1948681 0.0000e+00
       2147      6.922    14.9952   2.871484     2.2540     2.1673     0.0051  0.1943797 0.0000e+00
       2148      6.856    14.9958   2.871947     2.2527     2.1673     0.0051  0.1943797 0.0000e+00
       2149      6.955    14.9962   2.872196     2.2527     2.1673     0.0051  0.1943797 0.0000e+00
       2150      6.979    14.9970   2.872294     2.2515     2.1660     0.0051  0.1943797 0.0000e+00
       2151      6.979    14.9975   2.872763     2.2515     2.1660     0.0051  0.1943797 0.0000e+00
       2152      7.020    14.9977   2.873066     2.2503     2.1660     0.0051  0.1943797 0.0000e+00
       2153      7.045    14.9982   2.873135     2.2491     2.1660     0.0051  0.1943797 0.0000e+00
       2154      7.045    14.9982   2.873481     2.2479     2.1648     0.0051  0.1943797 0.0000e+00
       2155      7.078    14.9984   2.873676     2.2479     2.1648     0.0051  0.1938913 0.0000e+00
       2156      7.103    14.9989   2.873849     2.2466     2.1648     0.0051  0.1943797 0.0000e+00
       2157      7.136    14.9990   2.874256     2.2466     2.1648     0.0051  0.1943797 0.0000e+00
       2158      7.103    14.9994   2.874249     2.2454     2.1636     0.0051  0.1943797 0.0000e+00
       2159      7.160    14.9995   2.874634     2.2442     2.1636     0.0051  0.1943797 0.0000e+00
       2160      7.201    14.9992   2.874925     2.2442     2.1636     0.0051  0.1943797 0.0000e+00
       2161      7.226    14.9992   2.875145     2.2430     2.1624     0.0051  0.1943797 0.0000e+00
       2162      7.226    14.9996   2.875586     2.2430     2.1624     0.0051  0.1943797 0.0000e+00
       2163      7.259    15.0001   2.875519     2.2430     2.1624     0.0051  0.1943797 0.0000e+00
       2164      7.226    15.0002   2.875806     2.2417     2.1624     0.0051  0.1943797 0.0000e+00
       2165      7.284    15.0002   2.875891     2.2405     2.1624     0.0051  0.1943797 0.0000e+00
       2166      7.325    15.0006   2.876074     2.2405     2.1624     0.0051  0.1943797 0.0000e+00
       2167      7.349    15.0009   2.876188     2.2405     2.1612     0.0051  0.1943797 0.0000e+00
       2168      7.349    15.0009   2.876332     2.2393     2.1612     0.0051  0.1943797 0.0000e+00
       2169      7.448    15.0008   2.876596     2.2381     2.1612     0.0051  0.1943797 0.0000e+00
       2170      7.349    15.0012   2.876617     2.2381     2.1612     0.0051  0.1943797 0.0000e+00
       2171      7.448    15.0013   2.876931     2.2381     2.1612     0.0051  0.1938913 0.0000e+00
       2172      7.407    15.0014   2.876863     2.2381     2.1612     0.0053  0.1938913 0.0000e+00
       2173      7.464    15.0016   2.877347     2.2369     2.1599     0.0053  0.1938913 0.0000e+00
       2174      7.506    15.0017   2.877345     2.2356     2.1599     0.0053  0.1938913 0.0000e+00
       2175      7.530    15.0017   2.877626     2.2356     2.1599     0.0053  0.1938913 0.0000e+00
       2176      7.530    15.0017   2.877617     2.2356     2.1599     0.0053  0.1938913 0.0000e+00
       2177      7.506    15.0021   2.877955     2.2344     2.1599     0.0053  0.1938913 0.0000e+00
       2178      7.588    15.0026   2.877921     2.2332     2.1599     0.0053  0.1938913 0.0000e+00
       2179      7.588    15.0029   2.878252     2.2332     2.1599     0.0053  0.1938913 0.0000e+00
       2180      7.629    15.0033   2.878235     2.2332     2.1599     0.0053  0.1938913 0.0000e+00
       2181      7.654    15.0033   2.878652     2.2320     2.1599     0.0053  0.1938913 0.0000e+00
       2182      7.654    15.0039   2.878603     2.2320     2.1599     0.0053  0.1938913 0.0000e+00
       2183      7.687    15.0038   2.878917     2.2320     2.1599     0.0053  0.1938913 0.0000e+00
       2184      7.654    15.0039   2.878859     2.2308     2.1599     0.0053  0.1938913 0.0000e+00
       2185      7.777    15.0048   2.879166     2.2308     2.1612     0.0053  0.1938913 0.0000e+00
       2186      7.686    15.0060   2.879244     2.2308     2.1612     0.0053  0.1938913 0.0000e+00
       2187      7.835    15.0075   2.879439     2.2295     2.1612     0.0053  0.1938913 0.0000e+00
       2188      7.752    15.0085   2.879609     2.2295     2.1624     0.0053  0.1938913 0.0000e+00
       2189      7.835    15.0098   2.879682     2.2295     2.1624     0.0053  0.1938913 0.0000e+00
       2190      7.835    15.0111   2.880066     2.2283     2.1624     0.0053  0.1938913 0.0000e+00
       2191      7.868    15.0144   2.880114     2.2283     2.1624     0.0053  0.1934029 0.0000e+00
       2192      7.834    15.0179   2.880551     2.2283     2.1636     0.0053  0.1938913 0.0000e+00
       2193      7.892    15.0214   2.880464     2.2271     2.1636     0.0053  0.1938913 0.0000e+00
       2194      7.933    15.0247   2.880955     2.2271     2.1648     0.0053  0.1938913 0.0000e+00
       2195      7.958    15.0274   2.881219     2.2271     2.1648     0.0053  0.1938913 0.0000e+00
       2196      7.958    15.0301   2.881384     2.2271     2.1660     0.0053  0.1938913 0.0000e+00
       2197      7.991    15.0324   2.881707     2.2247     2.1660     0.0053  0.1938913 0.0000e+00
       2198      7.958    15.0344   2.881668     2.2247     2.1660     0.0055  0.1938913 0.0000e+00
       2199      8.016    15.0360   2.882075     2.2247     2.1673     0.0055  0.1938913 0.0000e+00
       2200      8.057    15.0375   2.882237     2.2247     2.1685     0.0055  0.1938913 0.0000e+00
       2201      8.081    15.0388   2.882352     2.2247     2.1685     0.0055  0.1938913 0.0000e+00
       2202      8.081    15.0402   2.882749     2.2234     2.1697     0.0055  0.1934029 0.0000e+00
       2203      8.114    15.0414   2.882854     2.2234     2.1709     0.0055  0.1938913 0.0000e+00
       2204      8.139    15.0423   2.883012     2.2234     2.1709     0.0055  0.1938913 0.0000e+00
       2205      8.139    15.0427   2.883443     2.2234     2.1722     0.0055  0.1938913 0.0000e+00
       2206      8.180    15.0433   2.883387     2.2222     2.1734     0.0055  0.1938913 0.0000e+00
       2207      8.197    15.0439   2.883572     2.2222     2.1734     0.0055  0.1938913 0.0000e+00
       2208      8.262    15.0450   2.883934     2.2222     2.1746     0.0055  0.1938913 0.0000e+00
       2209      8.180    15.0458   2.883808     2.2210     2.1758     0.0055  0.1938913 0.0000e+00
       2210      8.320    15.0464   2.883998     2.2210     2.1770     0.0055  0.1938913 0.0000e+00
       2211      8.262    15.0461   2.884322     2.2210     2.1783     0.0055  0.1938913 0.0000e+00
       2212      8.295    15.0457   2.884317     2.2210     2.1783     0.0055  0.1938913 0.0000e+00
       2213      8.320    15.0457   2.884391     2.2210     2.1795     0.0053  0.1938913 0.0000e+00
       2214      8.386    15.0456   2.884725     2.2198     2.1807     0.0053  0.1938913 0.0000e+00
       2215      8.361    15.0462   2.884747     2.2198     2.1819     0.0055  0.1938913 0.0000e+00
       2216      8.386    15.0469   2.884779     2.2198     2.1831     0.0055  0.1938913 0.0000e+00
       2217      8.443    15.0482   2.885164     2.2198     2.1844     0.0055  0.1934029 0.0000e+00
       2218      8.419    15.0489   2.885410     2.2185     2.1844     0.0053  0.1938913 0.0000e+00
       2219      8.443    15.0494   2.885387     2.2185     2.1868     0.0055  0.1938913 0.0000e+00
       2220      8.509    15.0498   2.885483     2.2185     2.1880     0.0055  0.1938913 0.0000e+00
       2221      8.484    15.0506   2.885888     2.2185     2.1892     0.0055  0.1938913 0.0000e+00
       2222      8.567    15.0511   2.886012     2.2173     2.1905     0.0053  0.1890073 0.0000e+00
       2223      8.509    15.0519   2.886012     2.2173     2.1917     0.0053  0.1826581 0.0000e+00
       2224      8.608    15.0525   2.886170     2.2173     2.1929     0.0053  0.1807045 0.0000e+00
       2225      8.567    15.0528   2.886485     2.2173     2.1941     0.0053  0.1811929 0.0000e+00
       2226      8.624    15.0530   2.886538     2.2173     2.1941     0.0053  0.1811929 0.0000e+00
       2227      8.665    15.0525   2.886593     2.2173     2.1966     0.0053  0.1811929 0.0000e+00
       2228      8.624    15.0521   2.886839     2.2161     2.1978     0.0053  0.1811929 0.0000e+00
       2229      8.690    15.0519   2.887049     2.2161     2.1990     0.0053  0.1811929 0.0000e+00
       2230      8.723    15.0521   2.887243     2.2161     2.1990     0.0053  0.1811929 0.0000e+00
       2231      8.690    15.0525   2.887308     2.2161     2.2002     0.0053  0.1811929 0.0000e+00
       2232      8.748    15.0528   2.887508     2.2161     2.2015     0.0053  0.1811929 0.0000e+00
       2233      8.789    15.0530   2.887719     2.2161     2.2027     0.0053  0.1811929 0.0000e+00
       2234      8.747    15.0533   2.887936     2.2161     2.2039     0.0053  0.1811929 0.0000e+00
       2235      8.813    15.0535   2.888082     2.2161     2.2051     0.0053  0.1811929 0.0000e+00
       2236      8.846    15.0535   2.888210     2.2149     2.2063     0.0053  0.1811929 0.0000e+00
       2237      8.813    15.0540   2.888329     2.2149     2.2076     0.0053  0.1811929 0.0000e+00
       2238      8.929    15.0540   2.888676     2.2149     2.2088     0.0053  0.1811929 0.0000e+00
       2239      8.846    15.0543   2.889002     2.2149     2.2088     0.0053  0.1811929 0.0000e+00
       2240      8.929    15.0545   2.889208     2.2149     2.2112     0.0053  0.1811929 0.0000e+00
