data/2021/ctd_data_day3/station7g_ctm.cnv
* Sea-Bird SBE 9 Data File:
* FileName = C:\Users\CTD-User\Desktop\MAR440\day3\station7g.hex
* Software Version Seasave V 7.26.2.13
* Temperature SN = 6313
* Conductivity SN = 4758
* Number of Bytes Per Scan = 37
* Number of Voltage Words = 4
* Number of Scans Averaged by the Deck Unit = 1
* NMEA Latitude = 58 18.80 N
* NMEA Longitude = 011 46.06 E
* NMEA UTC (Time) = Sep 23 2021 10:57:43
* NMEA baud rate = 4800
** Ship: Skagerrak
** Station: station7g
** Operator: Christina
# nquan = 9
# nvalues = 3543                        
# units = specified
# name 0 = scan: Scan Count
# name 1 = prDM: Pressure, Digiquartz [db]
# name 2 = t090C: Temperature [ITS-90, deg C]
# name 3 = c0S/m: Conductivity [S/m]
# name 4 = sbeox0V: Oxygen raw, SBE 43 [V]
# name 5 = sbeox1V: Oxygen raw, SBE 43, 2 [V]
# name 6 = flECO-AFL: Fluorescence, WET Labs ECO-AFL/FL [mg/m^3]
# name 7 = upoly0: Upoly 0, Turbidity
# name 8 = flag:  0.000e+00
# span 0 =          1,       3543       
# span 1 =      1.313,     39.126       
# span 2 =     5.9224,    16.0572       
# span 3 =   2.903914,   3.722012       
# span 4 =     0.4954,     2.8742       
# span 5 =     0.5504,     2.8181       
# span 6 =     0.0033,     0.0139       
# span 7 =  0.0859548,  0.1587265       
# span 8 = 0.0000e+00, 0.0000e+00       
# interval = seconds: 0.0416667
# start_time = Sep 23 2021 10:57:43 [NMEA time, header]
# bad_flag = -9.990e-29
*END*
[from data line 161]
        162      1.446    14.8857   2.907481     2.4823     2.4078     0.0042  0.1450513 0.0000e+00
        163      1.479    14.8829   2.907509     2.4823     2.4066     0.0042  0.1450513 0.0000e+00
        164      1.446    14.8809   2.907299     2.4811     2.4054     0.0042  0.1450513 0.0000e+00
        165      1.422    14.8802   2.907456     2.4811     2.4054     0.0042  0.1450513 0.0000e+00
        166      1.446    14.8793   2.907442     2.4786     2.4041     0.0042  0.1450513 0.0000e+00
        167      1.422    14.8797   2.907301     2.4774     2.4029     0.0042  0.1450513 0.0000e+00
        168      1.512    14.8803   2.907419     2.4774     2.4017     0.0042  0.1445629 0.0000e+00
        169      1.422    14.8809   2.907372     2.4750     2.4017     0.0042  0.1450513 0.0000e+00
        170      1.512    14.8798   2.907566     2.4737     2.4005     0.0042  0.1450513 0.0000e+00
        171      1.422    14.8798   2.907676     2.4750     2.3993     0.0042  0.1450513 0.0000e+00
        172      1.512    14.8819   2.907537     2.4713     2.3980     0.0042  0.1450513 0.0000e+00
        173      1.479    14.8849   2.907944     2.4725     2.3980     0.0042  0.1450513 0.0000e+00
        174      1.446    14.8878   2.907977     2.4713     2.3968     0.0042  0.1450513 0.0000e+00
        175      1.479    14.8914   2.908100     2.4713     2.3956     0.0042  0.1450513 0.0000e+00
        176      1.512    14.8945   2.908179     2.4701     2.3956     0.0042  0.1445629 0.0000e+00
        177      1.545    14.8966   2.908192     2.4689     2.3944     0.0042  0.1440745 0.0000e+00
        178      1.446    14.8981   2.908527     2.4676     2.3932     0.0042  0.1440745 0.0000e+00
        179      1.512    14.8989   2.908514     2.4676     2.3919     0.0042  0.1440745 0.0000e+00
        180      1.479    14.8998   2.908825     2.4664     2.3919     0.0042  0.1440745 0.0000e+00
        181      1.512    14.9008   2.908736     2.4652     2.3907     0.0042  0.1440745 0.0000e+00
        182      1.545    14.9018   2.909003     2.4652     2.3895     0.0042  0.1440745 0.0000e+00
        183      1.446    14.9025   2.908945     2.4640     2.3895     0.0042  0.1440745 0.0000e+00
        184      1.545    14.9031   2.908838     2.4628     2.3895     0.0042  0.1440745 0.0000e+00
        185      1.512    14.9038   2.908878     2.4628     2.3883     0.0042  0.1440745 0.0000e+00
        186      1.479    14.9042   2.908535     2.4615     2.3883     0.0042  0.1440745 0.0000e+00
        187      1.512    14.9047   2.908559     2.4615     2.3871     0.0042  0.1440745 0.0000e+00
        188      1.545    14.9053   2.908177     2.4615     2.3871     0.0042  0.1440745 0.0000e+00
        189      1.512    14.9058   2.907938     2.4591     2.3871     0.0042  0.1440745 0.0000e+00
        190      1.479    14.9062   2.907758     2.4579     2.3871     0.0042  0.1440745 0.0000e+00
        191      1.512    14.9065   2.907331     2.4579     2.3883     0.0042  0.1440745 0.0000e+00
        192      1.479    14.9067   2.907299     2.4567     2.3871     0.0042  0.1440745 0.0000e+00
        193      1.512    14.9069   2.906840     2.4567     2.3883     0.0042  0.1440745 0.0000e+00
        194      1.479    14.9069   2.906544     2.4554     2.3883     0.0042  0.1440745 0.0000e+00
        195      1.512    14.9074   2.906595     2.4554     2.3883     0.0042  0.1440745 0.0000e+00
        196      1.479    14.9074   2.906261     2.4542     2.3895     0.0042  0.1440745 0.0000e+00
        197      1.512    14.9077   2.906289     2.4530     2.3895     0.0042  0.1440745 0.0000e+00
        198      1.512    14.9077   2.906311     2.4530     2.3895     0.0042  0.1440745 0.0000e+00
        199      1.479    14.9078   2.906015     2.4518     2.3907     0.0042  0.1440745 0.0000e+00
        200      1.512    14.9082   2.906033     2.4518     2.3907     0.0042  0.1440745 0.0000e+00
        201      1.479    14.9084   2.905919     2.4518     2.3919     0.0042  0.1440745 0.0000e+00
        202      1.512    14.9086   2.905755     2.4518     2.3919     0.0042  0.1435861 0.0000e+00
        203      1.479    14.9085   2.905869     2.4505     2.3932     0.0042  0.1435861 0.0000e+00
        204      1.512    14.9065   2.905686     2.4493     2.3932     0.0042  0.1435861 0.0000e+00
        205      1.545    14.9025   2.905589     2.4481     2.3944     0.0042  0.1435861 0.0000e+00
        206      1.512    14.8984   2.905765     2.4469     2.3944     0.0042  0.1435861 0.0000e+00
        207      1.545    14.8950   2.905856     2.4469     2.3956     0.0042  0.1435861 0.0000e+00
        208      1.512    14.8921   2.905911     2.4469     2.3956     0.0042  0.1435861 0.0000e+00
        209      1.545    14.8898   2.906335     2.4457     2.3968     0.0042  0.1435861 0.0000e+00
        210      1.636    14.8883   2.906593     2.4444     2.3968     0.0042  0.1435861 0.0000e+00
        211      1.545    14.8871   2.907087     2.4444     2.3968     0.0042  0.1435861 0.0000e+00
        212      1.636    14.8861   2.907577     2.4444     2.3968     0.0042  0.1435861 0.0000e+00
        213      1.603    14.8872   2.907795     2.4432     2.3980     0.0042  0.1435861 0.0000e+00
        214      1.570    14.8896   2.908331     2.4420     2.3980     0.0042  0.1435861 0.0000e+00
        215      1.636    14.8928   2.908591     2.4408     2.3993     0.0042  0.1435861 0.0000e+00
        216      1.603    14.8948   2.908928     2.4408     2.3993     0.0042  0.1435861 0.0000e+00
        217      1.694    14.8957   2.909216     2.4408     2.3993     0.0042  0.1435861 0.0000e+00
        218      1.669    14.8972   2.909364     2.4396     2.4005     0.0042  0.1435861 0.0000e+00
        219      1.759    14.8994   2.909625     2.4383     2.3993     0.0042  0.1435861 0.0000e+00
        220      1.726    14.9013   2.909605     2.4383     2.4005     0.0042  0.1435861 0.0000e+00
        221      1.759    14.9031   2.909639     2.4371     2.4005     0.0042  0.1435861 0.0000e+00
        222      1.726    14.9047   2.909443     2.4371     2.4005     0.0042  0.1435861 0.0000e+00
        223      1.759    14.9043   2.909469     2.4359     2.4005     0.0042  0.1435861 0.0000e+00
        224      1.792    14.9035   2.909153     2.4359     2.4017     0.0042  0.1435861 0.0000e+00
        225      1.875    14.9028   2.909052     2.4347     2.4017     0.0042  0.1435861 0.0000e+00
        226      1.850    14.9018   2.908933     2.4335     2.4017     0.0042  0.1435861 0.0000e+00
        227      1.817    14.9009   2.908853     2.4335     2.4017     0.0042  0.1435861 0.0000e+00
        228      1.908    14.9003   2.908790     2.4322     2.4017     0.0044  0.1440745 0.0000e+00
        229      1.941    14.8998   2.908716     2.4322     2.4017     0.0044  0.1440745 0.0000e+00
        230      1.908    14.8990   2.908713     2.4322     2.4017     0.0044  0.1440745 0.0000e+00
        231      1.998    14.8987   2.908531     2.4310     2.4017     0.0044  0.1440745 0.0000e+00
        232      1.998    14.8986   2.908559     2.4310     2.4017     0.0044  0.1440745 0.0000e+00
        233      2.031    14.8984   2.908213     2.4298     2.4017     0.0044  0.1440745 0.0000e+00
        234      1.998    14.8983   2.907971     2.4286     2.4017     0.0044  0.1440745 0.0000e+00
        235      2.097    14.8984   2.907785     2.4273     2.4005     0.0044  0.1440745 0.0000e+00
        236      2.064    14.8986   2.907430     2.4273     2.4005     0.0044  0.1440745 0.0000e+00
        237      2.097    14.8987   2.907480     2.4261     2.4005     0.0044  0.1440745 0.0000e+00
        238      2.122    14.8991   2.907075     2.4261     2.3993     0.0044  0.1440745 0.0000e+00
        239      2.155    14.8992   2.906972     2.4261     2.3993     0.0044  0.1440745 0.0000e+00
        240      2.180    14.8993   2.906983     2.4249     2.3993     0.0044  0.1440745 0.0000e+00
        241      2.213    14.8989   2.906714     2.4237     2.3980     0.0044  0.1440745 0.0000e+00
        242      2.180    14.8981   2.906650     2.4237     2.3980     0.0044  0.1440745 0.0000e+00
        243      2.155    14.8971   2.906504     2.4237     2.3968     0.0044  0.1440745 0.0000e+00
        244      2.369    14.8960   2.906368     2.4237     2.3968     0.0044  0.1440745 0.0000e+00
        245      2.246    14.8950   2.906386     2.4225     2.3956     0.0044  0.1440745 0.0000e+00
        246      2.279    14.8943   2.906104     2.4225     2.3956     0.0044  0.1440745 0.0000e+00
        247      2.369    14.8933   2.906057     2.4212     2.3944     0.0044  0.1435861 0.0000e+00
        248      2.336    14.8930   2.906242     2.4212     2.3944     0.0044  0.1440745 0.0000e+00
        249      2.369    14.8928   2.905934     2.4200     2.3932     0.0044  0.1440745 0.0000e+00
        250      2.336    14.8925   2.905846     2.4200     2.3919     0.0044  0.1440745 0.0000e+00
        251      2.427    14.8920   2.905964     2.4188     2.3919     0.0044  0.1440745 0.0000e+00
        252      2.460    14.8916   2.905689     2.4188     2.3907     0.0044  0.1440745 0.0000e+00
        253      2.427    14.8912   2.905721     2.4188     2.3895     0.0044  0.1465165 0.0000e+00
        254      2.460    14.8908   2.905714     2.4176     2.3895     0.0044  0.1479817 0.0000e+00
        255      2.485    14.8908   2.905474     2.4176     2.3883     0.0044  0.1479817 0.0000e+00
        256      2.485    14.8912   2.905535     2.4176     2.3871     0.0044  0.1479817 0.0000e+00
        257      2.526    14.8913   2.905629     2.4164     2.3871     0.0044  0.1479817 0.0000e+00
        258      2.551    14.8922   2.905381     2.4164     2.3858     0.0044  0.1479817 0.0000e+00
        259      2.584    14.8932   2.905495     2.4151     2.3846     0.0044  0.1479817 0.0000e+00
        260      2.608    14.8939   2.905530     2.4151     2.3834     0.0044  0.1479817 0.0000e+00
        261      2.641    14.8939   2.905234     2.4151     2.3822     0.0044  0.1479817 0.0000e+00
        262      2.608    14.8940   2.905371     2.4151     2.3809     0.0044  0.1479817 0.0000e+00
        263      2.707    14.8941   2.905460     2.4139     2.3809     0.0044  0.1479817 0.0000e+00
        264      2.608    14.8942   2.905137     2.4139     2.3797     0.0044  0.1479817 0.0000e+00
        265      2.732    14.8942   2.905291     2.4127     2.3773     0.0044  0.1479817 0.0000e+00
        266      2.707    14.8945   2.905347     2.4127     2.3773     0.0044  0.1479817 0.0000e+00
        267      2.732    14.8948   2.905085     2.4127     2.3761     0.0044  0.1479817 0.0000e+00
        268      2.765    14.8952   2.905246     2.4127     2.3761     0.0044  0.1479817 0.0000e+00
        269      2.798    14.8948   2.905271     2.4103     2.3748     0.0044  0.1479817 0.0000e+00
        270      2.831    14.8945   2.905002     2.4103     2.3736     0.0044  0.1479817 0.0000e+00
        271      2.798    14.8950   2.905081     2.4103     2.3724     0.0044  0.1479817 0.0000e+00
        272      2.831    14.8959   2.905227     2.4090     2.3712     0.0044  0.1479817 0.0000e+00
        273      2.913    14.8972   2.904996     2.4078     2.3700     0.0044  0.1479817 0.0000e+00
        274      2.831    14.8979   2.904983     2.4078     2.3687     0.0044  0.1479817 0.0000e+00
        275      2.913    14.8986   2.905161     2.4078     2.3687     0.0044  0.1479817 0.0000e+00
        276      2.913    14.8987   2.904948     2.4066     2.3675     0.0044  0.1479817 0.0000e+00
        277      2.946    14.8989   2.904894     2.4054     2.3663     0.0042  0.1479817 0.0000e+00
        278      2.979    14.8992   2.905098     2.4054     2.3651     0.0044  0.1479817 0.0000e+00
        279      3.012    14.8999   2.904854     2.4054     2.3639     0.0046  0.1479817 0.0000e+00
        280      2.979    14.9003   2.904757     2.4041     2.3626     0.0046  0.1479817 0.0000e+00
        281      3.012    14.9009   2.904995     2.4041     2.3614     0.0046  0.1479817 0.0000e+00
        282      3.103    14.9013   2.904859     2.4029     2.3602     0.0046  0.1479817 0.0000e+00
        283      3.070    14.9018   2.904790     2.4017     2.3602     0.0046  0.1479817 0.0000e+00
        284      3.103    14.9011   2.904963     2.4017     2.3590     0.0046  0.1479817 0.0000e+00
        285      3.103    14.9007   2.904802     2.4005     2.3577     0.0046  0.1479817 0.0000e+00
        286      3.136    14.9003   2.904691     2.4005     2.3565     0.0046  0.1479817 0.0000e+00
        287      3.103    14.9003   2.904796     2.3993     2.3553     0.0046  0.1479817 0.0000e+00
        288      3.194    14.9001   2.904833     2.3993     2.3553     0.0046  0.1479817 0.0000e+00
        289      3.218    14.8994   2.904611     2.3980     2.3541     0.0046  0.1479817 0.0000e+00
        290      3.194    14.8984   2.904607     2.3968     2.3541     0.0046  0.1479817 0.0000e+00
        291      3.218    14.8974   2.904778     2.3956     2.3529     0.0046  0.1479817 0.0000e+00
        292      3.284    14.8969   2.904602     2.3956     2.3529     0.0046  0.1479817 0.0000e+00
        293      3.260    14.8957   2.904498     2.3944     2.3516     0.0046  0.1479817 0.0000e+00
        294      3.284    14.8952   2.904672     2.3944     2.3516     0.0046  0.1479817 0.0000e+00
        295      3.317    14.8949   2.904430     2.3944     2.3504     0.0046  0.1479817 0.0000e+00
        296      3.342    14.8945   2.904390     2.3932     2.3516     0.0046  0.1479817 0.0000e+00
        297      3.375    14.8947   2.904589     2.3919     2.3504     0.0046  0.1479817 0.0000e+00
        298      3.408    14.8945   2.904489     2.3919     2.3504     0.0046  0.1479817 0.0000e+00
        299      3.375    14.8942   2.904395     2.3907     2.3516     0.0046  0.1479817 0.0000e+00
        300      3.408    14.8940   2.904399     2.3895     2.3516     0.0046  0.1479817 0.0000e+00
        301      3.466    14.8937   2.904426     2.3895     2.3516     0.0046  0.1479817 0.0000e+00
        302      3.441    14.8937   2.904185     2.3883     2.3529     0.0046  0.1479817 0.0000e+00
        303      3.466    14.8935   2.904267     2.3883     2.3529     0.0046  0.1479817 0.0000e+00
        304      3.565    14.8928   2.904423     2.3871     2.3541     0.0046  0.1489585 0.0000e+00
        305      3.532    14.8918   2.904167     2.3858     2.3541     0.0046  0.1494469 0.0000e+00
        306      3.499    14.8910   2.904110     2.3858     2.3553     0.0046  0.1494469 0.0000e+00
        307      3.589    14.8890   2.904255     2.3846     2.3565     0.0046  0.1494469 0.0000e+00
        308      3.589    14.8878   2.904180     2.3834     2.3577     0.0046  0.1494469 0.0000e+00
        309      3.622    14.8871   2.903996     2.3834     2.3590     0.0046  0.1494469 0.0000e+00
        310      3.647    14.8869   2.904068     2.3822     2.3602     0.0046  0.1494469 0.0000e+00
        311      3.622    14.8861   2.904229     2.3797     2.3614     0.0046  0.1494469 0.0000e+00
        312      3.713    14.8851   2.904022     2.3797     2.3626     0.0046  0.1494469 0.0000e+00
        313      3.688    14.8836   2.903995     2.3785     2.3639     0.0046  0.1494469 0.0000e+00
        314      3.647    14.8820   2.904176     2.3785     2.3651     0.0046  0.1494469 0.0000e+00
        315      3.771    14.8810   2.904024     2.3773     2.3663     0.0046  0.1494469 0.0000e+00
        316      3.746    14.8809   2.903914     2.3761     2.3675     0.0046  0.1494469 0.0000e+00
        317      3.771    14.8817   2.904083     2.3761     2.3687     0.0046  0.1494469 0.0000e+00
        318      3.804    14.8827   2.904191     2.3748     2.3700     0.0046  0.1494469 0.0000e+00
        319      3.837    14.8847   2.904029     2.3736     2.3712     0.0046  0.1494469 0.0000e+00
        320      3.804    14.8853   2.904108     2.3736     2.3736     0.0046  0.1494469 0.0000e+00
