data/2021/ctd_data_day3/station9i_ctm.cnv
* Sea-Bird SBE 9 Data File:
* FileName = C:\Users\CTD-User\Desktop\MAR440\day3\station9i.hex
* Software Version Seasave V 7.26.2.13
* Temperature SN = 6313
* Conductivity SN = 4758
* Number of Bytes Per Scan = 37
* Number of Voltage Words = 4
* Number of Scans Averaged by the Deck Unit = 1
* NMEA Latitude = 58 20.28 N
* NMEA Longitude = 011 53.28 E
* NMEA UTC (Time) = Sep 23 2021 11:50:13
* NMEA baud rate = 4800
** Ship: Skagerrak
** Station: station9i
** Operator: Johan
# nquan = 9
# nvalues = 5713                        
# units = specified
# name 0 = scan: Scan Count
# name 1 = prDM: Pressure, Digiquartz [db]
# name 2 = t090C: Temperature [ITS-90, deg C]
# name 3 = c0S/m: Conductivity [S/m]
# name 4 = sbeox0V: Oxygen raw, SBE 43 [V]
# name 5 = sbeox1V: Oxygen raw, SBE 43, 2 [V]
# name 6 = flECO-AFL: Fluorescence, WET Labs ECO-AFL/FL [mg/m^3]
# name 7 = upoly0: Upoly 0, Turbidity
# name 8 = flag:  0.000e+00
# span 0 =          1,       5713       
# span 1 =     -0.051,     39.150       
# span 2 =     7.9647,    15.8426       
# span 3 =  -0.001247,   3.476743       
# span 4 =     0.4796,     2.9475       
# span 5 =     0.5431,     2.7973       
# span 6 =     0.0024,     0.2439       
# span 7 =  0.0791172,  0.7706923       
# span 8 = 0.0000e+00, 0.0000e+00       
# interval = seconds: 0.0416667
# start_time = Sep 23 2021 11:50:13 [NMEA time, header]
# bad_flag = -9.990e-29
*END*
[from data line 3521]
       3522      1.052    14.9843   2.921303     2.8193     2.7277     0.0048  0.1899841 0.0000e+00
       3523      1.019    14.9842   2.921325     2.8205     2.7277     0.0048  0.1904725 0.0000e+00
       3524      1.052    14.9845   2.921584     2.8217     2.7277     0.0048  0.1924261 0.0000e+00
       3525      1.077    14.9845   2.921601     2.8205     2.7277     0.0048  0.1938913 0.0000e+00
       3526      1.052    14.9848   2.921460     2.8193     2.7277     0.0048  0.1934029 0.0000e+00
       3527      1.077    14.9849   2.921383     2.8205     2.7277     0.0048  0.1938913 0.0000e+00
       3528      1.110    14.9848   2.921388     2.8217     2.7277     0.0048  0.1938913 0.0000e+00
       3529      1.019    14.9851   2.921379     2.8217     2.7277     0.0048  0.1938913 0.0000e+00
       3530      1.109    14.9848   2.921351     2.8205     2.7277     0.0048  0.1934029 0.0000e+00
       3531      1.076    14.9849   2.921461     2.8205     2.7277     0.0048  0.1934029 0.0000e+00
       3532      1.109    14.9857   2.921486     2.8205     2.7277     0.0048  0.1934029 0.0000e+00
       3533      1.019    14.9874   2.921652     2.8205     2.7277     0.0048  0.1934029 0.0000e+00
       3534      1.076    14.9879   2.921890     2.8217     2.7277     0.0048  0.1934029 0.0000e+00
       3535      1.052    14.9881   2.922078     2.8205     2.7277     0.0048  0.1938913 0.0000e+00
       3536      1.076    14.9876   2.922037     2.8205     2.7277     0.0048  0.1938913 0.0000e+00
       3537      1.109    14.9879   2.921968     2.8205     2.7277     0.0048  0.1929145 0.0000e+00
       3538      1.076    14.9884   2.921959     2.8217     2.7277     0.0048  0.1929145 0.0000e+00
       3539      1.109    14.9891   2.922104     2.8205     2.7277     0.0048  0.1938913 0.0000e+00
       3540      1.018    14.9894   2.922254     2.8205     2.7277     0.0048  0.1938913 0.0000e+00
       3541      1.109    14.9896   2.922369     2.8205     2.7277     0.0048  0.1938913 0.0000e+00
       3542      1.076    14.9894   2.922397     2.8205     2.7277     0.0048  0.1938913 0.0000e+00
       3543      1.051    14.9894   2.922314     2.8217     2.7277     0.0048  0.1938913 0.0000e+00
       3544      1.076    14.9893   2.922166     2.8205     2.7277     0.0048  0.1934029 0.0000e+00
       3545      1.051    14.9889   2.922142     2.8205     2.7277     0.0048  0.1938913 0.0000e+00
       3546      1.018    14.9888   2.922087     2.8205     2.7277     0.0048  0.1938913 0.0000e+00
       3547      1.109    14.9882   2.922107     2.8205     2.7277     0.0048  0.1938913 0.0000e+00
       3548      1.018    14.9871   2.922075     2.8217     2.7277     0.0048  0.1934029 0.0000e+00
       3549      1.051    14.9864   2.921996     2.8205     2.7289     0.0049  0.1924261 0.0000e+00
       3550      1.076    14.9857   2.921724     2.8193     2.7289     0.0051  0.1919377 0.0000e+00
       3551      1.051    14.9857   2.921603     2.8205     2.7289     0.0051  0.1919377 0.0000e+00
       3552      1.076    14.9851   2.921546     2.8205     2.7289     0.0051  0.1919377 0.0000e+00
       3553      1.051    14.9847   2.921616     2.8205     2.7289     0.0051  0.1919377 0.0000e+00
       3554      1.075    14.9841   2.921537     2.8205     2.7289     0.0051  0.1919377 0.0000e+00
       3555      1.108    14.9838   2.921438     2.8193     2.7289     0.0051  0.1919377 0.0000e+00
       3556      1.075    14.9839   2.921322     2.8193     2.7289     0.0051  0.1919377 0.0000e+00
       3557      1.108    14.9848   2.921392     2.8205     2.7289     0.0051  0.1919377 0.0000e+00
       3558      1.141    14.9866   2.921679     2.8205     2.7289     0.0051  0.1919377 0.0000e+00
       3559      1.075    14.9885   2.922033     2.8193     2.7289     0.0051  0.1919377 0.0000e+00
       3560      1.050    14.9903   2.922172     2.8193     2.7289     0.0051  0.1919377 0.0000e+00
       3561      1.141    14.9911   2.922351     2.8205     2.7289     0.0051  0.1919377 0.0000e+00
       3562      1.108    14.9908   2.922547     2.8205     2.7289     0.0051  0.1919377 0.0000e+00
       3563      1.075    14.9883   2.922417     2.8205     2.7289     0.0051  0.1919377 0.0000e+00
       3564      1.108    14.9858   2.922171     2.8193     2.7289     0.0051  0.1919377 0.0000e+00
       3565      1.017    14.9851   2.921861     2.8205     2.7289     0.0051  0.1919377 0.0000e+00
       3566      1.108    14.9850   2.921553     2.8193     2.7289     0.0051  0.1919377 0.0000e+00
       3567      1.075    14.9849   2.921338     2.8217     2.7289     0.0051  0.1919377 0.0000e+00
       3568      1.050    14.9848   2.921294     2.8205     2.7289     0.0051  0.1919377 0.0000e+00
       3569      1.075    14.9847   2.921377     2.8193     2.7289     0.0051  0.1919377 0.0000e+00
       3570      1.050    14.9848   2.921360     2.8205     2.7289     0.0051  0.1919377 0.0000e+00
       3571      1.075    14.9844   2.921299     2.8205     2.7289     0.0051  0.1919377 0.0000e+00
       3572      1.050    14.9833   2.921223     2.8217     2.7289     0.0051  0.1919377 0.0000e+00
       3573      1.017    14.9829   2.921162     2.8205     2.7289     0.0051  0.1919377 0.0000e+00
       3574      1.050    14.9833   2.921234     2.8205     2.7289     0.0051  0.1914493 0.0000e+00
       3575      1.075    14.9839   2.921243     2.8193     2.7289     0.0049  0.1904725 0.0000e+00
       3576      0.992    14.9845   2.921212     2.8205     2.7289     0.0049  0.1899841 0.0000e+00
       3577      1.074    14.9849   2.921126     2.8205     2.7289     0.0049  0.1899841 0.0000e+00
       3578      1.050    14.9850   2.921270     2.8205     2.7289     0.0049  0.1899841 0.0000e+00
       3579      1.017    14.9851   2.921325     2.8205     2.7289     0.0049  0.1899841 0.0000e+00
       3580      1.050    14.9850   2.921402     2.8193     2.7289     0.0049  0.1899841 0.0000e+00
       3581      1.017    14.9852   2.921386     2.8217     2.7289     0.0049  0.1899841 0.0000e+00
       3582      1.049    14.9850   2.921149     2.8217     2.7289     0.0049  0.1899841 0.0000e+00
       3583      1.016    14.9851   2.921243     2.8205     2.7289     0.0049  0.1899841 0.0000e+00
       3584      1.049    14.9848   2.921297     2.8205     2.7289     0.0049  0.1899841 0.0000e+00
       3585      1.074    14.9841   2.921333     2.8205     2.7289     0.0049  0.1899841 0.0000e+00
       3586      1.074    14.9843   2.921345     2.8230     2.7289     0.0049  0.1899841 0.0000e+00
       3587      1.049    14.9854   2.921288     2.8217     2.7289     0.0049  0.1899841 0.0000e+00
       3588      1.140    14.9853   2.921332     2.8205     2.7289     0.0049  0.1899841 0.0000e+00
       3589      1.049    14.9844   2.921467     2.8205     2.7289     0.0049  0.1899841 0.0000e+00
       3590      1.140    14.9831   2.921588     2.8217     2.7289     0.0049  0.1899841 0.0000e+00
       3591      1.049    14.9827   2.921443     2.8230     2.7289     0.0049  0.1899841 0.0000e+00
       3592      1.140    14.9838   2.921256     2.8230     2.7289     0.0049  0.1899841 0.0000e+00
       3593      1.107    14.9827   2.921164     2.8217     2.7289     0.0051  0.1899841 0.0000e+00
       3594      1.140    14.9821   2.921151     2.8205     2.7289     0.0049  0.1899841 0.0000e+00
       3595      1.107    14.9817   2.920962     2.8230     2.7289     0.0049  0.1899841 0.0000e+00
       3596      1.074    14.9813   2.920934     2.8254     2.7289     0.0049  0.1899841 0.0000e+00
       3597      1.107    14.9809   2.920851     2.8230     2.7302     0.0049  0.1899841 0.0000e+00
       3598      1.074    14.9820   2.920778     2.8217     2.7289     0.0049  0.1899841 0.0000e+00
       3599      1.106    14.9834   2.920937     2.8217     2.7289     0.0049  0.1899841 0.0000e+00
       3600      1.073    14.9843   2.921056     2.8230     2.7289     0.0049  0.1899841 0.0000e+00
       3601      1.106    14.9844   2.921051     2.8230     2.7289     0.0049  0.1899841 0.0000e+00
       3602      1.073    14.9840   2.920923     2.8230     2.7289     0.0049  0.1899841 0.0000e+00
       3603      1.049    14.9837   2.920966     2.8217     2.7289     0.0049  0.1899841 0.0000e+00
       3604      1.073    14.9837   2.920994     2.8230     2.7289     0.0049  0.1899841 0.0000e+00
       3605      1.049    14.9851   2.921038     2.8254     2.7289     0.0049  0.1899841 0.0000e+00
       3606      1.015    14.9868   2.921220     2.8242     2.7289     0.0049  0.1899841 0.0000e+00
       3607      1.048    14.9879   2.921543     2.8230     2.7289     0.0049  0.1899841 0.0000e+00
       3608      1.015    14.9882   2.921802     2.8230     2.7289     0.0049  0.1899841 0.0000e+00
       3609      0.991    14.9891   2.922026     2.8230     2.7289     0.0049  0.1899841 0.0000e+00
       3610      1.015    14.9889   2.922321     2.8254     2.7289     0.0049  0.1899841 0.0000e+00
       3611      0.958    14.9898   2.922408     2.8254     2.7289     0.0048  0.1899841 0.0000e+00
       3612      0.991    14.9904   2.922371     2.8242     2.7289     0.0049  0.1899841 0.0000e+00
       3613      1.015    14.9910   2.922439     2.8230     2.7289     0.0049  0.1899841 0.0000e+00
       3614      0.990    14.9919   2.922591     2.8254     2.7289     0.0049  0.1899841 0.0000e+00
       3615      0.957    14.9921   2.922675     2.8254     2.7289     0.0049  0.1899841 0.0000e+00
       3616      0.990    14.9923   2.922834     2.8254     2.7289     0.0049  0.1899841 0.0000e+00
       3617      0.957    14.9925   2.922939     2.8230     2.7289     0.0049  0.1899841 0.0000e+00
       3618      0.990    14.9927   2.922863     2.8230     2.7289     0.0049  0.1899841 0.0000e+00
       3619      1.015    14.9924   2.922703     2.8254     2.7289     0.0049  0.1899841 0.0000e+00
       3620      0.990    14.9923   2.922581     2.8254     2.7289     0.0049  0.1899841 0.0000e+00
       3621      1.015    14.9919   2.922652     2.8254     2.7289     0.0049  0.1899841 0.0000e+00
       3622      0.990    14.9915   2.922727     2.8230     2.7289     0.0049  0.1899841 0.0000e+00
       3623      0.957    14.9914   2.922760     2.8242     2.7289     0.0049  0.1899841 0.0000e+00
       3624      1.105    14.9911   2.922599     2.8254     2.7289     0.0049  0.1899841 0.0000e+00
       3625      1.072    14.9913   2.922610     2.8254     2.7289     0.0049  0.1899841 0.0000e+00
       3626      1.048    14.9911   2.922550     2.8254     2.7289     0.0048  0.1890073 0.0000e+00
       3627      1.072    14.9913   2.922621     2.8230     2.7289     0.0048  0.1885189 0.0000e+00
       3628      1.105    14.9915   2.922721     2.8254     2.7289     0.0048  0.1885189 0.0000e+00
       3629      1.072    14.9918   2.922744     2.8254     2.7289     0.0048  0.1885189 0.0000e+00
       3630      1.047    14.9921   2.922828     2.8254     2.7289     0.0048  0.1885189 0.0000e+00
       3631      1.072    14.9926   2.922873     2.8242     2.7289     0.0048  0.1885189 0.0000e+00
       3632      1.105    14.9933   2.922866     2.8242     2.7289     0.0048  0.1885189 0.0000e+00
       3633      1.072    14.9938   2.922999     2.8242     2.7289     0.0048  0.1885189 0.0000e+00
       3634      1.105    14.9938   2.923109     2.8254     2.7289     0.0048  0.1885189 0.0000e+00
       3635      1.072    14.9933   2.923107     2.8254     2.7302     0.0048  0.1885189 0.0000e+00
       3636      1.105    14.9935   2.923119     2.8242     2.7302     0.0048  0.1885189 0.0000e+00
       3637      1.072    14.9928   2.923061     2.8254     2.7302     0.0048  0.1885189 0.0000e+00
       3638      1.072    14.9923   2.923004     2.8242     2.7302     0.0048  0.1885189 0.0000e+00
       3639      1.047    14.9921   2.922723     2.8266     2.7302     0.0048  0.1885189 0.0000e+00
       3640      1.072    14.9914   2.922588     2.8254     2.7289     0.0048  0.1885189 0.0000e+00
       3641      1.047    14.9911   2.922719     2.8254     2.7302     0.0048  0.1885189 0.0000e+00
       3642      1.072    14.9903   2.922557     2.8254     2.7302     0.0048  0.1885189 0.0000e+00
       3643      1.047    14.9896   2.922318     2.8254     2.7302     0.0048  0.1885189 0.0000e+00
       3644      1.072    14.9889   2.922102     2.8266     2.7302     0.0048  0.1885189 0.0000e+00
       3645      0.989    14.9886   2.921985     2.8254     2.7302     0.0048  0.1885189 0.0000e+00
       3646      1.014    14.9882   2.921945     2.8254     2.7302     0.0048  0.1885189 0.0000e+00
       3647      1.047    14.9884   2.921874     2.8254     2.7302     0.0048  0.1885189 0.0000e+00
       3648      0.956    14.9889   2.921816     2.8266     2.7302     0.0048  0.1885189 0.0000e+00
       3649      1.047    14.9894   2.921867     2.8266     2.7302     0.0048  0.1885189 0.0000e+00
       3650      1.014    14.9898   2.921824     2.8254     2.7302     0.0048  0.1885189 0.0000e+00
       3651      0.989    14.9904   2.921976     2.8254     2.7302     0.0048  0.1904725 0.0000e+00
       3652      1.014    14.9906   2.922213     2.8254     2.7302     0.0049  0.1929145 0.0000e+00
       3653      1.046    14.9909   2.922192     2.8266     2.7314     0.0048  0.1934029 0.0000e+00
       3654      1.013    14.9906   2.922284     2.8266     2.7302     0.0049  0.1934029 0.0000e+00
       3655      1.046    14.9906   2.922449     2.8254     2.7302     0.0049  0.1934029 0.0000e+00
       3656      1.013    14.9908   2.922411     2.8254     2.7314     0.0049  0.1934029 0.0000e+00
       3657      1.046    14.9911   2.922423     2.8254     2.7302     0.0049  0.1934029 0.0000e+00
       3658      1.071    14.9908   2.922356     2.8266     2.7314     0.0049  0.1938913 0.0000e+00
       3659      1.046    14.9904   2.922245     2.8254     2.7302     0.0051  0.1934029 0.0000e+00
       3660      1.071    14.9903   2.921887     2.8254     2.7314     0.0049  0.1934029 0.0000e+00
       3661      1.170    14.9903   2.921700     2.8254     2.7314     0.0049  0.1938913 0.0000e+00
       3662      1.137    14.9894   2.921670     2.8254     2.7314     0.0049  0.1934029 0.0000e+00
       3663      1.137    14.9887   2.921480     2.8266     2.7314     0.0049  0.1938913 0.0000e+00
       3664      1.227    14.9879   2.921252     2.8254     2.7302     0.0049  0.1934029 0.0000e+00
       3665      1.194    14.9876   2.921158     2.8254     2.7302     0.0049  0.1938913 0.0000e+00
       3666      1.227    14.9872   2.921228     2.8242     2.7314     0.0049  0.1934029 0.0000e+00
       3667      1.318    14.9871   2.921205     2.8254     2.7302     0.0049  0.1938913 0.0000e+00
       3668      1.293    14.9867   2.921155     2.8266     2.7302     0.0049  0.1934029 0.0000e+00
       3669      1.318    14.9869   2.921079     2.8254     2.7302     0.0049  0.1934029 0.0000e+00
       3670      1.351    14.9876   2.921065     2.8254     2.7302     0.0049  0.1938913 0.0000e+00
       3671      1.375    14.9883   2.921128     2.8242     2.7302     0.0049  0.1934029 0.0000e+00
       3672      1.408    14.9887   2.921146     2.8254     2.7302     0.0049  0.1938913 0.0000e+00
       3673      1.499    14.9891   2.921230     2.8254     2.7302     0.0049  0.1938913 0.0000e+00
       3674      1.408    14.9892   2.921302     2.8254     2.7302     0.0049  0.1938913 0.0000e+00
       3675      1.499    14.9893   2.921253     2.8254     2.7302     0.0049  0.1938913 0.0000e+00
       3676      1.474    14.9896   2.921090     2.8254     2.7302     0.0051  0.1938913 0.0000e+00
       3677      1.565    14.9900   2.921019     2.8254     2.7302     0.0053  0.1914493 0.0000e+00
       3678      1.532    14.9903   2.921328     2.8254     2.7302     0.0053  0.1909609 0.0000e+00
       3679      1.622    14.9898   2.921463     2.8254     2.7302     0.0055  0.1909609 0.0000e+00
       3680      1.598    14.9897   2.921480     2.8242     2.7302     0.0055  0.1909609 0.0000e+00
