data/2021/ctd_data_day3/station9i_ctm_fil_le_der_avg.cnv
* Sea-Bird SBE 9 Data File:
* FileName = C:\Users\CTD-User\Desktop\MAR440\day3\station9i.hex
* Software Version Seasave V 7.26.2.13
* Temperature SN = 6313
* Conductivity SN = 4758
* Number of Bytes Per Scan = 37
* Number of Voltage Words = 4
* Number of Scans Averaged by the Deck Unit = 1
* NMEA Latitude = 58 20.28 N
* NMEA Longitude = 011 53.28 E
* NMEA UTC (Time) = Sep 23 2021 11:50:13
* NMEA baud rate = 4800
** Ship: Skagerrak
** Station: station9i
** Operator: Johan
# nquan = 13
# nvalues = 35                          
# units = specified
# name 0 = scan: Scan Count
# name 1 = prDM: Pressure, Digiquartz [db]
# name 2 = t090C: Temperature [ITS-90, deg C]
# name 3 = c0S/m: Conductivity [S/m]
# name 4 = sbeox0V: Oxygen raw, SBE 43 [V]
# name 5 = sbeox1V: Oxygen raw, SBE 43, 2 [V]
# name 6 = flECO-AFL: Fluorescence, WET Labs ECO-AFL/FL [mg/m^3]
# name 7 = upoly0: Upoly 0, Turbidity
# name 8 = depSM: Depth [salt water, m], lat = 58.338
# name 9 = sal00: Salinity, Practical [PSU]
# name 10 = sbeox0ML/L: Oxygen, SBE 43 [ml/l], WS = 2
# name 11 = sbeox1ML/L: Oxygen, SBE 43, 2 [ml/l], WS = 2
# name 12 = flag: flag
# span 0 =       1925,       5259       
# span 1 =      2.019,     36.341       
# span 2 =     7.9877,    15.4464       
# span 3 =   2.860606,   3.456907       
# span 4 =     0.4938,     2.7952       
# span 5 =     0.5551,     2.7114       
# span 6 =     0.0036,     0.0141       
# span 7 =  0.0886737,  0.2091492       
# span 8 =      2.000,     36.000       
# span 9 =    22.3318,    32.1122       
# span 10 =    -0.0754,     6.6445      
# span 11 =     0.2264,     5.6166      
# span 12 = 0.0000e+00, 0.0000e+00      
# interval = meters: 1                  
# start_time = Sep 23 2021 11:50:13 [NMEA time, header]
# bad_flag = -9.990e-29
*END*
       1925      2.019    14.9702   2.871299     2.3410     2.2536     0.0053  0.1911824      2.000    22.4286     5.4998     4.4416 0.0000e+00
       1972      3.028    14.9675   2.865833     2.3829     2.2486     0.0056  0.1964728      3.000    22.3829     5.6751     4.5950 0.0000e+00
       2016      4.038    14.9724   2.862766     2.3829     2.2672     0.0054  0.2015116      4.000    22.3534     5.5101     4.6168 0.0000e+00
       2061      5.047    14.9773   2.860606     2.3430     2.2498     0.0053  0.2012839      5.000    22.3318     5.3278     4.4778 0.0000e+00
       2107      6.056    14.9855   2.865503     2.2927     2.2026     0.0053  0.1982433      6.000    22.3690     5.1788     4.3343 0.0000e+00
       2154      7.066    14.9977   2.873558     2.2503     2.1685     0.0052  0.1948579      7.000    22.4309     5.0918     4.3157 0.0000e+00
       2201      8.075    15.0305   2.882247     2.2256     2.1745     0.0054  0.1919707      8.000    22.4865     5.0614     4.4307 0.0000e+00
       2248      9.085    15.0566   2.890313     2.2159     2.2184     0.0054  0.1819425      9.000    22.5405     5.0754     4.5814 0.0000e+00
       2519     10.094    15.1208   2.906279     2.3012     2.3201     0.0057  0.1721996     10.000    22.6404     5.3997     4.8164 0.0000e+00
       4115     11.104    15.4464   3.076700     2.7952     2.7114     0.0052  0.1623872     11.000    23.9082     6.6445     5.6166 0.0000e+00
       4159     12.113    15.2525   3.296212     2.7365     2.6455     0.0043  0.1144719     12.000    25.9310     6.0301     5.0114 0.0000e+00
       4204     13.122    14.2183   3.355286     2.4432     2.3153     0.0040  0.0935629     13.000    27.1536     4.4887     3.6700 0.0000e+00
       4250     14.132    12.8549   3.400092     2.0287     1.9112     0.0040  0.0911266     14.000    28.5564     3.2561     2.7524 0.0000e+00
       4296     15.141    12.0466   3.456907     1.6656     1.5772     0.0037  0.0897849     15.000    29.7140     2.4025     2.0858 0.0000e+00
       4343     16.151    11.0487   3.420689     1.3922     1.3334     0.0036  0.0886737     16.000    30.1689     1.9533     1.7534 0.0000e+00
       4389     17.160     9.7371   3.327028     1.2168     1.1729     0.0042  0.0950943     17.000    30.3277     1.5888     1.4064 0.0000e+00
       4434     18.170     8.8209   3.269531     1.0441     0.9932     0.0042  0.0944728     18.000    30.5199     0.9150     0.7776 0.0000e+00
       4479     19.179     8.1649   3.232867     0.8616     0.8101     0.0050  0.1020441     19.000    30.7060     0.4337     0.4320 0.0000e+00
       4526     20.189     7.9877   3.229263     0.7375     0.7042     0.0066  0.1279438     20.000    30.8231     0.3263     0.4022 0.0000e+00
       4572     21.198     8.0103   3.244625     0.6674     0.6529     0.0120  0.1872903     21.000    30.9650     0.2673     0.3852 0.0000e+00
       4618     22.208     8.0832   3.265214     0.6242     0.6257     0.0141  0.2091492     22.000    31.1174     0.2053     0.3630 0.0000e+00
       4664     23.217     8.1685   3.285466     0.5945     0.6097     0.0112  0.1704395     23.000    31.2547     0.1492     0.3433 0.0000e+00
       4709     24.227     8.2515   3.304860     0.5722     0.5988     0.0102  0.1371558     24.000    31.3846     0.1043     0.3253 0.0000e+00
       4755     25.236     8.3395   3.325374     0.5553     0.5908     0.0102  0.1215611     25.000    31.5212     0.0702     0.3108 0.0000e+00
       4801     26.246     8.4166   3.343894     0.5421     0.5847     0.0100  0.1145072     26.000    31.6461     0.0408     0.2977 0.0000e+00
       4847     27.255     8.4664   3.355607     0.5318     0.5796     0.0094  0.1122751     27.000    31.7237     0.0187     0.2860 0.0000e+00
       4893     28.265     8.5189   3.367585     0.5239     0.5753     0.0090  0.1114585     28.000    31.8015     0.0007     0.2754 0.0000e+00
       4938     29.274     8.5642   3.378419     0.5176     0.5716     0.0082  0.1115624     29.000    31.8736    -0.0142     0.2669 0.0000e+00
       4983     30.284     8.6083   3.388732     0.5123     0.5684     0.0071  0.1118786     30.000    31.9412    -0.0265     0.2590 0.0000e+00
       5029     31.293     8.6509   3.397992     0.5080     0.5656     0.0061  0.1122704     31.000    31.9990    -0.0379     0.2526 0.0000e+00
       5075     32.303     8.6921   3.406926     0.5040     0.5632     0.0054  0.1125372     32.000    32.0546    -0.0480     0.2462 0.0000e+00
       5120     33.312     8.7041   3.410715     0.5009     0.5609     0.0046  0.1131467     33.000    32.0828    -0.0542     0.2406 0.0000e+00
       5165     34.322     8.7005   3.411003     0.4984     0.5591     0.0045  0.1134886     34.000    32.0887    -0.0632     0.2367 0.0000e+00
       5210     35.331     8.7039   3.412373     0.4959     0.5572     0.0043  0.1137517     35.000    32.0995    -0.0680     0.2308 0.0000e+00
       5259     36.341     8.7093   3.414112     0.4938     0.5551     0.0040  0.1142184     36.000    32.1122    -0.0754     0.2264 0.0000e+00
