data/2021/ctd_data_day3/station2B_ctm_fil_le_der.cnv
* Sea-Bird SBE 9 Data File:
* FileName = C:\Users\CTD-User\Desktop\MAR440\day3\station2B.hex
* Software Version Seasave V 7.26.2.13
* Temperature SN = 6313
* Conductivity SN = 4758
* Number of Bytes Per Scan = 37
* Number of Voltage Words = 4
* Number of Scans Averaged by the Deck Unit = 1
* NMEA Latitude = 58 20.01 N
* NMEA Longitude = 011 52.53 E
* NMEA UTC (Time) = Sep 23 2021 08:43:00
* NMEA baud rate = 4800
** Ship: Skagerrak
** Station: station2B
** Operator: Eva
# nquan = 13                                
# nvalues = 5095                        
# units = specified
# name 0 = scan: Scan Count
# name 1 = prDM: Pressure, Digiquartz [db]
# name 2 = t090C: Temperature [ITS-90, deg C]
# name 3 = c0S/m: Conductivity [S/m]
# name 4 = sbeox0V: Oxygen raw, SBE 43 [V]
# name 5 = sbeox1V: Oxygen raw, SBE 43, 2 [V]
# name 6 = flECO-AFL: Fluorescence, WET Labs ECO-AFL/FL [mg/m^3]
# name 7 = upoly0: Upoly 0, Turbidity
# name 8 = depSM: Depth [salt water, m], lat = 58.3335
# name 9 = sal00: Salinity, Practical [PSU]
# name 10 = sbeox0ML/L: Oxygen, SBE 43 [ml/l], WS = 2
# name 11 = sbeox1ML/L: Oxygen, SBE 43, 2 [ml/l], WS = 2
# name 12 = flag: flag
# span 0 =          1,       5095       
# span 1 =      0.239,     45.258       
# span 2 =     7.9778,    15.7832       
# span 3 =   0.046579,   3.464316       
# span 4 =     0.4751,     3.1973       
# span 5 =     0.5341,     2.8012       
# span 6 =     0.0033,     0.0346       
# span 7 =  0.0805987,  0.2200974       
# span 8 =      0.237,     44.832       
# span 9 =     0.2918,    32.2432       
# span 10 =    -0.1326,     8.7774      
# span 11 =     0.1726,     7.1517      
# span 12 = 0.0000e+00, 0.0000e+00      
# interval = seconds: 0.0416667
# start_time = Sep 23 2021 08:43:00 [NMEA time, header]
# bad_flag = -9.990e-29
*END*
[from data line 3889]
       3890     29.957     8.6312   3.394046     0.5094     0.5680     0.0066  0.1121705     29.676    31.9763    -0.0352     0.2586 0.0000e+00
       3891     29.979     8.6323   3.394335     0.5093     0.5679     0.0066  0.1121814     29.698    31.9783    -0.0354     0.2583 0.0000e+00
       3892     30.002     8.6335   3.394619     0.5092     0.5678     0.0066  0.1121930     29.721    31.9801    -0.0358     0.2580 0.0000e+00
       3893     30.024     8.6346   3.394897     0.5091     0.5678     0.0066  0.1122044     29.743    31.9820    -0.0361     0.2579 0.0000e+00
       3894     30.046     8.6356   3.395170     0.5090     0.5677     0.0066  0.1122150     29.765    31.9840    -0.0364     0.2576 0.0000e+00
       3895     30.069     8.6367   3.395438     0.5089     0.5677     0.0066  0.1122248     29.787    31.9858    -0.0367     0.2576 0.0000e+00
       3896     30.091     8.6377   3.395700     0.5088     0.5676     0.0066  0.1122339     29.809    31.9876    -0.0370     0.2573 0.0000e+00
       3897     30.113     8.6387   3.395958     0.5087     0.5676     0.0066  0.1122424     29.831    31.9894    -0.0373     0.2573 0.0000e+00
       3898     30.135     8.6396   3.396210     0.5086     0.5675     0.0066  0.1122502     29.853    31.9912    -0.0376     0.2570 0.0000e+00
       3899     30.157     8.6406   3.396458     0.5085     0.5675     0.0066  0.1122575     29.875    31.9929    -0.0378     0.2569 0.0000e+00
       3900     30.180     8.6414   3.396700     0.5084     0.5674     0.0062  0.1122643     29.897    31.9947    -0.0381     0.2566 0.0000e+00
       3901     30.202     8.6423   3.396938     0.5083     0.5673     0.0059  0.1122706     29.919    31.9963    -0.0383     0.2563 0.0000e+00
       3902     30.224     8.6431   3.397169     0.5082     0.5673     0.0057  0.1122766     29.941    31.9980    -0.0386     0.2563 0.0000e+00
       3903     30.246     8.6438   3.397396     0.5081     0.5672     0.0057  0.1122822     29.963    31.9997    -0.0388     0.2560 0.0000e+00
       3904     30.267     8.6445   3.397617     0.5080     0.5672     0.0057  0.1122874     29.983    32.0014    -0.0390     0.2560 0.0000e+00
       3905     30.289     8.6452   3.397834     0.5079     0.5671     0.0057  0.1122924     30.005    32.0030    -0.0392     0.2557 0.0000e+00
       3906     30.311     8.6459   3.398046     0.5078     0.5670     0.0057  0.1122980     30.027    32.0046    -0.0394     0.2554 0.0000e+00
       3907     30.333     8.6468   3.398253     0.5077     0.5670     0.0057  0.1123051     30.049    32.0059    -0.0396     0.2554 0.0000e+00
       3908     30.355     8.6478   3.398456     0.5076     0.5669     0.0057  0.1123128     30.071    32.0071    -0.0398     0.2551 0.0000e+00
       3909     30.377     8.6487   3.398654     0.5075     0.5668     0.0057  0.1123205     30.092    32.0084    -0.0400     0.2548 0.0000e+00
       3910     30.398     8.6495   3.398847     0.5074     0.5667     0.0057  0.1123281     30.113    32.0097    -0.0402     0.2545 0.0000e+00
       3911     30.420     8.6503   3.399035     0.5073     0.5667     0.0057  0.1123357     30.135    32.0109    -0.0403     0.2545 0.0000e+00
       3912     30.442     8.6510   3.399218     0.5072     0.5666     0.0057  0.1123433     30.157    32.0122    -0.0405     0.2541 0.0000e+00
       3913     30.464     8.6517   3.399396     0.5071     0.5665     0.0057  0.1123511     30.179    32.0134    -0.0407     0.2539 0.0000e+00
       3914     30.486     8.6525   3.399569     0.5070     0.5665     0.0057  0.1123598     30.200    32.0145    -0.0408     0.2539 0.0000e+00
       3915     30.507     8.6534   3.399739     0.5069     0.5664     0.0057  0.1123705     30.221    32.0154    -0.0409     0.2536 0.0000e+00
       3916     30.529     8.6545   3.399906     0.5068     0.5663     0.0057  0.1123823     30.243    32.0162    -0.0411     0.2533 0.0000e+00
       3917     30.551     8.6555   3.400070     0.5067     0.5663     0.0057  0.1123945     30.265    32.0170    -0.0413     0.2533 0.0000e+00
       3918     30.572     8.6564   3.400230     0.5066     0.5662     0.0057  0.1124071     30.286    32.0178    -0.0414     0.2530 0.0000e+00
       3919     30.594     8.6574   3.400388     0.5065     0.5662     0.0057  0.1124203     30.307    32.0185    -0.0416     0.2530 0.0000e+00
       3920     30.615     8.6583   3.400543     0.5065     0.5661     0.0057  0.1124342     30.328    32.0193    -0.0414     0.2527 0.0000e+00
       3921     30.637     8.6591   3.400696     0.5064     0.5660     0.0057  0.1124496     30.350    32.0202    -0.0416     0.2524 0.0000e+00
       3922     30.659     8.6600   3.400845     0.5063     0.5660     0.0057  0.1124675     30.372    32.0209    -0.0417     0.2525 0.0000e+00
       3923     30.680     8.6608   3.400992     0.5062     0.5659     0.0057  0.1124873     30.393    32.0217    -0.0419     0.2522 0.0000e+00
       3924     30.702     8.6616   3.401136     0.5062     0.5658     0.0057  0.1125082     30.414    32.0225    -0.0418     0.2519 0.0000e+00
       3925     30.723     8.6623   3.401277     0.5061     0.5658     0.0057  0.1125303     30.435    32.0233    -0.0419     0.2519 0.0000e+00
       3926     30.745     8.6630   3.401417     0.5060     0.5657     0.0055  0.1125530     30.457    32.0242    -0.0422     0.2517 0.0000e+00
       3927     30.766     8.6637   3.401554     0.5059     0.5656     0.0055  0.1125747     30.478    32.0249    -0.0424     0.2514 0.0000e+00
       3928     30.788     8.6644   3.401690     0.5059     0.5656     0.0055  0.1125948     30.500    32.0257    -0.0423     0.2514 0.0000e+00
       3929     30.809     8.6651   3.401825     0.5058     0.5655     0.0055  0.1126132     30.520    32.0265    -0.0426     0.2512 0.0000e+00
       3930     30.831     8.6657   3.401959     0.5057     0.5655     0.0055  0.1126303     30.542    32.0273    -0.0429     0.2512 0.0000e+00
       3931     30.852     8.6663   3.402093     0.5057     0.5654     0.0053  0.1126461     30.563    32.0282    -0.0429     0.2510 0.0000e+00
       3932     30.873     8.6669   3.402227     0.5056     0.5653     0.0055  0.1126606     30.584    32.0290    -0.0432     0.2507 0.0000e+00
       3933     30.895     8.6675   3.402361     0.5055     0.5653     0.0055  0.1126741     30.606    32.0299    -0.0436     0.2508 0.0000e+00
       3934     30.916     8.6681   3.402495     0.5054     0.5652     0.0055  0.1126866     30.626    32.0307    -0.0439     0.2506 0.0000e+00
       3935     30.937     8.6686   3.402628     0.5054     0.5652     0.0055  0.1126982     30.647    32.0316    -0.0439     0.2506 0.0000e+00
       3936     30.958     8.6692   3.402762     0.5053     0.5651     0.0055  0.1127090     30.668    32.0325    -0.0442     0.2504 0.0000e+00
       3937     30.980     8.6697   3.402894     0.5052     0.5651     0.0055  0.1127190     30.690    32.0334    -0.0446     0.2504 0.0000e+00
       3938     31.001     8.6702   3.403027     0.5052     0.5650     0.0055  0.1127283     30.711    32.0343    -0.0446     0.2502 0.0000e+00
       3939     31.022     8.6707   3.403159     0.5051     0.5649     0.0055  0.1127371     30.731    32.0353    -0.0450     0.2500 0.0000e+00
       3940     31.043     8.6711   3.403290     0.5050     0.5649     0.0055  0.1127452     30.752    32.0362    -0.0454     0.2500 0.0000e+00
       3941     31.064     8.6716   3.403420     0.5049     0.5648     0.0055  0.1127529     30.773    32.0371    -0.0458     0.2498 0.0000e+00
       3942     31.085     8.6720   3.403549     0.5049     0.5648     0.0055  0.1127601     30.794    32.0381    -0.0459     0.2498 0.0000e+00
       3943     31.106     8.6724   3.403677     0.5048     0.5647     0.0055  0.1127669     30.815    32.0391    -0.0463     0.2496 0.0000e+00
       3944     31.127     8.6728   3.403802     0.5047     0.5646     0.0055  0.1127734     30.835    32.0400    -0.0467     0.2494 0.0000e+00
       3945     31.148     8.6732   3.403925     0.5046     0.5646     0.0055  0.1127796     30.856    32.0409    -0.0471     0.2494 0.0000e+00
       3946     31.169     8.6735   3.404047     0.5046     0.5645     0.0055  0.1127855     30.877    32.0419    -0.0472     0.2491 0.0000e+00
       3947     31.190     8.6738   3.404167     0.5045     0.5644     0.0055  0.1127912     30.898    32.0429    -0.0476     0.2489 0.0000e+00
       3948     31.211     8.6741   3.404285     0.5044     0.5644     0.0055  0.1127968     30.919    32.0439    -0.0480     0.2490 0.0000e+00
       3949     31.232     8.6743   3.404401     0.5043     0.5643     0.0055  0.1128021     30.939    32.0449    -0.0483     0.2487 0.0000e+00
       3950     31.253     8.6745   3.404515     0.5042     0.5643     0.0055  0.1128074     30.960    32.0459    -0.0487     0.2488 0.0000e+00
       3951     31.274     8.6747   3.404627     0.5041     0.5642     0.0053  0.1128126     30.981    32.0469    -0.0491     0.2485 0.0000e+00
       3952     31.295     8.6750   3.404738     0.5040     0.5641     0.0051  0.1128178     31.002    32.0477    -0.0494     0.2483 0.0000e+00
       3953     31.316     8.6756   3.404848     0.5038     0.5641     0.0051  0.1128230     31.023    32.0483    -0.0501     0.2483 0.0000e+00
       3954     31.337     8.6763   3.404958     0.5037     0.5640     0.0051  0.1128283     31.043    32.0488    -0.0504     0.2481 0.0000e+00
       3955     31.358     8.6770   3.405066     0.5036     0.5640     0.0051  0.1128336     31.064    32.0493    -0.0507     0.2481 0.0000e+00
       3956     31.379     8.6776   3.405172     0.5036     0.5639     0.0051  0.1128390     31.085    32.0499    -0.0507     0.2479 0.0000e+00
       3957     31.400     8.6783   3.405278     0.5035     0.5639     0.0051  0.1128446     31.106    32.0503    -0.0510     0.2479 0.0000e+00
       3958     31.421     8.6789   3.405381     0.5034     0.5639     0.0053  0.1128504     31.127    32.0509    -0.0513     0.2479 0.0000e+00
       3959     31.442     8.6794   3.405483     0.5033     0.5638     0.0051  0.1128564     31.147    32.0515    -0.0516     0.2477 0.0000e+00
       3960     31.463     8.6800   3.405584     0.5033     0.5638     0.0051  0.1128627     31.168    32.0520    -0.0515     0.2477 0.0000e+00
       3961     31.484     8.6805   3.405683     0.5032     0.5637     0.0051  0.1128693     31.189    32.0525    -0.0517     0.2475 0.0000e+00
       3962     31.505     8.6810   3.405781     0.5031     0.5637     0.0051  0.1128763     31.210    32.0531    -0.0520     0.2475 0.0000e+00
       3963     31.525     8.6815   3.405877     0.5030     0.5636     0.0051  0.1128837     31.230    32.0536    -0.0522     0.2473 0.0000e+00
       3964     31.546     8.6820   3.405972     0.5029     0.5636     0.0051  0.1128916     31.250    32.0542    -0.0525     0.2473 0.0000e+00
       3965     31.567     8.6824   3.406066     0.5028     0.5635     0.0051  0.1129000     31.271    32.0548    -0.0527     0.2471 0.0000e+00
       3966     31.588     8.6829   3.406157     0.5027     0.5634     0.0051  0.1129089     31.292    32.0553    -0.0530     0.2468 0.0000e+00
       3967     31.609     8.6833   3.406247     0.5027     0.5634     0.0051  0.1129185     31.313    32.0558    -0.0529     0.2469 0.0000e+00
       3968     31.630     8.6837   3.406335     0.5026     0.5633     0.0051  0.1129288     31.334    32.0564    -0.0531     0.2466 0.0000e+00
       3969     31.651     8.6841   3.406422     0.5025     0.5633     0.0051  0.1129399     31.354    32.0569    -0.0533     0.2466 0.0000e+00
       3970     31.672     8.6845   3.406507     0.5024     0.5632     0.0051  0.1129518     31.375    32.0574    -0.0535     0.2464 0.0000e+00
       3971     31.693     8.6848   3.406590     0.5023     0.5632     0.0051  0.1129647     31.396    32.0580    -0.0537     0.2464 0.0000e+00
       3972     31.714     8.6852   3.406672     0.5023     0.5631     0.0051  0.1129786     31.417    32.0585    -0.0535     0.2461 0.0000e+00
       3973     31.735     8.6855   3.406751     0.5022     0.5631     0.0051  0.1129937     31.438    32.0590    -0.0537     0.2461 0.0000e+00
       3974     31.756     8.6858   3.406829     0.5021     0.5630     0.0051  0.1130099     31.458    32.0596    -0.0539     0.2458 0.0000e+00
       3975     31.777     8.6861   3.406905     0.5021     0.5630     0.0051  0.1130275     31.479    32.0601    -0.0538     0.2458 0.0000e+00
       3976     31.798     8.6864   3.406979     0.5020     0.5629     0.0051  0.1130466     31.500    32.0606    -0.0539     0.2455 0.0000e+00
       3977     31.819     8.6867   3.407051     0.5019     0.5629     0.0049  0.1130673     31.521    32.0611    -0.0541     0.2455 0.0000e+00
       3978     31.840     8.6870   3.407122     0.5019     0.5628     0.0048  0.1130888     31.542    32.0615    -0.0540     0.2452 0.0000e+00
       3979     31.862     8.6872   3.407192     0.5018     0.5628     0.0048  0.1131098     31.563    32.0621    -0.0543     0.2452 0.0000e+00
       3980     31.883     8.6875   3.407260     0.5017     0.5627     0.0048  0.1131293     31.584    32.0625    -0.0545     0.2449 0.0000e+00
       3981     31.904     8.6878   3.407329     0.5017     0.5627     0.0048  0.1131476     31.605    32.0629    -0.0544     0.2448 0.0000e+00
       3982     31.925     8.6880   3.407396     0.5016     0.5626     0.0048  0.1131649     31.626    32.0634    -0.0546     0.2446 0.0000e+00
       3983     31.947     8.6883   3.407462     0.5015     0.5626     0.0048  0.1131811     31.648    32.0638    -0.0548     0.2446 0.0000e+00
       3984     31.968     8.6885   3.407527     0.5015     0.5625     0.0048  0.1131965     31.668    32.0643    -0.0547     0.2443 0.0000e+00
       3985     31.989     8.6887   3.407592     0.5014     0.5625     0.0048  0.1132111     31.689    32.0648    -0.0549     0.2443 0.0000e+00
       3986     32.010     8.6890   3.407658     0.5013     0.5624     0.0048  0.1132251     31.710    32.0652    -0.0551     0.2440 0.0000e+00
       3987     32.032     8.6892   3.407722     0.5012     0.5624     0.0048  0.1132385     31.732    32.0657    -0.0553     0.2440 0.0000e+00
       3988     32.053     8.6894   3.407785     0.5011     0.5623     0.0048  0.1132515     31.753    32.0662    -0.0555     0.2438 0.0000e+00
       3989     32.074     8.6897   3.407848     0.5011     0.5623     0.0048  0.1132641     31.773    32.0665    -0.0554     0.2438 0.0000e+00
       3990     32.096     8.6899   3.407910     0.5010     0.5622     0.0048  0.1132764     31.795    32.0670    -0.0557     0.2435 0.0000e+00
       3991     32.117     8.6901   3.407973     0.5009     0.5622     0.0048  0.1132885     31.816    32.0675    -0.0560     0.2435 0.0000e+00
       3992     32.139     8.6903   3.408035     0.5009     0.5621     0.0048  0.1133004     31.838    32.0679    -0.0559     0.2432 0.0000e+00
       3993     32.160     8.6906   3.408096     0.5008     0.5621     0.0048  0.1133124     31.859    32.0683    -0.0561     0.2432 0.0000e+00
       3994     32.182     8.6908   3.408156     0.5007     0.5620     0.0048  0.1133252     31.880    32.0687    -0.0564     0.2430 0.0000e+00
       3995     32.203     8.6910   3.408217     0.5006     0.5619     0.0048  0.1133399     31.901    32.0692    -0.0567     0.2427 0.0000e+00
       3996     32.225     8.6912   3.408278     0.5006     0.5619     0.0048  0.1133557     31.923    32.0696    -0.0567     0.2427 0.0000e+00
       3997     32.246     8.6914   3.408338     0.5005     0.5618     0.0048  0.1133718     31.944    32.0700    -0.0569     0.2424 0.0000e+00
       3998     32.268     8.6916   3.408398     0.5005     0.5618     0.0048  0.1133884     31.966    32.0705    -0.0569     0.2424 0.0000e+00
       3999     32.289     8.6918   3.408456     0.5004     0.5617     0.0048  0.1134055     31.986    32.0709    -0.0572     0.2421 0.0000e+00
       4000     32.311     8.6921   3.408516     0.5004     0.5617     0.0048  0.1134234     32.008    32.0712    -0.0571     0.2422 0.0000e+00
