data/2021/ctd_data_day3/station3c_ctm_fil_le_der.cnv
* Sea-Bird SBE 9 Data File:
* FileName = C:\Users\CTD-User\Desktop\MAR440\day3\station3c.hex
* Software Version Seasave V 7.26.2.13
* Temperature SN = 6313
* Conductivity SN = 4758
* Number of Bytes Per Scan = 37
* Number of Voltage Words = 4
* Number of Scans Averaged by the Deck Unit = 1
* NMEA Latitude = 58 19.70 N
* NMEA Longitude = 011 51.37 E
* NMEA UTC (Time) = Sep 23 2021 09:07:02
* NMEA baud rate = 4800
** Ship: Skagerrak
** Station: station3C
** Operator: Eva
# nquan = 13                                
# nvalues = 4697                        
# units = specified
# name 0 = scan: Scan Count
# name 1 = prDM: Pressure, Digiquartz [db]
# name 2 = t090C: Temperature [ITS-90, deg C]
# name 3 = c0S/m: Conductivity [S/m]
# name 4 = sbeox0V: Oxygen raw, SBE 43 [V]
# name 5 = sbeox1V: Oxygen raw, SBE 43, 2 [V]
# name 6 = flECO-AFL: Fluorescence, WET Labs ECO-AFL/FL [mg/m^3]
# name 7 = upoly0: Upoly 0, Turbidity
# name 8 = depSM: Depth [salt water, m], lat = 58.3283
# name 9 = sal00: Salinity, Practical [PSU]
# name 10 = sbeox0ML/L: Oxygen, SBE 43 [ml/l], WS = 2
# name 11 = sbeox1ML/L: Oxygen, SBE 43, 2 [ml/l], WS = 2
# name 12 = flag: flag
# span 0 =          1,       4697       
# span 1 =      0.749,     19.037       
# span 2 =     7.9937,    15.4890       
# span 3 =   2.901777,   3.455814       
# span 4 =     0.5983,     2.9333       
# span 5 =     0.6122,     2.6359       
# span 6 =     0.0038,     0.0258       
# span 7 =  0.0890841,  0.1655471       
# span 8 =      0.742,     18.859       
# span 9 =    22.6181,    30.8797       
# span 10 =     0.1777,     7.2012      
# span 11 =     0.3641,     5.5175      
# span 12 = 0.0000e+00, 0.0000e+00      
# interval = seconds: 0.0416667
# start_time = Sep 23 2021 09:07:02 [NMEA time, header]
# bad_flag = -9.990e-29
*END*
[from data line 889]
        890      4.818    15.0101   2.903434     2.1948     2.1922     0.0051  0.1592581      4.773    22.6813     5.0374     4.2461 -9.990e-29
        891      4.796    15.0143   2.903516     2.1948     2.1907     0.0051  0.1593183      4.751    22.6796     5.0437     4.2424 -9.990e-29
        892      4.774    15.0185   2.903597     2.1950     2.1892     0.0051  0.1593784      4.730    22.6778     5.0509     4.2388 -9.990e-29
        893      4.751    15.0225   2.903678     2.1951     2.1877     0.0051  0.1594388      4.707    22.6762     5.0579     4.2352 -9.990e-29
        894      4.729    15.0264   2.903759     2.1954     2.1863     0.0051  0.1594983      4.685    22.6747     5.0656     4.2320 -9.990e-29
        895      4.707    15.0302   2.903840     2.1957     2.1848     0.0051  0.1595563      4.663    22.6732     5.0735     4.2284 -9.990e-29
        896      4.684    15.0339   2.903921     2.1961     2.1833     0.0051  0.1596132      4.640    22.6718     5.0817     4.2250 -9.990e-29
        897      4.662    15.0374   2.904000     2.1965     2.1819     0.0051  0.1596704      4.619    22.6704     5.0901     4.2218 -9.990e-29
        898      4.640    15.0408   2.904079     2.1970     2.1804     0.0051  0.1597291      4.597    22.6691     5.0988     4.2184 -9.990e-29
        899      4.618    15.0441   2.904158     2.1976     2.1790     0.0049  0.1597871      4.575    22.6679     5.1078     4.2153 -9.990e-29
        900      4.595    15.0473   2.904235     2.1983     2.1776     0.0049  0.1598397      4.552    22.6667     5.1171     4.2122 -9.990e-29
        901      4.573    15.0503   2.904311     2.1991     2.1761     0.0049  0.1598848      4.530    22.6657     5.1268     4.2089 -9.990e-29
        902      4.551    15.0532   2.904387     2.1999     2.1747     0.0049  0.1599226      4.509    22.6647     5.1364     4.2059 -9.990e-29
        903      4.528    15.0560   2.904462     2.2008     2.1733     0.0049  0.1599535      4.486    22.6637     5.1462     4.2030 -9.990e-29
        904      4.506    15.0587   2.904537     2.2018     2.1719     0.0049  0.1599777      4.464    22.6628     5.1562     4.2000 -9.990e-29
        905      4.483    15.0614   2.904611     2.2029     2.1705     0.0049  0.1599944      4.441    22.6619     5.1664     4.1971 -9.990e-29
        906      4.461    15.0640   2.904686     2.2040     2.1691     0.0049  0.1600038      4.419    22.6610     5.1763     4.1943 -9.990e-29
        907      4.438    15.0665   2.904760     2.2052     2.1677     0.0049  0.1600067      4.397    22.6602     5.1865     4.1915 -9.990e-29
        908      4.416    15.0689   2.904833     2.2065     2.1664     0.0049  0.1600033      4.375    22.6595     5.1967     4.1889 -9.990e-29
        909      4.394    15.0713   2.904906     2.2079     2.1650     0.0049  0.1599944      4.353    22.6587     5.2070     4.1862 -9.990e-29
        910      4.371    15.0736   2.904977     2.2093     2.1637     0.0049  0.1599798      4.330    22.6580     5.2170     4.1837 -9.990e-29
        911      4.348    15.0757   2.905045     2.2107     2.1623     0.0049  0.1599586      4.308    22.6574     5.2268     4.1811 -9.990e-29
        912      4.326    15.0777   2.905112     2.2122     2.1610     0.0049  0.1599316      4.286    22.6568     5.2366     4.1787 -9.990e-29
        913      4.303    15.0796   2.905176     2.2138     2.1597     0.0049  0.1598994      4.263    22.6563     5.2464     4.1763 -9.990e-29
        914      4.280    15.0813   2.905237     2.2154     2.1583     0.0049  0.1598617      4.240    22.6558     5.2559     4.1737 -9.990e-29
        915      4.258    15.0830   2.905296     2.2170     2.1570     0.0049  0.1598175      4.218    22.6554     5.2650     4.1714 -9.990e-29
        916      4.235    15.0846   2.905353     2.2187     2.1557     0.0049  0.1597656      4.196    22.6549     5.2740     4.1691 -9.990e-29
        917      4.213    15.0862   2.905407     2.2204     2.1545     0.0049  0.1597065      4.174    22.6545     5.2827     4.1671 -9.990e-29
        918      4.190    15.0878   2.905460     2.2222     2.1532     0.0049  0.1596406      4.151    22.6540     5.2913     4.1648 -9.990e-29
        919      4.168    15.0894   2.905510     2.2240     2.1520     0.0049  0.1595667      4.129    22.6535     5.2994     4.1629 -9.990e-29
        920      4.145    15.0909   2.905557     2.2257     2.1507     0.0049  0.1594824      4.106    22.6531     5.3069     4.1606 -9.990e-29
        921      4.123    15.0925   2.905603     2.2276     2.1495     0.0049  0.1593864      4.085    22.6525     5.3146     4.1587 -9.990e-29
        922      4.100    15.0939   2.905646     2.2294     2.1483     0.0049  0.1592789      4.062    22.6521     5.3215     4.1567 -9.990e-29
        923      4.077    15.0954   2.905687     2.2312     2.1471     0.0049  0.1591607      4.039    22.6516     5.3280     4.1548 -9.990e-29
        924      4.055    15.0969   2.905727     2.2330     2.1459     0.0051  0.1590354      4.017    22.6511     5.3341     4.1529 -9.990e-29
        925      4.032    15.0983   2.905765     2.2349     2.1447     0.0051  0.1589114      3.994    22.6506     5.3401     4.1509 -9.990e-29
        926      4.009    15.0997   2.905802     2.2367     2.1436     0.0051  0.1587972      3.972    22.6501     5.3454     4.1492 -9.990e-29
        927      3.987    15.1011   2.905836     2.2385     2.1424     0.0051  0.1586962      3.950    22.6496     5.3503     4.1473 -9.990e-29
        928      3.964    15.1024   2.905869     2.2403     2.1413     0.0051  0.1586078      3.927    22.6492     5.3548     4.1456 -9.990e-29
        929      3.942    15.1037   2.905900     2.2421     2.1402     0.0051  0.1585295      3.905    22.6487     5.3590     4.1439 -9.990e-29
        930      3.919    15.1049   2.905930     2.2438     2.1391     0.0051  0.1584601      3.883    22.6483     5.3625     4.1422 -9.990e-29
        931      3.897    15.1061   2.905958     2.2456     2.1380     0.0051  0.1583990      3.861    22.6478     5.3659     4.1404 -9.990e-29
        932      3.874    15.1072   2.905985     2.2473     2.1369     0.0051  0.1583458      3.838    22.6474     5.3687     4.1387 -9.990e-29
        933      3.851    15.1083   2.906011     2.2490     2.1358     0.0051  0.1583011      3.815    22.6470     5.3712     4.1369 -9.990e-29
        934      3.829    15.1093   2.906034     2.2507     2.1348     0.0051  0.1582652      3.793    22.6466     5.3735     4.1354 -9.990e-29
        935      3.806    15.1102   2.906056     2.2523     2.1338     0.0051  0.1582372      3.771    22.6463     5.3752     4.1339 -9.990e-29
        936      3.784    15.1110   2.906075     2.2539     2.1327     0.0051  0.1582160      3.749    22.6460     5.3766     4.1320 -9.990e-29
        937      3.761    15.1117   2.906093     2.2555     2.1317     0.0051  0.1582014      3.726    22.6458     5.3777     4.1305 -9.990e-29
        938      3.738    15.1123   2.906109     2.2571     2.1307     0.0051  0.1581934      3.703    22.6456     5.3786     4.1289 -9.990e-29
        939      3.716    15.1127   2.906123     2.2586     2.1297     0.0051  0.1581918      3.681    22.6455     5.3791     4.1272 -9.990e-29
        940      3.693    15.1131   2.906134     2.2600     2.1287     0.0051  0.1581967      3.659    22.6454     5.3790     4.1255 -9.990e-29
        941      3.670    15.1133   2.906143     2.2615     2.1278     0.0051  0.1582090      3.636    22.6453     5.3791     4.1241 -9.990e-29
        942      3.648    15.1134   2.906149     2.2629     2.1268     0.0051  0.1582296      3.614    22.6453     5.3787     4.1223 -9.990e-29
        943      3.625    15.1134   2.906152     2.2642     2.1258     0.0051  0.1582577      3.591    22.6454     5.3779     4.1206 -9.990e-29
        944      3.602    15.1132   2.906151     2.2655     2.1249     0.0051  0.1582928      3.568    22.6455     5.3770     4.1191 -9.990e-29
        945      3.579    15.1129   2.906146     2.2668     2.1240     0.0051  0.1583350      3.546    22.6456     5.3759     4.1175 -9.990e-29
        946      3.556    15.1125   2.906138     2.2680     2.1230     0.0051  0.1583848      3.523    22.6458     5.3745     4.1157 -9.990e-29
        947      3.534    15.1120   2.906124     2.2691     2.1221     0.0051  0.1584423      3.501    22.6459     5.3727     4.1141 -9.990e-29
        948      3.511    15.1113   2.906106     2.2702     2.1212     0.0051  0.1585081      3.478    22.6462     5.3709     4.1125 -9.990e-29
        949      3.488    15.1104   2.906082     2.2713     2.1203     0.0053  0.1585816      3.456    22.6465     5.3690     4.1109 -9.990e-29
        950      3.465    15.1095   2.906054     2.2723     2.1193     0.0053  0.1586601      3.433    22.6468     5.3668     4.1090 -9.990e-29
        951      3.443    15.1083   2.906019     2.2733     2.1184     0.0055  0.1587391      3.411    22.6472     5.3645     4.1073 -9.990e-29
        952      3.420    15.1070   2.905977     2.2742     2.1175     0.0055  0.1588155      3.388    22.6476     5.3620     4.1057 -9.990e-29
        953      3.397    15.1056   2.905930     2.2751     2.1166     0.0055  0.1588900      3.365    22.6480     5.3594     4.1040 -9.990e-29
        954      3.374    15.1039   2.905875     2.2759     2.1157     0.0053  0.1589640      3.343    22.6485     5.3566     4.1023 -9.990e-29
        955      3.351    15.1020   2.905814     2.2767     2.1148     0.0055  0.1590370      3.320    22.6491     5.3537     4.1006 -9.990e-29
        956      3.328    15.0999   2.905746     2.2775     2.1139     0.0055  0.1591097      3.297    22.6497     5.3510     4.0989 -9.990e-29
        957      3.305    15.0977   2.905673     2.2782     2.1130     0.0055  0.1591833      3.274    22.6504     5.3480     4.0973 -9.990e-29
        958      3.282    15.0952   2.905594     2.2789     2.1121     0.0055  0.1592576      3.251    22.6511     5.3450     4.0956 -9.990e-29
        959      3.259    15.0925   2.905511     2.2795     2.1112     0.0055  0.1593322      3.229    22.6520     5.3418     4.0939 -9.990e-29
        960      3.237    15.0896   2.905422     2.2801     2.1103     0.0053  0.1594075      3.207    22.6529     5.3386     4.0922 -9.990e-29
        961      3.214    15.0864   2.905330     2.2806     2.1094     0.0055  0.1594843      3.184    22.6540     5.3353     4.0905 -9.990e-29
        962      3.191    15.0831   2.905235     2.2811     2.1085     0.0055  0.1595628      3.161    22.6551     5.3320     4.0889 -9.990e-29
        963      3.168    15.0796   2.905137     2.2816     2.1076     0.0055  0.1596439      3.139    22.6562     5.3288     4.0873 -9.990e-29
        964      3.145    15.0759   2.905036     2.2820     2.1067     0.0055  0.1597279      3.116    22.6575     5.3254     4.0856 -9.990e-29
        965      3.122    15.0722   2.904934     2.2824     2.1058     0.0055  0.1598154      3.093    22.6588     5.3220     4.0840 -9.990e-29
        966      3.099    15.0682   2.904830     2.2828     2.1049     0.0055  0.1599072      3.070    22.6602     5.3188     4.0825 -9.990e-29
        967      3.076    15.0641   2.904725     2.2831     2.1041     0.0055  0.1600037      3.047    22.6617     5.3154     4.0812 -9.990e-29
        968      3.054    15.0598   2.904620     2.2834     2.1032     0.0055  0.1601058      3.026    22.6633     5.3121     4.0797 -9.990e-29
        969      3.031    15.0552   2.904516     2.2836     2.1023     0.0055  0.1602140      3.003    22.6650     5.3086     4.0782 -9.990e-29
        970      3.008    15.0502   2.904411     2.2839     2.1014     0.0055  0.1603292      2.980    22.6670     5.3055     4.0768 -9.990e-29
        971      2.985    15.0450   2.904306     2.2840     2.1006     0.0055  0.1604522      2.957    22.6691     5.3019     4.0757 -9.990e-29
        972      2.962    15.0393   2.904203     2.2842     2.0997     0.0055  0.1605837      2.934    22.6715     5.2988     4.0744 -9.990e-29
        973      2.939    15.0333   2.904100     2.2843     2.0989     0.0055  0.1607248      2.912    22.6741     5.2955     4.0734 -9.990e-29
        974      2.916    15.0268   2.903998     2.2844     2.0980     0.0055  0.1608764      2.889    22.6770     5.2923     4.0722 -9.990e-29
        975      2.893    15.0201   2.903898     2.2844     2.0972     0.0053  0.1610353      2.866    22.6800     5.2889     4.0713 -9.990e-29
        976      2.870    15.0131   2.903799     2.2844     2.0964     0.0053  0.1611907      2.843    22.6832     5.2857     4.0704 -9.990e-29
        977      2.847    15.0059   2.903702     2.2844     2.0956     0.0053  0.1613318      2.821    22.6866     5.2825     4.0696 -9.990e-29
        978      2.824    14.9985   2.903608     2.2844     2.0947     0.0053  0.1614546      2.798    22.6900     5.2795     4.0686 -9.990e-29
        979      2.801    14.9912   2.903517     2.2843     2.0939     0.0053  0.1615597      2.775    22.6935     5.2763     4.0679 -9.990e-29
        980      2.778    14.9838   2.903428     2.2843     2.0931     0.0053  0.1616498      2.752    22.6970     5.2734     4.0672 -9.990e-29
        981      2.755    14.9766   2.903342     2.2842     2.0923     0.0053  0.1617262      2.729    22.7004     5.2703     4.0665 -9.990e-29
        982      2.733    14.9696   2.903260     2.2840     2.0915     0.0053  0.1617896      2.708    22.7038     5.2671     4.0659 -9.990e-29
        983      2.709    14.9629   2.903181     2.2839     2.0907     0.0053  0.1618402      2.684    22.7070     5.2642     4.0652 -9.990e-29
        984      2.686    14.9565   2.903106     2.2837     2.0899     0.0053  0.1618786      2.661    22.7101     5.2610     4.0646 -9.990e-29
        985      2.664    14.9504   2.903036     2.2835     2.0892     0.0053  0.1619049      2.639    22.7130     5.2579     4.0643 -9.990e-29
        986      2.641    14.9447   2.902969     2.2833     2.0884     0.0053  0.1619193      2.616    22.7157     5.2549     4.0637 -9.990e-29
        987      2.618    14.9394   2.902907     2.2830     2.0877     0.0053  0.1619219      2.594    22.7183     5.2516     4.0633 -9.990e-29
        988      2.595    14.9347   2.902849     2.2827     2.0869     0.0053  0.1619129      2.571    22.7205     5.2483     4.0627 -9.990e-29
        989      2.572    14.9304   2.902796     2.2824     2.0862     0.0053  0.1618920      2.548    22.7226     5.2451     4.0623 -9.990e-29
        990      2.549    14.9267   2.902748     2.2821     2.0855     0.0053  0.1618591      2.525    22.7243     5.2419     4.0620 -9.990e-29
        991      2.526    14.9235   2.902705     2.2818     2.0848     0.0053  0.1618141      2.503    22.7258     5.2387     4.0616 -9.990e-29
        992      2.503    14.9209   2.902666     2.2815     2.0842     0.0053  0.1617566      2.480    22.7270     5.2356     4.0614 -9.990e-29
        993      2.481    14.9189   2.902633     2.2811     2.0835     0.0053  0.1616861      2.458    22.7278     5.2321     4.0610 -9.990e-29
        994      2.458    14.9174   2.902604     2.2807     2.0828     0.0053  0.1616023      2.435    22.7285     5.2287     4.0606 -9.990e-29
        995      2.435    14.9165   2.902580     2.2803     2.0822     0.0053  0.1615045      2.412    22.7288     5.2254     4.0604 -9.990e-29
        996      2.413    14.9161   2.902562     2.2799     2.0816     0.0053  0.1613921      2.391    22.7289     5.2220     4.0602 -9.990e-29
        997      2.390    14.9163   2.902548     2.2795     2.0810     0.0053  0.1612642      2.368    22.7286     5.2187     4.0599 -9.990e-29
        998      2.368    14.9171   2.902538     2.2791     2.0804     0.0053  0.1611200      2.346    22.7281     5.2153     4.0596 -9.990e-29
        999      2.345    14.9184   2.902533     2.2786     2.0798     0.0053  0.1609585      2.323    22.7273     5.2117     4.0593 -9.990e-29
       1000      2.323    14.9202   2.902530     2.2782     2.0792     0.0053  0.1607803      2.301    22.7262     5.2084     4.0590 -9.990e-29
