data/2021/ctd_data_day3/station5e_ctm.cnv
* Sea-Bird SBE 9 Data File:
* FileName = C:\Users\CTD-User\Desktop\MAR440\day3\station5e.hex
* Software Version Seasave V 7.26.2.13
* Temperature SN = 6313
* Conductivity SN = 4758
* Number of Bytes Per Scan = 37
* Number of Voltage Words = 4
* Number of Scans Averaged by the Deck Unit = 1
* NMEA Latitude = 58 19.40 N
* NMEA Longitude = 011 49.94 E
* NMEA UTC (Time) = Sep 23 2021 10:10:37
* NMEA baud rate = 4800
** Ship: Skagerrak
** Station: station5e
** Operator: Tor
# nquan = 9
# nvalues = 1576                        
# units = specified
# name 0 = scan: Scan Count
# name 1 = prDM: Pressure, Digiquartz [db]
# name 2 = t090C: Temperature [ITS-90, deg C]
# name 3 = c0S/m: Conductivity [S/m]
# name 4 = sbeox0V: Oxygen raw, SBE 43 [V]
# name 5 = sbeox1V: Oxygen raw, SBE 43, 2 [V]
# name 6 = flECO-AFL: Fluorescence, WET Labs ECO-AFL/FL [mg/m^3]
# name 7 = upoly0: Upoly 0, Turbidity
# name 8 = flag:  0.000e+00
# span 0 =          1,       1576       
# span 1 =      0.371,     15.362       
# span 2 =    13.2968,    15.3463       
# span 3 =   2.947884,   3.442681       
# span 4 =     1.3980,     2.7974       
# span 5 =     1.4432,     2.7058       
# span 6 =     0.0040,     0.0090       
# span 7 =  0.0913272,  0.1601917       
# span 8 = 0.0000e+00, 0.0000e+00       
# interval = seconds: 0.0416667
# start_time = Sep 23 2021 10:10:37 [NMEA time, header]
# bad_flag = -9.990e-29
*END*
[from data line 961]
        962      4.213    14.9070   2.948807     2.7864     2.6765     0.0064  0.1523773 0.0000e+00
        963      4.180    14.9077   2.948777     2.7888     2.6765     0.0064  0.1518889 0.0000e+00
        964      4.180    14.9102   2.948858     2.7912     2.6765     0.0062  0.1523773 0.0000e+00
        965      4.213    14.9138   2.949022     2.7888     2.6765     0.0064  0.1523773 0.0000e+00
        966      4.238    14.9163   2.948933     2.7876     2.6765     0.0064  0.1523773 0.0000e+00
        967      4.279    14.9181   2.949077     2.7876     2.6753     0.0064  0.1523773 0.0000e+00
        968      4.304    14.9204   2.949213     2.7912     2.6765     0.0064  0.1523773 0.0000e+00
        969      4.361    14.9216   2.949235     2.7900     2.6765     0.0064  0.1518889 0.0000e+00
        970      4.337    14.9217   2.949295     2.7888     2.6753     0.0064  0.1523773 0.0000e+00
        971      4.304    14.9213   2.949113     2.7888     2.6753     0.0064  0.1523773 0.0000e+00
        972      4.402    14.9209   2.949182     2.7888     2.6753     0.0064  0.1523773 0.0000e+00
        973      4.427    14.9205   2.949291     2.7900     2.6753     0.0064  0.1523773 0.0000e+00
        974      4.402    14.9199   2.949229     2.7900     2.6753     0.0064  0.1523773 0.0000e+00
        975      4.427    14.9181   2.949172     2.7888     2.6753     0.0064  0.1523773 0.0000e+00
        976      4.485    14.9151   2.949178     2.7888     2.6753     0.0064  0.1523773 0.0000e+00
        977      4.518    14.9114   2.948921     2.7888     2.6753     0.0064  0.1523773 0.0000e+00
        978      4.485    14.9097   2.948914     2.7900     2.6753     0.0064  0.1523773 0.0000e+00
        979      4.518    14.9126   2.948998     2.7888     2.6753     0.0064  0.1523773 0.0000e+00
        980      4.551    14.9172   2.949066     2.7888     2.6753     0.0068  0.1543309 0.0000e+00
        981      4.551    14.9216   2.949281     2.7888     2.6753     0.0068  0.1553077 0.0000e+00
        982      4.641    14.9222   2.949207     2.7900     2.6753     0.0068  0.1553077 0.0000e+00
        983      4.608    14.9188   2.949265     2.7912     2.6753     0.0068  0.1553077 0.0000e+00
        984      4.641    14.9163   2.949255     2.7912     2.6753     0.0068  0.1553077 0.0000e+00
        985      4.608    14.9145   2.948952     2.7888     2.6753     0.0068  0.1553077 0.0000e+00
        986      4.707    14.9146   2.949057     2.7888     2.6753     0.0068  0.1553077 0.0000e+00
        987      4.732    14.9168   2.949099     2.7912     2.6753     0.0068  0.1553077 0.0000e+00
        988      4.666    14.9193   2.949153     2.7912     2.6753     0.0068  0.1553077 0.0000e+00
        989      4.765    14.9212   2.949242     2.7888     2.6753     0.0068  0.1548193 0.0000e+00
        990      4.732    14.9221   2.949252     2.7888     2.6753     0.0066  0.1553077 0.0000e+00
        991      4.823    14.9220   2.949263     2.7888     2.6753     0.0068  0.1553077 0.0000e+00
        992      4.790    14.9195   2.949258     2.7912     2.6753     0.0068  0.1548193 0.0000e+00
        993      4.855    14.9158   2.949145     2.7912     2.6753     0.0068  0.1553077 0.0000e+00
        994      4.822    14.9117   2.949113     2.7912     2.6753     0.0068  0.1553077 0.0000e+00
        995      4.855    14.9089   2.949070     2.7888     2.6753     0.0068  0.1553077 0.0000e+00
        996      4.946    14.9070   2.949068     2.7900     2.6753     0.0066  0.1553077 0.0000e+00
        997      4.913    14.9057   2.949047     2.7912     2.6753     0.0068  0.1553077 0.0000e+00
        998      4.913    14.9042   2.948954     2.7912     2.6753     0.0068  0.1553077 0.0000e+00
        999      4.946    14.9035   2.948924     2.7900     2.6753     0.0068  0.1553077 0.0000e+00
       1000      4.971    14.9027   2.949103     2.7912     2.6753     0.0068  0.1553077 0.0000e+00
       1001      5.012    14.9019   2.948962     2.7900     2.6753     0.0068  0.1553077 0.0000e+00
       1002      5.037    14.9013   2.949010     2.7925     2.6765     0.0068  0.1553077 0.0000e+00
       1003      5.037    14.9007   2.949075     2.7912     2.6765     0.0068  0.1553077 0.0000e+00
       1004      5.070    14.9003   2.949035     2.7900     2.6765     0.0068  0.1553077 0.0000e+00
       1005      5.094    14.8999   2.949084     2.7912     2.6765     0.0066  0.1553077 0.0000e+00
       1006      5.136    14.8999   2.949128     2.7912     2.6765     0.0066  0.1553077 0.0000e+00
       1007      5.094    14.8998   2.949134     2.7925     2.6753     0.0066  0.1557961 0.0000e+00
       1008      5.160    14.8995   2.949090     2.7912     2.6765     0.0066  0.1557961 0.0000e+00
       1009      5.193    14.8992   2.948978     2.7900     2.6765     0.0066  0.1557961 0.0000e+00
       1010      5.218    14.8991   2.949061     2.7900     2.6765     0.0066  0.1557961 0.0000e+00
       1011      5.193    14.8991   2.949189     2.7925     2.6765     0.0064  0.1557961 0.0000e+00
       1012      5.218    14.8989   2.949067     2.7925     2.6765     0.0066  0.1557961 0.0000e+00
       1013      5.284    14.8986   2.949061     2.7912     2.6765     0.0066  0.1557961 0.0000e+00
       1014      5.317    14.8988   2.949040     2.7912     2.6765     0.0066  0.1557961 0.0000e+00
       1015      5.284    14.8984   2.948978     2.7912     2.6765     0.0066  0.1557961 0.0000e+00
       1016      5.374    14.8987   2.949052     2.7937     2.6765     0.0066  0.1557961 0.0000e+00
       1017      5.341    14.8986   2.948980     2.7925     2.6765     0.0066  0.1557961 0.0000e+00
       1018      5.341    14.8986   2.949002     2.7912     2.6765     0.0066  0.1557961 0.0000e+00
       1019      5.440    14.8984   2.949107     2.7912     2.6765     0.0066  0.1557961 0.0000e+00
       1020      5.399    14.8986   2.948948     2.7912     2.6765     0.0066  0.1557961 0.0000e+00
       1021      5.440    14.8983   2.949053     2.7925     2.6765     0.0066  0.1557961 0.0000e+00
       1022      5.465    14.8984   2.949131     2.7925     2.6765     0.0066  0.1557961 0.0000e+00
       1023      5.465    14.8984   2.949032     2.7912     2.6765     0.0066  0.1557961 0.0000e+00
       1024      5.498    14.8983   2.949142     2.7912     2.6765     0.0066  0.1557961 0.0000e+00
       1025      5.523    14.8984   2.949094     2.7912     2.6765     0.0066  0.1557961 0.0000e+00
       1026      5.564    14.8984   2.949095     2.7937     2.6765     0.0066  0.1557961 0.0000e+00
       1027      5.589    14.8984   2.949111     2.7925     2.6765     0.0066  0.1557961 0.0000e+00
       1028      5.589    14.8984   2.949074     2.7925     2.6765     0.0066  0.1557961 0.0000e+00
       1029      5.622    14.8986   2.949097     2.7912     2.6765     0.0066  0.1557961 0.0000e+00
       1030      5.646    14.8986   2.949157     2.7925     2.6765     0.0066  0.1553077 0.0000e+00
       1031      5.622    14.8986   2.949065     2.7937     2.6765     0.0068  0.1543309 0.0000e+00
       1032      5.704    14.8989   2.949132     2.7925     2.6765     0.0068  0.1533541 0.0000e+00
       1033      5.646    14.8991   2.949112     2.7912     2.6765     0.0068  0.1538425 0.0000e+00
       1034      5.745    14.8989   2.949171     2.7912     2.6765     0.0068  0.1538425 0.0000e+00
       1035      5.770    14.8991   2.949201     2.7937     2.6765     0.0066  0.1538425 0.0000e+00
       1036      5.770    14.8989   2.949079     2.7937     2.6765     0.0068  0.1538425 0.0000e+00
       1037      5.803    14.8989   2.949262     2.7925     2.6765     0.0068  0.1538425 0.0000e+00
       1038      5.770    14.8989   2.949300     2.7912     2.6765     0.0068  0.1538425 0.0000e+00
       1039      5.869    14.8987   2.949179     2.7925     2.6765     0.0068  0.1538425 0.0000e+00
       1040      5.827    14.8984   2.949205     2.7937     2.6765     0.0068  0.1538425 0.0000e+00
       1041      5.893    14.8984   2.949168     2.7937     2.6765     0.0068  0.1538425 0.0000e+00
       1042      5.926    14.8986   2.949207     2.7925     2.6765     0.0068  0.1538425 0.0000e+00
       1043      5.893    14.8986   2.949230     2.7912     2.6765     0.0068  0.1538425 0.0000e+00
       1044      5.926    14.8986   2.949231     2.7925     2.6765     0.0068  0.1538425 0.0000e+00
       1045      5.951    14.8984   2.949231     2.7937     2.6777     0.0068  0.1538425 0.0000e+00
       1046      6.017    14.8983   2.949374     2.7925     2.6777     0.0068  0.1538425 0.0000e+00
       1047      5.984    14.8984   2.949258     2.7912     2.6777     0.0068  0.1538425 0.0000e+00
       1048      6.017    14.8984   2.949325     2.7925     2.6777     0.0068  0.1538425 0.0000e+00
       1049      6.075    14.8986   2.949354     2.7925     2.6777     0.0068  0.1538425 0.0000e+00
       1050      6.050    14.8986   2.949216     2.7937     2.6777     0.0068  0.1538425 0.0000e+00
       1051      6.132    14.8986   2.949404     2.7925     2.6777     0.0068  0.1538425 0.0000e+00
       1052      6.108    14.8984   2.949278     2.7912     2.6777     0.0068  0.1538425 0.0000e+00
       1053      6.132    14.8984   2.949311     2.7912     2.6777     0.0068  0.1538425 0.0000e+00
       1054      6.132    14.8981   2.949403     2.7925     2.6777     0.0068  0.1538425 0.0000e+00
       1055      6.173    14.8983   2.949240     2.7925     2.6777     0.0068  0.1533541 0.0000e+00
       1056      6.198    14.8983   2.949345     2.7912     2.6777     0.0068  0.1543309 0.0000e+00
       1057      6.231    14.8984   2.949357     2.7912     2.6777     0.0068  0.1553077 0.0000e+00
       1058      6.256    14.8986   2.949226     2.7912     2.6777     0.0068  0.1557961 0.0000e+00
       1059      6.256    14.8987   2.949370     2.7925     2.6777     0.0068  0.1557961 0.0000e+00
       1060      6.297    14.8987   2.949309     2.7925     2.6777     0.0068  0.1553077 0.0000e+00
       1061      6.256    14.8986   2.949221     2.7912     2.6777     0.0068  0.1557961 0.0000e+00
       1062      6.379    14.8986   2.949250     2.7912     2.6777     0.0068  0.1557961 0.0000e+00
       1063      6.297    14.8987   2.949250     2.7912     2.6777     0.0068  0.1557961 0.0000e+00
       1064      6.379    14.8987   2.949262     2.7925     2.6777     0.0068  0.1557961 0.0000e+00
       1065      6.412    14.8989   2.949224     2.7925     2.6777     0.0068  0.1557961 0.0000e+00
       1066      6.437    14.8988   2.949197     2.7912     2.6777     0.0068  0.1553077 0.0000e+00
       1067      6.437    14.8987   2.949224     2.7912     2.6789     0.0068  0.1557961 0.0000e+00
       1068      6.478    14.8987   2.949307     2.7912     2.6777     0.0068  0.1557961 0.0000e+00
       1069      6.437    14.8987   2.949198     2.7937     2.6789     0.0068  0.1557961 0.0000e+00
       1070      6.503    14.8981   2.949322     2.7925     2.6789     0.0068  0.1553077 0.0000e+00
       1071      6.536    14.8975   2.949293     2.7912     2.6789     0.0068  0.1557961 0.0000e+00
       1072      6.561    14.8972   2.949303     2.7912     2.6789     0.0068  0.1557961 0.0000e+00
       1073      6.536    14.8969   2.949357     2.7912     2.6789     0.0068  0.1553077 0.0000e+00
       1074      6.627    14.8969   2.949209     2.7937     2.6789     0.0068  0.1557961 0.0000e+00
       1075      6.561    14.8964   2.949295     2.7925     2.6789     0.0068  0.1557961 0.0000e+00
       1076      6.660    14.8960   2.949278     2.7912     2.6789     0.0068  0.1557961 0.0000e+00
       1077      6.627    14.8958   2.949179     2.7912     2.6789     0.0068  0.1557961 0.0000e+00
       1078      6.684    14.8960   2.949213     2.7925     2.6801     0.0068  0.1557961 0.0000e+00
       1079      6.725    14.8959   2.949279     2.7937     2.6801     0.0068  0.1557961 0.0000e+00
       1080      6.684    14.8960   2.949186     2.7925     2.6801     0.0068  0.1553077 0.0000e+00
       1081      6.725    14.8959   2.949274     2.7912     2.6801     0.0068  0.1557961 0.0000e+00
       1082      6.742    14.8958   2.949236     2.7912     2.6801     0.0068  0.1572613 0.0000e+00
       1083      6.808    14.8959   2.949292     2.7937     2.6801     0.0068  0.1582381 0.0000e+00
       1084      6.783    14.8960   2.949337     2.7937     2.6801     0.0068  0.1582381 0.0000e+00
       1085      6.865    14.8962   2.949250     2.7925     2.6801     0.0068  0.1582381 0.0000e+00
       1086      6.808    14.8959   2.949354     2.7912     2.6801     0.0068  0.1582381 0.0000e+00
       1087      6.907    14.8959   2.949381     2.7925     2.6801     0.0068  0.1582381 0.0000e+00
       1088      6.865    14.8960   2.949233     2.7937     2.6801     0.0068  0.1577497 0.0000e+00
       1089      6.931    14.8957   2.949304     2.7937     2.6814     0.0068  0.1582381 0.0000e+00
       1090      6.907    14.8957   2.949310     2.7912     2.6814     0.0068  0.1582381 0.0000e+00
       1091      6.931    14.8959   2.949234     2.7912     2.6814     0.0068  0.1582381 0.0000e+00
       1092      7.030    14.8957   2.949356     2.7912     2.6814     0.0068  0.1582381 0.0000e+00
       1093      6.989    14.8958   2.949262     2.7937     2.6814     0.0068  0.1582381 0.0000e+00
       1094      6.989    14.8957   2.949317     2.7925     2.6814     0.0068  0.1577497 0.0000e+00
       1095      7.030    14.8959   2.949435     2.7925     2.6814     0.0068  0.1582381 0.0000e+00
       1096      7.055    14.8962   2.949237     2.7925     2.6814     0.0068  0.1582381 0.0000e+00
       1097      7.113    14.8960   2.949304     2.7925     2.6814     0.0068  0.1582381 0.0000e+00
       1098      7.088    14.8957   2.949374     2.7949     2.6814     0.0068  0.1582381 0.0000e+00
       1099      7.113    14.8958   2.949298     2.7925     2.6814     0.0068  0.1582381 0.0000e+00
       1100      7.170    14.8960   2.949332     2.7912     2.6814     0.0068  0.1582381 0.0000e+00
       1101      7.146    14.8960   2.949338     2.7925     2.6814     0.0068  0.1582381 0.0000e+00
       1102      7.170    14.8959   2.949282     2.7937     2.6814     0.0068  0.1582381 0.0000e+00
       1103      7.212    14.8959   2.949372     2.7949     2.6814     0.0068  0.1582381 0.0000e+00
       1104      7.236    14.8958   2.949289     2.7925     2.6814     0.0068  0.1582381 0.0000e+00
       1105      7.236    14.8959   2.949366     2.7925     2.6826     0.0068  0.1582381 0.0000e+00
       1106      7.269    14.8960   2.949510     2.7925     2.6826     0.0068  0.1582381 0.0000e+00
       1107      7.294    14.8962   2.949385     2.7949     2.6826     0.0068  0.1582381 0.0000e+00
       1108      7.294    14.8964   2.949453     2.7961     2.6826     0.0068  0.1597033 0.0000e+00
       1109      7.335    14.8966   2.949542     2.7937     2.6826     0.0068  0.1601917 0.0000e+00
       1110      7.360    14.8966   2.949426     2.7937     2.6826     0.0068  0.1601917 0.0000e+00
       1111      7.360    14.8969   2.949527     2.7937     2.6826     0.0068  0.1601917 0.0000e+00
       1112      7.459    14.8969   2.949544     2.7961     2.6826     0.0068  0.1597033 0.0000e+00
       1113      7.417    14.8971   2.949484     2.7961     2.6838     0.0068  0.1601917 0.0000e+00
       1114      7.417    14.8971   2.949633     2.7937     2.6838     0.0068  0.1601917 0.0000e+00
       1115      7.459    14.8971   2.949552     2.7937     2.6838     0.0068  0.1597033 0.0000e+00
       1116      7.541    14.8974   2.949558     2.7937     2.6838     0.0068  0.1601917 0.0000e+00
       1117      7.459    14.8974   2.949745     2.7949     2.6838     0.0068  0.1601917 0.0000e+00
       1118      7.541    14.8981   2.949539     2.7949     2.6838     0.0068  0.1601917 0.0000e+00
       1119      7.541    14.8979   2.949655     2.7937     2.6838     0.0068  0.1601917 0.0000e+00
       1120      7.574    14.8978   2.949473     2.7937     2.6838     0.0068  0.1601917 0.0000e+00
