data/2021/ctd_data_day3/station8H_ctm.cnv
* Sea-Bird SBE 9 Data File:
* FileName = C:\Users\CTD-User\Desktop\MAR440\day3\station8H.hex
* Software Version Seasave V 7.26.2.13
* Temperature SN = 6313
* Conductivity SN = 4758
* Number of Bytes Per Scan = 37
* Number of Voltage Words = 4
* Number of Scans Averaged by the Deck Unit = 1
* NMEA Latitude = 58 19.26 N
* NMEA Longitude = 011 49.42 E
* NMEA UTC (Time) = Sep 23 2021 11:26:46
* NMEA baud rate = 4800
** Ship: Skagerrak
** Station: station8H
** Operator: Emma
# nquan = 9
# nvalues = 2851                        
# units = specified
# name 0 = scan: Scan Count
# name 1 = prDM: Pressure, Digiquartz [db]
# name 2 = t090C: Temperature [ITS-90, deg C]
# name 3 = c0S/m: Conductivity [S/m]
# name 4 = sbeox0V: Oxygen raw, SBE 43 [V]
# name 5 = sbeox1V: Oxygen raw, SBE 43, 2 [V]
# name 6 = flECO-AFL: Fluorescence, WET Labs ECO-AFL/FL [mg/m^3]
# name 7 = upoly0: Upoly 0, Turbidity
# name 8 = flag:  0.000e+00
# span 0 =          1,       2851       
# span 1 =      1.324,     23.210       
# span 2 =    13.0135,    15.5436       
# span 3 =   2.901842,   3.766424       
# span 4 =     1.0902,     2.7985       
# span 5 =     1.1220,     2.7021       
# span 6 =     0.0037,     0.0104       
# span 7 =  0.0893736,  0.1548193       
# span 8 = 0.0000e+00, 0.0000e+00       
# interval = seconds: 0.0416667
# start_time = Sep 23 2021 11:26:46 [NMEA time, header]
# bad_flag = -9.990e-29
*END*
[from data line 1441]
       1442      1.421    14.9209   2.952332     2.7387     2.6520     0.0064  0.1455397 0.0000e+00
       1443      1.363    14.9211   2.952359     2.7387     2.6520     0.0064  0.1455397 0.0000e+00
       1444      1.454    14.9214   2.951958     2.7399     2.6520     0.0064  0.1455397 0.0000e+00
       1445      1.363    14.9216   2.951203     2.7424     2.6532     0.0064  0.1455397 0.0000e+00
       1446      1.396    14.9214   2.950899     2.7424     2.6532     0.0064  0.1455397 0.0000e+00
       1447      1.420    14.9213   2.951719     2.7424     2.6545     0.0064  0.1455397 0.0000e+00
       1448      1.330    14.9211   2.952356     2.7424     2.6545     0.0064  0.1455397 0.0000e+00
       1449      1.363    14.9207   2.952492     2.7436     2.6545     0.0064  0.1455397 0.0000e+00
       1450      1.330    14.9208   2.952349     2.7460     2.6557     0.0064  0.1455397 0.0000e+00
       1451      1.363    14.9205   2.952303     2.7472     2.6557     0.0062  0.1455397 0.0000e+00
       1452      1.330    14.9204   2.952390     2.7448     2.6557     0.0064  0.1455397 0.0000e+00
       1453      1.362    14.9205   2.952373     2.7448     2.6569     0.0064  0.1455397 0.0000e+00
       1454      1.329    14.9203   2.952206     2.7472     2.6569     0.0064  0.1455397 0.0000e+00
       1455      1.420    14.9204   2.952289     2.7485     2.6569     0.0064  0.1455397 0.0000e+00
       1456      1.329    14.9205   2.952349     2.7472     2.6569     0.0064  0.1455397 0.0000e+00
       1457      1.362    14.9205   2.952376     2.7472     2.6569     0.0064  0.1455397 0.0000e+00
       1458      1.329    14.9206   2.952365     2.7485     2.6581     0.0064  0.1455397 0.0000e+00
       1459      1.420    14.9207   2.952337     2.7497     2.6581     0.0064  0.1455397 0.0000e+00
       1460      1.329    14.9205   2.952347     2.7521     2.6581     0.0064  0.1450513 0.0000e+00
       1461      1.362    14.9204   2.952374     2.7497     2.6581     0.0064  0.1455397 0.0000e+00
       1462      1.395    14.9201   2.952377     2.7497     2.6581     0.0064  0.1455397 0.0000e+00
       1463      1.362    14.9201   2.952338     2.7521     2.6593     0.0064  0.1455397 0.0000e+00
       1464      1.362    14.9201   2.952261     2.7521     2.6593     0.0064  0.1455397 0.0000e+00
       1465      1.395    14.9198   2.952237     2.7534     2.6593     0.0064  0.1450513 0.0000e+00
       1466      1.362    14.9199   2.952341     2.7521     2.6593     0.0066  0.1450513 0.0000e+00
       1467      1.395    14.9197   2.952258     2.7521     2.6593     0.0066  0.1450513 0.0000e+00
       1468      1.362    14.9197   2.952146     2.7521     2.6606     0.0066  0.1450513 0.0000e+00
       1469      1.395    14.9198   2.952207     2.7546     2.6606     0.0066  0.1450513 0.0000e+00
       1470      1.362    14.9197   2.952179     2.7546     2.6606     0.0066  0.1450513 0.0000e+00
       1471      1.395    14.9199   2.952151     2.7534     2.6606     0.0066  0.1450513 0.0000e+00
       1472      1.362    14.9199   2.952134     2.7546     2.6618     0.0066  0.1450513 0.0000e+00
       1473      1.452    14.9200   2.952250     2.7546     2.6606     0.0066  0.1450513 0.0000e+00
       1474      1.362    14.9201   2.952212     2.7570     2.6618     0.0066  0.1450513 0.0000e+00
       1475      1.394    14.9199   2.952094     2.7570     2.6606     0.0066  0.1450513 0.0000e+00
       1476      1.361    14.9201   2.952116     2.7558     2.6630     0.0066  0.1450513 0.0000e+00
       1477      1.452    14.9199   2.952209     2.7570     2.6630     0.0066  0.1450513 0.0000e+00
       1478      1.361    14.9199   2.952187     2.7570     2.6606     0.0066  0.1450513 0.0000e+00
       1479      1.394    14.9199   2.952141     2.7595     2.6630     0.0066  0.1450513 0.0000e+00
       1480      1.361    14.9200   2.952246     2.7582     2.6642     0.0066  0.1450513 0.0000e+00
       1481      1.394    14.9202   2.952268     2.7570     2.6642     0.0066  0.1450513 0.0000e+00
       1482      1.419    14.9205   2.952131     2.7570     2.6630     0.0066  0.1450513 0.0000e+00
       1483      1.394    14.9214   2.952261     2.7595     2.6630     0.0066  0.1450513 0.0000e+00
       1484      1.361    14.9211   2.952320     2.7619     2.6630     0.0066  0.1450513 0.0000e+00
       1485      1.419    14.9212   2.952353     2.7595     2.6654     0.0066  0.1450513 0.0000e+00
       1486      1.394    14.9212   2.952270     2.7595     2.6654     0.0066  0.1450513 0.0000e+00
       1487      1.361    14.9218   2.951786     2.7582     2.6642     0.0066  0.1450513 0.0000e+00
       1488      1.394    14.9224   2.951325     2.7607     2.6654     0.0066  0.1450513 0.0000e+00
       1489      1.419    14.9224   2.951380     2.7619     2.6654     0.0066  0.1450513 0.0000e+00
       1490      1.394    14.9229   2.951712     2.7619     2.6642     0.0066  0.1450513 0.0000e+00
       1491      1.361    14.9230   2.952236     2.7595     2.6654     0.0066  0.1455397 0.0000e+00
       1492      1.394    14.9234   2.952022     2.7607     2.6654     0.0068  0.1460281 0.0000e+00
       1493      1.361    14.9236   2.952755     2.7619     2.6667     0.0068  0.1455397 0.0000e+00
       1494      1.394    14.9231   2.953122     2.7619     2.6667     0.0068  0.1460281 0.0000e+00
       1495      1.418    14.9232   2.953165     2.7607     2.6667     0.0068  0.1460281 0.0000e+00
       1496      1.393    14.9232   2.953005     2.7619     2.6667     0.0068  0.1460281 0.0000e+00
       1497      1.360    14.9231   2.952993     2.7619     2.6667     0.0068  0.1460281 0.0000e+00
       1498      1.393    14.9232   2.953049     2.7631     2.6679     0.0068  0.1460281 0.0000e+00
       1499      1.418    14.9232   2.953081     2.7619     2.6679     0.0068  0.1460281 0.0000e+00
       1500      1.393    14.9232   2.953064     2.7619     2.6679     0.0068  0.1460281 0.0000e+00
       1501      1.418    14.9232   2.953080     2.7607     2.6679     0.0068  0.1460281 0.0000e+00
       1502      1.393    14.9233   2.953151     2.7631     2.6679     0.0068  0.1460281 0.0000e+00
       1503      1.360    14.9234   2.953234     2.7631     2.6679     0.0068  0.1460281 0.0000e+00
       1504      1.451    14.9231   2.953039     2.7631     2.6691     0.0068  0.1460281 0.0000e+00
       1505      1.360    14.9228   2.952933     2.7619     2.6691     0.0068  0.1460281 0.0000e+00
       1506      1.418    14.9228   2.952938     2.7619     2.6691     0.0068  0.1460281 0.0000e+00
       1507      1.327    14.9226   2.952981     2.7631     2.6691     0.0068  0.1460281 0.0000e+00
       1508      1.418    14.9224   2.952936     2.7643     2.6691     0.0068  0.1460281 0.0000e+00
       1509      1.393    14.9221   2.952873     2.7631     2.6691     0.0068  0.1460281 0.0000e+00
       1510      1.418    14.9216   2.952860     2.7631     2.6691     0.0066  0.1460281 0.0000e+00
       1511      1.393    14.9219   2.952833     2.7631     2.6691     0.0068  0.1460281 0.0000e+00
       1512      1.360    14.9220   2.952766     2.7643     2.6691     0.0068  0.1460281 0.0000e+00
       1513      1.393    14.9226   2.952851     2.7643     2.6691     0.0068  0.1460281 0.0000e+00
       1514      1.417    14.9226   2.952928     2.7643     2.6691     0.0068  0.1460281 0.0000e+00
       1515      1.393    14.9232   2.952941     2.7631     2.6691     0.0068  0.1460281 0.0000e+00
       1516      1.417    14.9236   2.953091     2.7643     2.6691     0.0068  0.1460281 0.0000e+00
       1517      1.393    14.9236   2.953200     2.7656     2.6691     0.0071  0.1470049 0.0000e+00
       1518      1.359    14.9238   2.953223     2.7643     2.6691     0.0071  0.1470049 0.0000e+00
       1519      1.392    14.9236   2.953133     2.7643     2.6691     0.0071  0.1470049 0.0000e+00
       1520      1.359    14.9239   2.953151     2.7643     2.6691     0.0071  0.1470049 0.0000e+00
       1521      1.392    14.9236   2.953248     2.7643     2.6703     0.0071  0.1470049 0.0000e+00
       1522      1.417    14.9236   2.953254     2.7668     2.6691     0.0071  0.1470049 0.0000e+00
       1523      1.392    14.9233   2.953136     2.7668     2.6703     0.0070  0.1470049 0.0000e+00
       1524      1.359    14.9231   2.953019     2.7656     2.6703     0.0071  0.1470049 0.0000e+00
       1525      1.392    14.9232   2.953036     2.7656     2.6703     0.0071  0.1465165 0.0000e+00
       1526      1.359    14.9232   2.953090     2.7668     2.6703     0.0071  0.1470049 0.0000e+00
       1527      1.359    14.9233   2.953018     2.7680     2.6703     0.0071  0.1470049 0.0000e+00
       1528      1.392    14.9236   2.953036     2.7668     2.6703     0.0071  0.1470049 0.0000e+00
       1529      1.359    14.9236   2.953134     2.7668     2.6716     0.0071  0.1470049 0.0000e+00
       1530      1.392    14.9238   2.953179     2.7668     2.6703     0.0071  0.1470049 0.0000e+00
       1531      1.359    14.9239   2.953146     2.7668     2.6703     0.0071  0.1470049 0.0000e+00
       1532      1.392    14.9239   2.953217     2.7680     2.6716     0.0071  0.1470049 0.0000e+00
       1533      1.359    14.9238   2.953177     2.7680     2.6703     0.0071  0.1470049 0.0000e+00
       1534      1.392    14.9240   2.953261     2.7680     2.6716     0.0071  0.1470049 0.0000e+00
       1535      1.359    14.9243   2.953194     2.7680     2.6716     0.0071  0.1470049 0.0000e+00
       1536      1.392    14.9239   2.953176     2.7692     2.6716     0.0071  0.1470049 0.0000e+00
       1537      1.416    14.9242   2.953227     2.7692     2.6716     0.0071  0.1470049 0.0000e+00
       1538      1.391    14.9241   2.953358     2.7680     2.6716     0.0071  0.1470049 0.0000e+00
       1539      1.416    14.9243   2.953260     2.7680     2.6716     0.0071  0.1470049 0.0000e+00
       1540      1.325    14.9241   2.953230     2.7680     2.6716     0.0071  0.1470049 0.0000e+00
       1541      1.416    14.9240   2.953280     2.7704     2.6716     0.0071  0.1470049 0.0000e+00
       1542      1.449    14.9239   2.953312     2.7704     2.6716     0.0071  0.1479817 0.0000e+00
       1543      1.416    14.9241   2.953218     2.7692     2.6716     0.0071  0.1484701 0.0000e+00
       1544      1.391    14.9238   2.953162     2.7692     2.6716     0.0071  0.1484701 0.0000e+00
       1545      1.416    14.9238   2.953155     2.7692     2.6716     0.0071  0.1484701 0.0000e+00
       1546      1.449    14.9238   2.953189     2.7717     2.6716     0.0071  0.1484701 0.0000e+00
       1547      1.358    14.9236   2.953083     2.7717     2.6716     0.0071  0.1484701 0.0000e+00
       1548      1.416    14.9233   2.953125     2.7704     2.6703     0.0071  0.1484701 0.0000e+00
       1549      1.449    14.9232   2.953129     2.7717     2.6716     0.0071  0.1484701 0.0000e+00
       1550      1.358    14.9234   2.953075     2.7717     2.6716     0.0071  0.1484701 0.0000e+00
       1551      1.449    14.9235   2.952965     2.7729     2.6716     0.0071  0.1484701 0.0000e+00
       1552      1.416    14.9232   2.952968     2.7717     2.6716     0.0071  0.1484701 0.0000e+00
       1553      1.391    14.9234   2.953084     2.7717     2.6716     0.0071  0.1479817 0.0000e+00
       1554      1.415    14.9234   2.953035     2.7717     2.6716     0.0071  0.1484701 0.0000e+00
       1555      1.448    14.9230   2.952966     2.7729     2.6716     0.0071  0.1484701 0.0000e+00
       1556      1.415    14.9232   2.953038     2.7741     2.6716     0.0071  0.1484701 0.0000e+00
       1557      1.391    14.9231   2.953022     2.7741     2.6716     0.0071  0.1484701 0.0000e+00
       1558      1.415    14.9230   2.953026     2.7741     2.6716     0.0071  0.1484701 0.0000e+00
       1559      1.390    14.9228   2.952909     2.7741     2.6716     0.0071  0.1484701 0.0000e+00
       1560      1.415    14.9229   2.953014     2.7741     2.6716     0.0071  0.1484701 0.0000e+00
       1561      1.390    14.9229   2.953041     2.7753     2.6716     0.0071  0.1484701 0.0000e+00
       1562      1.357    14.9232   2.952926     2.7741     2.6716     0.0071  0.1484701 0.0000e+00
       1563      1.448    14.9231   2.952936     2.7741     2.6716     0.0071  0.1484701 0.0000e+00
       1564      1.357    14.9231   2.953035     2.7766     2.6703     0.0071  0.1484701 0.0000e+00
       1565      1.390    14.9232   2.953096     2.7766     2.6716     0.0071  0.1484701 0.0000e+00
       1566      1.357    14.9236   2.953113     2.7766     2.6703     0.0071  0.1484701 0.0000e+00
       1567      1.390    14.9234   2.953013     2.7766     2.6716     0.0070  0.1484701 0.0000e+00
       1568      1.357    14.9236   2.952980     2.7753     2.6703     0.0066  0.1479817 0.0000e+00
       1569      1.415    14.9236   2.953096     2.7753     2.6703     0.0066  0.1479817 0.0000e+00
       1570      1.324    14.9238   2.953140     2.7778     2.6703     0.0066  0.1479817 0.0000e+00
       1571      1.415    14.9241   2.953124     2.7766     2.6716     0.0066  0.1479817 0.0000e+00
       1572      1.324    14.9239   2.953074     2.7753     2.6703     0.0066  0.1479817 0.0000e+00
       1573      1.415    14.9240   2.953140     2.7766     2.6716     0.0066  0.1479817 0.0000e+00
       1574      1.390    14.9238   2.953067     2.7766     2.6703     0.0066  0.1479817 0.0000e+00
       1575      1.357    14.9238   2.953012     2.7778     2.6716     0.0066  0.1479817 0.0000e+00
       1576      1.390    14.9236   2.953043     2.7778     2.6716     0.0066  0.1479817 0.0000e+00
       1577      1.357    14.9232   2.953114     2.7766     2.6716     0.0066  0.1479817 0.0000e+00
       1578      1.389    14.9232   2.953096     2.7766     2.6716     0.0066  0.1479817 0.0000e+00
       1579      1.414    14.9231   2.952981     2.7778     2.6716     0.0066  0.1479817 0.0000e+00
       1580      1.389    14.9233   2.953008     2.7778     2.6716     0.0066  0.1479817 0.0000e+00
       1581      1.414    14.9232   2.953046     2.7778     2.6716     0.0066  0.1479817 0.0000e+00
       1582      1.389    14.9232   2.952991     2.7778     2.6716     0.0066  0.1479817 0.0000e+00
       1583      1.356    14.9232   2.952930     2.7766     2.6716     0.0066  0.1479817 0.0000e+00
       1584      1.447    14.9234   2.953040     2.7790     2.6716     0.0066  0.1479817 0.0000e+00
       1585      1.414    14.9234   2.953018     2.7814     2.6716     0.0066  0.1479817 0.0000e+00
       1586      1.389    14.9232   2.952995     2.7778     2.6716     0.0066  0.1479817 0.0000e+00
       1587      1.414    14.9233   2.952956     2.7778     2.6716     0.0066  0.1479817 0.0000e+00
       1588      1.389    14.9229   2.953043     2.7778     2.6716     0.0066  0.1479817 0.0000e+00
       1589      1.414    14.9231   2.952927     2.7814     2.6716     0.0066  0.1479817 0.0000e+00
       1590      1.414    14.9230   2.952904     2.7790     2.6716     0.0066  0.1479817 0.0000e+00
       1591      1.389    14.9228   2.952930     2.7790     2.6716     0.0066  0.1479817 0.0000e+00
       1592      1.471    14.9228   2.952936     2.7778     2.6716     0.0066  0.1479817 0.0000e+00
       1593      1.389    14.9226   2.952874     2.7790     2.6716     0.0066  0.1465165 0.0000e+00
       1594      1.413    14.9232   2.952920     2.7814     2.6716     0.0066  0.1460281 0.0000e+00
       1595      1.446    14.9231   2.952958     2.7814     2.6716     0.0066  0.1460281 0.0000e+00
       1596      1.413    14.9232   2.953046     2.7790     2.6728     0.0066  0.1460281 0.0000e+00
       1597      1.446    14.9233   2.952975     2.7790     2.6728     0.0066  0.1460281 0.0000e+00
       1598      1.413    14.9234   2.953041     2.7790     2.6728     0.0066  0.1460281 0.0000e+00
       1599      1.446    14.9232   2.953056     2.7814     2.6728     0.0066  0.1460281 0.0000e+00
       1600      1.471    14.9231   2.952985     2.7814     2.6728     0.0066  0.1460281 0.0000e+00
