data/2021/ctd_data_day3/station2B_ctm_fil_le_der_avg.cnv
* Sea-Bird SBE 9 Data File:
* FileName = C:\Users\CTD-User\Desktop\MAR440\day3\station2B.hex
* Software Version Seasave V 7.26.2.13
* Temperature SN = 6313
* Conductivity SN = 4758
* Number of Bytes Per Scan = 37
* Number of Voltage Words = 4
* Number of Scans Averaged by the Deck Unit = 1
* NMEA Latitude = 58 20.01 N
* NMEA Longitude = 011 52.53 E
* NMEA UTC (Time) = Sep 23 2021 08:43:00
* NMEA baud rate = 4800
** Ship: Skagerrak
** Station: station2B
** Operator: Eva
# nquan = 13
# nvalues = 41                          
# units = specified
# name 0 = scan: Scan Count
# name 1 = prDM: Pressure, Digiquartz [db]
# name 2 = t090C: Temperature [ITS-90, deg C]
# name 3 = c0S/m: Conductivity [S/m]
# name 4 = sbeox0V: Oxygen raw, SBE 43 [V]
# name 5 = sbeox1V: Oxygen raw, SBE 43, 2 [V]
# name 6 = flECO-AFL: Fluorescence, WET Labs ECO-AFL/FL [mg/m^3]
# name 7 = upoly0: Upoly 0, Turbidity
# name 8 = depSM: Depth [salt water, m], lat = 58.3335
# name 9 = sal00: Salinity, Practical [PSU]
# name 10 = sbeox0ML/L: Oxygen, SBE 43 [ml/l], WS = 2
# name 11 = sbeox1ML/L: Oxygen, SBE 43, 2 [ml/l], WS = 2
# name 12 = flag: flag
# span 0 =       1479,       4464       
# span 1 =      2.019,     42.399       
# span 2 =     7.9904,    15.6751       
# span 3 =   2.924190,   3.456637       
# span 4 =     0.4838,     2.4602       
# span 5 =     0.5456,     2.4424       
# span 6 =     0.0035,     0.0143       
# span 7 =  0.0886519,  0.2157944       
# span 8 =      2.000,     42.000       
# span 9 =    22.6928,    32.2192       
# span 10 =    -0.1048,     5.3431      
# span 11 =     0.2024,     4.8438      
# span 12 = 0.0000e+00, 0.0000e+00      
# interval = meters: 1                  
# start_time = Sep 23 2021 08:43:00 [NMEA time, header]
# bad_flag = -9.990e-29
*END*
       1479      2.019    15.2066   2.929483     2.1381     2.2620     0.0053  0.1694714      2.000    22.7920     4.7784     4.5784 0.0000e+00
       1528      3.028    15.1965   2.925762     2.1162     2.2492     0.0053  0.1646206      3.000    22.7657     4.6907     4.5142 0.0000e+00
       1579      4.038    15.1907   2.924605     2.0904     2.2824     0.0051  0.1520403      4.000    22.7589     4.6190     4.7618 0.0000e+00
       1629      5.047    15.2172   2.924190     2.0721     2.3439     0.0051  0.1483522      5.000    22.7397     4.5916     4.8438 0.0000e+00
       1678      6.056    15.2374   2.924363     2.0664     2.3551     0.0051  0.1498823      6.000    22.7293     4.6086     4.7893 0.0000e+00
       1728      7.066    15.2606   2.925162     2.0702     2.3408     0.0053  0.1449680      7.000    22.7224     4.6278     4.7153 0.0000e+00
       1780      8.075    15.2944   2.926704     2.0719     2.3182     0.0056  0.1435364      8.000    22.7158     4.6128     4.6570 0.0000e+00
       1829      9.085    15.3545   2.928086     2.0642     2.2982     0.0055  0.1351186      9.000    22.6928     4.5598     4.5973 0.0000e+00
       2640     10.094    15.6751   3.117930     2.4317     2.4424     0.0052  0.1139298     10.000    24.1231     5.3431     4.7331 0.0000e+00
       3031     11.103    15.6466   3.278155     2.4602     2.3769     0.0049  0.0993112     11.000    25.5155     5.1206     4.3447 0.0000e+00
       3079     12.113    14.7752   3.353175     2.2578     2.1858     0.0042  0.0929458     12.000    26.7499     4.4704     3.8270 0.0000e+00
       3125     13.122    13.7458   3.382607     2.0101     1.9450     0.0038  0.0922798     13.000    27.7360     3.6002     3.0990 0.0000e+00
       3171     14.132    12.8106   3.413196     1.7369     1.6821     0.0038  0.0910466     14.000    28.7099     2.8222     2.4745 0.0000e+00
       3217     15.141    11.9939   3.456637     1.4973     1.4534     0.0042  0.0902024     15.000    29.7533     2.2473     1.9999 0.0000e+00
       3263     16.151    10.9941   3.418403     1.3085     1.2772     0.0035  0.0886519     16.000    30.1914     1.8844     1.7141 0.0000e+00
       3309     17.160     9.5990   3.323138     1.1617     1.1349     0.0040  0.0913953     17.000    30.4051     1.4763     1.3364 0.0000e+00
       3356     18.170     8.4415   3.249714     0.9973     0.9637     0.0048  0.0997785     18.000    30.6418     0.8109     0.7477 0.0000e+00
       3402     19.179     8.0909   3.230981     0.8269     0.7951     0.0061  0.1177096     19.000    30.7509     0.3785     0.4318 0.0000e+00
       3447     20.189     7.9904   3.230313     0.7143     0.6966     0.0083  0.1455424     20.000    30.8317     0.2791     0.3911 0.0000e+00
       3494     21.198     7.9906   3.239640     0.6489     0.6474     0.0113  0.1859626     21.000    30.9297     0.2200     0.3744 0.0000e+00
       3540     22.208     8.0492   3.257388     0.6084     0.6215     0.0143  0.2157944     22.000    31.0649     0.1652     0.3562 0.0000e+00
       3586     23.217     8.1256   3.276052     0.5810     0.6064     0.0117  0.1853917     23.000    31.1937     0.1159     0.3374 0.0000e+00
       3631     24.227     8.2232   3.298860     0.5613     0.5962     0.0102  0.1455498     24.000    31.3466     0.0785     0.3194 0.0000e+00
       3676     25.236     8.2958   3.315792     0.5463     0.5884     0.0101  0.1259370     25.000    31.4596     0.0470     0.3049 0.0000e+00
       3724     26.246     8.3722   3.333896     0.5342     0.5822     0.0098  0.1176475     26.000    31.5810     0.0209     0.2916 0.0000e+00
       3772     27.255     8.4435   3.350802     0.5249     0.5773     0.0093  0.1132885     27.000    31.6939     0.0006     0.2810 0.0000e+00
       3817     28.265     8.4998   3.364346     0.5181     0.5733     0.0088  0.1118165     28.000    31.7848    -0.0135     0.2707 0.0000e+00
       3860     29.274     8.5804   3.382352     0.5127     0.5699     0.0076  0.1116805     29.000    31.9001    -0.0280     0.2629 0.0000e+00
       3905     30.284     8.6443   3.397315     0.5079     0.5671     0.0061  0.1122996     30.000    31.9984    -0.0386     0.2556 0.0000e+00
       3952     31.293     8.6760   3.404571     0.5040     0.5642     0.0053  0.1128174     31.000    32.0451    -0.0489     0.2485 0.0000e+00
       4000     32.303     8.6919   3.408475     0.5004     0.5617     0.0047  0.1134082     32.000    32.0710    -0.0573     0.2425 0.0000e+00
       4045     33.312     8.7010   3.411250     0.4976     0.5597     0.0045  0.1138701     33.000    32.0913    -0.0649     0.2380 0.0000e+00
       4089     34.322     8.7035   3.412788     0.4954     0.5578     0.0043  0.1142519     34.000    32.1046    -0.0696     0.2327 0.0000e+00
       4133     35.331     8.6987   3.413569     0.4934     0.5561     0.0040  0.1144117     35.000    32.1166    -0.0758     0.2290 0.0000e+00
       4179     36.341     8.6915   3.414241     0.4915     0.5544     0.0040  0.1152258     36.000    32.1298    -0.0806     0.2245 0.0000e+00
       4226     37.350     8.6879   3.414536     0.4898     0.5528     0.0040  0.1154970     37.000    32.1357    -0.0864     0.2200 0.0000e+00
       4272     38.360     8.6880   3.414751     0.4883     0.5512     0.0040  0.1158646     38.000    32.1374    -0.0902     0.2162 0.0000e+00
       4316     39.370     8.6805   3.414687     0.4869     0.5500     0.0039  0.1161878     39.000    32.1431    -0.0932     0.2133 0.0000e+00
       4361     40.379     8.6646   3.414640     0.4861     0.5487     0.0038  0.1162052     40.000    32.1566    -0.0943     0.2097 0.0000e+00
       4408     41.389     8.6541   3.414565     0.4851     0.5474     0.0039  0.1164207     41.000    32.1649    -0.0995     0.2060 0.0000e+00
       4464     42.399     8.5884   3.414093     0.4838     0.5456     0.0041  0.1169057     42.000    32.2192    -0.1048     0.2024 0.0000e+00
