data/2021/ctd_data_day3/station7g_ctm_fil_le_der_avg.cnv
* Sea-Bird SBE 9 Data File:
* FileName = C:\Users\CTD-User\Desktop\MAR440\day3\station7g.hex
* Software Version Seasave V 7.26.2.13
* Temperature SN = 6313
* Conductivity SN = 4758
* Number of Bytes Per Scan = 37
* Number of Voltage Words = 4
* Number of Scans Averaged by the Deck Unit = 1
* NMEA Latitude = 58 18.80 N
* NMEA Longitude = 011 46.06 E
* NMEA UTC (Time) = Sep 23 2021 10:57:43
* NMEA baud rate = 4800
** Ship: Skagerrak
** Station: station7g
** Operator: Christina
# nquan = 13
# nvalues = 37                          
# units = specified
# name 0 = scan: Scan Count
# name 1 = prDM: Pressure, Digiquartz [db]
# name 2 = t090C: Temperature [ITS-90, deg C]
# name 3 = c0S/m: Conductivity [S/m]
# name 4 = sbeox0V: Oxygen raw, SBE 43 [V]
# name 5 = sbeox1V: Oxygen raw, SBE 43, 2 [V]
# name 6 = flECO-AFL: Fluorescence, WET Labs ECO-AFL/FL [mg/m^3]
# name 7 = upoly0: Upoly 0, Turbidity
# name 8 = depSM: Depth [salt water, m], lat = 58.3133
# name 9 = sal00: Salinity, Practical [PSU]
# name 10 = sbeox0ML/L: Oxygen, SBE 43 [ml/l], WS = 2
# name 11 = sbeox1ML/L: Oxygen, SBE 43, 2 [ml/l], WS = 2
# name 12 = flag: flag
# span 0 =        232,       3465       
# span 1 =      2.019,     38.360       
# span 2 =     6.6641,    15.7954       
# span 3 =   2.904382,   3.699242       
# span 4 =     0.5089,     2.4305       
# span 5 =     0.5565,     2.4568       
# span 6 =     0.0036,     0.0136       
# span 7 =  0.0863520,  0.1540596       
# span 8 =      2.000,     38.000       
# span 9 =    22.5859,    32.1817       
# span 10 =    -0.0487,     5.6483      
# span 11 =     0.2307,     5.0446      
# span 12 = 0.0000e+00, 0.0000e+00      
# interval = meters: 1                  
# start_time = Sep 23 2021 10:57:43 [NMEA time, header]
# bad_flag = -9.990e-29
*END*
        232      2.019    14.8967   2.907258     2.4305     2.3999     0.0044  0.1442559      2.000    22.7808     5.6483     4.8904 0.0000e+00
        281      3.028    14.8949   2.904986     2.4020     2.3682     0.0045  0.1478460      3.000    22.7619     5.5501     4.8203 0.0000e+00
        329      4.038    14.8814   2.904382     2.3635     2.3832     0.0045  0.1498430      4.000    22.7643     5.4020     4.9904 0.0000e+00
        376      5.047    14.8762   2.905043     2.3175     2.4176     0.0047  0.1507914      5.000    22.7727     5.2536     5.0446 0.0000e+00
        421      6.056    14.8800   2.905446     2.2727     2.4286     0.0047  0.1524265      6.000    22.7737     5.1243     5.0280 0.0000e+00
        466      7.066    14.8879   2.905868     2.2296     2.4297     0.0047  0.1540596      7.000    22.7725     5.0043     5.0229 0.0000e+00
        513      8.075    14.8771   2.906751     2.1903     2.4261     0.0047  0.1531931      8.000    22.7861     4.9134     4.9987 0.0000e+00
        560      9.085    15.2491   2.908437     2.1636     2.4241     0.0046  0.1344366      9.000    22.5859     4.8460     4.9982 0.0000e+00
       1060     10.094    15.7865   3.054804     2.3055     2.4568     0.0044  0.1121578     10.000    23.5215     4.9343     4.7798 0.0000e+00
       2048     11.103    15.7954   3.391609     2.4109     2.2848     0.0044  0.1061027     11.000    26.3945     4.6132     3.8586 0.0000e+00
       2102     12.113    15.1745   3.438625     2.1443     2.0466     0.0041  0.1009001     12.000    27.2252     4.0513     3.4449 0.0000e+00
       2149     13.122    14.4412   3.458958     1.9140     1.8405     0.0036  0.0954622     13.000    27.9220     3.4158     2.9461 0.0000e+00
       2195     14.132    14.0103   3.482244     1.6904     1.6383     0.0036  0.0934023     14.000    28.4448     2.8327     2.4973 0.0000e+00
       2239     15.141    13.5461   3.502955     1.5121     1.4798     0.0037  0.0917129     15.000    28.9804     2.4570     2.2112 0.0000e+00
       2285     16.151    13.2722   3.522124     1.3740     1.3584     0.0038  0.0912985     16.000    29.3655     2.1738     1.9932 0.0000e+00
       2332     17.160    13.3591   3.563828     1.2737     1.2718     0.0040  0.0918367     17.000    29.6833     2.0169     1.8826 0.0000e+00
       2380     18.170    13.4514   3.609955     1.2217     1.2361     0.0038  0.0906699     18.000    30.0371     2.0009     1.9074 0.0000e+00
       2425     19.179    13.4544   3.648841     1.2115     1.2415     0.0038  0.0901906     19.000    30.3940     2.0592     1.9784 0.0000e+00
       2469     20.189    13.1980   3.663095     1.2189     1.2576     0.0041  0.0903503     20.000    30.7318     2.1128     2.0347 0.0000e+00
       2514     21.198    12.6578   3.647469     1.2286     1.2738     0.0038  0.0881961     21.000    31.0253     2.1547     2.0805 0.0000e+00
       2562     22.208    12.6511   3.692814     1.2298     1.2772     0.0040  0.0876863     22.000    31.4592     2.1235     2.0575 0.0000e+00
       2610     23.217    12.3251   3.699242     1.2269     1.2762     0.0045  0.0868896     23.000    31.7944     2.1007     2.0357 0.0000e+00
       2656     24.227    11.3506   3.617733     1.2179     1.2708     0.0037  0.0863520     24.000    31.8386     2.1615     2.1231 0.0000e+00
       2700     25.236    10.5089   3.541571     1.2230     1.2766     0.0037  0.0865937     25.000    31.8161     2.1787     2.1025 0.0000e+00
       2745     26.246     9.8073   3.482793     1.2005     1.2443     0.0036  0.0868526     26.000    31.8405     2.0326     1.9505 0.0000e+00
       2792     27.255     9.2721   3.441611     1.1529     1.1844     0.0043  0.0868773     27.000    31.8946     1.7888     1.7004 0.0000e+00
       2840     28.265     8.5376   3.377806     1.0630     1.0738     0.0050  0.0870386     28.000    31.8916     1.3075     1.2311 0.0000e+00
       2886     29.274     7.7496   3.309031     0.9447     0.9448     0.0048  0.0867457     29.000    31.8800     0.9519     0.9707 0.0000e+00
       2931     30.284     7.3476   3.278892     0.8678     0.8761     0.0043  0.0866252     30.000    31.9254     0.9296     0.9958 0.0000e+00
       2975     31.293     7.1466   3.266258     0.8269     0.8410     0.0051  0.0868264     31.000    31.9740     0.8528     0.9121 0.0000e+00
       3020     32.303     7.0536   3.260022     0.7806     0.7943     0.0063  0.0868227     32.000    31.9920     0.6524     0.7352 0.0000e+00
       3067     33.312     6.9649   3.255062     0.7270     0.7417     0.0071  0.0868602     33.000    32.0199     0.4707     0.5954 0.0000e+00
       3114     34.322     6.9159   3.253331     0.6780     0.6965     0.0082  0.0870675     34.000    32.0463     0.3358     0.4909 0.0000e+00
       3164     35.331     6.8281   3.250402     0.6321     0.6545     0.0091  0.0871854     35.000    32.0957     0.2141     0.4034 0.0000e+00
 -9.990e-29 -9.990e-29 -9.990e-29 -9.990e-29 -9.990e-29 -9.990e-29 -9.990e-29 -9.990e-29     36.000 -9.990e-29 -9.990e-29 -9.990e-29 -9.990e-29
       3415     37.819     6.7034   3.244679     0.5173     0.5622     0.0136  0.0875569     37.000    32.1486    -0.0313     0.2403 0.0000e+00
       3465     38.360     6.6641   3.244355     0.5089     0.5565     0.0135  0.0873520     38.000    32.1817    -0.0487     0.2307 0.0000e+00
