data/2021/ctd_data_day3/station2B_ctm_fil.cnv
* Sea-Bird SBE 9 Data File:
* FileName = C:\Users\CTD-User\Desktop\MAR440\day3\station2B.hex
* Software Version Seasave V 7.26.2.13
* Temperature SN = 6313
* Conductivity SN = 4758
* Number of Bytes Per Scan = 37
* Number of Voltage Words = 4
* Number of Scans Averaged by the Deck Unit = 1
* NMEA Latitude = 58 20.01 N
* NMEA Longitude = 011 52.53 E
* NMEA UTC (Time) = Sep 23 2021 08:43:00
* NMEA baud rate = 4800
** Ship: Skagerrak
** Station: station2B
** Operator: Eva
# nquan = 9
# nvalues = 5095                        
# units = specified
# name 0 = scan: Scan Count
# name 1 = prDM: Pressure, Digiquartz [db]
# name 2 = t090C: Temperature [ITS-90, deg C]
# name 3 = c0S/m: Conductivity [S/m]
# name 4 = sbeox0V: Oxygen raw, SBE 43 [V]
# name 5 = sbeox1V: Oxygen raw, SBE 43, 2 [V]
# name 6 = flECO-AFL: Fluorescence, WET Labs ECO-AFL/FL [mg/m^3]
# name 7 = upoly0: Upoly 0, Turbidity
# name 8 = flag:  0.000e+00
# span 0 =          1,       5095       
# span 1 =      0.239,     45.258       
# span 2 =     7.9778,    15.7832       
# span 3 =   0.046579,   3.464316       
# span 4 =     0.4751,     3.1973       
# span 5 =     0.5341,     2.8012       
# span 6 =     0.0033,     0.0346       
# span 7 =  0.0805987,  0.2200974       
# span 8 = 0.0000e+00, 0.0000e+00       
# interval = seconds: 0.0416667
# start_time = Sep 23 2021 08:43:00 [NMEA time, header]
# bad_flag = -9.990e-29
*END*
[from data line 4481]
       4482     42.151     8.5875   3.414175     0.4829     0.5456     0.0040  0.1167319 0.0000e+00
       4483     42.153     8.5878   3.414192     0.4829     0.5456     0.0040  0.1167328 0.0000e+00
       4484     42.156     8.5880   3.414209     0.4829     0.5456     0.0040  0.1167338 0.0000e+00
       4485     42.158     8.5886   3.414227     0.4829     0.5456     0.0040  0.1167348 0.0000e+00
       4486     42.161     8.5891   3.414245     0.4829     0.5456     0.0040  0.1167359 0.0000e+00
       4487     42.163     8.5890   3.414259     0.4829     0.5456     0.0040  0.1167371 0.0000e+00
       4488     42.166     8.5881   3.414269     0.4829     0.5456     0.0038  0.1167383 0.0000e+00
       4489     42.168     8.5870   3.414278     0.4829     0.5456     0.0038  0.1167397 0.0000e+00
       4490     42.171     8.5863   3.414287     0.4828     0.5456     0.0038  0.1167412 0.0000e+00
       4491     42.174     8.5855   3.414295     0.4828     0.5456     0.0040  0.1167428 0.0000e+00
       4492     42.176     8.5848   3.414302     0.4828     0.5456     0.0038  0.1167445 0.0000e+00
       4493     42.179     8.5853   3.414314     0.4828     0.5456     0.0040  0.1167464 0.0000e+00
       4494     42.181     8.5865   3.414327     0.4828     0.5456     0.0038  0.1167484 0.0000e+00
       4495     42.184     8.5878   3.414341     0.4828     0.5456     0.0038  0.1167506 0.0000e+00
       4496     42.187     8.5894   3.414354     0.4828     0.5456     0.0038  0.1167529 0.0000e+00
       4497     42.189     8.5911   3.414368     0.4828     0.5456     0.0038  0.1167555 0.0000e+00
       4498     42.192     8.5930   3.414382     0.4828     0.5456     0.0038  0.1167583 0.0000e+00
       4499     42.195     8.5946   3.414395     0.4828     0.5456     0.0038  0.1167613 0.0000e+00
       4500     42.197     8.5956   3.414405     0.4828     0.5456     0.0038  0.1167646 0.0000e+00
       4501     42.200     8.5960   3.414413     0.4829     0.5456     0.0038  0.1167682 0.0000e+00
       4502     42.203     8.5962   3.414420     0.4829     0.5456     0.0038  0.1167721 0.0000e+00
       4503     42.206     8.5967   3.414427     0.4829     0.5456     0.0038  0.1167763 0.0000e+00
       4504     42.208     8.5971   3.414434     0.4829     0.5456     0.0038  0.1167809 0.0000e+00
       4505     42.211     8.5969   3.414437     0.4830     0.5456     0.0038  0.1167858 0.0000e+00
       4506     42.214     8.5965   3.414441     0.4830     0.5456     0.0038  0.1167912 0.0000e+00
       4507     42.217     8.5964   3.414445     0.4830     0.5457     0.0038  0.1167971 0.0000e+00
       4508     42.220     8.5963   3.414448     0.4831     0.5457     0.0038  0.1168035 0.0000e+00
       4509     42.223     8.5961   3.414450     0.4831     0.5457     0.0038  0.1168104 0.0000e+00
       4510     42.226     8.5964   3.414454     0.4831     0.5458     0.0038  0.1168179 0.0000e+00
       4511     42.228     8.5966   3.414457     0.4831     0.5458     0.0038  0.1168261 0.0000e+00
       4512     42.231     8.5963   3.414458     0.4832     0.5459     0.0038  0.1168350 0.0000e+00
       4513     42.234     8.5953   3.414457     0.4832     0.5460     0.0038  0.1168447 0.0000e+00
       4514     42.237     8.5942   3.414455     0.4833     0.5460     0.0040  0.1168552 0.0000e+00
       4515     42.240     8.5935   3.414455     0.4833     0.5461     0.0038  0.1168666 0.0000e+00
       4516     42.243     8.5933   3.414456     0.4834     0.5462     0.0038  0.1168790 0.0000e+00
       4517     42.246     8.5936   3.414459     0.4835     0.5463     0.0038  0.1168925 0.0000e+00
       4518     42.249     8.5939   3.414462     0.4836     0.5464     0.0038  0.1169071 0.0000e+00
       4519     42.252     8.5936   3.414461     0.4837     0.5465     0.0038  0.1169230 0.0000e+00
       4520     42.254     8.5930   3.414460     0.4838     0.5467     0.0038  0.1169404 0.0000e+00
       4521     42.257     8.5924   3.414459     0.4839     0.5468     0.0038  0.1169592 0.0000e+00
       4522     42.260     8.5916   3.414458     0.4840     0.5470     0.0038  0.1169805 0.0000e+00
       4523     42.263     8.5908   3.414457     0.4842     0.5472     0.0040  0.1170052 0.0000e+00
       4524     42.266     8.5904   3.414458     0.4843     0.5474     0.0038  0.1170328 0.0000e+00
       4525     42.269     8.5902   3.414459     0.4845     0.5476     0.0038  0.1170626 0.0000e+00
       4526     42.272     8.5897   3.414459     0.4846     0.5478     0.0038  0.1170947 0.0000e+00
       4527     42.274     8.5886   3.414457     0.4849     0.5481     0.0038  0.1171293 0.0000e+00
       4528     42.277     8.5876   3.414455     0.4851     0.5483     0.0038  0.1171668 0.0000e+00
       4529     42.280     8.5870   3.414456     0.4853     0.5486     0.0040  0.1172074 0.0000e+00
       4530     42.283     8.5868   3.414458     0.4856     0.5490     0.0038  0.1172513 0.0000e+00
       4531     42.286     8.5866   3.414461     0.4859     0.5493     0.0040  0.1172989 0.0000e+00
       4532     42.289     8.5860   3.414462     0.4862     0.5498     0.0038  0.1173505 0.0000e+00
       4533     42.292     8.5848   3.414460     0.4865     0.5502     0.0038  0.1174064 0.0000e+00
       4534     42.295     8.5828   3.414456     0.4870     0.5507     0.0038  0.1174671 0.0000e+00
       4535     42.298     8.5801   3.414449     0.4872     0.5509     0.0081  0.1174982 0.0000e+00
       4536     42.301     8.5780   3.414444     0.4870     0.5506     0.0038  0.1174649 0.0000e+00
       4537     42.304     8.5780   3.414446     0.4866     0.5501     0.0038  0.1174020 0.0000e+00
       4538     42.307     8.5792   3.414453     0.4862     0.5497     0.0038  0.1173438 0.0000e+00
       4539     42.310     8.5810   3.414462     0.4858     0.5492     0.0040  0.1172900 0.0000e+00
       4540     42.313     8.5827   3.414471     0.4855     0.5488     0.0040  0.1172400 0.0000e+00
       4541     42.316     8.5837   3.414477     0.4853     0.5485     0.0040  0.1171937 0.0000e+00
       4542     42.319     8.5846   3.414483     0.4850     0.5481     0.0040  0.1171506 0.0000e+00
       4543     42.321     8.5859   3.414491     0.4848     0.5478     0.0040  0.1171114 0.0000e+00
       4544     42.324     8.5872   3.414498     0.4845     0.5475     0.0040  0.1170765 0.0000e+00
       4545     42.327     8.5882   3.414503     0.4843     0.5473     0.0040  0.1170449 0.0000e+00
       4546     42.330     8.5887   3.414507     0.4841     0.5470     0.0040  0.1170156 0.0000e+00
       4547     42.333     8.5885   3.414509     0.4839     0.5468     0.0040  0.1169883 0.0000e+00
       4548     42.335     8.5877   3.414508     0.4837     0.5466     0.0040  0.1169637 0.0000e+00
       4549     42.338     8.5862   3.414504     0.4836     0.5464     0.0040  0.1169424 0.0000e+00
       4550     42.341     8.5848   3.414501     0.4835     0.5462     0.0040  0.1169235 0.0000e+00
       4551     42.344     8.5843   3.414501     0.4833     0.5460     0.0040  0.1169060 0.0000e+00
       4552     42.347     8.5838   3.414502     0.4832     0.5459     0.0040  0.1168898 0.0000e+00
       4553     42.350     8.5832   3.414501     0.4832     0.5458     0.0040  0.1168747 0.0000e+00
       4554     42.353     8.5828   3.414502     0.4831     0.5456     0.0040  0.1168606 0.0000e+00
       4555     42.356     8.5837   3.414507     0.4830     0.5455     0.0040  0.1168476 0.0000e+00
       4556     42.360     8.5869   3.414520     0.4829     0.5454     0.0040  0.1168362 0.0000e+00
       4557     42.363     8.5910   3.414537     0.4828     0.5454     0.0040  0.1168273 0.0000e+00
       4558     42.366     8.5944   3.414550     0.4827     0.5453     0.0040  0.1168200 0.0000e+00
       4559     42.369     8.5971   3.414561     0.4827     0.5452     0.0040  0.1168133 0.0000e+00
       4560     42.372     8.5993   3.414570     0.4827     0.5452     0.0040  0.1168072 0.0000e+00
       4561     42.376     8.6013   3.414579     0.4827     0.5451     0.0040  0.1168018 0.0000e+00
       4562     42.379     8.6036   3.414589     0.4826     0.5451     0.0040  0.1167969 0.0000e+00
       4563     42.382     8.6059   3.414598     0.4826     0.5450     0.0040  0.1167924 0.0000e+00
       4564     42.386     8.6075   3.414605     0.4826     0.5450     0.0038  0.1167885 0.0000e+00
       4565     42.389     8.6087   3.414611     0.4827     0.5450     0.0038  0.1167850 0.0000e+00
       4566     42.393     8.6093   3.414615     0.4827     0.5450     0.0038  0.1167819 0.0000e+00
       4567     42.396     8.6094   3.414617     0.4828     0.5450     0.0038  0.1167793 0.0000e+00
       4568     42.400     8.6094   3.414620     0.4828     0.5450     0.0038  0.1167770 0.0000e+00
       4569     42.403     8.6100   3.414625     0.4829     0.5450     0.0038  0.1167750 0.0000e+00
       4570     42.407     8.6106   3.414630     0.4829     0.5450     0.0038  0.1167735 0.0000e+00
       4571     42.411     8.6106   3.414633     0.4830     0.5450     0.0040  0.1167714 0.0000e+00
       4572     42.416     8.6105   3.414636     0.4829     0.5449     0.0038  0.1167680 0.0000e+00
       4573     42.420     8.6108   3.414640     0.4827     0.5448     0.0038  0.1167640 0.0000e+00
       4574     42.424     8.6111   3.414644     0.4826     0.5447     0.0038  0.1167603 0.0000e+00
       4575     42.429     8.6109   3.414646     0.4825     0.5446     0.0038  0.1167568 0.0000e+00
       4576     42.434     8.6101   3.414646     0.4824     0.5445     0.0038  0.1167536 0.0000e+00
       4577     42.439     8.6095   3.414646     0.4823     0.5444     0.0038  0.1167506 0.0000e+00
       4578     42.444     8.6096   3.414649     0.4822     0.5443     0.0040  0.1167477 0.0000e+00
       4579     42.449     8.6098   3.414653     0.4821     0.5442     0.0038  0.1167450 0.0000e+00
       4580     42.454     8.6096   3.414656     0.4820     0.5441     0.0038  0.1167425 0.0000e+00
       4581     42.459     8.6088   3.414656     0.4820     0.5441     0.0038  0.1167401 0.0000e+00
       4582     42.465     8.6080   3.414657     0.4819     0.5440     0.0038  0.1167378 0.0000e+00
       4583     42.471     8.6079   3.414660     0.4818     0.5439     0.0038  0.1167356 0.0000e+00
       4584     42.476     8.6078   3.414663     0.4818     0.5439     0.0038  0.1167335 0.0000e+00
       4585     42.482     8.6071   3.414664     0.4817     0.5438     0.0038  0.1167315 0.0000e+00
       4586     42.487     8.6059   3.414663     0.4817     0.5438     0.0038  0.1167295 0.0000e+00
       4587     42.493     8.6042   3.414658     0.4816     0.5437     0.0038  0.1167275 0.0000e+00
       4588     42.499     8.6019   3.414651     0.4816     0.5437     0.0038  0.1167256 0.0000e+00
       4589     42.505     8.5990   3.414642     0.4815     0.5436     0.0038  0.1167237 0.0000e+00
       4590     42.511     8.5955   3.414630     0.4815     0.5436     0.0038  0.1167217 0.0000e+00
       4591     42.518     8.5918   3.414617     0.4815     0.5435     0.0038  0.1167198 0.0000e+00
       4592     42.524     8.5883   3.414604     0.4814     0.5435     0.0038  0.1167178 0.0000e+00
       4593     42.530     8.5858   3.414595     0.4813     0.5435     0.0038  0.1167158 0.0000e+00
       4594     42.536     8.5850   3.414593     0.4812     0.5434     0.0038  0.1167137 0.0000e+00
       4595     42.543     8.5847   3.414594     0.4812     0.5434     0.0038  0.1167116 0.0000e+00
       4596     42.549     8.5840   3.414593     0.4811     0.5434     0.0038  0.1167094 0.0000e+00
       4597     42.555     8.5834   3.414593     0.4811     0.5433     0.0038  0.1167070 0.0000e+00
       4598     42.562     8.5834   3.414596     0.4810     0.5433     0.0038  0.1167046 0.0000e+00
       4599     42.568     8.5852   3.414605     0.4810     0.5433     0.0040  0.1167020 0.0000e+00
       4600     42.575     8.5882   3.414619     0.4809     0.5433     0.0038  0.1166992 0.0000e+00
       4601     42.581     8.5909   3.414632     0.4809     0.5432     0.0038  0.1166963 0.0000e+00
       4602     42.588     8.5929   3.414643     0.4809     0.5432     0.0038  0.1166941 0.0000e+00
       4603     42.594     8.5944   3.414652     0.4809     0.5432     0.0038  0.1166933 0.0000e+00
       4604     42.601     8.5952   3.414659     0.4809     0.5431     0.0038  0.1166932 0.0000e+00
       4605     42.607     8.5954   3.414664     0.4809     0.5431     0.0038  0.1166928 0.0000e+00
       4606     42.614     8.5950   3.414667     0.4810     0.5431     0.0038  0.1166923 0.0000e+00
       4607     42.620     8.5940   3.414668     0.4810     0.5431     0.0038  0.1166915 0.0000e+00
       4608     42.626     8.5940   3.414672     0.4809     0.5430     0.0040  0.1166904 0.0000e+00
       4609     42.633     8.5966   3.414685     0.4809     0.5430     0.0038  0.1166892 0.0000e+00
       4610     42.639     8.6003   3.414703     0.4808     0.5430     0.0038  0.1166877 0.0000e+00
       4611     42.645     8.6034   3.414719     0.4808     0.5430     0.0038  0.1166868 0.0000e+00
       4612     42.652     8.6059   3.414733     0.4807     0.5429     0.0038  0.1166874 0.0000e+00
       4613     42.658     8.6079   3.414746     0.4807     0.5429     0.0038  0.1166885 0.0000e+00
       4614     42.664     8.6093   3.414756     0.4807     0.5429     0.0038  0.1166894 0.0000e+00
       4615     42.671     8.6108   3.414765     0.4807     0.5429     0.0038  0.1166900 0.0000e+00
       4616     42.677     8.6127   3.414777     0.4807     0.5428     0.0038  0.1166904 0.0000e+00
       4617     42.683     8.6150   3.414789     0.4806     0.5428     0.0038  0.1166906 0.0000e+00
       4618     42.689     8.6175   3.414803     0.4806     0.5428     0.0038  0.1166905 0.0000e+00
       4619     42.695     8.6199   3.414815     0.4806     0.5427     0.0038  0.1166903 0.0000e+00
       4620     42.702     8.6219   3.414826     0.4806     0.5427     0.0038  0.1166897 0.0000e+00
       4621     42.708     8.6235   3.414836     0.4806     0.5427     0.0038  0.1166890 0.0000e+00
       4622     42.714     8.6246   3.414845     0.4806     0.5426     0.0038  0.1166879 0.0000e+00
       4623     42.720     8.6254   3.414852     0.4806     0.5426     0.0038  0.1166867 0.0000e+00
       4624     42.726     8.6257   3.414857     0.4806     0.5426     0.0038  0.1166852 0.0000e+00
       4625     42.733     8.6256   3.414861     0.4807     0.5425     0.0038  0.1166834 0.0000e+00
       4626     42.739     8.6251   3.414863     0.4807     0.5425     0.0038  0.1166821 0.0000e+00
       4627     42.745     8.6242   3.414863     0.4807     0.5425     0.0038  0.1166823 0.0000e+00
       4628     42.750     8.6229   3.414862     0.4807     0.5424     0.0038  0.1166831 0.0000e+00
       4629     42.756     8.6212   3.414859     0.4807     0.5424     0.0038  0.1166835 0.0000e+00
       4630     42.762     8.6191   3.414855     0.4807     0.5424     0.0038  0.1166837 0.0000e+00
       4631     42.768     8.6165   3.414850     0.4807     0.5423     0.0038  0.1166836 0.0000e+00
       4632     42.774     8.6134   3.414843     0.4808     0.5423     0.0038  0.1166832 0.0000e+00
       4633     42.780     8.6105   3.414837     0.4808     0.5423     0.0040  0.1166825 0.0000e+00
       4634     42.786     8.6086   3.414834     0.4807     0.5422     0.0038  0.1166816 0.0000e+00
       4635     42.792     8.6068   3.414831     0.4807     0.5422     0.0038  0.1166803 0.0000e+00
       4636     42.798     8.6052   3.414828     0.4807     0.5422     0.0038  0.1166787 0.0000e+00
       4637     42.804     8.6043   3.414828     0.4807     0.5422     0.0038  0.1166768 0.0000e+00
       4638     42.810     8.6040   3.414829     0.4806     0.5421     0.0038  0.1166746 0.0000e+00
       4639     42.815     8.6041   3.414832     0.4806     0.5421     0.0038  0.1166729 0.0000e+00
       4640     42.821     8.6041   3.414833     0.4806     0.5421     0.0038  0.1166726 0.0000e+00
