data/2021/ctd_data_day3/station3c_ctm_fil_le_der.cnv
* Sea-Bird SBE 9 Data File:
* FileName = C:\Users\CTD-User\Desktop\MAR440\day3\station3c.hex
* Software Version Seasave V 7.26.2.13
* Temperature SN = 6313
* Conductivity SN = 4758
* Number of Bytes Per Scan = 37
* Number of Voltage Words = 4
* Number of Scans Averaged by the Deck Unit = 1
* NMEA Latitude = 58 19.70 N
* NMEA Longitude = 011 51.37 E
* NMEA UTC (Time) = Sep 23 2021 09:07:02
* NMEA baud rate = 4800
** Ship: Skagerrak
** Station: station3C
** Operator: Eva
# nquan = 13                                
# nvalues = 4697                        
# units = specified
# name 0 = scan: Scan Count
# name 1 = prDM: Pressure, Digiquartz [db]
# name 2 = t090C: Temperature [ITS-90, deg C]
# name 3 = c0S/m: Conductivity [S/m]
# name 4 = sbeox0V: Oxygen raw, SBE 43 [V]
# name 5 = sbeox1V: Oxygen raw, SBE 43, 2 [V]
# name 6 = flECO-AFL: Fluorescence, WET Labs ECO-AFL/FL [mg/m^3]
# name 7 = upoly0: Upoly 0, Turbidity
# name 8 = depSM: Depth [salt water, m], lat = 58.3283
# name 9 = sal00: Salinity, Practical [PSU]
# name 10 = sbeox0ML/L: Oxygen, SBE 43 [ml/l], WS = 2
# name 11 = sbeox1ML/L: Oxygen, SBE 43, 2 [ml/l], WS = 2
# name 12 = flag: flag
# span 0 =          1,       4697       
# span 1 =      0.749,     19.037       
# span 2 =     7.9937,    15.4890       
# span 3 =   2.901777,   3.455814       
# span 4 =     0.5983,     2.9333       
# span 5 =     0.6122,     2.6359       
# span 6 =     0.0038,     0.0258       
# span 7 =  0.0890841,  0.1655471       
# span 8 =      0.742,     18.859       
# span 9 =    22.6181,    30.8797       
# span 10 =     0.1777,     7.2012      
# span 11 =     0.3641,     5.5175      
# span 12 = 0.0000e+00, 0.0000e+00      
# interval = seconds: 0.0416667
# start_time = Sep 23 2021 09:07:02 [NMEA time, header]
# bad_flag = -9.990e-29
*END*
[from data line 4667]
       4668     19.035     8.0049   3.234976     0.6146     0.6202     0.0093  0.1577564     18.857    30.8687     0.1806     0.3665 -9.990e-29
       4669     19.035     8.0035   3.234982     0.6137     0.6197     0.0086  0.1577752     18.857    30.8700     0.1800     0.3658 -9.990e-29
       4670     19.036     8.0041   3.234996     0.6127     0.6192     0.0086  0.1577814     18.858    30.8697     0.1791     0.3651 -9.990e-29
       4671     19.036     8.0056   3.235012     0.6117     0.6188     0.0086  0.1577844     18.858    30.8685     0.1784     0.3648 -9.990e-29
       4672     19.036     8.0068   3.235026     0.6107     0.6183     0.0086  0.1577843     18.858    30.8676     0.1777     0.3643 -9.990e-29
       4673     19.036     8.0080   3.235037     0.6098     0.6179     0.0086  0.1577810     18.858    30.8666     0.1777     0.3641 -9.990e-29
       4674     19.037     8.0089   3.235046     0.6090     0.6175     0.0081  0.1577754     18.859    30.8659     0.3150     0.4145 -9.990e-29
       4675     19.037     8.0097   3.235052     0.6082     0.6171     0.0075  0.1577691     18.859    30.8653     0.3123     0.4133 -9.990e-29
       4676     19.037     8.0104   3.235057     0.6074     0.6167     0.0075  0.1577629     18.859    30.8647     0.3097     0.4122 -9.990e-29
       4677     19.037     8.0109   3.235061     0.6066     0.6163     0.0075  0.1577569     18.859    30.8643     0.3070     0.4110 -9.990e-29
       4678     19.037     8.0113   3.235065     0.6059     0.6159     0.0075  0.1577509     18.859    30.8640     0.3047     0.4099 -9.990e-29
       4679     19.037     8.0115   3.235069     0.6052     0.6156     0.0075  0.1577448     18.859    30.8639     0.3024     0.4091 -9.990e-29
       4680     19.037     8.0117   3.235074     0.6045     0.6153     0.0075  0.1577397     18.859    30.8638     0.3001     0.4082 -9.990e-29
       4681     19.037     8.0117   3.235079     0.6039     0.6150     0.0075  0.1577361     18.859    30.8638     0.2981     0.4073 -9.990e-29
       4682     19.037     8.0116   3.235083     0.6033     0.6147     0.0075  0.1577333     18.859    30.8640     0.2961     0.4065 -9.990e-29
       4683     19.037     8.0114   3.235086     0.6027     0.6144     0.0075  0.1577304     18.859    30.8642     0.2941     0.4056 -9.990e-29
       4684     19.037     8.0110   3.235089     0.6022     0.6141     0.0075  0.1577273     18.859    30.8646     0.2924     0.4048 -9.990e-29
       4685     19.037     8.0106   3.235091     0.6016     0.6138     0.0075  0.1577241     18.859    30.8649     0.2904     0.4039 -9.990e-29
       4686     19.037     8.0100   3.235092     0.6012     0.6136     0.0075  0.1577207     18.859    30.8655     0.2891     0.4034 -9.990e-29
       4687     19.037     8.0092   3.235094     0.6007     0.6134     0.0075  0.1577171     18.859    30.8662     0.2875     0.4028 -9.990e-29
       4688     19.037     8.0083   3.235095     0.6003     0.6132     0.0075  0.1577133     18.859    30.8670     0.2861     0.4023 -9.990e-29
       4689     19.037     8.0073   3.235096     0.5999     0.6130     0.0075  0.1577101     18.859    30.8679     0.2848     0.4017 -9.990e-29
       4690     19.036     8.0061   3.235096     0.5995     0.6128     0.0075  0.1577083     18.858    30.8689     0.2835     0.4011 -9.990e-29
       4691     19.036     8.0047   3.235096     0.5992     0.6127     0.0075  0.1577071     18.858    30.8702     0.2825     0.4009 -9.990e-29
       4692     19.036     8.0032   3.235096     0.5989     0.6125     0.0075  0.1577055     18.858    30.8715     0.2815     0.4003 -9.990e-29
       4693     19.036     8.0014   3.235095     0.5987     0.6124     0.0075  0.1577037     18.858    30.8731     0.2809     0.4000 -9.990e-29
       4694     19.036     7.9995   3.235092     0.5985     0.6123     0.0075  0.1577016     18.858    30.8747     0.2802     0.3998 -9.990e-29
       4695     19.036     7.9973   3.235088     0.5984     0.6123     0.0075  0.1576991     18.858    30.8766     0.2799     0.3998 -9.990e-29
       4696     19.036     7.9950   3.235082     0.5983     0.6122     0.0075  0.1576971     18.858    30.8786     0.2796     0.3995 -9.990e-29
       4697     19.036     7.9937   3.235078     0.5983     0.6122     0.0075  0.1576964     18.858    30.8797     0.2796     0.3995 -9.990e-29
