data/2021/ctd_data_day3/station2B_ctm_fil.cnv
* Sea-Bird SBE 9 Data File:
* FileName = C:\Users\CTD-User\Desktop\MAR440\day3\station2B.hex
* Software Version Seasave V 7.26.2.13
* Temperature SN = 6313
* Conductivity SN = 4758
* Number of Bytes Per Scan = 37
* Number of Voltage Words = 4
* Number of Scans Averaged by the Deck Unit = 1
* NMEA Latitude = 58 20.01 N
* NMEA Longitude = 011 52.53 E
* NMEA UTC (Time) = Sep 23 2021 08:43:00
* NMEA baud rate = 4800
** Ship: Skagerrak
** Station: station2B
** Operator: Eva
# nquan = 9
# nvalues = 5095                        
# units = specified
# name 0 = scan: Scan Count
# name 1 = prDM: Pressure, Digiquartz [db]
# name 2 = t090C: Temperature [ITS-90, deg C]
# name 3 = c0S/m: Conductivity [S/m]
# name 4 = sbeox0V: Oxygen raw, SBE 43 [V]
# name 5 = sbeox1V: Oxygen raw, SBE 43, 2 [V]
# name 6 = flECO-AFL: Fluorescence, WET Labs ECO-AFL/FL [mg/m^3]
# name 7 = upoly0: Upoly 0, Turbidity
# name 8 = flag:  0.000e+00
# span 0 =          1,       5095       
# span 1 =      0.239,     45.258       
# span 2 =     7.9778,    15.7832       
# span 3 =   0.046579,   3.464316       
# span 4 =     0.4751,     3.1973       
# span 5 =     0.5341,     2.8012       
# span 6 =     0.0033,     0.0346       
# span 7 =  0.0805987,  0.2200974       
# span 8 = 0.0000e+00, 0.0000e+00       
# interval = seconds: 0.0416667
# start_time = Sep 23 2021 08:43:00 [NMEA time, header]
# bad_flag = -9.990e-29
*END*
[from data line 3841]
       3842     28.853     8.5429   3.373907     0.5149     0.5712     0.0086  0.1115605 0.0000e+00
       3843     28.876     8.5452   3.374395     0.5148     0.5711     0.0086  0.1115588 0.0000e+00
       3844     28.899     8.5475   3.374884     0.5147     0.5710     0.0086  0.1115552 0.0000e+00
       3845     28.923     8.5497   3.375373     0.5146     0.5710     0.0086  0.1115504 0.0000e+00
       3846     28.946     8.5520   3.375861     0.5144     0.5709     0.0086  0.1115462 0.0000e+00
       3847     28.969     8.5542   3.376349     0.5143     0.5708     0.0086  0.1115433 0.0000e+00
       3848     28.992     8.5564   3.376834     0.5142     0.5708     0.0086  0.1115417 0.0000e+00
       3849     29.016     8.5586   3.377318     0.5141     0.5707     0.0082  0.1115415 0.0000e+00
       3850     29.039     8.5607   3.377799     0.5139     0.5706     0.0077  0.1115435 0.0000e+00
       3851     29.062     8.5628   3.378276     0.5138     0.5706     0.0073  0.1115476 0.0000e+00
       3852     29.085     8.5649   3.378750     0.5137     0.5705     0.0073  0.1115522 0.0000e+00
       3853     29.109     8.5669   3.379221     0.5136     0.5704     0.0075  0.1115566 0.0000e+00
       3854     29.132     8.5690   3.379688     0.5134     0.5703     0.0075  0.1115606 0.0000e+00
       3855     29.155     8.5710   3.380153     0.5133     0.5703     0.0075  0.1115653 0.0000e+00
       3856     29.178     8.5729   3.380616     0.5132     0.5702     0.0075  0.1115706 0.0000e+00
       3857     29.202     8.5749   3.381078     0.5131     0.5701     0.0075  0.1115757 0.0000e+00
       3858     29.225     8.5768   3.381540     0.5129     0.5700     0.0075  0.1115816 0.0000e+00
       3859     29.248     8.5787   3.382001     0.5128     0.5700     0.0075  0.1115890 0.0000e+00
       3860     29.271     8.5805   3.382461     0.5127     0.5699     0.0075  0.1115990 0.0000e+00
       3861     29.294     8.5824   3.382920     0.5126     0.5699     0.0075  0.1116115 0.0000e+00
       3862     29.317     8.5843   3.383378     0.5124     0.5698     0.0075  0.1116241 0.0000e+00
       3863     29.341     8.5864   3.383837     0.5123     0.5697     0.0075  0.1116361 0.0000e+00
       3864     29.364     8.5886   3.384295     0.5121     0.5696     0.0075  0.1116483 0.0000e+00
       3865     29.387     8.5908   3.384752     0.5120     0.5696     0.0075  0.1116609 0.0000e+00
       3866     29.410     8.5929   3.385208     0.5119     0.5695     0.0075  0.1116740 0.0000e+00
       3867     29.433     8.5950   3.385659     0.5117     0.5694     0.0075  0.1116876 0.0000e+00
       3868     29.456     8.5970   3.386103     0.5116     0.5693     0.0075  0.1117027 0.0000e+00
       3869     29.479     8.5990   3.386541     0.5115     0.5693     0.0075  0.1117202 0.0000e+00
       3870     29.502     8.6010   3.386971     0.5114     0.5692     0.0075  0.1117395 0.0000e+00
       3871     29.525     8.6029   3.387393     0.5113     0.5691     0.0075  0.1117598 0.0000e+00
       3872     29.548     8.6047   3.387807     0.5112     0.5691     0.0075  0.1117820 0.0000e+00
       3873     29.570     8.6065   3.388211     0.5111     0.5690     0.0075  0.1118072 0.0000e+00
       3874     29.593     8.6083   3.388607     0.5110     0.5689     0.0073  0.1118357 0.0000e+00
       3875     29.616     8.6100   3.388995     0.5109     0.5689     0.0068  0.1118666 0.0000e+00
       3876     29.639     8.6116   3.389375     0.5108     0.5688     0.0066  0.1118977 0.0000e+00
       3877     29.662     8.6132   3.389748     0.5107     0.5688     0.0066  0.1119267 0.0000e+00
       3878     29.685     8.6148   3.390113     0.5106     0.5687     0.0066  0.1119528 0.0000e+00
       3879     29.707     8.6163   3.390473     0.5105     0.5687     0.0066  0.1119764 0.0000e+00
       3880     29.730     8.6178   3.390826     0.5104     0.5686     0.0066  0.1119983 0.0000e+00
       3881     29.753     8.6193   3.391174     0.5103     0.5685     0.0066  0.1120206 0.0000e+00
       3882     29.776     8.6207   3.391517     0.5102     0.5685     0.0066  0.1120432 0.0000e+00
       3883     29.799     8.6221   3.391854     0.5101     0.5684     0.0066  0.1120647 0.0000e+00
       3884     29.822     8.6235   3.392187     0.5100     0.5683     0.0066  0.1120843 0.0000e+00
       3885     29.844     8.6249   3.392512     0.5099     0.5683     0.0066  0.1121023 0.0000e+00
       3886     29.867     8.6262   3.392831     0.5098     0.5682     0.0066  0.1121186 0.0000e+00
       3887     29.890     8.6275   3.393144     0.5097     0.5681     0.0066  0.1121336 0.0000e+00
       3888     29.912     8.6287   3.393450     0.5096     0.5681     0.0066  0.1121471 0.0000e+00
       3889     29.935     8.6300   3.393751     0.5095     0.5680     0.0066  0.1121594 0.0000e+00
       3890     29.957     8.6312   3.394046     0.5094     0.5680     0.0066  0.1121705 0.0000e+00
       3891     29.979     8.6323   3.394335     0.5093     0.5679     0.0066  0.1121814 0.0000e+00
       3892     30.002     8.6335   3.394619     0.5092     0.5678     0.0066  0.1121930 0.0000e+00
       3893     30.024     8.6346   3.394897     0.5091     0.5678     0.0066  0.1122044 0.0000e+00
       3894     30.046     8.6356   3.395170     0.5090     0.5677     0.0066  0.1122150 0.0000e+00
       3895     30.069     8.6367   3.395438     0.5089     0.5677     0.0066  0.1122248 0.0000e+00
       3896     30.091     8.6377   3.395700     0.5088     0.5676     0.0066  0.1122339 0.0000e+00
       3897     30.113     8.6387   3.395958     0.5087     0.5676     0.0066  0.1122424 0.0000e+00
       3898     30.135     8.6396   3.396210     0.5086     0.5675     0.0066  0.1122502 0.0000e+00
       3899     30.157     8.6406   3.396458     0.5085     0.5675     0.0066  0.1122575 0.0000e+00
       3900     30.180     8.6414   3.396700     0.5084     0.5674     0.0062  0.1122643 0.0000e+00
       3901     30.202     8.6423   3.396938     0.5083     0.5673     0.0059  0.1122706 0.0000e+00
       3902     30.224     8.6431   3.397169     0.5082     0.5673     0.0057  0.1122766 0.0000e+00
       3903     30.246     8.6438   3.397396     0.5081     0.5672     0.0057  0.1122822 0.0000e+00
       3904     30.267     8.6445   3.397617     0.5080     0.5672     0.0057  0.1122874 0.0000e+00
       3905     30.289     8.6452   3.397834     0.5079     0.5671     0.0057  0.1122924 0.0000e+00
       3906     30.311     8.6459   3.398046     0.5078     0.5670     0.0057  0.1122980 0.0000e+00
       3907     30.333     8.6468   3.398253     0.5077     0.5670     0.0057  0.1123051 0.0000e+00
       3908     30.355     8.6478   3.398456     0.5076     0.5669     0.0057  0.1123128 0.0000e+00
       3909     30.377     8.6487   3.398654     0.5075     0.5668     0.0057  0.1123205 0.0000e+00
       3910     30.398     8.6495   3.398847     0.5074     0.5667     0.0057  0.1123281 0.0000e+00
       3911     30.420     8.6503   3.399035     0.5073     0.5667     0.0057  0.1123357 0.0000e+00
       3912     30.442     8.6510   3.399218     0.5072     0.5666     0.0057  0.1123433 0.0000e+00
       3913     30.464     8.6517   3.399396     0.5071     0.5665     0.0057  0.1123511 0.0000e+00
       3914     30.486     8.6525   3.399569     0.5070     0.5665     0.0057  0.1123598 0.0000e+00
       3915     30.507     8.6534   3.399739     0.5069     0.5664     0.0057  0.1123705 0.0000e+00
       3916     30.529     8.6545   3.399906     0.5068     0.5663     0.0057  0.1123823 0.0000e+00
       3917     30.551     8.6555   3.400070     0.5067     0.5663     0.0057  0.1123945 0.0000e+00
       3918     30.572     8.6564   3.400230     0.5066     0.5662     0.0057  0.1124071 0.0000e+00
       3919     30.594     8.6574   3.400388     0.5065     0.5662     0.0057  0.1124203 0.0000e+00
       3920     30.615     8.6583   3.400543     0.5065     0.5661     0.0057  0.1124342 0.0000e+00
       3921     30.637     8.6591   3.400696     0.5064     0.5660     0.0057  0.1124496 0.0000e+00
       3922     30.659     8.6600   3.400845     0.5063     0.5660     0.0057  0.1124675 0.0000e+00
       3923     30.680     8.6608   3.400992     0.5062     0.5659     0.0057  0.1124873 0.0000e+00
       3924     30.702     8.6616   3.401136     0.5062     0.5658     0.0057  0.1125082 0.0000e+00
       3925     30.723     8.6623   3.401277     0.5061     0.5658     0.0057  0.1125303 0.0000e+00
       3926     30.745     8.6630   3.401417     0.5060     0.5657     0.0055  0.1125530 0.0000e+00
       3927     30.766     8.6637   3.401554     0.5059     0.5656     0.0055  0.1125747 0.0000e+00
       3928     30.788     8.6644   3.401690     0.5059     0.5656     0.0055  0.1125948 0.0000e+00
       3929     30.809     8.6651   3.401825     0.5058     0.5655     0.0055  0.1126132 0.0000e+00
       3930     30.831     8.6657   3.401959     0.5057     0.5655     0.0055  0.1126303 0.0000e+00
       3931     30.852     8.6663   3.402093     0.5057     0.5654     0.0053  0.1126461 0.0000e+00
       3932     30.873     8.6669   3.402227     0.5056     0.5653     0.0055  0.1126606 0.0000e+00
       3933     30.895     8.6675   3.402361     0.5055     0.5653     0.0055  0.1126741 0.0000e+00
       3934     30.916     8.6681   3.402495     0.5054     0.5652     0.0055  0.1126866 0.0000e+00
       3935     30.937     8.6686   3.402628     0.5054     0.5652     0.0055  0.1126982 0.0000e+00
       3936     30.958     8.6692   3.402762     0.5053     0.5651     0.0055  0.1127090 0.0000e+00
       3937     30.980     8.6697   3.402894     0.5052     0.5651     0.0055  0.1127190 0.0000e+00
       3938     31.001     8.6702   3.403027     0.5052     0.5650     0.0055  0.1127283 0.0000e+00
       3939     31.022     8.6707   3.403159     0.5051     0.5649     0.0055  0.1127371 0.0000e+00
       3940     31.043     8.6711   3.403290     0.5050     0.5649     0.0055  0.1127452 0.0000e+00
       3941     31.064     8.6716   3.403420     0.5049     0.5648     0.0055  0.1127529 0.0000e+00
       3942     31.085     8.6720   3.403549     0.5049     0.5648     0.0055  0.1127601 0.0000e+00
       3943     31.106     8.6724   3.403677     0.5048     0.5647     0.0055  0.1127669 0.0000e+00
       3944     31.127     8.6728   3.403802     0.5047     0.5646     0.0055  0.1127734 0.0000e+00
       3945     31.148     8.6732   3.403925     0.5046     0.5646     0.0055  0.1127796 0.0000e+00
       3946     31.169     8.6735   3.404047     0.5046     0.5645     0.0055  0.1127855 0.0000e+00
       3947     31.190     8.6738   3.404167     0.5045     0.5644     0.0055  0.1127912 0.0000e+00
       3948     31.211     8.6741   3.404285     0.5044     0.5644     0.0055  0.1127968 0.0000e+00
       3949     31.232     8.6743   3.404401     0.5043     0.5643     0.0055  0.1128021 0.0000e+00
       3950     31.253     8.6745   3.404515     0.5042     0.5643     0.0055  0.1128074 0.0000e+00
       3951     31.274     8.6747   3.404627     0.5041     0.5642     0.0053  0.1128126 0.0000e+00
       3952     31.295     8.6750   3.404738     0.5040     0.5641     0.0051  0.1128178 0.0000e+00
       3953     31.316     8.6756   3.404848     0.5038     0.5641     0.0051  0.1128230 0.0000e+00
       3954     31.337     8.6763   3.404958     0.5037     0.5640     0.0051  0.1128283 0.0000e+00
       3955     31.358     8.6770   3.405066     0.5036     0.5640     0.0051  0.1128336 0.0000e+00
       3956     31.379     8.6776   3.405172     0.5036     0.5639     0.0051  0.1128390 0.0000e+00
       3957     31.400     8.6783   3.405278     0.5035     0.5639     0.0051  0.1128446 0.0000e+00
       3958     31.421     8.6789   3.405381     0.5034     0.5639     0.0053  0.1128504 0.0000e+00
       3959     31.442     8.6794   3.405483     0.5033     0.5638     0.0051  0.1128564 0.0000e+00
       3960     31.463     8.6800   3.405584     0.5033     0.5638     0.0051  0.1128627 0.0000e+00
       3961     31.484     8.6805   3.405683     0.5032     0.5637     0.0051  0.1128693 0.0000e+00
       3962     31.505     8.6810   3.405781     0.5031     0.5637     0.0051  0.1128763 0.0000e+00
       3963     31.525     8.6815   3.405877     0.5030     0.5636     0.0051  0.1128837 0.0000e+00
       3964     31.546     8.6820   3.405972     0.5029     0.5636     0.0051  0.1128916 0.0000e+00
       3965     31.567     8.6824   3.406066     0.5028     0.5635     0.0051  0.1129000 0.0000e+00
       3966     31.588     8.6829   3.406157     0.5027     0.5634     0.0051  0.1129089 0.0000e+00
       3967     31.609     8.6833   3.406247     0.5027     0.5634     0.0051  0.1129185 0.0000e+00
       3968     31.630     8.6837   3.406335     0.5026     0.5633     0.0051  0.1129288 0.0000e+00
       3969     31.651     8.6841   3.406422     0.5025     0.5633     0.0051  0.1129399 0.0000e+00
       3970     31.672     8.6845   3.406507     0.5024     0.5632     0.0051  0.1129518 0.0000e+00
       3971     31.693     8.6848   3.406590     0.5023     0.5632     0.0051  0.1129647 0.0000e+00
       3972     31.714     8.6852   3.406672     0.5023     0.5631     0.0051  0.1129786 0.0000e+00
       3973     31.735     8.6855   3.406751     0.5022     0.5631     0.0051  0.1129937 0.0000e+00
       3974     31.756     8.6858   3.406829     0.5021     0.5630     0.0051  0.1130099 0.0000e+00
       3975     31.777     8.6861   3.406905     0.5021     0.5630     0.0051  0.1130275 0.0000e+00
       3976     31.798     8.6864   3.406979     0.5020     0.5629     0.0051  0.1130466 0.0000e+00
       3977     31.819     8.6867   3.407051     0.5019     0.5629     0.0049  0.1130673 0.0000e+00
       3978     31.840     8.6870   3.407122     0.5019     0.5628     0.0048  0.1130888 0.0000e+00
       3979     31.862     8.6872   3.407192     0.5018     0.5628     0.0048  0.1131098 0.0000e+00
       3980     31.883     8.6875   3.407260     0.5017     0.5627     0.0048  0.1131293 0.0000e+00
       3981     31.904     8.6878   3.407329     0.5017     0.5627     0.0048  0.1131476 0.0000e+00
       3982     31.925     8.6880   3.407396     0.5016     0.5626     0.0048  0.1131649 0.0000e+00
       3983     31.947     8.6883   3.407462     0.5015     0.5626     0.0048  0.1131811 0.0000e+00
       3984     31.968     8.6885   3.407527     0.5015     0.5625     0.0048  0.1131965 0.0000e+00
       3985     31.989     8.6887   3.407592     0.5014     0.5625     0.0048  0.1132111 0.0000e+00
       3986     32.010     8.6890   3.407658     0.5013     0.5624     0.0048  0.1132251 0.0000e+00
       3987     32.032     8.6892   3.407722     0.5012     0.5624     0.0048  0.1132385 0.0000e+00
       3988     32.053     8.6894   3.407785     0.5011     0.5623     0.0048  0.1132515 0.0000e+00
       3989     32.074     8.6897   3.407848     0.5011     0.5623     0.0048  0.1132641 0.0000e+00
       3990     32.096     8.6899   3.407910     0.5010     0.5622     0.0048  0.1132764 0.0000e+00
       3991     32.117     8.6901   3.407973     0.5009     0.5622     0.0048  0.1132885 0.0000e+00
       3992     32.139     8.6903   3.408035     0.5009     0.5621     0.0048  0.1133004 0.0000e+00
       3993     32.160     8.6906   3.408096     0.5008     0.5621     0.0048  0.1133124 0.0000e+00
       3994     32.182     8.6908   3.408156     0.5007     0.5620     0.0048  0.1133252 0.0000e+00
       3995     32.203     8.6910   3.408217     0.5006     0.5619     0.0048  0.1133399 0.0000e+00
       3996     32.225     8.6912   3.408278     0.5006     0.5619     0.0048  0.1133557 0.0000e+00
       3997     32.246     8.6914   3.408338     0.5005     0.5618     0.0048  0.1133718 0.0000e+00
       3998     32.268     8.6916   3.408398     0.5005     0.5618     0.0048  0.1133884 0.0000e+00
       3999     32.289     8.6918   3.408456     0.5004     0.5617     0.0048  0.1134055 0.0000e+00
       4000     32.311     8.6921   3.408516     0.5004     0.5617     0.0048  0.1134234 0.0000e+00
