data/2021/ctd_data_day3/station4d_ctm_fil_le_der.cnv
* Sea-Bird SBE 9 Data File:
* FileName = C:\Users\CTD-User\Desktop\MAR440\day3\station4d.hex
* Software Version Seasave V 7.26.2.13
* Temperature SN = 6313
* Conductivity SN = 4758
* Number of Bytes Per Scan = 37
* Number of Voltage Words = 4
* Number of Scans Averaged by the Deck Unit = 1
* NMEA Latitude = 58 19.57 N
* NMEA Longitude = 011 50.76 E
* NMEA UTC (Time) = Sep 23 2021 09:22:13
* NMEA baud rate = 4800
** Ship: Skagerrak
** Station: station4D
** Operator: Nicolas
# nquan = 13                                
# nvalues = 1887                        
# units = specified
# name 0 = scan: Scan Count
# name 1 = prDM: Pressure, Digiquartz [db]
# name 2 = t090C: Temperature [ITS-90, deg C]
# name 3 = c0S/m: Conductivity [S/m]
# name 4 = sbeox0V: Oxygen raw, SBE 43 [V]
# name 5 = sbeox1V: Oxygen raw, SBE 43, 2 [V]
# name 6 = flECO-AFL: Fluorescence, WET Labs ECO-AFL/FL [mg/m^3]
# name 7 = upoly0: Upoly 0, Turbidity
# name 8 = depSM: Depth [salt water, m], lat = 58.3262
# name 9 = sal00: Salinity, Practical [PSU]
# name 10 = sbeox0ML/L: Oxygen, SBE 43 [ml/l], WS = 2
# name 11 = sbeox1ML/L: Oxygen, SBE 43, 2 [ml/l], WS = 2
# name 12 = flag: flag
# span 0 =          1,       1887       
# span 1 =      0.696,     12.878       
# span 2 =    13.8821,    15.7615       
# span 3 =   2.926252,   3.389260       
# span 4 =     1.6696,     2.7385       
# span 5 =     1.6682,     2.6416       
# span 6 =     0.0037,     0.0101       
# span 7 =  0.0900140,  0.1579594       
# span 8 =      0.690,     12.758       
# span 9 =    22.9617,    27.6950       
# span 10 =     3.1916,     6.6213      
# span 11 =     2.8464,     5.5387      
# span 12 = 0.0000e+00, 0.0000e+00      
# interval = seconds: 0.0416667
# start_time = Sep 23 2021 09:22:13 [NMEA time, header]
# bad_flag = -9.990e-29
*END*
[from data line 1667]
       1668     11.640    15.5038   3.262816     2.5769     2.4955     0.0040  0.0989401     11.531    25.4742     5.4595     4.6104 -9.990e-29
       1669     11.647    15.4945   3.264968     2.5725     2.4909     0.0040  0.0984762     11.538    25.4988     5.4375     4.5935 -9.990e-29
       1670     11.655    15.4848   3.267192     2.5681     2.4863     0.0040  0.0980485     11.546    25.5242     5.4157     4.5771 -9.990e-29
       1671     11.662    15.4747   3.269479     2.5637     2.4817     0.0040  0.0976540     11.553    25.5505     5.3941     4.5611 -9.990e-29
       1672     11.669    15.4641   3.271827     2.5592     2.4770     0.0040  0.0972899     11.560    25.5777     5.3725     4.5453 -9.990e-29
       1673     11.676    15.4534   3.274226     2.5546     2.4722     0.0040  0.0969519     11.567    25.6053     5.3509     4.5297 -9.990e-29
       1674     11.683    15.4428   3.276651     2.5500     2.4674     0.0040  0.0966361     11.574    25.6332     5.3295     4.5145 -9.990e-29
       1675     11.690    15.4325   3.279066     2.5453     2.4626     0.0040  0.0963420     11.581    25.6608     5.3081     4.4999 -9.990e-29
       1676     11.696    15.4226   3.281431     2.5405     2.4578     0.0040  0.0960691     11.587    25.6877     5.2866     4.4856 -9.990e-29
       1677     11.703    15.4131   3.283717     2.5357     2.4529     0.0040  0.0958157     11.594    25.7136     5.2654     4.4717 -9.990e-29
       1678     11.709    15.4041   3.285905     2.5308     2.4480     0.0040  0.0955798     11.600    25.7385     5.2442     4.4583 -9.990e-29
       1679     11.715    15.3958   3.287984     2.5259     2.4431     0.0040  0.0953600     11.606    25.7619     5.2232     4.4454 -9.990e-29
       1680     11.722    15.3882   3.289950     2.5209     2.4382     0.0040  0.0951529     11.613    25.7839     5.2022     4.4331 -9.990e-29
       1681     11.728    15.3812   3.291793     2.5159     2.4333     0.0040  0.0949555     11.619    25.8044     5.1814     4.4213 -9.990e-29
       1682     11.734    15.3748   3.293505     2.5108     2.4283     0.0040  0.0947680     11.625    25.8235     5.1607     4.4099 -9.990e-29
       1683     11.741    15.3689   3.295084     2.5057     2.4234     0.0040  0.0945909     11.632    25.8410     5.1402     4.3993 -9.990e-29
       1684     11.747    15.3635   3.296531     2.5005     2.4185     0.0040  0.0944228     11.637    25.8571     5.1197     4.3893 -9.990e-29
       1685     11.753    15.3585   3.297849     2.4953     2.4136     0.0040  0.0942627     11.643    25.8718     5.0995     4.3800 -9.990e-29
       1686     11.759    15.3538   3.299054     2.4901     2.4087     0.0040  0.0941095     11.649    25.8854     5.0795     4.3712 -9.990e-29
       1687     11.765    15.3495   3.300172     2.4848     2.4038     0.0040  0.0939603     11.655    25.8979     5.0596     4.3630 -9.990e-29
       1688     11.771    15.3450   3.301233     2.4794     2.3990     0.0040  0.0938124     11.661    25.9101     5.0397     4.3556 -9.990e-29
       1689     11.777    15.3402   3.302277     2.4741     2.3943     0.0040  0.0936666     11.667    25.9223     5.0203     4.3491 -9.990e-29
       1690     11.783    15.3350   3.303342     2.4687     2.3895     0.0040  0.0935234     11.673    25.9349     5.0009     4.3428 -9.990e-29
       1691     11.789    15.3292   3.304467     2.4633     2.3849     0.0038  0.0933836     11.679    25.9485     4.9817     4.3376 -9.990e-29
       1692     11.795    15.3226   3.305683     2.4579     2.3803     0.0037  0.0932505     11.685    25.9634     4.9628     4.3329 -9.990e-29
       1693     11.801    15.3152   3.307025     2.4525     2.3757     0.0037  0.0931265     11.691    25.9800     4.9441     4.3287 -9.990e-29
       1694     11.808    15.3068   3.308520     2.4470     2.3713     0.0037  0.0930116     11.698    25.9985     4.9253     4.3255 -9.990e-29
       1695     11.814    15.2977   3.310163     2.4416     2.3669     0.0037  0.0929051     11.704    26.0188     4.9070     4.3226 -9.990e-29
       1696     11.820    15.2882   3.311914     2.4361     2.3626     0.0037  0.0928061     11.710    26.0403     4.8887     4.3204 -9.990e-29
       1697     11.827    15.2784   3.313729     2.4306     2.3585     0.0037  0.0927140     11.717    26.0626     4.8705     4.3189 -9.990e-29
       1698     11.833    15.2685   3.315580     2.4251     2.3544     0.0037  0.0926282     11.723    26.0852     4.8525     4.3178 -9.990e-29
       1699     11.839    15.2584   3.317451     2.4196     2.3505     0.0037  0.0925480     11.729    26.1082     4.8346     4.3173 -9.990e-29
       1700     11.845    15.2488   3.319322     2.4140     2.3467     0.0037  0.0924729     11.735    26.1309     4.8167     4.3173 -9.990e-29
       1701     11.852    15.2401   3.321171     2.4084     2.3430     0.0037  0.0924024     11.742    26.1528     4.7988     4.3176 -9.990e-29
       1702     11.858    15.2321   3.322968     2.4029     2.3395     0.0037  0.0923359     11.747    26.1737     4.7814     4.3184 -9.990e-29
       1703     11.864    15.2244   3.324692     2.3973     2.3361     0.0037  0.0922731     11.753    26.1939     4.7638     4.3196 -9.990e-29
       1704     11.870    15.2172   3.326331     2.3918     2.3329     0.0037  0.0922135     11.759    26.2130     4.7467     4.3211 -9.990e-29
       1705     11.877    15.2106   3.327882     2.3862     2.3298     0.0037  0.0921566     11.766    26.2309     4.7294     4.3228 -9.990e-29
       1706     11.883    15.2046   3.329341     2.3807     2.3269     0.0037  0.0921021     11.772    26.2476     4.7126     4.3249 -9.990e-29
       1707     11.889    15.1989   3.330707     2.3751     2.3242     0.0037  0.0920496     11.778    26.2633     4.6956     4.3272 -9.990e-29
       1708     11.896    15.1935   3.331979     2.3696     2.3215     0.0037  0.0919979     11.785    26.2780     4.6791     4.3293 -9.990e-29
       1709     11.902    15.1885   3.333159     2.3641     2.3191     0.0037  0.0919457     11.791    26.2917     4.6626     4.3317 -9.990e-29
       1710     11.908    15.1838   3.334253     2.3585     2.3167     0.0037  0.0918936     11.797    26.3044     4.6460     4.3339 -9.990e-29
       1711     11.914    15.1795   3.335264     2.3530     2.3145     0.0037  0.0918421     11.803    26.3161     4.6298     4.3360 -9.990e-29
       1712     11.921    15.1755   3.336199     2.3475     2.3124     0.0037  0.0917907     11.810    26.3269     4.6137     4.3379 -9.990e-29
       1713     11.927    15.1717   3.337068     2.3420     2.3105     0.0037  0.0917383     11.816    26.3371     4.5976     4.3398 -9.990e-29
       1714     11.933    15.1679   3.337883     2.3365     2.3086     0.0037  0.0916837     11.822    26.3467     4.5817     4.3412 -9.990e-29
       1715     11.939    15.1641   3.338656     2.3309     2.3068     0.0037  0.0916273     11.828    26.3560     4.5655     4.3421 -9.990e-29
       1716     11.945    15.1605   3.339396     2.3254     2.3051     0.0037  0.0915704     11.834    26.3649     4.5498     4.3427 -9.990e-29
       1717     11.952    15.1570   3.340105     2.3198     2.3035     0.0038  0.0915152     11.841    26.3734     4.5338     4.3429 -9.990e-29
       1718     11.958    15.1534   3.340783     2.3143     2.3020     0.0038  0.0914639     11.847    26.3818     4.5182     4.3426 -9.990e-29
       1719     11.964    15.1499   3.341429     2.3088     2.3004     0.0038  0.0914170     11.852    26.3898     4.5026     4.3413 -9.990e-29
       1720     11.970    15.1464   3.342041     2.3033     2.2990     0.0038  0.0913740     11.858    26.3975     4.4872     4.3398 -9.990e-29
       1721     11.977    15.1430   3.342622     2.2978     2.2975     0.0038  0.0913348     11.865    26.4048     4.4718     4.3372 -9.990e-29
       1722     11.983    15.1396   3.343173     2.2922     2.2960     0.0038  0.0912991     11.871    26.4119     4.4561     4.3339 -9.990e-29
       1723     11.989    15.1362   3.343699     2.2867     2.2945     0.0038  0.0912665     11.877    26.4188     4.4408     4.3297 -9.990e-29
       1724     11.995    15.1327   3.344209     2.2811     2.2930     0.0038  0.0912369     11.883    26.4256     4.4253     4.3249 -9.990e-29
       1725     12.001    15.1292   3.344708     2.2756     2.2914     0.0038  0.0912101     11.889    26.4323     4.4102     4.3190 -9.990e-29
       1726     12.007    15.1256   3.345200     2.2701     2.2898     0.0038  0.0911859     11.895    26.4391     4.3950     4.3124 -9.990e-29
       1727     12.014    15.1219   3.345687     2.2646     2.2882     0.0038  0.0911640     11.902    26.4458     4.3800     4.3052 -9.990e-29
       1728     12.020    15.1182   3.346172     2.2592     2.2864     0.0038  0.0911445     11.908    26.4526     4.3653     4.2967 -9.990e-29
       1729     12.026    15.1143   3.346654     2.2537     2.2846     0.0038  0.0911270     11.914    26.4594     4.3504     4.2875 -9.990e-29
       1730     12.032    15.1103   3.347131     2.2482     2.2827     0.0038  0.0911116     11.920    26.4663     4.3356     4.2775 -9.990e-29
       1731     12.038    15.1062   3.347603     2.2428     2.2808     0.0038  0.0910981     11.926    26.4732     4.3211     4.2670 -9.990e-29
       1732     12.044    15.1020   3.348069     2.2373     2.2786     0.0038  0.0910864     11.932    26.4801     4.3064     4.2551 -9.990e-29
       1733     12.050    15.0978   3.348530     2.2319     2.2764     0.0038  0.0910763     11.938    26.4869     4.2921     4.2427 -9.990e-29
       1734     12.056    15.0934   3.348989     2.2265     2.2741     0.0040  0.0910680     11.944    26.4939     4.2778     4.2297 -9.990e-29
       1735     12.063    15.0890   3.349451     2.2210     2.2716     0.0038  0.0910612     11.951    26.5009     4.2634     4.2157 -9.990e-29
       1736     12.069    15.0843   3.349919     2.2156     2.2690     0.0038  0.0910552     11.956    26.5082     4.2493     4.2011 -9.990e-29
       1737     12.075    15.0794   3.350397     2.2102     2.2663     0.0038  0.0910489     11.962    26.5157     4.2353     4.1860 -9.990e-29
       1738     12.081    15.0741   3.350888     2.2049     2.2635     0.0038  0.0910424     11.968    26.5236     4.2217     4.1703 -9.990e-29
       1739     12.087    15.0686   3.351396     2.1995     2.2605     0.0038  0.0910348     11.974    26.5318     4.2079     4.1539 -9.990e-29
       1740     12.094    15.0627   3.351919     2.1942     2.2575     0.0040  0.0910260     11.981    26.5403     4.1944     4.1374 -9.990e-29
       1741     12.100    15.0564   3.352454     2.1888     2.2542     0.0038  0.0910177     11.987    26.5493     4.1808     4.1200 -9.990e-29
       1742     12.106    15.0500   3.352989     2.1834     2.2509     0.0040  0.0910105     11.993    26.5583     4.1672     4.1024 -9.990e-29
       1743     12.113    15.0433   3.353515     2.1781     2.2475     0.0048  0.0910012     12.000    26.5674     4.1540     4.0847 -9.990e-29
       1744     12.119    15.0367   3.354026     2.1728     2.2439     0.0040  0.0909863     12.006    26.5764     4.1410     4.0663 -9.990e-29
       1745     12.125    15.0301   3.354521     2.1675     2.2401     0.0040  0.0909689     12.012    26.5852     4.1280     4.0475 -9.990e-29
       1746     12.132    15.0235   3.355004     2.1622     2.2363     0.0040  0.0909525     12.019    26.5939     4.1150     4.0288 -9.990e-29
       1747     12.138    15.0165   3.355480     2.1569     2.2324     0.0040  0.0909368     12.025    26.6028     4.1022     4.0099 -9.990e-29
       1748     12.144    15.0091   3.355955     2.1517     2.2284     0.0040  0.0909219     12.031    26.6120     4.0897     3.9909 -9.990e-29
       1749     12.151    15.0013   3.356434     2.1465     2.2243     0.0040  0.0909075     12.038    26.6215     4.0773     3.9718 -9.990e-29
       1750     12.158    14.9929   3.356925     2.1413     2.2202     0.0040  0.0908936     12.045    26.6316     4.0650     3.9529 -9.990e-29
       1751     12.164    14.9840   3.357434     2.1362     2.2159     0.0040  0.0908800     12.051    26.6421     4.0531     3.9337 -9.990e-29
       1752     12.171    14.9746   3.357960     2.1310     2.2116     0.0040  0.0908668     12.058    26.6531     4.0410     3.9148 -9.990e-29
       1753     12.177    14.9648   3.358498     2.1259     2.2072     0.0040  0.0908537     12.063    26.6645     4.0293     3.8958 -9.990e-29
       1754     12.184    14.9549   3.359039     2.1208     2.2027     0.0040  0.0908408     12.070    26.6760     4.0177     3.8769 -9.990e-29
       1755     12.190    14.9450   3.359574     2.1157     2.1981     0.0040  0.0908278     12.076    26.6874     4.0062     3.8579 -9.990e-29
       1756     12.197    14.9353   3.360095     2.1107     2.1935     0.0040  0.0908148     12.083    26.6986     3.9951     3.8393 -9.990e-29
       1757     12.203    14.9258   3.360596     2.1057     2.1889     0.0040  0.0908016     12.089    26.7095     3.9840     3.8209 -9.990e-29
       1758     12.210    14.9164   3.361078     2.1007     2.1841     0.0040  0.0907882     12.096    26.7202     3.9730     3.8023 -9.990e-29
       1759     12.216    14.9072   3.361541     2.0957     2.1793     0.0040  0.0907744     12.102    26.7305     3.9622     3.7840 -9.990e-29
       1760     12.223    14.8980   3.361990     2.0908     2.1745     0.0040  0.0907602     12.109    26.7408     3.9517     3.7661 -9.990e-29
       1761     12.230    14.8887   3.362427     2.0858     2.1696     0.0040  0.0907445     12.116    26.7510     3.9409     3.7481 -9.990e-29
       1762     12.236    14.8796   3.362858     2.0809     2.1646     0.0040  0.0907274     12.122    26.7610     3.9306     3.7303 -9.990e-29
       1763     12.243    14.8707   3.363290     2.0761     2.1596     0.0040  0.0907103     12.129    26.7709     3.9206     3.7127 -9.990e-29
       1764     12.250    14.8621   3.363721     2.0712     2.1545     0.0040  0.0906932     12.136    26.7806     3.9104     3.6952 -9.990e-29
       1765     12.256    14.8535   3.364150     2.0664     2.1494     0.0040  0.0906743     12.142    26.7902     3.9005     3.6780 -9.990e-29
       1766     12.263    14.8450   3.364570     2.0616     2.1443     0.0040  0.0906525     12.149    26.7998     3.8907     3.6611 -9.990e-29
       1767     12.270    14.8368   3.364977     2.0569     2.1391     0.0040  0.0906285     12.156    26.8090     3.8812     3.6443 -9.990e-29
       1768     12.277    14.8287   3.365367     2.0522     2.1338     0.0042  0.0906039     12.163    26.8180     3.8717     3.6275 -9.990e-29
       1769     12.283    14.8209   3.365738     2.0475     2.1285     0.0042  0.0905803     12.168    26.8266     3.8623     3.6110 -9.990e-29
       1770     12.290    14.8131   3.366092     2.0428     2.1232     0.0042  0.0905582     12.175    26.8351     3.8529     3.5948 -9.990e-29
       1771     12.297    14.8053   3.366434     2.0381     2.1179     0.0042  0.0905376     12.182    26.8435     3.8434     3.5788 -9.990e-29
       1772     12.304    14.7972   3.366767     2.0336     2.1125     0.0042  0.0905183     12.189    26.8520     3.8346     3.5629 -9.990e-29
       1773     12.310    14.7889   3.367098     2.0290     2.1071     0.0042  0.0905001     12.195    26.8606     3.8256     3.5473 -9.990e-29
       1774     12.317    14.7806   3.367427     2.0245     2.1017     0.0042  0.0904830     12.202    26.8692     3.8168     3.5319 -9.990e-29
       1775     12.324    14.7719   3.367755     2.0200     2.0962     0.0042  0.0904669     12.209    26.8781     3.8081     3.5166 -9.990e-29
       1776     12.330    14.7635   3.368083     2.0156     2.0908     0.0042  0.0904515     12.215    26.8868     3.7997     3.5018 -9.990e-29
       1777     12.337    14.7555   3.368413     2.0112     2.0853     0.0042  0.0904368     12.222    26.8952     3.7912     3.4870 -9.990e-29
