data/2021/ctd_data_day3/station1a.cnv
* Sea-Bird SBE 9 Data File:
* FileName = C:\Users\CTD-User\Desktop\MAR440\day3\station1a.hex
* Software Version Seasave V 7.26.2.13
* Temperature SN = 6313
* Conductivity SN = 4758
* Number of Bytes Per Scan = 37
* Number of Voltage Words = 4
* Number of Scans Averaged by the Deck Unit = 1
* NMEA Latitude = 58 20.46 N
* NMEA Longitude = 011 53.94 E
* NMEA UTC (Time) = Sep 23 2021 08:23:54
* NMEA baud rate = 4800
** Ship: Skagerrak
** Station: station1a
** Operator: Jess
# nquan = 9
# nvalues = 3026                                  
# units = specified
# name 0 = scan: Scan Count
# name 1 = prDM: Pressure, Digiquartz [db]
# name 2 = t090C: Temperature [ITS-90, deg C]
# name 3 = c0S/m: Conductivity [S/m]
# name 4 = sbeox0V: Oxygen raw, SBE 43 [V]
# name 5 = sbeox1V: Oxygen raw, SBE 43, 2 [V]
# name 6 = flECO-AFL: Fluorescence, WET Labs ECO-AFL/FL [mg/m^3]
# name 7 = upoly0: Upoly 0, Turbidity
# name 8 = flag:  0.000e+00
# span 0 =          1,       3026                 
# span 1 =      1.106,     33.895                 
# span 2 =     7.9623,    15.7106                 
# span 3 =   2.731959,   3.468611                 
# span 4 =     0.4931,     2.8620                 
# span 5 =     0.5529,     2.7375                 
# span 6 =     0.0035,     0.0152                 
# span 7 =  0.0883968,  0.2354054                 
# span 8 = 0.0000e+00, 0.0000e+00                 
# interval = seconds: 0.0416667
# start_time = Sep 23 2021 08:23:54 [NMEA time, header]
# bad_flag = -9.990e-29
*END*
[from data line 2401]
       2402     22.698     8.0380   3.260416     0.6127     0.6201     0.0145  0.2217302  0.000e+00
       2403     22.756     8.0388   3.260485     0.6115     0.6189     0.0145  0.2217302  0.000e+00
       2404     22.756     8.0392   3.260565     0.6115     0.6189     0.0145  0.2217302  0.000e+00
       2405     22.756     8.0397   3.260799     0.6103     0.6189     0.0145  0.2217302  0.000e+00
       2406     22.822     8.0399   3.260885     0.6115     0.6189     0.0145  0.2217302  0.000e+00
       2407     22.756     8.0409   3.261000     0.6103     0.6176     0.0146  0.2241722  0.000e+00
       2408     22.805     8.0412   3.261000     0.6079     0.6176     0.0148  0.2261258  0.000e+00
       2409     22.937     8.0419   3.260960     0.6079     0.6164     0.0148  0.2266142  0.000e+00
       2410     22.879     8.0423   3.261240     0.6079     0.6164     0.0148  0.2261258  0.000e+00
       2411     22.879     8.0426   3.261452     0.6079     0.6164     0.0148  0.2261258  0.000e+00
       2412     22.937     8.0430   3.261423     0.6066     0.6152     0.0148  0.2261258  0.000e+00
       2413     22.937     8.0436   3.261595     0.6054     0.6152     0.0148  0.2261258  0.000e+00
       2414     22.937     8.0440   3.261870     0.6042     0.6152     0.0148  0.2261258  0.000e+00
       2415     23.003     8.0447   3.261864     0.6042     0.6140     0.0148  0.2261258  0.000e+00
       2416     23.003     8.0454   3.262082     0.6042     0.6140     0.0148  0.2261258  0.000e+00
       2417     23.061     8.0461   3.262288     0.6018     0.6128     0.0148  0.2261258  0.000e+00
       2418     23.061     8.0466   3.262363     0.6005     0.6140     0.0148  0.2261258  0.000e+00
       2419     23.061     8.0474   3.262460     0.6005     0.6128     0.0148  0.2261258  0.000e+00
       2420     23.061     8.0479   3.262718     0.6018     0.6128     0.0148  0.2261258  0.000e+00
       2421     23.127     8.0484   3.262821     0.6005     0.6115     0.0146  0.2261258  0.000e+00
       2422     23.184     8.0490   3.262775     0.5993     0.6115     0.0148  0.2261258  0.000e+00
       2423     23.127     8.0495   3.263050     0.5981     0.6115     0.0148  0.2261258  0.000e+00
       2424     23.184     8.0500   3.263336     0.5981     0.6115     0.0148  0.2261258  0.000e+00
       2425     23.250     8.0510   3.263365     0.5993     0.6103     0.0148  0.2261258  0.000e+00
       2426     23.250     8.0516   3.263485     0.5981     0.6103     0.0148  0.2261258  0.000e+00
       2427     23.184     8.0534   3.263725     0.5957     0.6103     0.0148  0.2261258  0.000e+00
       2428     23.308     8.0545   3.264052     0.5957     0.6091     0.0148  0.2261258  0.000e+00
       2429     23.308     8.0563   3.264327     0.5944     0.6091     0.0148  0.2261258  0.000e+00
       2430     23.308     8.0576   3.264699     0.5957     0.6091     0.0148  0.2261258  0.000e+00
       2431     23.366     8.0592   3.265026     0.5944     0.6091     0.0148  0.2261258  0.000e+00
       2432     23.366     8.0613   3.265495     0.5932     0.6079     0.0148  0.2271026  0.000e+00
       2433     23.366     8.0628   3.265873     0.5920     0.6079     0.0150  0.2305214  0.000e+00
       2434     23.366     8.0649   3.266200     0.5932     0.6079     0.0152  0.2319866  0.000e+00
       2435     23.432     8.0668   3.266486     0.5932     0.6079     0.0152  0.2319866  0.000e+00
       2436     23.489     8.0686   3.267019     0.5932     0.6066     0.0152  0.2319866  0.000e+00
       2437     23.432     8.0701   3.267374     0.5908     0.6066     0.0152  0.2319866  0.000e+00
       2438     23.489     8.0716   3.267644     0.5883     0.6066     0.0152  0.2319866  0.000e+00
       2439     23.555     8.0729   3.267884     0.5895     0.6066     0.0152  0.2319866  0.000e+00
       2440     23.555     8.0742   3.268257     0.5895     0.6054     0.0152  0.2319866  0.000e+00
       2441     23.539     8.0755   3.268600     0.5883     0.6054     0.0152  0.2319866  0.000e+00
       2442     23.613     8.0772   3.269065     0.5871     0.6054     0.0152  0.2319866  0.000e+00
       2443     23.613     8.0790   3.269523     0.5859     0.6054     0.0152  0.2319866  0.000e+00
       2444     23.613     8.0811   3.270085     0.5883     0.6042     0.0152  0.2319866  0.000e+00
       2445     23.613     8.0834   3.270652     0.5883     0.6042     0.0152  0.2319866  0.000e+00
       2446     23.671     8.0852   3.271105     0.5847     0.6042     0.0152  0.2319866  0.000e+00
       2447     23.737     8.0874   3.271523     0.5847     0.6042     0.0152  0.2319866  0.000e+00
       2448     23.671     8.0891   3.271982     0.5834     0.6030     0.0150  0.2319866  0.000e+00
       2449     23.737     8.0911   3.272366     0.5847     0.6030     0.0152  0.2319866  0.000e+00
       2450     23.794     8.0925   3.272790     0.5834     0.6030     0.0152  0.2319866  0.000e+00
       2451     23.794     8.0939   3.273197     0.5822     0.6030     0.0152  0.2319866  0.000e+00
       2452     23.794     8.0954   3.273673     0.5810     0.6030     0.0152  0.2319866  0.000e+00
       2453     23.794     8.0970   3.273994     0.5810     0.6018     0.0152  0.2319866  0.000e+00
       2454     23.860     8.0986   3.274442     0.5822     0.6018     0.0152  0.2319866  0.000e+00
       2455     23.860     8.1013   3.274900     0.5810     0.6018     0.0152  0.2319866  0.000e+00
       2456     23.918     8.1037   3.275348     0.5798     0.6018     0.0152  0.2319866  0.000e+00
       2457     23.918     8.1063   3.275818     0.5786     0.6018     0.0152  0.2319866  0.000e+00
       2458     23.918     8.1092   3.276317     0.5786     0.6005     0.0139  0.2134274  0.000e+00
       2459     23.984     8.1123   3.276753     0.5798     0.6005     0.0126  0.1963333  0.000e+00
       2460     23.984     8.1157   3.277332     0.5786     0.6005     0.0123  0.1938913  0.000e+00
       2461     23.984     8.1189   3.277911     0.5773     0.6005     0.0123  0.1938913  0.000e+00
       2462     24.042     8.1212   3.278640     0.5773     0.6005     0.0124  0.1948681  0.000e+00
       2463     24.042     8.1241   3.279518     0.5773     0.5993     0.0124  0.1948681  0.000e+00
       2464     24.099     8.1273   3.280241     0.5786     0.5993     0.0124  0.1948681  0.000e+00
       2465     24.099     8.1300   3.280694     0.5749     0.5993     0.0124  0.1948681  0.000e+00
       2466     24.099     8.1333   3.281147     0.5749     0.5981     0.0124  0.1948681  0.000e+00
       2467     24.099     8.1362   3.281916     0.5737     0.5981     0.0124  0.1948681  0.000e+00
       2468     24.165     8.1384   3.282737     0.5749     0.5993     0.0124  0.1948681  0.000e+00
       2469     24.223     8.1412   3.283162     0.5749     0.5981     0.0124  0.1948681  0.000e+00
       2470     24.165     8.1434   3.283610     0.5737     0.5981     0.0124  0.1948681  0.000e+00
       2471     24.223     8.1453   3.284327     0.5724     0.5981     0.0124  0.1948681  0.000e+00
       2472     24.289     8.1476   3.284746     0.5712     0.5981     0.0124  0.1948681  0.000e+00
       2473     24.289     8.1499   3.285142     0.5737     0.5969     0.0124  0.1948681  0.000e+00
       2474     24.289     8.1520   3.285826     0.5724     0.5969     0.0124  0.1948681  0.000e+00
       2475     24.289     8.1539   3.286147     0.5712     0.5969     0.0124  0.1948681  0.000e+00
       2476     24.347     8.1562   3.286779     0.5700     0.5969     0.0124  0.1948681  0.000e+00
       2477     24.347     8.1582   3.287261     0.5700     0.5969     0.0124  0.1948681  0.000e+00
       2478     24.405     8.1603   3.287497     0.5712     0.5969     0.0124  0.1948681  0.000e+00
       2479     24.405     8.1625   3.288100     0.5700     0.5957     0.0124  0.1948681  0.000e+00
       2480     24.405     8.1640   3.288416     0.5688     0.5957     0.0124  0.1948681  0.000e+00
       2481     24.471     8.1655   3.288979     0.5688     0.5957     0.0124  0.1948681  0.000e+00
       2482     24.471     8.1669   3.289352     0.5688     0.5957     0.0124  0.1948681  0.000e+00
       2483     24.471     8.1678   3.289731     0.5688     0.5957     0.0121  0.1880305  0.000e+00
       2484     24.528     8.1691   3.289949     0.5676     0.5957     0.0106  0.1626337  0.000e+00
       2485     24.528     8.1703   3.290093     0.5688     0.5944     0.0102  0.1523773  0.000e+00
       2486     24.594     8.1711   3.290380     0.5663     0.5944     0.0101  0.1523773  0.000e+00
       2487     24.594     8.1722   3.290656     0.5663     0.5944     0.0102  0.1533541  0.000e+00
       2488     24.594     8.1736   3.290817     0.5676     0.5944     0.0102  0.1538425  0.000e+00
       2489     24.594     8.1745   3.291024     0.5663     0.5944     0.0102  0.1538425  0.000e+00
       2490     24.652     8.1754   3.291110     0.5651     0.5944     0.0102  0.1538425  0.000e+00
       2491     24.718     8.1768   3.291472     0.5627     0.5932     0.0102  0.1538425  0.000e+00
       2492     24.652     8.1780   3.291661     0.5651     0.5932     0.0102  0.1538425  0.000e+00
       2493     24.718     8.1793   3.291926     0.5651     0.5932     0.0102  0.1533541  0.000e+00
       2494     24.776     8.1806   3.292104     0.5639     0.5932     0.0102  0.1538425  0.000e+00
       2495     24.718     8.1821   3.292483     0.5639     0.5932     0.0102  0.1533541  0.000e+00
       2496     24.833     8.1831   3.292604     0.5627     0.5920     0.0102  0.1538425  0.000e+00
       2497     24.776     8.1845   3.292948     0.5639     0.5932     0.0102  0.1538425  0.000e+00
       2498     24.833     8.1861   3.293230     0.5639     0.5920     0.0102  0.1538425  0.000e+00
       2499     24.833     8.1873   3.293569     0.5615     0.5920     0.0102  0.1538425  0.000e+00
       2500     24.899     8.1894   3.293960     0.5615     0.5920     0.0102  0.1538425  0.000e+00
       2501     24.899     8.1915   3.294242     0.5602     0.5920     0.0102  0.1538425  0.000e+00
       2502     24.899     8.1936   3.294862     0.5627     0.5920     0.0102  0.1538425  0.000e+00
       2503     24.957     8.1960   3.295201     0.5615     0.5920     0.0102  0.1538425  0.000e+00
       2504     24.957     8.1984   3.295679     0.5602     0.5908     0.0102  0.1538425  0.000e+00
       2505     24.957     8.2002   3.296225     0.5590     0.5908     0.0102  0.1538425  0.000e+00
       2506     25.023     8.2025   3.296535     0.5590     0.5908     0.0102  0.1538425  0.000e+00
       2507     25.023     8.2047   3.296961     0.5602     0.5908     0.0102  0.1538425  0.000e+00
       2508     25.081     8.2069   3.297593     0.5590     0.5908     0.0101  0.1538425  0.000e+00
       2509     25.023     8.2091   3.298076     0.5590     0.5896     0.0102  0.1470049  0.000e+00
       2510     25.147     8.2107   3.298450     0.5590     0.5896     0.0101  0.1406557  0.000e+00
       2511     25.081     8.2127   3.298726     0.5578     0.5896     0.0101  0.1396789  0.000e+00
       2512     25.147     8.2146   3.299163     0.5590     0.5896     0.0101  0.1396789  0.000e+00
       2513     25.204     8.2169   3.299669     0.5590     0.5896     0.0101  0.1401673  0.000e+00
       2514     25.147     8.2192   3.300244     0.5566     0.5896     0.0101  0.1401673  0.000e+00
       2515     25.262     8.2227   3.300877     0.5566     0.5896     0.0101  0.1401673  0.000e+00
       2516     25.204     8.2259   3.301647     0.5566     0.5896     0.0099  0.1401673  0.000e+00
       2517     25.262     8.2302   3.302482     0.5566     0.5896     0.0101  0.1401673  0.000e+00
       2518     25.262     8.2342   3.303253     0.5554     0.5883     0.0099  0.1401673  0.000e+00
       2519     25.262     8.2379   3.304000     0.5554     0.5883     0.0101  0.1401673  0.000e+00
       2520     25.328     8.2408   3.304680     0.5541     0.5883     0.0101  0.1401673  0.000e+00
       2521     25.386     8.2436   3.305318     0.5554     0.5883     0.0101  0.1401673  0.000e+00
       2522     25.328     8.2455   3.305928     0.5554     0.5883     0.0101  0.1401673  0.000e+00
       2523     25.386     8.2475   3.306366     0.5541     0.5883     0.0099  0.1401673  0.000e+00
       2524     25.386     8.2491   3.306630     0.5529     0.5883     0.0099  0.1401673  0.000e+00
       2525     25.452     8.2507   3.306901     0.5529     0.5883     0.0101  0.1401673  0.000e+00
       2526     25.452     8.2519   3.307310     0.5541     0.5871     0.0101  0.1401673  0.000e+00
       2527     25.509     8.2530   3.307649     0.5529     0.5871     0.0101  0.1401673  0.000e+00
       2528     25.452     8.2555   3.307989     0.5517     0.5871     0.0101  0.1401673  0.000e+00
       2529     25.509     8.2585   3.308530     0.5517     0.5871     0.0101  0.1401673  0.000e+00
       2530     25.567     8.2618   3.309307     0.5517     0.5871     0.0101  0.1401673  0.000e+00
       2531     25.567     8.2652   3.310148     0.5541     0.5871     0.0101  0.1401673  0.000e+00
       2532     25.567     8.2691   3.310787     0.5517     0.5871     0.0101  0.1401673  0.000e+00
       2533     25.633     8.2722   3.311582     0.5505     0.5859     0.0101  0.1401673  0.000e+00
       2534     25.633     8.2747   3.312296     0.5492     0.5859     0.0101  0.1382137  0.000e+00
       2535     25.633     8.2781   3.312935     0.5505     0.5859     0.0102  0.1313761  0.000e+00
       2536     25.691     8.2811   3.313609     0.5517     0.5859     0.0104  0.1279573  0.000e+00
       2537     25.691     8.2841   3.314208     0.5492     0.5859     0.0104  0.1279573  0.000e+00
       2538     25.757     8.2867   3.314687     0.5492     0.5859     0.0102  0.1279573  0.000e+00
       2539     25.691     8.2900   3.315309     0.5480     0.5847     0.0104  0.1284457  0.000e+00
       2540     25.815     8.2931   3.316190     0.5492     0.5859     0.0104  0.1284457  0.000e+00
       2541     25.757     8.2965   3.317009     0.5492     0.5859     0.0104  0.1284457  0.000e+00
       2542     25.815     8.2992   3.317429     0.5480     0.5847     0.0104  0.1284457  0.000e+00
       2543     25.814     8.3022   3.317959     0.5468     0.5847     0.0104  0.1279573  0.000e+00
       2544     25.880     8.3053   3.318876     0.5468     0.5847     0.0104  0.1284457  0.000e+00
       2545     25.880     8.3075   3.319556     0.5480     0.5847     0.0104  0.1284457  0.000e+00
       2546     25.880     8.3098   3.320098     0.5480     0.5847     0.0104  0.1284457  0.000e+00
       2547     25.938     8.3122   3.320784     0.5468     0.5847     0.0104  0.1279573  0.000e+00
       2548     25.938     8.3145   3.321326     0.5456     0.5847     0.0104  0.1284457  0.000e+00
       2549     25.996     8.3171   3.321816     0.5444     0.5834     0.0104  0.1284457  0.000e+00
       2550     25.938     8.3193   3.322341     0.5468     0.5834     0.0104  0.1279573  0.000e+00
       2551     26.012     8.3216   3.322612     0.5456     0.5834     0.0104  0.1284457  0.000e+00
       2552     26.062     8.3239   3.323223     0.5444     0.5834     0.0104  0.1284457  0.000e+00
       2553     26.062     8.3262   3.323633     0.5444     0.5834     0.0104  0.1284457  0.000e+00
       2554     26.120     8.3284   3.324088     0.5444     0.5834     0.0104  0.1284457  0.000e+00
       2555     26.062     8.3298   3.324601     0.5456     0.5834     0.0104  0.1279573  0.000e+00
       2556     26.120     8.3317   3.324976     0.5444     0.5822     0.0104  0.1284457  0.000e+00
       2557     26.120     8.3334   3.325426     0.5431     0.5834     0.0104  0.1279573  0.000e+00
       2558     26.186     8.3348   3.325703     0.5431     0.5822     0.0104  0.1279573  0.000e+00
       2559     26.186     8.3364   3.326228     0.5431     0.5822     0.0104  0.1284457  0.000e+00
       2560     26.243     8.3387   3.326407     0.5444     0.5822     0.0102  0.1235617  0.000e+00
