data/2021/ctd_data_day3/station7g_ctm.cnv
* Sea-Bird SBE 9 Data File:
* FileName = C:\Users\CTD-User\Desktop\MAR440\day3\station7g.hex
* Software Version Seasave V 7.26.2.13
* Temperature SN = 6313
* Conductivity SN = 4758
* Number of Bytes Per Scan = 37
* Number of Voltage Words = 4
* Number of Scans Averaged by the Deck Unit = 1
* NMEA Latitude = 58 18.80 N
* NMEA Longitude = 011 46.06 E
* NMEA UTC (Time) = Sep 23 2021 10:57:43
* NMEA baud rate = 4800
** Ship: Skagerrak
** Station: station7g
** Operator: Christina
# nquan = 9
# nvalues = 3543                        
# units = specified
# name 0 = scan: Scan Count
# name 1 = prDM: Pressure, Digiquartz [db]
# name 2 = t090C: Temperature [ITS-90, deg C]
# name 3 = c0S/m: Conductivity [S/m]
# name 4 = sbeox0V: Oxygen raw, SBE 43 [V]
# name 5 = sbeox1V: Oxygen raw, SBE 43, 2 [V]
# name 6 = flECO-AFL: Fluorescence, WET Labs ECO-AFL/FL [mg/m^3]
# name 7 = upoly0: Upoly 0, Turbidity
# name 8 = flag:  0.000e+00
# span 0 =          1,       3543       
# span 1 =      1.313,     39.126       
# span 2 =     5.9224,    16.0572       
# span 3 =   2.903914,   3.722012       
# span 4 =     0.4954,     2.8742       
# span 5 =     0.5504,     2.8181       
# span 6 =     0.0033,     0.0139       
# span 7 =  0.0859548,  0.1587265       
# span 8 = 0.0000e+00, 0.0000e+00       
# interval = seconds: 0.0416667
# start_time = Sep 23 2021 10:57:43 [NMEA time, header]
# bad_flag = -9.990e-29
*END*
[from data line 3201]
       3202     35.821     6.8003   3.247520     0.6029     0.6310     0.0123  0.0874200 0.0000e+00
       3203     35.821     6.7994   3.247624     0.6029     0.6298     0.0123  0.0874200 0.0000e+00
       3204     35.821     6.7982   3.247503     0.6005     0.6298     0.0123  0.0874200 0.0000e+00
       3205     35.830     6.7973   3.247326     0.5993     0.6286     0.0123  0.0874200 0.0000e+00
       3206     35.887     6.7969   3.247392     0.6017     0.6286     0.0123  0.0874200 0.0000e+00
       3207     35.887     6.7971   3.247391     0.6005     0.6286     0.0123  0.0874200 0.0000e+00
       3208     35.887     6.7970   3.247303     0.5993     0.6274     0.0123  0.0874200 0.0000e+00
       3209     35.887     6.4674   3.246136     0.6041     0.6274     0.0123  0.0874200 0.0000e+00
       3210     35.953     6.7954   3.247433     0.5993     0.6261     0.0123  0.0874200 0.0000e+00
       3211     35.887     6.7975   3.247410     0.5931     0.6261     0.0123  0.0874200 0.0000e+00
       3212     35.945     6.7968   3.247451     0.5944     0.6261     0.0123  0.0869316 0.0000e+00
       3213     35.945     6.7970   3.247473     0.5956     0.6249     0.0124  0.0874200 0.0000e+00
       3214     35.945     6.7964   3.247336     0.5944     0.6249     0.0124  0.0874200 0.0000e+00
       3215     35.953     6.7941   3.247353     0.5956     0.6237     0.0124  0.0874200 0.0000e+00
       3216     36.011     6.7919   3.247315     0.5956     0.6237     0.0124  0.0874200 0.0000e+00
       3217     35.945     6.7917   3.247110     0.5931     0.6225     0.0124  0.0874200 0.0000e+00
       3218     36.011     6.7916   3.247080     0.5919     0.6213     0.0124  0.0874200 0.0000e+00
       3219     36.011     6.7909   3.247182     0.5919     0.6213     0.0124  0.0874200 0.0000e+00
       3220     36.011     6.1529   3.244773     0.6029     0.6213     0.0123  0.0874200 0.0000e+00
       3221     36.011     6.7929   3.247223     0.5883     0.6200     0.0124  0.0874200 0.0000e+00
       3222     36.011     6.7912   3.247168     0.5883     0.6200     0.0124  0.0874200 0.0000e+00
       3223     36.069     6.7909   3.247061     0.5883     0.6188     0.0124  0.0874200 0.0000e+00
       3224     36.069     6.7909   3.247172     0.5895     0.6188     0.0124  0.0874200 0.0000e+00
       3225     36.068     6.7909   3.247118     0.5895     0.6176     0.0124  0.0874200 0.0000e+00
       3226     36.068     6.7914   3.247196     0.5883     0.6176     0.0124  0.0874200 0.0000e+00
       3227     36.068     6.7898   3.247249     0.5870     0.6176     0.0124  0.0874200 0.0000e+00
       3228     36.126     6.7893   3.247107     0.5858     0.6164     0.0124  0.0874200 0.0000e+00
       3229     36.068     6.7895   3.247104     0.5858     0.6164     0.0124  0.0874200 0.0000e+00
       3230     36.126     6.7890   3.247270     0.5870     0.6151     0.0124  0.0874200 0.0000e+00
       3231     36.068     6.7879   3.247193     0.5858     0.6151     0.0124  0.0874200 0.0000e+00
       3232     36.192     6.7863   3.247190     0.5834     0.6139     0.0124  0.0874200 0.0000e+00
       3233     36.126     6.7847   3.247111     0.5834     0.6139     0.0124  0.0874200 0.0000e+00
       3234     36.134     6.7835   3.246932     0.5834     0.6127     0.0124  0.0874200 0.0000e+00
       3235     36.126     6.7829   3.246943     0.5834     0.6127     0.0124  0.0874200 0.0000e+00
       3236     36.126     6.5399   3.246102     0.5931     0.6127     0.0124  0.0874200 0.0000e+00
       3237     36.192     6.7855   3.246956     0.5785     0.6115     0.0130  0.0874200 0.0000e+00
       3238     36.192     6.7843   3.247017     0.5736     0.6115     0.0134  0.0874200 0.0000e+00
       3239     36.192     6.7838   3.247022     0.5785     0.6115     0.0134  0.0874200 0.0000e+00
       3240     36.192     6.7833   3.246913     0.5809     0.6103     0.0134  0.0874200 0.0000e+00
       3241     36.250     6.7830   3.246988     0.5785     0.6090     0.0134  0.0874200 0.0000e+00
       3242     36.192     6.7832   3.247046     0.5785     0.6090     0.0134  0.0874200 0.0000e+00
       3243     36.250     6.7848   3.246957     0.5785     0.6078     0.0132  0.0869316 0.0000e+00
       3244     36.192     6.6086   3.246365     0.5846     0.6078     0.0134  0.0874200 0.0000e+00
       3245     36.316     6.7821   3.247050     0.5736     0.6078     0.0134  0.0869316 0.0000e+00
       3246     36.250     6.7813   3.246797     0.5724     0.6078     0.0132  0.0874200 0.0000e+00
       3247     36.250     6.7745   3.246733     0.5736     0.6066     0.0134  0.0874200 0.0000e+00
       3248     36.258     6.7712   3.246665     0.5736     0.6066     0.0132  0.0874200 0.0000e+00
       3249     36.316     6.7667   3.246478     0.5748     0.6054     0.0134  0.0874200 0.0000e+00
       3250     36.316     6.7617   3.246192     0.5736     0.6054     0.0134  0.0874200 0.0000e+00
       3251     36.316     6.7607   3.246155     0.5736     0.6042     0.0134  0.0874200 0.0000e+00
       3252     36.316     6.5766   3.245277     0.5809     0.6042     0.0134  0.0874200 0.0000e+00
       3253     36.316     6.7588   3.245714     0.5675     0.6029     0.0134  0.0874200 0.0000e+00
       3254     36.373     6.7567   3.245719     0.5687     0.6029     0.0134  0.0874200 0.0000e+00
       3255     36.316     6.7556   3.245842     0.5699     0.6029     0.0134  0.0874200 0.0000e+00
       3256     36.373     6.4796   3.244634     0.5797     0.6029     0.0132  0.0874200 0.0000e+00
       3257     36.316     6.7577   3.245716     0.5638     0.6017     0.0134  0.0874200 0.0000e+00
       3258     36.439     6.7585   3.245845     0.5638     0.6017     0.0134  0.0874200 0.0000e+00
       3259     36.373     6.7575   3.245676     0.5687     0.6017     0.0134  0.0874200 0.0000e+00
       3260     36.439     6.3732   3.244324     0.5785     0.6005     0.0134  0.0874200 0.0000e+00
       3261     36.373     6.7559   3.245785     0.5651     0.5993     0.0134  0.0874200 0.0000e+00
       3262     36.439     6.7538   3.245681     0.5602     0.5993     0.0132  0.0869316 0.0000e+00
       3263     36.439     6.7520   3.245515     0.5651     0.5993     0.0130  0.0874200 0.0000e+00
       3264     36.439     6.7509   3.245516     0.5687     0.5993     0.0130  0.0874200 0.0000e+00
       3265     36.439     6.7502   3.245526     0.5663     0.5980     0.0130  0.0874200 0.0000e+00
       3266     36.439     6.7501   3.245486     0.5638     0.5980     0.0130  0.0874200 0.0000e+00
       3267     36.497     6.7477   3.245380     0.5638     0.5980     0.0130  0.0874200 0.0000e+00
       3268     36.439     6.7454   3.245355     0.5651     0.5980     0.0130  0.0874200 0.0000e+00
       3269     36.497     6.7453   3.245326     0.5638     0.5968     0.0130  0.0874200 0.0000e+00
       3270     36.497     6.7443   3.245300     0.5626     0.5968     0.0130  0.0874200 0.0000e+00
       3271     36.497     6.7430   3.245267     0.5614     0.5956     0.0130  0.0874200 0.0000e+00
       3272     36.497     6.7438   3.245281     0.5602     0.5956     0.0130  0.0874200 0.0000e+00
       3273     36.555     6.7445   3.245272     0.5638     0.5956     0.0130  0.0874200 0.0000e+00
       3274     36.497     6.3934   3.243926     0.5699     0.5956     0.0128  0.0874200 0.0000e+00
       3275     36.555     6.7454   3.245251     0.5577     0.5944     0.0130  0.0874200 0.0000e+00
       3276     36.497     6.7434   3.245186     0.5541     0.5944     0.0130  0.0874200 0.0000e+00
       3277     36.554     6.7427   3.245103     0.5565     0.5944     0.0130  0.0874200 0.0000e+00
       3278     36.554     6.7418   3.245082     0.5602     0.5932     0.0130  0.0874200 0.0000e+00
       3279     36.620     6.7410   3.245181     0.5590     0.5932     0.0130  0.0874200 0.0000e+00
       3280     36.563     6.7405   3.245111     0.5590     0.5932     0.0130  0.0874200 0.0000e+00
       3281     36.554     6.7406   3.245065     0.5565     0.5919     0.0128  0.0874200 0.0000e+00
       3282     36.620     6.7405   3.245036     0.5565     0.5919     0.0130  0.0874200 0.0000e+00
       3283     36.620     6.7402   3.245045     0.5590     0.5919     0.0128  0.0874200 0.0000e+00
       3284     36.620     6.7400   3.244970     0.5565     0.5919     0.0130  0.0874200 0.0000e+00
       3285     36.620     6.7394   3.244927     0.5553     0.5919     0.0130  0.0874200 0.0000e+00
       3286     36.620     6.7385   3.244986     0.5541     0.5907     0.0130  0.0874200 0.0000e+00
       3287     36.678     6.7389   3.244958     0.5553     0.5907     0.0130  0.0874200 0.0000e+00
       3288     36.620     6.7390   3.244951     0.5553     0.5907     0.0130  0.0874200 0.0000e+00
       3289     36.686     6.7397   3.244943     0.5541     0.5907     0.0128  0.0869316 0.0000e+00
       3290     36.678     6.7394   3.245003     0.5528     0.5895     0.0130  0.0874200 0.0000e+00
       3291     36.678     6.7387   3.245125     0.5541     0.5895     0.0130  0.0874200 0.0000e+00
       3292     36.678     6.7367   3.245003     0.5541     0.5895     0.0130  0.0869316 0.0000e+00
       3293     36.678     6.7359   3.245004     0.5541     0.5883     0.0130  0.0874200 0.0000e+00
       3294     36.686     6.3299   3.243475     0.5602     0.5883     0.0130  0.0874200 0.0000e+00
       3295     36.744     6.7380   3.244992     0.5504     0.5883     0.0130  0.0874200 0.0000e+00
       3296     36.744     6.7371   3.244805     0.5443     0.5883     0.0130  0.0874200 0.0000e+00
       3297     36.744     6.7371   3.244769     0.5504     0.5883     0.0130  0.0874200 0.0000e+00
       3298     36.744     6.7363   3.244875     0.5504     0.5871     0.0130  0.0874200 0.0000e+00
       3299     36.744     6.7343   3.244888     0.5504     0.5858     0.0128  0.0874200 0.0000e+00
       3300     36.744     6.7340   3.244777     0.5492     0.5871     0.0130  0.0874200 0.0000e+00
       3301     36.802     6.7340   3.244810     0.5492     0.5871     0.0130  0.0874200 0.0000e+00
       3302     36.744     6.7348   3.244914     0.5504     0.5858     0.0130  0.0874200 0.0000e+00
       3303     36.802     6.3551   3.243566     0.5590     0.5858     0.0128  0.0874200 0.0000e+00
       3304     36.802     6.7374   3.245000     0.5443     0.5846     0.0130  0.0874200 0.0000e+00
       3305     36.802     6.7369   3.244922     0.5419     0.5846     0.0130  0.0874200 0.0000e+00
       3306     36.802     6.7364   3.244769     0.5455     0.5846     0.0130  0.0874200 0.0000e+00
       3307     36.802     6.7361   3.244847     0.5480     0.5846     0.0130  0.0874200 0.0000e+00
       3308     36.868     6.7358   3.244849     0.5467     0.5834     0.0130  0.0874200 0.0000e+00
       3309     36.802     6.7358   3.244882     0.5467     0.5834     0.0130  0.0874200 0.0000e+00
       3310     36.868     6.7361   3.244846     0.5455     0.5834     0.0130  0.0874200 0.0000e+00
       3311     36.868     6.7361   3.244879     0.5455     0.5834     0.0130  0.0874200 0.0000e+00
       3312     36.868     6.7359   3.244921     0.5455     0.5834     0.0130  0.0874200 0.0000e+00
       3313     36.868     6.7358   3.244850     0.5443     0.5834     0.0132  0.0874200 0.0000e+00
       3314     36.868     6.4134   3.243699     0.5516     0.5822     0.0135  0.0874200 0.0000e+00
       3315     36.868     6.7366   3.245023     0.5419     0.5822     0.0137  0.0874200 0.0000e+00
       3316     36.925     6.7369   3.244982     0.5394     0.5822     0.0137  0.0874200 0.0000e+00
       3317     36.868     6.7369   3.244934     0.5419     0.5822     0.0135  0.0874200 0.0000e+00
       3318     36.925     6.7367   3.244959     0.5431     0.5809     0.0137  0.0874200 0.0000e+00
       3319     36.925     6.7367   3.244842     0.5419     0.5809     0.0137  0.0874200 0.0000e+00
       3320     36.925     6.7361   3.244849     0.5419     0.5809     0.0137  0.0874200 0.0000e+00
       3321     36.925     6.7363   3.244876     0.5419     0.5809     0.0135  0.0874200 0.0000e+00
       3322     36.983     6.7361   3.244930     0.5419     0.5797     0.0137  0.0874200 0.0000e+00
       3323     36.925     6.3721   3.243643     0.5492     0.5797     0.0137  0.0874200 0.0000e+00
       3324     36.925     6.7375   3.244848     0.5382     0.5797     0.0137  0.0874200 0.0000e+00
       3325     36.991     6.7361   3.244892     0.5333     0.5785     0.0137  0.0874200 0.0000e+00
       3326     36.983     6.1712   3.242885     0.5492     0.5809     0.0137  0.0874200 0.0000e+00
       3327     36.983     6.7385   3.245101     0.5370     0.5785     0.0137  0.0874200 0.0000e+00
       3328     36.983     6.7383   3.245081     0.5345     0.5785     0.0137  0.0869316 0.0000e+00
       3329     36.991     6.7379   3.245064     0.5370     0.5785     0.0137  0.0874200 0.0000e+00
       3330     36.983     6.3850   3.243784     0.5480     0.5785     0.0137  0.0874200 0.0000e+00
       3331     37.049     6.7389   3.245077     0.5333     0.5773     0.0137  0.0874200 0.0000e+00
       3332     37.049     6.7374   3.245091     0.5345     0.5773     0.0137  0.0874200 0.0000e+00
       3333     37.049     6.7359   3.245076     0.5357     0.5773     0.0137  0.0874200 0.0000e+00
       3334     36.991     6.7359   3.245034     0.5370     0.5773     0.0137  0.0874200 0.0000e+00
       3335     37.049     6.5016   3.244242     0.5467     0.5773     0.0137  0.0874200 0.0000e+00
       3336     37.107     6.7361   3.245044     0.5345     0.5761     0.0137  0.0874200 0.0000e+00
       3337     37.049     6.7350   3.244928     0.5321     0.5773     0.0135  0.0869316 0.0000e+00
       3338     37.049     6.7342   3.244905     0.5345     0.5761     0.0137  0.0869316 0.0000e+00
       3339     37.107     6.7343   3.244958     0.5345     0.5761     0.0135  0.0874200 0.0000e+00
       3340     37.107     6.7343   3.245001     0.5357     0.5761     0.0135  0.0874200 0.0000e+00
       3341     37.107     6.7343   3.244929     0.5357     0.5761     0.0135  0.0874200 0.0000e+00
       3342     37.115     6.7337   3.244922     0.5345     0.5748     0.0135  0.0874200 0.0000e+00
       3343     37.107     6.7331   3.244985     0.5333     0.5748     0.0135  0.0874200 0.0000e+00
       3344     37.107     6.4970   3.244056     0.5406     0.5748     0.0135  0.0874200 0.0000e+00
       3345     37.173     6.7348   3.244772     0.5284     0.5748     0.0135  0.0874200 0.0000e+00
       3346     37.107     6.7345   3.244894     0.5309     0.5748     0.0135  0.0874200 0.0000e+00
       3347     37.173     6.4132   3.243796     0.5443     0.5748     0.0134  0.0874200 0.0000e+00
       3348     37.173     6.7351   3.244891     0.5272     0.5736     0.0135  0.0874200 0.0000e+00
       3349     37.173     6.7345   3.244902     0.5272     0.5736     0.0134  0.0874200 0.0000e+00
       3350     37.173     6.7339   3.244895     0.5321     0.5736     0.0135  0.0874200 0.0000e+00
       3351     37.230     6.3530   3.243660     0.5406     0.5724     0.0135  0.0874200 0.0000e+00
       3352     37.173     6.7345   3.244991     0.5296     0.5724     0.0135  0.0874200 0.0000e+00
       3353     37.230     6.7348   3.244937     0.5248     0.5724     0.0134  0.0874200 0.0000e+00
       3354     37.173     6.7342   3.244885     0.5296     0.5724     0.0135  0.0874200 0.0000e+00
       3355     37.230     6.7339   3.244925     0.5321     0.5724     0.0135  0.0874200 0.0000e+00
       3356     37.230     6.7334   3.245033     0.5309     0.5724     0.0134  0.0874200 0.0000e+00
       3357     37.288     6.7334   3.245023     0.5296     0.5724     0.0135  0.0874200 0.0000e+00
       3358     37.230     6.7335   3.244967     0.5296     0.5712     0.0135  0.0874200 0.0000e+00
       3359     37.230     6.7337   3.244947     0.5296     0.5712     0.0135  0.0874200 0.0000e+00
       3360     37.296     6.7335   3.244895     0.5309     0.5712     0.0135  0.0874200 0.0000e+00
