data/2021/ctd_data_day3/station7g.cnv
* Sea-Bird SBE 9 Data File:
* FileName = C:\Users\CTD-User\Desktop\MAR440\day3\station7g.hex
* Software Version Seasave V 7.26.2.13
* Temperature SN = 6313
* Conductivity SN = 4758
* Number of Bytes Per Scan = 37
* Number of Voltage Words = 4
* Number of Scans Averaged by the Deck Unit = 1
* NMEA Latitude = 58 18.80 N
* NMEA Longitude = 011 46.06 E
* NMEA UTC (Time) = Sep 23 2021 10:57:43
* NMEA baud rate = 4800
** Ship: Skagerrak
** Station: station7g
** Operator: Christina
# nquan = 9
# nvalues = 3543                                  
# units = specified
# name 0 = scan: Scan Count
# name 1 = prDM: Pressure, Digiquartz [db]
# name 2 = t090C: Temperature [ITS-90, deg C]
# name 3 = c0S/m: Conductivity [S/m]
# name 4 = sbeox0V: Oxygen raw, SBE 43 [V]
# name 5 = sbeox1V: Oxygen raw, SBE 43, 2 [V]
# name 6 = flECO-AFL: Fluorescence, WET Labs ECO-AFL/FL [mg/m^3]
# name 7 = upoly0: Upoly 0, Turbidity
# name 8 = flag:  0.000e+00
# span 0 =          1,       3543                 
# span 1 =      1.313,     39.126                 
# span 2 =     5.9224,    16.0572                 
# span 3 =   2.903987,   3.724249                 
# span 4 =     0.4954,     2.8742                 
# span 5 =     0.5504,     2.8181                 
# span 6 =     0.0033,     0.0139                 
# span 7 =  0.0859548,  0.1587265                 
# span 8 = 0.0000e+00, 0.0000e+00                 
# interval = seconds: 0.0416667
# start_time = Sep 23 2021 10:57:43 [NMEA time, header]
# bad_flag = -9.990e-29
*END*
[from data line 481]
        482      7.438    14.8871   2.906049     2.2137     2.4298     0.0048  0.1543309  0.000e+00
        483      7.381    14.8849   2.906169     2.2137     2.4310     0.0048  0.1543309  0.000e+00
        484      7.480    14.8815   2.906038     2.2124     2.4310     0.0048  0.1543309  0.000e+00
        485      7.496    14.8797   2.906219     2.2112     2.4310     0.0048  0.1543309  0.000e+00
        486      7.496    14.8790   2.906251     2.2112     2.4310     0.0048  0.1548193  0.000e+00
        487      7.537    14.8786   2.906087     2.2100     2.4310     0.0048  0.1548193  0.000e+00
        488      7.562    14.8771   2.906235     2.2088     2.4310     0.0048  0.1548193  0.000e+00
        489      7.537    14.8761   2.906251     2.2088     2.4310     0.0048  0.1548193  0.000e+00
        490      7.562    14.8771   2.906219     2.2076     2.4310     0.0048  0.1548193  0.000e+00
        491      7.620    14.8765   2.906367     2.2076     2.4310     0.0048  0.1543309  0.000e+00
        492      7.661    14.8756   2.906356     2.2063     2.4310     0.0048  0.1543309  0.000e+00
        493      7.686    14.8746   2.906350     2.2051     2.4298     0.0048  0.1548193  0.000e+00
        494      7.620    14.8733   2.906465     2.2039     2.4298     0.0048  0.1543309  0.000e+00
        495      7.719    14.8719   2.906400     2.2027     2.4298     0.0048  0.1543309  0.000e+00
        496      7.743    14.8706   2.906454     2.2027     2.4298     0.0048  0.1548193  0.000e+00
        497      7.743    14.8685   2.906537     2.2015     2.4298     0.0048  0.1543309  0.000e+00
        498      7.718    14.8636   2.906493     2.2002     2.4298     0.0048  0.1543309  0.000e+00
        499      7.809    14.8589   2.906586     2.2002     2.4298     0.0048  0.1548193  0.000e+00
        500      7.809    14.8557   2.906553     2.1990     2.4298     0.0048  0.1543309  0.000e+00
        501      7.842    14.8540   2.906537     2.1990     2.4286     0.0048  0.1548193  0.000e+00
        502      7.867    14.8525   2.906696     2.1978     2.4286     0.0048  0.1548193  0.000e+00
        503      7.867    14.8513   2.906564     2.1966     2.4286     0.0048  0.1543309  0.000e+00
        504      7.900    14.8523   2.906674     2.1966     2.4286     0.0048  0.1548193  0.000e+00
        505      7.867    14.8540   2.906805     2.1941     2.4286     0.0048  0.1543309  0.000e+00
        506      7.900    14.8542   2.906707     2.1941     2.4286     0.0048  0.1548193  0.000e+00
        507      7.990    14.8527   2.906838     2.1929     2.4286     0.0048  0.1543309  0.000e+00
        508      7.990    14.8522   2.906827     2.1929     2.4286     0.0046  0.1548193  0.000e+00
        509      7.966    14.8505   2.906679     2.1917     2.4286     0.0046  0.1548193  0.000e+00
        510      8.048    14.8474   2.906910     2.1917     2.4273     0.0046  0.1548193  0.000e+00
        511      8.048    14.8432   2.906893     2.1905     2.4273     0.0046  0.1543309  0.000e+00
        512      8.023    14.8402   2.906806     2.1905     2.4273     0.0046  0.1543309  0.000e+00
        513      8.114    14.8408   2.906964     2.1892     2.4273     0.0046  0.1538425  0.000e+00
        514      8.114    14.8456   2.906877     2.1880     2.4261     0.0046  0.1548193  0.000e+00
        515      8.089    14.8474   2.906959     2.1868     2.4261     0.0046  0.1538425  0.000e+00
        516      8.172    14.8481   2.906975     2.1856     2.4261     0.0046  0.1548193  0.000e+00
        517      8.172    14.8464   2.906932     2.1856     2.4261     0.0046  0.1543309  0.000e+00
        518      8.213    14.8422   2.907052     2.1844     2.4261     0.0046  0.1543309  0.000e+00
        519      8.172    14.8405   2.906981     2.1831     2.4249     0.0046  0.1543309  0.000e+00
        520      8.295    14.8423   2.907025     2.1831     2.4249     0.0046  0.1543309  0.000e+00
        521      8.213    14.8447   2.907151     2.1819     2.4249     0.0046  0.1538425  0.000e+00
        522      8.295    14.8466   2.906981     2.1819     2.4237     0.0046  0.1548193  0.000e+00
        523      8.295    14.8474   2.907184     2.1807     2.4237     0.0046  0.1543309  0.000e+00
        524      8.328    14.8471   2.907102     2.1807     2.4237     0.0046  0.1548193  0.000e+00
        525      8.295    14.8417   2.907052     2.1807     2.4237     0.0046  0.1548193  0.000e+00
        526      8.353    14.8407   2.907211     2.1795     2.4237     0.0046  0.1548193  0.000e+00
        527      8.394    14.8422   2.907063     2.1783     2.4225     0.0046  0.1543309  0.000e+00
        528      8.419    14.8415   2.907102     2.1783     2.4225     0.0046  0.1548193  0.000e+00
        529      8.419    14.8400   2.907129     2.1770     2.4225     0.0046  0.1543309  0.000e+00
        530      8.452    14.8427   2.907107     2.1758     2.4212     0.0046  0.1543309  0.000e+00
        531      8.419    14.8503   2.907250     2.1758     2.4212     0.0046  0.1543309  0.000e+00
        532      8.477    14.8562   2.907151     2.1758     2.4212     0.0046  0.1548193  0.000e+00
        533      8.518    14.8587   2.907189     2.1746     2.4212     0.0046  0.1533541  0.000e+00
        534      8.543    14.8601   2.907271     2.1746     2.4200     0.0048  0.1504237  0.000e+00
        535      8.600    14.8650   2.907189     2.1734     2.4200     0.0048  0.1499353  0.000e+00
        536      8.518    14.8731   2.907205     2.1734     2.4200     0.0048  0.1499353  0.000e+00
        537      8.600    14.8837   2.907255     2.1734     2.4200     0.0048  0.1499353  0.000e+00
        538      8.600    14.8890   2.907189     2.1721     2.4200     0.0048  0.1499353  0.000e+00
        539      8.641    14.8913   2.907342     2.1709     2.4200     0.0048  0.1499353  0.000e+00
        540      8.658    14.8923   2.907151     2.1709     2.4188     0.0048  0.1499353  0.000e+00
        541      8.658    14.8913   2.907205     2.1697     2.4188     0.0048  0.1499353  0.000e+00
        542      8.699    14.8918   2.907299     2.1697     2.4188     0.0048  0.1499353  0.000e+00
        543      8.724    14.8950   2.907096     2.1697     2.4188     0.0048  0.1499353  0.000e+00
        544      8.724    14.9003   2.907271     2.1685     2.4188     0.0048  0.1499353  0.000e+00
        545      8.757    14.9161   2.907183     2.1685     2.4188     0.0048  0.1499353  0.000e+00
        546      8.782    14.9430   2.907177     2.1685     2.4188     0.0048  0.1499353  0.000e+00
        547      8.782    14.9635   2.907309     2.1685     2.4188     0.0048  0.1499353  0.000e+00
        548      8.880    14.9802   2.907177     2.1673     2.4188     0.0048  0.1499353  0.000e+00
        549      8.847    14.9995   2.907336     2.1673     2.4188     0.0048  0.1499353  0.000e+00
        550      8.847    15.0122   2.907237     2.1660     2.4188     0.0048  0.1499353  0.000e+00
        551      8.880    15.0208   2.907166     2.1660     2.4188     0.0048  0.1499353  0.000e+00
        552      8.905    15.0218   2.907341     2.1660     2.4188     0.0048  0.1499353  0.000e+00
        553      8.905    15.0302   2.907171     2.1648     2.4188     0.0048  0.1499353  0.000e+00
        554      8.946    15.0491   2.907166     2.1648     2.4200     0.0048  0.1499353  0.000e+00
        555      8.963    15.0690   2.907226     2.1636     2.4200     0.0048  0.1499353  0.000e+00
        556      9.029    15.0856   2.907034     2.1636     2.4188     0.0048  0.1499353  0.000e+00
        557      9.004    15.1036   2.907209     2.1636     2.4200     0.0048  0.1499353  0.000e+00
        558      9.029    15.1333   2.907187     2.1636     2.4200     0.0048  0.1499353  0.000e+00
        559      9.086    15.1653   2.907203     2.1636     2.4200     0.0046  0.1338181  0.000e+00
        560      9.062    15.1881   2.907186     2.1624     2.4212     0.0044  0.1220965  0.000e+00
        561      9.086    15.2098   2.907016     2.1624     2.4212     0.0044  0.1201429  0.000e+00
        562      9.152    15.2484   2.907235     2.1612     2.4200     0.0044  0.1206313  0.000e+00
        563      9.128    15.2958   2.907076     2.1612     2.4212     0.0044  0.1211197  0.000e+00
        564      9.152    15.3381   2.907059     2.1612     2.4212     0.0044  0.1211197  0.000e+00
        565      9.210    15.3785   2.907234     2.1599     2.4225     0.0044  0.1216081  0.000e+00
        566      9.185    15.4091   2.906981     2.1599     2.4225     0.0044  0.1211197  0.000e+00
        567      9.210    15.4284   2.907151     2.1599     2.4225     0.0044  0.1211197  0.000e+00
        568      9.276    15.4508   2.907129     2.1599     2.4237     0.0044  0.1211197  0.000e+00
        569      9.276    15.4667   2.907036     2.1599     2.4237     0.0044  0.1211197  0.000e+00
        570      9.251    15.4769   2.907205     2.1599     2.4249     0.0044  0.1211197  0.000e+00
        571      9.334    15.4865   2.907019     2.1587     2.4249     0.0044  0.1211197  0.000e+00
        572      9.391    15.5049   2.907085     2.1587     2.4261     0.0044  0.1211197  0.000e+00
        573      9.309    15.5201   2.907145     2.1587     2.4261     0.0044  0.1211197  0.000e+00
        574      9.391    15.5331   2.907030     2.1587     2.4261     0.0044  0.1211197  0.000e+00
        575      9.391    15.5453   2.907139     2.1575     2.4273     0.0044  0.1211197  0.000e+00
        576      9.433    15.5574   2.907057     2.1575     2.4273     0.0044  0.1211197  0.000e+00
        577      9.457    15.5700   2.907018     2.1575     2.4286     0.0044  0.1211197  0.000e+00
        578      9.457    15.5857   2.907199     2.1563     2.4286     0.0044  0.1211197  0.000e+00
        579      9.490    15.6009   2.906974     2.1563     2.4286     0.0044  0.1211197  0.000e+00
        580      9.515    15.6161   2.907089     2.1563     2.4298     0.0044  0.1211197  0.000e+00
        581      9.515    15.6309   2.907051     2.1563     2.4310     0.0044  0.1211197  0.000e+00
        582      9.556    15.6455   2.906952     2.1551     2.4310     0.0044  0.1211197  0.000e+00
        583      9.581    15.6572   2.907204     2.1551     2.4310     0.0044  0.1211197  0.000e+00
        584      9.639    15.6701   2.907083     2.1551     2.4322     0.0044  0.1196545  0.000e+00
        585      9.614    15.6868   2.907017     2.1538     2.4322     0.0046  0.1152589  0.000e+00
        586      9.639    15.7012   2.907154     2.1551     2.4335     0.0046  0.1137937  0.000e+00
        587      9.639    15.7087   2.907001     2.1538     2.4335     0.0046  0.1137937  0.000e+00
        588      9.696    15.7140   2.907225     2.1538     2.4347     0.0046  0.1142821  0.000e+00
        589      9.680    15.7267   2.907006     2.1538     2.4335     0.0046  0.1142821  0.000e+00
        590      9.762    15.7436   2.906973     2.1538     2.4347     0.0046  0.1142821  0.000e+00
        591      9.762    15.7614   2.907088     2.1526     2.4359     0.0046  0.1142821  0.000e+00
        592      9.803    15.7725   2.906978     2.1526     2.4359     0.0046  0.1142821  0.000e+00
        593      9.762    15.7789   2.907060     2.1526     2.4359     0.0046  0.1142821  0.000e+00
        594      9.820    15.7837   2.907115     2.1526     2.4371     0.0046  0.1142821  0.000e+00
        595      9.861    15.7895   2.907022     2.1514     2.4371     0.0046  0.1142821  0.000e+00
        596      9.886    15.7945   2.907153     2.1514     2.4371     0.0046  0.1142821  0.000e+00
        597      9.886    15.7986   2.906978     2.1502     2.4383     0.0046  0.1142821  0.000e+00
        598      9.919    15.8029   2.907011     2.1502     2.4383     0.0046  0.1142821  0.000e+00
        599      9.886    15.8023   2.907142     2.1502     2.4383     0.0046  0.1142821  0.000e+00
        600      9.943    15.7973   2.906972     2.1502     2.4383     0.0046  0.1142821  0.000e+00
        601     10.001    15.7981   2.907137     2.1489     2.4383     0.0046  0.1142821  0.000e+00
        602      9.985    15.8054   2.907098     2.1489     2.4396     0.0046  0.1142821  0.000e+00
        603     10.001    15.8140   2.906983     2.1489     2.4396     0.0046  0.1137937  0.000e+00
        604     10.067    15.8194   2.907148     2.1489     2.4396     0.0046  0.1142821  0.000e+00
        605     10.042    15.8207   2.906961     2.1489     2.4396     0.0046  0.1142821  0.000e+00
        606     10.067    15.8226   2.907027     2.1477     2.4396     0.0046  0.1142821  0.000e+00
        607     10.125    15.8289   2.907087     2.1489     2.4396     0.0046  0.1142821  0.000e+00
        608     10.166    15.8355   2.906906     2.1465     2.4408     0.0046  0.1142821  0.000e+00
        609     10.125    15.8439   2.907120     2.1465     2.4408     0.0046  0.1142821  0.000e+00
        610     10.191    15.8490   2.907098     2.1453     2.4408     0.0046  0.1103748  0.000e+00
        611     10.166    15.8538   2.906966     2.1453     2.4408     0.0044  0.1079328  0.000e+00
        612     10.248    15.8573   2.907093     2.1453     2.4408     0.0042  0.1069560  0.000e+00
        613     10.191    15.8593   2.906983     2.1453     2.4408     0.0044  0.1069560  0.000e+00
        614     10.248    15.8622   2.907120     2.1453     2.4408     0.0044  0.1079328  0.000e+00
        615     10.290    15.8650   2.907153     2.1441     2.4408     0.0044  0.1079328  0.000e+00
        616     10.248    15.8672   2.907049     2.1441     2.4408     0.0044  0.1079328  0.000e+00
        617     10.248    15.8702   2.907224     2.1441     2.4408     0.0044  0.1069560  0.000e+00
        618     10.290    15.8734   2.907164     2.1428     2.4408     0.0044  0.1079328  0.000e+00
        619     10.314    15.8729   2.907251     2.1428     2.4408     0.0044  0.1079328  0.000e+00
        620     10.314    15.8309   2.907427     2.1428     2.4408     0.0044  0.1079328  0.000e+00
        621     10.347    15.7784   2.907307     2.1416     2.4408     0.0044  0.1069560  0.000e+00
        622     10.314    15.7371   2.907675     2.1416     2.4408     0.0044  0.1079328  0.000e+00
        623     10.372    15.7107   2.907620     2.1416     2.4408     0.0044  0.1074444  0.000e+00
        624     10.372    15.6485   2.907626     2.1404     2.4396     0.0044  0.1079328  0.000e+00
        625     10.289    15.5892   2.907906     2.1404     2.4408     0.0044  0.1079328  0.000e+00
        626     10.430    15.5413   2.907808     2.1404     2.4408     0.0044  0.1069560  0.000e+00
        627     10.314    15.4816   2.908017     2.1392     2.4408     0.0044  0.1069560  0.000e+00
        628     10.347    15.4008   2.907859     2.1392     2.4408     0.0044  0.1079328  0.000e+00
        629     10.372    15.3178   2.907827     2.1392     2.4396     0.0044  0.1079328  0.000e+00
        630     10.372    15.2537   2.907997     2.1392     2.4408     0.0044  0.1069560  0.000e+00
        631     10.413    15.2012   2.907850     2.1392     2.4408     0.0044  0.1069560  0.000e+00
        632     10.372    15.1631   2.907987     2.1380     2.4408     0.0044  0.1079328  0.000e+00
        633     10.372    15.1369   2.907872     2.1367     2.4408     0.0044  0.1069560  0.000e+00
        634     10.372    15.1173   2.907911     2.1367     2.4408     0.0044  0.1069560  0.000e+00
        635     10.347    15.1016   2.907982     2.1367     2.4408     0.0044  0.1079328  0.000e+00
        636     10.372    15.0867   2.907774     2.1367     2.4408     0.0042  0.1084212  0.000e+00
        637     10.372    15.0705   2.908032     2.1367     2.4408     0.0042  0.1093980  0.000e+00
        638     10.413    15.0603   2.907928     2.1367     2.4408     0.0042  0.1093980  0.000e+00
        639     10.372    15.0666   2.907966     2.1355     2.4408     0.0042  0.1089096  0.000e+00
        640     10.372    15.0926   2.908021     2.1355     2.4408     0.0042  0.1089096  0.000e+00
