data/2021/ctd_data_day3/station5e_ctm.cnv
* Sea-Bird SBE 9 Data File:
* FileName = C:\Users\CTD-User\Desktop\MAR440\day3\station5e.hex
* Software Version Seasave V 7.26.2.13
* Temperature SN = 6313
* Conductivity SN = 4758
* Number of Bytes Per Scan = 37
* Number of Voltage Words = 4
* Number of Scans Averaged by the Deck Unit = 1
* NMEA Latitude = 58 19.40 N
* NMEA Longitude = 011 49.94 E
* NMEA UTC (Time) = Sep 23 2021 10:10:37
* NMEA baud rate = 4800
** Ship: Skagerrak
** Station: station5e
** Operator: Tor
# nquan = 9
# nvalues = 1576                        
# units = specified
# name 0 = scan: Scan Count
# name 1 = prDM: Pressure, Digiquartz [db]
# name 2 = t090C: Temperature [ITS-90, deg C]
# name 3 = c0S/m: Conductivity [S/m]
# name 4 = sbeox0V: Oxygen raw, SBE 43 [V]
# name 5 = sbeox1V: Oxygen raw, SBE 43, 2 [V]
# name 6 = flECO-AFL: Fluorescence, WET Labs ECO-AFL/FL [mg/m^3]
# name 7 = upoly0: Upoly 0, Turbidity
# name 8 = flag:  0.000e+00
# span 0 =          1,       1576       
# span 1 =      0.371,     15.362       
# span 2 =    13.2968,    15.3463       
# span 3 =   2.947884,   3.442681       
# span 4 =     1.3980,     2.7974       
# span 5 =     1.4432,     2.7058       
# span 6 =     0.0040,     0.0090       
# span 7 =  0.0913272,  0.1601917       
# span 8 = 0.0000e+00, 0.0000e+00       
# interval = seconds: 0.0416667
# start_time = Sep 23 2021 10:10:37 [NMEA time, header]
# bad_flag = -9.990e-29
*END*
[from data line 1281]
       1282     11.085    15.1366   3.013341     2.7815     2.7009     0.0090  0.1474933 0.0000e+00
       1283     11.085    15.1704   3.022972     2.7815     2.7009     0.0090  0.1474933 0.0000e+00
       1284     11.183    15.2154   3.036534     2.7815     2.7009     0.0090  0.1474933 0.0000e+00
       1285     11.142    15.2648   3.053310     2.7827     2.7021     0.0090  0.1470049 0.0000e+00
       1286     11.208    15.3119   3.074251     2.7815     2.7021     0.0073  0.1294225 0.0000e+00
       1287     11.183    15.3455   3.103838     2.7815     2.7021     0.0062  0.1186777 0.0000e+00
       1288     11.266    15.3463   3.146082     2.7803     2.7021     0.0060  0.1167241 0.0000e+00
       1289     11.266    15.3406   3.193972     2.7815     2.7021     0.0060  0.1177009 0.0000e+00
       1290     11.266    15.3350   3.234736     2.7815     2.7021     0.0062  0.1181893 0.0000e+00
       1291     11.307    15.3305   3.263434     2.7815     2.7021     0.0062  0.1181893 0.0000e+00
       1292     11.332    15.3256   3.282019     2.7803     2.7021     0.0062  0.1181893 0.0000e+00
       1293     11.332    15.3186   3.292871     2.7790     2.7021     0.0062  0.1181893 0.0000e+00
       1294     11.365    15.3125   3.300003     2.7803     2.7021     0.0062  0.1181893 0.0000e+00
       1295     11.390    15.3084   3.307234     2.7803     2.7021     0.0062  0.1181893 0.0000e+00
       1296     11.390    15.3060   3.313217     2.7790     2.7021     0.0062  0.1181893 0.0000e+00
       1297     11.447    15.3044   3.317109     2.7790     2.7021     0.0062  0.1181893 0.0000e+00
       1298     11.431    15.3029   3.320561     2.7790     2.7021     0.0062  0.1181893 0.0000e+00
       1299     11.513    15.2983   3.323805     2.7790     2.7021     0.0062  0.1181893 0.0000e+00
       1300     11.447    15.2943   3.326044     2.7803     2.7021     0.0062  0.1181893 0.0000e+00
       1301     11.513    15.2899   3.328714     2.7778     2.7021     0.0062  0.1181893 0.0000e+00
       1302     11.554    15.2835   3.332197     2.7778     2.7021     0.0062  0.1181893 0.0000e+00
       1303     11.571    15.2745   3.335424     2.7778     2.7033     0.0062  0.1181893 0.0000e+00
       1304     11.571    15.2610   3.338299     2.7815     2.7033     0.0062  0.1181893 0.0000e+00
       1305     11.612    15.2427   3.341770     2.7790     2.7033     0.0060  0.1181893 0.0000e+00
       1306     11.637    15.2225   3.345987     2.7778     2.7033     0.0062  0.1181893 0.0000e+00
       1307     11.637    15.2074   3.349440     2.7778     2.7033     0.0062  0.1181893 0.0000e+00
       1308     11.694    15.1860   3.352905     2.7778     2.7033     0.0062  0.1181893 0.0000e+00
       1309     11.678    15.1403   3.356885     2.7790     2.7046     0.0062  0.1181893 0.0000e+00
       1310     11.760    15.0893   3.360739     2.7790     2.7046     0.0062  0.1181893 0.0000e+00
       1311     11.694    15.0569   3.364104     2.7778     2.7046     0.0059  0.1118400 0.0000e+00
       1312     11.818    15.0240   3.367169     2.7766     2.7046     0.0053  0.0996300 0.0000e+00
       1313     11.793    14.9901   3.369878     2.7778     2.7046     0.0051  0.0957228 0.0000e+00
       1314     11.760    14.9726   3.372176     2.7790     2.7058     0.0051  0.0957228 0.0000e+00
       1315     11.818    14.9576   3.374189     2.7778     2.7046     0.0051  0.0962112 0.0000e+00
       1316     11.859    14.9344   3.376931     2.7766     2.7046     0.0051  0.0966996 0.0000e+00
       1317     11.876    14.9077   3.380875     2.7766     2.7046     0.0051  0.0966996 0.0000e+00
       1318     11.942    14.8884   3.385164     2.7766     2.7033     0.0051  0.0966996 0.0000e+00
       1319     11.876    14.8731   3.389452     2.7778     2.7033     0.0051  0.0962112 0.0000e+00
       1320     11.983    14.8601   3.393380     2.7766     2.7021     0.0051  0.0966996 0.0000e+00
       1321     11.942    14.8501   3.396490     2.7742     2.7009     0.0051  0.0962112 0.0000e+00
       1322     11.999    14.8405   3.398514     2.7729     2.6997     0.0051  0.0966996 0.0000e+00
       1323     11.999    14.8311   3.400186     2.7717     2.6972     0.0051  0.0966996 0.0000e+00
       1324     12.041    14.8236   3.401248     2.7717     2.6948     0.0051  0.0966996 0.0000e+00
       1325     11.999    14.8145   3.401990     2.7680     2.6911     0.0051  0.0966996 0.0000e+00
       1326     12.123    14.8032   3.402217     2.7668     2.6887     0.0051  0.0966996 0.0000e+00
       1327     12.065    14.7866   3.401964     2.7632     2.6838     0.0051  0.0966996 0.0000e+00
       1328     12.164    14.7657   3.401183     2.7619     2.6801     0.0051  0.0966996 0.0000e+00
       1329     12.123    14.7337   3.399732     2.7583     2.6753     0.0051  0.0966996 0.0000e+00
       1330     12.123    14.6905   3.398116     2.7534     2.6704     0.0051  0.0962112 0.0000e+00
       1331     12.164    14.6483   3.396597     2.7485     2.6643     0.0051  0.0962112 0.0000e+00
       1332     12.247    14.6115   3.395061     2.7448     2.6582     0.0051  0.0962112 0.0000e+00
       1333     12.181    14.5731   3.394112     2.7424     2.6508     0.0051  0.0966996 0.0000e+00
       1334     12.304    14.5457   3.393549     2.7351     2.6423     0.0051  0.0962112 0.0000e+00
       1335     12.222    14.5235   3.393217     2.7290     2.6337     0.0053  0.0966996 0.0000e+00
       1336     12.304    14.5036   3.393137     2.7216     2.6252     0.0051  0.0962112 0.0000e+00
       1337     12.304    14.4882   3.393296     2.7155     2.6179     0.0046  0.0942576 0.0000e+00
       1338     12.304    14.4770   3.393727     2.7094     2.6069     0.0044  0.0927924 0.0000e+00
       1339     12.412    14.4660   3.394533     2.7021     2.5971     0.0044  0.0927924 0.0000e+00
       1340     12.370    14.4532   3.395284     2.6923     2.5861     0.0044  0.0927924 0.0000e+00
       1341     12.370    14.4415   3.395796     2.6838     2.5763     0.0044  0.0927924 0.0000e+00
       1342     12.428    14.4326   3.396033     2.6765     2.5654     0.0044  0.0927924 0.0000e+00
       1343     12.469    14.4236   3.396073     2.6679     2.5544     0.0044  0.0927924 0.0000e+00
       1344     12.428    14.4140   3.396285     2.6582     2.5434     0.0044  0.0927924 0.0000e+00
       1345     12.494    14.4037   3.396767     2.6472     2.5312     0.0044  0.0927924 0.0000e+00
       1346     12.494    14.3893   3.397584     2.6386     2.5190     0.0044  0.0927924 0.0000e+00
       1347     12.527    14.3766   3.398401     2.6301     2.5080     0.0044  0.0927924 0.0000e+00
       1348     12.552    14.3655   3.399062     2.6191     2.4945     0.0044  0.0927924 0.0000e+00
       1349     12.609    14.3546   3.399782     2.6069     2.4823     0.0044  0.0927924 0.0000e+00
       1350     12.552    14.3460   3.400197     2.5959     2.4701     0.0044  0.0927924 0.0000e+00
       1351     12.651    14.3394   3.400666     2.5849     2.4579     0.0044  0.0927924 0.0000e+00
       1352     12.609    14.3322   3.401034     2.5763     2.4457     0.0044  0.0927924 0.0000e+00
       1353     12.675    14.3263   3.401250     2.5629     2.4323     0.0044  0.0927924 0.0000e+00
       1354     12.675    14.3201   3.401687     2.5507     2.4200     0.0044  0.0927924 0.0000e+00
       1355     12.717    14.3177   3.402295     2.5373     2.4066     0.0044  0.0927924 0.0000e+00
       1356     12.733    14.3158   3.403073     2.5275     2.3932     0.0044  0.0927924 0.0000e+00
       1357     12.733    14.3127   3.403784     2.5177     2.3810     0.0044  0.0927924 0.0000e+00
       1358     12.733    14.3080   3.404453     2.5031     2.3675     0.0044  0.0927924 0.0000e+00
       1359     12.774    14.3076   3.405435     2.4884     2.3553     0.0044  0.0927924 0.0000e+00
       1360     12.857    14.3150   3.406914     2.4750     2.3419     0.0044  0.0932808 0.0000e+00
       1361     12.799    14.3243   3.408622     2.4640     2.3285     0.0044  0.0927924 0.0000e+00
       1362     12.857    14.3342   3.410587     2.4530     2.3162     0.0046  0.0927924 0.0000e+00
       1363     12.840    14.3444   3.412543     2.4396     2.3028     0.0046  0.0927924 0.0000e+00
       1364     12.914    14.3579   3.414407     2.4261     2.2906     0.0046  0.0923040 0.0000e+00
       1365     12.914    14.3702   3.416552     2.4152     2.2784     0.0046  0.0927924 0.0000e+00
       1366     12.914    14.3847   3.419119     2.4029     2.2650     0.0046  0.0923040 0.0000e+00
       1367     12.956    14.4029   3.421888     2.3907     2.2527     0.0046  0.0923040 0.0000e+00
       1368     12.980    14.4156   3.424392     2.3761     2.2405     0.0046  0.0923040 0.0000e+00
       1369     12.980    14.4236   3.426322     2.3626     2.2283     0.0046  0.0923040 0.0000e+00
       1370     13.038    14.4178   3.427301     2.3504     2.2161     0.0046  0.0923040 0.0000e+00
       1371     13.079    14.3795   3.426333     2.3394     2.2039     0.0046  0.0923040 0.0000e+00
       1372     13.038    14.3419   3.425066     2.3272     2.1917     0.0046  0.0923040 0.0000e+00
       1373     13.038    14.3153   3.424665     2.3138     2.1795     0.0046  0.0923040 0.0000e+00
       1374     13.162    14.2940   3.425260     2.3004     2.1673     0.0046  0.0923040 0.0000e+00
       1375     13.079    14.2898   3.426959     2.2882     2.1563     0.0046  0.0923040 0.0000e+00
       1376     13.162    14.2916   3.429202     2.2784     2.1441     0.0046  0.0923040 0.0000e+00
       1377     13.162    14.2972   3.432091     2.2650     2.1319     0.0046  0.0923040 0.0000e+00
       1378     13.162    14.3004   3.435005     2.2540     2.1209     0.0046  0.0923040 0.0000e+00
       1379     13.203    14.2972   3.437336     2.2405     2.1099     0.0046  0.0923040 0.0000e+00
       1380     13.285    14.2886   3.438786     2.2283     2.0989     0.0046  0.0923040 0.0000e+00
       1381     13.228    14.2804   3.439736     2.2198     2.0867     0.0046  0.0927924 0.0000e+00
       1382     13.285    14.2763   3.440486     2.2051     2.0769     0.0046  0.0923040 0.0000e+00
       1383     13.269    14.2661   3.441422     2.1929     2.0659     0.0046  0.0923040 0.0000e+00
       1384     13.343    14.2545   3.442255     2.1819     2.0562     0.0046  0.0927924 0.0000e+00
       1385     13.343    14.2454   3.442681     2.1709     2.0452     0.0046  0.0923040 0.0000e+00
       1386     13.343    14.2380   3.442635     2.1612     2.0354     0.0046  0.0923040 0.0000e+00
       1387     13.384    14.2256   3.441746     2.1489     2.0244     0.0046  0.0923040 0.0000e+00
       1388     13.409    14.1973   3.440129     2.1380     2.0146     0.0042  0.0927924 0.0000e+00
       1389     13.409    14.1665   3.438065     2.1270     2.0049     0.0040  0.0927924 0.0000e+00
       1390     13.467    14.1345   3.436066     2.1172     1.9951     0.0040  0.0927924 0.0000e+00
       1391     13.409    14.1136   3.434895     2.1074     1.9853     0.0040  0.0927924 0.0000e+00
       1392     13.508    14.1023   3.433931     2.0952     1.9756     0.0040  0.0927924 0.0000e+00
       1393     13.533    14.0951   3.433403     2.0842     1.9670     0.0040  0.0927924 0.0000e+00
       1394     13.533    14.0894   3.433092     2.0745     1.9572     0.0040  0.0927924 0.0000e+00
       1395     13.533    14.0826   3.432758     2.0659     1.9475     0.0040  0.0927924 0.0000e+00
       1396     13.574    14.0729   3.432379     2.0561     1.9389     0.0040  0.0932808 0.0000e+00
       1397     13.590    14.0667   3.431849     2.0452     1.9304     0.0040  0.0927924 0.0000e+00
       1398     13.648    14.0640   3.431748     2.0342     1.9218     0.0040  0.0927924 0.0000e+00
       1399     13.590    14.0602   3.431515     2.0244     1.9121     0.0040  0.0927924 0.0000e+00
       1400     13.689    14.0537   3.431177     2.0171     1.9035     0.0040  0.0927924 0.0000e+00
       1401     13.648    14.0430   3.430385     2.0073     1.8962     0.0040  0.0927924 0.0000e+00
       1402     13.714    14.0346   3.429719     1.9963     1.8864     0.0040  0.0927924 0.0000e+00
       1403     13.714    14.0274   3.429268     1.9865     1.8791     0.0040  0.0927924 0.0000e+00
       1404     13.755    14.0223   3.429047     1.9780     1.8705     0.0040  0.0927924 0.0000e+00
       1405     13.772    14.0210   3.428905     1.9707     1.8632     0.0040  0.0927924 0.0000e+00
       1406     13.772    14.0207   3.428878     1.9609     1.8559     0.0040  0.0927924 0.0000e+00
       1407     13.772    14.0175   3.428489     1.9511     1.8473     0.0040  0.0927924 0.0000e+00
       1408     13.838    14.0094   3.428040     1.9426     1.8400     0.0040  0.0927924 0.0000e+00
       1409     13.879    13.9987   3.427220     1.9340     1.8327     0.0040  0.0927924 0.0000e+00
       1410     13.895    13.9893   3.426684     1.9267     1.8254     0.0040  0.0932808 0.0000e+00
       1411     13.895    13.9839   3.426060     1.9169     1.8180     0.0040  0.0927924 0.0000e+00
       1412     13.895    13.9777   3.425433     1.9084     1.8107     0.0040  0.0927924 0.0000e+00
       1413     13.936    13.9666   3.424775     1.9023     1.8034     0.0042  0.0927924 0.0000e+00
       1414     13.961    13.9561   3.423810     1.8937     1.7961     0.0044  0.0927924 0.0000e+00
       1415     13.961    13.9472   3.423126     1.8864     1.7887     0.0044  0.0923040 0.0000e+00
       1416     14.019    13.9418   3.422758     1.8779     1.7814     0.0044  0.0927924 0.0000e+00
       1417     14.019    13.9370   3.422254     1.8681     1.7753     0.0044  0.0923040 0.0000e+00
       1418     14.060    13.9338   3.421889     1.8620     1.7680     0.0044  0.0923040 0.0000e+00
       1419     14.077    13.9317   3.421593     1.8559     1.7619     0.0044  0.0923040 0.0000e+00
       1420     14.077    13.9234   3.421110     1.8473     1.7545     0.0044  0.0923040 0.0000e+00
       1421     14.077    13.9164   3.420526     1.8400     1.7484     0.0044  0.0923040 0.0000e+00
       1422     14.184    13.9103   3.420093     1.8315     1.7423     0.0044  0.0923040 0.0000e+00
       1423     14.142    13.9059   3.419771     1.8241     1.7350     0.0044  0.0923040 0.0000e+00
       1424     14.142    13.9010   3.419482     1.8180     1.7289     0.0044  0.0923040 0.0000e+00
       1425     14.200    13.8947   3.418896     1.8107     1.7228     0.0044  0.0923040 0.0000e+00
       1426     14.266    13.8872   3.418119     1.8046     1.7155     0.0044  0.0923040 0.0000e+00
       1427     14.241    13.8829   3.417523     1.7960     1.7094     0.0044  0.0923040 0.0000e+00
       1428     14.266    13.8852   3.417599     1.7899     1.7045     0.0044  0.0923040 0.0000e+00
       1429     14.266    13.8896   3.418251     1.7851     1.6971     0.0044  0.0923040 0.0000e+00
       1430     14.324    13.8931   3.419108     1.7765     1.6923     0.0044  0.0923040 0.0000e+00
       1431     14.307    13.8955   3.419534     1.7704     1.6862     0.0044  0.0927924 0.0000e+00
       1432     14.382    13.8965   3.419682     1.7619     1.6813     0.0044  0.0923040 0.0000e+00
       1433     14.382    13.8945   3.419735     1.7558     1.6739     0.0044  0.0927924 0.0000e+00
       1434     14.382    13.8840   3.419792     1.7521     1.6691     0.0044  0.0923040 0.0000e+00
       1435     14.382    13.8590   3.419408     1.7435     1.6642     0.0044  0.0923040 0.0000e+00
       1436     14.431    13.8151   3.418106     1.7362     1.6581     0.0044  0.0927924 0.0000e+00
       1437     14.447    13.7760   3.416497     1.7313     1.6532     0.0044  0.0923040 0.0000e+00
       1438     14.505    13.7412   3.414987     1.7264     1.6471     0.0044  0.0923040 0.0000e+00
       1439     14.447    13.7127   3.413730     1.7191     1.6422     0.0046  0.0923040 0.0000e+00
       1440     14.489    13.6821   3.413194     1.7130     1.6373     0.0046  0.0918156 0.0000e+00
