data/2021/ctd_data_day3/station3c_ctm_fil_le_der.cnv
* Sea-Bird SBE 9 Data File:
* FileName = C:\Users\CTD-User\Desktop\MAR440\day3\station3c.hex
* Software Version Seasave V 7.26.2.13
* Temperature SN = 6313
* Conductivity SN = 4758
* Number of Bytes Per Scan = 37
* Number of Voltage Words = 4
* Number of Scans Averaged by the Deck Unit = 1
* NMEA Latitude = 58 19.70 N
* NMEA Longitude = 011 51.37 E
* NMEA UTC (Time) = Sep 23 2021 09:07:02
* NMEA baud rate = 4800
** Ship: Skagerrak
** Station: station3C
** Operator: Eva
# nquan = 13                                
# nvalues = 4697                        
# units = specified
# name 0 = scan: Scan Count
# name 1 = prDM: Pressure, Digiquartz [db]
# name 2 = t090C: Temperature [ITS-90, deg C]
# name 3 = c0S/m: Conductivity [S/m]
# name 4 = sbeox0V: Oxygen raw, SBE 43 [V]
# name 5 = sbeox1V: Oxygen raw, SBE 43, 2 [V]
# name 6 = flECO-AFL: Fluorescence, WET Labs ECO-AFL/FL [mg/m^3]
# name 7 = upoly0: Upoly 0, Turbidity
# name 8 = depSM: Depth [salt water, m], lat = 58.3283
# name 9 = sal00: Salinity, Practical [PSU]
# name 10 = sbeox0ML/L: Oxygen, SBE 43 [ml/l], WS = 2
# name 11 = sbeox1ML/L: Oxygen, SBE 43, 2 [ml/l], WS = 2
# name 12 = flag: flag
# span 0 =          1,       4697       
# span 1 =      0.749,     19.037       
# span 2 =     7.9937,    15.4890       
# span 3 =   2.901777,   3.455814       
# span 4 =     0.5983,     2.9333       
# span 5 =     0.6122,     2.6359       
# span 6 =     0.0038,     0.0258       
# span 7 =  0.0890841,  0.1655471       
# span 8 =      0.742,     18.859       
# span 9 =    22.6181,    30.8797       
# span 10 =     0.1777,     7.2012      
# span 11 =     0.3641,     5.5175      
# span 12 = 0.0000e+00, 0.0000e+00      
# interval = seconds: 0.0416667
# start_time = Sep 23 2021 09:07:02 [NMEA time, header]
# bad_flag = -9.990e-29
*END*
[from data line 1223]
       1224      0.783    15.1313   2.909090     2.1537     2.0632     0.0051  0.1577010      0.776    22.6610     4.8939     4.0540 -9.990e-29
       1225      0.782    15.1311   2.909111     2.1538     2.0631     0.0051  0.1576967      0.775    22.6613     4.8952     4.0532 -9.990e-29
       1226      0.781    15.1309   2.909133     2.1540     2.0630     0.0051  0.1576921      0.774    22.6616     4.8968     4.0524 -9.990e-29
       1227      0.780    15.1307   2.909156     2.1541     2.0629     0.0051  0.1576871      0.773    22.6619     4.8981     4.0516 -9.990e-29
       1228      0.779    15.1305   2.909178     2.1543     2.0628     0.0051  0.1576825      0.772    22.6622     4.8997     4.0508 -9.990e-29
       1229      0.779    15.1302   2.909199     2.1544     2.0627     0.0051  0.1576791      0.772    22.6626     4.9010     4.0500 -9.990e-29
       1230      0.778    15.1299   2.909220     2.1546     2.0626     0.0051  0.1576761      0.771    22.6630     4.9026     4.0492 -9.990e-29
       1231      0.777    15.1295   2.909239     2.1548     2.0625     0.0053  0.1576725      0.770    22.6633     4.9041     4.0484 -9.990e-29
       1232      0.776    15.1292   2.909258     2.1550     2.0624     0.0053  0.1576685      0.769    22.6637     4.9057     4.0476 -9.990e-29
       1233      0.776    15.1287   2.909276     2.1552     2.0623     0.0053  0.1576638      0.769    22.6641     4.9072     4.0468 -9.990e-29
       1234      0.775    15.1283   2.909293     2.1554     2.0622     0.0053  0.1576586      0.768    22.6645     4.9087     4.0460 -9.990e-29
       1235      0.774    15.1278   2.909309     2.1557     2.0621     0.0053  0.1576528      0.767    22.6649     4.9105     4.0452 -9.990e-29
       1236      0.773    15.1272   2.909324     2.1559     2.0619     0.0053  0.1576471      0.766    22.6654     4.9120     4.0442 -9.990e-29
       1237      0.772    15.1267   2.909338     2.1561     2.0618     0.0053  0.1576424      0.765    22.6658     4.9135     4.0434 -9.990e-29
       1238      0.771    15.1261   2.909352     2.1564     2.0616     0.0053  0.1576378      0.764    22.6663     4.9152     4.0424 -9.990e-29
       1239      0.770    15.1255   2.909365     2.1566     2.0614     0.0053  0.1576332      0.763    22.6667     4.9166     4.0415 -9.990e-29
       1240      0.769    15.1249   2.909378     2.1569     2.0613     0.0053  0.1576296      0.762    22.6672     4.9183     4.0408 -9.990e-29
       1241      0.768    15.1243   2.909391     2.1572     2.0611     0.0053  0.1576260      0.761    22.6676     4.9200     4.0398 -9.990e-29
       1242      0.766    15.1237   2.909404     2.1574     2.0609     0.0053  0.1576215      0.759    22.6681     4.9213     4.0389 -9.990e-29
       1243      0.764    15.1231   2.909416     2.1577     2.0607     0.0053  0.1576161      0.757    22.6686     4.9229     4.0380 -9.990e-29
       1244      0.763    15.1225   2.909428     2.1580     2.0606     0.0053  0.1576098      0.756    22.6690     4.9245     4.0373 -9.990e-29
       1245      0.761    15.1219   2.909439     2.1583     2.0604     0.0053  0.1576025      0.754    22.6694     4.9260     4.0365 -9.990e-29
       1246      0.759    15.1213   2.909451     2.1585     2.0602     0.0053  0.1575942      0.752    22.6699     4.9273     4.0356 -9.990e-29
       1247      0.757    15.1207   2.909462     2.1588     2.0600     0.0053  0.1575857      0.750    22.6703     4.9287     4.0348 -9.990e-29
       1248      0.756    15.1201   2.909473     2.1591     2.0598     0.0053  0.1575785      0.749    22.6708     4.9302     4.0339 -9.990e-29
       1249      0.754    15.1196   2.909485     2.1594     2.0596     0.0053  0.1575727      0.747    22.6712     4.9316     4.0331 -9.990e-29
       1250      0.753    15.1190   2.909497     2.1597     2.0594     0.0053  0.1575666      0.746    22.6716     4.9330     4.0323 -9.990e-29
       1251      0.752    15.1184   2.909510     2.1600     2.0592     0.0053  0.1575592      0.745    22.6721     4.9344     4.0316 -9.990e-29
       1252      0.751    15.1179   2.909522     2.1603     2.0590     0.0053  0.1575504      0.744    22.6725     4.9358     4.0308 -9.990e-29
       1253      0.750    15.1173   2.909535     2.1606     2.0588     0.0053  0.1575403      0.743    22.6729     4.9371     4.0301 -9.990e-29
       1254      0.749    15.1168   2.909548     2.1609     2.0585     0.0053  0.1575287      0.742    22.6733     4.9383     4.0291 -9.990e-29
       1255      0.749    15.1162   2.909561     2.1613     2.0583     0.0053  0.1575164      0.742    22.6738     4.9399     4.0284 -9.990e-29
       1256      0.749    15.1156   2.909574     2.1616     2.0581     0.0051  0.1575050      0.742    22.6742     4.9411     4.0278 -9.990e-29
       1257      0.749    15.1149   2.909588     2.1619     2.0579     0.0051  0.1574953      0.742    22.6748     4.9423     4.0272 -9.990e-29
       1258      0.750    15.1143   2.909601     2.1622     2.0576     0.0051  0.1574873      0.743    22.6752     4.9435     4.0263 -9.990e-29
       1259      0.750    15.1136   2.909615     2.1625     2.0574     0.0051  0.1574808      0.743    22.6757     4.9447     4.0257 -9.990e-29
       1260      0.751    15.1128   2.909629     2.1628     2.0572     0.0051  0.1574759      0.744    22.6763     4.9459     4.0252 -9.990e-29
       1261      0.752    15.1120   2.909643     2.1632     2.0570     0.0051  0.1574725      0.745    22.6769     4.9473     4.0247 -9.990e-29
       1262      0.753    15.1112   2.909658     2.1635     2.0567     0.0051  0.1574705      0.746    22.6775     4.9484     4.0239 -9.990e-29
       1263      0.754    15.1103   2.909672     2.1638     2.0565     0.0051  0.1574700      0.747    22.6781     4.9495     4.0234 -9.990e-29
       1264      0.756    15.1093   2.909686     2.1641     2.0563     0.0051  0.1574717      0.749    22.6788     4.9506     4.0229 -9.990e-29
       1265      0.758    15.1084   2.909701     2.1645     2.0561     0.0051  0.1574767      0.751    22.6795     4.9520     4.0225 -9.990e-29
       1266      0.759    15.1074   2.909717     2.1648     2.0558     0.0051  0.1574848      0.752    22.6802     4.9531     4.0218 -9.990e-29
       1267      0.761    15.1064   2.909733     2.1651     2.0556     0.0051  0.1574962      0.754    22.6809     4.9541     4.0213 -9.990e-29
       1268      0.762    15.1054   2.909751     2.1654     2.0554     0.0051  0.1575101      0.755    22.6816     4.9551     4.0208 -9.990e-29
       1269      0.764    15.1045   2.909769     2.1657     2.0552     0.0051  0.1575265      0.757    22.6823     4.9561     4.0204 -9.990e-29
       1270      0.765    15.1036   2.909787     2.1661     2.0550     0.0051  0.1575465      0.758    22.6830     4.9575     4.0200 -9.990e-29
       1271      0.766    15.1027   2.909805     2.1664     2.0547     0.0051  0.1575702      0.759    22.6837     4.9584     4.0193 -9.990e-29
       1272      0.768    15.1019   2.909824     2.1667     2.0545     0.0051  0.1575977      0.761    22.6843     4.9594     4.0188 -9.990e-29
       1273      0.769    15.1011   2.909842     2.1670     2.0543     0.0051  0.1576285      0.762    22.6849     4.9603     4.0184 -9.990e-29
       1274      0.770    15.1004   2.909860     2.1674     2.0541     0.0051  0.1576626      0.763    22.6855     4.9615     4.0179 -9.990e-29
       1275      0.771    15.0997   2.909877     2.1677     2.0539     0.0051  0.1577012      0.764    22.6860     4.9624     4.0174 -9.990e-29
       1276      0.771    15.0991   2.909893     2.1680     2.0537     0.0051  0.1577437      0.764    22.6865     4.9633     4.0170 -9.990e-29
       1277      0.772    15.0984   2.909908     2.1683     2.0535     0.0051  0.1577896      0.765    22.6870     4.9641     4.0165 -9.990e-29
       1278      0.773    15.0977   2.909922     2.1686     2.0533     0.0051  0.1578392      0.766    22.6876     4.9649     4.0160 -9.990e-29
       1279      0.773    15.0969   2.909935     2.1690     2.0531     0.0051  0.1578927      0.766    22.6881     4.9661     4.0155 -9.990e-29
       1280      0.774    15.0961   2.909947     2.1693     2.0529     0.0051  0.1579516      0.767    22.6887     4.9669     4.0149 -9.990e-29
       1281      0.775    15.0952   2.909959     2.1696     2.0527     0.0051  0.1580160      0.768    22.6893     4.9677     4.0144 -9.990e-29
       1282      0.776    15.0943   2.909970     2.1699     2.0525     0.0049  0.1580832      0.769    22.6899     4.9685     4.0138 -9.990e-29
       1283      0.777    15.0932   2.909980     2.1702     2.0523     0.0049  0.1581493      0.770    22.6906     4.9694     4.0132 -9.990e-29
       1284      0.778    15.0921   2.909990     2.1706     2.0521     0.0049  0.1582131      0.771    22.6914     4.9704     4.0126 -9.990e-29
       1285      0.779    15.0910   2.910000     2.1709     2.0519     0.0049  0.1582750      0.772    22.6921     4.9712     4.0120 -9.990e-29
       1286      0.780    15.0897   2.910010     2.1712     2.0517     0.0049  0.1583354      0.773    22.6929     4.9720     4.0114 -9.990e-29
       1287      0.781    15.0884   2.910021     2.1715     2.0515     0.0049  0.1583949      0.774    22.6938     4.9728     4.0108 -9.990e-29
       1288      0.782    15.0870   2.910032     2.1718     2.0513     0.0049  0.1584537      0.775    22.6947     4.9735     4.0101 -9.990e-29
       1289      0.784    15.0856   2.910045     2.1721     2.0511     0.0049  0.1585123      0.777    22.6956     4.9743     4.0094 -9.990e-29
       1290      0.785    15.0842   2.910058     2.1724     2.0509     0.0049  0.1585703      0.778    22.6965     4.9750     4.0087 -9.990e-29
       1291      0.787    15.0828   2.910074     2.1727     2.0507     0.0049  0.1586281      0.780    22.6975     4.9758     4.0080 -9.990e-29
       1292      0.788    15.0814   2.910092     2.1730     2.0504     0.0049  0.1586877      0.781    22.6984     4.9765     4.0069 -9.990e-29
       1293      0.790    15.0800   2.910113     2.1734     2.0502     0.0049  0.1587496      0.783    22.6994     4.9775     4.0062 -9.990e-29
       1294      0.792    15.0787   2.910136     2.1737     2.0500     0.0049  0.1588125      0.785    22.7004     4.9781     4.0053 -9.990e-29
       1295      0.794    15.0774   2.910162     2.1739     2.0498     0.0049  0.1588768      0.787    22.7013     4.9785     4.0045 -9.990e-29
       1296      0.796    15.0763   2.910190     2.1742     2.0495     0.0049  0.1589439      0.789    22.7022     4.9791     4.0033 -9.990e-29
       1297      0.798    15.0752   2.910221     2.1745     2.0493     0.0049  0.1590134      0.791    22.7031     4.9797     4.0024 -9.990e-29
       1298      0.801    15.0741   2.910255     2.1748     2.0490     0.0049  0.1590857      0.794    22.7040     4.9802     4.0012 -9.990e-29
       1299      0.803    15.0732   2.910292     2.1751     2.0488     0.0049  0.1591631      0.796    22.7049     4.9808     4.0002 -9.990e-29
       1300      0.806    15.0724   2.910331     2.1754     2.0485     0.0049  0.1592460      0.799    22.7057     4.9813     3.9989 -9.990e-29
       1301      0.808    15.0717   2.910373     2.1756     2.0482     0.0049  0.1593334      0.800    22.7064     4.9815     3.9976 -9.990e-29
       1302      0.811    15.0711   2.910416     2.1759     2.0480     0.0049  0.1594259      0.803    22.7072     4.9820     3.9965 -9.990e-29
       1303      0.814    15.0706   2.910461     2.1762     2.0477     0.0049  0.1595249      0.806    22.7078     4.9824     3.9951 -9.990e-29
       1304      0.817    15.0702   2.910507     2.1764     2.0474     0.0049  0.1596312      0.809    22.7085     4.9825     3.9937 -9.990e-29
       1305      0.820    15.0700   2.910553     2.1767     2.0471     0.0049  0.1597463      0.812    22.7090     4.9830     3.9922 -9.990e-29
       1306      0.823    15.0699   2.910601     2.1769     2.0468     0.0049  0.1598711      0.815    22.7094     4.9830     3.9908 -9.990e-29
       1307      0.826    15.0699   2.910649     2.1772     2.0465     0.0051  0.1600004      0.818    22.7098     4.9834     3.9893 -9.990e-29
       1308      0.829    15.0701   2.910697     2.1774     2.0462     0.0051  0.1601242      0.821    22.7101     4.9834     3.9878 -9.990e-29
       1309      0.833    15.0704   2.910745     2.1777     2.0459     0.0051  0.1602348      0.825    22.7104     4.9837     3.9862 -9.990e-29
       1310      0.836    15.0709   2.910791     2.1779     2.0456     0.0051  0.1603303      0.828    22.7105     4.9837     3.9847 -9.990e-29
       1311      0.840    15.0715   2.910837     2.1782     2.0452     0.0051  0.1604132      0.832    22.7105     4.9840     3.9829 -9.990e-29
       1312      0.843    15.0723   2.910882     2.1784     2.0449     0.0051  0.1604867      0.835    22.7105     4.9839     3.9813 -9.990e-29
       1313      0.847    15.0731   2.910926     2.1786     2.0446     0.0051  0.1605520      0.839    22.7104     4.9838     3.9797 -9.990e-29
       1314      0.851    15.0740   2.910969     2.1789     2.0442     0.0051  0.1606087      0.843    22.7102     4.9841     3.9779 -9.990e-29
       1315      0.855    15.0749   2.911011     2.1791     2.0438     0.0051  0.1606565      0.847    22.7101     4.9840     3.9760 -9.990e-29
       1316      0.858    15.0758   2.911051     2.1793     2.0435     0.0051  0.1606956      0.850    22.7099     4.9839     3.9744 -9.990e-29
       1317      0.862    15.0766   2.911089     2.1795     2.0431     0.0051  0.1607263      0.854    22.7097     4.9838     3.9726 -9.990e-29
       1318      0.866    15.0774   2.911125     2.1797     2.0427     0.0051  0.1607497      0.858    22.7096     4.9837     3.9707 -9.990e-29
       1319      0.870    15.0780   2.911160     2.1799     2.0423     0.0051  0.1607668      0.862    22.7095     4.9836     3.9689 -9.990e-29
       1320      0.874    15.0786   2.911193     2.1801     2.0419     0.0051  0.1607777      0.866    22.7095     4.9835     3.9671 -9.990e-29
       1321      0.878    15.0790   2.911224     2.1802     2.0415     0.0051  0.1607825      0.870    22.7095     4.9831     3.9653 -9.990e-29
       1322      0.881    15.0794   2.911255     2.1804     2.0410     0.0051  0.1607812      0.873    22.7095     4.9831     3.9632 -9.990e-29
       1323      0.885    15.0797   2.911284     2.1806     2.0406     0.0051  0.1607738      0.877    22.7096     4.9830     3.9614 -9.990e-29
       1324      0.889    15.0798   2.911312     2.1808     2.0401     0.0051  0.1607602      0.881    22.7098     4.9830     3.9594 -9.990e-29
       1325      0.892    15.0800   2.911338     2.1809     2.0397     0.0051  0.1607405      0.884    22.7099     4.9826     3.9577 -9.990e-29
       1326      0.896    15.0800   2.911363     2.1811     2.0392     0.0051  0.1607143      0.888    22.7101     4.9826     3.9557 -9.990e-29
       1327      0.899    15.0801   2.911387     2.1813     2.0388     0.0051  0.1606816      0.891    22.7103     4.9825     3.9539 -9.990e-29
       1328      0.902    15.0801   2.911409     2.1814     2.0383     0.0051  0.1606421      0.894    22.7105     4.9822     3.9520 -9.990e-29
       1329      0.905    15.0801   2.911430     2.1816     2.0378     0.0051  0.1605956      0.897    22.7106     4.9821     3.9500 -9.990e-29
       1330      0.908    15.0801   2.911450     2.1817     2.0373     0.0051  0.1605416      0.900    22.7108     4.9818     3.9481 -9.990e-29
       1331      0.911    15.0801   2.911470     2.1818     2.0368     0.0051  0.1604799      0.903    22.7110     4.9814     3.9461 -9.990e-29
       1332      0.914    15.0800   2.911490     2.1820     2.0363     0.0051  0.1604117      0.906    22.7112     4.9814     3.9442 -9.990e-29
       1333      0.916    15.0799   2.911510     2.1821     2.0358     0.0053  0.1603425      0.907    22.7114     4.9810     3.9423 -9.990e-29
