data/2021/ctd_data_day3/station1a_ctm_fil_le_der.cnv
* Sea-Bird SBE 9 Data File:
* FileName = C:\Users\CTD-User\Desktop\MAR440\day3\station1a.hex
* Software Version Seasave V 7.26.2.13
* Temperature SN = 6313
* Conductivity SN = 4758
* Number of Bytes Per Scan = 37
* Number of Voltage Words = 4
* Number of Scans Averaged by the Deck Unit = 1
* NMEA Latitude = 58 20.46 N
* NMEA Longitude = 011 53.94 E
* NMEA UTC (Time) = Sep 23 2021 08:23:54
* NMEA baud rate = 4800
** Ship: Skagerrak
** Station: station1a
** Operator: Jess
# nquan = 13                                
# nvalues = 3026                        
# units = specified
# name 0 = scan: Scan Count
# name 1 = prDM: Pressure, Digiquartz [db]
# name 2 = t090C: Temperature [ITS-90, deg C]
# name 3 = c0S/m: Conductivity [S/m]
# name 4 = sbeox0V: Oxygen raw, SBE 43 [V]
# name 5 = sbeox1V: Oxygen raw, SBE 43, 2 [V]
# name 6 = flECO-AFL: Fluorescence, WET Labs ECO-AFL/FL [mg/m^3]
# name 7 = upoly0: Upoly 0, Turbidity
# name 8 = depSM: Depth [salt water, m], lat = 58.341
# name 9 = sal00: Salinity, Practical [PSU]
# name 10 = sbeox0ML/L: Oxygen, SBE 43 [ml/l], WS = 2
# name 11 = sbeox1ML/L: Oxygen, SBE 43, 2 [ml/l], WS = 2
# name 12 = flag: flag
# span 0 =          1,       3026       
# span 1 =      1.183,     33.673       
# span 2 =     7.9775,    15.5437       
# span 3 =   2.740292,   3.455395       
# span 4 =     0.4944,     2.8603       
# span 5 =     0.5538,     2.7362       
# span 6 =     0.0035,     0.0152       
# span 7 =  0.0886323,  0.2314865       
# span 8 =      1.172,     33.357       
# span 9 =    21.4061,    32.0857       
# span 10 =    -0.0685,     7.0409      
# span 11 =     0.2247,     5.8418      
# span 12 = 0.0000e+00, 0.0000e+00      
# interval = seconds: 0.0416667
# start_time = Sep 23 2021 08:23:54 [NMEA time, header]
# bad_flag = -9.990e-29
*END*
[from data line 2667]
       2668     28.148     8.4783   3.357999     0.5217     0.5720     0.0092  0.1116670     27.884    31.7377    -0.0053     0.2674 0.0000e+00
       2669     28.165     8.4797   3.358324     0.5216     0.5719     0.0093  0.1116627     27.901    31.7398    -0.0055     0.2672 0.0000e+00
       2670     28.182     8.4811   3.358647     0.5214     0.5718     0.0093  0.1116571     27.918    31.7419    -0.0060     0.2669 0.0000e+00
       2671     28.199     8.4824   3.358966     0.5213     0.5717     0.0093  0.1116504     27.935    31.7441    -0.0062     0.2666 0.0000e+00
       2672     28.216     8.4838   3.359281     0.5211     0.5716     0.0093  0.1116422     27.952    31.7461    -0.0068     0.2664 0.0000e+00
       2673     28.233     8.4851   3.359593     0.5210     0.5715     0.0093  0.1116328     27.969    31.7482    -0.0070     0.2662 0.0000e+00
       2674     28.250     8.4865   3.359900     0.5209     0.5714     0.0093  0.1116227     27.986    31.7502    -0.0072     0.2659 0.0000e+00
       2675     28.267     8.4878   3.360205     0.5207     0.5714     0.0093  0.1116128     28.002    31.7522    -0.0078     0.2660 0.0000e+00
       2676     28.283     8.4891   3.360506     0.5206     0.5713     0.0093  0.1116022     28.018    31.7542    -0.0080     0.2658 0.0000e+00
       2677     28.300     8.4903   3.360803     0.5204     0.5712     0.0093  0.1115899     28.035    31.7562    -0.0085     0.2655 0.0000e+00
       2678     28.318     8.4916   3.361097     0.5203     0.5711     0.0093  0.1115759     28.053    31.7581    -0.0087     0.2653 0.0000e+00
       2679     28.335     8.4929   3.361389     0.5201     0.5710     0.0092  0.1115600     28.070    31.7600    -0.0092     0.2650 0.0000e+00
       2680     28.352     8.4941   3.361678     0.5200     0.5709     0.0093  0.1115422     28.087    31.7619    -0.0094     0.2648 0.0000e+00
       2681     28.369     8.4954   3.361966     0.5199     0.5709     0.0092  0.1115224     28.103    31.7638    -0.0096     0.2649 0.0000e+00
       2682     28.386     8.4966   3.362252     0.5197     0.5708     0.0093  0.1115003     28.120    31.7657    -0.0101     0.2646 0.0000e+00
       2683     28.403     8.4979   3.362536     0.5196     0.5707     0.0093  0.1114758     28.137    31.7675    -0.0103     0.2644 0.0000e+00
       2684     28.419     8.4991   3.362820     0.5195     0.5706     0.0093  0.1114488     28.153    31.7694    -0.0104     0.2642 0.0000e+00
       2685     28.436     8.5004   3.363101     0.5193     0.5705     0.0093  0.1114191     28.170    31.7711    -0.0109     0.2639 0.0000e+00
       2686     28.453     8.5016   3.363381     0.5192     0.5705     0.0092  0.1113865     28.187    31.7730    -0.0111     0.2640 0.0000e+00
       2687     28.470     8.5029   3.363658     0.5191     0.5704     0.0092  0.1113507     28.203    31.7747    -0.0113     0.2638 0.0000e+00
       2688     28.487     8.5041   3.363931     0.5189     0.5703     0.0090  0.1113132     28.220    31.7765    -0.0118     0.2636 0.0000e+00
       2689     28.504     8.5053   3.364201     0.5188     0.5702     0.0088  0.1112772     28.237    31.7782    -0.0119     0.2634 0.0000e+00
       2690     28.521     8.5065   3.364467     0.5186     0.5702     0.0090  0.1112440     28.254    31.7799    -0.0124     0.2635 0.0000e+00
       2691     28.538     8.5077   3.364728     0.5185     0.5701     0.0090  0.1112135     28.271    31.7816    -0.0126     0.2633 0.0000e+00
       2692     28.554     8.5088   3.364983     0.5184     0.5700     0.0088  0.1111854     28.287    31.7832    -0.0128     0.2631 0.0000e+00
       2693     28.571     8.5100   3.365235     0.5182     0.5700     0.0090  0.1111595     28.303    31.7848    -0.0134     0.2632 0.0000e+00
       2694     28.588     8.5111   3.365481     0.5181     0.5699     0.0090  0.1111357     28.320    31.7864    -0.0135     0.2629 0.0000e+00
       2695     28.605     8.5122   3.365723     0.5179     0.5698     0.0090  0.1111138     28.337    31.7879    -0.0141     0.2627 0.0000e+00
       2696     28.622     8.5133   3.365961     0.5178     0.5698     0.0090  0.1110937     28.354    31.7894    -0.0142     0.2628 0.0000e+00
       2697     28.639     8.5144   3.366196     0.5177     0.5697     0.0090  0.1110751     28.371    31.7909    -0.0144     0.2625 0.0000e+00
       2698     28.656     8.5154   3.366427     0.5175     0.5696     0.0090  0.1110581     28.388    31.7924    -0.0149     0.2623 0.0000e+00
       2699     28.673     8.5165   3.366655     0.5174     0.5695     0.0088  0.1110423     28.405    31.7938    -0.0150     0.2621 0.0000e+00
       2700     28.690     8.5175   3.366881     0.5173     0.5695     0.0090  0.1110279     28.421    31.7952    -0.0153     0.2621 0.0000e+00
       2701     28.707     8.5186   3.367106     0.5171     0.5694     0.0090  0.1110145     28.438    31.7966    -0.0158     0.2619 0.0000e+00
       2702     28.724     8.5196   3.367329     0.5170     0.5693     0.0090  0.1110023     28.455    31.7980    -0.0160     0.2617 0.0000e+00
       2703     28.741     8.5206   3.367551     0.5169     0.5692     0.0090  0.1109910     28.472    31.7994    -0.0162     0.2614 0.0000e+00
       2704     28.758     8.5217   3.367773     0.5167     0.5692     0.0090  0.1109805     28.489    31.8007    -0.0167     0.2614 0.0000e+00
       2705     28.775     8.5227   3.367995     0.5166     0.5691     0.0090  0.1109709     28.506    31.8022    -0.0170     0.2612 0.0000e+00
       2706     28.792     8.5237   3.368216     0.5165     0.5690     0.0090  0.1109621     28.522    31.8036    -0.0171     0.2609 0.0000e+00
       2707     28.809     8.5247   3.368439     0.5164     0.5690     0.0090  0.1109539     28.539    31.8050    -0.0174     0.2610 0.0000e+00
       2708     28.826     8.5257   3.368661     0.5163     0.5689     0.0090  0.1109464     28.556    31.8064    -0.0177     0.2607 0.0000e+00
       2709     28.843     8.5267   3.368884     0.5161     0.5688     0.0090  0.1109394     28.573    31.8078    -0.0182     0.2605 0.0000e+00
       2710     28.860     8.5277   3.369109     0.5160     0.5688     0.0090  0.1109330     28.590    31.8093    -0.0184     0.2605 0.0000e+00
       2711     28.877     8.5287   3.369333     0.5159     0.5687     0.0090  0.1109271     28.607    31.8107    -0.0186     0.2602 0.0000e+00
       2712     28.894     8.5298   3.369558     0.5158     0.5687     0.0090  0.1109216     28.623    31.8121    -0.0188     0.2603 0.0000e+00
       2713     28.911     8.5308   3.369784     0.5157     0.5686     0.0088  0.1109165     28.640    31.8135    -0.0190     0.2600 0.0000e+00
       2714     28.928     8.5318   3.370010     0.5156     0.5685     0.0086  0.1109118     28.657    31.8150    -0.0192     0.2597 0.0000e+00
       2715     28.945     8.5329   3.370239     0.5155     0.5685     0.0086  0.1109074     28.674    31.8164    -0.0194     0.2598 0.0000e+00
       2716     28.962     8.5339   3.370469     0.5153     0.5684     0.0086  0.1109033     28.691    31.8179    -0.0200     0.2595 0.0000e+00
       2717     28.979     8.5350   3.370701     0.5152     0.5683     0.0086  0.1108995     28.708    31.8193    -0.0202     0.2592 0.0000e+00
       2718     28.996     8.5361   3.370936     0.5151     0.5682     0.0086  0.1108960     28.724    31.8208    -0.0204     0.2590 0.0000e+00
       2719     29.013     8.5372   3.371175     0.5150     0.5682     0.0086  0.1108927     28.741    31.8223    -0.0207     0.2590 0.0000e+00
       2720     29.030     8.5383   3.371415     0.5149     0.5681     0.0086  0.1108896     28.758    31.8238    -0.0209     0.2587 0.0000e+00
       2721     29.048     8.5395   3.371659     0.5148     0.5680     0.0086  0.1108867     28.776    31.8253    -0.0212     0.2585 0.0000e+00
       2722     29.065     8.5406   3.371905     0.5147     0.5680     0.0086  0.1108839     28.793    31.8268    -0.0214     0.2585 0.0000e+00
       2723     29.082     8.5418   3.372154     0.5146     0.5679     0.0086  0.1108813     28.810    31.8284    -0.0217     0.2582 0.0000e+00
       2724     29.099     8.5429   3.372404     0.5144     0.5678     0.0086  0.1108788     28.826    31.8300    -0.0223     0.2579 0.0000e+00
       2725     29.116     8.5441   3.372655     0.5143     0.5678     0.0086  0.1108764     28.843    31.8315    -0.0225     0.2579 0.0000e+00
       2726     29.133     8.5452   3.372907     0.5142     0.5677     0.0086  0.1108741     28.860    31.8332    -0.0227     0.2577 0.0000e+00
       2727     29.150     8.5464   3.373161     0.5140     0.5676     0.0086  0.1108719     28.877    31.8347    -0.0233     0.2574 0.0000e+00
       2728     29.167     8.5475   3.373415     0.5139     0.5676     0.0086  0.1108697     28.894    31.8364    -0.0236     0.2574 0.0000e+00
       2729     29.184     8.5486   3.373669     0.5138     0.5675     0.0086  0.1108676     28.911    31.8380    -0.0238     0.2571 0.0000e+00
       2730     29.201     8.5498   3.373922     0.5137     0.5674     0.0086  0.1108656     28.928    31.8396    -0.0241     0.2568 0.0000e+00
       2731     29.218     8.5509   3.374173     0.5135     0.5674     0.0086  0.1108635     28.944    31.8412    -0.0247     0.2568 0.0000e+00
       2732     29.236     8.5520   3.374423     0.5134     0.5673     0.0086  0.1108623     28.962    31.8428    -0.0249     0.2566 0.0000e+00
       2733     29.253     8.5532   3.374673     0.5133     0.5673     0.0086  0.1108628     28.979    31.8444    -0.0251     0.2566 0.0000e+00
       2734     29.270     8.5543   3.374924     0.5132     0.5672     0.0086  0.1108641     28.996    31.8460    -0.0254     0.2562 0.0000e+00
       2735     29.287     8.5554   3.375174     0.5131     0.5671     0.0086  0.1108654     29.013    31.8476    -0.0256     0.2560 0.0000e+00
       2736     29.304     8.5565   3.375423     0.5130     0.5671     0.0086  0.1108668     29.030    31.8492    -0.0259     0.2560 0.0000e+00
       2737     29.321     8.5576   3.375671     0.5129     0.5670     0.0086  0.1108682     29.046    31.8508    -0.0260     0.2557 0.0000e+00
       2738     29.338     8.5587   3.375917     0.5128     0.5669     0.0086  0.1108704     29.063    31.8524    -0.0262     0.2554 0.0000e+00
       2739     29.355     8.5598   3.376163     0.5127     0.5669     0.0082  0.1108744     29.080    31.8540    -0.0264     0.2554 0.0000e+00
       2740     29.372     8.5609   3.376407     0.5126     0.5668     0.0082  0.1108794     29.097    31.8555    -0.0265     0.2552 0.0000e+00
       2741     29.389     8.5619   3.376650     0.5124     0.5667     0.0082  0.1108844     29.114    31.8572    -0.0271     0.2549 0.0000e+00
       2742     29.406     8.5630   3.376892     0.5123     0.5667     0.0082  0.1108896     29.131    31.8587    -0.0273     0.2549 0.0000e+00
       2743     29.424     8.5641   3.377135     0.5122     0.5666     0.0082  0.1108950     29.148    31.8602    -0.0274     0.2546 0.0000e+00
       2744     29.441     8.5652   3.377378     0.5121     0.5665     0.0082  0.1109006     29.165    31.8618    -0.0276     0.2543 0.0000e+00
       2745     29.458     8.5663   3.377622     0.5120     0.5665     0.0082  0.1109064     29.182    31.8633    -0.0278     0.2543 0.0000e+00
       2746     29.475     8.5674   3.377867     0.5119     0.5664     0.0082  0.1109126     29.199    31.8649    -0.0279     0.2540 0.0000e+00
       2747     29.493     8.5685   3.378114     0.5118     0.5663     0.0082  0.1109191     29.217    31.8665    -0.0280     0.2538 0.0000e+00
       2748     29.510     8.5697   3.378363     0.5117     0.5663     0.0082  0.1109260     29.234    31.8680    -0.0282     0.2538 0.0000e+00
       2749     29.527     8.5708   3.378614     0.5116     0.5662     0.0082  0.1109333     29.250    31.8696    -0.0283     0.2535 0.0000e+00
       2750     29.544     8.5719   3.378866     0.5115     0.5662     0.0082  0.1109412     29.267    31.8713    -0.0285     0.2535 0.0000e+00
       2751     29.562     8.5731   3.379119     0.5114     0.5661     0.0082  0.1109495     29.285    31.8728    -0.0286     0.2532 0.0000e+00
       2752     29.579     8.5742   3.379374     0.5113     0.5660     0.0082  0.1109585     29.302    31.8745    -0.0288     0.2529 0.0000e+00
       2753     29.596     8.5753   3.379630     0.5112     0.5660     0.0082  0.1109681     29.319    31.8762    -0.0291     0.2529 0.0000e+00
       2754     29.613     8.5765   3.379888     0.5111     0.5659     0.0082  0.1109785     29.336    31.8778    -0.0293     0.2527 0.0000e+00
       2755     29.631     8.5776   3.380146     0.5110     0.5658     0.0082  0.1109896     29.353    31.8795    -0.0296     0.2524 0.0000e+00
       2756     29.648     8.5788   3.380404     0.5109     0.5658     0.0082  0.1110017     29.370    31.8811    -0.0298     0.2523 0.0000e+00
       2757     29.665     8.5799   3.380662     0.5108     0.5657     0.0082  0.1110147     29.387    31.8828    -0.0301     0.2521 0.0000e+00
       2758     29.682     8.5810   3.380920     0.5107     0.5656     0.0082  0.1110287     29.404    31.8845    -0.0303     0.2518 0.0000e+00
       2759     29.700     8.5822   3.381180     0.5106     0.5656     0.0082  0.1110439     29.422    31.8861    -0.0306     0.2518 0.0000e+00
       2760     29.717     8.5833   3.381440     0.5105     0.5655     0.0082  0.1110604     29.439    31.8878    -0.0308     0.2515 0.0000e+00
       2761     29.735     8.5844   3.381700     0.5105     0.5654     0.0082  0.1110782     29.456    31.8895    -0.0308     0.2513 0.0000e+00
       2762     29.752     8.5856   3.381959     0.5104     0.5654     0.0082  0.1110984     29.473    31.8912    -0.0310     0.2513 0.0000e+00
       2763     29.769     8.5867   3.382217     0.5103     0.5653     0.0082  0.1111219     29.490    31.8929    -0.0313     0.2511 0.0000e+00
       2764     29.786     8.5878   3.382474     0.5102     0.5652     0.0081  0.1111481     29.507    31.8945    -0.0316     0.2508 0.0000e+00
       2765     29.804     8.5889   3.382728     0.5101     0.5652     0.0081  0.1111754     29.525    31.8962    -0.0318     0.2509 0.0000e+00
       2766     29.821     8.5901   3.382980     0.5100     0.5651     0.0077  0.1112023     29.542    31.8977    -0.0321     0.2506 0.0000e+00
       2767     29.839     8.5912   3.383228     0.5099     0.5650     0.0077  0.1112282     29.560    31.8993    -0.0325     0.2503 0.0000e+00
       2768     29.856     8.5923   3.383475     0.5098     0.5650     0.0077  0.1112532     29.576    31.9009    -0.0328     0.2504 0.0000e+00
       2769     29.873     8.5934   3.383719     0.5097     0.5649     0.0077  0.1112775     29.593    31.9025    -0.0331     0.2501 0.0000e+00
       2770     29.891     8.5944   3.383960     0.5097     0.5649     0.0077  0.1113013     29.611    31.9041    -0.0330     0.2502 0.0000e+00
       2771     29.908     8.5955   3.384199     0.5096     0.5648     0.0077  0.1113240     29.628    31.9056    -0.0333     0.2499 0.0000e+00
       2772     29.926     8.5965   3.384433     0.5095     0.5648     0.0075  0.1113438     29.646    31.9071    -0.0336     0.2499 0.0000e+00
       2773     29.943     8.5975   3.384663     0.5094     0.5647     0.0077  0.1113603     29.663    31.9086    -0.0340     0.2497 0.0000e+00
       2774     29.961     8.5985   3.384888     0.5093     0.5646     0.0077  0.1113751     29.680    31.9101    -0.0343     0.2494 0.0000e+00
       2775     29.978     8.5995   3.385109     0.5092     0.5646     0.0077  0.1113909     29.697    31.9115    -0.0346     0.2494 0.0000e+00
       2776     29.995     8.6004   3.385327     0.5091     0.5645     0.0077  0.1114078     29.714    31.9129    -0.0349     0.2492 0.0000e+00
       2777     30.013     8.6013   3.385541     0.5089     0.5644     0.0077  0.1114251     29.732    31.9143    -0.0356     0.2489 0.0000e+00
