data/2021/ctd_data_day3/station3c_ctm_fil_le_der.cnv
* Sea-Bird SBE 9 Data File:
* FileName = C:\Users\CTD-User\Desktop\MAR440\day3\station3c.hex
* Software Version Seasave V 7.26.2.13
* Temperature SN = 6313
* Conductivity SN = 4758
* Number of Bytes Per Scan = 37
* Number of Voltage Words = 4
* Number of Scans Averaged by the Deck Unit = 1
* NMEA Latitude = 58 19.70 N
* NMEA Longitude = 011 51.37 E
* NMEA UTC (Time) = Sep 23 2021 09:07:02
* NMEA baud rate = 4800
** Ship: Skagerrak
** Station: station3C
** Operator: Eva
# nquan = 13                                
# nvalues = 4697                        
# units = specified
# name 0 = scan: Scan Count
# name 1 = prDM: Pressure, Digiquartz [db]
# name 2 = t090C: Temperature [ITS-90, deg C]
# name 3 = c0S/m: Conductivity [S/m]
# name 4 = sbeox0V: Oxygen raw, SBE 43 [V]
# name 5 = sbeox1V: Oxygen raw, SBE 43, 2 [V]
# name 6 = flECO-AFL: Fluorescence, WET Labs ECO-AFL/FL [mg/m^3]
# name 7 = upoly0: Upoly 0, Turbidity
# name 8 = depSM: Depth [salt water, m], lat = 58.3283
# name 9 = sal00: Salinity, Practical [PSU]
# name 10 = sbeox0ML/L: Oxygen, SBE 43 [ml/l], WS = 2
# name 11 = sbeox1ML/L: Oxygen, SBE 43, 2 [ml/l], WS = 2
# name 12 = flag: flag
# span 0 =          1,       4697       
# span 1 =      0.749,     19.037       
# span 2 =     7.9937,    15.4890       
# span 3 =   2.901777,   3.455814       
# span 4 =     0.5983,     2.9333       
# span 5 =     0.6122,     2.6359       
# span 6 =     0.0038,     0.0258       
# span 7 =  0.0890841,  0.1655471       
# span 8 =      0.742,     18.859       
# span 9 =    22.6181,    30.8797       
# span 10 =     0.1777,     7.2012      
# span 11 =     0.3641,     5.5175      
# span 12 = 0.0000e+00, 0.0000e+00      
# interval = seconds: 0.0416667
# start_time = Sep 23 2021 09:07:02 [NMEA time, header]
# bad_flag = -9.990e-29
*END*
[from data line 1334]
       1335      0.922    15.0798   2.911549     2.1823     2.0348     0.0053  0.1602264      0.913    22.7118     4.9803     3.9387 -9.990e-29
       1336      0.924    15.0797   2.911570     2.1825     2.0343     0.0053  0.1601829      0.915    22.7121     4.9802     3.9368 -9.990e-29
       1337      0.927    15.0797   2.911591     2.1826     2.0338     0.0053  0.1601469      0.918    22.7122     4.9798     3.9350 -9.990e-29
       1338      0.930    15.0798   2.911614     2.1827     2.0332     0.0053  0.1601175      0.921    22.7124     4.9795     3.9330 -9.990e-29
       1339      0.932    15.0798   2.911637     2.1828     2.0327     0.0053  0.1600943      0.923    22.7126     4.9791     3.9312 -9.990e-29
       1340      0.935    15.0800   2.911662     2.1829     2.0322     0.0053  0.1600772      0.926    22.7127     4.9787     3.9295 -9.990e-29
       1341      0.938    15.0802   2.911688     2.1829     2.0316     0.0053  0.1600662      0.929    22.7128     4.9780     3.9275 -9.990e-29
       1342      0.940    15.0805   2.911715     2.1830     2.0311     0.0053  0.1600610      0.931    22.7128     4.9776     3.9257 -9.990e-29
       1343      0.943    15.0809   2.911745     2.1831     2.0305     0.0053  0.1600618      0.934    22.7129     4.9772     3.9238 -9.990e-29
       1344      0.946    15.0813   2.911775     2.1832     2.0300     0.0053  0.1600684      0.937    22.7129     4.9768     3.9221 -9.990e-29
       1345      0.948    15.0819   2.911807     2.1833     2.0294     0.0053  0.1600819      0.939    22.7128     4.9763     3.9201 -9.990e-29
       1346      0.951    15.0825   2.911841     2.1834     2.0288     0.0053  0.1601030      0.942    22.7128     4.9759     3.9182 -9.990e-29
       1347      0.953    15.0832   2.911875     2.1834     2.0283     0.0053  0.1601312      0.944    22.7127     4.9751     3.9165 -9.990e-29
       1348      0.956    15.0840   2.911911     2.1835     2.0277     0.0053  0.1601666      0.947    22.7125     4.9746     3.9146 -9.990e-29
       1349      0.959    15.0849   2.911948     2.1835     2.0272     0.0053  0.1602103      0.950    22.7123     4.9738     3.9129 -9.990e-29
       1350      0.962    15.0859   2.911985     2.1836     2.0266     0.0053  0.1602618      0.953    22.7120     4.9733     3.9110 -9.990e-29
       1351      0.964    15.0871   2.912023     2.1836     2.0260     0.0053  0.1603215      0.955    22.7117     4.9724     3.9091 -9.990e-29
       1352      0.967    15.0883   2.912060     2.1836     2.0254     0.0053  0.1603905      0.958    22.7113     4.9716     3.9073 -9.990e-29
       1353      0.970    15.0896   2.912097     2.1837     2.0249     0.0053  0.1604686      0.961    22.7109     4.9711     3.9057 -9.990e-29
       1354      0.973    15.0909   2.912133     2.1837     2.0243     0.0053  0.1605554      0.964    22.7104     4.9702     3.9038 -9.990e-29
       1355      0.976    15.0923   2.912167     2.1837     2.0237     0.0053  0.1606515      0.967    22.7099     4.9693     3.9020 -9.990e-29
       1356      0.978    15.0936   2.912200     2.1837     2.0231     0.0053  0.1607576      0.969    22.7094     4.9685     3.9001 -9.990e-29
       1357      0.981    15.0950   2.912232     2.1837     2.0225     0.0053  0.1608744      0.972    22.7089     4.9676     3.8983 -9.990e-29
       1358      0.984    15.0963   2.912263     2.1837     2.0220     0.0051  0.1609985      0.975    22.7084     4.9667     3.8968 -9.990e-29
       1359      0.987    15.0976   2.912293     2.1837     2.0214     0.0051  0.1611198      0.978    22.7079     4.9658     3.8950 -9.990e-29
       1360      0.990    15.0989   2.912323     2.1837     2.0208     0.0051  0.1612297      0.981    22.7074     4.9648     3.8932 -9.990e-29
       1361      0.993    15.1002   2.912351     2.1837     2.0202     0.0051  0.1613264      0.984    22.7069     4.9639     3.8915 -9.990e-29
       1362      0.996    15.1014   2.912378     2.1837     2.0196     0.0051  0.1614114      0.987    22.7064     4.9630     3.8898 -9.990e-29
       1363      0.999    15.1026   2.912404     2.1836     2.0190     0.0051  0.1614863      0.990    22.7060     4.9617     3.8881 -9.990e-29
       1364      1.002    15.1037   2.912429     2.1836     2.0184     0.0051  0.1615506      0.993    22.7056     4.9608     3.8864 -9.990e-29
       1365      1.004    15.1048   2.912452     2.1836     2.0178     0.0051  0.1616049      0.995    22.7051     4.9599     3.8847 -9.990e-29
       1366      1.007    15.1059   2.912475     2.1835     2.0172     0.0051  0.1616511      0.998    22.7047     4.9586     3.8831 -9.990e-29
       1367      1.009    15.1069   2.912498     2.1835     2.0166     0.0051  0.1616905      1.000    22.7043     4.9576     3.8815 -9.990e-29
       1368      1.012    15.1078   2.912518     2.1834     2.0160     0.0051  0.1617234      1.003    22.7039     4.9564     3.8799 -9.990e-29
       1369      1.014    15.1087   2.912538     2.1833     2.0154     0.0051  0.1617499      1.005    22.7036     4.9551     3.8784 -9.990e-29
       1370      1.016    15.1095   2.912557     2.1833     2.0148     0.0051  0.1617694      1.007    22.7033     4.9541     3.8769 -9.990e-29
       1371      1.018    15.1103   2.912574     2.1832     2.0142     0.0049  0.1617803      1.009    22.7030     4.9529     3.8754 -9.990e-29
       1372      1.021    15.1109   2.912590     2.1831     2.0136     0.0051  0.1617820      1.012    22.7028     4.9516     3.8739 -9.990e-29
       1373      1.023    15.1114   2.912606     2.1830     2.0130     0.0051  0.1617743      1.013    22.7026     4.9503     3.8725 -9.990e-29
       1374      1.025    15.1119   2.912621     2.1829     2.0124     0.0051  0.1617572      1.015    22.7025     4.9489     3.8711 -9.990e-29
       1375      1.027    15.1122   2.912637     2.1828     2.0118     0.0051  0.1617314      1.017    22.7024     4.9476     3.8697 -9.990e-29
       1376      1.030    15.1124   2.912654     2.1827     2.0113     0.0051  0.1616986      1.020    22.7024     4.9463     3.8687 -9.990e-29
       1377      1.032    15.1125   2.912672     2.1826     2.0107     0.0051  0.1616592      1.022    22.7025     4.9449     3.8674 -9.990e-29
       1378      1.035    15.1126   2.912694     2.1825     2.0100     0.0051  0.1616131      1.025    22.7027     4.9435     3.8659 -9.990e-29
       1379      1.037    15.1126   2.912718     2.1823     2.0094     0.0051  0.1615590      1.027    22.7029     4.9417     3.8647 -9.990e-29
       1380      1.039    15.1125   2.912745     2.1822     2.0088     0.0051  0.1614949      1.029    22.7032     4.9402     3.8635 -9.990e-29
       1381      1.041    15.1123   2.912777     2.1820     2.0083     0.0051  0.1614195      1.031    22.7036     4.9383     3.8627 -9.990e-29
       1382      1.044    15.1122   2.912812     2.1819     2.0077     0.0051  0.1613330      1.034    22.7039     4.9367     3.8616 -9.990e-29
       1383      1.046    15.1120   2.912853     2.1817     2.0071     0.0051  0.1612384      1.036    22.7044     4.9348     3.8606 -9.990e-29
       1384      1.048    15.1119   2.912898     2.1815     2.0065     0.0051  0.1611417      1.038    22.7048     4.9327     3.8596 -9.990e-29
       1385      1.050    15.1118   2.912949     2.1813     2.0059     0.0051  0.1610500      1.040    22.7053     4.9306     3.8587 -9.990e-29
       1386      1.052    15.1118   2.913005     2.1811     2.0054     0.0051  0.1609667      1.042    22.7058     4.9284     3.8581 -9.990e-29
       1387      1.053    15.1118   2.913066     2.1809     2.0048     0.0051  0.1608922      1.043    22.7063     4.9262     3.8573 -9.990e-29
       1388      1.055    15.1119   2.913134     2.1807     2.0043     0.0051  0.1608252      1.045    22.7069     4.9238     3.8568 -9.990e-29
       1389      1.056    15.1120   2.913206     2.1805     2.0037     0.0051  0.1607634      1.046    22.7074     4.9213     3.8561 -9.990e-29
       1390      1.056    15.1122   2.913284     2.1803     2.0032     0.0051  0.1607056      1.046    22.7080     4.9187     3.8557 -9.990e-29
       1391      1.056    15.1124   2.913367     2.1801     2.0026     0.0051  0.1606522      1.046    22.7086     4.9159     3.8551 -9.990e-29
       1392      1.057    15.1127   2.913455     2.1798     2.0021     0.0051  0.1606037      1.047    22.7091     4.9127     3.8548 -9.990e-29
       1393      1.056    15.1129   2.913548     2.1796     2.0016     0.0051  0.1605589      1.046    22.7098     4.9097     3.8546 -9.990e-29
       1394      1.056    15.1131   2.913646     2.1793     2.0011     0.0051  0.1605167      1.046    22.7106     4.9062     3.8545 -9.990e-29
       1395      1.055    15.1133   2.913748     2.1790     2.0006     0.0051  0.1604768      1.045    22.7113     4.9025     3.8545 -9.990e-29
       1396      1.054    15.1135   2.913856     2.1787     2.0001     0.0051  0.1604388      1.044    22.7121     4.8987     3.8545 -9.990e-29
       1397      1.054    15.1136   2.913969     2.1784     1.9996     0.0051  0.1604025      1.044    22.7130     4.8947     3.8547 -9.990e-29
       1398      1.053    15.1137   2.914088     2.1780     1.9991     0.0051  0.1603686      1.043    22.7140     4.8901     3.8549 -9.990e-29
       1399      1.052    15.1137   2.914214     2.1777     1.9987     0.0051  0.1603376      1.042    22.7151     4.8856     3.8555 -9.990e-29
       1400      1.051    15.1138   2.914349     2.1773     1.9982     0.0051  0.1603093      1.041    22.7162     4.8805     3.8559 -9.990e-29
       1401      1.050    15.1138   2.914493     2.1769     1.9978     0.0051  0.1602844      1.040    22.7174     4.8751     3.8568 -9.990e-29
       1402      1.049    15.1139   2.914648     2.1765     1.9974     0.0051  0.1602626      1.039    22.7187     4.8694     3.8577 -9.990e-29
       1403      1.048    15.1139   2.914816     2.1760     1.9970     0.0051  0.1602431      1.038    22.7201     4.8631     3.8588 -9.990e-29
       1404      1.047    15.1139   2.914998     2.1755     1.9966     0.0051  0.1602264      1.037    22.7217     4.8564     3.8599 -9.990e-29
       1405      1.046    15.1138   2.915198     2.1750     1.9963     0.0051  0.1602134      1.036    22.7235     4.8494     3.8615 -9.990e-29
       1406      1.046    15.1137   2.915416     2.1745     1.9959     0.0051  0.1602031      1.036    22.7254     4.8422     3.8630 -9.990e-29
       1407      1.045    15.1134   2.915656     2.1739     1.9956     0.0051  0.1601946      1.035    22.7276     4.8346     3.8649 -9.990e-29
       1408      1.045    15.1132   2.915921     2.1733     1.9953     0.0051  0.1601878      1.035    22.7300     4.8270     3.8669 -9.990e-29
       1409      1.045    15.1128   2.916212     2.1727     1.9950     0.0053  0.1601818      1.035    22.7328     4.8196     3.8691 -9.990e-29
       1410      1.045    15.1125   2.916533     2.1720     1.9948     0.0053  0.1601749      1.035    22.7357     4.8121     3.8718 -9.990e-29
       1411      1.044    15.1121   2.916887     2.1713     1.9946     0.0053  0.1601654      1.034    22.7390     4.8050     3.8746 -9.990e-29
       1412      1.044    15.1117   2.917277     2.1705     1.9944     0.0053  0.1601522      1.034    22.7425     4.7980     3.8777 -9.990e-29
       1413      1.044    15.1114   2.917705     2.1697     1.9942     0.0053  0.1601354      1.034    22.7464     4.7914     3.8810 -9.990e-29
       1414      1.044    15.1112   2.918176     2.1688     1.9940     0.0053  0.1601148      1.034    22.7505     4.7849     3.8844 -9.990e-29
       1415      1.044    15.1110   2.918693     2.1678     1.9939     0.0053  0.1600903      1.034    22.7551     4.7787     3.8884 -9.990e-29
       1416      1.043    15.1111   2.919259     2.1668     1.9939     0.0053  0.1600625      1.033    22.7599     4.7729     3.8929 -9.990e-29
       1417      1.043    15.1112   2.919878     2.1657     1.9938     0.0053  0.1600321      1.033    22.7652     4.7674     3.8974 -9.990e-29
       1418      1.043    15.1115   2.920555     2.1646     1.9938     0.0053  0.1599980      1.033    22.7708     4.7626     3.9024 -9.990e-29
       1419      1.042    15.1119   2.921295     2.1633     1.9939     0.0053  0.1599592      1.032    22.7769     4.7578     3.9080 -9.990e-29
       1420      1.041    15.1123   2.922101     2.1620     1.9939     0.0053  0.1599154      1.031    22.7836     4.7536     3.9137 -9.990e-29
       1421      1.040    15.1129   2.922979     2.1606     1.9941     0.0053  0.1598663      1.030    22.7908     4.7499     3.9202 -9.990e-29
       1422      1.039    15.1135   2.923935     2.1591     1.9942     0.0053  0.1598115      1.029    22.7987     4.7467     3.9268 -9.990e-29
       1423      1.038    15.1142   2.924974     2.1574     1.9945     0.0053  0.1597515      1.028    22.8072     4.7436     3.9344 -9.990e-29
       1424      1.037    15.1148   2.926102     2.1557     1.9947     0.0053  0.1596868      1.027    22.8165     4.7414     3.9421 -9.990e-29
       1425      1.036    15.1155   2.927326     2.1538     1.9951     0.0053  0.1596168      1.026    22.8266     4.7395     3.9507 -9.990e-29
       1426      1.035    15.1163   2.928654     2.1517     1.9955     0.0053  0.1595412      1.025    22.8376     4.7379     3.9599 -9.990e-29
       1427      1.034    15.1170   2.930094     2.1495     1.9960     0.0053  0.1594584      1.024    22.8495     4.7370     3.9698 -9.990e-29
       1428      1.033    15.1178   2.931657     2.1472     1.9965     0.0053  0.1593672      1.023    22.8625     4.7368     3.9802 -9.990e-29
       1429      1.032    15.1186   2.933376     2.1449     1.9971     0.0053  0.1592669      1.022    22.8768     4.7375     3.9913 -9.990e-29
       1430      1.031    15.1195   2.935286     2.1428     1.9978     0.0053  0.1591567      1.021    22.8927     4.7398     4.0033 -9.990e-29
       1431      1.030    15.1206   2.937362     2.1410     1.9986     0.0053  0.1590359      1.020    22.9099     4.7440     4.0160 -9.990e-29
       1432      1.030    15.1217   2.939521     2.1397     1.9994     0.0053  0.1589037      1.020    22.9278     4.7508     4.0294 -9.990e-29
       1433      1.029    15.1229   2.941666     2.1386     2.0004     0.0053  0.1587591      1.019    22.9455     4.7592     4.0438 -9.990e-29
       1434      1.028    15.1240   2.943726     2.1379     2.0015     0.0053  0.1586045      1.018    22.9626     4.7700     4.0591 -9.990e-29
       1435      1.027    15.1251   2.945661     2.1374     2.0026     0.0051  0.1584500      1.017    22.9786     4.7826     4.0751 -9.990e-29
       1436      1.027    15.1262   2.947461     2.1369     2.0039     0.0051  0.1583071      1.017    22.9934     4.7962     4.0922 -9.990e-29
       1437      1.027    15.1272   2.949128     2.1366     2.0053     0.0055  0.1581809      1.017    23.0071     4.8116     4.1101 -9.990e-29
       1438      1.026    15.1281   2.950669     2.1364     2.0068     0.0051  0.1580712      1.016    23.0199     4.8284     4.1290 -9.990e-29
       1439      1.026    15.1289   2.952092     2.1363     2.0085     0.0051  0.1579773      1.016    23.0316     4.8465     4.1489 -9.990e-29
       1440      1.026    15.1297   2.953405     2.1364     2.0103     0.0051  0.1578987      1.016    23.0424     4.8663     4.1695 -9.990e-29
       1441      1.025    15.1304   2.954616     2.1366     2.0123     0.0051  0.1578346      1.015    23.0524     4.8874     4.1913 -9.990e-29
       1442      1.025    15.1311   2.955733     2.1370     2.0144     0.0055  0.1577848      1.015    23.0616     4.9099     4.2137 -9.990e-29
       1443      1.025    15.1317   2.956764     2.1376     2.0167     0.0055  0.1577479      1.015    23.0701     4.9340     4.2371 -9.990e-29
       1444      1.025    15.1322   2.957715     2.1383     2.0192     0.0051  0.1577220      1.015    23.0780     4.9592     4.2613 -9.990e-29
