data/2021/ctd_data_day3/station9i_ctm.cnv
* Sea-Bird SBE 9 Data File:
* FileName = C:\Users\CTD-User\Desktop\MAR440\day3\station9i.hex
* Software Version Seasave V 7.26.2.13
* Temperature SN = 6313
* Conductivity SN = 4758
* Number of Bytes Per Scan = 37
* Number of Voltage Words = 4
* Number of Scans Averaged by the Deck Unit = 1
* NMEA Latitude = 58 20.28 N
* NMEA Longitude = 011 53.28 E
* NMEA UTC (Time) = Sep 23 2021 11:50:13
* NMEA baud rate = 4800
** Ship: Skagerrak
** Station: station9i
** Operator: Johan
# nquan = 9
# nvalues = 5713                        
# units = specified
# name 0 = scan: Scan Count
# name 1 = prDM: Pressure, Digiquartz [db]
# name 2 = t090C: Temperature [ITS-90, deg C]
# name 3 = c0S/m: Conductivity [S/m]
# name 4 = sbeox0V: Oxygen raw, SBE 43 [V]
# name 5 = sbeox1V: Oxygen raw, SBE 43, 2 [V]
# name 6 = flECO-AFL: Fluorescence, WET Labs ECO-AFL/FL [mg/m^3]
# name 7 = upoly0: Upoly 0, Turbidity
# name 8 = flag:  0.000e+00
# span 0 =          1,       5713       
# span 1 =     -0.051,     39.150       
# span 2 =     7.9647,    15.8426       
# span 3 =  -0.001247,   3.476743       
# span 4 =     0.4796,     2.9475       
# span 5 =     0.5431,     2.7973       
# span 6 =     0.0024,     0.2439       
# span 7 =  0.0791172,  0.7706923       
# span 8 = 0.0000e+00, 0.0000e+00       
# interval = seconds: 0.0416667
# start_time = Sep 23 2021 11:50:13 [NMEA time, header]
# bad_flag = -9.990e-29
*END*
[from data line 4801]
       4802     26.304     8.4200   3.344802     0.5407     0.5847     0.0099  0.1133053 0.0000e+00
       4803     26.247     8.4214   3.345219     0.5407     0.5847     0.0099  0.1133053 0.0000e+00
       4804     26.304     8.4229   3.345568     0.5407     0.5847     0.0099  0.1133053 0.0000e+00
       4805     26.370     8.4243   3.345858     0.5407     0.5847     0.0099  0.1137937 0.0000e+00
       4806     26.370     8.4258   3.346143     0.5419     0.5847     0.0099  0.1137937 0.0000e+00
       4807     26.304     8.4270   3.346496     0.5407     0.5834     0.0099  0.1137937 0.0000e+00
       4808     26.428     8.4289   3.346742     0.5394     0.5834     0.0099  0.1137937 0.0000e+00
       4809     26.428     8.4303   3.346864     0.5394     0.5834     0.0099  0.1137937 0.0000e+00
       4810     26.428     8.4315   3.347102     0.5407     0.5834     0.0097  0.1137937 0.0000e+00
       4811     26.428     8.4322   3.347521     0.5394     0.5834     0.0099  0.1137937 0.0000e+00
       4812     26.494     8.4334   3.347759     0.5382     0.5834     0.0099  0.1137937 0.0000e+00
       4813     26.552     8.4347   3.348106     0.5382     0.5834     0.0099  0.1137937 0.0000e+00
       4814     26.494     8.4358   3.348389     0.5394     0.5834     0.0099  0.1137937 0.0000e+00
       4815     26.552     8.4371   3.348580     0.5394     0.5834     0.0099  0.1137937 0.0000e+00
       4816     26.552     8.4384   3.348765     0.5394     0.5822     0.0099  0.1133053 0.0000e+00
       4817     26.609     8.4390   3.349046     0.5394     0.5822     0.0099  0.1137937 0.0000e+00
       4818     26.609     8.4402   3.349317     0.5358     0.5822     0.0099  0.1137937 0.0000e+00
       4819     26.609     8.4415   3.349653     0.5370     0.5822     0.0099  0.1137937 0.0000e+00
       4820     26.675     8.4426   3.349825     0.5394     0.5822     0.0099  0.1137937 0.0000e+00
       4821     26.675     8.4438   3.350091     0.5370     0.5822     0.0099  0.1133053 0.0000e+00
       4822     26.675     8.4444   3.350354     0.5358     0.5822     0.0099  0.1137937 0.0000e+00
       4823     26.733     8.4453   3.350567     0.5358     0.5822     0.0099  0.1137937 0.0000e+00
       4824     26.733     8.4459   3.350744     0.5358     0.5822     0.0097  0.1133053 0.0000e+00
       4825     26.799     8.4468   3.350915     0.5370     0.5822     0.0095  0.1123284 0.0000e+00
       4826     26.733     8.4476   3.351197     0.5358     0.5822     0.0095  0.1123284 0.0000e+00
       4827     26.857     8.4484   3.351489     0.5358     0.5822     0.0095  0.1123284 0.0000e+00
       4828     26.807     8.4497   3.351639     0.5346     0.5822     0.0095  0.1123284 0.0000e+00
       4829     26.857     8.4505   3.351874     0.5358     0.5822     0.0095  0.1123284 0.0000e+00
       4830     26.857     8.4513   3.352155     0.5358     0.5810     0.0095  0.1123284 0.0000e+00
       4831     26.914     8.4527   3.352276     0.5346     0.5810     0.0095  0.1123284 0.0000e+00
       4832     26.914     8.4534   3.352534     0.5333     0.5810     0.0095  0.1123284 0.0000e+00
       4833     26.914     8.4544   3.352775     0.5333     0.5810     0.0095  0.1123284 0.0000e+00
       4834     26.980     8.4553   3.353016     0.5346     0.5810     0.0095  0.1123284 0.0000e+00
       4835     26.914     8.4558   3.353070     0.5358     0.5810     0.0095  0.1123284 0.0000e+00
       4836     27.038     8.4564   3.353315     0.5346     0.5810     0.0095  0.1123284 0.0000e+00
       4837     27.038     8.4565   3.353478     0.5346     0.5810     0.0095  0.1118400 0.0000e+00
       4838     27.038     8.4573   3.353619     0.5333     0.5810     0.0095  0.1123284 0.0000e+00
       4839     27.038     8.4578   3.353800     0.5346     0.5798     0.0095  0.1123284 0.0000e+00
       4840     27.104     8.4581   3.353993     0.5333     0.5798     0.0095  0.1123284 0.0000e+00
       4841     27.104     8.4588   3.354064     0.5321     0.5798     0.0095  0.1123284 0.0000e+00
       4842     27.161     8.4598   3.354148     0.5309     0.5798     0.0095  0.1123284 0.0000e+00
       4843     27.161     8.4607   3.354453     0.5321     0.5798     0.0095  0.1123284 0.0000e+00
       4844     27.161     8.4612   3.354622     0.5346     0.5798     0.0095  0.1123284 0.0000e+00
       4845     27.161     8.4619   3.354718     0.5321     0.5798     0.0095  0.1123284 0.0000e+00
       4846     27.285     8.4628   3.354911     0.5309     0.5798     0.0095  0.1123284 0.0000e+00
       4847     27.227     8.4633   3.355034     0.5309     0.5798     0.0095  0.1123284 0.0000e+00
       4848     27.227     8.4637   3.355203     0.5321     0.5798     0.0095  0.1123284 0.0000e+00
       4849     27.343     8.4648   3.355444     0.5321     0.5798     0.0095  0.1123284 0.0000e+00
       4850     27.285     8.4653   3.355619     0.5309     0.5785     0.0093  0.1118400 0.0000e+00
       4851     27.343     8.4664   3.355854     0.5297     0.5798     0.0093  0.1118400 0.0000e+00
       4852     27.343     8.4670   3.356035     0.5297     0.5785     0.0093  0.1118400 0.0000e+00
       4853     27.343     8.4675   3.356186     0.5309     0.5785     0.0093  0.1118400 0.0000e+00
       4854     27.409     8.4683   3.356397     0.5309     0.5785     0.0093  0.1118400 0.0000e+00
       4855     27.409     8.4693   3.356504     0.5297     0.5785     0.0093  0.1118400 0.0000e+00
       4856     27.466     8.4700   3.356657     0.5297     0.5785     0.0093  0.1118400 0.0000e+00
       4857     27.475     8.4710   3.356920     0.5285     0.5785     0.0093  0.1118400 0.0000e+00
       4858     27.466     8.4718   3.356992     0.5309     0.5785     0.0093  0.1118400 0.0000e+00
       4859     27.532     8.4728   3.357192     0.5297     0.5785     0.0093  0.1118400 0.0000e+00
       4860     27.532     8.4737   3.357402     0.5297     0.5785     0.0093  0.1118400 0.0000e+00
       4861     27.532     8.4748   3.357695     0.5285     0.5785     0.0093  0.1118400 0.0000e+00
       4862     27.590     8.4760   3.357953     0.5272     0.5785     0.0093  0.1118400 0.0000e+00
       4863     27.590     8.4777   3.358190     0.5297     0.5785     0.0093  0.1118400 0.0000e+00
       4864     27.648     8.4795   3.358658     0.5297     0.5785     0.0093  0.1118400 0.0000e+00
       4865     27.648     8.4814   3.358995     0.5297     0.5773     0.0093  0.1118400 0.0000e+00
       4866     27.648     8.4831   3.359400     0.5272     0.5773     0.0093  0.1118400 0.0000e+00
       4867     27.714     8.4849   3.359781     0.5272     0.5773     0.0093  0.1118400 0.0000e+00
       4868     27.648     8.4868   3.360279     0.5297     0.5773     0.0093  0.1118400 0.0000e+00
       4869     27.771     8.4890   3.360639     0.5272     0.5773     0.0093  0.1118400 0.0000e+00
       4870     27.771     8.4915   3.361175     0.5272     0.5773     0.0093  0.1118400 0.0000e+00
       4871     27.771     8.4936   3.361563     0.5260     0.5773     0.0093  0.1118400 0.0000e+00
       4872     27.771     8.4958   3.362039     0.5272     0.5773     0.0093  0.1118400 0.0000e+00
       4873     27.837     8.4972   3.362378     0.5285     0.5773     0.0093  0.1118400 0.0000e+00
       4874     27.837     8.4986   3.362781     0.5260     0.5773     0.0093  0.1118400 0.0000e+00
       4875     27.895     8.5000   3.363052     0.5260     0.5773     0.0093  0.1118400 0.0000e+00
       4876     27.895     8.5019   3.363532     0.5260     0.5773     0.0092  0.1118400 0.0000e+00
       4877     27.895     8.5040   3.363856     0.5272     0.5773     0.0092  0.1113516 0.0000e+00
       4878     27.961     8.5056   3.364237     0.5272     0.5761     0.0092  0.1118400 0.0000e+00
       4879     27.969     8.5077   3.364620     0.5248     0.5773     0.0090  0.1118400 0.0000e+00
       4880     27.961     8.5092   3.364889     0.5248     0.5761     0.0090  0.1118400 0.0000e+00
       4881     28.019     8.5105   3.365320     0.5248     0.5761     0.0092  0.1113516 0.0000e+00
       4882     28.019     8.5115   3.365595     0.5260     0.5761     0.0092  0.1118400 0.0000e+00
       4883     28.076     8.5131   3.365865     0.5260     0.5761     0.0092  0.1113516 0.0000e+00
       4884     28.019     8.5141   3.366208     0.5248     0.5761     0.0092  0.1118400 0.0000e+00
       4885     28.142     8.5151   3.366454     0.5248     0.5761     0.0092  0.1118400 0.0000e+00
       4886     28.076     8.5160   3.366668     0.5236     0.5761     0.0092  0.1113516 0.0000e+00
       4887     28.142     8.5173   3.367019     0.5260     0.5761     0.0092  0.1118400 0.0000e+00
       4888     28.200     8.5181   3.367333     0.5248     0.5761     0.0092  0.1118400 0.0000e+00
       4889     28.200     8.5193   3.367567     0.5236     0.5749     0.0092  0.1113516 0.0000e+00
       4890     28.200     8.5201   3.367810     0.5248     0.5749     0.0092  0.1113516 0.0000e+00
       4891     28.200     8.5213   3.368102     0.5248     0.5749     0.0092  0.1118400 0.0000e+00
       4892     28.266     8.5222   3.368253     0.5248     0.5761     0.0092  0.1113516 0.0000e+00
       4893     28.266     8.5229   3.368422     0.5248     0.5749     0.0092  0.1113516 0.0000e+00
       4894     28.324     8.5238   3.368632     0.5248     0.5749     0.0090  0.1118400 0.0000e+00
       4895     28.324     8.5249   3.368830     0.5224     0.5749     0.0092  0.1113516 0.0000e+00
       4896     28.324     8.5261   3.368906     0.5236     0.5749     0.0092  0.1113516 0.0000e+00
       4897     28.398     8.5269   3.369237     0.5248     0.5749     0.0092  0.1118400 0.0000e+00
       4898     28.389     8.5275   3.369533     0.5224     0.5749     0.0090  0.1118400 0.0000e+00
       4899     28.389     8.5280   3.369641     0.5224     0.5749     0.0092  0.1118400 0.0000e+00
       4900     28.447     8.5288   3.369688     0.5211     0.5749     0.0092  0.1113516 0.0000e+00
       4901     28.447     8.5295   3.369949     0.5224     0.5749     0.0090  0.1108632 0.0000e+00
       4902     28.505     8.5304   3.370268     0.5224     0.5737     0.0086  0.1108632 0.0000e+00
       4903     28.447     8.5309   3.370465     0.5224     0.5749     0.0084  0.1108632 0.0000e+00
       4904     28.571     8.5317   3.370575     0.5211     0.5737     0.0086  0.1108632 0.0000e+00
       4905     28.505     8.5324   3.370719     0.5211     0.5737     0.0086  0.1108632 0.0000e+00
       4906     28.571     8.5327   3.370990     0.5224     0.5737     0.0086  0.1108632 0.0000e+00
       4907     28.628     8.5334   3.371070     0.5211     0.5737     0.0086  0.1108632 0.0000e+00
       4908     28.571     8.5343   3.371279     0.5199     0.5737     0.0086  0.1108632 0.0000e+00
       4909     28.628     8.5352   3.371466     0.5211     0.5737     0.0086  0.1108632 0.0000e+00
       4910     28.694     8.5359   3.371651     0.5211     0.5737     0.0086  0.1108632 0.0000e+00
       4911     28.694     8.5369   3.371958     0.5224     0.5737     0.0086  0.1108632 0.0000e+00
       4912     28.694     8.5379   3.372133     0.5211     0.5737     0.0086  0.1108632 0.0000e+00
       4913     28.703     8.5389   3.372348     0.5199     0.5737     0.0086  0.1108632 0.0000e+00
       4914     28.752     8.5400   3.372645     0.5187     0.5737     0.0086  0.1108632 0.0000e+00
       4915     28.810     8.5407   3.372975     0.5199     0.5737     0.0086  0.1108632 0.0000e+00
       4916     28.752     8.5420   3.373209     0.5211     0.5737     0.0086  0.1108632 0.0000e+00
       4917     28.810     8.5427   3.373382     0.5199     0.5737     0.0086  0.1103748 0.0000e+00
       4918     28.876     8.5434   3.373694     0.5199     0.5724     0.0086  0.1108632 0.0000e+00
       4919     28.810     8.5447   3.373829     0.5187     0.5737     0.0086  0.1108632 0.0000e+00
       4920     28.876     8.5456   3.374061     0.5199     0.5724     0.0086  0.1108632 0.0000e+00
       4921     28.933     8.5462   3.374338     0.5211     0.5724     0.0086  0.1108632 0.0000e+00
       4922     28.933     8.5470   3.374593     0.5199     0.5724     0.0086  0.1108632 0.0000e+00
       4923     28.933     8.5478   3.374819     0.5199     0.5724     0.0086  0.1108632 0.0000e+00
       4924     28.999     8.5486   3.374992     0.5199     0.5724     0.0086  0.1108632 0.0000e+00
       4925     28.999     8.5495   3.375166     0.5199     0.5724     0.0086  0.1108632 0.0000e+00
       4926     28.999     8.5507   3.375358     0.5199     0.5724     0.0086  0.1108632 0.0000e+00
       4927     29.065     8.5519   3.375504     0.5199     0.5724     0.0082  0.1118400 0.0000e+00
       4928     28.999     8.5533   3.375720     0.5175     0.5724     0.0082  0.1118400 0.0000e+00
       4929     29.123     8.5542   3.375929     0.5175     0.5724     0.0082  0.1118400 0.0000e+00
       4930     29.123     8.5553   3.376185     0.5187     0.5724     0.0082  0.1118400 0.0000e+00
       4931     29.123     8.5562   3.376532     0.5199     0.5724     0.0082  0.1118400 0.0000e+00
       4932     29.181     8.5576   3.376772     0.5175     0.5724     0.0082  0.1118400 0.0000e+00
       4933     29.123     8.5588   3.377091     0.5175     0.5724     0.0082  0.1118400 0.0000e+00
       4934     29.238     8.5600   3.377399     0.5162     0.5724     0.0082  0.1118400 0.0000e+00
       4935     29.181     8.5613   3.377772     0.5199     0.5712     0.0082  0.1118400 0.0000e+00
       4936     29.238     8.5626   3.378081     0.5199     0.5712     0.0082  0.1118400 0.0000e+00
       4937     29.238     8.5642   3.378408     0.5175     0.5712     0.0082  0.1118400 0.0000e+00
       4938     29.304     8.5655   3.378681     0.5162     0.5712     0.0082  0.1118400 0.0000e+00
       4939     29.304     8.5663   3.378999     0.5175     0.5712     0.0082  0.1118400 0.0000e+00
       4940     29.362     8.5681   3.379228     0.5199     0.5712     0.0082  0.1118400 0.0000e+00
       4941     29.370     8.5693   3.379483     0.5162     0.5712     0.0082  0.1118400 0.0000e+00
       4942     29.362     8.5701   3.379767     0.5162     0.5712     0.0082  0.1118400 0.0000e+00
       4943     29.362     8.5714   3.380087     0.5150     0.5712     0.0082  0.1118400 0.0000e+00
       4944     29.428     8.5728   3.380361     0.5162     0.5712     0.0082  0.1118400 0.0000e+00
       4945     29.428     8.5738   3.380587     0.5175     0.5712     0.0082  0.1118400 0.0000e+00
       4946     29.486     8.5748   3.380853     0.5162     0.5712     0.0082  0.1118400 0.0000e+00
       4947     29.486     8.5756   3.381066     0.5150     0.5712     0.0082  0.1118400 0.0000e+00
       4948     29.543     8.5765   3.381344     0.5150     0.5712     0.0082  0.1118400 0.0000e+00
       4949     29.486     8.5779   3.381607     0.5162     0.5712     0.0082  0.1118400 0.0000e+00
       4950     29.543     8.5790   3.381792     0.5162     0.5700     0.0082  0.1118400 0.0000e+00
       4951     29.609     8.5798   3.382081     0.5150     0.5700     0.0082  0.1118400 0.0000e+00
       4952     29.609     8.5806   3.382399     0.5150     0.5712     0.0079  0.1118400 0.0000e+00
       4953     29.617     8.5814   3.382664     0.5150     0.5700     0.0075  0.1118400 0.0000e+00
       4954     29.609     8.5823   3.382872     0.5162     0.5700     0.0075  0.1118400 0.0000e+00
       4955     29.667     8.5829   3.382963     0.5162     0.5700     0.0075  0.1118400 0.0000e+00
       4956     29.667     8.5834   3.382984     0.5150     0.5700     0.0075  0.1113516 0.0000e+00
       4957     29.733     8.5836   3.382986     0.5150     0.5700     0.0075  0.1118400 0.0000e+00
       4958     29.733     8.5845   3.383031     0.5150     0.5700     0.0075  0.1118400 0.0000e+00
       4959     29.791     8.5850   3.383277     0.5150     0.5700     0.0075  0.1118400 0.0000e+00
       4960     29.733     8.5862   3.383591     0.5150     0.5700     0.0075  0.1118400 0.0000e+00
