data/2021/ctd_data_day3/station5e_ctm_fil_le.cnv
* Sea-Bird SBE 9 Data File:
* FileName = C:\Users\CTD-User\Desktop\MAR440\day3\station5e.hex
* Software Version Seasave V 7.26.2.13
* Temperature SN = 6313
* Conductivity SN = 4758
* Number of Bytes Per Scan = 37
* Number of Voltage Words = 4
* Number of Scans Averaged by the Deck Unit = 1
* NMEA Latitude = 58 19.40 N
* NMEA Longitude = 011 49.94 E
* NMEA UTC (Time) = Sep 23 2021 10:10:37
* NMEA baud rate = 4800
** Ship: Skagerrak
** Station: station5e
** Operator: Tor
# nquan = 9
# nvalues = 1576                        
# units = specified
# name 0 = scan: Scan Count
# name 1 = prDM: Pressure, Digiquartz [db]
# name 2 = t090C: Temperature [ITS-90, deg C]
# name 3 = c0S/m: Conductivity [S/m]
# name 4 = sbeox0V: Oxygen raw, SBE 43 [V]
# name 5 = sbeox1V: Oxygen raw, SBE 43, 2 [V]
# name 6 = flECO-AFL: Fluorescence, WET Labs ECO-AFL/FL [mg/m^3]
# name 7 = upoly0: Upoly 0, Turbidity
# name 8 = flag:  0.000e+00
# span 0 =          1,       1576       
# span 1 =      0.452,     15.263       
# span 2 =    13.3677,    15.1846       
# span 3 =   2.949086,   3.431206       
# span 4 =     1.4032,     2.7953       
# span 5 =     1.4594,     2.6995       
# span 6 =     0.0040,     0.0090       
# span 7 =  0.0913729,  0.1588100       
# span 8 = 0.0000e+00, 0.0000e+00       
# interval = seconds: 0.0416667
# start_time = Sep 23 2021 10:10:37 [NMEA time, header]
# bad_flag = -9.990e-29
*END*
[from data line 161]
        162      7.206    14.9098   2.951475     2.7265     2.6451     0.0066  0.1491113 -9.990e-29
        163      7.185    14.9097   2.951458     2.7272     2.6458     0.0064  0.1491011 -9.990e-29
        164      7.165    14.9096   2.951441     2.7280     2.6464     0.0062  0.1490919 -9.990e-29
        165      7.145    14.9094   2.951424     2.7288     2.6471     0.0062  0.1490836 -9.990e-29
        166      7.124    14.9093   2.951407     2.7296     2.6477     0.0060  0.1490762 -9.990e-29
        167      7.103    14.9092   2.951390     2.7303     2.6483     0.0062  0.1490695 -9.990e-29
        168      7.083    14.9090   2.951372     2.7310     2.6489     0.0062  0.1490637 -9.990e-29
        169      7.063    14.9089   2.951353     2.7318     2.6496     0.0062  0.1490586 -9.990e-29
        170      7.042    14.9088   2.951333     2.7325     2.6502     0.0062  0.1490542 -9.990e-29
        171      7.022    14.9086   2.951313     2.7332     2.6507     0.0062  0.1490504 -9.990e-29
        172      7.002    14.9085   2.951291     2.7339     2.6513     0.0062  0.1490473 -9.990e-29
        173      6.982    14.9083   2.951269     2.7346     2.6519     0.0062  0.1490448 -9.990e-29
        174      6.961    14.9081   2.951246     2.7352     2.6525     0.0062  0.1490429 -9.990e-29
        175      6.941    14.9080   2.951222     2.7359     2.6530     0.0062  0.1490416 -9.990e-29
        176      6.921    14.9078   2.951197     2.7365     2.6535     0.0062  0.1490409 -9.990e-29
        177      6.901    14.9076   2.951172     2.7372     2.6541     0.0062  0.1490407 -9.990e-29
        178      6.881    14.9075   2.951145     2.7378     2.6546     0.0062  0.1490412 -9.990e-29
        179      6.862    14.9073   2.951117     2.7384     2.6551     0.0062  0.1490422 -9.990e-29
        180      6.842    14.9071   2.951088     2.7390     2.6556     0.0062  0.1490437 -9.990e-29
        181      6.822    14.9069   2.951060     2.7397     2.6561     0.0062  0.1490459 -9.990e-29
        182      6.802    14.9067   2.951033     2.7403     2.6566     0.0062  0.1490487 -9.990e-29
        183      6.782    14.9066   2.951007     2.7408     2.6571     0.0062  0.1490521 -9.990e-29
        184      6.762    14.9064   2.950982     2.7414     2.6576     0.0062  0.1490561 -9.990e-29
        185      6.742    14.9062   2.950958     2.7420     2.6581     0.0060  0.1490609 -9.990e-29
        186      6.722    14.9061   2.950935     2.7425     2.6585     0.0060  0.1490663 -9.990e-29
        187      6.702    14.9060   2.950914     2.7430     2.6590     0.0062  0.1490725 -9.990e-29
        188      6.682    14.9058   2.950893     2.7436     2.6595     0.0062  0.1490795 -9.990e-29
        189      6.662    14.9057   2.950872     2.7441     2.6599     0.0062  0.1490873 -9.990e-29
        190      6.642    14.9056   2.950852     2.7446     2.6603     0.0062  0.1490960 -9.990e-29
        191      6.622    14.9055   2.950832     2.7451     2.6608     0.0062  0.1491057 -9.990e-29
        192      6.603    14.9054   2.950811     2.7456     2.6612     0.0062  0.1491164 -9.990e-29
        193      6.583    14.9052   2.950791     2.7461     2.6616     0.0062  0.1491282 -9.990e-29
        194      6.563    14.9051   2.950770     2.7465     2.6620     0.0060  0.1491412 -9.990e-29
        195      6.543    14.9050   2.950748     2.7470     2.6624     0.0062  0.1491555 -9.990e-29
        196      6.523    14.9049   2.950725     2.7475     2.6628     0.0062  0.1491711 -9.990e-29
        197      6.503    14.9048   2.950703     2.7479     2.6632     0.0062  0.1491882 -9.990e-29
        198      6.483    14.9046   2.950680     2.7484     2.6636     0.0062  0.1492069 -9.990e-29
        199      6.463    14.9045   2.950659     2.7488     2.6640     0.0062  0.1492273 -9.990e-29
        200      6.444    14.9044   2.950638     2.7493     2.6643     0.0062  0.1492497 -9.990e-29
        201      6.424    14.9043   2.950617     2.7497     2.6647     0.0062  0.1492740 -9.990e-29
        202      6.404    14.9042   2.950598     2.7501     2.6651     0.0062  0.1493005 -9.990e-29
        203      6.384    14.9041   2.950579     2.7505     2.6655     0.0062  0.1493294 -9.990e-29
        204      6.365    14.9040   2.950563     2.7509     2.6658     0.0062  0.1493609 -9.990e-29
        205      6.345    14.9039   2.950548     2.7513     2.6662     0.0062  0.1493952 -9.990e-29
        206      6.325    14.9039   2.950535     2.7517     2.6665     0.0062  0.1494325 -9.990e-29
        207      6.306    14.9038   2.950523     2.7521     2.6669     0.0060  0.1494731 -9.990e-29
        208      6.286    14.9037   2.950510     2.7524     2.6672     0.0062  0.1495173 -9.990e-29
        209      6.266    14.9036   2.950497     2.7528     2.6676     0.0062  0.1495654 -9.990e-29
        210      6.246    14.9035   2.950483     2.7532     2.6679     0.0062  0.1496177 -9.990e-29
        211      6.226    14.9034   2.950469     2.7536     2.6682     0.0062  0.1496746 -9.990e-29
        212      6.207    14.9033   2.950454     2.7539     2.6685     0.0062  0.1497365 -9.990e-29
        213      6.187    14.9032   2.950437     2.7543     2.6688     0.0062  0.1498038 -9.990e-29
        214      6.167    14.9031   2.950421     2.7546     2.6691     0.0062  0.1498761 -9.990e-29
        215      6.147    14.9030   2.950404     2.7550     2.6694     0.0062  0.1499505 -9.990e-29
        216      6.128    14.9029   2.950387     2.7553     2.6697     0.0062  0.1500226 -9.990e-29
        217      6.108    14.9028   2.950372     2.7557     2.6700     0.0062  0.1500892 -9.990e-29
        218      6.088    14.9027   2.950357     2.7560     2.6703     0.0062  0.1501502 -9.990e-29
        219      6.068    14.9026   2.950342     2.7564     2.6706     0.0062  0.1502058 -9.990e-29
        220      6.048    14.9025   2.950329     2.7567     2.6709     0.0060  0.1502566 -9.990e-29
        221      6.028    14.9025   2.950316     2.7570     2.6712     0.0062  0.1503027 -9.990e-29
        222      6.009    14.9024   2.950304     2.7573     2.6715     0.0062  0.1503447 -9.990e-29
        223      5.989    14.9023   2.950292     2.7576     2.6717     0.0062  0.1503827 -9.990e-29
        224      5.969    14.9022   2.950281     2.7579     2.6720     0.0062  0.1504170 -9.990e-29
        225      5.949    14.9022   2.950269     2.7582     2.6723     0.0060  0.1504478 -9.990e-29
        226      5.929    14.9021   2.950258     2.7585     2.6725     0.0062  0.1504755 -9.990e-29
        227      5.909    14.9020   2.950247     2.7588     2.6728     0.0062  0.1505001 -9.990e-29
        228      5.889    14.9020   2.950235     2.7591     2.6731     0.0062  0.1505218 -9.990e-29
        229      5.869    14.9019   2.950224     2.7594     2.6733     0.0062  0.1505408 -9.990e-29
        230      5.849    14.9018   2.950214     2.7597     2.6736     0.0062  0.1505572 -9.990e-29
        231      5.829    14.9018   2.950203     2.7599     2.6738     0.0060  0.1505712 -9.990e-29
        232      5.809    14.9017   2.950193     2.7602     2.6741     0.0062  0.1505828 -9.990e-29
        233      5.789    14.9017   2.950183     2.7605     2.6743     0.0062  0.1505921 -9.990e-29
        234      5.769    14.9016   2.950173     2.7608     2.6746     0.0062  0.1505991 -9.990e-29
        235      5.749    14.9016   2.950163     2.7611     2.6748     0.0062  0.1506040 -9.990e-29
        236      5.729    14.9015   2.950154     2.7613     2.6751     0.0062  0.1506068 -9.990e-29
        237      5.709    14.9015   2.950144     2.7616     2.6753     0.0062  0.1506074 -9.990e-29
        238      5.689    14.9014   2.950135     2.7619     2.6755     0.0062  0.1506059 -9.990e-29
        239      5.668    14.9014   2.950126     2.7622     2.6758     0.0062  0.1506023 -9.990e-29
        240      5.648    14.9013   2.950117     2.7624     2.6760     0.0062  0.1505974 -9.990e-29
        241      5.628    14.9013   2.950108     2.7627     2.6762     0.0060  0.1505928 -9.990e-29
        242      5.608    14.9013   2.950100     2.7629     2.6764     0.0062  0.1505894 -9.990e-29
        243      5.588    14.9013   2.950093     2.7632     2.6767     0.0060  0.1505872 -9.990e-29
        244      5.568    14.9012   2.950086     2.7635     2.6769     0.0062  0.1505861 -9.990e-29
        245      5.548    14.9012   2.950079     2.7637     2.6771     0.0062  0.1505861 -9.990e-29
        246      5.528    14.9012   2.950074     2.7640     2.6773     0.0062  0.1505872 -9.990e-29
        247      5.508    14.9012   2.950068     2.7643     2.6775     0.0062  0.1505895 -9.990e-29
        248      5.487    14.9012   2.950063     2.7645     2.6777     0.0062  0.1505930 -9.990e-29
        249      5.467    14.9011   2.950058     2.7648     2.6779     0.0062  0.1505976 -9.990e-29
        250      5.447    14.9011   2.950053     2.7650     2.6781     0.0062  0.1506034 -9.990e-29
        251      5.427    14.9011   2.950048     2.7652     2.6783     0.0062  0.1506105 -9.990e-29
        252      5.407    14.9011   2.950043     2.7654     2.6785     0.0062  0.1506189 -9.990e-29
        253      5.387    14.9011   2.950038     2.7656     2.6787     0.0062  0.1506286 -9.990e-29
        254      5.367    14.9011   2.950033     2.7658     2.6788     0.0062  0.1506398 -9.990e-29
        255      5.347    14.9011   2.950029     2.7660     2.6790     0.0062  0.1506525 -9.990e-29
        256      5.327    14.9011   2.950025     2.7662     2.6792     0.0062  0.1506667 -9.990e-29
        257      5.307    14.9011   2.950024     2.7665     2.6794     0.0062  0.1506827 -9.990e-29
        258      5.287    14.9011   2.950023     2.7667     2.6795     0.0062  0.1507004 -9.990e-29
        259      5.267    14.9011   2.950022     2.7669     2.6797     0.0062  0.1507201 -9.990e-29
        260      5.247    14.9011   2.950021     2.7670     2.6799     0.0062  0.1507418 -9.990e-29
        261      5.227    14.9011   2.950020     2.7672     2.6800     0.0062  0.1507658 -9.990e-29
        262      5.207    14.9011   2.950019     2.7675     2.6802     0.0062  0.1507921 -9.990e-29
        263      5.187    14.9011   2.950018     2.7677     2.6804     0.0062  0.1508210 -9.990e-29
        264      5.167    14.9012   2.950019     2.7678     2.6805     0.0062  0.1508527 -9.990e-29
        265      5.148    14.9012   2.950022     2.7680     2.6807     0.0062  0.1508865 -9.990e-29
        266      5.128    14.9012   2.950026     2.7682     2.6808     0.0062  0.1509201 -9.990e-29
        267      5.108    14.9012   2.950030     2.7684     2.6810     0.0062  0.1509512 -9.990e-29
        268      5.088    14.9012   2.950034     2.7686     2.6812     0.0062  0.1509792 -9.990e-29
        269      5.068    14.9012   2.950037     2.7688     2.6813     0.0062  0.1510043 -9.990e-29
        270      5.048    14.9012   2.950040     2.7689     2.6815     0.0062  0.1510266 -9.990e-29
        271      5.028    14.9012   2.950043     2.7691     2.6816     0.0062  0.1510463 -9.990e-29
        272      5.008    14.9013   2.950046     2.7693     2.6818     0.0062  0.1510636 -9.990e-29
        273      4.989    14.9013   2.950050     2.7695     2.6820     0.0062  0.1510785 -9.990e-29
        274      4.969    14.9013   2.950053     2.7697     2.6821     0.0062  0.1510911 -9.990e-29
        275      4.949    14.9013   2.950056     2.7699     2.6823     0.0062  0.1511016 -9.990e-29
        276      4.929    14.9013   2.950059     2.7701     2.6824     0.0060  0.1511101 -9.990e-29
        277      4.909    14.9013   2.950063     2.7703     2.6826     0.0062  0.1511165 -9.990e-29
        278      4.890    14.9013   2.950066     2.7705     2.6827     0.0062  0.1511209 -9.990e-29
        279      4.870    14.9014   2.950070     2.7707     2.6829     0.0062  0.1511234 -9.990e-29
        280      4.850    14.9014   2.950073     2.7709     2.6830     0.0062  0.1511240 -9.990e-29
        281      4.831    14.9014   2.950077     2.7711     2.6832     0.0062  0.1511226 -9.990e-29
        282      4.811    14.9014   2.950079     2.7713     2.6833     0.0062  0.1511193 -9.990e-29
        283      4.791    14.9014   2.950082     2.7715     2.6835     0.0062  0.1511141 -9.990e-29
        284      4.771    14.9014   2.950084     2.7717     2.6837     0.0062  0.1511068 -9.990e-29
        285      4.751    14.9014   2.950086     2.7719     2.6838     0.0062  0.1510976 -9.990e-29
        286      4.732    14.9014   2.950087     2.7721     2.6840     0.0062  0.1510862 -9.990e-29
        287      4.712    14.9014   2.950088     2.7723     2.6841     0.0062  0.1510726 -9.990e-29
        288      4.692    14.9014   2.950089     2.7725     2.6843     0.0062  0.1510567 -9.990e-29
        289      4.673    14.9014   2.950089     2.7727     2.6845     0.0062  0.1510385 -9.990e-29
        290      4.653    14.9014   2.950089     2.7729     2.6846     0.0062  0.1510177 -9.990e-29
        291      4.633    14.9014   2.950089     2.7731     2.6848     0.0059  0.1509960 -9.990e-29
        292      4.614    14.9014   2.950088     2.7733     2.6849     0.0059  0.1509765 -9.990e-29
        293      4.594    14.9014   2.950086     2.7735     2.6851     0.0059  0.1509609 -9.990e-29
        294      4.575    14.9014   2.950085     2.7737     2.6852     0.0059  0.1509491 -9.990e-29
        295      4.555    14.9014   2.950083     2.7739     2.6854     0.0059  0.1509409 -9.990e-29
        296      4.535    14.9014   2.950081     2.7741     2.6856     0.0059  0.1509362 -9.990e-29
        297      4.515    14.9014   2.950079     2.7743     2.6857     0.0059  0.1509352 -9.990e-29
        298      4.495    14.9014   2.950078     2.7745     2.6859     0.0057  0.1509377 -9.990e-29
        299      4.475    14.9014   2.950077     2.7746     2.6860     0.0059  0.1509438 -9.990e-29
        300      4.455    14.9014   2.950076     2.7748     2.6862     0.0059  0.1509535 -9.990e-29
        301      4.435    14.9014   2.950074     2.7750     2.6863     0.0059  0.1509669 -9.990e-29
        302      4.415    14.9014   2.950073     2.7751     2.6865     0.0059  0.1509840 -9.990e-29
        303      4.395    14.9014   2.950071     2.7753     2.6866     0.0059  0.1510051 -9.990e-29
        304      4.375    14.9014   2.950068     2.7754     2.6868     0.0059  0.1510302 -9.990e-29
        305      4.355    14.9013   2.950065     2.7755     2.6869     0.0059  0.1510595 -9.990e-29
        306      4.335    14.9013   2.950062     2.7757     2.6871     0.0059  0.1510933 -9.990e-29
        307      4.315    14.9013   2.950058     2.7758     2.6872     0.0059  0.1511317 -9.990e-29
        308      4.295    14.9013   2.950054     2.7759     2.6874     0.0059  0.1511750 -9.990e-29
        309      4.275    14.9013   2.950048     2.7760     2.6875     0.0059  0.1512236 -9.990e-29
        310      4.255    14.9013   2.950042     2.7761     2.6876     0.0059  0.1512777 -9.990e-29
        311      4.235    14.9013   2.950036     2.7763     2.6878     0.0059  0.1513378 -9.990e-29
        312      4.214    14.9013   2.950029     2.7764     2.6879     0.0059  0.1514042 -9.990e-29
        313      4.194    14.9013   2.950022     2.7765     2.6880     0.0059  0.1514775 -9.990e-29
        314      4.174    14.9013   2.950013     2.7766     2.6882     0.0059  0.1515581 -9.990e-29
        315      4.154    14.9013   2.950003     2.7767     2.6883     0.0059  0.1516465 -9.990e-29
        316      4.134    14.9013   2.949992     2.7768     2.6884     0.0059  0.1517418 -9.990e-29
        317      4.114    14.9013   2.949980     2.7769     2.6885     0.0060  0.1518395 -9.990e-29
        318      4.093    14.9012   2.949966     2.7770     2.6886     0.0060  0.1519334 -9.990e-29
        319      4.073    14.9012   2.949951     2.7771     2.6887     0.0060  0.1520191 -9.990e-29
        320      4.053    14.9012   2.949934     2.7772     2.6888     0.0060  0.1520955 -9.990e-29
