data/2021/ctd_data_day3/station2B_ctm_fil_le_der.cnv
* Sea-Bird SBE 9 Data File:
* FileName = C:\Users\CTD-User\Desktop\MAR440\day3\station2B.hex
* Software Version Seasave V 7.26.2.13
* Temperature SN = 6313
* Conductivity SN = 4758
* Number of Bytes Per Scan = 37
* Number of Voltage Words = 4
* Number of Scans Averaged by the Deck Unit = 1
* NMEA Latitude = 58 20.01 N
* NMEA Longitude = 011 52.53 E
* NMEA UTC (Time) = Sep 23 2021 08:43:00
* NMEA baud rate = 4800
** Ship: Skagerrak
** Station: station2B
** Operator: Eva
# nquan = 13                                
# nvalues = 5095                        
# units = specified
# name 0 = scan: Scan Count
# name 1 = prDM: Pressure, Digiquartz [db]
# name 2 = t090C: Temperature [ITS-90, deg C]
# name 3 = c0S/m: Conductivity [S/m]
# name 4 = sbeox0V: Oxygen raw, SBE 43 [V]
# name 5 = sbeox1V: Oxygen raw, SBE 43, 2 [V]
# name 6 = flECO-AFL: Fluorescence, WET Labs ECO-AFL/FL [mg/m^3]
# name 7 = upoly0: Upoly 0, Turbidity
# name 8 = depSM: Depth [salt water, m], lat = 58.3335
# name 9 = sal00: Salinity, Practical [PSU]
# name 10 = sbeox0ML/L: Oxygen, SBE 43 [ml/l], WS = 2
# name 11 = sbeox1ML/L: Oxygen, SBE 43, 2 [ml/l], WS = 2
# name 12 = flag: flag
# span 0 =          1,       5095       
# span 1 =      0.239,     45.258       
# span 2 =     7.9778,    15.7832       
# span 3 =   0.046579,   3.464316       
# span 4 =     0.4751,     3.1973       
# span 5 =     0.5341,     2.8012       
# span 6 =     0.0033,     0.0346       
# span 7 =  0.0805987,  0.2200974       
# span 8 =      0.237,     44.832       
# span 9 =     0.2918,    32.2432       
# span 10 =    -0.1326,     8.7774      
# span 11 =     0.1726,     7.1517      
# span 12 = 0.0000e+00, 0.0000e+00      
# interval = seconds: 0.0416667
# start_time = Sep 23 2021 08:43:00 [NMEA time, header]
# bad_flag = -9.990e-29
*END*
[from data line 4112]
       4113     34.879     8.7029   3.413309     0.4944     0.5568     0.0040  0.1142932     34.552    32.1103    -0.0730     0.2310 0.0000e+00
       4114     34.901     8.7028   3.413323     0.4943     0.5568     0.0040  0.1142946     34.574    32.1106    -0.0733     0.2311 0.0000e+00
       4115     34.924     8.7028   3.413336     0.4943     0.5567     0.0040  0.1142961     34.596    32.1107    -0.0733     0.2308 0.0000e+00
       4116     34.947     8.7027   3.413349     0.4942     0.5567     0.0040  0.1142977     34.619    32.1109    -0.0737     0.2308 0.0000e+00
       4117     34.970     8.7026   3.413363     0.4942     0.5567     0.0040  0.1142994     34.642    32.1111    -0.0737     0.2308 0.0000e+00
       4118     34.992     8.7025   3.413376     0.4941     0.5566     0.0040  0.1143012     34.664    32.1113    -0.0740     0.2306 0.0000e+00
       4119     35.015     8.7024   3.413390     0.4941     0.5566     0.0040  0.1143032     34.687    32.1116    -0.0740     0.2306 0.0000e+00
       4120     35.038     8.7023   3.413404     0.4940     0.5566     0.0038  0.1143053     34.709    32.1118    -0.0743     0.2306 0.0000e+00
       4121     35.061     8.7021   3.413419     0.4940     0.5566     0.0040  0.1143075     34.732    32.1121    -0.0743     0.2306 0.0000e+00
       4122     35.083     8.7020   3.413433     0.4939     0.5565     0.0040  0.1143100     34.754    32.1124    -0.0746     0.2303 0.0000e+00
       4123     35.106     8.7019   3.413448     0.4939     0.5565     0.0040  0.1143126     34.777    32.1126    -0.0746     0.2303 0.0000e+00
       4124     35.128     8.7017   3.413463     0.4938     0.5565     0.0040  0.1143154     34.799    32.1129    -0.0749     0.2302 0.0000e+00
       4125     35.151     8.7015   3.413477     0.4938     0.5565     0.0040  0.1143185     34.821    32.1132    -0.0749     0.2302 0.0000e+00
       4126     35.173     8.7013   3.413492     0.4937     0.5564     0.0040  0.1143218     34.843    32.1136    -0.0752     0.2299 0.0000e+00
       4127     35.196     8.7011   3.413506     0.4937     0.5564     0.0040  0.1143254     34.866    32.1139    -0.0752     0.2299 0.0000e+00
       4128     35.219     8.7009   3.413520     0.4936     0.5564     0.0040  0.1143293     34.889    32.1142    -0.0754     0.2299 0.0000e+00
       4129     35.241     8.7006   3.413533     0.4936     0.5563     0.0040  0.1143336     34.910    32.1146    -0.0754     0.2296 0.0000e+00
       4130     35.264     8.7003   3.413545     0.4935     0.5563     0.0040  0.1143382     34.933    32.1150    -0.0757     0.2296 0.0000e+00
       4131     35.286     8.7000   3.413556     0.4935     0.5563     0.0040  0.1143431     34.955    32.1154    -0.0756     0.2295 0.0000e+00
       4132     35.309     8.6997   3.413566     0.4934     0.5562     0.0040  0.1143485     34.978    32.1157    -0.0759     0.2292 0.0000e+00
       4133     35.331     8.6994   3.413576     0.4934     0.5562     0.0040  0.1143544     35.000    32.1161    -0.0758     0.2292 0.0000e+00
       4134     35.354     8.6990   3.413585     0.4934     0.5561     0.0040  0.1143608     35.022    32.1165    -0.0758     0.2289 0.0000e+00
       4135     35.376     8.6986   3.413593     0.4933     0.5561     0.0040  0.1143677     35.044    32.1170    -0.0761     0.2289 0.0000e+00
       4136     35.399     8.6981   3.413602     0.4933     0.5561     0.0040  0.1143752     35.067    32.1175    -0.0761     0.2289 0.0000e+00
       4137     35.421     8.6976   3.413610     0.4932     0.5560     0.0040  0.1143834     35.089    32.1180    -0.0763     0.2285 0.0000e+00
       4138     35.443     8.6970   3.413618     0.4932     0.5560     0.0040  0.1143922     35.111    32.1187    -0.0763     0.2285 0.0000e+00
       4139     35.466     8.6964   3.413626     0.4931     0.5559     0.0040  0.1144019     35.133    32.1193    -0.0766     0.2282 0.0000e+00
       4140     35.488     8.6958   3.413635     0.4931     0.5559     0.0040  0.1144124     35.155    32.1199    -0.0765     0.2282 0.0000e+00
       4141     35.510     8.6951   3.413645     0.4931     0.5558     0.0040  0.1144237     35.177    32.1206    -0.0765     0.2279 0.0000e+00
       4142     35.532     8.6943   3.413656     0.4930     0.5558     0.0040  0.1144361     35.199    32.1215    -0.0768     0.2279 0.0000e+00
       4143     35.555     8.6938   3.413669     0.4930     0.5557     0.0040  0.1144504     35.222    32.1221    -0.0768     0.2276 0.0000e+00
       4144     35.577     8.6939   3.413685     0.4929     0.5557     0.0040  0.1144675     35.243    32.1221    -0.0771     0.2275 0.0000e+00
       4145     35.599     8.6943   3.413702     0.4929     0.5557     0.0040  0.1144868     35.265    32.1219    -0.0771     0.2275 0.0000e+00
       4146     35.621     8.6946   3.413720     0.4928     0.5556     0.0040  0.1145075     35.287    32.1218    -0.0774     0.2273 0.0000e+00
       4147     35.643     8.6949   3.413737     0.4928     0.5556     0.0040  0.1145298     35.309    32.1217    -0.0774     0.2272 0.0000e+00
       4148     35.665     8.6950   3.413755     0.4928     0.5555     0.0040  0.1145538     35.330    32.1218    -0.0774     0.2270 0.0000e+00
       4149     35.687     8.6951   3.413772     0.4927     0.5555     0.0040  0.1145797     35.352    32.1219    -0.0777     0.2269 0.0000e+00
       4150     35.709     8.6952   3.413789     0.4927     0.5555     0.0040  0.1146077     35.374    32.1220    -0.0777     0.2270 0.0000e+00
       4151     35.731     8.6952   3.413805     0.4927     0.5554     0.0040  0.1146379     35.396    32.1221    -0.0778     0.2267 0.0000e+00
       4152     35.753     8.6951   3.413821     0.4927     0.5554     0.0040  0.1146706     35.418    32.1224    -0.0779     0.2267 0.0000e+00
       4153     35.775     8.6950   3.413836     0.4926     0.5554     0.0040  0.1147060     35.439    32.1226    -0.0783     0.2267 0.0000e+00
       4154     35.796     8.6948   3.413850     0.4926     0.5553     0.0040  0.1147444     35.460    32.1229    -0.0783     0.2264 0.0000e+00
       4155     35.818     8.6945   3.413863     0.4926     0.5553     0.0040  0.1147859     35.482    32.1233    -0.0784     0.2264 0.0000e+00
       4156     35.840     8.6943   3.413876     0.4925     0.5553     0.0040  0.1148301     35.504    32.1236    -0.0787     0.2264 0.0000e+00
       4157     35.862     8.6944   3.413889     0.4925     0.5553     0.0040  0.1148739     35.526    32.1237    -0.0787     0.2264 0.0000e+00
       4158     35.883     8.6945   3.413902     0.4924     0.5552     0.0040  0.1149134     35.546    32.1237    -0.0791     0.2262 0.0000e+00
       4159     35.905     8.6946   3.413914     0.4923     0.5552     0.0040  0.1149478     35.568    32.1237    -0.0794     0.2262 0.0000e+00
       4160     35.926     8.6947   3.413927     0.4923     0.5551     0.0040  0.1149801     35.589    32.1238    -0.0794     0.2259 0.0000e+00
       4161     35.948     8.6946   3.413938     0.4923     0.5551     0.0040  0.1150122     35.611    32.1240    -0.0794     0.2259 0.0000e+00
       4162     35.970     8.6945   3.413950     0.4922     0.5551     0.0040  0.1150425     35.633    32.1242    -0.0797     0.2260 0.0000e+00
       4163     35.991     8.6944   3.413962     0.4922     0.5550     0.0040  0.1150697     35.653    32.1244    -0.0796     0.2257 0.0000e+00
       4164     36.013     8.6942   3.413975     0.4921     0.5550     0.0040  0.1150946     35.675    32.1247    -0.0799     0.2257 0.0000e+00
       4165     36.035     8.6939   3.413988     0.4921     0.5549     0.0040  0.1151185     35.697    32.1251    -0.0799     0.2255 0.0000e+00
       4166     36.056     8.6936   3.414002     0.4920     0.5549     0.0040  0.1151413     35.718    32.1255    -0.0802     0.2255 0.0000e+00
       4167     36.078     8.6932   3.414016     0.4920     0.5549     0.0040  0.1151633     35.740    32.1260    -0.0801     0.2255 0.0000e+00
       4168     36.099     8.6927   3.414030     0.4919     0.5548     0.0040  0.1151839     35.760    32.1266    -0.0804     0.2252 0.0000e+00
       4169     36.121     8.6921   3.414046     0.4919     0.5548     0.0040  0.1152013     35.782    32.1273    -0.0803     0.2253 0.0000e+00
       4170     36.142     8.6915   3.414062     0.4918     0.5548     0.0040  0.1152158     35.803    32.1280    -0.0806     0.2253 0.0000e+00
       4171     36.164     8.6908   3.414078     0.4918     0.5547     0.0040  0.1152283     35.825    32.1288    -0.0806     0.2250 0.0000e+00
       4172     36.185     8.6901   3.414095     0.4917     0.5547     0.0040  0.1152380     35.846    32.1296    -0.0808     0.2251 0.0000e+00
       4173     36.207     8.6896   3.414113     0.4917     0.5546     0.0040  0.1152451     35.867    32.1302    -0.0807     0.2248 0.0000e+00
       4174     36.228     8.6900   3.414134     0.4916     0.5546     0.0040  0.1152512     35.888    32.1301    -0.0809     0.2248 0.0000e+00
       4175     36.250     8.6907   3.414157     0.4915     0.5545     0.0040  0.1152572     35.910    32.1296    -0.0810     0.2246 0.0000e+00
       4176     36.272     8.6913   3.414179     0.4915     0.5545     0.0040  0.1152633     35.932    32.1293    -0.0809     0.2246 0.0000e+00
       4177     36.293     8.6918   3.414202     0.4914     0.5545     0.0040  0.1152694     35.953    32.1291    -0.0811     0.2246 0.0000e+00
       4178     36.315     8.6922   3.414224     0.4914     0.5544     0.0040  0.1152755     35.974    32.1290    -0.0810     0.2244 0.0000e+00
       4179     36.337     8.6925   3.414246     0.4914     0.5544     0.0040  0.1152818     35.996    32.1289    -0.0808     0.2244 0.0000e+00
       4180     36.358     8.6928   3.414268     0.4914     0.5543     0.0040  0.1152882     36.017    32.1289    -0.0807     0.2241 0.0000e+00
       4181     36.380     8.6930   3.414290     0.4913     0.5543     0.0040  0.1152948     36.039    32.1289    -0.0809     0.2242 0.0000e+00
       4182     36.401     8.6932   3.414312     0.4913     0.5543     0.0040  0.1153008     36.059    32.1289    -0.0808     0.2242 0.0000e+00
       4183     36.423     8.6933   3.414332     0.4913     0.5542     0.0040  0.1153054     36.081    32.1290    -0.0807     0.2239 0.0000e+00
       4184     36.444     8.6933   3.414352     0.4913     0.5542     0.0040  0.1153087     36.102    32.1292    -0.0807     0.2240 0.0000e+00
       4185     36.466     8.6932   3.414372     0.4912     0.5542     0.0040  0.1153105     36.124    32.1295    -0.0809     0.2240 0.0000e+00
       4186     36.487     8.6931   3.414390     0.4912     0.5542     0.0040  0.1153119     36.145    32.1298    -0.0808     0.2240 0.0000e+00
       4187     36.509     8.6930   3.414408     0.4912     0.5541     0.0040  0.1153128     36.166    32.1301    -0.0808     0.2238 0.0000e+00
       4188     36.530     8.6927   3.414426     0.4912     0.5541     0.0040  0.1153124     36.187    32.1305    -0.0807     0.2238 0.0000e+00
       4189     36.552     8.6924   3.414442     0.4911     0.5541     0.0040  0.1153115     36.209    32.1309    -0.0809     0.2238 0.0000e+00
       4190     36.573     8.6920   3.414458     0.4911     0.5540     0.0040  0.1153119     36.230    32.1315    -0.0809     0.2235 0.0000e+00
       4191     36.595     8.6916   3.414472     0.4911     0.5540     0.0040  0.1153143     36.252    32.1320    -0.0809     0.2236 0.0000e+00
       4192     36.616     8.6910   3.414485     0.4911     0.5540     0.0040  0.1153179     36.272    32.1326    -0.0808     0.2236 0.0000e+00
       4193     36.637     8.6904   3.414496     0.4910     0.5540     0.0040  0.1153211     36.293    32.1333    -0.0811     0.2236 0.0000e+00
       4194     36.659     8.6898   3.414506     0.4910     0.5539     0.0040  0.1153230     36.315    32.1339    -0.0810     0.2233 0.0000e+00
       4195     36.680     8.6890   3.414515     0.4910     0.5539     0.0040  0.1153245     36.336    32.1347    -0.0810     0.2233 0.0000e+00
       4196     36.701     8.6881   3.414522     0.4910     0.5539     0.0040  0.1153265     36.357    32.1356    -0.0810     0.2233 0.0000e+00
       4197     36.723     8.6872   3.414528     0.4910     0.5538     0.0040  0.1153289     36.378    32.1365    -0.0810     0.2231 0.0000e+00
       4198     36.744     8.6862   3.414532     0.4910     0.5538     0.0040  0.1153319     36.399    32.1374    -0.0810     0.2230 0.0000e+00
       4199     36.765     8.6853   3.414536     0.4910     0.5538     0.0040  0.1153353     36.420    32.1383    -0.0810     0.2230 0.0000e+00
       4200     36.787     8.6850   3.414541     0.4909     0.5537     0.0040  0.1153393     36.442    32.1386    -0.0813     0.2227 0.0000e+00
       4201     36.808     8.6850   3.414546     0.4909     0.5537     0.0040  0.1153438     36.463    32.1386    -0.0814     0.2228 0.0000e+00
       4202     36.830     8.6848   3.414549     0.4908     0.5537     0.0040  0.1153481     36.484    32.1388    -0.0818     0.2228 0.0000e+00
       4203     36.851     8.6847   3.414552     0.4908     0.5536     0.0040  0.1153513     36.505    32.1390    -0.0819     0.2225 0.0000e+00
       4204     36.872     8.6850   3.414556     0.4907     0.5536     0.0040  0.1153535     36.526    32.1387    -0.0823     0.2225 0.0000e+00
       4205     36.894     8.6854   3.414560     0.4907     0.5536     0.0040  0.1153546     36.548    32.1384    -0.0825     0.2224 0.0000e+00
       4206     36.916     8.6858   3.414564     0.4906     0.5535     0.0040  0.1153563     36.570    32.1381    -0.0829     0.2221 0.0000e+00
       4207     36.937     8.6864   3.414567     0.4906     0.5535     0.0040  0.1153596     36.590    32.1375    -0.0830     0.2221 0.0000e+00
       4208     36.959     8.6871   3.414570     0.4905     0.5535     0.0040  0.1153628     36.612    32.1369    -0.0835     0.2221 0.0000e+00
       4209     36.980     8.6876   3.414571     0.4905     0.5534     0.0040  0.1153658     36.633    32.1365    -0.0836     0.2218 0.0000e+00
       4210     37.001     8.6881   3.414572     0.4905     0.5534     0.0040  0.1153687     36.654    32.1360    -0.0838     0.2218 0.0000e+00
       4211     37.023     8.6885   3.414571     0.4904     0.5533     0.0040  0.1153707     36.676    32.1356    -0.0843     0.2215 0.0000e+00
       4212     37.044     8.6888   3.414570     0.4904     0.5533     0.0040  0.1153717     36.696    32.1353    -0.0844     0.2215 0.0000e+00
       4213     37.066     8.6890   3.414568     0.4904     0.5533     0.0040  0.1153727     36.718    32.1351    -0.0846     0.2215 0.0000e+00
       4214     37.088     8.6892   3.414565     0.4903     0.5532     0.0040  0.1153762     36.740    32.1349    -0.0851     0.2212 0.0000e+00
       4215     37.109     8.6893   3.414561     0.4903     0.5532     0.0040  0.1153830     36.761    32.1348    -0.0852     0.2212 0.0000e+00
       4216     37.131     8.6893   3.414556     0.4903     0.5531     0.0040  0.1153916     36.783    32.1347    -0.0853     0.2209 0.0000e+00
       4217     37.152     8.6892   3.414551     0.4903     0.5531     0.0040  0.1154002     36.803    32.1347    -0.0854     0.2209 0.0000e+00
       4218     37.174     8.6891   3.414546     0.4902     0.5531     0.0040  0.1154081     36.825    32.1348    -0.0858     0.2209 0.0000e+00
       4219     37.195     8.6889   3.414541     0.4902     0.5530     0.0040  0.1154162     36.846    32.1349    -0.0859     0.2206 0.0000e+00
       4220     37.216     8.6886   3.414535     0.4902     0.5530     0.0040  0.1154254     36.867    32.1351    -0.0859     0.2205 0.0000e+00
       4221     37.238     8.6882   3.414529     0.4901     0.5530     0.0040  0.1154349     36.889    32.1354    -0.0863     0.2205 0.0000e+00
       4222     37.259     8.6878   3.414522     0.4901     0.5529     0.0040  0.1154440     36.909    32.1356    -0.0863     0.2202 0.0000e+00
