data/2021/ctd_data_day3/station9i_ctm_fil_le_der.cnv
* Sea-Bird SBE 9 Data File:
* FileName = C:\Users\CTD-User\Desktop\MAR440\day3\station9i.hex
* Software Version Seasave V 7.26.2.13
* Temperature SN = 6313
* Conductivity SN = 4758
* Number of Bytes Per Scan = 37
* Number of Voltage Words = 4
* Number of Scans Averaged by the Deck Unit = 1
* NMEA Latitude = 58 20.28 N
* NMEA Longitude = 011 53.28 E
* NMEA UTC (Time) = Sep 23 2021 11:50:13
* NMEA baud rate = 4800
** Ship: Skagerrak
** Station: station9i
** Operator: Johan
# nquan = 13                                
# nvalues = 5713                        
# units = specified
# name 0 = scan: Scan Count
# name 1 = prDM: Pressure, Digiquartz [db]
# name 2 = t090C: Temperature [ITS-90, deg C]
# name 3 = c0S/m: Conductivity [S/m]
# name 4 = sbeox0V: Oxygen raw, SBE 43 [V]
# name 5 = sbeox1V: Oxygen raw, SBE 43, 2 [V]
# name 6 = flECO-AFL: Fluorescence, WET Labs ECO-AFL/FL [mg/m^3]
# name 7 = upoly0: Upoly 0, Turbidity
# name 8 = depSM: Depth [salt water, m], lat = 58.338
# name 9 = sal00: Salinity, Practical [PSU]
# name 10 = sbeox0ML/L: Oxygen, SBE 43 [ml/l], WS = 2
# name 11 = sbeox1ML/L: Oxygen, SBE 43, 2 [ml/l], WS = 2
# name 12 = flag: flag
# span 0 =          1,       5713       
# span 1 =      0.076,     39.053       
# span 2 =     7.9833,    15.6491       
# span 3 =  -0.000767,   3.465597       
# span 4 =     0.4811,     2.9326       
# span 5 =     0.5431,     2.7878       
# span 6 =     0.0024,     0.2439       
# span 7 =  0.0808790,  0.7693001       
# span 8 =      0.075,     38.686       
# span 9 =     0.0000,    32.1312       
# span 10 =    -0.1103,     8.7286      
# span 11 =     0.1955,     7.1396      
# span 12 = 0.0000e+00, 0.0000e+00      
# interval = seconds: 0.0416667
# start_time = Sep 23 2021 11:50:13 [NMEA time, header]
# bad_flag = -9.990e-29
*END*
[from data line 889]
        890      0.178    13.0779   0.000308     2.9293     2.7742     0.2425  0.7211584      0.176     0.0076     8.6381     7.0621 -9.990e-29
        891      0.179    13.0781   0.000310     2.9293     2.7742     0.2425  0.7177309      0.177     0.0076     8.6382     7.0621 -9.990e-29
        892      0.180    13.0783   0.000313     2.9293     2.7742     0.2425  0.7140064      0.178     0.0076     8.6382     7.0620 -9.990e-29
        893      0.181    13.0785   0.000317     2.9293     2.7741     0.2425  0.7099589      0.179     0.0076     8.6383     7.0616 -9.990e-29
        894      0.182    13.0787   0.000321     2.9293     2.7741     0.2425  0.7055602      0.180     0.0076     8.6384     7.0616 -9.990e-29
        895      0.182    13.0789   0.000325     2.9293     2.7741     0.2416  0.7007840      0.180     0.0076     8.6384     7.0616 -9.990e-29
        896      0.183    13.0791   0.000328     2.9293     2.7741     0.2271  0.6956633      0.181     0.0076     8.6385     7.0616 -9.990e-29
        897      0.183    13.0793   0.000331     2.9292     2.7741     0.2187  0.6903155      0.181     0.0076     8.6383     7.0616 -9.990e-29
        898      0.183    13.0795   0.000333     2.9292     2.7741     0.2176  0.6848315      0.181     0.0077     8.6383     7.0616 -9.990e-29
        899      0.184    13.0797   0.000336     2.9293     2.7741     0.2183  0.6792123      0.182     0.0077     8.6388     7.0615 -9.990e-29
        900      0.184    13.0799   0.000338     2.9293     2.7741     0.2187  0.6734162      0.182     0.0077     8.6389     7.0615 -9.990e-29
        901      0.184    13.0800   0.000342     2.9293     2.7742     0.2187  0.6673970      0.182     0.0077     8.6389     7.0618 -9.990e-29
        902      0.184    13.0802   0.000345     2.9293     2.7742     0.2187  0.6611111      0.182     0.0077     8.6390     7.0618 -9.990e-29
        903      0.184    13.0804   0.000348     2.9293     2.7742     0.2187  0.6545148      0.182     0.0077     8.6391     7.0618 -9.990e-29
        904      0.184    13.0806   0.000350     2.9293     2.7742     0.2187  0.6475621      0.182     0.0077     8.6392     7.0618 -9.990e-29
        905      0.183    13.0808   0.000351     2.9294     2.7742     0.2187  0.6402056      0.181     0.0077     8.6396     7.0618 -9.990e-29
        906      0.183    13.0810   0.000350     2.9294     2.7742     0.2187  0.6323958      0.181     0.0077     8.6397     7.0617 -9.990e-29
        907      0.183    13.0812   0.000349     2.9294     2.7742     0.2187  0.6240784      0.181     0.0077     8.6397     7.0617 -9.990e-29
        908      0.182    13.0815   0.000346     2.9294     2.7742     0.2187  0.6151938      0.180     0.0077     8.6398     7.0617 -9.990e-29
        909      0.182    13.0817   0.000345     2.9294     2.7742     0.2185  0.6056793      0.180     0.0077     8.6398     7.0617 -9.990e-29
        910      0.182    13.0819   0.000344     2.9294     2.7742     0.2187  0.5954688      0.180     0.0077     8.6398     7.0616 -9.990e-29
        911      0.182    13.0821   0.000341     2.9294     2.7742     0.2185  0.5844912      0.180     0.0077     8.6398     7.0616 -9.990e-29
        912      0.182    13.0823   0.000339     2.9294     2.7742     0.2185  0.5726702      0.180     0.0077     8.6398     7.0616 -9.990e-29
        913      0.183    13.0826   0.000336     2.9294     2.7742     0.2187  0.5599235      0.181     0.0077     8.6398     7.0616 -9.990e-29
        914      0.184    13.0828   0.000332     2.9295     2.7742     0.2187  0.5461624      0.182     0.0077     8.6400     7.0616 -9.990e-29
        915      0.185    13.0830   0.000328     2.9295     2.7742     0.2187  0.5312913      0.183     0.0076     8.6400     7.0615 -9.990e-29
        916      0.186    13.0832   0.000325     2.9295     2.7741     0.2187  0.5152067      0.184     0.0076     8.6399     7.0612 -9.990e-29
        917      0.187    13.0835   0.000323     2.9295     2.7741     0.2187  0.4977967      0.185     0.0076     8.6397     7.0612 -9.990e-29
        918      0.188    13.0837   0.000321     2.9296     2.7742     0.2187  0.4789401      0.186     0.0076     8.6400     7.0614 -9.990e-29
        919      0.189    13.0839   0.000320     2.9296     2.7742     0.2185  0.4585058      0.187     0.0076     8.6399     7.0614 -9.990e-29
        920      0.190    13.0841   0.000317     2.9296     2.7742     0.2187  0.4363517      0.188     0.0076     8.6398     7.0613 -9.990e-29
        921      0.191    13.0844   0.000314     2.9296     2.7742     0.1553  0.4126548      0.189     0.0076     8.6397     7.0613 -9.990e-29
        922      0.192    13.0846   0.000309     2.9296     2.7742     0.0425  0.3884973      0.190     0.0076     8.6395     7.0612 -9.990e-29
        923      0.193    13.0848   0.000305     2.9296     2.7742     0.0082  0.3653852      0.191     0.0075     8.6393     7.0612 -9.990e-29
        924      0.193    13.0850   0.000302     2.9296     2.7742     0.0102  0.3440786      0.191     0.0075     8.6391     7.0611 -9.990e-29
        925      0.193    13.0852   0.000299     2.9296     2.7742     0.0152  0.3245540      0.191     0.0075     8.6390     7.0610 -9.990e-29
        926      0.192    13.0854   0.000297     2.9296     2.7742     0.0165  0.3066060      0.190     0.0075     8.6388     7.0610 -9.990e-29
        927      0.192    13.0856   0.000296     2.9296     2.7742     0.0165  0.2900715      0.190     0.0075     8.6386     7.0610 -9.990e-29
        928      0.191    13.0858   0.000296     2.9296     2.7742     0.0163  0.2748313      0.189     0.0075     8.6384     7.0609 -9.990e-29
        929      0.190    13.0860   0.000297     2.9296     2.7742     0.0163  0.2607818      0.188     0.0075     8.6383     7.0609 -9.990e-29
        930      0.189    13.0861   0.000298     2.9296     2.7742     0.0161  0.2478262      0.187     0.0075     8.6382     7.0609 -9.990e-29
        931      0.189    13.0863   0.000299     2.9296     2.7742     0.0163  0.2358743      0.187     0.0075     8.6381     7.0609 -9.990e-29
        932      0.188    13.0864   0.000300     2.9296     2.7742     0.0163  0.2248431      0.186     0.0075     8.6380     7.0609 -9.990e-29
        933      0.188    13.0866   0.000301     2.9296     2.7742     0.0163  0.2146565      0.186     0.0075     8.6379     7.0608 -9.990e-29
        934      0.188    13.0867   0.000303     2.9296     2.7742     0.0163  0.2052447      0.186     0.0075     8.6379     7.0608 -9.990e-29
        935      0.188    13.0868   0.000306     2.9296     2.7742     0.0161  0.1965412      0.186     0.0076     8.6378     7.0608 -9.990e-29
        936      0.188    13.0870   0.000309     2.9296     2.7742     0.0163  0.1884848      0.186     0.0076     8.6377     7.0608 -9.990e-29
        937      0.188    13.0871   0.000312     2.9295     2.7742     0.0163  0.1810192      0.186     0.0076     8.6372     7.0608 -9.990e-29
        938      0.188    13.0872   0.000315     2.9295     2.7742     0.0163  0.1740936      0.186     0.0076     8.6371     7.0607 -9.990e-29
        939      0.188    13.0873   0.000317     2.9295     2.7742     0.0163  0.1676604      0.186     0.0076     8.6371     7.0607 -9.990e-29
        940      0.188    13.0875   0.000320     2.9295     2.7742     0.0163  0.1616742      0.186     0.0076     8.6370     7.0607 -9.990e-29
        941      0.188    13.0876   0.000323     2.9295     2.7742     0.0161  0.1560924      0.186     0.0076     8.6370     7.0606 -9.990e-29
        942      0.188    13.0877   0.000325     2.9295     2.7742     0.0163  0.1508762      0.186     0.0076     8.6370     7.0606 -9.990e-29
        943      0.188    13.0879   0.000326     2.9295     2.7742     0.0163  0.1459894      0.186     0.0076     8.6371     7.0606 -9.990e-29
        944      0.188    13.0880   0.000327     2.9295     2.7742     0.0163  0.1413978      0.186     0.0076     8.6371     7.0605 -9.990e-29
        945      0.187    13.0881   0.000326     2.9295     2.7742     0.0163  0.1370696      0.185     0.0076     8.6372     7.0605 -9.990e-29
        946      0.187    13.0883   0.000325     2.9295     2.7742     0.0159  0.1329764      0.185     0.0076     8.6372     7.0604 -9.990e-29
        947      0.186    13.0885   0.000324     2.9294     2.7742     0.0101  0.1291135      0.184     0.0076     8.6368     7.0604 -9.990e-29
        948      0.185    13.0886   0.000322     2.9294     2.7742     0.0068  0.1255084      0.183     0.0076     8.6369     7.0603 -9.990e-29
        949      0.184    13.0888   0.000319     2.9294     2.7742     0.0064  0.1221809      0.182     0.0076     8.6369     7.0603 -9.990e-29
        950      0.184    13.0890   0.000313     2.9294     2.7742     0.0066  0.1191208      0.182     0.0076     8.6369     7.0602 -9.990e-29
        951      0.183    13.0892   0.000307     2.9294     2.7742     0.0068  0.1163049      0.181     0.0076     8.6370     7.0601 -9.990e-29
        952      0.183    13.0894   0.000301     2.9294     2.7742     0.0068  0.1137121      0.181     0.0075     8.6370     7.0601 -9.990e-29
        953      0.182    13.0897   0.000295     2.9294     2.7742     0.0068  0.1113242      0.180     0.0075     8.6370     7.0600 -9.990e-29
        954      0.182    13.0899   0.000290     2.9295     2.7742     0.0068  0.1091239      0.180     0.0075     8.6374     7.0600 -9.990e-29
        955      0.182    13.0901   0.000286     2.9295     2.7742     0.0068  0.1070958      0.180     0.0075     8.6374     7.0599 -9.990e-29
        956      0.181    13.0904   0.000280     2.9295     2.7742     0.0068  0.1052275      0.179     0.0075     8.6374     7.0599 -9.990e-29
        957      0.181    13.0906   0.000276     2.9295     2.7742     0.0068  0.1035069      0.179     0.0074     8.6374     7.0598 -9.990e-29
        958      0.180    13.0909   0.000272     2.9295     2.7742     0.0068  0.1019220      0.178     0.0074     8.6374     7.0597 -9.990e-29
        959      0.179    13.0912   0.000269     2.9295     2.7742     0.0068  0.1004609      0.177     0.0074     8.6374     7.0597 -9.990e-29
        960      0.178    13.0914   0.000267     2.9295     2.7742     0.0068  0.0991117      0.176     0.0074     8.6374     7.0596 -9.990e-29
        961      0.177    13.0917   0.000266     2.9295     2.7742     0.0068  0.0978651      0.175     0.0074     8.6375     7.0596 -9.990e-29
        962      0.175    13.0920   0.000266     2.9295     2.7742     0.0068  0.0967132      0.173     0.0074     8.6374     7.0595 -9.990e-29
        963      0.174    13.0923   0.000266     2.9295     2.7742     0.0068  0.0956473      0.172     0.0074     8.6374     7.0595 -9.990e-29
        964      0.173    13.0926   0.000265     2.9295     2.7742     0.0068  0.0946589      0.171     0.0074     8.6373     7.0594 -9.990e-29
        965      0.172    13.0928   0.000265     2.9296     2.7742     0.0068  0.0937422      0.170     0.0074     8.6376     7.0594 -9.990e-29
        966      0.172    13.0931   0.000265     2.9296     2.7742     0.0068  0.0928923      0.170     0.0074     8.6376     7.0593 -9.990e-29
        967      0.171    13.0934   0.000265     2.9296     2.7742     0.0068  0.0921044      0.169     0.0074     8.6375     7.0593 -9.990e-29
        968      0.171    13.0937   0.000264     2.9296     2.7742     0.0068  0.0913727      0.169     0.0074     8.6375     7.0592 -9.990e-29
        969      0.170    13.0940   0.000263     2.9296     2.7741     0.0066  0.0906924      0.168     0.0074     8.6374     7.0589 -9.990e-29
        970      0.170    13.0943   0.000263     2.9296     2.7741     0.0068  0.0900578      0.168     0.0074     8.6374     7.0588 -9.990e-29
        971      0.170    13.0946   0.000265     2.9296     2.7741     0.0068  0.0894627      0.168     0.0074     8.6373     7.0588 -9.990e-29
        972      0.169    13.0949   0.000268     2.9296     2.7741     0.0064  0.0889039      0.167     0.0074     8.6371     7.0587 -9.990e-29
        973      0.168    13.0952   0.000271     2.9296     2.7741     0.0057  0.0883827      0.166     0.0074     8.6370     7.0587 -9.990e-29
        974      0.167    13.0955   0.000274     2.9296     2.7741     0.0053  0.0879013      0.165     0.0074     8.6368     7.0586 -9.990e-29
        975      0.167    13.0958   0.000279     2.9296     2.7741     0.0053  0.0874588      0.165     0.0074     8.6367     7.0586 -9.990e-29
        976      0.166    13.0961   0.000281     2.9296     2.7741     0.0053  0.0870524      0.164     0.0075     8.6365     7.0586 -9.990e-29
        977      0.166    13.0964   0.000282     2.9296     2.7741     0.0055  0.0866790      0.164     0.0075     8.6364     7.0585 -9.990e-29
        978      0.165    13.0967   0.000282     2.9296     2.7741     0.0055  0.0863362      0.163     0.0075     8.6362     7.0585 -9.990e-29
        979      0.165    13.0970   0.000280     2.9296     2.7741     0.0055  0.0860224      0.163     0.0075     8.6361     7.0584 -9.990e-29
        980      0.165    13.0973   0.000280     2.9296     2.7741     0.0055  0.0857353      0.163     0.0075     8.6360     7.0584 -9.990e-29
        981      0.165    13.0976   0.000280     2.9296     2.7741     0.0055  0.0854722      0.163     0.0075     8.6359     7.0584 -9.990e-29
        982      0.165    13.0979   0.000280     2.9296     2.7741     0.0053  0.0852313      0.163     0.0075     8.6358     7.0584 -9.990e-29
        983      0.165    13.0982   0.000280     2.9296     2.7741     0.0055  0.0850099      0.163     0.0075     8.6356     7.0583 -9.990e-29
        984      0.165    13.0984   0.000280     2.9296     2.7741     0.0055  0.0848057      0.163     0.0075     8.6356     7.0583 -9.990e-29
        985      0.165    13.0987   0.000279     2.9296     2.7741     0.0055  0.0846174      0.163     0.0075     8.6354     7.0583 -9.990e-29
        986      0.165    13.0990   0.000278     2.9296     2.7741     0.0055  0.0844435      0.163     0.0074     8.6353     7.0583 -9.990e-29
        987      0.165    13.0992   0.000277     2.9296     2.7741     0.0055  0.0842837      0.163     0.0074     8.6352     7.0583 -9.990e-29
        988      0.165    13.0995   0.000276     2.9296     2.7741     0.0055  0.0841378      0.163     0.0074     8.6350     7.0582 -9.990e-29
        989      0.164    13.0998   0.000278     2.9296     2.7741     0.0055  0.0840039      0.162     0.0074     8.6348     7.0582 -9.990e-29
        990      0.164    13.1000   0.000280     2.9296     2.7741     0.0055  0.0838802      0.162     0.0075     8.6348     7.0582 -9.990e-29
        991      0.164    13.1003   0.000283     2.9296     2.7741     0.0055  0.0837658      0.162     0.0075     8.6347     7.0582 -9.990e-29
        992      0.164    13.1005   0.000284     2.9296     2.7741     0.0055  0.0836600      0.162     0.0075     8.6346     7.0582 -9.990e-29
        993      0.164    13.1008   0.000285     2.9296     2.7741     0.0055  0.0835620      0.162     0.0075     8.6345     7.0581 -9.990e-29
        994      0.164    13.1010   0.000287     2.9296     2.7741     0.0055  0.0834712      0.162     0.0075     8.6344     7.0581 -9.990e-29
        995      0.164    13.1013   0.000289     2.9295     2.7741     0.0055  0.0833869      0.162     0.0075     8.6340     7.0580 -9.990e-29
        996      0.164    13.1015   0.000291     2.9295     2.7741     0.0053  0.0833084      0.162     0.0075     8.6339     7.0579 -9.990e-29
        997      0.164    13.1018   0.000292     2.9295     2.7741     0.0055  0.0832362      0.162     0.0075     8.6337     7.0578 -9.990e-29
        998      0.164    13.1021   0.000291     2.9295     2.7741     0.0060  0.0831706      0.162     0.0075     8.6336     7.0578 -9.990e-29
        999      0.164    13.1023   0.000291     2.9295     2.7741     0.0062  0.0831103      0.162     0.0075     8.6335     7.0577 -9.990e-29
       1000      0.163    13.1026   0.000290     2.9295     2.7741     0.0062  0.0830539      0.161     0.0075     8.6334     7.0576 -9.990e-29
