data/2021/ctd_data_day3/station4d.cnv
* Sea-Bird SBE 9 Data File:
* FileName = C:\Users\CTD-User\Desktop\MAR440\day3\station4d.hex
* Software Version Seasave V 7.26.2.13
* Temperature SN = 6313
* Conductivity SN = 4758
* Number of Bytes Per Scan = 37
* Number of Voltage Words = 4
* Number of Scans Averaged by the Deck Unit = 1
* NMEA Latitude = 58 19.57 N
* NMEA Longitude = 011 50.76 E
* NMEA UTC (Time) = Sep 23 2021 09:22:13
* NMEA baud rate = 4800
** Ship: Skagerrak
** Station: station4D
** Operator: Nicolas
# nquan = 9
# nvalues = 1887                                  
# units = specified
# name 0 = scan: Scan Count
# name 1 = prDM: Pressure, Digiquartz [db]
# name 2 = t090C: Temperature [ITS-90, deg C]
# name 3 = c0S/m: Conductivity [S/m]
# name 4 = sbeox0V: Oxygen raw, SBE 43 [V]
# name 5 = sbeox1V: Oxygen raw, SBE 43, 2 [V]
# name 6 = flECO-AFL: Fluorescence, WET Labs ECO-AFL/FL [mg/m^3]
# name 7 = upoly0: Upoly 0, Turbidity
# name 8 = flag:  0.000e+00
# span 0 =          1,       1887                 
# span 1 =      0.634,     12.935                 
# span 2 =    13.8096,    15.8465                 
# span 3 =   2.926118,   3.394647                 
# span 4 =     1.6324,     2.7485                 
# span 5 =     1.6288,     2.6423                 
# span 6 =     0.0037,     0.0101                 
# span 7 =  0.0893736,  0.1592149                 
# span 8 = 0.0000e+00, 0.0000e+00                 
# interval = seconds: 0.0416667
# start_time = Sep 23 2021 09:22:13 [NMEA time, header]
# bad_flag = -9.990e-29
*END*
[from data line 1281]
       1282      3.522    15.0602   2.966848     2.7351     2.6313     0.0071  0.1484701  0.000e+00
       1283      3.621    15.0602   2.966666     2.7351     2.6313     0.0070  0.1470049  0.000e+00
       1284      3.646    15.0597   2.966450     2.7339     2.6313     0.0070  0.1465165  0.000e+00
       1285      3.646    15.0593   2.966439     2.7326     2.6313     0.0070  0.1465165  0.000e+00
       1286      3.621    15.0587   2.966516     2.7326     2.6325     0.0070  0.1465165  0.000e+00
       1287      3.712    15.0585   2.966555     2.7375     2.6325     0.0070  0.1465165  0.000e+00
       1288      3.679    15.0587   2.966688     2.7351     2.6325     0.0070  0.1465165  0.000e+00
       1289      3.770    15.0585   2.966688     2.7351     2.6325     0.0070  0.1465165  0.000e+00
       1290      3.745    15.0584   2.966632     2.7339     2.6325     0.0070  0.1465165  0.000e+00
       1291      3.769    15.0584   2.966516     2.7351     2.6337     0.0070  0.1465165  0.000e+00
       1292      3.827    15.0585   2.966483     2.7375     2.6337     0.0070  0.1465165  0.000e+00
       1293      3.802    15.0589   2.966500     2.7375     2.6337     0.0070  0.1465165  0.000e+00
       1294      3.827    15.0591   2.966594     2.7375     2.6337     0.0070  0.1465165  0.000e+00
       1295      3.868    15.0589   2.966682     2.7375     2.6350     0.0070  0.1465165  0.000e+00
       1296      3.893    15.0584   2.966704     2.7375     2.6350     0.0070  0.1465165  0.000e+00
       1297      3.926    15.0584   2.966577     2.7375     2.6350     0.0070  0.1465165  0.000e+00
       1298      3.951    15.0584   2.966472     2.7375     2.6350     0.0068  0.1465165  0.000e+00
       1299      3.827    15.0581   2.966456     2.7363     2.6350     0.0070  0.1465165  0.000e+00
       1300      4.050    15.0577   2.966456     2.7363     2.6350     0.0070  0.1465165  0.000e+00
       1301      4.017    15.0577   2.966539     2.7375     2.6362     0.0070  0.1465165  0.000e+00
       1302      4.050    15.0582   2.966566     2.7387     2.6362     0.0070  0.1460281  0.000e+00
       1303      4.017    15.0582   2.966605     2.7375     2.6362     0.0070  0.1465165  0.000e+00
       1304      4.074    15.0581   2.966555     2.7375     2.6362     0.0070  0.1465165  0.000e+00
       1305      4.050    15.0577   2.966517     2.7375     2.6362     0.0070  0.1465165  0.000e+00
       1306      4.132    15.0575   2.966362     2.7387     2.6362     0.0070  0.1465165  0.000e+00
       1307      4.107    15.0579   2.966401     2.7387     2.6374     0.0068  0.1465165  0.000e+00
       1308      4.198    15.0573   2.966528     2.7375     2.6362     0.0070  0.1470049  0.000e+00
       1309      4.173    15.0570   2.966544     2.7375     2.6362     0.0070  0.1474933  0.000e+00
       1310      4.198    15.0563   2.966517     2.7375     2.6374     0.0070  0.1474933  0.000e+00
       1311      4.198    15.0579   2.966511     2.7400     2.6362     0.0070  0.1474933  0.000e+00
       1312      4.231    15.0609   2.966633     2.7387     2.6362     0.0070  0.1474933  0.000e+00
       1313      4.256    15.0648   2.966964     2.7375     2.6362     0.0068  0.1474933  0.000e+00
       1314      4.297    15.0668   2.967268     2.7375     2.6362     0.0070  0.1474933  0.000e+00
       1315      4.322    15.0680   2.967643     2.7387     2.6362     0.0070  0.1474933  0.000e+00
       1316      4.322    15.0687   2.967853     2.7400     2.6374     0.0070  0.1474933  0.000e+00
       1317      4.355    15.0691   2.968013     2.7387     2.6374     0.0070  0.1474933  0.000e+00
       1318      4.379    15.0692   2.968035     2.7387     2.6362     0.0070  0.1474933  0.000e+00
       1319      4.355    15.0688   2.967964     2.7375     2.6362     0.0070  0.1474933  0.000e+00
       1320      4.445    15.0682   2.967942     2.7387     2.6374     0.0070  0.1474933  0.000e+00
       1321      4.412    15.0678   2.967964     2.7400     2.6374     0.0070  0.1474933  0.000e+00
       1322      4.503    15.0682   2.968096     2.7387     2.6362     0.0070  0.1474933  0.000e+00
       1323      4.445    15.0779   2.967991     2.7485     2.6374     0.0070  0.1474933  0.000e+00
       1324      4.536    15.0693   2.967820     2.7339     2.6362     0.0070  0.1474933  0.000e+00
       1325      4.503    15.0690   2.967881     2.7339     2.6362     0.0070  0.1474933  0.000e+00
       1326      4.536    15.0695   2.968036     2.7387     2.6362     0.0070  0.1474933  0.000e+00
       1327      4.561    15.0729   2.968312     2.7387     2.6362     0.0070  0.1470049  0.000e+00
       1328      4.627    15.0759   2.968654     2.7375     2.6362     0.0070  0.1474933  0.000e+00
       1329      4.602    15.0772   2.968870     2.7387     2.6362     0.0070  0.1474933  0.000e+00
       1330      4.684    15.0790   2.969080     2.7400     2.6362     0.0070  0.1474933  0.000e+00
       1331      4.660    15.0812   2.969472     2.7387     2.6362     0.0070  0.1474933  0.000e+00
       1332      4.684    15.0835   2.969720     2.7387     2.6362     0.0070  0.1474933  0.000e+00
       1333      4.684    15.0859   2.969953     2.7375     2.6350     0.0070  0.1479817  0.000e+00
       1334      4.717    15.0884   2.970245     2.7375     2.6350     0.0068  0.1484701  0.000e+00
       1335      4.808    15.0908   2.970826     2.7387     2.6350     0.0068  0.1489585  0.000e+00
       1336      4.717    15.0937   2.971234     2.7387     2.6350     0.0068  0.1489585  0.000e+00
       1337      4.808    15.0959   2.971400     2.7375     2.6350     0.0068  0.1489585  0.000e+00
       1338      4.808    15.0972   2.971616     2.7375     2.6350     0.0068  0.1489585  0.000e+00
       1339      4.841    15.0984   2.971820     2.7375     2.6337     0.0068  0.1489585  0.000e+00
       1340      4.866    15.0999   2.971953     2.7387     2.6337     0.0068  0.1489585  0.000e+00
       1341      4.907    15.1031   2.972268     2.7375     2.6337     0.0066  0.1489585  0.000e+00
       1342      4.931    15.1075   2.972821     2.7375     2.6337     0.0068  0.1489585  0.000e+00
       1343      4.907    15.1099   2.973202     2.7375     2.6337     0.0068  0.1489585  0.000e+00
       1344      4.931    15.1082   2.973296     2.7375     2.6337     0.0068  0.1489585  0.000e+00
       1345      4.989    15.1060   2.973407     2.7387     2.6337     0.0068  0.1489585  0.000e+00
       1346      5.030    15.1045   2.973092     2.7363     2.6325     0.0068  0.1489585  0.000e+00
       1347      4.989    15.1048   2.972870     2.7375     2.6325     0.0068  0.1489585  0.000e+00
       1348      5.088    15.1024   2.972876     2.7375     2.6325     0.0068  0.1484701  0.000e+00
       1349      5.055    15.0980   2.972373     2.7375     2.6325     0.0068  0.1489585  0.000e+00
       1350      5.055    15.0958   2.971660     2.7375     2.6325     0.0068  0.1489585  0.000e+00
       1351      5.088    15.0965   2.971649     2.7363     2.6325     0.0068  0.1489585  0.000e+00
       1352      5.179    15.0984   2.971931     2.7351     2.6325     0.0068  0.1489585  0.000e+00
       1353      5.146    15.0996   2.971964     2.7351     2.6325     0.0068  0.1489585  0.000e+00
       1354      5.179    15.1004   2.972185     2.7375     2.6325     0.0068  0.1489585  0.000e+00
       1355      5.179    15.1022   2.972401     2.7375     2.6313     0.0068  0.1489585  0.000e+00
       1356      5.212    15.1034   2.972467     2.7339     2.6313     0.0068  0.1489585  0.000e+00
       1357      5.236    15.1033   2.972644     2.7339     2.6313     0.0068  0.1489585  0.000e+00
       1358      5.269    15.1033   2.972716     2.7339     2.6313     0.0068  0.1489585  0.000e+00
       1359      5.294    15.1038   2.972705     2.7351     2.6313     0.0066  0.1484701  0.000e+00
       1360      5.294    15.1033   2.972683     2.7351     2.6313     0.0066  0.1484701  0.000e+00
       1361      5.335    15.1031   2.972793     2.7339     2.6313     0.0066  0.1484701  0.000e+00
       1362      5.360    15.1034   2.972666     2.7339     2.6313     0.0066  0.1484701  0.000e+00
       1363      5.360    15.1040   2.972633     2.7339     2.6301     0.0066  0.1484701  0.000e+00
       1364      5.393    15.1041   2.972893     2.7351     2.6313     0.0066  0.1484701  0.000e+00
       1365      5.418    15.1040   2.972826     2.7339     2.6313     0.0066  0.1484701  0.000e+00
       1366      5.459    15.0889   2.972611     2.7436     2.6325     0.0066  0.1484701  0.000e+00
       1367      5.484    15.1050   2.972826     2.7278     2.6301     0.0066  0.1484701  0.000e+00
       1368      5.484    15.1040   2.972522     2.7290     2.6301     0.0066  0.1484701  0.000e+00
       1369      5.459    15.1037   2.972141     2.7326     2.6313     0.0066  0.1484701  0.000e+00
       1370      5.541    15.1041   2.972379     2.7326     2.6301     0.0066  0.1484701  0.000e+00
       1371      5.574    15.1041   2.972539     2.7326     2.6301     0.0066  0.1484701  0.000e+00
       1372      5.541    15.1038   2.972539     2.7326     2.6301     0.0066  0.1484701  0.000e+00
       1373      5.599    15.1041   2.972782     2.7339     2.6301     0.0066  0.1484701  0.000e+00
       1374      5.640    15.1038   2.972821     2.7351     2.6301     0.0066  0.1484701  0.000e+00
       1375      5.599    15.1036   2.972661     2.7326     2.6301     0.0066  0.1484701  0.000e+00
       1376      5.640    15.1036   2.972699     2.7314     2.6301     0.0066  0.1484701  0.000e+00
       1377      5.665    15.1033   2.972766     2.7314     2.6301     0.0066  0.1484701  0.000e+00
       1378      5.723    15.1028   2.972677     2.7339     2.6301     0.0066  0.1484701  0.000e+00
       1379      5.698    15.1014   2.972627     2.7339     2.6301     0.0066  0.1484701  0.000e+00
       1380      5.789    15.1006   2.972556     2.7326     2.6301     0.0066  0.1484701  0.000e+00
       1381      5.698    15.0952   2.972346     2.7400     2.6264     0.0066  0.1479817  0.000e+00
       1382      5.789    15.1013   2.972329     2.7265     2.6288     0.0066  0.1484701  0.000e+00
       1383      5.846    15.1029   2.972528     2.7302     2.6301     0.0066  0.1484701  0.000e+00
       1384      5.822    15.1040   2.972650     2.7326     2.6301     0.0066  0.1479817  0.000e+00
       1385      5.846    15.1040   2.972755     2.7326     2.6288     0.0064  0.1465165  0.000e+00
       1386      5.846    15.1033   2.972716     2.7326     2.6301     0.0064  0.1460281  0.000e+00
       1387      5.879    15.0022   2.972700     2.7400     2.6301     0.0064  0.1460281  0.000e+00
       1388      5.912    15.1055   2.972716     2.7326     2.6288     0.0062  0.1460281  0.000e+00
       1389      5.945    15.1043   2.972826     2.7278     2.6288     0.0064  0.1460281  0.000e+00
       1390      5.970    15.1026   2.972677     2.7302     2.6301     0.0064  0.1460281  0.000e+00
       1391      5.970    15.1014   2.972467     2.7314     2.6288     0.0064  0.1460281  0.000e+00
       1392      6.003    15.1022   2.972627     2.7314     2.6288     0.0064  0.1460281  0.000e+00
       1393      6.028    15.1028   2.972550     2.7326     2.6288     0.0064  0.1460281  0.000e+00
       1394      6.028    15.1031   2.972567     2.7326     2.6288     0.0064  0.1460281  0.000e+00
       1395      6.069    15.1029   2.972771     2.7326     2.6288     0.0064  0.1460281  0.000e+00
       1396      6.094    15.1033   2.972771     2.7302     2.6288     0.0064  0.1460281  0.000e+00
       1397      6.127    15.1039   2.972688     2.7326     2.6288     0.0064  0.1460281  0.000e+00
       1398      6.094    15.1041   2.972959     2.7326     2.6288     0.0064  0.1460281  0.000e+00
       1399      6.151    15.1051   2.973014     2.7302     2.6288     0.0064  0.1460281  0.000e+00
       1400      6.193    15.1072   2.972981     2.7302     2.6276     0.0064  0.1460281  0.000e+00
       1401      6.217    15.1090   2.973346     2.7302     2.6276     0.0064  0.1460281  0.000e+00
       1402      6.193    14.9716   2.973618     2.7412     2.6264     0.0064  0.1460281  0.000e+00
       1403      6.275    15.1153   2.973645     2.7265     2.6276     0.0064  0.1460281  0.000e+00
       1404      6.217    15.1154   2.974159     2.7278     2.6276     0.0064  0.1460281  0.000e+00
       1405      6.308    15.1153   2.974264     2.7278     2.6276     0.0064  0.1460281  0.000e+00
       1406      6.275    15.1161   2.974247     2.7290     2.6264     0.0064  0.1460281  0.000e+00
       1407      6.333    15.1164   2.974518     2.7326     2.6264     0.0064  0.1460281  0.000e+00
       1408      6.308    15.1149   2.974424     2.7302     2.6264     0.0064  0.1460281  0.000e+00
       1409      6.399    15.1136   2.974396     2.7290     2.6264     0.0064  0.1460281  0.000e+00
       1410      6.374    15.1141   2.974313     2.7290     2.6264     0.0066  0.1460281  0.000e+00
       1411      6.399    15.1170   2.974192     2.7290     2.6264     0.0066  0.1470049  0.000e+00
       1412      6.456    15.1195   2.974822     2.7302     2.6264     0.0066  0.1465165  0.000e+00
       1413      6.432    15.1212   2.975071     2.7290     2.6252     0.0066  0.1465165  0.000e+00
       1414      6.456    15.1212   2.975115     2.7278     2.6252     0.0064  0.1465165  0.000e+00
       1415      6.522    15.1203   2.975237     2.7278     2.6252     0.0066  0.1465165  0.000e+00
       1416      6.498    15.1190   2.975065     2.7290     2.6252     0.0066  0.1465165  0.000e+00
       1417      6.522    15.1187   2.975215     2.7302     2.6252     0.0066  0.1465165  0.000e+00
       1418      6.555    15.1185   2.975110     2.7290     2.6252     0.0066  0.1465165  0.000e+00
       1419      6.580    15.1178   2.975005     2.7278     2.6252     0.0066  0.1465165  0.000e+00
       1420      6.580    15.1173   2.975054     2.7278     2.6240     0.0066  0.1465165  0.000e+00
       1421      6.621    15.1166   2.974789     2.7278     2.6252     0.0066  0.1465165  0.000e+00
       1422      6.638    15.1160   2.974850     2.7290     2.6240     0.0066  0.1465165  0.000e+00
       1423      6.638    15.1168   2.974723     2.7278     2.6240     0.0066  0.1465165  0.000e+00
       1424      6.737    15.1183   2.974601     2.7278     2.6240     0.0066  0.1465165  0.000e+00
       1425      6.704    15.1197   2.975093     2.7278     2.6240     0.0066  0.1465165  0.000e+00
       1426      6.704    15.1202   2.975104     2.7290     2.6240     0.0066  0.1465165  0.000e+00
       1427      6.737    15.1210   2.975231     2.7278     2.6240     0.0066  0.1465165  0.000e+00
       1428      6.761    15.1215   2.975358     2.7278     2.6227     0.0066  0.1465165  0.000e+00
       1429      6.803    15.1222   2.975198     2.7265     2.6227     0.0066  0.1465165  0.000e+00
       1430      6.761    15.1235   2.975585     2.7278     2.6227     0.0066  0.1465165  0.000e+00
       1431      6.885    15.1245   2.975596     2.7290     2.6227     0.0066  0.1465165  0.000e+00
       1432      6.803    15.1245   2.975851     2.7278     2.6227     0.0066  0.1465165  0.000e+00
       1433      6.885    15.1252   2.975961     2.7278     2.6227     0.0066  0.1465165  0.000e+00
       1434      6.885    15.1251   2.975817     2.7265     2.6227     0.0066  0.1465165  0.000e+00
       1435      6.926    15.1235   2.976055     2.7265     2.6227     0.0066  0.1465165  0.000e+00
       1436      6.951    15.1218   2.975635     2.7290     2.6227     0.0066  0.1460281  0.000e+00
       1437      6.951    15.1215   2.975751     2.7278     2.6227     0.0066  0.1460281  0.000e+00
       1438      6.984    15.1215   2.975707     2.7265     2.6227     0.0066  0.1460281  0.000e+00
       1439      7.009    15.1218   2.975530     2.7278     2.6227     0.0066  0.1460281  0.000e+00
       1440      6.984    15.1214   2.975552     2.7278     2.6227     0.0066  0.1460281  0.000e+00
