data/2021/ctd_data_day3/station8H_ctm.cnv
* Sea-Bird SBE 9 Data File:
* FileName = C:\Users\CTD-User\Desktop\MAR440\day3\station8H.hex
* Software Version Seasave V 7.26.2.13
* Temperature SN = 6313
* Conductivity SN = 4758
* Number of Bytes Per Scan = 37
* Number of Voltage Words = 4
* Number of Scans Averaged by the Deck Unit = 1
* NMEA Latitude = 58 19.26 N
* NMEA Longitude = 011 49.42 E
* NMEA UTC (Time) = Sep 23 2021 11:26:46
* NMEA baud rate = 4800
** Ship: Skagerrak
** Station: station8H
** Operator: Emma
# nquan = 9
# nvalues = 2851                        
# units = specified
# name 0 = scan: Scan Count
# name 1 = prDM: Pressure, Digiquartz [db]
# name 2 = t090C: Temperature [ITS-90, deg C]
# name 3 = c0S/m: Conductivity [S/m]
# name 4 = sbeox0V: Oxygen raw, SBE 43 [V]
# name 5 = sbeox1V: Oxygen raw, SBE 43, 2 [V]
# name 6 = flECO-AFL: Fluorescence, WET Labs ECO-AFL/FL [mg/m^3]
# name 7 = upoly0: Upoly 0, Turbidity
# name 8 = flag:  0.000e+00
# span 0 =          1,       2851       
# span 1 =      1.324,     23.210       
# span 2 =    13.0135,    15.5436       
# span 3 =   2.901842,   3.766424       
# span 4 =     1.0902,     2.7985       
# span 5 =     1.1220,     2.7021       
# span 6 =     0.0037,     0.0104       
# span 7 =  0.0893736,  0.1548193       
# span 8 = 0.0000e+00, 0.0000e+00       
# interval = seconds: 0.0416667
# start_time = Sep 23 2021 11:26:46 [NMEA time, header]
# bad_flag = -9.990e-29
*END*
[from data line 1281]
       1282      3.415    14.9196   2.950087     2.1441     2.1685     0.0064  0.1455397 0.0000e+00
       1283      3.382    14.9204   2.950905     2.1465     2.1673     0.0064  0.1455397 0.0000e+00
       1284      3.415    14.9211   2.951385     2.1477     2.1660     0.0064  0.1455397 0.0000e+00
       1285      3.382    14.9214   2.951628     2.1489     2.1636     0.0064  0.1455397 0.0000e+00
       1286      3.357    14.9215   2.951704     2.1489     2.1612     0.0064  0.1455397 0.0000e+00
       1287      3.382    14.9214   2.951719     2.1514     2.1599     0.0062  0.1455397 0.0000e+00
       1288      3.357    14.9217   2.951785     2.1514     2.1575     0.0062  0.1460281 0.0000e+00
       1289      3.324    14.9217   2.951921     2.1538     2.1551     0.0062  0.1460281 0.0000e+00
       1290      3.324    14.9220   2.951882     2.1563     2.1538     0.0062  0.1460281 0.0000e+00
       1291      3.357    14.9219   2.951858     2.1551     2.1514     0.0062  0.1460281 0.0000e+00
       1292      3.258    14.9220   2.951973     2.1587     2.1502     0.0062  0.1460281 0.0000e+00
       1293      3.299    14.9216   2.951992     2.1624     2.1490     0.0062  0.1460281 0.0000e+00
       1294      3.258    14.9216   2.952051     2.1636     2.1490     0.0062  0.1460281 0.0000e+00
       1295      3.299    14.9212   2.951988     2.1648     2.1502     0.0062  0.1460281 0.0000e+00
       1296      3.258    14.9209   2.951887     2.1685     2.1526     0.0062  0.1460281 0.0000e+00
       1297      3.258    14.9206   2.951867     2.1721     2.1551     0.0062  0.1460281 0.0000e+00
       1298      3.233    14.9204   2.951766     2.1746     2.1587     0.0062  0.1460281 0.0000e+00
       1299      3.200    14.9204   2.951825     2.1770     2.1624     0.0062  0.1460281 0.0000e+00
       1300      3.175    14.9201   2.951674     2.1831     2.1673     0.0062  0.1460281 0.0000e+00
       1301      3.200    14.9202   2.951739     2.1868     2.1734     0.0062  0.1460281 0.0000e+00
       1302      3.175    14.9199   2.951814     2.1929     2.1783     0.0062  0.1460281 0.0000e+00
       1303      3.200    14.9201   2.951665     2.2002     2.1844     0.0062  0.1460281 0.0000e+00
       1304      3.175    14.9200   2.951652     2.2051     2.1929     0.0062  0.1460281 0.0000e+00
       1305      3.076    14.9201   2.951789     2.2112     2.2002     0.0062  0.1460281 0.0000e+00
       1306      3.142    14.9197   2.951676     2.2161     2.2076     0.0062  0.1460281 0.0000e+00
       1307      3.109    14.9199   2.951466     2.2222     2.2149     0.0062  0.1460281 0.0000e+00
       1308      3.076    14.9198   2.951663     2.2308     2.2234     0.0062  0.1460281 0.0000e+00
       1309      3.109    14.9197   2.951672     2.2393     2.2320     0.0062  0.1460281 0.0000e+00
       1310      3.076    14.9197   2.951698     2.2454     2.2393     0.0062  0.1460281 0.0000e+00
       1311      3.051    14.9197   2.951647     2.2503     2.2479     0.0062  0.1460281 0.0000e+00
       1312      3.018    14.9195   2.951596     2.2588     2.2576     0.0062  0.1465165 0.0000e+00
       1313      3.051    14.9193   2.951616     2.2674     2.2662     0.0064  0.1470049 0.0000e+00
       1314      3.018    14.9192   2.951687     2.2772     2.2747     0.0064  0.1470049 0.0000e+00
       1315      2.952    14.9193   2.951686     2.2833     2.2833     0.0064  0.1470049 0.0000e+00
       1316      2.985    14.9193   2.951646     2.2906     2.2918     0.0064  0.1470049 0.0000e+00
       1317      2.952    14.9193   2.951644     2.2979     2.3004     0.0064  0.1470049 0.0000e+00
       1318      2.984    14.9190   2.951648     2.3077     2.3089     0.0064  0.1470049 0.0000e+00
       1319      2.894    14.9193   2.951576     2.3162     2.3162     0.0064  0.1470049 0.0000e+00
       1320      2.927    14.9189   2.951661     2.3223     2.3248     0.0064  0.1470049 0.0000e+00
       1321      2.951    14.9189   2.951632     2.3297     2.3321     0.0064  0.1470049 0.0000e+00
       1322      2.869    14.9190   2.951627     2.3382     2.3394     0.0064  0.1470049 0.0000e+00
       1323      2.836    14.9188   2.951680     2.3455     2.3492     0.0064  0.1470049 0.0000e+00
       1324      2.893    14.9187   2.951651     2.3529     2.3553     0.0064  0.1470049 0.0000e+00
       1325      2.803    14.9189   2.951650     2.3614     2.3626     0.0064  0.1470049 0.0000e+00
       1326      2.836    14.9189   2.951622     2.3700     2.3700     0.0064  0.1470049 0.0000e+00
       1327      2.803    14.9189   2.951709     2.3761     2.3773     0.0064  0.1470049 0.0000e+00
       1328      2.836    14.9189   2.951702     2.3834     2.3846     0.0064  0.1470049 0.0000e+00
       1329      2.745    14.9190   2.951657     2.3907     2.3907     0.0064  0.1470049 0.0000e+00
       1330      2.835    14.9188   2.951700     2.3980     2.3980     0.0064  0.1470049 0.0000e+00
       1331      2.745    14.9189   2.951814     2.4066     2.4041     0.0064  0.1470049 0.0000e+00
       1332      2.769    14.9185   2.951697     2.4151     2.4103     0.0064  0.1470049 0.0000e+00
       1333      2.712    14.9184   2.951695     2.4225     2.4164     0.0064  0.1470049 0.0000e+00
       1334      2.679    14.9185   2.951711     2.4298     2.4212     0.0064  0.1470049 0.0000e+00
       1335      2.712    14.9184   2.951637     2.4359     2.4273     0.0064  0.1470049 0.0000e+00
       1336      2.679    14.9184   2.951559     2.4432     2.4335     0.0064  0.1470049 0.0000e+00
       1337      2.711    14.9189   2.951687     2.4493     2.4396     0.0064  0.1470049 0.0000e+00
       1338      2.678    14.9188   2.951752     2.4566     2.4444     0.0062  0.1450513 0.0000e+00
       1339      2.645    14.9190   2.951691     2.4640     2.4493     0.0062  0.1440745 0.0000e+00
       1340      2.621    14.9190   2.951717     2.4701     2.4542     0.0062  0.1445629 0.0000e+00
       1341      2.645    14.9190   2.951771     2.4774     2.4603     0.0062  0.1445629 0.0000e+00
       1342      2.620    14.9188   2.951775     2.4811     2.4664     0.0062  0.1445629 0.0000e+00
       1343      2.645    14.9190   2.951824     2.4835     2.4689     0.0062  0.1445629 0.0000e+00
       1344      2.587    14.9189   2.951796     2.4921     2.4737     0.0062  0.1445629 0.0000e+00
       1345      2.563    14.9189   2.951900     2.5006     2.4786     0.0062  0.1445629 0.0000e+00
       1346      2.587    14.9190   2.951882     2.5055     2.4835     0.0062  0.1445629 0.0000e+00
       1347      2.563    14.9190   2.951820     2.5116     2.4884     0.0062  0.1445629 0.0000e+00
       1348      2.587    14.9192   2.951931     2.5177     2.4921     0.0062  0.1445629 0.0000e+00
       1349      2.497    14.9188   2.951839     2.5226     2.4957     0.0062  0.1445629 0.0000e+00
       1350      2.587    14.9189   2.951845     2.5287     2.5018     0.0062  0.1445629 0.0000e+00
       1351      2.496    14.9189   2.951921     2.5336     2.5055     0.0062  0.1445629 0.0000e+00
       1352      2.521    14.9189   2.951848     2.5360     2.5092     0.0062  0.1445629 0.0000e+00
       1353      2.496    14.9189   2.951886     2.5409     2.5128     0.0062  0.1445629 0.0000e+00
       1354      2.521    14.9190   2.951868     2.5470     2.5165     0.0062  0.1445629 0.0000e+00
       1355      2.463    14.9195   2.951908     2.5519     2.5201     0.0062  0.1445629 0.0000e+00
       1356      2.496    14.9192   2.951912     2.5543     2.5238     0.0062  0.1445629 0.0000e+00
       1357      2.463    14.9193   2.951889     2.5617     2.5287     0.0062  0.1445629 0.0000e+00
       1358      2.438    14.9190   2.951965     2.5665     2.5311     0.0062  0.1440745 0.0000e+00
       1359      2.405    14.9190   2.951920     2.5702     2.5348     0.0062  0.1445629 0.0000e+00
       1360      2.438    14.9189   2.951818     2.5739     2.5385     0.0062  0.1445629 0.0000e+00
       1361      2.405    14.9188   2.951878     2.5800     2.5421     0.0062  0.1445629 0.0000e+00
       1362      2.438    14.9185   2.951810     2.5836     2.5446     0.0062  0.1445629 0.0000e+00
       1363      2.339    14.9190   2.951811     2.5873     2.5482     0.0062  0.1455397 0.0000e+00
       1364      2.372    14.9186   2.951836     2.5910     2.5507     0.0062  0.1465165 0.0000e+00
       1365      2.405    14.9185   2.951878     2.5946     2.5543     0.0062  0.1470049 0.0000e+00
       1366      2.281    14.9185   2.951773     2.5983     2.5568     0.0062  0.1465165 0.0000e+00
       1367      2.372    14.9185   2.951832     2.5983     2.5592     0.0062  0.1465165 0.0000e+00
       1368      2.281    14.9186   2.951954     2.6044     2.5629     0.0062  0.1465165 0.0000e+00
       1369      2.314    14.9187   2.951760     2.6117     2.5653     0.0062  0.1465165 0.0000e+00
       1370      2.281    14.9187   2.951804     2.6154     2.5678     0.0062  0.1465165 0.0000e+00
       1371      2.248    14.9187   2.951880     2.6227     2.5702     0.0062  0.1465165 0.0000e+00
       1372      2.281    14.9188   2.951907     2.6276     2.5726     0.0062  0.1465165 0.0000e+00
       1373      2.190    14.9189   2.951835     2.6349     2.5751     0.0062  0.1470049 0.0000e+00
       1374      2.215    14.9187   2.951849     2.6361     2.5788     0.0062  0.1465165 0.0000e+00
       1375      2.190    14.9185   2.951926     2.6374     2.5812     0.0062  0.1465165 0.0000e+00
       1376      2.215    14.9183   2.951709     2.6410     2.5836     0.0062  0.1465165 0.0000e+00
       1377      2.132    14.9182   2.951658     2.6447     2.5849     0.0062  0.1470049 0.0000e+00
       1378      2.215    14.9182   2.951707     2.6496     2.5873     0.0060  0.1470049 0.0000e+00
       1379      2.099    14.9181   2.951711     2.6496     2.5885     0.0062  0.1465165 0.0000e+00
       1380      2.132    14.9178   2.951676     2.6520     2.5897     0.0062  0.1465165 0.0000e+00
       1381      2.099    14.9184   2.951644     2.6544     2.5922     0.0062  0.1470049 0.0000e+00
       1382      2.132    14.9185   2.951771     2.6581     2.5922     0.0062  0.1465165 0.0000e+00
       1383      2.033    14.9185   2.951764     2.6618     2.5946     0.0062  0.1465165 0.0000e+00
       1384      2.066    14.9185   2.951807     2.6642     2.5958     0.0062  0.1470049 0.0000e+00
       1385      2.033    14.9185   2.951817     2.6642     2.5971     0.0062  0.1465165 0.0000e+00
       1386      2.066    14.9185   2.951762     2.6654     2.5995     0.0062  0.1470049 0.0000e+00
       1387      2.033    14.9186   2.951761     2.6691     2.6007     0.0062  0.1465165 0.0000e+00
       1388      2.008    14.9185   2.951788     2.6728     2.6020     0.0062  0.1460281 0.0000e+00
       1389      1.975    14.9187   2.951727     2.6740     2.6032     0.0062  0.1445629 0.0000e+00
       1390      1.942    14.9187   2.951687     2.6752     2.6056     0.0060  0.1435861 0.0000e+00
       1391      1.975    14.9186   2.951769     2.6764     2.6068     0.0062  0.1435861 0.0000e+00
       1392      1.975    14.9190   2.951869     2.6801     2.6081     0.0062  0.1435861 0.0000e+00
       1393      1.942    14.9189   2.951901     2.6825     2.6093     0.0062  0.1435861 0.0000e+00
       1394      1.909    14.9190   2.951801     2.6838     2.6117     0.0062  0.1435861 0.0000e+00
       1395      1.942    14.9188   2.951866     2.6850     2.6129     0.0062  0.1435861 0.0000e+00
       1396      1.909    14.9189   2.951893     2.6874     2.6142     0.0060  0.1435861 0.0000e+00
       1397      1.884    14.9187   2.951875     2.6899     2.6154     0.0062  0.1435861 0.0000e+00
       1398      1.851    14.9189   2.951936     2.6911     2.6166     0.0062  0.1435861 0.0000e+00
       1399      1.884    14.9187   2.951840     2.6923     2.6178     0.0062  0.1435861 0.0000e+00
       1400      1.851    14.9189   2.951917     2.6935     2.6190     0.0060  0.1435861 0.0000e+00
       1401      1.884    14.9189   2.951784     2.6960     2.6203     0.0062  0.1435861 0.0000e+00
       1402      1.851    14.9189   2.951867     2.6984     2.6215     0.0062  0.1435861 0.0000e+00
       1403      1.826    14.9189   2.951838     2.6996     2.6227     0.0062  0.1435861 0.0000e+00
       1404      1.793    14.9190   2.951772     2.6996     2.6227     0.0062  0.1435861 0.0000e+00
       1405      1.826    14.9190   2.951925     2.7008     2.6239     0.0062  0.1435861 0.0000e+00
       1406      1.793    14.9191   2.951887     2.7033     2.6252     0.0062  0.1435861 0.0000e+00
       1407      1.793    14.9193   2.951887     2.7057     2.6264     0.0062  0.1435861 0.0000e+00
       1408      1.760    14.9190   2.951979     2.7057     2.6276     0.0062  0.1430977 0.0000e+00
       1409      1.793    14.9190   2.952016     2.7070     2.6288     0.0062  0.1435861 0.0000e+00
       1410      1.760    14.9193   2.951967     2.7082     2.6288     0.0060  0.1435861 0.0000e+00
       1411      1.727    14.9192   2.951927     2.7094     2.6300     0.0062  0.1435861 0.0000e+00
       1412      1.760    14.9195   2.952038     2.7118     2.6313     0.0062  0.1435861 0.0000e+00
       1413      1.727    14.9193   2.952042     2.7131     2.6325     0.0062  0.1435861 0.0000e+00
       1414      1.760    14.9193   2.952047     2.7131     2.6325     0.0062  0.1440745 0.0000e+00
       1415      1.669    14.9193   2.952074     2.7143     2.6337     0.0064  0.1455397 0.0000e+00
       1416      1.760    14.9190   2.951929     2.7167     2.6337     0.0064  0.1455397 0.0000e+00
       1417      1.669    14.9193   2.951906     2.7179     2.6361     0.0064  0.1455397 0.0000e+00
       1418      1.702    14.9190   2.951977     2.7179     2.6361     0.0064  0.1455397 0.0000e+00
       1419      1.669    14.9193   2.952032     2.7192     2.6374     0.0064  0.1455397 0.0000e+00
       1420      1.636    14.9190   2.951925     2.7204     2.6374     0.0062  0.1455397 0.0000e+00
       1421      1.603    14.9193   2.952009     2.7228     2.6398     0.0064  0.1455397 0.0000e+00
       1422      1.636    14.9192   2.952030     2.7228     2.6398     0.0064  0.1455397 0.0000e+00
       1423      1.669    14.9192   2.952057     2.7228     2.6410     0.0064  0.1455397 0.0000e+00
       1424      1.603    14.9192   2.951411     2.7228     2.6410     0.0064  0.1455397 0.0000e+00
       1425      1.636    14.9193   2.951130     2.7240     2.6422     0.0064  0.1455397 0.0000e+00
       1426      1.545    14.9190   2.951640     2.7277     2.6422     0.0064  0.1455397 0.0000e+00
       1427      1.578    14.9192   2.951822     2.7277     2.6435     0.0064  0.1455397 0.0000e+00
       1428      1.603    14.9191   2.952009     2.7277     2.6435     0.0064  0.1455397 0.0000e+00
       1429      1.578    14.9192   2.952086     2.7277     2.6447     0.0064  0.1455397 0.0000e+00
       1430      1.545    14.9192   2.951908     2.7289     2.6447     0.0064  0.1455397 0.0000e+00
       1431      1.512    14.9192   2.952019     2.7326     2.6459     0.0064  0.1455397 0.0000e+00
       1432      1.545    14.9195   2.952090     2.7314     2.6471     0.0064  0.1455397 0.0000e+00
       1433      1.454    14.9195   2.951969     2.7326     2.6471     0.0064  0.1455397 0.0000e+00
       1434      1.479    14.9195   2.951990     2.7326     2.6471     0.0064  0.1455397 0.0000e+00
       1435      1.512    14.9195   2.952182     2.7338     2.6484     0.0064  0.1455397 0.0000e+00
       1436      1.421    14.9195   2.952061     2.7350     2.6484     0.0064  0.1455397 0.0000e+00
       1437      1.512    14.9195   2.952032     2.7375     2.6496     0.0064  0.1455397 0.0000e+00
       1438      1.421    14.9199   2.952226     2.7350     2.6496     0.0064  0.1455397 0.0000e+00
       1439      1.454    14.9210   2.952230     2.7363     2.6496     0.0064  0.1455397 0.0000e+00
       1440      1.421    14.9209   2.952179     2.7375     2.6508     0.0064  0.1455397 0.0000e+00
