data/2021/ctd_data_day3/station9i_ctm_fil.cnv
* Sea-Bird SBE 9 Data File:
* FileName = C:\Users\CTD-User\Desktop\MAR440\day3\station9i.hex
* Software Version Seasave V 7.26.2.13
* Temperature SN = 6313
* Conductivity SN = 4758
* Number of Bytes Per Scan = 37
* Number of Voltage Words = 4
* Number of Scans Averaged by the Deck Unit = 1
* NMEA Latitude = 58 20.28 N
* NMEA Longitude = 011 53.28 E
* NMEA UTC (Time) = Sep 23 2021 11:50:13
* NMEA baud rate = 4800
** Ship: Skagerrak
** Station: station9i
** Operator: Johan
# nquan = 9
# nvalues = 5713                        
# units = specified
# name 0 = scan: Scan Count
# name 1 = prDM: Pressure, Digiquartz [db]
# name 2 = t090C: Temperature [ITS-90, deg C]
# name 3 = c0S/m: Conductivity [S/m]
# name 4 = sbeox0V: Oxygen raw, SBE 43 [V]
# name 5 = sbeox1V: Oxygen raw, SBE 43, 2 [V]
# name 6 = flECO-AFL: Fluorescence, WET Labs ECO-AFL/FL [mg/m^3]
# name 7 = upoly0: Upoly 0, Turbidity
# name 8 = flag:  0.000e+00
# span 0 =          1,       5713       
# span 1 =      0.076,     39.053       
# span 2 =     7.9833,    15.6491       
# span 3 =  -0.000767,   3.465597       
# span 4 =     0.4811,     2.9326       
# span 5 =     0.5431,     2.7878       
# span 6 =     0.0024,     0.2439       
# span 7 =  0.0808790,  0.7693001       
# span 8 = 0.0000e+00, 0.0000e+00       
# interval = seconds: 0.0416667
# start_time = Sep 23 2021 11:50:13 [NMEA time, header]
# bad_flag = -9.990e-29
*END*
[from data line 2401]
       2402     10.600    15.2369   2.910317     2.3359     2.3097     0.0048  0.1616494 0.0000e+00
       2403     10.600    15.2373   2.910615     2.3365     2.3089     0.0048  0.1617084 0.0000e+00
       2404     10.600    15.2376   2.910911     2.3371     2.3082     0.0048  0.1617583 0.0000e+00
       2405     10.601    15.2379   2.911206     2.3377     2.3074     0.0048  0.1617997 0.0000e+00
       2406     10.601    15.2382   2.911500     2.3383     2.3066     0.0048  0.1618335 0.0000e+00
       2407     10.601    15.2385   2.911795     2.3388     2.3058     0.0048  0.1618592 0.0000e+00
       2408     10.601    15.2387   2.912090     2.3394     2.3050     0.0048  0.1618770 0.0000e+00
       2409     10.602    15.2390   2.912384     2.3400     2.3041     0.0048  0.1618887 0.0000e+00
       2410     10.602    15.2392   2.912679     2.3406     2.3033     0.0048  0.1618952 0.0000e+00
       2411     10.602    15.2395   2.912975     2.3411     2.3025     0.0048  0.1618957 0.0000e+00
       2412     10.603    15.2398   2.913271     2.3417     2.3016     0.0048  0.1618893 0.0000e+00
       2413     10.603    15.2400   2.913569     2.3423     2.3008     0.0048  0.1618770 0.0000e+00
       2414     10.603    15.2403   2.913868     2.3428     2.2999     0.0048  0.1618585 0.0000e+00
       2415     10.603    15.2406   2.914169     2.3434     2.2990     0.0048  0.1618321 0.0000e+00
       2416     10.604    15.2409   2.914472     2.3440     2.2981     0.0048  0.1617975 0.0000e+00
       2417     10.604    15.2412   2.914777     2.3446     2.2972     0.0048  0.1617555 0.0000e+00
       2418     10.604    15.2416   2.915085     2.3451     2.2963     0.0048  0.1617048 0.0000e+00
       2419     10.604    15.2420   2.915394     2.3457     2.2954     0.0048  0.1616442 0.0000e+00
       2420     10.605    15.2425   2.915705     2.3463     2.2945     0.0048  0.1615742 0.0000e+00
       2421     10.605    15.2430   2.916016     2.3469     2.2936     0.0048  0.1614960 0.0000e+00
       2422     10.605    15.2435   2.916328     2.3475     2.2927     0.0048  0.1614098 0.0000e+00
       2423     10.605    15.2441   2.916640     2.3481     2.2918     0.0048  0.1613152 0.0000e+00
       2424     10.606    15.2448   2.916953     2.3487     2.2908     0.0048  0.1612105 0.0000e+00
       2425     10.606    15.2455   2.917267     2.3493     2.2899     0.0048  0.1610942 0.0000e+00
       2426     10.606    15.2462   2.917582     2.3499     2.2889     0.0046  0.1609681 0.0000e+00
       2427     10.607    15.2470   2.917899     2.3505     2.2880     0.0046  0.1608389 0.0000e+00
       2428     10.607    15.2479   2.918216     2.3511     2.2870     0.0046  0.1607150 0.0000e+00
       2429     10.607    15.2488   2.918534     2.3518     2.2861     0.0046  0.1606007 0.0000e+00
       2430     10.607    15.2498   2.918852     2.3524     2.2851     0.0046  0.1604952 0.0000e+00
       2431     10.608    15.2509   2.919171     2.3531     2.2842     0.0046  0.1603961 0.0000e+00
       2432     10.608    15.2520   2.919489     2.3537     2.2832     0.0046  0.1603017 0.0000e+00
       2433     10.608    15.2532   2.919806     2.3544     2.2823     0.0046  0.1602116 0.0000e+00
       2434     10.608    15.2544   2.920121     2.3551     2.2813     0.0046  0.1601250 0.0000e+00
       2435     10.608    15.2556   2.920434     2.3558     2.2804     0.0046  0.1600413 0.0000e+00
       2436     10.608    15.2568   2.920745     2.3565     2.2794     0.0046  0.1599600 0.0000e+00
       2437     10.608    15.2580   2.921053     2.3572     2.2784     0.0046  0.1598804 0.0000e+00
       2438     10.608    15.2593   2.921358     2.3580     2.2775     0.0046  0.1598021 0.0000e+00
       2439     10.608    15.2605   2.921659     2.3587     2.2765     0.0046  0.1597244 0.0000e+00
       2440     10.608    15.2618   2.921956     2.3595     2.2756     0.0046  0.1596470 0.0000e+00
       2441     10.609    15.2631   2.922252     2.3603     2.2747     0.0046  0.1595691 0.0000e+00
       2442     10.609    15.2644   2.922545     2.3610     2.2737     0.0046  0.1594911 0.0000e+00
       2443     10.609    15.2657   2.922836     2.3618     2.2728     0.0046  0.1594134 0.0000e+00
       2444     10.609    15.2670   2.923124     2.3626     2.2719     0.0046  0.1593345 0.0000e+00
       2445     10.609    15.2684   2.923409     2.3635     2.2709     0.0046  0.1592530 0.0000e+00
       2446     10.609    15.2698   2.923692     2.3643     2.2700     0.0046  0.1591684 0.0000e+00
       2447     10.609    15.2712   2.923973     2.3651     2.2691     0.0046  0.1590801 0.0000e+00
       2448     10.609    15.2726   2.924253     2.3660     2.2682     0.0046  0.1589874 0.0000e+00
       2449     10.609    15.2740   2.924532     2.3668     2.2673     0.0046  0.1588898 0.0000e+00
       2450     10.609    15.2753   2.924810     2.3677     2.2664     0.0046  0.1587865 0.0000e+00
       2451     10.609    15.2767   2.925088     2.3685     2.2655     0.0046  0.1586768 0.0000e+00
       2452     10.609    15.2780   2.925365     2.3694     2.2646     0.0048  0.1585625 0.0000e+00
       2453     10.609    15.2793   2.925643     2.3702     2.2637     0.0048  0.1584488 0.0000e+00
       2454     10.609    15.2806   2.925921     2.3711     2.2628     0.0048  0.1583391 0.0000e+00
       2455     10.609    15.2819   2.926200     2.3720     2.2620     0.0048  0.1582335 0.0000e+00
       2456     10.608    15.2831   2.926479     2.3729     2.2611     0.0048  0.1581313 0.0000e+00
       2457     10.608    15.2844   2.926759     2.3737     2.2602     0.0048  0.1580317 0.0000e+00
       2458     10.608    15.2856   2.927040     2.3746     2.2594     0.0048  0.1579341 0.0000e+00
       2459     10.608    15.2868   2.927320     2.3755     2.2585     0.0048  0.1578378 0.0000e+00
       2460     10.608    15.2880   2.927600     2.3764     2.2577     0.0048  0.1577421 0.0000e+00
       2461     10.608    15.2892   2.927879     2.3772     2.2568     0.0048  0.1576463 0.0000e+00
       2462     10.608    15.2904   2.928158     2.3781     2.2560     0.0048  0.1575498 0.0000e+00
       2463     10.608    15.2916   2.928435     2.3790     2.2551     0.0048  0.1574519 0.0000e+00
       2464     10.608    15.2927   2.928713     2.3798     2.2543     0.0048  0.1573520 0.0000e+00
       2465     10.607    15.2939   2.928990     2.3807     2.2535     0.0048  0.1572493 0.0000e+00
       2466     10.607    15.2950   2.929266     2.3815     2.2526     0.0048  0.1571431 0.0000e+00
       2467     10.607    15.2960   2.929543     2.3824     2.2518     0.0048  0.1570326 0.0000e+00
       2468     10.607    15.2969   2.929819     2.3832     2.2510     0.0048  0.1569181 0.0000e+00
       2469     10.607    15.2979   2.930095     2.3840     2.2501     0.0048  0.1567994 0.0000e+00
       2470     10.607    15.2988   2.930370     2.3848     2.2493     0.0048  0.1566759 0.0000e+00
       2471     10.607    15.2996   2.930645     2.3857     2.2485     0.0048  0.1565465 0.0000e+00
       2472     10.607    15.3004   2.930919     2.3865     2.2477     0.0048  0.1564097 0.0000e+00
       2473     10.606    15.3012   2.931192     2.3873     2.2469     0.0048  0.1562635 0.0000e+00
       2474     10.606    15.3020   2.931463     2.3880     2.2460     0.0048  0.1561070 0.0000e+00
       2475     10.606    15.3027   2.931732     2.3888     2.2452     0.0048  0.1559391 0.0000e+00
       2476     10.606    15.3034   2.931999     2.3896     2.2444     0.0048  0.1557585 0.0000e+00
       2477     10.605    15.3040   2.932264     2.3904     2.2436     0.0046  0.1555667 0.0000e+00
       2478     10.605    15.3045   2.932528     2.3911     2.2428     0.0044  0.1553707 0.0000e+00
       2479     10.604    15.3050   2.932791     2.3918     2.2420     0.0042  0.1551803 0.0000e+00
       2480     10.604    15.3054   2.933052     2.3926     2.2412     0.0044  0.1550000 0.0000e+00
       2481     10.604    15.3057   2.933311     2.3933     2.2404     0.0042  0.1548286 0.0000e+00
       2482     10.603    15.3059   2.933568     2.3940     2.2396     0.0044  0.1546640 0.0000e+00
       2483     10.603    15.3061   2.933822     2.3947     2.2388     0.0044  0.1545061 0.0000e+00
       2484     10.602    15.3063   2.934072     2.3954     2.2380     0.0044  0.1543544 0.0000e+00
       2485     10.602    15.3063   2.934318     2.3961     2.2372     0.0044  0.1542072 0.0000e+00
       2486     10.601    15.3064   2.934560     2.3967     2.2364     0.0044  0.1540625 0.0000e+00
       2487     10.601    15.3064   2.934798     2.3974     2.2356     0.0044  0.1539193 0.0000e+00
       2488     10.600    15.3063   2.935032     2.3981     2.2348     0.0044  0.1537775 0.0000e+00
       2489     10.600    15.3062   2.935261     2.3987     2.2341     0.0044  0.1536378 0.0000e+00
       2490     10.599    15.3060   2.935486     2.3993     2.2333     0.0044  0.1534992 0.0000e+00
       2491     10.599    15.3057   2.935706     2.4000     2.2325     0.0044  0.1533591 0.0000e+00
       2492     10.598    15.3054   2.935922     2.4006     2.2318     0.0044  0.1532157 0.0000e+00
       2493     10.597    15.3050   2.936133     2.4012     2.2310     0.0044  0.1530687 0.0000e+00
       2494     10.596    15.3047   2.936339     2.4018     2.2302     0.0044  0.1529180 0.0000e+00
       2495     10.596    15.3045   2.936540     2.4024     2.2295     0.0044  0.1527618 0.0000e+00
       2496     10.595    15.3042   2.936736     2.4030     2.2288     0.0044  0.1525980 0.0000e+00
       2497     10.594    15.3040   2.936928     2.4036     2.2281     0.0044  0.1524256 0.0000e+00
       2498     10.593    15.3038   2.937116     2.4041     2.2273     0.0044  0.1522441 0.0000e+00
       2499     10.592    15.3035   2.937300     2.4047     2.2266     0.0044  0.1520541 0.0000e+00
       2500     10.591    15.3032   2.937480     2.4052     2.2260     0.0044  0.1518542 0.0000e+00
       2501     10.590    15.3028   2.937655     2.4058     2.2253     0.0044  0.1516422 0.0000e+00
       2502     10.589    15.3024   2.937824     2.4063     2.2246     0.0042  0.1514174 0.0000e+00
       2503     10.588    15.3019   2.937988     2.4068     2.2240     0.0046  0.1511843 0.0000e+00
       2504     10.587    15.3013   2.938144     2.4073     2.2233     0.0048  0.1509547 0.0000e+00
       2505     10.586    15.3007   2.938294     2.4078     2.2227     0.0048  0.1507390 0.0000e+00
       2506     10.585    15.3000   2.938436     2.4083     2.2221     0.0048  0.1505391 0.0000e+00
       2507     10.584    15.2992   2.938570     2.4088     2.2215     0.0048  0.1503536 0.0000e+00
       2508     10.582    15.2983   2.938696     2.4092     2.2209     0.0048  0.1501812 0.0000e+00
       2509     10.581    15.2974   2.938814     2.4097     2.2204     0.0048  0.1500207 0.0000e+00
       2510     10.579    15.2964   2.938924     2.4101     2.2198     0.0048  0.1498710 0.0000e+00
       2511     10.578    15.2954   2.939025     2.4106     2.2193     0.0048  0.1497310 0.0000e+00
       2512     10.576    15.2943   2.939117     2.4110     2.2188     0.0046  0.1495998 0.0000e+00
       2513     10.574    15.2931   2.939198     2.4115     2.2184     0.0048  0.1494765 0.0000e+00
       2514     10.572    15.2919   2.939268     2.4119     2.2179     0.0048  0.1493602 0.0000e+00
       2515     10.570    15.2907   2.939325     2.4123     2.2174     0.0048  0.1492500 0.0000e+00
       2516     10.568    15.2894   2.939369     2.4127     2.2170     0.0048  0.1491453 0.0000e+00
       2517     10.566    15.2880   2.939399     2.4131     2.2166     0.0048  0.1490453 0.0000e+00
       2518     10.563    15.2867   2.939413     2.4135     2.2162     0.0048  0.1489492 0.0000e+00
       2519     10.561    15.2854   2.939410     2.4139     2.2158     0.0048  0.1488566 0.0000e+00
       2520     10.558    15.2840   2.939389     2.4143     2.2155     0.0048  0.1487666 0.0000e+00
       2521     10.555    15.2826   2.939348     2.4147     2.2152     0.0048  0.1486786 0.0000e+00
       2522     10.552    15.2813   2.939285     2.4150     2.2148     0.0048  0.1485921 0.0000e+00
       2523     10.548    15.2799   2.939197     2.4154     2.2145     0.0048  0.1485065 0.0000e+00
       2524     10.544    15.2785   2.939084     2.4157     2.2143     0.0048  0.1484211 0.0000e+00
       2525     10.540    15.2771   2.938942     2.4161     2.2140     0.0048  0.1483354 0.0000e+00
       2526     10.536    15.2757   2.938769     2.4164     2.2138     0.0048  0.1482487 0.0000e+00
       2527     10.531    15.2743   2.938562     2.4168     2.2136     0.0048  0.1481605 0.0000e+00
       2528     10.527    15.2729   2.938317     2.4171     2.2134     0.0048  0.1480719 0.0000e+00
       2529     10.521    15.2715   2.938032     2.4175     2.2132     0.0046  0.1479881 0.0000e+00
       2530     10.516    15.2700   2.937703     2.4178     2.2130     0.0046  0.1479154 0.0000e+00
       2531     10.510    15.2686   2.937325     2.4181     2.2129     0.0046  0.1478558 0.0000e+00
       2532     10.503    15.2671   2.936897     2.4185     2.2128     0.0046  0.1478098 0.0000e+00
       2533     10.496    15.2657   2.936415     2.4188     2.2126     0.0046  0.1477779 0.0000e+00
       2534     10.488    15.2642   2.935879     2.4191     2.2126     0.0046  0.1477590 0.0000e+00
       2535     10.480    15.2627   2.935293     2.4194     2.2125     0.0046  0.1477522 0.0000e+00
       2536     10.472    15.2612   2.934665     2.4197     2.2124     0.0046  0.1477573 0.0000e+00
       2537     10.463    15.2598   2.934003     2.4200     2.2124     0.0046  0.1477745 0.0000e+00
       2538     10.453    15.2583   2.933317     2.4203     2.2124     0.0046  0.1478047 0.0000e+00
       2539     10.443    15.2567   2.932615     2.4207     2.2124     0.0046  0.1478489 0.0000e+00
       2540     10.432    15.2552   2.931906     2.4210     2.2124     0.0046  0.1479067 0.0000e+00
       2541     10.421    15.2535   2.931199     2.4213     2.2124     0.0046  0.1479775 0.0000e+00
       2542     10.409    15.2519   2.930506     2.4216     2.2124     0.0046  0.1480619 0.0000e+00
       2543     10.397    15.2502   2.929837     2.4219     2.2125     0.0046  0.1481604 0.0000e+00
       2544     10.384    15.2484   2.929202     2.4222     2.2126     0.0046  0.1482738 0.0000e+00
       2545     10.370    15.2466   2.928603     2.4225     2.2126     0.0046  0.1484028 0.0000e+00
       2546     10.357    15.2447   2.928036     2.4227     2.2127     0.0046  0.1485483 0.0000e+00
       2547     10.342    15.2428   2.927493     2.4230     2.2128     0.0046  0.1487113 0.0000e+00
       2548     10.328    15.2407   2.926973     2.4232     2.2129     0.0046  0.1488930 0.0000e+00
       2549     10.312    15.2386   2.926474     2.4235     2.2130     0.0046  0.1490946 0.0000e+00
       2550     10.297    15.2364   2.925995     2.4237     2.2132     0.0046  0.1493176 0.0000e+00
       2551     10.281    15.2341   2.925532     2.4240     2.2133     0.0046  0.1495634 0.0000e+00
       2552     10.264    15.2319   2.925085     2.4242     2.2135     0.0046  0.1498339 0.0000e+00
       2553     10.247    15.2297   2.924651     2.4244     2.2136     0.0046  0.1501308 0.0000e+00
       2554     10.230    15.2275   2.924229     2.4246     2.2138     0.0046  0.1504486 0.0000e+00
       2555     10.212    15.2254   2.923819     2.4248     2.2139     0.0046  0.1507700 0.0000e+00
       2556     10.195    15.2233   2.923421     2.4250     2.2141     0.0046  0.1510802 0.0000e+00
       2557     10.177    15.2213   2.923034     2.4251     2.2143     0.0046  0.1513754 0.0000e+00
       2558     10.159    15.2192   2.922660     2.4253     2.2144     0.0046  0.1516569 0.0000e+00
       2559     10.141    15.2172   2.922296     2.4254     2.2146     0.0046  0.1519265 0.0000e+00
       2560     10.123    15.2153   2.921942     2.4256     2.2147     0.0046  0.1521863 0.0000e+00
