data/2021/ctd_data_day3/station7g_ctm.cnv
* Sea-Bird SBE 9 Data File:
* FileName = C:\Users\CTD-User\Desktop\MAR440\day3\station7g.hex
* Software Version Seasave V 7.26.2.13
* Temperature SN = 6313
* Conductivity SN = 4758
* Number of Bytes Per Scan = 37
* Number of Voltage Words = 4
* Number of Scans Averaged by the Deck Unit = 1
* NMEA Latitude = 58 18.80 N
* NMEA Longitude = 011 46.06 E
* NMEA UTC (Time) = Sep 23 2021 10:57:43
* NMEA baud rate = 4800
** Ship: Skagerrak
** Station: station7g
** Operator: Christina
# nquan = 9
# nvalues = 3543                        
# units = specified
# name 0 = scan: Scan Count
# name 1 = prDM: Pressure, Digiquartz [db]
# name 2 = t090C: Temperature [ITS-90, deg C]
# name 3 = c0S/m: Conductivity [S/m]
# name 4 = sbeox0V: Oxygen raw, SBE 43 [V]
# name 5 = sbeox1V: Oxygen raw, SBE 43, 2 [V]
# name 6 = flECO-AFL: Fluorescence, WET Labs ECO-AFL/FL [mg/m^3]
# name 7 = upoly0: Upoly 0, Turbidity
# name 8 = flag:  0.000e+00
# span 0 =          1,       3543       
# span 1 =      1.313,     39.126       
# span 2 =     5.9224,    16.0572       
# span 3 =   2.903914,   3.722012       
# span 4 =     0.4954,     2.8742       
# span 5 =     0.5504,     2.8181       
# span 6 =     0.0033,     0.0139       
# span 7 =  0.0859548,  0.1587265       
# span 8 = 0.0000e+00, 0.0000e+00       
# interval = seconds: 0.0416667
# start_time = Sep 23 2021 10:57:43 [NMEA time, header]
# bad_flag = -9.990e-29
*END*
[from data line 321]
        322      3.894    14.8834   2.904118     2.3712     2.3761     0.0046  0.1494469 0.0000e+00
        323      3.870    14.8841   2.904143     2.3700     2.3773     0.0046  0.1494469 0.0000e+00
        324      3.894    14.8853   2.904263     2.3687     2.3785     0.0046  0.1494469 0.0000e+00
        325      3.993    14.8864   2.904135     2.3687     2.3797     0.0046  0.1494469 0.0000e+00
        326      3.952    14.8871   2.904171     2.3675     2.3809     0.0046  0.1494469 0.0000e+00
        327      3.993    14.8874   2.904316     2.3663     2.3822     0.0046  0.1494469 0.0000e+00
        328      4.018    14.8872   2.904276     2.3663     2.3834     0.0046  0.1494469 0.0000e+00
        329      4.018    14.8847   2.904059     2.3651     2.3846     0.0046  0.1494469 0.0000e+00
        330      4.051    14.8825   2.904106     2.3639     2.3846     0.0044  0.1509121 0.0000e+00
        331      4.018    14.8820   2.904356     2.3626     2.3858     0.0044  0.1509121 0.0000e+00
        332      4.109    14.8805   2.904170     2.3626     2.3871     0.0044  0.1509121 0.0000e+00
        333      4.076    14.8777   2.904039     2.3614     2.3883     0.0044  0.1509121 0.0000e+00
        334      4.174    14.8759   2.904323     2.3602     2.3895     0.0044  0.1504237 0.0000e+00
        335      4.142    14.8744   2.904383     2.3590     2.3907     0.0044  0.1509121 0.0000e+00
        336      4.199    14.8742   2.904164     2.3577     2.3907     0.0044  0.1504237 0.0000e+00
        337      4.174    14.8746   2.904396     2.3565     2.3919     0.0044  0.1509121 0.0000e+00
        338      4.199    14.8742   2.904505     2.3565     2.3932     0.0044  0.1509121 0.0000e+00
        339      4.232    14.8741   2.904258     2.3553     2.3944     0.0044  0.1509121 0.0000e+00
        340      4.257    14.8741   2.904340     2.3541     2.3944     0.0044  0.1509121 0.0000e+00
        341      4.323    14.8750   2.904563     2.3529     2.3956     0.0044  0.1504237 0.0000e+00
        342      4.298    14.8751   2.904312     2.3516     2.3968     0.0044  0.1509121 0.0000e+00
        343      4.323    14.8742   2.904408     2.3516     2.3980     0.0044  0.1509121 0.0000e+00
        344      4.356    14.8739   2.904604     2.3504     2.3980     0.0044  0.1504237 0.0000e+00
        345      4.323    14.8738   2.904522     2.3492     2.3993     0.0044  0.1504237 0.0000e+00
        346      4.422    14.8741   2.904420     2.3480     2.4005     0.0044  0.1504237 0.0000e+00
        347      4.381    14.8748   2.904686     2.3468     2.4005     0.0044  0.1509121 0.0000e+00
        348      4.446    14.8751   2.904562     2.3468     2.4017     0.0044  0.1509121 0.0000e+00
        349      4.422    14.8758   2.904472     2.3455     2.4029     0.0044  0.1509121 0.0000e+00
        350      4.504    14.8763   2.904644     2.3443     2.4041     0.0044  0.1504237 0.0000e+00
        351      4.537    14.8754   2.904701     2.3431     2.4041     0.0044  0.1509121 0.0000e+00
        352      4.504    14.8758   2.904670     2.3419     2.4054     0.0044  0.1509121 0.0000e+00
        353      4.504    14.8758   2.904775     2.3407     2.4054     0.0044  0.1509121 0.0000e+00
        354      4.537    14.8763   2.904881     2.3394     2.4066     0.0044  0.1509121 0.0000e+00
        355      4.628    14.8758   2.904819     2.3382     2.4078     0.0046  0.1499353 0.0000e+00
        356      4.603    14.8758   2.904869     2.3370     2.4078     0.0046  0.1494469 0.0000e+00
        357      4.628    14.8759   2.904920     2.3370     2.4090     0.0046  0.1494469 0.0000e+00
        358      4.537    14.8741   2.904841     2.3358     2.4090     0.0046  0.1494469 0.0000e+00
        359      4.751    14.8722   2.904939     2.3345     2.4103     0.0046  0.1494469 0.0000e+00
        360      4.686    14.8712   2.904990     2.3333     2.4115     0.0046  0.1494469 0.0000e+00
        361      4.727    14.8692   2.904819     2.3321     2.4115     0.0046  0.1494469 0.0000e+00
        362      4.751    14.8670   2.904882     2.3309     2.4127     0.0046  0.1494469 0.0000e+00
        363      4.784    14.8651   2.905034     2.3297     2.4127     0.0046  0.1494469 0.0000e+00
        364      4.751    14.8640   2.904888     2.3297     2.4139     0.0046  0.1494469 0.0000e+00
        365      4.809    14.8630   2.904951     2.3272     2.4151     0.0044  0.1494469 0.0000e+00
        366      4.842    14.8628   2.905126     2.3272     2.4151     0.0046  0.1494469 0.0000e+00
        367      4.809    14.8633   2.904996     2.3272     2.4164     0.0046  0.1494469 0.0000e+00
        368      4.908    14.8638   2.904961     2.3260     2.4164     0.0046  0.1494469 0.0000e+00
        369      4.875    14.8648   2.905091     2.3248     2.4164     0.0046  0.1494469 0.0000e+00
        370      4.933    14.8674   2.905042     2.3236     2.4176     0.0046  0.1494469 0.0000e+00
        371      4.908    14.8700   2.904960     2.3211     2.4176     0.0046  0.1494469 0.0000e+00
        372      4.990    14.8729   2.905130     2.3211     2.4176     0.0046  0.1494469 0.0000e+00
        373      4.966    14.8759   2.905087     2.3199     2.4188     0.0046  0.1494469 0.0000e+00
        374      4.990    14.8786   2.905037     2.3187     2.4188     0.0046  0.1494469 0.0000e+00
        375      5.056    14.8800   2.905109     2.3187     2.4200     0.0046  0.1494469 0.0000e+00
        376      5.032    14.8797   2.905141     2.3175     2.4212     0.0046  0.1494469 0.0000e+00
        377      5.056    14.8790   2.905078     2.3162     2.4212     0.0046  0.1494469 0.0000e+00
        378      5.089    14.8788   2.905133     2.3150     2.4225     0.0046  0.1494469 0.0000e+00
        379      5.114    14.8777   2.905161     2.3138     2.4225     0.0046  0.1494469 0.0000e+00
        380      5.180    14.8768   2.905060     2.3126     2.4225     0.0046  0.1509121 0.0000e+00
        381      5.155    14.8766   2.905097     2.3126     2.4225     0.0048  0.1518889 0.0000e+00
        382      5.180    14.8775   2.905178     2.3113     2.4237     0.0048  0.1523773 0.0000e+00
        383      5.213    14.8798   2.905017     2.3101     2.4237     0.0048  0.1523773 0.0000e+00
        384      5.238    14.8825   2.905143     2.3089     2.4237     0.0048  0.1523773 0.0000e+00
        385      5.238    14.8837   2.905318     2.3077     2.4237     0.0048  0.1523773 0.0000e+00
        386      5.271    14.8837   2.905170     2.3077     2.4249     0.0048  0.1523773 0.0000e+00
        387      5.304    14.8837   2.905225     2.3065     2.4249     0.0048  0.1523773 0.0000e+00
        388      5.337    14.8842   2.905375     2.3052     2.4261     0.0048  0.1523773 0.0000e+00
        389      5.304    14.8845   2.905163     2.3040     2.4261     0.0048  0.1523773 0.0000e+00
        390      5.419    14.8839   2.905199     2.3028     2.4261     0.0048  0.1523773 0.0000e+00
        391      5.394    14.8829   2.905382     2.3016     2.4261     0.0048  0.1523773 0.0000e+00
        392      5.361    14.8839   2.905188     2.3004     2.4273     0.0048  0.1523773 0.0000e+00
        393      5.460    14.8851   2.905210     2.2991     2.4273     0.0048  0.1523773 0.0000e+00
        394      5.419    14.8853   2.905408     2.2991     2.4273     0.0048  0.1523773 0.0000e+00
        395      5.485    14.8854   2.905222     2.2979     2.4273     0.0048  0.1518889 0.0000e+00
        396      5.518    14.8837   2.905189     2.2979     2.4273     0.0048  0.1523773 0.0000e+00
        397      5.543    14.8809   2.905408     2.2955     2.4286     0.0048  0.1523773 0.0000e+00
        398      5.518    14.8783   2.905222     2.2955     2.4286     0.0048  0.1518889 0.0000e+00
        399      5.609    14.8777   2.905155     2.2930     2.4286     0.0048  0.1518889 0.0000e+00
        400      5.543    14.8780   2.905370     2.2918     2.4286     0.0048  0.1523773 0.0000e+00
        401      5.642    14.8756   2.905246     2.2918     2.4286     0.0048  0.1523773 0.0000e+00
        402      5.609    14.8721   2.905128     2.2918     2.4286     0.0048  0.1518889 0.0000e+00
        403      5.699    14.8716   2.905423     2.2906     2.4286     0.0048  0.1518889 0.0000e+00
        404      5.666    14.8736   2.905250     2.2894     2.4286     0.0048  0.1523773 0.0000e+00
        405      5.724    14.8758   2.905199     2.2881     2.4286     0.0048  0.1523773 0.0000e+00
        406      5.699    14.8769   2.905378     2.2869     2.4298     0.0048  0.1518889 0.0000e+00
        407      5.724    14.8768   2.905356     2.2857     2.4298     0.0048  0.1514005 0.0000e+00
        408      5.823    14.8768   2.905264     2.2845     2.4298     0.0048  0.1514005 0.0000e+00
        409      5.790    14.8777   2.905492     2.2845     2.4298     0.0048  0.1514005 0.0000e+00
        410      5.848    14.8788   2.905442     2.2820     2.4298     0.0048  0.1518889 0.0000e+00
        411      5.823    14.8808   2.905373     2.2820     2.4298     0.0048  0.1518889 0.0000e+00
        412      5.848    14.8815   2.905519     2.2808     2.4298     0.0048  0.1518889 0.0000e+00
        413      5.848    14.8817   2.905405     2.2796     2.4298     0.0048  0.1518889 0.0000e+00
        414      5.947    14.8822   2.905325     2.2796     2.4298     0.0048  0.1518889 0.0000e+00
        415      5.914    14.8825   2.905528     2.2772     2.4298     0.0048  0.1518889 0.0000e+00
        416      5.947    14.8830   2.905459     2.2772     2.4298     0.0048  0.1518889 0.0000e+00
        417      5.971    14.8832   2.905482     2.2759     2.4298     0.0048  0.1518889 0.0000e+00
        418      6.037    14.8820   2.905615     2.2747     2.4298     0.0046  0.1518889 0.0000e+00
        419      6.004    14.8802   2.905460     2.2735     2.4298     0.0048  0.1518889 0.0000e+00
        420      6.037    14.8780   2.905386     2.2735     2.4298     0.0048  0.1518889 0.0000e+00
        421      6.070    14.8771   2.905613     2.2723     2.4298     0.0048  0.1518889 0.0000e+00
        422      6.095    14.8763   2.905583     2.2711     2.4298     0.0048  0.1518889 0.0000e+00
        423      6.095    14.8765   2.905458     2.2698     2.4298     0.0048  0.1518889 0.0000e+00
        424      6.194    14.8761   2.905643     2.2698     2.4298     0.0048  0.1518889 0.0000e+00
        425      6.095    14.8742   2.905537     2.2674     2.4298     0.0048  0.1518889 0.0000e+00
        426      6.219    14.8729   2.905495     2.2674     2.4298     0.0048  0.1518889 0.0000e+00
        427      6.194    14.8724   2.905547     2.2662     2.4298     0.0048  0.1514005 0.0000e+00
        428      6.219    14.8728   2.905522     2.2662     2.4298     0.0048  0.1518889 0.0000e+00
        429      6.252    14.8744   2.905506     2.2649     2.4298     0.0048  0.1518889 0.0000e+00
        430      6.276    14.8756   2.905560     2.2637     2.4298     0.0048  0.1514005 0.0000e+00
        431      6.276    14.8754   2.905434     2.2625     2.4298     0.0048  0.1523773 0.0000e+00
        432      6.317    14.8744   2.905397     2.2613     2.4286     0.0046  0.1533541 0.0000e+00
        433      6.342    14.8750   2.905554     2.2613     2.4298     0.0046  0.1538425 0.0000e+00
        434      6.342    14.8758   2.905584     2.2588     2.4298     0.0046  0.1538425 0.0000e+00
        435      6.375    14.8768   2.905490     2.2576     2.4298     0.0046  0.1538425 0.0000e+00
        436      6.400    14.8773   2.905575     2.2576     2.4286     0.0046  0.1538425 0.0000e+00
        437      6.433    14.8763   2.905423     2.2564     2.4286     0.0046  0.1538425 0.0000e+00
        438      6.458    14.8758   2.905432     2.2552     2.4286     0.0046  0.1538425 0.0000e+00
        439      6.458    14.8765   2.905550     2.2540     2.4286     0.0046  0.1533541 0.0000e+00
        440      6.499    14.8775   2.905401     2.2540     2.4286     0.0046  0.1533541 0.0000e+00
        441      6.524    14.8793   2.905441     2.2527     2.4286     0.0046  0.1533541 0.0000e+00
        442      6.524    14.8815   2.905652     2.2515     2.4286     0.0046  0.1538425 0.0000e+00
        443      6.556    14.8834   2.905452     2.2503     2.4286     0.0046  0.1538425 0.0000e+00
        444      6.581    14.8854   2.905465     2.2491     2.4286     0.0046  0.1538425 0.0000e+00
        445      6.622    14.8874   2.905653     2.2491     2.4286     0.0046  0.1538425 0.0000e+00
        446      6.581    14.8895   2.905591     2.2479     2.4286     0.0046  0.1533541 0.0000e+00
        447      6.647    14.8913   2.905609     2.2466     2.4298     0.0046  0.1538425 0.0000e+00
        448      6.746    14.8935   2.905644     2.2454     2.4286     0.0046  0.1538425 0.0000e+00
        449      6.647    14.8959   2.905516     2.2442     2.4286     0.0046  0.1533541 0.0000e+00
        450      6.705    14.8975   2.905528     2.2442     2.4286     0.0046  0.1538425 0.0000e+00
        451      6.746    14.8986   2.905718     2.2430     2.4286     0.0046  0.1533541 0.0000e+00
        452      6.763    14.9001   2.905614     2.2430     2.4286     0.0046  0.1538425 0.0000e+00
        453      6.804    14.9004   2.905599     2.2417     2.4286     0.0046  0.1538425 0.0000e+00
        454      6.763    14.9009   2.905661     2.2405     2.4286     0.0046  0.1538425 0.0000e+00
        455      6.886    14.9008   2.905633     2.2393     2.4286     0.0046  0.1538425 0.0000e+00
        456      6.804    14.9010   2.905612     2.2393     2.4286     0.0046  0.1538425 0.0000e+00
        457      6.886    14.9011   2.905678     2.2381     2.4298     0.0046  0.1538425 0.0000e+00
        458      6.886    14.9016   2.905580     2.2369     2.4286     0.0048  0.1548193 0.0000e+00
        459      6.927    14.9016   2.905739     2.2356     2.4298     0.0048  0.1538425 0.0000e+00
        460      6.952    14.9008   2.905807     2.2356     2.4298     0.0048  0.1538425 0.0000e+00
        461      6.952    14.9005   2.905685     2.2344     2.4298     0.0048  0.1548193 0.0000e+00
        462      6.985    14.9009   2.905802     2.2332     2.4298     0.0048  0.1543309 0.0000e+00
        463      7.010    14.9018   2.905745     2.2320     2.4298     0.0048  0.1538425 0.0000e+00
        464      7.051    14.9011   2.905681     2.2308     2.4298     0.0048  0.1548193 0.0000e+00
        465      7.010    14.9001   2.905743     2.2308     2.4298     0.0048  0.1543309 0.0000e+00
        466      7.076    14.8991   2.905772     2.2295     2.4298     0.0048  0.1543309 0.0000e+00
        467      7.109    14.8987   2.905710     2.2283     2.4298     0.0048  0.1548193 0.0000e+00
        468      7.076    14.8981   2.905889     2.2271     2.4298     0.0048  0.1538425 0.0000e+00
        469      7.191    14.8971   2.905896     2.2271     2.4298     0.0048  0.1543309 0.0000e+00
        470      7.109    14.8957   2.905791     2.2259     2.4298     0.0048  0.1548193 0.0000e+00
        471      7.191    14.8943   2.905928     2.2247     2.4310     0.0048  0.1538425 0.0000e+00
        472      7.191    14.8928   2.906016     2.2234     2.4310     0.0048  0.1543309 0.0000e+00
        473      7.232    14.8920   2.905847     2.2222     2.4310     0.0048  0.1543309 0.0000e+00
        474      7.257    14.8903   2.905978     2.2210     2.4310     0.0048  0.1548193 0.0000e+00
        475      7.290    14.8886   2.905867     2.2210     2.4310     0.0048  0.1538425 0.0000e+00
        476      7.257    14.8883   2.905828     2.2198     2.4310     0.0048  0.1543309 0.0000e+00
        477      7.315    14.8881   2.906145     2.2185     2.4310     0.0048  0.1548193 0.0000e+00
        478      7.356    14.8870   2.906080     2.2173     2.4310     0.0048  0.1538425 0.0000e+00
        479      7.315    14.8878   2.906083     2.2173     2.4310     0.0048  0.1543309 0.0000e+00
        480      7.381    14.8880   2.906172     2.2161     2.4310     0.0048  0.1548193 0.0000e+00
