data/2021/ctd_data_day3/station7g_ctm_fil_le_der.cnv
* Sea-Bird SBE 9 Data File:
* FileName = C:\Users\CTD-User\Desktop\MAR440\day3\station7g.hex
* Software Version Seasave V 7.26.2.13
* Temperature SN = 6313
* Conductivity SN = 4758
* Number of Bytes Per Scan = 37
* Number of Voltage Words = 4
* Number of Scans Averaged by the Deck Unit = 1
* NMEA Latitude = 58 18.80 N
* NMEA Longitude = 011 46.06 E
* NMEA UTC (Time) = Sep 23 2021 10:57:43
* NMEA baud rate = 4800
** Ship: Skagerrak
** Station: station7g
** Operator: Christina
# nquan = 13                                
# nvalues = 3543                        
# units = specified
# name 0 = scan: Scan Count
# name 1 = prDM: Pressure, Digiquartz [db]
# name 2 = t090C: Temperature [ITS-90, deg C]
# name 3 = c0S/m: Conductivity [S/m]
# name 4 = sbeox0V: Oxygen raw, SBE 43 [V]
# name 5 = sbeox1V: Oxygen raw, SBE 43, 2 [V]
# name 6 = flECO-AFL: Fluorescence, WET Labs ECO-AFL/FL [mg/m^3]
# name 7 = upoly0: Upoly 0, Turbidity
# name 8 = depSM: Depth [salt water, m], lat = 58.3133
# name 9 = sal00: Salinity, Practical [PSU]
# name 10 = sbeox0ML/L: Oxygen, SBE 43 [ml/l], WS = 2
# name 11 = sbeox1ML/L: Oxygen, SBE 43, 2 [ml/l], WS = 2
# name 12 = flag: flag
# span 0 =          1,       3543       
# span 1 =      1.388,     39.004       
# span 2 =     6.6606,    16.0072       
# span 3 =   2.904257,   3.713763       
# span 4 =     0.5019,     2.8510       
# span 5 =     0.5512,     2.8009       
# span 6 =     0.0033,     0.0139       
# span 7 =  0.0863164,  0.1574232       
# span 8 =      1.375,     38.638       
# span 9 =    22.3248,    32.1809       
# span 10 =    -0.0566,     6.9720      
# span 11 =     0.2239,     5.9632      
# span 12 = 0.0000e+00, 0.0000e+00      
# interval = seconds: 0.0416667
# start_time = Sep 23 2021 10:57:43 [NMEA time, header]
# bad_flag = -9.990e-29
*END*
[from data line 667]
        668     10.354    15.1246   2.907854     2.1322     2.4775     0.0044  0.1076568     10.258    22.6516     4.7988     5.2479 -9.990e-29
        669     10.354    15.1194   2.907838     2.1321     2.4788     0.0044  0.1076173     10.258    22.6545     4.7987     5.2503 -9.990e-29
        670     10.352    15.1130   2.907817     2.1319     2.4801     0.0044  0.1075772     10.256    22.6580     4.7984     5.2526 -9.990e-29
        671     10.351    15.1053   2.907792     2.1318     2.4814     0.0044  0.1075364     10.255    22.6622     4.7984     5.2547 -9.990e-29
        672     10.350    15.0963   2.907762     2.1316     2.4827     0.0044  0.1074962     10.254    22.6672     4.7982     5.2566 -9.990e-29
        673     10.349    15.0864   2.907729     2.1315     2.4839     0.0044  0.1074564     10.253    22.6726     4.7984     5.2581 -9.990e-29
        674     10.347    15.0756   2.907692     2.1313     2.4851     0.0044  0.1074166     10.251    22.6785     4.7983     5.2594 -9.990e-29
        675     10.346    15.0643   2.907654     2.1312     2.4862     0.0044  0.1073749     10.250    22.6847     4.7986     5.2603 -9.990e-29
        676     10.344    15.0526   2.907614     2.1310     2.4873     0.0044  0.1073311     10.248    22.6911     4.7985     5.2610 -9.990e-29
        677     10.342    15.0408   2.907574     2.1308     2.4884     0.0044  0.1072865     10.246    22.6976     4.7985     5.2616 -9.990e-29
        678     10.340    15.0291   2.907535     2.1307     2.4894     0.0044  0.1072391     10.244    22.7040     4.7987     5.2616 -9.990e-29
        679     10.338    15.0176   2.907498     2.1305     2.4904     0.0044  0.1071885     10.242    22.7104     4.7987     5.2615 -9.990e-29
        680     10.336    15.0066   2.907463     2.1303     2.4913     0.0044  0.1071379     10.240    22.7164     4.7985     5.2609 -9.990e-29
        681     10.333    14.9961   2.907431     2.1301     2.4922     0.0044  0.1070877     10.237    22.7222     4.7984     5.2601 -9.990e-29
        682     10.330    14.9863   2.907402     2.1299     2.4931     0.0044  0.1070367     10.234    22.7277     4.7982     5.2591 -9.990e-29
        683     10.327    14.9773   2.907377     2.1298     2.4938     0.0044  0.1069838     10.231    22.7327     4.7982     5.2574 -9.990e-29
        684     10.323    14.9690   2.907355     2.1296     2.4946     0.0044  0.1069276     10.227    22.7373     4.7979     5.2558 -9.990e-29
        685     10.319    14.9613   2.907336     2.1294     2.4952     0.0044  0.1068678     10.223    22.7416     4.7976     5.2536 -9.990e-29
        686     10.315    14.9543   2.907319     2.1292     2.4959     0.0042  0.1068040     10.219    22.7455     4.7972     5.2515 -9.990e-29
        687     10.311    14.9479   2.907305     2.1290     2.4964     0.0040  0.1067383     10.215    22.7491     4.7968     5.2488 -9.990e-29
        688     10.306    14.9420   2.907293     2.1287     2.4969     0.0038  0.1066745     10.210    22.7524     4.7962     5.2460 -9.990e-29
        689     10.300    14.9366   2.907284     2.1285     2.4974     0.0038  0.1066147     10.204    22.7555     4.7958     5.2432 -9.990e-29
        690     10.295    14.9317   2.907276     2.1283     2.4978     0.0038  0.1065593     10.199    22.7583     4.7954     5.2402 -9.990e-29
        691     10.288    14.9272   2.907270     2.1281     2.4982     0.0038  0.1065080     10.192    22.7608     4.7950     5.2371 -9.990e-29
        692     10.281    14.9231   2.907266     2.1278     2.4985     0.0038  0.1064603     10.185    22.7632     4.7944     5.2338 -9.990e-29
        693     10.274    14.9194   2.907263     2.1276     2.4987     0.0038  0.1064159     10.178    22.7653     4.7941     5.2303 -9.990e-29
        694     10.266    14.9160   2.907261     2.1274     2.4989     0.0038  0.1063746     10.170    22.7673     4.7938     5.2268 -9.990e-29
        695     10.257    14.9127   2.907260     2.1271     2.4991     0.0038  0.1063361     10.161    22.7692     4.7932     5.2234 -9.990e-29
        696     10.248    14.9095   2.907260     2.1269     2.4992     0.0038  0.1063000     10.153    22.7710     4.7931     5.2199 -9.990e-29
        697     10.238    14.9064   2.907259     2.1266     2.4993     0.0038  0.1062662     10.143    22.7728     4.7927     5.2165 -9.990e-29
        698     10.227    14.9031   2.907259     2.1264     2.4993     0.0038  0.1062343     10.132    22.7748     4.7927     5.2130 -9.990e-29
        699     10.215    14.8997   2.907257     2.1262     2.4993     0.0038  0.1062034     10.120    22.7767     4.7927     5.2096 -9.990e-29
        700     10.204    14.8961   2.907255     2.1259     2.4993     0.0038  0.1061715     10.109    22.7788     4.7926     5.2065 -9.990e-29
        701     10.191    14.8920   2.907251     2.1257     2.4992     0.0038  0.1061376     10.096    22.7812     4.7929     5.2033 -9.990e-29
        702     10.178    14.8875   2.907245     2.1255     2.4991     0.0038  0.1061013     10.083    22.7837     4.7933     5.2003 -9.990e-29
        703     10.164    14.8823   2.907236     2.1253     2.4989     0.0038  0.1060634     10.069    22.7867     4.7938     5.1974 -9.990e-29
        704     10.150    14.8764   2.907224     2.1250     2.4987     0.0038  0.1060251     10.055    22.7900     4.7942     5.1948 -9.990e-29
        705     10.135    14.8699   2.907207     2.1248     2.4985     0.0038  0.1059872     10.041    22.7936     4.7951     5.1924 -9.990e-29
        706     10.120    14.8628   2.907187     2.1246     2.4982     0.0038  0.1059494     10.026    22.7976     4.7961     5.1901 -9.990e-29
        707     10.104    14.8554   2.907164     2.1244     2.4980     0.0038  0.1059105     10.010    22.8017     4.7972     5.1883 -9.990e-29
        708     10.088    14.8477   2.907137     2.1242     2.4977     0.0038  0.1058686      9.994    22.8060     4.7985     5.1866 -9.990e-29
        709     10.072    14.8401   2.907108     2.1240     2.4973     0.0038  0.1058225      9.978    22.8102     4.7998     5.1848 -9.990e-29
        710     10.055    14.8330   2.907079     2.1238     2.4970     0.0038  0.1057728      9.961    22.8141     4.8012     5.1836 -9.990e-29
        711     10.037    14.8266   2.907051     2.1236     2.4966     0.0038  0.1057199      9.943    22.8176     4.8026     5.1823 -9.990e-29
        712     10.019    14.8212   2.907024     2.1235     2.4963     0.0038  0.1056644      9.926    22.8205     4.8043     5.1815 -9.990e-29
        713     10.000    14.8170   2.907001     2.1233     2.4959     0.0038  0.1056092      9.907    22.8227     4.8057     5.1806 -9.990e-29
        714      9.981    14.8140   2.906980     2.1232     2.4956     0.0038  0.1055574      9.888    22.8243     4.8074     5.1803 -9.990e-29
        715      9.962    14.8125   2.906962     2.1231     2.4952     0.0038  0.1055095      9.869    22.8250     4.8091     5.1798 -9.990e-29
        716      9.943    14.8125   2.906949     2.1230     2.4948     0.0038  0.1054659      9.850    22.8249     4.8107     5.1795 -9.990e-29
        717      9.923    14.8139   2.906939     2.1229     2.4945     0.0038  0.1054273      9.831    22.8240     4.8123     5.1797 -9.990e-29
        718      9.904    14.8167   2.906932     2.1228     2.4941     0.0038  0.1053933      9.812    22.8223     4.8139     5.1798 -9.990e-29
        719      9.884    14.8206   2.906929     2.1228     2.4938     0.0038  0.1053646      9.792    22.8200     4.8158     5.1804 -9.990e-29
        720      9.864    14.8250   2.906926     2.1228     2.4935     0.0038  0.1053410      9.772    22.8175     4.8176     5.1812 -9.990e-29
        721      9.844    14.8297   2.906923     2.1228     2.4932     0.0038  0.1053214      9.752    22.8147     4.8195     5.1823 -9.990e-29
        722      9.824    14.8342   2.906918     2.1228     2.4929     0.0038  0.1053066      9.732    22.8120     4.8215     5.1837 -9.990e-29
        723      9.803    14.8385   2.906911     2.1228     2.4927     0.0038  0.1052964      9.712    22.8095     4.8236     5.1857 -9.990e-29
        724      9.783    14.8427   2.906903     2.1229     2.4924     0.0038  0.1052891      9.692    22.8070     4.8261     5.1877 -9.990e-29
        725      9.762    14.8469   2.906895     2.1229     2.4922     0.0038  0.1052847      9.671    22.8045     4.8283     5.1901 -9.990e-29
        726      9.741    14.8512   2.906886     2.1230     2.4921     0.0038  0.1052848      9.650    22.8019     4.8309     5.1931 -9.990e-29
        727      9.720    14.8556   2.906877     2.1231     2.4920     0.0038  0.1052894      9.629    22.7992     4.8335     5.1962 -9.990e-29
        728      9.699    14.8601   2.906868     2.1233     2.4919     0.0038  0.1052977      9.609    22.7965     4.8364     5.1996 -9.990e-29
        729      9.678    14.8646   2.906858     2.1235     2.4919     0.0038  0.1053106      9.588    22.7938     4.8394     5.2033 -9.990e-29
        730      9.657    14.8690   2.906847     2.1237     2.4919     0.0038  0.1053282      9.567    22.7912     4.8424     5.2073 -9.990e-29
        731      9.636    14.8731   2.906835     2.1239     2.4920     0.0038  0.1053490      9.546    22.7887     4.8454     5.2116 -9.990e-29
        732      9.614    14.8769   2.906821     2.1241     2.4921     0.0038  0.1053729      9.524    22.7864     4.8485     5.2161 -9.990e-29
        733      9.593    14.8803   2.906806     2.1243     2.4923     0.0038  0.1054020      9.504    22.7843     4.8517     5.2210 -9.990e-29
        734      9.571    14.8832   2.906788     2.1246     2.4926     0.0038  0.1054373      9.482    22.7824     4.8553     5.2262 -9.990e-29
        735      9.549    14.8855   2.906767     2.1249     2.4930     0.0037  0.1054782      9.460    22.7809     4.8589     5.2317 -9.990e-29
        736      9.528    14.8874   2.906745     2.1252     2.4934     0.0038  0.1055240      9.439    22.7796     4.8625     5.2374 -9.990e-29
        737      9.506    14.8888   2.906722     2.1256     2.4939     0.0038  0.1055752      9.417    22.7786     4.8665     5.2433 -9.990e-29
        738      9.484    14.8899   2.906698     2.1259     2.4945     0.0042  0.1056304      9.396    22.7778     4.8702     5.2494 -9.990e-29
        739      9.461    14.8908   2.906675     2.1263     2.4951     0.0042  0.1056865      9.373    22.7771     4.8743     5.2555 -9.990e-29
        740      9.439    14.8916   2.906651     2.1267     2.4958     0.0042  0.1057415      9.351    22.7764     4.8784     5.2618 -9.990e-29
        741      9.417    14.8924   2.906629     2.1272     2.4966     0.0042  0.1057956      9.329    22.7758     4.8828     5.2682 -9.990e-29
        742      9.395    14.8935   2.906609     2.1276     2.4974     0.0042  0.1058511      9.307    22.7750     4.8868     5.2745 -9.990e-29
        743      9.373    14.8948   2.906592     2.1281     2.4983     0.0042  0.1059081      9.286    22.7741     4.8911     5.2808 -9.990e-29
        744      9.350    14.8966   2.906577     2.1286     2.4993     0.0042  0.1059664      9.263    22.7729     4.8954     5.2872 -9.990e-29
        745      9.328    14.8986   2.906564     2.1291     2.5002     0.0042  0.1060263      9.241    22.7716     4.8997     5.2931 -9.990e-29
        746      9.306    14.9007   2.906554     2.1297     2.5013     0.0042  0.1060882      9.219    22.7703     4.9043     5.2992 -9.990e-29
        747      9.283    14.9029   2.906544     2.1303     2.5024     0.0042  0.1061535      9.197    22.7690     4.9089     5.3052 -9.990e-29
        748      9.261    14.9050   2.906535     2.1309     2.5035     0.0042  0.1062233      9.175    22.7677     4.9134     5.3109 -9.990e-29
        749      9.238    14.9070   2.906527     2.1315     2.5046     0.0042  0.1062974      9.152    22.7665     4.9179     5.3163 -9.990e-29
        750      9.216    14.9089   2.906519     2.1321     2.5058     0.0042  0.1063745      9.130    22.7653     4.9225     5.3216 -9.990e-29
        751      9.193    14.9105   2.906511     2.1327     2.5071     0.0042  0.1064544      9.107    22.7643     4.9271     5.3270 -9.990e-29
        752      9.170    14.9120   2.906504     2.1334     2.5083     0.0042  0.1065376      9.085    22.7634     4.9319     5.3319 -9.990e-29
        753      9.148    14.9132   2.906496     2.1341     2.5096     0.0042  0.1066247      9.063    22.7626     4.9367     5.3366 -9.990e-29
        754      9.125    14.9141   2.906487     2.1348     2.5108     0.0042  0.1067172      9.040    22.7620     4.9416     5.3409 -9.990e-29
        755      9.102    14.9149   2.906479     2.1355     2.5121     0.0042  0.1068164      9.017    22.7615     4.9465     5.3450 -9.990e-29
        756      9.079    14.9154   2.906471     2.1363     2.5134     0.0042  0.1069232      8.994    22.7611     4.9517     5.3489 -9.990e-29
        757      9.057    14.9157   2.906463     2.1371     2.5147     0.0042  0.1070391      8.973    22.7609     4.9569     5.3525 -9.990e-29
        758      9.034    14.9157   2.906455     2.1379     2.5159     0.0042  0.1071649      8.950    22.7608     4.9620     5.3555 -9.990e-29
        759      9.011    14.9156   2.906447     2.1387     2.5172     0.0042  0.1073007      8.927    22.7608     4.9671     5.3584 -9.990e-29
        760      8.988    14.9152   2.906439     2.1395     2.5185     0.0042  0.1074482      8.904    22.7610     4.9723     5.3611 -9.990e-29
        761      8.966    14.9147   2.906430     2.1404     2.5197     0.0042  0.1076085      8.882    22.7612     4.9777     5.3632 -9.990e-29
        762      8.943    14.9142   2.906423     2.1413     2.5209     0.0042  0.1077818      8.860    22.7615     4.9831     5.3650 -9.990e-29
        763      8.921    14.9138   2.906416     2.1422     2.5221     0.0042  0.1079659      8.838    22.7616     4.9884     5.3666 -9.990e-29
        764      8.898    14.9134   2.906410     2.1431     2.5232     0.0042  0.1081529      8.815    22.7618     4.9937     5.3676 -9.990e-29
        765      8.875    14.9130   2.906405     2.1441     2.5244     0.0042  0.1083354      8.792    22.7620     4.9993     5.3686 -9.990e-29
        766      8.852    14.9126   2.906401     2.1450     2.5255     0.0042  0.1085114      8.770    22.7622     5.0045     5.3691 -9.990e-29
        767      8.830    14.9123   2.906398     2.1460     2.5265     0.0042  0.1086820      8.748    22.7624     5.0100     5.3691 -9.990e-29
        768      8.807    14.9118   2.906394     2.1471     2.5276     0.0042  0.1088502      8.725    22.7626     5.0157     5.3692 -9.990e-29
        769      8.784    14.9113   2.906391     2.1481     2.5285     0.0042  0.1090180      8.702    22.7629     5.0211     5.3686 -9.990e-29
        770      8.762    14.9107   2.906387     2.1492     2.5295     0.0042  0.1091857      8.680    22.7632     5.0268     5.3680 -9.990e-29
        771      8.739    14.9100   2.906384     2.1502     2.5304     0.0042  0.1093537      8.658    22.7636     5.0321     5.3671 -9.990e-29
        772      8.717    14.9092   2.906380     2.1513     2.5312     0.0042  0.1095238      8.636    22.7641     5.0377     5.3657 -9.990e-29
        773      8.694    14.9083   2.906377     2.1524     2.5320     0.0042  0.1096983      8.613    22.7646     5.0432     5.3643 -9.990e-29
        774      8.672    14.9076   2.906374     2.1536     2.5328     0.0042  0.1098782      8.591    22.7649     5.0489     5.3626 -9.990e-29
        775      8.649    14.9070   2.906373     2.1547     2.5335     0.0042  0.1100641      8.568    22.7653     5.0543     5.3607 -9.990e-29
        776      8.627    14.9066   2.906373     2.1558     2.5342     0.0042  0.1102562      8.547    22.7655     5.0596     5.3586 -9.990e-29
        777      8.604    14.9065   2.906374     2.1570     2.5348     0.0042  0.1104569      8.524    22.7656     5.0650     5.3561 -9.990e-29
