data/2021/ctd_data_day3/station2B_ctm_fil_le_der.cnv
* Sea-Bird SBE 9 Data File:
* FileName = C:\Users\CTD-User\Desktop\MAR440\day3\station2B.hex
* Software Version Seasave V 7.26.2.13
* Temperature SN = 6313
* Conductivity SN = 4758
* Number of Bytes Per Scan = 37
* Number of Voltage Words = 4
* Number of Scans Averaged by the Deck Unit = 1
* NMEA Latitude = 58 20.01 N
* NMEA Longitude = 011 52.53 E
* NMEA UTC (Time) = Sep 23 2021 08:43:00
* NMEA baud rate = 4800
** Ship: Skagerrak
** Station: station2B
** Operator: Eva
# nquan = 13                                
# nvalues = 5095                        
# units = specified
# name 0 = scan: Scan Count
# name 1 = prDM: Pressure, Digiquartz [db]
# name 2 = t090C: Temperature [ITS-90, deg C]
# name 3 = c0S/m: Conductivity [S/m]
# name 4 = sbeox0V: Oxygen raw, SBE 43 [V]
# name 5 = sbeox1V: Oxygen raw, SBE 43, 2 [V]
# name 6 = flECO-AFL: Fluorescence, WET Labs ECO-AFL/FL [mg/m^3]
# name 7 = upoly0: Upoly 0, Turbidity
# name 8 = depSM: Depth [salt water, m], lat = 58.3335
# name 9 = sal00: Salinity, Practical [PSU]
# name 10 = sbeox0ML/L: Oxygen, SBE 43 [ml/l], WS = 2
# name 11 = sbeox1ML/L: Oxygen, SBE 43, 2 [ml/l], WS = 2
# name 12 = flag: flag
# span 0 =          1,       5095       
# span 1 =      0.239,     45.258       
# span 2 =     7.9778,    15.7832       
# span 3 =   0.046579,   3.464316       
# span 4 =     0.4751,     3.1973       
# span 5 =     0.5341,     2.8012       
# span 6 =     0.0033,     0.0346       
# span 7 =  0.0805987,  0.2200974       
# span 8 =      0.237,     44.832       
# span 9 =     0.2918,    32.2432       
# span 10 =    -0.1326,     8.7774      
# span 11 =     0.1726,     7.1517      
# span 12 = 0.0000e+00, 0.0000e+00      
# interval = seconds: 0.0416667
# start_time = Sep 23 2021 08:43:00 [NMEA time, header]
# bad_flag = -9.990e-29
*END*
[from data line 4667]
       4668     42.982     8.6177   3.414855     0.4801     0.5414     0.0040  0.1167015     42.578    32.2003    -0.1136     0.1901 -9.990e-29
       4669     42.988     8.6177   3.414854     0.4801     0.5414     0.0040  0.1167028     42.584    32.2003    -0.1136     0.1901 -9.990e-29
       4670     42.993     8.6176   3.414853     0.4800     0.5413     0.0040  0.1167040     42.589    32.2004    -0.1139     0.1899 -9.990e-29
       4671     42.999     8.6171   3.414850     0.4801     0.5413     0.0040  0.1167050     42.595    32.2008    -0.1136     0.1899 -9.990e-29
       4672     43.005     8.6166   3.414849     0.4800     0.5413     0.0040  0.1167059     42.601    32.2012    -0.1140     0.1900 -9.990e-29
       4673     43.010     8.6168   3.414850     0.4800     0.5412     0.0040  0.1167066     42.606    32.2011    -0.1140     0.1898 -9.990e-29
       4674     43.016     8.6176   3.414853     0.4800     0.5412     0.0040  0.1167072     42.612    32.2004    -0.1141     0.1898 -9.990e-29
       4675     43.022     8.6190   3.414859     0.4799     0.5412     0.0040  0.1167078     42.618    32.1992    -0.1145     0.1898 -9.990e-29
       4676     43.027     8.6204   3.414866     0.4799     0.5411     0.0040  0.1167082     42.623    32.1980    -0.1146     0.1896 -9.990e-29
       4677     43.033     8.6214   3.414871     0.4799     0.5411     0.0040  0.1167084     42.629    32.1971    -0.1146     0.1896 -9.990e-29
       4678     43.038     8.6219   3.414875     0.4799     0.5411     0.0040  0.1167086     42.634    32.1967    -0.1147     0.1897 -9.990e-29
       4679     43.044     8.6220   3.414877     0.4799     0.5410     0.0040  0.1167087     42.639    32.1966    -0.1147     0.1895 -9.990e-29
       4680     43.049     8.6217   3.414877     0.4799     0.5410     0.0040  0.1167087     42.644    32.1969    -0.1147     0.1895 -9.990e-29
       4681     43.055     8.6209   3.414875     0.4799     0.5410     0.0040  0.1167085     42.650    32.1976    -0.1148     0.1896 -9.990e-29
       4682     43.060     8.6197   3.414871     0.4799     0.5410     0.0040  0.1167083     42.655    32.1986    -0.1148     0.1896 -9.990e-29
       4683     43.066     8.6186   3.414867     0.4799     0.5410     0.0040  0.1167079     42.661    32.1996    -0.1148     0.1897 -9.990e-29
       4684     43.071     8.6179   3.414865     0.4799     0.5410     0.0040  0.1167083     42.666    32.2002    -0.1149     0.1897 -9.990e-29
       4685     43.077     8.6173   3.414863     0.4798     0.5409     0.0040  0.1167102     42.672    32.2007    -0.1152     0.1895 -9.990e-29
       4686     43.082     8.6167   3.414862     0.4798     0.5409     0.0040  0.1167130     42.677    32.2013    -0.1153     0.1896 -9.990e-29
       4687     43.088     8.6167   3.414863     0.4798     0.5409     0.0040  0.1167156     42.683    32.2013    -0.1153     0.1897 -9.990e-29
       4688     43.094     8.6168   3.414864     0.4797     0.5409     0.0040  0.1167182     42.689    32.2012    -0.1157     0.1897 -9.990e-29
       4689     43.099     8.6164   3.414862     0.4797     0.5409     0.0040  0.1167207     42.694    32.2015    -0.1157     0.1898 -9.990e-29
       4690     43.105     8.6156   3.414860     0.4797     0.5408     0.0040  0.1167232     42.700    32.2022    -0.1158     0.1896 -9.990e-29
       4691     43.111     8.6142   3.414855     0.4797     0.5408     0.0040  0.1167258     42.706    32.2034    -0.1158     0.1897 -9.990e-29
       4692     43.116     8.6124   3.414848     0.4797     0.5408     0.0038  0.1167283     42.711    32.2050    -0.1158     0.1897 -9.990e-29
       4693     43.122     8.6106   3.414841     0.4797     0.5408     0.0040  0.1167308     42.717    32.2066    -0.1159     0.1898 -9.990e-29
       4694     43.128     8.6094   3.414836     0.4796     0.5408     0.0038  0.1167334     42.723    32.2076    -0.1163     0.1898 -9.990e-29
       4695     43.133     8.6087   3.414833     0.4796     0.5408     0.0038  0.1167361     42.728    32.2082    -0.1164     0.1899 -9.990e-29
       4696     43.139     8.6086   3.414832     0.4795     0.5408     0.0038  0.1167388     42.734    32.2083    -0.1168     0.1899 -9.990e-29
       4697     43.145     8.6087   3.414833     0.4795     0.5408     0.0038  0.1167417     42.740    32.2082    -0.1169     0.1899 -9.990e-29
       4698     43.151     8.6081   3.414831     0.4795     0.5407     0.0038  0.1167447     42.745    32.2087    -0.1170     0.1897 -9.990e-29
       4699     43.156     8.6071   3.414828     0.4795     0.5407     0.0038  0.1167478     42.750    32.2096    -0.1171     0.1897 -9.990e-29
       4700     43.162     8.6061   3.414826     0.4794     0.5407     0.0038  0.1167511     42.756    32.2105    -0.1175     0.1897 -9.990e-29
       4701     43.168     8.6057   3.414826     0.4794     0.5407     0.0040  0.1167545     42.762    32.2109    -0.1176     0.1897 -9.990e-29
       4702     43.174     8.6053   3.414826     0.4794     0.5407     0.0038  0.1167582     42.768    32.2112    -0.1177     0.1897 -9.990e-29
       4703     43.179     8.6044   3.414824     0.4794     0.5407     0.0038  0.1167621     42.773    32.2120    -0.1177     0.1897 -9.990e-29
       4704     43.185     8.6028   3.414821     0.4794     0.5407     0.0038  0.1167663     42.779    32.2134    -0.1177     0.1897 -9.990e-29
       4705     43.191     8.6007   3.414816     0.4794     0.5406     0.0038  0.1167708     42.785    32.2153    -0.1177     0.1894 -9.990e-29
       4706     43.197     8.5986   3.414810     0.4794     0.5406     0.0040  0.1167756     42.791    32.2172    -0.1176     0.1893 -9.990e-29
       4707     43.203     8.5969   3.414807     0.4794     0.5406     0.0038  0.1167808     42.797    32.2187    -0.1176     0.1893 -9.990e-29
       4708     43.209     8.5954   3.414803     0.4793     0.5406     0.0038  0.1167863     42.803    32.2200    -0.1178     0.1893 -9.990e-29
       4709     43.215     8.5938   3.414799     0.4793     0.5406     0.0038  0.1167923     42.809    32.2214    -0.1177     0.1893 -9.990e-29
       4710     43.220     8.5918   3.414794     0.4793     0.5406     0.0038  0.1167988     42.814    32.2232    -0.1175     0.1893 -9.990e-29
       4711     43.226     8.5896   3.414787     0.4793     0.5405     0.0038  0.1168057     42.820    32.2251    -0.1174     0.1890 -9.990e-29
       4712     43.232     8.5874   3.414781     0.4793     0.5405     0.0038  0.1168133     42.826    32.2270    -0.1172     0.1890 -9.990e-29
       4713     43.238     8.5850   3.414773     0.4792     0.5405     0.0038  0.1168223     42.832    32.2291    -0.1174     0.1890 -9.990e-29
       4714     43.244     8.5827   3.414766     0.4792     0.5405     0.0038  0.1168337     42.838    32.2312    -0.1173     0.1890 -9.990e-29
       4715     43.250     8.5811   3.414761     0.4792     0.5405     0.0038  0.1168476     42.844    32.2326    -0.1171     0.1889 -9.990e-29
       4716     43.256     8.5796   3.414757     0.4791     0.5404     0.0038  0.1168640     42.849    32.2339    -0.1172     0.1886 -9.990e-29
       4717     43.261     8.5774   3.414750     0.4791     0.5404     0.0040  0.1168822     42.854    32.2358    -0.1170     0.1886 -9.990e-29
       4718     43.267     8.5765   3.414748     0.4790     0.5404     0.0040  0.1169007     42.860    32.2366    -0.1171     0.1886 -9.990e-29
       4719     43.273     8.5786   3.414757     0.4790     0.5404     0.0040  0.1169179     42.866    32.2348    -0.1169     0.1886 -9.990e-29
       4720     43.279     8.5822   3.414771     0.4789     0.5404     0.0040  0.1169330     42.872    32.2317    -0.1169     0.1886 -9.990e-29
       4721     43.285     8.5855   3.414783     0.4789     0.5403     0.0040  0.1169462     42.878    32.2288    -0.1167     0.1883 -9.990e-29
       4722     43.291     8.5882   3.414794     0.4788     0.5403     0.0040  0.1169575     42.884    32.2264    -0.1167     0.1883 -9.990e-29
       4723     43.297     8.5903   3.414802     0.4788     0.5403     0.0040  0.1169671     42.890    32.2246    -0.1164     0.1883 -9.990e-29
       4724     43.303     8.5918   3.414807     0.4789     0.5403     0.0040  0.1169749     42.896    32.2233    -0.1158     0.1883 -9.990e-29
       4725     43.309     8.5933   3.414813     0.4788     0.5403     0.0040  0.1169819     42.902    32.2220    -0.1158     0.1883 -9.990e-29
       4726     43.315     8.5958   3.414822     0.4788     0.5402     0.0040  0.1169891     42.908    32.2198    -0.1155     0.1881 -9.990e-29
       4727     43.321     8.5983   3.414831     0.4788     0.5402     0.0040  0.1169955     42.914    32.2176    -0.1152     0.1881 -9.990e-29
       4728     43.327     8.6003   3.414838     0.4789     0.5402     0.0040  0.1170004     42.920    32.2158    -0.1146     0.1881 -9.990e-29
       4729     43.333     8.6016   3.414842     0.4789     0.5402     0.0040  0.1170039     42.926    32.2147    -0.1143     0.1881 -9.990e-29
       4730     43.339     8.6028   3.414846     0.4789     0.5401     0.0040  0.1170059     42.932    32.2136    -0.1140     0.1878 -9.990e-29
       4731     43.345     8.6042   3.414850     0.4789     0.5401     0.0040  0.1170064     42.938    32.2124    -0.1138     0.1878 -9.990e-29
       4732     43.351     8.6054   3.414853     0.4789     0.5401     0.0040  0.1170056     42.944    32.2113    -0.1137     0.1878 -9.990e-29
       4733     43.357     8.6061   3.414855     0.4789     0.5401     0.0040  0.1170033     42.950    32.2107    -0.1136     0.1878 -9.990e-29
       4734     43.363     8.6062   3.414854     0.4790     0.5401     0.0040  0.1169995     42.955    32.2106    -0.1132     0.1879 -9.990e-29
       4735     43.369     8.6058   3.414852     0.4790     0.5401     0.0040  0.1169942     42.961    32.2110    -0.1131     0.1879 -9.990e-29
       4736     43.375     8.6055   3.414849     0.4790     0.5401     0.0040  0.1169875     42.967    32.2112    -0.1131     0.1879 -9.990e-29
       4737     43.381     8.6059   3.414849     0.4790     0.5400     0.0040  0.1169791     42.973    32.2108    -0.1131     0.1876 -9.990e-29
       4738     43.387     8.6064   3.414850     0.4790     0.5400     0.0040  0.1169692     42.979    32.2104    -0.1132     0.1876 -9.990e-29
       4739     43.393     8.6063   3.414849     0.4790     0.5400     0.0040  0.1169575     42.985    32.2105    -0.1132     0.1876 -9.990e-29
       4740     43.399     8.6057   3.414846     0.4791     0.5400     0.0040  0.1169441     42.991    32.2110    -0.1130     0.1877 -9.990e-29
       4741     43.405     8.6049   3.414842     0.4791     0.5400     0.0040  0.1169288     42.997    32.2117    -0.1131     0.1877 -9.990e-29
       4742     43.411     8.6045   3.414840     0.4791     0.5400     0.0038  0.1169124     43.003    32.2120    -0.1132     0.1877 -9.990e-29
       4743     43.417     8.6040   3.414838     0.4791     0.5399     0.0038  0.1168964     43.009    32.2124    -0.1135     0.1874 -9.990e-29
       4744     43.423     8.6030   3.414834     0.4792     0.5399     0.0038  0.1168817     43.015    32.2133    -0.1133     0.1874 -9.990e-29
       4745     43.430     8.6013   3.414828     0.4792     0.5399     0.0038  0.1168689     43.022    32.2148    -0.1136     0.1874 -9.990e-29
       4746     43.436     8.5998   3.414823     0.4793     0.5399     0.0038  0.1168588     43.028    32.2161    -0.1135     0.1874 -9.990e-29
       4747     43.442     8.5990   3.414820     0.4793     0.5399     0.0038  0.1168504     43.034    32.2168    -0.1138     0.1875 -9.990e-29
       4748     43.448     8.5987   3.414819     0.4794     0.5399     0.0038  0.1168430     43.040    32.2170    -0.1138     0.1875 -9.990e-29
       4749     43.454     8.5988   3.414819     0.4794     0.5399     0.0040  0.1168364     43.046    32.2169    -0.1140     0.1875 -9.990e-29
       4750     43.461     8.5988   3.414818     0.4794     0.5399     0.0042  0.1168297     43.053    32.2169    -0.1143     0.1876 -9.990e-29
       4751     43.467     8.5986   3.414817     0.4794     0.5398     0.0038  0.1168221     43.058    32.2171    -0.1147     0.1873 -9.990e-29
       4752     43.473     8.5988   3.414817     0.4795     0.5398     0.0040  0.1168134     43.064    32.2169    -0.1147     0.1873 -9.990e-29
       4753     43.479     8.5994   3.414818     0.4794     0.5398     0.0040  0.1168037     43.070    32.2164    -0.1154     0.1873 -9.990e-29
       4754     43.485     8.6005   3.414821     0.4793     0.5398     0.0038  0.1167936     43.076    32.2154    -0.1160     0.1873 -9.990e-29
       4755     43.491     8.6018   3.414825     0.4792     0.5398     0.0040  0.1167841     43.082    32.2143    -0.1167     0.1873 -9.990e-29
       4756     43.497     8.6034   3.414830     0.4791     0.5397     0.0038  0.1167750     43.088    32.2129    -0.1174     0.1870 -9.990e-29
       4757     43.504     8.6048   3.414834     0.4791     0.5397     0.0038  0.1167662     43.095    32.2116    -0.1178     0.1870 -9.990e-29
       4758     43.510     8.6056   3.414835     0.4790     0.5397     0.0038  0.1167577     43.101    32.2109    -0.1184     0.1870 -9.990e-29
       4759     43.516     8.6065   3.414838     0.4790     0.5397     0.0040  0.1167494     43.107    32.2101    -0.1187     0.1870 -9.990e-29
       4760     43.522     8.6081   3.414843     0.4789     0.5397     0.0038  0.1167413     43.113    32.2087    -0.1193     0.1870 -9.990e-29
       4761     43.528     8.6097   3.414848     0.4788     0.5396     0.0038  0.1167334     43.119    32.2073    -0.1199     0.1867 -9.990e-29
       4762     43.535     8.6108   3.414852     0.4788     0.5396     0.0038  0.1167263     43.126    32.2063    -0.1202     0.1866 -9.990e-29
       4763     43.541     8.6113   3.414854     0.4788     0.5396     0.0038  0.1167210     43.132    32.2059    -0.1205     0.1866 -9.990e-29
       4764     43.547     8.6114   3.414854     0.4788     0.5396     0.0038  0.1167165     43.138    32.2058    -0.1207     0.1866 -9.990e-29
       4765     43.554     8.6117   3.414855     0.4787     0.5396     0.0038  0.1167120     43.145    32.2055    -0.1212     0.1866 -9.990e-29
       4766     43.560     8.6128   3.414859     0.4787     0.5396     0.0038  0.1167073     43.151    32.2046    -0.1213     0.1865 -9.990e-29
       4767     43.567     8.6142   3.414864     0.4786     0.5395     0.0038  0.1167034     43.158    32.2033    -0.1217     0.1862 -9.990e-29
       4768     43.573     8.6150   3.414867     0.4786     0.5395     0.0038  0.1167011     43.163    32.2026    -0.1218     0.1862 -9.990e-29
       4769     43.579     8.6154   3.414869     0.4786     0.5395     0.0038  0.1166994     43.169    32.2023    -0.1219     0.1862 -9.990e-29
       4770     43.586     8.6153   3.414869     0.4786     0.5395     0.0038  0.1166976     43.176    32.2024    -0.1219     0.1861 -9.990e-29
       4771     43.592     8.6148   3.414868     0.4786     0.5395     0.0038  0.1166964     43.182    32.2028    -0.1219     0.1861 -9.990e-29
       4772     43.598     8.6144   3.414867     0.4786     0.5395     0.0038  0.1166967     43.188    32.2032    -0.1219     0.1861 -9.990e-29
       4773     43.605     8.6149   3.414870     0.4786     0.5395     0.0038  0.1166977     43.195    32.2027    -0.1217     0.1861 -9.990e-29
       4774     43.611     8.6160   3.414875     0.4785     0.5395     0.0038  0.1166985     43.201    32.2018    -0.1218     0.1860 -9.990e-29
       4775     43.617     8.6176   3.414882     0.4785     0.5395     0.0038  0.1166992     43.207    32.2004    -0.1216     0.1860 -9.990e-29
       4776     43.624     8.6191   3.414889     0.4784     0.5394     0.0038  0.1167005     43.214    32.1991    -0.1217     0.1857 -9.990e-29
       4777     43.630     8.6201   3.414895     0.4783     0.5394     0.0040  0.1167025     43.220    32.1983    -0.1216     0.1857 -9.990e-29
