data/2021/ctd_data_day3/station7g_ctm_fil_le_der.cnv
* Sea-Bird SBE 9 Data File:
* FileName = C:\Users\CTD-User\Desktop\MAR440\day3\station7g.hex
* Software Version Seasave V 7.26.2.13
* Temperature SN = 6313
* Conductivity SN = 4758
* Number of Bytes Per Scan = 37
* Number of Voltage Words = 4
* Number of Scans Averaged by the Deck Unit = 1
* NMEA Latitude = 58 18.80 N
* NMEA Longitude = 011 46.06 E
* NMEA UTC (Time) = Sep 23 2021 10:57:43
* NMEA baud rate = 4800
** Ship: Skagerrak
** Station: station7g
** Operator: Christina
# nquan = 13                                
# nvalues = 3543                        
# units = specified
# name 0 = scan: Scan Count
# name 1 = prDM: Pressure, Digiquartz [db]
# name 2 = t090C: Temperature [ITS-90, deg C]
# name 3 = c0S/m: Conductivity [S/m]
# name 4 = sbeox0V: Oxygen raw, SBE 43 [V]
# name 5 = sbeox1V: Oxygen raw, SBE 43, 2 [V]
# name 6 = flECO-AFL: Fluorescence, WET Labs ECO-AFL/FL [mg/m^3]
# name 7 = upoly0: Upoly 0, Turbidity
# name 8 = depSM: Depth [salt water, m], lat = 58.3133
# name 9 = sal00: Salinity, Practical [PSU]
# name 10 = sbeox0ML/L: Oxygen, SBE 43 [ml/l], WS = 2
# name 11 = sbeox1ML/L: Oxygen, SBE 43, 2 [ml/l], WS = 2
# name 12 = flag: flag
# span 0 =          1,       3543       
# span 1 =      1.388,     39.004       
# span 2 =     6.6606,    16.0072       
# span 3 =   2.904257,   3.713763       
# span 4 =     0.5019,     2.8510       
# span 5 =     0.5512,     2.8009       
# span 6 =     0.0033,     0.0139       
# span 7 =  0.0863164,  0.1574232       
# span 8 =      1.375,     38.638       
# span 9 =    22.3248,    32.1809       
# span 10 =    -0.0566,     6.9720      
# span 11 =     0.2239,     5.9632      
# span 12 = 0.0000e+00, 0.0000e+00      
# interval = seconds: 0.0416667
# start_time = Sep 23 2021 10:57:43 [NMEA time, header]
# bad_flag = -9.990e-29
*END*
[from data line 112]
        113      1.424    14.8962   2.911252     2.5423     2.4675     0.0044  0.1433833      1.411    22.8157     5.8329     4.8880 -9.990e-29
        114      1.424    14.8958   2.911198     2.5407     2.4654     0.0044  0.1433933      1.411    22.8155     5.8312     4.8865 -9.990e-29
        115      1.424    14.8955   2.911152     2.5391     2.4633     0.0044  0.1434053      1.411    22.8152     5.8296     4.8850 -9.990e-29
        116      1.424    14.8952   2.911114     2.5375     2.4612     0.0044  0.1434194      1.411    22.8151     5.8279     4.8837 -9.990e-29
        117      1.424    14.8951   2.911083     2.5359     2.4591     0.0044  0.1434358      1.411    22.8149     5.8261     4.8823 -9.990e-29
        118      1.424    14.8949   2.911060     2.5344     2.4571     0.0044  0.1434545      1.411    22.8148     5.8247     4.8814 -9.990e-29
        119      1.425    14.8949   2.911042     2.5328     2.4552     0.0044  0.1434757      1.412    22.8146     5.8229     4.8806 -9.990e-29
        120      1.426    14.8950   2.911031     2.5313     2.4533     0.0044  0.1434995      1.413    22.8145     5.8213     4.8800 -9.990e-29
        121      1.427    14.8951   2.911024     2.5299     2.4514     0.0044  0.1435262      1.414    22.8144     5.8200     4.8794 -9.990e-29
        122      1.429    14.8953   2.911021     2.5284     2.4496     0.0044  0.1435558      1.416    22.8142     5.8184     4.8791 -9.990e-29
        123      1.430    14.8956   2.911021     2.5270     2.4478     0.0044  0.1435886      1.417    22.8140     5.8170     4.8788 -9.990e-29
        124      1.432    14.8959   2.911023     2.5256     2.4461     0.0044  0.1436248      1.419    22.8139     5.8155     4.8787 -9.990e-29
        125      1.434    14.8962   2.911028     2.5242     2.4444     0.0044  0.1436638      1.421    22.8137     5.8140     4.8787 -9.990e-29
        126      1.436    14.8966   2.911035     2.5229     2.4427     0.0042  0.1437034      1.423    22.8136     5.8127     4.8787 -9.990e-29
        127      1.437    14.8970   2.911041     2.5216     2.4412     0.0042  0.1437412      1.424    22.8134     5.8114     4.8791 -9.990e-29
        128      1.439    14.8974   2.911047     2.5203     2.4396     0.0042  0.1437767      1.426    22.8132     5.8100     4.8793 -9.990e-29
        129      1.441    14.8978   2.911049     2.5190     2.4382     0.0042  0.1438102      1.428    22.8130     5.8086     4.8800 -9.990e-29
        130      1.443    14.8982   2.911047     2.5177     2.4367     0.0042  0.1438418      1.430    22.8127     5.8072     4.8803 -9.990e-29
        131      1.445    14.8986   2.911039     2.5165     2.4354     0.0042  0.1438718      1.432    22.8124     5.8059     4.8812 -9.990e-29
        132      1.447    14.8990   2.911023     2.5153     2.4340     0.0042  0.1439003      1.434    22.8121     5.8046     4.8817 -9.990e-29
        133      1.449    14.8994   2.910998     2.5141     2.4328     0.0042  0.1439277      1.436    22.8116     5.8032     4.8826 -9.990e-29
        134      1.451    14.8998   2.910963     2.5129     2.4315     0.0042  0.1439540      1.438    22.8111     5.8017     4.8832 -9.990e-29
        135      1.452    14.9001   2.910919     2.5117     2.4303     0.0042  0.1439795      1.439    22.8105     5.8003     4.8840 -9.990e-29
        136      1.454    14.9005   2.910864     2.5106     2.4292     0.0042  0.1440044      1.440    22.8098     5.7990     4.8849 -9.990e-29
        137      1.455    14.9008   2.910798     2.5094     2.4281     0.0042  0.1440287      1.441    22.8091     5.7973     4.8857 -9.990e-29
        138      1.457    14.9011   2.910722     2.5083     2.4270     0.0042  0.1440528      1.443    22.8082     5.7959     4.8864 -9.990e-29
        139      1.458    14.9014   2.910636     2.5072     2.4260     0.0042  0.1440767      1.444    22.8073     5.7944     4.8872 -9.990e-29
        140      1.459    14.9016   2.910540     2.5061     2.4250     0.0042  0.1441006      1.445    22.8064     5.7929     4.8879 -9.990e-29
        141      1.459    14.9018   2.910434     2.5050     2.4241     0.0042  0.1441246      1.445    22.8054     5.7913     4.8887 -9.990e-29
        142      1.460    14.9020   2.910320     2.5039     2.4232     0.0042  0.1441491      1.446    22.8043     5.7896     4.8894 -9.990e-29
        143      1.460    14.9021   2.910200     2.5028     2.4223     0.0042  0.1441740      1.446    22.8032     5.7879     4.8899 -9.990e-29
        144      1.461    14.9022   2.910074     2.5017     2.4214     0.0042  0.1441997      1.447    22.8020     5.7861     4.8903 -9.990e-29
        145      1.461    14.9022   2.909945     2.5007     2.4206     0.0042  0.1442262      1.447    22.8009     5.7845     4.8908 -9.990e-29
        146      1.461    14.9022   2.909815     2.4996     2.4198     0.0042  0.1442538      1.447    22.7998     5.7826     4.8912 -9.990e-29
        147      1.461    14.9021   2.909684     2.4986     2.4190     0.0042  0.1442834      1.447    22.7987     5.7810     4.8914 -9.990e-29
        148      1.461    14.9020   2.909555     2.4975     2.4182     0.0042  0.1443162      1.447    22.7977     5.7790     4.8916 -9.990e-29
        149      1.461    14.9018   2.909429     2.4965     2.4174     0.0042  0.1443516      1.447    22.7967     5.7772     4.8915 -9.990e-29
        150      1.461    14.9016   2.909308     2.4954     2.4167     0.0042  0.1443889      1.447    22.7958     5.7751     4.8917 -9.990e-29
        151      1.460    14.9013   2.909191     2.4944     2.4159     0.0042  0.1444275      1.446    22.7949     5.7733     4.8914 -9.990e-29
        152      1.460    14.9009   2.909081     2.4934     2.4152     0.0042  0.1444651      1.446    22.7942     5.7714     4.8913 -9.990e-29
        153      1.459    14.9005   2.908977     2.4924     2.4144     0.0042  0.1444996      1.445    22.7935     5.7696     4.8909 -9.990e-29
        154      1.459    14.9001   2.908879     2.4914     2.4137     0.0042  0.1445302      1.445    22.7929     5.7677     4.8906 -9.990e-29
        155      1.459    14.8996   2.908788     2.4904     2.4130     0.0042  0.1445572      1.445    22.7924     5.7658     4.8902 -9.990e-29
        156      1.459    14.8990   2.908701     2.4894     2.4122     0.0042  0.1445807      1.445    22.7920     5.7638     4.8895 -9.990e-29
        157      1.459    14.8983   2.908620     2.4884     2.4115     0.0042  0.1446010      1.445    22.7917     5.7619     4.8890 -9.990e-29
        158      1.460    14.8977   2.908545     2.4874     2.4108     0.0042  0.1446181      1.446    22.7914     5.7599     4.8885 -9.990e-29
        159      1.460    14.8970   2.908475     2.4865     2.4100     0.0042  0.1446322      1.446    22.7912     5.7583     4.8877 -9.990e-29
        160      1.461    14.8963   2.908411     2.4855     2.4093     0.0042  0.1446435      1.447    22.7911     5.7563     4.8871 -9.990e-29
        161      1.462    14.8957   2.908352     2.4845     2.4086     0.0042  0.1446518      1.448    22.7909     5.7543     4.8865 -9.990e-29
        162      1.463    14.8951   2.908299     2.4836     2.4078     0.0042  0.1446574      1.449    22.7908     5.7526     4.8857 -9.990e-29
        163      1.465    14.8946   2.908250     2.4826     2.4071     0.0042  0.1446603      1.451    22.7907     5.7506     4.8851 -9.990e-29
        164      1.466    14.8941   2.908208     2.4817     2.4063     0.0042  0.1446604      1.452    22.7906     5.7489     4.8843 -9.990e-29
        165      1.467    14.8937   2.908171     2.4807     2.4056     0.0042  0.1446578      1.453    22.7905     5.7469     4.8838 -9.990e-29
        166      1.469    14.8935   2.908139     2.4798     2.4049     0.0042  0.1446525      1.455    22.7904     5.7452     4.8834 -9.990e-29
        167      1.471    14.8933   2.908112     2.4788     2.4042     0.0042  0.1446444      1.457    22.7903     5.7431     4.8830 -9.990e-29
        168      1.473    14.8932   2.908091     2.4779     2.4034     0.0042  0.1446343      1.459    22.7901     5.7414     4.8824 -9.990e-29
        169      1.475    14.8932   2.908074     2.4770     2.4027     0.0042  0.1446230      1.461    22.7900     5.7396     4.8821 -9.990e-29
        170      1.477    14.8933   2.908062     2.4761     2.4020     0.0042  0.1446096      1.463    22.7898     5.7378     4.8820 -9.990e-29
        171      1.479    14.8935   2.908054     2.4752     2.4014     0.0042  0.1445931      1.465    22.7896     5.7360     4.8822 -9.990e-29
        172      1.481    14.8938   2.908048     2.4743     2.4007     0.0042  0.1445734      1.467    22.7894     5.7343     4.8822 -9.990e-29
        173      1.484    14.8942   2.908045     2.4734     2.4000     0.0042  0.1445504      1.470    22.7892     5.7325     4.8823 -9.990e-29
        174      1.486    14.8946   2.908044     2.4725     2.3994     0.0042  0.1445240      1.472    22.7889     5.7307     4.8827 -9.990e-29
        175      1.488    14.8951   2.908043     2.4717     2.3988     0.0042  0.1444938      1.474    22.7886     5.7292     4.8833 -9.990e-29
        176      1.491    14.8956   2.908041     2.4708     2.3982     0.0042  0.1444606      1.477    22.7883     5.7274     4.8839 -9.990e-29
        177      1.493    14.8961   2.908039     2.4700     2.3976     0.0042  0.1444267      1.479    22.7880     5.7259     4.8847 -9.990e-29
        178      1.495    14.8966   2.908035     2.4691     2.3970     0.0042  0.1443945      1.481    22.7877     5.7241     4.8855 -9.990e-29
        179      1.498    14.8971   2.908028     2.4683     2.3965     0.0042  0.1443644      1.484    22.7873     5.7226     4.8867 -9.990e-29
        180      1.500    14.8976   2.908017     2.4675     2.3960     0.0042  0.1443364      1.486    22.7869     5.7211     4.8879 -9.990e-29
        181      1.502    14.8981   2.908002     2.4666     2.3955     0.0042  0.1443101      1.488    22.7865     5.7192     4.8892 -9.990e-29
        182      1.505    14.8985   2.907980     2.4658     2.3951     0.0042  0.1442855      1.491    22.7861     5.7177     4.8908 -9.990e-29
        183      1.507    14.8989   2.907952     2.4650     2.3947     0.0042  0.1442624      1.493    22.7856     5.7162     4.8925 -9.990e-29
        184      1.509    14.8993   2.907918     2.4642     2.3943     0.0042  0.1442406      1.495    22.7851     5.7146     4.8942 -9.990e-29
        185      1.512    14.8997   2.907876     2.4634     2.3940     0.0042  0.1442200      1.498    22.7845     5.7131     4.8962 -9.990e-29
        186      1.514    14.9001   2.907829     2.4626     2.3937     0.0042  0.1442003      1.500    22.7838     5.7115     4.8982 -9.990e-29
        187      1.517    14.9004   2.907775     2.4619     2.3935     0.0042  0.1441816      1.503    22.7832     5.7102     4.9005 -9.990e-29
        188      1.519    14.9007   2.907717     2.4611     2.3933     0.0042  0.1441635      1.505    22.7825     5.7086     4.9027 -9.990e-29
        189      1.522    14.9010   2.907656     2.4603     2.3931     0.0042  0.1441461      1.508    22.7818     5.7070     4.9049 -9.990e-29
        190      1.524    14.9012   2.907593     2.4596     2.3930     0.0042  0.1441292      1.510    22.7812     5.7056     4.9074 -9.990e-29
        191      1.527    14.9014   2.907528     2.4588     2.3929     0.0042  0.1441127      1.513    22.7805     5.7040     4.9097 -9.990e-29
        192      1.530    14.9015   2.907465     2.4580     2.3928     0.0042  0.1440964      1.516    22.7799     5.7023     4.9121 -9.990e-29
        193      1.533    14.9017   2.907403     2.4573     2.3928     0.0042  0.1440803      1.519    22.7792     5.7009     4.9146 -9.990e-29
        194      1.536    14.9017   2.907345     2.4566     2.3929     0.0042  0.1440643      1.522    22.7787     5.6994     4.9173 -9.990e-29
        195      1.540    14.9018   2.907292     2.4558     2.3929     0.0042  0.1440481      1.526    22.7782     5.6977     4.9196 -9.990e-29
        196      1.544    14.9018   2.907245     2.4551     2.3930     0.0042  0.1440318      1.530    22.7778     5.6962     4.9221 -9.990e-29
        197      1.548    14.9018   2.907203     2.4544     2.3931     0.0042  0.1440152      1.534    22.7774     5.6947     4.9245 -9.990e-29
        198      1.553    14.9017   2.907168     2.4537     2.3932     0.0042  0.1439982      1.539    22.7772     5.6933     4.9267 -9.990e-29
        199      1.558    14.9016   2.907140     2.4530     2.3934     0.0042  0.1439806      1.544    22.7770     5.6917     4.9291 -9.990e-29
        200      1.564    14.9014   2.907119     2.4523     2.3936     0.0042  0.1439624      1.549    22.7770     5.6902     4.9313 -9.990e-29
        201      1.570    14.9012   2.907105     2.4516     2.3938     0.0042  0.1439434      1.555    22.7769     5.6886     4.9334 -9.990e-29
        202      1.576    14.9010   2.907100     2.4509     2.3940     0.0042  0.1439244      1.561    22.7770     5.6871     4.9354 -9.990e-29
        203      1.583    14.9007   2.907104     2.4502     2.3942     0.0042  0.1439068      1.568    22.7772     5.6855     4.9371 -9.990e-29
        204      1.591    14.9003   2.907117     2.4495     2.3944     0.0042  0.1438915      1.576    22.7776     5.6839     4.9387 -9.990e-29
        205      1.599    14.8999   2.907140     2.4488     2.3947     0.0042  0.1438783      1.584    22.7780     5.6823     4.9404 -9.990e-29
        206      1.608    14.8995   2.907173     2.4481     2.3949     0.0042  0.1438671      1.593    22.7785     5.6807     4.9416 -9.990e-29
        207      1.617    14.8991   2.907216     2.4474     2.3952     0.0042  0.1438579      1.602    22.7791     5.6791     4.9429 -9.990e-29
        208      1.627    14.8987   2.907269     2.4467     2.3954     0.0042  0.1438506      1.612    22.7798     5.6774     4.9438 -9.990e-29
        209      1.637    14.8984   2.907330     2.4460     2.3956     0.0042  0.1438452      1.622    22.7805     5.6757     4.9445 -9.990e-29
        210      1.648    14.8981   2.907399     2.4453     2.3959     0.0042  0.1438415      1.633    22.7813     5.6740     4.9452 -9.990e-29
        211      1.660    14.8979   2.907472     2.4446     2.3961     0.0042  0.1438396      1.645    22.7820     5.6723     4.9455 -9.990e-29
        212      1.672    14.8978   2.907549     2.4439     2.3963     0.0042  0.1438395      1.656    22.7827     5.6706     4.9456 -9.990e-29
        213      1.684    14.8977   2.907626     2.4432     2.3965     0.0042  0.1438411      1.668    22.7834     5.6689     4.9456 -9.990e-29
        214      1.697    14.8977   2.907701     2.4425     2.3967     0.0042  0.1438445      1.681    22.7841     5.6671     4.9454 -9.990e-29
        215      1.711    14.8978   2.907772     2.4419     2.3969     0.0042  0.1438497      1.695    22.7846     5.6657     4.9450 -9.990e-29
        216      1.725    14.8979   2.907837     2.4412     2.3971     0.0042  0.1438567      1.709    22.7851     5.6640     4.9444 -9.990e-29
        217      1.740    14.8980   2.907895     2.4405     2.3973     0.0042  0.1438657      1.724    22.7856     5.6623     4.9437 -9.990e-29
        218      1.755    14.8982   2.907943     2.4398     2.3974     0.0042  0.1438765      1.739    22.7859     5.6605     4.9426 -9.990e-29
        219      1.771    14.8983   2.907982     2.4392     2.3976     0.0042  0.1438894      1.755    22.7861     5.6591     4.9416 -9.990e-29
        220      1.787    14.8985   2.908010     2.4385     2.3977     0.0042  0.1439044      1.770    22.7863     5.6574     4.9403 -9.990e-29
        221      1.804    14.8986   2.908027     2.4378     2.3978     0.0042  0.1439216      1.787    22.7863     5.6558     4.9388 -9.990e-29
        222      1.821    14.8987   2.908032     2.4372     2.3979     0.0042  0.1439412      1.804    22.7863     5.6544     4.9372 -9.990e-29
