data/2021/ctd_data_day3/station9i_ctm_fil_le_der.cnv
* Sea-Bird SBE 9 Data File:
* FileName = C:\Users\CTD-User\Desktop\MAR440\day3\station9i.hex
* Software Version Seasave V 7.26.2.13
* Temperature SN = 6313
* Conductivity SN = 4758
* Number of Bytes Per Scan = 37
* Number of Voltage Words = 4
* Number of Scans Averaged by the Deck Unit = 1
* NMEA Latitude = 58 20.28 N
* NMEA Longitude = 011 53.28 E
* NMEA UTC (Time) = Sep 23 2021 11:50:13
* NMEA baud rate = 4800
** Ship: Skagerrak
** Station: station9i
** Operator: Johan
# nquan = 13                                
# nvalues = 5713                        
# units = specified
# name 0 = scan: Scan Count
# name 1 = prDM: Pressure, Digiquartz [db]
# name 2 = t090C: Temperature [ITS-90, deg C]
# name 3 = c0S/m: Conductivity [S/m]
# name 4 = sbeox0V: Oxygen raw, SBE 43 [V]
# name 5 = sbeox1V: Oxygen raw, SBE 43, 2 [V]
# name 6 = flECO-AFL: Fluorescence, WET Labs ECO-AFL/FL [mg/m^3]
# name 7 = upoly0: Upoly 0, Turbidity
# name 8 = depSM: Depth [salt water, m], lat = 58.338
# name 9 = sal00: Salinity, Practical [PSU]
# name 10 = sbeox0ML/L: Oxygen, SBE 43 [ml/l], WS = 2
# name 11 = sbeox1ML/L: Oxygen, SBE 43, 2 [ml/l], WS = 2
# name 12 = flag: flag
# span 0 =          1,       5713       
# span 1 =      0.076,     39.053       
# span 2 =     7.9833,    15.6491       
# span 3 =  -0.000767,   3.465597       
# span 4 =     0.4811,     2.9326       
# span 5 =     0.5431,     2.7878       
# span 6 =     0.0024,     0.2439       
# span 7 =  0.0808790,  0.7693001       
# span 8 =      0.075,     38.686       
# span 9 =     0.0000,    32.1312       
# span 10 =    -0.1103,     8.7286      
# span 11 =     0.1955,     7.1396      
# span 12 = 0.0000e+00, 0.0000e+00      
# interval = seconds: 0.0416667
# start_time = Sep 23 2021 11:50:13 [NMEA time, header]
# bad_flag = -9.990e-29
*END*
[from data line 556]
        557      0.222    13.0005   0.005132     2.9131     2.7544     0.2434  0.7635860      0.220     0.0338     8.5793     6.9700 -9.990e-29
        558      0.221    13.0008   0.004891     2.9129     2.7533     0.2434  0.7635952      0.219     0.0324     8.5855     6.9725 -9.990e-29
        559      0.221    13.0012   0.004638     2.9128     2.7524     0.2434  0.7636026      0.219     0.0310     8.5921     6.9758 -9.990e-29
        560      0.220    13.0016   0.004379     2.9128     2.7516     0.2434  0.7636090      0.218     0.0295     8.5991     6.9796 -9.990e-29
        561      0.220    13.0019   0.004121     2.9128     2.7509     0.2434  0.7636155      0.218     0.0280     8.6061     6.9838 -9.990e-29
        562      0.219    13.0023   0.003867     2.9129     2.7504     0.2434  0.7636211      0.217     0.0265     8.6134     6.9888 -9.990e-29
        563      0.219    13.0027   0.003621     2.9131     2.7501     0.2434  0.7636251      0.217     0.0251     8.6210     6.9945 -9.990e-29
        564      0.219    13.0031   0.003387     2.9133     2.7500     0.2432  0.7636275      0.217     0.0238     8.6284     7.0008 -9.990e-29
        565      0.218    13.0035   0.003165     2.9137     2.7501     0.2432  0.7636283      0.216     0.0225     8.6364     7.0077 -9.990e-29
        566      0.218    13.0039   0.002955     2.9141     2.7504     0.2432  0.7636276      0.216     0.0213     8.6441     7.0152 -9.990e-29
        567      0.217    13.0043   0.002758     2.9146     2.7509     0.2432  0.7636253      0.215     0.0202     8.6518     7.0232 -9.990e-29
        568      0.217    13.0047   0.002575     2.9152     2.7514     0.2434  0.7636213      0.215     0.0192     8.6596     7.0311 -9.990e-29
        569      0.216    13.0051   0.002406     2.9158     2.7521     0.2432  0.7636158      0.214     0.0183     8.6670     7.0396 -9.990e-29
        570      0.216    13.0055   0.002249     2.9165     2.7528     0.2432  0.7636086      0.214     0.0174     8.6743     7.0479 -9.990e-29
        571      0.215    13.0059   0.002104     2.9172     2.7536     0.2432  0.7635997      0.213     0.0166     8.6812     7.0563 -9.990e-29
        572      0.215    13.0063   0.001969     2.9180     2.7544     0.2432  0.7635890      0.213     0.0159     8.6880     7.0646 -9.990e-29
        573      0.215    13.0067   0.001844     2.9188     2.7553     0.2432  0.7635764      0.213     0.0152     8.6942     7.0728 -9.990e-29
        574      0.214    13.0071   0.001725     2.9196     2.7562     0.2432  0.7635619      0.212     0.0146     8.6999     7.0807 -9.990e-29
        575      0.214    13.0075   0.001614     2.9205     2.7571     0.2432  0.7635454      0.212     0.0140     8.7053     7.0883 -9.990e-29
        576      0.214    13.0079   0.001511     2.9215     2.7581     0.2434  0.7635268      0.212     0.0134     8.7104     7.0957 -9.990e-29
        577      0.213    13.0083   0.001417     2.9225     2.7593     0.2432  0.7635058      0.211     0.0129     8.7150     7.1034 -9.990e-29
        578      0.213    13.0087   0.001331     2.9236     2.7605     0.2432  0.7634824      0.211     0.0125     8.7193     7.1105 -9.990e-29
        579      0.213    13.0091   0.001253     2.9246     2.7617     0.2432  0.7634565      0.211     0.0121     8.7227     7.1170 -9.990e-29
        580      0.212    13.0095   0.001183     2.9256     2.7629     0.2432  0.7634277      0.210     0.0117     8.7255     7.1229 -9.990e-29
        581      0.212    13.0098   0.001118     2.9265     2.7640     0.2432  0.7633960      0.210     0.0114     8.7275     7.1279 -9.990e-29
        582      0.212    13.0102   0.001057     2.9272     2.7650     0.2432  0.7633611      0.210     0.0111     8.7283     7.1320 -9.990e-29
        583      0.212    13.0106   0.001000     2.9279     2.7659     0.2432  0.7633237      0.210     0.0108     8.7286     7.1351 -9.990e-29
        584      0.211    13.0110   0.000948     2.9284     2.7667     0.2432  0.7632842      0.209     0.0105     8.7279     7.1373 -9.990e-29
        585      0.211    13.0113   0.000899     2.9288     2.7675     0.2432  0.7632416      0.209     0.0103     8.7265     7.1389 -9.990e-29
        586      0.211    13.0117   0.000856     2.9292     2.7682     0.2432  0.7631947      0.209     0.0100     8.7247     7.1396 -9.990e-29
        587      0.211    13.0120   0.000817     2.9295     2.7688     0.2432  0.7631433      0.209     0.0099     8.7223     7.1396 -9.990e-29
        588      0.210    13.0124   0.000781     2.9298     2.7694     0.2432  0.7630869      0.208     0.0097     8.7196     7.1391 -9.990e-29
        589      0.210    13.0127   0.000749     2.9300     2.7700     0.2432  0.7630268      0.208     0.0095     8.7164     7.1382 -9.990e-29
        590      0.210    13.0131   0.000719     2.9302     2.7705     0.2432  0.7629670      0.208     0.0094     8.7130     7.1367 -9.990e-29
        591      0.210    13.0134   0.000690     2.9303     2.7709     0.2432  0.7629103      0.208     0.0092     8.7091     7.1347 -9.990e-29
        592      0.209    13.0138   0.000663     2.9304     2.7713     0.2432  0.7628581      0.207     0.0091     8.7052     7.1325 -9.990e-29
        593      0.209    13.0141   0.000639     2.9305     2.7717     0.2432  0.7628108      0.207     0.0090     8.7012     7.1301 -9.990e-29
        594      0.209    13.0144   0.000616     2.9306     2.7721     0.2432  0.7627682      0.207     0.0089     8.6972     7.1277 -9.990e-29
        595      0.209    13.0148   0.000596     2.9306     2.7724     0.2432  0.7627299      0.207     0.0088     8.6929     7.1249 -9.990e-29
        596      0.209    13.0151   0.000578     2.9307     2.7727     0.2432  0.7626948      0.207     0.0087     8.6890     7.1221 -9.990e-29
        597      0.209    13.0154   0.000562     2.9307     2.7729     0.2432  0.7626619      0.207     0.0086     8.6848     7.1190 -9.990e-29
        598      0.209    13.0158   0.000549     2.9307     2.7731     0.2432  0.7626308      0.207     0.0086     8.6808     7.1159 -9.990e-29
        599      0.209    13.0161   0.000538     2.9307     2.7733     0.2432  0.7626014      0.207     0.0085     8.6770     7.1128 -9.990e-29
        600      0.208    13.0164   0.000527     2.9307     2.7735     0.2432  0.7625735      0.206     0.0085     8.6733     7.1099 -9.990e-29
        601      0.208    13.0167   0.000518     2.9307     2.7737     0.2432  0.7625469      0.206     0.0084     8.6699     7.1070 -9.990e-29
        602      0.208    13.0171   0.000509     2.9307     2.7738     0.2432  0.7625214      0.206     0.0084     8.6668     7.1040 -9.990e-29
        603      0.208    13.0174   0.000501     2.9306     2.7739     0.2432  0.7624968      0.206     0.0084     8.6637     7.1012 -9.990e-29
        604      0.208    13.0177   0.000496     2.9306     2.7740     0.2432  0.7624729      0.206     0.0083     8.6613     7.0986 -9.990e-29
        605      0.208    13.0180   0.000491     2.9306     2.7741     0.2432  0.7624496      0.206     0.0083     8.6593     7.0963 -9.990e-29
        606      0.207    13.0183   0.000485     2.9305     2.7742     0.2432  0.7624268      0.205     0.0083     8.6572     7.0941 -9.990e-29
        607      0.207    13.0186   0.000478     2.9305     2.7743     0.2432  0.7624041      0.205     0.0083     8.6557     7.0922 -9.990e-29
        608      0.207    13.0189   0.000471     2.9305     2.7744     0.2432  0.7623816      0.205     0.0082     8.6545     7.0904 -9.990e-29
        609      0.207    13.0192   0.000463     2.9304     2.7744     0.2432  0.7623591      0.205     0.0082     8.6531     7.0885 -9.990e-29
        610      0.207    13.0195   0.000455     2.9304     2.7745     0.2432  0.7623363      0.205     0.0082     8.6522     7.0871 -9.990e-29
        611      0.207    13.0198   0.000448     2.9303     2.7746     0.2432  0.7623132      0.205     0.0081     8.6511     7.0858 -9.990e-29
        612      0.207    13.0201   0.000441     2.9303     2.7746     0.2432  0.7622895      0.205     0.0081     8.6505     7.0843 -9.990e-29
        613      0.207    13.0204   0.000434     2.9303     2.7746     0.2432  0.7622651      0.205     0.0081     8.6500     7.0829 -9.990e-29
        614      0.207    13.0207   0.000429     2.9302     2.7747     0.2432  0.7622407      0.205     0.0080     8.6492     7.0820 -9.990e-29
        615      0.207    13.0210   0.000423     2.9302     2.7747     0.2432  0.7622179      0.205     0.0080     8.6489     7.0808 -9.990e-29
        616      0.206    13.0213   0.000418     2.9302     2.7748     0.2430  0.7621972      0.204     0.0080     8.6486     7.0800 -9.990e-29
        617      0.206    13.0216   0.000415     2.9301     2.7748     0.2430  0.7621786      0.204     0.0080     8.6480     7.0790 -9.990e-29
        618      0.206    13.0219   0.000412     2.9301     2.7748     0.2430  0.7621619      0.204     0.0080     8.6478     7.0781 -9.990e-29
        619      0.206    13.0222   0.000409     2.9301     2.7748     0.2430  0.7621471      0.204     0.0080     8.6476     7.0772 -9.990e-29
        620      0.206    13.0225   0.000407     2.9300     2.7748     0.2430  0.7621339      0.204     0.0079     8.6471     7.0764 -9.990e-29
        621      0.206    13.0228   0.000406     2.9300     2.7749     0.2430  0.7621224      0.204     0.0079     8.6470     7.0759 -9.990e-29
        622      0.206    13.0231   0.000407     2.9300     2.7749     0.2430  0.7621124      0.204     0.0079     8.6469     7.0752 -9.990e-29
        623      0.206    13.0234   0.000409     2.9299     2.7749     0.2430  0.7621038      0.204     0.0080     8.6464     7.0745 -9.990e-29
        624      0.206    13.0237   0.000411     2.9299     2.7749     0.2430  0.7620967      0.204     0.0080     8.6463     7.0738 -9.990e-29
        625      0.205    13.0240   0.000414     2.9299     2.7749     0.2430  0.7620910      0.203     0.0080     8.6462     7.0731 -9.990e-29
        626      0.205    13.0243   0.000417     2.9299     2.7749     0.2430  0.7620865      0.203     0.0080     8.6461     7.0725 -9.990e-29
        627      0.205    13.0246   0.000421     2.9298     2.7749     0.2430  0.7620834      0.203     0.0080     8.6456     7.0718 -9.990e-29
        628      0.205    13.0249   0.000426     2.9298     2.7749     0.2430  0.7620815      0.203     0.0080     8.6455     7.0711 -9.990e-29
        629      0.205    13.0252   0.000432     2.9298     2.7749     0.2430  0.7620809      0.203     0.0081     8.6453     7.0704 -9.990e-29
        630      0.205    13.0255   0.000440     2.9298     2.7748     0.2430  0.7620815      0.203     0.0081     8.6452     7.0694 -9.990e-29
        631      0.205    13.0258   0.000447     2.9298     2.7748     0.2430  0.7620834      0.203     0.0081     8.6449     7.0687 -9.990e-29
        632      0.205    13.0260   0.000456     2.9297     2.7748     0.2430  0.7620866      0.203     0.0082     8.6444     7.0680 -9.990e-29
        633      0.205    13.0263   0.000465     2.9297     2.7748     0.2430  0.7620910      0.203     0.0082     8.6442     7.0672 -9.990e-29
        634      0.205    13.0266   0.000477     2.9297     2.7748     0.2430  0.7620968      0.203     0.0083     8.6439     7.0664 -9.990e-29
        635      0.205    13.0269   0.000490     2.9297     2.7747     0.2430  0.7621048      0.203     0.0083     8.6436     7.0652 -9.990e-29
        636      0.205    13.0273   0.000504     2.9296     2.7747     0.2430  0.7621158      0.203     0.0084     8.6429     7.0644 -9.990e-29
        637      0.205    13.0276   0.000518     2.9296     2.7747     0.2430  0.7621293      0.203     0.0084     8.6425     7.0635 -9.990e-29
        638      0.205    13.0279   0.000532     2.9296     2.7746     0.2430  0.7621443      0.203     0.0085     8.6422     7.0622 -9.990e-29
        639      0.205    13.0282   0.000546     2.9296     2.7746     0.2430  0.7621619      0.203     0.0086     8.6418     7.0611 -9.990e-29
        640      0.205    13.0285   0.000561     2.9295     2.7745     0.2430  0.7621830      0.203     0.0086     8.6410     7.0597 -9.990e-29
        641      0.205    13.0288   0.000579     2.9295     2.7745     0.2430  0.7622060      0.203     0.0087     8.6405     7.0586 -9.990e-29
        642      0.205    13.0291   0.000598     2.9294     2.7744     0.2430  0.7622286      0.203     0.0088     8.6396     7.0571 -9.990e-29
        643      0.205    13.0294   0.000619     2.9294     2.7743     0.2430  0.7622501      0.203     0.0089     8.6390     7.0555 -9.990e-29
        644      0.205    13.0298   0.000643     2.9294     2.7743     0.2430  0.7622706      0.203     0.0090     8.6384     7.0541 -9.990e-29
        645      0.205    13.0301   0.000667     2.9293     2.7742     0.2430  0.7622903      0.203     0.0091     8.6373     7.0523 -9.990e-29
        646      0.205    13.0304   0.000694     2.9293     2.7741     0.2430  0.7623093      0.203     0.0093     8.6366     7.0505 -9.990e-29
        647      0.205    13.0307   0.000723     2.9292     2.7740     0.2430  0.7623278      0.203     0.0094     8.6355     7.0485 -9.990e-29
        648      0.206    13.0311   0.000755     2.9291     2.7739     0.2430  0.7623458      0.204     0.0096     8.6342     7.0464 -9.990e-29
        649      0.206    13.0314   0.000787     2.9291     2.7738     0.2430  0.7623635      0.204     0.0097     8.6333     7.0442 -9.990e-29
        650      0.206    13.0317   0.000820     2.9290     2.7736     0.2430  0.7623810      0.204     0.0099     8.6320     7.0417 -9.990e-29
        651      0.206    13.0320   0.000854     2.9289     2.7735     0.2430  0.7623985      0.204     0.0100     8.6308     7.0394 -9.990e-29
        652      0.207    13.0323   0.000891     2.9289     2.7733     0.2430  0.7624160      0.205     0.0102     8.6299     7.0368 -9.990e-29
        653      0.207    13.0327   0.000931     2.9288     2.7732     0.2430  0.7624338      0.205     0.0104     8.6287     7.0345 -9.990e-29
        654      0.207    13.0330   0.000976     2.9287     2.7730     0.2430  0.7624518      0.205     0.0106     8.6276     7.0320 -9.990e-29
        655      0.208    13.0333   0.001025     2.9286     2.7728     0.2430  0.7624702      0.206     0.0109     8.6265     7.0294 -9.990e-29
        656      0.208    13.0336   0.001078     2.9285     2.7726     0.2430  0.7624893      0.206     0.0112     8.6255     7.0269 -9.990e-29
        657      0.209    13.0339   0.001134     2.9284     2.7723     0.2430  0.7625090      0.207     0.0115     8.6246     7.0242 -9.990e-29
        658      0.209    13.0343   0.001197     2.9283     2.7721     0.2430  0.7625295      0.207     0.0118     8.6238     7.0219 -9.990e-29
        659      0.210    13.0346   0.001267     2.9282     2.7718     0.2430  0.7625511      0.208     0.0121     8.6231     7.0194 -9.990e-29
        660      0.210    13.0349   0.001344     2.9281     2.7716     0.2430  0.7625737      0.208     0.0125     8.6225     7.0173 -9.990e-29
        661      0.211    13.0352   0.001429     2.9280     2.7713     0.2430  0.7625977      0.209     0.0130     8.6220     7.0150 -9.990e-29
        662      0.212    13.0356   0.001521     2.9279     2.7709     0.2430  0.7626230      0.210     0.0135     8.6216     7.0126 -9.990e-29
        663      0.213    13.0359   0.001622     2.9277     2.7706     0.2430  0.7626500      0.211     0.0140     8.6211     7.0106 -9.990e-29
        664      0.213    13.0362   0.001733     2.9276     2.7702     0.2430  0.7626789      0.211     0.0146     8.6210     7.0085 -9.990e-29
        665      0.214    13.0366   0.001856     2.9274     2.7698     0.2430  0.7627097      0.212     0.0153     8.6206     7.0065 -9.990e-29
        666      0.215    13.0369   0.001990     2.9272     2.7694     0.2430  0.7627427      0.213     0.0160     8.6203     7.0047 -9.990e-29
