data/2021/ctd_data_day3/station6f_ctm.cnv
* Sea-Bird SBE 9 Data File:
* FileName = C:\Users\CTD-User\Desktop\MAR440\day3\station6f.hex
* Software Version Seasave V 7.26.2.13
* Temperature SN = 6313
* Conductivity SN = 4758
* Number of Bytes Per Scan = 37
* Number of Voltage Words = 4
* Number of Scans Averaged by the Deck Unit = 1
* NMEA Latitude = 58 18.97 N
* NMEA Longitude = 011 48.24 E
* NMEA UTC (Time) = Sep 23 2021 10:37:53
* NMEA baud rate = 4800
** Ship: Skagerrak
** Station: station6f
** Operator: Tor
# nquan = 9
# nvalues = 2508                        
# units = specified
# name 0 = scan: Scan Count
# name 1 = prDM: Pressure, Digiquartz [db]
# name 2 = t090C: Temperature [ITS-90, deg C]
# name 3 = c0S/m: Conductivity [S/m]
# name 4 = sbeox0V: Oxygen raw, SBE 43 [V]
# name 5 = sbeox1V: Oxygen raw, SBE 43, 2 [V]
# name 6 = flECO-AFL: Fluorescence, WET Labs ECO-AFL/FL [mg/m^3]
# name 7 = upoly0: Upoly 0, Turbidity
# name 8 = flag:  0.000e+00
# span 0 =          1,       2508       
# span 1 =      0.694,     27.246       
# span 2 =     8.7731,    15.8238       
# span 3 =   2.898393,   3.795176       
# span 4 =     1.0194,     2.7814       
# span 5 =     1.0328,     2.6996       
# span 6 =     0.0035,     0.0218       
# span 7 =  0.0864432,  0.1616569       
# span 8 = 0.0000e+00, 0.0000e+00       
# interval = seconds: 0.0416667
# start_time = Sep 23 2021 10:37:53 [NMEA time, header]
# bad_flag = -9.990e-29
*END*
[from data line 1441]
       1442      5.042    14.7395   2.928708     2.7595     2.6594     0.0192  0.1484701 0.0000e+00
       1443      5.001    14.7399   2.928771     2.7595     2.6594     0.0192  0.1484701 0.0000e+00
       1444      5.067    14.7395   2.928791     2.7582     2.6594     0.0192  0.1484701 0.0000e+00
       1445      5.100    14.7393   2.928685     2.7582     2.6594     0.0192  0.1484701 0.0000e+00
       1446      5.067    14.7393   2.928608     2.7582     2.6594     0.0192  0.1484701 0.0000e+00
       1447      5.166    14.7388   2.928529     2.7595     2.6594     0.0194  0.1484701 0.0000e+00
       1448      5.125    14.7385   2.928363     2.7595     2.6594     0.0192  0.1484701 0.0000e+00
       1449      5.190    14.7384   2.928236     2.7582     2.6594     0.0200  0.1494469 0.0000e+00
       1450      5.166    14.7381   2.928246     2.7582     2.6594     0.0207  0.1504237 0.0000e+00
       1451      5.248    14.7390   2.928305     2.7582     2.6594     0.0209  0.1504237 0.0000e+00
       1452      5.223    14.7398   2.928489     2.7607     2.6581     0.0209  0.1504237 0.0000e+00
       1453      5.248    14.7400   2.928643     2.7595     2.6594     0.0209  0.1504237 0.0000e+00
       1454      5.314    14.7403   2.928700     2.7582     2.6594     0.0209  0.1504237 0.0000e+00
       1455      5.281    14.7404   2.928810     2.7582     2.6594     0.0207  0.1509121 0.0000e+00
       1456      5.314    14.7411   2.928768     2.7595     2.6594     0.0207  0.1509121 0.0000e+00
       1457      5.347    14.7426   2.928945     2.7607     2.6594     0.0207  0.1504237 0.0000e+00
       1458      5.372    14.7449   2.929228     2.7595     2.6581     0.0207  0.1509121 0.0000e+00
       1459      5.372    14.7469   2.929450     2.7582     2.6594     0.0207  0.1509121 0.0000e+00
       1460      5.405    14.7477   2.929667     2.7582     2.6594     0.0207  0.1509121 0.0000e+00
       1461      5.429    14.7488   2.929869     2.7619     2.6594     0.0207  0.1504237 0.0000e+00
       1462      5.405    14.7490   2.930101     2.7607     2.6594     0.0207  0.1504237 0.0000e+00
       1463      5.495    14.7482   2.930175     2.7595     2.6581     0.0209  0.1504237 0.0000e+00
       1464      5.495    14.7485   2.930186     2.7582     2.6581     0.0209  0.1504237 0.0000e+00
       1465      5.471    14.7490   2.930100     2.7582     2.6581     0.0207  0.1504237 0.0000e+00
       1466      5.553    14.7490   2.929996     2.7607     2.6581     0.0207  0.1499353 0.0000e+00
       1467      5.594    14.7466   2.929881     2.7619     2.6594     0.0207  0.1509121 0.0000e+00
       1468      5.553    14.7437   2.929469     2.7595     2.6581     0.0207  0.1504237 0.0000e+00
       1469      5.553    14.7412   2.929107     2.7582     2.6581     0.0207  0.1509121 0.0000e+00
       1470      5.652    14.7400   2.928867     2.7582     2.6581     0.0207  0.1504237 0.0000e+00
       1471      5.619    14.7389   2.928686     2.7607     2.6594     0.0207  0.1504237 0.0000e+00
       1472      5.652    14.7382   2.928562     2.7595     2.6594     0.0209  0.1504237 0.0000e+00
       1473      5.734    14.7380   2.928452     2.7582     2.6581     0.0207  0.1509121 0.0000e+00
       1474      5.676    14.7380   2.928441     2.7570     2.6581     0.0207  0.1504237 0.0000e+00
       1475      5.709    14.7383   2.928513     2.7582     2.6581     0.0205  0.1499353 0.0000e+00
       1476      5.734    14.7383   2.928492     2.7595     2.6581     0.0205  0.1499353 0.0000e+00
       1477      5.800    14.7384   2.928459     2.7595     2.6581     0.0205  0.1499353 0.0000e+00
       1478      5.775    14.7383   2.928409     2.7582     2.6581     0.0203  0.1499353 0.0000e+00
       1479      5.800    14.7384   2.928398     2.7582     2.6594     0.0205  0.1499353 0.0000e+00
       1480      5.833    14.7383   2.928437     2.7582     2.6581     0.0205  0.1499353 0.0000e+00
       1481      5.858    14.7383   2.928371     2.7619     2.6581     0.0205  0.1499353 0.0000e+00
       1482      5.858    14.7382   2.928320     2.7595     2.6581     0.0205  0.1499353 0.0000e+00
       1483      5.899    14.7384   2.928354     2.7582     2.6581     0.0205  0.1499353 0.0000e+00
       1484      5.924    14.7384   2.928409     2.7582     2.6581     0.0203  0.1499353 0.0000e+00
       1485      5.957    14.7383   2.928404     2.7595     2.6581     0.0205  0.1499353 0.0000e+00
       1486      5.924    14.7383   2.928316     2.7619     2.6581     0.0205  0.1499353 0.0000e+00
       1487      5.981    14.7382   2.928287     2.7595     2.6581     0.0205  0.1499353 0.0000e+00
       1488      6.014    14.7383   2.928287     2.7595     2.6581     0.0203  0.1499353 0.0000e+00
       1489      6.047    14.7396   2.928413     2.7595     2.6581     0.0203  0.1499353 0.0000e+00
       1490      5.981    14.7404   2.928461     2.7619     2.6581     0.0205  0.1499353 0.0000e+00
       1491      6.080    14.7400   2.928580     2.7607     2.6581     0.0205  0.1499353 0.0000e+00
       1492      6.105    14.7399   2.928661     2.7595     2.6581     0.0205  0.1499353 0.0000e+00
       1493      6.080    14.7396   2.928633     2.7582     2.6581     0.0205  0.1499353 0.0000e+00
       1494      6.162    14.7420   2.928994     2.7582     2.6581     0.0205  0.1499353 0.0000e+00
       1495      6.162    14.7468   2.929573     2.7619     2.6581     0.0205  0.1499353 0.0000e+00
       1496      6.138    14.7517   2.930307     2.7607     2.6581     0.0205  0.1499353 0.0000e+00
       1497      6.228    14.7554   2.931025     2.7595     2.6581     0.0205  0.1499353 0.0000e+00
       1498      6.203    14.7580   2.931430     2.7595     2.6581     0.0203  0.1499353 0.0000e+00
       1499      6.228    14.7600   2.931647     2.7595     2.6581     0.0205  0.1499353 0.0000e+00
       1500      6.228    14.7630   2.931877     2.7619     2.6594     0.0200  0.1504237 0.0000e+00
       1501      6.327    14.7673   2.932278     2.7607     2.6594     0.0198  0.1504237 0.0000e+00
       1502      6.286    14.7687   2.932723     2.7595     2.6594     0.0198  0.1504237 0.0000e+00
       1503      6.286    14.7689   2.932932     2.7595     2.6594     0.0196  0.1509121 0.0000e+00
       1504      6.385    14.7703   2.933036     2.7595     2.6594     0.0198  0.1504237 0.0000e+00
       1505      6.352    14.7743   2.933353     2.7619     2.6594     0.0198  0.1504237 0.0000e+00
       1506      6.385    14.7783   2.933923     2.7619     2.6594     0.0198  0.1509121 0.0000e+00
       1507      6.409    14.7808   2.934389     2.7595     2.6594     0.0198  0.1504237 0.0000e+00
       1508      6.409    14.7822   2.934680     2.7595     2.6594     0.0198  0.1504237 0.0000e+00
       1509      6.442    14.7827   2.934758     2.7619     2.6594     0.0198  0.1504237 0.0000e+00
       1510      6.467    14.7829   2.934912     2.7619     2.6594     0.0198  0.1504237 0.0000e+00
       1511      6.533    14.7827   2.934976     2.7619     2.6594     0.0198  0.1509121 0.0000e+00
       1512      6.508    14.7831   2.934966     2.7619     2.6594     0.0198  0.1509121 0.0000e+00
       1513      6.533    14.7846   2.935026     2.7595     2.6594     0.0198  0.1504237 0.0000e+00
       1514      6.566    14.7852   2.935296     2.7619     2.6594     0.0196  0.1504237 0.0000e+00
       1515      6.533    14.7855   2.935478     2.7619     2.6594     0.0198  0.1504237 0.0000e+00
       1516      6.590    14.7863   2.935469     2.7619     2.6594     0.0198  0.1509121 0.0000e+00
       1517      6.632    14.7873   2.935543     2.7595     2.6594     0.0198  0.1504237 0.0000e+00
       1518      6.656    14.7869   2.935574     2.7619     2.6594     0.0198  0.1509121 0.0000e+00
       1519      6.656    14.7859   2.935525     2.7619     2.6594     0.0196  0.1509121 0.0000e+00
       1520      6.689    14.7859   2.935568     2.7619     2.6594     0.0196  0.1509121 0.0000e+00
       1521      6.714    14.7874   2.935617     2.7595     2.6594     0.0198  0.1504237 0.0000e+00
       1522      6.755    14.7895   2.935756     2.7595     2.6594     0.0198  0.1504237 0.0000e+00
       1523      6.772    14.7904   2.935985     2.7595     2.6594     0.0198  0.1504237 0.0000e+00
       1524      6.714    14.7900   2.936185     2.7619     2.6594     0.0198  0.1504237 0.0000e+00
       1525      6.813    14.7874   2.935993     2.7619     2.6594     0.0196  0.1504237 0.0000e+00
       1526      6.837    14.7861   2.935564     2.7619     2.6606     0.0196  0.1494469 0.0000e+00
       1527      6.837    14.7863   2.935470     2.7607     2.6606     0.0198  0.1489585 0.0000e+00
       1528      6.870    14.7863   2.935684     2.7607     2.6606     0.0198  0.1489585 0.0000e+00
       1529      6.837    14.7859   2.935725     2.7619     2.6606     0.0198  0.1489585 0.0000e+00
       1530      6.870    14.7863   2.935578     2.7619     2.6618     0.0194  0.1489585 0.0000e+00
       1531      6.961    14.7852   2.935463     2.7619     2.6618     0.0196  0.1489585 0.0000e+00
       1532      6.961    14.7839   2.935358     2.7619     2.6618     0.0194  0.1489585 0.0000e+00
       1533      6.936    14.7832   2.935304     2.7619     2.6630     0.0194  0.1489585 0.0000e+00
       1534      7.019    14.7842   2.935358     2.7619     2.6606     0.0194  0.1489585 0.0000e+00
       1535      7.019    14.7871   2.935494     2.7619     2.6618     0.0198  0.1489585 0.0000e+00
       1536      6.994    14.7900   2.935829     2.7607     2.6618     0.0198  0.1489585 0.0000e+00
       1537      7.084    14.7923   2.936283     2.7607     2.6606     0.0198  0.1489585 0.0000e+00
       1538      7.084    14.7933   2.936561     2.7619     2.6630     0.0194  0.1489585 0.0000e+00
       1539      7.060    14.7928   2.936574     2.7631     2.6606     0.0198  0.1489585 0.0000e+00
       1540      7.142    14.7922   2.936494     2.7619     2.6618     0.0194  0.1489585 0.0000e+00
       1541      7.117    14.7915   2.936490     2.7607     2.6630     0.0198  0.1489585 0.0000e+00
       1542      7.142    14.7908   2.936366     2.7607     2.6618     0.0198  0.1489585 0.0000e+00
       1543      7.200    14.7906   2.936265     2.7631     2.6606     0.0198  0.1489585 0.0000e+00
       1544      7.175    14.7908   2.936249     2.7619     2.6630     0.0196  0.1489585 0.0000e+00
       1545      7.266    14.7900   2.936245     2.7619     2.6630     0.0194  0.1489585 0.0000e+00
       1546      7.266    14.7893   2.936214     2.7619     2.6630     0.0194  0.1489585 0.0000e+00
       1547      7.241    14.7911   2.936297     2.7619     2.6606     0.0194  0.1489585 0.0000e+00
       1548      7.265    14.7935   2.936564     2.7631     2.6630     0.0194  0.1489585 0.0000e+00
       1549      7.323    14.7957   2.936913     2.7631     2.6630     0.0198  0.1489585 0.0000e+00
       1550      7.364    14.7972   2.937270     2.7619     2.6630     0.0194  0.1489585 0.0000e+00
       1551      7.323    14.7979   2.937304     2.7619     2.6630     0.0183  0.1484701 0.0000e+00
       1552      7.389    14.7985   2.937245     2.7619     2.6630     0.0167  0.1479817 0.0000e+00
       1553      7.422    14.7997   2.937480     2.7631     2.6630     0.0163  0.1479817 0.0000e+00
       1554      7.389    14.8002   2.937613     2.7619     2.6630     0.0163  0.1479817 0.0000e+00
       1555      7.488    14.8012   2.937748     2.7619     2.6630     0.0165  0.1479817 0.0000e+00
       1556      7.447    14.8056   2.937984     2.7619     2.6630     0.0165  0.1479817 0.0000e+00
       1557      7.504    14.8104   2.938612     2.7631     2.6655     0.0165  0.1479817 0.0000e+00
       1558      7.488    14.8132   2.939205     2.7631     2.6642     0.0165  0.1479817 0.0000e+00
       1559      7.570    14.8159   2.939693     2.7619     2.6630     0.0163  0.1479817 0.0000e+00
       1560      7.504    14.8184   2.940197     2.7619     2.6655     0.0165  0.1479817 0.0000e+00
       1561      7.603    14.8181   2.940354     2.7619     2.6655     0.0163  0.1479817 0.0000e+00
       1562      7.570    14.8189   2.940455     2.7631     2.6642     0.0163  0.1479817 0.0000e+00
       1563      7.628    14.8223   2.940720     2.7631     2.6655     0.0165  0.1479817 0.0000e+00
       1564      7.669    14.8230   2.940897     2.7619     2.6655     0.0165  0.1479817 0.0000e+00
       1565      7.628    14.8228   2.940994     2.7619     2.6655     0.0163  0.1479817 0.0000e+00
       1566      7.694    14.8218   2.940989     2.7619     2.6655     0.0165  0.1479817 0.0000e+00
       1567      7.727    14.8208   2.940791     2.7631     2.6655     0.0163  0.1479817 0.0000e+00
       1568      7.694    14.8204   2.940683     2.7631     2.6667     0.0163  0.1479817 0.0000e+00
       1569      7.751    14.8226   2.940741     2.7619     2.6667     0.0165  0.1479817 0.0000e+00
       1570      7.792    14.8285   2.941334     2.7619     2.6667     0.0163  0.1479817 0.0000e+00
       1571      7.817    14.8340   2.942136     2.7619     2.6667     0.0163  0.1479817 0.0000e+00
       1572      7.792    14.8378   2.942782     2.7631     2.6679     0.0163  0.1479817 0.0000e+00
       1573      7.817    14.8398   2.943256     2.7619     2.6679     0.0165  0.1479817 0.0000e+00
       1574      7.875    14.8431   2.943630     2.7619     2.6679     0.0165  0.1479817 0.0000e+00
       1575      7.908    14.8484   2.944222     2.7619     2.6679     0.0165  0.1479817 0.0000e+00
       1576      7.875    14.8531   2.944943     2.7619     2.6679     0.0161  0.1479817 0.0000e+00
       1577      7.932    14.8584   2.945744     2.7631     2.6679     0.0139  0.1479817 0.0000e+00
       1578      7.974    14.8634   2.946312     2.7619     2.6691     0.0124  0.1479817 0.0000e+00
       1579      7.932    14.8672   2.947080     2.7619     2.6691     0.0123  0.1479817 0.0000e+00
       1580      7.998    14.8702   2.947667     2.7607     2.6691     0.0123  0.1479817 0.0000e+00
       1581      8.031    14.8746   2.948327     2.7619     2.6691     0.0124  0.1479817 0.0000e+00
       1582      8.056    14.8790   2.948926     2.7631     2.6691     0.0124  0.1479817 0.0000e+00
       1583      8.056    14.8839   2.949427     2.7619     2.6691     0.0124  0.1479817 0.0000e+00
       1584      8.097    14.8864   2.950122     2.7607     2.6691     0.0124  0.1479817 0.0000e+00
       1585      8.122    14.8900   2.950603     2.7607     2.6703     0.0124  0.1479817 0.0000e+00
       1586      8.122    14.8923   2.951149     2.7619     2.6703     0.0124  0.1479817 0.0000e+00
       1587      8.097    14.8947   2.951547     2.7631     2.6703     0.0124  0.1479817 0.0000e+00
       1588      8.179    14.8984   2.952022     2.7619     2.6716     0.0124  0.1479817 0.0000e+00
       1589      8.179    14.9053   2.952636     2.7619     2.6716     0.0124  0.1479817 0.0000e+00
       1590      8.278    14.9151   2.953796     2.7619     2.6716     0.0124  0.1479817 0.0000e+00
       1591      8.179    14.9232   2.955180     2.7631     2.6716     0.0124  0.1479817 0.0000e+00
       1592      8.303    14.9300   2.956411     2.7631     2.6728     0.0124  0.1479817 0.0000e+00
       1593      8.278    14.9358   2.957511     2.7619     2.6728     0.0123  0.1479817 0.0000e+00
       1594      8.303    14.9412   2.958527     2.7619     2.6728     0.0124  0.1479817 0.0000e+00
       1595      8.303    14.9452   2.959483     2.7619     2.6740     0.0124  0.1479817 0.0000e+00
       1596      8.402    14.9491   2.960433     2.7631     2.6740     0.0124  0.1479817 0.0000e+00
       1597      8.361    14.9534   2.961379     2.7631     2.6740     0.0124  0.1479817 0.0000e+00
       1598      8.361    14.9575   2.962412     2.7619     2.6752     0.0124  0.1479817 0.0000e+00
       1599      8.402    14.9610   2.963261     2.7619     2.6752     0.0124  0.1479817 0.0000e+00
       1600      8.426    14.9635   2.964017     2.7631     2.6752     0.0124  0.1479817 0.0000e+00
