data/2021/ctd_data_day3/station9i_ctm_fil_le_der.cnv
* Sea-Bird SBE 9 Data File:
* FileName = C:\Users\CTD-User\Desktop\MAR440\day3\station9i.hex
* Software Version Seasave V 7.26.2.13
* Temperature SN = 6313
* Conductivity SN = 4758
* Number of Bytes Per Scan = 37
* Number of Voltage Words = 4
* Number of Scans Averaged by the Deck Unit = 1
* NMEA Latitude = 58 20.28 N
* NMEA Longitude = 011 53.28 E
* NMEA UTC (Time) = Sep 23 2021 11:50:13
* NMEA baud rate = 4800
** Ship: Skagerrak
** Station: station9i
** Operator: Johan
# nquan = 13                                
# nvalues = 5713                        
# units = specified
# name 0 = scan: Scan Count
# name 1 = prDM: Pressure, Digiquartz [db]
# name 2 = t090C: Temperature [ITS-90, deg C]
# name 3 = c0S/m: Conductivity [S/m]
# name 4 = sbeox0V: Oxygen raw, SBE 43 [V]
# name 5 = sbeox1V: Oxygen raw, SBE 43, 2 [V]
# name 6 = flECO-AFL: Fluorescence, WET Labs ECO-AFL/FL [mg/m^3]
# name 7 = upoly0: Upoly 0, Turbidity
# name 8 = depSM: Depth [salt water, m], lat = 58.338
# name 9 = sal00: Salinity, Practical [PSU]
# name 10 = sbeox0ML/L: Oxygen, SBE 43 [ml/l], WS = 2
# name 11 = sbeox1ML/L: Oxygen, SBE 43, 2 [ml/l], WS = 2
# name 12 = flag: flag
# span 0 =          1,       5713       
# span 1 =      0.076,     39.053       
# span 2 =     7.9833,    15.6491       
# span 3 =  -0.000767,   3.465597       
# span 4 =     0.4811,     2.9326       
# span 5 =     0.5431,     2.7878       
# span 6 =     0.0024,     0.2439       
# span 7 =  0.0808790,  0.7693001       
# span 8 =      0.075,     38.686       
# span 9 =     0.0000,    32.1312       
# span 10 =    -0.1103,     8.7286      
# span 11 =     0.1955,     7.1396      
# span 12 = 0.0000e+00, 0.0000e+00      
# interval = seconds: 0.0416667
# start_time = Sep 23 2021 11:50:13 [NMEA time, header]
# bad_flag = -9.990e-29
*END*
[from data line 1889]
       1890      1.519    14.9589   2.862529     2.3864     2.3144     0.0049  0.1931229      1.505    22.3598     5.3909     4.5643 -9.990e-29
       1891      1.523    14.9594   2.862604     2.3848     2.3128     0.0049  0.1930496      1.509    22.3601     5.3883     4.5605 -9.990e-29
       1892      1.529    14.9599   2.862698     2.3832     2.3113     0.0049  0.1929797      1.515    22.3607     5.3857     4.5570 -9.990e-29
       1893      1.534    14.9604   2.862813     2.3817     2.3098     0.0049  0.1929136      1.520    22.3614     5.3835     4.5534 -9.990e-29
       1894      1.541    14.9609   2.862953     2.3802     2.3083     0.0049  0.1928510      1.527    22.3623     5.3814     4.5498 -9.990e-29
       1895      1.548    14.9614   2.863117     2.3787     2.3068     0.0049  0.1927913      1.534    22.3634     5.3795     4.5463 -9.990e-29
       1896      1.556    14.9619   2.863309     2.3772     2.3052     0.0049  0.1927342      1.542    22.3648     5.3777     4.5424 -9.990e-29
       1897      1.564    14.9624   2.863528     2.3757     2.3037     0.0049  0.1926792      1.549    22.3664     5.3760     4.5389 -9.990e-29
       1898      1.574    14.9629   2.863774     2.3743     2.3022     0.0049  0.1926259      1.559    22.3682     5.3747     4.5353 -9.990e-29
       1899      1.584    14.9634   2.864045     2.3728     2.3007     0.0049  0.1925741      1.569    22.3702     5.3732     4.5318 -9.990e-29
       1900      1.594    14.9639   2.864336     2.3714     2.2992     0.0049  0.1925241      1.579    22.3725     5.3722     4.5283 -9.990e-29
       1901      1.605    14.9645   2.864640     2.3700     2.2977     0.0049  0.1924765      1.590    22.3747     5.3715     4.5248 -9.990e-29
       1902      1.617    14.9650   2.864952     2.3687     2.2962     0.0049  0.1924301      1.602    22.3771     5.3711     4.5213 -9.990e-29
       1903      1.629    14.9655   2.865266     2.3673     2.2947     0.0049  0.1923837      1.614    22.3795     5.3707     4.5179 -9.990e-29
       1904      1.642    14.9661   2.865576     2.3660     2.2932     0.0049  0.1923371      1.627    22.3818     5.3708     4.5145 -9.990e-29
       1905      1.655    14.9666   2.865881     2.3647     2.2917     0.0049  0.1922898      1.640    22.3842     5.3711     4.5112 -9.990e-29
       1906      1.669    14.9670   2.866177     2.3634     2.2902     0.0049  0.1922416      1.653    22.3865     5.3716     4.5079 -9.990e-29
       1907      1.684    14.9674   2.866465     2.3622     2.2887     0.0049  0.1921920      1.668    22.3887     5.3727     4.5047 -9.990e-29
       1908      1.700    14.9678   2.866743     2.3610     2.2872     0.0049  0.1921409      1.684    22.3909     5.3740     4.5016 -9.990e-29
       1909      1.716    14.9681   2.867009     2.3598     2.2858     0.0049  0.1920878      1.700    22.3930     5.3755     4.4988 -9.990e-29
       1910      1.732    14.9683   2.867262     2.3586     2.2843     0.0049  0.1920323      1.716    22.3951     5.3772     4.4958 -9.990e-29
       1911      1.749    14.9685   2.867505     2.3575     2.2828     0.0049  0.1919741      1.733    22.3970     5.3795     4.4929 -9.990e-29
       1912      1.767    14.9686   2.867738     2.3564     2.2814     0.0049  0.1919127      1.751    22.3990     5.3820     4.4903 -9.990e-29
       1913      1.785    14.9687   2.867964     2.3554     2.2799     0.0049  0.1918478      1.768    22.4009     5.3851     4.4876 -9.990e-29
       1914      1.803    14.9688   2.868184     2.3544     2.2784     0.0049  0.1917788      1.786    22.4027     5.3884     4.4850 -9.990e-29
       1915      1.822    14.9689   2.868399     2.3535     2.2770     0.0049  0.1917054      1.805    22.4045     5.3922     4.4827 -9.990e-29
       1916      1.841    14.9689   2.868611     2.3526     2.2756     0.0051  0.1916294      1.824    22.4063     5.3963     4.4805 -9.990e-29
       1917      1.861    14.9689   2.868818     2.3517     2.2741     0.0051  0.1915573      1.844    22.4081     5.4006     4.4782 -9.990e-29
       1918      1.880    14.9690   2.869020     2.3509     2.2727     0.0051  0.1914944      1.863    22.4097     5.4054     4.4762 -9.990e-29
       1919      1.900    14.9690   2.869216     2.3502     2.2713     0.0051  0.1914421      1.882    22.4114     5.4107     4.4744 -9.990e-29
       1920      1.920    14.9691   2.869404     2.3495     2.2699     0.0051  0.1913998      1.902    22.4130     5.4161     4.4726 -9.990e-29
       1921      1.940    14.9692   2.869585     2.3489     2.2686     0.0051  0.1913675      1.922    22.4145     5.4221     4.4712 -9.990e-29
       1922      1.961    14.9693   2.869756     2.3483     2.2672     0.0051  0.1913447      1.943    22.4159     5.4281     4.4697 -9.990e-29
       1923      1.981    14.9694   2.869916     2.3478     2.2659     0.0051  0.1913314      1.963    22.4172     5.4347     4.4686 0.0000e+00
       1924      2.002    14.9695   2.870065     2.3474     2.2646     0.0051  0.1913275      1.983    22.4184     5.4416     4.4676 0.0000e+00
       1925      2.023    14.9696   2.870198     2.3471     2.2633     0.0051  0.1913329      2.004    22.4195     5.4489     4.4667 0.0000e+00
       1926      2.044    14.9697   2.870316     2.3468     2.2620     0.0051  0.1913477      2.025    22.4204     5.4563     4.4660 0.0000e+00
       1927      2.065    14.9698   2.870416     2.3467     2.2608     0.0051  0.1913729      2.046    22.4212     5.4644     4.4656 0.0000e+00
       1928      2.086    14.9698   2.870498     2.3466     2.2596     0.0051  0.1914094      2.067    22.4219     5.4724     4.4654 0.0000e+00
       1929      2.107    14.9699   2.870561     2.3465     2.2584     0.0051  0.1914566      2.087    22.4224     5.4805     4.4653 0.0000e+00
       1930      2.128    14.9700   2.870607     2.3466     2.2572     0.0051  0.1915142      2.108    22.4227     5.4892     4.4654 0.0000e+00
       1931      2.149    14.9700   2.870635     2.3467     2.2561     0.0051  0.1915823      2.129    22.4230     5.4977     4.4658 0.0000e+00
       1932      2.170    14.9700   2.870646     2.3470     2.2550     0.0051  0.1916616      2.150    22.4231     5.5068     4.4664 0.0000e+00
       1933      2.192    14.9701   2.870639     2.3473     2.2539     0.0051  0.1917525      2.172    22.4229     5.5158     4.4671 0.0000e+00
       1934      2.213    14.9701   2.870614     2.3476     2.2529     0.0051  0.1918558      2.192    22.4227     5.5247     4.4682 0.0000e+00
       1935      2.234    14.9701   2.870572     2.3481     2.2519     0.0051  0.1919720      2.213    22.4224     5.5340     4.4694 0.0000e+00
       1936      2.256    14.9701   2.870512     2.3486     2.2510     0.0051  0.1921021      2.235    22.4218     5.5432     4.4710 0.0000e+00
       1937      2.277    14.9701   2.870435     2.3492     2.2501     0.0051  0.1922470      2.256    22.4212     5.5523     4.4727 0.0000e+00
       1938      2.298    14.9700   2.870342     2.3499     2.2492     0.0051  0.1924075      2.277    22.4204     5.5616     4.4745 0.0000e+00
       1939      2.320    14.9699   2.870231     2.3507     2.2483     0.0051  0.1925850      2.298    22.4195     5.5709     4.4764 0.0000e+00
       1940      2.341    14.9698   2.870102     2.3515     2.2475     0.0051  0.1927805      2.319    22.4185     5.5799     4.4787 0.0000e+00
       1941      2.362    14.9697   2.869958     2.3524     2.2468     0.0053  0.1929938      2.340    22.4173     5.5889     4.4813 0.0000e+00
       1942      2.384    14.9695   2.869799     2.3533     2.2461     0.0060  0.1932169      2.362    22.4160     5.5976     4.4840 0.0000e+00
       1943      2.405    14.9693   2.869625     2.3543     2.2454     0.0062  0.1934354      2.383    22.4146     5.6062     4.4868 0.0000e+00
       1944      2.426    14.9691   2.869438     2.3553     2.2448     0.0062  0.1936397      2.403    22.4131     5.6145     4.4899 0.0000e+00
       1945      2.448    14.9689   2.869241     2.3564     2.2442     0.0062  0.1938286      2.425    22.4115     5.6226     4.4931 0.0000e+00
       1946      2.469    14.9687   2.869036     2.3575     2.2437     0.0060  0.1940035      2.446    22.4099     5.6304     4.4966 0.0000e+00
       1947      2.491    14.9684   2.868826     2.3587     2.2433     0.0062  0.1941656      2.468    22.4082     5.6381     4.5003 0.0000e+00
       1948      2.512    14.9682   2.868614     2.3599     2.2428     0.0062  0.1943160      2.489    22.4065     5.6453     4.5038 0.0000e+00
       1949      2.533    14.9679   2.868400     2.3611     2.2425     0.0062  0.1944558      2.509    22.4049     5.6521     4.5078 0.0000e+00
       1950      2.555    14.9676   2.868187     2.3623     2.2422     0.0062  0.1945859      2.531    22.4032     5.6585     4.5118 0.0000e+00
       1951      2.576    14.9673   2.867976     2.3635     2.2419     0.0060  0.1947072      2.552    22.4015     5.6644     4.5158 0.0000e+00
       1952      2.598    14.9670   2.867770     2.3648     2.2417     0.0060  0.1948207      2.574    22.3999     5.6703     4.5201 0.0000e+00
       1953      2.619    14.9668   2.867570     2.3660     2.2416     0.0060  0.1949270      2.595    22.3983     5.6753     4.5246 0.0000e+00
       1954      2.641    14.9665   2.867377     2.3673     2.2415     0.0060  0.1950269      2.616    22.3968     5.6803     4.5290 0.0000e+00
       1955      2.663    14.9663   2.867193     2.3685     2.2414     0.0060  0.1951211      2.638    22.3954     5.6845     4.5333 0.0000e+00
       1956      2.684    14.9661   2.867018     2.3698     2.2414     0.0060  0.1952103      2.659    22.3940     5.6886     4.5378 0.0000e+00
       1957      2.706    14.9658   2.866851     2.3710     2.2414     0.0062  0.1952951      2.681    22.3927     5.6920     4.5423 0.0000e+00
       1958      2.727    14.9657   2.866693     2.3723     2.2416     0.0062  0.1953761      2.702    22.3914     5.6953     4.5471 0.0000e+00
       1959      2.749    14.9655   2.866544     2.3735     2.2417     0.0060  0.1954538      2.723    22.3902     5.6979     4.5516 0.0000e+00
       1960      2.771    14.9654   2.866404     2.3747     2.2419     0.0062  0.1955288      2.745    22.3891     5.7002     4.5563 0.0000e+00
       1961      2.793    14.9653   2.866273     2.3758     2.2421     0.0060  0.1956015      2.767    22.3880     5.7017     4.5608 0.0000e+00
       1962      2.815    14.9652   2.866151     2.3770     2.2424     0.0060  0.1956726      2.789    22.3870     5.7033     4.5655 0.0000e+00
       1963      2.837    14.9652   2.866039     2.3781     2.2428     0.0060  0.1957425      2.811    22.3860     5.7042     4.5702 0.0000e+00
       1964      2.858    14.9652   2.865936     2.3792     2.2431     0.0060  0.1958117      2.831    22.3851     5.7048     4.5745 0.0000e+00
       1965      2.880    14.9653   2.865842     2.3802     2.2435     0.0060  0.1958806      2.853    22.3842     5.7049     4.5789 0.0000e+00
       1966      2.902    14.9655   2.865757     2.3812     2.2440     0.0060  0.1959498      2.875    22.3834     5.7046     4.5834 0.0000e+00
       1967      2.925    14.9657   2.865681     2.3822     2.2445     0.0059  0.1960198      2.898    22.3826     5.7041     4.5878 0.0000e+00
       1968      2.947    14.9658   2.865612     2.3832     2.2450     0.0053  0.1960900      2.920    22.3820     5.7035     4.5919 0.0000e+00
       1969      2.969    14.9660   2.865550     2.3841     2.2455     0.0053  0.1961595      2.941    22.3813     5.7022     4.5959 0.0000e+00
       1970      2.991    14.9663   2.865493     2.3849     2.2461     0.0053  0.1962277      2.963    22.3806     5.7006     4.5999 0.0000e+00
       1971      3.013    14.9665   2.865442     2.3858     2.2466     0.0053  0.1962952      2.985    22.3801     5.6990     4.6035 0.0000e+00
       1972      3.036    14.9666   2.865395     2.3866     2.2472     0.0053  0.1963633      3.008    22.3796     5.6970     4.6073 0.0000e+00
       1973      3.058    14.9668   2.865353     2.3873     2.2478     0.0053  0.1964342      3.030    22.3791     5.6946     4.6107 0.0000e+00
       1974      3.081    14.9670   2.865315     2.3880     2.2485     0.0053  0.1965083      3.052    22.3787     5.6921     4.6143 0.0000e+00
       1975      3.103    14.9672   2.865282     2.3887     2.2491     0.0053  0.1965844      3.074    22.3783     5.6894     4.6174 0.0000e+00
       1976      3.125    14.9674   2.865253     2.3893     2.2498     0.0053  0.1966623      3.096    22.3779     5.6864     4.6206 0.0000e+00
       1977      3.148    14.9677   2.865227     2.3899     2.2504     0.0053  0.1967425      3.119    22.3775     5.6833     4.6233 0.0000e+00
       1978      3.170    14.9679   2.865204     2.3904     2.2511     0.0053  0.1968256      3.141    22.3772     5.6799     4.6262 0.0000e+00
       1979      3.192    14.9681   2.865184     2.3909     2.2518     0.0053  0.1969120      3.162    22.3769     5.6764     4.6288 0.0000e+00
       1980      3.215    14.9683   2.865165     2.3914     2.2525     0.0053  0.1970025      3.185    22.3766     5.6729     4.6312 0.0000e+00
       1981      3.237    14.9685   2.865147     2.3918     2.2532     0.0053  0.1970977      3.207    22.3764     5.6691     4.6335 0.0000e+00
       1982      3.260    14.9687   2.865127     2.3921     2.2538     0.0053  0.1971982      3.230    22.3761     5.6650     4.6354 0.0000e+00
       1983      3.282    14.9689   2.865105     2.3925     2.2545     0.0053  0.1973046      3.251    22.3757     5.6612     4.6373 0.0000e+00
       1984      3.305    14.9691   2.865081     2.3927     2.2552     0.0053  0.1974179      3.274    22.3754     5.6568     4.6391 0.0000e+00
       1985      3.327    14.9693   2.865054     2.3930     2.2559     0.0053  0.1975387      3.296    22.3751     5.6528     4.6407 0.0000e+00
       1986      3.350    14.9695   2.865026     2.3932     2.2565     0.0053  0.1976678      3.319    22.3747     5.6485     4.6419 0.0000e+00
       1987      3.372    14.9697   2.864995     2.3934     2.2572     0.0053  0.1978063      3.341    22.3743     5.6442     4.6433 0.0000e+00
       1988      3.395    14.9699   2.864963     2.3935     2.2578     0.0053  0.1979550      3.363    22.3739     5.6397     4.6442 0.0000e+00
       1989      3.417    14.9701   2.864929     2.3936     2.2584     0.0053  0.1981150      3.385    22.3735     5.6352     4.6450 0.0000e+00
       1990      3.440    14.9702   2.864892     2.3936     2.2590     0.0053  0.1982873      3.408    22.3731     5.6305     4.6457 0.0000e+00
       1991      3.462    14.9704   2.864850     2.3937     2.2596     0.0053  0.1984733      3.430    22.3727     5.6261     4.6463 0.0000e+00
       1992      3.484    14.9705   2.864805     2.3937     2.2602     0.0053  0.1986733      3.452    22.3722     5.6216     4.6468 0.0000e+00
       1993      3.507    14.9706   2.864754     2.3936     2.2608     0.0053  0.1988811      3.474    22.3717     5.6168     4.6472 0.0000e+00
       1994      3.530    14.9708   2.864698     2.3936     2.2614     0.0055  0.1990837      3.497    22.3711     5.6124     4.6474 0.0000e+00
       1995      3.552    14.9709   2.864639     2.3934     2.2619     0.0055  0.1992731      3.519    22.3705     5.6074     4.6474 0.0000e+00
       1996      3.575    14.9711   2.864575     2.3933     2.2625     0.0055  0.1994490      3.542    22.3699     5.6029     4.6475 0.0000e+00
       1997      3.597    14.9712   2.864508     2.3931     2.2630     0.0055  0.1996135      3.564    22.3692     5.5981     4.6472 0.0000e+00
       1998      3.620    14.9713   2.864439     2.3929     2.2635     0.0053  0.1997685      3.586    22.3686     5.5935     4.6469 0.0000e+00
       1999      3.642    14.9714   2.864367     2.3927     2.2640     0.0053  0.1999143      3.608    22.3679     5.5889     4.6465 0.0000e+00
       2000      3.665    14.9715   2.864291     2.3924     2.2644     0.0053  0.2000510      3.631    22.3672     5.5841     4.6458 0.0000e+00
