data/2021/ctd_data_day3/station7g.cnv
* Sea-Bird SBE 9 Data File:
* FileName = C:\Users\CTD-User\Desktop\MAR440\day3\station7g.hex
* Software Version Seasave V 7.26.2.13
* Temperature SN = 6313
* Conductivity SN = 4758
* Number of Bytes Per Scan = 37
* Number of Voltage Words = 4
* Number of Scans Averaged by the Deck Unit = 1
* NMEA Latitude = 58 18.80 N
* NMEA Longitude = 011 46.06 E
* NMEA UTC (Time) = Sep 23 2021 10:57:43
* NMEA baud rate = 4800
** Ship: Skagerrak
** Station: station7g
** Operator: Christina
# nquan = 9
# nvalues = 3543                                  
# units = specified
# name 0 = scan: Scan Count
# name 1 = prDM: Pressure, Digiquartz [db]
# name 2 = t090C: Temperature [ITS-90, deg C]
# name 3 = c0S/m: Conductivity [S/m]
# name 4 = sbeox0V: Oxygen raw, SBE 43 [V]
# name 5 = sbeox1V: Oxygen raw, SBE 43, 2 [V]
# name 6 = flECO-AFL: Fluorescence, WET Labs ECO-AFL/FL [mg/m^3]
# name 7 = upoly0: Upoly 0, Turbidity
# name 8 = flag:  0.000e+00
# span 0 =          1,       3543                 
# span 1 =      1.313,     39.126                 
# span 2 =     5.9224,    16.0572                 
# span 3 =   2.903987,   3.724249                 
# span 4 =     0.4954,     2.8742                 
# span 5 =     0.5504,     2.8181                 
# span 6 =     0.0033,     0.0139                 
# span 7 =  0.0859548,  0.1587265                 
# span 8 = 0.0000e+00, 0.0000e+00                 
# interval = seconds: 0.0416667
# start_time = Sep 23 2021 10:57:43 [NMEA time, header]
# bad_flag = -9.990e-29
*END*
          1      1.512    14.9116   2.925725     2.8742     2.8181     0.0042  0.1460281  0.000e+00
          2      1.545    14.9113   2.924698     2.8694     2.8156     0.0042  0.1460281  0.000e+00
          3      1.570    14.9113   2.923731     2.8657     2.8144     0.0042  0.1460281  0.000e+00
          4      1.512    14.9112   2.922929     2.8620     2.8120     0.0042  0.1460281  0.000e+00
          5      1.479    14.9114   2.922127     2.8584     2.8083     0.0042  0.1460281  0.000e+00
          6      1.512    14.9111   2.921325     2.8547     2.8059     0.0042  0.1460281  0.000e+00
          7      1.545    14.9107   2.920760     2.8510     2.8034     0.0042  0.1460281  0.000e+00
          8      1.446    14.9080   2.920518     2.8474     2.8010     0.0042  0.1460281  0.000e+00
          9      1.545    14.9045   2.920189     2.8437     2.7985     0.0042  0.1460281  0.000e+00
         10      1.446    14.9015   2.919848     2.8400     2.7949     0.0042  0.1460281  0.000e+00
         11      1.545    14.8979   2.919645     2.8339     2.7924     0.0042  0.1460281  0.000e+00
         12      1.446    14.8952   2.919843     2.8303     2.7900     0.0042  0.1460281  0.000e+00
         13      1.479    14.8929   2.920008     2.8278     2.7863     0.0042  0.1460281  0.000e+00
         14      1.446    14.8915   2.919898     2.8242     2.7839     0.0042  0.1460281  0.000e+00
         15      1.479    14.8891   2.919667     2.8193     2.7802     0.0042  0.1460281  0.000e+00
         16      1.446    14.8856   2.919640     2.8156     2.7778     0.0042  0.1460281  0.000e+00
         17      1.479    14.8827   2.919618     2.8120     2.7741     0.0042  0.1460281  0.000e+00
         18      1.446    14.8800   2.919338     2.8071     2.7705     0.0042  0.1460281  0.000e+00
         19      1.479    14.8780   2.919069     2.8034     2.7680     0.0042  0.1460281  0.000e+00
         20      1.446    14.8758   2.919102     2.7998     2.7643     0.0042  0.1460281  0.000e+00
         21      1.479    14.8734   2.919140     2.7961     2.7607     0.0042  0.1460281  0.000e+00
         22      1.446    14.8706   2.918976     2.7924     2.7582     0.0042  0.1460281  0.000e+00
         23      1.446    14.8689   2.918794     2.7888     2.7534     0.0046  0.1455397  0.000e+00
         24      1.479    14.8719   2.918882     2.7851     2.7497     0.0051  0.1445629  0.000e+00
         25      1.446    14.8766   2.918965     2.7802     2.7473     0.0051  0.1445629  0.000e+00
         26      1.479    14.8815   2.918674     2.7766     2.7436     0.0051  0.1445629  0.000e+00
         27      1.512    14.8859   2.918624     2.7729     2.7399     0.0051  0.1445629  0.000e+00
         28      1.421    14.8903   2.918706     2.7692     2.7363     0.0051  0.1445629  0.000e+00
         29      1.512    14.8944   2.918690     2.7656     2.7326     0.0051  0.1445629  0.000e+00
         30      1.479    14.8974   2.918536     2.7619     2.7277     0.0051  0.1445629  0.000e+00
         31      1.446    14.8984   2.918723     2.7582     2.7241     0.0051  0.1440745  0.000e+00
         32      1.545    14.8992   2.918975     2.7546     2.7204     0.0051  0.1445629  0.000e+00
         33      1.446    14.9004   2.919261     2.7509     2.7167     0.0051  0.1445629  0.000e+00
         34      1.479    14.9013   2.919683     2.7473     2.7131     0.0051  0.1445629  0.000e+00
         35      1.512    14.9019   2.920161     2.7436     2.7094     0.0051  0.1445629  0.000e+00
         36      1.479    14.9031   2.920529     2.7411     2.7057     0.0051  0.1445629  0.000e+00
         37      1.570    14.9035   2.920815     2.7363     2.7021     0.0051  0.1445629  0.000e+00
         38      1.479    14.9043   2.920886     2.7326     2.6984     0.0051  0.1445629  0.000e+00
         39      1.512    14.9054   2.920880     2.7302     2.6947     0.0051  0.1445629  0.000e+00
         40      1.545    14.9063   2.921007     2.7265     2.6899     0.0051  0.1445629  0.000e+00
         41      1.512    14.9067   2.921133     2.7216     2.6862     0.0051  0.1445629  0.000e+00
         42      1.512    14.9069   2.921095     2.7192     2.6825     0.0051  0.1445629  0.000e+00
         43      1.545    14.9077   2.920869     2.7155     2.6789     0.0051  0.1445629  0.000e+00
         44      1.512    14.9082   2.920677     2.7118     2.6752     0.0051  0.1445629  0.000e+00
         45      1.545    14.9084   2.920540     2.7082     2.6715     0.0051  0.1445629  0.000e+00
         46      1.512    14.9089   2.920238     2.7045     2.6679     0.0051  0.1445629  0.000e+00
         47      1.479    14.9090   2.919821     2.7021     2.6642     0.0051  0.1445629  0.000e+00
         48      1.512    14.9094   2.919277     2.6984     2.6593     0.0051  0.1445629  0.000e+00
         49      1.545    14.9097   2.918871     2.6960     2.6569     0.0046  0.1440745  0.000e+00
         50      1.512    14.9101   2.918273     2.6911     2.6532     0.0042  0.1435861  0.000e+00
         51      1.479    14.9104   2.917307     2.6874     2.6484     0.0042  0.1440745  0.000e+00
         52      1.512    14.9106   2.916703     2.6850     2.6459     0.0042  0.1440745  0.000e+00
         53      1.479    14.9109   2.916236     2.6813     2.6410     0.0042  0.1440745  0.000e+00
         54      1.512    14.9109   2.915386     2.6777     2.6386     0.0042  0.1440745  0.000e+00
         55      1.479    14.9111   2.914974     2.6752     2.6349     0.0042  0.1440745  0.000e+00
         56      1.446    14.9112   2.914513     2.6715     2.6313     0.0042  0.1435861  0.000e+00
         57      1.479    14.9111   2.914195     2.6691     2.6276     0.0042  0.1440745  0.000e+00
         58      1.446    14.9101   2.914261     2.6667     2.6239     0.0042  0.1440745  0.000e+00
         59      1.479    14.9077   2.913888     2.6630     2.6203     0.0042  0.1440745  0.000e+00
         60      1.389    14.9040   2.914020     2.6593     2.6166     0.0042  0.1440745  0.000e+00
         61      1.446    14.9018   2.913921     2.6569     2.6129     0.0042  0.1440745  0.000e+00
         62      1.479    14.9008   2.913899     2.6545     2.6093     0.0042  0.1440745  0.000e+00
         63      1.389    14.8999   2.913877     2.6508     2.6056     0.0042  0.1440745  0.000e+00
         64      1.421    14.8984   2.913696     2.6483     2.6020     0.0042  0.1435861  0.000e+00
         65      1.446    14.8984   2.913767     2.6447     2.5995     0.0042  0.1440745  0.000e+00
         66      1.421    14.8988   2.913625     2.6410     2.5958     0.0042  0.1440745  0.000e+00
         67      1.389    14.8986   2.913619     2.6398     2.5922     0.0042  0.1440745  0.000e+00
         68      1.421    14.8964   2.913504     2.6361     2.5885     0.0042  0.1440745  0.000e+00
         69      1.446    14.8906   2.913367     2.6337     2.5849     0.0042  0.1440745  0.000e+00
         70      1.364    14.8869   2.913471     2.6313     2.5824     0.0042  0.1440745  0.000e+00
         71      1.389    14.8876   2.913400     2.6288     2.5788     0.0042  0.1440745  0.000e+00
         72      1.421    14.8889   2.913477     2.6264     2.5751     0.0042  0.1440745  0.000e+00
         73      1.389    14.8900   2.913433     2.6227     2.5714     0.0042  0.1440745  0.000e+00
         74      1.479    14.8910   2.913521     2.6203     2.5690     0.0042  0.1435861  0.000e+00
         75      1.389    14.8916   2.913460     2.6178     2.5653     0.0042  0.1435861  0.000e+00
         76      1.421    14.8916   2.913482     2.6154     2.5617     0.0042  0.1435861  0.000e+00
         77      1.389    14.8912   2.913652     2.6129     2.5580     0.0042  0.1435861  0.000e+00
         78      1.421    14.8914   2.913740     2.6093     2.5556     0.0042  0.1435861  0.000e+00
         79      1.446    14.8912   2.914020     2.6081     2.5519     0.0042  0.1435861  0.000e+00
         80      1.364    14.8920   2.914310     2.6056     2.5494     0.0042  0.1435861  0.000e+00
         81      1.512    14.8930   2.914870     2.6032     2.5470     0.0042  0.1435861  0.000e+00
         82      1.446    14.8944   2.915441     2.6007     2.5433     0.0042  0.1435861  0.000e+00
         83      1.479    14.8956   2.915638     2.5983     2.5409     0.0042  0.1435861  0.000e+00
         84      1.446    14.8968   2.916072     2.5958     2.5372     0.0042  0.1435861  0.000e+00
         85      1.421    14.8977   2.916308     2.5934     2.5348     0.0042  0.1435861  0.000e+00
         86      1.512    14.8991   2.916341     2.5910     2.5324     0.0042  0.1435861  0.000e+00
         87      1.421    14.8999   2.916489     2.5885     2.5287     0.0042  0.1435861  0.000e+00
         88      1.512    14.9004   2.916511     2.5873     2.5262     0.0042  0.1435861  0.000e+00
         89      1.479    14.9005   2.916357     2.5849     2.5238     0.0042  0.1435861  0.000e+00
         90      1.446    14.9004   2.916418     2.5824     2.5201     0.0042  0.1435861  0.000e+00
         91      1.479    14.9008   2.916286     2.5812     2.5177     0.0042  0.1435861  0.000e+00
         92      1.512    14.9015   2.915962     2.5788     2.5153     0.0042  0.1435861  0.000e+00
         93      1.421    14.9016   2.915732     2.5763     2.5128     0.0042  0.1435861  0.000e+00
         94      1.512    14.9020   2.915155     2.5751     2.5104     0.0042  0.1435861  0.000e+00
         95      1.479    14.9019   2.914629     2.5714     2.5079     0.0042  0.1435861  0.000e+00
         96      1.446    14.9021   2.914129     2.5702     2.5055     0.0042  0.1435861  0.000e+00
         97      1.479    14.9025   2.913339     2.5690     2.5030     0.0042  0.1435861  0.000e+00
         98      1.446    14.9030   2.912840     2.5665     2.4994     0.0042  0.1435861  0.000e+00
         99      1.479    14.9035   2.912182     2.5641     2.4969     0.0042  0.1435861  0.000e+00
        100      1.446    14.9043   2.911836     2.5629     2.4945     0.0044  0.1430977  0.000e+00
        101      1.446    14.9043   2.911266     2.5604     2.4921     0.0042  0.1430977  0.000e+00
        102      1.479    14.9035   2.911102     2.5592     2.4896     0.0044  0.1430977  0.000e+00
        103      1.446    14.9021   2.910751     2.5568     2.4872     0.0042  0.1430977  0.000e+00
        104      1.422    14.9015   2.910718     2.5556     2.4847     0.0044  0.1430977  0.000e+00
        105      1.446    14.9015   2.910581     2.5531     2.4823     0.0044  0.1430977  0.000e+00
        106      1.364    14.9011   2.910712     2.5519     2.4799     0.0044  0.1430977  0.000e+00
        107      1.446    14.9009   2.910624     2.5494     2.4774     0.0044  0.1430977  0.000e+00
        108      1.422    14.9015   2.910685     2.5470     2.4750     0.0044  0.1430977  0.000e+00
        109      1.389    14.9020   2.910493     2.5458     2.4725     0.0044  0.1430977  0.000e+00
        110      1.422    14.9018   2.910602     2.5446     2.4701     0.0044  0.1430977  0.000e+00
        111      1.389    14.9003   2.910339     2.5421     2.4676     0.0044  0.1430977  0.000e+00
        112      1.364    14.8969   2.910334     2.5409     2.4652     0.0044  0.1430977  0.000e+00
        113      1.389    14.8937   2.910142     2.5397     2.4628     0.0044  0.1430977  0.000e+00
        114      1.422    14.8907   2.910147     2.5372     2.4603     0.0044  0.1430977  0.000e+00
        115      1.389    14.8881   2.909972     2.5360     2.4579     0.0044  0.1430977  0.000e+00
        116      1.422    14.8859   2.910230     2.5336     2.4554     0.0044  0.1430977  0.000e+00
        117      1.331    14.8837   2.910054     2.5324     2.4530     0.0044  0.1430977  0.000e+00
        118      1.422    14.8822   2.910241     2.5299     2.4518     0.0044  0.1430977  0.000e+00
        119      1.389    14.8819   2.910301     2.5299     2.4493     0.0044  0.1430977  0.000e+00
        120      1.389    14.8830   2.910466     2.5275     2.4469     0.0044  0.1430977  0.000e+00
        121      1.422    14.8857   2.910570     2.5262     2.4444     0.0044  0.1430977  0.000e+00
        122      1.389    14.8876   2.910663     2.5250     2.4432     0.0044  0.1430977  0.000e+00
        123      1.422    14.8891   2.910712     2.5238     2.4408     0.0044  0.1430977  0.000e+00
        124      1.389    14.8906   2.910718     2.5214     2.4383     0.0044  0.1430977  0.000e+00
        125      1.422    14.8927   2.910882     2.5201     2.4371     0.0044  0.1435861  0.000e+00
        126      1.446    14.8942   2.910992     2.5201     2.4359     0.0042  0.1440745  0.000e+00
        127      1.422    14.8952   2.911244     2.5177     2.4335     0.0042  0.1440745  0.000e+00
        128      1.446    14.8959   2.911442     2.5177     2.4322     0.0042  0.1440745  0.000e+00
        129      1.422    14.8972   2.911793     2.5165     2.4310     0.0042  0.1440745  0.000e+00
        130      1.446    14.8986   2.911990     2.5140     2.4298     0.0042  0.1440745  0.000e+00
        131      1.479    14.8998   2.912171     2.5140     2.4273     0.0042  0.1440745  0.000e+00
        132      1.446    14.9007   2.912358     2.5128     2.4273     0.0042  0.1440745  0.000e+00
        133      1.479    14.9008   2.912368     2.5116     2.4261     0.0042  0.1440745  0.000e+00
        134      1.446    14.9013   2.912549     2.5104     2.4249     0.0042  0.1440745  0.000e+00
        135      1.479    14.9023   2.912297     2.5092     2.4237     0.0042  0.1440745  0.000e+00
        136      1.446    14.9035   2.912451     2.5092     2.4237     0.0042  0.1440745  0.000e+00
        137      1.479    14.9047   2.912248     2.5079     2.4225     0.0042  0.1440745  0.000e+00
        138      1.512    14.9055   2.912264     2.5067     2.4212     0.0042  0.1440745  0.000e+00
        139      1.512    14.9063   2.912050     2.5055     2.4200     0.0042  0.1440745  0.000e+00
        140      1.422    14.9074   2.911913     2.5043     2.4200     0.0042  0.1440745  0.000e+00
        141      1.512    14.9079   2.911562     2.5043     2.4188     0.0042  0.1440745  0.000e+00
        142      1.479    14.9084   2.911315     2.5030     2.4188     0.0042  0.1440745  0.000e+00
        143      1.446    14.9084   2.910871     2.5018     2.4188     0.0042  0.1440745  0.000e+00
        144      1.479    14.9087   2.910646     2.5006     2.4188     0.0042  0.1440745  0.000e+00
        145      1.512    14.9090   2.910081     2.4994     2.4176     0.0042  0.1440745  0.000e+00
        146      1.422    14.9092   2.909824     2.4982     2.4176     0.0042  0.1440745  0.000e+00
        147      1.512    14.9092   2.909385     2.4969     2.4164     0.0042  0.1435861  0.000e+00
        148      1.479    14.9092   2.909171     2.4969     2.4164     0.0042  0.1440745  0.000e+00
        149      1.446    14.9096   2.908755     2.4957     2.4164     0.0042  0.1440745  0.000e+00
        150      1.479    14.9095   2.908524     2.4945     2.4151     0.0042  0.1440745  0.000e+00
        151      1.512    14.9094   2.908305     2.4933     2.4151     0.0042  0.1445629  0.000e+00
        152      1.422    14.9097   2.908020     2.4921     2.4139     0.0042  0.1450513  0.000e+00
        153      1.446    14.9097   2.908130     2.4921     2.4139     0.0042  0.1450513  0.000e+00
        154      1.422    14.9096   2.907982     2.4908     2.4139     0.0042  0.1450513  0.000e+00
        155      1.446    14.9087   2.907998     2.4896     2.4127     0.0042  0.1450513  0.000e+00
        156      1.479    14.9057   2.907982     2.4884     2.4127     0.0042  0.1450513  0.000e+00
        157      1.389    14.9021   2.907751     2.4872     2.4115     0.0042  0.1450513  0.000e+00
        158      1.422    14.8999   2.907834     2.4872     2.4115     0.0042  0.1450513  0.000e+00
        159      1.446    14.8966   2.907642     2.4860     2.4103     0.0042  0.1450513  0.000e+00
        160      1.446    14.8928   2.907713     2.4847     2.4090     0.0042  0.1450513  0.000e+00
