data/2021/ctd_data_day3/station5e_ctm_fil_le.cnv
* Sea-Bird SBE 9 Data File:
* FileName = C:\Users\CTD-User\Desktop\MAR440\day3\station5e.hex
* Software Version Seasave V 7.26.2.13
* Temperature SN = 6313
* Conductivity SN = 4758
* Number of Bytes Per Scan = 37
* Number of Voltage Words = 4
* Number of Scans Averaged by the Deck Unit = 1
* NMEA Latitude = 58 19.40 N
* NMEA Longitude = 011 49.94 E
* NMEA UTC (Time) = Sep 23 2021 10:10:37
* NMEA baud rate = 4800
** Ship: Skagerrak
** Station: station5e
** Operator: Tor
# nquan = 9
# nvalues = 1576                        
# units = specified
# name 0 = scan: Scan Count
# name 1 = prDM: Pressure, Digiquartz [db]
# name 2 = t090C: Temperature [ITS-90, deg C]
# name 3 = c0S/m: Conductivity [S/m]
# name 4 = sbeox0V: Oxygen raw, SBE 43 [V]
# name 5 = sbeox1V: Oxygen raw, SBE 43, 2 [V]
# name 6 = flECO-AFL: Fluorescence, WET Labs ECO-AFL/FL [mg/m^3]
# name 7 = upoly0: Upoly 0, Turbidity
# name 8 = flag:  0.000e+00
# span 0 =          1,       1576       
# span 1 =      0.452,     15.263       
# span 2 =    13.3677,    15.1846       
# span 3 =   2.949086,   3.431206       
# span 4 =     1.4032,     2.7953       
# span 5 =     1.4594,     2.6995       
# span 6 =     0.0040,     0.0090       
# span 7 =  0.0913729,  0.1588100       
# span 8 = 0.0000e+00, 0.0000e+00       
# interval = seconds: 0.0416667
# start_time = Sep 23 2021 10:10:37 [NMEA time, header]
# bad_flag = -9.990e-29
*END*
[from data line 1441]
       1442     14.470    13.7780   3.414897     1.7108     1.6367     0.0046  0.0920815 0.0000e+00
       1443     14.484    13.7739   3.414606     1.7049     1.6316     0.0046  0.0920619 0.0000e+00
       1444     14.498    13.7709   3.414317     1.6990     1.6266     0.0046  0.0920431 0.0000e+00
       1445     14.511    13.7693   3.414025     1.6932     1.6217     0.0046  0.0920243 0.0000e+00
       1446     14.523    13.7691   3.413729     1.6875     1.6168     0.0046  0.0920060 0.0000e+00
       1447     14.535    13.7704   3.413425     1.6818     1.6120     0.0046  0.0919890 0.0000e+00
       1448     14.547    13.7730   3.413113     1.6762     1.6073     0.0046  0.0919733 0.0000e+00
       1449     14.558    13.7768   3.412785     1.6707     1.6027     0.0046  0.0919586 0.0000e+00
       1450     14.569    13.7814   3.412439     1.6653     1.5981     0.0046  0.0919441 0.0000e+00
       1451     14.580    13.7864   3.412069     1.6599     1.5936     0.0046  0.0919288 0.0000e+00
       1452     14.591    13.7911   3.411671     1.6546     1.5891     0.0046  0.0919135 -9.990e-29
       1453     14.601    13.7952   3.411245     1.6493     1.5847     0.0046  0.0918979 -9.990e-29
       1454     14.610    13.7984   3.410790     1.6441     1.5804     0.0046  0.0918813 -9.990e-29
       1455     14.619    13.8006   3.410310     1.6390     1.5762     0.0046  0.0918642 -9.990e-29
       1456     14.628    13.8020   3.409811     1.6339     1.5720     0.0046  0.0918475 -9.990e-29
       1457     14.637    13.8028   3.409297     1.6289     1.5679     0.0046  0.0918301 -9.990e-29
       1458     14.645    13.8033   3.408763     1.6240     1.5639     0.0046  0.0918104 -9.990e-29
       1459     14.653    13.8039   3.408202     1.6191     1.5599     0.0046  0.0917880 -9.990e-29
       1460     14.660    13.8048   3.407604     1.6143     1.5560     0.0046  0.0917646 -9.990e-29
       1461     14.668    13.8060   3.406962     1.6095     1.5521     0.0046  0.0917408 -9.990e-29
       1462     14.675    13.8078   3.406270     1.6048     1.5484     0.0046  0.0917165 -9.990e-29
       1463     14.682    13.8102   3.405523     1.6002     1.5447     0.0046  0.0916915 -9.990e-29
       1464     14.689    13.8133   3.404715     1.5956     1.5410     0.0046  0.0916657 -9.990e-29
       1465     14.696    13.8173   3.403843     1.5911     1.5374     0.0048  0.0916396 -9.990e-29
       1466     14.703    13.8222   3.402908     1.5867     1.5339     0.0048  0.0916149 -9.990e-29
       1467     14.710    13.8279   3.401922     1.5823     1.5305     0.0048  0.0915922 -9.990e-29
       1468     14.717    13.8338   3.400919     1.5780     1.5271     0.0048  0.0915713 -9.990e-29
       1469     14.723    13.8392   3.399930     1.5737     1.5238     0.0048  0.0915522 -9.990e-29
       1470     14.729    13.8441   3.398973     1.5695     1.5206     0.0048  0.0915346 -9.990e-29
       1471     14.735    13.8483   3.398053     1.5653     1.5174     0.0048  0.0915184 -9.990e-29
       1472     14.741    13.8517   3.397174     1.5612     1.5143     0.0048  0.0915036 -9.990e-29
       1473     14.747    13.8540   3.396345     1.5572     1.5113     0.0048  0.0914900 -9.990e-29
       1474     14.753    13.8552   3.395574     1.5532     1.5084     0.0048  0.0914775 -9.990e-29
       1475     14.759    13.8551   3.394866     1.5493     1.5055     0.0048  0.0914660 -9.990e-29
       1476     14.765    13.8536   3.394229     1.5455     1.5028     0.0048  0.0914556 -9.990e-29
       1477     14.771    13.8506   3.393673     1.5417     1.5000     0.0048  0.0914460 -9.990e-29
       1478     14.776    13.8460   3.393211     1.5380     1.4974     0.0048  0.0914373 -9.990e-29
       1479     14.782    13.8399   3.392857     1.5343     1.4948     0.0048  0.0914293 -9.990e-29
       1480     14.788    13.8323   3.392617     1.5306     1.4923     0.0048  0.0914220 -9.990e-29
       1481     14.793    13.8235   3.392479     1.5270     1.4899     0.0048  0.0914154 -9.990e-29
       1482     14.799    13.8140   3.392413     1.5235     1.4876     0.0048  0.0914094 -9.990e-29
       1483     14.805    13.8043   3.392382     1.5201     1.4853     0.0048  0.0914040 -9.990e-29
       1484     14.810    13.7946   3.392357     1.5166     1.4831     0.0048  0.0913991 -9.990e-29
       1485     14.816    13.7855   3.392310     1.5133     1.4810     0.0048  0.0913947 -9.990e-29
       1486     14.821    13.7774   3.392216     1.5100     1.4790     0.0048  0.0913908 -9.990e-29
       1487     14.827    13.7705   3.392061     1.5068     1.4771     0.0048  0.0913873 -9.990e-29
       1488     14.833    13.7647   3.391846     1.5036     1.4752     0.0048  0.0913843 -9.990e-29
       1489     14.839    13.7600   3.391582     1.5005     1.4735     0.0048  0.0913816 -9.990e-29
       1490     14.845    13.7566   3.391273     1.4974     1.4718     0.0048  0.0913793 -9.990e-29
       1491     14.851    13.7543   3.390922     1.4944     1.4703     0.0048  0.0913774 -9.990e-29
       1492     14.856    13.7530   3.390536     1.4914     1.4688     0.0048  0.0913758 -9.990e-29
       1493     14.862    13.7527   3.390124     1.4885     1.4674     0.0048  0.0913746 -9.990e-29
       1494     14.868    13.7531   3.389702     1.4857     1.4661     0.0048  0.0913737 -9.990e-29
       1495     14.874    13.7540   3.389284     1.4829     1.4650     0.0048  0.0913731 -9.990e-29
       1496     14.880    13.7550   3.388888     1.4801     1.4639     0.0048  0.0913729 -9.990e-29
       1497     14.886    13.7558   3.388526     1.4775     1.4630     0.0048  0.0913729 -9.990e-29
       1498     14.892    13.7564   3.388196     1.4749     1.4621     0.0048  0.0913733 -9.990e-29
       1499     14.898    13.7570   3.387892     1.4723     1.4614     0.0048  0.0913740 -9.990e-29
       1500     14.904    13.7573   3.387616     1.4698     1.4608     0.0048  0.0913750 -9.990e-29
       1501     14.910    13.7572   3.387377     1.4674     1.4603     0.0048  0.0913764 -9.990e-29
       1502     14.916    13.7567   3.387176     1.4650     1.4599     0.0048  0.0913781 -9.990e-29
       1503     14.922    13.7559   3.387008     1.4626     1.4596     0.0048  0.0913801 -9.990e-29
       1504     14.928    13.7548   3.386867     1.4604     1.4595     0.0048  0.0913825 -9.990e-29
       1505     14.934    13.7534   3.386754     1.4581     1.4594     0.0048  0.0913853 -9.990e-29
       1506     14.940    13.7518   3.386679     1.4560     1.4594     0.0048  0.0913885 -9.990e-29
       1507     14.946    13.7499   3.386646     1.4539     1.4596     0.0048  0.0913922 -9.990e-29
       1508     14.952    13.7479   3.386649     1.4519     1.4598     0.0048  0.0913963 -9.990e-29
       1509     14.958    13.7460   3.386665     1.4499     1.4601     0.0048  0.0914008 -9.990e-29
       1510     14.964    13.7447   3.386670     1.4480     1.4605     0.0048  0.0914050 -9.990e-29
       1511     14.970    13.7441   3.386647     1.4462     1.4610     0.0048  0.0914081 -9.990e-29
       1512     14.976    13.7440   3.386585     1.4444     1.4616     0.0048  0.0914109 -9.990e-29
       1513     14.982    13.7446   3.386488     1.4427     1.4622     0.0048  0.0914143 -9.990e-29
       1514     14.988    13.7456   3.386364     1.4410     1.4629     0.0048  0.0914182 -9.990e-29
       1515     14.994    13.7466   3.386232     1.4394     1.4636     0.0048  0.0914228 -9.990e-29
       1516     15.000    13.7474   3.386109     1.4379     1.4644     0.0049  0.0914281 -9.990e-29
       1517     15.006    13.7478   3.386015     1.4364     1.4652     0.0049  0.0914332 -9.990e-29
       1518     15.011    13.7476   3.385963     1.4349     1.4661     0.0049  0.0914374 -9.990e-29
       1519     15.017    13.7462   3.385964     1.4336     1.4669     0.0049  0.0914415 -9.990e-29
       1520     15.023    13.7435   3.386035     1.4323     1.4678     0.0049  0.0914455 -9.990e-29
       1521     15.028    13.7391   3.386197     1.4310     1.4687     0.0049  0.0914487 -9.990e-29
       1522     15.034    13.7327   3.386483     1.4298     1.4696     0.0049  0.0914518 -9.990e-29
       1523     15.040    13.7242   3.386920     1.4286     1.4705     0.0049  0.0914558 -9.990e-29
       1524     15.046    13.7136   3.387527     1.4275     1.4713     0.0049  0.0914607 -9.990e-29
       1525     15.052    13.7009   3.388311     1.4264     1.4722     0.0049  0.0914666 -9.990e-29
       1526     15.057    13.6862   3.389271     1.4254     1.4730     0.0049  0.0914734 -9.990e-29
       1527     15.063    13.6697   3.390392     1.4244     1.4738     0.0049  0.0914812 -9.990e-29
       1528     15.069    13.6522   3.391647     1.4234     1.4746     0.0049  0.0914901 -9.990e-29
       1529     15.075    13.6341   3.393003     1.4225     1.4753     0.0049  0.0915001 -9.990e-29
       1530     15.080    13.6162   3.394417     1.4216     1.4760     0.0049  0.0915105 -9.990e-29
       1531     15.086    13.5989   3.395849     1.4207     1.4767     0.0049  0.0915204 -9.990e-29
       1532     15.091    13.5824   3.397273     1.4199     1.4773     0.0049  0.0915309 -9.990e-29
       1533     15.097    13.5665   3.398675     1.4190     1.4778     0.0049  0.0915428 -9.990e-29
       1534     15.102    13.5515   3.400048     1.4183     1.4784     0.0049  0.0915544 -9.990e-29
       1535     15.108    13.5374   3.401383     1.4175     1.4788     0.0049  0.0915643 -9.990e-29
       1536     15.114    13.5243   3.402665     1.4168     1.4792     0.0049  0.0915741 -9.990e-29
       1537     15.119    13.5122   3.403881     1.4161     1.4796     0.0049  0.0915856 -9.990e-29
       1538     15.125    13.5012   3.405024     1.4154     1.4799     0.0049  0.0915989 -9.990e-29
       1539     15.131    13.4911   3.406093     1.4148     1.4802     0.0049  0.0916141 -9.990e-29
       1540     15.136    13.4820   3.407092     1.4142     1.4804     0.0049  0.0916313 -9.990e-29
       1541     15.142    13.4736   3.408022     1.4136     1.4806     0.0049  0.0916498 -9.990e-29
       1542     15.147    13.4660   3.408887     1.4130     1.4807     0.0048  0.0916680 -9.990e-29
       1543     15.153    13.4590   3.409692     1.4124     1.4808     0.0048  0.0916843 -9.990e-29
       1544     15.158    13.4526   3.410446     1.4119     1.4809     0.0048  0.0916979 -9.990e-29
       1545     15.164    13.4466   3.411152     1.4114     1.4809     0.0048  0.0917091 -9.990e-29
       1546     15.169    13.4410   3.411815     1.4109     1.4809     0.0048  0.0917178 -9.990e-29
       1547     15.174    13.4357   3.412438     1.4104     1.4809     0.0048  0.0917250 -9.990e-29
       1548     15.179    13.4307   3.413024     1.4099     1.4808     0.0048  0.0917316 -9.990e-29
       1549     15.184    13.4260   3.413574     1.4095     1.4808     0.0048  0.0917367 -9.990e-29
       1550     15.189    13.4216   3.414093     1.4090     1.4807     0.0048  0.0917396 -9.990e-29
       1551     15.194    13.4175   3.414585     1.4086     1.4806     0.0048  0.0917411 -9.990e-29
       1552     15.199    13.4135   3.415052     1.4082     1.4805     0.0048  0.0917420 -9.990e-29
       1553     15.204    13.4096   3.415499     1.4078     1.4803     0.0048  0.0917425 -9.990e-29
       1554     15.208    13.4058   3.415926     1.4074     1.4802     0.0048  0.0917425 -9.990e-29
       1555     15.212    13.4022   3.416337     1.4071     1.4800     0.0048  0.0917419 -9.990e-29
       1556     15.217    13.3988   3.416730     1.4067     1.4798     0.0048  0.0917400 -9.990e-29
       1557     15.221    13.3957   3.417106     1.4064     1.4796     0.0048  0.0917359 -9.990e-29
       1558     15.225    13.3928   3.417466     1.4061     1.4794     0.0048  0.0917303 -9.990e-29
       1559     15.228    13.3901   3.417809     1.4058     1.4792     0.0048  0.0917242 -9.990e-29
       1560     15.232    13.3875   3.418138     1.4055     1.4789     0.0048  0.0917166 -9.990e-29
       1561     15.236    13.3849   3.418453     1.4052     1.4787     0.0048  0.0917066 -9.990e-29
       1562     15.239    13.3823   3.418754     1.4050     1.4784     0.0048  0.0916950 -9.990e-29
       1563     15.242    13.3798   3.419042     1.4048     1.4782     0.0048  0.0916825 -9.990e-29
       1564     15.245    13.3775   3.419315     1.4046     1.4779     0.0048  0.0916692 -9.990e-29
       1565     15.247    13.3753   3.419572     1.4044     1.4776     0.0048  0.0916548 -9.990e-29
       1566     15.250    13.3733   3.419812     1.4042     1.4773     0.0048  0.0916393 -9.990e-29
       1567     15.252    13.3716   3.420033     1.4040     1.4770     0.0049  0.0916234 -9.990e-29
       1568     15.254    13.3700   3.420235     1.4039     1.4768     0.0049  0.0916087 -9.990e-29
       1569     15.256    13.3689   3.420413     1.4037     1.4765     0.0049  0.0915960 -9.990e-29
       1570     15.257    13.3682   3.420565     1.4036     1.4762     0.0049  0.0915851 -9.990e-29
       1571     15.259    13.3679   3.420688     1.4035     1.4759     0.0049  0.0915761 -9.990e-29
       1572     15.260    13.3678   3.420785     1.4034     1.4757     0.0049  0.0915687 -9.990e-29
       1573     15.262    13.3678   3.420859     1.4033     1.4755     0.0049  0.0915631 -9.990e-29
       1574     15.262    13.3678   3.420911     1.4033     1.4753     0.0049  0.0915591 -9.990e-29
       1575     15.263    13.3677   3.420944     1.4032     1.4752     0.0049  0.0915567 -9.990e-29
       1576     15.263    13.3677   3.420955     1.4032     1.4752     0.0049  0.0915559 -9.990e-29
