data/2021/ctd_data_day3/station4d.cnv
* Sea-Bird SBE 9 Data File:
* FileName = C:\Users\CTD-User\Desktop\MAR440\day3\station4d.hex
* Software Version Seasave V 7.26.2.13
* Temperature SN = 6313
* Conductivity SN = 4758
* Number of Bytes Per Scan = 37
* Number of Voltage Words = 4
* Number of Scans Averaged by the Deck Unit = 1
* NMEA Latitude = 58 19.57 N
* NMEA Longitude = 011 50.76 E
* NMEA UTC (Time) = Sep 23 2021 09:22:13
* NMEA baud rate = 4800
** Ship: Skagerrak
** Station: station4D
** Operator: Nicolas
# nquan = 9
# nvalues = 1887                                  
# units = specified
# name 0 = scan: Scan Count
# name 1 = prDM: Pressure, Digiquartz [db]
# name 2 = t090C: Temperature [ITS-90, deg C]
# name 3 = c0S/m: Conductivity [S/m]
# name 4 = sbeox0V: Oxygen raw, SBE 43 [V]
# name 5 = sbeox1V: Oxygen raw, SBE 43, 2 [V]
# name 6 = flECO-AFL: Fluorescence, WET Labs ECO-AFL/FL [mg/m^3]
# name 7 = upoly0: Upoly 0, Turbidity
# name 8 = flag:  0.000e+00
# span 0 =          1,       1887                 
# span 1 =      0.634,     12.935                 
# span 2 =    13.8096,    15.8465                 
# span 3 =   2.926118,   3.394647                 
# span 4 =     1.6324,     2.7485                 
# span 5 =     1.6288,     2.6423                 
# span 6 =     0.0037,     0.0101                 
# span 7 =  0.0893736,  0.1592149                 
# span 8 = 0.0000e+00, 0.0000e+00                 
# interval = seconds: 0.0416667
# start_time = Sep 23 2021 09:22:13 [NMEA time, header]
# bad_flag = -9.990e-29
*END*
[from data line 161]
        162      8.149    14.9030   2.928519     1.8291     1.8632     0.0055  0.1406557  0.000e+00
        163      8.033    14.9276   2.934523     1.8291     1.8632     0.0055  0.1411441  0.000e+00
        164      8.132    14.9770   2.945829     1.8303     1.8645     0.0053  0.1411441  0.000e+00
        165      8.033    15.0211   2.957151     1.8339     1.8657     0.0055  0.1416325  0.000e+00
        166      8.091    15.0450   2.963779     1.8559     1.8669     0.0053  0.1416325  0.000e+00
        167      8.008    15.0560   2.965965     1.8632     1.8706     0.0053  0.1416325  0.000e+00
        168      8.033    15.0624   2.966866     1.8584     1.8706     0.0053  0.1416325  0.000e+00
        169      8.066    15.0710   2.967749     1.8584     1.8718     0.0053  0.1416325  0.000e+00
        170      7.967    15.0786   2.968390     1.8571     1.8730     0.0053  0.1416325  0.000e+00
        171      7.967    15.0879   2.969064     1.8584     1.8755     0.0053  0.1416325  0.000e+00
        172      8.008    15.0887   2.969174     1.8584     1.8767     0.0055  0.1416325  0.000e+00
        173      7.909    15.0850   2.969014     1.8584     1.8779     0.0055  0.1416325  0.000e+00
        174      7.966    15.0854   2.969152     1.8584     1.8791     0.0053  0.1416325  0.000e+00
        175      7.942    15.0872   2.969694     1.8584     1.8816     0.0055  0.1416325  0.000e+00
        176      7.909    15.0883   2.970152     1.8584     1.8828     0.0053  0.1416325  0.000e+00
        177      7.909    15.0827   2.969721     1.8571     1.8840     0.0053  0.1416325  0.000e+00
        178      7.941    15.0772   2.969031     1.8584     1.8864     0.0053  0.1416325  0.000e+00
        179      7.842    15.0768   2.968860     1.8584     1.8889     0.0055  0.1416325  0.000e+00
        180      7.908    15.0798   2.969384     1.8596     1.8913     0.0055  0.1416325  0.000e+00
        181      7.818    15.0837   2.970031     1.8620     1.8950     0.0055  0.1416325  0.000e+00
        182      7.842    15.0806   2.969727     1.8632     1.8999     0.0053  0.1416325  0.000e+00
        183      7.842    15.0717   2.968622     1.8657     1.9023     0.0053  0.1416325  0.000e+00
        184      7.817    15.0677   2.968036     1.8681     1.9072     0.0053  0.1416325  0.000e+00
        185      7.784    15.0682   2.968086     1.8706     1.9133     0.0055  0.1421209  0.000e+00
        186      7.784    15.0682   2.968180     1.8779     1.9194     0.0057  0.1435861  0.000e+00
        187      7.817    15.0678   2.968213     1.8803     1.9255     0.0057  0.1440745  0.000e+00
        188      7.726    15.0683   2.968097     1.8852     1.9341     0.0057  0.1440745  0.000e+00
        189      7.784    15.0707   2.968158     1.8925     1.9426     0.0057  0.1440745  0.000e+00
        190      7.759    15.0724   2.968578     1.8999     1.9512     0.0057  0.1440745  0.000e+00
        191      7.726    15.0761   2.968926     1.9072     1.9597     0.0057  0.1440745  0.000e+00
        192      7.660    15.0768   2.969058     1.9145     1.9695     0.0057  0.1440745  0.000e+00
        193      7.759    15.0763   2.969081     1.9206     1.9792     0.0057  0.1440745  0.000e+00
        194      7.660    15.0775   2.969163     1.9304     1.9902     0.0057  0.1440745  0.000e+00
        195      7.635    15.0778   2.969528     1.9389     2.0012     0.0057  0.1440745  0.000e+00
        196      7.726    15.0798   2.969677     1.9487     2.0122     0.0057  0.1440745  0.000e+00
        197      7.660    15.0856   2.970208     1.9609     2.0232     0.0057  0.1440745  0.000e+00
        198      7.577    15.0920   2.970876     1.9683     2.0354     0.0057  0.1440745  0.000e+00
        199      7.660    15.0948   2.971357     1.9780     2.0464     0.0057  0.1440745  0.000e+00
        200      7.602    15.0968   2.971396     1.9902     2.0586     0.0057  0.1440745  0.000e+00
        201      7.577    15.0967   2.971456     2.0012     2.0696     0.0057  0.1440745  0.000e+00
        202      7.602    15.0962   2.971484     2.0147     2.0818     0.0057  0.1440745  0.000e+00
        203      7.602    15.0960   2.971606     2.0256     2.0928     0.0055  0.1440745  0.000e+00
        204      7.511    15.0923   2.971357     2.0391     2.1050     0.0055  0.1440745  0.000e+00
        205      7.602    15.0899   2.971092     2.0501     2.1148     0.0057  0.1440745  0.000e+00
        206      7.478    15.0920   2.971252     2.0611     2.1258     0.0057  0.1440745  0.000e+00
        207      7.511    15.0939   2.971423     2.0733     2.1368     0.0057  0.1440745  0.000e+00
        208      7.536    15.0935   2.971412     2.0818     2.1478     0.0057  0.1440745  0.000e+00
        209      7.478    15.0940   2.971650     2.0928     2.1587     0.0057  0.1440745  0.000e+00
        210      7.511    15.0972   2.971921     2.1050     2.1697     0.0057  0.1440745  0.000e+00
        211      7.412    15.0970   2.972081     2.1172     2.1795     0.0057  0.1450513  0.000e+00
        212      7.453    15.0960   2.971865     2.1294     2.1893     0.0057  0.1460281  0.000e+00
        213      7.478    15.0950   2.971954     2.1453     2.2003     0.0057  0.1465165  0.000e+00
        214      7.412    15.0943   2.971882     2.1624     2.2088     0.0057  0.1465165  0.000e+00
        215      7.395    15.0967   2.971882     2.1734     2.2186     0.0057  0.1465165  0.000e+00
        216      7.412    15.1024   2.972584     2.1868     2.2271     0.0057  0.1465165  0.000e+00
        217      7.411    15.1088   2.973451     2.1978     2.2369     0.0057  0.1465165  0.000e+00
        218      7.329    15.1110   2.974059     2.2076     2.2454     0.0057  0.1460281  0.000e+00
        219      7.354    15.1102   2.974458     2.2174     2.2540     0.0057  0.1465165  0.000e+00
        220      7.354    15.1085   2.974131     2.2296     2.2625     0.0057  0.1465165  0.000e+00
        221      7.329    15.1063   2.973789     2.2393     2.2711     0.0057  0.1465165  0.000e+00
        222      7.354    15.1042   2.973595     2.2491     2.2784     0.0057  0.1465165  0.000e+00
        223      7.296    15.1041   2.973219     2.2589     2.2870     0.0057  0.1465165  0.000e+00
        224      7.271    15.1046   2.973092     2.2674     2.2943     0.0057  0.1465165  0.000e+00
        225      7.296    15.1053   2.973208     2.2784     2.3016     0.0057  0.1465165  0.000e+00
        226      7.230    15.1061   2.973208     2.2882     2.3089     0.0057  0.1465165  0.000e+00
        227      7.271    15.1070   2.973280     2.2979     2.3163     0.0055  0.1465165  0.000e+00
        228      7.230    15.1070   2.973391     2.3053     2.3236     0.0057  0.1460281  0.000e+00
        229      7.271    15.1068   2.973435     2.3126     2.3309     0.0057  0.1465165  0.000e+00
        230      7.172    15.1070   2.973319     2.3224     2.3370     0.0057  0.1470049  0.000e+00
        231      7.229    15.1067   2.973319     2.3321     2.3443     0.0055  0.1465165  0.000e+00
        232      7.147    15.1067   2.973269     2.3395     2.3517     0.0057  0.1465165  0.000e+00
        233      7.172    15.1070   2.973252     2.3468     2.3578     0.0057  0.1465165  0.000e+00
        234      7.172    15.1077   2.973374     2.3541     2.3639     0.0057  0.1465165  0.000e+00
        235      7.147    15.1078   2.973479     2.3627     2.3700     0.0057  0.1465165  0.000e+00
        236      7.106    15.1078   2.973418     2.3712     2.3761     0.0062  0.1460281  0.000e+00
        237      7.106    15.1075   2.973391     2.3773     2.3822     0.0090  0.1455397  0.000e+00
        238      7.147    15.1078   2.973490     2.3859     2.3871     0.0099  0.1450513  0.000e+00
        239      7.105    15.1077   2.973485     2.3907     2.3932     0.0101  0.1445629  0.000e+00
        240      7.081    15.1075   2.973512     2.3993     2.3981     0.0099  0.1450513  0.000e+00
        241      7.048    15.1073   2.973507     2.4066     2.4042     0.0099  0.1450513  0.000e+00
        242      6.990    15.1073   2.973501     2.4115     2.4091     0.0099  0.1450513  0.000e+00
        243      7.080    15.1082   2.973501     2.4176     2.4139     0.0099  0.1450513  0.000e+00
        244      7.047    15.1085   2.973601     2.4249     2.4188     0.0099  0.1450513  0.000e+00
        245      6.990    15.1092   2.973739     2.4323     2.4237     0.0099  0.1450513  0.000e+00
        246      6.965    15.1099   2.973733     2.4371     2.4286     0.0099  0.1450513  0.000e+00
        247      6.990    15.1104   2.973739     2.4420     2.4323     0.0099  0.1450513  0.000e+00
        248      6.990    15.1105   2.973999     2.4481     2.4371     0.0099  0.1450513  0.000e+00
        249      6.965    15.1109   2.973910     2.4542     2.4408     0.0099  0.1450513  0.000e+00
        250      6.924    15.1117   2.973943     2.4616     2.4457     0.0099  0.1450513  0.000e+00
        251      6.899    15.1121   2.974070     2.4652     2.4494     0.0099  0.1450513  0.000e+00
        252      6.923    15.1119   2.974087     2.4701     2.4530     0.0099  0.1450513  0.000e+00
        253      6.923    15.1117   2.974225     2.4750     2.4567     0.0099  0.1450513  0.000e+00
        254      6.841    15.1114   2.974087     2.4787     2.4603     0.0099  0.1450513  0.000e+00
        255      6.866    15.1112   2.974026     2.4860     2.4640     0.0099  0.1450513  0.000e+00
        256      6.866    15.1104   2.974043     2.4896     2.4677     0.0099  0.1450513  0.000e+00
        257      6.841    15.1097   2.973905     2.4933     2.4713     0.0099  0.1450513  0.000e+00
        258      6.800    15.1094   2.973794     2.4982     2.4738     0.0099  0.1450513  0.000e+00
        259      6.799    15.1083   2.973877     2.5031     2.4774     0.0099  0.1450513  0.000e+00
        260      6.775    15.1073   2.973788     2.5092     2.4799     0.0099  0.1450513  0.000e+00
        261      6.799    15.1072   2.973601     2.5128     2.4835     0.0099  0.1450513  0.000e+00
        262      6.717    15.1073   2.973617     2.5153     2.4860     0.0077  0.1465165  0.000e+00
        263      6.799    15.1073   2.973639     2.5190     2.4897     0.0057  0.1479817  0.000e+00
        264      6.676    15.1075   2.973556     2.5251     2.4921     0.0053  0.1484701  0.000e+00
        265      6.717    15.1070   2.973628     2.5287     2.4958     0.0053  0.1484701  0.000e+00
        266      6.741    15.1058   2.973540     2.5312     2.4970     0.0055  0.1484701  0.000e+00
        267      6.675    15.1050   2.973352     2.5336     2.4994     0.0055  0.1484701  0.000e+00
        268      6.659    15.1048   2.973241     2.5373     2.5019     0.0055  0.1484701  0.000e+00
        269      6.618    15.1046   2.973120     2.5422     2.5055     0.0055  0.1484701  0.000e+00
        270      6.659    15.1045   2.972688     2.5470     2.5067     0.0055  0.1484701  0.000e+00
        271      6.618    15.1049   2.972705     2.5483     2.5092     0.0055  0.1484701  0.000e+00
        272      6.560    15.1050   2.973125     2.5519     2.5116     0.0055  0.1484701  0.000e+00
        273      6.593    15.1053   2.973186     2.5544     2.5141     0.0055  0.1484701  0.000e+00
        274      6.560    15.1055   2.973313     2.5592     2.5165     0.0055  0.1484701  0.000e+00
        275      6.560    15.1053   2.973236     2.5617     2.5177     0.0055  0.1484701  0.000e+00
        276      6.469    15.1045   2.973153     2.5641     2.5202     0.0055  0.1484701  0.000e+00
        277      6.560    15.1033   2.973203     2.5666     2.5226     0.0055  0.1484701  0.000e+00
        278      6.494    15.1022   2.972954     2.5690     2.5238     0.0053  0.1484701  0.000e+00
        279      6.469    15.1018   2.972738     2.5727     2.5263     0.0055  0.1484701  0.000e+00
        280      6.436    15.1013   2.972699     2.5763     2.5275     0.0055  0.1484701  0.000e+00
        281      6.469    15.1014   2.972716     2.5776     2.5299     0.0055  0.1484701  0.000e+00
        282      6.370    15.1018   2.972622     2.5812     2.5312     0.0055  0.1484701  0.000e+00
        283      6.436    15.1026   2.972688     2.5824     2.5336     0.0055  0.1484701  0.000e+00
        284      6.345    15.1034   2.972849     2.5861     2.5348     0.0055  0.1484701  0.000e+00
        285      6.370    15.1038   2.972893     2.5873     2.5373     0.0055  0.1484701  0.000e+00
        286      6.312    15.1033   2.972976     2.5873     2.5385     0.0055  0.1484701  0.000e+00
        287      6.345    15.1026   2.973064     2.5910     2.5397     0.0055  0.1479817  0.000e+00
        288      6.312    15.1015   2.972793     2.5934     2.5422     0.0057  0.1470049  0.000e+00
        289      6.287    15.0987   2.972661     2.5959     2.5434     0.0057  0.1465165  0.000e+00
        290      6.254    15.0968   2.972395     2.5971     2.5446     0.0057  0.1465165  0.000e+00
        291      6.254    15.0965   2.971998     2.5971     2.5458     0.0057  0.1465165  0.000e+00
        292      6.229    15.0953   2.971859     2.5995     2.5470     0.0057  0.1465165  0.000e+00
        293      6.254    15.0950   2.971821     2.6056     2.5495     0.0057  0.1465165  0.000e+00
        294      6.163    15.0947   2.971771     2.6056     2.5507     0.0057  0.1465165  0.000e+00
        295      6.188    15.0941   2.971638     2.6056     2.5519     0.0057  0.1465165  0.000e+00
        296      6.130    15.0945   2.971716     2.6069     2.5531     0.0057  0.1465165  0.000e+00
        297      6.163    15.0950   2.971716     2.6105     2.5544     0.0057  0.1470049  0.000e+00
        298      6.064    15.0953   2.971600     2.6118     2.5556     0.0057  0.1465165  0.000e+00
        299      6.130    15.0948   2.971815     2.6130     2.5568     0.0057  0.1465165  0.000e+00
        300      6.039    15.0944   2.971876     2.6130     2.5580     0.0057  0.1465165  0.000e+00
        301      6.064    15.0940   2.971721     2.6142     2.5593     0.0057  0.1465165  0.000e+00
        302      6.039    15.0933   2.971616     2.6154     2.5605     0.0057  0.1470049  0.000e+00
        303      6.006    15.0930   2.971533     2.6203     2.5617     0.0057  0.1465165  0.000e+00
        304      5.948    15.0925   2.971384     2.6203     2.5629     0.0057  0.1465165  0.000e+00
        305      5.981    15.0916   2.971030     2.6203     2.5641     0.0057  0.1465165  0.000e+00
        306      5.948    15.0914   2.971014     2.6215     2.5654     0.0057  0.1465165  0.000e+00
        307      5.882    15.0910   2.971207     2.6252     2.5666     0.0057  0.1465165  0.000e+00
        308      5.915    15.0901   2.971113     2.6264     2.5678     0.0057  0.1465165  0.000e+00
        309      5.882    15.0896   2.971091     2.6264     2.5678     0.0057  0.1465165  0.000e+00
        310      5.857    15.0894   2.971052     2.6276     2.5690     0.0057  0.1465165  0.000e+00
        311      5.824    15.0891   2.971019     2.6301     2.5702     0.0057  0.1465165  0.000e+00
        312      5.824    15.0887   2.970887     2.6313     2.5715     0.0057  0.1465165  0.000e+00
        313      5.799    15.0887   2.970914     2.6325     2.5715     0.0059  0.1460281  0.000e+00
        314      5.758    15.0887   2.970975     2.6325     2.5727     0.0059  0.1450513  0.000e+00
        315      5.733    15.0876   2.970881     2.6325     2.5739     0.0059  0.1445629  0.000e+00
        316      5.700    15.0862   2.970699     2.6350     2.5739     0.0059  0.1450513  0.000e+00
        317      5.700    15.0854   2.970555     2.6374     2.5751     0.0059  0.1450513  0.000e+00
        318      5.676    15.0850   2.970478     2.6386     2.5751     0.0059  0.1450513  0.000e+00
        319      5.700    15.0845   2.970356     2.6398     2.5763     0.0059  0.1450513  0.000e+00
        320      5.609    15.0840   2.970218     2.6398     2.5776     0.0059  0.1445629  0.000e+00
