data/2021/ctd_data_day3/station5e.cnv
* Sea-Bird SBE 9 Data File:
* FileName = C:\Users\CTD-User\Desktop\MAR440\day3\station5e.hex
* Software Version Seasave V 7.26.2.13
* Temperature SN = 6313
* Conductivity SN = 4758
* Number of Bytes Per Scan = 37
* Number of Voltage Words = 4
* Number of Scans Averaged by the Deck Unit = 1
* NMEA Latitude = 58 19.40 N
* NMEA Longitude = 011 49.94 E
* NMEA UTC (Time) = Sep 23 2021 10:10:37
* NMEA baud rate = 4800
** Ship: Skagerrak
** Station: station5e
** Operator: Tor
# nquan = 9
# nvalues = 1576                                  
# units = specified
# name 0 = scan: Scan Count
# name 1 = prDM: Pressure, Digiquartz [db]
# name 2 = t090C: Temperature [ITS-90, deg C]
# name 3 = c0S/m: Conductivity [S/m]
# name 4 = sbeox0V: Oxygen raw, SBE 43 [V]
# name 5 = sbeox1V: Oxygen raw, SBE 43, 2 [V]
# name 6 = flECO-AFL: Fluorescence, WET Labs ECO-AFL/FL [mg/m^3]
# name 7 = upoly0: Upoly 0, Turbidity
# name 8 = flag:  0.000e+00
# span 0 =          1,       1576                 
# span 1 =      0.371,     15.362                 
# span 2 =    13.2968,    15.3463                 
# span 3 =   2.947910,   3.444908                 
# span 4 =     1.3980,     2.7974                 
# span 5 =     1.4432,     2.7058                 
# span 6 =     0.0040,     0.0090                 
# span 7 =  0.0913272,  0.1601917                 
# span 8 = 0.0000e+00, 0.0000e+00                 
# interval = seconds: 0.0416667
# start_time = Sep 23 2021 10:10:37 [NMEA time, header]
# bad_flag = -9.990e-29
*END*
[from data line 161]
        162      7.156    14.9099   2.951516     2.7290     2.6472     0.0066  0.1489585  0.000e+00
        163      7.181    14.9097   2.951477     2.7290     2.6472     0.0064  0.1489585  0.000e+00
        164      7.181    14.9099   2.951428     2.7290     2.6484     0.0062  0.1489585  0.000e+00
        165      7.156    14.9099   2.951466     2.7290     2.6484     0.0062  0.1489585  0.000e+00
        166      7.123    14.9099   2.951472     2.7326     2.6484     0.0060  0.1489585  0.000e+00
        167      7.065    14.9101   2.951455     2.7326     2.6496     0.0062  0.1489585  0.000e+00
        168      7.098    14.9097   2.951516     2.7326     2.6496     0.0062  0.1489585  0.000e+00
        169      7.065    14.9095   2.951549     2.7326     2.6508     0.0062  0.1489585  0.000e+00
        170      6.999    14.9096   2.951455     2.7326     2.6521     0.0062  0.1489585  0.000e+00
        171      7.041    14.9090   2.951488     2.7351     2.6521     0.0062  0.1489585  0.000e+00
        172      6.999    14.9087   2.951444     2.7363     2.6533     0.0062  0.1489585  0.000e+00
        173      6.975    14.9087   2.951334     2.7363     2.6533     0.0062  0.1489585  0.000e+00
        174      6.942    14.9085   2.951373     2.7375     2.6533     0.0062  0.1489585  0.000e+00
        175      6.942    14.9086   2.951417     2.7363     2.6545     0.0062  0.1489585  0.000e+00
        176      6.917    14.9094   2.951356     2.7387     2.6545     0.0062  0.1489585  0.000e+00
        177      6.876    14.9092   2.951362     2.7387     2.6557     0.0062  0.1489585  0.000e+00
        178      6.876    14.9084   2.951351     2.7387     2.6557     0.0062  0.1489585  0.000e+00
        179      6.851    14.9072   2.951229     2.7387     2.6557     0.0062  0.1489585  0.000e+00
        180      6.876    14.9063   2.951080     2.7400     2.6569     0.0062  0.1489585  0.000e+00
        181      6.818    14.9055   2.950893     2.7424     2.6569     0.0062  0.1489585  0.000e+00
        182      6.793    14.9054   2.950921     2.7424     2.6582     0.0062  0.1489585  0.000e+00
        183      6.818    14.9052   2.950832     2.7424     2.6582     0.0062  0.1489585  0.000e+00
        184      6.736    14.9052   2.950899     2.7424     2.6582     0.0062  0.1489585  0.000e+00
        185      6.752    14.9052   2.950860     2.7436     2.6594     0.0060  0.1489585  0.000e+00
        186      6.694    14.9050   2.950766     2.7449     2.6594     0.0060  0.1489585  0.000e+00
        187      6.736    14.9050   2.950860     2.7449     2.6606     0.0062  0.1489585  0.000e+00
        188      6.637    14.9050   2.950915     2.7436     2.6606     0.0062  0.1489585  0.000e+00
        189      6.694    14.9052   2.950805     2.7449     2.6606     0.0062  0.1489585  0.000e+00
        190      6.612    14.9053   2.950849     2.7473     2.6618     0.0062  0.1489585  0.000e+00
        191      6.637    14.9053   2.950937     2.7473     2.6618     0.0062  0.1489585  0.000e+00
        192      6.612    14.9055   2.950827     2.7461     2.6618     0.0062  0.1489585  0.000e+00
        193      6.571    14.9057   2.950915     2.7461     2.6630     0.0062  0.1489585  0.000e+00
        194      6.571    14.9053   2.950998     2.7473     2.6630     0.0060  0.1489585  0.000e+00
        195      6.546    14.9050   2.950816     2.7485     2.6630     0.0062  0.1489585  0.000e+00
        196      6.513    14.9047   2.950788     2.7497     2.6630     0.0062  0.1489585  0.000e+00
        197      6.513    14.9040   2.950717     2.7485     2.6630     0.0062  0.1489585  0.000e+00
        198      6.488    14.9040   2.950573     2.7485     2.6630     0.0062  0.1489585  0.000e+00
        199      6.447    14.9038   2.950606     2.7485     2.6655     0.0062  0.1489585  0.000e+00
        200      6.422    14.9036   2.950590     2.7522     2.6655     0.0062  0.1489585  0.000e+00
        201      6.447    14.9038   2.950524     2.7510     2.6655     0.0062  0.1489585  0.000e+00
        202      6.389    14.9035   2.950557     2.7510     2.6655     0.0062  0.1489585  0.000e+00
        203      6.307    14.9036   2.950369     2.7522     2.6667     0.0062  0.1489585  0.000e+00
        204      6.447    14.9035   2.950099     2.7510     2.6667     0.0062  0.1489585  0.000e+00
        205      6.332    14.9038   2.950441     2.7534     2.6667     0.0062  0.1489585  0.000e+00
        206      6.365    14.9037   2.950579     2.7522     2.6679     0.0062  0.1489585  0.000e+00
        207      6.266    14.9038   2.950546     2.7522     2.6679     0.0060  0.1489585  0.000e+00
        208      6.307    14.9040   2.950584     2.7522     2.6679     0.0062  0.1489585  0.000e+00
        209      6.266    14.9043   2.950584     2.7534     2.6679     0.0062  0.1489585  0.000e+00
        210      6.208    14.9043   2.950606     2.7546     2.6691     0.0062  0.1489585  0.000e+00
        211      6.241    14.9045   2.950711     2.7546     2.6691     0.0062  0.1489585  0.000e+00
        212      6.208    14.9038   2.950661     2.7534     2.6691     0.0062  0.1489585  0.000e+00
        213      6.208    14.9033   2.950496     2.7534     2.6691     0.0062  0.1489585  0.000e+00
        214      6.183    14.9028   2.950485     2.7558     2.6691     0.0062  0.1494469  0.000e+00
        215      6.142    14.9025   2.950369     2.7571     2.6704     0.0062  0.1504237  0.000e+00
        216      6.117    14.9023   2.950298     2.7558     2.6704     0.0062  0.1509121  0.000e+00
        217      6.084    14.9023   2.950336     2.7558     2.6704     0.0062  0.1509121  0.000e+00
        218      6.142    14.9021   2.950314     2.7571     2.6704     0.0062  0.1509121  0.000e+00
        219      6.060    14.9019   2.950204     2.7583     2.6716     0.0062  0.1509121  0.000e+00
        220      6.027    14.9020   2.950270     2.7583     2.6716     0.0060  0.1509121  0.000e+00
        221      5.994    14.9021   2.950320     2.7571     2.6716     0.0062  0.1509121  0.000e+00
        222      6.027    14.9018   2.950253     2.7571     2.6716     0.0062  0.1509121  0.000e+00
        223      6.027    14.9021   2.950303     2.7571     2.6728     0.0062  0.1509121  0.000e+00
        224      5.994    14.9021   2.950287     2.7595     2.6728     0.0062  0.1509121  0.000e+00
        225      5.903    14.9022   2.950303     2.7595     2.6728     0.0060  0.1509121  0.000e+00
        226      5.961    14.9019   2.950325     2.7583     2.6728     0.0062  0.1509121  0.000e+00
        227      5.878    14.9016   2.950286     2.7583     2.6728     0.0062  0.1509121  0.000e+00
        228      5.903    14.9015   2.950220     2.7583     2.6728     0.0062  0.1509121  0.000e+00
        229      5.878    14.9016   2.950215     2.7619     2.6740     0.0062  0.1509121  0.000e+00
        230      5.837    14.9016   2.950237     2.7607     2.6740     0.0062  0.1509121  0.000e+00
        231      5.837    14.9015   2.950193     2.7595     2.6740     0.0060  0.1509121  0.000e+00
        232      5.812    14.9015   2.950226     2.7595     2.6740     0.0062  0.1509121  0.000e+00
        233      5.780    14.9011   2.950149     2.7607     2.6753     0.0062  0.1509121  0.000e+00
        234      5.812    14.9011   2.950171     2.7619     2.6753     0.0062  0.1509121  0.000e+00
        235      5.714    14.9011   2.950209     2.7619     2.6753     0.0062  0.1509121  0.000e+00
        236      5.714    14.9011   2.950204     2.7619     2.6753     0.0062  0.1509121  0.000e+00
        237      5.755    14.9011   2.950154     2.7607     2.6753     0.0062  0.1509121  0.000e+00
        238      5.656    14.9011   2.950154     2.7619     2.6765     0.0062  0.1509121  0.000e+00
        239      5.689    14.9011   2.950171     2.7632     2.6765     0.0062  0.1509121  0.000e+00
        240      5.656    14.9011   2.950022     2.7632     2.6765     0.0062  0.1504237  0.000e+00
        241      5.598    14.9008   2.950138     2.7619     2.6765     0.0060  0.1504237  0.000e+00
        242      5.631    14.9009   2.950094     2.7619     2.6765     0.0062  0.1504237  0.000e+00
        243      5.598    14.9009   2.949994     2.7644     2.6777     0.0060  0.1504237  0.000e+00
        244      5.532    14.9008   2.950011     2.7644     2.6777     0.0062  0.1504237  0.000e+00
        245      5.573    14.9008   2.950077     2.7644     2.6777     0.0062  0.1504237  0.000e+00
        246      5.532    14.9008   2.950060     2.7632     2.6777     0.0062  0.1504237  0.000e+00
        247      5.507    14.9009   2.950055     2.7644     2.6777     0.0062  0.1504237  0.000e+00
        248      5.475    14.9009   2.950060     2.7668     2.6777     0.0062  0.1504237  0.000e+00
        249      5.475    14.9009   2.950077     2.7656     2.6777     0.0062  0.1504237  0.000e+00
        250      5.450    14.9008   2.950182     2.7668     2.6789     0.0062  0.1504237  0.000e+00
        251      5.409    14.9009   2.950016     2.7668     2.6789     0.0062  0.1504237  0.000e+00
        252      5.384    14.9008   2.950071     2.7656     2.6789     0.0062  0.1504237  0.000e+00
        253      5.409    14.9008   2.950149     2.7668     2.6789     0.0062  0.1504237  0.000e+00
        254      5.351    14.9009   2.950027     2.7668     2.6801     0.0062  0.1504237  0.000e+00
        255      5.384    14.9008   2.949829     2.7656     2.6789     0.0062  0.1504237  0.000e+00
        256      5.293    14.9009   2.949818     2.7656     2.6801     0.0062  0.1504237  0.000e+00
        257      5.326    14.9008   2.949923     2.7668     2.6801     0.0062  0.1504237  0.000e+00
        258      5.293    14.9008   2.950088     2.7681     2.6801     0.0062  0.1504237  0.000e+00
        259      5.227    14.9008   2.950093     2.7668     2.6789     0.0062  0.1504237  0.000e+00
        260      5.260    14.9008   2.950005     2.7668     2.6801     0.0062  0.1504237  0.000e+00
        261      5.227    14.9006   2.950115     2.7656     2.6801     0.0062  0.1504237  0.000e+00
        262      5.202    14.9009   2.950066     2.7681     2.6801     0.0062  0.1504237  0.000e+00
        263      5.170    14.9009   2.949680     2.7693     2.6801     0.0062  0.1504237  0.000e+00
        264      5.170    14.9009   2.949746     2.7681     2.6814     0.0062  0.1504237  0.000e+00
        265      5.145    14.9013   2.950000     2.7681     2.6801     0.0062  0.1509121  0.000e+00
        266      5.170    14.9015   2.950055     2.7681     2.6814     0.0062  0.1514005  0.000e+00
        267      5.079    14.9013   2.950137     2.7693     2.6814     0.0062  0.1514005  0.000e+00
        268      5.104    14.9011   2.950088     2.7693     2.6814     0.0062  0.1514005  0.000e+00
        269      5.046    14.9013   2.950077     2.7681     2.6814     0.0062  0.1514005  0.000e+00
        270      5.079    14.9011   2.950143     2.7681     2.6814     0.0062  0.1514005  0.000e+00
        271      4.980    14.9015   2.950027     2.7681     2.6814     0.0062  0.1514005  0.000e+00
        272      5.021    14.9011   2.949994     2.7705     2.6814     0.0062  0.1514005  0.000e+00
        273      4.980    14.9013   2.950121     2.7693     2.6826     0.0062  0.1514005  0.000e+00
        274      4.980    14.9011   2.950132     2.7693     2.6826     0.0062  0.1514005  0.000e+00
        275      4.955    14.9013   2.950088     2.7693     2.6826     0.0062  0.1514005  0.000e+00
        276      4.922    14.9011   2.950060     2.7693     2.6826     0.0060  0.1514005  0.000e+00
        277      4.898    14.9013   2.950022     2.7717     2.6826     0.0062  0.1514005  0.000e+00
        278      4.865    14.9013   2.950104     2.7705     2.6826     0.0062  0.1514005  0.000e+00
        279      4.865    14.9013   2.950154     2.7705     2.6826     0.0062  0.1514005  0.000e+00
        280      4.898    14.9016   2.950088     2.7693     2.6826     0.0062  0.1514005  0.000e+00
        281      4.799    14.9016   2.950220     2.7717     2.6826     0.0062  0.1514005  0.000e+00
        282      4.832    14.9015   2.950209     2.7717     2.6838     0.0062  0.1514005  0.000e+00
        283      4.799    14.9018   2.950093     2.7717     2.6838     0.0062  0.1514005  0.000e+00
        284      4.774    14.9021   2.950137     2.7717     2.6838     0.0062  0.1514005  0.000e+00
        285      4.741    14.9016   2.950226     2.7705     2.6838     0.0062  0.1514005  0.000e+00
        286      4.741    14.9018   2.950110     2.7717     2.6838     0.0062  0.1514005  0.000e+00
        287      4.650    14.9016   2.950159     2.7729     2.6838     0.0062  0.1514005  0.000e+00
        288      4.741    14.9018   2.950170     2.7717     2.6838     0.0062  0.1514005  0.000e+00
        289      4.650    14.9016   2.950214     2.7717     2.6850     0.0062  0.1514005  0.000e+00
        290      4.675    14.9016   2.950198     2.7717     2.6850     0.0062  0.1514005  0.000e+00
        291      4.617    14.9019   2.950176     2.7742     2.6850     0.0059  0.1504237  0.000e+00
        292      4.593    14.9016   2.950126     2.7742     2.6850     0.0059  0.1504237  0.000e+00
        293      4.617    14.9016   2.950170     2.7742     2.6850     0.0059  0.1504237  0.000e+00
        294      4.593    14.9016   2.950220     2.7742     2.6850     0.0059  0.1504237  0.000e+00
        295      4.560    14.9015   2.950115     2.7742     2.6850     0.0059  0.1504237  0.000e+00
        296      4.560    14.9015   2.949977     2.7766     2.6850     0.0059  0.1504237  0.000e+00
        297      4.527    14.9011   2.950077     2.7766     2.6862     0.0059  0.1504237  0.000e+00
        298      4.494    14.9015   2.950071     2.7742     2.6862     0.0057  0.1504237  0.000e+00
        299      4.469    14.9011   2.950093     2.7742     2.6862     0.0059  0.1504237  0.000e+00
        300      4.436    14.9011   2.950137     2.7754     2.6862     0.0059  0.1504237  0.000e+00
        301      4.469    14.9013   2.950198     2.7766     2.6875     0.0059  0.1504237  0.000e+00
        302      4.370    14.9016   2.950154     2.7754     2.6862     0.0059  0.1504237  0.000e+00
        303      4.436    14.9015   2.950143     2.7754     2.6862     0.0059  0.1504237  0.000e+00
        304      4.345    14.9015   2.950137     2.7766     2.6875     0.0059  0.1504237  0.000e+00
        305      4.370    14.9015   2.950137     2.7766     2.6875     0.0059  0.1504237  0.000e+00
        306      4.345    14.9013   2.950203     2.7778     2.6875     0.0059  0.1504237  0.000e+00
        307      4.312    14.9016   2.950242     2.7766     2.6875     0.0059  0.1504237  0.000e+00
        308      4.312    14.9013   2.950143     2.7754     2.6875     0.0059  0.1504237  0.000e+00
        309      4.288    14.9015   2.950159     2.7754     2.6875     0.0059  0.1504237  0.000e+00
        310      4.246    14.9015   2.950126     2.7766     2.6875     0.0059  0.1504237  0.000e+00
        311      4.222    14.9011   2.950126     2.7778     2.6887     0.0059  0.1504237  0.000e+00
        312      4.189    14.9015   2.950143     2.7766     2.6887     0.0059  0.1504237  0.000e+00
        313      4.222    14.9013   2.950198     2.7766     2.6887     0.0059  0.1504237  0.000e+00
        314      4.189    14.9011   2.950236     2.7766     2.6887     0.0059  0.1504237  0.000e+00
        315      4.131    14.9015   2.950170     2.7778     2.6887     0.0059  0.1504237  0.000e+00
        316      4.164    14.9015   2.950264     2.7778     2.6887     0.0059  0.1514005  0.000e+00
        317      4.131    14.9015   2.950220     2.7766     2.6899     0.0060  0.1523773  0.000e+00
        318      4.040    14.9016   2.950137     2.7766     2.6899     0.0060  0.1533541  0.000e+00
        319      4.131    14.9016   2.950253     2.7766     2.6899     0.0060  0.1533541  0.000e+00
        320      4.007    14.9016   2.950258     2.7778     2.6899     0.0060  0.1533541  0.000e+00
