data/2021/ctd_data_day3/station7g_ctm_fil_le.cnv
* Sea-Bird SBE 9 Data File:
* FileName = C:\Users\CTD-User\Desktop\MAR440\day3\station7g.hex
* Software Version Seasave V 7.26.2.13
* Temperature SN = 6313
* Conductivity SN = 4758
* Number of Bytes Per Scan = 37
* Number of Voltage Words = 4
* Number of Scans Averaged by the Deck Unit = 1
* NMEA Latitude = 58 18.80 N
* NMEA Longitude = 011 46.06 E
* NMEA UTC (Time) = Sep 23 2021 10:57:43
* NMEA baud rate = 4800
** Ship: Skagerrak
** Station: station7g
** Operator: Christina
# nquan = 9
# nvalues = 3543                        
# units = specified
# name 0 = scan: Scan Count
# name 1 = prDM: Pressure, Digiquartz [db]
# name 2 = t090C: Temperature [ITS-90, deg C]
# name 3 = c0S/m: Conductivity [S/m]
# name 4 = sbeox0V: Oxygen raw, SBE 43 [V]
# name 5 = sbeox1V: Oxygen raw, SBE 43, 2 [V]
# name 6 = flECO-AFL: Fluorescence, WET Labs ECO-AFL/FL [mg/m^3]
# name 7 = upoly0: Upoly 0, Turbidity
# name 8 = flag:  0.000e+00
# span 0 =          1,       3543       
# span 1 =      1.388,     39.004       
# span 2 =     6.6606,    16.0072       
# span 3 =   2.904257,   3.713763       
# span 4 =     0.5019,     2.8510       
# span 5 =     0.5512,     2.8009       
# span 6 =     0.0033,     0.0139       
# span 7 =  0.0863164,  0.1574232       
# span 8 = 0.0000e+00, 0.0000e+00       
# interval = seconds: 0.0416667
# start_time = Sep 23 2021 10:57:43 [NMEA time, header]
# bad_flag = -9.990e-29
*END*
          1      1.505    14.9060   2.923343     2.8510     2.8009     0.0042  0.1459049 -9.990e-29
          2      1.504    14.9055   2.923138     2.8490     2.7994     0.0042  0.1458942 -9.990e-29
          3      1.503    14.9050   2.922922     2.8468     2.7977     0.0042  0.1458826 -9.990e-29
          4      1.502    14.9044   2.922700     2.8446     2.7960     0.0042  0.1458699 -9.990e-29
          5      1.500    14.9038   2.922476     2.8422     2.7942     0.0042  0.1458561 -9.990e-29
          6      1.499    14.9031   2.922255     2.8396     2.7923     0.0042  0.1458412 -9.990e-29
          7      1.498    14.9024   2.922039     2.8370     2.7902     0.0042  0.1458249 -9.990e-29
          8      1.496    14.9016   2.921832     2.8343     2.7881     0.0042  0.1458073 -9.990e-29
          9      1.495    14.9008   2.921635     2.8315     2.7859     0.0042  0.1457881 -9.990e-29
         10      1.493    14.8999   2.921448     2.8286     2.7836     0.0042  0.1457672 -9.990e-29
         11      1.491    14.8991   2.921272     2.8256     2.7812     0.0042  0.1457445 -9.990e-29
         12      1.490    14.8982   2.921107     2.8226     2.7788     0.0042  0.1457198 -9.990e-29
         13      1.488    14.8974   2.920951     2.8195     2.7763     0.0042  0.1456930 -9.990e-29
         14      1.487    14.8966   2.920803     2.8164     2.7737     0.0042  0.1456639 -9.990e-29
         15      1.486    14.8958   2.920662     2.8132     2.7710     0.0042  0.1456322 -9.990e-29
         16      1.485    14.8951   2.920528     2.8099     2.7682     0.0042  0.1455978 -9.990e-29
         17      1.484    14.8944   2.920400     2.8067     2.7654     0.0042  0.1455604 -9.990e-29
         18      1.483    14.8938   2.920280     2.8033     2.7626     0.0042  0.1455197 -9.990e-29
         19      1.483    14.8934   2.920167     2.8000     2.7597     0.0042  0.1454755 -9.990e-29
         20      1.482    14.8930   2.920061     2.7966     2.7567     0.0042  0.1454275 -9.990e-29
         21      1.482    14.8927   2.919964     2.7932     2.7537     0.0042  0.1453752 -9.990e-29
         22      1.482    14.8926   2.919873     2.7898     2.7506     0.0042  0.1453185 -9.990e-29
         23      1.482    14.8926   2.919790     2.7864     2.7475     0.0046  0.1452576 -9.990e-29
         24      1.482    14.8928   2.919714     2.7830     2.7443     0.0051  0.1451956 -9.990e-29
         25      1.483    14.8932   2.919645     2.7795     2.7411     0.0051  0.1451364 -9.990e-29
         26      1.483    14.8936   2.919583     2.7760     2.7378     0.0051  0.1450811 -9.990e-29
         27      1.484    14.8942   2.919527     2.7726     2.7345     0.0051  0.1450294 -9.990e-29
         28      1.484    14.8947   2.919477     2.7691     2.7312     0.0051  0.1449810 -9.990e-29
         29      1.485    14.8954   2.919434     2.7656     2.7278     0.0051  0.1449354 -9.990e-29
         30      1.486    14.8960   2.919397     2.7622     2.7244     0.0051  0.1448925 -9.990e-29
         31      1.486    14.8966   2.919365     2.7587     2.7210     0.0051  0.1448527 -9.990e-29
         32      1.487    14.8972   2.919338     2.7552     2.7176     0.0051  0.1448167 -9.990e-29
         33      1.488    14.8978   2.919313     2.7518     2.7141     0.0051  0.1447832 -9.990e-29
         34      1.489    14.8984   2.919289     2.7483     2.7106     0.0051  0.1447513 -9.990e-29
         35      1.490    14.8990   2.919263     2.7449     2.7071     0.0051  0.1447207 -9.990e-29
         36      1.490    14.8995   2.919230     2.7414     2.7036     0.0051  0.1446912 -9.990e-29
         37      1.491    14.9000   2.919189     2.7380     2.7001     0.0051  0.1446625 -9.990e-29
         38      1.492    14.9005   2.919136     2.7346     2.6966     0.0051  0.1446346 -9.990e-29
         39      1.492    14.9010   2.919072     2.7312     2.6930     0.0051  0.1446072 -9.990e-29
         40      1.492    14.9014   2.918996     2.7278     2.6894     0.0051  0.1445800 -9.990e-29
         41      1.492    14.9018   2.918905     2.7244     2.6859     0.0051  0.1445530 -9.990e-29
         42      1.492    14.9022   2.918799     2.7210     2.6823     0.0051  0.1445260 -9.990e-29
         43      1.492    14.9025   2.918678     2.7176     2.6787     0.0051  0.1444986 -9.990e-29
         44      1.491    14.9028   2.918541     2.7143     2.6752     0.0051  0.1444709 -9.990e-29
         45      1.490    14.9031   2.918389     2.7110     2.6716     0.0051  0.1444425 -9.990e-29
         46      1.489    14.9033   2.918223     2.7076     2.6680     0.0051  0.1444132 -9.990e-29
         47      1.487    14.9035   2.918043     2.7043     2.6644     0.0051  0.1443829 -9.990e-29
         48      1.486    14.9036   2.917850     2.7011     2.6609     0.0051  0.1443514 -9.990e-29
         49      1.484    14.9037   2.917648     2.6978     2.6573     0.0046  0.1443192 -9.990e-29
         50      1.482    14.9038   2.917437     2.6946     2.6537     0.0042  0.1442887 -9.990e-29
         51      1.480    14.9038   2.917221     2.6914     2.6502     0.0042  0.1442614 -9.990e-29
         52      1.478    14.9038   2.917004     2.6882     2.6466     0.0042  0.1442363 -9.990e-29
         53      1.476    14.9037   2.916788     2.6850     2.6431     0.0042  0.1442123 -9.990e-29
         54      1.473    14.9036   2.916577     2.6819     2.6396     0.0042  0.1441893 -9.990e-29
         55      1.471    14.9034   2.916373     2.6787     2.6361     0.0042  0.1441670 -9.990e-29
         56      1.468    14.9032   2.916180     2.6756     2.6326     0.0042  0.1441463 -9.990e-29
         57      1.465    14.9029   2.915997     2.6726     2.6291     0.0042  0.1441277 -9.990e-29
         58      1.463    14.9026   2.915826     2.6695     2.6256     0.0042  0.1441104 -9.990e-29
         59      1.460    14.9022   2.915667     2.6665     2.6221     0.0042  0.1440933 -9.990e-29
         60      1.457    14.9018   2.915520     2.6635     2.6186     0.0042  0.1440763 -9.990e-29
         61      1.455    14.9013   2.915383     2.6606     2.6152     0.0042  0.1440594 -9.990e-29
         62      1.453    14.9009   2.915256     2.6576     2.6117     0.0042  0.1440423 -9.990e-29
         63      1.450    14.9004   2.915140     2.6547     2.6083     0.0042  0.1440251 -9.990e-29
         64      1.448    14.9000   2.915032     2.6518     2.6049     0.0042  0.1440083 -9.990e-29
         65      1.447    14.8996   2.914934     2.6489     2.6016     0.0042  0.1439928 -9.990e-29
         66      1.445    14.8991   2.914844     2.6461     2.5982     0.0042  0.1439775 -9.990e-29
         67      1.443    14.8987   2.914763     2.6433     2.5948     0.0042  0.1439616 -9.990e-29
         68      1.442    14.8983   2.914690     2.6405     2.5915     0.0042  0.1439449 -9.990e-29
         69      1.441    14.8979   2.914626     2.6378     2.5882     0.0042  0.1439273 -9.990e-29
         70      1.440    14.8975   2.914571     2.6350     2.5849     0.0042  0.1439086 -9.990e-29
         71      1.439    14.8972   2.914524     2.6323     2.5817     0.0042  0.1438889 -9.990e-29
         72      1.439    14.8970   2.914485     2.6297     2.5784     0.0042  0.1438678 -9.990e-29
         73      1.439    14.8968   2.914454     2.6270     2.5752     0.0042  0.1438453 -9.990e-29
         74      1.439    14.8967   2.914431     2.6244     2.5720     0.0042  0.1438220 -9.990e-29
         75      1.439    14.8967   2.914414     2.6218     2.5688     0.0042  0.1437995 -9.990e-29
         76      1.440    14.8966   2.914405     2.6193     2.5657     0.0042  0.1437785 -9.990e-29
         77      1.440    14.8966   2.914402     2.6167     2.5625     0.0042  0.1437589 -9.990e-29
         78      1.441    14.8966   2.914404     2.6142     2.5595     0.0042  0.1437405 -9.990e-29
         79      1.442    14.8967   2.914412     2.6117     2.5564     0.0042  0.1437231 -9.990e-29
         80      1.443    14.8968   2.914422     2.6093     2.5534     0.0042  0.1437067 -9.990e-29
         81      1.444    14.8970   2.914434     2.6069     2.5503     0.0042  0.1436911 -9.990e-29
         82      1.445    14.8971   2.914442     2.6045     2.5474     0.0042  0.1436762 -9.990e-29
         83      1.446    14.8973   2.914445     2.6021     2.5444     0.0042  0.1436620 -9.990e-29
         84      1.447    14.8975   2.914439     2.5998     2.5415     0.0042  0.1436483 -9.990e-29
         85      1.448    14.8977   2.914423     2.5974     2.5386     0.0042  0.1436351 -9.990e-29
         86      1.448    14.8979   2.914394     2.5952     2.5357     0.0042  0.1436221 -9.990e-29
         87      1.449    14.8981   2.914351     2.5929     2.5328     0.0042  0.1436095 -9.990e-29
         88      1.450    14.8983   2.914294     2.5907     2.5300     0.0042  0.1435970 -9.990e-29
         89      1.450    14.8985   2.914222     2.5885     2.5272     0.0042  0.1435845 -9.990e-29
         90      1.450    14.8986   2.914135     2.5863     2.5245     0.0042  0.1435721 -9.990e-29
         91      1.450    14.8988   2.914033     2.5841     2.5217     0.0042  0.1435595 -9.990e-29
         92      1.450    14.8989   2.913916     2.5820     2.5190     0.0042  0.1435468 -9.990e-29
         93      1.449    14.8990   2.913784     2.5799     2.5163     0.0042  0.1435338 -9.990e-29
         94      1.449    14.8991   2.913639     2.5778     2.5136     0.0042  0.1435204 -9.990e-29
         95      1.448    14.8992   2.913484     2.5757     2.5110     0.0042  0.1435066 -9.990e-29
         96      1.447    14.8992   2.913321     2.5737     2.5084     0.0042  0.1434923 -9.990e-29
         97      1.446    14.8992   2.913153     2.5717     2.5058     0.0042  0.1434772 -9.990e-29
         98      1.445    14.8993   2.912983     2.5697     2.5032     0.0042  0.1434614 -9.990e-29
         99      1.444    14.8992   2.912815     2.5677     2.5006     0.0042  0.1434448 -9.990e-29
        100      1.442    14.8992   2.912651     2.5657     2.4981     0.0044  0.1434280 -9.990e-29
        101      1.441    14.8991   2.912492     2.5638     2.4956     0.0042  0.1434127 -9.990e-29
        102      1.439    14.8990   2.912342     2.5619     2.4931     0.0044  0.1433995 -9.990e-29
        103      1.438    14.8988   2.912200     2.5600     2.4907     0.0042  0.1433885 -9.990e-29
        104      1.436    14.8987   2.912069     2.5582     2.4883     0.0044  0.1433795 -9.990e-29
        105      1.434    14.8985   2.911947     2.5563     2.4858     0.0044  0.1433724 -9.990e-29
        106      1.432    14.8983   2.911834     2.5545     2.4835     0.0044  0.1433673 -9.990e-29
        107      1.431    14.8981   2.911729     2.5527     2.4811     0.0044  0.1433640 -9.990e-29
        108      1.429    14.8978   2.911632     2.5509     2.4788     0.0044  0.1433626 -9.990e-29
        109      1.428    14.8975   2.911542     2.5491     2.4765     0.0044  0.1433630 -9.990e-29
        110      1.427    14.8972   2.911459     2.5474     2.4742     0.0044  0.1433652 -9.990e-29
        111      1.425    14.8969   2.911383     2.5457     2.4719     0.0044  0.1433694 -9.990e-29
        112      1.425    14.8965   2.911314     2.5440     2.4697     0.0044  0.1433754 -9.990e-29
        113      1.424    14.8962   2.911252     2.5423     2.4675     0.0044  0.1433833 -9.990e-29
        114      1.424    14.8958   2.911198     2.5407     2.4654     0.0044  0.1433933 -9.990e-29
        115      1.424    14.8955   2.911152     2.5391     2.4633     0.0044  0.1434053 -9.990e-29
        116      1.424    14.8952   2.911114     2.5375     2.4612     0.0044  0.1434194 -9.990e-29
        117      1.424    14.8951   2.911083     2.5359     2.4591     0.0044  0.1434358 -9.990e-29
        118      1.424    14.8949   2.911060     2.5344     2.4571     0.0044  0.1434545 -9.990e-29
        119      1.425    14.8949   2.911042     2.5328     2.4552     0.0044  0.1434757 -9.990e-29
        120      1.426    14.8950   2.911031     2.5313     2.4533     0.0044  0.1434995 -9.990e-29
        121      1.427    14.8951   2.911024     2.5299     2.4514     0.0044  0.1435262 -9.990e-29
        122      1.429    14.8953   2.911021     2.5284     2.4496     0.0044  0.1435558 -9.990e-29
        123      1.430    14.8956   2.911021     2.5270     2.4478     0.0044  0.1435886 -9.990e-29
        124      1.432    14.8959   2.911023     2.5256     2.4461     0.0044  0.1436248 -9.990e-29
        125      1.434    14.8962   2.911028     2.5242     2.4444     0.0044  0.1436638 -9.990e-29
        126      1.436    14.8966   2.911035     2.5229     2.4427     0.0042  0.1437034 -9.990e-29
        127      1.437    14.8970   2.911041     2.5216     2.4412     0.0042  0.1437412 -9.990e-29
        128      1.439    14.8974   2.911047     2.5203     2.4396     0.0042  0.1437767 -9.990e-29
        129      1.441    14.8978   2.911049     2.5190     2.4382     0.0042  0.1438102 -9.990e-29
        130      1.443    14.8982   2.911047     2.5177     2.4367     0.0042  0.1438418 -9.990e-29
        131      1.445    14.8986   2.911039     2.5165     2.4354     0.0042  0.1438718 -9.990e-29
        132      1.447    14.8990   2.911023     2.5153     2.4340     0.0042  0.1439003 -9.990e-29
        133      1.449    14.8994   2.910998     2.5141     2.4328     0.0042  0.1439277 -9.990e-29
        134      1.451    14.8998   2.910963     2.5129     2.4315     0.0042  0.1439540 -9.990e-29
        135      1.452    14.9001   2.910919     2.5117     2.4303     0.0042  0.1439795 -9.990e-29
        136      1.454    14.9005   2.910864     2.5106     2.4292     0.0042  0.1440044 -9.990e-29
        137      1.455    14.9008   2.910798     2.5094     2.4281     0.0042  0.1440287 -9.990e-29
        138      1.457    14.9011   2.910722     2.5083     2.4270     0.0042  0.1440528 -9.990e-29
        139      1.458    14.9014   2.910636     2.5072     2.4260     0.0042  0.1440767 -9.990e-29
        140      1.459    14.9016   2.910540     2.5061     2.4250     0.0042  0.1441006 -9.990e-29
        141      1.459    14.9018   2.910434     2.5050     2.4241     0.0042  0.1441246 -9.990e-29
        142      1.460    14.9020   2.910320     2.5039     2.4232     0.0042  0.1441491 -9.990e-29
        143      1.460    14.9021   2.910200     2.5028     2.4223     0.0042  0.1441740 -9.990e-29
        144      1.461    14.9022   2.910074     2.5017     2.4214     0.0042  0.1441997 -9.990e-29
        145      1.461    14.9022   2.909945     2.5007     2.4206     0.0042  0.1442262 -9.990e-29
        146      1.461    14.9022   2.909815     2.4996     2.4198     0.0042  0.1442538 -9.990e-29
        147      1.461    14.9021   2.909684     2.4986     2.4190     0.0042  0.1442834 -9.990e-29
        148      1.461    14.9020   2.909555     2.4975     2.4182     0.0042  0.1443162 -9.990e-29
        149      1.461    14.9018   2.909429     2.4965     2.4174     0.0042  0.1443516 -9.990e-29
        150      1.461    14.9016   2.909308     2.4954     2.4167     0.0042  0.1443889 -9.990e-29
        151      1.460    14.9013   2.909191     2.4944     2.4159     0.0042  0.1444275 -9.990e-29
        152      1.460    14.9009   2.909081     2.4934     2.4152     0.0042  0.1444651 -9.990e-29
        153      1.459    14.9005   2.908977     2.4924     2.4144     0.0042  0.1444996 -9.990e-29
        154      1.459    14.9001   2.908879     2.4914     2.4137     0.0042  0.1445302 -9.990e-29
        155      1.459    14.8996   2.908788     2.4904     2.4130     0.0042  0.1445572 -9.990e-29
        156      1.459    14.8990   2.908701     2.4894     2.4122     0.0042  0.1445807 -9.990e-29
        157      1.459    14.8983   2.908620     2.4884     2.4115     0.0042  0.1446010 -9.990e-29
        158      1.460    14.8977   2.908545     2.4874     2.4108     0.0042  0.1446181 -9.990e-29
        159      1.460    14.8970   2.908475     2.4865     2.4100     0.0042  0.1446322 -9.990e-29
        160      1.461    14.8963   2.908411     2.4855     2.4093     0.0042  0.1446435 -9.990e-29
