data/2021/ctd_data_day3/station2B_ctm_fil.cnv
* Sea-Bird SBE 9 Data File:
* FileName = C:\Users\CTD-User\Desktop\MAR440\day3\station2B.hex
* Software Version Seasave V 7.26.2.13
* Temperature SN = 6313
* Conductivity SN = 4758
* Number of Bytes Per Scan = 37
* Number of Voltage Words = 4
* Number of Scans Averaged by the Deck Unit = 1
* NMEA Latitude = 58 20.01 N
* NMEA Longitude = 011 52.53 E
* NMEA UTC (Time) = Sep 23 2021 08:43:00
* NMEA baud rate = 4800
** Ship: Skagerrak
** Station: station2B
** Operator: Eva
# nquan = 9
# nvalues = 5095                        
# units = specified
# name 0 = scan: Scan Count
# name 1 = prDM: Pressure, Digiquartz [db]
# name 2 = t090C: Temperature [ITS-90, deg C]
# name 3 = c0S/m: Conductivity [S/m]
# name 4 = sbeox0V: Oxygen raw, SBE 43 [V]
# name 5 = sbeox1V: Oxygen raw, SBE 43, 2 [V]
# name 6 = flECO-AFL: Fluorescence, WET Labs ECO-AFL/FL [mg/m^3]
# name 7 = upoly0: Upoly 0, Turbidity
# name 8 = flag:  0.000e+00
# span 0 =          1,       5095       
# span 1 =      0.239,     45.258       
# span 2 =     7.9778,    15.7832       
# span 3 =   0.046579,   3.464316       
# span 4 =     0.4751,     3.1973       
# span 5 =     0.5341,     2.8012       
# span 6 =     0.0033,     0.0346       
# span 7 =  0.0805987,  0.2200974       
# span 8 = 0.0000e+00, 0.0000e+00       
# interval = seconds: 0.0416667
# start_time = Sep 23 2021 08:43:00 [NMEA time, header]
# bad_flag = -9.990e-29
*END*
[from data line 4001]
       4002     32.354     8.6925   3.408636     0.5002     0.5616     0.0048  0.1134617 0.0000e+00
       4003     32.376     8.6927   3.408695     0.5002     0.5615     0.0046  0.1134815 0.0000e+00
       4004     32.398     8.6929   3.408755     0.5001     0.5615     0.0046  0.1135001 0.0000e+00
       4005     32.420     8.6931   3.408815     0.5001     0.5614     0.0046  0.1135166 0.0000e+00
       4006     32.441     8.6933   3.408874     0.5000     0.5614     0.0046  0.1135312 0.0000e+00
       4007     32.463     8.6935   3.408934     0.5000     0.5613     0.0046  0.1135439 0.0000e+00
       4008     32.485     8.6937   3.408993     0.4999     0.5613     0.0046  0.1135549 0.0000e+00
       4009     32.507     8.6939   3.409051     0.4998     0.5612     0.0046  0.1135643 0.0000e+00
       4010     32.529     8.6941   3.409110     0.4998     0.5612     0.0046  0.1135729 0.0000e+00
       4011     32.551     8.6943   3.409169     0.4997     0.5611     0.0046  0.1135825 0.0000e+00
       4012     32.574     8.6945   3.409228     0.4997     0.5611     0.0046  0.1135932 0.0000e+00
       4013     32.596     8.6947   3.409288     0.4996     0.5610     0.0046  0.1136033 0.0000e+00
       4014     32.617     8.6949   3.409349     0.4995     0.5610     0.0046  0.1136121 0.0000e+00
       4015     32.639     8.6951   3.409409     0.4995     0.5609     0.0046  0.1136197 0.0000e+00
       4016     32.661     8.6953   3.409470     0.4994     0.5609     0.0046  0.1136269 0.0000e+00
       4017     32.683     8.6955   3.409533     0.4993     0.5608     0.0046  0.1136346 0.0000e+00
       4018     32.705     8.6958   3.409596     0.4993     0.5608     0.0046  0.1136421 0.0000e+00
       4019     32.728     8.6960   3.409660     0.4992     0.5607     0.0046  0.1136486 0.0000e+00
       4020     32.750     8.6962   3.409724     0.4991     0.5607     0.0046  0.1136540 0.0000e+00
       4021     32.772     8.6964   3.409789     0.4991     0.5606     0.0046  0.1136593 0.0000e+00
       4022     32.794     8.6966   3.409854     0.4990     0.5606     0.0046  0.1136653 0.0000e+00
       4023     32.817     8.6969   3.409920     0.4989     0.5606     0.0046  0.1136713 0.0000e+00
       4024     32.839     8.6971   3.409986     0.4989     0.5605     0.0046  0.1136765 0.0000e+00
       4025     32.861     8.6973   3.410053     0.4988     0.5605     0.0046  0.1136809 0.0000e+00
       4026     32.884     8.6976   3.410121     0.4987     0.5605     0.0046  0.1136844 0.0000e+00
       4027     32.906     8.6978   3.410188     0.4987     0.5604     0.0046  0.1136872 0.0000e+00
       4028     32.929     8.6981   3.410256     0.4986     0.5604     0.0046  0.1136901 0.0000e+00
       4029     32.951     8.6983   3.410323     0.4986     0.5604     0.0044  0.1136940 0.0000e+00
       4030     32.974     8.6985   3.410391     0.4985     0.5603     0.0044  0.1136989 0.0000e+00
       4031     32.996     8.6988   3.410460     0.4984     0.5603     0.0044  0.1137048 0.0000e+00
       4032     33.019     8.6990   3.410528     0.4984     0.5603     0.0044  0.1137110 0.0000e+00
       4033     33.041     8.6992   3.410596     0.4983     0.5602     0.0044  0.1137166 0.0000e+00
       4034     33.063     8.6995   3.410663     0.4982     0.5602     0.0044  0.1137217 0.0000e+00
       4035     33.085     8.6997   3.410729     0.4982     0.5602     0.0044  0.1137271 0.0000e+00
       4036     33.108     8.6999   3.410793     0.4981     0.5602     0.0044  0.1137337 0.0000e+00
       4037     33.131     8.7001   3.410857     0.4980     0.5601     0.0044  0.1137408 0.0000e+00
       4038     33.153     8.7003   3.410921     0.4980     0.5601     0.0044  0.1137475 0.0000e+00
       4039     33.176     8.7005   3.410985     0.4979     0.5601     0.0044  0.1137539 0.0000e+00
       4040     33.198     8.7007   3.411049     0.4979     0.5600     0.0044  0.1137600 0.0000e+00
       4041     33.221     8.7009   3.411113     0.4978     0.5600     0.0044  0.1137667 0.0000e+00
       4042     33.243     8.7010   3.411176     0.4978     0.5599     0.0044  0.1137749 0.0000e+00
       4043     33.266     8.7012   3.411237     0.4977     0.5599     0.0044  0.1137847 0.0000e+00
       4044     33.289     8.7014   3.411298     0.4976     0.5598     0.0044  0.1137961 0.0000e+00
       4045     33.311     8.7015   3.411357     0.4976     0.5598     0.0044  0.1138093 0.0000e+00
       4046     33.334     8.7016   3.411415     0.4975     0.5597     0.0044  0.1138242 0.0000e+00
       4047     33.357     8.7018   3.411471     0.4975     0.5597     0.0044  0.1138403 0.0000e+00
       4048     33.380     8.7019   3.411526     0.4974     0.5596     0.0044  0.1138575 0.0000e+00
       4049     33.403     8.7020   3.411580     0.4974     0.5596     0.0044  0.1138768 0.0000e+00
       4050     33.426     8.7022   3.411632     0.4973     0.5595     0.0044  0.1138975 0.0000e+00
       4051     33.449     8.7023   3.411682     0.4973     0.5595     0.0044  0.1139190 0.0000e+00
       4052     33.471     8.7024   3.411730     0.4972     0.5594     0.0044  0.1139414 0.0000e+00
       4053     33.494     8.7025   3.411776     0.4971     0.5594     0.0044  0.1139648 0.0000e+00
       4054     33.517     8.7026   3.411818     0.4971     0.5593     0.0046  0.1139885 0.0000e+00
       4055     33.540     8.7027   3.411857     0.4970     0.5593     0.0046  0.1140110 0.0000e+00
       4056     33.563     8.7027   3.411895     0.4970     0.5592     0.0046  0.1140317 0.0000e+00
       4057     33.586     8.7028   3.411931     0.4970     0.5592     0.0046  0.1140506 0.0000e+00
       4058     33.609     8.7029   3.411966     0.4969     0.5591     0.0046  0.1140679 0.0000e+00
       4059     33.632     8.7030   3.412000     0.4968     0.5591     0.0046  0.1140837 0.0000e+00
       4060     33.655     8.7030   3.412033     0.4968     0.5591     0.0046  0.1140981 0.0000e+00
       4061     33.678     8.7031   3.412066     0.4967     0.5590     0.0046  0.1141112 0.0000e+00
       4062     33.701     8.7031   3.412097     0.4967     0.5590     0.0046  0.1141232 0.0000e+00
       4063     33.724     8.7032   3.412128     0.4966     0.5590     0.0046  0.1141340 0.0000e+00
       4064     33.747     8.7032   3.412158     0.4965     0.5589     0.0046  0.1141438 0.0000e+00
       4065     33.770     8.7033   3.412186     0.4965     0.5589     0.0046  0.1141527 0.0000e+00
       4066     33.794     8.7033   3.412214     0.4964     0.5588     0.0046  0.1141607 0.0000e+00
       4067     33.817     8.7033   3.412240     0.4964     0.5588     0.0046  0.1141678 0.0000e+00
       4068     33.840     8.7034   3.412265     0.4963     0.5587     0.0046  0.1141741 0.0000e+00
       4069     33.863     8.7034   3.412290     0.4963     0.5587     0.0046  0.1141805 0.0000e+00
       4070     33.886     8.7034   3.412316     0.4962     0.5586     0.0046  0.1141879 0.0000e+00
       4071     33.909     8.7034   3.412341     0.4961     0.5586     0.0046  0.1141955 0.0000e+00
       4072     33.932     8.7035   3.412368     0.4961     0.5585     0.0046  0.1142025 0.0000e+00
       4073     33.956     8.7035   3.412394     0.4960     0.5585     0.0046  0.1142089 0.0000e+00
       4074     33.979     8.7035   3.412421     0.4960     0.5584     0.0046  0.1142149 0.0000e+00
       4075     34.002     8.7035   3.412448     0.4960     0.5584     0.0046  0.1142203 0.0000e+00
       4076     34.026     8.7035   3.412475     0.4959     0.5583     0.0046  0.1142254 0.0000e+00
       4077     34.049     8.7035   3.412502     0.4959     0.5583     0.0046  0.1142300 0.0000e+00
       4078     34.072     8.7035   3.412528     0.4958     0.5582     0.0046  0.1142343 0.0000e+00
       4079     34.096     8.7036   3.412553     0.4958     0.5582     0.0044  0.1142382 0.0000e+00
       4080     34.119     8.7036   3.412579     0.4957     0.5581     0.0042  0.1142419 0.0000e+00
       4081     34.142     8.7036   3.412604     0.4957     0.5581     0.0042  0.1142453 0.0000e+00
       4082     34.165     8.7036   3.412629     0.4957     0.5580     0.0042  0.1142484 0.0000e+00
       4083     34.188     8.7036   3.412655     0.4956     0.5580     0.0042  0.1142512 0.0000e+00
       4084     34.211     8.7036   3.412681     0.4956     0.5579     0.0042  0.1142539 0.0000e+00
       4085     34.235     8.7036   3.412706     0.4956     0.5579     0.0042  0.1142564 0.0000e+00
       4086     34.258     8.7036   3.412733     0.4955     0.5579     0.0042  0.1142586 0.0000e+00
       4087     34.281     8.7036   3.412759     0.4955     0.5578     0.0042  0.1142608 0.0000e+00
       4088     34.304     8.7037   3.412786     0.4955     0.5578     0.0042  0.1142627 0.0000e+00
       4089     34.327     8.7037   3.412813     0.4954     0.5578     0.0042  0.1142646 0.0000e+00
       4090     34.351     8.7037   3.412839     0.4954     0.5577     0.0042  0.1142663 0.0000e+00
       4091     34.374     8.7037   3.412865     0.4953     0.5577     0.0042  0.1142679 0.0000e+00
       4092     34.397     8.7037   3.412890     0.4953     0.5576     0.0042  0.1142694 0.0000e+00
       4093     34.420     8.7036   3.412914     0.4952     0.5576     0.0042  0.1142708 0.0000e+00
       4094     34.443     8.7036   3.412938     0.4952     0.5576     0.0042  0.1142721 0.0000e+00
       4095     34.466     8.7036   3.412961     0.4952     0.5575     0.0042  0.1142734 0.0000e+00
       4096     34.489     8.7036   3.412983     0.4951     0.5575     0.0042  0.1142746 0.0000e+00
       4097     34.512     8.7036   3.413005     0.4951     0.5574     0.0042  0.1142758 0.0000e+00
       4098     34.535     8.7035   3.413027     0.4950     0.5574     0.0042  0.1142769 0.0000e+00
       4099     34.558     8.7035   3.413049     0.4950     0.5573     0.0042  0.1142779 0.0000e+00
       4100     34.581     8.7035   3.413070     0.4949     0.5573     0.0042  0.1142790 0.0000e+00
       4101     34.604     8.7034   3.413091     0.4949     0.5573     0.0042  0.1142800 0.0000e+00
       4102     34.627     8.7034   3.413113     0.4948     0.5572     0.0042  0.1142810 0.0000e+00
       4103     34.650     8.7034   3.413134     0.4948     0.5572     0.0042  0.1142820 0.0000e+00
       4104     34.673     8.7033   3.413155     0.4947     0.5571     0.0042  0.1142830 0.0000e+00
       4105     34.696     8.7033   3.413175     0.4947     0.5571     0.0040  0.1142840 0.0000e+00
       4106     34.719     8.7033   3.413195     0.4946     0.5570     0.0040  0.1142851 0.0000e+00
       4107     34.742     8.7032   3.413214     0.4946     0.5570     0.0040  0.1142861 0.0000e+00
       4108     34.764     8.7032   3.413231     0.4946     0.5570     0.0040  0.1142872 0.0000e+00
       4109     34.787     8.7031   3.413248     0.4945     0.5569     0.0040  0.1142883 0.0000e+00
       4110     34.810     8.7031   3.413264     0.4945     0.5569     0.0040  0.1142894 0.0000e+00
       4111     34.833     8.7030   3.413279     0.4945     0.5569     0.0040  0.1142906 0.0000e+00
       4112     34.856     8.7030   3.413294     0.4944     0.5568     0.0040  0.1142919 0.0000e+00
       4113     34.879     8.7029   3.413309     0.4944     0.5568     0.0040  0.1142932 0.0000e+00
       4114     34.901     8.7028   3.413323     0.4943     0.5568     0.0040  0.1142946 0.0000e+00
       4115     34.924     8.7028   3.413336     0.4943     0.5567     0.0040  0.1142961 0.0000e+00
       4116     34.947     8.7027   3.413349     0.4942     0.5567     0.0040  0.1142977 0.0000e+00
       4117     34.970     8.7026   3.413363     0.4942     0.5567     0.0040  0.1142994 0.0000e+00
       4118     34.992     8.7025   3.413376     0.4941     0.5566     0.0040  0.1143012 0.0000e+00
       4119     35.015     8.7024   3.413390     0.4941     0.5566     0.0040  0.1143032 0.0000e+00
       4120     35.038     8.7023   3.413404     0.4940     0.5566     0.0038  0.1143053 0.0000e+00
       4121     35.061     8.7021   3.413419     0.4940     0.5566     0.0040  0.1143075 0.0000e+00
       4122     35.083     8.7020   3.413433     0.4939     0.5565     0.0040  0.1143100 0.0000e+00
       4123     35.106     8.7019   3.413448     0.4939     0.5565     0.0040  0.1143126 0.0000e+00
       4124     35.128     8.7017   3.413463     0.4938     0.5565     0.0040  0.1143154 0.0000e+00
       4125     35.151     8.7015   3.413477     0.4938     0.5565     0.0040  0.1143185 0.0000e+00
       4126     35.173     8.7013   3.413492     0.4937     0.5564     0.0040  0.1143218 0.0000e+00
       4127     35.196     8.7011   3.413506     0.4937     0.5564     0.0040  0.1143254 0.0000e+00
       4128     35.219     8.7009   3.413520     0.4936     0.5564     0.0040  0.1143293 0.0000e+00
       4129     35.241     8.7006   3.413533     0.4936     0.5563     0.0040  0.1143336 0.0000e+00
       4130     35.264     8.7003   3.413545     0.4935     0.5563     0.0040  0.1143382 0.0000e+00
       4131     35.286     8.7000   3.413556     0.4935     0.5563     0.0040  0.1143431 0.0000e+00
       4132     35.309     8.6997   3.413566     0.4934     0.5562     0.0040  0.1143485 0.0000e+00
       4133     35.331     8.6994   3.413576     0.4934     0.5562     0.0040  0.1143544 0.0000e+00
       4134     35.354     8.6990   3.413585     0.4934     0.5561     0.0040  0.1143608 0.0000e+00
       4135     35.376     8.6986   3.413593     0.4933     0.5561     0.0040  0.1143677 0.0000e+00
       4136     35.399     8.6981   3.413602     0.4933     0.5561     0.0040  0.1143752 0.0000e+00
       4137     35.421     8.6976   3.413610     0.4932     0.5560     0.0040  0.1143834 0.0000e+00
       4138     35.443     8.6970   3.413618     0.4932     0.5560     0.0040  0.1143922 0.0000e+00
       4139     35.466     8.6964   3.413626     0.4931     0.5559     0.0040  0.1144019 0.0000e+00
       4140     35.488     8.6958   3.413635     0.4931     0.5559     0.0040  0.1144124 0.0000e+00
       4141     35.510     8.6951   3.413645     0.4931     0.5558     0.0040  0.1144237 0.0000e+00
       4142     35.532     8.6943   3.413656     0.4930     0.5558     0.0040  0.1144361 0.0000e+00
       4143     35.555     8.6938   3.413669     0.4930     0.5557     0.0040  0.1144504 0.0000e+00
       4144     35.577     8.6939   3.413685     0.4929     0.5557     0.0040  0.1144675 0.0000e+00
       4145     35.599     8.6943   3.413702     0.4929     0.5557     0.0040  0.1144868 0.0000e+00
       4146     35.621     8.6946   3.413720     0.4928     0.5556     0.0040  0.1145075 0.0000e+00
       4147     35.643     8.6949   3.413737     0.4928     0.5556     0.0040  0.1145298 0.0000e+00
       4148     35.665     8.6950   3.413755     0.4928     0.5555     0.0040  0.1145538 0.0000e+00
       4149     35.687     8.6951   3.413772     0.4927     0.5555     0.0040  0.1145797 0.0000e+00
       4150     35.709     8.6952   3.413789     0.4927     0.5555     0.0040  0.1146077 0.0000e+00
       4151     35.731     8.6952   3.413805     0.4927     0.5554     0.0040  0.1146379 0.0000e+00
       4152     35.753     8.6951   3.413821     0.4927     0.5554     0.0040  0.1146706 0.0000e+00
       4153     35.775     8.6950   3.413836     0.4926     0.5554     0.0040  0.1147060 0.0000e+00
       4154     35.796     8.6948   3.413850     0.4926     0.5553     0.0040  0.1147444 0.0000e+00
       4155     35.818     8.6945   3.413863     0.4926     0.5553     0.0040  0.1147859 0.0000e+00
       4156     35.840     8.6943   3.413876     0.4925     0.5553     0.0040  0.1148301 0.0000e+00
       4157     35.862     8.6944   3.413889     0.4925     0.5553     0.0040  0.1148739 0.0000e+00
       4158     35.883     8.6945   3.413902     0.4924     0.5552     0.0040  0.1149134 0.0000e+00
       4159     35.905     8.6946   3.413914     0.4923     0.5552     0.0040  0.1149478 0.0000e+00
       4160     35.926     8.6947   3.413927     0.4923     0.5551     0.0040  0.1149801 0.0000e+00
