data/2021/ctd_data_day3/station4d_ctm_fil_le_der.cnv
* Sea-Bird SBE 9 Data File:
* FileName = C:\Users\CTD-User\Desktop\MAR440\day3\station4d.hex
* Software Version Seasave V 7.26.2.13
* Temperature SN = 6313
* Conductivity SN = 4758
* Number of Bytes Per Scan = 37
* Number of Voltage Words = 4
* Number of Scans Averaged by the Deck Unit = 1
* NMEA Latitude = 58 19.57 N
* NMEA Longitude = 011 50.76 E
* NMEA UTC (Time) = Sep 23 2021 09:22:13
* NMEA baud rate = 4800
** Ship: Skagerrak
** Station: station4D
** Operator: Nicolas
# nquan = 13                                
# nvalues = 1887                        
# units = specified
# name 0 = scan: Scan Count
# name 1 = prDM: Pressure, Digiquartz [db]
# name 2 = t090C: Temperature [ITS-90, deg C]
# name 3 = c0S/m: Conductivity [S/m]
# name 4 = sbeox0V: Oxygen raw, SBE 43 [V]
# name 5 = sbeox1V: Oxygen raw, SBE 43, 2 [V]
# name 6 = flECO-AFL: Fluorescence, WET Labs ECO-AFL/FL [mg/m^3]
# name 7 = upoly0: Upoly 0, Turbidity
# name 8 = depSM: Depth [salt water, m], lat = 58.3262
# name 9 = sal00: Salinity, Practical [PSU]
# name 10 = sbeox0ML/L: Oxygen, SBE 43 [ml/l], WS = 2
# name 11 = sbeox1ML/L: Oxygen, SBE 43, 2 [ml/l], WS = 2
# name 12 = flag: flag
# span 0 =          1,       1887       
# span 1 =      0.696,     12.878       
# span 2 =    13.8821,    15.7615       
# span 3 =   2.926252,   3.389260       
# span 4 =     1.6696,     2.7385       
# span 5 =     1.6682,     2.6416       
# span 6 =     0.0037,     0.0101       
# span 7 =  0.0900140,  0.1579594       
# span 8 =      0.690,     12.758       
# span 9 =    22.9617,    27.6950       
# span 10 =     3.1916,     6.6213      
# span 11 =     2.8464,     5.5387      
# span 12 = 0.0000e+00, 0.0000e+00      
# interval = seconds: 0.0416667
# start_time = Sep 23 2021 09:22:13 [NMEA time, header]
# bad_flag = -9.990e-29
*END*
[from data line 889]
        890      1.035    14.9936   2.957938     2.7266     2.6348     0.0062  0.1487554      1.025    23.1615     6.5941     5.5244 -9.990e-29
        891      1.035    14.9935   2.957908     2.7268     2.6349     0.0062  0.1487448      1.025    23.1613     6.5945     5.5245 -9.990e-29
        892      1.034    14.9933   2.957880     2.7269     2.6349     0.0062  0.1487361      1.024    23.1612     6.5946     5.5245 -9.990e-29
        893      1.034    14.9932   2.957856     2.7270     2.6349     0.0062  0.1487292      1.024    23.1611     6.5947     5.5244 -9.990e-29
        894      1.033    14.9932   2.957833     2.7271     2.6350     0.0062  0.1487241      1.023    23.1609     6.5947     5.5246 -9.990e-29
        895      1.033    14.9931   2.957812     2.7272     2.6350     0.0062  0.1487208      1.023    23.1608     6.5948     5.5246 -9.990e-29
        896      1.032    14.9931   2.957791     2.7274     2.6350     0.0062  0.1487193      1.022    23.1606     6.5951     5.5245 -9.990e-29
        897      1.032    14.9930   2.957769     2.7275     2.6351     0.0062  0.1487194      1.022    23.1604     6.5951     5.5248 -9.990e-29
        898      1.031    14.9929   2.957746     2.7276     2.6351     0.0062  0.1487214      1.021    23.1603     6.5952     5.5248 -9.990e-29
        899      1.030    14.9928   2.957721     2.7277     2.6351     0.0062  0.1487250      1.020    23.1601     6.5952     5.5248 -9.990e-29
        900      1.030    14.9926   2.957693     2.7278     2.6352     0.0062  0.1487296      1.020    23.1600     6.5952     5.5250 -9.990e-29
        901      1.030    14.9924   2.957662     2.7279     2.6352     0.0062  0.1487334      1.020    23.1599     6.5953     5.5251 -9.990e-29
        902      1.029    14.9922   2.957626     2.7280     2.6352     0.0062  0.1487357      1.019    23.1597     6.5953     5.5251 -9.990e-29
        903      1.029    14.9919   2.957586     2.7281     2.6353     0.0062  0.1487364      1.019    23.1595     6.5954     5.5254 -9.990e-29
        904      1.029    14.9916   2.957543     2.7282     2.6353     0.0062  0.1487356      1.019    23.1593     6.5954     5.5255 -9.990e-29
        905      1.029    14.9912   2.957498     2.7282     2.6354     0.0062  0.1487333      1.019    23.1592     6.5953     5.5258 -9.990e-29
        906      1.028    14.9909   2.957452     2.7283     2.6354     0.0062  0.1487293      1.018    23.1589     6.5954     5.5259 -9.990e-29
        907      1.028    14.9906   2.957405     2.7284     2.6355     0.0062  0.1487238      1.018    23.1587     6.5954     5.5263 -9.990e-29
        908      1.028    14.9903   2.957359     2.7285     2.6355     0.0062  0.1487166      1.018    23.1585     6.5955     5.5263 -9.990e-29
        909      1.027    14.9899   2.957311     2.7286     2.6356     0.0062  0.1487078      1.017    23.1583     6.5957     5.5267 -9.990e-29
        910      1.027    14.9896   2.957264     2.7286     2.6356     0.0062  0.1486972      1.017    23.1581     6.5955     5.5268 -9.990e-29
        911      1.026    14.9891   2.957215     2.7287     2.6357     0.0062  0.1486848      1.016    23.1580     6.5957     5.5272 -9.990e-29
        912      1.026    14.9887   2.957166     2.7287     2.6357     0.0062  0.1486705      1.016    23.1578     6.5956     5.5273 -9.990e-29
        913      1.025    14.9882   2.957118     2.7287     2.6358     0.0062  0.1486542      1.015    23.1577     6.5956     5.5277 -9.990e-29
        914      1.024    14.9878   2.957071     2.7288     2.6358     0.0060  0.1486357      1.014    23.1575     6.5958     5.5278 -9.990e-29
        915      1.024    14.9874   2.957024     2.7289     2.6359     0.0062  0.1486151      1.014    23.1573     6.5960     5.5282 -9.990e-29
        916      1.023    14.9870   2.956978     2.7289     2.6359     0.0062  0.1485920      1.013    23.1572     6.5960     5.5283 -9.990e-29
        917      1.022    14.9867   2.956932     2.7290     2.6360     0.0062  0.1485664      1.012    23.1569     6.5963     5.5287 -9.990e-29
        918      1.021    14.9863   2.956885     2.7290     2.6360     0.0062  0.1485380      1.012    23.1568     6.5963     5.5289 -9.990e-29
        919      1.019    14.9860   2.956838     2.7291     2.6361     0.0062  0.1485068      1.010    23.1565     6.5966     5.5292 -9.990e-29
        920      1.018    14.9857   2.956792     2.7292     2.6361     0.0062  0.1484723      1.009    23.1563     6.5969     5.5294 -9.990e-29
        921      1.017    14.9854   2.956748     2.7292     2.6362     0.0062  0.1484346      1.008    23.1561     6.5969     5.5297 -9.990e-29
        922      1.015    14.9852   2.956707     2.7293     2.6362     0.0062  0.1483931      1.006    23.1559     6.5973     5.5299 -9.990e-29
        923      1.014    14.9850   2.956670     2.7294     2.6363     0.0062  0.1483477      1.005    23.1557     6.5976     5.5303 -9.990e-29
        924      1.013    14.9848   2.956635     2.7294     2.6363     0.0062  0.1482981      1.004    23.1555     6.5977     5.5304 -9.990e-29
        925      1.011    14.9846   2.956603     2.7295     2.6364     0.0062  0.1482448      1.002    23.1553     6.5980     5.5308 -9.990e-29
        926      1.010    14.9845   2.956573     2.7296     2.6364     0.0064  0.1481898      1.001    23.1551     6.5984     5.5309 -9.990e-29
        927      1.009    14.9844   2.956546     2.7296     2.6365     0.0064  0.1481363      1.000    23.1550     6.5985     5.5312 -9.990e-29
        928      1.008    14.9843   2.956523     2.7297     2.6365     0.0064  0.1480865      0.999    23.1548     6.5988     5.5313 -9.990e-29
        929      1.007    14.9843   2.956503     2.7298     2.6366     0.0064  0.1480407      0.998    23.1547     6.5992     5.5317 -9.990e-29
        930      1.006    14.9843   2.956486     2.7299     2.6366     0.0064  0.1479988      0.997    23.1545     6.5996     5.5318 -9.990e-29
        931      1.005    14.9843   2.956470     2.7299     2.6367     0.0064  0.1479604      0.996    23.1544     6.5996     5.5321 -9.990e-29
        932      1.004    14.9843   2.956458     2.7300     2.6367     0.0064  0.1479252      0.995    23.1543     6.6000     5.5322 -9.990e-29
        933      1.003    14.9844   2.956451     2.7301     2.6368     0.0064  0.1478931      0.994    23.1542     6.6004     5.5325 -9.990e-29
        934      1.003    14.9845   2.956449     2.7302     2.6369     0.0064  0.1478637      0.994    23.1541     6.6007     5.5329 -9.990e-29
        935      1.002    14.9846   2.956452     2.7303     2.6369     0.0064  0.1478369      0.993    23.1540     6.6011     5.5329 -9.990e-29
        936      1.002    14.9847   2.956457     2.7303     2.6370     0.0064  0.1478125      0.993    23.1540     6.6012     5.5332 -9.990e-29
        937      1.001    14.9849   2.956465     2.7304     2.6371     0.0064  0.1477903      0.992    23.1540     6.6015     5.5335 -9.990e-29
        938      1.001    14.9850   2.956475     2.7305     2.6372     0.0064  0.1477702      0.992    23.1540     6.6018     5.5338 -9.990e-29
        939      1.001    14.9851   2.956488     2.7306     2.6372     0.0064  0.1477520      0.992    23.1541     6.6021     5.5339 -9.990e-29
        940      1.001    14.9853   2.956503     2.7307     2.6373     0.0064  0.1477356      0.992    23.1541     6.6025     5.5342 -9.990e-29
        941      1.001    14.9854   2.956519     2.7308     2.6374     0.0062  0.1477209      0.992    23.1542     6.6028     5.5345 -9.990e-29
        942      1.001    14.9856   2.956536     2.7309     2.6375     0.0064  0.1477078      0.992    23.1542     6.6031     5.5348 -9.990e-29
        943      1.001    14.9857   2.956552     2.7309     2.6375     0.0064  0.1476962      0.992    23.1543     6.6032     5.5348 -9.990e-29
        944      1.001    14.9859   2.956569     2.7310     2.6376     0.0064  0.1476859      0.992    23.1543     6.6035     5.5351 -9.990e-29
        945      1.001    14.9861   2.956586     2.7311     2.6377     0.0064  0.1476770      0.992    23.1543     6.6038     5.5354 -9.990e-29
        946      1.001    14.9863   2.956604     2.7312     2.6378     0.0064  0.1476694      0.992    23.1544     6.6041     5.5357 -9.990e-29
        947      1.001    14.9864   2.956624     2.7313     2.6379     0.0064  0.1476631      0.992    23.1545     6.6045     5.5360 -9.990e-29
        948      1.001    14.9866   2.956643     2.7313     2.6380     0.0064  0.1476579      0.992    23.1545     6.6046     5.5363 -9.990e-29
        949      1.001    14.9868   2.956663     2.7314     2.6380     0.0064  0.1476538      0.992    23.1546     6.6049     5.5363 -9.990e-29
        950      1.001    14.9869   2.956684     2.7315     2.6381     0.0064  0.1476509      0.992    23.1547     6.6053     5.5366 -9.990e-29
        951      1.001    14.9871   2.956705     2.7316     2.6382     0.0064  0.1476490      0.992    23.1548     6.6057     5.5368 -9.990e-29
        952      1.000    14.9873   2.956728     2.7316     2.6383     0.0066  0.1476474      0.991    23.1548     6.6059     5.5371 -9.990e-29
        953      1.000    14.9875   2.956753     2.7317     2.6383     0.0066  0.1476443      0.991    23.1549     6.6063     5.5371 -9.990e-29
        954      0.999    14.9877   2.956782     2.7318     2.6384     0.0066  0.1476389      0.990    23.1551     6.6067     5.5373 -9.990e-29
        955      0.998    14.9879   2.956813     2.7319     2.6385     0.0066  0.1476311      0.989    23.1552     6.6072     5.5376 -9.990e-29
        956      0.997    14.9881   2.956846     2.7319     2.6385     0.0066  0.1476208      0.988    23.1554     6.6073     5.5375 -9.990e-29
        957      0.996    14.9884   2.956883     2.7320     2.6386     0.0066  0.1476081      0.987    23.1555     6.6078     5.5378 -9.990e-29
        958      0.994    14.9887   2.956922     2.7321     2.6387     0.0066  0.1475927      0.985    23.1557     6.6083     5.5380 -9.990e-29
        959      0.993    14.9890   2.956965     2.7322     2.6387     0.0066  0.1475746      0.984    23.1559     6.6088     5.5379 -9.990e-29
        960      0.992    14.9893   2.957012     2.7323     2.6388     0.0066  0.1475537      0.983    23.1561     6.6093     5.5381 -9.990e-29
        961      0.990    14.9897   2.957064     2.7323     2.6389     0.0066  0.1475299      0.981    23.1563     6.6095     5.5383 -9.990e-29
        962      0.989    14.9901   2.957120     2.7324     2.6389     0.0066  0.1475029      0.980    23.1566     6.6100     5.5382 -9.990e-29
        963      0.987    14.9906   2.957181     2.7325     2.6390     0.0066  0.1474725      0.978    23.1568     6.6105     5.5383 -9.990e-29
        964      0.985    14.9911   2.957249     2.7326     2.6391     0.0066  0.1474386      0.976    23.1571     6.6110     5.5384 -9.990e-29
        965      0.983    14.9916   2.957324     2.7327     2.6392     0.0066  0.1474009      0.974    23.1574     6.6115     5.5385 -9.990e-29
        966      0.982    14.9922   2.957405     2.7328     2.6392     0.0066  0.1473592      0.973    23.1578     6.6120     5.5384 -9.990e-29
        967      0.980    14.9929   2.957491     2.7329     2.6393     0.0066  0.1473132      0.971    23.1581     6.6125     5.5385 -9.990e-29
        968      0.978    14.9934   2.957577     2.7330     2.6394     0.0066  0.1472625      0.969    23.1586     6.6130     5.5386 -9.990e-29
        969      0.977    14.9939   2.957658     2.7331     2.6395     0.0066  0.1472068      0.968    23.1590     6.6135     5.5386 -9.990e-29
        970      0.975    14.9944   2.957731     2.7332     2.6396     0.0066  0.1471457      0.966    23.1593     6.6140     5.5387 -9.990e-29
        971      0.974    14.9948   2.957794     2.7334     2.6396     0.0066  0.1470788      0.965    23.1596     6.6148     5.5385 -9.990e-29
        972      0.973    14.9952   2.957849     2.7335     2.6397     0.0066  0.1470056      0.964    23.1599     6.6153     5.5386 -9.990e-29
        973      0.972    14.9957   2.957901     2.7336     2.6398     0.0066  0.1469256      0.963    23.1600     6.6157     5.5387 -9.990e-29
        974      0.971    14.9962   2.957956     2.7338     2.6399     0.0066  0.1468383      0.962    23.1602     6.6164     5.5387 -9.990e-29
        975      0.971    14.9968   2.958018     2.7339     2.6399     0.0066  0.1467430      0.962    23.1604     6.6169     5.5385 -9.990e-29
        976      0.971    14.9974   2.958090     2.7341     2.6400     0.0066  0.1466400      0.962    23.1606     6.6176     5.5386 -9.990e-29
        977      0.971    14.9982   2.958173     2.7342     2.6401     0.0064  0.1465336      0.962    23.1609     6.6179     5.5386 -9.990e-29
        978      0.971    14.9990   2.958268     2.7344     2.6402     0.0064  0.1464323      0.962    23.1612     6.6186     5.5385 -9.990e-29
        979      0.971    15.0000   2.958377     2.7345     2.6402     0.0064  0.1463416      0.962    23.1616     6.6188     5.5382 -9.990e-29
        980      0.971    15.0010   2.958500     2.7347     2.6403     0.0064  0.1462607      0.962    23.1620     6.6194     5.5382 -9.990e-29
        981      0.972    15.0021   2.958638     2.7349     2.6404     0.0064  0.1461881      0.963    23.1626     6.6198     5.5381 -9.990e-29
        982      0.972    15.0033   2.958785     2.7350     2.6404     0.0064  0.1461235      0.963    23.1631     6.6200     5.5378 -9.990e-29
        983      0.973    15.0044   2.958935     2.7352     2.6405     0.0064  0.1460664      0.964    23.1638     6.6204     5.5377 -9.990e-29
        984      0.973    15.0055   2.959081     2.7354     2.6405     0.0064  0.1460163      0.964    23.1644     6.6208     5.5374 -9.990e-29
        985      0.974    15.0066   2.959222     2.7355     2.6406     0.0064  0.1459729      0.965    23.1650     6.6209     5.5373 -9.990e-29
        986      0.974    15.0078   2.959362     2.7357     2.6406     0.0064  0.1459359      0.965    23.1655     6.6212     5.5370 -9.990e-29
        987      0.975    15.0090   2.959511     2.7358     2.6406     0.0064  0.1459051      0.966    23.1660     6.6211     5.5366 -9.990e-29
        988      0.975    15.0104   2.959673     2.7360     2.6407     0.0064  0.1458802      0.966    23.1666     6.6213     5.5365 -9.990e-29
        989      0.975    15.0120   2.959854     2.7361     2.6407     0.0064  0.1458611      0.966    23.1672     6.6212     5.5360 -9.990e-29
        990      0.976    15.0137   2.960056     2.7363     2.6407     0.0064  0.1458485      0.967    23.1680     6.6213     5.5356 -9.990e-29
        991      0.976    15.0155   2.960280     2.7364     2.6408     0.0064  0.1458431      0.967    23.1688     6.6210     5.5354 -9.990e-29
        992      0.976    15.0176   2.960529     2.7365     2.6408     0.0064  0.1458441      0.967    23.1697     6.6206     5.5350 -9.990e-29
        993      0.976    15.0199   2.960802     2.7366     2.6408     0.0064  0.1458506      0.967    23.1707     6.6202     5.5345 -9.990e-29
        994      0.975    15.0224   2.961100     2.7368     2.6408     0.0064  0.1458626      0.966    23.1718     6.6200     5.5340 -9.990e-29
        995      0.975    15.0251   2.961421     2.7369     2.6408     0.0064  0.1458803      0.966    23.1730     6.6194     5.5335 -9.990e-29
        996      0.975    15.0278   2.961761     2.7370     2.6408     0.0064  0.1459038      0.966    23.1743     6.6189     5.5330 -9.990e-29
        997      0.975    15.0304   2.962109     2.7371     2.6409     0.0064  0.1459332      0.966    23.1758     6.6183     5.5327 -9.990e-29
        998      0.974    15.0330   2.962456     2.7372     2.6409     0.0064  0.1459687      0.965    23.1773     6.6176     5.5322 -9.990e-29
        999      0.973    15.0355   2.962798     2.7374     2.6409     0.0064  0.1460106      0.964    23.1787     6.6173     5.5317 -9.990e-29
       1000      0.973    15.0380   2.963133     2.7375     2.6409     0.0064  0.1460592      0.964    23.1801     6.6166     5.5313 -9.990e-29
