data/2021/ctd_data_day3/station2B_ctm_fil_le_der.cnv
* Sea-Bird SBE 9 Data File:
* FileName = C:\Users\CTD-User\Desktop\MAR440\day3\station2B.hex
* Software Version Seasave V 7.26.2.13
* Temperature SN = 6313
* Conductivity SN = 4758
* Number of Bytes Per Scan = 37
* Number of Voltage Words = 4
* Number of Scans Averaged by the Deck Unit = 1
* NMEA Latitude = 58 20.01 N
* NMEA Longitude = 011 52.53 E
* NMEA UTC (Time) = Sep 23 2021 08:43:00
* NMEA baud rate = 4800
** Ship: Skagerrak
** Station: station2B
** Operator: Eva
# nquan = 13                                
# nvalues = 5095                        
# units = specified
# name 0 = scan: Scan Count
# name 1 = prDM: Pressure, Digiquartz [db]
# name 2 = t090C: Temperature [ITS-90, deg C]
# name 3 = c0S/m: Conductivity [S/m]
# name 4 = sbeox0V: Oxygen raw, SBE 43 [V]
# name 5 = sbeox1V: Oxygen raw, SBE 43, 2 [V]
# name 6 = flECO-AFL: Fluorescence, WET Labs ECO-AFL/FL [mg/m^3]
# name 7 = upoly0: Upoly 0, Turbidity
# name 8 = depSM: Depth [salt water, m], lat = 58.3335
# name 9 = sal00: Salinity, Practical [PSU]
# name 10 = sbeox0ML/L: Oxygen, SBE 43 [ml/l], WS = 2
# name 11 = sbeox1ML/L: Oxygen, SBE 43, 2 [ml/l], WS = 2
# name 12 = flag: flag
# span 0 =          1,       5095       
# span 1 =      0.239,     45.258       
# span 2 =     7.9778,    15.7832       
# span 3 =   0.046579,   3.464316       
# span 4 =     0.4751,     3.1973       
# span 5 =     0.5341,     2.8012       
# span 6 =     0.0033,     0.0346       
# span 7 =  0.0805987,  0.2200974       
# span 8 =      0.237,     44.832       
# span 9 =     0.2918,    32.2432       
# span 10 =    -0.1326,     8.7774      
# span 11 =     0.1726,     7.1517      
# span 12 = 0.0000e+00, 0.0000e+00      
# interval = seconds: 0.0416667
# start_time = Sep 23 2021 08:43:00 [NMEA time, header]
# bad_flag = -9.990e-29
*END*
[from data line 778]
        779      1.203    15.1844   2.940832     3.1451     2.5772     0.0046  0.1687734      1.192    22.9025     7.9642     5.0138 -9.990e-29
        780      1.202    15.1844   2.940711     3.1463     2.5739     0.0046  0.1687649      1.191    22.9014     7.9644     5.0071 -9.990e-29
        781      1.200    15.1845   2.940591     3.1474     2.5707     0.0046  0.1687684      1.189    22.9003     7.9642     5.0007 -9.990e-29
        782      1.199    15.1845   2.940473     3.1485     2.5674     0.0046  0.1687840      1.188    22.8993     7.9642     4.9940 -9.990e-29
        783      1.197    15.1845   2.940357     3.1496     2.5642     0.0046  0.1688119      1.186    22.8983     7.9641     4.9876 -9.990e-29
        784      1.195    15.1845   2.940243     3.1507     2.5610     0.0046  0.1688513      1.184    22.8973     7.9641     4.9812 -9.990e-29
        785      1.194    15.1844   2.940133     3.1517     2.5578     0.0046  0.1689008      1.183    22.8965     7.9639     4.9748 -9.990e-29
        786      1.192    15.1844   2.940027     3.1527     2.5546     0.0046  0.1689608      1.181    22.8956     7.9637     4.9685 -9.990e-29
        787      1.190    15.1843   2.939928     3.1537     2.5515     0.0046  0.1690334      1.179    22.8948     7.9635     4.9624 -9.990e-29
        788      1.188    15.1842   2.939834     3.1547     2.5483     0.0046  0.1691165      1.177    22.8940     7.9634     4.9560 -9.990e-29
        789      1.187    15.1841   2.939746     3.1556     2.5452     0.0046  0.1692014      1.176    22.8933     7.9630     4.9499 -9.990e-29
        790      1.185    15.1840   2.939667     3.1566     2.5421     0.0046  0.1692794      1.174    22.8927     7.9630     4.9438 -9.990e-29
        791      1.183    15.1839   2.939595     3.1575     2.5390     0.0046  0.1693475      1.172    22.8921     7.9627     4.9377 -9.990e-29
        792      1.181    15.1838   2.939531     3.1583     2.5359     0.0046  0.1694070      1.170    22.8917     7.9622     4.9316 -9.990e-29
        793      1.180    15.1837   2.939473     3.1592     2.5329     0.0046  0.1694594      1.169    22.8912     7.9619     4.9258 -9.990e-29
        794      1.178    15.1836   2.939421     3.1600     2.5298     0.0046  0.1695049      1.167    22.8908     7.9615     4.9198 -9.990e-29
        795      1.176    15.1835   2.939374     3.1609     2.5268     0.0046  0.1695438      1.165    22.8905     7.9613     4.9139 -9.990e-29
        796      1.174    15.1834   2.939332     3.1617     2.5238     0.0046  0.1695764      1.163    22.8902     7.9609     4.9081 -9.990e-29
        797      1.172    15.1833   2.939296     3.1624     2.5208     0.0046  0.1696030      1.161    22.8899     7.9602     4.9023 -9.990e-29
        798      1.170    15.1831   2.939265     3.1632     2.5178     0.0046  0.1696237      1.159    22.8898     7.9598     4.8966 -9.990e-29
        799      1.169    15.1830   2.939237     3.1639     2.5148     0.0046  0.1696386      1.158    22.8896     7.9592     4.8908 -9.990e-29
        800      1.167    15.1829   2.939213     3.1647     2.5119     0.0046  0.1696479      1.156    22.8895     7.9589     4.8853 -9.990e-29
        801      1.165    15.1828   2.939193     3.1654     2.5090     0.0044  0.1696517      1.154    22.8893     7.9583     4.8798 -9.990e-29
        802      1.164    15.1826   2.939177     3.1660     2.5061     0.0046  0.1696499      1.153    22.8893     7.9575     4.8743 -9.990e-29
        803      1.162    15.1825   2.939163     3.1667     2.5032     0.0046  0.1696425      1.151    22.8893     7.9570     4.8688 -9.990e-29
        804      1.161    15.1823   2.939152     3.1673     2.5003     0.0046  0.1696296      1.150    22.8893     7.9563     4.8633 -9.990e-29
        805      1.159    15.1822   2.939141     3.1680     2.4974     0.0046  0.1696109      1.148    22.8892     7.9559     4.8579 -9.990e-29
        806      1.158    15.1820   2.939132     3.1686     2.4946     0.0046  0.1695865      1.147    22.8893     7.9552     4.8527 -9.990e-29
        807      1.157    15.1818   2.939123     3.1692     2.4917     0.0046  0.1695560      1.146    22.8893     7.9546     4.8473 -9.990e-29
        808      1.156    15.1816   2.939114     3.1697     2.4889     0.0046  0.1695193      1.145    22.8894     7.9537     4.8422 -9.990e-29
        809      1.155    15.1814   2.939104     3.1703     2.4861     0.0046  0.1694762      1.144    22.8894     7.9531     4.8371 -9.990e-29
        810      1.154    15.1811   2.939093     3.1708     2.4834     0.0046  0.1694263      1.143    22.8895     7.9523     4.8322 -9.990e-29
        811      1.154    15.1809   2.939081     3.1713     2.4806     0.0046  0.1693693      1.143    22.8895     7.9515     4.8272 -9.990e-29
        812      1.153    15.1806   2.939067     3.1718     2.4779     0.0046  0.1693048      1.142    22.8895     7.9508     4.8224 -9.990e-29
        813      1.153    15.1804   2.939050     3.1723     2.4752     0.0046  0.1692324      1.142    22.8895     7.9501     4.8177 -9.990e-29
        814      1.153    15.1801   2.939031     3.1727     2.4725     0.0046  0.1691557      1.142    22.8895     7.9492     4.8130 -9.990e-29
        815      1.152    15.1798   2.939010     3.1732     2.4698     0.0046  0.1690845      1.141    22.8895     7.9486     4.8083 -9.990e-29
        816      1.152    15.1796   2.938986     3.1736     2.4671     0.0046  0.1690259      1.141    22.8894     7.9478     4.8037 -9.990e-29
        817      1.152    15.1793   2.938959     3.1740     2.4645     0.0046  0.1689812      1.141    22.8894     7.9470     4.7993 -9.990e-29
        818      1.152    15.1791   2.938930     3.1744     2.4619     0.0046  0.1689500      1.141    22.8892     7.9462     4.7950 -9.990e-29
        819      1.151    15.1788   2.938897     3.1747     2.4593     0.0046  0.1689314      1.140    22.8891     7.9452     4.7908 -9.990e-29
        820      1.151    15.1786   2.938862     3.1751     2.4567     0.0046  0.1689243      1.140    22.8889     7.9446     4.7865 -9.990e-29
        821      1.150    15.1784   2.938824     3.1754     2.4542     0.0046  0.1689295      1.139    22.8887     7.9437     4.7826 -9.990e-29
        822      1.150    15.1782   2.938783     3.1758     2.4516     0.0046  0.1689471      1.139    22.8885     7.9431     4.7785 -9.990e-29
        823      1.149    15.1780   2.938740     3.1761     2.4491     0.0046  0.1689755      1.138    22.8882     7.9423     4.7746 -9.990e-29
        824      1.149    15.1778   2.938696     3.1764     2.4467     0.0046  0.1690149      1.138    22.8880     7.9416     4.7711 -9.990e-29
        825      1.149    15.1777   2.938653     3.1766     2.4442     0.0044  0.1690664      1.138    22.8877     7.9406     4.7673 -9.990e-29
        826      1.149    15.1776   2.938611     3.1769     2.4418     0.0046  0.1691303      1.138    22.8874     7.9400     4.7639 -9.990e-29
        827      1.149    15.1774   2.938572     3.1772     2.4394     0.0046  0.1692081      1.138    22.8872     7.9395     4.7606 -9.990e-29
        828      1.150    15.1773   2.938537     3.1774     2.4370     0.0046  0.1693010      1.139    22.8869     7.9387     4.7573 -9.990e-29
        829      1.151    15.1773   2.938503     3.1777     2.4346     0.0046  0.1694088      1.140    22.8866     7.9383     4.7540 -9.990e-29
        830      1.153    15.1772   2.938469     3.1779     2.4323     0.0046  0.1695315      1.142    22.8864     7.9377     4.7511 -9.990e-29
        831      1.154    15.1772   2.938433     3.1781     2.4300     0.0046  0.1696708      1.143    22.8861     7.9371     4.7483 -9.990e-29
        832      1.156    15.1771   2.938398     3.1783     2.4277     0.0046  0.1698275      1.145    22.8858     7.9367     4.7455 -9.990e-29
        833      1.158    15.1771   2.938365     3.1785     2.4254     0.0046  0.1700021      1.147    22.8856     7.9362     4.7428 -9.990e-29
        834      1.160    15.1771   2.938335     3.1787     2.4232     0.0046  0.1701956      1.149    22.8853     7.9359     4.7405 -9.990e-29
        835      1.162    15.1772   2.938306     3.1789     2.4210     0.0046  0.1704086      1.151    22.8850     7.9357     4.7382 -9.990e-29
        836      1.165    15.1773   2.938278     3.1791     2.4188     0.0044  0.1706426      1.154    22.8847     7.9355     4.7360 -9.990e-29
        837      1.168    15.1774   2.938251     3.1793     2.4167     0.0046  0.1709009      1.157    22.8844     7.9355     4.7342 -9.990e-29
        838      1.172    15.1775   2.938227     3.1795     2.4146     0.0046  0.1711861      1.161    22.8841     7.9355     4.7324 -9.990e-29
        839      1.176    15.1777   2.938205     3.1796     2.4125     0.0046  0.1714925      1.165    22.8838     7.9353     4.7308 -9.990e-29
        840      1.181    15.1779   2.938184     3.1798     2.4105     0.0046  0.1718003      1.170    22.8835     7.9355     4.7295 -9.990e-29
        841      1.186    15.1781   2.938162     3.1799     2.4085     0.0048  0.1720895      1.175    22.8832     7.9355     4.7283 -9.990e-29
        842      1.191    15.1783   2.938139     3.1801     2.4065     0.0048  0.1723535      1.180    22.8829     7.9358     4.7272 -9.990e-29
        843      1.195    15.1786   2.938113     3.1802     2.4045     0.0046  0.1725943      1.184    22.8825     7.9360     4.7261 -9.990e-29
        844      1.200    15.1789   2.938082     3.1804     2.4026     0.0048  0.1728152      1.189    22.8821     7.9365     4.7255 -9.990e-29
        845      1.205    15.1793   2.938042     3.1805     2.4008     0.0048  0.1730186      1.194    22.8815     7.9369     4.7251 -9.990e-29
        846      1.209    15.1796   2.937990     3.1806     2.3989     0.0048  0.1732058      1.198    22.8809     7.9373     4.7246 -9.990e-29
        847      1.213    15.1800   2.937927     3.1808     2.3971     0.0048  0.1733783      1.202    22.8801     7.9381     4.7245 -9.990e-29
        848      1.217    15.1803   2.937849     3.1809     2.3954     0.0048  0.1735372      1.206    22.8792     7.9387     4.7247 -9.990e-29
        849      1.221    15.1807   2.937754     3.1811     2.3937     0.0048  0.1736837      1.210    22.8782     7.9397     4.7250 -9.990e-29
        850      1.224    15.1811   2.937641     3.1812     2.3920     0.0048  0.1738186      1.213    22.8770     7.9404     4.7254 -9.990e-29
        851      1.226    15.1814   2.937508     3.1814     2.3904     0.0048  0.1739430      1.215    22.8757     7.9415     4.7261 -9.990e-29
        852      1.228    15.1818   2.937353     3.1816     2.3889     0.0048  0.1740578      1.217    22.8741     7.9427     4.7271 -9.990e-29
        853      1.230    15.1821   2.937176     3.1817     2.3874     0.0048  0.1741637      1.219    22.8724     7.9436     4.7282 -9.990e-29
        854      1.231    15.1825   2.936979     3.1819     2.3859     0.0048  0.1742614      1.220    22.8705     7.9450     4.7294 -9.990e-29
        855      1.232    15.1828   2.936766     3.1821     2.3845     0.0048  0.1743518      1.221    22.8685     7.9463     4.7309 -9.990e-29
        856      1.232    15.1831   2.936544     3.1823     2.3832     0.0048  0.1744352      1.221    22.8664     7.9478     4.7328 -9.990e-29
        857      1.233    15.1833   2.936320     3.1825     2.3819     0.0048  0.1745125      1.222    22.8644     7.9492     4.7347 -9.990e-29
        858      1.233    15.1836   2.936101     3.1827     2.3807     0.0048  0.1745841      1.222    22.8623     7.9507     4.7368 -9.990e-29
        859      1.232    15.1838   2.935893     3.1830     2.3795     0.0048  0.1746504      1.221    22.8604     7.9525     4.7390 -9.990e-29
        860      1.232    15.1840   2.935697     3.1832     2.3784     0.0048  0.1747120      1.221    22.8586     7.9541     4.7415 -9.990e-29
        861      1.231    15.1841   2.935514     3.1835     2.3773     0.0048  0.1747693      1.220    22.8570     7.9559     4.7441 -9.990e-29
        862      1.229    15.1843   2.935345     3.1838     2.3763     0.0048  0.1748227      1.218    22.8554     7.9578     4.7469 -9.990e-29
        863      1.227    15.1844   2.935188     3.1840     2.3754     0.0048  0.1748725      1.216    22.8540     7.9594     4.7500 -9.990e-29
        864      1.226    15.1845   2.935043     3.1843     2.3745     0.0048  0.1749192      1.215    22.8527     7.9613     4.7531 -9.990e-29
        865      1.223    15.1846   2.934911     3.1846     2.3737     0.0049  0.1749621      1.212    22.8515     7.9631     4.7564 -9.990e-29
        866      1.221    15.1847   2.934795     3.1849     2.3729     0.0049  0.1749999      1.210    22.8505     7.9649     4.7598 -9.990e-29
        867      1.219    15.1848   2.934699     3.1853     2.3721     0.0049  0.1750320      1.208    22.8496     7.9670     4.7633 -9.990e-29
        868      1.217    15.1849   2.934625     3.1856     2.3715     0.0049  0.1750585      1.206    22.8489     7.9687     4.7672 -9.990e-29
        869      1.215    15.1849   2.934575     3.1860     2.3708     0.0049  0.1750798      1.204    22.8485     7.9706     4.7709 -9.990e-29
        870      1.213    15.1850   2.934550     3.1863     2.3703     0.0049  0.1750960      1.202    22.8482     7.9722     4.7751 -9.990e-29
        871      1.212    15.1851   2.934546     3.1867     2.3698     0.0049  0.1751071      1.201    22.8481     7.9740     4.7792 -9.990e-29
        872      1.210    15.1852   2.934563     3.1871     2.3693     0.0048  0.1751132      1.199    22.8482     7.9758     4.7834 -9.990e-29
        873      1.208    15.1853   2.934598     3.1875     2.3689     0.0049  0.1751145      1.197    22.8485     7.9774     4.7879 -9.990e-29
        874      1.206    15.1854   2.934649     3.1878     2.3685     0.0049  0.1751108      1.195    22.8488     7.9786     4.7923 -9.990e-29
        875      1.205    15.1855   2.934713     3.1882     2.3682     0.0049  0.1751021      1.194    22.8493     7.9801     4.7969 -9.990e-29
        876      1.203    15.1856   2.934788     3.1886     2.3679     0.0049  0.1750885      1.192    22.8499     7.9814     4.8016 -9.990e-29
        877      1.202    15.1857   2.934868     3.1890     2.3677     0.0049  0.1750698      1.191    22.8505     7.9827     4.8065 -9.990e-29
        878      1.201    15.1858   2.934949     3.1894     2.3675     0.0049  0.1750459      1.190    22.8512     7.9838     4.8114 -9.990e-29
        879      1.200    15.1859   2.935028     3.1898     2.3674     0.0049  0.1750165      1.189    22.8518     7.9849     4.8164 -9.990e-29
        880      1.198    15.1861   2.935101     3.1902     2.3673     0.0049  0.1749816      1.187    22.8523     7.9858     4.8215 -9.990e-29
        881      1.197    15.1862   2.935169     3.1906     2.3673     0.0049  0.1749409      1.186    22.8528     7.9866     4.8267 -9.990e-29
        882      1.196    15.1864   2.935231     3.1910     2.3673     0.0049  0.1748940      1.185    22.8533     7.9873     4.8319 -9.990e-29
        883      1.195    15.1866   2.935287     3.1914     2.3673     0.0049  0.1748407      1.184    22.8536     7.9879     4.8370 -9.990e-29
        884      1.193    15.1867   2.935337     3.1918     2.3674     0.0049  0.1747805      1.182    22.8540     7.9884     4.8423 -9.990e-29
        885      1.191    15.1869   2.935381     3.1922     2.3676     0.0049  0.1747132      1.180    22.8543     7.9887     4.8477 -9.990e-29
        886      1.189    15.1871   2.935417     3.1926     2.3678     0.0049  0.1746381      1.178    22.8544     7.9890     4.8530 -9.990e-29
        887      1.187    15.1873   2.935445     3.1930     2.3680     0.0049  0.1745548      1.176    22.8546     7.9891     4.8582 -9.990e-29
        888      1.185    15.1875   2.935464     3.1934     2.3683     0.0048  0.1744627      1.174    22.8546     7.9892     4.8636 -9.990e-29
