data/2021/ctd_data_day3/station7g_ctm_fil_le.cnv
* Sea-Bird SBE 9 Data File:
* FileName = C:\Users\CTD-User\Desktop\MAR440\day3\station7g.hex
* Software Version Seasave V 7.26.2.13
* Temperature SN = 6313
* Conductivity SN = 4758
* Number of Bytes Per Scan = 37
* Number of Voltage Words = 4
* Number of Scans Averaged by the Deck Unit = 1
* NMEA Latitude = 58 18.80 N
* NMEA Longitude = 011 46.06 E
* NMEA UTC (Time) = Sep 23 2021 10:57:43
* NMEA baud rate = 4800
** Ship: Skagerrak
** Station: station7g
** Operator: Christina
# nquan = 9
# nvalues = 3543                        
# units = specified
# name 0 = scan: Scan Count
# name 1 = prDM: Pressure, Digiquartz [db]
# name 2 = t090C: Temperature [ITS-90, deg C]
# name 3 = c0S/m: Conductivity [S/m]
# name 4 = sbeox0V: Oxygen raw, SBE 43 [V]
# name 5 = sbeox1V: Oxygen raw, SBE 43, 2 [V]
# name 6 = flECO-AFL: Fluorescence, WET Labs ECO-AFL/FL [mg/m^3]
# name 7 = upoly0: Upoly 0, Turbidity
# name 8 = flag:  0.000e+00
# span 0 =          1,       3543       
# span 1 =      1.388,     39.004       
# span 2 =     6.6606,    16.0072       
# span 3 =   2.904257,   3.713763       
# span 4 =     0.5019,     2.8510       
# span 5 =     0.5512,     2.8009       
# span 6 =     0.0033,     0.0139       
# span 7 =  0.0863164,  0.1574232       
# span 8 = 0.0000e+00, 0.0000e+00       
# interval = seconds: 0.0416667
# start_time = Sep 23 2021 10:57:43 [NMEA time, header]
# bad_flag = -9.990e-29
*END*
[from data line 3361]
       3362     37.290     6.6877   3.244784     0.5290     0.5710     0.0135  0.0874258 -9.990e-29
       3363     37.299     6.6882   3.244786     0.5287     0.5708     0.0135  0.0874274 -9.990e-29
       3364     37.308     6.6884   3.244786     0.5284     0.5706     0.0135  0.0874290 -9.990e-29
       3365     37.317     6.6883   3.244784     0.5282     0.5704     0.0135  0.0874307 -9.990e-29
       3366     37.327     6.6879   3.244781     0.5279     0.5702     0.0135  0.0874325 -9.990e-29
       3367     37.336     6.6871   3.244776     0.5277     0.5700     0.0135  0.0874344 -9.990e-29
       3368     37.345     6.6861   3.244770     0.5274     0.5698     0.0135  0.0874364 -9.990e-29
       3369     37.355     6.6847   3.244763     0.5272     0.5696     0.0134  0.0874385 -9.990e-29
       3370     37.364     6.6831   3.244754     0.5270     0.5694     0.0134  0.0874407 -9.990e-29
       3371     37.373     6.6811   3.244744     0.5267     0.5692     0.0134  0.0874431 -9.990e-29
       3372     37.383     6.6787   3.244733     0.5265     0.5690     0.0135  0.0874456 -9.990e-29
       3373     37.393     6.6760   3.244720     0.5262     0.5688     0.0135  0.0874483 -9.990e-29
       3374     37.402     6.6744   3.244711     0.5260     0.5686     0.0135  0.0874512 -9.990e-29
       3375     37.412     6.6751   3.244711     0.5257     0.5685     0.0135  0.0874543 -9.990e-29
       3376     37.422     6.6769   3.244714     0.5254     0.5683     0.0135  0.0874577 -9.990e-29
       3377     37.431     6.6784   3.244717     0.5252     0.5681     0.0135  0.0874613 -9.990e-29
       3378     37.441     6.6795   3.244717     0.5249     0.5679     0.0135  0.0874652 -9.990e-29
       3379     37.451     6.6802   3.244717     0.5247     0.5677     0.0135  0.0874694 -9.990e-29
       3380     37.461     6.6807   3.244715     0.5245     0.5675     0.0134  0.0874740 -9.990e-29
       3381     37.470     6.6808   3.244712     0.5243     0.5674     0.0135  0.0874789 -9.990e-29
       3382     37.480     6.6809   3.244710     0.5240     0.5672     0.0134  0.0874842 -9.990e-29
       3383     37.490     6.6816   3.244709     0.5237     0.5670     0.0135  0.0874900 -9.990e-29
       3384     37.500     6.6823   3.244709     0.5235     0.5668     0.0135  0.0874963 -9.990e-29
       3385     37.510     6.6827   3.244707     0.5232     0.5667     0.0134  0.0875031 -9.990e-29
       3386     37.520     6.6827   3.244704     0.5230     0.5665     0.0135  0.0875105 -9.990e-29
       3387     37.530     6.6832   3.244702     0.5228     0.5663     0.0135  0.0875194 -9.990e-29
       3388     37.540     6.6848   3.244704     0.5225     0.5662     0.0134  0.0875315 -9.990e-29
       3389     37.549     6.6868   3.244708     0.5223     0.5660     0.0135  0.0875469 -9.990e-29
       3390     37.559     6.6885   3.244710     0.5221     0.5658     0.0134  0.0875641 -9.990e-29
       3391     37.570     6.6899   3.244712     0.5219     0.5657     0.0135  0.0875814 -9.990e-29
       3392     37.580     6.6911   3.244712     0.5217     0.5655     0.0135  0.0875973 -9.990e-29
       3393     37.590     6.6920   3.244712     0.5215     0.5653     0.0134  0.0876110 -9.990e-29
       3394     37.600     6.6932   3.244711     0.5212     0.5652     0.0135  0.0876219 -9.990e-29
       3395     37.610     6.6949   3.244713     0.5210     0.5650     0.0134  0.0876290 -9.990e-29
       3396     37.620     6.6968   3.244716     0.5208     0.5649     0.0135  0.0876333 -9.990e-29
       3397     37.631     6.6985   3.244718     0.5206     0.5647     0.0135  0.0876357 -9.990e-29
       3398     37.641     6.7000   3.244720     0.5204     0.5646     0.0135  0.0876371 -9.990e-29
       3399     37.651     6.7013   3.244721     0.5202     0.5644     0.0135  0.0876391 -9.990e-29
       3400     37.661     6.7024   3.244722     0.5200     0.5643     0.0134  0.0876418 -9.990e-29
       3401     37.672     6.7034   3.244723     0.5198     0.5641     0.0135  0.0876435 -9.990e-29
       3402     37.682     6.7043   3.244723     0.5196     0.5640     0.0135  0.0876433 -9.990e-29
       3403     37.692     6.7050   3.244722     0.5194     0.5638     0.0134  0.0876422 -9.990e-29
       3404     37.703     6.7056   3.244721     0.5193     0.5637     0.0135  0.0876409 -9.990e-29
       3405     37.713     6.7060   3.244720     0.5191     0.5636     0.0135  0.0876386 -9.990e-29
       3406     37.724     6.7064   3.244718     0.5189     0.5634     0.0134  0.0876344 -9.990e-29
       3407     37.734     6.7066   3.244716     0.5187     0.5633     0.0135  0.0876283 -9.990e-29
       3408     37.744     6.7067   3.244712     0.5185     0.5631     0.0134  0.0876211 -9.990e-29
       3409     37.755     6.7067   3.244709     0.5184     0.5630     0.0134  0.0876145 -9.990e-29
       3410     37.765     6.7065   3.244705     0.5182     0.5629     0.0134  0.0876084 -9.990e-29
       3411     37.776     6.7062   3.244700     0.5180     0.5627     0.0135  0.0876010 0.0000e+00
       3412     37.787     6.7058   3.244696     0.5178     0.5626     0.0134  0.0875915 -9.990e-29
       3413     37.797     6.7053   3.244691     0.5176     0.5625     0.0135  0.0875806 -9.990e-29
       3414     37.808     6.7047   3.244685     0.5174     0.5623     0.0135  0.0875692 0.0000e+00
       3415     37.819     6.7039   3.244680     0.5172     0.5622     0.0135  0.0875570 -9.990e-29
       3416     37.829     6.7030   3.244674     0.5171     0.5621     0.0137  0.0875450 -9.990e-29
       3417     37.840     6.7019   3.244668     0.5169     0.5619     0.0135  0.0875339 0.0000e+00
       3418     37.851     6.7007   3.244662     0.5167     0.5618     0.0137  0.0875236 0.0000e+00
       3419     37.862     6.6993   3.244655     0.5165     0.5617     0.0135  0.0875139 0.0000e+00
       3420     37.873     6.6977   3.244647     0.5163     0.5616     0.0137  0.0875050 -9.990e-29
       3421     37.883     6.6960   3.244639     0.5162     0.5614     0.0135  0.0874966 -9.990e-29
       3422     37.894     6.6940   3.244629     0.5160     0.5613     0.0137  0.0874887 0.0000e+00
       3423     37.905     6.6919   3.244620     0.5158     0.5612     0.0137  0.0874813 0.0000e+00
       3424     37.916     6.6896   3.244609     0.5157     0.5611     0.0137  0.0874744 0.0000e+00
       3425     37.927     6.6870   3.244597     0.5155     0.5610     0.0137  0.0874678 0.0000e+00
       3426     37.938     6.6847   3.244586     0.5153     0.5609     0.0135  0.0874616 0.0000e+00
       3427     37.949     6.6833   3.244579     0.5151     0.5607     0.0137  0.0874557 -9.990e-29
       3428     37.959     6.6822   3.244572     0.5149     0.5606     0.0137  0.0874500 -9.990e-29
       3429     37.970     6.6809   3.244565     0.5147     0.5605     0.0137  0.0874445 0.0000e+00
       3430     37.981     6.6797   3.244559     0.5145     0.5604     0.0135  0.0874392 0.0000e+00
       3431     37.992     6.6793   3.244556     0.5143     0.5603     0.0137  0.0874348 0.0000e+00
       3432     38.003     6.6791   3.244553     0.5141     0.5601     0.0137  0.0874323 0.0000e+00
       3433     38.014     6.6786   3.244549     0.5139     0.5600     0.0137  0.0874307 0.0000e+00
       3434     38.025     6.6781   3.244544     0.5138     0.5599     0.0139  0.0874292 0.0000e+00
       3435     38.036     6.6781   3.244541     0.5136     0.5598     0.0135  0.0874277 -9.990e-29
       3436     38.046     6.6782   3.244538     0.5134     0.5597     0.0137  0.0874263 -9.990e-29
       3437     38.057     6.6779   3.244534     0.5133     0.5595     0.0137  0.0874250 0.0000e+00
       3438     38.068     6.6778   3.244531     0.5131     0.5594     0.0137  0.0874237 0.0000e+00
       3439     38.079     6.6786   3.244530     0.5129     0.5593     0.0137  0.0874224 0.0000e+00
       3440     38.090     6.6796   3.244531     0.5127     0.5592     0.0137  0.0874211 0.0000e+00
       3441     38.101     6.6804   3.244530     0.5126     0.5591     0.0134  0.0874198 -9.990e-29
       3442     38.111     6.6809   3.244528     0.5125     0.5590     0.0134  0.0874185 -9.990e-29
       3443     38.122     6.6811   3.244525     0.5123     0.5589     0.0134  0.0874172 0.0000e+00
       3444     38.133     6.6810   3.244521     0.5122     0.5588     0.0134  0.0874159 0.0000e+00
       3445     38.144     6.6806   3.244515     0.5120     0.5586     0.0134  0.0874146 0.0000e+00
       3446     38.155     6.6800   3.244508     0.5119     0.5585     0.0134  0.0874132 0.0000e+00
       3447     38.166     6.6791   3.244500     0.5117     0.5584     0.0134  0.0874118 -9.990e-29
       3448     38.176     6.6782   3.244492     0.5116     0.5583     0.0134  0.0874103 -9.990e-29
       3449     38.187     6.6777   3.244484     0.5114     0.5582     0.0135  0.0874088 0.0000e+00
       3450     38.198     6.6773   3.244476     0.5112     0.5581     0.0134  0.0874072 0.0000e+00
       3451     38.209     6.6765   3.244466     0.5111     0.5580     0.0134  0.0874055 -9.990e-29
       3452     38.219     6.6754   3.244455     0.5109     0.5579     0.0134  0.0874037 -9.990e-29
       3453     38.230     6.6746   3.244444     0.5108     0.5578     0.0132  0.0874017 0.0000e+00
       3454     38.241     6.6746   3.244437     0.5106     0.5577     0.0130  0.0874005 0.0000e+00
       3455     38.252     6.6749   3.244430     0.5105     0.5576     0.0134  0.0874009 0.0000e+00
       3456     38.263     6.6748   3.244422     0.5104     0.5575     0.0134  0.0874020 -9.990e-29
       3457     38.273     6.6744   3.244413     0.5103     0.5574     0.0134  0.0874029 -9.990e-29
       3458     38.284     6.6738   3.244404     0.5101     0.5573     0.0134  0.0874038 0.0000e+00
       3459     38.295     6.6733   3.244395     0.5100     0.5572     0.0130  0.0874045 0.0000e+00
       3460     38.306     6.6734   3.244389     0.5099     0.5571     0.0134  0.0874051 0.0000e+00
       3461     38.317     6.6738   3.244383     0.5097     0.5570     0.0134  0.0874056 0.0000e+00
       3462     38.328     6.6738   3.244377     0.5096     0.5569     0.0134  0.0874060 0.0000e+00
       3463     38.339     6.6738   3.244372     0.5094     0.5568     0.0134  0.0874063 0.0000e+00
       3464     38.350     6.6740   3.244367     0.5093     0.5568     0.0132  0.0874065 0.0000e+00
       3465     38.361     6.6742   3.244362     0.5091     0.5567     0.0132  0.0874067 0.0000e+00
       3466     38.372     6.6741   3.244356     0.5090     0.5566     0.0134  0.0874067 -9.990e-29
       3467     38.382     6.6737   3.244348     0.5089     0.5565     0.0135  0.0874066 -9.990e-29
       3468     38.393     6.6730   3.244339     0.5088     0.5564     0.0137  0.0874065 0.0000e+00
       3469     38.404     6.6720   3.244329     0.5087     0.5563     0.0137  0.0874062 -9.990e-29
       3470     38.414     6.6707   3.244318     0.5086     0.5562     0.0135  0.0874059 -9.990e-29
       3471     38.425     6.6691   3.244305     0.5085     0.5561     0.0137  0.0874054 0.0000e+00
       3472     38.436     6.6672   3.244291     0.5084     0.5561     0.0137  0.0874049 0.0000e+00
       3473     38.447     6.6656   3.244278     0.5083     0.5560     0.0137  0.0874043 0.0000e+00
       3474     38.458     6.6649   3.244268     0.5081     0.5559     0.0137  0.0874035 0.0000e+00
       3475     38.469     6.6655   3.244261     0.5079     0.5558     0.0137  0.0874026 -9.990e-29
       3476     38.479     6.6676   3.244259     0.5078     0.5557     0.0137  0.0874016 -9.990e-29
       3477     38.490     6.6703   3.244260     0.5076     0.5556     0.0137  0.0874005 0.0000e+00
       3478     38.501     6.6727   3.244259     0.5075     0.5555     0.0137  0.0873992 -9.990e-29
       3479     38.511     6.6748   3.244257     0.5074     0.5554     0.0137  0.0873978 -9.990e-29
       3480     38.522     6.6766   3.244254     0.5073     0.5553     0.0137  0.0873963 -9.990e-29
       3481     38.532     6.6782   3.244251     0.5071     0.5552     0.0137  0.0873946 -9.990e-29
       3482     38.543     6.6795   3.244247     0.5070     0.5551     0.0137  0.0873927 -9.990e-29
       3483     38.553     6.6807   3.244242     0.5069     0.5550     0.0137  0.0873906 -9.990e-29
       3484     38.564     6.6816   3.244237     0.5068     0.5549     0.0137  0.0873883 -9.990e-29
       3485     38.574     6.6823   3.244232     0.5066     0.5548     0.0137  0.0873866 -9.990e-29
       3486     38.585     6.6828   3.244225     0.5065     0.5547     0.0137  0.0873864 -9.990e-29
       3487     38.595     6.6831   3.244219     0.5064     0.5546     0.0137  0.0873868 -9.990e-29
       3488     38.605     6.6832   3.244212     0.5063     0.5545     0.0137  0.0873870 -9.990e-29
       3489     38.615     6.6832   3.244204     0.5062     0.5545     0.0137  0.0873870 -9.990e-29
       3490     38.626     6.6829   3.244196     0.5061     0.5544     0.0137  0.0873867 -9.990e-29
       3491     38.636     6.6825   3.244187     0.5060     0.5543     0.0137  0.0873870 -9.990e-29
       3492     38.646     6.6819   3.244178     0.5059     0.5542     0.0135  0.0873889 -9.990e-29
       3493     38.656     6.6811   3.244169     0.5058     0.5541     0.0135  0.0873913 -9.990e-29
       3494     38.666     6.6801   3.244159     0.5057     0.5540     0.0135  0.0873936 -9.990e-29
       3495     38.676     6.6790   3.244148     0.5056     0.5540     0.0135  0.0873956 -9.990e-29
       3496     38.686     6.6776   3.244137     0.5055     0.5539     0.0135  0.0873975 -9.990e-29
       3497     38.696     6.6760   3.244125     0.5054     0.5538     0.0135  0.0873993 -9.990e-29
       3498     38.706     6.6741   3.244112     0.5053     0.5537     0.0134  0.0874008 -9.990e-29
       3499     38.716     6.6731   3.244101     0.5051     0.5536     0.0135  0.0874023 -9.990e-29
       3500     38.725     6.6742   3.244097     0.5050     0.5535     0.0135  0.0874045 -9.990e-29
       3501     38.735     6.6762   3.244096     0.5049     0.5535     0.0135  0.0874083 -9.990e-29
       3502     38.745     6.6779   3.244094     0.5047     0.5534     0.0135  0.0874128 -9.990e-29
       3503     38.754     6.6794   3.244092     0.5046     0.5533     0.0135  0.0874173 -9.990e-29
       3504     38.764     6.6807   3.244089     0.5045     0.5532     0.0135  0.0874218 -9.990e-29
       3505     38.773     6.6819   3.244085     0.5044     0.5532     0.0135  0.0874263 -9.990e-29
       3506     38.782     6.6828   3.244082     0.5043     0.5531     0.0135  0.0874316 -9.990e-29
       3507     38.791     6.6836   3.244078     0.5042     0.5530     0.0135  0.0874388 -9.990e-29
       3508     38.800     6.6842   3.244073     0.5041     0.5530     0.0135  0.0874470 -9.990e-29
       3509     38.810     6.6847   3.244069     0.5040     0.5529     0.0135  0.0874553 -9.990e-29
       3510     38.819     6.6850   3.244064     0.5040     0.5528     0.0135  0.0874639 -9.990e-29
       3511     38.828     6.6852   3.244058     0.5039     0.5528     0.0135  0.0874727 -9.990e-29
       3512     38.837     6.6853   3.244053     0.5038     0.5527     0.0135  0.0874820 -9.990e-29
       3513     38.845     6.6852   3.244047     0.5037     0.5526     0.0135  0.0874925 -9.990e-29
       3514     38.854     6.6850   3.244041     0.5036     0.5526     0.0134  0.0875052 -9.990e-29
       3515     38.862     6.6846   3.244035     0.5035     0.5525     0.0135  0.0875194 -9.990e-29
       3516     38.871     6.6841   3.244027     0.5034     0.5524     0.0135  0.0875343 -9.990e-29
       3517     38.879     6.6834   3.244019     0.5033     0.5523     0.0135  0.0875499 -9.990e-29
       3518     38.887     6.6826   3.244011     0.5032     0.5522     0.0135  0.0875665 -9.990e-29
       3519     38.895     6.6816   3.244003     0.5031     0.5522     0.0137  0.0875832 -9.990e-29
       3520     38.903     6.6804   3.243994     0.5030     0.5521     0.0137  0.0875986 -9.990e-29
