data/2021/ctd_data_day3/station7g_ctm_fil_le.cnv
* Sea-Bird SBE 9 Data File:
* FileName = C:\Users\CTD-User\Desktop\MAR440\day3\station7g.hex
* Software Version Seasave V 7.26.2.13
* Temperature SN = 6313
* Conductivity SN = 4758
* Number of Bytes Per Scan = 37
* Number of Voltage Words = 4
* Number of Scans Averaged by the Deck Unit = 1
* NMEA Latitude = 58 18.80 N
* NMEA Longitude = 011 46.06 E
* NMEA UTC (Time) = Sep 23 2021 10:57:43
* NMEA baud rate = 4800
** Ship: Skagerrak
** Station: station7g
** Operator: Christina
# nquan = 9
# nvalues = 3543                        
# units = specified
# name 0 = scan: Scan Count
# name 1 = prDM: Pressure, Digiquartz [db]
# name 2 = t090C: Temperature [ITS-90, deg C]
# name 3 = c0S/m: Conductivity [S/m]
# name 4 = sbeox0V: Oxygen raw, SBE 43 [V]
# name 5 = sbeox1V: Oxygen raw, SBE 43, 2 [V]
# name 6 = flECO-AFL: Fluorescence, WET Labs ECO-AFL/FL [mg/m^3]
# name 7 = upoly0: Upoly 0, Turbidity
# name 8 = flag:  0.000e+00
# span 0 =          1,       3543       
# span 1 =      1.388,     39.004       
# span 2 =     6.6606,    16.0072       
# span 3 =   2.904257,   3.713763       
# span 4 =     0.5019,     2.8510       
# span 5 =     0.5512,     2.8009       
# span 6 =     0.0033,     0.0139       
# span 7 =  0.0863164,  0.1574232       
# span 8 = 0.0000e+00, 0.0000e+00       
# interval = seconds: 0.0416667
# start_time = Sep 23 2021 10:57:43 [NMEA time, header]
# bad_flag = -9.990e-29
*END*
[from data line 3041]
       3042     32.777     7.0115   3.257233     0.7557     0.7692     0.0066  0.0868413 0.0000e+00
       3043     32.799     7.0094   3.257139     0.7545     0.7681     0.0066  0.0868460 0.0000e+00
       3044     32.820     7.0076   3.257048     0.7533     0.7669     0.0066  0.0868501 0.0000e+00
       3045     32.842     7.0065   3.256962     0.7521     0.7657     0.0066  0.0868536 0.0000e+00
       3046     32.864     7.0058   3.256878     0.7509     0.7646     0.0066  0.0868565 0.0000e+00
       3047     32.885     7.0049   3.256793     0.7497     0.7634     0.0066  0.0868590 0.0000e+00
       3048     32.907     7.0039   3.256707     0.7486     0.7622     0.0066  0.0868609 0.0000e+00
       3049     32.928     7.0028   3.256619     0.7474     0.7611     0.0066  0.0868623 0.0000e+00
       3050     32.950     7.0014   3.256529     0.7462     0.7599     0.0066  0.0868633 0.0000e+00
       3051     32.972     6.9999   3.256437     0.7451     0.7588     0.0066  0.0868638 0.0000e+00
       3052     32.993     6.9983   3.256341     0.7439     0.7576     0.0066  0.0868638 0.0000e+00
       3053     33.015     6.9964   3.256243     0.7427     0.7565     0.0066  0.0868633 0.0000e+00
       3054     33.036     6.9944   3.256142     0.7416     0.7553     0.0066  0.0868624 0.0000e+00
       3055     33.058     6.9922   3.256038     0.7404     0.7542     0.0066  0.0868610 0.0000e+00
       3056     33.079     6.9899   3.255932     0.7393     0.7531     0.0066  0.0868591 0.0000e+00
       3057     33.101     6.9875   3.255823     0.7381     0.7519     0.0066  0.0868575 0.0000e+00
       3058     33.122     6.9849   3.255714     0.7370     0.7508     0.0068  0.0868571 0.0000e+00
       3059     33.144     6.9822   3.255605     0.7358     0.7497     0.0070  0.0868571 0.0000e+00
       3060     33.166     6.9795   3.255496     0.7347     0.7486     0.0070  0.0868565 0.0000e+00
       3061     33.187     6.9767   3.255387     0.7335     0.7475     0.0070  0.0868563 0.0000e+00
       3062     33.209     6.9738   3.255279     0.7324     0.7464     0.0070  0.0868572 0.0000e+00
       3063     33.230     6.9708   3.255173     0.7312     0.7453     0.0070  0.0868585 0.0000e+00
       3064     33.252     6.9678   3.255070     0.7301     0.7442     0.0070  0.0868592 0.0000e+00
       3065     33.273     6.9648   3.254970     0.7289     0.7431     0.0070  0.0868595 0.0000e+00
       3066     33.295     6.9617   3.254875     0.7278     0.7420     0.0070  0.0868592 0.0000e+00
       3067     33.317     6.9587   3.254784     0.7266     0.7409     0.0070  0.0868585 0.0000e+00
       3068     33.338     6.9556   3.254698     0.7255     0.7398     0.0070  0.0868572 0.0000e+00
       3069     33.360     6.9524   3.254615     0.7244     0.7388     0.0070  0.0868555 0.0000e+00
       3070     33.381     6.9492   3.254536     0.7233     0.7377     0.0070  0.0868531 0.0000e+00
       3071     33.403     6.9462   3.254462     0.7221     0.7367     0.0070  0.0868511 0.0000e+00
       3072     33.424     6.9438   3.254393     0.7210     0.7357     0.0070  0.0868503 0.0000e+00
       3073     33.446     6.9415   3.254329     0.7198     0.7346     0.0070  0.0868497 0.0000e+00
       3074     33.467     6.9391   3.254268     0.7187     0.7336     0.0070  0.0868486 0.0000e+00
       3075     33.488     6.9370   3.254211     0.7176     0.7326     0.0070  0.0868477 0.0000e+00
       3076     33.510     6.9356   3.254160     0.7165     0.7316     0.0070  0.0868479 0.0000e+00
       3077     33.531     6.9351   3.254115     0.7153     0.7306     0.0070  0.0868493 0.0000e+00
       3078     33.552     6.9356   3.254075     0.7142     0.7296     0.0070  0.0868517 0.0000e+00
       3079     33.574     6.9364   3.254039     0.7130     0.7286     0.0070  0.0868545 0.0000e+00
       3080     33.595     6.9371   3.254005     0.7119     0.7276     0.0070  0.0868568 0.0000e+00
       3081     33.617     6.9376   3.253971     0.7109     0.7266     0.0070  0.0868593 0.0000e+00
       3082     33.638     6.9380   3.253938     0.7098     0.7257     0.0070  0.0868631 0.0000e+00
       3083     33.659     6.9383   3.253906     0.7087     0.7247     0.0070  0.0868672 0.0000e+00
       3084     33.681     6.9385   3.253874     0.7077     0.7237     0.0079  0.0868709 0.0000e+00
       3085     33.702     6.9385   3.253843     0.7066     0.7228     0.0084  0.0868742 0.0000e+00
       3086     33.724     6.9384   3.253813     0.7056     0.7218     0.0084  0.0868770 0.0000e+00
       3087     33.745     6.9382   3.253783     0.7046     0.7209     0.0084  0.0868795 0.0000e+00
       3088     33.767     6.9379   3.253754     0.7035     0.7200     0.0084  0.0868816 0.0000e+00
       3089     33.788     6.9375   3.253725     0.7025     0.7190     0.0084  0.0868843 0.0000e+00
       3090     33.810     6.9371   3.253699     0.7015     0.7181     0.0084  0.0868883 0.0000e+00
       3091     33.831     6.9365   3.253673     0.7004     0.7172     0.0084  0.0868928 0.0000e+00
       3092     33.853     6.9358   3.253648     0.6994     0.7163     0.0084  0.0868971 0.0000e+00
       3093     33.874     6.9351   3.253624     0.6984     0.7153     0.0084  0.0869011 0.0000e+00
       3094     33.896     6.9342   3.253602     0.6974     0.7144     0.0084  0.0869049 0.0000e+00
       3095     33.917     6.9333   3.253581     0.6964     0.7135     0.0084  0.0869086 0.0000e+00
       3096     33.939     6.9323   3.253561     0.6954     0.7126     0.0084  0.0869129 0.0000e+00
       3097     33.960     6.9312   3.253542     0.6944     0.7117     0.0084  0.0869188 0.0000e+00
       3098     33.982     6.9299   3.253524     0.6934     0.7108     0.0084  0.0869254 0.0000e+00
       3099     34.004     6.9286   3.253506     0.6924     0.7099     0.0084  0.0869320 0.0000e+00
       3100     34.025     6.9271   3.253488     0.6914     0.7090     0.0084  0.0869387 0.0000e+00
       3101     34.047     6.9255   3.253471     0.6904     0.7081     0.0084  0.0869453 0.0000e+00
       3102     34.068     6.9238   3.253455     0.6894     0.7072     0.0084  0.0869521 0.0000e+00
       3103     34.090     6.9224   3.253440     0.6884     0.7063     0.0084  0.0869598 0.0000e+00
       3104     34.112     6.9218   3.253429     0.6874     0.7053     0.0082  0.0869695 0.0000e+00
       3105     34.133     6.9217   3.253420     0.6864     0.7044     0.0084  0.0869802 0.0000e+00
       3106     34.155     6.9213   3.253410     0.6854     0.7035     0.0084  0.0869922 0.0000e+00
       3107     34.177     6.9207   3.253399     0.6844     0.7026     0.0084  0.0870063 0.0000e+00
       3108     34.199     6.9200   3.253388     0.6835     0.7017     0.0084  0.0870217 0.0000e+00
       3109     34.220     6.9191   3.253376     0.6825     0.7008     0.0082  0.0870378 0.0000e+00
       3110     34.242     6.9180   3.253364     0.6815     0.6999     0.0081  0.0870546 0.0000e+00
       3111     34.264     6.9168   3.253351     0.6806     0.6989     0.0081  0.0870722 0.0000e+00
       3112     34.285     6.9156   3.253338     0.6796     0.6980     0.0081  0.0870900 0.0000e+00
       3113     34.307     6.9149   3.253327     0.6786     0.6971     0.0081  0.0871072 0.0000e+00
       3114     34.329     6.9144   3.253317     0.6776     0.6962     0.0081  0.0871239 0.0000e+00
       3115     34.351     6.9136   3.253307     0.6766     0.6953     0.0081  0.0871394 0.0000e+00
       3116     34.372     6.9126   3.253297     0.6757     0.6943     0.0081  0.0871529 0.0000e+00
       3117     34.394     6.9119   3.253288     0.6747     0.6934     0.0081  0.0871646 0.0000e+00
       3118     34.416     6.9119   3.253282     0.6737     0.6925     0.0081  0.0871746 0.0000e+00
       3119     34.438     6.9122   3.253276     0.6727     0.6916     0.0081  0.0871828 0.0000e+00
       3120     34.460     6.9122   3.253269     0.6717     0.6907     0.0081  0.0871893 0.0000e+00
       3121     34.481     6.9121   3.253261     0.6707     0.6898     0.0081  0.0871943 0.0000e+00
       3122     34.503     6.9117   3.253252     0.6698     0.6888     0.0081  0.0871976 0.0000e+00
       3123     34.525     6.9111   3.253242     0.6688     0.6879     0.0081  0.0871995 0.0000e+00
       3124     34.547     6.9104   3.253230     0.6679     0.6870     0.0081  0.0871998 0.0000e+00
       3125     34.569     6.9094   3.253218     0.6669     0.6861     0.0081  0.0871986 0.0000e+00
       3126     34.591     6.9082   3.253204     0.6659     0.6852     0.0081  0.0871958 0.0000e+00
       3127     34.612     6.9068   3.253189     0.6650     0.6843     0.0081  0.0871914 0.0000e+00
       3128     34.634     6.9051   3.253173     0.6640     0.6834     0.0081  0.0871855 0.0000e+00
       3129     34.656     6.9033   3.253157     0.6631     0.6824     0.0081  0.0871780 0.0000e+00
       3130     34.678     6.9015   3.253141     0.6621     0.6815     0.0081  0.0871687 0.0000e+00
       3131     34.700     6.9004   3.253126     0.6611     0.6806     0.0081  0.0871578 0.0000e+00
       3132     34.721     6.8995   3.253110     0.6601     0.6797     0.0081  0.0871449 0.0000e+00
       3133     34.743     6.8983   3.253092     0.6592     0.6789     0.0081  0.0871302 0.0000e+00
       3134     34.765     6.8968   3.253070     0.6582     0.6780     0.0081  0.0871135 0.0000e+00
       3135     34.786     6.8950   3.253046     0.6573     0.6771     0.0082  0.0870955 0.0000e+00
       3136     34.808     6.8929   3.253018     0.6564     0.6762     0.0086  0.0870777 0.0000e+00
       3137     34.830     6.8905   3.252987     0.6554     0.6753     0.0086  0.0870619 0.0000e+00
       3138     34.851     6.8882   3.252954     0.6545     0.6744     0.0086  0.0870495 0.0000e+00
       3139     34.872     6.8864   3.252920     0.6535     0.6736     0.0086  0.0870404 0.0000e+00
       3140     34.894     6.8846   3.252884     0.6526     0.6727     0.0086  0.0870330 0.0000e+00
       3141     34.915     6.8825   3.252843     0.6517     0.6718     0.0086  0.0870262 0.0000e+00
       3142     34.936     6.8799   3.252797     0.6508     0.6710     0.0086  0.0870210 0.0000e+00
       3143     34.957     6.8770   3.252744     0.6499     0.6701     0.0086  0.0870181 0.0000e+00
       3144     34.978     6.8744   3.252688     0.6490     0.6693     0.0086  0.0870167 0.0000e+00
       3145     34.999     6.8730   3.252631     0.6480     0.6685     0.0086  0.0870158 0.0000e+00
       3146     35.020     6.8719   3.252569     0.6471     0.6676     0.0086  0.0870155 0.0000e+00
       3147     35.041     6.8703   3.252500     0.6462     0.6668     0.0086  0.0870159 0.0000e+00
       3148     35.061     6.8683   3.252422     0.6453     0.6660     0.0086  0.0870176 0.0000e+00
       3149     35.082     6.8658   3.252334     0.6444     0.6652     0.0086  0.0870216 0.0000e+00
       3150     35.102     6.8628   3.252237     0.6435     0.6644     0.0086  0.0870272 0.0000e+00
       3151     35.122     6.8594   3.252131     0.6426     0.6636     0.0086  0.0870333 0.0000e+00
       3152     35.142     6.8555   3.252016     0.6418     0.6628     0.0086  0.0870402 0.0000e+00
       3153     35.162     6.8524   3.251896     0.6409     0.6620     0.0086  0.0870479 0.0000e+00
       3154     35.182     6.8512   3.251777     0.6399     0.6612     0.0086  0.0870563 0.0000e+00
       3155     35.201     6.8507   3.251653     0.6390     0.6604     0.0086  0.0870657 0.0000e+00
       3156     35.220     6.8497   3.251520     0.6381     0.6596     0.0086  0.0870768 0.0000e+00
       3157     35.239     6.8483   3.251381     0.6373     0.6589     0.0086  0.0870906 0.0000e+00
       3158     35.258     6.8465   3.251234     0.6364     0.6581     0.0086  0.0871064 0.0000e+00
       3159     35.276     6.8443   3.251081     0.6355     0.6574     0.0086  0.0871233 0.0000e+00
       3160     35.294     6.8417   3.250922     0.6347     0.6566     0.0088  0.0871417 0.0000e+00
       3161     35.311     6.8388   3.250757     0.6338     0.6559     0.0092  0.0871606 0.0000e+00
       3162     35.329     6.8355   3.250588     0.6330     0.6552     0.0093  0.0871786 0.0000e+00
       3163     35.346     6.8319   3.250416     0.6322     0.6545     0.0092  0.0871949 0.0000e+00
       3164     35.363     6.8280   3.250244     0.6314     0.6537     0.0093  0.0872096 0.0000e+00
       3165     35.379     6.8243   3.250074     0.6305     0.6530     0.0093  0.0872229 0.0000e+00
       3166     35.396     6.8210   3.249909     0.6297     0.6523     0.0093  0.0872348 0.0000e+00
       3167     35.412     6.8179   3.249750     0.6288     0.6516     0.0093  0.0872454 0.0000e+00
       3168     35.428     6.8146   3.249597     0.6280     0.6509     0.0093  0.0872548 0.0000e+00
       3169     35.443     6.8112   3.249450     0.6272     0.6503     0.0093  0.0872638 0.0000e+00
       3170     35.458     6.8078   3.249309     0.6265     0.6496     0.0093  0.0872735 0.0000e+00
       3171     35.473     6.8042   3.249174     0.6257     0.6489     0.0093  0.0872831 0.0000e+00
       3172     35.487     6.8005   3.249046     0.6249     0.6483     0.0093  0.0872917 0.0000e+00
       3173     35.500     6.7967   3.248925     0.6241     0.6476     0.0093  0.0872994 0.0000e+00
       3174     35.514     6.7934   3.248813     0.6233     0.6470     0.0093  0.0873062 0.0000e+00
       3175     35.527     6.7910   3.248711     0.6225     0.6463     0.0093  0.0873123 0.0000e+00
       3176     35.540     6.7891   3.248618     0.6218     0.6457     0.0093  0.0873184 0.0000e+00
       3177     35.553     6.7871   3.248530     0.6210     0.6451     0.0093  0.0873256 0.0000e+00
       3178     35.565     6.7849   3.248446     0.6203     0.6445     0.0093  0.0873329 0.0000e+00
       3179     35.578     6.7832   3.248369     0.6196     0.6438     0.0093  0.0873396 0.0000e+00
       3180     35.590     6.7828   3.248301     0.6188     0.6432     0.0093  0.0873458 0.0000e+00
       3181     35.602     6.7829   3.248239     0.6180     0.6426     0.0093  0.0873515 0.0000e+00
       3182     35.613     6.7828   3.248180     0.6173     0.6420     0.0093  0.0873567 0.0000e+00
       3183     35.625     6.7826   3.248125     0.6166     0.6414     0.0093  0.0873614 0.0000e+00
       3184     35.636     6.7822   3.248073     0.6158     0.6408     0.0093  0.0873657 0.0000e+00
       3185     35.647     6.7817   3.248023     0.6151     0.6402     0.0093  0.0873697 0.0000e+00
       3186     35.658     6.7810   3.247976     0.6144     0.6396     0.0112  0.0873733 0.0000e+00
       3187     35.669     6.7801   3.247932     0.6137     0.6391     0.0121  0.0873766 0.0000e+00
       3188     35.680     6.7795   3.247891     0.6130     0.6385     0.0123  0.0873796 0.0000e+00
       3189     35.691     6.7798   3.247855     0.6122     0.6379     0.0123  0.0873823 -9.990e-29
       3190     35.701     6.7804   3.247821     0.6115     0.6374     0.0123  0.0873847 -9.990e-29
       3191     35.712     6.7809   3.247789     0.6108     0.6368     0.0123  0.0873869 -9.990e-29
       3192     35.722     6.7812   3.247756     0.6102     0.6362     0.0123  0.0873889 -9.990e-29
       3193     35.733     6.7814   3.247725     0.6095     0.6357     0.0123  0.0873906 -9.990e-29
       3194     35.743     6.7815   3.247695     0.6088     0.6351     0.0123  0.0873922 -9.990e-29
       3195     35.754     6.7814   3.247666     0.6081     0.6346     0.0123  0.0873935 -9.990e-29
       3196     35.764     6.7812   3.247637     0.6074     0.6340     0.0123  0.0873947 -9.990e-29
       3197     35.775     6.7809   3.247610     0.6067     0.6335     0.0123  0.0873957 -9.990e-29
       3198     35.785     6.7804   3.247583     0.6061     0.6329     0.0123  0.0873965 -9.990e-29
       3199     35.795     6.7798   3.247557     0.6054     0.6324     0.0123  0.0873971 -9.990e-29
       3200     35.805     6.7791   3.247532     0.6047     0.6319     0.0123  0.0873976 -9.990e-29
