data/2021/ctd_data_day3/station9i.cnv
* Sea-Bird SBE 9 Data File:
* FileName = C:\Users\CTD-User\Desktop\MAR440\day3\station9i.hex
* Software Version Seasave V 7.26.2.13
* Temperature SN = 6313
* Conductivity SN = 4758
* Number of Bytes Per Scan = 37
* Number of Voltage Words = 4
* Number of Scans Averaged by the Deck Unit = 1
* NMEA Latitude = 58 20.28 N
* NMEA Longitude = 011 53.28 E
* NMEA UTC (Time) = Sep 23 2021 11:50:13
* NMEA baud rate = 4800
** Ship: Skagerrak
** Station: station9i
** Operator: Johan
# nquan = 9
# nvalues = 5713                                  
# units = specified
# name 0 = scan: Scan Count
# name 1 = prDM: Pressure, Digiquartz [db]
# name 2 = t090C: Temperature [ITS-90, deg C]
# name 3 = c0S/m: Conductivity [S/m]
# name 4 = sbeox0V: Oxygen raw, SBE 43 [V]
# name 5 = sbeox1V: Oxygen raw, SBE 43, 2 [V]
# name 6 = flECO-AFL: Fluorescence, WET Labs ECO-AFL/FL [mg/m^3]
# name 7 = upoly0: Upoly 0, Turbidity
# name 8 = flag:  0.000e+00
# span 0 =          1,       5713                 
# span 1 =     -0.051,     39.150                 
# span 2 =     7.9647,    15.8426                 
# span 3 =  -0.000585,   3.484896                 
# span 4 =     0.4796,     2.9475                 
# span 5 =     0.5431,     2.7973                 
# span 6 =     0.0024,     0.2439                 
# span 7 =  0.0791172,  0.7706923                 
# span 8 = 0.0000e+00, 0.0000e+00                 
# interval = seconds: 0.0416667
# start_time = Sep 23 2021 11:50:13 [NMEA time, header]
# bad_flag = -9.990e-29
*END*
[from data line 3681]
       3682      1.688    14.9892   2.921330     2.8266     2.7302     0.0055  0.1909609  0.000e+00
       3683      1.655    14.9894   2.921308     2.8254     2.7302     0.0055  0.1909609  0.000e+00
       3684      1.746    14.9894   2.921275     2.8242     2.7302     0.0055  0.1909609  0.000e+00
       3685      1.721    14.9894   2.921248     2.8242     2.7302     0.0055  0.1909609  0.000e+00
       3686      1.746    14.9891   2.921259     2.8254     2.7302     0.0055  0.1909609  0.000e+00
       3687      1.779    14.9891   2.921220     2.8266     2.7302     0.0055  0.1909609  0.000e+00
       3688      1.803    14.9891   2.921335     2.8254     2.7302     0.0055  0.1909609  0.000e+00
       3689      1.836    14.9894   2.921434     2.8254     2.7302     0.0055  0.1909609  0.000e+00
       3690      1.803    14.9896   2.921456     2.8254     2.7302     0.0055  0.1909609  0.000e+00
       3691      1.902    14.9904   2.921456     2.8254     2.7302     0.0055  0.1909609  0.000e+00
       3692      1.869    14.9904   2.921473     2.8266     2.7302     0.0055  0.1909609  0.000e+00
       3693      1.902    14.9908   2.921500     2.8254     2.7302     0.0055  0.1909609  0.000e+00
       3694      1.927    14.9908   2.921594     2.8254     2.7302     0.0053  0.1909609  0.000e+00
       3695      1.960    14.9909   2.921577     2.8254     2.7302     0.0055  0.1909609  0.000e+00
       3696      1.927    14.9908   2.921544     2.8266     2.7302     0.0055  0.1909609  0.000e+00
       3697      2.050    14.9906   2.921577     2.8266     2.7302     0.0055  0.1909609  0.000e+00
       3698      1.959    14.9904   2.921511     2.8254     2.7302     0.0055  0.1909609  0.000e+00
       3699      2.050    14.9904   2.921566     2.8254     2.7302     0.0055  0.1909609  0.000e+00
       3700      2.025    14.9903   2.921572     2.8254     2.7302     0.0055  0.1909609  0.000e+00
       3701      2.108    14.9901   2.921484     2.8278     2.7302     0.0055  0.1909609  0.000e+00
       3702      2.083    14.9898   2.921456     2.8266     2.7302     0.0055  0.1934029  0.000e+00
       3703      2.108    14.9899   2.921473     2.8254     2.7302     0.0055  0.1963333  0.000e+00
       3704      2.141    14.9900   2.921500     2.8254     2.7302     0.0055  0.1977985  0.000e+00
       3705      2.173    14.9901   2.921550     2.8254     2.7302     0.0055  0.1968217  0.000e+00
       3706      2.140    14.9901   2.921445     2.8266     2.7289     0.0055  0.1968217  0.000e+00
       3707      2.231    14.9900   2.921440     2.8266     2.7302     0.0055  0.1968217  0.000e+00
       3708      2.206    14.9899   2.921434     2.8254     2.7302     0.0055  0.1968217  0.000e+00
       3709      2.231    14.9896   2.921286     2.8254     2.7302     0.0055  0.1968217  0.000e+00
       3710      2.297    14.9896   2.921198     2.8254     2.7289     0.0055  0.1968217  0.000e+00
       3711      2.264    14.9893   2.921001     2.8266     2.7302     0.0055  0.1968217  0.000e+00
       3712      2.297    14.9894   2.921023     2.8266     2.7302     0.0055  0.1968217  0.000e+00
       3713      2.387    14.9893   2.921209     2.8254     2.7289     0.0055  0.1963333  0.000e+00
       3714      2.354    14.9892   2.921308     2.8254     2.7302     0.0055  0.1968217  0.000e+00
       3715      2.387    14.9893   2.921281     2.8266     2.7289     0.0055  0.1968217  0.000e+00
       3716      2.354    14.9889   2.921248     2.8278     2.7289     0.0055  0.1968217  0.000e+00
       3717      2.453    14.9893   2.921259     2.8266     2.7289     0.0055  0.1968217  0.000e+00
       3718      2.478    14.9892   2.921204     2.8254     2.7289     0.0055  0.1968217  0.000e+00
       3719      2.453    14.9891   2.921264     2.8254     2.7289     0.0055  0.1968217  0.000e+00
       3720      2.535    14.9892   2.921215     2.8278     2.7302     0.0055  0.1968217  0.000e+00
       3721      2.478    14.9889   2.921286     2.8278     2.7289     0.0055  0.1968217  0.000e+00
       3722      2.568    14.9891   2.921220     2.8266     2.7289     0.0055  0.1968217  0.000e+00
       3723      2.535    14.9891   2.921100     2.8266     2.7289     0.0055  0.1968217  0.000e+00
       3724      2.568    14.9889   2.920990     2.8266     2.7289     0.0055  0.1968217  0.000e+00
       3725      2.601    14.9889   2.921171     2.8278     2.7289     0.0053  0.1968217  0.000e+00
       3726      2.692    14.9889   2.921220     2.8278     2.7289     0.0055  0.1968217  0.000e+00
       3727      2.601    14.9891   2.921253     2.8266     2.7289     0.0055  0.1968217  0.000e+00
       3728      2.692    14.9889   2.921204     2.8254     2.7289     0.0055  0.1948681  0.000e+00
       3729      2.725    14.9892   2.921166     2.8266     2.7289     0.0057  0.1943797  0.000e+00
       3730      2.725    14.9891   2.921160     2.8303     2.7289     0.0057  0.1943797  0.000e+00
       3731      2.758    14.9891   2.921160     2.8278     2.7289     0.0057  0.1943797  0.000e+00
       3732      2.782    14.9891   2.921160     2.8266     2.7289     0.0057  0.1943797  0.000e+00
       3733      2.758    14.9891   2.921237     2.8266     2.7289     0.0057  0.1943797  0.000e+00
       3734      2.840    14.9893   2.921182     2.8266     2.7289     0.0057  0.1943797  0.000e+00
       3735      2.815    14.9892   2.921281     2.8278     2.7289     0.0057  0.1943797  0.000e+00
       3736      2.906    14.9891   2.921385     2.8266     2.7289     0.0057  0.1943797  0.000e+00
       3737      2.873    14.9892   2.921424     2.8266     2.7289     0.0057  0.1943797  0.000e+00
       3738      2.906    14.9893   2.921264     2.8254     2.7289     0.0057  0.1943797  0.000e+00
       3739      2.906    14.9892   2.921067     2.8266     2.7289     0.0057  0.1943797  0.000e+00
       3740      2.996    14.9893   2.921270     2.8278     2.7277     0.0057  0.1943797  0.000e+00
       3741      2.963    14.9891   2.921308     2.8266     2.7289     0.0055  0.1943797  0.000e+00
       3742      2.996    14.9888   2.921336     2.8254     2.7277     0.0057  0.1943797  0.000e+00
       3743      3.029    14.9887   2.921407     2.8254     2.7277     0.0057  0.1943797  0.000e+00
       3744      3.062    14.9889   2.921242     2.8278     2.7277     0.0057  0.1943797  0.000e+00
       3745      3.029    14.9891   2.921083     2.8278     2.7277     0.0057  0.1943797  0.000e+00
       3746      3.120    14.9891   2.921111     2.8266     2.7277     0.0057  0.1943797  0.000e+00
       3747      3.087    14.9896   2.921374     2.8254     2.7277     0.0057  0.1943797  0.000e+00
       3748      3.144    14.9896   2.921435     2.8254     2.7277     0.0057  0.1943797  0.000e+00
       3749      3.186    14.9898   2.921347     2.8266     2.7277     0.0057  0.1943797  0.000e+00
       3750      3.210    14.9896   2.921281     2.8266     2.7277     0.0057  0.1943797  0.000e+00
       3751      3.185    14.9900   2.921248     2.8254     2.7277     0.0057  0.1943797  0.000e+00
       3752      3.210    14.9899   2.921325     2.8254     2.7277     0.0057  0.1943797  0.000e+00
       3753      3.301    14.9904   2.921451     2.8254     2.7277     0.0055  0.1948681  0.000e+00
       3754      3.268    14.9904   2.921446     2.8278     2.7277     0.0055  0.1963333  0.000e+00
       3755      3.301    14.9904   2.921435     2.8266     2.7277     0.0055  0.1963333  0.000e+00
       3756      3.334    14.9904   2.921435     2.8254     2.7277     0.0055  0.1963333  0.000e+00
       3757      3.268    14.9901   2.921391     2.8254     2.7277     0.0055  0.1963333  0.000e+00
       3758      3.424    14.9899   2.921314     2.8254     2.7277     0.0055  0.1963333  0.000e+00
       3759      3.391    14.9904   2.921435     2.8278     2.7277     0.0055  0.1963333  0.000e+00
       3760      3.366    14.9906   2.921484     2.8266     2.7277     0.0055  0.1963333  0.000e+00
       3761      3.457    14.9908   2.921501     2.8254     2.7277     0.0055  0.1963333  0.000e+00
       3762      3.490    14.9908   2.921632     2.8254     2.7277     0.0055  0.1963333  0.000e+00
       3763      3.457    14.9906   2.921759     2.8266     2.7277     0.0055  0.1963333  0.000e+00
       3764      3.515    14.9909   2.921682     2.8278     2.7265     0.0055  0.1963333  0.000e+00
       3765      3.490    14.9908   2.921627     2.8266     2.7277     0.0055  0.1963333  0.000e+00
       3766      3.572    14.9906   2.921682     2.8266     2.7277     0.0055  0.1963333  0.000e+00
       3767      3.548    14.9906   2.921638     2.8266     2.7277     0.0055  0.1963333  0.000e+00
       3768      3.572    14.9908   2.921660     2.8278     2.7277     0.0055  0.1963333  0.000e+00
       3769      3.671    14.9906   2.921572     2.8278     2.7277     0.0055  0.1963333  0.000e+00
       3770      3.638    14.9906   2.921578     2.8266     2.7265     0.0055  0.1963333  0.000e+00
       3771      3.638    14.9904   2.921611     2.8266     2.7265     0.0055  0.1963333  0.000e+00
       3772      3.671    14.9904   2.921600     2.8266     2.7265     0.0055  0.1963333  0.000e+00
       3773      3.696    14.9906   2.921655     2.8291     2.7265     0.0055  0.1963333  0.000e+00
       3774      3.729    14.9906   2.921633     2.8291     2.7265     0.0055  0.1963333  0.000e+00
       3775      3.761    14.9906   2.921622     2.8278     2.7265     0.0055  0.1963333  0.000e+00
       3776      3.794    14.9908   2.921578     2.8278     2.7265     0.0055  0.1963333  0.000e+00
       3777      3.761    14.9908   2.921605     2.8278     2.7265     0.0055  0.1963333  0.000e+00
       3778      3.819    14.9911   2.921720     2.8291     2.7265     0.0053  0.1963333  0.000e+00
       3779      3.852    14.9911   2.921737     2.8303     2.7265     0.0057  0.1977985  0.000e+00
       3780      3.819    14.9913   2.921687     2.8291     2.7265     0.0057  0.1977985  0.000e+00
       3781      3.918    14.9914   2.921715     2.8303     2.7265     0.0057  0.1977985  0.000e+00
       3782      3.943    14.9915   2.921748     2.8303     2.7265     0.0057  0.1977985  0.000e+00
       3783      3.852    14.9913   2.921759     2.8315     2.7265     0.0057  0.1977985  0.000e+00
       3784      4.000    14.9911   2.921589     2.8303     2.7265     0.0057  0.1977985  0.000e+00
       3785      3.943    14.9915   2.921517     2.8303     2.7253     0.0057  0.1977985  0.000e+00
       3786      4.033    14.9913   2.921550     2.8303     2.7253     0.0055  0.1977985  0.000e+00
       3787      4.000    14.9913   2.921688     2.8303     2.7265     0.0057  0.1977985  0.000e+00
       3788      4.033    14.9909   2.921710     2.8315     2.7253     0.0057  0.1977985  0.000e+00
       3789      4.066    14.9911   2.921704     2.8303     2.7253     0.0057  0.1977985  0.000e+00
       3790      4.099    14.9909   2.921704     2.8303     2.7253     0.0057  0.1977985  0.000e+00
       3791      4.066    14.9911   2.921622     2.8303     2.7253     0.0057  0.1977985  0.000e+00
       3792      4.124    14.9918   2.921715     2.8315     2.7265     0.0055  0.1977985  0.000e+00
       3793      4.157    14.9927   2.921841     2.8315     2.7253     0.0057  0.1977985  0.000e+00
       3794      4.182    14.9933   2.922072     2.8315     2.7253     0.0057  0.1977985  0.000e+00
       3795      4.157    14.9936   2.922259     2.8303     2.7253     0.0057  0.1977985  0.000e+00
       3796      4.248    14.9940   2.922369     2.8303     2.7265     0.0055  0.1977985  0.000e+00
       3797      4.182    14.9942   2.922407     2.8327     2.7253     0.0057  0.1977985  0.000e+00
       3798      4.281    14.9943   2.922391     2.8315     2.7253     0.0057  0.1977985  0.000e+00
       3799      4.305    14.9945   2.922423     2.8315     2.7253     0.0057  0.1977985  0.000e+00
       3800      4.281    14.9942   2.922456     2.8303     2.7253     0.0057  0.1977985  0.000e+00
       3801      4.305    14.9943   2.922484     2.8303     2.7253     0.0057  0.1977985  0.000e+00
       3802      4.404    14.9942   2.922495     2.8327     2.7253     0.0057  0.1977985  0.000e+00
       3803      4.371    14.9943   2.922330     2.8315     2.7253     0.0057  0.1977985  0.000e+00
       3804      4.371    14.9943   2.922275     2.8303     2.7253     0.0055  0.1987753  0.000e+00
       3805      4.404    14.9942   2.922374     2.8303     2.7253     0.0053  0.2002405  0.000e+00
       3806      4.429    14.9933   2.922413     2.8303     2.7253     0.0053  0.2007289  0.000e+00
       3807      4.462    14.9924   2.922330     2.8327     2.7253     0.0053  0.2007289  0.000e+00
       3808      4.495    14.9918   2.922078     2.8315     2.7253     0.0053  0.2007289  0.000e+00
       3809      4.495    14.9911   2.921962     2.8303     2.7253     0.0053  0.2007289  0.000e+00
       3810      4.528    14.9911   2.921885     2.8315     2.7253     0.0053  0.2007289  0.000e+00
       3811      4.553    14.9908   2.921869     2.8327     2.7253     0.0053  0.2007289  0.000e+00
       3812      4.586    14.9910   2.921825     2.8352     2.7253     0.0053  0.2007289  0.000e+00
       3813      4.610    14.9910   2.921874     2.8315     2.7253     0.0053  0.2007289  0.000e+00
       3814      4.553    14.9908   2.921814     2.8315     2.7253     0.0053  0.2007289  0.000e+00
       3815      4.651    14.9908   2.921660     2.8315     2.7253     0.0053  0.2007289  0.000e+00
       3816      4.676    14.9908   2.921600     2.8327     2.7253     0.0053  0.2007289  0.000e+00
       3817      4.709    14.9906   2.921633     2.8327     2.7253     0.0053  0.2007289  0.000e+00
       3818      4.676    14.9904   2.921605     2.8327     2.7253     0.0053  0.2007289  0.000e+00
       3819      4.767    14.9903   2.921528     2.8315     2.7253     0.0053  0.2007289  0.000e+00
       3820      4.734    14.9903   2.921572     2.8315     2.7253     0.0053  0.2007289  0.000e+00
       3821      4.734    14.9903   2.921550     2.8327     2.7253     0.0053  0.2007289  0.000e+00
       3822      4.833    14.9903   2.921292     2.8352     2.7253     0.0053  0.2007289  0.000e+00
       3823      4.800    14.9903   2.921336     2.8315     2.7253     0.0053  0.2007289  0.000e+00
       3824      4.833    14.9903   2.921540     2.8303     2.7253     0.0053  0.2007289  0.000e+00
       3825      4.858    14.9911   2.921633     2.8303     2.7253     0.0053  0.2007289  0.000e+00
       3826      4.858    14.9911   2.921649     2.8327     2.7253     0.0053  0.2007289  0.000e+00
       3827      4.891    14.9913   2.921748     2.8327     2.7253     0.0053  0.2007289  0.000e+00
       3828      4.915    14.9914   2.921825     2.8303     2.7253     0.0053  0.2007289  0.000e+00
       3829      4.956    14.9915   2.921984     2.8303     2.7253     0.0053  0.2002405  0.000e+00
       3830      4.981    14.9911   2.921847     2.8303     2.7253     0.0055  0.1982869  0.000e+00
       3831      4.981    14.9913   2.921704     2.8315     2.7253     0.0055  0.1968217  0.000e+00
       3832      5.014    14.9918   2.921798     2.8303     2.7253     0.0055  0.1968217  0.000e+00
       3833      4.981    14.9919   2.921902     2.8291     2.7253     0.0055  0.1968217  0.000e+00
       3834      5.080    14.9923   2.922045     2.8291     2.7253     0.0055  0.1968217  0.000e+00
       3835      5.039    14.9924   2.922045     2.8303     2.7253     0.0055  0.1968217  0.000e+00
       3836      5.105    14.9927   2.922034     2.8315     2.7253     0.0055  0.1968217  0.000e+00
       3837      5.138    14.9926   2.922072     2.8303     2.7253     0.0055  0.1968217  0.000e+00
       3838      5.105    14.9921   2.922067     2.8303     2.7253     0.0055  0.1968217  0.000e+00
       3839      5.138    14.9921   2.922061     2.8303     2.7253     0.0055  0.1968217  0.000e+00
       3840      5.228    14.9918   2.921913     2.8303     2.7253     0.0055  0.1968217  0.000e+00
