data/2021/ctd_data_day3/station7g.cnv
* Sea-Bird SBE 9 Data File:
* FileName = C:\Users\CTD-User\Desktop\MAR440\day3\station7g.hex
* Software Version Seasave V 7.26.2.13
* Temperature SN = 6313
* Conductivity SN = 4758
* Number of Bytes Per Scan = 37
* Number of Voltage Words = 4
* Number of Scans Averaged by the Deck Unit = 1
* NMEA Latitude = 58 18.80 N
* NMEA Longitude = 011 46.06 E
* NMEA UTC (Time) = Sep 23 2021 10:57:43
* NMEA baud rate = 4800
** Ship: Skagerrak
** Station: station7g
** Operator: Christina
# nquan = 9
# nvalues = 3543                                  
# units = specified
# name 0 = scan: Scan Count
# name 1 = prDM: Pressure, Digiquartz [db]
# name 2 = t090C: Temperature [ITS-90, deg C]
# name 3 = c0S/m: Conductivity [S/m]
# name 4 = sbeox0V: Oxygen raw, SBE 43 [V]
# name 5 = sbeox1V: Oxygen raw, SBE 43, 2 [V]
# name 6 = flECO-AFL: Fluorescence, WET Labs ECO-AFL/FL [mg/m^3]
# name 7 = upoly0: Upoly 0, Turbidity
# name 8 = flag:  0.000e+00
# span 0 =          1,       3543                 
# span 1 =      1.313,     39.126                 
# span 2 =     5.9224,    16.0572                 
# span 3 =   2.903987,   3.724249                 
# span 4 =     0.4954,     2.8742                 
# span 5 =     0.5504,     2.8181                 
# span 6 =     0.0033,     0.0139                 
# span 7 =  0.0859548,  0.1587265                 
# span 8 = 0.0000e+00, 0.0000e+00                 
# interval = seconds: 0.0416667
# start_time = Sep 23 2021 10:57:43 [NMEA time, header]
# bad_flag = -9.990e-29
*END*
[from data line 641]
        642     10.413    15.1841   2.908042     2.1343     2.4408     0.0042  0.1089096  0.000e+00
        643     10.372    15.2352   2.907882     2.1343     2.4408     0.0042  0.1093980  0.000e+00
        644     10.372    15.2858   2.907893     2.1343     2.4420     0.0042  0.1089096  0.000e+00
        645     10.347    15.3247   2.907854     2.1343     2.4420     0.0042  0.1093980  0.000e+00
        646     10.372    15.3458   2.907815     2.1343     2.4432     0.0042  0.1093980  0.000e+00
        647     10.372    15.3500   2.907969     2.1331     2.4432     0.0042  0.1089096  0.000e+00
        648     10.347    15.3386   2.907821     2.1331     2.4444     0.0042  0.1089096  0.000e+00
        649     10.372    15.3150   2.907898     2.1331     2.4457     0.0042  0.1089096  0.000e+00
        650     10.372    15.2854   2.907942     2.1331     2.4469     0.0042  0.1089096  0.000e+00
        651     10.372    15.2537   2.907844     2.1331     2.4481     0.0042  0.1089096  0.000e+00
        652     10.413    15.2225   2.907970     2.1331     2.4493     0.0042  0.1089096  0.000e+00
        653     10.372    15.1946   2.907757     2.1331     2.4505     0.0042  0.1089096  0.000e+00
        654     10.372    15.1716   2.907899     2.1331     2.4530     0.0042  0.1089096  0.000e+00
        655     10.347    15.1529   2.907867     2.1331     2.4542     0.0042  0.1089096  0.000e+00
        656     10.372    15.1376   2.907735     2.1331     2.4554     0.0042  0.1089096  0.000e+00
        657     10.371    15.1247   2.907922     2.1331     2.4579     0.0042  0.1089096  0.000e+00
        658     10.347    15.1134   2.907834     2.1331     2.4603     0.0042  0.1089096  0.000e+00
        659     10.371    15.1031   2.907884     2.1331     2.4628     0.0042  0.1089096  0.000e+00
        660     10.371    15.0940   2.907840     2.1331     2.4640     0.0042  0.1089096  0.000e+00
        661     10.371    15.0854   2.907834     2.1331     2.4664     0.0044  0.1079328  0.000e+00
        662     10.347    15.0776   2.907917     2.1331     2.4689     0.0044  0.1079328  0.000e+00
        663     10.429    15.0719   2.907719     2.1331     2.4701     0.0044  0.1079328  0.000e+00
        664     10.314    15.0768   2.907873     2.1331     2.4725     0.0044  0.1069560  0.000e+00
        665     10.413    15.1070   2.907862     2.1331     2.4750     0.0044  0.1069560  0.000e+00
        666     10.371    15.1640   2.907861     2.1331     2.4762     0.0044  0.1069560  0.000e+00
        667     10.371    15.2266   2.907987     2.1331     2.4786     0.0044  0.1069560  0.000e+00
        668     10.347    15.2761   2.907838     2.1331     2.4811     0.0044  0.1069560  0.000e+00
        669     10.371    15.3032   2.907947     2.1331     2.4823     0.0044  0.1079328  0.000e+00
        670     10.371    15.3046   2.907794     2.1319     2.4835     0.0044  0.1079328  0.000e+00
        671     10.371    15.2835   2.907833     2.1319     2.4860     0.0044  0.1069560  0.000e+00
        672     10.347    15.2469   2.907942     2.1319     2.4872     0.0044  0.1079328  0.000e+00
        673     10.371    15.2031   2.907866     2.1319     2.4884     0.0044  0.1069560  0.000e+00
        674     10.371    15.1575   2.908020     2.1319     2.4908     0.0044  0.1079328  0.000e+00
        675     10.347    15.1121   2.907916     2.1319     2.4921     0.0044  0.1079328  0.000e+00
        676     10.371    15.0688   2.907906     2.1319     2.4933     0.0044  0.1069560  0.000e+00
        677     10.371    15.0282   2.907917     2.1306     2.4945     0.0044  0.1079328  0.000e+00
        678     10.346    14.9918   2.907775     2.1319     2.4957     0.0044  0.1079328  0.000e+00
        679     10.429    14.9574   2.907978     2.1306     2.4970     0.0044  0.1069560  0.000e+00
        680     10.313    14.9255   2.907891     2.1306     2.4994     0.0044  0.1069560  0.000e+00
        681     10.371    14.8960   2.907842     2.1306     2.4994     0.0044  0.1074444  0.000e+00
        682     10.412    14.8734   2.907941     2.1306     2.5006     0.0044  0.1069560  0.000e+00
        683     10.371    14.8697   2.907814     2.1306     2.5018     0.0044  0.1079328  0.000e+00
        684     10.371    14.8731   2.908045     2.1306     2.5018     0.0044  0.1069560  0.000e+00
        685     10.346    14.8738   2.907951     2.1306     2.5031     0.0044  0.1079328  0.000e+00
        686     10.371    14.8710   2.907957     2.1306     2.5031     0.0042  0.1069560  0.000e+00
        687     10.371    14.8692   2.908034     2.1294     2.5043     0.0040  0.1064676  0.000e+00
        688     10.346    14.8689   2.907897     2.1294     2.5043     0.0038  0.1059792  0.000e+00
        689     10.371    14.8677   2.908143     2.1294     2.5055     0.0038  0.1059792  0.000e+00
        690     10.371    14.8670   2.907979     2.1282     2.5055     0.0038  0.1059792  0.000e+00
        691     10.371    14.8692   2.907973     2.1282     2.5055     0.0038  0.1059792  0.000e+00
        692     10.412    14.8739   2.908083     2.1282     2.5055     0.0038  0.1059792  0.000e+00
        693     10.313    14.8809   2.907968     2.1282     2.5055     0.0038  0.1059792  0.000e+00
        694     10.371    14.8886   2.908105     2.1282     2.5055     0.0038  0.1059792  0.000e+00
        695     10.346    14.8974   2.907995     2.1270     2.5055     0.0038  0.1059792  0.000e+00
        696     10.371    14.9069   2.908110     2.1270     2.5055     0.0038  0.1059792  0.000e+00
        697     10.313    14.9169   2.908143     2.1257     2.5055     0.0038  0.1059792  0.000e+00
        698     10.313    14.9272   2.908017     2.1257     2.5055     0.0038  0.1059792  0.000e+00
        699     10.288    14.9388   2.908093     2.1257     2.5055     0.0038  0.1064676  0.000e+00
        700     10.313    14.9529   2.908071     2.1257     2.5043     0.0038  0.1064676  0.000e+00
        701     10.247    14.9633   2.908137     2.1257     2.5043     0.0038  0.1064676  0.000e+00
        702     10.288    14.9739   2.908225     2.1257     2.5043     0.0038  0.1064676  0.000e+00
        703     10.247    14.9879   2.908246     2.1245     2.5031     0.0038  0.1059792  0.000e+00
        704     10.190    14.9856   2.908329     2.1245     2.5031     0.0038  0.1059792  0.000e+00
        705     10.222    14.9410   2.908274     2.1245     2.5031     0.0038  0.1059792  0.000e+00
        706     10.189    14.9138   2.908554     2.1233     2.5018     0.0038  0.1059792  0.000e+00
        707     10.189    14.8950   2.908472     2.1233     2.5018     0.0038  0.1064676  0.000e+00
        708     10.107    14.8361   2.908511     2.1233     2.5006     0.0038  0.1064676  0.000e+00
        709     10.189    14.7800   2.908363     2.1221     2.4994     0.0038  0.1064676  0.000e+00
        710     10.123    14.7205   2.908485     2.1221     2.4994     0.0038  0.1059792  0.000e+00
        711     10.123    14.6784   2.908403     2.1221     2.4970     0.0038  0.1064676  0.000e+00
        712     10.041    14.6520   2.908299     2.1221     2.4970     0.0038  0.1054908  0.000e+00
        713     10.066    14.6262   2.908502     2.1209     2.4970     0.0038  0.1050024  0.000e+00
        714     10.000    14.6107   2.908327     2.1209     2.4957     0.0038  0.1050024  0.000e+00
        715      9.983    14.6034   2.908349     2.1209     2.4945     0.0038  0.1050024  0.000e+00
        716     10.000    14.5979   2.908239     2.1209     2.4933     0.0038  0.1045140  0.000e+00
        717      9.942    14.6039   2.908261     2.1209     2.4933     0.0038  0.1050024  0.000e+00
        718      9.917    14.6547   2.908255     2.1196     2.4921     0.0038  0.1045140  0.000e+00
        719      9.884    14.7342   2.908079     2.1196     2.4908     0.0038  0.1045140  0.000e+00
        720      9.884    14.8058   2.908155     2.1196     2.4908     0.0038  0.1050024  0.000e+00
        721      9.884    14.8589   2.908028     2.1209     2.4908     0.0038  0.1045140  0.000e+00
        722      9.859    14.8692   2.907957     2.1196     2.4896     0.0038  0.1045140  0.000e+00
        723      9.818    14.8599   2.907984     2.1196     2.4884     0.0038  0.1050024  0.000e+00
        724      9.818    14.8370   2.907875     2.1196     2.4884     0.0038  0.1050024  0.000e+00
        725      9.802    14.8329   2.907963     2.1196     2.4872     0.0038  0.1045140  0.000e+00
        726      9.695    14.8323   2.907716     2.1196     2.4860     0.0038  0.1045140  0.000e+00
        727      9.760    14.8349   2.907869     2.1196     2.4860     0.0038  0.1050024  0.000e+00
        728      9.678    14.8645   2.907803     2.1196     2.4847     0.0038  0.1045140  0.000e+00
        729      9.695    14.8888   2.907661     2.1209     2.4835     0.0038  0.1045140  0.000e+00
        730      9.694    14.9009   2.907765     2.1209     2.4835     0.0038  0.1050024  0.000e+00
        731      9.678    14.9118   2.907584     2.1209     2.4835     0.0038  0.1050024  0.000e+00
        732      9.579    14.9381   2.907594     2.1209     2.4823     0.0038  0.1045140  0.000e+00
        733      9.637    14.9581   2.907644     2.1209     2.4823     0.0038  0.1045140  0.000e+00
        734      9.612    14.9650   2.907479     2.1209     2.4823     0.0038  0.1045140  0.000e+00
        735      9.513    14.9618   2.907474     2.1221     2.4823     0.0037  0.1050024  0.000e+00
        736      9.579    14.9464   2.907359     2.1221     2.4835     0.0038  0.1045140  0.000e+00
        737      9.513    14.9326   2.907265     2.1221     2.4835     0.0038  0.1050024  0.000e+00
        738      9.488    14.9234   2.907298     2.1233     2.4847     0.0042  0.1054908  0.000e+00
        739      9.455    14.9070   2.907194     2.1233     2.4847     0.0042  0.1059792  0.000e+00
        740      9.455    14.8807   2.907184     2.1233     2.4860     0.0042  0.1059792  0.000e+00
        741      9.431    14.8634   2.907124     2.1233     2.4884     0.0042  0.1054908  0.000e+00
        742      9.389    14.8491   2.907047     2.1245     2.4896     0.0042  0.1054908  0.000e+00
        743      9.389    14.8363   2.907102     2.1245     2.4908     0.0042  0.1059792  0.000e+00
        744      9.307    14.8473   2.906926     2.1257     2.4921     0.0042  0.1054908  0.000e+00
        745      9.389    14.8834   2.907047     2.1257     2.4945     0.0042  0.1059792  0.000e+00
        746      9.274    14.9016   2.907079     2.1270     2.4933     0.0042  0.1054908  0.000e+00
        747      9.307    14.9094   2.906953     2.1270     2.4970     0.0042  0.1054908  0.000e+00
        748      9.274    14.9202   2.906959     2.1282     2.4982     0.0042  0.1054908  0.000e+00
        749      9.274    14.9293   2.906948     2.1294     2.5006     0.0042  0.1059792  0.000e+00
        750      9.183    14.9385   2.906865     2.1294     2.5018     0.0042  0.1059792  0.000e+00
        751      9.208    14.9445   2.907057     2.1294     2.5043     0.0042  0.1059792  0.000e+00
        752      9.208    14.9443   2.906925     2.1294     2.5055     0.0042  0.1059792  0.000e+00
        753      9.125    14.9466   2.906986     2.1306     2.5079     0.0042  0.1059792  0.000e+00
        754      9.150    14.9474   2.906876     2.1319     2.5092     0.0042  0.1054908  0.000e+00
        755      9.084    14.9477   2.906755     2.1331     2.5116     0.0042  0.1059792  0.000e+00
        756      9.059    14.9472   2.906986     2.1331     2.5140     0.0042  0.1054908  0.000e+00
        757      9.084    14.9480   2.906849     2.1343     2.5153     0.0042  0.1054908  0.000e+00
        758      9.026    14.9491   2.906761     2.1343     2.5177     0.0042  0.1059792  0.000e+00
        759      9.002    14.9489   2.906958     2.1355     2.5189     0.0042  0.1054908  0.000e+00
        760      8.960    14.9324   2.906838     2.1367     2.5214     0.0042  0.1054908  0.000e+00
        761      8.960    14.9114   2.906865     2.1367     2.5226     0.0042  0.1059792  0.000e+00
        762      8.960    14.9065   2.906909     2.1380     2.5238     0.0042  0.1054908  0.000e+00
        763      8.944    14.9090   2.906674     2.1392     2.5263     0.0042  0.1079328  0.000e+00
        764      8.903    14.9102   2.906931     2.1404     2.5275     0.0042  0.1089096  0.000e+00
        765      8.845    14.9106   2.906761     2.1404     2.5287     0.0042  0.1093980  0.000e+00
        766      8.878    14.9140   2.906734     2.1416     2.5311     0.0042  0.1093980  0.000e+00
        767      8.845    14.9195   2.907013     2.1428     2.5324     0.0042  0.1089096  0.000e+00
        768      8.779    14.9238   2.906794     2.1441     2.5336     0.0042  0.1089096  0.000e+00
        769      8.754    14.9264   2.906860     2.1453     2.5348     0.0042  0.1089096  0.000e+00
        770      8.779    14.9270   2.906854     2.1465     2.5348     0.0042  0.1093980  0.000e+00
        771      8.721    14.9243   2.906778     2.1489     2.5372     0.0042  0.1089096  0.000e+00
        772      8.754    14.9124   2.906959     2.1489     2.5372     0.0042  0.1089096  0.000e+00
        773      8.655    14.8956   2.906756     2.1502     2.5385     0.0042  0.1089096  0.000e+00
        774      8.655    14.8854   2.906778     2.1514     2.5385     0.0042  0.1089096  0.000e+00
        775      8.696    14.8759   2.906827     2.1526     2.5397     0.0042  0.1093980  0.000e+00
        776      8.597    14.8641   2.906789     2.1538     2.5409     0.0042  0.1089096  0.000e+00
        777      8.597    14.8700   2.906844     2.1551     2.5409     0.0042  0.1089096  0.000e+00
        778      8.573    14.8822   2.906822     2.1563     2.5421     0.0042  0.1089096  0.000e+00
        779      8.597    14.8910   2.906739     2.1575     2.5421     0.0042  0.1089096  0.000e+00
        780      8.540    14.8956   2.906871     2.1587     2.5434     0.0042  0.1093980  0.000e+00
        781      8.515    14.8974   2.906811     2.1599     2.5434     0.0042  0.1093980  0.000e+00
        782      8.474    14.8979   2.906805     2.1612     2.5434     0.0042  0.1093980  0.000e+00
        783      8.474    14.9003   2.906948     2.1624     2.5434     0.0042  0.1089096  0.000e+00
        784      8.449    14.9053   2.906871     2.1636     2.5434     0.0042  0.1093980  0.000e+00
        785      8.416    14.9101   2.906958     2.1648     2.5446     0.0042  0.1089096  0.000e+00
        786      8.416    14.9124   2.906975     2.1673     2.5446     0.0042  0.1089096  0.000e+00
        787      8.391    14.9143   2.906788     2.1685     2.5446     0.0042  0.1089096  0.000e+00
        788      8.292    14.9146   2.907046     2.1697     2.5446     0.0042  0.1103748  0.000e+00
        789      8.350    14.9146   2.906887     2.1709     2.5446     0.0042  0.1157473  0.000e+00
        790      8.325    14.9172   2.906810     2.1721     2.5446     0.0042  0.1177009  0.000e+00
        791      8.292    14.9214   2.906969     2.1746     2.5446     0.0042  0.1177009  0.000e+00
        792      8.292    14.9256   2.906794     2.1758     2.5446     0.0042  0.1177009  0.000e+00
        793      8.210    14.9306   2.906870     2.1770     2.5446     0.0042  0.1177009  0.000e+00
        794      8.226    14.9415   2.906936     2.1783     2.5434     0.0042  0.1177009  0.000e+00
        795      8.144    14.9543   2.906739     2.1795     2.5434     0.0042  0.1177009  0.000e+00
        796      8.226    14.9613   2.906952     2.1807     2.5434     0.0042  0.1177009  0.000e+00
        797      8.168    14.9610   2.906859     2.1819     2.5434     0.0042  0.1177009  0.000e+00
        798      8.086    14.9570   2.906772     2.1844     2.5421     0.0042  0.1177009  0.000e+00
        799      8.111    14.9527   2.906958     2.1856     2.5421     0.0042  0.1177009  0.000e+00
        800      8.111    14.9457   2.906816     2.1868     2.5421     0.0042  0.1177009  0.000e+00
