data/2021/ctd_data_day3/station1a_ctm_fil_le_der.cnv
* Sea-Bird SBE 9 Data File:
* FileName = C:\Users\CTD-User\Desktop\MAR440\day3\station1a.hex
* Software Version Seasave V 7.26.2.13
* Temperature SN = 6313
* Conductivity SN = 4758
* Number of Bytes Per Scan = 37
* Number of Voltage Words = 4
* Number of Scans Averaged by the Deck Unit = 1
* NMEA Latitude = 58 20.46 N
* NMEA Longitude = 011 53.94 E
* NMEA UTC (Time) = Sep 23 2021 08:23:54
* NMEA baud rate = 4800
** Ship: Skagerrak
** Station: station1a
** Operator: Jess
# nquan = 13                                
# nvalues = 3026                        
# units = specified
# name 0 = scan: Scan Count
# name 1 = prDM: Pressure, Digiquartz [db]
# name 2 = t090C: Temperature [ITS-90, deg C]
# name 3 = c0S/m: Conductivity [S/m]
# name 4 = sbeox0V: Oxygen raw, SBE 43 [V]
# name 5 = sbeox1V: Oxygen raw, SBE 43, 2 [V]
# name 6 = flECO-AFL: Fluorescence, WET Labs ECO-AFL/FL [mg/m^3]
# name 7 = upoly0: Upoly 0, Turbidity
# name 8 = depSM: Depth [salt water, m], lat = 58.341
# name 9 = sal00: Salinity, Practical [PSU]
# name 10 = sbeox0ML/L: Oxygen, SBE 43 [ml/l], WS = 2
# name 11 = sbeox1ML/L: Oxygen, SBE 43, 2 [ml/l], WS = 2
# name 12 = flag: flag
# span 0 =          1,       3026       
# span 1 =      1.183,     33.673       
# span 2 =     7.9775,    15.5437       
# span 3 =   2.740292,   3.455395       
# span 4 =     0.4944,     2.8603       
# span 5 =     0.5538,     2.7362       
# span 6 =     0.0035,     0.0152       
# span 7 =  0.0886323,  0.2314865       
# span 8 =      1.172,     33.357       
# span 9 =    21.4061,    32.0857       
# span 10 =    -0.0685,     7.0409      
# span 11 =     0.2247,     5.8418      
# span 12 = 0.0000e+00, 0.0000e+00      
# interval = seconds: 0.0416667
# start_time = Sep 23 2021 08:23:54 [NMEA time, header]
# bad_flag = -9.990e-29
*END*
[from data line 2778]
       2779     30.047     8.6031   3.385957     0.5087     0.5643     0.0075  0.1114606     29.766    31.9170    -0.0362     0.2487 0.0000e+00
       2780     30.064     8.6040   3.386159     0.5087     0.5642     0.0077  0.1114772     29.782    31.9183    -0.0362     0.2484 0.0000e+00
       2781     30.082     8.6049   3.386359     0.5086     0.5642     0.0077  0.1114939     29.800    31.9196    -0.0365     0.2484 0.0000e+00
       2782     30.099     8.6057   3.386555     0.5085     0.5641     0.0077  0.1115116     29.817    31.9209    -0.0369     0.2482 0.0000e+00
       2783     30.117     8.6066   3.386748     0.5084     0.5641     0.0077  0.1115304     29.835    31.9221    -0.0371     0.2482 0.0000e+00
       2784     30.134     8.6074   3.386940     0.5083     0.5640     0.0077  0.1115496     29.852    31.9234    -0.0374     0.2480 0.0000e+00
       2785     30.152     8.6082   3.387130     0.5082     0.5640     0.0077  0.1115676     29.870    31.9247    -0.0377     0.2480 0.0000e+00
       2786     30.169     8.6090   3.387320     0.5081     0.5639     0.0077  0.1115846     29.886    31.9259    -0.0379     0.2478 0.0000e+00
       2787     30.187     8.6099   3.387510     0.5080     0.5639     0.0077  0.1116015     29.904    31.9271    -0.0381     0.2478 0.0000e+00
       2788     30.204     8.6107   3.387699     0.5079     0.5638     0.0077  0.1116185     29.921    31.9283    -0.0384     0.2476 0.0000e+00
       2789     30.222     8.6115   3.387889     0.5078     0.5638     0.0075  0.1116356     29.939    31.9296    -0.0386     0.2476 0.0000e+00
       2790     30.239     8.6123   3.388079     0.5077     0.5637     0.0073  0.1116521     29.956    31.9308    -0.0388     0.2473 0.0000e+00
       2791     30.257     8.6131   3.388270     0.5076     0.5636     0.0071  0.1116673     29.974    31.9321    -0.0390     0.2471 0.0000e+00
       2792     30.275     8.6139   3.388462     0.5075     0.5636     0.0071  0.1116813     29.991    31.9334    -0.0392     0.2471 0.0000e+00
       2793     30.292     8.6148   3.388655     0.5075     0.5635     0.0071  0.1116942     30.008    31.9346    -0.0390     0.2468 0.0000e+00
       2794     30.309     8.6156   3.388851     0.5074     0.5635     0.0071  0.1117061     30.025    31.9359    -0.0392     0.2468 0.0000e+00
       2795     30.327     8.6165   3.389048     0.5073     0.5634     0.0071  0.1117171     30.043    31.9371    -0.0394     0.2465 0.0000e+00
       2796     30.345     8.6173   3.389247     0.5072     0.5633     0.0071  0.1117272     30.061    31.9385    -0.0396     0.2463 0.0000e+00
       2797     30.362     8.6182   3.389449     0.5071     0.5633     0.0071  0.1117366     30.078    31.9398    -0.0398     0.2463 0.0000e+00
       2798     30.380     8.6191   3.389653     0.5070     0.5632     0.0071  0.1117452     30.095    31.9411    -0.0399     0.2460 0.0000e+00
       2799     30.397     8.6200   3.389861     0.5069     0.5631     0.0071  0.1117531     30.112    31.9424    -0.0401     0.2457 0.0000e+00
       2800     30.415     8.6209   3.390072     0.5068     0.5631     0.0071  0.1117605     30.130    31.9438    -0.0403     0.2458 0.0000e+00
       2801     30.432     8.6218   3.390288     0.5067     0.5630     0.0071  0.1117672     30.147    31.9453    -0.0405     0.2455 0.0000e+00
       2802     30.450     8.6228   3.390508     0.5066     0.5630     0.0071  0.1117735     30.165    31.9466    -0.0408     0.2455 0.0000e+00
       2803     30.467     8.6237   3.390732     0.5065     0.5629     0.0071  0.1117794     30.182    31.9482    -0.0410     0.2452 0.0000e+00
       2804     30.485     8.6247   3.390960     0.5065     0.5629     0.0071  0.1117848     30.199    31.9496    -0.0410     0.2452 0.0000e+00
       2805     30.502     8.6257   3.391194     0.5064     0.5628     0.0071  0.1117906     30.216    31.9512    -0.0412     0.2449 0.0000e+00
       2806     30.519     8.6268   3.391434     0.5063     0.5628     0.0071  0.1117978     30.233    31.9527    -0.0414     0.2450 0.0000e+00
       2807     30.537     8.6279   3.391678     0.5063     0.5627     0.0071  0.1118056     30.251    31.9542    -0.0414     0.2447 0.0000e+00
       2808     30.554     8.6289   3.391927     0.5062     0.5627     0.0071  0.1118132     30.268    31.9559    -0.0416     0.2447 0.0000e+00
       2809     30.571     8.6300   3.392180     0.5061     0.5626     0.0071  0.1118205     30.285    31.9576    -0.0419     0.2444 0.0000e+00
       2810     30.589     8.6311   3.392434     0.5061     0.5626     0.0071  0.1118277     30.302    31.9592    -0.0419     0.2445 0.0000e+00
       2811     30.606     8.6322   3.392689     0.5060     0.5625     0.0071  0.1118349     30.319    31.9609    -0.0422     0.2442 0.0000e+00
       2812     30.623     8.6333   3.392944     0.5059     0.5625     0.0071  0.1118419     30.336    31.9625    -0.0425     0.2442 0.0000e+00
       2813     30.641     8.6343   3.393197     0.5059     0.5624     0.0071  0.1118491     30.354    31.9643    -0.0425     0.2440 0.0000e+00
       2814     30.658     8.6354   3.393448     0.5058     0.5624     0.0071  0.1118562     30.371    31.9659    -0.0429     0.2440 0.0000e+00
       2815     30.675     8.6364   3.393695     0.5057     0.5623     0.0070  0.1118635     30.388    31.9676    -0.0433     0.2437 0.0000e+00
       2816     30.693     8.6374   3.393939     0.5057     0.5622     0.0068  0.1118710     30.405    31.9692    -0.0433     0.2435 0.0000e+00
       2817     30.710     8.6384   3.394179     0.5056     0.5622     0.0066  0.1118786     30.422    31.9708    -0.0437     0.2435 0.0000e+00
       2818     30.727     8.6393   3.394414     0.5055     0.5621     0.0068  0.1118866     30.439    31.9724    -0.0441     0.2433 0.0000e+00
       2819     30.744     8.6402   3.394643     0.5054     0.5620     0.0068  0.1118948     30.456    31.9740    -0.0444     0.2430 0.0000e+00
       2820     30.761     8.6411   3.394867     0.5053     0.5620     0.0068  0.1119035     30.473    31.9755    -0.0448     0.2430 0.0000e+00
       2821     30.778     8.6420   3.395085     0.5052     0.5619     0.0068  0.1119125     30.490    31.9770    -0.0451     0.2427 0.0000e+00
       2822     30.795     8.6428   3.395298     0.5052     0.5619     0.0066  0.1119221     30.506    31.9785    -0.0452     0.2427 0.0000e+00
       2823     30.812     8.6436   3.395504     0.5051     0.5618     0.0068  0.1119323     30.523    31.9799    -0.0456     0.2425 0.0000e+00
       2824     30.829     8.6444   3.395705     0.5050     0.5618     0.0068  0.1119431     30.540    31.9813    -0.0460     0.2424 0.0000e+00
       2825     30.846     8.6451   3.395899     0.5049     0.5617     0.0068  0.1119546     30.557    31.9827    -0.0464     0.2422 0.0000e+00
       2826     30.862     8.6459   3.396087     0.5048     0.5617     0.0068  0.1119669     30.573    31.9839    -0.0468     0.2422 0.0000e+00
       2827     30.879     8.6465   3.396267     0.5047     0.5616     0.0068  0.1119801     30.590    31.9852    -0.0472     0.2419 0.0000e+00
       2828     30.895     8.6472   3.396441     0.5046     0.5616     0.0068  0.1119942     30.606    31.9864    -0.0477     0.2419 0.0000e+00
       2829     30.912     8.6478   3.396607     0.5046     0.5615     0.0068  0.1120095     30.622    31.9876    -0.0478     0.2417 0.0000e+00
       2830     30.928     8.6484   3.396766     0.5045     0.5615     0.0068  0.1120259     30.638    31.9887    -0.0482     0.2417 0.0000e+00
       2831     30.945     8.6490   3.396919     0.5044     0.5614     0.0068  0.1120436     30.655    31.9897    -0.0486     0.2415 0.0000e+00
       2832     30.961     8.6495   3.397065     0.5043     0.5614     0.0068  0.1120627     30.671    31.9908    -0.0489     0.2415 0.0000e+00
       2833     30.977     8.6500   3.397204     0.5042     0.5613     0.0068  0.1120834     30.687    31.9918    -0.0493     0.2413 0.0000e+00
       2834     30.993     8.6505   3.397336     0.5041     0.5613     0.0068  0.1121058     30.703    31.9927    -0.0497     0.2414 0.0000e+00
       2835     31.009     8.6509   3.397462     0.5040     0.5612     0.0068  0.1121300     30.718    31.9937    -0.0500     0.2411 0.0000e+00
       2836     31.025     8.6514   3.397583     0.5039     0.5612     0.0068  0.1121562     30.734    31.9945    -0.0504     0.2412 0.0000e+00
       2837     31.041     8.6518   3.397699     0.5038     0.5611     0.0068  0.1121847     30.750    31.9953    -0.0507     0.2410 0.0000e+00
       2838     31.057     8.6522   3.397809     0.5037     0.5611     0.0068  0.1122155     30.766    31.9961    -0.0510     0.2411 0.0000e+00
       2839     31.073     8.6525   3.397915     0.5036     0.5610     0.0068  0.1122490     30.782    31.9969    -0.0513     0.2409 0.0000e+00
       2840     31.089     8.6529   3.398017     0.5035     0.5610     0.0068  0.1122852     30.798    31.9976    -0.0516     0.2409 0.0000e+00
       2841     31.104     8.6532   3.398115     0.5034     0.5609     0.0062  0.1123238     30.813    31.9984    -0.0519     0.2407 0.0000e+00
       2842     31.120     8.6536   3.398210     0.5034     0.5609     0.0060  0.1123623     30.828    31.9990    -0.0518     0.2408 0.0000e+00
       2843     31.136     8.6539   3.398301     0.5033     0.5608     0.0060  0.1123985     30.844    31.9997    -0.0520     0.2406 0.0000e+00
       2844     31.151     8.6542   3.398389     0.5032     0.5607     0.0060  0.1124318     30.859    32.0003    -0.0522     0.2403 0.0000e+00
       2845     31.166     8.6545   3.398475     0.5031     0.5607     0.0060  0.1124624     30.874    32.0009    -0.0525     0.2404 0.0000e+00
       2846     31.182     8.6548   3.398558     0.5030     0.5606     0.0060  0.1124905     30.890    32.0015    -0.0527     0.2401 0.0000e+00
       2847     31.197     8.6550   3.398639     0.5029     0.5606     0.0060  0.1125164     30.905    32.0022    -0.0528     0.2401 0.0000e+00
       2848     31.212     8.6553   3.398718     0.5029     0.5605     0.0060  0.1125402     30.920    32.0027    -0.0526     0.2399 0.0000e+00
       2849     31.228     8.6556   3.398795     0.5028     0.5605     0.0060  0.1125620     30.935    32.0032    -0.0528     0.2399 0.0000e+00
       2850     31.243     8.6558   3.398871     0.5027     0.5605     0.0060  0.1125821     30.950    32.0038    -0.0529     0.2399 0.0000e+00
       2851     31.258     8.6561   3.398945     0.5026     0.5604     0.0060  0.1126006     30.965    32.0043    -0.0531     0.2396 0.0000e+00
       2852     31.273     8.6563   3.399019     0.5025     0.5604     0.0060  0.1126175     30.980    32.0049    -0.0532     0.2396 0.0000e+00
       2853     31.288     8.6566   3.399092     0.5024     0.5603     0.0060  0.1126331     30.995    32.0054    -0.0534     0.2393 0.0000e+00
       2854     31.303     8.6568   3.399164     0.5023     0.5603     0.0060  0.1126474     31.010    32.0060    -0.0534     0.2393 0.0000e+00
       2855     31.319     8.6570   3.399236     0.5023     0.5603     0.0060  0.1126605     31.026    32.0065    -0.0532     0.2394 0.0000e+00
       2856     31.334     8.6573   3.399308     0.5022     0.5602     0.0060  0.1126725     31.040    32.0070    -0.0533     0.2391 0.0000e+00
       2857     31.349     8.6575   3.399379     0.5021     0.5602     0.0060  0.1126835     31.055    32.0076    -0.0534     0.2391 0.0000e+00
       2858     31.363     8.6578   3.399450     0.5020     0.5602     0.0060  0.1126936     31.069    32.0080    -0.0535     0.2391 0.0000e+00
       2859     31.378     8.6580   3.399521     0.5020     0.5601     0.0060  0.1127028     31.084    32.0086    -0.0533     0.2388 0.0000e+00
       2860     31.393     8.6583   3.399594     0.5019     0.5601     0.0060  0.1127112     31.099    32.0091    -0.0533     0.2389 0.0000e+00
       2861     31.408     8.6585   3.399667     0.5018     0.5600     0.0060  0.1127189     31.114    32.0096    -0.0535     0.2386 0.0000e+00
       2862     31.423     8.6588   3.399740     0.5017     0.5600     0.0060  0.1127260     31.129    32.0101    -0.0536     0.2386 0.0000e+00
       2863     31.438     8.6591   3.399815     0.5017     0.5600     0.0060  0.1127324     31.143    32.0106    -0.0533     0.2386 0.0000e+00
       2864     31.453     8.6593   3.399889     0.5016     0.5599     0.0060  0.1127382     31.158    32.0112    -0.0534     0.2384 0.0000e+00
       2865     31.468     8.6596   3.399964     0.5015     0.5599     0.0060  0.1127434     31.173    32.0117    -0.0535     0.2384 0.0000e+00
       2866     31.483     8.6599   3.400040     0.5015     0.5598     0.0060  0.1127482     31.188    32.0122    -0.0534     0.2381 0.0000e+00
       2867     31.498     8.6601   3.400116     0.5014     0.5598     0.0060  0.1127524     31.203    32.0128    -0.0534     0.2381 0.0000e+00
       2868     31.513     8.6604   3.400192     0.5014     0.5597     0.0060  0.1127562     31.218    32.0134    -0.0532     0.2379 0.0000e+00
       2869     31.528     8.6607   3.400268     0.5013     0.5597     0.0060  0.1127596     31.233    32.0139    -0.0533     0.2378 0.0000e+00
       2870     31.542     8.6610   3.400344     0.5013     0.5596     0.0060  0.1127626     31.246    32.0144    -0.0531     0.2376 0.0000e+00
       2871     31.557     8.6613   3.400421     0.5012     0.5596     0.0060  0.1127653     31.261    32.0149    -0.0533     0.2375 0.0000e+00
       2872     31.572     8.6615   3.400497     0.5012     0.5595     0.0060  0.1127675     31.276    32.0155    -0.0531     0.2372 0.0000e+00
       2873     31.587     8.6618   3.400574     0.5011     0.5594     0.0060  0.1127695     31.291    32.0161    -0.0532     0.2369 0.0000e+00
       2874     31.602     8.6621   3.400651     0.5011     0.5594     0.0060  0.1127710     31.306    32.0166    -0.0531     0.2369 0.0000e+00
       2875     31.616     8.6624   3.400728     0.5010     0.5593     0.0060  0.1127723     31.320    32.0171    -0.0532     0.2366 0.0000e+00
       2876     31.631     8.6627   3.400806     0.5010     0.5593     0.0060  0.1127733     31.335    32.0176    -0.0530     0.2366 0.0000e+00
       2877     31.646     8.6630   3.400885     0.5009     0.5592     0.0060  0.1127739     31.349    32.0182    -0.0532     0.2363 0.0000e+00
       2878     31.661     8.6633   3.400965     0.5009     0.5592     0.0060  0.1127743     31.364    32.0187    -0.0531     0.2362 0.0000e+00
       2879     31.675     8.6636   3.401046     0.5008     0.5592     0.0060  0.1127744     31.378    32.0193    -0.0533     0.2362 0.0000e+00
       2880     31.690     8.6639   3.401129     0.5008     0.5591     0.0060  0.1127750     31.393    32.0199    -0.0532     0.2359 0.0000e+00
       2881     31.705     8.6642   3.401213     0.5007     0.5591     0.0060  0.1127770     31.408    32.0205    -0.0534     0.2359 0.0000e+00
       2882     31.720     8.6645   3.401299     0.5007     0.5590     0.0060  0.1127796     31.423    32.0211    -0.0533     0.2356 0.0000e+00
       2883     31.735     8.6649   3.401387     0.5006     0.5590     0.0060  0.1127820     31.438    32.0217    -0.0536     0.2356 0.0000e+00
       2884     31.749     8.6652   3.401476     0.5006     0.5590     0.0060  0.1127841     31.451    32.0223    -0.0536     0.2357 0.0000e+00
       2885     31.764     8.6656   3.401567     0.5005     0.5589     0.0060  0.1127860     31.466    32.0229    -0.0539     0.2354 0.0000e+00
       2886     31.779     8.6659   3.401659     0.5005     0.5589     0.0060  0.1127876     31.481    32.0236    -0.0539     0.2354 0.0000e+00
       2887     31.794     8.6663   3.401752     0.5005     0.5588     0.0060  0.1127891     31.496    32.0242    -0.0539     0.2352 0.0000e+00
       2888     31.808     8.6667   3.401847     0.5004     0.5588     0.0060  0.1127904     31.510    32.0248    -0.0543     0.2352 0.0000e+00
