data/2021/ctd_data_day3/station8H_ctm_fil_le_der_avg.cnv
* Sea-Bird SBE 9 Data File:
* FileName = C:\Users\CTD-User\Desktop\MAR440\day3\station8H.hex
* Software Version Seasave V 7.26.2.13
* Temperature SN = 6313
* Conductivity SN = 4758
* Number of Bytes Per Scan = 37
* Number of Voltage Words = 4
* Number of Scans Averaged by the Deck Unit = 1
* NMEA Latitude = 58 19.26 N
* NMEA Longitude = 011 49.42 E
* NMEA UTC (Time) = Sep 23 2021 11:26:46
* NMEA baud rate = 4800
** Ship: Skagerrak
** Station: station8H
** Operator: Emma
# nquan = 13
# nvalues = 22                          
# units = specified
# name 0 = scan: Scan Count
# name 1 = prDM: Pressure, Digiquartz [db]
# name 2 = t090C: Temperature [ITS-90, deg C]
# name 3 = c0S/m: Conductivity [S/m]
# name 4 = sbeox0V: Oxygen raw, SBE 43 [V]
# name 5 = sbeox1V: Oxygen raw, SBE 43, 2 [V]
# name 6 = flECO-AFL: Fluorescence, WET Labs ECO-AFL/FL [mg/m^3]
# name 7 = upoly0: Upoly 0, Turbidity
# name 8 = depSM: Depth [salt water, m], lat = 58.321
# name 9 = sal00: Salinity, Practical [PSU]
# name 10 = sbeox0ML/L: Oxygen, SBE 43 [ml/l], WS = 2
# name 11 = sbeox1ML/L: Oxygen, SBE 43, 2 [ml/l], WS = 2
# name 12 = flag: flag
# span 0 =         49,       2851       
# span 1 =      2.019,     23.217       
# span 2 =    13.0860,    15.1086       
# span 3 =   2.902150,   3.769001       
# span 4 =     1.1063,     2.7580       
# span 5 =     1.1414,     2.6486       
# span 6 =     0.0040,     0.0090       
# span 7 =  0.0897738,  0.1488283       
# span 8 =      2.000,     23.000       
# span 9 =    22.7166,    31.5591       
# span 10 =     1.6805,     6.3935      
# span 11 =     1.6313,     5.3713      
# span 12 = 0.0000e+00, 0.0000e+00      
# interval = meters: 1                  
# start_time = Sep 23 2021 11:26:46 [NMEA time, header]
# bad_flag = -9.990e-29
*END*
         49      2.019    14.9053   2.912518     2.5172     2.4606     0.0066  0.1488283      2.000    22.8212     5.7511     4.8997 0.0000e+00
        101      3.028    14.9117   2.909045     2.4548     2.3656     0.0071  0.1481393      3.000    22.7871     5.6699     4.6749 0.0000e+00
        149      4.038    14.9141   2.909008     2.4206     2.3085     0.0073  0.1480808      4.000    22.7852     5.6017     4.6608 0.0000e+00
        191      5.047    14.9175   2.906972     2.3888     2.3094     0.0070  0.1469519      5.000    22.7654     5.4848     4.7020 0.0000e+00
        232      6.056    14.9163   2.903625     2.3494     2.2910     0.0067  0.1477446      6.000    22.7369     5.3419     4.5825 0.0000e+00
        277      7.066    14.9117   2.902345     2.2996     2.2478     0.0068  0.1469559      7.000    22.7283     5.1801     4.4418 0.0000e+00
        327      8.075    14.9117   2.902150     2.2441     2.1992     0.0068  0.1478551      8.000    22.7263     5.0316     4.3339 0.0000e+00
        377      9.085    14.9310   2.902358     2.1994     2.1527     0.0068  0.1444680      9.000    22.7166     4.9327     4.2119 0.0000e+00
       1824     10.094    15.1086   3.048180     2.6875     2.5933     0.0068  0.1416470     10.000    23.8680     6.3935     5.3713 0.0000e+00
       2154     11.103    15.0183   3.333515     2.7580     2.6486     0.0056  0.1182188     11.000    26.4135     6.1597     5.0711 0.0000e+00
       2202     12.113    14.1710   3.408851     2.4445     2.2937     0.0044  0.0963345     12.000    27.6668     4.3103     3.4607 0.0000e+00
       2248     13.122    13.7351   3.422965     1.9685     1.8306     0.0044  0.0920448     13.000    28.1091     3.0143     2.5180 0.0000e+00
       2293     14.132    13.7265   3.453473     1.6385     1.5463     0.0043  0.0911059     14.000    28.3928     2.5386     2.2141 0.0000e+00
       2338     15.141    13.7427   3.492324     1.4528     1.3998     0.0040  0.0904903     15.000    28.7347     2.3437     2.0921 0.0000e+00
       2385     16.151    13.3405   3.471492     1.3455     1.3201     0.0041  0.0905984     16.000    28.8458     2.2091     2.0061 0.0000e+00
       2441     17.160    13.0860   3.473577     1.2520     1.2426     0.0046  0.0915329     17.000    29.0584     1.9698     1.8162 0.0000e+00
       2519     18.170    13.2548   3.530105     1.1518     1.1616     0.0044  0.0906787     18.000    29.4519     1.7774     1.6973 0.0000e+00
       2588     19.179    13.3528   3.564841     1.1271     1.1534     0.0041  0.0901973     19.000    29.6969     1.8110     1.7477 0.0000e+00
       2656     20.189    13.3775   3.587550     1.1345     1.1710     0.0042  0.0900423     20.000    29.8872     1.8590     1.8064 0.0000e+00
       2726     21.198    13.5011   3.635758     1.1427     1.1853     0.0046  0.0898586     21.000    30.2350     1.8603     1.8173 0.0000e+00
       2790     22.208    13.6155   3.723987     1.1396     1.1828     0.0066  0.0897738     22.000    30.9588     1.7827     1.7368 0.0000e+00
       2851     23.217    13.3900   3.769001     1.1063     1.1414     0.0090  0.0899524     23.000    31.5591     1.6805     1.6313 0.0000e+00
