data/2021/ctd_data_day3/station5e_ctm_fil_le_der.cnv
* Sea-Bird SBE 9 Data File:
* FileName = C:\Users\CTD-User\Desktop\MAR440\day3\station5e.hex
* Software Version Seasave V 7.26.2.13
* Temperature SN = 6313
* Conductivity SN = 4758
* Number of Bytes Per Scan = 37
* Number of Voltage Words = 4
* Number of Scans Averaged by the Deck Unit = 1
* NMEA Latitude = 58 19.40 N
* NMEA Longitude = 011 49.94 E
* NMEA UTC (Time) = Sep 23 2021 10:10:37
* NMEA baud rate = 4800
** Ship: Skagerrak
** Station: station5e
** Operator: Tor
# nquan = 13                                
# nvalues = 1576                        
# units = specified
# name 0 = scan: Scan Count
# name 1 = prDM: Pressure, Digiquartz [db]
# name 2 = t090C: Temperature [ITS-90, deg C]
# name 3 = c0S/m: Conductivity [S/m]
# name 4 = sbeox0V: Oxygen raw, SBE 43 [V]
# name 5 = sbeox1V: Oxygen raw, SBE 43, 2 [V]
# name 6 = flECO-AFL: Fluorescence, WET Labs ECO-AFL/FL [mg/m^3]
# name 7 = upoly0: Upoly 0, Turbidity
# name 8 = depSM: Depth [salt water, m], lat = 58.3233
# name 9 = sal00: Salinity, Practical [PSU]
# name 10 = sbeox0ML/L: Oxygen, SBE 43 [ml/l], WS = 2
# name 11 = sbeox1ML/L: Oxygen, SBE 43, 2 [ml/l], WS = 2
# name 12 = flag: flag
# span 0 =          1,       1576       
# span 1 =      0.452,     15.263       
# span 2 =    13.3677,    15.1846       
# span 3 =   2.949086,   3.431206       
# span 4 =     1.4032,     2.7953       
# span 5 =     1.4594,     2.6995       
# span 6 =     0.0040,     0.0090       
# span 7 =  0.0913729,  0.1588100       
# span 8 =      0.448,     15.121       
# span 9 =    23.1244,    28.3609       
# span 10 =     2.4865,     6.8040      
# span 11 =     2.3120,     5.6932      
# span 12 = 0.0000e+00, 0.0000e+00      
# interval = seconds: 0.0416667
# start_time = Sep 23 2021 10:10:37 [NMEA time, header]
# bad_flag = -9.990e-29
*END*
[from data line 1001]
       1002      5.026    14.9054   2.949086     2.7908     2.6759     0.0068  0.1551615      4.979    23.1361     6.7936     5.6406 0.0000e+00
       1003      5.048    14.9049   2.949086     2.7909     2.6760     0.0068  0.1551876      5.001    23.1364     6.7939     5.6410 0.0000e+00
       1004      5.070    14.9044   2.949086     2.7909     2.6760     0.0068  0.1552130      5.023    23.1366     6.7939     5.6411 0.0000e+00
       1005      5.091    14.9040   2.949086     2.7910     2.6761     0.0066  0.1552376      5.044    23.1369     6.7942     5.6415 0.0000e+00
       1006      5.113    14.9036   2.949086     2.7911     2.6761     0.0066  0.1552618      5.065    23.1371     6.7945     5.6416 0.0000e+00
       1007      5.135    14.9032   2.949086     2.7911     2.6761     0.0066  0.1552848      5.087    23.1373     6.7944     5.6417 0.0000e+00
       1008      5.157    14.9028   2.949086     2.7912     2.6762     0.0066  0.1553052      5.109    23.1376     6.7947     5.6420 0.0000e+00
       1009      5.179    14.9025   2.949086     2.7912     2.6762     0.0066  0.1553221      5.131    23.1377     6.7947     5.6420 0.0000e+00
       1010      5.200    14.9022   2.949086     2.7913     2.6762     0.0066  0.1553357      5.152    23.1379     6.7949     5.6421 0.0000e+00
       1011      5.222    14.9019   2.949086     2.7913     2.6762     0.0064  0.1553461      5.173    23.1381     6.7949     5.6422 0.0000e+00
       1012      5.244    14.9016   2.949086     2.7914     2.6763     0.0066  0.1553533      5.195    23.1382     6.7951     5.6425 0.0000e+00
       1013      5.266    14.9014   2.949086     2.7914     2.6763     0.0066  0.1553575      5.217    23.1384     6.7950     5.6425 0.0000e+00
       1014      5.288    14.9012   2.949086     2.7915     2.6763     0.0066  0.1553586      5.239    23.1385     6.7952     5.6425 0.0000e+00
       1015      5.309    14.9010   2.949087     2.7915     2.6763     0.0066  0.1553567      5.260    23.1386     6.7951     5.6426 0.0000e+00
       1016      5.331    14.9008   2.949088     2.7916     2.6764     0.0066  0.1553518      5.281    23.1387     6.7953     5.6429 0.0000e+00
       1017      5.353    14.9006   2.949090     2.7916     2.6764     0.0066  0.1553437      5.303    23.1388     6.7952     5.6429 0.0000e+00
       1018      5.375    14.9004   2.949092     2.7916     2.6764     0.0066  0.1553325      5.325    23.1390     6.7951     5.6430 0.0000e+00
       1019      5.396    14.9003   2.949094     2.7917     2.6764     0.0066  0.1553181      5.346    23.1390     6.7952     5.6430 0.0000e+00
       1020      5.418    14.9001   2.949097     2.7917     2.6765     0.0066  0.1553003      5.368    23.1392     6.7951     5.6433 0.0000e+00
       1021      5.440    14.9000   2.949101     2.7918     2.6765     0.0066  0.1552791      5.389    23.1393     6.7952     5.6434 0.0000e+00
       1022      5.462    14.8999   2.949105     2.7918     2.6765     0.0066  0.1552543      5.411    23.1394     6.7951     5.6434 0.0000e+00
       1023      5.483    14.8998   2.949109     2.7918     2.6765     0.0066  0.1552258      5.432    23.1394     6.7949     5.6435 0.0000e+00
       1024      5.505    14.8997   2.949113     2.7919     2.6765     0.0066  0.1551932      5.454    23.1395     6.7950     5.6435 0.0000e+00
       1025      5.527    14.8996   2.949118     2.7919     2.6766     0.0066  0.1551565      5.476    23.1396     6.7948     5.6439 0.0000e+00
       1026      5.549    14.8995   2.949122     2.7920     2.6766     0.0066  0.1551153      5.497    23.1397     6.7950     5.6439 0.0000e+00
       1027      5.571    14.8994   2.949127     2.7920     2.6766     0.0066  0.1550694      5.519    23.1398     6.7948     5.6440 0.0000e+00
       1028      5.592    14.8994   2.949132     2.7920     2.6766     0.0066  0.1550184      5.540    23.1398     6.7946     5.6441 0.0000e+00
       1029      5.614    14.8993   2.949137     2.7921     2.6766     0.0066  0.1549621      5.562    23.1399     6.7946     5.6442 0.0000e+00
       1030      5.636    14.8992   2.949142     2.7921     2.6767     0.0066  0.1549007      5.584    23.1400     6.7944     5.6446 0.0000e+00
       1031      5.657    14.8992   2.949148     2.7921     2.6767     0.0068  0.1548374      5.604    23.1401     6.7942     5.6447 0.0000e+00
       1032      5.679    14.8991   2.949153     2.7921     2.6767     0.0068  0.1547776      5.626    23.1402     6.7940     5.6448 0.0000e+00
       1033      5.701    14.8991   2.949159     2.7922     2.6767     0.0068  0.1547252      5.648    23.1402     6.7941     5.6449 0.0000e+00
       1034      5.723    14.8991   2.949166     2.7922     2.6768     0.0068  0.1546797      5.670    23.1403     6.7939     5.6453 0.0000e+00
       1035      5.745    14.8990   2.949172     2.7922     2.6768     0.0066  0.1546401      5.692    23.1404     6.7938     5.6454 0.0000e+00
       1036      5.766    14.8990   2.949178     2.7922     2.6768     0.0068  0.1546060      5.712    23.1404     6.7936     5.6455 0.0000e+00
       1037      5.788    14.8989   2.949185     2.7922     2.6769     0.0068  0.1545773      5.734    23.1405     6.7934     5.6459 0.0000e+00
       1038      5.810    14.8989   2.949191     2.7922     2.6769     0.0068  0.1545536      5.756    23.1406     6.7932     5.6460 0.0000e+00
       1039      5.831    14.8989   2.949197     2.7923     2.6770     0.0068  0.1545349      5.777    23.1406     6.7934     5.6464 0.0000e+00
       1040      5.853    14.8988   2.949202     2.7923     2.6770     0.0068  0.1545210      5.799    23.1407     6.7932     5.6465 0.0000e+00
       1041      5.875    14.8988   2.949208     2.7923     2.6771     0.0068  0.1545119      5.820    23.1408     6.7931     5.6469 0.0000e+00
       1042      5.896    14.8987   2.949214     2.7923     2.6771     0.0068  0.1545074      5.841    23.1409     6.7929     5.6471 0.0000e+00
       1043      5.918    14.8987   2.949220     2.7923     2.6772     0.0068  0.1545075      5.863    23.1409     6.7928     5.6475 0.0000e+00
       1044      5.940    14.8987   2.949226     2.7923     2.6772     0.0068  0.1545122      5.885    23.1410     6.7927     5.6476 0.0000e+00
       1045      5.961    14.8986   2.949231     2.7922     2.6773     0.0068  0.1545216      5.906    23.1411     6.7923     5.6481 0.0000e+00
       1046      5.983    14.8986   2.949237     2.7922     2.6773     0.0068  0.1545358      5.927    23.1411     6.7922     5.6482 0.0000e+00
       1047      6.005    14.8986   2.949242     2.7922     2.6774     0.0068  0.1545547      5.949    23.1412     6.7921     5.6487 0.0000e+00
       1048      6.026    14.8985   2.949247     2.7922     2.6774     0.0068  0.1545786      5.970    23.1413     6.7920     5.6488 0.0000e+00
       1049      6.048    14.8985   2.949251     2.7922     2.6775     0.0068  0.1546076      5.992    23.1413     6.7920     5.6492 0.0000e+00
       1050      6.070    14.8985   2.949255     2.7922     2.6775     0.0068  0.1546420      6.014    23.1413     6.7919     5.6494 0.0000e+00
       1051      6.091    14.8984   2.949258     2.7922     2.6776     0.0068  0.1546819      6.034    23.1414     6.7920     5.6498 0.0000e+00
       1052      6.113    14.8984   2.949261     2.7921     2.6777     0.0068  0.1547276      6.056    23.1414     6.7917     5.6502 0.0000e+00
       1053      6.134    14.8984   2.949264     2.7921     2.6777     0.0068  0.1547795      6.077    23.1414     6.7917     5.6504 0.0000e+00
       1054      6.155    14.8984   2.949266     2.7921     2.6778     0.0068  0.1548380      6.098    23.1414     6.7917     5.6508 0.0000e+00
       1055      6.177    14.8983   2.949268     2.7921     2.6778     0.0068  0.1549042      6.120    23.1415     6.7918     5.6510 0.0000e+00
       1056      6.199    14.8983   2.949269     2.7921     2.6779     0.0068  0.1549786      6.141    23.1415     6.7918     5.6514 0.0000e+00
       1057      6.220    14.8983   2.949270     2.7921     2.6779     0.0068  0.1550575      6.162    23.1415     6.7919     5.6516 0.0000e+00
       1058      6.242    14.8982   2.949271     2.7921     2.6780     0.0068  0.1551356      6.184    23.1416     6.7920     5.6520 0.0000e+00
       1059      6.263    14.8982   2.949271     2.7921     2.6780     0.0068  0.1552099      6.205    23.1416     6.7922     5.6522 0.0000e+00
       1060      6.285    14.8982   2.949271     2.7921     2.6781     0.0068  0.1552810      6.226    23.1416     6.7923     5.6526 0.0000e+00
       1061      6.306    14.8981   2.949271     2.7921     2.6782     0.0068  0.1553502      6.247    23.1416     6.7924     5.6530 0.0000e+00
       1062      6.328    14.8981   2.949271     2.7921     2.6782     0.0068  0.1554171      6.269    23.1416     6.7926     5.6532 0.0000e+00
       1063      6.350    14.8981   2.949272     2.7921     2.6783     0.0068  0.1554814      6.291    23.1416     6.7927     5.6536 0.0000e+00
       1064      6.371    14.8980   2.949272     2.7921     2.6784     0.0068  0.1555435      6.312    23.1417     6.7929     5.6540 0.0000e+00
       1065      6.393    14.8980   2.949273     2.7921     2.6784     0.0068  0.1556039      6.333    23.1417     6.7931     5.6542 0.0000e+00
       1066      6.415    14.8979   2.949274     2.7921     2.6785     0.0068  0.1556637      6.355    23.1417     6.7933     5.6546 0.0000e+00
       1067      6.436    14.8978   2.949275     2.7921     2.6786     0.0068  0.1557244      6.376    23.1418     6.7934     5.6550 0.0000e+00
       1068      6.457    14.8977   2.949277     2.7921     2.6787     0.0068  0.1557854      6.397    23.1419     6.7937     5.6554 0.0000e+00
       1069      6.479    14.8977   2.949278     2.7921     2.6788     0.0068  0.1558463      6.419    23.1419     6.7939     5.6559 0.0000e+00
       1070      6.500    14.8976   2.949280     2.7921     2.6789     0.0068  0.1559084      6.439    23.1419     6.7941     5.6563 0.0000e+00
       1071      6.522    14.8975   2.949282     2.7922     2.6790     0.0068  0.1559730      6.461    23.1420     6.7946     5.6567 0.0000e+00
       1072      6.543    14.8974   2.949284     2.7922     2.6790     0.0068  0.1560397      6.482    23.1421     6.7948     5.6569 0.0000e+00
       1073      6.565    14.8973   2.949285     2.7922     2.6791     0.0068  0.1561089      6.504    23.1421     6.7950     5.6573 0.0000e+00
       1074      6.586    14.8972   2.949286     2.7922     2.6792     0.0068  0.1561820      6.525    23.1422     6.7952     5.6577 0.0000e+00
       1075      6.608    14.8971   2.949288     2.7923     2.6793     0.0068  0.1562586      6.546    23.1423     6.7957     5.6581 0.0000e+00
       1076      6.629    14.8970   2.949290     2.7923     2.6794     0.0068  0.1563385      6.567    23.1423     6.7959     5.6585 0.0000e+00
       1077      6.651    14.8970   2.949291     2.7923     2.6795     0.0068  0.1564221      6.589    23.1423     6.7962     5.6589 0.0000e+00
       1078      6.672    14.8969   2.949294     2.7923     2.6796     0.0068  0.1565101      6.610    23.1424     6.7964     5.6592 0.0000e+00
       1079      6.694    14.8968   2.949297     2.7924     2.6797     0.0068  0.1566030      6.632    23.1425     6.7969     5.6596 0.0000e+00
       1080      6.715    14.8968   2.949300     2.7924     2.6798     0.0068  0.1567024      6.652    23.1425     6.7971     5.6600 0.0000e+00
       1081      6.737    14.8967   2.949304     2.7924     2.6799     0.0068  0.1568098      6.674    23.1426     6.7973     5.6604 0.0000e+00
       1082      6.758    14.8967   2.949308     2.7925     2.6800     0.0068  0.1569226      6.695    23.1426     6.7978     5.6607 0.0000e+00
       1083      6.780    14.8966   2.949312     2.7925     2.6801     0.0068  0.1570338      6.717    23.1427     6.7981     5.6611 0.0000e+00
       1084      6.801    14.8966   2.949317     2.7925     2.6802     0.0068  0.1571384      6.738    23.1428     6.7983     5.6615 0.0000e+00
       1085      6.823    14.8966   2.949322     2.7926     2.6803     0.0068  0.1572354      6.759    23.1428     6.7988     5.6618 0.0000e+00
       1086      6.844    14.8965   2.949327     2.7926     2.6804     0.0068  0.1573253      6.780    23.1429     6.7990     5.6622 0.0000e+00
       1087      6.866    14.8965   2.949332     2.7926     2.6805     0.0068  0.1574089      6.802    23.1429     6.7992     5.6625 0.0000e+00
       1088      6.887    14.8965   2.949336     2.7926     2.6806     0.0068  0.1574876      6.823    23.1430     6.7994     5.6629 0.0000e+00
       1089      6.908    14.8965   2.949342     2.7927     2.6807     0.0068  0.1575628      6.844    23.1430     6.7999     5.6632 0.0000e+00
       1090      6.930    14.8965   2.949347     2.7927     2.6808     0.0068  0.1576341      6.865    23.1430     6.8000     5.6636 0.0000e+00
       1091      6.951    14.8965   2.949353     2.7927     2.6809     0.0068  0.1577012      6.886    23.1431     6.8002     5.6639 0.0000e+00
       1092      6.972    14.8965   2.949360     2.7928     2.6810     0.0068  0.1577645      6.907    23.1431     6.8006     5.6642 0.0000e+00
       1093      6.994    14.8965   2.949366     2.7928     2.6811     0.0068  0.1578246      6.929    23.1432     6.8007     5.6645 0.0000e+00
       1094      7.015    14.8965   2.949374     2.7929     2.6812     0.0068  0.1578827      6.950    23.1433     6.8011     5.6649 0.0000e+00
       1095      7.036    14.8965   2.949381     2.7929     2.6813     0.0068  0.1579400      6.970    23.1433     6.8012     5.6652 0.0000e+00
       1096      7.057    14.8965   2.949389     2.7930     2.6814     0.0068  0.1579960      6.991    23.1434     6.8016     5.6656 0.0000e+00
       1097      7.079    14.8965   2.949397     2.7930     2.6815     0.0068  0.1580504      7.013    23.1434     6.8017     5.6659 0.0000e+00
       1098      7.100    14.8966   2.949406     2.7931     2.6816     0.0068  0.1581035      7.034    23.1434     6.8020     5.6662 0.0000e+00
       1099      7.121    14.8966   2.949416     2.7931     2.6817     0.0068  0.1581556      7.055    23.1435     6.8020     5.6665 0.0000e+00
       1100      7.143    14.8966   2.949426     2.7932     2.6818     0.0068  0.1582071      7.076    23.1436     6.8024     5.6668 0.0000e+00
       1101      7.164    14.8967   2.949437     2.7933     2.6819     0.0068  0.1582585      7.097    23.1436     6.8027     5.6671 0.0000e+00
       1102      7.185    14.8967   2.949448     2.7933     2.6820     0.0068  0.1583100      7.118    23.1437     6.8027     5.6674 0.0000e+00
       1103      7.206    14.8968   2.949461     2.7934     2.6821     0.0068  0.1583619      7.139    23.1438     6.8030     5.6677 0.0000e+00
       1104      7.228    14.8968   2.949474     2.7935     2.6822     0.0068  0.1584148      7.161    23.1439     6.8033     5.6681 0.0000e+00
       1105      7.249    14.8969   2.949489     2.7935     2.6823     0.0068  0.1584689      7.182    23.1439     6.8033     5.6684 0.0000e+00
       1106      7.270    14.8970   2.949504     2.7936     2.6824     0.0068  0.1585245      7.202    23.1440     6.8035     5.6687 0.0000e+00
       1107      7.292    14.8970   2.949520     2.7937     2.6826     0.0068  0.1585822      7.224    23.1441     6.8038     5.6692 0.0000e+00
       1108      7.313    14.8971   2.949536     2.7937     2.6827     0.0068  0.1586397      7.245    23.1442     6.8037     5.6695 0.0000e+00
       1109      7.335    14.8972   2.949552     2.7938     2.6828     0.0068  0.1586916      7.267    23.1443     6.8039     5.6698 0.0000e+00
       1110      7.356    14.8973   2.949570     2.7938     2.6829     0.0068  0.1587338      7.288    23.1444     6.8038     5.6702 0.0000e+00
       1111      7.378    14.8974   2.949587     2.7939     2.6830     0.0068  0.1587659      7.309    23.1445     6.8040     5.6705 0.0000e+00
