data/2021/ctd_data_day3/station1a_ctm_fil_le_der.cnv
* Sea-Bird SBE 9 Data File:
* FileName = C:\Users\CTD-User\Desktop\MAR440\day3\station1a.hex
* Software Version Seasave V 7.26.2.13
* Temperature SN = 6313
* Conductivity SN = 4758
* Number of Bytes Per Scan = 37
* Number of Voltage Words = 4
* Number of Scans Averaged by the Deck Unit = 1
* NMEA Latitude = 58 20.46 N
* NMEA Longitude = 011 53.94 E
* NMEA UTC (Time) = Sep 23 2021 08:23:54
* NMEA baud rate = 4800
** Ship: Skagerrak
** Station: station1a
** Operator: Jess
# nquan = 13                                
# nvalues = 3026                        
# units = specified
# name 0 = scan: Scan Count
# name 1 = prDM: Pressure, Digiquartz [db]
# name 2 = t090C: Temperature [ITS-90, deg C]
# name 3 = c0S/m: Conductivity [S/m]
# name 4 = sbeox0V: Oxygen raw, SBE 43 [V]
# name 5 = sbeox1V: Oxygen raw, SBE 43, 2 [V]
# name 6 = flECO-AFL: Fluorescence, WET Labs ECO-AFL/FL [mg/m^3]
# name 7 = upoly0: Upoly 0, Turbidity
# name 8 = depSM: Depth [salt water, m], lat = 58.341
# name 9 = sal00: Salinity, Practical [PSU]
# name 10 = sbeox0ML/L: Oxygen, SBE 43 [ml/l], WS = 2
# name 11 = sbeox1ML/L: Oxygen, SBE 43, 2 [ml/l], WS = 2
# name 12 = flag: flag
# span 0 =          1,       3026       
# span 1 =      1.183,     33.673       
# span 2 =     7.9775,    15.5437       
# span 3 =   2.740292,   3.455395       
# span 4 =     0.4944,     2.8603       
# span 5 =     0.5538,     2.7362       
# span 6 =     0.0035,     0.0152       
# span 7 =  0.0886323,  0.2314865       
# span 8 =      1.172,     33.357       
# span 9 =    21.4061,    32.0857       
# span 10 =    -0.0685,     7.0409      
# span 11 =     0.2247,     5.8418      
# span 12 = 0.0000e+00, 0.0000e+00      
# interval = seconds: 0.0416667
# start_time = Sep 23 2021 08:23:54 [NMEA time, header]
# bad_flag = -9.990e-29
*END*
[from data line 3001]
       3002     33.477     8.6992   3.410247     0.4948     0.5543     0.0049  0.1137239     33.163    32.0824    -0.0683     0.2249 0.0000e+00
       3003     33.489     8.6992   3.410266     0.4947     0.5543     0.0049  0.1137250     33.175    32.0825    -0.0630     0.2296 0.0000e+00
       3004     33.501     8.6992   3.410285     0.4947     0.5542     0.0049  0.1137281     33.187    32.0827    -0.0630     0.2293 0.0000e+00
       3005     33.514     8.6993   3.410305     0.4947     0.5542     0.0049  0.1137334     33.200    32.0829    -0.0630     0.2293 0.0000e+00
       3006     33.525     8.6993   3.410325     0.4946     0.5542     0.0049  0.1137391     33.211    32.0831    -0.0633     0.2293 0.0000e+00
       3007     33.537     8.6994   3.410345     0.4946     0.5542     0.0049  0.1137453     33.223    32.0832    -0.0633     0.2293 0.0000e+00
       3008     33.548     8.6994   3.410365     0.4946     0.5541     0.0049  0.1137528     33.233    32.0834    -0.0633     0.2290 0.0000e+00
       3009     33.559     8.6995   3.410385     0.4945     0.5541     0.0049  0.1137609     33.244    32.0835    -0.0636     0.2290 0.0000e+00
       3010     33.570     8.6995   3.410406     0.4945     0.5541     0.0049  0.1137696     33.255    32.0837    -0.0636     0.2290 0.0000e+00
       3011     33.581     8.6996   3.410426     0.4945     0.5541     0.0049  0.1137799     33.266    32.0838    -0.0636     0.2290 -9.990e-29
       3012     33.591     8.6996   3.410448     0.4945     0.5540     0.0049  0.1137909     33.276    32.0840    -0.0636     0.2288 -9.990e-29
       3013     33.601     8.6997   3.410470     0.4945     0.5540     0.0049  0.1138018     33.286    32.0842    -0.0636     0.2288 -9.990e-29
       3014     33.610     8.6997   3.410491     0.4945     0.5540     0.0049  0.1138129     33.295    32.0844    -0.0636     0.2288 -9.990e-29
       3015     33.619     8.6998   3.410513     0.4945     0.5539     0.0051  0.1138241     33.304    32.0845    -0.0636     0.2285 -9.990e-29
       3016     33.627     8.6999   3.410533     0.4945     0.5539     0.0049  0.1138354     33.312    32.0846    -0.0636     0.2285 -9.990e-29
       3017     33.635     8.6999   3.410554     0.4944     0.5539     0.0049  0.1138471     33.320    32.0849    -0.0639     0.2285 -9.990e-29
       3018     33.642     8.7000   3.410573     0.4944     0.5539     0.0049  0.1138600     33.327    32.0850    -0.0639     0.2285 -9.990e-29
       3019     33.649     8.7000   3.410592     0.4944     0.5539     0.0049  0.1138750     33.334    32.0852    -0.0639     0.2285 -9.990e-29
       3020     33.655     8.7001   3.410609     0.4944     0.5539     0.0049  0.1138907     33.339    32.0852    -0.0639     0.2285 -9.990e-29
       3021     33.660     8.7001   3.410624     0.4944     0.5538     0.0049  0.1139044     33.344    32.0854    -0.0639     0.2282 -9.990e-29
       3022     33.665     8.7001   3.410638     0.4944     0.5538     0.0049  0.1139155     33.349    32.0855    -0.0639     0.2282 -9.990e-29
       3023     33.668     8.7002   3.410648     0.4944     0.5538     0.0049  0.1139241     33.352    32.0855    -0.0639     0.2282 -9.990e-29
       3024     33.671     8.7002   3.410656     0.4944     0.5538     0.0049  0.1139302     33.355    32.0856    -0.0639     0.2282 -9.990e-29
       3025     33.672     8.7002   3.410661     0.4944     0.5538     0.0049  0.1139338     33.356    32.0857    -0.0639     0.2282 -9.990e-29
       3026     33.673     8.7002   3.410663     0.4944     0.5538     0.0049  0.1139350     33.357    32.0857    -0.0639     0.2282 -9.990e-29
