data/2021/ctd_data_day3/station9i_ctm_fil.cnv
* Sea-Bird SBE 9 Data File:
* FileName = C:\Users\CTD-User\Desktop\MAR440\day3\station9i.hex
* Software Version Seasave V 7.26.2.13
* Temperature SN = 6313
* Conductivity SN = 4758
* Number of Bytes Per Scan = 37
* Number of Voltage Words = 4
* Number of Scans Averaged by the Deck Unit = 1
* NMEA Latitude = 58 20.28 N
* NMEA Longitude = 011 53.28 E
* NMEA UTC (Time) = Sep 23 2021 11:50:13
* NMEA baud rate = 4800
** Ship: Skagerrak
** Station: station9i
** Operator: Johan
# nquan = 9
# nvalues = 5713                        
# units = specified
# name 0 = scan: Scan Count
# name 1 = prDM: Pressure, Digiquartz [db]
# name 2 = t090C: Temperature [ITS-90, deg C]
# name 3 = c0S/m: Conductivity [S/m]
# name 4 = sbeox0V: Oxygen raw, SBE 43 [V]
# name 5 = sbeox1V: Oxygen raw, SBE 43, 2 [V]
# name 6 = flECO-AFL: Fluorescence, WET Labs ECO-AFL/FL [mg/m^3]
# name 7 = upoly0: Upoly 0, Turbidity
# name 8 = flag:  0.000e+00
# span 0 =          1,       5713       
# span 1 =      0.076,     39.053       
# span 2 =     7.9833,    15.6491       
# span 3 =  -0.000767,   3.465597       
# span 4 =     0.4811,     2.9326       
# span 5 =     0.5431,     2.7878       
# span 6 =     0.0024,     0.2439       
# span 7 =  0.0808790,  0.7693001       
# span 8 = 0.0000e+00, 0.0000e+00       
# interval = seconds: 0.0416667
# start_time = Sep 23 2021 11:50:13 [NMEA time, header]
# bad_flag = -9.990e-29
*END*
[from data line 4161]
       4162     12.179    15.2009   3.314124     2.7398     2.6490     0.0042  0.1096788 0.0000e+00
       4163     12.202    15.1753   3.316774     2.7363     2.6444     0.0040  0.1086619 0.0000e+00
       4164     12.224    15.1496   3.319298     2.7326     2.6397     0.0040  0.1077188 0.0000e+00
       4165     12.246    15.1240   3.321697     2.7287     2.6347     0.0040  0.1068481 0.0000e+00
       4166     12.268    15.0985   3.323976     2.7246     2.6295     0.0040  0.1060421 0.0000e+00
       4167     12.290    15.0732   3.326140     2.7204     2.6241     0.0040  0.1052935 0.0000e+00
       4168     12.312    15.0482   3.328192     2.7159     2.6185     0.0040  0.1045961 0.0000e+00
       4169     12.334    15.0236   3.330134     2.7113     2.6127     0.0040  0.1039460 0.0000e+00
       4170     12.357    14.9992   3.331968     2.7065     2.6067     0.0040  0.1033396 0.0000e+00
       4171     12.379    14.9752   3.333697     2.7015     2.6006     0.0040  0.1027725 0.0000e+00
       4172     12.401    14.9515   3.335325     2.6963     2.5942     0.0040  0.1022409 0.0000e+00
       4173     12.423    14.9281   3.336854     2.6909     2.5876     0.0040  0.1017411 0.0000e+00
       4174     12.445    14.9049   3.338287     2.6854     2.5809     0.0040  0.1012695 0.0000e+00
       4175     12.467    14.8819   3.339627     2.6797     2.5739     0.0040  0.1008229 0.0000e+00
       4176     12.489    14.8591   3.340875     2.6738     2.5669     0.0040  0.1003982 0.0000e+00
       4177     12.512    14.8365   3.342033     2.6677     2.5596     0.0040  0.0999924 0.0000e+00
       4178     12.534    14.8140   3.343102     2.6614     2.5522     0.0040  0.0996028 0.0000e+00
       4179     12.556    14.7916   3.344083     2.6550     2.5447     0.0040  0.0992265 0.0000e+00
       4180     12.578    14.7693   3.344980     2.6484     2.5369     0.0040  0.0988610 0.0000e+00
       4181     12.600    14.7469   3.345793     2.6417     2.5291     0.0040  0.0985038 0.0000e+00
       4182     12.622    14.7245   3.346527     2.6348     2.5211     0.0040  0.0981515 0.0000e+00
       4183     12.644    14.7020   3.347182     2.6277     2.5130     0.0040  0.0978008 0.0000e+00
       4184     12.667    14.6794   3.347761     2.6205     2.5047     0.0040  0.0974492 0.0000e+00
       4185     12.689    14.6568   3.348267     2.6132     2.4963     0.0040  0.0970944 0.0000e+00
       4186     12.711    14.6340   3.348702     2.6057     2.4878     0.0040  0.0967347 0.0000e+00
       4187     12.734    14.6111   3.349071     2.5981     2.4792     0.0040  0.0963743 0.0000e+00
       4188     12.756    14.5882   3.349380     2.5903     2.4705     0.0040  0.0960262 0.0000e+00
       4189     12.778    14.5653   3.349638     2.5824     2.4617     0.0040  0.0957014 0.0000e+00
       4190     12.800    14.5424   3.349854     2.5744     2.4528     0.0040  0.0954028 0.0000e+00
       4191     12.823    14.5197   3.350041     2.5663     2.4439     0.0040  0.0951282 0.0000e+00
       4192     12.845    14.4973   3.350212     2.5581     2.4348     0.0040  0.0948742 0.0000e+00
       4193     12.867    14.4752   3.350379     2.5497     2.4257     0.0040  0.0946381 0.0000e+00
       4194     12.889    14.4535   3.350553     2.5413     2.4165     0.0040  0.0944182 0.0000e+00
       4195     12.911    14.4322   3.350745     2.5327     2.4072     0.0040  0.0942138 0.0000e+00
       4196     12.934    14.4113   3.350959     2.5241     2.3979     0.0040  0.0940253 0.0000e+00
       4197     12.956    14.3909   3.351201     2.5154     2.3885     0.0040  0.0938521 0.0000e+00
       4198     12.978    14.3707   3.351469     2.5066     2.3791     0.0040  0.0936932 0.0000e+00
       4199     13.001    14.3507   3.351762     2.4977     2.3696     0.0040  0.0935472 0.0000e+00
       4200     13.023    14.3310   3.352081     2.4888     2.3600     0.0040  0.0934125 0.0000e+00
       4201     13.045    14.3113   3.352428     2.4797     2.3505     0.0040  0.0932864 0.0000e+00
       4202     13.068    14.2919   3.352809     2.4706     2.3409     0.0040  0.0931670 0.0000e+00
       4203     13.090    14.2725   3.353230     2.4615     2.3313     0.0040  0.0930546 0.0000e+00
       4204     13.112    14.2531   3.353693     2.4523     2.3216     0.0040  0.0929490 0.0000e+00
       4205     13.135    14.2335   3.354194     2.4430     2.3119     0.0040  0.0928488 0.0000e+00
       4206     13.157    14.2134   3.354720     2.4337     2.3022     0.0040  0.0927532 0.0000e+00
       4207     13.179    14.1926   3.355255     2.4243     2.2925     0.0040  0.0926625 0.0000e+00
       4208     13.201    14.1712   3.355788     2.4149     2.2828     0.0040  0.0925759 0.0000e+00
       4209     13.224    14.1489   3.356314     2.4054     2.2731     0.0040  0.0924938 0.0000e+00
       4210     13.246    14.1260   3.356831     2.3959     2.2634     0.0040  0.0924155 0.0000e+00
       4211     13.268    14.1022   3.357340     2.3864     2.2536     0.0040  0.0923389 0.0000e+00
       4212     13.291    14.0777   3.357843     2.3769     2.2439     0.0040  0.0922625 0.0000e+00
       4213     13.313    14.0523   3.358345     2.3673     2.2342     0.0040  0.0921875 0.0000e+00
       4214     13.335    14.0262   3.358850     2.3577     2.2246     0.0040  0.0921168 0.0000e+00
       4215     13.358    13.9993   3.359365     2.3481     2.2149     0.0040  0.0920516 0.0000e+00
       4216     13.380    13.9715   3.359897     2.3384     2.2053     0.0040  0.0919915 0.0000e+00
       4217     13.402    13.9429   3.360451     2.3288     2.1956     0.0040  0.0919359 0.0000e+00
       4218     13.425    13.9134   3.361032     2.3191     2.1860     0.0040  0.0918846 0.0000e+00
       4219     13.447    13.8831   3.361647     2.3095     2.1765     0.0040  0.0918372 0.0000e+00
       4220     13.469    13.8518   3.362298     2.2998     2.1669     0.0040  0.0917933 0.0000e+00
       4221     13.492    13.8198   3.362991     2.2902     2.1574     0.0040  0.0917527 0.0000e+00
       4222     13.514    13.7868   3.363730     2.2805     2.1480     0.0040  0.0917150 0.0000e+00
       4223     13.537    13.7530   3.364519     2.2709     2.1386     0.0040  0.0916801 0.0000e+00
       4224     13.559    13.7183   3.365365     2.2613     2.1292     0.0040  0.0916475 0.0000e+00
       4225     13.581    13.6825   3.366274     2.2517     2.1199     0.0040  0.0916172 0.0000e+00
       4226     13.604    13.6457   3.367255     2.2421     2.1106     0.0040  0.0915890 0.0000e+00
       4227     13.626    13.6078   3.368314     2.2326     2.1014     0.0040  0.0915625 0.0000e+00
       4228     13.649    13.5688   3.369455     2.2230     2.0922     0.0040  0.0915377 0.0000e+00
       4229     13.671    13.5288   3.370676     2.2135     2.0831     0.0040  0.0915144 0.0000e+00
       4230     13.694    13.4879   3.371974     2.2041     2.0740     0.0040  0.0914923 0.0000e+00
       4231     13.716    13.4465   3.373344     2.1946     2.0650     0.0040  0.0914714 0.0000e+00
       4232     13.739    13.4048   3.374780     2.1852     2.0560     0.0040  0.0914515 0.0000e+00
       4233     13.762    13.3630   3.376279     2.1758     2.0471     0.0040  0.0914325 0.0000e+00
       4234     13.784    13.3216   3.377827     2.1664     2.0382     0.0040  0.0914125 0.0000e+00
       4235     13.806    13.2809   3.379401     2.1571     2.0294     0.0040  0.0913880 0.0000e+00
       4236     13.829    13.2410   3.380973     2.1478     2.0207     0.0040  0.0913588 0.0000e+00
       4237     13.851    13.2020   3.382519     2.1385     2.0120     0.0040  0.0913281 0.0000e+00
       4238     13.874    13.1640   3.384024     2.1293     2.0034     0.0040  0.0912975 0.0000e+00
       4239     13.896    13.1270   3.385481     2.1201     1.9948     0.0040  0.0912675 0.0000e+00
       4240     13.919    13.0909   3.386887     2.1110     1.9862     0.0040  0.0912396 0.0000e+00
       4241     13.941    13.0559   3.388245     2.1019     1.9778     0.0040  0.0912145 0.0000e+00
       4242     13.963    13.0218   3.389559     2.0928     1.9694     0.0040  0.0911920 0.0000e+00
       4243     13.986    12.9887   3.390837     2.0838     1.9610     0.0040  0.0911712 0.0000e+00
       4244     14.008    12.9565   3.392087     2.0748     1.9527     0.0038  0.0911509 0.0000e+00
       4245     14.030    12.9252   3.393319     2.0659     1.9444     0.0040  0.0911320 0.0000e+00
       4246     14.052    12.8947   3.394543     2.0570     1.9363     0.0040  0.0911151 0.0000e+00
       4247     14.075    12.8652   3.395769     2.0481     1.9281     0.0040  0.0910993 0.0000e+00
       4248     14.097    12.8364   3.397006     2.0393     1.9200     0.0040  0.0910836 0.0000e+00
       4249     14.119    12.8085   3.398259     2.0305     1.9120     0.0040  0.0910687 0.0000e+00
       4250     14.141    12.7814   3.399533     2.0217     1.9040     0.0040  0.0910555 0.0000e+00
       4251     14.164    12.7549   3.400830     2.0130     1.8960     0.0040  0.0910437 0.0000e+00
       4252     14.186    12.7292   3.402149     2.0044     1.8881     0.0040  0.0910334 0.0000e+00
       4253     14.208    12.7043   3.403491     1.9958     1.8803     0.0040  0.0910236 0.0000e+00
       4254     14.230    12.6801   3.404857     1.9872     1.8724     0.0040  0.0910134 0.0000e+00
       4255     14.252    12.6565   3.406248     1.9787     1.8647     0.0040  0.0910035 0.0000e+00
       4256     14.274    12.6336   3.407667     1.9702     1.8569     0.0040  0.0909948 0.0000e+00
       4257     14.296    12.6113   3.409117     1.9618     1.8492     0.0040  0.0909863 0.0000e+00
       4258     14.318    12.5895   3.410603     1.9534     1.8416     0.0040  0.0909772 0.0000e+00
       4259     14.341    12.5682   3.412130     1.9450     1.8340     0.0040  0.0909673 0.0000e+00
       4260     14.363    12.5474   3.413702     1.9367     1.8264     0.0040  0.0909557 0.0000e+00
       4261     14.385    12.5271   3.415322     1.9285     1.8189     0.0040  0.0909425 0.0000e+00
       4262     14.407    12.5072   3.416986     1.9203     1.8114     0.0040  0.0909291 0.0000e+00
       4263     14.429    12.4878   3.418685     1.9121     1.8039     0.0040  0.0909163 0.0000e+00
       4264     14.451    12.4690   3.420409     1.9040     1.7965     0.0038  0.0909041 0.0000e+00
       4265     14.473    12.4507   3.422150     1.8959     1.7891     0.0038  0.0908914 0.0000e+00
       4266     14.495    12.4331   3.423898     1.8879     1.7817     0.0038  0.0908766 0.0000e+00
       4267     14.517    12.4160   3.425647     1.8799     1.7744     0.0038  0.0908595 0.0000e+00
       4268     14.539    12.3996   3.427387     1.8719     1.7671     0.0038  0.0908417 0.0000e+00
       4269     14.561    12.3837   3.429110     1.8640     1.7598     0.0038  0.0908239 0.0000e+00
       4270     14.582    12.3684   3.430811     1.8561     1.7526     0.0038  0.0908052 0.0000e+00
       4271     14.604    12.3537   3.432485     1.8482     1.7453     0.0038  0.0907845 0.0000e+00
       4272     14.626    12.3394   3.434131     1.8404     1.7382     0.0038  0.0907626 0.0000e+00
       4273     14.648    12.3256   3.435749     1.8326     1.7310     0.0038  0.0907402 0.0000e+00
       4274     14.670    12.3122   3.437338     1.8248     1.7239     0.0038  0.0907170 0.0000e+00
       4275     14.691    12.2993   3.438896     1.8170     1.7167     0.0038  0.0906931 0.0000e+00
       4276     14.713    12.2867   3.440420     1.8093     1.7097     0.0038  0.0906681 0.0000e+00
       4277     14.735    12.2746   3.441905     1.8016     1.7026     0.0038  0.0906419 0.0000e+00
       4278     14.757    12.2628   3.443349     1.7940     1.6955     0.0038  0.0906136 0.0000e+00
       4279     14.778    12.2513   3.444750     1.7863     1.6885     0.0038  0.0905819 0.0000e+00
       4280     14.800    12.2401   3.446106     1.7787     1.6814     0.0038  0.0905468 0.0000e+00
       4281     14.822    12.2291   3.447418     1.7711     1.6744     0.0038  0.0905079 0.0000e+00
       4282     14.843    12.2184   3.448686     1.7635     1.6674     0.0038  0.0904659 0.0000e+00
       4283     14.865    12.2078   3.449910     1.7560     1.6604     0.0038  0.0904213 0.0000e+00
       4284     14.887    12.1973   3.451090     1.7485     1.6535     0.0038  0.0903738 0.0000e+00
       4285     14.909    12.1869   3.452226     1.7410     1.6465     0.0038  0.0903230 0.0000e+00
       4286     14.930    12.1765   3.453320     1.7336     1.6396     0.0038  0.0902687 0.0000e+00
       4287     14.952    12.1662   3.454374     1.7261     1.6327     0.0038  0.0902104 0.0000e+00
       4288     14.973    12.1558   3.455387     1.7187     1.6258     0.0038  0.0901477 0.0000e+00
       4289     14.995    12.1454   3.456362     1.7114     1.6190     0.0037  0.0900819 0.0000e+00
       4290     15.016    12.1350   3.457297     1.7040     1.6122     0.0037  0.0900168 0.0000e+00
       4291     15.038    12.1245   3.458194     1.6967     1.6054     0.0037  0.0899554 0.0000e+00
       4292     15.059    12.1139   3.459051     1.6895     1.5987     0.0037  0.0898979 0.0000e+00
       4293     15.081    12.1032   3.459867     1.6822     1.5920     0.0037  0.0898442 0.0000e+00
       4294     15.102    12.0922   3.460642     1.6750     1.5853     0.0037  0.0897936 0.0000e+00
       4295     15.124    12.0811   3.461372     1.6678     1.5787     0.0037  0.0897461 0.0000e+00
       4296     15.145    12.0696   3.462053     1.6607     1.5721     0.0037  0.0897011 0.0000e+00
       4297     15.167    12.0579   3.462683     1.6536     1.5655     0.0037  0.0896584 0.0000e+00
       4298     15.188    12.0458   3.463259     1.6466     1.5590     0.0037  0.0896176 0.0000e+00
       4299     15.210    12.0333   3.463777     1.6395     1.5526     0.0037  0.0895786 0.0000e+00
       4300     15.231    12.0205   3.464234     1.6326     1.5462     0.0035  0.0895410 0.0000e+00
       4301     15.253    12.0073   3.464628     1.6256     1.5398     0.0037  0.0895045 0.0000e+00
       4302     15.275    11.9936   3.464957     1.6188     1.5335     0.0037  0.0894690 0.0000e+00
       4303     15.296    11.9795   3.465219     1.6119     1.5272     0.0037  0.0894341 0.0000e+00
       4304     15.318    11.9649   3.465413     1.6051     1.5210     0.0037  0.0893997 0.0000e+00
       4305     15.339    11.9498   3.465540     1.5983     1.5149     0.0037  0.0893654 0.0000e+00
       4306     15.361    11.9341   3.465597     1.5916     1.5088     0.0037  0.0893310 0.0000e+00
       4307     15.382    11.9178   3.465583     1.5850     1.5028     0.0037  0.0892964 0.0000e+00
       4308     15.404    11.9008   3.465498     1.5784     1.4968     0.0037  0.0892613 0.0000e+00
       4309     15.425    11.8831   3.465339     1.5718     1.4909     0.0037  0.0892253 0.0000e+00
       4310     15.447    11.8647   3.465103     1.5653     1.4850     0.0037  0.0891883 0.0000e+00
       4311     15.468    11.8455   3.464786     1.5589     1.4792     0.0037  0.0891501 0.0000e+00
       4312     15.490    11.8257   3.464387     1.5525     1.4735     0.0037  0.0891102 0.0000e+00
       4313     15.511    11.8051   3.463903     1.5462     1.4679     0.0037  0.0890686 0.0000e+00
       4314     15.532    11.7839   3.463334     1.5400     1.4623     0.0037  0.0890248 0.0000e+00
       4315     15.554    11.7622   3.462682     1.5338     1.4567     0.0037  0.0889795 0.0000e+00
       4316     15.575    11.7400   3.461948     1.5276     1.4513     0.0037  0.0889348 0.0000e+00
       4317     15.597    11.7172   3.461134     1.5215     1.4459     0.0037  0.0888930 0.0000e+00
       4318     15.618    11.6940   3.460239     1.5155     1.4406     0.0037  0.0888546 0.0000e+00
       4319     15.639    11.6704   3.459265     1.5095     1.4353     0.0037  0.0888195 0.0000e+00
       4320     15.661    11.6463   3.458211     1.5036     1.4301     0.0037  0.0887872 0.0000e+00
