data/2021/ctd_data_day3/station9i_ctm.cnv
* Sea-Bird SBE 9 Data File:
* FileName = C:\Users\CTD-User\Desktop\MAR440\day3\station9i.hex
* Software Version Seasave V 7.26.2.13
* Temperature SN = 6313
* Conductivity SN = 4758
* Number of Bytes Per Scan = 37
* Number of Voltage Words = 4
* Number of Scans Averaged by the Deck Unit = 1
* NMEA Latitude = 58 20.28 N
* NMEA Longitude = 011 53.28 E
* NMEA UTC (Time) = Sep 23 2021 11:50:13
* NMEA baud rate = 4800
** Ship: Skagerrak
** Station: station9i
** Operator: Johan
# nquan = 9
# nvalues = 5713                        
# units = specified
# name 0 = scan: Scan Count
# name 1 = prDM: Pressure, Digiquartz [db]
# name 2 = t090C: Temperature [ITS-90, deg C]
# name 3 = c0S/m: Conductivity [S/m]
# name 4 = sbeox0V: Oxygen raw, SBE 43 [V]
# name 5 = sbeox1V: Oxygen raw, SBE 43, 2 [V]
# name 6 = flECO-AFL: Fluorescence, WET Labs ECO-AFL/FL [mg/m^3]
# name 7 = upoly0: Upoly 0, Turbidity
# name 8 = flag:  0.000e+00
# span 0 =          1,       5713       
# span 1 =     -0.051,     39.150       
# span 2 =     7.9647,    15.8426       
# span 3 =  -0.001247,   3.476743       
# span 4 =     0.4796,     2.9475       
# span 5 =     0.5431,     2.7973       
# span 6 =     0.0024,     0.2439       
# span 7 =  0.0791172,  0.7706923       
# span 8 = 0.0000e+00, 0.0000e+00       
# interval = seconds: 0.0416667
# start_time = Sep 23 2021 11:50:13 [NMEA time, header]
# bad_flag = -9.990e-29
*END*
[from data line 2561]
       2562     10.148    15.1812   2.920725     2.4286     2.2161     0.0046  0.1533541 0.0000e+00
       2563     10.024    15.1856   2.920467     2.4286     2.2161     0.0046  0.1528657 0.0000e+00
       2564     10.082    15.1955   2.920177     2.4286     2.2161     0.0046  0.1533541 0.0000e+00
       2565     10.000    15.2063   2.919811     2.4286     2.2161     0.0046  0.1533541 0.0000e+00
       2566     10.024    15.2154   2.919457     2.4286     2.2161     0.0044  0.1533541 0.0000e+00
       2567     10.024    15.2147   2.918958     2.4286     2.2161     0.0046  0.1533541 0.0000e+00
       2568      9.942    15.1954   2.918307     2.4286     2.2161     0.0046  0.1533541 0.0000e+00
       2569      9.958    15.1762   2.917700     2.4286     2.2161     0.0046  0.1533541 0.0000e+00
       2570      9.958    15.1611   2.917214     2.4286     2.2161     0.0046  0.1533541 0.0000e+00
       2571      9.876    15.1664   2.916944     2.4286     2.2161     0.0046  0.1533541 0.0000e+00
       2572      9.901    15.1815   2.916740     2.4286     2.2161     0.0046  0.1533541 0.0000e+00
       2573      9.901    15.1929   2.916635     2.4286     2.2161     0.0046  0.1533541 0.0000e+00
       2574      9.843    15.2014   2.916492     2.4286     2.2161     0.0046  0.1533541 0.0000e+00
       2575      9.876    15.2081   2.916391     2.4286     2.2161     0.0046  0.1533541 0.0000e+00
       2576      9.777    15.2129   2.916365     2.4286     2.2161     0.0046  0.1533541 0.0000e+00
       2577      9.843    15.2141   2.916358     2.4286     2.2161     0.0046  0.1533541 0.0000e+00
       2578      9.760    15.2098   2.916199     2.4286     2.2161     0.0046  0.1533541 0.0000e+00
       2579      9.777    15.2086   2.916001     2.4286     2.2161     0.0046  0.1553077 0.0000e+00
       2580      9.777    15.2098   2.915857     2.4274     2.2149     0.0046  0.1611685 0.0000e+00
       2581      9.694    15.2110   2.915560     2.4261     2.2149     0.0046  0.1626337 0.0000e+00
       2582      9.719    15.2117   2.915271     2.4261     2.2149     0.0046  0.1626337 0.0000e+00
       2583      9.719    15.2129   2.914962     2.4261     2.2149     0.0046  0.1626337 0.0000e+00
       2584      9.694    15.2132   2.914611     2.4261     2.2149     0.0046  0.1621453 0.0000e+00
       2585      9.653    15.2120   2.914381     2.4249     2.2137     0.0046  0.1626337 0.0000e+00
       2586      9.653    15.2103   2.913919     2.4249     2.2137     0.0046  0.1626337 0.0000e+00
       2587      9.571    15.2090   2.913627     2.4237     2.2137     0.0046  0.1621453 0.0000e+00
       2588      9.653    15.2078   2.913255     2.4237     2.2137     0.0046  0.1626337 0.0000e+00
       2589      9.595    15.2058   2.913011     2.4237     2.2124     0.0046  0.1621453 0.0000e+00
       2590      9.538    15.2036   2.912700     2.4225     2.2124     0.0046  0.1626337 0.0000e+00
       2591      9.571    15.2012   2.912268     2.4225     2.2124     0.0046  0.1626337 0.0000e+00
       2592      9.538    15.1993   2.912057     2.4213     2.2124     0.0046  0.1621453 0.0000e+00
       2593      9.538    15.1968   2.911553     2.4200     2.2124     0.0046  0.1626337 0.0000e+00
       2594      9.447    15.1941   2.911324     2.4200     2.2112     0.0046  0.1621453 0.0000e+00
       2595      9.472    15.1914   2.911072     2.4188     2.2112     0.0046  0.1621453 0.0000e+00
       2596      9.472    15.1885   2.911105     2.4176     2.2124     0.0046  0.1621453 0.0000e+00
       2597      9.447    15.1839   2.910988     2.4176     2.2124     0.0046  0.1621453 0.0000e+00
       2598      9.472    15.1785   2.911263     2.4164     2.2124     0.0046  0.1626337 0.0000e+00
       2599      9.414    15.1723   2.911278     2.4164     2.2137     0.0046  0.1626337 0.0000e+00
       2600      9.389    15.1674   2.911533     2.4151     2.2149     0.0046  0.1621453 0.0000e+00
       2601      9.414    15.1621   2.911485     2.4139     2.2161     0.0046  0.1621453 0.0000e+00
       2602      9.348    15.1565   2.911640     2.4139     2.2161     0.0046  0.1626337 0.0000e+00
       2603      9.331    15.1523   2.911443     2.4127     2.2186     0.0046  0.1626337 0.0000e+00
       2604      9.290    15.1474   2.911282     2.4115     2.2210     0.0046  0.1626337 0.0000e+00
       2605      9.348    15.1426   2.910930     2.4115     2.2222     0.0046  0.1650757 0.0000e+00
       2606      9.232    15.1381   2.910864     2.4103     2.2247     0.0046  0.1670293 0.0000e+00
       2607      9.331    15.1330   2.910625     2.4090     2.2271     0.0046  0.1675177 0.0000e+00
       2608      9.232    15.1278   2.910661     2.4078     2.2295     0.0046  0.1675177 0.0000e+00
       2609      9.232    15.1239   2.910581     2.4078     2.2320     0.0046  0.1675177 0.0000e+00
       2610      9.208    15.1217   2.910706     2.4066     2.2344     0.0046  0.1670293 0.0000e+00
       2611      9.232    15.1208   2.910593     2.4054     2.2381     0.0046  0.1670293 0.0000e+00
       2612      9.166    15.1212   2.910607     2.4042     2.2405     0.0046  0.1670293 0.0000e+00
       2613      9.208    15.1226   2.910609     2.4042     2.2442     0.0046  0.1670293 0.0000e+00
       2614      9.109    15.1232   2.910508     2.4029     2.2479     0.0046  0.1670293 0.0000e+00
       2615      9.166    15.1230   2.910410     2.4029     2.2503     0.0046  0.1670293 0.0000e+00
       2616      9.084    15.1205   2.910357     2.4005     2.2540     0.0046  0.1675177 0.0000e+00
       2617      9.166    15.1164   2.910359     2.3993     2.2576     0.0046  0.1670293 0.0000e+00
       2618      9.043    15.1122   2.910596     2.3981     2.2613     0.0046  0.1670293 0.0000e+00
       2619      9.142    15.1092   2.910937     2.3968     2.2650     0.0046  0.1670293 0.0000e+00
       2620      9.043    15.1065   2.911378     2.3968     2.2686     0.0046  0.1670293 0.0000e+00
       2621      9.043    15.1056   2.911420     2.3956     2.2723     0.0046  0.1675177 0.0000e+00
       2622      9.018    15.1058   2.911493     2.3956     2.2759     0.0046  0.1670293 0.0000e+00
       2623      9.043    15.1067   2.911531     2.3944     2.2784     0.0046  0.1670293 0.0000e+00
       2624      8.985    15.1077   2.911459     2.3932     2.2821     0.0046  0.1675177 0.0000e+00
       2625      8.960    15.1082   2.911205     2.3932     2.2857     0.0046  0.1675177 0.0000e+00
       2626      8.985    15.1078   2.910810     2.3919     2.2894     0.0046  0.1670293 0.0000e+00
       2627      8.919    15.1061   2.910612     2.3907     2.2930     0.0046  0.1670293 0.0000e+00
       2628      8.960    15.1046   2.910438     2.3895     2.2955     0.0046  0.1670293 0.0000e+00
       2629      8.919    15.1029   2.910444     2.3883     2.2991     0.0046  0.1670293 0.0000e+00
       2630      8.919    15.1018   2.910546     2.3883     2.3016     0.0046  0.1680061 0.0000e+00
       2631      8.903    15.1006   2.910652     2.3871     2.3053     0.0046  0.1694713 0.0000e+00
       2632      8.861    15.0995   2.910945     2.3858     2.3077     0.0048  0.1699597 0.0000e+00
       2633      8.861    15.0980   2.910985     2.3858     2.3114     0.0048  0.1694713 0.0000e+00
       2634      8.837    15.0962   2.911045     2.3846     2.3138     0.0048  0.1694713 0.0000e+00
       2635      8.861    15.0940   2.910835     2.3834     2.3175     0.0048  0.1694713 0.0000e+00
       2636      8.804    15.0913   2.910700     2.3822     2.3199     0.0048  0.1694713 0.0000e+00
       2637      8.779    15.0891   2.910277     2.3810     2.3223     0.0048  0.1694713 0.0000e+00
       2638      8.804    15.0871   2.910067     2.3810     2.3248     0.0048  0.1694713 0.0000e+00
       2639      8.738    15.0856   2.909669     2.3797     2.3272     0.0048  0.1694713 0.0000e+00
       2640      8.713    15.0842   2.909523     2.3797     2.3297     0.0048  0.1694713 0.0000e+00
       2641      8.680    15.0835   2.909231     2.3785     2.3321     0.0048  0.1694713 0.0000e+00
       2642      8.738    15.0830   2.909418     2.3773     2.3346     0.0048  0.1694713 0.0000e+00
       2643      8.779    15.0833   2.909535     2.3773     2.3370     0.0048  0.1694713 0.0000e+00
       2644      8.614    15.0835   2.909746     2.3761     2.3382     0.0048  0.1694713 0.0000e+00
       2645      8.680    15.0837   2.910105     2.3748     2.3407     0.0048  0.1694713 0.0000e+00
       2646      8.597    15.0839   2.910179     2.3748     2.3431     0.0048  0.1694713 0.0000e+00
       2647      8.614    15.0837   2.910240     2.3736     2.3443     0.0048  0.1694713 0.0000e+00
       2648      8.556    15.0830   2.910174     2.3736     2.3455     0.0048  0.1694713 0.0000e+00
       2649      8.597    15.0823   2.910046     2.3724     2.3492     0.0048  0.1694713 0.0000e+00
       2650      8.556    15.0817   2.909991     2.3724     2.3504     0.0048  0.1694713 0.0000e+00
       2651      8.556    15.0812   2.909925     2.3712     2.3504     0.0048  0.1694713 0.0000e+00
       2652      8.474    15.0812   2.909845     2.3700     2.3529     0.0048  0.1694713 0.0000e+00
       2653      8.556    15.0806   2.909970     2.3700     2.3541     0.0048  0.1694713 0.0000e+00
       2654      8.498    15.0798   2.909969     2.3687     2.3553     0.0048  0.1694713 0.0000e+00
       2655      8.474    15.0785   2.910217     2.3675     2.3565     0.0048  0.1694713 0.0000e+00
       2656      8.432    15.0772   2.910302     2.3675     2.3578     0.0051  0.1733785 0.0000e+00
       2657      8.432    15.0764   2.910366     2.3651     2.3590     0.0055  0.1763089 0.0000e+00
       2658      8.408    15.0759   2.910278     2.3663     2.3602     0.0055  0.1767973 0.0000e+00
       2659      8.432    15.0747   2.910286     2.3651     2.3614     0.0055  0.1763089 0.0000e+00
       2660      8.375    15.0739   2.910071     2.3639     2.3626     0.0055  0.1763089 0.0000e+00
       2661      8.350    15.0732   2.910020     2.3639     2.3639     0.0055  0.1763089 0.0000e+00
       2662      8.309    15.0726   2.909845     2.3626     2.3651     0.0053  0.1763089 0.0000e+00
       2663      8.309    15.0720   2.909778     2.3614     2.3651     0.0055  0.1763089 0.0000e+00
       2664      8.350    15.0719   2.909719     2.3602     2.3663     0.0055  0.1763089 0.0000e+00
       2665      8.251    15.0714   2.909735     2.3602     2.3663     0.0055  0.1763089 0.0000e+00
       2666      8.309    15.0710   2.909691     2.3590     2.3675     0.0055  0.1763089 0.0000e+00
       2667      8.226    15.0709   2.909754     2.3590     2.3687     0.0055  0.1763089 0.0000e+00
       2668      8.251    15.0704   2.909743     2.3578     2.3687     0.0055  0.1763089 0.0000e+00
       2669      8.185    15.0700   2.909748     2.3578     2.3687     0.0055  0.1763089 0.0000e+00
       2670      8.169    15.0697   2.909673     2.3565     2.3700     0.0055  0.1763089 0.0000e+00
       2671      8.185    15.0695   2.909547     2.3553     2.3700     0.0055  0.1763089 0.0000e+00
       2672      8.185    15.0693   2.909575     2.3541     2.3712     0.0053  0.1763089 0.0000e+00
       2673      8.103    15.0692   2.909451     2.3541     2.3712     0.0055  0.1763089 0.0000e+00
       2674      8.127    15.0691   2.909446     2.3529     2.3712     0.0055  0.1763089 0.0000e+00
       2675      8.127    15.0687   2.909358     2.3529     2.3712     0.0055  0.1763089 0.0000e+00
       2676      8.103    15.0688   2.909426     2.3516     2.3724     0.0055  0.1763089 0.0000e+00
       2677      8.004    15.0690   2.909484     2.3504     2.3712     0.0055  0.1763089 0.0000e+00
       2678      8.070    15.0688   2.909496     2.3504     2.3724     0.0053  0.1763089 0.0000e+00
       2679      8.045    15.0691   2.909537     2.3492     2.3724     0.0055  0.1763089 0.0000e+00
       2680      8.004    15.0692   2.909693     2.3480     2.3712     0.0055  0.1763089 0.0000e+00
       2681      8.004    15.0692   2.909662     2.3480     2.3724     0.0053  0.1767973 0.0000e+00
       2682      7.979    15.0685   2.909837     2.3468     2.3724     0.0049  0.1777741 0.0000e+00
       2683      7.946    15.0683   2.909952     2.3455     2.3724     0.0048  0.1777741 0.0000e+00
       2684      7.946    15.0684   2.910146     2.3455     2.3724     0.0048  0.1777741 0.0000e+00
       2685      7.921    15.0683   2.910148     2.3443     2.3724     0.0048  0.1777741 0.0000e+00
       2686      7.946    15.0687   2.910436     2.3443     2.3724     0.0048  0.1777741 0.0000e+00
       2687      7.880    15.0688   2.910542     2.3431     2.3712     0.0046  0.1777741 0.0000e+00
       2688      7.855    15.0693   2.910727     2.3419     2.3712     0.0048  0.1777741 0.0000e+00
       2689      7.880    15.0692   2.910876     2.3407     2.3712     0.0048  0.1777741 0.0000e+00
       2690      7.822    15.0693   2.910944     2.3407     2.3712     0.0048  0.1777741 0.0000e+00
       2691      7.798    15.0692   2.910841     2.3394     2.3712     0.0048  0.1777741 0.0000e+00
       2692      7.822    15.0687   2.910934     2.3382     2.3700     0.0048  0.1782625 0.0000e+00
       2693      7.740    15.0687   2.911050     2.3370     2.3700     0.0048  0.1777741 0.0000e+00
       2694      7.822    15.0682   2.911066     2.3358     2.3687     0.0048  0.1777741 0.0000e+00
       2695      7.765    15.0681   2.911172     2.3358     2.3687     0.0048  0.1777741 0.0000e+00
       2696      7.740    15.0678   2.911281     2.3346     2.3687     0.0048  0.1777741 0.0000e+00
       2697      7.699    15.0678   2.911398     2.3346     2.3675     0.0048  0.1777741 0.0000e+00
       2698      7.699    15.0680   2.911631     2.3333     2.3675     0.0048  0.1777741 0.0000e+00
       2699      7.674    15.0682   2.911749     2.3321     2.3663     0.0048  0.1777741 0.0000e+00
       2700      7.699    15.0682   2.911816     2.3321     2.3663     0.0048  0.1777741 0.0000e+00
       2701      7.641    15.0677   2.911904     2.3309     2.3663     0.0048  0.1777741 0.0000e+00
       2702      7.616    15.0677   2.911899     2.3297     2.3651     0.0048  0.1777741 0.0000e+00
       2703      7.641    15.0675   2.911906     2.3284     2.3639     0.0048  0.1777741 0.0000e+00
       2704      7.575    15.0673   2.911967     2.3272     2.3639     0.0048  0.1777741 0.0000e+00
       2705      7.550    15.0673   2.911913     2.3272     2.3626     0.0048  0.1777741 0.0000e+00
       2706      7.575    15.0672   2.911777     2.3260     2.3626     0.0048  0.1777741 0.0000e+00
       2707      7.517    15.0670   2.911893     2.3248     2.3614     0.0049  0.1787509 0.0000e+00
       2708      7.550    15.0666   2.911816     2.3236     2.3602     0.0049  0.1792393 0.0000e+00
       2709      7.517    15.0666   2.911780     2.3223     2.3602     0.0049  0.1792393 0.0000e+00
       2710      7.451    15.0665   2.911753     2.3211     2.3590     0.0049  0.1792393 0.0000e+00
       2711      7.492    15.0667   2.911657     2.3211     2.3578     0.0049  0.1792393 0.0000e+00
       2712      7.451    15.0666   2.911554     2.3211     2.3565     0.0049  0.1792393 0.0000e+00
       2713      7.435    15.0668   2.911523     2.3199     2.3565     0.0049  0.1792393 0.0000e+00
       2714      7.451    15.0668   2.911322     2.3187     2.3553     0.0049  0.1792393 0.0000e+00
       2715      7.336    15.0666   2.911212     2.3187     2.3541     0.0049  0.1792393 0.0000e+00
       2716      7.369    15.0663   2.910961     2.3162     2.3541     0.0051  0.1792393 0.0000e+00
       2717      7.393    15.0661   2.910835     2.3150     2.3517     0.0049  0.1792393 0.0000e+00
       2718      7.336    15.0661   2.910601     2.3150     2.3517     0.0049  0.1792393 0.0000e+00
       2719      7.311    15.0663   2.910647     2.3150     2.3504     0.0049  0.1792393 0.0000e+00
       2720      7.336    15.0665   2.910490     2.3138     2.3492     0.0049  0.1792393 0.0000e+00
