data/2021/ctd_data_day3/station4d_ctm_fil_le_der.cnv
* Sea-Bird SBE 9 Data File:
* FileName = C:\Users\CTD-User\Desktop\MAR440\day3\station4d.hex
* Software Version Seasave V 7.26.2.13
* Temperature SN = 6313
* Conductivity SN = 4758
* Number of Bytes Per Scan = 37
* Number of Voltage Words = 4
* Number of Scans Averaged by the Deck Unit = 1
* NMEA Latitude = 58 19.57 N
* NMEA Longitude = 011 50.76 E
* NMEA UTC (Time) = Sep 23 2021 09:22:13
* NMEA baud rate = 4800
** Ship: Skagerrak
** Station: station4D
** Operator: Nicolas
# nquan = 13                                
# nvalues = 1887                        
# units = specified
# name 0 = scan: Scan Count
# name 1 = prDM: Pressure, Digiquartz [db]
# name 2 = t090C: Temperature [ITS-90, deg C]
# name 3 = c0S/m: Conductivity [S/m]
# name 4 = sbeox0V: Oxygen raw, SBE 43 [V]
# name 5 = sbeox1V: Oxygen raw, SBE 43, 2 [V]
# name 6 = flECO-AFL: Fluorescence, WET Labs ECO-AFL/FL [mg/m^3]
# name 7 = upoly0: Upoly 0, Turbidity
# name 8 = depSM: Depth [salt water, m], lat = 58.3262
# name 9 = sal00: Salinity, Practical [PSU]
# name 10 = sbeox0ML/L: Oxygen, SBE 43 [ml/l], WS = 2
# name 11 = sbeox1ML/L: Oxygen, SBE 43, 2 [ml/l], WS = 2
# name 12 = flag: flag
# span 0 =          1,       1887       
# span 1 =      0.696,     12.878       
# span 2 =    13.8821,    15.7615       
# span 3 =   2.926252,   3.389260       
# span 4 =     1.6696,     2.7385       
# span 5 =     1.6682,     2.6416       
# span 6 =     0.0037,     0.0101       
# span 7 =  0.0900140,  0.1579594       
# span 8 =      0.690,     12.758       
# span 9 =    22.9617,    27.6950       
# span 10 =     3.1916,     6.6213      
# span 11 =     2.8464,     5.5387      
# span 12 = 0.0000e+00, 0.0000e+00      
# interval = seconds: 0.0416667
# start_time = Sep 23 2021 09:22:13 [NMEA time, header]
# bad_flag = -9.990e-29
*END*
[from data line 334]
        335      5.295    15.0781   2.969631     2.6526     2.5852     0.0059  0.1447929      5.246    23.2112     6.4711     5.4496 -9.990e-29
        336      5.273    15.0775   2.969554     2.6535     2.5858     0.0059  0.1447520      5.224    23.2109     6.4717     5.4499 -9.990e-29
        337      5.250    15.0770   2.969475     2.6544     2.5863     0.0059  0.1447090      5.201    23.2105     6.4724     5.4500 -9.990e-29
        338      5.228    15.0765   2.969395     2.6552     2.5869     0.0059  0.1446645      5.179    23.2102     6.4727     5.4504 -9.990e-29
        339      5.206    15.0760   2.969316     2.6561     2.5874     0.0059  0.1446199      5.158    23.2098     6.4734     5.4505 -9.990e-29
        340      5.183    15.0755   2.969238     2.6569     2.5880     0.0059  0.1445765      5.135    23.2094     6.4739     5.4509 -9.990e-29
        341      5.161    15.0751   2.969163     2.6577     2.5885     0.0059  0.1445357      5.113    23.2090     6.4744     5.4512 -9.990e-29
        342      5.138    15.0747   2.969093     2.6585     2.5890     0.0059  0.1444982      5.090    23.2086     6.4749     5.4514 -9.990e-29
        343      5.116    15.0743   2.969027     2.6593     2.5895     0.0059  0.1444636      5.068    23.2083     6.4754     5.4517 -9.990e-29
        344      5.094    15.0740   2.968965     2.6601     2.5900     0.0059  0.1444317      5.047    23.2080     6.4760     5.4520 -9.990e-29
        345      5.071    15.0736   2.968909     2.6608     2.5905     0.0059  0.1444023      5.024    23.2077     6.4763     5.4523 -9.990e-29
        346      5.049    15.0733   2.968857     2.6616     2.5910     0.0059  0.1443751      5.002    23.2075     6.4770     5.4527 -9.990e-29
        347      5.027    15.0731   2.968809     2.6623     2.5915     0.0059  0.1443501      4.980    23.2072     6.4773     5.4531 -9.990e-29
        348      5.004    15.0728   2.968765     2.6630     2.5919     0.0059  0.1443270      4.957    23.2070     6.4778     5.4533 -9.990e-29
        349      4.982    15.0726   2.968723     2.6638     2.5924     0.0059  0.1443056      4.936    23.2067     6.4785     5.4537 -9.990e-29
        350      4.959    15.0724   2.968684     2.6645     2.5929     0.0059  0.1442859      4.913    23.2065     6.4790     5.4542 -9.990e-29
        351      4.937    15.0722   2.968649     2.6652     2.5933     0.0059  0.1442676      4.891    23.2064     6.4795     5.4544 -9.990e-29
        352      4.915    15.0721   2.968615     2.6658     2.5937     0.0059  0.1442506      4.869    23.2061     6.4798     5.4547 -9.990e-29
        353      4.892    15.0719   2.968584     2.6665     2.5942     0.0059  0.1442349      4.846    23.2060     6.4804     5.4553 -9.990e-29
        354      4.870    15.0717   2.968554     2.6671     2.5946     0.0059  0.1442203      4.825    23.2059     6.4807     5.4556 -9.990e-29
        355      4.848    15.0716   2.968525     2.6678     2.5950     0.0059  0.1442076      4.803    23.2057     6.4814     5.4560 -9.990e-29
        356      4.825    15.0714   2.968497     2.6684     2.5954     0.0059  0.1441975      4.780    23.2056     6.4818     5.4564 -9.990e-29
        357      4.803    15.0712   2.968467     2.6690     2.5958     0.0059  0.1441891      4.758    23.2054     6.4823     5.4568 -9.990e-29
        358      4.780    15.0711   2.968438     2.6696     2.5962     0.0059  0.1441815      4.736    23.2052     6.4828     5.4572 -9.990e-29
        359      4.758    15.0709   2.968409     2.6702     2.5966     0.0059  0.1441746      4.714    23.2051     6.4833     5.4577 -9.990e-29
        360      4.736    15.0707   2.968380     2.6708     2.5970     0.0059  0.1441684      4.692    23.2050     6.4838     5.4582 -9.990e-29
        361      4.713    15.0706   2.968350     2.6714     2.5974     0.0059  0.1441629      4.669    23.2048     6.4844     5.4587 -9.990e-29
        362      4.691    15.0704   2.968321     2.6719     2.5978     0.0059  0.1441580      4.647    23.2047     6.4848     5.4593 -9.990e-29
        363      4.669    15.0702   2.968291     2.6725     2.5982     0.0059  0.1441537      4.626    23.2045     6.4854     5.4598 -9.990e-29
        364      4.646    15.0701   2.968263     2.6731     2.5985     0.0059  0.1441499      4.603    23.2044     6.4861     5.4601 -9.990e-29
        365      4.624    15.0699   2.968236     2.6736     2.5989     0.0059  0.1441467      4.581    23.2042     6.4865     5.4607 -9.990e-29
        366      4.601    15.0698   2.968211     2.6741     2.5993     0.0059  0.1441440      4.558    23.2041     6.4869     5.4614 -9.990e-29
        367      4.579    15.0697   2.968188     2.6747     2.5996     0.0059  0.1441417      4.536    23.2040     6.4876     5.4617 -9.990e-29
        368      4.556    15.0696   2.968167     2.6752     2.6000     0.0059  0.1441399      4.514    23.2038     6.4881     5.4623 -9.990e-29
        369      4.534    15.0695   2.968149     2.6757     2.6003     0.0059  0.1441386      4.492    23.2038     6.4886     5.4627 -9.990e-29
        370      4.512    15.0694   2.968134     2.6762     2.6007     0.0059  0.1441377      4.470    23.2037     6.4891     5.4634 -9.990e-29
        371      4.489    15.0694   2.968122     2.6767     2.6011     0.0059  0.1441373      4.447    23.2036     6.4896     5.4641 -9.990e-29
        372      4.467    15.0694   2.968112     2.6772     2.6014     0.0059  0.1441373      4.425    23.2035     6.4902     5.4645 -9.990e-29
        373      4.445    15.0694   2.968105     2.6777     2.6018     0.0059  0.1441377      4.404    23.2035     6.4907     5.4652 -9.990e-29
        374      4.422    15.0694   2.968099     2.6782     2.6021     0.0059  0.1441385      4.381    23.2034     6.4913     5.4656 -9.990e-29
        375      4.400    15.0694   2.968096     2.6787     2.6024     0.0059  0.1441399      4.359    23.2034     6.4919     5.4661 -9.990e-29
        376      4.378    15.0694   2.968095     2.6792     2.6028     0.0059  0.1441416      4.337    23.2034     6.4925     5.4669 -9.990e-29
        377      4.356    15.0694   2.968096     2.6797     2.6031     0.0059  0.1441439      4.315    23.2034     6.4931     5.4674 -9.990e-29
        378      4.333    15.0694   2.968097     2.6801     2.6035     0.0059  0.1441466      4.293    23.2034     6.4935     5.4681 -9.990e-29
        379      4.311    15.0695   2.968099     2.6806     2.6038     0.0059  0.1441498      4.271    23.2034     6.4941     5.4686 -9.990e-29
        380      4.289    15.0695   2.968101     2.6811     2.6041     0.0059  0.1441535      4.249    23.2034     6.4947     5.4692 -9.990e-29
        381      4.266    15.0696   2.968104     2.6815     2.6045     0.0059  0.1441578      4.226    23.2034     6.4951     5.4699 -9.990e-29
        382      4.243    15.0696   2.968106     2.6820     2.6048     0.0059  0.1441627      4.204    23.2034     6.4957     5.4705 -9.990e-29
        383      4.221    15.0696   2.968108     2.6824     2.6051     0.0059  0.1441682      4.182    23.2034     6.4960     5.4710 -9.990e-29
        384      4.199    15.0697   2.968108     2.6828     2.6055     0.0059  0.1441743      4.160    23.2034     6.4964     5.4718 -9.990e-29
        385      4.176    15.0697   2.968108     2.6833     2.6058     0.0059  0.1441811      4.137    23.2034     6.4970     5.4724 -9.990e-29
        386      4.154    15.0697   2.968107     2.6837     2.6061     0.0059  0.1441887      4.115    23.2034     6.4973     5.4729 -9.990e-29
        387      4.132    15.0698   2.968105     2.6841     2.6064     0.0059  0.1441971      4.094    23.2033     6.4976     5.4735 -9.990e-29
        388      4.109    15.0698   2.968103     2.6845     2.6067     0.0059  0.1442063      4.071    23.2033     6.4980     5.4740 -9.990e-29
        389      4.087    15.0698   2.968100     2.6849     2.6071     0.0059  0.1442164      4.049    23.2033     6.4983     5.4748 -9.990e-29
        390      4.065    15.0698   2.968096     2.6853     2.6074     0.0059  0.1442267      4.027    23.2033     6.4986     5.4754 -9.990e-29
        391      4.043    15.0699   2.968093     2.6857     2.6077     0.0059  0.1442355      4.005    23.2032     6.4989     5.4759 -9.990e-29
        392      4.020    15.0699   2.968088     2.6861     2.6080     0.0059  0.1442420      3.983    23.2031     6.4992     5.4765 -9.990e-29
        393      3.998    15.0699   2.968083     2.6865     2.6083     0.0059  0.1442471      3.961    23.2031     6.4995     5.4770 -9.990e-29
        394      3.976    15.0699   2.968077     2.6869     2.6086     0.0059  0.1442517      3.939    23.2031     6.4998     5.4775 -9.990e-29
        395      3.954    15.0699   2.968070     2.6873     2.6089     0.0059  0.1442550      3.917    23.2030     6.5001     5.4781 -9.990e-29
        396      3.932    15.0699   2.968062     2.6876     2.6092     0.0059  0.1442562      3.895    23.2029     6.5001     5.4786 -9.990e-29
        397      3.909    15.0699   2.968055     2.6880     2.6095     0.0057  0.1442552      3.873    23.2029     6.5004     5.4791 -9.990e-29
        398      3.887    15.0699   2.968048     2.6883     2.6099     0.0059  0.1442521      3.851    23.2028     6.5003     5.4799 -9.990e-29
        399      3.865    15.0699   2.968043     2.6887     2.6102     0.0059  0.1442469      3.829    23.2028     6.5006     5.4804 -9.990e-29
        400      3.843    15.0699   2.968038     2.6890     2.6105     0.0059  0.1442394      3.807    23.2028     6.5006     5.4808 -9.990e-29
        401      3.820    15.0699   2.968033     2.6893     2.6108     0.0059  0.1442297      3.784    23.2027     6.5006     5.4813 -9.990e-29
        402      3.798    15.0699   2.968029     2.6896     2.6111     0.0059  0.1442177      3.763    23.2027     6.5007     5.4818 -9.990e-29
        403      3.776    15.0699   2.968024     2.6899     2.6114     0.0059  0.1442032      3.741    23.2027     6.5007     5.4822 -9.990e-29
        404      3.754    15.0699   2.968020     2.6903     2.6117     0.0059  0.1441863      3.719    23.2026     6.5010     5.4827 -9.990e-29
        405      3.731    15.0699   2.968016     2.6905     2.6120     0.0059  0.1441667      3.696    23.2026     6.5008     5.4831 -9.990e-29
        406      3.709    15.0699   2.968012     2.6908     2.6123     0.0059  0.1441444      3.674    23.2026     6.5009     5.4836 -9.990e-29
        407      3.687    15.0699   2.968007     2.6911     2.6126     0.0059  0.1441192      3.653    23.2025     6.5010     5.4840 -9.990e-29
        408      3.665    15.0699   2.968002     2.6914     2.6129     0.0059  0.1440909      3.631    23.2025     6.5011     5.4844 -9.990e-29
        409      3.643    15.0699   2.967997     2.6916     2.6131     0.0059  0.1440593      3.609    23.2025     6.5009     5.4846 -9.990e-29
        410      3.620    15.0699   2.967991     2.6919     2.6134     0.0059  0.1440242      3.586    23.2024     6.5011     5.4850 -9.990e-29
        411      3.598    15.0699   2.967983     2.6921     2.6137     0.0059  0.1439853      3.565    23.2024     6.5010     5.4854 -9.990e-29
        412      3.576    15.0699   2.967974     2.6924     2.6139     0.0059  0.1439425      3.543    23.2023     6.5012     5.4855 -9.990e-29
        413      3.553    15.0699   2.967965     2.6926     2.6142     0.0059  0.1438953      3.520    23.2022     6.5011     5.4858 -9.990e-29
        414      3.531    15.0699   2.967961     2.6928     2.6145     0.0059  0.1438435      3.498    23.2022     6.5010     5.4862 -9.990e-29
        415      3.509    15.0699   2.967963     2.6931     2.6147     0.0059  0.1437883      3.476    23.2022     6.5012     5.4863 -9.990e-29
        416      3.487    15.0699   2.967966     2.6933     2.6150     0.0059  0.1437346      3.455    23.2022     6.5012     5.4866 -9.990e-29
        417      3.465    15.0698   2.967967     2.6935     2.6152     0.0059  0.1436870      3.433    23.2023     6.5012     5.4867 -9.990e-29
        418      3.443    15.0698   2.967966     2.6937     2.6155     0.0059  0.1436469      3.411    23.2023     6.5012     5.4871 -9.990e-29
        419      3.421    15.0697   2.967964     2.6939     2.6157     0.0059  0.1436140      3.389    23.2024     6.5013     5.4871 -9.990e-29
        420      3.399    15.0696   2.967959     2.6941     2.6159     0.0059  0.1435881      3.367    23.2024     6.5014     5.4872 -9.990e-29
        421      3.377    15.0696   2.967954     2.6943     2.6161     0.0059  0.1435691      3.346    23.2023     6.5015     5.4872 -9.990e-29
        422      3.355    15.0695   2.967948     2.6945     2.6164     0.0059  0.1435558      3.324    23.2024     6.5016     5.4875 -9.990e-29
        423      3.333    15.0694   2.967941     2.6947     2.6166     0.0059  0.1435474      3.302    23.2024     6.5018     5.4875 -9.990e-29
        424      3.311    15.0693   2.967933     2.6949     2.6168     0.0059  0.1435447      3.280    23.2024     6.5021     5.4876 -9.990e-29
        425      3.289    15.0693   2.967925     2.6951     2.6170     0.0059  0.1435486      3.258    23.2023     6.5023     5.4876 -9.990e-29
        426      3.266    15.0692   2.967918     2.6953     2.6172     0.0059  0.1435589      3.236    23.2023     6.5026     5.4877 -9.990e-29
        427      3.244    15.0691   2.967910     2.6955     2.6174     0.0059  0.1435759      3.214    23.2023     6.5029     5.4877 -9.990e-29
        428      3.222    15.0690   2.967901     2.6957     2.6176     0.0059  0.1435995      3.192    23.2023     6.5032     5.4877 -9.990e-29
        429      3.200    15.0689   2.967891     2.6959     2.6178     0.0059  0.1436301      3.170    23.2023     6.5036     5.4878 -9.990e-29
        430      3.178    15.0688   2.967881     2.6961     2.6180     0.0059  0.1436678      3.148    23.2022     6.5040     5.4878 -9.990e-29
        431      3.156    15.0687   2.967871     2.6963     2.6182     0.0059  0.1437128      3.127    23.2022     6.5044     5.4879 -9.990e-29
        432      3.134    15.0686   2.967860     2.6965     2.6184     0.0059  0.1437655      3.105    23.2022     6.5049     5.4879 -9.990e-29
        433      3.112    15.0685   2.967848     2.6967     2.6185     0.0059  0.1438263      3.083    23.2022     6.5053     5.4877 -9.990e-29
        434      3.090    15.0684   2.967836     2.6969     2.6187     0.0059  0.1438955      3.061    23.2021     6.5058     5.4878 -9.990e-29
        435      3.068    15.0683   2.967821     2.6970     2.6189     0.0059  0.1439737      3.039    23.2021     6.5060     5.4878 -9.990e-29
        436      3.046    15.0682   2.967806     2.6972     2.6190     0.0059  0.1440613      3.018    23.2020     6.5066     5.4877 -9.990e-29
        437      3.024    15.0680   2.967790     2.6974     2.6192     0.0059  0.1441591      2.996    23.2020     6.5071     5.4877 -9.990e-29
        438      3.002    15.0679   2.967772     2.6976     2.6193     0.0059  0.1442676      2.974    23.2019     6.5077     5.4875 -9.990e-29
        439      2.980    15.0677   2.967752     2.6977     2.6195     0.0059  0.1443877      2.952    23.2018     6.5080     5.4876 -9.990e-29
        440      2.958    15.0675   2.967731     2.6979     2.6196     0.0059  0.1445193      2.930    23.2018     6.5086     5.4875 -9.990e-29
        441      2.936    15.0673   2.967708     2.6981     2.6198     0.0059  0.1446574      2.909    23.2017     6.5092     5.4876 -9.990e-29
        442      2.914    15.0671   2.967683     2.6983     2.6199     0.0059  0.1447919      2.887    23.2016     6.5098     5.4875 -9.990e-29
        443      2.892    15.0669   2.967657     2.6984     2.6200     0.0059  0.1449161      2.865    23.2015     6.5101     5.4874 -9.990e-29
        444      2.870    15.0666   2.967628     2.6986     2.6201     0.0059  0.1450292      2.843    23.2015     6.5108     5.4874 -9.990e-29
