data/2021/ctd_data_day3/station3c_ctm_fil_le_der_avg.cnv
* Sea-Bird SBE 9 Data File:
* FileName = C:\Users\CTD-User\Desktop\MAR440\day3\station3c.hex
* Software Version Seasave V 7.26.2.13
* Temperature SN = 6313
* Conductivity SN = 4758
* Number of Bytes Per Scan = 37
* Number of Voltage Words = 4
* Number of Scans Averaged by the Deck Unit = 1
* NMEA Latitude = 58 19.70 N
* NMEA Longitude = 011 51.37 E
* NMEA UTC (Time) = Sep 23 2021 09:07:02
* NMEA baud rate = 4800
** Ship: Skagerrak
** Station: station3C
** Operator: Eva
# nquan = 13
# nvalues = 17                          
# units = specified
# name 0 = scan: Scan Count
# name 1 = prDM: Pressure, Digiquartz [db]
# name 2 = t090C: Temperature [ITS-90, deg C]
# name 3 = c0S/m: Conductivity [S/m]
# name 4 = sbeox0V: Oxygen raw, SBE 43 [V]
# name 5 = sbeox1V: Oxygen raw, SBE 43, 2 [V]
# name 6 = flECO-AFL: Fluorescence, WET Labs ECO-AFL/FL [mg/m^3]
# name 7 = upoly0: Upoly 0, Turbidity
# name 8 = depSM: Depth [salt water, m], lat = 58.3283
# name 9 = sal00: Salinity, Practical [PSU]
# name 10 = sbeox0ML/L: Oxygen, SBE 43 [ml/l], WS = 2
# name 11 = sbeox1ML/L: Oxygen, SBE 43, 2 [ml/l], WS = 2
# name 12 = flag: flag
# span 0 =       3637,       4382       
# span 1 =      1.009,     17.160       
# span 2 =    10.2288,    15.4759       
# span 3 =   2.961199,   3.434215       
# span 4 =     1.2325,     2.7296       
# span 5 =     1.1971,     2.6318       
# span 6 =     0.0038,     0.0062       
# span 7 =  0.0890090,  0.1610265       
# span 8 =      1.000,     17.000       
# span 9 =    23.1503,    30.3509       
# span 10 =     1.5439,     6.5778      
# span 11 =     1.4070,     5.5067      
# span 12 = 0.0000e+00, 0.0000e+00      
# interval = meters: 1                  
# start_time = Sep 23 2021 09:07:02 [NMEA time, header]
# bad_flag = -9.990e-29
*END*
       3637      1.009    15.0948   2.964231     2.7245     2.6318     0.0058  0.1535866      1.000    23.1561     6.5553     5.4970 0.0000e+00
       3686      2.019    15.0783   2.962673     2.7227     2.6285     0.0062  0.1546791      2.000    23.1521     6.5541     5.4872 0.0000e+00
       3732      3.028    15.0760   2.962875     2.7243     2.6271     0.0059  0.1566183      3.000    23.1549     6.5708     5.4930 0.0000e+00
       3779      4.038    15.0589   2.961199     2.7257     2.6281     0.0061  0.1571652      4.000    23.1503     6.5679     5.5008 0.0000e+00
       3825      5.047    15.0830   2.963948     2.7264     2.6304     0.0060  0.1596476      5.000    23.1594     6.5778     5.5067 0.0000e+00
       3871      6.056    15.1112   2.968529     2.7291     2.6307     0.0059  0.1610265      6.000    23.1820     6.5762     5.4925 0.0000e+00
       3916      7.066    15.2215   2.986925     2.7296     2.6288     0.0056  0.1580022      7.000    23.2747     6.5525     5.4812 0.0000e+00
       3961      8.075    15.2624   2.997231     2.7220     2.6267     0.0052  0.1540116      8.000    23.3387     6.4840     5.4446 0.0000e+00
       4008      9.085    15.2821   3.000738     2.7023     2.6127     0.0051  0.1534286      9.000    23.3568     6.4076     5.4038 0.0000e+00
       4055     10.094    15.3608   3.045500     2.6843     2.6062     0.0052  0.1531477     10.000    23.6936     6.3492     5.3866 0.0000e+00
       4102     11.104    15.4759   3.207170     2.6610     2.5858     0.0050  0.1320410     11.000    25.0125     6.0745     5.1086 0.0000e+00
       4147     12.113    15.3618   3.292548     2.5100     2.4101     0.0044  0.1082627     12.000    25.8241     5.1760     4.3110 0.0000e+00
       4193     13.122    14.6569   3.363467     2.2682     2.1717     0.0041  0.0942220     13.000    26.9226     4.4131     3.7245 0.0000e+00
       4240     14.132    13.4646   3.388396     1.9997     1.9155     0.0038  0.0912660     14.000    27.9928     3.5393     3.0081 0.0000e+00
       4287     15.141    12.3773   3.423201     1.7028     1.6325     0.0040  0.0908668     15.000    29.1365     2.6732     2.3324 0.0000e+00
       4334     16.151    11.2045   3.434215     1.4477     1.3976     0.0041  0.0895837     16.000    30.1739     2.0671     1.8534 0.0000e+00
       4382     17.160    10.2288   3.370474     1.2325     1.1971     0.0041  0.0890090     17.000    30.3509     1.5439     1.4070 0.0000e+00
