data/2021/ctd_data_day3/station4d.cnv
* Sea-Bird SBE 9 Data File:
* FileName = C:\Users\CTD-User\Desktop\MAR440\day3\station4d.hex
* Software Version Seasave V 7.26.2.13
* Temperature SN = 6313
* Conductivity SN = 4758
* Number of Bytes Per Scan = 37
* Number of Voltage Words = 4
* Number of Scans Averaged by the Deck Unit = 1
* NMEA Latitude = 58 19.57 N
* NMEA Longitude = 011 50.76 E
* NMEA UTC (Time) = Sep 23 2021 09:22:13
* NMEA baud rate = 4800
** Ship: Skagerrak
** Station: station4D
** Operator: Nicolas
# nquan = 9
# nvalues = 1887                                  
# units = specified
# name 0 = scan: Scan Count
# name 1 = prDM: Pressure, Digiquartz [db]
# name 2 = t090C: Temperature [ITS-90, deg C]
# name 3 = c0S/m: Conductivity [S/m]
# name 4 = sbeox0V: Oxygen raw, SBE 43 [V]
# name 5 = sbeox1V: Oxygen raw, SBE 43, 2 [V]
# name 6 = flECO-AFL: Fluorescence, WET Labs ECO-AFL/FL [mg/m^3]
# name 7 = upoly0: Upoly 0, Turbidity
# name 8 = flag:  0.000e+00
# span 0 =          1,       1887                 
# span 1 =      0.634,     12.935                 
# span 2 =    13.8096,    15.8465                 
# span 3 =   2.926118,   3.394647                 
# span 4 =     1.6324,     2.7485                 
# span 5 =     1.6288,     2.6423                 
# span 6 =     0.0037,     0.0101                 
# span 7 =  0.0893736,  0.1592149                 
# span 8 = 0.0000e+00, 0.0000e+00                 
# interval = seconds: 0.0416667
# start_time = Sep 23 2021 09:22:13 [NMEA time, header]
# bad_flag = -9.990e-29
*END*
[from data line 1121]
       1122      1.018    15.0562   2.966173     2.7290     2.6362     0.0062  0.1479817  0.000e+00
       1123      0.993    15.0581   2.966350     2.7290     2.6362     0.0062  0.1479817  0.000e+00
       1124      1.018    15.0626   2.966610     2.7326     2.6362     0.0062  0.1479817  0.000e+00
       1125      0.993    15.0631   2.966737     2.7290     2.6362     0.0062  0.1479817  0.000e+00
       1126      1.018    15.0617   2.966714     2.7278     2.6362     0.0062  0.1479817  0.000e+00
       1127      0.936    15.0594   2.966637     2.7278     2.6362     0.0062  0.1479817  0.000e+00
       1128      1.018    15.0575   2.966538     2.7290     2.6362     0.0062  0.1479817  0.000e+00
       1129      0.993    15.0619   2.966444     2.7302     2.6362     0.0062  0.1474933  0.000e+00
       1130      0.960    15.0655   2.966632     2.7290     2.6350     0.0064  0.1455397  0.000e+00
       1131      0.993    15.0663   2.966742     2.7278     2.6350     0.0062  0.1445629  0.000e+00
       1132      0.960    15.0616   2.966797     2.7278     2.6350     0.0062  0.1445629  0.000e+00
       1133      0.993    15.0562   2.966897     2.7302     2.6350     0.0064  0.1450513  0.000e+00
       1134      0.960    15.0290   2.966903     2.7387     2.6350     0.0064  0.1450513  0.000e+00
       1135      0.960    15.0614   2.966875     2.7278     2.6350     0.0064  0.1450513  0.000e+00
       1136      0.993    15.0652   2.966968     2.7229     2.6350     0.0064  0.1450513  0.000e+00
       1137      0.960    15.0678   2.967316     2.7278     2.6350     0.0064  0.1450513  0.000e+00
       1138      0.993    15.0692   2.967642     2.7302     2.6337     0.0064  0.1450513  0.000e+00
       1139      0.960    15.0704   2.967681     2.7290     2.6337     0.0064  0.1450513  0.000e+00
       1140      0.993    15.0695   2.967731     2.7290     2.6337     0.0064  0.1450513  0.000e+00
       1141      1.018    15.0836   2.967708     2.7375     2.6350     0.0064  0.1450513  0.000e+00
       1142      0.993    15.0692   2.967698     2.7265     2.6337     0.0064  0.1450513  0.000e+00
       1143      1.018    15.0670   2.967797     2.7241     2.6337     0.0064  0.1450513  0.000e+00
       1144      0.993    15.0641   2.967681     2.7278     2.6337     0.0064  0.1450513  0.000e+00
       1145      1.018    15.0627   2.967245     2.7290     2.6337     0.0064  0.1450513  0.000e+00
       1146      1.051    15.0627   2.967073     2.7290     2.6337     0.0064  0.1450513  0.000e+00
       1147      1.018    15.0609   2.967101     2.7290     2.6337     0.0064  0.1445629  0.000e+00
       1148      1.051    15.0584   2.966930     2.7302     2.6337     0.0064  0.1450513  0.000e+00
       1149      1.084    15.0563   2.966764     2.7290     2.6337     0.0064  0.1450513  0.000e+00
       1150      0.993    15.0550   2.966560     2.7278     2.6337     0.0064  0.1450513  0.000e+00
       1151      1.084    15.0538   2.966427     2.7278     2.6337     0.0064  0.1450513  0.000e+00
       1152      1.051    15.0140   2.966229     2.7387     2.6337     0.0064  0.1450513  0.000e+00
       1153      1.018    15.0540   2.966074     2.7278     2.6325     0.0064  0.1450513  0.000e+00
       1154      1.051    15.0538   2.965870     2.7253     2.6325     0.0064  0.1450513  0.000e+00
       1155      1.084    15.0536   2.965859     2.7278     2.6325     0.0062  0.1470049  0.000e+00
       1156      0.993    15.0535   2.965853     2.7278     2.6325     0.0062  0.1489585  0.000e+00
       1157      1.084    15.0528   2.965947     2.7302     2.6325     0.0062  0.1489585  0.000e+00
       1158      0.993    15.0528   2.965963     2.7290     2.6325     0.0062  0.1489585  0.000e+00
       1159      1.084    15.0526   2.965914     2.7290     2.6325     0.0062  0.1489585  0.000e+00
       1160      1.051    15.0525   2.965941     2.7278     2.6325     0.0062  0.1489585  0.000e+00
       1161      1.141    15.0525   2.965892     2.7290     2.6325     0.0062  0.1489585  0.000e+00
       1162      1.018    15.0523   2.965792     2.7302     2.6325     0.0062  0.1489585  0.000e+00
       1163      1.116    15.0521   2.965698     2.7302     2.6313     0.0062  0.1489585  0.000e+00
       1164      1.084    15.0518   2.965682     2.7290     2.6313     0.0062  0.1489585  0.000e+00
       1165      1.051    15.0513   2.965720     2.7290     2.6325     0.0062  0.1489585  0.000e+00
       1166      1.141    15.0508   2.965776     2.7290     2.6313     0.0062  0.1489585  0.000e+00
       1167      1.116    15.0509   2.965709     2.7314     2.6313     0.0062  0.1489585  0.000e+00
       1168      1.083    15.0513   2.965638     2.7302     2.6313     0.0062  0.1489585  0.000e+00
       1169      1.174    15.0503   2.965605     2.7290     2.6313     0.0062  0.1484701  0.000e+00
       1170      1.141    15.0496   2.965450     2.7302     2.6325     0.0062  0.1489585  0.000e+00
       1171      1.174    15.0491   2.965339     2.7302     2.6325     0.0062  0.1489585  0.000e+00
       1172      1.141    15.0493   2.965257     2.7314     2.6325     0.0062  0.1489585  0.000e+00
       1173      1.240    15.0483   2.965257     2.7326     2.6325     0.0060  0.1489585  0.000e+00
       1174      1.207    15.0459   2.965246     2.7290     2.6325     0.0062  0.1489585  0.000e+00
       1175      1.240    15.0455   2.965135     2.7290     2.6313     0.0062  0.1489585  0.000e+00
       1176      1.265    14.8444   2.965231     2.7387     2.6313     0.0062  0.1489585  0.000e+00
       1177      1.298    15.0516   2.965373     2.7290     2.6313     0.0062  0.1489585  0.000e+00
       1178      1.388    15.0525   2.965571     2.7241     2.6313     0.0062  0.1489585  0.000e+00
       1179      1.298    15.0543   2.965809     2.7278     2.6313     0.0062  0.1489585  0.000e+00
       1180      1.388    15.0546   2.966057     2.7290     2.6313     0.0062  0.1484701  0.000e+00
       1181      1.355    15.0552   2.966057     2.7314     2.6313     0.0066  0.1479817  0.000e+00
       1182      1.388    15.0557   2.966019     2.7326     2.6313     0.0068  0.1474933  0.000e+00
       1183      1.446    15.0577   2.966278     2.7290     2.6313     0.0068  0.1474933  0.000e+00
       1184      1.421    15.0591   2.966577     2.7290     2.6313     0.0068  0.1474933  0.000e+00
       1185      1.512    15.0589   2.966687     2.7290     2.6313     0.0068  0.1474933  0.000e+00
       1186      1.479    15.0585   2.966704     2.7326     2.6313     0.0068  0.1474933  0.000e+00
       1187      1.512    15.0575   2.966328     2.7302     2.6313     0.0068  0.1474933  0.000e+00
       1188      1.545    15.0538   2.965892     2.7290     2.6313     0.0068  0.1474933  0.000e+00
       1189      1.570    15.0429   2.965064     2.7278     2.6313     0.0068  0.1474933  0.000e+00
       1190      1.545    15.0310   2.963788     2.7290     2.6313     0.0068  0.1474933  0.000e+00
       1191      1.635    15.0240   2.962507     2.7302     2.6313     0.0068  0.1474933  0.000e+00
       1192      1.602    15.0192   2.961790     2.7302     2.6313     0.0068  0.1474933  0.000e+00
       1193      1.635    15.0149   2.961426     2.7290     2.6313     0.0068  0.1474933  0.000e+00
       1194      1.668    15.0133   2.961017     2.7290     2.6313     0.0068  0.1474933  0.000e+00
       1195      1.693    15.0211   2.960741     2.7290     2.6313     0.0068  0.1474933  0.000e+00
       1196      1.668    15.0331   2.961249     2.7302     2.6313     0.0068  0.1474933  0.000e+00
       1197      1.751    15.0382   2.962364     2.7290     2.6313     0.0068  0.1474933  0.000e+00
       1198      1.668    15.0395   2.963043     2.7278     2.6313     0.0068  0.1474933  0.000e+00
       1199      1.874    15.0378   2.963352     2.7375     2.6313     0.0068  0.1470049  0.000e+00
       1200      1.751    15.0312   2.963148     2.7229     2.6313     0.0066  0.1474933  0.000e+00
       1201      1.850    15.0189   2.962022     2.7253     2.6313     0.0068  0.1474933  0.000e+00
       1202      1.817    15.0093   2.960813     2.7278     2.6313     0.0068  0.1474933  0.000e+00
       1203      1.907    15.0052   2.959820     2.7278     2.6313     0.0068  0.1474933  0.000e+00
       1204      1.874    15.0053   2.959417     2.7278     2.6313     0.0068  0.1474933  0.000e+00
       1205      1.907    15.0074   2.959571     2.7290     2.6313     0.0068  0.1474933  0.000e+00
       1206      1.874    15.0044   2.959560     2.7290     2.6313     0.0070  0.1499353  0.000e+00
       1207      1.973    14.9994   2.959202     2.7278     2.6313     0.0073  0.1518889  0.000e+00
       1208      1.998    14.9909   2.958617     2.7375     2.6313     0.0073  0.1518889  0.000e+00
       1209      1.973    14.9919   2.957983     2.7229     2.6301     0.0073  0.1523773  0.000e+00
       1210      1.998    14.9884   2.957558     2.7241     2.6301     0.0073  0.1523773  0.000e+00
       1211      2.089    14.9856   2.957117     2.7278     2.6301     0.0073  0.1523773  0.000e+00
       1212      2.056    15.0002   2.956780     2.7387     2.6301     0.0071  0.1518889  0.000e+00
       1213      2.056    14.9827   2.956477     2.7229     2.6288     0.0073  0.1523773  0.000e+00
       1214      2.089    14.9810   2.956317     2.7241     2.6288     0.0073  0.1523773  0.000e+00
       1215      2.122    14.9795   2.956289     2.7290     2.6301     0.0073  0.1518889  0.000e+00
       1216      2.154    14.9784   2.956223     2.7290     2.6288     0.0073  0.1523773  0.000e+00
       1217      2.179    14.9783   2.956184     2.7278     2.6288     0.0073  0.1523773  0.000e+00
       1218      2.212    14.9784   2.956080     2.7278     2.6288     0.0073  0.1523773  0.000e+00
       1219      2.179    14.9782   2.956041     2.7278     2.6276     0.0073  0.1523773  0.000e+00
       1220      2.212    14.9779   2.955958     2.7290     2.6288     0.0073  0.1523773  0.000e+00
       1221      2.303    14.9773   2.956030     2.7278     2.6288     0.0073  0.1518889  0.000e+00
       1222      2.278    14.9772   2.956085     2.7265     2.6276     0.0073  0.1523773  0.000e+00
       1223      2.303    14.9765   2.956013     2.7278     2.6276     0.0073  0.1523773  0.000e+00
       1224      2.303    14.9764   2.955887     2.7278     2.6276     0.0073  0.1518889  0.000e+00
       1225      2.336    14.9761   2.955705     2.7290     2.6276     0.0073  0.1518889  0.000e+00
       1226      2.360    14.9767   2.955694     2.7278     2.6276     0.0073  0.1523773  0.000e+00
       1227      2.402    14.9767   2.955771     2.7278     2.6276     0.0073  0.1523773  0.000e+00
       1228      2.360    14.9767   2.955892     2.7278     2.6276     0.0073  0.1523773  0.000e+00
       1229      2.459    14.9767   2.955815     2.7278     2.6276     0.0073  0.1523773  0.000e+00
       1230      2.426    14.9768   2.955765     2.7278     2.6276     0.0073  0.1523773  0.000e+00
       1231      2.459    14.9767   2.955721     2.7278     2.6276     0.0073  0.1514005  0.000e+00
       1232      2.484    14.9768   2.955727     2.7265     2.6276     0.0071  0.1489585  0.000e+00
       1233      2.517    14.9767   2.955716     2.7278     2.6276     0.0071  0.1479817  0.000e+00
       1234      2.550    14.9765   2.955914     2.7278     2.6276     0.0071  0.1479817  0.000e+00
       1235      2.550    14.9771   2.955909     2.7265     2.6276     0.0071  0.1479817  0.000e+00
       1236      2.583    14.9773   2.955754     2.7265     2.6276     0.0071  0.1479817  0.000e+00
       1237      2.608    14.9767   2.955710     2.7265     2.6276     0.0071  0.1479817  0.000e+00
       1238      2.583    14.9767   2.955688     2.7278     2.6276     0.0071  0.1479817  0.000e+00
       1239      2.674    14.9779   2.955887     2.7278     2.6276     0.0071  0.1479817  0.000e+00
       1240      2.641    14.9820   2.956245     2.7278     2.6276     0.0071  0.1479817  0.000e+00
       1241      2.674    14.9872   2.956747     2.7265     2.6276     0.0071  0.1479817  0.000e+00
       1242      2.707    14.9900   2.957260     2.7278     2.6276     0.0071  0.1479817  0.000e+00
       1243      2.731    14.9892   2.957404     2.7278     2.6276     0.0071  0.1479817  0.000e+00
       1244      2.731    14.9868   2.957310     2.7278     2.6276     0.0071  0.1479817  0.000e+00
       1245      2.764    14.9837   2.956968     2.7265     2.6276     0.0071  0.1479817  0.000e+00
       1246      2.789    14.9809   2.956615     2.7253     2.6276     0.0071  0.1479817  0.000e+00
       1247      2.822    14.9816   2.956389     2.7253     2.6276     0.0071  0.1479817  0.000e+00
       1248      2.855    14.9938   2.956659     2.7265     2.6276     0.0071  0.1479817  0.000e+00
       1249      2.822    15.0097   2.957624     2.7278     2.6276     0.0071  0.1479817  0.000e+00
       1250      2.913    15.0189   2.959130     2.7265     2.6276     0.0071  0.1479817  0.000e+00
       1251      2.888    15.0218   2.960135     2.7278     2.6288     0.0071  0.1479817  0.000e+00
       1252      2.912    15.0218   2.960559     2.7265     2.6276     0.0071  0.1479817  0.000e+00
       1253      2.912    15.0230   2.960863     2.7278     2.6276     0.0071  0.1479817  0.000e+00
       1254      2.945    15.0267   2.961437     2.7278     2.6276     0.0071  0.1479817  0.000e+00
       1255      3.036    15.0304   2.961884     2.7265     2.6276     0.0071  0.1479817  0.000e+00
       1256      3.011    15.0337   2.962315     2.7265     2.6276     0.0071  0.1479817  0.000e+00
       1257      3.036    15.0364   2.962878     2.7278     2.6288     0.0071  0.1484701  0.000e+00
       1258      3.011    15.0374   2.963341     2.7290     2.6288     0.0071  0.1489585  0.000e+00
       1259      3.094    15.0391   2.963463     2.7290     2.6288     0.0071  0.1489585  0.000e+00
       1260      3.135    15.0410   2.963822     2.7278     2.6288     0.0071  0.1489585  0.000e+00
       1261      3.094    15.0415   2.964230     2.7278     2.6288     0.0071  0.1489585  0.000e+00
       1262      3.160    15.0419   2.964296     2.7278     2.6288     0.0071  0.1489585  0.000e+00
       1263      3.135    14.9236   2.964276     2.7375     2.6288     0.0071  0.1489585  0.000e+00
       1264      3.160    15.0434   2.964291     2.7290     2.6288     0.0071  0.1489585  0.000e+00
       1265      3.193    15.0449   2.964446     2.7241     2.6288     0.0071  0.1489585  0.000e+00
       1266      3.283    15.0476   2.964760     2.7265     2.6301     0.0071  0.1489585  0.000e+00
       1267      3.193    15.0501   2.965141     2.7290     2.6301     0.0071  0.1489585  0.000e+00
       1268      3.283    15.0511   2.965384     2.7326     2.6301     0.0071  0.1489585  0.000e+00
       1269      3.283    15.0513   2.965412     2.7302     2.6288     0.0071  0.1489585  0.000e+00
       1270      3.374    15.0513   2.965406     2.7290     2.6288     0.0071  0.1489585  0.000e+00
       1271      3.283    15.0508   2.965406     2.7302     2.6301     0.0071  0.1489585  0.000e+00
       1272      3.374    15.0511   2.965423     2.7314     2.6301     0.0071  0.1489585  0.000e+00
       1273      3.407    15.0531   2.965682     2.7314     2.6301     0.0071  0.1489585  0.000e+00
       1274      3.374    15.0557   2.965992     2.7326     2.6301     0.0071  0.1489585  0.000e+00
       1275      3.407    15.0585   2.966273     2.7326     2.6301     0.0071  0.1489585  0.000e+00
       1276      3.498    15.0594   2.966594     2.7314     2.6301     0.0071  0.1489585  0.000e+00
       1277      3.465    15.0590   2.966737     2.7326     2.6301     0.0071  0.1489585  0.000e+00
       1278      3.465    15.0589   2.966654     2.7326     2.6301     0.0071  0.1489585  0.000e+00
       1279      3.498    15.0597   2.966721     2.7326     2.6313     0.0071  0.1484701  0.000e+00
       1280      3.588    15.0604   2.966942     2.7326     2.6313     0.0071  0.1489585  0.000e+00
