data/2021/ctd_data_day3/station8H_ctm.cnv
* Sea-Bird SBE 9 Data File:
* FileName = C:\Users\CTD-User\Desktop\MAR440\day3\station8H.hex
* Software Version Seasave V 7.26.2.13
* Temperature SN = 6313
* Conductivity SN = 4758
* Number of Bytes Per Scan = 37
* Number of Voltage Words = 4
* Number of Scans Averaged by the Deck Unit = 1
* NMEA Latitude = 58 19.26 N
* NMEA Longitude = 011 49.42 E
* NMEA UTC (Time) = Sep 23 2021 11:26:46
* NMEA baud rate = 4800
** Ship: Skagerrak
** Station: station8H
** Operator: Emma
# nquan = 9
# nvalues = 2851                        
# units = specified
# name 0 = scan: Scan Count
# name 1 = prDM: Pressure, Digiquartz [db]
# name 2 = t090C: Temperature [ITS-90, deg C]
# name 3 = c0S/m: Conductivity [S/m]
# name 4 = sbeox0V: Oxygen raw, SBE 43 [V]
# name 5 = sbeox1V: Oxygen raw, SBE 43, 2 [V]
# name 6 = flECO-AFL: Fluorescence, WET Labs ECO-AFL/FL [mg/m^3]
# name 7 = upoly0: Upoly 0, Turbidity
# name 8 = flag:  0.000e+00
# span 0 =          1,       2851       
# span 1 =      1.324,     23.210       
# span 2 =    13.0135,    15.5436       
# span 3 =   2.901842,   3.766424       
# span 4 =     1.0902,     2.7985       
# span 5 =     1.1220,     2.7021       
# span 6 =     0.0037,     0.0104       
# span 7 =  0.0893736,  0.1548193       
# span 8 = 0.0000e+00, 0.0000e+00       
# interval = seconds: 0.0416667
# start_time = Sep 23 2021 11:26:46 [NMEA time, header]
# bad_flag = -9.990e-29
*END*
[from data line 1921]
       1922      6.013    14.9293   2.954202     2.7888     2.6777     0.0070  0.1479817 0.0000e+00
       1923      5.980    14.9299   2.954128     2.7888     2.6777     0.0070  0.1479817 0.0000e+00
       1924      6.013    14.9302   2.954178     2.7888     2.6777     0.0070  0.1479817 0.0000e+00
       1925      6.104    14.9305   2.954328     2.7912     2.6777     0.0071  0.1479817 0.0000e+00
       1926      6.046    14.9304   2.954388     2.7900     2.6777     0.0073  0.1479817 0.0000e+00
       1927      6.136    14.9305   2.954316     2.7900     2.6777     0.0073  0.1479817 0.0000e+00
       1928      6.103    14.9305   2.954388     2.7888     2.6777     0.0073  0.1479817 0.0000e+00
       1929      6.136    14.9307   2.954428     2.7900     2.6777     0.0073  0.1479817 0.0000e+00
       1930      6.161    14.9307   2.954465     2.7912     2.6777     0.0073  0.1479817 0.0000e+00
       1931      6.227    14.9307   2.954438     2.7912     2.6777     0.0073  0.1479817 0.0000e+00
       1932      6.202    14.9310   2.954444     2.7900     2.6777     0.0073  0.1479817 0.0000e+00
       1933      6.227    14.9311   2.954411     2.7912     2.6777     0.0073  0.1479817 0.0000e+00
       1934      6.285    14.9310   2.954521     2.7912     2.6777     0.0073  0.1479817 0.0000e+00
       1935      6.260    14.9307   2.954542     2.7924     2.6777     0.0073  0.1479817 0.0000e+00
       1936      6.284    14.9304   2.954513     2.7912     2.6777     0.0073  0.1479817 0.0000e+00
       1937      6.383    14.9300   2.954423     2.7912     2.6777     0.0073  0.1479817 0.0000e+00
       1938      6.350    14.9297   2.954328     2.7912     2.6777     0.0073  0.1479817 0.0000e+00
       1939      6.350    14.9294   2.954349     2.7912     2.6777     0.0073  0.1479817 0.0000e+00
       1940      6.383    14.9300   2.954345     2.7924     2.6777     0.0073  0.1479817 0.0000e+00
       1941      6.408    14.9299   2.954356     2.7912     2.6777     0.0073  0.1479817 0.0000e+00
       1942      6.465    14.9292   2.954365     2.7900     2.6777     0.0073  0.1479817 0.0000e+00
       1943      6.441    14.9288   2.954214     2.7912     2.6777     0.0073  0.1479817 0.0000e+00
       1944      6.465    14.9288   2.954186     2.7912     2.6777     0.0073  0.1479817 0.0000e+00
       1945      6.507    14.9288   2.954236     2.7924     2.6777     0.0073  0.1479817 0.0000e+00
       1946      6.465    14.9287   2.954185     2.7912     2.6777     0.0073  0.1479817 0.0000e+00
       1947      6.589    14.9283   2.954101     2.7912     2.6789     0.0073  0.1479817 0.0000e+00
       1948      6.506    14.9285   2.954085     2.7912     2.6789     0.0073  0.1479817 0.0000e+00
       1949      6.589    14.9283   2.953957     2.7924     2.6789     0.0071  0.1479817 0.0000e+00
       1950      6.655    14.9287   2.954020     2.7924     2.6789     0.0073  0.1470049 0.0000e+00
       1951      6.630    14.9283   2.954056     2.7924     2.6789     0.0073  0.1470049 0.0000e+00
       1952      6.655    14.9287   2.954075     2.7912     2.6789     0.0073  0.1465165 0.0000e+00
       1953      6.630    14.9285   2.954041     2.7924     2.6789     0.0073  0.1465165 0.0000e+00
       1954      6.712    14.9293   2.954132     2.7936     2.6789     0.0073  0.1470049 0.0000e+00
       1955      6.712    14.9305   2.954213     2.7924     2.6789     0.0073  0.1470049 0.0000e+00
       1956      6.753    14.9321   2.954418     2.7924     2.6789     0.0073  0.1465165 0.0000e+00
       1957      6.712    14.9326   2.954668     2.7912     2.6789     0.0073  0.1470049 0.0000e+00
       1958      6.836    14.9319   2.954709     2.7924     2.6789     0.0073  0.1465165 0.0000e+00
       1959      6.753    14.9309   2.954655     2.7936     2.6789     0.0073  0.1465165 0.0000e+00
       1960      6.836    14.9312   2.954645     2.7924     2.6789     0.0073  0.1465165 0.0000e+00
       1961      6.869    14.9320   2.954582     2.7912     2.6789     0.0073  0.1465165 0.0000e+00
       1962      6.835    14.9331   2.954796     2.7912     2.6789     0.0073  0.1470049 0.0000e+00
       1963      6.893    14.9343   2.954916     2.7924     2.6789     0.0073  0.1460281 0.0000e+00
       1964      6.934    14.9361   2.955220     2.7961     2.6801     0.0073  0.1470049 0.0000e+00
       1965      6.959    14.9373   2.955611     2.7924     2.6801     0.0073  0.1470049 0.0000e+00
       1966      6.893    14.9380   2.955895     2.7924     2.6801     0.0073  0.1465165 0.0000e+00
       1967      6.992    14.9383   2.956144     2.7924     2.6789     0.0073  0.1470049 0.0000e+00
       1968      7.017    14.9385   2.956238     2.7936     2.6789     0.0073  0.1470049 0.0000e+00
       1969      7.017    14.9385   2.956320     2.7936     2.6801     0.0073  0.1470049 0.0000e+00
       1970      7.058    14.9388   2.956448     2.7924     2.6801     0.0073  0.1465165 0.0000e+00
       1971      7.016    14.9388   2.956503     2.7912     2.6801     0.0073  0.1470049 0.0000e+00
       1972      7.115    14.9388   2.956530     2.7912     2.6789     0.0073  0.1470049 0.0000e+00
       1973      7.082    14.9390   2.956542     2.7936     2.6801     0.0073  0.1465165 0.0000e+00
       1974      7.140    14.9390   2.956525     2.7936     2.6801     0.0073  0.1465165 0.0000e+00
       1975      7.115    14.9393   2.956537     2.7924     2.6801     0.0071  0.1470049 0.0000e+00
       1976      7.198    14.9390   2.956558     2.7924     2.6801     0.0070  0.1470049 0.0000e+00
       1977      7.197    14.9390   2.956585     2.7924     2.6801     0.0070  0.1470049 0.0000e+00
       1978      7.173    14.9385   2.956527     2.7961     2.6801     0.0068  0.1470049 0.0000e+00
       1979      7.197    14.9376   2.956425     2.7936     2.6801     0.0070  0.1470049 0.0000e+00
       1980      7.263    14.9366   2.956254     2.7924     2.6801     0.0070  0.1470049 0.0000e+00
       1981      7.296    14.9356   2.956090     2.7924     2.6801     0.0070  0.1470049 0.0000e+00
       1982      7.321    14.9351   2.955906     2.7924     2.6801     0.0070  0.1470049 0.0000e+00
       1983      7.321    14.9349   2.955756     2.7936     2.6801     0.0070  0.1470049 0.0000e+00
       1984      7.296    14.9347   2.955640     2.7936     2.6801     0.0070  0.1470049 0.0000e+00
       1985      7.387    14.9346   2.955546     2.7924     2.6789     0.0070  0.1470049 0.0000e+00
       1986      7.362    14.9346   2.955512     2.7912     2.6789     0.0070  0.1470049 0.0000e+00
       1987      7.387    14.9344   2.955523     2.7936     2.6789     0.0070  0.1470049 0.0000e+00
       1988      7.444    14.9341   2.955482     2.7936     2.6801     0.0070  0.1470049 0.0000e+00
       1989      7.419    14.9344   2.955428     2.7924     2.6801     0.0070  0.1470049 0.0000e+00
       1990      7.502    14.9343   2.955334     2.7924     2.6801     0.0070  0.1470049 0.0000e+00
       1991      7.502    14.9343   2.955355     2.7924     2.6789     0.0070  0.1470049 0.0000e+00
       1992      7.485    14.9344   2.955323     2.7936     2.6789     0.0070  0.1470049 0.0000e+00
       1993      7.502    14.9341   2.955343     2.7936     2.6789     0.0068  0.1470049 0.0000e+00
       1994      7.568    14.9344   2.955361     2.7924     2.6789     0.0070  0.1470049 0.0000e+00
       1995      7.601    14.9343   2.955339     2.7924     2.6789     0.0070  0.1470049 0.0000e+00
       1996      7.568    14.9343   2.955349     2.7924     2.6789     0.0070  0.1470049 0.0000e+00
       1997      7.625    14.9339   2.955304     2.7961     2.6789     0.0070  0.1470049 0.0000e+00
       1998      7.667    14.9332   2.955251     2.7936     2.6789     0.0070  0.1470049 0.0000e+00
       1999      7.625    14.9329   2.955245     2.7924     2.6789     0.0070  0.1470049 0.0000e+00
       2000      7.667    14.9324   2.955120     2.7924     2.6789     0.0070  0.1470049 0.0000e+00
       2001      7.749    14.9312   2.954929     2.7924     2.6789     0.0070  0.1470049 0.0000e+00
       2002      7.691    14.9309   2.954673     2.7961     2.6789     0.0071  0.1470049 0.0000e+00
       2003      7.724    14.9315   2.954610     2.7936     2.6789     0.0071  0.1465165 0.0000e+00
       2004      7.815    14.9322   2.954755     2.7924     2.6789     0.0071  0.1465165 0.0000e+00
       2005      7.749    14.9327   2.954868     2.7924     2.6789     0.0071  0.1465165 0.0000e+00
       2006      7.848    14.9329   2.955012     2.7924     2.6801     0.0071  0.1465165 0.0000e+00
       2007      7.815    14.9326   2.954949     2.7936     2.6801     0.0070  0.1465165 0.0000e+00
       2008      7.872    14.9327   2.954956     2.7924     2.6801     0.0071  0.1465165 0.0000e+00
       2009      7.848    14.9329   2.954972     2.7924     2.6801     0.0071  0.1470049 0.0000e+00
       2010      7.872    14.9331   2.954929     2.7912     2.6801     0.0071  0.1465165 0.0000e+00
       2011      7.930    14.9329   2.955039     2.7924     2.6801     0.0071  0.1470049 0.0000e+00
       2012      7.971    14.9326   2.954999     2.7936     2.6801     0.0071  0.1465165 0.0000e+00
       2013      7.930    14.9326   2.954867     2.7924     2.6801     0.0071  0.1470049 0.0000e+00
       2014      7.996    14.9329   2.954917     2.7912     2.6801     0.0071  0.1465165 0.0000e+00
       2015      8.029    14.9334   2.954985     2.7912     2.6801     0.0071  0.1465165 0.0000e+00
       2016      7.996    14.9336   2.955085     2.7924     2.6801     0.0071  0.1470049 0.0000e+00
       2017      8.054    14.9336   2.955190     2.7936     2.6801     0.0071  0.1470049 0.0000e+00
       2018      8.095    14.9338   2.955118     2.7924     2.6801     0.0071  0.1470049 0.0000e+00
       2019      8.054    14.9337   2.955085     2.7912     2.6801     0.0071  0.1465165 0.0000e+00
       2020      8.120    14.9336   2.955122     2.7912     2.6801     0.0071  0.1465165 0.0000e+00
       2021      8.153    14.9338   2.955239     2.7936     2.6801     0.0071  0.1470049 0.0000e+00
       2022      8.120    14.9339   2.955173     2.7936     2.6801     0.0071  0.1470049 0.0000e+00
       2023      8.235    14.9336   2.955156     2.7924     2.6801     0.0071  0.1470049 0.0000e+00
       2024      8.153    14.9336   2.955145     2.7912     2.6801     0.0071  0.1470049 0.0000e+00
       2025      8.235    14.9334   2.955094     2.7900     2.6801     0.0071  0.1465165 0.0000e+00
       2026      8.276    14.9334   2.955099     2.7924     2.6801     0.0071  0.1465165 0.0000e+00
       2027      8.235    14.9334   2.955044     2.7924     2.6801     0.0070  0.1474933 0.0000e+00
       2028      8.301    14.9336   2.955110     2.7912     2.6801     0.0071  0.1479817 0.0000e+00
       2029      8.334    14.9326   2.955051     2.7912     2.6801     0.0071  0.1479817 0.0000e+00
       2030      8.301    14.9324   2.954979     2.7912     2.6801     0.0071  0.1479817 0.0000e+00
       2031      8.359    14.9331   2.954971     2.7936     2.6801     0.0071  0.1479817 0.0000e+00
       2032      8.400    14.9334   2.955093     2.7924     2.6801     0.0071  0.1479817 0.0000e+00
       2033      8.359    14.9338   2.955094     2.7912     2.6801     0.0071  0.1479817 0.0000e+00
       2034      8.424    14.9339   2.955161     2.7912     2.6801     0.0071  0.1479817 0.0000e+00
       2035      8.457    14.9337   2.955226     2.7924     2.6801     0.0071  0.1479817 0.0000e+00
       2036      8.482    14.9341   2.955283     2.7936     2.6801     0.0071  0.1479817 0.0000e+00
       2037      8.482    14.9344   2.955306     2.7924     2.6801     0.0071  0.1479817 0.0000e+00
       2038      8.523    14.9343   2.955361     2.7924     2.6789     0.0071  0.1479817 0.0000e+00
       2039      8.482    14.9349   2.955445     2.7924     2.6801     0.0071  0.1479817 0.0000e+00
       2040      8.548    14.9353   2.955590     2.7936     2.6801     0.0071  0.1479817 0.0000e+00
       2041      8.581    14.9359   2.955801     2.7936     2.6801     0.0071  0.1479817 0.0000e+00
       2042      8.606    14.9358   2.955884     2.7924     2.6801     0.0071  0.1479817 0.0000e+00
       2043      8.663    14.9359   2.955884     2.7924     2.6801     0.0071  0.1479817 0.0000e+00
       2044      8.581    14.9361   2.955863     2.7924     2.6801     0.0071  0.1479817 0.0000e+00
       2045      8.663    14.9361   2.955917     2.7936     2.6801     0.0071  0.1479817 0.0000e+00
       2046      8.729    14.9358   2.955916     2.7961     2.6801     0.0070  0.1479817 0.0000e+00
       2047      8.705    14.9358   2.956032     2.7936     2.6813     0.0071  0.1479817 0.0000e+00
       2048      8.729    14.9354   2.955958     2.7924     2.6813     0.0071  0.1479817 0.0000e+00
       2049      8.729    14.9354   2.955826     2.7924     2.6813     0.0071  0.1479817 0.0000e+00
       2050      8.762    14.9358   2.955755     2.7936     2.6813     0.0071  0.1479817 0.0000e+00
       2051      8.787    14.9358   2.955805     2.7936     2.6813     0.0071  0.1479817 0.0000e+00
       2052      8.853    14.9362   2.955890     2.7924     2.6813     0.0075  0.1479817 0.0000e+00
       2053      8.828    14.9366   2.956117     2.7924     2.6825     0.0081  0.1479817 0.0000e+00
       2054      8.853    14.9368   2.956217     2.7924     2.6825     0.0081  0.1479817 0.0000e+00
       2055      8.911    14.9366   2.956194     2.7961     2.6825     0.0081  0.1479817 0.0000e+00
       2056      8.886    14.9373   2.956191     2.7936     2.6825     0.0081  0.1479817 0.0000e+00
       2057      8.911    14.9378   2.956171     2.7936     2.6825     0.0081  0.1479817 0.0000e+00
       2058      8.968    14.9393   2.956396     2.7924     2.6825     0.0081  0.1479817 0.0000e+00
       2059      8.886    14.9402   2.956808     2.7936     2.6838     0.0081  0.1479817 0.0000e+00
       2060      9.034    14.9410   2.957054     2.7949     2.6838     0.0081  0.1479817 0.0000e+00
       2061      9.034    14.9415   2.957210     2.7936     2.6838     0.0081  0.1479817 0.0000e+00
       2062      9.034    14.9417   2.957310     2.7936     2.6838     0.0081  0.1479817 0.0000e+00
       2063      9.067    14.9420   2.957394     2.7924     2.6838     0.0081  0.1479817 0.0000e+00
       2064      9.092    14.9430   2.957479     2.7949     2.6838     0.0081  0.1479817 0.0000e+00
       2065      9.034    14.9437   2.957626     2.7949     2.6838     0.0081  0.1479817 0.0000e+00
       2066      9.191    14.9435   2.957751     2.7936     2.6850     0.0081  0.1479817 0.0000e+00
       2067      9.158    14.9437   2.957879     2.7936     2.6850     0.0081  0.1479817 0.0000e+00
       2068      9.158    14.9439   2.957845     2.7924     2.6850     0.0081  0.1479817 0.0000e+00
       2069      9.133    14.9435   2.957745     2.7961     2.6850     0.0081  0.1479817 0.0000e+00
       2070      9.281    14.9427   2.957261     2.7949     2.6850     0.0081  0.1479817 0.0000e+00
       2071      9.215    14.9420   2.956988     2.7936     2.6850     0.0081  0.1474933 0.0000e+00
       2072      9.257    14.9421   2.957231     2.7936     2.6850     0.0081  0.1479817 0.0000e+00
       2073      9.281    14.9418   2.957329     2.7936     2.6850     0.0081  0.1479817 0.0000e+00
       2074      9.281    14.9417   2.957367     2.7949     2.6862     0.0081  0.1479817 0.0000e+00
       2075      9.380    14.9411   2.957337     2.7949     2.6862     0.0081  0.1479817 0.0000e+00
       2076      9.339    14.9410   2.957171     2.7936     2.6862     0.0081  0.1479817 0.0000e+00
       2077      9.339    14.9410   2.957126     2.7936     2.6862     0.0079  0.1479817 0.0000e+00
       2078      9.380    14.9410   2.957066     2.7936     2.6862     0.0073  0.1470049 0.0000e+00
       2079      9.463    14.9408   2.957131     2.7949     2.6862     0.0071  0.1465165 0.0000e+00
       2080      9.397    14.9407   2.957135     2.7961     2.6862     0.0070  0.1470049 0.0000e+00
