data/2021/ctd_data_day3/station1a.cnv
* Sea-Bird SBE 9 Data File:
* FileName = C:\Users\CTD-User\Desktop\MAR440\day3\station1a.hex
* Software Version Seasave V 7.26.2.13
* Temperature SN = 6313
* Conductivity SN = 4758
* Number of Bytes Per Scan = 37
* Number of Voltage Words = 4
* Number of Scans Averaged by the Deck Unit = 1
* NMEA Latitude = 58 20.46 N
* NMEA Longitude = 011 53.94 E
* NMEA UTC (Time) = Sep 23 2021 08:23:54
* NMEA baud rate = 4800
** Ship: Skagerrak
** Station: station1a
** Operator: Jess
# nquan = 9
# nvalues = 3026                                  
# units = specified
# name 0 = scan: Scan Count
# name 1 = prDM: Pressure, Digiquartz [db]
# name 2 = t090C: Temperature [ITS-90, deg C]
# name 3 = c0S/m: Conductivity [S/m]
# name 4 = sbeox0V: Oxygen raw, SBE 43 [V]
# name 5 = sbeox1V: Oxygen raw, SBE 43, 2 [V]
# name 6 = flECO-AFL: Fluorescence, WET Labs ECO-AFL/FL [mg/m^3]
# name 7 = upoly0: Upoly 0, Turbidity
# name 8 = flag:  0.000e+00
# span 0 =          1,       3026                 
# span 1 =      1.106,     33.895                 
# span 2 =     7.9623,    15.7106                 
# span 3 =   2.731959,   3.468611                 
# span 4 =     0.4931,     2.8620                 
# span 5 =     0.5529,     2.7375                 
# span 6 =     0.0035,     0.0152                 
# span 7 =  0.0883968,  0.2354054                 
# span 8 = 0.0000e+00, 0.0000e+00                 
# interval = seconds: 0.0416667
# start_time = Sep 23 2021 08:23:54 [NMEA time, header]
# bad_flag = -9.990e-29
*END*
[from data line 2241]
       2242     19.153     8.4434   3.260382     0.9364     0.9046     0.0044  0.0947460  0.000e+00
       2243     19.153     8.4238   3.259397     0.9351     0.9009     0.0044  0.0952344  0.000e+00
       2244     19.211     8.4091   3.258579     0.9290     0.8973     0.0044  0.0947460  0.000e+00
       2245     19.260     8.3962   3.257578     0.9254     0.8936     0.0044  0.0947460  0.000e+00
       2246     19.211     8.3871   3.257108     0.9217     0.8887     0.0044  0.0952344  0.000e+00
       2247     19.268     8.3787   3.256525     0.9193     0.8851     0.0044  0.0947460  0.000e+00
       2248     19.268     8.3682   3.255764     0.9156     0.8814     0.0044  0.0952344  0.000e+00
       2249     19.334     8.3530   3.255106     0.9107     0.8777     0.0044  0.0952344  0.000e+00
       2250     19.334     8.3419   3.254483     0.9058     0.8741     0.0044  0.0952344  0.000e+00
       2251     19.392     8.3324   3.253705     0.9022     0.8692     0.0044  0.0952344  0.000e+00
       2252     19.334     8.3231   3.253276     0.8997     0.8668     0.0044  0.0952344  0.000e+00
       2253     19.392     8.3156   3.252824     0.8961     0.8631     0.0044  0.0952344  0.000e+00
       2254     19.458     8.3064   3.252544     0.8924     0.8594     0.0046  0.0971880  0.000e+00
       2255     19.441     8.2952   3.251961     0.8875     0.8558     0.0048  0.0981648  0.000e+00
       2256     19.458     8.2858   3.251337     0.8838     0.8509     0.0048  0.0986532  0.000e+00
       2257     19.458     8.2781   3.251103     0.8826     0.8472     0.0048  0.0986532  0.000e+00
       2258     19.516     8.2708   3.250571     0.8790     0.8436     0.0048  0.0986532  0.000e+00
       2259     19.516     8.2642   3.250331     0.8729     0.8399     0.0048  0.0981648  0.000e+00
       2260     19.573     8.2577   3.250000     0.8692     0.8362     0.0048  0.0986532  0.000e+00
       2261     19.573     8.2480   3.249800     0.8667     0.8338     0.0048  0.0986532  0.000e+00
       2262     19.573     8.2387   3.249703     0.8643     0.8301     0.0048  0.0981648  0.000e+00
       2263     19.639     8.2280   3.249005     0.8594     0.8265     0.0048  0.0986532  0.000e+00
       2264     19.689     8.2151   3.248125     0.8558     0.8228     0.0048  0.0981648  0.000e+00
       2265     19.639     8.2014   3.247593     0.8521     0.8191     0.0048  0.0986532  0.000e+00
       2266     19.697     8.1855   3.246851     0.8497     0.8155     0.0048  0.0981648  0.000e+00
       2267     19.697     8.1715   3.246056     0.8472     0.8130     0.0048  0.0981648  0.000e+00
       2268     19.763     8.1565   3.245222     0.8435     0.8094     0.0048  0.0981648  0.000e+00
       2269     19.763     8.1455   3.244319     0.8387     0.8057     0.0048  0.0981648  0.000e+00
       2270     19.763     8.1360   3.243759     0.8350     0.8033     0.0048  0.0986532  0.000e+00
       2271     19.821     8.1244   3.243297     0.8326     0.7996     0.0048  0.0986532  0.000e+00
       2272     19.821     8.1126   3.242646     0.8301     0.7971     0.0048  0.0986532  0.000e+00
       2273     19.821     8.1033   3.242172     0.8265     0.7935     0.0048  0.0981648  0.000e+00
       2274     19.870     8.0957   3.241709     0.8228     0.7898     0.0048  0.0981648  0.000e+00
       2275     19.944     8.0893   3.241321     0.8191     0.7874     0.0048  0.0981648  0.000e+00
       2276     19.887     8.0847   3.240944     0.8167     0.7849     0.0048  0.0986532  0.000e+00
       2277     19.944     8.0790   3.240892     0.8142     0.7813     0.0048  0.0981648  0.000e+00
       2278     19.944     8.0732   3.240664     0.8094     0.7776     0.0048  0.0986532  0.000e+00
       2279     20.002     8.0678   3.240384     0.8057     0.7752     0.0051  0.1035372  0.000e+00
       2280     20.002     8.0626   3.240207     0.8032     0.7727     0.0057  0.1133053  0.000e+00
       2281     20.002     8.0561   3.239636     0.8032     0.7703     0.0059  0.1162357  0.000e+00
       2282     20.068     8.0509   3.239305     0.7984     0.7666     0.0059  0.1162357  0.000e+00
       2283     20.068     8.0455   3.239191     0.7947     0.7642     0.0059  0.1157473  0.000e+00
       2284     20.068     8.0402   3.239031     0.7910     0.7617     0.0059  0.1157473  0.000e+00
       2285     20.175     8.0360   3.238814     0.7886     0.7593     0.0059  0.1157473  0.000e+00
       2286     20.126     8.0318   3.238620     0.7886     0.7569     0.0059  0.1157473  0.000e+00
       2287     20.126     8.0269   3.238397     0.7837     0.7532     0.0059  0.1157473  0.000e+00
       2288     20.192     8.0217   3.238078     0.7800     0.7520     0.0059  0.1157473  0.000e+00
       2289     20.249     8.0174   3.237901     0.7788     0.7495     0.0059  0.1157473  0.000e+00
       2290     20.192     8.0123   3.237695     0.7752     0.7459     0.0059  0.1157473  0.000e+00
       2291     20.249     8.0089   3.237570     0.7739     0.7446     0.0059  0.1157473  0.000e+00
       2292     20.307     8.0046   3.237256     0.7703     0.7410     0.0059  0.1157473  0.000e+00
       2293     20.249     7.9997   3.237204     0.7666     0.7398     0.0059  0.1157473  0.000e+00
       2294     20.373     7.9947   3.237085     0.7642     0.7373     0.0059  0.1157473  0.000e+00
       2295     20.307     7.9896   3.237022     0.7630     0.7349     0.0059  0.1157473  0.000e+00
       2296     20.422     7.9856   3.236702     0.7617     0.7324     0.0059  0.1157473  0.000e+00
       2297     20.373     7.9817   3.236622     0.7568     0.7300     0.0059  0.1157473  0.000e+00
       2298     20.373     7.9767   3.236765     0.7544     0.7288     0.0059  0.1157473  0.000e+00
       2299     20.431     7.9720   3.236788     0.7507     0.7263     0.0059  0.1157473  0.000e+00
       2300     20.497     7.9693   3.236845     0.7507     0.7239     0.0059  0.1152589  0.000e+00
       2301     20.431     7.9673   3.236954     0.7495     0.7214     0.0059  0.1157473  0.000e+00
       2302     20.554     7.9658   3.236919     0.7446     0.7202     0.0059  0.1157473  0.000e+00
       2303     20.497     7.9642   3.236902     0.7422     0.7178     0.0059  0.1157473  0.000e+00
       2304     20.554     7.9636   3.236942     0.7397     0.7166     0.0059  0.1162357  0.000e+00
       2305     20.554     7.9633   3.237068     0.7385     0.7141     0.0068  0.1289341  0.000e+00
       2306     20.620     7.9636   3.237171     0.7361     0.7117     0.0075  0.1362601  0.000e+00
       2307     20.620     7.9631   3.237193     0.7336     0.7104     0.0075  0.1377253  0.000e+00
       2308     20.662     7.9625   3.237502     0.7312     0.7092     0.0075  0.1367485  0.000e+00
       2309     20.620     7.9623   3.237713     0.7300     0.7068     0.0075  0.1367485  0.000e+00
       2310     20.678     7.9625   3.237930     0.7300     0.7056     0.0075  0.1367485  0.000e+00
       2311     20.736     7.9628   3.238056     0.7251     0.7043     0.0075  0.1367485  0.000e+00
       2312     20.678     7.9633   3.238233     0.7227     0.7019     0.0075  0.1367485  0.000e+00
       2313     20.802     7.9633   3.238392     0.7202     0.7007     0.0075  0.1367485  0.000e+00
       2314     20.736     7.9628   3.238541     0.7190     0.6982     0.0075  0.1367485  0.000e+00
       2315     20.802     7.9628   3.238712     0.7190     0.6970     0.0075  0.1367485  0.000e+00
       2316     20.802     7.9635   3.238929     0.7165     0.6958     0.0073  0.1367485  0.000e+00
       2317     20.859     7.9639   3.239078     0.7129     0.6946     0.0075  0.1367485  0.000e+00
       2318     20.859     7.9646   3.239152     0.7117     0.6921     0.0075  0.1367485  0.000e+00
       2319     20.859     7.9650   3.239432     0.7092     0.6909     0.0073  0.1367485  0.000e+00
       2320     20.925     7.9664   3.239746     0.7092     0.6897     0.0075  0.1367485  0.000e+00
       2321     20.967     7.9675   3.240129     0.7068     0.6885     0.0075  0.1362601  0.000e+00
       2322     20.925     7.9693   3.240608     0.7056     0.6860     0.0075  0.1367485  0.000e+00
       2323     20.983     7.9705   3.241088     0.7031     0.6848     0.0075  0.1367485  0.000e+00
       2324     20.983     7.9722   3.241505     0.7019     0.6836     0.0075  0.1367485  0.000e+00
       2325     20.983     7.9739   3.241836     0.7007     0.6824     0.0075  0.1367485  0.000e+00
       2326     21.041     7.9756   3.242265     0.6970     0.6811     0.0075  0.1367485  0.000e+00
       2327     21.107     7.9764   3.242607     0.6958     0.6799     0.0075  0.1367485  0.000e+00
       2328     21.041     7.9775   3.242813     0.6933     0.6787     0.0075  0.1367485  0.000e+00
       2329     21.107     7.9787   3.243099     0.6933     0.6775     0.0075  0.1367485  0.000e+00
       2330     21.107     7.9796   3.243470     0.6909     0.6763     0.0081  0.1450513  0.000e+00
       2331     21.164     7.9801   3.243813     0.6909     0.6750     0.0095  0.1611685  0.000e+00
       2332     21.164     7.9806   3.244070     0.6872     0.6738     0.0099  0.1665409  0.000e+00
       2333     21.230     7.9812   3.244390     0.6860     0.6726     0.0099  0.1665409  0.000e+00
       2334     21.156     7.9817   3.244767     0.6860     0.6714     0.0099  0.1655641  0.000e+00
       2335     21.288     7.9822   3.244887     0.6836     0.6701     0.0099  0.1650757  0.000e+00
       2336     21.230     7.9824   3.245070     0.6811     0.6689     0.0099  0.1650757  0.000e+00
       2337     21.288     7.9827   3.245464     0.6811     0.6677     0.0099  0.1650757  0.000e+00
       2338     21.354     7.9827   3.245682     0.6787     0.6665     0.0099  0.1655641  0.000e+00
       2339     21.288     7.9832   3.245962     0.6787     0.6653     0.0099  0.1655641  0.000e+00
       2340     21.354     7.9830   3.246024     0.6762     0.6640     0.0099  0.1655641  0.000e+00
       2341     21.412     7.9833   3.246219     0.6762     0.6640     0.0099  0.1650757  0.000e+00
       2342     21.354     7.9835   3.246596     0.6726     0.6616     0.0099  0.1655641  0.000e+00
       2343     21.470     7.9843   3.246922     0.6726     0.6604     0.0099  0.1655641  0.000e+00
       2344     21.412     7.9848   3.247099     0.6714     0.6604     0.0099  0.1655641  0.000e+00
       2345     21.470     7.9856   3.247293     0.6701     0.6592     0.0099  0.1655641  0.000e+00
       2346     21.470     7.9862   3.247682     0.6677     0.6579     0.0099  0.1655641  0.000e+00
       2347     21.470     7.9871   3.247968     0.6665     0.6567     0.0099  0.1655641  0.000e+00
       2348     21.535     7.9877   3.248065     0.6665     0.6555     0.0099  0.1655641  0.000e+00
       2349     21.519     7.9887   3.248174     0.6665     0.6555     0.0099  0.1655641  0.000e+00
       2350     21.593     7.9889   3.248408     0.6640     0.6543     0.0099  0.1655641  0.000e+00
       2351     21.593     7.9892   3.248528     0.6616     0.6531     0.0099  0.1655641  0.000e+00
       2352     21.659     7.9894   3.248580     0.6592     0.6531     0.0099  0.1655641  0.000e+00
       2353     21.593     7.9892   3.248854     0.6604     0.6518     0.0099  0.1650757  0.000e+00
       2354     21.659     7.9892   3.248934     0.6592     0.6506     0.0099  0.1650757  0.000e+00
       2355     21.717     7.9894   3.248968     0.6567     0.6494     0.0099  0.1655641  0.000e+00
       2356     21.659     7.9895   3.249111     0.6567     0.6494     0.0115  0.1860769  0.000e+00
       2357     21.783     7.9896   3.249311     0.6543     0.6482     0.0128  0.1992637  0.000e+00
       2358     21.717     7.9903   3.249346     0.6543     0.6482     0.0128  0.2017057  0.000e+00
       2359     21.783     7.9905   3.249466     0.6530     0.6469     0.0128  0.2007289  0.000e+00
       2360     21.783     7.9911   3.249551     0.6506     0.6457     0.0128  0.2002405  0.000e+00
       2361     21.783     7.9918   3.249729     0.6494     0.6445     0.0126  0.2002405  0.000e+00
       2362     21.841     7.9925   3.249843     0.6482     0.6445     0.0128  0.2002405  0.000e+00
       2363     21.840     7.9934   3.249917     0.6494     0.6433     0.0128  0.2002405  0.000e+00
       2364     21.898     7.9947   3.250301     0.6469     0.6433     0.0128  0.2002405  0.000e+00
       2365     21.898     7.9960   3.250649     0.6469     0.6421     0.0128  0.2002405  0.000e+00
       2366     21.948     7.9969   3.250815     0.6445     0.6408     0.0128  0.2002405  0.000e+00
       2367     21.898     7.9988   3.251130     0.6433     0.6408     0.0128  0.2002405  0.000e+00
       2368     21.964     8.0002   3.251581     0.6445     0.6396     0.0128  0.2002405  0.000e+00
       2369     22.022     8.0017   3.252010     0.6421     0.6384     0.0128  0.2002405  0.000e+00
       2370     21.964     8.0029   3.252382     0.6396     0.6384     0.0128  0.2002405  0.000e+00
       2371     22.022     8.0044   3.252605     0.6384     0.6372     0.0128  0.2002405  0.000e+00
       2372     22.088     8.0062   3.252891     0.6384     0.6372     0.0126  0.2002405  0.000e+00
       2373     22.022     8.0078   3.253286     0.6384     0.6360     0.0128  0.2002405  0.000e+00
       2374     22.146     8.0086   3.253543     0.6359     0.6360     0.0128  0.2002405  0.000e+00
       2375     22.088     8.0099   3.253732     0.6347     0.6347     0.0128  0.2002405  0.000e+00
       2376     22.146     8.0104   3.253949     0.6335     0.6347     0.0128  0.2002405  0.000e+00
       2377     22.146     8.0113   3.254298     0.6347     0.6335     0.0126  0.2002405  0.000e+00
       2378     22.203     8.0122   3.254590     0.6335     0.6323     0.0128  0.2002405  0.000e+00
       2379     22.203     8.0136   3.254727     0.6323     0.6323     0.0128  0.2002405  0.000e+00
       2380     22.203     8.0143   3.255013     0.6311     0.6323     0.0128  0.2002405  0.000e+00
       2381     22.203     8.0151   3.255236     0.6298     0.6311     0.0132  0.2051245  0.000e+00
       2382     22.327     8.0159   3.255391     0.6311     0.6311     0.0141  0.2183114  0.000e+00
       2383     22.269     8.0174   3.255809     0.6286     0.6298     0.0145  0.2227070  0.000e+00
       2384     22.327     8.0189   3.255975     0.6274     0.6286     0.0145  0.2227070  0.000e+00
       2385     22.319     8.0203   3.256284     0.6262     0.6286     0.0145  0.2222186  0.000e+00
       2386     22.327     8.0217   3.256415     0.6262     0.6286     0.0145  0.2217302  0.000e+00
       2387     22.393     8.0229   3.256861     0.6274     0.6274     0.0143  0.2217302  0.000e+00
       2388     22.393     8.0245   3.256861     0.6237     0.6274     0.0145  0.2222186  0.000e+00
       2389     22.451     8.0257   3.257411     0.6225     0.6262     0.0145  0.2222186  0.000e+00
       2390     22.393     8.0267   3.257645     0.6213     0.6262     0.0145  0.2217302  0.000e+00
       2391     22.517     8.0277   3.257777     0.6225     0.6250     0.0145  0.2217302  0.000e+00
       2392     22.451     8.0287   3.258075     0.6225     0.6250     0.0143  0.2217302  0.000e+00
       2393     22.517     8.0296   3.258281     0.6201     0.6250     0.0145  0.2217302  0.000e+00
       2394     22.517     8.0306   3.258876     0.6189     0.6237     0.0145  0.2217302  0.000e+00
       2395     22.574     8.0315   3.258899     0.6176     0.6237     0.0145  0.2217302  0.000e+00
       2396     22.574     8.0325   3.259162     0.6176     0.6225     0.0145  0.2217302  0.000e+00
       2397     22.574     8.0336   3.259334     0.6176     0.6225     0.0143  0.2217302  0.000e+00
       2398     22.632     8.0344   3.259420     0.6164     0.6213     0.0145  0.2222186  0.000e+00
       2399     22.632     8.0355   3.259912     0.6140     0.6213     0.0145  0.2217302  0.000e+00
       2400     22.632     8.0363   3.259975     0.6140     0.6213     0.0145  0.2217302  0.000e+00
