data/2021/ctd_data_day3/station6f_ctm.cnv
* Sea-Bird SBE 9 Data File:
* FileName = C:\Users\CTD-User\Desktop\MAR440\day3\station6f.hex
* Software Version Seasave V 7.26.2.13
* Temperature SN = 6313
* Conductivity SN = 4758
* Number of Bytes Per Scan = 37
* Number of Voltage Words = 4
* Number of Scans Averaged by the Deck Unit = 1
* NMEA Latitude = 58 18.97 N
* NMEA Longitude = 011 48.24 E
* NMEA UTC (Time) = Sep 23 2021 10:37:53
* NMEA baud rate = 4800
** Ship: Skagerrak
** Station: station6f
** Operator: Tor
# nquan = 9
# nvalues = 2508                        
# units = specified
# name 0 = scan: Scan Count
# name 1 = prDM: Pressure, Digiquartz [db]
# name 2 = t090C: Temperature [ITS-90, deg C]
# name 3 = c0S/m: Conductivity [S/m]
# name 4 = sbeox0V: Oxygen raw, SBE 43 [V]
# name 5 = sbeox1V: Oxygen raw, SBE 43, 2 [V]
# name 6 = flECO-AFL: Fluorescence, WET Labs ECO-AFL/FL [mg/m^3]
# name 7 = upoly0: Upoly 0, Turbidity
# name 8 = flag:  0.000e+00
# span 0 =          1,       2508       
# span 1 =      0.694,     27.246       
# span 2 =     8.7731,    15.8238       
# span 3 =   2.898393,   3.795176       
# span 4 =     1.0194,     2.7814       
# span 5 =     1.0328,     2.6996       
# span 6 =     0.0035,     0.0218       
# span 7 =  0.0864432,  0.1616569       
# span 8 = 0.0000e+00, 0.0000e+00       
# interval = seconds: 0.0416667
# start_time = Sep 23 2021 10:37:53 [NMEA time, header]
# bad_flag = -9.990e-29
*END*
          1      9.628    14.3748   2.898412     2.2527     1.9841     0.0068  0.1401673 0.0000e+00
          2      9.685    14.3761   2.898401     2.2527     1.9853     0.0068  0.1401673 0.0000e+00
          3      9.628    14.3769   2.898448     2.2527     1.9853     0.0068  0.1401673 0.0000e+00
          4      9.661    14.3783   2.898600     2.2527     1.9853     0.0068  0.1401673 0.0000e+00
          5      9.685    14.3793   2.898604     2.2527     1.9853     0.0068  0.1401673 0.0000e+00
          6      9.685    14.3804   2.898515     2.2527     1.9866     0.0068  0.1401673 0.0000e+00
          7      9.603    14.3815   2.898448     2.2515     1.9866     0.0068  0.1401673 0.0000e+00
          8      9.685    14.3827   2.898398     2.2515     1.9878     0.0068  0.1401673 0.0000e+00
          9      9.685    14.3842   2.898393     2.2515     1.9878     0.0068  0.1401673 0.0000e+00
         10      9.661    14.3855   2.898458     2.2527     1.9890     0.0068  0.1401673 0.0000e+00
         11      9.628    14.3874   2.898460     2.2527     1.9890     0.0068  0.1396789 0.0000e+00
         12      9.685    14.3899   2.898507     2.2527     1.9902     0.0068  0.1401673 0.0000e+00
         13      9.661    14.3930   2.898596     2.2527     1.9902     0.0068  0.1401673 0.0000e+00
         14      9.685    14.3974   2.898590     2.2527     1.9915     0.0068  0.1401673 0.0000e+00
         15      9.628    14.4016   2.898612     2.2527     1.9915     0.0068  0.1401673 0.0000e+00
         16      9.661    14.4050   2.898488     2.2527     1.9927     0.0068  0.1401673 0.0000e+00
         17      9.685    14.4078   2.898454     2.2527     1.9927     0.0068  0.1401673 0.0000e+00
         18      9.685    14.4099   2.898559     2.2527     1.9939     0.0068  0.1401673 0.0000e+00
         19      9.685    14.4115   2.898494     2.2527     1.9939     0.0068  0.1406557 0.0000e+00
         20      9.661    14.4144   2.898657     2.2515     1.9951     0.0073  0.1426093 0.0000e+00
         21      9.628    14.4191   2.898823     2.2527     1.9951     0.0073  0.1430977 0.0000e+00
         22      9.685    14.4252   2.898769     2.2527     1.9951     0.0073  0.1430977 0.0000e+00
         23      9.661    14.4317   2.898612     2.2527     1.9963     0.0073  0.1430977 0.0000e+00
         24      9.685    14.4392   2.898596     2.2527     1.9988     0.0073  0.1430977 0.0000e+00
         25      9.685    14.4472   2.898560     2.2527     1.9988     0.0073  0.1430977 0.0000e+00
         26      9.661    14.4566   2.898639     2.2527     1.9988     0.0073  0.1430977 0.0000e+00
         27      9.628    14.4672   2.898831     2.2527     2.0000     0.0073  0.1430977 0.0000e+00
         28      9.685    14.4787   2.899032     2.2540     2.0000     0.0073  0.1430977 0.0000e+00
         29      9.661    14.4902   2.899091     2.2540     2.0012     0.0068  0.1430977 0.0000e+00
         30      9.685    14.5016   2.898980     2.2540     2.0012     0.0073  0.1430977 0.0000e+00
         31      9.685    14.5115   2.898927     2.2540     2.0024     0.0073  0.1430977 0.0000e+00
         32      9.661    14.5204   2.898822     2.2540     2.0024     0.0073  0.1430977 0.0000e+00
         33      9.685    14.5283   2.898872     2.2540     2.0037     0.0073  0.1430977 0.0000e+00
         34      9.628    14.5351   2.898933     2.2540     2.0037     0.0073  0.1430977 0.0000e+00
         35      9.685    14.5418   2.899044     2.2540     2.0049     0.0073  0.1426093 0.0000e+00
         36      9.661    14.5478   2.899239     2.2540     2.0049     0.0073  0.1430977 0.0000e+00
         37      9.685    14.5532   2.899223     2.2540     2.0061     0.0073  0.1430977 0.0000e+00
         38      9.685    14.5583   2.899147     2.2540     2.0061     0.0073  0.1430977 0.0000e+00
         39      9.661    14.5623   2.899098     2.2552     2.0073     0.0073  0.1430977 0.0000e+00
         40      9.685    14.5657   2.899031     2.2540     2.0073     0.0073  0.1430977 0.0000e+00
         41      9.685    14.5682   2.899037     2.2552     2.0085     0.0073  0.1430977 0.0000e+00
         42      9.661    14.5702   2.899113     2.2552     2.0085     0.0073  0.1430977 0.0000e+00
         43      9.628    14.5719   2.899170     2.2552     2.0098     0.0073  0.1430977 0.0000e+00
         44      9.685    14.5736   2.899315     2.2552     2.0098     0.0073  0.1430977 0.0000e+00
         45      9.661    14.5746   2.899420     2.2552     2.0098     0.0081  0.1426093 0.0000e+00
         46      9.685    14.5758   2.899295     2.2564     2.0110     0.0088  0.1421209 0.0000e+00
         47      9.685    14.5767   2.899228     2.2552     2.0110     0.0088  0.1421209 0.0000e+00
         48      9.661    14.5775   2.899119     2.2564     2.0122     0.0088  0.1421209 0.0000e+00
         49      9.685    14.5782   2.899019     2.2564     2.0122     0.0088  0.1421209 0.0000e+00
         50      9.685    14.5790   2.899144     2.2564     2.0122     0.0088  0.1421209 0.0000e+00
         51      9.628    14.5802   2.899266     2.2576     2.0134     0.0088  0.1421209 0.0000e+00
         52      9.726    14.5813   2.899425     2.2576     2.0134     0.0088  0.1421209 0.0000e+00
         53      9.628    14.5832   2.899451     2.2576     2.0147     0.0088  0.1421209 0.0000e+00
         54      9.685    14.5851   2.899367     2.2576     2.0147     0.0088  0.1421209 0.0000e+00
         55      9.661    14.5871   2.899239     2.2576     2.0147     0.0088  0.1421209 0.0000e+00
         56      9.685    14.5895   2.899169     2.2576     2.0159     0.0088  0.1421209 0.0000e+00
         57      9.685    14.5921   2.899164     2.2576     2.0159     0.0088  0.1421209 0.0000e+00
         58      9.661    14.5946   2.899208     2.2576     2.0159     0.0088  0.1421209 0.0000e+00
         59      9.685    14.5973   2.899346     2.2576     2.0171     0.0088  0.1421209 0.0000e+00
         60      9.628    14.5999   2.899538     2.2576     2.0171     0.0082  0.1421209 0.0000e+00
         61      9.661    14.6023   2.899532     2.2589     2.0171     0.0088  0.1421209 0.0000e+00
         62      9.685    14.6044   2.899416     2.2576     2.0183     0.0088  0.1421209 0.0000e+00
         63      9.685    14.6063   2.899365     2.2576     2.0183     0.0088  0.1421209 0.0000e+00
         64      9.661    14.6081   2.899237     2.2576     2.0183     0.0088  0.1421209 0.0000e+00
         65      9.685    14.6098   2.899261     2.2576     2.0183     0.0082  0.1421209 0.0000e+00
         66      9.628    14.6108   2.899376     2.2589     2.0195     0.0088  0.1421209 0.0000e+00
         67      9.628    14.6120   2.899475     2.2589     2.0195     0.0088  0.1421209 0.0000e+00
         68      9.661    14.6125   2.899555     2.2576     2.0195     0.0088  0.1421209 0.0000e+00
         69      9.628    14.6119   2.899571     2.2589     2.0195     0.0088  0.1421209 0.0000e+00
         70      9.562    14.6107   2.899420     2.2589     2.0195     0.0082  0.1426093 0.0000e+00
         71      9.603    14.6066   2.899356     2.2576     2.0195     0.0081  0.1440745 0.0000e+00
         72      9.628    14.5999   2.899387     2.2576     2.0208     0.0075  0.1445629 0.0000e+00
         73      9.562    14.5878   2.899375     2.2576     2.0208     0.0075  0.1445629 0.0000e+00
         74      9.603    14.5669   2.899395     2.2576     2.0208     0.0075  0.1445629 0.0000e+00
         75      9.504    14.5421   2.899494     2.2576     2.0208     0.0075  0.1445629 0.0000e+00
         76      9.562    14.5152   2.899405     2.2576     2.0208     0.0075  0.1445629 0.0000e+00
         77      9.537    14.4895   2.899250     2.2576     2.0220     0.0075  0.1445629 0.0000e+00
         78      9.504    14.4718   2.899065     2.2576     2.0220     0.0075  0.1445629 0.0000e+00
         79      9.504    14.4562   2.898949     2.2576     2.0220     0.0075  0.1445629 0.0000e+00
         80      9.479    14.4417   2.898947     2.2576     2.0220     0.0075  0.1445629 0.0000e+00
         81      9.438    14.4320   2.899063     2.2576     2.0220     0.0075  0.1445629 0.0000e+00
         82      9.438    14.4243   2.899192     2.2576     2.0232     0.0075  0.1445629 0.0000e+00
         83      9.421    14.4197   2.899213     2.2576     2.0220     0.0075  0.1440745 0.0000e+00
         84      9.438    14.4146   2.899023     2.2576     2.0220     0.0075  0.1445629 0.0000e+00
         85      9.380    14.4079   2.898883     2.2576     2.0232     0.0075  0.1445629 0.0000e+00
         86      9.323    14.3999   2.898814     2.2576     2.0232     0.0075  0.1445629 0.0000e+00
         87      9.421    14.3943   2.898826     2.2564     2.0232     0.0075  0.1445629 0.0000e+00
         88      9.323    14.3918   2.898965     2.2564     2.0232     0.0075  0.1445629 0.0000e+00
         89      9.323    14.3930   2.899024     2.2564     2.0244     0.0075  0.1445629 0.0000e+00
         90      9.232    14.3963   2.898962     2.2564     2.0232     0.0075  0.1445629 0.0000e+00
         91      9.257    14.4007   2.898803     2.2564     2.0244     0.0075  0.1445629 0.0000e+00
         92      9.257    14.4059   2.898759     2.2564     2.0244     0.0075  0.1445629 0.0000e+00
         93      9.232    14.4126   2.898795     2.2564     2.0256     0.0075  0.1445629 0.0000e+00
         94      9.199    14.4215   2.899005     2.2564     2.0256     0.0075  0.1445629 0.0000e+00
         95      9.199    14.4311   2.899085     2.2564     2.0256     0.0075  0.1445629 0.0000e+00
         96      9.174    14.4407   2.899188     2.2564     2.0269     0.0075  0.1387021 0.0000e+00
         97      9.133    14.4509   2.899172     2.2564     2.0269     0.0075  0.1338181 0.0000e+00
         98      9.133    14.4696   2.899134     2.2564     2.0269     0.0075  0.1333297 0.0000e+00
         99      9.108    14.4972   2.899228     2.2564     2.0281     0.0075  0.1333297 0.0000e+00
        100      9.075    14.5262   2.899366     2.2564     2.0281     0.0075  0.1338181 0.0000e+00
        101      9.075    14.5426   2.899416     2.2564     2.0293     0.0075  0.1333297 0.0000e+00
        102      9.051    14.5515   2.899453     2.2564     2.0293     0.0075  0.1338181 0.0000e+00
        103      9.009    14.5711   2.899641     2.2564     2.0293     0.0075  0.1333297 0.0000e+00
        104      9.009    14.5874   2.899674     2.2564     2.0305     0.0075  0.1338181 0.0000e+00
        105      8.993    14.6033   2.899611     2.2564     2.0305     0.0075  0.1338181 0.0000e+00
        106      8.952    14.6183   2.899670     2.2564     2.0305     0.0075  0.1338181 0.0000e+00
        107      8.952    14.6272   2.899718     2.2564     2.0317     0.0075  0.1338181 0.0000e+00
        108      8.927    14.6307   2.899743     2.2564     2.0317     0.0075  0.1338181 0.0000e+00
        109      8.894    14.6323   2.899790     2.2576     2.0317     0.0075  0.1338181 0.0000e+00
        110      8.828    14.6318   2.899822     2.2576     2.0317     0.0075  0.1338181 0.0000e+00
        111      8.927    14.6272   2.899767     2.2576     2.0317     0.0075  0.1338181 0.0000e+00
        112      8.770    14.6255   2.899663     2.2576     2.0317     0.0075  0.1338181 0.0000e+00
        113      8.828    14.6063   2.899575     2.2576     2.0330     0.0075  0.1338181 0.0000e+00
        114      8.803    14.5775   2.899390     2.2576     2.0330     0.0075  0.1338181 0.0000e+00
        115      8.770    14.5750   2.899448     2.2589     2.0330     0.0075  0.1338181 0.0000e+00
        116      8.770    14.5891   2.899549     2.2589     2.0330     0.0075  0.1338181 0.0000e+00
        117      8.688    14.6051   2.899641     2.2589     2.0330     0.0075  0.1333297 0.0000e+00
        118      8.704    14.6222   2.899648     2.2589     2.0342     0.0075  0.1338181 0.0000e+00
        119      8.704    14.6081   2.899530     2.2589     2.0342     0.0075  0.1338181 0.0000e+00
        120      8.622    14.5728   2.899320     2.2589     2.0342     0.0075  0.1338181 0.0000e+00
        121      8.647    14.5376   2.899198     2.2589     2.0342     0.0075  0.1347949 0.0000e+00
        122      8.589    14.5067   2.899110     2.2589     2.0342     0.0075  0.1387021 0.0000e+00
        123      8.622    14.4838   2.899047     2.2589     2.0342     0.0075  0.1401673 0.0000e+00
        124      8.589    14.4650   2.899128     2.2589     2.0342     0.0075  0.1401673 0.0000e+00
        125      8.523    14.4480   2.899067     2.2601     2.0354     0.0073  0.1401673 0.0000e+00
        126      8.564    14.4342   2.898856     2.2601     2.0354     0.0075  0.1401673 0.0000e+00
        127      8.523    14.4325   2.898865     2.2589     2.0354     0.0075  0.1401673 0.0000e+00
        128      8.465    14.4445   2.898792     2.2589     2.0354     0.0075  0.1401673 0.0000e+00
        129      8.440    14.4520   2.898831     2.2589     2.0366     0.0075  0.1401673 0.0000e+00
        130      8.399    14.4682   2.898932     2.2601     2.0366     0.0075  0.1401673 0.0000e+00
        131      8.465    14.4972   2.899125     2.2601     2.0366     0.0075  0.1401673 0.0000e+00
        132      8.375    14.5204   2.899389     2.2601     2.0366     0.0075  0.1401673 0.0000e+00
        133      8.342    14.5292   2.899305     2.2601     2.0379     0.0075  0.1401673 0.0000e+00
        134      8.342    14.5527   2.899323     2.2601     2.0391     0.0075  0.1401673 0.0000e+00
        135      8.317    14.5739   2.899414     2.2601     2.0391     0.0075  0.1396789 0.0000e+00
        136      8.342    14.5664   2.899453     2.2601     2.0391     0.0075  0.1401673 0.0000e+00
        137      8.276    14.5603   2.899449     2.2589     2.0403     0.0075  0.1401673 0.0000e+00
        138      8.259    14.5694   2.899394     2.2589     2.0403     0.0075  0.1401673 0.0000e+00
        139      8.218    14.5815   2.899575     2.2601     2.0403     0.0075  0.1401673 0.0000e+00
        140      8.276    14.5884   2.899473     2.2601     2.0415     0.0075  0.1401673 0.0000e+00
        141      8.193    14.6075   2.899500     2.2589     2.0427     0.0075  0.1401673 0.0000e+00
        142      8.160    14.6294   2.899511     2.2589     2.0427     0.0075  0.1401673 0.0000e+00
        143      8.094    14.6324   2.899551     2.2601     2.0440     0.0073  0.1401673 0.0000e+00
        144      8.135    14.6355   2.899581     2.2589     2.0440     0.0075  0.1401673 0.0000e+00
        145      8.094    14.6451   2.899768     2.2589     2.0452     0.0075  0.1396789 0.0000e+00
        146      8.094    14.6551   2.899923     2.2589     2.0452     0.0075  0.1401673 0.0000e+00
        147      8.070    14.6658   2.899905     2.2589     2.0464     0.0075  0.1430977 0.0000e+00
        148      8.037    14.6760   2.899787     2.2589     2.0476     0.0075  0.1450513 0.0000e+00
        149      7.971    14.6890   2.899811     2.2576     2.0476     0.0075  0.1455397 0.0000e+00
        150      8.012    14.7094   2.899813     2.2589     2.0488     0.0075  0.1455397 0.0000e+00
        151      7.971    14.7253   2.900007     2.2589     2.0501     0.0075  0.1455397 0.0000e+00
        152      7.971    14.7353   2.900106     2.2589     2.0501     0.0075  0.1455397 0.0000e+00
        153      7.888    14.7383   2.900166     2.2589     2.0513     0.0075  0.1455397 0.0000e+00
        154      7.913    14.7433   2.900175     2.2576     2.0513     0.0075  0.1455397 0.0000e+00
        155      7.830    14.7453   2.900127     2.2576     2.0537     0.0075  0.1455397 0.0000e+00
        156      7.913    14.7243   2.899882     2.2576     2.0537     0.0075  0.1455397 0.0000e+00
        157      7.789    14.6844   2.899762     2.2576     2.0549     0.0075  0.1455397 0.0000e+00
        158      7.830    14.6519   2.899676     2.2576     2.0562     0.0075  0.1455397 0.0000e+00
        159      7.789    14.6358   2.899670     2.2576     2.0562     0.0075  0.1455397 0.0000e+00
        160      7.789    14.6215   2.899683     2.2576     2.0574     0.0075  0.1455397 0.0000e+00
