data/2021/ctd_data_day3/station9i_ctm_fil.cnv
* Sea-Bird SBE 9 Data File:
* FileName = C:\Users\CTD-User\Desktop\MAR440\day3\station9i.hex
* Software Version Seasave V 7.26.2.13
* Temperature SN = 6313
* Conductivity SN = 4758
* Number of Bytes Per Scan = 37
* Number of Voltage Words = 4
* Number of Scans Averaged by the Deck Unit = 1
* NMEA Latitude = 58 20.28 N
* NMEA Longitude = 011 53.28 E
* NMEA UTC (Time) = Sep 23 2021 11:50:13
* NMEA baud rate = 4800
** Ship: Skagerrak
** Station: station9i
** Operator: Johan
# nquan = 9
# nvalues = 5713                        
# units = specified
# name 0 = scan: Scan Count
# name 1 = prDM: Pressure, Digiquartz [db]
# name 2 = t090C: Temperature [ITS-90, deg C]
# name 3 = c0S/m: Conductivity [S/m]
# name 4 = sbeox0V: Oxygen raw, SBE 43 [V]
# name 5 = sbeox1V: Oxygen raw, SBE 43, 2 [V]
# name 6 = flECO-AFL: Fluorescence, WET Labs ECO-AFL/FL [mg/m^3]
# name 7 = upoly0: Upoly 0, Turbidity
# name 8 = flag:  0.000e+00
# span 0 =          1,       5713       
# span 1 =      0.076,     39.053       
# span 2 =     7.9833,    15.6491       
# span 3 =  -0.000767,   3.465597       
# span 4 =     0.4811,     2.9326       
# span 5 =     0.5431,     2.7878       
# span 6 =     0.0024,     0.2439       
# span 7 =  0.0808790,  0.7693001       
# span 8 = 0.0000e+00, 0.0000e+00       
# interval = seconds: 0.0416667
# start_time = Sep 23 2021 11:50:13 [NMEA time, header]
# bad_flag = -9.990e-29
*END*
          1      0.283    12.8436   0.000131     2.9284     2.7740     0.2438  0.7616420 0.0000e+00
          2      0.283    12.8438   0.000130     2.9285     2.7740     0.2438  0.7616611 0.0000e+00
          3      0.283    12.8440   0.000129     2.9285     2.7740     0.2438  0.7616794 0.0000e+00
          4      0.283    12.8443   0.000129     2.9285     2.7740     0.2438  0.7616961 0.0000e+00
          5      0.283    12.8445   0.000130     2.9286     2.7740     0.2438  0.7617114 0.0000e+00
          6      0.283    12.8448   0.000129     2.9286     2.7740     0.2438  0.7617254 0.0000e+00
          7      0.283    12.8450   0.000128     2.9287     2.7740     0.2438  0.7617381 0.0000e+00
          8      0.283    12.8453   0.000126     2.9287     2.7740     0.2438  0.7617498 0.0000e+00
          9      0.283    12.8456   0.000125     2.9287     2.7740     0.2438  0.7617603 0.0000e+00
         10      0.283    12.8459   0.000125     2.9287     2.7740     0.2438  0.7617699 0.0000e+00
         11      0.283    12.8462   0.000126     2.9288     2.7740     0.2438  0.7617786 0.0000e+00
         12      0.282    12.8466   0.000126     2.9288     2.7740     0.2438  0.7617864 0.0000e+00
         13      0.282    12.8469   0.000126     2.9288     2.7740     0.2438  0.7617935 0.0000e+00
         14      0.282    12.8472   0.000127     2.9287     2.7740     0.2438  0.7617998 0.0000e+00
         15      0.282    12.8476   0.000129     2.9287     2.7740     0.2438  0.7618053 0.0000e+00
         16      0.282    12.8479   0.000132     2.9287     2.7740     0.2438  0.7618103 0.0000e+00
         17      0.282    12.8483   0.000136     2.9287     2.7740     0.2438  0.7618145 0.0000e+00
         18      0.282    12.8486   0.000140     2.9287     2.7740     0.2438  0.7618182 0.0000e+00
         19      0.282    12.8490   0.000145     2.9287     2.7740     0.2438  0.7618213 0.0000e+00
         20      0.282    12.8494   0.000151     2.9287     2.7740     0.2438  0.7618239 0.0000e+00
         21      0.282    12.8497   0.000156     2.9287     2.7740     0.2438  0.7618259 0.0000e+00
         22      0.281    12.8501   0.000160     2.9288     2.7740     0.2438  0.7618273 0.0000e+00
         23      0.281    12.8504   0.000165     2.9288     2.7740     0.2438  0.7618283 0.0000e+00
         24      0.281    12.8508   0.000168     2.9288     2.7740     0.2438  0.7618288 0.0000e+00
         25      0.281    12.8512   0.000170     2.9287     2.7740     0.2438  0.7618296 0.0000e+00
         26      0.281    12.8515   0.000172     2.9287     2.7740     0.2438  0.7618316 0.0000e+00
         27      0.281    12.8519   0.000172     2.9287     2.7740     0.2438  0.7618340 0.0000e+00
         28      0.281    12.8523   0.000172     2.9287     2.7740     0.2438  0.7618359 0.0000e+00
         29      0.281    12.8526   0.000172     2.9287     2.7740     0.2438  0.7618374 0.0000e+00
         30      0.281    12.8530   0.000173     2.9287     2.7740     0.2438  0.7618384 0.0000e+00
         31      0.281    12.8534   0.000176     2.9287     2.7740     0.2438  0.7618390 0.0000e+00
         32      0.281    12.8537   0.000179     2.9287     2.7740     0.2438  0.7618391 0.0000e+00
         33      0.281    12.8541   0.000182     2.9287     2.7740     0.2438  0.7618397 0.0000e+00
         34      0.281    12.8544   0.000186     2.9287     2.7740     0.2438  0.7618424 0.0000e+00
         35      0.281    12.8548   0.000189     2.9287     2.7740     0.2438  0.7618472 0.0000e+00
         36      0.281    12.8552   0.000190     2.9287     2.7740     0.2438  0.7618534 0.0000e+00
         37      0.280    12.8555   0.000191     2.9287     2.7740     0.2438  0.7618609 0.0000e+00
         38      0.280    12.8559   0.000192     2.9287     2.7740     0.2438  0.7618690 0.0000e+00
         39      0.280    12.8562   0.000193     2.9287     2.7740     0.2438  0.7618768 0.0000e+00
         40      0.280    12.8566   0.000194     2.9287     2.7740     0.2438  0.7618845 0.0000e+00
         41      0.280    12.8570   0.000196     2.9287     2.7740     0.2438  0.7618921 0.0000e+00
         42      0.280    12.8573   0.000198     2.9287     2.7740     0.2438  0.7618996 0.0000e+00
         43      0.279    12.8577   0.000200     2.9287     2.7740     0.2438  0.7619071 0.0000e+00
         44      0.279    12.8580   0.000202     2.9287     2.7740     0.2438  0.7619155 0.0000e+00
         45      0.279    12.8584   0.000202     2.9287     2.7740     0.2438  0.7619257 0.0000e+00
         46      0.279    12.8587   0.000202     2.9287     2.7740     0.2438  0.7619378 0.0000e+00
         47      0.279    12.8591   0.000201     2.9287     2.7740     0.2438  0.7619518 0.0000e+00
         48      0.279    12.8595   0.000199     2.9287     2.7740     0.2438  0.7619671 0.0000e+00
         49      0.279    12.8598   0.000198     2.9287     2.7740     0.2438  0.7619836 0.0000e+00
         50      0.279    12.8602   0.000196     2.9287     2.7740     0.2438  0.7620024 0.0000e+00
         51      0.279    12.8605   0.000195     2.9287     2.7740     0.2438  0.7620228 0.0000e+00
         52      0.279    12.8609   0.000195     2.9287     2.7740     0.2438  0.7620440 0.0000e+00
         53      0.279    12.8613   0.000195     2.9287     2.7740     0.2438  0.7620653 0.0000e+00
         54      0.279    12.8616   0.000195     2.9287     2.7740     0.2438  0.7620852 0.0000e+00
         55      0.279    12.8620   0.000195     2.9287     2.7741     0.2438  0.7621031 0.0000e+00
         56      0.279    12.8623   0.000197     2.9287     2.7741     0.2438  0.7621189 0.0000e+00
         57      0.279    12.8626   0.000199     2.9287     2.7741     0.2438  0.7621329 0.0000e+00
         58      0.278    12.8630   0.000201     2.9287     2.7741     0.2438  0.7621450 0.0000e+00
         59      0.278    12.8633   0.000203     2.9287     2.7741     0.2438  0.7621555 0.0000e+00
         60      0.278    12.8637   0.000203     2.9286     2.7741     0.2438  0.7621643 0.0000e+00
         61      0.278    12.8640   0.000205     2.9286     2.7741     0.2438  0.7621716 0.0000e+00
         62      0.278    12.8644   0.000207     2.9286     2.7741     0.2438  0.7621774 0.0000e+00
         63      0.278    12.8647   0.000210     2.9286     2.7741     0.2438  0.7621817 0.0000e+00
         64      0.278    12.8650   0.000211     2.9286     2.7740     0.2438  0.7621845 0.0000e+00
         65      0.277    12.8654   0.000211     2.9286     2.7740     0.2438  0.7621859 0.0000e+00
         66      0.277    12.8657   0.000209     2.9286     2.7740     0.2438  0.7621859 0.0000e+00
         67      0.277    12.8660   0.000206     2.9286     2.7740     0.2438  0.7621845 0.0000e+00
         68      0.277    12.8664   0.000203     2.9286     2.7740     0.2438  0.7621816 0.0000e+00
         69      0.277    12.8667   0.000201     2.9286     2.7740     0.2438  0.7621773 0.0000e+00
         70      0.277    12.8670   0.000199     2.9286     2.7740     0.2438  0.7621715 0.0000e+00
         71      0.277    12.8673   0.000196     2.9286     2.7740     0.2438  0.7621643 0.0000e+00
         72      0.277    12.8676   0.000193     2.9286     2.7740     0.2438  0.7621554 0.0000e+00
         73      0.277    12.8680   0.000191     2.9286     2.7740     0.2438  0.7621449 0.0000e+00
         74      0.277    12.8683   0.000189     2.9286     2.7740     0.2438  0.7621327 0.0000e+00
         75      0.276    12.8686   0.000186     2.9286     2.7740     0.2438  0.7621188 0.0000e+00
         76      0.276    12.8689   0.000183     2.9286     2.7740     0.2439  0.7621029 0.0000e+00
         77      0.276    12.8692   0.000179     2.9286     2.7740     0.2438  0.7620859 0.0000e+00
         78      0.276    12.8695   0.000175     2.9287     2.7740     0.2438  0.7620693 0.0000e+00
         79      0.275    12.8698   0.000172     2.9287     2.7740     0.2438  0.7620540 0.0000e+00
         80      0.275    12.8701   0.000170     2.9287     2.7740     0.2438  0.7620396 0.0000e+00
         81      0.275    12.8703   0.000169     2.9287     2.7740     0.2438  0.7620263 0.0000e+00
         82      0.275    12.8706   0.000168     2.9287     2.7740     0.2438  0.7620138 0.0000e+00
         83      0.275    12.8709   0.000167     2.9287     2.7740     0.2438  0.7620021 0.0000e+00
         84      0.275    12.8712   0.000166     2.9287     2.7740     0.2438  0.7619911 0.0000e+00
         85      0.275    12.8715   0.000165     2.9287     2.7740     0.2438  0.7619807 0.0000e+00
         86      0.275    12.8718   0.000164     2.9287     2.7740     0.2438  0.7619708 0.0000e+00
         87      0.275    12.8721   0.000164     2.9287     2.7740     0.2438  0.7619615 0.0000e+00
         88      0.275    12.8723   0.000165     2.9287     2.7740     0.2438  0.7619526 0.0000e+00
         89      0.275    12.8726   0.000165     2.9287     2.7740     0.2438  0.7619440 0.0000e+00
         90      0.275    12.8729   0.000165     2.9287     2.7740     0.2438  0.7619357 0.0000e+00
         91      0.275    12.8732   0.000166     2.9286     2.7740     0.2438  0.7619277 0.0000e+00
         92      0.275    12.8735   0.000167     2.9286     2.7740     0.2438  0.7619199 0.0000e+00
         93      0.274    12.8738   0.000169     2.9286     2.7740     0.2438  0.7619122 0.0000e+00
         94      0.274    12.8740   0.000170     2.9286     2.7740     0.2438  0.7619045 0.0000e+00
         95      0.274    12.8743   0.000170     2.9286     2.7740     0.2438  0.7618978 0.0000e+00
         96      0.274    12.8746   0.000172     2.9286     2.7740     0.2438  0.7618927 0.0000e+00
         97      0.274    12.8749   0.000174     2.9287     2.7740     0.2438  0.7618884 0.0000e+00
         98      0.274    12.8751   0.000175     2.9287     2.7740     0.2438  0.7618840 0.0000e+00
         99      0.274    12.8754   0.000176     2.9287     2.7740     0.2438  0.7618804 0.0000e+00
        100      0.274    12.8757   0.000177     2.9287     2.7740     0.2438  0.7618783 0.0000e+00
        101      0.273    12.8759   0.000178     2.9287     2.7740     0.2438  0.7618768 0.0000e+00
        102      0.273    12.8762   0.000179     2.9287     2.7740     0.2438  0.7618753 0.0000e+00
        103      0.273    12.8765   0.000179     2.9287     2.7740     0.2439  0.7618735 0.0000e+00
        104      0.273    12.8767   0.000178     2.9287     2.7740     0.2439  0.7618716 0.0000e+00
        105      0.273    12.8770   0.000176     2.9287     2.7740     0.2439  0.7618694 0.0000e+00
        106      0.272    12.8773   0.000176     2.9287     2.7740     0.2439  0.7618671 0.0000e+00
        107      0.272    12.8776   0.000175     2.9287     2.7740     0.2439  0.7618644 0.0000e+00
        108      0.272    12.8778   0.000173     2.9287     2.7740     0.2439  0.7618616 0.0000e+00
        109      0.272    12.8781   0.000171     2.9287     2.7740     0.2439  0.7618593 0.0000e+00
        110      0.272    12.8783   0.000170     2.9287     2.7740     0.2439  0.7618593 0.0000e+00
        111      0.272    12.8786   0.000170     2.9288     2.7740     0.2439  0.7618615 0.0000e+00
        112      0.271    12.8789   0.000169     2.9288     2.7740     0.2439  0.7618643 0.0000e+00
        113      0.271    12.8791   0.000168     2.9288     2.7740     0.2439  0.7618668 0.0000e+00
        114      0.271    12.8794   0.000168     2.9288     2.7740     0.2439  0.7618691 0.0000e+00
        115      0.271    12.8796   0.000169     2.9288     2.7740     0.2439  0.7618712 0.0000e+00
        116      0.271    12.8799   0.000171     2.9288     2.7740     0.2439  0.7618731 0.0000e+00
        117      0.271    12.8801   0.000174     2.9288     2.7740     0.2439  0.7618748 0.0000e+00
        118      0.271    12.8804   0.000177     2.9288     2.7740     0.2439  0.7618763 0.0000e+00
        119      0.271    12.8806   0.000181     2.9288     2.7740     0.2439  0.7618776 0.0000e+00
        120      0.271    12.8809   0.000185     2.9288     2.7740     0.2439  0.7618788 0.0000e+00
        121      0.270    12.8811   0.000189     2.9288     2.7740     0.2439  0.7618798 0.0000e+00
        122      0.270    12.8813   0.000192     2.9288     2.7740     0.2439  0.7618806 0.0000e+00
        123      0.270    12.8816   0.000197     2.9288     2.7740     0.2439  0.7618813 0.0000e+00
        124      0.269    12.8818   0.000201     2.9287     2.7740     0.2439  0.7618819 0.0000e+00
        125      0.269    12.8821   0.000205     2.9287     2.7740     0.2439  0.7618824 0.0000e+00
        126      0.269    12.8823   0.000208     2.9287     2.7740     0.2439  0.7618827 0.0000e+00
        127      0.269    12.8825   0.000210     2.9287     2.7740     0.2439  0.7618829 0.0000e+00
        128      0.269    12.8828   0.000211     2.9287     2.7740     0.2439  0.7618829 0.0000e+00
        129      0.268    12.8830   0.000210     2.9286     2.7740     0.2438  0.7618828 0.0000e+00
        130      0.268    12.8833   0.000208     2.9286     2.7740     0.2438  0.7618826 0.0000e+00
        131      0.268    12.8835   0.000206     2.9286     2.7740     0.2438  0.7618823 0.0000e+00
        132      0.268    12.8838   0.000205     2.9286     2.7740     0.2438  0.7618819 0.0000e+00
        133      0.268    12.8840   0.000205     2.9286     2.7740     0.2439  0.7618813 0.0000e+00
        134      0.268    12.8842   0.000204     2.9286     2.7740     0.2438  0.7618805 0.0000e+00
        135      0.268    12.8845   0.000204     2.9286     2.7740     0.2438  0.7618797 0.0000e+00
        136      0.268    12.8847   0.000205     2.9286     2.7740     0.2438  0.7618787 0.0000e+00
        137      0.268    12.8850   0.000206     2.9286     2.7740     0.2439  0.7618775 0.0000e+00
        138      0.268    12.8852   0.000208     2.9286     2.7740     0.2438  0.7618762 0.0000e+00
        139      0.268    12.8855   0.000209     2.9286     2.7740     0.2438  0.7618746 0.0000e+00
        140      0.268    12.8857   0.000208     2.9286     2.7740     0.2438  0.7618729 0.0000e+00
        141      0.268    12.8860   0.000206     2.9286     2.7740     0.2438  0.7618719 0.0000e+00
        142      0.268    12.8862   0.000204     2.9286     2.7740     0.2438  0.7618724 0.0000e+00
        143      0.268    12.8865   0.000202     2.9286     2.7740     0.2438  0.7618735 0.0000e+00
        144      0.268    12.8867   0.000201     2.9286     2.7740     0.2438  0.7618744 0.0000e+00
        145      0.268    12.8870   0.000201     2.9286     2.7739     0.2438  0.7618751 0.0000e+00
        146      0.267    12.8872   0.000200     2.9286     2.7739     0.2438  0.7618756 0.0000e+00
        147      0.267    12.8874   0.000199     2.9286     2.7739     0.2438  0.7618760 0.0000e+00
        148      0.267    12.8877   0.000197     2.9286     2.7739     0.2438  0.7618762 0.0000e+00
        149      0.267    12.8879   0.000196     2.9286     2.7739     0.2438  0.7618762 0.0000e+00
        150      0.266    12.8882   0.000195     2.9285     2.7739     0.2438  0.7618760 0.0000e+00
        151      0.266    12.8884   0.000193     2.9285     2.7739     0.2438  0.7618757 0.0000e+00
        152      0.266    12.8887   0.000192     2.9286     2.7739     0.2438  0.7618752 0.0000e+00
        153      0.266    12.8889   0.000194     2.9286     2.7739     0.2438  0.7618745 0.0000e+00
        154      0.266    12.8892   0.000195     2.9285     2.7739     0.2438  0.7618736 0.0000e+00
        155      0.266    12.8894   0.000196     2.9285     2.7739     0.2438  0.7618726 0.0000e+00
        156      0.265    12.8896   0.000198     2.9286     2.7740     0.2438  0.7618713 0.0000e+00
        157      0.265    12.8899   0.000201     2.9286     2.7740     0.2438  0.7618698 0.0000e+00
        158      0.265    12.8901   0.000204     2.9286     2.7740     0.2438  0.7618682 0.0000e+00
        159      0.265    12.8903   0.000205     2.9286     2.7740     0.2438  0.7618663 0.0000e+00
        160      0.264    12.8906   0.000204     2.9285     2.7740     0.2438  0.7618650 0.0000e+00
