data/2021/ctd_data_day3/station5e_ctm_fil_le_der.cnv
* Sea-Bird SBE 9 Data File:
* FileName = C:\Users\CTD-User\Desktop\MAR440\day3\station5e.hex
* Software Version Seasave V 7.26.2.13
* Temperature SN = 6313
* Conductivity SN = 4758
* Number of Bytes Per Scan = 37
* Number of Voltage Words = 4
* Number of Scans Averaged by the Deck Unit = 1
* NMEA Latitude = 58 19.40 N
* NMEA Longitude = 011 49.94 E
* NMEA UTC (Time) = Sep 23 2021 10:10:37
* NMEA baud rate = 4800
** Ship: Skagerrak
** Station: station5e
** Operator: Tor
# nquan = 13                                
# nvalues = 1576                        
# units = specified
# name 0 = scan: Scan Count
# name 1 = prDM: Pressure, Digiquartz [db]
# name 2 = t090C: Temperature [ITS-90, deg C]
# name 3 = c0S/m: Conductivity [S/m]
# name 4 = sbeox0V: Oxygen raw, SBE 43 [V]
# name 5 = sbeox1V: Oxygen raw, SBE 43, 2 [V]
# name 6 = flECO-AFL: Fluorescence, WET Labs ECO-AFL/FL [mg/m^3]
# name 7 = upoly0: Upoly 0, Turbidity
# name 8 = depSM: Depth [salt water, m], lat = 58.3233
# name 9 = sal00: Salinity, Practical [PSU]
# name 10 = sbeox0ML/L: Oxygen, SBE 43 [ml/l], WS = 2
# name 11 = sbeox1ML/L: Oxygen, SBE 43, 2 [ml/l], WS = 2
# name 12 = flag: flag
# span 0 =          1,       1576       
# span 1 =      0.452,     15.263       
# span 2 =    13.3677,    15.1846       
# span 3 =   2.949086,   3.431206       
# span 4 =     1.4032,     2.7953       
# span 5 =     1.4594,     2.6995       
# span 6 =     0.0040,     0.0090       
# span 7 =  0.0913729,  0.1588100       
# span 8 =      0.448,     15.121       
# span 9 =    23.1244,    28.3609       
# span 10 =     2.4865,     6.8040      
# span 11 =     2.3120,     5.6932      
# span 12 = 0.0000e+00, 0.0000e+00      
# interval = seconds: 0.0416667
# start_time = Sep 23 2021 10:10:37 [NMEA time, header]
# bad_flag = -9.990e-29
*END*
[from data line 1445]
       1446     14.523    13.7691   3.413729     1.6875     1.6168     0.0046  0.0920060     14.388    27.9997     2.6690     2.3672 0.0000e+00
       1447     14.535    13.7704   3.413425     1.6818     1.6120     0.0046  0.0919890     14.399    27.9960     2.6616     2.3628 0.0000e+00
       1448     14.547    13.7730   3.413113     1.6762     1.6073     0.0046  0.0919733     14.411    27.9913     2.6545     2.3587 0.0000e+00
       1449     14.558    13.7768   3.412785     1.6707     1.6027     0.0046  0.0919586     14.422    27.9855     2.6476     2.3548 0.0000e+00
       1450     14.569    13.7814   3.412439     1.6653     1.5981     0.0046  0.0919441     14.433    27.9790     2.6410     2.3509 0.0000e+00
       1451     14.580    13.7864   3.412069     1.6599     1.5936     0.0046  0.0919288     14.444    27.9720     2.6343     2.3472 0.0000e+00
       1452     14.591    13.7911   3.411671     1.6546     1.5891     0.0046  0.0919135     14.455    27.9650     2.6278     2.3436 -9.990e-29
       1453     14.601    13.7952   3.411245     1.6493     1.5847     0.0046  0.0918979     14.465    27.9581     2.6214     2.3402 -9.990e-29
       1454     14.610    13.7984   3.410790     1.6441     1.5804     0.0046  0.0918813     14.474    27.9517     2.6152     2.3370 -9.990e-29
       1455     14.619    13.8006   3.410310     1.6390     1.5762     0.0046  0.0918642     14.483    27.9457     2.6092     2.3341 -9.990e-29
       1456     14.628    13.8020   3.409811     1.6339     1.5720     0.0046  0.0918475     14.492    27.9402     2.6032     2.3313 -9.990e-29
       1457     14.637    13.8028   3.409297     1.6289     1.5679     0.0046  0.0918301     14.500    27.9349     2.5974     2.3287 -9.990e-29
       1458     14.645    13.8033   3.408763     1.6240     1.5639     0.0046  0.0918104     14.508    27.9297     2.5919     2.3263 -9.990e-29
       1459     14.653    13.8039   3.408202     1.6191     1.5599     0.0046  0.0917880     14.516    27.9242     2.5864     2.3240 -9.990e-29
       1460     14.660    13.8048   3.407604     1.6143     1.5560     0.0046  0.0917646     14.523    27.9181     2.5811     2.3220 -9.990e-29
       1461     14.668    13.8060   3.406962     1.6095     1.5521     0.0046  0.0917408     14.531    27.9114     2.5757     2.3199 -9.990e-29
       1462     14.675    13.8078   3.406270     1.6048     1.5484     0.0046  0.0917165     14.538    27.9038     2.5706     2.3184 -9.990e-29
       1463     14.682    13.8102   3.405523     1.6002     1.5447     0.0046  0.0916915     14.545    27.8953     2.5658     2.3169 -9.990e-29
       1464     14.689    13.8133   3.404715     1.5956     1.5410     0.0046  0.0916657     14.552    27.8857     2.5610     2.3155 -9.990e-29
       1465     14.696    13.8173   3.403843     1.5911     1.5374     0.0048  0.0916396     14.559    27.8749     2.5563     2.3143 -9.990e-29
       1466     14.703    13.8222   3.402908     1.5867     1.5339     0.0048  0.0916149     14.566    27.8628     2.5520     2.3134 -9.990e-29
       1467     14.710    13.8279   3.401922     1.5823     1.5305     0.0048  0.0915922     14.573    27.8498     2.5476     2.3128 -9.990e-29
       1468     14.717    13.8338   3.400919     1.5780     1.5271     0.0048  0.0915713     14.580    27.8364     2.5434     2.3123 -9.990e-29
       1469     14.723    13.8392   3.399930     1.5737     1.5238     0.0048  0.0915522     14.586    27.8235     2.5392     2.3120 -9.990e-29
       1470     14.729    13.8441   3.398973     1.5695     1.5206     0.0048  0.0915346     14.592    27.8113     2.5352     2.3121 -9.990e-29
       1471     14.735    13.8483   3.398053     1.5653     1.5174     0.0048  0.0915184     14.598    27.7999     2.5313     2.3122 -9.990e-29
       1472     14.741    13.8517   3.397174     1.5612     1.5143     0.0048  0.0915036     14.603    27.7895     2.5275     2.3127 -9.990e-29
       1473     14.747    13.8540   3.396345     1.5572     1.5113     0.0048  0.0914900     14.609    27.7803     2.5240     2.3135 -9.990e-29
       1474     14.753    13.8552   3.395574     1.5532     1.5084     0.0048  0.0914775     14.615    27.7725     2.5206     2.3148 -9.990e-29
       1475     14.759    13.8551   3.394866     1.5493     1.5055     0.0048  0.0914660     14.621    27.7661     2.5174     2.3161 -9.990e-29
       1476     14.765    13.8536   3.394229     1.5455     1.5028     0.0048  0.0914556     14.627    27.7614     2.5145     2.3181 -9.990e-29
       1477     14.771    13.8506   3.393673     1.5417     1.5000     0.0048  0.0914460     14.633    27.7586     2.5116     2.3199 -9.990e-29
       1478     14.776    13.8460   3.393211     1.5380     1.4974     0.0048  0.0914373     14.638    27.7577     2.5090     2.3224 -9.990e-29
       1479     14.782    13.8399   3.392857     1.5343     1.4948     0.0048  0.0914293     14.644    27.7589     2.5063     2.3250 -9.990e-29
       1480     14.788    13.8323   3.392617     1.5306     1.4923     0.0048  0.0914220     14.650    27.7622     2.5037     2.3281 -9.990e-29
       1481     14.793    13.8235   3.392479     1.5270     1.4899     0.0048  0.0914154     14.655    27.7673     2.5014     2.3315 -9.990e-29
       1482     14.799    13.8140   3.392413     1.5235     1.4876     0.0048  0.0914094     14.661    27.7736     2.4993     2.3354 -9.990e-29
       1483     14.805    13.8043   3.392382     1.5201     1.4853     0.0048  0.0914040     14.667    27.7803     2.4976     2.3394 -9.990e-29
       1484     14.810    13.7946   3.392357     1.5166     1.4831     0.0048  0.0913991     14.672    27.7871     2.4955     2.3437 -9.990e-29
       1485     14.816    13.7855   3.392310     1.5133     1.4810     0.0048  0.0913947     14.678    27.7932     2.4940     2.3485 -9.990e-29
       1486     14.821    13.7774   3.392216     1.5100     1.4790     0.0048  0.0913908     14.683    27.7982     2.4925     2.3535 -9.990e-29
       1487     14.827    13.7705   3.392061     1.5068     1.4771     0.0048  0.0913873     14.689    27.8018     2.4913     2.3590 -9.990e-29
       1488     14.833    13.7647   3.391846     1.5036     1.4752     0.0048  0.0913843     14.695    27.8041     2.4901     2.3645 -9.990e-29
       1489     14.839    13.7600   3.391582     1.5005     1.4735     0.0048  0.0913816     14.701    27.8051     2.4892     2.3706 -9.990e-29
       1490     14.845    13.7566   3.391273     1.4974     1.4718     0.0048  0.0913793     14.707    27.8047     2.4883     2.3767 -9.990e-29
       1491     14.851    13.7543   3.390922     1.4944     1.4703     0.0048  0.0913774     14.712    27.8032     2.4877     2.3833 -9.990e-29
       1492     14.856    13.7530   3.390536     1.4914     1.4688     0.0048  0.0913758     14.717    27.8006     2.4870     2.3900 -9.990e-29
       1493     14.862    13.7527   3.390124     1.4885     1.4674     0.0048  0.0913746     14.723    27.7971     2.4867     2.3969 -9.990e-29
       1494     14.868    13.7531   3.389702     1.4857     1.4661     0.0048  0.0913737     14.729    27.7930     2.4866     2.4040 -9.990e-29
       1495     14.874    13.7540   3.389284     1.4829     1.4650     0.0048  0.0913731     14.735    27.7885     2.4865     2.4116 -9.990e-29
       1496     14.880    13.7550   3.388888     1.4801     1.4639     0.0048  0.0913729     14.741    27.7842     2.4865     2.4192 -9.990e-29
       1497     14.886    13.7558   3.388526     1.4775     1.4630     0.0048  0.0913729     14.747    27.7803     2.4870     2.4271 -9.990e-29
       1498     14.892    13.7564   3.388196     1.4749     1.4621     0.0048  0.0913733     14.753    27.7769     2.4875     2.4350 -9.990e-29
       1499     14.898    13.7570   3.387892     1.4723     1.4614     0.0048  0.0913740     14.759    27.7737     2.4880     2.4433 -9.990e-29
       1500     14.904    13.7573   3.387616     1.4698     1.4608     0.0048  0.0913750     14.765    27.7710     2.4889     2.4517 -9.990e-29
       1501     14.910    13.7572   3.387377     1.4674     1.4603     0.0048  0.0913764     14.771    27.7689     2.4900     2.4602 -9.990e-29
       1502     14.916    13.7567   3.387176     1.4650     1.4599     0.0048  0.0913781     14.777    27.7674     2.4911     2.4687 -9.990e-29
       1503     14.922    13.7559   3.387008     1.4626     1.4596     0.0048  0.0913801     14.783    27.7665     2.4923     2.4773 -9.990e-29
       1504     14.928    13.7548   3.386867     1.4604     1.4595     0.0048  0.0913825     14.789    27.7660     2.4940     2.4861 -9.990e-29
       1505     14.934    13.7534   3.386754     1.4581     1.4594     0.0048  0.0913853     14.795    27.7660     2.4953     2.4947 -9.990e-29
       1506     14.940    13.7518   3.386679     1.4560     1.4594     0.0048  0.0913885     14.801    27.7664     2.4972     2.5032 -9.990e-29
       1507     14.946    13.7499   3.386646     1.4539     1.4596     0.0048  0.0913922     14.807    27.7675     2.4991     2.5119 -9.990e-29
       1508     14.952    13.7479   3.386649     1.4519     1.4598     0.0048  0.0913963     14.813    27.7690     2.5012     2.5203 -9.990e-29
       1509     14.958    13.7460   3.386665     1.4499     1.4601     0.0048  0.0914008     14.818    27.7705     2.5032     2.5285 -9.990e-29
       1510     14.964    13.7447   3.386670     1.4480     1.4605     0.0048  0.0914050     14.824    27.7715     2.5054     2.5365 -9.990e-29
       1511     14.970    13.7441   3.386647     1.4462     1.4610     0.0048  0.0914081     14.830    27.7717     2.5079     2.5444 -9.990e-29
       1512     14.976    13.7440   3.386585     1.4444     1.4616     0.0048  0.0914109     14.836    27.7712     2.5102     2.5520 -9.990e-29
       1513     14.982    13.7446   3.386488     1.4427     1.4622     0.0048  0.0914143     14.842    27.7699     2.5128     2.5592 -9.990e-29
       1514     14.988    13.7456   3.386364     1.4410     1.4629     0.0048  0.0914182     14.848    27.7680     2.5152     2.5661 -9.990e-29
       1515     14.994    13.7466   3.386232     1.4394     1.4636     0.0048  0.0914228     14.854    27.7661     2.5179     2.5726 -9.990e-29
       1516     15.000    13.7474   3.386109     1.4379     1.4644     0.0049  0.0914281     14.860    27.7644     2.5207     2.5788 -9.990e-29
       1517     15.006    13.7478   3.386015     1.4364     1.4652     0.0049  0.0914332     14.866    27.7633     2.5234     2.5846 -9.990e-29
       1518     15.011    13.7476   3.385963     1.4349     1.4661     0.0049  0.0914374     14.871    27.7629     2.5260     2.5901 -9.990e-29
       1519     15.017    13.7462   3.385964     1.4336     1.4669     0.0049  0.0914415     14.877    27.7640     2.5291     2.5949 -9.990e-29
       1520     15.023    13.7435   3.386035     1.4323     1.4678     0.0049  0.0914455     14.883    27.7666     2.5321     2.5996 -9.990e-29
       1521     15.028    13.7391   3.386197     1.4310     1.4687     0.0049  0.0914487     14.888    27.7712     2.5350     2.6038 -9.990e-29
       1522     15.034    13.7327   3.386483     1.4298     1.4696     0.0049  0.0914518     14.894    27.7784     2.5381     2.6077 -9.990e-29
       1523     15.040    13.7242   3.386920     1.4286     1.4705     0.0049  0.0914558     14.900    27.7886     2.5411     2.6111 -9.990e-29
       1524     15.046    13.7136   3.387527     1.4275     1.4713     0.0049  0.0914607     14.906    27.8017     2.5443     2.6139 -9.990e-29
       1525     15.052    13.7009   3.388311     1.4264     1.4722     0.0049  0.0914666     14.912    27.8181     2.5474     2.6167 -9.990e-29
       1526     15.057    13.6862   3.389271     1.4254     1.4730     0.0049  0.0914734     14.917    27.8375     2.5507     2.6188 -9.990e-29
       1527     15.063    13.6697   3.390392     1.4244     1.4738     0.0049  0.0914812     14.922    27.8596     2.5539     2.6207 -9.990e-29
       1528     15.069    13.6522   3.391647     1.4234     1.4746     0.0049  0.0914901     14.928    27.8838     2.5569     2.6222 -9.990e-29
       1529     15.075    13.6341   3.393003     1.4225     1.4753     0.0049  0.0915001     14.934    27.9093     2.5600     2.6231 -9.990e-29
       1530     15.080    13.6162   3.394417     1.4216     1.4760     0.0049  0.0915105     14.939    27.9352     2.5630     2.6237 -9.990e-29
       1531     15.086    13.5989   3.395849     1.4207     1.4767     0.0049  0.0915204     14.945    27.9609     2.5658     2.6240 -9.990e-29
       1532     15.091    13.5824   3.397273     1.4199     1.4773     0.0049  0.0915309     14.950    27.9859     2.5686     2.6237 -9.990e-29
       1533     15.097    13.5665   3.398675     1.4190     1.4778     0.0049  0.0915428     14.956    28.0103     2.5711     2.6230 -9.990e-29
       1534     15.102    13.5515   3.400048     1.4183     1.4784     0.0049  0.0915544     14.961    28.0339     2.5739     2.6222 -9.990e-29
       1535     15.108    13.5374   3.401383     1.4175     1.4788     0.0049  0.0915643     14.967    28.0564     2.5763     2.6207 -9.990e-29
       1536     15.114    13.5243   3.402665     1.4168     1.4792     0.0049  0.0915741     14.973    28.0777     2.5787     2.6191 -9.990e-29
       1537     15.119    13.5122   3.403881     1.4161     1.4796     0.0049  0.0915856     14.978    28.0977     2.5810     2.6173 -9.990e-29
       1538     15.125    13.5012   3.405024     1.4154     1.4799     0.0049  0.0915989     14.984    28.1162     2.5832     2.6151 -9.990e-29
       1539     15.131    13.4911   3.406093     1.4148     1.4802     0.0049  0.0916141     14.990    28.1334     2.5854     2.6128 -9.990e-29
       1540     15.136    13.4820   3.407092     1.4142     1.4804     0.0049  0.0916313     14.995    28.1493     2.5876     2.6102 -9.990e-29
       1541     15.142    13.4736   3.408022     1.4136     1.4806     0.0049  0.0916498     15.001    28.1640     2.5896     2.6075 -9.990e-29
       1542     15.147    13.4660   3.408887     1.4130     1.4807     0.0048  0.0916680     15.006    28.1775     2.5914     2.6045 -9.990e-29
       1543     15.153    13.4590   3.409692     1.4124     1.4808     0.0048  0.0916843     15.012    28.1900     2.5931     2.6016 -9.990e-29
       1544     15.158    13.4526   3.410446     1.4119     1.4809     0.0048  0.0916979     15.017    28.2016     2.5950     2.5987 -9.990e-29
       1545     15.164    13.4466   3.411152     1.4114     1.4809     0.0048  0.0917091     15.023    28.2125     2.5968     2.5956 -9.990e-29
       1546     15.169    13.4410   3.411815     1.4109     1.4809     0.0048  0.0917178     15.027    28.2227     2.5985     2.5925 -9.990e-29
       1547     15.174    13.4357   3.412438     1.4104     1.4809     0.0048  0.0917250     15.032    28.2324     2.6001     2.5895 -9.990e-29
       1548     15.179    13.4307   3.413024     1.4099     1.4808     0.0048  0.0917316     15.037    28.2414     2.6016     2.5864 -9.990e-29
       1549     15.184    13.4260   3.413574     1.4095     1.4808     0.0048  0.0917367     15.042    28.2500     2.6034     2.5837 -9.990e-29
       1550     15.189    13.4216   3.414093     1.4090     1.4807     0.0048  0.0917396     15.047    28.2580     2.6048     2.5808 -9.990e-29
       1551     15.194    13.4175   3.414585     1.4086     1.4806     0.0048  0.0917411     15.052    28.2655     2.6064     2.5782 -9.990e-29
       1552     15.199    13.4135   3.415052     1.4082     1.4805     0.0048  0.0917420     15.057    28.2727     2.6080     2.5757 -9.990e-29
       1553     15.204    13.4096   3.415499     1.4078     1.4803     0.0048  0.0917425     15.062    28.2797     2.6665     2.5808 -9.990e-29
       1554     15.208    13.4058   3.415926     1.4074     1.4802     0.0048  0.0917425     15.066    28.2865     2.6654     2.5807 -9.990e-29
       1555     15.212    13.4022   3.416337     1.4071     1.4800     0.0048  0.0917419     15.070    28.2929     2.6646     2.5803 -9.990e-29
