data/2021/ctd_data_day3/station7g_ctm_fil_le_der.cnv
* Sea-Bird SBE 9 Data File:
* FileName = C:\Users\CTD-User\Desktop\MAR440\day3\station7g.hex
* Software Version Seasave V 7.26.2.13
* Temperature SN = 6313
* Conductivity SN = 4758
* Number of Bytes Per Scan = 37
* Number of Voltage Words = 4
* Number of Scans Averaged by the Deck Unit = 1
* NMEA Latitude = 58 18.80 N
* NMEA Longitude = 011 46.06 E
* NMEA UTC (Time) = Sep 23 2021 10:57:43
* NMEA baud rate = 4800
** Ship: Skagerrak
** Station: station7g
** Operator: Christina
# nquan = 13                                
# nvalues = 3543                        
# units = specified
# name 0 = scan: Scan Count
# name 1 = prDM: Pressure, Digiquartz [db]
# name 2 = t090C: Temperature [ITS-90, deg C]
# name 3 = c0S/m: Conductivity [S/m]
# name 4 = sbeox0V: Oxygen raw, SBE 43 [V]
# name 5 = sbeox1V: Oxygen raw, SBE 43, 2 [V]
# name 6 = flECO-AFL: Fluorescence, WET Labs ECO-AFL/FL [mg/m^3]
# name 7 = upoly0: Upoly 0, Turbidity
# name 8 = depSM: Depth [salt water, m], lat = 58.3133
# name 9 = sal00: Salinity, Practical [PSU]
# name 10 = sbeox0ML/L: Oxygen, SBE 43 [ml/l], WS = 2
# name 11 = sbeox1ML/L: Oxygen, SBE 43, 2 [ml/l], WS = 2
# name 12 = flag: flag
# span 0 =          1,       3543       
# span 1 =      1.388,     39.004       
# span 2 =     6.6606,    16.0072       
# span 3 =   2.904257,   3.713763       
# span 4 =     0.5019,     2.8510       
# span 5 =     0.5512,     2.8009       
# span 6 =     0.0033,     0.0139       
# span 7 =  0.0863164,  0.1574232       
# span 8 =      1.375,     38.638       
# span 9 =    22.3248,    32.1809       
# span 10 =    -0.0566,     6.9720      
# span 11 =     0.2239,     5.9632      
# span 12 = 0.0000e+00, 0.0000e+00      
# interval = seconds: 0.0416667
# start_time = Sep 23 2021 10:57:43 [NMEA time, header]
# bad_flag = -9.990e-29
*END*
[from data line 3334]
       3335     37.054     6.6786   3.244766     0.5372     0.5772     0.0137  0.0873757     36.706    32.1732     0.0026     0.2632 -9.990e-29
       3336     37.062     6.6798   3.244769     0.5368     0.5769     0.0137  0.0873740     36.714    32.1721     0.0018     0.2625 -9.990e-29
       3337     37.071     6.6811   3.244771     0.5365     0.5767     0.0135  0.0873727     36.723    32.1709     0.0013     0.2622 -9.990e-29
       3338     37.079     6.6820   3.244772     0.5361     0.5765     0.0137  0.0873737     36.731    32.1701     0.0005     0.2619 -9.990e-29
       3339     37.088     6.6825   3.244772     0.5358     0.5762     0.0135  0.0873769     36.740    32.1696     0.0000     0.2613 -9.990e-29
       3340     37.097     6.6826   3.244771     0.5355     0.5760     0.0135  0.0873806     36.749    32.1695    -0.0005     0.2610 -9.990e-29
       3341     37.105     6.6824   3.244768     0.5352     0.5757     0.0135  0.0873841     36.757    32.1696    -0.0010     0.2603 -9.990e-29
       3342     37.114     6.6818   3.244764     0.5349     0.5755     0.0135  0.0873873     36.766    32.1702    -0.0015     0.2600 -9.990e-29
       3343     37.123     6.6808   3.244759     0.5346     0.5753     0.0135  0.0873904     36.775    32.1710    -0.0020     0.2597 -9.990e-29
       3344     37.131     6.6800   3.244754     0.5343     0.5750     0.0135  0.0873931     36.783    32.1717    -0.0025     0.2591 -9.990e-29
       3345     37.140     6.6795   3.244751     0.5340     0.5748     0.0135  0.0873958     36.792    32.1722    -0.0030     0.2588 -9.990e-29
       3346     37.149     6.6791   3.244749     0.5337     0.5746     0.0135  0.0873982     36.800    32.1725    -0.0034     0.2585 -9.990e-29
       3347     37.158     6.6788   3.244748     0.5333     0.5743     0.0134  0.0874005     36.809    32.1728    -0.0042     0.2578 -9.990e-29
       3348     37.166     6.6793   3.244750     0.5330     0.5741     0.0135  0.0874026     36.817    32.1723    -0.0046     0.2575 -9.990e-29
       3349     37.175     6.6800   3.244752     0.5327     0.5738     0.0134  0.0874047     36.826    32.1717    -0.0051     0.2569 -9.990e-29
       3350     37.184     6.6803   3.244754     0.5324     0.5736     0.0135  0.0874066     36.835    32.1714    -0.0055     0.2565 -9.990e-29
       3351     37.193     6.6808   3.244757     0.5321     0.5734     0.0135  0.0874084     36.844    32.1710    -0.0060     0.2562 -9.990e-29
       3352     37.201     6.6824   3.244763     0.5318     0.5732     0.0135  0.0874102     36.852    32.1695    -0.0065     0.2559 -9.990e-29
       3353     37.210     6.6842   3.244770     0.5315     0.5729     0.0134  0.0874119     36.861    32.1679    -0.0070     0.2553 -9.990e-29
       3354     37.219     6.6856   3.244776     0.5312     0.5727     0.0135  0.0874135     36.870    32.1667    -0.0075     0.2550 -9.990e-29
       3355     37.228     6.6868   3.244780     0.5309     0.5725     0.0135  0.0874151     36.879    32.1656    -0.0080     0.2546 -9.990e-29
       3356     37.237     6.6876   3.244784     0.5306     0.5723     0.0134  0.0874166     36.888    32.1649    -0.0085     0.2543 -9.990e-29
       3357     37.246     6.6881   3.244786     0.5304     0.5721     0.0135  0.0874181     36.897    32.1644    -0.0087     0.2540 -9.990e-29
       3358     37.255     6.6882   3.244787     0.5301     0.5719     0.0135  0.0874196     36.905    32.1643    -0.0093     0.2537 -9.990e-29
       3359     37.263     6.6881   3.244786     0.5298     0.5716     0.0135  0.0874211     36.913    32.1644    -0.0098     0.2531 -9.990e-29
       3360     37.272     6.6876   3.244784     0.5296     0.5714     0.0135  0.0874227     36.922    32.1649    -0.0100     0.2528 -9.990e-29
       3361     37.281     6.6873   3.244783     0.5293     0.5712     0.0134  0.0874242     36.931    32.1651    -0.0106     0.2525 -9.990e-29
       3362     37.290     6.6877   3.244784     0.5290     0.5710     0.0135  0.0874258     36.940    32.1648    -0.0112     0.2522 -9.990e-29
       3363     37.299     6.6882   3.244786     0.5287     0.5708     0.0135  0.0874274     36.949    32.1643    -0.0118     0.2519 -9.990e-29
       3364     37.308     6.6884   3.244786     0.5284     0.5706     0.0135  0.0874290     36.958    32.1641    -0.0124     0.2517 -9.990e-29
       3365     37.317     6.6883   3.244784     0.5282     0.5704     0.0135  0.0874307     36.967    32.1642    -0.0127     0.2514 -9.990e-29
       3366     37.327     6.6879   3.244781     0.5279     0.5702     0.0135  0.0874325     36.977    32.1645    -0.0133     0.2511 -9.990e-29
       3367     37.336     6.6871   3.244776     0.5277     0.5700     0.0135  0.0874344     36.986    32.1652    -0.0135     0.2508 -9.990e-29
       3368     37.345     6.6861   3.244770     0.5274     0.5698     0.0135  0.0874364     36.995    32.1661    -0.0141     0.2505 -9.990e-29
       3369     37.355     6.6847   3.244763     0.5272     0.5696     0.0134  0.0874385     37.005    32.1673    -0.0143     0.2502 -9.990e-29
       3370     37.364     6.6831   3.244754     0.5270     0.5694     0.0134  0.0874407     37.013    32.1687    -0.0146     0.2499 -9.990e-29
       3371     37.373     6.6811   3.244744     0.5267     0.5692     0.0134  0.0874431     37.022    32.1705    -0.0151     0.2497 -9.990e-29
       3372     37.383     6.6787   3.244733     0.5265     0.5690     0.0135  0.0874456     37.032    32.1726    -0.0154     0.2494 -9.990e-29
       3373     37.393     6.6760   3.244720     0.5262     0.5688     0.0135  0.0874483     37.042    32.1750    -0.0161     0.2491 -9.990e-29
       3374     37.402     6.6744   3.244711     0.5260     0.5686     0.0135  0.0874512     37.051    32.1764    -0.0163     0.2488 -9.990e-29
       3375     37.412     6.6751   3.244711     0.5257     0.5685     0.0135  0.0874543     37.061    32.1757    -0.0170     0.2488 -9.990e-29
       3376     37.422     6.6769   3.244714     0.5254     0.5683     0.0135  0.0874577     37.071    32.1741    -0.0176     0.2485 -9.990e-29
       3377     37.431     6.6784   3.244717     0.5252     0.5681     0.0135  0.0874613     37.080    32.1727    -0.0179     0.2482 -9.990e-29
       3378     37.441     6.6795   3.244717     0.5249     0.5679     0.0135  0.0874652     37.090    32.1717    -0.0185     0.2479 -9.990e-29
       3379     37.451     6.6802   3.244717     0.5247     0.5677     0.0135  0.0874694     37.100    32.1710    -0.0188     0.2475 -9.990e-29
       3380     37.461     6.6807   3.244715     0.5245     0.5675     0.0134  0.0874740     37.110    32.1705    -0.0191     0.2472 -9.990e-29
       3381     37.470     6.6808   3.244712     0.5243     0.5674     0.0135  0.0874789     37.118    32.1704    -0.0193     0.2473 -9.990e-29
       3382     37.480     6.6809   3.244710     0.5240     0.5672     0.0134  0.0874842     37.128    32.1702    -0.0199     0.2470 -9.990e-29
       3383     37.490     6.6816   3.244709     0.5237     0.5670     0.0135  0.0874900     37.138    32.1696    -0.0205     0.2467 -9.990e-29
       3384     37.500     6.6823   3.244709     0.5235     0.5668     0.0135  0.0874963     37.148    32.1689    -0.0208     0.2464 -9.990e-29
       3385     37.510     6.6827   3.244707     0.5232     0.5667     0.0134  0.0875031     37.158    32.1685    -0.0213     0.2463 -9.990e-29
       3386     37.520     6.6827   3.244704     0.5230     0.5665     0.0135  0.0875105     37.168    32.1685    -0.0215     0.2460 -9.990e-29
       3387     37.530     6.6832   3.244702     0.5228     0.5663     0.0135  0.0875194     37.178    32.1680    -0.0217     0.2457 -9.990e-29
       3388     37.540     6.6848   3.244704     0.5225     0.5662     0.0134  0.0875315     37.188    32.1665    -0.0223     0.2457 -9.990e-29
       3389     37.549     6.6868   3.244708     0.5223     0.5660     0.0135  0.0875469     37.197    32.1646    -0.0226     0.2454 -9.990e-29
       3390     37.559     6.6885   3.244710     0.5221     0.5658     0.0134  0.0875641     37.207    32.1631    -0.0229     0.2451 -9.990e-29
       3391     37.570     6.6899   3.244712     0.5219     0.5657     0.0135  0.0875814     37.217    32.1618    -0.0232     0.2450 -9.990e-29
       3392     37.580     6.6911   3.244712     0.5217     0.5655     0.0135  0.0875973     37.227    32.1606    -0.0234     0.2447 -9.990e-29
       3393     37.590     6.6920   3.244712     0.5215     0.5653     0.0134  0.0876110     37.237    32.1598    -0.0237     0.2444 -9.990e-29
       3394     37.600     6.6932   3.244711     0.5212     0.5652     0.0135  0.0876219     37.247    32.1586    -0.0243     0.2444 -9.990e-29
       3395     37.610     6.6949   3.244713     0.5210     0.5650     0.0134  0.0876290     37.257    32.1571    -0.0246     0.2440 -9.990e-29
       3396     37.620     6.6968   3.244716     0.5208     0.5649     0.0135  0.0876333     37.267    32.1553    -0.0248     0.2440 -9.990e-29
       3397     37.631     6.6985   3.244718     0.5206     0.5647     0.0135  0.0876357     37.278    32.1537    -0.0250     0.2436 -9.990e-29
       3398     37.641     6.7000   3.244720     0.5204     0.5646     0.0135  0.0876371     37.288    32.1523    -0.0253     0.2436 -9.990e-29
       3399     37.651     6.7013   3.244721     0.5202     0.5644     0.0135  0.0876391     37.298    32.1511    -0.0255     0.2432 -9.990e-29
       3400     37.661     6.7024   3.244722     0.5200     0.5643     0.0134  0.0876418     37.308    32.1501    -0.0258     0.2432 -9.990e-29
       3401     37.672     6.7034   3.244723     0.5198     0.5641     0.0135  0.0876435     37.319    32.1492    -0.0261     0.2429 -9.990e-29
       3402     37.682     6.7043   3.244723     0.5196     0.5640     0.0135  0.0876433     37.328    32.1483    -0.0264     0.2429 -9.990e-29
       3403     37.692     6.7050   3.244722     0.5194     0.5638     0.0134  0.0876422     37.338    32.1476    -0.0267     0.2425 -9.990e-29
       3404     37.703     6.7056   3.244721     0.5193     0.5637     0.0135  0.0876409     37.349    32.1471    -0.0267     0.2425 -9.990e-29
       3405     37.713     6.7060   3.244720     0.5191     0.5636     0.0135  0.0876386     37.359    32.1467    -0.0271     0.2424 -9.990e-29
       3406     37.724     6.7064   3.244718     0.5189     0.5634     0.0134  0.0876344     37.370    32.1463    -0.0274     0.2421 -9.990e-29
       3407     37.734     6.7066   3.244716     0.5187     0.5633     0.0135  0.0876283     37.380    32.1461    -0.0278     0.2420 -9.990e-29
       3408     37.744     6.7067   3.244712     0.5185     0.5631     0.0134  0.0876211     37.390    32.1459    -0.0283     0.2416 -9.990e-29
       3409     37.755     6.7067   3.244709     0.5184     0.5630     0.0134  0.0876145     37.401    32.1459    -0.0285     0.2415 -9.990e-29
       3410     37.765     6.7065   3.244705     0.5182     0.5629     0.0134  0.0876084     37.411    32.1460    -0.0289     0.2415 -9.990e-29
       3411     37.776     6.7062   3.244700     0.5180     0.5627     0.0135  0.0876010     37.422    32.1462    -0.0294     0.2411 0.0000e+00
       3412     37.787     6.7058   3.244696     0.5178     0.5626     0.0134  0.0875915     37.432    32.1466    -0.0299     0.2410 -9.990e-29
       3413     37.797     6.7053   3.244691     0.5176     0.5625     0.0135  0.0875806     37.442    32.1470    -0.0304     0.2409 -9.990e-29
       3414     37.808     6.7047   3.244685     0.5174     0.5623     0.0135  0.0875692     37.453    32.1475    -0.0310     0.2405 0.0000e+00
       3415     37.819     6.7039   3.244680     0.5172     0.5622     0.0135  0.0875570     37.464    32.1482    -0.0315     0.2404 -9.990e-29
       3416     37.829     6.7030   3.244674     0.5171     0.5621     0.0137  0.0875450     37.474    32.1489    -0.0317     0.2403 -9.990e-29
       3417     37.840     6.7019   3.244668     0.5169     0.5619     0.0135  0.0875339     37.485    32.1499    -0.0322     0.2399 0.0000e+00
       3418     37.851     6.7007   3.244662     0.5167     0.5618     0.0137  0.0875236     37.496    32.1509    -0.0327     0.2397 0.0000e+00
       3419     37.862     6.6993   3.244655     0.5165     0.5617     0.0135  0.0875139     37.507    32.1522    -0.0333     0.2396 0.0000e+00
       3420     37.873     6.6977   3.244647     0.5163     0.5616     0.0137  0.0875050     37.518    32.1536    -0.0338     0.2395 -9.990e-29
       3421     37.883     6.6960   3.244639     0.5162     0.5614     0.0135  0.0874966     37.528    32.1551    -0.0340     0.2391 -9.990e-29
       3422     37.894     6.6940   3.244629     0.5160     0.5613     0.0137  0.0874887     37.538    32.1569    -0.0345     0.2389 0.0000e+00
       3423     37.905     6.6919   3.244620     0.5158     0.5612     0.0137  0.0874813     37.549    32.1587    -0.0350     0.2388 0.0000e+00
       3424     37.916     6.6896   3.244609     0.5157     0.5611     0.0137  0.0874744     37.560    32.1608    -0.0352     0.2386 0.0000e+00
       3425     37.927     6.6870   3.244597     0.5155     0.5610     0.0137  0.0874678     37.571    32.1631    -0.0357     0.2385 0.0000e+00
       3426     37.938     6.6847   3.244586     0.5153     0.5609     0.0135  0.0874616     37.582    32.1651    -0.0363     0.2383 0.0000e+00
       3427     37.949     6.6833   3.244579     0.5151     0.5607     0.0137  0.0874557     37.593    32.1663    -0.0368     0.2379 -9.990e-29
       3428     37.959     6.6822   3.244572     0.5149     0.5606     0.0137  0.0874500     37.603    32.1673    -0.0374     0.2377 -9.990e-29
       3429     37.970     6.6809   3.244565     0.5147     0.5605     0.0137  0.0874445     37.614    32.1684    -0.0379     0.2375 0.0000e+00
       3430     37.981     6.6797   3.244559     0.5145     0.5604     0.0135  0.0874392     37.625    32.1695    -0.0384     0.2374 0.0000e+00
       3431     37.992     6.6793   3.244556     0.5143     0.5603     0.0137  0.0874348     37.635    32.1698    -0.0389     0.2372 0.0000e+00
       3432     38.003     6.6791   3.244553     0.5141     0.5601     0.0137  0.0874323     37.646    32.1700    -0.0393     0.2368 0.0000e+00
       3433     38.014     6.6786   3.244549     0.5139     0.5600     0.0137  0.0874307     37.657    32.1704    -0.0398     0.2366 0.0000e+00
       3434     38.025     6.6781   3.244544     0.5138     0.5599     0.0139  0.0874292     37.668    32.1708    -0.0398     0.2365 0.0000e+00
       3435     38.036     6.6781   3.244541     0.5136     0.5598     0.0135  0.0874277     37.679    32.1708    -0.0402     0.2363 -9.990e-29
       3436     38.046     6.6782   3.244538     0.5134     0.5597     0.0137  0.0874263     37.689    32.1706    -0.0406     0.2361 -9.990e-29
       3437     38.057     6.6779   3.244534     0.5133     0.5595     0.0137  0.0874250     37.700    32.1709    -0.0407     0.2357 0.0000e+00
       3438     38.068     6.6778   3.244531     0.5131     0.5594     0.0137  0.0874237     37.711    32.1709    -0.0411     0.2355 0.0000e+00
       3439     38.079     6.6786   3.244530     0.5129     0.5593     0.0137  0.0874224     37.722    32.1701    -0.0415     0.2353 0.0000e+00
       3440     38.090     6.6796   3.244531     0.5127     0.5592     0.0137  0.0874211     37.733    32.1692    -0.0419     0.2352 0.0000e+00
       3441     38.101     6.6804   3.244530     0.5126     0.5591     0.0134  0.0874198     37.743    32.1684    -0.0420     0.2350 -9.990e-29
       3442     38.111     6.6809   3.244528     0.5125     0.5590     0.0134  0.0874185     37.753    32.1679    -0.0421     0.2349 -9.990e-29
       3443     38.122     6.6811   3.244525     0.5123     0.5589     0.0134  0.0874172     37.764    32.1677    -0.0424     0.2347 0.0000e+00
       3444     38.133     6.6810   3.244521     0.5122     0.5588     0.0134  0.0874159     37.775    32.1678    -0.0425     0.2346 0.0000e+00
