data/2021/ctd_data_day3/station1a_ctm_fil_le_der.cnv
* Sea-Bird SBE 9 Data File:
* FileName = C:\Users\CTD-User\Desktop\MAR440\day3\station1a.hex
* Software Version Seasave V 7.26.2.13
* Temperature SN = 6313
* Conductivity SN = 4758
* Number of Bytes Per Scan = 37
* Number of Voltage Words = 4
* Number of Scans Averaged by the Deck Unit = 1
* NMEA Latitude = 58 20.46 N
* NMEA Longitude = 011 53.94 E
* NMEA UTC (Time) = Sep 23 2021 08:23:54
* NMEA baud rate = 4800
** Ship: Skagerrak
** Station: station1a
** Operator: Jess
# nquan = 13                                
# nvalues = 3026                        
# units = specified
# name 0 = scan: Scan Count
# name 1 = prDM: Pressure, Digiquartz [db]
# name 2 = t090C: Temperature [ITS-90, deg C]
# name 3 = c0S/m: Conductivity [S/m]
# name 4 = sbeox0V: Oxygen raw, SBE 43 [V]
# name 5 = sbeox1V: Oxygen raw, SBE 43, 2 [V]
# name 6 = flECO-AFL: Fluorescence, WET Labs ECO-AFL/FL [mg/m^3]
# name 7 = upoly0: Upoly 0, Turbidity
# name 8 = depSM: Depth [salt water, m], lat = 58.341
# name 9 = sal00: Salinity, Practical [PSU]
# name 10 = sbeox0ML/L: Oxygen, SBE 43 [ml/l], WS = 2
# name 11 = sbeox1ML/L: Oxygen, SBE 43, 2 [ml/l], WS = 2
# name 12 = flag: flag
# span 0 =          1,       3026       
# span 1 =      1.183,     33.673       
# span 2 =     7.9775,    15.5437       
# span 3 =   2.740292,   3.455395       
# span 4 =     0.4944,     2.8603       
# span 5 =     0.5538,     2.7362       
# span 6 =     0.0035,     0.0152       
# span 7 =  0.0886323,  0.2314865       
# span 8 =      1.172,     33.357       
# span 9 =    21.4061,    32.0857       
# span 10 =    -0.0685,     7.0409      
# span 11 =     0.2247,     5.8418      
# span 12 = 0.0000e+00, 0.0000e+00      
# interval = seconds: 0.0416667
# start_time = Sep 23 2021 08:23:54 [NMEA time, header]
# bad_flag = -9.990e-29
*END*
[from data line 2112]
       2113     16.334    11.3898   3.444300     1.2581     1.2177     0.0038  0.0886719     16.182    30.1199     1.8529     1.6772 0.0000e+00
       2114     16.356    11.3764   3.443560     1.2555     1.2155     0.0038  0.0886629     16.203    30.1236     1.8490     1.6742 0.0000e+00
       2115     16.378    11.3625   3.442769     1.2529     1.2134     0.0037  0.0886558     16.225    30.1272     1.8450     1.6714 0.0000e+00
       2116     16.400    11.3482   3.441926     1.2504     1.2112     0.0038  0.0886505     16.247    30.1307     1.8413     1.6682 0.0000e+00
       2117     16.422    11.3333   3.441030     1.2478     1.2091     0.0038  0.0886469     16.269    30.1342     1.8371     1.6652 0.0000e+00
       2118     16.444    11.3178   3.440077     1.2453     1.2069     0.0038  0.0886451     16.291    30.1375     1.8332     1.6620 0.0000e+00
       2119     16.466    11.3017   3.439067     1.2428     1.2048     0.0038  0.0886450     16.312    30.1408     1.8292     1.6589 0.0000e+00
       2120     16.488    11.2850   3.437999     1.2403     1.2027     0.0038  0.0886466     16.334    30.1441     1.8252     1.6558 0.0000e+00
       2121     16.509    11.2676   3.436870     1.2378     1.2006     0.0038  0.0886500     16.355    30.1473     1.8210     1.6527 0.0000e+00
       2122     16.531    11.2497   3.435682     1.2354     1.1986     0.0038  0.0886551     16.377    30.1504     1.8171     1.6498 0.0000e+00
       2123     16.553    11.2311   3.434433     1.2329     1.1965     0.0037  0.0886621     16.398    30.1534     1.8128     1.6466 0.0000e+00
       2124     16.575    11.2118   3.433126     1.2305     1.1944     0.0038  0.0886708     16.420    30.1565     1.8088     1.6434 0.0000e+00
       2125     16.596    11.1920   3.431761     1.2281     1.1924     0.0038  0.0886815     16.441    30.1593     1.8047     1.6404 0.0000e+00
       2126     16.618    11.1716   3.430341     1.2257     1.1904     0.0038  0.0886942     16.463    30.1622     1.8006     1.6374 0.0000e+00
       2127     16.640    11.1506   3.428866     1.2233     1.1883     0.0038  0.0887081     16.485    30.1650     1.7964     1.6341 0.0000e+00
       2128     16.662    11.1290   3.427340     1.2209     1.1863     0.0038  0.0887216     16.506    30.1678     1.7922     1.6311 0.0000e+00
       2129     16.683    11.1069   3.425763     1.2186     1.1843     0.0038  0.0887339     16.527    30.1705     1.7882     1.6281 0.0000e+00
       2130     16.705    11.0842   3.424137     1.2162     1.1824     0.0038  0.0887452     16.549    30.1732     1.7839     1.6253 0.0000e+00
       2131     16.727    11.0611   3.422463     1.2139     1.1804     0.0038  0.0887556     16.571    30.1758     1.7799     1.6222 0.0000e+00
       2132     16.749    11.0374   3.420743     1.2116     1.1784     0.0038  0.0887650     16.593    30.1784     1.7759     1.6192 0.0000e+00
       2133     16.770    11.0134   3.418979     1.2093     1.1765     0.0038  0.0887736     16.613    30.1808     1.7718     1.6164 0.0000e+00
       2134     16.792    10.9889   3.417176     1.2070     1.1745     0.0038  0.0887814     16.635    30.1833     1.7677     1.6133 0.0000e+00
       2135     16.814    10.9641   3.415338     1.2047     1.1726     0.0038  0.0887885     16.657    30.1856     1.7636     1.6105 0.0000e+00
       2136     16.835    10.9391   3.413470     1.2025     1.1707     0.0038  0.0887949     16.678    30.1879     1.7597     1.6076 0.0000e+00
       2137     16.857    10.9139   3.411576     1.2002     1.1688     0.0038  0.0887999     16.700    30.1900     1.7556     1.6048 0.0000e+00
       2138     16.878    10.8885   3.409662     1.1980     1.1669     0.0038  0.0888017     16.720    30.1921     1.7517     1.6019 0.0000e+00
       2139     16.900    10.8630   3.407730     1.1958     1.1650     0.0038  0.0888003     16.742    30.1941     1.7478     1.5989 0.0000e+00
       2140     16.922    10.8375   3.405786     1.1936     1.1631     0.0038  0.0887976     16.764    30.1960     1.7438     1.5960 0.0000e+00
       2141     16.944    10.8119   3.403831     1.1914     1.1613     0.0038  0.0887942     16.786    30.1979     1.7399     1.5932 0.0000e+00
       2142     16.965    10.7862   3.401870     1.1893     1.1595     0.0038  0.0887902     16.807    30.1998     1.7361     1.5905 0.0000e+00
       2143     16.987    10.7606   3.399905     1.1871     1.1577     0.0038  0.0887855     16.828    30.2015     1.7321     1.5876 0.0000e+00
       2144     17.009    10.7350   3.397937     1.1850     1.1559     0.0038  0.0887801     16.850    30.2033     1.7283     1.5848 0.0000e+00
       2145     17.030    10.7095   3.395972     1.1828     1.1541     0.0038  0.0887740     16.871    30.2049     1.7242     1.5818 0.0000e+00
       2146     17.052    10.6841   3.394013     1.1807     1.1523     0.0038  0.0887672     16.893    30.2066     1.7203     1.5788 0.0000e+00
       2147     17.074    10.6588   3.392066     1.1786     1.1505     0.0038  0.0887595     16.915    30.2083     1.7163     1.5757 0.0000e+00
       2148     17.095    10.6337   3.390132     1.1765     1.1488     0.0038  0.0887509     16.935    30.2099     1.7123     1.5728 0.0000e+00
       2149     17.117    10.6087   3.388215     1.1745     1.1470     0.0038  0.0887414     16.957    30.2116     1.7085     1.5695 0.0000e+00
       2150     17.138    10.5839   3.386315     1.1724     1.1453     0.0038  0.0887309     16.978    30.2134     1.7044     1.5664 0.0000e+00
       2151     17.160    10.5591   3.384433     1.1704     1.1436     0.0038  0.0887194     17.000    30.2153     1.7004     1.5632 0.0000e+00
       2152     17.182    10.5345   3.382567     1.1683     1.1419     0.0035  0.0887066     17.022    30.2172     1.6961     1.5598 0.0000e+00
       2153     17.203    10.5099   3.380716     1.1663     1.1402     0.0035  0.0886935     17.042    30.2192     1.6920     1.5564 0.0000e+00
       2154     17.225    10.4855   3.378879     1.1643     1.1385     0.0035  0.0886816     17.064    30.2212     1.6877     1.5528 0.0000e+00
       2155     17.246    10.4611   3.377055     1.1623     1.1369     0.0035  0.0886717     17.085    30.2233     1.6833     1.5493 0.0000e+00
       2156     17.268    10.4368   3.375244     1.1603     1.1352     0.0035  0.0886628     17.107    30.2255     1.6789     1.5455 0.0000e+00
       2157     17.289    10.4126   3.373446     1.1584     1.1335     0.0035  0.0886541     17.128    30.2278     1.6746     1.5414 0.0000e+00
       2158     17.311    10.3884   3.371658     1.1564     1.1319     0.0035  0.0886464     17.149    30.2301     1.6698     1.5376 0.0000e+00
       2159     17.332    10.3642   3.369878     1.1545     1.1302     0.0035  0.0886403     17.170    30.2325     1.6652     1.5332 0.0000e+00
       2160     17.354    10.3400   3.368104     1.1525     1.1285     0.0035  0.0886360     17.192    30.2349     1.6602     1.5287 0.0000e+00
       2161     17.375    10.3157   3.366332     1.1506     1.1269     0.0035  0.0886333     17.213    30.2375     1.6553     1.5243 0.0000e+00
       2162     17.397    10.2913   3.364562     1.1487     1.1252     0.0035  0.0886323     17.235    30.2402     1.6503     1.5194 0.0000e+00
       2163     17.419    10.2667   3.362791     1.1468     1.1235     0.0035  0.0886329     17.256    30.2430     1.6451     1.5143 0.0000e+00
       2164     17.440    10.2420   3.361017     1.1449     1.1218     0.0035  0.0886352     17.277    30.2459     1.6397     1.5091 0.0000e+00
       2165     17.462    10.2170   3.359240     1.1429     1.1201     0.0035  0.0886391     17.299    30.2490     1.6339     1.5036 0.0000e+00
       2166     17.483    10.1917   3.357456     1.1410     1.1184     0.0035  0.0886447     17.320    30.2522     1.6282     1.4980 0.0000e+00
       2167     17.505    10.1662   3.355667     1.1391     1.1167     0.0035  0.0886520     17.342    30.2556     1.6223     1.4921 0.0000e+00
       2168     17.527    10.1404   3.353873     1.1372     1.1150     0.0035  0.0886611     17.363    30.2592     1.6162     1.4862 0.0000e+00
       2169     17.548    10.1145   3.352078     1.1353     1.1133     0.0035  0.0886720     17.384    30.2629     1.6099     1.4800 0.0000e+00
       2170     17.570    10.0884   3.350286     1.1333     1.1115     0.0035  0.0886849     17.406    30.2668     1.6031     1.4733 0.0000e+00
       2171     17.591    10.0624   3.348500     1.1314     1.1097     0.0035  0.0886998     17.427    30.2706     1.5964     1.4665 0.0000e+00
       2172     17.613    10.0366   3.346724     1.1295     1.1079     0.0035  0.0887167     17.449    30.2744     1.5894     1.4594 0.0000e+00
       2173     17.635    10.0110   3.344962     1.1275     1.1061     0.0035  0.0887359     17.470    30.2781     1.5820     1.4522 0.0000e+00
       2174     17.657     9.9857   3.343218     1.1256     1.1043     0.0035  0.0887575     17.492    30.2818     1.5747     1.4447 0.0000e+00
       2175     17.679     9.9607   3.341496     1.1236     1.1024     0.0035  0.0887815     17.514    30.2854     1.5668     1.4368 0.0000e+00
       2176     17.700     9.9361   3.339800     1.1216     1.1005     0.0035  0.0888082     17.535    30.2890     1.5587     1.4288 0.0000e+00
       2177     17.722     9.9120   3.338130     1.1197     1.0986     0.0037  0.0888370     17.557    30.2924     1.5507     1.4205 0.0000e+00
       2178     17.743     9.8883   3.336486     1.1176     1.0967     0.0038  0.0888662     17.577    30.2958     1.5419     1.4121 0.0000e+00
       2179     17.765     9.8651   3.334869     1.1156     1.0947     0.0040  0.0888945     17.599    30.2989     1.5332     1.4033 0.0000e+00
       2180     17.787     9.8422   3.333287     1.1136     1.0927     0.0040  0.0889212     17.621    30.3022     1.5242     1.3943 0.0000e+00
       2181     17.808     9.8197   3.331768     1.1115     1.0907     0.0040  0.0889472     17.642    30.3058     1.5148     1.3852 0.0000e+00
       2182     17.830     9.7975   3.330332     1.1094     1.0886     0.0040  0.0889737     17.664    30.3100     1.5051     1.3757 0.0000e+00
       2183     17.852     9.7756   3.328963     1.1073     1.0865     0.0040  0.0890008     17.685    30.3146     1.4953     1.3660 0.0000e+00
       2184     17.873     9.7540   3.327626     1.1052     1.0843     0.0040  0.0890287     17.706    30.3193     1.4853     1.3559 0.0000e+00
       2185     17.895     9.7325   3.326306     1.1031     1.0822     0.0040  0.0890567     17.728    30.3240     1.4751     1.3460 0.0000e+00
       2186     17.917     9.7113   3.324999     1.1009     1.0799     0.0040  0.0890843     17.750    30.3287     1.4645     1.3354 0.0000e+00
       2187     17.939     9.6902   3.323702     1.0987     1.0777     0.0040  0.0891123     17.771    30.3333     1.4536     1.3250 0.0000e+00
       2188     17.960     9.6693   3.322412     1.0965     1.0754     0.0040  0.0891420     17.792    30.3379     1.4427     1.3142 0.0000e+00
       2189     17.982     9.6485   3.321129     1.0943     1.0731     0.0040  0.0891734     17.814    30.3425     1.4316     1.3034 0.0000e+00
       2190     18.004     9.6277   3.319851     1.0920     1.0707     0.0040  0.0892069     17.836    30.3471     1.4200     1.2921 0.0000e+00
       2191     18.025     9.6071   3.318578     1.0897     1.0683     0.0040  0.0892425     17.857    30.3516     1.4083     1.2808 0.0000e+00
       2192     18.047     9.5866   3.317309     1.0874     1.0659     0.0040  0.0892807     17.878    30.3560     1.3965     1.2695 0.0000e+00
       2193     18.069     9.5660   3.316044     1.0850     1.0634     0.0040  0.0893216     17.900    30.3606     1.3843     1.2578 0.0000e+00
       2194     18.090     9.5454   3.314783     1.0826     1.0609     0.0040  0.0893656     17.921    30.3652     1.3720     1.2461 0.0000e+00
       2195     18.112     9.5248   3.313522     1.0802     1.0584     0.0040  0.0894129     17.943    30.3698     1.3595     1.2343 0.0000e+00
       2196     18.134     9.5041   3.312261     1.0777     1.0558     0.0040  0.0894639     17.965    30.3745     1.3466     1.2222 0.0000e+00
       2197     18.156     9.4834   3.310998     1.0753     1.0532     0.0040  0.0895189     17.986    30.3792     1.3340     1.2101 0.0000e+00
       2198     18.178     9.4625   3.309733     1.0728     1.0505     0.0040  0.0895783     18.008    30.3840     1.3210     1.1977 0.0000e+00
       2199     18.200     9.4415   3.308463     1.0702     1.0479     0.0040  0.0896425     18.030    30.3889     1.3076     1.1855 0.0000e+00
       2200     18.222     9.4203   3.307186     1.0677     1.0452     0.0040  0.0897120     18.052    30.3939     1.2944     1.1731 0.0000e+00
       2201     18.244     9.3990   3.305902     1.0651     1.0424     0.0040  0.0897872     18.074    30.3989     1.2808     1.1604 0.0000e+00
       2202     18.265     9.3774   3.304609     1.0625     1.0396     0.0040  0.0898687     18.094    30.4040     1.2673     1.1477 0.0000e+00
       2203     18.287     9.3556   3.303306     1.0598     1.0368     0.0042  0.0899554     18.116    30.4093     1.2533     1.1350 0.0000e+00
       2204     18.309     9.3336   3.301992     1.0571     1.0340     0.0044  0.0900435     18.138    30.4145     1.2393     1.1224 0.0000e+00
       2205     18.331     9.3113   3.300668     1.0544     1.0311     0.0044  0.0901304     18.160    30.4200     1.2253     1.1095 0.0000e+00
       2206     18.353     9.2888   3.299334     1.0517     1.0282     0.0044  0.0902149     18.182    30.4255     1.2113     1.0966 0.0000e+00
       2207     18.375     9.2660   3.297989     1.0489     1.0252     0.0044  0.0902976     18.203    30.4311     1.1969     1.0835 0.0000e+00
       2208     18.397     9.2430   3.296634     1.0461     1.0222     0.0044  0.0903808     18.225    30.4369     1.1825     1.0704 0.0000e+00
       2209     18.419     9.2199   3.295270     1.0433     1.0192     0.0044  0.0904650     18.247    30.4426     1.1681     1.0573 0.0000e+00
       2210     18.441     9.1968   3.293900     1.0404     1.0161     0.0044  0.0905501     18.269    30.4483     1.1534     1.0440 0.0000e+00
       2211     18.463     9.1737   3.292524     1.0375     1.0130     0.0044  0.0906365     18.291    30.4539     1.1387     1.0308 0.0000e+00
       2212     18.485     9.1507   3.291148     1.0346     1.0099     0.0044  0.0907249     18.312    30.4594     1.1241     1.0176 0.0000e+00
       2213     18.507     9.1278   3.289776     1.0317     1.0067     0.0044  0.0908160     18.334    30.4649     1.1094     1.0043 0.0000e+00
       2214     18.529     9.1051   3.288408     1.0287     1.0035     0.0044  0.0909102     18.356    30.4702     1.0946     0.9910 0.0000e+00
       2215     18.551     9.0824   3.287045     1.0257     1.0003     0.0044  0.0910076     18.378    30.4756     1.0798     0.9777 0.0000e+00
       2216     18.573     9.0599   3.285690     1.0227     0.9971     0.0044  0.0911077     18.400    30.4809     1.0650     0.9646 0.0000e+00
       2217     18.595     9.0376   3.284344     1.0196     0.9938     0.0044  0.0912123     18.421    30.4862     1.0500     0.9513 0.0000e+00
       2218     18.618     9.0154   3.283006     1.0165     0.9904     0.0044  0.0913221     18.444    30.4914     1.0349     0.9377 0.0000e+00
       2219     18.640     8.9932   3.281675     1.0134     0.9871     0.0044  0.0914369     18.466    30.4967     1.0200     0.9246 0.0000e+00
       2220     18.662     8.9712   3.280348     1.0103     0.9837     0.0044  0.0915584     18.488    30.5019     1.0052     0.9113 0.0000e+00
       2221     18.684     8.9492   3.279026     1.0071     0.9803     0.0044  0.0916883     18.509    30.5072     0.9900     0.8981 0.0000e+00
       2222     18.707     8.9273   3.277709     1.0039     0.9769     0.0044  0.0918276     18.532    30.5124     0.9750     0.8850 0.0000e+00
