data/2021/ctd_data_day3/station5e_ctm_fil_le_der.cnv
* Sea-Bird SBE 9 Data File:
* FileName = C:\Users\CTD-User\Desktop\MAR440\day3\station5e.hex
* Software Version Seasave V 7.26.2.13
* Temperature SN = 6313
* Conductivity SN = 4758
* Number of Bytes Per Scan = 37
* Number of Voltage Words = 4
* Number of Scans Averaged by the Deck Unit = 1
* NMEA Latitude = 58 19.40 N
* NMEA Longitude = 011 49.94 E
* NMEA UTC (Time) = Sep 23 2021 10:10:37
* NMEA baud rate = 4800
** Ship: Skagerrak
** Station: station5e
** Operator: Tor
# nquan = 13                                
# nvalues = 1576                        
# units = specified
# name 0 = scan: Scan Count
# name 1 = prDM: Pressure, Digiquartz [db]
# name 2 = t090C: Temperature [ITS-90, deg C]
# name 3 = c0S/m: Conductivity [S/m]
# name 4 = sbeox0V: Oxygen raw, SBE 43 [V]
# name 5 = sbeox1V: Oxygen raw, SBE 43, 2 [V]
# name 6 = flECO-AFL: Fluorescence, WET Labs ECO-AFL/FL [mg/m^3]
# name 7 = upoly0: Upoly 0, Turbidity
# name 8 = depSM: Depth [salt water, m], lat = 58.3233
# name 9 = sal00: Salinity, Practical [PSU]
# name 10 = sbeox0ML/L: Oxygen, SBE 43 [ml/l], WS = 2
# name 11 = sbeox1ML/L: Oxygen, SBE 43, 2 [ml/l], WS = 2
# name 12 = flag: flag
# span 0 =          1,       1576       
# span 1 =      0.452,     15.263       
# span 2 =    13.3677,    15.1846       
# span 3 =   2.949086,   3.431206       
# span 4 =     1.4032,     2.7953       
# span 5 =     1.4594,     2.6995       
# span 6 =     0.0040,     0.0090       
# span 7 =  0.0913729,  0.1588100       
# span 8 =      0.448,     15.121       
# span 9 =    23.1244,    28.3609       
# span 10 =     2.4865,     6.8040      
# span 11 =     2.3120,     5.6932      
# span 12 = 0.0000e+00, 0.0000e+00      
# interval = seconds: 0.0416667
# start_time = Sep 23 2021 10:10:37 [NMEA time, header]
# bad_flag = -9.990e-29
*END*
[from data line 112]
        113      8.097    14.9156   2.952858     2.6592     2.5911     0.0064  0.1514685      8.022    23.1618     6.7092     5.6133 -9.990e-29
        114      8.084    14.9155   2.952845     2.6615     2.5928     0.0064  0.1514004      8.009    23.1617     6.7092     5.6136 -9.990e-29
        115      8.071    14.9155   2.952831     2.6637     2.5945     0.0062  0.1513365      7.996    23.1616     6.7091     5.6139 -9.990e-29
        116      8.057    14.9154   2.952815     2.6659     2.5961     0.0064  0.1512773      7.982    23.1615     6.7091     5.6141 -9.990e-29
        117      8.043    14.9153   2.952797     2.6680     2.5977     0.0064  0.1512215      7.968    23.1614     6.7089     5.6144 -9.990e-29
        118      8.029    14.9153   2.952775     2.6700     2.5993     0.0062  0.1511679      7.954    23.1613     6.7085     5.6148 -9.990e-29
        119      8.014    14.9152   2.952751     2.6721     2.6008     0.0064  0.1511160      7.939    23.1611     6.7085     5.6150 -9.990e-29
        120      7.999    14.9151   2.952724     2.6740     2.6023     0.0064  0.1510655      7.925    23.1609     6.7080     5.6153 -9.990e-29
        121      7.984    14.9150   2.952697     2.6760     2.6038     0.0064  0.1510161      7.910    23.1608     6.7080     5.6157 -9.990e-29
        122      7.969    14.9149   2.952668     2.6778     2.6053     0.0064  0.1509675      7.895    23.1606     6.7075     5.6163 -9.990e-29
        123      7.953    14.9148   2.952638     2.6797     2.6067     0.0064  0.1509192      7.879    23.1604     6.7073     5.6166 -9.990e-29
        124      7.937    14.9147   2.952608     2.6815     2.6081     0.0064  0.1508709      7.863    23.1602     6.7071     5.6170 -9.990e-29
        125      7.921    14.9146   2.952577     2.6832     2.6094     0.0064  0.1508224      7.847    23.1600     6.7066     5.6173 -9.990e-29
        126      7.905    14.9145   2.952545     2.6849     2.6108     0.0064  0.1507733      7.831    23.1598     6.7062     5.6179 -9.990e-29
        127      7.888    14.9144   2.952513     2.6866     2.6121     0.0064  0.1507232      7.815    23.1596     6.7059     5.6183 -9.990e-29
        128      7.871    14.9143   2.952480     2.6882     2.6133     0.0064  0.1506717      7.798    23.1593     6.7055     5.6185 -9.990e-29
        129      7.854    14.9142   2.952447     2.6898     2.6146     0.0064  0.1506186      7.781    23.1591     6.7052     5.6191 -9.990e-29
        130      7.837    14.9141   2.952414     2.6914     2.6158     0.0064  0.1505635      7.764    23.1589     6.7050     5.6195 -9.990e-29
        131      7.819    14.9140   2.952380     2.6929     2.6171     0.0064  0.1505059      7.746    23.1587     6.7046     5.6201 -9.990e-29
        132      7.801    14.9139   2.952347     2.6944     2.6183     0.0064  0.1504456      7.728    23.1584     6.7043     5.6206 -9.990e-29
        133      7.783    14.9138   2.952314     2.6959     2.6194     0.0062  0.1503819      7.711    23.1582     6.7041     5.6209 -9.990e-29
        134      7.765    14.9137   2.952281     2.6973     2.6206     0.0064  0.1503146      7.693    23.1580     6.7037     5.6215 -9.990e-29
        135      7.747    14.9136   2.952248     2.6986     2.6217     0.0064  0.1502431      7.675    23.1578     6.7031     5.6219 -9.990e-29
        136      7.728    14.9135   2.952214     2.7000     2.6228     0.0064  0.1501670      7.656    23.1576     6.7030     5.6224 -9.990e-29
        137      7.709    14.9134   2.952180     2.7013     2.6239     0.0064  0.1500857      7.637    23.1573     6.7026     5.6229 -9.990e-29
        138      7.691    14.9133   2.952146     2.7026     2.6249     0.0066  0.1500012      7.619    23.1571     6.7024     5.6232 -9.990e-29
        139      7.672    14.9132   2.952111     2.7039     2.6259     0.0066  0.1499188      7.601    23.1569     6.7023     5.6236 -9.990e-29
        140      7.652    14.9130   2.952076     2.7051     2.6270     0.0066  0.1498423      7.581    23.1567     6.7020     5.6242 -9.990e-29
        141      7.633    14.9129   2.952042     2.7063     2.6280     0.0066  0.1497719      7.562    23.1564     6.7018     5.6247 -9.990e-29
        142      7.613    14.9128   2.952009     2.7075     2.6289     0.0066  0.1497072      7.542    23.1562     6.7018     5.6249 -9.990e-29
        143      7.594    14.9127   2.951975     2.7086     2.6299     0.0066  0.1496476      7.523    23.1560     6.7015     5.6254 -9.990e-29
        144      7.574    14.9125   2.951941     2.7097     2.6308     0.0066  0.1495929      7.503    23.1558     6.7014     5.6258 -9.990e-29
        145      7.554    14.9124   2.951907     2.7108     2.6318     0.0066  0.1495426      7.484    23.1556     6.7013     5.6264 -9.990e-29
        146      7.534    14.9122   2.951873     2.7119     2.6327     0.0066  0.1494964      7.464    23.1554     6.7014     5.6268 -9.990e-29
        147      7.514    14.9120   2.951840     2.7129     2.6336     0.0066  0.1494539      7.444    23.1553     6.7013     5.6273 -9.990e-29
        148      7.494    14.9119   2.951808     2.7140     2.6344     0.0066  0.1494148      7.424    23.1551     6.7016     5.6276 -9.990e-29
        149      7.474    14.9117   2.951777     2.7150     2.6353     0.0066  0.1493789      7.404    23.1549     6.7017     5.6281 -9.990e-29
        150      7.453    14.9116   2.951747     2.7159     2.6361     0.0066  0.1493460      7.384    23.1547     6.7015     5.6285 -9.990e-29
        151      7.433    14.9114   2.951719     2.7169     2.6370     0.0066  0.1493157      7.364    23.1546     6.7017     5.6291 -9.990e-29
        152      7.412    14.9112   2.951692     2.7179     2.6378     0.0066  0.1492879      7.343    23.1545     6.7021     5.6295 -9.990e-29
        153      7.392    14.9111   2.951668     2.7188     2.6386     0.0066  0.1492624      7.323    23.1543     6.7022     5.6300 -9.990e-29
        154      7.371    14.9109   2.951644     2.7197     2.6394     0.0066  0.1492391      7.302    23.1543     6.7024     5.6305 -9.990e-29
        155      7.351    14.9108   2.951621     2.7206     2.6401     0.0066  0.1492177      7.283    23.1541     6.7026     5.6307 -9.990e-29
        156      7.330    14.9106   2.951598     2.7215     2.6409     0.0066  0.1491980      7.262    23.1541     6.7030     5.6313 -9.990e-29
        157      7.309    14.9105   2.951575     2.7223     2.6416     0.0066  0.1491801      7.241    23.1539     6.7032     5.6316 -9.990e-29
        158      7.289    14.9103   2.951554     2.7232     2.6423     0.0066  0.1491637      7.221    23.1539     6.7037     5.6320 -9.990e-29
        159      7.268    14.9102   2.951532     2.7240     2.6431     0.0066  0.1491487      7.200    23.1537     6.7040     5.6326 -9.990e-29
        160      7.247    14.9100   2.951512     2.7248     2.6438     0.0066  0.1491351      7.180    23.1537     6.7043     5.6331 -9.990e-29
        161      7.227    14.9099   2.951493     2.7257     2.6444     0.0066  0.1491226      7.160    23.1536     6.7051     5.6333 -9.990e-29
        162      7.206    14.9098   2.951475     2.7265     2.6451     0.0066  0.1491113      7.139    23.1535     6.7055     5.6338 -9.990e-29
        163      7.185    14.9097   2.951458     2.7272     2.6458     0.0064  0.1491011      7.118    23.1534     6.7057     5.6344 -9.990e-29
        164      7.165    14.9096   2.951441     2.7280     2.6464     0.0062  0.1490919      7.098    23.1533     6.7063     5.6347 -9.990e-29
        165      7.145    14.9094   2.951424     2.7288     2.6471     0.0062  0.1490836      7.078    23.1533     6.7069     5.6353 -9.990e-29
        166      7.124    14.9093   2.951407     2.7296     2.6477     0.0060  0.1490762      7.058    23.1532     6.7076     5.6356 -9.990e-29
        167      7.103    14.9092   2.951390     2.7303     2.6483     0.0062  0.1490695      7.037    23.1531     6.7080     5.6360 -9.990e-29
        168      7.083    14.9090   2.951372     2.7310     2.6489     0.0062  0.1490637      7.017    23.1531     6.7085     5.6364 -9.990e-29
        169      7.063    14.9089   2.951353     2.7318     2.6496     0.0062  0.1490586      6.997    23.1530     6.7092     5.6371 -9.990e-29
        170      7.042    14.9088   2.951333     2.7325     2.6502     0.0062  0.1490542      6.976    23.1529     6.7097     5.6376 -9.990e-29
        171      7.022    14.9086   2.951313     2.7332     2.6507     0.0062  0.1490504      6.957    23.1529     6.7103     5.6378 -9.990e-29
        172      7.002    14.9085   2.951291     2.7339     2.6513     0.0062  0.1490473      6.937    23.1527     6.7108     5.6383 -9.990e-29
        173      6.982    14.9083   2.951269     2.7346     2.6519     0.0062  0.1490448      6.917    23.1527     6.7114     5.6389 -9.990e-29
        174      6.961    14.9081   2.951246     2.7352     2.6525     0.0062  0.1490429      6.896    23.1526     6.7118     5.6394 -9.990e-29
        175      6.941    14.9080   2.951222     2.7359     2.6530     0.0062  0.1490416      6.876    23.1525     6.7124     5.6397 -9.990e-29
        176      6.921    14.9078   2.951197     2.7365     2.6535     0.0062  0.1490409      6.857    23.1524     6.7128     5.6401 -9.990e-29
        177      6.901    14.9076   2.951172     2.7372     2.6541     0.0062  0.1490407      6.837    23.1523     6.7135     5.6407 -9.990e-29
        178      6.881    14.9075   2.951145     2.7378     2.6546     0.0062  0.1490412      6.817    23.1521     6.7140     5.6411 -9.990e-29
        179      6.862    14.9073   2.951117     2.7384     2.6551     0.0062  0.1490422      6.798    23.1520     6.7144     5.6415 -9.990e-29
        180      6.842    14.9071   2.951088     2.7390     2.6556     0.0062  0.1490437      6.778    23.1519     6.7149     5.6419 -9.990e-29
        181      6.822    14.9069   2.951060     2.7397     2.6561     0.0062  0.1490459      6.758    23.1517     6.7157     5.6424 -9.990e-29
        182      6.802    14.9067   2.951033     2.7403     2.6566     0.0062  0.1490487      6.739    23.1516     6.7161     5.6428 -9.990e-29
        183      6.782    14.9066   2.951007     2.7408     2.6571     0.0062  0.1490521      6.719    23.1515     6.7163     5.6433 -9.990e-29
        184      6.762    14.9064   2.950982     2.7414     2.6576     0.0062  0.1490561      6.699    23.1514     6.7168     5.6438 -9.990e-29
        185      6.742    14.9062   2.950958     2.7420     2.6581     0.0060  0.1490609      6.679    23.1513     6.7174     5.6444 -9.990e-29
        186      6.722    14.9061   2.950935     2.7425     2.6585     0.0060  0.1490663      6.659    23.1512     6.7176     5.6446 -9.990e-29
        187      6.702    14.9060   2.950914     2.7430     2.6590     0.0062  0.1490725      6.640    23.1510     6.7179     5.6451 -9.990e-29
        188      6.682    14.9058   2.950893     2.7436     2.6595     0.0062  0.1490795      6.620    23.1510     6.7185     5.6457 -9.990e-29
        189      6.662    14.9057   2.950872     2.7441     2.6599     0.0062  0.1490873      6.600    23.1509     6.7188     5.6460 -9.990e-29
        190      6.642    14.9056   2.950852     2.7446     2.6603     0.0062  0.1490960      6.580    23.1508     6.7191     5.6463 -9.990e-29
        191      6.622    14.9055   2.950832     2.7451     2.6608     0.0062  0.1491057      6.560    23.1506     6.7194     5.6468 -9.990e-29
        192      6.603    14.9054   2.950811     2.7456     2.6612     0.0062  0.1491164      6.542    23.1505     6.7198     5.6471 -9.990e-29
        193      6.583    14.9052   2.950791     2.7461     2.6616     0.0062  0.1491282      6.522    23.1505     6.7202     5.6475 -9.990e-29
        194      6.563    14.9051   2.950770     2.7465     2.6620     0.0060  0.1491412      6.502    23.1504     6.7203     5.6478 -9.990e-29
        195      6.543    14.9050   2.950748     2.7470     2.6624     0.0062  0.1491555      6.482    23.1502     6.7207     5.6482 -9.990e-29
        196      6.523    14.9049   2.950725     2.7475     2.6628     0.0062  0.1491711      6.462    23.1501     6.7212     5.6486 -9.990e-29
        197      6.503    14.9048   2.950703     2.7479     2.6632     0.0062  0.1491882      6.442    23.1500     6.7214     5.6490 -9.990e-29
        198      6.483    14.9046   2.950680     2.7484     2.6636     0.0062  0.1492069      6.423    23.1499     6.7219     5.6494 -9.990e-29
        199      6.463    14.9045   2.950659     2.7488     2.6640     0.0062  0.1492273      6.403    23.1498     6.7221     5.6498 -9.990e-29
        200      6.444    14.9044   2.950638     2.7493     2.6643     0.0062  0.1492497      6.384    23.1497     6.7226     5.6500 -9.990e-29
        201      6.424    14.9043   2.950617     2.7497     2.6647     0.0062  0.1492740      6.364    23.1496     6.7228     5.6504 -9.990e-29
        202      6.404    14.9042   2.950598     2.7501     2.6651     0.0062  0.1493005      6.344    23.1495     6.7231     5.6509 -9.990e-29
        203      6.384    14.9041   2.950579     2.7505     2.6655     0.0062  0.1493294      6.325    23.1494     6.7234     5.6513 -9.990e-29
        204      6.365    14.9040   2.950563     2.7509     2.6658     0.0062  0.1493609      6.306    23.1493     6.7237     5.6515 -9.990e-29
        205      6.345    14.9039   2.950548     2.7513     2.6662     0.0062  0.1493952      6.286    23.1492     6.7240     5.6520 -9.990e-29
        206      6.325    14.9039   2.950535     2.7517     2.6665     0.0062  0.1494325      6.266    23.1491     6.7244     5.6522 -9.990e-29
        207      6.306    14.9038   2.950523     2.7521     2.6669     0.0060  0.1494731      6.247    23.1491     6.7248     5.6527 -9.990e-29
        208      6.286    14.9037   2.950510     2.7524     2.6672     0.0062  0.1495173      6.227    23.1490     6.7248     5.6529 -9.990e-29
        209      6.266    14.9036   2.950497     2.7528     2.6676     0.0062  0.1495654      6.208    23.1490     6.7253     5.6535 -9.990e-29
        210      6.246    14.9035   2.950483     2.7532     2.6679     0.0062  0.1496177      6.188    23.1489     6.7257     5.6538 -9.990e-29
        211      6.226    14.9034   2.950469     2.7536     2.6682     0.0062  0.1496746      6.168    23.1489     6.7262     5.6540 -9.990e-29
        212      6.207    14.9033   2.950454     2.7539     2.6685     0.0062  0.1497365      6.149    23.1488     6.7263     5.6543 -9.990e-29
        213      6.187    14.9032   2.950437     2.7543     2.6688     0.0062  0.1498038      6.129    23.1487     6.7268     5.6547 -9.990e-29
        214      6.167    14.9031   2.950421     2.7546     2.6691     0.0062  0.1498761      6.110    23.1486     6.7271     5.6550 -9.990e-29
        215      6.147    14.9030   2.950404     2.7550     2.6694     0.0062  0.1499505      6.090    23.1486     6.7276     5.6553 -9.990e-29
        216      6.128    14.9029   2.950387     2.7553     2.6697     0.0062  0.1500226      6.071    23.1485     6.7279     5.6557 -9.990e-29
        217      6.108    14.9028   2.950372     2.7557     2.6700     0.0062  0.1500892      6.051    23.1484     6.7285     5.6560 -9.990e-29
        218      6.088    14.9027   2.950357     2.7560     2.6703     0.0062  0.1501502      6.031    23.1483     6.7288     5.6563 -9.990e-29
        219      6.068    14.9026   2.950342     2.7564     2.6706     0.0062  0.1502058      6.012    23.1483     6.7294     5.6567 -9.990e-29
        220      6.048    14.9025   2.950329     2.7567     2.6709     0.0060  0.1502566      5.992    23.1482     6.7297     5.6571 -9.990e-29
        221      6.028    14.9025   2.950316     2.7570     2.6712     0.0062  0.1503027      5.972    23.1481     6.7300     5.6574 -9.990e-29
        222      6.009    14.9024   2.950304     2.7573     2.6715     0.0062  0.1503447      5.953    23.1481     6.7304     5.6578 -9.990e-29
