data/2021/ctd_data_day3/station1a.cnv
* Sea-Bird SBE 9 Data File:
* FileName = C:\Users\CTD-User\Desktop\MAR440\day3\station1a.hex
* Software Version Seasave V 7.26.2.13
* Temperature SN = 6313
* Conductivity SN = 4758
* Number of Bytes Per Scan = 37
* Number of Voltage Words = 4
* Number of Scans Averaged by the Deck Unit = 1
* NMEA Latitude = 58 20.46 N
* NMEA Longitude = 011 53.94 E
* NMEA UTC (Time) = Sep 23 2021 08:23:54
* NMEA baud rate = 4800
** Ship: Skagerrak
** Station: station1a
** Operator: Jess
# nquan = 9
# nvalues = 3026                                  
# units = specified
# name 0 = scan: Scan Count
# name 1 = prDM: Pressure, Digiquartz [db]
# name 2 = t090C: Temperature [ITS-90, deg C]
# name 3 = c0S/m: Conductivity [S/m]
# name 4 = sbeox0V: Oxygen raw, SBE 43 [V]
# name 5 = sbeox1V: Oxygen raw, SBE 43, 2 [V]
# name 6 = flECO-AFL: Fluorescence, WET Labs ECO-AFL/FL [mg/m^3]
# name 7 = upoly0: Upoly 0, Turbidity
# name 8 = flag:  0.000e+00
# span 0 =          1,       3026                 
# span 1 =      1.106,     33.895                 
# span 2 =     7.9623,    15.7106                 
# span 3 =   2.731959,   3.468611                 
# span 4 =     0.4931,     2.8620                 
# span 5 =     0.5529,     2.7375                 
# span 6 =     0.0035,     0.0152                 
# span 7 =  0.0883968,  0.2354054                 
# span 8 = 0.0000e+00, 0.0000e+00                 
# interval = seconds: 0.0416667
# start_time = Sep 23 2021 08:23:54 [NMEA time, header]
# bad_flag = -9.990e-29
*END*
[from data line 2881]
       2882     31.685     8.6636   3.400893     0.5016     0.5590     0.0060  0.1128168  0.000e+00
       2883     31.751     8.6639   3.400957     0.5004     0.5590     0.0060  0.1128168  0.000e+00
       2884     31.751     8.6641   3.401149     0.5004     0.5590     0.0060  0.1128168  0.000e+00
       2885     31.751     8.6642   3.401190     0.4992     0.5590     0.0060  0.1128168  0.000e+00
       2886     31.817     8.6646   3.401295     0.5016     0.5590     0.0060  0.1128168  0.000e+00
       2887     31.751     8.6649   3.401405     0.5004     0.5590     0.0060  0.1128168  0.000e+00
       2888     31.809     8.6655   3.401382     0.5004     0.5590     0.0060  0.1128168  0.000e+00
       2889     31.875     8.6659   3.401475     0.5004     0.5590     0.0060  0.1128168  0.000e+00
       2890     31.809     8.6660   3.401632     0.4992     0.5590     0.0060  0.1128168  0.000e+00
       2891     31.875     8.6670   3.401743     0.5016     0.5590     0.0060  0.1128168  0.000e+00
       2892     31.809     8.6675   3.401830     0.5004     0.5590     0.0059  0.1128168  0.000e+00
       2893     31.932     8.6679   3.402046     0.5004     0.5590     0.0057  0.1128168  0.000e+00
       2894     31.875     8.6685   3.402214     0.4992     0.5578     0.0057  0.1128168  0.000e+00
       2895     31.932     8.6686   3.402273     0.5004     0.5578     0.0057  0.1128168  0.000e+00
       2896     31.932     8.6693   3.402337     0.5016     0.5590     0.0057  0.1123284  0.000e+00
       2897     31.932     8.6695   3.402459     0.4992     0.5578     0.0057  0.1128168  0.000e+00
       2898     31.932     8.6699   3.402651     0.4992     0.5590     0.0057  0.1128168  0.000e+00
       2899     31.990     8.6704   3.402645     0.4992     0.5578     0.0057  0.1128168  0.000e+00
       2900     31.990     8.6708   3.402779     0.5004     0.5578     0.0057  0.1128168  0.000e+00
       2901     31.998     8.6710   3.402831     0.5004     0.5578     0.0057  0.1128168  0.000e+00
       2902     31.990     8.6713   3.402884     0.5004     0.5578     0.0057  0.1128168  0.000e+00
       2903     31.990     8.6717   3.403012     0.5004     0.5578     0.0057  0.1128168  0.000e+00
       2904     32.056     8.6720   3.403093     0.5004     0.5578     0.0057  0.1128168  0.000e+00
       2905     32.056     8.6726   3.403140     0.5004     0.5578     0.0057  0.1128168  0.000e+00
       2906     32.114     8.6726   3.403186     0.5004     0.5578     0.0057  0.1128168  0.000e+00
       2907     32.056     8.6732   3.403355     0.4992     0.5578     0.0057  0.1128168  0.000e+00
       2908     32.122     8.6736   3.403466     0.4980     0.5578     0.0057  0.1128168  0.000e+00
       2909     32.114     8.6743   3.403524     0.4980     0.5578     0.0057  0.1128168  0.000e+00
       2910     32.114     8.6748   3.403646     0.5004     0.5578     0.0057  0.1128168  0.000e+00
       2911     32.180     8.6755   3.403722     0.5004     0.5578     0.0057  0.1128168  0.000e+00
       2912     32.114     8.6770   3.403925     0.4980     0.5578     0.0057  0.1128168  0.000e+00
       2913     32.180     8.6781   3.404153     0.5004     0.5578     0.0057  0.1128168  0.000e+00
       2914     32.180     8.6790   3.404473     0.4980     0.5578     0.0057  0.1128168  0.000e+00
       2915     32.246     8.6802   3.404775     0.5004     0.5578     0.0057  0.1128168  0.000e+00
       2916     32.238     8.6807   3.404921     0.4992     0.5578     0.0057  0.1128168  0.000e+00
       2917     32.180     8.6812   3.405125     0.4980     0.5578     0.0055  0.1128168  0.000e+00
       2918     32.304     8.6817   3.405276     0.4967     0.5578     0.0051  0.1128168  0.000e+00
       2919     32.238     8.6820   3.405445     0.4980     0.5578     0.0051  0.1128168  0.000e+00
       2920     32.304     8.6828   3.405538     0.4992     0.5578     0.0051  0.1128168  0.000e+00
       2921     32.304     8.6833   3.405759     0.4980     0.5578     0.0051  0.1128168  0.000e+00
       2922     32.304     8.6843   3.405963     0.4980     0.5578     0.0051  0.1128168  0.000e+00
       2923     32.304     8.6852   3.406173     0.4980     0.5578     0.0051  0.1128168  0.000e+00
       2924     32.361     8.6859   3.406301     0.5004     0.5578     0.0051  0.1128168  0.000e+00
       2925     32.361     8.6868   3.406551     0.4992     0.5566     0.0051  0.1128168  0.000e+00
       2926     32.361     8.6870   3.406784     0.4980     0.5566     0.0051  0.1128168  0.000e+00
       2927     32.361     8.6880   3.406982     0.4980     0.5566     0.0051  0.1128168  0.000e+00
       2928     32.427     8.6887   3.407186     0.4967     0.5566     0.0051  0.1128168  0.000e+00
       2929     32.419     8.6897   3.407395     0.4980     0.5566     0.0051  0.1128168  0.000e+00
       2930     32.419     8.6906   3.407593     0.4980     0.5566     0.0051  0.1128168  0.000e+00
       2931     32.419     8.6916   3.407797     0.4967     0.5566     0.0051  0.1128168  0.000e+00
       2932     32.485     8.6924   3.408036     0.4967     0.5566     0.0051  0.1128168  0.000e+00
       2933     32.485     8.6932   3.408117     0.4967     0.5566     0.0051  0.1128168  0.000e+00
       2934     32.485     8.6934   3.408147     0.5004     0.5566     0.0051  0.1128168  0.000e+00
       2935     32.493     8.6937   3.408228     0.4980     0.5566     0.0051  0.1128168  0.000e+00
       2936     32.485     8.6941   3.408391     0.4967     0.5566     0.0051  0.1128168  0.000e+00
       2937     32.543     8.6940   3.408455     0.4955     0.5566     0.0051  0.1123284  0.000e+00
       2938     32.543     8.6943   3.408467     0.4967     0.5566     0.0051  0.1128168  0.000e+00
       2939     32.543     8.6941   3.408467     0.4992     0.5566     0.0053  0.1128168  0.000e+00
       2940     32.609     8.6943   3.408554     0.4980     0.5566     0.0051  0.1128168  0.000e+00
       2941     32.609     8.6945   3.408519     0.4967     0.5566     0.0051  0.1128168  0.000e+00
       2942     32.609     8.6947   3.408636     0.4955     0.5566     0.0051  0.1128168  0.000e+00
       2943     32.609     8.6947   3.408700     0.4967     0.5566     0.0049  0.1133053  0.000e+00
       2944     32.609     8.6948   3.408642     0.4980     0.5566     0.0048  0.1137937  0.000e+00
       2945     32.666     8.6952   3.408618     0.4967     0.5566     0.0048  0.1137937  0.000e+00
       2946     32.666     8.6953   3.408636     0.4955     0.5566     0.0048  0.1137937  0.000e+00
       2947     32.732     8.6952   3.408834     0.4955     0.5566     0.0048  0.1133053  0.000e+00
       2948     32.609     8.6953   3.408892     0.4980     0.5554     0.0048  0.1137937  0.000e+00
       2949     32.732     8.6955   3.408846     0.4980     0.5566     0.0048  0.1137937  0.000e+00
       2950     32.732     8.6957   3.408764     0.4980     0.5566     0.0048  0.1137937  0.000e+00
       2951     32.732     8.6955   3.408717     0.4967     0.5566     0.0048  0.1137937  0.000e+00
       2952     32.790     8.6957   3.408781     0.4967     0.5554     0.0048  0.1137937  0.000e+00
       2953     32.732     8.6960   3.408968     0.4980     0.5566     0.0048  0.1137937  0.000e+00
       2954     32.798     8.6957   3.409061     0.4980     0.5566     0.0048  0.1133053  0.000e+00
       2955     32.790     8.6960   3.408962     0.4955     0.5566     0.0048  0.1137937  0.000e+00
       2956     32.790     8.6960   3.408834     0.4955     0.5566     0.0048  0.1137937  0.000e+00
       2957     32.848     8.6961   3.408915     0.4955     0.5554     0.0048  0.1133053  0.000e+00
       2958     32.848     8.6963   3.408974     0.4980     0.5566     0.0048  0.1137937  0.000e+00
       2959     32.848     8.6964   3.409108     0.4967     0.5566     0.0048  0.1137937  0.000e+00
       2960     32.856     8.6967   3.409277     0.4955     0.5554     0.0048  0.1137937  0.000e+00
       2961     32.914     8.6969   3.409300     0.4955     0.5554     0.0048  0.1137937  0.000e+00
       2962     32.914     8.6970   3.409201     0.4955     0.5554     0.0048  0.1137937  0.000e+00
       2963     32.914     8.6971   3.409189     0.4967     0.5566     0.0048  0.1137937  0.000e+00
       2964     32.914     8.6970   3.409201     0.4955     0.5554     0.0048  0.1137937  0.000e+00
       2965     32.971     8.6972   3.409294     0.4955     0.5554     0.0048  0.1137937  0.000e+00
       2966     32.914     8.6976   3.409393     0.4955     0.5554     0.0048  0.1133053  0.000e+00
       2967     32.971     8.6978   3.409416     0.4955     0.5554     0.0048  0.1137937  0.000e+00
       2968     32.971     8.6979   3.409434     0.4967     0.5554     0.0048  0.1137937  0.000e+00
       2969     33.037     8.6981   3.409445     0.4955     0.5554     0.0048  0.1137937  0.000e+00
       2970     33.037     8.6982   3.409445     0.4955     0.5554     0.0048  0.1137937  0.000e+00
       2971     32.971     8.6981   3.409498     0.4955     0.5554     0.0048  0.1133053  0.000e+00
       2972     33.095     8.6984   3.409644     0.4967     0.5554     0.0048  0.1137937  0.000e+00
       2973     33.037     8.6983   3.409667     0.4967     0.5554     0.0048  0.1137937  0.000e+00
       2974     33.095     8.6984   3.409591     0.4955     0.5554     0.0048  0.1137937  0.000e+00
       2975     33.095     8.6983   3.409521     0.4943     0.5554     0.0048  0.1137937  0.000e+00
       2976     33.095     8.6986   3.409527     0.4943     0.5554     0.0048  0.1137937  0.000e+00
       2977     33.153     8.6985   3.409539     0.4967     0.5554     0.0048  0.1137937  0.000e+00
       2978     33.153     8.6986   3.409731     0.4967     0.5554     0.0048  0.1137937  0.000e+00
       2979     33.103     8.6985   3.409783     0.4955     0.5554     0.0048  0.1137937  0.000e+00
       2980     33.219     8.6986   3.409760     0.4955     0.5554     0.0048  0.1133053  0.000e+00
       2981     33.153     8.6986   3.409591     0.4943     0.5541     0.0048  0.1137937  0.000e+00
       2982     33.219     8.6990   3.409649     0.4967     0.5554     0.0048  0.1137937  0.000e+00
       2983     33.219     8.6984   3.409737     0.4955     0.5554     0.0048  0.1133053  0.000e+00
       2984     33.219     8.6988   3.409754     0.4943     0.5554     0.0048  0.1137937  0.000e+00
       2985     33.285     8.6987   3.409865     0.4955     0.5554     0.0048  0.1137937  0.000e+00
       2986     33.219     8.6985   3.409859     0.4955     0.5541     0.0048  0.1137937  0.000e+00
       2987     33.342     8.6989   3.409888     0.4967     0.5541     0.0048  0.1133053  0.000e+00
       2988     33.277     8.6988   3.409859     0.4955     0.5541     0.0048  0.1137937  0.000e+00
       2989     33.277     8.6991   3.409818     0.4955     0.5554     0.0048  0.1133053  0.000e+00
       2990     33.342     8.6988   3.409789     0.4955     0.5554     0.0048  0.1137937  0.000e+00
       2991     33.342     8.6987   3.409813     0.4955     0.5541     0.0048  0.1137937  0.000e+00
       2992     33.342     8.6988   3.410086     0.4955     0.5554     0.0048  0.1137937  0.000e+00
       2993     33.400     8.6989   3.410063     0.4943     0.5541     0.0048  0.1137937  0.000e+00
       2994     33.400     8.6990   3.409958     0.4955     0.5541     0.0048  0.1133053  0.000e+00
       2995     33.343     8.6991   3.409912     0.4943     0.5541     0.0049  0.1137937  0.000e+00
       2996     33.466     8.6991   3.409906     0.4955     0.5541     0.0049  0.1137937  0.000e+00
       2997     33.408     8.6991   3.409923     0.4955     0.5541     0.0049  0.1137937  0.000e+00
       2998     33.466     8.6989   3.409941     0.4943     0.5541     0.0049  0.1137937  0.000e+00
       2999     33.466     8.6990   3.410051     0.4955     0.5541     0.0049  0.1137937  0.000e+00
       3000     33.466     8.6991   3.410092     0.4931     0.5541     0.0049  0.1137937  0.000e+00
       3001     33.466     8.6991   3.410040     0.4955     0.5541     0.0049  0.1137937  0.000e+00
       3002     33.532     8.6991   3.410005     0.4955     0.5541     0.0049  0.1137937  0.000e+00
       3003     33.524     8.6990   3.410040     0.4955     0.5541     0.0049  0.1133053  0.000e+00
       3004     33.524     8.6991   3.410011     0.4931     0.5541     0.0049  0.1133053  0.000e+00
       3005     33.524     8.6991   3.410016     0.4931     0.5554     0.0049  0.1137937  0.000e+00
       3006     33.582     8.6989   3.410150     0.4955     0.5541     0.0049  0.1137937  0.000e+00
       3007     33.582     8.6991   3.410226     0.4955     0.5541     0.0049  0.1133053  0.000e+00
       3008     33.590     8.6989   3.410244     0.4943     0.5541     0.0049  0.1137937  0.000e+00
       3009     33.582     8.6991   3.410191     0.4931     0.5541     0.0049  0.1137937  0.000e+00
       3010     33.648     8.6992   3.410133     0.4931     0.5541     0.0049  0.1133053  0.000e+00
       3011     33.582     8.6993   3.410139     0.4955     0.5541     0.0049  0.1137937  0.000e+00
       3012     33.648     8.6996   3.410220     0.4943     0.5541     0.0049  0.1137937  0.000e+00
       3013     33.705     8.6996   3.410343     0.4931     0.5541     0.0049  0.1137937  0.000e+00
       3014     33.648     8.6997   3.410389     0.4931     0.5541     0.0049  0.1137937  0.000e+00
       3015     33.705     8.7002   3.410442     0.4955     0.5529     0.0051  0.1137937  0.000e+00
       3016     33.705     8.7001   3.410436     0.4955     0.5529     0.0049  0.1137937  0.000e+00
       3017     33.705     8.7000   3.410471     0.4943     0.5541     0.0049  0.1137937  0.000e+00
       3018     33.705     8.7006   3.410558     0.4931     0.5541     0.0049  0.1133053  0.000e+00
       3019     33.771     8.7003   3.410622     0.4931     0.5541     0.0049  0.1137937  0.000e+00
       3020     33.771     8.7007   3.410663     0.4955     0.5541     0.0049  0.1142821  0.000e+00
       3021     33.771     8.7010   3.410820     0.4955     0.5529     0.0049  0.1142821  0.000e+00
       3022     33.771     8.7011   3.410855     0.4955     0.5529     0.0049  0.1142821  0.000e+00
       3023     33.829     8.7012   3.410879     0.4931     0.5529     0.0049  0.1142821  0.000e+00
       3024     33.829     8.7014   3.410861     0.4931     0.5529     0.0049  0.1142821  0.000e+00
       3025     33.771     8.7018   3.411013     0.4943     0.5541     0.0049  0.1142821  0.000e+00
       3026     33.895     8.7017   3.411001     0.4955     0.5529     0.0049  0.1142821  0.000e+00
