data/2021/ctd_data_day3/station8H_ctm.cnv
* Sea-Bird SBE 9 Data File:
* FileName = C:\Users\CTD-User\Desktop\MAR440\day3\station8H.hex
* Software Version Seasave V 7.26.2.13
* Temperature SN = 6313
* Conductivity SN = 4758
* Number of Bytes Per Scan = 37
* Number of Voltage Words = 4
* Number of Scans Averaged by the Deck Unit = 1
* NMEA Latitude = 58 19.26 N
* NMEA Longitude = 011 49.42 E
* NMEA UTC (Time) = Sep 23 2021 11:26:46
* NMEA baud rate = 4800
** Ship: Skagerrak
** Station: station8H
** Operator: Emma
# nquan = 9
# nvalues = 2851                        
# units = specified
# name 0 = scan: Scan Count
# name 1 = prDM: Pressure, Digiquartz [db]
# name 2 = t090C: Temperature [ITS-90, deg C]
# name 3 = c0S/m: Conductivity [S/m]
# name 4 = sbeox0V: Oxygen raw, SBE 43 [V]
# name 5 = sbeox1V: Oxygen raw, SBE 43, 2 [V]
# name 6 = flECO-AFL: Fluorescence, WET Labs ECO-AFL/FL [mg/m^3]
# name 7 = upoly0: Upoly 0, Turbidity
# name 8 = flag:  0.000e+00
# span 0 =          1,       2851       
# span 1 =      1.324,     23.210       
# span 2 =    13.0135,    15.5436       
# span 3 =   2.901842,   3.766424       
# span 4 =     1.0902,     2.7985       
# span 5 =     1.1220,     2.7021       
# span 6 =     0.0037,     0.0104       
# span 7 =  0.0893736,  0.1548193       
# span 8 = 0.0000e+00, 0.0000e+00       
# interval = seconds: 0.0416667
# start_time = Sep 23 2021 11:26:46 [NMEA time, header]
# bad_flag = -9.990e-29
*END*
[from data line 2241]
       2242     13.004    13.6652   3.416420     2.0073     1.8595     0.0044  0.0918156 0.0000e+00
       2243     13.004    13.6694   3.417501     1.9963     1.8510     0.0044  0.0918156 0.0000e+00
       2244     13.004    13.6734   3.418703     1.9853     1.8412     0.0044  0.0923040 0.0000e+00
       2245     13.103    13.6761   3.420058     1.9755     1.8327     0.0044  0.0918156 0.0000e+00
       2246     13.062    13.6780   3.421166     1.9657     1.8241     0.0044  0.0923040 0.0000e+00
       2247     13.062    13.6820   3.421966     1.9584     1.8156     0.0044  0.0918156 0.0000e+00
       2248     13.128    13.6863   3.422908     1.9474     1.8070     0.0044  0.0918156 0.0000e+00
       2249     13.169    13.6894   3.423966     1.9377     1.7985     0.0044  0.0923040 0.0000e+00
       2250     13.186    13.6916   3.424561     1.9291     1.7911     0.0044  0.0918156 0.0000e+00
       2251     13.128    13.6930   3.425263     1.9206     1.7826     0.0044  0.0918156 0.0000e+00
       2252     13.251    13.6938   3.425939     1.9145     1.7753     0.0044  0.0923040 0.0000e+00
       2253     13.251    13.6939   3.426327     1.9022     1.7667     0.0044  0.0918156 0.0000e+00
       2254     13.227    13.6938   3.426714     1.8937     1.7594     0.0044  0.0923040 0.0000e+00
       2255     13.309    13.6934   3.426807     1.8839     1.7521     0.0044  0.0923040 0.0000e+00
       2256     13.251    13.6928   3.427046     1.8766     1.7447     0.0046  0.0918156 0.0000e+00
       2257     13.367    13.6930   3.427166     1.8693     1.7374     0.0046  0.0923040 0.0000e+00
       2258     13.350    13.6941   3.427358     1.8595     1.7301     0.0046  0.0913272 0.0000e+00
       2259     13.367    13.6956   3.427668     1.8497     1.7228     0.0046  0.0923040 0.0000e+00
       2260     13.367    13.6966   3.427954     1.8436     1.7154     0.0046  0.0913272 0.0000e+00
       2261     13.433    13.6970   3.428353     1.8351     1.7093     0.0046  0.0913272 0.0000e+00
       2262     13.408    13.6968   3.428395     1.8290     1.7020     0.0046  0.0923040 0.0000e+00
       2263     13.490    13.6973   3.428631     1.8192     1.6947     0.0046  0.0913272 0.0000e+00
       2264     13.433    13.6977   3.428808     1.8107     1.6886     0.0046  0.0913272 0.0000e+00
       2265     13.556    13.6975   3.429053     1.8046     1.6812     0.0046  0.0923040 0.0000e+00
       2266     13.474    13.6956   3.429070     1.7960     1.6739     0.0046  0.0923040 0.0000e+00
       2267     13.556    13.6923   3.429139     1.7899     1.6678     0.0046  0.0913272 0.0000e+00
       2268     13.556    13.6889   3.428975     1.7801     1.6629     0.0046  0.0913272 0.0000e+00
       2269     13.614    13.6869   3.428893     1.7728     1.6568     0.0046  0.0923040 0.0000e+00
       2270     13.597    13.6873   3.428713     1.7655     1.6495     0.0046  0.0923040 0.0000e+00
       2271     13.672    13.6904   3.429128     1.7594     1.6434     0.0046  0.0913272 0.0000e+00
       2272     13.672    13.6968   3.430006     1.7520     1.6373     0.0046  0.0913272 0.0000e+00
       2273     13.672    13.7055   3.431628     1.7447     1.6312     0.0046  0.0913272 0.0000e+00
       2274     13.672    13.7143   3.433671     1.7374     1.6263     0.0046  0.0913272 0.0000e+00
       2275     13.713    13.7226   3.435899     1.7313     1.6202     0.0046  0.0923040 0.0000e+00
       2276     13.795    13.7309   3.437917     1.7264     1.6141     0.0046  0.0913272 0.0000e+00
       2277     13.737    13.7390   3.439654     1.7166     1.6092     0.0046  0.0913272 0.0000e+00
       2278     13.795    13.7476   3.441457     1.7118     1.6031     0.0046  0.0923040 0.0000e+00
       2279     13.836    13.7537   3.443011     1.7032     1.5982     0.0046  0.0923040 0.0000e+00
       2280     13.795    13.7574   3.444140     1.6983     1.5933     0.0046  0.0913272 0.0000e+00
       2281     13.919    13.7587   3.445197     1.6922     1.5872     0.0046  0.0913272 0.0000e+00
       2282     13.861    13.7579   3.446168     1.6849     1.5823     0.0044  0.0913272 0.0000e+00
       2283     13.902    13.7558   3.446896     1.6788     1.5774     0.0042  0.0908388 0.0000e+00
       2284     13.919    13.7500   3.447234     1.6727     1.5726     0.0042  0.0908388 0.0000e+00
       2285     13.985    13.7420   3.447283     1.6678     1.5677     0.0042  0.0908388 0.0000e+00
       2286     13.985    13.7350   3.447178     1.6617     1.5628     0.0042  0.0908388 0.0000e+00
       2287     13.985    13.7298   3.447303     1.6556     1.5567     0.0042  0.0908388 0.0000e+00
       2288     14.026    13.7243   3.447537     1.6483     1.5518     0.0042  0.0908388 0.0000e+00
       2289     14.042    13.7191   3.447878     1.6434     1.5481     0.0042  0.0908388 0.0000e+00
       2290     14.042    13.7140   3.448383     1.6397     1.5433     0.0042  0.0908388 0.0000e+00
       2291     14.100    13.7085   3.448934     1.6336     1.5384     0.0042  0.0908388 0.0000e+00
       2292     14.083    13.7003   3.449357     1.6263     1.5347     0.0042  0.0913272 0.0000e+00
       2293     14.166    13.6915   3.449555     1.6202     1.5310     0.0042  0.0908388 0.0000e+00
       2294     14.166    13.6854   3.449660     1.6153     1.5262     0.0042  0.0908388 0.0000e+00
       2295     14.166    13.6819   3.449966     1.6116     1.5213     0.0042  0.0908388 0.0000e+00
       2296     14.166    13.6846   3.450525     1.6055     1.5176     0.0042  0.0908388 0.0000e+00
       2297     14.265    13.6928   3.451673     1.5994     1.5139     0.0042  0.0908388 0.0000e+00
       2298     14.224    13.7032   3.453514     1.5945     1.5103     0.0042  0.0908388 0.0000e+00
       2299     14.289    13.7152   3.455695     1.5909     1.5054     0.0042  0.0908388 0.0000e+00
       2300     14.289    13.7290   3.457936     1.5860     1.5017     0.0042  0.0908388 0.0000e+00
       2301     14.331    13.7434   3.459875     1.5811     1.4981     0.0042  0.0908388 0.0000e+00
       2302     14.289    13.7554   3.462021     1.5750     1.4944     0.0042  0.0908388 0.0000e+00
       2303     14.347    13.7618   3.463829     1.5701     1.4907     0.0042  0.0908388 0.0000e+00
       2304     14.405    13.7634   3.465361     1.5664     1.4871     0.0042  0.0908388 0.0000e+00
       2305     14.405    13.7618   3.466460     1.5628     1.4834     0.0042  0.0908388 0.0000e+00
       2306     14.454    13.7563   3.467267     1.5567     1.4798     0.0042  0.0908388 0.0000e+00
       2307     14.471    13.7474   3.467510     1.5518     1.4761     0.0042  0.0908388 0.0000e+00
       2308     14.405    13.7373   3.467649     1.5469     1.4724     0.0042  0.0908388 0.0000e+00
       2309     14.528    13.7259   3.467291     1.5457     1.4700     0.0042  0.0908388 0.0000e+00
       2310     14.512    13.7152   3.466842     1.5408     1.4663     0.0042  0.0908388 0.0000e+00
       2311     14.528    13.7038   3.466220     1.5359     1.4627     0.0042  0.0908388 0.0000e+00
       2312     14.528    13.6928   3.466004     1.5310     1.4602     0.0042  0.0908388 0.0000e+00
       2313     14.594    13.6864   3.466059     1.5261     1.4566     0.0042  0.0908388 0.0000e+00
       2314     14.594    13.6856   3.466581     1.5249     1.4529     0.0042  0.0908388 0.0000e+00
       2315     14.635    13.6946   3.467872     1.5213     1.4504     0.0042  0.0908388 0.0000e+00
       2316     14.652    13.7107   3.470283     1.5164     1.4468     0.0042  0.0908388 0.0000e+00
       2317     14.718    13.7313   3.473931     1.5115     1.4443     0.0042  0.0908388 0.0000e+00
       2318     14.652    13.7539   3.478381     1.5078     1.4419     0.0042  0.0908388 0.0000e+00
       2319     14.718    13.7727   3.482066     1.5066     1.4382     0.0042  0.0908388 0.0000e+00
       2320     14.759    13.7834   3.484746     1.5005     1.4358     0.0042  0.0908388 0.0000e+00
       2321     14.776    13.7868   3.486633     1.4968     1.4334     0.0042  0.0908388 0.0000e+00
       2322     14.776    13.7846   3.487806     1.4932     1.4309     0.0042  0.0908388 0.0000e+00
       2323     14.833    13.7800   3.488688     1.4920     1.4285     0.0042  0.0908388 0.0000e+00
       2324     14.817    13.7755   3.489177     1.4883     1.4260     0.0042  0.0908388 0.0000e+00
       2325     14.833    13.7705   3.489562     1.4846     1.4224     0.0042  0.0908388 0.0000e+00
       2326     14.899    13.7681   3.490236     1.4797     1.4199     0.0042  0.0908388 0.0000e+00
       2327     14.899    13.7687   3.490996     1.4773     1.4175     0.0042  0.0908388 0.0000e+00
       2328     14.899    13.7707   3.491951     1.4749     1.4150     0.0042  0.0908388 0.0000e+00
       2329     14.940    13.7750   3.493055     1.4712     1.4138     0.0042  0.0908388 0.0000e+00
       2330     14.957    13.7797   3.494344     1.4675     1.4102     0.0042  0.0908388 0.0000e+00
       2331     15.023    13.7834   3.495858     1.4639     1.4077     0.0042  0.0908388 0.0000e+00
       2332     15.023    13.7863   3.497081     1.4614     1.4065     0.0042  0.0908388 0.0000e+00
       2333     15.023    13.7883   3.498147     1.4590     1.4040     0.0038  0.0903504 0.0000e+00
       2334     15.064    13.7895   3.498869     1.4565     1.4016     0.0038  0.0903504 0.0000e+00
       2335     15.080    13.7898   3.499475     1.4529     1.3992     0.0037  0.0903504 0.0000e+00
       2336     15.080    13.7902   3.500158     1.4492     1.3967     0.0038  0.0903504 0.0000e+00
       2337     15.138    13.7903   3.500753     1.4455     1.3943     0.0038  0.0903504 0.0000e+00
       2338     15.080    13.7907   3.501389     1.4443     1.3918     0.0038  0.0903504 0.0000e+00
       2339     15.188    13.7903   3.501751     1.4431     1.3894     0.0038  0.0903504 0.0000e+00
       2340     15.204    13.7896   3.502218     1.4382     1.3882     0.0038  0.0903504 0.0000e+00
       2341     15.204    13.7879   3.502428     1.4346     1.3857     0.0038  0.0903504 0.0000e+00
       2342     15.262    13.7859   3.502685     1.4333     1.3845     0.0038  0.0903504 0.0000e+00
       2343     15.204    13.7839   3.502888     1.4309     1.3821     0.0038  0.0903504 0.0000e+00
       2344     15.303    13.7819   3.503350     1.4272     1.3796     0.0038  0.0903504 0.0000e+00
       2345     15.262    13.7812   3.503735     1.4248     1.3784     0.0038  0.0903504 0.0000e+00
       2346     15.328    13.7816   3.504277     1.4236     1.3760     0.0038  0.0903504 0.0000e+00
       2347     15.385    13.7831   3.504559     1.4199     1.3747     0.0038  0.0903504 0.0000e+00
       2348     15.328    13.7851   3.505136     1.4187     1.3723     0.0038  0.0903504 0.0000e+00
       2349     15.369    13.7883   3.505559     1.4150     1.3699     0.0038  0.0903504 0.0000e+00
       2350     15.451    13.7931   3.506236     1.4126     1.3686     0.0038  0.0903504 0.0000e+00
       2351     15.451    13.7973   3.506968     1.4089     1.3674     0.0038  0.0903504 0.0000e+00
       2352     15.451    13.8008   3.507817     1.4089     1.3650     0.0038  0.0903504 0.0000e+00
       2353     15.451    13.8008   3.508397     1.4065     1.3637     0.0038  0.0903504 0.0000e+00
       2354     15.492    13.7982   3.508710     1.4040     1.3613     0.0038  0.0903504 0.0000e+00
       2355     15.509    13.7939   3.508738     1.3991     1.3601     0.0038  0.0903504 0.0000e+00
       2356     15.509    13.7891   3.508553     1.3967     1.3589     0.0038  0.0903504 0.0000e+00
       2357     15.566    13.7834   3.508424     1.3967     1.3576     0.0038  0.0903504 0.0000e+00
       2358     15.632    13.7760   3.508116     1.3943     1.3552     0.0038  0.0898620 0.0000e+00
       2359     15.616    13.7655   3.507792     1.3906     1.3540     0.0040  0.0898620 0.0000e+00
       2360     15.566    13.7507   3.507014     1.3882     1.3515     0.0040  0.0898620 0.0000e+00
       2361     15.690    13.7403   3.506108     1.3857     1.3503     0.0040  0.0898620 0.0000e+00
       2362     15.632    13.7370   3.505393     1.3857     1.3491     0.0040  0.0898620 0.0000e+00
       2363     15.690    13.7306   3.504908     1.3845     1.3479     0.0040  0.0898620 0.0000e+00
       2364     15.731    13.7252   3.504532     1.3796     1.3454     0.0040  0.0898620 0.0000e+00
       2365     15.690    13.7221   3.504096     1.3772     1.3442     0.0040  0.0898620 0.0000e+00
       2366     15.756    13.7157   3.503870     1.3759     1.3430     0.0040  0.0898620 0.0000e+00
       2367     15.814    13.7033   3.503216     1.3759     1.3418     0.0040  0.0898620 0.0000e+00
       2368     15.756    13.6899   3.502315     1.3723     1.3405     0.0040  0.0898620 0.0000e+00
       2369     15.855    13.6787   3.501182     1.3698     1.3381     0.0040  0.0898620 0.0000e+00
       2370     15.814    13.6707   3.500598     1.3674     1.3369     0.0040  0.0898620 0.0000e+00
       2371     15.814    13.6519   3.499684     1.3662     1.3357     0.0040  0.0898620 0.0000e+00
       2372     15.937    13.6262   3.498032     1.3674     1.3344     0.0040  0.0898620 0.0000e+00
       2373     15.871    13.5894   3.495374     1.3625     1.3332     0.0040  0.0898620 0.0000e+00
       2374     15.937    13.5386   3.491369     1.3601     1.3320     0.0040  0.0898620 0.0000e+00
       2375     15.921    13.4952   3.487161     1.3576     1.3308     0.0040  0.0898620 0.0000e+00
       2376     15.995    13.4529   3.483411     1.3576     1.3296     0.0040  0.0898620 0.0000e+00
       2377     15.995    13.4223   3.480079     1.3576     1.3283     0.0040  0.0898620 0.0000e+00
       2378     15.995    13.3917   3.476778     1.3540     1.3259     0.0040  0.0898620 0.0000e+00
       2379     15.995    13.3563   3.473572     1.3515     1.3247     0.0040  0.0898620 0.0000e+00
       2380     16.044    13.3246   3.470810     1.3503     1.3235     0.0040  0.0898620 0.0000e+00
       2381     16.118    13.2952   3.467976     1.3491     1.3235     0.0040  0.0898620 0.0000e+00
       2382     16.061    13.2629   3.465348     1.3479     1.3222     0.0040  0.0898620 0.0000e+00
       2383     16.118    13.2321   3.462705     1.3454     1.3210     0.0040  0.0898620 0.0000e+00
       2384     16.118    13.2046   3.459736     1.3430     1.3198     0.0042  0.0908388 0.0000e+00
       2385     16.160    13.1828   3.457228     1.3418     1.3186     0.0042  0.0908388 0.0000e+00
       2386     16.184    13.1658   3.455098     1.3418     1.3173     0.0042  0.0908388 0.0000e+00
       2387     16.242    13.1511   3.452884     1.3393     1.3161     0.0042  0.0908388 0.0000e+00
       2388     16.184    13.1469   3.451565     1.3369     1.3149     0.0042  0.0908388 0.0000e+00
       2389     16.242    13.1335   3.450650     1.3344     1.3137     0.0042  0.0908388 0.0000e+00
       2390     16.242    13.1248   3.449729     1.3332     1.3125     0.0042  0.0908388 0.0000e+00
       2391     16.283    13.1213   3.448993     1.3356     1.3125     0.0040  0.0908388 0.0000e+00
       2392     16.366    13.1203   3.448518     1.3320     1.3112     0.0042  0.0908388 0.0000e+00
       2393     16.300    13.1193   3.448196     1.3295     1.3100     0.0042  0.0908388 0.0000e+00
       2394     16.300    13.1181   3.448176     1.3283     1.3088     0.0042  0.0908388 0.0000e+00
       2395     16.423    13.1184   3.448332     1.3259     1.3076     0.0042  0.0908388 0.0000e+00
       2396     16.349    13.1191   3.448554     1.3259     1.3064     0.0042  0.0908388 0.0000e+00
       2397     16.423    13.1189   3.448907     1.3234     1.3051     0.0042  0.0908388 0.0000e+00
       2398     16.423    13.1193   3.449232     1.3210     1.3039     0.0042  0.0908388 0.0000e+00
       2399     16.489    13.1193   3.449574     1.3210     1.3027     0.0042  0.0908388 0.0000e+00
       2400     16.423    13.1193   3.449963     1.3198     1.3015     0.0042  0.0908388 0.0000e+00
