data/2021/ctd_data_day3/station7g.cnv
* Sea-Bird SBE 9 Data File:
* FileName = C:\Users\CTD-User\Desktop\MAR440\day3\station7g.hex
* Software Version Seasave V 7.26.2.13
* Temperature SN = 6313
* Conductivity SN = 4758
* Number of Bytes Per Scan = 37
* Number of Voltage Words = 4
* Number of Scans Averaged by the Deck Unit = 1
* NMEA Latitude = 58 18.80 N
* NMEA Longitude = 011 46.06 E
* NMEA UTC (Time) = Sep 23 2021 10:57:43
* NMEA baud rate = 4800
** Ship: Skagerrak
** Station: station7g
** Operator: Christina
# nquan = 9
# nvalues = 3543                                  
# units = specified
# name 0 = scan: Scan Count
# name 1 = prDM: Pressure, Digiquartz [db]
# name 2 = t090C: Temperature [ITS-90, deg C]
# name 3 = c0S/m: Conductivity [S/m]
# name 4 = sbeox0V: Oxygen raw, SBE 43 [V]
# name 5 = sbeox1V: Oxygen raw, SBE 43, 2 [V]
# name 6 = flECO-AFL: Fluorescence, WET Labs ECO-AFL/FL [mg/m^3]
# name 7 = upoly0: Upoly 0, Turbidity
# name 8 = flag:  0.000e+00
# span 0 =          1,       3543                 
# span 1 =      1.313,     39.126                 
# span 2 =     5.9224,    16.0572                 
# span 3 =   2.903987,   3.724249                 
# span 4 =     0.4954,     2.8742                 
# span 5 =     0.5504,     2.8181                 
# span 6 =     0.0033,     0.0139                 
# span 7 =  0.0859548,  0.1587265                 
# span 8 = 0.0000e+00, 0.0000e+00                 
# interval = seconds: 0.0416667
# start_time = Sep 23 2021 10:57:43 [NMEA time, header]
# bad_flag = -9.990e-29
*END*
[from data line 2721]
       2722     25.682    10.2347   3.525892     1.2184     1.2673     0.0037  0.0869316  0.000e+00
       2723     25.806    10.2258   3.525426     1.2172     1.2661     0.0037  0.0869316  0.000e+00
       2724     25.806    10.2117   3.524824     1.2160     1.2648     0.0037  0.0869316  0.000e+00
       2725     25.740    10.1949   3.523880     1.2160     1.2636     0.0037  0.0869316  0.000e+00
       2726     25.863    10.1794   3.522730     1.2184     1.2636     0.0037  0.0869316  0.000e+00
       2727     25.863    10.1612   3.521344     1.2148     1.2624     0.0035  0.0869316  0.000e+00
       2728     25.863    10.1416   3.519988     1.2135     1.2624     0.0035  0.0864432  0.000e+00
       2729     25.863    10.1180   3.518461     1.2135     1.2612     0.0035  0.0869316  0.000e+00
       2730     25.921    10.0940   3.516368     1.2135     1.2600     0.0035  0.0869316  0.000e+00
       2731     25.921    10.0769   3.514152     1.2135     1.2587     0.0035  0.0869316  0.000e+00
       2732     25.987    10.0563   3.512520     1.2135     1.2575     0.0035  0.0869316  0.000e+00
       2733     25.987    10.0325   3.510547     1.2111     1.2575     0.0035  0.0864432  0.000e+00
       2734     25.987    10.0047   3.508073     1.2087     1.2563     0.0035  0.0864432  0.000e+00
       2735     26.044     9.9783   3.505423     1.2087     1.2551     0.0035  0.0869316  0.000e+00
       2736     26.044     9.9460   3.502680     1.2087     1.2539     0.0035  0.0869316  0.000e+00
       2737     26.110     9.9178   3.500068     1.2074     1.2539     0.0035  0.0864432  0.000e+00
       2738     26.110     9.8839   3.497744     1.2050     1.2526     0.0035  0.0869316  0.000e+00
       2739     26.110     9.8495   3.495509     1.2050     1.2514     0.0035  0.0869316  0.000e+00
       2740     26.110     9.8255   3.493281     1.2062     1.2502     0.0035  0.0869316  0.000e+00
       2741     26.226     9.7901   3.490618     1.2062     1.2490     0.0035  0.0869316  0.000e+00
       2742     26.168     9.7453   3.487292     1.2038     1.2490     0.0035  0.0869316  0.000e+00
       2743     26.226     9.7049   3.484150     1.2025     1.2477     0.0035  0.0869316  0.000e+00
       2744     26.176     9.6742   3.481172     1.2013     1.2465     0.0035  0.0869316  0.000e+00
       2745     26.291     9.6539   3.479300     1.2038     1.2453     0.0035  0.0869316  0.000e+00
       2746     26.291     9.6443   3.477885     1.2013     1.2441     0.0035  0.0869316  0.000e+00
       2747     26.225     9.6404   3.476606     1.2001     1.2441     0.0035  0.0869316  0.000e+00
       2748     26.349     9.6332   3.475626     1.1977     1.2429     0.0035  0.0869316  0.000e+00
       2749     26.349     9.6264   3.474575     1.1989     1.2429     0.0035  0.0869316  0.000e+00
       2750     26.349     9.6212   3.473725     1.2001     1.2416     0.0035  0.0869316  0.000e+00
       2751     26.415     9.6197   3.473056     1.1989     1.2404     0.0035  0.0869316  0.000e+00
       2752     26.415     9.6155   3.472628     1.1952     1.2392     0.0037  0.0864432  0.000e+00
       2753     26.415     9.6103   3.472117     1.1952     1.2380     0.0038  0.0869316  0.000e+00
       2754     26.473     9.6073   3.471754     1.1952     1.2380     0.0038  0.0869316  0.000e+00
       2755     26.473     9.6006   3.471255     1.1952     1.2368     0.0038  0.0864432  0.000e+00
       2756     26.473     9.5901   3.470393     1.1940     1.2355     0.0038  0.0869316  0.000e+00
       2757     26.539     9.5792   3.469567     1.1940     1.2343     0.0038  0.0869316  0.000e+00
       2758     26.539     9.5691   3.468746     1.1916     1.2331     0.0038  0.0869316  0.000e+00
       2759     26.596     9.5604   3.468025     1.1916     1.2319     0.0038  0.0869316  0.000e+00
       2760     26.538     9.5470   3.467104     1.1916     1.2319     0.0038  0.0869316  0.000e+00
       2761     26.596     9.5311   3.465950     1.1891     1.2306     0.0038  0.0869316  0.000e+00
       2762     26.654     9.5127   3.464502     1.1879     1.2294     0.0038  0.0869316  0.000e+00
       2763     26.654     9.4959   3.463113     1.1867     1.2282     0.0038  0.0869316  0.000e+00
       2764     26.654     9.1209   3.461963     1.1989     1.2270     0.0038  0.0869316  0.000e+00
       2765     26.720     9.4747   3.461104     1.1818     1.2258     0.0038  0.0869316  0.000e+00
       2766     26.654     9.4695   3.460682     1.1806     1.2245     0.0038  0.0869316  0.000e+00
       2767     26.777     9.4822   3.461490     1.1842     1.2233     0.0038  0.0869316  0.000e+00
       2768     26.720     9.4977   3.463207     1.1818     1.2221     0.0038  0.0869316  0.000e+00
       2769     26.777     9.5082   3.465036     1.1842     1.2209     0.0038  0.0864432  0.000e+00
       2770     26.843     9.5170   3.466706     1.1818     1.2197     0.0038  0.0869316  0.000e+00
       2771     26.777     9.5258   3.467832     1.1793     1.2184     0.0038  0.0869316  0.000e+00
       2772     26.901     9.5504   3.469608     1.1793     1.2172     0.0038  0.0869316  0.000e+00
       2773     26.843     9.5815   3.472347     1.1769     1.2160     0.0038  0.0869316  0.000e+00
       2774     26.901     9.5994   3.474869     1.1781     1.2148     0.0038  0.0869316  0.000e+00
       2775     26.901     9.6185   3.477170     1.1757     1.2136     0.0038  0.0869316  0.000e+00
       2776     26.901     9.6313   3.479018     1.1745     1.2123     0.0038  0.0869316  0.000e+00
       2777     26.959     9.6393   3.480110     1.1745     1.2111     0.0038  0.0869316  0.000e+00
       2778     26.959     9.6383   3.480621     1.1720     1.2087     0.0040  0.0864432  0.000e+00
       2779     26.958     9.6296   3.480604     1.1745     1.2074     0.0042  0.0869316  0.000e+00
       2780     27.024     9.6163   3.480052     1.1708     1.2062     0.0042  0.0869316  0.000e+00
       2781     27.082     9.6000   3.478966     1.1696     1.2050     0.0042  0.0869316  0.000e+00
       2782     27.024     9.5765   3.477499     1.1671     1.2038     0.0042  0.0869316  0.000e+00
       2783     27.082     9.5542   3.475709     1.1671     1.2013     0.0042  0.0869316  0.000e+00
       2784     27.148     9.5351   3.473978     1.1659     1.2001     0.0042  0.0869316  0.000e+00
       2785     27.098     9.5058   3.471966     1.1647     1.1989     0.0042  0.0869316  0.000e+00
       2786     27.082     9.4835   3.469978     1.1622     1.1977     0.0042  0.0869316  0.000e+00
       2787     27.206     9.4683   3.468425     1.1610     1.1965     0.0042  0.0864432  0.000e+00
       2788     27.148     9.4514   3.467141     1.1610     1.1940     0.0042  0.0869316  0.000e+00
       2789     27.206     9.4389   3.465910     1.1610     1.1928     0.0042  0.0869316  0.000e+00
       2790     27.272     9.4226   3.464650     1.1598     1.1916     0.0042  0.0869316  0.000e+00
       2791     27.206     9.3988   3.462997     1.1561     1.1891     0.0042  0.0864432  0.000e+00
       2792     27.271     9.3806   3.461298     1.1561     1.1879     0.0042  0.0869316  0.000e+00
       2793     27.271     9.3568   3.459201     1.1561     1.1867     0.0042  0.0869316  0.000e+00
       2794     27.329     9.3309   3.456736     1.1537     1.1842     0.0042  0.0869316  0.000e+00
       2795     27.329     9.2990   3.454359     1.1513     1.1830     0.0042  0.0869316  0.000e+00
       2796     27.329     9.2542   3.451638     1.1500     1.1818     0.0042  0.0869316  0.000e+00
       2797     27.387     9.2277   3.448882     1.1500     1.1806     0.0042  0.0869316  0.000e+00
       2798     27.387     9.2060   3.446537     1.1500     1.1794     0.0042  0.0869316  0.000e+00
       2799     27.387     9.1784   3.444034     1.1476     1.1769     0.0042  0.0869316  0.000e+00
       2800     27.453     9.1562   3.442111     1.1452     1.1757     0.0042  0.0869316  0.000e+00
       2801     27.453     9.1232   3.440048     1.1439     1.1745     0.0042  0.0869316  0.000e+00
       2802     27.453     9.1119   3.437722     1.1427     1.1720     0.0042  0.0869316  0.000e+00
       2803     27.510     9.0908   3.435601     1.1427     1.1708     0.0044  0.0869316  0.000e+00
       2804     27.510     9.0674   3.433621     1.1403     1.1684     0.0046  0.0869316  0.000e+00
       2805     27.510     9.0533   3.431665     1.1378     1.1671     0.0048  0.0869316  0.000e+00
       2806     27.576     9.0274   3.429353     1.1366     1.1647     0.0048  0.0869316  0.000e+00
       2807     27.576     9.0140   3.427661     1.1366     1.1635     0.0048  0.0864432  0.000e+00
       2808     27.576     8.9887   3.425922     1.1354     1.1623     0.0048  0.0869316  0.000e+00
       2809     27.634     8.9522   3.423303     1.1329     1.1598     0.0048  0.0869316  0.000e+00
       2810     27.691     8.9427   3.421174     1.1305     1.1574     0.0048  0.0869316  0.000e+00
       2811     27.584     8.9165   3.419833     1.1305     1.1562     0.0048  0.0869316  0.000e+00
       2812     27.691     8.8853   3.418387     1.1305     1.1537     0.0048  0.0869316  0.000e+00
       2813     27.691     8.8768   3.416621     1.1268     1.1525     0.0048  0.0869316  0.000e+00
       2814     27.691     8.8637   3.415076     1.1244     1.1500     0.0048  0.0869316  0.000e+00
       2815     27.757     8.8552   3.413724     1.1232     1.1476     0.0048  0.0869316  0.000e+00
       2816     27.757     8.8326   3.412338     1.1207     1.1452     0.0048  0.0864432  0.000e+00
       2817     27.815     8.8028   3.409978     1.1207     1.1439     0.0048  0.0864432  0.000e+00
       2818     27.815     8.7799   3.407818     1.1183     1.1415     0.0048  0.0864432  0.000e+00
       2819     27.757     8.7589   3.406077     1.1158     1.1391     0.0048  0.0864432  0.000e+00
       2820     27.881     8.7334   3.404267     1.1134     1.1366     0.0048  0.0869316  0.000e+00
       2821     27.881     8.7158   3.402905     1.1122     1.1342     0.0048  0.0869316  0.000e+00
       2822     27.881     8.6987   3.401561     1.1122     1.1317     0.0048  0.0864432  0.000e+00
       2823     27.881     8.4586   3.400569     1.1171     1.1293     0.0048  0.0864432  0.000e+00
       2824     27.938     8.6853   3.399525     1.0987     1.1256     0.0048  0.0864432  0.000e+00
       2825     27.938     8.6771   3.398559     1.0987     1.1232     0.0048  0.0869316  0.000e+00
       2826     28.004     8.6685   3.397873     1.1012     1.1207     0.0048  0.0869316  0.000e+00
       2827     28.004     8.6565   3.396843     1.1012     1.1171     0.0048  0.0869316  0.000e+00
       2828     28.004     8.6494   3.395831     1.0987     1.1134     0.0048  0.0869316  0.000e+00
       2829     28.062     8.6450   3.395325     1.0963     1.1110     0.0049  0.0869316  0.000e+00
       2830     28.004     8.6372   3.394616     1.0926     1.1085     0.0051  0.0874200  0.000e+00
       2831     28.062     8.6302   3.393971     1.0914     1.1049     0.0051  0.0874200  0.000e+00
       2832     28.136     8.6221   3.393366     1.0890     1.1024     0.0051  0.0874200  0.000e+00
       2833     28.120     8.6180   3.393006     1.0853     1.0988     0.0051  0.0874200  0.000e+00
       2834     28.120     8.6141   3.392593     1.0816     1.0963     0.0051  0.0869316  0.000e+00
       2835     28.186     8.6110   3.392204     1.0792     1.0927     0.0051  0.0874200  0.000e+00
       2836     28.186     8.6092   3.392186     1.0792     1.0890     0.0051  0.0874200  0.000e+00
       2837     28.185     8.6050   3.391652     1.0768     1.0853     0.0051  0.0874200  0.000e+00
       2838     28.119     8.6004   3.391262     1.0719     1.0829     0.0051  0.0874200  0.000e+00
       2839     28.367     8.5959   3.391018     1.0694     1.0792     0.0051  0.0874200  0.000e+00
       2840     28.243     8.5097   3.390659     1.0743     1.0768     0.0051  0.0874200  0.000e+00
       2841     28.309     8.5848   3.390117     1.0633     1.0719     0.0051  0.0869316  0.000e+00
       2842     28.309     8.5777   3.389519     1.0572     1.0694     0.0051  0.0874200  0.000e+00
       2843     28.309     8.5676   3.388676     1.0572     1.0658     0.0051  0.0874200  0.000e+00
       2844     28.367     8.5576   3.387689     1.0548     1.0621     0.0051  0.0874200  0.000e+00
       2845     28.367     8.5426   3.386428     1.0523     1.0597     0.0051  0.0874200  0.000e+00
       2846     28.367     8.5298   3.385267     1.0523     1.0560     0.0051  0.0874200  0.000e+00
       2847     28.433     8.5176   3.384262     1.0475     1.0524     0.0051  0.0874200  0.000e+00
       2848     28.490     8.5081   3.383495     1.0438     1.0499     0.0051  0.0874200  0.000e+00
       2849     28.441     8.4977   3.382468     1.0413     1.0462     0.0051  0.0874200  0.000e+00
       2850     28.432     8.4784   3.381133     1.0389     1.0426     0.0051  0.0874200  0.000e+00
       2851     28.548     8.4630   3.379594     1.0365     1.0389     0.0051  0.0874200  0.000e+00
       2852     28.490     8.4463   3.378236     1.0328     1.0353     0.0051  0.0869316  0.000e+00
       2853     28.548     8.4371   3.376867     1.0291     1.0316     0.0051  0.0874200  0.000e+00
       2854     28.614     8.4321   3.375654     1.0279     1.0291     0.0051  0.0869316  0.000e+00
       2855     28.548     8.4176   3.374395     1.0242     1.0255     0.0051  0.0869316  0.000e+00
       2856     28.614     8.4020   3.372899     1.0218     1.0230     0.0051  0.0864432  0.000e+00
       2857     28.671     8.3692   3.371119     1.0181     1.0194     0.0051  0.0869316  0.000e+00
       2858     28.614     8.3391   3.369078     1.0157     1.0157     0.0051  0.0869316  0.000e+00
       2859     28.671     8.3139   3.366841     1.0120     1.0121     0.0051  0.0869316  0.000e+00
       2860     28.737     8.2851   3.364529     1.0096     1.0096     0.0051  0.0869316  0.000e+00
       2861     28.737     8.2678   3.362310     1.0084     1.0072     0.0051  0.0869316  0.000e+00
       2862     28.737     8.2438   3.360428     1.0035     1.0035     0.0051  0.0869316  0.000e+00
       2863     28.737     8.2223   3.358609     0.9998     0.9998     0.0051  0.0869316  0.000e+00
       2864     28.795     8.1992   3.356647     0.9986     0.9974     0.0051  0.0869316  0.000e+00
       2865     28.803     8.1773   3.354482     0.9962     0.9937     0.0051  0.0869316  0.000e+00
       2866     28.853     8.1608   3.352659     0.9937     0.9913     0.0051  0.0869316  0.000e+00
       2867     28.795     8.1310   3.350733     0.9888     0.9876     0.0051  0.0869316  0.000e+00
       2868     28.918     8.1015   3.348217     0.9864     0.9852     0.0051  0.0864432  0.000e+00
       2869     28.852     8.0735   3.345921     0.9839     0.9827     0.0051  0.0869316  0.000e+00
       2870     28.918     8.0415   3.343424     0.9827     0.9791     0.0051  0.0869316  0.000e+00
       2871     28.976     8.0235   3.340887     0.9791     0.9766     0.0051  0.0869316  0.000e+00
       2872     28.918     7.9908   3.338316     0.9742     0.9730     0.0051  0.0869316  0.000e+00
       2873     28.976     7.9540   3.335977     0.9717     0.9705     0.0053  0.0869316  0.000e+00
       2874     29.042     7.8182   3.332791     0.9791     0.9656     0.0051  0.0864432  0.000e+00
       2875     29.042     7.8797   3.329396     0.9644     0.9644     0.0051  0.0869316  0.000e+00
       2876     29.042     7.8474   3.326638     0.9607     0.9632     0.0051  0.0864432  0.000e+00
       2877     29.042     7.8212   3.323645     0.9607     0.9595     0.0051  0.0869316  0.000e+00
       2878     29.100     7.7992   3.321396     0.9583     0.9571     0.0051  0.0869316  0.000e+00
       2879     29.042     7.7727   3.319009     0.9571     0.9547     0.0051  0.0864432  0.000e+00
       2880     29.231     7.7506   3.316624     0.9546     0.9522     0.0049  0.0869316  0.000e+00
