data/2021/ctd_data_day3/station7g_ctm_fil_le.cnv
* Sea-Bird SBE 9 Data File:
* FileName = C:\Users\CTD-User\Desktop\MAR440\day3\station7g.hex
* Software Version Seasave V 7.26.2.13
* Temperature SN = 6313
* Conductivity SN = 4758
* Number of Bytes Per Scan = 37
* Number of Voltage Words = 4
* Number of Scans Averaged by the Deck Unit = 1
* NMEA Latitude = 58 18.80 N
* NMEA Longitude = 011 46.06 E
* NMEA UTC (Time) = Sep 23 2021 10:57:43
* NMEA baud rate = 4800
** Ship: Skagerrak
** Station: station7g
** Operator: Christina
# nquan = 9
# nvalues = 3543                        
# units = specified
# name 0 = scan: Scan Count
# name 1 = prDM: Pressure, Digiquartz [db]
# name 2 = t090C: Temperature [ITS-90, deg C]
# name 3 = c0S/m: Conductivity [S/m]
# name 4 = sbeox0V: Oxygen raw, SBE 43 [V]
# name 5 = sbeox1V: Oxygen raw, SBE 43, 2 [V]
# name 6 = flECO-AFL: Fluorescence, WET Labs ECO-AFL/FL [mg/m^3]
# name 7 = upoly0: Upoly 0, Turbidity
# name 8 = flag:  0.000e+00
# span 0 =          1,       3543       
# span 1 =      1.388,     39.004       
# span 2 =     6.6606,    16.0072       
# span 3 =   2.904257,   3.713763       
# span 4 =     0.5019,     2.8510       
# span 5 =     0.5512,     2.8009       
# span 6 =     0.0033,     0.0139       
# span 7 =  0.0863164,  0.1574232       
# span 8 = 0.0000e+00, 0.0000e+00       
# interval = seconds: 0.0416667
# start_time = Sep 23 2021 10:57:43 [NMEA time, header]
# bad_flag = -9.990e-29
*END*
[from data line 1121]
       1122      1.434    14.8875   2.912013     2.0893     2.2563     0.0042  0.1461859 -9.990e-29
       1123      1.432    14.8888   2.912049     2.0888     2.2555     0.0042  0.1461412 -9.990e-29
       1124      1.430    14.8901   2.912084     2.0883     2.2547     0.0042  0.1461006 -9.990e-29
       1125      1.428    14.8913   2.912119     2.0878     2.2539     0.0042  0.1460639 -9.990e-29
       1126      1.427    14.8924   2.912152     2.0874     2.2531     0.0042  0.1460309 -9.990e-29
       1127      1.426    14.8934   2.912184     2.0869     2.2523     0.0042  0.1460013 -9.990e-29
       1128      1.424    14.8944   2.912215     2.0864     2.2515     0.0042  0.1459749 -9.990e-29
       1129      1.423    14.8953   2.912245     2.0860     2.2507     0.0042  0.1459515 -9.990e-29
       1130      1.422    14.8960   2.912274     2.0855     2.2499     0.0042  0.1459310 -9.990e-29
       1131      1.421    14.8967   2.912303     2.0851     2.2491     0.0042  0.1459133 -9.990e-29
       1132      1.420    14.8973   2.912331     2.0847     2.2483     0.0042  0.1458981 -9.990e-29
       1133      1.419    14.8977   2.912358     2.0843     2.2475     0.0042  0.1458854 -9.990e-29
       1134      1.418    14.8981   2.912384     2.0840     2.2468     0.0042  0.1458751 -9.990e-29
       1135      1.417    14.8983   2.912410     2.0836     2.2460     0.0042  0.1458672 -9.990e-29
       1136      1.416    14.8985   2.912435     2.0833     2.2452     0.0042  0.1458615 -9.990e-29
       1137      1.415    14.8985   2.912459     2.0830     2.2445     0.0042  0.1458581 -9.990e-29
       1138      1.414    14.8984   2.912483     2.0827     2.2437     0.0042  0.1458568 -9.990e-29
       1139      1.413    14.8982   2.912506     2.0825     2.2430     0.0042  0.1458578 -9.990e-29
       1140      1.413    14.8980   2.912529     2.0822     2.2422     0.0042  0.1458610 -9.990e-29
       1141      1.412    14.8976   2.912552     2.0820     2.2415     0.0040  0.1458665 -9.990e-29
       1142      1.411    14.8972   2.912574     2.0819     2.2408     0.0042  0.1458742 -9.990e-29
       1143      1.411    14.8967   2.912597     2.0817     2.2402     0.0042  0.1458842 -9.990e-29
       1144      1.410    14.8963   2.912620     2.0817     2.2395     0.0042  0.1458966 -9.990e-29
       1145      1.410    14.8958   2.912644     2.0816     2.2388     0.0042  0.1459116 -9.990e-29
       1146      1.409    14.8953   2.912668     2.0816     2.2382     0.0042  0.1459282 -9.990e-29
       1147      1.409    14.8948   2.912693     2.0816     2.2376     0.0042  0.1459450 -9.990e-29
       1148      1.409    14.8944   2.912718     2.0816     2.2370     0.0042  0.1459613 -9.990e-29
       1149      1.409    14.8940   2.912743     2.0817     2.2365     0.0042  0.1459770 -9.990e-29
       1150      1.409    14.8938   2.912770     2.0818     2.2359     0.0042  0.1459924 -9.990e-29
       1151      1.409    14.8936   2.912798     2.0820     2.2354     0.0042  0.1460076 -9.990e-29
       1152      1.409    14.8935   2.912827     2.0822     2.2349     0.0042  0.1460226 -9.990e-29
       1153      1.409    14.8936   2.912857     2.0824     2.2344     0.0042  0.1460376 -9.990e-29
       1154      1.409    14.8937   2.912887     2.0827     2.2340     0.0042  0.1460527 -9.990e-29
       1155      1.410    14.8940   2.912918     2.0830     2.2336     0.0042  0.1460679 -9.990e-29
       1156      1.410    14.8944   2.912949     2.0833     2.2332     0.0042  0.1460834 -9.990e-29
       1157      1.411    14.8950   2.912980     2.0837     2.2328     0.0042  0.1460992 -9.990e-29
       1158      1.412    14.8957   2.913011     2.0842     2.2325     0.0042  0.1461156 -9.990e-29
       1159      1.412    14.8965   2.913041     2.0847     2.2321     0.0042  0.1461326 -9.990e-29
       1160      1.413    14.8973   2.913070     2.0852     2.2319     0.0042  0.1461503 -9.990e-29
       1161      1.414    14.8983   2.913097     2.0858     2.2316     0.0042  0.1461689 -9.990e-29
       1162      1.415    14.8992   2.913123     2.0864     2.2313     0.0042  0.1461884 -9.990e-29
       1163      1.415    14.9002   2.913149     2.0870     2.2311     0.0042  0.1462091 -9.990e-29
       1164      1.416    14.9013   2.913173     2.0877     2.2309     0.0042  0.1462310 -9.990e-29
       1165      1.417    14.9022   2.913197     2.0884     2.2307     0.0042  0.1462543 -9.990e-29
       1166      1.417    14.9032   2.913219     2.0892     2.2305     0.0042  0.1462792 -9.990e-29
       1167      1.418    14.9041   2.913241     2.0900     2.2304     0.0042  0.1463058 -9.990e-29
       1168      1.418    14.9050   2.913262     2.0908     2.2302     0.0042  0.1463344 -9.990e-29
       1169      1.418    14.9058   2.913284     2.0917     2.2301     0.0042  0.1463651 -9.990e-29
       1170      1.418    14.9065   2.913305     2.0926     2.2300     0.0042  0.1463982 -9.990e-29
       1171      1.418    14.9071   2.913325     2.0936     2.2299     0.0044  0.1464321 -9.990e-29
       1172      1.418    14.9076   2.913345     2.0946     2.2298     0.0046  0.1464646 -9.990e-29
       1173      1.418    14.9081   2.913364     2.0956     2.2297     0.0046  0.1464959 -9.990e-29
       1174      1.417    14.9084   2.913382     2.0966     2.2296     0.0046  0.1465270 -9.990e-29
       1175      1.417    14.9087   2.913400     2.0977     2.2295     0.0046  0.1465574 -9.990e-29
       1176      1.416    14.9088   2.913417     2.0988     2.2294     0.0046  0.1465863 -9.990e-29
       1177      1.415    14.9089   2.913433     2.1000     2.2293     0.0046  0.1466149 -9.990e-29
       1178      1.415    14.9089   2.913449     2.1011     2.2292     0.0046  0.1466434 -9.990e-29
       1179      1.414    14.9088   2.913463     2.1023     2.2292     0.0046  0.1466710 -9.990e-29
       1180      1.413    14.9086   2.913476     2.1036     2.2291     0.0046  0.1466988 -9.990e-29
       1181      1.412    14.9082   2.913488     2.1048     2.2290     0.0046  0.1467279 -9.990e-29
       1182      1.411    14.9078   2.913499     2.1061     2.2289     0.0046  0.1467576 -9.990e-29
       1183      1.410    14.9073   2.913508     2.1074     2.2288     0.0046  0.1467873 -9.990e-29
       1184      1.409    14.9067   2.913517     2.1087     2.2287     0.0046  0.1468180 -9.990e-29
       1185      1.408    14.9060   2.913525     2.1101     2.2286     0.0046  0.1468500 -9.990e-29
       1186      1.407    14.9053   2.913533     2.1115     2.2285     0.0046  0.1468835 -9.990e-29
       1187      1.406    14.9045   2.913542     2.1129     2.2284     0.0046  0.1469203 -9.990e-29
       1188      1.406    14.9037   2.913552     2.1143     2.2283     0.0046  0.1469608 -9.990e-29
       1189      1.405    14.9029   2.913563     2.1157     2.2282     0.0046  0.1470036 -9.990e-29
       1190      1.404    14.9021   2.913575     2.1172     2.2281     0.0046  0.1470472 -9.990e-29
       1191      1.403    14.9013   2.913589     2.1186     2.2280     0.0046  0.1470911 -9.990e-29
       1192      1.403    14.9006   2.913604     2.1201     2.2279     0.0046  0.1471364 -9.990e-29
       1193      1.402    14.8999   2.913621     2.1215     2.2278     0.0046  0.1471844 -9.990e-29
       1194      1.402    14.8993   2.913640     2.1230     2.2277     0.0046  0.1472353 -9.990e-29
       1195      1.402    14.8987   2.913660     2.1245     2.2277     0.0046  0.1472895 -9.990e-29
       1196      1.402    14.8982   2.913682     2.1260     2.2276     0.0046  0.1473473 -9.990e-29
       1197      1.402    14.8978   2.913706     2.1275     2.2276     0.0044  0.1474076 -9.990e-29
       1198      1.402    14.8974   2.913731     2.1290     2.2276     0.0042  0.1474656 -9.990e-29
       1199      1.402    14.8972   2.913758     2.1305     2.2277     0.0042  0.1475174 -9.990e-29
       1200      1.402    14.8970   2.913786     2.1320     2.2277     0.0042  0.1475626 -9.990e-29
       1201      1.403    14.8970   2.913815     2.1335     2.2278     0.0042  0.1476014 -9.990e-29
       1202      1.403    14.8971   2.913845     2.1350     2.2280     0.0042  0.1476343 -9.990e-29
       1203      1.404    14.8973   2.913876     2.1365     2.2281     0.0042  0.1476613 -9.990e-29
       1204      1.404    14.8976   2.913907     2.1380     2.2283     0.0042  0.1476827 -9.990e-29
       1205      1.405    14.8981   2.913938     2.1395     2.2286     0.0042  0.1476986 -9.990e-29
       1206      1.406    14.8987   2.913969     2.1410     2.2289     0.0042  0.1477092 -9.990e-29
       1207      1.406    14.8993   2.913998     2.1425     2.2292     0.0042  0.1477145 -9.990e-29
       1208      1.407    14.9000   2.914027     2.1440     2.2296     0.0042  0.1477145 -9.990e-29
       1209      1.408    14.9008   2.914055     2.1455     2.2300     0.0042  0.1477092 -9.990e-29
       1210      1.409    14.9016   2.914081     2.1469     2.2305     0.0042  0.1476987 -9.990e-29
       1211      1.410    14.9024   2.914106     2.1484     2.2311     0.0042  0.1476828 -9.990e-29
       1212      1.410    14.9032   2.914131     2.1498     2.2317     0.0042  0.1476614 -9.990e-29
       1213      1.411    14.9040   2.914155     2.1513     2.2324     0.0042  0.1476343 -9.990e-29
       1214      1.411    14.9048   2.914178     2.1527     2.2331     0.0042  0.1476015 -9.990e-29
       1215      1.411    14.9056   2.914200     2.1541     2.2339     0.0042  0.1475626 -9.990e-29
       1216      1.412    14.9063   2.914221     2.1556     2.2348     0.0042  0.1475175 -9.990e-29
       1217      1.412    14.9069   2.914241     2.1570     2.2358     0.0042  0.1474656 -9.990e-29
       1218      1.412    14.9075   2.914260     2.1584     2.2368     0.0042  0.1474069 -9.990e-29
       1219      1.413    14.9080   2.914278     2.1598     2.2379     0.0042  0.1473407 -9.990e-29
       1220      1.413    14.9084   2.914294     2.1612     2.2390     0.0042  0.1472666 -9.990e-29
       1221      1.413    14.9087   2.914309     2.1626     2.2402     0.0042  0.1471842 -9.990e-29
       1222      1.412    14.9088   2.914324     2.1640     2.2415     0.0042  0.1470945 -9.990e-29
       1223      1.412    14.9088   2.914337     2.1654     2.2428     0.0044  0.1470038 -9.990e-29
       1224      1.412    14.9087   2.914349     2.1668     2.2442     0.0044  0.1469198 -9.990e-29
       1225      1.411    14.9085   2.914359     2.1682     2.2457     0.0044  0.1468454 -9.990e-29
       1226      1.411    14.9081   2.914367     2.1696     2.2472     0.0044  0.1467802 -9.990e-29
       1227      1.410    14.9076   2.914375     2.1710     2.2487     0.0044  0.1467235 -9.990e-29
       1228      1.409    14.9070   2.914381     2.1723     2.2503     0.0044  0.1466751 -9.990e-29
       1229      1.408    14.9063   2.914386     2.1737     2.2520     0.0044  0.1466346 -9.990e-29
       1230      1.408    14.9054   2.914391     2.1751     2.2536     0.0044  0.1466017 -9.990e-29
       1231      1.407    14.9045   2.914395     2.1764     2.2553     0.0044  0.1465762 -9.990e-29
       1232      1.406    14.9036   2.914400     2.1778     2.2571     0.0044  0.1465579 -9.990e-29
       1233      1.405    14.9026   2.914405     2.1791     2.2588     0.0044  0.1465467 -9.990e-29
       1234      1.405    14.9016   2.914411     2.1804     2.2606     0.0044  0.1465425 -9.990e-29
       1235      1.404    14.9007   2.914418     2.1818     2.2625     0.0044  0.1465452 -9.990e-29
       1236      1.403    14.8998   2.914427     2.1831     2.2643     0.0044  0.1465550 -9.990e-29
       1237      1.403    14.8990   2.914437     2.1844     2.2662     0.0044  0.1465718 -9.990e-29
       1238      1.402    14.8984   2.914449     2.1857     2.2680     0.0044  0.1465958 -9.990e-29
       1239      1.402    14.8977   2.914463     2.1870     2.2699     0.0044  0.1466272 -9.990e-29
       1240      1.402    14.8972   2.914479     2.1883     2.2718     0.0044  0.1466661 -9.990e-29
       1241      1.401    14.8968   2.914497     2.1896     2.2737     0.0044  0.1467128 -9.990e-29
       1242      1.402    14.8965   2.914517     2.1908     2.2757     0.0044  0.1467678 -9.990e-29
       1243      1.402    14.8962   2.914540     2.1921     2.2776     0.0044  0.1468312 -9.990e-29
       1244      1.402    14.8962   2.914564     2.1933     2.2795     0.0044  0.1469037 -9.990e-29
       1245      1.403    14.8962   2.914590     2.1946     2.2815     0.0044  0.1469856 -9.990e-29
       1246      1.403    14.8964   2.914618     2.1958     2.2834     0.0044  0.1470776 -9.990e-29
       1247      1.404    14.8968   2.914648     2.1970     2.2854     0.0044  0.1471803 -9.990e-29
       1248      1.405    14.8974   2.914680     2.1982     2.2873     0.0044  0.1472910 -9.990e-29
       1249      1.406    14.8981   2.914712     2.1994     2.2893     0.0044  0.1474011 -9.990e-29
       1250      1.407    14.8991   2.914745     2.2005     2.2913     0.0044  0.1475029 -9.990e-29
       1251      1.408    14.9001   2.914777     2.2017     2.2932     0.0044  0.1475947 -9.990e-29
       1252      1.409    14.9011   2.914809     2.2028     2.2952     0.0044  0.1476769 -9.990e-29
       1253      1.410    14.9022   2.914840     2.2039     2.2972     0.0044  0.1477502 -9.990e-29
       1254      1.411    14.9033   2.914871     2.2050     2.2991     0.0044  0.1478152 -9.990e-29
       1255      1.412    14.9044   2.914900     2.2062     2.3011     0.0044  0.1478721 -9.990e-29
       1256      1.413    14.9054   2.914927     2.2072     2.3031     0.0044  0.1479215 -9.990e-29
       1257      1.414    14.9065   2.914953     2.2083     2.3051     0.0044  0.1479637 -9.990e-29
       1258      1.415    14.9074   2.914977     2.2094     2.3071     0.0044  0.1479990 -9.990e-29
       1259      1.416    14.9084   2.914999     2.2105     2.3091     0.0044  0.1480276 -9.990e-29
       1260      1.417    14.9092   2.915020     2.2115     2.3111     0.0044  0.1480497 -9.990e-29
       1261      1.417    14.9100   2.915040     2.2126     2.3131     0.0044  0.1480655 -9.990e-29
       1262      1.418    14.9107   2.915058     2.2136     2.3151     0.0044  0.1480751 -9.990e-29
       1263      1.418    14.9114   2.915075     2.2147     2.3170     0.0044  0.1480786 -9.990e-29
       1264      1.419    14.9119   2.915090     2.2157     2.3190     0.0044  0.1480759 -9.990e-29
       1265      1.419    14.9123   2.915104     2.2167     2.3210     0.0044  0.1480671 -9.990e-29
       1266      1.419    14.9126   2.915117     2.2177     2.3230     0.0044  0.1480521 -9.990e-29
       1267      1.419    14.9128   2.915129     2.2187     2.3250     0.0044  0.1480308 -9.990e-29
       1268      1.419    14.9128   2.915140     2.2198     2.3270     0.0044  0.1480030 -9.990e-29
       1269      1.418    14.9127   2.915149     2.2208     2.3289     0.0044  0.1479686 -9.990e-29
       1270      1.418    14.9125   2.915157     2.2218     2.3309     0.0044  0.1479273 -9.990e-29
       1271      1.418    14.9122   2.915165     2.2228     2.3328     0.0044  0.1478788 -9.990e-29
       1272      1.417    14.9118   2.915171     2.2238     2.3347     0.0044  0.1478228 -9.990e-29
       1273      1.417    14.9112   2.915175     2.2248     2.3366     0.0044  0.1477606 -9.990e-29
       1274      1.416    14.9105   2.915179     2.2258     2.3385     0.0042  0.1476977 -9.990e-29
       1275      1.416    14.9096   2.915181     2.2268     2.3403     0.0042  0.1476397 -9.990e-29
       1276      1.415    14.9087   2.915183     2.2278     2.3421     0.0042  0.1475877 -9.990e-29
       1277      1.414    14.9077   2.915186     2.2288     2.3439     0.0042  0.1475424 -9.990e-29
       1278      1.413    14.9066   2.915187     2.2298     2.3457     0.0042  0.1475033 -9.990e-29
       1279      1.413    14.9054   2.915189     2.2308     2.3474     0.0042  0.1474694 -9.990e-29
       1280      1.412    14.9043   2.915192     2.2318     2.3491     0.0042  0.1474404 -9.990e-29
