data/2021/ctd_data_day3/station5e.cnv
* Sea-Bird SBE 9 Data File:
* FileName = C:\Users\CTD-User\Desktop\MAR440\day3\station5e.hex
* Software Version Seasave V 7.26.2.13
* Temperature SN = 6313
* Conductivity SN = 4758
* Number of Bytes Per Scan = 37
* Number of Voltage Words = 4
* Number of Scans Averaged by the Deck Unit = 1
* NMEA Latitude = 58 19.40 N
* NMEA Longitude = 011 49.94 E
* NMEA UTC (Time) = Sep 23 2021 10:10:37
* NMEA baud rate = 4800
** Ship: Skagerrak
** Station: station5e
** Operator: Tor
# nquan = 9
# nvalues = 1576                                  
# units = specified
# name 0 = scan: Scan Count
# name 1 = prDM: Pressure, Digiquartz [db]
# name 2 = t090C: Temperature [ITS-90, deg C]
# name 3 = c0S/m: Conductivity [S/m]
# name 4 = sbeox0V: Oxygen raw, SBE 43 [V]
# name 5 = sbeox1V: Oxygen raw, SBE 43, 2 [V]
# name 6 = flECO-AFL: Fluorescence, WET Labs ECO-AFL/FL [mg/m^3]
# name 7 = upoly0: Upoly 0, Turbidity
# name 8 = flag:  0.000e+00
# span 0 =          1,       1576                 
# span 1 =      0.371,     15.362                 
# span 2 =    13.2968,    15.3463                 
# span 3 =   2.947910,   3.444908                 
# span 4 =     1.3980,     2.7974                 
# span 5 =     1.4432,     2.7058                 
# span 6 =     0.0040,     0.0090                 
# span 7 =  0.0913272,  0.1601917                 
# span 8 = 0.0000e+00, 0.0000e+00                 
# interval = seconds: 0.0416667
# start_time = Sep 23 2021 10:10:37 [NMEA time, header]
# bad_flag = -9.990e-29
*END*
[from data line 321]
        322      4.007    14.9015   2.950170     2.7766     2.6899     0.0060  0.1533541  0.000e+00
        323      3.982    14.9016   2.950198     2.7766     2.6899     0.0060  0.1533541  0.000e+00
        324      4.007    14.9011   2.950010     2.7778     2.6899     0.0060  0.1533541  0.000e+00
        325      3.917    14.9008   2.949922     2.7790     2.6899     0.0060  0.1533541  0.000e+00
        326      3.941    14.9003   2.949713     2.7790     2.6899     0.0060  0.1533541  0.000e+00
        327      3.941    14.9001   2.949663     2.7778     2.6899     0.0060  0.1533541  0.000e+00
        328      3.859    14.8994   2.949812     2.7766     2.6899     0.0060  0.1533541  0.000e+00
        329      3.884    14.8996   2.949597     2.7778     2.6899     0.0060  0.1533541  0.000e+00
        330      3.859    14.8996   2.949569     2.7790     2.6899     0.0060  0.1533541  0.000e+00
        331      3.826    14.8996   2.949625     2.7778     2.6899     0.0060  0.1533541  0.000e+00
        332      3.793    14.8996   2.949564     2.7766     2.6899     0.0060  0.1533541  0.000e+00
        333      3.826    14.8999   2.949558     2.7766     2.6899     0.0060  0.1533541  0.000e+00
        334      3.760    14.8998   2.949437     2.7778     2.6899     0.0060  0.1533541  0.000e+00
        335      3.735    14.8998   2.949360     2.7790     2.6899     0.0060  0.1533541  0.000e+00
        336      3.760    14.8998   2.949487     2.7778     2.6899     0.0060  0.1533541  0.000e+00
        337      3.735    14.8998   2.949492     2.7778     2.6899     0.0060  0.1533541  0.000e+00
        338      3.636    14.8999   2.949399     2.7778     2.6899     0.0060  0.1533541  0.000e+00
        339      3.677    14.9003   2.949613     2.7803     2.6899     0.0060  0.1533541  0.000e+00
        340      3.702    14.9003   2.949619     2.7790     2.6899     0.0060  0.1533541  0.000e+00
        341      3.636    14.9003   2.949669     2.7790     2.6899     0.0060  0.1533541  0.000e+00
        342      3.612    14.9004   2.949674     2.7778     2.6899     0.0059  0.1518889  0.000e+00
        343      3.579    14.9004   2.949674     2.7778     2.6899     0.0059  0.1509121  0.000e+00
        344      3.554    14.9003   2.949751     2.7815     2.6899     0.0059  0.1509121  0.000e+00
        345      3.579    14.9003   2.949696     2.7815     2.6899     0.0059  0.1514005  0.000e+00
        346      3.554    14.9006   2.949591     2.7815     2.6899     0.0059  0.1514005  0.000e+00
        347      3.455    14.9011   2.949724     2.7790     2.6887     0.0059  0.1514005  0.000e+00
        348      3.521    14.9015   2.949448     2.7803     2.6899     0.0059  0.1514005  0.000e+00
        349      3.488    14.9019   2.949327     2.7815     2.6899     0.0059  0.1509121  0.000e+00
        350      3.455    14.9023   2.949294     2.7815     2.6899     0.0059  0.1514005  0.000e+00
        351      3.364    14.9027   2.949084     2.7815     2.6899     0.0059  0.1514005  0.000e+00
        352      3.455    14.9030   2.949073     2.7803     2.6899     0.0059  0.1514005  0.000e+00
        353      3.364    14.9030   2.949051     2.7815     2.6887     0.0059  0.1514005  0.000e+00
        354      3.397    14.9031   2.949002     2.7815     2.6887     0.0059  0.1514005  0.000e+00
        355      3.307    14.9031   2.949090     2.7815     2.6887     0.0059  0.1514005  0.000e+00
        356      3.331    14.9033   2.949057     2.7803     2.6887     0.0059  0.1514005  0.000e+00
        357      3.331    14.9038   2.948980     2.7815     2.6887     0.0059  0.1514005  0.000e+00
        358      3.307    14.9038   2.949062     2.7815     2.6887     0.0059  0.1514005  0.000e+00
        359      3.208    14.9036   2.949013     2.7827     2.6887     0.0059  0.1514005  0.000e+00
        360      3.249    14.9040   2.948963     2.7815     2.6887     0.0059  0.1514005  0.000e+00
        361      3.208    14.9040   2.948996     2.7803     2.6887     0.0059  0.1514005  0.000e+00
        362      3.249    14.9038   2.948809     2.7815     2.6887     0.0059  0.1514005  0.000e+00
        363      3.150    14.9038   2.949068     2.7827     2.6887     0.0059  0.1514005  0.000e+00
        364      3.150    14.9035   2.949073     2.7827     2.6887     0.0059  0.1514005  0.000e+00
        365      3.125    14.9031   2.949024     2.7815     2.6887     0.0059  0.1514005  0.000e+00
        366      3.092    14.9035   2.949073     2.7803     2.6887     0.0059  0.1514005  0.000e+00
        367      3.125    14.9045   2.948996     2.7815     2.6887     0.0057  0.1504237  0.000e+00
        368      3.092    14.9065   2.948957     2.7827     2.6887     0.0055  0.1489585  0.000e+00
        369      3.059    14.9085   2.949101     2.7827     2.6887     0.0055  0.1484701  0.000e+00
        370      3.026    14.9106   2.949112     2.7815     2.6887     0.0055  0.1484701  0.000e+00
        371      3.001    14.9130   2.949095     2.7815     2.6887     0.0055  0.1484701  0.000e+00
        372      2.968    14.9136   2.949156     2.7827     2.6887     0.0055  0.1484701  0.000e+00
        373      2.968    14.9134   2.949244     2.7827     2.6887     0.0055  0.1484701  0.000e+00
        374      2.936    14.9131   2.949216     2.7827     2.6887     0.0055  0.1484701  0.000e+00
        375      2.968    14.9133   2.949249     2.7815     2.6887     0.0055  0.1484701  0.000e+00
        376      2.878    14.9140   2.949260     2.7815     2.6887     0.0055  0.1484701  0.000e+00
        377      2.903    14.9154   2.949216     2.7815     2.6887     0.0055  0.1484701  0.000e+00
        378      2.820    14.9167   2.949271     2.7864     2.6887     0.0055  0.1484701  0.000e+00
        379      2.845    14.9158   2.949266     2.7815     2.6887     0.0055  0.1484701  0.000e+00
        380      2.820    14.9141   2.949321     2.7827     2.6887     0.0055  0.1484701  0.000e+00
        381      2.787    14.9124   2.949222     2.7827     2.6887     0.0055  0.1484701  0.000e+00
        382      2.787    14.9116   2.949299     2.7827     2.6899     0.0055  0.1484701  0.000e+00
        383      2.754    14.9109   2.949238     2.7851     2.6899     0.0053  0.1484701  0.000e+00
        384      2.721    14.9102   2.949227     2.7864     2.6887     0.0055  0.1484701  0.000e+00
        385      2.696    14.9101   2.949211     2.7815     2.6899     0.0055  0.1484701  0.000e+00
        386      2.721    14.9099   2.949249     2.7815     2.6887     0.0055  0.1484701  0.000e+00
        387      2.631    14.9097   2.949238     2.7864     2.6887     0.0055  0.1484701  0.000e+00
        388      2.663    14.9099   2.949189     2.7864     2.6887     0.0055  0.1484701  0.000e+00
        389      2.631    14.9101   2.949222     2.7839     2.6887     0.0055  0.1484701  0.000e+00
        390      2.598    14.9106   2.949255     2.7839     2.6887     0.0055  0.1484701  0.000e+00
        391      2.573    14.9114   2.949277     2.7839     2.6887     0.0055  0.1484701  0.000e+00
        392      2.540    14.9130   2.949249     2.7851     2.6887     0.0055  0.1484701  0.000e+00
        393      2.540    14.9160   2.949293     2.7864     2.6887     0.0055  0.1474933  0.000e+00
        394      2.515    14.9188   2.949420     2.7839     2.6887     0.0055  0.1465165  0.000e+00
        395      2.474    14.9207   2.949326     2.7839     2.6887     0.0055  0.1465165  0.000e+00
        396      2.449    14.9214   2.949453     2.7839     2.6887     0.0055  0.1465165  0.000e+00
        397      2.474    14.9209   2.949508     2.7851     2.6887     0.0055  0.1465165  0.000e+00
        398      2.391    14.9213   2.949426     2.7864     2.6875     0.0055  0.1465165  0.000e+00
        399      2.416    14.9222   2.949497     2.7839     2.6887     0.0055  0.1465165  0.000e+00
        400      2.391    14.9231   2.949497     2.7839     2.6875     0.0055  0.1465165  0.000e+00
        401      2.358    14.9235   2.949503     2.7839     2.6875     0.0055  0.1465165  0.000e+00
        402      2.325    14.9234   2.949508     2.7851     2.6887     0.0055  0.1465165  0.000e+00
        403      2.358    14.9231   2.949304     2.7839     2.6887     0.0055  0.1465165  0.000e+00
        404      2.292    14.9229   2.948918     2.7839     2.6875     0.0055  0.1465165  0.000e+00
        405      2.268    14.9235   2.948968     2.7864     2.6887     0.0055  0.1465165  0.000e+00
        406      2.235    14.9241   2.949282     2.7864     2.6887     0.0055  0.1465165  0.000e+00
        407      2.268    14.9243   2.949470     2.7864     2.6887     0.0055  0.1465165  0.000e+00
        408      2.235    14.9250   2.949508     2.7864     2.6887     0.0055  0.1465165  0.000e+00
        409      2.144    14.9258   2.949486     2.7864     2.6887     0.0053  0.1465165  0.000e+00
        410      2.169    14.9263   2.949519     2.7839     2.6887     0.0055  0.1465165  0.000e+00
        411      2.144    14.9264   2.949558     2.7876     2.6887     0.0055  0.1465165  0.000e+00
        412      2.169    14.9264   2.949519     2.7864     2.6887     0.0055  0.1465165  0.000e+00
        413      2.086    14.9268   2.949547     2.7864     2.6887     0.0055  0.1465165  0.000e+00
        414      2.053    14.9266   2.949481     2.7864     2.6887     0.0055  0.1460281  0.000e+00
        415      2.020    14.9270   2.949514     2.7851     2.6887     0.0055  0.1465165  0.000e+00
        416      2.111    14.9273   2.949618     2.7876     2.6887     0.0055  0.1465165  0.000e+00
        417      2.053    14.9276   2.949563     2.7876     2.6887     0.0055  0.1465165  0.000e+00
        418      1.963    14.9280   2.949613     2.7864     2.6887     0.0053  0.1465165  0.000e+00
        419      1.987    14.9285   2.949624     2.7851     2.6887     0.0053  0.1470049  0.000e+00
        420      1.963    14.9283   2.949596     2.7864     2.6875     0.0051  0.1470049  0.000e+00
        421      1.930    14.9287   2.949486     2.7888     2.6887     0.0051  0.1470049  0.000e+00
        422      1.897    14.9292   2.949497     2.7864     2.6875     0.0051  0.1470049  0.000e+00
        423      1.930    14.9303   2.949547     2.7864     2.6887     0.0051  0.1470049  0.000e+00
        424      1.839    14.9307   2.949497     2.7864     2.6887     0.0051  0.1470049  0.000e+00
        425      1.806    14.9304   2.949524     2.7864     2.6887     0.0051  0.1470049  0.000e+00
        426      1.839    14.9303   2.949574     2.7888     2.6875     0.0051  0.1470049  0.000e+00
        427      1.806    14.9307   2.949591     2.7876     2.6875     0.0051  0.1470049  0.000e+00
        428      1.781    14.9307   2.949607     2.7864     2.6875     0.0051  0.1470049  0.000e+00
        429      1.748    14.9310   2.949574     2.7864     2.6875     0.0051  0.1470049  0.000e+00
        430      1.748    14.9310   2.949376     2.7864     2.6875     0.0051  0.1470049  0.000e+00
        431      1.715    14.9312   2.949354     2.7888     2.6875     0.0051  0.1470049  0.000e+00
        432      1.682    14.9309   2.949513     2.7864     2.6875     0.0051  0.1470049  0.000e+00
        433      1.658    14.9307   2.949668     2.7864     2.6875     0.0051  0.1470049  0.000e+00
        434      1.682    14.9309   2.949491     2.7864     2.6875     0.0051  0.1470049  0.000e+00
        435      1.592    14.9311   2.949668     2.7876     2.6862     0.0051  0.1470049  0.000e+00
        436      1.625    14.9307   2.949695     2.7876     2.6875     0.0051  0.1470049  0.000e+00
        437      1.592    14.9314   2.949524     2.7864     2.6862     0.0051  0.1470049  0.000e+00
        438      1.559    14.9319   2.949596     2.7864     2.6862     0.0051  0.1470049  0.000e+00
        439      1.534    14.9320   2.949563     2.7864     2.6862     0.0051  0.1470049  0.000e+00
        440      1.501    14.9320   2.949557     2.7876     2.6862     0.0051  0.1470049  0.000e+00
        441      1.468    14.9322   2.949629     2.7876     2.6862     0.0051  0.1470049  0.000e+00
        442      1.435    14.9322   2.949563     2.7864     2.6862     0.0051  0.1470049  0.000e+00
        443      1.468    14.9326   2.949513     2.7864     2.6862     0.0051  0.1470049  0.000e+00
        444      1.435    14.9324   2.949657     2.7864     2.6862     0.0053  0.1460281  0.000e+00
        445      1.353    14.9324   2.949596     2.7888     2.6862     0.0055  0.1455397  0.000e+00
        446      1.435    14.9322   2.949579     2.7876     2.6862     0.0055  0.1455397  0.000e+00
        447      1.353    14.9322   2.949635     2.7876     2.6862     0.0055  0.1455397  0.000e+00
        448      1.320    14.9324   2.949585     2.7864     2.6850     0.0055  0.1455397  0.000e+00
        449      1.320    14.9327   2.949579     2.7876     2.6850     0.0055  0.1455397  0.000e+00
        450      1.287    14.9331   2.949530     2.7888     2.6850     0.0055  0.1455397  0.000e+00
        451      1.254    14.9331   2.949607     2.7876     2.6850     0.0055  0.1455397  0.000e+00
        452      1.287    14.9334   2.949772     2.7864     2.6850     0.0053  0.1455397  0.000e+00
        453      1.196    14.9339   2.949623     2.7876     2.6850     0.0055  0.1455397  0.000e+00
        454      1.229    14.9338   2.949563     2.7876     2.6850     0.0055  0.1455397  0.000e+00
        455      1.196    14.9337   2.949668     2.7876     2.6850     0.0055  0.1455397  0.000e+00
        456      1.163    14.9339   2.949596     2.7876     2.6838     0.0055  0.1455397  0.000e+00
        457      1.130    14.9338   2.949662     2.7864     2.6850     0.0055  0.1455397  0.000e+00
        458      1.163    14.9339   2.949679     2.7864     2.6850     0.0053  0.1455397  0.000e+00
        459      1.130    14.9336   2.949629     2.7876     2.6838     0.0055  0.1455397  0.000e+00
        460      1.048    14.9334   2.949629     2.7888     2.6838     0.0055  0.1455397  0.000e+00
        461      1.072    14.9331   2.949563     2.7876     2.6838     0.0055  0.1455397  0.000e+00
        462      1.048    14.9332   2.949513     2.7864     2.6838     0.0055  0.1455397  0.000e+00
        463      1.072    14.9331   2.949623     2.7864     2.6838     0.0055  0.1455397  0.000e+00
        464      0.982    14.9332   2.949486     2.7876     2.6838     0.0055  0.1455397  0.000e+00
        465      1.015    14.9332   2.949546     2.7864     2.6838     0.0053  0.1455397  0.000e+00
        466      0.982    14.9331   2.949695     2.7864     2.6838     0.0055  0.1455397  0.000e+00
        467      0.891    14.9329   2.949519     2.7864     2.6838     0.0055  0.1455397  0.000e+00
        468      0.982    14.9329   2.949348     2.7876     2.6838     0.0055  0.1455397  0.000e+00
        469      0.891    14.9329   2.949359     2.7876     2.6838     0.0055  0.1460281  0.000e+00
        470      0.858    14.9331   2.949453     2.7876     2.6838     0.0053  0.1465165  0.000e+00
        471      0.891    14.9329   2.949640     2.7864     2.6838     0.0053  0.1465165  0.000e+00
        472      0.858    14.9327   2.949640     2.7864     2.6838     0.0053  0.1465165  0.000e+00
        473      0.767    14.9331   2.949557     2.7864     2.6838     0.0053  0.1465165  0.000e+00
        474      0.800    14.9331   2.949673     2.7876     2.6838     0.0053  0.1465165  0.000e+00
        475      0.767    14.9331   2.949519     2.7876     2.6838     0.0053  0.1465165  0.000e+00
        476      0.767    14.9329   2.949557     2.7851     2.6838     0.0053  0.1465165  0.000e+00
        477      0.734    14.9331   2.949552     2.7864     2.6838     0.0053  0.1465165  0.000e+00
        478      0.701    14.9324   2.949475     2.7876     2.6838     0.0053  0.1465165  0.000e+00
        479      0.676    14.9327   2.949612     2.7876     2.6838     0.0053  0.1465165  0.000e+00
        480      0.643    14.9324   2.949590     2.7876     2.6838     0.0053  0.1465165  0.000e+00
