data/2021/ctd_data_day3/station1a.cnv
* Sea-Bird SBE 9 Data File:
* FileName = C:\Users\CTD-User\Desktop\MAR440\day3\station1a.hex
* Software Version Seasave V 7.26.2.13
* Temperature SN = 6313
* Conductivity SN = 4758
* Number of Bytes Per Scan = 37
* Number of Voltage Words = 4
* Number of Scans Averaged by the Deck Unit = 1
* NMEA Latitude = 58 20.46 N
* NMEA Longitude = 011 53.94 E
* NMEA UTC (Time) = Sep 23 2021 08:23:54
* NMEA baud rate = 4800
** Ship: Skagerrak
** Station: station1a
** Operator: Jess
# nquan = 9
# nvalues = 3026                                  
# units = specified
# name 0 = scan: Scan Count
# name 1 = prDM: Pressure, Digiquartz [db]
# name 2 = t090C: Temperature [ITS-90, deg C]
# name 3 = c0S/m: Conductivity [S/m]
# name 4 = sbeox0V: Oxygen raw, SBE 43 [V]
# name 5 = sbeox1V: Oxygen raw, SBE 43, 2 [V]
# name 6 = flECO-AFL: Fluorescence, WET Labs ECO-AFL/FL [mg/m^3]
# name 7 = upoly0: Upoly 0, Turbidity
# name 8 = flag:  0.000e+00
# span 0 =          1,       3026                 
# span 1 =      1.106,     33.895                 
# span 2 =     7.9623,    15.7106                 
# span 3 =   2.731959,   3.468611                 
# span 4 =     0.4931,     2.8620                 
# span 5 =     0.5529,     2.7375                 
# span 6 =     0.0035,     0.0152                 
# span 7 =  0.0883968,  0.2354054                 
# span 8 = 0.0000e+00, 0.0000e+00                 
# interval = seconds: 0.0416667
# start_time = Sep 23 2021 08:23:54 [NMEA time, header]
# bad_flag = -9.990e-29
*END*
[from data line 1281]
       1282      7.476    15.0126   2.924429     2.8425     2.7180     0.0053  0.1875421  0.000e+00
       1283      7.418    15.0127   2.924462     2.8425     2.7180     0.0055  0.1875421  0.000e+00
       1284      7.517    15.0132   2.924671     2.8413     2.7180     0.0053  0.1865653  0.000e+00
       1285      7.476    15.0143   2.924935     2.8413     2.7167     0.0053  0.1836349  0.000e+00
       1286      7.533    15.0154   2.925253     2.8401     2.7180     0.0051  0.1816813  0.000e+00
       1287      7.517    15.0167   2.925599     2.8413     2.7167     0.0051  0.1821697  0.000e+00
       1288      7.533    15.0184   2.925934     2.8413     2.7167     0.0051  0.1821697  0.000e+00
       1289      7.533    15.0199   2.926138     2.8401     2.7167     0.0051  0.1821697  0.000e+00
       1290      7.574    15.0214   2.926341     2.8401     2.7167     0.0051  0.1821697  0.000e+00
       1291      7.533    15.0215   2.926495     2.8401     2.7167     0.0051  0.1821697  0.000e+00
       1292      7.599    15.0194   2.926451     2.8413     2.7155     0.0051  0.1821697  0.000e+00
       1293      7.632    15.0177   2.926094     2.8401     2.7167     0.0051  0.1821697  0.000e+00
       1294      7.599    15.0161   2.925819     2.8388     2.7167     0.0051  0.1821697  0.000e+00
       1295      7.657    15.0140   2.925599     2.8401     2.7167     0.0051  0.1821697  0.000e+00
       1296      7.632    15.0127   2.925385     2.8388     2.7155     0.0051  0.1821697  0.000e+00
       1297      7.657    15.0125   2.925314     2.8401     2.7155     0.0051  0.1821697  0.000e+00
       1298      7.657    15.0131   2.925336     2.8388     2.7155     0.0051  0.1821697  0.000e+00
       1299      7.698    15.0122   2.925193     2.8401     2.7155     0.0051  0.1821697  0.000e+00
       1300      7.723    15.0091   2.924748     2.8376     2.7155     0.0051  0.1821697  0.000e+00
       1301      7.723    15.0046   2.924006     2.8376     2.7155     0.0053  0.1821697  0.000e+00
       1302      7.698    15.0019   2.923413     2.8401     2.7155     0.0051  0.1821697  0.000e+00
       1303      7.780    15.0016   2.923204     2.8388     2.7155     0.0053  0.1821697  0.000e+00
       1304      7.723    15.0022   2.923298     2.8364     2.7155     0.0051  0.1821697  0.000e+00
       1305      7.822    15.0016   2.923402     2.8364     2.7155     0.0051  0.1821697  0.000e+00
       1306      7.780    14.9992   2.923116     2.8376     2.7143     0.0051  0.1821697  0.000e+00
       1307      7.780    14.9965   2.922765     2.8376     2.7143     0.0051  0.1821697  0.000e+00
       1308      7.822    14.9955   2.922688     2.8364     2.7143     0.0051  0.1821697  0.000e+00
       1309      7.846    14.9962   2.922787     2.8352     2.7143     0.0051  0.1821697  0.000e+00
       1310      7.756    14.9967   2.922924     2.8352     2.7143     0.0051  0.1831465  0.000e+00
       1311      7.904    14.9963   2.922957     2.8364     2.7143     0.0051  0.1846117  0.000e+00
       1312      7.904    14.9957   2.922836     2.8364     2.7143     0.0051  0.1846117  0.000e+00
       1313      7.822    14.9950   2.922633     2.8364     2.7131     0.0051  0.1846117  0.000e+00
       1314      7.962    14.9950   2.922452     2.8352     2.7131     0.0051  0.1846117  0.000e+00
       1315      7.904    14.9952   2.922348     2.8352     2.7143     0.0051  0.1846117  0.000e+00
       1316      7.879    14.9947   2.922309     2.8364     2.7131     0.0051  0.1846117  0.000e+00
       1317      7.962    14.9906   2.921831     2.8352     2.7131     0.0051  0.1846117  0.000e+00
       1318      7.962    14.9838   2.920854     2.8352     2.7131     0.0051  0.1846117  0.000e+00
       1319      7.879    14.9794   2.919624     2.8352     2.7131     0.0051  0.1846117  0.000e+00
       1320      8.028    14.9755   2.918795     2.8352     2.7131     0.0051  0.1846117  0.000e+00
       1321      8.028    14.9728   2.918279     2.8364     2.7131     0.0051  0.1846117  0.000e+00
       1322      8.028    14.9706   2.917906     2.8352     2.7131     0.0051  0.1846117  0.000e+00
       1323      8.003    14.9691   2.917692     2.8340     2.7131     0.0051  0.1846117  0.000e+00
       1324      8.027    14.9682   2.917478     2.8327     2.7131     0.0051  0.1846117  0.000e+00
       1325      8.027    14.9687   2.917516     2.8340     2.7131     0.0051  0.1846117  0.000e+00
       1326      8.060    14.9733   2.918093     2.8352     2.7131     0.0051  0.1846117  0.000e+00
       1327      8.085    14.9765   2.918845     2.8340     2.7119     0.0053  0.1846117  0.000e+00
       1328      8.085    14.9781   2.919136     2.8327     2.7119     0.0051  0.1846117  0.000e+00
       1329      8.126    14.9794   2.919223     2.8315     2.7119     0.0053  0.1846117  0.000e+00
       1330      8.085    14.9787   2.919130     2.8327     2.7119     0.0051  0.1846117  0.000e+00
       1331      8.151    14.9755   2.918762     2.8352     2.7119     0.0051  0.1846117  0.000e+00
       1332      8.126    14.9730   2.918181     2.8327     2.7119     0.0051  0.1846117  0.000e+00
       1333      8.151    14.9709   2.917687     2.8315     2.7119     0.0051  0.1846117  0.000e+00
       1334      8.151    14.9692   2.917280     2.8303     2.7119     0.0051  0.1846117  0.000e+00
       1335      8.184    14.9684   2.917000     2.8315     2.7119     0.0051  0.1846117  0.000e+00
       1336      8.209    14.9677   2.916880     2.8327     2.7119     0.0049  0.1851001  0.000e+00
       1337      8.209    14.9659   2.916677     2.8315     2.7119     0.0049  0.1855885  0.000e+00
       1338      8.250    14.9664   2.916534     2.8303     2.7119     0.0049  0.1855885  0.000e+00
       1339      8.209    14.9665   2.916627     2.8303     2.7119     0.0049  0.1860769  0.000e+00
       1340      8.266    14.9664   2.916748     2.8315     2.7119     0.0049  0.1855885  0.000e+00
       1341      8.250    14.9667   2.916792     2.8315     2.7119     0.0049  0.1855885  0.000e+00
       1342      8.266    14.9677   2.916869     2.8303     2.7106     0.0049  0.1860769  0.000e+00
       1343      8.332    14.9684   2.916946     2.8291     2.7119     0.0049  0.1851001  0.000e+00
       1344      8.308    14.9689   2.916946     2.8303     2.7106     0.0049  0.1855885  0.000e+00
       1345      8.332    14.9703   2.917022     2.8303     2.7119     0.0049  0.1855885  0.000e+00
       1346      8.266    14.9730   2.917171     2.8303     2.7106     0.0051  0.1855885  0.000e+00
       1347      8.365    14.9738   2.917330     2.8291     2.7106     0.0051  0.1855885  0.000e+00
       1348      8.332    14.9735   2.917522     2.8279     2.7106     0.0049  0.1855885  0.000e+00
       1349      8.390    14.9728   2.917302     2.8291     2.7119     0.0049  0.1851001  0.000e+00
       1350      8.365    14.9738   2.917044     2.8303     2.7119     0.0049  0.1855885  0.000e+00
       1351      8.390    14.9758   2.917160     2.8303     2.7119     0.0049  0.1855885  0.000e+00
       1352      8.456    14.9762   2.917396     2.8279     2.7119     0.0049  0.1851001  0.000e+00
       1353      8.431    14.9761   2.917637     2.8266     2.7119     0.0049  0.1855885  0.000e+00
       1354      8.456    14.9767   2.917813     2.8279     2.7131     0.0049  0.1855885  0.000e+00
       1355      8.456    14.9771   2.918065     2.8303     2.7131     0.0051  0.1860769  0.000e+00
       1356      8.431    14.9779   2.918301     2.8279     2.7131     0.0049  0.1855885  0.000e+00
       1357      8.514    14.9789   2.918356     2.8266     2.7131     0.0049  0.1860769  0.000e+00
       1358      8.456    14.9795   2.918587     2.8266     2.7131     0.0049  0.1855885  0.000e+00
       1359      8.489    14.9796   2.918636     2.8279     2.7143     0.0049  0.1855885  0.000e+00
       1360      8.580    14.9786   2.918647     2.8303     2.7143     0.0049  0.1855885  0.000e+00
       1361      8.514    14.9779   2.918691     2.8266     2.7143     0.0049  0.1826581  0.000e+00
       1362      8.555    14.9780   2.918614     2.8266     2.7143     0.0049  0.1797277  0.000e+00
       1363      8.514    14.9794   2.918735     2.8254     2.7143     0.0051  0.1792393  0.000e+00
       1364      8.580    14.9775   2.918724     2.8279     2.7143     0.0049  0.1792393  0.000e+00
       1365      8.579    14.9779   2.918450     2.8279     2.7155     0.0051  0.1792393  0.000e+00
       1366      8.612    14.9795   2.918378     2.8266     2.7155     0.0051  0.1792393  0.000e+00
       1367      8.637    14.9786   2.918466     2.8266     2.7155     0.0049  0.1792393  0.000e+00
       1368      8.637    14.9780   2.918142     2.8266     2.7155     0.0049  0.1792393  0.000e+00
       1369      8.612    14.9782   2.918093     2.8291     2.7155     0.0051  0.1792393  0.000e+00
       1370      8.637    14.9790   2.918482     2.8279     2.7155     0.0051  0.1792393  0.000e+00
       1371      8.695    14.9782   2.918581     2.8266     2.7167     0.0049  0.1792393  0.000e+00
       1372      8.678    14.9800   2.918581     2.8266     2.7167     0.0049  0.1792393  0.000e+00
       1373      8.695    14.9843   2.918966     2.8266     2.7155     0.0049  0.1792393  0.000e+00
       1374      8.695    14.9877   2.919685     2.8303     2.7167     0.0051  0.1792393  0.000e+00
       1375      8.736    14.9904   2.920289     2.8279     2.7167     0.0049  0.1792393  0.000e+00
       1376      8.695    14.9915   2.920464     2.8279     2.7167     0.0049  0.1792393  0.000e+00
       1377      8.761    14.9911   2.920678     2.8266     2.7167     0.0051  0.1792393  0.000e+00
       1378      8.736    14.9919   2.920607     2.8279     2.7167     0.0049  0.1792393  0.000e+00
       1379      8.818    14.9923   2.920497     2.8303     2.7180     0.0049  0.1792393  0.000e+00
       1380      8.761    14.9904   2.920190     2.8279     2.7180     0.0049  0.1792393  0.000e+00
       1381      8.794    14.9886   2.919926     2.8266     2.7180     0.0049  0.1792393  0.000e+00
       1382      8.818    14.9862   2.919652     2.8266     2.7180     0.0049  0.1792393  0.000e+00
       1383      8.818    14.9866   2.919580     2.8303     2.7180     0.0049  0.1792393  0.000e+00
       1384      8.860    14.9891   2.919784     2.8291     2.7180     0.0049  0.1792393  0.000e+00
       1385      8.884    14.9923   2.920256     2.8279     2.7192     0.0049  0.1792393  0.000e+00
       1386      8.818    14.9957   2.920948     2.8266     2.7192     0.0049  0.1802161  0.000e+00
       1387      8.942    14.9978   2.921414     2.8266     2.7192     0.0051  0.1860769  0.000e+00
       1388      8.860    15.0001   2.921777     2.8291     2.7192     0.0051  0.1880305  0.000e+00
       1389      8.942    14.9990   2.921909     2.8303     2.7192     0.0051  0.1880305  0.000e+00
       1390      8.884    14.9948   2.921530     2.8279     2.7192     0.0053  0.1880305  0.000e+00
       1391      8.917    14.9913   2.920871     2.8266     2.7192     0.0051  0.1880305  0.000e+00
       1392      9.000    14.9858   2.920201     2.8279     2.7192     0.0051  0.1880305  0.000e+00
       1393      8.942    14.9795   2.919180     2.8303     2.7204     0.0051  0.1880305  0.000e+00
       1394      8.983    14.9738   2.918131     2.8303     2.7204     0.0051  0.1880305  0.000e+00
       1395      9.000    14.9674   2.917314     2.8279     2.7204     0.0051  0.1880305  0.000e+00
       1396      9.000    14.9633   2.916414     2.8279     2.7204     0.0051  0.1880305  0.000e+00
       1397      9.041    14.9606   2.915607     2.8279     2.7204     0.0051  0.1880305  0.000e+00
       1398      9.000    14.9591   2.915519     2.8291     2.7204     0.0051  0.1880305  0.000e+00
       1399      9.066    14.9594   2.915673     2.8279     2.7216     0.0053  0.1880305  0.000e+00
       1400      9.041    14.9613   2.916002     2.8279     2.7204     0.0051  0.1880305  0.000e+00
       1401      9.066    14.9613   2.916200     2.8279     2.7204     0.0051  0.1880305  0.000e+00
       1402      9.123    14.9603   2.916134     2.8303     2.7216     0.0051  0.1880305  0.000e+00
       1403      9.066    14.9605   2.915997     2.8303     2.7216     0.0051  0.1880305  0.000e+00
       1404      9.164    14.9633   2.916205     2.8303     2.7216     0.0051  0.1880305  0.000e+00
       1405      9.123    14.9730   2.917001     2.8279     2.7216     0.0051  0.1880305  0.000e+00
       1406      9.123    14.9798   2.918192     2.8291     2.7216     0.0051  0.1880305  0.000e+00
       1407      9.165    14.9806   2.918779     2.8291     2.7216     0.0051  0.1880305  0.000e+00
       1408      9.189    14.9822   2.918911     2.8303     2.7216     0.0051  0.1880305  0.000e+00
       1409      9.123    14.9855   2.919251     2.8291     2.7216     0.0051  0.1880305  0.000e+00
       1410      9.222    14.9877   2.919784     2.8279     2.7216     0.0053  0.1880305  0.000e+00
       1411      9.189    14.9904   2.920344     2.8279     2.7216     0.0051  0.1880305  0.000e+00
       1412      9.247    14.9916   2.920843     2.8303     2.7216     0.0051  0.1860769  0.000e+00
       1413      9.288    14.9923   2.921332     2.8291     2.7216     0.0051  0.1836349  0.000e+00
       1414      9.247    14.9927   2.921744     2.8279     2.7216     0.0051  0.1831465  0.000e+00
       1415      9.247    14.9923   2.921903     2.8279     2.7216     0.0053  0.1831465  0.000e+00
       1416      9.247    14.9919   2.921964     2.8279     2.7216     0.0051  0.1831465  0.000e+00
       1417      9.288    14.9921   2.922019     2.8303     2.7216     0.0051  0.1831465  0.000e+00
       1418      9.305    14.9936   2.922255     2.8303     2.7216     0.0051  0.1831465  0.000e+00
       1419      9.371    14.9972   2.922721     2.8279     2.7228     0.0051  0.1831465  0.000e+00
       1420      9.288    15.0009   2.923260     2.8279     2.7228     0.0051  0.1831465  0.000e+00
       1421      9.371    15.0033   2.923814     2.8279     2.7228     0.0051  0.1831465  0.000e+00
       1422      9.370    15.0038   2.924210     2.8303     2.7228     0.0051  0.1831465  0.000e+00
       1423      9.346    15.0041   2.924358     2.8279     2.7228     0.0051  0.1831465  0.000e+00
       1424      9.428    15.0062   2.924540     2.8266     2.7228     0.0051  0.1831465  0.000e+00
       1425      9.370    15.0081   2.925007     2.8266     2.7228     0.0051  0.1831465  0.000e+00
       1426      9.428    15.0101   2.925408     2.8279     2.7241     0.0051  0.1831465  0.000e+00
       1427      9.412    15.0108   2.925495     2.8291     2.7241     0.0051  0.1831465  0.000e+00
       1428      9.494    15.0118   2.925556     2.8279     2.7241     0.0051  0.1831465  0.000e+00
       1429      9.428    15.0140   2.925968     2.8266     2.7253     0.0051  0.1831465  0.000e+00
       1430      9.469    15.0155   2.926506     2.8266     2.7241     0.0051  0.1831465  0.000e+00
       1431      9.494    15.0174   2.927007     2.8279     2.7241     0.0051  0.1831465  0.000e+00
       1432      9.494    15.0196   2.927380     2.8279     2.7253     0.0051  0.1831465  0.000e+00
       1433      9.527    15.0215   2.927627     2.8266     2.7253     0.0053  0.1831465  0.000e+00
       1434      9.552    15.0221   2.927886     2.8266     2.7253     0.0051  0.1831465  0.000e+00
       1435      9.552    15.0224   2.928056     2.8266     2.7253     0.0051  0.1831465  0.000e+00
       1436      9.552    15.0243   2.928397     2.8291     2.7253     0.0051  0.1831465  0.000e+00
       1437      9.527    15.0306   2.929320     2.8303     2.7265     0.0051  0.1821697  0.000e+00
       1438      9.618    15.0456   2.931481     2.8266     2.7265     0.0049  0.1763089  0.000e+00
       1439      9.618    15.0638   2.935006     2.8266     2.7265     0.0048  0.1733785  0.000e+00
       1440      9.593    15.0786   2.938769     2.8266     2.7265     0.0048  0.1733785  0.000e+00
