data/2021/ctd_data_day3/station9i_ctm_fil.cnv
* Sea-Bird SBE 9 Data File:
* FileName = C:\Users\CTD-User\Desktop\MAR440\day3\station9i.hex
* Software Version Seasave V 7.26.2.13
* Temperature SN = 6313
* Conductivity SN = 4758
* Number of Bytes Per Scan = 37
* Number of Voltage Words = 4
* Number of Scans Averaged by the Deck Unit = 1
* NMEA Latitude = 58 20.28 N
* NMEA Longitude = 011 53.28 E
* NMEA UTC (Time) = Sep 23 2021 11:50:13
* NMEA baud rate = 4800
** Ship: Skagerrak
** Station: station9i
** Operator: Johan
# nquan = 9
# nvalues = 5713                        
# units = specified
# name 0 = scan: Scan Count
# name 1 = prDM: Pressure, Digiquartz [db]
# name 2 = t090C: Temperature [ITS-90, deg C]
# name 3 = c0S/m: Conductivity [S/m]
# name 4 = sbeox0V: Oxygen raw, SBE 43 [V]
# name 5 = sbeox1V: Oxygen raw, SBE 43, 2 [V]
# name 6 = flECO-AFL: Fluorescence, WET Labs ECO-AFL/FL [mg/m^3]
# name 7 = upoly0: Upoly 0, Turbidity
# name 8 = flag:  0.000e+00
# span 0 =          1,       5713       
# span 1 =      0.076,     39.053       
# span 2 =     7.9833,    15.6491       
# span 3 =  -0.000767,   3.465597       
# span 4 =     0.4811,     2.9326       
# span 5 =     0.5431,     2.7878       
# span 6 =     0.0024,     0.2439       
# span 7 =  0.0808790,  0.7693001       
# span 8 = 0.0000e+00, 0.0000e+00       
# interval = seconds: 0.0416667
# start_time = Sep 23 2021 11:50:13 [NMEA time, header]
# bad_flag = -9.990e-29
*END*
[from data line 161]
        162      0.264    12.8910   0.000203     2.9285     2.7740     0.2438  0.7618658 0.0000e+00
        163      0.264    12.8913   0.000202     2.9285     2.7740     0.2438  0.7618663 0.0000e+00
        164      0.264    12.8915   0.000201     2.9285     2.7740     0.2439  0.7618666 0.0000e+00
        165      0.264    12.8917   0.000199     2.9285     2.7740     0.2438  0.7618666 0.0000e+00
        166      0.263    12.8919   0.000196     2.9285     2.7740     0.2438  0.7618664 0.0000e+00
        167      0.263    12.8921   0.000194     2.9285     2.7740     0.2438  0.7618659 0.0000e+00
        168      0.263    12.8924   0.000193     2.9285     2.7740     0.2438  0.7618652 0.0000e+00
        169      0.263    12.8926   0.000192     2.9285     2.7740     0.2438  0.7618642 0.0000e+00
        170      0.262    12.8928   0.000192     2.9285     2.7740     0.2438  0.7618630 0.0000e+00
        171      0.262    12.8930   0.000192     2.9285     2.7740     0.2438  0.7618615 0.0000e+00
        172      0.262    12.8932   0.000192     2.9285     2.7740     0.2438  0.7618598 0.0000e+00
        173      0.262    12.8934   0.000193     2.9285     2.7740     0.2438  0.7618577 0.0000e+00
        174      0.262    12.8936   0.000194     2.9284     2.7740     0.2438  0.7618562 0.0000e+00
        175      0.261    12.8938   0.000196     2.9284     2.7740     0.2438  0.7618561 0.0000e+00
        176      0.261    12.8941   0.000197     2.9284     2.7740     0.2438  0.7618565 0.0000e+00
        177      0.261    12.8943   0.000196     2.9284     2.7740     0.2438  0.7618566 0.0000e+00
        178      0.261    12.8945   0.000196     2.9284     2.7740     0.2438  0.7618564 0.0000e+00
        179      0.261    12.8947   0.000195     2.9284     2.7740     0.2439  0.7618559 0.0000e+00
        180      0.261    12.8948   0.000195     2.9284     2.7740     0.2439  0.7618551 0.0000e+00
        181      0.261    12.8950   0.000196     2.9284     2.7740     0.2439  0.7618539 0.0000e+00
        182      0.261    12.8952   0.000198     2.9284     2.7740     0.2439  0.7618525 0.0000e+00
        183      0.261    12.8954   0.000201     2.9285     2.7740     0.2439  0.7618507 0.0000e+00
        184      0.260    12.8956   0.000203     2.9285     2.7740     0.2439  0.7618485 0.0000e+00
        185      0.260    12.8957   0.000206     2.9285     2.7740     0.2439  0.7618460 0.0000e+00
        186      0.260    12.8959   0.000209     2.9285     2.7740     0.2439  0.7618431 0.0000e+00
        187      0.260    12.8961   0.000211     2.9285     2.7740     0.2439  0.7618398 0.0000e+00
        188      0.260    12.8962   0.000215     2.9285     2.7740     0.2439  0.7618360 0.0000e+00
        189      0.260    12.8964   0.000217     2.9285     2.7740     0.2439  0.7618318 0.0000e+00
        190      0.259    12.8966   0.000219     2.9286     2.7740     0.2439  0.7618272 0.0000e+00
        191      0.259    12.8967   0.000222     2.9286     2.7740     0.2439  0.7618220 0.0000e+00
        192      0.259    12.8969   0.000224     2.9286     2.7740     0.2439  0.7618162 0.0000e+00
        193      0.259    12.8971   0.000228     2.9286     2.7740     0.2439  0.7618099 0.0000e+00
        194      0.258    12.8972   0.000232     2.9286     2.7740     0.2439  0.7618029 0.0000e+00
        195      0.258    12.8974   0.000235     2.9286     2.7740     0.2439  0.7617953 0.0000e+00
        196      0.258    12.8976   0.000239     2.9286     2.7740     0.2439  0.7617869 0.0000e+00
        197      0.258    12.8977   0.000242     2.9286     2.7740     0.2439  0.7617777 0.0000e+00
        198      0.258    12.8979   0.000244     2.9286     2.7740     0.2439  0.7617677 0.0000e+00
        199      0.258    12.8981   0.000247     2.9286     2.7740     0.2439  0.7617567 0.0000e+00
        200      0.258    12.8983   0.000249     2.9286     2.7740     0.2439  0.7617448 0.0000e+00
        201      0.257    12.8985   0.000252     2.9286     2.7740     0.2439  0.7617317 0.0000e+00
        202      0.257    12.8987   0.000255     2.9286     2.7740     0.2439  0.7617175 0.0000e+00
        203      0.257    12.8989   0.000257     2.9286     2.7740     0.2439  0.7617020 0.0000e+00
        204      0.257    12.8991   0.000258     2.9286     2.7740     0.2439  0.7616851 0.0000e+00
        205      0.257    12.8992   0.000258     2.9286     2.7740     0.2438  0.7616675 0.0000e+00
        206      0.257    12.8994   0.000259     2.9286     2.7740     0.2438  0.7616509 0.0000e+00
        207      0.257    12.8996   0.000260     2.9286     2.7740     0.2436  0.7616359 0.0000e+00
        208      0.257    12.8998   0.000260     2.9286     2.7740     0.2436  0.7616225 0.0000e+00
        209      0.256    12.9000   0.000259     2.9286     2.7740     0.2436  0.7616106 0.0000e+00
        210      0.256    12.9002   0.000257     2.9286     2.7740     0.2436  0.7616000 0.0000e+00
        211      0.256    12.9004   0.000255     2.9286     2.7740     0.2436  0.7615907 0.0000e+00
        212      0.256    12.9006   0.000254     2.9286     2.7740     0.2436  0.7615827 0.0000e+00
        213      0.256    12.9008   0.000254     2.9286     2.7740     0.2436  0.7615758 0.0000e+00
        214      0.256    12.9009   0.000253     2.9287     2.7740     0.2436  0.7615701 0.0000e+00
        215      0.256    12.9011   0.000253     2.9287     2.7740     0.2436  0.7615655 0.0000e+00
        216      0.255    12.9013   0.000253     2.9287     2.7740     0.2436  0.7615619 0.0000e+00
        217      0.255    12.9015   0.000253     2.9288     2.7740     0.2436  0.7615594 0.0000e+00
        218      0.255    12.9016   0.000254     2.9288     2.7740     0.2436  0.7615579 0.0000e+00
        219      0.255    12.9018   0.000256     2.9288     2.7740     0.2436  0.7615574 0.0000e+00
        220      0.255    12.9020   0.000258     2.9289     2.7740     0.2436  0.7615579 0.0000e+00
        221      0.255    12.9022   0.000260     2.9289     2.7740     0.2436  0.7615594 0.0000e+00
        222      0.255    12.9024   0.000262     2.9290     2.7740     0.2436  0.7615619 0.0000e+00
        223      0.255    12.9025   0.000265     2.9290     2.7740     0.2436  0.7615655 0.0000e+00
        224      0.255    12.9027   0.000268     2.9290     2.7740     0.2436  0.7615701 0.0000e+00
        225      0.255    12.9029   0.000270     2.9290     2.7740     0.2436  0.7615759 0.0000e+00
        226      0.255    12.9031   0.000272     2.9290     2.7740     0.2436  0.7615827 0.0000e+00
        227      0.255    12.9033   0.000274     2.9290     2.7740     0.2436  0.7615908 0.0000e+00
        228      0.255    12.9035   0.000274     2.9290     2.7740     0.2436  0.7616001 0.0000e+00
        229      0.255    12.9037   0.000275     2.9289     2.7740     0.2436  0.7616107 0.0000e+00
        230      0.255    12.9039   0.000275     2.9289     2.7740     0.2436  0.7616227 0.0000e+00
        231      0.254    12.9041   0.000275     2.9289     2.7740     0.2438  0.7616361 0.0000e+00
        232      0.254    12.9043   0.000274     2.9289     2.7740     0.2438  0.7616502 0.0000e+00
        233      0.254    12.9045   0.000271     2.9289     2.7740     0.2438  0.7616635 0.0000e+00
        234      0.254    12.9047   0.000268     2.9289     2.7740     0.2439  0.7616751 0.0000e+00
        235      0.254    12.9049   0.000267     2.9288     2.7740     0.2438  0.7616851 0.0000e+00
        236      0.254    12.9051   0.000266     2.9288     2.7740     0.2438  0.7616936 0.0000e+00
        237      0.254    12.9053   0.000267     2.9288     2.7740     0.2438  0.7617007 0.0000e+00
        238      0.253    12.9055   0.000267     2.9288     2.7740     0.2439  0.7617064 0.0000e+00
        239      0.253    12.9057   0.000267     2.9288     2.7740     0.2438  0.7617107 0.0000e+00
        240      0.253    12.9059   0.000267     2.9288     2.7740     0.2438  0.7617137 0.0000e+00
        241      0.253    12.9061   0.000269     2.9288     2.7740     0.2438  0.7617154 0.0000e+00
        242      0.253    12.9063   0.000270     2.9288     2.7740     0.2438  0.7617158 0.0000e+00
        243      0.253    12.9065   0.000272     2.9289     2.7740     0.2438  0.7617149 0.0000e+00
        244      0.253    12.9067   0.000272     2.9289     2.7740     0.2438  0.7617127 0.0000e+00
        245      0.253    12.9069   0.000270     2.9289     2.7740     0.2438  0.7617092 0.0000e+00
        246      0.253    12.9071   0.000267     2.9289     2.7740     0.2438  0.7617044 0.0000e+00
        247      0.252    12.9073   0.000263     2.9289     2.7740     0.2438  0.7616990 0.0000e+00
        248      0.252    12.9075   0.000260     2.9289     2.7740     0.2438  0.7616940 0.0000e+00
        249      0.252    12.9077   0.000256     2.9288     2.7740     0.2439  0.7616883 0.0000e+00
        250      0.252    12.9080   0.000252     2.9288     2.7740     0.2438  0.7616812 0.0000e+00
        251      0.252    12.9082   0.000247     2.9288     2.7740     0.2438  0.7616726 0.0000e+00
        252      0.251    12.9084   0.000243     2.9288     2.7740     0.2438  0.7616623 0.0000e+00
        253      0.251    12.9086   0.000239     2.9288     2.7740     0.2438  0.7616504 0.0000e+00
        254      0.251    12.9088   0.000235     2.9288     2.7740     0.2438  0.7616367 0.0000e+00
        255      0.251    12.9090   0.000232     2.9289     2.7740     0.2438  0.7616221 0.0000e+00
        256      0.251    12.9093   0.000231     2.9289     2.7740     0.2438  0.7616081 0.0000e+00
        257      0.251    12.9095   0.000231     2.9289     2.7740     0.2438  0.7615954 0.0000e+00
        258      0.251    12.9097   0.000231     2.9289     2.7740     0.2438  0.7615840 0.0000e+00
        259      0.251    12.9099   0.000232     2.9289     2.7740     0.2438  0.7615738 0.0000e+00
        260      0.250    12.9101   0.000233     2.9289     2.7740     0.2438  0.7615647 0.0000e+00
        261      0.250    12.9103   0.000235     2.9289     2.7740     0.2438  0.7615567 0.0000e+00
        262      0.250    12.9105   0.000236     2.9289     2.7740     0.2438  0.7615505 0.0000e+00
        263      0.250    12.9108   0.000237     2.9289     2.7740     0.2438  0.7615470 0.0000e+00
        264      0.250    12.9110   0.000237     2.9288     2.7740     0.2438  0.7615452 0.0000e+00
        265      0.250    12.9112   0.000238     2.9288     2.7740     0.2438  0.7615444 0.0000e+00
        266      0.250    12.9114   0.000237     2.9288     2.7740     0.2439  0.7615445 0.0000e+00
        267      0.250    12.9116   0.000237     2.9288     2.7740     0.2438  0.7615455 0.0000e+00
        268      0.249    12.9118   0.000237     2.9288     2.7740     0.2438  0.7615475 0.0000e+00
        269      0.249    12.9121   0.000238     2.9287     2.7740     0.2438  0.7615503 0.0000e+00
        270      0.249    12.9123   0.000239     2.9287     2.7740     0.2438  0.7615542 0.0000e+00
        271      0.249    12.9125   0.000240     2.9287     2.7740     0.2438  0.7615590 0.0000e+00
        272      0.249    12.9127   0.000242     2.9287     2.7740     0.2438  0.7615648 0.0000e+00
        273      0.249    12.9130   0.000244     2.9287     2.7740     0.2438  0.7615717 0.0000e+00
        274      0.249    12.9132   0.000243     2.9287     2.7740     0.2438  0.7615797 0.0000e+00
        275      0.249    12.9134   0.000240     2.9287     2.7740     0.2438  0.7615889 0.0000e+00
        276      0.249    12.9137   0.000236     2.9287     2.7741     0.2438  0.7615992 0.0000e+00
        277      0.249    12.9139   0.000232     2.9287     2.7741     0.2438  0.7616109 0.0000e+00
        278      0.249    12.9141   0.000229     2.9287     2.7741     0.2438  0.7616240 0.0000e+00
        279      0.249    12.9143   0.000227     2.9287     2.7741     0.2438  0.7616385 0.0000e+00
        280      0.249    12.9146   0.000225     2.9287     2.7740     0.2438  0.7616546 0.0000e+00
        281      0.249    12.9148   0.000223     2.9287     2.7740     0.2439  0.7616724 0.0000e+00
        282      0.249    12.9150   0.000222     2.9287     2.7740     0.2438  0.7616920 0.0000e+00
        283      0.248    12.9153   0.000222     2.9287     2.7740     0.2438  0.7617127 0.0000e+00
        284      0.248    12.9155   0.000222     2.9287     2.7740     0.2438  0.7617329 0.0000e+00
        285      0.248    12.9157   0.000223     2.9287     2.7740     0.2438  0.7617520 0.0000e+00
        286      0.248    12.9159   0.000223     2.9287     2.7740     0.2439  0.7617700 0.0000e+00
        287      0.248    12.9161   0.000223     2.9288     2.7740     0.2438  0.7617871 0.0000e+00
        288      0.248    12.9164   0.000221     2.9288     2.7740     0.2438  0.7618034 0.0000e+00
        289      0.248    12.9166   0.000220     2.9288     2.7740     0.2438  0.7618191 0.0000e+00
        290      0.248    12.9168   0.000219     2.9288     2.7740     0.2439  0.7618341 0.0000e+00
        291      0.247    12.9170   0.000218     2.9288     2.7740     0.2438  0.7618487 0.0000e+00
        292      0.247    12.9173   0.000218     2.9288     2.7740     0.2438  0.7618630 0.0000e+00
        293      0.247    12.9175   0.000218     2.9288     2.7740     0.2438  0.7618769 0.0000e+00
        294      0.247    12.9177   0.000218     2.9288     2.7740     0.2438  0.7618907 0.0000e+00
        295      0.247    12.9180   0.000218     2.9288     2.7740     0.2438  0.7619045 0.0000e+00
        296      0.247    12.9182   0.000217     2.9288     2.7740     0.2439  0.7619182 0.0000e+00
        297      0.247    12.9184   0.000216     2.9288     2.7740     0.2438  0.7619321 0.0000e+00
        298      0.247    12.9187   0.000215     2.9289     2.7740     0.2438  0.7619462 0.0000e+00
        299      0.247    12.9189   0.000215     2.9289     2.7740     0.2438  0.7619606 0.0000e+00
        300      0.247    12.9192   0.000215     2.9289     2.7740     0.2438  0.7619754 0.0000e+00
        301      0.246    12.9194   0.000215     2.9289     2.7740     0.2438  0.7619907 0.0000e+00
        302      0.246    12.9197   0.000213     2.9289     2.7740     0.2439  0.7620067 0.0000e+00
        303      0.246    12.9199   0.000212     2.9288     2.7740     0.2438  0.7620234 0.0000e+00
        304      0.246    12.9201   0.000210     2.9288     2.7740     0.2438  0.7620409 0.0000e+00
        305      0.246    12.9204   0.000209     2.9288     2.7740     0.2438  0.7620594 0.0000e+00
        306      0.246    12.9206   0.000209     2.9288     2.7740     0.2438  0.7620791 0.0000e+00
        307      0.246    12.9209   0.000209     2.9288     2.7740     0.2438  0.7620999 0.0000e+00
        308      0.245    12.9212   0.000207     2.9287     2.7740     0.2438  0.7621213 0.0000e+00
        309      0.245    12.9214   0.000206     2.9287     2.7740     0.2436  0.7621417 0.0000e+00
        310      0.245    12.9217   0.000202     2.9287     2.7740     0.2436  0.7621603 0.0000e+00
        311      0.245    12.9220   0.000199     2.9287     2.7740     0.2436  0.7621774 0.0000e+00
        312      0.245    12.9222   0.000196     2.9287     2.7740     0.2436  0.7621929 0.0000e+00
        313      0.245    12.9225   0.000194     2.9287     2.7740     0.2436  0.7622071 0.0000e+00
        314      0.244    12.9228   0.000195     2.9287     2.7740     0.2436  0.7622201 0.0000e+00
        315      0.244    12.9231   0.000196     2.9287     2.7740     0.2436  0.7622319 0.0000e+00
        316      0.244    12.9234   0.000198     2.9287     2.7740     0.2436  0.7622425 0.0000e+00
        317      0.244    12.9237   0.000201     2.9287     2.7740     0.2436  0.7622522 0.0000e+00
        318      0.244    12.9240   0.000203     2.9287     2.7740     0.2436  0.7622608 0.0000e+00
        319      0.244    12.9243   0.000206     2.9287     2.7740     0.2436  0.7622686 0.0000e+00
        320      0.244    12.9247   0.000208     2.9287     2.7740     0.2436  0.7622756 0.0000e+00
