data/2021/ctd_data_day3/station7g_ctm_fil_le_der.cnv
* Sea-Bird SBE 9 Data File:
* FileName = C:\Users\CTD-User\Desktop\MAR440\day3\station7g.hex
* Software Version Seasave V 7.26.2.13
* Temperature SN = 6313
* Conductivity SN = 4758
* Number of Bytes Per Scan = 37
* Number of Voltage Words = 4
* Number of Scans Averaged by the Deck Unit = 1
* NMEA Latitude = 58 18.80 N
* NMEA Longitude = 011 46.06 E
* NMEA UTC (Time) = Sep 23 2021 10:57:43
* NMEA baud rate = 4800
** Ship: Skagerrak
** Station: station7g
** Operator: Christina
# nquan = 13                                
# nvalues = 3543                        
# units = specified
# name 0 = scan: Scan Count
# name 1 = prDM: Pressure, Digiquartz [db]
# name 2 = t090C: Temperature [ITS-90, deg C]
# name 3 = c0S/m: Conductivity [S/m]
# name 4 = sbeox0V: Oxygen raw, SBE 43 [V]
# name 5 = sbeox1V: Oxygen raw, SBE 43, 2 [V]
# name 6 = flECO-AFL: Fluorescence, WET Labs ECO-AFL/FL [mg/m^3]
# name 7 = upoly0: Upoly 0, Turbidity
# name 8 = depSM: Depth [salt water, m], lat = 58.3133
# name 9 = sal00: Salinity, Practical [PSU]
# name 10 = sbeox0ML/L: Oxygen, SBE 43 [ml/l], WS = 2
# name 11 = sbeox1ML/L: Oxygen, SBE 43, 2 [ml/l], WS = 2
# name 12 = flag: flag
# span 0 =          1,       3543       
# span 1 =      1.388,     39.004       
# span 2 =     6.6606,    16.0072       
# span 3 =   2.904257,   3.713763       
# span 4 =     0.5019,     2.8510       
# span 5 =     0.5512,     2.8009       
# span 6 =     0.0033,     0.0139       
# span 7 =  0.0863164,  0.1574232       
# span 8 =      1.375,     38.638       
# span 9 =    22.3248,    32.1809       
# span 10 =    -0.0566,     6.9720      
# span 11 =     0.2239,     5.9632      
# span 12 = 0.0000e+00, 0.0000e+00      
# interval = seconds: 0.0416667
# start_time = Sep 23 2021 10:57:43 [NMEA time, header]
# bad_flag = -9.990e-29
*END*
[from data line 1445]
       1446      1.389    14.9263   2.950968     2.6554     2.6472     0.0040  0.1467467      1.376    23.1410     6.8589     5.7197 -9.990e-29
       1447      1.389    14.9264   2.950991     2.6590     2.6486     0.0040  0.1467632      1.376    23.1412     6.8601     5.7199 -9.990e-29
       1448      1.389    14.9265   2.951014     2.6626     2.6500     0.0040  0.1467848      1.376    23.1413     6.8614     5.7202 -9.990e-29
       1449      1.388    14.9265   2.951035     2.6660     2.6514     0.0040  0.1468117      1.375    23.1415     6.8622     5.7206 -9.990e-29
       1450      1.388    14.9266   2.951055     2.6693     2.6527     0.0040  0.1468441      1.375    23.1416     6.8627     5.7208 -9.990e-29
       1451      1.388    14.9266   2.951073     2.6726     2.6540     0.0040  0.1468821      1.375    23.1417     6.8633     5.7210 -9.990e-29
       1452      1.388    14.9267   2.951090     2.6758     2.6552     0.0042  0.1469244      1.375    23.1418     6.8637     5.7211 -9.990e-29
       1453      1.389    14.9268   2.951106     2.6789     2.6565     0.0044  0.1469669      1.376    23.1419     6.8637     5.7215 -9.990e-29
       1454      1.389    14.9268   2.951121     2.6819     2.6577     0.0044  0.1470067      1.376    23.1420     6.8636     5.7217 -9.990e-29
       1455      1.389    14.9269   2.951134     2.6848     2.6588     0.0044  0.1470430      1.376    23.1421     6.8632     5.7217 -9.990e-29
       1456      1.389    14.9269   2.951146     2.6877     2.6600     0.0044  0.1470762      1.376    23.1422     6.8629     5.7220 -9.990e-29
       1457      1.390    14.9269   2.951155     2.6905     2.6611     0.0044  0.1471066      1.377    23.1423     6.8624     5.7222 -9.990e-29
       1458      1.390    14.9269   2.951163     2.6932     2.6622     0.0044  0.1471342      1.377    23.1423     6.8617     5.7224 -9.990e-29
       1459      1.390    14.9270   2.951168     2.6959     2.6633     0.0044  0.1471593      1.377    23.1423     6.8610     5.7227 -9.990e-29
       1460      1.391    14.9270   2.951169     2.6985     2.6644     0.0044  0.1471821      1.378    23.1423     6.8601     5.7230 -9.990e-29
       1461      1.391    14.9270   2.951167     2.7010     2.6654     0.0044  0.1472028      1.378    23.1423     6.8591     5.7231 -9.990e-29
       1462      1.392    14.9270   2.951162     2.7035     2.6665     0.0044  0.1472214      1.379    23.1423     6.8581     5.7236 -9.990e-29
       1463      1.392    14.9270   2.951153     2.7059     2.6675     0.0044  0.1472382      1.379    23.1422     6.8570     5.7238 -9.990e-29
       1464      1.393    14.9270   2.951142     2.7082     2.6685     0.0044  0.1472531      1.380    23.1421     6.8557     5.7241 -9.990e-29
       1465      1.393    14.9270   2.951129     2.7104     2.6696     0.0044  0.1472664      1.380    23.1420     6.8542     5.7248 -9.990e-29
       1466      1.394    14.9270   2.951114     2.7126     2.6706     0.0044  0.1472781      1.381    23.1419     6.8529     5.7252 -9.990e-29
       1467      1.395    14.9270   2.951098     2.7148     2.6715     0.0044  0.1472883      1.382    23.1417     6.8517     5.7254 -9.990e-29
       1468      1.396    14.9270   2.951082     2.7169     2.6725     0.0044  0.1472971      1.383    23.1416     6.8504     5.7260 -9.990e-29
       1469      1.397    14.9270   2.951065     2.7189     2.6735     0.0044  0.1473045      1.384    23.1414     6.8490     5.7266 -9.990e-29
       1470      1.397    14.9269   2.951049     2.7209     2.6744     0.0044  0.1473106      1.384    23.1414     6.8478     5.7269 -9.990e-29
       1471      1.398    14.9269   2.951033     2.7228     2.6753     0.0044  0.1473155      1.385    23.1412     6.8465     5.7273 -9.990e-29
       1472      1.399    14.9269   2.951016     2.7247     2.6762     0.0044  0.1473191      1.386    23.1411     6.8454     5.7278 -9.990e-29
       1473      1.399    14.9269   2.950999     2.7266     2.6771     0.0044  0.1473215      1.386    23.1409     6.8445     5.7283 -9.990e-29
       1474      1.400    14.9268   2.950982     2.7284     2.6779     0.0044  0.1473227      1.387    23.1408     6.8435     5.7285 -9.990e-29
       1475      1.400    14.9268   2.950966     2.7301     2.6787     0.0044  0.1473227      1.387    23.1407     6.8424     5.7288 -9.990e-29
       1476      1.401    14.9268   2.950950     2.7318     2.6796     0.0044  0.1473215      1.388    23.1406     6.8414     5.7294 -9.990e-29
       1477      1.402    14.9268   2.950936     2.7334     2.6803     0.0044  0.1473191      1.389    23.1404     6.8404     5.7295 -9.990e-29
       1478      1.402    14.9268   2.950923     2.7350     2.6811     0.0042  0.1473155      1.389    23.1403     6.8395     5.7298 -9.990e-29
       1479      1.403    14.9268   2.950912     2.7366     2.6819     0.0042  0.1473107      1.390    23.1402     6.8388     5.7302 -9.990e-29
       1480      1.403    14.9269   2.950901     2.7381     2.6826     0.0042  0.1473046      1.390    23.1401     6.8379     5.7302 -9.990e-29
       1481      1.404    14.9269   2.950893     2.7396     2.6834     0.0042  0.1472972      1.391    23.1400     6.8373     5.7307 -9.990e-29
       1482      1.404    14.9269   2.950886     2.7411     2.6841     0.0042  0.1472884      1.391    23.1399     6.8368     5.7308 -9.990e-29
       1483      1.404    14.9269   2.950880     2.7425     2.6848     0.0042  0.1472783      1.391    23.1399     6.8362     5.7310 -9.990e-29
       1484      1.405    14.9270   2.950877     2.7439     2.6854     0.0042  0.1472666      1.392    23.1398     6.8357     5.7309 -9.990e-29
       1485      1.405    14.9270   2.950875     2.7453     2.6861     0.0042  0.1472533      1.392    23.1398     6.8355     5.7311 -9.990e-29
       1486      1.406    14.9271   2.950877     2.7466     2.6867     0.0042  0.1472384      1.393    23.1397     6.8350     5.7310 -9.990e-29
       1487      1.406    14.9271   2.950880     2.7479     2.6874     0.0042  0.1472217      1.393    23.1398     6.8348     5.7312 -9.990e-29
       1488      1.406    14.9271   2.950884     2.7492     2.6880     0.0042  0.1472031      1.393    23.1398     6.8347     5.7312 -9.990e-29
       1489      1.407    14.9272   2.950890     2.7504     2.6886     0.0042  0.1471824      1.394    23.1398     6.8344     5.7312 -9.990e-29
       1490      1.407    14.9272   2.950897     2.7517     2.6892     0.0042  0.1471597      1.394    23.1399     6.8346     5.7313 -9.990e-29
       1491      1.407    14.9272   2.950905     2.7529     2.6898     0.0042  0.1471345      1.394    23.1399     6.8346     5.7313 -9.990e-29
       1492      1.407    14.9272   2.950914     2.7540     2.6903     0.0042  0.1471069      1.394    23.1400     6.8344     5.7312 -9.990e-29
       1493      1.408    14.9272   2.950924     2.7552     2.6909     0.0042  0.1470767      1.395    23.1401     6.8347     5.7313 -9.990e-29
       1494      1.408    14.9273   2.950933     2.7563     2.6914     0.0042  0.1470435      1.395    23.1401     6.8347     5.7313 -9.990e-29
       1495      1.408    14.9273   2.950942     2.7574     2.6919     0.0042  0.1470072      1.395    23.1402     6.8349     5.7313 -9.990e-29
       1496      1.409    14.9273   2.950951     2.7585     2.6925     0.0042  0.1469675      1.396    23.1403     6.8352     5.7315 -9.990e-29
       1497      1.409    14.9273   2.950958     2.7595     2.6930     0.0042  0.1469241      1.396    23.1403     6.8353     5.7316 -9.990e-29
       1498      1.409    14.9272   2.950966     2.7606     2.6935     0.0042  0.1468768      1.396    23.1405     6.8358     5.7317 -9.990e-29
       1499      1.410    14.9272   2.950973     2.7616     2.6939     0.0042  0.1468252      1.397    23.1405     6.8361     5.7316 -9.990e-29
       1500      1.410    14.9272   2.950978     2.7626     2.6944     0.0042  0.1467689      1.397    23.1406     6.8365     5.7317 -9.990e-29
       1501      1.410    14.9272   2.950982     2.7636     2.6949     0.0042  0.1467077      1.397    23.1406     6.8370     5.7319 -9.990e-29
       1502      1.411    14.9271   2.950983     2.7646     2.6953     0.0042  0.1466409      1.398    23.1407     6.8375     5.7319 -9.990e-29
       1503      1.411    14.9271   2.950984     2.7655     2.6957     0.0042  0.1465708      1.398    23.1407     6.8378     5.7319 -9.990e-29
       1504      1.412    14.9270   2.950982     2.7665     2.6961     0.0042  0.1465027      1.399    23.1407     6.8386     5.7320 -9.990e-29
       1505      1.412    14.9270   2.950978     2.7674     2.6966     0.0042  0.1464413      1.399    23.1407     6.8390     5.7323 -9.990e-29
       1506      1.413    14.9270   2.950972     2.7683     2.6970     0.0042  0.1463880      1.400    23.1406     6.8396     5.7324 -9.990e-29
       1507      1.414    14.9269   2.950964     2.7693     2.6974     0.0042  0.1463413      1.401    23.1406     6.8405     5.7326 -9.990e-29
       1508      1.414    14.9268   2.950953     2.7702     2.6978     0.0042  0.1463003      1.401    23.1406     6.8412     5.7327 -9.990e-29
       1509      1.415    14.9268   2.950942     2.7711     2.6981     0.0042  0.1462645      1.402    23.1405     6.8419     5.7327 -9.990e-29
       1510      1.416    14.9267   2.950930     2.7720     2.6985     0.0042  0.1462338      1.403    23.1404     6.8428     5.7329 -9.990e-29
       1511      1.417    14.9267   2.950917     2.7728     2.6989     0.0042  0.1462078      1.404    23.1403     6.8433     5.7332 -9.990e-29
       1512      1.418    14.9266   2.950905     2.7737     2.6992     0.0042  0.1461866      1.405    23.1403     6.8442     5.7332 -9.990e-29
       1513      1.419    14.9265   2.950894     2.7745     2.6996     0.0042  0.1461698      1.406    23.1402     6.8449     5.7335 -9.990e-29
       1514      1.420    14.9265   2.950884     2.7754     2.6999     0.0042  0.1461575      1.407    23.1402     6.8459     5.7336 -9.990e-29
       1515      1.421    14.9264   2.950874     2.7762     2.7003     0.0042  0.1461494      1.408    23.1401     6.8466     5.7340 -9.990e-29
       1516      1.422    14.9263   2.950864     2.7770     2.7006     0.0042  0.1461456      1.409    23.1401     6.8474     5.7341 -9.990e-29
       1517      1.423    14.9263   2.950855     2.7778     2.7010     0.0042  0.1461460      1.410    23.1400     6.8483     5.7345 -9.990e-29
       1518      1.423    14.9262   2.950847     2.7785     2.7013     0.0042  0.1461506      1.410    23.1400     6.8489     5.7347 -9.990e-29
       1519      1.424    14.9261   2.950838     2.7793     2.7017     0.0042  0.1461594      1.411    23.1400     6.8498     5.7352 -9.990e-29
       1520      1.425    14.9260   2.950830     2.7800     2.7020     0.0042  0.1461726      1.412    23.1400     6.8504     5.7354 -9.990e-29
       1521      1.425    14.9259   2.950823     2.7807     2.7023     0.0042  0.1461901      1.412    23.1400     6.8511     5.7357 -9.990e-29
       1522      1.426    14.9259   2.950816     2.7814     2.7027     0.0042  0.1462122      1.413    23.1399     6.8518     5.7362 -9.990e-29
       1523      1.426    14.9258   2.950810     2.7822     2.7030     0.0042  0.1462390      1.413    23.1399     6.8528     5.7365 -9.990e-29
       1524      1.427    14.9257   2.950805     2.7829     2.7033     0.0042  0.1462706      1.414    23.1399     6.8536     5.7368 -9.990e-29
       1525      1.427    14.9256   2.950801     2.7836     2.7036     0.0042  0.1463073      1.414    23.1400     6.8544     5.7372 -9.990e-29
       1526      1.428    14.9255   2.950798     2.7843     2.7039     0.0042  0.1463494      1.415    23.1400     6.8551     5.7375 -9.990e-29
       1527      1.428    14.9255   2.950796     2.7849     2.7042     0.0042  0.1463971      1.415    23.1400     6.8556     5.7379 -9.990e-29
       1528      1.428    14.9254   2.950795     2.7856     2.7045     0.0042  0.1464499      1.415    23.1400     6.8564     5.7382 -9.990e-29
       1529      1.428    14.9254   2.950796     2.7863     2.7048     0.0042  0.1465048      1.415    23.1400     6.8572     5.7385 -9.990e-29
       1530      1.428    14.9254   2.950799     2.7869     2.7051     0.0042  0.1465570      1.415    23.1401     6.8577     5.7389 -9.990e-29
       1531      1.428    14.9254   2.950803     2.7876     2.7053     0.0042  0.1466036      1.415    23.1401     6.8585     5.7391 -9.990e-29
       1532      1.428    14.9255   2.950810     2.7883     2.7056     0.0042  0.1466440      1.415    23.1401     6.8593     5.7394 -9.990e-29
       1533      1.428    14.9255   2.950819     2.7889     2.7059     0.0042  0.1466785      1.415    23.1402     6.8599     5.7398 -9.990e-29
       1534      1.428    14.9256   2.950831     2.7895     2.7062     0.0042  0.1467074      1.415    23.1402     6.8604     5.7402 -9.990e-29
       1535      1.428    14.9257   2.950845     2.7901     2.7064     0.0042  0.1467307      1.415    23.1403     6.8610     5.7403 -9.990e-29
       1536      1.427    14.9258   2.950862     2.7907     2.7067     0.0042  0.1467488      1.414    23.1404     6.8616     5.7407 -9.990e-29
       1537      1.427    14.9259   2.950882     2.7913     2.7070     0.0042  0.1467617      1.414    23.1405     6.8622     5.7411 -9.990e-29
       1538      1.427    14.9260   2.950902     2.7919     2.7072     0.0042  0.1467695      1.414    23.1406     6.8628     5.7413 -9.990e-29
       1539      1.427    14.9261   2.950923     2.7925     2.7075     0.0042  0.1467722      1.414    23.1407     6.8634     5.7417 -9.990e-29
       1540      1.427    14.9262   2.950944     2.7931     2.7078     0.0042  0.1467700      1.414    23.1409     6.8640     5.7421 -9.990e-29
       1541      1.427    14.9262   2.950963     2.7937     2.7080     0.0042  0.1467627      1.414    23.1410     6.8647     5.7422 -9.990e-29
       1542      1.427    14.9263   2.950981     2.7943     2.7083     0.0042  0.1467503      1.414    23.1411     6.8653     5.7426 -9.990e-29
       1543      1.427    14.9263   2.950997     2.7948     2.7085     0.0042  0.1467328      1.414    23.1413     6.8656     5.7428 -9.990e-29
       1544      1.427    14.9263   2.951011     2.7954     2.7088     0.0042  0.1467099      1.414    23.1414     6.8663     5.7432 -9.990e-29
       1545      1.427    14.9263   2.951024     2.7959     2.7090     0.0042  0.1466816      1.414    23.1415     6.8666     5.7433 -9.990e-29
       1546      1.427    14.9263   2.951035     2.7965     2.7093     0.0042  0.1466477      1.414    23.1416     6.8672     5.7438 -9.990e-29
       1547      1.427    14.9263   2.951043     2.7970     2.7095     0.0042  0.1466079      1.414    23.1416     6.8676     5.7439 -9.990e-29
       1548      1.427    14.9263   2.951049     2.7975     2.7097     0.0042  0.1465619      1.414    23.1417     6.8679     5.7441 -9.990e-29
       1549      1.427    14.9262   2.951053     2.7980     2.7100     0.0042  0.1465095      1.414    23.1418     6.8683     5.7446 -9.990e-29
       1550      1.428    14.9262   2.951056     2.7985     2.7102     0.0042  0.1464502      1.415    23.1418     6.8687     5.7447 -9.990e-29
       1551      1.429    14.9261   2.951058     2.7989     2.7104     0.0042  0.1463836      1.416    23.1419     6.8687     5.7449 -9.990e-29
       1552      1.429    14.9260   2.951058     2.7994     2.7106     0.0042  0.1463094      1.416    23.1420     6.8691     5.7451 -9.990e-29
       1553      1.430    14.9260   2.951059     2.7999     2.7108     0.0042  0.1462269      1.417    23.1420     6.8695     5.7453 -9.990e-29
       1554      1.431    14.9259   2.951058     2.8003     2.7111     0.0042  0.1461381      1.418    23.1420     6.8696     5.7457 -9.990e-29
       1555      1.432    14.9258   2.951057     2.8007     2.7113     0.0042  0.1460492      1.419    23.1421     6.8697     5.7459 -9.990e-29
