data/2021/ctd_data_day3/station5e.cnv
* Sea-Bird SBE 9 Data File:
* FileName = C:\Users\CTD-User\Desktop\MAR440\day3\station5e.hex
* Software Version Seasave V 7.26.2.13
* Temperature SN = 6313
* Conductivity SN = 4758
* Number of Bytes Per Scan = 37
* Number of Voltage Words = 4
* Number of Scans Averaged by the Deck Unit = 1
* NMEA Latitude = 58 19.40 N
* NMEA Longitude = 011 49.94 E
* NMEA UTC (Time) = Sep 23 2021 10:10:37
* NMEA baud rate = 4800
** Ship: Skagerrak
** Station: station5e
** Operator: Tor
# nquan = 9
# nvalues = 1576                                  
# units = specified
# name 0 = scan: Scan Count
# name 1 = prDM: Pressure, Digiquartz [db]
# name 2 = t090C: Temperature [ITS-90, deg C]
# name 3 = c0S/m: Conductivity [S/m]
# name 4 = sbeox0V: Oxygen raw, SBE 43 [V]
# name 5 = sbeox1V: Oxygen raw, SBE 43, 2 [V]
# name 6 = flECO-AFL: Fluorescence, WET Labs ECO-AFL/FL [mg/m^3]
# name 7 = upoly0: Upoly 0, Turbidity
# name 8 = flag:  0.000e+00
# span 0 =          1,       1576                 
# span 1 =      0.371,     15.362                 
# span 2 =    13.2968,    15.3463                 
# span 3 =   2.947910,   3.444908                 
# span 4 =     1.3980,     2.7974                 
# span 5 =     1.4432,     2.7058                 
# span 6 =     0.0040,     0.0090                 
# span 7 =  0.0913272,  0.1601917                 
# span 8 = 0.0000e+00, 0.0000e+00                 
# interval = seconds: 0.0416667
# start_time = Sep 23 2021 10:10:37 [NMEA time, header]
# bad_flag = -9.990e-29
*END*
[from data line 481]
        482      0.586    14.9322   2.949585     2.7864     2.6838     0.0053  0.1465165  0.000e+00
        483      0.619    14.9320   2.949585     2.7876     2.6838     0.0053  0.1465165  0.000e+00
        484      0.586    14.9322   2.949458     2.7876     2.6838     0.0053  0.1465165  0.000e+00
        485      0.553    14.9322   2.949623     2.7864     2.6838     0.0053  0.1465165  0.000e+00
        486      0.586    14.9319   2.949579     2.7864     2.6838     0.0053  0.1465165  0.000e+00
        487      0.553    14.9320   2.949475     2.7864     2.6838     0.0053  0.1465165  0.000e+00
        488      0.520    14.9321   2.949513     2.7876     2.6838     0.0053  0.1465165  0.000e+00
        489      0.553    14.9322   2.949436     2.7876     2.6838     0.0053  0.1465165  0.000e+00
        490      0.462    14.9322   2.949519     2.7864     2.6838     0.0053  0.1465165  0.000e+00
        491      0.495    14.9319   2.949563     2.7864     2.6838     0.0053  0.1465165  0.000e+00
        492      0.520    14.9321   2.948797     2.7851     2.6826     0.0053  0.1465165  0.000e+00
        493      0.429    14.9320   2.948378     2.7864     2.6826     0.0053  0.1470049  0.000e+00
        494      0.520    14.9319   2.948742     2.7876     2.6826     0.0053  0.1465165  0.000e+00
        495      0.495    14.9319   2.949287     2.7864     2.6826     0.0053  0.1445629  0.000e+00
        496      0.462    14.9317   2.949425     2.7864     2.6826     0.0055  0.1435861  0.000e+00
        497      0.495    14.9314   2.949530     2.7851     2.6826     0.0055  0.1435861  0.000e+00
        498      0.396    14.9311   2.949502     2.7864     2.6826     0.0055  0.1435861  0.000e+00
        499      0.429    14.9307   2.949667     2.7876     2.6826     0.0055  0.1435861  0.000e+00
        500      0.462    14.9303   2.949579     2.7864     2.6826     0.0055  0.1435861  0.000e+00
        501      0.495    14.9302   2.949535     2.7839     2.6814     0.0055  0.1435861  0.000e+00
        502      0.396    14.9302   2.949579     2.7851     2.6814     0.0055  0.1435861  0.000e+00
        503      0.495    14.9302   2.949486     2.7851     2.6814     0.0055  0.1435861  0.000e+00
        504      0.462    14.9302   2.949491     2.7864     2.6814     0.0055  0.1435861  0.000e+00
        505      0.495    14.9303   2.949552     2.7864     2.6814     0.0055  0.1435861  0.000e+00
        506      0.462    14.9303   2.949585     2.7864     2.6814     0.0055  0.1435861  0.000e+00
        507      0.429    14.9305   2.949590     2.7851     2.6814     0.0055  0.1435861  0.000e+00
        508      0.462    14.9302   2.949491     2.7864     2.6814     0.0055  0.1435861  0.000e+00
        509      0.429    14.9303   2.949491     2.7839     2.6814     0.0055  0.1435861  0.000e+00
        510      0.462    14.9305   2.949568     2.7839     2.6814     0.0055  0.1435861  0.000e+00
        511      0.495    14.9307   2.949530     2.7839     2.6814     0.0055  0.1435861  0.000e+00
        512      0.462    14.9305   2.949530     2.7864     2.6814     0.0055  0.1435861  0.000e+00
        513      0.495    14.9307   2.949535     2.7864     2.6814     0.0055  0.1435861  0.000e+00
        514      0.396    14.9309   2.949535     2.7839     2.6801     0.0055  0.1435861  0.000e+00
        515      0.495    14.9314   2.949513     2.7839     2.6801     0.0055  0.1435861  0.000e+00
        516      0.396    14.9314   2.949590     2.7839     2.6801     0.0055  0.1435861  0.000e+00
        517      0.552    14.9315   2.949535     2.7864     2.6801     0.0055  0.1435861  0.000e+00
        518      0.396    14.9314   2.949546     2.7864     2.6801     0.0055  0.1435861  0.000e+00
        519      0.552    14.9307   2.949524     2.7839     2.6801     0.0055  0.1435861  0.000e+00
        520      0.396    14.9303   2.949508     2.7815     2.6801     0.0055  0.1435861  0.000e+00
        521      0.495    14.9306   2.949546     2.7827     2.6801     0.0053  0.1440745  0.000e+00
        522      0.462    14.9309   2.949502     2.7851     2.6789     0.0053  0.1440745  0.000e+00
        523      0.495    14.9307   2.949502     2.7827     2.6789     0.0053  0.1440745  0.000e+00
        524      0.396    14.9300   2.949447     2.7815     2.6789     0.0053  0.1440745  0.000e+00
        525      0.495    14.9299   2.949342     2.7827     2.6789     0.0053  0.1440745  0.000e+00
        526      0.396    14.9295   2.949397     2.7827     2.6789     0.0053  0.1440745  0.000e+00
        527      0.495    14.9292   2.949508     2.7839     2.6789     0.0053  0.1440745  0.000e+00
        528      0.462    14.9291   2.949513     2.7815     2.6789     0.0053  0.1440745  0.000e+00
        529      0.429    14.9291   2.949524     2.7815     2.6789     0.0053  0.1440745  0.000e+00
        530      0.462    14.9295   2.949475     2.7815     2.6777     0.0053  0.1440745  0.000e+00
        531      0.495    14.9302   2.949475     2.7827     2.6777     0.0053  0.1440745  0.000e+00
        532      0.396    14.9302   2.949293     2.7827     2.6777     0.0053  0.1440745  0.000e+00
        533      0.429    14.9302   2.949315     2.7815     2.6777     0.0053  0.1440745  0.000e+00
        534      0.462    14.9302   2.949486     2.7815     2.6777     0.0053  0.1440745  0.000e+00
        535      0.429    14.9302   2.949579     2.7815     2.6777     0.0053  0.1440745  0.000e+00
        536      0.462    14.9303   2.949546     2.7827     2.6777     0.0053  0.1440745  0.000e+00
        537      0.429    14.9304   2.949535     2.7815     2.6777     0.0053  0.1440745  0.000e+00
        538      0.462    14.9303   2.949452     2.7803     2.6789     0.0053  0.1440745  0.000e+00
        539      0.429    14.9305   2.949463     2.7803     2.6789     0.0053  0.1440745  0.000e+00
        540      0.462    14.9302   2.949497     2.7815     2.6777     0.0053  0.1440745  0.000e+00
        541      0.429    14.9303   2.949491     2.7827     2.6789     0.0053  0.1440745  0.000e+00
        542      0.396    14.9307   2.949458     2.7815     2.6789     0.0053  0.1440745  0.000e+00
        543      0.494    14.9307   2.949491     2.7815     2.6789     0.0053  0.1440745  0.000e+00
        544      0.396    14.9305   2.949469     2.7803     2.6777     0.0055  0.1440745  0.000e+00
        545      0.428    14.9305   2.949491     2.7803     2.6777     0.0053  0.1440745  0.000e+00
        546      0.461    14.9303   2.949612     2.7803     2.6777     0.0055  0.1474933  0.000e+00
        547      0.428    14.9300   2.949541     2.7803     2.6777     0.0057  0.1499353  0.000e+00
        548      0.461    14.9297   2.949508     2.7790     2.6777     0.0057  0.1504237  0.000e+00
        549      0.371    14.9295   2.949574     2.7790     2.6777     0.0057  0.1499353  0.000e+00
        550      0.519    14.9297   2.949508     2.7803     2.6777     0.0057  0.1499353  0.000e+00
        551      0.461    14.9300   2.949436     2.7815     2.6777     0.0057  0.1499353  0.000e+00
        552      0.428    14.9297   2.949491     2.7815     2.6777     0.0057  0.1499353  0.000e+00
        553      0.461    14.9294   2.949546     2.7803     2.6777     0.0057  0.1499353  0.000e+00
        554      0.428    14.9275   2.949563     2.7790     2.6777     0.0057  0.1499353  0.000e+00
        555      0.461    14.9258   2.949524     2.7815     2.6777     0.0057  0.1499353  0.000e+00
        556      0.494    14.9244   2.949447     2.7815     2.6777     0.0057  0.1499353  0.000e+00
        557      0.395    14.9238   2.949530     2.7815     2.6777     0.0057  0.1499353  0.000e+00
        558      0.494    14.9236   2.949502     2.7803     2.6777     0.0057  0.1499353  0.000e+00
        559      0.461    14.9238   2.949458     2.7815     2.6777     0.0055  0.1499353  0.000e+00
        560      0.428    14.9242   2.949519     2.7815     2.6789     0.0057  0.1499353  0.000e+00
        561      0.519    14.9248   2.949513     2.7803     2.6777     0.0057  0.1499353  0.000e+00
        562      0.428    14.9249   2.949546     2.7790     2.6777     0.0057  0.1499353  0.000e+00
        563      0.461    14.9253   2.949629     2.7790     2.6777     0.0057  0.1499353  0.000e+00
        564      0.494    14.9259   2.949497     2.7790     2.6777     0.0057  0.1499353  0.000e+00
        565      0.461    14.9270   2.949452     2.7815     2.6777     0.0057  0.1499353  0.000e+00
        566      0.494    14.9276   2.949353     2.7803     2.6777     0.0057  0.1499353  0.000e+00
        567      0.461    14.9282   2.949397     2.7815     2.6777     0.0057  0.1499353  0.000e+00
        568      0.494    14.9283   2.949623     2.7790     2.6777     0.0057  0.1499353  0.000e+00
        569      0.461    14.9283   2.949392     2.7815     2.6777     0.0057  0.1499353  0.000e+00
        570      0.428    14.9268   2.949392     2.7815     2.6777     0.0057  0.1499353  0.000e+00
        571      0.519    14.9248   2.949342     2.7803     2.6777     0.0057  0.1514005  0.000e+00
        572      0.428    14.9241   2.949502     2.7790     2.6777     0.0059  0.1557961  0.000e+00
        573      0.519    14.9231   2.949458     2.7790     2.6777     0.0059  0.1572613  0.000e+00
        574      0.494    14.9243   2.949530     2.7815     2.6777     0.0059  0.1572613  0.000e+00
        575      0.461    14.9258   2.949601     2.7815     2.6777     0.0059  0.1572613  0.000e+00
        576      0.428    14.9264   2.949491     2.7803     2.6777     0.0059  0.1572613  0.000e+00
        577      0.519    14.9262   2.949475     2.7815     2.6777     0.0059  0.1572613  0.000e+00
        578      0.428    14.9263   2.949563     2.7790     2.6777     0.0059  0.1572613  0.000e+00
        579      0.519    14.9255   2.949359     2.7803     2.6777     0.0059  0.1572613  0.000e+00
        580      0.428    14.9255   2.949227     2.7815     2.6777     0.0059  0.1572613  0.000e+00
        581      0.461    14.9257   2.949530     2.7803     2.6777     0.0059  0.1572613  0.000e+00
        582      0.552    14.9255   2.949524     2.7790     2.6777     0.0059  0.1572613  0.000e+00
        583      0.395    14.9236   2.949541     2.7790     2.6777     0.0059  0.1572613  0.000e+00
        584      0.552    14.9213   2.949541     2.7815     2.6789     0.0059  0.1572613  0.000e+00
        585      0.461    14.9192   2.949370     2.7815     2.6777     0.0059  0.1572613  0.000e+00
        586      0.494    14.9173   2.949502     2.7803     2.6789     0.0059  0.1572613  0.000e+00
        587      0.461    14.9157   2.949563     2.7803     2.6789     0.0059  0.1572613  0.000e+00
        588      0.494    14.9148   2.949502     2.7815     2.6789     0.0059  0.1572613  0.000e+00
        589      0.519    14.9149   2.949640     2.7827     2.6789     0.0059  0.1572613  0.000e+00
        590      0.494    14.9170   2.949612     2.7815     2.6789     0.0059  0.1572613  0.000e+00
        591      0.585    14.9182   2.949530     2.7803     2.6789     0.0059  0.1572613  0.000e+00
        592      0.428    14.9178   2.949668     2.7803     2.6789     0.0059  0.1572613  0.000e+00
        593      0.584    14.9163   2.949541     2.7815     2.6789     0.0059  0.1572613  0.000e+00
        594      0.494    14.9157   2.949541     2.7827     2.6789     0.0059  0.1572613  0.000e+00
        595      0.584    14.9161   2.949640     2.7815     2.6789     0.0059  0.1572613  0.000e+00
        596      0.551    14.9169   2.949530     2.7803     2.6789     0.0059  0.1572613  0.000e+00
        597      0.584    14.9163   2.948488     2.7815     2.6789     0.0059  0.1572613  0.000e+00
        598      0.551    14.9141   2.947910     2.7827     2.6789     0.0059  0.1577497  0.000e+00
        599      0.584    14.9119   2.948202     2.7827     2.6789     0.0059  0.1577497  0.000e+00
        600      0.551    14.9106   2.949293     2.7827     2.6789     0.0059  0.1577497  0.000e+00
        601      0.642    14.9096   2.949309     2.7815     2.6789     0.0059  0.1577497  0.000e+00
        602      0.617    14.9097   2.949475     2.7815     2.6789     0.0059  0.1577497  0.000e+00
        603      0.584    14.9099   2.949563     2.7839     2.6789     0.0059  0.1577497  0.000e+00
        604      0.675    14.9102   2.949563     2.7827     2.6789     0.0059  0.1577497  0.000e+00
        605      0.642    14.9114   2.949618     2.7827     2.6789     0.0059  0.1577497  0.000e+00
        606      0.617    14.9134   2.949579     2.7815     2.6789     0.0059  0.1577497  0.000e+00
        607      0.700    14.9133   2.949546     2.7827     2.6789     0.0059  0.1577497  0.000e+00
        608      0.675    14.9117   2.949657     2.7827     2.6789     0.0059  0.1572613  0.000e+00
        609      0.642    14.9114   2.949734     2.7839     2.6789     0.0059  0.1577497  0.000e+00
        610      0.733    14.9130   2.949778     2.7815     2.6789     0.0059  0.1577497  0.000e+00
        611      0.700    14.9138   2.949838     2.7815     2.6789     0.0059  0.1577497  0.000e+00
        612      0.733    14.9127   2.949816     2.7815     2.6789     0.0059  0.1577497  0.000e+00
        613      0.766    14.9114   2.949855     2.7839     2.6789     0.0059  0.1577497  0.000e+00
        614      0.675    14.9102   2.949987     2.7827     2.6789     0.0059  0.1577497  0.000e+00
        615      0.766    14.9096   2.949993     2.7839     2.6789     0.0059  0.1577497  0.000e+00
        616      0.766    14.9084   2.949949     2.7815     2.6777     0.0059  0.1577497  0.000e+00
        617      0.733    14.9090   2.950026     2.7827     2.6777     0.0059  0.1577497  0.000e+00
        618      0.766    14.9096   2.949938     2.7851     2.6789     0.0059  0.1577497  0.000e+00
        619      0.798    14.9092   2.949866     2.7827     2.6789     0.0059  0.1577497  0.000e+00
        620      0.765    14.9082   2.949921     2.7827     2.6789     0.0059  0.1577497  0.000e+00
        621      0.856    14.9080   2.949910     2.7839     2.6789     0.0059  0.1577497  0.000e+00
        622      0.765    14.9096   2.949850     2.7827     2.6789     0.0059  0.1562845  0.000e+00
        623      0.856    14.9113   2.949833     2.7839     2.6789     0.0060  0.1523773  0.000e+00
        624      0.823    14.9126   2.949883     2.7839     2.6789     0.0062  0.1509121  0.000e+00
        625      0.856    14.9129   2.949888     2.7827     2.6789     0.0062  0.1509121  0.000e+00
        626      0.823    14.9136   2.949927     2.7803     2.6789     0.0062  0.1514005  0.000e+00
        627      0.856    14.9145   2.949827     2.7839     2.6789     0.0062  0.1514005  0.000e+00
        628      0.889    14.9153   2.949861     2.7851     2.6789     0.0062  0.1514005  0.000e+00
        629      0.922    14.9159   2.949866     2.7815     2.6789     0.0062  0.1514005  0.000e+00
        630      0.889    14.9163   2.949701     2.7827     2.6789     0.0062  0.1514005  0.000e+00
        631      0.922    14.9160   2.949745     2.7839     2.6789     0.0062  0.1514005  0.000e+00
        632      0.947    14.9160   2.949761     2.7839     2.6789     0.0062  0.1514005  0.000e+00
        633      0.922    14.9159   2.949646     2.7839     2.6789     0.0062  0.1514005  0.000e+00
        634      0.947    14.9167   2.949651     2.7839     2.6789     0.0062  0.1514005  0.000e+00
        635      0.980    14.9173   2.949651     2.7839     2.6789     0.0062  0.1514005  0.000e+00
        636      0.947    14.9184   2.949662     2.7815     2.6789     0.0062  0.1514005  0.000e+00
        637      0.980    14.9186   2.949624     2.7864     2.6789     0.0062  0.1514005  0.000e+00
        638      1.013    14.9189   2.949513     2.7864     2.6789     0.0062  0.1514005  0.000e+00
        639      0.980    14.9211   2.949541     2.7839     2.6789     0.0062  0.1514005  0.000e+00
        640      1.013    14.9229   2.949497     2.7815     2.6789     0.0062  0.1514005  0.000e+00
