data/2021/ctd_data_day3/station9i.cnv
* Sea-Bird SBE 9 Data File:
* FileName = C:\Users\CTD-User\Desktop\MAR440\day3\station9i.hex
* Software Version Seasave V 7.26.2.13
* Temperature SN = 6313
* Conductivity SN = 4758
* Number of Bytes Per Scan = 37
* Number of Voltage Words = 4
* Number of Scans Averaged by the Deck Unit = 1
* NMEA Latitude = 58 20.28 N
* NMEA Longitude = 011 53.28 E
* NMEA UTC (Time) = Sep 23 2021 11:50:13
* NMEA baud rate = 4800
** Ship: Skagerrak
** Station: station9i
** Operator: Johan
# nquan = 9
# nvalues = 5713                                  
# units = specified
# name 0 = scan: Scan Count
# name 1 = prDM: Pressure, Digiquartz [db]
# name 2 = t090C: Temperature [ITS-90, deg C]
# name 3 = c0S/m: Conductivity [S/m]
# name 4 = sbeox0V: Oxygen raw, SBE 43 [V]
# name 5 = sbeox1V: Oxygen raw, SBE 43, 2 [V]
# name 6 = flECO-AFL: Fluorescence, WET Labs ECO-AFL/FL [mg/m^3]
# name 7 = upoly0: Upoly 0, Turbidity
# name 8 = flag:  0.000e+00
# span 0 =          1,       5713                 
# span 1 =     -0.051,     39.150                 
# span 2 =     7.9647,    15.8426                 
# span 3 =  -0.000585,   3.484896                 
# span 4 =     0.4796,     2.9475                 
# span 5 =     0.5431,     2.7973                 
# span 6 =     0.0024,     0.2439                 
# span 7 =  0.0791172,  0.7706923                 
# span 8 = 0.0000e+00, 0.0000e+00                 
# interval = seconds: 0.0416667
# start_time = Sep 23 2021 11:50:13 [NMEA time, header]
# bad_flag = -9.990e-29
*END*
[from data line 4641]
       4642     22.704     8.1281   3.281302     0.6066     0.6152     0.0134  0.2065897  0.000e+00
       4643     22.761     8.1304   3.281715     0.6078     0.6152     0.0134  0.2061013  0.000e+00
       4644     22.761     8.1321   3.281939     0.6054     0.6152     0.0134  0.2065897  0.000e+00
       4645     22.819     8.1341   3.282226     0.6029     0.6152     0.0134  0.2065897  0.000e+00
       4646     22.811     8.1360   3.282714     0.6029     0.6140     0.0121  0.1885189  0.000e+00
       4647     22.885     8.1383   3.283139     0.6042     0.6140     0.0112  0.1743553  0.000e+00
       4648     22.819     8.1409   3.283477     0.6029     0.6127     0.0110  0.1709365  0.000e+00
       4649     22.885     8.1424   3.284068     0.6017     0.6140     0.0112  0.1719133  0.000e+00
       4650     22.943     8.1441   3.284562     0.6005     0.6140     0.0112  0.1724017  0.000e+00
       4651     22.885     8.1462   3.284958     0.6005     0.6127     0.0112  0.1728901  0.000e+00
       4652     23.008     8.1479   3.285469     0.6029     0.6127     0.0112  0.1724017  0.000e+00
       4653     22.942     8.1496   3.285797     0.5993     0.6127     0.0112  0.1728901  0.000e+00
       4654     23.008     8.1512   3.286072     0.5981     0.6115     0.0112  0.1728901  0.000e+00
       4655     23.008     8.1535   3.286606     0.5981     0.6115     0.0112  0.1724017  0.000e+00
       4656     23.066     8.1551   3.286956     0.5981     0.6115     0.0112  0.1724017  0.000e+00
       4657     23.066     8.1567   3.287433     0.5981     0.6115     0.0112  0.1724017  0.000e+00
       4658     23.066     8.1588   3.287743     0.5981     0.6103     0.0112  0.1724017  0.000e+00
       4659     23.132     8.1606   3.288099     0.5956     0.6103     0.0112  0.1724017  0.000e+00
       4660     23.132     8.1622   3.288524     0.5956     0.6103     0.0112  0.1724017  0.000e+00
       4661     23.190     8.1640   3.288972     0.5956     0.6091     0.0112  0.1728901  0.000e+00
       4662     23.132     8.1656   3.289397     0.5956     0.6091     0.0112  0.1724017  0.000e+00
       4663     23.247     8.1678   3.289708     0.5944     0.6091     0.0112  0.1724017  0.000e+00
       4664     23.190     8.1702   3.290288     0.5932     0.6091     0.0112  0.1728901  0.000e+00
       4665     23.247     8.1722   3.290552     0.5920     0.6091     0.0112  0.1728901  0.000e+00
       4666     23.247     8.1740   3.291023     0.5932     0.6091     0.0112  0.1724017  0.000e+00
       4667     23.363     8.1759   3.291282     0.5932     0.6079     0.0112  0.1724017  0.000e+00
       4668     23.313     8.1774   3.291667     0.5907     0.6079     0.0112  0.1724017  0.000e+00
       4669     23.313     8.1790   3.292040     0.5895     0.6079     0.0112  0.1728901  0.000e+00
       4670     23.371     8.1802   3.292448     0.5895     0.6079     0.0112  0.1724017  0.000e+00
       4671     23.371     8.1819   3.292856     0.5907     0.6066     0.0110  0.1684945  0.000e+00
       4672     23.437     8.1834   3.293195     0.5895     0.6066     0.0104  0.1548193  0.000e+00
       4673     23.371     8.1855   3.293620     0.5883     0.6066     0.0104  0.1494469  0.000e+00
       4674     23.495     8.1869   3.293925     0.5871     0.6066     0.0104  0.1494469  0.000e+00
       4675     23.437     8.1887   3.294310     0.5883     0.6066     0.0104  0.1499353  0.000e+00
       4676     23.495     8.1906   3.294620     0.5883     0.6054     0.0104  0.1499353  0.000e+00
       4677     23.552     8.1921   3.294977     0.5871     0.6054     0.0104  0.1499353  0.000e+00
       4678     23.495     8.1938   3.295500     0.5846     0.6054     0.0104  0.1499353  0.000e+00
       4679     23.618     8.1952   3.295690     0.5846     0.6054     0.0104  0.1499353  0.000e+00
       4680     23.552     8.1976   3.296086     0.5859     0.6042     0.0104  0.1499353  0.000e+00
       4681     23.618     8.1992   3.296661     0.5859     0.6054     0.0102  0.1499353  0.000e+00
       4682     23.618     8.2021   3.296966     0.5846     0.6042     0.0104  0.1499353  0.000e+00
       4683     23.618     8.2049   3.297489     0.5834     0.6042     0.0104  0.1499353  0.000e+00
       4684     23.676     8.2070   3.298208     0.5822     0.6042     0.0104  0.1499353  0.000e+00
       4685     23.742     8.2086   3.298616     0.5834     0.6042     0.0104  0.1509121  0.000e+00
       4686     23.676     8.2107   3.298978     0.5822     0.6030     0.0104  0.1499353  0.000e+00
       4687     23.742     8.2128   3.299467     0.5810     0.6030     0.0104  0.1499353  0.000e+00
       4688     23.799     8.2145   3.300192     0.5797     0.6030     0.0104  0.1509121  0.000e+00
       4689     23.799     8.2167   3.300502     0.5797     0.6030     0.0104  0.1499353  0.000e+00
       4690     23.799     8.2193   3.300968     0.5810     0.6030     0.0104  0.1499353  0.000e+00
       4691     23.799     8.2213   3.301325     0.5797     0.6017     0.0104  0.1499353  0.000e+00
       4692     23.865     8.2224   3.301900     0.5785     0.6017     0.0104  0.1499353  0.000e+00
       4693     23.865     8.2242   3.302291     0.5785     0.6017     0.0104  0.1499353  0.000e+00
       4694     23.923     8.2257   3.302539     0.5785     0.6017     0.0104  0.1499353  0.000e+00
       4695     23.923     8.2276   3.302895     0.5785     0.6017     0.0104  0.1499353  0.000e+00
       4696     23.907     8.2297   3.303149     0.5785     0.6017     0.0104  0.1499353  0.000e+00
       4697     23.981     8.2315   3.303626     0.5761     0.6005     0.0102  0.1421209  0.000e+00
       4698     23.981     8.2332   3.304063     0.5749     0.6005     0.0101  0.1352833  0.000e+00
       4699     23.981     8.2355   3.304558     0.5749     0.6005     0.0101  0.1333297  0.000e+00
       4700     24.047     8.2370   3.305059     0.5773     0.6005     0.0101  0.1338181  0.000e+00
       4701     24.047     8.2384   3.305312     0.5749     0.6005     0.0101  0.1343065  0.000e+00
       4702     24.047     8.2399   3.305531     0.5736     0.5993     0.0101  0.1343065  0.000e+00
       4703     24.104     8.2420   3.305842     0.5736     0.5993     0.0101  0.1343065  0.000e+00
       4704     24.170     8.2434   3.306308     0.5736     0.5993     0.0099  0.1343065  0.000e+00
       4705     24.104     8.2451   3.306636     0.5749     0.5993     0.0101  0.1343065  0.000e+00
       4706     24.170     8.2462   3.306947     0.5724     0.5993     0.0101  0.1343065  0.000e+00
       4707     24.170     8.2480   3.307327     0.5724     0.5993     0.0101  0.1343065  0.000e+00
       4708     24.228     8.2496   3.307712     0.5712     0.5993     0.0101  0.1343065  0.000e+00
       4709     24.228     8.2514   3.308081     0.5724     0.5981     0.0101  0.1343065  0.000e+00
       4710     24.228     8.2530   3.308374     0.5736     0.5981     0.0101  0.1343065  0.000e+00
       4711     24.286     8.2543   3.308800     0.5700     0.5981     0.0101  0.1343065  0.000e+00
       4712     24.286     8.2556   3.309232     0.5700     0.5981     0.0101  0.1343065  0.000e+00
       4713     24.352     8.2576   3.309451     0.5688     0.5981     0.0101  0.1343065  0.000e+00
       4714     24.352     8.2593   3.309917     0.5700     0.5981     0.0101  0.1343065  0.000e+00
       4715     24.351     8.2616   3.310286     0.5700     0.5969     0.0101  0.1343065  0.000e+00
       4716     24.351     8.2632   3.310654     0.5675     0.5969     0.0101  0.1343065  0.000e+00
       4717     24.409     8.2650   3.310994     0.5675     0.5969     0.0101  0.1343065  0.000e+00
       4718     24.475     8.2666   3.311322     0.5688     0.5969     0.0101  0.1343065  0.000e+00
       4719     24.409     8.2682   3.311702     0.5688     0.5969     0.0099  0.1343065  0.000e+00
       4720     24.475     8.2702   3.312071     0.5688     0.5969     0.0101  0.1343065  0.000e+00
       4721     24.533     8.2717   3.312405     0.5663     0.5956     0.0101  0.1343065  0.000e+00
       4722     24.475     8.2736   3.312895     0.5651     0.5956     0.0101  0.1323529  0.000e+00
       4723     24.533     8.2752   3.313258     0.5651     0.5944     0.0101  0.1269805  0.000e+00
       4724     24.599     8.2770   3.313557     0.5663     0.5956     0.0101  0.1245385  0.000e+00
       4725     24.599     8.2791   3.314058     0.5651     0.5956     0.0101  0.1245385  0.000e+00
       4726     24.599     8.2806   3.314496     0.5639     0.5956     0.0101  0.1245385  0.000e+00
       4727     24.599     8.2819   3.314848     0.5627     0.5944     0.0101  0.1250269  0.000e+00
       4728     24.656     8.2840   3.315216     0.5639     0.5944     0.0101  0.1250269  0.000e+00
       4729     24.714     8.2858   3.315608     0.5651     0.5944     0.0101  0.1245385  0.000e+00
       4730     24.656     8.2874   3.316040     0.5639     0.5944     0.0101  0.1245385  0.000e+00
       4731     24.780     8.2893   3.316449     0.5614     0.5944     0.0101  0.1250269  0.000e+00
       4732     24.714     8.2913   3.316841     0.5614     0.5944     0.0101  0.1245385  0.000e+00
       4733     24.714     8.2929   3.317296     0.5627     0.5944     0.0101  0.1245385  0.000e+00
       4734     24.838     8.2952   3.317821     0.5639     0.5944     0.0101  0.1250269  0.000e+00
       4735     24.780     8.2975   3.318138     0.5602     0.5944     0.0101  0.1245385  0.000e+00
       4736     24.838     8.2997   3.318559     0.5602     0.5932     0.0101  0.1245385  0.000e+00
       4737     24.838     8.3020   3.319083     0.5590     0.5932     0.0101  0.1250269  0.000e+00
       4738     24.904     8.3046   3.319602     0.5614     0.5932     0.0101  0.1245385  0.000e+00
       4739     24.838     8.3069   3.320132     0.5614     0.5932     0.0101  0.1245385  0.000e+00
       4740     24.961     8.3088   3.320720     0.5590     0.5932     0.0101  0.1245385  0.000e+00
       4741     24.904     8.3109   3.321170     0.5590     0.5932     0.0099  0.1245385  0.000e+00
       4742     24.961     8.3129   3.321637     0.5590     0.5920     0.0101  0.1250269  0.000e+00
       4743     24.961     8.3148   3.322202     0.5602     0.5920     0.0101  0.1245385  0.000e+00
       4744     25.019     8.3167   3.322583     0.5590     0.5920     0.0101  0.1245385  0.000e+00
       4745     25.019     8.3186   3.322923     0.5578     0.5920     0.0101  0.1245385  0.000e+00
       4746     25.085     8.3205   3.323327     0.5565     0.5920     0.0101  0.1245385  0.000e+00
       4747     25.019     8.3224   3.323730     0.5565     0.5920     0.0101  0.1245385  0.000e+00
       4748     25.143     8.3249   3.324186     0.5590     0.5920     0.0102  0.1225849  0.000e+00
       4749     25.085     8.3265   3.324584     0.5590     0.5920     0.0102  0.1206313  0.000e+00
       4750     25.143     8.3288   3.325074     0.5553     0.5908     0.0104  0.1201429  0.000e+00
       4751     25.143     8.3309   3.325507     0.5553     0.5908     0.0104  0.1201429  0.000e+00
       4752     25.209     8.3332   3.325939     0.5565     0.5908     0.0104  0.1201429  0.000e+00
       4753     25.143     8.3358   3.326412     0.5565     0.5908     0.0104  0.1201429  0.000e+00
       4754     25.208     8.3381   3.326851     0.5541     0.5908     0.0104  0.1201429  0.000e+00
       4755     25.266     8.3405   3.327272     0.5541     0.5908     0.0104  0.1201429  0.000e+00
       4756     25.266     8.3424   3.327739     0.5541     0.5908     0.0104  0.1206313  0.000e+00
       4757     25.266     8.3444   3.328397     0.5541     0.5895     0.0104  0.1206313  0.000e+00
       4758     25.332     8.3468   3.328888     0.5541     0.5908     0.0104  0.1206313  0.000e+00
       4759     25.332     8.3489   3.329280     0.5541     0.5908     0.0102  0.1201429  0.000e+00
       4760     25.332     8.3504   3.329834     0.5529     0.5895     0.0104  0.1201429  0.000e+00
       4761     25.390     8.3527   3.330209     0.5541     0.5895     0.0104  0.1206313  0.000e+00
       4762     25.390     8.3553   3.330786     0.5529     0.5895     0.0104  0.1201429  0.000e+00
       4763     25.447     8.3579   3.331514     0.5529     0.5895     0.0104  0.1201429  0.000e+00
       4764     25.390     8.3611   3.332016     0.5517     0.5895     0.0104  0.1201429  0.000e+00
       4765     25.447     8.3640   3.332755     0.5517     0.5883     0.0104  0.1201429  0.000e+00
       4766     25.513     8.3663   3.333442     0.5504     0.5883     0.0104  0.1206313  0.000e+00
       4767     25.513     8.3687   3.334094     0.5517     0.5895     0.0104  0.1201429  0.000e+00
       4768     25.513     8.3716   3.334741     0.5504     0.5883     0.0104  0.1201429  0.000e+00
       4769     25.513     8.3738   3.335348     0.5492     0.5883     0.0104  0.1201429  0.000e+00
       4770     25.637     8.3766   3.335879     0.5492     0.5883     0.0104  0.1201429  0.000e+00
       4771     25.571     8.3784   3.336485     0.5492     0.5883     0.0104  0.1206313  0.000e+00
       4772     25.571     8.3803   3.336907     0.5504     0.5883     0.0104  0.1201429  0.000e+00
       4773     25.637     8.3820   3.337363     0.5492     0.5883     0.0102  0.1196545  0.000e+00
       4774     25.695     8.3842   3.337756     0.5492     0.5883     0.0101  0.1157473  0.000e+00
       4775     25.695     8.3855   3.338230     0.5492     0.5883     0.0101  0.1142821  0.000e+00
       4776     25.695     8.3869   3.338634     0.5492     0.5883     0.0101  0.1142821  0.000e+00
       4777     25.695     8.3883   3.338952     0.5492     0.5871     0.0101  0.1147705  0.000e+00
       4778     25.761     8.3895   3.339339     0.5480     0.5871     0.0101  0.1147705  0.000e+00
       4779     25.761     8.3909   3.339605     0.5468     0.5871     0.0101  0.1147705  0.000e+00
       4780     25.761     8.3918   3.339882     0.5468     0.5871     0.0101  0.1147705  0.000e+00
       4781     25.818     8.3928   3.340188     0.5492     0.5871     0.0101  0.1142821  0.000e+00
       4782     25.818     8.3943   3.340466     0.5492     0.5871     0.0101  0.1147705  0.000e+00
       4783     25.876     8.3955   3.340668     0.5468     0.5871     0.0101  0.1147705  0.000e+00
       4784     25.876     8.3962   3.341078     0.5456     0.5871     0.0101  0.1147705  0.000e+00
       4785     25.876     8.3978   3.341356     0.5456     0.5871     0.0101  0.1147705  0.000e+00
       4786     25.942     8.3985   3.341633     0.5468     0.5859     0.0101  0.1147705  0.000e+00
       4787     25.876     8.3994   3.341754     0.5468     0.5871     0.0101  0.1147705  0.000e+00
       4788     25.999     8.4005   3.341997     0.5443     0.5859     0.0101  0.1147705  0.000e+00
       4789     25.942     8.4017   3.342298     0.5431     0.5859     0.0101  0.1147705  0.000e+00
       4790     26.065     8.4025   3.342465     0.5443     0.5859     0.0101  0.1142821  0.000e+00
       4791     25.999     8.4031   3.342656     0.5456     0.5859     0.0101  0.1147705  0.000e+00
       4792     26.065     8.4044   3.342934     0.5443     0.5859     0.0101  0.1147705  0.000e+00
       4793     26.065     8.4060   3.343234     0.5431     0.5859     0.0099  0.1147705  0.000e+00
       4794     26.065     8.4073   3.343517     0.5443     0.5859     0.0101  0.1147705  0.000e+00
       4795     26.123     8.4090   3.343743     0.5431     0.5859     0.0101  0.1147705  0.000e+00
       4796     26.123     8.4102   3.344107     0.5443     0.5847     0.0101  0.1147705  0.000e+00
       4797     26.181     8.4120   3.344489     0.5431     0.5847     0.0101  0.1147705  0.000e+00
       4798     26.181     8.4135   3.344922     0.5419     0.5847     0.0101  0.1142821  0.000e+00
       4799     26.181     8.4151   3.345304     0.5407     0.5847     0.0099  0.1142821  0.000e+00
       4800     26.181     8.4167   3.345599     0.5419     0.5847     0.0099  0.1137937  0.000e+00
