data/2021/ctd_data_day3/station4d.cnv
* Sea-Bird SBE 9 Data File:
* FileName = C:\Users\CTD-User\Desktop\MAR440\day3\station4d.hex
* Software Version Seasave V 7.26.2.13
* Temperature SN = 6313
* Conductivity SN = 4758
* Number of Bytes Per Scan = 37
* Number of Voltage Words = 4
* Number of Scans Averaged by the Deck Unit = 1
* NMEA Latitude = 58 19.57 N
* NMEA Longitude = 011 50.76 E
* NMEA UTC (Time) = Sep 23 2021 09:22:13
* NMEA baud rate = 4800
** Ship: Skagerrak
** Station: station4D
** Operator: Nicolas
# nquan = 9
# nvalues = 1887                                  
# units = specified
# name 0 = scan: Scan Count
# name 1 = prDM: Pressure, Digiquartz [db]
# name 2 = t090C: Temperature [ITS-90, deg C]
# name 3 = c0S/m: Conductivity [S/m]
# name 4 = sbeox0V: Oxygen raw, SBE 43 [V]
# name 5 = sbeox1V: Oxygen raw, SBE 43, 2 [V]
# name 6 = flECO-AFL: Fluorescence, WET Labs ECO-AFL/FL [mg/m^3]
# name 7 = upoly0: Upoly 0, Turbidity
# name 8 = flag:  0.000e+00
# span 0 =          1,       1887                 
# span 1 =      0.634,     12.935                 
# span 2 =    13.8096,    15.8465                 
# span 3 =   2.926118,   3.394647                 
# span 4 =     1.6324,     2.7485                 
# span 5 =     1.6288,     2.6423                 
# span 6 =     0.0037,     0.0101                 
# span 7 =  0.0893736,  0.1592149                 
# span 8 = 0.0000e+00, 0.0000e+00                 
# interval = seconds: 0.0416667
# start_time = Sep 23 2021 09:22:13 [NMEA time, header]
# bad_flag = -9.990e-29
*END*
[from data line 801]
        802      0.909    15.0130   2.961497     2.7204     2.6276     0.0068  0.1470049  0.000e+00
        803      0.942    15.0158   2.961089     2.7204     2.6288     0.0068  0.1470049  0.000e+00
        804      0.909    15.0179   2.961078     2.7192     2.6288     0.0068  0.1470049  0.000e+00
        805      0.942    15.0157   2.961205     2.7192     2.6288     0.0068  0.1470049  0.000e+00
        806      0.909    15.0128   2.961056     2.7192     2.6288     0.0068  0.1470049  0.000e+00
        807      1.000    15.0102   2.960642     2.7229     2.6288     0.0068  0.1470049  0.000e+00
        808      0.909    15.0079   2.960338     2.7229     2.6288     0.0068  0.1470049  0.000e+00
        809      0.999    15.0071   2.960046     2.7192     2.6288     0.0068  0.1470049  0.000e+00
        810      0.966    15.0081   2.959764     2.7204     2.6288     0.0068  0.1470049  0.000e+00
        811      0.999    15.0085   2.959698     2.7204     2.6288     0.0068  0.1470049  0.000e+00
        812      0.966    15.0044   2.959676     2.7229     2.6288     0.0068  0.1470049  0.000e+00
        813      0.999    15.0006   2.959500     2.7216     2.6288     0.0068  0.1470049  0.000e+00
        814      0.966    14.9984   2.959367     2.7192     2.6288     0.0068  0.1470049  0.000e+00
        815      0.999    14.9982   2.959031     2.7192     2.6288     0.0068  0.1470049  0.000e+00
        816      1.024    14.9994   2.958948     2.7229     2.6288     0.0068  0.1470049  0.000e+00
        817      1.057    15.0016   2.958975     2.7229     2.6288     0.0068  0.1470049  0.000e+00
        818      0.966    15.0062   2.959163     2.7229     2.6288     0.0068  0.1470049  0.000e+00
        819      0.999    15.0102   2.959455     2.7204     2.6288     0.0068  0.1470049  0.000e+00
        820      1.024    15.0118   2.959880     2.7204     2.6301     0.0068  0.1470049  0.000e+00
        821      1.056    15.0127   2.960267     2.7229     2.6288     0.0068  0.1470049  0.000e+00
        822      0.966    15.0122   2.960399     2.7229     2.6288     0.0068  0.1470049  0.000e+00
        823      1.023    15.0107   2.960371     2.7229     2.6288     0.0066  0.1479817  0.000e+00
        824      0.999    15.0098   2.960316     2.7204     2.6288     0.0066  0.1504237  0.000e+00
        825      1.023    15.0084   2.960222     2.7204     2.6301     0.0066  0.1514005  0.000e+00
        826      0.999    15.0091   2.959963     2.7229     2.6301     0.0066  0.1514005  0.000e+00
        827      1.089    15.0120   2.960013     2.7216     2.6301     0.0066  0.1514005  0.000e+00
        828      0.998    15.0150   2.960261     2.7204     2.6301     0.0066  0.1514005  0.000e+00
        829      1.023    15.0159   2.960598     2.7192     2.6301     0.0066  0.1514005  0.000e+00
        830      1.056    15.0146   2.960730     2.7204     2.6301     0.0066  0.1514005  0.000e+00
        831      1.089    15.0122   2.960664     2.7229     2.6301     0.0066  0.1514005  0.000e+00
        832      0.998    15.0058   2.960449     2.7216     2.6301     0.0066  0.1514005  0.000e+00
        833      1.089    15.0014   2.959952     2.7192     2.6301     0.0066  0.1514005  0.000e+00
        834      0.998    14.9986   2.959389     2.7204     2.6301     0.0066  0.1514005  0.000e+00
        835      1.089    14.9969   2.958804     2.7204     2.6301     0.0066  0.1514005  0.000e+00
        836      1.056    14.9945   2.958435     2.7216     2.6301     0.0066  0.1514005  0.000e+00
        837      1.023    14.9936   2.958291     2.7204     2.6301     0.0066  0.1514005  0.000e+00
        838      1.056    14.9952   2.958352     2.7204     2.6301     0.0066  0.1514005  0.000e+00
        839      1.088    14.9982   2.958584     2.7192     2.6301     0.0066  0.1514005  0.000e+00
        840      1.121    15.0005   2.958882     2.7204     2.6313     0.0066  0.1514005  0.000e+00
        841      1.022    15.0012   2.959075     2.7229     2.6301     0.0066  0.1514005  0.000e+00
        842      1.055    15.0021   2.959157     2.7204     2.6313     0.0066  0.1514005  0.000e+00
        843      1.022    15.0031   2.959191     2.7204     2.6313     0.0066  0.1514005  0.000e+00
        844      1.055    15.0040   2.959218     2.7204     2.6313     0.0066  0.1514005  0.000e+00
        845      1.022    15.0009   2.959207     2.7229     2.6313     0.0066  0.1514005  0.000e+00
        846      1.055    14.9975   2.959058     2.7229     2.6313     0.0066  0.1514005  0.000e+00
        847      1.088    15.0001   2.958909     2.7204     2.6313     0.0066  0.1514005  0.000e+00
        848      1.022    14.9984   2.958843     2.7204     2.6313     0.0066  0.1514005  0.000e+00
        849      1.055    14.9989   2.959069     2.7204     2.6313     0.0064  0.1504237  0.000e+00
        850      1.088    14.9962   2.959064     2.7229     2.6313     0.0064  0.1499353  0.000e+00
        851      0.997    14.9940   2.958975     2.7216     2.6313     0.0064  0.1499353  0.000e+00
        852      1.088    14.9933   2.958937     2.7204     2.6325     0.0064  0.1499353  0.000e+00
        853      1.055    14.9936   2.958909     2.7229     2.6325     0.0064  0.1499353  0.000e+00
        854      1.088    14.9987   2.958920     2.7229     2.6325     0.0064  0.1499353  0.000e+00
        855      1.055    15.0025   2.959053     2.7229     2.6325     0.0064  0.1499353  0.000e+00
        856      1.022    15.0019   2.958970     2.7229     2.6325     0.0064  0.1499353  0.000e+00
        857      1.055    15.0044   2.958992     2.7216     2.6325     0.0062  0.1499353  0.000e+00
        858      1.022    15.0089   2.959279     2.7204     2.6325     0.0064  0.1499353  0.000e+00
        859      1.054    15.0068   2.959406     2.7216     2.6325     0.0064  0.1499353  0.000e+00
        860      1.021    15.0016   2.959544     2.7241     2.6325     0.0064  0.1499353  0.000e+00
        861      1.054    14.9972   2.959318     2.7229     2.6325     0.0064  0.1499353  0.000e+00
        862      1.021    14.9936   2.958876     2.7229     2.6325     0.0064  0.1499353  0.000e+00
        863      1.054    14.9925   2.958330     2.7229     2.6337     0.0064  0.1499353  0.000e+00
        864      1.021    14.9913   2.957933     2.7229     2.6337     0.0064  0.1499353  0.000e+00
        865      1.054    14.9923   2.957894     2.7241     2.6337     0.0064  0.1499353  0.000e+00
        866      1.021    14.9977   2.958175     2.7229     2.6337     0.0064  0.1499353  0.000e+00
        867      1.120    15.0025   2.958766     2.7229     2.6337     0.0064  0.1499353  0.000e+00
        868      1.021    15.0048   2.959257     2.7229     2.6337     0.0064  0.1499353  0.000e+00
        869      1.054    15.0056   2.959218     2.7241     2.6337     0.0064  0.1499353  0.000e+00
        870      1.021    15.0075   2.959295     2.7253     2.6337     0.0064  0.1499353  0.000e+00
        871      1.054    15.0064   2.959505     2.7229     2.6337     0.0064  0.1499353  0.000e+00
        872      1.021    15.0058   2.959660     2.7229     2.6337     0.0064  0.1499353  0.000e+00
        873      1.087    15.0058   2.959615     2.7229     2.6337     0.0064  0.1499353  0.000e+00
        874      0.996    15.0048   2.959378     2.7253     2.6350     0.0064  0.1494469  0.000e+00
        875      1.087    15.0016   2.959163     2.7253     2.6337     0.0062  0.1484701  0.000e+00
        876      1.054    15.0001   2.958997     2.7241     2.6350     0.0062  0.1484701  0.000e+00
        877      1.021    15.0012   2.958997     2.7241     2.6350     0.0062  0.1484701  0.000e+00
        878      1.054    14.9982   2.959113     2.7241     2.6350     0.0062  0.1484701  0.000e+00
        879      1.087    14.9962   2.959003     2.7265     2.6350     0.0062  0.1484701  0.000e+00
        880      1.054    14.9955   2.958832     2.7253     2.6350     0.0062  0.1484701  0.000e+00
        881      1.021    14.9951   2.958666     2.7241     2.6350     0.0062  0.1484701  0.000e+00
        882      0.996    14.9936   2.958644     2.7241     2.6350     0.0062  0.1484701  0.000e+00
        883      1.087    14.9913   2.958589     2.7253     2.6350     0.0062  0.1484701  0.000e+00
        884      0.996    14.9911   2.958269     2.7278     2.6350     0.0062  0.1484701  0.000e+00
        885      1.087    14.9889   2.957993     2.7278     2.6350     0.0062  0.1484701  0.000e+00
        886      0.996    14.9884   2.957789     2.7253     2.6350     0.0062  0.1484701  0.000e+00
        887      1.087    14.9923   2.957662     2.7253     2.6350     0.0062  0.1484701  0.000e+00
        888      0.996    14.9936   2.957591     2.7278     2.6350     0.0062  0.1484701  0.000e+00
        889      1.021    14.9914   2.957640     2.7278     2.6350     0.0062  0.1484701  0.000e+00
        890      1.054    14.9898   2.957640     2.7278     2.6350     0.0062  0.1484701  0.000e+00
        891      1.021    14.9885   2.957651     2.7253     2.6350     0.0062  0.1484701  0.000e+00
        892      1.054    14.9891   2.957662     2.7265     2.6350     0.0062  0.1484701  0.000e+00
        893      1.021    14.9903   2.957695     2.7278     2.6350     0.0062  0.1484701  0.000e+00
        894      1.054    14.9913   2.957817     2.7278     2.6350     0.0062  0.1484701  0.000e+00
        895      1.021    14.9936   2.957894     2.7278     2.6350     0.0062  0.1484701  0.000e+00
        896      1.054    14.9948   2.958010     2.7265     2.6350     0.0062  0.1484701  0.000e+00
        897      1.021    14.9957   2.958131     2.7278     2.6350     0.0062  0.1484701  0.000e+00
        898      1.021    14.9963   2.958159     2.7290     2.6350     0.0062  0.1484701  0.000e+00
        899      0.996    14.9986   2.958219     2.7290     2.6350     0.0062  0.1484701  0.000e+00
        900      1.021    14.9996   2.958407     2.7278     2.6350     0.0062  0.1489585  0.000e+00
        901      1.054    14.9982   2.958501     2.7278     2.6350     0.0062  0.1489585  0.000e+00
        902      1.021    14.9979   2.958341     2.7278     2.6350     0.0062  0.1489585  0.000e+00
        903      1.054    14.9960   2.958104     2.7302     2.6350     0.0062  0.1489585  0.000e+00
        904      0.963    14.9938   2.957966     2.7290     2.6350     0.0062  0.1489585  0.000e+00
        905      1.054    14.9913   2.957767     2.7278     2.6350     0.0062  0.1489585  0.000e+00
        906      1.021    14.9901   2.957695     2.7278     2.6350     0.0062  0.1489585  0.000e+00
        907      1.054    14.9904   2.957585     2.7278     2.6350     0.0062  0.1489585  0.000e+00
        908      1.021    14.9918   2.957569     2.7302     2.6350     0.0062  0.1489585  0.000e+00
        909      1.054    14.9913   2.957513     2.7290     2.6350     0.0062  0.1489585  0.000e+00
        910      1.021    15.0071   2.957530     2.7363     2.6362     0.0062  0.1489585  0.000e+00
        911      1.054    14.9892   2.957403     2.7278     2.6362     0.0062  0.1489585  0.000e+00
        912      1.021    14.9861   2.957276     2.7241     2.6362     0.0062  0.1489585  0.000e+00
        913      1.054    14.9843   2.957039     2.7290     2.6350     0.0062  0.1489585  0.000e+00
        914      1.021    14.9835   2.957138     2.7290     2.6362     0.0060  0.1489585  0.000e+00
        915      1.054    14.9841   2.957210     2.7278     2.6362     0.0062  0.1489585  0.000e+00
        916      1.021    14.9847   2.957177     2.7278     2.6362     0.0062  0.1489585  0.000e+00
        917      1.054    14.9850   2.957166     2.7302     2.6362     0.0062  0.1489585  0.000e+00
        918      1.021    14.9845   2.957094     2.7302     2.6362     0.0062  0.1489585  0.000e+00
        919      1.054    14.9835   2.956896     2.7278     2.6362     0.0062  0.1489585  0.000e+00
        920      0.963    14.9819   2.956609     2.7278     2.6362     0.0062  0.1489585  0.000e+00
        921      1.054    14.9811   2.956410     2.7278     2.6362     0.0062  0.1489585  0.000e+00
        922      1.021    14.9807   2.956432     2.7326     2.6362     0.0062  0.1489585  0.000e+00
        923      1.021    14.9814   2.956493     2.7302     2.6350     0.0062  0.1489585  0.000e+00
        924      0.996    14.9807   2.956476     2.7290     2.6362     0.0062  0.1489585  0.000e+00
        925      1.021    14.9794   2.956432     2.7278     2.6362     0.0062  0.1484701  0.000e+00
        926      0.996    14.9785   2.956239     2.7278     2.6362     0.0064  0.1479817  0.000e+00
        927      0.963    14.9794   2.956195     2.7302     2.6362     0.0064  0.1474933  0.000e+00
        928      0.996    14.9812   2.956289     2.7302     2.6362     0.0064  0.1474933  0.000e+00
        929      1.021    14.9818   2.956316     2.7290     2.6362     0.0064  0.1474933  0.000e+00
        930      0.996    14.9810   2.956399     2.7290     2.6362     0.0064  0.1474933  0.000e+00
        931      1.021    14.9802   2.956162     2.7290     2.6374     0.0064  0.1474933  0.000e+00
        932      0.938    14.9790   2.955925     2.7326     2.6362     0.0064  0.1474933  0.000e+00
        933      1.021    14.9792   2.955792     2.7302     2.6374     0.0064  0.1474933  0.000e+00
        934      0.996    14.9824   2.955930     2.7290     2.6362     0.0064  0.1474933  0.000e+00
        935      0.963    14.9833   2.956212     2.7290     2.6362     0.0064  0.1474933  0.000e+00
        936      0.996    14.9841   2.956327     2.7302     2.6374     0.0064  0.1474933  0.000e+00
        937      0.963    14.9845   2.956267     2.7314     2.6362     0.0064  0.1474933  0.000e+00
        938      0.996    14.9844   2.956173     2.7302     2.6362     0.0064  0.1474933  0.000e+00
        939      1.021    14.9841   2.956355     2.7302     2.6374     0.0064  0.1474933  0.000e+00
        940      0.996    14.9847   2.956509     2.7290     2.6374     0.0064  0.1474933  0.000e+00
        941      0.963    14.9852   2.956620     2.7326     2.6374     0.0062  0.1474933  0.000e+00
        942      0.996    14.9851   2.956708     2.7326     2.6374     0.0064  0.1474933  0.000e+00
        943      1.021    14.9850   2.956653     2.7302     2.6374     0.0064  0.1474933  0.000e+00
        944      0.996    14.9852   2.956620     2.7302     2.6374     0.0064  0.1474933  0.000e+00
        945      1.021    14.9852   2.956554     2.7302     2.6374     0.0064  0.1474933  0.000e+00
        946      0.996    14.9859   2.956598     2.7326     2.6374     0.0064  0.1474933  0.000e+00
        947      1.020    14.9870   2.956703     2.7326     2.6374     0.0064  0.1474933  0.000e+00
        948      0.996    14.9872   2.956769     2.7326     2.6386     0.0064  0.1474933  0.000e+00
        949      1.020    14.9867   2.956741     2.7302     2.6386     0.0064  0.1474933  0.000e+00
        950      1.020    14.9864   2.956736     2.7302     2.6386     0.0064  0.1474933  0.000e+00
        951      0.996    14.9867   2.956520     2.7326     2.6386     0.0064  0.1474933  0.000e+00
        952      1.020    14.9864   2.956537     2.7326     2.6386     0.0066  0.1479817  0.000e+00
        953      1.053    14.9858   2.956416     2.7302     2.6386     0.0066  0.1479817  0.000e+00
        954      1.020    14.9852   2.956515     2.7302     2.6386     0.0066  0.1479817  0.000e+00
        955      0.996    14.9850   2.956603     2.7326     2.6386     0.0066  0.1479817  0.000e+00
        956      1.020    14.9844   2.956587     2.7326     2.6386     0.0066  0.1479817  0.000e+00
        957      0.996    14.9845   2.956587     2.7314     2.6386     0.0066  0.1479817  0.000e+00
        958      1.020    14.9851   2.956570     2.7326     2.6386     0.0066  0.1479817  0.000e+00
        959      0.996    14.9845   2.956520     2.7326     2.6386     0.0066  0.1479817  0.000e+00
        960      1.020    14.9835   2.956487     2.7326     2.6386     0.0066  0.1479817  0.000e+00
