data/2021/ctd_data_day3/station6f_ctm.cnv
* Sea-Bird SBE 9 Data File:
* FileName = C:\Users\CTD-User\Desktop\MAR440\day3\station6f.hex
* Software Version Seasave V 7.26.2.13
* Temperature SN = 6313
* Conductivity SN = 4758
* Number of Bytes Per Scan = 37
* Number of Voltage Words = 4
* Number of Scans Averaged by the Deck Unit = 1
* NMEA Latitude = 58 18.97 N
* NMEA Longitude = 011 48.24 E
* NMEA UTC (Time) = Sep 23 2021 10:37:53
* NMEA baud rate = 4800
** Ship: Skagerrak
** Station: station6f
** Operator: Tor
# nquan = 9
# nvalues = 2508                        
# units = specified
# name 0 = scan: Scan Count
# name 1 = prDM: Pressure, Digiquartz [db]
# name 2 = t090C: Temperature [ITS-90, deg C]
# name 3 = c0S/m: Conductivity [S/m]
# name 4 = sbeox0V: Oxygen raw, SBE 43 [V]
# name 5 = sbeox1V: Oxygen raw, SBE 43, 2 [V]
# name 6 = flECO-AFL: Fluorescence, WET Labs ECO-AFL/FL [mg/m^3]
# name 7 = upoly0: Upoly 0, Turbidity
# name 8 = flag:  0.000e+00
# span 0 =          1,       2508       
# span 1 =      0.694,     27.246       
# span 2 =     8.7731,    15.8238       
# span 3 =   2.898393,   3.795176       
# span 4 =     1.0194,     2.7814       
# span 5 =     1.0328,     2.6996       
# span 6 =     0.0035,     0.0218       
# span 7 =  0.0864432,  0.1616569       
# span 8 = 0.0000e+00, 0.0000e+00       
# interval = seconds: 0.0416667
# start_time = Sep 23 2021 10:37:53 [NMEA time, header]
# bad_flag = -9.990e-29
*END*
[from data line 2401]
       2402     26.085    11.7539   3.684153     1.2966     1.3503     0.0053  0.0879084 0.0000e+00
       2403     26.085    11.6252   3.671782     1.2954     1.3491     0.0053  0.0879084 0.0000e+00
       2404     26.085    11.5023   3.659779     1.2929     1.3467     0.0053  0.0874200 0.0000e+00
       2405     26.151    11.3882   3.649377     1.2905     1.3442     0.0053  0.0879084 0.0000e+00
       2406     26.209    11.2980   3.640957     1.2880     1.3418     0.0053  0.0879084 0.0000e+00
       2407     26.151    11.1993   3.631874     1.2880     1.3393     0.0053  0.0879084 0.0000e+00
       2408     26.209    11.0946   3.622116     1.2856     1.3381     0.0053  0.0879084 0.0000e+00
       2409     26.209    10.9648   3.611631     1.2832     1.3357     0.0053  0.0879084 0.0000e+00
       2410     26.266    10.8451   3.601854     1.2819     1.3332     0.0053  0.0879084 0.0000e+00
       2411     26.266    10.7721   3.594185     1.2783     1.3308     0.0053  0.0883968 0.0000e+00
       2412     26.266    10.7192   3.587848     1.2783     1.3284     0.0053  0.0874200 0.0000e+00
       2413     26.332    10.6759   3.582248     1.2770     1.3259     0.0053  0.0883968 0.0000e+00
       2414     26.332    10.6565   3.578150     1.2734     1.3247     0.0053  0.0883968 0.0000e+00
       2415     26.390    10.6446   3.575466     1.2722     1.3222     0.0053  0.0879084 0.0000e+00
       2416     26.390    10.6218   3.572813     1.2697     1.3198     0.0053  0.0879084 0.0000e+00
       2417     26.390    10.6099   3.570790     1.2685     1.3174     0.0053  0.0883968 0.0000e+00
       2418     26.390    10.6061   3.569253     1.2661     1.3149     0.0057  0.0879084 0.0000e+00
       2419     26.390    10.6007   3.568050     1.2636     1.3125     0.0060  0.0883968 0.0000e+00
       2420     26.456    10.5913   3.566867     1.2624     1.3100     0.0062  0.0883968 0.0000e+00
       2421     26.456    10.5861   3.565736     1.2599     1.3088     0.0062  0.0879084 0.0000e+00
       2422     26.456    10.5815   3.564566     1.2587     1.3064     0.0062  0.0874200 0.0000e+00
       2423     26.514    10.5725   3.563545     1.2551     1.3039     0.0062  0.0879084 0.0000e+00
       2424     26.456    10.5608   3.562110     1.2538     1.3015     0.0062  0.0874200 0.0000e+00
       2425     26.513    10.5489   3.560812     1.2526     1.2990     0.0062  0.0874200 0.0000e+00
       2426     26.513    10.5314   3.559475     1.2502     1.2966     0.0062  0.0874200 0.0000e+00
       2427     26.579    10.5094   3.557830     1.2477     1.2942     0.0062  0.0874200 0.0000e+00
       2428     26.579    10.4961   3.556308     1.2441     1.2917     0.0062  0.0883968 0.0000e+00
       2429     26.579    10.4819   3.555186     1.2429     1.2893     0.0062  0.0883968 0.0000e+00
       2430     26.579    10.4659   3.554353     1.2392     1.2868     0.0062  0.0874200 0.0000e+00
       2431     26.579    10.4546   3.553574     1.2392     1.2844     0.0062  0.0879084 0.0000e+00
       2432     26.579    10.4492   3.553029     1.2380     1.2819     0.0062  0.0874200 0.0000e+00
       2433     26.588    10.4445   3.552435     1.2331     1.2783     0.0062  0.0874200 0.0000e+00
       2434     26.579    10.4410   3.552164     1.2306     1.2758     0.0062  0.0879084 0.0000e+00
       2435     26.637    10.4387   3.552420     1.2282     1.2734     0.0062  0.0883968 0.0000e+00
       2436     26.637    10.4493   3.553546     1.2270     1.2710     0.0062  0.0879084 0.0000e+00
       2437     26.637    10.4799   3.555104     1.2245     1.2685     0.0062  0.0883968 0.0000e+00
       2438     26.579    10.4730   3.555595     1.2221     1.2661     0.0062  0.0874200 0.0000e+00
       2439     26.695    10.4656   3.554918     1.2196     1.2624     0.0062  0.0883968 0.0000e+00
       2440     26.637    10.4654   3.553632     1.2172     1.2600     0.0062  0.0874200 0.0000e+00
       2441     26.637    10.4750   3.552585     1.2160     1.2575     0.0062  0.0879084 0.0000e+00
       2442     26.695    10.4700   3.551483     1.2135     1.2551     0.0062  0.0879084 0.0000e+00
       2443     26.695    10.4526   3.550790     1.2099     1.2526     0.0062  0.0874200 0.0000e+00
       2444     26.695    10.4400   3.550163     1.2087     1.2490     0.0062  0.0874200 0.0000e+00
       2445     26.695    10.4382   3.549849     1.2050     1.2453     0.0062  0.0874200 0.0000e+00
       2446     26.695    10.4267   3.549126     1.2050     1.2429     0.0062  0.0874200 0.0000e+00
       2447     26.695    10.4135   3.548330     1.2013     1.2392     0.0062  0.0874200 0.0000e+00
       2448     26.695    10.4060   3.547325     1.1977     1.2368     0.0062  0.0874200 0.0000e+00
       2449     26.761    10.4027   3.546419     1.1952     1.2343     0.0062  0.0874200 0.0000e+00
       2450     26.695    10.4009   3.546021     1.1940     1.2307     0.0062  0.0869316 0.0000e+00
       2451     26.761    10.3955   3.545552     1.1916     1.2270     0.0062  0.0874200 0.0000e+00
       2452     26.695    10.3922   3.545160     1.1891     1.2233     0.0062  0.0874200 0.0000e+00
       2453     26.818    10.3880   3.544837     1.1842     1.2197     0.0062  0.0874200 0.0000e+00
       2454     26.760    10.3782   3.544711     1.1818     1.2160     0.0062  0.0874200 0.0000e+00
       2455     26.760    10.3769   3.544361     1.1806     1.2136     0.0062  0.0874200 0.0000e+00
       2456     26.760    10.3748   3.543631     1.1793     1.2087     0.0062  0.0874200 0.0000e+00
       2457     26.818    10.3690   3.543052     1.1732     1.2050     0.0062  0.0874200 0.0000e+00
       2458     26.760    10.3519   3.542389     1.1708     1.2013     0.0062  0.0874200 0.0000e+00
       2459     26.884    10.3248   3.541239     1.1671     1.1977     0.0062  0.0874200 0.0000e+00
       2460     26.760    10.2999   3.538985     1.1659     1.1940     0.0062  0.0874200 0.0000e+00
       2461     26.818    10.2835   3.536415     1.1623     1.1904     0.0062  0.0874200 0.0000e+00
       2462     26.818    10.2484   3.533635     1.1598     1.1867     0.0062  0.0874200 0.0000e+00
       2463     26.884    10.1786   3.530276     1.1549     1.1830     0.0062  0.0874200 0.0000e+00
       2464     26.818    10.1466   3.526683     1.1525     1.1794     0.0062  0.0874200 0.0000e+00
       2465     26.884    10.1187   3.523048     1.1500     1.1745     0.0062  0.0874200 0.0000e+00
       2466     26.884    10.0930   3.519629     1.1464     1.1708     0.0062  0.0874200 0.0000e+00
       2467     26.818    10.0781   3.516649     1.1415     1.1672     0.0062  0.0874200 0.0000e+00
       2468     26.884    10.0392   3.513856     1.1378     1.1623     0.0062  0.0874200 0.0000e+00
       2469     26.942     9.9940   3.510924     1.1354     1.1586     0.0062  0.0874200 0.0000e+00
       2470     26.884     9.9513   3.506893     1.1342     1.1549     0.0062  0.0879084 0.0000e+00
       2471     26.942     9.9115   3.503159     1.1305     1.1513     0.0062  0.0883968 0.0000e+00
       2472     26.884     9.8570   3.499406     1.1256     1.1476     0.0062  0.0883968 0.0000e+00
       2473     26.950     9.8399   3.496245     1.1220     1.1427     0.0062  0.0883968 0.0000e+00
       2474     26.942     9.8413   3.493530     1.1195     1.1391     0.0062  0.0879084 0.0000e+00
       2475     26.884     9.8201   3.491277     1.1171     1.1354     0.0062  0.0874200 0.0000e+00
       2476     26.999     9.7628   3.488444     1.1122     1.1317     0.0062  0.0879084 0.0000e+00
       2477     26.942     9.7152   3.485220     1.1085     1.1281     0.0062  0.0879084 0.0000e+00
       2478     26.942     9.6679   3.481940     1.1061     1.1244     0.0062  0.0879084 0.0000e+00
       2479     26.999     9.6551   3.479682     1.1036     1.1207     0.0062  0.0883968 0.0000e+00
       2480     26.942     9.6529   3.477479     1.1012     1.1171     0.0062  0.0879084 0.0000e+00
       2481     26.999     9.5990   3.473841     1.0963     1.1134     0.0062  0.0883968 0.0000e+00
       2482     26.999     9.5530   3.469044     1.0926     1.1098     0.0060  0.0874200 0.0000e+00
       2483     26.999     9.4961   3.464116     1.0914     1.1073     0.0062  0.0874200 0.0000e+00
       2484     27.065     9.4412   3.458935     1.0878     1.1036     0.0062  0.0879084 0.0000e+00
       2485     26.999     9.4027   3.454088     1.0841     1.1000     0.0062  0.0879084 0.0000e+00
       2486     26.999     9.3677   3.450083     1.0792     1.0963     0.0062  0.0879084 0.0000e+00
       2487     27.065     9.3198   3.446812     1.0768     1.0927     0.0062  0.0879084 0.0000e+00
       2488     26.999     9.2566   3.442998     1.0731     1.0902     0.0062  0.0874200 0.0000e+00
       2489     27.065     9.2093   3.439060     1.0719     1.0866     0.0062  0.0883968 0.0000e+00
       2490     27.065     9.1711   3.436082     1.0670     1.0841     0.0062  0.0879084 0.0000e+00
       2491     27.065     9.1170   3.432853     1.0646     1.0804     0.0062  0.0879084 0.0000e+00
       2492     27.123     9.0638   3.429501     1.0609     1.0780     0.0062  0.0879084 0.0000e+00
       2493     27.065     9.0382   3.426235     1.0597     1.0756     0.0062  0.0879084 0.0000e+00
       2494     27.065     9.0368   3.423745     1.0572     1.0719     0.0062  0.0874200 0.0000e+00
       2495     27.123     9.0233   3.421357     1.0536     1.0682     0.0068  0.0879084 0.0000e+00
       2496     27.123     9.0004   3.418887     1.0499     1.0670     0.0070  0.0874200 0.0000e+00
       2497     27.123     8.9786   3.416842     1.0475     1.0633     0.0070  0.0874200 0.0000e+00
       2498     27.123     8.9563   3.414579     1.0450     1.0609     0.0070  0.0874200 0.0000e+00
       2499     27.123     8.9348   3.412385     1.0426     1.0572     0.0070  0.0883968 0.0000e+00
       2500     27.123     8.9137   3.410462     1.0401     1.0548     0.0070  0.0883968 0.0000e+00
       2501     27.123     8.9031   3.409126     1.0377     1.0524     0.0070  0.0883968 0.0000e+00
       2502     27.189     8.8928   3.407844     1.0328     1.0487     0.0070  0.0879084 0.0000e+00
       2503     27.189     8.8754   3.406570     1.0328     1.0463     0.0070  0.0879084 0.0000e+00
       2504     27.189     8.8572   3.405474     1.0291     1.0438     0.0070  0.0879084 0.0000e+00
       2505     27.139     8.8351   3.403921     1.0255     1.0414     0.0070  0.0879084 0.0000e+00
       2506     27.189     8.8097   3.402619     1.0230     1.0389     0.0070  0.0879084 0.0000e+00
       2507     27.189     8.7886   3.401560     1.0206     1.0365     0.0070  0.0874200 0.0000e+00
       2508     27.246     8.7731   3.400551     1.0194     1.0328     0.0070  0.0879084 0.0000e+00
