data/2021/ctd_data_day3/station5e.cnv
* Sea-Bird SBE 9 Data File:
* FileName = C:\Users\CTD-User\Desktop\MAR440\day3\station5e.hex
* Software Version Seasave V 7.26.2.13
* Temperature SN = 6313
* Conductivity SN = 4758
* Number of Bytes Per Scan = 37
* Number of Voltage Words = 4
* Number of Scans Averaged by the Deck Unit = 1
* NMEA Latitude = 58 19.40 N
* NMEA Longitude = 011 49.94 E
* NMEA UTC (Time) = Sep 23 2021 10:10:37
* NMEA baud rate = 4800
** Ship: Skagerrak
** Station: station5e
** Operator: Tor
# nquan = 9
# nvalues = 1576                                  
# units = specified
# name 0 = scan: Scan Count
# name 1 = prDM: Pressure, Digiquartz [db]
# name 2 = t090C: Temperature [ITS-90, deg C]
# name 3 = c0S/m: Conductivity [S/m]
# name 4 = sbeox0V: Oxygen raw, SBE 43 [V]
# name 5 = sbeox1V: Oxygen raw, SBE 43, 2 [V]
# name 6 = flECO-AFL: Fluorescence, WET Labs ECO-AFL/FL [mg/m^3]
# name 7 = upoly0: Upoly 0, Turbidity
# name 8 = flag:  0.000e+00
# span 0 =          1,       1576                 
# span 1 =      0.371,     15.362                 
# span 2 =    13.2968,    15.3463                 
# span 3 =   2.947910,   3.444908                 
# span 4 =     1.3980,     2.7974                 
# span 5 =     1.4432,     2.7058                 
# span 6 =     0.0040,     0.0090                 
# span 7 =  0.0913272,  0.1601917                 
# span 8 = 0.0000e+00, 0.0000e+00                 
# interval = seconds: 0.0416667
# start_time = Sep 23 2021 10:10:37 [NMEA time, header]
# bad_flag = -9.990e-29
*END*
[from data line 641]
        642      1.012    14.9212   2.949502     2.7864     2.6789     0.0062  0.1514005  0.000e+00
        643      1.045    14.9209   2.949535     2.7827     2.6789     0.0062  0.1514005  0.000e+00
        644      1.070    14.9205   2.949414     2.7815     2.6789     0.0062  0.1509121  0.000e+00
        645      1.045    14.9214   2.949453     2.7839     2.6789     0.0062  0.1514005  0.000e+00
        646      1.128    14.9220   2.949480     2.7839     2.6789     0.0062  0.1514005  0.000e+00
        647      1.070    14.9234   2.949458     2.7827     2.6789     0.0060  0.1514005  0.000e+00
        648      1.045    14.9245   2.949535     2.7839     2.6789     0.0059  0.1484701  0.000e+00
        649      1.128    14.9255   2.949546     2.7827     2.6789     0.0057  0.1460281  0.000e+00
        650      1.103    14.9260   2.949491     2.7815     2.6789     0.0057  0.1450513  0.000e+00
        651      1.070    14.9257   2.949563     2.7864     2.6789     0.0057  0.1455397  0.000e+00
        652      1.161    14.9261   2.949491     2.7864     2.6789     0.0057  0.1455397  0.000e+00
        653      1.128    14.9261   2.949513     2.7839     2.6789     0.0057  0.1455397  0.000e+00
        654      1.103    14.9261   2.949574     2.7815     2.6777     0.0057  0.1455397  0.000e+00
        655      1.194    14.9262   2.949508     2.7827     2.6777     0.0057  0.1455397  0.000e+00
        656      1.103    14.9258   2.949541     2.7864     2.6777     0.0057  0.1455397  0.000e+00
        657      1.194    14.9255   2.949668     2.7851     2.6777     0.0057  0.1455397  0.000e+00
        658      1.161    14.9252   2.949552     2.7815     2.6777     0.0057  0.1455397  0.000e+00
        659      1.128    14.9256   2.949607     2.7815     2.6777     0.0057  0.1455397  0.000e+00
        660      1.227    14.9261   2.949624     2.7839     2.6789     0.0057  0.1455397  0.000e+00
        661      1.194    14.9264   2.949513     2.7864     2.6777     0.0057  0.1455397  0.000e+00
        662      1.227    14.9264   2.949579     2.7851     2.6777     0.0057  0.1455397  0.000e+00
        663      1.251    14.9263   2.949662     2.7839     2.6777     0.0055  0.1455397  0.000e+00
        664      1.284    14.9270   2.949524     2.7839     2.6777     0.0057  0.1455397  0.000e+00
        665      1.194    14.9275   2.949579     2.7827     2.6777     0.0057  0.1455397  0.000e+00
        666      1.284    14.9288   2.949596     2.7839     2.6777     0.0057  0.1455397  0.000e+00
        667      1.251    14.9291   2.949607     2.7864     2.6777     0.0057  0.1450513  0.000e+00
        668      1.350    14.9292   2.949712     2.7839     2.6777     0.0057  0.1455397  0.000e+00
        669      1.251    14.9290   2.949530     2.7839     2.6777     0.0057  0.1455397  0.000e+00
        670      1.350    14.9282   2.949287     2.7864     2.6777     0.0055  0.1455397  0.000e+00
        671      1.317    14.9275   2.949464     2.7864     2.6777     0.0057  0.1455397  0.000e+00
        672      1.317    14.9272   2.949535     2.7827     2.6777     0.0057  0.1455397  0.000e+00
        673      1.350    14.9275   2.949591     2.7815     2.6777     0.0057  0.1455397  0.000e+00
        674      1.375    14.9276   2.949640     2.7839     2.6777     0.0057  0.1455397  0.000e+00
        675      1.408    14.9267   2.949585     2.7851     2.6777     0.0057  0.1455397  0.000e+00
        676      1.317    14.9260   2.949618     2.7864     2.6777     0.0057  0.1455397  0.000e+00
        677      1.408    14.9263   2.949524     2.7839     2.6777     0.0057  0.1455397  0.000e+00
        678      1.375    14.9263   2.949519     2.7839     2.6777     0.0057  0.1455397  0.000e+00
        679      1.408    14.9260   2.949635     2.7839     2.6777     0.0057  0.1455397  0.000e+00
        680      1.432    14.9255   2.949552     2.7864     2.6789     0.0057  0.1455397  0.000e+00
        681      1.408    14.9256   2.949569     2.7864     2.6789     0.0057  0.1455397  0.000e+00
        682      1.432    14.9260   2.949695     2.7839     2.6789     0.0057  0.1455397  0.000e+00
        683      1.408    14.9270   2.949519     2.7839     2.6777     0.0057  0.1455397  0.000e+00
        684      1.432    14.9290   2.949568     2.7839     2.6777     0.0057  0.1455397  0.000e+00
        685      1.408    14.9307   2.949640     2.7864     2.6777     0.0057  0.1455397  0.000e+00
        686      1.375    14.9319   2.949602     2.7864     2.6789     0.0057  0.1455397  0.000e+00
        687      1.465    14.9326   2.949706     2.7839     2.6777     0.0057  0.1455397  0.000e+00
        688      1.432    14.9326   2.949778     2.7827     2.6777     0.0057  0.1455397  0.000e+00
        689      1.407    14.9322   2.949739     2.7827     2.6777     0.0057  0.1455397  0.000e+00
        690      1.498    14.9307   2.949783     2.7876     2.6777     0.0057  0.1455397  0.000e+00
        691      1.432    14.9285   2.949706     2.7839     2.6777     0.0057  0.1455397  0.000e+00
        692      1.465    14.9280   2.949646     2.7815     2.6777     0.0057  0.1455397  0.000e+00
        693      1.498    14.9285   2.949679     2.7827     2.6777     0.0057  0.1455397  0.000e+00
        694      1.407    14.9291   2.949579     2.7864     2.6777     0.0057  0.1455397  0.000e+00
        695      1.432    14.9294   2.949591     2.7851     2.6777     0.0057  0.1455397  0.000e+00
        696      1.407    14.9291   2.949745     2.7864     2.6777     0.0057  0.1455397  0.000e+00
        697      1.432    14.9291   2.949635     2.7839     2.6777     0.0057  0.1455397  0.000e+00
        698      1.465    14.9297   2.949668     2.7839     2.6777     0.0057  0.1455397  0.000e+00
        699      1.432    14.9303   2.949761     2.7851     2.6777     0.0055  0.1465165  0.000e+00
        700      1.465    14.9303   2.949673     2.7864     2.6777     0.0055  0.1474933  0.000e+00
        701      1.432    14.9310   2.949657     2.7839     2.6777     0.0055  0.1474933  0.000e+00
        702      1.465    14.9312   2.949717     2.7839     2.6789     0.0055  0.1474933  0.000e+00
        703      1.432    14.9314   2.949662     2.7839     2.6789     0.0053  0.1474933  0.000e+00
        704      1.407    14.9317   2.949783     2.7851     2.6789     0.0055  0.1474933  0.000e+00
        705      1.432    14.9314   2.949651     2.7851     2.6789     0.0055  0.1474933  0.000e+00
        706      1.465    14.9314   2.949668     2.7839     2.6789     0.0055  0.1474933  0.000e+00
        707      1.374    14.9320   2.949734     2.7839     2.6789     0.0055  0.1474933  0.000e+00
        708      1.465    14.9321   2.949695     2.7839     2.6789     0.0055  0.1474933  0.000e+00
        709      1.432    14.9322   2.949728     2.7851     2.6789     0.0055  0.1474933  0.000e+00
        710      1.531    14.9324   2.949833     2.7864     2.6789     0.0055  0.1474933  0.000e+00
        711      1.374    14.9322   2.949701     2.7839     2.6789     0.0055  0.1474933  0.000e+00
        712      1.498    14.9322   2.949767     2.7839     2.6789     0.0055  0.1474933  0.000e+00
        713      1.407    14.9320   2.949772     2.7839     2.6789     0.0055  0.1474933  0.000e+00
        714      1.498    14.9321   2.949728     2.7864     2.6789     0.0055  0.1474933  0.000e+00
        715      1.407    14.9320   2.949739     2.7864     2.6789     0.0055  0.1474933  0.000e+00
        716      1.432    14.9322   2.949734     2.7839     2.6789     0.0055  0.1474933  0.000e+00
        717      1.465    14.9320   2.949701     2.7839     2.6789     0.0055  0.1474933  0.000e+00
        718      1.432    14.9321   2.949712     2.7864     2.6789     0.0055  0.1474933  0.000e+00
        719      1.465    14.9319   2.949668     2.7864     2.6789     0.0055  0.1474933  0.000e+00
        720      1.432    14.9319   2.949640     2.7864     2.6789     0.0055  0.1474933  0.000e+00
        721      1.465    14.9317   2.949783     2.7839     2.6789     0.0055  0.1474933  0.000e+00
        722      1.432    14.9319   2.949717     2.7839     2.6789     0.0055  0.1474933  0.000e+00
        723      1.465    14.9319   2.949750     2.7876     2.6789     0.0055  0.1474933  0.000e+00
        724      1.432    14.9311   2.949877     2.7876     2.6801     0.0059  0.1474933  0.000e+00
        725      1.407    14.9299   2.949673     2.7851     2.6789     0.0070  0.1460281  0.000e+00
        726      1.498    14.9290   2.949629     2.7839     2.6801     0.0075  0.1455397  0.000e+00
        727      1.407    14.9287   2.949772     2.7839     2.6801     0.0075  0.1455397  0.000e+00
        728      1.432    14.9287   2.949646     2.7864     2.6801     0.0075  0.1455397  0.000e+00
        729      1.465    14.9285   2.949690     2.7876     2.6801     0.0075  0.1455397  0.000e+00
        730      1.432    14.9285   2.949750     2.7864     2.6801     0.0075  0.1455397  0.000e+00
        731      1.432    14.9282   2.949690     2.7864     2.6801     0.0075  0.1455397  0.000e+00
        732      1.465    14.9287   2.949750     2.7864     2.6801     0.0075  0.1455397  0.000e+00
        733      1.432    14.9290   2.949618     2.7864     2.6801     0.0075  0.1455397  0.000e+00
        734      1.407    14.9292   2.949519     2.7876     2.6801     0.0075  0.1455397  0.000e+00
        735      1.432    14.9293   2.949706     2.7851     2.6801     0.0075  0.1455397  0.000e+00
        736      1.464    14.9287   2.949761     2.7851     2.6801     0.0075  0.1455397  0.000e+00
        737      1.374    14.9282   2.949728     2.7864     2.6801     0.0075  0.1455397  0.000e+00
        738      1.464    14.9282   2.949739     2.7888     2.6801     0.0075  0.1455397  0.000e+00
        739      1.431    14.9285   2.949651     2.7876     2.6801     0.0075  0.1455397  0.000e+00
        740      1.407    14.9285   2.949657     2.7864     2.6801     0.0075  0.1455397  0.000e+00
        741      1.497    14.9268   2.949734     2.7876     2.6801     0.0075  0.1455397  0.000e+00
        742      1.349    14.9243   2.949629     2.7888     2.6801     0.0075  0.1455397  0.000e+00
        743      1.497    14.9228   2.949690     2.7912     2.6801     0.0075  0.1455397  0.000e+00
        744      1.407    14.9238   2.949728     2.7876     2.6801     0.0075  0.1455397  0.000e+00
        745      1.431    14.9263   2.949684     2.7876     2.6801     0.0075  0.1455397  0.000e+00
        746      1.349    14.9287   2.949750     2.7876     2.6801     0.0075  0.1455397  0.000e+00
        747      1.497    14.9302   2.949679     2.7888     2.6801     0.0075  0.1455397  0.000e+00
        748      1.407    14.9310   2.949662     2.7900     2.6814     0.0075  0.1455397  0.000e+00
        749      1.431    14.9314   2.949706     2.7888     2.6801     0.0075  0.1455397  0.000e+00
        750      1.374    14.9319   2.949728     2.7876     2.6801     0.0066  0.1455397  0.000e+00
        751      1.464    14.9311   2.949640     2.7876     2.6814     0.0057  0.1455397  0.000e+00
        752      1.374    14.9299   2.949734     2.7912     2.6814     0.0053  0.1455397  0.000e+00
        753      1.464    14.9300   2.949662     2.7912     2.6814     0.0055  0.1455397  0.000e+00
        754      1.374    14.9307   2.949657     2.7888     2.6814     0.0055  0.1455397  0.000e+00
        755      1.464    14.9310   2.949800     2.7888     2.6814     0.0055  0.1455397  0.000e+00
        756      1.431    14.9309   2.949690     2.7888     2.6814     0.0055  0.1455397  0.000e+00
        757      1.406    14.9307   2.949679     2.7912     2.6814     0.0055  0.1455397  0.000e+00
        758      1.431    14.9303   2.949828     2.7912     2.6814     0.0055  0.1455397  0.000e+00
        759      1.406    14.9305   2.949717     2.7888     2.6814     0.0055  0.1455397  0.000e+00
        760      1.431    14.9302   2.949668     2.7888     2.6814     0.0055  0.1455397  0.000e+00
        761      1.464    14.9305   2.949756     2.7912     2.6814     0.0055  0.1455397  0.000e+00
        762      1.431    14.9305   2.949673     2.7912     2.6814     0.0055  0.1455397  0.000e+00
        763      1.406    14.9303   2.949761     2.7912     2.6814     0.0055  0.1455397  0.000e+00
        764      1.431    14.9302   2.949728     2.7888     2.6814     0.0055  0.1455397  0.000e+00
        765      1.464    14.9310   2.949657     2.7888     2.6814     0.0055  0.1455397  0.000e+00
        766      1.431    14.9314   2.949739     2.7900     2.6814     0.0055  0.1455397  0.000e+00
        767      1.406    14.9317   2.949723     2.7900     2.6814     0.0055  0.1455397  0.000e+00
        768      1.431    14.9319   2.949695     2.7912     2.6814     0.0055  0.1455397  0.000e+00
        769      1.431    14.9322   2.949794     2.7888     2.6814     0.0055  0.1455397  0.000e+00
        770      1.464    14.9324   2.949695     2.7888     2.6814     0.0055  0.1455397  0.000e+00
        771      1.431    14.9326   2.949767     2.7912     2.6814     0.0055  0.1455397  0.000e+00
        772      1.464    14.9326   2.949855     2.7900     2.6814     0.0055  0.1455397  0.000e+00
        773      1.431    14.9326   2.949695     2.7888     2.6814     0.0055  0.1455397  0.000e+00
        774      1.464    14.9327   2.949723     2.7888     2.6814     0.0055  0.1455397  0.000e+00
        775      1.431    14.9326   2.949861     2.7888     2.6826     0.0055  0.1455397  0.000e+00
        776      1.406    14.9324   2.949745     2.7912     2.6826     0.0057  0.1445629  0.000e+00
        777      1.431    14.9322   2.949756     2.7912     2.6826     0.0057  0.1440745  0.000e+00
        778      1.464    14.9329   2.949866     2.7912     2.6826     0.0057  0.1440745  0.000e+00
        779      1.431    14.9329   2.949579     2.7888     2.6826     0.0057  0.1440745  0.000e+00
        780      1.464    14.9329   2.949458     2.7888     2.6826     0.0057  0.1440745  0.000e+00
        781      1.431    14.9331   2.949453     2.7912     2.6826     0.0057  0.1440745  0.000e+00
        782      1.406    14.9332   2.949409     2.7900     2.6826     0.0057  0.1440745  0.000e+00
        783      1.431    14.9336   2.949723     2.7912     2.6826     0.0055  0.1440745  0.000e+00
        784      1.406    14.9343   2.949756     2.7888     2.6826     0.0057  0.1440745  0.000e+00
        785      1.496    14.9344   2.949684     2.7900     2.6826     0.0057  0.1440745  0.000e+00
        786      1.406    14.9343   2.949899     2.7912     2.6826     0.0057  0.1440745  0.000e+00
        787      1.430    14.9343   2.949783     2.7900     2.6826     0.0057  0.1440745  0.000e+00
        788      1.406    14.9339   2.949723     2.7888     2.6826     0.0057  0.1440745  0.000e+00
        789      1.430    14.9341   2.949872     2.7888     2.6826     0.0057  0.1440745  0.000e+00
        790      1.430    14.9337   2.949750     2.7912     2.6826     0.0057  0.1440745  0.000e+00
        791      1.406    14.9339   2.949734     2.7912     2.6826     0.0057  0.1440745  0.000e+00
        792      1.496    14.9339   2.949839     2.7888     2.6826     0.0057  0.1440745  0.000e+00
        793      1.406    14.9339   2.949717     2.7888     2.6826     0.0057  0.1440745  0.000e+00
        794      1.373    14.9339   2.949668     2.7888     2.6826     0.0057  0.1440745  0.000e+00
        795      1.463    14.9336   2.949651     2.7900     2.6826     0.0057  0.1440745  0.000e+00
        796      1.430    14.9337   2.949767     2.7900     2.6826     0.0057  0.1440745  0.000e+00
        797      1.405    14.9339   2.949783     2.7888     2.6826     0.0055  0.1440745  0.000e+00
        798      1.430    14.9344   2.949844     2.7888     2.6826     0.0057  0.1440745  0.000e+00
        799      1.405    14.9344   2.949695     2.7888     2.6826     0.0057  0.1440745  0.000e+00
        800      1.430    14.9341   2.949866     2.7912     2.6826     0.0057  0.1440745  0.000e+00
