data/2021/ctd_data_day3/station4d_ctm_fil_le_der.cnv
* Sea-Bird SBE 9 Data File:
* FileName = C:\Users\CTD-User\Desktop\MAR440\day3\station4d.hex
* Software Version Seasave V 7.26.2.13
* Temperature SN = 6313
* Conductivity SN = 4758
* Number of Bytes Per Scan = 37
* Number of Voltage Words = 4
* Number of Scans Averaged by the Deck Unit = 1
* NMEA Latitude = 58 19.57 N
* NMEA Longitude = 011 50.76 E
* NMEA UTC (Time) = Sep 23 2021 09:22:13
* NMEA baud rate = 4800
** Ship: Skagerrak
** Station: station4D
** Operator: Nicolas
# nquan = 13                                
# nvalues = 1887                        
# units = specified
# name 0 = scan: Scan Count
# name 1 = prDM: Pressure, Digiquartz [db]
# name 2 = t090C: Temperature [ITS-90, deg C]
# name 3 = c0S/m: Conductivity [S/m]
# name 4 = sbeox0V: Oxygen raw, SBE 43 [V]
# name 5 = sbeox1V: Oxygen raw, SBE 43, 2 [V]
# name 6 = flECO-AFL: Fluorescence, WET Labs ECO-AFL/FL [mg/m^3]
# name 7 = upoly0: Upoly 0, Turbidity
# name 8 = depSM: Depth [salt water, m], lat = 58.3262
# name 9 = sal00: Salinity, Practical [PSU]
# name 10 = sbeox0ML/L: Oxygen, SBE 43 [ml/l], WS = 2
# name 11 = sbeox1ML/L: Oxygen, SBE 43, 2 [ml/l], WS = 2
# name 12 = flag: flag
# span 0 =          1,       1887       
# span 1 =      0.696,     12.878       
# span 2 =    13.8821,    15.7615       
# span 3 =   2.926252,   3.389260       
# span 4 =     1.6696,     2.7385       
# span 5 =     1.6682,     2.6416       
# span 6 =     0.0037,     0.0101       
# span 7 =  0.0900140,  0.1579594       
# span 8 =      0.690,     12.758       
# span 9 =    22.9617,    27.6950       
# span 10 =     3.1916,     6.6213      
# span 11 =     2.8464,     5.5387      
# span 12 = 0.0000e+00, 0.0000e+00      
# interval = seconds: 0.0416667
# start_time = Sep 23 2021 09:22:13 [NMEA time, header]
# bad_flag = -9.990e-29
*END*
          1      8.463    14.8516   2.926252     1.9658     1.9017     0.0057  0.1477445      8.384    22.9694     4.3383     3.6671 -9.990e-29
          2      8.463    14.8517   2.926264     1.9656     1.9015     0.0057  0.1477239      8.384    22.9694     4.3377     3.6666 -9.990e-29
          3      8.463    14.8519   2.926276     1.9653     1.9013     0.0057  0.1477015      8.384    22.9694     4.3367     3.6660 -9.990e-29
          4      8.463    14.8521   2.926289     1.9651     1.9012     0.0057  0.1476771      8.384    22.9694     4.3361     3.6658 -9.990e-29
          5      8.463    14.8523   2.926302     1.9648     1.9010     0.0057  0.1476506      8.384    22.9694     4.3352     3.6652 -9.990e-29
          6      8.463    14.8524   2.926316     1.9646     1.9007     0.0057  0.1476219      8.384    22.9695     4.3346     3.6645 -9.990e-29
          7      8.463    14.8526   2.926330     1.9643     1.9005     0.0057  0.1475914      8.384    22.9695     4.3337     3.6639 -9.990e-29
          8      8.463    14.8528   2.926345     1.9640     1.9003     0.0059  0.1475608      8.384    22.9695     4.3328     3.6634 -9.990e-29
          9      8.463    14.8530   2.926359     1.9637     1.9000     0.0059  0.1475307      8.384    22.9695     4.3319     3.6626 -9.990e-29
         10      8.463    14.8532   2.926372     1.9634     1.8998     0.0059  0.1475008      8.384    22.9695     4.3309     3.6621 -9.990e-29
         11      8.463    14.8534   2.926385     1.9631     1.8995     0.0059  0.1474709      8.384    22.9695     4.3300     3.6613 -9.990e-29
         12      8.463    14.8536   2.926398     1.9628     1.8992     0.0059  0.1474410      8.384    22.9695     4.3291     3.6605 -9.990e-29
         13      8.463    14.8538   2.926410     1.9625     1.8989     0.0059  0.1474106      8.384    22.9694     4.3282     3.6598 -9.990e-29
         14      8.463    14.8539   2.926422     1.9622     1.8986     0.0059  0.1473797      8.384    22.9695     4.3273     3.6590 -9.990e-29
         15      8.463    14.8541   2.926433     1.9618     1.8983     0.0059  0.1473480      8.384    22.9695     4.3261     3.6582 -9.990e-29
         16      8.463    14.8543   2.926445     1.9615     1.8980     0.0059  0.1473153      8.384    22.9695     4.3252     3.6574 -9.990e-29
         17      8.463    14.8544   2.926458     1.9611     1.8977     0.0059  0.1472813      8.384    22.9695     4.3240     3.6566 -9.990e-29
         18      8.463    14.8546   2.926470     1.9608     1.8974     0.0059  0.1472459      8.384    22.9695     4.3230     3.6558 -9.990e-29
         19      8.463    14.8548   2.926483     1.9605     1.8971     0.0059  0.1472087      8.384    22.9695     4.3221     3.6551 -9.990e-29
         20      8.463    14.8549   2.926497     1.9601     1.8968     0.0059  0.1471696      8.384    22.9696     4.3209     3.6543 -9.990e-29
         21      8.463    14.8551   2.926510     1.9598     1.8964     0.0059  0.1471282      8.384    22.9695     4.3200     3.6532 -9.990e-29
         22      8.463    14.8552   2.926525     1.9594     1.8961     0.0059  0.1470842      8.384    22.9696     4.3188     3.6525 -9.990e-29
         23      8.463    14.8554   2.926539     1.9591     1.8958     0.0059  0.1470375      8.384    22.9696     4.3179     3.6517 -9.990e-29
         24      8.463    14.8555   2.926554     1.9587     1.8955     0.0059  0.1469875      8.384    22.9697     4.3167     3.6509 -9.990e-29
         25      8.463    14.8556   2.926568     1.9583     1.8951     0.0059  0.1469340      8.384    22.9698     4.2681     3.6153 -9.990e-29
         26      8.463    14.8557   2.926582     1.9580     1.8948     0.0059  0.1468767      8.384    22.9698     4.2669     3.6142 -9.990e-29
         27      8.464    14.8559   2.926596     1.9576     1.8945     0.0059  0.1468150      8.385    22.9698     4.2654     3.6131 -9.990e-29
         28      8.464    14.8560   2.926609     1.9573     1.8941     0.0059  0.1467487      8.385    22.9699     4.2642     3.6118 -9.990e-29
         29      8.464    14.8561   2.926622     1.9569     1.8938     0.0059  0.1466771      8.385    22.9699     4.2627     3.6108 -9.990e-29
         30      8.464    14.8562   2.926636     1.9565     1.8935     0.0059  0.1465999      8.385    22.9700     4.2613     3.6098 -9.990e-29
         31      8.464    14.8563   2.926649     1.9562     1.8931     0.0059  0.1465165      8.385    22.9700     4.2602     3.6086 -9.990e-29
         32      8.464    14.8564   2.926662     1.9558     1.8928     0.0059  0.1464279      8.385    22.9701     4.2588     3.6076 -9.990e-29
         33      8.464    14.8565   2.926675     1.9554     1.8924     0.0060  0.1463388      8.385    22.9702     4.2574     3.6064 -9.990e-29
         34      8.465    14.8566   2.926688     1.9551     1.8921     0.0062  0.1462543      8.386    22.9702     4.2564     3.6055 -9.990e-29
         35      8.465    14.8567   2.926701     1.9547     1.8917     0.0062  0.1461774      8.386    22.9703     4.2550     3.6044 -9.990e-29
         36      8.465    14.8568   2.926713     1.9543     1.8914     0.0062  0.1461083      8.386    22.9703     4.2537     3.6035 -9.990e-29
         37      8.465    14.8569   2.926726     1.9540     1.8910     0.0062  0.1460466      8.386    22.9704     4.2528     3.6024 -9.990e-29
         38      8.465    14.8570   2.926738     1.9536     1.8907     0.0062  0.1459918      8.386    22.9704     4.2515     3.6015 -9.990e-29
         39      8.465    14.8571   2.926750     1.9532     1.8903     0.0062  0.1459435      8.386    22.9704     4.2503     3.6004 -9.990e-29
         40      8.465    14.8572   2.926762     1.9528     1.8900     0.0062  0.1459014      8.386    22.9705     4.2490     3.5996 -9.990e-29
         41      8.465    14.8573   2.926774     1.9524     1.8896     0.0062  0.1458653      8.386    22.9705     4.2478     3.5985 -9.990e-29
         42      8.465    14.8574   2.926785     1.9521     1.8893     0.0062  0.1458348      8.386    22.9706     4.2468     3.5977 -9.990e-29
         43      8.465    14.8576   2.926797     1.9517     1.8889     0.0062  0.1458098      8.386    22.9706     4.2456     3.5966 -9.990e-29
         44      8.465    14.8577   2.926808     1.9513     1.8886     0.0062  0.1457900      8.386    22.9706     4.2444     3.5958 -9.990e-29
         45      8.465    14.8578   2.926819     1.9509     1.8882     0.0062  0.1457754      8.386    22.9706     4.2432     3.5948 -9.990e-29
         46      8.465    14.8580   2.926831     1.9506     1.8879     0.0062  0.1457658      8.386    22.9706     4.2423     3.5940 -9.990e-29
         47      8.465    14.8581   2.926843     1.9502     1.8875     0.0062  0.1457612      8.386    22.9707     4.2412     3.5930 -9.990e-29
         48      8.465    14.8583   2.926856     1.9498     1.8872     0.0060  0.1457615      8.386    22.9707     4.2400     3.5922 -9.990e-29
         49      8.465    14.8584   2.926869     1.9495     1.8868     0.0062  0.1457676      8.386    22.9707     4.2392     3.5912 -9.990e-29
         50      8.465    14.8586   2.926882     1.9491     1.8865     0.0062  0.1457804      8.386    22.9707     4.2380     3.5904 -9.990e-29
         51      8.465    14.8588   2.926896     1.9487     1.8862     0.0062  0.1457991      8.386    22.9707     4.2369     3.5897 -9.990e-29
         52      8.465    14.8590   2.926909     1.9484     1.8858     0.0062  0.1458231      8.386    22.9707     4.2360     3.5887 -9.990e-29
         53      8.465    14.8592   2.926923     1.9480     1.8855     0.0062  0.1458524      8.386    22.9707     4.2349     3.5880 -9.990e-29
         54      8.465    14.8594   2.926937     1.9476     1.8851     0.0062  0.1458872      8.386    22.9707     4.2337     3.5870 -9.990e-29
         55      8.465    14.8596   2.926952     1.9473     1.8848     0.0062  0.1459279      8.386    22.9707     4.2329     3.5863 -9.990e-29
         56      8.465    14.8598   2.926967     1.9469     1.8844     0.0062  0.1459747      8.386    22.9707     4.2318     3.5854 -9.990e-29
         57      8.465    14.8600   2.926983     1.9466     1.8841     0.0062  0.1460279      8.386    22.9708     4.2310     3.5847 -9.990e-29
         58      8.465    14.8602   2.926999     1.9462     1.8838     0.0068  0.1460870      8.386    22.9708     4.2298     3.5840 -9.990e-29
         59      8.465    14.8604   2.927016     1.9458     1.8834     0.0071  0.1461483      8.386    22.9708     4.2287     3.5830 -9.990e-29
         60      8.465    14.8607   2.927032     1.9455     1.8831     0.0071  0.1462069      8.386    22.9708     4.2279     3.5823 -9.990e-29
         61      8.465    14.8609   2.927048     1.9451     1.8827     0.0071  0.1462618      8.386    22.9708     4.2268     3.5814 -9.990e-29
         62      8.465    14.8612   2.927064     1.9448     1.8824     0.0071  0.1463131      8.386    22.9708     4.2260     3.5807 -9.990e-29
         63      8.464    14.8614   2.927080     1.9444     1.8821     0.0071  0.1463622      8.385    22.9708     4.2249     3.5801 -9.990e-29
         64      8.464    14.8617   2.927095     1.9440     1.8817     0.0071  0.1464094      8.385    22.9707     4.2238     3.5791 -9.990e-29
         65      8.464    14.8619   2.927111     1.9437     1.8814     0.0071  0.1464542      8.385    22.9708     4.2229     3.5785 -9.990e-29
         66      8.464    14.8622   2.927126     1.9433     1.8810     0.0071  0.1464976      8.385    22.9707     4.2218     3.5776 -9.990e-29
         67      8.464    14.8625   2.927140     1.9430     1.8807     0.0071  0.1465409      8.385    22.9707     4.2209     3.5770 -9.990e-29
         68      8.464    14.8628   2.927154     1.9426     1.8804     0.0071  0.1465844      8.385    22.9706     4.2198     3.5763 -9.990e-29
         69      8.464    14.8631   2.927167     1.9423     1.8800     0.0071  0.1466284      8.385    22.9705     4.2190     3.5754 -9.990e-29
         70      8.464    14.8634   2.927179     1.9419     1.8797     0.0071  0.1466731      8.385    22.9705     4.2178     3.5748 -9.990e-29
         71      8.464    14.8637   2.927191     1.9416     1.8794     0.0071  0.1467181      8.385    22.9704     4.2169     3.5742 -9.990e-29
         72      8.464    14.8640   2.927202     1.9412     1.8791     0.0071  0.1467628      8.385    22.9703     4.2158     3.5735 -9.990e-29
         73      8.463    14.8643   2.927213     1.9409     1.8787     0.0071  0.1468083      8.384    22.9702     4.2149     3.5726 -9.990e-29
         74      8.463    14.8646   2.927225     1.9405     1.8784     0.0071  0.1468551      8.384    22.9702     4.2138     3.5720 -9.990e-29
         75      8.463    14.8649   2.927236     1.9402     1.8781     0.0071  0.1469016      8.384    22.9701     4.2129     3.5714 -9.990e-29
         76      8.463    14.8653   2.927247     1.9398     1.8778     0.0071  0.1469483      8.384    22.9699     4.2117     3.5708 -9.990e-29
         77      8.462    14.8656   2.927259     1.9395     1.8775     0.0071  0.1469963      8.383    22.9699     4.2109     3.5701 -9.990e-29
         78      8.462    14.8659   2.927270     1.9391     1.8772     0.0071  0.1470450      8.383    22.9698     4.2097     3.5695 -9.990e-29
         79      8.462    14.8663   2.927281     1.9388     1.8768     0.0071  0.1470941      8.383    22.9696     4.2088     3.5686 -9.990e-29
         80      8.461    14.8666   2.927292     1.9384     1.8765     0.0071  0.1471437      8.382    22.9696     4.2076     3.5680 -9.990e-29
         81      8.461    14.8670   2.927304     1.9381     1.8762     0.0071  0.1471943      8.382    22.9694     4.2068     3.5674 -9.990e-29
         82      8.461    14.8674   2.927316     1.9377     1.8759     0.0071  0.1472471      8.382    22.9693     4.2056     3.5668 -9.990e-29
         83      8.461    14.8677   2.927328     1.9374     1.8756     0.0068  0.1473042      8.382    22.9692     4.2047     3.5662 -9.990e-29
         84      8.460    14.8681   2.927340     1.9371     1.8753     0.0059  0.1473650      8.381    22.9691     4.2038     3.5656 -9.990e-29
         85      8.460    14.8685   2.927353     1.9367     1.8750     0.0057  0.1474258      8.381    22.9690     4.2026     3.5651 -9.990e-29
         86      8.460    14.8688   2.927366     1.9364     1.8747     0.0057  0.1474835      8.381    22.9689     4.2017     3.5645 -9.990e-29
         87      8.459    14.8692   2.927379     1.9360     1.8744     0.0057  0.1475386      8.380    22.9688     4.2005     3.5639 -9.990e-29
         88      8.459    14.8696   2.927393     1.9357     1.8742     0.0057  0.1475924      8.380    22.9687     4.1996     3.5635 -9.990e-29
         89      8.459    14.8700   2.927408     1.9353     1.8739     0.0057  0.1476443      8.380    22.9686     4.1983     3.5630 -9.990e-29
         90      8.458    14.8704   2.927424     1.9350     1.8736     0.0057  0.1476938      8.379    22.9685     4.1974     3.5624 -9.990e-29
         91      8.458    14.8708   2.927440     1.9346     1.8733     0.0057  0.1477414      8.379    22.9684     4.1962     3.5618 -9.990e-29
         92      8.457    14.8713   2.927457     1.9343     1.8730     0.0055  0.1477872      8.378    22.9682     4.1952     3.5612 -9.990e-29
         93      8.457    14.8717   2.927475     1.9339     1.8727     0.0057  0.1478317      8.378    22.9682     4.1940     3.5607 -9.990e-29
         94      8.456    14.8721   2.927494     1.9336     1.8724     0.0057  0.1478752      8.377    22.9681     4.1930     3.5601 -9.990e-29
         95      8.455    14.8726   2.927513     1.9332     1.8721     0.0057  0.1479179      8.376    22.9680     4.1917     3.5595 -9.990e-29
         96      8.455    14.8730   2.927532     1.9329     1.8718     0.0057  0.1479602      8.376    22.9679     4.1907     3.5590 -9.990e-29
         97      8.454    14.8735   2.927553     1.9325     1.8715     0.0057  0.1480024      8.375    22.9678     4.1894     3.5585 -9.990e-29
         98      8.454    14.8740   2.927574     1.9322     1.8713     0.0057  0.1480446      8.375    22.9677     4.1884     3.5582 -9.990e-29
         99      8.453    14.8745   2.927595     1.9319     1.8710     0.0057  0.1480874      8.374    22.9675     4.1874     3.5577 -9.990e-29
        100      8.452    14.8750   2.927618     1.9315     1.8707     0.0057  0.1481308      8.373    22.9675     4.1861     3.5572 -9.990e-29
        101      8.452    14.8755   2.927642     1.9312     1.8704     0.0057  0.1481753      8.373    22.9674     4.1850     3.5567 -9.990e-29
        102      8.451    14.8760   2.927666     1.9308     1.8702     0.0057  0.1482211      8.372    22.9673     4.1836     3.5565 -9.990e-29
        103      8.450    14.8765   2.927691     1.9305     1.8699     0.0057  0.1482687      8.371    22.9672     4.1826     3.5561 -9.990e-29
        104      8.449    14.8771   2.927716     1.9301     1.8696     0.0057  0.1483182      8.370    22.9671     4.1811     3.5556 -9.990e-29
        105      8.448    14.8776   2.927742     1.9298     1.8694     0.0057  0.1483700      8.369    22.9670     4.1800     3.5554 -9.990e-29
        106      8.447    14.8782   2.927769     1.9294     1.8691     0.0057  0.1484245      8.368    22.9669     4.1785     3.5550 -9.990e-29
        107      8.446    14.8789   2.927796     1.9291     1.8689     0.0057  0.1484822      8.367    22.9667     4.1773     3.5549 -9.990e-29
        108      8.444    14.8795   2.927825     1.9287     1.8686     0.0057  0.1485433      8.365    22.9666     4.1758     3.5545 -9.990e-29
        109      8.443    14.8801   2.927855     1.9284     1.8684     0.0055  0.1486083      8.364    22.9665     4.1746     3.5544 -9.990e-29
        110      8.442    14.8808   2.927886     1.9280     1.8681     0.0057  0.1486768      8.363    22.9664     4.1730     3.5541 -9.990e-29
        111      8.440    14.8815   2.927919     1.9277     1.8679     0.0057  0.1487476      8.361    22.9662     4.1717     3.5541 -9.990e-29
