code/data/2023/2023_wed/06CTD04.cnv
* Sea-Bird SBE 9 Data File:
* FileName = C:\Users\ctd-user\Desktop\CTD_data\2023\MAR440 Sept 2023\06CTD04.hex
* Software Version Seasave V 7.26.2.13
* Temperature SN = 4493
* Conductivity SN = 1899
* Number of Bytes Per Scan = 37
* Number of Voltage Words = 4
* Number of Scans Averaged by the Deck Unit = 1
* NMEA Latitude = 58 19.93 N
* NMEA Longitude = 011 52.25 E
* NMEA UTC (Time) = Sep 06 2023 09:20:12
* NMEA baud rate = 4800
** Ship:
** Station:
** Operator:
# nquan = 14                                
# nvalues = 3324                        
# units = specified
# name 0 = scan: Scan Count
# name 1 = prDM: Pressure, Digiquartz [db]
# name 2 = t090C: Temperature [ITS-90, deg C]
# name 3 = c0S/m: Conductivity [S/m]
# name 4 = sbeox0V: Oxygen raw, SBE 43 [V]
# name 5 = flECO-AFL: Fluorescence, WET Labs ECO-AFL/FL [mg/m^3]
# name 6 = upoly0: Upoly 0, Turbidity
# name 7 = xmiss: Beam Transmission, Chelsea/Seatech [%]
# name 8 = depSM: Depth [salt water, m], lat = 58.3322
# name 9 = potemp090C: Potential Temperature [ITS-90, deg C]
# name 10 = sal00: Salinity, Practical [PSU]
# name 11 = sbeox0ML/L: Oxygen, SBE 43 [ml/l], WS = 2
# name 12 = sbeox0PS: Oxygen, SBE 43 [% saturation], WS = 2
# name 13 = flag: flag
# span 0 =          1,       3324       
# span 1 =      0.509,     45.440       
# span 2 =     7.7527,    18.3995       
# span 3 =   2.490384,   3.377505       
# span 4 =     0.5491,     2.9018       
# span 5 =     0.2240,     9.1984       
# span 6 =  4.3661581,  5.2264099       
# span 7 =    66.4051,    96.7015       
# span 8 =      0.504,     45.013       
# span 9 =     7.7509,    18.3989       
# span 10 =    17.6906,    31.9117      
# span 11 =     0.1253,     6.0962      
# span 12 =      1.882,    103.060      
# span 13 = 0.0000e+00, 0.0000e+00      
# interval = seconds: 0.0416667
# start_time = Sep 06 2023 09:20:12 [NMEA time, header]
# bad_flag = -9.990e-29
*END*
[from data line 1549]
       1550     15.229    11.1226   3.260360     0.7829     0.2240  4.7706402    92.8976     15.087    11.1209    28.5494     0.6033      9.395 0.0000e+00
       1551     15.252    11.0808   3.259775     0.7818     0.2606  4.7704093    92.8720     15.110    11.0791    28.5761     0.6022      9.370 0.0000e+00
       1552     15.275    11.0390   3.259189     0.7807     0.2606  4.7702740    92.8432     15.132    11.0373    28.6029     0.6011      9.346 0.0000e+00
       1553     15.297    10.9975   3.258603     0.7796     0.2606  4.7702336    92.8116     15.154    10.9958    28.6295     0.6000      9.323 0.0000e+00
       1554     15.320    10.9565   3.258019     0.7786     0.2606  4.7702877    92.7769     15.177    10.9548    28.6557     0.5992      9.303 0.0000e+00
       1555     15.342    10.9159   3.257436     0.7775     0.2606  4.7704367    92.7389     15.199    10.9142    28.6817     0.5982      9.280 0.0000e+00
       1556     15.365    10.8760   3.256859     0.7765     0.2606  4.7706817    92.6977     15.222    10.8743    28.7073     0.5974      9.262 0.0000e+00
       1557     15.387    10.8368   3.256285     0.7755     0.2606  4.7710243    92.6537     15.243    10.8351    28.7324     0.5966      9.243 0.0000e+00
       1558     15.409    10.7983   3.255715     0.7744     0.2423  4.7714670    92.6067     15.265    10.7966    28.7570     0.5955      9.220 0.0000e+00
       1559     15.432    10.7606   3.255149     0.7734     0.2606  4.7720127    92.5559     15.288    10.7589    28.7810     0.5947      9.201 0.0000e+00
       1560     15.454    10.7238   3.254590     0.7725     0.2790  4.7726654    92.5006     15.310    10.7221    28.8045     0.5941      9.187 0.0000e+00
       1561     15.476    10.6879   3.254039     0.7715     0.2606  4.7734295    92.4403     15.332    10.6862    28.8273     0.5933      9.168 0.0000e+00
       1562     15.498    10.6530   3.253501     0.7705     0.2606  4.7743104    92.3745     15.353    10.6513    28.8496     0.5924      9.149 0.0000e+00
       1563     15.521    10.6190   3.252976     0.7696     0.2606  4.7753142    92.3027     15.376    10.6173    28.8713     0.5918      9.134 0.0000e+00
       1564     15.543    10.5860   3.252468     0.7686     0.2606  4.7764478    92.2245     15.398    10.5843    28.8924     0.5909      9.114 0.0000e+00
       1565     15.565    10.5539   3.251975     0.7677     0.2606  4.7777192    92.1394     15.420    10.5522    28.9129     0.5902      9.098 0.0000e+00
       1566     15.587    10.5227   3.251497     0.7667     0.2606  4.7791372    92.0467     15.442    10.5210    28.9329     0.5892      9.078 0.0000e+00
       1567     15.609    10.4922   3.251033     0.7658     0.2606  4.7807117    91.9464     15.463    10.4905    28.9525     0.5884      9.060 0.0000e+00
       1568     15.631    10.4623   3.250581     0.7649     0.2606  4.7824536    91.8382     15.485    10.4606    28.9718     0.5876      9.043 0.0000e+00
       1569     15.652    10.4329   3.250142     0.7640     0.2606  4.7843751    91.7222     15.506    10.4312    28.9909     0.5868      9.026 0.0000e+00
       1570     15.674    10.4040   3.249713     0.7631     0.2606  4.7864894    91.5992     15.528    10.4023    29.0096     0.5858      9.007 0.0000e+00
       1571     15.696    10.3754   3.249293     0.7623     0.2606  4.7888114    91.4702     15.550    10.3737    29.0283     0.5851      8.992 0.0000e+00
       1572     15.718    10.3471   3.248883     0.7614     0.2606  4.7913571    91.3377     15.571    10.3454    29.0468     0.5841      8.972 0.0000e+00
       1573     15.739    10.3190   3.248481     0.7605     0.2606  4.7941444    91.2058     15.592    10.3173    29.0652     0.5831      8.952 0.0000e+00
       1574     15.761    10.2911   3.248092     0.7597     0.2606  4.7971924    91.0812     15.614    10.2894    29.0837     0.5823      8.935 0.0000e+00
       1575     15.782    10.2632   3.247712     0.7589     0.2423  4.8005226    90.9721     15.635    10.2615    29.1023     0.5815      8.918 0.0000e+00
       1576     15.804    10.2354   3.247347     0.7580     0.2606  4.8041580    90.8858     15.657    10.2337    29.1209     0.5803      8.895 0.0000e+00
       1577     15.825    10.2076   3.246994     0.7572     0.2790  4.8081239    90.8250     15.677    10.2059    29.1397     0.5793      8.876 0.0000e+00
       1578     15.846    10.1800   3.246655     0.7564     0.2606  4.8124479    90.7888     15.698    10.1783    29.1585     0.5783      8.856 0.0000e+00
       1579     15.868    10.1524   3.246330     0.7556     0.2790  4.8171602    90.7741     15.720    10.1507    29.1774     0.5773      8.837 0.0000e+00
       1580     15.889    10.1248   3.246019     0.7548     0.2606  4.8222934    90.7765     15.741    10.1231    29.1966     0.5762      8.816 0.0000e+00
       1581     15.911    10.0972   3.245720     0.7540     0.2606  4.8277984    90.7916     15.763    10.0955    29.2158     0.5751      8.794 0.0000e+00
       1582     15.932    10.0696   3.245431     0.7532     0.2790  4.8333736    90.8148     15.783    10.0679    29.2352     0.5739      8.773 0.0000e+00
       1583     15.953    10.0419   3.245152     0.7525     0.2973  4.8386332    90.8425     15.804    10.0402    29.2548     0.5730      8.754 0.0000e+00
       1584     15.974    10.0141   3.244881     0.7517     0.2973  4.8434439    90.8719     15.825    10.0124    29.2745     0.5717      8.730 0.0000e+00
       1585     15.995     9.9863   3.244616     0.7509     0.2973  4.8478392    90.9012     15.846     9.9846    29.2944     0.5704      8.706 0.0000e+00
       1586     16.016     9.9583   3.244356     0.7502     0.2973  4.8518496    90.9294     15.867     9.9566    29.3145     0.5693      8.685 0.0000e+00
       1587     16.037     9.9302   3.244095     0.7494     0.2973  4.8555030    90.9552     15.887     9.9285    29.3347     0.5679      8.660 0.0000e+00
       1588     16.058     9.9020   3.243834     0.7487     0.2973  4.8588248    90.9784     15.908     9.9003    29.3549     0.5668      8.638 0.0000e+00
       1589     16.079     9.8736   3.243570     0.7479     0.2973  4.8618382    90.9991     15.929     9.8719    29.3754     0.5653      8.611 0.0000e+00
       1590     16.100     9.8450   3.243302     0.7472     0.2973  4.8645641    91.0180     15.950     9.8433    29.3960     0.5641      8.588 0.0000e+00
       1591     16.121     9.8159   3.243028     0.7464     0.2973  4.8670215    91.0353     15.971     9.8142    29.4169     0.5624      8.559 0.0000e+00
       1592     16.141     9.7864   3.242747     0.7457     0.3156  4.8692274    91.0513     15.990     9.7847    29.4382     0.5611      8.534 0.0000e+00
       1593     16.162     9.7563   3.242458     0.7450     0.2973  4.8711973    91.0655     16.011     9.7546    29.4599     0.5597      8.508 0.0000e+00
       1594     16.183     9.7257   3.242160     0.7442     0.2790  4.8729447    91.0774     16.032     9.7240    29.4819     0.5579      8.476 0.0000e+00
       1595     16.203     9.6946   3.241851     0.7435     0.2973  4.8744820    91.0867     16.052     9.6929    29.5042     0.5563      8.448 0.0000e+00
       1596     16.224     9.6633   3.241527     0.7427     0.2973  4.8758197    91.0932     16.073     9.6616    29.5266     0.5545      8.416 0.0000e+00
       1597     16.244     9.6318   3.241186     0.7420     0.2973  4.8769672    91.0966     16.092     9.6301    29.5491     0.5529      8.387 0.0000e+00
       1598     16.264     9.6003   3.240825     0.7413     0.2973  4.8779324    91.0968     16.112     9.5986    29.5713     0.5512      8.356 0.0000e+00
       1599     16.285     9.5689   3.240443     0.7406     0.2973  4.8787221    91.0938     16.133     9.5672    29.5933     0.5495      8.326 0.0000e+00
       1600     16.305     9.5377   3.240038     0.7398     0.2973  4.8793418    91.0884     16.153     9.5360    29.6149     0.5475      8.290 0.0000e+00
       1601     16.326     9.5067   3.239609     0.7391     0.2973  4.8797957    91.0822     16.174     9.5050    29.6361     0.5457      8.259 0.0000e+00
       1602     16.346     9.4758   3.239153     0.7384     0.2973  4.8800871    91.0776     16.193     9.4741    29.6571     0.5438      8.226 0.0000e+00
       1603     16.366     9.4450   3.238669     0.7377     0.2973  4.8802180    91.0770     16.213     9.4433    29.6776     0.5419      8.193 0.0000e+00
       1604     16.387     9.4142   3.238156     0.7369     0.2973  4.8801892    91.0820     16.234     9.4125    29.6979     0.5397      8.155 0.0000e+00
       1605     16.407     9.3834   3.237613     0.7362     0.2973  4.8800006    91.0935     16.254     9.3817    29.7179     0.5377      8.121 0.0000e+00
       1606     16.427     9.3527   3.237043     0.7355     0.2973  4.8796508    91.1112     16.274     9.3510    29.7376     0.5357      8.086 0.0000e+00
       1607     16.447     9.3219   3.236447     0.7347     0.3339  4.8791374    91.1353     16.293     9.3202    29.7572     0.5334      8.046 0.0000e+00
       1608     16.467     9.2910   3.235827     0.7340     0.3522  4.8784570    91.1677     16.313     9.2893    29.7766     0.5314      8.011 0.0000e+00
       1609     16.488     9.2600   3.235185     0.7333     0.3522  4.8776046    91.2115     16.334     9.2583    29.7958     0.5293      7.976 0.0000e+00
       1610     16.508     9.2289   3.234523     0.7325     0.3339  4.8765744    91.2684     16.354     9.2272    29.8150     0.5269      7.935 0.0000e+00
       1611     16.528     9.1976   3.233844     0.7318     0.3522  4.8753593    91.3387     16.374     9.1959    29.8342     0.5249      7.899 0.0000e+00
       1612     16.548     9.1663   3.233149     0.7311     0.3522  4.8739507    91.4213     16.394     9.1646    29.8533     0.5227      7.863 0.0000e+00
       1613     16.568     9.1350   3.232437     0.7303     0.3522  4.8723388    91.5145     16.413     9.1333    29.8722     0.5203      7.822 0.0000e+00
       1614     16.588     9.1038   3.231710     0.7296     0.3522  4.8705126    91.6158     16.433     9.1021    29.8909     0.5181      7.785 0.0000e+00
       1615     16.608     9.0729   3.230970     0.7288     0.3522  4.8684592    91.7229     16.453     9.0712    29.9092     0.5157      7.744 0.0000e+00
       1616     16.628     9.0424   3.230217     0.7281     0.3522  4.8661644    91.8347     16.473     9.0407    29.9271     0.5135      7.706 0.0000e+00
       1617     16.648     9.0123   3.229447     0.7273     0.3522  4.8636121    91.9500     16.493     9.0106    29.9445     0.5110      7.664 0.0000e+00
       1618     16.668     8.9828   3.228659     0.7265     0.3522  4.8607847    92.0681     16.512     8.9811    29.9612     0.5085      7.623 0.0000e+00
       1619     16.688     8.9538   3.227851     0.7257     0.3522  4.8576626    92.1881     16.532     8.9521    29.9774     0.5060      7.581 0.0000e+00
       1620     16.707     8.9253   3.227018     0.7250     0.3522  4.8542238    92.3092     16.551     8.9236    29.9928     0.5037      7.544 0.0000e+00
       1621     16.727     8.8975   3.226159     0.7242     0.3522  4.8504446    92.4304     16.571     8.8958    30.0074     0.5012      7.501 0.0000e+00
       1622     16.747     8.8701   3.225274     0.7234     0.3522  4.8462987    92.5507     16.591     8.8684    30.0215     0.4987      7.460 0.0000e+00
       1623     16.767     8.8434   3.224363     0.7226     0.3522  4.8417571    92.6696     16.610     8.8417    30.0346     0.4962      7.419 0.0000e+00
       1624     16.787     8.8170   3.223427     0.7219     0.3522  4.8367884    92.7867     16.630     8.8153    30.0473     0.4940      7.383 0.0000e+00
       1625     16.806     8.7911   3.222469     0.7211     0.3522  4.8313579    92.9017     16.649     8.7894    30.0594     0.4915      7.342 0.0000e+00
       1626     16.826     8.7655   3.221491     0.7203     0.3522  4.8254279    93.0145     16.669     8.7638    30.0710     0.4890      7.301 0.0000e+00
       1627     16.846     8.7401   3.220500     0.7195     0.3522  4.8189572    93.1257     16.689     8.7384    30.0823     0.4866      7.260 0.0000e+00
       1628     16.866     8.7151   3.219501     0.7187     0.3705  4.8119006    93.2362     16.709     8.7134    30.0932     0.4841      7.220 0.0000e+00
       1629     16.886     8.6904   3.218502     0.7179     0.3522  4.8042092    93.3469     16.728     8.6887    30.1038     0.4816      7.179 0.0000e+00
       1630     16.906     8.6660   3.217503     0.7171     0.3522  4.7958293    93.4582     16.748     8.6643    30.1142     0.4792      7.140 0.0000e+00
       1631     16.926     8.6421   3.216509     0.7163     0.3522  4.7867028    93.5699     16.768     8.6405    30.1242     0.4768      7.101 0.0000e+00
       1632     16.945     8.6185   3.215517     0.7156     0.3705  4.7768510    93.6818     16.787     8.6169    30.1340     0.4746      7.065 0.0000e+00
       1633     16.965     8.5952   3.214525     0.7148     0.3888  4.7666302    93.7939     16.807     8.5936    30.1436     0.4722      7.026 0.0000e+00
       1634     16.985     8.5723   3.213529     0.7140     0.3888  4.7566487    93.9061     16.826     8.5707    30.1528     0.4699      6.988 0.0000e+00
       1635     17.005     8.5499   3.212529     0.7132     0.3888  4.7472619    94.0183     16.846     8.5483    30.1615     0.4675      6.950 0.0000e+00
       1636     17.025     8.5278   3.211525     0.7124     0.3888  4.7384892    94.1301     16.866     8.5262    30.1699     0.4652      6.912 0.0000e+00
       1637     17.045     8.5062   3.210517     0.7116     0.3888  4.7302698    94.2413     16.886     8.5046    30.1779     0.4629      6.874 0.0000e+00
       1638     17.065     8.4851   3.209506     0.7108     0.4072  4.7225464    94.3514     16.906     8.4835    30.1854     0.4605      6.837 0.0000e+00
       1639     17.085     8.4644   3.208488     0.7100     0.3888  4.7152654    94.4599     16.926     8.4628    30.1925     0.4583      6.801 0.0000e+00
       1640     17.105     8.4441   3.207461     0.7092     0.3888  4.7083759    94.5667     16.945     8.4425    30.1992     0.4560      6.764 0.0000e+00
       1641     17.125     8.4242   3.206430     0.7084     0.3888  4.7018303    94.6725     16.965     8.4226    30.2055     0.4537      6.728 0.0000e+00
       1642     17.145     8.4047   3.205396     0.7076     0.3888  4.6955828    94.7778     16.985     8.4031    30.2114     0.4515      6.692 0.0000e+00
       1643     17.165     8.3856   3.204362     0.7068     0.3888  4.6895900    94.8823     17.005     8.3840    30.2170     0.4493      6.657 0.0000e+00
       1644     17.185     8.3669   3.203330     0.7060     0.3888  4.6838103    94.9851     17.025     8.3653    30.2222     0.4471      6.621 0.0000e+00
       1645     17.205     8.3484   3.202302     0.7052     0.4072  4.6782035    95.0859     17.044     8.3468    30.2274     0.4449      6.587 0.0000e+00
       1646     17.225     8.3303   3.201282     0.7045     0.3888  4.6727304    95.1845     17.064     8.3287    30.2322     0.4430      6.556 0.0000e+00
       1647     17.245     8.3124   3.200271     0.7037     0.3888  4.6673532    95.2810     17.084     8.3108    30.2370     0.4408      6.521 0.0000e+00
       1648     17.266     8.2949   3.199274     0.7029     0.3888  4.6620343    95.3754     17.105     8.2933    30.2416     0.4386      6.486 0.0000e+00
       1649     17.286     8.2776   3.198288     0.7021     0.3888  4.6567367    95.4672     17.125     8.2760    30.2462     0.4365      6.453 0.0000e+00
       1650     17.306     8.2607   3.197315     0.7013     0.3888  4.6514236    95.5558     17.144     8.2591    30.2505     0.4344      6.420 0.0000e+00
       1651     17.327     8.2442   3.196354     0.7005     0.3888  4.6460581    95.6407     17.165     8.2426    30.2546     0.4323      6.386 0.0000e+00
