code/data/2023/2023_wed/06CTD12.cnv
* Sea-Bird SBE 9 Data File:
* FileName = C:\Users\ctd-user\Desktop\CTD_data\2023\MAR440 Sept 2023\06CTD12.hex
* Software Version Seasave V 7.26.2.13
* Temperature SN = 4493
* Conductivity SN = 1899
* Number of Bytes Per Scan = 37
* Number of Voltage Words = 4
* Number of Scans Averaged by the Deck Unit = 1
* NMEA Latitude = 58 19.43 N
* NMEA Longitude = 011 45.37 E
* NMEA UTC (Time) = Sep 06 2023 11:10:51
* NMEA baud rate = 4800
** Ship:
** Station:
** Operator:
# nquan = 14                                
# nvalues = 1636                        
# units = specified
# name 0 = scan: Scan Count
# name 1 = prDM: Pressure, Digiquartz [db]
# name 2 = t090C: Temperature [ITS-90, deg C]
# name 3 = c0S/m: Conductivity [S/m]
# name 4 = sbeox0V: Oxygen raw, SBE 43 [V]
# name 5 = flECO-AFL: Fluorescence, WET Labs ECO-AFL/FL [mg/m^3]
# name 6 = upoly0: Upoly 0, Turbidity
# name 7 = xmiss: Beam Transmission, Chelsea/Seatech [%]
# name 8 = depSM: Depth [salt water, m], lat = 58.3238
# name 9 = potemp090C: Potential Temperature [ITS-90, deg C]
# name 10 = sal00: Salinity, Practical [PSU]
# name 11 = sbeox0ML/L: Oxygen, SBE 43 [ml/l], WS = 2
# name 12 = sbeox0PS: Oxygen, SBE 43 [% saturation], WS = 2
# name 13 = flag: flag
# span 0 =          1,       1636       
# span 1 =      1.293,     16.965       
# span 2 =    13.7279,    18.3781       
# span 3 =   2.837246,   3.393969       
# span 4 =     0.8124,     2.8085       
# span 5 =     0.2057,     3.4291       
# span 6 =  4.5199434,  5.4510920       
# span 7 =    75.7398,    96.1437       
# span 8 =      1.281,     16.807       
# span 9 =    13.7257,    18.3776       
# span 10 =    20.3513,    27.6575      
# span 11 =     0.7860,     5.7632      
# span 12 =     12.888,     99.035      
# span 13 = 0.0000e+00, 0.0000e+00      
# interval = seconds: 0.0416667
# start_time = Sep 06 2023 11:10:51 [NMEA time, header]
# bad_flag = -9.990e-29
*END*
          1      1.460    18.3614   2.846026     2.3687     3.0628  5.1931730    78.9416      1.446    18.3612    20.4176     4.6599     80.051 -9.990e-29
          2      1.459    18.3615   2.846008     2.3668     3.1178  5.1929094    78.9510      1.445    18.3613    20.4174     4.6552     79.970 -9.990e-29
          3      1.459    18.3616   2.845990     2.3649     3.1544  5.1926228    78.9608      1.445    18.3614    20.4172     4.6504     79.888 -9.990e-29
          4      1.459    18.3616   2.845970     2.3630     3.1361  5.1923113    78.9705      1.445    18.3614    20.4171     4.6457     79.806 -9.990e-29
          5      1.459    18.3617   2.845949     2.3611     3.1544  5.1919727    78.9802      1.445    18.3615    20.4169     4.6409     79.725 -9.990e-29
          6      1.459    18.3617   2.845927     2.3592     3.1361  5.1916046    78.9898      1.445    18.3615    20.4167     4.6362     79.643 -9.990e-29
          7      1.459    18.3618   2.845905     2.3573     3.1361  5.1912046    78.9995      1.445    18.3616    20.4165     4.6314     79.562 -9.990e-29
          8      1.459    18.3619   2.845881     2.3554     3.1361  5.1907698    79.0091      1.445    18.3617    20.4162     4.6267     79.480 -9.990e-29
          9      1.459    18.3619   2.845857     2.3534     3.1361  5.1902971    79.0186      1.445    18.3617    20.4160     4.6217     79.394 -9.990e-29
         10      1.459    18.3620   2.845831     2.3514     3.1544  5.1897834    79.0278      1.445    18.3618    20.4158     4.6167     79.308 -9.990e-29
         11      1.459    18.3620   2.845805     2.3495     3.1361  5.1892250    79.0372      1.445    18.3618    20.4156     4.6119     79.227 -9.990e-29
         12      1.460    18.3621   2.845779     2.3475     3.1361  5.1886180    79.0472      1.446    18.3619    20.4153     4.6069     79.141 -9.990e-29
         13      1.460    18.3622   2.845751     2.3456     3.1361  5.1879583    79.0580      1.446    18.3620    20.4150     4.6022     79.059 -9.990e-29
         14      1.460    18.3623   2.845722     2.3436     3.1361  5.1872412    79.0694      1.446    18.3621    20.4148     4.5972     78.973 -9.990e-29
         15      1.460    18.3623   2.845692     2.3416     3.1361  5.1864617    79.0807      1.446    18.3621    20.4145     4.5922     78.887 -9.990e-29
         16      1.460    18.3624   2.845662     2.3395     3.1361  5.1856144    79.0915      1.446    18.3622    20.4142     4.5869     78.797 -9.990e-29
         17      1.460    18.3625   2.845630     2.3375     3.1361  5.1846935    79.1012      1.446    18.3623    20.4139     4.5819     78.711 -9.990e-29
         18      1.461    18.3625   2.845597     2.3355     3.1544  5.1836925    79.1095      1.447    18.3623    20.4137     4.5769     78.625 -9.990e-29
         19      1.461    18.3626   2.845564     2.3334     3.1361  5.1826044    79.1160      1.447    18.3624    20.4134     4.5717     78.535 -9.990e-29
         20      1.461    18.3626   2.845529     2.3314     3.1361  5.1814218    79.1205      1.447    18.3624    20.4131     4.5667     78.449 -9.990e-29
         21      1.461    18.3626   2.845491     2.3293     3.1361  5.1801363    79.1234      1.447    18.3624    20.4128     4.5614     78.359 -9.990e-29
         22      1.461    18.3626   2.845454     2.3273     3.1361  5.1787390    79.1250      1.447    18.3624    20.4125     4.5564     78.273 -9.990e-29
         23      1.461    18.3626   2.845415     2.3252     3.1361  5.1772202    79.1256      1.447    18.3624    20.4122     4.5512     78.183 -9.990e-29
         24      1.461    18.3626   2.845376     2.3231     3.1361  5.1755693    79.1257      1.447    18.3624    20.4119     4.5459     78.093 -9.990e-29
         25      1.461    18.3626   2.845335     2.3210     3.1361  5.1737749    79.1254      1.447    18.3624    20.4116     4.3431     74.609 -9.990e-29
         26      1.461    18.3626   2.845293     2.3189     3.1361  5.1718245    79.1249      1.447    18.3624    20.4112     4.3374     74.509 -9.990e-29
         27      1.461    18.3626   2.845250     2.3168     3.1178  5.1697893    79.1239      1.447    18.3624    20.4109     4.3316     74.409 -9.990e-29
         28      1.461    18.3626   2.845206     2.3147     3.0995  5.1678253    79.1226      1.447    18.3624    20.4106     4.3258     74.310 -9.990e-29
         29      1.461    18.3626   2.845161     2.3126     3.0995  5.1660035    79.1210      1.447    18.3624    20.4102     4.3201     74.212 -9.990e-29
         30      1.460    18.3625   2.845115     2.3105     3.0995  5.1643115    79.1194      1.446    18.3623    20.4099     4.3144     74.114 -9.990e-29
         31      1.460    18.3625   2.845067     2.3083     3.1178  5.1627373    79.1178      1.446    18.3623    20.4095     4.3085     74.012 -9.990e-29
         32      1.459    18.3625   2.845019     2.3062     3.0995  5.1612700    79.1158      1.445    18.3623    20.4091     4.3029     73.916 -9.990e-29
         33      1.459    18.3624   2.844970     2.3040     3.1178  5.1598995    79.1132      1.445    18.3622    20.4088     4.2971     73.816 -9.990e-29
         34      1.459    18.3624   2.844920     2.3019     3.0995  5.1586162    79.1100      1.445    18.3622    20.4084     4.2915     73.720 -9.990e-29
         35      1.458    18.3624   2.844868     2.2997     3.0995  5.1574112    79.1066      1.444    18.3622    20.4080     4.2858     73.621 -9.990e-29
         36      1.458    18.3623   2.844816     2.2976     3.0995  5.1562760    79.1036      1.444    18.3621    20.4076     4.2803     73.527 -9.990e-29
         37      1.457    18.3623   2.844762     2.2954     3.1178  5.1552028    79.1015      1.443    18.3621    20.4072     4.2746     73.428 -9.990e-29
         38      1.456    18.3622   2.844707     2.2933     3.0995  5.1541842    79.0999      1.442    18.3620    20.4068     4.2692     73.336 -9.990e-29
         39      1.456    18.3622   2.844651     2.2911     3.0995  5.1532130    79.0986      1.442    18.3620    20.4064     4.2636     73.239 -9.990e-29
         40      1.455    18.3621   2.844592     2.2890     3.1178  5.1523674    79.0975      1.441    18.3619    20.4060     4.2582     73.147 -9.990e-29
         41      1.454    18.3621   2.844532     2.2868     3.0995  5.1517264    79.0964      1.440    18.3619    20.4055     4.2527     73.051 -9.990e-29
         42      1.453    18.3620   2.844471     2.2847     3.0995  5.1512008    79.0955      1.439    18.3618    20.4051     4.2474     72.960 -9.990e-29
         43      1.452    18.3620   2.844408     2.2825     3.0995  5.1507019    79.0949      1.439    18.3618    20.4046     4.2419     72.866 -9.990e-29
         44      1.451    18.3619   2.844342     2.2804     3.1178  5.1502261    79.0948      1.438    18.3617    20.4041     4.2367     72.776 -9.990e-29
         45      1.450    18.3619   2.844275     2.2782     3.0995  5.1497703    79.0952      1.437    18.3617    20.4036     4.2313     72.683 -9.990e-29
         46      1.449    18.3618   2.844205     2.2761     3.0995  5.1493312    79.0961      1.436    18.3616    20.4031     4.2261     72.594 -9.990e-29
         47      1.448    18.3618   2.844134     2.2740     3.0995  5.1489057    79.0970      1.435    18.3616    20.4025     4.2210     72.506 -9.990e-29
         48      1.447    18.3617   2.844059     2.2718     3.0995  5.1484910    79.0983      1.434    18.3615    20.4019     4.2157     72.414 -9.990e-29
         49      1.446    18.3616   2.843982     2.2697     3.0995  5.1480841    79.1005      1.433    18.3614    20.4014     4.2107     72.327 -9.990e-29
         50      1.445    18.3616   2.843904     2.2676     3.1178  5.1476823    79.1040      1.432    18.3614    20.4008     4.2057     72.241 -9.990e-29
         51      1.443    18.3615   2.843822     2.2654     3.0995  5.1472826    79.1080      1.430    18.3613    20.4002     4.2004     72.150 -9.990e-29
         52      1.442    18.3615   2.843738     2.2633     3.1178  5.1468823    79.1118      1.429    18.3613    20.3995     4.1954     72.064 -9.990e-29
         53      1.441    18.3614   2.843650     2.2612     3.1544  5.1464787    79.1149      1.428    18.3612    20.3989     4.1905     71.980 -9.990e-29
         54      1.440    18.3614   2.843561     2.2590     3.1544  5.1460690    79.1173      1.427    18.3612    20.3982     4.1854     71.891 -9.990e-29
         55      1.438    18.3613   2.843469     2.2569     3.1727  5.1456502    79.1190      1.425    18.3611    20.3975     4.1805     71.807 -9.990e-29
         56      1.437    18.3613   2.843376     2.2548     3.1544  5.1452195    79.1202      1.424    18.3611    20.3968     4.1756     71.723 -9.990e-29
         57      1.435    18.3612   2.843281     2.2527     3.1727  5.1447738    79.1210      1.422    18.3610    20.3961     4.1708     71.640 -9.990e-29
         58      1.434    18.3612   2.843185     2.2506     3.1544  5.1443101    79.1218      1.421    18.3610    20.3953     4.1660     71.557 -9.990e-29
         59      1.433    18.3611   2.843087     2.2485     3.1544  5.1438252    79.1230      1.420    18.3609    20.3946     4.1612     71.474 -9.990e-29
         60      1.431    18.3611   2.842990     2.2464     3.1544  5.1433157    79.1249      1.418    18.3609    20.3938     4.1564     71.392 -9.990e-29
         61      1.430    18.3610   2.842893     2.2443     3.1727  5.1427779    79.1275      1.417    18.3608    20.3931     4.1517     71.310 -9.990e-29
         62      1.428    18.3610   2.842797     2.2422     3.1544  5.1422083    79.1311      1.415    18.3608    20.3923     4.1470     71.228 -9.990e-29
         63      1.427    18.3609   2.842700     2.2401     3.1544  5.1416028    79.1363      1.414    18.3607    20.3916     4.1423     71.147 -9.990e-29
         64      1.425    18.3609   2.842605     2.2380     3.1544  5.1409572    79.1436      1.412    18.3607    20.3909     4.1376     71.067 -9.990e-29
         65      1.424    18.3608   2.842511     2.2360     3.1544  5.1402671    79.1525      1.411    18.3606    20.3902     4.1332     70.991 -9.990e-29
         66      1.422    18.3608   2.842417     2.2339     3.1727  5.1395275    79.1624      1.409    18.3606    20.3894     4.1286     70.911 -9.990e-29
         67      1.420    18.3607   2.842325     2.2318     3.1361  5.1387334    79.1726      1.407    18.3605    20.3888     4.1240     70.831 -9.990e-29
         68      1.418    18.3607   2.842234     2.2298     3.1910  5.1378793    79.1827      1.405    18.3605    20.3881     4.1196     70.756 -9.990e-29
         69      1.417    18.3606   2.842142     2.2277     3.1361  5.1369592    79.1929      1.404    18.3604    20.3874     4.1150     70.677 -9.990e-29
         70      1.415    18.3606   2.842052     2.2257     3.1727  5.1359668    79.2029      1.402    18.3604    20.3867     4.1107     70.603 -9.990e-29
         71      1.414    18.3605   2.841963     2.2237     3.1544  5.1348950    79.2127      1.401    18.3603    20.3860     4.1064     70.529 -9.990e-29
         72      1.412    18.3605   2.841875     2.2217     3.1544  5.1337364    79.2223      1.399    18.3603    20.3853     4.1022     70.455 -9.990e-29
         73      1.410    18.3604   2.841786     2.2196     3.1544  5.1324831    79.2312      1.397    18.3602    20.3847     4.0977     70.377 -9.990e-29
         74      1.409    18.3603   2.841698     2.2176     3.1544  5.1311262    79.2393      1.396    18.3601    20.3840     4.0935     70.305 -9.990e-29
         75      1.407    18.3602   2.841610     2.2156     3.1544  5.1296564    79.2462      1.394    18.3600    20.3834     4.0893     70.232 -9.990e-29
         76      1.405    18.3601   2.841521     2.2136     3.1544  5.1280634    79.2516      1.392    18.3599    20.3827     4.0851     70.160 -9.990e-29
         77      1.403    18.3600   2.841433     2.2117     3.1544  5.1263361    79.2557      1.390    18.3598    20.3821     4.0812     70.092 -9.990e-29
         78      1.401    18.3599   2.841345     2.2097     3.1544  5.1244625    79.2590      1.388    18.3597    20.3814     4.0770     70.021 -9.990e-29
         79      1.399    18.3598   2.841256     2.2077     3.1361  5.1225145    79.2615      1.386    18.3596    20.3808     4.0729     69.949 -9.990e-29
         80      1.397    18.3597   2.841169     2.2058     3.1178  5.1206485    79.2634      1.384    18.3595    20.3801     4.0690     69.882 -9.990e-29
         81      1.396    18.3595   2.841080     2.2038     3.1361  5.1189364    79.2649      1.383    18.3593    20.3795     4.0649     69.811 -9.990e-29
         82      1.394    18.3594   2.840993     2.2019     3.1178  5.1173663    79.2665      1.381    18.3592    20.3789     4.0610     69.744 -9.990e-29
         83      1.392    18.3592   2.840905     2.2000     3.1361  5.1159272    79.2684      1.379    18.3590    20.3783     4.0572     69.678 -9.990e-29
         84      1.390    18.3590   2.840818     2.1980     3.1178  5.1146092    79.2706      1.377    18.3588    20.3777     4.0531     69.607 -9.990e-29
         85      1.388    18.3589   2.840733     2.1961     3.1361  5.1134031    79.2730      1.375    18.3587    20.3771     4.0493     69.542 -9.990e-29
         86      1.386    18.3587   2.840648     2.1943     3.1178  5.1123005    79.2752      1.373    18.3585    20.3765     4.0458     69.481 -9.990e-29
         87      1.384    18.3585   2.840565     2.1924     3.1178  5.1112937    79.2769      1.371    18.3583    20.3760     4.0420     69.416 -9.990e-29
         88      1.382    18.3583   2.840482     2.1905     3.1178  5.1103758    79.2776      1.369    18.3581    20.3754     4.0383     69.351 -9.990e-29
         89      1.380    18.3580   2.840401     2.1887     3.1178  5.1095403    79.2770      1.367    18.3578    20.3749     4.0348     69.290 -9.990e-29
         90      1.378    18.3578   2.840322     2.1868     3.1178  5.1087814    79.2750      1.365    18.3576    20.3744     4.0311     69.226 -9.990e-29
         91      1.376    18.3576   2.840245     2.1850     3.1544  5.1080939    79.2721      1.363    18.3574    20.3739     4.0276     69.166 -9.990e-29
         92      1.374    18.3574   2.840170     2.1831     3.1178  5.1074729    79.2683      1.361    18.3572    20.3734     4.0239     69.102 -9.990e-29
         93      1.372    18.3572   2.840097     2.1813     3.0812  5.1069142    79.2641      1.359    18.3570    20.3729     4.0206     69.044 -9.990e-29
         94      1.370    18.3569   2.840025     2.1795     3.1178  5.1064138    79.2598      1.357    18.3567    20.3725     4.0172     68.985 -9.990e-29
         95      1.368    18.3567   2.839956     2.1777     3.1178  5.1059683    79.2557      1.355    18.3565    20.3721     4.0138     68.927 -9.990e-29
         96      1.366    18.3565   2.839888     2.1759     3.1361  5.1055746    79.2519      1.353    18.3563    20.3716     4.0105     68.870 -9.990e-29
         97      1.364    18.3563   2.839823     2.1741     3.1178  5.1052300    79.2485      1.351    18.3561    20.3712     4.0073     68.814 -9.990e-29
         98      1.362    18.3561   2.839759     2.1724     3.1178  5.1049319    79.2458      1.349    18.3559    20.3708     4.0043     68.762 -9.990e-29
         99      1.360    18.3559   2.839696     2.1706     3.1178  5.1046785    79.2445      1.347    18.3557    20.3704     4.0011     68.706 -9.990e-29
        100      1.359    18.3557   2.839636     2.1689     3.1361  5.1044679    79.2453      1.346    18.3555    20.3700     3.9981     68.656 -9.990e-29
        101      1.357    18.3555   2.839576     2.1672     3.1361  5.1042986    79.2486      1.344    18.3553    20.3697     3.9952     68.606 -9.990e-29
        102      1.355    18.3553   2.839517     2.1654     3.1178  5.1041694    79.2541      1.342    18.3551    20.3693     3.9922     68.552 -9.990e-29
        103      1.354    18.3551   2.839460     2.1637     3.1178  5.1040796    79.2609      1.341    18.3549    20.3689     3.9894     68.504 -9.990e-29
