code/data/2023/2023_wed/06CTD04.cnv
* Sea-Bird SBE 9 Data File:
* FileName = C:\Users\ctd-user\Desktop\CTD_data\2023\MAR440 Sept 2023\06CTD04.hex
* Software Version Seasave V 7.26.2.13
* Temperature SN = 4493
* Conductivity SN = 1899
* Number of Bytes Per Scan = 37
* Number of Voltage Words = 4
* Number of Scans Averaged by the Deck Unit = 1
* NMEA Latitude = 58 19.93 N
* NMEA Longitude = 011 52.25 E
* NMEA UTC (Time) = Sep 06 2023 09:20:12
* NMEA baud rate = 4800
** Ship:
** Station:
** Operator:
# nquan = 14                                
# nvalues = 3324                        
# units = specified
# name 0 = scan: Scan Count
# name 1 = prDM: Pressure, Digiquartz [db]
# name 2 = t090C: Temperature [ITS-90, deg C]
# name 3 = c0S/m: Conductivity [S/m]
# name 4 = sbeox0V: Oxygen raw, SBE 43 [V]
# name 5 = flECO-AFL: Fluorescence, WET Labs ECO-AFL/FL [mg/m^3]
# name 6 = upoly0: Upoly 0, Turbidity
# name 7 = xmiss: Beam Transmission, Chelsea/Seatech [%]
# name 8 = depSM: Depth [salt water, m], lat = 58.3322
# name 9 = potemp090C: Potential Temperature [ITS-90, deg C]
# name 10 = sal00: Salinity, Practical [PSU]
# name 11 = sbeox0ML/L: Oxygen, SBE 43 [ml/l], WS = 2
# name 12 = sbeox0PS: Oxygen, SBE 43 [% saturation], WS = 2
# name 13 = flag: flag
# span 0 =          1,       3324       
# span 1 =      0.509,     45.440       
# span 2 =     7.7527,    18.3995       
# span 3 =   2.490384,   3.377505       
# span 4 =     0.5491,     2.9018       
# span 5 =     0.2240,     9.1984       
# span 6 =  4.3661581,  5.2264099       
# span 7 =    66.4051,    96.7015       
# span 8 =      0.504,     45.013       
# span 9 =     7.7509,    18.3989       
# span 10 =    17.6906,    31.9117      
# span 11 =     0.1253,     6.0962      
# span 12 =      1.882,    103.060      
# span 13 = 0.0000e+00, 0.0000e+00      
# interval = seconds: 0.0416667
# start_time = Sep 06 2023 09:20:12 [NMEA time, header]
# bad_flag = -9.990e-29
*END*
[from data line 2994]
       2995     42.430     8.5049   3.376846     0.5526     1.4145  4.3815532    94.8907     42.031     8.5007    31.9049     0.1338      2.009 0.0000e+00
       2996     42.440     8.5049   3.376845     0.5525     1.4145  4.3814066    94.8913     42.041     8.5007    31.9048     0.1335      2.005 0.0000e+00
       2997     42.451     8.5048   3.376842     0.5525     1.4145  4.3813676    94.8942     42.052     8.5006    31.9049     0.1335      2.006 0.0000e+00
       2998     42.461     8.5048   3.376840     0.5525     1.4328  4.3814361    94.8994     42.062     8.5006    31.9049     0.1335      2.006 0.0000e+00
       2999     42.471     8.5048   3.376839     0.5525     1.4145  4.3816125    94.9059     42.072     8.5006    31.9049     0.1336      2.006 0.0000e+00
       3000     42.482     8.5047   3.376836     0.5525     1.4328  4.3818981    94.9126     42.083     8.5005    31.9049     0.1336      2.006 0.0000e+00
       3001     42.492     8.5047   3.376834     0.5525     1.4145  4.3822948    94.9191     42.093     8.5005    31.9049     0.1336      2.007 0.0000e+00
       3002     42.502     8.5046   3.376833     0.5525     1.4328  4.3828053    94.9257     42.103     8.5004    31.9050     0.1337      2.007 0.0000e+00
       3003     42.512     8.5046   3.376831     0.5524     1.4328  4.3834333    94.9327     42.113     8.5004    31.9049     0.1334      2.004 0.0000e+00
       3004     42.523     8.5046   3.376831     0.5524     1.4145  4.3841831    94.9400     42.123     8.5004    31.9049     0.1335      2.004 0.0000e+00
       3005     42.533     8.5045   3.376829     0.5524     1.4328  4.3850599    94.9474     42.133     8.5003    31.9050     0.1335      2.005 0.0000e+00
       3006     42.543     8.5045   3.376828     0.5524     1.4145  4.3860698    94.9546     42.143     8.5003    31.9050     0.1335      2.005 0.0000e+00
       3007     42.553     8.5045   3.376828     0.5523     1.4145  4.3872198    94.9611     42.153     8.5003    31.9050     0.1332      2.001 0.0000e+00
       3008     42.563     8.5044   3.376826     0.5523     1.4328  4.3885180    94.9671     42.163     8.5002    31.9050     0.1332      2.001 0.0000e+00
       3009     42.573     8.5044   3.376826     0.5523     1.4328  4.3899734    94.9728     42.173     8.5002    31.9050     0.1332      2.001 0.0000e+00
       3010     42.583     8.5043   3.376825     0.5522     1.4145  4.3915961    94.9787     42.183     8.5001    31.9051     0.1330      1.997 0.0000e+00
       3011     42.593     8.5043   3.376824     0.5522     1.4328  4.3933124    94.9848     42.193     8.5001    31.9051     0.1330      1.998 0.0000e+00
       3012     42.602     8.5043   3.376823     0.5522     1.4145  4.3949645    94.9908     42.202     8.5001    31.9051     0.1330      1.998 0.0000e+00
       3013     42.612     8.5042   3.376822     0.5522     1.4328  4.3964787    94.9961     42.212     8.5000    31.9052     0.1330      1.998 0.0000e+00
       3014     42.622     8.5042   3.376822     0.5522     1.4328  4.3978658    95.0004     42.222     8.5000    31.9052     0.1330      1.998 0.0000e+00
       3015     42.632     8.5042   3.376821     0.5522     1.4328  4.3991354    95.0033     42.231     8.5000    31.9051     0.1330      1.998 0.0000e+00
       3016     42.642     8.5041   3.376820     0.5521     1.4145  4.4002962    95.0048     42.241     8.4999    31.9052     0.1327      1.994 0.0000e+00
       3017     42.651     8.5041   3.376819     0.5521     1.4328  4.4013563    95.0050     42.250     8.4999    31.9052     0.1328      1.994 0.0000e+00
       3018     42.661     8.5041   3.376819     0.5521     1.4328  4.4023232    95.0037     42.260     8.4999    31.9052     0.1328      1.995 0.0000e+00
       3019     42.671     8.5040   3.376818     0.5521     1.4328  4.4032036    95.0009     42.270     8.4998    31.9053     0.1329      1.995 0.0000e+00
       3020     42.680     8.5040   3.376817     0.5521     1.4145  4.4040035    94.9964     42.279     8.4998    31.9053     0.1329      1.996 0.0000e+00
       3021     42.690     8.5040   3.376817     0.5521     1.4145  4.4047286    94.9903     42.289     8.4998    31.9053     0.1329      1.996 0.0000e+00
       3022     42.699     8.5039   3.376815     0.5520     1.4145  4.4053838    94.9831     42.298     8.4997    31.9053     0.1326      1.992 0.0000e+00
       3023     42.709     8.5039   3.376814     0.5520     1.4145  4.4059738    94.9755     42.308     8.4997    31.9053     0.1327      1.993 0.0000e+00
       3024     42.718     8.5039   3.376814     0.5520     1.4328  4.4065027    94.9677     42.317     8.4997    31.9053     0.1327      1.993 0.0000e+00
       3025     42.728     8.5039   3.376813     0.5520     1.4328  4.4069740    94.9598     42.326     8.4997    31.9053     0.1328      1.994 0.0000e+00
       3026     42.737     8.5038   3.376810     0.5520     1.4328  4.4073912    94.9516     42.335     8.4996    31.9053     0.1328      1.995 0.0000e+00
       3027     42.746     8.5038   3.376810     0.5520     1.4145  4.4077571    94.9430     42.344     8.4996    31.9053     0.1329      1.996 0.0000e+00
       3028     42.756     8.5038   3.376809     0.5520     1.4511  4.4080742    94.9336     42.354     8.4996    31.9053     0.1329      1.996 0.0000e+00
       3029     42.765     8.5037   3.376807     0.5519     1.4145  4.4083448    94.9236     42.363     8.4995    31.9054     0.1326      1.992 0.0000e+00
       3030     42.774     8.5037   3.376807     0.5519     1.4145  4.4085708    94.9133     42.372     8.4995    31.9054     0.1327      1.992 0.0000e+00
       3031     42.784     8.5037   3.376807     0.5519     1.4145  4.4087536    94.9040     42.382     8.4995    31.9054     0.1327      1.993 0.0000e+00
       3032     42.793     8.5036   3.376806     0.5519     1.4145  4.4088947    94.8975     42.391     8.4994    31.9055     0.1327      1.993 0.0000e+00
       3033     42.802     8.5036   3.376806     0.5519     1.4328  4.4089949    94.8950     42.400     8.4993    31.9055     0.1327      1.993 0.0000e+00
       3034     42.812     8.5036   3.376805     0.5519     1.4145  4.4090550    94.8971     42.410     8.4993    31.9054     0.1327      1.993 0.0000e+00
       3035     42.821     8.5035   3.376805     0.5519     1.4328  4.4090753    94.9032     42.419     8.4992    31.9055     0.1327      1.993 0.0000e+00
       3036     42.830     8.5035   3.376804     0.5519     1.4328  4.4090561    94.9121     42.428     8.4992    31.9055     0.1327      1.993 0.0000e+00
       3037     42.839     8.5035   3.376804     0.5519     1.4511  4.4089972    94.9225     42.436     8.4992    31.9055     0.1327      1.993 0.0000e+00
       3038     42.849     8.5034   3.376803     0.5518     1.4328  4.4088981    94.9334     42.446     8.4991    31.9056     0.1324      1.988 0.0000e+00
       3039     42.858     8.5034   3.376803     0.5518     1.4328  4.4087583    94.9439     42.455     8.4991    31.9056     0.1324      1.989 0.0000e+00
       3040     42.867     8.5034   3.376802     0.5518     1.4328  4.4085767    94.9538     42.464     8.4991    31.9056     0.1324      1.989 0.0000e+00
       3041     42.877     8.5033   3.376802     0.5518     1.4511  4.4083520    94.9634     42.474     8.4990    31.9056     0.1324      1.988 0.0000e+00
       3042     42.886     8.5033   3.376801     0.5518     1.4328  4.4080827    94.9736     42.483     8.4990    31.9056     0.1324      1.988 0.0000e+00
       3043     42.895     8.5033   3.376801     0.5518     1.4328  4.4077669    94.9856     42.492     8.4990    31.9056     0.1324      1.988 0.0000e+00
       3044     42.904     8.5032   3.376801     0.5518     1.4328  4.4074025    94.9995     42.501     8.4989    31.9057     0.1323      1.987 0.0000e+00
       3045     42.914     8.5032   3.376801     0.5517     1.4328  4.4069868    95.0149     42.511     8.4989    31.9057     0.1320      1.983 0.0000e+00
       3046     42.923     8.5032   3.376801     0.5517     1.4328  4.4065171    95.0308     42.520     8.4989    31.9057     0.1320      1.983 0.0000e+00
       3047     42.932     8.5032   3.376801     0.5517     1.4328  4.4059899    95.0464     42.529     8.4989    31.9057     0.1319      1.981 0.0000e+00
       3048     42.941     8.5032   3.376801     0.5517     1.4328  4.4054018    95.0611     42.537     8.4989    31.9057     0.1319      1.980 0.0000e+00
       3049     42.951     8.5031   3.376801     0.5517     1.4511  4.4047485    95.0745     42.547     8.4988    31.9058     0.1318      1.980 0.0000e+00
       3050     42.960     8.5031   3.376801     0.5517     1.4328  4.4040255    95.0868     42.556     8.4988    31.9058     0.1317      1.978 0.0000e+00
       3051     42.969     8.5031   3.376801     0.5516     1.4328  4.4032278    95.0979     42.565     8.4988    31.9058     0.1314      1.973 0.0000e+00
       3052     42.978     8.5031   3.376801     0.5516     1.4511  4.4023499    95.1076     42.574     8.4988    31.9058     0.1313      1.972 0.0000e+00
       3053     42.987     8.5031   3.376802     0.5516     1.4328  4.4013856    95.1158     42.583     8.4988    31.9058     0.1313      1.972 0.0000e+00
       3054     42.996     8.5031   3.376803     0.5516     1.4511  4.4003282    95.1223     42.592     8.4988    31.9058     0.1312      1.971 0.0000e+00
       3055     43.006     8.5030   3.376803     0.5516     1.4328  4.3991704    95.1274     42.602     8.4987    31.9059     0.1312      1.970 0.0000e+00
       3056     43.015     8.5030   3.376803     0.5515     1.4328  4.3979041    95.1316     42.611     8.4987    31.9059     0.1309      1.965 0.0000e+00
       3057     43.024     8.5030   3.376805     0.5515     1.4328  4.3965206    95.1353     42.620     8.4987    31.9059     0.1308      1.965 0.0000e+00
       3058     43.033     8.5030   3.376806     0.5515     1.4328  4.3950101    95.1386     42.629     8.4987    31.9059     0.1308      1.965 0.0000e+00
       3059     43.043     8.5030   3.376807     0.5515     1.4328  4.3933622    95.1416     42.639     8.4987    31.9059     0.1308      1.964 0.0000e+00
       3060     43.052     8.5030   3.376808     0.5515     1.4328  4.3915654    95.1441     42.647     8.4987    31.9059     0.1308      1.964 0.0000e+00
       3061     43.062     8.5030   3.376809     0.5515     1.4328  4.3896922    95.1460     42.657     8.4987    31.9059     0.1308      1.964 0.0000e+00
       3062     43.071     8.5029   3.376811     0.5515     1.4145  4.3878994    95.1475     42.666     8.4986    31.9060     0.1308      1.964 0.0000e+00
       3063     43.081     8.5029   3.376813     0.5515     1.4145  4.3862594    95.1487     42.676     8.4986    31.9060     0.1308      1.964 0.0000e+00
       3064     43.090     8.5029   3.376815     0.5514     1.4328  4.3847609    95.1496     42.685     8.4986    31.9060     0.1305      1.960 0.0000e+00
       3065     43.099     8.5029   3.376817     0.5514     1.4328  4.3833935    95.1503     42.694     8.4986    31.9061     0.1305      1.960 0.0000e+00
       3066     43.109     8.5029   3.376819     0.5514     1.4145  4.3821476    95.1509     42.704     8.4986    31.9061     0.1305      1.960 0.0000e+00
       3067     43.118     8.5029   3.376822     0.5514     1.4145  4.3810145    95.1513     42.713     8.4986    31.9061     0.1306      1.961 0.0000e+00
       3068     43.128     8.5029   3.376826     0.5513     1.4145  4.3799864    95.1522     42.723     8.4986    31.9061     0.1303      1.957 0.0000e+00
       3069     43.137     8.5029   3.376829     0.5513     1.4328  4.3790561    95.1540     42.732     8.4986    31.9062     0.1303      1.957 0.0000e+00
       3070     43.147     8.5029   3.376832     0.5513     1.4145  4.3782172    95.1564     42.742     8.4986    31.9062     0.1303      1.957 0.0000e+00
       3071     43.157     8.5029   3.376835     0.5512     1.4328  4.3774638    95.1591     42.751     8.4986    31.9062     0.1301      1.953 0.0000e+00
       3072     43.166     8.5029   3.376839     0.5512     1.4145  4.3767907    95.1617     42.760     8.4986    31.9063     0.1301      1.954 0.0000e+00
       3073     43.176     8.5029   3.376843     0.5512     1.4145  4.3761932    95.1640     42.770     8.4986    31.9063     0.1301      1.954 0.0000e+00
       3074     43.186     8.5028   3.376847     0.5511     1.4145  4.3756671    95.1658     42.780     8.4985    31.9064     0.1299      1.951 0.0000e+00
       3075     43.195     8.5028   3.376852     0.5511     1.4328  4.3752088    95.1671     42.789     8.4985    31.9065     0.1300      1.952 0.0000e+00
       3076     43.205     8.5028   3.376856     0.5511     1.4328  4.3748150    95.1679     42.799     8.4985    31.9065     0.1300      1.953 0.0000e+00
       3077     43.215     8.5028   3.376861     0.5511     1.4328  4.3744832    95.1687     42.809     8.4985    31.9066     0.1300      1.953 0.0000e+00
       3078     43.225     8.5028   3.376865     0.5511     1.4328  4.3742108    95.1696     42.819     8.4985    31.9066     0.1301      1.953 0.0000e+00
       3079     43.235     8.5028   3.376870     0.5511     1.4145  4.3739961    95.1707     42.829     8.4985    31.9067     0.1301      1.954 0.0000e+00
       3080     43.245     8.5027   3.376875     0.5511     1.4145  4.3738376    95.1719     42.839     8.4984    31.9068     0.1302      1.955 0.0000e+00
       3081     43.255     8.5027   3.376880     0.5511     1.4328  4.3737341    95.1733     42.848     8.4984    31.9068     0.1302      1.955 0.0000e+00
       3082     43.265     8.5027   3.376885     0.5511     1.4328  4.3736849    95.1753     42.858     8.4984    31.9069     0.1302      1.956 0.0000e+00
       3083     43.275     8.5027   3.376890     0.5510     1.4145  4.3736897    95.1780     42.868     8.4984    31.9069     0.1299      1.951 0.0000e+00
       3084     43.285     8.5027   3.376895     0.5510     1.4328  4.3737486    95.1817     42.878     8.4984    31.9070     0.1300      1.952 0.0000e+00
       3085     43.296     8.5026   3.376899     0.5510     1.4145  4.3738618    95.1863     42.889     8.4983    31.9071     0.1300      1.952 0.0000e+00
       3086     43.306     8.5026   3.376906     0.5510     1.4145  4.3740303    95.1914     42.899     8.4983    31.9072     0.1300      1.953 0.0000e+00
       3087     43.316     8.5026   3.376911     0.5510     1.4145  4.3742552    95.1965     42.909     8.4983    31.9072     0.1301      1.954 0.0000e+00
       3088     43.327     8.5026   3.376916     0.5510     1.4145  4.3745380    95.2011     42.920     8.4983    31.9073     0.1302      1.955 0.0000e+00
       3089     43.337     8.5025   3.376921     0.5510     1.4328  4.3748808    95.2052     42.930     8.4982    31.9074     0.1302      1.956 0.0000e+00
       3090     43.347     8.5025   3.376926     0.5510     1.4328  4.3752859    95.2092     42.940     8.4982    31.9075     0.1303      1.956 0.0000e+00
       3091     43.358     8.5025   3.376930     0.5510     1.4328  4.3757560    95.2137     42.951     8.4982    31.9075     0.1303      1.957 0.0000e+00
       3092     43.368     8.5024   3.376935     0.5509     1.4328  4.3762946    95.2190     42.960     8.4981    31.9076     0.1300      1.953 0.0000e+00
       3093     43.379     8.5024   3.376939     0.5509     1.4328  4.3769053    95.2247     42.971     8.4981    31.9077     0.1301      1.953 0.0000e+00
       3094     43.390     8.5024   3.376943     0.5509     1.4145  4.3775924    95.2303     42.982     8.4981    31.9077     0.1301      1.954 0.0000e+00
       3095     43.401     8.5024   3.376947     0.5509     1.4145  4.3783607    95.2355     42.993     8.4981    31.9077     0.1301      1.954 0.0000e+00
       3096     43.411     8.5023   3.376951     0.5509     1.4328  4.3792155    95.2405     43.003     8.4980    31.9079     0.1301      1.954 0.0000e+00
