code/data/2023/2023_wed/06CTD04.cnv
* Sea-Bird SBE 9 Data File:
* FileName = C:\Users\ctd-user\Desktop\CTD_data\2023\MAR440 Sept 2023\06CTD04.hex
* Software Version Seasave V 7.26.2.13
* Temperature SN = 4493
* Conductivity SN = 1899
* Number of Bytes Per Scan = 37
* Number of Voltage Words = 4
* Number of Scans Averaged by the Deck Unit = 1
* NMEA Latitude = 58 19.93 N
* NMEA Longitude = 011 52.25 E
* NMEA UTC (Time) = Sep 06 2023 09:20:12
* NMEA baud rate = 4800
** Ship:
** Station:
** Operator:
# nquan = 14                                
# nvalues = 3324                        
# units = specified
# name 0 = scan: Scan Count
# name 1 = prDM: Pressure, Digiquartz [db]
# name 2 = t090C: Temperature [ITS-90, deg C]
# name 3 = c0S/m: Conductivity [S/m]
# name 4 = sbeox0V: Oxygen raw, SBE 43 [V]
# name 5 = flECO-AFL: Fluorescence, WET Labs ECO-AFL/FL [mg/m^3]
# name 6 = upoly0: Upoly 0, Turbidity
# name 7 = xmiss: Beam Transmission, Chelsea/Seatech [%]
# name 8 = depSM: Depth [salt water, m], lat = 58.3322
# name 9 = potemp090C: Potential Temperature [ITS-90, deg C]
# name 10 = sal00: Salinity, Practical [PSU]
# name 11 = sbeox0ML/L: Oxygen, SBE 43 [ml/l], WS = 2
# name 12 = sbeox0PS: Oxygen, SBE 43 [% saturation], WS = 2
# name 13 = flag: flag
# span 0 =          1,       3324       
# span 1 =      0.509,     45.440       
# span 2 =     7.7527,    18.3995       
# span 3 =   2.490384,   3.377505       
# span 4 =     0.5491,     2.9018       
# span 5 =     0.2240,     9.1984       
# span 6 =  4.3661581,  5.2264099       
# span 7 =    66.4051,    96.7015       
# span 8 =      0.504,     45.013       
# span 9 =     7.7509,    18.3989       
# span 10 =    17.6906,    31.9117      
# span 11 =     0.1253,     6.0962      
# span 12 =      1.882,    103.060      
# span 13 = 0.0000e+00, 0.0000e+00      
# interval = seconds: 0.0416667
# start_time = Sep 06 2023 09:20:12 [NMEA time, header]
# bad_flag = -9.990e-29
*END*
[from data line 723]
        724      1.392    18.3409   2.507397     2.9017     7.7332  5.0067905    72.5761      1.379    18.3407    17.7754     6.0874    102.894 -9.990e-29
        725      1.391    18.3409   2.507507     2.9017     7.7332  5.0073073    72.5860      1.378    18.3407    17.7762     6.0871    102.888 -9.990e-29
        726      1.390    18.3410   2.507620     2.9016     7.7332  5.0078689    72.5951      1.377    18.3408    17.7771     6.0864    102.878 -9.990e-29
        727      1.389    18.3410   2.507736     2.9016     7.7515  5.0084794    72.6033      1.376    18.3408    17.7780     6.0860    102.871 -9.990e-29
        728      1.388    18.3411   2.507854     2.9015     7.7332  5.0091431    72.6104      1.375    18.3409    17.7788     6.0853    102.860 -9.990e-29
        729      1.387    18.3411   2.507970     2.9015     7.7332  5.0098644    72.6164      1.374    18.3409    17.7797     6.0849    102.854 -9.990e-29
        730      1.387    18.3412   2.508084     2.9014     7.7332  5.0106485    72.6219      1.374    18.3410    17.7806     6.0842    102.843 -9.990e-29
        731      1.386    18.3412   2.508193     2.9013     7.6965  5.0115008    72.6273      1.373    18.3410    17.7814     6.0836    102.833 -9.990e-29
        732      1.385    18.3413   2.508297     2.9013     7.7332  5.0124273    72.6327      1.372    18.3411    17.7822     6.0832    102.827 -9.990e-29
        733      1.385    18.3413   2.508395     2.9012     7.7515  5.0134343    72.6379      1.372    18.3411    17.7829     6.0826    102.817 -9.990e-29
        734      1.384    18.3414   2.508486     2.9011     7.7332  5.0145289    72.6427      1.371    18.3412    17.7836     6.0819    102.807 -9.990e-29
        735      1.384    18.3414   2.508569     2.9010     7.7515  5.0157187    72.6466      1.371    18.3412    17.7843     6.0813    102.797 -9.990e-29
        736      1.383    18.3415   2.508645     2.9010     7.7332  5.0170119    72.6494      1.370    18.3413    17.7848     6.0810    102.792 -9.990e-29
        737      1.383    18.3415   2.508716     2.9009     7.7332  5.0184176    72.6513      1.370    18.3413    17.7854     6.0804    102.783 -9.990e-29
        738      1.383    18.3416   2.508786     2.9008     7.7515  5.0199456    72.6525      1.370    18.3414    17.7859     6.0798    102.773 -9.990e-29
        739      1.382    18.3417   2.508859     2.9007     7.6782  5.0216064    72.6534      1.369    18.3415    17.7864     6.0793    102.764 -9.990e-29
        740      1.382    18.3417   2.508935     2.9006     7.1837  5.0233267    72.6540      1.369    18.3415    17.7870     6.0787    102.755 -9.990e-29
        741      1.382    18.3418   2.509017     2.9005     6.9273  5.0249486    72.6540      1.369    18.3416    17.7876     6.0781    102.746 -9.990e-29
        742      1.382    18.3418   2.509107     2.9004     6.9090  5.0263985    72.6531      1.369    18.3416    17.7883     6.0776    102.738 -9.990e-29
        743      1.382    18.3419   2.509207     2.9003     6.9273  5.0276863    72.6520      1.369    18.3417    17.7890     6.0771    102.730 -9.990e-29
        744      1.382    18.3419   2.509316     2.9002     6.9456  5.0288211    72.6517      1.369    18.3417    17.7898     6.0766    102.722 -9.990e-29
        745      1.382    18.3420   2.509435     2.9001     6.9273  5.0298107    72.6524      1.369    18.3418    17.7907     6.0761    102.714 -9.990e-29
        746      1.382    18.3420   2.509563     2.8999     6.9456  5.0306621    72.6539      1.369    18.3418    17.7917     6.0753    102.702 -9.990e-29
        747      1.383    18.3421   2.509699     2.8998     6.9456  5.0313812    72.6560      1.370    18.3419    17.7927     6.0748    102.694 -9.990e-29
        748      1.383    18.3421   2.509842     2.8997     6.9456  5.0319729    72.6586      1.370    18.3419    17.7938     6.0743    102.686 -9.990e-29
        749      1.383    18.3421   2.509992     2.8996     6.9456  5.0324414    72.6612      1.370    18.3419    17.7950     6.0738    102.678 -9.990e-29
        750      1.384    18.3422   2.510148     2.8995     6.9456  5.0327900    72.6630      1.371    18.3420    17.7962     6.0733    102.671 -9.990e-29
        751      1.384    18.3422   2.510310     2.8993     6.9273  5.0330210    72.6633      1.371    18.3420    17.7974     6.0726    102.659 -9.990e-29
        752      1.385    18.3422   2.510476     2.8992     6.9273  5.0331361    72.6612      1.372    18.3420    17.7987     6.0721    102.651 -9.990e-29
        753      1.386    18.3422   2.510647     2.8991     6.9456  5.0331361    72.6560      1.373    18.3420    17.8001     6.0716    102.643 -9.990e-29
        754      1.387    18.3423   2.510818     2.8990     6.9273  5.0330210    72.6470      1.374    18.3421    17.8013     6.0710    102.636 -9.990e-29
        755      1.387    18.3423   2.510988     2.8989     6.9456  5.0327899    72.6343      1.374    18.3421    17.8027     6.0705    102.628 -9.990e-29
        756      1.388    18.3423   2.511155     2.8988     6.9273  5.0324413    72.6184      1.375    18.3421    17.8040     6.0700    102.619 -9.990e-29
        757      1.389    18.3423   2.511318     2.8987     6.9456  5.0319728    72.5997      1.376    18.3421    17.8052     6.0694    102.611 -9.990e-29
        758      1.390    18.3423   2.511476     2.8986     6.9456  5.0313810    72.5786      1.377    18.3421    17.8065     6.0689    102.602 -9.990e-29
        759      1.391    18.3423   2.511628     2.8985     6.9456  5.0306619    72.5553      1.378    18.3421    17.8076     6.0683    102.593 -9.990e-29
        760      1.392    18.3423   2.511777     2.8984     6.9273  5.0298105    72.5301      1.379    18.3421    17.8088     6.0677    102.584 -9.990e-29
        761      1.393    18.3423   2.511922     2.8982     6.9456  5.0288208    72.5035      1.380    18.3421    17.8099     6.0669    102.571 -9.990e-29
        762      1.394    18.3423   2.512064     2.8981     6.9456  5.0276860    72.4752      1.381    18.3421    17.8110     6.0663    102.562 -9.990e-29
        763      1.395    18.3423   2.512203     2.8980     6.9456  5.0263981    72.4450      1.382    18.3421    17.8121     6.0657    102.552 -9.990e-29
        764      1.396    18.3423   2.512339     2.8979     6.9456  5.0249483    72.4123      1.383    18.3421    17.8132     6.0651    102.542 -9.990e-29
        765      1.398    18.3423   2.512474     2.8977     6.9639  5.0233263    72.3764      1.385    18.3421    17.8142     6.0642    102.528 -9.990e-29
        766      1.399    18.3423   2.512609     2.8976     6.9273  5.0216059    72.3366      1.386    18.3421    17.8153     6.0635    102.517 -9.990e-29
        767      1.400    18.3422   2.512741     2.8975     6.9090  5.0199451    72.2925      1.387    18.3420    17.8163     6.0628    102.506 -9.990e-29
        768      1.402    18.3422   2.512875     2.8973     6.9456  5.0184170    72.2438      1.389    18.3420    17.8174     6.0618    102.489 -9.990e-29
        769      1.403    18.3422   2.513009     2.8972     6.9090  5.0170113    72.1905      1.390    18.3420    17.8184     6.0610    102.477 -9.990e-29
        770      1.405    18.3422   2.513144     2.8970     6.9090  5.0157180    72.1322      1.392    18.3420    17.8195     6.0600    102.459 -9.990e-29
        771      1.406    18.3421   2.513282     2.8969     6.9090  5.0145281    72.0686      1.393    18.3419    17.8206     6.0591    102.445 -9.990e-29
        772      1.408    18.3421   2.513424     2.8967     6.9273  5.0134335    71.9991      1.395    18.3419    17.8217     6.0579    102.426 -9.990e-29
        773      1.409    18.3421   2.513571     2.8965     6.9273  5.0124264    71.9232      1.396    18.3419    17.8228     6.0567    102.405 -9.990e-29
        774      1.411    18.3420   2.513721     2.8963     6.9273  5.0114999    71.8405      1.398    18.3418    17.8240     6.0554    102.384 -9.990e-29
        775      1.413    18.3420   2.513874     2.8962     6.9090  5.0106475    71.7544      1.400    18.3418    17.8252     6.0542    102.366 -9.990e-29
        776      1.415    18.3420   2.514027     2.8960     6.9273  5.0098633    71.6783      1.402    18.3418    17.8264     6.0528    102.342 -9.990e-29
        777      1.417    18.3420   2.514180     2.8958     6.9090  5.0091418    71.6310      1.404    18.3418    17.8276     6.0513    102.317 -9.990e-29
        778      1.419    18.3419   2.514331     2.8956     6.9273  5.0084780    71.6208      1.406    18.3417    17.8288     6.0497    102.292 -9.990e-29
        779      1.421    18.3419   2.514482     2.8954     6.9090  5.0078674    71.6419      1.408    18.3417    17.8300     6.0481    102.265 -9.990e-29
        780      1.423    18.3419   2.514630     2.8951     6.9273  5.0073056    71.6842      1.410    18.3417    17.8311     6.0461    102.232 -9.990e-29
        781      1.426    18.3419   2.514777     2.8949     6.8724  5.0067887    71.7393      1.413    18.3417    17.8323     6.0444    102.203 -9.990e-29
        782      1.428    18.3418   2.514921     2.8947     6.9273  5.0063132    71.8015      1.415    18.3416    17.8334     6.0425    102.172 -9.990e-29
        783      1.431    18.3418   2.515065     2.8944     6.9090  5.0058757    71.8674      1.418    18.3416    17.8346     6.0403    102.135 -9.990e-29
        784      1.433    18.3418   2.515207     2.8942     6.9273  5.0054733    71.9345      1.420    18.3416    17.8357     6.0383    102.102 -9.990e-29
        785      1.436    18.3418   2.515347     2.8939     6.9090  5.0051030    72.0010      1.423    18.3416    17.8368     6.0359    102.063 -9.990e-29
        786      1.438    18.3417   2.515486     2.8937     6.9090  5.0047624    72.0658      1.425    18.3415    17.8379     6.0337    102.025 -9.990e-29
        787      1.441    18.3417   2.515624     2.8934     6.9273  5.0044490    72.1280      1.428    18.3415    17.8389     6.0311    101.982 -9.990e-29
        788      1.444    18.3417   2.515761     2.8931     6.9090  5.0041606    72.1872      1.431    18.3415    17.8400     6.0284    101.938 -9.990e-29
        789      1.447    18.3416   2.515897     2.8928     6.9639  5.0038954    72.2432      1.434    18.3414    17.8411     6.0256    101.891 -9.990e-29
        790      1.450    18.3416   2.516036     2.8925     6.9273  5.0036513    72.2960      1.437    18.3414    17.8422     6.0227    101.843 -9.990e-29
        791      1.453    18.3416   2.516178     2.8921     6.9090  5.0034268    72.3453      1.439    18.3414    17.8433     6.0195    101.788 -9.990e-29
        792      1.457    18.3415   2.516322     2.8917     6.9090  5.0032203    72.3909      1.443    18.3413    17.8445     6.0161    101.732 -9.990e-29
        793      1.460    18.3415   2.516470     2.8913     6.8907  5.0030302    72.4328      1.446    18.3413    17.8456     6.0126    101.673 -9.990e-29
        794      1.464    18.3415   2.516620     2.8909     6.8907  5.0028554    72.4711      1.450    18.3413    17.8468     6.0090    101.614 -9.990e-29
        795      1.468    18.3414   2.516770     2.8904     6.9090  5.0026946    72.5063      1.454    18.3412    17.8480     6.0051    101.547 -9.990e-29
        796      1.472    18.3414   2.516920     2.8899     6.8907  5.0025466    72.5387      1.458    18.3412    17.8491     6.0010    101.479 -9.990e-29
        797      1.476    18.3413   2.517069     2.8894     6.8907  5.0024105    72.5689      1.462    18.3411    17.8503     5.9969    101.410 -9.990e-29
        798      1.480    18.3413   2.517213     2.8888     6.8907  5.0022852    72.5975      1.466    18.3411    17.8515     5.9924    101.334 -9.990e-29
        799      1.484    18.3412   2.517355     2.8882     6.9090  5.0021700    72.6249      1.470    18.3410    17.8526     5.9877    101.256 -9.990e-29
        800      1.489    18.3412   2.517495     2.8876     6.8907  5.0020640    72.6512      1.475    18.3410    17.8537     5.9830    101.177 -9.990e-29
        801      1.494    18.3411   2.517631     2.8870     6.8907  5.0019665    72.6761      1.480    18.3409    17.8548     5.9782    101.097 -9.990e-29
        802      1.499    18.3410   2.517764     2.8863     6.9090  5.0018767    72.6995      1.485    18.3408    17.8559     5.9731    101.011 -9.990e-29
        803      1.505    18.3410   2.517895     2.8856     6.9090  5.0017942    72.7210      1.491    18.3408    17.8569     5.9679    100.923 -9.990e-29
        804      1.511    18.3409   2.518024     2.8848     6.8907  5.0017182    72.7405      1.497    18.3407    17.8579     5.9624    100.830 -9.990e-29
        805      1.517    18.3409   2.518153     2.8840     6.9090  5.0016484    72.7580      1.503    18.3407    17.8589     5.9567    100.735 -9.990e-29
        806      1.523    18.3408   2.518282     2.8832     6.9090  5.0015841    72.7735      1.509    18.3406    17.8600     5.9510    100.639 -9.990e-29
        807      1.530    18.3407   2.518414     2.8823     6.8907  5.0015249    72.7875      1.516    18.3405    17.8610     5.9450    100.538 -9.990e-29
        808      1.537    18.3407   2.518547     2.8814     6.9090  5.0014705    72.8003      1.523    18.3405    17.8621     5.9389    100.436 -9.990e-29
        809      1.544    18.3406   2.518682     2.8804     6.9090  5.0014205    72.8121      1.530    18.3404    17.8632     5.9326    100.329 -9.990e-29
        810      1.552    18.3406   2.518819     2.8793     6.8907  5.0013744    72.8234      1.538    18.3404    17.8642     5.9259    100.217 -9.990e-29
        811      1.560    18.3405   2.518957     2.8782     6.8907  5.0013321    72.8344      1.545    18.3403    17.8654     5.9192    100.104 -9.990e-29
        812      1.568    18.3405   2.519096     2.8771     6.8907  5.0012931    72.8452      1.553    18.3403    17.8664     5.9125     99.991 -9.990e-29
        813      1.577    18.3405   2.519239     2.8759     6.8907  5.0012572    72.8556      1.562    18.3403    17.8675     5.9055     99.873 0.0000e+00
        814      1.586    18.3405   2.519388     2.8747     6.9090  5.0012243    72.8655      1.571    18.3403    17.8687     5.8985     99.755 0.0000e+00
        815      1.595    18.3406   2.519547     2.8734     6.9090  5.0011939    72.8749      1.580    18.3404    17.8699     5.8912     99.633 0.0000e+00
        816      1.604    18.3407   2.519713     2.8720     6.7808  5.0011660    72.8839      1.589    18.3405    17.8711     5.8837     99.506 0.0000e+00
        817      1.614    18.3408   2.519884     2.8707     6.5793  5.0011403    72.8926      1.599    18.3406    17.8724     5.8764     99.384 0.0000e+00
        818      1.624    18.3410   2.520061     2.8693     6.5244  5.0011167    72.9010      1.609    18.3407    17.8737     5.8688     99.257 0.0000e+00
        819      1.635    18.3412   2.520244     2.8678     6.5244  5.0010949    72.9089      1.620    18.3409    17.8750     5.8610     99.126 0.0000e+00
        820      1.645    18.3414   2.520432     2.8663     6.5244  5.0010749    72.9164      1.630    18.3411    17.8764     5.8532     98.996 0.0000e+00
        821      1.656    18.3417   2.520625     2.8648     6.5427  5.0010565    72.9249      1.641    18.3414    17.8778     5.8454     98.865 0.0000e+00
        822      1.667    18.3419   2.520823     2.8632     6.5427  5.0010396    72.9367      1.652    18.3416    17.8792     5.8374     98.731 0.0000e+00
        823      1.679    18.3422   2.521028     2.8616     6.5427  5.0010240    72.9537      1.663    18.3419    17.8807     5.8294     98.597 0.0000e+00
        824      1.690    18.3424   2.521241     2.8599     6.5244  5.0010097    72.9756      1.674    18.3421    17.8823     5.8212     98.459 0.0000e+00
        825      1.701    18.3427   2.521466     2.8582     6.5427  5.0009965    73.0017      1.685    18.3424    17.8839     5.8130     98.322 0.0000e+00
