code/data/2023/2023_wed/06CTD12.cnv
* Sea-Bird SBE 9 Data File:
* FileName = C:\Users\ctd-user\Desktop\CTD_data\2023\MAR440 Sept 2023\06CTD12.hex
* Software Version Seasave V 7.26.2.13
* Temperature SN = 4493
* Conductivity SN = 1899
* Number of Bytes Per Scan = 37
* Number of Voltage Words = 4
* Number of Scans Averaged by the Deck Unit = 1
* NMEA Latitude = 58 19.43 N
* NMEA Longitude = 011 45.37 E
* NMEA UTC (Time) = Sep 06 2023 11:10:51
* NMEA baud rate = 4800
** Ship:
** Station:
** Operator:
# nquan = 14                                
# nvalues = 1636                        
# units = specified
# name 0 = scan: Scan Count
# name 1 = prDM: Pressure, Digiquartz [db]
# name 2 = t090C: Temperature [ITS-90, deg C]
# name 3 = c0S/m: Conductivity [S/m]
# name 4 = sbeox0V: Oxygen raw, SBE 43 [V]
# name 5 = flECO-AFL: Fluorescence, WET Labs ECO-AFL/FL [mg/m^3]
# name 6 = upoly0: Upoly 0, Turbidity
# name 7 = xmiss: Beam Transmission, Chelsea/Seatech [%]
# name 8 = depSM: Depth [salt water, m], lat = 58.3238
# name 9 = potemp090C: Potential Temperature [ITS-90, deg C]
# name 10 = sal00: Salinity, Practical [PSU]
# name 11 = sbeox0ML/L: Oxygen, SBE 43 [ml/l], WS = 2
# name 12 = sbeox0PS: Oxygen, SBE 43 [% saturation], WS = 2
# name 13 = flag: flag
# span 0 =          1,       1636       
# span 1 =      1.293,     16.965       
# span 2 =    13.7279,    18.3781       
# span 3 =   2.837246,   3.393969       
# span 4 =     0.8124,     2.8085       
# span 5 =     0.2057,     3.4291       
# span 6 =  4.5199434,  5.4510920       
# span 7 =    75.7398,    96.1437       
# span 8 =      1.281,     16.807       
# span 9 =    13.7257,    18.3776       
# span 10 =    20.3513,    27.6575      
# span 11 =     0.7860,     5.7632      
# span 12 =     12.888,     99.035      
# span 13 = 0.0000e+00, 0.0000e+00      
# interval = seconds: 0.0416667
# start_time = Sep 06 2023 11:10:51 [NMEA time, header]
# bad_flag = -9.990e-29
*END*
[from data line 620]
        621      1.294    18.3621   2.851962     2.8057     3.2277  5.1175701    78.9116      1.282    18.3619    20.4641     5.7459     98.736 -9.990e-29
        622      1.295    18.3621   2.851973     2.8056     3.2277  5.1190060    78.9095      1.283    18.3619    20.4642     5.7456     98.730 -9.990e-29
        623      1.295    18.3621   2.851983     2.8056     3.2277  5.1202445    78.9078      1.283    18.3619    20.4643     5.7455     98.729 -9.990e-29
        624      1.296    18.3622   2.851995     2.8055     3.2277  5.1212944    78.9063      1.284    18.3620    20.4644     5.7451     98.723 -9.990e-29
        625      1.296    18.3622   2.852005     2.8054     3.2277  5.1221630    78.9050      1.284    18.3620    20.4644     5.7448     98.718 -9.990e-29
        626      1.297    18.3623   2.852017     2.8054     3.2277  5.1228562    78.9041      1.285    18.3621    20.4645     5.7447     98.716 -9.990e-29
        627      1.298    18.3624   2.852029     2.8053     3.2277  5.1233789    78.9043      1.286    18.3622    20.4645     5.7444     98.711 -9.990e-29
        628      1.298    18.3626   2.852041     2.8052     3.2277  5.1237348    78.9059      1.286    18.3624    20.4645     5.7441     98.705 -9.990e-29
        629      1.299    18.3627   2.852054     2.8052     3.2277  5.1239262    78.9092      1.287    18.3625    20.4646     5.7440     98.705 -9.990e-29
        630      1.300    18.3629   2.852067     2.8051     3.2277  5.1239547    78.9138      1.288    18.3627    20.4646     5.7437     98.699 -9.990e-29
        631      1.301    18.3630   2.852080     2.8050     3.2460  5.1238202    78.9195      1.289    18.3628    20.4646     5.7434     98.694 -9.990e-29
        632      1.301    18.3632   2.852095     2.8049     3.2277  5.1235220    78.9261      1.289    18.3630    20.4647     5.7431     98.690 -9.990e-29
        633      1.302    18.3635   2.852109     2.8049     3.2277  5.1230579    78.9336      1.290    18.3633    20.4646     5.7430     98.689 -9.990e-29
        634      1.303    18.3637   2.852125     2.8048     3.2277  5.1224247    78.9415      1.291    18.3635    20.4646     5.7427     98.684 -9.990e-29
        635      1.304    18.3640   2.852140     2.8048     3.2460  5.1216180    78.9493      1.292    18.3638    20.4646     5.7427     98.684 -9.990e-29
        636      1.305    18.3643   2.852156     2.8047     3.2460  5.1206323    78.9565      1.293    18.3641    20.4646     5.7424     98.680 -9.990e-29
        637      1.306    18.3646   2.852172     2.8046     3.2460  5.1194605    78.9628      1.294    18.3644    20.4646     5.7421     98.676 -9.990e-29
        638      1.308    18.3650   2.852189     2.8046     3.2277  5.1180946    78.9686      1.296    18.3648    20.4645     5.7421     98.677 -9.990e-29
        639      1.309    18.3653   2.852206     2.8045     3.2277  5.1165251    78.9742      1.297    18.3651    20.4645     5.7419     98.673 -9.990e-29
        640      1.310    18.3656   2.852222     2.8045     3.2094  5.1148260    78.9800      1.298    18.3654    20.4645     5.7419     98.675 -9.990e-29
        641      1.311    18.3659   2.852239     2.8044     3.1910  5.1131554    78.9864      1.299    18.3657    20.4645     5.7418     98.672 -9.990e-29
        642      1.313    18.3661   2.852256     2.8044     3.1910  5.1115865    78.9937      1.301    18.3659    20.4645     5.7418     98.674 -9.990e-29
        643      1.314    18.3663   2.852274     2.8043     3.2094  5.1101085    79.0018      1.302    18.3661    20.4645     5.7417     98.672 -9.990e-29
        644      1.315    18.3665   2.852290     2.8042     3.1910  5.1087111    79.0103      1.303    18.3663    20.4646     5.7416     98.671 -9.990e-29
        645      1.317    18.3667   2.852307     2.8042     3.1910  5.1073845    79.0190      1.305    18.3665    20.4646     5.7418     98.674 -9.990e-29
        646      1.318    18.3668   2.852324     2.8041     3.1910  5.1061196    79.0279      1.306    18.3666    20.4647     5.7417     98.673 -9.990e-29
        647      1.320    18.3669   2.852341     2.8040     3.2094  5.1049075    79.0369      1.308    18.3667    20.4648     5.7416     98.672 -9.990e-29
        648      1.322    18.3670   2.852357     2.8040     3.1910  5.1037398    79.0455      1.310    18.3668    20.4648     5.7419     98.677 -9.990e-29
        649      1.323    18.3671   2.852372     2.8039     3.1910  5.1026083    79.0534      1.311    18.3669    20.4649     5.7419     98.676 -9.990e-29
        650      1.325    18.3671   2.852387     2.8038     3.1910  5.1015053    79.0603      1.313    18.3669    20.4650     5.7419     98.677 -9.990e-29
        651      1.327    18.3671   2.852401     2.8038     3.1910  5.1004230    79.0668      1.315    18.3669    20.4651     5.7421     98.681 -9.990e-29
        652      1.329    18.3672   2.852414     2.8037     3.1910  5.0993540    79.0728      1.317    18.3670    20.4652     5.7422     98.682 -9.990e-29
        653      1.331    18.3671   2.852426     2.8037     3.1910  5.0982906    79.0782      1.319    18.3669    20.4653     5.7424     98.686 -9.990e-29
        654      1.333    18.3671   2.852437     2.8036     3.1910  5.0972257    79.0827      1.321    18.3669    20.4654     5.7425     98.687 -9.990e-29
        655      1.335    18.3671   2.852447     2.8036     3.1910  5.0961517    79.0864      1.323    18.3669    20.4655     5.7428     98.693 -9.990e-29
        656      1.337    18.3671   2.852456     2.8035     3.1910  5.0950612    79.0894      1.325    18.3669    20.4656     5.7428     98.693 -9.990e-29
        657      1.339    18.3671   2.852466     2.8035     3.1910  5.0939466    79.0914      1.327    18.3669    20.4656     5.7431     98.698 -9.990e-29
        658      1.341    18.3670   2.852476     2.8034     3.1910  5.0928002    79.0922      1.329    18.3668    20.4658     5.7432     98.699 -9.990e-29
        659      1.343    18.3670   2.852487     2.8034     3.1910  5.0916139    79.0917      1.331    18.3668    20.4659     5.7434     98.704 -9.990e-29
        660      1.345    18.3670   2.852497     2.8034     3.2094  5.0903796    79.0895      1.332    18.3668    20.4659     5.7437     98.709 -9.990e-29
        661      1.347    18.3669   2.852506     2.8034     3.1910  5.0890886    79.0855      1.334    18.3667    20.4661     5.7440     98.714 -9.990e-29
        662      1.349    18.3669   2.852514     2.8034     3.2094  5.0877320    79.0797      1.336    18.3667    20.4661     5.7443     98.718 -9.990e-29
        663      1.351    18.3669   2.852520     2.8034     3.1910  5.0863002    79.0728      1.338    18.3667    20.4662     5.7445     98.723 -9.990e-29
        664      1.354    18.3668   2.852525     2.8035     3.2094  5.0847835    79.0651      1.341    18.3666    20.4663     5.7450     98.731 -9.990e-29
        665      1.356    18.3668   2.852528     2.8035     3.2094  5.0831711    79.0570      1.343    18.3666    20.4663     5.7453     98.735 -9.990e-29
        666      1.358    18.3668   2.852530     2.8035     3.2277  5.0815369    79.0483      1.345    18.3666    20.4663     5.7455     98.739 -9.990e-29
        667      1.360    18.3668   2.852529     2.8036     3.2277  5.0800393    79.0395      1.347    18.3666    20.4663     5.7459     98.746 -9.990e-29
        668      1.363    18.3667   2.852527     2.8036     3.2460  5.0787528    79.0312      1.350    18.3665    20.4663     5.7461     98.750 -9.990e-29
        669      1.365    18.3667   2.852524     2.8036     3.2277  5.0776686    79.0242      1.352    18.3665    20.4663     5.7463     98.752 -9.990e-29
        670      1.367    18.3667   2.852519     2.8037     3.2277  5.0767790    79.0187      1.354    18.3665    20.4663     5.7466     98.759 -9.990e-29
        671      1.370    18.3667   2.852513     2.8037     3.2277  5.0760780    79.0146      1.357    18.3665    20.4662     5.7468     98.761 -9.990e-29
        672      1.373    18.3667   2.852504     2.8038     3.2277  5.0755605    79.0113      1.360    18.3665    20.4661     5.7471     98.767 -9.990e-29
        673      1.375    18.3668   2.852493     2.8038     3.2460  5.0752230    79.0085      1.362    18.3666    20.4660     5.7472     98.768 -9.990e-29
        674      1.378    18.3668   2.852481     2.8039     3.2277  5.0750632    79.0056      1.365    18.3666    20.4659     5.7475     98.773 -9.990e-29
        675      1.380    18.3668   2.852466     2.8039     3.2277  5.0750799    79.0030      1.367    18.3666    20.4658     5.7475     98.773 -9.990e-29
        676      1.383    18.3668   2.852450     2.8040     3.2277  5.0752733    79.0006      1.370    18.3666    20.4657     5.7478     98.778 -9.990e-29
        677      1.386    18.3668   2.852432     2.8040     3.2277  5.0756447    78.9984      1.373    18.3666    20.4655     5.7478     98.778 -9.990e-29
        678      1.388    18.3669   2.852413     2.8041     3.2460  5.0761967    78.9963      1.375    18.3667    20.4653     5.7480     98.782 -9.990e-29
        679      1.391    18.3669   2.852394     2.8041     3.2643  5.0769332    78.9943      1.378    18.3667    20.4652     5.7480     98.781 -9.990e-29
        680      1.394    18.3669   2.852373     2.8042     3.2277  5.0778591    78.9925      1.381    18.3667    20.4650     5.7482     98.785 -9.990e-29
        681      1.396    18.3670   2.852351     2.8042     3.2277  5.0789811    78.9914      1.383    18.3668    20.4648     5.7481     98.783 -9.990e-29
        682      1.399    18.3670   2.852328     2.8042     3.2277  5.0803069    78.9908      1.386    18.3668    20.4646     5.7480     98.782 -9.990e-29
        683      1.402    18.3671   2.852306     2.8042     3.2277  5.0818456    78.9906      1.389    18.3669    20.4644     5.7479     98.780 -9.990e-29
        684      1.405    18.3672   2.852280     2.8042     3.2277  5.0836082    78.9906      1.392    18.3670    20.4641     5.7478     98.778 -9.990e-29
        685      1.407    18.3672   2.852254     2.8043     3.2277  5.0856067    78.9911      1.394    18.3670    20.4639     5.7479     98.781 -9.990e-29
        686      1.410    18.3673   2.852226     2.8043     3.2277  5.0878551    78.9920      1.397    18.3671    20.4636     5.7478     98.779 -9.990e-29
        687      1.413    18.3674   2.852196     2.8043     3.2460  5.0903690    78.9930      1.400    18.3672    20.4633     5.7477     98.776 -9.990e-29
        688      1.416    18.3675   2.852167     2.8042     3.2277  5.0931659    78.9941      1.403    18.3673    20.4631     5.7473     98.770 -9.990e-29
        689      1.419    18.3676   2.852137     2.8042     3.2277  5.0962653    78.9956      1.406    18.3674    20.4628     5.7472     98.768 -9.990e-29
        690      1.422    18.3677   2.852106     2.8042     3.2460  5.0996888    78.9976      1.409    18.3675    20.4625     5.7471     98.766 -9.990e-29
        691      1.425    18.3678   2.852076     2.8042     3.1910  5.1033752    79.0000      1.412    18.3676    20.4622     5.7469     98.764 -9.990e-29
        692      1.428    18.3680   2.852045     2.8042     3.1544  5.1070953    79.0025      1.415    18.3678    20.4619     5.7468     98.762 -9.990e-29
        693      1.431    18.3681   2.852016     2.8041     3.1544  5.1106202    79.0046      1.418    18.3679    20.4616     5.7465     98.756 -9.990e-29
        694      1.434    18.3682   2.851988     2.8041     3.1544  5.1138895    79.0061      1.421    18.3680    20.4613     5.7464     98.754 -9.990e-29
        695      1.438    18.3684   2.851962     2.8041     3.1544  5.1169259    79.0072      1.425    18.3682    20.4610     5.7462     98.752 -9.990e-29
        696      1.441    18.3685   2.851936     2.8041     3.1727  5.1197506    79.0085      1.428    18.3683    20.4607     5.7461     98.750 -9.990e-29
        697      1.444    18.3687   2.851912     2.8040     3.1544  5.1223831    79.0105      1.431    18.3685    20.4605     5.7458     98.745 -9.990e-29
        698      1.448    18.3688   2.851889     2.8040     3.1361  5.1248419    79.0138      1.435    18.3686    20.4602     5.7458     98.744 -9.990e-29
        699      1.452    18.3690   2.851868     2.8040     3.1544  5.1271440    79.0191      1.439    18.3688    20.4600     5.7457     98.744 -9.990e-29
        700      1.456    18.3691   2.851848     2.8040     3.1727  5.1293054    79.0267      1.442    18.3689    20.4597     5.7457     98.743 -9.990e-29
        701      1.460    18.3693   2.851831     2.8040     3.1727  5.1313412    79.0364      1.446    18.3691    20.4595     5.7457     98.743 -9.990e-29
        702      1.465    18.3694   2.851815     2.8040     3.1544  5.1332655    79.0476      1.451    18.3692    20.4593     5.7457     98.743 -9.990e-29
        703      1.469    18.3695   2.851800     2.8040     3.1544  5.1350918    79.0597      1.455    18.3693    20.4592     5.7457     98.743 -9.990e-29
        704      1.474    18.3696   2.851787     2.8040     3.1544  5.1368326    79.0716      1.460    18.3694    20.4590     5.7457     98.744 -9.990e-29
        705      1.479    18.3697   2.851776     2.8040     3.1544  5.1385002    79.0828      1.465    18.3695    20.4589     5.7458     98.745 -9.990e-29
        706      1.484    18.3698   2.851765     2.8040     3.1544  5.1401061    79.0928      1.470    18.3696    20.4587     5.7458     98.746 -9.990e-29
        707      1.490    18.3699   2.851755     2.8040     3.1544  5.1416616    79.1015      1.476    18.3697    20.4586     5.7459     98.747 -9.990e-29
        708      1.496    18.3700   2.851747     2.8040     3.1544  5.1431773    79.1089      1.482    18.3698    20.4585     5.7459     98.748 -9.990e-29
        709      1.502    18.3701   2.851738     2.8040     3.1544  5.1446639    79.1151      1.488    18.3699    20.4584     5.7460     98.749 -9.990e-29
        710      1.509    18.3702   2.851730     2.8040     3.1727  5.1461317    79.1201      1.495    18.3700    20.4583     5.7461     98.751 -9.990e-29
        711      1.516    18.3703   2.851721     2.8040     3.1544  5.1475910    79.1240      1.502    18.3701    20.4581     5.7462     98.753 -9.990e-29
        712      1.524    18.3703   2.851712     2.8040     3.1727  5.1490518    79.1265      1.510    18.3701    20.4581     5.7463     98.755 -9.990e-29
        713      1.532    18.3703   2.851702     2.8040     3.1544  5.1505243    79.1274      1.518    18.3701    20.4580     5.7464     98.756 -9.990e-29
        714      1.541    18.3703   2.851692     2.8040     3.1544  5.1520189    79.1268      1.527    18.3701    20.4579     5.7465     98.758 0.0000e+00
        715      1.550    18.3702   2.851682     2.8040     3.1544  5.1535458    79.1249      1.536    18.3700    20.4579     5.7466     98.760 0.0000e+00
        716      1.559    18.3701   2.851673     2.8040     3.1910  5.1551157    79.1222      1.545    18.3699    20.4578     5.7468     98.762 0.0000e+00
        717      1.569    18.3699   2.851663     2.8040     3.2277  5.1567395    79.1190      1.554    18.3697    20.4579     5.7469     98.765 0.0000e+00
        718      1.580    18.3697   2.851654     2.8040     3.2277  5.1584285    79.1158      1.565    18.3695    20.4579     5.7471     98.767 0.0000e+00
        719      1.591    18.3694   2.851647     2.8040     3.2460  5.1601945    79.1125      1.576    18.3691    20.4580     5.7472     98.769 0.0000e+00
        720      1.603    18.3690   2.851642     2.8040     3.2277  5.1620497    79.1092      1.588    18.3687    20.4581     5.7474     98.772 0.0000e+00
        721      1.615    18.3686   2.851641     2.8041     3.2460  5.1640071    79.1054      1.600    18.3683    20.4583     5.7479     98.779 0.0000e+00
        722      1.628    18.3681   2.851644     2.8041     3.2460  5.1660803    79.1011      1.613    18.3678    20.4586     5.7481     98.781 0.0000e+00
