code/data/2023/2023_wed/06CTD01.cnv
* Sea-Bird SBE 9 Data File:
* FileName = C:\Users\ctd-user\Desktop\CTD_data\2023\MAR440 Sept 2023\06CTD01.hex
* Software Version Seasave V 7.26.2.13
* Temperature SN = 4493
* Conductivity SN = 1899
* Number of Bytes Per Scan = 37
* Number of Voltage Words = 4
* Number of Scans Averaged by the Deck Unit = 1
* NMEA Latitude = 58 20.59 N
* NMEA Longitude = 011 54.20 E
* NMEA UTC (Time) = Sep 06 2023 08:12:05
* NMEA baud rate = 4800
** Ship:
** Station:
** Operator:
# nquan = 14                                
# nvalues = 2354                        
# units = specified
# name 0 = scan: Scan Count
# name 1 = prDM: Pressure, Digiquartz [db]
# name 2 = t090C: Temperature [ITS-90, deg C]
# name 3 = c0S/m: Conductivity [S/m]
# name 4 = sbeox0V: Oxygen raw, SBE 43 [V]
# name 5 = flECO-AFL: Fluorescence, WET Labs ECO-AFL/FL [mg/m^3]
# name 6 = upoly0: Upoly 0, Turbidity
# name 7 = xmiss: Beam Transmission, Chelsea/Seatech [%]
# name 8 = depSM: Depth [salt water, m], lat = 58.3432
# name 9 = potemp090C: Potential Temperature [ITS-90, deg C]
# name 10 = sal00: Salinity, Practical [PSU]
# name 11 = sbeox0ML/L: Oxygen, SBE 43 [ml/l], WS = 2
# name 12 = sbeox0PS: Oxygen, SBE 43 [% saturation], WS = 2
# name 13 = flag: flag
# span 0 =          1,       2354       
# span 1 =      1.388,     11.499       
# span 2 =    16.1980,    18.6996       
# span 3 =   2.644116,   3.183267       
# span 4 =     0.9948,     2.6119       
# span 5 =     0.6269,     5.6636       
# span 6 =  4.5270074,  5.1560359       
# span 7 =    78.2334,    90.9953       
# span 8 =      1.375,     11.392       
# span 9 =    16.1964,    18.6994       
# span 10 =    18.6797,    24.3534      
# span 11 =     1.0890,     5.2932      
# span 12 =     18.399,     90.579      
# span 13 = 0.0000e+00, 0.0000e+00      
# interval = seconds: 0.0416667
# start_time = Sep 06 2023 08:12:05 [NMEA time, header]
# bad_flag = -9.990e-29
*END*
[from data line 1136]
       1137      1.460    18.6333   2.673058     2.5746     5.4255  4.9596593    80.3546      1.446    18.6331    18.9336     5.1955     88.933 -9.990e-29
       1138      1.463    18.6336   2.673150     2.5746     5.3888  4.9605964    80.3599      1.449    18.6334    18.9342     5.1957     88.937 -9.990e-29
       1139      1.467    18.6339   2.673233     2.5746     5.4255  4.9615932    80.3654      1.453    18.6337    18.9347     5.1959     88.942 -9.990e-29
       1140      1.470    18.6342   2.673307     2.5747     5.4255  4.9626568    80.3712      1.456    18.6340    18.9352     5.1964     88.951 -9.990e-29
       1141      1.474    18.6345   2.673366     2.5747     5.4255  4.9637944    80.3773      1.460    18.6343    18.9355     5.1966     88.956 -9.990e-29
       1142      1.477    18.6347   2.673409     2.5748     5.4255  4.9650141    80.3838      1.463    18.6345    18.9357     5.1971     88.964 -9.990e-29
       1143      1.481    18.6350   2.673442     2.5748     5.4255  4.9663242    80.3906      1.467    18.6348    18.9358     5.1973     88.969 -9.990e-29
       1144      1.485    18.6352   2.673475     2.5749     5.4255  4.9677340    80.3977      1.471    18.6350    18.9360     5.1978     88.977 -9.990e-29
       1145      1.488    18.6355   2.673517     2.5749     5.4255  4.9692532    80.4049      1.474    18.6353    18.9362     5.1980     88.981 -9.990e-29
       1146      1.492    18.6357   2.673567     2.5750     5.4255  4.9708924    80.4121      1.478    18.6355    18.9365     5.1984     88.989 -9.990e-29
       1147      1.496    18.6359   2.673620     2.5751     5.4255  4.9726629    80.4192      1.482    18.6357    18.9368     5.1988     88.997 -9.990e-29
       1148      1.500    18.6361   2.673671     2.5751     5.4255  4.9745772    80.4261      1.486    18.6359    18.9371     5.1990     89.000 -9.990e-29
       1149      1.503    18.6363   2.673713     2.5752     5.4255  4.9766485    80.4325      1.489    18.6361    18.9373     5.1994     89.007 -9.990e-29
       1150      1.507    18.6365   2.673743     2.5752     5.4255  4.9788913    80.4383      1.493    18.6363    18.9375     5.1995     89.010 -9.990e-29
       1151      1.510    18.6366   2.673759     2.5753     5.4255  4.9813211    80.4436      1.496    18.6364    18.9376     5.1999     89.017 -9.990e-29
       1152      1.514    18.6367   2.673761     2.5753     5.4255  4.9839548    80.4484      1.500    18.6365    18.9375     5.2001     89.020 -9.990e-29
       1153      1.517    18.6367   2.673750     2.5754     5.4255  4.9868108    80.4529      1.503    18.6365    18.9374     5.2005     89.027 -9.990e-29
       1154      1.521    18.6368   2.673729     2.5755     5.4255  4.9899089    80.4572      1.507    18.6366    18.9372     5.2009     89.034 -9.990e-29
       1155      1.524    18.6368   2.673697     2.5755     5.4621  4.9931857    80.4618      1.510    18.6366    18.9370     5.2010     89.036 -9.990e-29
       1156      1.527    18.6368   2.673655     2.5756     5.5903  4.9964942    80.4668      1.513    18.6366    18.9367     5.2014     89.042 -9.990e-29
       1157      1.529    18.6368   2.673604     2.5757     5.6453  4.9996875    80.4721      1.515    18.6366    18.9363     5.2018     89.048 -9.990e-29
       1158      1.532    18.6368   2.673548     2.5757     5.6453  5.0026179    80.4778      1.518    18.6366    18.9358     5.2019     89.050 -9.990e-29
       1159      1.535    18.6368   2.673488     2.5758     5.6453  5.0052209    80.4835      1.521    18.6366    18.9354     5.2022     89.056 -9.990e-29
       1160      1.537    18.6369   2.673430     2.5759     5.6453  5.0075146    80.4893      1.523    18.6367    18.9349     5.2025     89.061 -9.990e-29
       1161      1.539    18.6369   2.673371     2.5760     5.6453  5.0095150    80.4948      1.525    18.6367    18.9344     5.2028     89.066 -9.990e-29
       1162      1.541    18.6369   2.673313     2.5760     5.6636  5.0112358    80.4998      1.527    18.6367    18.9340     5.2029     89.066 -9.990e-29
       1163      1.544    18.6370   2.673253     2.5761     5.6453  5.0126893    80.5042      1.530    18.6368    18.9334     5.2032     89.071 -9.990e-29
       1164      1.546    18.6370   2.673188     2.5762     5.6453  5.0138853    80.5078      1.532    18.6368    18.9329     5.2034     89.075 -9.990e-29
       1165      1.548    18.6370   2.673122     2.5763     5.6453  5.0148323    80.5105      1.534    18.6368    18.9324     5.2036     89.079 -9.990e-29
       1166      1.550    18.6371   2.673054     2.5764     5.6453  5.0155369    80.5122      1.536    18.6369    18.9318     5.2038     89.081 -9.990e-29
       1167      1.551    18.6371   2.672984     2.5764     5.6453  5.0160039    80.5131      1.537    18.6369    18.9313     5.2037     89.080 -9.990e-29
       1168      1.553    18.6372   2.672911     2.5765     5.6453  5.0162366    80.5141      1.539    18.6370    18.9307     5.2039     89.082 -9.990e-29
       1169      1.554    18.6373   2.672833     2.5766     5.6453  5.0162366    80.5159      1.540    18.6371    18.9300     5.2040     89.084 -9.990e-29
       1170      1.556    18.6373   2.672749     2.5767     5.6453  5.0160039    80.5183      1.542    18.6371    18.9294     5.2041     89.085 -9.990e-29
       1171      1.557    18.6374   2.672660     2.5767     5.6453  5.0155370    80.5209      1.543    18.6372    18.9286     5.2039     89.081 -9.990e-29
       1172      1.559    18.6374   2.672567     2.5768     5.6453  5.0148324    80.5234      1.545    18.6372    18.9279     5.2039     89.082 -9.990e-29
       1173      1.560    18.6375   2.672472     2.5769     5.6453  5.0138855    80.5256      1.545    18.6373    18.9271     5.2039     89.081 -9.990e-29
       1174      1.561    18.6375   2.672372     2.5770     5.6453  5.0126894    80.5277      1.546    18.6373    18.9264     5.2039     89.081 -9.990e-29
       1175      1.563    18.6375   2.672269     2.5771     5.6636  5.0112361    80.5303      1.548    18.6373    18.9256     5.2038     89.079 -9.990e-29
       1176      1.564    18.6375   2.672163     2.5772     5.6453  5.0095152    80.5339      1.549    18.6373    18.9247     5.2037     89.077 -9.990e-29
       1177      1.565    18.6375   2.672055     2.5773     5.6453  5.0075149    80.5387      1.550    18.6373    18.9239     5.2036     89.074 -9.990e-29
       1178      1.566    18.6375   2.671943     2.5773     5.6453  5.0052213    80.5448      1.551    18.6373    18.9230     5.2031     89.066 -9.990e-29
       1179      1.567    18.6375   2.671829     2.5774     5.6453  5.0026183    80.5516      1.552    18.6373    18.9221     5.2029     89.061 -9.990e-29
       1180      1.568    18.6375   2.671711     2.5775     5.6453  4.9996879    80.5583      1.553    18.6373    18.9212     5.2027     89.057 -9.990e-29
       1181      1.568    18.6375   2.671594     2.5775     5.4072  4.9964947    80.5644      1.553    18.6373    18.9203     5.2021     89.047 -9.990e-29
       1182      1.569    18.6375   2.671482     2.5776     5.1324  4.9931862    80.5694      1.554    18.6373    18.9194     5.2018     89.042 -9.990e-29
       1183      1.570    18.6375   2.671375     2.5776     5.0592  4.9899094    80.5732      1.555    18.6373    18.9186     5.2012     89.031 -9.990e-29
       1184      1.571    18.6375   2.671275     2.5776     5.0775  4.9868114    80.5759      1.556    18.6373    18.9178     5.2006     89.019 -9.990e-29
       1185      1.571    18.6375   2.671181     2.5777     5.0775  4.9839555    80.5779      1.556    18.6373    18.9171     5.2002     89.012 -9.990e-29
       1186      1.572    18.6375   2.671093     2.5777     5.0958  4.9813218    80.5793      1.557    18.6373    18.9164     5.1995     89.000 -9.990e-29
       1187      1.572    18.6375   2.671011     2.5777     5.0775  4.9788921    80.5804      1.557    18.6373    18.9158     5.1988     88.988 -9.990e-29
       1188      1.573    18.6375   2.670935     2.5777     5.0775  4.9766495    80.5808      1.558    18.6373    18.9152     5.1981     88.975 -9.990e-29
       1189      1.573    18.6375   2.670864     2.5777     5.0958  4.9745782    80.5805      1.558    18.6373    18.9146     5.1973     88.961 -9.990e-29
       1190      1.573    18.6375   2.670798     2.5776     5.0775  4.9726640    80.5793      1.558    18.6373    18.9141     5.1963     88.944 -9.990e-29
       1191      1.574    18.6375   2.670737     2.5776     5.0775  4.9708936    80.5774      1.559    18.6373    18.9136     5.1955     88.930 -9.990e-29
       1192      1.574    18.6375   2.670680     2.5775     5.0958  4.9692545    80.5753      1.559    18.6373    18.9132     5.1945     88.912 -9.990e-29
       1193      1.574    18.6375   2.670627     2.5775     5.0958  4.9677354    80.5732      1.559    18.6373    18.9128     5.1937     88.898 -9.990e-29
       1194      1.574    18.6375   2.670577     2.5774     5.0775  4.9663258    80.5714      1.559    18.6373    18.9124     5.1926     88.880 -9.990e-29
       1195      1.574    18.6375   2.670531     2.5773     5.0958  4.9650157    80.5699      1.559    18.6373    18.9120     5.1915     88.862 -9.990e-29
       1196      1.574    18.6376   2.670485     2.5772     5.0775  4.9637962    80.5685      1.559    18.6374    18.9116     5.1905     88.843 -9.990e-29
       1197      1.574    18.6376   2.670439     2.5771     5.0958  4.9626587    80.5676      1.559    18.6374    18.9113     5.1895     88.826 -9.990e-29
       1198      1.574    18.6376   2.670390     2.5770     5.0775  4.9615954    80.5678      1.559    18.6374    18.9109     5.1884     88.808 -9.990e-29
       1199      1.573    18.6376   2.670341     2.5768     5.0775  4.9605987    80.5692      1.558    18.6374    18.9105     5.1872     88.787 -9.990e-29
       1200      1.573    18.6376   2.670290     2.5767     5.0958  4.9596618    80.5716      1.558    18.6374    18.9101     5.1863     88.770 -9.990e-29
       1201      1.573    18.6377   2.670239     2.5765     5.0958  4.9587782    80.5744      1.558    18.6375    18.9097     5.1851     88.750 -9.990e-29
       1202      1.572    18.6377   2.670186     2.5763     5.0958  4.9579417    80.5770      1.557    18.6375    18.9093     5.1840     88.731 -9.990e-29
       1203      1.572    18.6377   2.670132     2.5761     5.0775  4.9571465    80.5787      1.557    18.6375    18.9089     5.1829     88.712 -9.990e-29
       1204      1.572    18.6377   2.670077     2.5760     5.0958  4.9563871    80.5790      1.557    18.6375    18.9084     5.1821     88.699 -9.990e-29
       1205      1.571    18.6377   2.670022     2.5758     5.0775  4.9556582    80.5775      1.556    18.6375    18.9080     5.1811     88.682 -9.990e-29
       1206      1.571    18.6376   2.669966     2.5756     5.0958  4.9549547    80.5745      1.556    18.6374    18.9076     5.1802     88.665 -9.990e-29
       1207      1.570    18.6376   2.669911     2.5753     5.1874  4.9542717    80.5708      1.555    18.6374    18.9072     5.1791     88.646 -9.990e-29
       1208      1.569    18.6375   2.669856     2.5751     5.2240  4.9536044    80.5671      1.554    18.6373    18.9068     5.1783     88.632 -9.990e-29
       1209      1.569    18.6375   2.669801     2.5749     5.2606  4.9529483    80.5640      1.554    18.6373    18.9064     5.1775     88.618 -9.990e-29
       1210      1.568    18.6374   2.669748     2.5747     5.2423  4.9522988    80.5615      1.553    18.6372    18.9060     5.1768     88.606 -9.990e-29
       1211      1.567    18.6374   2.669699     2.5744     5.2423  4.9516513    80.5589      1.552    18.6372    18.9056     5.1759     88.590 -9.990e-29
       1212      1.566    18.6374   2.669651     2.5742     5.2423  4.9510013    80.5555      1.551    18.6372    18.9052     5.1753     88.580 -9.990e-29
       1213      1.566    18.6374   2.669608     2.5739     5.2423  4.9503444    80.5509      1.551    18.6372    18.9049     5.1745     88.566 -9.990e-29
       1214      1.565    18.6373   2.669567     2.5737     5.2423  4.9496759    80.5448      1.550    18.6371    18.9046     5.1740     88.558 -9.990e-29
       1215      1.564    18.6373   2.669534     2.5735     5.2606  4.9489912    80.5372      1.549    18.6371    18.9044     5.1736     88.550 -9.990e-29
       1216      1.563    18.6373   2.669507     2.5732     5.2423  4.9482855    80.5281      1.548    18.6371    18.9042     5.1730     88.539 -9.990e-29
       1217      1.562    18.6372   2.669484     2.5730     5.2606  4.9475540    80.5177      1.547    18.6370    18.9040     5.1726     88.533 -9.990e-29
       1218      1.561    18.6372   2.669467     2.5727     5.2423  4.9467915    80.5066      1.546    18.6370    18.9039     5.1721     88.524 -9.990e-29
       1219      1.560    18.6371   2.669454     2.5725     5.2423  4.9459927    80.4959      1.545    18.6369    18.9039     5.1718     88.519 -9.990e-29
       1220      1.559    18.6370   2.669444     2.5723     5.2606  4.9451521    80.4863      1.545    18.6368    18.9038     5.1716     88.516 -9.990e-29
       1221      1.558    18.6369   2.669435     2.5721     5.2423  4.9442639    80.4786      1.544    18.6367    18.9038     5.1715     88.513 -9.990e-29
       1222      1.557    18.6368   2.669428     2.5719     5.2423  4.9433218    80.4730      1.543    18.6366    18.9038     5.1714     88.510 -9.990e-29
       1223      1.555    18.6367   2.669424     2.5717     5.2423  4.9423193    80.4691      1.541    18.6365    18.9038     5.1712     88.508 -9.990e-29
       1224      1.554    18.6366   2.669424     2.5715     5.2423  4.9412494    80.4667      1.540    18.6364    18.9039     5.1712     88.507 -9.990e-29
       1225      1.553    18.6364   2.669428     2.5714     5.2423  4.9401047    80.4648      1.539    18.6362    18.9040     5.1714     88.510 -9.990e-29
       1226      1.552    18.6362   2.669441     2.5712     5.2606  4.9388772    80.4631      1.538    18.6360    18.9042     5.1713     88.509 -9.990e-29
       1227      1.550    18.6360   2.669465     2.5711     5.2423  4.9375583    80.4612      1.536    18.6358    18.9044     5.1716     88.513 -9.990e-29
       1228      1.549    18.6358   2.669501     2.5709     5.2423  4.9361390    80.4591      1.535    18.6356    18.9048     5.1715     88.512 -9.990e-29
       1229      1.548    18.6355   2.669550     2.5708     5.2423  4.9346093    80.4568      1.534    18.6353    18.9053     5.1718     88.516 -9.990e-29
       1230      1.546    18.6352   2.669613     2.5707     5.2423  4.9329586    80.4542      1.532    18.6350    18.9060     5.1720     88.520 -9.990e-29
       1231      1.545    18.6349   2.669689     2.5706     5.2606  4.9311754    80.4512      1.531    18.6347    18.9067     5.1722     88.524 -9.990e-29
       1232      1.543    18.6345   2.669780     2.5705     5.3156  4.9292473    80.4480      1.529    18.6343    18.9076     5.1724     88.527 -9.990e-29
       1233      1.541    18.6340   2.669886     2.5704     5.4072  4.9272458    80.4444      1.527    18.6338    18.9086     5.1727     88.530 -9.990e-29
       1234      1.540    18.6336   2.670003     2.5703     5.4255  4.9253269    80.4402      1.526    18.6334    18.9097     5.1729     88.534 -9.990e-29
       1235      1.538    18.6331   2.670133     2.5703     5.4255  4.9235622    80.4357      1.524    18.6329    18.9110     5.1733     88.541 -9.990e-29
       1236      1.537    18.6325   2.670275     2.5702     5.4255  4.9219394    80.4309      1.523    18.6323    18.9123     5.1735     88.543 -9.990e-29
       1237      1.535    18.6320   2.670432     2.5701     5.4255  4.9204472    80.4261      1.521    18.6318    18.9138     5.1736     88.546 -9.990e-29
       1238      1.534    18.6315   2.670606     2.5701     5.4255  4.9190752    80.4214      1.520    18.6313    18.9154     5.1739     88.551 -9.990e-29
