code/data/2023/2023_wed/06CTD12.cnv
* Sea-Bird SBE 9 Data File:
* FileName = C:\Users\ctd-user\Desktop\CTD_data\2023\MAR440 Sept 2023\06CTD12.hex
* Software Version Seasave V 7.26.2.13
* Temperature SN = 4493
* Conductivity SN = 1899
* Number of Bytes Per Scan = 37
* Number of Voltage Words = 4
* Number of Scans Averaged by the Deck Unit = 1
* NMEA Latitude = 58 19.43 N
* NMEA Longitude = 011 45.37 E
* NMEA UTC (Time) = Sep 06 2023 11:10:51
* NMEA baud rate = 4800
** Ship:
** Station:
** Operator:
# nquan = 14                                
# nvalues = 1636                        
# units = specified
# name 0 = scan: Scan Count
# name 1 = prDM: Pressure, Digiquartz [db]
# name 2 = t090C: Temperature [ITS-90, deg C]
# name 3 = c0S/m: Conductivity [S/m]
# name 4 = sbeox0V: Oxygen raw, SBE 43 [V]
# name 5 = flECO-AFL: Fluorescence, WET Labs ECO-AFL/FL [mg/m^3]
# name 6 = upoly0: Upoly 0, Turbidity
# name 7 = xmiss: Beam Transmission, Chelsea/Seatech [%]
# name 8 = depSM: Depth [salt water, m], lat = 58.3238
# name 9 = potemp090C: Potential Temperature [ITS-90, deg C]
# name 10 = sal00: Salinity, Practical [PSU]
# name 11 = sbeox0ML/L: Oxygen, SBE 43 [ml/l], WS = 2
# name 12 = sbeox0PS: Oxygen, SBE 43 [% saturation], WS = 2
# name 13 = flag: flag
# span 0 =          1,       1636       
# span 1 =      1.293,     16.965       
# span 2 =    13.7279,    18.3781       
# span 3 =   2.837246,   3.393969       
# span 4 =     0.8124,     2.8085       
# span 5 =     0.2057,     3.4291       
# span 6 =  4.5199434,  5.4510920       
# span 7 =    75.7398,    96.1437       
# span 8 =      1.281,     16.807       
# span 9 =    13.7257,    18.3776       
# span 10 =    20.3513,    27.6575      
# span 11 =     0.7860,     5.7632      
# span 12 =     12.888,     99.035      
# span 13 = 0.0000e+00, 0.0000e+00      
# interval = seconds: 0.0416667
# start_time = Sep 06 2023 11:10:51 [NMEA time, header]
# bad_flag = -9.990e-29
*END*
[from data line 1136]
       1137     10.342    16.2285   3.264027     1.1432     0.4804  4.5576000    96.0427     10.246    16.2270    25.0243     1.0049     17.018 0.0000e+00
       1138     10.361    16.2154   3.265145     1.1374     0.4804  4.5563450    96.0678     10.264    16.2139    25.0420     0.9969     16.881 0.0000e+00
       1139     10.379    16.2026   3.266225     1.1317     0.4804  4.5553955    96.0872     10.282    16.2011    25.0592     0.9893     16.750 0.0000e+00
       1140     10.398    16.1900   3.267264     1.1261     0.4987  4.5547448    96.1014     10.301    16.1885    25.0759     0.9821     16.625 0.0000e+00
       1141     10.416    16.1776   3.268266     1.1205     0.4804  4.5543883    96.1108     10.319    16.1761    25.0922     0.9749     16.502 0.0000e+00
       1142     10.434    16.1656   3.269234     1.1150     0.4987  4.5543236    96.1152     10.337    16.1641    25.1079     0.9681     16.383 0.0000e+00
       1143     10.453    16.1537   3.270172     1.1095     0.4987  4.5545503    96.1145     10.356    16.1522    25.1234     0.9614     16.267 0.0000e+00
       1144     10.471    16.1421   3.271081     1.1041     0.4804  4.5550699    96.1088     10.373    16.1406    25.1384     0.9550     16.157 0.0000e+00
       1145     10.489    16.1307   3.271970     1.0988     0.4987  4.5558860    96.0985     10.391    16.1292    25.1531     0.9489     16.052 0.0000e+00
       1146     10.507    16.1195   3.272839     1.0936     0.4804  4.5570042    96.0849     10.409    16.1180    25.1676     0.9432     15.953 0.0000e+00
       1147     10.526    16.1085   3.273694     1.0884     0.4804  4.5584325    96.0698     10.428    16.1070    25.1818     0.9375     15.855 0.0000e+00
       1148     10.544    16.0977   3.274534     1.0833     0.4804  4.5601807    96.0549     10.446    16.0962    25.1958     0.9322     15.763 0.0000e+00
       1149     10.562    16.0871   3.275359     1.0783     0.4804  4.5622610    96.0418     10.464    16.0856    25.2095     0.9272     15.677 0.0000e+00
       1150     10.580    16.0767   3.276168     1.0734     0.4987  4.5646029    96.0313     10.481    16.0752    25.2229     0.9225     15.596 0.0000e+00
       1151     10.599    16.0665   3.276962     1.0685     0.5171  4.5669678    96.0234     10.500    16.0650    25.2361     0.9179     15.516 0.0000e+00
       1152     10.617    16.0566   3.277740     1.0637     0.5354  4.5691175    96.0179     10.518    16.0550    25.2490     0.9136     15.440 0.0000e+00
       1153     10.635    16.0468   3.278505     1.0590     0.4987  4.5709819    96.0147     10.536    16.0452    25.2618     0.9095     15.370 0.0000e+00
       1154     10.654    16.0372   3.279252     1.0544     0.4987  4.5725741    96.0142     10.555    16.0356    25.2742     0.9058     15.305 0.0000e+00
       1155     10.672    16.0277   3.279987     1.0499     0.4987  4.5739050    96.0162     10.573    16.0261    25.2865     0.9023     15.244 0.0000e+00
       1156     10.691    16.0183   3.280703     1.0454     0.4987  4.5749839    96.0209     10.591    16.0167    25.2986     0.8988     15.184 0.0000e+00
       1157     10.709    16.0091   3.281405     1.0411     0.4987  4.5758184    96.0283     10.609    16.0075    25.3104     0.8959     15.132 0.0000e+00
       1158     10.727    16.0000   3.282089     1.0368     0.5171  4.5764142    96.0385     10.627    15.9984    25.3220     0.8929     15.081 0.0000e+00
       1159     10.745    15.9910   3.282755     1.0326     0.4987  4.5767756    96.0514     10.645    15.9894    25.3334     0.8902     15.033 0.0000e+00
       1160     10.764    15.9820   3.283402     1.0285     0.4987  4.5769049    96.0667     10.664    15.9804    25.3446     0.8876     14.989 0.0000e+00
       1161     10.782    15.9732   3.284032     1.0244     0.4987  4.5768031    96.0835     10.682    15.9716    25.3556     0.8851     14.944 0.0000e+00
       1162     10.800    15.9645   3.284642     1.0205     0.4987  4.5764696    96.1006     10.699    15.9629    25.3664     0.8830     14.906 0.0000e+00
       1163     10.819    15.9559   3.285235     1.0166     0.5171  4.5759019    96.1165     10.718    15.9543    25.3769     0.8808     14.868 0.0000e+00
       1164     10.837    15.9475   3.285810     1.0128     0.4987  4.5750961    96.1295     10.736    15.9459    25.3872     0.8788     14.832 0.0000e+00
       1165     10.855    15.9392   3.286367     1.0091     0.4987  4.5740467    96.1387     10.754    15.9376    25.3972     0.8770     14.800 0.0000e+00
       1166     10.874    15.9312   3.286907     1.0054     0.4987  4.5727463    96.1435     10.773    15.9296    25.4069     0.8750     14.766 0.0000e+00
       1167     10.892    15.9233   3.287430     1.0019     0.4987  4.5711859    96.1437     10.790    15.9217    25.4165     0.8735     14.739 0.0000e+00
       1168     10.910    15.9156   3.287939     0.9984     0.4987  4.5693546    96.1391     10.808    15.9140    25.4257     0.8719     14.710 0.0000e+00
       1169     10.929    15.9081   3.288433     0.9949     0.5171  4.5672397    96.1302     10.827    15.9065    25.4347     0.8701     14.679 0.0000e+00
       1170     10.947    15.9007   3.288914     0.9916     0.4987  4.5648264    96.1172     10.845    15.8991    25.4436     0.8688     14.654 0.0000e+00
       1171     10.965    15.8934   3.289381     0.9883     0.4987  4.5620980    96.1001     10.863    15.8918    25.4523     0.8672     14.628 0.0000e+00
       1172     10.983    15.8863   3.289841     0.9851     0.4987  4.5590356    96.0790     10.881    15.8847    25.4607     0.8659     14.603 0.0000e+00
       1173     11.001    15.8793   3.290291     0.9820     0.4987  4.5556177    96.0540     10.898    15.8777    25.4691     0.8646     14.580 0.0000e+00
       1174     11.020    15.8725   3.290735     0.9789     0.4987  4.5518206    96.0253     10.917    15.8709    25.4772     0.8631     14.554 0.0000e+00
       1175     11.038    15.8657   3.291172     0.9759     0.4987  4.5476180    95.9936     10.935    15.8641    25.4853     0.8618     14.531 0.0000e+00
       1176     11.057    15.8591   3.291604     0.9729     0.4804  4.5431504    95.9584     10.954    15.8575    25.4932     0.8603     14.505 0.0000e+00
       1177     11.075    15.8526   3.292030     0.9700     0.4804  4.5388115    95.9184     10.972    15.8510    25.5011     0.8589     14.480 0.0000e+00
       1178     11.093    15.8462   3.292449     0.9672     0.4621  4.5349108    95.8724     10.990    15.8446    25.5088     0.8576     14.456 0.0000e+00
       1179     11.111    15.8398   3.292863     0.9644     0.4621  4.5315062    95.8190     11.007    15.8382    25.5164     0.8561     14.430 0.0000e+00
       1180     11.129    15.8336   3.293273     0.9617     0.4621  4.5285739    95.7572     11.025    15.8320    25.5239     0.8548     14.406 0.0000e+00
       1181     11.147    15.8275   3.293677     0.9590     0.4804  4.5260936    95.6859     11.043    15.8259    25.5313     0.8532     14.379 0.0000e+00
       1182     11.165    15.8215   3.294077     0.9563     0.4621  4.5240480    95.6045     11.061    15.8199    25.5386     0.8516     14.350 0.0000e+00
       1183     11.183    15.8156   3.294474     0.9537     0.4621  4.5224228    95.5128     11.079    15.8140    25.5458     0.8500     14.323 0.0000e+00
       1184     11.201    15.8098   3.294869     0.9511     0.4621  4.5212069    95.4108     11.097    15.8082    25.5529     0.8483     14.294 0.0000e+00
       1185     11.219    15.8041   3.295259     0.9486     0.4621  4.5203917    95.2998     11.114    15.8025    25.5599     0.8468     14.267 0.0000e+00
       1186     11.237    15.7985   3.295646     0.9461     0.4621  4.5199715    95.1815     11.132    15.7969    25.5668     0.8451     14.237 0.0000e+00
       1187     11.255    15.7931   3.296031     0.9436     0.4804  4.5199434    95.0586     11.150    15.7915    25.5736     0.8433     14.205 0.0000e+00
       1188     11.273    15.7877   3.296411     0.9412     0.4621  4.5203072    94.9337     11.168    15.7861    25.5803     0.8416     14.177 0.0000e+00
       1189     11.291    15.7825   3.296790     0.9388     0.4621  4.5210655    94.8096     11.186    15.7809    25.5869     0.8399     14.146 0.0000e+00
       1190     11.309    15.7773   3.297168     0.9364     0.4621  4.5222235    94.6891     11.204    15.7757    25.5935     0.8380     14.114 0.0000e+00
       1191     11.327    15.7722   3.297543     0.9341     0.4621  4.5237893    94.5743     11.221    15.7706    25.6000     0.8364     14.085 0.0000e+00
       1192     11.345    15.7672   3.297918     0.9318     0.4621  4.5257738    94.4664     11.239    15.7656    25.6065     0.8347     14.056 0.0000e+00
       1193     11.362    15.7622   3.298290     0.9295     0.4621  4.5281908    94.3662     11.256    15.7606    25.6129     0.8329     14.025 0.0000e+00
       1194     11.380    15.7573   3.298660     0.9273     0.4804  4.5310571    94.2744     11.274    15.7557    25.6192     0.8313     13.997 0.0000e+00
       1195     11.398    15.7525   3.299025     0.9250     0.4621  4.5343926    94.1917     11.292    15.7509    25.6254     0.8294     13.965 0.0000e+00
       1196     11.416    15.7477   3.299388     0.9229     0.4621  4.5382206    94.1180     11.310    15.7461    25.6317     0.8280     13.941 0.0000e+00
       1197     11.433    15.7429   3.299747     0.9207     0.4621  4.5425676    94.0529     11.326    15.7413    25.6378     0.8264     13.912 0.0000e+00
       1198     11.451    15.7381   3.300103     0.9186     0.4804  4.5474639    93.9958     11.344    15.7364    25.6440     0.8250     13.888 0.0000e+00
       1199     11.468    15.7333   3.300456     0.9165     0.4621  4.5529436    93.9458     11.361    15.7316    25.6501     0.8236     13.864 0.0000e+00
       1200     11.486    15.7285   3.300806     0.9144     0.4621  4.5590448    93.9017     11.379    15.7268    25.6562     0.8223     13.841 0.0000e+00
       1201     11.504    15.7236   3.301153     0.9123     0.4621  4.5657250    93.8625     11.397    15.7219    25.6624     0.8210     13.818 0.0000e+00
       1202     11.521    15.7188   3.301497     0.9103     0.4804  4.5726909    93.8277     11.414    15.7171    25.6685     0.8199     13.799 0.0000e+00
       1203     11.539    15.7139   3.301837     0.9083     0.4621  4.5794813    93.7972     11.431    15.7122    25.6745     0.8189     13.782 0.0000e+00
       1204     11.556    15.7089   3.302174     0.9063     0.4621  4.5858038    93.7711     11.448    15.7072    25.6807     0.8180     13.765 0.0000e+00
       1205     11.573    15.7038   3.302508     0.9044     0.4621  4.5916173    93.7499     11.465    15.7021    25.6869     0.8174     13.755 0.0000e+00
       1206     11.591    15.6986   3.302839     0.9025     0.4621  4.5969623    93.7337     11.483    15.6969    25.6931     0.8169     13.745 0.0000e+00
       1207     11.608    15.6932   3.303166     0.9007     0.4621  4.6018759    93.7217     11.500    15.6915    25.6994     0.8167     13.741 0.0000e+00
       1208     11.625    15.6878   3.303492     0.8989     0.4804  4.6063925    93.7132     11.517    15.6861    25.7057     0.8166     13.738 0.0000e+00
       1209     11.642    15.6822   3.303814     0.8971     0.4621  4.6105433    93.7076     11.533    15.6805    25.7121     0.8166     13.737 0.0000e+00
       1210     11.660    15.6764   3.304135     0.8953     0.4621  4.6143572    93.7047     11.551    15.6747    25.7186     0.8167     13.737 0.0000e+00
       1211     11.677    15.6705   3.304452     0.8936     0.4804  4.6178609    93.7040     11.568    15.6688    25.7252     0.8171     13.743 0.0000e+00
       1212     11.694    15.6645   3.304767     0.8920     0.4621  4.6210786    93.7060     11.585    15.6628    25.7318     0.8178     13.754 0.0000e+00
       1213     11.711    15.6583   3.305078     0.8904     0.4621  4.6240328    93.7109     11.602    15.6566    25.7385     0.8187     13.768 0.0000e+00
       1214     11.728    15.6520   3.305387     0.8888     0.4621  4.6267439    93.7189     11.619    15.6503    25.7452     0.8196     13.783 0.0000e+00
       1215     11.745    15.6455   3.305693     0.8873     0.4621  4.6292309    93.7294     11.636    15.6438    25.7521     0.8209     13.803 0.0000e+00
       1216     11.762    15.6389   3.305996     0.8859     0.4621  4.6315111    93.7415     11.652    15.6372    25.7590     0.8226     13.829 0.0000e+00
       1217     11.779    15.6321   3.306296     0.8844     0.4621  4.6336003    93.7542     11.669    15.6304    25.7660     0.8240     13.853 0.0000e+00
       1218     11.796    15.6252   3.306594     0.8831     0.4621  4.6355130    93.7668     11.686    15.6235    25.7730     0.8261     13.886 0.0000e+00
       1219     11.812    15.6181   3.306890     0.8818     0.4621  4.6372626    93.7790     11.702    15.6164    25.7802     0.8283     13.921 0.0000e+00
       1220     11.829    15.6110   3.307184     0.8805     0.4621  4.6388612    93.7904     11.719    15.6093    25.7874     0.8304     13.956 0.0000e+00
       1221     11.846    15.6037   3.307475     0.8794     0.4621  4.6403200    93.8010     11.736    15.6020    25.7946     0.8332     14.001 0.0000e+00
       1222     11.863    15.5963   3.307764     0.8782     0.4621  4.6416491    93.8105     11.752    15.5946    25.8019     0.8358     14.043 0.0000e+00
       1223     11.880    15.5889   3.308054     0.8771     0.4621  4.6428577    93.8192     11.769    15.5872    25.8093     0.8386     14.090 0.0000e+00
       1224     11.896    15.5814   3.308343     0.8761     0.4621  4.6439543    93.8273     11.785    15.5797    25.8167     0.8418     14.141 0.0000e+00
       1225     11.913    15.5738   3.308632     0.8751     0.4621  4.6449464    93.8352     11.802    15.5721    25.8241     0.8450     14.193 0.0000e+00
       1226     11.930    15.5663   3.308922     0.8742     0.4621  4.6458411    93.8426     11.819    15.5646    25.8315     0.8484     14.249 0.0000e+00
       1227     11.946    15.5588   3.309214     0.8733     0.4438  4.6466444    93.8495     11.835    15.5571    25.8389     0.8518     14.305 0.0000e+00
       1228     11.963    15.5513   3.309505     0.8725     0.4072  4.6473620    93.8556     11.851    15.5496    25.8463     0.8555     14.365 0.0000e+00
       1229     11.979    15.5439   3.309794     0.8718     0.4255  4.6479990    93.8606     11.867    15.5422    25.8537     0.8594     14.429 0.0000e+00
       1230     11.996    15.5366   3.310083     0.8711     0.4072  4.6485596    93.8644     11.884    15.5349    25.8609     0.8632     14.492 0.0000e+00
       1231     12.012    15.5293   3.310367     0.8705     0.4072  4.6490479    93.8670     11.900    15.5276    25.8682     0.8673     14.559 0.0000e+00
       1232     12.029    15.5221   3.310651     0.8700     0.4072  4.6494671    93.8686     11.917    15.5204    25.8753     0.8716     14.629 0.0000e+00
       1233     12.045    15.5149   3.310932     0.8695     0.4072  4.6498203    93.8699     11.933    15.5132    25.8825     0.8758     14.698 0.0000e+00
       1234     12.061    15.5078   3.311214     0.8690     0.4072  4.6501099    93.8716     11.949    15.5061    25.8896     0.8799     14.766 0.0000e+00
       1235     12.078    15.5008   3.311498     0.8686     0.4072  4.6503379    93.8746     11.965    15.4991    25.8966     0.8841     14.836 0.0000e+00
       1236     12.094    15.4939   3.311786     0.8683     0.4255  4.6505059    93.8791     11.981    15.4922    25.9036     0.8886     14.908 0.0000e+00
       1237     12.110    15.4871   3.312079     0.8680     0.4072  4.6506150    93.8851     11.997    15.4854    25.9106     0.8929     14.980 0.0000e+00
       1238     12.127    15.4805   3.312382     0.8678     0.4072  4.6506660    93.8927     12.014    15.4788    25.9175     0.8973     15.053 0.0000e+00
