code/data/2023/2023_wed/06CTD01.cnv
* Sea-Bird SBE 9 Data File:
* FileName = C:\Users\ctd-user\Desktop\CTD_data\2023\MAR440 Sept 2023\06CTD01.hex
* Software Version Seasave V 7.26.2.13
* Temperature SN = 4493
* Conductivity SN = 1899
* Number of Bytes Per Scan = 37
* Number of Voltage Words = 4
* Number of Scans Averaged by the Deck Unit = 1
* NMEA Latitude = 58 20.59 N
* NMEA Longitude = 011 54.20 E
* NMEA UTC (Time) = Sep 06 2023 08:12:05
* NMEA baud rate = 4800
** Ship:
** Station:
** Operator:
# nquan = 14                                
# nvalues = 2354                        
# units = specified
# name 0 = scan: Scan Count
# name 1 = prDM: Pressure, Digiquartz [db]
# name 2 = t090C: Temperature [ITS-90, deg C]
# name 3 = c0S/m: Conductivity [S/m]
# name 4 = sbeox0V: Oxygen raw, SBE 43 [V]
# name 5 = flECO-AFL: Fluorescence, WET Labs ECO-AFL/FL [mg/m^3]
# name 6 = upoly0: Upoly 0, Turbidity
# name 7 = xmiss: Beam Transmission, Chelsea/Seatech [%]
# name 8 = depSM: Depth [salt water, m], lat = 58.3432
# name 9 = potemp090C: Potential Temperature [ITS-90, deg C]
# name 10 = sal00: Salinity, Practical [PSU]
# name 11 = sbeox0ML/L: Oxygen, SBE 43 [ml/l], WS = 2
# name 12 = sbeox0PS: Oxygen, SBE 43 [% saturation], WS = 2
# name 13 = flag: flag
# span 0 =          1,       2354       
# span 1 =      1.388,     11.499       
# span 2 =    16.1980,    18.6996       
# span 3 =   2.644116,   3.183267       
# span 4 =     0.9948,     2.6119       
# span 5 =     0.6269,     5.6636       
# span 6 =  4.5270074,  5.1560359       
# span 7 =    78.2334,    90.9953       
# span 8 =      1.375,     11.392       
# span 9 =    16.1964,    18.6994       
# span 10 =    18.6797,    24.3534      
# span 11 =     1.0890,     5.2932      
# span 12 =     18.399,     90.579      
# span 13 = 0.0000e+00, 0.0000e+00      
# interval = seconds: 0.0416667
# start_time = Sep 06 2023 08:12:05 [NMEA time, header]
# bad_flag = -9.990e-29
*END*
[from data line 2065]
       2066     10.825    16.3596   3.168598     1.0351     1.2680  4.7841300    90.7899     10.724    16.3580    24.1380     1.0912     18.429 0.0000e+00
       2067     10.835    16.3516   3.169466     1.0327     1.2680  4.7862069    90.7771     10.734    16.3500    24.1502     1.0924     18.448 0.0000e+00
       2068     10.846    16.3441   3.170279     1.0303     1.2680  4.7884896    90.7629     10.745    16.3425    24.1615     1.0937     18.469 0.0000e+00
       2069     10.857    16.3369   3.171040     1.0280     1.2680  4.7909937    90.7466     10.756    16.3353    24.1723     1.0954     18.495 0.0000e+00
       2070     10.867    16.3301   3.171751     1.0257     1.2680  4.7937368    90.7279     10.766    16.3285    24.1824     1.0971     18.523 0.0000e+00
       2071     10.878    16.3237   3.172419     1.0236     1.2863  4.7967379    90.7067     10.777    16.3221    24.1918     1.0994     18.561 0.0000e+00
       2072     10.889    16.3176   3.173045     1.0215     1.2497  4.8000180    90.6831     10.788    16.3160    24.2008     1.1018     18.600 0.0000e+00
       2073     10.900    16.3117   3.173632     1.0195     1.2680  4.8035997    90.6572     10.798    16.3101    24.2093     1.1045     18.644 0.0000e+00
       2074     10.910    16.3061   3.174180     1.0175     1.1581  4.8075081    90.6294     10.808    16.3045    24.2173     1.1073     18.689 0.0000e+00
       2075     10.921    16.3007   3.174692     1.0156     1.0299  4.8116854    90.5998     10.819    16.2991    24.2249     1.1103     18.740 0.0000e+00
       2076     10.932    16.2955   3.175170     1.0139     0.9932  4.8159908    90.5681     10.830    16.2939    24.2321     1.1140     18.801 0.0000e+00
       2077     10.943    16.2904   3.175616     1.0121     0.9932  4.8203693    90.5343     10.841    16.2888    24.2389     1.1175     18.859 0.0000e+00
       2078     10.953    16.2854   3.176033     1.0105     1.0116  4.8248513    90.4992     10.851    16.2838    24.2454     1.1215     18.926 0.0000e+00
       2079     10.964    16.2804   3.176421     1.0090     1.0116  4.8294680    90.4628     10.862    16.2788    24.2517     1.1259     18.998 0.0000e+00
       2080     10.975    16.2755   3.176785     1.0075     1.0116  4.8342516    90.4243     10.873    16.2739    24.2578     1.1303     19.071 0.0000e+00
       2081     10.986    16.2707   3.177126     1.0061     0.9932  4.8392353    90.3824     10.884    16.2691    24.2636     1.1350     19.150 0.0000e+00
       2082     10.997    16.2658   3.177444     1.0047     1.0116  4.8444537    90.3365     10.894    16.2642    24.2692     1.1397     19.228 0.0000e+00
       2083     11.008    16.2609   3.177744     1.0035     0.9932  4.8499433    90.2863     10.905    16.2593    24.2747     1.1451     19.317 0.0000e+00
       2084     11.019    16.2561   3.178026     1.0023     1.0116  4.8557421    90.2318     10.916    16.2545    24.2800     1.1504     19.405 0.0000e+00
       2085     11.030    16.2514   3.178294     1.0013     0.9932  4.8618906    90.1728     10.927    16.2498    24.2851     1.1562     19.503 0.0000e+00
       2086     11.041    16.2467   3.178549     1.0003     0.9932  4.8684315    90.1093     10.938    16.2451    24.2901     1.1621     19.601 0.0000e+00
       2087     11.051    16.2421   3.178791     0.9994     0.9932  4.8754102    90.0417     10.948    16.2405    24.2950     1.1682     19.703 0.0000e+00
       2088     11.063    16.2377   3.179025     0.9986     1.0116  4.8828754    89.9709     10.960    16.2361    24.2996     1.1746     19.809 0.0000e+00
       2089     11.074    16.2335   3.179252     0.9978     1.0116  4.8908789    89.8978     10.971    16.2319    24.3041     1.1809     19.915 0.0000e+00
       2090     11.085    16.2294   3.179473     0.9972     0.9566  4.8994765    89.8227     10.982    16.2278    24.3084     1.1878     20.029 0.0000e+00
       2091     11.096    16.2255   3.179691     0.9966     1.0116  4.9087280    89.7460     10.993    16.2239    24.3126     1.1945     20.142 0.0000e+00
       2092     11.107    16.2217   3.179906     0.9961     0.9932  4.9186977    89.6677     11.003    16.2201    24.3168     1.2015     20.258 0.0000e+00
       2093     11.118    16.2182   3.180118     0.9957     1.0116  4.9294549    89.5885     11.014    16.2166    24.3207     1.2086     20.378 0.0000e+00
       2094     11.129    16.2150   3.180330     0.9954     0.9932  4.9410745    89.5090     11.025    16.2134    24.3244     1.2159     20.500 0.0000e+00
       2095     11.140    16.2121   3.180540     0.9951     0.9932  4.9536374    89.4301     11.036    16.2105    24.3280     1.2231     20.620 0.0000e+00
       2096     11.150    16.2094   3.180746     0.9949     0.9932  4.9672309    89.3527     11.046    16.2078    24.3313     1.2304     20.742 0.0000e+00
       2097     11.161    16.2070   3.180947     0.9948     1.0116  4.9819496    89.2771     11.057    16.2054    24.3345     1.2378     20.867 0.0000e+00
       2098     11.172    16.2049   3.181142     0.9948     0.9932  4.9978959    89.2038     11.068    16.2033    24.3374     1.2453     20.993 0.0000e+00
       2099     11.183    16.2031   3.181331     0.9949     0.9932  5.0150958    89.1327     11.079    16.2015    24.3401     1.2529     21.120 0.0000e+00
       2100     11.194    16.2015   3.181511     0.9950     0.9017  5.0329894    89.0635     11.090    16.1999    24.3426     1.2603     21.244 0.0000e+00
       2101     11.204    16.2002   3.181685     0.9953     0.8284  5.0503421    88.9961     11.100    16.1986    24.3449     1.2680     21.373 0.0000e+00
       2102     11.215    16.1993   3.181851     0.9956     0.8467  5.0662554    88.9301     11.110    16.1977    24.3468     1.2754     21.499 0.0000e+00
       2103     11.225    16.1985   3.182009     0.9959     0.8284  5.0805852    88.8656     11.120    16.1969    24.3486     1.2826     21.621 0.0000e+00
       2104     11.235    16.1981   3.182158     0.9964     0.8284  5.0934312    88.8029     11.130    16.1965    24.3501     1.2902     21.747 0.0000e+00
       2105     11.246    16.1980   3.182297     0.9969     0.8284  5.1048828    88.7423     11.141    16.1964    24.3514     1.2974     21.870 0.0000e+00
       2106     11.256    16.1982   3.182426     0.9975     0.8284  5.1150195    88.6843     11.151    16.1966    24.3523     1.3046     21.992 0.0000e+00
       2107     11.266    16.1988   3.182547     0.9982     0.8467  5.1239119    88.6295     11.161    16.1972    24.3530     1.3118     22.113 0.0000e+00
       2108     11.276    16.1998   3.182657     0.9989     0.8284  5.1316219    88.5792     11.171    16.1982    24.3533     1.3188     22.231 0.0000e+00
       2109     11.287    16.2011   3.182759     0.9997     0.8467  5.1382032    88.5343     11.182    16.1995    24.3534     1.3256     22.347 0.0000e+00
       2110     11.296    16.2029   3.182850     1.0005     0.8284  5.1437014    88.4953     11.191    16.2013    24.3530     1.3322     22.459 0.0000e+00
       2111     11.306    16.2052   3.182933     1.0014     0.8467  5.1481549    88.4624     11.201    16.2035    24.3523     1.3388     22.570 0.0000e+00
       2112     11.316    16.2080   3.183006     1.0023     0.8284  5.1515945    88.4362     11.211    16.2063    24.3512     1.3450     22.676 0.0000e+00
       2113     11.325    16.2115   3.183070     1.0033     0.8101  5.1540444    88.4175     11.219    16.2098    24.3496     1.3512     22.782 0.0000e+00
       2114     11.334    16.2155   3.183126     1.0043     0.8284  5.1555214    88.4064     11.228    16.2138    24.3477     1.3571     22.883 0.0000e+00
       2115     11.344    16.2201   3.183173     1.0053     0.8284  5.1560359    88.4030     11.238    16.2184    24.3453     1.3627     22.980 -9.990e-29
       2116     11.352    16.2255   3.183212     1.0064     0.8284  5.1555914    88.4068     11.246    16.2238    24.3423     1.3683     23.076 -9.990e-29
       2117     11.361    16.2317   3.183242     1.0074     0.8650  5.1541849    88.4171     11.255    16.2300    24.3388     1.3733     23.163 0.0000e+00
       2118     11.370    16.2386   3.183261     1.0085     0.8467  5.1518066    88.4333     11.264    16.2369    24.3347     1.3783     23.250 0.0000e+00
       2119     11.379    16.2463   3.183267     1.0096     0.8467  5.1484399    88.4547     11.273    16.2446    24.3301     1.3830     23.332 -9.990e-29
       2120     11.387    16.2550   3.183260     1.0107     0.8467  5.1440614    88.4804     11.281    16.2533    24.3247     1.3874     23.410 -9.990e-29
       2121     11.395    16.2646   3.183238     1.0118     0.8284  5.1386406    88.5095     11.289    16.2629    24.3187     1.3916     23.485 -9.990e-29
       2122     11.403    16.2752   3.183200     1.0129     0.8467  5.1321399    88.5407     11.297    16.2735    24.3119     1.3955     23.555 -9.990e-29
       2123     11.410    16.2867   3.183142     1.0140     0.8284  5.1245140    88.5728     11.304    16.2850    24.3045     1.3992     23.621 -9.990e-29
       2124     11.417    16.2992   3.183063     1.0151     0.8467  5.1157099    88.6051     11.311    16.2975    24.2962     1.4027     23.685 -9.990e-29
       2125     11.424    16.3122   3.182960     1.0161     0.8467  5.1058361    88.6368     11.318    16.3105    24.2874     1.4058     23.741 -9.990e-29
       2126     11.430    16.3254   3.182830     1.0172     0.8284  5.0955036    88.6679     11.323    16.3237    24.2783     1.4089     23.800 -9.990e-29
       2127     11.436    16.3381   3.182670     1.0182     0.8284  5.0854898    88.6984     11.329    16.3364    24.2693     1.4117     23.851 -9.990e-29
       2128     11.442    16.3502   3.182474     1.0193     0.8467  5.0760649    88.7284     11.335    16.3485    24.2603     1.4146     23.904 -9.990e-29
       2129     11.447    16.3617   3.182243     1.0203     0.8467  5.0671632    88.7574     11.340    16.3600    24.2514     1.4171     23.952 -9.990e-29
       2130     11.452    16.3726   3.181976     1.0213     0.8284  5.0587229    88.7843     11.345    16.3709    24.2425     1.4196     23.998 -9.990e-29
       2131     11.457    16.3832   3.181669     1.0223     0.8284  5.0506851    88.8078     11.350    16.3815    24.2335     1.4221     24.043 -9.990e-29
       2132     11.462    16.3935   3.181319     1.0233     0.8284  5.0429942    88.8275     11.355    16.3918    24.2244     1.4245     24.087 -9.990e-29
       2133     11.466    16.4039   3.180928     1.0242     0.8467  5.0355964    88.8432     11.359    16.4022    24.2148     1.4266     24.126 -9.990e-29
       2134     11.470    16.4144   3.180493     1.0252     0.8467  5.0284404    88.8551     11.363    16.4127    24.2048     1.4289     24.170 -9.990e-29
       2135     11.473    16.4249   3.180014     1.0261     0.8467  5.0214763    88.8632     11.366    16.4232    24.1944     1.4310     24.209 -9.990e-29
       2136     11.477    16.4353   3.179497     1.0270     0.8467  5.0146558    88.8678     11.370    16.4336    24.1838     1.4332     24.248 -9.990e-29
       2137     11.480    16.4455   3.178958     1.0280     0.8284  5.0079313    88.8690     11.373    16.4438    24.1731     1.4356     24.292 -9.990e-29
       2138     11.482    16.4557   3.178417     1.0289     0.8284  5.0012561    88.8676     11.375    16.4540    24.1624     1.4378     24.333 -9.990e-29
       2139     11.485    16.4660   3.177892     1.0298     0.8284  4.9945838    88.8643     11.378    16.4643    24.1518     1.4401     24.375 -9.990e-29
       2140     11.487    16.4764   3.177388     1.0308     0.8284  4.9878680    88.8603     11.380    16.4747    24.1413     1.4427     24.423 -9.990e-29
       2141     11.489    16.4872   3.176906     1.0317     0.8284  4.9810619    88.8564     11.382    16.4855    24.1308     1.4451     24.468 -9.990e-29
       2142     11.490    16.4982   3.176437     1.0326     0.8467  4.9741181    88.8530     11.383    16.4965    24.1203     1.4476     24.514 -9.990e-29
       2143     11.492    16.5097   3.175974     1.0335     0.8284  4.9669884    88.8499     11.385    16.5080    24.1095     1.4502     24.562 -9.990e-29
       2144     11.493    16.5218   3.175510     1.0344     0.8284  4.9596232    88.8464     11.386    16.5201    24.0983     1.4529     24.611 -9.990e-29
       2145     11.494    16.5344   3.175039     1.0354     0.8284  4.9519713    88.8426     11.387    16.5327    24.0868     1.4559     24.667 -9.990e-29
       2146     11.495    16.5477   3.174564     1.0363     0.8284  4.9439793    88.8388     11.388    16.5460    24.0748     1.4588     24.720 -9.990e-29
       2147     11.496    16.5614   3.174084     1.0373     0.8284  4.9355918    88.8357     11.389    16.5597    24.0626     1.4620     24.780 -9.990e-29
       2148     11.497    16.5750   3.173607     1.0383     0.8467  4.9267503    88.8341     11.390    16.5733    24.0505     1.4653     24.841 -9.990e-29
       2149     11.498    16.5881   3.173132     1.0393     0.8284  4.9173934    88.8348     11.391    16.5864    24.0387     1.4688     24.905 -9.990e-29
       2150     11.498    16.6004   3.172650     1.0403     0.8467  4.9074559    88.8383     11.391    16.5987    24.0273     1.4724     24.970 -9.990e-29
       2151     11.499    16.6120   3.172155     1.0413     0.8650  4.8971236    88.8447     11.392    16.6103    24.0162     1.4761     25.037 -9.990e-29
       2152     11.499    16.6226   3.171639     1.0423     0.8834  4.8870041    88.8541     11.392    16.6209    24.0056     1.4799     25.106 -9.990e-29
       2153     11.499    16.6323   3.171097     1.0434     0.8650  4.8776216    88.8667     11.392    16.6306    23.9953     1.4842     25.181 -9.990e-29
       2154     11.499    16.6408   3.170523     1.0445     0.8650  4.8690807    88.8825     11.392    16.6391    23.9854     1.4886     25.258 -9.990e-29
       2155     11.498    16.6481   3.169915     1.0456     0.8834  4.8613219    88.9014     11.391    16.6464    23.9760     1.4931     25.336 -9.990e-29
       2156     11.498    16.6540   3.169270     1.0467     0.8650  4.8542913    88.9236     11.391    16.6523    23.9671     1.4977     25.416 -9.990e-29
       2157     11.498    16.6586   3.168592     1.0479     0.8467  4.8479400    88.9489     11.391    16.6569    23.9587     1.5027     25.502 -9.990e-29
       2158     11.497    16.6620   3.167893     1.0490     0.8650  4.8422237    88.9765     11.390    16.6603    23.9508     1.5075     25.584 -9.990e-29
       2159     11.497    16.6642   3.167189     1.0502     0.8650  4.8371029    89.0056     11.390    16.6625    23.9436     1.5126     25.672 -9.990e-29
       2160     11.496    16.6653   3.166497     1.0515     0.8650  4.8325417    89.0350     11.389    16.6636    23.9372     1.5181     25.764 -9.990e-29
       2161     11.495    16.6653   3.165833     1.0527     0.8650  4.8285085    89.0637     11.388    16.6636    23.9317     1.5234     25.853 -9.990e-29
       2162     11.494    16.6644   3.165205     1.0540     0.8834  4.8249752    89.0913     11.387    16.6627    23.9269     1.5290     25.947 -9.990e-29
       2163     11.493    16.6625   3.164617     1.0553     0.9017  4.8219173    89.1177     11.386    16.6608    23.9232     1.5346     26.041 -9.990e-29
       2164     11.492    16.6598   3.164078     1.0567     0.8650  4.8193134    89.1431     11.385    16.6581    23.9203     1.5405     26.140 -9.990e-29
       2165     11.491    16.6564   3.163590     1.0581     0.8650  4.8171455    89.1675     11.384    16.6547    23.9182     1.5465     26.238 -9.990e-29
       2166     11.490    16.6525   3.163164     1.0595     0.8834  4.8153985    89.1916     11.383    16.6508    23.9170     1.5524     26.337 -9.990e-29
       2167     11.489    16.6481   3.162802     1.0609     0.8650  4.8140602    89.2154     11.382    16.6464    23.9166     1.5584     26.435 -9.990e-29
