code/data/2023/2023_wed/06CTD04.cnv
* Sea-Bird SBE 9 Data File:
* FileName = C:\Users\ctd-user\Desktop\CTD_data\2023\MAR440 Sept 2023\06CTD04.hex
* Software Version Seasave V 7.26.2.13
* Temperature SN = 4493
* Conductivity SN = 1899
* Number of Bytes Per Scan = 37
* Number of Voltage Words = 4
* Number of Scans Averaged by the Deck Unit = 1
* NMEA Latitude = 58 19.93 N
* NMEA Longitude = 011 52.25 E
* NMEA UTC (Time) = Sep 06 2023 09:20:12
* NMEA baud rate = 4800
** Ship:
** Station:
** Operator:
# nquan = 14                                
# nvalues = 3324                        
# units = specified
# name 0 = scan: Scan Count
# name 1 = prDM: Pressure, Digiquartz [db]
# name 2 = t090C: Temperature [ITS-90, deg C]
# name 3 = c0S/m: Conductivity [S/m]
# name 4 = sbeox0V: Oxygen raw, SBE 43 [V]
# name 5 = flECO-AFL: Fluorescence, WET Labs ECO-AFL/FL [mg/m^3]
# name 6 = upoly0: Upoly 0, Turbidity
# name 7 = xmiss: Beam Transmission, Chelsea/Seatech [%]
# name 8 = depSM: Depth [salt water, m], lat = 58.3322
# name 9 = potemp090C: Potential Temperature [ITS-90, deg C]
# name 10 = sal00: Salinity, Practical [PSU]
# name 11 = sbeox0ML/L: Oxygen, SBE 43 [ml/l], WS = 2
# name 12 = sbeox0PS: Oxygen, SBE 43 [% saturation], WS = 2
# name 13 = flag: flag
# span 0 =          1,       3324       
# span 1 =      0.509,     45.440       
# span 2 =     7.7527,    18.3995       
# span 3 =   2.490384,   3.377505       
# span 4 =     0.5491,     2.9018       
# span 5 =     0.2240,     9.1984       
# span 6 =  4.3661581,  5.2264099       
# span 7 =    66.4051,    96.7015       
# span 8 =      0.504,     45.013       
# span 9 =     7.7509,    18.3989       
# span 10 =    17.6906,    31.9117      
# span 11 =     0.1253,     6.0962      
# span 12 =      1.882,    103.060      
# span 13 = 0.0000e+00, 0.0000e+00      
# interval = seconds: 0.0416667
# start_time = Sep 06 2023 09:20:12 [NMEA time, header]
# bad_flag = -9.990e-29
*END*
[from data line 2788]
       2789     40.154     8.5148   3.376283     0.5562     1.3962  4.4232358    94.3656     39.777     8.5108    31.8910     0.1441      2.164 0.0000e+00
       2790     40.163     8.5148   3.376288     0.5562     1.3962  4.4224402    94.3668     39.786     8.5108    31.8911     0.1441      2.164 0.0000e+00
       2791     40.172     8.5148   3.376293     0.5562     1.4145  4.4216979    94.3669     39.795     8.5108    31.8911     0.1441      2.164 0.0000e+00
       2792     40.182     8.5149   3.376299     0.5562     1.3962  4.4210038    94.3669     39.805     8.5109    31.8911     0.1441      2.164 0.0000e+00
       2793     40.191     8.5149   3.376304     0.5562     1.4145  4.4203532    94.3672     39.814     8.5109    31.8911     0.1441      2.165 0.0000e+00
       2794     40.200     8.5149   3.376309     0.5561     1.3595  4.4197415    94.3678     39.822     8.5109    31.8912     0.1439      2.161 0.0000e+00
       2795     40.209     8.5149   3.376314     0.5561     1.4145  4.4191643    94.3688     39.831     8.5109    31.8912     0.1438      2.161 0.0000e+00
       2796     40.218     8.5150   3.376319     0.5561     1.3962  4.4186178    94.3709     39.840     8.5110    31.8912     0.1438      2.161 0.0000e+00
       2797     40.227     8.5150   3.376325     0.5561     1.3962  4.4180981    94.3750     39.849     8.5110    31.8913     0.1438      2.161 0.0000e+00
       2798     40.236     8.5150   3.376330     0.5561     1.4145  4.4176016    94.3809     39.858     8.5110    31.8913     0.1439      2.161 0.0000e+00
       2799     40.245     8.5151   3.376336     0.5561     1.3962  4.4171248    94.3878     39.867     8.5111    31.8913     0.1438      2.161 0.0000e+00
       2800     40.254     8.5151   3.376342     0.5560     1.4145  4.4166644    94.3952     39.876     8.5111    31.8913     0.1435      2.156 0.0000e+00
       2801     40.263     8.5151   3.376347     0.5560     1.3595  4.4162173    94.4034     39.885     8.5111    31.8914     0.1435      2.156 0.0000e+00
       2802     40.272     8.5152   3.376354     0.5560     1.3962  4.4157802    94.4125     39.894     8.5112    31.8914     0.1435      2.156 0.0000e+00
       2803     40.282     8.5152   3.376360     0.5560     1.3962  4.4153502    94.4222     39.904     8.5112    31.8914     0.1436      2.157 -9.990e-29
       2804     40.290     8.5153   3.376367     0.5559     1.4145  4.4149243    94.4318     39.912     8.5113    31.8914     0.1433      2.152 -9.990e-29
       2805     40.299     8.5153   3.376373     0.5559     1.3962  4.4144995    94.4410     39.921     8.5113    31.8915     0.1432      2.152 0.0000e+00
       2806     40.308     8.5154   3.376379     0.5559     1.3962  4.4140729    94.4492     39.929     8.5114    31.8914     0.1432      2.152 0.0000e+00
       2807     40.317     8.5154   3.376386     0.5559     1.3779  4.4136415    94.4569     39.938     8.5114    31.8915     0.1433      2.152 0.0000e+00
       2808     40.327     8.5155   3.376394     0.5559     1.3779  4.4132022    94.4651     39.948     8.5115    31.8915     0.1432      2.152 0.0000e+00
       2809     40.336     8.5155   3.376401     0.5558     1.3779  4.4127521    94.4746     39.957     8.5115    31.8916     0.1429      2.147 0.0000e+00
       2810     40.345     8.5156   3.376408     0.5558     1.3779  4.4122880    94.4855     39.966     8.5116    31.8915     0.1429      2.147 0.0000e+00
       2811     40.354     8.5156   3.376416     0.5558     1.3779  4.4118066    94.4976     39.975     8.5116    31.8916     0.1429      2.146 0.0000e+00
       2812     40.363     8.5157   3.376424     0.5558     1.3962  4.4113047    94.5111     39.984     8.5117    31.8916     0.1428      2.146 0.0000e+00
       2813     40.372     8.5158   3.376433     0.5558     1.3779  4.4107788    94.5256     39.993     8.5118    31.8916     0.1428      2.145 0.0000e+00
       2814     40.381     8.5158   3.376440     0.5557     1.3779  4.4102250    94.5403     40.002     8.5118    31.8917     0.1425      2.140 0.0000e+00
       2815     40.390     8.5159   3.376450     0.5557     1.3962  4.4096398    94.5543     40.011     8.5119    31.8917     0.1424      2.140 0.0000e+00
       2816     40.399     8.5159   3.376459     0.5557     1.3779  4.4090188    94.5670     40.020     8.5119    31.8918     0.1424      2.140 0.0000e+00
       2817     40.408     8.5160   3.376468     0.5557     1.3779  4.4083579    94.5782     40.029     8.5120    31.8918     0.1424      2.140 0.0000e+00
       2818     40.417     8.5161   3.376478     0.5557     1.3779  4.4076525    94.5875     40.037     8.5121    31.8918     0.1424      2.140 0.0000e+00
       2819     40.426     8.5161   3.376487     0.5556     1.3779  4.4068975    94.5946     40.046     8.5121    31.8919     0.1421      2.135 0.0000e+00
       2820     40.436     8.5162   3.376499     0.5556     1.3779  4.4060879    94.5996     40.056     8.5122    31.8919     0.1421      2.135 0.0000e+00
       2821     40.445     8.5162   3.376509     0.5556     1.3779  4.4052178    94.6027     40.065     8.5122    31.8920     0.1421      2.135 0.0000e+00
       2822     40.454     8.5163   3.376520     0.5556     1.3779  4.4042814    94.6041     40.074     8.5123    31.8920     0.1421      2.135 0.0000e+00
       2823     40.463     8.5163   3.376531     0.5555     1.3779  4.4032720    94.6041     40.083     8.5123    31.8921     0.1419      2.131 0.0000e+00
       2824     40.472     8.5163   3.376543     0.5555     1.3779  4.4021827    94.6031     40.092     8.5123    31.8923     0.1419      2.132 0.0000e+00
       2825     40.481     8.5163   3.376554     0.5555     1.3962  4.4010059    94.6017     40.101     8.5123    31.8924     0.1420      2.132 0.0000e+00
       2826     40.490     8.5164   3.376566     0.5555     1.3779  4.3997333    94.5997     40.110     8.5124    31.8924     0.1420      2.132 0.0000e+00
       2827     40.500     8.5164   3.376578     0.5555     1.3962  4.3983562    94.5974     40.120     8.5124    31.8925     0.1420      2.133 0.0000e+00
       2828     40.509     8.5164   3.376591     0.5554     1.3779  4.3968650    94.5950     40.129     8.5124    31.8927     0.1417      2.129 0.0000e+00
       2829     40.518     8.5164   3.376603     0.5554     1.3779  4.3952492    94.5939     40.137     8.5124    31.8928     0.1417      2.129 0.0000e+00
       2830     40.528     8.5164   3.376615     0.5554     1.3779  4.3934977    94.5954     40.147     8.5124    31.8929     0.1418      2.130 0.0000e+00
       2831     40.537     8.5163   3.376627     0.5554     1.3779  4.3915982    94.5999     40.156     8.5123    31.8931     0.1418      2.130 0.0000e+00
       2832     40.546     8.5163   3.376639     0.5554     1.3962  4.3896225    94.6070     40.165     8.5123    31.8932     0.1418      2.130 0.0000e+00
       2833     40.555     8.5163   3.376650     0.5553     1.3779  4.3877268    94.6162     40.174     8.5123    31.8933     0.1415      2.126 0.0000e+00
       2834     40.565     8.5163   3.376662     0.5553     1.3779  4.3859827    94.6273     40.184     8.5123    31.8935     0.1415      2.126 0.0000e+00
       2835     40.574     8.5162   3.376673     0.5553     1.3779  4.3843781    94.6400     40.193     8.5122    31.8937     0.1416      2.127 0.0000e+00
       2836     40.583     8.5162   3.376685     0.5553     1.3779  4.3829019    94.6538     40.202     8.5122    31.8938     0.1416      2.126 0.0000e+00
       2837     40.593     8.5161   3.376696     0.5552     1.3779  4.3815439    94.6686     40.212     8.5121    31.8940     0.1413      2.122 0.0000e+00
       2838     40.602     8.5161   3.376707     0.5552     1.3962  4.3802944    94.6837     40.221     8.5121    31.8941     0.1413      2.123 0.0000e+00
       2839     40.612     8.5160   3.376716     0.5552     1.3779  4.3791450    94.6986     40.231     8.5120    31.8943     0.1413      2.123 0.0000e+00
       2840     40.621     8.5160   3.376726     0.5552     1.3962  4.3780875    94.7127     40.240     8.5120    31.8944     0.1413      2.123 0.0000e+00
       2841     40.631     8.5159   3.376736     0.5552     1.3779  4.3771146    94.7257     40.249     8.5119    31.8946     0.1413      2.123 0.0000e+00
       2842     40.641     8.5159   3.376746     0.5551     1.3962  4.3762196    94.7373     40.259     8.5119    31.8947     0.1411      2.119 0.0000e+00
       2843     40.651     8.5158   3.376754     0.5551     1.3779  4.3753962    94.7474     40.269     8.5118    31.8948     0.1411      2.120 0.0000e+00
       2844     40.661     8.5157   3.376763     0.5551     1.3779  4.3746387    94.7557     40.279     8.5117    31.8950     0.1411      2.120 0.0000e+00
       2845     40.670     8.5157   3.376772     0.5551     1.3779  4.3739418    94.7620     40.288     8.5117    31.8951     0.1411      2.120 0.0000e+00
       2846     40.680     8.5156   3.376779     0.5551     1.3779  4.3733007    94.7664     40.298     8.5116    31.8953     0.1411      2.120 0.0000e+00
       2847     40.690     8.5155   3.376788     0.5551     1.3779  4.3727109    94.7701     40.308     8.5115    31.8954     0.1411      2.120 0.0000e+00
       2848     40.700     8.5155   3.376797     0.5551     1.3779  4.3721683    94.7740     40.318     8.5115    31.8955     0.1411      2.120 0.0000e+00
       2849     40.710     8.5154   3.376805     0.5551     1.3962  4.3716691    94.7790     40.328     8.5114    31.8957     0.1411      2.120 0.0000e+00
       2850     40.720     8.5153   3.376812     0.5550     1.3779  4.3712099    94.7852     40.338     8.5113    31.8959     0.1409      2.116 0.0000e+00
       2851     40.730     8.5153   3.376820     0.5550     1.3962  4.3707875    94.7923     40.347     8.5113    31.8959     0.1409      2.116 0.0000e+00
       2852     40.740     8.5152   3.376829     0.5550     1.3779  4.3703989    94.7995     40.357     8.5112    31.8961     0.1409      2.117 0.0000e+00
       2853     40.750     8.5151   3.376836     0.5550     1.3779  4.3700415    94.8069     40.367     8.5111    31.8963     0.1409      2.116 0.0000e+00
       2854     40.761     8.5150   3.376844     0.5550     1.3779  4.3697127    94.8152     40.378     8.5110    31.8965     0.1409      2.116 0.0000e+00
       2855     40.771     8.5149   3.376852     0.5549     1.3779  4.3694102    94.8254     40.388     8.5108    31.8966     0.1406      2.112 0.0000e+00
       2856     40.782     8.5149   3.376860     0.5549     1.3779  4.3691320    94.8375     40.399     8.5108    31.8967     0.1406      2.113 0.0000e+00
       2857     40.792     8.5148   3.376867     0.5549     1.3779  4.3688761    94.8507     40.409     8.5107    31.8969     0.1407      2.113 0.0000e+00
       2858     40.802     8.5147   3.376874     0.5549     1.3779  4.3686407    94.8641     40.419     8.5106    31.8970     0.1407      2.113 0.0000e+00
       2859     40.813     8.5146   3.376881     0.5549     1.3779  4.3684242    94.8771     40.430     8.5105    31.8972     0.1407      2.114 0.0000e+00
       2860     40.823     8.5145   3.376889     0.5548     1.3779  4.3682251    94.8899     40.440     8.5104    31.8974     0.1405      2.110 0.0000e+00
       2861     40.834     8.5145   3.376896     0.5548     1.3779  4.3680421    94.9025     40.450     8.5104    31.8974     0.1405      2.111 0.0000e+00
       2862     40.845     8.5144   3.376903     0.5548     1.3962  4.3678737    94.9153     40.461     8.5103    31.8976     0.1406      2.112 0.0000e+00
       2863     40.856     8.5143   3.376910     0.5548     1.3962  4.3677190    94.9283     40.472     8.5102    31.8977     0.1406      2.112 0.0000e+00
       2864     40.866     8.5142   3.376918     0.5548     1.3962  4.3675767    94.9416     40.482     8.5101    31.8979     0.1407      2.113 0.0000e+00
       2865     40.877     8.5141   3.376925     0.5547     1.3779  4.3674459    94.9554     40.493     8.5100    31.8981     0.1404      2.110 0.0000e+00
       2866     40.888     8.5140   3.376932     0.5547     1.3962  4.3673256    94.9694     40.504     8.5099    31.8982     0.1405      2.111 0.0000e+00
       2867     40.899     8.5140   3.376940     0.5547     1.3779  4.3672152    94.9833     40.515     8.5099    31.8983     0.1406      2.112 0.0000e+00
       2868     40.910     8.5139   3.376947     0.5547     1.3779  4.3671137    94.9969     40.526     8.5098    31.8985     0.1406      2.112 0.0000e+00
       2869     40.921     8.5138   3.376954     0.5547     1.3779  4.3670205    95.0099     40.537     8.5097    31.8986     0.1406      2.112 0.0000e+00
       2870     40.932     8.5137   3.376961     0.5546     1.3779  4.3669349    95.0219     40.548     8.5096    31.8988     0.1404      2.108 0.0000e+00
       2871     40.943     8.5137   3.376969     0.5546     1.3779  4.3668563    95.0323     40.558     8.5096    31.8989     0.1404      2.109 0.0000e+00
       2872     40.954     8.5136   3.376976     0.5546     1.3779  4.3667842    95.0406     40.569     8.5095    31.8990     0.1404      2.109 0.0000e+00
       2873     40.965     8.5135   3.376982     0.5546     1.3779  4.3667181    95.0465     40.580     8.5094    31.8992     0.1405      2.110 0.0000e+00
       2874     40.976     8.5134   3.376989     0.5546     1.3779  4.3666576    95.0501     40.591     8.5093    31.8993     0.1405      2.111 0.0000e+00
       2875     40.987     8.5134   3.376996     0.5546     1.3595  4.3666021    95.0517     40.602     8.5093    31.8994     0.1405      2.111 0.0000e+00
       2876     40.999     8.5133   3.377002     0.5545     1.3779  4.3665514    95.0520     40.614     8.5092    31.8995     0.1402      2.107 0.0000e+00
       2877     41.010     8.5132   3.377008     0.5545     1.3962  4.3665050    95.0513     40.625     8.5091    31.8997     0.1402      2.107 0.0000e+00
       2878     41.022     8.5132   3.377014     0.5545     1.3779  4.3664626    95.0494     40.637     8.5091    31.8997     0.1403      2.107 0.0000e+00
       2879     41.033     8.5131   3.377020     0.5545     1.3779  4.3664240    95.0460     40.648     8.5090    31.8999     0.1403      2.107 0.0000e+00
       2880     41.044     8.5130   3.377026     0.5545     1.3779  4.3663889    95.0418     40.658     8.5089    31.9000     0.1403      2.107 0.0000e+00
       2881     41.056     8.5130   3.377032     0.5545     1.3779  4.3663570    95.0376     40.670     8.5089    31.9001     0.1402      2.106 0.0000e+00
       2882     41.067     8.5129   3.377037     0.5545     1.3779  4.3663281    95.0336     40.681     8.5088    31.9002     0.1402      2.106 0.0000e+00
       2883     41.079     8.5129   3.377043     0.5545     1.3779  4.3663020    95.0298     40.693     8.5088    31.9003     0.1402      2.106 0.0000e+00
       2884     41.090     8.5128   3.377048     0.5545     1.3779  4.3662785    95.0261     40.704     8.5087    31.9004     0.1402      2.106 0.0000e+00
       2885     41.102     8.5128   3.377054     0.5545     1.3779  4.3662576    95.0225     40.716     8.5087    31.9005     0.1401      2.105 0.0000e+00
       2886     41.114     8.5127   3.377059     0.5545     1.3779  4.3662389    95.0189     40.728     8.5086    31.9006     0.1401      2.104 0.0000e+00
       2887     41.125     8.5126   3.377063     0.5545     1.3779  4.3662224    95.0156     40.739     8.5085    31.9008     0.1400      2.103 0.0000e+00
       2888     41.137     8.5126   3.377067     0.5545     1.3779  4.3662080    95.0135     40.751     8.5085    31.9008     0.1400      2.103 0.0000e+00
       2889     41.149     8.5125   3.377072     0.5545     1.3779  4.3661956    95.0134     40.762     8.5084    31.9009     0.1399      2.102 0.0000e+00
       2890     41.161     8.5125   3.377076     0.5545     1.3779  4.3661850    95.0152     40.774     8.5084    31.9010     0.1399      2.101 0.0000e+00
