code/data/2023/2023_wed/06CTD01.cnv
* Sea-Bird SBE 9 Data File:
* FileName = C:\Users\ctd-user\Desktop\CTD_data\2023\MAR440 Sept 2023\06CTD01.hex
* Software Version Seasave V 7.26.2.13
* Temperature SN = 4493
* Conductivity SN = 1899
* Number of Bytes Per Scan = 37
* Number of Voltage Words = 4
* Number of Scans Averaged by the Deck Unit = 1
* NMEA Latitude = 58 20.59 N
* NMEA Longitude = 011 54.20 E
* NMEA UTC (Time) = Sep 06 2023 08:12:05
* NMEA baud rate = 4800
** Ship:
** Station:
** Operator:
# nquan = 14                                
# nvalues = 2354                        
# units = specified
# name 0 = scan: Scan Count
# name 1 = prDM: Pressure, Digiquartz [db]
# name 2 = t090C: Temperature [ITS-90, deg C]
# name 3 = c0S/m: Conductivity [S/m]
# name 4 = sbeox0V: Oxygen raw, SBE 43 [V]
# name 5 = flECO-AFL: Fluorescence, WET Labs ECO-AFL/FL [mg/m^3]
# name 6 = upoly0: Upoly 0, Turbidity
# name 7 = xmiss: Beam Transmission, Chelsea/Seatech [%]
# name 8 = depSM: Depth [salt water, m], lat = 58.3432
# name 9 = potemp090C: Potential Temperature [ITS-90, deg C]
# name 10 = sal00: Salinity, Practical [PSU]
# name 11 = sbeox0ML/L: Oxygen, SBE 43 [ml/l], WS = 2
# name 12 = sbeox0PS: Oxygen, SBE 43 [% saturation], WS = 2
# name 13 = flag: flag
# span 0 =          1,       2354       
# span 1 =      1.388,     11.499       
# span 2 =    16.1980,    18.6996       
# span 3 =   2.644116,   3.183267       
# span 4 =     0.9948,     2.6119       
# span 5 =     0.6269,     5.6636       
# span 6 =  4.5270074,  5.1560359       
# span 7 =    78.2334,    90.9953       
# span 8 =      1.375,     11.392       
# span 9 =    16.1964,    18.6994       
# span 10 =    18.6797,    24.3534      
# span 11 =     1.0890,     5.2932      
# span 12 =     18.399,     90.579      
# span 13 = 0.0000e+00, 0.0000e+00      
# interval = seconds: 0.0416667
# start_time = Sep 06 2023 08:12:05 [NMEA time, header]
# bad_flag = -9.990e-29
*END*
[from data line 1962]
       1963     10.118    16.9577   3.158007     1.3070     0.7918  4.7787304    90.7083     10.024    16.9562    23.6943     2.2137     37.732 0.0000e+00
       1964     10.129    16.9797   3.157446     1.3090     0.7918  4.7803799    90.7346     10.035    16.9782    23.6768     2.2081     37.650 0.0000e+00
       1965     10.139    17.0020   3.156803     1.3110     0.7735  4.7821946    90.7607     10.045    17.0005    23.6584     2.2021     37.558 0.0000e+00
       1966     10.148    17.0244   3.156073     1.3128     0.7735  4.7841870    90.7856     10.053    17.0229    23.6393     2.1950     37.451 0.0000e+00
       1967     10.157    17.0471   3.155250     1.3145     0.7918  4.7863709    90.8082     10.062    17.0456    23.6192     2.1873     37.331 0.0000e+00
       1968     10.166    17.0701   3.154327     1.3160     0.7735  4.7887617    90.8275     10.071    17.0686    23.5982     2.1787     37.196 -9.990e-29
       1969     10.174    17.0936   3.153302     1.3174     0.7918  4.7913759    90.8423     10.079    17.0921    23.5760     2.1694     37.050 -9.990e-29
       1970     10.182    17.1176   3.152179     1.3187     0.7735  4.7942317    90.8513     10.087    17.1161    23.5528     2.1596     36.895 -9.990e-29
       1971     10.189    17.1418   3.150964     1.3198     0.7735  4.7973489    90.8534     10.094    17.1403    23.5287     2.1490     36.725 -9.990e-29
       1972     10.196    17.1657   3.149661     1.3208     0.7368  4.8006644    90.8479     10.101    17.1642    23.5041     2.1378     36.547 -9.990e-29
       1973     10.203    17.1890   3.148275     1.3217     0.7002  4.8039464    90.8346     10.108    17.1874    23.4792     2.1262     36.360 -9.990e-29
       1974     10.209    17.2114   3.146800     1.3224     0.6819  4.8069628    90.8138     10.114    17.2098    23.4541     2.1140     36.160 -9.990e-29
       1975     10.215    17.2331   3.145238     1.3230     0.6819  4.8096498    90.7858     10.120    17.2315    23.4288     2.1013     35.954 -9.990e-29
       1976     10.221    17.2539   3.143596     1.3234     0.6819  4.8120259    90.7507     10.126    17.2523    23.4033     2.0881     35.737 -9.990e-29
       1977     10.226    17.2738   3.141898     1.3237     0.6819  4.8141079    90.7088     10.131    17.2722    23.3779     2.0745     35.513 -9.990e-29
       1978     10.231    17.2925   3.140158     1.3239     0.7002  4.8159100    90.6612     10.136    17.2909    23.3528     2.0606     35.283 -9.990e-29
       1979     10.236    17.3103   3.138381     1.3239     0.6819  4.8174449    90.6105     10.141    17.3087    23.3280     2.0462     35.042 -9.990e-29
       1980     10.241    17.3270   3.136556     1.3238     0.6819  4.8187233    90.5609     10.146    17.3254    23.3035     2.0315     34.797 -9.990e-29
       1981     10.245    17.3425   3.134674     1.3235     0.6819  4.8197540    90.5169     10.150    17.3409    23.2792     2.0163     34.542 -9.990e-29
       1982     10.250    17.3568   3.132743     1.3231     0.6819  4.8205442    90.4812     10.154    17.3552    23.2552     2.0009     34.283 -9.990e-29
       1983     10.254    17.3700   3.130784     1.3225     0.6819  4.8210994    90.4541     10.158    17.3684    23.2316     1.9850     34.015 -9.990e-29
       1984     10.258    17.3820   3.128825     1.3218     0.7002  4.8214235    90.4345     10.162    17.3804    23.2087     1.9689     33.743 -9.990e-29
       1985     10.262    17.3929   3.126894     1.3209     0.7002  4.8215187    90.4215     10.166    17.3913    23.1867     1.9524     33.463 -9.990e-29
       1986     10.265    17.4027   3.125009     1.3199     0.6819  4.8213857    90.4144     10.169    17.4011    23.1657     1.9358     33.180 -9.990e-29
       1987     10.269    17.4115   3.123179     1.3188     0.6819  4.8210235    90.4131     10.173    17.4099    23.1457     1.9190     32.894 -9.990e-29
       1988     10.273    17.4192   3.121411     1.3174     0.6819  4.8204297    90.4171     10.177    17.4176    23.1269     1.9016     32.596 -9.990e-29
       1989     10.277    17.4258   3.119710     1.3160     0.7002  4.8196001    90.4254     10.181    17.4242    23.1092     1.8843     32.300 -9.990e-29
       1990     10.280    17.4311   3.118076     1.3144     0.6819  4.8185289    90.4370     10.184    17.4295    23.0929     1.8666     31.998 -9.990e-29
       1991     10.284    17.4351   3.116512     1.3126     0.7002  4.8172087    90.4507     10.188    17.4335    23.0778     1.8487     31.690 -9.990e-29
       1992     10.287    17.4378   3.115020     1.3107     0.7002  4.8156303    90.4661     10.191    17.4362    23.0641     1.8306     31.379 -9.990e-29
       1993     10.291    17.4392   3.113604     1.3087     0.6819  4.8137827    90.4834     10.195    17.4376    23.0518     1.8125     31.067 -9.990e-29
       1994     10.294    17.4394   3.112263     1.3065     0.7002  4.8116531    90.5024     10.198    17.4378    23.0407     1.7941     30.750 -9.990e-29
       1995     10.298    17.4385   3.110995     1.3041     0.6819  4.8092266    90.5233     10.202    17.4369    23.0309     1.7755     30.428 -9.990e-29
       1996     10.301    17.4364   3.109802     1.3016     0.6819  4.8064865    90.5460     10.205    17.4348    23.0223     1.7568     30.105 -9.990e-29
       1997     10.305    17.4332   3.108682     1.2989     0.6819  4.8034135    90.5701     10.209    17.4316    23.0150     1.7379     29.778 -9.990e-29
       1998     10.308    17.4289   3.107636     1.2961     0.6636  4.8000713    90.5950     10.212    17.4273    23.0088     1.7190     29.451 -9.990e-29
       1999     10.312    17.4234   3.106667     1.2932     0.6453  4.7966914    90.6201     10.216    17.4218    23.0040     1.7002     29.125 -9.990e-29
       2000     10.316    17.4167   3.105783     1.2902     0.6636  4.7935052    90.6448     10.220    17.4151    23.0006     1.6815     28.800 -9.990e-29
       2001     10.320    17.4090   3.105001     1.2870     0.6453  4.7905754    90.6682     10.224    17.4074    22.9986     1.6625     28.471 -9.990e-29
       2002     10.324    17.4003   3.104342     1.2837     0.6453  4.7878817    90.6899     10.228    17.3987    22.9981     1.6437     28.144 -9.990e-29
       2003     10.328    17.3906   3.103826     1.2802     0.6453  4.7854052    90.7093     10.232    17.3890    22.9994     1.6247     27.814 -9.990e-29
       2004     10.332    17.3800   3.103463     1.2767     0.6453  4.7831289    90.7265     10.236    17.3784    23.0024     1.6062     27.490 -9.990e-29
       2005     10.336    17.3686   3.103257     1.2730     0.6636  4.7810367    90.7415     10.240    17.3670    23.0071     1.5874     27.165 -9.990e-29
       2006     10.340    17.3566   3.103202     1.2693     0.6453  4.7791143    90.7548     10.244    17.3550    23.0135     1.5691     26.846 -9.990e-29
       2007     10.345    17.3442   3.103291     1.2654     0.6453  4.7773481    90.7665     10.249    17.3426    23.0212     1.5507     26.526 -9.990e-29
       2008     10.349    17.3314   3.103515     1.2614     0.6453  4.7757260    90.7771     10.253    17.3298    23.0303     1.5325     26.209 -9.990e-29
       2009     10.354    17.3184   3.103869     1.2574     0.6636  4.7742367    90.7862     10.258    17.3168    23.0406     1.5147     25.900 -9.990e-29
       2010     10.359    17.3056   3.104347     1.2533     0.6453  4.7728697    90.7939     10.262    17.3040    23.0517     1.4971     25.594 -9.990e-29
       2011     10.364    17.2934   3.104946     1.2491     0.6453  4.7716155    90.8006     10.267    17.2918    23.0636     1.4797     25.292 -9.990e-29
       2012     10.370    17.2820   3.105659     1.2448     0.6453  4.7704655    90.8064     10.273    17.2804    23.0759     1.4625     24.995 -9.990e-29
       2013     10.375    17.2712   3.106475     1.2405     0.6453  4.7694117    90.8114     10.278    17.2696    23.0887     1.4458     24.706 -9.990e-29
       2014     10.381    17.2611   3.107377     1.2361     0.6453  4.7684467    90.8157     10.284    17.2595    23.1018     1.4293     24.421 -9.990e-29
       2015     10.386    17.2513   3.108353     1.2316     0.6269  4.7675638    90.8196     10.289    17.2497    23.1154     1.4131     24.141 -9.990e-29
       2016     10.392    17.2417   3.109384     1.2271     0.6636  4.7667568    90.8240     10.295    17.2401    23.1293     1.3973     23.869 -9.990e-29
       2017     10.398    17.2320   3.110457     1.2226     0.6453  4.7660202    90.8291     10.301    17.2304    23.1437     1.3820     23.606 -9.990e-29
       2018     10.405    17.2220   3.111559     1.2181     0.6453  4.7653488    90.8354     10.308    17.2204    23.1584     1.3673     23.351 -9.990e-29
       2019     10.411    17.2116   3.112681     1.2135     0.6453  4.7647379    90.8428     10.314    17.2100    23.1736     1.3527     23.100 -9.990e-29
       2020     10.417    17.2007   3.113805     1.2089     0.6453  4.7641834    90.8515     10.320    17.1991    23.1890     1.3386     22.857 -9.990e-29
       2021     10.424    17.1893   3.114899     1.2043     0.6453  4.7636813    90.8612     10.327    17.1877    23.2045     1.3250     22.621 -9.990e-29
       2022     10.430    17.1772   3.115928     1.1997     0.6453  4.7632281    90.8715     10.333    17.1756    23.2199     1.3119     22.394 -9.990e-29
       2023     10.437    17.1643   3.116877     1.1951     0.7735  4.7628208    90.8819     10.340    17.1627    23.2351     1.2992     22.174 -9.990e-29
       2024     10.444    17.1507   3.117759     1.1905     0.9566  4.7624564    90.8921     10.347    17.1491    23.2501     1.2870     21.961 -9.990e-29
       2025     10.451    17.1363   3.118592     1.1859     1.0116  4.7621324    90.9018     10.354    17.1347    23.2652     1.2752     21.755 -9.990e-29
       2026     10.459    17.1209   3.119393     1.1813     0.9932  4.7618466    90.9107     10.362    17.1193    23.2807     1.2638     21.556 -9.990e-29
       2027     10.466    17.1044   3.120174     1.1767     0.9932  4.7615970    90.9187     10.368    17.1028    23.2966     1.2528     21.364 -9.990e-29
       2028     10.474    17.0866   3.120945     1.1722     0.9749  4.7613819    90.9259     10.376    17.0850    23.3132     1.2424     21.182 -9.990e-29
       2029     10.481    17.0673   3.121706     1.1676     0.9932  4.7611997    90.9324     10.383    17.0657    23.3306     1.2322     21.002 -9.990e-29
       2030     10.489    17.0463   3.122460     1.1631     0.9932  4.7610492    90.9385     10.391    17.0447    23.3489     1.2225     20.831 -9.990e-29
       2031     10.497    17.0241   3.123213     1.1587     0.9932  4.7609293    90.9448     10.399    17.0225    23.3679     1.2135     20.670 -9.990e-29
       2032     10.505    17.0010   3.123975     1.1542     0.9932  4.7608393    90.9515     10.407    16.9994    23.3875     1.2045     20.511 -9.990e-29
       2033     10.513    16.9772   3.124753     1.1499     0.9932  4.7607784    90.9587     10.415    16.9756    23.4077     1.1964     20.364 -9.990e-29
       2034     10.521    16.9528   3.125561     1.1455     0.9932  4.7607463    90.9659     10.423    16.9512    23.4286     1.1883     20.219 -9.990e-29
       2035     10.530    16.9281   3.126406     1.1412     0.9932  4.7607427    90.9727     10.432    16.9265    23.4499     1.1807     20.083 -9.990e-29
       2036     10.538    16.9032   3.127302     1.1369     0.9932  4.7607676    90.9789     10.440    16.9016    23.4717     1.1733     19.951 -9.990e-29
       2037     10.547    16.8783   3.128264     1.1327     0.9932  4.7608212    90.9845     10.449    16.8767    23.4942     1.1665     19.827 -9.990e-29
       2038     10.555    16.8534   3.129309     1.1286     0.9749  4.7609038    90.9893     10.457    16.8518    23.5173     1.1601     19.712 -9.990e-29
       2039     10.564    16.8287   3.130453     1.1244     0.9932  4.7610161    90.9930     10.466    16.8271    23.5412     1.1537     19.597 -9.990e-29
       2040     10.572    16.8043   3.131716     1.1204     0.9932  4.7611588    90.9952     10.473    16.8027    23.5660     1.1480     19.494 -9.990e-29
       2041     10.581    16.7802   3.133104     1.1164     0.9749  4.7613329    90.9953     10.482    16.7786    23.5916     1.1425     19.394 0.0000e+00
       2042     10.590    16.7565   3.134605     1.1124     0.9932  4.7615396    90.9933     10.491    16.7549    23.6179     1.1372     19.297 0.0000e+00
       2043     10.599    16.7331   3.136194     1.1085     0.9932  4.7617804    90.9899     10.500    16.7315    23.6449     1.1323     19.208 0.0000e+00
       2044     10.608    16.7098   3.137844     1.1047     0.9932  4.7620568    90.9859     10.509    16.7082    23.6723     1.1278     19.126 0.0000e+00
       2045     10.617    16.6865   3.139536     1.1009     0.9932  4.7623710    90.9816     10.518    16.6849    23.7001     1.1234     19.046 0.0000e+00
       2046     10.626    16.6632   3.141246     1.0972     0.9932  4.7627250    90.9769     10.527    16.6616    23.7281     1.1194     18.973 0.0000e+00
       2047     10.636    16.6402   3.142954     1.0935     0.9932  4.7631212    90.9717     10.537    16.6386    23.7559     1.1156     18.903 0.0000e+00
       2048     10.645    16.6177   3.144642     1.0899     0.9932  4.7635625    90.9655     10.546    16.6161    23.7833     1.1121     18.839 0.0000e+00
       2049     10.654    16.5961   3.146294     1.0863     1.1764  4.7640520    90.9582     10.555    16.5945    23.8098     1.1088     18.777 0.0000e+00
       2050     10.664    16.5755   3.147903     1.0828     1.2497  4.7645930    90.9496     10.565    16.5739    23.8355     1.1058     18.722 0.0000e+00
       2051     10.673    16.5558   3.149467     1.0794     1.2680  4.7651892    90.9395     10.574    16.5542    23.8602     1.1032     18.673 0.0000e+00
       2052     10.683    16.5371   3.150990     1.0760     1.2680  4.7658449    90.9276     10.583    16.5355    23.8841     1.1007     18.626 0.0000e+00
       2053     10.693    16.5193   3.152478     1.0727     1.2680  4.7665646    90.9138     10.593    16.5177    23.9071     1.0985     18.585 0.0000e+00
       2054     10.703    16.5025   3.153937     1.0694     1.2497  4.7673534    90.8988     10.603    16.5009    23.9294     1.0964     18.546 0.0000e+00
       2055     10.712    16.4866   3.155374     1.0662     1.2680  4.7682166    90.8848     10.612    16.4850    23.9509     1.0946     18.513 0.0000e+00
       2056     10.723    16.4715   3.156797     1.0631     1.2680  4.7691603    90.8739     10.623    16.4699    23.9718     1.0932     18.486 0.0000e+00
       2057     10.733    16.4573   3.158205     1.0600     1.2680  4.7701911    90.8661     10.633    16.4557    23.9921     1.0919     18.461 0.0000e+00
       2058     10.743    16.4438   3.159590     1.0570     1.2680  4.7713161    90.8598     10.643    16.4422    24.0118     1.0909     18.441 0.0000e+00
       2059     10.753    16.4311   3.160933     1.0540     1.2680  4.7725431    90.8536     10.653    16.4295    24.0307     1.0900     18.423 0.0000e+00
       2060     10.763    16.4190   3.162216     1.0511     1.2680  4.7738808    90.8467     10.663    16.4174    24.0487     1.0894     18.411 0.0000e+00
       2061     10.773    16.4075   3.163432     1.0483     1.2680  4.7753384    90.8390     10.673    16.4059    24.0658     1.0892     18.404 0.0000e+00
       2062     10.783    16.3967   3.164579     1.0455     1.2497  4.7769260    90.8307     10.682    16.3951    24.0819     1.0890     18.399 0.0000e+00
       2063     10.794    16.3866   3.165665     1.0428     1.2497  4.7786547    90.8218     10.693    16.3850    24.0971     1.0892     18.400 0.0000e+00
       2064     10.804    16.3770   3.166695     1.0402     1.2313  4.7804516    90.8121     10.703    16.3754    24.1116     1.0897     18.407 0.0000e+00
