code/data/2023/2023_wed/06CTD12.cnv
* Sea-Bird SBE 9 Data File:
* FileName = C:\Users\ctd-user\Desktop\CTD_data\2023\MAR440 Sept 2023\06CTD12.hex
* Software Version Seasave V 7.26.2.13
* Temperature SN = 4493
* Conductivity SN = 1899
* Number of Bytes Per Scan = 37
* Number of Voltage Words = 4
* Number of Scans Averaged by the Deck Unit = 1
* NMEA Latitude = 58 19.43 N
* NMEA Longitude = 011 45.37 E
* NMEA UTC (Time) = Sep 06 2023 11:10:51
* NMEA baud rate = 4800
** Ship:
** Station:
** Operator:
# nquan = 14                                
# nvalues = 1636                        
# units = specified
# name 0 = scan: Scan Count
# name 1 = prDM: Pressure, Digiquartz [db]
# name 2 = t090C: Temperature [ITS-90, deg C]
# name 3 = c0S/m: Conductivity [S/m]
# name 4 = sbeox0V: Oxygen raw, SBE 43 [V]
# name 5 = flECO-AFL: Fluorescence, WET Labs ECO-AFL/FL [mg/m^3]
# name 6 = upoly0: Upoly 0, Turbidity
# name 7 = xmiss: Beam Transmission, Chelsea/Seatech [%]
# name 8 = depSM: Depth [salt water, m], lat = 58.3238
# name 9 = potemp090C: Potential Temperature [ITS-90, deg C]
# name 10 = sal00: Salinity, Practical [PSU]
# name 11 = sbeox0ML/L: Oxygen, SBE 43 [ml/l], WS = 2
# name 12 = sbeox0PS: Oxygen, SBE 43 [% saturation], WS = 2
# name 13 = flag: flag
# span 0 =          1,       1636       
# span 1 =      1.293,     16.965       
# span 2 =    13.7279,    18.3781       
# span 3 =   2.837246,   3.393969       
# span 4 =     0.8124,     2.8085       
# span 5 =     0.2057,     3.4291       
# span 6 =  4.5199434,  5.4510920       
# span 7 =    75.7398,    96.1437       
# span 8 =      1.281,     16.807       
# span 9 =    13.7257,    18.3776       
# span 10 =    20.3513,    27.6575      
# span 11 =     0.7860,     5.7632      
# span 12 =     12.888,     99.035      
# span 13 = 0.0000e+00, 0.0000e+00      
# interval = seconds: 0.0416667
# start_time = Sep 06 2023 11:10:51 [NMEA time, header]
# bad_flag = -9.990e-29
*END*
[from data line 723]
        724      1.655    18.3671   2.851665     2.8041     3.2277  5.1706325    79.0915      1.640    18.3668    20.4592     5.7484     98.786 0.0000e+00
        725      1.669    18.3666   2.851685     2.8041     3.2460  5.1731432    79.0860      1.653    18.3663    20.4596     5.7486     98.789 0.0000e+00
        726      1.684    18.3661   2.851711     2.8041     3.2277  5.1758333    79.0801      1.668    18.3658    20.4601     5.7489     98.792 0.0000e+00
        727      1.699    18.3656   2.851745     2.8042     3.2277  5.1787214    79.0737      1.683    18.3653    20.4606     5.7493     98.799 0.0000e+00
        728      1.715    18.3651   2.851787     2.8042     3.2277  5.1818276    79.0672      1.699    18.3648    20.4612     5.7495     98.802 0.0000e+00
        729      1.730    18.3647   2.851840     2.8042     3.2277  5.1851736    79.0605      1.714    18.3644    20.4618     5.7497     98.805 0.0000e+00
        730      1.747    18.3642   2.851903     2.8042     3.2094  5.1887826    79.0538      1.731    18.3639    20.4625     5.7499     98.808 0.0000e+00
        731      1.763    18.3637   2.851977     2.8042     3.2460  5.1926797    79.0467      1.747    18.3634    20.4634     5.7501     98.811 0.0000e+00
        732      1.780    18.3632   2.852060     2.8042     3.2277  5.1968920    79.0392      1.763    18.3629    20.4643     5.7504     98.815 0.0000e+00
        733      1.798    18.3628   2.852151     2.8043     3.2277  5.2014489    79.0311      1.781    18.3625    20.4652     5.7508     98.822 0.0000e+00
        734      1.816    18.3623   2.852250     2.8043     3.2277  5.2063820    79.0223      1.799    18.3620    20.4662     5.7510     98.826 0.0000e+00
        735      1.834    18.3618   2.852353     2.8043     3.2277  5.2117257    79.0131      1.817    18.3615    20.4673     5.7513     98.829 0.0000e+00
        736      1.852    18.3613   2.852456     2.8043     3.2460  5.2175171    79.0035      1.835    18.3610    20.4683     5.7515     98.833 0.0000e+00
        737      1.870    18.3606   2.852558     2.8044     3.2277  5.2237965    78.9932      1.853    18.3603    20.4695     5.7520     98.841 0.0000e+00
        738      1.889    18.3600   2.852657     2.8044     3.2460  5.2306076    78.9822      1.871    18.3597    20.4705     5.7523     98.845 0.0000e+00
        739      1.907    18.3593   2.852754     2.8045     3.2277  5.2379978    78.9706      1.889    18.3590    20.4716     5.7528     98.853 0.0000e+00
        740      1.926    18.3585   2.852850     2.8045     3.2277  5.2460185    78.9583      1.908    18.3582    20.4728     5.7530     98.857 0.0000e+00
        741      1.945    18.3577   2.852944     2.8046     3.2460  5.2547254    78.9453      1.927    18.3574    20.4739     5.7536     98.865 0.0000e+00
        742      1.964    18.3569   2.853036     2.8046     3.2460  5.2639244    78.9316      1.946    18.3566    20.4750     5.7538     98.868 0.0000e+00
        743      1.984    18.3560   2.853123     2.8047     3.2460  5.2729999    78.9172      1.966    18.3557    20.4762     5.7543     98.876 0.0000e+00
        744      2.003    18.3552   2.853207     2.8048     3.2460  5.2814205    78.9021      1.984    18.3549    20.4772     5.7548     98.884 0.0000e+00
        745      2.023    18.3544   2.853288     2.8048     3.2277  5.2890749    78.8861      2.004    18.3541    20.4783     5.7551     98.887 0.0000e+00
        746      2.043    18.3536   2.853370     2.8049     3.2460  5.2960163    78.8692      2.024    18.3533    20.4793     5.7556     98.896 0.0000e+00
        747      2.062    18.3529   2.853459     2.8050     3.2277  5.3022930    78.8514      2.043    18.3526    20.4803     5.7562     98.904 0.0000e+00
        748      2.082    18.3522   2.853554     2.8050     3.2460  5.3079486    78.8331      2.063    18.3519    20.4814     5.7564     98.908 0.0000e+00
        749      2.102    18.3516   2.853658     2.8051     3.2277  5.3130226    78.8157      2.082    18.3513    20.4826     5.7569     98.916 0.0000e+00
        750      2.122    18.3510   2.853771     2.8052     3.2460  5.3175502    78.8016      2.102    18.3507    20.4837     5.7574     98.924 0.0000e+00
        751      2.142    18.3505   2.853892     2.8052     3.2277  5.3215629    78.7918      2.122    18.3502    20.4849     5.7576     98.927 0.0000e+00
        752      2.162    18.3500   2.854020     2.8053     3.2277  5.3250887    78.7855      2.142    18.3497    20.4862     5.7581     98.934 0.0000e+00
        753      2.182    18.3496   2.854152     2.8054     3.2277  5.3281520    78.7813      2.162    18.3493    20.4874     5.7585     98.942 0.0000e+00
        754      2.202    18.3492   2.854289     2.8055     3.2277  5.3307741    78.7785      2.182    18.3489    20.4887     5.7589     98.949 0.0000e+00
        755      2.222    18.3489   2.854427     2.8055     3.2277  5.3329734    78.7763      2.201    18.3486    20.4899     5.7591     98.952 0.0000e+00
        756      2.242    18.3486   2.854563     2.8056     3.2277  5.3347651    78.7739      2.221    18.3482    20.4911     5.7595     98.959 0.0000e+00
        757      2.261    18.3485   2.854695     2.8057     3.2277  5.3361616    78.7709      2.240    18.3481    20.4922     5.7598     98.966 0.0000e+00
        758      2.281    18.3483   2.854820     2.8058     3.2277  5.3371727    78.7669      2.260    18.3479    20.4933     5.7602     98.973 0.0000e+00
        759      2.301    18.3483   2.854938     2.8059     3.2277  5.3378054    78.7617      2.280    18.3479    20.4942     5.7606     98.979 0.0000e+00
        760      2.321    18.3482   2.855048     2.8060     3.2277  5.3380642    78.7549      2.299    18.3478    20.4952     5.7609     98.985 0.0000e+00
        761      2.341    18.3483   2.855151     2.8061     3.2277  5.3379508    78.7463      2.319    18.3479    20.4959     5.7612     98.991 0.0000e+00
        762      2.361    18.3484   2.855245     2.8062     3.2277  5.3374643    78.7357      2.339    18.3480    20.4966     5.7615     98.997 0.0000e+00
        763      2.381    18.3486   2.855331     2.8063     3.2277  5.3366016    78.7227      2.359    18.3482    20.4972     5.7618     99.002 0.0000e+00
        764      2.401    18.3488   2.855407     2.8064     3.2277  5.3353565    78.7071      2.379    18.3484    20.4977     5.7620     99.007 0.0000e+00
        765      2.421    18.3491   2.855470     2.8065     3.2277  5.3337203    78.6889      2.398    18.3487    20.4980     5.7622     99.012 0.0000e+00
        766      2.441    18.3494   2.855517     2.8065     3.2277  5.3316818    78.6679      2.418    18.3490    20.4982     5.7622     99.012 0.0000e+00
        767      2.461    18.3498   2.855552     2.8066     3.2277  5.3292267    78.6439      2.438    18.3494    20.4983     5.7624     99.016 0.0000e+00
        768      2.481    18.3503   2.855571     2.8067     3.2094  5.3265078    78.6169      2.458    18.3499    20.4982     5.7626     99.020 0.0000e+00
        769      2.501    18.3509   2.855576     2.8069     3.2094  5.3238459    78.5866      2.478    18.3505    20.4979     5.7630     99.027 0.0000e+00
        770      2.520    18.3514   2.855564     2.8070     3.2277  5.3213925    78.5528      2.497    18.3510    20.4976     5.7631     99.030 0.0000e+00
        771      2.540    18.3521   2.855536     2.8071     3.2277  5.3191304    78.5151      2.516    18.3517    20.4970     5.7631     99.032 0.0000e+00
        772      2.560    18.3527   2.855491     2.8072     3.2094  5.3170440    78.4735      2.536    18.3523    20.4964     5.7632     99.034 0.0000e+00
        773      2.580    18.3535   2.855429     2.8073     3.2094  5.3151187    78.4277      2.556    18.3531    20.4955     5.7632     99.035 0.0000e+00
        774      2.599    18.3542   2.855351     2.8073     3.2094  5.3133410    78.3774      2.575    18.3538    20.4945     5.7630     99.032 0.0000e+00
        775      2.619    18.3550   2.855256     2.8074     3.2094  5.3116988    78.3221      2.595    18.3546    20.4934     5.7629     99.032 0.0000e+00
        776      2.638    18.3559   2.855143     2.8075     3.2277  5.3101804    78.2613      2.613    18.3555    20.4920     5.7629     99.032 0.0000e+00
        777      2.658    18.3569   2.855013     2.8076     3.2094  5.3087754    78.1980      2.633    18.3565    20.4905     5.7627     99.031 0.0000e+00
        778      2.678    18.3579   2.854865     2.8077     3.2277  5.3074740    78.1432      2.653    18.3575    20.4888     5.7626     99.029 0.0000e+00
        779      2.697    18.3589   2.854700     2.8078     3.2094  5.3062671    78.1103      2.672    18.3585    20.4870     5.7624     99.027 0.0000e+00
        780      2.717    18.3601   2.854519     2.8079     3.2094  5.3051463    78.1033      2.692    18.3597    20.4850     5.7622     99.024 0.0000e+00
        781      2.737    18.3612   2.854326     2.8080     3.2094  5.3041039    78.1169      2.712    18.3608    20.4829     5.7620     99.021 0.0000e+00
        782      2.756    18.3623   2.854123     2.8081     3.2094  5.3031326    78.1437      2.730    18.3619    20.4808     5.7617     99.017 0.0000e+00
        783      2.776    18.3635   2.853914     2.8081     3.2094  5.3022256    78.1781      2.750    18.3631    20.4785     5.7611     99.008 0.0000e+00
        784      2.795    18.3646   2.853695     2.8082     3.2094  5.3013766    78.2163      2.769    18.3642    20.4762     5.7607     99.003 0.0000e+00
        785      2.815    18.3657   2.853467     2.8083     3.2094  5.3005797    78.2558      2.789    18.3653    20.4739     5.7604     98.997 0.0000e+00
        786      2.834    18.3667   2.853227     2.8083     3.2277  5.2998294    78.2950      2.808    18.3663    20.4715     5.7597     98.987 0.0000e+00
        787      2.853    18.3678   2.852975     2.8084     3.2094  5.2991205    78.3325      2.826    18.3674    20.4690     5.7593     98.979 0.0000e+00
        788      2.873    18.3688   2.852709     2.8084     3.2094  5.2984480    78.3678      2.846    18.3683    20.4664     5.7586     98.968 0.0000e+00
        789      2.892    18.3697   2.852427     2.8085     3.2094  5.2978072    78.4005      2.865    18.3692    20.4637     5.7581     98.959 0.0000e+00
        790      2.912    18.3706   2.852127     2.8085     3.2094  5.2971937    78.4300      2.885    18.3701    20.4609     5.7573     98.946 0.0000e+00
        791      2.931    18.3714   2.851811     2.8085     3.2094  5.2966032    78.4558      2.904    18.3709    20.4580     5.7565     98.932 0.0000e+00
        792      2.951    18.3722   2.851485     2.8085     3.2094  5.2960316    78.4775      2.924    18.3717    20.4550     5.7556     98.916 0.0000e+00
        793      2.970    18.3729   2.851155     2.8085     3.2277  5.2954750    78.4946      2.942    18.3724    20.4521     5.7547     98.900 0.0000e+00
        794      2.989    18.3736   2.850824     2.8085     3.2460  5.2949294    78.5070      2.961    18.3731    20.4491     5.7538     98.884 0.0000e+00
        795      3.009    18.3743   2.850498     2.8084     3.2460  5.2943911    78.5146      2.981    18.3738    20.4462     5.7525     98.863 0.0000e+00
        796      3.028    18.3749   2.850178     2.8084     3.2460  5.2938563    78.5172      3.000    18.3744    20.4433     5.7515     98.845 0.0000e+00
        797      3.048    18.3754   2.849863     2.8083     3.2643  5.2933213    78.5148      3.020    18.3749    20.4406     5.7502     98.822 0.0000e+00
        798      3.067    18.3759   2.849557     2.8082     3.2460  5.2927823    78.5074      3.038    18.3754    20.4379     5.7489     98.799 0.0000e+00
        799      3.087    18.3764   2.849264     2.8082     3.2460  5.2922357    78.4951      3.058    18.3759    20.4354     5.7478     98.779 0.0000e+00
        800      3.106    18.3768   2.848987     2.8081     3.2460  5.2916777    78.4785      3.077    18.3763    20.4330     5.7464     98.754 0.0000e+00
        801      3.126    18.3771   2.848730     2.8080     3.2643  5.2911042    78.4616      3.097    18.3766    20.4308     5.7449     98.728 0.0000e+00
        802      3.145    18.3774   2.848490     2.8079     3.2460  5.2905115    78.4525      3.116    18.3769    20.4288     5.7434     98.702 0.0000e+00
        803      3.165    18.3776   2.848268     2.8077     3.2643  5.2898952    78.4567      3.136    18.3771    20.4269     5.7417     98.671 0.0000e+00
        804      3.185    18.3778   2.848060     2.8076     3.2460  5.2892512    78.4730      3.155    18.3773    20.4252     5.7401     98.644 0.0000e+00
        805      3.204    18.3779   2.847865     2.8075     3.2460  5.2885750    78.4978      3.174    18.3774    20.4236     5.7386     98.616 0.0000e+00
        806      3.224    18.3780   2.847683     2.8073     3.2460  5.2878618    78.5275      3.194    18.3775    20.4221     5.7367     98.584 0.0000e+00
        807      3.244    18.3781   2.847514     2.8071     3.2460  5.2871067    78.5599      3.214    18.3776    20.4207     5.7349     98.551 0.0000e+00
        808      3.263    18.3781   2.847360     2.8069     3.2460  5.2863045    78.5933      3.233    18.3776    20.4195     5.7330     98.518 0.0000e+00
        809      3.283    18.3781   2.847221     2.8067     3.2460  5.2854495    78.6267      3.252    18.3776    20.4184     5.7311     98.485 0.0000e+00
        810      3.303    18.3781   2.847096     2.8065     3.2460  5.2845359    78.6591      3.272    18.3776    20.4174     5.7292     98.451 0.0000e+00
        811      3.323    18.3780   2.846988     2.8062     3.2643  5.2835572    78.6901      3.292    18.3775    20.4166     5.7270     98.413 0.0000e+00
        812      3.343    18.3779   2.846893     2.8060     3.2460  5.2825066    78.7191      3.312    18.3774    20.4159     5.7251     98.379 0.0000e+00
        813      3.362    18.3777   2.846812     2.8057     3.2460  5.2813769    78.7460      3.331    18.3772    20.4153     5.7229     98.341 0.0000e+00
        814      3.382    18.3776   2.846745     2.8054     3.2277  5.2801602    78.7708      3.351    18.3771    20.4148     5.7207     98.303 0.0000e+00
        815      3.402    18.3775   2.846693     2.8050     3.2460  5.2788480    78.7935      3.370    18.3770    20.4145     5.7182     98.261 0.0000e+00
        816      3.422    18.3773   2.846654     2.8047     3.2460  5.2774312    78.8141      3.390    18.3768    20.4143     5.7160     98.223 0.0000e+00
        817      3.442    18.3772   2.846628     2.8043     3.2643  5.2759000    78.8326      3.410    18.3767    20.4141     5.7136     98.181 0.0000e+00
        818      3.462    18.3770   2.846614     2.8039     3.2826  5.2742436    78.8492      3.430    18.3765    20.4141     5.7112     98.139 0.0000e+00
        819      3.482    18.3769   2.846612     2.8035     3.3742  5.2725355    78.8638      3.450    18.3764    20.4141     5.7088     98.097 0.0000e+00
        820      3.503    18.3768   2.846621     2.8031     3.3742  5.2709338    78.8767      3.470    18.3762    20.4142     5.7064     98.055 0.0000e+00
        821      3.523    18.3767   2.846642     2.8026     3.4291  5.2695121    78.8880      3.490    18.3761    20.4144     5.7037     98.010 0.0000e+00
        822      3.543    18.3765   2.846672     2.8022     3.4291  5.2682606    78.8980      3.510    18.3759    20.4148     5.7014     97.969 0.0000e+00
        823      3.563    18.3764   2.846711     2.8017     3.4291  5.2671706    78.9066      3.530    18.3758    20.4151     5.6988     97.925 0.0000e+00
        824      3.584    18.3762   2.846758     2.8012     3.4291  5.2662346    78.9140      3.551    18.3756    20.4156     5.6962     97.881 0.0000e+00
        825      3.604    18.3759   2.846813     2.8007     3.4108  5.2654459    78.9204      3.570    18.3753    20.4162     5.6937     97.837 0.0000e+00
