code/data/2023/2023_wed/06CTD01.cnv
* Sea-Bird SBE 9 Data File:
* FileName = C:\Users\ctd-user\Desktop\CTD_data\2023\MAR440 Sept 2023\06CTD01.hex
* Software Version Seasave V 7.26.2.13
* Temperature SN = 4493
* Conductivity SN = 1899
* Number of Bytes Per Scan = 37
* Number of Voltage Words = 4
* Number of Scans Averaged by the Deck Unit = 1
* NMEA Latitude = 58 20.59 N
* NMEA Longitude = 011 54.20 E
* NMEA UTC (Time) = Sep 06 2023 08:12:05
* NMEA baud rate = 4800
** Ship:
** Station:
** Operator:
# nquan = 14                                
# nvalues = 2354                        
# units = specified
# name 0 = scan: Scan Count
# name 1 = prDM: Pressure, Digiquartz [db]
# name 2 = t090C: Temperature [ITS-90, deg C]
# name 3 = c0S/m: Conductivity [S/m]
# name 4 = sbeox0V: Oxygen raw, SBE 43 [V]
# name 5 = flECO-AFL: Fluorescence, WET Labs ECO-AFL/FL [mg/m^3]
# name 6 = upoly0: Upoly 0, Turbidity
# name 7 = xmiss: Beam Transmission, Chelsea/Seatech [%]
# name 8 = depSM: Depth [salt water, m], lat = 58.3432
# name 9 = potemp090C: Potential Temperature [ITS-90, deg C]
# name 10 = sal00: Salinity, Practical [PSU]
# name 11 = sbeox0ML/L: Oxygen, SBE 43 [ml/l], WS = 2
# name 12 = sbeox0PS: Oxygen, SBE 43 [% saturation], WS = 2
# name 13 = flag: flag
# span 0 =          1,       2354       
# span 1 =      1.388,     11.499       
# span 2 =    16.1980,    18.6996       
# span 3 =   2.644116,   3.183267       
# span 4 =     0.9948,     2.6119       
# span 5 =     0.6269,     5.6636       
# span 6 =  4.5270074,  5.1560359       
# span 7 =    78.2334,    90.9953       
# span 8 =      1.375,     11.392       
# span 9 =    16.1964,    18.6994       
# span 10 =    18.6797,    24.3534      
# span 11 =     1.0890,     5.2932      
# span 12 =     18.399,     90.579      
# span 13 = 0.0000e+00, 0.0000e+00      
# interval = seconds: 0.0416667
# start_time = Sep 06 2023 08:12:05 [NMEA time, header]
# bad_flag = -9.990e-29
*END*
[from data line 930]
        931      1.526    18.6512   2.667014     2.5869     4.9859  4.9657903    79.7953      1.512    18.6510    18.8785     5.2348     89.608 -9.990e-29
        932      1.527    18.6517   2.666883     2.5871     4.9676  4.9678456    79.7913      1.513    18.6515    18.8772     5.2352     89.614 -9.990e-29
        933      1.528    18.6521   2.666737     2.5872     4.9676  4.9696714    79.7868      1.514    18.6519    18.8759     5.2353     89.616 -9.990e-29
        934      1.529    18.6525   2.666581     2.5873     4.9859  4.9712803    79.7812      1.515    18.6523    18.8745     5.2354     89.618 -9.990e-29
        935      1.530    18.6528   2.666420     2.5874     4.9859  4.9726835    79.7740      1.516    18.6526    18.8731     5.2355     89.620 -9.990e-29
        936      1.531    18.6531   2.666257     2.5875     4.9676  4.9738908    79.7651      1.517    18.6529    18.8717     5.2356     89.621 -9.990e-29
        937      1.532    18.6534   2.666096     2.5876     5.0042  4.9749107    79.7540      1.518    18.6532    18.8704     5.2357     89.622 -9.990e-29
        938      1.533    18.6537   2.665937     2.5877     5.0042  4.9757501    79.7400      1.519    18.6535    18.8690     5.2357     89.623 -9.990e-29
        939      1.534    18.6541   2.665784     2.5878     4.9676  4.9764149    79.7228      1.520    18.6539    18.8676     5.2358     89.624 -9.990e-29
        940      1.535    18.6544   2.665638     2.5880     4.9676  4.9769098    79.7030      1.521    18.6542    18.8663     5.2361     89.630 -9.990e-29
        941      1.536    18.6548   2.665498     2.5881     4.9859  4.9772382    79.6835      1.522    18.6546    18.8651     5.2362     89.630 -9.990e-29
        942      1.537    18.6552   2.665365     2.5882     4.9859  4.9774023    79.6693      1.523    18.6550    18.8639     5.2362     89.631 -9.990e-29
        943      1.538    18.6557   2.665237     2.5883     4.9676  4.9774034    79.6655      1.524    18.6555    18.8626     5.2362     89.632 -9.990e-29
        944      1.538    18.6561   2.665114     2.5884     4.9859  4.9772414    79.6745      1.524    18.6559    18.8615     5.2362     89.632 -9.990e-29
        945      1.539    18.6565   2.664996     2.5885     4.9676  4.9769152    79.6954      1.525    18.6563    18.8604     5.2363     89.633 -9.990e-29
        946      1.539    18.6569   2.664882     2.5886     4.9676  4.9764226    79.7253      1.525    18.6567    18.8593     5.2363     89.633 -9.990e-29
        947      1.540    18.6572   2.664772     2.5886     4.9859  4.9757600    79.7609      1.526    18.6570    18.8583     5.2360     89.628 -9.990e-29
        948      1.541    18.6575   2.664668     2.5887     4.9859  4.9749229    79.7994      1.527    18.6573    18.8574     5.2360     89.629 -9.990e-29
        949      1.541    18.6577   2.664566     2.5888     4.9859  4.9739056    79.8387      1.527    18.6575    18.8565     5.2360     89.628 -9.990e-29
        950      1.541    18.6579   2.664466     2.5889     4.9676  4.9727008    79.8774      1.527    18.6577    18.8556     5.2360     89.628 -9.990e-29
        951      1.542    18.6580   2.664367     2.5890     4.9493  4.9713002    79.9141      1.528    18.6578    18.8548     5.2360     89.628 -9.990e-29
        952      1.542    18.6581   2.664270     2.5891     4.8943  4.9697790    79.9480      1.528    18.6579    18.8540     5.2360     89.627 -9.990e-29
        953      1.543    18.6582   2.664174     2.5891     4.8943  4.9682966    79.9786      1.529    18.6580    18.8532     5.2357     89.623 -9.990e-29
        954      1.543    18.6583   2.664080     2.5892     4.8760  4.9669275    80.0059      1.529    18.6581    18.8525     5.2357     89.622 -9.990e-29
        955      1.543    18.6583   2.663987     2.5893     4.9127  4.9656621    80.0307      1.529    18.6581    18.8517     5.2357     89.621 -9.990e-29
        956      1.543    18.6582   2.663896     2.5893     4.8943  4.9644918    80.0535      1.529    18.6580    18.8511     5.2354     89.616 -9.990e-29
        957      1.543    18.6582   2.663807     2.5894     4.8760  4.9634084    80.0755      1.529    18.6580    18.8504     5.2354     89.615 -9.990e-29
        958      1.543    18.6581   2.663722     2.5894     4.8943  4.9624043    80.0973      1.529    18.6579    18.8498     5.2351     89.610 -9.990e-29
        959      1.543    18.6580   2.663644     2.5895     4.8943  4.9614725    80.1191      1.529    18.6578    18.8492     5.2351     89.609 -9.990e-29
        960      1.543    18.6578   2.663571     2.5895     4.8943  4.9606066    80.1411      1.529    18.6576    18.8487     5.2348     89.604 -9.990e-29
        961      1.543    18.6577   2.663504     2.5896     4.8760  4.9598006    80.1628      1.529    18.6575    18.8483     5.2348     89.603 -9.990e-29
        962      1.543    18.6575   2.663444     2.5896     4.8760  4.9590487    80.1835      1.529    18.6573    18.8479     5.2345     89.597 -9.990e-29
        963      1.543    18.6573   2.663387     2.5897     4.8760  4.9583459    80.2025      1.529    18.6571    18.8475     5.2344     89.596 -9.990e-29
        964      1.543    18.6572   2.663335     2.5897     4.8943  4.9576872    80.2195      1.529    18.6570    18.8472     5.2341     89.590 -9.990e-29
        965      1.543    18.6570   2.663288     2.5897     4.8760  4.9570680    80.2344      1.529    18.6568    18.8469     5.2339     89.585 -9.990e-29
        966      1.542    18.6568   2.663241     2.5897     4.8943  4.9564840    80.2472      1.528    18.6566    18.8466     5.2336     89.580 -9.990e-29
        967      1.542    18.6566   2.663197     2.5898     4.8760  4.9559312    80.2584      1.528    18.6564    18.8464     5.2336     89.579 -9.990e-29
        968      1.541    18.6564   2.663154     2.5898     4.8943  4.9554057    80.2683      1.527    18.6562    18.8461     5.2333     89.574 -9.990e-29
        969      1.541    18.6563   2.663112     2.5898     4.8943  4.9549038    80.2773      1.527    18.6561    18.8459     5.2330     89.568 -9.990e-29
        970      1.540    18.6561   2.663071     2.5898     4.8943  4.9544222    80.2854      1.526    18.6559    18.8456     5.2327     89.563 -9.990e-29
        971      1.540    18.6560   2.663032     2.5898     4.8760  4.9539573    80.2931      1.526    18.6558    18.8454     5.2324     89.558 -9.990e-29
        972      1.539    18.6558   2.662993     2.5898     4.8760  4.9535060    80.3005      1.525    18.6556    18.8452     5.2321     89.552 -9.990e-29
        973      1.538    18.6556   2.662955     2.5898     4.8943  4.9530652    80.3076      1.524    18.6554    18.8450     5.2318     89.546 -9.990e-29
        974      1.538    18.6554   2.662917     2.5898     4.8943  4.9526317    80.3139      1.524    18.6552    18.8447     5.2315     89.540 -9.990e-29
        975      1.537    18.6552   2.662880     2.5898     4.8943  4.9522026    80.3185      1.523    18.6550    18.8445     5.2312     89.534 -9.990e-29
        976      1.536    18.6550   2.662843     2.5898     4.8943  4.9517749    80.3212      1.522    18.6548    18.8444     5.2308     89.529 -9.990e-29
        977      1.535    18.6548   2.662806     2.5898     5.0409  4.9513456    80.3216      1.521    18.6546    18.8442     5.2305     89.523 -9.990e-29
        978      1.534    18.6546   2.662769     2.5897     5.1508  4.9509116    80.3202      1.520    18.6544    18.8440     5.2300     89.513 -9.990e-29
        979      1.533    18.6544   2.662731     2.5897     5.1691  4.9504701    80.3180      1.519    18.6542    18.8438     5.2297     89.507 -9.990e-29
        980      1.532    18.6542   2.662692     2.5897     5.1691  4.9500179    80.3160      1.518    18.6540    18.8435     5.2294     89.501 -9.990e-29
        981      1.531    18.6540   2.662652     2.5897     5.1508  4.9495519    80.3146      1.517    18.6538    18.8433     5.2290     89.495 -9.990e-29
        982      1.530    18.6538   2.662610     2.5897     5.1508  4.9490688    80.3140      1.516    18.6536    18.8431     5.2287     89.490 -9.990e-29
        983      1.529    18.6536   2.662564     2.5896     5.1508  4.9485653    80.3137      1.515    18.6534    18.8428     5.2282     89.480 -9.990e-29
        984      1.528    18.6534   2.662516     2.5896     5.1508  4.9480379    80.3137      1.514    18.6532    18.8425     5.2279     89.474 -9.990e-29
        985      1.527    18.6532   2.662465     2.5896     5.1508  4.9474829    80.3138      1.513    18.6530    18.8422     5.2276     89.469 -9.990e-29
        986      1.526    18.6530   2.662411     2.5895     5.1508  4.9468964    80.3141      1.512    18.6528    18.8419     5.2271     89.459 -9.990e-29
        987      1.525    18.6528   2.662351     2.5895     5.1508  4.9462743    80.3144      1.511    18.6526    18.8415     5.2268     89.453 -9.990e-29
        988      1.523    18.6526   2.662287     2.5895     5.1691  4.9456124    80.3143      1.509    18.6524    18.8411     5.2265     89.448 -9.990e-29
        989      1.522    18.6525   2.662219     2.5894     5.1508  4.9449061    80.3136      1.508    18.6523    18.8406     5.2259     89.438 -9.990e-29
        990      1.521    18.6523   2.662146     2.5894     5.1508  4.9441503    80.3119      1.507    18.6521    18.8402     5.2257     89.433 -9.990e-29
        991      1.520    18.6521   2.662070     2.5893     5.1508  4.9433400    80.3087      1.506    18.6519    18.8397     5.2251     89.423 -9.990e-29
        992      1.518    18.6520   2.661992     2.5892     5.1691  4.9424693    80.3039      1.504    18.6518    18.8391     5.2246     89.414 -9.990e-29
        993      1.517    18.6518   2.661911     2.5892     5.1508  4.9415323    80.2979      1.503    18.6516    18.8386     5.2244     89.409 -9.990e-29
        994      1.515    18.6516   2.661830     2.5891     5.1508  4.9405224    80.2914      1.501    18.6514    18.8380     5.2239     89.400 -9.990e-29
        995      1.514    18.6515   2.661749     2.5890     5.1508  4.9394327    80.2855      1.500    18.6513    18.8374     5.2234     89.391 -9.990e-29
        996      1.512    18.6513   2.661668     2.5889     5.1508  4.9382555    80.2810      1.498    18.6511    18.8369     5.2229     89.382 -9.990e-29
        997      1.511    18.6511   2.661592     2.5888     5.1508  4.9369827    80.2783      1.497    18.6509    18.8364     5.2224     89.374 -9.990e-29
        998      1.509    18.6509   2.661517     2.5887     5.1508  4.9356054    80.2772      1.495    18.6507    18.8359     5.2220     89.365 -9.990e-29
        999      1.508    18.6508   2.661447     2.5886     5.1691  4.9341139    80.2773      1.494    18.6506    18.8354     5.2215     89.357 -9.990e-29
       1000      1.506    18.6506   2.661380     2.5885     5.1691  4.9324981    80.2777      1.492    18.6504    18.8350     5.2211     89.349 -9.990e-29
       1001      1.505    18.6504   2.661315     2.5884     5.1508  4.9307465    80.2781      1.491    18.6502    18.8346     5.2207     89.342 -9.990e-29
       1002      1.503    18.6502   2.661254     2.5883     5.1508  4.9288470    80.2783      1.489    18.6500    18.8342     5.2203     89.334 -9.990e-29
       1003      1.501    18.6500   2.661198     2.5882     5.1141  4.9268714    80.2782      1.487    18.6498    18.8338     5.2199     89.327 -9.990e-29
       1004      1.500    18.6498   2.661144     2.5881     5.1141  4.9249758    80.2775      1.486    18.6496    18.8335     5.2195     89.320 -9.990e-29
       1005      1.498    18.6495   2.661093     2.5880     5.0958  4.9232318    80.2757      1.484    18.6493    18.8333     5.2192     89.314 -9.990e-29
       1006      1.497    18.6492   2.661047     2.5879     5.1141  4.9216275    80.2727      1.483    18.6490    18.8330     5.2189     89.308 -9.990e-29
       1007      1.495    18.6490   2.661004     2.5878     5.1141  4.9201516    80.2683      1.481    18.6488    18.8328     5.2186     89.302 -9.990e-29
       1008      1.493    18.6487   2.660967     2.5877     5.1141  4.9187939    80.2623      1.479    18.6485    18.8326     5.2183     89.296 -9.990e-29
       1009      1.492    18.6483   2.660935     2.5876     5.1141  4.9175449    80.2553      1.478    18.6481    18.8326     5.2180     89.291 -9.990e-29
       1010      1.490    18.6480   2.660909     2.5874     5.1141  4.9163960    80.2478      1.476    18.6478    18.8325     5.2175     89.282 -9.990e-29
       1011      1.489    18.6475   2.660887     2.5873     5.1141  4.9153391    80.2401      1.475    18.6473    18.8326     5.2173     89.277 -9.990e-29
       1012      1.487    18.6470   2.660871     2.5872     5.1141  4.9143668    80.2323      1.473    18.6468    18.8327     5.2171     89.273 -9.990e-29
       1013      1.485    18.6465   2.660860     2.5871     5.1141  4.9134725    80.2246      1.471    18.6463    18.8328     5.2169     89.269 -9.990e-29
       1014      1.484    18.6458   2.660856     2.5870     5.1141  4.9126500    80.2168      1.470    18.6456    18.8331     5.2167     89.265 -9.990e-29
       1015      1.482    18.6451   2.660858     2.5868     5.1324  4.9118934    80.2086      1.468    18.6449    18.8334     5.2164     89.258 -9.990e-29
       1016      1.480    18.6444   2.660869     2.5867     5.1324  4.9111975    80.2003      1.466    18.6442    18.8338     5.2162     89.255 -9.990e-29
       1017      1.478    18.6437   2.660889     2.5866     5.1141  4.9105575    80.1921      1.464    18.6435    18.8343     5.2161     89.251 -9.990e-29
       1018      1.477    18.6430   2.660918     2.5865     5.1141  4.9099689    80.1838      1.463    18.6428    18.8349     5.2160     89.248 -9.990e-29
       1019      1.475    18.6424   2.660958     2.5864     5.1141  4.9094277    80.1754      1.461    18.6422    18.8354     5.2159     89.245 -9.990e-29
       1020      1.473    18.6417   2.661010     2.5863     5.1141  4.9089300    80.1668      1.459    18.6415    18.8362     5.2157     89.242 -9.990e-29
       1021      1.472    18.6412   2.661075     2.5862     5.1141  4.9084724    80.1581      1.458    18.6410    18.8369     5.2156     89.239 -9.990e-29
       1022      1.470    18.6406   2.661153     2.5861     5.1141  4.9080518    80.1495      1.456    18.6404    18.8378     5.2154     89.236 -9.990e-29
       1023      1.469    18.6402   2.661245     2.5860     5.1141  4.9076651    80.1411      1.455    18.6400    18.8387     5.2152     89.233 -9.990e-29
       1024      1.467    18.6398   2.661352     2.5859     5.0958  4.9073098    80.1331      1.453    18.6396    18.8397     5.2150     89.229 -9.990e-29
       1025      1.466    18.6394   2.661473     2.5859     5.1141  4.9069833    80.1259      1.452    18.6392    18.8408     5.2151     89.230 -9.990e-29
       1026      1.464    18.6391   2.661607     2.5858     5.1141  4.9066833    80.1196      1.450    18.6389    18.8420     5.2148     89.226 -9.990e-29
       1027      1.463    18.6388   2.661754     2.5857     5.1141  4.9064078    80.1136      1.449    18.6386    18.8433     5.2146     89.221 -9.990e-29
       1028      1.461    18.6386   2.661912     2.5856     5.1324  4.9061549    80.1074      1.447    18.6384    18.8446     5.2143     89.217 -9.990e-29
       1029      1.459    18.6384   2.662077     2.5856     5.1324  4.9059228    80.1005      1.445    18.6382    18.8459     5.2143     89.217 -9.990e-29
       1030      1.458    18.6381   2.662247     2.5855     5.1324  4.9057099    80.0926      1.444    18.6379    18.8474     5.2140     89.212 -9.990e-29
       1031      1.457    18.6379   2.662417     2.5854     5.1324  4.9055147    80.0837      1.443    18.6377    18.8488     5.2136     89.207 -9.990e-29
       1032      1.455    18.6377   2.662582     2.5853     5.1324  4.9053358    80.0739      1.441    18.6375    18.8502     5.2133     89.202 -9.990e-29
