code/data/2020/st_D_conv.cnv
* Sea-Bird SBE 9 Data File:
* FileName = C:\Documents and Settings\Boat\Desktop\MAR440_TUES\st_D.hdr
* Software Version Seasave V 7.20a
* Temperature SN = 4766
* Conductivity SN = 3059
* Number of Bytes Per Scan = 34
* Number of Voltage Words = 5
* Number of Scans Averaged by the Deck Unit = 1
* NMEA Latitude = 58 19.35 N
* NMEA Longitude = 011 50.04 E
* NMEA UTC (Time) = Sep 22 2020  10:31:12
** StationNumber: st_D
** BottomDepth: 16
# nquan = 12
# nvalues = 11034                                 
# units = specified
# name 0 = latitude: Latitude [deg]
# name 1 = longitude: Longitude [deg]
# name 2 = prDM: Pressure, Digiquartz [db]
# name 3 = depSM: Depth [salt water, m]
# name 4 = t090C: Temperature [ITS-90, deg C]
# name 5 = c0S/m: Conductivity [S/m]
# name 6 = sal00: Salinity, Practical [PSU]
# name 7 = sbeox0ML/L: Oxygen, SBE 43 [ml/l]
# name 8 = flECO-AFL: Fluorescence, WET Labs ECO-AFL/FL [mg/m^3]
# name 9 = density00: Density [density, kg/m^3]
# name 10 = svCM: Sound Velocity [Chen-Millero, m/s]
# name 11 = flag:  0.000e+00
# span 0 =   58.32250,   58.32278                 
# span 1 =   11.83378,   11.83402                 
# span 2 =     -0.474,     14.800                 
# span 3 =     -0.470,     14.662                 
# span 4 =    13.0492,    15.9990                 
# span 5 =   0.304569,   3.419933                 
# span 6 =     1.9736,    28.5373                 
# span 7 =     0.4287,     7.2656                 
# span 8 =    -0.2682,     1.5755                 
# span 9 =  1000.5421,  1021.4488                 
# span 10 =    1469.54,    1496.87                
# span 11 = 0.0000e+00, 0.0000e+00                
# interval = seconds: 0.0416667
# start_time = Sep 22 2020 12:31:13 [System UpLoad Time]
# bad_flag = -9.990e-29
*END*
[from data line 8301]
   58.32268   11.83396     12.187     12.074    13.6260   3.358991    27.6065     0.5496     0.3911  1020.6094    1493.76  0.000e+00
   58.32268   11.83396     12.132     12.019    13.6266   3.359003    27.6061     0.5545     0.3911  1020.6088    1493.76  0.000e+00
   58.32268   11.83396     12.187     12.074    13.6268   3.359003    27.6060     0.5509     0.3911  1020.6089    1493.77  0.000e+00
   58.32268   11.83396     12.195     12.081    13.6268   3.359015    27.6061     0.5512     0.3911  1020.6090    1493.77  0.000e+00
   58.32268   11.83396     12.124     12.011    13.6269   3.359003    27.6060     0.5514     0.3911  1020.6086    1493.76  0.000e+00
   58.32268   11.83396     12.195     12.081    13.6268   3.359022    27.6061     0.5517     0.3911  1020.6090    1493.77  0.000e+00
   58.32268   11.83396     12.187     12.074    13.6270   3.359046    27.6063     0.5520     0.3911  1020.6091    1493.77  0.000e+00
   58.32268   11.83396     12.132     12.019    13.6270   3.359058    27.6064     0.5523     0.3911  1020.6089    1493.77  0.000e+00
   58.32268   11.83396     12.187     12.074    13.6271   3.359064    27.6063     0.5522     0.3911  1020.6091    1493.77  0.000e+00
   58.32268   11.83396     12.195     12.081    13.6270   3.359028    27.6061     0.5521     0.3911  1020.6090    1493.77  0.000e+00
   58.32268   11.83396     12.187     12.074    13.6271   3.359052    27.6062     0.5524     0.3911  1020.6090    1493.77  0.000e+00
   58.32268   11.83396     12.132     12.019    13.6273   3.359040    27.6060     0.5527     0.3911  1020.6085    1493.77  0.000e+00
   58.32268   11.83396     12.187     12.074    13.6275   3.359077    27.6062     0.5573     0.3911  1020.6089    1493.77  0.000e+00
   58.32268   11.83396     12.195     12.081    13.6276   3.359058    27.6060     0.5577     0.3911  1020.6088    1493.77  0.000e+00
   58.32268   11.83396     12.124     12.011    13.6280   3.359015    27.6053     0.5537     0.3911  1020.6078    1493.77  0.000e+00
   58.32268   11.83396     12.195     12.081    13.6276   3.359021    27.6056     0.5536     0.3911  1020.6084    1493.77  0.000e+00
   58.32268   11.83396     12.187     12.074    13.6280   3.359046    27.6055     0.5535     0.4155  1020.6083    1493.77  0.000e+00
   58.32268   11.83396     12.195     12.081    13.6278   3.359034    27.6055     0.5534     0.4522  1020.6084    1493.77  0.000e+00
   58.32268   11.83396     12.124     12.011    13.6282   3.359052    27.6055     0.5576     0.4766  1020.6080    1493.77  0.000e+00
   58.32268   11.83396     12.195     12.081    13.6280   3.359052    27.6056     0.5536     0.4644  1020.6084    1493.77  0.000e+00
   58.32268   11.83396     12.187     12.074    13.6282   3.359058    27.6055     0.5535     0.4644  1020.6083    1493.77  0.000e+00
   58.32268   11.83396     12.132     12.019    13.6280   3.359064    27.6057     0.5576     0.4644  1020.6082    1493.77  0.000e+00
   58.32268   11.83396     12.187     12.074    13.6282   3.359107    27.6059     0.5537     0.4644  1020.6086    1493.77  0.000e+00
   58.32268   11.83396     12.195     12.081    13.6282   3.359089    27.6058     0.5535     0.4644  1020.6085    1493.77  0.000e+00
   58.32268   11.83396     12.187     12.074    13.6283   3.359040    27.6052     0.5576     0.4644  1020.6080    1493.77  0.000e+00
   58.32268   11.83396     12.195     12.081    13.6283   3.359077    27.6056     0.5579     0.4644  1020.6083    1493.77  0.000e+00
   58.32268   11.83396     12.124     12.011    13.6283   3.359058    27.6054     0.5581     0.4644  1020.6079    1493.77  0.000e+00
   58.32268   11.83396     12.195     12.081    13.6287   3.359058    27.6052     0.5541     0.4644  1020.6079    1493.77  0.000e+00
   58.32268   11.83396     12.187     12.074    13.6287   3.359083    27.6054     0.5539     0.4644  1020.6081    1493.77  0.000e+00
   58.32268   11.83396     12.195     12.081    13.6288   3.359077    27.6052     0.5537     0.4644  1020.6079    1493.77  0.000e+00
   58.32268   11.83396     12.124     12.011    13.6289   3.359064    27.6051     0.5535     0.4644  1020.6075    1493.77  0.000e+00
   58.32268   11.83396     12.195     12.081    13.6288   3.359064    27.6051     0.5576     0.4644  1020.6078    1493.77  0.000e+00
   58.32268   11.83396     12.187     12.074    13.6287   3.359040    27.6050     0.5535     0.4644  1020.6078    1493.77  0.000e+00
   58.32268   11.83396     12.132     12.019    13.6292   3.359064    27.6049     0.5576     0.4766  1020.6073    1493.77  0.000e+00
   58.32268   11.83396     12.187     12.074    13.6290   3.359064    27.6050     0.5535     0.4644  1020.6077    1493.77  0.000e+00
   58.32268   11.83396     12.132     12.019    13.6293   3.359064    27.6048     0.5575     0.4644  1020.6072    1493.77  0.000e+00
   58.32268   11.83396     12.187     12.074    13.6292   3.359028    27.6045     0.5535     0.4644  1020.6073    1493.77  0.000e+00
   58.32268   11.83396     12.195     12.081    13.6288   3.359052    27.6050     0.5532     0.4644  1020.6078    1493.77  0.000e+00
   58.32268   11.83396     12.187     12.074    13.6290   3.359064    27.6050     0.5530     0.4644  1020.6077    1493.77  0.000e+00
   58.32268   11.83396     12.195     12.081    13.6287   3.359071    27.6052     0.5532     0.4644  1020.6080    1493.77  0.000e+00
   58.32268   11.83396     12.124     12.011    13.6288   3.359021    27.6047     0.5529     0.4766  1020.6072    1493.77  0.000e+00
   58.32268   11.83396     12.195     12.081    13.6288   3.359046    27.6049     0.5574     0.5132  1020.6077    1493.77  0.000e+00
   58.32268   11.83396     12.187     12.074    13.6288   3.359064    27.6051     0.5533     0.5254  1020.6078    1493.77  0.000e+00
   58.32268   11.83396     12.132     12.019    13.6288   3.359052    27.6050     0.5536     0.5254  1020.6075    1493.77  0.000e+00
   58.32268   11.83396     12.187     12.074    13.6290   3.359034    27.6047     0.5533     0.5254  1020.6075    1493.77  0.000e+00
   58.32268   11.83396     12.195     12.081    13.6292   3.359052    27.6047     0.5531     0.5254  1020.6075    1493.77  0.000e+00
   58.32268   11.83396     12.124     12.011    13.6295   3.359028    27.6043     0.5529     0.5254  1020.6068    1493.77  0.000e+00
   58.32268   11.83396     12.187     12.074    13.6296   3.359052    27.6045     0.5569     0.5254  1020.6072    1493.77  0.000e+00
   58.32268   11.83396     12.195     12.081    13.6293   3.359064    27.6047     0.5529     0.5254  1020.6075    1493.77  0.000e+00
   58.32268   11.83396     12.124     12.011    13.6293   3.359095    27.6050     0.5526     0.5254  1020.6074    1493.77  0.000e+00
   58.32268   11.83396     12.195     12.081    13.6297   3.359095    27.6048     0.5529     0.5254  1020.6074    1493.77  0.000e+00
   58.32268   11.83396     12.243     12.129    13.6297   3.359071    27.6045     0.5526     0.5254  1020.6075    1493.77  0.000e+00
   58.32268   11.83396     12.132     12.018    13.6298   3.359083    27.6046     0.5524     0.5254  1020.6069    1493.77  0.000e+00
   58.32268   11.83396     12.187     12.074    13.6300   3.359077    27.6043     0.5522     0.5254  1020.6070    1493.77  0.000e+00
   58.32268   11.83396     12.076     11.963    13.6298   3.359064    27.6044     0.5562     0.5254  1020.6066    1493.77  0.000e+00
   58.32268   11.83396     12.187     12.074    13.6298   3.359107    27.6048     0.5522     0.5254  1020.6074    1493.77  0.000e+00
   58.32268   11.83396     12.195     12.081    13.6297   3.359132    27.6051     0.5520     0.5254  1020.6077    1493.77  0.000e+00
   58.32268   11.83396     12.124     12.011    13.6300   3.359101    27.6046     0.5517     0.5254  1020.6069    1493.77  0.000e+00
   58.32268   11.83396     12.195     12.081    13.6297   3.359095    27.6048     0.5515     0.5254  1020.6074    1493.77  0.000e+00
   58.32268   11.83396     12.187     12.074    13.6300   3.359101    27.6046     0.5512     0.5254  1020.6072    1493.77  0.000e+00
   58.32268   11.83396     12.132     12.018    13.6298   3.359120    27.6049     0.5553     0.5254  1020.6072    1493.77  0.000e+00
   58.32268   11.83396     12.187     12.074    13.6297   3.359101    27.6048     0.5559     0.5254  1020.6075    1493.77  0.000e+00
   58.32268   11.83396     12.195     12.081    13.6298   3.359126    27.6049     0.5523     0.5254  1020.6075    1493.77  0.000e+00
   58.32268   11.83396     12.187     12.074    13.6295   3.359126    27.6052     0.5563     0.5254  1020.6077    1493.77  0.000e+00
   58.32268   11.83396     12.132     12.018    13.6294   3.359101    27.6051     0.5522     0.5254  1020.6074    1493.77  0.000e+00
   58.32268   11.83396     12.187     12.074    13.6290   3.359095    27.6052     0.5562     0.5621  1020.6079    1493.77  0.000e+00
   58.32268   11.83396     12.195     12.081    13.6290   3.359101    27.6053     0.5564     0.5987  1020.6080    1493.77  0.000e+00
   58.32268   11.83396     12.124     12.011    13.6287   3.359095    27.6055     0.5527     0.5987  1020.6079    1493.77  0.000e+00
   58.32268   11.83396     12.195     12.081    13.6287   3.359095    27.6055     0.5525     0.5987  1020.6082    1493.77  0.000e+00
   58.32268   11.83396     12.187     12.073    13.6290   3.359126    27.6055     0.5522     0.5987  1020.6081    1493.77  0.000e+00
   58.32268   11.83396     12.132     12.018    13.6287   3.359101    27.6056     0.5524     0.5987  1020.6080    1493.77  0.000e+00
   58.32268   11.83396     12.187     12.073    13.6290   3.359071    27.6050     0.5564     0.5987  1020.6077    1493.77  0.000e+00
   58.32268   11.83396     12.195     12.081    13.6292   3.359095    27.6051     0.5565     0.5987  1020.6078    1493.77  0.000e+00
   58.32268   11.83396     12.124     12.011    13.6288   3.359071    27.6052     0.5529     0.5987  1020.6076    1493.77  0.000e+00
   58.32268   11.83396     12.195     12.081    13.6290   3.359083    27.6051     0.5531     0.5987  1020.6078    1493.77  0.000e+00
   58.32268   11.83396     12.187     12.073    13.6287   3.359095    27.6055     0.5533     0.5987  1020.6082    1493.77  0.000e+00
   58.32268   11.83396     12.195     12.081    13.6290   3.359077    27.6051     0.5530     0.5987  1020.6078    1493.77  0.000e+00
   58.32268   11.83396     12.124     12.011    13.6292   3.359089    27.6051     0.5528     0.5987  1020.6075    1493.77  0.000e+00
   58.32268   11.83396     12.195     12.081    13.6290   3.359095    27.6052     0.5526     0.5987  1020.6079    1493.77  0.000e+00
   58.32268   11.83396     12.187     12.073    13.6288   3.359101    27.6054     0.5523     0.5987  1020.6081    1493.77  0.000e+00
   58.32268   11.83396     12.195     12.081    13.6288   3.359071    27.6051     0.5525     0.5987  1020.6079    1493.77  0.000e+00
   58.32268   11.83396     12.124     12.011    13.6289   3.359083    27.6052     0.5566     0.5987  1020.6076    1493.77  0.000e+00
   58.32268   11.83396     12.195     12.081    13.6287   3.359077    27.6053     0.5530     0.5987  1020.6081    1493.77  0.000e+00
   58.32268   11.83396     12.187     12.073    13.6288   3.359089    27.6053     0.5528     0.5987  1020.6080    1493.77  0.000e+00
   58.32268   11.83396     12.132     12.018    13.6288   3.359071    27.6052     0.5530     0.5987  1020.6076    1493.77  0.000e+00
   58.32268   11.83396     12.187     12.073    13.6287   3.359083    27.6054     0.5571     0.5987  1020.6081    1493.77  0.000e+00
   58.32268   11.83396     12.195     12.081    13.6287   3.359058    27.6052     0.5573     0.5987  1020.6079    1493.77  0.000e+00
   58.32268   11.83396     12.187     12.073    13.6285   3.359107    27.6057     0.5532     0.5987  1020.6083    1493.77  0.000e+00
   58.32268   11.83396     12.132     12.018    13.6285   3.359126    27.6059     0.5530     0.5987  1020.6082    1493.77  0.000e+00
   58.32268   11.83396     12.187     12.073    13.6286   3.359089    27.6055     0.5527     0.5621  1020.6082    1493.77  0.000e+00
   58.32268   11.83396     12.195     12.081    13.6285   3.359089    27.6055     0.5572     0.5010  1020.6083    1493.77  0.000e+00
   58.32268   11.83396     12.187     12.073    13.6288   3.359071    27.6051     0.5532     0.4888  1020.6079    1493.77  0.000e+00
   58.32268   11.83396     12.195     12.081    13.6290   3.359095    27.6052     0.5529     0.4888  1020.6079    1493.77  0.000e+00
   58.32268   11.83396     12.124     12.011    13.6292   3.359095    27.6052     0.5527     0.4888  1020.6075    1493.77  0.000e+00
   58.32268   11.83396     12.195     12.081    13.6293   3.359071    27.6048     0.5524     0.4888  1020.6075    1493.77  0.000e+00
   58.32268   11.83396     12.124     12.011    13.6297   3.359107    27.6049     0.5565     0.4888  1020.6072    1493.77  0.000e+00
   58.32268   11.83396     12.195     12.081    13.6297   3.359089    27.6047     0.5571     0.4888  1020.6074    1493.77  0.000e+00
   58.32268   11.83396     12.187     12.073    13.6297   3.359089    27.6047     0.5573     0.4888  1020.6074    1493.77  0.000e+00
   58.32268   11.83396     12.195     12.081    13.6299   3.359114    27.6048     0.5574     0.4888  1020.6074    1493.77  0.000e+00
   58.32268   11.83396     12.124     12.011    13.6297   3.359107    27.6049     0.5576     0.4888  1020.6072    1493.77  0.000e+00
   58.32268   11.83396     12.132     12.018    13.6298   3.359095    27.6047     0.5535     0.4888  1020.6070    1493.77  0.000e+00
   58.32268   11.83396     12.243     12.128    13.6300   3.359114    27.6047     0.5532     0.4888  1020.6075    1493.78  0.000e+00
   58.32268   11.83396     12.187     12.073    13.6298   3.359107    27.6048     0.5571     0.4888  1020.6074    1493.77  0.000e+00
   58.32268   11.83396     12.132     12.018    13.6302   3.359144    27.6049     0.5576     0.4888  1020.6071    1493.77  0.000e+00
   58.32268   11.83396     12.187     12.073    13.6300   3.359083    27.6044     0.5578     0.4888  1020.6070    1493.77  0.000e+00
   58.32268   11.83396     12.195     12.081    13.6302   3.359095    27.6044     0.5579     0.4888  1020.6071    1493.77  0.000e+00
   58.32268   11.83396     12.187     12.073    13.6300   3.359095    27.6045     0.5579     0.4888  1020.6071    1493.77  0.000e+00
   58.32268   11.83396     12.131     12.018    13.6300   3.359095    27.6045     0.5537     0.4888  1020.6069    1493.77  0.000e+00
   58.32268   11.83396     12.187     12.073    13.6298   3.359156    27.6052     0.5576     0.4888  1020.6077    1493.77  0.000e+00
   58.32268   11.83396     12.195     12.081    13.6302   3.359101    27.6045     0.5538     0.5010  1020.6071    1493.77  0.000e+00
   58.32268   11.83396     12.187     12.073    13.6305   3.359114    27.6043     0.5582     0.4888  1020.6069    1493.78  0.000e+00
   58.32268   11.83396     12.195     12.081    13.6303   3.359101    27.6043     0.5582     0.4888  1020.6070    1493.78  0.000e+00
   58.32268   11.83396     12.187     12.073    13.6307   3.359101    27.6041     0.5544     0.4888  1020.6067    1493.78  0.000e+00
   58.32268   11.83396     12.131     12.018    13.6305   3.359120    27.6044     0.5583     0.5010  1020.6067    1493.77  0.000e+00
   58.32268   11.83396     12.187     12.073    13.6305   3.359126    27.6044     0.5546     0.5132  1020.6070    1493.78  0.000e+00
   58.32268   11.83396     12.131     12.018    13.6305   3.359107    27.6043     0.5589     0.5254  1020.6066    1493.77  0.000e+00
   58.32268   11.83396     12.187     12.073    13.6303   3.359120    27.6045     0.5547     0.5254  1020.6071    1493.78  0.000e+00
   58.32268   11.83396     12.195     12.081    13.6305   3.359101    27.6042     0.5543     0.5376  1020.6068    1493.78  0.000e+00
   58.32268   11.83396     12.187     12.073    13.6302   3.359114    27.6046     0.5582     0.5254  1020.6072    1493.77  0.000e+00
   58.32268   11.83396     12.195     12.081    13.6300   3.359132    27.6048     0.5582     0.5376  1020.6074    1493.77  0.000e+00
