code/data/2020/st_D_conv.cnv
* Sea-Bird SBE 9 Data File:
* FileName = C:\Documents and Settings\Boat\Desktop\MAR440_TUES\st_D.hdr
* Software Version Seasave V 7.20a
* Temperature SN = 4766
* Conductivity SN = 3059
* Number of Bytes Per Scan = 34
* Number of Voltage Words = 5
* Number of Scans Averaged by the Deck Unit = 1
* NMEA Latitude = 58 19.35 N
* NMEA Longitude = 011 50.04 E
* NMEA UTC (Time) = Sep 22 2020  10:31:12
** StationNumber: st_D
** BottomDepth: 16
# nquan = 12
# nvalues = 11034                                 
# units = specified
# name 0 = latitude: Latitude [deg]
# name 1 = longitude: Longitude [deg]
# name 2 = prDM: Pressure, Digiquartz [db]
# name 3 = depSM: Depth [salt water, m]
# name 4 = t090C: Temperature [ITS-90, deg C]
# name 5 = c0S/m: Conductivity [S/m]
# name 6 = sal00: Salinity, Practical [PSU]
# name 7 = sbeox0ML/L: Oxygen, SBE 43 [ml/l]
# name 8 = flECO-AFL: Fluorescence, WET Labs ECO-AFL/FL [mg/m^3]
# name 9 = density00: Density [density, kg/m^3]
# name 10 = svCM: Sound Velocity [Chen-Millero, m/s]
# name 11 = flag:  0.000e+00
# span 0 =   58.32250,   58.32278                 
# span 1 =   11.83378,   11.83402                 
# span 2 =     -0.474,     14.800                 
# span 3 =     -0.470,     14.662                 
# span 4 =    13.0492,    15.9990                 
# span 5 =   0.304569,   3.419933                 
# span 6 =     1.9736,    28.5373                 
# span 7 =     0.4287,     7.2656                 
# span 8 =    -0.2682,     1.5755                 
# span 9 =  1000.5421,  1021.4488                 
# span 10 =    1469.54,    1496.87                
# span 11 = 0.0000e+00, 0.0000e+00                
# interval = seconds: 0.0416667
# start_time = Sep 22 2020 12:31:13 [System UpLoad Time]
# bad_flag = -9.990e-29
*END*
[from data line 10467]
   58.32266   11.83396     -0.181     -0.180    15.3282   0.432109     2.8741     6.6751     1.2824  1001.2653    1470.50  0.000e+00
   58.32266   11.83396     -0.237     -0.235    15.2434   0.536026     3.6238     6.6555     1.2824  1001.8545    1471.09  0.000e+00
   58.32266   11.83396     -0.181     -0.180    15.1328   0.529425     3.5862     6.6718     1.2824  1001.8437    1470.67  0.000e+00
   58.32266   11.83396     -0.181     -0.180    15.0696   0.569347     3.8818     6.6673     1.2702  1002.0809    1470.80  0.000e+00
   58.32266   11.83396     -0.237     -0.235    15.0257   0.576867     3.9410     6.6753     1.2702  1002.1331    1470.71  0.000e+00
   58.32266   11.83396     -0.181     -0.180    15.0464   0.498298     3.3691     6.6900     1.2702  1001.6906    1470.11  0.000e+00
   58.32266   11.83396     -0.237     -0.235    15.0618   0.433105     2.9005     6.7059     1.2702  1001.3278    1469.61  0.000e+00
   58.32266   11.83396     -0.237     -0.234    15.0623   0.424807     2.8414     6.7073     1.2702  1001.2823    1469.54  0.000e+00
   58.32266   11.83396     -0.300     -0.297    15.0658   0.428787     2.8695     6.7046     1.2702  1001.3030    1469.59  0.000e+00
   58.32266   11.83396     -0.237     -0.234    15.1160   0.433552     2.8997     6.6949     1.2702  1001.3186    1469.80  0.000e+00
   58.32266   11.83396     -0.237     -0.234    15.1765   0.446199     2.9853     6.6814     1.2702  1001.3748    1470.11  0.000e+00
   58.32266   11.83396     -0.237     -0.234    15.2068   0.465255     3.1189     6.6705     1.2702  1001.4726    1470.37  0.000e+00
   58.32266   11.83396     -0.237     -0.234    15.2138   0.481950     3.2377     6.6640     1.2702  1001.5627    1470.53  0.000e+00
   58.32266   11.83396     -0.237     -0.234    15.2095   0.502388     3.3846     6.6629     1.2702  1001.6763    1470.69  0.000e+00
   58.32266   11.83396     -0.300     -0.297    15.2068   0.537857     3.6404     6.6522     1.2702  1001.8729    1470.98  0.000e+00
   58.32266   11.83396     -0.300     -0.297    15.2066   0.590520     4.0224     6.6365     1.2702  1002.1661    1471.43  0.000e+00
   58.32266   11.83396     -0.181     -0.179    15.2107   0.650328     4.4591     6.6135     1.2702  1002.5012    1471.96  0.000e+00
   58.32266   11.83396     -0.236     -0.234    15.2146   0.698377     4.8124     6.6026     1.2702  1002.7713    1472.38  0.000e+00
   58.32266   11.83396     -0.181     -0.179    15.2178   0.736804     5.0964     6.5905     1.2702  1002.9888    1472.73  0.000e+00
   58.32266   11.83396     -0.181     -0.179    15.2217   0.778341     5.4047     6.5774     1.2702  1003.2246    1473.10  0.000e+00
   58.32266   11.83396     -0.236     -0.234    15.2244   0.967409     6.8275     6.5202     1.2702  1004.3143    1474.77  0.000e+00
   58.32266   11.83396     -0.236     -0.234    15.2256   1.137594     8.1307     6.4680     1.2702  1005.3121    1476.29  0.000e+00
   58.32266   11.83396     -0.355     -0.352    15.2269   1.378554    10.0075     6.3895     1.2702  1006.7481    1478.47  0.000e+00
   58.32266   11.83396     -0.474     -0.470    15.2278   1.521364    11.1358     6.3456     1.2702  1007.6109    1479.78  0.000e+00
   58.32266   11.83396     -0.411     -0.407    15.2279   1.556093    11.4118     6.3393     1.2702  1007.8224    1480.10  0.000e+00
   58.32266   11.83396     -0.125     -0.124    15.2274   1.488289    10.8735     6.3562     1.2702  1007.4118    1479.48  0.000e+00
   58.32266   11.83396     -0.006     -0.006    15.2274   1.415230    10.2961     6.3741     1.2702  1006.9705    1478.81  0.000e+00
   58.32266   11.83396     -0.125     -0.124    15.2256   1.422689    10.3554     6.3714     1.2702  1007.0157    1478.87  0.000e+00
   58.32266   11.83396     -0.236     -0.234    15.2208   1.369311     9.9364     6.3878     1.2702  1006.6953    1478.37  0.000e+00
   58.32266   11.83396     -0.418     -0.415    15.2132   1.415849    10.3047     6.3652     1.2702  1006.9777    1478.77  0.000e+00
   58.32266   11.83396     -0.299     -0.297    15.2047   1.493844    10.9238     6.3412     1.2702  1007.4536    1479.46  0.000e+00
   58.32266   11.83396     -0.125     -0.124    15.2007   1.660400    12.2533     6.2897     1.2580  1008.4726    1480.99  0.000e+00
   58.32266   11.83396     -0.117     -0.116    15.2017   1.982748    14.8633     6.1804     1.2702  1010.4700    1484.01  0.000e+00
   58.32266   11.83396     -0.236     -0.234    15.2205   2.025042    15.2023     6.1589     1.2702  1010.7254    1484.46  0.000e+00
   58.32266   11.83396     -0.355     -0.352    15.2556   1.870258    13.9277     6.1958     1.2702  1009.7430    1483.10  0.000e+00
   58.32266   11.83396     -0.299     -0.297    15.2971   1.752211    12.9600     6.2202     1.2702  1008.9952    1482.12  0.000e+00
   58.32266   11.83396     -0.236     -0.234    15.3336   1.707729    12.5910     6.2223     1.2702  1008.7065    1481.82  0.000e+00
   58.32266   11.83396     -0.061     -0.061    15.3621   1.789939    13.2420     6.1866     0.6842  1009.2002    1482.67  0.000e+00
   58.32266   11.83396     -0.180     -0.179    15.3826   1.904568    14.1607     6.1329     0.2080  1009.8987    1483.80  0.000e+00
   58.32266   11.83396     -0.355     -0.351    15.3983   1.946194    14.4926     6.1142     0.1225  1010.1489    1484.23  0.000e+00
   58.32266   11.83396     -0.355     -0.351    15.4107   2.018595    15.0767     6.0826     0.1591  1010.5935    1484.94  0.000e+00
   58.32266   11.83396     -0.180     -0.179    15.4185   2.177755    16.3759     6.0210     0.1713  1011.5868    1486.47  0.000e+00
   58.32266   11.83396     -0.125     -0.123    15.4236   2.540531    19.3823     5.8978     0.1835  1013.8870    1489.95  0.000e+00
   58.32266   11.83396     -0.125     -0.123    15.4275   2.557578    19.5232     5.8831     0.1835  1013.9941    1490.13  0.000e+00
   58.32266   11.83396     -0.236     -0.233    15.4244   2.397396    18.1884     5.9180     0.1835  1012.9724    1488.58  0.000e+00
   58.32266   11.83396     -0.299     -0.296    15.4078   2.131659    16.0020     5.9899     0.1713  1011.3022    1486.00  0.000e+00
   58.32266   11.83396     -0.236     -0.233    15.3845   1.913201    14.2300     6.0477     0.1835  1009.9511    1483.88  0.000e+00
   58.32266   11.83396     -0.180     -0.178    15.3648   1.859863    13.8052     6.0555     0.1713  1009.6301    1483.33  0.000e+00
   58.32266   11.83396     -0.117     -0.115    15.3520   1.843027    13.6736     6.0520     0.1713  1009.5320    1483.13  0.000e+00
   58.32266   11.83396     -0.180     -0.178    15.3562   1.817443    13.4657     6.0486     0.1713  1009.3719    1482.91  0.000e+00
   58.32266   11.83396     -0.235     -0.233    15.3688   1.833423    13.5903     6.0320     0.1713  1009.4646    1483.09  0.000e+00
   58.32266   11.83396     -0.354     -0.351    15.3776   1.893647    14.0740     6.0026     0.1713  1009.8325    1483.68  0.000e+00
   58.32266   11.83396     -0.180     -0.178    15.3799   2.042444    15.2830     5.9481     0.1713  1010.7579    1485.08  0.000e+00
   58.32266   11.83396     -0.124     -0.123    15.3695   2.601063    19.9169     5.7737     0.1713  1014.3069    1490.39  0.000e+00
   58.32266   11.83396     -0.180     -0.178    15.3498   2.485887    18.9611     5.8043     0.1835  1013.5786    1489.22  0.000e+00
   58.32266   11.83396     -0.235     -0.233    15.3294   2.279584    17.2538     5.8583     0.1835  1012.2752    1487.19  0.000e+00
   58.32266   11.83396     -0.354     -0.351    15.3214   2.239592    16.9264     5.8617     0.1713  1012.0256    1486.78  0.000e+00
   58.32266   11.83396     -0.235     -0.233    15.3210   2.181685    16.4487     5.8698     0.1835  1011.6606    1486.23  0.000e+00
   58.32266   11.83396     -0.124     -0.123    15.3275   2.040260    15.2854     5.9063     0.1713  1010.7697    1484.91  0.000e+00
   58.32266   11.83396     -0.235     -0.233    15.3521   1.973094    14.7282     5.9105     0.1713  1010.3383    1484.35  0.000e+00
   58.32266   11.83396     -0.235     -0.233    15.3673   2.131722    16.0189     5.8579     0.1713  1011.3230    1485.89  0.000e+00
   58.32266   11.83396     -0.299     -0.296    15.3794   2.457874    18.7130     5.7571     0.0859  1013.3824    1489.03  0.000e+00
   58.32266   11.83396     -0.235     -0.233    15.3952   2.489632    18.9706     5.7350    -0.0484  1013.5768    1489.38  0.000e+00
   58.32266   11.83396     -0.180     -0.178    15.4102   2.384753    18.0898     5.7572    -0.0851  1012.9000    1488.42  0.000e+00
   58.32266   11.83396     -0.235     -0.233    15.4207   2.223033    16.7475     5.8009    -0.0851  1011.8704    1486.91  0.000e+00
   58.32266   11.83396     -0.180     -0.178    15.4279   2.089337    15.6474     5.8325    -0.0851  1011.0276    1485.66  0.000e+00
   58.32266   11.83396     -0.298     -0.296    15.4386   1.980173    14.7536     5.8527    -0.0851  1010.3414    1484.67  0.000e+00
   58.32266   11.83396     -0.235     -0.233    15.4463   1.797251    13.2727     5.8988    -0.0729  1009.2075    1482.98  0.000e+00
   58.32266   11.83396     -0.235     -0.233    15.4547   1.592629    11.6360     5.9556    -0.0729  1007.9542    1481.12  0.000e+00
   58.32266   11.83396     -0.124     -0.123    15.4623   1.312938     9.4366     6.0300    -0.0851  1006.2711    1478.61  0.000e+00
   58.32266   11.83396     -0.179     -0.178    15.4747   1.172600     8.3485     6.0592    -0.0851  1005.4362    1477.39  0.000e+00
   58.32266   11.83396     -0.235     -0.233    15.4886   1.227302     8.7670     6.0321    -0.0851  1005.7537    1477.92  0.000e+00
   58.32266   11.83396     -0.235     -0.233    15.4988   1.363690     9.8230     5.9867    -0.0851  1006.5597    1479.18  0.000e+00
   58.32266   11.83396     -0.235     -0.233    15.5064   1.201157     8.5615     6.0230    -0.0851  1005.5934    1477.74  0.000e+00
   58.32266   11.83396     -0.124     -0.123    15.5122   0.949652     6.6443     6.0836    -0.0729  1004.1257    1475.54  0.000e+00
   58.32266   11.83396     -0.235     -0.233    15.5161   0.797717     5.5082     6.1200    -0.0729  1003.2546    1474.23  0.000e+00
   58.32266   11.83396     -0.235     -0.233    15.5181   0.813167     5.6226     6.1059    -0.0851  1003.3418    1474.37  0.000e+00
   58.32266   11.83396     -0.235     -0.233    15.5188   1.071573     7.5665     6.0291    -0.0729  1004.8299    1476.63  0.000e+00
   58.32266   11.83396     -0.235     -0.233    15.5185   1.172604     8.3393     5.9912    -0.0729  1005.4213    1477.52  0.000e+00
   58.32266   11.83396     -0.116     -0.115    15.5187   1.143658     8.1172     5.9900    -0.0851  1005.2519    1477.27  0.000e+00
   58.32266   11.83396     -0.235     -0.232    15.5203   1.249275     8.9297     5.9508    -0.0729  1005.8726    1478.21  0.000e+00
   58.32266   11.83396     -0.235     -0.232    15.5229   1.512033    10.9795     5.8622    -0.0851  1007.4399    1480.59  0.000e+00
   58.32266   11.83396     -0.298     -0.295    15.5249   1.603125    11.6986     5.8302    -0.0729  1007.9891    1481.43  0.000e+00
   58.32266   11.83396     -0.235     -0.232    15.5263   1.625735    11.8775     5.8091    -0.0729  1008.1259    1481.64  0.000e+00
   58.32266   11.83396     -0.235     -0.232    15.5263   1.672691    12.2507     5.7850    -0.0851  1008.4113    1482.07  0.000e+00
   58.32266   11.83396     -0.179     -0.177    15.5266   1.873934    13.8622     5.7175    -0.0118  1009.6438    1483.93  0.000e+00
   58.32266   11.83396     -0.234     -0.232    15.5277   2.592130    19.7627     5.5043     0.2446  1014.1573    1490.73  0.000e+00
   58.32266   11.83396     -0.298     -0.295    15.5285   2.888467    22.2592     5.4093     0.3423  1016.0686    1493.61  0.000e+00
   58.32266   11.83396     -0.234     -0.232    15.5290   2.908936    22.4326     5.3882     0.3423  1016.2016    1493.81  0.000e+00
   58.32266   11.83396     -0.179     -0.177    15.5295   2.795675    21.4730     5.4082     0.3301  1015.4668    1492.71  0.000e+00
   58.32266   11.83396     -0.234     -0.232    15.5297   2.363853    17.8623     5.5163     0.3301  1012.7026    1488.55  0.000e+00
   58.32266   11.83396     -0.179     -0.177    15.5287   2.029868    15.1235     5.5963     0.3301  1010.6079    1485.39  0.000e+00
   58.32266   11.83396     -0.298     -0.295    15.5277   1.851151    13.6785     5.6370     0.3301  1009.5025    1483.72  0.000e+00
   58.32266   11.83396     -0.234     -0.232    15.5270   1.755956    12.9149     5.6498     0.3301  1008.9191    1482.84  0.000e+00
   58.32266   11.83396     -0.179     -0.177    15.5265   1.724271    12.6618     5.6494     0.3301  1008.7259    1482.55  0.000e+00
   58.32266   11.83396     -0.179     -0.177    15.5260   1.770075    13.0282     5.6279     0.3301  1009.0062    1482.97  0.000e+00
   58.32266   11.83396     -0.179     -0.177    15.5263   1.590467    11.5979     5.6641     0.3301  1007.9124    1481.32  0.000e+00
   58.32266   11.83396     -0.234     -0.232    15.5261   1.188517     8.4600     5.7647     0.3301  1005.5123    1477.69  0.000e+00
   58.32266   11.83396     -0.234     -0.232    15.5253   0.947905     6.6289     5.8209     0.3301  1004.1112    1475.56  0.000e+00
   58.32266   11.83396     -0.179     -0.177    15.5243   0.860495     5.9740     5.8407     0.3301  1003.6102    1474.80  0.000e+00
   58.32266   11.83396     -0.179     -0.177    15.5245   0.812652     5.6178     5.8504     0.3301  1003.3374    1474.39  0.000e+00
   58.32266   11.83396     -0.234     -0.232    15.5243   0.803943     5.5533     5.8459     0.3301  1003.2877    1474.31  0.000e+00
   58.32266   11.83396     -0.178     -0.177    15.5245   0.856596     5.9448     5.8301     0.3301  1003.5878    1474.77  0.000e+00
   58.32266   11.83396     -0.297     -0.295    15.5236   1.006578     7.0722     5.7896     0.3301  1004.4505    1476.07  0.000e+00
   58.32266   11.83396     -0.234     -0.232    15.5234   1.097666     7.7646     5.7653     0.3301  1004.9807    1476.88  0.000e+00
   58.32266   11.83396     -0.178     -0.177    15.5236   1.108838     7.8498     5.7586     0.3301  1005.0461    1476.98  0.000e+00
   58.32266   11.83396     -0.234     -0.232    15.5236   1.099328     7.7772     5.7622     0.3301  1004.9903    1476.89  0.000e+00
   58.32266   11.83396     -0.297     -0.295    15.5233   1.098446     7.7705     5.7647     0.3301  1004.9850    1476.88  0.000e+00
   58.32266   11.83396     -0.234     -0.232    15.5233   1.108809     7.8497     5.7645     0.3301  1005.0458    1476.97  0.000e+00
   58.32266   11.83396     -0.234     -0.232    15.5234   1.116028     7.9048     5.7662     0.3301  1005.0880    1477.04  0.000e+00
   58.32266   11.83396     -0.178     -0.177    15.5224   1.119491     7.9315     5.7747     0.0981  1005.1088    1477.07  0.000e+00
   58.32266   11.83396     -0.234     -0.232    15.5209   1.132003     8.0275     5.7722    -0.0362  1005.1823    1477.17  0.000e+00
   58.32266   11.83396     -0.234     -0.232    15.5200   1.145883     8.1340     5.7741    -0.0484  1005.2639    1477.29  0.000e+00
   58.32266   11.83396     -0.297     -0.294    15.5195   1.145342     8.1300     5.7809    -0.0362  1005.2606    1477.28  0.000e+00
   58.32266   11.83396     -0.234     -0.232    15.5190   1.149362     8.1609     5.7826    -0.0362  1005.2847    1477.32  0.000e+00
   58.32266   11.83396     -0.178     -0.176    15.5187   1.164874     8.2799     5.7854    -0.0362  1005.3761    1477.46  0.000e+00
   58.32266   11.83396     -0.178     -0.176    15.5185   1.199558     8.5466     5.7835    -0.0362  1005.5801    1477.77  0.000e+00
   58.32266   11.83396     -0.234     -0.231    15.5183   1.251098     8.9442     5.7734    -0.0362  1005.8841    1478.22  0.000e+00
   58.32266   11.83396     -0.234     -0.231    15.5181   1.317300     9.4572     5.7640    -0.0362  1006.2765    1478.82  0.000e+00
