code/data/2020/st_D_conv.cnv
* Sea-Bird SBE 9 Data File:
* FileName = C:\Documents and Settings\Boat\Desktop\MAR440_TUES\st_D.hdr
* Software Version Seasave V 7.20a
* Temperature SN = 4766
* Conductivity SN = 3059
* Number of Bytes Per Scan = 34
* Number of Voltage Words = 5
* Number of Scans Averaged by the Deck Unit = 1
* NMEA Latitude = 58 19.35 N
* NMEA Longitude = 011 50.04 E
* NMEA UTC (Time) = Sep 22 2020  10:31:12
** StationNumber: st_D
** BottomDepth: 16
# nquan = 12
# nvalues = 11034                                 
# units = specified
# name 0 = latitude: Latitude [deg]
# name 1 = longitude: Longitude [deg]
# name 2 = prDM: Pressure, Digiquartz [db]
# name 3 = depSM: Depth [salt water, m]
# name 4 = t090C: Temperature [ITS-90, deg C]
# name 5 = c0S/m: Conductivity [S/m]
# name 6 = sal00: Salinity, Practical [PSU]
# name 7 = sbeox0ML/L: Oxygen, SBE 43 [ml/l]
# name 8 = flECO-AFL: Fluorescence, WET Labs ECO-AFL/FL [mg/m^3]
# name 9 = density00: Density [density, kg/m^3]
# name 10 = svCM: Sound Velocity [Chen-Millero, m/s]
# name 11 = flag:  0.000e+00
# span 0 =   58.32250,   58.32278                 
# span 1 =   11.83378,   11.83402                 
# span 2 =     -0.474,     14.800                 
# span 3 =     -0.470,     14.662                 
# span 4 =    13.0492,    15.9990                 
# span 5 =   0.304569,   3.419933                 
# span 6 =     1.9736,    28.5373                 
# span 7 =     0.4287,     7.2656                 
# span 8 =    -0.2682,     1.5755                 
# span 9 =  1000.5421,  1021.4488                 
# span 10 =    1469.54,    1496.87                
# span 11 = 0.0000e+00, 0.0000e+00                
# interval = seconds: 0.0416667
# start_time = Sep 22 2020 12:31:13 [System UpLoad Time]
# bad_flag = -9.990e-29
*END*
[from data line 1564]
   58.32272   11.83384      0.982      0.973    15.5469   2.909314    22.4254     5.9263     1.3069  1016.1980    1493.88  0.000e+00
   58.32272   11.83384      0.982      0.973    15.5472   2.909285    22.4249     5.9255     1.3069  1016.1976    1493.88  0.000e+00
   58.32272   11.83384      0.982      0.973    15.5472   2.909279    22.4249     5.9246     1.3069  1016.1975    1493.88  0.000e+00
   58.32272   11.83384      1.037      1.028    15.5474   2.909297    22.4249     5.9238     1.3069  1016.1978    1493.88  0.000e+00
   58.32272   11.83384      0.926      0.918    15.5472   2.909326    22.4253     5.9229     1.3191  1016.1976    1493.88  0.000e+00
   58.32272   11.83384      1.037      1.028    15.5470   2.909314    22.4253     5.9221     1.3069  1016.1981    1493.88  0.000e+00
   58.32272   11.83384      0.982      0.973    15.5472   2.909326    22.4253     5.9212     1.3191  1016.1979    1493.88  0.000e+00
   58.32272   11.83384      1.045      1.035    15.5474   2.909314    22.4251     5.9245     1.3069  1016.1979    1493.88  0.000e+00
   58.32272   11.83384      1.037      1.028    15.5470   2.909326    22.4254     5.9202     1.3191  1016.1982    1493.88  0.000e+00
   58.32272   11.83384      1.037      1.028    15.5470   2.909291    22.4251     5.9197     1.3069  1016.1980    1493.88  0.000e+00
   58.32272   11.83384      1.037      1.028    15.5470   2.909297    22.4251     5.9188     1.3069  1016.1980    1493.88  0.000e+00
   58.32272   11.83384      1.045      1.035    15.5470   2.909308    22.4252     5.9182     1.3069  1016.1981    1493.88  0.000e+00
   58.32272   11.83384      1.037      1.028    15.5472   2.909285    22.4249     5.9177     1.3191  1016.1978    1493.88  0.000e+00
   58.32272   11.83384      1.037      1.028    15.5470   2.909279    22.4250     5.9171     1.3069  1016.1979    1493.88  0.000e+00
   58.32272   11.83384      1.045      1.035    15.5472   2.909297    22.4250     5.9166     1.3069  1016.1979    1493.88  0.000e+00
   58.32272   11.83384      1.037      1.027    15.5472   2.909308    22.4251     5.9160     1.3191  1016.1980    1493.88  0.000e+00
   58.32272   11.83384      1.037      1.027    15.5472   2.909308    22.4251     5.9155     1.3069  1016.1980    1493.88  0.000e+00
   58.32272   11.83384      1.037      1.027    15.5474   2.909285    22.4248     5.9149     1.3069  1016.1977    1493.88  0.000e+00
   58.32272   11.83384      1.101      1.090    15.5472   2.909314    22.4252     5.9149     1.3191  1016.1983    1493.88  0.000e+00
   58.32272   11.83384      1.037      1.027    15.5474   2.909285    22.4248     5.9147     1.3191  1016.1977    1493.88  0.000e+00
   58.32272   11.83384      0.982      0.972    15.5475   2.909273    22.4246     5.9187     1.3191  1016.1973    1493.88  0.000e+00
   58.32272   11.83384      1.100      1.090    15.5475   2.909297    22.4248     5.9149     1.3069  1016.1979    1493.88  0.000e+00
   58.32272   11.83384      1.100      1.090    15.5474   2.909308    22.4250     5.9194     1.3069  1016.1981    1493.88  0.000e+00
   58.32272   11.83384      1.100      1.090    15.5474   2.909308    22.4250     5.9198     1.3191  1016.1981    1493.88  0.000e+00
   58.32272   11.83384      1.037      1.027    15.5472   2.909308    22.4251     5.9201     1.3191  1016.1980    1493.88  0.000e+00
   58.32272   11.83384      1.100      1.090    15.5474   2.909285    22.4248     5.9163     1.3069  1016.1980    1493.88  0.000e+00
   58.32272   11.83384      1.100      1.090    15.5474   2.909279    22.4248     5.9204     1.3069  1016.1979    1493.88  0.000e+00
   58.32272   11.83384      1.100      1.090    15.5472   2.909297    22.4250     5.9166     1.3191  1016.1982    1493.88  0.000e+00
   58.32272   11.83384      1.100      1.090    15.5472   2.909285    22.4249     5.9207     1.3435  1016.1981    1493.88  0.000e+00
   58.32272   11.83384      1.156      1.145    15.5470   2.909314    22.4252     5.9174     1.3557  1016.1986    1493.88  0.000e+00
   58.32272   11.83384      1.156      1.145    15.5472   2.909314    22.4251     5.9215     1.3557  1016.1985    1493.88  0.000e+00
   58.32272   11.83384      1.219      1.208    15.5472   2.909308    22.4251     5.9178     1.3435  1016.1988    1493.88  0.000e+00
   58.32272   11.83384      1.156      1.145    15.5472   2.909285    22.4249     5.9219     1.3435  1016.1983    1493.88  0.000e+00
   58.32272   11.83384      1.219      1.208    15.5472   2.909279    22.4248     5.9186     1.3557  1016.1986    1493.88  0.000e+00
   58.32272   11.83384      1.275      1.263    15.5473   2.909297    22.4249     5.9191     1.3435  1016.1989    1493.88  0.000e+00
   58.32272   11.83384      1.219      1.208    15.5472   2.909285    22.4249     5.9192     1.3557  1016.1986    1493.88  0.000e+00
   58.32272   11.83384      1.275      1.263    15.5472   2.909256    22.4246     5.9193     1.3435  1016.1987    1493.88  0.000e+00
   58.32272   11.83384      1.275      1.263    15.5474   2.909268    22.4246     5.9194     1.3435  1016.1986    1493.88  0.000e+00
   58.32272   11.83384      1.275      1.263    15.5472   2.909297    22.4250     5.9195     1.3557  1016.1989    1493.88  0.000e+00
   58.32272   11.83384      1.275      1.263    15.5472   2.909308    22.4251     5.9239     1.3435  1016.1990    1493.88  0.000e+00
   58.32272   11.83384      1.275      1.263    15.5474   2.909262    22.4246     5.9244     1.3557  1016.1986    1493.88  0.000e+00
   58.32272   11.83384      1.275      1.263    15.5472   2.909285    22.4249     5.9204     1.3557  1016.1988    1493.88  0.000e+00
   58.32272   11.83384      1.338      1.326    15.5472   2.909285    22.4248     5.9206     1.3435  1016.1991    1493.89  0.000e+00
   58.32272   11.83384      1.275      1.263    15.5470   2.909279    22.4249     5.9249     1.3557  1016.1989    1493.88  0.000e+00
   58.32272   11.83384      1.338      1.326    15.5472   2.909297    22.4249     5.9213     1.3435  1016.1992    1493.89  0.000e+00
   58.32272   11.83384      1.275      1.263    15.5472   2.909308    22.4251     5.9210     1.3435  1016.1990    1493.88  0.000e+00
   58.32272   11.83384      1.338      1.326    15.5474   2.909285    22.4247     5.9212     1.3435  1016.1990    1493.89  0.000e+00
   58.32272   11.83384      1.338      1.326    15.5472   2.909297    22.4249     5.9256     1.3435  1016.1992    1493.89  0.000e+00
   58.32272   11.83384      1.338      1.326    15.5472   2.909285    22.4248     5.9216     1.3435  1016.1991    1493.89  0.000e+00
   58.32272   11.83384      1.338      1.326    15.5472   2.909297    22.4249     5.9214     1.3557  1016.1992    1493.89  0.000e+00
   58.32272   11.83384      1.394      1.381    15.5472   2.909308    22.4250     5.9212     1.3435  1016.1995    1493.89  0.000e+00
   58.32272   11.83384      1.394      1.381    15.5472   2.909308    22.4250     5.9210     1.3435  1016.1995    1493.89  0.000e+00
   58.32272   11.83384      1.394      1.381    15.5470   2.909285    22.4249     5.9208     1.3069  1016.1995    1493.89  0.000e+00
   58.32272   11.83384      1.449      1.436    15.5474   2.909279    22.4247     5.9206     1.2702  1016.1994    1493.89  0.000e+00
   58.32272   11.83384      1.394      1.381    15.5474   2.909279    22.4247     5.9204     1.2702  1016.1992    1493.89  0.000e+00
   58.32272   11.83384      1.394      1.381    15.5472   2.909297    22.4249     5.9243     1.2702  1016.1994    1493.89  0.000e+00
   58.32272   11.83384      1.449      1.436    15.5470   2.909285    22.4249     5.9208     1.2824  1016.1997    1493.89  0.000e+00
   58.32272   11.83384      1.394      1.381    15.5470   2.909314    22.4252     5.9205     1.2702  1016.1997    1493.89  0.000e+00
   58.32272   11.83384      1.393      1.381    15.5469   2.909291    22.4251     5.9203     1.2824  1016.1996    1493.89  0.000e+00
   58.32272   11.83384      1.393      1.381    15.5470   2.909297    22.4250     5.9201     1.2824  1016.1995    1493.89  0.000e+00
   58.32272   11.83384      1.449      1.436    15.5470   2.909262    22.4247     5.9200     1.2824  1016.1996    1493.89  0.000e+00
   58.32272   11.83384      1.449      1.436    15.5472   2.909268    22.4247     5.9197     1.2824  1016.1995    1493.89  0.000e+00
   58.32272   11.83384      1.393      1.380    15.5469   2.909279    22.4250     5.9195     1.2824  1016.1995    1493.89  0.000e+00
   58.32272   11.83384      1.449      1.435    15.5472   2.909256    22.4246     5.9193     1.2702  1016.1994    1493.89  0.000e+00
   58.32272   11.83384      1.393      1.380    15.5474   2.909250    22.4244     5.9190     1.2702  1016.1990    1493.89  0.000e+00
   58.32272   11.83384      1.393      1.380    15.5469   2.909268    22.4249     5.9189     1.2824  1016.1994    1493.89  0.000e+00
   58.32272   11.83384      1.449      1.435    15.5472   2.909256    22.4246     5.9187     1.2824  1016.1994    1493.89  0.000e+00
   58.32272   11.83384      1.512      1.498    15.5472   2.909268    22.4246     5.9185     1.2702  1016.1998    1493.89  0.000e+00
   58.32272   11.83384      1.449      1.435    15.5472   2.909256    22.4246     5.9182     1.2824  1016.1994    1493.89  0.000e+00
   58.32272   11.83384      1.449      1.435    15.5472   2.909268    22.4247     5.9143     1.2702  1016.1995    1493.89  0.000e+00
   58.32272   11.83384      1.512      1.498    15.5472   2.909297    22.4249     5.9179     1.2702  1016.1999    1493.89  0.000e+00
   58.32272   11.83384      1.512      1.498    15.5474   2.909285    22.4247     5.9181     1.2702  1016.1998    1493.89  0.000e+00
   58.32272   11.83384      1.512      1.498    15.5470   2.909297    22.4250     5.9184     1.2702  1016.2001    1493.89  0.000e+00
   58.32272   11.83384      1.568      1.553    15.5472   2.909308    22.4250     5.9145     1.2702  1016.2003    1493.89  0.000e+00
   58.32272   11.83384      1.568      1.553    15.5472   2.909285    22.4248     5.9182     1.2824  1016.2001    1493.89  0.000e+00
   58.32272   11.83384      1.568      1.553    15.5472   2.909297    22.4249     5.9185     1.2702  1016.2002    1493.89  0.000e+00
   58.32272   11.83384      1.631      1.616    15.5472   2.909308    22.4250     5.9184     1.2947  1016.2005    1493.89  0.000e+00
   58.32272   11.83384      1.631      1.616    15.5470   2.909285    22.4249     5.9146     1.3069  1016.2005    1493.89  0.000e+00
   58.32272   11.83384      1.631      1.616    15.5474   2.909297    22.4248     5.9182     1.3191  1016.2003    1493.89  0.000e+00
   58.32272   11.83384      1.631      1.616    15.5472   2.909285    22.4248     5.9186     1.3191  1016.2004    1493.89  0.000e+00
   58.32272   11.83384      1.687      1.671    15.5470   2.909297    22.4249     5.9186     1.3069  1016.2008    1493.89  0.000e+00
   58.32272   11.83384      1.687      1.671    15.5473   2.909285    22.4247     5.9189     1.3191  1016.2006    1493.89  0.000e+00
   58.32272   11.83384      1.687      1.671    15.5470   2.909338    22.4253     5.9189     1.3069  1016.2011    1493.89  0.000e+00
   58.32272   11.83384      1.687      1.671    15.5469   2.909320    22.4252     5.9147     1.3191  1016.2010    1493.89  0.000e+00
   58.32272   11.83384      1.687      1.671    15.5472   2.909343    22.4252     5.9185     1.3069  1016.2010    1493.89  0.000e+00
   58.32272   11.83384      1.750      1.734    15.5470   2.909361    22.4255     5.9185     1.3069  1016.2015    1493.89  0.000e+00
   58.32272   11.83384      1.687      1.671    15.5470   2.909355    22.4254     5.9184     1.3069  1016.2012    1493.89  0.000e+00
   58.32272   11.83384      1.750      1.734    15.5469   2.909338    22.4254     5.9227     1.3191  1016.2014    1493.89  0.000e+00
   58.32272   11.83384      1.806      1.789    15.5470   2.909332    22.4252     5.9235     1.3069  1016.2015    1493.89  0.000e+00
   58.32272   11.83384      1.750      1.734    15.5469   2.909332    22.4253     5.9242     1.3069  1016.2014    1493.89  0.000e+00
   58.32272   11.83384      1.806      1.789    15.5470   2.909349    22.4254     5.9246     1.3191  1016.2017    1493.89  0.000e+00
   58.32272   11.83384      1.806      1.789    15.5469   2.909338    22.4253     5.9250     1.3069  1016.2017    1493.89  0.000e+00
   58.32272   11.83384      1.806      1.789    15.5472   2.909372    22.4255     5.9257     1.3191  1016.2017    1493.89  0.000e+00
   58.32272   11.83384      1.861      1.844    15.5469   2.909343    22.4254     5.9261     1.3069  1016.2019    1493.89  0.000e+00
   58.32272   11.83384      1.861      1.844    15.5470   2.909372    22.4255     5.9264     1.3191  1016.2020    1493.89  0.000e+00
   58.32272   11.83384      1.805      1.789    15.5469   2.909343    22.4254     5.9266     1.3069  1016.2017    1493.89  0.000e+00
   58.32272   11.83384      1.861      1.844    15.5467   2.909372    22.4257     5.9274     1.3069  1016.2022    1493.89  0.000e+00
   58.32272   11.83384      1.924      1.907    15.5469   2.909367    22.4256     5.9277     1.3069  1016.2024    1493.89  0.000e+00
   58.32272   11.83384      1.861      1.844    15.5469   2.909378    22.4257     5.9321     1.3069  1016.2022    1493.89  0.000e+00
   58.32272   11.83384      1.861      1.844    15.5469   2.909367    22.4256     5.9327     1.3191  1016.2021    1493.89  0.000e+00
   58.32272   11.83384      1.924      1.907    15.5470   2.909361    22.4254     5.9333     1.3435  1016.2022    1493.90  0.000e+00
   58.32272   11.83384      1.924      1.906    15.5469   2.909378    22.4257     5.9339     1.4412  1016.2024    1493.89  0.000e+00
   58.32272   11.83384      1.924      1.906    15.5469   2.909367    22.4256     5.9344     1.4778  1016.2024    1493.89  0.000e+00
   58.32272   11.83384      1.980      1.961    15.5469   2.909361    22.4255     5.9349     1.4778  1016.2026    1493.90  0.000e+00
   58.32272   11.83384      1.924      1.906    15.5469   2.909361    22.4255     5.9399     1.4656  1016.2023    1493.89  0.000e+00
   58.32272   11.83384      1.980      1.961    15.5471   2.909361    22.4253     5.9408     1.4778  1016.2024    1493.90  0.000e+00
   58.32272   11.83384      1.980      1.961    15.5470   2.909361    22.4254     5.9374     1.4656  1016.2025    1493.90  0.000e+00
   58.32272   11.83384      1.980      1.961    15.5470   2.909378    22.4256     5.9419     1.4656  1016.2026    1493.90  0.000e+00
   58.32272   11.83384      2.099      2.079    15.5469   2.909384    22.4257     5.9427     1.4656  1016.2032    1493.90  0.000e+00
   58.32272   11.83384      1.980      1.961    15.5469   2.909390    22.4257     5.9432     1.4656  1016.2028    1493.90  0.000e+00
   58.32272   11.83384      2.043      2.024    15.5469   2.909343    22.4253     5.9439     1.4656  1016.2027    1493.90  0.000e+00
   58.32272   11.83384      1.980      1.961    15.5470   2.909332    22.4252     5.9444     1.4656  1016.2023    1493.90  0.000e+00
   58.32272   11.83384      2.043      2.024    15.5467   2.909349    22.4255     5.9449     1.4778  1016.2029    1493.90  0.000e+00
   58.32272   11.83384      2.099      2.079    15.5469   2.909378    22.4256     5.9454     1.4778  1016.2032    1493.90  0.000e+00
   58.32272   11.83384      2.099      2.079    15.5469   2.909390    22.4257     5.9458     1.4656  1016.2033    1493.90  0.000e+00
   58.32272   11.83384      2.154      2.134    15.5469   2.909390    22.4257     5.9462     1.4656  1016.2035    1493.90  0.000e+00
   58.32272   11.83384      2.154      2.134    15.5470   2.909367    22.4254     5.9465     1.4778  1016.2033    1493.90  0.000e+00
   58.32272   11.83384      2.154      2.134    15.5469   2.909338    22.4252     5.9467     1.4656  1016.2032    1493.90  0.000e+00
   58.32272   11.83384      2.154      2.134    15.5470   2.909314    22.4250     5.9423     1.4656  1016.2029    1493.90  0.000e+00
   58.32272   11.83384      2.218      2.197    15.5472   2.909343    22.4251     5.9463     1.4656  1016.2033    1493.90  0.000e+00
