code/data/2020/st_D_conv.cnv
* Sea-Bird SBE 9 Data File:
* FileName = C:\Documents and Settings\Boat\Desktop\MAR440_TUES\st_D.hdr
* Software Version Seasave V 7.20a
* Temperature SN = 4766
* Conductivity SN = 3059
* Number of Bytes Per Scan = 34
* Number of Voltage Words = 5
* Number of Scans Averaged by the Deck Unit = 1
* NMEA Latitude = 58 19.35 N
* NMEA Longitude = 011 50.04 E
* NMEA UTC (Time) = Sep 22 2020  10:31:12
** StationNumber: st_D
** BottomDepth: 16
# nquan = 12
# nvalues = 11034                                 
# units = specified
# name 0 = latitude: Latitude [deg]
# name 1 = longitude: Longitude [deg]
# name 2 = prDM: Pressure, Digiquartz [db]
# name 3 = depSM: Depth [salt water, m]
# name 4 = t090C: Temperature [ITS-90, deg C]
# name 5 = c0S/m: Conductivity [S/m]
# name 6 = sal00: Salinity, Practical [PSU]
# name 7 = sbeox0ML/L: Oxygen, SBE 43 [ml/l]
# name 8 = flECO-AFL: Fluorescence, WET Labs ECO-AFL/FL [mg/m^3]
# name 9 = density00: Density [density, kg/m^3]
# name 10 = svCM: Sound Velocity [Chen-Millero, m/s]
# name 11 = flag:  0.000e+00
# span 0 =   58.32250,   58.32278                 
# span 1 =   11.83378,   11.83402                 
# span 2 =     -0.474,     14.800                 
# span 3 =     -0.470,     14.662                 
# span 4 =    13.0492,    15.9990                 
# span 5 =   0.304569,   3.419933                 
# span 6 =     1.9736,    28.5373                 
# span 7 =     0.4287,     7.2656                 
# span 8 =    -0.2682,     1.5755                 
# span 9 =  1000.5421,  1021.4488                 
# span 10 =    1469.54,    1496.87                
# span 11 = 0.0000e+00, 0.0000e+00                
# interval = seconds: 0.0416667
# start_time = Sep 22 2020 12:31:13 [System UpLoad Time]
# bad_flag = -9.990e-29
*END*
[from data line 121]
   58.32266   11.83400      0.603      0.597    15.5457   2.909349    22.4264     5.9231     1.3191  1016.1973    1493.87  0.000e+00
   58.32266   11.83400      0.603      0.597    15.5455   2.909360    22.4266     5.9233     1.3313  1016.1975    1493.87  0.000e+00
   58.32266   11.83400      0.666      0.660    15.5450   2.909355    22.4269     5.9193     1.3191  1016.1981    1493.87  0.000e+00
   58.32266   11.83400      0.666      0.660    15.5451   2.909355    22.4268     5.9232     1.3313  1016.1980    1493.87  0.000e+00
   58.32266   11.83400      0.603      0.597    15.5451   2.909337    22.4266     5.9236     1.3313  1016.1976    1493.87  0.000e+00
   58.32266   11.83400      0.666      0.660    15.5455   2.909349    22.4265     5.9241     1.3313  1016.1977    1493.87  0.000e+00
   58.32266   11.83400      0.666      0.660    15.5457   2.909360    22.4265     5.9246     1.3191  1016.1977    1493.87  0.000e+00
   58.32266   11.83400      0.666      0.660    15.5457   2.909378    22.4267     5.9247     1.3191  1016.1978    1493.87  0.000e+00
   58.32266   11.83400      0.666      0.660    15.5458   2.909407    22.4268     5.9205     1.3191  1016.1979    1493.87  0.000e+00
   58.32266   11.83400      0.666      0.660    15.5458   2.909395    22.4267     5.9202     1.3313  1016.1978    1493.87  0.000e+00
   58.32266   11.83400      0.603      0.597    15.5461   2.909366    22.4263     5.9240     1.3313  1016.1972    1493.87  0.000e+00
   58.32266   11.83400      0.666      0.660    15.5460   2.909378    22.4265     5.9241     1.3191  1016.1976    1493.87  0.000e+00
   58.32266   11.83400      0.666      0.660    15.5460   2.909390    22.4266     5.9245     1.3313  1016.1976    1493.87  0.000e+00
   58.32266   11.83400      0.666      0.660    15.5458   2.909366    22.4265     5.9250     1.3435  1016.1976    1493.87  0.000e+00
   58.32266   11.83400      0.603      0.597    15.5462   2.909378    22.4264     5.9253     1.3435  1016.1972    1493.87  0.000e+00
   58.32266   11.83400      0.547      0.542    15.5463   2.909407    22.4266     5.9253     1.3435  1016.1970    1493.87  0.000e+00
   58.32266   11.83400      0.666      0.660    15.5462   2.909395    22.4265     5.9300     1.3435  1016.1976    1493.87  0.000e+00
   58.32266   11.83400      0.603      0.597    15.5462   2.909407    22.4267     5.9308     1.3435  1016.1974    1493.87  0.000e+00
   58.32266   11.83400      0.603      0.597    15.5458   2.909395    22.4267     5.9316     1.3435  1016.1975    1493.87  0.000e+00
   58.32266   11.83400      0.603      0.597    15.5460   2.909390    22.4266     5.9278     1.3435  1016.1974    1493.87  0.000e+00
   58.32266   11.83400      0.603      0.597    15.5457   2.909407    22.4269     5.9323     1.3435  1016.1977    1493.87  0.000e+00
   58.32266   11.83400      0.666      0.660    15.5458   2.909413    22.4269     5.9285     1.3435  1016.1979    1493.87  0.000e+00
   58.32266   11.83400      0.603      0.597    15.5458   2.909395    22.4267     5.9326     1.3557  1016.1975    1493.87  0.000e+00
   58.32266   11.83400      0.666      0.660    15.5458   2.909401    22.4268     5.9287     1.3557  1016.1978    1493.87  0.000e+00
   58.32266   11.83400      0.666      0.660    15.5458   2.909349    22.4263     5.9328     1.3435  1016.1975    1493.87  0.000e+00
   58.32266   11.83400      0.666      0.660    15.5457   2.909372    22.4266     5.9330     1.3435  1016.1978    1493.87  0.000e+00
   58.32266   11.83400      0.666      0.660    15.5458   2.909366    22.4265     5.9332     1.3435  1016.1976    1493.87  0.000e+00
   58.32266   11.83400      0.666      0.660    15.5458   2.909360    22.4264     5.9334     1.3435  1016.1976    1493.87  0.000e+00
   58.32266   11.83400      0.722      0.715    15.5458   2.909378    22.4266     5.9335     1.3557  1016.1979    1493.87  0.000e+00
   58.32266   11.83400      0.666      0.660    15.5460   2.909390    22.4266     5.9340     1.3435  1016.1976    1493.87  0.000e+00
   58.32266   11.83400      0.603      0.597    15.5463   2.909407    22.4266     5.9344     1.3557  1016.1973    1493.87  0.000e+00
   58.32266   11.83400      0.722      0.715    15.5462   2.909395    22.4265     5.9350     1.3435  1016.1978    1493.87  0.000e+00
   58.32266   11.83400      0.666      0.660    15.5463   2.909407    22.4265     5.9349     1.3435  1016.1976    1493.87  0.000e+00
   58.32266   11.83400      0.666      0.660    15.5470   2.909413    22.4262     5.9349     1.3435  1016.1972    1493.88  0.000e+00
   58.32266   11.83400      0.603      0.597    15.5475   2.909430    22.4261     5.9348     1.3557  1016.1967    1493.88  0.000e+00
   58.32266   11.83400      0.603      0.597    15.5472   2.909459    22.4265     5.9347     1.3435  1016.1971    1493.88  0.000e+00
   58.32266   11.83400      0.603      0.597    15.5470   2.909424    22.4263     5.9347     1.3435  1016.1970    1493.87  0.000e+00
   58.32266   11.83400      0.603      0.597    15.5463   2.909413    22.4266     5.9351     1.3069  1016.1973    1493.87  0.000e+00
   58.32266   11.83400      0.547      0.542    15.5457   2.909430    22.4271     5.9350     1.2702  1016.1976    1493.87  0.000e+00
   58.32266   11.83400      0.603      0.597    15.5455   2.909378    22.4268     5.9349     1.2702  1016.1976    1493.87  0.000e+00
   58.32266   11.83400      0.547      0.542    15.5453   2.909360    22.4268     5.9351     1.2702  1016.1974    1493.87  0.000e+00
   58.32266   11.83400      0.603      0.597    15.5451   2.909378    22.4270     5.9353     1.2702  1016.1979    1493.87  0.000e+00
   58.32266   11.83400      0.484      0.479    15.5448   2.909389    22.4273     5.9350     1.2824  1016.1976    1493.87  0.000e+00
   58.32266   11.83400      0.603      0.597    15.5455   2.909390    22.4269     5.9348     1.2702  1016.1977    1493.87  0.000e+00
   58.32266   11.83400      0.547      0.542    15.5453   2.909384    22.4270     5.9345     1.2702  1016.1975    1493.87  0.000e+00
   58.32266   11.83400      0.547      0.542    15.5451   2.909366    22.4269     5.9300     1.2702  1016.1975    1493.87  0.000e+00
   58.32266   11.83400      0.603      0.597    15.5453   2.909360    22.4267     5.9334     1.2702  1016.1976    1493.87  0.000e+00
   58.32266   11.83400      0.547      0.542    15.5455   2.909360    22.4267     5.9288     1.2824  1016.1973    1493.87  0.000e+00
   58.32266   11.83400      0.484      0.479    15.5457   2.909360    22.4266     5.9280     1.2824  1016.1969    1493.87  0.000e+00
   58.32266   11.83400      0.603      0.597    15.5455   2.909395    22.4269     5.9277     1.2824  1016.1977    1493.87  0.000e+00
   58.32266   11.83400      0.484      0.479    15.5455   2.909372    22.4268     5.9272     1.2824  1016.1971    1493.87  0.000e+00
   58.32266   11.83400      0.603      0.597    15.5451   2.909337    22.4266     5.9265     1.2824  1016.1976    1493.87  0.000e+00
   58.32266   11.83400      0.547      0.542    15.5446   2.909331    22.4269     5.9303     1.2702  1016.1976    1493.87  0.000e+00
   58.32266   11.83400      0.547      0.542    15.5446   2.909349    22.4270     5.9261     1.2824  1016.1977    1493.87  0.000e+00
   58.32266   11.83400      0.603      0.597    15.5445   2.909360    22.4272     5.9257     1.2824  1016.1982    1493.87  0.000e+00
   58.32266   11.83400      0.603      0.597    15.5450   2.909378    22.4271     5.9253     1.2702  1016.1979    1493.87  0.000e+00
   58.32266   11.83400      0.603      0.597    15.5451   2.909390    22.4271     5.9248     1.2824  1016.1979    1493.87  0.000e+00
   58.32266   11.83400      0.666      0.660    15.5453   2.909424    22.4273     5.9240     1.2702  1016.1983    1493.87  0.000e+00
   58.32266   11.83400      0.666      0.660    15.5453   2.909401    22.4271     5.9231     1.2702  1016.1982    1493.87  0.000e+00
   58.32266   11.83400      0.666      0.660    15.5446   2.909390    22.4273     5.9228     1.2702  1016.1985    1493.87  0.000e+00
   58.32266   11.83400      0.722      0.715    15.5434   2.909285    22.4271     5.9225     1.2702  1016.1988    1493.87  0.000e+00
   58.32266   11.83400      0.666      0.660    15.5430   2.909209    22.4268     5.9221     1.2580  1016.1984    1493.86  0.000e+00
   58.32266   11.83400      0.722      0.715    15.5431   2.909215    22.4267     5.9216     1.2336  1016.1986    1493.86  0.000e+00
   58.32266   11.83400      0.722      0.715    15.5433   2.909204    22.4265     5.9212     1.2214  1016.1984    1493.86  0.000e+00
   58.32266   11.83400      0.666      0.660    15.5433   2.909233    22.4268     5.9207     1.2214  1016.1984    1493.86  0.000e+00
   58.32266   11.83400      0.666      0.660    15.5433   2.909250    22.4269     5.9206     1.2214  1016.1985    1493.86  0.000e+00
   58.32266   11.83400      0.722      0.715    15.5432   2.909250    22.4270     5.9206     1.2336  1016.1988    1493.86  0.000e+00
   58.32266   11.83400      0.666      0.660    15.5436   2.909233    22.4266     5.9205     1.2336  1016.1982    1493.86  0.000e+00
   58.32266   11.83400      0.666      0.660    15.5436   2.909227    22.4265     5.9201     1.2336  1016.1981    1493.86  0.000e+00
   58.32266   11.83400      0.666      0.660    15.5438   2.909244    22.4266     5.9201     1.2336  1016.1981    1493.87  0.000e+00
   58.32266   11.83400      0.603      0.597    15.5442   2.909250    22.4265     5.9196     1.2336  1016.1977    1493.87  0.000e+00
   58.32266   11.83400      0.603      0.597    15.5442   2.909250    22.4265     5.9196     1.2336  1016.1977    1493.87  0.000e+00
   58.32266   11.83400      0.603      0.597    15.5442   2.909250    22.4265     5.9193     1.2336  1016.1977    1493.87  0.000e+00
   58.32266   11.83400      0.547      0.542    15.5442   2.909250    22.4265     5.9192     1.2336  1016.1974    1493.86  0.000e+00
   58.32266   11.83400      0.547      0.542    15.5442   2.909268    22.4266     5.9193     1.2336  1016.1975    1493.86  0.000e+00
   58.32266   11.83400      0.603      0.597    15.5446   2.909314    22.4267     5.9193     1.2336  1016.1978    1493.87  0.000e+00
   58.32266   11.83400      0.428      0.424    15.5446   2.909331    22.4269     5.9193     1.2336  1016.1971    1493.86  0.000e+00
   58.32266   11.83400      0.603      0.597    15.5450   2.909331    22.4267     5.9195     1.2336  1016.1976    1493.87  0.000e+00
   58.32266   11.83400      0.547      0.542    15.5448   2.909349    22.4269     5.9196     1.2214  1016.1976    1493.87  0.000e+00
   58.32266   11.83400      0.484      0.479    15.5450   2.909360    22.4269     5.9154     1.2336  1016.1973    1493.87  0.000e+00
   58.32266   11.83400      0.484      0.479    15.5450   2.909378    22.4271     5.9194     1.2336  1016.1974    1493.87  0.000e+00
   58.32266   11.83400      0.547      0.542    15.5450   2.909366    22.4270     5.9196     1.2214  1016.1976    1493.87  0.000e+00
   58.32266   11.83400      0.484      0.479    15.5453   2.909360    22.4268     5.9197     1.2214  1016.1971    1493.87  0.000e+00
   58.32266   11.83400      0.484      0.479    15.5453   2.909360    22.4268     5.9158     1.2336  1016.1971    1493.87  0.000e+00
   58.32266   11.83400      0.547      0.542    15.5453   2.909360    22.4268     5.9157     1.2336  1016.1974    1493.87  0.000e+00
   58.32266   11.83400      0.484      0.479    15.5453   2.909360    22.4268     5.9155     1.2336  1016.1971    1493.87  0.000e+00
   58.32266   11.83400      0.547      0.542    15.5451   2.909378    22.4270     5.9155     1.2336  1016.1976    1493.87  0.000e+00
   58.32266   11.83400      0.484      0.479    15.5451   2.909360    22.4269     5.9154     1.2336  1016.1972    1493.87  0.000e+00
   58.32266   11.83400      0.484      0.479    15.5445   2.909337    22.4271     5.9155     1.2336  1016.1975    1493.87  0.000e+00
   58.32266   11.83400      0.547      0.542    15.5442   2.909314    22.4270     5.9156     1.2336  1016.1978    1493.87  0.000e+00
   58.32266   11.83400      0.547      0.542    15.5442   2.909326    22.4271     5.9156     1.2336  1016.1979    1493.87  0.000e+00
   58.32266   11.83400      0.484      0.479    15.5442   2.909291    22.4268     5.9156     1.2336  1016.1974    1493.86  0.000e+00
   58.32266   11.83400      0.547      0.542    15.5440   2.909297    22.4270     5.9158     1.2458  1016.1978    1493.86  0.000e+00
   58.32266   11.83400      0.484      0.479    15.5442   2.909285    22.4268     5.9159     1.2336  1016.1974    1493.86  0.000e+00
   58.32266   11.83400      0.603      0.597    15.5442   2.909279    22.4267     5.9158     1.2336  1016.1978    1493.87  0.000e+00
   58.32266   11.83400      0.547      0.542    15.5442   2.909256    22.4265     5.9159     1.2336  1016.1975    1493.86  0.000e+00
   58.32266   11.83400      0.603      0.597    15.5436   2.909250    22.4268     5.9159     1.2336  1016.1980    1493.86  0.000e+00
   58.32266   11.83400      0.603      0.597    15.5438   2.909268    22.4268     5.9157     1.2336  1016.1980    1493.86  0.000e+00
   58.32266   11.83400      0.603      0.597    15.5438   2.909279    22.4269     5.9155     1.2336  1016.1981    1493.86  0.000e+00
   58.32266   11.83400      0.666      0.660    15.5442   2.909256    22.4265     5.9154     1.2458  1016.1980    1493.87  0.000e+00
   58.32266   11.83400      0.603      0.597    15.5443   2.909291    22.4267     5.9110     1.2336  1016.1978    1493.87  0.000e+00
   58.32266   11.83400      0.666      0.660    15.5445   2.909262    22.4264     5.9110     1.2458  1016.1978    1493.87  0.000e+00
   58.32266   11.83400      0.603      0.597    15.5446   2.909268    22.4263     5.9105     1.2336  1016.1975    1493.87  0.000e+00
   58.32266   11.83400      0.666      0.660    15.5450   2.909297    22.4264     5.9101     1.2336  1016.1977    1493.87  0.000e+00
   58.32266   11.83400      0.603      0.597    15.5448   2.909326    22.4267     5.9097     1.2336  1016.1977    1493.87  0.000e+00
   58.32266   11.83400      0.603      0.597    15.5450   2.909349    22.4268     5.9094     1.2336  1016.1978    1493.87  0.000e+00
   58.32266   11.83400      0.603      0.597    15.5450   2.909337    22.4267     5.9049     1.2458  1016.1977    1493.87  0.000e+00
   58.32266   11.83400      0.547      0.542    15.5457   2.909372    22.4267     5.9083     1.2336  1016.1972    1493.87  0.000e+00
   58.32266   11.83400      0.603      0.597    15.5457   2.909366    22.4266     5.9082     1.2336  1016.1974    1493.87  0.000e+00
   58.32266   11.83400      0.547      0.542    15.5455   2.909355    22.4266     5.9080     1.2336  1016.1972    1493.87  0.000e+00
   58.32266   11.83400      0.547      0.542    15.5451   2.909355    22.4268     5.9078     1.2214  1016.1975    1493.87  0.000e+00
   58.32266   11.83400      0.547      0.542    15.5448   2.909360    22.4270     5.9078     1.2092  1016.1977    1493.87  0.000e+00
   58.32266   11.83400      0.484      0.479    15.5448   2.909320    22.4267     5.9076     1.2092  1016.1972    1493.87  0.000e+00
   58.32266   11.83400      0.547      0.542    15.5446   2.909343    22.4270     5.9077     1.2214  1016.1977    1493.87  0.000e+00
   58.32266   11.83400      0.547      0.542    15.5443   2.909378    22.4275     5.9077     1.2092  1016.1982    1493.87  0.000e+00
   58.32266   11.83400      0.484      0.479    15.5443   2.909343    22.4272     5.9076     1.2092  1016.1977    1493.86  0.000e+00
   58.32266   11.83400      0.484      0.479    15.5443   2.909314    22.4270     5.9077     1.2092  1016.1975    1493.86  0.000e+00
   58.32266   11.83400      0.547      0.542    15.5442   2.909326    22.4271     5.9078     1.2214  1016.1979    1493.87  0.000e+00
   58.32266   11.83400      0.484      0.479    15.5442   2.909314    22.4270     5.9037     1.2214  1016.1976    1493.86  0.000e+00
