code/data/2020/st_J_conv.cnv
* Sea-Bird SBE 9 Data File:
* FileName = C:\Documents and Settings\Boat\Desktop\MAR440_TUES\st_J.hdr
* Software Version Seasave V 7.20a
* Temperature SN = 4766
* Conductivity SN = 3059
* Number of Bytes Per Scan = 34
* Number of Voltage Words = 5
* Number of Scans Averaged by the Deck Unit = 1
* NMEA Latitude = 58 20.31 N
* NMEA Longitude = 011 53.34 E
* NMEA UTC (Time) = Sep 22 2020  13:00:36
** StationNumber: st_J
** BottomDepth: 40
# nquan = 12
# nvalues = 5361                                  
# units = specified
# name 0 = latitude: Latitude [deg]
# name 1 = longitude: Longitude [deg]
# name 2 = prDM: Pressure, Digiquartz [db]
# name 3 = depSM: Depth [salt water, m]
# name 4 = t090C: Temperature [ITS-90, deg C]
# name 5 = c0S/m: Conductivity [S/m]
# name 6 = sal00: Salinity, Practical [PSU]
# name 7 = sbeox0ML/L: Oxygen, SBE 43 [ml/l]
# name 8 = flECO-AFL: Fluorescence, WET Labs ECO-AFL/FL [mg/m^3]
# name 9 = density00: Density [density, kg/m^3]
# name 10 = svCM: Sound Velocity [Chen-Millero, m/s]
# name 11 = flag:  0.000e+00
# span 0 =   58.33848,   58.33856                 
# span 1 =   11.88898,   11.88920                 
# span 2 =     -0.641,     38.235                 
# span 3 =     -0.635,     37.876                 
# span 4 =     8.6075,    16.0696                 
# span 5 =   0.129342,   3.428356                 
# span 6 =     0.8331,    32.2072                 
# span 7 =     0.0459,     6.1808                 
# span 8 =    -0.1583,     3.8832                 
# span 9 =   999.8982,  1025.1433                 
# span 10 =    1462.90,    1497.26                
# span 11 = 0.0000e+00, 0.0000e+00                
# interval = seconds: 0.0416667
# start_time = Sep 22 2020 15:00:37 [System UpLoad Time]
# bad_flag = -9.990e-29
*END*
[from data line 843]
   58.33856   11.88918      1.243      1.231    15.5463   2.783085    21.3573     5.1836     2.2226  1015.3812    1492.65  0.000e+00
   58.33856   11.88918      1.243      1.231    15.5469   2.783091    21.3570     5.1794     2.2226  1015.3809    1492.65  0.000e+00
   58.33856   11.88918      1.243      1.231    15.5470   2.783080    21.3568     5.1789     2.2226  1015.3807    1492.65  0.000e+00
   58.33856   11.88918      1.243      1.231    15.5472   2.783057    21.3566     5.1743     2.2226  1015.3805    1492.65  0.000e+00
   58.33856   11.88918      1.242      1.231    15.5474   2.783045    21.3564     5.1773     2.2226  1015.3803    1492.65  0.000e+00
   58.33856   11.88918      1.242      1.231    15.5475   2.783028    21.3561     5.1726     2.2226  1015.3801    1492.65  0.000e+00
   58.33856   11.88918      1.187      1.176    15.5475   2.783023    21.3561     5.1675     2.2226  1015.3798    1492.65  0.000e+00
   58.33856   11.88918      1.242      1.231    15.5479   2.783005    21.3557     5.1663     2.2226  1015.3797    1492.65  0.000e+00
   58.33856   11.88918      1.306      1.294    15.5480   2.783000    21.3556     5.1651     2.2226  1015.3799    1492.66  0.000e+00
   58.33856   11.88918      1.187      1.176    15.5480   2.782954    21.3552     5.1638     2.2226  1015.3790    1492.65  0.000e+00
   58.33856   11.88918      1.242      1.231    15.5482   2.782960    21.3552     5.1584     2.2226  1015.3792    1492.66  0.000e+00
   58.33856   11.88918      1.242      1.231    15.5484   2.782948    21.3550     5.1527     2.2226  1015.3790    1492.66  0.000e+00
   58.33856   11.88918      1.242      1.231    15.5486   2.782943    21.3548     5.1508     2.2226  1015.3789    1492.66  0.000e+00
   58.33856   11.88918      1.187      1.176    15.5487   2.782920    21.3546     5.1447     2.2226  1015.3784    1492.66  0.000e+00
   58.33856   11.88918      1.242      1.230    15.5487   2.782897    21.3544     5.1425     2.2226  1015.3785    1492.66  0.000e+00
   58.33856   11.88918      1.186      1.175    15.5489   2.782891    21.3543     5.1362     2.2226  1015.3781    1492.66  0.000e+00
   58.33856   11.88918      1.242      1.230    15.5489   2.782891    21.3542     5.1338     2.2226  1015.3784    1492.66  0.000e+00
   58.33856   11.88918      1.186      1.175    15.5491   2.782868    21.3540     5.1272     2.2226  1015.3779    1492.66  0.000e+00
   58.33856   11.88918      1.242      1.230    15.5491   2.782863    21.3539     5.1246     2.2226  1015.3781    1492.66  0.000e+00
   58.33856   11.88918      1.242      1.230    15.5491   2.782845    21.3538     5.1179     2.2226  1015.3780    1492.66  0.000e+00
   58.33856   11.88918      1.242      1.230    15.5491   2.782840    21.3537     5.1150     2.2470  1015.3779    1492.66  0.000e+00
   58.33856   11.88918      1.242      1.230    15.5489   2.782817    21.3536     5.1123     2.2470  1015.3779    1492.66  0.000e+00
   58.33856   11.88918      1.242      1.230    15.5491   2.782794    21.3533     5.1055     2.2470  1015.3776    1492.66  0.000e+00
   58.33856   11.88918      1.186      1.175    15.5491   2.782783    21.3532     5.0985     2.2470  1015.3773    1492.65  0.000e+00
   58.33856   11.88918      1.305      1.293    15.5489   2.782765    21.3532     5.0955     2.2470  1015.3778    1492.66  0.000e+00
   58.33856   11.88918      1.242      1.230    15.5489   2.782777    21.3533     5.0925     2.2470  1015.3776    1492.66  0.000e+00
   58.33856   11.88918      1.305      1.293    15.5489   2.782748    21.3530     5.0855     2.2470  1015.3777    1492.66  0.000e+00
   58.33856   11.88918      1.242      1.230    15.5489   2.782714    21.3528     5.0828     2.2470  1015.3772    1492.65  0.000e+00
   58.33856   11.88918      1.241      1.230    15.5489   2.782725    21.3528     5.0762     2.2470  1015.3773    1492.65  0.000e+00
   58.33856   11.88918      1.241      1.230    15.5487   2.782714    21.3528     5.0736     2.2470  1015.3773    1492.65  0.000e+00
   58.33856   11.88918      1.241      1.230    15.5489   2.782708    21.3527     5.0669     2.2592  1015.3772    1492.65  0.000e+00
   58.33856   11.88918      1.241      1.230    15.5486   2.782708    21.3529     5.0647     2.2470  1015.3774    1492.65  0.000e+00
   58.33856   11.88918      1.241      1.230    15.5487   2.782685    21.3526     5.0628     2.2470  1015.3771    1492.65  0.000e+00
   58.33856   11.88918      1.241      1.230    15.5488   2.782646    21.3522     5.0610     2.2470  1015.3768    1492.65  0.000e+00
   58.33856   11.88918      1.305      1.293    15.5489   2.782668    21.3523     5.0553     2.2470  1015.3772    1492.66  0.000e+00
   58.33856   11.88918      1.241      1.230    15.5489   2.782646    21.3522     5.0540     2.2592  1015.3768    1492.65  0.000e+00
   58.33856   11.88918      1.241      1.230    15.5489   2.782668    21.3524     5.0530     2.2470  1015.3769    1492.65  0.000e+00
   58.33856   11.88918      1.241      1.230    15.5487   2.782663    21.3524     5.0481     2.2470  1015.3770    1492.65  0.000e+00
   58.33856   11.88918      1.241      1.230    15.5489   2.782634    21.3521     5.0511     2.2470  1015.3767    1492.65  0.000e+00
   58.33856   11.88918      1.241      1.230    15.5491   2.782611    21.3518     5.0462     2.2470  1015.3764    1492.65  0.000e+00
   58.33856   11.88918      1.241      1.229    15.5492   2.782606    21.3516     5.0417     2.2470  1015.3763    1492.65  0.000e+00
   58.33856   11.88918      1.241      1.229    15.5492   2.782588    21.3515     5.0413     2.2470  1015.3762    1492.65  0.000e+00
   58.33856   11.88918      1.241      1.229    15.5492   2.782583    21.3515     5.0411     2.2592  1015.3761    1492.65  0.000e+00
   58.33856   11.88918      1.241      1.229    15.5494   2.782577    21.3513     5.0367     2.2470  1015.3760    1492.65  0.000e+00
   58.33856   11.88918      1.185      1.174    15.5494   2.782577    21.3513     5.0363     2.2592  1015.3758    1492.65  0.000e+00
   58.33856   11.88918      1.304      1.292    15.5496   2.782554    21.3510     5.0367     2.2715  1015.3760    1492.66  0.000e+00
   58.33856   11.88918      1.241      1.229    15.5496   2.782548    21.3510     5.0370     2.2837  1015.3757    1492.65  0.000e+00
   58.33856   11.88918      1.241      1.229    15.5496   2.782491    21.3505     5.0333     2.2715  1015.3753    1492.65  0.000e+00
   58.33856   11.88918      1.241      1.229    15.5498   2.782531    21.3507     5.0338     2.2715  1015.3755    1492.66  0.000e+00
   58.33856   11.88918      1.185      1.174    15.5498   2.782491    21.3504     5.0346     2.2715  1015.3750    1492.65  0.000e+00
   58.33856   11.88918      1.241      1.229    15.5501   2.782491    21.3502     5.0353     2.2715  1015.3750    1492.66  0.000e+00
   58.33856   11.88918      1.241      1.229    15.5501   2.782480    21.3501     5.0321     2.2715  1015.3750    1492.66  0.000e+00
   58.33856   11.88918      1.185      1.174    15.5499   2.782457    21.3500     5.0325     2.2715  1015.3747    1492.65  0.000e+00
   58.33856   11.88918      1.240      1.229    15.5502   2.782468    21.3500     5.0379     2.2715  1015.3748    1492.66  0.000e+00
   58.33856   11.88918      1.240      1.229    15.5501   2.782434    21.3497     5.0394     2.2837  1015.3747    1492.66  0.000e+00
   58.33856   11.88918      1.240      1.229    15.5503   2.782480    21.3500     5.0408     2.2715  1015.3749    1492.66  0.000e+00
   58.33856   11.88918      1.185      1.174    15.5504   2.782440    21.3496     5.0423     2.2715  1015.3742    1492.66  0.000e+00
   58.33856   11.88918      1.240      1.229    15.5504   2.782383    21.3491     5.0443     2.2837  1015.3741    1492.66  0.000e+00
   58.33856   11.88918      1.185      1.174    15.5504   2.782388    21.3492     5.0464     2.2715  1015.3739    1492.65  0.000e+00
   58.33856   11.88918      1.066      1.056    15.5506   2.782394    21.3492     5.0483     2.2715  1015.3733    1492.65  0.000e+00
   58.33856   11.88918      1.066      1.056    15.5506   2.782371    21.3490     5.0501     2.2715  1015.3732    1492.65  0.000e+00
   58.33856   11.88918      1.066      1.056    15.5503   2.782366    21.3491     5.0522     2.2715  1015.3734    1492.65  0.000e+00
   58.33856   11.88918      1.129      1.119    15.5499   2.782348    21.3491     5.0584     2.2715  1015.3737    1492.65  0.000e+00
   58.33856   11.88918      1.240      1.229    15.5491   2.782343    21.3495     5.0610     2.2837  1015.3747    1492.65  0.000e+00
   58.33856   11.88918      1.240      1.229    15.5475   2.782320    21.3501     5.0676     2.2715  1015.3755    1492.65  0.000e+00
   58.33856   11.88918      1.359      1.346    15.5467   2.782314    21.3505     5.0706     2.2715  1015.3765    1492.65  0.000e+00
   58.33856   11.88918      1.240      1.228    15.5465   2.782257    21.3502     5.0773     2.2715  1015.3757    1492.64  0.000e+00
   58.33856   11.88918      1.303      1.291    15.5467   2.782200    21.3496     5.0804     2.2715  1015.3755    1492.64  0.000e+00
   58.33856   11.88918      1.303      1.291    15.5474   2.782240    21.3495     5.0832     2.2715  1015.3753    1492.65  0.000e+00
   58.33856   11.88918      1.359      1.346    15.5486   2.782183    21.3484     5.0903     2.2592  1015.3745    1492.65  0.000e+00
   58.33856   11.88918      1.422      1.409    15.5511   2.782531    21.3500     5.0976     2.2592  1015.3755    1492.66  0.000e+00
   58.33856   11.88918      1.478      1.464    15.5579   2.783222    21.3521     5.1004     2.2592  1015.3760    1492.69  0.000e+00
   58.33856   11.88918      1.597      1.582    15.5654   2.783434    21.3498     5.1071     2.2592  1015.3733    1492.71  0.000e+00
   58.33856   11.88918      1.597      1.582    15.5752   2.783514    21.3452     5.1097     2.2592  1015.3678    1492.74  0.000e+00
   58.33856   11.88918      1.533      1.519    15.5853   2.783542    21.3400     5.1124     2.2592  1015.3615    1492.76  0.000e+00
   58.33856   11.88918      1.478      1.464    15.5919   2.783582    21.3368     5.1191     2.2592  1015.3575    1492.78  0.000e+00
   58.33856   11.88918      1.478      1.464    15.5970   2.783519    21.3335     5.1223     2.2592  1015.3539    1492.79  0.000e+00
   58.33856   11.88918      1.533      1.519    15.6011   2.783508    21.3312     5.1252     2.2592  1015.3516    1492.80  0.000e+00
   58.33856   11.88918      1.652      1.637    15.6048   2.783462    21.3288     5.1323     2.2592  1015.3495    1492.82  0.000e+00
   58.33856   11.88918      1.596      1.582    15.6074   2.783439    21.3273     5.1352     2.2592  1015.3476    1492.82  0.000e+00
   58.33856   11.88918      1.596      1.582    15.6093   2.783439    21.3262     5.1423     2.2592  1015.3464    1492.83  0.000e+00
   58.33856   11.88918      1.596      1.582    15.6107   2.783416    21.3253     5.1498     2.2592  1015.3454    1492.83  0.000e+00
   58.33856   11.88918      1.596      1.581    15.6122   2.783411    21.3244     5.1534     2.2592  1015.3445    1492.83  0.000e+00
   58.33856   11.88918      1.652      1.636    15.6132   2.783433    21.3241     5.1565     2.2592  1015.3442    1492.84  0.000e+00
   58.33856   11.88918      1.715      1.699    15.6145   2.783439    21.3234     5.1596     2.2592  1015.3437    1492.84  0.000e+00
   58.33856   11.88918      1.771      1.754    15.6161   2.783393    21.3221     5.1667     2.2592  1015.3427    1492.85  0.000e+00
   58.33856   11.88918      1.771      1.754    15.6174   2.783405    21.3215     5.1695     2.2592  1015.3420    1492.85  0.000e+00
   58.33856   11.88918      1.771      1.754    15.6184   2.783388    21.3208     5.1726     2.2592  1015.3412    1492.85  0.000e+00
   58.33856   11.88918      1.771      1.754    15.6193   2.783388    21.3203     5.1752     2.2592  1015.3407    1492.85  0.000e+00
   58.33856   11.88918      1.834      1.817    15.6196   2.783382    21.3201     5.1815     2.2592  1015.3407    1492.86  0.000e+00
   58.33856   11.88918      1.834      1.817    15.6205   2.783388    21.3197     5.1838     2.2592  1015.3403    1492.86  0.000e+00
   58.33856   11.88918      1.889      1.872    15.6210   2.783382    21.3194     5.1860     2.2592  1015.3401    1492.86  0.000e+00
   58.33856   11.88918      1.889      1.872    15.6210   2.783388    21.3194     5.1918     2.2470  1015.3402    1492.86  0.000e+00
   58.33856   11.88918      1.889      1.872    15.6210   2.783479    21.3202     5.1935     2.2104  1015.3408    1492.86  0.000e+00
   58.33856   11.88918      1.945      1.927    15.6210   2.783165    21.3175     5.1953     2.1738  1015.3390    1492.86  0.000e+00
   58.33856   11.88918      1.889      1.872    15.6212   2.779053    21.2828     5.2019     2.1738  1015.3121    1492.82  0.000e+00
   58.33856   11.88918      1.945      1.927    15.6215   2.772826    21.2302     5.2048     2.1738  1015.2720    1492.76  0.000e+00
   58.33856   11.88918      1.889      1.872    15.6244   2.758840    21.1109     5.2092     2.1738  1015.1799    1492.63  0.000e+00
   58.33856   11.88918      2.008      1.990    15.6380   2.765641    21.1609     5.2069     2.1738  1015.2159    1492.74  0.000e+00
   58.33856   11.88918      1.945      1.927    15.6522   2.796579    21.4137     5.1977     2.1738  1015.4063    1493.07  0.000e+00
   58.33856   11.88918      2.064      2.044    15.6634   2.821848    21.6205     5.1940     2.1738  1015.5629    1493.35  0.000e+00
   58.33856   11.88918      2.008      1.989    15.6668   2.829178    21.6804     5.1916     2.1738  1015.6079    1493.43  0.000e+00
   58.33856   11.88918      2.064      2.044    15.6646   2.830403    21.6919     5.1917     2.1738  1015.6174    1493.43  0.000e+00
   58.33856   11.88918      2.064      2.044    15.6644   2.831029    21.6973     5.1956     2.1738  1015.6216    1493.44  0.000e+00
   58.33856   11.88918      2.127      2.107    15.6646   2.831869    21.7043     5.1954     2.1738  1015.6272    1493.45  0.000e+00
   58.33856   11.88918      2.063      2.044    15.6648   2.832576    21.7102     5.1949     2.1738  1015.6313    1493.46  0.000e+00
   58.33856   11.88918      2.127      2.107    15.6637   2.832996    21.7143     5.1944     2.1738  1015.6350    1493.46  0.000e+00
   58.33856   11.88918      2.182      2.162    15.6638   2.833393    21.7176     5.1978     2.1738  1015.6377    1493.46  0.000e+00
   58.33856   11.88918      2.182      2.162    15.6661   2.834278    21.7238     5.1967     2.1738  1015.6420    1493.48  0.000e+00
   58.33856   11.88918      2.127      2.107    15.6673   2.835055    21.7297     5.1954     2.1738  1015.6460    1493.49  0.000e+00
   58.33856   11.88918      2.182      2.162    15.6653   2.835066    21.7309     5.1986     2.1738  1015.6476    1493.48  0.000e+00
   58.33856   11.88918      2.182      2.162    15.6640   2.834877    21.7299     5.1980     2.1738  1015.6472    1493.48  0.000e+00
   58.33856   11.88918      2.182      2.162    15.6638   2.834888    21.7302     5.1971     2.1738  1015.6474    1493.48  0.000e+00
   58.33856   11.88918      2.301      2.280    15.6651   2.834825    21.7289     5.2004     2.1738  1015.6467    1493.48  0.000e+00
   58.33856   11.88918      2.238      2.217    15.6711   2.829132    21.6776     5.2006     2.1738  1015.6059    1493.44  0.000e+00
   58.33856   11.88918      2.238      2.217    15.6708   2.815637    21.5640     5.2078     2.1738  1015.5190    1493.31  0.000e+00
   58.33856   11.88918      2.356      2.335    15.6667   2.818128    21.5873     5.2113     2.1738  1015.5382    1493.32  0.000e+00
   58.33856   11.88918      2.301      2.280    15.6632   2.829650    21.6863     5.2123     2.2959  1015.6144    1493.43  0.000e+00
   58.33856   11.88918      2.356      2.334    15.6616   2.833301    21.7180     5.2157     2.3936  1015.6393    1493.46  0.000e+00
