code/data/2020/st_J_conv.cnv
* Sea-Bird SBE 9 Data File:
* FileName = C:\Documents and Settings\Boat\Desktop\MAR440_TUES\st_J.hdr
* Software Version Seasave V 7.20a
* Temperature SN = 4766
* Conductivity SN = 3059
* Number of Bytes Per Scan = 34
* Number of Voltage Words = 5
* Number of Scans Averaged by the Deck Unit = 1
* NMEA Latitude = 58 20.31 N
* NMEA Longitude = 011 53.34 E
* NMEA UTC (Time) = Sep 22 2020  13:00:36
** StationNumber: st_J
** BottomDepth: 40
# nquan = 12
# nvalues = 5361                                  
# units = specified
# name 0 = latitude: Latitude [deg]
# name 1 = longitude: Longitude [deg]
# name 2 = prDM: Pressure, Digiquartz [db]
# name 3 = depSM: Depth [salt water, m]
# name 4 = t090C: Temperature [ITS-90, deg C]
# name 5 = c0S/m: Conductivity [S/m]
# name 6 = sal00: Salinity, Practical [PSU]
# name 7 = sbeox0ML/L: Oxygen, SBE 43 [ml/l]
# name 8 = flECO-AFL: Fluorescence, WET Labs ECO-AFL/FL [mg/m^3]
# name 9 = density00: Density [density, kg/m^3]
# name 10 = svCM: Sound Velocity [Chen-Millero, m/s]
# name 11 = flag:  0.000e+00
# span 0 =   58.33848,   58.33856                 
# span 1 =   11.88898,   11.88920                 
# span 2 =     -0.641,     38.235                 
# span 3 =     -0.635,     37.876                 
# span 4 =     8.6075,    16.0696                 
# span 5 =   0.129342,   3.428356                 
# span 6 =     0.8331,    32.2072                 
# span 7 =     0.0459,     6.1808                 
# span 8 =    -0.1583,     3.8832                 
# span 9 =   999.8982,  1025.1433                 
# span 10 =    1462.90,    1497.26                
# span 11 = 0.0000e+00, 0.0000e+00                
# interval = seconds: 0.0416667
# start_time = Sep 22 2020 15:00:37 [System UpLoad Time]
# bad_flag = -9.990e-29
*END*
[from data line 2647]
   58.33850   11.88916     34.289     33.968     8.7973   3.427006    32.1678     0.0944     0.8429  1025.0888    1482.53  0.000e+00
   58.33850   11.88916     34.289     33.968     8.7968   3.427018    32.1684     0.0941     0.8551  1025.0893    1482.53  0.000e+00
   58.33850   11.88916     34.289     33.968     8.7964   3.427037    32.1689     0.0938     0.8551  1025.0898    1482.53  0.000e+00
   58.33850   11.88916     34.353     34.031     8.7968   3.427067    32.1688     0.0935     0.8551  1025.0899    1482.53  0.000e+00
   58.33850   11.88916     34.289     33.968     8.7974   3.427055    32.1682     0.0932     0.8551  1025.0891    1482.53  0.000e+00
   58.33850   11.88916     34.353     34.031     8.7979   3.427067    32.1679     0.0930     0.8551  1025.0890    1482.53  0.000e+00
   58.33850   11.88916     34.289     33.968     8.7981   3.427123    32.1683     0.0928     0.8551  1025.0890    1482.53  0.000e+00
   58.33850   11.88916     34.289     33.968     8.7984   3.427160    32.1684     0.0974     0.8551  1025.0891    1482.54  0.000e+00
   58.33850   11.88916     34.289     33.968     8.7982   3.427234    32.1693     0.0978     0.8551  1025.0898    1482.54  0.000e+00
   58.33850   11.88916     34.353     34.031     8.7990   3.427259    32.1688     0.0935     0.8551  1025.0896    1482.54  0.000e+00
   58.33850   11.88916     34.289     33.968     8.8006   3.427302    32.1679     0.0933     0.8551  1025.0884    1482.54  0.000e+00
   58.33850   11.88916     34.289     33.968     8.8007   3.427296    32.1678     0.0932     0.8551  1025.0882    1482.54  0.000e+00
   58.33850   11.88916     34.289     33.968     8.8012   3.427309    32.1674     0.0931     0.8429  1025.0879    1482.54  0.000e+00
   58.33850   11.88916     34.353     34.031     8.8015   3.427340    32.1674     0.0930     0.8551  1025.0881    1482.55  0.000e+00
   58.33850   11.88916     34.289     33.968     8.8019   3.427370    32.1674     0.0977     0.8673  1025.0878    1482.55  0.000e+00
   58.33850   11.88916     34.289     33.968     8.8021   3.427451    32.1680     0.0935     0.8673  1025.0882    1482.55  0.000e+00
   58.33850   11.88916     34.353     34.031     8.8030   3.427494    32.1677     0.0982     0.8673  1025.0881    1482.55  0.000e+00
   58.33850   11.88916     34.289     33.968     8.8038   3.427525    32.1674     0.0988     0.8673  1025.0874    1482.55  0.000e+00
   58.33850   11.88916     34.289     33.968     8.8050   3.427537    32.1664     0.0946     0.8673  1025.0865    1482.56  0.000e+00
   58.33850   11.88916     34.289     33.968     8.8057   3.427506    32.1654     0.0994     0.8673  1025.0856    1482.56  0.000e+00
   58.33850   11.88916     34.289     33.968     8.8054   3.427500    32.1656     0.1000     0.8673  1025.0858    1482.56  0.000e+00
   58.33850   11.88916     34.353     34.031     8.8053   3.427550    32.1662     0.0958     0.8673  1025.0865    1482.56  0.000e+00
   58.33850   11.88916     34.289     33.968     8.8054   3.427636    32.1670     0.0958     0.8673  1025.0869    1482.56  0.000e+00
   58.33850   11.88916     34.313     33.991     8.8061   3.427680    32.1668     0.0959     0.8673  1025.0867    1482.56  0.000e+00
   58.33850   11.88916     34.234     33.913     8.8073   3.427735    32.1663     0.0953     0.8673  1025.0858    1482.57  0.000e+00
   58.33850   11.88916     34.289     33.968     8.8089   3.427772    32.1652     0.0954     0.8673  1025.0850    1482.57  0.000e+00
   58.33850   11.88916     34.353     34.031     8.8093   3.427760    32.1647     0.0955     0.8673  1025.0848    1482.57  0.000e+00
   58.33850   11.88916     34.289     33.968     8.8093   3.427661    32.1638     0.0956     0.8673  1025.0838    1482.57  0.000e+00
   58.33850   11.88916     34.353     34.031     8.8088   3.427575    32.1632     0.0958     0.8673  1025.0837    1482.57  0.000e+00
   58.33850   11.88916     34.289     33.968     8.8082   3.427494    32.1630     0.0954     0.8673  1025.0834    1482.57  0.000e+00
   58.33850   11.88916     34.289     33.968     8.8063   3.427476    32.1645     0.0949     0.8673  1025.0848    1482.56  0.000e+00
   58.33850   11.88916     34.353     34.031     8.8057   3.427476    32.1650     0.0951     0.8673  1025.0856    1482.56  0.000e+00
   58.33850   11.88916     34.289     33.968     8.8058   3.427494    32.1652     0.1000     0.8673  1025.0854    1482.56  0.000e+00
   58.33850   11.88916     34.289     33.968     8.8041   3.427525    32.1670     0.0961     0.8673  1025.0871    1482.55  0.000e+00
   58.33850   11.88916     34.353     34.031     8.8015   3.427556    32.1697     0.0963     0.8673  1025.0899    1482.55  0.000e+00
   58.33850   11.88916     34.353     34.031     8.8007   3.427568    32.1706     0.0918     0.8673  1025.0907    1482.55  0.000e+00
   58.33850   11.88916     34.289     33.968     8.8014   3.427544    32.1697     0.0963     0.8673  1025.0896    1482.55  0.000e+00
   58.33850   11.88916     34.353     34.031     8.8016   3.427531    32.1693     0.0960     0.8673  1025.0896    1482.55  0.000e+00
   58.33850   11.88916     34.289     33.968     8.8011   3.427513    32.1697     0.0963     0.8551  1025.0897    1482.55  0.000e+00
   58.33850   11.88916     34.289     33.968     8.8011   3.427507    32.1695     0.0960     0.8551  1025.0895    1482.55  0.000e+00
   58.33850   11.88916     34.353     34.031     8.8012   3.427482    32.1692     0.0964     0.8551  1025.0895    1482.55  0.000e+00
   58.33850   11.88916     34.289     33.968     8.8005   3.427476    32.1698     0.0967     0.8551  1025.0898    1482.54  0.000e+00
   58.33850   11.88916     34.353     34.031     8.8002   3.427426    32.1695     0.0971     0.8551  1025.0899    1482.54  0.000e+00
   58.33850   11.88916     34.289     33.968     8.7997   3.427389    32.1696     0.0969     0.8551  1025.0898    1482.54  0.000e+00
   58.33850   11.88916     34.289     33.968     8.8009   3.427401    32.1687     0.0967     0.8551  1025.0889    1482.54  0.000e+00
   58.33850   11.88916     34.289     33.968     8.8012   3.427389    32.1683     0.0971     0.8551  1025.0885    1482.55  0.000e+00
   58.33850   11.88916     34.353     34.031     8.8010   3.427358    32.1681     0.0970     0.8551  1025.0887    1482.55  0.000e+00
   58.33850   11.88916     34.353     34.031     8.8004   3.427327    32.1683     0.0968     0.8551  1025.0890    1482.54  0.000e+00
   58.33850   11.88916     34.289     33.968     8.8004   3.427364    32.1688     0.0966     0.8551  1025.0890    1482.54  0.000e+00
   58.33850   11.88916     34.376     34.054     8.8004   3.427383    32.1689     0.0965     0.8551  1025.0895    1482.54  0.000e+00
   58.33850   11.88916     34.353     34.031     8.8007   3.427383    32.1687     0.0963     0.8551  1025.0892    1482.54  0.000e+00
   58.33850   11.88916     34.353     34.030     8.8009   3.427358    32.1682     0.0961     0.8551  1025.0888    1482.55  0.000e+00
   58.33850   11.88916     34.353     34.030     8.8010   3.427420    32.1687     0.0959     0.8551  1025.0892    1482.55  0.000e+00
   58.33850   11.88916     34.353     34.030     8.8011   3.427445    32.1689     0.0958     0.8551  1025.0894    1482.55  0.000e+00
   58.33850   11.88916     34.353     34.030     8.8011   3.427420    32.1686     0.0956     0.8551  1025.0891    1482.55  0.000e+00
   58.33850   11.88916     34.353     34.030     8.8014   3.427432    32.1685     0.0954     0.8551  1025.0890    1482.55  0.000e+00
   58.33850   11.88916     34.353     34.030     8.8013   3.427414    32.1683     0.0959     0.8551  1025.0889    1482.55  0.000e+00
   58.33850   11.88916     34.408     34.085     8.8011   3.427364    32.1680     0.0963     0.8551  1025.0889    1482.55  0.000e+00
   58.33850   11.88916     34.353     34.030     8.8012   3.427395    32.1683     0.0962     0.8551  1025.0888    1482.55  0.000e+00
   58.33850   11.88916     34.353     34.030     8.8009   3.427389    32.1685     0.0961     0.8551  1025.0891    1482.55  0.000e+00
   58.33850   11.88916     34.353     34.030     8.8006   3.427383    32.1687     0.0960     0.8551  1025.0893    1482.54  0.000e+00
   58.33850   11.88916     34.353     34.030     8.7999   3.427401    32.1696     0.0958     0.8551  1025.0900    1482.54  0.000e+00
   58.33850   11.88916     34.408     34.085     8.7996   3.427414    32.1699     0.0957     0.8429  1025.0906    1482.54  0.000e+00
   58.33850   11.88916     34.289     33.968     8.7989   3.427414    32.1706     0.0962     0.8429  1025.0907    1482.54  0.000e+00
   58.33850   11.88916     34.408     34.085     8.7989   3.427389    32.1703     0.0961     0.8429  1025.0910    1482.54  0.000e+00
   58.33850   11.88916     34.353     34.030     8.7985   3.427401    32.1708     0.0966     0.8429  1025.0912    1482.54  0.000e+00
   58.33850   11.88916     34.408     34.085     8.7981   3.427432    32.1715     0.0972     0.8429  1025.0920    1482.54  0.000e+00
   58.33850   11.88916     34.408     34.085     8.7979   3.427439    32.1717     0.0971     0.8429  1025.0923    1482.54  0.000e+00
   58.33850   11.88916     34.408     34.085     8.7973   3.427445    32.1723     0.0977     0.8429  1025.0928    1482.54  0.000e+00
   58.33850   11.88916     34.352     34.030     8.7969   3.427445    32.1727     0.0983     0.8429  1025.0929    1482.54  0.000e+00
   58.33850   11.88916     34.408     34.085     8.7960   3.427445    32.1735     0.0983     0.8429  1025.0940    1482.53  0.000e+00
   58.33850   11.88916     34.408     34.085     8.7934   3.427445    32.1759     0.0983     0.8429  1025.0962    1482.53  0.000e+00
   58.33850   11.88916     34.408     34.085     8.7902   3.427463    32.1789     0.0936     0.8429  1025.0991    1482.52  0.000e+00
   58.33850   11.88916     34.408     34.085     8.7878   3.427451    32.1810     0.0977     0.8429  1025.1011    1482.51  0.000e+00
   58.33850   11.88916     34.472     34.148     8.7876   3.427513    32.1818     0.0978     0.8429  1025.1020    1482.51  0.000e+00
   58.33850   11.88916     34.408     34.085     8.7864   3.427482    32.1826     0.0978     0.8429  1025.1026    1482.51  0.000e+00
   58.33850   11.88916     34.376     34.054     8.7834   3.427470    32.1852     0.0978     0.8429  1025.1049    1482.50  0.000e+00
   58.33850   11.88916     34.472     34.148     8.7802   3.427494    32.1883     0.0979     0.8429  1025.1083    1482.49  0.000e+00
   58.33850   11.88916     34.471     34.148     8.7783   3.427482    32.1899     0.0979     0.8429  1025.1098    1482.49  0.000e+00
   58.33850   11.88916     34.408     34.085     8.7773   3.427476    32.1908     0.0979     0.8429  1025.1104    1482.49  0.000e+00
   58.33850   11.88916     34.471     34.148     8.7764   3.427495    32.1918     0.0932     0.8429  1025.1116    1482.48  0.000e+00
   58.33850   11.88916     34.471     34.148     8.7765   3.427507    32.1918     0.0933     0.8429  1025.1116    1482.49  0.000e+00
   58.33850   11.88916     34.471     34.148     8.7765   3.427507    32.1918     0.0928     0.8429  1025.1116    1482.49  0.000e+00
   58.33850   11.88916     34.471     34.148     8.7760   3.427507    32.1923     0.0970     0.8429  1025.1120    1482.48  0.000e+00
   58.33850   11.88916     34.471     34.148     8.7759   3.427501    32.1923     0.0918     0.8429  1025.1121    1482.48  0.000e+00
   58.33850   11.88916     34.471     34.148     8.7759   3.427525    32.1926     0.0913     0.8429  1025.1123    1482.48  0.000e+00
   58.33850   11.88916     34.527     34.203     8.7758   3.427513    32.1925     0.0956     0.8551  1025.1124    1482.48  0.000e+00
   58.33850   11.88916     34.471     34.148     8.7759   3.427525    32.1926     0.0910     0.8795  1025.1123    1482.48  0.000e+00
   58.33850   11.88916     34.471     34.148     8.7755   3.427513    32.1928     0.0954     0.8795  1025.1125    1482.48  0.000e+00
   58.33850   11.88916     34.527     34.203     8.7757   3.427507    32.1925     0.0908     0.8795  1025.1125    1482.48  0.000e+00
   58.33850   11.88916     34.471     34.148     8.7760   3.427482    32.1920     0.0951     0.8795  1025.1118    1482.48  0.000e+00
   58.33850   11.88916     34.527     34.203     8.7760   3.427451    32.1916     0.0906     0.8795  1025.1118    1482.48  0.000e+00
   58.33850   11.88916     34.527     34.203     8.7760   3.427513    32.1923     0.0950     0.8795  1025.1123    1482.48  0.000e+00
   58.33850   11.88916     34.471     34.148     8.7759   3.427538    32.1927     0.0904     0.8795  1025.1124    1482.48  0.000e+00
   58.33850   11.88916     34.527     34.203     8.7757   3.427507    32.1925     0.0901     0.8795  1025.1125    1482.48  0.000e+00
   58.33850   11.88916     34.527     34.203     8.7760   3.427501    32.1922     0.0898     0.8795  1025.1122    1482.48  0.000e+00
   58.33850   11.88916     34.527     34.203     8.7760   3.427525    32.1924     0.0895     0.8795  1025.1124    1482.49  0.000e+00
   58.33850   11.88916     34.527     34.203     8.7761   3.427513    32.1922     0.0939     0.8917  1025.1122    1482.49  0.000e+00
   58.33850   11.88916     34.590     34.266     8.7764   3.427507    32.1919     0.0943     0.8795  1025.1122    1482.49  0.000e+00
   58.33850   11.88916     34.527     34.203     8.7760   3.427525    32.1925     0.0898     0.8795  1025.1124    1482.49  0.000e+00
   58.33850   11.88916     34.527     34.203     8.7760   3.427513    32.1923     0.0896     0.8795  1025.1123    1482.49  0.000e+00
   58.33850   11.88916     34.590     34.266     8.7758   3.427525    32.1926     0.0894     0.8795  1025.1128    1482.49  0.000e+00
   58.33850   11.88916     34.590     34.266     8.7760   3.427513    32.1923     0.0892     0.8795  1025.1125    1482.49  0.000e+00
   58.33850   11.88916     34.527     34.203     8.7766   3.427544    32.1921     0.0937     0.8795  1025.1120    1482.49  0.000e+00
   58.33850   11.88916     34.590     34.266     8.7770   3.427544    32.1917     0.0894     0.8795  1025.1119    1482.49  0.000e+00
   58.33850   11.88916     34.590     34.266     8.7767   3.427556    32.1921     0.0893     0.8795  1025.1123    1482.49  0.000e+00
   58.33850   11.88916     34.606     34.282     8.7766   3.427544    32.1920     0.0891     0.8795  1025.1123    1482.49  0.000e+00
   58.33850   11.88916     34.590     34.266     8.7767   3.427513    32.1917     0.0890     0.8795  1025.1120    1482.49  0.000e+00
   58.33850   11.88916     34.527     34.203     8.7765   3.427575    32.1925     0.0890     0.8795  1025.1124    1482.49  0.000e+00
   58.33850   11.88916     34.590     34.266     8.7767   3.427550    32.1921     0.0889     0.8795  1025.1123    1482.49  0.000e+00
   58.33850   11.88916     34.590     34.266     8.7766   3.427556    32.1922     0.0889     0.8795  1025.1124    1482.49  0.000e+00
   58.33850   11.88916     34.646     34.321     8.7765   3.427544    32.1921     0.0936     0.8673  1025.1126    1482.49  0.000e+00
   58.33850   11.88916     34.590     34.266     8.7765   3.427556    32.1923     0.0942     0.8551  1025.1125    1482.49  0.000e+00
   58.33850   11.88916     34.646     34.321     8.7764   3.427544    32.1922     0.0948     0.8429  1025.1127    1482.49  0.000e+00
   58.33850   11.88916     34.646     34.321     8.7765   3.427513    32.1918     0.0907     0.8551  1025.1124    1482.49  0.000e+00
   58.33850   11.88916     34.646     34.321     8.7764   3.427525    32.1920     0.0907     0.8551  1025.1126    1482.49  0.000e+00
   58.33850   11.88916     34.646     34.321     8.7762   3.427581    32.1928     0.0908     0.8551  1025.1132    1482.49  0.000e+00
   58.33850   11.88916     34.701     34.376     8.7760   3.427550    32.1926     0.0956     0.8551  1025.1133    1482.49  0.000e+00
   58.33850   11.88916     34.646     34.321     8.7759   3.427556    32.1928     0.0915     0.8551  1025.1132    1482.49  0.000e+00
