code/data/2020/st_J_conv.cnv
* Sea-Bird SBE 9 Data File:
* FileName = C:\Documents and Settings\Boat\Desktop\MAR440_TUES\st_J.hdr
* Software Version Seasave V 7.20a
* Temperature SN = 4766
* Conductivity SN = 3059
* Number of Bytes Per Scan = 34
* Number of Voltage Words = 5
* Number of Scans Averaged by the Deck Unit = 1
* NMEA Latitude = 58 20.31 N
* NMEA Longitude = 011 53.34 E
* NMEA UTC (Time) = Sep 22 2020  13:00:36
** StationNumber: st_J
** BottomDepth: 40
# nquan = 12
# nvalues = 5361                                  
# units = specified
# name 0 = latitude: Latitude [deg]
# name 1 = longitude: Longitude [deg]
# name 2 = prDM: Pressure, Digiquartz [db]
# name 3 = depSM: Depth [salt water, m]
# name 4 = t090C: Temperature [ITS-90, deg C]
# name 5 = c0S/m: Conductivity [S/m]
# name 6 = sal00: Salinity, Practical [PSU]
# name 7 = sbeox0ML/L: Oxygen, SBE 43 [ml/l]
# name 8 = flECO-AFL: Fluorescence, WET Labs ECO-AFL/FL [mg/m^3]
# name 9 = density00: Density [density, kg/m^3]
# name 10 = svCM: Sound Velocity [Chen-Millero, m/s]
# name 11 = flag:  0.000e+00
# span 0 =   58.33848,   58.33856                 
# span 1 =   11.88898,   11.88920                 
# span 2 =     -0.641,     38.235                 
# span 3 =     -0.635,     37.876                 
# span 4 =     8.6075,    16.0696                 
# span 5 =   0.129342,   3.428356                 
# span 6 =     0.8331,    32.2072                 
# span 7 =     0.0459,     6.1808                 
# span 8 =    -0.1583,     3.8832                 
# span 9 =   999.8982,  1025.1433                 
# span 10 =    1462.90,    1497.26                
# span 11 = 0.0000e+00, 0.0000e+00                
# interval = seconds: 0.0416667
# start_time = Sep 22 2020 15:00:37 [System UpLoad Time]
# bad_flag = -9.990e-29
*END*
[from data line 5173]
   58.33848   11.88898     -0.229     -0.226    14.4778   0.282041     1.8675     5.7103     0.0737  1000.6219    1466.34  0.000e+00
   58.33848   11.88898     -0.284     -0.281    14.4524   0.289494     1.9210     5.6977     0.0737  1000.6667    1466.32  0.000e+00
   58.33848   11.88898     -0.229     -0.226    14.4452   0.297879     1.9803     5.6926     0.0737  1000.7138    1466.36  0.000e+00
   58.33848   11.88898     -0.165     -0.164    14.4472   0.303318     2.0185     5.6832     0.0737  1000.7432    1466.42  0.000e+00
   58.33848   11.88898     -0.165     -0.163    14.4598   0.305665     2.0344     5.6684     0.0737  1000.7536    1466.48  0.000e+00
   58.33848   11.88898     -0.228     -0.226    14.5261   0.309929     2.0610     5.6618     0.0737  1000.7639    1466.74  0.000e+00
   58.33848   11.88898     -0.284     -0.281    14.5755   0.313967     2.0868     5.6534     0.0737  1000.7762    1466.95  0.000e+00
   58.33848   11.88898     -0.403     -0.399    14.5990   0.317957     2.1136     5.6484     0.0737  1000.7928    1467.06  0.000e+00
   58.33848   11.88898     -0.165     -0.163    14.6132   0.319708     2.1252     5.6454     0.0737  1000.8006    1467.13  0.000e+00
   58.33848   11.88898     -0.284     -0.281    14.6221   0.320941     2.1334     5.6434     0.0737  1000.8051    1467.17  0.000e+00
   58.33848   11.88898     -0.284     -0.281    14.6260   0.321390     2.1364     5.6478     0.0737  1000.8068    1467.18  0.000e+00
   58.33848   11.88898     -0.339     -0.336    14.6292   0.322040     2.1408     5.6526     0.0737  1000.8094    1467.20  0.000e+00
   58.33848   11.88898     -0.284     -0.281    14.6336   0.321541     2.1370     5.6587     0.0737  1000.8061    1467.21  0.000e+00
   58.33848   11.88898     -0.228     -0.226    14.6365   0.318486     2.1153     5.6709     0.0737  1000.7892    1467.20  0.000e+00
   58.33848   11.88898     -0.228     -0.226    14.6375   0.315404     2.0936     5.6799     0.0737  1000.7723    1467.18  0.000e+00
   58.33848   11.88898     -0.284     -0.281    14.6392   0.313793     2.0822     5.6940     0.0981  1000.7630    1467.17  0.000e+00
   58.33848   11.88898     -0.347     -0.344    14.6414   0.313549     2.0804     5.7090     0.1103  1000.7610    1467.17  0.000e+00
   58.33848   11.88898     -0.284     -0.281    14.6441   0.312827     2.0751     5.7200     0.1103  1000.7568    1467.18  0.000e+00
   58.33848   11.88898     -0.109     -0.108    14.6464   0.310330     2.0575     5.7365     0.1103  1000.7437    1467.17  0.000e+00
   58.33848   11.88898     -0.228     -0.226    14.6488   0.308425     2.0440     5.7538     0.1103  1000.7324    1467.16  0.000e+00
   58.33848   11.88898     -0.228     -0.226    14.6512   0.307395     2.0366     5.7715     0.1103  1000.7263    1467.16  0.000e+00
   58.33848   11.88898     -0.228     -0.226    14.6540   0.308642     2.0452     5.7894     0.1103  1000.7325    1467.18  0.000e+00
   58.33848   11.88898     -0.228     -0.226    14.6572   0.312116     2.0695     5.8028     0.1103  1000.7507    1467.22  0.000e+00
   58.33848   11.88898     -0.164     -0.163    14.6613   0.314023     2.0826     5.8217     0.1103  1000.7606    1467.25  0.000e+00
   58.33848   11.88898     -0.109     -0.108    14.6670   0.316765     2.1016     5.8453     0.1103  1000.7746    1467.29  0.000e+00
   58.33848   11.88898     -0.164     -0.163    14.6736   0.319882     2.1232     5.8601     0.1103  1000.7899    1467.34  0.000e+00
   58.33848   11.88898     -0.283     -0.281    14.6804   0.325227     2.1604     5.8744     0.1103  1000.8171    1467.40  0.000e+00
   58.33848   11.88898     -0.228     -0.226    14.6875   0.331501     2.2042     5.8982     0.1103  1000.8500    1467.48  0.000e+00
   58.33848   11.88898     -0.228     -0.226    14.6935   0.334699     2.2264     5.9143     0.1103  1000.8662    1467.53  0.000e+00
   58.33848   11.88898     -0.164     -0.163    14.6983   0.337204     2.2438     5.9302     0.1103  1000.8792    1467.57  0.000e+00
   58.33848   11.88898     -0.228     -0.226    14.6986   0.338836     2.2553     5.9516     0.1103  1000.8877    1467.58  0.000e+00
   58.33848   11.88898     -0.339     -0.336    14.6988   0.339906     2.2629     5.9681     0.1103  1000.8929    1467.59  0.000e+00
   58.33848   11.88898     -0.283     -0.281    14.6981   0.341213     2.2722     5.9846     0.1103  1000.9004    1467.60  0.000e+00
   58.33848   11.88898     -0.283     -0.281    14.6974   0.342084     2.2784     6.0058     0.1103  1000.9053    1467.60  0.000e+00
   58.33848   11.88898     -0.228     -0.226    14.6967   0.339872     2.2628     6.0275     0.1103  1000.8937    1467.58  0.000e+00
   58.33848   11.88898     -0.339     -0.336    14.6949   0.336981     2.2425     6.0399     0.1103  1000.8778    1467.55  0.000e+00
   58.33848   11.88898     -0.283     -0.280    14.6912   0.336212     2.2373     6.0513     0.1103  1000.8746    1467.53  0.000e+00
   58.33848   11.88898     -0.283     -0.280    14.6864   0.335933     2.2356     6.0661     0.1103  1000.8740    1467.51  0.000e+00
   58.33848   11.88898     -0.347     -0.343    14.6802   0.335249     2.2311     6.0856     0.0981  1000.8712    1467.49  0.000e+00
   58.33848   11.88898     -0.228     -0.225    14.6738   0.332002     2.2085     6.0962    -0.0240  1000.8554    1467.44  0.000e+00
   58.33848   11.88898     -0.283     -0.280    14.6701   0.328011     2.1806     6.1099    -0.0851  1000.8342    1467.39  0.000e+00
   58.33848   11.88898     -0.227     -0.225    14.6660   0.324901     2.1589     6.1181    -0.0973  1000.8183    1467.35  0.000e+00
   58.33848   11.88898     -0.346     -0.343    14.6599   0.320036     2.1250     6.1258    -0.0851  1000.7926    1467.29  0.000e+00
   58.33848   11.88898     -0.164     -0.162    14.6542   0.313465     2.0791     6.1325    -0.0851  1000.7589    1467.22  0.000e+00
   58.33848   11.88898     -0.227     -0.225    14.6483   0.298354     1.9734     6.1450    -0.0851  1000.6780    1467.07  0.000e+00
   58.33848   11.88898     -0.227     -0.225    14.6412   0.283318     1.8686     6.1571    -0.0851  1000.5983    1466.92  0.000e+00
   58.33848   11.88898     -0.227     -0.225    14.6358   0.273501     1.8005     6.1619    -0.0851  1000.5466    1466.82  0.000e+00
   58.33848   11.88898     -0.164     -0.162    14.6309   0.263604     1.7319     6.1654    -0.0851  1000.4947    1466.72  0.000e+00
   58.33848   11.88898     -0.227     -0.225    14.6301   0.253303     1.6605     6.1667    -0.0851  1000.4395    1466.63  0.000e+00
   58.33848   11.88898     -0.164     -0.162    14.6314   0.244790     1.6015     6.1660    -0.0851  1000.3941    1466.57  0.000e+00
   58.33848   11.88898     -0.164     -0.162    14.6333   0.242252     1.5839     6.1666    -0.0851  1000.3802    1466.55  0.000e+00
   58.33848   11.88898     -0.227     -0.225    14.6343   0.237427     1.5506     6.1625    -0.0851  1000.3541    1466.52  0.000e+00
   58.33848   11.88898     -0.227     -0.225    14.6360   0.227414     1.4816     6.1536    -0.0851  1000.3006    1466.44  0.000e+00
   58.33848   11.88898     -0.227     -0.225    14.6357   0.225723     1.4700     6.1453    -0.0851  1000.2917    1466.43  0.000e+00
   58.33848   11.88898     -0.227     -0.225    14.6333   0.228347     1.4882     6.1357    -0.0851  1000.3060    1466.44  0.000e+00
   58.33848   11.88898     -0.227     -0.225    14.6289   0.234677     1.5319     6.1244    -0.0851  1000.3404    1466.48  0.000e+00
   58.33848   11.88898     -0.227     -0.225    14.6203   0.240849     1.5748     6.1081    -0.0851  1000.3748    1466.50  0.000e+00
   58.33848   11.88898     -0.283     -0.280    14.6087   0.245596     1.6080     6.0959    -0.0851  1000.4020    1466.50  0.000e+00
   58.33848   11.88898     -0.282     -0.280    14.5996   0.251714     1.6508     6.0823    -0.0851  1000.4363    1466.51  0.000e+00
   58.33848   11.88898     -0.282     -0.280    14.5894   0.256557     1.6848     6.0686    -0.0851  1000.4641    1466.52  0.000e+00
   58.33848   11.88898     -0.282     -0.280    14.5810   0.268319     1.7669     6.0526    -0.0851  1000.5286    1466.59  0.000e+00
   58.33848   11.88898     -0.282     -0.280    14.5770   0.285826     1.8892     6.0341    -0.0851  1000.6236    1466.72  0.000e+00
   58.33848   11.88898     -0.227     -0.225    14.5738   0.295343     1.9560     6.0129    -0.0851  1000.6758    1466.79  0.000e+00
   58.33848   11.88898     -0.282     -0.280    14.5663   0.296196     1.9624     5.9985    -0.1095  1000.6816    1466.77  0.000e+00
   58.33848   11.88898     -0.282     -0.280    14.5558   0.289222     1.9140     5.9820    -0.1339  1000.6459    1466.67  0.000e+00
   58.33848   11.88898     -0.227     -0.225    14.5447   0.278195     1.8374     5.9713    -0.1339  1000.5888    1466.54  0.000e+00
   58.33848   11.88898     -0.282     -0.280    14.5349   0.266957     1.7595     5.9602    -0.1339  1000.5298    1466.42  0.000e+00
   58.33848   11.88898     -0.227     -0.225    14.5222   0.256665     1.6884     5.9447    -0.1339  1000.4771    1466.29  0.000e+00
   58.33848   11.88898     -0.227     -0.225    14.5087   0.251343     1.6520     5.9329    -0.1339  1000.4511    1466.20  0.000e+00
   58.33848   11.88898     -0.163     -0.162    14.4957   0.255767     1.6833     5.9189    -0.1339  1000.4774    1466.19  0.000e+00
   58.33848   11.88898     -0.227     -0.225    14.4846   0.266531     1.7587     5.8987    -0.1339  1000.5370    1466.24  0.000e+00
   58.33848   11.88898     -0.227     -0.224    14.4738   0.276957     1.8320     5.8830    -0.1339  1000.5952    1466.29  0.000e+00
   58.33848   11.88898     -0.163     -0.162    14.4656   0.280018     1.8539     5.8694    -0.1339  1000.6135    1466.29  0.000e+00
   58.33848   11.88898     -0.227     -0.224    14.4574   0.278466     1.8434     5.8531    -0.1339  1000.6064    1466.24  0.000e+00
   58.33848   11.88898     -0.227     -0.224    14.4484   0.269353     1.7801     5.8484    -0.1339  1000.5589    1466.14  0.000e+00
   58.33848   11.88898     -0.226     -0.224    14.4450   0.250235     1.6470     5.8413    -0.1339  1000.4566    1465.96  0.000e+00
   58.33848   11.88898     -0.345     -0.342    14.4470   0.234464     1.5375     5.8288    -0.1339  1000.3713    1465.84  0.000e+00
   58.33848   11.88898     -0.456     -0.452    14.4497   0.232487     1.5237     5.8176    -0.1339  1000.3597    1465.83  0.000e+00
   58.33848   11.88898     -0.401     -0.397    14.4510   0.257312     1.6959     5.8052    -0.1339  1000.4927    1466.04  0.000e+00
   58.33848   11.88898     -0.163     -0.161    14.4492   0.278502     1.8440     5.7906    -0.1339  1000.6084    1466.22  0.000e+00
   58.33848   11.88898     -0.163     -0.161    14.4479   0.278571     1.8446     5.7814    -0.1339  1000.6090    1466.21  0.000e+00
   58.33848   11.88898     -0.226     -0.224    14.4485   0.268746     1.7758     5.7699    -0.1339  1000.5556    1466.13  0.000e+00
   58.33848   11.88898     -0.282     -0.279    14.4448   0.273491     1.8091     5.7607    -0.1339  1000.5816    1466.16  0.000e+00
   58.33848   11.88898     -0.282     -0.279    14.4374   0.289146     1.9192     5.7550    -0.1339  1000.6676    1466.26  0.000e+00
   58.33848   11.88898     -0.163     -0.161    14.4340   0.294553     1.9574     5.7471    -0.1339  1000.6981    1466.30  0.000e+00
   58.33848   11.88898     -0.226     -0.224    14.4332   0.283117     1.8771     5.7429    -0.1339  1000.6360    1466.20  0.000e+00
   58.33848   11.88898     -0.337     -0.334    14.4310   0.281717     1.8674     5.7416    -0.1339  1000.6283    1466.18  0.000e+00
   58.33848   11.88898     -0.282     -0.279    14.4254   0.305755     2.0368     5.7312    -0.1339  1000.7600    1466.36  0.000e+00
   58.33848   11.88898     -0.226     -0.224    14.4185   0.323469     2.1624     5.7177    -0.1583  1000.8582    1466.49  0.000e+00
   58.33848   11.88898     -0.226     -0.224    14.4081   0.325623     2.1782     5.7181    -0.1583  1000.8720    1466.47  0.000e+00
   58.33848   11.88898     -0.226     -0.224    14.3952   0.322184     2.1546     5.7208    -0.1583  1000.8556    1466.39  0.000e+00
   58.33848   11.88898     -0.282     -0.279    14.3826   0.328730     2.2017     5.7166    -0.1583  1000.8936    1466.40  0.000e+00
   58.33848   11.88898     -0.226     -0.224    14.3689   0.339613     2.2799     5.7115    -0.1583  1000.9562    1466.45  0.000e+00
   58.33848   11.88898     -0.162     -0.161    14.3573   0.339542     2.2800     5.7094    -0.1583  1000.9583    1466.41  0.000e+00
   58.33848   11.88898     -0.226     -0.224    14.3415   0.320797     2.1477     5.7129    -0.1583  1000.8583    1466.20  0.000e+00
   58.33848   11.88898     -0.281     -0.279    14.3265   0.302450     2.0185     5.7163    -0.1583  1000.7606    1465.99  0.000e+00
   58.33848   11.88898     -0.226     -0.224    14.3146   0.300098     2.0025     5.7204    -0.1583  1000.7503    1465.93  0.000e+00
   58.33848   11.88898     -0.226     -0.224    14.3042   0.309606     2.0703     5.7169    -0.1583  1000.8041    1465.97  0.000e+00
   58.33848   11.88898     -0.162     -0.161    14.2986   0.314542     2.1056     5.7141    -0.1583  1000.8325    1465.99  0.000e+00
   58.33848   11.88898     -0.226     -0.224    14.2925   0.315234     2.1109     5.7129    -0.1583  1000.8371    1465.98  0.000e+00
   58.33848   11.88898     -0.281     -0.279    14.2820   0.316873     2.1231     5.7120    -0.1583  1000.8478    1465.95  0.000e+00
   58.33848   11.88898     -0.226     -0.224    14.2704   0.317622     2.1290     5.7111    -0.1583  1000.8544    1465.92  0.000e+00
   58.33848   11.88898     -0.226     -0.224    14.2599   0.313696     2.1017     5.7161    -0.1583  1000.8348    1465.85  0.000e+00
   58.33848   11.88898     -0.226     -0.224    14.2494   0.310000     2.0760     5.7167    -0.1583  1000.8166    1465.78  0.000e+00
   58.33848   11.88898     -0.281     -0.279    14.2423   0.307858     2.0612     5.7165    -0.1583  1000.8059    1465.74  0.000e+00
   58.33848   11.88898     -0.226     -0.224    14.2335   0.302203     2.0216     5.7170    -0.1583  1000.7769    1465.66  0.000e+00
   58.33848   11.88898     -0.226     -0.224    14.2222   0.293125     1.9579     5.7186    -0.1583  1000.7294    1465.55  0.000e+00
   58.33848   11.88898     -0.226     -0.224    14.2119   0.285320     1.9033     5.7197    -0.1583  1000.6887    1465.44  0.000e+00
   58.33848   11.88898     -0.226     -0.223    14.2004   0.280028     1.8665     5.7204    -0.1583  1000.6620    1465.36  0.000e+00
   58.33848   11.88898     -0.281     -0.278    14.1885   0.275883     1.8378     5.7207    -0.1583  1000.6414    1465.28  0.000e+00
   58.33848   11.88898     -0.226     -0.223    14.1748   0.272002     1.8111     5.7214    -0.1583  1000.6230    1465.20  0.000e+00
   58.33848   11.88898     -0.226     -0.223    14.1607   0.268763     1.7890     5.7213    -0.1461  1000.6079    1465.13  0.000e+00
   58.33848   11.88898     -0.225     -0.223    14.1462   0.257508     1.7105     5.7233    -0.0973  1000.5494    1464.98  0.000e+00
   58.33848   11.88898     -0.225     -0.223    14.1317   0.231704     1.5306     5.7283    -0.0729  1000.4125    1464.71  0.000e+00
   58.33848   11.88898     -0.225     -0.223    14.1202   0.206122     1.3534     5.7328    -0.0729  1000.2772    1464.46  0.000e+00
   58.33848   11.88898     -0.225     -0.223    14.1090   0.188700     1.2336     5.7352    -0.0851  1000.1862    1464.28  0.000e+00
   58.33848   11.88898     -0.225     -0.223    14.0977   0.178015     1.1606     5.7305    -0.0851  1000.1313    1464.15  0.000e+00
   58.33848   11.88898     -0.225     -0.223    14.0854   0.170819     1.1116     5.7295    -0.0851  1000.0952    1464.05  0.000e+00
   58.33848   11.88898     -0.162     -0.160    14.0732   0.164259     1.0672     5.7233    -0.0851  1000.0628    1463.95  0.000e+00
   58.33848   11.88898     -0.225     -0.223    14.0615   0.158175     1.0260     5.7208    -0.0851  1000.0323    1463.86  0.000e+00
