code/data/2020/st_J_conv.cnv
* Sea-Bird SBE 9 Data File:
* FileName = C:\Documents and Settings\Boat\Desktop\MAR440_TUES\st_J.hdr
* Software Version Seasave V 7.20a
* Temperature SN = 4766
* Conductivity SN = 3059
* Number of Bytes Per Scan = 34
* Number of Voltage Words = 5
* Number of Scans Averaged by the Deck Unit = 1
* NMEA Latitude = 58 20.31 N
* NMEA Longitude = 011 53.34 E
* NMEA UTC (Time) = Sep 22 2020  13:00:36
** StationNumber: st_J
** BottomDepth: 40
# nquan = 12
# nvalues = 5361                                  
# units = specified
# name 0 = latitude: Latitude [deg]
# name 1 = longitude: Longitude [deg]
# name 2 = prDM: Pressure, Digiquartz [db]
# name 3 = depSM: Depth [salt water, m]
# name 4 = t090C: Temperature [ITS-90, deg C]
# name 5 = c0S/m: Conductivity [S/m]
# name 6 = sal00: Salinity, Practical [PSU]
# name 7 = sbeox0ML/L: Oxygen, SBE 43 [ml/l]
# name 8 = flECO-AFL: Fluorescence, WET Labs ECO-AFL/FL [mg/m^3]
# name 9 = density00: Density [density, kg/m^3]
# name 10 = svCM: Sound Velocity [Chen-Millero, m/s]
# name 11 = flag:  0.000e+00
# span 0 =   58.33848,   58.33856                 
# span 1 =   11.88898,   11.88920                 
# span 2 =     -0.641,     38.235                 
# span 3 =     -0.635,     37.876                 
# span 4 =     8.6075,    16.0696                 
# span 5 =   0.129342,   3.428356                 
# span 6 =     0.8331,    32.2072                 
# span 7 =     0.0459,     6.1808                 
# span 8 =    -0.1583,     3.8832                 
# span 9 =   999.8982,  1025.1433                 
# span 10 =    1462.90,    1497.26                
# span 11 = 0.0000e+00, 0.0000e+00                
# interval = seconds: 0.0416667
# start_time = Sep 22 2020 15:00:37 [System UpLoad Time]
# bad_flag = -9.990e-29
*END*
[from data line 1805]
   58.33852   11.88920     19.694     19.510     8.6108   3.211640    30.0992     0.4281     1.6121  1023.4311    1479.05  0.000e+00
   58.33852   11.88920     19.813     19.628     8.6100   3.212496    30.1088     0.4225     1.6121  1023.4392    1479.06  0.000e+00
   58.33852   11.88920     19.765     19.581     8.6088   3.213485    30.1200     0.4215     1.6243  1023.4480    1479.07  0.000e+00
   58.33852   11.88920     19.813     19.628     8.6087   3.214288    30.1284     0.4201     1.6121  1023.4548    1479.08  0.000e+00
   58.33852   11.88920     19.813     19.628     8.6085   3.215036    30.1364     0.4191     1.6121  1023.4611    1479.09  0.000e+00
   58.33852   11.88920     19.821     19.636     8.6082   3.215724    30.1438     0.4184     2.2470  1023.4669    1479.10  0.000e+00
   58.33852   11.88920     19.868     19.683     8.6080   3.216448    30.1514     0.4131     2.8453  1023.4732    1479.10  0.000e+00
   58.33852   11.88920     19.924     19.738     8.6075   3.217166    30.1592     0.4124     2.9674  1023.4796    1479.11  0.000e+00
   58.33852   11.88920     19.884     19.698     8.6077   3.217908    30.1668     0.4066     2.9308  1023.4853    1479.12  0.000e+00
   58.33852   11.88920     19.924     19.738     8.6081   3.218645    30.1741     0.4107     2.9064  1023.4911    1479.13  0.000e+00
   58.33852   11.88920     19.987     19.801     8.6092   3.219417    30.1812     0.4007     2.8942  1023.4968    1479.15  0.000e+00
   58.33852   11.88920     19.940     19.753     8.6096   3.220317    30.1901     0.3995     2.8942  1023.5036    1479.16  0.000e+00
   58.33852   11.88920     19.987     19.801     8.6108   3.221229    30.1986     0.3987     2.8942  1023.5102    1479.18  0.000e+00
   58.33852   11.88920     19.987     19.801     8.6116   3.222201    30.2080     0.3927     2.8942  1023.5175    1479.19  0.000e+00
   58.33852   11.88920     20.059     19.871     8.6114   3.223234    30.2188     0.3919     2.8942  1023.5263    1479.20  0.000e+00
   58.33852   11.88920     20.043     19.856     8.6122   3.224303    30.2292     0.3861     2.8942  1023.5342    1479.22  0.000e+00
   58.33852   11.88920     20.106     19.918     8.6126   3.225535    30.2417     0.3848     2.8942  1023.5442    1479.24  0.000e+00
   58.33852   11.88920     20.114     19.926     8.6129   3.226731    30.2538     0.3840     2.8942  1023.5537    1479.25  0.000e+00
   58.33852   11.88920     20.106     19.918     8.6136   3.227662    30.2629     0.3835     2.8942  1023.5607    1479.27  0.000e+00
   58.33852   11.88920     20.162     19.973     8.6142   3.228592    30.2720     0.3786     2.8942  1023.5680    1479.28  0.000e+00
   58.33852   11.88920     20.178     19.989     8.6150   3.229535    30.2811     0.3776     2.8942  1023.5751    1479.30  0.000e+00
   58.33852   11.88920     20.162     19.973     8.6160   3.230418    30.2895     0.3729     2.8942  1023.5814    1479.31  0.000e+00
   58.33852   11.88920     20.225     20.036     8.6171   3.231391    30.2986     0.3728     2.8942  1023.5886    1479.33  0.000e+00
   58.33852   11.88920     20.233     20.044     8.6178   3.232455    30.3090     0.3670     2.8942  1023.5967    1479.34  0.000e+00
   58.33852   11.88920     20.225     20.036     8.6194   3.233604    30.3195     0.3659     2.8942  1023.6047    1479.36  0.000e+00
   58.33852   11.88920     20.281     20.091     8.6204   3.234771    30.3308     0.3603     2.8942  1023.6136    1479.38  0.000e+00
   58.33852   11.88920     20.297     20.107     8.6220   3.235968    30.3418     0.3594     2.8942  1023.6221    1479.40  0.000e+00
   58.33852   11.88920     20.281     20.091     8.6235   3.237057    30.3519     0.3534     2.8942  1023.6297    1479.42  0.000e+00
   58.33852   11.88920     20.400     20.209     8.6251   3.238249    30.3628     0.3522     2.8942  1023.6385    1479.44  0.000e+00
   58.33852   11.88920     20.352     20.162     8.6271   3.240004    30.3794     0.3513     3.1506  1023.6510    1479.47  0.000e+00
   58.33852   11.88920     20.336     20.146     8.6290   3.242007    30.3985     0.3460     3.6634  1023.6656    1479.50  0.000e+00
   58.33852   11.88920     20.400     20.209     8.6311   3.243908    30.4164     0.3406     3.8221  1023.6796    1479.53  0.000e+00
   58.33852   11.88920     20.408     20.217     8.6331   3.245912    30.4355     0.3392     3.8099  1023.6943    1479.56  0.000e+00
   58.33852   11.88920     20.455     20.264     8.6354   3.248056    30.4558     0.3389     3.7855  1023.7100    1479.59  0.000e+00
   58.33852   11.88920     20.455     20.264     8.6379   3.250170    30.4755     0.3337     3.7733  1023.7251    1479.63  0.000e+00
   58.33852   11.88920     20.471     20.280     8.6403   3.252461    30.4973     0.3331     3.7733  1023.7419    1479.66  0.000e+00
   58.33852   11.88920     20.455     20.264     8.6430   3.254685    30.5180     0.3324     3.7733  1023.7576    1479.70  0.000e+00
   58.33852   11.88920     20.574     20.382     8.6455   3.256613    30.5359     0.3274     3.7733  1023.7718    1479.73  0.000e+00
   58.33852   11.88920     20.527     20.335     8.6476   3.258433    30.5530     0.3216     3.7733  1023.7846    1479.76  0.000e+00
   58.33852   11.88920     20.574     20.382     8.6500   3.260046    30.5676     0.3204     3.7855  1023.7959    1479.79  0.000e+00
   58.33852   11.88920     20.574     20.382     8.6528   3.261660    30.5820     0.3150     3.7855  1023.8068    1479.81  0.000e+00
   58.33852   11.88920     20.527     20.335     8.6549   3.263080    30.5949     0.3142     3.7733  1023.8164    1479.84  0.000e+00
   58.33852   11.88920     20.749     20.555     8.6564   3.264239    30.6056     0.3134     3.7733  1023.8255    1479.86  0.000e+00
   58.33852   11.88920     20.638     20.445     8.6580   3.265732    30.6197     0.3130     3.7855  1023.8358    1479.88  0.000e+00
   58.33852   11.88920     20.638     20.445     8.6603   3.267243    30.6334     0.3083     3.7733  1023.8462    1479.91  0.000e+00
   58.33852   11.88920     20.709     20.516     8.6624   3.268652    30.6462     0.3035     3.7855  1023.8562    1479.93  0.000e+00
   58.33852   11.88920     20.693     20.500     8.6647   3.269842    30.6566     0.3028     3.7733  1023.8639    1479.95  0.000e+00
   58.33852   11.88920     20.749     20.555     8.6660   3.270741    30.6648     0.2971     3.7855  1023.8704    1479.97  0.000e+00
   58.33852   11.88920     20.765     20.571     8.6678   3.271768    30.6739     0.2968     3.7733  1023.8773    1479.99  0.000e+00
   58.33852   11.88920     20.749     20.555     8.6697   3.273013    30.6852     0.2916     3.7733  1023.8858    1480.01  0.000e+00
   58.33852   11.88920     20.812     20.618     8.6712   3.274113    30.6953     0.2905     3.7855  1023.8938    1480.03  0.000e+00
   58.33852   11.88920     20.820     20.626     8.6724   3.274975    30.7032     0.2851     3.7733  1023.8998    1480.04  0.000e+00
   58.33852   11.88920     20.868     20.673     8.6738   3.275838    30.7109     0.2845     3.7733  1023.9059    1480.06  0.000e+00
   58.33852   11.88920     20.868     20.673     8.6756   3.276768    30.7190     0.2795     3.7855  1023.9119    1480.07  0.000e+00
   58.33852   11.88920     20.884     20.688     8.6769   3.277783    30.7284     0.2793     3.8465  1023.9192    1480.09  0.000e+00
   58.33852   11.88920     20.868     20.673     8.6785   3.278756    30.7371     0.2791     3.8832  1023.9257    1480.11  0.000e+00
   58.33852   11.88920     20.987     20.791     8.6802   3.279656    30.7449     0.2697     3.8710  1023.9321    1480.12  0.000e+00
   58.33852   11.88920     20.883     20.688     8.6817   3.280416    30.7515     0.2687     3.8832  1023.9366    1480.14  0.000e+00
   58.33852   11.88920     20.987     20.791     8.6830   3.281328    30.7599     0.2641     3.8710  1023.9434    1480.15  0.000e+00
   58.33852   11.88920     20.987     20.791     8.6842   3.282368    30.7696     0.2630     3.8832  1023.9508    1480.17  0.000e+00
   58.33852   11.88920     20.987     20.791     8.6859   3.283481    30.7797     0.2577     3.8832  1023.9585    1480.19  0.000e+00
   58.33852   11.88920     21.002     20.806     8.6873   3.284369    30.7877     0.2572     3.8710  1023.9646    1480.20  0.000e+00
   58.33852   11.88920     21.042     20.845     8.6887   3.285038    30.7934     0.2518     3.8710  1023.9691    1480.22  0.000e+00
   58.33852   11.88920     21.106     20.908     8.6898   3.285744    30.7998     0.2512     3.8832  1023.9741    1480.23  0.000e+00
   58.33852   11.88920     21.058     20.861     8.6909   3.286468    30.8063     0.2505     3.8832  1023.9789    1480.24  0.000e+00
   58.33852   11.88920     21.106     20.908     8.6921   3.287107    30.8120     0.2456     3.8710  1023.9833    1480.25  0.000e+00
   58.33852   11.88920     21.161     20.963     8.6930   3.287667    30.8169     0.2407     3.8710  1023.9873    1480.26  0.000e+00
   58.33852   11.88920     21.121     20.924     8.6944   3.288312    30.8224     0.2405     3.8710  1023.9913    1480.28  0.000e+00
   58.33852   11.88920     21.161     20.963     8.6952   3.289000    30.8289     0.2356     3.8832  1023.9964    1480.29  0.000e+00
   58.33852   11.88920     21.225     21.026     8.6961   3.289761    30.8359     0.2354     3.8832  1024.0020    1480.30  0.000e+00
   58.33852   11.88920     21.233     21.034     8.6971   3.290613    30.8439     0.2352     3.8710  1024.0082    1480.31  0.000e+00
   58.33852   11.88920     21.225     21.026     8.6986   3.291423    30.8510     0.2308     3.8710  1024.0135    1480.33  0.000e+00
   58.33852   11.88920     21.225     21.026     8.6996   3.292166    30.8579     0.2258     3.8832  1024.0187    1480.34  0.000e+00
   58.33852   11.88920     21.177     20.979     8.7007   3.292842    30.8639     0.2256     3.8832  1024.0230    1480.35  0.000e+00
   58.33852   11.88920     21.399     21.199     8.7015   3.293652    30.8716     0.2253     3.8710  1024.0300    1480.37  0.000e+00
   58.33852   11.88920     21.344     21.144     8.7027   3.294382    30.8781     0.2208     3.8710  1024.0346    1480.38  0.000e+00
   58.33852   11.88920     21.344     21.144     8.7035   3.295065    30.8845     0.2157     3.8710  1024.0395    1480.39  0.000e+00
   58.33852   11.88920     21.351     21.152     8.7047   3.295753    30.8907     0.2154     3.8710  1024.0442    1480.40  0.000e+00
   58.33852   11.88920     21.399     21.199     8.7061   3.296472    30.8968     0.2109     3.7000  1024.0490    1480.42  0.000e+00
   58.33852   11.88920     21.399     21.199     8.7072   3.297166    30.9031     0.2106     3.5657  1024.0538    1480.43  0.000e+00
   58.33852   11.88920     21.415     21.215     8.7087   3.297861    30.9090     0.2055     3.5413  1024.0582    1480.44  0.000e+00
   58.33852   11.88920     21.455     21.254     8.7100   3.298604    30.9155     0.2052     3.5535  1024.0633    1480.45  0.000e+00
   58.33852   11.88920     21.455     21.254     8.7112   3.299329    30.9221     0.2054     3.5535  1024.0683    1480.47  0.000e+00
   58.33852   11.88920     21.470     21.270     8.7123   3.300036    30.9284     0.2009     3.5657  1024.0731    1480.48  0.000e+00
   58.33852   11.88920     21.518     21.317     8.7136   3.300707    30.9342     0.2011     3.5535  1024.0777    1480.49  0.000e+00
   58.33852   11.88920     21.518     21.317     8.7146   3.301383    30.9404     0.2020     3.5535  1024.0824    1480.50  0.000e+00
   58.33852   11.88920     21.574     21.372     8.7156   3.301932    30.9452     0.1980     3.5535  1024.0862    1480.51  0.000e+00
   58.33852   11.88920     21.589     21.388     8.7166   3.302279    30.9479     0.1934     3.5657  1024.0883    1480.52  0.000e+00
   58.33852   11.88920     21.574     21.372     8.7174   3.302560    30.9502     0.1936     3.5535  1024.0899    1480.53  0.000e+00
   58.33852   11.88920     21.637     21.435     8.7185   3.302853    30.9521     0.1890     3.5535  1024.0915    1480.53  0.000e+00
   58.33852   11.88920     21.589     21.388     8.7193   3.303279    30.9559     0.1892     3.5535  1024.0941    1480.54  0.000e+00
   58.33852   11.88920     21.693     21.490     8.7203   3.303798    30.9604     0.1899     3.5535  1024.0980    1480.55  0.000e+00
   58.33852   11.88920     21.637     21.435     8.7211   3.304487    30.9668     0.1865     3.5535  1024.1026    1480.56  0.000e+00
   58.33852   11.88920     21.708     21.505     8.7218   3.305383    30.9756     0.1873     3.5657  1024.1097    1480.58  0.000e+00
   58.33852   11.88920     21.693     21.490     8.7229   3.306365    30.9848     0.1833     3.5535  1024.1167    1480.59  0.000e+00
   58.33852   11.88920     21.756     21.553     8.7245   3.307371    30.9938     0.1840     3.5535  1024.1238    1480.61  0.000e+00
   58.33852   11.88920     21.756     21.553     8.7259   3.308292    31.0022     0.1799     3.5535  1024.1301    1480.62  0.000e+00
   58.33852   11.88920     21.764     21.560     8.7276   3.309147    31.0095     0.1806     3.5535  1024.1356    1480.64  0.000e+00
   58.33852   11.88920     21.811     21.608     8.7291   3.309842    31.0154     0.1813     3.5535  1024.1403    1480.65  0.000e+00
   58.33852   11.88920     21.811     21.608     8.7308   3.310703    31.0229     0.1778     3.5535  1024.1458    1480.67  0.000e+00
   58.33852   11.88920     21.883     21.678     8.7324   3.311673    31.0315     0.1785     3.5535  1024.1527    1480.69  0.000e+00
   58.33852   11.88920     21.811     21.608     8.7339   3.312564    31.0395     0.1797     3.5535  1024.1584    1480.70  0.000e+00
   58.33852   11.88920     21.867     21.663     8.7354   3.313473    31.0476     0.1809     3.4680  1024.1648    1480.72  0.000e+00
   58.33852   11.88920     21.867     21.663     8.7371   3.314578    31.0575     0.1730     3.3093  1024.1723    1480.74  0.000e+00
   58.33852   11.88920     21.946     21.741     8.7386   3.315812    31.0690     0.1741     3.2605  1024.1814    1480.76  0.000e+00
   58.33852   11.88920     21.930     21.725     8.7404   3.316996    31.0797     0.1746     3.2727  1024.1894    1480.78  0.000e+00
   58.33852   11.88920     21.930     21.725     8.7421   3.318028    31.0890     0.1708     3.2727  1024.1965    1480.80  0.000e+00
   58.33852   11.88920     22.002     21.796     8.7442   3.318993    31.0972     0.1712     3.2727  1024.2028    1480.81  0.000e+00
   58.33852   11.88920     21.986     21.780     8.7461   3.319977    31.1057     0.1721     3.2727  1024.2092    1480.83  0.000e+00
   58.33852   11.88920     21.986     21.780     8.7474   3.321095    31.1161     0.1729     3.2727  1024.2171    1480.85  0.000e+00
   58.33852   11.88920     22.121     21.914     8.7500   3.322757    31.1311     0.1695     3.2727  1024.2291    1480.88  0.000e+00
   58.33852   11.88920     21.986     21.780     8.7535   3.324798    31.1493     0.1702     3.2727  1024.2422    1480.91  0.000e+00
   58.33852   11.88920     22.105     21.898     8.7571   3.326803    31.1669     0.1714     3.2849  1024.2559    1480.95  0.000e+00
   58.33852   11.88920     22.105     21.898     8.7593   3.328479    31.1823     0.1684     3.2849  1024.2677    1480.98  0.000e+00
   58.33852   11.88920     22.121     21.914     8.7626   3.330185    31.1971     0.1742     3.2849  1024.2788    1481.01  0.000e+00
   58.33852   11.88920     22.160     21.953     8.7654   3.332008    31.2136     0.1662     3.2727  1024.2915    1481.04  0.000e+00
   58.33852   11.88920     22.160     21.953     8.7695   3.334125    31.2319     0.1623     3.2727  1024.3052    1481.08  0.000e+00
   58.33852   11.88920     22.176     21.969     8.7747   3.336609    31.2531     0.1625     3.2849  1024.3211    1481.12  0.000e+00
   58.33852   11.88920     22.224     22.016     8.7794   3.338697    31.2707     0.1632     3.2727  1024.3343    1481.16  0.000e+00
