data/2022/thursday_data/Station SH1.cnv
* Sea-Bird SBE 9 Data File:
* FileName = C:\Users\ctd-user\Desktop\CTD data\MAR440 Sept 2022\Day2\Station SH1.hex
* Software Version Seasave V 7.26.2.13
* Temperature SN = 4493
* Conductivity SN = 1899
* Number of Bytes Per Scan = 37
* Number of Voltage Words = 4
* Number of Scans Averaged by the Deck Unit = 1
* NMEA Latitude = 58 19.43 N
* NMEA Longitude = 011 50.48 E
* NMEA UTC (Time) = Sep 08 2022 11:09:28
* NMEA baud rate = 4800
** Ship:
** Station:
** Operator:
# nquan = 12                                
# nvalues = 875                         
# units = specified
# name 0 = scan: Scan Count
# name 1 = prDM: Pressure, Digiquartz [db]
# name 2 = t090C: Temperature [ITS-90, deg C]
# name 3 = c0S/m: Conductivity [S/m]
# name 4 = sbeox0V: Oxygen raw, SBE 43 [V]
# name 5 = flECO-AFL: Fluorescence, WET Labs ECO-AFL/FL [mg/m^3]
# name 6 = upoly0: Upoly 0, Turbidity
# name 7 = xmiss: Beam Transmission, Chelsea/Seatech [%]
# name 8 = depSM: Depth [salt water, m], lat = 58.3238
# name 9 = sal00: Salinity, Practical [PSU]
# name 10 = sbeox0ML/L: Oxygen, SBE 43 [ml/l], WS = 2
# name 11 = flag: flag
# span 0 =          1,        875       
# span 1 =      1.024,     10.129       
# span 2 =    18.3024,    18.6774       
# span 3 =   3.258156,   3.386359       
# span 4 =     2.2332,     2.7128       
# span 5 =     0.0171,     0.0201       
# span 6 =  0.0972280,  0.1009861       
# span 7 =    84.9640,    90.1334       
# span 8 =      1.014,     10.035       
# span 9 =    23.7313,    24.5932       
# span 10 =     4.1932,     5.4177      
# span 11 = 0.0000e+00, 0.0000e+00      
# interval = seconds: 0.0416667
# start_time = Sep 08 2022 11:09:28 [NMEA time, header]
# bad_flag = -9.990e-29
*END*
[from data line 361]
        362      4.599    18.6543   3.335170     2.4156     0.0179  0.0996138    85.4008      4.556    24.1466     4.3718 -9.990e-29
        363      4.621    18.6567   3.336507     2.4126     0.0179  0.0996119    85.4397      4.578    24.1559     4.3683 -9.990e-29
        364      4.642    18.6589   3.337809     2.4097     0.0179  0.0996098    85.4815      4.599    24.1650     4.3650 -9.990e-29
        365      4.664    18.6609   3.339078     2.4068     0.0180  0.0996076    85.5264      4.621    24.1740     4.3618 -9.990e-29
        366      4.685    18.6628   3.340316     2.4040     0.0180  0.0996053    85.5741      4.641    24.1828     4.3588 -9.990e-29
        367      4.707    18.6646   3.341523     2.4012     0.0180  0.0996028    85.6243      4.663    24.1914     4.3558 -9.990e-29
        368      4.728    18.6662   3.342699     2.3984     0.0180  0.0996001    85.6768      4.684    24.1999     4.3528 -9.990e-29
        369      4.749    18.6677   3.343847     2.3957     0.0181  0.0995972    85.7312      4.705    24.2082     4.3500 -9.990e-29
        370      4.771    18.6690   3.344967     2.3931     0.0181  0.0995940    85.7871      4.727    24.2164     4.3475 -9.990e-29
        371      4.792    18.6702   3.346061     2.3905     0.0181  0.0995906    85.8439      4.747    24.2244     4.3450 -9.990e-29
        372      4.814    18.6713   3.347128     2.3879     0.0182  0.0995870    85.9017      4.769    24.2323     4.3424 -9.990e-29
        373      4.835    18.6723   3.348169     2.3854     0.0182  0.0995830    85.9602      4.790    24.2401     4.3401 -9.990e-29
        374      4.857    18.6731   3.349185     2.3829     0.0182  0.0995787    86.0197      4.812    24.2477     4.3377 -9.990e-29
        375      4.878    18.6738   3.350176     2.3805     0.0183  0.0995741    86.0804      4.833    24.2552     4.3355 -9.990e-29
        376      4.900    18.6744   3.351144     2.3781     0.0183  0.0995691    86.1421      4.854    24.2626     4.3333 -9.990e-29
        377      4.922    18.6749   3.352090     2.3758     0.0183  0.0995636    86.2047      4.876    24.2699     4.3313 -9.990e-29
        378      4.943    18.6754   3.353015     2.3735     0.0184  0.0995577    86.2678      4.897    24.2770     4.3292 -9.990e-29
        379      4.965    18.6758   3.353921     2.3712     0.0184  0.0995513    86.3310      4.919    24.2840     4.3271 -9.990e-29
        380      4.987    18.6761   3.354806     2.3690     0.0185  0.0995443    86.3941      4.941    24.2909     4.3252 0.0000e+00
        381      5.008    18.6764   3.355673     2.3669     0.0185  0.0995367    86.4570      4.961    24.2977     4.3235 0.0000e+00
        382      5.030    18.6766   3.356523     2.3648     0.0186  0.0995285    86.5194      4.983    24.3044     4.3217 0.0000e+00
        383      5.051    18.6768   3.357353     2.3627     0.0186  0.0995196    86.5809      5.004    24.3109     4.3199 0.0000e+00
        384      5.073    18.6770   3.358164     2.3607     0.0187  0.0995099    86.6412      5.026    24.3172     4.3182 0.0000e+00
        385      5.095    18.6771   3.358957     2.3587     0.0187  0.0994994    86.6999      5.048    24.3235     4.3165 0.0000e+00
        386      5.116    18.6772   3.359733     2.3567     0.0188  0.0994880    86.7574      5.068    24.3297     4.3147 0.0000e+00
        387      5.138    18.6773   3.360490     2.3548     0.0189  0.0994756    86.8142      5.090    24.3357     4.3131 0.0000e+00
        388      5.159    18.6774   3.361229     2.3529     0.0190  0.0994621    86.8709      5.111    24.3415     4.3114 0.0000e+00
        389      5.181    18.6774   3.361945     2.3510     0.0190  0.0994474    86.9279      5.133    24.3473     4.3097 0.0000e+00
        390      5.203    18.6774   3.362642     2.3492     0.0191  0.0994315    86.9851      5.155    24.3528     4.3082 0.0000e+00
        391      5.224    18.6774   3.363315     2.3474     0.0191  0.0994142    87.0422      5.175    24.3582     4.3066 0.0000e+00
        392      5.246    18.6774   3.363968     2.3456     0.0192  0.0993953    87.0995      5.197    24.3634     4.3049 0.0000e+00
        393      5.267    18.6774   3.364596     2.3439     0.0192  0.0993749    87.1572      5.218    24.3685     4.3034 0.0000e+00
        394      5.289    18.6773   3.365204     2.3422     0.0193  0.0993527    87.2156      5.240    24.3734     4.3019 0.0000e+00
        395      5.310    18.6772   3.365789     2.3405     0.0193  0.0993285    87.2752      5.261    24.3781     4.3003 0.0000e+00
        396      5.332    18.6771   3.366354     2.3389     0.0194  0.0993023    87.3358      5.282    24.3827     4.2989 0.0000e+00
        397      5.354    18.6770   3.366898     2.3373     0.0194  0.0992737    87.3971      5.304    24.3871     4.2974 0.0000e+00
        398      5.375    18.6768   3.367423     2.3357     0.0194  0.0992427    87.4589      5.325    24.3914     4.2959 0.0000e+00
        399      5.397    18.6766   3.367929     2.3341     0.0195  0.0992090    87.5210      5.347    24.3956     4.2944 0.0000e+00
        400      5.419    18.6764   3.368417     2.3325     0.0195  0.0991724    87.5836      5.369    24.3996     4.2928 0.0000e+00
        401      5.440    18.6762   3.368887     2.3310     0.0195  0.0991326    87.6467      5.389    24.4035     4.2913 0.0000e+00
        402      5.462    18.6760   3.369340     2.3295     0.0195  0.0990893    87.7102      5.411    24.4072     4.2899 0.0000e+00
        403      5.484    18.6757   3.369777     2.3280     0.0196  0.0990423    87.7737      5.433    24.4109     4.2884 0.0000e+00
        404      5.506    18.6754   3.370198     2.3265     0.0196  0.0989912    87.8370      5.455    24.4144     4.2868 0.0000e+00
        405      5.527    18.6751   3.370605     2.3251     0.0196  0.0989356    87.9003      5.476    24.4179     4.2854 0.0000e+00
        406      5.549    18.6748   3.370996     2.3236     0.0197  0.0988761    87.9640      5.497    24.4212     4.2838 0.0000e+00
        407      5.571    18.6745   3.371374     2.3222     0.0197  0.0988130    88.0282      5.519    24.4244     4.2824 0.0000e+00
        408      5.592    18.6742   3.371740     2.3208     0.0197  0.0987450    88.0928      5.540    24.4275     4.2810 0.0000e+00
        409      5.614    18.6739   3.372093     2.3194     0.0197  0.0986710    88.1575      5.562    24.4305     4.2795 0.0000e+00
        410      5.635    18.6736   3.372434     2.3181     0.0198  0.0985902    88.2219      5.583    24.4334     4.2783 0.0000e+00
        411      5.657    18.6733   3.372763     2.3168     0.0198  0.0985022    88.2861      5.604    24.4362     4.2770 0.0000e+00
        412      5.679    18.6730   3.373082     2.3154     0.0198  0.0984081    88.3500      5.626    24.4389     4.2754 0.0000e+00
        413      5.700    18.6727   3.373390     2.3142     0.0198  0.0983131    88.4135      5.647    24.4415     4.2744 0.0000e+00
        414      5.722    18.6724   3.373688     2.3129     0.0199  0.0982234    88.4761      5.669    24.4441     4.2730 0.0000e+00
        415      5.743    18.6721   3.373975     2.3116     0.0199  0.0981409    88.5373      5.690    24.4466     4.2717 0.0000e+00
        416      5.765    18.6718   3.374254     2.3104     0.0199  0.0980650    88.5968      5.711    24.4490     4.2706 0.0000e+00
        417      5.787    18.6715   3.374523     2.3092     0.0199  0.0979952    88.6544      5.733    24.4513     4.2694 0.0000e+00
        418      5.808    18.6712   3.374784     2.3080     0.0199  0.0979310    88.7103      5.754    24.4536     4.2683 0.0000e+00
        419      5.830    18.6710   3.375037     2.3068     0.0200  0.0978720    88.7649      5.776    24.4557     4.2671 0.0000e+00
        420      5.852    18.6707   3.375282     2.3057     0.0200  0.0978178    88.8186      5.798    24.4578     4.2662 0.0000e+00
        421      5.873    18.6703   3.375518     2.3046     0.0200  0.0977679    88.8715      5.818    24.4600     4.2653 0.0000e+00
        422      5.895    18.6700   3.375747     2.3034     0.0200  0.0977221    88.9236      5.840    24.4620     4.2641 0.0000e+00
        423      5.916    18.6697   3.375969     2.3023     0.0200  0.0976800    88.9748      5.861    24.4639     4.2632 0.0000e+00
        424      5.938    18.6693   3.376182     2.3013     0.0200  0.0976413    89.0250      5.883    24.4659     4.2625 0.0000e+00
        425      5.960    18.6690   3.376390     2.3002     0.0200  0.0976058    89.0738      5.905    24.4677     4.2615 0.0000e+00
        426      5.981    18.6686   3.376591     2.2992     0.0200  0.0975732    89.1206      5.925    24.4695     4.2608 0.0000e+00
        427      6.002    18.6682   3.376785     2.2981     0.0200  0.0975432    89.1653      5.946    24.4713     4.2598 0.0000e+00
        428      6.024    18.6678   3.376974     2.2971     0.0200  0.0975158    89.2081      5.968    24.4731     4.2591 0.0000e+00
        429      6.045    18.6674   3.377156     2.2961     0.0200  0.0974906    89.2492      5.989    24.4747     4.2583 0.0000e+00
        430      6.067    18.6669   3.377333     2.2952     0.0200  0.0974675    89.2885      6.011    24.4765     4.2579 0.0000e+00
        431      6.088    18.6665   3.377506     2.2942     0.0201  0.0974463    89.3259      6.031    24.4781     4.2571 0.0000e+00
        432      6.109    18.6660   3.377673     2.2933     0.0201  0.0974270    89.3619      6.052    24.4797     4.2566 0.0000e+00
        433      6.131    18.6655   3.377836     2.2924     0.0200  0.0974093    89.3970      6.074    24.4813     4.2561 0.0000e+00
        434      6.152    18.6650   3.377993     2.2915     0.0200  0.0973932    89.4313      6.095    24.4828     4.2556 0.0000e+00
        435      6.174    18.6645   3.378148     2.2906     0.0200  0.0973784    89.4645      6.117    24.4844     4.2550 0.0000e+00
        436      6.195    18.6640   3.378299     2.2898     0.0200  0.0973651    89.4966      6.137    24.4859     4.2548 0.0000e+00
        437      6.216    18.6634   3.378447     2.2889     0.0200  0.0973529    89.5270      6.158    24.4874     4.2543 0.0000e+00
        438      6.238    18.6629   3.378591     2.2881     0.0200  0.0973419    89.5557      6.180    24.4889     4.2540 0.0000e+00
        439      6.259    18.6622   3.378731     2.2874     0.0200  0.0973319    89.5830      6.201    24.4904     4.2540 0.0000e+00
        440      6.280    18.6616   3.378868     2.2866     0.0200  0.0973230    89.6092      6.222    24.4918     4.2537 0.0000e+00
        441      6.302    18.6609   3.379002     2.2858     0.0200  0.0973150    89.6344      6.243    24.4933     4.2534 0.0000e+00
        442      6.323    18.6602   3.379133     2.2851     0.0200  0.0973079    89.6583      6.264    24.4948     4.2534 0.0000e+00
        443      6.344    18.6595   3.379262     2.2843     0.0200  0.0973016    89.6810      6.285    24.4962     4.2532 0.0000e+00
        444      6.365    18.6588   3.379387     2.2836     0.0200  0.0972961    89.7025      6.306    24.4976     4.2531 0.0000e+00
        445      6.387    18.6580   3.379510     2.2829     0.0200  0.0972922    89.7229      6.328    24.4991     4.2532 0.0000e+00
        446      6.408    18.6571   3.379629     2.2822     0.0199  0.0972907    89.7424      6.348    24.5006     4.2532 0.0000e+00
        447      6.429    18.6562   3.379746     2.2815     0.0199  0.0972908    89.7606      6.369    24.5020     4.2533 0.0000e+00
        448      6.450    18.6553   3.379859     2.2809     0.0199  0.0972916    89.7770      6.390    24.5035     4.2536 0.0000e+00
        449      6.471    18.6543   3.379971     2.2803     0.0199  0.0972932    89.7913      6.411    24.5049     4.2539 0.0000e+00
        450      6.492    18.6533   3.380079     2.2796     0.0199  0.0972954    89.8039      6.432    24.5064     4.2540 0.0000e+00
        451      6.513    18.6523   3.380187     2.2790     0.0199  0.0972984    89.8154      6.452    24.5078     4.2544 0.0000e+00
        452      6.534    18.6512   3.380291     2.2785     0.0199  0.0973022    89.8269      6.473    24.5093     4.2549 0.0000e+00
        453      6.555    18.6500   3.380393     2.2779     0.0199  0.0973068    89.8386      6.494    24.5108     4.2553 0.0000e+00
        454      6.576    18.6488   3.380492     2.2774     0.0199  0.0973122    89.8506      6.515    24.5123     4.2560 0.0000e+00
        455      6.597    18.6475   3.380591     2.2768     0.0199  0.0973185    89.8625      6.536    24.5139     4.2564 0.0000e+00
        456      6.618    18.6463   3.380687     2.2763     0.0198  0.0973256    89.8741      6.556    24.5154     4.2571 0.0000e+00
        457      6.639    18.6450   3.380780     2.2759     0.0198  0.0973338    89.8856      6.577    24.5169     4.2580 0.0000e+00
        458      6.659    18.6438   3.380873     2.2754     0.0198  0.0973429    89.8977      6.597    24.5183     4.2588 0.0000e+00
        459      6.680    18.6427   3.380965     2.2749     0.0198  0.0973531    89.9106      6.618    24.5197     4.2595 0.0000e+00
        460      6.701    18.6415   3.381055     2.2745     0.0198  0.0973645    89.9241      6.639    24.5211     4.2605 0.0000e+00
        461      6.721    18.6405   3.381144     2.2741     0.0198  0.0973771    89.9379      6.658    24.5224     4.2615 0.0000e+00
        462      6.742    18.6395   3.381231     2.2737     0.0197  0.0973910    89.9519      6.679    24.5237     4.2625 0.0000e+00
        463      6.762    18.6385   3.381315     2.2734     0.0197  0.0974063    89.9660      6.699    24.5250     4.2638 0.0000e+00
        464      6.783    18.6375   3.381398     2.2730     0.0197  0.0974223    89.9804      6.720    24.5262     4.2649 0.0000e+00
        465      6.803    18.6366   3.381480     2.2727     0.0197  0.0974374    89.9950      6.740    24.5274     4.2662 0.0000e+00
        466      6.824    18.6357   3.381559     2.2724     0.0197  0.0974508    90.0094      6.760    24.5286     4.2675 0.0000e+00
        467      6.844    18.6349   3.381637     2.2721     0.0196  0.0974627    90.0230      6.780    24.5297     4.2688 0.0000e+00
        468      6.864    18.6340   3.381713     2.2719     0.0196  0.0974730    90.0357      6.800    24.5308     4.2703 0.0000e+00
        469      6.885    18.6332   3.381786     2.2717     0.0196  0.0974820    90.0476      6.821    24.5319     4.2719 0.0000e+00
        470      6.905    18.6324   3.381855     2.2715     0.0196  0.0974895    90.0586      6.841    24.5329     4.2734 0.0000e+00
        471      6.925    18.6317   3.381920     2.2713     0.0196  0.0974958    90.0686      6.861    24.5338     4.2749 0.0000e+00
        472      6.946    18.6310   3.381983     2.2712     0.0195  0.0975009    90.0778      6.881    24.5347     4.2767 0.0000e+00
        473      6.966    18.6304   3.382042     2.2711     0.0195  0.0975047    90.0864      6.901    24.5356     4.2784 0.0000e+00
        474      6.986    18.6297   3.382096     2.2710     0.0195  0.0975073    90.0943      6.921    24.5364     4.2801 0.0000e+00
        475      7.006    18.6291   3.382147     2.2709     0.0195  0.0975087    90.1016      6.941    24.5372     4.2818 0.0000e+00
        476      7.026    18.6286   3.382194     2.2708     0.0195  0.0975090    90.1080      6.961    24.5378     4.2834 0.0000e+00
        477      7.046    18.6281   3.382238     2.2708     0.0195  0.0975081    90.1133      6.980    24.5385     4.2853 0.0000e+00
        478      7.067    18.6276   3.382277     2.2708     0.0194  0.0975061    90.1175      7.001    24.5391     4.2871 0.0000e+00
        479      7.087    18.6271   3.382314     2.2708     0.0194  0.0975028    90.1208      7.021    24.5397     4.2889 0.0000e+00
        480      7.107    18.6267   3.382346     2.2709     0.0194  0.0974984    90.1234      7.041    24.5401     4.2908 0.0000e+00
        481      7.127    18.6263   3.382375     2.2710     0.0194  0.0974927    90.1257      7.061    24.5406     4.2927 0.0000e+00
