data/2022/thursday_data/Station B1,1.cnv
* Sea-Bird SBE 9 Data File:
* FileName = C:\Users\ctd-user\Desktop\CTD data\MAR440 Sept 2022\Day2\Station B1,1.hex
* Software Version Seasave V 7.26.2.13
* Temperature SN = 4493
* Conductivity SN = 1899
* Number of Bytes Per Scan = 37
* Number of Voltage Words = 4
* Number of Scans Averaged by the Deck Unit = 1
* NMEA Latitude = 58 20.16 N
* NMEA Longitude = 011 53.53 E
* NMEA UTC (Time) = Sep 08 2022 13:55:59
* NMEA baud rate = 4800
** Ship:
** Station:
** Operator:
# nquan = 12                                
# nvalues = 1163                        
# units = specified
# name 0 = scan: Scan Count
# name 1 = prDM: Pressure, Digiquartz [db]
# name 2 = t090C: Temperature [ITS-90, deg C]
# name 3 = c0S/m: Conductivity [S/m]
# name 4 = sbeox0V: Oxygen raw, SBE 43 [V]
# name 5 = flECO-AFL: Fluorescence, WET Labs ECO-AFL/FL [mg/m^3]
# name 6 = upoly0: Upoly 0, Turbidity
# name 7 = xmiss: Beam Transmission, Chelsea/Seatech [%]
# name 8 = depSM: Depth [salt water, m], lat = 58.336
# name 9 = sal00: Salinity, Practical [PSU]
# name 10 = sbeox0ML/L: Oxygen, SBE 43 [ml/l], WS = 2
# name 11 = flag: flag
# span 0 =          1,       1163       
# span 1 =      1.257,     24.310       
# span 2 =     8.0593,    18.3721       
# span 3 =   3.108664,   3.360727       
# span 4 =     0.6105,     2.7076       
# span 5 =     0.0066,     0.0397       
# span 6 =  0.0944446,  0.1082209       
# span 7 =    66.8932,    93.4762       
# span 8 =      1.245,     24.083       
# span 9 =    23.7770,    31.2258       
# span 10 =     0.2744,     5.4053      
# span 11 = 0.0000e+00, 0.0000e+00      
# interval = seconds: 0.0416667
# start_time = Sep 08 2022 13:55:59 [NMEA time, header]
# bad_flag = -9.990e-29
*END*
[from data line 602]
        603     12.322    16.3809   3.325819     1.6185     0.0113  0.0944582    93.3519     12.207    25.4508     2.5568 0.0000e+00
        604     12.344    16.3611   3.325332     1.6162     0.0113  0.0944528    93.3546     12.229    25.4593     2.5504 0.0000e+00
        605     12.365    16.3411   3.324837     1.6137     0.0113  0.0944488    93.3565     12.250    25.4678     2.5435 0.0000e+00
        606     12.387    16.3207   3.324336     1.6113     0.0113  0.0944461    93.3578     12.272    25.4766     2.5367 0.0000e+00
        607     12.409    16.3001   3.323827     1.6089     0.0112  0.0944447    93.3583     12.293    25.4854     2.5299 0.0000e+00
        608     12.431    16.2792   3.323311     1.6065     0.0112  0.0944446    93.3582     12.315    25.4943     2.5230 0.0000e+00
        609     12.453    16.2581   3.322787     1.6040     0.0112  0.0944458    93.3573     12.337    25.5033     2.5159 0.0000e+00
        610     12.475    16.2366   3.322256     1.6015     0.0112  0.0944484    93.3560     12.359    25.5125     2.5086 0.0000e+00
        611     12.497    16.2148   3.321720     1.5991     0.0112  0.0944522    93.3544     12.380    25.5219     2.5016 0.0000e+00
        612     12.519    16.1928   3.321177     1.5966     0.0112  0.0944574    93.3530     12.402    25.5313     2.4943 0.0000e+00
        613     12.541    16.1704   3.320627     1.5940     0.0111  0.0944640    93.3519     12.424    25.5410     2.4867 0.0000e+00
        614     12.563    16.1476   3.320071     1.5915     0.0111  0.0944721    93.3518     12.446    25.5508     2.4794 0.0000e+00
        615     12.585    16.1243   3.319507     1.5889     0.0111  0.0944816    93.3528     12.468    25.5610     2.4717 0.0000e+00
        616     12.607    16.1006   3.318936     1.5863     0.0111  0.0944927    93.3545     12.489    25.5713     2.4640 0.0000e+00
        617     12.629    16.0765   3.318358     1.5837     0.0110  0.0945054    93.3568     12.511    25.5818     2.4562 0.0000e+00
        618     12.651    16.0519   3.317772     1.5811     0.0110  0.0945199    93.3592     12.533    25.5926     2.4485 0.0000e+00
        619     12.673    16.0269   3.317180     1.5785     0.0110  0.0945361    93.3618     12.555    25.6036     2.4406 0.0000e+00
        620     12.695    16.0016   3.316580     1.5758     0.0110  0.0945543    93.3643     12.577    25.6148     2.4325 0.0000e+00
        621     12.718    15.9760   3.315975     1.5731     0.0109  0.0945738    93.3668     12.599    25.6261     2.4244 0.0000e+00
        622     12.740    15.9502   3.315365     1.5704     0.0109  0.0945928    93.3694     12.621    25.6375     2.4162 0.0000e+00
        623     12.762    15.9243   3.314748     1.5677     0.0109  0.0946109    93.3723     12.643    25.6489     2.4080 0.0000e+00
        624     12.784    15.8984   3.314128     1.5649     0.0109  0.0946279    93.3756     12.665    25.6603     2.3995 0.0000e+00
        625     12.806    15.8724   3.313502     1.5622     0.0109  0.0946442    93.3795     12.687    25.6717     2.3913 0.0000e+00
        626     12.829    15.8463   3.312872     1.5594     0.0108  0.0946597    93.3843     12.709    25.6832     2.3827 0.0000e+00
        627     12.851    15.8203   3.312238     1.5566     0.0108  0.0946746    93.3900     12.731    25.6946     2.3741 0.0000e+00
        628     12.873    15.7943   3.311598     1.5538     0.0108  0.0946891    93.3971     12.753    25.7059     2.3655 0.0000e+00
        629     12.896    15.7683   3.310955     1.5509     0.0108  0.0947031    93.4052     12.776    25.7172     2.3566 0.0000e+00
        630     12.918    15.7423   3.310304     1.5480     0.0108  0.0947169    93.4139     12.798    25.7285     2.3477 0.0000e+00
        631     12.940    15.7163   3.309648     1.5451     0.0107  0.0947304    93.4228     12.819    25.7397     2.3388 0.0000e+00
        632     12.963    15.6901   3.308982     1.5422     0.0107  0.0947438    93.4315     12.842    25.7510     2.3299 0.0000e+00
        633     12.985    15.6638   3.308308     1.5393     0.0107  0.0947573    93.4400     12.864    25.7623     2.3210 0.0000e+00
        634     13.008    15.6373   3.307623     1.5363     0.0107  0.0947708    93.4482     12.887    25.7737     2.3119 0.0000e+00
        635     13.030    15.6104   3.306923     1.5334     0.0107  0.0947844    93.4558     12.908    25.7851     2.3029 0.0000e+00
        636     13.053    15.5832   3.306208     1.5304     0.0107  0.0947984    93.4629     12.931    25.7967     2.2938 0.0000e+00
        637     13.075    15.5555   3.305477     1.5274     0.0107  0.0948127    93.4689     12.953    25.8085     2.2847 0.0000e+00
        638     13.098    15.5274   3.304727     1.5244     0.0107  0.0948274    93.4733     12.976    25.8203     2.2756 0.0000e+00
        639     13.120    15.4986   3.303959     1.5213     0.0107  0.0948428    93.4757     12.998    25.8325     2.2663 0.0000e+00
        640     13.143    15.4691   3.303172     1.5183     0.0106  0.0948588    93.4762     13.020    25.8450     2.2572 0.0000e+00
        641     13.166    15.4388   3.302363     1.5152     0.0106  0.0948755    93.4750     13.043    25.8578     2.2479 0.0000e+00
        642     13.188    15.4077   3.301534     1.5121     0.0106  0.0948932    93.4724     13.065    25.8710     2.2386 0.0000e+00
        643     13.211    15.3756   3.300682     1.5089     0.0106  0.0949120    93.4681     13.088    25.8847     2.2292 0.0000e+00
        644     13.234    15.3426   3.299809     1.5058     0.0106  0.0949318    93.4622     13.111    25.8988     2.2200 0.0000e+00
        645     13.256    15.3087   3.298913     1.5026     0.0106  0.0949530    93.4551     13.132    25.9133     2.2106 0.0000e+00
        646     13.279    15.2738   3.297994     1.4994     0.0106  0.0949747    93.4470     13.155    25.9283     2.2013 0.0000e+00
        647     13.302    15.2381   3.297054     1.4962     0.0106  0.0949955    93.4380     13.178    25.9437     2.1919 0.0000e+00
        648     13.325    15.2014   3.296092     1.4929     0.0105  0.0950146    93.4281     13.201    25.9595     2.1824 0.0000e+00
        649     13.347    15.1640   3.295108     1.4897     0.0105  0.0950323    93.4170     13.223    25.9756     2.1732 0.0000e+00
        650     13.370    15.1258   3.294101     1.4864     0.0105  0.0950484    93.4047     13.245    25.9921     2.1637 0.0000e+00
        651     13.393    15.0871   3.293071     1.4831     0.0105  0.0950634    93.3910     13.268    26.0088     2.1544 0.0000e+00
        652     13.416    15.0478   3.292020     1.4799     0.0105  0.0950771    93.3760     13.291    26.0256     2.1453 0.0000e+00
        653     13.438    15.0079   3.290945     1.4765     0.0105  0.0950897    93.3599     13.313    26.0427     2.1357 0.0000e+00
        654     13.461    14.9673   3.289846     1.4732     0.0105  0.0951013    93.3435     13.335    26.0601     2.1265 0.0000e+00
        655     13.484    14.9260   3.288723     1.4699     0.0105  0.0951120    93.3270     13.358    26.0777     2.1173 0.0000e+00
        656     13.507    14.8838   3.287577     1.4665     0.0105  0.0951218    93.3099     13.381    26.0958     2.1079 0.0000e+00
        657     13.530    14.8408   3.286409     1.4631     0.0105  0.0951309    93.2919     13.404    26.1142     2.0986 0.0000e+00
        658     13.553    14.7968   3.285218     1.4598     0.0104  0.0951392    93.2730     13.427    26.1332     2.0895 0.0000e+00
        659     13.575    14.7521   3.284006     1.4564     0.0104  0.0951469    93.2536     13.448    26.1524     2.0803 0.0000e+00
        660     13.598    14.7067   3.282768     1.4530     0.0104  0.0951539    93.2335     13.471    26.1719     2.0712 0.0000e+00
        661     13.621    14.6608   3.281505     1.4496     0.0104  0.0951605    93.2126     13.494    26.1916     2.0621 0.0000e+00
        662     13.644    14.6144   3.280216     1.4462     0.0104  0.0951664    93.1905     13.517    26.2114     2.0531 0.0000e+00
        663     13.667    14.5676   3.278902     1.4427     0.0104  0.0951720    93.1669     13.540    26.2313     2.0440 0.0000e+00
        664     13.690    14.5204   3.277563     1.4393     0.0104  0.0951770    93.1416     13.562    26.2513     2.0351 0.0000e+00
        665     13.712    14.4729   3.276199     1.4359     0.0104  0.0951817    93.1142     13.584    26.2713     2.0263 0.0000e+00
        666     13.735    14.4249   3.274810     1.4324     0.0104  0.0951860    93.0841     13.607    26.2914     2.0174 0.0000e+00
        667     13.758    14.3765   3.273396     1.4290     0.0104  0.0951900    93.0514     13.630    26.3116     2.0088 0.0000e+00
        668     13.781    14.3277   3.271956     1.4255     0.0104  0.0951937    93.0160     13.652    26.3319     2.0000 0.0000e+00
        669     13.804    14.2786   3.270490     1.4220     0.0104  0.0951971    92.9781     13.675    26.3522     1.9913 0.0000e+00
        670     13.827    14.2291   3.268999     1.4186     0.0104  0.0952002    92.9375     13.698    26.3726     1.9829 0.0000e+00
        671     13.850    14.1792   3.267481     1.4151     0.0103  0.0952031    92.8942     13.721    26.3931     1.9744 0.0000e+00
        672     13.872    14.1287   3.265938     1.4116     0.0103  0.0952057    92.8483     13.743    26.4138     1.9659 0.0000e+00
        673     13.895    14.0776   3.264370     1.4081     0.0103  0.0952082    92.7993     13.765    26.4347     1.9575 0.0000e+00
        674     13.918    14.0257   3.262778     1.4047     0.0103  0.0952105    92.7473     13.788    26.4559     1.9494 0.0000e+00
        675     13.941    13.9728   3.261162     1.4012     0.0103  0.0952126    92.6924     13.811    26.4777     1.9412 0.0000e+00
        676     13.964    13.9188   3.259522     1.3977     0.0103  0.0952146    92.6353     13.834    26.5001     1.9330 0.0000e+00
        677     13.987    13.8638   3.257861     1.3942     0.0103  0.0952164    92.5763     13.857    26.5230     1.9250 0.0000e+00
        678     14.009    13.8077   3.256176     1.3908     0.0103  0.0952181    92.5161     13.878    26.5465     1.9173 0.0000e+00
        679     14.032    13.7503   3.254468     1.3873     0.0103  0.0952197    92.4552     13.901    26.5707     1.9094 0.0000e+00
        680     14.055    13.6918   3.252739     1.3838     0.0103  0.0952212    92.3944     13.924    26.5956     1.9015 0.0000e+00
        681     14.078    13.6320   3.250987     1.3804     0.0103  0.0952226    92.3341     13.947    26.6212     1.8940 0.0000e+00
        682     14.101    13.5710   3.249215     1.3769     0.0103  0.0952239    92.2741     13.969    26.6475     1.8863 0.0000e+00
        683     14.124    13.5088   3.247421     1.3735     0.0103  0.0952252    92.2140     13.992    26.6745     1.8789 0.0000e+00
        684     14.147    13.4456   3.245607     1.3700     0.0103  0.0952264    92.1536     14.015    26.7021     1.8712 0.0000e+00
        685     14.169    13.3814   3.243774     1.3666     0.0103  0.0952275    92.0931     14.037    26.7303     1.8639 0.0000e+00
        686     14.192    13.3164   3.241921     1.3632     0.0103  0.0952286    92.0326     14.060    26.7589     1.8566 0.0000e+00
        687     14.215    13.2509   3.240051     1.3598     0.0103  0.0952296    91.9719     14.082    26.7878     1.8494 0.0000e+00
        688     14.238    13.1849   3.238164     1.3564     0.0103  0.0952306    91.9105     14.105    26.8169     1.8421 0.0000e+00
        689     14.261    13.1186   3.236260     1.3530     0.0103  0.0952316    91.8478     14.128    26.8462     1.8349 0.0000e+00
        690     14.283    13.0521   3.234343     1.3497     0.0103  0.0952326    91.7837     14.150    26.8756     1.8279 0.0000e+00
        691     14.306    12.9854   3.232414     1.3464     0.0103  0.0952335    91.7183     14.173    26.9050     1.8210 0.0000e+00
        692     14.329    12.9188   3.230473     1.3430     0.0103  0.0952345    91.6512     14.195    26.9344     1.8137 0.0000e+00
        693     14.352    12.8525   3.228525     1.3397     0.0104  0.0952354    91.5820     14.218    26.9636     1.8066 0.0000e+00
        694     14.374    12.7865   3.226573     1.3364     0.0104  0.0952364    91.5107     14.240    26.9925     1.7995 0.0000e+00
        695     14.397    12.7211   3.224620     1.3331     0.0104  0.0952373    91.4379     14.263    27.0211     1.7924 0.0000e+00
        696     14.420    12.6562   3.222669     1.3298     0.0104  0.0952383    91.3640     14.285    27.0495     1.7852 0.0000e+00
        697     14.443    12.5918   3.220724     1.3266     0.0104  0.0952393    91.2891     14.308    27.0776     1.7782 0.0000e+00
        698     14.465    12.5278   3.218786     1.3233     0.0105  0.0952404    91.2129     14.330    27.1055     1.7708 0.0000e+00
        699     14.488    12.4642   3.216858     1.3201     0.0105  0.0952414    91.1346     14.353    27.1333     1.7637 0.0000e+00
        700     14.510    12.4008   3.214942     1.3168     0.0105  0.0952426    91.0531     14.375    27.1612     1.7561 0.0000e+00
        701     14.533    12.3373   3.213040     1.3136     0.0105  0.0952438    90.9675     14.397    27.1893     1.7488 0.0000e+00
        702     14.556    12.2737   3.211155     1.3104     0.0105  0.0952450    90.8771     14.420    27.2177     1.7413 0.0000e+00
        703     14.579    12.2097   3.209286     1.3072     0.0106  0.0952464    90.7813     14.443    27.2466     1.7337 0.0000e+00
        704     14.601    12.1453   3.207434     1.3040     0.0106  0.0952478    90.6799     14.465    27.2760     1.7260 0.0000e+00
        705     14.624    12.0807   3.205603     1.3008     0.0106  0.0952493    90.5725     14.488    27.3059     1.7181 0.0000e+00
        706     14.647    12.0160   3.203793     1.2975     0.0106  0.0952509    90.4589     14.510    27.3361     1.7099 0.0000e+00
        707     14.669    11.9516   3.202004     1.2943     0.0106  0.0952526    90.3387     14.532    27.3663     1.7017 0.0000e+00
        708     14.692    11.8877   3.200240     1.2911     0.0107  0.0952545    90.2112     14.555    27.3965     1.6934 0.0000e+00
        709     14.715    11.8243   3.198498     1.2879     0.0107  0.0952565    90.0757     14.578    27.4266     1.6849 0.0000e+00
        710     14.738    11.7616   3.196781     1.2847     0.0107  0.0952586    89.9319     14.600    27.4565     1.6762 0.0000e+00
        711     14.760    11.6998   3.195087     1.2815     0.0107  0.0952609    89.7796     14.622    27.4860     1.6674 0.0000e+00
        712     14.783    11.6390   3.193418     1.2783     0.0108  0.0952634    89.6188     14.645    27.5151     1.6583 0.0000e+00
        713     14.805    11.5792   3.191769     1.2751     0.0108  0.0952661    89.4491     14.667    27.5437     1.6491 0.0000e+00
        714     14.828    11.5208   3.190141     1.2718     0.0108  0.0952691    89.2699     14.690    27.5715     1.6394 0.0000e+00
        715     14.851    11.4637   3.188529     1.2686     0.0108  0.0952722    89.0805     14.712    27.5986     1.6298 0.0000e+00
        716     14.873    11.4081   3.186932     1.2653     0.0109  0.0952757    88.8801     14.734    27.6247     1.6197 0.0000e+00
        717     14.895    11.3541   3.185347     1.2621     0.0109  0.0952794    88.6685     14.756    27.6498     1.6097 0.0000e+00
        718     14.918    11.3015   3.183774     1.2588     0.0109  0.0952834    88.4457     14.779    27.6741     1.5992 0.0000e+00
        719     14.940    11.2503   3.182213     1.2555     0.0109  0.0952878    88.2121     14.801    27.6974     1.5886 0.0000e+00
        720     14.962    11.2003   3.180664     1.2522     0.0110  0.0952925    87.9679     14.822    27.7200     1.5777 0.0000e+00
        721     14.985    11.1515   3.179124     1.2489     0.0110  0.0952977    87.7133     14.845    27.7419     1.5667 0.0000e+00
