data/2022/thursday_data/Station SB1.cnv
* Sea-Bird SBE 9 Data File:
* FileName = C:\Users\ctd-user\Desktop\CTD data\MAR440 Sept 2022\Day2\Station SB1.hex
* Software Version Seasave V 7.26.2.13
* Temperature SN = 4493
* Conductivity SN = 1899
* Number of Bytes Per Scan = 37
* Number of Voltage Words = 4
* Number of Scans Averaged by the Deck Unit = 1
* NMEA Latitude = 58 19.70 N
* NMEA Longitude = 011 51.32 E
* NMEA UTC (Time) = Sep 08 2022 10:39:35
* NMEA baud rate = 4800
** Ship:
** Station:
** Operator:
# nquan = 12                                
# nvalues = 929                         
# units = specified
# name 0 = scan: Scan Count
# name 1 = prDM: Pressure, Digiquartz [db]
# name 2 = t090C: Temperature [ITS-90, deg C]
# name 3 = c0S/m: Conductivity [S/m]
# name 4 = sbeox0V: Oxygen raw, SBE 43 [V]
# name 5 = flECO-AFL: Fluorescence, WET Labs ECO-AFL/FL [mg/m^3]
# name 6 = upoly0: Upoly 0, Turbidity
# name 7 = xmiss: Beam Transmission, Chelsea/Seatech [%]
# name 8 = depSM: Depth [salt water, m], lat = 58.3283
# name 9 = sal00: Salinity, Practical [PSU]
# name 10 = sbeox0ML/L: Oxygen, SBE 43 [ml/l], WS = 2
# name 11 = flag: flag
# span 0 =          1,        929       
# span 1 =      2.015,     17.353       
# span 2 =     8.2197,    18.2965       
# span 3 =   3.116126,   3.335430       
# span 4 =     0.7366,     2.7550       
# span 5 =     0.0056,     0.0271       
# span 6 =  0.0964757,  0.0999362       
# span 7 =    75.3340,    91.5834       
# span 8 =      1.996,     17.191       
# span 9 =    23.6257,    29.5963       
# span 10 =     0.4895,     5.5388      
# span 11 = 0.0000e+00, 0.0000e+00      
# interval = seconds: 0.0416667
# start_time = Sep 08 2022 10:39:35 [NMEA time, header]
# bad_flag = -9.990e-29
*END*
[from data line 602]
        603     13.907    12.2849   3.214492     1.3616     0.0098  0.0981362    82.3621     13.777    27.2411     1.8128 0.0000e+00
        604     13.921    12.2452   3.213210     1.3578     0.0097  0.0981297    82.2268     13.791    27.2579     1.8059 0.0000e+00
        605     13.935    12.2056   3.211932     1.3541     0.0097  0.0981230    82.0953     13.805    27.2747     1.7994 0.0000e+00
        606     13.949    12.1665   3.210659     1.3504     0.0097  0.0981160    81.9670     13.819    27.2911     1.7928 0.0000e+00
        607     13.963    12.1278   3.209393     1.3467     0.0097  0.0981087    81.8417     13.833    27.3074     1.7861 0.0000e+00
        608     13.977    12.0895   3.208135     1.3431     0.0096  0.0981009    81.7196     13.847    27.3235     1.7796 0.0000e+00
        609     13.992    12.0515   3.206884     1.3394     0.0096  0.0980928    81.6008     13.861    27.3395     1.7728 0.0000e+00
        610     14.006    12.0139   3.205643     1.3358     0.0096  0.0980841    81.4855     13.875    27.3553     1.7661 0.0000e+00
        611     14.020    11.9769   3.204411     1.3323     0.0096  0.0980748    81.3742     13.889    27.3707     1.7597 0.0000e+00
        612     14.035    11.9408   3.203189     1.3287     0.0095  0.0980650    81.2673     13.904    27.3857     1.7529 0.0000e+00
        613     14.049    11.9057   3.201978     1.3252     0.0095  0.0980544    81.1618     13.918    27.4000     1.7463 0.0000e+00
        614     14.064    11.8717   3.200776     1.3217     0.0095  0.0980431    81.0488     13.933    27.4136     1.7395 0.0000e+00
        615     14.078    11.8386   3.199582     1.3182     0.0094  0.0980309    80.9180     13.947    27.4266     1.7327 0.0000e+00
        616     14.093    11.8063   3.198395     1.3147     0.0094  0.0980178    80.7636     13.962    27.4391     1.7257 0.0000e+00
        617     14.107    11.7748   3.197215     1.3113     0.0094  0.0980037    80.5860     13.975    27.4511     1.7189 0.0000e+00
        618     14.122    11.7438   3.196043     1.3079     0.0093  0.0979885    80.3903     13.990    27.4628     1.7120 0.0000e+00
        619     14.137    11.7130   3.194881     1.3045     0.0093  0.0979720    80.1830     14.005    27.4745     1.7049 0.0000e+00
        620     14.152    11.6824   3.193727     1.3011     0.0093  0.0979542    79.9695     14.020    27.4861     1.6977 0.0000e+00
        621     14.166    11.6516   3.192580     1.2977     0.0092  0.0979349    79.7526     14.034    27.4980     1.6904 0.0000e+00
        622     14.181    11.6206   3.191439     1.2944     0.0092  0.0979140    79.5330     14.049    27.5101     1.6833 0.0000e+00
        623     14.195    11.5891   3.190304     1.2910     0.0091  0.0978914    79.3111     14.063    27.5226     1.6758 0.0000e+00
        624     14.210    11.5572   3.189174     1.2877     0.0091  0.0978669    79.0886     14.077    27.5355     1.6684 0.0000e+00
        625     14.224    11.5249   3.188054     1.2844     0.0090  0.0978403    78.8683     14.091    27.5487     1.6609 0.0000e+00
        626     14.239    11.4923   3.186943     1.2810     0.0090  0.0978114    78.6516     14.106    27.5623     1.6529 0.0000e+00
        627     14.254    11.4596   3.185842     1.2777     0.0089  0.0977801    78.4372     14.121    27.5761     1.6452 0.0000e+00
        628     14.268    11.4271   3.184753     1.2744     0.0089  0.0977461    78.2244     14.135    27.5899     1.6372 0.0000e+00
        629     14.283    11.3951   3.183673     1.2711     0.0088  0.0977092    78.0139     14.150    27.6034     1.6292 0.0000e+00
        630     14.298    11.3637   3.182604     1.2678     0.0087  0.0976700    77.8073     14.165    27.6166     1.6210 0.0000e+00
        631     14.312    11.3331   3.181542     1.2645     0.0087  0.0976307    77.6054     14.178    27.6292     1.6127 0.0000e+00
        632     14.327    11.3034   3.180487     1.2612     0.0086  0.0975937    77.4097     14.193    27.6413     1.6042 0.0000e+00
        633     14.342    11.2747   3.179438     1.2579     0.0085  0.0975595    77.2222     14.208    27.6527     1.5957 0.0000e+00
        634     14.356    11.2469   3.178393     1.2546     0.0085  0.0975279    77.0435     14.222    27.6634     1.5870 0.0000e+00
        635     14.371    11.2201   3.177350     1.2513     0.0084  0.0974986    76.8717     14.237    27.6735     1.5783 0.0000e+00
        636     14.385    11.1942   3.176311     1.2480     0.0084  0.0974715    76.7040     14.251    27.6829     1.5694 0.0000e+00
        637     14.400    11.1691   3.175276     1.2447     0.0083  0.0974464    76.5390     14.266    27.6917     1.5605 0.0000e+00
        638     14.415    11.1447   3.174249     1.2413     0.0083  0.0974230    76.3763     14.281    27.7002     1.5512 0.0000e+00
        639     14.429    11.1210   3.173231     1.2380     0.0082  0.0974013    76.2163     14.294    27.7081     1.5421 0.0000e+00
        640     14.444    11.0978   3.172224     1.2346     0.0082  0.0973811    76.0605     14.309    27.7159     1.5327 0.0000e+00
        641     14.459    11.0751   3.171232     1.2313     0.0081  0.0973623    75.9115     14.324    27.7234     1.5235 0.0000e+00
        642     14.473    11.0528   3.170255     1.2279     0.0081  0.0973446    75.7723     14.338    27.7307     1.5140 0.0000e+00
        643     14.487    11.0307   3.169294     1.2246     0.0080  0.0973280    75.6477     14.352    27.7381     1.5048 0.0000e+00
        644     14.502    11.0087   3.168350     1.2212     0.0080  0.0973124    75.5428     14.367    27.7455     1.4952 0.0000e+00
        645     14.516    10.9867   3.167421     1.2179     0.0079  0.0972977    75.4599     14.381    27.7531     1.4860 0.0000e+00
        646     14.531    10.9647   3.166511     1.2145     0.0079  0.0972837    75.3976     14.395    27.7609     1.4765 0.0000e+00
        647     14.545    10.9426   3.165616     1.2111     0.0078  0.0972713    75.3553     14.409    27.7689     1.4670 0.0000e+00
        648     14.560    10.9202   3.164738     1.2077     0.0078  0.0972611    75.3340     14.424    27.7773     1.4575 0.0000e+00
        649     14.574    10.8976   3.163876     1.2043     0.0077  0.0972523    75.3356     14.438    27.7860     1.4481 0.0000e+00
        650     14.589    10.8746   3.163027     1.2009     0.0076  0.0972439    75.3625     14.453    27.7952     1.4387 0.0000e+00
        651     14.603    10.8511   3.162192     1.1975     0.0076  0.0972360    75.4171     14.467    27.8049     1.4294 0.0000e+00
        652     14.618    10.8273   3.161370     1.1941     0.0075  0.0972283    75.5015     14.482    27.8149     1.4202 0.0000e+00
        653     14.632    10.8031   3.160560     1.1907     0.0074  0.0972209    75.6158     14.495    27.8254     1.4110 0.0000e+00
        654     14.646    10.7788   3.159762     1.1873     0.0074  0.0972138    75.7596     14.509    27.8361     1.4018 0.0000e+00
        655     14.660    10.7542   3.158976     1.1839     0.0073  0.0972069    75.9313     14.523    27.8471     1.3928 0.0000e+00
        656     14.674    10.7297   3.158201     1.1805     0.0072  0.0972000    76.1272     14.537    27.8582     1.3838 0.0000e+00
        657     14.688    10.7053   3.157437     1.1771     0.0071  0.0971933    76.3412     14.551    27.8693     1.3749 0.0000e+00
        658     14.702    10.6812   3.156685     1.1737     0.0070  0.0971866    76.5670     14.565    27.8803     1.3661 0.0000e+00
        659     14.716    10.6575   3.155944     1.1703     0.0070  0.0971799    76.7998     14.579    27.8911     1.3573 0.0000e+00
        660     14.730    10.6342   3.155214     1.1669     0.0069  0.0971731    77.0363     14.593    27.9018     1.3487 0.0000e+00
        661     14.744    10.6115   3.154494     1.1635     0.0068  0.0971662    77.2745     14.606    27.9120     1.3402 0.0000e+00
        662     14.757    10.5893   3.153784     1.1601     0.0068  0.0971592    77.5142     14.619    27.9220     1.3317 0.0000e+00
        663     14.771    10.5678   3.153084     1.1567     0.0067  0.0971520    77.7595     14.633    27.9316     1.3233 0.0000e+00
        664     14.784    10.5468   3.152395     1.1534     0.0067  0.0971445    78.0187     14.646    27.9409     1.3152 0.0000e+00
        665     14.798    10.5261   3.151716     1.1500     0.0066  0.0971367    78.3017     14.660    27.9501     1.3069 0.0000e+00
        666     14.811    10.5056   3.151050     1.1467     0.0066  0.0971286    78.6145     14.673    27.9593     1.2989 0.0000e+00
        667     14.824    10.4851   3.150395     1.1434     0.0066  0.0971200    78.9575     14.686    27.9686     1.2910 0.0000e+00
        668     14.838    10.4646   3.149754     1.1400     0.0065  0.0971110    79.3252     14.700    27.9780     1.2828 0.0000e+00
        669     14.851    10.4440   3.149125     1.1368     0.0065  0.0971015    79.7072     14.712    27.9876     1.2753 0.0000e+00
        670     14.864    10.4235   3.148511     1.1335     0.0065  0.0970913    80.0908     14.725    27.9973     1.2675 0.0000e+00
        671     14.877    10.4030   3.147912     1.1302     0.0064  0.0970805    80.4640     14.738    28.0072     1.2597 0.0000e+00
        672     14.890    10.3827   3.147328     1.1270     0.0064  0.0970689    80.8168     14.751    28.0171     1.2521 0.0000e+00
        673     14.903    10.3626   3.146762     1.1238     0.0064  0.0970565    81.1415     14.764    28.0270     1.2446 0.0000e+00
        674     14.916    10.3430   3.146211     1.1206     0.0064  0.0970432    81.4327     14.777    28.0366     1.2371 0.0000e+00
        675     14.928    10.3238   3.145678     1.1174     0.0063  0.0970288    81.6878     14.789    28.0462     1.2296 0.0000e+00
        676     14.941    10.3051   3.145161     1.1142     0.0063  0.0970134    81.9078     14.802    28.0555     1.2220 0.0000e+00
        677     14.954    10.2868   3.144660     1.1110     0.0063  0.0969967    82.0984     14.814    28.0647     1.2143 0.0000e+00
        678     14.966    10.2691   3.144175     1.1079     0.0063  0.0969788    82.2693     14.826    28.0735     1.2069 0.0000e+00
        679     14.979    10.2519   3.143705     1.1047     0.0062  0.0969593    82.4310     14.839    28.0822     1.1992 0.0000e+00
        680     14.991    10.2353   3.143250     1.1016     0.0062  0.0969383    82.5923     14.851    28.0905     1.1917 0.0000e+00
        681     15.004    10.2192   3.142810     1.0985     0.0062  0.0969164    82.7588     14.864    28.0986     1.1842 0.0000e+00
        682     15.016    10.2036   3.142385     1.0954     0.0062  0.0968951    82.9344     14.876    28.1065     1.1765 0.0000e+00
        683     15.028    10.1884   3.141972     1.0923     0.0061  0.0968752    83.1224     14.888    28.1142     1.1688 0.0000e+00
        684     15.040    10.1738   3.141571     1.0893     0.0061  0.0968565    83.3253     14.900    28.1215     1.1613 0.0000e+00
        685     15.053    10.1596   3.141181     1.0862     0.0061  0.0968389    83.5426     14.913    28.1286     1.1534 0.0000e+00
        686     15.065    10.1457   3.140800     1.0831     0.0061  0.0968223    83.7707     14.924    28.1356     1.1454 0.0000e+00
        687     15.077    10.1321   3.140429     1.0801     0.0061  0.0968066    84.0054     14.936    28.1425     1.1376 0.0000e+00
        688     15.089    10.1188   3.140065     1.0770     0.0061  0.0967915    84.2432     14.948    28.1492     1.1294 0.0000e+00
        689     15.101    10.1056   3.139710     1.0739     0.0061  0.0967772    84.4824     14.960    28.1559     1.1211 0.0000e+00
        690     15.113    10.0925   3.139362     1.0709     0.0060  0.0967633    84.7238     14.972    28.1627     1.1130 0.0000e+00
        691     15.126    10.0795   3.139023     1.0678     0.0060  0.0967499    84.9687     14.985    28.1694     1.1045 0.0000e+00
        692     15.138    10.0666   3.138692     1.0648     0.0060  0.0967369    85.2166     14.997    28.1762     1.0962 0.0000e+00
        693     15.150    10.0537   3.138367     1.0617     0.0060  0.0967241    85.4658     15.009    28.1830     1.0875 0.0000e+00
        694     15.163    10.0410   3.138051     1.0587     0.0060  0.0967115    85.7141     15.022    28.1897     1.0789 0.0000e+00
        695     15.175    10.0284   3.137743     1.0556     0.0060  0.0966989    85.9598     15.033    28.1964     1.0700 0.0000e+00
        696     15.187    10.0159   3.137441     1.0525     0.0060  0.0966864    86.2005     15.045    28.2032     1.0610 0.0000e+00
        697     15.199    10.0036   3.137147     1.0495     0.0060  0.0966738    86.4331     15.057    28.2098     1.0522 0.0000e+00
        698     15.211     9.9913   3.136860     1.0464     0.0060  0.0966610    86.6551     15.069    28.2166     1.0430 0.0000e+00
        699     15.223     9.9792   3.136579     1.0433     0.0060  0.0966479    86.8652     15.081    28.2232     1.0339 0.0000e+00
        700     15.235     9.9670   3.136305     1.0402     0.0060  0.0966344    87.0637     15.093    28.2300     1.0246 0.0000e+00
        701     15.247     9.9549   3.136035     1.0371     0.0060  0.0966205    87.2521     15.105    28.2368     1.0153 0.0000e+00
        702     15.260     9.9426   3.135770     1.0340     0.0060  0.0966061    87.4310     15.118    28.2437     1.0059 0.0000e+00
        703     15.272     9.9301   3.135509     1.0309     0.0060  0.0965910    87.6003     15.130    28.2509     0.9965 0.0000e+00
        704     15.284     9.9173   3.135252     1.0278     0.0060  0.0965752    87.7597     15.141    28.2583     0.9871 0.0000e+00
        705     15.297     9.9042   3.134999     1.0246     0.0060  0.0965585    87.9092     15.154    28.2660     0.9773 0.0000e+00
        706     15.309     9.8906   3.134749     1.0215     0.0060  0.0965416    88.0489     15.166    28.2742     0.9678 0.0000e+00
        707     15.321     9.8765   3.134501     1.0184     0.0060  0.0965262    88.1786     15.178    28.2827     0.9584 0.0000e+00
        708     15.333     9.8618   3.134256     1.0152     0.0060  0.0965130    88.2975     15.190    28.2918     0.9486 0.0000e+00
        709     15.346     9.8464   3.134011     1.0121     0.0060  0.0965019    88.4047     15.203    28.3014     0.9392 0.0000e+00
        710     15.358     9.8301   3.133763     1.0089     0.0060  0.0964928    88.5001     15.215    28.3117     0.9295 0.0000e+00
        711     15.370     9.8130   3.133514     1.0058     0.0060  0.0964857    88.5840     15.227    28.3227     0.9200 0.0000e+00
        712     15.383     9.7948   3.133259     1.0026     0.0060  0.0964805    88.6576     15.239    28.3344     0.9104 0.0000e+00
        713     15.395     9.7756   3.133002     0.9994     0.0060  0.0964772    88.7215     15.251    28.3469     0.9008 0.0000e+00
        714     15.407     9.7553   3.132739     0.9962     0.0060  0.0964757    88.7764     15.263    28.3602     0.8911 0.0000e+00
        715     15.419     9.7338   3.132470     0.9931     0.0060  0.0964760    88.8226     15.275    28.3745     0.8819 0.0000e+00
        716     15.431     9.7114   3.132197     0.9899     0.0060  0.0964782    88.8608     15.287    28.3894     0.8724 0.0000e+00
        717     15.444     9.6879   3.131918     0.9867     0.0060  0.0964823    88.8913     15.300    28.4051     0.8630 0.0000e+00
        718     15.456     9.6636   3.131636     0.9834     0.0060  0.0964882    88.9147     15.312    28.4215     0.8533 0.0000e+00
        719     15.468     9.6385   3.131349     0.9802     0.0060  0.0964960    88.9308     15.324    28.4384     0.8441 0.0000e+00
        720     15.480     9.6127   3.131058     0.9770     0.0059  0.0965059    88.9391     15.336    28.4559     0.8349 0.0000e+00
        721     15.493     9.5863   3.130763     0.9738     0.0059  0.0965178    88.9390     15.348    28.4738     0.8258 0.0000e+00
