data/2022/thursday_data/Station SB1.cnv
* Sea-Bird SBE 9 Data File:
* FileName = C:\Users\ctd-user\Desktop\CTD data\MAR440 Sept 2022\Day2\Station SB1.hex
* Software Version Seasave V 7.26.2.13
* Temperature SN = 4493
* Conductivity SN = 1899
* Number of Bytes Per Scan = 37
* Number of Voltage Words = 4
* Number of Scans Averaged by the Deck Unit = 1
* NMEA Latitude = 58 19.70 N
* NMEA Longitude = 011 51.32 E
* NMEA UTC (Time) = Sep 08 2022 10:39:35
* NMEA baud rate = 4800
** Ship:
** Station:
** Operator:
# nquan = 12                                
# nvalues = 929                         
# units = specified
# name 0 = scan: Scan Count
# name 1 = prDM: Pressure, Digiquartz [db]
# name 2 = t090C: Temperature [ITS-90, deg C]
# name 3 = c0S/m: Conductivity [S/m]
# name 4 = sbeox0V: Oxygen raw, SBE 43 [V]
# name 5 = flECO-AFL: Fluorescence, WET Labs ECO-AFL/FL [mg/m^3]
# name 6 = upoly0: Upoly 0, Turbidity
# name 7 = xmiss: Beam Transmission, Chelsea/Seatech [%]
# name 8 = depSM: Depth [salt water, m], lat = 58.3283
# name 9 = sal00: Salinity, Practical [PSU]
# name 10 = sbeox0ML/L: Oxygen, SBE 43 [ml/l], WS = 2
# name 11 = flag: flag
# span 0 =          1,        929       
# span 1 =      2.015,     17.353       
# span 2 =     8.2197,    18.2965       
# span 3 =   3.116126,   3.335430       
# span 4 =     0.7366,     2.7550       
# span 5 =     0.0056,     0.0271       
# span 6 =  0.0964757,  0.0999362       
# span 7 =    75.3340,    91.5834       
# span 8 =      1.996,     17.191       
# span 9 =    23.6257,    29.5963       
# span 10 =     0.4895,     5.5388      
# span 11 = 0.0000e+00, 0.0000e+00      
# interval = seconds: 0.0416667
# start_time = Sep 08 2022 10:39:35 [NMEA time, header]
# bad_flag = -9.990e-29
*END*
[from data line 722]
        723     15.517     9.5327   3.130162     0.9675     0.0059  0.0965481    88.9112     15.372    28.5103     0.8082 0.0000e+00
        724     15.530     9.5057   3.129855     0.9643     0.0059  0.0965667    88.8838     15.385    28.5286     0.7993 0.0000e+00
        725     15.542     9.4787   3.129541     0.9611     0.0059  0.0965878    88.8474     15.397    28.5469     0.7906 0.0000e+00
        726     15.554     9.4518   3.129219     0.9579     0.0059  0.0966114    88.8023     15.409    28.5651     0.7820 0.0000e+00
        727     15.566     9.4250   3.128892     0.9547     0.0059  0.0966379    88.7490     15.421    28.5831     0.7735 0.0000e+00
        728     15.578     9.3984   3.128558     0.9515     0.0059  0.0966674    88.6887     15.433    28.6010     0.7651 0.0000e+00
        729     15.591     9.3719   3.128218     0.9484     0.0059  0.0967000    88.6219     15.446    28.6187     0.7571 0.0000e+00
        730     15.603     9.3455   3.127874     0.9452     0.0059  0.0967360    88.5489     15.457    28.6363     0.7489 0.0000e+00
        731     15.615     9.3193   3.127528     0.9421     0.0059  0.0967757    88.4693     15.469    28.6538     0.7412 0.0000e+00
        732     15.627     9.2933   3.127182     0.9389     0.0059  0.0968184    88.3821     15.481    28.6711     0.7332 0.0000e+00
        733     15.640     9.2675   3.126838     0.9358     0.0059  0.0968620    88.2863     15.494    28.6883     0.7256 0.0000e+00
        734     15.652     9.2419   3.126497     0.9327     0.0058  0.0969042    88.1805     15.506    28.7054     0.7182 0.0000e+00
        735     15.664     9.2168   3.126162     0.9296     0.0058  0.0969443    88.0629     15.518    28.7221     0.7109 0.0000e+00
        736     15.676     9.1921   3.125833     0.9265     0.0058  0.0969828    87.9326     15.530    28.7386     0.7037 0.0000e+00
        737     15.689     9.1678   3.125511     0.9234     0.0058  0.0970199    87.7910     15.543    28.7549     0.6966 0.0000e+00
        738     15.701     9.1440   3.125196     0.9203     0.0058  0.0970558    87.6414     15.554    28.7709     0.6896 0.0000e+00
        739     15.713     9.1207   3.124888     0.9173     0.0058  0.0970907    87.4869     15.566    28.7865     0.6830 0.0000e+00
        740     15.725     9.0978   3.124585     0.9143     0.0058  0.0971250    87.3291     15.578    28.8019     0.6765 0.0000e+00
        741     15.737     9.0752   3.124284     0.9112     0.0058  0.0971589    87.1675     15.590    28.8171     0.6698 0.0000e+00
        742     15.750     9.0529   3.123987     0.9082     0.0058  0.0971925    87.0009     15.603    28.8321     0.6635 0.0000e+00
        743     15.762     9.0311   3.123694     0.9053     0.0058  0.0972262    86.8272     15.615    28.8468     0.6576 0.0000e+00
        744     15.774     9.0097   3.123402     0.9023     0.0058  0.0972602    86.6443     15.627    28.8611     0.6514 0.0000e+00
        745     15.787     8.9888   3.123114     0.8993     0.0057  0.0972946    86.4497     15.640    28.8751     0.6454 0.0000e+00
        746     15.799     8.9683   3.122828     0.8964     0.0057  0.0973298    86.2403     15.652    28.8888     0.6397 0.0000e+00
        747     15.811     8.9481   3.122543     0.8935     0.0057  0.0973660    86.0136     15.663    28.9023     0.6341 0.0000e+00
        748     15.823     8.9283   3.122262     0.8906     0.0057  0.0974034    85.7688     15.675    28.9155     0.6286 0.0000e+00
        749     15.836     8.9090   3.121985     0.8877     0.0057  0.0974423    85.5081     15.688    28.9284     0.6232 0.0000e+00
        750     15.848     8.8899   3.121713     0.8849     0.0057  0.0974830    85.2356     15.700    28.9412     0.6181 0.0000e+00
        751     15.860     8.8713   3.121444     0.8821     0.0057  0.0975258    84.9558     15.712    28.9536     0.6131 0.0000e+00
        752     15.872     8.8529   3.121181     0.8793     0.0057  0.0975708    84.6727     15.724    28.9658     0.6081 0.0000e+00
        753     15.885     8.8348   3.120923     0.8765     0.0057  0.0976186    84.3891     15.737    28.9780     0.6032 0.0000e+00
        754     15.897     8.8169   3.120671     0.8737     0.0057  0.0976693    84.1065     15.749    28.9900     0.5984 0.0000e+00
        755     15.909     8.7992   3.120424     0.8710     0.0057  0.0977234    83.8260     15.761    29.0019     0.5939 0.0000e+00
        756     15.921     8.7819   3.120183     0.8682     0.0057  0.0977813    83.5486     15.772    29.0136     0.5893 0.0000e+00
        757     15.933     8.7648   3.119949     0.8655     0.0057  0.0978432    83.2754     15.784    29.0251     0.5849 0.0000e+00
        758     15.946     8.7481   3.119720     0.8629     0.0057  0.0979080    83.0070     15.797    29.0365     0.5808 0.0000e+00
        759     15.958     8.7317   3.119497     0.8602     0.0056  0.0979719    82.7421     15.809    29.0476     0.5766 0.0000e+00
        760     15.970     8.7156   3.119279     0.8576     0.0056  0.0980319    82.4783     15.821    29.0585     0.5726 0.0000e+00
        761     15.982     8.6999   3.119067     0.8549     0.0056  0.0980875    82.2147     15.833    29.0692     0.5684 0.0000e+00
        762     15.995     8.6845   3.118859     0.8524     0.0056  0.0981401    81.9496     15.846    29.0797     0.5649 0.0000e+00
        763     16.007     8.6695   3.118658     0.8498     0.0056  0.0981908    81.6784     15.858    29.0900     0.5610 0.0000e+00
        764     16.020     8.6550   3.118462     0.8472     0.0056  0.0982391    81.3950     15.870    29.0999     0.5572 0.0000e+00
        765     16.032     8.6409   3.118272     0.8447     0.0056  0.0982846    81.0965     15.882    29.1095     0.5538 0.0000e+00
        766     16.045     8.6273   3.118088     0.8422     0.0056  0.0983275    80.7830     15.895    29.1188     0.5504 0.0000e+00
        767     16.058     8.6141   3.117911     0.8398     0.0056  0.0983681    80.4555     15.908    29.1278     0.5472 0.0000e+00
        768     16.070     8.6013   3.117739     0.8373     0.0056  0.0984067    80.1170     15.920    29.1366     0.5439 0.0000e+00
        769     16.083     8.5889   3.117573     0.8349     0.0056  0.0984437    79.7722     15.933    29.1451     0.5409 0.0000e+00
        770     16.095     8.5769   3.117413     0.8325     0.0056  0.0984791    79.4259     15.945    29.1533     0.5378 0.0000e+00
        771     16.108     8.5654   3.117260     0.8301     0.0056  0.0985134    79.0826     15.958    29.1612     0.5348 0.0000e+00
        772     16.121     8.5543   3.117115     0.8277     0.0056  0.0985467    78.7466     15.971    29.1688     0.5318 0.0000e+00
        773     16.133     8.5435   3.116978     0.8254     0.0056  0.0985792    78.4217     15.982    29.1763     0.5292 0.0000e+00
        774     16.146     8.5332   3.116850     0.8231     0.0056  0.0986112    78.1114     15.995    29.1835     0.5265 0.0000e+00
        775     16.159     8.5233   3.116730     0.8208     0.0056  0.0986430    77.8197     16.008    29.1905     0.5239 0.0000e+00
        776     16.172     8.5137   3.116622     0.8185     0.0057  0.0986746    77.5484     16.021    29.1973     0.5213 0.0000e+00
        777     16.185     8.5045   3.116523     0.8163     0.0057  0.0987064    77.2947     16.034    29.2038     0.5190 0.0000e+00
        778     16.198     8.4955   3.116434     0.8141     0.0057  0.0987386    77.0555     16.047    29.2104     0.5168 0.0000e+00
        779     16.210     8.4869   3.116357     0.8119     0.0057  0.0987714    76.8321     16.059    29.2167     0.5145 0.0000e+00
        780     16.223     8.4786   3.116291     0.8098     0.0057  0.0988050    76.6277     16.072    29.2229     0.5126 0.0000e+00
        781     16.236     8.4705   3.116236     0.8076     0.0057  0.0988397    76.4423     16.084    29.2290     0.5104 0.0000e+00
        782     16.248     8.4628   3.116193     0.8055     0.0057  0.0988756    76.2757     16.096    29.2349     0.5084 0.0000e+00
        783     16.261     8.4552   3.116160     0.8034     0.0057  0.0989123    76.1305     16.109    29.2409     0.5065 0.0000e+00
        784     16.274     8.4478   3.116137     0.8013     0.0057  0.0989473    76.0091     16.122    29.2467     0.5046 0.0000e+00
        785     16.287     8.4406   3.116126     0.7993     0.0058  0.0989785    75.9117     16.135    29.2526     0.5030 0.0000e+00
        786     16.300     8.4335   3.116127     0.7973     0.0058  0.0990051    75.8384     16.148    29.2585     0.5014 0.0000e+00
        787     16.313     8.4266   3.116137     0.7953     0.0058  0.0990274    75.7927     16.161    29.2643     0.4998 0.0000e+00
        788     16.326     8.4198   3.116159     0.7933     0.0058  0.0990455    75.7774     16.174    29.2702     0.4983 0.0000e+00
        789     16.339     8.4131   3.116191     0.7914     0.0058  0.0990595    75.7898     16.187    29.2761     0.4970 0.0000e+00
        790     16.352     8.4066   3.116234     0.7895     0.0058  0.0990695    75.8216     16.199    29.2819     0.4957 0.0000e+00
        791     16.365     8.4001   3.116287     0.7876     0.0058  0.0990757    75.8629     16.212    29.2879     0.4945 0.0000e+00
        792     16.378     8.3938   3.116351     0.7857     0.0058  0.0990780    75.9063     16.225    29.2938     0.4934 0.0000e+00
        793     16.390     8.3875   3.116424     0.7839     0.0058  0.0990764    75.9504     16.237    29.2997     0.4926 0.0000e+00
        794     16.403     8.3812   3.116506     0.7820     0.0058  0.0990710    75.9978     16.250    29.3058     0.4915 0.0000e+00
        795     16.416     8.3751   3.116598     0.7803     0.0059  0.0990618    76.0515     16.263    29.3119     0.4911 0.0000e+00
        796     16.429     8.3690   3.116699     0.7785     0.0059  0.0990485    76.1142     16.276    29.3180     0.4904 0.0000e+00
        797     16.442     8.3629   3.116808     0.7767     0.0059  0.0990312    76.1883     16.289    29.3242     0.4898 0.0000e+00
        798     16.455     8.3569   3.116928     0.7750     0.0059  0.0990098    76.2737     16.301    29.3304     0.4896 0.0000e+00
        799     16.468     8.3510   3.117055     0.7733     0.0059  0.0989840    76.3664     16.314    29.3366     0.4895 0.0000e+00
        800     16.481     8.3452   3.117192     0.7717     0.0059  0.0989538    76.4611     16.327    29.3429     0.4897 0.0000e+00
        801     16.494     8.3395   3.117339     0.7700     0.0059  0.0989188    76.5533     16.340    29.3492     0.4897 0.0000e+00
        802     16.507     8.3340   3.117496     0.7684     0.0059  0.0988789    76.6401     16.353    29.3554     0.4902 0.0000e+00
        803     16.520     8.3287   3.117663     0.7668     0.0060  0.0988338    76.7180     16.366    29.3615     0.4908 0.0000e+00
        804     16.533     8.3235   3.117839     0.7652     0.0060  0.0987831    76.7842     16.379    29.3677     0.4916 0.0000e+00
        805     16.546     8.3186   3.118025     0.7637     0.0060  0.0987265    76.8406     16.392    29.3737     0.4928 0.0000e+00
        806     16.559     8.3138   3.118219     0.7621     0.0060  0.0986637    76.8956     16.404    29.3797     0.4940 0.0000e+00
        807     16.572     8.3092   3.118422     0.7606     0.0060  0.0985941    76.9592     16.417    29.3857     0.4956 0.0000e+00
        808     16.586     8.3048   3.118633     0.7591     0.0060  0.0985182    77.0378     16.431    29.3916     0.4974 0.0000e+00
        809     16.599     8.3005   3.118851     0.7577     0.0061  0.0984396    77.1327     16.444    29.3974     0.4998 0.0000e+00
        810     16.612     8.2965   3.119077     0.7563     0.0061  0.0983638    77.2417     16.457    29.4031     0.5016 0.0000e+00
        811     16.625     8.2926   3.119309     0.7549     0.0061  0.0982928    77.3606     16.470    29.4088     0.4971 0.0000e+00
        812     16.638     8.2889   3.119545     0.7535     0.0061  0.0982261    77.4877     16.483    29.4143     0.4990 0.0000e+00
        813     16.651     8.2854   3.119787     0.7522     0.0061  0.0981631    77.6244     16.496    29.4198     0.4947 0.0000e+00
        814     16.664     8.2821   3.120034     0.7509     0.0061  0.0981036    77.7730     16.508    29.4251     0.4971 0.0000e+00
        815     16.677     8.2789   3.120283     0.7497     0.0062  0.0980471    77.9348     16.521    29.4304     0.4932 0.0000e+00
        816     16.690     8.2758   3.120536     0.7485     0.0062  0.0979931    78.1102     16.534    29.4356     0.4961 0.0000e+00
        817     16.704     8.2730   3.120793     0.7473     0.0062  0.0979413    78.2982     16.548    29.4406     0.4920 0.0000e+00
        818     16.717     8.2702   3.121052     0.7462     0.0062  0.0978914    78.4965     16.561    29.4457     0.4955 0.0000e+00
        819     16.730     8.2676   3.121312     0.7451     0.0063  0.0978430    78.7026     16.574    29.4505     0.4917 0.0000e+00
        820     16.743     8.2651   3.121576     0.7441     0.0063  0.0977957    78.9152     16.587    29.4554     0.4957 0.0000e+00
        821     16.755     8.2626   3.121842     0.7431     0.0063  0.0977492    79.1321     16.599    29.4602     0.4922 0.0000e+00
        822     16.768     8.2603   3.122111     0.7422     0.0064  0.0977033    79.3519     16.611    29.4650     0.4967 0.0000e+00
        823     16.781     8.2580   3.122382     0.7413     0.0064  0.0976575    79.5759     16.624    29.4697     0.4935 0.0000e+00
        824     16.794     8.2559   3.122656     0.7405     0.0065  0.0976117    79.8054     16.637    29.4743     0.4986 0.0000e+00
        825     16.807     8.2537   3.122930     0.7397     0.0065  0.0975653    80.0395     16.650    29.4790     0.4957 0.0000e+00
        826     16.819     8.2516   3.123207     0.7391     0.0066  0.0975182    80.2764     16.662    29.4837     0.5018 0.0000e+00
        827     16.832     8.2496   3.123486     0.7384     0.0066  0.0974700    80.5173     16.675    29.4883     0.4992 0.0000e+00
        828     16.845     8.2475   3.123765     0.7379     0.0067  0.0974204    80.7648     16.688    29.4929     0.5060 0.0000e+00
        829     16.857     8.2456   3.124044     0.7375     0.0068  0.0973689    81.0199     16.700    29.4974     0.5043 0.0000e+00
        830     16.869     8.2436   3.124322     0.7371     0.0068  0.0973154    81.2807     16.712    29.5020     0.5118 0.0000e+00
        831     16.882     8.2417   3.124601     0.7368     0.0069  0.0972593    81.5440     16.724    29.5065     0.5104 0.0000e+00
        832     16.894     8.2398   3.124878     0.7367     0.0070  0.0972003    81.8064     16.736    29.5110     0.5192 0.0000e+00
        833     16.906     8.2379   3.125154     0.7366     0.0071  0.0971380    82.0631     16.748    29.5155     0.5183 0.0000e+00
        834     16.918     8.2361   3.125428 -9.990e-29     0.0072  0.0970737    82.3083     16.760    29.5198 -9.990e-29 0.0000e+00
        835     16.930     8.2344   3.125702 -9.990e-29     0.0073  0.0970111    82.5350     16.772    29.5241 -9.990e-29 0.0000e+00
        836     16.942     8.2328   3.125973 -9.990e-29     0.0074  0.0969533    82.7382     16.784    29.5283 -9.990e-29 0.0000e+00
        837     16.954     8.2312   3.126243 -9.990e-29     0.0075  0.0969006    82.9187     16.796    29.5324 -9.990e-29 0.0000e+00
        838     16.966     8.2297   3.126511 -9.990e-29     0.0076  0.0968527    83.0837     16.808    29.5365 -9.990e-29 0.0000e+00
        839     16.977     8.2283   3.126777 -9.990e-29     0.0077  0.0968092    83.2412     16.819    29.5405 -9.990e-29 0.0000e+00
        840     16.989     8.2270   3.127042 -9.990e-29     0.0078  0.0967699    83.3964     16.830    29.5443 -9.990e-29 0.0000e+00
        841     17.001     8.2258   3.127303 -9.990e-29     0.0079  0.0967345    83.5505     16.842    29.5480 -9.990e-29 0.0000e+00
        842     17.012     8.2247   3.127562 -9.990e-29     0.0080  0.0967028    83.7011     16.853    29.5517 -9.990e-29 0.0000e+00
