data/2022/thursday_data/Station H3,1.cnv
* Sea-Bird SBE 9 Data File:
* FileName = C:\Users\ctd-user\Desktop\CTD data\MAR440 Sept 2022\Day2\Station H3,1.hex
* Software Version Seasave V 7.26.2.13
* Temperature SN = 4493
* Conductivity SN = 1899
* Number of Bytes Per Scan = 37
* Number of Voltage Words = 4
* Number of Scans Averaged by the Deck Unit = 1
* NMEA Latitude = 58 18.76 N
* NMEA Longitude = 011 46.05 E
* NMEA UTC (Time) = Sep 08 2022 13:04:40
* NMEA baud rate = 4800
** Ship:
** Station:
** Operator:
# nquan = 12                                
# nvalues = 2223                        
# units = specified
# name 0 = scan: Scan Count
# name 1 = prDM: Pressure, Digiquartz [db]
# name 2 = t090C: Temperature [ITS-90, deg C]
# name 3 = c0S/m: Conductivity [S/m]
# name 4 = sbeox0V: Oxygen raw, SBE 43 [V]
# name 5 = flECO-AFL: Fluorescence, WET Labs ECO-AFL/FL [mg/m^3]
# name 6 = upoly0: Upoly 0, Turbidity
# name 7 = xmiss: Beam Transmission, Chelsea/Seatech [%]
# name 8 = depSM: Depth [salt water, m], lat = 58.3127
# name 9 = sal00: Salinity, Practical [PSU]
# name 10 = sbeox0ML/L: Oxygen, SBE 43 [ml/l], WS = 2
# name 11 = flag: flag
# span 0 =          1,       2223       
# span 1 =      1.209,     39.499       
# span 2 =     6.2272,    18.5693       
# span 3 =   3.124843,   3.428508       
# span 4 =     0.5825,     2.7635       
# span 5 =     0.0026,     0.0195       
# span 6 =  0.0944319,  0.1118352       
# span 7 =    83.1145,    95.0892       
# span 8 =      1.198,     39.128       
# span 9 =    23.8455,    31.3647       
# span 10 =     0.2192,     5.5143      
# span 11 = 0.0000e+00, 0.0000e+00      
# interval = seconds: 0.0416667
# start_time = Sep 08 2022 13:04:40 [NMEA time, header]
# bad_flag = -9.990e-29
*END*
[from data line 1925]
       1926     38.162     6.3365   3.136994     0.6219     0.0027  0.1074690    84.5894     37.804    31.3036     0.3130 0.0000e+00
       1927     38.166     6.3358   3.136986     0.6217     0.0027  0.1074698    84.6031     37.808    31.3041     0.3118 0.0000e+00
       1928     38.170     6.3351   3.136977     0.6215     0.0027  0.1074708    84.6163     37.812    31.3047     0.3107 0.0000e+00
       1929     38.174     6.3343   3.136967     0.6212     0.0027  0.1074719    84.6289     37.816    31.3053     0.3093 0.0000e+00
       1930     38.178     6.3334   3.136957     0.6210     0.0027  0.1074732    84.6409     37.820    31.3060     0.3082 0.0000e+00
       1931     38.183     6.3323   3.136946     0.6208     0.0027  0.1074748    84.6523     37.825    31.3069     0.3070 0.0000e+00
       1932     38.187     6.3312   3.136933     0.6205     0.0027  0.1074765    84.6636     37.829    31.3078     0.3056 0.0000e+00
       1933     38.191     6.3301   3.136919     0.6203     0.0027  0.1074785    84.6747     37.833    31.3086     0.3045 0.0000e+00
       1934     38.195     6.3289   3.136906     0.6201     0.0027  0.1074807    84.6855     37.837    31.3096     0.3035 0.0000e+00
       1935     38.199     6.3277   3.136890     0.6198     0.0027  0.1074832    84.6959     37.841    31.3105     0.3021 0.0000e+00
       1936     38.203     6.3266   3.136874     0.6196     0.0027  0.1074859    84.7057     37.844    31.3113     0.3011 0.0000e+00
       1937     38.207     6.3253   3.136856     0.6193     0.0027  0.1074890    84.7145     37.848    31.3123     0.2997 0.0000e+00
       1938     38.211     6.3239   3.136837     0.6191     0.0027  0.1074923    84.7222     37.852    31.3134     0.2987 0.0000e+00
       1939     38.215     6.3223   3.136816     0.6188     0.0027  0.1074960    84.7291     37.856    31.3146     0.2974 0.0000e+00
       1940     38.219     6.3206   3.136794     0.6186     0.0027  0.1075000    84.7352     37.860    31.3160     0.2965 0.0000e+00
       1941     38.223     6.3188   3.136771     0.6183     0.0027  0.1075044    84.7409     37.864    31.3174     0.2952 0.0000e+00
       1942     38.227     6.3169   3.136747     0.6181     0.0027  0.1075092    84.7462     37.868    31.3188     0.2943 0.0000e+00
       1943     38.232     6.3149   3.136720     0.6178     0.0027  0.1075145    84.7514     37.873    31.3204     0.2931 0.0000e+00
       1944     38.236     6.3128   3.136693     0.6176     0.0027  0.1075203    84.7570     37.877    31.3220     0.2922 0.0000e+00
       1945     38.240     6.3107   3.136662     0.6173     0.0027  0.1075266    84.7634     37.881    31.3236     0.2910 0.0000e+00
       1946     38.244     6.3085   3.136631     0.6171     0.0027  0.1075335    84.7704     37.885    31.3253     0.2901 0.0000e+00
       1947     38.248     6.3064   3.136598     0.6168     0.0027  0.1075409    84.7776     37.889    31.3268     0.2890 0.0000e+00
       1948     38.252     6.3042   3.136564     0.6165     0.0027  0.1075491    84.7848     37.893    31.3285     0.2879 0.0000e+00
       1949     38.257     6.3020   3.136527     0.6163     0.0027  0.1075580    84.7920     37.898    31.3301     0.2871 0.0000e+00
       1950     38.261     6.2999   3.136490     0.6160     0.0027  0.1075677    84.7989     37.902    31.3316     0.2860 0.0000e+00
       1951     38.265     6.2979   3.136452     0.6157     0.0027  0.1075782    84.8052     37.906    31.3330     0.2849 0.0000e+00
       1952     38.269     6.2959   3.136413     0.6155     0.0027  0.1075897    84.8109     37.910    31.3345     0.2842 0.0000e+00
       1953     38.273     6.2940   3.136374     0.6152     0.0027  0.1076022    84.8160     37.914    31.3358     0.2832 0.0000e+00
       1954     38.277     6.2921   3.136332     0.6149     0.0027  0.1076157    84.8207     37.918    31.3370     0.2823 0.0000e+00
       1955     38.281     6.2903   3.136290     0.6146     0.0027  0.1076305    84.8253     37.922    31.3382     0.2813 0.0000e+00
       1956     38.285     6.2885   3.136246     0.6144     0.0027  0.1076466    84.8301     37.926    31.3394     0.2806 0.0000e+00
       1957     38.289     6.2867   3.136200     0.6141     0.0027  0.1076640    84.8351     37.930    31.3406     0.2797 0.0000e+00
       1958     38.294     6.2848   3.136155     0.6139     0.0027  0.1076830    84.8397     37.935    31.3418     0.2791 0.0000e+00
       1959     38.298     6.2830   3.136108     0.6136     0.0027  0.1077037    84.8433     37.939    31.3429     0.2782 0.0000e+00
       1960     38.302     6.2811   3.136060     0.6133     0.0028  0.1077261    84.8460     37.943    31.3442     0.2773 0.0000e+00
       1961     38.306     6.2792   3.136012     0.6131     0.0028  0.1077514    84.8477     37.947    31.3454     0.2767 0.0000e+00
       1962     38.310     6.2774   3.135965     0.6128     0.0028  0.1077805    84.8484     37.950    31.3465     0.2759 0.0000e+00
       1963     38.315     6.2757   3.135917     0.6125     0.0028  0.1078128    84.8485     37.955    31.3475     0.2750 0.0000e+00
       1964     38.319     6.2741   3.135870     0.6123     0.0028  0.1078477    84.8486     37.959    31.3485     0.2745 0.0000e+00
       1965     38.323     6.2726   3.135823     0.6120     0.0028  0.1078845    84.8491     37.963    31.3494     0.2736 0.0000e+00
       1966     38.328     6.2712   3.135777     0.6117     0.0028  0.1079210    84.8499     37.968    31.3501     0.2728 0.0000e+00
       1967     38.332     6.2700   3.135732     0.6115     0.0028  0.1079548    84.8507     37.972    31.3507     0.2722 0.0000e+00
       1968     38.336     6.2689   3.135687     0.6112     0.0028  0.1079854    84.8513     37.976    31.3513     0.2714 0.0000e+00
       1969     38.340     6.2679   3.135642     0.6110     0.0028  0.1080130    84.8517     37.980    31.3517     0.2709 0.0000e+00
       1970     38.345     6.2670   3.135599     0.6107     0.0028  0.1080377    84.8517     37.985    31.3520     0.2700 0.0000e+00
       1971     38.349     6.2662   3.135556     0.6105     0.0028  0.1080598    84.8512     37.989    31.3523     0.2695 0.0000e+00
       1972     38.353     6.2654   3.135514     0.6102     0.0028  0.1080793    84.8497     37.993    31.3526     0.2686 0.0000e+00
       1973     38.357     6.2646   3.135473     0.6099     0.0028  0.1080965    84.8471     37.997    31.3528     0.2678 0.0000e+00
       1974     38.362     6.2639   3.135433     0.6097     0.0028  0.1081114    84.8436     38.002    31.3530     0.2673 0.0000e+00
       1975     38.366     6.2632   3.135394     0.6094     0.0028  0.1081242    84.8390     38.006    31.3533     0.2664 0.0000e+00
       1976     38.370     6.2625   3.135356     0.6092     0.0028  0.1081348    84.8331     38.010    31.3535     0.2659 0.0000e+00
       1977     38.375     6.2618   3.135319     0.6089     0.0028  0.1081435    84.8255     38.015    31.3537     0.2650 0.0000e+00
       1978     38.379     6.2612   3.135285     0.6087     0.0028  0.1081503    84.8163     38.019    31.3539     0.2645 0.0000e+00
       1979     38.383     6.2605   3.135250     0.6084     0.0028  0.1081552    84.8057     38.023    31.3541     0.2636 0.0000e+00
       1980     38.388     6.2599   3.135217     0.6082     0.0028  0.1081582    84.7933     38.028    31.3543     0.2630 0.0000e+00
       1981     38.392     6.2592   3.135184     0.6079     0.0028  0.1081594    84.7791     38.032    31.3546     0.2621 0.0000e+00
       1982     38.396     6.2587   3.135154     0.6077     0.0028  0.1081588    84.7629     38.036    31.3547     0.2615 0.0000e+00
       1983     38.400     6.2581   3.135123     0.6074     0.0028  0.1081564    84.7443     38.040    31.3549     0.2606 0.0000e+00
       1984     38.405     6.2576   3.135095     0.6072     0.0028  0.1081521    84.7232     38.045    31.3551     0.2601 0.0000e+00
       1985     38.409     6.2571   3.135067     0.6070     0.0028  0.1081459    84.6991     38.049    31.3552     0.2595 0.0000e+00
       1986     38.413     6.2566   3.135041     0.6067     0.0028  0.1081378    84.6718     38.053    31.3554     0.2586 0.0000e+00
       1987     38.418     6.2562   3.135014     0.6065     0.0028  0.1081278    84.6414     38.057    31.3555     0.2580 0.0000e+00
       1988     38.422     6.2557   3.134989     0.6062     0.0028  0.1081157    84.6080     38.061    31.3557     0.2571 0.0000e+00
       1989     38.427     6.2554   3.134964     0.6059     0.0028  0.1081015    84.5716     38.066    31.3557     0.2563 0.0000e+00
       1990     38.431     6.2551   3.134941     0.6057     0.0028  0.1080859    84.5321     38.070    31.3557     0.2557 0.0000e+00
       1991     38.435     6.2548   3.134917     0.6054     0.0028  0.1080705    84.4893     38.074    31.3557     0.2548 0.0000e+00
       1992     38.440     6.2545   3.134895     0.6052     0.0028  0.1080561    84.4428     38.079    31.3557     0.2542 0.0000e+00
       1993     38.444     6.2542   3.134872     0.6049     0.0028  0.1080425    84.3921     38.083    31.3557     0.2533 0.0000e+00
       1994     38.448     6.2540   3.134850     0.6046     0.0028  0.1080298    84.3367     38.087    31.3557     0.2524 0.0000e+00
       1995     38.453     6.2537   3.134827     0.6044     0.0028  0.1080176    84.2762     38.092    31.3557     0.2519 0.0000e+00
       1996     38.457     6.2534   3.134806     0.6041     0.0028  0.1080069    84.2104     38.096    31.3557     0.2510 0.0000e+00
       1997     38.461     6.2532   3.134785     0.6039     0.0028  0.1079985    84.1397     38.100    31.3557     0.2504 0.0000e+00
       1998     38.466     6.2530   3.134764     0.6036     0.0028  0.1079913    84.0663     38.105    31.3556     0.2495 0.0000e+00
       1999     38.470     6.2528   3.134743     0.6034     0.0028  0.1079846    83.9936     38.109    31.3556     0.2490 0.0000e+00
       2000     38.475     6.2524   3.134721     0.6031     0.0028  0.1079782    83.9240     38.114    31.3557     0.2481 0.0000e+00
       2001     38.479     6.2519   3.134700     0.6028     0.0028  0.1079721    83.8585     38.118    31.3559     0.2473 0.0000e+00
       2002     38.484     6.2513   3.134677     0.6026     0.0028  0.1079663    83.7968     38.123    31.3562     0.2468 0.0000e+00
       2003     38.488     6.2506   3.134655     0.6023     0.0028  0.1079607    83.7374     38.127    31.3566     0.2460 0.0000e+00
       2004     38.493     6.2499   3.134632     0.6021     0.0028  0.1079554    83.6777     38.132    31.3570     0.2454 0.0000e+00
       2005     38.497     6.2492   3.134610     0.6018     0.0028  0.1079501    83.6148     38.136    31.3574     0.2447 0.0000e+00
       2006     38.502     6.2484   3.134589     0.6016     0.0028  0.1079450    83.5466     38.141    31.3579     0.2442 0.0000e+00
       2007     38.506     6.2477   3.134568     0.6013     0.0028  0.1079400    83.4725     38.145    31.3583     0.2434 0.0000e+00
       2008     38.510     6.2470   3.134547     0.6011     0.0028  0.1079351    83.3935     38.149    31.3587     0.2429 0.0000e+00
       2009     38.515     6.2463   3.134527     0.6008     0.0028  0.1079301    83.3131     38.154    31.3592     0.2422 0.0000e+00
       2010     38.519     6.2457   3.134507     0.6006     0.0027  0.1079251    83.2374     38.157    31.3595     0.2418 0.0000e+00
       2011     38.524     6.2450   3.134486     0.6003     0.0027  0.1079201    83.1745     38.162    31.3599     0.2410 0.0000e+00
       2012     38.528     6.2444   3.134465     0.6001     0.0027  0.1079150    83.1318     38.166    31.3602     0.2407 0.0000e+00
       2013     38.533     6.2439   3.134444     0.5999     0.0027  0.1079098    83.1145     38.171    31.3605     0.2403 0.0000e+00
       2014     38.537     6.2434   3.134423     0.5996     0.0027  0.1079044    83.1233     38.175    31.3607     0.2396 0.0000e+00
       2015     38.542     6.2429   3.134400     0.5994     0.0027  0.1078988    83.1552     38.180    31.3609     0.2392 0.0000e+00
       2016     38.546     6.2424   3.134378     0.5991     0.0027  0.1078930    83.2049     38.184    31.3611     0.2386 0.0000e+00
       2017     38.551     6.2419   3.134356     0.5989     0.0027  0.1078869    83.2671     38.189    31.3613     0.2383 0.0000e+00
       2018     38.555     6.2414   3.134334     0.5986     0.0027  0.1078805    83.3367     38.193    31.3615     0.2376 0.0000e+00
       2019     38.560     6.2410   3.134312     0.5984     0.0027  0.1078737    83.4098     38.198    31.3617     0.2373 0.0000e+00
       2020     38.564     6.2405   3.134291     0.5981     0.0027  0.1078665    83.4832     38.202    31.3619     0.2366 0.0000e+00
       2021     38.569     6.2402   3.134270     0.5979     0.0027  0.1078597    83.5555     38.207    31.3619     0.2363 0.0000e+00
       2022     38.574     6.2398   3.134249     0.5977     0.0027  0.1078540    83.6256     38.212    31.3621     0.2360 0.0000e+00
       2023     38.578     6.2394   3.134229     0.5975     0.0027  0.1078487    83.6924     38.216    31.3622     0.2357 0.0000e+00
       2024     38.583     6.2391   3.134210     0.5972     0.0027  0.1078437    83.7550     38.221    31.3623     0.2351 0.0000e+00
       2025     38.588     6.2387   3.134191     0.5970     0.0027  0.1078397    83.8132     38.226    31.3624     0.2347 0.0000e+00
       2026     38.592     6.2384   3.134172     0.5968     0.0027  0.1078359    83.8672     38.230    31.3625     0.2344 0.0000e+00
       2027     38.597     6.2381   3.134153     0.5966     0.0027  0.1078315    83.9174     38.235    31.3625     0.2341 0.0000e+00
       2028     38.602     6.2378   3.134136     0.5963     0.0027  0.1078263    83.9636     38.240    31.3626     0.2334 0.0000e+00
       2029     38.606     6.2375   3.134118     0.5961     0.0027  0.1078204    84.0057     38.244    31.3627     0.2331 0.0000e+00
       2030     38.611     6.2373   3.134101     0.5959     0.0027  0.1078138    84.0441     38.249    31.3627     0.2328 0.0000e+00
       2031     38.616     6.2372   3.134085     0.5957     0.0027  0.1078063    84.0794     38.254    31.3626     0.2325 0.0000e+00
       2032     38.620     6.2370   3.134067     0.5954     0.0027  0.1077979    84.1124     38.258    31.3626     0.2319 0.0000e+00
       2033     38.625     6.2369   3.134051     0.5952     0.0027  0.1077886    84.1440     38.262    31.3625     0.2316 0.0000e+00
       2034     38.630     6.2367   3.134035     0.5950     0.0027  0.1077782    84.1748     38.267    31.3625     0.2312 0.0000e+00
       2035     38.635     6.2365   3.134019     0.5948     0.0027  0.1077668    84.2048     38.272    31.3625     0.2309 0.0000e+00
       2036     38.640     6.2364   3.134004     0.5946     0.0027  0.1077543    84.2337     38.277    31.3624     0.2306 0.0000e+00
       2037     38.645     6.2362   3.133987     0.5944     0.0027  0.1077405    84.2610     38.282    31.3624     0.2303 0.0000e+00
       2038     38.650     6.2361   3.133972     0.5942     0.0027  0.1077253    84.2862     38.287    31.3624     0.2301 0.0000e+00
       2039     38.654     6.2359   3.133957     0.5940     0.0027  0.1077088    84.3097     38.291    31.3624     0.2298 0.0000e+00
       2040     38.659     6.2358   3.133942     0.5938     0.0027  0.1076906    84.3318     38.296    31.3623     0.2295 0.0000e+00
       2041     38.664     6.2357   3.133928     0.5936     0.0027  0.1076717    84.3530     38.301    31.3622     0.2292 0.0000e+00
       2042     38.668     6.2356   3.133914     0.5934     0.0027  0.1076534    84.3732     38.305    31.3622     0.2290 0.0000e+00
       2043     38.673     6.2355   3.133901     0.5932     0.0027  0.1076366    84.3919     38.310    31.3621     0.2286 0.0000e+00
       2044     38.678     6.2354   3.133888     0.5930     0.0027  0.1076212    84.4092     38.315    31.3621     0.2284 0.0000e+00
       2045     38.682     6.2353   3.133875     0.5928     0.0027  0.1076070    84.4251     38.319    31.3620     0.2280 0.0000e+00
