data/2022/thursday_data/Station H3,1.cnv
* Sea-Bird SBE 9 Data File:
* FileName = C:\Users\ctd-user\Desktop\CTD data\MAR440 Sept 2022\Day2\Station H3,1.hex
* Software Version Seasave V 7.26.2.13
* Temperature SN = 4493
* Conductivity SN = 1899
* Number of Bytes Per Scan = 37
* Number of Voltage Words = 4
* Number of Scans Averaged by the Deck Unit = 1
* NMEA Latitude = 58 18.76 N
* NMEA Longitude = 011 46.05 E
* NMEA UTC (Time) = Sep 08 2022 13:04:40
* NMEA baud rate = 4800
** Ship:
** Station:
** Operator:
# nquan = 12                                
# nvalues = 2223                        
# units = specified
# name 0 = scan: Scan Count
# name 1 = prDM: Pressure, Digiquartz [db]
# name 2 = t090C: Temperature [ITS-90, deg C]
# name 3 = c0S/m: Conductivity [S/m]
# name 4 = sbeox0V: Oxygen raw, SBE 43 [V]
# name 5 = flECO-AFL: Fluorescence, WET Labs ECO-AFL/FL [mg/m^3]
# name 6 = upoly0: Upoly 0, Turbidity
# name 7 = xmiss: Beam Transmission, Chelsea/Seatech [%]
# name 8 = depSM: Depth [salt water, m], lat = 58.3127
# name 9 = sal00: Salinity, Practical [PSU]
# name 10 = sbeox0ML/L: Oxygen, SBE 43 [ml/l], WS = 2
# name 11 = flag: flag
# span 0 =          1,       2223       
# span 1 =      1.209,     39.499       
# span 2 =     6.2272,    18.5693       
# span 3 =   3.124843,   3.428508       
# span 4 =     0.5825,     2.7635       
# span 5 =     0.0026,     0.0195       
# span 6 =  0.0944319,  0.1118352       
# span 7 =    83.1145,    95.0892       
# span 8 =      1.198,     39.128       
# span 9 =    23.8455,    31.3647       
# span 10 =     0.2192,     5.5143      
# span 11 = 0.0000e+00, 0.0000e+00      
# interval = seconds: 0.0416667
# start_time = Sep 08 2022 13:04:40 [NMEA time, header]
# bad_flag = -9.990e-29
*END*
[from data line 1083]
       1084     24.459     8.4743   3.220759     1.1570     0.0027  0.0950151    95.0836     24.230    30.3087     1.5048 0.0000e+00
       1085     24.482     8.4486   3.219221     1.1548     0.0027  0.0950383    95.0867     24.253    30.3147     1.4971 0.0000e+00
       1086     24.504     8.4231   3.217690     1.1525     0.0027  0.0950636    95.0886     24.275    30.3207     1.4891 0.0000e+00
       1087     24.526     8.3977   3.216164     1.1502     0.0027  0.0950910    95.0892     24.297    30.3266     1.4812 0.0000e+00
       1088     24.548     8.3726   3.214644     1.1479     0.0027  0.0951209    95.0881     24.318    30.3323     1.4733 0.0000e+00
       1089     24.570     8.3478   3.213133     1.1457     0.0027  0.0951534    95.0850     24.340    30.3379     1.4657 0.0000e+00
       1090     24.592     8.3233   3.211629     1.1434     0.0027  0.0951887    95.0798     24.362    30.3433     1.4578 0.0000e+00
       1091     24.614     8.2991   3.210134     1.1411     0.0027  0.0952271    95.0723     24.384    30.3485     1.4499 0.0000e+00
       1092     24.636     8.2753   3.208647     1.1388     0.0027  0.0952688    95.0628     24.406    30.3534     1.4419 0.0000e+00
       1093     24.658     8.2520   3.207169     1.1365     0.0027  0.0953142    95.0509     24.427    30.3581     1.4340 0.0000e+00
       1094     24.680     8.2291   3.205702     1.1342     0.0027  0.0953636    95.0364     24.449    30.3625     1.4261 0.0000e+00
       1095     24.702     8.2066   3.204245     1.1318     0.0027  0.0954172    95.0191     24.471    30.3666     1.4179 0.0000e+00
       1096     24.725     8.1846   3.202798     1.1295     0.0027  0.0954755    94.9991     24.494    30.3704     1.4099 0.0000e+00
       1097     24.747     8.1631   3.201365     1.1272     0.0027  0.0955380    94.9764     24.516    30.3740     1.4020 0.0000e+00
       1098     24.769     8.1421   3.199946     1.1248     0.0027  0.0956027    94.9511     24.537    30.3772     1.3937 0.0000e+00
       1099     24.791     8.1217   3.198540     1.1225     0.0027  0.0956665    94.9235     24.559    30.3801     1.3858 0.0000e+00
       1100     24.813     8.1018   3.197151     1.1201     0.0027  0.0957273    94.8937     24.581    30.3827     1.3775 0.0000e+00
       1101     24.835     8.0823   3.195779     1.1177     0.0027  0.0957848    94.8619     24.603    30.3852     1.3693 0.0000e+00
       1102     24.858     8.0633   3.194424     1.1153     0.0027  0.0958394    94.8285     24.626    30.3874     1.3611 0.0000e+00
       1103     24.880     8.0448   3.193089     1.1129     0.0027  0.0958913    94.7940     24.647    30.3894     1.3528 0.0000e+00
       1104     24.902     8.0266   3.191772     1.1105     0.0027  0.0959410    94.7586     24.669    30.3913     1.3446 0.0000e+00
       1105     24.924     8.0088   3.190478     1.1081     0.0027  0.0959889    94.7222     24.691    30.3931     1.3363 0.0000e+00
       1106     24.946     7.9914   3.189205     1.1057     0.0027  0.0960352    94.6843     24.713    30.3947     1.3281 0.0000e+00
       1107     24.968     7.9742   3.187956     1.1032     0.0027  0.0960802    94.6451     24.734    30.3965     1.3197 0.0000e+00
       1108     24.991     7.9573   3.186730     1.1008     0.0027  0.0961244    94.6049     24.757    30.3982     1.3116 0.0000e+00
       1109     25.013     7.9406   3.185529     1.0983     0.0027  0.0961679    94.5636     24.779    30.4000     1.3032 0.0000e+00
       1110     25.035     7.9241   3.184351     1.0959     0.0027  0.0962112    94.5211     24.801    30.4019     1.2951 0.0000e+00
       1111     25.057     7.9077   3.183199     1.0934     0.0027  0.0962544    94.4774     24.823    30.4040     1.2868 0.0000e+00
       1112     25.079     7.8914   3.182071     1.0910     0.0027  0.0962980    94.4322     24.844    30.4062     1.2788 0.0000e+00
       1113     25.102     7.8752   3.180966     1.0885     0.0027  0.0963421    94.3856     24.867    30.4086     1.2706 0.0000e+00
       1114     25.124     7.8590   3.179885     1.0860     0.0027  0.0963872    94.3380     24.889    30.4113     1.2625 0.0000e+00
       1115     25.146     7.8428   3.178825     1.0835     0.0027  0.0964344    94.2899     24.911    30.4142     1.2544 0.0000e+00
       1116     25.168     7.8265   3.177787     1.0810     0.0027  0.0964847    94.2417     24.933    30.4174     1.2464 0.0000e+00
       1117     25.191     7.8101   3.176767     1.0785     0.0027  0.0965379    94.1939     24.955    30.4208     1.2385 0.0000e+00
       1118     25.213     7.7935   3.175766     1.0760     0.0027  0.0965933    94.1466     24.977    30.4247     1.2307 0.0000e+00
       1119     25.235     7.7768   3.174782     1.0735     0.0027  0.0966514    94.1000     24.999    30.4288     1.2229 0.0000e+00
       1120     25.258     7.7597   3.173815     1.0709     0.0027  0.0967125    94.0543     25.022    30.4335     1.2150 0.0000e+00
       1121     25.280     7.7424   3.172864     1.0684     0.0027  0.0967771    94.0094     25.044    30.4385     1.2074 0.0000e+00
       1122     25.302     7.7246   3.171926     1.0659     0.0027  0.0968457    93.9654     25.065    30.4440     1.1999 0.0000e+00
       1123     25.325     7.7065   3.171002     1.0634     0.0027  0.0969170    93.9223     25.088    30.4500     1.1925 0.0000e+00
       1124     25.347     7.6879   3.170090     1.0608     0.0027  0.0969872    93.8797     25.110    30.4566     1.1850 0.0000e+00
       1125     25.369     7.6688   3.169190     1.0583     0.0027  0.0970535    93.8371     25.132    30.4637     1.1778 0.0000e+00
       1126     25.391     7.6492   3.168302     1.0558     0.0027  0.0971155    93.7939     25.154    30.4714     1.1707 0.0000e+00
       1127     25.414     7.6290   3.167423     1.0532     0.0027  0.0971735    93.7496     25.176    30.4797     1.1634 0.0000e+00
       1128     25.436     7.6084   3.166556     1.0507     0.0027  0.0972281    93.7043     25.198    30.4885     1.1565 0.0000e+00
       1129     25.459     7.5873   3.165699     1.0481     0.0027  0.0972804    93.6586     25.221    30.4979     1.1495 0.0000e+00
       1130     25.481     7.5658   3.164852     1.0456     0.0027  0.0973316    93.6126     25.243    30.5077     1.1428 0.0000e+00
       1131     25.504     7.5439   3.164015     1.0431     0.0027  0.0973813    93.5661     25.265    30.5180     1.1363 0.0000e+00
       1132     25.526     7.5216   3.163187     1.0406     0.0027  0.0974289    93.5191     25.287    30.5287     1.1299 0.0000e+00
       1133     25.549     7.4988   3.162367     1.0381     0.0027  0.0974748    93.4712     25.310    30.5400     1.1237 0.0000e+00
       1134     25.571     7.4757   3.161555     1.0356     0.0027  0.0975193    93.4224     25.332    30.5516     1.1175 0.0000e+00
       1135     25.594     7.4523   3.160752     1.0331     0.0027  0.0975628    93.3730     25.355    30.5636     1.1115 0.0000e+00
       1136     25.616     7.4287   3.159956     1.0306     0.0027  0.0976054    93.3234     25.376    30.5759     1.1055 0.0000e+00
       1137     25.638     7.4052   3.159171     1.0282     0.0027  0.0976475    93.2743     25.398    30.5882     1.1001 0.0000e+00
       1138     25.661     7.3816   3.158396     1.0257     0.0027  0.0976895    93.2261     25.421    30.6007     1.0945 0.0000e+00
       1139     25.683     7.3582   3.157632     1.0233     0.0028  0.0977315    93.1788     25.443    30.6132     1.0893 0.0000e+00
       1140     25.705     7.3350   3.156880     1.0208     0.0028  0.0977739    93.1316     25.465    30.6256     1.0839 0.0000e+00
       1141     25.728     7.3124   3.156142     1.0184     0.0028  0.0978170    93.0843     25.487    30.6377     1.0789 0.0000e+00
       1142     25.750     7.2904   3.155419     1.0160     0.0028  0.0978610    93.0368     25.509    30.6494     1.0741 0.0000e+00
       1143     25.773     7.2693   3.154709     1.0136     0.0028  0.0979064    92.9887     25.532    30.6604     1.0694 0.0000e+00
       1144     25.795     7.2491   3.154014     1.0112     0.0028  0.0979533    92.9396     25.554    30.6708     1.0648 0.0000e+00
       1145     25.818     7.2298   3.153332     1.0088     0.0028  0.0980022    92.8898     25.576    30.6806     1.0603 0.0000e+00
       1146     25.840     7.2114   3.152661     1.0064     0.0028  0.0980533    92.8398     25.598    30.6897     1.0559 0.0000e+00
       1147     25.862     7.1940   3.152003     1.0041     0.0028  0.0981071    92.7900     25.620    30.6981     1.0520 0.0000e+00
       1148     25.885     7.1775   3.151357     1.0018     0.0028  0.0981639    92.7409     25.643    30.7058     1.0481 0.0000e+00
       1149     25.907     7.1618   3.150722     0.9994     0.0028  0.0982232    92.6922     25.665    30.7129     1.0441 0.0000e+00
       1150     25.929     7.1470   3.150099     0.9971     0.0028  0.0982829    92.6434     25.686    30.7193     1.0404 0.0000e+00
       1151     25.952     7.1331   3.149488     0.9949     0.0028  0.0983408    92.5938     25.709    30.7251     1.0372 0.0000e+00
       1152     25.974     7.1198   3.148889     0.9926     0.0028  0.0983967    92.5427     25.731    30.7304     1.0338 0.0000e+00
       1153     25.996     7.1073   3.148305     0.9903     0.0028  0.0984507    92.4899     25.753    30.7353     1.0304 0.0000e+00
       1154     26.019     7.0953   3.147734     0.9881     0.0028  0.0985033    92.4349     25.776    30.7398     1.0275 0.0000e+00
       1155     26.041     7.0839   3.147179     0.9859     0.0028  0.0985549    92.3772     25.797    30.7439     1.0245 0.0000e+00
       1156     26.063     7.0731   3.146639     0.9837     0.0028  0.0986057    92.3165     25.819    30.7477     1.0217 0.0000e+00
       1157     26.086     7.0628   3.146113     0.9816     0.0028  0.0986563    92.2532     25.842    30.7512     1.0192 0.0000e+00
       1158     26.108     7.0529   3.145604     0.9794     0.0029  0.0987069    92.1872     25.864    30.7545     1.0166 0.0000e+00
       1159     26.130     7.0435   3.145110     0.9773     0.0029  0.0987578    92.1179     25.886    30.7575     1.0142 0.0000e+00
       1160     26.152     7.0345   3.144630     0.9752     0.0029  0.0988095    92.0449     25.907    30.7604     1.0119 0.0000e+00
       1161     26.175     7.0258   3.144165     0.9732     0.0029  0.0988631    91.9681     25.930    30.7631     1.0100 0.0000e+00
       1162     26.197     7.0176   3.143715     0.9711     0.0029  0.0989199    91.8870     25.952    30.7655     1.0079 0.0000e+00
       1163     26.219     7.0096   3.143280     0.9691     0.0029  0.0989793    91.8017     25.974    30.7680     1.0061 0.0000e+00
       1164     26.242     7.0020   3.142859     0.9671     0.0029  0.0990411    91.7121     25.996    30.7702     1.0043 0.0000e+00
       1165     26.264     6.9947   3.142450     0.9651     0.0029  0.0991055    91.6187     26.018    30.7723     1.0026 0.0000e+00
       1166     26.286     6.9877   3.142055     0.9632     0.0029  0.0991731    91.5220     26.040    30.7742     1.0012 0.0000e+00
       1167     26.309     6.9809   3.141672     0.9612     0.0029  0.0992443    91.4228     26.063    30.7761     0.9995 0.0000e+00
       1168     26.331     6.9743   3.141300     0.9593     0.0029  0.0993197    91.3220     26.085    30.7780     0.9982 0.0000e+00
       1169     26.353     6.9680   3.140939     0.9574     0.0029  0.0993996    91.2206     26.106    30.7797     0.9969 0.0000e+00
       1170     26.376     6.9618   3.140589     0.9556     0.0029  0.0994848    91.1195     26.129    30.7815     0.9959 0.0000e+00
       1171     26.398     6.9558   3.140249     0.9537     0.0029  0.0995757    91.0192     26.151    30.7831     0.9947 0.0000e+00
       1172     26.420     6.9500   3.139918     0.9519     0.0029  0.0996730    90.9200     26.173    30.7847     0.9938 0.0000e+00
       1173     26.443     6.9444   3.139598     0.9501     0.0029  0.0997775    90.8224     26.196    30.7862     0.9929 0.0000e+00
       1174     26.465     6.9390   3.139287     0.9484     0.0029  0.0998872    90.7273     26.217    30.7877     0.9922 0.0000e+00
       1175     26.487     6.9337   3.138983     0.9467     0.0029  0.0999962    90.6354     26.239    30.7891     0.9916 0.0000e+00
       1176     26.509     6.9286   3.138688     0.9449     0.0029  0.1000992    90.5470     26.261    30.7905     0.9908 0.0000e+00
       1177     26.532     6.9236   3.138401     0.9433     0.0029  0.1001952    90.4618     26.284    30.7918     0.9905 0.0000e+00
       1178     26.554     6.9187   3.138122     0.9416     0.0029  0.1002851    90.3789     26.306    30.7932     0.9899 0.0000e+00
       1179     26.576     6.9139   3.137850     0.9399     0.0029  0.1003692    90.2980     26.327    30.7945     0.9893 0.0000e+00
       1180     26.598     6.9092   3.137585     0.9383     0.0029  0.1004484    90.2192     26.349    30.7958     0.9890 0.0000e+00
       1181     26.621     6.9046   3.137325     0.9367     0.0029  0.1005230    90.1426     26.372    30.7971     0.9888 0.0000e+00
       1182     26.643     6.9001   3.137074     0.9351     0.0029  0.1005937    90.0691     26.394    30.7984     0.9885 0.0000e+00
       1183     26.665     6.8956   3.136828     0.9335     0.0029  0.1006608    89.9993     26.416    30.7998     0.9883 0.0000e+00
       1184     26.687     6.8911   3.136588     0.9320     0.0029  0.1007250    89.9336     26.437    30.8012     0.9884 0.0000e+00
       1185     26.709     6.8867   3.136356     0.9305     0.0029  0.1007866    89.8717     26.459    30.8026     0.9884 0.0000e+00
       1186     26.732     6.8822   3.136128     0.9290     0.0029  0.1008460    89.8130     26.482    30.8041     0.9886 0.0000e+00
       1187     26.754     6.8778   3.135905     0.9275     0.0029  0.1009037    89.7568     26.504    30.8056     0.9887 0.0000e+00
       1188     26.776     6.8734   3.135687     0.9261     0.0029  0.1009600    89.7027     26.525    30.8072     0.9891 0.0000e+00
       1189     26.798     6.8689   3.135475     0.9246     0.0029  0.1010154    89.6503     26.547    30.8089     0.9893 0.0000e+00
       1190     26.821     6.8645   3.135267     0.9232     0.0029  0.1010703    89.5995     26.570    30.8106     0.9898 0.0000e+00
       1191     26.843     6.8600   3.135063     0.9218     0.0029  0.1011250    89.5503     26.592    30.8124     0.9903 0.0000e+00
       1192     26.865     6.8556   3.134864     0.9205     0.0029  0.1011799    89.5028     26.614    30.8142     0.9912 0.0000e+00
       1193     26.887     6.8511   3.134668     0.9192     0.0029  0.1012354    89.4571     26.635    30.8161     0.9920 0.0000e+00
       1194     26.910     6.8467   3.134477     0.9178     0.0029  0.1012918    89.4135     26.658    30.8179     0.9926 0.0000e+00
       1195     26.932     6.8423   3.134289     0.9166     0.0029  0.1013496    89.3718     26.680    30.8198     0.9938 0.0000e+00
       1196     26.954     6.8378   3.134103     0.9153     0.0029  0.1014092    89.3316     26.702    30.8218     0.9948 0.0000e+00
       1197     26.976     6.8334   3.133920     0.9141     0.0029  0.1014710    89.2930     26.724    30.8238     0.9961 0.0000e+00
       1198     26.998     6.8290   3.133740     0.9128     0.0029  0.1015354    89.2558     26.745    30.8258     0.9971 0.0000e+00
       1199     27.020     6.8247   3.133563     0.9116     0.0029  0.1016020    89.2198     26.767    30.8277     0.9984 0.0000e+00
       1200     27.042     6.8203   3.133387     0.9105     0.0029  0.1016688    89.1847     26.789    30.8297     1.0001 0.0000e+00
       1201     27.065     6.8160   3.133214     0.9093     0.0029  0.1017327    89.1505     26.812    30.8317     1.0015 0.0000e+00
       1202     27.087     6.8117   3.133044     0.9082     0.0029  0.1017917    89.1171     26.834    30.8337     1.0033 0.0000e+00
       1203     27.109     6.8075   3.132877     0.9071     0.0029  0.1018454    89.0848     26.855    30.8356     1.0050 0.0000e+00
