data/2022/thursday_data/Station H1.cnv
* Sea-Bird SBE 9 Data File:
* FileName = C:\Users\ctd-user\Desktop\CTD data\MAR440 Sept 2022\Day2\Station H1.hex
* Software Version Seasave V 7.26.2.13
* Temperature SN = 4493
* Conductivity SN = 1899
* Number of Bytes Per Scan = 37
* Number of Voltage Words = 4
* Number of Scans Averaged by the Deck Unit = 1
* NMEA Latitude = 58 19.25 N
* NMEA Longitude = 011 49.09 E
* NMEA UTC (Time) = Sep 08 2022 11:46:29
* NMEA baud rate = 4800
** Ship:
** Station:
** Operator:
# nquan = 12                                
# nvalues = 2171                        
# units = specified
# name 0 = scan: Scan Count
# name 1 = prDM: Pressure, Digiquartz [db]
# name 2 = t090C: Temperature [ITS-90, deg C]
# name 3 = c0S/m: Conductivity [S/m]
# name 4 = sbeox0V: Oxygen raw, SBE 43 [V]
# name 5 = flECO-AFL: Fluorescence, WET Labs ECO-AFL/FL [mg/m^3]
# name 6 = upoly0: Upoly 0, Turbidity
# name 7 = xmiss: Beam Transmission, Chelsea/Seatech [%]
# name 8 = depSM: Depth [salt water, m], lat = 58.3208
# name 9 = sal00: Salinity, Practical [PSU]
# name 10 = sbeox0ML/L: Oxygen, SBE 43 [ml/l], WS = 2
# name 11 = flag: flag
# span 0 =          1,       2171       
# span 1 =      0.959,     24.122       
# span 2 =    11.7907,    18.7001       
# span 3 =   3.262364,   3.530071       
# span 4 =     1.1120,     2.7543       
# span 5 =     0.0027,     0.0236       
# span 6 =  0.0952553,  0.0993768       
# span 7 =    82.6202,    94.6263       
# span 8 =      0.950,     23.896       
# span 9 =    23.7284,    30.0789       
# span 10 =     1.6281,     5.5172      
# span 11 = 0.0000e+00, 0.0000e+00      
# interval = seconds: 0.0416667
# start_time = Sep 08 2022 11:46:29 [NMEA time, header]
# bad_flag = -9.990e-29
*END*
[from data line 1685]
       1686     21.765    12.1916   3.374924     1.1513     0.0041  0.0966681    93.7972     21.562    28.8185     1.6903 0.0000e+00
       1687     21.769    12.1877   3.375078     1.1509     0.0041  0.0966653    93.8075     21.566    28.8230     1.6886 0.0000e+00
       1688     21.773    12.1832   3.375248     1.1505     0.0041  0.0966641    93.8181     21.570    28.8280     1.6870 0.0000e+00
       1689     21.777    12.1781   3.375435     1.1500     0.0042  0.0966643    93.8285     21.573    28.8337     1.6851 0.0000e+00
       1690     21.781    12.1727   3.375637     1.1496     0.0042  0.0966659    93.8387     21.577    28.8398     1.6836 0.0000e+00
       1691     21.785    12.1671   3.375859     1.1491     0.0042  0.0966681    93.8489     21.581    28.8462     1.6818 0.0000e+00
       1692     21.789    12.1613   3.376101     1.1487     0.0042  0.0966710    93.8592     21.585    28.8530     1.6804 0.0000e+00
       1693     21.793    12.1553   3.376361     1.1482     0.0042  0.0966754    93.8694     21.589    28.8600     1.6787 0.0000e+00
       1694     21.797    12.1492   3.376642     1.1478     0.0043  0.0966805    93.8793     21.593    28.8674     1.6774 0.0000e+00
       1695     21.801    12.1429   3.376944     1.1473     0.0043  0.0966854    93.8883     21.597    28.8751     1.6759 0.0000e+00
       1696     21.804    12.1363   3.377266     1.1468     0.0043  0.0966902    93.8961     21.600    28.8833     1.6743 0.0000e+00
       1697     21.809    12.1295   3.377612     1.1464     0.0043  0.0966950    93.9025     21.605    28.8918     1.6732 0.0000e+00
       1698     21.813    12.1223   3.377984     1.1459     0.0043  0.0966997    93.9080     21.609    28.9009     1.6718 0.0000e+00
       1699     21.817    12.1147   3.378381     1.1454     0.0043  0.0967044    93.9131     21.613    28.9105     1.6704 0.0000e+00
       1700     21.821    12.1067   3.378802     1.1449     0.0044  0.0967092    93.9186     21.617    28.9207     1.6691 0.0000e+00
       1701     21.825    12.0982   3.379241     1.1444     0.0044  0.0967140    93.9250     21.621    28.9314     1.6678 0.0000e+00
       1702     21.829    12.0893   3.379692     1.1440     0.0044  0.0967190    93.9326     21.625    28.9426     1.6669 0.0000e+00
       1703     21.834    12.0802   3.380153     1.1435     0.0044  0.0967240    93.9413     21.630    28.9540     1.6658 0.0000e+00
       1704     21.838    12.0709   3.380620     1.1430     0.0044  0.0967293    93.9512     21.634    28.9656     1.6646 0.0000e+00
       1705     21.842    12.0614   3.381091     1.1426     0.0045  0.0967347    93.9623     21.638    28.9774     1.6638 0.0000e+00
       1706     21.846    12.0519   3.381564     1.1421     0.0045  0.0967404    93.9744     21.642    28.9893     1.6628 0.0000e+00
       1707     21.851    12.0423   3.382038     1.1417     0.0045  0.0967463    93.9872     21.647    29.0013     1.6620 0.0000e+00
       1708     21.855    12.0330   3.382515     1.1412     0.0045  0.0967526    94.0003     21.651    29.0130     1.6610 0.0000e+00
       1709     21.859    12.0242   3.382997     1.1407     0.0046  0.0967593    94.0132     21.655    29.0244     1.6600 0.0000e+00
       1710     21.864    12.0159   3.383484     1.1403     0.0046  0.0967664    94.0255     21.660    29.0355     1.6592 0.0000e+00
       1711     21.868    12.0084   3.383980     1.1398     0.0046  0.0967739    94.0367     21.664    29.0460     1.6582 0.0000e+00
       1712     21.872    12.0015   3.384485     1.1393     0.0046  0.0967820    94.0472     21.668    29.0562     1.6572 0.0000e+00
       1713     21.877    11.9954   3.384998     1.1389     0.0046  0.0967906    94.0568     21.673    29.0658     1.6565 0.0000e+00
       1714     21.881    11.9901   3.385523     1.1384     0.0046  0.0967999    94.0655     21.677    29.0750     1.6555 0.0000e+00
       1715     21.885    11.9854   3.386056     1.1380     0.0046  0.0968099    94.0729     21.680    29.0837     1.6548 0.0000e+00
       1716     21.889    11.9815   3.386596     1.1375     0.0046  0.0968206    94.0793     21.684    29.0919     1.6538 0.0000e+00
       1717     21.893    11.9783   3.387134     1.1371     0.0047  0.0968322    94.0851     21.688    29.0995     1.6531 0.0000e+00
       1718     21.896    11.9756   3.387668     1.1367     0.0047  0.0968447    94.0908     21.691    29.1067     1.6525 0.0000e+00
       1719     21.900    11.9736   3.388190     1.1362     0.0047  0.0968582    94.0967     21.695    29.1132     1.6515 0.0000e+00
       1720     21.904    11.9720   3.388698     1.1358     0.0047  0.0968728    94.1034     21.699    29.1193     1.6509 0.0000e+00
       1721     21.908    11.9705   3.389183     1.1354     0.0047  0.0968886    94.1115     21.703    29.1251     1.6502 0.0000e+00
       1722     21.911    11.9686   3.389646     1.1350     0.0047  0.0969057    94.1206     21.706    29.1309     1.6496 0.0000e+00
       1723     21.915    11.9665   3.390084     1.1345     0.0047  0.0969243    94.1303     21.710    29.1368     1.6488 0.0000e+00
       1724     21.918    11.9639   3.390497     1.1341     0.0047  0.0969444    94.1400     21.713    29.1427     1.6482 0.0000e+00
       1725     21.922    11.9610   3.390884     1.1337     0.0047  0.0969662    94.1493     21.717    29.1487     1.6477 0.0000e+00
       1726     21.925    11.9578   3.391247     1.1333     0.0046  0.0969899    94.1576     21.720    29.1546     1.6472 0.0000e+00
       1727     21.928    11.9546   3.391589     1.1329     0.0046  0.0970156    94.1648     21.723    29.1604     1.6467 0.0000e+00
       1728     21.932    11.9516   3.391911     1.1325     0.0046  0.0970435    94.1710     21.727    29.1658     1.6462 0.0000e+00
       1729     21.935    11.9488   3.392214     1.1321     0.0046  0.0970738    94.1764     21.730    29.1709     1.6457 0.0000e+00
       1730     21.938    11.9464   3.392504     1.1317     0.0046  0.0971067    94.1810     21.733    29.1755     1.6453 0.0000e+00
       1731     21.941    11.9443   3.392785     1.1313     0.0046  0.0971424    94.1851     21.736    29.1798     1.6448 0.0000e+00
       1732     21.945    11.9426   3.393062     1.1309     0.0046  0.0971804    94.1885     21.740    29.1838     1.6444 0.0000e+00
       1733     21.948    11.9412   3.393345     1.1305     0.0046  0.0972183    94.1912     21.743    29.1876     1.6439 0.0000e+00
       1734     21.951    11.9398   3.393640     1.1301     0.0046  0.0972538    94.1932     21.746    29.1915     1.6435 0.0000e+00
       1735     21.954    11.9384   3.393949     1.1297     0.0046  0.0972864    94.1948     21.749    29.1955     1.6431 0.0000e+00
       1736     21.958    11.9371   3.394272     1.1293     0.0045  0.0973164    94.1958     21.753    29.1996     1.6427 0.0000e+00
       1737     21.961    11.9357   3.394606     1.1290     0.0045  0.0973438    94.1961     21.756    29.2039     1.6426 0.0000e+00
       1738     21.964    11.9344   3.394944     1.1286     0.0045  0.0973689    94.1953     21.759    29.2081     1.6422 0.0000e+00
       1739     21.968    11.9331   3.395280     1.1283     0.0045  0.0973918    94.1934     21.763    29.2124     1.6421 0.0000e+00
       1740     21.971    11.9318   3.395610     1.1279     0.0045  0.0974128    94.1905     21.766    29.2165     1.6417 0.0000e+00
       1741     21.975    11.9307   3.395933     1.1276     0.0045  0.0974319    94.1869     21.770    29.2205     1.6416 0.0000e+00
       1742     21.978    11.9297   3.396249     1.1273     0.0045  0.0974494    94.1826     21.773    29.2243     1.6415 0.0000e+00
       1743     21.982    11.9289   3.396556     1.1269     0.0045  0.0974652    94.1776     21.777    29.2278     1.6412 0.0000e+00
       1744     21.985    11.9281   3.396856     1.1266     0.0045  0.0974796    94.1719     21.780    29.2313     1.6411 0.0000e+00
       1745     21.989    11.9275   3.397152     1.1263     0.0045  0.0974927    94.1659     21.783    29.2346     1.6410 0.0000e+00
       1746     21.992    11.9269   3.397442     1.1260     0.0045  0.0975053    94.1600     21.786    29.2378     1.6410 0.0000e+00
       1747     21.996    11.9263   3.397730     1.1257     0.0045  0.0975184    94.1550     21.790    29.2410     1.6409 0.0000e+00
       1748     21.999    11.9257   3.398017     1.1254     0.0045  0.0975312    94.1509     21.793    29.2443     1.6408 0.0000e+00
       1749     22.003    11.9252   3.398302     1.1251     0.0045  0.0975431    94.1478     21.797    29.2474     1.6407 0.0000e+00
       1750     22.006    11.9247   3.398585     1.1248     0.0045  0.0975540    94.1450     21.800    29.2505     1.6407 0.0000e+00
       1751     22.009    11.9241   3.398867     1.1245     0.0045  0.0975640    94.1419     21.803    29.2536     1.6406 0.0000e+00
       1752     22.013    11.9236   3.399146     1.1242     0.0045  0.0975733    94.1382     21.807    29.2567     1.6405 0.0000e+00
       1753     22.016    11.9231   3.399421     1.1239     0.0045  0.0975819    94.1339     21.810    29.2597     1.6404 0.0000e+00
       1754     22.020    11.9227   3.399694     1.1237     0.0045  0.0975898    94.1291     21.814    29.2626     1.6406 0.0000e+00
       1755     22.023    11.9225   3.399964     1.1234     0.0045  0.0975971    94.1239     21.817    29.2653     1.6405 0.0000e+00
       1756     22.027    11.9224   3.400231     1.1232     0.0045  0.0976038    94.1186     21.821    29.2679     1.6406 0.0000e+00
       1757     22.030    11.9225   3.400497     1.1229     0.0045  0.0976101    94.1135     21.824    29.2704     1.6404 0.0000e+00
       1758     22.034    11.9228   3.400759     1.1227     0.0045  0.0976159    94.1092     21.828    29.2727     1.6405 0.0000e+00
       1759     22.037    11.9232   3.401020     1.1225     0.0044  0.0976212    94.1057     21.831    29.2748     1.6405 0.0000e+00
       1760     22.041    11.9237   3.401280     1.1222     0.0044  0.0976262    94.1028     21.835    29.2769     1.6402 0.0000e+00
       1761     22.044    11.9241   3.401538     1.1220     0.0044  0.0976309    94.1000     21.838    29.2791     1.6402 0.0000e+00
       1762     22.048    11.9245   3.401796     1.1218     0.0044  0.0976352    94.0969     21.842    29.2812     1.6402 0.0000e+00
       1763     22.051    11.9248   3.402055     1.1216     0.0044  0.0976392    94.0935     21.845    29.2835     1.6401 0.0000e+00
       1764     22.055    11.9252   3.402313     1.1214     0.0044  0.0976430    94.0900     21.849    29.2856     1.6400 0.0000e+00
       1765     22.058    11.9256   3.402570     1.1212     0.0044  0.0976465    94.0867     21.852    29.2877     1.6399 0.0000e+00
       1766     22.061    11.9260   3.402825     1.1210     0.0044  0.0976498    94.0833     21.855    29.2899     1.6397 0.0000e+00
       1767     22.065    11.9265   3.403077     1.1208     0.0044  0.0976530    94.0800     21.859    29.2919     1.6396 0.0000e+00
       1768     22.068    11.9271   3.403325     1.1206     0.0045  0.0976559    94.0768     21.862    29.2938     1.6394 0.0000e+00
       1769     22.072    11.9278   3.403568     1.1204     0.0045  0.0976588    94.0737     21.866    29.2955     1.6392 0.0000e+00
       1770     22.075    11.9285   3.403807     1.1202     0.0045  0.0976615    94.0705     21.869    29.2973     1.6389 0.0000e+00
       1771     22.079    11.9292   3.404043     1.1200     0.0045  0.0976641    94.0668     21.873    29.2990     1.6386 0.0000e+00
       1772     22.082    11.9300   3.404277     1.1198     0.0045  0.0976666    94.0622     21.876    29.3006     1.6383 0.0000e+00
       1773     22.086    11.9308   3.404509     1.1196     0.0045  0.0976691    94.0567     21.880    29.3021     1.6380 0.0000e+00
       1774     22.089    11.9316   3.404740     1.1195     0.0045  0.0976715    94.0502     21.883    29.3037     1.6379 0.0000e+00
       1775     22.093    11.9324   3.404969     1.1193     0.0045  0.0976739    94.0430     21.887    29.3053     1.6375 0.0000e+00
       1776     22.096    11.9333   3.405194     1.1191     0.0045  0.0976762    94.0353     21.889    29.3067     1.6371 0.0000e+00
       1777     22.099    11.9342   3.405417     1.1189     0.0045  0.0976786    94.0271     21.892    29.3081     1.6367 0.0000e+00
       1778     22.103    11.9351   3.405634     1.1187     0.0045  0.0976810    94.0184     21.896    29.3095     1.6362 0.0000e+00
       1779     22.106    11.9360   3.405844     1.1186     0.0045  0.0976834    94.0094     21.899    29.3108     1.6360 0.0000e+00
       1780     22.110    11.9370   3.406048     1.1184     0.0045  0.0976858    94.0005     21.903    29.3119     1.6354 0.0000e+00
       1781     22.113    11.9381   3.406243     1.1182     0.0046  0.0976883    93.9920     21.906    29.3129     1.6349 0.0000e+00
       1782     22.116    11.9392   3.406429     1.1180     0.0046  0.0976909    93.9836     21.909    29.3138     1.6344 0.0000e+00
       1783     22.120    11.9403   3.406604     1.1178     0.0046  0.0976936    93.9753     21.913    29.3147     1.6339 0.0000e+00
       1784     22.123    11.9415   3.406771     1.1176     0.0046  0.0976964    93.9673     21.916    29.3153     1.6334 0.0000e+00
       1785     22.127    11.9427   3.406927     1.1174     0.0046  0.0976994    93.9594     21.920    29.3158     1.6328 0.0000e+00
       1786     22.130    11.9440   3.407076     1.1172     0.0046  0.0977025    93.9517     21.923    29.3162     1.6323 0.0000e+00
       1787     22.134    11.9453   3.407218     1.1170     0.0046  0.0977058    93.9441     21.927    29.3166     1.6318 0.0000e+00
       1788     22.137    11.9467   3.407353     1.1168     0.0046  0.0977093    93.9368     21.930    29.3168     1.6313 0.0000e+00
       1789     22.140    11.9482   3.407481     1.1167     0.0046  0.0977131    93.9300     21.933    29.3168     1.6311 0.0000e+00
       1790     22.143    11.9497   3.407602     1.1165     0.0046  0.0977170    93.9240     21.936    29.3168     1.6306 0.0000e+00
       1791     22.146    11.9512   3.407715     1.1163     0.0046  0.0977213    93.9195     21.939    29.3167     1.6302 0.0000e+00
       1792     22.150    11.9528   3.407817     1.1161     0.0046  0.0977259    93.9172     21.943    29.3164     1.6297 0.0000e+00
       1793     22.153    11.9545   3.407910     1.1159     0.0046  0.0977308    93.9170     21.946    29.3159     1.6294 0.0000e+00
       1794     22.156    11.9563   3.407993     1.1157     0.0046  0.0977361    93.9184     21.949    29.3153     1.6291 0.0000e+00
       1795     22.159    11.9582   3.408063     1.1155     0.0046  0.0977419    93.9209     21.952    29.3145     1.6287 0.0000e+00
       1796     22.163    11.9601   3.408122     1.1153     0.0046  0.0977480    93.9241     21.956    29.3136     1.6285 0.0000e+00
       1797     22.166    11.9621   3.408169     1.1151     0.0045  0.0977547    93.9275     21.959    29.3124     1.6283 0.0000e+00
       1798     22.169    11.9638   3.408203     1.1149     0.0045  0.0977619    93.9304     21.962    29.3114     1.6281 0.0000e+00
       1799     22.172    11.9654   3.408224     1.1147     0.0045  0.0977706    93.9324     21.965    29.3104     1.6281 0.0000e+00
       1800     22.176    11.9667   3.408232     1.1145     0.0045  0.0977816    93.9331     21.969    29.3094     1.6281 0.0000e+00
       1801     22.179    11.9675   3.408228     1.1143     0.0045  0.0977942    93.9325     21.972    29.3088     1.6281 0.0000e+00
       1802     22.182    11.9679   3.408215     1.1141     0.0045  0.0978076    93.9305     21.975    29.3083     1.6283 0.0000e+00
       1803     22.185    11.9677   3.408194     1.1139     0.0044  0.0978220    93.9272     21.978    29.3083     1.6285 0.0000e+00
       1804     22.188    11.9670   3.408168     1.1137     0.0044  0.0978373    93.9225     21.981    29.3086     1.6288 0.0000e+00
