data/2022/thursday_data/Station B3.cnv
* Sea-Bird SBE 9 Data File:
* FileName = C:\Users\ctd-user\Desktop\CTD data\MAR440 Sept 2022\Day2\Station B3.hex
* Software Version Seasave V 7.26.2.13
* Temperature SN = 4493
* Conductivity SN = 1899
* Number of Bytes Per Scan = 37
* Number of Voltage Words = 4
* Number of Scans Averaged by the Deck Unit = 1
* NMEA Latitude = 58 19.79 N
* NMEA Longitude = 011 51.99 E
* NMEA UTC (Time) = Sep 08 2022 10:22:31
* NMEA baud rate = 4800
** Ship:
** Station:
** Operator:
# nquan = 12                                
# nvalues = 2701                        
# units = specified
# name 0 = scan: Scan Count
# name 1 = prDM: Pressure, Digiquartz [db]
# name 2 = t090C: Temperature [ITS-90, deg C]
# name 3 = c0S/m: Conductivity [S/m]
# name 4 = sbeox0V: Oxygen raw, SBE 43 [V]
# name 5 = flECO-AFL: Fluorescence, WET Labs ECO-AFL/FL [mg/m^3]
# name 6 = upoly0: Upoly 0, Turbidity
# name 7 = xmiss: Beam Transmission, Chelsea/Seatech [%]
# name 8 = depSM: Depth [salt water, m], lat = 58.3298
# name 9 = sal00: Salinity, Practical [PSU]
# name 10 = sbeox0ML/L: Oxygen, SBE 43 [ml/l], WS = 2
# name 11 = flag: flag
# span 0 =          1,       2701       
# span 1 =      1.478,     45.543       
# span 2 =     8.0795,    18.5008       
# span 3 =   3.103419,   3.394416       
# span 4 =     0.5558,     2.6883       
# span 5 =     0.0052,     0.0458       
# span 6 =  0.0939894,  0.1070858       
# span 7 =    71.6920,    95.6057       
# span 8 =      1.464,     45.115       
# span 9 =    23.7478,    32.0367       
# span 10 =     0.1440,     5.3571      
# span 11 = 0.0000e+00, 0.0000e+00      
# interval = seconds: 0.0416667
# start_time = Sep 08 2022 10:22:31 [NMEA time, header]
# bad_flag = -9.990e-29
*END*
[from data line 1685]
       1686     25.926     8.4918   3.336339     0.5934     0.0157  0.1039471    72.2276     25.683    31.4997     0.2362 0.0000e+00
       1687     25.947     8.4924   3.336663     0.5932     0.0157  0.1039071    72.2743     25.704    31.5025     0.2356 0.0000e+00
       1688     25.969     8.4930   3.336983     0.5931     0.0156  0.1038664    72.3233     25.726    31.5053     0.2353 0.0000e+00
       1689     25.991     8.4936   3.337299     0.5930     0.0156  0.1038245    72.3750     25.748    31.5081     0.2351 0.0000e+00
       1690     26.013     8.4942   3.337614     0.5929     0.0156  0.1037812    72.4293     25.770    31.5109     0.2348 0.0000e+00
       1691     26.035     8.4948   3.337925     0.5928     0.0155  0.1037362    72.4861     25.791    31.5136     0.2345 0.0000e+00
       1692     26.057     8.4954   3.338234     0.5927     0.0155  0.1036892    72.5447     25.813    31.5163     0.2342 0.0000e+00
       1693     26.079     8.4960   3.338541     0.5926     0.0155  0.1036398    72.6045     25.835    31.5189     0.2339 0.0000e+00
       1694     26.100     8.4965   3.338843     0.5925     0.0154  0.1035878    72.6648     25.856    31.5216     0.2336 0.0000e+00
       1695     26.122     8.4971   3.339144     0.5924     0.0154  0.1035336    72.7253     25.878    31.5242     0.2334 0.0000e+00
       1696     26.144     8.4976   3.339442     0.5923     0.0154  0.1034793    72.7854     25.899    31.5269     0.2331 0.0000e+00
       1697     26.165     8.4981   3.339737     0.5922     0.0153  0.1034272    72.8451     25.920    31.5295     0.2328 0.0000e+00
       1698     26.187     8.4986   3.340029     0.5921     0.0153  0.1033778    72.9044     25.942    31.5321     0.2326 0.0000e+00
       1699     26.209     8.4991   3.340320     0.5920     0.0153  0.1033306    72.9636     25.964    31.5347     0.2323 0.0000e+00
       1700     26.231     8.4996   3.340607     0.5919     0.0152  0.1032854    73.0228     25.986    31.5373     0.2320 0.0000e+00
       1701     26.252     8.5001   3.340892     0.5918     0.0152  0.1032418    73.0821     26.006    31.5398     0.2318 0.0000e+00
       1702     26.274     8.5005   3.341173     0.5917     0.0152  0.1031996    73.1411     26.028    31.5424     0.2315 0.0000e+00
       1703     26.295     8.5010   3.341451     0.5916     0.0152  0.1031584    73.1996     26.049    31.5448     0.2312 0.0000e+00
       1704     26.317     8.5014   3.341727     0.5914     0.0151  0.1031180    73.2571     26.071    31.5473     0.2307 0.0000e+00
       1705     26.339     8.5019   3.342000     0.5913     0.0151  0.1030780    73.3141     26.093    31.5497     0.2304 0.0000e+00
       1706     26.360     8.5023   3.342269     0.5912     0.0151  0.1030383    73.3708     26.113    31.5522     0.2302 0.0000e+00
       1707     26.382     8.5027   3.342536     0.5911     0.0151  0.1029985    73.4270     26.135    31.5546     0.2300 0.0000e+00
       1708     26.404     8.5031   3.342799     0.5910     0.0150  0.1029583    73.4827     26.157    31.5570     0.2298 0.0000e+00
       1709     26.426     8.5035   3.343058     0.5909     0.0150  0.1029175    73.5381     26.179    31.5593     0.2295 0.0000e+00
       1710     26.447     8.5039   3.343315     0.5908     0.0150  0.1028758    73.5940     26.200    31.5617     0.2293 0.0000e+00
       1711     26.469     8.5043   3.343568     0.5907     0.0150  0.1028329    73.6506     26.221    31.5639     0.2291 0.0000e+00
       1712     26.491     8.5047   3.343817     0.5906     0.0150  0.1027885    73.7082     26.243    31.5662     0.2289 0.0000e+00
       1713     26.512     8.5050   3.344063     0.5905     0.0149  0.1027423    73.7666     26.264    31.5685     0.2287 0.0000e+00
       1714     26.534     8.5054   3.344306     0.5903     0.0149  0.1026940    73.8258     26.286    31.5707     0.2282 0.0000e+00
       1715     26.556     8.5057   3.344545     0.5902     0.0149  0.1026432    73.8853     26.307    31.5729     0.2280 0.0000e+00
       1716     26.577     8.5061   3.344782     0.5901     0.0149  0.1025895    73.9446     26.328    31.5750     0.2278 0.0000e+00
       1717     26.599     8.5064   3.345016     0.5900     0.0149  0.1025327    74.0034     26.350    31.5772     0.2276 0.0000e+00
       1718     26.621     8.5068   3.345246     0.5899     0.0148  0.1024723    74.0614     26.372    31.5792     0.2274 0.0000e+00
       1719     26.643     8.5071   3.345474     0.5898     0.0148  0.1024078    74.1181     26.394    31.5813     0.2272 0.0000e+00
       1720     26.664     8.5074   3.345697     0.5897     0.0148  0.1023398    74.1732     26.414    31.5834     0.2270 0.0000e+00
       1721     26.686     8.5077   3.345919     0.5896     0.0148  0.1022710    74.2271     26.436    31.5854     0.2269 0.0000e+00
       1722     26.708     8.5080   3.346139     0.5895     0.0148  0.1022054    74.2802     26.458    31.5874     0.2267 0.0000e+00
       1723     26.729     8.5083   3.346355     0.5894     0.0147  0.1021441    74.3332     26.479    31.5894     0.2265 0.0000e+00
       1724     26.751     8.5086   3.346569     0.5893     0.0147  0.1020875    74.3866     26.501    31.5914     0.2263 0.0000e+00
       1725     26.773     8.5089   3.346781     0.5892     0.0147  0.1020361    74.4404     26.522    31.5933     0.2262 0.0000e+00
       1726     26.794     8.5092   3.346989     0.5891     0.0147  0.1019888    74.4945     26.543    31.5952     0.2260 0.0000e+00
       1727     26.816     8.5095   3.347195     0.5890     0.0147  0.1019442    74.5485     26.565    31.5971     0.2259 0.0000e+00
       1728     26.838     8.5098   3.347400     0.5889     0.0146  0.1019022    74.6021     26.587    31.5990     0.2257 0.0000e+00
       1729     26.860     8.5100   3.347601     0.5889     0.0146  0.1018623    74.6555     26.609    31.6009     0.2258 0.0000e+00
       1730     26.882     8.5103   3.347800     0.5888     0.0146  0.1018245    74.7086     26.630    31.6027     0.2256 0.0000e+00
       1731     26.903     8.5106   3.347998     0.5887     0.0146  0.1017882    74.7615     26.651    31.6045     0.2254 0.0000e+00
       1732     26.925     8.5109   3.348194     0.5886     0.0146  0.1017535    74.8142     26.673    31.6063     0.2253 0.0000e+00
       1733     26.947     8.5111   3.348386     0.5885     0.0146  0.1017199    74.8663     26.695    31.6081     0.2251 0.0000e+00
       1734     26.969     8.5114   3.348578     0.5884     0.0146  0.1016872    74.9171     26.717    31.6098     0.2249 0.0000e+00
       1735     26.990     8.5117   3.348768     0.5883     0.0146  0.1016553    74.9666     26.737    31.6115     0.2247 0.0000e+00
       1736     27.012     8.5119   3.348954     0.5883     0.0146  0.1016238    75.0146     26.759    31.6133     0.2249 0.0000e+00
       1737     27.034     8.5122   3.349141     0.5882     0.0146  0.1015926    75.0611     26.781    31.6150     0.2247 0.0000e+00
       1738     27.056     8.5125   3.349325     0.5881     0.0145  0.1015624    75.1062     26.803    31.6166     0.2246 0.0000e+00
       1739     27.078     8.5127   3.349509     0.5880     0.0145  0.1015345    75.1502     26.825    31.6183     0.2243 0.0000e+00
       1740     27.100     8.5130   3.349691     0.5879     0.0145  0.1015089    75.1935     26.846    31.6200     0.2241 0.0000e+00
       1741     27.121     8.5133   3.349871     0.5878     0.0145  0.1014836    75.2368     26.867    31.6216     0.2239 0.0000e+00
       1742     27.143     8.5135   3.350050     0.5877     0.0145  0.1014576    75.2806     26.889    31.6233     0.2237 0.0000e+00
       1743     27.165     8.5138   3.350228     0.5877     0.0145  0.1014307    75.3252     26.911    31.6248     0.2238 0.0000e+00
       1744     27.187     8.5141   3.350406     0.5876     0.0145  0.1014027    75.3705     26.933    31.6264     0.2235 0.0000e+00
       1745     27.209     8.5144   3.350581     0.5875     0.0145  0.1013735    75.4164     26.954    31.6280     0.2233 0.0000e+00
       1746     27.231     8.5146   3.350757     0.5874     0.0144  0.1013437    75.4623     26.976    31.6296     0.2231 0.0000e+00
       1747     27.253     8.5149   3.350931     0.5873     0.0144  0.1013148    75.5078     26.998    31.6312     0.2228 0.0000e+00
       1748     27.275     8.5152   3.351106     0.5872     0.0144  0.1012874    75.5528     27.020    31.6327     0.2226 0.0000e+00
       1749     27.296     8.5155   3.351278     0.5871     0.0144  0.1012613    75.5973     27.041    31.6343     0.2223 0.0000e+00
       1750     27.318     8.5157   3.351451     0.5871     0.0144  0.1012364    75.6413     27.062    31.6359     0.2223 0.0000e+00
       1751     27.340     8.5160   3.351624     0.5870     0.0144  0.1012124    75.6851     27.084    31.6374     0.2220 0.0000e+00
       1752     27.362     8.5163   3.351796     0.5869     0.0144  0.1011902    75.7289     27.106    31.6389     0.2217 0.0000e+00
       1753     27.384     8.5166   3.351969     0.5868     0.0144  0.1011703    75.7729     27.128    31.6405     0.2215 0.0000e+00
       1754     27.406     8.5169   3.352140     0.5867     0.0144  0.1011517    75.8171     27.149    31.6420     0.2212 0.0000e+00
       1755     27.428     8.5172   3.352312     0.5866     0.0144  0.1011336    75.8614     27.171    31.6435     0.2209 0.0000e+00
       1756     27.450     8.5174   3.352483     0.5866     0.0144  0.1011157    75.9059     27.193    31.6451     0.2210 0.0000e+00
       1757     27.472     8.5177   3.352655     0.5865     0.0144  0.1010980    75.9506     27.215    31.6466     0.2207 0.0000e+00
       1758     27.494     8.5180   3.352827     0.5864     0.0144  0.1010802    75.9956     27.237    31.6481     0.2204 0.0000e+00
       1759     27.516     8.5183   3.352999     0.5863     0.0144  0.1010624    76.0409     27.258    31.6497     0.2202 0.0000e+00
       1760     27.538     8.5186   3.353170     0.5863     0.0144  0.1010444    76.0861     27.280    31.6512     0.2202 0.0000e+00
       1761     27.560     8.5189   3.353342     0.5862     0.0144  0.1010260    76.1306     27.302    31.6527     0.2199 0.0000e+00
       1762     27.582     8.5192   3.353514     0.5861     0.0143  0.1010071    76.1739     27.324    31.6542     0.2197 0.0000e+00
       1763     27.604     8.5195   3.353687     0.5860     0.0143  0.1009876    76.2160     27.346    31.6557     0.2194 0.0000e+00
       1764     27.626     8.5198   3.353859     0.5859     0.0143  0.1009673    76.2569     27.367    31.6573     0.2192 0.0000e+00
       1765     27.648     8.5201   3.354032     0.5859     0.0143  0.1009462    76.2968     27.389    31.6588     0.2193 0.0000e+00
       1766     27.669     8.5203   3.354206     0.5858     0.0143  0.1009240    76.3359     27.410    31.6604     0.2190 0.0000e+00
       1767     27.691     8.5206   3.354378     0.5857     0.0143  0.1009007    76.3746     27.432    31.6620     0.2188 0.0000e+00
       1768     27.713     8.5209   3.354552     0.5856     0.0143  0.1008759    76.4128     27.454    31.6635     0.2185 0.0000e+00
       1769     27.735     8.5212   3.354726     0.5855     0.0143  0.1008497    76.4505     27.475    31.6650     0.2183 0.0000e+00
       1770     27.757     8.5215   3.354900     0.5855     0.0143  0.1008226    76.4882     27.497    31.6666     0.2183 0.0000e+00
       1771     27.779     8.5218   3.355075     0.5854     0.0143  0.1007961    76.5260     27.519    31.6681     0.2181 0.0000e+00
       1772     27.801     8.5221   3.355249     0.5853     0.0143  0.1007710    76.5641     27.541    31.6697     0.2178 0.0000e+00
       1773     27.823     8.5223   3.355423     0.5852     0.0143  0.1007470    76.6034     27.563    31.6713     0.2176 0.0000e+00
       1774     27.845     8.5226   3.355597     0.5851     0.0143  0.1007240    76.6448     27.584    31.6729     0.2173 0.0000e+00
       1775     27.867     8.5229   3.355772     0.5850     0.0143  0.1007018    76.6894     27.606    31.6744     0.2171 0.0000e+00
       1776     27.889     8.5232   3.355947     0.5849     0.0143  0.1006803    76.7368     27.628    31.6760     0.2168 0.0000e+00
       1777     27.911     8.5235   3.356122     0.5849     0.0143  0.1006592    76.7863     27.650    31.6775     0.2169 0.0000e+00
       1778     27.933     8.5238   3.356297     0.5848     0.0143  0.1006386    76.8370     27.672    31.6791     0.2166 0.0000e+00
       1779     27.955     8.5241   3.356473     0.5847     0.0143  0.1006181    76.8886     27.693    31.6806     0.2164 0.0000e+00
       1780     27.977     8.5244   3.356648     0.5846     0.0143  0.1005978    76.9405     27.715    31.6822     0.2161 0.0000e+00
       1781     27.999     8.5248   3.356824     0.5846     0.0143  0.1005774    76.9922     27.737    31.6837     0.2162 0.0000e+00
       1782     28.020     8.5251   3.357000     0.5845     0.0143  0.1005567    77.0434     27.758    31.6852     0.2160 0.0000e+00
       1783     28.042     8.5254   3.357178     0.5844     0.0143  0.1005358    77.0936     27.779    31.6868     0.2157 0.0000e+00
       1784     28.064     8.5257   3.357354     0.5843     0.0143  0.1005143    77.1425     27.801    31.6884     0.2155 0.0000e+00
       1785     28.086     8.5261   3.357532     0.5843     0.0143  0.1004922    77.1896     27.823    31.6899     0.2156 0.0000e+00
       1786     28.108     8.5264   3.357711     0.5842     0.0143  0.1004692    77.2345     27.845    31.6915     0.2153 0.0000e+00
       1787     28.130     8.5267   3.357890     0.5841     0.0143  0.1004454    77.2773     27.867    31.6930     0.2151 0.0000e+00
       1788     28.152     8.5271   3.358069     0.5841     0.0143  0.1004204    77.3180     27.888    31.6946     0.2152 0.0000e+00
       1789     28.174     8.5274   3.358251     0.5840     0.0143  0.1003941    77.3569     27.910    31.6962     0.2149 0.0000e+00
       1790     28.197     8.5277   3.358432     0.5839     0.0143  0.1003663    77.3946     27.933    31.6978     0.2147 0.0000e+00
       1791     28.219     8.5281   3.358614     0.5839     0.0143  0.1003369    77.4316     27.955    31.6993     0.2148 0.0000e+00
       1792     28.241     8.5284   3.358798     0.5838     0.0143  0.1003056    77.4681     27.977    31.7010     0.2146 0.0000e+00
       1793     28.263     8.5288   3.358982     0.5837     0.0143  0.1002721    77.5050     27.998    31.7025     0.2144 0.0000e+00
       1794     28.285     8.5291   3.359168     0.5836     0.0143  0.1002364    77.5430     28.020    31.7042     0.2141 0.0000e+00
       1795     28.307     8.5295   3.359356     0.5835     0.0143  0.1001981    77.5829     28.042    31.7058     0.2139 0.0000e+00
       1796     28.330     8.5298   3.359544     0.5835     0.0143  0.1001569    77.6246     28.065    31.7075     0.2139 0.0000e+00
       1797     28.352     8.5301   3.359732     0.5834     0.0143  0.1001143    77.6676     28.087    31.7092     0.2137 0.0000e+00
       1798     28.374     8.5304   3.359922     0.5833     0.0143  0.1000734    77.7117     28.108    31.7109     0.2134 0.0000e+00
       1799     28.396     8.5308   3.360113     0.5833     0.0143  0.1000356    77.7565     28.130    31.7125     0.2134 0.0000e+00
       1800     28.419     8.5311   3.360306     0.5832     0.0143  0.1000005    77.8016     28.153    31.7143     0.2131 0.0000e+00
       1801     28.441     8.5314   3.360499     0.5831     0.0143  0.0999681    77.8473     28.175    31.7160     0.2128 0.0000e+00
       1802     28.463     8.5317   3.360693     0.5831     0.0143  0.0999380    77.8940     28.197    31.7177     0.2128 0.0000e+00
       1803     28.485     8.5320   3.360886     0.5830     0.0143  0.0999101    77.9422     28.218    31.7195     0.2126 0.0000e+00
       1804     28.508     8.5323   3.361082     0.5829     0.0143  0.0998841    77.9918     28.241    31.7213     0.2122 0.0000e+00
