data/2022/thursday_data/Station B1.cnv
* Sea-Bird SBE 9 Data File:
* FileName = C:\Users\ctd-user\Desktop\CTD data\MAR440 Sept 2022\Day2\Station B1.hex
* Software Version Seasave V 7.26.2.13
* Temperature SN = 4493
* Conductivity SN = 1899
* Number of Bytes Per Scan = 37
* Number of Voltage Words = 4
* Number of Scans Averaged by the Deck Unit = 1
* NMEA Latitude = 58 20.24 N
* NMEA Longitude = 011 54.01 E
* NMEA UTC (Time) = Sep 08 2022 08:31:21
* NMEA baud rate = 4800
** Ship:
** Station:
** Operator:
# nquan = 12                                
# nvalues = 2529                        
# units = specified
# name 0 = scan: Scan Count
# name 1 = prDM: Pressure, Digiquartz [db]
# name 2 = t090C: Temperature [ITS-90, deg C]
# name 3 = c0S/m: Conductivity [S/m]
# name 4 = sbeox0V: Oxygen raw, SBE 43 [V]
# name 5 = flECO-AFL: Fluorescence, WET Labs ECO-AFL/FL [mg/m^3]
# name 6 = upoly0: Upoly 0, Turbidity
# name 7 = xmiss: Beam Transmission, Chelsea/Seatech [%]
# name 8 = depSM: Depth [salt water, m], lat = 58.3373
# name 9 = sal00: Salinity, Practical [PSU]
# name 10 = sbeox0ML/L: Oxygen, SBE 43 [ml/l], WS = 2
# name 11 = flag: flag
# span 0 =          1,       2529       
# span 1 =      1.287,     39.288       
# span 2 =     8.0537,    18.6990       
# span 3 =   3.112756,   3.392360       
# span 4 =     0.5507,     2.5716       
# span 5 =     0.0061,     0.0404       
# span 6 =  0.0944248,  0.1084624       
# span 7 =    66.9286,    93.6997       
# span 8 =      1.275,     38.919       
# span 9 =    23.8737,    32.0166       
# span 10 =     0.1287,     5.0496      
# span 11 = 0.0000e+00, 0.0000e+00      
# interval = seconds: 0.0416667
# start_time = Sep 08 2022 08:31:21 [NMEA time, header]
# bad_flag = -9.990e-29
*END*
[from data line 843]
        844      4.602    18.5665   3.302893     2.5095     0.0237  0.0978463    86.2490      4.559    23.9391     4.8161 -9.990e-29
        845      4.624    18.5666   3.303057     2.5088     0.0238  0.0978439    86.2504      4.581    23.9404     4.8117 -9.990e-29
        846      4.647    18.5667   3.303218     2.5081     0.0238  0.0978426    86.2514      4.604    23.9416     4.8071 -9.990e-29
        847      4.669    18.5669   3.303378     2.5074     0.0238  0.0978425    86.2521      4.626    23.9428     4.8023 -9.990e-29
        848      4.691    18.5670   3.303534     2.5066     0.0238  0.0978436    86.2526      4.647    23.9440     4.7972 -9.990e-29
        849      4.714    18.5672   3.303687     2.5058     0.0238  0.0978458    86.2529      4.670    23.9451     4.7919 -9.990e-29
        850      4.736    18.5673   3.303837     2.5049     0.0238  0.0978492    86.2530      4.692    23.9462     4.7862 -9.990e-29
        851      4.758    18.5675   3.303986     2.5040     0.0238  0.0978537    86.2527      4.714    23.9473     4.7804 -9.990e-29
        852      4.781    18.5677   3.304133     2.5030     0.0238  0.0978596    86.2523      4.737    23.9483     4.7742 -9.990e-29
        853      4.803    18.5680   3.304278     2.5020     0.0238  0.0978667    86.2520      4.758    23.9493     4.7679 -9.990e-29
        854      4.825    18.5683   3.304420     2.5010     0.0238  0.0978751    86.2522      4.780    23.9503     4.7615 -9.990e-29
        855      4.847    18.5686   3.304561     2.4999     0.0238  0.0978849    86.2534      4.802    23.9512     4.7548 -9.990e-29
        856      4.870    18.5689   3.304702     2.4987     0.0238  0.0978961    86.2554      4.825    23.9522     4.7477 -9.990e-29
        857      4.892    18.5693   3.304843     2.4975     0.0238  0.0979089    86.2583      4.846    23.9531     4.7406 -9.990e-29
        858      4.914    18.5697   3.304982     2.4962     0.0238  0.0979233    86.2621      4.868    23.9539     4.7332 -9.990e-29
        859      4.936    18.5702   3.305123     2.4949     0.0237  0.0979394    86.2670      4.890    23.9548     4.7258 -9.990e-29
        860      4.958    18.5707   3.305263     2.4935     0.0237  0.0979565    86.2728      4.912    23.9556     4.7181 -9.990e-29
        861      4.980    18.5712   3.305402     2.4920     0.0237  0.0979730    86.2795      4.934    23.9564     4.7101 0.0000e+00
        862      5.002    18.5717   3.305543     2.4905     0.0237  0.0979882    86.2866      4.955    23.9572     4.7021 0.0000e+00
        863      5.024    18.5722   3.305684     2.4889     0.0237  0.0980021    86.2939      4.977    23.9581     4.6939 0.0000e+00
        864      5.046    18.5727   3.305826     2.4873     0.0237  0.0980149    86.3011      4.999    23.9589     4.6857 0.0000e+00
        865      5.068    18.5732   3.305971     2.4856     0.0237  0.0980267    86.3083      5.021    23.9598     4.6773 0.0000e+00
        866      5.090    18.5736   3.306118     2.4839     0.0237  0.0980375    86.3157      5.043    23.9607     4.6689 0.0000e+00
        867      5.112    18.5741   3.306266     2.4821     0.0237  0.0980474    86.3233      5.064    23.9616     4.6604 0.0000e+00
        868      5.134    18.5745   3.306416     2.4802     0.0237  0.0980565    86.3309      5.086    23.9626     4.6517 0.0000e+00
        869      5.156    18.5749   3.306567     2.4783     0.0237  0.0980648    86.3383      5.108    23.9636     4.6430 0.0000e+00
        870      5.178    18.5752   3.306721     2.4764     0.0237  0.0980724    86.3456      5.130    23.9646     4.6345 0.0000e+00
        871      5.200    18.5756   3.306878     2.4744     0.0237  0.0980794    86.3528      5.152    23.9656     4.6257 0.0000e+00
        872      5.222    18.5759   3.307038     2.4723     0.0237  0.0980859    86.3599      5.173    23.9667     4.6169 0.0000e+00
        873      5.244    18.5763   3.307205     2.4702     0.0236  0.0980917    86.3672      5.195    23.9678     4.6081 0.0000e+00
        874      5.266    18.5766   3.307375     2.4680     0.0236  0.0980971    86.3747      5.217    23.9690     4.5992 0.0000e+00
        875      5.288    18.5769   3.307550     2.4659     0.0236  0.0981019    86.3829      5.239    23.9702     4.5907 0.0000e+00
        876      5.310    18.5772   3.307728     2.4636     0.0236  0.0981064    86.3920      5.261    23.9715     4.5819 0.0000e+00
        877      5.332    18.5775   3.307905     2.4614     0.0236  0.0981104    86.4021      5.282    23.9727     4.5734 0.0000e+00
        878      5.354    18.5778   3.308083     2.4591     0.0236  0.0981141    86.4132      5.304    23.9740     4.5648 0.0000e+00
        879      5.376    18.5781   3.308264     2.4568     0.0236  0.0981174    86.4253      5.326    23.9752     4.5563 0.0000e+00
        880      5.398    18.5785   3.308446     2.4545     0.0236  0.0981204    86.4387      5.348    23.9765     4.5480 0.0000e+00
        881      5.420    18.5789   3.308632     2.4521     0.0236  0.0981230    86.4532      5.370    23.9777     4.5395 0.0000e+00
        882      5.442    18.5793   3.308820     2.4497     0.0236  0.0981254    86.4689      5.391    23.9790     4.5312 0.0000e+00
        883      5.464    18.5799   3.309011     2.4473     0.0236  0.0981275    86.4859      5.413    23.9802     4.5231 0.0000e+00
        884      5.486    18.5805   3.309205     2.4449     0.0236  0.0981293    86.5046      5.435    23.9814     4.5151 0.0000e+00
        885      5.508    18.5812   3.309401     2.4425     0.0236  0.0981309    86.5251      5.457    23.9825     4.5072 0.0000e+00
        886      5.530    18.5820   3.309603     2.4400     0.0235  0.0981323    86.5477      5.479    23.9837     4.4992 0.0000e+00
        887      5.551    18.5828   3.309808     2.4375     0.0235  0.0981334    86.5721      5.499    23.9848     4.4913 0.0000e+00
        888      5.573    18.5838   3.310018     2.4350     0.0235  0.0981343    86.5983      5.521    23.9859     4.4835 0.0000e+00
        889      5.595    18.5849   3.310234     2.4325     0.0235  0.0981350    86.6261      5.543    23.9870     4.4759 0.0000e+00
        890      5.617    18.5861   3.310457     2.4300     0.0235  0.0981355    86.6550      5.565    23.9881     4.4684 0.0000e+00
        891      5.638    18.5875   3.310688     2.4274     0.0235  0.0981358    86.6849      5.586    23.9891     4.4608 0.0000e+00
        892      5.660    18.5889   3.310928     2.4249     0.0235  0.0981359    86.7156      5.607    23.9902     4.4536 0.0000e+00
        893      5.682    18.5905   3.311179     2.4224     0.0235  0.0981358    86.7468      5.629    23.9913     4.4464 0.0000e+00
        894      5.704    18.5921   3.311443     2.4198     0.0235  0.0981355    86.7784      5.651    23.9925     4.4391 0.0000e+00
        895      5.726    18.5938   3.311721     2.4172     0.0235  0.0981350    86.8100      5.673    23.9937     4.4320 0.0000e+00
        896      5.748    18.5956   3.312015     2.4147     0.0235  0.0981343    86.8417      5.694    23.9950     4.4251 0.0000e+00
        897      5.770    18.5973   3.312325     2.4121     0.0235  0.0981333    86.8734      5.716    23.9965     4.4182 0.0000e+00
        898      5.792    18.5991   3.312652     2.4096     0.0234  0.0981322    86.9053      5.738    23.9981     4.4115 0.0000e+00
        899      5.814    18.6009   3.312997     2.4070     0.0234  0.0981308    86.9379      5.760    23.9998     4.4047 0.0000e+00
        900      5.835    18.6027   3.313359     2.4044     0.0234  0.0981292    86.9711      5.781    24.0017     4.3981 0.0000e+00
        901      5.857    18.6046   3.313740     2.4019     0.0234  0.0981273    87.0048      5.802    24.0036     4.3917 0.0000e+00
        902      5.879    18.6064   3.314139     2.3993     0.0234  0.0981252    87.0389      5.824    24.0058     4.3851 0.0000e+00
        903      5.901    18.6083   3.314559     2.3967     0.0234  0.0981228    87.0734      5.846    24.0080     4.3786 0.0000e+00
        904      5.923    18.6103   3.314997     2.3942     0.0234  0.0981201    87.1085      5.868    24.0103     4.3725 0.0000e+00
        905      5.945    18.6122   3.315451     2.3916     0.0234  0.0981171    87.1443      5.890    24.0129     4.3661 0.0000e+00
        906      5.966    18.6142   3.315920     2.3890     0.0234  0.0981137    87.1812      5.910    24.0155     4.3598 0.0000e+00
        907      5.988    18.6162   3.316399     2.3865     0.0234  0.0981100    87.2197      5.932    24.0181     4.3538 0.0000e+00
        908      6.010    18.6182   3.316888     2.3839     0.0234  0.0981060    87.2602      5.954    24.0209     4.3476 0.0000e+00
        909      6.032    18.6203   3.317383     2.3814     0.0234  0.0981015    87.3034      5.976    24.0236     4.3416 0.0000e+00
        910      6.053    18.6224   3.317884     2.3788     0.0234  0.0980966    87.3497      5.997    24.0264     4.3355 0.0000e+00
        911      6.075    18.6246   3.318388     2.3763     0.0233  0.0980912    87.3994      6.018    24.0292     4.3297 0.0000e+00
        912      6.097    18.6267   3.318896     2.3738     0.0233  0.0980852    87.4524      6.040    24.0320     4.3238 0.0000e+00
        913      6.119    18.6287   3.319407     2.3713     0.0233  0.0980788    87.5077      6.062    24.0349     4.3180 0.0000e+00
        914      6.140    18.6306   3.319923     2.3688     0.0233  0.0980717    87.5644      6.083    24.0379     4.3122 0.0000e+00
        915      6.162    18.6324   3.320443     2.3663     0.0233  0.0980640    87.6214      6.105    24.0411     4.3065 0.0000e+00
        916      6.183    18.6341   3.320966     2.3638     0.0233  0.0980556    87.6780      6.125    24.0443     4.3007 0.0000e+00
        917      6.205    18.6358   3.321494     2.3614     0.0233  0.0980464    87.7338      6.147    24.0475     4.2953 0.0000e+00
        918      6.226    18.6375   3.322026     2.3589     0.0233  0.0980364    87.7885      6.168    24.0507     4.2895 0.0000e+00
        919      6.248    18.6392   3.322565     2.3565     0.0232  0.0980255    87.8420      6.190    24.0541     4.2841 0.0000e+00
        920      6.269    18.6408   3.323111     2.3540     0.0232  0.0980137    87.8940      6.211    24.0575     4.2784 0.0000e+00
        921      6.291    18.6425   3.323663     2.3516     0.0232  0.0980008    87.9447      6.232    24.0609     4.2729 0.0000e+00
        922      6.313    18.6441   3.324219     2.3492     0.0232  0.0979867    87.9943      6.254    24.0644     4.2674 0.0000e+00
        923      6.334    18.6457   3.324777     2.3469     0.0232  0.0979714    88.0431      6.275    24.0680     4.2622 0.0000e+00
        924      6.356    18.6472   3.325333     2.3445     0.0232  0.0979548    88.0913      6.297    24.0715     4.2568 0.0000e+00
        925      6.378    18.6488   3.325887     2.3421     0.0231  0.0979367    88.1391      6.319    24.0750     4.2513 0.0000e+00
        926      6.399    18.6503   3.326435     2.3397     0.0231  0.0979170    88.1869      6.339    24.0785     4.2458 0.0000e+00
        927      6.421    18.6518   3.326977     2.3374     0.0231  0.0978956    88.2341      6.361    24.0820     4.2405 0.0000e+00
        928      6.442    18.6533   3.327512     2.3350     0.0231  0.0978724    88.2805      6.382    24.0854     4.2350 0.0000e+00
        929      6.463    18.6549   3.328043     2.3326     0.0230  0.0978470    88.3254      6.403    24.0887     4.2294 0.0000e+00
        930      6.485    18.6565   3.328570     2.3303     0.0230  0.0978195    88.3686      6.425    24.0920     4.2241 0.0000e+00
        931      6.506    18.6581   3.329093     2.3279     0.0230  0.0977896    88.4103      6.445    24.0953     4.2185 0.0000e+00
        932      6.528    18.6598   3.329612     2.3256     0.0229  0.0977571    88.4506      6.467    24.0984     4.2132 0.0000e+00
        933      6.549    18.6614   3.330127     2.3232     0.0229  0.0977217    88.4898      6.488    24.1016     4.2076 0.0000e+00
        934      6.571    18.6630   3.330637     2.3208     0.0228  0.0976832    88.5280      6.510    24.1047     4.2019 0.0000e+00
        935      6.593    18.6645   3.331141     2.3185     0.0228  0.0976414    88.5651      6.532    24.1079     4.1965 0.0000e+00
        936      6.614    18.6660   3.331641     2.3161     0.0227  0.0975977    88.6010      6.552    24.1110     4.1908 0.0000e+00
        937      6.636    18.6674   3.332135     2.3138     0.0227  0.0975551    88.6354      6.574    24.1141     4.1854 0.0000e+00
        938      6.657    18.6688   3.332626     2.3114     0.0226  0.0975151    88.6681      6.595    24.1173     4.1796 0.0000e+00
        939      6.679    18.6701   3.333111     2.3091     0.0226  0.0974773    88.6995      6.617    24.1204     4.1741 0.0000e+00
        940      6.700    18.6713   3.333596     2.3068     0.0226  0.0974415    88.7299      6.638    24.1235     4.1686 0.0000e+00
        941      6.722    18.6725   3.334078     2.3044     0.0225  0.0974076    88.7596      6.659    24.1267     4.1627 0.0000e+00
        942      6.744    18.6735   3.334560     2.3021     0.0225  0.0973751    88.7888      6.681    24.1300     4.1572 0.0000e+00
        943      6.765    18.6745   3.335039     2.2998     0.0224  0.0973439    88.8174      6.702    24.1332     4.1515 0.0000e+00
        944      6.787    18.6755   3.335515     2.2974     0.0224  0.0973139    88.8454      6.724    24.1364     4.1457 0.0000e+00
        945      6.809    18.6764   3.335989     2.2951     0.0224  0.0972847    88.8731      6.746    24.1397     4.1400 0.0000e+00
        946      6.830    18.6773   3.336459     2.2928     0.0223  0.0972561    88.9006      6.766    24.1429     4.1343 0.0000e+00
        947      6.852    18.6782   3.336924     2.2905     0.0223  0.0972281    88.9282      6.788    24.1461     4.1285 0.0000e+00
        948      6.874    18.6790   3.337384     2.2882     0.0223  0.0972003    88.9555      6.810    24.1493     4.1228 0.0000e+00
        949      6.895    18.6798   3.337836     2.2858     0.0222  0.0971726    88.9827      6.831    24.1525     4.1168 0.0000e+00
        950      6.917    18.6805   3.338283     2.2835     0.0222  0.0971448    89.0097      6.853    24.1556     4.1110 0.0000e+00
        951      6.939    18.6812   3.338722     2.2812     0.0221  0.0971167    89.0369      6.874    24.1587     4.1051 0.0000e+00
        952      6.961    18.6820   3.339156     2.2788     0.0221  0.0970881    89.0644      6.896    24.1617     4.0990 0.0000e+00
        953      6.982    18.6827   3.339583     2.2765     0.0221  0.0970588    89.0924      6.917    24.1647     4.0931 0.0000e+00
        954      7.004    18.6834   3.340005     2.2742     0.0220  0.0970286    89.1208      6.939    24.1677     4.0871 0.0000e+00
        955      7.026    18.6841   3.340421     2.2719     0.0220  0.0969973    89.1499      6.961    24.1706     4.0812 0.0000e+00
        956      7.048    18.6847   3.340832     2.2696     0.0219  0.0969647    89.1798      6.982    24.1735     4.0752 0.0000e+00
        957      7.069    18.6852   3.341240     2.2673     0.0219  0.0969306    89.2105      7.003    24.1765     4.0692 0.0000e+00
        958      7.091    18.6858   3.341644     2.2650     0.0218  0.0968946    89.2421      7.025    24.1794     4.0631 0.0000e+00
        959      7.112    18.6863   3.342044     2.2627     0.0217  0.0968566    89.2739      7.046    24.1823     4.0570 0.0000e+00
        960      7.134    18.6867   3.342441     2.2603     0.0217  0.0968163    89.3057      7.068    24.1852     4.0506 0.0000e+00
        961      7.156    18.6872   3.342836     2.2580     0.0216  0.0967734    89.3368      7.089    24.1881     4.0444 0.0000e+00
        962      7.178    18.6877   3.343228     2.2556     0.0215  0.0967293    89.3671      7.111    24.1909     4.0379 0.0000e+00
