data/2022/thursday_data/Station B3.cnv
* Sea-Bird SBE 9 Data File:
* FileName = C:\Users\ctd-user\Desktop\CTD data\MAR440 Sept 2022\Day2\Station B3.hex
* Software Version Seasave V 7.26.2.13
* Temperature SN = 4493
* Conductivity SN = 1899
* Number of Bytes Per Scan = 37
* Number of Voltage Words = 4
* Number of Scans Averaged by the Deck Unit = 1
* NMEA Latitude = 58 19.79 N
* NMEA Longitude = 011 51.99 E
* NMEA UTC (Time) = Sep 08 2022 10:22:31
* NMEA baud rate = 4800
** Ship:
** Station:
** Operator:
# nquan = 12                                
# nvalues = 2701                        
# units = specified
# name 0 = scan: Scan Count
# name 1 = prDM: Pressure, Digiquartz [db]
# name 2 = t090C: Temperature [ITS-90, deg C]
# name 3 = c0S/m: Conductivity [S/m]
# name 4 = sbeox0V: Oxygen raw, SBE 43 [V]
# name 5 = flECO-AFL: Fluorescence, WET Labs ECO-AFL/FL [mg/m^3]
# name 6 = upoly0: Upoly 0, Turbidity
# name 7 = xmiss: Beam Transmission, Chelsea/Seatech [%]
# name 8 = depSM: Depth [salt water, m], lat = 58.3298
# name 9 = sal00: Salinity, Practical [PSU]
# name 10 = sbeox0ML/L: Oxygen, SBE 43 [ml/l], WS = 2
# name 11 = flag: flag
# span 0 =          1,       2701       
# span 1 =      1.478,     45.543       
# span 2 =     8.0795,    18.5008       
# span 3 =   3.103419,   3.394416       
# span 4 =     0.5558,     2.6883       
# span 5 =     0.0052,     0.0458       
# span 6 =  0.0939894,  0.1070858       
# span 7 =    71.6920,    95.6057       
# span 8 =      1.464,     45.115       
# span 9 =    23.7478,    32.0367       
# span 10 =     0.1440,     5.3571      
# span 11 = 0.0000e+00, 0.0000e+00      
# interval = seconds: 0.0416667
# start_time = Sep 08 2022 10:22:31 [NMEA time, header]
# bad_flag = -9.990e-29
*END*
[from data line 2166]
       2167     36.560     8.5763   3.392612     0.5660     0.0146  0.0950963    92.7362     36.217    32.0080     0.1711 0.0000e+00
       2168     36.582     8.5762   3.392626     0.5659     0.0146  0.0950930    92.7471     36.239    32.0082     0.1707 0.0000e+00
       2169     36.604     8.5761   3.392641     0.5659     0.0146  0.0950887    92.7572     36.261    32.0085     0.1707 0.0000e+00
       2170     36.626     8.5760   3.392655     0.5659     0.0146  0.0950833    92.7663     36.282    32.0087     0.1707 0.0000e+00
       2171     36.648     8.5759   3.392669     0.5659     0.0146  0.0950769    92.7742     36.304    32.0089     0.1707 0.0000e+00
       2172     36.669     8.5758   3.392683     0.5658     0.0146  0.0950694    92.7808     36.325    32.0091     0.1704 0.0000e+00
       2173     36.691     8.5757   3.392696     0.5658     0.0146  0.0950608    92.7861     36.347    32.0094     0.1703 0.0000e+00
       2174     36.713     8.5756   3.392709     0.5658     0.0146  0.0950510    92.7904     36.369    32.0096     0.1703 0.0000e+00
       2175     36.735     8.5754   3.392722     0.5658     0.0146  0.0950398    92.7936     36.390    32.0099     0.1703 0.0000e+00
       2176     36.757     8.5753   3.392734     0.5657     0.0146  0.0950274    92.7960     36.412    32.0101     0.1700 0.0000e+00
       2177     36.780     8.5753   3.392746     0.5657     0.0146  0.0950135    92.7985     36.435    32.0102     0.1699 0.0000e+00
       2178     36.802     8.5752   3.392758     0.5657     0.0146  0.0949980    92.8027     36.457    32.0104     0.1699 0.0000e+00
       2179     36.824     8.5751   3.392770     0.5657     0.0146  0.0949809    92.8108     36.479    32.0106     0.1699 0.0000e+00
       2180     36.846     8.5750   3.392781     0.5657     0.0146  0.0949629    92.8237     36.500    32.0108     0.1698 0.0000e+00
       2181     36.868     8.5749   3.392791     0.5656     0.0146  0.0949455    92.8409     36.522    32.0110     0.1695 0.0000e+00
       2182     36.890     8.5748   3.392802     0.5656     0.0146  0.0949296    92.8609     36.544    32.0112     0.1695 0.0000e+00
       2183     36.912     8.5747   3.392812     0.5656     0.0146  0.0949149    92.8823     36.566    32.0114     0.1694 0.0000e+00
       2184     36.934     8.5746   3.392822     0.5655     0.0146  0.0949014    92.9043     36.587    32.0116     0.1691 0.0000e+00
       2185     36.956     8.5745   3.392832     0.5655     0.0146  0.0948890    92.9263     36.609    32.0118     0.1690 0.0000e+00
       2186     36.978     8.5744   3.392842     0.5655     0.0146  0.0948775    92.9476     36.631    32.0119     0.1690 0.0000e+00
       2187     37.000     8.5743   3.392851     0.5654     0.0146  0.0948670    92.9677     36.653    32.0121     0.1686 0.0000e+00
       2188     37.023     8.5742   3.392861     0.5654     0.0146  0.0948573    92.9862     36.676    32.0123     0.1685 0.0000e+00
       2189     37.045     8.5741   3.392870     0.5654     0.0146  0.0948484    93.0030     36.697    32.0125     0.1685 0.0000e+00
       2190     37.067     8.5740   3.392880     0.5653     0.0146  0.0948402    93.0183     36.719    32.0127     0.1682 0.0000e+00
       2191     37.089     8.5738   3.392889     0.5653     0.0147  0.0948327    93.0323     36.741    32.0129     0.1681 0.0000e+00
       2192     37.112     8.5737   3.392899     0.5653     0.0147  0.0948258    93.0450     36.764    32.0131     0.1681 0.0000e+00
       2193     37.134     8.5736   3.392908     0.5653     0.0147  0.0948194    93.0565     36.786    32.0133     0.1680 0.0000e+00
       2194     37.156     8.5735   3.392917     0.5652     0.0147  0.0948135    93.0670     36.807    32.0135     0.1677 0.0000e+00
       2195     37.179     8.5733   3.392925     0.5652     0.0147  0.0948081    93.0772     36.830    32.0137     0.1677 0.0000e+00
       2196     37.201     8.5732   3.392934     0.5652     0.0147  0.0948031    93.0876     36.852    32.0139     0.1677 0.0000e+00
       2197     37.223     8.5730   3.392941     0.5651     0.0147  0.0947986    93.0985     36.874    32.0141     0.1674 0.0000e+00
       2198     37.246     8.5729   3.392949     0.5651     0.0147  0.0947944    93.1098     36.897    32.0143     0.1674 0.0000e+00
       2199     37.268     8.5728   3.392957     0.5651     0.0147  0.0947905    93.1212     36.918    32.0145     0.1673 0.0000e+00
       2200     37.291     8.5726   3.392965     0.5650     0.0147  0.0947869    93.1328     36.941    32.0147     0.1671 0.0000e+00
       2201     37.313     8.5725   3.392972     0.5650     0.0147  0.0947837    93.1443     36.963    32.0149     0.1671 0.0000e+00
       2202     37.336     8.5723   3.392979     0.5650     0.0147  0.0947807    93.1556     36.986    32.0151     0.1671 0.0000e+00
       2203     37.359     8.5722   3.392986     0.5649     0.0147  0.0947779    93.1666     37.008    32.0153     0.1668 0.0000e+00
       2204     37.381     8.5721   3.392992     0.5649     0.0147  0.0947754    93.1769     37.030    32.0154     0.1669 0.0000e+00
       2205     37.404     8.5719   3.392998     0.5649     0.0147  0.0947730    93.1865     37.053    32.0157     0.1669 0.0000e+00
       2206     37.426     8.5718   3.393005     0.5648     0.0147  0.0947709    93.1954     37.075    32.0158     0.1667 0.0000e+00
       2207     37.448     8.5717   3.393010     0.5648     0.0147  0.0947689    93.2032     37.097    32.0159     0.1667 0.0000e+00
       2208     37.471     8.5716   3.393016     0.5648     0.0148  0.0947671    93.2098     37.119    32.0161     0.1668 0.0000e+00
       2209     37.493     8.5714   3.393021     0.5647     0.0148  0.0947654    93.2148     37.141    32.0163     0.1665 0.0000e+00
       2210     37.515     8.5713   3.393026     0.5647     0.0148  0.0947638    93.2188     37.163    32.0164     0.1665 0.0000e+00
       2211     37.537     8.5712   3.393031     0.5646     0.0148  0.0947624    93.2224     37.185    32.0166     0.1663 0.0000e+00
       2212     37.559     8.5711   3.393038     0.5646     0.0148  0.0947611    93.2261     37.207    32.0167     0.1663 0.0000e+00
       2213     37.581     8.5710   3.393043     0.5646     0.0148  0.0947599    93.2305     37.228    32.0169     0.1663 0.0000e+00
       2214     37.604     8.5709   3.393048     0.5646     0.0148  0.0947588    93.2357     37.251    32.0170     0.1663 0.0000e+00
       2215     37.626     8.5708   3.393053     0.5645     0.0148  0.0947578    93.2415     37.273    32.0171     0.1660 0.0000e+00
       2216     37.648     8.5706   3.393057     0.5645     0.0148  0.0947569    93.2481     37.295    32.0173     0.1660 0.0000e+00
       2217     37.671     8.5705   3.393062     0.5645     0.0148  0.0947560    93.2553     37.317    32.0175     0.1660 0.0000e+00
       2218     37.693     8.5704   3.393067     0.5644     0.0148  0.0947552    93.2631     37.339    32.0176     0.1658 0.0000e+00
       2219     37.715     8.5703   3.393072     0.5644     0.0148  0.0947545    93.2715     37.361    32.0177     0.1658 0.0000e+00
       2220     37.737     8.5702   3.393078     0.5644     0.0148  0.0947539    93.2810     37.383    32.0179     0.1658 0.0000e+00
       2221     37.759     8.5702   3.393084     0.5644     0.0148  0.0947533    93.2916     37.405    32.0179     0.1658 0.0000e+00
       2222     37.781     8.5701   3.393089     0.5644     0.0148  0.0947527    93.3031     37.426    32.0181     0.1658 0.0000e+00
       2223     37.804     8.5700   3.393094     0.5643     0.0148  0.0947522    93.3152     37.449    32.0182     0.1655 0.0000e+00
       2224     37.826     8.5699   3.393099     0.5643     0.0148  0.0947517    93.3276     37.471    32.0183     0.1656 0.0000e+00
       2225     37.848     8.5698   3.393104     0.5643     0.0148  0.0947513    93.3402     37.493    32.0185     0.1656 0.0000e+00
       2226     37.870     8.5697   3.393108     0.5643     0.0149  0.0947509    93.3531     37.515    32.0186     0.1655 0.0000e+00
       2227     37.892     8.5697   3.393114     0.5643     0.0149  0.0947506    93.3662     37.536    32.0186     0.1656 0.0000e+00
       2228     37.915     8.5696   3.393119     0.5642     0.0149  0.0947503    93.3794     37.559    32.0188     0.1653 0.0000e+00
       2229     37.937     8.5695   3.393124     0.5642     0.0149  0.0947500    93.3929     37.581    32.0189     0.1652 0.0000e+00
       2230     37.959     8.5695   3.393129     0.5642     0.0149  0.0947497    93.4063     37.603    32.0189     0.1653 0.0000e+00
       2231     37.981     8.5694   3.393134     0.5642     0.0149  0.0947495    93.4195     37.625    32.0191     0.1652 0.0000e+00
       2232     38.003     8.5694   3.393140     0.5641     0.0149  0.0947492    93.4324     37.646    32.0191     0.1649 0.0000e+00
       2233     38.025     8.5693   3.393145     0.5641     0.0149  0.0947490    93.4448     37.668    32.0193     0.1649 0.0000e+00
       2234     38.048     8.5693   3.393150     0.5641     0.0149  0.0947489    93.4563     37.691    32.0193     0.1648 0.0000e+00
       2235     38.070     8.5692   3.393155     0.5640     0.0149  0.0947487    93.4667     37.713    32.0194     0.1645 0.0000e+00
       2236     38.092     8.5692   3.393161     0.5640     0.0149  0.0947486    93.4758     37.734    32.0195     0.1644 0.0000e+00
       2237     38.114     8.5691   3.393167     0.5639     0.0149  0.0947485    93.4837     37.756    32.0196     0.1641 0.0000e+00
       2238     38.136     8.5691   3.393172     0.5639     0.0149  0.0947484    93.4906     37.778    32.0197     0.1640 0.0000e+00
       2239     38.158     8.5691   3.393177     0.5639     0.0149  0.0947483    93.4969     37.800    32.0197     0.1640 0.0000e+00
       2240     38.181     8.5691   3.393184     0.5638     0.0149  0.0947482    93.5029     37.823    32.0198     0.1637 0.0000e+00
       2241     38.203     8.5690   3.393189     0.5638     0.0149  0.0947482    93.5083     37.844    32.0199     0.1636 0.0000e+00
       2242     38.225     8.5690   3.393195     0.5638     0.0149  0.0947482    93.5132     37.866    32.0200     0.1636 0.0000e+00
       2243     38.247     8.5690   3.393201     0.5637     0.0149  0.0947481    93.5176     37.888    32.0200     0.1633 0.0000e+00
       2244     38.270     8.5690   3.393207     0.5637     0.0149  0.0947481    93.5215     37.911    32.0201     0.1632 0.0000e+00
       2245     38.292     8.5690   3.393213     0.5637     0.0149  0.0947482    93.5252     37.933    32.0201     0.1632 0.0000e+00
       2246     38.314     8.5690   3.393220     0.5637     0.0149  0.0947482    93.5287     37.954    32.0202     0.1632 0.0000e+00
       2247     38.336     8.5690   3.393225     0.5636     0.0149  0.0947482    93.5322     37.976    32.0202     0.1629 0.0000e+00
       2248     38.359     8.5690   3.393232     0.5636     0.0149  0.0947483    93.5359     37.999    32.0203     0.1628 0.0000e+00
       2249     38.381     8.5690   3.393238     0.5636     0.0150  0.0947483    93.5395     38.021    32.0204     0.1628 0.0000e+00
       2250     38.403     8.5690   3.393244     0.5635     0.0150  0.0947484    93.5428     38.043    32.0204     0.1626 0.0000e+00
       2251     38.425     8.5690   3.393251     0.5635     0.0150  0.0947485    93.5457     38.064    32.0205     0.1626 0.0000e+00
       2252     38.448     8.5690   3.393257     0.5635     0.0150  0.0947487    93.5486     38.087    32.0205     0.1626 0.0000e+00
       2253     38.470     8.5691   3.393264     0.5634     0.0150  0.0947488    93.5519     38.109    32.0205     0.1623 0.0000e+00
       2254     38.492     8.5691   3.393270     0.5634     0.0150  0.0947490    93.5558     38.131    32.0205     0.1624 0.0000e+00
       2255     38.514     8.5691   3.393278     0.5633     0.0150  0.0947491    93.5600     38.152    32.0206     0.1621 0.0000e+00
       2256     38.537     8.5691   3.393284     0.5633     0.0150  0.0947493    93.5641     38.175    32.0207     0.1621 0.0000e+00
       2257     38.559     8.5691   3.393291     0.5633     0.0150  0.0947496    93.5677     38.197    32.0207     0.1621 0.0000e+00
       2258     38.581     8.5691   3.393298     0.5632     0.0150  0.0947498    93.5708     38.219    32.0208     0.1619 0.0000e+00
       2259     38.604     8.5691   3.393305     0.5632     0.0150  0.0947501    93.5741     38.242    32.0209     0.1619 0.0000e+00
       2260     38.626     8.5691   3.393311     0.5632     0.0150  0.0947504    93.5779     38.263    32.0209     0.1619 0.0000e+00
       2261     38.648     8.5691   3.393319     0.5631     0.0150  0.0947508    93.5823     38.285    32.0210     0.1617 0.0000e+00
       2262     38.670     8.5691   3.393326     0.5631     0.0150  0.0947511    93.5869     38.307    32.0211     0.1617 0.0000e+00
       2263     38.693     8.5691   3.393333     0.5631     0.0150  0.0947515    93.5914     38.330    32.0211     0.1617 0.0000e+00
       2264     38.715     8.5691   3.393341     0.5630     0.0150  0.0947520    93.5957     38.352    32.0212     0.1614 0.0000e+00
       2265     38.737     8.5691   3.393347     0.5630     0.0150  0.0947525    93.5995     38.373    32.0212     0.1614 0.0000e+00
       2266     38.759     8.5691   3.393355     0.5630     0.0150  0.0947530    93.6026     38.395    32.0213     0.1614 0.0000e+00
       2267     38.781     8.5691   3.393362     0.5630     0.0150  0.0947536    93.6050     38.417    32.0214     0.1615 0.0000e+00
       2268     38.804     8.5692   3.393370     0.5629     0.0150  0.0947542    93.6068     38.440    32.0214     0.1612 0.0000e+00
       2269     38.826     8.5692   3.393377     0.5629     0.0150  0.0947549    93.6079     38.462    32.0214     0.1612 0.0000e+00
       2270     38.848     8.5692   3.393383     0.5629     0.0150  0.0947557    93.6084     38.483    32.0215     0.1612 0.0000e+00
       2271     38.870     8.5692   3.393391     0.5629     0.0150  0.0947565    93.6085     38.505    32.0216     0.1613 0.0000e+00
       2272     38.892     8.5692   3.393398     0.5628     0.0150  0.0947574    93.6081     38.527    32.0216     0.1610 0.0000e+00
       2273     38.914     8.5692   3.393405     0.5628     0.0150  0.0947583    93.6074     38.549    32.0217     0.1610 0.0000e+00
       2274     38.936     8.5692   3.393413     0.5628     0.0150  0.0947594    93.6062     38.570    32.0218     0.1611 0.0000e+00
       2275     38.959     8.5692   3.393420     0.5628     0.0150  0.0947605    93.6043     38.593    32.0218     0.1611 0.0000e+00
       2276     38.981     8.5692   3.393426     0.5627     0.0150  0.0947618    93.6016     38.615    32.0219     0.1608 0.0000e+00
       2277     39.003     8.5692   3.393434     0.5627     0.0149  0.0947632    93.5980     38.637    32.0219     0.1608 0.0000e+00
       2278     39.025     8.5692   3.393441     0.5627     0.0149  0.0947646    93.5935     38.659    32.0220     0.1609 0.0000e+00
       2279     39.048     8.5692   3.393447     0.5626     0.0149  0.0947663    93.5891     38.681    32.0221     0.1606 0.0000e+00
       2280     39.070     8.5692   3.393455     0.5626     0.0149  0.0947680    93.5858     38.703    32.0221     0.1606 0.0000e+00
       2281     39.092     8.5692   3.393461     0.5625     0.0149  0.0947699    93.5847     38.725    32.0222     0.1604 0.0000e+00
       2282     39.114     8.5692   3.393467     0.5625     0.0149  0.0947720    93.5859     38.747    32.0222     0.1604 0.0000e+00
       2283     39.137     8.5692   3.393474     0.5625     0.0149  0.0947742    93.5885     38.770    32.0223     0.1604 0.0000e+00
       2284     39.159     8.5692   3.393481     0.5625     0.0149  0.0947767    93.5919     38.791    32.0224     0.1605 0.0000e+00
       2285     39.181     8.5692   3.393487     0.5624     0.0149  0.0947793    93.5959     38.813    32.0224     0.1602 0.0000e+00
