data/2022/thursday_data/Station B2,1.cnv
* Sea-Bird SBE 9 Data File:
* FileName = C:\Users\ctd-user\Desktop\CTD data\MAR440 Sept 2022\Day2\Station B2,1.hex
* Software Version Seasave V 7.26.2.13
* Temperature SN = 4493
* Conductivity SN = 1899
* Number of Bytes Per Scan = 37
* Number of Voltage Words = 4
* Number of Scans Averaged by the Deck Unit = 1
* NMEA Latitude = 58 19.94 N
* NMEA Longitude = 011 52.60 E
* NMEA UTC (Time) = Sep 08 2022 09:59:02
* NMEA baud rate = 4800
** Ship:
** Station:
** Operator:
# nquan = 12                                
# nvalues = 2801                        
# units = specified
# name 0 = scan: Scan Count
# name 1 = prDM: Pressure, Digiquartz [db]
# name 2 = t090C: Temperature [ITS-90, deg C]
# name 3 = c0S/m: Conductivity [S/m]
# name 4 = sbeox0V: Oxygen raw, SBE 43 [V]
# name 5 = flECO-AFL: Fluorescence, WET Labs ECO-AFL/FL [mg/m^3]
# name 6 = upoly0: Upoly 0, Turbidity
# name 7 = xmiss: Beam Transmission, Chelsea/Seatech [%]
# name 8 = depSM: Depth [salt water, m], lat = 58.3323
# name 9 = sal00: Salinity, Practical [PSU]
# name 10 = sbeox0ML/L: Oxygen, SBE 43 [ml/l], WS = 2
# name 11 = flag: flag
# span 0 =          1,       2801       
# span 1 =      1.923,     45.045       
# span 2 =     8.0632,    18.2546       
# span 3 =   3.113100,   3.394656       
# span 4 =     0.5493,     2.7285       
# span 5 =     0.0067,     0.0421       
# span 6 =  0.0943237,  0.1072028       
# span 7 =    69.4459,    93.9041       
# span 8 =      1.905,     44.621       
# span 9 =    23.7166,    32.0350       
# span 10 =     0.1257,     5.4703      
# span 11 = 0.0000e+00, 0.0000e+00      
# interval = seconds: 0.0416667
# start_time = Sep 08 2022 09:59:02 [NMEA time, header]
# bad_flag = -9.990e-29
*END*
[from data line 2286]
       2287     42.465     8.5666   3.394096     0.5561     0.0149  0.0944714    93.4915     42.066    32.0297     0.1434 0.0000e+00
       2288     42.475     8.5666   3.394098     0.5561     0.0149  0.0944617    93.4875     42.076    32.0297     0.1434 0.0000e+00
       2289     42.485     8.5666   3.394100     0.5561     0.0149  0.0944534    93.4838     42.086    32.0297     0.1434 0.0000e+00
       2290     42.494     8.5666   3.394102     0.5561     0.0149  0.0944464    93.4802     42.095    32.0297     0.1434 0.0000e+00
       2291     42.504     8.5666   3.394103     0.5561     0.0149  0.0944408    93.4767     42.105    32.0297     0.1434 0.0000e+00
       2292     42.513     8.5666   3.394105     0.5561     0.0149  0.0944364    93.4733     42.114    32.0298     0.1434 0.0000e+00
       2293     42.523     8.5666   3.394107     0.5560     0.0149  0.0944333    93.4700     42.123    32.0298     0.1431 0.0000e+00
       2294     42.532     8.5666   3.394109     0.5560     0.0149  0.0944314    93.4667     42.132    32.0298     0.1431 0.0000e+00
       2295     42.542     8.5666   3.394112     0.5560     0.0149  0.0944308    93.4635     42.142    32.0298     0.1431 0.0000e+00
       2296     42.552     8.5666   3.394114     0.5560     0.0149  0.0944313    93.4603     42.152    32.0298     0.1431 0.0000e+00
       2297     42.561     8.5666   3.394116     0.5560     0.0149  0.0944330    93.4575     42.161    32.0299     0.1431 0.0000e+00
       2298     42.571     8.5666   3.394117     0.5560     0.0149  0.0944360    93.4547     42.171    32.0299     0.1431 0.0000e+00
       2299     42.580     8.5666   3.394119     0.5559     0.0149  0.0944402    93.4517     42.180    32.0299     0.1428 0.0000e+00
       2300     42.590     8.5666   3.394121     0.5559     0.0149  0.0944456    93.4484     42.190    32.0299     0.1428 0.0000e+00
       2301     42.600     8.5666   3.394123     0.5559     0.0149  0.0944524    93.4450     42.200    32.0299     0.1428 0.0000e+00
       2302     42.609     8.5666   3.394125     0.5559     0.0149  0.0944605    93.4422     42.209    32.0299     0.1429 0.0000e+00
       2303     42.619     8.5666   3.394127     0.5558     0.0149  0.0944701    93.4404     42.219    32.0299     0.1426 0.0000e+00
       2304     42.628     8.5666   3.394129     0.5558     0.0149  0.0944811    93.4397     42.227    32.0300     0.1426 0.0000e+00
       2305     42.638     8.5666   3.394132     0.5558     0.0149  0.0944937    93.4397     42.237    32.0300     0.1426 0.0000e+00
       2306     42.647     8.5666   3.394133     0.5558     0.0149  0.0945079    93.4404     42.246    32.0300     0.1425 0.0000e+00
       2307     42.657     8.5666   3.394135     0.5558     0.0149  0.0945230    93.4420     42.256    32.0300     0.1425 0.0000e+00
       2308     42.667     8.5666   3.394137     0.5557     0.0149  0.0945374    93.4456     42.266    32.0300     0.1422 0.0000e+00
       2309     42.676     8.5666   3.394139     0.5557     0.0149  0.0945503    93.4520     42.275    32.0300     0.1422 0.0000e+00
       2310     42.686     8.5666   3.394141     0.5557     0.0149  0.0945619    93.4610     42.285    32.0301     0.1422 0.0000e+00
       2311     42.695     8.5666   3.394142     0.5557     0.0149  0.0945722    93.4719     42.294    32.0301     0.1422 0.0000e+00
       2312     42.705     8.5666   3.394144     0.5556     0.0149  0.0945813    93.4838     42.304    32.0301     0.1418 0.0000e+00
       2313     42.714     8.5666   3.394146     0.5556     0.0149  0.0945893    93.4962     42.313    32.0301     0.1418 0.0000e+00
       2314     42.724     8.5666   3.394148     0.5556     0.0149  0.0945962    93.5087     42.323    32.0301     0.1418 0.0000e+00
       2315     42.734     8.5666   3.394150     0.5556     0.0148  0.0946020    93.5213     42.332    32.0301     0.1418 0.0000e+00
       2316     42.744     8.5666   3.394152     0.5555     0.0148  0.0946068    93.5339     42.342    32.0301     0.1415 0.0000e+00
       2317     42.753     8.5666   3.394154     0.5555     0.0148  0.0946107    93.5461     42.351    32.0302     0.1415 0.0000e+00
       2318     42.763     8.5666   3.394156     0.5555     0.0148  0.0946136    93.5574     42.361    32.0302     0.1415 0.0000e+00
       2319     42.773     8.5666   3.394158     0.5555     0.0148  0.0946156    93.5677     42.371    32.0302     0.1414 0.0000e+00
       2320     42.783     8.5666   3.394160     0.5555     0.0148  0.0946167    93.5767     42.381    32.0302     0.1414 0.0000e+00
       2321     42.793     8.5666   3.394162     0.5555     0.0148  0.0946168    93.5846     42.391    32.0302     0.1414 0.0000e+00
       2322     42.802     8.5665   3.394164     0.5555     0.0149  0.0946161    93.5917     42.400    32.0303     0.1413 0.0000e+00
       2323     42.812     8.5665   3.394165     0.5554     0.0149  0.0946137    93.5978     42.410    32.0303     0.1410 0.0000e+00
       2324     42.822     8.5665   3.394167     0.5554     0.0149  0.0946086    93.6032     42.420    32.0304     0.1410 0.0000e+00
       2325     42.832     8.5665   3.394169     0.5554     0.0149  0.0946017    93.6084     42.430    32.0304     0.1410 0.0000e+00
       2326     42.842     8.5665   3.394171     0.5554     0.0149  0.0945938    93.6139     42.439    32.0304     0.1410 0.0000e+00
       2327     42.852     8.5665   3.394173     0.5553     0.0149  0.0945848    93.6196     42.449    32.0304     0.1407 0.0000e+00
       2328     42.862     8.5665   3.394175     0.5553     0.0149  0.0945747    93.6252     42.459    32.0304     0.1406 0.0000e+00
       2329     42.872     8.5665   3.394177     0.5553     0.0149  0.0945635    93.6304     42.469    32.0304     0.1406 0.0000e+00
       2330     42.882     8.5665   3.394178     0.5552     0.0149  0.0945509    93.6348     42.479    32.0304     0.1403 0.0000e+00
       2331     42.892     8.5665   3.394181     0.5552     0.0149  0.0945370    93.6385     42.489    32.0305     0.1403 0.0000e+00
       2332     42.902     8.5665   3.394183     0.5552     0.0149  0.0945217    93.6417     42.499    32.0305     0.1403 0.0000e+00
       2333     42.912     8.5665   3.394185     0.5552     0.0149  0.0945048    93.6448     42.509    32.0305     0.1402 0.0000e+00
       2334     42.922     8.5665   3.394187     0.5552     0.0149  0.0944870    93.6479     42.519    32.0305     0.1402 0.0000e+00
       2335     42.933     8.5664   3.394187     0.5551     0.0149  0.0944701    93.6508     42.530    32.0306     0.1400 0.0000e+00
       2336     42.943     8.5664   3.394190     0.5551     0.0150  0.0944545    93.6535     42.539    32.0306     0.1400 0.0000e+00
       2337     42.954     8.5664   3.394192     0.5551     0.0150  0.0944404    93.6559     42.550    32.0307     0.1399 0.0000e+00
       2338     42.964     8.5664   3.394193     0.5551     0.0150  0.0944275    93.6581     42.560    32.0307     0.1399 0.0000e+00
       2339     42.975     8.5664   3.394195     0.5550     0.0150  0.0944158    93.6605     42.571    32.0307     0.1396 0.0000e+00
       2340     42.985     8.5664   3.394196     0.5550     0.0150  0.0944053    93.6630     42.581    32.0307     0.1397 0.0000e+00
       2341     42.996     8.5663   3.394198     0.5550     0.0150  0.0943957    93.6656     42.592    32.0308     0.1396 0.0000e+00
       2342     43.006     8.5663   3.394199     0.5550     0.0150  0.0943871    93.6684     42.602    32.0308     0.1396 0.0000e+00
       2343     43.017     8.5663   3.394201     0.5549     0.0150  0.0943794    93.6712     42.613    32.0308     0.1393 0.0000e+00
       2344     43.027     8.5663   3.394202     0.5549     0.0150  0.0943725    93.6741     42.623    32.0308     0.1394 0.0000e+00
       2345     43.038     8.5663   3.394203     0.5549     0.0150  0.0943665    93.6768     42.634    32.0308     0.1394 0.0000e+00
       2346     43.049     8.5662   3.394205     0.5548     0.0150  0.0943612    93.6794     42.644    32.0309     0.1391 0.0000e+00
       2347     43.059     8.5662   3.394206     0.5548     0.0150  0.0943566    93.6823     42.654    32.0309     0.1392 0.0000e+00
       2348     43.070     8.5662   3.394208     0.5548     0.0150  0.0943527    93.6859     42.665    32.0310     0.1392 0.0000e+00
       2349     43.081     8.5662   3.394209     0.5548     0.0150  0.0943495    93.6902     42.676    32.0310     0.1392 0.0000e+00
       2350     43.091     8.5661   3.394210     0.5547     0.0150  0.0943469    93.6950     42.686    32.0311     0.1390 0.0000e+00
       2351     43.102     8.5661   3.394211     0.5547     0.0150  0.0943449    93.7000     42.697    32.0311     0.1390 0.0000e+00
       2352     43.113     8.5661   3.394212     0.5547     0.0150  0.0943436    93.7050     42.708    32.0311     0.1390 0.0000e+00
       2353     43.123     8.5661   3.394213     0.5547     0.0150  0.0943428    93.7099     42.718    32.0311     0.1391 0.0000e+00
       2354     43.134     8.5660   3.394214     0.5546     0.0150  0.0943427    93.7146     42.729    32.0312     0.1388 0.0000e+00
       2355     43.145     8.5660   3.394215     0.5546     0.0150  0.0943431    93.7189     42.740    32.0312     0.1388 0.0000e+00
       2356     43.156     8.5660   3.394216     0.5546     0.0150  0.0943441    93.7229     42.750    32.0312     0.1388 0.0000e+00
       2357     43.167     8.5659   3.394216     0.5546     0.0150  0.0943457    93.7266     42.761    32.0313     0.1388 0.0000e+00
       2358     43.178     8.5659   3.394218     0.5546     0.0150  0.0943480    93.7300     42.772    32.0313     0.1389 0.0000e+00
       2359     43.188     8.5659   3.394219     0.5546     0.0150  0.0943508    93.7329     42.782    32.0313     0.1389 0.0000e+00
       2360     43.199     8.5658   3.394219     0.5545     0.0149  0.0943544    93.7351     42.793    32.0314     0.1387 0.0000e+00
       2361     43.210     8.5658   3.394220     0.5545     0.0149  0.0943585    93.7371     42.804    32.0314     0.1387 0.0000e+00
       2362     43.221     8.5658   3.394222     0.5545     0.0149  0.0943634    93.7392     42.815    32.0314     0.1387 0.0000e+00
       2363     43.231     8.5657   3.394222     0.5545     0.0149  0.0943691    93.7415     42.825    32.0315     0.1387 0.0000e+00
       2364     43.242     8.5657   3.394223     0.5545     0.0149  0.0943755    93.7438     42.836    32.0315     0.1388 0.0000e+00
       2365     43.253     8.5657   3.394224     0.5544     0.0149  0.0943827    93.7460     42.847    32.0315     0.1385 0.0000e+00
       2366     43.264     8.5656   3.394225     0.5544     0.0149  0.0943908    93.7479     42.857    32.0316     0.1386 0.0000e+00
       2367     43.275     8.5656   3.394226     0.5544     0.0149  0.0943998    93.7499     42.868    32.0316     0.1387 0.0000e+00
       2368     43.285     8.5656   3.394226     0.5544     0.0149  0.0944098    93.7519     42.878    32.0316     0.1387 0.0000e+00
       2369     43.296     8.5656   3.394227     0.5544     0.0149  0.0944209    93.7541     42.889    32.0316     0.1387 0.0000e+00
       2370     43.307     8.5655   3.394228     0.5543     0.0149  0.0944331    93.7560     42.900    32.0317     0.1384 0.0000e+00
       2371     43.318     8.5655   3.394229     0.5543     0.0149  0.0944465    93.7574     42.911    32.0317     0.1385 0.0000e+00
       2372     43.329     8.5655   3.394229     0.5543     0.0149  0.0944612    93.7583     42.922    32.0317     0.1385 0.0000e+00
       2373     43.339     8.5655   3.394230     0.5543     0.0149  0.0944774    93.7592     42.932    32.0317     0.1385 0.0000e+00
       2374     43.350     8.5654   3.394231     0.5543     0.0149  0.0944950    93.7612     42.943    32.0318     0.1385 0.0000e+00
       2375     43.361     8.5654   3.394232     0.5542     0.0149  0.0945144    93.7647     42.953    32.0318     0.1382 0.0000e+00
       2376     43.372     8.5654   3.394232     0.5542     0.0149  0.0945355    93.7694     42.964    32.0318     0.1382 0.0000e+00
       2377     43.383     8.5654   3.394233     0.5542     0.0149  0.0945585    93.7743     42.975    32.0318     0.1383 0.0000e+00
       2378     43.393     8.5653   3.394234     0.5542     0.0149  0.0945837    93.7785     42.985    32.0319     0.1383 0.0000e+00
       2379     43.404     8.5653   3.394235     0.5541     0.0149  0.0946111    93.7814     42.996    32.0319     0.1380 0.0000e+00
       2380     43.415     8.5653   3.394236     0.5541     0.0150  0.0946410    93.7828     43.007    32.0319     0.1380 0.0000e+00
       2381     43.425     8.5653   3.394236     0.5541     0.0150  0.0946735    93.7830     43.017    32.0319     0.1380 0.0000e+00
       2382     43.436     8.5653   3.394237     0.5541     0.0150  0.0947089    93.7834     43.028    32.0319     0.1381 0.0000e+00
       2383     43.446     8.5652   3.394238     0.5541     0.0150  0.0947475    93.7856     43.038    32.0320     0.1381 0.0000e+00
       2384     43.457     8.5652   3.394239     0.5541     0.0150  0.0947886    93.7906     43.049    32.0320     0.1381 0.0000e+00
       2385     43.468     8.5652   3.394240     0.5540     0.0150  0.0948301    93.7980     43.059    32.0320     0.1379 0.0000e+00
       2386     43.478     8.5652   3.394241     0.5540     0.0150  0.0948695    93.8072     43.069    32.0320     0.1379 0.0000e+00
       2387     43.489     8.5652   3.394242     0.5540     0.0150  0.0949064    93.8171     43.080    32.0320     0.1379 0.0000e+00
       2388     43.500     8.5651   3.394243     0.5540     0.0150  0.0949419    93.8271     43.091    32.0321     0.1379 0.0000e+00
       2389     43.511     8.5651   3.394244     0.5540     0.0150  0.0949771    93.8368     43.102    32.0321     0.1380 0.0000e+00
       2390     43.521     8.5651   3.394245     0.5540     0.0150  0.0950113    93.8455     43.112    32.0321     0.1380 0.0000e+00
       2391     43.532     8.5651   3.394246     0.5540     0.0150  0.0950440    93.8529     43.123    32.0321     0.1380 0.0000e+00
       2392     43.542     8.5650   3.394248     0.5539     0.0150  0.0950753    93.8586     43.133    32.0322     0.1378 0.0000e+00
       2393     43.553     8.5650   3.394249     0.5539     0.0150  0.0951056    93.8627     43.144    32.0323     0.1378 0.0000e+00
       2394     43.563     8.5650   3.394250     0.5539     0.0150  0.0951349    93.8651     43.154    32.0323     0.1378 0.0000e+00
       2395     43.574     8.5650   3.394251     0.5539     0.0150  0.0951635    93.8659     43.164    32.0323     0.1378 0.0000e+00
       2396     43.584     8.5650   3.394254     0.5539     0.0150  0.0951917    93.8651     43.174    32.0323     0.1378 0.0000e+00
       2397     43.595     8.5649   3.394254     0.5538     0.0150  0.0952195    93.8626     43.185    32.0324     0.1376 0.0000e+00
       2398     43.605     8.5649   3.394255     0.5538     0.0151  0.0952473    93.8585     43.195    32.0324     0.1376 0.0000e+00
       2399     43.616     8.5649   3.394256     0.5538     0.0151  0.0952751    93.8527     43.206    32.0324     0.1376 0.0000e+00
       2400     43.626     8.5648   3.394258     0.5538     0.0151  0.0953033    93.8450     43.216    32.0325     0.1376 0.0000e+00
       2401     43.636     8.5648   3.394259     0.5538     0.0151  0.0953319    93.8352     43.226    32.0325     0.1376 0.0000e+00
       2402     43.646     8.5648   3.394260     0.5538     0.0151  0.0953611    93.8234     43.236    32.0325     0.1376 0.0000e+00
       2403     43.657     8.5647   3.394261     0.5538     0.0151  0.0953913    93.8101     43.247    32.0326     0.1376 0.0000e+00
       2404     43.667     8.5647   3.394262     0.5537     0.0151  0.0954226    93.7958     43.257    32.0326     0.1373 0.0000e+00
       2405     43.677     8.5647   3.394263     0.5537     0.0151  0.0954551    93.7814     43.266    32.0326     0.1373 0.0000e+00
       2406     43.688     8.5646   3.394264     0.5537     0.0151  0.0954892    93.7670     43.277    32.0327     0.1372 0.0000e+00
