data/2022/thursday_data/Station B2,1.cnv
* Sea-Bird SBE 9 Data File:
* FileName = C:\Users\ctd-user\Desktop\CTD data\MAR440 Sept 2022\Day2\Station B2,1.hex
* Software Version Seasave V 7.26.2.13
* Temperature SN = 4493
* Conductivity SN = 1899
* Number of Bytes Per Scan = 37
* Number of Voltage Words = 4
* Number of Scans Averaged by the Deck Unit = 1
* NMEA Latitude = 58 19.94 N
* NMEA Longitude = 011 52.60 E
* NMEA UTC (Time) = Sep 08 2022 09:59:02
* NMEA baud rate = 4800
** Ship:
** Station:
** Operator:
# nquan = 12                                
# nvalues = 2801                        
# units = specified
# name 0 = scan: Scan Count
# name 1 = prDM: Pressure, Digiquartz [db]
# name 2 = t090C: Temperature [ITS-90, deg C]
# name 3 = c0S/m: Conductivity [S/m]
# name 4 = sbeox0V: Oxygen raw, SBE 43 [V]
# name 5 = flECO-AFL: Fluorescence, WET Labs ECO-AFL/FL [mg/m^3]
# name 6 = upoly0: Upoly 0, Turbidity
# name 7 = xmiss: Beam Transmission, Chelsea/Seatech [%]
# name 8 = depSM: Depth [salt water, m], lat = 58.3323
# name 9 = sal00: Salinity, Practical [PSU]
# name 10 = sbeox0ML/L: Oxygen, SBE 43 [ml/l], WS = 2
# name 11 = flag: flag
# span 0 =          1,       2801       
# span 1 =      1.923,     45.045       
# span 2 =     8.0632,    18.2546       
# span 3 =   3.113100,   3.394656       
# span 4 =     0.5493,     2.7285       
# span 5 =     0.0067,     0.0421       
# span 6 =  0.0943237,  0.1072028       
# span 7 =    69.4459,    93.9041       
# span 8 =      1.905,     44.621       
# span 9 =    23.7166,    32.0350       
# span 10 =     0.1257,     5.4703      
# span 11 = 0.0000e+00, 0.0000e+00      
# interval = seconds: 0.0416667
# start_time = Sep 08 2022 09:59:02 [NMEA time, header]
# bad_flag = -9.990e-29
*END*
[from data line 241]
        242      1.923    18.2071   3.250164     2.7203     0.0214  0.0983836    85.0302      1.905    23.7235     5.4523 -9.990e-29
        243      1.923    18.2071   3.250164     2.7203     0.0214  0.0983943    85.0225      1.905    23.7235     5.4526 -9.990e-29
        244      1.923    18.2072   3.250165     2.7204     0.0215  0.0984032    85.0142      1.905    23.7235     5.4531 -9.990e-29
        245      1.923    18.2073   3.250166     2.7205     0.0215  0.0984103    85.0052      1.905    23.7234     5.4537 -9.990e-29
        246      1.923    18.2074   3.250166     2.7205     0.0215  0.0984158    84.9962      1.905    23.7234     5.4539 -9.990e-29
        247      1.923    18.2075   3.250168     2.7206     0.0215  0.0984196    84.9878      1.905    23.7233     5.4544 -9.990e-29
        248      1.923    18.2076   3.250168     2.7207     0.0215  0.0984218    84.9804      1.905    23.7233     5.4549 -9.990e-29
        249      1.923    18.2077   3.250170     2.7208     0.0215  0.0984223    84.9740      1.905    23.7232     5.4554 -9.990e-29
        250      1.924    18.2079   3.250170     2.7209     0.0215  0.0984213    84.9688      1.906    23.7231     5.4559 -9.990e-29
        251      1.924    18.2080   3.250172     2.7210     0.0215  0.0984187    84.9646      1.906    23.7231     5.4564 -9.990e-29
        252      1.924    18.2081   3.250172     2.7211     0.0215  0.0984144    84.9613      1.906    23.7230     5.4568 -9.990e-29
        253      1.925    18.2082   3.250174     2.7212     0.0215  0.0984085    84.9586      1.907    23.7230     5.4573 -9.990e-29
        254      1.925    18.2083   3.250174     2.7213     0.0215  0.0984008    84.9563      1.907    23.7229     5.4577 -9.990e-29
        255      1.925    18.2083   3.250174     2.7214     0.0216  0.0983914    84.9546      1.907    23.7229     5.4581 -9.990e-29
        256      1.926    18.2084   3.250176     2.7215     0.0216  0.0983802    84.9533      1.908    23.7229     5.4585 -9.990e-29
        257      1.926    18.2085   3.250176     2.7216     0.0216  0.0983671    84.9523      1.908    23.7228     5.4588 -9.990e-29
        258      1.927    18.2085   3.250176     2.7218     0.0216  0.0983520    84.9516      1.909    23.7228     5.4594 -9.990e-29
        259      1.927    18.2086   3.250176     2.7219     0.0216  0.0983348    84.9506      1.909    23.7228     5.4597 -9.990e-29
        260      1.927    18.2086   3.250177     2.7220     0.0216  0.0983154    84.9489      1.909    23.7228     5.4600 -9.990e-29
        261      1.928    18.2087   3.250178     2.7221     0.0216  0.0982936    84.9463      1.910    23.7227     5.4603 -9.990e-29
        262      1.928    18.2087   3.250178     2.7222     0.0216  0.0982693    84.9428      1.910    23.7227     5.4605 -9.990e-29
        263      1.929    18.2088   3.250178     2.7223     0.0215  0.0982424    84.9379      1.911    23.7227     5.4608 -9.990e-29
        264      1.929    18.2088   3.250178     2.7224     0.0215  0.0982126    84.9318      1.911    23.7227     5.4610 -9.990e-29
        265      1.930    18.2089   3.250179     2.7225     0.0215  0.0981806    84.9247      1.912    23.7226     5.4612 -9.990e-29
        266      1.930    18.2089   3.250179     2.7226     0.0215  0.0981478    84.9178      1.912    23.7226     5.4614 -9.990e-29
        267      1.930    18.2090   3.250179     2.7227     0.0215  0.0981158    84.9126      1.912    23.7226     5.4616 -9.990e-29
        268      1.931    18.2090   3.250179     2.7227     0.0215  0.0980860    84.9101      1.913    23.7226     5.4615 -9.990e-29
        269      1.931    18.2091   3.250179     2.7228     0.0215  0.0980590    84.9105      1.913    23.7225     5.4617 -9.990e-29
        270      1.931    18.2091   3.250179     2.7229     0.0215  0.0980347    84.9134      1.913    23.7225     5.4618 -9.990e-29
        271      1.932    18.2092   3.250179     2.7230     0.0215  0.0980129    84.9182      1.914    23.7225     5.4620 -9.990e-29
        272      1.932    18.2093   3.250178     2.7231     0.0215  0.0979934    84.9240      1.914    23.7224     5.4621 -9.990e-29
        273      1.933    18.2093   3.250178     2.7232     0.0215  0.0979762    84.9301      1.915    23.7224     5.4623 -9.990e-29
        274      1.934    18.2094   3.250179     2.7233     0.0215  0.0979610    84.9356      1.916    23.7223     5.4625 -9.990e-29
        275      1.935    18.2095   3.250179     2.7234     0.0215  0.0979478    84.9399      1.917    23.7223     5.4626 -9.990e-29
        276      1.935    18.2095   3.250178     2.7235     0.0215  0.0979365    84.9428      1.917    23.7223     5.4628 -9.990e-29
        277      1.936    18.2096   3.250178     2.7236     0.0215  0.0979270    84.9441      1.918    23.7222     5.4629 -9.990e-29
        278      1.938    18.2097   3.250178     2.7236     0.0215  0.0979192    84.9439      1.920    23.7222     5.4628 -9.990e-29
        279      1.939    18.2098   3.250178     2.7237     0.0215  0.0979131    84.9421      1.921    23.7221     5.4630 -9.990e-29
        280      1.940    18.2099   3.250178     2.7238     0.0215  0.0979087    84.9386      1.922    23.7220     5.4631 -9.990e-29
        281      1.942    18.2099   3.250177     2.7238     0.0215  0.0979059    84.9335      1.924    23.7220     5.4631 -9.990e-29
        282      1.943    18.2100   3.250176     2.7239     0.0214  0.0979047    84.9268      1.925    23.7220     5.4632 -9.990e-29
        283      1.945    18.2102   3.250175     2.7240     0.0214  0.0979051    84.9187      1.927    23.7218     5.4634 -9.990e-29
        284      1.947    18.2103   3.250174     2.7240     0.0214  0.0979070    84.9097      1.929    23.7218     5.4633 -9.990e-29
        285      1.949    18.2104   3.250174     2.7241     0.0214  0.0979106    84.9003      1.931    23.7217     5.4635 -9.990e-29
        286      1.951    18.2105   3.250172     2.7241     0.0214  0.0979158    84.8907      1.933    23.7216     5.4634 -9.990e-29
        287      1.954    18.2107   3.250171     2.7242     0.0214  0.0979227    84.8813      1.936    23.7215     5.4636 -9.990e-29
        288      1.957    18.2108   3.250169     2.7243     0.0214  0.0979313    84.8722      1.939    23.7214     5.4637 -9.990e-29
        289      1.960    18.2109   3.250167     2.7243     0.0214  0.0979416    84.8637      1.942    23.7214     5.4637 -9.990e-29
        290      1.963    18.2111   3.250166     2.7244     0.0214  0.0979538    84.8562      1.945    23.7212     5.4639 -9.990e-29
        291      1.967    18.2112   3.250164     2.7245     0.0214  0.0979679    84.8504      1.949    23.7212     5.4641 -9.990e-29
        292      1.971    18.2113   3.250163     2.7245     0.0214  0.0979841    84.8474      1.953    23.7211     5.4640 -9.990e-29
        293      1.976    18.2115   3.250162     2.7246     0.0214  0.0980015    84.8479      1.958    23.7210     5.4642 -9.990e-29
        294      1.980    18.2116   3.250160     2.7247     0.0214  0.0980187    84.8515      1.962    23.7209     5.4644 -9.990e-29
        295      1.985    18.2118   3.250159     2.7248     0.0214  0.0980348    84.8575      1.967    23.7208     5.4646 -9.990e-29
        296      1.990    18.2119   3.250157     2.7249     0.0213  0.0980501    84.8652      1.971    23.7207     5.4648 -9.990e-29
        297      1.995    18.2121   3.250156     2.7250     0.0213  0.0980645    84.8739      1.976    23.7206     5.4650 -9.990e-29
        298      2.001    18.2122   3.250154     2.7251     0.0213  0.0980783    84.8832      1.982    23.7205     5.4652 -9.990e-29
        299      2.008    18.2124   3.250153     2.7251     0.0213  0.0980914    84.8928      1.989    23.7204     5.4652 -9.990e-29
        300      2.014    18.2125   3.250151     2.7252     0.0213  0.0981040    84.9025      1.995    23.7203     5.4655 -9.990e-29
        301      2.021    18.2126   3.250150     2.7253     0.0213  0.0981163    84.9122      2.002    23.7202     5.4657 -9.990e-29
        302      2.028    18.2128   3.250148     2.7253     0.0213  0.0981281    84.9215      2.009    23.7201     5.4657 -9.990e-29
        303      2.036    18.2129   3.250147     2.7254     0.0213  0.0981397    84.9300      2.017    23.7200     5.4659 -9.990e-29
        304      2.043    18.2130   3.250145     2.7255     0.0213  0.0981512    84.9374      2.024    23.7200     5.4662 -9.990e-29
        305      2.051    18.2131   3.250143     2.7255     0.0213  0.0981625    84.9438      2.032    23.7199     5.4662 -9.990e-29
        306      2.060    18.2132   3.250142     2.7256     0.0213  0.0981739    84.9495      2.041    23.7198     5.4664 -9.990e-29
        307      2.068    18.2133   3.250140     2.7256     0.0213  0.0981853    84.9547      2.049    23.7197     5.4664 -9.990e-29
        308      2.077    18.2134   3.250138     2.7257     0.0213  0.0981968    84.9594      2.058    23.7197     5.4666 -9.990e-29
        309      2.087    18.2135   3.250136     2.7258     0.0213  0.0982086    84.9636      2.068    23.7196     5.4669 -9.990e-29
        310      2.096    18.2136   3.250135     2.7258     0.0213  0.0982206    84.9674      2.077    23.7195     5.4668 -9.990e-29
        311      2.106    18.2137   3.250133     2.7259     0.0213  0.0982331    84.9708      2.086    23.7194     5.4671 -9.990e-29
        312      2.116    18.2138   3.250131     2.7259     0.0213  0.0982460    84.9737      2.096    23.7194     5.4671 -9.990e-29
        313      2.126    18.2139   3.250130     2.7260     0.0214  0.0982595    84.9760      2.106    23.7193     5.4673 -9.990e-29
        314      2.136    18.2139   3.250128     2.7261     0.0214  0.0982736    84.9777      2.116    23.7193     5.4675 -9.990e-29
        315      2.146    18.2140   3.250126     2.7261     0.0214  0.0982885    84.9790      2.126    23.7192     5.4675 -9.990e-29
        316      2.157    18.2141   3.250124     2.7262     0.0214  0.0983043    84.9801      2.137    23.7191     5.4677 -9.990e-29
        317      2.167    18.2141   3.250123     2.7263     0.0214  0.0983211    84.9812      2.147    23.7191     5.4679 -9.990e-29
        318      2.178    18.2142   3.250121     2.7264     0.0214  0.0983389    84.9827      2.158    23.7190     5.4681 -9.990e-29
        319      2.189    18.2142   3.250119     2.7264     0.0214  0.0983571    84.9845      2.169    23.7190     5.4681 -9.990e-29
        320      2.200    18.2142   3.250118     2.7265     0.0214  0.0983740    84.9862      2.180    23.7190     5.4683 -9.990e-29
        321      2.211    18.2143   3.250117     2.7266     0.0214  0.0983891    84.9874      2.190    23.7189     5.4686 -9.990e-29
        322      2.221    18.2143   3.250115     2.7267     0.0214  0.0984023    84.9883      2.200    23.7189     5.4688 -9.990e-29
        323      2.232    18.2143   3.250114     2.7267     0.0214  0.0984137    84.9889      2.211    23.7189     5.4688 -9.990e-29
        324      2.243    18.2143   3.250112     2.7268     0.0214  0.0984235    84.9891      2.222    23.7189     5.4690 -9.990e-29
        325      2.253    18.2144   3.250112     2.7269     0.0214  0.0984317    84.9889      2.232    23.7188     5.4693 -9.990e-29
        326      2.264    18.2144   3.250111     2.7269     0.0214  0.0984383    84.9882      2.243    23.7188     5.4693 -9.990e-29
        327      2.274    18.2144   3.250108     2.7270     0.0214  0.0984435    84.9871      2.253    23.7188     5.4695 -9.990e-29
        328      2.285    18.2144   3.250107     2.7270     0.0214  0.0984472    84.9854      2.264    23.7188     5.4695 -9.990e-29
        329      2.295    18.2144   3.250105     2.7271     0.0214  0.0984495    84.9833      2.274    23.7188     5.4697 -9.990e-29
        330      2.304    18.2143   3.250104     2.7272     0.0214  0.0984503    84.9812      2.283    23.7188     5.4699 -9.990e-29
        331      2.314    18.2143   3.250102     2.7272     0.0214  0.0984497    84.9788      2.292    23.7188     5.4698 -9.990e-29
        332      2.323    18.2143   3.250101     2.7273     0.0214  0.0984486    84.9763      2.301    23.7188     5.4700 -9.990e-29
        333      2.332    18.2143   3.250099     2.7274     0.0214  0.0984477    84.9738      2.310    23.7188     5.4701 -9.990e-29
        334      2.340    18.2142   3.250097     2.7274     0.0214  0.0984463    84.9715      2.318    23.7188     5.4700 -9.990e-29
        335      2.348    18.2142   3.250096     2.7275     0.0214  0.0984434    84.9694      2.326    23.7188     5.4701 -9.990e-29
        336      2.356    18.2142   3.250094     2.7276     0.0214  0.0984391    84.9675      2.334    23.7188     5.4703 -9.990e-29
        337      2.363    18.2142   3.250093     2.7276     0.0214  0.0984333    84.9657      2.341    23.7188     5.4702 -9.990e-29
        338      2.370    18.2141   3.250092     2.7277     0.0214  0.0984259    84.9640      2.348    23.7188     5.4703 -9.990e-29
        339      2.377    18.2141   3.250091     2.7277     0.0214  0.0984170    84.9622      2.355    23.7188     5.4701 -9.990e-29
        340      2.384    18.2141   3.250091     2.7278     0.0214  0.0984064    84.9599      2.362    23.7188     5.4702 -9.990e-29
        341      2.390    18.2140   3.250092     2.7279     0.0214  0.0983941    84.9573      2.368    23.7189     5.4703 -9.990e-29
        342      2.396    18.2140   3.250092     2.7279     0.0214  0.0983800    84.9542      2.374    23.7189     5.4701 -9.990e-29
        343      2.401    18.2139   3.250092     2.7280     0.0214  0.0983648    84.9508      2.379    23.7189     5.4702 -9.990e-29
        344      2.406    18.2139   3.250092     2.7280     0.0214  0.0983502    84.9469      2.384    23.7189     5.4700 -9.990e-29
        345      2.411    18.2138   3.250093     2.7281     0.0214  0.0983369    84.9424      2.389    23.7190     5.4700 -9.990e-29
        346      2.415    18.2138   3.250094     2.7282     0.0214  0.0983248    84.9372      2.393    23.7190     5.4701 -9.990e-29
        347      2.420    18.2137   3.250094     2.7282     0.0214  0.0983138    84.9315      2.397    23.7191     5.4699 -9.990e-29
        348      2.424    18.2137   3.250094     2.7283     0.0214  0.0983038    84.9255      2.401    23.7190     5.4699 -9.990e-29
        349      2.427    18.2137   3.250095     2.7283     0.0214  0.0982948    84.9193      2.404    23.7191     5.4697 -9.990e-29
        350      2.431    18.2136   3.250094     2.7284     0.0214  0.0982867    84.9130      2.408    23.7191     5.4697 -9.990e-29
        351      2.435    18.2136   3.250094     2.7284     0.0214  0.0982794    84.9066      2.412    23.7191     5.4695 -9.990e-29
        352      2.438    18.2136   3.250094     2.7284     0.0214  0.0982730    84.8998      2.415    23.7191     5.4693 -9.990e-29
        353      2.442    18.2136   3.250094     2.7284     0.0214  0.0982673    84.8926      2.419    23.7191     5.4690 -9.990e-29
        354      2.445    18.2136   3.250094     2.7284     0.0214  0.0982623    84.8851      2.422    23.7191     5.4687 -9.990e-29
        355      2.448    18.2136   3.250094     2.7284     0.0214  0.0982580    84.8775      2.425    23.7191     5.4685 -9.990e-29
        356      2.452    18.2136   3.250094     2.7284     0.0214  0.0982543    84.8699      2.429    23.7191     5.4682 -9.990e-29
        357      2.455    18.2137   3.250094     2.7284     0.0214  0.0982513    84.8624      2.432    23.7190     5.4679 -9.990e-29
        358      2.458    18.2137   3.250094     2.7284     0.0214  0.0982488    84.8552      2.435    23.7190     5.4677 -9.990e-29
        359      2.462    18.2137   3.250094     2.7284     0.0214  0.0982470    84.8485      2.439    23.7190     5.4674 -9.990e-29
        360      2.465    18.2138   3.250094     2.7285     0.0214  0.0982457    84.8422      2.442    23.7190     5.4673 -9.990e-29
