data/2022/thursday_data/Station SH1.cnv
* Sea-Bird SBE 9 Data File:
* FileName = C:\Users\ctd-user\Desktop\CTD data\MAR440 Sept 2022\Day2\Station SH1.hex
* Software Version Seasave V 7.26.2.13
* Temperature SN = 4493
* Conductivity SN = 1899
* Number of Bytes Per Scan = 37
* Number of Voltage Words = 4
* Number of Scans Averaged by the Deck Unit = 1
* NMEA Latitude = 58 19.43 N
* NMEA Longitude = 011 50.48 E
* NMEA UTC (Time) = Sep 08 2022 11:09:28
* NMEA baud rate = 4800
** Ship:
** Station:
** Operator:
# nquan = 12                                
# nvalues = 875                         
# units = specified
# name 0 = scan: Scan Count
# name 1 = prDM: Pressure, Digiquartz [db]
# name 2 = t090C: Temperature [ITS-90, deg C]
# name 3 = c0S/m: Conductivity [S/m]
# name 4 = sbeox0V: Oxygen raw, SBE 43 [V]
# name 5 = flECO-AFL: Fluorescence, WET Labs ECO-AFL/FL [mg/m^3]
# name 6 = upoly0: Upoly 0, Turbidity
# name 7 = xmiss: Beam Transmission, Chelsea/Seatech [%]
# name 8 = depSM: Depth [salt water, m], lat = 58.3238
# name 9 = sal00: Salinity, Practical [PSU]
# name 10 = sbeox0ML/L: Oxygen, SBE 43 [ml/l], WS = 2
# name 11 = flag: flag
# span 0 =          1,        875       
# span 1 =      1.024,     10.129       
# span 2 =    18.3024,    18.6774       
# span 3 =   3.258156,   3.386359       
# span 4 =     2.2332,     2.7128       
# span 5 =     0.0171,     0.0201       
# span 6 =  0.0972280,  0.1009861       
# span 7 =    84.9640,    90.1334       
# span 8 =      1.014,     10.035       
# span 9 =    23.7313,    24.5932       
# span 10 =     4.1932,     5.4177      
# span 11 = 0.0000e+00, 0.0000e+00      
# interval = seconds: 0.0416667
# start_time = Sep 08 2022 11:09:28 [NMEA time, header]
# bad_flag = -9.990e-29
*END*
[from data line 602]
        603      8.659    18.6072   3.381841     2.2486     0.0191  0.0984647    89.2747      8.578    24.5472     4.2053 0.0000e+00
        604      8.670    18.6069   3.381965     2.2483     0.0191  0.0984553    89.2761      8.589    24.5484     4.2050 0.0000e+00
        605      8.681    18.6066   3.382087     2.2479     0.0191  0.0984479    89.2757      8.600    24.5495     4.2044 0.0000e+00
        606      8.691    18.6063   3.382206     2.2476     0.0191  0.0984425    89.2738      8.610    24.5507     4.2042 0.0000e+00
        607      8.702    18.6060   3.382322     2.2473     0.0191  0.0984391    89.2708      8.621    24.5518     4.2038 0.0000e+00
        608      8.713    18.6057   3.382437     2.2469     0.0191  0.0984375    89.2669      8.632    24.5529     4.2033 0.0000e+00
        609      8.724    18.6054   3.382549     2.2466     0.0191  0.0984379    89.2619      8.643    24.5540     4.2030 0.0000e+00
        610      8.734    18.6050   3.382657     2.2463     0.0191  0.0984401    89.2559      8.653    24.5551     4.2027 0.0000e+00
        611      8.745    18.6047   3.382765     2.2460     0.0191  0.0984442    89.2491      8.664    24.5561     4.2024 0.0000e+00
        612      8.756    18.6043   3.382869     2.2457     0.0191  0.0984503    89.2420      8.674    24.5572     4.2021 0.0000e+00
        613      8.767    18.6040   3.382972     2.2454     0.0190  0.0984584    89.2344      8.685    24.5582     4.2018 0.0000e+00
        614      8.778    18.6037   3.383073     2.2451     0.0190  0.0984686    89.2264      8.696    24.5592     4.2014 0.0000e+00
        615      8.788    18.6034   3.383172     2.2448     0.0190  0.0984808    89.2177      8.706    24.5601     4.2011 0.0000e+00
        616      8.799    18.6031   3.383269     2.2445     0.0190  0.0984952    89.2083      8.717    24.5611     4.2008 0.0000e+00
        617      8.810    18.6028   3.383364     2.2442     0.0190  0.0985111    89.1983      8.728    24.5620     4.2005 0.0000e+00
        618      8.821    18.6025   3.383456     2.2440     0.0190  0.0985269    89.1881      8.739    24.5629     4.2004 0.0000e+00
        619      8.832    18.6023   3.383548     2.2437     0.0189  0.0985418    89.1777      8.750    24.5638     4.2000 0.0000e+00
        620      8.843    18.6020   3.383636     2.2434     0.0189  0.0985559    89.1673      8.761    24.5647     4.1997 0.0000e+00
        621      8.854    18.6018   3.383723     2.2432     0.0189  0.0985693    89.1567      8.772    24.5655     4.1996 0.0000e+00
        622      8.865    18.6016   3.383808     2.2429     0.0189  0.0985821    89.1459      8.782    24.5663     4.1993 0.0000e+00
        623      8.876    18.6014   3.383891     2.2427     0.0189  0.0985945    89.1348      8.793    24.5671     4.1991 0.0000e+00
        624      8.887    18.6012   3.383973     2.2424     0.0189  0.0986064    89.1235      8.804    24.5678     4.1988 0.0000e+00
        625      8.898    18.6011   3.384052     2.2422     0.0188  0.0986180    89.1119      8.815    24.5685     4.1986 0.0000e+00
        626      8.909    18.6009   3.384127     2.2420     0.0188  0.0986294    89.0999      8.826    24.5692     4.1985 0.0000e+00
        627      8.920    18.6008   3.384202     2.2417     0.0188  0.0986405    89.0875      8.837    24.5699     4.1981 0.0000e+00
        628      8.931    18.6006   3.384273     2.2415     0.0188  0.0986517    89.0751      8.848    24.5706     4.1979 0.0000e+00
        629      8.941    18.6005   3.384343     2.2413     0.0188  0.0986627    89.0626      8.858    24.5712     4.1978 0.0000e+00
        630      8.952    18.6004   3.384411     2.2411     0.0187  0.0986739    89.0498      8.869    24.5718     4.1976 0.0000e+00
        631      8.963    18.6002   3.384475     2.2408     0.0187  0.0986852    89.0363      8.880    24.5724     4.1972 0.0000e+00
        632      8.974    18.6001   3.384539     2.2406     0.0187  0.0986968    89.0223      8.890    24.5730     4.1970 0.0000e+00
        633      8.985    18.6000   3.384600     2.2404     0.0187  0.0987086    89.0077      8.901    24.5736     4.1968 0.0000e+00
        634      8.996    18.5999   3.384660     2.2402     0.0186  0.0987208    88.9929      8.912    24.5741     4.1966 0.0000e+00
        635      9.007    18.5998   3.384719     2.2400     0.0186  0.0987335    88.9780      8.923    24.5746     4.1964 0.0000e+00
        636      9.018    18.5997   3.384776     2.2398     0.0186  0.0987468    88.9626      8.934    24.5751     4.1963 0.0000e+00
        637      9.029    18.5996   3.384831     2.2395     0.0185  0.0987606    88.9465      8.945    24.5756     4.1958 0.0000e+00
        638      9.039    18.5995   3.384885     2.2393     0.0185  0.0987753    88.9299      8.955    24.5761     4.1956 0.0000e+00
        639      9.050    18.5994   3.384938     2.2391     0.0184  0.0987908    88.9128      8.966    24.5766     4.1954 0.0000e+00
        640      9.061    18.5993   3.384989     2.2389     0.0184  0.0988072    88.8956      8.977    24.5771     4.1952 0.0000e+00
        641      9.072    18.5992   3.385040     2.2387     0.0183  0.0988248    88.8787      8.987    24.5775     4.1950 0.0000e+00
        642      9.083    18.5990   3.385088     2.2386     0.0183  0.0988435    88.8628      8.998    24.5780     4.1951 0.0000e+00
        643      9.093    18.5989   3.385135     2.2384     0.0182  0.0988627    88.8484      9.008    24.5785     4.1949 0.0000e+00
        644      9.104    18.5988   3.385182     2.2382     0.0182  0.0988808    88.8352      9.019    24.5789     4.1947 0.0000e+00
        645      9.115    18.5986   3.385227     2.2380     0.0181  0.0988971    88.8232      9.030    24.5794     4.1945 0.0000e+00
        646      9.126    18.5985   3.385269     2.2378     0.0181  0.0989117    88.8121      9.041    24.5798     4.1943 0.0000e+00
        647      9.136    18.5984   3.385311     2.2376     0.0180  0.0989246    88.8016      9.051    24.5802     4.1941 0.0000e+00
        648      9.147    18.5983   3.385352     2.2374     0.0180  0.0989361    88.7912      9.062    24.5806     4.1939 0.0000e+00
        649      9.158    18.5982   3.385392     2.2372     0.0180  0.0989462    88.7807      9.073    24.5809     4.1937 0.0000e+00
        650      9.168    18.5980   3.385430     2.2371     0.0179  0.0989549    88.7702      9.083    24.5814     4.1938 0.0000e+00
        651      9.179    18.5979   3.385467     2.2369     0.0179  0.0989622    88.7597      9.093    24.5817     4.1936 0.0000e+00
        652      9.190    18.5978   3.385504     2.2367     0.0179  0.0989684    88.7488      9.104    24.5821     4.1934 0.0000e+00
        653      9.200    18.5977   3.385541     2.2366     0.0178  0.0989733    88.7376      9.114    24.5824     4.1935 0.0000e+00
        654      9.211    18.5976   3.385577     2.2364     0.0178  0.0989771    88.7258      9.125    24.5828     4.1933 0.0000e+00
        655      9.221    18.5975   3.385612     2.2362     0.0178  0.0989797    88.7135      9.135    24.5831     4.1932 0.0000e+00
        656      9.232    18.5974   3.385646     2.2361     0.0178  0.0989812    88.7011      9.146    24.5834     4.1932 0.0000e+00
        657      9.242    18.5972   3.385679     2.2360     0.0177  0.0989816    88.6890      9.156    24.5838     4.1933 0.0000e+00
        658      9.253    18.5971   3.385711     2.2358     0.0177  0.0989808    88.6775      9.167    24.5841     4.1932 0.0000e+00
        659      9.263    18.5970   3.385741     2.2357     0.0177  0.0989790    88.6666      9.177    24.5844     4.1932 0.0000e+00
        660      9.274    18.5968   3.385771     2.2356     0.0177  0.0989760    88.6558      9.188    24.5848     4.1933 0.0000e+00
        661      9.284    18.5967   3.385800     2.2354     0.0176  0.0989719    88.6449      9.198    24.5851     4.1932 0.0000e+00
        662      9.294    18.5966   3.385828     2.2353     0.0176  0.0989666    88.6336      9.207    24.5853     4.1933 0.0000e+00
        663      9.304    18.5964   3.385855     2.2352     0.0176  0.0989600    88.6220      9.217    24.5857     4.1933 0.0000e+00
        664      9.314    18.5963   3.385881     2.2351     0.0176  0.0989522    88.6101      9.227    24.5859     4.1934 0.0000e+00
        665      9.324    18.5961   3.385905     2.2350     0.0176  0.0989431    88.5979      9.237    24.5863     4.1935 0.0000e+00
        666      9.334    18.5960   3.385930     2.2348     0.0175  0.0989326    88.5854      9.247    24.5865     4.1933 0.0000e+00
        667      9.344    18.5959   3.385954     2.2347     0.0175  0.0989215    88.5724      9.257    24.5868     4.1935 0.0000e+00
        668      9.354    18.5957   3.385978     2.2346     0.0175  0.0989114    88.5587      9.267    24.5871     4.1936 0.0000e+00
        669      9.364    18.5956   3.386000     2.2345     0.0175  0.0989031    88.5439      9.277    24.5873     4.1937 0.0000e+00
        670      9.374    18.5954   3.386022     2.2344     0.0174  0.0988966    88.5279      9.287    24.5876     4.1938 0.0000e+00
        671      9.384    18.5952   3.386043     2.2344     0.0174  0.0988917    88.5109      9.297    24.5879     4.1942 0.0000e+00
        672      9.394    18.5950   3.386064     2.2343     0.0174  0.0988885    88.4931      9.306    24.5882     4.1943 0.0000e+00
        673      9.404    18.5949   3.386084     2.2342     0.0174  0.0988870    88.4749      9.316    24.5884     4.1944 0.0000e+00
        674      9.413    18.5947   3.386103     2.2341     0.0174  0.0988870    88.4564      9.325    24.5887     4.1945 0.0000e+00
        675      9.423    18.5945   3.386121     2.2340     0.0174  0.0988887    88.4378      9.335    24.5889     4.1947 0.0000e+00
        676      9.432    18.5943   3.386139     2.2340     0.0174  0.0988921    88.4193      9.344    24.5892     4.1951 0.0000e+00
        677      9.442    18.5941   3.386156     2.2339     0.0173  0.0988971    88.4014      9.354    24.5894     4.1952 0.0000e+00
        678      9.451    18.5939   3.386173     2.2338     0.0173  0.0989038    88.3847      9.363    24.5897     4.1953 0.0000e+00
        679      9.460    18.5937   3.386189     2.2337     0.0173  0.0989122    88.3694      9.372    24.5899     4.1955 0.0000e+00
        680      9.470    18.5935   3.386204     2.2336     0.0173  0.0989224    88.3555      9.382    24.5902     4.1956 0.0000e+00
        681      9.479    18.5933   3.386220     2.2336     0.0173  0.0989345    88.3427      9.391    24.5904     4.1960 0.0000e+00
        682      9.488    18.5932   3.386235     2.2335     0.0173  0.0989486    88.3303      9.400    24.5906     4.1962 0.0000e+00
        683      9.497    18.5930   3.386250     2.2335     0.0173  0.0989647    88.3176      9.409    24.5908     4.1966 0.0000e+00
        684      9.505    18.5928   3.386262     2.2334     0.0173  0.0989830    88.3047      9.416    24.5910     4.1967 0.0000e+00
        685      9.514    18.5927   3.386276     2.2334     0.0173  0.0990036    88.2923      9.425    24.5912     4.1971 0.0000e+00
        686      9.523    18.5925   3.386287     2.2333     0.0173  0.0990266    88.2818      9.434    24.5914     4.1972 0.0000e+00
        687      9.531    18.5924   3.386298     2.2333     0.0172  0.0990522    88.2743      9.442    24.5916     4.1976 0.0000e+00
        688      9.540    18.5922   3.386309     2.2333     0.0172  0.0990806    88.2703      9.451    24.5918     4.1980 0.0000e+00
        689      9.548    18.5921   3.386318     2.2332     0.0172  0.0991120    88.2696      9.459    24.5919     4.1982 0.0000e+00
        690      9.556    18.5919   3.386327     2.2332     0.0172  0.0991465    88.2717      9.467    24.5921     4.1985 0.0000e+00
        691      9.564    18.5918   3.386334     2.2332     0.0172  0.0991845    88.2762      9.475    24.5922     4.1989 0.0000e+00
        692      9.572    18.5916   3.386341     2.2332     0.0172  0.0992262    88.2833      9.483    24.5924     4.1992 0.0000e+00
        693      9.580    18.5915   3.386346     2.2332     0.0172  0.0992710    88.2928      9.491    24.5925     4.1995 0.0000e+00
        694      9.588    18.5914   3.386351     2.2332     0.0172  0.0993168    88.3043      9.499    24.5926     4.1999 0.0000e+00
        695      9.596    18.5913   3.386354     2.2332     0.0172  0.0993612    88.3171      9.507    24.5926     4.2002 0.0000e+00
        696      9.604    18.5912   3.386358     2.2332     0.0172  0.0994037    88.3303      9.515    24.5927     4.2005 0.0000e+00
        697      9.611    18.5910   3.386358     2.2333     0.0172  0.0994446    88.3437      9.521    24.5928     4.2011 0.0000e+00
        698      9.618    18.5909   3.386359     2.2333     0.0172  0.0994843    88.3573      9.528    24.5929     4.2014 0.0000e+00
        699      9.625    18.5908   3.386358     2.2333     0.0172  0.0995229    88.3708      9.535    24.5930     4.2016 0.0000e+00
        700      9.632    18.5907   3.386356     2.2334     0.0172  0.0995608    88.3841      9.542    24.5930     4.2021 0.0000e+00
        701      9.640    18.5906   3.386352     2.2334     0.0172  0.0995983    88.3970      9.550    24.5930     4.2024 0.0000e+00
        702      9.646    18.5904   3.386347     2.2334     0.0172  0.0996355    88.4097      9.556    24.5931     4.2026 0.0000e+00
        703      9.653    18.5903   3.386341     2.2335     0.0172  0.0996727    88.4225      9.563    24.5931     4.2031 0.0000e+00
        704      9.660    18.5902   3.386333     2.2335     0.0172  0.0997102    88.4354      9.570    24.5931     4.2033 0.0000e+00
        705      9.666    18.5900   3.386325     2.2336     0.0172  0.0997483    88.4479      9.576    24.5932     4.2037 0.0000e+00
        706      9.673    18.5899   3.386315     2.2336     0.0172  0.0997873    88.4594      9.583    24.5931     4.2038 0.0000e+00
        707      9.679    18.5898   3.386306     2.2337     0.0172  0.0998273    88.4697      9.589    24.5931     4.2042 0.0000e+00
        708      9.685    18.5897   3.386296     2.2337     0.0172  0.0998686    88.4784      9.595    24.5931     4.2044 0.0000e+00
        709      9.692    18.5895   3.386286     2.2338     0.0172  0.0999117    88.4853      9.602    24.5931     4.2048 0.0000e+00
        710      9.698    18.5894   3.386275     2.2338     0.0172  0.0999567    88.4906      9.608    24.5931     4.2049 0.0000e+00
        711      9.704    18.5893   3.386264     2.2339     0.0172  0.1000040    88.4946      9.614    24.5931     4.2052 0.0000e+00
        712      9.710    18.5892   3.386252     2.2339     0.0172  0.1000538    88.4974      9.620    24.5930     4.2053 0.0000e+00
        713      9.716    18.5891   3.386241     2.2340     0.0173  0.1001067    88.4986      9.625    24.5930     4.2056 0.0000e+00
        714      9.721    18.5890   3.386228     2.2340     0.0173  0.1001628    88.4980      9.630    24.5930     4.2057 0.0000e+00
        715      9.727    18.5889   3.386214     2.2340     0.0173  0.1002226    88.4954      9.636    24.5929     4.2058 0.0000e+00
        716      9.733    18.5888   3.386199     2.2341     0.0173  0.1002866    88.4909      9.642    24.5928     4.2061 0.0000e+00
        717      9.739    18.5887   3.386184     2.2341     0.0173  0.1003552    88.4849      9.648    24.5928     4.2061 0.0000e+00
        718      9.744    18.5886   3.386168     2.2342     0.0173  0.1004279    88.4780      9.653    24.5927     4.2064 0.0000e+00
        719      9.750    18.5885   3.386151     2.2342     0.0174  0.1005019    88.4704      9.659    24.5926     4.2065 0.0000e+00
        720      9.755    18.5884   3.386134     2.2342     0.0174  0.1005727    88.4625      9.664    24.5925     4.2065 0.0000e+00
        721      9.760    18.5884   3.386116     2.2343     0.0174  0.1006373    88.4541      9.669    24.5924     4.2069 0.0000e+00
