data/2022/thursday_data/Station H1.cnv
* Sea-Bird SBE 9 Data File:
* FileName = C:\Users\ctd-user\Desktop\CTD data\MAR440 Sept 2022\Day2\Station H1.hex
* Software Version Seasave V 7.26.2.13
* Temperature SN = 4493
* Conductivity SN = 1899
* Number of Bytes Per Scan = 37
* Number of Voltage Words = 4
* Number of Scans Averaged by the Deck Unit = 1
* NMEA Latitude = 58 19.25 N
* NMEA Longitude = 011 49.09 E
* NMEA UTC (Time) = Sep 08 2022 11:46:29
* NMEA baud rate = 4800
** Ship:
** Station:
** Operator:
# nquan = 12                                
# nvalues = 2171                        
# units = specified
# name 0 = scan: Scan Count
# name 1 = prDM: Pressure, Digiquartz [db]
# name 2 = t090C: Temperature [ITS-90, deg C]
# name 3 = c0S/m: Conductivity [S/m]
# name 4 = sbeox0V: Oxygen raw, SBE 43 [V]
# name 5 = flECO-AFL: Fluorescence, WET Labs ECO-AFL/FL [mg/m^3]
# name 6 = upoly0: Upoly 0, Turbidity
# name 7 = xmiss: Beam Transmission, Chelsea/Seatech [%]
# name 8 = depSM: Depth [salt water, m], lat = 58.3208
# name 9 = sal00: Salinity, Practical [PSU]
# name 10 = sbeox0ML/L: Oxygen, SBE 43 [ml/l], WS = 2
# name 11 = flag: flag
# span 0 =          1,       2171       
# span 1 =      0.959,     24.122       
# span 2 =    11.7907,    18.7001       
# span 3 =   3.262364,   3.530071       
# span 4 =     1.1120,     2.7543       
# span 5 =     0.0027,     0.0236       
# span 6 =  0.0952553,  0.0993768       
# span 7 =    82.6202,    94.6263       
# span 8 =      0.950,     23.896       
# span 9 =    23.7284,    30.0789       
# span 10 =     1.6281,     5.5172      
# span 11 = 0.0000e+00, 0.0000e+00      
# interval = seconds: 0.0416667
# start_time = Sep 08 2022 11:46:29 [NMEA time, header]
# bad_flag = -9.990e-29
*END*
[from data line 2046]
       2047     23.435    12.2800   3.485575     1.1830     0.0028  0.0978715    93.5681     23.216    29.7968     1.8363 0.0000e+00
       2048     23.442    12.2807   3.485809     1.1831     0.0028  0.0978611    93.5737     23.223    29.7985     1.8352 0.0000e+00
       2049     23.448    12.2813   3.486043     1.1832     0.0028  0.0978486    93.5803     23.229    29.8002     1.8342 0.0000e+00
       2050     23.454    12.2818   3.486276     1.1833     0.0028  0.0978339    93.5877     23.235    29.8020     1.8331 0.0000e+00
       2051     23.461    12.2822   3.486507     1.1834     0.0028  0.0978168    93.5962     23.242    29.8039     1.8322 0.0000e+00
       2052     23.467    12.2826   3.486736     1.1835     0.0028  0.0977974    93.6070     23.248    29.8058     1.8310 0.0000e+00
       2053     23.473    12.2830   3.486963     1.1835     0.0028  0.0977754    93.6213     23.254    29.8076     1.8309 0.0000e+00
       2054     23.480    12.2832   3.487189     1.1836     0.0028  0.0977507    93.6391     23.260    29.8096     1.8298 0.0000e+00
       2055     23.486    12.2834   3.487411     1.1836     0.0028  0.0977231    93.6592     23.266    29.8115     1.8297 0.0000e+00
       2056     23.492    12.2836   3.487632     1.1836     0.0028  0.0976925    93.6807     23.272    29.8135     1.8283 0.0000e+00
       2057     23.499    12.2837   3.487851     1.1836     0.0028  0.0976585    93.7033     23.279    29.8154     1.8282 0.0000e+00
       2058     23.505    12.2837   3.488068     1.1836     0.0028  0.0976210    93.7272     23.285    29.8175     1.8269 0.0000e+00
       2059     23.512    12.2837   3.488282     1.1836     0.0028  0.0975798    93.7525     23.292    29.8195     1.8267 0.0000e+00
       2060     23.518    12.2836   3.488494     1.1836     0.0028  0.0975345    93.7787     23.298    29.8216     1.8255 0.0000e+00
       2061     23.524    12.2835   3.488703     1.1835     0.0028  0.0974848    93.8053     23.304    29.8237     1.8251 0.0000e+00
       2062     23.531    12.2834   3.488911     1.1835     0.0028  0.0974312    93.8318     23.311    29.8257     1.8238 0.0000e+00
       2063     23.537    12.2832   3.489115     1.1835     0.0028  0.0973759    93.8580     23.317    29.8278     1.8237 0.0000e+00
       2064     23.543    12.2830   3.489318     1.1835     0.0028  0.0973219    93.8840     23.323    29.8299     1.8225 0.0000e+00
       2065     23.550    12.2828   3.489519     1.1834     0.0028  0.0972714    93.9101     23.330    29.8320     1.8221 0.0000e+00
       2066     23.556    12.2826   3.489720     1.1834     0.0028  0.0972249    93.9362     23.336    29.8340     1.8210 0.0000e+00
       2067     23.563    12.2823   3.489919     1.1834     0.0028  0.0971820    93.9624     23.343    29.8361     1.8208 0.0000e+00
       2068     23.569    12.2820   3.490117     1.1833     0.0028  0.0971425    93.9888     23.349    29.8383     1.8196 0.0000e+00
       2069     23.576    12.2816   3.490315     1.1833     0.0028  0.0971061    94.0152     23.356    29.8405     1.8194 0.0000e+00
       2070     23.582    12.2812   3.490511     1.1833     0.0028  0.0970733    94.0415     23.362    29.8426     1.8184 0.0000e+00
       2071     23.589    12.2808   3.490707     1.1833     0.0028  0.0970448    94.0674     23.368    29.8448     1.8183 0.0000e+00
       2072     23.595    12.2803   3.490903     1.1832     0.0028  0.0970196    94.0927     23.374    29.8471     1.8173 0.0000e+00
       2073     23.601    12.2798   3.491099     1.1832     0.0028  0.0969967    94.1171     23.380    29.8493     1.8171 0.0000e+00
       2074     23.608    12.2792   3.491295     1.1832     0.0028  0.0969757    94.1404     23.387    29.8517     1.8164 0.0000e+00
       2075     23.614    12.2786   3.491492     1.1832     0.0028  0.0969567    94.1623     23.393    29.8540     1.8162 0.0000e+00
       2076     23.621    12.2780   3.491689 -9.990e-29     0.0028  0.0969395    94.1826     23.400    29.8563 -9.990e-29 0.0000e+00
       2077     23.627    12.2774   3.491889 -9.990e-29     0.0028  0.0969249    94.2016     23.406    29.8587 -9.990e-29 0.0000e+00
       2078     23.633    12.2767   3.492088 -9.990e-29     0.0028  0.0969134    94.2196     23.412    29.8612 -9.990e-29 0.0000e+00
       2079     23.640    12.2761   3.492290 -9.990e-29     0.0028  0.0969043    94.2373     23.419    29.8635 -9.990e-29 0.0000e+00
       2080     23.646    12.2755   3.492494 -9.990e-29     0.0028  0.0968967    94.2549     23.425    29.8660 -9.990e-29 0.0000e+00
       2081     23.653    12.2748   3.492699 -9.990e-29     0.0028  0.0968904    94.2727     23.432    29.8685 -9.990e-29 0.0000e+00
       2082     23.659    12.2743   3.492908 -9.990e-29     0.0028  0.0968854    94.2905     23.438    29.8708 -9.990e-29 0.0000e+00
       2083     23.665    12.2738   3.493120 -9.990e-29     0.0028  0.0968818    94.3083     23.444    29.8732 -9.990e-29 0.0000e+00
       2084     23.672    12.2734   3.493334 -9.990e-29     0.0028  0.0968794    94.3261     23.451    29.8756 -9.990e-29 0.0000e+00
       2085     23.678    12.2732   3.493554 -9.990e-29     0.0027  0.0968782    94.3442     23.457    29.8778 -9.990e-29 0.0000e+00
       2086     23.685    12.2730   3.493778 -9.990e-29     0.0027  0.0968783    94.3621     23.464    29.8801 -9.990e-29 0.0000e+00
       2087     23.691    12.2730   3.494008 -9.990e-29     0.0027  0.0968797    94.3794     23.469    29.8823 -9.990e-29 0.0000e+00
       2088     23.698    12.2730   3.494242 -9.990e-29     0.0027  0.0968822    94.3958     23.476    29.8845 -9.990e-29 0.0000e+00
       2089     23.704    12.2732   3.494485 -9.990e-29     0.0027  0.0968861    94.4116     23.482    29.8867 -9.990e-29 0.0000e+00
       2090     23.711    12.2735   3.494735 -9.990e-29     0.0027  0.0968913    94.4267     23.489    29.8888 -9.990e-29 0.0000e+00
       2091     23.717    12.2738   3.494993 -9.990e-29     0.0027  0.0968977    94.4408     23.495    29.8910 -9.990e-29 0.0000e+00
       2092     23.723    12.2743   3.495262 -9.990e-29     0.0027  0.0969056    94.4536     23.501    29.8931 -9.990e-29 0.0000e+00
       2093     23.730    12.2748   3.495541 -9.990e-29     0.0027  0.0969149    94.4652     23.508    29.8954 -9.990e-29 0.0000e+00
       2094     23.736    12.2754   3.495832 -9.990e-29     0.0027  0.0969257    94.4759     23.514    29.8977 -9.990e-29 0.0000e+00
       2095     23.743    12.2761   3.496135 -9.990e-29     0.0027  0.0969381    94.4857     23.521    29.9000 -9.990e-29 0.0000e+00
       2096     23.749    12.2770   3.496453 -9.990e-29     0.0027  0.0969521    94.4948     23.527    29.9023 -9.990e-29 0.0000e+00
       2097     23.756    12.2780   3.496782 -9.990e-29     0.0027  0.0969679    94.5031     23.534    29.9046 -9.990e-29 0.0000e+00
       2098     23.762    12.2792   3.497126 -9.990e-29     0.0027  0.0969856    94.5107     23.540    29.9069 -9.990e-29 0.0000e+00
       2099     23.769    12.2806   3.497483 -9.990e-29     0.0027  0.0970052    94.5181     23.547    29.9092 -9.990e-29 0.0000e+00
       2100     23.775    12.2823   3.497853 -9.990e-29     0.0027  0.0970270    94.5256     23.553    29.9113 -9.990e-29 0.0000e+00
       2101     23.782    12.2843   3.498236 -9.990e-29     0.0027  0.0970510    94.5328     23.560    29.9134 -9.990e-29 0.0000e+00
       2102     23.788    12.2865   3.498631 -9.990e-29     0.0027  0.0970775    94.5394     23.566    29.9154 -9.990e-29 0.0000e+00
       2103     23.794    12.2891   3.499038 -9.990e-29     0.0027  0.0971066    94.5454     23.572    29.9171 -9.990e-29 0.0000e+00
       2104     23.801    12.2920   3.499456 -9.990e-29     0.0027  0.0971386    94.5511     23.578    29.9188 -9.990e-29 0.0000e+00
       2105     23.807    12.2951   3.499883 -9.990e-29     0.0027  0.0971736    94.5564     23.584    29.9204 -9.990e-29 0.0000e+00
       2106     23.813    12.2986   3.500323 -9.990e-29     0.0027  0.0972119    94.5607     23.590    29.9217 -9.990e-29 0.0000e+00
       2107     23.820    12.3022   3.500774 -9.990e-29     0.0027  0.0972537    94.5639     23.597    29.9232 -9.990e-29 0.0000e+00
       2108     23.826    12.3060   3.501239 -9.990e-29     0.0027  0.0972995    94.5667     23.603    29.9245 -9.990e-29 0.0000e+00
       2109     23.832    12.3097   3.501715 -9.990e-29     0.0027  0.0973494    94.5696     23.609    29.9261 -9.990e-29 0.0000e+00
       2110     23.839    12.3134   3.502205 -9.990e-29     0.0027  0.0974038    94.5729     23.616    29.9278 -9.990e-29 0.0000e+00
       2111     23.845    12.3170   3.502711 -9.990e-29     0.0027  0.0974631    94.5764     23.622    29.9297 -9.990e-29 0.0000e+00
       2112     23.851    12.3205   3.503232 -9.990e-29     0.0027  0.0975277    94.5802     23.628    29.9318 -9.990e-29 0.0000e+00
       2113     23.858    12.3239   3.503769 -9.990e-29     0.0027  0.0975981    94.5849     23.635    29.9342 -9.990e-29 0.0000e+00
       2114     23.864    12.3272   3.504322 -9.990e-29     0.0027  0.0976722    94.5907     23.641    29.9368 -9.990e-29 0.0000e+00
       2115     23.870    12.3305   3.504889 -9.990e-29     0.0027  0.0977445    94.5975     23.647    29.9396 -9.990e-29 0.0000e+00
       2116     23.877    12.3337   3.505469 -9.990e-29     0.0027  0.0978114    94.6044     23.654    29.9425 -9.990e-29 0.0000e+00
       2117     23.883    12.3368   3.506058 -9.990e-29     0.0027  0.0978725    94.6107     23.660    29.9456 -9.990e-29 0.0000e+00
       2118     23.889    12.3400   3.506654 -9.990e-29     0.0027  0.0979281    94.6159     23.666    29.9487 -9.990e-29 0.0000e+00
       2119     23.896    12.3431   3.507255 -9.990e-29     0.0027  0.0979786    94.6199     23.673    29.9519 -9.990e-29 0.0000e+00
       2120     23.902    12.3462   3.507862 -9.990e-29     0.0027  0.0980245    94.6231     23.679    29.9552 -9.990e-29 0.0000e+00
       2121     23.908    12.3493   3.508469 -9.990e-29     0.0027  0.0980660    94.6254     23.684    29.9585 -9.990e-29 0.0000e+00
       2122     23.915    12.3525   3.509078 -9.990e-29     0.0027  0.0981034    94.6263     23.691    29.9617 -9.990e-29 0.0000e+00
       2123     23.921    12.3558   3.509686 -9.990e-29     0.0028  0.0981369    94.6254     23.697    29.9648 -9.990e-29 0.0000e+00
       2124     23.927    12.3592   3.510291 -9.990e-29     0.0028  0.0981669    94.6221     23.703    29.9678 -9.990e-29 0.0000e+00
       2125     23.933    12.3628   3.510896 -9.990e-29     0.0028  0.0981935    94.6161     23.709    29.9707 -9.990e-29 0.0000e+00
       2126     23.940    12.3666   3.511499 -9.990e-29     0.0028  0.0982169    94.6073     23.716    29.9734 -9.990e-29 0.0000e+00
       2127     23.946    12.3705   3.512101 -9.990e-29     0.0028  0.0982373    94.5955     23.722    29.9760 -9.990e-29 0.0000e+00
       2128     23.952    12.3746   3.512702 -9.990e-29     0.0028  0.0982548    94.5804     23.728    29.9784 -9.990e-29 0.0000e+00
       2129     23.958    12.3789   3.513301 -9.990e-29     0.0028  0.0982695    94.5616     23.734    29.9806 -9.990e-29 0.0000e+00
       2130     23.964    12.3832   3.513900 -9.990e-29     0.0028  0.0982815    94.5389     23.740    29.9828 -9.990e-29 0.0000e+00
       2131     23.970    12.3877   3.514497 -9.990e-29     0.0028  0.0982910    94.5122     23.746    29.9849 -9.990e-29 0.0000e+00
       2132     23.976    12.3922   3.515093 -9.990e-29     0.0028  0.0982979    94.4812     23.752    29.9870 -9.990e-29 0.0000e+00
       2133     23.982    12.3968   3.515689 -9.990e-29     0.0028  0.0983024    94.4457     23.758    29.9889 -9.990e-29 0.0000e+00
       2134     23.988    12.4012   3.516286 -9.990e-29     0.0028  0.0983044    94.4057     23.764    29.9911 -9.990e-29 0.0000e+00
       2135     23.994    12.4055   3.516885 -9.990e-29     0.0028  0.0983040    94.3609     23.770    29.9933 -9.990e-29 0.0000e+00
       2136     24.000    12.4096   3.517487 -9.990e-29     0.0028  0.0983012    94.3119     23.776    29.9957 -9.990e-29 0.0000e+00
       2137     24.005    12.4136   3.518093 -9.990e-29     0.0028  0.0982959    94.2598     23.781    29.9983 -9.990e-29 0.0000e+00
       2138     24.011    12.4173   3.518703 -9.990e-29     0.0028  0.0982881    94.2064     23.786    30.0011 -9.990e-29 0.0000e+00
       2139     24.017    12.4209   3.519314 -9.990e-29     0.0028  0.0982787    94.1534     23.792    30.0040 -9.990e-29 0.0000e+00
       2140     24.022    12.4242   3.519924 -9.990e-29     0.0028  0.0982692    94.1020     23.797    30.0071 -9.990e-29 0.0000e+00
       2141     24.028    12.4273   3.520536 -9.990e-29     0.0028  0.0982604    94.0530     23.803    30.0104 -9.990e-29 0.0000e+00
       2142     24.033    12.4301   3.521144 -9.990e-29     0.0029  0.0982522    94.0073     23.808    30.0139 -9.990e-29 0.0000e+00
       2143     24.038    12.4326   3.521749 -9.990e-29     0.0029  0.0982447    93.9653     23.813    30.0177 -9.990e-29 0.0000e+00
       2144     24.043    12.4349   3.522347 -9.990e-29     0.0029  0.0982378    93.9272     23.818    30.0215 -9.990e-29 0.0000e+00
       2145     24.048    12.4369   3.522935 -9.990e-29     0.0029  0.0982313    93.8931     23.823    30.0254 -9.990e-29 0.0000e+00
       2146     24.053    12.4386   3.523511 -9.990e-29     0.0029  0.0982253    93.8633     23.828    30.0295 -9.990e-29 0.0000e+00
       2147     24.058    12.4401   3.524071 -9.990e-29     0.0029  0.0982198    93.8379     23.833    30.0336 -9.990e-29 0.0000e+00
       2148     24.062    12.4412   3.524612 -9.990e-29     0.0029  0.0982146    93.8170     23.837    30.0379 -9.990e-29 0.0000e+00
       2149     24.066    12.4421   3.525133 -9.990e-29     0.0029  0.0982097    93.8001     23.841    30.0421 -9.990e-29 0.0000e+00
       2150     24.071    12.4427   3.525633 -9.990e-29     0.0029  0.0982052    93.7864     23.846    30.0463 -9.990e-29 0.0000e+00
       2151     24.074    12.4431   3.526107 -9.990e-29     0.0029  0.0982010    93.7754     23.849    30.0505 -9.990e-29 0.0000e+00
       2152     24.078    12.4432   3.526557 -9.990e-29     0.0029  0.0981970    93.7670     23.853    30.0547 -9.990e-29 0.0000e+00
       2153     24.082    12.4431   3.526980 -9.990e-29     0.0029  0.0981932    93.7614     23.857    30.0587 -9.990e-29 0.0000e+00
       2154     24.085    12.4429   3.527380 -9.990e-29     0.0029  0.0981896    93.7585     23.860    30.0627 -9.990e-29 0.0000e+00
       2155     24.089    12.4427   3.527755 -9.990e-29     0.0029  0.0981862    93.7580     23.864    30.0664 -9.990e-29 0.0000e+00
       2156     24.092    12.4424   3.528106 -9.990e-29     0.0029  0.0981830    93.7594     23.867    30.0699 -9.990e-29 0.0000e+00
       2157     24.095    12.4422   3.528434 -9.990e-29     0.0029  0.0981798    93.7621     23.870    30.0732 -9.990e-29 0.0000e+00
       2158     24.098    12.4421   3.528738 -9.990e-29     0.0029  0.0981768    93.7655     23.873    30.0762 -9.990e-29 0.0000e+00
       2159     24.101    12.4420   3.529019 -9.990e-29     0.0029  0.0981739    93.7689     23.876    30.0789 -9.990e-29 0.0000e+00
       2160     24.104 -9.990e-29   3.528732 -9.990e-29     0.0029  0.0981710    93.7717     23.879 -9.990e-29 -9.990e-29 0.0000e+00
       2161     24.107 -9.990e-29   3.528968 -9.990e-29     0.0029  0.0981682    93.7734     23.882 -9.990e-29 -9.990e-29 -9.990e-29
       2162     24.109 -9.990e-29   3.529181 -9.990e-29     0.0029  0.0981654    93.7737     23.884 -9.990e-29 -9.990e-29 -9.990e-29
       2163     24.112 -9.990e-29   3.529371 -9.990e-29     0.0029  0.0981625    93.7725     23.887 -9.990e-29 -9.990e-29 -9.990e-29
       2164     24.114 -9.990e-29   3.529539 -9.990e-29     0.0029  0.0981597    93.7705     23.889 -9.990e-29 -9.990e-29 -9.990e-29
       2165     24.116 -9.990e-29   3.529683 -9.990e-29     0.0029  0.0981569    93.7683     23.890 -9.990e-29 -9.990e-29 -9.990e-29
