data/2022/thursday_data/Station B1,1.cnv
* Sea-Bird SBE 9 Data File:
* FileName = C:\Users\ctd-user\Desktop\CTD data\MAR440 Sept 2022\Day2\Station B1,1.hex
* Software Version Seasave V 7.26.2.13
* Temperature SN = 4493
* Conductivity SN = 1899
* Number of Bytes Per Scan = 37
* Number of Voltage Words = 4
* Number of Scans Averaged by the Deck Unit = 1
* NMEA Latitude = 58 20.16 N
* NMEA Longitude = 011 53.53 E
* NMEA UTC (Time) = Sep 08 2022 13:55:59
* NMEA baud rate = 4800
** Ship:
** Station:
** Operator:
# nquan = 12                                
# nvalues = 1163                        
# units = specified
# name 0 = scan: Scan Count
# name 1 = prDM: Pressure, Digiquartz [db]
# name 2 = t090C: Temperature [ITS-90, deg C]
# name 3 = c0S/m: Conductivity [S/m]
# name 4 = sbeox0V: Oxygen raw, SBE 43 [V]
# name 5 = flECO-AFL: Fluorescence, WET Labs ECO-AFL/FL [mg/m^3]
# name 6 = upoly0: Upoly 0, Turbidity
# name 7 = xmiss: Beam Transmission, Chelsea/Seatech [%]
# name 8 = depSM: Depth [salt water, m], lat = 58.336
# name 9 = sal00: Salinity, Practical [PSU]
# name 10 = sbeox0ML/L: Oxygen, SBE 43 [ml/l], WS = 2
# name 11 = flag: flag
# span 0 =          1,       1163       
# span 1 =      1.257,     24.310       
# span 2 =     8.0593,    18.3721       
# span 3 =   3.108664,   3.360727       
# span 4 =     0.6105,     2.7076       
# span 5 =     0.0066,     0.0397       
# span 6 =  0.0944446,  0.1082209       
# span 7 =    66.8932,    93.4762       
# span 8 =      1.245,     24.083       
# span 9 =    23.7770,    31.2258       
# span 10 =     0.2744,     5.4053      
# span 11 = 0.0000e+00, 0.0000e+00      
# interval = seconds: 0.0416667
# start_time = Sep 08 2022 13:55:59 [NMEA time, header]
# bad_flag = -9.990e-29
*END*
[from data line 482]
        483      9.714    17.8226   3.360682     1.9432     0.0166  0.0962392    90.2853      9.623    24.8461     3.1843 0.0000e+00
        484      9.736    17.8077   3.360637     1.9393     0.0165  0.0962322    90.3214      9.645    24.8547     3.1759 0.0000e+00
        485      9.758    17.7921   3.360579     1.9355     0.0165  0.0962253    90.3568      9.667    24.8637     3.1679 0.0000e+00
        486      9.781    17.7761   3.360507     1.9318     0.0164  0.0962184    90.3912      9.690    24.8729     3.1603 0.0000e+00
        487      9.803    17.7596   3.360423     1.9280     0.0163  0.0962117    90.4244      9.712    24.8822     3.1527 0.0000e+00
        488      9.825    17.7430   3.360326     1.9242     0.0163  0.0962049    90.4566      9.733    24.8915     3.1451 0.0000e+00
        489      9.848    17.7265   3.360219     1.9205     0.0162  0.0961981    90.4880      9.756    24.9007     3.1379 0.0000e+00
        490      9.870    17.7101   3.360102     1.9167     0.0162  0.0961913    90.5188      9.778    24.9097     3.1306 0.0000e+00
        491      9.892    17.6940   3.359974     1.9130     0.0161  0.0961842    90.5493      9.800    24.9185     3.1237 0.0000e+00
        492      9.914    17.6781   3.359836     1.9093     0.0160  0.0961770    90.5799      9.822    24.9270     3.1169 0.0000e+00
        493      9.937    17.6623   3.359689     1.9056     0.0160  0.0961696    90.6108      9.844    24.9354     3.1102 0.0000e+00
        494      9.959    17.6463   3.359531     1.9020     0.0159  0.0961618    90.6420      9.866    24.9439     3.1038 0.0000e+00
        495      9.981    17.6301   3.359361     1.8983     0.0158  0.0961537    90.6733      9.888    24.9524     3.0973 0.0000e+00
        496     10.004    17.6134   3.359181     1.8947     0.0158  0.0961452    90.7047      9.911    24.9611     3.0912 0.0000e+00
        497     10.026    17.5962   3.358990     1.8911     0.0157  0.0961363    90.7361      9.933    24.9701     3.0852 0.0000e+00
        498     10.048    17.5787   3.358789     1.8876     0.0156  0.0961268    90.7672      9.954    24.9792     3.0795 0.0000e+00
        499     10.070    17.5610   3.358581     1.8840     0.0156  0.0961168    90.7984      9.976    24.9883     3.0737 0.0000e+00
        500     10.092    17.5435   3.358370     1.8805     0.0155  0.0961061    90.8306      9.998    24.9973     3.0682 0.0000e+00
        501     10.115    17.5261   3.358154     1.8771     0.0155  0.0960946    90.8644     10.021    25.0062     3.0631 0.0000e+00
        502     10.137    17.5090   3.357935     1.8736     0.0155  0.0960824    90.8994     10.043    25.0148     3.0577 0.0000e+00
        503     10.159    17.4922   3.357715     1.8702     0.0154  0.0960693    90.9350     10.064    25.0233     3.0527 0.0000e+00
        504     10.181    17.4757   3.357493     1.8669     0.0154  0.0960551    90.9708     10.086    25.0316     3.0479 0.0000e+00
        505     10.204    17.4596   3.357272     1.8636     0.0153  0.0960399    91.0067     10.109    25.0397     3.0432 0.0000e+00
        506     10.226    17.4437   3.357048     1.8603     0.0153  0.0960235    91.0428     10.131    25.0476     3.0385 0.0000e+00
        507     10.248    17.4280   3.356821     1.8570     0.0153  0.0960058    91.0794     10.152    25.0554     3.0339 0.0000e+00
        508     10.270    17.4127   3.356592     1.8538     0.0152  0.0959866    91.1170     10.174    25.0630     3.0295 0.0000e+00
        509     10.292    17.3977   3.356361     1.8506     0.0152  0.0959659    91.1557     10.196    25.0703     3.0251 0.0000e+00
        510     10.315    17.3830   3.356127     1.8474     0.0151  0.0959435    91.1956     10.219    25.0774     3.0207 0.0000e+00
        511     10.337    17.3686   3.355888     1.8443     0.0151  0.0959192    91.2362     10.241    25.0843     3.0166 0.0000e+00
        512     10.359    17.3544   3.355647     1.8413     0.0151  0.0958929    91.2770     10.262    25.0911     3.0126 0.0000e+00
        513     10.381    17.3406   3.355401     1.8382     0.0150  0.0958644    91.3175     10.284    25.0976     3.0085 0.0000e+00
        514     10.403    17.3272   3.355152     1.8353     0.0150  0.0958335    91.3573     10.306    25.1038     3.0048 0.0000e+00
        515     10.425    17.3141   3.354898     1.8323     0.0149  0.0957999    91.3962     10.328    25.1098     3.0007 0.0000e+00
        516     10.447    17.3013   3.354641     1.8294     0.0149  0.0957635    91.4338     10.350    25.1155     2.9969 0.0000e+00
        517     10.469    17.2888   3.354379     1.8265     0.0149  0.0957240    91.4701     10.371    25.1211     2.9931 0.0000e+00
        518     10.491    17.2765   3.354113     1.8236     0.0148  0.0956819    91.5053     10.393    25.1265     2.9892 0.0000e+00
        519     10.513    17.2645   3.353843     1.8208     0.0148  0.0956395    91.5403     10.415    25.1317     2.9855 0.0000e+00
        520     10.535    17.2527   3.353569     1.8180     0.0147  0.0955991    91.5760     10.437    25.1367     2.9817 0.0000e+00
        521     10.557    17.2411   3.353289     1.8152     0.0147  0.0955613    91.6127     10.459    25.1416     2.9778 0.0000e+00
        522     10.579    17.2298   3.353005     1.8125     0.0146  0.0955265    91.6507     10.480    25.1462     2.9741 0.0000e+00
        523     10.601    17.2187   3.352715     1.8097     0.0146  0.0954955    91.6901     10.502    25.1507     2.9701 0.0000e+00
        524     10.623    17.2079   3.352421     1.8071     0.0145  0.0954672    91.7307     10.524    25.1549     2.9665 0.0000e+00
        525     10.645    17.1973   3.352119     1.8044     0.0145  0.0954405    91.7723     10.546    25.1590     2.9626 0.0000e+00
        526     10.667    17.1870   3.351813     1.8018     0.0144  0.0954152    91.8145     10.568    25.1629     2.9588 0.0000e+00
        527     10.688    17.1769   3.351500     1.7992     0.0144  0.0953912    91.8572     10.588    25.1665     2.9549 0.0000e+00
        528     10.710    17.1669   3.351183     1.7966     0.0144  0.0953682    91.9001     10.610    25.1701     2.9509 0.0000e+00
        529     10.732    17.1571   3.350858     1.7940     0.0143  0.0953462    91.9429     10.632    25.1735     2.9468 0.0000e+00
        530     10.754    17.1475   3.350528     1.7914     0.0143  0.0953250    91.9849     10.654    25.1767     2.9426 0.0000e+00
        531     10.775    17.1381   3.350193     1.7889     0.0142  0.0953044    92.0262     10.675    25.1797     2.9386 0.0000e+00
        532     10.797    17.1288   3.349852     1.7864     0.0142  0.0952843    92.0668     10.696    25.1827     2.9345 0.0000e+00
        533     10.818    17.1198   3.349508     1.7839     0.0141  0.0952645    92.1066     10.717    25.1854     2.9302 0.0000e+00
        534     10.840    17.1110   3.349162     1.7814     0.0141  0.0952450    92.1454     10.739    25.1880     2.9258 0.0000e+00
        535     10.862    17.1024   3.348813     1.7789     0.0141  0.0952255    92.1833     10.761    25.1904     2.9214 0.0000e+00
        536     10.883    17.0941   3.348464     1.7764     0.0140  0.0952060    92.2206     10.782    25.1927     2.9168 0.0000e+00
        537     10.905    17.0860   3.348114     1.7740     0.0140  0.0951862    92.2576     10.803    25.1948     2.9124 0.0000e+00
        538     10.926    17.0782   3.347765     1.7716     0.0139  0.0951662    92.2945     10.824    25.1968     2.9079 0.0000e+00
        539     10.948    17.0706   3.347416     1.7691     0.0138  0.0951456    92.3311     10.846    25.1986     2.9030 0.0000e+00
        540     10.970    17.0633   3.347068     1.7667     0.0138  0.0951244    92.3669     10.868    25.2002     2.8983 0.0000e+00
        541     10.991    17.0562   3.346722     1.7643     0.0137  0.0951025    92.4018     10.889    25.2018     2.8936 0.0000e+00
        542     11.013    17.0493   3.346378     1.7619     0.0137  0.0950797    92.4355     10.910    25.2032     2.8887 0.0000e+00
        543     11.034    17.0426   3.346035     1.7595     0.0136  0.0950557    92.4681     10.931    25.2045     2.8837 0.0000e+00
        544     11.056    17.0360   3.345695     1.7571     0.0135  0.0950314    92.4997     10.953    25.2058     2.8787 0.0000e+00
        545     11.077    17.0296   3.345358     1.7547     0.0134  0.0950082    92.5305     10.974    25.2070     2.8736 0.0000e+00
        546     11.099    17.0234   3.345026     1.7523     0.0134  0.0949869    92.5602     10.996    25.2080     2.8685 0.0000e+00
        547     11.120    17.0172   3.344696     1.7500     0.0133  0.0949672    92.5884     11.016    25.2092     2.8635 0.0000e+00
        548     11.142    17.0111   3.344372     1.7476     0.0132  0.0949491    92.6147     11.038    25.2102     2.8583 0.0000e+00
        549     11.163    17.0050   3.344051     1.7452     0.0132  0.0949323    92.6395     11.059    25.2114     2.8530 0.0000e+00
        550     11.185    16.9990   3.343737     1.7428     0.0131  0.0949169    92.6630     11.081    25.2125     2.8477 0.0000e+00
        551     11.206    16.9930   3.343425     1.7404     0.0131  0.0949027    92.6854     11.102    25.2136     2.8423 0.0000e+00
        552     11.227    16.9870   3.343118     1.7380     0.0130  0.0948895    92.7066     11.122    25.2148     2.8369 0.0000e+00
        553     11.249    16.9810   3.342816     1.7356     0.0130  0.0948773    92.7268     11.144    25.2160     2.8315 0.0000e+00
        554     11.270    16.9749   3.342518     1.7332     0.0129  0.0948661    92.7461     11.165    25.2173     2.8261 0.0000e+00
        555     11.291    16.9688   3.342223     1.7308     0.0129  0.0948557    92.7648     11.186    25.2187     2.8206 0.0000e+00
        556     11.312    16.9626   3.341933     1.7284     0.0128  0.0948460    92.7829     11.207    25.2201     2.8152 0.0000e+00
        557     11.334    16.9563   3.341646     1.7260     0.0128  0.0948371    92.8004     11.228    25.2216     2.8097 0.0000e+00
        558     11.355    16.9500   3.341362     1.7236     0.0127  0.0948288    92.8174     11.249    25.2232     2.8043 0.0000e+00
        559     11.376    16.9436   3.341081     1.7212     0.0127  0.0948210    92.8339     11.270    25.2248     2.7989 0.0000e+00
        560     11.398    16.9370   3.340801     1.7188     0.0127  0.0948138    92.8498     11.292    25.2266     2.7934 0.0000e+00
        561     11.419    16.9304   3.340525     1.7164     0.0126  0.0948071    92.8656     11.313    25.2284     2.7879 0.0000e+00
        562     11.440    16.9237   3.340250     1.7140     0.0126  0.0948008    92.8813     11.333    25.2303     2.7825 0.0000e+00
        563     11.462    16.9169   3.339974     1.7116     0.0125  0.0947948    92.8973     11.355    25.2323     2.7771 0.0000e+00
        564     11.483    16.9100   3.339699     1.7092     0.0125  0.0947892    92.9134     11.376    25.2343     2.7716 0.0000e+00
        565     11.504    16.9028   3.339424     1.7068     0.0125  0.0947839    92.9295     11.397    25.2365     2.7662 0.0000e+00
        566     11.526    16.8956   3.339148     1.7044     0.0124  0.0947789    92.9455     11.419    25.2387     2.7608 0.0000e+00
        567     11.547    16.8881   3.338870     1.7020     0.0124  0.0947741    92.9610     11.439    25.2410     2.7554 0.0000e+00
        568     11.569    16.8806   3.338592     1.6996     0.0123  0.0947695    92.9761     11.461    25.2434     2.7499 0.0000e+00
        569     11.590    16.8729   3.338312     1.6972     0.0123  0.0947650    92.9913     11.482    25.2458     2.7445 0.0000e+00
        570     11.611    16.8650   3.338029     1.6949     0.0122  0.0947607    93.0067     11.503    25.2484     2.7394 0.0000e+00
        571     11.632    16.8570   3.337744     1.6925     0.0122  0.0947565    93.0224     11.524    25.2510     2.7340 0.0000e+00
        572     11.654    16.8488   3.337457     1.6902     0.0122  0.0947524    93.0386     11.545    25.2538     2.7289 0.0000e+00
        573     11.675    16.8403   3.337167     1.6878     0.0121  0.0947483    93.0554     11.566    25.2567     2.7235 0.0000e+00
        574     11.697    16.8316   3.336874     1.6855     0.0121  0.0947442    93.0728     11.588    25.2596     2.7184 0.0000e+00
        575     11.718    16.8226   3.336576     1.6832     0.0120  0.0947401    93.0904     11.609    25.2628     2.7132 0.0000e+00
        576     11.739    16.8132   3.336275     1.6808     0.0120  0.0947360    93.1079     11.630    25.2661     2.7079 0.0000e+00
        577     11.761    16.8034   3.335970     1.6785     0.0120  0.0947318    93.1248     11.651    25.2697     2.7027 0.0000e+00
        578     11.782    16.7932   3.335660     1.6762     0.0119  0.0947275    93.1411     11.672    25.2735     2.6976 0.0000e+00
        579     11.803    16.7824   3.335344     1.6739     0.0119  0.0947230    93.1568     11.693    25.2776     2.6924 0.0000e+00
        580     11.825    16.7711   3.335024     1.6716     0.0119  0.0947184    93.1723     11.715    25.2820     2.6873 0.0000e+00
        581     11.846    16.7592   3.334699     1.6694     0.0119  0.0947137    93.1878     11.736    25.2868     2.6823 0.0000e+00
        582     11.868    16.7467   3.334368     1.6671     0.0118  0.0947086    93.2034     11.757    25.2919     2.6771 0.0000e+00
        583     11.889    16.7335   3.334032     1.6648     0.0118  0.0947025    93.2190     11.778    25.2973     2.6719 0.0000e+00
        584     11.910    16.7197   3.333691     1.6625     0.0118  0.0946944    93.2342     11.799    25.3031     2.6667 0.0000e+00
        585     11.932    16.7052   3.333343     1.6602     0.0118  0.0946851    93.2486     11.821    25.3093     2.6614 0.0000e+00
        586     11.953    16.6901   3.332990     1.6579     0.0117  0.0946753    93.2616     11.842    25.3158     2.6561 0.0000e+00
        587     11.975    16.6743   3.332630     1.6557     0.0117  0.0946651    93.2730     11.863    25.3228     2.6510 0.0000e+00
        588     11.997    16.6578   3.332262     1.6534     0.0117  0.0946543    93.2830     11.885    25.3301     2.6457 0.0000e+00
        589     12.018    16.6408   3.331885     1.6511     0.0117  0.0946428    93.2910     11.906    25.3376     2.6403 0.0000e+00
        590     12.040    16.6233   3.331501     1.6488     0.0116  0.0946307    93.2970     11.928    25.3454     2.6348 0.0000e+00
        591     12.061    16.6056   3.331110     1.6465     0.0116  0.0946177    93.3013     11.949    25.3533     2.6293 0.0000e+00
        592     12.083    16.5877   3.330710     1.6442     0.0116  0.0946039    93.3046     11.970    25.3612     2.6237 0.0000e+00
        593     12.105    16.5697   3.330302     1.6419     0.0116  0.0945890    93.3077     11.992    25.3691     2.6181 0.0000e+00
        594     12.126    16.5514   3.329887     1.6396     0.0115  0.0945731    93.3112     12.013    25.3772     2.6123 0.0000e+00
        595     12.148    16.5330   3.329464     1.6373     0.0115  0.0945559    93.3154     12.035    25.3852     2.6066 0.0000e+00
        596     12.169    16.5144   3.329033     1.6350     0.0115  0.0945383    93.3199     12.056    25.3934     2.6007 0.0000e+00
        597     12.191    16.4957   3.328596     1.6326     0.0115  0.0945218    93.3248     12.077    25.4015     2.5945 0.0000e+00
        598     12.213    16.4769   3.328150     1.6303     0.0114  0.0945071    93.3301     12.099    25.4096     2.5885 0.0000e+00
        599     12.235    16.4580   3.327698     1.6280     0.0114  0.0944942    93.3354     12.121    25.4178     2.5825 0.0000e+00
        600     12.256    16.4390   3.327240     1.6256     0.0114  0.0944829    93.3403     12.142    25.4260     2.5761 0.0000e+00
        601     12.278    16.4198   3.326772     1.6233     0.0114  0.0944732    93.3447     12.164    25.4342     2.5699 0.0000e+00
