data/2022/thursday_data/Station B2.cnv
* Sea-Bird SBE 9 Data File:
* FileName = C:\Users\ctd-user\Desktop\CTD data\MAR440 Sept 2022\Day2\Station B2.hex
* Software Version Seasave V 7.26.2.13
* Temperature SN = 4493
* Conductivity SN = 1899
* Number of Bytes Per Scan = 37
* Number of Voltage Words = 4
* Number of Scans Averaged by the Deck Unit = 1
* NMEA Latitude = 58 19.94 N
* NMEA Longitude = 011 52.61 E
* NMEA UTC (Time) = Sep 08 2022 09:04:53
* NMEA baud rate = 4800
** Ship:
** Station:
** Operator:
# nquan = 12                                
# nvalues = 3269                        
# units = specified
# name 0 = scan: Scan Count
# name 1 = prDM: Pressure, Digiquartz [db]
# name 2 = t090C: Temperature [ITS-90, deg C]
# name 3 = c0S/m: Conductivity [S/m]
# name 4 = sbeox0V: Oxygen raw, SBE 43 [V]
# name 5 = flECO-AFL: Fluorescence, WET Labs ECO-AFL/FL [mg/m^3]
# name 6 = upoly0: Upoly 0, Turbidity
# name 7 = xmiss: Beam Transmission, Chelsea/Seatech [%]
# name 8 = depSM: Depth [salt water, m], lat = 58.3323
# name 9 = sal00: Salinity, Practical [PSU]
# name 10 = sbeox0ML/L: Oxygen, SBE 43 [ml/l], WS = 2
# name 11 = flag: flag
# span 0 =          1,       3269       
# span 1 =      1.594,     44.133       
# span 2 =     8.0628,    18.4788       
# span 3 =   3.110821,   3.394288       
# span 4 =     0.5453,     2.7212       
# span 5 =     0.0071,     0.0412       
# span 6 =  0.0947469,  0.1082364       
# span 7 =    67.8324,    94.0154       
# span 8 =      1.579,     43.718       
# span 9 =    23.7129,    32.0341       
# span 10 =     0.1144,     5.4529      
# span 11 = 0.0000e+00, 0.0000e+00      
# interval = seconds: 0.0416667
# start_time = Sep 08 2022 09:04:53 [NMEA time, header]
# bad_flag = -9.990e-29
*END*
[from data line 1444]
       1445     19.201     8.1048   3.182309     0.6701     0.0220  0.0998911    81.7538     19.022    30.2265     0.3329 0.0000e+00
       1446     19.223     8.1062   3.182891     0.6693     0.0222  0.0999475    81.9407     19.043    30.2314     0.3322 0.0000e+00
       1447     19.245     8.1076   3.183474     0.6685     0.0224  0.1000028    82.1231     19.065    30.2363     0.3314 0.0000e+00
       1448     19.267     8.1091   3.184057     0.6676     0.0226  0.1000573    82.3003     19.087    30.2412     0.3302 0.0000e+00
       1449     19.290     8.1106   3.184642     0.6668     0.0228  0.1001113    82.4714     19.110    30.2460     0.3294 0.0000e+00
       1450     19.312     8.1121   3.185228     0.6660     0.0230  0.1001653    82.6358     19.132    30.2509     0.3285 0.0000e+00
       1451     19.334     8.1136   3.185815     0.6653     0.0232  0.1002196    82.7929     19.153    30.2557     0.3279 0.0000e+00
       1452     19.356     8.1152   3.186404     0.6645     0.0234  0.1002747    82.9426     19.175    30.2605     0.3270 0.0000e+00
       1453     19.378     8.1168   3.186994     0.6637     0.0235  0.1003308    83.0842     19.197    30.2653     0.3261 0.0000e+00
       1454     19.400     8.1184   3.187587     0.6629     0.0237  0.1003884    83.2171     19.219    30.2702     0.3252 0.0000e+00
       1455     19.422     8.1200   3.188180     0.6622     0.0240  0.1004478    83.3411     19.241    30.2750     0.3245 0.0000e+00
       1456     19.444     8.1217   3.188776     0.6614     0.0242  0.1005096    83.4572     19.262    30.2798     0.3235 0.0000e+00
       1457     19.466     8.1234   3.189375     0.6606     0.0244  0.1005741    83.5670     19.284    30.2846     0.3226 0.0000e+00
       1458     19.488     8.1251   3.189976     0.6599     0.0246  0.1006417    83.6723     19.306    30.2895     0.3219 0.0000e+00
       1459     19.511     8.1268   3.190581     0.6592     0.0248  0.1007130    83.7749     19.329    30.2943     0.3211 0.0000e+00
       1460     19.533     8.1286   3.191188     0.6585     0.0251  0.1007884    83.8759     19.351    30.2992     0.3204 0.0000e+00
       1461     19.555     8.1304   3.191798     0.6577     0.0254  0.1008685    83.9763     19.372    30.3040     0.3194 0.0000e+00
       1462     19.577     8.1322   3.192412     0.6570     0.0256  0.1009538    84.0770     19.394    30.3089     0.3186 0.0000e+00
       1463     19.599     8.1340   3.193028     0.6563     0.0259  0.1010441    84.1786     19.416    30.3138     0.3179 0.0000e+00
       1464     19.621     8.1358   3.193648     0.6557     0.0262  0.1011365    84.2809     19.438    30.3188     0.3174 0.0000e+00
       1465     19.643     8.1376   3.194271     0.6550     0.0265  0.1012267    84.3829     19.460    30.3237     0.3166 0.0000e+00
       1466     19.665     8.1395   3.194896     0.6543     0.0268  0.1013119    84.4831     19.481    30.3286     0.3158 0.0000e+00
       1467     19.687     8.1414   3.195526     0.6536     0.0271  0.1013918    84.5799     19.503    30.3336     0.3150 0.0000e+00
       1468     19.709     8.1433   3.196158     0.6530     0.0273  0.1014670    84.6717     19.525    30.3386     0.3145 0.0000e+00
       1469     19.731     8.1453   3.196794     0.6523     0.0276  0.1015379    84.7574     19.547    30.3435     0.3136 0.0000e+00
       1470     19.754     8.1473   3.197433     0.6517     0.0278  0.1016051    84.8364     19.569    30.3485     0.3131 0.0000e+00
       1471     19.776     8.1493   3.198075     0.6510     0.0281  0.1016691    84.9081     19.591    30.3535     0.3123 0.0000e+00
       1472     19.798     8.1514   3.198721     0.6504     0.0283  0.1017303    84.9722     19.613    30.3585     0.3117 0.0000e+00
       1473     19.820     8.1535   3.199370     0.6498     0.0285  0.1017891    85.0285     19.635    30.3635     0.3112 0.0000e+00
       1474     19.842     8.1556   3.200022     0.6491     0.0287  0.1018459    85.0769     19.657    30.3685     0.3103 0.0000e+00
       1475     19.864     8.1578   3.200679     0.6485     0.0289  0.1019012    85.1176     19.678    30.3735     0.3098 0.0000e+00
       1476     19.886     8.1600   3.201339     0.6479     0.0292  0.1019552    85.1510     19.700    30.3785     0.3092 0.0000e+00
       1477     19.909     8.1622   3.202003     0.6473     0.0294  0.1020085    85.1775     19.723    30.3836     0.3087 0.0000e+00
       1478     19.931     8.1644   3.202671     0.6467     0.0296  0.1020613    85.1977     19.745    30.3887     0.3081 0.0000e+00
       1479     19.953     8.1667   3.203344     0.6461     0.0298  0.1021140    85.2123     19.767    30.3937     0.3075 0.0000e+00
       1480     19.975     8.1689   3.204021     0.6455     0.0301  0.1021671    85.2217     19.788    30.3989     0.3070 0.0000e+00
       1481     19.997     8.1712   3.204705     0.6450     0.0303  0.1022207    85.2261     19.810    30.4041     0.3067 0.0000e+00
       1482     20.019     8.1734   3.205393     0.6444     0.0306  0.1022755    85.2259     19.832    30.4094     0.3060 0.0000e+00
       1483     20.041     8.1757   3.206086     0.6438     0.0309  0.1023316    85.2220     19.854    30.4147     0.3054 0.0000e+00
       1484     20.063     8.1779   3.206786     0.6433     0.0312  0.1023896    85.2155     19.876    30.4201     0.3050 0.0000e+00
       1485     20.085     8.1802   3.207490     0.6427     0.0315  0.1024497    85.2066     19.897    30.4255     0.3044 0.0000e+00
       1486     20.107     8.1824   3.208200     0.6422     0.0318  0.1025125    85.1957     19.919    30.4311     0.3040 0.0000e+00
       1487     20.129     8.1846   3.208915     0.6416     0.0321  0.1025784    85.1826     19.941    30.4367     0.3033 0.0000e+00
       1488     20.151     8.1868   3.209633     0.6411     0.0325  0.1026477    85.1677     19.963    30.4423     0.3029 0.0000e+00
       1489     20.173     8.1890   3.210355     0.6406     0.0329  0.1027203    85.1513     19.985    30.4479     0.3025 0.0000e+00
       1490     20.195     8.1912   3.211081     0.6400     0.0333  0.1027931    85.1335     20.006    30.4536     0.3018 0.0000e+00
       1491     20.217     8.1934   3.211809     0.6395     0.0336  0.1028624    85.1144     20.028    30.4594     0.3013 0.0000e+00
       1492     20.239     8.1955   3.212539     0.6390     0.0340  0.1029270    85.0936     20.050    30.4652     0.3009 0.0000e+00
       1493     20.260     8.1977   3.213272     0.6385     0.0343  0.1029874    85.0716     20.071    30.4710     0.3004 0.0000e+00
       1494     20.282     8.1999   3.214006     0.6380     0.0346  0.1030439    85.0487     20.093    30.4768     0.3000 0.0000e+00
       1495     20.304     8.2020   3.214741     0.6375     0.0349  0.1030970    85.0247     20.114    30.4826     0.2995 0.0000e+00
       1496     20.326     8.2042   3.215477     0.6370     0.0351  0.1031471    84.9998     20.136    30.4885     0.2990 0.0000e+00
       1497     20.348     8.2063   3.216213     0.6366     0.0354  0.1031944    84.9735     20.158    30.4943     0.2988 0.0000e+00
       1498     20.370     8.2085   3.216951     0.6361     0.0356  0.1032394    84.9451     20.180    30.5002     0.2983 0.0000e+00
       1499     20.392     8.2106   3.217689     0.6356     0.0359  0.1032823    84.9135     20.201    30.5061     0.2978 0.0000e+00
       1500     20.414     8.2128   3.218427     0.6352     0.0361  0.1033234    84.8776     20.223    30.5119     0.2975 0.0000e+00
       1501     20.436     8.2150   3.219164     0.6347     0.0363  0.1033630    84.8365     20.245    30.5177     0.2970 0.0000e+00
       1502     20.458     8.2171   3.219902     0.6343     0.0365  0.1034014    84.7891     20.267    30.5236     0.2967 0.0000e+00
       1503     20.479     8.2193   3.220641     0.6339     0.0368  0.1034389    84.7353     20.288    30.5295     0.2964 0.0000e+00
       1504     20.501     8.2215   3.221380     0.6334     0.0370  0.1034757    84.6755     20.309    30.5353     0.2958 0.0000e+00
       1505     20.523     8.2237   3.222119     0.6330     0.0372  0.1035120    84.6108     20.331    30.5411     0.2955 0.0000e+00
       1506     20.545     8.2259   3.222860     0.6325     0.0374  0.1035482    84.5418     20.353    30.5470     0.2949 0.0000e+00
       1507     20.567     8.2282   3.223600     0.6321     0.0376  0.1035845    84.4691     20.375    30.5528     0.2946 0.0000e+00
       1508     20.589     8.2304   3.224342     0.6317     0.0379  0.1036210    84.3924     20.397    30.5586     0.2942 0.0000e+00
       1509     20.610     8.2327   3.225084     0.6313     0.0381  0.1036582    84.3112     20.417    30.5644     0.2939 0.0000e+00
       1510     20.632     8.2349   3.225827     0.6309     0.0383  0.1036962    84.2252     20.439    30.5703     0.2935 0.0000e+00
       1511     20.654     8.2372   3.226571     0.6304     0.0386  0.1037353    84.1347     20.461    30.5761     0.2929 0.0000e+00
       1512     20.675     8.2394   3.227315     0.6300     0.0389  0.1037758    84.0402     20.482    30.5819     0.2925 0.0000e+00
       1513     20.697     8.2416   3.228059     0.6296     0.0391  0.1038180    83.9426     20.504    30.5878     0.2921 0.0000e+00
       1514     20.719     8.2439   3.228805     0.6292     0.0394  0.1038621    83.8429     20.525    30.5936     0.2917 0.0000e+00
       1515     20.741     8.2461   3.229551     0.6288     0.0397  0.1039076    83.7423     20.547    30.5995     0.2912 0.0000e+00
       1516     20.762     8.2482   3.230298     0.6284     0.0400  0.1039523    83.6418     20.568    30.6055     0.2907 0.0000e+00
       1517     20.784     8.2504   3.231045     0.6280     0.0402  0.1039939    83.5419     20.590    30.6115     0.2903 0.0000e+00
       1518     20.806     8.2525   3.231792     0.6277     0.0404  0.1040320    83.4430     20.612    30.6175     0.2901 0.0000e+00
       1519     20.827     8.2546   3.232540     0.6273     0.0406  0.1040666    83.3463     20.632    30.6235     0.2896 0.0000e+00
       1520     20.849     8.2566   3.233287     0.6269     0.0408  0.1040982    83.2536     20.654    30.6295     0.2891 0.0000e+00
       1521     20.870     8.2587   3.234033     0.6265     0.0409  0.1041268    83.1665     20.675    30.6355     0.2885 0.0000e+00
       1522     20.892     8.2607   3.234779     0.6262     0.0410  0.1041528    83.0864     20.697    30.6416     0.2883 0.0000e+00
       1523     20.914     8.2626   3.235523     0.6258     0.0411  0.1041763    83.0133     20.719    30.6477     0.2878 0.0000e+00
       1524     20.935     8.2646   3.236265     0.6255     0.0412  0.1041974    82.9467     20.739    30.6538     0.2875 0.0000e+00
       1525     20.957     8.2665   3.237004     0.6251     0.0412  0.1042163    82.8857     20.761    30.6599     0.2869 0.0000e+00
       1526     20.978     8.2684   3.237739     0.6248     0.0412  0.1042331    82.8290     20.782    30.6659     0.2866 0.0000e+00
       1527     21.000     8.2703   3.238471     0.6244     0.0412  0.1042480    82.7765     20.804    30.6719     0.2860 0.0000e+00
       1528     21.021     8.2721   3.239198     0.6241     0.0412  0.1042610    82.7283     20.825    30.6780     0.2857 0.0000e+00
       1529     21.043     8.2739   3.239919     0.6237     0.0411  0.1042723    82.6840     20.846    30.6839     0.2851 0.0000e+00
       1530     21.064     8.2757   3.240636     0.6234     0.0410  0.1042819    82.6429     20.867    30.6899     0.2848 0.0000e+00
       1531     21.086     8.2775   3.241347     0.6231     0.0409  0.1042899    82.6039     20.889    30.6957     0.2845 0.0000e+00
       1532     21.107     8.2793   3.242052     0.6227     0.0408  0.1042963    82.5656     20.910    30.7016     0.2838 0.0000e+00
       1533     21.129     8.2810   3.242752     0.6224     0.0406  0.1043012    82.5257     20.932    30.7074     0.2835 0.0000e+00
       1534     21.150     8.2827   3.243447     0.6221     0.0404  0.1043046    82.4815     20.952    30.7132     0.2831 0.0000e+00
       1535     21.171     8.2844   3.244137     0.6218     0.0402  0.1043066    82.4311     20.973    30.7189     0.2828 0.0000e+00
       1536     21.193     8.2860   3.244820     0.6215     0.0399  0.1043071    82.3739     20.995    30.7247     0.2824 0.0000e+00
       1537     21.214     8.2877   3.245499     0.6211     0.0396  0.1043062    82.3097     21.016    30.7303     0.2817 0.0000e+00
       1538     21.236     8.2893   3.246171     0.6208     0.0393  0.1043038    82.2389     21.038    30.7360     0.2812 0.0000e+00
       1539     21.257     8.2909   3.246838     0.6205     0.0390  0.1043000    82.1629     21.058    30.7416     0.2808 0.0000e+00
       1540     21.278     8.2925   3.247500     0.6202     0.0386  0.1042955    82.0826     21.079    30.7471     0.2803 0.0000e+00
       1541     21.299     8.2940   3.248155     0.6199     0.0382  0.1042921    81.9990     21.100    30.7526     0.2798 0.0000e+00
       1542     21.321     8.2955   3.248805     0.6196     0.0379  0.1042905    81.9124     21.122    30.7581     0.2793 0.0000e+00
       1543     21.342     8.2970   3.249449     0.6193     0.0375  0.1042908    81.8232     21.143    30.7636     0.2788 0.0000e+00
       1544     21.363     8.2985   3.250088     0.6190     0.0372  0.1042929    81.7320     21.163    30.7689     0.2783 0.0000e+00
       1545     21.385     8.2999   3.250721     0.6187     0.0369  0.1042968    81.6388     21.185    30.7743     0.2778 0.0000e+00
       1546     21.406     8.3013   3.251348     0.6184     0.0366  0.1043027    81.5430     21.206    30.7797     0.2773 0.0000e+00
       1547     21.427     8.3027   3.251970     0.6181     0.0364  0.1043104    81.4438     21.227    30.7850     0.2768 0.0000e+00
       1548     21.449     8.3040   3.252586     0.6178     0.0361  0.1043202    81.3409     21.249    30.7903     0.2762 0.0000e+00
       1549     21.470     8.3053   3.253196     0.6175     0.0359  0.1043320    81.2345     21.269    30.7955     0.2757 0.0000e+00
       1550     21.491     8.3066   3.253800     0.6172     0.0356  0.1043459    81.1245     21.290    30.8007     0.2752 0.0000e+00
       1551     21.513     8.3079   3.254397     0.6169     0.0354  0.1043621    81.0104     21.312    30.8058     0.2746 0.0000e+00
       1552     21.534     8.3091   3.254988     0.6166     0.0352  0.1043806    80.8915     21.333    30.8110     0.2741 0.0000e+00
       1553     21.555     8.3104   3.255574     0.6164     0.0350  0.1044016    80.7677     21.354    30.8160     0.2739 0.0000e+00
       1554     21.577     8.3116   3.256152     0.6161     0.0348  0.1044252    80.6392     21.375    30.8210     0.2733 0.0000e+00
       1555     21.598     8.3127   3.256724     0.6158     0.0346  0.1044516    80.5056     21.396    30.8260     0.2727 0.0000e+00
       1556     21.619     8.3139   3.257288     0.6155     0.0344  0.1044809    80.3665     21.417    30.8308     0.2722 0.0000e+00
       1557     21.641     8.3150   3.257846     0.6153     0.0342  0.1045134    80.2212     21.439    30.8357     0.2719 0.0000e+00
       1558     21.662     8.3162   3.258397     0.6150     0.0340  0.1045493    80.0697     21.460    30.8404     0.2714 0.0000e+00
       1559     21.683     8.3173   3.258941     0.6147     0.0338  0.1045889    79.9119     21.480    30.8452     0.2708 0.0000e+00
       1560     21.705     8.3184   3.259478     0.6144     0.0336  0.1046323    79.7484     21.502    30.8498     0.2703 0.0000e+00
       1561     21.726     8.3195   3.260010     0.6142     0.0334  0.1046800    79.5799     21.523    30.8544     0.2701 0.0000e+00
       1562     21.747     8.3205   3.260534     0.6139     0.0332  0.1047322    79.4073     21.544    30.8590     0.2695 0.0000e+00
       1563     21.769     8.3216   3.261053     0.6136     0.0330  0.1047894    79.2315     21.566    30.8635     0.2689 0.0000e+00
