data/2022/thursday_data/Station B2.cnv
* Sea-Bird SBE 9 Data File:
* FileName = C:\Users\ctd-user\Desktop\CTD data\MAR440 Sept 2022\Day2\Station B2.hex
* Software Version Seasave V 7.26.2.13
* Temperature SN = 4493
* Conductivity SN = 1899
* Number of Bytes Per Scan = 37
* Number of Voltage Words = 4
* Number of Scans Averaged by the Deck Unit = 1
* NMEA Latitude = 58 19.94 N
* NMEA Longitude = 011 52.61 E
* NMEA UTC (Time) = Sep 08 2022 09:04:53
* NMEA baud rate = 4800
** Ship:
** Station:
** Operator:
# nquan = 12                                
# nvalues = 3269                        
# units = specified
# name 0 = scan: Scan Count
# name 1 = prDM: Pressure, Digiquartz [db]
# name 2 = t090C: Temperature [ITS-90, deg C]
# name 3 = c0S/m: Conductivity [S/m]
# name 4 = sbeox0V: Oxygen raw, SBE 43 [V]
# name 5 = flECO-AFL: Fluorescence, WET Labs ECO-AFL/FL [mg/m^3]
# name 6 = upoly0: Upoly 0, Turbidity
# name 7 = xmiss: Beam Transmission, Chelsea/Seatech [%]
# name 8 = depSM: Depth [salt water, m], lat = 58.3323
# name 9 = sal00: Salinity, Practical [PSU]
# name 10 = sbeox0ML/L: Oxygen, SBE 43 [ml/l], WS = 2
# name 11 = flag: flag
# span 0 =          1,       3269       
# span 1 =      1.594,     44.133       
# span 2 =     8.0628,    18.4788       
# span 3 =   3.110821,   3.394288       
# span 4 =     0.5453,     2.7212       
# span 5 =     0.0071,     0.0412       
# span 6 =  0.0947469,  0.1082364       
# span 7 =    67.8324,    94.0154       
# span 8 =      1.579,     43.718       
# span 9 =    23.7129,    32.0341       
# span 10 =     0.1144,     5.4529      
# span 11 = 0.0000e+00, 0.0000e+00      
# interval = seconds: 0.0416667
# start_time = Sep 08 2022 09:04:53 [NMEA time, header]
# bad_flag = -9.990e-29
*END*
[from data line 2046]
       2047     32.466     8.5622   3.383473     0.5666     0.0143  0.0966394    86.8642     32.162    31.9269     0.1704 0.0000e+00
       2048     32.488     8.5623   3.383571     0.5665     0.0143  0.0966333    86.9274     32.184    31.9279     0.1701 0.0000e+00
       2049     32.510     8.5625   3.383668     0.5665     0.0143  0.0966267    86.9908     32.205    31.9287     0.1702 0.0000e+00
       2050     32.532     8.5626   3.383764     0.5664     0.0143  0.0966196    87.0543     32.227    31.9296     0.1700 0.0000e+00
       2051     32.554     8.5627   3.383860     0.5664     0.0143  0.0966120    87.1176     32.249    31.9305     0.1700 0.0000e+00
       2052     32.576     8.5628   3.383955     0.5663     0.0143  0.0966038    87.1806     32.271    31.9314     0.1698 0.0000e+00
       2053     32.598     8.5630   3.384051     0.5663     0.0143  0.0965949    87.2428     32.292    31.9322     0.1698 0.0000e+00
       2054     32.620     8.5631   3.384146     0.5663     0.0143  0.0965852    87.3039     32.314    31.9331     0.1699 0.0000e+00
       2055     32.642     8.5632   3.384239     0.5662     0.0143  0.0965756    87.3637     32.336    31.9340     0.1697 0.0000e+00
       2056     32.664     8.5633   3.384333     0.5662     0.0142  0.0965669    87.4219     32.358    31.9348     0.1697 0.0000e+00
       2057     32.686     8.5635   3.384427     0.5661     0.0142  0.0965581    87.4783     32.380    31.9356     0.1695 0.0000e+00
       2058     32.708     8.5636   3.384520     0.5661     0.0142  0.0965483    87.5336     32.401    31.9365     0.1696 0.0000e+00
       2059     32.730     8.5637   3.384612     0.5661     0.0142  0.0965374    87.5889     32.423    31.9374     0.1696 0.0000e+00
       2060     32.752     8.5639   3.384705     0.5660     0.0142  0.0965255    87.6448     32.445    31.9382     0.1694 0.0000e+00
       2061     32.774     8.5640   3.384797     0.5660     0.0142  0.0965123    87.7011     32.467    31.9390     0.1694 0.0000e+00
       2062     32.796     8.5642   3.384888     0.5660     0.0142  0.0964978    87.7569     32.489    31.9398     0.1695 0.0000e+00
       2063     32.818     8.5643   3.384980     0.5660     0.0142  0.0964819    87.8118     32.510    31.9406     0.1695 0.0000e+00
       2064     32.840     8.5644   3.385069     0.5660     0.0142  0.0964653    87.8658     32.532    31.9415     0.1695 0.0000e+00
       2065     32.863     8.5646   3.385159     0.5659     0.0142  0.0964488    87.9195     32.555    31.9422     0.1692 0.0000e+00
       2066     32.885     8.5647   3.385249     0.5659     0.0142  0.0964314    87.9731     32.577    31.9431     0.1693 0.0000e+00
       2067     32.907     8.5649   3.385338     0.5659     0.0142  0.0964122    88.0272     32.599    31.9438     0.1693 0.0000e+00
       2068     32.929     8.5650   3.385425     0.5658     0.0142  0.0963909    88.0817     32.620    31.9446     0.1690 0.0000e+00
       2069     32.951     8.5651   3.385513     0.5658     0.0143  0.0963675    88.1366     32.642    31.9454     0.1691 0.0000e+00
       2070     32.973     8.5653   3.385600     0.5658     0.0143  0.0963418    88.1919     32.664    31.9462     0.1691 0.0000e+00
       2071     32.995     8.5654   3.385686     0.5657     0.0143  0.0963136    88.2476     32.686    31.9470     0.1688 0.0000e+00
       2072     33.017     8.5656   3.385772     0.5657     0.0143  0.0962827    88.3036     32.708    31.9477     0.1689 0.0000e+00
       2073     33.039     8.5657   3.385857     0.5657     0.0143  0.0962489    88.3597     32.729    31.9485     0.1689 0.0000e+00
       2074     33.061     8.5658   3.385940     0.5656     0.0143  0.0962120    88.4154     32.751    31.9492     0.1686 0.0000e+00
       2075     33.083     8.5660   3.386024     0.5656     0.0143  0.0961725    88.4703     32.773    31.9499     0.1686 0.0000e+00
       2076     33.105     8.5661   3.386107     0.5656     0.0143  0.0961328    88.5245     32.795    31.9507     0.1686 0.0000e+00
       2077     33.127     8.5662   3.386188     0.5655     0.0143  0.0960950    88.5783     32.816    31.9514     0.1683 0.0000e+00
       2078     33.149     8.5664   3.386270     0.5655     0.0143  0.0960599    88.6321     32.838    31.9521     0.1683 0.0000e+00
       2079     33.172     8.5665   3.386350     0.5655     0.0143  0.0960271    88.6861     32.861    31.9528     0.1683 0.0000e+00
       2080     33.194     8.5666   3.386429     0.5654     0.0143  0.0959964    88.7397     32.883    31.9536     0.1680 0.0000e+00
       2081     33.216     8.5667   3.386507     0.5654     0.0143  0.0959676    88.7926     32.905    31.9543     0.1680 0.0000e+00
       2082     33.238     8.5669   3.386585     0.5654     0.0143  0.0959406    88.8447     32.926    31.9549     0.1680 0.0000e+00
       2083     33.260     8.5670   3.386662     0.5653     0.0143  0.0959150    88.8963     32.948    31.9556     0.1677 0.0000e+00
       2084     33.282     8.5671   3.386738     0.5653     0.0143  0.0958908    88.9470     32.970    31.9563     0.1677 0.0000e+00
       2085     33.304     8.5672   3.386814     0.5653     0.0143  0.0958677    88.9965     32.992    31.9570     0.1676 0.0000e+00
       2086     33.326     8.5673   3.386887     0.5652     0.0143  0.0958457    89.0448     33.014    31.9577     0.1673 0.0000e+00
       2087     33.348     8.5674   3.386960     0.5652     0.0144  0.0958245    89.0923     33.035    31.9583     0.1673 0.0000e+00
       2088     33.371     8.5675   3.387033     0.5651     0.0144  0.0958040    89.1393     33.058    31.9590     0.1669 0.0000e+00
       2089     33.393     8.5676   3.387104     0.5651     0.0144  0.0957841    89.1860     33.080    31.9596     0.1670 0.0000e+00
       2090     33.415     8.5677   3.387176     0.5651     0.0144  0.0957646    89.2322     33.102    31.9603     0.1669 0.0000e+00
       2091     33.437     8.5678   3.387245     0.5650     0.0144  0.0957454    89.2786     33.124    31.9609     0.1666 0.0000e+00
       2092     33.459     8.5679   3.387313     0.5650     0.0144  0.0957263    89.3257     33.145    31.9615     0.1666 0.0000e+00
       2093     33.481     8.5680   3.387382     0.5650     0.0144  0.0957073    89.3741     33.167    31.9621     0.1666 0.0000e+00
       2094     33.503     8.5681   3.387449     0.5650     0.0144  0.0956882    89.4237     33.189    31.9627     0.1666 0.0000e+00
       2095     33.526     8.5682   3.387514     0.5649     0.0144  0.0956688    89.4741     33.212    31.9633     0.1663 0.0000e+00
       2096     33.548     8.5683   3.387580     0.5649     0.0144  0.0956490    89.5249     33.233    31.9639     0.1663 0.0000e+00
       2097     33.570     8.5683   3.387644     0.5649     0.0144  0.0956288    89.5756     33.255    31.9646     0.1663 0.0000e+00
       2098     33.592     8.5684   3.387706     0.5648     0.0144  0.0956079    89.6260     33.277    31.9651     0.1660 0.0000e+00
       2099     33.614     8.5685   3.387768     0.5648     0.0144  0.0955861    89.6760     33.299    31.9657     0.1660 0.0000e+00
       2100     33.636     8.5685   3.387829     0.5648     0.0144  0.0955635    89.7252     33.321    31.9663     0.1660 0.0000e+00
       2101     33.659     8.5686   3.387890     0.5647     0.0144  0.0955397    89.7733     33.343    31.9668     0.1657 0.0000e+00
       2102     33.681     8.5687   3.387949     0.5647     0.0145  0.0955155    89.8199     33.365    31.9674     0.1657 0.0000e+00
       2103     33.703     8.5687   3.388008     0.5647     0.0145  0.0954924    89.8648     33.387    31.9680     0.1657 0.0000e+00
       2104     33.726     8.5687   3.388065     0.5646     0.0145  0.0954711    89.9076     33.410    31.9686     0.1654 0.0000e+00
       2105     33.748     8.5688   3.388121     0.5646     0.0145  0.0954515    89.9485     33.432    31.9690     0.1654 0.0000e+00
       2106     33.770     8.5688   3.388177     0.5646     0.0145  0.0954333    89.9881     33.453    31.9696     0.1654 0.0000e+00
       2107     33.793     8.5688   3.388231     0.5645     0.0145  0.0954166    90.0270     33.476    31.9702     0.1651 0.0000e+00
       2108     33.815     8.5688   3.388285     0.5645     0.0145  0.0954011    90.0656     33.498    31.9707     0.1651 0.0000e+00
       2109     33.837     8.5688   3.388338     0.5644     0.0145  0.0953868    90.1038     33.520    31.9713     0.1648 0.0000e+00
       2110     33.860     8.5688   3.388390     0.5644     0.0145  0.0953735    90.1415     33.543    31.9718     0.1648 0.0000e+00
       2111     33.882     8.5688   3.388442     0.5644     0.0145  0.0953612    90.1790     33.564    31.9723     0.1648 0.0000e+00
       2112     33.904     8.5688   3.388491     0.5643     0.0145  0.0953498    90.2165     33.586    31.9728     0.1645 0.0000e+00
       2113     33.927     8.5688   3.388541     0.5643     0.0145  0.0953392    90.2543     33.609    31.9734     0.1645 0.0000e+00
       2114     33.949     8.5688   3.388590     0.5643     0.0145  0.0953293    90.2921     33.631    31.9739     0.1644 0.0000e+00
       2115     33.972     8.5688   3.388638     0.5642     0.0145  0.0953200    90.3297     33.653    31.9743     0.1641 0.0000e+00
       2116     33.994     8.5687   3.388686     0.5642     0.0145  0.0953114    90.3669     33.675    31.9749     0.1641 0.0000e+00
       2117     34.016     8.5687   3.388732     0.5642     0.0145  0.0953033    90.4033     33.697    31.9754     0.1641 0.0000e+00
       2118     34.039     8.5687   3.388778     0.5641     0.0145  0.0952957    90.4387     33.720    31.9759     0.1638 0.0000e+00
       2119     34.061     8.5686   3.388823     0.5641     0.0145  0.0952885    90.4728     33.742    31.9764     0.1638 0.0000e+00
       2120     34.084     8.5686   3.388868     0.5641     0.0145  0.0952817    90.5056     33.764    31.9769     0.1638 0.0000e+00
       2121     34.106     8.5686   3.388910     0.5640     0.0145  0.0952752    90.5376     33.786    31.9773     0.1635 0.0000e+00
       2122     34.128     8.5685   3.388953     0.5640     0.0145  0.0952690    90.5694     33.808    31.9778     0.1636 0.0000e+00
       2123     34.151     8.5685   3.388995     0.5640     0.0145  0.0952631    90.6016     33.831    31.9783     0.1636 0.0000e+00
       2124     34.173     8.5685   3.389036     0.5639     0.0145  0.0952573    90.6350     33.853    31.9787     0.1633 0.0000e+00
       2125     34.195     8.5685   3.389076     0.5639     0.0145  0.0952517    90.6697     33.874    31.9791     0.1633 0.0000e+00
       2126     34.218     8.5685   3.389116     0.5638     0.0145  0.0952462    90.7059     33.897    31.9795     0.1630 0.0000e+00
       2127     34.240     8.5684   3.389155     0.5638     0.0145  0.0952408    90.7431     33.919    31.9800     0.1630 0.0000e+00
       2128     34.262     8.5684   3.389193     0.5638     0.0145  0.0952355    90.7807     33.941    31.9804     0.1630 0.0000e+00
       2129     34.285     8.5684   3.389229     0.5637     0.0145  0.0952301    90.8179     33.964    31.9808     0.1627 0.0000e+00
       2130     34.307     8.5684   3.389266     0.5637     0.0145  0.0952247    90.8542     33.985    31.9811     0.1627 0.0000e+00
       2131     34.330     8.5684   3.389303     0.5637     0.0145  0.0952193    90.8897     34.008    31.9815     0.1628 0.0000e+00
       2132     34.352     8.5684   3.389338     0.5636     0.0145  0.0952137    90.9243     34.030    31.9819     0.1625 0.0000e+00
       2133     34.374     8.5684   3.389374     0.5636     0.0145  0.0952081    90.9578     34.052    31.9822     0.1625 0.0000e+00
       2134     34.397     8.5683   3.389407     0.5636     0.0145  0.0952022    90.9904     34.074    31.9827     0.1625 0.0000e+00
       2135     34.419     8.5683   3.389442     0.5635     0.0145  0.0951961    91.0217     34.096    31.9830     0.1623 0.0000e+00
       2136     34.441     8.5683   3.389476     0.5635     0.0145  0.0951897    91.0518     34.118    31.9834     0.1623 0.0000e+00
       2137     34.464     8.5683   3.389508     0.5635     0.0145  0.0951830    91.0807     34.141    31.9837     0.1623 0.0000e+00
       2138     34.486     8.5683   3.389541     0.5634     0.0145  0.0951760    91.1088     34.163    31.9840     0.1620 0.0000e+00
       2139     34.508     8.5683   3.389574     0.5634     0.0145  0.0951686    91.1365     34.184    31.9844     0.1621 0.0000e+00
       2140     34.530     8.5683   3.389606     0.5634     0.0145  0.0951607    91.1641     34.206    31.9847     0.1621 0.0000e+00
       2141     34.553     8.5683   3.389638     0.5633     0.0145  0.0951523    91.1913     34.229    31.9850     0.1619 0.0000e+00
       2142     34.575     8.5683   3.389668     0.5633     0.0145  0.0951433    91.2181     34.251    31.9853     0.1619 0.0000e+00
       2143     34.598     8.5683   3.389699     0.5633     0.0145  0.0951337    91.2443     34.274    31.9856     0.1620 0.0000e+00
       2144     34.620     8.5683   3.389729     0.5632     0.0145  0.0951233    91.2699     34.295    31.9859     0.1617 0.0000e+00
       2145     34.642     8.5683   3.389759     0.5632     0.0145  0.0951123    91.2950     34.317    31.9862     0.1618 0.0000e+00
       2146     34.665     8.5683   3.389788     0.5632     0.0145  0.0951003    91.3198     34.340    31.9865     0.1618 0.0000e+00
       2147     34.687     8.5683   3.389817     0.5631     0.0145  0.0950874    91.3446     34.362    31.9868     0.1616 0.0000e+00
       2148     34.710     8.5682   3.389845     0.5631     0.0145  0.0950735    91.3695     34.385    31.9872     0.1616 0.0000e+00
       2149     34.732     8.5682   3.389873     0.5631     0.0145  0.0950585    91.3946     34.406    31.9875     0.1617 0.0000e+00
       2150     34.754     8.5682   3.389901     0.5630     0.0145  0.0950423    91.4199     34.428    31.9878     0.1615 0.0000e+00
       2151     34.777     8.5682   3.389929     0.5630     0.0145  0.0950247    91.4452     34.451    31.9880     0.1615 0.0000e+00
       2152     34.799     8.5682   3.389956     0.5629     0.0145  0.0950057    91.4701     34.473    31.9883     0.1612 0.0000e+00
       2153     34.821     8.5682   3.389983     0.5629     0.0145  0.0949859    91.4945     34.494    31.9886     0.1613 0.0000e+00
       2154     34.844     8.5682   3.390010     0.5629     0.0145  0.0949670    91.5183     34.517    31.9889     0.1613 0.0000e+00
       2155     34.866     8.5682   3.390037     0.5629     0.0146  0.0949495    91.5418     34.539    31.9891     0.1613 0.0000e+00
       2156     34.888     8.5682   3.390062     0.5628     0.0146  0.0949335    91.5649     34.561    31.9894     0.1611 0.0000e+00
       2157     34.911     8.5682   3.390088     0.5628     0.0146  0.0949188    91.5875     34.584    31.9897     0.1611 0.0000e+00
       2158     34.933     8.5682   3.390114     0.5628     0.0146  0.0949053    91.6099     34.605    31.9899     0.1612 0.0000e+00
       2159     34.956     8.5682   3.390138     0.5628     0.0145  0.0948930    91.6319     34.628    31.9902     0.1612 0.0000e+00
       2160     34.978     8.5682   3.390164     0.5627     0.0145  0.0948816    91.6531     34.650    31.9904     0.1610 0.0000e+00
       2161     35.000     8.5681   3.390188     0.5627     0.0145  0.0948712    91.6733     34.672    31.9908     0.1610 0.0000e+00
       2162     35.023     8.5681   3.390213     0.5627     0.0145  0.0948616    91.6922     34.695    31.9910     0.1611 0.0000e+00
       2163     35.045     8.5681   3.390238     0.5627     0.0145  0.0948529    91.7099     34.716    31.9913     0.1611 0.0000e+00
       2164     35.067     8.5681   3.390262     0.5626     0.0145  0.0948449    91.7263     34.738    31.9915     0.1609 0.0000e+00
       2165     35.090     8.5681   3.390286     0.5626     0.0145  0.0948376    91.7414     34.761    31.9917     0.1609 0.0000e+00
