data/2022/thursday_data/Station B1.cnv
* Sea-Bird SBE 9 Data File:
* FileName = C:\Users\ctd-user\Desktop\CTD data\MAR440 Sept 2022\Day2\Station B1.hex
* Software Version Seasave V 7.26.2.13
* Temperature SN = 4493
* Conductivity SN = 1899
* Number of Bytes Per Scan = 37
* Number of Voltage Words = 4
* Number of Scans Averaged by the Deck Unit = 1
* NMEA Latitude = 58 20.24 N
* NMEA Longitude = 011 54.01 E
* NMEA UTC (Time) = Sep 08 2022 08:31:21
* NMEA baud rate = 4800
** Ship:
** Station:
** Operator:
# nquan = 12                                
# nvalues = 2529                        
# units = specified
# name 0 = scan: Scan Count
# name 1 = prDM: Pressure, Digiquartz [db]
# name 2 = t090C: Temperature [ITS-90, deg C]
# name 3 = c0S/m: Conductivity [S/m]
# name 4 = sbeox0V: Oxygen raw, SBE 43 [V]
# name 5 = flECO-AFL: Fluorescence, WET Labs ECO-AFL/FL [mg/m^3]
# name 6 = upoly0: Upoly 0, Turbidity
# name 7 = xmiss: Beam Transmission, Chelsea/Seatech [%]
# name 8 = depSM: Depth [salt water, m], lat = 58.3373
# name 9 = sal00: Salinity, Practical [PSU]
# name 10 = sbeox0ML/L: Oxygen, SBE 43 [ml/l], WS = 2
# name 11 = flag: flag
# span 0 =          1,       2529       
# span 1 =      1.287,     39.288       
# span 2 =     8.0537,    18.6990       
# span 3 =   3.112756,   3.392360       
# span 4 =     0.5507,     2.5716       
# span 5 =     0.0061,     0.0404       
# span 6 =  0.0944248,  0.1084624       
# span 7 =    66.9286,    93.6997       
# span 8 =      1.275,     38.919       
# span 9 =    23.8737,    32.0166       
# span 10 =     0.1287,     5.0496      
# span 11 = 0.0000e+00, 0.0000e+00      
# interval = seconds: 0.0416667
# start_time = Sep 08 2022 08:31:21 [NMEA time, header]
# bad_flag = -9.990e-29
*END*
          1      1.316    18.5255   3.293681     2.5572     0.0248  0.0976848    85.8994      1.304    23.8899     5.0097 -9.990e-29
          2      1.315    18.5255   3.293686     2.5572     0.0248  0.0976856    85.8931      1.303    23.8899     5.0097 -9.990e-29
          3      1.314    18.5255   3.293692     2.5572     0.0248  0.0976864    85.8866      1.302    23.8900     5.0097 -9.990e-29
          4      1.313    18.5255   3.293697     2.5573     0.0248  0.0976872    85.8810      1.301    23.8900     5.0099 -9.990e-29
          5      1.313    18.5256   3.293703     2.5573     0.0248  0.0976882    85.8775      1.301    23.8900     5.0099 -9.990e-29
          6      1.312    18.5256   3.293709     2.5574     0.0248  0.0976892    85.8769      1.300    23.8901     5.0102 -9.990e-29
          7      1.311    18.5256   3.293714     2.5574     0.0248  0.0976903    85.8790      1.299    23.8901     5.0102 -9.990e-29
          8      1.311    18.5256   3.293720     2.5574     0.0248  0.0976915    85.8828      1.299    23.8901     5.0102 -9.990e-29
          9      1.310    18.5256   3.293726     2.5575     0.0248  0.0976928    85.8876      1.298    23.8902     5.0104 -9.990e-29
         10      1.309    18.5256   3.293732     2.5575     0.0248  0.0976943    85.8926      1.297    23.8902     5.0104 -9.990e-29
         11      1.309    18.5256   3.293738     2.5575     0.0248  0.0976958    85.8968      1.297    23.8903     5.0104 -9.990e-29
         12      1.308    18.5255   3.293744     2.5575     0.0247  0.0976975    85.8995      1.296    23.8904     5.0104 -9.990e-29
         13      1.307    18.5255   3.293750     2.5575     0.0247  0.0976994    85.8999      1.295    23.8904     5.0104 -9.990e-29
         14      1.307    18.5255   3.293757     2.5575     0.0247  0.0977014    85.8979      1.295    23.8905     5.0104 -9.990e-29
         15      1.306    18.5255   3.293763     2.5575     0.0247  0.0977035    85.8935      1.294    23.8906     5.0104 -9.990e-29
         16      1.305    18.5255   3.293770     2.5575     0.0247  0.0977059    85.8868      1.293    23.8906     5.0104 -9.990e-29
         17      1.305    18.5256   3.293776     2.5575     0.0247  0.0977084    85.8777      1.293    23.8906     5.0104 -9.990e-29
         18      1.304    18.5256   3.293782     2.5575     0.0246  0.0977112    85.8662      1.292    23.8906     5.0104 -9.990e-29
         19      1.304    18.5256   3.293789     2.5575     0.0246  0.0977143    85.8523      1.292    23.8907     5.0104 -9.990e-29
         20      1.303    18.5256   3.293795     2.5575     0.0246  0.0977176    85.8360      1.291    23.8908     5.0104 -9.990e-29
         21      1.303    18.5256   3.293802     2.5575     0.0246  0.0977211    85.8172      1.291    23.8908     5.0104 -9.990e-29
         22      1.302    18.5256   3.293808     2.5575     0.0246  0.0977250    85.7961      1.290    23.8909     5.0104 -9.990e-29
         23      1.302    18.5255   3.293814     2.5575     0.0246  0.0977293    85.7730      1.290    23.8910     5.0104 -9.990e-29
         24      1.301    18.5255   3.293819     2.5574     0.0245  0.0977338    85.7484      1.289    23.8910     5.0102 -9.990e-29
         25      1.301    18.5255   3.293824     2.5574     0.0245  0.0977388    85.7229      1.289    23.8910     5.0091 -9.990e-29
         26      1.300    18.5254   3.293829     2.5574     0.0245  0.0977443    85.6971      1.288    23.8911     5.0091 -9.990e-29
         27      1.300    18.5254   3.293832     2.5573     0.0245  0.0977502    85.6712      1.288    23.8912     5.0088 -9.990e-29
         28      1.300    18.5253   3.293834     2.5573     0.0245  0.0977566    85.6464      1.288    23.8912     5.0088 -9.990e-29
         29      1.299    18.5253   3.293836     2.5573     0.0245  0.0977636    85.6242      1.287    23.8913     5.0088 -9.990e-29
         30      1.299    18.5252   3.293837     2.5572     0.0245  0.0977711    85.6067      1.287    23.8913     5.0086 -9.990e-29
         31      1.299    18.5251   3.293837     2.5572     0.0245  0.0977794    85.5967      1.287    23.8914     5.0087 -9.990e-29
         32      1.299    18.5250   3.293836     2.5572     0.0245  0.0977883    85.5955      1.287    23.8914     5.0088 -9.990e-29
         33      1.298    18.5249   3.293835     2.5572     0.0245  0.0977981    85.6021      1.286    23.8915     5.0089 -9.990e-29
         34      1.298    18.5248   3.293832     2.5571     0.0245  0.0978087    85.6146      1.286    23.8915     5.0088 -9.990e-29
         35      1.298    18.5247   3.293829     2.5571     0.0245  0.0978202    85.6309      1.286    23.8915     5.0089 -9.990e-29
         36      1.298    18.5246   3.293825     2.5570     0.0245  0.0978327    85.6495      1.286    23.8916     5.0088 -9.990e-29
         37      1.298    18.5245   3.293820     2.5570     0.0245  0.0978462    85.6694      1.286    23.8916     5.0090 -9.990e-29
         38      1.297    18.5245   3.293816     2.5570     0.0245  0.0978610    85.6900      1.285    23.8916     5.0092 -9.990e-29
         39      1.297    18.5244   3.293810     2.5570     0.0245  0.0978771    85.7105      1.285    23.8916     5.0094 -9.990e-29
         40      1.297    18.5244   3.293805     2.5570     0.0245  0.0978945    85.7302      1.285    23.8915     5.0096 -9.990e-29
         41      1.297    18.5243   3.293797     2.5569     0.0245  0.0979135    85.7489      1.285    23.8915     5.0096 -9.990e-29
         42      1.296    18.5242   3.293791     2.5569     0.0245  0.0979341    85.7665      1.284    23.8915     5.0099 -9.990e-29
         43      1.296    18.5242   3.293784     2.5569     0.0244  0.0979557    85.7834      1.284    23.8915     5.0101 -9.990e-29
         44      1.296    18.5241   3.293777     2.5570     0.0244  0.0979766    85.8001      1.284    23.8915     5.0106 -9.990e-29
         45      1.296    18.5240   3.293768     2.5570     0.0244  0.0979963    85.8168      1.284    23.8915     5.0109 -9.990e-29
         46      1.295    18.5240   3.293760     2.5570     0.0244  0.0980147    85.8334      1.283    23.8914     5.0112 -9.990e-29
         47      1.295    18.5239   3.293752     2.5570     0.0244  0.0980321    85.8498      1.283    23.8914     5.0114 -9.990e-29
         48      1.295    18.5238   3.293743     2.5570     0.0244  0.0980487    85.8655      1.283    23.8914     5.0117 -9.990e-29
         49      1.295    18.5238   3.293734     2.5571     0.0244  0.0980643    85.8801      1.283    23.8913     5.0123 -9.990e-29
         50      1.294    18.5237   3.293724     2.5571     0.0244  0.0980793    85.8934      1.282    23.8913     5.0125 -9.990e-29
         51      1.294    18.5237   3.293714     2.5572     0.0244  0.0980938    85.9050      1.282    23.8912     5.0131 -9.990e-29
         52      1.294    18.5236   3.293704     2.5572     0.0244  0.0981077    85.9150      1.282    23.8912     5.0134 -9.990e-29
         53      1.294    18.5235   3.293694     2.5573     0.0244  0.0981212    85.9237      1.282    23.8912     5.0139 -9.990e-29
         54      1.294    18.5234   3.293682     2.5573     0.0244  0.0981344    85.9316      1.282    23.8911     5.0141 -9.990e-29
         55      1.294    18.5232   3.293671     2.5574     0.0244  0.0981474    85.9390      1.282    23.8911     5.0146 -9.990e-29
         56      1.293    18.5231   3.293659     2.5575     0.0243  0.0981603    85.9464      1.281    23.8911     5.0151 -9.990e-29
         57      1.293    18.5229   3.293647     2.5575     0.0243  0.0981731    85.9542      1.281    23.8911     5.0153 -9.990e-29
         58      1.293    18.5227   3.293635     2.5576     0.0243  0.0981860    85.9624      1.281    23.8911     5.0158 -9.990e-29
         59      1.293    18.5224   3.293622     2.5577     0.0243  0.0981991    85.9712      1.281    23.8912     5.0162 -9.990e-29
         60      1.293    18.5222   3.293609     2.5577     0.0243  0.0982123    85.9805      1.281    23.8912     5.0163 -9.990e-29
         61      1.292    18.5220   3.293595     2.5578     0.0243  0.0982260    85.9903      1.280    23.8912     5.0167 -9.990e-29
         62      1.292    18.5218   3.293581     2.5579     0.0242  0.0982400    86.0001      1.280    23.8912     5.0170 -9.990e-29
         63      1.292    18.5216   3.293567     2.5579     0.0242  0.0982546    86.0095      1.280    23.8912     5.0171 -9.990e-29
         64      1.292    18.5214   3.293551     2.5580     0.0242  0.0982698    86.0180      1.280    23.8912     5.0174 -9.990e-29
         65      1.292    18.5213   3.293535     2.5581     0.0242  0.0982857    86.0253      1.280    23.8912     5.0177 -9.990e-29
         66      1.293    18.5211   3.293518     2.5582     0.0241  0.0983025    86.0311      1.281    23.8911     5.0179 -9.990e-29
         67      1.293    18.5210   3.293500     2.5582     0.0241  0.0983202    86.0351      1.281    23.8910     5.0179 -9.990e-29
         68      1.293    18.5210   3.293482     2.5583     0.0241  0.0983390    86.0377      1.281    23.8909     5.0180 -9.990e-29
         69      1.293    18.5209   3.293463     2.5584     0.0240  0.0983582    86.0393      1.281    23.8908     5.0182 -9.990e-29
         70      1.293    18.5208   3.293445     2.5585     0.0240  0.0983761    86.0403      1.281    23.8907     5.0184 -9.990e-29
         71      1.293    18.5208   3.293426     2.5585     0.0240  0.0983921    86.0408      1.281    23.8906     5.0183 -9.990e-29
         72      1.294    18.5207   3.293408     2.5586     0.0239  0.0984064    86.0409      1.282    23.8905     5.0184 -9.990e-29
         73      1.294    18.5206   3.293390     2.5587     0.0239  0.0984189    86.0408      1.282    23.8904     5.0185 -9.990e-29
         74      1.294    18.5205   3.293372     2.5588     0.0239  0.0984297    86.0406      1.282    23.8903     5.0186 -9.990e-29
         75      1.294    18.5204   3.293355     2.5589     0.0239  0.0984391    86.0402      1.282    23.8902     5.0186 -9.990e-29
         76      1.294    18.5203   3.293340     2.5589     0.0238  0.0984469    86.0398      1.282    23.8902     5.0184 -9.990e-29
         77      1.295    18.5202   3.293324     2.5590     0.0238  0.0984533    86.0390      1.283    23.8901     5.0185 -9.990e-29
         78      1.295    18.5201   3.293309     2.5590     0.0238  0.0984583    86.0381      1.283    23.8900     5.0183 -9.990e-29
         79      1.295    18.5200   3.293295     2.5591     0.0238  0.0984619    86.0368      1.283    23.8900     5.0183 -9.990e-29
         80      1.295    18.5199   3.293281     2.5591     0.0238  0.0984642    86.0352      1.283    23.8899     5.0182 -9.990e-29
         81      1.296    18.5198   3.293267     2.5591     0.0238  0.0984652    86.0335      1.284    23.8899     5.0180 -9.990e-29
         82      1.296    18.5197   3.293253     2.5592     0.0238  0.0984649    86.0315      1.284    23.8898     5.0180 -9.990e-29
         83      1.296    18.5196   3.293238     2.5592     0.0237  0.0984633    86.0295      1.284    23.8898     5.0179 -9.990e-29
         84      1.296    18.5195   3.293223     2.5592     0.0237  0.0984604    86.0277      1.284    23.8897     5.0177 -9.990e-29
         85      1.297    18.5194   3.293209     2.5592     0.0237  0.0984561    86.0265      1.285    23.8896     5.0176 -9.990e-29
         86      1.297    18.5194   3.293195     2.5592     0.0237  0.0984504    86.0256      1.285    23.8895     5.0174 -9.990e-29
         87      1.297    18.5193   3.293182     2.5592     0.0237  0.0984434    86.0251      1.285    23.8895     5.0173 -9.990e-29
         88      1.298    18.5192   3.293168     2.5592     0.0237  0.0984349    86.0247      1.286    23.8894     5.0171 -9.990e-29
         89      1.298    18.5192   3.293156     2.5592     0.0237  0.0984248    86.0243      1.286    23.8893     5.0170 -9.990e-29
         90      1.298    18.5191   3.293142     2.5592     0.0237  0.0984132    86.0236      1.286    23.8893     5.0169 -9.990e-29
         91      1.298    18.5190   3.293130     2.5592     0.0237  0.0983999    86.0223      1.286    23.8892     5.0168 -9.990e-29
         92      1.299    18.5190   3.293119     2.5592     0.0237  0.0983848    86.0204      1.287    23.8891     5.0167 -9.990e-29
         93      1.299    18.5189   3.293107     2.5592     0.0237  0.0983679    86.0177      1.287    23.8891     5.0166 -9.990e-29
         94      1.299    18.5189   3.293097     2.5592     0.0237  0.0983498    86.0144      1.287    23.8890     5.0165 -9.990e-29
         95      1.299    18.5188   3.293086     2.5592     0.0237  0.0983322    86.0112      1.287    23.8890     5.0165 -9.990e-29
         96      1.299    18.5187   3.293075     2.5592     0.0237  0.0983158    86.0088      1.287    23.8890     5.0164 -9.990e-29
         97      1.299    18.5187   3.293065     2.5592     0.0237  0.0983004    86.0072      1.287    23.8889     5.0163 -9.990e-29
         98      1.300    18.5186   3.293054     2.5591     0.0237  0.0982859    86.0060      1.288    23.8889     5.0160 -9.990e-29
         99      1.300    18.5185   3.293044     2.5591     0.0237  0.0982723    86.0051      1.288    23.8888     5.0160 -9.990e-29
        100      1.300    18.5184   3.293033     2.5591     0.0237  0.0982594    86.0047      1.288    23.8888     5.0159 -9.990e-29
        101      1.301    18.5184   3.293023     2.5591     0.0237  0.0982472    86.0046      1.289    23.8887     5.0159 -9.990e-29
        102      1.301    18.5183   3.293013     2.5591     0.0236  0.0982355    86.0047      1.289    23.8887     5.0159 -9.990e-29
        103      1.301    18.5182   3.293002     2.5592     0.0236  0.0982244    86.0045      1.289    23.8887     5.0161 -9.990e-29
        104      1.301    18.5181   3.292993     2.5592     0.0236  0.0982136    86.0043      1.289    23.8887     5.0161 -9.990e-29
        105      1.302    18.5180   3.292983     2.5592     0.0236  0.0982032    86.0043      1.290    23.8886     5.0161 -9.990e-29
        106      1.302    18.5179   3.292973     2.5592     0.0236  0.0981931    86.0049      1.290    23.8886     5.0161 -9.990e-29
        107      1.303    18.5178   3.292964     2.5593     0.0237  0.0981832    86.0059      1.291    23.8886     5.0163 -9.990e-29
        108      1.303    18.5178   3.292955     2.5593     0.0237  0.0981734    86.0072      1.291    23.8885     5.0163 -9.990e-29
        109      1.304    18.5177   3.292946     2.5593     0.0237  0.0981636    86.0089      1.292    23.8885     5.0163 -9.990e-29
        110      1.304    18.5176   3.292937     2.5594     0.0237  0.0981539    86.0112      1.292    23.8885     5.0166 -9.990e-29
        111      1.305    18.5176   3.292929     2.5594     0.0237  0.0981440    86.0142      1.293    23.8884     5.0165 -9.990e-29
        112      1.306    18.5175   3.292921     2.5594     0.0237  0.0981341    86.0177      1.294    23.8884     5.0165 -9.990e-29
        113      1.306    18.5175   3.292912     2.5594     0.0237  0.0981239    86.0212      1.294    23.8884     5.0165 -9.990e-29
        114      1.307    18.5174   3.292904     2.5595     0.0237  0.0981134    86.0242      1.295    23.8883     5.0167 -9.990e-29
        115      1.307    18.5174   3.292895     2.5595     0.0237  0.0981026    86.0260      1.295    23.8883     5.0167 -9.990e-29
        116      1.308    18.5174   3.292886     2.5595     0.0237  0.0980913    86.0264      1.296    23.8882     5.0167 -9.990e-29
        117      1.309    18.5174   3.292878     2.5595     0.0237  0.0980795    86.0254      1.297    23.8881     5.0166 -9.990e-29
        118      1.309    18.5174   3.292870     2.5595     0.0237  0.0980672    86.0227      1.297    23.8881     5.0166 -9.990e-29
        119      1.310    18.5174   3.292862     2.5595     0.0237  0.0980541    86.0184      1.298    23.8880     5.0166 -9.990e-29
        120      1.310    18.5174   3.292855     2.5595     0.0238  0.0980411    86.0127      1.298    23.8880     5.0166 -9.990e-29
