data/2022/thursday_data/Station H1.cnv
* Sea-Bird SBE 9 Data File:
* FileName = C:\Users\ctd-user\Desktop\CTD data\MAR440 Sept 2022\Day2\Station H1.hex
* Software Version Seasave V 7.26.2.13
* Temperature SN = 4493
* Conductivity SN = 1899
* Number of Bytes Per Scan = 37
* Number of Voltage Words = 4
* Number of Scans Averaged by the Deck Unit = 1
* NMEA Latitude = 58 19.25 N
* NMEA Longitude = 011 49.09 E
* NMEA UTC (Time) = Sep 08 2022 11:46:29
* NMEA baud rate = 4800
** Ship:
** Station:
** Operator:
# nquan = 12                                
# nvalues = 2171                        
# units = specified
# name 0 = scan: Scan Count
# name 1 = prDM: Pressure, Digiquartz [db]
# name 2 = t090C: Temperature [ITS-90, deg C]
# name 3 = c0S/m: Conductivity [S/m]
# name 4 = sbeox0V: Oxygen raw, SBE 43 [V]
# name 5 = flECO-AFL: Fluorescence, WET Labs ECO-AFL/FL [mg/m^3]
# name 6 = upoly0: Upoly 0, Turbidity
# name 7 = xmiss: Beam Transmission, Chelsea/Seatech [%]
# name 8 = depSM: Depth [salt water, m], lat = 58.3208
# name 9 = sal00: Salinity, Practical [PSU]
# name 10 = sbeox0ML/L: Oxygen, SBE 43 [ml/l], WS = 2
# name 11 = flag: flag
# span 0 =          1,       2171       
# span 1 =      0.959,     24.122       
# span 2 =    11.7907,    18.7001       
# span 3 =   3.262364,   3.530071       
# span 4 =     1.1120,     2.7543       
# span 5 =     0.0027,     0.0236       
# span 6 =  0.0952553,  0.0993768       
# span 7 =    82.6202,    94.6263       
# span 8 =      0.950,     23.896       
# span 9 =    23.7284,    30.0789       
# span 10 =     1.6281,     5.5172      
# span 11 = 0.0000e+00, 0.0000e+00      
# interval = seconds: 0.0416667
# start_time = Sep 08 2022 11:46:29 [NMEA time, header]
# bad_flag = -9.990e-29
*END*
[from data line 602]
        603      4.300    18.3833   3.265745     2.7460     0.0225  0.0986245    86.0490      4.260    23.7469     5.4897 -9.990e-29
        604      4.306    18.3835   3.265766     2.7460     0.0225  0.0986267    86.0516      4.266    23.7470     5.4901 -9.990e-29
        605      4.311    18.3838   3.265788     2.7460     0.0225  0.0986288    86.0541      4.271    23.7470     5.4905 -9.990e-29
        606      4.316    18.3842   3.265812     2.7460     0.0224  0.0986307    86.0565      4.276    23.7469     5.4909 -9.990e-29
        607      4.321    18.3845   3.265838     2.7460     0.0224  0.0986325    86.0591      4.281    23.7470     5.4912 -9.990e-29
        608      4.327    18.3848   3.265865     2.7460     0.0224  0.0986341    86.0621      4.287    23.7470     5.4916 -9.990e-29
        609      4.332    18.3852   3.265895     2.7460     0.0224  0.0986356    86.0659      4.292    23.7470     5.4918 -9.990e-29
        610      4.337    18.3855   3.265925     2.7461     0.0224  0.0986369    86.0702      4.297    23.7471     5.4923 -9.990e-29
        611      4.342    18.3858   3.265956     2.7461     0.0224  0.0986381    86.0745      4.302    23.7471     5.4926 -9.990e-29
        612      4.348    18.3861   3.265989     2.7461     0.0224  0.0986393    86.0786      4.308    23.7472     5.4928 -9.990e-29
        613      4.353    18.3864   3.266023     2.7462     0.0224  0.0986403    86.0822      4.313    23.7473     5.4932 -9.990e-29
        614      4.358    18.3867   3.266058     2.7462     0.0223  0.0986413    86.0853      4.317    23.7474     5.4933 -9.990e-29
        615      4.363    18.3870   3.266095     2.7462     0.0223  0.0986421    86.0880      4.322    23.7476     5.4934 -9.990e-29
        616      4.369    18.3873   3.266133     2.7462     0.0223  0.0986429    86.0903      4.328    23.7477     5.4935 -9.990e-29
        617      4.374    18.3876   3.266172     2.7463     0.0223  0.0986436    86.0924      4.333    23.7478     5.4938 -9.990e-29
        618      4.379    18.3879   3.266213     2.7463     0.0223  0.0986443    86.0944      4.338    23.7480     5.4938 -9.990e-29
        619      4.384    18.3881   3.266255     2.7463     0.0223  0.0986449    86.0965      4.343    23.7482     5.4938 -9.990e-29
        620      4.389    18.3884   3.266295     2.7464     0.0223  0.0986454    86.0989      4.348    23.7484     5.4940 -9.990e-29
        621      4.393    18.3886   3.266336     2.7464     0.0223  0.0986459    86.1016      4.352    23.7486     5.4939 -9.990e-29
        622      4.398    18.3889   3.266375     2.7465     0.0223  0.0986463    86.1045      4.357    23.7487     5.4940 -9.990e-29
        623      4.403    18.3890   3.266413     2.7465     0.0223  0.0986467    86.1075      4.362    23.7490     5.4939 -9.990e-29
        624      4.408    18.3892   3.266450     2.7466     0.0223  0.0986470    86.1109      4.367    23.7491     5.4940 -9.990e-29
        625      4.413    18.3893   3.266486     2.7466     0.0223  0.0986473    86.1147      4.372    23.7494     5.4938 -9.990e-29
        626      4.418    18.3894   3.266521     2.7466     0.0223  0.0986475    86.1189      4.377    23.7496     5.4936 -9.990e-29
        627      4.422    18.3894   3.266554     2.7467     0.0222  0.0986477    86.1232      4.381    23.7499     5.4936 -9.990e-29
        628      4.427    18.3894   3.266588     2.7467     0.0222  0.0986479    86.1273      4.386    23.7501     5.4934 -9.990e-29
        629      4.432    18.3895   3.266621     2.7467     0.0222  0.0986480    86.1313      4.391    23.7503     5.4931 -9.990e-29
        630      4.437    18.3895   3.266654     2.7467     0.0222  0.0986481    86.1352      4.396    23.7506     5.4928 -9.990e-29
        631      4.441    18.3895   3.266686     2.7467     0.0222  0.0986482    86.1391      4.400    23.7509     5.4925 -9.990e-29
        632      4.446    18.3895   3.266719     2.7467     0.0222  0.0986482    86.1428      4.405    23.7511     5.4922 -9.990e-29
        633      4.451    18.3895   3.266750     2.7466     0.0222  0.0986482    86.1464      4.410    23.7514     5.4916 -9.990e-29
        634      4.455    18.3895   3.266779     2.7466     0.0222  0.0986482    86.1502      4.414    23.7516     5.4913 -9.990e-29
        635      4.460    18.3895   3.266806     2.7466     0.0222  0.0986481    86.1542      4.419    23.7518     5.4909 -9.990e-29
        636      4.465    18.3895   3.266830     2.7466     0.0222  0.0986480    86.1586      4.423    23.7520     5.4906 -9.990e-29
        637      4.469    18.3895   3.266851     2.7465     0.0222  0.0986478    86.1636      4.427    23.7522     5.4900 -9.990e-29
        638      4.474    18.3895   3.266871     2.7465     0.0222  0.0986476    86.1691      4.432    23.7523     5.4897 -9.990e-29
        639      4.479    18.3895   3.266889     2.7464     0.0222  0.0986474    86.1746      4.437    23.7525     5.4891 -9.990e-29
        640      4.484    18.3895   3.266905     2.7464     0.0222  0.0986472    86.1799      4.442    23.7526     5.4888 -9.990e-29
        641      4.488    18.3895   3.266920     2.7464     0.0222  0.0986468    86.1850      4.446    23.7527     5.4884 -9.990e-29
        642      4.493    18.3895   3.266935     2.7463     0.0222  0.0986465    86.1898      4.451    23.7528     5.4878 -9.990e-29
        643      4.498    18.3895   3.266949     2.7463     0.0222  0.0986461    86.1941      4.456    23.7530     5.4875 -9.990e-29
        644      4.503    18.3895   3.266962     2.7462     0.0222  0.0986456    86.1979      4.461    23.7531     5.4869 -9.990e-29
        645      4.507    18.3894   3.266975     2.7461     0.0222  0.0986451    86.2011      4.465    23.7532     5.4863 -9.990e-29
        646      4.512    18.3894   3.266987     2.7461     0.0221  0.0986446    86.2038      4.470    23.7533     5.4860 -9.990e-29
        647      4.517    18.3893   3.266998     2.7460     0.0221  0.0986440    86.2058      4.475    23.7535     5.4855 -9.990e-29
        648      4.521    18.3892   3.267009     2.7459     0.0221  0.0986433    86.2072      4.479    23.7536     5.4850 -9.990e-29
        649      4.526    18.3892   3.267020     2.7458     0.0221  0.0986425    86.2076      4.484    23.7537     5.4845 -9.990e-29
        650      4.531    18.3891   3.267029     2.7457     0.0221  0.0986417    86.2071      4.489    23.7538     5.4840 -9.990e-29
        651      4.535    18.3891   3.267039     2.7456     0.0221  0.0986408    86.2056      4.493    23.7539     5.4835 -9.990e-29
        652      4.540    18.3890   3.267047     2.7455     0.0221  0.0986398    86.2032      4.498    23.7540     5.4831 -9.990e-29
        653      4.544    18.3890   3.267056     2.7454     0.0221  0.0986387    86.2000      4.502    23.7541     5.4826 -9.990e-29
        654      4.549    18.3890   3.267065     2.7453     0.0221  0.0986375    86.1961      4.507    23.7542     5.4822 -9.990e-29
        655      4.553    18.3889   3.267071     2.7452     0.0221  0.0986363    86.1915      4.511    23.7543     5.4819 -9.990e-29
        656      4.558    18.3889   3.267076     2.7451     0.0221  0.0986348    86.1868      4.516    23.7543     5.4815 -9.990e-29
        657      4.563    18.3889   3.267081     2.7450     0.0222  0.0986333    86.1822      4.521    23.7543     5.4812 -9.990e-29
        658      4.567    18.3888   3.267085     2.7450     0.0222  0.0986316    86.1779      4.525    23.7544     5.4811 -9.990e-29
        659      4.571    18.3888   3.267089     2.7449     0.0222  0.0986298    86.1737      4.528    23.7545     5.4808 -9.990e-29
        660      4.576    18.3888   3.267093     2.7448     0.0222  0.0986278    86.1696      4.533    23.7545     5.4805 -9.990e-29
        661      4.580    18.3887   3.267096     2.7447     0.0222  0.0986256    86.1656      4.537    23.7546     5.4802 -9.990e-29
        662      4.585    18.3887   3.267100     2.7446     0.0222  0.0986233    86.1614      4.542    23.7546     5.4800 -9.990e-29
        663      4.590    18.3887   3.267105     2.7444     0.0222  0.0986207    86.1572      4.547    23.7546     5.4795 -9.990e-29
        664      4.594    18.3887   3.267110     2.7443     0.0222  0.0986179    86.1527      4.551    23.7547     5.4793 -9.990e-29
        665      4.599    18.3888   3.267116     2.7442     0.0222  0.0986149    86.1479      4.556    23.7547     5.4790 -9.990e-29
        666      4.603    18.3888   3.267122     2.7441     0.0222  0.0986116    86.1426      4.560    23.7547     5.4789 -9.990e-29
        667      4.608    18.3889   3.267128     2.7440     0.0222  0.0986080    86.1371      4.565    23.7547     5.4787 -9.990e-29
        668      4.613    18.3890   3.267134     2.7439     0.0222  0.0986041    86.1318      4.570    23.7547     5.4785 -9.990e-29
        669      4.617    18.3890   3.267140     2.7438     0.0222  0.0985998    86.1272      4.574    23.7547     5.4784 -9.990e-29
        670      4.622    18.3891   3.267147     2.7437     0.0222  0.0985952    86.1233      4.579    23.7547     5.4783 -9.990e-29
        671      4.626    18.3892   3.267154     2.7436     0.0222  0.0985902    86.1205      4.583    23.7547     5.4782 -9.990e-29
        672      4.631    18.3893   3.267161     2.7435     0.0222  0.0985847    86.1184      4.588    23.7547     5.4781 -9.990e-29
        673      4.635    18.3894   3.267169     2.7434     0.0222  0.0985788    86.1168      4.592    23.7547     5.4780 -9.990e-29
        674      4.640    18.3895   3.267178     2.7433     0.0222  0.0985723    86.1155      4.597    23.7548     5.4779 -9.990e-29
        675      4.645    18.3896   3.267189     2.7432     0.0222  0.0985653    86.1141      4.602    23.7548     5.4778 -9.990e-29
        676      4.649    18.3897   3.267200     2.7432     0.0222  0.0985577    86.1124      4.606    23.7548     5.4779 -9.990e-29
        677      4.654    18.3898   3.267212     2.7431     0.0222  0.0985494    86.1100      4.611    23.7549     5.4779 -9.990e-29
        678      4.659    18.3900   3.267226     2.7430     0.0222  0.0985404    86.1070      4.616    23.7548     5.4778 -9.990e-29
        679      4.664    18.3901   3.267240     2.7429     0.0222  0.0985305    86.1036      4.621    23.7549     5.4777 -9.990e-29
        680      4.668    18.3903   3.267255     2.7429     0.0222  0.0985199    86.0998      4.625    23.7549     5.4779 -9.990e-29
        681      4.673    18.3905   3.267270     2.7428     0.0222  0.0985083    86.0961      4.630    23.7549     5.4778 -9.990e-29
        682      4.678    18.3907   3.267286     2.7428     0.0222  0.0984957    86.0928      4.634    23.7549     5.4780 -9.990e-29
        683      4.683    18.3909   3.267302     2.7427     0.0222  0.0984820    86.0896      4.639    23.7549     5.4780 -9.990e-29
        684      4.688    18.3911   3.267319     2.7427     0.0222  0.0984672    86.0866      4.644    23.7550     5.4782 -9.990e-29
        685      4.692    18.3912   3.267336     2.7426     0.0222  0.0984518    86.0839      4.648    23.7550     5.4782 -9.990e-29
        686      4.697    18.3914   3.267354     2.7426     0.0222  0.0984377    86.0817      4.653    23.7551     5.4784 -9.990e-29
        687      4.702    18.3916   3.267371     2.7425     0.0222  0.0984254    86.0796      4.658    23.7551     5.4784 -9.990e-29
        688      4.707    18.3918   3.267390     2.7425     0.0222  0.0984149    86.0773      4.663    23.7551     5.4787 -9.990e-29
        689      4.712    18.3920   3.267410     2.7424     0.0222  0.0984062    86.0746      4.668    23.7552     5.4786 -9.990e-29
        690      4.717    18.3921   3.267432     2.7424     0.0222  0.0983991    86.0719      4.673    23.7553     5.4789 -9.990e-29
        691      4.722    18.3923   3.267454     2.7423     0.0222  0.0983937    86.0696      4.678    23.7553     5.4789 -9.990e-29
        692      4.727    18.3925   3.267479     2.7423     0.0222  0.0983899    86.0678      4.683    23.7554     5.4791 -9.990e-29
        693      4.732    18.3927   3.267503     2.7423     0.0222  0.0983876    86.0664      4.688    23.7555     5.4794 -9.990e-29
        694      4.737    18.3930   3.267529     2.7422     0.0222  0.0983869    86.0652      4.693    23.7555     5.4793 -9.990e-29
        695      4.742    18.3932   3.267554     2.7422     0.0222  0.0983878    86.0641      4.698    23.7556     5.4796 -9.990e-29
        696      4.747    18.3934   3.267580     2.7422     0.0222  0.0983902    86.0631      4.703    23.7557     5.4798 -9.990e-29
        697      4.752    18.3937   3.267607     2.7421     0.0222  0.0983941    86.0624      4.708    23.7558     5.4798 -9.990e-29
        698      4.757    18.3940   3.267634     2.7421     0.0222  0.0983997    86.0618      4.713    23.7558     5.4800 -9.990e-29
        699      4.762    18.3943   3.267661     2.7421     0.0222  0.0984068    86.0614      4.718    23.7558     5.4802 -9.990e-29
        700      4.767    18.3946   3.267688     2.7421     0.0222  0.0984157    86.0607      4.723    23.7559     5.4805 -9.990e-29
        701      4.772    18.3949   3.267714     2.7420     0.0222  0.0984263    86.0599      4.728    23.7559     5.4804 -9.990e-29
        702      4.777    18.3952   3.267741     2.7420     0.0222  0.0984388    86.0589      4.733    23.7560     5.4807 -9.990e-29
        703      4.783    18.3955   3.267767     2.7420     0.0222  0.0984531    86.0579      4.738    23.7560     5.4809 -9.990e-29
        704      4.788    18.3957   3.267794     2.7420     0.0222  0.0984694    86.0566      4.743    23.7561     5.4811 -9.990e-29
        705      4.794    18.3960   3.267821     2.7420     0.0222  0.0984879    86.0551      4.749    23.7561     5.4813 -9.990e-29
        706      4.799    18.3962   3.267847     2.7420     0.0222  0.0985086    86.0537      4.754    23.7562     5.4816 -9.990e-29
        707      4.804    18.3964   3.267874     2.7420     0.0222  0.0985317    86.0529      4.759    23.7563     5.4818 -9.990e-29
        708      4.810    18.3966   3.267902     2.7420     0.0221  0.0985574    86.0531      4.765    23.7564     5.4820 -9.990e-29
        709      4.816    18.3967   3.267930     2.7420     0.0221  0.0985858    86.0542      4.771    23.7566     5.4822 -9.990e-29
        710      4.821    18.3968   3.267958     2.7421     0.0221  0.0986171    86.0560      4.776    23.7568     5.4827 -9.990e-29
        711      4.827    18.3968   3.267987     2.7421     0.0221  0.0986507    86.0582      4.782    23.7570     5.4829 -9.990e-29
        712      4.832    18.3968   3.268016     2.7421     0.0221  0.0986843    86.0609      4.787    23.7572     5.4832 -9.990e-29
        713      4.838    18.3967   3.268042     2.7421     0.0221  0.0987155    86.0643      4.793    23.7575     5.4834 -9.990e-29
        714      4.843    18.3966   3.268068     2.7421     0.0221  0.0987438    86.0683      4.798    23.7578     5.4836 -9.990e-29
        715      4.849    18.3964   3.268092     2.7422     0.0221  0.0987694    86.0728      4.804    23.7581     5.4841 -9.990e-29
        716      4.855    18.3962   3.268115     2.7422     0.0221  0.0987923    86.0776      4.810    23.7584     5.4843 -9.990e-29
        717      4.860    18.3960   3.268137     2.7423     0.0221  0.0988128    86.0826      4.815    23.7587     5.4848 -9.990e-29
        718      4.866    18.3957   3.268156     2.7423     0.0221  0.0988311    86.0874      4.821    23.7590     5.4850 -9.990e-29
        719      4.872    18.3954   3.268172     2.7423     0.0221  0.0988471    86.0917      4.827    23.7593     5.4852 -9.990e-29
        720      4.878    18.3952   3.268187     2.7424     0.0221  0.0988611    86.0956      4.833    23.7595     5.4856 -9.990e-29
        721      4.883    18.3949   3.268197     2.7424     0.0221  0.0988732    86.0990      4.838    23.7598     5.4858 -9.990e-29
