data/2022/thursday_data/Station H3,1.cnv
* Sea-Bird SBE 9 Data File:
* FileName = C:\Users\ctd-user\Desktop\CTD data\MAR440 Sept 2022\Day2\Station H3,1.hex
* Software Version Seasave V 7.26.2.13
* Temperature SN = 4493
* Conductivity SN = 1899
* Number of Bytes Per Scan = 37
* Number of Voltage Words = 4
* Number of Scans Averaged by the Deck Unit = 1
* NMEA Latitude = 58 18.76 N
* NMEA Longitude = 011 46.05 E
* NMEA UTC (Time) = Sep 08 2022 13:04:40
* NMEA baud rate = 4800
** Ship:
** Station:
** Operator:
# nquan = 12                                
# nvalues = 2223                        
# units = specified
# name 0 = scan: Scan Count
# name 1 = prDM: Pressure, Digiquartz [db]
# name 2 = t090C: Temperature [ITS-90, deg C]
# name 3 = c0S/m: Conductivity [S/m]
# name 4 = sbeox0V: Oxygen raw, SBE 43 [V]
# name 5 = flECO-AFL: Fluorescence, WET Labs ECO-AFL/FL [mg/m^3]
# name 6 = upoly0: Upoly 0, Turbidity
# name 7 = xmiss: Beam Transmission, Chelsea/Seatech [%]
# name 8 = depSM: Depth [salt water, m], lat = 58.3127
# name 9 = sal00: Salinity, Practical [PSU]
# name 10 = sbeox0ML/L: Oxygen, SBE 43 [ml/l], WS = 2
# name 11 = flag: flag
# span 0 =          1,       2223       
# span 1 =      1.209,     39.499       
# span 2 =     6.2272,    18.5693       
# span 3 =   3.124843,   3.428508       
# span 4 =     0.5825,     2.7635       
# span 5 =     0.0026,     0.0195       
# span 6 =  0.0944319,  0.1118352       
# span 7 =    83.1145,    95.0892       
# span 8 =      1.198,     39.128       
# span 9 =    23.8455,    31.3647       
# span 10 =     0.2192,     5.5143      
# span 11 = 0.0000e+00, 0.0000e+00      
# interval = seconds: 0.0416667
# start_time = Sep 08 2022 13:04:40 [NMEA time, header]
# bad_flag = -9.990e-29
*END*
[from data line 843]
        844     19.178    11.6567   3.289921     1.2848     0.0048  0.0947654    91.1320     18.999    28.4213     1.9909 0.0000e+00
        845     19.200    11.6496   3.290568     1.2838     0.0047  0.0947637    91.1637     19.021    28.4329     1.9905 0.0000e+00
        846     19.222    11.6420   3.291214     1.2829     0.0046  0.0947622    91.1920     19.042    28.4449     1.9903 0.0000e+00
        847     19.244    11.6339   3.291858     1.2819     0.0045  0.0947609    91.2165     19.064    28.4572     1.9898 0.0000e+00
        848     19.267    11.6255   3.292498     1.2809     0.0045  0.0947596    91.2379     19.087    28.4698     1.9893 0.0000e+00
        849     19.289    11.6167   3.293133     1.2800     0.0044  0.0947584    91.2567     19.109    28.4826     1.9890 0.0000e+00
        850     19.311    11.6077   3.293761     1.2790     0.0044  0.0947573    91.2734     19.131    28.4955     1.9884 0.0000e+00
        851     19.333    11.5987   3.294385     1.2781     0.0043  0.0947563    91.2883     19.152    28.5084     1.9881 0.0000e+00
        852     19.355    11.5897   3.295001     1.2772     0.0043  0.0947553    91.3011     19.174    28.5212     1.9877 0.0000e+00
        853     19.377    11.5808   3.295611     1.2763     0.0042  0.0947544    91.3111     19.196    28.5339     1.9873 0.0000e+00
        854     19.399    11.5722   3.296214     1.2754     0.0042  0.0947536    91.3178     19.218    28.5462     1.9869 0.0000e+00
        855     19.421    11.5639   3.296811     1.2746     0.0042  0.0947528    91.3211     19.240    28.5583     1.9867 0.0000e+00
        856     19.443    11.5561   3.297403     1.2737     0.0041  0.0947521    91.3216     19.261    28.5700     1.9862 0.0000e+00
        857     19.465    11.5488   3.297993     1.2729     0.0041  0.0947514    91.3202     19.283    28.5813     1.9859 0.0000e+00
        858     19.487    11.5419   3.298579     1.2721     0.0041  0.0947508    91.3175     19.305    28.5922     1.9856 0.0000e+00
        859     19.509    11.5356   3.299168     1.2713     0.0040  0.0947502    91.3142     19.327    28.6027     1.9853 0.0000e+00
        860     19.532    11.5297   3.299759     1.2705     0.0040  0.0947496    91.3114     19.350    28.6130     1.9850 0.0000e+00
        861     19.554    11.5242   3.300355     1.2697     0.0040  0.0947490    91.3098     19.371    28.6229     1.9846 0.0000e+00
        862     19.576    11.5190   3.300959     1.2689     0.0039  0.0947485    91.3087     19.393    28.6327     1.9842 0.0000e+00
        863     19.598    11.5140   3.301575     1.2681     0.0039  0.0947480    91.3069     19.415    28.6425     1.9838 0.0000e+00
        864     19.620    11.5093   3.302207     1.2674     0.0039  0.0947475    91.3030     19.437    28.6522     1.9836 0.0000e+00
        865     19.642    11.5046   3.302857     1.2666     0.0039  0.0947470    91.2961     19.459    28.6621     1.9832 0.0000e+00
        866     19.664    11.5000   3.303532     1.2659     0.0038  0.0947465    91.2860     19.480    28.6721     1.9830 0.0000e+00
        867     19.686    11.4954   3.304233     1.2651     0.0038  0.0947460    91.2724     19.502    28.6824     1.9825 0.0000e+00
        868     19.708    11.4906   3.304963     1.2644     0.0038  0.0947455    91.2549     19.524    28.6931     1.9824 0.0000e+00
        869     19.731    11.4857   3.305726     1.2637     0.0037  0.0947450    91.2337     19.547    28.7042     1.9822 0.0000e+00
        870     19.753    11.4810   3.306521     1.2630     0.0037  0.0947445    91.2090     19.569    28.7155     1.9820 0.0000e+00
        871     19.775    11.4764   3.307349     1.2623     0.0037  0.0947440    91.1811     19.590    28.7270     1.9818 0.0000e+00
        872     19.798    11.4722   3.308205     1.2616     0.0036  0.0947435    91.1500     19.613    28.7385     1.9817 0.0000e+00
        873     19.820    11.4684   3.309087     1.2609     0.0036  0.0947430    91.1154     19.635    28.7499     1.9814 0.0000e+00
        874     19.842    11.4652   3.309996     1.2603     0.0036  0.0947424    91.0776     19.657    28.7611     1.9815 0.0000e+00
        875     19.864    11.4627   3.310931     1.2596     0.0036  0.0947418    91.0370     19.678    28.7721     1.9813 0.0000e+00
        876     19.886    11.4608   3.311891     1.2590     0.0036  0.0947412    90.9940     19.700    28.7828     1.9813 0.0000e+00
        877     19.908    11.4595   3.312872     1.2583     0.0035  0.0947406    90.9492     19.722    28.7932     1.9810 0.0000e+00
        878     19.931    11.4588   3.313870     1.2577     0.0035  0.0947399    90.9033     19.745    28.8034     1.9810 0.0000e+00
        879     19.953    11.4585   3.314879     1.2571     0.0035  0.0947391    90.8567     19.767    28.8133     1.9810 0.0000e+00
        880     19.975    11.4585   3.315896     1.2565     0.0035  0.0947384    90.8095     19.788    28.8231     1.9810 0.0000e+00
        881     19.997    11.4587   3.316919     1.2559     0.0035  0.0947375    90.7618     19.810    28.8328     1.9810 0.0000e+00
        882     20.019    11.4589   3.317950     1.2554     0.0034  0.0947367    90.7144     19.832    28.8425     1.9813 0.0000e+00
        883     20.042    11.4592   3.318991     1.2548     0.0034  0.0947357    90.6683     19.855    28.8523     1.9814 0.0000e+00
        884     20.064    11.4593   3.320044     1.2543     0.0034  0.0947347    90.6242     19.877    28.8624     1.9818 0.0000e+00
        885     20.086    11.4594   3.321112     1.2538     0.0034  0.0947336    90.5820     19.898    28.8726     1.9821 0.0000e+00
        886     20.108    11.4592   3.322197     1.2532     0.0034  0.0947324    90.5417     19.920    28.8831     1.9822 0.0000e+00
        887     20.131    11.4588   3.323301     1.2528     0.0034  0.0947311    90.5032     19.943    28.8941     1.9829 0.0000e+00
        888     20.153    11.4581   3.324422     1.2523     0.0033  0.0947297    90.4664     19.965    28.9054     1.9834 0.0000e+00
        889     20.175    11.4571   3.325563     1.2518     0.0033  0.0947282    90.4309     19.987    28.9172     1.9839 0.0000e+00
        890     20.197    11.4559   3.326717     1.2514     0.0033  0.0947266    90.3966     20.008    28.9292     1.9847 0.0000e+00
        891     20.219    11.4544   3.327884     1.2509     0.0033  0.0947248    90.3633     20.030    28.9416     1.9853 0.0000e+00
        892     20.242    11.4528   3.329058     1.2505     0.0033  0.0947229    90.3307     20.053    28.9542     1.9862 0.0000e+00
        893     20.264    11.4513   3.330238     1.2501     0.0032  0.0947209    90.2982     20.075    28.9667     1.9872 0.0000e+00
        894     20.287    11.4502   3.331424     1.2497     0.0032  0.0947186    90.2648     20.097    28.9790     1.9882 0.0000e+00
        895     20.309    11.4496   3.332614     1.2493     0.0032  0.0947162    90.2302     20.119    28.9909     1.9893 0.0000e+00
        896     20.331    11.4497   3.333808     1.2490     0.0032  0.0947136    90.1945     20.141    29.0023     1.9906 0.0000e+00
        897     20.354    11.4506   3.335004     1.2486     0.0032  0.0947107    90.1576     20.164    29.0131     1.9918 0.0000e+00
        898     20.376    11.4522   3.336201     1.2483     0.0031  0.0947076    90.1202     20.186    29.0234     1.9932 0.0000e+00
        899     20.398    11.4545   3.337396     1.2479     0.0031  0.0947042    90.0841     20.207    29.0331     1.9944 0.0000e+00
        900     20.420    11.4574   3.338589     1.2476     0.0031  0.0947006    90.0510     20.229    29.0423     1.9958 0.0000e+00
        901     20.442    11.4608   3.339780     1.2473     0.0031  0.0946966    90.0218     20.251    29.0511     1.9974 0.0000e+00
        902     20.465    11.4646   3.340969     1.2470     0.0031  0.0946922    89.9964     20.274    29.0596     1.9989 0.0000e+00
        903     20.487    11.4687   3.342156     1.2467     0.0031  0.0946875    89.9737     20.296    29.0678     2.0005 0.0000e+00
        904     20.509    11.4731   3.343346     1.2465     0.0031  0.0946824    89.9525     20.317    29.0758     2.0024 0.0000e+00
        905     20.532    11.4775   3.344542     1.2462     0.0031  0.0946769    89.9317     20.340    29.0839     2.0041 0.0000e+00
        906     20.554    11.4819   3.345750     1.2460     0.0031  0.0946709    89.9109     20.362    29.0920     2.0060 0.0000e+00
        907     20.577    11.4863   3.346972     1.2458     0.0030  0.0946643    89.8904     20.385    29.1003     2.0081 0.0000e+00
        908     20.599    11.4907   3.348215     1.2456     0.0030  0.0946572    89.8705     20.407    29.1088     2.0101 0.0000e+00
        909     20.621    11.4951   3.349475     1.2454     0.0030  0.0946495    89.8513     20.428    29.1175     2.0122 0.0000e+00
        910     20.643    11.4994   3.350755     1.2452     0.0030  0.0946410    89.8329     20.450    29.1264     2.0143 0.0000e+00
        911     20.666    11.5037   3.352049     1.2451     0.0030  0.0946319    89.8151     20.473    29.1355     2.0167 0.0000e+00
        912     20.688    11.5079   3.353358     1.2450     0.0030  0.0946220    89.7984     20.495    29.1448     2.0191 0.0000e+00
        913     20.710    11.5121   3.354674     1.2450     0.0030  0.0946112    89.7837     20.517    29.1542     2.0218 0.0000e+00
        914     20.733    11.5163   3.355995     1.2449     0.0030  0.0945994    89.7723     20.539    29.1636     2.0242 0.0000e+00
        915     20.755    11.5206   3.357318     1.2449     0.0030  0.0945867    89.7645     20.561    29.1729     2.0270 0.0000e+00
        916     20.777    11.5247   3.358637     1.2449     0.0030  0.0945728    89.7600     20.583    29.1824     2.0296 0.0000e+00
        917     20.800    11.5287   3.359950     1.2450     0.0030  0.0945578    89.7586     20.606    29.1919     2.0326 0.0000e+00
        918     20.822    11.5325   3.361252     1.2451     0.0030  0.0945414    89.7604     20.627    29.2014     2.0356 0.0000e+00
        919     20.845    11.5360   3.362545     1.2452     0.0029  0.0945244    89.7654     20.650    29.2111     2.0385 0.0000e+00
        920     20.867    11.5392   3.363826     1.2453     0.0029  0.0945085    89.7733     20.672    29.2209     2.0414 0.0000e+00
        921     20.889    11.5420   3.365095     1.2455     0.0029  0.0944943    89.7842     20.694    29.2309     2.0446 0.0000e+00
        922     20.911    11.5446   3.366355     1.2457     0.0029  0.0944817    89.7978     20.716    29.2409     2.0478 0.0000e+00
        923     20.934    11.5468   3.367606     1.2459     0.0029  0.0944708    89.8142     20.738    29.2512     2.0509 0.0000e+00
        924     20.956    11.5487   3.368847     1.2461     0.0029  0.0944612    89.8337     20.760    29.2617     2.0540 0.0000e+00
        925     20.978    11.5502   3.370081     1.2464     0.0029  0.0944532    89.8566     20.782    29.2724     2.0573 0.0000e+00
        926     21.000    11.5514   3.371309     1.2466     0.0029  0.0944464    89.8827     20.804    29.2832     2.0603 0.0000e+00
        927     21.023    11.5522   3.372529     1.2469     0.0029  0.0944410    89.9113     20.827    29.2943     2.0635 0.0000e+00
        928     21.045    11.5527   3.373739     1.2473     0.0029  0.0944369    89.9419     20.848    29.3056     2.0669 0.0000e+00
        929     21.067    11.5529   3.374938     1.2476     0.0029  0.0944340    89.9742     20.870    29.3169     2.0701 0.0000e+00
        930     21.089    11.5529   3.376124     1.2480     0.0029  0.0944323    90.0080     20.892    29.3283     2.0733 0.0000e+00
        931     21.112    11.5528   3.377292     1.2483     0.0029  0.0944319    90.0430     20.915    29.3397     2.0763 0.0000e+00
        932     21.134    11.5526   3.378445     1.2487     0.0029  0.0944326    90.0784     20.937    29.3509     2.0794 0.0000e+00
        933     21.156    11.5524   3.379583     1.2491     0.0029  0.0944346    90.1139     20.958    29.3620     2.0824 0.0000e+00
        934     21.179    11.5523   3.380707     1.2495     0.0029  0.0944378    90.1495     20.981    29.3729     2.0853 0.0000e+00
        935     21.201    11.5525   3.381817     1.2499     0.0029  0.0944423    90.1858     21.003    29.3834     2.0881 0.0000e+00
        936     21.223    11.5531   3.382915     1.2503     0.0029  0.0944480    90.2236     21.025    29.3935     2.0908 0.0000e+00
        937     21.245    11.5542   3.384004     1.2508     0.0028  0.0944551    90.2636     21.046    29.4031     2.0937 0.0000e+00
        938     21.268    11.5560   3.385085     1.2512     0.0028  0.0944635    90.3063     21.069    29.4121     2.0961 0.0000e+00
        939     21.290    11.5585   3.386159     1.2517     0.0028  0.0944734    90.3516     21.091    29.4205     2.0987 0.0000e+00
        940     21.312    11.5619   3.387228     1.2521     0.0028  0.0944848    90.3994     21.113    29.4280     2.1009 0.0000e+00
        941     21.334    11.5664   3.388295     1.2526     0.0028  0.0944977    90.4487     21.135    29.4347     2.1033 0.0000e+00
        942     21.356    11.5723   3.389366     1.2530     0.0028  0.0945124    90.4986     21.156    29.4404     2.1052 0.0000e+00
        943     21.379    11.5796   3.390444     1.2535     0.0028  0.0945288    90.5486     21.179    29.4449     2.1072 0.0000e+00
        944     21.401    11.5885   3.391531     1.2540     0.0028  0.0945471    90.5987     21.201    29.4483     2.1091 0.0000e+00
        945     21.423    11.5992   3.392632     1.2545     0.0028  0.0945665    90.6489     21.223    29.4504     2.1109 0.0000e+00
        946     21.445    11.6117   3.393748     1.2550     0.0028  0.0945856    90.6993     21.245    29.4512     2.1125 0.0000e+00
        947     21.467    11.6259   3.394884     1.2555     0.0028  0.0946035    90.7495     21.266    29.4509     2.1139 0.0000e+00
        948     21.490    11.6417   3.396040     1.2560     0.0028  0.0946205    90.7992     21.289    29.4494     2.1152 0.0000e+00
        949     21.512    11.6592   3.397220     1.2565     0.0028  0.0946365    90.8483     21.311    29.4469     2.1164 0.0000e+00
        950     21.534    11.6781   3.398422     1.2570     0.0028  0.0946518    90.8969     21.333    29.4435     2.1174 0.0000e+00
        951     21.556    11.6978   3.399648     1.2575     0.0028  0.0946665    90.9452     21.355    29.4396     2.1182 0.0000e+00
        952     21.578    11.7177   3.400899     1.2580     0.0028  0.0946806    90.9936     21.376    29.4358     2.1190 0.0000e+00
        953     21.601    11.7371   3.402175     1.2586     0.0028  0.0946943    91.0426     21.399    29.4327     2.1200 0.0000e+00
        954     21.623    11.7556   3.403478     1.2591     0.0028  0.0947075    91.0926     21.421    29.4306     2.1207 0.0000e+00
        955     21.645    11.7729   3.404810     1.2596     0.0028  0.0947206    91.1436     21.443    29.4296     2.1214 0.0000e+00
        956     21.667    11.7886   3.406173     1.2601     0.0028  0.0947334    91.1962     21.465    29.4303     2.1220 0.0000e+00
        957     21.689    11.8027   3.407569     1.2607     0.0028  0.0947462    91.2505     21.486    29.4325     2.1229 0.0000e+00
        958     21.711    11.8151   3.408995     1.2612     0.0027  0.0947589    91.3066     21.508    29.4363     2.1235 0.0000e+00
        959     21.733    11.8256   3.410448     1.2617     0.0027  0.0947718    91.3645     21.530    29.4419     2.1241 0.0000e+00
        960     21.755    11.8344   3.411925     1.2623     0.0027  0.0947848    91.4239     21.552    29.4491     2.1249 0.0000e+00
        961     21.778    11.8414   3.413423     1.2628     0.0027  0.0947981    91.4846     21.574    29.4579     2.1254 0.0000e+00
        962     21.800    11.8466   3.414930     1.2633     0.0027  0.0948118    91.5460     21.596    29.4682     2.1259 0.0000e+00
