data/2022/thursday_data/Station SH1.cnv
* Sea-Bird SBE 9 Data File:
* FileName = C:\Users\ctd-user\Desktop\CTD data\MAR440 Sept 2022\Day2\Station SH1.hex
* Software Version Seasave V 7.26.2.13
* Temperature SN = 4493
* Conductivity SN = 1899
* Number of Bytes Per Scan = 37
* Number of Voltage Words = 4
* Number of Scans Averaged by the Deck Unit = 1
* NMEA Latitude = 58 19.43 N
* NMEA Longitude = 011 50.48 E
* NMEA UTC (Time) = Sep 08 2022 11:09:28
* NMEA baud rate = 4800
** Ship:
** Station:
** Operator:
# nquan = 12                                
# nvalues = 875                         
# units = specified
# name 0 = scan: Scan Count
# name 1 = prDM: Pressure, Digiquartz [db]
# name 2 = t090C: Temperature [ITS-90, deg C]
# name 3 = c0S/m: Conductivity [S/m]
# name 4 = sbeox0V: Oxygen raw, SBE 43 [V]
# name 5 = flECO-AFL: Fluorescence, WET Labs ECO-AFL/FL [mg/m^3]
# name 6 = upoly0: Upoly 0, Turbidity
# name 7 = xmiss: Beam Transmission, Chelsea/Seatech [%]
# name 8 = depSM: Depth [salt water, m], lat = 58.3238
# name 9 = sal00: Salinity, Practical [PSU]
# name 10 = sbeox0ML/L: Oxygen, SBE 43 [ml/l], WS = 2
# name 11 = flag: flag
# span 0 =          1,        875       
# span 1 =      1.024,     10.129       
# span 2 =    18.3024,    18.6774       
# span 3 =   3.258156,   3.386359       
# span 4 =     2.2332,     2.7128       
# span 5 =     0.0171,     0.0201       
# span 6 =  0.0972280,  0.1009861       
# span 7 =    84.9640,    90.1334       
# span 8 =      1.014,     10.035       
# span 9 =    23.7313,    24.5932       
# span 10 =     4.1932,     5.4177      
# span 11 = 0.0000e+00, 0.0000e+00      
# interval = seconds: 0.0416667
# start_time = Sep 08 2022 11:09:28 [NMEA time, header]
# bad_flag = -9.990e-29
*END*
[from data line 843]
        844     10.110    18.5870   3.379403 -9.990e-29     0.0177  0.1006494    88.5811     10.016    24.5392 -9.990e-29 -9.990e-29
        845     10.111    18.5871   3.379382 -9.990e-29     0.0177  0.1006164    88.5751     10.017    24.5390 -9.990e-29 -9.990e-29
        846     10.112    18.5871   3.379359 -9.990e-29     0.0177  0.1005810    88.5712     10.018    24.5388 -9.990e-29 -9.990e-29
        847     10.112    18.5872   3.379337 -9.990e-29     0.0178  0.1005454    88.5683     10.018    24.5386 -9.990e-29 -9.990e-29
        848     10.113    18.5872   3.379313 -9.990e-29     0.0178  0.1005119    88.5653     10.019    24.5384 -9.990e-29 -9.990e-29
        849     10.114    18.5873   3.379292 -9.990e-29     0.0178  0.1004811    88.5619     10.020    24.5382 -9.990e-29 -9.990e-29
        850     10.115    18.5874   3.379269 -9.990e-29     0.0179  0.1004529    88.5583     10.021    24.5379 -9.990e-29 -9.990e-29
        851     10.116    18.5875   3.379248 -9.990e-29     0.0179  0.1004270    88.5551     10.022    24.5377 -9.990e-29 -9.990e-29
        852     10.117    18.5876   3.379226 -9.990e-29     0.0179  0.1004032    88.5521     10.023    24.5374 -9.990e-29 -9.990e-29
        853     10.118    18.5876   3.379205 -9.990e-29     0.0179  0.1003814    88.5489     10.024    24.5373 -9.990e-29 -9.990e-29
        854     10.118    18.5877   3.379184 -9.990e-29     0.0179  0.1003615    88.5449     10.024    24.5371 -9.990e-29 -9.990e-29
        855     10.119    18.5878   3.379163 -9.990e-29     0.0179  0.1003432    88.5399     10.025    24.5368 -9.990e-29 -9.990e-29
        856     10.120    18.5878   3.379140 -9.990e-29     0.0180  0.1003265    88.5339     10.026    24.5366 -9.990e-29 -9.990e-29
        857     10.121    18.5879   3.379118 -9.990e-29     0.0180  0.1003113    88.5268     10.027    24.5364 -9.990e-29 -9.990e-29
        858     10.121    18.5879   3.379094 -9.990e-29     0.0180  0.1002974    88.5186     10.027    24.5362 -9.990e-29 -9.990e-29
        859     10.122    18.5879   3.379071 -9.990e-29     0.0180  0.1002847    88.5093     10.028    24.5360 -9.990e-29 -9.990e-29
        860     10.123    18.5880   3.379048 -9.990e-29     0.0180  0.1002732    88.4986     10.029    24.5358 -9.990e-29 -9.990e-29
        861     10.123    18.5880   3.379026 -9.990e-29     0.0180  0.1002628    88.4867     10.029    24.5356 -9.990e-29 -9.990e-29
        862     10.124    18.5880   3.379003 -9.990e-29     0.0180  0.1002533    88.4737     10.030    24.5354 -9.990e-29 -9.990e-29
        863     10.125    18.5880   3.378982 -9.990e-29     0.0180  0.1002449    88.4600     10.031    24.5352 -9.990e-29 -9.990e-29
        864     10.125 -9.990e-29   3.378925 -9.990e-29     0.0180  0.1002373    88.4461     10.031 -9.990e-29 -9.990e-29 -9.990e-29
        865     10.126 -9.990e-29   3.378904 -9.990e-29     0.0180  0.1002305    88.4324     10.032 -9.990e-29 -9.990e-29 -9.990e-29
        866     10.126 -9.990e-29   3.378885 -9.990e-29     0.0180  0.1002245    88.4187     10.032 -9.990e-29 -9.990e-29 -9.990e-29
        867     10.127 -9.990e-29   3.378866 -9.990e-29     0.0180  0.1002192    88.4048     10.033 -9.990e-29 -9.990e-29 -9.990e-29
        868     10.127 -9.990e-29   3.378850 -9.990e-29     0.0180  0.1002147    88.3907     10.033 -9.990e-29 -9.990e-29 -9.990e-29
        869     10.127 -9.990e-29   3.378836 -9.990e-29     0.0180  0.1002108    88.3775     10.033 -9.990e-29 -9.990e-29 -9.990e-29
        870     10.128 -9.990e-29   3.378824 -9.990e-29     0.0180  0.1002075    88.3667     10.034 -9.990e-29 -9.990e-29 -9.990e-29
        871     10.128 -9.990e-29   3.378813 -9.990e-29     0.0180  0.1002049    88.3597     10.034 -9.990e-29 -9.990e-29 -9.990e-29
        872     10.128 -9.990e-29   3.378805 -9.990e-29     0.0180  0.1002029    88.3568     10.034 -9.990e-29 -9.990e-29 -9.990e-29
        873     10.129 -9.990e-29   3.378800 -9.990e-29     0.0180  0.1002014    88.3571     10.035 -9.990e-29 -9.990e-29 -9.990e-29
        874     10.129 -9.990e-29   3.378796 -9.990e-29     0.0180  0.1002006    88.3584     10.035 -9.990e-29 -9.990e-29 -9.990e-29
        875     10.129 -9.990e-29   3.378795 -9.990e-29     0.0180  0.1002003    88.3591     10.035 -9.990e-29 -9.990e-29 -9.990e-29
