data/2022/thursday_data/Station B1,1.cnv
* Sea-Bird SBE 9 Data File:
* FileName = C:\Users\ctd-user\Desktop\CTD data\MAR440 Sept 2022\Day2\Station B1,1.hex
* Software Version Seasave V 7.26.2.13
* Temperature SN = 4493
* Conductivity SN = 1899
* Number of Bytes Per Scan = 37
* Number of Voltage Words = 4
* Number of Scans Averaged by the Deck Unit = 1
* NMEA Latitude = 58 20.16 N
* NMEA Longitude = 011 53.53 E
* NMEA UTC (Time) = Sep 08 2022 13:55:59
* NMEA baud rate = 4800
** Ship:
** Station:
** Operator:
# nquan = 12                                
# nvalues = 1163                        
# units = specified
# name 0 = scan: Scan Count
# name 1 = prDM: Pressure, Digiquartz [db]
# name 2 = t090C: Temperature [ITS-90, deg C]
# name 3 = c0S/m: Conductivity [S/m]
# name 4 = sbeox0V: Oxygen raw, SBE 43 [V]
# name 5 = flECO-AFL: Fluorescence, WET Labs ECO-AFL/FL [mg/m^3]
# name 6 = upoly0: Upoly 0, Turbidity
# name 7 = xmiss: Beam Transmission, Chelsea/Seatech [%]
# name 8 = depSM: Depth [salt water, m], lat = 58.336
# name 9 = sal00: Salinity, Practical [PSU]
# name 10 = sbeox0ML/L: Oxygen, SBE 43 [ml/l], WS = 2
# name 11 = flag: flag
# span 0 =          1,       1163       
# span 1 =      1.257,     24.310       
# span 2 =     8.0593,    18.3721       
# span 3 =   3.108664,   3.360727       
# span 4 =     0.6105,     2.7076       
# span 5 =     0.0066,     0.0397       
# span 6 =  0.0944446,  0.1082209       
# span 7 =    66.8932,    93.4762       
# span 8 =      1.245,     24.083       
# span 9 =    23.7770,    31.2258       
# span 10 =     0.2744,     5.4053      
# span 11 = 0.0000e+00, 0.0000e+00      
# interval = seconds: 0.0416667
# start_time = Sep 08 2022 13:55:59 [NMEA time, header]
# bad_flag = -9.990e-29
*END*
[from data line 963]
        964     20.344     8.1839   3.207767     0.6449     0.0311  0.1025151    85.0380     20.154    30.4251     0.3067 0.0000e+00
        965     20.366     8.1861   3.208523     0.6443     0.0314  0.1025808    85.0342     20.176    30.4311     0.3060 0.0000e+00
        966     20.388     8.1884   3.209279     0.6437     0.0317  0.1026467    85.0283     20.198    30.4371     0.3054 0.0000e+00
        967     20.410     8.1907   3.210037     0.6432     0.0320  0.1027131    85.0206     20.219    30.4430     0.3049 0.0000e+00
        968     20.431     8.1930   3.210796     0.6426     0.0323  0.1027806    85.0113     20.240    30.4490     0.3043 0.0000e+00
        969     20.453     8.1953   3.211556     0.6421     0.0326  0.1028497    85.0003     20.262    30.4550     0.3039 0.0000e+00
        970     20.475     8.1976   3.212318     0.6416     0.0329  0.1029207    84.9871     20.284    30.4610     0.3034 0.0000e+00
        971     20.497     8.1999   3.213080     0.6410     0.0333  0.1029943    84.9703     20.305    30.4670     0.3027 0.0000e+00
        972     20.518     8.2022   3.213845     0.6405     0.0336  0.1030709    84.9488     20.326    30.4730     0.3022 0.0000e+00
        973     20.540     8.2045   3.214609     0.6400     0.0340  0.1031510    84.9222     20.348    30.4790     0.3018 0.0000e+00
        974     20.561     8.2068   3.215376     0.6395     0.0344  0.1032353    84.8915     20.369    30.4850     0.3013 0.0000e+00
        975     20.583     8.2091   3.216142     0.6389     0.0348  0.1033242    84.8578     20.391    30.4911     0.3005 0.0000e+00
        976     20.604     8.2114   3.216910     0.6384     0.0352  0.1034185    84.8217     20.411    30.4971     0.3000 0.0000e+00
        977     20.626     8.2137   3.217678     0.6380     0.0357  0.1035179    84.7832     20.433    30.5032     0.2998 0.0000e+00
        978     20.647     8.2160   3.218447     0.6375     0.0362  0.1036188    84.7422     20.454    30.5092     0.2993 0.0000e+00
        979     20.669     8.2182   3.219214     0.6370     0.0366  0.1037152    84.6986     20.476    30.5154     0.2988 0.0000e+00
        980     20.690     8.2205   3.219982     0.6365     0.0370  0.1038035    84.6521     20.497    30.5214     0.2983 0.0000e+00
        981     20.712     8.2227   3.220750     0.6360     0.0374  0.1038835    84.6024     20.518    30.5276     0.2978 0.0000e+00
        982     20.733     8.2249   3.221516     0.6355     0.0378  0.1039557    84.5487     20.539    30.5337     0.2972 0.0000e+00
        983     20.754     8.2272   3.222283     0.6351     0.0381  0.1040206    84.4907     20.560    30.5397     0.2970 0.0000e+00
        984     20.776     8.2293   3.223047     0.6346     0.0383  0.1040787    84.4281     20.582    30.5459     0.2965 0.0000e+00
        985     20.797     8.2315   3.223810     0.6341     0.0386  0.1041303    84.3608     20.603    30.5520     0.2959 0.0000e+00
        986     20.818     8.2337   3.224572     0.6337     0.0388  0.1041759    84.2895     20.623    30.5581     0.2956 0.0000e+00
        987     20.840     8.2358   3.225331     0.6332     0.0390  0.1042157    84.2155     20.645    30.5642     0.2950 0.0000e+00
        988     20.861     8.2379   3.226089     0.6328     0.0391  0.1042501    84.1402     20.666    30.5703     0.2946 0.0000e+00
        989     20.882     8.2400   3.226844     0.6324     0.0393  0.1042792    84.0646     20.687    30.5764     0.2943 0.0000e+00
        990     20.903     8.2421   3.227597     0.6320     0.0394  0.1043033    83.9894     20.708    30.5825     0.2939 0.0000e+00
        991     20.924     8.2441   3.228347     0.6315     0.0395  0.1043225    83.9149     20.728    30.5886     0.2933 0.0000e+00
        992     20.946     8.2461   3.229094     0.6311     0.0396  0.1043370    83.8413     20.750    30.5947     0.2929 0.0000e+00
        993     20.967     8.2480   3.229837     0.6307     0.0396  0.1043469    83.7689     20.771    30.6008     0.2925 0.0000e+00
        994     20.988     8.2500   3.230578     0.6303     0.0396  0.1043522    83.6978     20.792    30.6068     0.2921 0.0000e+00
        995     21.009     8.2519   3.231314     0.6299     0.0397  0.1043530    83.6285     20.813    30.6129     0.2917 0.0000e+00
        996     21.030     8.2537   3.232046     0.6295     0.0396  0.1043492    83.5610     20.833    30.6190     0.2913 0.0000e+00
        997     21.051     8.2556   3.232775     0.6291     0.0396  0.1043410    83.4953     20.854    30.6250     0.2909 0.0000e+00
        998     21.072     8.2574   3.233498     0.6287     0.0396  0.1043281    83.4312     20.875    30.6310     0.2905 0.0000e+00
        999     21.093     8.2592   3.234217     0.6283     0.0395  0.1043105    83.3689     20.896    30.6369     0.2900 0.0000e+00
       1000     21.114     8.2609   3.234930     0.6279     0.0394  0.1042881    83.3087     20.917    30.6429     0.2895 0.0000e+00
       1001     21.135     8.2626   3.235638     0.6276     0.0393  0.1042608    83.2508     20.937    30.6488     0.2892 0.0000e+00
       1002     21.156     8.2643   3.236341     0.6272     0.0392  0.1042283    83.1947     20.958    30.6547     0.2887 0.0000e+00
       1003     21.177     8.2660   3.237038     0.6268     0.0390  0.1041921    83.1392     20.979    30.6606     0.2882 0.0000e+00
       1004     21.198     8.2676   3.237728     0.6265     0.0388  0.1041562    83.0830     21.000    30.6664     0.2880 0.0000e+00
       1005     21.219     8.2692   3.238412     0.6261     0.0387  0.1041237    83.0246     21.021    30.6722     0.2874 0.0000e+00
       1006     21.240     8.2707   3.239091     0.6257     0.0385  0.1040954    82.9632     21.042    30.6780     0.2869 0.0000e+00
       1007     21.261     8.2722   3.239762     0.6254     0.0384  0.1040709    82.8984     21.062    30.6837     0.2865 0.0000e+00
       1008     21.282     8.2737   3.240427     0.6250     0.0383  0.1040502    82.8297     21.083    30.6893     0.2860 0.0000e+00
       1009     21.303     8.2751   3.241086     0.6246     0.0381  0.1040330    82.7562     21.104    30.6950     0.2853 0.0000e+00
       1010     21.323     8.2765   3.241738     0.6243     0.0380  0.1040192    82.6771     21.124    30.7006     0.2850 0.0000e+00
       1011     21.344     8.2778   3.242383     0.6239     0.0378  0.1040089    82.5919     21.145    30.7062     0.2843 0.0000e+00
       1012     21.365     8.2792   3.243022     0.6236     0.0377  0.1040018    82.5010     21.165    30.7117     0.2839 0.0000e+00
       1013     21.386     8.2805   3.243653     0.6232     0.0376  0.1039979    82.4058     21.186    30.7172     0.2833 0.0000e+00
       1014     21.407     8.2817   3.244278     0.6229     0.0374  0.1039972    82.3078     21.207    30.7227     0.2829 0.0000e+00
       1015     21.428     8.2830   3.244897     0.6226     0.0373  0.1039998    82.2082     21.228    30.7280     0.2825 0.0000e+00
       1016     21.449     8.2842   3.245508     0.6222     0.0372  0.1040055    82.1075     21.249    30.7334     0.2819 0.0000e+00
       1017     21.470     8.2854   3.246112     0.6219     0.0370  0.1040145    82.0053     21.269    30.7387     0.2815 0.0000e+00
       1018     21.491     8.2866   3.246710     0.6216     0.0369  0.1040269    81.9013     21.290    30.7439     0.2811 0.0000e+00
       1019     21.513     8.2878   3.247301     0.6213     0.0367  0.1040426    81.7946     21.312    30.7490     0.2807 0.0000e+00
       1020     21.534     8.2889   3.247885     0.6210     0.0366  0.1040618    81.6847     21.333    30.7542     0.2804 0.0000e+00
       1021     21.555     8.2901   3.248462     0.6206     0.0364  0.1040847    81.5713     21.354    30.7592     0.2797 0.0000e+00
       1022     21.576     8.2912   3.249033     0.6203     0.0362  0.1041115    81.4538     21.374    30.7642     0.2794 0.0000e+00
       1023     21.597     8.2924   3.249598     0.6200     0.0361  0.1041422    81.3315     21.395    30.7690     0.2790 0.0000e+00
       1024     21.618     8.2935   3.250158     0.6196     0.0359  0.1041771    81.2037     21.416    30.7739     0.2784 0.0000e+00
       1025     21.639     8.2947   3.250712     0.6193     0.0357  0.1042164    81.0702     21.437    30.7787     0.2780 0.0000e+00
       1026     21.660     8.2958   3.251261     0.6190     0.0354  0.1042605    80.9313     21.458    30.7835     0.2777 0.0000e+00
       1027     21.681     8.2970   3.251806     0.6187     0.0352  0.1043097    80.7877     21.478    30.7881     0.2774 0.0000e+00
       1028     21.702     8.2982   3.252347     0.6184     0.0350  0.1043642    80.6411     21.499    30.7927     0.2771 0.0000e+00
       1029     21.724     8.2994   3.252885     0.6181     0.0347  0.1044227    80.4937     21.521    30.7973     0.2768 0.0000e+00
       1030     21.745     8.3006   3.253419     0.6178     0.0344  0.1044815    80.3469     21.542    30.8019     0.2765 0.0000e+00
       1031     21.766     8.3019   3.253949     0.6175     0.0342  0.1045375    80.2002     21.563    30.8063     0.2763 0.0000e+00
       1032     21.787     8.3031   3.254477     0.6172     0.0340  0.1045902    80.0532     21.583    30.8107     0.2761 0.0000e+00
       1033     21.809     8.3044   3.255003     0.6169     0.0338  0.1046401    79.9057     21.605    30.8151     0.2758 0.0000e+00
       1034     21.830     8.3058   3.255527     0.6166     0.0336  0.1046875    79.7574     21.626    30.8194     0.2756 0.0000e+00
       1035     21.851     8.3071   3.256050     0.6163     0.0334  0.1047326    79.6084     21.647    30.8237     0.2755 0.0000e+00
       1036     21.872     8.3085   3.256573     0.6160     0.0333  0.1047759    79.4589     21.668    30.8280     0.2753 0.0000e+00
       1037     21.894     8.3099   3.257095     0.6158     0.0331  0.1048177    79.3090     21.689    30.8322     0.2755 0.0000e+00
       1038     21.915     8.3113   3.257617     0.6155     0.0330  0.1048581    79.1591     21.710    30.8364     0.2754 0.0000e+00
       1039     21.936     8.3127   3.258140     0.6152     0.0328  0.1048975    79.0091     21.731    30.8407     0.2754 0.0000e+00
       1040     21.958     8.3142   3.258664     0.6150     0.0327  0.1049363    78.8590     21.753    30.8448     0.2757 0.0000e+00
       1041     21.979     8.3157   3.259189     0.6147     0.0325  0.1049745    78.7082     21.774    30.8490     0.2757 0.0000e+00
       1042     22.001     8.3172   3.259716     0.6145     0.0324  0.1050126    78.5563     21.795    30.8532     0.2761 0.0000e+00
       1043     22.022     8.3187   3.260245     0.6142     0.0323  0.1050507    78.4038     21.816    30.8574     0.2763 0.0000e+00
       1044     22.044     8.3203   3.260777     0.6140     0.0322  0.1050891    78.2515     21.838    30.8616     0.2766 0.0000e+00
       1045     22.065     8.3219   3.261312     0.6137     0.0321  0.1051282    78.0998     21.859    30.8658     0.2757 0.0000e+00
       1046     22.087     8.3236   3.261849     0.6135     0.0319  0.1051681    77.9490     21.881    30.8699     0.2761 0.0000e+00
       1047     22.108     8.3253   3.262389     0.6133     0.0318  0.1052092    77.7990     21.901    30.8741     0.2754 0.0000e+00
       1048     22.130     8.3270   3.262932     0.6130     0.0317  0.1052518    77.6495     21.923    30.8783     0.2755 0.0000e+00
       1049     22.151     8.3288   3.263479     0.6128     0.0316  0.1052960    77.4999     21.944    30.8824     0.2748 0.0000e+00
       1050     22.173     8.3306   3.264028     0.6126     0.0314  0.1053423    77.3497     21.966    30.8866     0.2753 0.0000e+00
       1051     22.194     8.3324   3.264580     0.6124     0.0313  0.1053910    77.1984     21.987    30.8908     0.2746 0.0000e+00
       1052     22.216     8.3342   3.265134     0.6122     0.0312  0.1054424    77.0460     22.008    30.8950     0.2751 0.0000e+00
       1053     22.238     8.3361   3.265692     0.6120     0.0310  0.1054968    76.8922     22.030    30.8992     0.2744 0.0000e+00
       1054     22.259     8.3379   3.266252     0.6118     0.0309  0.1055538    76.7368     22.051    30.9035     0.2749 0.0000e+00
       1055     22.281     8.3398   3.266818     0.6117     0.0308  0.1056113    76.5793     22.073    30.9077     0.2745 0.0000e+00
       1056     22.303     8.3417   3.267386     0.6115     0.0306  0.1056671    76.4192     22.095    30.9120     0.2751 0.0000e+00
       1057     22.324     8.3436   3.267958     0.6113     0.0305  0.1057206    76.2564     22.115    30.9163     0.2744 0.0000e+00
       1058     22.346     8.3455   3.268534     0.6112     0.0304  0.1057724    76.0907     22.137    30.9207     0.2754 0.0000e+00
       1059     22.368     8.3473   3.269114     0.6111     0.0303  0.1058228    75.9224     22.159    30.9252     0.2750 0.0000e+00
       1060     22.390     8.3492   3.269699     0.6109     0.0302  0.1058720    75.7515     22.181    30.9296     0.2756 0.0000e+00
       1061     22.412     8.3510   3.270287     0.6108     0.0301  0.1059205    75.5781     22.202    30.9342     0.2752 0.0000e+00
       1062     22.434     8.3528   3.270879     0.6107     0.0300  0.1059686    75.4028     22.224    30.9388     0.2763 0.0000e+00
       1063     22.456     8.3546   3.271473     0.6107     0.0299  0.1060167    75.2261     22.246    30.9434     0.2761 0.0000e+00
       1064     22.478     8.3564   3.272071     0.6106     0.0298  0.1060650    75.0477     22.268    30.9481     0.2772 0.0000e+00
       1065     22.500     8.3582   3.272670     0.6105     0.0297  0.1061139    74.8671     22.290    30.9528     0.2768 0.0000e+00
       1066     22.522     8.3599   3.273271     0.6105     0.0297  0.1061637    74.6842     22.311    30.9576     0.2783 0.0000e+00
       1067     22.544     8.3616   3.273874     0.6105     0.0296  0.1062148    74.4992     22.333    30.9624     0.2783 0.0000e+00
       1068     22.566     8.3633   3.274475 -9.990e-29     0.0295  0.1062676    74.3121     22.355    30.9672 -9.990e-29 0.0000e+00
       1069     22.588     8.3650   3.275078 -9.990e-29     0.0295  0.1063223    74.1224     22.377    30.9720 -9.990e-29 0.0000e+00
       1070     22.610     8.3666   3.275679 -9.990e-29     0.0294  0.1063794    73.9290     22.399    30.9769 -9.990e-29 0.0000e+00
       1071     22.632     8.3683   3.276280 -9.990e-29     0.0293  0.1064394    73.7309     22.420    30.9817 -9.990e-29 0.0000e+00
       1072     22.654     8.3699   3.276878 -9.990e-29     0.0293  0.1065025    73.5276     22.442    30.9865 -9.990e-29 0.0000e+00
       1073     22.676     8.3714   3.277474 -9.990e-29     0.0292  0.1065693    73.3192     22.464    30.9914 -9.990e-29 0.0000e+00
       1074     22.698     8.3730   3.278069 -9.990e-29     0.0291  0.1066401    73.1053     22.486    30.9962 -9.990e-29 0.0000e+00
       1075     22.720     8.3746   3.278660 -9.990e-29     0.0291  0.1067156    72.8846     22.508    31.0010 -9.990e-29 0.0000e+00
       1076     22.742     8.3761   3.279247 -9.990e-29     0.0290  0.1067962    72.6558     22.529    31.0058 -9.990e-29 0.0000e+00
       1077     22.764     8.3776   3.279832 -9.990e-29     0.0289  0.1068825    72.4190     22.551    31.0106 -9.990e-29 0.0000e+00
       1078     22.786     8.3791   3.280415 -9.990e-29     0.0288  0.1069750    72.1758     22.573    31.0154 -9.990e-29 0.0000e+00
       1079     22.808     8.3806   3.280994 -9.990e-29     0.0288  0.1070737    71.9287     22.595    31.0201 -9.990e-29 0.0000e+00
       1080     22.830     8.3820   3.281568 -9.990e-29     0.0287  0.1071748    71.6803     22.617    31.0249 -9.990e-29 0.0000e+00
       1081     22.852     8.3835   3.282140 -9.990e-29     0.0286  0.1072724    71.4326     22.638    31.0296 -9.990e-29 0.0000e+00
       1082     22.874     8.3850   3.282709 -9.990e-29     0.0285  0.1073628    71.1877     22.660    31.0342 -9.990e-29 0.0000e+00
