data/2022/thursday_data/Station SH1.cnv
* Sea-Bird SBE 9 Data File:
* FileName = C:\Users\ctd-user\Desktop\CTD data\MAR440 Sept 2022\Day2\Station SH1.hex
* Software Version Seasave V 7.26.2.13
* Temperature SN = 4493
* Conductivity SN = 1899
* Number of Bytes Per Scan = 37
* Number of Voltage Words = 4
* Number of Scans Averaged by the Deck Unit = 1
* NMEA Latitude = 58 19.43 N
* NMEA Longitude = 011 50.48 E
* NMEA UTC (Time) = Sep 08 2022 11:09:28
* NMEA baud rate = 4800
** Ship:
** Station:
** Operator:
# nquan = 12                                
# nvalues = 875                         
# units = specified
# name 0 = scan: Scan Count
# name 1 = prDM: Pressure, Digiquartz [db]
# name 2 = t090C: Temperature [ITS-90, deg C]
# name 3 = c0S/m: Conductivity [S/m]
# name 4 = sbeox0V: Oxygen raw, SBE 43 [V]
# name 5 = flECO-AFL: Fluorescence, WET Labs ECO-AFL/FL [mg/m^3]
# name 6 = upoly0: Upoly 0, Turbidity
# name 7 = xmiss: Beam Transmission, Chelsea/Seatech [%]
# name 8 = depSM: Depth [salt water, m], lat = 58.3238
# name 9 = sal00: Salinity, Practical [PSU]
# name 10 = sbeox0ML/L: Oxygen, SBE 43 [ml/l], WS = 2
# name 11 = flag: flag
# span 0 =          1,        875       
# span 1 =      1.024,     10.129       
# span 2 =    18.3024,    18.6774       
# span 3 =   3.258156,   3.386359       
# span 4 =     2.2332,     2.7128       
# span 5 =     0.0171,     0.0201       
# span 6 =  0.0972280,  0.1009861       
# span 7 =    84.9640,    90.1334       
# span 8 =      1.014,     10.035       
# span 9 =    23.7313,    24.5932       
# span 10 =     4.1932,     5.4177      
# span 11 = 0.0000e+00, 0.0000e+00      
# interval = seconds: 0.0416667
# start_time = Sep 08 2022 11:09:28 [NMEA time, header]
# bad_flag = -9.990e-29
*END*
          1      1.081    18.3055   3.258156     2.7119     0.0179  0.0998301    85.1202      1.071    23.7315     5.4154 -9.990e-29
          2      1.079    18.3058   3.258166     2.7120     0.0179  0.0998475    85.1179      1.069    23.7314     5.4157 -9.990e-29
          3      1.078    18.3060   3.258176     2.7121     0.0179  0.0998664    85.1157      1.068    23.7314     5.4159 -9.990e-29
          4      1.076    18.3062   3.258187     2.7121     0.0179  0.0998861    85.1137      1.066    23.7313     5.4159 -9.990e-29
          5      1.075    18.3063   3.258197     2.7122     0.0179  0.0999051    85.1121      1.065    23.7314     5.4161 -9.990e-29
          6      1.073    18.3063   3.258208     2.7123     0.0179  0.0999225    85.1111      1.063    23.7315     5.4163 -9.990e-29
          7      1.072    18.3063   3.258219     2.7123     0.0178  0.0999386    85.1105      1.062    23.7315     5.4163 -9.990e-29
          8      1.071    18.3063   3.258231     2.7123     0.0178  0.0999535    85.1101      1.061    23.7316     5.4163 -9.990e-29
          9      1.069    18.3062   3.258242     2.7124     0.0178  0.0999671    85.1094      1.059    23.7318     5.4166 -9.990e-29
         10      1.068    18.3060   3.258253     2.7124     0.0178  0.0999798    85.1081      1.058    23.7320     5.4166 -9.990e-29
         11      1.067    18.3058   3.258262     2.7124     0.0178  0.0999915    85.1063      1.057    23.7322     5.4166 -9.990e-29
         12      1.065    18.3056   3.258271     2.7124     0.0178  0.1000023    85.1041      1.055    23.7324     5.4166 -9.990e-29
         13      1.064    18.3053   3.258279     2.7125     0.0178  0.1000123    85.1020      1.054    23.7326     5.4169 -9.990e-29
         14      1.063    18.3051   3.258286     2.7125     0.0178  0.1000215    85.1006      1.053    23.7328     5.4169 -9.990e-29
         15      1.061    18.3049   3.258294     2.7125     0.0178  0.1000301    85.1003      1.051    23.7330     5.4169 -9.990e-29
         16      1.060    18.3047   3.258300     2.7126     0.0178  0.1000381    85.1012      1.050    23.7331     5.4172 -9.990e-29
         17      1.058    18.3045   3.258304     2.7126     0.0178  0.1000455    85.1033      1.048    23.7333     5.4172 -9.990e-29
         18      1.057    18.3043   3.258308     2.7127     0.0178  0.1000524    85.1063      1.047    23.7334     5.4174 -9.990e-29
         19      1.055    18.3042   3.258311     2.7127     0.0178  0.1000588    85.1102      1.045    23.7335     5.4175 -9.990e-29
         20      1.054    18.3041   3.258313     2.7128     0.0178  0.1000648    85.1146      1.044    23.7336     5.4177 -9.990e-29
         21      1.053    18.3040   3.258314     2.7128     0.0178  0.1000705    85.1196      1.043    23.7336     5.4177 -9.990e-29
         22      1.051    18.3038   3.258314     2.7128     0.0178  0.1000758    85.1249      1.041    23.7337     5.4177 -9.990e-29
         23      1.050    18.3037   3.258314     2.7128     0.0178  0.1000808    85.1306      1.040    23.7338     5.4177 -9.990e-29
         24      1.049    18.3036   3.258314     2.7128     0.0178  0.1000856    85.1364      1.039    23.7339     5.4177 -9.990e-29
         25      1.048    18.3035   3.258313     2.7128     0.0178  0.1000901    85.1427      1.038    23.7339     5.4170 -9.990e-29
         26      1.047    18.3034   3.258312     2.7128     0.0178  0.1000944    85.1500      1.037    23.7340     5.4166 -9.990e-29
         27      1.046    18.3033   3.258312     2.7128     0.0178  0.1000986    85.1583      1.036    23.7340     5.4163 -9.990e-29
         28      1.045    18.3032   3.258310     2.7128     0.0178  0.1001026    85.1672      1.035    23.7341     5.4160 -9.990e-29
         29      1.044    18.3031   3.258310     2.7128     0.0178  0.1001065    85.1760      1.034    23.7341     5.4157 -9.990e-29
         30      1.043    18.3031   3.258309     2.7127     0.0178  0.1001104    85.1843      1.033    23.7341     5.4151 -9.990e-29
         31      1.042    18.3030   3.258309     2.7127     0.0178  0.1001142    85.1919      1.032    23.7342     5.4148 -9.990e-29
         32      1.042    18.3030   3.258308     2.7126     0.0179  0.1001179    85.1988      1.032    23.7342     5.4142 -9.990e-29
         33      1.041    18.3029   3.258307     2.7126     0.0179  0.1001217    85.2051      1.031    23.7342     5.4139 -9.990e-29
         34      1.041    18.3029   3.258307     2.7125     0.0179  0.1001254    85.2107      1.031    23.7342     5.4134 -9.990e-29
         35      1.040    18.3028   3.258307     2.7125     0.0179  0.1001292    85.2157      1.030    23.7343     5.4131 -9.990e-29
         36      1.040    18.3028   3.258307     2.7124     0.0179  0.1001331    85.2203      1.030    23.7343     5.4125 -9.990e-29
         37      1.040    18.3028   3.258307     2.7124     0.0179  0.1001371    85.2242      1.030    23.7343     5.4122 -9.990e-29
         38      1.039    18.3028   3.258308     2.7123     0.0179  0.1001413    85.2272      1.029    23.7343     5.4117 -9.990e-29
         39      1.039    18.3028   3.258309     2.7122     0.0179  0.1001455    85.2290      1.029    23.7343     5.4112 -9.990e-29
         40      1.039    18.3028   3.258310     2.7121     0.0179  0.1001500    85.2296      1.029    23.7343     5.4107 -9.990e-29
         41      1.039    18.3028   3.258312     2.7121     0.0179  0.1001547    85.2287      1.029    23.7343     5.4105 -9.990e-29
         42      1.039    18.3028   3.258314     2.7120     0.0179  0.1001597    85.2261      1.029    23.7343     5.4101 -9.990e-29
         43      1.039    18.3029   3.258316     2.7119     0.0179  0.1001649    85.2219      1.029    23.7343     5.4097 -9.990e-29
         44      1.038    18.3029   3.258318     2.7119     0.0179  0.1001704    85.2165      1.028    23.7343     5.4095 -9.990e-29
         45      1.038    18.3029   3.258320     2.7118     0.0179  0.1001764    85.2101      1.028    23.7343     5.4092 -9.990e-29
         46      1.038    18.3029   3.258323     2.7117     0.0179  0.1001827    85.2035      1.028    23.7343     5.4088 -9.990e-29
         47      1.038    18.3030   3.258325     2.7116     0.0179  0.1001895    85.1973      1.028    23.7343     5.4085 -9.990e-29
         48      1.038    18.3030   3.258327     2.7116     0.0179  0.1001967    85.1920      1.028    23.7343     5.4085 -9.990e-29
         49      1.038    18.3030   3.258330     2.7115     0.0179  0.1002045    85.1881      1.028    23.7343     5.4082 -9.990e-29
         50      1.037    18.3031   3.258334     2.7114     0.0179  0.1002129    85.1856      1.027    23.7343     5.4080 -9.990e-29
         51      1.037    18.3031   3.258336     2.7113     0.0179  0.1002220    85.1845      1.027    23.7343     5.4078 -9.990e-29
         52      1.037    18.3031   3.258339     2.7112     0.0179  0.1002318    85.1845      1.027    23.7344     5.4076 -9.990e-29
         53      1.037    18.3031   3.258341     2.7111     0.0179  0.1002424    85.1851      1.027    23.7344     5.4075 -9.990e-29
         54      1.037    18.3031   3.258344     2.7110     0.0179  0.1002547    85.1862      1.027    23.7344     5.4074 -9.990e-29
         55      1.036    18.3031   3.258347     2.7109     0.0179  0.1002696    85.1877      1.026    23.7344     5.4072 -9.990e-29
         56      1.036    18.3031   3.258349     2.7108     0.0179  0.1002856    85.1895      1.026    23.7344     5.4072 -9.990e-29
         57      1.036    18.3031   3.258352     2.7107     0.0179  0.1003002    85.1915      1.026    23.7345     5.4071 -9.990e-29
         58      1.036    18.3031   3.258355     2.7107     0.0179  0.1003127    85.1934      1.026    23.7345     5.4073 -9.990e-29
         59      1.035    18.3031   3.258359     2.7106     0.0179  0.1003231    85.1950      1.025    23.7345     5.4072 -9.990e-29
         60      1.035    18.3031   3.258363     2.7105     0.0178  0.1003315    85.1963      1.025    23.7345     5.4072 -9.990e-29
         61      1.035    18.3031   3.258367     2.7105     0.0178  0.1003381    85.1976      1.025    23.7346     5.4074 -9.990e-29
         62      1.034    18.3031   3.258371     2.7104     0.0178  0.1003427    85.1990      1.024    23.7346     5.4074 -9.990e-29
         63      1.034    18.3031   3.258375     2.7104     0.0178  0.1003455    85.2005      1.024    23.7346     5.4077 -9.990e-29
         64      1.034    18.3030   3.258379     2.7103     0.0178  0.1003466    85.2018      1.024    23.7347     5.4077 -9.990e-29
         65      1.034    18.3030   3.258382     2.7102     0.0178  0.1003458    85.2028      1.024    23.7348     5.4077 -9.990e-29
         66      1.033    18.3030   3.258386     2.7102     0.0178  0.1003431    85.2033      1.023    23.7348     5.4080 -9.990e-29
         67      1.033    18.3030   3.258390     2.7102     0.0178  0.1003387    85.2032      1.023    23.7348     5.4082 -9.990e-29
         68      1.033    18.3029   3.258395     2.7101     0.0178  0.1003324    85.2031      1.023    23.7349     5.4082 -9.990e-29
         69      1.033    18.3029   3.258399     2.7101     0.0178  0.1003241    85.2033      1.023    23.7350     5.4084 -9.990e-29
         70      1.033    18.3029   3.258403     2.7101     0.0178  0.1003139    85.2035      1.023    23.7350     5.4087 -9.990e-29
         71      1.032    18.3028   3.258407     2.7101     0.0178  0.1003017    85.2032      1.022    23.7351     5.4089 -9.990e-29
         72      1.032    18.3028   3.258411     2.7101     0.0178  0.1002874    85.2019      1.022    23.7351     5.4091 -9.990e-29
         73      1.031    18.3027   3.258414     2.7101     0.0178  0.1002708    85.1994      1.021    23.7352     5.4094 -9.990e-29
         74      1.031    18.3026   3.258417     2.7101     0.0178  0.1002519    85.1963      1.021    23.7353     5.4096 -9.990e-29
         75      1.031    18.3026   3.258421     2.7101     0.0178  0.1002305    85.1934      1.021    23.7353     5.4097 -9.990e-29
         76      1.031    18.3025   3.258424     2.7101     0.0178  0.1002065    85.1915      1.021    23.7354     5.4099 -9.990e-29
         77      1.030    18.3024   3.258427     2.7101     0.0178  0.1001797    85.1905      1.020    23.7355     5.4101 -9.990e-29
         78      1.030    18.3024   3.258430     2.7101     0.0178  0.1001500    85.1901      1.020    23.7355     5.4103 -9.990e-29
         79      1.030    18.3024   3.258434     2.7101     0.0178  0.1001170    85.1897      1.020    23.7355     5.4104 -9.990e-29
         80      1.029    18.3025   3.258438     2.7102     0.0178  0.1000807    85.1893      1.019    23.7355     5.4107 -9.990e-29
         81      1.029    18.3026   3.258442     2.7102     0.0178  0.1000424    85.1885      1.019    23.7355     5.4108 -9.990e-29
         82      1.028    18.3028   3.258447     2.7102     0.0178  0.1000052    85.1877      1.018    23.7354     5.4108 -9.990e-29
         83      1.028    18.3030   3.258451     2.7102     0.0178  0.0999707    85.1865      1.018    23.7353     5.4109 -9.990e-29
         84      1.028    18.3032   3.258456     2.7102     0.0178  0.0999386    85.1848      1.018    23.7352     5.4109 -9.990e-29
         85      1.028    18.3034   3.258461     2.7102     0.0178  0.0999086    85.1825      1.018    23.7352     5.4109 -9.990e-29
         86      1.027    18.3037   3.258466     2.7103     0.0178  0.0998805    85.1799      1.017    23.7350     5.4112 -9.990e-29
         87      1.027    18.3041   3.258471     2.7103     0.0178  0.0998542    85.1774      1.017    23.7348     5.4111 -9.990e-29
         88      1.027    18.3044   3.258477     2.7103     0.0178  0.0998294    85.1751      1.017    23.7347     5.4111 -9.990e-29
         89      1.026    18.3048   3.258482     2.7103     0.0178  0.0998060    85.1730      1.016    23.7345     5.4111 -9.990e-29
         90      1.026    18.3053   3.258489     2.7103     0.0178  0.0997839    85.1712      1.016    23.7343     5.4110 -9.990e-29
         91      1.026    18.3057   3.258496     2.7102     0.0178  0.0997628    85.1695      1.016    23.7341     5.4107 -9.990e-29
         92      1.026    18.3062   3.258504     2.7102     0.0178  0.0997426    85.1678      1.016    23.7339     5.4106 -9.990e-29
         93      1.025    18.3066   3.258513     2.7102     0.0178  0.0997233    85.1658      1.015    23.7337     5.4104 -9.990e-29
         94      1.025    18.3070   3.258523     2.7102     0.0178  0.0997045    85.1636      1.015    23.7336     5.4103 -9.990e-29
         95      1.025    18.3074   3.258533     2.7102     0.0178  0.0996863    85.1613      1.015    23.7334     5.4102 -9.990e-29
         96      1.025    18.3078   3.258545     2.7102     0.0179  0.0996685    85.1589      1.015    23.7333     5.4100 -9.990e-29
         97      1.024    18.3081   3.258557     2.7101     0.0179  0.0996510    85.1565      1.014    23.7332     5.4096 -9.990e-29
         98      1.024    18.3084   3.258570     2.7101     0.0179  0.0996336    85.1540      1.014    23.7332     5.4095 -9.990e-29
         99      1.024    18.3087   3.258584     2.7101     0.0179  0.0996162    85.1514      1.014    23.7331     5.4093 -9.990e-29
        100      1.024    18.3090   3.258600     2.7101     0.0179  0.0995987    85.1490      1.014    23.7331     5.4091 -9.990e-29
        101      1.024    18.3092   3.258616     2.7101     0.0179  0.0995810    85.1470      1.014    23.7331     5.4089 -9.990e-29
        102      1.024    18.3094   3.258633     2.7101     0.0179  0.0995630    85.1457      1.014    23.7331     5.4087 -9.990e-29
        103      1.024    18.3096   3.258649     2.7100     0.0179  0.0995445    85.1449      1.014    23.7331     5.4083 -9.990e-29
        104      1.025    18.3098   3.258668     2.7100     0.0179  0.0995254    85.1444      1.015    23.7332     5.4081 -9.990e-29
        105      1.025    18.3100   3.258686     2.7100     0.0179  0.0995056    85.1441      1.015    23.7332     5.4079 -9.990e-29
        106      1.025    18.3101   3.258704     2.7100     0.0179  0.0994857    85.1440      1.015    23.7333     5.4077 -9.990e-29
        107      1.025    18.3102   3.258721     2.7100     0.0179  0.0994675    85.1443      1.015    23.7333     5.4075 -9.990e-29
        108      1.026    18.3102   3.258739     2.7100     0.0179  0.0994514    85.1447      1.016    23.7335     5.4073 -9.990e-29
        109      1.026    18.3102   3.258755     2.7100     0.0179  0.0994376    85.1453      1.016    23.7336     5.4071 -9.990e-29
        110      1.027    18.3101   3.258772     2.7099     0.0179  0.0994257    85.1456      1.017    23.7338     5.4066 -9.990e-29
        111      1.027    18.3100   3.258786     2.7099     0.0179  0.0994159    85.1457      1.017    23.7340     5.4065 -9.990e-29
        112      1.028    18.3099   3.258802     2.7099     0.0179  0.0994080    85.1452      1.018    23.7342     5.4063 -9.990e-29
        113      1.029    18.3098   3.258815     2.7099     0.0179  0.0994019    85.1441      1.019    23.7343     5.4061 -9.990e-29
        114      1.029    18.3096   3.258829     2.7099     0.0179  0.0993977    85.1424      1.019    23.7346     5.4060 -9.990e-29
        115      1.030    18.3095   3.258842     2.7098     0.0179  0.0993952    85.1401      1.020    23.7347     5.4056 -9.990e-29
        116      1.030    18.3093   3.258854     2.7098     0.0179  0.0993945    85.1373      1.020    23.7349     5.4054 -9.990e-29
        117      1.031    18.3092   3.258866     2.7097     0.0180  0.0993955    85.1338      1.021    23.7351     5.4050 -9.990e-29
        118      1.032    18.3090   3.258878     2.7097     0.0180  0.0993983    85.1294      1.022    23.7353     5.4048 -9.990e-29
        119      1.032    18.3089   3.258888     2.7096     0.0180  0.0994029    85.1245      1.022    23.7354     5.4044 -9.990e-29
        120      1.033    18.3088   3.258899     2.7095     0.0180  0.0994093    85.1196      1.023    23.7356     5.4041 -9.990e-29
