data/2022/thursday_data/Station B2,1.cnv
* Sea-Bird SBE 9 Data File:
* FileName = C:\Users\ctd-user\Desktop\CTD data\MAR440 Sept 2022\Day2\Station B2,1.hex
* Software Version Seasave V 7.26.2.13
* Temperature SN = 4493
* Conductivity SN = 1899
* Number of Bytes Per Scan = 37
* Number of Voltage Words = 4
* Number of Scans Averaged by the Deck Unit = 1
* NMEA Latitude = 58 19.94 N
* NMEA Longitude = 011 52.60 E
* NMEA UTC (Time) = Sep 08 2022 09:59:02
* NMEA baud rate = 4800
** Ship:
** Station:
** Operator:
# nquan = 12                                
# nvalues = 2801                        
# units = specified
# name 0 = scan: Scan Count
# name 1 = prDM: Pressure, Digiquartz [db]
# name 2 = t090C: Temperature [ITS-90, deg C]
# name 3 = c0S/m: Conductivity [S/m]
# name 4 = sbeox0V: Oxygen raw, SBE 43 [V]
# name 5 = flECO-AFL: Fluorescence, WET Labs ECO-AFL/FL [mg/m^3]
# name 6 = upoly0: Upoly 0, Turbidity
# name 7 = xmiss: Beam Transmission, Chelsea/Seatech [%]
# name 8 = depSM: Depth [salt water, m], lat = 58.3323
# name 9 = sal00: Salinity, Practical [PSU]
# name 10 = sbeox0ML/L: Oxygen, SBE 43 [ml/l], WS = 2
# name 11 = flag: flag
# span 0 =          1,       2801       
# span 1 =      1.923,     45.045       
# span 2 =     8.0632,    18.2546       
# span 3 =   3.113100,   3.394656       
# span 4 =     0.5493,     2.7285       
# span 5 =     0.0067,     0.0421       
# span 6 =  0.0943237,  0.1072028       
# span 7 =    69.4459,    93.9041       
# span 8 =      1.905,     44.621       
# span 9 =    23.7166,    32.0350       
# span 10 =     0.1257,     5.4703      
# span 11 = 0.0000e+00, 0.0000e+00      
# interval = seconds: 0.0416667
# start_time = Sep 08 2022 09:59:02 [NMEA time, header]
# bad_flag = -9.990e-29
*END*
[from data line 121]
        122      1.928    18.2096   3.250213     2.7222     0.0214  0.0988009    85.0548      1.910    23.7225     5.4522 -9.990e-29
        123      1.928    18.2096   3.250212     2.7222     0.0214  0.0988096    85.0470      1.910    23.7225     5.4523 -9.990e-29
        124      1.929    18.2095   3.250210     2.7222     0.0214  0.0988160    85.0388      1.911    23.7225     5.4524 -9.990e-29
        125      1.929    18.2094   3.250208     2.7222     0.0213  0.0988202    85.0299      1.911    23.7226     5.4526 -9.990e-29
        126      1.929    18.2094   3.250207     2.7222     0.0213  0.0988221    85.0204      1.911    23.7226     5.4527 -9.990e-29
        127      1.929    18.2093   3.250206     2.7222     0.0213  0.0988217    85.0100      1.911    23.7226     5.4528 -9.990e-29
        128      1.929    18.2093   3.250205     2.7222     0.0213  0.0988192    84.9986      1.911    23.7226     5.4529 -9.990e-29
        129      1.929    18.2093   3.250204     2.7223     0.0213  0.0988144    84.9865      1.911    23.7226     5.4533 -9.990e-29
        130      1.929    18.2092   3.250204     2.7223     0.0213  0.0988073    84.9740      1.911    23.7227     5.4534 -9.990e-29
        131      1.928    18.2092   3.250203     2.7223     0.0213  0.0987979    84.9611      1.910    23.7227     5.4535 -9.990e-29
        132      1.928    18.2092   3.250203     2.7223     0.0212  0.0987870    84.9480      1.910    23.7227     5.4536 -9.990e-29
        133      1.928    18.2092   3.250202     2.7224     0.0212  0.0987752    84.9352      1.910    23.7226     5.4539 -9.990e-29
        134      1.928    18.2092   3.250202     2.7224     0.0212  0.0987618    84.9238      1.910    23.7226     5.4540 -9.990e-29
        135      1.928    18.2092   3.250201     2.7224     0.0212  0.0987458    84.9148      1.910    23.7226     5.4540 -9.990e-29
        136      1.928    18.2092   3.250201     2.7225     0.0212  0.0987270    84.9089      1.910    23.7226     5.4543 -9.990e-29
        137      1.927    18.2092   3.250201     2.7225     0.0212  0.0987053    84.9063      1.909    23.7226     5.4543 -9.990e-29
        138      1.927    18.2092   3.250200     2.7225     0.0212  0.0986806    84.9069      1.909    23.7226     5.4544 -9.990e-29
        139      1.927    18.2092   3.250200     2.7225     0.0212  0.0986535    84.9101      1.909    23.7226     5.4544 -9.990e-29
        140      1.927    18.2091   3.250198     2.7226     0.0212  0.0986264    84.9150      1.909    23.7227     5.4546 -9.990e-29
        141      1.926    18.2091   3.250197     2.7226     0.0212  0.0986017    84.9209      1.908    23.7227     5.4546 -9.990e-29
        142      1.926    18.2092   3.250198     2.7226     0.0211  0.0985800    84.9274      1.908    23.7226     5.4546 -9.990e-29
        143      1.926    18.2092   3.250197     2.7226     0.0211  0.0985612    84.9341      1.908    23.7226     5.4545 -9.990e-29
        144      1.926    18.2092   3.250197     2.7227     0.0211  0.0985452    84.9410      1.908    23.7226     5.4547 -9.990e-29
        145      1.926    18.2092   3.250196     2.7227     0.0211  0.0985318    84.9477      1.908    23.7226     5.4547 -9.990e-29
        146      1.926    18.2092   3.250196     2.7227     0.0211  0.0985210    84.9543      1.908    23.7226     5.4547 -9.990e-29
        147      1.926    18.2091   3.250196     2.7227     0.0211  0.0985135    84.9609      1.908    23.7227     5.4547 -9.990e-29
        148      1.926    18.2091   3.250196     2.7227     0.0211  0.0985101    84.9676      1.908    23.7227     5.4546 -9.990e-29
        149      1.926    18.2091   3.250196     2.7228     0.0211  0.0985100    84.9742      1.908    23.7227     5.4548 -9.990e-29
        150      1.926    18.2091   3.250196     2.7228     0.0211  0.0985122    84.9805      1.908    23.7227     5.4547 -9.990e-29
        151      1.926    18.2091   3.250196     2.7228     0.0211  0.0985169    84.9869      1.908    23.7227     5.4546 -9.990e-29
        152      1.926    18.2091   3.250196     2.7228     0.0211  0.0985241    84.9935      1.908    23.7227     5.4545 -9.990e-29
        153      1.926    18.2091   3.250196     2.7228     0.0211  0.0985337    85.0006      1.908    23.7227     5.4544 -9.990e-29
        154      1.926    18.2090   3.250195     2.7228     0.0210  0.0985459    85.0084      1.908    23.7227     5.4543 -9.990e-29
        155      1.927    18.2090   3.250195     2.7228     0.0210  0.0985608    85.0169      1.909    23.7227     5.4541 -9.990e-29
        156      1.927    18.2090   3.250195     2.7229     0.0210  0.0985784    85.0254      1.909    23.7227     5.4543 -9.990e-29
        157      1.927    18.2090   3.250195     2.7229     0.0210  0.0985989    85.0340      1.909    23.7227     5.4541 -9.990e-29
        158      1.927    18.2090   3.250196     2.7229     0.0210  0.0986224    85.0424      1.909    23.7227     5.4540 -9.990e-29
        159      1.927    18.2090   3.250196     2.7229     0.0210  0.0986490    85.0510      1.909    23.7227     5.4538 -9.990e-29
        160      1.928    18.2090   3.250195     2.7229     0.0210  0.0986791    85.0597      1.910    23.7227     5.4536 -9.990e-29
        161      1.928    18.2090   3.250195     2.7229     0.0210  0.0987127    85.0687      1.910    23.7227     5.4535 -9.990e-29
        162      1.928    18.2089   3.250194     2.7229     0.0210  0.0987502    85.0777      1.910    23.7228     5.4533 -9.990e-29
        163      1.928    18.2089   3.250194     2.7229     0.0210  0.0987917    85.0866      1.910    23.7228     5.4531 -9.990e-29
        164      1.928    18.2088   3.250193     2.7229     0.0210  0.0988376    85.0954      1.910    23.7228     5.4529 -9.990e-29
        165      1.928    18.2088   3.250193     2.7229     0.0210  0.0988865    85.1041      1.910    23.7228     5.4527 -9.990e-29
        166      1.928    18.2087   3.250192     2.7229     0.0209  0.0989344    85.1129      1.910    23.7228     5.4525 -9.990e-29
        167      1.929    18.2086   3.250191     2.7229     0.0209  0.0989783    85.1216      1.911    23.7229     5.4523 -9.990e-29
        168      1.929    18.2085   3.250190     2.7229     0.0209  0.0990178    85.1303      1.911    23.7229     5.4521 -9.990e-29
        169      1.929    18.2084   3.250189     2.7229     0.0209  0.0990529    85.1389      1.911    23.7230     5.4519 -9.990e-29
        170      1.929    18.2083   3.250188     2.7229     0.0209  0.0990840    85.1472      1.911    23.7230     5.4517 -9.990e-29
        171      1.929    18.2082   3.250188     2.7229     0.0209  0.0991114    85.1550      1.911    23.7231     5.4515 -9.990e-29
        172      1.929    18.2081   3.250186     2.7229     0.0209  0.0991351    85.1623      1.911    23.7231     5.4513 -9.990e-29
        173      1.929    18.2081   3.250186     2.7228     0.0209  0.0991554    85.1692      1.911    23.7231     5.4508 -9.990e-29
        174      1.929    18.2080   3.250186     2.7228     0.0209  0.0991724    85.1756      1.911    23.7232     5.4506 -9.990e-29
        175      1.929    18.2079   3.250185     2.7228     0.0209  0.0991862    85.1816      1.911    23.7233     5.4504 -9.990e-29
        176      1.929    18.2079   3.250185     2.7227     0.0209  0.0991969    85.1870      1.911    23.7233     5.4500 -9.990e-29
        177      1.929    18.2078   3.250183     2.7227     0.0209  0.0992046    85.1918      1.911    23.7233     5.4497 -9.990e-29
        178      1.929    18.2078   3.250183     2.7227     0.0209  0.0992094    85.1957      1.911    23.7233     5.4495 -9.990e-29
        179      1.929    18.2078   3.250183     2.7226     0.0209  0.0992112    85.1983      1.911    23.7233     5.4490 -9.990e-29
        180      1.929    18.2077   3.250181     2.7226     0.0209  0.0992101    85.1994      1.911    23.7233     5.4488 -9.990e-29
        181      1.929    18.2077   3.250180     2.7225     0.0209  0.0992061    85.1988      1.911    23.7233     5.4484 -9.990e-29
        182      1.929    18.2077   3.250179     2.7225     0.0210  0.0991992    85.1967      1.911    23.7233     5.4482 -9.990e-29
        183      1.929    18.2077   3.250178     2.7224     0.0210  0.0991892    85.1930      1.911    23.7233     5.4478 -9.990e-29
        184      1.929    18.2077   3.250177     2.7223     0.0210  0.0991762    85.1880      1.911    23.7233     5.4473 -9.990e-29
        185      1.929    18.2076   3.250176     2.7223     0.0210  0.0991600    85.1822      1.911    23.7234     5.4472 -9.990e-29
        186      1.928    18.2076   3.250174     2.7222     0.0210  0.0991406    85.1757      1.910    23.7233     5.4468 -9.990e-29
        187      1.928    18.2076   3.250173     2.7221     0.0210  0.0991177    85.1687      1.910    23.7233     5.4464 -9.990e-29
        188      1.928    18.2076   3.250172     2.7221     0.0210  0.0990913    85.1613      1.910    23.7233     5.4463 -9.990e-29
        189      1.928    18.2076   3.250172     2.7220     0.0211  0.0990611    85.1531      1.910    23.7233     5.4459 -9.990e-29
        190      1.928    18.2075   3.250171     2.7219     0.0211  0.0990278    85.1443      1.910    23.7234     5.4456 -9.990e-29
        191      1.928    18.2075   3.250171     2.7219     0.0211  0.0989938    85.1346      1.910    23.7234     5.4455 -9.990e-29
        192      1.928    18.2075   3.250170     2.7218     0.0211  0.0989612    85.1244      1.910    23.7234     5.4452 -9.990e-29
        193      1.927    18.2075   3.250170     2.7217     0.0212  0.0989308    85.1135      1.909    23.7234     5.4449 -9.990e-29
        194      1.927    18.2075   3.250170     2.7217     0.0212  0.0989024    85.1023      1.909    23.7234     5.4448 -9.990e-29
        195      1.927    18.2076   3.250170     2.7216     0.0212  0.0988756    85.0911      1.909    23.7233     5.4445 -9.990e-29
        196      1.927    18.2076   3.250170     2.7215     0.0212  0.0988504    85.0804      1.909    23.7233     5.4443 -9.990e-29
        197      1.927    18.2076   3.250170     2.7214     0.0212  0.0988266    85.0710      1.909    23.7233     5.4441 -9.990e-29
        198      1.927    18.2076   3.250170     2.7214     0.0212  0.0988040    85.0634      1.909    23.7233     5.4441 -9.990e-29
        199      1.926    18.2076   3.250170     2.7213     0.0213  0.0987824    85.0580      1.908    23.7233     5.4439 -9.990e-29
        200      1.926    18.2076   3.250170     2.7212     0.0213  0.0987618    85.0547      1.908    23.7233     5.4437 -9.990e-29
        201      1.926    18.2076   3.250170     2.7211     0.0213  0.0987418    85.0529      1.908    23.7233     5.4435 -9.990e-29
        202      1.926    18.2076   3.250170     2.7210     0.0213  0.0987226    85.0520      1.908    23.7233     5.4433 -9.990e-29
        203      1.926    18.2077   3.250170     2.7210     0.0213  0.0987037    85.0515      1.908    23.7232     5.4434 -9.990e-29
        204      1.926    18.2077   3.250170     2.7209     0.0213  0.0986853    85.0511      1.908    23.7232     5.4433 -9.990e-29
        205      1.927    18.2077   3.250170     2.7208     0.0213  0.0986670    85.0507      1.909    23.7232     5.4432 -9.990e-29
        206      1.927    18.2077   3.250170     2.7208     0.0213  0.0986489    85.0504      1.909    23.7232     5.4433 -9.990e-29
        207      1.927    18.2077   3.250170     2.7207     0.0213  0.0986307    85.0502      1.909    23.7232     5.4432 -9.990e-29
        208      1.927    18.2077   3.250170     2.7206     0.0213  0.0986124    85.0502      1.909    23.7232     5.4431 -9.990e-29
        209      1.928    18.2077   3.250170     2.7206     0.0213  0.0985938    85.0507      1.910    23.7232     5.4432 -9.990e-29
        210      1.928    18.2077   3.250170     2.7206     0.0213  0.0985748    85.0517      1.910    23.7232     5.4434 -9.990e-29
        211      1.928    18.2077   3.250170     2.7205     0.0213  0.0985552    85.0531      1.910    23.7232     5.4433 -9.990e-29
        212      1.929    18.2076   3.250168     2.7205     0.0213  0.0985350    85.0548      1.911    23.7233     5.4435 -9.990e-29
        213      1.929    18.2076   3.250168     2.7204     0.0213  0.0985139    85.0566      1.911    23.7233     5.4435 -9.990e-29
        214      1.929    18.2076   3.250168     2.7204     0.0213  0.0984918    85.0585      1.911    23.7233     5.4437 -9.990e-29
        215      1.929    18.2076   3.250169     2.7203     0.0213  0.0984695    85.0604      1.911    23.7233     5.4436 -9.990e-29
        216      1.930    18.2075   3.250168     2.7203     0.0213  0.0984485    85.0625      1.912    23.7233     5.4439 -9.990e-29
        217      1.930    18.2075   3.250167     2.7203     0.0213  0.0984294    85.0648      1.912    23.7233     5.4441 -9.990e-29
        218      1.930    18.2074   3.250167     2.7202     0.0213  0.0984122    85.0674      1.912    23.7234     5.4441 -9.990e-29
        219      1.930    18.2073   3.250167     2.7202     0.0213  0.0983967    85.0701      1.912    23.7235     5.4444 -9.990e-29
        220      1.930    18.2072   3.250166     2.7202     0.0213  0.0983828    85.0728      1.912    23.7235     5.4446 -9.990e-29
        221      1.930    18.2072   3.250166     2.7201     0.0213  0.0983704    85.0756      1.912    23.7235     5.4447 -9.990e-29
        222      1.930    18.2071   3.250165     2.7201     0.0213  0.0983594    85.0784      1.912    23.7236     5.4449 -9.990e-29
        223      1.930    18.2070   3.250165     2.7201     0.0213  0.0983498    85.0814      1.912    23.7236     5.4452 -9.990e-29
        224      1.930    18.2069   3.250164     2.7201     0.0213  0.0983415    85.0842      1.912    23.7237     5.4456 -9.990e-29
        225      1.930    18.2068   3.250164     2.7201     0.0213  0.0983345    85.0868      1.912    23.7237     5.4459 -9.990e-29
        226      1.929    18.2068   3.250164     2.7200     0.0213  0.0983286    85.0889      1.911    23.7237     5.4459 -9.990e-29
        227      1.929    18.2067   3.250164     2.7200     0.0213  0.0983238    85.0906      1.911    23.7238     5.4463 -9.990e-29
        228      1.928    18.2067   3.250164     2.7200     0.0213  0.0983202    85.0918      1.910    23.7238     5.4466 -9.990e-29
        229      1.928    18.2066   3.250163     2.7200     0.0213  0.0983176    85.0928      1.910    23.7238     5.4469 -9.990e-29
        230      1.928    18.2066   3.250163     2.7200     0.0213  0.0983161    85.0935      1.910    23.7238     5.4473 -9.990e-29
        231      1.927    18.2066   3.250162     2.7200     0.0213  0.0983156    85.0937      1.909    23.7238     5.4476 -9.990e-29
        232      1.927    18.2065   3.250162     2.7200     0.0213  0.0983162    85.0929      1.909    23.7239     5.4480 -9.990e-29
        233      1.926    18.2065   3.250162     2.7200     0.0213  0.0983178    85.0908      1.908    23.7239     5.4483 -9.990e-29
        234      1.926    18.2066   3.250162     2.7200     0.0213  0.0983206    85.0873      1.908    23.7238     5.4487 -9.990e-29
        235      1.925    18.2066   3.250162     2.7200     0.0213  0.0983243    85.0826      1.907    23.7238     5.4490 -9.990e-29
        236      1.925    18.2066   3.250162     2.7200     0.0213  0.0983292    85.0768      1.907    23.7238     5.4494 -9.990e-29
        237      1.924    18.2067   3.250161     2.7201     0.0213  0.0983353    85.0699      1.906    23.7238     5.4500 -9.990e-29
        238      1.924    18.2068   3.250162     2.7201     0.0214  0.0983425    85.0620      1.906    23.7237     5.4504 -9.990e-29
        239      1.924    18.2068   3.250162     2.7201     0.0214  0.0983510    85.0537      1.906    23.7237     5.4507 -9.990e-29
        240      1.923    18.2069   3.250162     2.7202     0.0214  0.0983608    85.0456      1.905    23.7236     5.4513 -9.990e-29
