data/2022/thursday_data/Station SB1.cnv
* Sea-Bird SBE 9 Data File:
* FileName = C:\Users\ctd-user\Desktop\CTD data\MAR440 Sept 2022\Day2\Station SB1.hex
* Software Version Seasave V 7.26.2.13
* Temperature SN = 4493
* Conductivity SN = 1899
* Number of Bytes Per Scan = 37
* Number of Voltage Words = 4
* Number of Scans Averaged by the Deck Unit = 1
* NMEA Latitude = 58 19.70 N
* NMEA Longitude = 011 51.32 E
* NMEA UTC (Time) = Sep 08 2022 10:39:35
* NMEA baud rate = 4800
** Ship:
** Station:
** Operator:
# nquan = 12                                
# nvalues = 929                         
# units = specified
# name 0 = scan: Scan Count
# name 1 = prDM: Pressure, Digiquartz [db]
# name 2 = t090C: Temperature [ITS-90, deg C]
# name 3 = c0S/m: Conductivity [S/m]
# name 4 = sbeox0V: Oxygen raw, SBE 43 [V]
# name 5 = flECO-AFL: Fluorescence, WET Labs ECO-AFL/FL [mg/m^3]
# name 6 = upoly0: Upoly 0, Turbidity
# name 7 = xmiss: Beam Transmission, Chelsea/Seatech [%]
# name 8 = depSM: Depth [salt water, m], lat = 58.3283
# name 9 = sal00: Salinity, Practical [PSU]
# name 10 = sbeox0ML/L: Oxygen, SBE 43 [ml/l], WS = 2
# name 11 = flag: flag
# span 0 =          1,        929       
# span 1 =      2.015,     17.353       
# span 2 =     8.2197,    18.2965       
# span 3 =   3.116126,   3.335430       
# span 4 =     0.7366,     2.7550       
# span 5 =     0.0056,     0.0271       
# span 6 =  0.0964757,  0.0999362       
# span 7 =    75.3340,    91.5834       
# span 8 =      1.996,     17.191       
# span 9 =    23.6257,    29.5963       
# span 10 =     0.4895,     5.5388      
# span 11 = 0.0000e+00, 0.0000e+00      
# interval = seconds: 0.0416667
# start_time = Sep 08 2022 10:39:35 [NMEA time, header]
# bad_flag = -9.990e-29
*END*
[from data line 843]
        844     17.034     8.2227   3.128071 -9.990e-29     0.0081  0.0966502    83.9728     16.875    29.5587 -9.990e-29 0.0000e+00
        845     17.046     8.2219   3.128322 -9.990e-29     0.0082  0.0966307    84.0827     16.887    29.5619 -9.990e-29 0.0000e+00
        846     17.057     8.2212   3.128569 -9.990e-29     0.0083  0.0966149    84.1708     16.898    29.5651 -9.990e-29 0.0000e+00
        847     17.067     8.2207   3.128813 -9.990e-29     0.0084  0.0966020    84.2376     16.908    29.5681 -9.990e-29 0.0000e+00
        848     17.078     8.2203   3.129054 -9.990e-29     0.0085  0.0965918    84.2853     16.919    29.5709 -9.990e-29 0.0000e+00
        849     17.089     8.2199   3.129290 -9.990e-29     0.0086  0.0965842    84.3167     16.929    29.5737 -9.990e-29 0.0000e+00
        850     17.099     8.2197   3.129524 -9.990e-29     0.0087  0.0965792    84.3351     16.939    29.5763 -9.990e-29 0.0000e+00
        851     17.110     8.2197   3.129754 -9.990e-29     0.0088  0.0965768    84.3451     16.950    29.5787 -9.990e-29 0.0000e+00
        852     17.120     8.2197   3.129981 -9.990e-29     0.0090  0.0965769    84.3522     16.960    29.5811 -9.990e-29 0.0000e+00
        853     17.130     8.2199   3.130204 -9.990e-29     0.0091  0.0965796    84.3637     16.970    29.5833 -9.990e-29 0.0000e+00
        854     17.140     8.2202   3.130424 -9.990e-29     0.0092  0.0965848    84.3888     16.980    29.5853 -9.990e-29 0.0000e+00
        855     17.150     8.2207   3.130642 -9.990e-29     0.0094  0.0965927    84.4349     16.990    29.5872 -9.990e-29 0.0000e+00
        856     17.160     8.2213   3.130854 -9.990e-29     0.0095  0.0966032    84.5062     17.000    29.5889 -9.990e-29 0.0000e+00
        857     17.170     8.2221   3.131064 -9.990e-29     0.0097  0.0966164    84.6039     17.010    29.5904 -9.990e-29 0.0000e+00
        858     17.179     8.2229   3.131269 -9.990e-29     0.0099  0.0966324    84.7277     17.019    29.5918 -9.990e-29 0.0000e+00
        859     17.189     8.2240   3.131472 -9.990e-29     0.0100  0.0966514    84.8761     17.029    29.5930 -9.990e-29 0.0000e+00
        860     17.198     8.2251   3.131670 -9.990e-29     0.0102  0.0966725    85.0481     17.037    29.5942 -9.990e-29 0.0000e+00
        861     17.207     8.2265   3.131863 -9.990e-29     0.0104  0.0966944    85.2423     17.046    29.5950 -9.990e-29 0.0000e+00
        862     17.216     8.2281   3.132054 -9.990e-29     0.0106  0.0967162    85.4566     17.055    29.5957 -9.990e-29 0.0000e+00
        863     17.224     8.2299   3.132241 -9.990e-29     0.0107  0.0967381    85.6884     17.063    29.5961 -9.990e-29 0.0000e+00
        864     17.232     8.2319   3.132424 -9.990e-29     0.0109  0.0967603    85.9343     17.071    29.5963 -9.990e-29 0.0000e+00
        865     17.240     8.2342   3.132604 -9.990e-29     0.0110  0.0967829    86.1894     17.079    29.5963 -9.990e-29 0.0000e+00
        866     17.248     8.2367   3.132781 -9.990e-29     0.0111  0.0968061    86.4485     17.087    29.5960 -9.990e-29 0.0000e+00
        867     17.256     8.2395   3.132954 -9.990e-29     0.0113  0.0968300    86.7070     17.095    29.5954 -9.990e-29 0.0000e+00
        868     17.263     8.2425   3.133124 -9.990e-29     0.0114  0.0968548    86.9616     17.102    29.5947 -9.990e-29 0.0000e+00
        869     17.270     8.2459   3.133290 -9.990e-29     0.0115  0.0968807    87.2099     17.109    29.5936 -9.990e-29 0.0000e+00
        870     17.276     8.2495   3.133453 -9.990e-29     0.0116  0.0969079    87.4516     17.115    29.5922 -9.990e-29 0.0000e+00
        871     17.283     8.2535   3.133612 -9.990e-29     0.0117  0.0969365    87.6882     17.122    29.5905 -9.990e-29 0.0000e+00
        872     17.289     8.2578   3.133765 -9.990e-29     0.0118  0.0969668    87.9230     17.128    29.5885 -9.990e-29 0.0000e+00
        873     17.294     8.2624   3.133916 -9.990e-29     0.0119  0.0969989    88.1583     17.133    29.5862 -9.990e-29 0.0000e+00
        874     17.300     8.2672   3.134062 -9.990e-29     0.0120  0.0970331    88.3944     17.138    29.5837 -9.990e-29 0.0000e+00
        875     17.305     8.2719   3.134203 -9.990e-29     0.0121  0.0970696    88.6302     17.143    29.5812 -9.990e-29 0.0000e+00
        876     17.309     8.2764   3.134340 -9.990e-29     0.0122  0.0971088    88.8635     17.147    29.5788 -9.990e-29 0.0000e+00
        877     17.313     8.2807   3.134470 -9.990e-29     0.0123  0.0971507    89.0915     17.151    29.5766 -9.990e-29 0.0000e+00
        878     17.317     8.2847   3.134597 -9.990e-29     0.0124  0.0971958    89.3113     17.155    29.5745 -9.990e-29 0.0000e+00
        879     17.321     8.2884   3.134718 -9.990e-29     0.0124  0.0972443    89.5206     17.159    29.5727 -9.990e-29 0.0000e+00
        880     17.324     8.2919   3.134834 -9.990e-29     0.0125  0.0972967    89.7184     17.162    29.5710 -9.990e-29 0.0000e+00
        881     17.327     8.2951   3.134947 -9.990e-29     0.0126  0.0973531    89.9042     17.165    29.5695 -9.990e-29 0.0000e+00
        882     17.330     8.2980   3.135055 -9.990e-29     0.0127  0.0974142    90.0777     17.168    29.5681 -9.990e-29 0.0000e+00
        883     17.333     8.3006   3.135159 -9.990e-29     0.0128  0.0974802    90.2384     17.171    29.5670 -9.990e-29 -9.990e-29
        884     17.335     8.3030   3.135260 -9.990e-29     0.0129  0.0975516    90.3861     17.173    29.5661 -9.990e-29 -9.990e-29
        885     17.337     8.3052   3.135357 -9.990e-29     0.0131  0.0976273    90.5206     17.175    29.5652 -9.990e-29 -9.990e-29
        886     17.339     8.3072   3.135451 -9.990e-29     0.0132  0.0977026    90.6422     17.177    29.5645 -9.990e-29 -9.990e-29
        887     17.341     8.3091   3.135541 -9.990e-29     0.0133  0.0977730    90.7511     17.179    29.5639 -9.990e-29 -9.990e-29
        888     17.343     8.3109   3.135630 -9.990e-29     0.0134  0.0978373    90.8480     17.181    29.5633 -9.990e-29 -9.990e-29
        889     17.344     8.3125   3.135713 -9.990e-29     0.0134  0.0978959    90.9337     17.182    29.5628 -9.990e-29 -9.990e-29
        890     17.345     8.3140   3.135795 -9.990e-29     0.0135  0.0979492    91.0093     17.183    29.5624 -9.990e-29 -9.990e-29
        891     17.346     8.3153   3.135874 -9.990e-29     0.0136  0.0979976    91.0756     17.184    29.5621 -9.990e-29 -9.990e-29
        892     17.347     8.3164   3.135950 -9.990e-29     0.0137  0.0980415    91.1333     17.185    29.5620 -9.990e-29 -9.990e-29
        893     17.348     8.3173   3.136022 -9.990e-29     0.0137  0.0980811    91.1833     17.186    29.5620 -9.990e-29 -9.990e-29
        894     17.349     8.3180   3.136093 -9.990e-29     0.0138  0.0981168    91.2265     17.187    29.5622 -9.990e-29 -9.990e-29
        895     17.349     8.3185   3.136160 -9.990e-29     0.0138  0.0981487    91.2643     17.187    29.5624 -9.990e-29 -9.990e-29
        896     17.350     8.3187   3.136224 -9.990e-29     0.0139  0.0981771    91.2982     17.188    29.5629 -9.990e-29 -9.990e-29
        897     17.351     8.3186   3.136285 -9.990e-29     0.0139  0.0982022    91.3292     17.189    29.5637 -9.990e-29 -9.990e-29
        898     17.351     8.3181   3.136343 -9.990e-29     0.0140  0.0982241    91.3579     17.189    29.5647 -9.990e-29 -9.990e-29
        899     17.351     8.3172   3.136396 -9.990e-29     0.0140  0.0982431    91.3847     17.189    29.5660 -9.990e-29 -9.990e-29
        900     17.352     8.3160   3.136447 -9.990e-29     0.0141  0.0982592    91.4097     17.190    29.5675 -9.990e-29 -9.990e-29
        901     17.352     8.3146   3.136495 -9.990e-29     0.0141  0.0982726    91.4329     17.190    29.5692 -9.990e-29 -9.990e-29
        902     17.352     8.3133   3.136541 -9.990e-29     0.0141  0.0982833    91.4544     17.190    29.5708 -9.990e-29 -9.990e-29
        903     17.353     8.3122   3.136587 -9.990e-29     0.0141  0.0982915    91.4741     17.191    29.5722 -9.990e-29 -9.990e-29
        904     17.353     8.3112   3.136630 -9.990e-29     0.0142  0.0982971    91.4920     17.191    29.5735 -9.990e-29 -9.990e-29
        905     17.353     8.3103   3.136674 -9.990e-29     0.0142  0.0983003    91.5079     17.191    29.5747 -9.990e-29 -9.990e-29
        906     17.353     8.3097   3.136716 -9.990e-29     0.0142  0.0983010    91.5220     17.191    29.5756 -9.990e-29 -9.990e-29
        907     17.353     8.3093   3.136759 -9.990e-29     0.0142  0.0982992    91.5339     17.191    29.5764 -9.990e-29 -9.990e-29
        908     17.353     8.3092   3.136801 -9.990e-29     0.0142  0.0982950    91.5438     17.191    29.5769 -9.990e-29 -9.990e-29
        909     17.353     8.3094   3.136843 -9.990e-29     0.0143  0.0982883    91.5516     17.191    29.5772 -9.990e-29 -9.990e-29
        910     17.353     8.3097   3.136885 -9.990e-29     0.0143  0.0982799    91.5578     17.191    29.5774 -9.990e-29 -9.990e-29
        911     17.353     8.3100   3.136925 -9.990e-29     0.0143  0.0982715    91.5625     17.191    29.5775 -9.990e-29 -9.990e-29
        912     17.353     8.3101   3.136964 -9.990e-29     0.0143  0.0982638    91.5663     17.191    29.5779 -9.990e-29 -9.990e-29
        913     17.353     8.3102   3.137003 -9.990e-29     0.0143  0.0982568    91.5697     17.191    29.5782 -9.990e-29 -9.990e-29
        914     17.353     8.3102   3.137042 -9.990e-29     0.0143  0.0982504    91.5728     17.191    29.5786 -9.990e-29 -9.990e-29
        915     17.353     8.3103   3.137081 -9.990e-29     0.0143  0.0982447    91.5753     17.191    29.5789 -9.990e-29 -9.990e-29
        916     17.353     8.3104   3.137119 -9.990e-29     0.0143  0.0982395    91.5771     17.191    29.5792 -9.990e-29 -9.990e-29
        917     17.353     8.3104   3.137158 -9.990e-29     0.0143  0.0982348    91.5785     17.191    29.5796 -9.990e-29 -9.990e-29
        918     17.353 -9.990e-29   3.144855 -9.990e-29     0.0144  0.0982306    91.5797     17.191 -9.990e-29 -9.990e-29 -9.990e-29
        919     17.352 -9.990e-29   3.144854 -9.990e-29     0.0144  0.0982268    91.5808     17.190 -9.990e-29 -9.990e-29 -9.990e-29
        920     17.352 -9.990e-29   3.144853 -9.990e-29     0.0144  0.0982235    91.5817     17.190 -9.990e-29 -9.990e-29 -9.990e-29
        921     17.352 -9.990e-29   3.144852 -9.990e-29     0.0144  0.0982206    91.5824     17.190 -9.990e-29 -9.990e-29 -9.990e-29
        922     17.352 -9.990e-29   3.144852 -9.990e-29     0.0144  0.0982181    91.5830     17.190 -9.990e-29 -9.990e-29 -9.990e-29
        923     17.352 -9.990e-29   3.144852 -9.990e-29     0.0144  0.0982159    91.5834     17.190 -9.990e-29 -9.990e-29 -9.990e-29
        924     17.351 -9.990e-29   3.144852 -9.990e-29     0.0144  0.0982141    91.5834     17.189 -9.990e-29 -9.990e-29 -9.990e-29
        925     17.351 -9.990e-29   3.144852 -9.990e-29     0.0144  0.0982127    91.5829     17.189 -9.990e-29 -9.990e-29 -9.990e-29
        926     17.351 -9.990e-29   3.144851 -9.990e-29     0.0144  0.0982115    91.5822     17.189 -9.990e-29 -9.990e-29 -9.990e-29
        927     17.350 -9.990e-29   3.144850 -9.990e-29     0.0144  0.0982107    91.5814     17.188 -9.990e-29 -9.990e-29 -9.990e-29
        928     17.350 -9.990e-29   3.144850 -9.990e-29     0.0144  0.0982103    91.5806     17.188 -9.990e-29 -9.990e-29 -9.990e-29
        929     17.350 -9.990e-29   3.144850 -9.990e-29     0.0144  0.0982101    91.5803     17.188 -9.990e-29 -9.990e-29 -9.990e-29
