data/2022/thursday_data/Station B3.cnv
* Sea-Bird SBE 9 Data File:
* FileName = C:\Users\ctd-user\Desktop\CTD data\MAR440 Sept 2022\Day2\Station B3.hex
* Software Version Seasave V 7.26.2.13
* Temperature SN = 4493
* Conductivity SN = 1899
* Number of Bytes Per Scan = 37
* Number of Voltage Words = 4
* Number of Scans Averaged by the Deck Unit = 1
* NMEA Latitude = 58 19.79 N
* NMEA Longitude = 011 51.99 E
* NMEA UTC (Time) = Sep 08 2022 10:22:31
* NMEA baud rate = 4800
** Ship:
** Station:
** Operator:
# nquan = 12                                
# nvalues = 2701                        
# units = specified
# name 0 = scan: Scan Count
# name 1 = prDM: Pressure, Digiquartz [db]
# name 2 = t090C: Temperature [ITS-90, deg C]
# name 3 = c0S/m: Conductivity [S/m]
# name 4 = sbeox0V: Oxygen raw, SBE 43 [V]
# name 5 = flECO-AFL: Fluorescence, WET Labs ECO-AFL/FL [mg/m^3]
# name 6 = upoly0: Upoly 0, Turbidity
# name 7 = xmiss: Beam Transmission, Chelsea/Seatech [%]
# name 8 = depSM: Depth [salt water, m], lat = 58.3298
# name 9 = sal00: Salinity, Practical [PSU]
# name 10 = sbeox0ML/L: Oxygen, SBE 43 [ml/l], WS = 2
# name 11 = flag: flag
# span 0 =          1,       2701       
# span 1 =      1.478,     45.543       
# span 2 =     8.0795,    18.5008       
# span 3 =   3.103419,   3.394416       
# span 4 =     0.5558,     2.6883       
# span 5 =     0.0052,     0.0458       
# span 6 =  0.0939894,  0.1070858       
# span 7 =    71.6920,    95.6057       
# span 8 =      1.464,     45.115       
# span 9 =    23.7478,    32.0367       
# span 10 =     0.1440,     5.3571      
# span 11 = 0.0000e+00, 0.0000e+00      
# interval = seconds: 0.0416667
# start_time = Sep 08 2022 10:22:31 [NMEA time, header]
# bad_flag = -9.990e-29
*END*
[from data line 2286]
       2287     39.225     8.5691   3.393499     0.5624     0.0149  0.0947854    93.6075     38.857    32.0226     0.1603 0.0000e+00
       2288     39.248     8.5691   3.393505     0.5624     0.0149  0.0947888    93.6164     38.880    32.0227     0.1603 0.0000e+00
       2289     39.270     8.5691   3.393511     0.5623     0.0149  0.0947925    93.6274     38.901    32.0227     0.1601 0.0000e+00
       2290     39.292     8.5691   3.393516     0.5623     0.0149  0.0947965    93.6398     38.923    32.0228     0.1601 0.0000e+00
       2291     39.314     8.5691   3.393523     0.5623     0.0149  0.0948009    93.6529     38.945    32.0228     0.1602 0.0000e+00
       2292     39.337     8.5691   3.393528     0.5622     0.0149  0.0948057    93.6658     38.968    32.0229     0.1600 0.0000e+00
       2293     39.359     8.5691   3.393533     0.5622     0.0149  0.0948109    93.6779     38.989    32.0229     0.1601 0.0000e+00
       2294     39.381     8.5690   3.393539     0.5622     0.0149  0.0948165    93.6890     39.011    32.0231     0.1602 0.0000e+00
       2295     39.403     8.5690   3.393545     0.5621     0.0149  0.0948227    93.6994     39.033    32.0231     0.1600 0.0000e+00
       2296     39.426     8.5690   3.393550     0.5621     0.0149  0.0948294    93.7091     39.056    32.0232     0.1601 0.0000e+00
       2297     39.448     8.5690   3.393555     0.5621     0.0149  0.0948366    93.7183     39.078    32.0232     0.1601 0.0000e+00
       2298     39.470     8.5690   3.393561     0.5621     0.0149  0.0948445    93.7274     39.099    32.0232     0.1602 0.0000e+00
       2299     39.492     8.5690   3.393565     0.5620     0.0148  0.0948530    93.7363     39.121    32.0233     0.1600 0.0000e+00
       2300     39.514     8.5689   3.393570     0.5620     0.0148  0.0948624    93.7453     39.143    32.0234     0.1600 0.0000e+00
       2301     39.537     8.5689   3.393575     0.5620     0.0148  0.0948725    93.7542     39.166    32.0235     0.1601 0.0000e+00
       2302     39.559     8.5689   3.393580     0.5620     0.0148  0.0948835    93.7629     39.188    32.0235     0.1602 0.0000e+00
       2303     39.581     8.5689   3.393586     0.5620     0.0148  0.0948954    93.7714     39.209    32.0236     0.1602 0.0000e+00
       2304     39.603     8.5689   3.393590     0.5619     0.0148  0.0949084    93.7796     39.231    32.0236     0.1600 0.0000e+00
       2305     39.625     8.5689   3.393595     0.5619     0.0148  0.0949225    93.7875     39.253    32.0236     0.1600 0.0000e+00
       2306     39.647     8.5688   3.393600     0.5619     0.0148  0.0949379    93.7951     39.275    32.0238     0.1600 0.0000e+00
       2307     39.669     8.5688   3.393605     0.5619     0.0148  0.0949546    93.8023     39.297    32.0238     0.1600 0.0000e+00
       2308     39.691     8.5688   3.393610     0.5619     0.0148  0.0949719    93.8093     39.318    32.0238     0.1600 0.0000e+00
       2309     39.714     8.5688   3.393615     0.5618     0.0148  0.0949882    93.8163     39.341    32.0239     0.1597 0.0000e+00
       2310     39.736     8.5688   3.393620     0.5618     0.0148  0.0950028    93.8232     39.363    32.0239     0.1597 0.0000e+00
       2311     39.758     8.5688   3.393626     0.5618     0.0148  0.0950157    93.8298     39.385    32.0240     0.1597 0.0000e+00
       2312     39.780     8.5688   3.393631     0.5618     0.0148  0.0950272    93.8359     39.406    32.0240     0.1597 0.0000e+00
       2313     39.802     8.5688   3.393635     0.5618     0.0148  0.0950372    93.8411     39.428    32.0241     0.1597 0.0000e+00
       2314     39.824     8.5687   3.393640     0.5618     0.0148  0.0950459    93.8452     39.450    32.0242     0.1597 0.0000e+00
       2315     39.846     8.5687   3.393645     0.5618     0.0148  0.0950532    93.8483     39.472    32.0242     0.1597 0.0000e+00
       2316     39.868     8.5687   3.393651     0.5618     0.0148  0.0950593    93.8502     39.494    32.0243     0.1598 0.0000e+00
       2317     39.890     8.5687   3.393656     0.5618     0.0148  0.0950642    93.8513     39.515    32.0243     0.1598 0.0000e+00
       2318     39.913     8.5687   3.393661     0.5618     0.0148  0.0950678    93.8516     39.538    32.0244     0.1597 0.0000e+00
       2319     39.935     8.5687   3.393667     0.5617     0.0148  0.0950704    93.8514     39.560    32.0244     0.1594 0.0000e+00
       2320     39.957     8.5687   3.393673     0.5617     0.0148  0.0950717    93.8511     39.582    32.0245     0.1594 0.0000e+00
       2321     39.979     8.5687   3.393678     0.5617     0.0148  0.0950720    93.8507     39.604    32.0245     0.1594 0.0000e+00
       2322     40.001     8.5687   3.393683     0.5616     0.0148  0.0950711    93.8503     39.625    32.0246     0.1591 0.0000e+00
       2323     40.023     8.5687   3.393690     0.5616     0.0148  0.0950691    93.8500     39.647    32.0246     0.1591 0.0000e+00
       2324     40.045     8.5687   3.393695     0.5616     0.0148  0.0950659    93.8496     39.669    32.0247     0.1591 0.0000e+00
       2325     40.068     8.5687   3.393700     0.5616     0.0148  0.0950616    93.8489     39.692    32.0247     0.1590 0.0000e+00
       2326     40.090     8.5687   3.393706     0.5615     0.0148  0.0950560    93.8480     39.714    32.0248     0.1587 0.0000e+00
       2327     40.112     8.5687   3.393712     0.5615     0.0148  0.0950492    93.8470     39.735    32.0248     0.1587 0.0000e+00
       2328     40.134     8.5687   3.393718     0.5615     0.0148  0.0950412    93.8463     39.757    32.0249     0.1587 0.0000e+00
       2329     40.156     8.5687   3.393723     0.5614     0.0148  0.0950317    93.8464     39.779    32.0249     0.1584 0.0000e+00
       2330     40.178     8.5687   3.393729     0.5614     0.0148  0.0950209    93.8476     39.801    32.0250     0.1583 0.0000e+00
       2331     40.200     8.5687   3.393735     0.5614     0.0148  0.0950086    93.8495     39.823    32.0250     0.1583 0.0000e+00
       2332     40.223     8.5687   3.393741     0.5613     0.0148  0.0949947    93.8518     39.845    32.0251     0.1581 0.0000e+00
       2333     40.245     8.5687   3.393746     0.5613     0.0148  0.0949800    93.8542     39.867    32.0251     0.1580 0.0000e+00
       2334     40.267     8.5687   3.393752     0.5613     0.0148  0.0949661    93.8564     39.889    32.0252     0.1580 0.0000e+00
       2335     40.289     8.5687   3.393759     0.5613     0.0148  0.0949537    93.8584     39.911    32.0252     0.1580 0.0000e+00
       2336     40.311     8.5687   3.393764     0.5613     0.0148  0.0949428    93.8602     39.932    32.0253     0.1580 0.0000e+00
       2337     40.333     8.5687   3.393770     0.5612     0.0148  0.0949332    93.8619     39.954    32.0253     0.1576 0.0000e+00
       2338     40.355     8.5687   3.393776     0.5612     0.0148  0.0949249    93.8639     39.976    32.0254     0.1576 0.0000e+00
       2339     40.378     8.5687   3.393783     0.5612     0.0148  0.0949179    93.8661     39.999    32.0254     0.1576 0.0000e+00
       2340     40.400     8.5686   3.393788     0.5612     0.0148  0.0949121    93.8687     40.021    32.0256     0.1577 0.0000e+00
       2341     40.422     8.5686   3.393794     0.5612     0.0148  0.0949074    93.8717     40.042    32.0256     0.1577 0.0000e+00
       2342     40.444     8.5686   3.393800     0.5611     0.0148  0.0949038    93.8748     40.064    32.0257     0.1574 0.0000e+00
       2343     40.467     8.5686   3.393806     0.5611     0.0148  0.0949014    93.8779     40.087    32.0257     0.1575 0.0000e+00
       2344     40.489     8.5687   3.393812     0.5611     0.0148  0.0949000    93.8811     40.109    32.0257     0.1575 0.0000e+00
       2345     40.511     8.5687   3.393818     0.5611     0.0148  0.0948997    93.8844     40.131    32.0257     0.1575 0.0000e+00
       2346     40.533     8.5687   3.393824     0.5611     0.0148  0.0949004    93.8877     40.152    32.0258     0.1575 0.0000e+00
       2347     40.556     8.5687   3.393831     0.5611     0.0148  0.0949023    93.8909     40.175    32.0259     0.1575 0.0000e+00
       2348     40.578     8.5687   3.393837     0.5610     0.0148  0.0949052    93.8945     40.197    32.0259     0.1573 0.0000e+00
       2349     40.600     8.5687   3.393843     0.5610     0.0148  0.0949092    93.8986     40.219    32.0260     0.1573 0.0000e+00
       2350     40.622     8.5687   3.393849     0.5610     0.0148  0.0949144    93.9032     40.240    32.0260     0.1573 0.0000e+00
       2351     40.645     8.5687   3.393856     0.5610     0.0148  0.0949208    93.9083     40.263    32.0261     0.1573 0.0000e+00
       2352     40.667     8.5687   3.393862     0.5609     0.0148  0.0949283    93.9139     40.285    32.0261     0.1570 0.0000e+00
       2353     40.690     8.5687   3.393869     0.5609     0.0148  0.0949371    93.9196     40.308    32.0262     0.1571 0.0000e+00
       2354     40.712     8.5687   3.393875     0.5609     0.0148  0.0949473    93.9252     40.330    32.0263     0.1570 0.0000e+00
       2355     40.734     8.5687   3.393881     0.5609     0.0148  0.0949588    93.9306     40.351    32.0263     0.1570 0.0000e+00
       2356     40.757     8.5687   3.393888     0.5609     0.0148  0.0949719    93.9358     40.374    32.0264     0.1570 0.0000e+00
       2357     40.779     8.5687   3.393894     0.5608     0.0148  0.0949865    93.9409     40.396    32.0264     0.1566 0.0000e+00
       2358     40.801     8.5686   3.393900     0.5608     0.0149  0.0950027    93.9457     40.418    32.0266     0.1566 0.0000e+00
       2359     40.824     8.5686   3.393906     0.5608     0.0149  0.0950200    93.9501     40.441    32.0266     0.1565 0.0000e+00
       2360     40.846     8.5686   3.393912     0.5608     0.0149  0.0950365    93.9540     40.462    32.0267     0.1564 0.0000e+00
       2361     40.869     8.5686   3.393918     0.5607     0.0149  0.0950517    93.9575     40.485    32.0267     0.1561 0.0000e+00
       2362     40.891     8.5686   3.393925     0.5607     0.0149  0.0950656    93.9605     40.507    32.0268     0.1560 0.0000e+00
       2363     40.913     8.5686   3.393931     0.5607     0.0149  0.0950784    93.9626     40.529    32.0268     0.1560 0.0000e+00
       2364     40.936     8.5685   3.393937     0.5607     0.0149  0.0950901    93.9638     40.552    32.0270     0.1559 0.0000e+00
       2365     40.958     8.5685   3.393943     0.5606     0.0149  0.0951007    93.9638     40.573    32.0270     0.1555 0.0000e+00
       2366     40.981     8.5685   3.393948     0.5606     0.0149  0.0951104    93.9630     40.596    32.0271     0.1555 0.0000e+00
       2367     41.003     8.5685   3.393954     0.5606     0.0149  0.0951193    93.9616     40.618    32.0271     0.1554 0.0000e+00
       2368     41.025     8.5684   3.393960     0.5606     0.0149  0.0951274    93.9600     40.640    32.0273     0.1553 0.0000e+00
       2369     41.048     8.5684   3.393965     0.5606     0.0149  0.0951347    93.9586     40.662    32.0273     0.1552 0.0000e+00
       2370     41.070     8.5684   3.393972     0.5605     0.0149  0.0951413    93.9579     40.684    32.0274     0.1548 0.0000e+00
       2371     41.092     8.5684   3.393977     0.5605     0.0149  0.0951473    93.9581     40.706    32.0274     0.1548 0.0000e+00
       2372     41.115     8.5683   3.393982     0.5605     0.0149  0.0951527    93.9592     40.729    32.0276     0.1547 0.0000e+00
       2373     41.137     8.5683   3.393987     0.5605     0.0149  0.0951575    93.9609     40.751    32.0276     0.1546 0.0000e+00
       2374     41.159     8.5683   3.393993     0.5604     0.0149  0.0951618    93.9629     40.772    32.0277     0.1543 0.0000e+00
       2375     41.182     8.5682   3.393998     0.5604     0.0149  0.0951655    93.9653     40.795    32.0278     0.1542 0.0000e+00
       2376     41.204     8.5682   3.394003     0.5604     0.0149  0.0951688    93.9679     40.817    32.0278     0.1541 0.0000e+00
       2377     41.226     8.5682   3.394008     0.5604     0.0149  0.0951717    93.9705     40.839    32.0279     0.1541 0.0000e+00
       2378     41.248     8.5681   3.394012     0.5603     0.0149  0.0951741    93.9729     40.861    32.0280     0.1537 0.0000e+00
       2379     41.271     8.5681   3.394017     0.5603     0.0149  0.0951760    93.9747     40.883    32.0280     0.1537 0.0000e+00
       2380     41.293     8.5680   3.394022     0.5602     0.0149  0.0951776    93.9759     40.905    32.0282     0.1534 0.0000e+00
       2381     41.315     8.5680   3.394026     0.5602     0.0149  0.0951788    93.9762     40.927    32.0282     0.1534 0.0000e+00
       2382     41.338     8.5680   3.394032     0.5602     0.0149  0.0951796    93.9760     40.950    32.0283     0.1534 0.0000e+00
       2383     41.360     8.5679   3.394036     0.5601     0.0149  0.0951800    93.9758     40.971    32.0284     0.1531 0.0000e+00
       2384     41.382     8.5679   3.394041     0.5601     0.0149  0.0951800    93.9764     40.993    32.0284     0.1531 0.0000e+00
       2385     41.404     8.5678   3.394045     0.5601     0.0149  0.0951796    93.9784     41.015    32.0285     0.1532 0.0000e+00
       2386     41.427     8.5678   3.394049     0.5600     0.0150  0.0951789    93.9813     41.038    32.0286     0.1529 0.0000e+00
       2387     41.449     8.5678   3.394053     0.5600     0.0150  0.0951778    93.9846     41.060    32.0286     0.1529 0.0000e+00
       2388     41.471     8.5677   3.394057     0.5599     0.0150  0.0951763    93.9880     41.081    32.0287     0.1527 0.0000e+00
       2389     41.494     8.5677   3.394061     0.5599     0.0150  0.0951744    93.9913     41.104    32.0288     0.1528 0.0000e+00
       2390     41.516     8.5676   3.394065     0.5599     0.0150  0.0951720    93.9947     41.126    32.0289     0.1528 0.0000e+00
       2391     41.538     8.5676   3.394069     0.5598     0.0150  0.0951693    93.9982     41.148    32.0289     0.1525 0.0000e+00
       2392     41.561     8.5676   3.394072     0.5598     0.0150  0.0951661    94.0018     41.171    32.0289     0.1526 0.0000e+00
       2393     41.583     8.5675   3.394076     0.5598     0.0150  0.0951624    94.0055     41.192    32.0291     0.1527 0.0000e+00
       2394     41.605     8.5675   3.394080     0.5597     0.0150  0.0951582    94.0091     41.214    32.0291     0.1525 0.0000e+00
       2395     41.628     8.5675   3.394085     0.5597     0.0150  0.0951534    94.0127     41.237    32.0291     0.1526 0.0000e+00
       2396     41.650     8.5674   3.394087     0.5596     0.0150  0.0951482    94.0162     41.259    32.0292     0.1524 0.0000e+00
       2397     41.672     8.5674   3.394092     0.5596     0.0150  0.0951423    94.0194     41.281    32.0293     0.1525 0.0000e+00
       2398     41.694     8.5674   3.394096     0.5596     0.0150  0.0951357    94.0226     41.302    32.0293     0.1526 0.0000e+00
       2399     41.717     8.5673   3.394099     0.5596     0.0150  0.0951285    94.0260     41.325    32.0294     0.1527 0.0000e+00
       2400     41.739     8.5673   3.394103     0.5595     0.0150  0.0951206    94.0295     41.347    32.0295     0.1525 0.0000e+00
       2401     41.761     8.5673   3.394107     0.5595     0.0150  0.0951118    94.0327     41.369    32.0295     0.1526 0.0000e+00
       2402     41.784     8.5672   3.394110     0.5595     0.0150  0.0951022    94.0355     41.391    32.0296     0.1527 0.0000e+00
       2403     41.806     8.5672   3.394114     0.5595     0.0150  0.0950917    94.0378     41.413    32.0296     0.1528 0.0000e+00
       2404     41.828     8.5672   3.394117     0.5595     0.0150  0.0950802    94.0394     41.435    32.0296     0.1528 0.0000e+00
       2405     41.851     8.5671   3.394121     0.5595     0.0150  0.0950676    94.0402     41.458    32.0298     0.1529 0.0000e+00
       2406     41.873     8.5671   3.394124     0.5595     0.0150  0.0950539    94.0401     41.480    32.0298     0.1530 0.0000e+00
