data/2022/thursday_data/Station B1.cnv
* Sea-Bird SBE 9 Data File:
* FileName = C:\Users\ctd-user\Desktop\CTD data\MAR440 Sept 2022\Day2\Station B1.hex
* Software Version Seasave V 7.26.2.13
* Temperature SN = 4493
* Conductivity SN = 1899
* Number of Bytes Per Scan = 37
* Number of Voltage Words = 4
* Number of Scans Averaged by the Deck Unit = 1
* NMEA Latitude = 58 20.24 N
* NMEA Longitude = 011 54.01 E
* NMEA UTC (Time) = Sep 08 2022 08:31:21
* NMEA baud rate = 4800
** Ship:
** Station:
** Operator:
# nquan = 12                                
# nvalues = 2529                        
# units = specified
# name 0 = scan: Scan Count
# name 1 = prDM: Pressure, Digiquartz [db]
# name 2 = t090C: Temperature [ITS-90, deg C]
# name 3 = c0S/m: Conductivity [S/m]
# name 4 = sbeox0V: Oxygen raw, SBE 43 [V]
# name 5 = flECO-AFL: Fluorescence, WET Labs ECO-AFL/FL [mg/m^3]
# name 6 = upoly0: Upoly 0, Turbidity
# name 7 = xmiss: Beam Transmission, Chelsea/Seatech [%]
# name 8 = depSM: Depth [salt water, m], lat = 58.3373
# name 9 = sal00: Salinity, Practical [PSU]
# name 10 = sbeox0ML/L: Oxygen, SBE 43 [ml/l], WS = 2
# name 11 = flag: flag
# span 0 =          1,       2529       
# span 1 =      1.287,     39.288       
# span 2 =     8.0537,    18.6990       
# span 3 =   3.112756,   3.392360       
# span 4 =     0.5507,     2.5716       
# span 5 =     0.0061,     0.0404       
# span 6 =  0.0944248,  0.1084624       
# span 7 =    66.9286,    93.6997       
# span 8 =      1.275,     38.919       
# span 9 =    23.8737,    32.0166       
# span 10 =     0.1287,     5.0496      
# span 11 = 0.0000e+00, 0.0000e+00      
# interval = seconds: 0.0416667
# start_time = Sep 08 2022 08:31:21 [NMEA time, header]
# bad_flag = -9.990e-29
*END*
[from data line 121]
        122      1.311    18.5174   3.292845     2.5595     0.0238  0.0980210    85.9974      1.299    23.8879     5.0167 -9.990e-29
        123      1.312    18.5175   3.292840     2.5595     0.0238  0.0980146    85.9881      1.300    23.8878     5.0167 -9.990e-29
        124      1.313    18.5175   3.292836     2.5594     0.0238  0.0980105    85.9780      1.301    23.8877     5.0164 -9.990e-29
        125      1.313    18.5176   3.292834     2.5594     0.0238  0.0980088    85.9672      1.301    23.8877     5.0165 -9.990e-29
        126      1.314    18.5177   3.292831     2.5594     0.0238  0.0980094    85.9564      1.302    23.8876     5.0165 -9.990e-29
        127      1.314    18.5178   3.292829     2.5594     0.0238  0.0980122    85.9469      1.302    23.8875     5.0165 -9.990e-29
        128      1.315    18.5179   3.292827     2.5594     0.0238  0.0980175    85.9398      1.303    23.8874     5.0166 -9.990e-29
        129      1.315    18.5180   3.292826     2.5594     0.0238  0.0980251    85.9356      1.303    23.8874     5.0166 -9.990e-29
        130      1.315    18.5182   3.292826     2.5594     0.0238  0.0980351    85.9341      1.303    23.8873     5.0167 -9.990e-29
        131      1.316    18.5183   3.292825     2.5594     0.0238  0.0980476    85.9342      1.304    23.8872     5.0168 -9.990e-29
        132      1.316    18.5184   3.292827     2.5594     0.0238  0.0980627    85.9350      1.304    23.8871     5.0170 -9.990e-29
        133      1.316    18.5185   3.292828     2.5594     0.0238  0.0980805    85.9357      1.304    23.8871     5.0171 -9.990e-29
        134      1.317    18.5187   3.292831     2.5594     0.0238  0.0981010    85.9365      1.305    23.8870     5.0173 -9.990e-29
        135      1.317    18.5188   3.292835     2.5593     0.0238  0.0981246    85.9375      1.305    23.8870     5.0172 -9.990e-29
        136      1.317    18.5189   3.292839     2.5593     0.0238  0.0981513    85.9393      1.305    23.8870     5.0174 -9.990e-29
        137      1.317    18.5190   3.292845     2.5593     0.0238  0.0981812    85.9424      1.305    23.8869     5.0176 -9.990e-29
        138      1.318    18.5191   3.292850     2.5593     0.0239  0.0982147    85.9471      1.306    23.8869     5.0178 -9.990e-29
        139      1.318    18.5193   3.292857     2.5593     0.0239  0.0982519    85.9532      1.306    23.8869     5.0180 -9.990e-29
        140      1.318    18.5194   3.292863     2.5594     0.0239  0.0982932    85.9599      1.306    23.8869     5.0185 -9.990e-29
        141      1.318    18.5195   3.292870     2.5594     0.0239  0.0983387    85.9669      1.306    23.8869     5.0188 -9.990e-29
        142      1.318    18.5196   3.292877     2.5594     0.0239  0.0983888    85.9739      1.306    23.8869     5.0190 -9.990e-29
        143      1.318    18.5197   3.292884     2.5595     0.0239  0.0984439    85.9813      1.306    23.8869     5.0195 -9.990e-29
        144      1.319    18.5198   3.292891     2.5595     0.0240  0.0985043    85.9890      1.307    23.8869     5.0198 -9.990e-29
        145      1.319    18.5199   3.292898     2.5596     0.0240  0.0985688    85.9972      1.307    23.8868     5.0204 -9.990e-29
        146      1.319    18.5200   3.292905     2.5596     0.0240  0.0986327    86.0056      1.307    23.8868     5.0207 -9.990e-29
        147      1.319    18.5201   3.292912     2.5597     0.0240  0.0986913    86.0142      1.307    23.8868     5.0212 -9.990e-29
        148      1.319    18.5202   3.292918     2.5597     0.0241  0.0987434    86.0231      1.307    23.8868     5.0215 -9.990e-29
        149      1.320    18.5203   3.292925     2.5598     0.0241  0.0987894    86.0320      1.308    23.8868     5.0220 -9.990e-29
        150      1.320    18.5203   3.292930     2.5598     0.0241  0.0988295    86.0406      1.308    23.8869     5.0223 -9.990e-29
        151      1.320    18.5204   3.292935     2.5599     0.0241  0.0988640    86.0482      1.308    23.8869     5.0228 -9.990e-29
        152      1.320    18.5204   3.292940     2.5600     0.0241  0.0988933    86.0548      1.308    23.8869     5.0234 -9.990e-29
        153      1.320    18.5204   3.292944     2.5601     0.0241  0.0989173    86.0601      1.308    23.8869     5.0239 -9.990e-29
        154      1.320    18.5204   3.292948     2.5602     0.0241  0.0989365    86.0641      1.308    23.8870     5.0244 -9.990e-29
        155      1.321    18.5204   3.292951     2.5603     0.0241  0.0989508    86.0668      1.309    23.8870     5.0249 -9.990e-29
        156      1.321    18.5204   3.292955     2.5604     0.0242  0.0989604    86.0685      1.309    23.8870     5.0254 -9.990e-29
        157      1.321    18.5204   3.292958     2.5605     0.0242  0.0989653    86.0696      1.309    23.8870     5.0259 -9.990e-29
        158      1.321    18.5203   3.292960     2.5606     0.0242  0.0989656    86.0705      1.309    23.8871     5.0264 -9.990e-29
        159      1.321    18.5203   3.292962     2.5606     0.0242  0.0989613    86.0713      1.309    23.8871     5.0266 -9.990e-29
        160      1.322    18.5203   3.292964     2.5607     0.0242  0.0989523    86.0724      1.310    23.8871     5.0271 -9.990e-29
        161      1.322    18.5202   3.292965     2.5608     0.0241  0.0989386    86.0743      1.310    23.8872     5.0275 -9.990e-29
        162      1.322    18.5202   3.292965     2.5609     0.0241  0.0989201    86.0771      1.310    23.8872     5.0279 -9.990e-29
        163      1.322    18.5201   3.292964     2.5610     0.0241  0.0988967    86.0807      1.310    23.8873     5.0283 -9.990e-29
        164      1.322    18.5201   3.292964     2.5611     0.0241  0.0988681    86.0848      1.310    23.8873     5.0287 -9.990e-29
        165      1.322    18.5200   3.292961     2.5612     0.0241  0.0988343    86.0889      1.310    23.8873     5.0291 -9.990e-29
        166      1.322    18.5200   3.292959     2.5613     0.0241  0.0987949    86.0928      1.310    23.8873     5.0294 -9.990e-29
        167      1.322    18.5199   3.292956     2.5614     0.0241  0.0987497    86.0961      1.310    23.8873     5.0298 -9.990e-29
        168      1.322    18.5199   3.292952     2.5616     0.0241  0.0986984    86.0991      1.310    23.8873     5.0304 -9.990e-29
        169      1.322    18.5199   3.292947     2.5617     0.0241  0.0986406    86.1023      1.310    23.8872     5.0307 -9.990e-29
        170      1.322    18.5199   3.292942     2.5618     0.0240  0.0985768    86.1060      1.310    23.8872     5.0310 -9.990e-29
        171      1.322    18.5199   3.292936     2.5619     0.0240  0.0985099    86.1101      1.310    23.8872     5.0313 -9.990e-29
        172      1.322    18.5199   3.292931     2.5620     0.0240  0.0984445    86.1143      1.310    23.8871     5.0316 -9.990e-29
        173      1.322    18.5199   3.292925     2.5621     0.0240  0.0983836    86.1186      1.310    23.8871     5.0319 -9.990e-29
        174      1.322    18.5199   3.292919     2.5622     0.0240  0.0983277    86.1229      1.310    23.8870     5.0322 -9.990e-29
        175      1.322    18.5199   3.292913     2.5623     0.0240  0.0982763    86.1270      1.310    23.8870     5.0324 -9.990e-29
        176      1.322    18.5199   3.292907     2.5625     0.0240  0.0982291    86.1305      1.310    23.8869     5.0329 -9.990e-29
        177      1.322    18.5199   3.292900     2.5626     0.0239  0.0981857    86.1332      1.310    23.8869     5.0332 -9.990e-29
        178      1.322    18.5199   3.292895     2.5627     0.0239  0.0981458    86.1351      1.310    23.8868     5.0334 -9.990e-29
        179      1.322    18.5200   3.292889     2.5628     0.0239  0.0981093    86.1361      1.310    23.8867     5.0337 -9.990e-29
        180      1.321    18.5200   3.292883     2.5629     0.0239  0.0980757    86.1363      1.309    23.8867     5.0339 -9.990e-29
        181      1.321    18.5200   3.292877     2.5630     0.0239  0.0980449    86.1354      1.309    23.8866     5.0342 -9.990e-29
        182      1.321    18.5200   3.292870     2.5631     0.0239  0.0980167    86.1331      1.309    23.8866     5.0344 -9.990e-29
        183      1.321    18.5200   3.292864     2.5632     0.0239  0.0979908    86.1291      1.309    23.8865     5.0347 -9.990e-29
        184      1.320    18.5200   3.292857     2.5633     0.0239  0.0979671    86.1237      1.308    23.8865     5.0349 -9.990e-29
        185      1.320    18.5200   3.292850     2.5634     0.0239  0.0979455    86.1173      1.308    23.8864     5.0351 -9.990e-29
        186      1.320    18.5200   3.292843     2.5635     0.0239  0.0979257    86.1101      1.308    23.8864     5.0353 -9.990e-29
        187      1.320    18.5199   3.292835     2.5636     0.0239  0.0979076    86.1021      1.308    23.8863     5.0355 -9.990e-29
        188      1.319    18.5199   3.292827     2.5637     0.0239  0.0978912    86.0933      1.307    23.8863     5.0357 -9.990e-29
        189      1.319    18.5198   3.292819     2.5638     0.0239  0.0978762    86.0844      1.307    23.8863     5.0359 -9.990e-29
        190      1.319    18.5197   3.292810     2.5639     0.0239  0.0978627    86.0761      1.307    23.8863     5.0361 -9.990e-29
        191      1.319    18.5196   3.292801     2.5640     0.0239  0.0978504    86.0694      1.307    23.8862     5.0363 -9.990e-29
        192      1.318    18.5195   3.292791     2.5641     0.0239  0.0978394    86.0646      1.306    23.8862     5.0365 -9.990e-29
        193      1.318    18.5194   3.292780     2.5642     0.0239  0.0978295    86.0619      1.306    23.8862     5.0366 -9.990e-29
        194      1.318    18.5193   3.292769     2.5643     0.0239  0.0978206    86.0612      1.306    23.8862     5.0368 -9.990e-29
        195      1.317    18.5192   3.292758     2.5644     0.0239  0.0978128    86.0618      1.305    23.8861     5.0370 -9.990e-29
        196      1.317    18.5191   3.292745     2.5645     0.0239  0.0978059    86.0633      1.305    23.8861     5.0372 -9.990e-29
        197      1.316    18.5190   3.292733     2.5646     0.0239  0.0977999    86.0651      1.304    23.8860     5.0373 -9.990e-29
        198      1.316    18.5189   3.292720     2.5647     0.0239  0.0977947    86.0668      1.304    23.8860     5.0374 -9.990e-29
        199      1.315    18.5188   3.292705     2.5648     0.0239  0.0977904    86.0678      1.303    23.8859     5.0376 -9.990e-29
        200      1.315    18.5187   3.292691     2.5649     0.0239  0.0977869    86.0679      1.303    23.8859     5.0377 -9.990e-29
        201      1.314    18.5186   3.292676     2.5650     0.0239  0.0977842    86.0669      1.302    23.8858     5.0378 -9.990e-29
        202      1.314    18.5185   3.292660     2.5651     0.0239  0.0977822    86.0651      1.302    23.8858     5.0379 -9.990e-29
        203      1.314    18.5184   3.292644     2.5652     0.0239  0.0977809    86.0629      1.302    23.8857     5.0381 -9.990e-29
        204      1.313    18.5183   3.292628     2.5653     0.0239  0.0977803    86.0609      1.301    23.8856     5.0382 -9.990e-29
        205      1.313    18.5182   3.292611     2.5654     0.0239  0.0977805    86.0594      1.301    23.8855     5.0383 -9.990e-29
        206      1.313    18.5181   3.292595     2.5655     0.0239  0.0977814    86.0585      1.301    23.8855     5.0384 -9.990e-29
        207      1.312    18.5181   3.292579     2.5656     0.0239  0.0977831    86.0583      1.300    23.8853     5.0384 -9.990e-29
        208      1.312    18.5180   3.292563     2.5657     0.0239  0.0977855    86.0588      1.300    23.8853     5.0385 -9.990e-29
        209      1.312    18.5178   3.292546     2.5658     0.0239  0.0977886    86.0596      1.300    23.8852     5.0386 -9.990e-29
        210      1.311    18.5177   3.292530     2.5659     0.0239  0.0977925    86.0603      1.299    23.8852     5.0387 -9.990e-29
        211      1.311    18.5176   3.292515     2.5659     0.0239  0.0977972    86.0610      1.299    23.8851     5.0384 -9.990e-29
        212      1.310    18.5175   3.292498     2.5660     0.0239  0.0978028    86.0619      1.298    23.8850     5.0385 -9.990e-29
        213      1.310    18.5174   3.292483     2.5661     0.0239  0.0978093    86.0632      1.298    23.8850     5.0385 -9.990e-29
        214      1.309    18.5172   3.292466     2.5662     0.0239  0.0978166    86.0647      1.297    23.8849     5.0385 -9.990e-29
        215      1.309    18.5171   3.292451     2.5662     0.0239  0.0978250    86.0662      1.297    23.8849     5.0383 -9.990e-29
        216      1.309    18.5170   3.292436     2.5663     0.0239  0.0978344    86.0673      1.297    23.8848     5.0383 -9.990e-29
        217      1.309    18.5169   3.292420     2.5663     0.0239  0.0978448    86.0680      1.297    23.8848     5.0380 -9.990e-29
        218      1.308    18.5168   3.292405     2.5664     0.0238  0.0978565    86.0682      1.296    23.8847     5.0380 -9.990e-29
        219      1.308    18.5167   3.292391     2.5664     0.0238  0.0978694    86.0678      1.296    23.8846     5.0377 -9.990e-29
        220      1.307    18.5165   3.292375     2.5665     0.0238  0.0978836    86.0666      1.295    23.8846     5.0377 -9.990e-29
        221      1.307    18.5164   3.292361     2.5665     0.0238  0.0978993    86.0648      1.295    23.8846     5.0374 -9.990e-29
        222      1.306    18.5163   3.292347     2.5666     0.0238  0.0979157    86.0621      1.294    23.8845     5.0373 -9.990e-29
        223      1.306    18.5162   3.292332     2.5666     0.0238  0.0979312    86.0587      1.294    23.8845     5.0370 -9.990e-29
        224      1.305    18.5161   3.292319     2.5666     0.0237  0.0979451    86.0551      1.293    23.8844     5.0367 -9.990e-29
        225      1.305    18.5161   3.292305     2.5667     0.0237  0.0979575    86.0513      1.293    23.8843     5.0366 -9.990e-29
        226      1.305    18.5160   3.292292     2.5667     0.0237  0.0979684    86.0473      1.293    23.8842     5.0363 -9.990e-29
        227      1.304    18.5159   3.292279     2.5667     0.0237  0.0979779    86.0429      1.292    23.8842     5.0360 -9.990e-29
        228      1.304    18.5157   3.292265     2.5668     0.0237  0.0979862    86.0383      1.292    23.8842     5.0359 -9.990e-29
        229      1.303    18.5156   3.292252     2.5668     0.0237  0.0979932    86.0335      1.291    23.8842     5.0356 -9.990e-29
        230      1.303    18.5154   3.292238     2.5668     0.0237  0.0979990    86.0284      1.291    23.8842     5.0353 -9.990e-29
        231      1.303    18.5153   3.292225     2.5668     0.0236  0.0980036    86.0228      1.291    23.8841     5.0350 -9.990e-29
        232      1.302    18.5151   3.292211     2.5668     0.0236  0.0980072    86.0164      1.290    23.8841     5.0348 -9.990e-29
        233      1.302    18.5149   3.292197     2.5669     0.0236  0.0980096    86.0090      1.290    23.8841     5.0348 -9.990e-29
        234      1.301    18.5147   3.292184     2.5669     0.0236  0.0980110    86.0004      1.289    23.8841     5.0346 -9.990e-29
        235      1.301    18.5144   3.292170     2.5668     0.0236  0.0980113    85.9908      1.289    23.8842     5.0341 -9.990e-29
        236      1.300    18.5142   3.292156     2.5668     0.0236  0.0980105    85.9803      1.288    23.8842     5.0339 -9.990e-29
        237      1.300    18.5140   3.292142     2.5668     0.0236  0.0980086    85.9698      1.288    23.8842     5.0337 -9.990e-29
        238      1.299    18.5138   3.292129     2.5668     0.0235  0.0980057    85.9598      1.287    23.8842     5.0336 -9.990e-29
        239      1.298    18.5137   3.292114     2.5668     0.0235  0.0980016    85.9511      1.286    23.8842     5.0335 -9.990e-29
        240      1.298    18.5135   3.292101     2.5668     0.0235  0.0979965    85.9443      1.286    23.8842     5.0334 -9.990e-29
