data/2022/thursday_data/Station B2,1.cnv
* Sea-Bird SBE 9 Data File:
* FileName = C:\Users\ctd-user\Desktop\CTD data\MAR440 Sept 2022\Day2\Station B2,1.hex
* Software Version Seasave V 7.26.2.13
* Temperature SN = 4493
* Conductivity SN = 1899
* Number of Bytes Per Scan = 37
* Number of Voltage Words = 4
* Number of Scans Averaged by the Deck Unit = 1
* NMEA Latitude = 58 19.94 N
* NMEA Longitude = 011 52.60 E
* NMEA UTC (Time) = Sep 08 2022 09:59:02
* NMEA baud rate = 4800
** Ship:
** Station:
** Operator:
# nquan = 12                                
# nvalues = 2801                        
# units = specified
# name 0 = scan: Scan Count
# name 1 = prDM: Pressure, Digiquartz [db]
# name 2 = t090C: Temperature [ITS-90, deg C]
# name 3 = c0S/m: Conductivity [S/m]
# name 4 = sbeox0V: Oxygen raw, SBE 43 [V]
# name 5 = flECO-AFL: Fluorescence, WET Labs ECO-AFL/FL [mg/m^3]
# name 6 = upoly0: Upoly 0, Turbidity
# name 7 = xmiss: Beam Transmission, Chelsea/Seatech [%]
# name 8 = depSM: Depth [salt water, m], lat = 58.3323
# name 9 = sal00: Salinity, Practical [PSU]
# name 10 = sbeox0ML/L: Oxygen, SBE 43 [ml/l], WS = 2
# name 11 = flag: flag
# span 0 =          1,       2801       
# span 1 =      1.923,     45.045       
# span 2 =     8.0632,    18.2546       
# span 3 =   3.113100,   3.394656       
# span 4 =     0.5493,     2.7285       
# span 5 =     0.0067,     0.0421       
# span 6 =  0.0943237,  0.1072028       
# span 7 =    69.4459,    93.9041       
# span 8 =      1.905,     44.621       
# span 9 =    23.7166,    32.0350       
# span 10 =     0.1257,     5.4703      
# span 11 = 0.0000e+00, 0.0000e+00      
# interval = seconds: 0.0416667
# start_time = Sep 08 2022 09:59:02 [NMEA time, header]
# bad_flag = -9.990e-29
*END*
[from data line 2767]
       2768     44.997     8.5726   3.394446 -9.990e-29     0.0151  0.0947555    93.2825     44.574    32.0268 -9.990e-29 -9.990e-29
       2769     44.999     8.5726   3.394444 -9.990e-29     0.0150  0.0947556    93.2805     44.576    32.0268 -9.990e-29 -9.990e-29
       2770     45.002     8.5725   3.394441 -9.990e-29     0.0150  0.0947557    93.2787     44.579    32.0268 -9.990e-29 -9.990e-29
       2771     45.004     8.5725   3.394438 -9.990e-29     0.0150  0.0947559    93.2770     44.581    32.0268 -9.990e-29 -9.990e-29
       2772     45.006     8.5724   3.394436 -9.990e-29     0.0150  0.0947561    93.2751     44.583    32.0269 -9.990e-29 -9.990e-29
       2773     45.008     8.5724   3.394434 -9.990e-29     0.0151  0.0947565    93.2727     44.585    32.0268 -9.990e-29 -9.990e-29
       2774     45.010     8.5724   3.394431 -9.990e-29     0.0151  0.0947569    93.2694     44.587    32.0268 -9.990e-29 -9.990e-29
       2775     45.012     8.5723   3.394428 -9.990e-29     0.0151  0.0947574    93.2649     44.589    32.0269 -9.990e-29 -9.990e-29
       2776     45.015     8.5723   3.394425 -9.990e-29     0.0151  0.0947580    93.2594     44.592    32.0268 -9.990e-29 -9.990e-29
       2777     45.017     8.5723   3.394423 -9.990e-29     0.0151  0.0947586    93.2529     44.594    32.0268 -9.990e-29 -9.990e-29
       2778     45.019     8.5723   3.394420 -9.990e-29     0.0151  0.0947593    93.2456     44.596    32.0268 -9.990e-29 -9.990e-29
       2779     45.020     8.5723   3.394417 -9.990e-29     0.0151  0.0947602    93.2377     44.597    32.0267 -9.990e-29 -9.990e-29
       2780     45.022     8.5722   3.394414 -9.990e-29     0.0151  0.0947611    93.2302     44.599    32.0268 -9.990e-29 -9.990e-29
       2781     45.024     8.5722   3.394411 -9.990e-29     0.0151  0.0947621    93.2239     44.601    32.0268 -9.990e-29 -9.990e-29
       2782     45.026     8.5722   3.394408 -9.990e-29     0.0151  0.0947633    93.2199     44.603    32.0267 -9.990e-29 -9.990e-29
       2783     45.028     8.5723   3.394405 -9.990e-29     0.0151  0.0947646    93.2188     44.605    32.0266 -9.990e-29 -9.990e-29
       2784     45.030     8.5723   3.394402 -9.990e-29     0.0151  0.0947660    93.2210     44.607    32.0266 -9.990e-29 -9.990e-29
       2785     45.032     8.5723   3.394399 -9.990e-29     0.0151  0.0947675    93.2261     44.609    32.0265 -9.990e-29 -9.990e-29
       2786     45.033     8.5723   3.394396 -9.990e-29     0.0151  0.0947683    93.2335     44.610    32.0265 -9.990e-29 -9.990e-29
       2787     45.035     8.5723   3.394393 -9.990e-29     0.0151  0.0947676    93.2426     44.612    32.0265 -9.990e-29 -9.990e-29
       2788     45.036     8.5723   3.394390 -9.990e-29     0.0151  0.0947662    93.2530     44.613    32.0264 -9.990e-29 -9.990e-29
       2789     45.038     8.5723   3.394387 -9.990e-29     0.0151  0.0947649    93.2642     44.615    32.0264 -9.990e-29 -9.990e-29
       2790     45.039 -9.990e-29   3.394384 -9.990e-29     0.0151  0.0947638    93.2756     44.616 -9.990e-29 -9.990e-29 -9.990e-29
       2791     45.040 -9.990e-29   3.394381 -9.990e-29     0.0151  0.0947628    93.2864     44.617 -9.990e-29 -9.990e-29 -9.990e-29
       2792     45.041 -9.990e-29   3.394378 -9.990e-29     0.0151  0.0947619    93.2966     44.618 -9.990e-29 -9.990e-29 -9.990e-29
       2793     45.042 -9.990e-29   3.394375 -9.990e-29     0.0151  0.0947611    93.3058     44.619 -9.990e-29 -9.990e-29 -9.990e-29
       2794     45.043 -9.990e-29   3.394373 -9.990e-29     0.0151  0.0947604    93.3141     44.619 -9.990e-29 -9.990e-29 -9.990e-29
       2795     45.043 -9.990e-29   3.394371 -9.990e-29     0.0151  0.0947598    93.3212     44.619 -9.990e-29 -9.990e-29 -9.990e-29
       2796     45.044 -9.990e-29   3.394369 -9.990e-29     0.0151  0.0947594    93.3274     44.620 -9.990e-29 -9.990e-29 -9.990e-29
       2797     45.044 -9.990e-29   3.394367 -9.990e-29     0.0151  0.0947590    93.3327     44.620 -9.990e-29 -9.990e-29 -9.990e-29
       2798     45.045 -9.990e-29   3.394366 -9.990e-29     0.0151  0.0947587    93.3371     44.621 -9.990e-29 -9.990e-29 -9.990e-29
       2799     45.045 -9.990e-29   3.394364 -9.990e-29     0.0151  0.0947585    93.3403     44.621 -9.990e-29 -9.990e-29 -9.990e-29
       2800     45.045 -9.990e-29   3.394363 -9.990e-29     0.0151  0.0947583    93.3422     44.621 -9.990e-29 -9.990e-29 -9.990e-29
       2801     45.045 -9.990e-29   3.394363 -9.990e-29     0.0151  0.0947583    93.3428     44.621 -9.990e-29 -9.990e-29 -9.990e-29
