data/2022/thursday_data/Station B2.cnv
* Sea-Bird SBE 9 Data File:
* FileName = C:\Users\ctd-user\Desktop\CTD data\MAR440 Sept 2022\Day2\Station B2.hex
* Software Version Seasave V 7.26.2.13
* Temperature SN = 4493
* Conductivity SN = 1899
* Number of Bytes Per Scan = 37
* Number of Voltage Words = 4
* Number of Scans Averaged by the Deck Unit = 1
* NMEA Latitude = 58 19.94 N
* NMEA Longitude = 011 52.61 E
* NMEA UTC (Time) = Sep 08 2022 09:04:53
* NMEA baud rate = 4800
** Ship:
** Station:
** Operator:
# nquan = 12                                
# nvalues = 3269                        
# units = specified
# name 0 = scan: Scan Count
# name 1 = prDM: Pressure, Digiquartz [db]
# name 2 = t090C: Temperature [ITS-90, deg C]
# name 3 = c0S/m: Conductivity [S/m]
# name 4 = sbeox0V: Oxygen raw, SBE 43 [V]
# name 5 = flECO-AFL: Fluorescence, WET Labs ECO-AFL/FL [mg/m^3]
# name 6 = upoly0: Upoly 0, Turbidity
# name 7 = xmiss: Beam Transmission, Chelsea/Seatech [%]
# name 8 = depSM: Depth [salt water, m], lat = 58.3323
# name 9 = sal00: Salinity, Practical [PSU]
# name 10 = sbeox0ML/L: Oxygen, SBE 43 [ml/l], WS = 2
# name 11 = flag: flag
# span 0 =          1,       3269       
# span 1 =      1.594,     44.133       
# span 2 =     8.0628,    18.4788       
# span 3 =   3.110821,   3.394288       
# span 4 =     0.5453,     2.7212       
# span 5 =     0.0071,     0.0412       
# span 6 =  0.0947469,  0.1082364       
# span 7 =    67.8324,    94.0154       
# span 8 =      1.579,     43.718       
# span 9 =    23.7129,    32.0341       
# span 10 =     0.1144,     5.4529      
# span 11 = 0.0000e+00, 0.0000e+00      
# interval = seconds: 0.0416667
# start_time = Sep 08 2022 09:04:53 [NMEA time, header]
# bad_flag = -9.990e-29
*END*
[from data line 3008]
       3009     44.093     8.5785   3.389564     0.5469     0.0151  0.0951889    92.3208     43.679    31.9707     0.1193 -9.990e-29
       3010     44.094     8.5784   3.389517     0.5469     0.0151  0.0951755    92.3199     43.680    31.9703     0.1192 -9.990e-29
       3011     44.094     8.5784   3.389472     0.5468     0.0151  0.0951617    92.3189     43.680    31.9699     0.1189 -9.990e-29
       3012     44.095     8.5784   3.389428     0.5468     0.0151  0.0951475    92.3179     43.681    31.9694     0.1188 -9.990e-29
       3013     44.095     8.5784   3.389385     0.5468     0.0151  0.0951326    92.3168     43.681    31.9690     0.1188 -9.990e-29
       3014     44.096     8.5784   3.389342     0.5468     0.0151  0.0951170    92.3157     43.681    31.9685     0.1187 -9.990e-29
       3015     44.096     8.5785   3.389299     0.5468     0.0151  0.0951006    92.3143     43.681    31.9680     0.1187 -9.990e-29
       3016     44.097     8.5785   3.389257     0.5468     0.0151  0.0950833    92.3128     43.682    31.9675     0.1187 -9.990e-29
       3017     44.098     8.5785   3.389215     0.5467     0.0151  0.0950649    92.3112     43.683    31.9671     0.1184 -9.990e-29
       3018     44.099     8.5785   3.389173     0.5467     0.0151  0.0950453    92.3092     43.684    31.9666     0.1184 -9.990e-29
       3019     44.100     8.5785   3.389132     0.5467     0.0151  0.0950244    92.3069     43.685    31.9662     0.1183 -9.990e-29
       3020     44.101     8.5785   3.389091     0.5467     0.0151  0.0950029    92.3044     43.686    31.9658     0.1183 -9.990e-29
       3021     44.102     8.5785   3.389051     0.5467     0.0151  0.0949824    92.3018     43.687    31.9654     0.1183 -9.990e-29
       3022     44.103     8.5786   3.389011     0.5467     0.0151  0.0949635    92.2993     43.688    31.9649     0.1184 -9.990e-29
       3023     44.104     8.5786   3.388973     0.5467     0.0151  0.0949461    92.2970     43.689    31.9645     0.1184 -9.990e-29
       3024     44.105     8.5786   3.388936     0.5467     0.0151  0.0949301    92.2951     43.690    31.9641     0.1184 -9.990e-29
       3025     44.106     8.5787   3.388901     0.5467     0.0151  0.0949153    92.2933     43.691    31.9636     0.1185 -9.990e-29
       3026     44.107     8.5787   3.388866     0.5467     0.0151  0.0949018    92.2914     43.692    31.9632     0.1185 -9.990e-29
       3027     44.108     8.5787   3.388832     0.5467     0.0151  0.0948893    92.2894     43.693    31.9629     0.1185 -9.990e-29
       3028     44.109     8.5787   3.388797     0.5467     0.0151  0.0948779    92.2866     43.694    31.9625     0.1184 -9.990e-29
       3029     44.110     8.5788   3.388765     0.5467     0.0151  0.0948673    92.2828     43.695    31.9621     0.1184 -9.990e-29
       3030     44.111     8.5788   3.388732     0.5466     0.0151  0.0948576    92.2775     43.696    31.9618     0.1181 -9.990e-29
       3031     44.112     8.5788   3.388699     0.5466     0.0151  0.0948487    92.2704     43.697    31.9614     0.1181 -9.990e-29
       3032     44.113     8.5788   3.388668     0.5466     0.0151  0.0948405    92.2610     43.698    31.9611     0.1181 -9.990e-29
       3033     44.113     8.5789   3.388637     0.5466     0.0151  0.0948329    92.2490     43.698    31.9607     0.1181 -9.990e-29
       3034     44.114     8.5789   3.388607     0.5466     0.0151  0.0948260    92.2347     43.699    31.9604     0.1182 -9.990e-29
       3035     44.115     8.5789   3.388578     0.5466     0.0151  0.0948196    92.2183     43.700    31.9601     0.1182 -9.990e-29
       3036     44.115     8.5790   3.388549     0.5466     0.0151  0.0948137    92.2003     43.700    31.9597     0.1181 -9.990e-29
       3037     44.116     8.5790   3.388520     0.5466     0.0151  0.0948083    92.1813     43.701    31.9594     0.1181 -9.990e-29
       3038     44.117     8.5791   3.388491     0.5466     0.0151  0.0948033    92.1619     43.702    31.9590     0.1181 -9.990e-29
       3039     44.117     8.5791   3.388462     0.5466     0.0151  0.0947987    92.1424     43.702    31.9587     0.1180 -9.990e-29
       3040     44.117     8.5792   3.388435     0.5466     0.0151  0.0947945    92.1229     43.702    31.9583     0.1180 -9.990e-29
       3041     44.117     8.5792   3.388406     0.5466     0.0151  0.0947906    92.1040     43.702    31.9580     0.1180 -9.990e-29
       3042     44.117     8.5792   3.388377     0.5466     0.0151  0.0947870    92.0865     43.702    31.9577     0.1180 -9.990e-29
       3043     44.118     8.5793   3.388350     0.5466     0.0151  0.0947838    92.0705     43.703    31.9573     0.1179 -9.990e-29
       3044     44.118     8.5793   3.388322     0.5466     0.0151  0.0947807    92.0557     43.703    31.9570     0.1178 -9.990e-29
       3045     44.118     8.5793   3.388295     0.5466     0.0151  0.0947780    92.0417     43.703    31.9567     0.1178 -9.990e-29
       3046     44.118     8.5793   3.388267     0.5466     0.0151  0.0947754    92.0286     43.703    31.9564     0.1177 -9.990e-29
       3047     44.118     8.5793   3.388239     0.5465     0.0151  0.0947731    92.0162     43.703    31.9561     0.1174 -9.990e-29
       3048     44.118     8.5794   3.388213     0.5465     0.0151  0.0947709    92.0047     43.703    31.9558     0.1174 -9.990e-29
       3049     44.119     8.5794   3.388185     0.5465     0.0151  0.0947689    91.9942     43.704    31.9555     0.1174 -9.990e-29
       3050     44.119     8.5794   3.388158     0.5465     0.0151  0.0947671    91.9851     43.704    31.9552     0.1173 -9.990e-29
       3051     44.119     8.5794   3.388131     0.5464     0.0151  0.0947654    91.9773     43.704    31.9549     0.1170 -9.990e-29
       3052     44.119     8.5795   3.388104     0.5464     0.0151  0.0947638    91.9701     43.704    31.9545     0.1170 -9.990e-29
       3053     44.119     8.5795   3.388077     0.5464     0.0151  0.0947624    91.9631     43.704    31.9543     0.1170 -9.990e-29
       3054     44.119     8.5795   3.388051     0.5464     0.0151  0.0947611    91.9560     43.704    31.9540     0.1170 -9.990e-29
       3055     44.119     8.5796   3.388024     0.5464     0.0151  0.0947599    91.9488     43.704    31.9536     0.1169 -9.990e-29
       3056     44.119     8.5796   3.387998     0.5464     0.0151  0.0947588    91.9414     43.704    31.9533     0.1169 -9.990e-29
       3057     44.119     8.5797   3.387971     0.5464     0.0151  0.0947578    91.9342     43.704    31.9530     0.1169 -9.990e-29
       3058     44.119     8.5797   3.387945     0.5464     0.0151  0.0947568    91.9273     43.704    31.9527     0.1169 -9.990e-29
       3059     44.119     8.5798   3.387919     0.5463     0.0151  0.0947560    91.9207     43.704    31.9523     0.1165 -9.990e-29
       3060     44.119     8.5798   3.387892     0.5463     0.0151  0.0947552    91.9143     43.704    31.9521     0.1165 -9.990e-29
       3061     44.119     8.5798   3.387866     0.5463     0.0151  0.0947544    91.9080     43.704    31.9518     0.1165 -9.990e-29
       3062     44.119     8.5799   3.387841     0.5463     0.0151  0.0947538    91.9015     43.704    31.9514     0.1164 -9.990e-29
       3063     44.119     8.5799   3.387815     0.5463     0.0151  0.0947531    91.8947     43.704    31.9512     0.1164 -9.990e-29
       3064     44.120     8.5800   3.387789     0.5463     0.0151  0.0947526    91.8874     43.705    31.9508     0.1165 -9.990e-29
       3065     44.119     8.5800   3.387764     0.5463     0.0151  0.0947521    91.8794     43.704    31.9505     0.1165 -9.990e-29
       3066     44.119     8.5800   3.387738     0.5462     0.0151  0.0947516    91.8707     43.704    31.9503     0.1162 -9.990e-29
       3067     44.119     8.5801   3.387713     0.5462     0.0151  0.0947511    91.8613     43.704    31.9499     0.1162 -9.990e-29
       3068     44.119     8.5801   3.387688     0.5462     0.0151  0.0947507    91.8512     43.704    31.9497     0.1162 -9.990e-29
       3069     44.120     8.5801   3.387664     0.5462     0.0151  0.0947504    91.8407     43.705    31.9494     0.1162 -9.990e-29
       3070     44.120     8.5802   3.387640     0.5462     0.0151  0.0947500    91.8302     43.705    31.9491     0.1162 -9.990e-29
       3071     44.120     8.5802   3.387617     0.5462     0.0151  0.0947497    91.8200     43.705    31.9488     0.1163 -9.990e-29
       3072     44.120     8.5802   3.387595     0.5462     0.0151  0.0947494    91.8102     43.705    31.9486     0.1163 -9.990e-29
       3073     44.120     8.5803   3.387574     0.5462     0.0151  0.0947492    91.8010     43.705    31.9483     0.1163 -9.990e-29
       3074     44.120     8.5803   3.387553     0.5461     0.0151  0.0947489    91.7924     43.705    31.9481     0.1160 -9.990e-29
       3075     44.120     8.5804   3.387534     0.5461     0.0150  0.0947487    91.7843     43.705    31.9478     0.1160 -9.990e-29
       3076     44.120     8.5804   3.387514     0.5461     0.0150  0.0947485    91.7766     43.705    31.9476     0.1160 -9.990e-29
       3077     44.120     8.5804   3.387494     0.5461     0.0150  0.0947483    91.7690     43.705    31.9473     0.1160 -9.990e-29
       3078     44.120     8.5805   3.387476     0.5461     0.0150  0.0947481    91.7617     43.705    31.9471     0.1160 -9.990e-29
       3079     44.121     8.5805   3.387457     0.5461     0.0150  0.0947480    91.7550     43.706    31.9469     0.1160 -9.990e-29
       3080     44.121     8.5806   3.387438     0.5461     0.0150  0.0947478    91.7491     43.706    31.9466     0.1160 -9.990e-29
       3081     44.121     8.5806   3.387420     0.5461     0.0150  0.0947477    91.7445     43.706    31.9464     0.1160 -9.990e-29
       3082     44.121     8.5806   3.387402     0.5461     0.0150  0.0947476    91.7409     43.706    31.9462     0.1160 -9.990e-29
       3083     44.121     8.5806   3.387384     0.5460     0.0150  0.0947475    91.7382     43.706    31.9460     0.1157 -9.990e-29
       3084     44.121     8.5806   3.387367     0.5460     0.0150  0.0947474    91.7358     43.706    31.9458     0.1157 -9.990e-29
       3085     44.121     8.5806   3.387350     0.5460     0.0150  0.0947473    91.7334     43.706    31.9457     0.1157 -9.990e-29
       3086     44.121     8.5806   3.387334     0.5460     0.0150  0.0947472    91.7307     43.706    31.9455     0.1157 -9.990e-29
       3087     44.122     8.5806   3.387318     0.5460     0.0150  0.0947472    91.7275     43.707    31.9453     0.1157 -9.990e-29
       3088     44.122     8.5805   3.387303     0.5460     0.0150  0.0947471    91.7238     43.707    31.9453     0.1157 -9.990e-29
       3089     44.122     8.5805   3.387289     0.5460     0.0150  0.0947471    91.7196     43.707    31.9451     0.1157 -9.990e-29
       3090     44.122     8.5804   3.387275     0.5459     0.0150  0.0947470    91.7151     43.707    31.9451     0.1155 -9.990e-29
       3091     44.122     8.5804   3.387263     0.5459     0.0150  0.0947470    91.7102     43.707    31.9449     0.1155 -9.990e-29
       3092     44.122     8.5803   3.387250     0.5459     0.0150  0.0947469    91.7051     43.707    31.9449     0.1155 -9.990e-29
       3093     44.122     8.5802   3.387239     0.5459     0.0149  0.0947469    91.6998     43.707    31.9449     0.1155 -9.990e-29
       3094     44.123     8.5802   3.387226     0.5459     0.0149  0.0947469    91.6939     43.708    31.9447     0.1155 -9.990e-29
       3095     44.123     8.5801   3.387214     0.5459     0.0149  0.0947469    91.6873     43.708    31.9447     0.1155 -9.990e-29
       3096     44.123     8.5800   3.387202     0.5459     0.0149  0.0947469    91.6799     43.708    31.9447     0.1155 -9.990e-29
       3097     44.123     8.5799   3.387189     0.5458     0.0149  0.0947469    91.6720     43.708    31.9446     0.1152 -9.990e-29
       3098     44.123     8.5798   3.387176     0.5458     0.0149  0.0947469    91.6637     43.708    31.9446     0.1153 -9.990e-29
       3099     44.123     8.5797   3.387162     0.5458     0.0149  0.0947469    91.6550     43.708    31.9445     0.1154 -9.990e-29
       3100     44.123     8.5796   3.387149     0.5458     0.0149  0.0947469    91.6460     43.708    31.9445     0.1154 -9.990e-29
       3101     44.123     8.5795   3.387136     0.5458     0.0149  0.0947469    91.6369     43.708    31.9444     0.1155 -9.990e-29
       3102     44.124     8.5794   3.387123     0.5458     0.0149  0.0947470    91.6276     43.709    31.9444     0.1156 -9.990e-29
       3103     44.124     8.5793   3.387111     0.5458     0.0149  0.0947470    91.6187     43.709    31.9443     0.1156 -9.990e-29
       3104     44.124     8.5792   3.387097     0.5458     0.0149  0.0947470    91.6105     43.709    31.9443     0.1157 -9.990e-29
       3105     44.124     8.5791   3.387085     0.5457     0.0149  0.0947471    91.6032     43.709    31.9442     0.1155 -9.990e-29
       3106     44.124     8.5790   3.387071     0.5457     0.0149  0.0947471    91.5969     43.709    31.9442     0.1156 -9.990e-29
       3107     44.124     8.5789   3.387059     0.5457     0.0149  0.0947472    91.5915     43.709    31.9442     0.1157 -9.990e-29
       3108     44.124     8.5788   3.387047     0.5457     0.0149  0.0947473    91.5869     43.709    31.9441     0.1158 -9.990e-29
       3109     44.125     8.5787   3.387033     0.5457     0.0149  0.0947474    91.5828     43.710    31.9441     0.1159 -9.990e-29
       3110     44.125     8.5787   3.387020     0.5457     0.0149  0.0947475    91.5792     43.710    31.9439     0.1160 -9.990e-29
       3111     44.125     8.5786   3.387008     0.5457     0.0149  0.0947476    91.5759     43.710    31.9439     0.1160 -9.990e-29
       3112     44.125     8.5785   3.386994     0.5457     0.0149  0.0947477    91.5727     43.710    31.9438     0.1160 -9.990e-29
       3113     44.125     8.5784   3.386981     0.5457     0.0149  0.0947478    91.5695     43.710    31.9438     0.1161 -9.990e-29
       3114     44.126     8.5783   3.386968     0.5457     0.0149  0.0947479    91.5662     43.711    31.9437     0.1162 -9.990e-29
       3115     44.126     8.5782   3.386954     0.5457     0.0149  0.0947481    91.5626     43.711    31.9437     0.1162 -9.990e-29
       3116     44.126     8.5781   3.386941     0.5456     0.0149  0.0947483    91.5589     43.711    31.9436     0.1159 -9.990e-29
       3117     44.126     8.5780   3.386927     0.5456     0.0149  0.0947484    91.5552     43.711    31.9436     0.1159 -9.990e-29
       3118     44.126     8.5779   3.386914     0.5456     0.0149  0.0947486    91.5514     43.711    31.9435     0.1159 -9.990e-29
       3119     44.126     8.5778   3.386902     0.5456     0.0149  0.0947488    91.5477     43.711    31.9435     0.1159 -9.990e-29
       3120     44.127     8.5777   3.386888     0.5456     0.0149  0.0947491    91.5440     43.712    31.9434     0.1159 -9.990e-29
       3121     44.127     8.5776   3.386876     0.5456     0.0149  0.0947493    91.5401     43.712    31.9434     0.1160 -9.990e-29
       3122     44.127     8.5775   3.386862     0.5457     0.0149  0.0947496    91.5358     43.712    31.9434     0.1162 -9.990e-29
       3123     44.127     8.5774   3.386850     0.5457     0.0149  0.0947499    91.5311     43.712    31.9433     0.1162 -9.990e-29
       3124     44.128     8.5773   3.386838     0.5457     0.0150  0.0947503    91.5260     43.713    31.9433     0.1162 -9.990e-29
       3125     44.128     8.5773   3.386826     0.5457     0.0150  0.0947506    91.5206     43.713    31.9432     0.1162 -9.990e-29
       3126     44.128     8.5772   3.386813     0.5457     0.0150  0.0947510    91.5147     43.713    31.9431     0.1162 -9.990e-29
       3127     44.128     8.5772   3.386801     0.5457     0.0150  0.0947515    91.5080     43.713    31.9430     0.1162 -9.990e-29
