data/2022/thursday_data/Station SB1.cnv
* Sea-Bird SBE 9 Data File:
* FileName = C:\Users\ctd-user\Desktop\CTD data\MAR440 Sept 2022\Day2\Station SB1.hex
* Software Version Seasave V 7.26.2.13
* Temperature SN = 4493
* Conductivity SN = 1899
* Number of Bytes Per Scan = 37
* Number of Voltage Words = 4
* Number of Scans Averaged by the Deck Unit = 1
* NMEA Latitude = 58 19.70 N
* NMEA Longitude = 011 51.32 E
* NMEA UTC (Time) = Sep 08 2022 10:39:35
* NMEA baud rate = 4800
** Ship:
** Station:
** Operator:
# nquan = 12                                
# nvalues = 929                         
# units = specified
# name 0 = scan: Scan Count
# name 1 = prDM: Pressure, Digiquartz [db]
# name 2 = t090C: Temperature [ITS-90, deg C]
# name 3 = c0S/m: Conductivity [S/m]
# name 4 = sbeox0V: Oxygen raw, SBE 43 [V]
# name 5 = flECO-AFL: Fluorescence, WET Labs ECO-AFL/FL [mg/m^3]
# name 6 = upoly0: Upoly 0, Turbidity
# name 7 = xmiss: Beam Transmission, Chelsea/Seatech [%]
# name 8 = depSM: Depth [salt water, m], lat = 58.3283
# name 9 = sal00: Salinity, Practical [PSU]
# name 10 = sbeox0ML/L: Oxygen, SBE 43 [ml/l], WS = 2
# name 11 = flag: flag
# span 0 =          1,        929       
# span 1 =      2.015,     17.353       
# span 2 =     8.2197,    18.2965       
# span 3 =   3.116126,   3.335430       
# span 4 =     0.7366,     2.7550       
# span 5 =     0.0056,     0.0271       
# span 6 =  0.0964757,  0.0999362       
# span 7 =    75.3340,    91.5834       
# span 8 =      1.996,     17.191       
# span 9 =    23.6257,    29.5963       
# span 10 =     0.4895,     5.5388      
# span 11 = 0.0000e+00, 0.0000e+00      
# interval = seconds: 0.0416667
# start_time = Sep 08 2022 10:39:35 [NMEA time, header]
# bad_flag = -9.990e-29
*END*
[from data line 121]
        122      4.549    18.2212   3.239468     2.7533     0.0271  0.0996221    83.3727      4.507    23.6286     5.5370 -9.990e-29
        123      4.571    18.2215   3.239470     2.7534     0.0271  0.0996225    83.3708      4.528    23.6284     5.5373 -9.990e-29
        124      4.593    18.2218   3.239473     2.7535     0.0271  0.0996228    83.3682      4.550    23.6282     5.5376 -9.990e-29
        125      4.615    18.2222   3.239475     2.7535     0.0271  0.0996231    83.3653      4.572    23.6280     5.5376 -9.990e-29
        126      4.638    18.2226   3.239479     2.7536     0.0271  0.0996233    83.3628      4.595    23.6278     5.5378 -9.990e-29
        127      4.660    18.2230   3.239481     2.7537     0.0271  0.0996235    83.3607      4.617    23.6276     5.5380 -9.990e-29
        128      4.682    18.2234   3.239484     2.7538     0.0271  0.0996236    83.3593      4.638    23.6274     5.5382 -9.990e-29
        129      4.705    18.2237   3.239487     2.7538     0.0271  0.0996237    83.3585      4.661    23.6272     5.5382 -9.990e-29
        130      4.727    18.2240   3.239489     2.7539     0.0271  0.0996238    83.3584      4.683    23.6271     5.5384 -9.990e-29
        131      4.749    18.2243   3.239492     2.7540     0.0271  0.0996238    83.3589      4.705    23.6269     5.5385 -9.990e-29
        132      4.772    18.2246   3.239495     2.7541     0.0271  0.0996237    83.3597      4.728    23.6268     5.5387 -9.990e-29
        133      4.794    18.2249   3.239498     2.7541     0.0271  0.0996237    83.3611      4.749    23.6266     5.5385 -9.990e-29
        134      4.817    18.2251   3.239500     2.7542     0.0271  0.0996235    83.3630      4.772    23.6265     5.5387 -9.990e-29
        135      4.839    18.2253   3.239503     2.7543     0.0271  0.0996234    83.3654      4.794    23.6264     5.5388 -9.990e-29
        136      4.862    18.2255   3.239505     2.7543     0.0271  0.0996231    83.3680      4.817    23.6263     5.5386 -9.990e-29
        137      4.884    18.2257   3.239508     2.7544     0.0271  0.0996229    83.3707      4.839    23.6262     5.5387 -9.990e-29
        138      4.906    18.2259   3.239512     2.7544     0.0271  0.0996226    83.3732      4.860    23.6261     5.5386 -9.990e-29
        139      4.929    18.2260   3.239514     2.7545     0.0271  0.0996222    83.3754      4.883    23.6261     5.5387 -9.990e-29
        140      4.951    18.2261   3.239517     2.7545     0.0271  0.0996218    83.3771      4.905    23.6260     5.5385 -9.990e-29
        141      4.973    18.2263   3.239521     2.7546     0.0271  0.0996213    83.3784      4.927    23.6259     5.5385 -9.990e-29
        142      4.996    18.2264   3.239523     2.7546     0.0270  0.0996208    83.3794      4.950    23.6259     5.5384 0.0000e+00
        143      5.018    18.2265   3.239526     2.7546     0.0270  0.0996201    83.3804      4.971    23.6259     5.5382 0.0000e+00
        144      5.040    18.2266   3.239529     2.7547     0.0270  0.0996195    83.3816      4.993    23.6258     5.5382 0.0000e+00
        145      5.063    18.2267   3.239532     2.7547     0.0270  0.0996187    83.3833      5.016    23.6258     5.5381 0.0000e+00
        146      5.085    18.2268   3.239534     2.7547     0.0270  0.0996179    83.3853      5.038    23.6257     5.5379 0.0000e+00
        147      5.107    18.2268   3.239537     2.7547     0.0270  0.0996170    83.3874      5.059    23.6258     5.5378 0.0000e+00
        148      5.130    18.2269   3.239540     2.7547     0.0270  0.0996160    83.3894      5.082    23.6257     5.5376 0.0000e+00
        149      5.152    18.2269   3.239543     2.7548     0.0269  0.0996149    83.3912      5.104    23.6257     5.5377 0.0000e+00
        150      5.174    18.2270   3.239547     2.7548     0.0269  0.0996137    83.3930      5.126    23.6257     5.5375 0.0000e+00
        151      5.197    18.2270   3.239550     2.7548     0.0269  0.0996124    83.3950      5.149    23.6257     5.5374 0.0000e+00
        152      5.219    18.2270   3.239553     2.7548     0.0269  0.0996109    83.3970      5.170    23.6257     5.5373 0.0000e+00
        153      5.241    18.2270   3.239557     2.7548     0.0269  0.0996094    83.3990      5.192    23.6258     5.5372 0.0000e+00
        154      5.263    18.2270   3.239559     2.7548     0.0269  0.0996077    83.4010      5.214    23.6258     5.5370 0.0000e+00
        155      5.286    18.2269   3.239563     2.7548     0.0269  0.0996058    83.4031      5.237    23.6259     5.5370 0.0000e+00
        156      5.308    18.2269   3.239567     2.7548     0.0269  0.0996037    83.4052      5.259    23.6259     5.5369 0.0000e+00
        157      5.330    18.2269   3.239570     2.7548     0.0269  0.0996015    83.4073      5.280    23.6259     5.5368 0.0000e+00
        158      5.353    18.2268   3.239574     2.7548     0.0269  0.0995991    83.4091      5.303    23.6260     5.5367 0.0000e+00
        159      5.375    18.2268   3.239578     2.7548     0.0268  0.0995965    83.4105      5.325    23.6260     5.5367 0.0000e+00
        160      5.398    18.2267   3.239581     2.7548     0.0268  0.0995945    83.4118      5.348    23.6261     5.5366 0.0000e+00
        161      5.420    18.2267   3.239585     2.7548     0.0268  0.0995939    83.4128      5.370    23.6261     5.5366 0.0000e+00
        162      5.442    18.2267   3.239589     2.7548     0.0268  0.0995939    83.4133      5.391    23.6261     5.5365 0.0000e+00
        163      5.465    18.2266   3.239592     2.7548     0.0268  0.0995946    83.4134      5.414    23.6262     5.5365 0.0000e+00
        164      5.487    18.2266   3.239596     2.7548     0.0268  0.0995966    83.4133      5.436    23.6262     5.5364 0.0000e+00
        165      5.509    18.2265   3.239600     2.7548     0.0268  0.0995993    83.4130      5.458    23.6263     5.5364 0.0000e+00
        166      5.532    18.2264   3.239604     2.7548     0.0268  0.0996018    83.4123      5.481    23.6264     5.5364 0.0000e+00
        167      5.554    18.2263   3.239607     2.7548     0.0268  0.0996041    83.4114      5.502    23.6265     5.5364 0.0000e+00
        168      5.576    18.2262   3.239611     2.7548     0.0268  0.0996062    83.4103      5.524    23.6266     5.5364 0.0000e+00
        169      5.599    18.2261   3.239615     2.7549     0.0268  0.0996082    83.4090      5.547    23.6267     5.5367 0.0000e+00
        170      5.621    18.2260   3.239619     2.7549     0.0268  0.0996100    83.4077      5.569    23.6267     5.5366 0.0000e+00
        171      5.643    18.2259   3.239624     2.7549     0.0268  0.0996116    83.4066      5.590    23.6268     5.5366 0.0000e+00
        172      5.666    18.2257   3.239628     2.7549     0.0268  0.0996131    83.4058      5.613    23.6270     5.5366 0.0000e+00
        173      5.688    18.2256   3.239632     2.7549     0.0268  0.0996146    83.4052      5.635    23.6271     5.5366 0.0000e+00
        174      5.710    18.2254   3.239636     2.7549     0.0268  0.0996159    83.4047      5.657    23.6272     5.5366 0.0000e+00
        175      5.732    18.2252   3.239641     2.7549     0.0268  0.0996171    83.4045      5.679    23.6273     5.5366 0.0000e+00
        176      5.755    18.2250   3.239645     2.7549     0.0268  0.0996182    83.4046      5.701    23.6275     5.5366 0.0000e+00
        177      5.777    18.2248   3.239650     2.7550     0.0268  0.0996192    83.4048      5.723    23.6276     5.5369 0.0000e+00
        178      5.799    18.2246   3.239654     2.7550     0.0268  0.0996202    83.4052      5.745    23.6278     5.5369 0.0000e+00
        179      5.821    18.2244   3.239660     2.7550     0.0268  0.0996210    83.4055      5.767    23.6279     5.5369 0.0000e+00
        180      5.844    18.2242   3.239665     2.7550     0.0268  0.0996219    83.4058      5.790    23.6281     5.5369 0.0000e+00
        181      5.866    18.2240   3.239669     2.7550     0.0268  0.0996226    83.4062      5.811    23.6282     5.5369 0.0000e+00
        182      5.888    18.2238   3.239674     2.7550     0.0268  0.0996234    83.4067      5.833    23.6284     5.5369 0.0000e+00
        183      5.911    18.2236   3.239679     2.7550     0.0268  0.0996240    83.4074      5.856    23.6285     5.5369 0.0000e+00
        184      5.933    18.2234   3.239685     2.7550     0.0268  0.0996247    83.4081      5.878    23.6287     5.5369 0.0000e+00
        185      5.955    18.2233   3.239690     2.7549     0.0268  0.0996253    83.4088      5.900    23.6288     5.5366 0.0000e+00
        186      5.977    18.2231   3.239696     2.7549     0.0268  0.0996258    83.4094      5.921    23.6289     5.5365 0.0000e+00
        187      5.999    18.2229   3.239701     2.7550     0.0268  0.0996263    83.4100      5.943    23.6291     5.5367 0.0000e+00
        188      6.022    18.2228   3.239707     2.7550     0.0268  0.0996269    83.4106      5.966    23.6292     5.5367 0.0000e+00
        189      6.044    18.2227   3.239714     2.7550     0.0268  0.0996273    83.4112      5.988    23.6293     5.5366 0.0000e+00
        190      6.066    18.2226   3.239720     2.7550     0.0268  0.0996278    83.4116      6.010    23.6294     5.5365 0.0000e+00
        191      6.088    18.2224   3.239726     2.7550     0.0268  0.0996283    83.4119      6.031    23.6295     5.5364 0.0000e+00
        192      6.110    18.2223   3.239734     2.7550     0.0268  0.0996287    83.4119      6.053    23.6297     5.5363 0.0000e+00
        193      6.132    18.2222   3.239741     2.7549     0.0267  0.0996291    83.4115      6.075    23.6298     5.5359 0.0000e+00
        194      6.154    18.2221   3.239749     2.7549     0.0267  0.0996295    83.4110      6.097    23.6299     5.5358 0.0000e+00
        195      6.176    18.2220   3.239757     2.7549     0.0267  0.0996300    83.4105      6.119    23.6300     5.5356 0.0000e+00
        196      6.199    18.2219   3.239766     2.7549     0.0267  0.0996304    83.4102      6.141    23.6301     5.5354 0.0000e+00
        197      6.221    18.2218   3.239775     2.7549     0.0267  0.0996308    83.4099      6.163    23.6302     5.5352 0.0000e+00
        198      6.243    18.2217   3.239786     2.7549     0.0267  0.0996312    83.4094      6.185    23.6304     5.5350 0.0000e+00
        199      6.265    18.2217   3.239797     2.7549     0.0267  0.0996317    83.4091      6.207    23.6305     5.5347 0.0000e+00
        200      6.287    18.2216   3.239808     2.7549     0.0267  0.0996321    83.4088      6.228    23.6306     5.5344 0.0000e+00
        201      6.308    18.2215   3.239820     2.7549     0.0267  0.0996326    83.4086      6.249    23.6308     5.5341 0.0000e+00
        202      6.330    18.2215   3.239834     2.7549     0.0267  0.0996331    83.4084      6.271    23.6309     5.5337 0.0000e+00
        203      6.352    18.2215   3.239849     2.7549     0.0267  0.0996336    83.4082      6.293    23.6310     5.5333 0.0000e+00
        204      6.374    18.2215   3.239864     2.7549     0.0267  0.0996341    83.4081      6.315    23.6311     5.5329 0.0000e+00
        205      6.396    18.2215   3.239881     2.7548     0.0267  0.0996346    83.4081      6.336    23.6312     5.5322 0.0000e+00
        206      6.418    18.2215   3.239899     2.7548     0.0267  0.0996352    83.4078      6.358    23.6314     5.5317 0.0000e+00
        207      6.440    18.2215   3.239918     2.7548     0.0267  0.0996359    83.4072      6.380    23.6315     5.5311 0.0000e+00
        208      6.462    18.2215   3.239936     2.7548     0.0267  0.0996365    83.4061      6.402    23.6317     5.5305 0.0000e+00
        209      6.484    18.2215   3.239957     2.7547     0.0267  0.0996372    83.4048      6.424    23.6318     5.5296 0.0000e+00
        210      6.506    18.2216   3.239980     2.7547     0.0267  0.0996380    83.4032      6.445    23.6319     5.5289 0.0000e+00
        211      6.528    18.2216   3.240003     2.7547     0.0267  0.0996388    83.4014      6.467    23.6321     5.5281 0.0000e+00
        212      6.550    18.2217   3.240027     2.7546     0.0267  0.0996397    83.3994      6.489    23.6322     5.5271 0.0000e+00
        213      6.571    18.2217   3.240052     2.7546     0.0267  0.0996406    83.3970      6.510    23.6324     5.5263 0.0000e+00
        214      6.593    18.2217   3.240079     2.7545     0.0267  0.0996416    83.3943      6.532    23.6327     5.5251 0.0000e+00
        215      6.615    18.2218   3.240108     2.7544     0.0267  0.0996427    83.3913      6.553    23.6328     5.5239 0.0000e+00
        216      6.637    18.2218   3.240138     2.7544     0.0267  0.0996439    83.3881      6.575    23.6331     5.5228 0.0000e+00
        217      6.659    18.2219   3.240169     2.7543     0.0267  0.0996452    83.3851      6.597    23.6332     5.5214 0.0000e+00
        218      6.681    18.2219   3.240202     2.7541     0.0267  0.0996466    83.3823      6.619    23.6335     5.5197 0.0000e+00
        219      6.702    18.2219   3.240236     2.7540     0.0267  0.0996481    83.3799      6.640    23.6338     5.5182 0.0000e+00
        220      6.724    18.2219   3.240272     2.7538     0.0267  0.0996497    83.3779      6.661    23.6341     5.5163 0.0000e+00
        221      6.746    18.2220   3.240310     2.7537     0.0267  0.0996515    83.3765      6.683    23.6343     5.5145 0.0000e+00
        222      6.768    18.2220   3.240348     2.7535     0.0267  0.0996534    83.3758      6.705    23.6346     5.5125 0.0000e+00
        223      6.789    18.2220   3.240388     2.7533     0.0267  0.0996555    83.3756      6.726    23.6349     5.5103 0.0000e+00
        224      6.811    18.2220   3.240429     2.7531     0.0267  0.0996578    83.3755      6.748    23.6352     5.5080 0.0000e+00
        225      6.833    18.2220   3.240472     2.7529     0.0267  0.0996602    83.3754      6.769    23.6356     5.5057 0.0000e+00
        226      6.854    18.2221   3.240517     2.7527     0.0267  0.0996629    83.3754      6.790    23.6359     5.5032 0.0000e+00
        227      6.876    18.2221   3.240563     2.7524     0.0267  0.0996658    83.3755      6.812    23.6362     5.5003 0.0000e+00
        228      6.898    18.2221   3.240609     2.7521     0.0267  0.0996689    83.3758      6.834    23.6366     5.4974 0.0000e+00
        229      6.920    18.2222   3.240659     2.7519     0.0267  0.0996723    83.3766      6.856    23.6370     5.4946 0.0000e+00
        230      6.942    18.2223   3.240710     2.7516     0.0267  0.0996760    83.3774      6.877    23.6373     5.4914 0.0000e+00
        231      6.963    18.2224   3.240762     2.7512     0.0267  0.0996801    83.3782      6.898    23.6377     5.4879 0.0000e+00
        232      6.985    18.2225   3.240817     2.7509     0.0267  0.0996844    83.3787      6.920    23.6380     5.4845 0.0000e+00
        233      7.007    18.2226   3.240873     2.7505     0.0267  0.0996892    83.3788      6.942    23.6384     5.4807 0.0000e+00
        234      7.028    18.2227   3.240931     2.7501     0.0267  0.0996944    83.3785      6.963    23.6388     5.4769 0.0000e+00
        235      7.050    18.2229   3.240992     2.7497     0.0267  0.0997000    83.3779      6.984    23.6392     5.4729 0.0000e+00
        236      7.072    18.2231   3.241056     2.7493     0.0267  0.0997061    83.3771      7.006    23.6396     5.4688 0.0000e+00
        237      7.094    18.2233   3.241122     2.7488     0.0267  0.0997127    83.3762      7.028    23.6400     5.4644 0.0000e+00
        238      7.116    18.2235   3.241190     2.7482     0.0267  0.0997199    83.3751      7.050    23.6404     5.4597 0.0000e+00
        239      7.137    18.2237   3.241262     2.7477     0.0267  0.0997277    83.3737      7.071    23.6409     5.4551 0.0000e+00
        240      7.159    18.2239   3.241337     2.7471     0.0267  0.0997363    83.3719      7.092    23.6414     5.4502 0.0000e+00
