data/2022/thursday_data/Station B1,1.cnv
* Sea-Bird SBE 9 Data File:
* FileName = C:\Users\ctd-user\Desktop\CTD data\MAR440 Sept 2022\Day2\Station B1,1.hex
* Software Version Seasave V 7.26.2.13
* Temperature SN = 4493
* Conductivity SN = 1899
* Number of Bytes Per Scan = 37
* Number of Voltage Words = 4
* Number of Scans Averaged by the Deck Unit = 1
* NMEA Latitude = 58 20.16 N
* NMEA Longitude = 011 53.53 E
* NMEA UTC (Time) = Sep 08 2022 13:55:59
* NMEA baud rate = 4800
** Ship:
** Station:
** Operator:
# nquan = 12                                
# nvalues = 1163                        
# units = specified
# name 0 = scan: Scan Count
# name 1 = prDM: Pressure, Digiquartz [db]
# name 2 = t090C: Temperature [ITS-90, deg C]
# name 3 = c0S/m: Conductivity [S/m]
# name 4 = sbeox0V: Oxygen raw, SBE 43 [V]
# name 5 = flECO-AFL: Fluorescence, WET Labs ECO-AFL/FL [mg/m^3]
# name 6 = upoly0: Upoly 0, Turbidity
# name 7 = xmiss: Beam Transmission, Chelsea/Seatech [%]
# name 8 = depSM: Depth [salt water, m], lat = 58.336
# name 9 = sal00: Salinity, Practical [PSU]
# name 10 = sbeox0ML/L: Oxygen, SBE 43 [ml/l], WS = 2
# name 11 = flag: flag
# span 0 =          1,       1163       
# span 1 =      1.257,     24.310       
# span 2 =     8.0593,    18.3721       
# span 3 =   3.108664,   3.360727       
# span 4 =     0.6105,     2.7076       
# span 5 =     0.0066,     0.0397       
# span 6 =  0.0944446,  0.1082209       
# span 7 =    66.8932,    93.4762       
# span 8 =      1.245,     24.083       
# span 9 =    23.7770,    31.2258       
# span 10 =     0.2744,     5.4053      
# span 11 = 0.0000e+00, 0.0000e+00      
# interval = seconds: 0.0416667
# start_time = Sep 08 2022 13:55:59 [NMEA time, header]
# bad_flag = -9.990e-29
*END*
[from data line 722]
        723     15.030    11.0570   3.176074     1.2422     0.0111  0.0953093    87.1750     14.890    27.7836     1.5439 0.0000e+00
        724     15.052    11.0111   3.174562     1.2389     0.0111  0.0953159    86.8932     14.912    27.8036     1.5324 0.0000e+00
        725     15.075    10.9659   3.173058     1.2355     0.0111  0.0953230    86.6041     14.934    27.8232     1.5203 0.0000e+00
        726     15.097    10.9213   3.171564     1.2321     0.0112  0.0953308    86.3079     14.956    27.8425     1.5082 0.0000e+00
        727     15.119    10.8773   3.170080     1.2286     0.0112  0.0953392    86.0039     14.978    27.8615     1.4956 0.0000e+00
        728     15.142    10.8337   3.168608     1.2252     0.0112  0.0953484    85.6913     15.001    27.8803     1.4832 0.0000e+00
        729     15.164    10.7905   3.167148     1.2217     0.0113  0.0953584    85.3692     15.023    27.8989     1.4703 0.0000e+00
        730     15.187    10.7477   3.165699     1.2182     0.0113  0.0953692    85.0365     15.045    27.9174     1.4573 0.0000e+00
        731     15.209    10.7053   3.164260     1.2147     0.0113  0.0953809    84.6921     15.067    27.9357     1.4441 0.0000e+00
        732     15.231    10.6634   3.162832     1.2111     0.0113  0.0953937    84.3350     15.089    27.9537     1.4305 0.0000e+00
        733     15.254    10.6220   3.161414     1.2075     0.0114  0.0954076    83.9649     15.112    27.9715     1.4167 0.0000e+00
        734     15.276    10.5811   3.160005     1.2039     0.0114  0.0954227    83.5826     15.133    27.9890     1.4028 0.0000e+00
        735     15.298    10.5405   3.158602     1.2003     0.0114  0.0954391    83.1901     15.155    28.0064     1.3889 0.0000e+00
        736     15.320    10.5004   3.157208     1.1966     0.0114  0.0954569    82.7901     15.177    28.0235     1.3745 0.0000e+00
        737     15.343    10.4606   3.155821     1.1929     0.0114  0.0954763    82.3856     15.200    28.0405     1.3601 0.0000e+00
        738     15.365    10.4211   3.154443     1.1892     0.0115  0.0954974    81.9801     15.222    28.0573     1.3455 0.0000e+00
        739     15.387    10.3819   3.153074     1.1854     0.0115  0.0955202    81.5773     15.243    28.0740     1.3306 0.0000e+00
        740     15.409    10.3431   3.151716     1.1816     0.0115  0.0955451    81.1803     15.265    28.0906     1.3156 0.0000e+00
        741     15.431    10.3045   3.150370     1.1778     0.0115  0.0955722    80.7919     15.287    28.1071     1.3006 0.0000e+00
        742     15.453    10.2662   3.149036     1.1740     0.0116  0.0956015    80.4150     15.309    28.1236     1.2855 0.0000e+00
        743     15.475    10.2282   3.147717     1.1701     0.0116  0.0956335    80.0527     15.331    28.1400     1.2700 0.0000e+00
        744     15.497    10.1906   3.146416     1.1662     0.0116  0.0956682    79.7074     15.352    28.1562     1.2546 0.0000e+00
        745     15.519    10.1534   3.145132     1.1623     0.0117  0.0957059    79.3810     15.374    28.1724     1.2391 0.0000e+00
        746     15.541    10.1166   3.143866     1.1583     0.0117  0.0957469    79.0755     15.396    28.1884     1.2233 0.0000e+00
        747     15.563    10.0805   3.142622     1.1543     0.0117  0.0957915    78.7917     15.418    28.2042     1.2075 0.0000e+00
        748     15.585    10.0448   3.141398     1.1503     0.0118  0.0958391    78.5294     15.440    28.2198     1.1917 0.0000e+00
        749     15.607    10.0098   3.140194     1.1462     0.0118  0.0958867    78.2880     15.461    28.2351     1.1757 0.0000e+00
        750     15.629     9.9753   3.139010     1.1422     0.0118  0.0959303    78.0662     15.483    28.2503     1.1600 0.0000e+00
        751     15.650     9.9413   3.137848     1.1380     0.0118  0.0959686    77.8631     15.504    28.2653     1.1438 0.0000e+00
        752     15.672     9.9079   3.136705     1.1339     0.0118  0.0960017    77.6767     15.526    28.2800     1.1280 0.0000e+00
        753     15.694     9.8749   3.135582     1.1297     0.0118  0.0960301    77.5049     15.548    28.2946     1.1119 0.0000e+00
        754     15.715     9.8425   3.134481     1.1255     0.0118  0.0960537    77.3449     15.568    28.3090     1.0960 0.0000e+00
        755     15.737     9.8104   3.133400     1.1213     0.0118  0.0960729    77.1936     15.590    28.3234     1.0801 0.0000e+00
        756     15.759     9.7789   3.132342     1.1170     0.0118  0.0960877    77.0485     15.612    28.3376     1.0641 0.0000e+00
        757     15.780     9.7479   3.131307     1.1127     0.0118  0.0960983    76.9084     15.633    28.3516     1.0483 0.0000e+00
        758     15.802     9.7173   3.130295     1.1084     0.0117  0.0961046    76.7732     15.655    28.3655     1.0326 0.0000e+00
        759     15.823     9.6870   3.129305     1.1041     0.0117  0.0961069    76.6430     15.675    28.3795     1.0170 0.0000e+00
        760     15.845     9.6570   3.128338     1.0997     0.0116  0.0961050    76.5186     15.697    28.3934     1.0013 0.0000e+00
        761     15.866     9.6273   3.127394     1.0953     0.0116  0.0960989    76.4002     15.718    28.4074     0.9858 0.0000e+00
        762     15.888     9.5979   3.126473     1.0909     0.0115  0.0960887    76.2874     15.740    28.4214     0.9706 0.0000e+00
        763     15.909     9.5689   3.125576     1.0865     0.0114  0.0960743    76.1800     15.761    28.4353     0.9555 0.0000e+00
        764     15.931     9.5402   3.124704     1.0821     0.0113  0.0960555    76.0781     15.782    28.4492     0.9406 0.0000e+00
        765     15.952     9.5120   3.123856     1.0776     0.0112  0.0960322    75.9815     15.803    28.4630     0.9256 0.0000e+00
        766     15.974     9.4841   3.123033     1.0732     0.0111  0.0960042    75.8899     15.825    28.4768     0.9112 0.0000e+00
        767     15.995     9.4566   3.122236     1.0687     0.0109  0.0959715    75.8032     15.846    28.4906     0.8967 0.0000e+00
        768     16.016     9.4294   3.121463     1.0642     0.0108  0.0959336    75.7207     15.867    28.5044     0.8825 0.0000e+00
        769     16.038     9.4026   3.120716     1.0597     0.0106  0.0958905    75.6404     15.888    28.5182     0.8685 0.0000e+00
        770     16.059     9.3761   3.119994     1.0552     0.0104  0.0958417    75.5603     15.909    28.5320     0.8549 0.0000e+00
        771     16.080     9.3500   3.119295     1.0507     0.0102  0.0957869    75.4791     15.930    28.5457     0.8414 0.0000e+00
        772     16.102     9.3241   3.118623     1.0462     0.0100  0.0957258    75.3965     15.952    28.5596     0.8282 0.0000e+00
        773     16.123     9.2985   3.117975     1.0417     0.0098  0.0956588    75.3122     15.973    28.5734     0.8153 0.0000e+00
        774     16.144     9.2731   3.117352     1.0372     0.0096  0.0955888    75.2260     15.993    28.5874     0.8026 0.0000e+00
        775     16.165     9.2481   3.116755     1.0328     0.0093  0.0955203    75.1373     16.014    28.6013     0.7905 0.0000e+00
        776     16.187     9.2233   3.116182     1.0283     0.0091  0.0954565    75.0459     16.036    28.6154     0.7783 0.0000e+00
        777     16.208     9.1987   3.115635     1.0238     0.0089  0.0953975    74.9513     16.057    28.6295     0.7664 0.0000e+00
        778     16.230     9.1745   3.115112     1.0194     0.0087  0.0953431    74.8527     16.079    28.6436     0.7551 0.0000e+00
        779     16.251     9.1505   3.114614     1.0149     0.0086  0.0952929    74.7505     16.099    28.6578     0.7438 0.0000e+00
        780     16.272     9.1269   3.114139     1.0105     0.0084  0.0952465    74.6454     16.120    28.6719     0.7330 0.0000e+00
        781     16.293     9.1037   3.113688     1.0062     0.0083  0.0952035    74.5384     16.141    28.6860     0.7227 0.0000e+00
        782     16.315     9.0809   3.113260     1.0018     0.0081  0.0951637    74.4304     16.163    28.6999     0.7123 0.0000e+00
        783     16.336     9.0586   3.112855     0.9974     0.0080  0.0951269    74.3222     16.184    28.7138     0.7022 0.0000e+00
        784     16.357     9.0366   3.112471     0.9931     0.0079  0.0950926    74.2145     16.204    28.7276     0.6926 0.0000e+00
        785     16.378     9.0152   3.112111     0.9888     0.0078  0.0950608    74.1072     16.225    28.7411     0.6833 0.0000e+00
        786     16.399     8.9942   3.111770     0.9846     0.0077  0.0950312    74.0000     16.246    28.7546     0.6744 0.0000e+00
        787     16.420     8.9737   3.111449     0.9803     0.0076  0.0950036    73.8920     16.267    28.7679     0.6654 0.0000e+00
        788     16.442     8.9537   3.111148     0.9761     0.0075  0.0949777    73.7827     16.289    28.7810     0.6570 0.0000e+00
        789     16.463     8.9341   3.110866     0.9719     0.0074  0.0949535    73.6714     16.309    28.7939     0.6487 0.0000e+00
        790     16.484     8.9150   3.110603     0.9678     0.0074  0.0949307    73.5581     16.330    28.8067     0.6409 0.0000e+00
        791     16.506     8.8964   3.110358     0.9636     0.0073  0.0949092    73.4426     16.352    28.8193     0.6330 0.0000e+00
        792     16.527     8.8782   3.110130     0.9596     0.0072  0.0948888    73.3251     16.373    28.8317     0.6258 0.0000e+00
        793     16.548     8.8605   3.109921     0.9555     0.0072  0.0948695    73.2045     16.394    28.8439     0.6185 0.0000e+00
        794     16.570     8.8432   3.109729     0.9515     0.0071  0.0948509    73.0797     16.415    28.8560     0.6116 0.0000e+00
        795     16.591     8.8263   3.109554     0.9475     0.0071  0.0948331    72.9502     16.436    28.8679     0.6048 0.0000e+00
        796     16.613     8.8098   3.109395     0.9435     0.0070  0.0948160    72.8163     16.458    28.8797     0.5982 0.0000e+00
        797     16.634     8.7937   3.109252     0.9396     0.0070  0.0947993    72.6788     16.479    28.8913     0.5920 0.0000e+00
        798     16.655     8.7780   3.109126     0.9357     0.0069  0.0947829    72.5386     16.500    28.9028     0.5858 0.0000e+00
        799     16.677     8.7626   3.109015     0.9318     0.0069  0.0947669    72.3968     16.521    28.9142     0.5797 0.0000e+00
        800     16.698     8.7475   3.108919     0.9280     0.0068  0.0947518    72.2544     16.542    28.9255     0.5740 0.0000e+00
        801     16.719     8.7327   3.108840     0.9242     0.0068  0.0947393    72.1106     16.563    28.9368     0.5684 0.0000e+00
        802     16.741     8.7181   3.108774     0.9205     0.0068  0.0947302    71.9637     16.585    28.9480     0.5631 0.0000e+00
        803     16.763     8.7037   3.108725     0.9168     0.0067  0.0947244    71.8130     16.607    28.9593     0.5579 0.0000e+00
        804     16.784     8.6894   3.108689     0.9131     0.0067  0.0947218    71.6594     16.627    28.9706     0.5527 0.0000e+00
        805     16.805     8.6753   3.108669     0.9094     0.0067  0.0947224    71.5038     16.648    28.9819     0.5475 0.0000e+00
        806     16.827     8.6613   3.108664     0.9058     0.0067  0.0947263    71.3465     16.670    28.9933     0.5427 0.0000e+00
        807     16.848     8.6474   3.108674     0.9022     0.0067  0.0947334    71.1883     16.691    29.0048     0.5379 0.0000e+00
        808     16.870     8.6335   3.108699     0.8987     0.0066  0.0947438    71.0313     16.713    29.0164     0.5334 0.0000e+00
        809     16.891     8.6197   3.108740     0.8952     0.0066  0.0947576    70.8770     16.733    29.0282     0.5289 0.0000e+00
        810     16.913     8.6059   3.108796     0.8917     0.0066  0.0947749    70.7247     16.755    29.0401     0.5244 0.0000e+00
        811     16.934     8.5922   3.108868     0.8883     0.0066  0.0947958    70.5730     16.776    29.0521     0.5202 0.0000e+00
        812     16.956     8.5786   3.108955     0.8849     0.0066  0.0948205    70.4214     16.798    29.0641     0.5160 0.0000e+00
        813     16.977     8.5650   3.109059     0.8816     0.0066  0.0948490    70.2696     16.819    29.0764     0.5121 0.0000e+00
        814     16.999     8.5515   3.109178     0.8782     0.0066  0.0948817    70.1159     16.840    29.0887     0.5079 0.0000e+00
        815     17.020     8.5381   3.109313     0.8749     0.0066  0.0949187    69.9586     16.861    29.1011     0.5040 0.0000e+00
        816     17.042     8.5247   3.109464     0.8717     0.0066  0.0949603    69.7970     16.883    29.1137     0.5004 0.0000e+00
        817     17.063     8.5113   3.109630     0.8685     0.0067  0.0950068    69.6306     16.904    29.1265     0.4968 0.0000e+00
        818     17.085     8.4981   3.109814     0.8653     0.0067  0.0950585    69.4581     16.926    29.1393     0.4932 0.0000e+00
        819     17.107     8.4849   3.110014     0.8622     0.0067  0.0951158    69.2784     16.947    29.1522     0.4899 0.0000e+00
        820     17.128     8.4717   3.110231     0.8591     0.0067  0.0951790    69.0900     16.968    29.1654     0.4865 0.0000e+00
        821     17.150     8.4586   3.110464     0.8560     0.0067  0.0952487    68.8916     16.990    29.1786     0.4831 0.0000e+00
        822     17.171     8.4455   3.110714     0.8530     0.0068  0.0953252    68.6821     17.011    29.1920     0.4800 0.0000e+00
        823     17.193     8.4325   3.110980     0.8499     0.0068  0.0954092    68.4608     17.032    29.2055     0.4766 0.0000e+00
        824     17.215     8.4196   3.111265     0.8469     0.0068  0.0955004    68.2285     17.054    29.2192     0.4734 0.0000e+00
        825     17.236     8.4067   3.111567     0.8440     0.0069  0.0955951    67.9881     17.075    29.2330     0.4705 0.0000e+00
        826     17.258     8.3939   3.111885     0.8411     0.0069  0.0956872    67.7457     17.097    29.2469     0.4676 0.0000e+00
        827     17.280     8.3812   3.112222     0.8382     0.0069  0.0957731    67.5114     17.119    29.2609     0.4647 0.0000e+00
        828     17.301     8.3685   3.112575     0.8353     0.0070  0.0958526    67.2986     17.139    29.2751     0.4617 0.0000e+00
        829     17.323     8.3559   3.112945     0.8325     0.0070  0.0959261    67.1217     17.161    29.2895     0.4590 0.0000e+00
        830     17.345     8.3435   3.113332     0.8297     0.0070  0.0959943    66.9922     17.183    29.3038     0.4563 0.0000e+00
        831     17.366     8.3312   3.113736     0.8270     0.0070  0.0960576    66.9160     17.204    29.3182     0.4538 0.0000e+00
        832     17.388     8.3190   3.114157     0.8242     0.0071  0.0961164    66.8932     17.226    29.3328     0.4510 0.0000e+00
        833     17.410     8.3070   3.114594     0.8215     0.0071  0.0961712    66.9208     17.247    29.3473     0.4484 0.0000e+00
        834     17.431     8.2952   3.115047     0.8188     0.0071  0.0962223    66.9942     17.268    29.3618     0.4458 0.0000e+00
        835     17.453     8.2836   3.115515     0.8162     0.0071  0.0962700    67.1085     17.290    29.3764     0.4435 0.0000e+00
        836     17.475     8.2722   3.115999     0.8136     0.0071  0.0963148    67.2587     17.312    29.3910     0.4411 0.0000e+00
        837     17.497     8.2610   3.116499     0.8110     0.0071  0.0963569    67.4400     17.334    29.4055     0.4387 0.0000e+00
        838     17.519     8.2500   3.117013     0.8085     0.0071  0.0963966    67.6472     17.355    29.4201     0.4365 0.0000e+00
        839     17.541     8.2393   3.117542     0.8060     0.0071  0.0964343    67.8753     17.377    29.4345     0.4342 0.0000e+00
        840     17.563     8.2289   3.118087     0.8035     0.0071  0.0964700    68.1188     17.399    29.4489     0.4320 0.0000e+00
        841     17.585     8.2188   3.118647     0.8011     0.0071  0.0965042    68.3725     17.421    29.4632     0.4299 0.0000e+00
        842     17.607     8.2091   3.119223     0.7986     0.0071  0.0965370    68.6324     17.443    29.4774     0.4276 0.0000e+00
