data/2022/thursday_data/Station B1.cnv
* Sea-Bird SBE 9 Data File:
* FileName = C:\Users\ctd-user\Desktop\CTD data\MAR440 Sept 2022\Day2\Station B1.hex
* Software Version Seasave V 7.26.2.13
* Temperature SN = 4493
* Conductivity SN = 1899
* Number of Bytes Per Scan = 37
* Number of Voltage Words = 4
* Number of Scans Averaged by the Deck Unit = 1
* NMEA Latitude = 58 20.24 N
* NMEA Longitude = 011 54.01 E
* NMEA UTC (Time) = Sep 08 2022 08:31:21
* NMEA baud rate = 4800
** Ship:
** Station:
** Operator:
# nquan = 12                                
# nvalues = 2529                        
# units = specified
# name 0 = scan: Scan Count
# name 1 = prDM: Pressure, Digiquartz [db]
# name 2 = t090C: Temperature [ITS-90, deg C]
# name 3 = c0S/m: Conductivity [S/m]
# name 4 = sbeox0V: Oxygen raw, SBE 43 [V]
# name 5 = flECO-AFL: Fluorescence, WET Labs ECO-AFL/FL [mg/m^3]
# name 6 = upoly0: Upoly 0, Turbidity
# name 7 = xmiss: Beam Transmission, Chelsea/Seatech [%]
# name 8 = depSM: Depth [salt water, m], lat = 58.3373
# name 9 = sal00: Salinity, Practical [PSU]
# name 10 = sbeox0ML/L: Oxygen, SBE 43 [ml/l], WS = 2
# name 11 = flag: flag
# span 0 =          1,       2529       
# span 1 =      1.287,     39.288       
# span 2 =     8.0537,    18.6990       
# span 3 =   3.112756,   3.392360       
# span 4 =     0.5507,     2.5716       
# span 5 =     0.0061,     0.0404       
# span 6 =  0.0944248,  0.1084624       
# span 7 =    66.9286,    93.6997       
# span 8 =      1.275,     38.919       
# span 9 =    23.8737,    32.0166       
# span 10 =     0.1287,     5.0496      
# span 11 = 0.0000e+00, 0.0000e+00      
# interval = seconds: 0.0416667
# start_time = Sep 08 2022 08:31:21 [NMEA time, header]
# bad_flag = -9.990e-29
*END*
[from data line 482]
        483      1.300    18.5145   3.291821     2.5672     0.0235  0.0980554    85.5883      1.288    23.8813     5.0306 -9.990e-29
        484      1.300    18.5146   3.291823     2.5671     0.0235  0.0980640    85.5773      1.288    23.8813     5.0305 -9.990e-29
        485      1.300    18.5146   3.291825     2.5670     0.0235  0.0980718    85.5656      1.288    23.8813     5.0303 -9.990e-29
        486      1.300    18.5147   3.291828     2.5670     0.0235  0.0980791    85.5540      1.288    23.8813     5.0303 -9.990e-29
        487      1.300    18.5148   3.291830     2.5670     0.0235  0.0980857    85.5425      1.288    23.8812     5.0304 -9.990e-29
        488      1.300    18.5149   3.291834     2.5669     0.0235  0.0980918    85.5312      1.288    23.8812     5.0303 -9.990e-29
        489      1.300    18.5150   3.291837     2.5669     0.0235  0.0980973    85.5201      1.288    23.8812     5.0304 -9.990e-29
        490      1.299    18.5151   3.291841     2.5668     0.0235  0.0981024    85.5090      1.287    23.8812     5.0302 -9.990e-29
        491      1.299    18.5152   3.291845     2.5668     0.0235  0.0981071    85.4978      1.287    23.8811     5.0304 -9.990e-29
        492      1.299    18.5152   3.291850     2.5667     0.0235  0.0981113    85.4865      1.287    23.8812     5.0303 -9.990e-29
        493      1.299    18.5153   3.291854     2.5666     0.0235  0.0981152    85.4756      1.287    23.8811     5.0302 -9.990e-29
        494      1.299    18.5154   3.291861     2.5666     0.0236  0.0981187    85.4655      1.287    23.8811     5.0304 -9.990e-29
        495      1.299    18.5155   3.291866     2.5665     0.0236  0.0981220    85.4562      1.287    23.8811     5.0303 -9.990e-29
        496      1.299    18.5156   3.291873     2.5665     0.0236  0.0981249    85.4478      1.287    23.8811     5.0305 -9.990e-29
        497      1.299    18.5157   3.291880     2.5664     0.0236  0.0981275    85.4403      1.287    23.8811     5.0305 -9.990e-29
        498      1.298    18.5158   3.291888     2.5664     0.0236  0.0981299    85.4338      1.286    23.8811     5.0307 -9.990e-29
        499      1.299    18.5158   3.291895     2.5663     0.0236  0.0981320    85.4282      1.287    23.8812     5.0307 -9.990e-29
        500      1.299    18.5159   3.291902     2.5663     0.0237  0.0981339    85.4232      1.287    23.8812     5.0310 -9.990e-29
        501      1.299    18.5159   3.291910     2.5662     0.0237  0.0981356    85.4185      1.287    23.8812     5.0310 -9.990e-29
        502      1.298    18.5160   3.291917     2.5662     0.0237  0.0981371    85.4142      1.286    23.8812     5.0313 -9.990e-29
        503      1.298    18.5160   3.291925     2.5662     0.0237  0.0981384    85.4103      1.286    23.8813     5.0316 -9.990e-29
        504      1.298    18.5160   3.291932     2.5662     0.0237  0.0981396    85.4064      1.286    23.8814     5.0319 -9.990e-29
        505      1.298    18.5160   3.291939     2.5662     0.0238  0.0981405    85.4021      1.286    23.8814     5.0322 -9.990e-29
        506      1.298    18.5160   3.291945     2.5662     0.0238  0.0981413    85.3972      1.286    23.8815     5.0325 -9.990e-29
        507      1.298    18.5160   3.291951     2.5662     0.0238  0.0981419    85.3917      1.286    23.8815     5.0328 -9.990e-29
        508      1.298    18.5160   3.291956     2.5662     0.0238  0.0981423    85.3859      1.286    23.8816     5.0331 -9.990e-29
        509      1.298    18.5160   3.291961     2.5662     0.0238  0.0981426    85.3796      1.286    23.8816     5.0334 -9.990e-29
        510      1.298    18.5160   3.291965     2.5661     0.0239  0.0981428    85.3728      1.286    23.8816     5.0335 -9.990e-29
        511      1.298    18.5160   3.291969     2.5661     0.0239  0.0981428    85.3653      1.286    23.8817     5.0338 -9.990e-29
        512      1.298    18.5160   3.291972     2.5662     0.0239  0.0981426    85.3572      1.286    23.8817     5.0344 -9.990e-29
        513      1.298    18.5160   3.291975     2.5662     0.0239  0.0981423    85.3482      1.286    23.8817     5.0348 -9.990e-29
        514      1.298    18.5159   3.291976     2.5662     0.0239  0.0981418    85.3381      1.286    23.8818     5.0352 -9.990e-29
        515      1.298    18.5159   3.291978     2.5662     0.0239  0.0981412    85.3267      1.286    23.8818     5.0355 -9.990e-29
        516      1.298    18.5159   3.291980     2.5663     0.0239  0.0981404    85.3141      1.286    23.8818     5.0361 -9.990e-29
        517      1.298    18.5158   3.291981     2.5663     0.0239  0.0981394    85.3000      1.286    23.8819     5.0365 -9.990e-29
        518      1.298    18.5158   3.291981     2.5664     0.0239  0.0981383    85.2839      1.286    23.8819     5.0371 -9.990e-29
        519      1.298    18.5157   3.291981     2.5664     0.0239  0.0981369    85.2655      1.286    23.8819     5.0374 -9.990e-29
        520      1.298    18.5157   3.291981     2.5665     0.0239  0.0981354    85.2438      1.286    23.8819     5.0380 -9.990e-29
        521      1.298    18.5157   3.291980     2.5665     0.0239  0.0981337    85.2186      1.286    23.8819     5.0384 -9.990e-29
        522      1.298    18.5156   3.291978     2.5666     0.0239  0.0981317    85.1900      1.286    23.8820     5.0389 -9.990e-29
        523      1.298    18.5156   3.291976     2.5667     0.0239  0.0981295    85.1583      1.286    23.8819     5.0395 -9.990e-29
        524      1.298    18.5155   3.291974     2.5668     0.0239  0.0981271    85.1237      1.286    23.8820     5.0400 -9.990e-29
        525      1.298    18.5155   3.291971     2.5668     0.0239  0.0981244    85.0861      1.286    23.8820     5.0403 -9.990e-29
        526      1.298    18.5154   3.291968     2.5669     0.0239  0.0981215    85.0454      1.286    23.8820     5.0408 -9.990e-29
        527      1.299    18.5153   3.291964     2.5670     0.0239  0.0981182    85.0009      1.287    23.8820     5.0413 -9.990e-29
        528      1.299    18.5152   3.291961     2.5670     0.0239  0.0981146    84.9519      1.287    23.8821     5.0415 -9.990e-29
        529      1.299    18.5152   3.291957     2.5671     0.0239  0.0981115    84.8985      1.287    23.8820     5.0420 -9.990e-29
        530      1.299    18.5151   3.291954     2.5672     0.0239  0.0981098    84.8438      1.287    23.8821     5.0424 -9.990e-29
        531      1.299    18.5150   3.291949     2.5672     0.0239  0.0981085    84.7949      1.287    23.8821     5.0426 -9.990e-29
        532      1.299    18.5149   3.291945     2.5673     0.0239  0.0981068    84.7609      1.287    23.8821     5.0431 -9.990e-29
        533      1.300    18.5148   3.291939     2.5674     0.0239  0.0981047    84.7473      1.288    23.8821     5.0434 -9.990e-29
        534      1.300    18.5148   3.291935     2.5675     0.0239  0.0981022    84.7535      1.288    23.8821     5.0438 -9.990e-29
        535      1.300    18.5147   3.291930     2.5677     0.0239  0.0980993    84.7744      1.288    23.8821     5.0444 -9.990e-29
        536      1.300    18.5146   3.291925     2.5678     0.0239  0.0980959    84.8048      1.288    23.8821     5.0447 -9.990e-29
        537      1.301    18.5145   3.291919     2.5679     0.0239  0.0980920    84.8406      1.289    23.8821     5.0450 -9.990e-29
        538      1.301    18.5144   3.291914     2.5680     0.0239  0.0980876    84.8790      1.289    23.8821     5.0452 -9.990e-29
        539      1.301    18.5143   3.291908     2.5681     0.0239  0.0980827    84.9181      1.289    23.8822     5.0455 -9.990e-29
        540      1.301    18.5142   3.291902     2.5682     0.0239  0.0980772    84.9575      1.289    23.8822     5.0457 -9.990e-29
        541      1.301    18.5141   3.291896     2.5683     0.0238  0.0980711    84.9969      1.289    23.8822     5.0459 -9.990e-29
        542      1.301    18.5140   3.291891     2.5684     0.0238  0.0980643    85.0356      1.289    23.8822     5.0461 -9.990e-29
        543      1.302    18.5139   3.291884     2.5685     0.0238  0.0980569    85.0732      1.290    23.8822     5.0462 -9.990e-29
        544      1.302    18.5138   3.291878     2.5686     0.0238  0.0980487    85.1091      1.290    23.8822     5.0464 -9.990e-29
        545      1.302    18.5137   3.291873     2.5687     0.0238  0.0980397    85.1427      1.290    23.8822     5.0465 -9.990e-29
        546      1.302    18.5136   3.291866     2.5688     0.0238  0.0980298    85.1734      1.290    23.8822     5.0466 -9.990e-29
        547      1.303    18.5135   3.291860     2.5689     0.0237  0.0980189    85.2014      1.291    23.8822     5.0467 -9.990e-29
        548      1.303    18.5134   3.291854     2.5690     0.0237  0.0980071    85.2268      1.291    23.8822     5.0468 -9.990e-29
        549      1.303    18.5132   3.291847     2.5691     0.0237  0.0979942    85.2500      1.291    23.8823     5.0468 -9.990e-29
        550      1.303    18.5131   3.291841     2.5692     0.0237  0.0979801    85.2715      1.291    23.8823     5.0469 -9.990e-29
        551      1.303    18.5130   3.291834     2.5693     0.0236  0.0979646    85.2915      1.291    23.8823     5.0469 -9.990e-29
        552      1.304    18.5129   3.291828     2.5693     0.0236  0.0979479    85.3102      1.292    23.8823     5.0466 -9.990e-29
        553      1.304    18.5129   3.291821     2.5694     0.0236  0.0979295    85.3274      1.292    23.8823     5.0466 -9.990e-29
        554      1.304    18.5128   3.291815     2.5695     0.0235  0.0979104    85.3429      1.292    23.8823     5.0466 -9.990e-29
        555      1.305    18.5128   3.291809     2.5695     0.0235  0.0978921    85.3567      1.293    23.8822     5.0463 -9.990e-29
        556      1.305    18.5128   3.291802     2.5696     0.0235  0.0978753    85.3688      1.293    23.8822     5.0462 -9.990e-29
        557      1.305    18.5128   3.291796     2.5696     0.0235  0.0978599    85.3791      1.293    23.8821     5.0459 -9.990e-29
        558      1.305    18.5128   3.291790     2.5697     0.0235  0.0978457    85.3878      1.293    23.8821     5.0458 -9.990e-29
        559      1.305    18.5128   3.291784     2.5697     0.0234  0.0978327    85.3950      1.293    23.8820     5.0455 -9.990e-29
        560      1.306    18.5128   3.291778     2.5697     0.0234  0.0978209    85.4009      1.294    23.8820     5.0452 -9.990e-29
        561      1.306    18.5128   3.291772     2.5698     0.0234  0.0978100    85.4061      1.294    23.8819     5.0451 -9.990e-29
        562      1.306    18.5128   3.291767     2.5698     0.0234  0.0978000    85.4105      1.294    23.8819     5.0448 -9.990e-29
        563      1.306    18.5128   3.291761     2.5698     0.0234  0.0977909    85.4144      1.294    23.8818     5.0445 -9.990e-29
        564      1.306    18.5128   3.291756     2.5699     0.0234  0.0977826    85.4181      1.294    23.8818     5.0444 -9.990e-29
        565      1.307    18.5128   3.291751     2.5699     0.0234  0.0977751    85.4219      1.295    23.8818     5.0441 -9.990e-29
        566      1.307    18.5128   3.291746     2.5699     0.0234  0.0977682    85.4263      1.295    23.8817     5.0438 -9.990e-29
        567      1.307    18.5128   3.291740     2.5699     0.0234  0.0977619    85.4311      1.295    23.8817     5.0435 -9.990e-29
        568      1.307    18.5129   3.291735     2.5699     0.0234  0.0977563    85.4363      1.295    23.8816     5.0432 -9.990e-29
        569      1.308    18.5129   3.291730     2.5699     0.0234  0.0977512    85.4414      1.296    23.8815     5.0430 -9.990e-29
        570      1.308    18.5129   3.291724     2.5699     0.0234  0.0977467    85.4462      1.296    23.8815     5.0427 -9.990e-29
        571      1.308    18.5129   3.291719     2.5699     0.0234  0.0977426    85.4508      1.296    23.8814     5.0424 -9.990e-29
        572      1.309    18.5129   3.291713     2.5699     0.0234  0.0977390    85.4550      1.297    23.8814     5.0422 -9.990e-29
        573      1.309    18.5129   3.291708     2.5699     0.0234  0.0977358    85.4586      1.297    23.8814     5.0420 -9.990e-29
        574      1.309    18.5129   3.291703     2.5699     0.0235  0.0977330    85.4613      1.297    23.8813     5.0418 -9.990e-29
        575      1.310    18.5130   3.291698     2.5698     0.0235  0.0977307    85.4632      1.298    23.8812     5.0414 -9.990e-29
        576      1.310    18.5130   3.291692     2.5698     0.0235  0.0977287    85.4645      1.298    23.8812     5.0412 -9.990e-29
        577      1.311    18.5130   3.291687     2.5698     0.0235  0.0977270    85.4655      1.299    23.8811     5.0411 -9.990e-29
        578      1.312    18.5130   3.291682     2.5698     0.0236  0.0977258    85.4665      1.300    23.8811     5.0409 -9.990e-29
        579      1.312    18.5131   3.291678     2.5697     0.0236  0.0977248    85.4676      1.300    23.8810     5.0406 -9.990e-29
        580      1.313    18.5131   3.291673     2.5697     0.0236  0.0977242    85.4684      1.301    23.8810     5.0405 -9.990e-29
        581      1.313    18.5131   3.291669     2.5697     0.0237  0.0977240    85.4685      1.301    23.8809     5.0404 -9.990e-29
        582      1.314    18.5131   3.291665     2.5697     0.0237  0.0977240    85.4681      1.302    23.8809     5.0403 -9.990e-29
        583      1.315    18.5132   3.291661     2.5696     0.0237  0.0977244    85.4674      1.303    23.8808     5.0400 -9.990e-29
        584      1.315    18.5132   3.291657     2.5696     0.0237  0.0977251    85.4664      1.303    23.8808     5.0400 -9.990e-29
        585      1.316    18.5132   3.291654     2.5696     0.0237  0.0977271    85.4653      1.304    23.8807     5.0400 -9.990e-29
        586      1.316    18.5132   3.291651     2.5696     0.0238  0.0977310    85.4640      1.304    23.8807     5.0400 -9.990e-29
        587      1.317    18.5132   3.291648     2.5695     0.0238  0.0977362    85.4630      1.305    23.8807     5.0398 -9.990e-29
        588      1.317    18.5132   3.291646     2.5695     0.0238  0.0977418    85.4624      1.305    23.8807     5.0398 -9.990e-29
        589      1.318    18.5133   3.291643     2.5695     0.0238  0.0977479    85.4623      1.306    23.8806     5.0399 -9.990e-29
        590      1.318    18.5133   3.291639     2.5694     0.0238  0.0977545    85.4628      1.306    23.8806     5.0397 -9.990e-29
        591      1.319    18.5133   3.291636     2.5694     0.0238  0.0977616    85.4635      1.307    23.8805     5.0398 -9.990e-29
        592      1.320    18.5133   3.291633     2.5694     0.0238  0.0977693    85.4643      1.308    23.8805     5.0399 -9.990e-29
        593      1.320    18.5133   3.291629     2.5694     0.0238  0.0977776    85.4649      1.308    23.8805     5.0401 -9.990e-29
        594      1.321    18.5133   3.291626     2.5693     0.0238  0.0977867    85.4653      1.309    23.8805     5.0400 -9.990e-29
        595      1.321    18.5133   3.291623     2.5693     0.0238  0.0977965    85.4655      1.309    23.8804     5.0401 -9.990e-29
        596      1.321    18.5133   3.291619     2.5693     0.0238  0.0978072    85.4656      1.309    23.8804     5.0403 -9.990e-29
        597      1.322    18.5133   3.291616     2.5693     0.0238  0.0978187    85.4660      1.310    23.8804     5.0405 -9.990e-29
        598      1.322    18.5132   3.291613     2.5693     0.0238  0.0978313    85.4666      1.310    23.8804     5.0407 -9.990e-29
        599      1.322    18.5132   3.291610     2.5693     0.0238  0.0978449    85.4679      1.310    23.8804     5.0409 -9.990e-29
        600      1.322    18.5131   3.291607     2.5693     0.0238  0.0978597    85.4698      1.310    23.8804     5.0412 -9.990e-29
        601      1.322    18.5131   3.291604     2.5693     0.0238  0.0978758    85.4724      1.310    23.8804     5.0414 -9.990e-29
