data/2022/thursday_data/Station H3,1.cnv
* Sea-Bird SBE 9 Data File:
* FileName = C:\Users\ctd-user\Desktop\CTD data\MAR440 Sept 2022\Day2\Station H3,1.hex
* Software Version Seasave V 7.26.2.13
* Temperature SN = 4493
* Conductivity SN = 1899
* Number of Bytes Per Scan = 37
* Number of Voltage Words = 4
* Number of Scans Averaged by the Deck Unit = 1
* NMEA Latitude = 58 18.76 N
* NMEA Longitude = 011 46.05 E
* NMEA UTC (Time) = Sep 08 2022 13:04:40
* NMEA baud rate = 4800
** Ship:
** Station:
** Operator:
# nquan = 12                                
# nvalues = 2223                        
# units = specified
# name 0 = scan: Scan Count
# name 1 = prDM: Pressure, Digiquartz [db]
# name 2 = t090C: Temperature [ITS-90, deg C]
# name 3 = c0S/m: Conductivity [S/m]
# name 4 = sbeox0V: Oxygen raw, SBE 43 [V]
# name 5 = flECO-AFL: Fluorescence, WET Labs ECO-AFL/FL [mg/m^3]
# name 6 = upoly0: Upoly 0, Turbidity
# name 7 = xmiss: Beam Transmission, Chelsea/Seatech [%]
# name 8 = depSM: Depth [salt water, m], lat = 58.3127
# name 9 = sal00: Salinity, Practical [PSU]
# name 10 = sbeox0ML/L: Oxygen, SBE 43 [ml/l], WS = 2
# name 11 = flag: flag
# span 0 =          1,       2223       
# span 1 =      1.209,     39.499       
# span 2 =     6.2272,    18.5693       
# span 3 =   3.124843,   3.428508       
# span 4 =     0.5825,     2.7635       
# span 5 =     0.0026,     0.0195       
# span 6 =  0.0944319,  0.1118352       
# span 7 =    83.1145,    95.0892       
# span 8 =      1.198,     39.128       
# span 9 =    23.8455,    31.3647       
# span 10 =     0.2192,     5.5143      
# span 11 = 0.0000e+00, 0.0000e+00      
# interval = seconds: 0.0416667
# start_time = Sep 08 2022 13:04:40 [NMEA time, header]
# bad_flag = -9.990e-29
*END*
[from data line 602]
        603     13.859    17.2215   3.397571     1.9092     0.0192  0.0952457    92.9912     13.730    25.5205     3.2331 0.0000e+00
        604     13.881    17.2079   3.397387     1.9067     0.0192  0.0952263    93.0289     13.752    25.5275     3.2280 0.0000e+00
        605     13.903    17.1946   3.397198     1.9042     0.0192  0.0952069    93.0668     13.773    25.5343     3.2230 0.0000e+00
        606     13.925    17.1815   3.397004     1.9016     0.0192  0.0951872    93.1047     13.795    25.5409     3.2176 0.0000e+00
        607     13.947    17.1686   3.396805     1.8991     0.0191  0.0951673    93.1422     13.817    25.5474     3.2124 0.0000e+00
        608     13.969    17.1558   3.396600     1.8966     0.0191  0.0951469    93.1791     13.839    25.5538     3.2072 0.0000e+00
        609     13.991    17.1432   3.396389     1.8942     0.0191  0.0951258    93.2149     13.861    25.5599     3.2022 0.0000e+00
        610     14.014    17.1307   3.396174     1.8917     0.0190  0.0951040    93.2491     13.883    25.5660     3.1968 0.0000e+00
        611     14.036    17.1184   3.395953     1.8892     0.0190  0.0950813    93.2818     13.905    25.5720     3.1915 0.0000e+00
        612     14.058    17.1060   3.395726     1.8867     0.0189  0.0950576    93.3132     13.927    25.5779     3.1860 0.0000e+00
        613     14.081    17.0938   3.395493     1.8843     0.0189  0.0950334    93.3430     13.950    25.5837     3.1808 0.0000e+00
        614     14.103    17.0815   3.395253     1.8818     0.0188  0.0950104    93.3712     13.971    25.5894     3.1753 0.0000e+00
        615     14.125    17.0692   3.395009     1.8794     0.0188  0.0949893    93.3976     13.993    25.5952     3.1699 0.0000e+00
        616     14.147    17.0568   3.394757     1.8769     0.0188  0.0949698    93.4223     14.015    25.6009     3.1643 0.0000e+00
        617     14.170    17.0443   3.394498     1.8744     0.0187  0.0949519    93.4454     14.038    25.6066     3.1586 0.0000e+00
        618     14.192    17.0317   3.394233     1.8720     0.0187  0.0949354    93.4668     14.060    25.6124     3.1531 0.0000e+00
        619     14.214    17.0189   3.393960     1.8695     0.0187  0.0949203    93.4868     14.081    25.6182     3.1472 0.0000e+00
        620     14.236    17.0059   3.393680     1.8670     0.0186  0.0949063    93.5052     14.103    25.6241     3.1414 0.0000e+00
        621     14.259    16.9928   3.393394     1.8646     0.0186  0.0948935    93.5219     14.126    25.6300     3.1357 0.0000e+00
        622     14.281    16.9794   3.393099     1.8621     0.0186  0.0948817    93.5370     14.148    25.6361     3.1298 0.0000e+00
        623     14.303    16.9659   3.392797     1.8597     0.0185  0.0948709    93.5508     14.170    25.6421     3.1240 0.0000e+00
        624     14.326    16.9521   3.392486     1.8572     0.0185  0.0948609    93.5633     14.192    25.6483     3.1179 0.0000e+00
        625     14.348    16.9382   3.392166     1.8547     0.0185  0.0948517    93.5748     14.214    25.6544     3.1118 0.0000e+00
        626     14.371    16.9240   3.391838     1.8522     0.0184  0.0948432    93.5854     14.237    25.6607     3.1057 0.0000e+00
        627     14.393    16.9097   3.391501     1.8497     0.0184  0.0948355    93.5952     14.259    25.6669     3.0995 0.0000e+00
        628     14.415    16.8952   3.391154     1.8472     0.0184  0.0948283    93.6041     14.281    25.6732     3.0932 0.0000e+00
        629     14.438    16.8805   3.390797     1.8447     0.0184  0.0948217    93.6123     14.303    25.6796     3.0869 0.0000e+00
        630     14.460    16.8656   3.390429     1.8422     0.0183  0.0948157    93.6206     14.325    25.6860     3.0806 0.0000e+00
        631     14.483    16.8505   3.390050     1.8397     0.0183  0.0948101    93.6295     14.348    25.6924     3.0742 0.0000e+00
        632     14.505    16.8352   3.389660     1.8371     0.0183  0.0948050    93.6388     14.370    25.6989     3.0676 0.0000e+00
        633     14.528    16.8196   3.389257     1.8346     0.0183  0.0948003    93.6483     14.392    25.7055     3.0611 0.0000e+00
        634     14.550    16.8039   3.388843     1.8320     0.0182  0.0947959    93.6576     14.414    25.7120     3.0544 0.0000e+00
        635     14.573    16.7878   3.388417     1.8294     0.0182  0.0947919    93.6662     14.437    25.7187     3.0476 0.0000e+00
        636     14.595    16.7714   3.387977     1.8269     0.0182  0.0947883    93.6739     14.459    25.7255     3.0411 0.0000e+00
        637     14.617    16.7548   3.387527     1.8243     0.0181  0.0947849    93.6810     14.481    25.7323     3.0342 0.0000e+00
        638     14.640    16.7377   3.387064     1.8217     0.0181  0.0947818    93.6875     14.503    25.7393     3.0274 0.0000e+00
        639     14.662    16.7203   3.386589     1.8191     0.0181  0.0947789    93.6933     14.525    25.7464     3.0205 0.0000e+00
        640     14.685    16.7025   3.386101     1.8164     0.0180  0.0947763    93.6981     14.548    25.7537     3.0134 0.0000e+00
        641     14.708    16.6842   3.385601     1.8138     0.0180  0.0947739    93.7022     14.571    25.7612     3.0065 0.0000e+00
        642     14.730    16.6655   3.385087     1.8111     0.0180  0.0947717    93.7055     14.593    25.7689     2.9993 0.0000e+00
        643     14.753    16.6463   3.384560     1.8084     0.0179  0.0947696    93.7082     14.615    25.7767     2.9921 0.0000e+00
        644     14.775    16.6265   3.384018     1.8058     0.0179  0.0947678    93.7103     14.637    25.7849     2.9852 0.0000e+00
        645     14.798    16.6062   3.383460     1.8031     0.0179  0.0947660    93.7121     14.660    25.7932     2.9779 0.0000e+00
        646     14.820    16.5852   3.382887     1.8004     0.0179  0.0947644    93.7135     14.682    25.8018     2.9707 0.0000e+00
        647     14.842    16.5635   3.382298     1.7977     0.0178  0.0947630    93.7145     14.704    25.8108     2.9635 0.0000e+00
        648     14.865    16.5410   3.381691     1.7949     0.0178  0.0947616    93.7156     14.726    25.8201     2.9561 0.0000e+00
        649     14.887    16.5176   3.381066     1.7922     0.0178  0.0947604    93.7169     14.748    25.8299     2.9489 0.0000e+00
        650     14.910    16.4931   3.380421     1.7895     0.0177  0.0947593    93.7185     14.771    25.8402     2.9418 0.0000e+00
        651     14.932    16.4675   3.379758     1.7867     0.0177  0.0947582    93.7202     14.793    25.8511     2.9344 0.0000e+00
        652     14.955    16.4406   3.379074     1.7840     0.0177  0.0947573    93.7220     14.815    25.8627     2.9273 0.0000e+00
        653     14.977    16.4124   3.378369     1.7812     0.0176  0.0947564    93.7240     14.837    25.8749     2.9200 0.0000e+00
        654     14.999    16.3828   3.377644     1.7784     0.0176  0.0947556    93.7266     14.859    25.8879     2.9127 0.0000e+00
        655     15.022    16.3518   3.376898     1.7756     0.0176  0.0947548    93.7297     14.882    25.9016     2.9055 0.0000e+00
        656     15.044    16.3193   3.376131     1.7728     0.0175  0.0947542    93.7331     14.904    25.9161     2.8983 0.0000e+00
        657     15.067    16.2853   3.375344     1.7699     0.0175  0.0947535    93.7365     14.926    25.9315     2.8909 0.0000e+00
        658     15.090    16.2497   3.374534     1.7671     0.0175  0.0947530    93.7398     14.949    25.9477     2.8838 0.0000e+00
        659     15.112    16.2126   3.373701     1.7642     0.0174  0.0947525    93.7430     14.971    25.9647     2.8764 0.0000e+00
        660     15.135    16.1737   3.372843     1.7613     0.0174  0.0947520    93.7464     14.994    25.9827     2.8691 0.0000e+00
        661     15.157    16.1332   3.371962     1.7584     0.0173  0.0947515    93.7499     15.016    26.0016     2.8619 0.0000e+00
        662     15.180    16.0910   3.371053     1.7555     0.0173  0.0947512    93.7531     15.038    26.0213     2.8547 0.0000e+00
        663     15.203    16.0472   3.370117     1.7526     0.0172  0.0947508    93.7563     15.061    26.0419     2.8475 0.0000e+00
        664     15.225    16.0018   3.369155     1.7496     0.0171  0.0947505    93.7598     15.083    26.0634     2.8402 0.0000e+00
        665     15.247    15.9549   3.368164     1.7467     0.0171  0.0947502    93.7640     15.105    26.0857     2.8331 0.0000e+00
        666     15.270    15.9064   3.367146     1.7437     0.0170  0.0947499    93.7685     15.128    26.1088     2.8258 0.0000e+00
        667     15.292    15.8565   3.366099     1.7407     0.0170  0.0947497    93.7730     15.149    26.1326     2.8185 0.0000e+00
        668     15.315    15.8051   3.365024     1.7377     0.0169  0.0947495    93.7771     15.172    26.1572     2.8112 0.0000e+00
        669     15.337    15.7526   3.363921     1.7347     0.0169  0.0947493    93.7807     15.194    26.1823     2.8039 0.0000e+00
        670     15.360    15.6991   3.362791     1.7317     0.0168  0.0947491    93.7839     15.217    26.2080     2.7967 0.0000e+00
        671     15.382    15.6450   3.361637     1.7287     0.0168  0.0947489    93.7869     15.238    26.2338     2.7894 0.0000e+00
        672     15.404    15.5903   3.360457     1.7257     0.0167  0.0947488    93.7898     15.260    26.2599     2.7821 0.0000e+00
        673     15.427    15.5353   3.359254     1.7226     0.0167  0.0947487    93.7926     15.283    26.2860     2.7746 0.0000e+00
        674     15.449    15.4804   3.358030     1.7196     0.0167  0.0947486    93.7950     15.305    26.3120     2.7673 0.0000e+00
        675     15.471    15.4257   3.356785     1.7165     0.0166  0.0947486    93.7968     15.327    26.3377     2.7597 0.0000e+00
        676     15.494    15.3716   3.355521     1.7134     0.0166  0.0947485    93.7979     15.349    26.3628     2.7520 0.0000e+00
        677     15.516    15.3183   3.354241     1.7103     0.0166  0.0947485    93.7982     15.371    26.3874     2.7443 0.0000e+00
        678     15.539    15.2659   3.352943     1.7072     0.0165  0.0947484    93.7977     15.394    26.4112     2.7365 0.0000e+00
        679     15.561    15.2146   3.351632     1.7041     0.0165  0.0947485    93.7960     15.416    26.4342     2.7286 0.0000e+00
        680     15.583    15.1645   3.350308     1.7010     0.0165  0.0947485    93.7928     15.438    26.4564     2.7208 0.0000e+00
        681     15.605    15.1155   3.348973     1.6979     0.0164  0.0947485    93.7876     15.459    26.4777     2.7128 0.0000e+00
        682     15.628    15.0678   3.347631     1.6947     0.0164  0.0947486    93.7803     15.482    26.4982     2.7045 0.0000e+00
        683     15.650    15.0212   3.346285     1.6916     0.0164  0.0947486    93.7713     15.504    26.5179     2.6964 0.0000e+00
        684     15.672    14.9757   3.344938     1.6884     0.0163  0.0947487    93.7608     15.526    26.5369     2.6880 0.0000e+00
        685     15.694    14.9312   3.343593     1.6852     0.0163  0.0947488    93.7484     15.548    26.5552     2.6796 0.0000e+00
        686     15.717    14.8877   3.342253     1.6820     0.0163  0.0947490    93.7339     15.570    26.5730     2.6711 0.0000e+00
        687     15.739    14.8449   3.340918     1.6788     0.0162  0.0947491    93.7174     15.592    26.5903     2.6625 0.0000e+00
        688     15.761    14.8030   3.339594     1.6756     0.0162  0.0947493    93.6991     15.614    26.6072     2.6539 0.0000e+00
        689     15.784    14.7619   3.338282     1.6724     0.0162  0.0947495    93.6792     15.637    26.6236     2.6452 0.0000e+00
        690     15.806    14.7215   3.336984     1.6691     0.0161  0.0947497    93.6574     15.659    26.6397     2.6363 0.0000e+00
        691     15.828    14.6817   3.335698     1.6658     0.0161  0.0947499    93.6332     15.680    26.6555     2.6273 0.0000e+00
        692     15.850    14.6424   3.334426     1.6625     0.0160  0.0947502    93.6069     15.702    26.6711     2.6183 0.0000e+00
        693     15.872    14.6037   3.333170     1.6592     0.0160  0.0947505    93.5787     15.724    26.6865     2.6093 0.0000e+00
        694     15.894    14.5655   3.331930     1.6559     0.0160  0.0947508    93.5488     15.746    26.7017     2.6003 0.0000e+00
        695     15.917    14.5279   3.330704     1.6525     0.0159  0.0947512    93.5171     15.768    26.7166     2.5910 0.0000e+00
        696     15.939    14.4908   3.329494     1.6492     0.0159  0.0947516    93.4835     15.790    26.7314     2.5819 0.0000e+00
        697     15.961    14.4543   3.328297     1.6458     0.0158  0.0947520    93.4484     15.812    26.7459     2.5726 0.0000e+00
        698     15.984    14.4181   3.327113     1.6424     0.0158  0.0947525    93.4119     15.835    26.7603     2.5633 0.0000e+00
        699     16.006    14.3824   3.325941     1.6390     0.0157  0.0947530    93.3740     15.857    26.7744     2.5540 0.0000e+00
        700     16.028    14.3470   3.324781     1.6355     0.0157  0.0947536    93.3346     15.878    26.7885     2.5445 0.0000e+00
        701     16.050    14.3119   3.323633     1.6321     0.0156  0.0947542    93.2938     15.900    26.8025     2.5352 0.0000e+00
        702     16.072    14.2772   3.322495     1.6286     0.0156  0.0947549    93.2515     15.922    26.8164     2.5257 0.0000e+00
        703     16.095    14.2427   3.321368     1.6251     0.0155  0.0947557    93.2074     15.945    26.8302     2.5163 0.0000e+00
        704     16.117    14.2087   3.320253     1.6217     0.0155  0.0947565    93.1618     15.967    26.8438     2.5071 0.0000e+00
        705     16.139    14.1750   3.319148     1.6182     0.0154  0.0947574    93.1152     15.988    26.8573     2.4977 0.0000e+00
        706     16.161    14.1417   3.318056     1.6146     0.0154  0.0947583    93.0682     16.010    26.8706     2.4882 0.0000e+00
        707     16.183    14.1089   3.316976     1.6111     0.0153  0.0947594    93.0212     16.032    26.8837     2.4789 0.0000e+00
        708     16.206    14.0766   3.315907     1.6076     0.0152  0.0947605    92.9747     16.055    26.8966     2.4697 0.0000e+00
        709     16.228    14.0446   3.314849     1.6040     0.0151  0.0947618    92.9287     16.077    26.9094     2.4603 0.0000e+00
        710     16.250    14.0131   3.313802     1.6005     0.0151  0.0947631    92.8834     16.098    26.9220     2.4513 0.0000e+00
        711     16.272    13.9820   3.312766     1.5969     0.0150  0.0947646    92.8386     16.120    26.9344     2.4420 0.0000e+00
        712     16.294    13.9512   3.311740     1.5934     0.0149  0.0947662    92.7942     16.142    26.9466     2.4332 0.0000e+00
        713     16.316    13.9207   3.310724     1.5898     0.0148  0.0947679    92.7502     16.164    26.9588     2.4242 0.0000e+00
        714     16.338    13.8904   3.309717     1.5862     0.0146  0.0947698    92.7066     16.186    26.9710     2.4153 0.0000e+00
        715     16.360    13.8603   3.308720     1.5827     0.0145  0.0947719    92.6638     16.207    26.9830     2.4067 0.0000e+00
        716     16.382    13.8303   3.307734     1.5791     0.0144  0.0947741    92.6218     16.229    26.9952     2.3980 0.0000e+00
        717     16.404    13.8004   3.306759     1.5756     0.0143  0.0947766    92.5809     16.251    27.0074     2.3897 0.0000e+00
        718     16.426    13.7705   3.305796     1.5720     0.0142  0.0947792    92.5412     16.273    27.0197     2.3813 0.0000e+00
        719     16.448    13.7406   3.304847     1.5684     0.0141  0.0947821    92.5031     16.295    27.0321     2.3729 0.0000e+00
        720     16.470    13.7107   3.303910     1.5649     0.0140  0.0947852    92.4671     16.316    27.0446     2.3650 0.0000e+00
        721     16.492    13.6807   3.302985     1.5613     0.0139  0.0947886    92.4334     16.338    27.0574     2.3570 0.0000e+00
