data/2022/thursday_data/Station B3.cnv
* Sea-Bird SBE 9 Data File:
* FileName = C:\Users\ctd-user\Desktop\CTD data\MAR440 Sept 2022\Day2\Station B3.hex
* Software Version Seasave V 7.26.2.13
* Temperature SN = 4493
* Conductivity SN = 1899
* Number of Bytes Per Scan = 37
* Number of Voltage Words = 4
* Number of Scans Averaged by the Deck Unit = 1
* NMEA Latitude = 58 19.79 N
* NMEA Longitude = 011 51.99 E
* NMEA UTC (Time) = Sep 08 2022 10:22:31
* NMEA baud rate = 4800
** Ship:
** Station:
** Operator:
# nquan = 12                                
# nvalues = 2701                        
# units = specified
# name 0 = scan: Scan Count
# name 1 = prDM: Pressure, Digiquartz [db]
# name 2 = t090C: Temperature [ITS-90, deg C]
# name 3 = c0S/m: Conductivity [S/m]
# name 4 = sbeox0V: Oxygen raw, SBE 43 [V]
# name 5 = flECO-AFL: Fluorescence, WET Labs ECO-AFL/FL [mg/m^3]
# name 6 = upoly0: Upoly 0, Turbidity
# name 7 = xmiss: Beam Transmission, Chelsea/Seatech [%]
# name 8 = depSM: Depth [salt water, m], lat = 58.3298
# name 9 = sal00: Salinity, Practical [PSU]
# name 10 = sbeox0ML/L: Oxygen, SBE 43 [ml/l], WS = 2
# name 11 = flag: flag
# span 0 =          1,       2701       
# span 1 =      1.478,     45.543       
# span 2 =     8.0795,    18.5008       
# span 3 =   3.103419,   3.394416       
# span 4 =     0.5558,     2.6883       
# span 5 =     0.0052,     0.0458       
# span 6 =  0.0939894,  0.1070858       
# span 7 =    71.6920,    95.6057       
# span 8 =      1.464,     45.115       
# span 9 =    23.7478,    32.0367       
# span 10 =     0.1440,     5.3571      
# span 11 = 0.0000e+00, 0.0000e+00      
# interval = seconds: 0.0416667
# start_time = Sep 08 2022 10:22:31 [NMEA time, header]
# bad_flag = -9.990e-29
*END*
[from data line 963]
        964     10.159    18.2726   3.361931     2.0819     0.0159  0.0972516    91.4882     10.064    24.5853     3.4183 0.0000e+00
        965     10.180    18.2587   3.361982     2.0771     0.0158  0.0972346    91.5174     10.085    24.5940     3.4089 0.0000e+00
        966     10.201    18.2439   3.362014     2.0724     0.0158  0.0972180    91.5466     10.106    24.6031     3.3999 0.0000e+00
        967     10.222    18.2282   3.362029     2.0676     0.0157  0.0972015    91.5761     10.127    24.6126     3.3908 0.0000e+00
        968     10.243    18.2114   3.362028     2.0629     0.0156  0.0971851    91.6054     10.148    24.6226     3.3821 0.0000e+00
        969     10.264    18.1934   3.362011     2.0582     0.0156  0.0971687    91.6347     10.168    24.6333     3.3736 0.0000e+00
        970     10.285    18.1741   3.361977     2.0536     0.0155  0.0971522    91.6639     10.189    24.6445     3.3655 0.0000e+00
        971     10.306    18.1534   3.361927     2.0490     0.0155  0.0971354    91.6931     10.210    24.6565     3.3576 0.0000e+00
        972     10.327    18.1311   3.361861     2.0444     0.0154  0.0971183    91.7223     10.231    24.6694     3.3499 0.0000e+00
        973     10.348    18.1075   3.361779     2.0399     0.0154  0.0971006    91.7517     10.252    24.6828     3.3426 0.0000e+00
        974     10.369    18.0828   3.361683     2.0354     0.0153  0.0970824    91.7815     10.272    24.6969     3.3354 0.0000e+00
        975     10.390    18.0576   3.361577     2.0309     0.0153  0.0970634    91.8119     10.293    24.7112     3.3284 0.0000e+00
        976     10.411    18.0326   3.361464     2.0265     0.0152  0.0970436    91.8429     10.314    24.7253     3.3217 0.0000e+00
        977     10.432    18.0082   3.361344     2.0221     0.0152  0.0970227    91.8746     10.335    24.7390     3.3151 0.0000e+00
        978     10.453    17.9843   3.361217     2.0177     0.0151  0.0970007    91.9074     10.356    24.7524     3.3085 0.0000e+00
        979     10.474    17.9610   3.361085     2.0134     0.0151  0.0969774    91.9415     10.376    24.7654     3.3023 0.0000e+00
        980     10.495    17.9381   3.360946     2.0092     0.0150  0.0969527    91.9768     10.397    24.7780     3.2964 0.0000e+00
        981     10.516    17.9156   3.360802     2.0050     0.0150  0.0969271    92.0128     10.418    24.7905     3.2905 0.0000e+00
        982     10.537    17.8932   3.360649     2.0008     0.0149  0.0969023    92.0495     10.439    24.8028     3.2847 0.0000e+00
        983     10.558    17.8707   3.360487     1.9966     0.0149  0.0968789    92.0869     10.460    24.8151     3.2790 0.0000e+00
        984     10.579    17.8479   3.360317     1.9926     0.0149  0.0968567    92.1253     10.480    24.8275     3.2738 0.0000e+00
        985     10.600    17.8245   3.360136     1.9885     0.0148  0.0968357    92.1648     10.501    24.8402     3.2684 0.0000e+00
        986     10.620    17.8004   3.359945     1.9845     0.0148  0.0968155    92.2060     10.521    24.8533     3.2634 0.0000e+00
        987     10.641    17.7753   3.359745     1.9805     0.0147  0.0967962    92.2491     10.542    24.8669     3.2584 0.0000e+00
        988     10.662    17.7489   3.359533     1.9766     0.0147  0.0967776    92.2944     10.563    24.8812     3.2538 0.0000e+00
        989     10.683    17.7216   3.359313     1.9728     0.0147  0.0967595    92.3422     10.583    24.8960     3.2494 0.0000e+00
        990     10.704    17.6939   3.359086     1.9689     0.0146  0.0967418    92.3926     10.604    24.9110     3.2448 0.0000e+00
        991     10.725    17.6666   3.358855     1.9652     0.0146  0.0967244    92.4457     10.625    24.9258     3.2408 0.0000e+00
        992     10.746    17.6398   3.358621     1.9614     0.0146  0.0967072    92.5015     10.646    24.9402     3.2364 0.0000e+00
        993     10.766    17.6136   3.358382     1.9577     0.0145  0.0966900    92.5599     10.666    24.9542     3.2323 0.0000e+00
        994     10.787    17.5881   3.358140     1.9541     0.0145  0.0966728    92.6208     10.686    24.9679     3.2284 0.0000e+00
        995     10.808    17.5636   3.357895     1.9505     0.0145  0.0966554    92.6845     10.707    24.9808     3.2245 0.0000e+00
        996     10.829    17.5400   3.357646     1.9470     0.0144  0.0966377    92.7510     10.728    24.9932     3.2207 0.0000e+00
        997     10.850    17.5172   3.357394     1.9435     0.0144  0.0966195    92.8200     10.749    25.0051     3.2170 0.0000e+00
        998     10.871    17.4949   3.357135     1.9400     0.0143  0.0966008    92.8912     10.770    25.0167     3.2132 0.0000e+00
        999     10.892    17.4731   3.356871     1.9366     0.0143  0.0965814    92.9643     10.790    25.0279     3.2096 0.0000e+00
       1000     10.912    17.4515   3.356599     1.9332     0.0142  0.0965612    93.0385     10.810    25.0389     3.2059 0.0000e+00
       1001     10.933    17.4301   3.356322     1.9298     0.0142  0.0965400    93.1130     10.831    25.0498     3.2022 0.0000e+00
       1002     10.954    17.4086   3.356038     1.9265     0.0141  0.0965177    93.1868     10.852    25.0607     3.1988 0.0000e+00
       1003     10.975    17.3874   3.355754     1.9233     0.0141  0.0964941    93.2588     10.873    25.0714     3.1955 0.0000e+00
       1004     10.996    17.3669   3.355468     1.9201     0.0140  0.0964692    93.3282     10.894    25.0817     3.1921 0.0000e+00
       1005     11.017    17.3473   3.355183     1.9169     0.0139  0.0964426    93.3944     10.914    25.0914     3.1887 0.0000e+00
       1006     11.038    17.3286   3.354899     1.9138     0.0139  0.0964150    93.4571     10.935    25.1006     3.1855 0.0000e+00
       1007     11.059    17.3110   3.354615     1.9107     0.0138  0.0963881    93.5157     10.956    25.1092     3.1821 0.0000e+00
       1008     11.080    17.2946   3.354334     1.9076     0.0137  0.0963623    93.5702     10.977    25.1170     3.1786 0.0000e+00
       1009     11.101    17.2796   3.354053     1.9046     0.0136  0.0963377    93.6205     10.998    25.1239     3.1753 0.0000e+00
       1010     11.122    17.2659   3.353774     1.9016     0.0136  0.0963139    93.6668     11.018    25.1301     3.1719 0.0000e+00
       1011     11.143    17.2535   3.353495     1.8986     0.0135  0.0962908    93.7094     11.039    25.1354     3.1683 0.0000e+00
       1012     11.164    17.2424   3.353215     1.8957     0.0135  0.0962683    93.7489     11.060    25.1400     3.1648 0.0000e+00
       1013     11.186    17.2322   3.352934     1.8928     0.0134  0.0962461    93.7851     11.082    25.1440     3.1613 0.0000e+00
       1014     11.207    17.2225   3.352647     1.8900     0.0133  0.0962242    93.8180     11.103    25.1476     3.1579 0.0000e+00
       1015     11.228    17.2129   3.352358     1.8872     0.0133  0.0962024    93.8477     11.123    25.1511     3.1544 0.0000e+00
       1016     11.249    17.2032   3.352065     1.8844     0.0132  0.0961806    93.8745     11.144    25.1547     3.1508 0.0000e+00
       1017     11.270    17.1934   3.351771     1.8816     0.0132  0.0961585    93.8988     11.165    25.1584     3.1472 0.0000e+00
       1018     11.291    17.1834   3.351477     1.8789     0.0131  0.0961360    93.9209     11.186    25.1621     3.1437 0.0000e+00
       1019     11.312    17.1732   3.351185     1.8762     0.0131  0.0961131    93.9411     11.207    25.1660     3.1402 0.0000e+00
       1020     11.333    17.1626   3.350896     1.8736     0.0130  0.0960894    93.9597     11.227    25.1702     3.1368 0.0000e+00
       1021     11.355    17.1519   3.350612     1.8709     0.0130  0.0960649    93.9772     11.249    25.1745     3.1331 0.0000e+00
       1022     11.376    17.1409   3.350330     1.8683     0.0129  0.0960394    93.9939     11.270    25.1790     3.1296 0.0000e+00
       1023     11.397    17.1301   3.350056     1.8657     0.0129  0.0960127    94.0099     11.291    25.1834     3.1259 0.0000e+00
       1024     11.418    17.1195   3.349788     1.8632     0.0128  0.0959846    94.0253     11.312    25.1878     3.1224 0.0000e+00
       1025     11.439    17.1094   3.349525     1.8606     0.0127  0.0959550    94.0403     11.332    25.1918     3.1186 0.0000e+00
       1026     11.461    17.0998   3.349266     1.8581     0.0127  0.0959235    94.0549     11.354    25.1957     3.1148 0.0000e+00
       1027     11.482    17.0907   3.349010     1.8556     0.0126  0.0958901    94.0693     11.375    25.1992     3.1109 0.0000e+00
       1028     11.503    17.0820   3.348753     1.8531     0.0125  0.0958544    94.0842     11.396    25.2025     3.1069 0.0000e+00
       1029     11.525    17.0738   3.348495     1.8507     0.0125  0.0958162    94.0999     11.418    25.2054     3.1030 0.0000e+00
       1030     11.546    17.0660   3.348237     1.8482     0.0124  0.0957753    94.1165     11.438    25.2081     3.0987 0.0000e+00
       1031     11.567    17.0585   3.347978     1.8458     0.0123  0.0957322    94.1335     11.459    25.2106     3.0946 0.0000e+00
       1032     11.589    17.0513   3.347717     1.8434     0.0122  0.0956892    94.1508     11.481    25.2129     3.0903 0.0000e+00
       1033     11.610    17.0444   3.347457     1.8410     0.0121  0.0956485    94.1682     11.502    25.2151     3.0858 0.0000e+00
       1034     11.632    17.0379   3.347197     1.8386     0.0120  0.0956106    94.1863     11.524    25.2169     3.0812 0.0000e+00
       1035     11.653    17.0315   3.346936     1.8362     0.0120  0.0955754    94.2056     11.544    25.2187     3.0764 0.0000e+00
       1036     11.675    17.0252   3.346677     1.8338     0.0119  0.0955426    94.2265     11.566    25.2205     3.0715 0.0000e+00
       1037     11.696    17.0189   3.346420     1.8315     0.0118  0.0955119    94.2491     11.587    25.2223     3.0667 0.0000e+00
       1038     11.718    17.0126   3.346166     1.8291     0.0118  0.0954831    94.2730     11.609    25.2241     3.0614 0.0000e+00
       1039     11.739    17.0064   3.345915     1.8268     0.0117  0.0954561    94.2980     11.630    25.2259     3.0563 0.0000e+00
       1040     11.761    17.0003   3.345668     1.8245     0.0117  0.0954306    94.3236     11.651    25.2276     3.0510 0.0000e+00
       1041     11.783    16.9942   3.345422     1.8222     0.0116  0.0954064    94.3498     11.673    25.2294     3.0456 0.0000e+00
       1042     11.805    16.9882   3.345180     1.8198     0.0116  0.0953835    94.3764     11.695    25.2311     3.0397 0.0000e+00
       1043     11.826    16.9824   3.344940     1.8175     0.0116  0.0953616    94.4031     11.716    25.2327     3.0340 0.0000e+00
       1044     11.848    16.9767   3.344701     1.8152     0.0115  0.0953406    94.4296     11.738    25.2343     3.0281 0.0000e+00
       1045     11.870    16.9712   3.344466     1.8129     0.0115  0.0953203    94.4555     11.759    25.2357     3.0220 0.0000e+00
       1046     11.892    16.9659   3.344233     1.8106     0.0115  0.0953006    94.4805     11.781    25.2371     3.0158 0.0000e+00
       1047     11.914    16.9607   3.344001     1.8083     0.0114  0.0952814    94.5048     11.803    25.2384     3.0095 0.0000e+00
       1048     11.935    16.9556   3.343769     1.8060     0.0114  0.0952625    94.5283     11.824    25.2396     3.0029 0.0000e+00
       1049     11.957    16.9504   3.343536     1.8036     0.0114  0.0952438    94.5513     11.846    25.2409     2.9961 0.0000e+00
       1050     11.979    16.9452   3.343303     1.8013     0.0113  0.0952252    94.5736     11.867    25.2422     2.9893 0.0000e+00
       1051     12.001    16.9398   3.343070     1.7989     0.0113  0.0952065    94.5952     11.889    25.2437     2.9821 0.0000e+00
       1052     12.023    16.9344   3.342835     1.7965     0.0113  0.0951876    94.6162     11.911    25.2451     2.9748 0.0000e+00
       1053     12.045    16.9291   3.342600     1.7941     0.0113  0.0951684    94.6362     11.933    25.2464     2.9674 0.0000e+00
       1054     12.067    16.9239   3.342365     1.7916     0.0113  0.0951488    94.6553     11.955    25.2477     2.9596 0.0000e+00
       1055     12.089    16.9188   3.342130     1.7892     0.0112  0.0951285    94.6732     11.976    25.2489     2.9519 0.0000e+00
       1056     12.111    16.9139   3.341896     1.7867     0.0112  0.0951075    94.6902     11.998    25.2500     2.9438 0.0000e+00
       1057     12.132    16.9090   3.341660     1.7842     0.0112  0.0950856    94.7071     12.019    25.2511     2.9356 0.0000e+00
       1058     12.154    16.9042   3.341424     1.7816     0.0112  0.0950635    94.7247     12.041    25.2521     2.9270 0.0000e+00
       1059     12.176    16.8995   3.341186     1.7790     0.0112  0.0950428    94.7428     12.062    25.2531     2.9183 0.0000e+00
       1060     12.198    16.8948   3.340945     1.7764     0.0112  0.0950241    94.7613     12.084    25.2540     2.9094 0.0000e+00
       1061     12.221    16.8902   3.340701     1.7737     0.0111  0.0950074    94.7796     12.107    25.2548     2.9002 0.0000e+00
       1062     12.243    16.8856   3.340454     1.7711     0.0111  0.0949925    94.7975     12.129    25.2556     2.8911 0.0000e+00
       1063     12.265    16.8811   3.340204     1.7684     0.0111  0.0949793    94.8149     12.151    25.2563     2.8816 0.0000e+00
       1064     12.287    16.8766   3.339949     1.7656     0.0111  0.0949678    94.8319     12.172    25.2570     2.8718 0.0000e+00
       1065     12.309    16.8723   3.339694     1.7628     0.0111  0.0949578    94.8488     12.194    25.2576     2.8619 0.0000e+00
       1066     12.331    16.8679   3.339436     1.7600     0.0111  0.0949492    94.8656     12.216    25.2582     2.8520 0.0000e+00
       1067     12.353    16.8635   3.339174     1.7572     0.0111  0.0949421    94.8819     12.238    25.2587     2.8419 0.0000e+00
       1068     12.375    16.8590   3.338908     1.7543     0.0111  0.0949363    94.8979     12.260    25.2593     2.8314 0.0000e+00
       1069     12.397    16.8544   3.338639     1.7515     0.0110  0.0949319    94.9133     12.281    25.2599     2.8212 0.0000e+00
       1070     12.419    16.8497   3.338365     1.7485     0.0110  0.0949288    94.9282     12.303    25.2606     2.8103 0.0000e+00
       1071     12.441    16.8448   3.338087     1.7456     0.0110  0.0949269    94.9421     12.325    25.2613     2.7997 0.0000e+00
       1072     12.463    16.8396   3.337802     1.7426     0.0110  0.0949263    94.9549     12.347    25.2622     2.7888 0.0000e+00
       1073     12.486    16.8342   3.337511     1.7396     0.0110  0.0949269    94.9664     12.370    25.2631     2.7778 0.0000e+00
       1074     12.508    16.8284   3.337214     1.7365     0.0110  0.0949288    94.9767     12.391    25.2643     2.7666 0.0000e+00
       1075     12.530    16.8224   3.336911     1.7335     0.0110  0.0949320    94.9858     12.413    25.2655     2.7555 0.0000e+00
       1076     12.552    16.8160   3.336601     1.7303     0.0110  0.0949364    94.9938     12.435    25.2669     2.7439 0.0000e+00
       1077     12.574    16.8092   3.336282     1.7272     0.0110  0.0949422    95.0008     12.457    25.2685     2.7326 0.0000e+00
       1078     12.596    16.8020   3.335956     1.7239     0.0110  0.0949494    95.0072     12.479    25.2702     2.7207 0.0000e+00
       1079     12.619    16.7942   3.335620     1.7207     0.0110  0.0949579    95.0133     12.501    25.2723     2.7091 0.0000e+00
       1080     12.641    16.7858   3.335274     1.7174     0.0109  0.0949680    95.0192     12.523    25.2747     2.6972 0.0000e+00
       1081     12.663    16.7768   3.334917     1.7141     0.0109  0.0949796    95.0249     12.545    25.2773     2.6854 0.0000e+00
       1082     12.685    16.7670   3.334548     1.7107     0.0109  0.0949928    95.0303     12.567    25.2804     2.6733 0.0000e+00
