data/2022/thursday_data/Station H1.cnv
* Sea-Bird SBE 9 Data File:
* FileName = C:\Users\ctd-user\Desktop\CTD data\MAR440 Sept 2022\Day2\Station H1.hex
* Software Version Seasave V 7.26.2.13
* Temperature SN = 4493
* Conductivity SN = 1899
* Number of Bytes Per Scan = 37
* Number of Voltage Words = 4
* Number of Scans Averaged by the Deck Unit = 1
* NMEA Latitude = 58 19.25 N
* NMEA Longitude = 011 49.09 E
* NMEA UTC (Time) = Sep 08 2022 11:46:29
* NMEA baud rate = 4800
** Ship:
** Station:
** Operator:
# nquan = 12                                
# nvalues = 2171                        
# units = specified
# name 0 = scan: Scan Count
# name 1 = prDM: Pressure, Digiquartz [db]
# name 2 = t090C: Temperature [ITS-90, deg C]
# name 3 = c0S/m: Conductivity [S/m]
# name 4 = sbeox0V: Oxygen raw, SBE 43 [V]
# name 5 = flECO-AFL: Fluorescence, WET Labs ECO-AFL/FL [mg/m^3]
# name 6 = upoly0: Upoly 0, Turbidity
# name 7 = xmiss: Beam Transmission, Chelsea/Seatech [%]
# name 8 = depSM: Depth [salt water, m], lat = 58.3208
# name 9 = sal00: Salinity, Practical [PSU]
# name 10 = sbeox0ML/L: Oxygen, SBE 43 [ml/l], WS = 2
# name 11 = flag: flag
# span 0 =          1,       2171       
# span 1 =      0.959,     24.122       
# span 2 =    11.7907,    18.7001       
# span 3 =   3.262364,   3.530071       
# span 4 =     1.1120,     2.7543       
# span 5 =     0.0027,     0.0236       
# span 6 =  0.0952553,  0.0993768       
# span 7 =    82.6202,    94.6263       
# span 8 =      0.950,     23.896       
# span 9 =    23.7284,    30.0789       
# span 10 =     1.6281,     5.5172      
# span 11 = 0.0000e+00, 0.0000e+00      
# interval = seconds: 0.0416667
# start_time = Sep 08 2022 11:46:29 [NMEA time, header]
# bad_flag = -9.990e-29
*END*
[from data line 482]
        483      3.570    18.3714   3.264031     2.7519     0.0235  0.0990986    85.3158      3.537    23.7402     5.4947 -9.990e-29
        484      3.576    18.3715   3.264038     2.7518     0.0235  0.0991007    85.3291      3.543    23.7402     5.4942 -9.990e-29
        485      3.582    18.3717   3.264047     2.7516     0.0235  0.0991026    85.3415      3.549    23.7401     5.4935 -9.990e-29
        486      3.588    18.3718   3.264056     2.7514     0.0235  0.0991042    85.3532      3.555    23.7401     5.4929 -9.990e-29
        487      3.594    18.3720   3.264067     2.7512     0.0235  0.0991055    85.3645      3.561    23.7401     5.4922 -9.990e-29
        488      3.601    18.3722   3.264078     2.7510     0.0235  0.0991066    85.3755      3.568    23.7401     5.4917 -9.990e-29
        489      3.607    18.3724   3.264090     2.7508     0.0235  0.0991074    85.3865      3.573    23.7401     5.4912 -9.990e-29
        490      3.613    18.3726   3.264104     2.7506     0.0235  0.0991080    85.3973      3.579    23.7401     5.4907 -9.990e-29
        491      3.619    18.3729   3.264118     2.7504     0.0235  0.0991083    85.4082      3.585    23.7400     5.4902 -9.990e-29
        492      3.625    18.3731   3.264134     2.7502     0.0235  0.0991084    85.4196      3.591    23.7400     5.4899 -9.990e-29
        493      3.631    18.3733   3.264150     2.7500     0.0235  0.0991083    85.4319      3.597    23.7400     5.4895 -9.990e-29
        494      3.637    18.3736   3.264168     2.7499     0.0235  0.0991080    85.4451      3.603    23.7400     5.4894 -9.990e-29
        495      3.644    18.3738   3.264186     2.7497     0.0235  0.0991074    85.4591      3.610    23.7400     5.4892 -9.990e-29
        496      3.650    18.3741   3.264206     2.7495     0.0235  0.0991066    85.4737      3.616    23.7400     5.4890 -9.990e-29
        497      3.656    18.3744   3.264226     2.7494     0.0234  0.0991055    85.4887      3.622    23.7400     5.4890 -9.990e-29
        498      3.662    18.3747   3.264248     2.7492     0.0234  0.0991042    85.5039      3.628    23.7400     5.4888 -9.990e-29
        499      3.668    18.3750   3.264271     2.7491     0.0234  0.0991026    85.5190      3.634    23.7400     5.4890 -9.990e-29
        500      3.674    18.3754   3.264295     2.7489     0.0234  0.0991008    85.5336      3.640    23.7400     5.4889 -9.990e-29
        501      3.680    18.3757   3.264320     2.7488     0.0234  0.0990987    85.5474      3.646    23.7400     5.4891 -9.990e-29
        502      3.686    18.3761   3.264347     2.7487     0.0234  0.0990962    85.5607      3.652    23.7400     5.4893 -9.990e-29
        503      3.692    18.3766   3.264374     2.7485     0.0234  0.0990935    85.5734      3.658    23.7399     5.4893 -9.990e-29
        504      3.699    18.3770   3.264403     2.7484     0.0234  0.0990904    85.5856      3.665    23.7399     5.4896 -9.990e-29
        505      3.705    18.3775   3.264432     2.7483     0.0234  0.0990870    85.5971      3.671    23.7398     5.4899 -9.990e-29
        506      3.711    18.3780   3.264463     2.7482     0.0234  0.0990832    85.6080      3.676    23.7398     5.4902 -9.990e-29
        507      3.717    18.3785   3.264495     2.7481     0.0234  0.0990789    85.6182      3.682    23.7398     5.4905 -9.990e-29
        508      3.723    18.3790   3.264528     2.7480     0.0234  0.0990743    85.6276      3.688    23.7397     5.4908 -9.990e-29
        509      3.730    18.3796   3.264563     2.7480     0.0234  0.0990692    85.6361      3.695    23.7397     5.4914 -9.990e-29
        510      3.736    18.3801   3.264599     2.7479     0.0233  0.0990635    85.6437      3.701    23.7397     5.4917 -9.990e-29
        511      3.742    18.3807   3.264636     2.7478     0.0233  0.0990574    85.6509      3.707    23.7396     5.4921 -9.990e-29
        512      3.749    18.3812   3.264675     2.7478     0.0233  0.0990506    85.6579      3.714    23.7397     5.4926 -9.990e-29
        513      3.755    18.3817   3.264715     2.7478     0.0233  0.0990432    85.6652      3.720    23.7397     5.4932 -9.990e-29
        514      3.762    18.3822   3.264757     2.7477     0.0233  0.0990351    85.6729      3.727    23.7397     5.4935 -9.990e-29
        515      3.768    18.3826   3.264800     2.7477     0.0233  0.0990263    85.6814      3.733    23.7399     5.4940 -9.990e-29
        516      3.775    18.3830   3.264845     2.7477     0.0233  0.0990167    85.6906      3.740    23.7400     5.4946 -9.990e-29
        517      3.781    18.3834   3.264893     2.7477     0.0233  0.0990062    85.7005      3.746    23.7401     5.4951 -9.990e-29
        518      3.787    18.3837   3.264942     2.7477     0.0233  0.0989948    85.7111      3.752    23.7404     5.4955 -9.990e-29
        519      3.794    18.3841   3.264992     2.7477     0.0232  0.0989824    85.7224      3.759    23.7405     5.4960 -9.990e-29
        520      3.800    18.3844   3.265043     2.7477     0.0232  0.0989688    85.7342      3.765    23.7408     5.4964 -9.990e-29
        521      3.806    18.3846   3.265095     2.7477     0.0232  0.0989540    85.7465      3.771    23.7411     5.4969 -9.990e-29
        522      3.812    18.3849   3.265147     2.7477     0.0232  0.0989380    85.7587      3.777    23.7413     5.4973 -9.990e-29
        523      3.819    18.3852   3.265198     2.7478     0.0232  0.0989205    85.7706      3.783    23.7415     5.4979 -9.990e-29
        524      3.825    18.3854   3.265248     2.7478     0.0232  0.0989015    85.7820      3.789    23.7418     5.4983 -9.990e-29
        525      3.831    18.3857   3.265297     2.7479     0.0231  0.0988808    85.7931      3.795    23.7420     5.4989 -9.990e-29
        526      3.837    18.3859   3.265345     2.7480     0.0231  0.0988583    85.8040      3.801    23.7423     5.4994 -9.990e-29
        527      3.843    18.3861   3.265391     2.7480     0.0231  0.0988338    85.8145      3.807    23.7426     5.4997 -9.990e-29
        528      3.849    18.3863   3.265435     2.7481     0.0231  0.0988072    85.8245      3.813    23.7428     5.5002 -9.990e-29
        529      3.856    18.3864   3.265477     2.7482     0.0230  0.0987783    85.8340      3.820    23.7431     5.5007 -9.990e-29
        530      3.862    18.3866   3.265518     2.7482     0.0230  0.0987468    85.8429      3.826    23.7433     5.5009 -9.990e-29
        531      3.868    18.3867   3.265556     2.7483     0.0230  0.0987126    85.8510      3.832    23.7435     5.5013 -9.990e-29
        532      3.874    18.3867   3.265593     2.7484     0.0230  0.0986762    85.8585      3.838    23.7438     5.5017 -9.990e-29
        533      3.881    18.3868   3.265629     2.7484     0.0229  0.0986400    85.8654      3.845    23.7441     5.5018 -9.990e-29
        534      3.887    18.3868   3.265664     2.7485     0.0229  0.0986063    85.8718      3.851    23.7443     5.5022 -9.990e-29
        535      3.893    18.3868   3.265696     2.7486     0.0229  0.0985756    85.8777      3.857    23.7446     5.5025 -9.990e-29
        536      3.899    18.3868   3.265728     2.7486     0.0228  0.0985478    85.8833      3.863    23.7449     5.5025 -9.990e-29
        537      3.906    18.3867   3.265758     2.7487     0.0228  0.0985227    85.8889      3.870    23.7452     5.5028 -9.990e-29
        538      3.912    18.3866   3.265786     2.7487     0.0228  0.0985001    85.8942      3.876    23.7454     5.5028 -9.990e-29
        539      3.918    18.3865   3.265811     2.7488     0.0228  0.0984797    85.8989      3.882    23.7457     5.5030 -9.990e-29
        540      3.924    18.3864   3.265835     2.7488     0.0228  0.0984616    85.9028      3.887    23.7459     5.5030 -9.990e-29
        541      3.931    18.3863   3.265856     2.7489     0.0227  0.0984456    85.9063      3.894    23.7462     5.5031 -9.990e-29
        542      3.937    18.3862   3.265874     2.7489     0.0227  0.0984314    85.9096      3.900    23.7464     5.5030 -9.990e-29
        543      3.943    18.3860   3.265890     2.7490     0.0227  0.0984192    85.9131      3.906    23.7466     5.5032 -9.990e-29
        544      3.949    18.3859   3.265905     2.7490     0.0227  0.0984087    85.9168      3.912    23.7468     5.5030 -9.990e-29
        545      3.955    18.3858   3.265916     2.7491     0.0227  0.0983999    85.9208      3.918    23.7469     5.5031 -9.990e-29
        546      3.962    18.3856   3.265924     2.7491     0.0226  0.0983928    85.9246      3.925    23.7471     5.5029 -9.990e-29
        547      3.968    18.3855   3.265931     2.7492     0.0226  0.0983872    85.9281      3.931    23.7472     5.5029 -9.990e-29
        548      3.974    18.3854   3.265935     2.7492     0.0226  0.0983832    85.9313      3.937    23.7473     5.5026 -9.990e-29
        549      3.980    18.3852   3.265937     2.7493     0.0226  0.0983807    85.9344      3.943    23.7474     5.5026 -9.990e-29
        550      3.986    18.3851   3.265937     2.7493     0.0226  0.0983797    85.9375      3.949    23.7475     5.5023 -9.990e-29
        551      3.993    18.3850   3.265935     2.7493     0.0226  0.0983802    85.9403      3.956    23.7475     5.5020 -9.990e-29
        552      3.999    18.3848   3.265932     2.7493     0.0226  0.0983822    85.9428      3.962    23.7476     5.5017 -9.990e-29
        553      4.005    18.3847   3.265927     2.7494     0.0226  0.0983857    85.9451      3.968    23.7476     5.5016 -9.990e-29
        554      4.011    18.3845   3.265921     2.7494     0.0226  0.0983908    85.9476      3.974    23.7477     5.5013 -9.990e-29
        555      4.017    18.3843   3.265915     2.7494     0.0225  0.0983982    85.9505      3.980    23.7478     5.5010 -9.990e-29
        556      4.024    18.3841   3.265910     2.7494     0.0225  0.0984090    85.9539      3.987    23.7478     5.5007 -9.990e-29
        557      4.030    18.3840   3.265903     2.7494     0.0225  0.0984224    85.9574      3.993    23.7478     5.5003 -9.990e-29
        558      4.036    18.3838   3.265895     2.7495     0.0225  0.0984375    85.9607      3.998    23.7479     5.5002 -9.990e-29
        559      4.042    18.3836   3.265887     2.7495     0.0225  0.0984537    85.9635      4.004    23.7479     5.4998 -9.990e-29
        560      4.049    18.3834   3.265878     2.7495     0.0225  0.0984693    85.9658      4.011    23.7480     5.4994 -9.990e-29
        561      4.055    18.3832   3.265869     2.7495     0.0224  0.0984837    85.9677      4.017    23.7480     5.4990 -9.990e-29
        562      4.061    18.3830   3.265859     2.7495     0.0224  0.0984969    85.9693      4.023    23.7481     5.4986 -9.990e-29
        563      4.067    18.3828   3.265849     2.7494     0.0224  0.0985089    85.9707      4.029    23.7481     5.4979 -9.990e-29
        564      4.073    18.3826   3.265838     2.7494     0.0224  0.0985200    85.9718      4.035    23.7481     5.4975 -9.990e-29
        565      4.080    18.3825   3.265827     2.7494     0.0224  0.0985302    85.9726      4.042    23.7481     5.4971 -9.990e-29
        566      4.086    18.3823   3.265815     2.7493     0.0224  0.0985395    85.9734      4.048    23.7481     5.4965 -9.990e-29
        567      4.092    18.3821   3.265802     2.7493     0.0224  0.0985480    85.9743      4.054    23.7481     5.4961 -9.990e-29
        568      4.098    18.3819   3.265788     2.7492     0.0224  0.0985558    85.9754      4.060    23.7481     5.4954 -9.990e-29
        569      4.104    18.3817   3.265773     2.7492     0.0224  0.0985629    85.9767      4.066    23.7481     5.4950 -9.990e-29
        570      4.110    18.3815   3.265759     2.7491     0.0224  0.0985694    85.9782      4.072    23.7481     5.4944 -9.990e-29
        571      4.116    18.3813   3.265744     2.7490     0.0224  0.0985753    85.9796      4.078    23.7481     5.4938 -9.990e-29
        572      4.123    18.3811   3.265729     2.7490     0.0224  0.0985807    85.9808      4.085    23.7481     5.4935 -9.990e-29
        573      4.129    18.3809   3.265715     2.7489     0.0224  0.0985855    85.9821      4.091    23.7481     5.4929 -9.990e-29
        574      4.135    18.3808   3.265700     2.7488     0.0224  0.0985899    85.9836      4.097    23.7480     5.4924 -9.990e-29
        575      4.140    18.3807   3.265688     2.7487     0.0224  0.0985938    85.9852      4.101    23.7480     5.4919 -9.990e-29
        576      4.146    18.3806   3.265674     2.7486     0.0224  0.0985974    85.9866      4.107    23.7479     5.4914 -9.990e-29
        577      4.153    18.3806   3.265661     2.7485     0.0224  0.0986005    85.9877      4.114    23.7478     5.4909 -9.990e-29
        578      4.159    18.3805   3.265648     2.7484     0.0224  0.0986033    85.9885      4.120    23.7478     5.4905 -9.990e-29
        579      4.164    18.3805   3.265635     2.7483     0.0224  0.0986057    85.9890      4.125    23.7477     5.4901 -9.990e-29
        580      4.170    18.3805   3.265622     2.7482     0.0224  0.0986078    85.9891      4.131    23.7476     5.4898 -9.990e-29
        581      4.176    18.3805   3.265609     2.7480     0.0224  0.0986096    85.9892      4.137    23.7475     5.4892 -9.990e-29
        582      4.182    18.3805   3.265597     2.7479     0.0224  0.0986110    85.9892      4.143    23.7474     5.4889 -9.990e-29
        583      4.188    18.3805   3.265586     2.7478     0.0224  0.0986122    85.9895      4.149    23.7473     5.4886 -9.990e-29
        584      4.194    18.3805   3.265578     2.7476     0.0224  0.0986131    85.9902      4.155    23.7472     5.4882 -9.990e-29
        585      4.200    18.3806   3.265572     2.7475     0.0225  0.0986137    85.9914      4.161    23.7471     5.4880 -9.990e-29
        586      4.205    18.3806   3.265568     2.7474     0.0225  0.0986141    85.9930      4.166    23.7471     5.4879 -9.990e-29
        587      4.211    18.3807   3.265566     2.7472     0.0225  0.0986142    85.9949      4.172    23.7470     5.4875 -9.990e-29
        588      4.217    18.3808   3.265566     2.7471     0.0225  0.0986140    85.9971      4.178    23.7469     5.4874 -9.990e-29
        589      4.223    18.3809   3.265570     2.7470     0.0225  0.0986135    85.9999      4.184    23.7469     5.4874 -9.990e-29
        590      4.229    18.3810   3.265573     2.7469     0.0225  0.0986127    86.0031      4.190    23.7469     5.4874 -9.990e-29
        591      4.234    18.3811   3.265578     2.7468     0.0225  0.0986117    86.0066      4.195    23.7468     5.4874 -9.990e-29
        592      4.240    18.3812   3.265586     2.7466     0.0225  0.0986104    86.0101      4.201    23.7468     5.4871 -9.990e-29
        593      4.246    18.3813   3.265593     2.7465     0.0225  0.0986096    86.0138      4.206    23.7468     5.4872 -9.990e-29
        594      4.251    18.3814   3.265602     2.7465     0.0225  0.0986102    86.0177      4.211    23.7469     5.4875 -9.990e-29
        595      4.257    18.3816   3.265613     2.7464     0.0225  0.0986114    86.0217      4.217    23.7468     5.4876 -9.990e-29
        596      4.262    18.3817   3.265625     2.7463     0.0225  0.0986123    86.0258      4.222    23.7469     5.4877 -9.990e-29
        597      4.268    18.3819   3.265639     2.7462     0.0225  0.0986129    86.0299      4.228    23.7469     5.4878 -9.990e-29
        598      4.273    18.3821   3.265654     2.7462     0.0225  0.0986132    86.0340      4.233    23.7469     5.4882 -9.990e-29
        599      4.279    18.3823   3.265671     2.7461     0.0225  0.0986141    86.0378      4.239    23.7469     5.4884 -9.990e-29
        600      4.284    18.3825   3.265687     2.7461     0.0225  0.0986164    86.0411      4.244    23.7469     5.4888 -9.990e-29
        601      4.289    18.3828   3.265706     2.7461     0.0225  0.0986193    86.0438      4.249    23.7469     5.4892 -9.990e-29
