data/2022/thursday_data/Station B2.cnv
* Sea-Bird SBE 9 Data File:
* FileName = C:\Users\ctd-user\Desktop\CTD data\MAR440 Sept 2022\Day2\Station B2.hex
* Software Version Seasave V 7.26.2.13
* Temperature SN = 4493
* Conductivity SN = 1899
* Number of Bytes Per Scan = 37
* Number of Voltage Words = 4
* Number of Scans Averaged by the Deck Unit = 1
* NMEA Latitude = 58 19.94 N
* NMEA Longitude = 011 52.61 E
* NMEA UTC (Time) = Sep 08 2022 09:04:53
* NMEA baud rate = 4800
** Ship:
** Station:
** Operator:
# nquan = 12                                
# nvalues = 3269                        
# units = specified
# name 0 = scan: Scan Count
# name 1 = prDM: Pressure, Digiquartz [db]
# name 2 = t090C: Temperature [ITS-90, deg C]
# name 3 = c0S/m: Conductivity [S/m]
# name 4 = sbeox0V: Oxygen raw, SBE 43 [V]
# name 5 = flECO-AFL: Fluorescence, WET Labs ECO-AFL/FL [mg/m^3]
# name 6 = upoly0: Upoly 0, Turbidity
# name 7 = xmiss: Beam Transmission, Chelsea/Seatech [%]
# name 8 = depSM: Depth [salt water, m], lat = 58.3323
# name 9 = sal00: Salinity, Practical [PSU]
# name 10 = sbeox0ML/L: Oxygen, SBE 43 [ml/l], WS = 2
# name 11 = flag: flag
# span 0 =          1,       3269       
# span 1 =      1.594,     44.133       
# span 2 =     8.0628,    18.4788       
# span 3 =   3.110821,   3.394288       
# span 4 =     0.5453,     2.7212       
# span 5 =     0.0071,     0.0412       
# span 6 =  0.0947469,  0.1082364       
# span 7 =    67.8324,    94.0154       
# span 8 =      1.579,     43.718       
# span 9 =    23.7129,    32.0341       
# span 10 =     0.1144,     5.4529      
# span 11 = 0.0000e+00, 0.0000e+00      
# interval = seconds: 0.0416667
# start_time = Sep 08 2022 09:04:53 [NMEA time, header]
# bad_flag = -9.990e-29
*END*
          1      1.672    18.1906   3.247668     2.7146     0.0167  0.0985372    85.2689      1.656    23.7130     5.4352 -9.990e-29
          2      1.671    18.1906   3.247667     2.7146     0.0167  0.0985271    85.2724      1.655    23.7130     5.4352 -9.990e-29
          3      1.672    18.1905   3.247665     2.7146     0.0167  0.0985161    85.2760      1.656    23.7130     5.4352 -9.990e-29
          4      1.672    18.1904   3.247663     2.7146     0.0167  0.0985042    85.2794      1.656    23.7131     5.4352 -9.990e-29
          5      1.672    18.1902   3.247661     2.7147     0.0167  0.0984913    85.2828      1.656    23.7132     5.4355 -9.990e-29
          6      1.672    18.1901   3.247660     2.7147     0.0167  0.0984772    85.2861      1.656    23.7132     5.4355 -9.990e-29
          7      1.672    18.1900   3.247659     2.7147     0.0167  0.0984619    85.2894      1.656    23.7133     5.4355 -9.990e-29
          8      1.672    18.1899   3.247656     2.7147     0.0167  0.0984452    85.2926      1.656    23.7133     5.4355 -9.990e-29
          9      1.672    18.1898   3.247655     2.7148     0.0167  0.0984280    85.2957      1.656    23.7133     5.4358 -9.990e-29
         10      1.672    18.1896   3.247652     2.7148     0.0167  0.0984118    85.2986      1.656    23.7134     5.4358 -9.990e-29
         11      1.672    18.1895   3.247651     2.7149     0.0167  0.0983972    85.3012      1.656    23.7135     5.4361 -9.990e-29
         12      1.672    18.1893   3.247648     2.7149     0.0166  0.0983843    85.3035      1.656    23.7136     5.4361 -9.990e-29
         13      1.672    18.1892   3.247646     2.7150     0.0166  0.0983729    85.3053      1.656    23.7136     5.4363 -9.990e-29
         14      1.672    18.1891   3.247644     2.7150     0.0166  0.0983630    85.3066      1.656    23.7137     5.4363 -9.990e-29
         15      1.672    18.1890   3.247642     2.7151     0.0166  0.0983544    85.3077      1.656    23.7137     5.4366 -9.990e-29
         16      1.672    18.1888   3.247639     2.7152     0.0166  0.0983472    85.3084      1.656    23.7138     5.4369 -9.990e-29
         17      1.672    18.1887   3.247637     2.7152     0.0166  0.0983412    85.3081      1.656    23.7138     5.4369 -9.990e-29
         18      1.671    18.1886   3.247633     2.7153     0.0166  0.0983364    85.3065      1.655    23.7139     5.4371 -9.990e-29
         19      1.671    18.1884   3.247631     2.7154     0.0166  0.0983329    85.3038      1.655    23.7140     5.4374 -9.990e-29
         20      1.671    18.1883   3.247628     2.7155     0.0166  0.0983305    85.3007      1.655    23.7140     5.4376 -9.990e-29
         21      1.670    18.1881   3.247625     2.7155     0.0166  0.0983293    85.2977      1.654    23.7141     5.4377 -9.990e-29
         22      1.670    18.1880   3.247622     2.7156     0.0166  0.0983292    85.2959      1.654    23.7141     5.4379 -9.990e-29
         23      1.670    18.1878   3.247618     2.7156     0.0166  0.0983302    85.2958      1.654    23.7142     5.4379 -9.990e-29
         24      1.669    18.1876   3.247615     2.7157     0.0166  0.0983324    85.2974      1.653    23.7143     5.4382 -9.990e-29
         25      1.669    18.1875   3.247612     2.7157     0.0165  0.0983358    85.3006      1.653    23.7143     5.4431 -9.990e-29
         26      1.668    18.1873   3.247609     2.7158     0.0165  0.0983404    85.3050      1.652    23.7144     5.4434 -9.990e-29
         27      1.668    18.1872   3.247605     2.7158     0.0165  0.0983462    85.3101      1.652    23.7144     5.4434 -9.990e-29
         28      1.667    18.1871   3.247602     2.7159     0.0165  0.0983532    85.3153      1.652    23.7145     5.4436 -9.990e-29
         29      1.667    18.1871   3.247599     2.7159     0.0165  0.0983615    85.3203      1.652    23.7145     5.4436 -9.990e-29
         30      1.667    18.1870   3.247596     2.7160     0.0165  0.0983713    85.3247      1.652    23.7145     5.4438 -9.990e-29
         31      1.666    18.1869   3.247591     2.7160     0.0165  0.0983824    85.3286      1.651    23.7145     5.4437 -9.990e-29
         32      1.666    18.1869   3.247589     2.7161     0.0165  0.0983951    85.3319      1.651    23.7145     5.4439 -9.990e-29
         33      1.665    18.1869   3.247586     2.7161     0.0165  0.0984094    85.3343      1.650    23.7145     5.4438 -9.990e-29
         34      1.665    18.1869   3.247582     2.7161     0.0165  0.0984253    85.3359      1.650    23.7144     5.4437 -9.990e-29
         35      1.665    18.1869   3.247579     2.7162     0.0165  0.0984423    85.3366      1.650    23.7144     5.4438 -9.990e-29
         36      1.665    18.1869   3.247575     2.7162     0.0165  0.0984586    85.3370      1.650    23.7144     5.4437 -9.990e-29
         37      1.664    18.1870   3.247572     2.7163     0.0165  0.0984736    85.3377      1.649    23.7143     5.4437 -9.990e-29
         38      1.664    18.1871   3.247569     2.7163     0.0165  0.0984873    85.3390      1.649    23.7142     5.4436 -9.990e-29
         39      1.663    18.1872   3.247566     2.7164     0.0165  0.0984999    85.3411      1.648    23.7141     5.4436 -9.990e-29
         40      1.663    18.1873   3.247564     2.7165     0.0165  0.0985114    85.3438      1.648    23.7141     5.4436 -9.990e-29
         41      1.663    18.1874   3.247561     2.7165     0.0165  0.0985219    85.3464      1.648    23.7140     5.4434 -9.990e-29
         42      1.662    18.1875   3.247558     2.7166     0.0165  0.0985315    85.3487      1.647    23.7139     5.4434 -9.990e-29
         43      1.662    18.1876   3.247556     2.7166     0.0165  0.0985402    85.3501      1.647    23.7138     5.4432 -9.990e-29
         44      1.661    18.1877   3.247553     2.7167     0.0165  0.0985482    85.3503      1.646    23.7137     5.4432 -9.990e-29
         45      1.661    18.1878   3.247551     2.7167     0.0165  0.0985554    85.3493      1.646    23.7137     5.4430 -9.990e-29
         46      1.660    18.1879   3.247549     2.7168     0.0165  0.0985620    85.3474      1.645    23.7136     5.4430 -9.990e-29
         47      1.660    18.1880   3.247547     2.7168     0.0165  0.0985679    85.3446      1.645    23.7135     5.4428 -9.990e-29
         48      1.659    18.1880   3.247545     2.7168     0.0165  0.0985732    85.3416      1.644    23.7135     5.4425 -9.990e-29
         49      1.658    18.1881   3.247542     2.7169     0.0165  0.0985780    85.3388      1.643    23.7134     5.4425 -9.990e-29
         50      1.658    18.1881   3.247540     2.7169     0.0165  0.0985822    85.3364      1.643    23.7134     5.4423 -9.990e-29
         51      1.657    18.1881   3.247538     2.7169     0.0165  0.0985860    85.3341      1.642    23.7134     5.4420 -9.990e-29
         52      1.657    18.1881   3.247535     2.7169     0.0165  0.0985893    85.3316      1.642    23.7134     5.4418 -9.990e-29
         53      1.656    18.1880   3.247533     2.7169     0.0165  0.0985921    85.3284      1.641    23.7134     5.4416 -9.990e-29
         54      1.655    18.1880   3.247530     2.7169     0.0165  0.0985945    85.3247      1.640    23.7134     5.4413 -9.990e-29
         55      1.655    18.1879   3.247527     2.7169     0.0166  0.0985965    85.3208      1.640    23.7134     5.4411 -9.990e-29
         56      1.654    18.1879   3.247525     2.7169     0.0166  0.0985981    85.3166      1.639    23.7134     5.4409 -9.990e-29
         57      1.653    18.1878   3.247521     2.7169     0.0166  0.0985994    85.3118      1.638    23.7134     5.4407 -9.990e-29
         58      1.653    18.1877   3.247518     2.7169     0.0166  0.0986002    85.3065      1.638    23.7135     5.4404 -9.990e-29
         59      1.652    18.1876   3.247515     2.7169     0.0166  0.0986007    85.3005      1.637    23.7135     5.4402 -9.990e-29
         60      1.652    18.1875   3.247510     2.7168     0.0166  0.0986008    85.2935      1.637    23.7135     5.4398 -9.990e-29
         61      1.651    18.1873   3.247507     2.7168     0.0167  0.0986006    85.2850      1.636    23.7136     5.4396 -9.990e-29
         62      1.651    18.1872   3.247502     2.7167     0.0167  0.0986000    85.2750      1.636    23.7136     5.4391 -9.990e-29
         63      1.651    18.1871   3.247498     2.7167     0.0167  0.0985990    85.2637      1.636    23.7136     5.4389 -9.990e-29
         64      1.650    18.1869   3.247493     2.7166     0.0167  0.0985976    85.2515      1.635    23.7137     5.4385 -9.990e-29
         65      1.650    18.1867   3.247487     2.7166     0.0167  0.0985959    85.2386      1.635    23.7138     5.4384 -9.990e-29
         66      1.650    18.1865   3.247483     2.7166     0.0167  0.0985938    85.2252      1.635    23.7139     5.4382 -9.990e-29
         67      1.649    18.1864   3.247477     2.7165     0.0168  0.0985912    85.2114      1.634    23.7139     5.4379 -9.990e-29
         68      1.649    18.1862   3.247472     2.7165     0.0168  0.0985882    85.1978      1.634    23.7139     5.4378 -9.990e-29
         69      1.649    18.1860   3.247466     2.7164     0.0168  0.0985848    85.1858      1.634    23.7140     5.4375 -9.990e-29
         70      1.649    18.1858   3.247460     2.7164     0.0168  0.0985809    85.1766      1.634    23.7141     5.4374 -9.990e-29
         71      1.649    18.1857   3.247455     2.7164     0.0168  0.0985764    85.1705      1.634    23.7141     5.4374 -9.990e-29
         72      1.648    18.1855   3.247448     2.7163     0.0168  0.0985715    85.1672      1.633    23.7142     5.4371 -9.990e-29
         73      1.648    18.1854   3.247443     2.7163     0.0168  0.0985660    85.1659      1.633    23.7142     5.4371 -9.990e-29
         74      1.647    18.1853   3.247438     2.7163     0.0168  0.0985598    85.1659      1.632    23.7142     5.4372 -9.990e-29
         75      1.647    18.1852   3.247431     2.7162     0.0168  0.0985531    85.1661      1.632    23.7142     5.4370 -9.990e-29
         76      1.647    18.1851   3.247426     2.7162     0.0168  0.0985456    85.1660      1.632    23.7142     5.4371 -9.990e-29
         77      1.646    18.1850   3.247420     2.7162     0.0168  0.0985374    85.1649      1.631    23.7142     5.4372 -9.990e-29
         78      1.646    18.1850   3.247415     2.7161     0.0168  0.0985283    85.1628      1.631    23.7142     5.4370 -9.990e-29
         79      1.645    18.1849   3.247409     2.7161     0.0168  0.0985184    85.1594      1.630    23.7142     5.4372 -9.990e-29
         80      1.644    18.1848   3.247402     2.7161     0.0167  0.0985076    85.1548      1.629    23.7142     5.4373 -9.990e-29
         81      1.644    18.1848   3.247397     2.7160     0.0167  0.0984958    85.1495      1.629    23.7142     5.4372 -9.990e-29
         82      1.643    18.1847   3.247392     2.7160     0.0167  0.0984828    85.1441      1.628    23.7142     5.4374 -9.990e-29
         83      1.642    18.1847   3.247387     2.7160     0.0167  0.0984687    85.1394      1.627    23.7141     5.4376 -9.990e-29
         84      1.641    18.1846   3.247382     2.7159     0.0167  0.0984533    85.1358      1.626    23.7141     5.4376 -9.990e-29
         85      1.640    18.1846   3.247378     2.7159     0.0167  0.0984365    85.1338      1.625    23.7141     5.4378 -9.990e-29
         86      1.639    18.1846   3.247373     2.7159     0.0166  0.0984190    85.1342      1.624    23.7141     5.4380 -9.990e-29
         87      1.639    18.1845   3.247369     2.7159     0.0166  0.0984025    85.1377      1.624    23.7141     5.4382 -9.990e-29
         88      1.638    18.1845   3.247365     2.7158     0.0166  0.0983876    85.1446      1.623    23.7141     5.4382 -9.990e-29
         89      1.637    18.1845   3.247361     2.7158     0.0166  0.0983743    85.1544      1.622    23.7140     5.4385 -9.990e-29
         90      1.636    18.1845   3.247357     2.7158     0.0166  0.0983624    85.1662      1.621    23.7140     5.4387 -9.990e-29
         91      1.635    18.1845   3.247354     2.7158     0.0165  0.0983519    85.1797      1.620    23.7140     5.4389 -9.990e-29
         92      1.634    18.1845   3.247351     2.7158     0.0165  0.0983427    85.1946      1.619    23.7140     5.4391 -9.990e-29
         93      1.633    18.1845   3.247348     2.7158     0.0165  0.0983347    85.2104      1.618    23.7139     5.4394 -9.990e-29
         94      1.632    18.1845   3.247345     2.7158     0.0165  0.0983279    85.2266      1.617    23.7139     5.4396 -9.990e-29
         95      1.632    18.1844   3.247342     2.7158     0.0165  0.0983222    85.2427      1.617    23.7139     5.4398 -9.990e-29
         96      1.631    18.1844   3.247339     2.7158     0.0165  0.0983177    85.2582      1.616    23.7139     5.4400 -9.990e-29
         97      1.630    18.1844   3.247337     2.7158     0.0165  0.0983142    85.2726      1.615    23.7139     5.4402 -9.990e-29
         98      1.629    18.1843   3.247335     2.7159     0.0165  0.0983117    85.2857      1.614    23.7139     5.4407 -9.990e-29
         99      1.629    18.1843   3.247333     2.7159     0.0165  0.0983103    85.2972      1.614    23.7139     5.4408 -9.990e-29
        100      1.628    18.1843   3.247331     2.7159     0.0165  0.0983099    85.3073      1.613    23.7139     5.4410 -9.990e-29
        101      1.628    18.1842   3.247329     2.7160     0.0165  0.0983105    85.3165      1.613    23.7140     5.4414 -9.990e-29
        102      1.628    18.1841   3.247327     2.7160     0.0165  0.0983121    85.3247      1.613    23.7140     5.4415 -9.990e-29
        103      1.628    18.1841   3.247325     2.7161     0.0165  0.0983147    85.3320      1.613    23.7140     5.4418 -9.990e-29
        104      1.628    18.1840   3.247323     2.7161     0.0165  0.0983184    85.3383      1.613    23.7140     5.4420 -9.990e-29
        105      1.628    18.1840   3.247322     2.7162     0.0165  0.0983231    85.3439      1.613    23.7140     5.4423 -9.990e-29
        106      1.628    18.1839   3.247319     2.7162     0.0165  0.0983290    85.3487      1.613    23.7140     5.4424 -9.990e-29
        107      1.628    18.1840   3.247318     2.7163     0.0165  0.0983360    85.3530      1.613    23.7140     5.4426 -9.990e-29
        108      1.628    18.1841   3.247316     2.7163     0.0165  0.0983441    85.3569      1.613    23.7139     5.4426 -9.990e-29
        109      1.629    18.1842   3.247315     2.7164     0.0165  0.0983536    85.3602      1.614    23.7138     5.4429 -9.990e-29
        110      1.629    18.1843   3.247314     2.7164     0.0165  0.0983643    85.3630      1.614    23.7138     5.4428 -9.990e-29
        111      1.629    18.1844   3.247313     2.7165     0.0165  0.0983764    85.3652      1.614    23.7137     5.4430 -9.990e-29
        112      1.629    18.1845   3.247312     2.7165     0.0166  0.0983891    85.3668      1.614    23.7136     5.4429 -9.990e-29
        113      1.629    18.1846   3.247311     2.7166     0.0166  0.0984009    85.3680      1.614    23.7136     5.4430 -9.990e-29
        114      1.629    18.1847   3.247309     2.7166     0.0166  0.0984109    85.3692      1.614    23.7135     5.4429 -9.990e-29
        115      1.629    18.1847   3.247308     2.7167     0.0166  0.0984192    85.3708      1.614    23.7135     5.4430 -9.990e-29
        116      1.629    18.1848   3.247307     2.7167     0.0166  0.0984259    85.3729      1.614    23.7134     5.4428 -9.990e-29
        117      1.629    18.1848   3.247305     2.7168     0.0166  0.0984310    85.3755      1.614    23.7134     5.4428 -9.990e-29
        118      1.629    18.1848   3.247304     2.7168     0.0166  0.0984346    85.3779      1.614    23.7134     5.4426 -9.990e-29
        119      1.628    18.1848   3.247304     2.7168     0.0166  0.0984366    85.3797      1.613    23.7134     5.4424 -9.990e-29
        120      1.628    18.1848   3.247304     2.7168     0.0166  0.0984372    85.3806      1.613    23.7134     5.4421 -9.990e-29
