code/data/2021/ctd_data_day2/station9_ctm.cnv
* Sea-Bird SBE 9 Data File:
* FileName = C:\Users\CTD-User\Desktop\MAR440\day2\station9.hex
* Software Version Seasave V 7.26.2.13
* Temperature SN = 6313
* Conductivity SN = 4758
* Number of Bytes Per Scan = 37
* Number of Voltage Words = 4
* Number of Scans Averaged by the Deck Unit = 1
* NMEA Latitude = 58 19.82 N
* NMEA Longitude = 011 51.84 E
* NMEA UTC (Time) = Sep 22 2021 11:46:38
* NMEA baud rate = 4800
** Ship: Skagerrak
** Station: station9
** Operator: group2blue
# nquan = 9
# nvalues = 3112                        
# units = specified
# name 0 = scan: Scan Count
# name 1 = prDM: Pressure, Digiquartz [db]
# name 2 = t090C: Temperature [ITS-90, deg C]
# name 3 = c0S/m: Conductivity [S/m]
# name 4 = sbeox0V: Oxygen raw, SBE 43 [V]
# name 5 = sbeox1V: Oxygen raw, SBE 43, 2 [V]
# name 6 = flECO-AFL: Fluorescence, WET Labs ECO-AFL/FL [mg/m^3]
# name 7 = upoly0: Upoly 0, Turbidity
# name 8 = flag:  0.000e+00
# span 0 =          1,       3112       
# span 1 =      0.912,     43.038       
# span 2 =     7.9952,    15.9143       
# span 3 =   2.900965,   3.486904       
# span 4 =     0.4748,     2.8083       
# span 5 =     0.5419,     2.6948       
# span 6 =     0.0035,     0.0145       
# span 7 =  0.0874200,  0.2231954       
# span 8 = 0.0000e+00, 0.0000e+00       
# interval = seconds: 0.0416667
# start_time = Sep 22 2021 11:46:38 [NMEA time, header]
# bad_flag = -9.990e-29
*END*
[from data line 1921]
       1922     20.530     8.0175   3.245562     0.6909     0.7080     0.0134  0.2104969 0.0000e+00
       1923     20.654     8.0193   3.246083     0.6909     0.7056     0.0134  0.2104969 0.0000e+00
       1924     20.654     8.0204   3.246663     0.6897     0.7031     0.0134  0.2104969 0.0000e+00
       1925     20.703     8.0227   3.247116     0.6860     0.7007     0.0134  0.2104969 0.0000e+00
       1926     20.654     8.0256   3.247622     0.6836     0.6995     0.0134  0.2104969 0.0000e+00
       1927     20.720     8.0279   3.248104     0.6824     0.6982     0.0132  0.2104969 0.0000e+00
       1928     20.720     8.0296   3.248490     0.6824     0.6970     0.0134  0.2104969 0.0000e+00
       1929     20.777     8.0303   3.249057     0.6811     0.6946     0.0134  0.2104969 0.0000e+00
       1930     20.720     8.0313   3.249502     0.6763     0.6934     0.0134  0.2104969 0.0000e+00
       1931     20.843     8.0326   3.249928     0.6750     0.6921     0.0134  0.2104969 0.0000e+00
       1932     20.777     8.0345   3.250274     0.6738     0.6909     0.0134  0.2104969 0.0000e+00
       1933     20.843     8.0365   3.250821     0.6738     0.6897     0.0134  0.2104969 0.0000e+00
       1934     20.843     8.0389   3.251346     0.6714     0.6885     0.0141  0.2183114 0.0000e+00
       1935     20.901     8.0419   3.251811     0.6689     0.6860     0.0145  0.2227070 0.0000e+00
       1936     20.901     8.0455   3.252586     0.6665     0.6848     0.0145  0.2231954 0.0000e+00
       1937     20.950     8.0503   3.253543     0.6653     0.6836     0.0145  0.2231954 0.0000e+00
       1938     20.901     8.0553   3.254272     0.6665     0.6824     0.0145  0.2227070 0.0000e+00
       1939     20.959     8.0597   3.255135     0.6616     0.6811     0.0145  0.2227070 0.0000e+00
       1940     21.025     8.0637   3.256191     0.6616     0.6799     0.0145  0.2227070 0.0000e+00
       1941     20.959     8.0673   3.257172     0.6592     0.6787     0.0145  0.2227070 0.0000e+00
       1942     21.025     8.0700   3.257936     0.6592     0.6775     0.0145  0.2227070 0.0000e+00
       1943     21.025     8.0718   3.258417     0.6579     0.6763     0.0145  0.2227070 0.0000e+00
       1944     21.082     8.0732   3.258976     0.6567     0.6738     0.0145  0.2227070 0.0000e+00
       1945     21.082     8.0743   3.259637     0.6531     0.6726     0.0145  0.2227070 0.0000e+00
       1946     21.148     8.0759   3.260150     0.6518     0.6726     0.0145  0.2227070 0.0000e+00
       1947     21.082     8.0771   3.260548     0.6518     0.6714     0.0145  0.2227070 0.0000e+00
       1948     21.148     8.0790   3.261039     0.6518     0.6702     0.0145  0.2227070 0.0000e+00
       1949     21.206     8.0806   3.261270     0.6482     0.6689     0.0145  0.2227070 0.0000e+00
       1950     21.189     8.0816   3.261500     0.6470     0.6689     0.0145  0.2227070 0.0000e+00
       1951     21.206     8.0823   3.261774     0.6445     0.6665     0.0145  0.2227070 0.0000e+00
       1952     21.206     8.0833   3.262101     0.6457     0.6653     0.0145  0.2227070 0.0000e+00
       1953     21.264     8.0840   3.262351     0.6433     0.6641     0.0145  0.2227070 0.0000e+00
       1954     21.330     8.0862   3.262888     0.6408     0.6628     0.0145  0.2227070 0.0000e+00
       1955     21.264     8.0888   3.263421     0.6396     0.6616     0.0145  0.2227070 0.0000e+00
       1956     21.330     8.0910   3.263980     0.6384     0.6616     0.0145  0.2227070 0.0000e+00
       1957     21.330     8.0935   3.264592     0.6396     0.6604     0.0145  0.2227070 0.0000e+00
       1958     21.387     8.0965   3.265142     0.6372     0.6592     0.0145  0.2227070 0.0000e+00
       1959     21.387     8.0992   3.265621     0.6347     0.6579     0.0137  0.2139158 0.0000e+00
       1960     21.387     8.1016   3.266198     0.6335     0.6567     0.0124  0.1958449 0.0000e+00
       1961     21.453     8.1033   3.266766     0.6323     0.6567     0.0121  0.1899841 0.0000e+00
       1962     21.453     8.1052   3.267203     0.6335     0.6555     0.0121  0.1899841 0.0000e+00
       1963     21.453     8.1063   3.267825     0.6311     0.6531     0.0121  0.1909609 0.0000e+00
       1964     21.503     8.1087   3.268464     0.6286     0.6531     0.0121  0.1909609 0.0000e+00
       1965     21.511     8.1102   3.269098     0.6274     0.6531     0.0123  0.1909609 0.0000e+00
       1966     21.511     8.1121   3.269706     0.6274     0.6518     0.0123  0.1909609 0.0000e+00
       1967     21.577     8.1137   3.270433     0.6274     0.6506     0.0123  0.1909609 0.0000e+00
       1968     21.577     8.1154   3.270902     0.6250     0.6494     0.0123  0.1909609 0.0000e+00
       1969     21.635     8.1173   3.271256     0.6225     0.6494     0.0123  0.1909609 0.0000e+00
       1970     21.577     8.1189   3.271483     0.6213     0.6482     0.0123  0.1909609 0.0000e+00
       1971     21.692     8.1196   3.271735     0.6225     0.6470     0.0123  0.1909609 0.0000e+00
       1972     21.692     8.1208   3.272317     0.6213     0.6470     0.0123  0.1909609 0.0000e+00
       1973     21.635     8.1227   3.272940     0.6189     0.6457     0.0123  0.1909609 0.0000e+00
       1974     21.758     8.1241   3.273321     0.6176     0.6457     0.0123  0.1909609 0.0000e+00
       1975     21.692     8.1252   3.273378     0.6176     0.6445     0.0123  0.1909609 0.0000e+00
       1976     21.758     8.1259   3.273451     0.6176     0.6445     0.0123  0.1909609 0.0000e+00
       1977     21.816     8.1264   3.273799     0.6176     0.6433     0.0123  0.1909609 0.0000e+00
       1978     21.816     8.1275   3.274287     0.6140     0.6421     0.0123  0.1909609 0.0000e+00
       1979     21.808     8.1278   3.274530     0.6128     0.6421     0.0123  0.1909609 0.0000e+00
       1980     21.816     8.1281   3.274555     0.6115     0.6409     0.0123  0.1909609 0.0000e+00
       1981     21.882     8.1288   3.274713     0.6128     0.6396     0.0123  0.1909609 0.0000e+00
       1982     21.882     8.1289   3.275127     0.6115     0.6396     0.0123  0.1909609 0.0000e+00
       1983     21.882     8.1297   3.275389     0.6091     0.6384     0.0123  0.1909609 0.0000e+00
       1984     21.940     8.1300   3.275327     0.6079     0.6372     0.0123  0.1909609 0.0000e+00
       1985     21.940     8.1312   3.275585     0.6079     0.6372     0.0115  0.1792393 0.0000e+00
       1986     22.006     8.1315   3.275981     0.6079     0.6372     0.0110  0.1714249 0.0000e+00
       1987     22.006     8.1324   3.276128     0.6067     0.6360     0.0108  0.1704481 0.0000e+00
       1988     22.006     8.1336   3.276333     0.6042     0.6347     0.0110  0.1709365 0.0000e+00
       1989     22.063     8.1352   3.276780     0.6042     0.6335     0.0110  0.1714249 0.0000e+00
       1990     22.063     8.1367   3.277095     0.6042     0.6335     0.0110  0.1714249 0.0000e+00
       1991     22.063     8.1375   3.277211     0.6042     0.6335     0.0110  0.1714249 0.0000e+00
       1992     22.121     8.1386   3.277650     0.6018     0.6323     0.0110  0.1714249 0.0000e+00
       1993     22.121     8.1394   3.278071     0.6005     0.6323     0.0110  0.1709365 0.0000e+00
       1994     22.187     8.1409   3.278196     0.5993     0.6311     0.0110  0.1714249 0.0000e+00
       1995     22.121     8.1420   3.278622     0.6005     0.6311     0.0110  0.1714249 0.0000e+00
       1996     22.236     8.1433   3.279067     0.5993     0.6311     0.0110  0.1714249 0.0000e+00
       1997     22.245     8.1443   3.279177     0.5969     0.6299     0.0110  0.1714249 0.0000e+00
       1998     22.187     8.1454   3.279569     0.5957     0.6286     0.0110  0.1714249 0.0000e+00
       1999     22.311     8.1472   3.279947     0.5957     0.6286     0.0110  0.1709365 0.0000e+00
       2000     22.245     8.1482   3.280143     0.5969     0.6286     0.0110  0.1709365 0.0000e+00
       2001     22.311     8.1491   3.280597     0.5957     0.6274     0.0110  0.1714249 0.0000e+00
       2002     22.368     8.1502   3.280844     0.5932     0.6262     0.0110  0.1714249 0.0000e+00
       2003     22.368     8.1515   3.281093     0.5932     0.6262     0.0110  0.1709365 0.0000e+00
       2004     22.368     8.1530   3.281542     0.5932     0.6262     0.0110  0.1714249 0.0000e+00
       2005     22.368     8.1546   3.281769     0.5920     0.6250     0.0110  0.1714249 0.0000e+00
       2006     22.426     8.1559   3.282160     0.5908     0.6250     0.0110  0.1714249 0.0000e+00
       2007     22.426     8.1570   3.282481     0.5896     0.6250     0.0110  0.1709365 0.0000e+00
       2008     22.492     8.1580   3.282848     0.5883     0.6250     0.0110  0.1714249 0.0000e+00
       2009     22.492     8.1594   3.283084     0.5883     0.6250     0.0110  0.1714249 0.0000e+00
       2010     22.550     8.1608   3.283424     0.5896     0.6225     0.0110  0.1675177 0.0000e+00
       2011     22.492     8.1620   3.283705     0.5871     0.6225     0.0102  0.1592149 0.0000e+00
       2012     22.550     8.1637   3.283971     0.5859     0.6213     0.0102  0.1567729 0.0000e+00
       2013     22.616     8.1648   3.284337     0.5847     0.6213     0.0102  0.1567729 0.0000e+00
       2014     22.616     8.1658   3.284743     0.5847     0.6213     0.0102  0.1567729 0.0000e+00
       2015     22.665     8.1665   3.285034     0.5859     0.6201     0.0102  0.1572613 0.0000e+00
       2016     22.615     8.1678   3.285314     0.5847     0.6201     0.0102  0.1567729 0.0000e+00
       2017     22.673     8.1690   3.285691     0.5835     0.6201     0.0102  0.1572613 0.0000e+00
       2018     22.673     8.1705   3.286053     0.5810     0.6201     0.0102  0.1572613 0.0000e+00
       2019     22.739     8.1722   3.286311     0.5835     0.6201     0.0101  0.1572613 0.0000e+00
       2020     22.739     8.1737   3.286787     0.5835     0.6189     0.0102  0.1572613 0.0000e+00
       2021     22.739     8.1756   3.287144     0.5798     0.6176     0.0102  0.1572613 0.0000e+00
       2022     22.797     8.1775   3.287541     0.5786     0.6176     0.0102  0.1572613 0.0000e+00
       2023     22.797     8.1793   3.287759     0.5786     0.6164     0.0102  0.1572613 0.0000e+00
       2024     22.854     8.1808   3.288275     0.5798     0.6164     0.0101  0.1572613 0.0000e+00
       2025     22.854     8.1824   3.288681     0.5773     0.6164     0.0102  0.1572613 0.0000e+00
       2026     22.920     8.1842   3.288985     0.5786     0.6152     0.0102  0.1572613 0.0000e+00
       2027     22.854     8.1853   3.289355     0.5761     0.6152     0.0101  0.1572613 0.0000e+00
       2028     22.920     8.1873   3.289676     0.5761     0.6140     0.0102  0.1572613 0.0000e+00
       2029     22.920     8.1889   3.290116     0.5761     0.6140     0.0102  0.1572613 0.0000e+00
       2030     22.978     8.1902   3.290435     0.5749     0.6140     0.0102  0.1572613 0.0000e+00
       2031     22.978     8.1918   3.290772     0.5737     0.6140     0.0102  0.1572613 0.0000e+00
       2032     23.044     8.1933   3.291223     0.5725     0.6128     0.0102  0.1572613 0.0000e+00
       2033     23.044     8.1952   3.291612     0.5737     0.6128     0.0102  0.1572613 0.0000e+00
       2034     23.044     8.1971   3.291938     0.5737     0.6128     0.0102  0.1572613 0.0000e+00
       2035     23.102     8.1989   3.292459     0.5712     0.6128     0.0102  0.1567729 0.0000e+00
       2036     23.102     8.2007   3.292859     0.5700     0.6115     0.0101  0.1499353 0.0000e+00
       2037     23.159     8.2018   3.293135     0.5700     0.6115     0.0101  0.1450513 0.0000e+00
       2038     23.159     8.2033   3.293482     0.5712     0.6115     0.0101  0.1445629 0.0000e+00
       2039     23.093     8.2046   3.293788     0.5712     0.6115     0.0101  0.1445629 0.0000e+00
       2040     23.283     8.2059   3.294064     0.5688     0.6103     0.0101  0.1450513 0.0000e+00
       2041     23.225     8.2070   3.294432     0.5676     0.6103     0.0101  0.1450513 0.0000e+00
       2042     23.225     8.2085   3.294790     0.5688     0.6103     0.0101  0.1450513 0.0000e+00
       2043     23.225     8.2099   3.295141     0.5688     0.6091     0.0101  0.1450513 0.0000e+00
       2044     23.349     8.2114   3.295367     0.5688     0.6103     0.0101  0.1450513 0.0000e+00
       2045     23.283     8.2130   3.295741     0.5664     0.6103     0.0101  0.1450513 0.0000e+00
       2046     23.349     8.2143   3.296080     0.5651     0.6091     0.0101  0.1450513 0.0000e+00
       2047     23.349     8.2158   3.296385     0.5651     0.6079     0.0101  0.1450513 0.0000e+00
       2048     23.407     8.2167   3.296637     0.5664     0.6079     0.0101  0.1450513 0.0000e+00
       2049     23.407     8.2182   3.296942     0.5651     0.6079     0.0101  0.1450513 0.0000e+00
       2050     23.473     8.2197   3.297263     0.5627     0.6079     0.0101  0.1450513 0.0000e+00
       2051     23.407     8.2203   3.297657     0.5639     0.6079     0.0101  0.1450513 0.0000e+00
       2052     23.530     8.2216   3.297920     0.5639     0.6067     0.0101  0.1450513 0.0000e+00
       2053     23.473     8.2229   3.298127     0.5639     0.6067     0.0101  0.1450513 0.0000e+00
       2054     23.530     8.2240   3.298423     0.5627     0.6054     0.0101  0.1450513 0.0000e+00
       2055     23.588     8.2252   3.298726     0.5602     0.6054     0.0101  0.1450513 0.0000e+00
       2056     23.530     8.2263   3.299047     0.5602     0.6054     0.0101  0.1450513 0.0000e+00
       2057     23.588     8.2273   3.299372     0.5602     0.6054     0.0101  0.1450513 0.0000e+00
       2058     23.654     8.2284   3.299645     0.5615     0.6054     0.0101  0.1450513 0.0000e+00
       2059     23.588     8.2294   3.299975     0.5602     0.6042     0.0101  0.1450513 0.0000e+00
       2060     23.712     8.2310   3.300314     0.5590     0.6042     0.0101  0.1450513 0.0000e+00
       2061     23.654     8.2325   3.300686     0.5578     0.6042     0.0101  0.1426093 0.0000e+00
       2062     23.712     8.2339   3.300961     0.5590     0.6042     0.0101  0.1372369 0.0000e+00
       2063     23.712     8.2352   3.301280     0.5578     0.6030     0.0101  0.1352833 0.0000e+00
       2064     23.778     8.2366   3.301663     0.5566     0.6030     0.0101  0.1352833 0.0000e+00
       2065     23.778     8.2379   3.302046     0.5566     0.6030     0.0101  0.1357717 0.0000e+00
       2066     23.835     8.2393   3.302319     0.5554     0.6030     0.0101  0.1357717 0.0000e+00
       2067     23.778     8.2404   3.302644     0.5566     0.6030     0.0101  0.1357717 0.0000e+00
       2068     23.835     8.2417   3.302756     0.5566     0.6018     0.0101  0.1357717 0.0000e+00
       2069     23.893     8.2427   3.303022     0.5541     0.6018     0.0101  0.1357717 0.0000e+00
       2070     23.893     8.2436   3.303459     0.5541     0.6018     0.0101  0.1357717 0.0000e+00
       2071     23.893     8.2448   3.303622     0.5541     0.6018     0.0101  0.1357717 0.0000e+00
       2072     23.959     8.2457   3.303813     0.5554     0.6018     0.0101  0.1357717 0.0000e+00
       2073     23.959     8.2470   3.304207     0.5541     0.6006     0.0101  0.1357717 0.0000e+00
       2074     23.959     8.2480   3.304512     0.5541     0.6006     0.0101  0.1357717 0.0000e+00
       2075     24.017     8.2490   3.304737     0.5517     0.6006     0.0101  0.1357717 0.0000e+00
       2076     24.066     8.2506   3.305033     0.5517     0.6006     0.0101  0.1357717 0.0000e+00
       2077     24.017     8.2522   3.305404     0.5541     0.6006     0.0101  0.1357717 0.0000e+00
       2078     24.083     8.2538   3.305717     0.5517     0.5993     0.0101  0.1357717 0.0000e+00
       2079     24.083     8.2561   3.306108     0.5505     0.5993     0.0101  0.1357717 0.0000e+00
       2080     24.140     8.2580   3.306589     0.5493     0.5993     0.0101  0.1357717 0.0000e+00
