code/data/2021/ctd_data_day2/station6_ctm_fil_le.cnv
* Sea-Bird SBE 9 Data File:
* FileName = C:\Users\CTD-User\Desktop\MAR440\day2\station6.hex
* Software Version Seasave V 7.26.2.13
* Temperature SN = 6313
* Conductivity SN = 4758
* Number of Bytes Per Scan = 37
* Number of Voltage Words = 4
* Number of Scans Averaged by the Deck Unit = 1
* NMEA Latitude = 58 18.87 N
* NMEA Longitude = 011 46.44 E
* NMEA UTC (Time) = Sep 22 2021 10:40:23
* NMEA baud rate = 4800
** Ship: Skagerrak
** Station: station6
** Operator: group2blu
# nquan = 9
# nvalues = 3719                        
# units = specified
# name 0 = scan: Scan Count
# name 1 = prDM: Pressure, Digiquartz [db]
# name 2 = t090C: Temperature [ITS-90, deg C]
# name 3 = c0S/m: Conductivity [S/m]
# name 4 = sbeox0V: Oxygen raw, SBE 43 [V]
# name 5 = sbeox1V: Oxygen raw, SBE 43, 2 [V]
# name 6 = flECO-AFL: Fluorescence, WET Labs ECO-AFL/FL [mg/m^3]
# name 7 = upoly0: Upoly 0, Turbidity
# name 8 = flag:  0.000e+00
# span 0 =          1,       3719       
# span 1 =      0.297,     37.682       
# span 2 =     6.7387,    16.0330       
# span 3 =   2.945436,   3.739498       
# span 4 =     0.5149,     2.7976       
# span 5 =     0.5764,     2.7771       
# span 6 =     0.0033,     0.0304       
# span 7 =  0.0865424,  0.1559155       
# span 8 = 0.0000e+00, 0.0000e+00       
# interval = seconds: 0.0416667
# start_time = Sep 22 2021 10:40:23 [NMEA time, header]
# bad_flag = -9.990e-29
*END*
[from data line 1281]
       1282      1.172    14.9994   2.964870     2.7800     2.7483     0.0044  0.1516933 -9.990e-29
       1283      1.172    14.9997   2.964904     2.7800     2.7483     0.0044  0.1517166 -9.990e-29
       1284      1.171    15.0000   2.964939     2.7800     2.7484     0.0044  0.1517386 -9.990e-29
       1285      1.170    15.0003   2.964976     2.7800     2.7484     0.0044  0.1517597 -9.990e-29
       1286      1.169    15.0006   2.965013     2.7800     2.7485     0.0044  0.1517798 -9.990e-29
       1287      1.168    15.0009   2.965048     2.7799     2.7486     0.0044  0.1517991 -9.990e-29
       1288      1.168    15.0011   2.965080     2.7799     2.7487     0.0044  0.1518179 -9.990e-29
       1289      1.167    15.0014   2.965107     2.7799     2.7487     0.0044  0.1518361 -9.990e-29
       1290      1.166    15.0016   2.965127     2.7799     2.7488     0.0044  0.1518540 -9.990e-29
       1291      1.166    15.0017   2.965139     2.7800     2.7489     0.0044  0.1518716 -9.990e-29
       1292      1.165    15.0018   2.965144     2.7800     2.7489     0.0044  0.1518891 -9.990e-29
       1293      1.165    15.0017   2.965140     2.7800     2.7490     0.0044  0.1519067 -9.990e-29
       1294      1.166    15.0016   2.965130     2.7800     2.7491     0.0044  0.1519243 -9.990e-29
       1295      1.166    15.0013   2.965112     2.7800     2.7491     0.0042  0.1519413 -9.990e-29
       1296      1.167    15.0010   2.965090     2.7800     2.7492     0.0042  0.1519562 -9.990e-29
       1297      1.167    15.0007   2.965064     2.7800     2.7493     0.0042  0.1519681 -9.990e-29
       1298      1.168    15.0003   2.965035     2.7801     2.7493     0.0042  0.1519772 -9.990e-29
       1299      1.169    15.0000   2.965004     2.7801     2.7494     0.0042  0.1519843 -9.990e-29
       1300      1.170    14.9997   2.964974     2.7801     2.7494     0.0042  0.1519905 -9.990e-29
       1301      1.171    14.9994   2.964946     2.7801     2.7494     0.0042  0.1519947 -9.990e-29
       1302      1.171    14.9992   2.964920     2.7801     2.7495     0.0042  0.1519963 -9.990e-29
       1303      1.172    14.9990   2.964899     2.7802     2.7495     0.0042  0.1519953 -9.990e-29
       1304      1.173    14.9988   2.964880     2.7802     2.7495     0.0042  0.1519916 -9.990e-29
       1305      1.174    14.9986   2.964865     2.7802     2.7495     0.0042  0.1519852 -9.990e-29
       1306      1.175    14.9985   2.964854     2.7802     2.7495     0.0042  0.1519761 -9.990e-29
       1307      1.176    14.9984   2.964844     2.7802     2.7495     0.0042  0.1519642 -9.990e-29
       1308      1.177    14.9983   2.964838     2.7802     2.7495     0.0042  0.1519494 -9.990e-29
       1309      1.177    14.9982   2.964836     2.7802     2.7495     0.0042  0.1519316 -9.990e-29
       1310      1.178    14.9982   2.964837     2.7802     2.7495     0.0042  0.1519116 -9.990e-29
       1311      1.178    14.9983   2.964844     2.7802     2.7495     0.0042  0.1518901 -9.990e-29
       1312      1.179    14.9983   2.964857     2.7802     2.7495     0.0042  0.1518660 -9.990e-29
       1313      1.179    14.9985   2.964877     2.7802     2.7495     0.0042  0.1518384 -9.990e-29
       1314      1.179    14.9987   2.964905     2.7801     2.7495     0.0042  0.1518070 -9.990e-29
       1315      1.179    14.9989   2.964941     2.7801     2.7495     0.0042  0.1517716 -9.990e-29
       1316      1.179    14.9992   2.964986     2.7801     2.7494     0.0042  0.1517320 -9.990e-29
       1317      1.180    14.9996   2.965039     2.7801     2.7494     0.0042  0.1516880 -9.990e-29
       1318      1.180    15.0000   2.965102     2.7801     2.7494     0.0042  0.1516391 -9.990e-29
       1319      1.179    15.0004   2.965176     2.7800     2.7494     0.0042  0.1515860 -9.990e-29
       1320      1.179    15.0009   2.965259     2.7800     2.7494     0.0044  0.1515316 -9.990e-29
       1321      1.179    15.0015   2.965352     2.7800     2.7494     0.0044  0.1514798 -9.990e-29
       1322      1.178    15.0020   2.965454     2.7800     2.7493     0.0044  0.1514320 -9.990e-29
       1323      1.177    15.0027   2.965563     2.7800     2.7493     0.0044  0.1513877 -9.990e-29
       1324      1.177    15.0033   2.965677     2.7799     2.7493     0.0044  0.1513477 -9.990e-29
       1325      1.176    15.0039   2.965791     2.7799     2.7493     0.0044  0.1513123 -9.990e-29
       1326      1.175    15.0044   2.965900     2.7799     2.7493     0.0044  0.1512806 -9.990e-29
       1327      1.174    15.0049   2.966003     2.7799     2.7492     0.0044  0.1512515 -9.990e-29
       1328      1.173    15.0052   2.966095     2.7799     2.7492     0.0044  0.1512247 -9.990e-29
       1329      1.172    15.0055   2.966175     2.7799     2.7492     0.0044  0.1512001 -9.990e-29
       1330      1.171    15.0058   2.966242     2.7798     2.7492     0.0044  0.1511775 -9.990e-29
       1331      1.170    15.0060   2.966297     2.7798     2.7492     0.0044  0.1511568 -9.990e-29
       1332      1.169    15.0063   2.966344     2.7798     2.7492     0.0044  0.1511377 -9.990e-29
       1333      1.168    15.0065   2.966386     2.7798     2.7492     0.0044  0.1511202 -9.990e-29
       1334      1.167    15.0068   2.966427     2.7798     2.7492     0.0044  0.1511042 -9.990e-29
       1335      1.167    15.0070   2.966467     2.7798     2.7493     0.0044  0.1510895 -9.990e-29
       1336      1.166    15.0073   2.966507     2.7798     2.7493     0.0044  0.1510760 -9.990e-29
       1337      1.166    15.0075   2.966548     2.7798     2.7493     0.0044  0.1510637 -9.990e-29
       1338      1.165    15.0077   2.966589     2.7798     2.7494     0.0044  0.1510525 -9.990e-29
       1339      1.165    15.0080   2.966629     2.7798     2.7494     0.0044  0.1510422 -9.990e-29
       1340      1.165    15.0082   2.966669     2.7797     2.7495     0.0044  0.1510328 -9.990e-29
       1341      1.165    15.0083   2.966707     2.7797     2.7495     0.0044  0.1510242 -9.990e-29
       1342      1.166    15.0085   2.966741     2.7797     2.7496     0.0044  0.1510165 -9.990e-29
       1343      1.166    15.0086   2.966771     2.7797     2.7496     0.0044  0.1510094 -9.990e-29
       1344      1.167    15.0087   2.966796     2.7797     2.7497     0.0044  0.1510031 -9.990e-29
       1345      1.167    15.0088   2.966817     2.7796     2.7497     0.0044  0.1509973 -9.990e-29
       1346      1.168    15.0089   2.966835     2.7796     2.7498     0.0044  0.1509922 -9.990e-29
       1347      1.169    15.0090   2.966853     2.7796     2.7498     0.0044  0.1509876 -9.990e-29
       1348      1.170    15.0091   2.966869     2.7796     2.7499     0.0044  0.1509836 -9.990e-29
       1349      1.171    15.0091   2.966885     2.7795     2.7499     0.0044  0.1509800 -9.990e-29
       1350      1.171    15.0092   2.966901     2.7795     2.7500     0.0044  0.1509769 -9.990e-29
       1351      1.172    15.0093   2.966918     2.7794     2.7500     0.0044  0.1509743 -9.990e-29
       1352      1.172    15.0095   2.966938     2.7794     2.7500     0.0044  0.1509721 -9.990e-29
       1353      1.173    15.0096   2.966961     2.7794     2.7501     0.0044  0.1509703 -9.990e-29
       1354      1.173    15.0098   2.966989     2.7793     2.7501     0.0044  0.1509689 -9.990e-29
       1355      1.173    15.0100   2.967022     2.7792     2.7501     0.0044  0.1509679 -9.990e-29
       1356      1.172    15.0103   2.967061     2.7792     2.7501     0.0044  0.1509673 -9.990e-29
       1357      1.172    15.0106   2.967106     2.7791     2.7501     0.0044  0.1509671 -9.990e-29
       1358      1.171    15.0110   2.967157     2.7790     2.7502     0.0044  0.1509673 -9.990e-29
       1359      1.171    15.0114   2.967215     2.7789     2.7502     0.0044  0.1509678 -9.990e-29
       1360      1.170    15.0119   2.967281     2.7788     2.7502     0.0044  0.1509687 -9.990e-29
       1361      1.168    15.0124   2.967356     2.7787     2.7502     0.0044  0.1509701 -9.990e-29
       1362      1.167    15.0129   2.967437     2.7786     2.7502     0.0044  0.1509718 -9.990e-29
       1363      1.166    15.0135   2.967523     2.7785     2.7502     0.0044  0.1509740 -9.990e-29
       1364      1.165    15.0140   2.967611     2.7784     2.7502     0.0044  0.1509766 -9.990e-29
       1365      1.163    15.0145   2.967697     2.7783     2.7502     0.0044  0.1509796 -9.990e-29
       1366      1.161    15.0149   2.967780     2.7782     2.7501     0.0044  0.1509831 -9.990e-29
       1367      1.160    15.0154   2.967857     2.7781     2.7501     0.0044  0.1509871 -9.990e-29
       1368      1.158    15.0157   2.967926     2.7780     2.7501     0.0044  0.1509916 -9.990e-29
       1369      1.156    15.0160   2.967986     2.7779     2.7500     0.0044  0.1509967 -9.990e-29
       1370      1.155    15.0162   2.968036     2.7778     2.7500     0.0044  0.1510023 -9.990e-29
       1371      1.154    15.0164   2.968073     2.7777     2.7500     0.0044  0.1510086 -9.990e-29
       1372      1.153    15.0165   2.968100     2.7777     2.7499     0.0044  0.1510156 -9.990e-29
       1373      1.152    15.0165   2.968115     2.7776     2.7499     0.0044  0.1510232 -9.990e-29
       1374      1.152    15.0165   2.968120     2.7775     2.7498     0.0044  0.1510317 -9.990e-29
       1375      1.151    15.0164   2.968116     2.7775     2.7498     0.0044  0.1510410 -9.990e-29
       1376      1.152    15.0162   2.968103     2.7774     2.7497     0.0044  0.1510511 -9.990e-29
       1377      1.152    15.0161   2.968083     2.7774     2.7497     0.0044  0.1510623 -9.990e-29
       1378      1.153    15.0159   2.968058     2.7773     2.7496     0.0044  0.1510745 -9.990e-29
       1379      1.154    15.0156   2.968027     2.7772     2.7496     0.0044  0.1510878 -9.990e-29
       1380      1.154    15.0153   2.967992     2.7772     2.7496     0.0044  0.1511024 -9.990e-29
       1381      1.155    15.0150   2.967950     2.7771     2.7495     0.0044  0.1511182 -9.990e-29
       1382      1.156    15.0146   2.967901     2.7771     2.7495     0.0044  0.1511355 -9.990e-29
       1383      1.158    15.0142   2.967845     2.7770     2.7495     0.0044  0.1511544 -9.990e-29
       1384      1.159    15.0139   2.967786     2.7770     2.7494     0.0044  0.1511749 -9.990e-29
       1385      1.160    15.0135   2.967726     2.7770     2.7494     0.0044  0.1511973 -9.990e-29
       1386      1.160    15.0131   2.967667     2.7769     2.7494     0.0044  0.1512216 -9.990e-29
       1387      1.161    15.0128   2.967610     2.7769     2.7494     0.0044  0.1512481 -9.990e-29
       1388      1.161    15.0125   2.967557     2.7769     2.7494     0.0044  0.1512770 -9.990e-29
       1389      1.160    15.0122   2.967508     2.7768     2.7494     0.0044  0.1513084 -9.990e-29
       1390      1.160    15.0120   2.967466     2.7768     2.7494     0.0044  0.1513425 -9.990e-29
       1391      1.159    15.0119   2.967432     2.7768     2.7494     0.0044  0.1513796 -9.990e-29
       1392      1.157    15.0119   2.967407     2.7768     2.7494     0.0044  0.1514200 -9.990e-29
       1393      1.155    15.0119   2.967393     2.7768     2.7494     0.0044  0.1514639 -9.990e-29
       1394      1.153    15.0119   2.967390     2.7768     2.7494     0.0044  0.1515117 -9.990e-29
       1395      1.151    15.0121   2.967398     2.7767     2.7494     0.0044  0.1515636 -9.990e-29
       1396      1.148    15.0123   2.967416     2.7767     2.7494     0.0044  0.1516184 -9.990e-29
       1397      1.145    15.0125   2.967444     2.7767     2.7494     0.0044  0.1516721 -9.990e-29
       1398      1.143    15.0127   2.967479     2.7767     2.7494     0.0044  0.1517226 -9.990e-29
       1399      1.140    15.0129   2.967519     2.7767     2.7494     0.0044  0.1517703 -9.990e-29
       1400      1.138    15.0131   2.967559     2.7767     2.7494     0.0044  0.1518146 -9.990e-29
       1401      1.136    15.0132   2.967594     2.7767     2.7494     0.0044  0.1518558 -9.990e-29
       1402      1.134    15.0133   2.967621     2.7767     2.7494     0.0044  0.1518951 -9.990e-29
       1403      1.133    15.0133   2.967637     2.7767     2.7494     0.0044  0.1519319 -9.990e-29
       1404      1.133    15.0132   2.967642     2.7767     2.7494     0.0044  0.1519656 -9.990e-29
       1405      1.133    15.0131   2.967637     2.7766     2.7494     0.0044  0.1519964 -9.990e-29
       1406      1.133    15.0129   2.967622     2.7766     2.7494     0.0044  0.1520246 -9.990e-29
       1407      1.134    15.0127   2.967599     2.7766     2.7494     0.0044  0.1520504 -9.990e-29
       1408      1.135    15.0125   2.967571     2.7766     2.7493     0.0044  0.1520738 -9.990e-29
       1409      1.137    15.0123   2.967537     2.7766     2.7493     0.0044  0.1520952 -9.990e-29
       1410      1.138    15.0121   2.967500     2.7766     2.7492     0.0044  0.1521145 -9.990e-29
       1411      1.140    15.0118   2.967460     2.7767     2.7492     0.0044  0.1521321 -9.990e-29
       1412      1.143    15.0116   2.967420     2.7767     2.7491     0.0044  0.1521479 -9.990e-29
       1413      1.145    15.0113   2.967378     2.7767     2.7490     0.0044  0.1521622 -9.990e-29
       1414      1.148    15.0111   2.967335     2.7767     2.7490     0.0044  0.1521749 -9.990e-29
       1415      1.150    15.0108   2.967288     2.7767     2.7489     0.0044  0.1521871 -9.990e-29
       1416      1.152    15.0104   2.967237     2.7767     2.7488     0.0044  0.1521997 -9.990e-29
       1417      1.154    15.0100   2.967177     2.7767     2.7488     0.0044  0.1522119 -9.990e-29
       1418      1.156    15.0096   2.967107     2.7767     2.7487     0.0044  0.1522229 -9.990e-29
       1419      1.158    15.0090   2.967026     2.7767     2.7487     0.0044  0.1522329 -9.990e-29
       1420      1.159    15.0085   2.966937     2.7767     2.7486     0.0044  0.1522419 -9.990e-29
       1421      1.159    15.0079   2.966842     2.7767     2.7486     0.0044  0.1522499 -9.990e-29
       1422      1.159    15.0073   2.966745     2.7767     2.7485     0.0044  0.1522570 -9.990e-29
       1423      1.158    15.0068   2.966649     2.7767     2.7484     0.0044  0.1522633 -9.990e-29
       1424      1.157    15.0063   2.966556     2.7767     2.7484     0.0044  0.1522688 -9.990e-29
       1425      1.156    15.0058   2.966467     2.7767     2.7483     0.0044  0.1522735 -9.990e-29
       1426      1.154    15.0053   2.966383     2.7767     2.7483     0.0044  0.1522776 -9.990e-29
       1427      1.151    15.0049   2.966303     2.7767     2.7482     0.0044  0.1522809 -9.990e-29
       1428      1.148    15.0045   2.966230     2.7767     2.7481     0.0044  0.1522835 -9.990e-29
       1429      1.145    15.0042   2.966165     2.7767     2.7481     0.0044  0.1522856 -9.990e-29
       1430      1.142    15.0040   2.966110     2.7767     2.7480     0.0044  0.1522869 -9.990e-29
       1431      1.139    15.0039   2.966064     2.7767     2.7480     0.0044  0.1522877 -9.990e-29
       1432      1.136    15.0038   2.966029     2.7767     2.7479     0.0044  0.1522878 -9.990e-29
       1433      1.133    15.0038   2.966006     2.7767     2.7478     0.0044  0.1522873 -9.990e-29
       1434      1.130    15.0038   2.965995     2.7767     2.7478     0.0044  0.1522862 -9.990e-29
       1435      1.128    15.0040   2.965996     2.7767     2.7477     0.0044  0.1522844 -9.990e-29
       1436      1.127    15.0042   2.966010     2.7767     2.7477     0.0044  0.1522820 -9.990e-29
       1437      1.126    15.0045   2.966034     2.7767     2.7476     0.0044  0.1522789 -9.990e-29
       1438      1.126    15.0048   2.966070     2.7768     2.7476     0.0044  0.1522751 -9.990e-29
       1439      1.126    15.0052   2.966117     2.7768     2.7476     0.0044  0.1522707 -9.990e-29
       1440      1.126    15.0056   2.966172     2.7768     2.7475     0.0044  0.1522655 -9.990e-29
