code/data/2021/ctd_data_day2/station8_ctm.cnv
* Sea-Bird SBE 9 Data File:
* FileName = C:\Users\CTD-User\Desktop\MAR440\day2\station8.hex
* Software Version Seasave V 7.26.2.13
* Temperature SN = 6313
* Conductivity SN = 4758
* Number of Bytes Per Scan = 37
* Number of Voltage Words = 4
* Number of Scans Averaged by the Deck Unit = 1
* NMEA Latitude = 58 19.53 N
* NMEA Longitude = 011 50.68 E
* NMEA UTC (Time) = Sep 22 2021 11:34:11
* NMEA baud rate = 4800
** Ship: Skagerrak
** Station: station8
** Operator: group1
# nquan = 9
# nvalues = 1621                        
# units = specified
# name 0 = scan: Scan Count
# name 1 = prDM: Pressure, Digiquartz [db]
# name 2 = t090C: Temperature [ITS-90, deg C]
# name 3 = c0S/m: Conductivity [S/m]
# name 4 = sbeox0V: Oxygen raw, SBE 43 [V]
# name 5 = sbeox1V: Oxygen raw, SBE 43, 2 [V]
# name 6 = flECO-AFL: Fluorescence, WET Labs ECO-AFL/FL [mg/m^3]
# name 7 = upoly0: Upoly 0, Turbidity
# name 8 = flag:  0.000e+00
# span 0 =          1,       1621       
# span 1 =      0.732,     12.652       
# span 2 =    13.9013,    15.7444       
# span 3 =   2.895952,   3.417838       
# span 4 =     1.3528,     2.8205       
# span 5 =     1.3344,     2.7521       
# span 6 =     0.0040,     0.0057       
# span 7 =  0.0908388,  0.1826581       
# span 8 = 0.0000e+00, 0.0000e+00       
# interval = seconds: 0.0416667
# start_time = Sep 22 2021 11:34:11 [NMEA time, header]
# bad_flag = -9.990e-29
*END*
[from data line 161]
        162      6.024    15.5560   3.213666     2.7509     2.6679     0.0049  0.1572613 0.0000e+00
        163      6.049    15.5828   3.233105     2.7509     2.6679     0.0051  0.1567729 0.0000e+00
        164      6.115    15.6055   3.251543     2.7521     2.6679     0.0049  0.1567729 0.0000e+00
        165      6.090    15.6208   3.265181     2.7521     2.6679     0.0049  0.1567729 0.0000e+00
        166      6.115    15.6275   3.273549     2.7509     2.6667     0.0049  0.1572613 0.0000e+00
        167      6.148    15.6303   3.278364     2.7497     2.6654     0.0049  0.1567729 0.0000e+00
        168      6.173    15.6306   3.280580     2.7497     2.6654     0.0051  0.1572613 0.0000e+00
        169      6.239    15.6316   3.281674     2.7509     2.6642     0.0049  0.1567729 0.0000e+00
        170      6.214    15.6309   3.282176     2.7497     2.6654     0.0051  0.1572613 0.0000e+00
        171      6.239    15.6307   3.282371     2.7485     2.6642     0.0051  0.1572613 0.0000e+00
        172      6.239    15.6343   3.283348     2.7485     2.6630     0.0049  0.1572613 0.0000e+00
        173      6.272    15.6392   3.285617     2.7497     2.6630     0.0051  0.1567729 0.0000e+00
        174      6.296    15.6443   3.288204     2.7497     2.6618     0.0049  0.1572613 0.0000e+00
        175      6.337    15.6494   3.290802     2.7473     2.6606     0.0049  0.1572613 0.0000e+00
        176      6.354    15.6550   3.292696     2.7473     2.6606     0.0049  0.1567729 0.0000e+00
        177      6.354    15.6591   3.294672     2.7460     2.6593     0.0049  0.1567729 0.0000e+00
        178      6.395    15.6609   3.296000     2.7473     2.6593     0.0051  0.1567729 0.0000e+00
        179      6.420    15.6617   3.296946     2.7473     2.6593     0.0049  0.1572613 0.0000e+00
        180      6.420    15.6640   3.297501     2.7448     2.6581     0.0051  0.1523773 0.0000e+00
        181      6.453    15.6668   3.298104     2.7436     2.6581     0.0048  0.1372369 0.0000e+00
        182      6.478    15.6694   3.298982     2.7424     2.6569     0.0048  0.1313761 0.0000e+00
        183      6.478    15.6719   3.299848     2.7436     2.6569     0.0048  0.1313761 0.0000e+00
        184      6.519    15.6738   3.300580     2.7436     2.6569     0.0048  0.1323529 0.0000e+00
        185      6.544    15.6745   3.301049     2.7424     2.6557     0.0048  0.1323529 0.0000e+00
        186      6.577    15.6738   3.300736     2.7399     2.6557     0.0048  0.1323529 0.0000e+00
        187      6.544    15.6735   3.300005     2.7399     2.6545     0.0048  0.1323529 0.0000e+00
        188      6.544    15.6750   3.299407     2.7424     2.6545     0.0048  0.1323529 0.0000e+00
        189      6.577    15.6774   3.299175     2.7387     2.6532     0.0048  0.1323529 0.0000e+00
        190      6.601    15.6782   3.298960     2.7375     2.6520     0.0048  0.1323529 0.0000e+00
        191      6.601    15.6782   3.298214     2.7375     2.6520     0.0048  0.1323529 0.0000e+00
        192      6.577    15.6785   3.296393     2.7363     2.6496     0.0048  0.1323529 0.0000e+00
        193      6.601    15.6794   3.293667     2.7363     2.6471     0.0048  0.1323529 0.0000e+00
        194      6.642    15.6801   3.291993     2.7338     2.6447     0.0048  0.1323529 0.0000e+00
        195      6.667    15.6807   3.291536     2.7326     2.6447     0.0048  0.1323529 0.0000e+00
        196      6.667    15.6820   3.292380     2.7314     2.6422     0.0048  0.1323529 0.0000e+00
        197      6.642    15.6838   3.293462     2.7302     2.6398     0.0048  0.1318645 0.0000e+00
        198      6.601    15.6840   3.295118     2.7289     2.6361     0.0048  0.1323529 0.0000e+00
        199      6.667    15.6836   3.297296     2.7265     2.6337     0.0048  0.1323529 0.0000e+00
        200      6.700    15.6833   3.300314     2.7241     2.6300     0.0048  0.1323529 0.0000e+00
        201      6.601    15.6829   3.302987     2.7204     2.6264     0.0048  0.1323529 0.0000e+00
        202      6.667    15.6831   3.304536     2.7192     2.6215     0.0048  0.1323529 0.0000e+00
        203      6.642    15.6833   3.304797     2.7167     2.6178     0.0048  0.1323529 0.0000e+00
        204      6.667    15.6835   3.303446     2.7131     2.6129     0.0048  0.1323529 0.0000e+00
        205      6.642    15.6840   3.301885     2.7094     2.6068     0.0048  0.1323529 0.0000e+00
        206      6.725    15.6845   3.300536     2.7057     2.6019     0.0046  0.1191661 0.0000e+00
        207      6.601    15.6843   3.298944     2.7033     2.5958     0.0044  0.1084212 0.0000e+00
        208      6.642    15.6807   3.297425     2.6984     2.5910     0.0044  0.1059792 0.0000e+00
        209      6.667    15.6735   3.296744     2.6923     2.5836     0.0044  0.1069560 0.0000e+00
        210      6.667    15.6675   3.295451     2.6886     2.5775     0.0044  0.1069560 0.0000e+00
        211      6.642    15.6609   3.292974     2.6838     2.5714     0.0044  0.1074444 0.0000e+00
        212      6.667    15.6560   3.289820     2.6789     2.5641     0.0044  0.1069560 0.0000e+00
        213      6.601    15.6511   3.287317     2.6740     2.5568     0.0044  0.1069560 0.0000e+00
        214      6.700    15.6518   3.286001     2.6642     2.5507     0.0044  0.1069560 0.0000e+00
        215      6.601    15.6585   3.288464     2.6581     2.5421     0.0044  0.1069560 0.0000e+00
        216      6.700    15.6650   3.294558     2.6520     2.5348     0.0044  0.1069560 0.0000e+00
        217      6.601    15.6697   3.300371     2.6471     2.5275     0.0044  0.1069560 0.0000e+00
        218      6.667    15.6721   3.303610     2.6386     2.5201     0.0044  0.1069560 0.0000e+00
        219      6.642    15.6741   3.305218     2.6300     2.5116     0.0044  0.1069560 0.0000e+00
        220      6.667    15.6755   3.306285     2.6227     2.5030     0.0044  0.1069560 0.0000e+00
        221      6.601    15.6762   3.306663     2.6166     2.4945     0.0044  0.1069560 0.0000e+00
        222      6.642    15.6764   3.306224     2.6093     2.4884     0.0044  0.1069560 0.0000e+00
        223      6.667    15.6752   3.303914     2.6007     2.4798     0.0044  0.1069560 0.0000e+00
        224      6.667    15.6740   3.300524     2.5922     2.4713     0.0044  0.1069560 0.0000e+00
        225      6.577    15.6735   3.298419     2.5836     2.4640     0.0044  0.1069560 0.0000e+00
        226      6.667    15.6736   3.298531     2.5763     2.4554     0.0042  0.1069560 0.0000e+00
        227      6.642    15.6735   3.299493     2.5690     2.4481     0.0044  0.1069560 0.0000e+00
        228      6.667    15.6719   3.299340     2.5604     2.4395     0.0044  0.1069560 0.0000e+00
        229      6.667    15.6685   3.297317     2.5507     2.4322     0.0044  0.1069560 0.0000e+00
        230      6.577    15.6674   3.294160     2.5433     2.4249     0.0044  0.1069560 0.0000e+00
        231      6.667    15.6667   3.291167     2.5360     2.4163     0.0044  0.1098864 0.0000e+00
        232      6.667    15.6645   3.288806     2.5275     2.4090     0.0044  0.1177009 0.0000e+00
        233      6.642    15.6628   3.286672     2.5189     2.4017     0.0044  0.1211197 0.0000e+00
        234      6.601    15.6601   3.284695     2.5091     2.3944     0.0044  0.1211197 0.0000e+00
        235      6.667    15.6546   3.283029     2.5018     2.3858     0.0044  0.1206313 0.0000e+00
        236      6.642    15.6536   3.281428     2.4945     2.3785     0.0044  0.1206313 0.0000e+00
        237      6.667    15.6541   3.280101     2.4859     2.3712     0.0044  0.1206313 0.0000e+00
        238      6.642    15.6536   3.279248     2.4762     2.3638     0.0044  0.1206313 0.0000e+00
        239      6.667    15.6521   3.278385     2.4689     2.3565     0.0044  0.1206313 0.0000e+00
        240      6.667    15.6495   3.277381     2.4615     2.3492     0.0044  0.1206313 0.0000e+00
        241      6.642    15.6485   3.276474     2.4542     2.3431     0.0044  0.1206313 0.0000e+00
        242      6.601    15.6479   3.275713     2.4457     2.3358     0.0044  0.1206313 0.0000e+00
        243      6.667    15.6460   3.275295     2.4359     2.3297     0.0044  0.1206313 0.0000e+00
        244      6.700    15.6450   3.275032     2.4298     2.3223     0.0044  0.1206313 0.0000e+00
        245      6.601    15.6440   3.274562     2.4225     2.3150     0.0044  0.1206313 0.0000e+00
        246      6.667    15.6433   3.273811     2.4151     2.3089     0.0044  0.1206313 0.0000e+00
        247      6.642    15.6426   3.273514     2.4066     2.3016     0.0044  0.1206313 0.0000e+00
        248      6.667    15.6433   3.273991     2.3980     2.2942     0.0044  0.1206313 0.0000e+00
        249      6.700    15.6428   3.275002     2.3919     2.2906     0.0044  0.1206313 0.0000e+00
        250      6.601    15.6411   3.275693     2.3858     2.2833     0.0044  0.1206313 0.0000e+00
        251      6.667    15.6407   3.275913     2.3785     2.2771     0.0044  0.1206313 0.0000e+00
        252      6.642    15.6407   3.276135     2.3712     2.2710     0.0044  0.1206313 0.0000e+00
        253      6.667    15.6406   3.276689     2.3638     2.2649     0.0044  0.1206313 0.0000e+00
        254      6.725    15.6400   3.277482     2.3565     2.2588     0.0044  0.1206313 0.0000e+00
        255      6.642    15.6411   3.278282     2.3516     2.2539     0.0044  0.1206313 0.0000e+00
        256      6.667    15.6428   3.278586     2.3455     2.2478     0.0044  0.1206313 0.0000e+00
        257      6.667    15.6429   3.278929     2.3382     2.2430     0.0048  0.1367485 0.0000e+00
        258      6.642    15.6424   3.279385     2.3321     2.2369     0.0048  0.1509121 0.0000e+00
        259      6.667    15.6423   3.279715     2.3235     2.2320     0.0048  0.1538425 0.0000e+00
        260      6.642    15.6421   3.279891     2.3199     2.2271     0.0048  0.1528657 0.0000e+00
        261      6.667    15.6419   3.280359     2.3138     2.2222     0.0048  0.1523773 0.0000e+00
        262      6.725    15.6443   3.280763     2.3077     2.2185     0.0048  0.1518889 0.0000e+00
        263      6.642    15.6469   3.280984     2.3003     2.2124     0.0048  0.1523773 0.0000e+00
        264      6.667    15.6483   3.280943     2.2955     2.2088     0.0048  0.1518889 0.0000e+00
        265      6.667    15.6487   3.280908     2.2918     2.2039     0.0048  0.1518889 0.0000e+00
        266      6.642    15.6488   3.280971     2.2845     2.2002     0.0048  0.1523773 0.0000e+00
        267      6.667    15.6485   3.281140     2.2784     2.1953     0.0048  0.1518889 0.0000e+00
        268      6.667    15.6483   3.281339     2.2723     2.1917     0.0048  0.1518889 0.0000e+00
        269      6.700    15.6497   3.281389     2.2686     2.1880     0.0048  0.1523773 0.0000e+00
        270      6.667    15.6490   3.281867     2.2649     2.1843     0.0048  0.1523773 0.0000e+00
        271      6.577    15.6504   3.282525     2.2588     2.1807     0.0048  0.1523773 0.0000e+00
        272      6.725    15.6526   3.283136     2.2539     2.1770     0.0048  0.1518889 0.0000e+00
        273      6.725    15.6514   3.283250     2.2491     2.1734     0.0048  0.1523773 0.0000e+00
        274      6.642    15.6495   3.282220     2.2442     2.1709     0.0048  0.1518889 0.0000e+00
        275      6.667    15.6458   3.278682     2.2405     2.1673     0.0048  0.1518889 0.0000e+00
        276      6.667    15.6338   3.273181     2.2344     2.1648     0.0048  0.1518889 0.0000e+00
        277      6.700    15.6062   3.266616     2.2295     2.1611     0.0048  0.1523773 0.0000e+00
        278      6.667    15.5767   3.258239     2.2259     2.1587     0.0048  0.1523773 0.0000e+00
        279      6.667    15.5683   3.249599     2.2234     2.1563     0.0048  0.1523773 0.0000e+00
        280      6.642    15.5678   3.244672     2.2198     2.1538     0.0048  0.1518889 0.0000e+00
        281      6.725    15.5688   3.243551     2.2149     2.1502     0.0048  0.1523773 0.0000e+00
        282      6.667    15.5676   3.243027     2.2100     2.1477     0.0048  0.1518889 0.0000e+00
        283      6.642    15.5675   3.241148     2.2063     2.1453     0.0046  0.1499353 0.0000e+00
        284      6.667    15.5723   3.240191     2.2051     2.1441     0.0048  0.1489585 0.0000e+00
        285      6.700    15.5906   3.244347     2.2002     2.1404     0.0046  0.1489585 0.0000e+00
        286      6.667    15.5980   3.252344     2.1966     2.1379     0.0046  0.1489585 0.0000e+00
        287      6.667    15.5918   3.256708     2.1929     2.1355     0.0046  0.1489585 0.0000e+00
        288      6.700    15.5856   3.254654     2.1892     2.1331     0.0046  0.1489585 0.0000e+00
        289      6.667    15.5908   3.253119     2.1880     2.1318     0.0048  0.1489585 0.0000e+00
        290      6.667    15.6001   3.256376     2.1856     2.1294     0.0048  0.1489585 0.0000e+00
        291      6.700    15.6116   3.262224     2.1807     2.1270     0.0048  0.1489585 0.0000e+00
        292      6.667    15.6201   3.266935     2.1770     2.1245     0.0046  0.1489585 0.0000e+00
        293      6.725    15.6239   3.269609     2.1758     2.1221     0.0048  0.1489585 0.0000e+00
        294      6.642    15.6240   3.270875     2.1734     2.1209     0.0046  0.1489585 0.0000e+00
        295      6.667    15.6209   3.271260     2.1697     2.1184     0.0046  0.1489585 0.0000e+00
        296      6.700    15.6206   3.270972     2.1660     2.1172     0.0046  0.1489585 0.0000e+00
        297      6.667    15.6245   3.271090     2.1636     2.1160     0.0046  0.1489585 0.0000e+00
        298      6.667    15.6275   3.272104     2.1624     2.1135     0.0046  0.1489585 0.0000e+00
        299      6.642    15.6275   3.272747     2.1611     2.1123     0.0046  0.1489585 0.0000e+00
        300      6.601    15.6202   3.271934     2.1575     2.1111     0.0046  0.1489585 0.0000e+00
        301      6.601    15.6101   3.269293     2.1563     2.1086     0.0048  0.1489585 0.0000e+00
        302      6.577    15.6040   3.265998     2.1526     2.1074     0.0046  0.1489585 0.0000e+00
        303      6.667    15.5893   3.260777     2.1514     2.1062     0.0046  0.1489585 0.0000e+00
        304      6.544    15.5683   3.250365     2.1514     2.1050     0.0048  0.1489585 0.0000e+00
        305      6.642    15.5547   3.238013     2.1465     2.1025     0.0046  0.1489585 0.0000e+00
        306      6.601    15.5455   3.229716     2.1441     2.1013     0.0048  0.1489585 0.0000e+00
        307      6.577    15.5392   3.224471     2.1416     2.1013     0.0046  0.1489585 0.0000e+00
        308      6.544    15.5353   3.221181     2.1416     2.1001     0.0048  0.1284457 0.0000e+00
        309      6.544    15.5287   3.218691     2.1392     2.0989     0.0048  0.1084212 0.0000e+00
        310      6.519    15.5196   3.214996     2.1367     2.0977     0.0048  0.1045140 0.0000e+00
        311      6.478    15.5127   3.209878     2.1343     2.0977     0.0048  0.1054908 0.0000e+00
        312      6.478    15.5132   3.207038     2.1331     2.0952     0.0048  0.1059792 0.0000e+00
        313      6.453    15.5108   3.206775     2.1331     2.0952     0.0048  0.1064676 0.0000e+00
        314      6.478    15.5049   3.204895     2.1318     2.0952     0.0048  0.1059792 0.0000e+00
        315      6.395    15.4989   3.200713     2.1282     2.0928     0.0048  0.1059792 0.0000e+00
        316      6.420    15.4886   3.195522     2.1270     2.0915     0.0048  0.1064676 0.0000e+00
        317      6.420    15.4751   3.188103     2.1245     2.0915     0.0048  0.1059792 0.0000e+00
        318      6.395    15.4669   3.180388     2.1245     2.0903     0.0048  0.1059792 0.0000e+00
        319      6.354    15.4650   3.175997     2.1221     2.0891     0.0048  0.1059792 0.0000e+00
        320      6.296    15.4647   3.174844     2.1209     2.0879     0.0048  0.1064676 0.0000e+00
