code/data/2021/ctd_data_day2/station3.cnv
* Sea-Bird SBE 9 Data File:
* FileName = C:\Users\CTD-User\Desktop\MAR440\day2\station3.hex
* Software Version Seasave V 7.26.2.13
* Temperature SN = 6313
* Conductivity SN = 4758
* Number of Bytes Per Scan = 37
* Number of Voltage Words = 4
* Number of Scans Averaged by the Deck Unit = 1
* NMEA Latitude = 58 19.70 N
* NMEA Longitude = 011 51.29 E
* NMEA UTC (Time) = Sep 22 2021 09:36:18
* NMEA baud rate = 4800
** Ship: Skagerrak
** Station: station3
** Operator: group2purple
# nquan = 9
# nvalues = 3261                                  
# units = specified
# name 0 = scan: Scan Count
# name 1 = prDM: Pressure, Digiquartz [db]
# name 2 = t090C: Temperature [ITS-90, deg C]
# name 3 = c0S/m: Conductivity [S/m]
# name 4 = sbeox0V: Oxygen raw, SBE 43 [V]
# name 5 = sbeox1V: Oxygen raw, SBE 43, 2 [V]
# name 6 = flECO-AFL: Fluorescence, WET Labs ECO-AFL/FL [mg/m^3]
# name 7 = upoly0: Upoly 0, Turbidity
# name 8 = flag:  0.000e+00
# span 0 =          1,       3261                 
# span 1 =      0.712,     17.296                 
# span 2 =    10.1794,    16.2156                 
# span 3 =   2.674270,   3.486635                 
# span 4 =     0.9840,     3.3394                 
# span 5 =     1.0157,     3.3590                 
# span 6 =     0.0035,     0.0081                 
# span 7 =  0.0883968,  0.2398010                 
# span 8 = 0.0000e+00, 0.0000e+00                 
# interval = seconds: 0.0416667
# start_time = Sep 22 2021 09:36:18 [NMEA time, header]
# bad_flag = -9.990e-29
*END*
[from data line 2241]
       2242      0.871    13.9002   2.674636     2.9047     2.8461     0.0068  0.2329634  0.000e+00
       2243      0.838    13.8998   2.674541     2.9084     2.8461     0.0066  0.2329634  0.000e+00
       2244      0.805    13.8990   2.674349     2.9072     2.8474     0.0068  0.2329634  0.000e+00
       2245      0.838    13.8983   2.674317     2.9060     2.8461     0.0068  0.2329634  0.000e+00
       2246      0.871    13.8995   2.674270     2.9060     2.8474     0.0068  0.2329634  0.000e+00
       2247      0.780    13.9003   2.674307     2.9060     2.8474     0.0068  0.2329634  0.000e+00
       2248      0.871    13.9007   2.674551     2.9084     2.8474     0.0068  0.2329634  0.000e+00
       2249      0.780    13.9010   2.674711     2.9072     2.8474     0.0068  0.2329634  0.000e+00
       2250      0.871    13.9012   2.674870     2.9060     2.8474     0.0068  0.2329634  0.000e+00
       2251      0.838    13.9019   2.675008     2.9060     2.8474     0.0068  0.2329634  0.000e+00
       2252      0.805    13.9022   2.674945     2.9084     2.8474     0.0068  0.2329634  0.000e+00
       2253      0.838    13.9017   2.675008     2.9072     2.8474     0.0068  0.2329634  0.000e+00
       2254      0.805    13.9005   2.674753     2.9084     2.8474     0.0068  0.2329634  0.000e+00
       2255      0.903    13.9005   2.674482     2.9084     2.8474     0.0068  0.2329634  0.000e+00
       2256      0.805    13.9012   2.674636     2.9084     2.8474     0.0068  0.2329634  0.000e+00
       2257      0.837    13.9020   2.674844     2.9072     2.8474     0.0068  0.2329634  0.000e+00
       2258      0.870    13.9020   2.675061     2.9084     2.8474     0.0068  0.2329634  0.000e+00
       2259      0.837    13.9019   2.675040     2.9084     2.8474     0.0068  0.2329634  0.000e+00
       2260      0.870    13.9015   2.674769     2.9072     2.8474     0.0068  0.2329634  0.000e+00
       2261      0.837    13.9022   2.674875     2.9060     2.8474     0.0068  0.2329634  0.000e+00
       2262      0.870    13.9049   2.675343     2.9084     2.8474     0.0068  0.2329634  0.000e+00
       2263      0.837    13.9062   2.676231     2.9084     2.8474     0.0068  0.2329634  0.000e+00
       2264      0.804    13.9083   2.677103     2.9072     2.8474     0.0066  0.2329634  0.000e+00
       2265      0.837    13.9101   2.677682     2.9084     2.8474     0.0068  0.2329634  0.000e+00
       2266      0.870    13.9106   2.678161     2.9060     2.8474     0.0066  0.2329634  0.000e+00
       2267      0.837    13.9105   2.678448     2.9084     2.8474     0.0068  0.2334518  0.000e+00
       2268      0.870    13.9080   2.678044     2.9084     2.8474     0.0068  0.2344286  0.000e+00
       2269      0.837    13.9056   2.677156     2.9072     2.8474     0.0068  0.2344286  0.000e+00
       2270      0.804    13.9047   2.676518     2.9072     2.8474     0.0068  0.2339402  0.000e+00
       2271      0.903    13.9055   2.676279     2.9072     2.8474     0.0068  0.2344286  0.000e+00
       2272      0.804    13.9083   2.676683     2.9084     2.8474     0.0068  0.2344286  0.000e+00
       2273      0.837    13.9106   2.677103     2.9084     2.8474     0.0068  0.2344286  0.000e+00
       2274      0.870    13.9123   2.677523     2.9084     2.8474     0.0068  0.2344286  0.000e+00
       2275      0.837    13.9132   2.677656     2.9072     2.8474     0.0068  0.2344286  0.000e+00
       2276      0.870    13.9142   2.677757     2.9084     2.8461     0.0068  0.2344286  0.000e+00
       2277      0.837    13.9140   2.677831     2.9084     2.8461     0.0068  0.2344286  0.000e+00
       2278      0.870    13.9151   2.677783     2.9084     2.8461     0.0068  0.2344286  0.000e+00
       2279      0.837    13.9160   2.677975     2.9084     2.8461     0.0068  0.2344286  0.000e+00
       2280      0.804    13.9169   2.678193     2.9072     2.8461     0.0068  0.2344286  0.000e+00
       2281      0.903    13.9176   2.678539     2.9084     2.8461     0.0068  0.2344286  0.000e+00
       2282      0.804    13.9177   2.678751     2.9084     2.8461     0.0068  0.2344286  0.000e+00
       2283      0.837    13.9178   2.678900     2.9084     2.8461     0.0068  0.2344286  0.000e+00
       2284      0.870    13.9169   2.678863     2.9084     2.8461     0.0068  0.2344286  0.000e+00
       2285      0.837    13.9162   2.678703     2.9084     2.8461     0.0068  0.2344286  0.000e+00
       2286      0.870    13.9146   2.678406     2.9096     2.8461     0.0068  0.2344286  0.000e+00
       2287      0.903    13.9137   2.677986     2.9096     2.8461     0.0068  0.2339402  0.000e+00
       2288      0.804    13.9127   2.677709     2.9084     2.8461     0.0068  0.2344286  0.000e+00
       2289      0.903    13.9125   2.677640     2.9084     2.8461     0.0068  0.2344286  0.000e+00
       2290      0.903    13.9133   2.677730     2.9084     2.8461     0.0068  0.2344286  0.000e+00
       2291      0.804    13.9122   2.677938     2.9096     2.8461     0.0068  0.2344286  0.000e+00
       2292      0.903    13.9115   2.677778     2.9096     2.8461     0.0066  0.2344286  0.000e+00
       2293      0.870    13.9124   2.677964     2.9084     2.8461     0.0066  0.2354054  0.000e+00
       2294      0.837    13.9151   2.678501     2.9084     2.8461     0.0066  0.2358938  0.000e+00
       2295      0.870    13.9183   2.679315     2.9084     2.8461     0.0064  0.2358938  0.000e+00
       2296      0.837    13.9199   2.679916     2.9108     2.8461     0.0066  0.2358938  0.000e+00
       2297      0.870    13.9201   2.680155     2.9096     2.8461     0.0066  0.2358938  0.000e+00
       2298      0.837    13.9209   2.680251     2.9084     2.8461     0.0066  0.2358938  0.000e+00
       2299      0.870    13.9216   2.680368     2.9084     2.8461     0.0066  0.2358938  0.000e+00
       2300      0.837    13.9215   2.680576     2.9096     2.8461     0.0066  0.2358938  0.000e+00
       2301      0.870    13.9221   2.680682     2.9108     2.8461     0.0066  0.2358938  0.000e+00
       2302      0.837    13.9243   2.680879     2.9108     2.8461     0.0066  0.2358938  0.000e+00
       2303      0.870    13.9221   2.681012     2.9096     2.8461     0.0066  0.2358938  0.000e+00
       2304      0.837    13.9274   2.681496     2.9096     2.8461     0.0066  0.2358938  0.000e+00
       2305      0.870    13.9303   2.682603     2.9108     2.8474     0.0066  0.2358938  0.000e+00
       2306      0.837    13.9278   2.683268     2.9121     2.8474     0.0066  0.2358938  0.000e+00
       2307      0.870    13.9296   2.683443     2.9108     2.8461     0.0066  0.2358938  0.000e+00
       2308      0.837    13.9320   2.683805     2.9096     2.8474     0.0066  0.2358938  0.000e+00
       2309      0.869    13.9342   2.684252     2.9096     2.8474     0.0066  0.2358938  0.000e+00
       2310      0.836    13.9343   2.684476     2.9108     2.8474     0.0064  0.2358938  0.000e+00
       2311      0.869    13.9355   2.684279     2.9133     2.8474     0.0066  0.2358938  0.000e+00
       2312      0.836    13.9364   2.684242     2.9108     2.8474     0.0066  0.2358938  0.000e+00
       2313      0.869    13.9397   2.684662     2.9096     2.8474     0.0066  0.2358938  0.000e+00
       2314      0.836    13.9412   2.685061     2.9096     2.8474     0.0066  0.2358938  0.000e+00
       2315      0.869    13.9418   2.685285     2.9133     2.8474     0.0066  0.2358938  0.000e+00
       2316      0.836    13.9459   2.685700     2.9133     2.8474     0.0066  0.2358938  0.000e+00
       2317      0.803    13.9457   2.686456     2.9108     2.8474     0.0066  0.2358938  0.000e+00
       2318      0.836    13.9474   2.687222     2.9108     2.8474     0.0064  0.2354054  0.000e+00
       2319      0.869    13.9510   2.688117     2.9096     2.8474     0.0064  0.2349170  0.000e+00
       2320      0.836    13.9507   2.688527     2.9133     2.8474     0.0064  0.2344286  0.000e+00
       2321      0.869    13.9492   2.688101     2.9108     2.8474     0.0064  0.2349170  0.000e+00
       2322      0.836    13.9513   2.688010     2.9108     2.8486     0.0064  0.2349170  0.000e+00
       2323      0.869    13.9561   2.688969     2.9108     2.8486     0.0064  0.2349170  0.000e+00
       2324      0.902    13.9604   2.690125     2.9108     2.8486     0.0064  0.2349170  0.000e+00
       2325      0.869    13.9576   2.690386     2.9133     2.8486     0.0064  0.2349170  0.000e+00
       2326      0.836    13.9494   2.689299     2.9121     2.8486     0.0064  0.2349170  0.000e+00
       2327      0.869    13.9465   2.687872     2.9108     2.8498     0.0064  0.2349170  0.000e+00
       2328      0.902    13.9239   2.687760     2.9194     2.8498     0.0064  0.2349170  0.000e+00
       2329      0.803    13.9567   2.688942     2.9096     2.8486     0.0064  0.2349170  0.000e+00
       2330      0.902    13.9612   2.690189     2.9084     2.8498     0.0064  0.2349170  0.000e+00
       2331      0.869    13.9497   2.691174     2.9194     2.8498     0.0064  0.2349170  0.000e+00
       2332      0.836    13.9655   2.691733     2.9084     2.8498     0.0064  0.2349170  0.000e+00
       2333      0.869    13.9601   2.691377     2.9060     2.8498     0.0064  0.2349170  0.000e+00
       2334      0.836    13.9539   2.690162     2.9133     2.8498     0.0064  0.2349170  0.000e+00
       2335      0.869    13.9477   2.688676     2.9133     2.8498     0.0064  0.2349170  0.000e+00
       2336      0.836    13.9444   2.687457     2.9121     2.8498     0.0064  0.2349170  0.000e+00
       2337      0.869    13.9425   2.686637     2.9133     2.8498     0.0064  0.2349170  0.000e+00
       2338      0.836    13.9409   2.686365     2.9121     2.8498     0.0064  0.2349170  0.000e+00
       2339      0.803    13.9407   2.686408     2.9133     2.8510     0.0064  0.2349170  0.000e+00
       2340      0.836    13.9392   2.686339     2.9133     2.8510     0.0064  0.2349170  0.000e+00
       2341      0.869    13.9192   2.686227     2.9231     2.8510     0.0064  0.2349170  0.000e+00
       2342      0.712    13.9353   2.685737     2.9084     2.8498     0.0064  0.2349170  0.000e+00
       2343      0.927    13.9301   2.684646     2.9084     2.8510     0.0064  0.2339402  0.000e+00
       2344      0.778    13.9248   2.683624     2.9133     2.8510     0.0066  0.2319866  0.000e+00
       2345      0.869    13.9224   2.682682     2.9133     2.8522     0.0068  0.2314982  0.000e+00
       2346      0.836    13.9249   2.682656     2.9133     2.8510     0.0068  0.2310098  0.000e+00
       2347      0.803    13.9303   2.683236     2.9121     2.8522     0.0068  0.2314982  0.000e+00
       2348      0.836    13.9318   2.683624     2.9133     2.8510     0.0068  0.2314982  0.000e+00
       2349      0.836    13.9281   2.683656     2.9157     2.8522     0.0068  0.2314982  0.000e+00
       2350      0.869    13.9234   2.683076     2.9145     2.8510     0.0068  0.2314982  0.000e+00
       2351      0.836    13.9216   2.682416     2.9133     2.8510     0.0068  0.2314982  0.000e+00
       2352      0.869    13.9241   2.682278     2.9133     2.8522     0.0068  0.2314982  0.000e+00
       2353      0.902    13.9271   2.682608     2.9145     2.8510     0.0068  0.2314982  0.000e+00
       2354      0.803    13.9285   2.683183     2.9157     2.8522     0.0068  0.2314982  0.000e+00
       2355      0.902    13.9266   2.683124     2.9157     2.8535     0.0068  0.2314982  0.000e+00
       2356      0.869    13.9256   2.682565     2.9145     2.8510     0.0068  0.2314982  0.000e+00
       2357      0.901    13.9236   2.682102     2.9145     2.8522     0.0068  0.2310098  0.000e+00
       2358      0.869    13.9251   2.681799     2.9157     2.8535     0.0068  0.2314982  0.000e+00
       2359      0.901    13.9300   2.682070     2.9157     2.8535     0.0068  0.2314982  0.000e+00
       2360      0.868    13.9309   2.682895     2.9157     2.8535     0.0068  0.2314982  0.000e+00
       2361      0.901    13.9290   2.683066     2.9145     2.8510     0.0068  0.2314982  0.000e+00
       2362      0.926    13.9276   2.682799     2.9145     2.8510     0.0068  0.2314982  0.000e+00
       2363      0.835    13.9281   2.682480     2.9182     2.8535     0.0068  0.2314982  0.000e+00
       2364      0.926    13.9290   2.682470     2.9157     2.8535     0.0068  0.2314982  0.000e+00
       2365      0.901    13.9288   2.682858     2.9145     2.8535     0.0068  0.2314982  0.000e+00
       2366      0.926    13.9285   2.682932     2.9145     2.8535     0.0068  0.2314982  0.000e+00
       2367      0.959    13.9285   2.682980     2.9145     2.8535     0.0068  0.2314982  0.000e+00
       2368      0.868    13.9285   2.683023     2.9182     2.8535     0.0068  0.2314982  0.000e+00
       2369      0.959    13.9293   2.682885     2.9157     2.8535     0.0068  0.2358938  0.000e+00
       2370      0.926    13.9298   2.682810     2.9157     2.8535     0.0068  0.2393126  0.000e+00
       2371      0.959    13.9303   2.682789     2.9145     2.8535     0.0068  0.2398010  0.000e+00
       2372      0.992    13.9305   2.682986     2.9145     2.8535     0.0068  0.2398010  0.000e+00
       2373      0.959    13.9308   2.683151     2.9170     2.8535     0.0068  0.2398010  0.000e+00
       2374      1.050    13.9321   2.683177     2.9157     2.8535     0.0068  0.2398010  0.000e+00
       2375      1.025    13.9343   2.683544     2.9145     2.8535     0.0068  0.2398010  0.000e+00
       2376      1.050    13.9377   2.683975     2.9145     2.8535     0.0068  0.2393126  0.000e+00
       2377      1.082    13.9399   2.684417     2.9157     2.8535     0.0068  0.2398010  0.000e+00
       2378      1.049    13.9409   2.684960     2.9157     2.8535     0.0068  0.2398010  0.000e+00
       2379      1.140    13.9410   2.685295     2.9157     2.8522     0.0068  0.2393126  0.000e+00
       2380      1.115    13.9462   2.685609     2.9157     2.8498     0.0068  0.2398010  0.000e+00
       2381      1.140    13.9527   2.686674     2.9145     2.8535     0.0068  0.2398010  0.000e+00
       2382      1.173    13.9571   2.687883     2.9170     2.8535     0.0068  0.2398010  0.000e+00
       2383      1.206    13.9626   2.689097     2.9170     2.8535     0.0066  0.2398010  0.000e+00
       2384      1.173    13.9623   2.690231     2.9218     2.8535     0.0068  0.2398010  0.000e+00
       2385      1.264    13.9802   2.691510     2.9182     2.8510     0.0068  0.2393126  0.000e+00
       2386      1.231    13.9895   2.693087     2.9096     2.8510     0.0068  0.2398010  0.000e+00
       2387      1.330    14.0017   2.695165     2.9145     2.8535     0.0068  0.2398010  0.000e+00
       2388      1.297    14.0094   2.697287     2.9157     2.8535     0.0068  0.2393126  0.000e+00
       2389      1.329    14.0183   2.698945     2.9145     2.8510     0.0068  0.2398010  0.000e+00
       2390      1.354    14.0381   2.701393     2.9157     2.8510     0.0068  0.2398010  0.000e+00
       2391      1.387    14.0758   2.706270     2.9255     2.8535     0.0070  0.2398010  0.000e+00
       2392      1.420    14.1437   2.715574     2.9133     2.8535     0.0068  0.2398010  0.000e+00
       2393      1.387    14.2634   2.733945     2.9121     2.8535     0.0068  0.2393126  0.000e+00
       2394      1.478    14.3768   2.756154     2.9133     2.8510     0.0068  0.2388242  0.000e+00
       2395      1.445    14.5268   2.777389     2.9243     2.8522     0.0073  0.2358938  0.000e+00
       2396      1.478    14.5986   2.796777     2.9121     2.8535     0.0075  0.2354054  0.000e+00
       2397      1.511    14.6620   2.813090     2.9133     2.8535     0.0075  0.2349170  0.000e+00
       2398      1.478    14.6878   2.825407     2.9145     2.8510     0.0075  0.2354054  0.000e+00
       2399      1.511    14.6941   2.831961     2.9145     2.8522     0.0075  0.2354054  0.000e+00
       2400      1.601    14.6964   2.835827     2.9145     2.8535     0.0075  0.2354054  0.000e+00
