code/data/2021/ctd_data_day2/station9_ctm.cnv
* Sea-Bird SBE 9 Data File:
* FileName = C:\Users\CTD-User\Desktop\MAR440\day2\station9.hex
* Software Version Seasave V 7.26.2.13
* Temperature SN = 6313
* Conductivity SN = 4758
* Number of Bytes Per Scan = 37
* Number of Voltage Words = 4
* Number of Scans Averaged by the Deck Unit = 1
* NMEA Latitude = 58 19.82 N
* NMEA Longitude = 011 51.84 E
* NMEA UTC (Time) = Sep 22 2021 11:46:38
* NMEA baud rate = 4800
** Ship: Skagerrak
** Station: station9
** Operator: group2blue
# nquan = 9
# nvalues = 3112                        
# units = specified
# name 0 = scan: Scan Count
# name 1 = prDM: Pressure, Digiquartz [db]
# name 2 = t090C: Temperature [ITS-90, deg C]
# name 3 = c0S/m: Conductivity [S/m]
# name 4 = sbeox0V: Oxygen raw, SBE 43 [V]
# name 5 = sbeox1V: Oxygen raw, SBE 43, 2 [V]
# name 6 = flECO-AFL: Fluorescence, WET Labs ECO-AFL/FL [mg/m^3]
# name 7 = upoly0: Upoly 0, Turbidity
# name 8 = flag:  0.000e+00
# span 0 =          1,       3112       
# span 1 =      0.912,     43.038       
# span 2 =     7.9952,    15.9143       
# span 3 =   2.900965,   3.486904       
# span 4 =     0.4748,     2.8083       
# span 5 =     0.5419,     2.6948       
# span 6 =     0.0035,     0.0145       
# span 7 =  0.0874200,  0.2231954       
# span 8 = 0.0000e+00, 0.0000e+00       
# interval = seconds: 0.0416667
# start_time = Sep 22 2021 11:46:38 [NMEA time, header]
# bad_flag = -9.990e-29
*END*
[from data line 1281]
       1282      6.533    15.4017   3.014641     2.6459     2.5898     0.0049  0.1670293 0.0000e+00
       1283      6.509    15.3984   3.013967     2.6447     2.5898     0.0049  0.1675177 0.0000e+00
       1284      6.599    15.3957   3.013673     2.6447     2.5898     0.0051  0.1675177 0.0000e+00
       1285      6.599    15.3923   3.012753     2.6459     2.5898     0.0049  0.1675177 0.0000e+00
       1286      6.632    15.3898   3.011416     2.6459     2.5898     0.0049  0.1675177 0.0000e+00
       1287      6.599    15.3880   3.010387     2.6447     2.5898     0.0049  0.1670293 0.0000e+00
       1288      6.657    15.3859   3.009567     2.6447     2.5898     0.0049  0.1675177 0.0000e+00
       1289      6.690    15.3842   3.008555     2.6459     2.5898     0.0049  0.1675177 0.0000e+00
       1290      6.657    15.3846   3.007946     2.6459     2.5898     0.0049  0.1675177 0.0000e+00
       1291      6.715    15.3862   3.007975     2.6447     2.5898     0.0049  0.1675177 0.0000e+00
       1292      6.756    15.3869   3.008010     2.6447     2.5898     0.0049  0.1670293 0.0000e+00
       1293      6.715    15.3868   3.008009     2.6447     2.5898     0.0049  0.1675177 0.0000e+00
       1294      6.781    15.3864   3.007914     2.6459     2.5898     0.0049  0.1675177 0.0000e+00
       1295      6.814    15.3859   3.007805     2.6447     2.5898     0.0049  0.1675177 0.0000e+00
       1296      6.781    15.3866   3.007803     2.6435     2.5898     0.0049  0.1694713 0.0000e+00
       1297      6.880    15.3866   3.007968     2.6435     2.5898     0.0049  0.1738669 0.0000e+00
       1298      6.838    15.3842   3.007598     2.6435     2.5885     0.0049  0.1748437 0.0000e+00
       1299      6.838    15.3818   3.006950     2.6447     2.5885     0.0049  0.1743553 0.0000e+00
       1300      6.937    15.3803   3.006483     2.6447     2.5885     0.0049  0.1743553 0.0000e+00
       1301      6.904    15.3813   3.006265     2.6435     2.5873     0.0049  0.1743553 0.0000e+00
       1302      6.962    15.3839   3.006908     2.6423     2.5873     0.0049  0.1743553 0.0000e+00
       1303      6.937    15.3871   3.007803     2.6423     2.5873     0.0049  0.1743553 0.0000e+00
       1304      6.962    15.3925   3.008601     2.6447     2.5873     0.0049  0.1743553 0.0000e+00
       1305      7.020    15.3977   3.009704     2.6447     2.5873     0.0049  0.1743553 0.0000e+00
       1306      7.003    15.4006   3.010541     2.6423     2.5861     0.0049  0.1743553 0.0000e+00
       1307      7.086    15.3996   3.010648     2.6423     2.5861     0.0049  0.1743553 0.0000e+00
       1308      7.020    15.3995   3.010269     2.6423     2.5861     0.0049  0.1743553 0.0000e+00
       1309      7.119    15.3996   3.009853     2.6447     2.5861     0.0049  0.1743553 0.0000e+00
       1310      7.086    15.4001   3.009787     2.6423     2.5849     0.0049  0.1743553 0.0000e+00
       1311      7.119    15.4006   3.009767     2.6410     2.5849     0.0049  0.1743553 0.0000e+00
       1312      7.143    15.4015   3.009780     2.6410     2.5849     0.0049  0.1743553 0.0000e+00
       1313      7.143    15.4017   3.009759     2.6423     2.5849     0.0049  0.1743553 0.0000e+00
       1314      7.185    15.4025   3.009867     2.6435     2.5849     0.0049  0.1743553 0.0000e+00
       1315      7.209    15.4027   3.010078     2.6423     2.5836     0.0049  0.1743553 0.0000e+00
       1316      7.267    15.4025   3.010088     2.6410     2.5836     0.0049  0.1743553 0.0000e+00
       1317      7.242    15.4018   3.010251     2.6410     2.5836     0.0049  0.1743553 0.0000e+00
       1318      7.267    15.4018   3.010200     2.6423     2.5836     0.0049  0.1743553 0.0000e+00
       1319      7.333    15.4017   3.010294     2.6423     2.5836     0.0049  0.1743553 0.0000e+00
       1320      7.308    15.4018   3.010349     2.6410     2.5836     0.0049  0.1743553 0.0000e+00
       1321      7.333    15.4021   3.010428     2.6398     2.5836     0.0049  0.1743553 0.0000e+00
       1322      7.391    15.4027   3.010524     2.6398     2.5824     0.0049  0.1738669 0.0000e+00
       1323      7.366    15.4035   3.010715     2.6423     2.5836     0.0049  0.1733785 0.0000e+00
       1324      7.391    15.4051   3.011465     2.6410     2.5812     0.0049  0.1733785 0.0000e+00
       1325      7.448    15.4086   3.012801     2.6398     2.5812     0.0049  0.1733785 0.0000e+00
       1326      7.424    15.4123   3.014452     2.6398     2.5812     0.0049  0.1733785 0.0000e+00
       1327      7.448    15.4142   3.015521     2.6386     2.5812     0.0051  0.1733785 0.0000e+00
       1328      7.514    15.4147   3.015972     2.6410     2.5812     0.0049  0.1733785 0.0000e+00
       1329      7.490    15.4154   3.016041     2.6410     2.5812     0.0049  0.1733785 0.0000e+00
       1330      7.514    15.4154   3.016217     2.6398     2.5812     0.0049  0.1733785 0.0000e+00
       1331      7.547    15.4152   3.016517     2.6398     2.5812     0.0049  0.1733785 0.0000e+00
       1332      7.638    15.4208   3.017799     2.6398     2.5812     0.0051  0.1733785 0.0000e+00
       1333      7.572    15.4370   3.022370     2.6423     2.5812     0.0051  0.1733785 0.0000e+00
       1334      7.613    15.4465   3.028520     2.6410     2.5812     0.0049  0.1733785 0.0000e+00
       1335      7.638    15.4484   3.031443     2.6398     2.5824     0.0049  0.1733785 0.0000e+00
       1336      7.696    15.4477   3.031105     2.6398     2.5836     0.0049  0.1733785 0.0000e+00
       1337      7.671    15.4474   3.029772     2.6410     2.5836     0.0051  0.1733785 0.0000e+00
       1338      7.696    15.4460   3.028697     2.6423     2.5836     0.0049  0.1733785 0.0000e+00
       1339      7.753    15.4422   3.027857     2.6410     2.5824     0.0049  0.1733785 0.0000e+00
       1340      7.737    15.4379   3.026837     2.6398     2.5824     0.0049  0.1733785 0.0000e+00
       1341      7.753    15.4354   3.025574     2.6398     2.5836     0.0049  0.1733785 0.0000e+00
       1342      7.819    15.4388   3.025264     2.6423     2.5836     0.0049  0.1733785 0.0000e+00
       1343      7.794    15.4401   3.026024     2.6423     2.5836     0.0049  0.1733785 0.0000e+00
       1344      7.877    15.4369   3.025944     2.6410     2.5849     0.0049  0.1733785 0.0000e+00
       1345      7.819    15.4336   3.024878     2.6410     2.5849     0.0049  0.1733785 0.0000e+00
       1346      7.918    15.4328   3.024579     2.6423     2.5849     0.0049  0.1733785 0.0000e+00
       1347      7.877    15.4374   3.025870     2.6435     2.5849     0.0049  0.1733785 0.0000e+00
       1348      7.943    15.4418   3.027756     2.6447     2.5849     0.0048  0.1733785 0.0000e+00
       1349      7.918    15.4426   3.029122     2.6423     2.5861     0.0048  0.1733785 0.0000e+00
       1350      8.001    15.4444   3.030134     2.6423     2.5861     0.0048  0.1733785 0.0000e+00
       1351      7.943    15.4555   3.034971     2.6423     2.5861     0.0048  0.1733785 0.0000e+00
       1352      8.042    15.4803   3.051755     2.6447     2.5873     0.0048  0.1733785 0.0000e+00
       1353      8.067    15.5152   3.079999     2.6447     2.5873     0.0048  0.1733785 0.0000e+00
       1354      8.001    15.5475   3.109081     2.6435     2.5873     0.0048  0.1733785 0.0000e+00
       1355      8.099    15.5700   3.129764     2.6447     2.5873     0.0048  0.1733785 0.0000e+00
       1356      8.067    15.5828   3.141817     2.6447     2.5873     0.0048  0.1733785 0.0000e+00
       1357      8.124    15.5922   3.149783     2.6471     2.5885     0.0048  0.1733785 0.0000e+00
       1358      8.165    15.5994   3.155204     2.6459     2.5898     0.0048  0.1733785 0.0000e+00
       1359      8.182    15.6043   3.159963     2.6447     2.5898     0.0048  0.1733785 0.0000e+00
       1360      8.124    15.6081   3.164697     2.6447     2.5910     0.0048  0.1733785 0.0000e+00
       1361      8.223    15.6104   3.168245     2.6471     2.5910     0.0048  0.1733785 0.0000e+00
       1362      8.248    15.6113   3.171274     2.6496     2.5910     0.0048  0.1733785 0.0000e+00
       1363      8.248    15.6107   3.173210     2.6471     2.5922     0.0048  0.1733785 0.0000e+00
       1364      8.223    15.6096   3.173314     2.6459     2.5922     0.0048  0.1733785 0.0000e+00
       1365      8.306    15.6082   3.172676     2.6471     2.5922     0.0048  0.1733785 0.0000e+00
       1366      8.306    15.6072   3.172174     2.6496     2.5934     0.0048  0.1733785 0.0000e+00
       1367      8.347    15.6069   3.172345     2.6484     2.5934     0.0048  0.1733785 0.0000e+00
       1368      8.371    15.6069   3.173089     2.6496     2.5946     0.0048  0.1733785 0.0000e+00
       1369      8.371    15.6071   3.174269     2.6484     2.5946     0.0048  0.1733785 0.0000e+00
       1370      8.404    15.6071   3.175585     2.6496     2.5959     0.0048  0.1733785 0.0000e+00
       1371      8.429    15.6057   3.176914     2.6496     2.5959     0.0048  0.1733785 0.0000e+00
       1372      8.429    15.6028   3.178530     2.6496     2.5959     0.0048  0.1728901 0.0000e+00
       1373      8.470    15.6011   3.179898     2.6484     2.5971     0.0049  0.1621453 0.0000e+00
       1374      8.487    15.5992   3.181184     2.6484     2.5983     0.0049  0.1557961 0.0000e+00
       1375      8.487    15.5966   3.182769     2.6496     2.5983     0.0049  0.1548193 0.0000e+00
       1376      8.586    15.5960   3.184499     2.6508     2.5995     0.0049  0.1553077 0.0000e+00
       1377      8.553    15.5977   3.183770     2.6508     2.5995     0.0049  0.1557961 0.0000e+00
       1378      8.553    15.5977   3.182643     2.6496     2.5995     0.0049  0.1557961 0.0000e+00
       1379      8.586    15.5974   3.182236     2.6496     2.6007     0.0049  0.1557961 0.0000e+00
       1380      8.611    15.5962   3.181825     2.6508     2.6007     0.0049  0.1557961 0.0000e+00
       1381      8.676    15.5951   3.181460     2.6520     2.6020     0.0049  0.1557961 0.0000e+00
       1382      8.586    15.5945   3.180881     2.6520     2.6032     0.0049  0.1557961 0.0000e+00
       1383      8.734    15.5970   3.180365     2.6508     2.6032     0.0049  0.1557961 0.0000e+00
       1384      8.734    15.6006   3.179882     2.6508     2.6032     0.0049  0.1557961 0.0000e+00
       1385      8.734    15.6028   3.178906     2.6508     2.6007     0.0049  0.1557961 0.0000e+00
       1386      8.709    15.6042   3.177843     2.6520     2.6032     0.0049  0.1557961 0.0000e+00
       1387      8.800    15.6050   3.177519     2.6508     2.6007     0.0049  0.1557961 0.0000e+00
       1388      8.800    15.6059   3.177808     2.6508     2.6007     0.0049  0.1553077 0.0000e+00
       1389      8.833    15.6062   3.177742     2.6496     2.6007     0.0049  0.1557961 0.0000e+00
       1390      8.800    15.6057   3.177957     2.6508     2.5995     0.0049  0.1557961 0.0000e+00
       1391      8.916    15.6075   3.178330     2.6508     2.5983     0.0049  0.1557961 0.0000e+00
       1392      8.899    15.6126   3.179434     2.6496     2.5971     0.0049  0.1557961 0.0000e+00
       1393      8.858    15.6164   3.183029     2.6471     2.5959     0.0049  0.1557961 0.0000e+00
       1394      8.981    15.6176   3.186455     2.6471     2.5934     0.0049  0.1557961 0.0000e+00
       1395      8.899    15.6169   3.187766     2.6471     2.5922     0.0049  0.1557961 0.0000e+00
       1396      8.981    15.6157   3.189187     2.6459     2.5898     0.0049  0.1557961 0.0000e+00
       1397      9.039    15.6208   3.193155     2.6447     2.5873     0.0049  0.1557961 0.0000e+00
       1398      9.014    15.6346   3.200965     2.6423     2.5836     0.0048  0.1474933 0.0000e+00
       1399      9.039    15.6482   3.209214     2.6398     2.5812     0.0044  0.1333297 0.0000e+00
       1400      9.039    15.6602   3.215506     2.6398     2.5775     0.0044  0.1284457 0.0000e+00
       1401      9.080    15.6745   3.221081     2.6374     2.5751     0.0044  0.1289341 0.0000e+00
       1402      9.163    15.6906   3.226388     2.6337     2.5714     0.0044  0.1294225 0.0000e+00
       1403      9.105    15.7050   3.231651     2.6313     2.5678     0.0044  0.1299109 0.0000e+00
       1404      9.163    15.7119   3.235844     2.6300     2.5641     0.0044  0.1299109 0.0000e+00
       1405      9.204    15.7118   3.238669     2.6276     2.5604     0.0044  0.1299109 0.0000e+00
       1406      9.163    15.7157   3.239854     2.6239     2.5568     0.0044  0.1299109 0.0000e+00
       1407      9.220    15.7162   3.239149     2.6203     2.5519     0.0044  0.1294225 0.0000e+00
       1408      9.262    15.7145   3.238954     2.6178     2.5482     0.0044  0.1299109 0.0000e+00
       1409      9.286    15.7112   3.240500     2.6154     2.5446     0.0044  0.1299109 0.0000e+00
       1410      9.286    15.7101   3.241393     2.6117     2.5397     0.0044  0.1299109 0.0000e+00
       1411      9.328    15.7021   3.241248     2.6068     2.5348     0.0044  0.1294225 0.0000e+00
       1412      9.344    15.6907   3.241936     2.6032     2.5311     0.0044  0.1294225 0.0000e+00
       1413      9.344    15.6772   3.243449     2.5971     2.5263     0.0044  0.1299109 0.0000e+00
       1414      9.385    15.6479   3.244548     2.5971     2.5214     0.0044  0.1294225 0.0000e+00
       1415      9.410    15.6147   3.245432     2.5934     2.5165     0.0044  0.1294225 0.0000e+00
       1416      9.410    15.5871   3.245642     2.5873     2.5128     0.0044  0.1299109 0.0000e+00
       1417      9.443    15.5661   3.245152     2.5824     2.5079     0.0044  0.1294225 0.0000e+00
       1418      9.468    15.5485   3.244522     2.5788     2.5043     0.0044  0.1299109 0.0000e+00
       1419      9.525    15.5348   3.244289     2.5763     2.4982     0.0044  0.1299109 0.0000e+00
       1420      9.468    15.5252   3.244943     2.5714     2.4933     0.0042  0.1299109 0.0000e+00
       1421      9.567    15.5147   3.247066     2.5665     2.4884     0.0044  0.1299109 0.0000e+00
       1422      9.525    15.5044   3.249918     2.5617     2.4847     0.0044  0.1294225 0.0000e+00
       1423      9.591    15.4945   3.254317     2.5568     2.4811     0.0044  0.1294225 0.0000e+00
       1424      9.633    15.4854   3.259666     2.5543     2.4762     0.0042  0.1177009 0.0000e+00
       1425      9.591    15.4793   3.263620     2.5495     2.4725     0.0040  0.1103748 0.0000e+00
       1426      9.649    15.4737   3.265643     2.5433     2.4676     0.0040  0.1093980 0.0000e+00
       1427      9.690    15.4691   3.267934     2.5397     2.4640     0.0040  0.1098864 0.0000e+00
       1428      9.715    15.4651   3.270428     2.5348     2.4591     0.0040  0.1103748 0.0000e+00
       1429      9.715    15.4638   3.270486     2.5324     2.4554     0.0040  0.1103748 0.0000e+00
       1430      9.715    15.4628   3.269313     2.5275     2.4505     0.0040  0.1103748 0.0000e+00
       1431      9.748    15.4615   3.267909     2.5226     2.4469     0.0040  0.1103748 0.0000e+00
       1432      9.773    15.4587   3.267434     2.5177     2.4408     0.0040  0.1098864 0.0000e+00
       1433      9.773    15.4558   3.270150     2.5140     2.4383     0.0040  0.1098864 0.0000e+00
       1434      9.872    15.4526   3.276284     2.5104     2.4322     0.0040  0.1103748 0.0000e+00
       1435      9.839    15.4502   3.281611     2.5055     2.4286     0.0040  0.1098864 0.0000e+00
       1436      9.839    15.4503   3.283293     2.5006     2.4249     0.0040  0.1098864 0.0000e+00
       1437      9.938    15.4506   3.282651     2.4945     2.4200     0.0040  0.1103748 0.0000e+00
       1438      9.896    15.4488   3.282605     2.4921     2.4151     0.0040  0.1103748 0.0000e+00
       1439      9.896    15.4442   3.284837     2.4884     2.4115     0.0040  0.1098864 0.0000e+00
       1440      9.954    15.4408   3.287856     2.4823     2.4066     0.0040  0.1103748 0.0000e+00
