code/data/2021/ctd_data_day2/station6_ctm.cnv
* Sea-Bird SBE 9 Data File:
* FileName = C:\Users\CTD-User\Desktop\MAR440\day2\station6.hex
* Software Version Seasave V 7.26.2.13
* Temperature SN = 6313
* Conductivity SN = 4758
* Number of Bytes Per Scan = 37
* Number of Voltage Words = 4
* Number of Scans Averaged by the Deck Unit = 1
* NMEA Latitude = 58 18.87 N
* NMEA Longitude = 011 46.44 E
* NMEA UTC (Time) = Sep 22 2021 10:40:23
* NMEA baud rate = 4800
** Ship: Skagerrak
** Station: station6
** Operator: group2blu
# nquan = 9
# nvalues = 3719                        
# units = specified
# name 0 = scan: Scan Count
# name 1 = prDM: Pressure, Digiquartz [db]
# name 2 = t090C: Temperature [ITS-90, deg C]
# name 3 = c0S/m: Conductivity [S/m]
# name 4 = sbeox0V: Oxygen raw, SBE 43 [V]
# name 5 = sbeox1V: Oxygen raw, SBE 43, 2 [V]
# name 6 = flECO-AFL: Fluorescence, WET Labs ECO-AFL/FL [mg/m^3]
# name 7 = upoly0: Upoly 0, Turbidity
# name 8 = flag:  0.000e+00
# span 0 =          1,       3719       
# span 1 =      0.217,     37.875       
# span 2 =     6.7156,    16.0704       
# span 3 =   2.942919,   3.752195       
# span 4 =     0.5138,     2.8083       
# span 5 =     0.5761,     2.7851       
# span 6 =     0.0033,     0.0304       
# span 7 =  0.0859548,  0.1621453       
# span 8 = 0.0000e+00, 0.0000e+00       
# interval = seconds: 0.0416667
# start_time = Sep 22 2021 10:40:23 [NMEA time, header]
# bad_flag = -9.990e-29
*END*
[from data line 2401]
       2402     20.526    13.3623   3.694418     1.2062     1.2905     0.0037  0.0879084 0.0000e+00
       2403     20.584    13.3329   3.691391     1.2075     1.2917     0.0037  0.0879084 0.0000e+00
       2404     20.650    13.3078   3.688508     1.2087     1.2930     0.0037  0.0879084 0.0000e+00
       2405     20.650    13.2775   3.685919     1.2087     1.2930     0.0037  0.0879084 0.0000e+00
       2406     20.691    13.2423   3.683079     1.2099     1.2930     0.0037  0.0879084 0.0000e+00
       2407     20.707    13.2099   3.680214     1.2099     1.2942     0.0037  0.0879084 0.0000e+00
       2408     20.707    13.1798   3.677294     1.2111     1.2942     0.0037  0.0883968 0.0000e+00
       2409     20.773    13.1489   3.674702     1.2111     1.2954     0.0037  0.0879084 0.0000e+00
       2410     20.707    13.1218   3.671945     1.2111     1.2954     0.0037  0.0879084 0.0000e+00
       2411     20.831    13.0895   3.669392     1.2111     1.2954     0.0037  0.0879084 0.0000e+00
       2412     20.773    13.0588   3.666931     1.2136     1.2954     0.0037  0.0879084 0.0000e+00
       2413     20.831    13.0360   3.664584     1.2136     1.2966     0.0037  0.0879084 0.0000e+00
       2414     20.831    13.0177   3.662513     1.2136     1.2966     0.0037  0.0879084 0.0000e+00
       2415     20.889    12.9974   3.660872     1.2136     1.2966     0.0037  0.0879084 0.0000e+00
       2416     20.938    12.9742   3.659390     1.2123     1.2966     0.0037  0.0879084 0.0000e+00
       2417     20.955    12.9541   3.657745     1.2136     1.2978     0.0037  0.0879084 0.0000e+00
       2418     20.889    12.9373   3.655904     1.2148     1.2978     0.0037  0.0883968 0.0000e+00
       2419     20.954    12.9205   3.654453     1.2148     1.2978     0.0037  0.0879084 0.0000e+00
       2420     21.012    12.9001   3.653084     1.2136     1.2978     0.0037  0.0879084 0.0000e+00
       2421     21.012    12.8816   3.651502     1.2148     1.2991     0.0037  0.0879084 0.0000e+00
       2422     21.078    12.8643   3.650367     1.2148     1.2991     0.0037  0.0879084 0.0000e+00
       2423     21.078    12.8493   3.649248     1.2185     1.3003     0.0037  0.0879084 0.0000e+00
       2424     21.078    12.8330   3.648424     1.2160     1.3003     0.0037  0.0883968 0.0000e+00
       2425     21.078    12.8204   3.647721     1.2148     1.3003     0.0037  0.0879084 0.0000e+00
       2426     21.136    12.8121   3.646981     1.2160     1.3003     0.0037  0.0879084 0.0000e+00
       2427     21.185    12.8050   3.646789     1.2185     1.3015     0.0037  0.0879084 0.0000e+00
       2428     21.136    12.7985   3.646541     1.2185     1.3015     0.0037  0.0879084 0.0000e+00
       2429     21.193    12.7929   3.646631     1.2172     1.3027     0.0037  0.0883968 0.0000e+00
       2430     21.259    12.7889   3.646548     1.2185     1.3027     0.0037  0.0879084 0.0000e+00
       2431     21.259    12.7857   3.646803     1.2185     1.3039     0.0037  0.0879084 0.0000e+00
       2432     21.259    12.7813   3.646880     1.2185     1.3039     0.0037  0.0879084 0.0000e+00
       2433     21.259    12.7770   3.647118     1.2197     1.3039     0.0037  0.0883968 0.0000e+00
       2434     21.317    12.7727   3.647009     1.2185     1.3052     0.0037  0.0879084 0.0000e+00
       2435     21.317    12.7698   3.647271     1.2185     1.3052     0.0037  0.0879084 0.0000e+00
       2436     21.383    12.7653   3.647161     1.2185     1.3064     0.0037  0.0879084 0.0000e+00
       2437     21.383    12.7593   3.647214     1.2221     1.3064     0.0037  0.0879084 0.0000e+00
       2438     21.424    12.7510   3.647025     1.2233     1.3064     0.0037  0.0879084 0.0000e+00
       2439     21.383    12.7436   3.647233     1.2209     1.3076     0.0037  0.0879084 0.0000e+00
       2440     21.440    12.7368   3.647126     1.2233     1.3076     0.0037  0.0879084 0.0000e+00
       2441     21.506    12.7307   3.647160     1.2209     1.3088     0.0037  0.0883968 0.0000e+00
       2442     21.506    12.7239   3.646845     1.2233     1.3088     0.0037  0.0883968 0.0000e+00
       2443     21.506    12.7149   3.646677     1.2233     1.3088     0.0037  0.0883968 0.0000e+00
       2444     21.506    12.7071   3.646065     1.2221     1.3088     0.0037  0.0883968 0.0000e+00
       2445     21.564    12.6975   3.645859     1.2233     1.3088     0.0037  0.0883968 0.0000e+00
       2446     21.564    12.6860   3.645250     1.2233     1.3100     0.0037  0.0883968 0.0000e+00
       2447     21.622    12.6777   3.645127     1.2246     1.3100     0.0037  0.0883968 0.0000e+00
       2448     21.622    12.6713   3.644855     1.2246     1.3100     0.0037  0.0883968 0.0000e+00
       2449     21.687    12.6639   3.644538     1.2233     1.3100     0.0037  0.0883968 0.0000e+00
       2450     21.621    12.6567   3.644455     1.2233     1.3100     0.0037  0.0883968 0.0000e+00
       2451     21.737    12.6487   3.644243     1.2246     1.3100     0.0037  0.0883968 0.0000e+00
       2452     21.687    12.6390   3.644180     1.2246     1.3100     0.0037  0.0883968 0.0000e+00
       2453     21.745    12.6294   3.643842     1.2246     1.3100     0.0037  0.0883968 0.0000e+00
       2454     21.745    12.6224   3.643910     1.2246     1.3100     0.0037  0.0883968 0.0000e+00
       2455     21.745    12.6149   3.643879     1.2233     1.3100     0.0037  0.0883968 0.0000e+00
       2456     21.811    12.6091   3.643766     1.2258     1.3100     0.0037  0.0883968 0.0000e+00
       2457     21.811    12.6041   3.643848     1.2258     1.3100     0.0037  0.0883968 0.0000e+00
       2458     21.869    12.5984   3.643716     1.2246     1.3100     0.0037  0.0883968 0.0000e+00
       2459     21.869    12.5946   3.644119     1.2233     1.3100     0.0037  0.0883968 0.0000e+00
       2460     21.869    12.5925   3.643978     1.2233     1.3100     0.0037  0.0883968 0.0000e+00
       2461     21.926    12.5893   3.644406     1.2246     1.3100     0.0037  0.0883968 0.0000e+00
       2462     21.926    12.5838   3.644718     1.2246     1.3088     0.0037  0.0883968 0.0000e+00
       2463     21.926    12.5810   3.645148     1.2233     1.3100     0.0037  0.0883968 0.0000e+00
       2464     22.042    12.5791   3.645474     1.2233     1.3100     0.0037  0.0883968 0.0000e+00
       2465     21.992    12.5780   3.646048     1.2233     1.3088     0.0037  0.0883968 0.0000e+00
       2466     21.992    12.5783   3.646663     1.2258     1.3100     0.0037  0.0883968 0.0000e+00
       2467     22.050    12.5791   3.647370     1.2246     1.3088     0.0037  0.0883968 0.0000e+00
       2468     22.050    12.5810   3.648159     1.2233     1.3088     0.0037  0.0879084 0.0000e+00
       2469     22.116    12.5848   3.649385     1.2233     1.3088     0.0037  0.0879084 0.0000e+00
       2470     22.050    12.5893   3.650411     1.2233     1.3088     0.0037  0.0874200 0.0000e+00
       2471     22.173    12.5948   3.652099     1.2246     1.3088     0.0037  0.0879084 0.0000e+00
       2472     22.116    12.6023   3.653764     1.2233     1.3088     0.0037  0.0879084 0.0000e+00
       2473     22.173    12.6092   3.655475     1.2233     1.3088     0.0037  0.0879084 0.0000e+00
       2474     22.239    12.6180   3.657446     1.2221     1.3088     0.0037  0.0879084 0.0000e+00
       2475     22.173    12.6252   3.659488     1.2233     1.3088     0.0037  0.0879084 0.0000e+00
       2476     22.239    12.6338   3.661433     1.2246     1.3088     0.0037  0.0879084 0.0000e+00
       2477     22.297    12.6449   3.663443     1.2233     1.3076     0.0037  0.0879084 0.0000e+00
       2478     22.280    12.6559   3.665607     1.2221     1.3076     0.0037  0.0879084 0.0000e+00
       2479     22.297    12.6668   3.667765     1.2233     1.3076     0.0037  0.0874200 0.0000e+00
       2480     22.297    12.6775   3.670026     1.2233     1.3076     0.0037  0.0879084 0.0000e+00
       2481     22.354    12.6882   3.672208     1.2233     1.3076     0.0037  0.0879084 0.0000e+00
       2482     22.354    12.6999   3.674202     1.2233     1.3076     0.0037  0.0879084 0.0000e+00
       2483     22.354    12.7084   3.676238     1.2233     1.3076     0.0037  0.0879084 0.0000e+00
       2484     22.420    12.7145   3.678277     1.2209     1.3076     0.0037  0.0879084 0.0000e+00
       2485     22.420    12.7209   3.680144     1.2233     1.3076     0.0037  0.0879084 0.0000e+00
       2486     22.420    12.7255   3.681763     1.2221     1.3064     0.0037  0.0879084 0.0000e+00
       2487     22.478    12.7299   3.683671     1.2209     1.3064     0.0037  0.0879084 0.0000e+00
       2488     22.478    12.7329   3.685326     1.2209     1.3064     0.0037  0.0879084 0.0000e+00
       2489     22.544    12.7351   3.687008     1.2209     1.3064     0.0037  0.0879084 0.0000e+00
       2490     22.544    12.7371   3.688384     1.2233     1.3064     0.0037  0.0879084 0.0000e+00
       2491     22.544    12.7395   3.689654     1.2233     1.3052     0.0037  0.0879084 0.0000e+00
       2492     22.601    12.7421   3.691235     1.2209     1.3052     0.0038  0.0874200 0.0000e+00
       2493     22.544    12.7454   3.692370     1.2209     1.3052     0.0044  0.0879084 0.0000e+00
       2494     22.651    12.7491   3.693507     1.2209     1.3052     0.0046  0.0879084 0.0000e+00
       2495     22.667    12.7541   3.694887     1.2233     1.3052     0.0046  0.0879084 0.0000e+00
       2496     22.667    12.7615   3.696483     1.2209     1.3052     0.0046  0.0879084 0.0000e+00
       2497     22.667    12.7678   3.697953     1.2197     1.3052     0.0046  0.0874200 0.0000e+00
       2498     22.667    12.7745   3.699612     1.2197     1.3039     0.0046  0.0879084 0.0000e+00
       2499     22.725    12.7795   3.701397     1.2197     1.3039     0.0046  0.0879084 0.0000e+00
       2500     22.783    12.7841   3.702945     1.2209     1.3027     0.0046  0.0874200 0.0000e+00
       2501     22.782    12.7891   3.704639     1.2197     1.3039     0.0046  0.0879084 0.0000e+00
       2502     22.725    12.7924   3.706333     1.2185     1.3039     0.0046  0.0879084 0.0000e+00
       2503     22.848    12.7946   3.707825     1.2185     1.3039     0.0046  0.0879084 0.0000e+00
       2504     22.848    12.7951   3.709027     1.2197     1.3039     0.0046  0.0879084 0.0000e+00
       2505     22.848    12.7949   3.710028     1.2197     1.3027     0.0046  0.0879084 0.0000e+00
       2506     22.848    12.7942   3.711015     1.2185     1.3027     0.0046  0.0879084 0.0000e+00
       2507     22.906    12.7944   3.712336     1.2185     1.3027     0.0046  0.0879084 0.0000e+00
       2508     22.906    12.7949   3.713822     1.2172     1.3027     0.0046  0.0879084 0.0000e+00
       2509     22.906    12.7957   3.715038     1.2197     1.3027     0.0046  0.0879084 0.0000e+00
       2510     22.972    12.7973   3.716419     1.2185     1.3027     0.0046  0.0874200 0.0000e+00
       2511     22.972    12.7984   3.717925     1.2172     1.3027     0.0046  0.0879084 0.0000e+00
       2512     23.013    12.8002   3.718994     1.2172     1.3027     0.0046  0.0879084 0.0000e+00
       2513     23.029    12.8017   3.720412     1.2185     1.3039     0.0046  0.0879084 0.0000e+00
       2514     23.029    12.8036   3.721476     1.2185     1.3027     0.0046  0.0879084 0.0000e+00
       2515     23.087    12.8041   3.722677     1.2185     1.3039     0.0046  0.0879084 0.0000e+00
       2516     23.087    12.8027   3.723397     1.2172     1.3039     0.0046  0.0879084 0.0000e+00
       2517     23.087    12.7947   3.723982     1.2185     1.3039     0.0046  0.0879084 0.0000e+00
       2518     23.087    12.7781   3.723516     1.2185     1.3039     0.0046  0.0879084 0.0000e+00
       2519     23.153    12.7544   3.722812     1.2197     1.3052     0.0046  0.0879084 0.0000e+00
       2520     23.153    12.7329   3.721255     1.2185     1.3052     0.0046  0.0879084 0.0000e+00
       2521     23.211    12.7191   3.720264     1.2185     1.3052     0.0046  0.0879084 0.0000e+00
       2522     23.211    12.7181   3.720147     1.2185     1.3064     0.0046  0.0874200 0.0000e+00
       2523     23.211    12.7291   3.721656     1.2197     1.3064     0.0046  0.0879084 0.0000e+00
       2524     23.277    12.7462   3.723714     1.2197     1.3076     0.0046  0.0879084 0.0000e+00
       2525     23.276    12.7658   3.726770     1.2197     1.3076     0.0046  0.0879084 0.0000e+00
       2526     23.276    12.7937   3.730026     1.2185     1.3088     0.0046  0.0879084 0.0000e+00
       2527     23.334    12.8230   3.733368     1.2197     1.3088     0.0046  0.0879084 0.0000e+00
       2528     23.334    12.8468   3.736941     1.2209     1.3101     0.0046  0.0874200 0.0000e+00
       2529     23.334    12.8709   3.740511     1.2221     1.3101     0.0046  0.0874200 0.0000e+00
       2530     23.400    12.8863   3.743487     1.2221     1.3113     0.0046  0.0879084 0.0000e+00
       2531     23.400    12.8989   3.745824     1.2233     1.3125     0.0046  0.0879084 0.0000e+00
       2532     23.383    12.9148   3.748041     1.2233     1.3125     0.0046  0.0879084 0.0000e+00
       2533     23.458    12.9263   3.750144     1.2233     1.3137     0.0046  0.0879084 0.0000e+00
       2534     23.458    12.9298   3.751715     1.2246     1.3137     0.0046  0.0879084 0.0000e+00
       2535     23.515    12.9262   3.752195     1.2233     1.3149     0.0046  0.0879084 0.0000e+00
       2536     23.515    12.9176   3.752026     1.2233     1.3149     0.0046  0.0879084 0.0000e+00
       2537     23.515    12.9061   3.751453     1.2233     1.3149     0.0046  0.0879084 0.0000e+00
       2538     23.515    12.8926   3.750559     1.2258     1.3162     0.0046  0.0879084 0.0000e+00
       2539     23.581    12.8797   3.749297     1.2258     1.3162     0.0046  0.0879084 0.0000e+00
       2540     23.581    12.8666   3.748254     1.2246     1.3149     0.0046  0.0879084 0.0000e+00
       2541     23.639    12.8518   3.747217     1.2258     1.3149     0.0046  0.0879084 0.0000e+00
       2542     23.639    12.8363   3.746092     1.2258     1.3149     0.0046  0.0879084 0.0000e+00
       2543     23.639    12.8196   3.744854     1.2270     1.3137     0.0044  0.0874200 0.0000e+00
       2544     23.705    12.8076   3.743743     1.2258     1.3125     0.0038  0.0869316 0.0000e+00
       2545     23.705    12.7974   3.742816     1.2246     1.3125     0.0037  0.0869316 0.0000e+00
       2546     23.705    12.7902   3.742038     1.2246     1.3113     0.0037  0.0864432 0.0000e+00
       2547     23.762    12.7858   3.741556     1.2258     1.3113     0.0037  0.0869316 0.0000e+00
       2548     23.762    12.7865   3.741521     1.2258     1.3101     0.0037  0.0869316 0.0000e+00
       2549     23.762    12.7889   3.742032     1.2233     1.3076     0.0037  0.0869316 0.0000e+00
       2550     23.820    12.7918   3.742748     1.2221     1.3064     0.0037  0.0869316 0.0000e+00
       2551     23.820    12.7932   3.743296     1.2233     1.3052     0.0037  0.0864432 0.0000e+00
       2552     23.886    12.7923   3.743643     1.2233     1.3039     0.0037  0.0869316 0.0000e+00
       2553     23.820    12.7875   3.743763     1.2221     1.3027     0.0037  0.0869316 0.0000e+00
       2554     23.886    12.7805   3.743559     1.2197     1.3015     0.0037  0.0869316 0.0000e+00
       2555     23.944    12.7695   3.742948     1.2185     1.2991     0.0037  0.0869316 0.0000e+00
       2556     23.943    12.7532   3.741901     1.2172     1.2978     0.0037  0.0869316 0.0000e+00
       2557     23.943    12.7332   3.740579     1.2172     1.2966     0.0037  0.0869316 0.0000e+00
       2558     23.935    12.7182   3.739308     1.2160     1.2954     0.0037  0.0869316 0.0000e+00
       2559     24.067    12.7057   3.738064     1.2136     1.2942     0.0037  0.0869316 0.0000e+00
       2560     24.009    12.6952   3.736944     1.2136     1.2917     0.0037  0.0864432 0.0000e+00
