code/data/2021/ctd_data_day2/station3_ctm_fil.cnv
* Sea-Bird SBE 9 Data File:
* FileName = C:\Users\CTD-User\Desktop\MAR440\day2\station3.hex
* Software Version Seasave V 7.26.2.13
* Temperature SN = 6313
* Conductivity SN = 4758
* Number of Bytes Per Scan = 37
* Number of Voltage Words = 4
* Number of Scans Averaged by the Deck Unit = 1
* NMEA Latitude = 58 19.70 N
* NMEA Longitude = 011 51.29 E
* NMEA UTC (Time) = Sep 22 2021 09:36:18
* NMEA baud rate = 4800
** Ship: Skagerrak
** Station: station3
** Operator: group2purple
# nquan = 9
# nvalues = 3261                        
# units = specified
# name 0 = scan: Scan Count
# name 1 = prDM: Pressure, Digiquartz [db]
# name 2 = t090C: Temperature [ITS-90, deg C]
# name 3 = c0S/m: Conductivity [S/m]
# name 4 = sbeox0V: Oxygen raw, SBE 43 [V]
# name 5 = sbeox1V: Oxygen raw, SBE 43, 2 [V]
# name 6 = flECO-AFL: Fluorescence, WET Labs ECO-AFL/FL [mg/m^3]
# name 7 = upoly0: Upoly 0, Turbidity
# name 8 = flag:  0.000e+00
# span 0 =          1,       3261       
# span 1 =      0.798,     17.164       
# span 2 =    10.5794,    16.1805       
# span 3 =   2.674562,   3.477897       
# span 4 =     1.0037,     2.9284       
# span 5 =     1.0402,     2.8631       
# span 6 =     0.0035,     0.0081       
# span 7 =  0.0885866,  0.2372454       
# span 8 = 0.0000e+00, 0.0000e+00       
# interval = seconds: 0.0416667
# start_time = Sep 22 2021 09:36:18 [NMEA time, header]
# bad_flag = -9.990e-29
*END*
[from data line 2721]
       2722      8.547    16.1805   3.188180     2.6177     2.5545     0.0057  0.1115559 0.0000e+00
       2723      8.569    16.1805   3.189890     2.6139     2.5508     0.0057  0.1113117 0.0000e+00
       2724      8.591    16.1804   3.191612     2.6101     2.5471     0.0057  0.1110605 0.0000e+00
       2725      8.612    16.1801   3.193349     2.6063     2.5434     0.0057  0.1108004 0.0000e+00
       2726      8.634    16.1796   3.195103     2.6025     2.5398     0.0051  0.1105331 0.0000e+00
       2727      8.655    16.1789   3.196877     2.5987     2.5361     0.0044  0.1102678 0.0000e+00
       2728      8.677    16.1780   3.198672     2.5948     2.5325     0.0042  0.1100153 0.0000e+00
       2729      8.698    16.1769   3.200491     2.5910     2.5289     0.0042  0.1097798 0.0000e+00
       2730      8.720    16.1757   3.202332     2.5872     2.5253     0.0042  0.1095606 0.0000e+00
       2731      8.742    16.1742   3.204191     2.5834     2.5217     0.0042  0.1093552 0.0000e+00
       2732      8.763    16.1725   3.206065     2.5796     2.5181     0.0042  0.1091606 0.0000e+00
       2733      8.785    16.1707   3.207947     2.5759     2.5146     0.0042  0.1089746 0.0000e+00
       2734      8.806    16.1687   3.209837     2.5722     2.5111     0.0042  0.1087957 0.0000e+00
       2735      8.828    16.1665   3.211733     2.5685     2.5076     0.0042  0.1086229 0.0000e+00
       2736      8.849    16.1641   3.213631     2.5648     2.5042     0.0042  0.1084549 0.0000e+00
       2737      8.871    16.1615   3.215525     2.5611     2.5007     0.0042  0.1082905 0.0000e+00
       2738      8.893    16.1589   3.217408     2.5574     2.4974     0.0042  0.1081286 0.0000e+00
       2739      8.914    16.1563   3.219270     2.5537     2.4940     0.0042  0.1079681 0.0000e+00
       2740      8.936    16.1535   3.221103     2.5501     2.4907     0.0042  0.1078087 0.0000e+00
       2741      8.957    16.1506   3.222904     2.5465     2.4874     0.0042  0.1076501 0.0000e+00
       2742      8.979    16.1476   3.224670     2.5429     2.4842     0.0042  0.1074903 0.0000e+00
       2743      9.000    16.1447   3.226403     2.5394     2.4810     0.0042  0.1073284 0.0000e+00
       2744      9.022    16.1418   3.228104     2.5358     2.4778     0.0042  0.1071639 0.0000e+00
       2745      9.043    16.1389   3.229773     2.5323     2.4746     0.0042  0.1069950 0.0000e+00
       2746      9.065    16.1359   3.231408     2.5288     2.4716     0.0042  0.1068195 0.0000e+00
       2747      9.086    16.1329   3.233010     2.5254     2.4685     0.0042  0.1066363 0.0000e+00
       2748      9.108    16.1299   3.234574     2.5220     2.4655     0.0042  0.1064441 0.0000e+00
       2749      9.129    16.1269   3.236098     2.5186     2.4625     0.0042  0.1062415 0.0000e+00
       2750      9.151    16.1239   3.237580     2.5153     2.4595     0.0042  0.1060271 0.0000e+00
       2751      9.173    16.1210   3.239015     2.5120     2.4566     0.0042  0.1057995 0.0000e+00
       2752      9.194    16.1181   3.240403     2.5088     2.4537     0.0048  0.1055630 0.0000e+00
       2753      9.216    16.1152   3.241742     2.5056     2.4509     0.0049  0.1053304 0.0000e+00
       2754      9.238    16.1123   3.243031     2.5024     2.4481     0.0049  0.1051111 0.0000e+00
       2755      9.260    16.1095   3.244270     2.4992     2.4453     0.0049  0.1049061 0.0000e+00
       2756      9.281    16.1066   3.245460     2.4960     2.4425     0.0049  0.1047133 0.0000e+00
       2757      9.303    16.1038   3.246600     2.4929     2.4398     0.0048  0.1045286 0.0000e+00
       2758      9.324    16.1010   3.247691     2.4898     2.4371     0.0049  0.1043491 0.0000e+00
       2759      9.346    16.0982   3.248736     2.4868     2.4344     0.0049  0.1041735 0.0000e+00
       2760      9.368    16.0954   3.249737     2.4838     2.4317     0.0049  0.1040016 0.0000e+00
       2761      9.389    16.0926   3.250697     2.4808     2.4291     0.0049  0.1038345 0.0000e+00
       2762      9.411    16.0898   3.251617     2.4778     2.4265     0.0049  0.1036721 0.0000e+00
       2763      9.433    16.0870   3.252501     2.4749     2.4239     0.0049  0.1035115 0.0000e+00
       2764      9.454    16.0841   3.253353     2.4719     2.4213     0.0049  0.1033515 0.0000e+00
       2765      9.476    16.0812   3.254176     2.4690     2.4187     0.0049  0.1031928 0.0000e+00
       2766      9.498    16.0783   3.254974     2.4661     2.4162     0.0049  0.1030351 0.0000e+00
       2767      9.520    16.0752   3.255749     2.4632     2.4136     0.0049  0.1028773 0.0000e+00
       2768      9.541    16.0721   3.256505     2.4603     2.4111     0.0049  0.1027174 0.0000e+00
       2769      9.563    16.0689   3.257246     2.4574     2.4085     0.0049  0.1025536 0.0000e+00
       2770      9.585    16.0655   3.257974     2.4545     2.4060     0.0049  0.1023846 0.0000e+00
       2771      9.607    16.0620   3.258696     2.4517     2.4035     0.0049  0.1022076 0.0000e+00
       2772      9.629    16.0583   3.259416     2.4489     2.4010     0.0049  0.1020188 0.0000e+00
       2773      9.650    16.0543   3.260142     2.4460     2.3984     0.0049  0.1018168 0.0000e+00
       2774      9.672    16.0500   3.260883     2.4432     2.3959     0.0049  0.1016012 0.0000e+00
       2775      9.693    16.0454   3.261651     2.4403     2.3934     0.0049  0.1013696 0.0000e+00
       2776      9.715    16.0405   3.262451     2.4375     2.3908     0.0049  0.1011196 0.0000e+00
       2777      9.736    16.0352   3.263290     2.4347     2.3883     0.0046  0.1008544 0.0000e+00
       2778      9.758    16.0295   3.264170     2.4319     2.3857     0.0040  0.1005866 0.0000e+00
       2779      9.779    16.0234   3.265092     2.4290     2.3831     0.0038  0.1003298 0.0000e+00
       2780      9.801    16.0168   3.266057     2.4262     2.3805     0.0038  0.1000898 0.0000e+00
       2781      9.822    16.0098   3.267070     2.4234     2.3779     0.0038  0.0998665 0.0000e+00
       2782      9.844    16.0022   3.268131     2.4206     2.3753     0.0038  0.0996576 0.0000e+00
       2783      9.866    15.9941   3.269245     2.4177     2.3727     0.0038  0.0994608 0.0000e+00
       2784      9.887    15.9854   3.270416     2.4149     2.3701     0.0038  0.0992756 0.0000e+00
       2785      9.909    15.9764   3.271648     2.4121     2.3675     0.0038  0.0991014 0.0000e+00
       2786      9.930    15.9672   3.272947     2.4092     2.3649     0.0038  0.0989372 0.0000e+00
       2787      9.952    15.9575   3.274318     2.4063     2.3622     0.0038  0.0987818 0.0000e+00
       2788      9.974    15.9469   3.275765     2.4034     2.3596     0.0038  0.0986332 0.0000e+00
       2789      9.995    15.9354   3.277292     2.4005     2.3570     0.0038  0.0984896 0.0000e+00
       2790     10.017    15.9230   3.278903     2.3976     2.3543     0.0040  0.0983508 0.0000e+00
       2791     10.039    15.9099   3.280600     2.3947     2.3517     0.0038  0.0982166 0.0000e+00
       2792     10.060    15.8960   3.282382     2.3917     2.3490     0.0038  0.0980862 0.0000e+00
       2793     10.082    15.8810   3.284251     2.3888     2.3464     0.0038  0.0979579 0.0000e+00
       2794     10.103    15.8652   3.286206     2.3858     2.3437     0.0038  0.0978298 0.0000e+00
       2795     10.125    15.8484   3.288245     2.3829     2.3411     0.0038  0.0977019 0.0000e+00
       2796     10.146    15.8311   3.290359     2.3799     2.3384     0.0038  0.0975741 0.0000e+00
       2797     10.168    15.8133   3.292535     2.3770     2.3357     0.0040  0.0974457 0.0000e+00
       2798     10.189    15.7952   3.294761     2.3740     2.3330     0.0038  0.0973157 0.0000e+00
       2799     10.211    15.7770   3.297025     2.3710     2.3303     0.0038  0.0971831 0.0000e+00
       2800     10.232    15.7588   3.299316     2.3681     2.3277     0.0038  0.0970471 0.0000e+00
       2801     10.254    15.7406   3.301625     2.3651     2.3250     0.0038  0.0969068 0.0000e+00
       2802     10.276    15.7226   3.303940     2.3621     2.3223     0.0040  0.0967602 0.0000e+00
       2803     10.297    15.7048   3.306245     2.3591     2.3195     0.0038  0.0966090 0.0000e+00
       2804     10.318    15.6874   3.308523     2.3561     2.3168     0.0038  0.0964614 0.0000e+00
       2805     10.340    15.6704   3.310759     2.3531     2.3141     0.0038  0.0963240 0.0000e+00
       2806     10.361    15.6538   3.312945     2.3501     2.3113     0.0037  0.0961976 0.0000e+00
       2807     10.383    15.6377   3.315075     2.3471     2.3086     0.0038  0.0960804 0.0000e+00
       2808     10.404    15.6221   3.317146     2.3440     2.3059     0.0038  0.0959709 0.0000e+00
       2809     10.426    15.6068   3.319158     2.3409     2.3031     0.0038  0.0958690 0.0000e+00
       2810     10.447    15.5920   3.321110     2.3379     2.3004     0.0038  0.0957749 0.0000e+00
       2811     10.468    15.5776   3.323000     2.3349     2.2977     0.0038  0.0956871 0.0000e+00
       2812     10.490    15.5638   3.324826     2.3318     2.2949     0.0038  0.0956042 0.0000e+00
       2813     10.511    15.5505   3.326582     2.3288     2.2921     0.0038  0.0955255 0.0000e+00
       2814     10.533    15.5377   3.328266     2.3257     2.2894     0.0038  0.0954506 0.0000e+00
       2815     10.554    15.5255   3.329875     2.3226     2.2866     0.0038  0.0953788 0.0000e+00
       2816     10.576    15.5138   3.331410     2.3196     2.2838     0.0038  0.0953089 0.0000e+00
       2817     10.597    15.5025   3.332874     2.3166     2.2810     0.0038  0.0952396 0.0000e+00
       2818     10.619    15.4916   3.334272     2.3135     2.2782     0.0038  0.0951702 0.0000e+00
       2819     10.640    15.4810   3.335610     2.3105     2.2753     0.0038  0.0951013 0.0000e+00
       2820     10.662    15.4707   3.336893     2.3074     2.2725     0.0038  0.0950332 0.0000e+00
       2821     10.683    15.4607   3.338125     2.3043     2.2696     0.0038  0.0949645 0.0000e+00
       2822     10.705    15.4508   3.339310     2.3012     2.2667     0.0038  0.0948939 0.0000e+00
       2823     10.726    15.4411   3.340454     2.2981     2.2638     0.0038  0.0948209 0.0000e+00
       2824     10.747    15.4319   3.341564     2.2950     2.2608     0.0040  0.0947451 0.0000e+00
       2825     10.769    15.4235   3.342647     2.2918     2.2579     0.0038  0.0946659 0.0000e+00
       2826     10.791    15.4155   3.343708     2.2886     2.2549     0.0038  0.0945827 0.0000e+00
       2827     10.812    15.4074   3.344750     2.2854     2.2518     0.0038  0.0944950 0.0000e+00
       2828     10.834    15.3991   3.345780     2.2822     2.2488     0.0040  0.0944038 0.0000e+00
       2829     10.855    15.3906   3.346803     2.2790     2.2457     0.0042  0.0943119 0.0000e+00
       2830     10.877    15.3819   3.347823     2.2758     2.2425     0.0042  0.0942222 0.0000e+00
       2831     10.898    15.3729   3.348846     2.2725     2.2394     0.0042  0.0941373 0.0000e+00
       2832     10.920    15.3635   3.349878     2.2692     2.2361     0.0042  0.0940583 0.0000e+00
       2833     10.942    15.3536   3.350925     2.2659     2.2329     0.0042  0.0939847 0.0000e+00
       2834     10.963    15.3433   3.351991     2.2625     2.2296     0.0042  0.0939161 0.0000e+00
       2835     10.985    15.3323   3.353084     2.2591     2.2262     0.0042  0.0938510 0.0000e+00
       2836     11.006    15.3207   3.354209     2.2557     2.2228     0.0042  0.0937882 0.0000e+00
       2837     11.028    15.3084   3.355371     2.2523     2.2193     0.0042  0.0937280 0.0000e+00
       2838     11.050    15.2953   3.356573     2.2488     2.2158     0.0042  0.0936710 0.0000e+00
       2839     11.071    15.2816   3.357814     2.2452     2.2122     0.0042  0.0936167 0.0000e+00
       2840     11.093    15.2673   3.359095     2.2416     2.2086     0.0042  0.0935647 0.0000e+00
       2841     11.115    15.2524   3.360414     2.2380     2.2049     0.0042  0.0935147 0.0000e+00
       2842     11.136    15.2369   3.361770     2.2343     2.2012     0.0042  0.0934664 0.0000e+00
       2843     11.158    15.2211   3.363159     2.2305     2.1973     0.0042  0.0934193 0.0000e+00
       2844     11.179    15.2051   3.364580     2.2268     2.1935     0.0042  0.0933732 0.0000e+00
       2845     11.201    15.1890   3.366031     2.2229     2.1896     0.0042  0.0933277 0.0000e+00
       2846     11.223    15.1729   3.367516     2.2190     2.1856     0.0042  0.0932825 0.0000e+00
       2847     11.244    15.1566   3.369034     2.2150     2.1816     0.0042  0.0932374 0.0000e+00
       2848     11.266    15.1403   3.370584     2.2110     2.1775     0.0042  0.0931920 0.0000e+00
       2849     11.288    15.1239   3.372158     2.2070     2.1734     0.0042  0.0931459 0.0000e+00
       2850     11.309    15.1074   3.373748     2.2029     2.1692     0.0042  0.0930989 0.0000e+00
       2851     11.331    15.0907   3.375340     2.1988     2.1650     0.0042  0.0930507 0.0000e+00
       2852     11.353    15.0738   3.376925     2.1946     2.1608     0.0042  0.0930008 0.0000e+00
       2853     11.375    15.0566   3.378495     2.1904     2.1565     0.0042  0.0929490 0.0000e+00
       2854     11.396    15.0391   3.380042     2.1861     2.1521     0.0044  0.0928957 0.0000e+00
       2855     11.418    15.0211   3.381563     2.1818     2.1477     0.0044  0.0928432 0.0000e+00
       2856     11.440    15.0029   3.383054     2.1774     2.1433     0.0044  0.0927935 0.0000e+00
       2857     11.461    14.9846   3.384514     2.1729     2.1389     0.0044  0.0927473 0.0000e+00
       2858     11.483    14.9663   3.385938     2.1684     2.1344     0.0042  0.0927041 0.0000e+00
       2859     11.504    14.9480   3.387320     2.1638     2.1299     0.0044  0.0926637 0.0000e+00
       2860     11.526    14.9298   3.388654     2.1592     2.1253     0.0044  0.0926258 0.0000e+00
       2861     11.548    14.9121   3.389932     2.1546     2.1208     0.0044  0.0925902 0.0000e+00
       2862     11.569    14.8948   3.391150     2.1499     2.1162     0.0044  0.0925566 0.0000e+00
       2863     11.591    14.8779   3.392304     2.1453     2.1116     0.0044  0.0925247 0.0000e+00
       2864     11.612    14.8616   3.393390     2.1406     2.1069     0.0044  0.0924943 0.0000e+00
       2865     11.634    14.8458   3.394405     2.1358     2.1023     0.0044  0.0924653 0.0000e+00
       2866     11.656    14.8306   3.395347     2.1311     2.0976     0.0044  0.0924374 0.0000e+00
       2867     11.677    14.8158   3.396214     2.1263     2.0929     0.0044  0.0924095 0.0000e+00
       2868     11.698    14.8015   3.397009     2.1214     2.0882     0.0044  0.0923808 0.0000e+00
       2869     11.720    14.7875   3.397735     2.1166     2.0835     0.0044  0.0923516 0.0000e+00
       2870     11.741    14.7738   3.398393     2.1118     2.0788     0.0044  0.0923229 0.0000e+00
       2871     11.763    14.7603   3.398986     2.1069     2.0741     0.0044  0.0922942 0.0000e+00
       2872     11.785    14.7470   3.399516     2.1020     2.0694     0.0044  0.0922655 0.0000e+00
       2873     11.806    14.7337   3.399986     2.0971     2.0646     0.0044  0.0922365 0.0000e+00
       2874     11.828    14.7205   3.400401     2.0922     2.0599     0.0044  0.0922062 0.0000e+00
       2875     11.849    14.7073   3.400763     2.0872     2.0551     0.0044  0.0921735 0.0000e+00
       2876     11.871    14.6938   3.401074     2.0822     2.0503     0.0044  0.0921391 0.0000e+00
       2877     11.893    14.6804   3.401339     2.0773     2.0455     0.0042  0.0921035 0.0000e+00
       2878     11.914    14.6673   3.401560     2.0722     2.0408     0.0044  0.0920665 0.0000e+00
       2879     11.936    14.6540   3.401735     2.0672     2.0360     0.0044  0.0920279 0.0000e+00
       2880     11.958    14.6404   3.401867     2.0622     2.0312     0.0044  0.0919874 0.0000e+00
