code/data/2021/ctd_data_day2/station7_ctm_fil_le_der.cnv
* Sea-Bird SBE 9 Data File:
* FileName = C:\Users\CTD-User\Desktop\MAR440\day2\station7.hex
* Software Version Seasave V 7.26.2.13
* Temperature SN = 6313
* Conductivity SN = 4758
* Number of Bytes Per Scan = 37
* Number of Voltage Words = 4
* Number of Scans Averaged by the Deck Unit = 1
* NMEA Latitude = 58 19.09 N
* NMEA Longitude = 011 47.38 E
* NMEA UTC (Time) = Sep 22 2021 11:12:47
* NMEA baud rate = 4800
** Ship: Skagerrak
** Station: station7
** Operator: group1
# nquan = 13                                
# nvalues = 2736                        
# units = specified
# name 0 = scan: Scan Count
# name 1 = prDM: Pressure, Digiquartz [db]
# name 2 = t090C: Temperature [ITS-90, deg C]
# name 3 = c0S/m: Conductivity [S/m]
# name 4 = sbeox0V: Oxygen raw, SBE 43 [V]
# name 5 = sbeox1V: Oxygen raw, SBE 43, 2 [V]
# name 6 = flECO-AFL: Fluorescence, WET Labs ECO-AFL/FL [mg/m^3]
# name 7 = upoly0: Upoly 0, Turbidity
# name 8 = depSM: Depth [salt water, m], lat = 58.3182
# name 9 = sal00: Salinity, Practical [PSU]
# name 10 = sbeox0ML/L: Oxygen, SBE 43 [ml/l], WS = 2
# name 11 = sbeox1ML/L: Oxygen, SBE 43, 2 [ml/l], WS = 2
# name 12 = flag: flag
# span 0 =          1,       2736       
# span 1 =      0.803,     30.368       
# span 2 =     7.3535,    16.0306       
# span 3 =   2.942788,   3.785244       
# span 4 =     0.5864,     2.8350       
# span 5 =     0.6626,     2.7722       
# span 6 =     0.0035,     0.0123       
# span 7 =  0.0866458,  0.1647296       
# span 8 =      0.796,     30.084       
# span 9 =    23.0921,    32.0429       
# span 10 =     0.1903,     6.9243      
# span 11 =     0.5180,     5.8849      
# span 12 = 0.0000e+00, 0.0000e+00      
# interval = seconds: 0.0416667
# start_time = Sep 22 2021 11:12:47 [NMEA time, header]
# bad_flag = -9.990e-29
*END*
[from data line 2223]
       2224     25.422    12.2936   3.722517     1.2940     1.3766     0.0059  0.0874092     25.184    32.0429     2.0317     2.0065 0.0000e+00
       2225     25.444    12.2683   3.720256     1.2919     1.3739     0.0059  0.0874088     25.206    32.0429     2.0181     1.9937 0.0000e+00
       2226     25.465    12.2425   3.717963     1.2898     1.3712     0.0059  0.0874084     25.227    32.0429     2.0048     1.9812 0.0000e+00
       2227     25.487    12.2165   3.715638     1.2876     1.3683     0.0059  0.0874079     25.249    32.0429     1.9913     1.9683 0.0000e+00
       2228     25.509    12.1902   3.713284     1.2854     1.3655     0.0059  0.0874074     25.270    32.0428     1.9781     1.9560 0.0000e+00
       2229     25.531    12.1636   3.710903     1.2831     1.3625     0.0059  0.0874067     25.292    32.0427     1.9647     1.9434 0.0000e+00
       2230     25.553    12.1367   3.708494     1.2808     1.3596     0.0059  0.0874059     25.314    32.0426     1.9516     1.9313 0.0000e+00
       2231     25.575    12.1096   3.706061     1.2784     1.3566     0.0059  0.0874051     25.336    32.0424     1.9385     1.9192 0.0000e+00
       2232     25.596    12.0824   3.703606     1.2760     1.3535     0.0059  0.0874041     25.357    32.0421     1.9256     1.9071 0.0000e+00
       2233     25.618    12.0550   3.701131     1.2735     1.3504     0.0059  0.0874031     25.378    32.0418     1.9125     1.8953 0.0000e+00
       2234     25.640    12.0274   3.698637     1.2711     1.3473     0.0059  0.0874019     25.400    32.0415     1.9001     1.8837 0.0000e+00
       2235     25.662    11.9997   3.696126     1.2685     1.3442     0.0059  0.0874006     25.422    32.0410     1.8872     1.8723 0.0000e+00
       2236     25.684    11.9718   3.693597     1.2660     1.3410     0.0059  0.0873992     25.444    32.0406     1.8750     1.8609 0.0000e+00
       2237     25.706    11.9437   3.691051     1.2634     1.3378     0.0059  0.0873976     25.466    32.0402     1.8626     1.8498 0.0000e+00
       2238     25.728    11.9156   3.688489     1.2608     1.3346     0.0059  0.0873958     25.487    32.0396     1.8506     1.8389 0.0000e+00
       2239     25.749    11.8873   3.685910     1.2581     1.3313     0.0059  0.0873939     25.508    32.0390     1.8384     1.8280 0.0000e+00
       2240     25.771    11.8590   3.683315     1.2554     1.3280     0.0059  0.0873918     25.530    32.0383     1.8265     1.8173 0.0000e+00
       2241     25.793    11.8306   3.680704     1.2527     1.3247     0.0059  0.0873895     25.552    32.0374     1.8147     1.8068 0.0000e+00
       2242     25.815    11.8019   3.678078     1.2500     1.3214     0.0059  0.0873870     25.574    32.0367     1.8032     1.7966 0.0000e+00
       2243     25.837    11.7732   3.675436     1.2473     1.3181     0.0059  0.0873843     25.595    32.0358     1.7920     1.7866 0.0000e+00
       2244     25.859    11.7443   3.672780     1.2445     1.3147     0.0062  0.0873813     25.617    32.0350     1.7807     1.7766 0.0000e+00
       2245     25.881    11.7154   3.670113     1.2417     1.3114     0.0062  0.0873781     25.639    32.0340     1.7695     1.7671 0.0000e+00
       2246     25.903    11.6864   3.667439     1.2389     1.3080     0.0060  0.0873745     25.661    32.0331     1.7587     1.7575 0.0000e+00
       2247     25.925    11.6573   3.664761     1.2360     1.3046     0.0062  0.0873707     25.682    32.0321     1.7477     1.7481 0.0000e+00
       2248     25.947    11.6283   3.662081     1.2332     1.3012     0.0062  0.0873665     25.704    32.0311     1.7372     1.7389 0.0000e+00
       2249     25.969    11.5992   3.659403     1.2303     1.2979     0.0062  0.0873619     25.726    32.0302     1.7266     1.7302 0.0000e+00
       2250     25.991    11.5701   3.656728     1.2275     1.2945     0.0060  0.0873569     25.748    32.0293     1.7166     1.7214 0.0000e+00
       2251     26.013    11.5410   3.654056     1.2246     1.2911     0.0062  0.0873515     25.770    32.0284     1.7065     1.7128 0.0000e+00
       2252     26.035    11.5119   3.651387     1.2217     1.2877     0.0060  0.0873456     25.791    32.0275     1.6965     1.7044 0.0000e+00
       2253     26.057    11.4829   3.648721     1.2188     1.2844     0.0062  0.0873392     25.813    32.0266     1.6868     1.6964 0.0000e+00
       2254     26.079    11.4539   3.646055     1.2159     1.2810     0.0060  0.0873323     25.835    32.0257     1.6772     1.6883 0.0000e+00
       2255     26.101    11.4248   3.643390     1.2130     1.2777     0.0060  0.0873247     25.857    32.0248     1.6678     1.6807 0.0000e+00
       2256     26.123    11.3958   3.640724     1.2101     1.2743     0.0060  0.0873164     25.879    32.0239     1.6587     1.6730 0.0000e+00
       2257     26.145    11.3668   3.638057     1.2072     1.2710     0.0062  0.0873075     25.900    32.0229     1.6496     1.6658 0.0000e+00
       2258     26.167    11.3377   3.635385     1.2043     1.2677     0.0062  0.0872977     25.922    32.0220     1.6408     1.6586 0.0000e+00
       2259     26.189    11.3086   3.632708     1.2014     1.2643     0.0060  0.0872871     25.944    32.0210     1.6322     1.6514 0.0000e+00
       2260     26.211    11.2794   3.630024     1.1985     1.2610     0.0060  0.0872756     25.966    32.0200     1.6236     1.6446 0.0000e+00
       2261     26.234    11.2501   3.627330     1.1956     1.2577     0.0062  0.0872631     25.989    32.0191     1.6153     1.6380 0.0000e+00
       2262     26.256    11.2206   3.624624     1.1927     1.2545     0.0062  0.0872495     26.010    32.0181     1.6071     1.6317 0.0000e+00
       2263     26.278    11.1909   3.621905     1.1898     1.2512     0.0062  0.0872347     26.032    32.0172     1.5992     1.6254 0.0000e+00
       2264     26.300    11.1609   3.619170     1.1869     1.2480     0.0060  0.0872186     26.054    32.0164     1.5913     1.6194 0.0000e+00
       2265     26.322    11.1306   3.616419     1.1840     1.2447     0.0062  0.0872011     26.076    32.0157     1.5836     1.6133 0.0000e+00
       2266     26.344    11.1000   3.613646     1.1811     1.2415     0.0060  0.0871821     26.098    32.0150     1.5761     1.6076 0.0000e+00
       2267     26.366    11.0691   3.610847     1.1783     1.2383     0.0060  0.0871614     26.119    32.0143     1.5690     1.6021 0.0000e+00
       2268     26.388    11.0378   3.608021     1.1754     1.2352     0.0062  0.0871398     26.141    32.0137     1.5618     1.5969 0.0000e+00
       2269     26.410    11.0061   3.605162     1.1726     1.2320     0.0057  0.0871188     26.163    32.0131     1.5550     1.5915 0.0000e+00
       2270     26.432    10.9740   3.602264     1.1697     1.2289     0.0057  0.0870990     26.185    32.0125     1.5481     1.5865 0.0000e+00
       2271     26.454    10.9414   3.599324     1.1669     1.2258     0.0057  0.0870813     26.206    32.0119     1.5416     1.5816 0.0000e+00
       2272     26.476    10.9082   3.596335     1.1640     1.2227     0.0057  0.0870672     26.228    32.0113     1.5348     1.5768 0.0000e+00
       2273     26.498    10.8745   3.593294     1.1612     1.2196     0.0057  0.0870566     26.250    32.0106     1.5286     1.5720 0.0000e+00
       2274     26.520    10.8401   3.590195     1.1585     1.2166     0.0057  0.0870485     26.272    32.0099     1.5227     1.5677 0.0000e+00
       2275     26.542    10.8050   3.587031     1.1557     1.2135     0.0057  0.0870430     26.294    32.0093     1.5166     1.5631 0.0000e+00
       2276     26.565    10.7692   3.583804     1.1529     1.2105     0.0057  0.0870399     26.316    32.0085     1.5106     1.5588 0.0000e+00
       2277     26.587    10.7327   3.580516     1.1501     1.2076     0.0057  0.0870393     26.338    32.0078     1.5048     1.5548 0.0000e+00
       2278     26.609    10.6957   3.577173     1.1474     1.2046     0.0057  0.0870411     26.360    32.0070     1.4993     1.5506 0.0000e+00
       2279     26.631    10.6582   3.573784     1.1447     1.2017     0.0057  0.0870463     26.382    32.0061     1.4939     1.5466 0.0000e+00
       2280     26.653    10.6206   3.570360     1.1420     1.1989     0.0057  0.0870556     26.404    32.0050     1.4885     1.5430 0.0000e+00
       2281     26.676    10.5828   3.566916     1.1393     1.1960     0.0057  0.0870692     26.426    32.0038     1.4832     1.5390 0.0000e+00
       2282     26.698    10.5450   3.563466     1.1366     1.1932     0.0057  0.0870872     26.448    32.0026     1.4779     1.5354 0.0000e+00
       2283     26.720    10.5073   3.560021     1.1340     1.1904     0.0057  0.0871087     26.470    32.0013     1.4729     1.5317 0.0000e+00
       2284     26.742    10.4696   3.556589     1.1313     1.1877     0.0057  0.0871332     26.492    32.0001     1.4677     1.5282 0.0000e+00
       2285     26.764    10.4321   3.553176     1.1287     1.1849     0.0057  0.0871609     26.514    31.9989     1.4627     1.5243 0.0000e+00
       2286     26.786    10.3949   3.549785     1.1261     1.1822     0.0057  0.0871909     26.535    31.9977     1.4578     1.5207 0.0000e+00
       2287     26.808    10.3579   3.546420     1.1236     1.1796     0.0057  0.0872236     26.557    31.9965     1.4532     1.5172 0.0000e+00
       2288     26.830    10.3212   3.543083     1.1210     1.1769     0.0057  0.0872601     26.579    31.9954     1.4482     1.5134 0.0000e+00
       2289     26.852    10.2848   3.539773     1.1185     1.1743     0.0057  0.0872997     26.601    31.9942     1.4435     1.5097 0.0000e+00
       2290     26.875    10.2486   3.536490     1.1160     1.1717     0.0055  0.0873418     26.624    31.9931     1.4388     1.5059 0.0000e+00
       2291     26.897    10.2128   3.533233     1.1135     1.1692     0.0057  0.0873876     26.645    31.9919     1.4339     1.5022 0.0000e+00
       2292     26.919    10.1772   3.530001     1.1111     1.1666     0.0057  0.0874384     26.667    31.9908     1.4294     1.4981 0.0000e+00
       2293     26.941    10.1419   3.526794     1.1086     1.1641     0.0057  0.0874943     26.689    31.9897     1.4244     1.4941 0.0000e+00
       2294     26.963    10.1069   3.523609     1.1062     1.1616     0.0071  0.0875550     26.711    31.9885     1.4196     1.4899 0.0000e+00
       2295     26.986    10.0720   3.520445     1.1038     1.1592     0.0092  0.0876166     26.733    31.9874     1.4147     1.4858 0.0000e+00
       2296     27.008    10.0373   3.517301     1.1014     1.1567     0.0097  0.0876745     26.755    31.9863     1.4097     1.4813 0.0000e+00
       2297     27.030    10.0029   3.514178     1.0990     1.1543     0.0095  0.0877274     26.777    31.9852     1.4045     1.4769 0.0000e+00
       2298     27.052     9.9686   3.511082     1.0967     1.1519     0.0095  0.0877757     26.799    31.9842     1.3995     1.4721 0.0000e+00
       2299     27.074     9.9346   3.508014     1.0943     1.1494     0.0095  0.0878196     26.821    31.9833     1.3941     1.4669 0.0000e+00
       2300     27.096     9.9009   3.504977     1.0920     1.1470     0.0095  0.0878595     26.842    31.9824     1.3888     1.4618 0.0000e+00
       2301     27.118     9.8675   3.501972     1.0897     1.1446     0.0095  0.0878956     26.864    31.9815     1.3833     1.4563 0.0000e+00
       2302     27.140     9.8346   3.499000     1.0874     1.1422     0.0095  0.0879283     26.886    31.9805     1.3776     1.4507 0.0000e+00
       2303     27.162     9.8020   3.496064     1.0851     1.1398     0.0095  0.0879577     26.908    31.9796     1.3718     1.4447 0.0000e+00
       2304     27.184     9.7699   3.493163     1.0828     1.1374     0.0095  0.0879840     26.930    31.9787     1.3657     1.4386 0.0000e+00
       2305     27.206     9.7383   3.490301     1.0805     1.1350     0.0095  0.0880075     26.951    31.9776     1.3594     1.4322 0.0000e+00
       2306     27.229     9.7072   3.487483     1.0782     1.1326     0.0095  0.0880283     26.974    31.9766     1.3528     1.4255 0.0000e+00
       2307     27.251     9.6767   3.484711     1.0759     1.1302     0.0095  0.0880465     26.996    31.9754     1.3461     1.4185 0.0000e+00
       2308     27.273     9.6467   3.481989     1.0736     1.1278     0.0095  0.0880623     27.018    31.9744     1.3391     1.4113 0.0000e+00
       2309     27.295     9.6176   3.479324     1.0713     1.1253     0.0095  0.0880757     27.040    31.9731     1.3319     1.4036 0.0000e+00
       2310     27.317     9.5892   3.476721     1.0691     1.1229     0.0095  0.0880870     27.061    31.9718     1.3247     1.3959 0.0000e+00
       2311     27.339     9.5617   3.474185     1.0668     1.1204     0.0095  0.0880960     27.083    31.9704     1.3170     1.3876 0.0000e+00
       2312     27.361     9.5351   3.471718     1.0645     1.1179     0.0095  0.0881030     27.105    31.9688     1.3091     1.3792 0.0000e+00
       2313     27.383     9.5094   3.469322     1.0622     1.1154     0.0095  0.0881079     27.127    31.9672     1.3009     1.3705 0.0000e+00
       2314     27.406     9.4845   3.466997     1.0599     1.1129     0.0095  0.0881108     27.150    31.9656     1.2925     1.3616 0.0000e+00
       2315     27.428     9.4604   3.464742     1.0576     1.1104     0.0095  0.0881118     27.171    31.9640     1.2839     1.3525 0.0000e+00
       2316     27.450     9.4371   3.462557     1.0553     1.1078     0.0095  0.0881107     27.193    31.9624     1.2751     1.3429 0.0000e+00
       2317     27.473     9.4146   3.460444     1.0529     1.1052     0.0095  0.0881076     27.216    31.9608     1.2658     1.3332 0.0000e+00
       2318     27.495     9.3929   3.458404     1.0506     1.1026     0.0095  0.0881026     27.238    31.9593     1.2566     1.3233 0.0000e+00
       2319     27.517     9.3719   3.456438     1.0482     1.0999     0.0095  0.0880955     27.259    31.9578     1.2469     1.3130 0.0000e+00
       2320     27.539     9.3518   3.454548     1.0458     1.0973     0.0095  0.0880863     27.281    31.9564     1.2370     1.3029 0.0000e+00
       2321     27.562     9.3324   3.452732     1.0434     1.0946     0.0097  0.0880757     27.304    31.9551     1.2270     1.2924 0.0000e+00
       2322     27.584     9.3138   3.450990     1.0410     1.0918     0.0099  0.0880655     27.326    31.9538     1.2168     1.2815 0.0000e+00
       2323     27.606     9.2960   3.449318     1.0386     1.0890     0.0099  0.0880564     27.348    31.9525     1.2065     1.2706 0.0000e+00
       2324     27.628     9.2789   3.447716     1.0361     1.0862     0.0097  0.0880475     27.369    31.9513     1.1958     1.2597 0.0000e+00
       2325     27.650     9.2625   3.446182     1.0336     1.0834     0.0099  0.0880379     27.391    31.9502     1.1850     1.2487 0.0000e+00
       2326     27.673     9.2467   3.444712     1.0311     1.0805     0.0099  0.0880283     27.414    31.9492     1.1742     1.2374 0.0000e+00
       2327     27.695     9.2315   3.443301     1.0286     1.0776     0.0099  0.0880195     27.436    31.9482     1.1632     1.2261 0.0000e+00
       2328     27.717     9.2168   3.441943     1.0260     1.0747     0.0099  0.0880115     27.458    31.9474     1.1519     1.2149 0.0000e+00
       2329     27.740     9.2025   3.440629     1.0235     1.0717     0.0099  0.0880042     27.480    31.9466     1.1409     1.2035 0.0000e+00
       2330     27.762     9.1886   3.439353     1.0208     1.0687     0.0097  0.0879976     27.502    31.9459     1.1293     1.1922 0.0000e+00
       2331     27.784     9.1750   3.438109     1.0182     1.0656     0.0095  0.0879916     27.524    31.9453     1.1179     1.1807 0.0000e+00
       2332     27.806     9.1616   3.436893     1.0156     1.0626     0.0099  0.0879862     27.546    31.9447     1.1065     1.1695 0.0000e+00
       2333     27.828     9.1485   3.435700     1.0129     1.0595     0.0099  0.0879813     27.568    31.9441     1.0949     1.1583 0.0000e+00
