code/data/2021/ctd_data_day2/station8_ctm_fil_le_der.cnv
* Sea-Bird SBE 9 Data File:
* FileName = C:\Users\CTD-User\Desktop\MAR440\day2\station8.hex
* Software Version Seasave V 7.26.2.13
* Temperature SN = 6313
* Conductivity SN = 4758
* Number of Bytes Per Scan = 37
* Number of Voltage Words = 4
* Number of Scans Averaged by the Deck Unit = 1
* NMEA Latitude = 58 19.53 N
* NMEA Longitude = 011 50.68 E
* NMEA UTC (Time) = Sep 22 2021 11:34:11
* NMEA baud rate = 4800
** Ship: Skagerrak
** Station: station8
** Operator: group1
# nquan = 13                                
# nvalues = 1621                        
# units = specified
# name 0 = scan: Scan Count
# name 1 = prDM: Pressure, Digiquartz [db]
# name 2 = t090C: Temperature [ITS-90, deg C]
# name 3 = c0S/m: Conductivity [S/m]
# name 4 = sbeox0V: Oxygen raw, SBE 43 [V]
# name 5 = sbeox1V: Oxygen raw, SBE 43, 2 [V]
# name 6 = flECO-AFL: Fluorescence, WET Labs ECO-AFL/FL [mg/m^3]
# name 7 = upoly0: Upoly 0, Turbidity
# name 8 = depSM: Depth [salt water, m], lat = 58.3255
# name 9 = sal00: Salinity, Practical [PSU]
# name 10 = sbeox0ML/L: Oxygen, SBE 43 [ml/l], WS = 2
# name 11 = sbeox1ML/L: Oxygen, SBE 43, 2 [ml/l], WS = 2
# name 12 = flag: flag
# span 0 =          1,       1621       
# span 1 =      0.840,     12.569       
# span 2 =    14.0065,    15.7167       
# span 3 =   2.901340,   3.413555       
# span 4 =     1.3577,     2.8177       
# span 5 =     1.3369,     2.7501       
# span 6 =     0.0040,     0.0057       
# span 7 =  0.0909304,  0.1803616       
# span 8 =      0.832,     12.452       
# span 9 =    22.7877,    27.8196       
# span 10 =     2.4182,     6.8996      
# span 11 =     2.1748,     5.8530      
# span 12 = 0.0000e+00, 0.0000e+00      
# interval = seconds: 0.0416667
# start_time = Sep 22 2021 11:34:11 [NMEA time, header]
# bad_flag = -9.990e-29
*END*
[from data line 667]
        668      0.845    14.8150   2.905061     2.7709     2.7080     0.0055  0.1718996      0.837    22.8097     6.8124     5.8006 -9.990e-29
        669      0.847    14.8151   2.905063     2.7713     2.7086     0.0055  0.1720183      0.839    22.8096     6.8134     5.8021 -9.990e-29
        670      0.848    14.8150   2.905049     2.7718     2.7091     0.0055  0.1721301      0.840    22.8096     6.8147     5.8034 -9.990e-29
        671      0.849    14.8149   2.905016     2.7722     2.7097     0.0055  0.1722365      0.841    22.8094     6.8158     5.8050 -9.990e-29
        672      0.850    14.8147   2.904965     2.7726     2.7103     0.0055  0.1723384      0.842    22.8090     6.8170     5.8066 -9.990e-29
        673      0.852    14.8143   2.904894     2.7730     2.7109     0.0055  0.1724357      0.844    22.8086     6.8182     5.8082 -9.990e-29
        674      0.853    14.8138   2.904803     2.7734     2.7114     0.0055  0.1725272      0.845    22.8082     6.8196     5.8095 -9.990e-29
        675      0.855    14.8132   2.904686     2.7739     2.7120     0.0049  0.1726136      0.847    22.8075     6.8213     5.8111 -9.990e-29
        676      0.857    14.8125   2.904541     2.7743     2.7126     0.0055  0.1726965      0.849    22.8066     6.8227     5.8127 -9.990e-29
        677      0.860    14.8116   2.904370     2.7747     2.7132     0.0055  0.1727754      0.852    22.8057     6.8243     5.8143 -9.990e-29
        678      0.863    14.8106   2.904179     2.7752     2.7138     0.0055  0.1728501      0.855    22.8046     6.8262     5.8159 -9.990e-29
        679      0.866    14.8096   2.903972     2.7756     2.7144     0.0055  0.1729212      0.858    22.8034     6.8278     5.8174 -9.990e-29
        680      0.869    14.8085   2.903755     2.7760     2.7150     0.0049  0.1729899      0.861    22.8022     6.8295     5.8190 -9.990e-29
        681      0.874    14.8074   2.903533     2.7765     2.7156     0.0055  0.1730585      0.866    22.8009     6.8315     5.8205 -9.990e-29
        682      0.878    14.8064   2.903313     2.7769     2.7162     0.0055  0.1731282      0.870    22.7996     6.8332     5.8220 -9.990e-29
        683      0.884    14.8054   2.903098     2.7774     2.7168     0.0049  0.1731988      0.876    22.7983     6.8353     5.8235 -9.990e-29
        684      0.889    14.8044   2.902891     2.7778     2.7174     0.0055  0.1732689      0.881    22.7971     6.8371     5.8249 -9.990e-29
        685      0.896    14.8035   2.902694     2.7783     2.7179     0.0055  0.1733383      0.888    22.7959     6.8392     5.8260 -9.990e-29
        686      0.903    14.8026   2.902508     2.7787     2.7185     0.0049  0.1734074      0.895    22.7948     6.8410     5.8274 -9.990e-29
        687      0.910    14.8018   2.902333     2.7792     2.7191     0.0055  0.1734776      0.902    22.7938     6.8431     5.8287 -9.990e-29
        688      0.917    14.8011   2.902168     2.7797     2.7197     0.0055  0.1735510      0.908    22.7927     6.8452     5.8299 -9.990e-29
        689      0.926    14.8004   2.902011     2.7802     2.7202     0.0055  0.1736281      0.917    22.7918     6.8473     5.8309 -9.990e-29
        690      0.934    14.7997   2.901861     2.7807     2.7208     0.0049  0.1737078      0.925    22.7909     6.8494     5.8321 -9.990e-29
        691      0.943    14.7991   2.901719     2.7812     2.7213     0.0053  0.1737882      0.934    22.7900     6.8514     5.8329 -9.990e-29
        692      0.952    14.7986   2.901587     2.7817     2.7218     0.0049  0.1738662      0.943    22.7892     6.8534     5.8338 -9.990e-29
        693      0.962    14.7981   2.901476     2.7823     2.7224     0.0049  0.1739409      0.953    22.7885     6.8558     5.8348 -9.990e-29
        694      0.972    14.7978   2.901397     2.7828     2.7229     0.0049  0.1740127      0.963    22.7880     6.8577     5.8356 -9.990e-29
        695      0.983    14.7976   2.901353     2.7833     2.7234     0.0049  0.1740821      0.974    22.7877     6.8596     5.8363 0.0000e+00
        696      0.995    14.7975   2.901340     2.7839     2.7239     0.0053  0.1741496      0.986    22.7877     6.8618     5.8369 0.0000e+00
        697      1.006    14.7975   2.901351     2.7844     2.7244     0.0049  0.1742157      0.997    22.7878     6.8636     5.8375 0.0000e+00
        698      1.017    14.7975   2.901382     2.7850     2.7249     0.0053  0.1742808      1.008    22.7880     6.8656     5.8381 0.0000e+00
        699      1.029    14.7977   2.901430     2.7855     2.7254     0.0055  0.1743454      1.019    22.7883     6.8673     5.8387 0.0000e+00
        700      1.041    14.7980   2.901494     2.7860     2.7259     0.0055  0.1744099      1.031    22.7887     6.8690     5.8392 0.0000e+00
        701      1.054    14.7983   2.901575     2.7866     2.7263     0.0053  0.1744748      1.044    22.7892     6.8709     5.8394 0.0000e+00
        702      1.066    14.7987   2.901669     2.7871     2.7268     0.0055  0.1745405      1.056    22.7898     6.8724     5.8399 0.0000e+00
        703      1.079    14.7992   2.901778     2.7877     2.7272     0.0055  0.1746075      1.069    22.7904     6.8742     5.8401 0.0000e+00
        704      1.093    14.7999   2.901904     2.7882     2.7277     0.0049  0.1746763      1.083    22.7911     6.8756     5.8406 0.0000e+00
        705      1.106    14.8006   2.902053     2.7888     2.7282     0.0049  0.1747473      1.096    22.7920     6.8773     5.8410 0.0000e+00
        706      1.120    14.8015   2.902230     2.7893     2.7286     0.0055  0.1748202      1.110    22.7930     6.8786     5.8412 0.0000e+00
        707      1.134    14.8026   2.902441     2.7899     2.7290     0.0049  0.1748946      1.123    22.7942     6.8801     5.8414 0.0000e+00
        708      1.148    14.8039   2.902689     2.7904     2.7294     0.0055  0.1749719      1.137    22.7956     6.8812     5.8415 0.0000e+00
        709      1.163    14.8055   2.902979     2.7910     2.7299     0.0055  0.1750536      1.152    22.7971     6.8825     5.8419 0.0000e+00
        710      1.178    14.8072   2.903314     2.7915     2.7303     0.0049  0.1751400      1.167    22.7990     6.8835     5.8420 0.0000e+00
        711      1.193    14.8092   2.903695     2.7920     2.7307     0.0055  0.1752320      1.182    22.8012     6.8843     5.8421 0.0000e+00
        712      1.208    14.8114   2.904115     2.7926     2.7310     0.0049  0.1753300      1.197    22.8035     6.8853     5.8419 0.0000e+00
        713      1.224    14.8137   2.904570     2.7931     2.7314     0.0049  0.1754348      1.213    22.8061     6.8860     5.8420 0.0000e+00
        714      1.240    14.8161   2.905052     2.7936     2.7318     0.0049  0.1755471      1.228    22.8089     6.8867     5.8421 0.0000e+00
        715      1.256    14.8185   2.905557     2.7941     2.7321     0.0049  0.1756677      1.244    22.8118     6.8873     5.8420 0.0000e+00
        716      1.273    14.8211   2.906080     2.7946     2.7325     0.0049  0.1757957      1.261    22.8148     6.8878     5.8421 0.0000e+00
        717      1.290    14.8237   2.906614     2.7952     2.7328     0.0049  0.1759253      1.278    22.8179     6.8886     5.8420 0.0000e+00
        718      1.307    14.8263   2.907157     2.7957     2.7332     0.0055  0.1760488      1.295    22.8211     6.8891     5.8421 0.0000e+00
        719      1.324    14.8290   2.907708     2.7961     2.7335     0.0049  0.1761637      1.312    22.8243     6.8893     5.8421 0.0000e+00
        720      1.342    14.8317   2.908266     2.7966     2.7339     0.0055  0.1762708      1.330    22.8275     6.8897     5.8423 0.0000e+00
        721      1.359    14.8344   2.908829     2.7971     2.7342     0.0049  0.1763708      1.346    22.8308     6.8901     5.8422 0.0000e+00
        722      1.377    14.8371   2.909396     2.7976     2.7345     0.0049  0.1764645      1.364    22.8341     6.8906     5.8422 0.0000e+00
        723      1.395    14.8397   2.909962     2.7981     2.7348     0.0049  0.1765524      1.382    22.8375     6.8910     5.8422 0.0000e+00
        724      1.412    14.8424   2.910524     2.7986     2.7351     0.0055  0.1766353      1.399    22.8408     6.8914     5.8423 0.0000e+00
        725      1.430    14.8449   2.911079     2.7990     2.7355     0.0055  0.1767136      1.417    22.8441     6.8915     5.8427 0.0000e+00
        726      1.448    14.8474   2.911623     2.7995     2.7358     0.0055  0.1767880      1.435    22.8473     6.8920     5.8428 0.0000e+00
        727      1.466    14.8498   2.912152     2.8000     2.7361     0.0055  0.1768588      1.452    22.8505     6.8924     5.8430 0.0000e+00
        728      1.484    14.8521   2.912663     2.8004     2.7364     0.0049  0.1769268      1.470    22.8536     6.8926     5.8432 0.0000e+00
        729      1.502    14.8544   2.913156     2.8009     2.7367     0.0049  0.1769922      1.488    22.8565     6.8931     5.8434 0.0000e+00
        730      1.520    14.8566   2.913633     2.8013     2.7371     0.0055  0.1770555      1.506    22.8593     6.8933     5.8440 0.0000e+00
        731      1.538    14.8588   2.914098     2.8017     2.7374     0.0049  0.1771173      1.524    22.8620     6.8935     5.8443 0.0000e+00
        732      1.556    14.8608   2.914554     2.8022     2.7377     0.0049  0.1771779      1.542    22.8648     6.8940     5.8446 0.0000e+00
        733      1.574    14.8628   2.915000     2.8026     2.7380     0.0055  0.1772378      1.559    22.8675     6.8943     5.8450 0.0000e+00
        734      1.592    14.8647   2.915433     2.8030     2.7384     0.0055  0.1772973      1.577    22.8701     6.8946     5.8457 0.0000e+00
        735      1.610    14.8665   2.915848     2.8034     2.7387     0.0055  0.1773569      1.595    22.8726     6.8949     5.8461 0.0000e+00
        736      1.628    14.8682   2.916248     2.8038     2.7390     0.0049  0.1774170      1.613    22.8751     6.8952     5.8466 0.0000e+00
        737      1.646    14.8699   2.916637     2.8042     2.7394     0.0049  0.1774780      1.631    22.8775     6.8956     5.8473 0.0000e+00
        738      1.664    14.8715   2.917017     2.8046     2.7397     0.0049  0.1775403      1.649    22.8798     6.8960     5.8477 0.0000e+00
        739      1.682    14.8731   2.917391     2.8050     2.7400     0.0055  0.1776045      1.666    22.8821     6.8963     5.8482 0.0000e+00
        740      1.700    14.8747   2.917759     2.8054     2.7404     0.0055  0.1776708      1.684    22.8843     6.8967     5.8489 0.0000e+00
        741      1.718    14.8763   2.918123     2.8058     2.7407     0.0049  0.1777398      1.702    22.8865     6.8971     5.8493 0.0000e+00
        742      1.735    14.8779   2.918484     2.8062     2.7411     0.0057  0.1778103      1.719    22.8887     6.8974     5.8499 0.0000e+00
        743      1.753    14.8795   2.918842     2.8066     2.7414     0.0057  0.1778793      1.737    22.8909     6.8978     5.8503 0.0000e+00
        744      1.771    14.8810   2.919200     2.8070     2.7417     0.0057  0.1779457      1.755    22.8931     6.8981     5.8507 0.0000e+00
        745      1.789    14.8826   2.919557     2.8074     2.7421     0.0057  0.1780098      1.772    22.8952     6.8984     5.8513 0.0000e+00
        746      1.807    14.8841   2.919915     2.8078     2.7424     0.0057  0.1780722      1.790    22.8974     6.8987     5.8516 0.0000e+00
        747      1.825    14.8857   2.920278     2.8082     2.7427     0.0057  0.1781333      1.808    22.8996     6.8990     5.8518 0.0000e+00
        748      1.842    14.8872   2.920649     2.8085     2.7431     0.0057  0.1781935      1.825    22.9020     6.8990     5.8523 0.0000e+00
        749      1.860    14.8889   2.921033     2.8089     2.7434     0.0057  0.1782532      1.843    22.9043     6.8992     5.8524 0.0000e+00
        750      1.878    14.8905   2.921433     2.8093     2.7438     0.0057  0.1783128      1.861    22.9068     6.8994     5.8528 0.0000e+00
        751      1.896    14.8923   2.921852     2.8097     2.7441     0.0057  0.1783728      1.878    22.9093     6.8996     5.8528 0.0000e+00
        752      1.914    14.8941   2.922290     2.8100     2.7445     0.0057  0.1784335      1.896    22.9121     6.8994     5.8530 0.0000e+00
        753      1.932    14.8960   2.922747     2.8104     2.7448     0.0057  0.1784955      1.914    22.9149     6.8994     5.8529 0.0000e+00
        754      1.950    14.8978   2.923218     2.8108     2.7451     0.0057  0.1785590      1.932    22.9179     6.8995     5.8528 0.0000e+00
        755      1.968    14.8996   2.923696     2.8111     2.7455     0.0057  0.1786246      1.950    22.9210     6.8992     5.8529 0.0000e+00
        756      1.986    14.9013   2.924167     2.8115     2.7458     0.0057  0.1786928      1.968    22.9240     6.8991     5.8527 0.0000e+00
        757      2.004    14.9029   2.924622     2.8118     2.7461     0.0057  0.1787639      1.985    22.9270     6.8988     5.8524 0.0000e+00
        758      2.022    14.9044   2.925052     2.8122     2.7465     0.0057  0.1788385      2.003    22.9299     6.8987     5.8524 0.0000e+00
        759      2.039    14.9057   2.925453     2.8126     2.7468     0.0057  0.1789171      2.020    22.9326     6.8987     5.8521 0.0000e+00
        760      2.057    14.9069   2.925825     2.8129     2.7471     0.0057  0.1790003      2.038    22.9351     6.8983     5.8518 0.0000e+00
        761      2.076    14.9081   2.926172     2.8132     2.7473     0.0057  0.1790886      2.057    22.9374     6.8979     5.8511 0.0000e+00
        762      2.094    14.9092   2.926495     2.8136     2.7476     0.0057  0.1791827      2.075    22.9395     6.8977     5.8507 0.0000e+00
        763      2.112    14.9102   2.926796     2.8139     2.7479     0.0057  0.1792832      2.092    22.9415     6.8973     5.8503 0.0000e+00
        764      2.130    14.9112   2.927074     2.8142     2.7481     0.0057  0.1793907      2.110    22.9433     6.8968     5.8496 0.0000e+00
        765      2.148    14.9120   2.927328     2.8144     2.7483     0.0057  0.1795061      2.128    22.9450     6.8960     5.8488 0.0000e+00
        766      2.166    14.9128   2.927560     2.8147     2.7486     0.0057  0.1796302      2.146    22.9466     6.8956     5.8483 0.0000e+00
        767      2.184    14.9136   2.927773     2.8150     2.7488     0.0057  0.1797612      2.164    22.9479     6.8950     5.8475 0.0000e+00
        768      2.202    14.9143   2.927970     2.8152     2.7489     0.0055  0.1798908      2.182    22.9492     6.8942     5.8465 0.0000e+00
        769      2.221    14.9151   2.928158     2.8155     2.7491     0.0055  0.1800079      2.200    22.9504     6.8937     5.8456 0.0000e+00
        770      2.239    14.9159   2.928342     2.8157     2.7493     0.0055  0.1801074      2.218    22.9515     6.8928     5.8447 0.0000e+00
        771      2.257    14.9167   2.928524     2.8159     2.7494     0.0055  0.1801892      2.236    22.9526     6.8920     5.8435 0.0000e+00
        772      2.275    14.9175   2.928706     2.8161     2.7496     0.0049  0.1802547      2.254    22.9537     6.8911     5.8426 0.0000e+00
        773      2.293    14.9184   2.928891     2.8163     2.7497     0.0055  0.1803051      2.272    22.9547     6.8902     5.8413 0.0000e+00
        774      2.311    14.9193   2.929081     2.8165     2.7498     0.0055  0.1803400      2.290    22.9558     6.8892     5.8401 0.0000e+00
        775      2.329    14.9203   2.929280     2.8166     2.7499     0.0049  0.1803588      2.307    22.9570     6.8880     5.8388 0.0000e+00
        776      2.348    14.9213   2.929489     2.8168     2.7500     0.0055  0.1803616      2.326    22.9582     6.8870     5.8375 0.0000e+00
        777      2.366    14.9223   2.929706     2.8169     2.7500     0.0055  0.1803484      2.344    22.9595     6.8858     5.8360 0.0000e+00
