code/data/2021/ctd_data_day2/station10_ctm_fil_le.cnv
* Sea-Bird SBE 9 Data File:
* FileName = C:\Users\CTD-User\Desktop\MAR440\day2\station10.hex
* Software Version Seasave V 7.26.2.13
* Temperature SN = 6313
* Conductivity SN = 4758
* Number of Bytes Per Scan = 37
* Number of Voltage Words = 4
* Number of Scans Averaged by the Deck Unit = 1
* NMEA Latitude = 58 20.25 N
* NMEA Longitude = 011 53.24 E
* NMEA UTC (Time) = Sep 22 2021 12:19:36
* NMEA baud rate = 4800
** Ship: Skagerrak
** Station: station10
** Operator: group2green
# nquan = 9
# nvalues = 2945                        
# units = specified
# name 0 = scan: Scan Count
# name 1 = prDM: Pressure, Digiquartz [db]
# name 2 = t090C: Temperature [ITS-90, deg C]
# name 3 = c0S/m: Conductivity [S/m]
# name 4 = sbeox0V: Oxygen raw, SBE 43 [V]
# name 5 = sbeox1V: Oxygen raw, SBE 43, 2 [V]
# name 6 = flECO-AFL: Fluorescence, WET Labs ECO-AFL/FL [mg/m^3]
# name 7 = upoly0: Upoly 0, Turbidity
# name 8 = flag:  0.000e+00
# span 0 =          1,       2945       
# span 1 =      1.437,     39.632       
# span 2 =     7.9679,    15.8524       
# span 3 =   2.829968,   3.458167       
# span 4 =     0.4799,     2.9159       
# span 5 =     0.5511,     2.8625       
# span 6 =     0.0033,     0.0148       
# span 7 =  0.0884141,  0.2199261       
# span 8 = 0.0000e+00, 0.0000e+00       
# interval = seconds: 0.0416667
# start_time = Sep 22 2021 12:19:36 [NMEA time, header]
# bad_flag = -9.990e-29
*END*
          1     10.218    14.9981   2.856784     2.0509     2.3216     0.0048  0.1001592 -9.990e-29
          2     10.216    14.9984   2.856787     2.0507     2.3221     0.0048  0.1002477 -9.990e-29
          3     10.215    14.9987   2.856791     2.0506     2.3226     0.0048  0.1003438 -9.990e-29
          4     10.213    14.9990   2.856796     2.0504     2.3231     0.0048  0.1004484 -9.990e-29
          5     10.212    14.9994   2.856801     2.0502     2.3237     0.0048  0.1005620 -9.990e-29
          6     10.211    14.9999   2.856808     2.0500     2.3243     0.0048  0.1006855 -9.990e-29
          7     10.210    15.0005   2.856815     2.0499     2.3248     0.0048  0.1008198 -9.990e-29
          8     10.209    15.0012   2.856822     2.0497     2.3254     0.0046  0.1009657 -9.990e-29
          9     10.207    15.0020   2.856831     2.0495     2.3260     0.0048  0.1011243 -9.990e-29
         10     10.206    15.0029   2.856839     2.0492     2.3267     0.0048  0.1012967 -9.990e-29
         11     10.205    15.0040   2.856848     2.0490     2.3273     0.0048  0.1014833 -9.990e-29
         12     10.204    15.0051   2.856858     2.0488     2.3279     0.0048  0.1016844 -9.990e-29
         13     10.203    15.0064   2.856869     2.0486     2.3285     0.0048  0.1019024 -9.990e-29
         14     10.202    15.0077   2.856881     2.0483     2.3291     0.0046  0.1021379 -9.990e-29
         15     10.201    15.0092   2.856893     2.0481     2.3297     0.0042  0.1023841 -9.990e-29
         16     10.200    15.0107   2.856906     2.0479     2.3303     0.0042  0.1026290 -9.990e-29
         17     10.200    15.0123   2.856919     2.0476     2.3309     0.0042  0.1028659 -9.990e-29
         18     10.199    15.0139   2.856932     2.0474     2.3314     0.0042  0.1030947 -9.990e-29
         19     10.198    15.0155   2.856945     2.0472     2.3320     0.0042  0.1033171 -9.990e-29
         20     10.197    15.0172   2.856959     2.0469     2.3325     0.0042  0.1035354 -9.990e-29
         21     10.197    15.0189   2.856973     2.0467     2.3330     0.0042  0.1037519 -9.990e-29
         22     10.196    15.0206   2.856988     2.0465     2.3335     0.0040  0.1039683 -9.990e-29
         23     10.195    15.0223   2.857003     2.0462     2.3340     0.0042  0.1041859 -9.990e-29
         24     10.195    15.0240   2.857018     2.0460     2.3344     0.0040  0.1044056 -9.990e-29
         25     10.194    15.0257   2.857033     2.0457     2.3349     0.0042  0.1046287 -9.990e-29
         26     10.194    15.0273   2.857047     2.0455     2.3353     0.0042  0.1048577 -9.990e-29
         27     10.193    15.0290   2.857061     2.0452     2.3357     0.0042  0.1050933 -9.990e-29
         28     10.192    15.0306   2.857075     2.0450     2.3360     0.0042  0.1053364 -9.990e-29
         29     10.192    15.0321   2.857088     2.0448     2.3364     0.0042  0.1055895 -9.990e-29
         30     10.191    15.0337   2.857102     2.0445     2.3367     0.0042  0.1058551 -9.990e-29
         31     10.190    15.0352   2.857117     2.0443     2.3370     0.0042  0.1061351 -9.990e-29
         32     10.190    15.0367   2.857132     2.0440     2.3373     0.0042  0.1064324 -9.990e-29
         33     10.190    15.0382   2.857147     2.0438     2.3375     0.0042  0.1067490 -9.990e-29
         34     10.189    15.0397   2.857162     2.0436     2.3378     0.0042  0.1070853 -9.990e-29
         35     10.189    15.0412   2.857177     2.0433     2.3380     0.0042  0.1074438 -9.990e-29
         36     10.188    15.0427   2.857192     2.0431     2.3381     0.0042  0.1078286 -9.990e-29
         37     10.188    15.0442   2.857206     2.0428     2.3383     0.0042  0.1082425 -9.990e-29
         38     10.188    15.0457   2.857221     2.0426     2.3384     0.0042  0.1086873 -9.990e-29
         39     10.187    15.0473   2.857236     2.0423     2.3385     0.0042  0.1091672 -9.990e-29
         40     10.187    15.0488   2.857251     2.0421     2.3386     0.0042  0.1096760 -9.990e-29
         41     10.186    15.0504   2.857267     2.0419     2.3386     0.0042  0.1101892 -9.990e-29
         42     10.186    15.0521   2.857284     2.0416     2.3387     0.0042  0.1106843 -9.990e-29
         43     10.185    15.0538   2.857300     2.0414     2.3387     0.0042  0.1111551 -9.990e-29
         44     10.185    15.0555   2.857317     2.0411     2.3387     0.0042  0.1116042 -9.990e-29
         45     10.185    15.0573   2.857332     2.0409     2.3386     0.0042  0.1120346 -9.990e-29
         46     10.184    15.0591   2.857348     2.0407     2.3386     0.0042  0.1124494 -9.990e-29
         47     10.184    15.0610   2.857363     2.0405     2.3385     0.0042  0.1128515 -9.990e-29
         48     10.184    15.0628   2.857379     2.0402     2.3384     0.0042  0.1132436 -9.990e-29
         49     10.183    15.0647   2.857395     2.0400     2.3383     0.0042  0.1136285 -9.990e-29
         50     10.183    15.0666   2.857412     2.0398     2.3381     0.0042  0.1140088 -9.990e-29
         51     10.183    15.0686   2.857429     2.0396     2.3380     0.0042  0.1143881 -9.990e-29
         52     10.183    15.0705   2.857447     2.0393     2.3378     0.0042  0.1147698 -9.990e-29
         53     10.182    15.0724   2.857464     2.0391     2.3376     0.0042  0.1151558 -9.990e-29
         54     10.182    15.0744   2.857481     2.0389     2.3373     0.0042  0.1155478 -9.990e-29
         55     10.182    15.0764   2.857497     2.0387     2.3371     0.0042  0.1159487 -9.990e-29
         56     10.182    15.0784   2.857514     2.0385     2.3368     0.0042  0.1163611 -9.990e-29
         57     10.181    15.0805   2.857530     2.0383     2.3365     0.0042  0.1167880 -9.990e-29
         58     10.181    15.0826   2.857546     2.0380     2.3362     0.0042  0.1172324 -9.990e-29
         59     10.181    15.0847   2.857562     2.0378     2.3359     0.0042  0.1176972 -9.990e-29
         60     10.181    15.0869   2.857579     2.0376     2.3356     0.0042  0.1181859 -9.990e-29
         61     10.181    15.0891   2.857597     2.0374     2.3353     0.0042  0.1187025 -9.990e-29
         62     10.181    15.0913   2.857614     2.0372     2.3349     0.0042  0.1192516 -9.990e-29
         63     10.180    15.0936   2.857633     2.0370     2.3345     0.0042  0.1198361 -9.990e-29
         64     10.180    15.0960   2.857651     2.0368     2.3342     0.0042  0.1204592 -9.990e-29
         65     10.180    15.0984   2.857669     2.0366     2.3338     0.0044  0.1211202 -9.990e-29
         66     10.180    15.1008   2.857687     2.0364     2.3333     0.0046  0.1217957 -9.990e-29
         67     10.180    15.1033   2.857705     2.0363     2.3329     0.0048  0.1224435 -9.990e-29
         68     10.179    15.1058   2.857723     2.0361     2.3325     0.0048  0.1230386 -9.990e-29
         69     10.179    15.1083   2.857741     2.0359     2.3320     0.0048  0.1235799 -9.990e-29
         70     10.179    15.1109   2.857760     2.0357     2.3316     0.0048  0.1240738 -9.990e-29
         71     10.178    15.1135   2.857779     2.0355     2.3311     0.0048  0.1245263 -9.990e-29
         72     10.178    15.1161   2.857799     2.0354     2.3306     0.0048  0.1249404 -9.990e-29
         73     10.178    15.1188   2.857819     2.0352     2.3301     0.0048  0.1253174 -9.990e-29
         74     10.178    15.1215   2.857839     2.0350     2.3295     0.0048  0.1256590 -9.990e-29
         75     10.178    15.1242   2.857859     2.0349     2.3290     0.0048  0.1259677 -9.990e-29
         76     10.177    15.1271   2.857879     2.0347     2.3284     0.0048  0.1262455 -9.990e-29
         77     10.177    15.1300   2.857900     2.0346     2.3279     0.0048  0.1264953 -9.990e-29
         78     10.177    15.1330   2.857921     2.0344     2.3273     0.0048  0.1267205 -9.990e-29
         79     10.177    15.1360   2.857942     2.0343     2.3267     0.0048  0.1269235 -9.990e-29
         80     10.177    15.1391   2.857964     2.0341     2.3261     0.0048  0.1271049 -9.990e-29
         81     10.177    15.1423   2.857986     2.0340     2.3255     0.0048  0.1272650 -9.990e-29
         82     10.177    15.1454   2.858009     2.0339     2.3249     0.0048  0.1274051 -9.990e-29
         83     10.177    15.1486   2.858032     2.0337     2.3243     0.0048  0.1275251 -9.990e-29
         84     10.177    15.1518   2.858055     2.0336     2.3237     0.0048  0.1276252 -9.990e-29
         85     10.176    15.1551   2.858079     2.0334     2.3230     0.0048  0.1277059 -9.990e-29
         86     10.176    15.1583   2.858102     2.0333     2.3224     0.0048  0.1277688 -9.990e-29
         87     10.176    15.1617   2.858126     2.0332     2.3217     0.0048  0.1278151 -9.990e-29
         88     10.176    15.1651   2.858150     2.0331     2.3210     0.0048  0.1278443 -9.990e-29
         89     10.176    15.1687   2.858175     2.0329     2.3204     0.0048  0.1278556 -9.990e-29
         90     10.176    15.1725   2.858201     2.0328     2.3197     0.0048  0.1278493 -9.990e-29
         91     10.176    15.1763   2.858226     2.0327     2.3190     0.0049  0.1278286 -9.990e-29
         92     10.176    15.1802   2.858252     2.0326     2.3183     0.0049  0.1278020 -9.990e-29
         93     10.176    15.1841   2.858278     2.0324     2.3176     0.0049  0.1277768 -9.990e-29
         94     10.176    15.1881   2.858303     2.0323     2.3169     0.0049  0.1277563 -9.990e-29
         95     10.175    15.1921   2.858327     2.0322     2.3162     0.0049  0.1277404 -9.990e-29
         96     10.175    15.1961   2.858352     2.0320     2.3154     0.0049  0.1277280 -9.990e-29
         97     10.175    15.2000   2.858375     2.0319     2.3147     0.0049  0.1277200 -9.990e-29
         98     10.175    15.2039   2.858399     2.0318     2.3140     0.0049  0.1277171 -9.990e-29
         99     10.175    15.2078   2.858422     2.0317     2.3132     0.0049  0.1277194 -9.990e-29
        100     10.175    15.2115   2.858445     2.0315     2.3125     0.0049  0.1277260 -9.990e-29
        101     10.175    15.2152   2.858467     2.0314     2.3118     0.0049  0.1277351 -9.990e-29
        102     10.175    15.2188   2.858490     2.0313     2.3110     0.0049  0.1277470 -9.990e-29
        103     10.175    15.2223   2.858512     2.0312     2.3103     0.0049  0.1277626 -9.990e-29
        104     10.175    15.2258   2.858533     2.0311     2.3095     0.0049  0.1277810 -9.990e-29
        105     10.175    15.2291   2.858554     2.0310     2.3088     0.0049  0.1278016 -9.990e-29
        106     10.175    15.2324   2.858574     2.0308     2.3080     0.0049  0.1278253 -9.990e-29
        107     10.175    15.2357   2.858594     2.0307     2.3072     0.0049  0.1278532 -9.990e-29
        108     10.175    15.2389   2.858614     2.0306     2.3065     0.0049  0.1278855 -9.990e-29
        109     10.175    15.2421   2.858635     2.0305     2.3057     0.0049  0.1279233 -9.990e-29
        110     10.175    15.2453   2.858655     2.0304     2.3049     0.0049  0.1279676 -9.990e-29
        111     10.175    15.2486   2.858676     2.0303     2.3041     0.0049  0.1280179 -9.990e-29
        112     10.175    15.2519   2.858697     2.0303     2.3034     0.0049  0.1280729 -9.990e-29
        113     10.175    15.2553   2.858720     2.0302     2.3026     0.0049  0.1281329 -9.990e-29
        114     10.174    15.2589   2.858743     2.0301     2.3018     0.0049  0.1281993 -9.990e-29
        115     10.174    15.2626   2.858767     2.0300     2.3010     0.0049  0.1282716 -9.990e-29
        116     10.174    15.2665   2.858791     2.0299     2.3002     0.0048  0.1283495 -9.990e-29
        117     10.174    15.2706   2.858815     2.0299     2.2995     0.0046  0.1284309 -9.990e-29
        118     10.174    15.2749   2.858840     2.0298     2.2987     0.0046  0.1285106 -9.990e-29
        119     10.174    15.2794   2.858866     2.0297     2.2979     0.0046  0.1285856 -9.990e-29
        120     10.174    15.2841   2.858891     2.0297     2.2971     0.0046  0.1286565 -9.990e-29
        121     10.174    15.2891   2.858918     2.0296     2.2963     0.0046  0.1287229 -9.990e-29
        122     10.174    15.2943   2.858945     2.0296     2.2956     0.0046  0.1287844 -9.990e-29
        123     10.174    15.2998   2.858973     2.0295     2.2948     0.0046  0.1288415 -9.990e-29
        124     10.174    15.3057   2.859003     2.0295     2.2940     0.0046  0.1288946 -9.990e-29
        125     10.174    15.3117   2.859034     2.0294     2.2932     0.0046  0.1289440 -9.990e-29
        126     10.173    15.3181   2.859066     2.0294     2.2924     0.0046  0.1289900 -9.990e-29
        127     10.173    15.3248   2.859099     2.0293     2.2916     0.0046  0.1290331 -9.990e-29
        128     10.174    15.3317   2.859133     2.0293     2.2908     0.0046  0.1290734 -9.990e-29
        129     10.174    15.3388   2.859168     2.0292     2.2901     0.0046  0.1291113 -9.990e-29
        130     10.174    15.3461   2.859203     2.0292     2.2893     0.0046  0.1291470 -9.990e-29
        131     10.174    15.3535   2.859238     2.0291     2.2885     0.0046  0.1291809 -9.990e-29
        132     10.174    15.3609   2.859273     2.0291     2.2877     0.0046  0.1292130 -9.990e-29
        133     10.174    15.3684   2.859307     2.0290     2.2869     0.0046  0.1292437 -9.990e-29
        134     10.173    15.3758   2.859341     2.0289     2.2861     0.0046  0.1292732 -9.990e-29
        135     10.173    15.3832   2.859375     2.0289     2.2854     0.0046  0.1293016 -9.990e-29
        136     10.174    15.3906   2.859408     2.0288     2.2846     0.0046  0.1293291 -9.990e-29
        137     10.174    15.3979   2.859440     2.0288     2.2838     0.0046  0.1293561 -9.990e-29
        138     10.174    15.4050   2.859472     2.0287     2.2830     0.0046  0.1293834 -9.990e-29
        139     10.174    15.4120   2.859504     2.0286     2.2823     0.0046  0.1294121 -9.990e-29
        140     10.173    15.4189   2.859535     2.0286     2.2815     0.0046  0.1294416 -9.990e-29
        141     10.173    15.4255   2.859565     2.0285     2.2807     0.0046  0.1294712 -9.990e-29
        142     10.173    15.4319   2.859594     2.0284     2.2800     0.0046  0.1295012 -9.990e-29
        143     10.173    15.4381   2.859622     2.0284     2.2792     0.0048  0.1295318 -9.990e-29
        144     10.173    15.4441   2.859649     2.0283     2.2784     0.0048  0.1295630 -9.990e-29
        145     10.173    15.4498   2.859675     2.0282     2.2777     0.0046  0.1295953 -9.990e-29
        146     10.173    15.4553   2.859700     2.0282     2.2769     0.0048  0.1296288 -9.990e-29
        147     10.173    15.4606   2.859725     2.0281     2.2762     0.0048  0.1296637 -9.990e-29
        148     10.173    15.4657   2.859750     2.0281     2.2754     0.0048  0.1297003 -9.990e-29
        149     10.173    15.4704   2.859773     2.0280     2.2747     0.0048  0.1297388 -9.990e-29
        150     10.173    15.4750   2.859795     2.0279     2.2739     0.0048  0.1297803 -9.990e-29
        151     10.172    15.4793   2.859817     2.0279     2.2732     0.0048  0.1298261 -9.990e-29
        152     10.172    15.4835   2.859838     2.0278     2.2725     0.0048  0.1298755 -9.990e-29
        153     10.172    15.4874   2.859858     2.0278     2.2717     0.0048  0.1299280 -9.990e-29
        154     10.172    15.4911   2.859877     2.0277     2.2710     0.0048  0.1299841 -9.990e-29
        155     10.172    15.4946   2.859894     2.0276     2.2703     0.0048  0.1300441 -9.990e-29
        156     10.172    15.4979   2.859911     2.0276     2.2695     0.0048  0.1301084 -9.990e-29
        157     10.171    15.5010   2.859927     2.0275     2.2688     0.0048  0.1301775 -9.990e-29
        158     10.171    15.5040   2.859942     2.0274     2.2681     0.0048  0.1302518 -9.990e-29
        159     10.171    15.5069   2.859957     2.0273     2.2674     0.0048  0.1303319 -9.990e-29
        160     10.171    15.5096   2.859971     2.0272     2.2666     0.0048  0.1304192 -9.990e-29
