code/data/2021/ctd_data_day2/station3_ctm.cnv
* Sea-Bird SBE 9 Data File:
* FileName = C:\Users\CTD-User\Desktop\MAR440\day2\station3.hex
* Software Version Seasave V 7.26.2.13
* Temperature SN = 6313
* Conductivity SN = 4758
* Number of Bytes Per Scan = 37
* Number of Voltage Words = 4
* Number of Scans Averaged by the Deck Unit = 1
* NMEA Latitude = 58 19.70 N
* NMEA Longitude = 011 51.29 E
* NMEA UTC (Time) = Sep 22 2021 09:36:18
* NMEA baud rate = 4800
** Ship: Skagerrak
** Station: station3
** Operator: group2purple
# nquan = 9
# nvalues = 3261                        
# units = specified
# name 0 = scan: Scan Count
# name 1 = prDM: Pressure, Digiquartz [db]
# name 2 = t090C: Temperature [ITS-90, deg C]
# name 3 = c0S/m: Conductivity [S/m]
# name 4 = sbeox0V: Oxygen raw, SBE 43 [V]
# name 5 = sbeox1V: Oxygen raw, SBE 43, 2 [V]
# name 6 = flECO-AFL: Fluorescence, WET Labs ECO-AFL/FL [mg/m^3]
# name 7 = upoly0: Upoly 0, Turbidity
# name 8 = flag:  0.000e+00
# span 0 =          1,       3261       
# span 1 =      0.712,     17.296       
# span 2 =    10.1794,    16.2156       
# span 3 =   2.673323,   3.481176       
# span 4 =     0.9840,     3.3394       
# span 5 =     1.0157,     3.3590       
# span 6 =     0.0035,     0.0081       
# span 7 =  0.0883968,  0.2398010       
# span 8 = 0.0000e+00, 0.0000e+00       
# interval = seconds: 0.0416667
# start_time = Sep 22 2021 09:36:18 [NMEA time, header]
# bad_flag = -9.990e-29
*END*
[from data line 481]
        482     10.660    15.6386   3.312581     2.3126     2.2747     0.0040  0.0932808 0.0000e+00
        483     10.685    15.6382   3.313014     2.3089     2.2723     0.0040  0.0932808 0.0000e+00
        484     10.685    15.6381   3.313281     2.3064     2.2698     0.0040  0.0932808 0.0000e+00
        485     10.660    15.6374   3.313563     2.3040     2.2674     0.0040  0.0932808 0.0000e+00
        486     10.685    15.6365   3.313729     2.3028     2.2649     0.0040  0.0932808 0.0000e+00
        487     10.685    15.6357   3.313826     2.3003     2.2625     0.0040  0.0932808 0.0000e+00
        488     10.751    15.6358   3.313783     2.2967     2.2601     0.0040  0.0932808 0.0000e+00
        489     10.726    15.6387   3.313503     2.2942     2.2576     0.0040  0.0942576 0.0000e+00
        490     10.751    15.6551   3.312486     2.2930     2.2552     0.0040  0.0932808 0.0000e+00
        491     10.751    15.6831   3.310172     2.2906     2.2515     0.0040  0.0932808 0.0000e+00
        492     10.726    15.7003   3.307655     2.2869     2.2491     0.0040  0.0932808 0.0000e+00
        493     10.751    15.7218   3.305385     2.2832     2.2466     0.0040  0.0932808 0.0000e+00
        494     10.751    15.7614   3.302715     2.2796     2.2430     0.0040  0.0932808 0.0000e+00
        495     10.726    15.7872   3.299334     2.2784     2.2405     0.0040  0.0932808 0.0000e+00
        496     10.809    15.7948   3.296299     2.2759     2.2381     0.0040  0.0932808 0.0000e+00
        497     10.751    15.7964   3.294447     2.2723     2.2344     0.0040  0.0932808 0.0000e+00
        498     10.784    15.7948   3.293974     2.2686     2.2320     0.0040  0.0942576 0.0000e+00
        499     10.751    15.7893   3.294401     2.2649     2.2283     0.0040  0.0932808 0.0000e+00
        500     10.751    15.7818   3.295262     2.2637     2.2259     0.0040  0.0932808 0.0000e+00
        501     10.726    15.7736   3.295948     2.2613     2.2222     0.0040  0.0932808 0.0000e+00
        502     10.809    15.7639   3.296669     2.2564     2.2198     0.0040  0.0932808 0.0000e+00
        503     10.751    15.7544   3.297535     2.2539     2.2161     0.0040  0.0932808 0.0000e+00
        504     10.726    15.7400   3.298468     2.2491     2.2136     0.0040  0.0932808 0.0000e+00
        505     10.751    15.7300   3.299442     2.2478     2.2100     0.0040  0.0932808 0.0000e+00
        506     10.751    15.7293   3.300066     2.2442     2.2063     0.0040  0.0932808 0.0000e+00
        507     10.751    15.7306   3.299980     2.2405     2.2027     0.0037  0.0932808 0.0000e+00
        508     10.784    15.7313   3.299144     2.2368     2.2002     0.0037  0.0932808 0.0000e+00
        509     10.751    15.7274   3.298519     2.2332     2.1966     0.0037  0.0932808 0.0000e+00
        510     10.751    15.7201   3.298900     2.2320     2.1929     0.0037  0.0932808 0.0000e+00
        511     10.726    15.7111   3.300378     2.2295     2.1892     0.0037  0.0932808 0.0000e+00
        512     10.751    15.7018   3.302040     2.2234     2.1856     0.0037  0.0932808 0.0000e+00
        513     10.751    15.6954   3.303334     2.2198     2.1831     0.0037  0.0942576 0.0000e+00
        514     10.784    15.6870   3.304051     2.2161     2.1795     0.0037  0.0937692 0.0000e+00
        515     10.685    15.6806   3.305166     2.2136     2.1758     0.0037  0.0932808 0.0000e+00
        516     10.751    15.6785   3.306075     2.2100     2.1721     0.0037  0.0932808 0.0000e+00
        517     10.726    15.6865   3.305987     2.2051     2.1685     0.0037  0.0942576 0.0000e+00
        518     10.751    15.7060   3.304354     2.2014     2.1648     0.0037  0.0932808 0.0000e+00
        519     10.751    15.7225   3.301663     2.1978     2.1611     0.0037  0.0932808 0.0000e+00
        520     10.726    15.7361   3.298985     2.1966     2.1575     0.0037  0.0932808 0.0000e+00
        521     10.751    15.7461   3.296592     2.1917     2.1550     0.0037  0.0942576 0.0000e+00
        522     10.751    15.7544   3.294106     2.1868     2.1514     0.0037  0.0942576 0.0000e+00
        523     10.685    15.7595   3.292235     2.1831     2.1477     0.0037  0.0932808 0.0000e+00
        524     10.784    15.7653   3.290711     2.1807     2.1440     0.0037  0.0932808 0.0000e+00
        525     10.685    15.7668   3.289804     2.1770     2.1404     0.0037  0.0932808 0.0000e+00
        526     10.751    15.7660   3.288882     2.1721     2.1379     0.0037  0.0932808 0.0000e+00
        527     10.726    15.7666   3.288528     2.1685     2.1343     0.0037  0.0932808 0.0000e+00
        528     10.751    15.7651   3.288257     2.1648     2.1318     0.0037  0.0932808 0.0000e+00
        529     10.685    15.7622   3.288171     2.1624     2.1282     0.0037  0.0932808 0.0000e+00
        530     10.726    15.7618   3.288307     2.1611     2.1257     0.0037  0.0932808 0.0000e+00
        531     10.751    15.7616   3.287789     2.1538     2.1221     0.0037  0.0932808 0.0000e+00
        532     10.685    15.7501   3.287245     2.1502     2.1196     0.0035  0.0937692 0.0000e+00
        533     10.784    15.7490   3.286620     2.1465     2.1184     0.0035  0.0942576 0.0000e+00
        534     10.685    15.7546   3.286051     2.1465     2.1160     0.0035  0.0942576 0.0000e+00
        535     10.751    15.7554   3.285209     2.1416     2.1135     0.0035  0.0937692 0.0000e+00
        536     10.726    15.7572   3.284200     2.1367     2.1111     0.0035  0.0937692 0.0000e+00
        537     10.685    15.7577   3.283577     2.1331     2.1099     0.0035  0.0937692 0.0000e+00
        538     10.751    15.7550   3.283250     2.1294     2.1074     0.0035  0.0937692 0.0000e+00
        539     10.751    15.7502   3.282784     2.1282     2.1062     0.0035  0.0937692 0.0000e+00
        540     10.726    15.7401   3.283113     2.1245     2.1050     0.0035  0.0937692 0.0000e+00
        541     10.685    15.7313   3.284583     2.1221     2.1038     0.0035  0.0942576 0.0000e+00
        542     10.751    15.7235   3.285202     2.1172     2.1038     0.0035  0.0942576 0.0000e+00
        543     10.726    15.7276   3.283943     2.1172     2.1025     0.0035  0.0942576 0.0000e+00
        544     10.751    15.7385   3.281615     2.1135     2.1038     0.0035  0.0942576 0.0000e+00
        545     10.685    15.7467   3.279622     2.1099     2.1038     0.0035  0.0937692 0.0000e+00
        546     10.726    15.7573   3.277300     2.1074     2.1025     0.0035  0.0942576 0.0000e+00
        547     10.751    15.7661   3.274288     2.1037     2.1025     0.0035  0.0942576 0.0000e+00
        548     10.685    15.7651   3.272220     2.1025     2.1038     0.0035  0.0942576 0.0000e+00
        549     10.784    15.7488   3.272002     2.1001     2.1038     0.0035  0.0937692 0.0000e+00
        550     10.685    15.7543   3.272940     2.0976     2.1050     0.0035  0.0942576 0.0000e+00
        551     10.751    15.7618   3.274495     2.0940     2.1062     0.0035  0.0937692 0.0000e+00
        552     10.726    15.7604   3.277363     2.0915     2.1062     0.0035  0.0937692 0.0000e+00
        553     10.685    15.7451   3.281790     2.0915     2.1074     0.0035  0.0937692 0.0000e+00
        554     10.751    15.7176   3.287494     2.0891     2.1086     0.0035  0.0937692 0.0000e+00
        555     10.726    15.6958   3.292764     2.0842     2.1099     0.0035  0.0937692 0.0000e+00
        556     10.751    15.6756   3.296756     2.0830     2.1123     0.0035  0.0942576 0.0000e+00
        557     10.751    15.6613   3.299762     2.0793     2.1135     0.0035  0.0937692 0.0000e+00
        558     10.685    15.6551   3.302081     2.0793     2.1147     0.0038  0.0937692 0.0000e+00
        559     10.726    15.6511   3.304092     2.0781     2.1172     0.0038  0.0942576 0.0000e+00
        560     10.751    15.6490   3.305905     2.0744     2.1184     0.0038  0.0937692 0.0000e+00
        561     10.751    15.6483   3.307470     2.0732     2.1196     0.0038  0.0942576 0.0000e+00
        562     10.726    15.6470   3.308716     2.0732     2.1221     0.0038  0.0937692 0.0000e+00
        563     10.751    15.6458   3.309635     2.0708     2.1233     0.0038  0.0937692 0.0000e+00
        564     10.685    15.6448   3.310336     2.0683     2.1245     0.0037  0.0937692 0.0000e+00
        565     10.726    15.6440   3.310657     2.0659     2.1270     0.0038  0.0942576 0.0000e+00
        566     10.751    15.6443   3.310827     2.0635     2.1294     0.0038  0.0942576 0.0000e+00
        567     10.751    15.6443   3.310846     2.0635     2.1306     0.0038  0.0937692 0.0000e+00
        568     10.726    15.6447   3.310931     2.0635     2.1331     0.0038  0.0942576 0.0000e+00
        569     10.751    15.6443   3.311121     2.0610     2.1343     0.0038  0.0942576 0.0000e+00
        570     10.751    15.6438   3.311329     2.0586     2.1355     0.0038  0.0942576 0.0000e+00
        571     10.726    15.6429   3.311552     2.0586     2.1379     0.0038  0.0942576 0.0000e+00
        572     10.751    15.6426   3.311732     2.0573     2.1392     0.0038  0.0937692 0.0000e+00
        573     10.751    15.6424   3.311998     2.0561     2.1404     0.0038  0.0937692 0.0000e+00
        574     10.751    15.6424   3.312161     2.0537     2.1428     0.0038  0.0942576 0.0000e+00
        575     10.726    15.6418   3.312305     2.0537     2.1440     0.0038  0.0942576 0.0000e+00
        576     10.751    15.6407   3.312095     2.0512     2.1453     0.0038  0.0942576 0.0000e+00
        577     10.751    15.6402   3.311675     2.0537     2.1453     0.0038  0.0942576 0.0000e+00
        578     10.726    15.6411   3.310258     2.0512     2.1477     0.0038  0.0937692 0.0000e+00
        579     10.751    15.6555   3.306435     2.0488     2.1477     0.0038  0.0942576 0.0000e+00
        580     10.751    15.6750   3.301662     2.0476     2.1489     0.0038  0.0937692 0.0000e+00
        581     10.726    15.6852   3.298844     2.0464     2.1502     0.0038  0.0942576 0.0000e+00
        582     10.751    15.7011   3.297895     2.0488     2.1514     0.0038  0.0942576 0.0000e+00
        583     10.751    15.7052   3.297037     2.0464     2.1526     0.0037  0.0932808 0.0000e+00
        584     10.784    15.7081   3.295911     2.0451     2.1526     0.0037  0.0927924 0.0000e+00
        585     10.751    15.7124   3.294486     2.0439     2.1538     0.0037  0.0927924 0.0000e+00
        586     10.751    15.7048   3.293767     2.0439     2.1538     0.0037  0.0927924 0.0000e+00
        587     10.726    15.6891   3.293810     2.0439     2.1550     0.0037  0.0927924 0.0000e+00
        588     10.751    15.6911   3.294060     2.0427     2.1550     0.0037  0.0927924 0.0000e+00
        589     10.751    15.7115   3.293709     2.0439     2.1550     0.0037  0.0927924 0.0000e+00
        590     10.784    15.7179   3.293246     2.0415     2.1550     0.0037  0.0927924 0.0000e+00
        591     10.751    15.7063   3.293960     2.0415     2.1550     0.0037  0.0927924 0.0000e+00
        592     10.751    15.7008   3.295324     2.0439     2.1550     0.0037  0.0927924 0.0000e+00
        593     10.809    15.7026   3.296528     2.0403     2.1550     0.0037  0.0932808 0.0000e+00
        594     10.726    15.7028   3.297180     2.0390     2.1550     0.0037  0.0927924 0.0000e+00
        595     10.751    15.7054   3.297362     2.0390     2.1550     0.0037  0.0927924 0.0000e+00
        596     10.751    15.7031   3.297642     2.0390     2.1538     0.0037  0.0927924 0.0000e+00
        597     10.784    15.7011   3.298037     2.0378     2.1538     0.0037  0.0927924 0.0000e+00
        598     10.751    15.6997   3.298423     2.0390     2.1526     0.0037  0.0927924 0.0000e+00
        599     10.751    15.7033   3.298760     2.0366     2.1514     0.0037  0.0927924 0.0000e+00
        600     10.784    15.7103   3.298736     2.0354     2.1502     0.0035  0.0927924 0.0000e+00
        601     10.809    15.7111   3.298689     2.0354     2.1489     0.0037  0.0927924 0.0000e+00
        602     10.751    15.7097   3.298523     2.0354     2.1477     0.0037  0.0927924 0.0000e+00
        603     10.784    15.7124   3.298079     2.0341     2.1465     0.0037  0.0927924 0.0000e+00
        604     10.751    15.7204   3.297437     2.0341     2.1453     0.0037  0.0927924 0.0000e+00
        605     10.751    15.7267   3.296680     2.0317     2.1440     0.0037  0.0927924 0.0000e+00
        606     10.784    15.7271   3.295918     2.0317     2.1428     0.0037  0.0927924 0.0000e+00
        607     10.751    15.7215   3.295689     2.0305     2.1416     0.0037  0.0927924 0.0000e+00
        608     10.751    15.7278   3.295662     2.0293     2.1404     0.0037  0.0932808 0.0000e+00
        609     10.809    15.7333   3.295488     2.0280     2.1379     0.0040  0.0937692 0.0000e+00
        610     10.784    15.7327   3.295629     2.0268     2.1367     0.0040  0.0937692 0.0000e+00
        611     10.809    15.7332   3.295384     2.0268     2.1355     0.0040  0.0937692 0.0000e+00
        612     10.751    15.7386   3.294894     2.0256     2.1343     0.0040  0.0937692 0.0000e+00
        613     10.784    15.7488   3.294514     2.0244     2.1318     0.0040  0.0942576 0.0000e+00
        614     10.751    15.7572   3.293666     2.0232     2.1306     0.0040  0.0937692 0.0000e+00
        615     10.751    15.7638   3.292973     2.0219     2.1294     0.0040  0.0937692 0.0000e+00
        616     10.726    15.7686   3.292290     2.0219     2.1282     0.0040  0.0937692 0.0000e+00
        617     10.751    15.7705   3.291630     2.0207     2.1270     0.0040  0.0942576 0.0000e+00
        618     10.685    15.7748   3.290848     2.0183     2.1245     0.0040  0.0937692 0.0000e+00
        619     10.726    15.7805   3.289767     2.0171     2.1233     0.0040  0.0942576 0.0000e+00
        620     10.685    15.7816   3.288448     2.0171     2.1221     0.0040  0.0942576 0.0000e+00
        621     10.627    15.7869   3.288009     2.0171     2.1208     0.0040  0.0942576 0.0000e+00
        622     10.660    15.8094   3.286579     2.0146     2.1184     0.0040  0.0942576 0.0000e+00
        623     10.685    15.8380   3.284042     2.0134     2.1172     0.0040  0.0937692 0.0000e+00
        624     10.627    15.8603   3.281601     2.0109     2.1160     0.0040  0.0937692 0.0000e+00
        625     10.603    15.8714   3.280143     2.0122     2.1147     0.0040  0.0937692 0.0000e+00
        626     10.627    15.8843   3.278957     2.0109     2.1135     0.0040  0.0937692 0.0000e+00
        627     10.561    15.8941   3.277357     2.0097     2.1123     0.0040  0.0937692 0.0000e+00
        628     10.561    15.9023   3.276102     2.0097     2.1111     0.0040  0.0942576 0.0000e+00
        629     10.545    15.9091   3.275173     2.0073     2.1099     0.0040  0.0942576 0.0000e+00
        630     10.561    15.9145   3.274210     2.0073     2.1086     0.0040  0.0937692 0.0000e+00
        631     10.446    15.9204   3.272549     2.0061     2.1074     0.0040  0.0942576 0.0000e+00
        632     10.545    15.9274   3.270114     2.0048     2.1062     0.0040  0.0937692 0.0000e+00
        633     10.446    15.9359   3.267662     2.0048     2.1050     0.0040  0.0942576 0.0000e+00
        634     10.380    15.9542   3.264052     2.0048     2.1050     0.0038  0.0937692 0.0000e+00
        635     10.421    15.9760   3.257452     2.0048     2.1025     0.0037  0.0932808 0.0000e+00
        636     10.380    15.9913   3.250437     2.0024     2.1025     0.0037  0.0932808 0.0000e+00
        637     10.380    16.0078   3.245370     2.0012     2.1025     0.0037  0.0932808 0.0000e+00
        638     10.421    16.0208   3.240097     2.0012     2.1001     0.0037  0.0932808 0.0000e+00
        639     10.322    16.0272   3.235121     2.0000     2.1001     0.0037  0.0932808 0.0000e+00
        640     10.322    16.0347   3.231345     2.0012     2.0989     0.0037  0.0932808 0.0000e+00
