code/data/2021/ctd_data_day2/station6.cnv
* Sea-Bird SBE 9 Data File:
* FileName = C:\Users\CTD-User\Desktop\MAR440\day2\station6.hex
* Software Version Seasave V 7.26.2.13
* Temperature SN = 6313
* Conductivity SN = 4758
* Number of Bytes Per Scan = 37
* Number of Voltage Words = 4
* Number of Scans Averaged by the Deck Unit = 1
* NMEA Latitude = 58 18.87 N
* NMEA Longitude = 011 46.44 E
* NMEA UTC (Time) = Sep 22 2021 10:40:23
* NMEA baud rate = 4800
** Ship: Skagerrak
** Station: station6
** Operator: group2blu
# nquan = 9
# nvalues = 3719                                  
# units = specified
# name 0 = scan: Scan Count
# name 1 = prDM: Pressure, Digiquartz [db]
# name 2 = t090C: Temperature [ITS-90, deg C]
# name 3 = c0S/m: Conductivity [S/m]
# name 4 = sbeox0V: Oxygen raw, SBE 43 [V]
# name 5 = sbeox1V: Oxygen raw, SBE 43, 2 [V]
# name 6 = flECO-AFL: Fluorescence, WET Labs ECO-AFL/FL [mg/m^3]
# name 7 = upoly0: Upoly 0, Turbidity
# name 8 = flag:  0.000e+00
# span 0 =          1,       3719                 
# span 1 =      0.217,     37.875                 
# span 2 =     6.7156,    16.0704                 
# span 3 =   2.943636,   3.753979                 
# span 4 =     0.5138,     2.8083                 
# span 5 =     0.5761,     2.7851                 
# span 6 =     0.0033,     0.0304                 
# span 7 =  0.0859548,  0.1621453                 
# span 8 = 0.0000e+00, 0.0000e+00                 
# interval = seconds: 0.0416667
# start_time = Sep 22 2021 10:40:23 [NMEA time, header]
# bad_flag = -9.990e-29
*END*
[from data line 3041]
       3042     34.646     6.8663   3.253914     0.6469     0.6933     0.0088  0.0869316  0.000e+00
       3043     34.704     6.8641   3.253794     0.6457     0.6921     0.0088  0.0874200  0.000e+00
       3044     34.704     6.8624   3.253782     0.6432     0.6921     0.0088  0.0874200  0.000e+00
       3045     34.770     6.8605   3.253679     0.6420     0.6909     0.0088  0.0874200  0.000e+00
       3046     34.770     6.8584   3.253662     0.6408     0.6897     0.0088  0.0874200  0.000e+00
       3047     34.828     6.8569   3.253422     0.6420     0.6897     0.0088  0.0874200  0.000e+00
       3048     34.828     6.8560   3.253411     0.6408     0.6884     0.0088  0.0874200  0.000e+00
       3049     34.828     6.8550   3.253411     0.6384     0.6884     0.0088  0.0874200  0.000e+00
       3050     34.885     6.8542   3.253382     0.6371     0.6872     0.0088  0.0874200  0.000e+00
       3051     34.828     6.8536   3.253148     0.6371     0.6872     0.0088  0.0874200  0.000e+00
       3052     34.951     6.8531   3.253165     0.6371     0.6860     0.0088  0.0874200  0.000e+00
       3053     34.885     6.8524   3.253085     0.6359     0.6848     0.0092  0.0869316  0.000e+00
       3054     34.951     6.8516   3.253005     0.6347     0.6848     0.0101  0.0869316  0.000e+00
       3055     35.009     6.8508   3.253125     0.6335     0.6836     0.0104  0.0869316  0.000e+00
       3056     35.017     6.8504   3.253102     0.6347     0.6836     0.0104  0.0869316  0.000e+00
       3057     35.009     6.8494   3.253010     0.6347     0.6823     0.0104  0.0869316  0.000e+00
       3058     35.009     6.8486   3.252879     0.6323     0.6811     0.0104  0.0869316  0.000e+00
       3059     35.075     6.8478   3.252885     0.6310     0.6811     0.0106  0.0869316  0.000e+00
       3060     35.133     6.8473   3.252833     0.6298     0.6811     0.0104  0.0869316  0.000e+00
       3061     35.075     6.8464   3.252702     0.6310     0.6799     0.0104  0.0869316  0.000e+00
       3062     35.141     6.8458   3.252667     0.6298     0.6787     0.0104  0.0869316  0.000e+00
       3063     35.133     6.8457   3.252616     0.6274     0.6787     0.0104  0.0864432  0.000e+00
       3064     35.190     6.8453   3.252650     0.6274     0.6774     0.0104  0.0869316  0.000e+00
       3065     35.190     6.8454   3.252684     0.6262     0.6774     0.0104  0.0869316  0.000e+00
       3066     35.190     6.8450   3.252519     0.6274     0.6762     0.0104  0.0869316  0.000e+00
       3067     35.256     6.8446   3.252524     0.6274     0.6762     0.0104  0.0869316  0.000e+00
       3068     35.256     6.8435   3.252433     0.6237     0.6750     0.0104  0.0869316  0.000e+00
       3069     35.314     6.8426   3.252484     0.6225     0.6738     0.0104  0.0864432  0.000e+00
       3070     35.314     6.8419   3.252427     0.6225     0.6738     0.0104  0.0869316  0.000e+00
       3071     35.314     6.8406   3.252376     0.6225     0.6726     0.0104  0.0869316  0.000e+00
       3072     35.380     6.8391   3.252387     0.6225     0.6726     0.0104  0.0869316  0.000e+00
       3073     35.380     6.8378   3.252221     0.6200     0.6713     0.0104  0.0869316  0.000e+00
       3074     35.380     6.8361   3.252141     0.6188     0.6713     0.0104  0.0869316  0.000e+00
       3075     35.438     6.8347   3.252238     0.6188     0.6701     0.0104  0.0869316  0.000e+00
       3076     35.438     6.8325   3.251964     0.6188     0.6689     0.0104  0.0869316  0.000e+00
       3077     35.504     6.8268   3.251707     0.6176     0.6689     0.0104  0.0864432  0.000e+00
       3078     35.504     6.8179   3.251415     0.6152     0.6677     0.0104  0.0864432  0.000e+00
       3079     35.504     6.8081   3.251181     0.6152     0.6665     0.0112  0.0869316  0.000e+00
       3080     35.504     6.7986   3.250946     0.6152     0.6665     0.0117  0.0874200  0.000e+00
       3081     35.504     6.7919   3.250580     0.6152     0.6665     0.0117  0.0874200  0.000e+00
       3082     35.685     6.7850   3.250432     0.6127     0.6652     0.0117  0.0874200  0.000e+00
       3083     35.619     6.7765   3.250100     0.6115     0.6640     0.0117  0.0869316  0.000e+00
       3084     35.619     6.7707   3.249672     0.6103     0.6628     0.0117  0.0874200  0.000e+00
       3085     35.619     6.7677   3.249489     0.6115     0.6628     0.0117  0.0874200  0.000e+00
       3086     35.685     6.7653   3.249289     0.6103     0.6616     0.0117  0.0874200  0.000e+00
       3087     35.743     6.7625   3.249111     0.6091     0.6604     0.0117  0.0874200  0.000e+00
       3088     35.685     6.7604   3.249146     0.6078     0.6604     0.0117  0.0874200  0.000e+00
       3089     35.743     6.7581   3.249014     0.6066     0.6591     0.0117  0.0874200  0.000e+00
       3090     35.743     6.7561   3.248820     0.6078     0.6579     0.0117  0.0874200  0.000e+00
       3091     35.809     6.7546   3.248780     0.6066     0.6567     0.0117  0.0874200  0.000e+00
       3092     35.867     6.7533   3.248763     0.6054     0.6567     0.0117  0.0874200  0.000e+00
       3093     35.809     6.7522   3.248511     0.6029     0.6555     0.0117  0.0874200  0.000e+00
       3094     35.867     6.7512   3.248466     0.6029     0.6555     0.0117  0.0874200  0.000e+00
       3095     35.867     6.7501   3.248574     0.6042     0.6542     0.0117  0.0874200  0.000e+00
       3096     35.933     6.7486   3.248408     0.6029     0.6530     0.0117  0.0874200  0.000e+00
       3097     35.867     6.7470   3.248225     0.6005     0.6530     0.0117  0.0874200  0.000e+00
       3098     35.990     6.7446   3.248151     0.5993     0.6518     0.0117  0.0874200  0.000e+00
       3099     35.990     6.7422   3.248111     0.5993     0.6506     0.0117  0.0874200  0.000e+00
       3100     35.990     6.7406   3.248031     0.5993     0.6506     0.0117  0.0874200  0.000e+00
       3101     35.990     6.7382   3.248014     0.5981     0.6494     0.0117  0.0874200  0.000e+00
       3102     36.056     6.7363   3.247968     0.5981     0.6481     0.0117  0.0874200  0.000e+00
       3103     36.048     6.7337   3.247688     0.5956     0.6481     0.0117  0.0874200  0.000e+00
       3104     36.114     6.7323   3.247597     0.5956     0.6469     0.0124  0.0874200  0.000e+00
       3105     36.114     6.7311   3.247580     0.5956     0.6469     0.0135  0.0874200  0.000e+00
       3106     36.114     6.7302   3.247483     0.5932     0.6457     0.0139  0.0874200  0.000e+00
       3107     36.180     6.7297   3.247471     0.5920     0.6445     0.0139  0.0874200  0.000e+00
       3108     36.172     6.7292   3.247460     0.5907     0.6433     0.0139  0.0874200  0.000e+00
       3109     36.172     6.7284   3.247431     0.5932     0.6433     0.0139  0.0874200  0.000e+00
       3110     36.238     6.7279   3.247340     0.5907     0.6420     0.0139  0.0874200  0.000e+00
       3111     36.238     6.7278   3.247237     0.5895     0.6420     0.0139  0.0874200  0.000e+00
       3112     36.295     6.7273   3.247260     0.5883     0.6408     0.0139  0.0874200  0.000e+00
       3113     36.295     6.7271   3.247323     0.5871     0.6396     0.0139  0.0874200  0.000e+00
       3114     36.295     6.7265   3.247288     0.5883     0.6396     0.0137  0.0869316  0.000e+00
       3115     36.295     6.7262   3.247117     0.5871     0.6384     0.0139  0.0874200  0.000e+00
       3116     36.419     6.7257   3.247048     0.5846     0.6371     0.0139  0.0874200  0.000e+00
       3117     36.361     6.7255   3.247151     0.5834     0.6359     0.0139  0.0874200  0.000e+00
       3118     36.419     6.7253   3.247100     0.5834     0.6359     0.0139  0.0874200  0.000e+00
       3119     36.419     6.7252   3.247043     0.5834     0.6347     0.0139  0.0874200  0.000e+00
       3120     36.477     6.7252   3.247020     0.5822     0.6347     0.0139  0.0874200  0.000e+00
       3121     36.419     6.7252   3.247014     0.5810     0.6335     0.0139  0.0874200  0.000e+00
       3122     36.543     6.7249   3.247071     0.5797     0.6335     0.0139  0.0874200  0.000e+00
       3123     36.477     6.7247   3.247008     0.5797     0.6323     0.0139  0.0874200  0.000e+00
       3124     36.543     6.7242   3.246934     0.5797     0.6323     0.0139  0.0874200  0.000e+00
       3125     36.600     6.7241   3.246968     0.5785     0.6310     0.0139  0.0874200  0.000e+00
       3126     36.609     6.7236   3.246957     0.5761     0.6310     0.0139  0.0874200  0.000e+00
       3127     36.600     6.7236   3.246928     0.5761     0.6298     0.0139  0.0874200  0.000e+00
       3128     36.600     6.7236   3.246900     0.5785     0.6286     0.0139  0.0874200  0.000e+00
       3129     36.666     6.7234   3.246848     0.5761     0.6286     0.0139  0.0869316  0.000e+00
       3130     36.666     6.7228   3.246854     0.5736     0.6274     0.0137  0.0874200  0.000e+00
       3131     36.724     6.7223   3.246791     0.5736     0.6274     0.0137  0.0874200  0.000e+00
       3132     36.724     6.7217   3.246728     0.5724     0.6262     0.0137  0.0874200  0.000e+00
       3133     36.724     6.7205   3.246626     0.5736     0.6262     0.0137  0.0874200  0.000e+00
       3134     36.782     6.7197   3.246546     0.5736     0.6249     0.0135  0.0874200  0.000e+00
       3135     36.790     6.7188   3.246711     0.5700     0.6249     0.0137  0.0874200  0.000e+00
       3136     36.782     6.7178   3.246706     0.5688     0.6237     0.0137  0.0874200  0.000e+00
       3137     36.848     6.7169   3.246511     0.5688     0.6237     0.0137  0.0874200  0.000e+00
       3138     36.848     6.7163   3.246448     0.5700     0.6225     0.0137  0.0874200  0.000e+00
       3139     36.848     6.7162   3.246586     0.5688     0.6225     0.0137  0.0874200  0.000e+00
       3140     36.914     6.7157   3.246517     0.5663     0.6213     0.0137  0.0874200  0.000e+00
       3141     36.905     6.7159   3.246346     0.5663     0.6200     0.0137  0.0874200  0.000e+00
       3142     36.848     6.7157   3.246368     0.5651     0.6200     0.0137  0.0874200  0.000e+00
       3143     36.905     6.7156   3.246408     0.5663     0.6188     0.0137  0.0869316  0.000e+00
       3144     36.914     6.7156   3.246551     0.5651     0.6188     0.0137  0.0874200  0.000e+00
       3145     36.971     6.7156   3.246374     0.5639     0.6188     0.0137  0.0874200  0.000e+00
       3146     36.905     6.7157   3.246340     0.5639     0.6176     0.0137  0.0874200  0.000e+00
       3147     36.971     6.7170   3.246471     0.5626     0.6176     0.0137  0.0874200  0.000e+00
       3148     36.971     6.7390   3.247197     0.5639     0.6164     0.0137  0.0874200  0.000e+00
       3149     36.914     6.8032   3.249649     0.5614     0.6164     0.0137  0.0874200  0.000e+00
       3150     36.971     6.8707   3.253428     0.5602     0.6152     0.0137  0.0874200  0.000e+00
       3151     36.971     6.9253   3.256912     0.5590     0.6152     0.0135  0.0874200  0.000e+00
       3152     36.971     6.9547   3.259207     0.5590     0.6139     0.0137  0.0874200  0.000e+00
       3153     36.971     6.9659   3.260208     0.5590     0.6139     0.0137  0.0869316  0.000e+00
       3154     36.971     6.9701   3.260580     0.5578     0.6139     0.0137  0.0874200  0.000e+00
       3155     37.029     6.9741   3.260890     0.5565     0.6127     0.0135  0.0874200  0.000e+00
       3156     36.971     6.9738   3.261141     0.5553     0.6115     0.0132  0.0879084  0.000e+00
       3157     36.971     6.9706   3.261164     0.5565     0.6115     0.0132  0.0879084  0.000e+00
       3158     36.971     6.9751   3.261370     0.5565     0.6115     0.0132  0.0879084  0.000e+00
       3159     36.971     6.9817   3.261662     0.5541     0.6103     0.0132  0.0879084  0.000e+00
       3160     36.971     6.9881   3.262012     0.5541     0.6103     0.0132  0.0879084  0.000e+00
       3161     36.971     6.9945   3.262275     0.5529     0.6091     0.0132  0.0879084  0.000e+00
       3162     36.971     7.0008   3.262641     0.5541     0.6091     0.0132  0.0879084  0.000e+00
       3163     36.971     7.0067   3.262853     0.5541     0.6091     0.0132  0.0879084  0.000e+00
       3164     36.971     7.0111   3.262968     0.5517     0.6078     0.0132  0.0879084  0.000e+00
       3165     36.905     7.0125   3.263094     0.5504     0.6078     0.0132  0.0879084  0.000e+00
       3166     37.029     7.0077   3.262813     0.5504     0.6078     0.0132  0.0879084  0.000e+00
       3167     36.914     6.9914   3.262143     0.5517     0.6066     0.0132  0.0879084  0.000e+00
       3168     37.029     6.9778   3.261325     0.5492     0.6066     0.0132  0.0879084  0.000e+00
       3169     36.905     6.9683   3.260649     0.5480     0.6054     0.0132  0.0879084  0.000e+00
       3170     36.971     6.9594   3.260140     0.5492     0.6054     0.0132  0.0879084  0.000e+00
       3171     36.971     6.9529   3.259665     0.5492     0.6054     0.0132  0.0874200  0.000e+00
       3172     36.971     6.9481   3.259281     0.5492     0.6042     0.0132  0.0874200  0.000e+00
       3173     36.971     6.9399   3.258966     0.5468     0.6042     0.0132  0.0879084  0.000e+00
       3174     36.971     6.9286   3.258429     0.5455     0.6042     0.0132  0.0879084  0.000e+00
       3175     36.971     6.9194   3.257936     0.5443     0.6030     0.0132  0.0879084  0.000e+00
       3176     36.971     6.9138   3.257542     0.5455     0.6030     0.0132  0.0879084  0.000e+00
       3177     36.971     6.9111   3.257330     0.5455     0.6017     0.0132  0.0879084  0.000e+00
       3178     36.971     6.9070   3.257078     0.5443     0.6017     0.0132  0.0879084  0.000e+00
       3179     36.905     6.8992   3.256643     0.5431     0.6017     0.0132  0.0879084  0.000e+00
       3180     36.971     6.8920   3.256088     0.5419     0.6005     0.0132  0.0879084  0.000e+00
       3181     36.905     6.8863   3.255705     0.5431     0.6005     0.0130  0.0874200  0.000e+00
       3182     37.029     6.8778   3.255282     0.5419     0.6005     0.0130  0.0874200  0.000e+00
       3183     36.905     6.8685   3.254933     0.5394     0.5993     0.0128  0.0874200  0.000e+00
       3184     36.971     6.8622   3.254515     0.5394     0.5993     0.0130  0.0874200  0.000e+00
       3185     36.971     6.8560   3.253966     0.5394     0.5993     0.0130  0.0874200  0.000e+00
       3186     36.971     6.8474   3.253457     0.5407     0.5993     0.0130  0.0874200  0.000e+00
       3187     36.971     6.8372   3.253257     0.5394     0.5981     0.0130  0.0874200  0.000e+00
       3188     36.905     6.8297   3.252937     0.5382     0.5981     0.0130  0.0874200  0.000e+00
       3189     36.971     6.8197   3.252685     0.5370     0.5981     0.0130  0.0874200  0.000e+00
       3190     36.905     6.8101   3.252216     0.5370     0.5968     0.0130  0.0874200  0.000e+00
       3191     37.029     6.8027   3.251650     0.5394     0.5968     0.0130  0.0874200  0.000e+00
       3192     36.905     6.7986   3.251376     0.5370     0.5968     0.0130  0.0874200  0.000e+00
       3193     36.971     6.7949   3.250935     0.5358     0.5956     0.0130  0.0874200  0.000e+00
       3194     36.971     6.7930   3.250598     0.5346     0.5956     0.0130  0.0874200  0.000e+00
       3195     36.971     6.7902   3.250352     0.5358     0.5956     0.0130  0.0874200  0.000e+00
       3196     36.905     6.7880   3.250215     0.5358     0.5956     0.0130  0.0874200  0.000e+00
       3197     36.971     6.7861   3.250181     0.5346     0.5956     0.0130  0.0874200  0.000e+00
       3198     36.971     6.7837   3.250066     0.5346     0.5956     0.0130  0.0874200  0.000e+00
       3199     36.971     6.7863   3.250084     0.5333     0.5944     0.0130  0.0874200  0.000e+00
       3200     36.971     6.7909   3.250335     0.5333     0.5944     0.0130  0.0874200  0.000e+00
