code/data/2021/ctd_data_day2/station3_ctm_fil.cnv
* Sea-Bird SBE 9 Data File:
* FileName = C:\Users\CTD-User\Desktop\MAR440\day2\station3.hex
* Software Version Seasave V 7.26.2.13
* Temperature SN = 6313
* Conductivity SN = 4758
* Number of Bytes Per Scan = 37
* Number of Voltage Words = 4
* Number of Scans Averaged by the Deck Unit = 1
* NMEA Latitude = 58 19.70 N
* NMEA Longitude = 011 51.29 E
* NMEA UTC (Time) = Sep 22 2021 09:36:18
* NMEA baud rate = 4800
** Ship: Skagerrak
** Station: station3
** Operator: group2purple
# nquan = 9
# nvalues = 3261                        
# units = specified
# name 0 = scan: Scan Count
# name 1 = prDM: Pressure, Digiquartz [db]
# name 2 = t090C: Temperature [ITS-90, deg C]
# name 3 = c0S/m: Conductivity [S/m]
# name 4 = sbeox0V: Oxygen raw, SBE 43 [V]
# name 5 = sbeox1V: Oxygen raw, SBE 43, 2 [V]
# name 6 = flECO-AFL: Fluorescence, WET Labs ECO-AFL/FL [mg/m^3]
# name 7 = upoly0: Upoly 0, Turbidity
# name 8 = flag:  0.000e+00
# span 0 =          1,       3261       
# span 1 =      0.798,     17.164       
# span 2 =    10.5794,    16.1805       
# span 3 =   2.674562,   3.477897       
# span 4 =     1.0037,     2.9284       
# span 5 =     1.0402,     2.8631       
# span 6 =     0.0035,     0.0081       
# span 7 =  0.0885866,  0.2372454       
# span 8 = 0.0000e+00, 0.0000e+00       
# interval = seconds: 0.0416667
# start_time = Sep 22 2021 09:36:18 [NMEA time, header]
# bad_flag = -9.990e-29
*END*
[from data line 2561]
       2562      5.059    15.2794   2.975194     2.7745     2.7042     0.0055  0.1729721 0.0000e+00
       2563      5.081    15.2801   2.975214     2.7735     2.7034     0.0053  0.1729658 0.0000e+00
       2564      5.102    15.2808   2.975236     2.7726     2.7026     0.0053  0.1729626 0.0000e+00
       2565      5.124    15.2817   2.975268     2.7716     2.7018     0.0053  0.1729633 0.0000e+00
       2566      5.145    15.2823   2.975299     2.7707     2.7010     0.0053  0.1729679 0.0000e+00
       2567      5.167    15.2827   2.975304     2.7698     2.7003     0.0053  0.1729764 0.0000e+00
       2568      5.188    15.2826   2.975258     2.7688     2.6996     0.0053  0.1729881 0.0000e+00
       2569      5.210    15.2821   2.975144     2.7680     2.6988     0.0053  0.1730013 0.0000e+00
       2570      5.231    15.2811   2.974950     2.7672     2.6981     0.0053  0.1730161 0.0000e+00
       2571      5.253    15.2795   2.974668     2.7664     2.6974     0.0053  0.1730343 0.0000e+00
       2572      5.274    15.2772   2.974288     2.7656     2.6968     0.0053  0.1730570 0.0000e+00
       2573      5.296    15.2743   2.973799     2.7648     2.6961     0.0053  0.1730833 0.0000e+00
       2574      5.317    15.2708   2.973194     2.7640     2.6954     0.0053  0.1731110 0.0000e+00
       2575      5.339    15.2668   2.972473     2.7633     2.6948     0.0053  0.1731369 0.0000e+00
       2576      5.361    15.2624   2.971648     2.7626     2.6942     0.0053  0.1731593 0.0000e+00
       2577      5.382    15.2576   2.970733     2.7619     2.6935     0.0053  0.1731786 0.0000e+00
       2578      5.404    15.2525   2.969745     2.7612     2.6929     0.0053  0.1731930 0.0000e+00
       2579      5.425    15.2474   2.968705     2.7606     2.6923     0.0053  0.1732019 0.0000e+00
       2580      5.447    15.2423   2.967641     2.7600     2.6918     0.0053  0.1732079 0.0000e+00
       2581      5.468    15.2372   2.966572     2.7594     2.6912     0.0053  0.1732110 0.0000e+00
       2582      5.490    15.2323   2.965514     2.7588     2.6906     0.0053  0.1732078 0.0000e+00
       2583      5.512    15.2275   2.964477     2.7582     2.6901     0.0053  0.1731984 0.0000e+00
       2584      5.533    15.2229   2.963462     2.7577     2.6895     0.0053  0.1731860 0.0000e+00
       2585      5.555    15.2183   2.962466     2.7571     2.6890     0.0053  0.1731706 0.0000e+00
       2586      5.577    15.2138   2.961478     2.7566     2.6885     0.0053  0.1731503 0.0000e+00
       2587      5.598    15.2094   2.960494     2.7560     2.6879     0.0053  0.1731267 0.0000e+00
       2588      5.620    15.2050   2.959512     2.7555     2.6874     0.0053  0.1730997 0.0000e+00
       2589      5.642    15.2008   2.958533     2.7550     2.6869     0.0053  0.1730673 0.0000e+00
       2590      5.663    15.1967   2.957560     2.7545     2.6864     0.0053  0.1730294 0.0000e+00
       2591      5.685    15.1927   2.956595     2.7540     2.6859     0.0053  0.1729857 0.0000e+00
       2592      5.707    15.1888   2.955635     2.7536     2.6854     0.0053  0.1729358 0.0000e+00
       2593      5.728    15.1850   2.954685     2.7531     2.6849     0.0053  0.1728795 0.0000e+00
       2594      5.750    15.1815   2.953758     2.7526     2.6844     0.0053  0.1728179 0.0000e+00
       2595      5.772    15.1783   2.952885     2.7522     2.6839     0.0053  0.1727508 0.0000e+00
       2596      5.793    15.1757   2.952096     2.7517     2.6834     0.0053  0.1726759 0.0000e+00
       2597      5.815    15.1735   2.951410     2.7512     2.6830     0.0055  0.1725945 0.0000e+00
       2598      5.837    15.1719   2.950828     2.7507     2.6825     0.0053  0.1725075 0.0000e+00
       2599      5.858    15.1706   2.950346     2.7501     2.6820     0.0055  0.1724171 0.0000e+00
       2600      5.880    15.1698   2.949967     2.7496     2.6816     0.0055  0.1723285 0.0000e+00
       2601      5.902    15.1697   2.949708     2.7491     2.6811     0.0055  0.1722453 0.0000e+00
       2602      5.924    15.1704   2.949592     2.7486     2.6807     0.0053  0.1721678 0.0000e+00
       2603      5.945    15.1719   2.949638     2.7481     2.6803     0.0055  0.1720955 0.0000e+00
       2604      5.967    15.1742   2.949853     2.7476     2.6799     0.0055  0.1720278 0.0000e+00
       2605      5.989    15.1774   2.950239     2.7470     2.6795     0.0055  0.1719644 0.0000e+00
       2606      6.011    15.1814   2.950792     2.7465     2.6791     0.0055  0.1719047 0.0000e+00
       2607      6.032    15.1862   2.951504     2.7460     2.6787     0.0055  0.1718483 0.0000e+00
       2608      6.054    15.1917   2.952368     2.7454     2.6783     0.0055  0.1717949 0.0000e+00
       2609      6.076    15.1982   2.953383     2.7449     2.6779     0.0053  0.1717440 0.0000e+00
       2610      6.098    15.2054   2.954552     2.7444     2.6776     0.0055  0.1716954 0.0000e+00
       2611      6.120    15.2136   2.955878     2.7439     2.6773     0.0055  0.1716486 0.0000e+00
       2612      6.142    15.2226   2.957370     2.7433     2.6769     0.0055  0.1716035 0.0000e+00
       2613      6.163    15.2326   2.959034     2.7427     2.6767     0.0055  0.1715595 0.0000e+00
       2614      6.185    15.2437   2.960879     2.7422     2.6764     0.0055  0.1715165 0.0000e+00
       2615      6.207    15.2558   2.962913     2.7417     2.6761     0.0055  0.1714741 0.0000e+00
       2616      6.229    15.2691   2.965146     2.7411     2.6759     0.0055  0.1714321 0.0000e+00
       2617      6.250    15.2836   2.967588     2.7406     2.6757     0.0055  0.1713901 0.0000e+00
       2618      6.272    15.2994   2.970255     2.7401     2.6755     0.0055  0.1713479 0.0000e+00
       2619      6.294    15.3166   2.973160     2.7396     2.6753     0.0055  0.1713051 0.0000e+00
       2620      6.316    15.3353   2.976319     2.7390     2.6751     0.0055  0.1712615 0.0000e+00
       2621      6.338    15.3554   2.979746     2.7385     2.6750     0.0053  0.1712168 0.0000e+00
       2622      6.360    15.3773   2.983459     2.7380     2.6749     0.0055  0.1711706 0.0000e+00
       2623      6.382    15.4008   2.987475     2.7374     2.6748     0.0055  0.1711227 0.0000e+00
       2624      6.404    15.4262   2.991806     2.7369     2.6748     0.0053  0.1710709 0.0000e+00
       2625      6.426    15.4530   2.996426     2.7365     2.6748     0.0053  0.1710108 0.0000e+00
       2626      6.448    15.4806   3.001262     2.7361     2.6748     0.0053  0.1709376 0.0000e+00
       2627      6.470    15.5085   3.006219     2.7356     2.6748     0.0053  0.1708482 0.0000e+00
       2628      6.492    15.5362   3.011218     2.7353     2.6748     0.0053  0.1707421 0.0000e+00
       2629      6.514    15.5634   3.016193     2.7349     2.6749     0.0053  0.1706193 0.0000e+00
       2630      6.535    15.5900   3.021091     2.7346     2.6750     0.0053  0.1704782 0.0000e+00
       2631      6.557    15.6156   3.025865     2.7343     2.6751     0.0053  0.1703178 0.0000e+00
       2632      6.579    15.6402   3.030481     2.7340     2.6753     0.0053  0.1701386 0.0000e+00
       2633      6.601    15.6637   3.034916     2.7338     2.6755     0.0053  0.1699395 0.0000e+00
       2634      6.623    15.6858   3.039159     2.7335     2.6757     0.0053  0.1697181 0.0000e+00
       2635      6.645    15.7066   3.043207     2.7333     2.6759     0.0053  0.1694738 0.0000e+00
       2636      6.667    15.7262   3.047062     2.7331     2.6761     0.0053  0.1692057 0.0000e+00
       2637      6.689    15.7445   3.050733     2.7330     2.6764     0.0053  0.1689112 0.0000e+00
       2638      6.711    15.7617   3.054232     2.7329     2.6767     0.0053  0.1685873 0.0000e+00
       2639      6.734    15.7779   3.057573     2.7329     2.6771     0.0053  0.1682317 0.0000e+00
       2640      6.756    15.7932   3.060773     2.7329     2.6774     0.0053  0.1678420 0.0000e+00
       2641      6.777    15.8077   3.063851     2.7330     2.6778     0.0053  0.1674173 0.0000e+00
       2642      6.799    15.8215   3.066824     2.7330     2.6782     0.0053  0.1669553 0.0000e+00
       2643      6.821    15.8346   3.069711     2.7331     2.6787     0.0053  0.1664503 0.0000e+00
       2644      6.844    15.8472   3.072530     2.7332     2.6792     0.0055  0.1658980 0.0000e+00
       2645      6.866    15.8594   3.075297     2.7334     2.6797     0.0053  0.1652961 0.0000e+00
       2646      6.888    15.8713   3.078025     2.7336     2.6802     0.0053  0.1646406 0.0000e+00
       2647      6.909    15.8828   3.080720     2.7339     2.6808     0.0053  0.1639260 0.0000e+00
       2648      6.931    15.8940   3.083386     2.7342     2.6814     0.0053  0.1631482 0.0000e+00
       2649      6.953    15.9049   3.086023     2.7346     2.6820     0.0053  0.1623052 0.0000e+00
       2650      6.976    15.9154   3.088631     2.7349     2.6827     0.0049  0.1614166 0.0000e+00
       2651      6.998    15.9261   3.091215     2.7354     2.6834     0.0048  0.1605289 0.0000e+00
       2652      7.020    15.9375   3.093777     2.7358     2.6840     0.0048  0.1596757 0.0000e+00
       2653      7.042    15.9490   3.096316     2.7363     2.6847     0.0048  0.1588607 0.0000e+00
       2654      7.064    15.9602   3.098829     2.7368     2.6854     0.0048  0.1580754 0.0000e+00
       2655      7.086    15.9710   3.101311     2.7374     2.6861     0.0048  0.1573128 0.0000e+00
       2656      7.108    15.9813   3.103758     2.7380     2.6868     0.0048  0.1565675 0.0000e+00
       2657      7.130    15.9912   3.106163     2.7385     2.6874     0.0048  0.1558343 0.0000e+00
       2658      7.152    16.0006   3.108516     2.7391     2.6881     0.0048  0.1551083 0.0000e+00
       2659      7.174    16.0096   3.110809     2.7397     2.6887     0.0048  0.1543851 0.0000e+00
       2660      7.196    16.0182   3.113032     2.7403     2.6893     0.0048  0.1536606 0.0000e+00
       2661      7.218    16.0263   3.115177     2.7409     2.6899     0.0048  0.1529288 0.0000e+00
       2662      7.240    16.0339   3.117239     2.7415     2.6904     0.0048  0.1521840 0.0000e+00
       2663      7.262    16.0411   3.119216     2.7420     2.6909     0.0048  0.1514208 0.0000e+00
       2664      7.284    16.0480   3.121109     2.7426     2.6914     0.0048  0.1506339 0.0000e+00
       2665      7.306    16.0544   3.122917     2.7431     2.6918     0.0048  0.1498179 0.0000e+00
       2666      7.328    16.0604   3.124641     2.7436     2.6922     0.0048  0.1489672 0.0000e+00
       2667      7.350    16.0661   3.126280     2.7440     2.6925     0.0048  0.1480757 0.0000e+00
       2668      7.372    16.0714   3.127836     2.7445     2.6928     0.0048  0.1471373 0.0000e+00
       2669      7.394    16.0764   3.129311     2.7449     2.6930     0.0048  0.1461455 0.0000e+00
       2670      7.416    16.0811   3.130709     2.7453     2.6932     0.0048  0.1450933 0.0000e+00
       2671      7.438    16.0855   3.132035     2.7457     2.6934     0.0048  0.1439735 0.0000e+00
       2672      7.460    16.0896   3.133295     2.7461     2.6935     0.0048  0.1427782 0.0000e+00
       2673      7.482    16.0935   3.134493     2.7464     2.6937     0.0048  0.1415000 0.0000e+00
       2674      7.503    16.0972   3.135634     2.7467     2.6938     0.0048  0.1401309 0.0000e+00
       2675      7.525    16.1006   3.136722     2.7471     2.6938     0.0046  0.1386842 0.0000e+00
       2676      7.547    16.1038   3.137763     2.7474     2.6939     0.0042  0.1372272 0.0000e+00
       2677      7.569    16.1068   3.138762     2.7477     2.6940     0.0042  0.1358414 0.0000e+00
       2678      7.591    16.1097   3.139723     2.7481     2.6941     0.0042  0.1345615 0.0000e+00
       2679      7.613    16.1124   3.140652     2.7484     2.6942     0.0042  0.1333844 0.0000e+00
       2680      7.635    16.1150   3.141551     2.7489     2.6944     0.0042  0.1323003 0.0000e+00
       2681      7.657    16.1174   3.142425     2.7493     2.6946     0.0042  0.1312999 0.0000e+00
       2682      7.679    16.1197   3.143277     2.7498     2.6949     0.0042  0.1303755 0.0000e+00
       2683      7.700    16.1219   3.144108     2.7504     2.6953     0.0042  0.1295213 0.0000e+00
       2684      7.722    16.1240   3.144920     2.7500     2.6945     0.0079  0.1287002 0.0000e+00
       2685      7.744    16.1261   3.145717     2.7476     2.6915     0.0042  0.1278740 0.0000e+00
       2686      7.766    16.1285   3.146503     2.7443     2.6875     0.0042  0.1270693 0.0000e+00
       2687      7.788    16.1310   3.147279     2.7410     2.6835     0.0042  0.1263128 0.0000e+00
       2688      7.810    16.1335   3.148050     2.7378     2.6795     0.0042  0.1255992 0.0000e+00
       2689      7.832    16.1358   3.148819     2.7346     2.6757     0.0042  0.1249236 0.0000e+00
       2690      7.854    16.1380   3.149587     2.7315     2.6719     0.0042  0.1242803 0.0000e+00
       2691      7.875    16.1401   3.150358     2.7284     2.6682     0.0042  0.1236642 0.0000e+00
       2692      7.897    16.1421   3.151135     2.7253     2.6645     0.0042  0.1230717 0.0000e+00
       2693      7.919    16.1439   3.151919     2.7223     2.6608     0.0042  0.1225004 0.0000e+00
       2694      7.941    16.1457   3.152713     2.7193     2.6571     0.0042  0.1219473 0.0000e+00
       2695      7.962    16.1474   3.153520     2.7163     2.6535     0.0042  0.1214066 0.0000e+00
       2696      7.984    16.1490   3.154342     2.7134     2.6499     0.0042  0.1208723 0.0000e+00
       2697      8.006    16.1506   3.155183     2.7103     2.6462     0.0044  0.1203396 0.0000e+00
       2698      8.028    16.1522   3.156047     2.7068     2.6426     0.0042  0.1198057 0.0000e+00
       2699      8.049    16.1536   3.156937     2.7031     2.6390     0.0040  0.1192686 0.0000e+00
       2700      8.071    16.1550   3.157857     2.6995     2.6354     0.0044  0.1187263 0.0000e+00
       2701      8.093    16.1564   3.158808     2.6958     2.6318     0.0053  0.1181852 0.0000e+00
       2702      8.115    16.1578   3.159794     2.6922     2.6282     0.0057  0.1176636 0.0000e+00
       2703      8.137    16.1591   3.160818     2.6886     2.6245     0.0057  0.1171757 0.0000e+00
       2704      8.158    16.1606   3.161881     2.6850     2.6209     0.0057  0.1167232 0.0000e+00
       2705      8.180    16.1621   3.162987     2.6813     2.6173     0.0057  0.1163022 0.0000e+00
       2706      8.202    16.1638   3.164136     2.6777     2.6136     0.0057  0.1159088 0.0000e+00
       2707      8.223    16.1654   3.165328     2.6740     2.6100     0.0057  0.1155403 0.0000e+00
       2708      8.245    16.1669   3.166565     2.6704     2.6063     0.0057  0.1151941 0.0000e+00
       2709      8.266    16.1684   3.167847     2.6666     2.6026     0.0055  0.1148679 0.0000e+00
       2710      8.288    16.1698   3.169179     2.6629     2.5989     0.0055  0.1145593 0.0000e+00
       2711      8.310    16.1712   3.170561     2.6592     2.5953     0.0057  0.1142663 0.0000e+00
       2712      8.332    16.1726   3.171994     2.6555     2.5916     0.0057  0.1139867 0.0000e+00
       2713      8.353    16.1739   3.173477     2.6518     2.5879     0.0057  0.1137187 0.0000e+00
       2714      8.375    16.1751   3.175004     2.6481     2.5842     0.0057  0.1134604 0.0000e+00
       2715      8.397    16.1763   3.176569     2.6443     2.5805     0.0057  0.1132099 0.0000e+00
       2716      8.418    16.1773   3.178168     2.6406     2.5768     0.0057  0.1129664 0.0000e+00
       2717      8.440    16.1782   3.179795     2.6368     2.5730     0.0057  0.1127291 0.0000e+00
       2718      8.461    16.1790   3.181444     2.6330     2.5693     0.0057  0.1124954 0.0000e+00
       2719      8.483    16.1795   3.183111     2.6292     2.5656     0.0057  0.1122628 0.0000e+00
       2720      8.504    16.1800   3.184790     2.6254     2.5619     0.0057  0.1120298 0.0000e+00
