code/data/2021/ctd_data_day2/station5_ctm.cnv
* Sea-Bird SBE 9 Data File:
* FileName = C:\Users\CTD-User\Desktop\MAR440\day2\station5.hex
* Software Version Seasave V 7.26.2.13
* Temperature SN = 6313
* Conductivity SN = 4758
* Number of Bytes Per Scan = 37
* Number of Voltage Words = 4
* Number of Scans Averaged by the Deck Unit = 1
* NMEA Latitude = 58 19.20 N
* NMEA Longitude = 011 48.71 E
* NMEA UTC (Time) = Sep 22 2021 10:20:22
* NMEA baud rate = 4800
** Ship: Skagerrak
** Station: station5
** Operator: group2blu
# nquan = 9
# nvalues = 5019                        
# units = specified
# name 0 = scan: Scan Count
# name 1 = prDM: Pressure, Digiquartz [db]
# name 2 = t090C: Temperature [ITS-90, deg C]
# name 3 = c0S/m: Conductivity [S/m]
# name 4 = sbeox0V: Oxygen raw, SBE 43 [V]
# name 5 = sbeox1V: Oxygen raw, SBE 43, 2 [V]
# name 6 = flECO-AFL: Fluorescence, WET Labs ECO-AFL/FL [mg/m^3]
# name 7 = upoly0: Upoly 0, Turbidity
# name 8 = flag:  0.000e+00
# span 0 =          1,       5019       
# span 1 =      0.359,     26.579       
# span 2 =    11.2578,    16.2563       
# span 3 =  -0.000972,   3.804915       
# span 4 =     0.9253,     2.9597       
# span 5 =     1.0182,     2.8608       
# span 6 =     0.0020,     0.0522       
# span 7 =  0.0800940,  0.1792393       
# span 8 = 0.0000e+00, 0.0000e+00       
# interval = seconds: 0.0416667
# start_time = Sep 22 2021 10:20:22 [NMEA time, header]
# bad_flag = -9.990e-29
*END*
[from data line 2401]
       2402      9.950    16.2092   3.410763     1.8986     1.9170     0.0040  0.0996300 0.0000e+00
       2403      9.982    16.2092   3.410796     1.8986     1.9157     0.0040  0.0996300 0.0000e+00
       2404      9.949    16.2093   3.410602     1.8999     1.9157     0.0040  0.0991416 0.0000e+00
       2405      9.949    16.2100   3.410352     1.8986     1.9157     0.0040  0.0996300 0.0000e+00
       2406      9.925    16.2105   3.410277     1.8974     1.9157     0.0040  0.0996300 0.0000e+00
       2407      9.949    16.2109   3.410306     1.8962     1.9145     0.0040  0.0991416 0.0000e+00
       2408      9.883    16.2116   3.410137     1.8962     1.9145     0.0040  0.0996300 0.0000e+00
       2409      9.867    16.2122   3.409963     1.8974     1.9145     0.0040  0.0996300 0.0000e+00
       2410      9.949    16.2124   3.409875     1.8962     1.9145     0.0040  0.0996300 0.0000e+00
       2411      9.825    16.2127   3.409792     1.8950     1.9145     0.0040  0.0996300 0.0000e+00
       2412      9.867    16.2136   3.409560     1.8950     1.9145     0.0040  0.0991416 0.0000e+00
       2413      9.825    16.2151   3.408953     1.8950     1.9145     0.0040  0.0991416 0.0000e+00
       2414      9.768    16.2161   3.408075     1.8974     1.9145     0.0040  0.1001184 0.0000e+00
       2415      9.801    16.2163   3.407474     1.8950     1.9145     0.0042  0.1006068 0.0000e+00
       2416      9.767    16.2158   3.407651     1.8938     1.9145     0.0042  0.1010952 0.0000e+00
       2417      9.767    16.2165   3.408117     1.8938     1.9145     0.0042  0.1010952 0.0000e+00
       2418      9.800    16.2178   3.407986     1.8950     1.9145     0.0042  0.1010952 0.0000e+00
       2419      9.701    16.2192   3.407169     1.8974     1.9145     0.0042  0.1010952 0.0000e+00
       2420      9.701    16.2226   3.405905     1.8950     1.9133     0.0040  0.1006068 0.0000e+00
       2421      9.677    16.2234   3.404770     1.8950     1.9145     0.0042  0.1006068 0.0000e+00
       2422      9.644    16.2226   3.404585     1.8950     1.9145     0.0042  0.1010952 0.0000e+00
       2423      9.701    16.2219   3.405069     1.8962     1.9145     0.0042  0.1010952 0.0000e+00
       2424      9.578    16.2219   3.405218     1.8962     1.9145     0.0042  0.1010952 0.0000e+00
       2425      9.619    16.2223   3.405276     1.8974     1.9145     0.0042  0.1010952 0.0000e+00
       2426      9.577    16.2224   3.405234     1.8950     1.9145     0.0042  0.1006068 0.0000e+00
       2427      9.577    16.2228   3.405419     1.8974     1.9145     0.0040  0.1010952 0.0000e+00
       2428      9.553    16.2224   3.405503     1.8974     1.9157     0.0042  0.1010952 0.0000e+00
       2429      9.454    16.2224   3.405536     1.8974     1.9157     0.0042  0.1010952 0.0000e+00
       2430      9.520    16.2224   3.405313     1.8974     1.9157     0.0042  0.1006068 0.0000e+00
       2431      9.495    16.2234   3.404820     1.8974     1.9157     0.0042  0.1010952 0.0000e+00
       2432      9.454    16.2257   3.403919     1.8974     1.9157     0.0042  0.1010952 0.0000e+00
       2433      9.453    16.2274   3.402439     1.8999     1.9157     0.0042  0.1006068 0.0000e+00
       2434      9.371    16.2234   3.399879     1.8986     1.9170     0.0042  0.1010952 0.0000e+00
       2435      9.396    16.2141   3.395094     1.8986     1.9170     0.0042  0.1010952 0.0000e+00
       2436      9.396    16.2119   3.390841     1.8986     1.9170     0.0042  0.1006068 0.0000e+00
       2437      9.313    16.2100   3.388693     1.8999     1.9170     0.0042  0.1010952 0.0000e+00
       2438      9.338    16.1983   3.384824     1.9023     1.9182     0.0042  0.1010952 0.0000e+00
       2439      9.338    16.1831   3.377959     1.8999     1.9182     0.0042  0.1010952 0.0000e+00
       2440      9.247    16.1706   3.371000     1.8999     1.9182     0.0042  0.1010952 0.0000e+00
       2441      9.272    16.1636   3.366091     1.8999     1.9182     0.0042  0.1006068 0.0000e+00
       2442      9.214    16.1655   3.364104     1.9011     1.9182     0.0042  0.1010952 0.0000e+00
       2443      9.247    16.1651   3.363220     1.9023     1.9194     0.0042  0.1010952 0.0000e+00
       2444      9.148    16.1602   3.360681     1.9023     1.9194     0.0042  0.1006068 0.0000e+00
       2445      9.214    16.1461   3.355021     1.8999     1.9206     0.0042  0.1010952 0.0000e+00
       2446      9.131    16.1398   3.348342     1.9011     1.9206     0.0042  0.1010952 0.0000e+00
       2447      9.148    16.1403   3.344314     1.9023     1.9206     0.0042  0.1006068 0.0000e+00
       2448      9.032    16.1378   3.342414     1.9023     1.9218     0.0042  0.1010952 0.0000e+00
       2449      9.131    16.1413   3.343103     1.9023     1.9218     0.0042  0.1010952 0.0000e+00
       2450      9.032    16.1468   3.346263     1.9023     1.9218     0.0042  0.1006068 0.0000e+00
       2451      9.090    16.1495   3.349038     1.9011     1.9218     0.0042  0.1010952 0.0000e+00
       2452      8.941    16.1492   3.349985     1.9035     1.9231     0.0042  0.1010952 0.0000e+00
       2453      9.032    16.1429   3.348959     1.9023     1.9231     0.0042  0.1010952 0.0000e+00
       2454      8.966    16.1271   3.344688     1.9023     1.9243     0.0042  0.1010952 0.0000e+00
       2455      8.941    16.1096   3.337570     1.9023     1.9243     0.0042  0.1006068 0.0000e+00
       2456      8.908    16.0962   3.330404     1.9023     1.9255     0.0042  0.1010952 0.0000e+00
       2457      8.908    16.0809   3.323785     1.9047     1.9255     0.0042  0.1006068 0.0000e+00
       2458      8.883    16.0306   3.310814     1.9035     1.9267     0.0042  0.1010952 0.0000e+00
       2459      8.842    15.9665   3.285541     1.9023     1.9267     0.0042  0.1006068 0.0000e+00
       2460      8.842    15.9203   3.257538     1.9023     1.9279     0.0042  0.1010952 0.0000e+00
       2461      8.817    15.8969   3.238728     1.9035     1.9279     0.0042  0.1010952 0.0000e+00
       2462      8.718    15.8833   3.228868     1.9060     1.9279     0.0042  0.1010952 0.0000e+00
       2463      8.842    15.8755   3.222902     1.9035     1.9292     0.0042  0.1006068 0.0000e+00
       2464      8.702    15.8868   3.223555     1.9035     1.9304     0.0042  0.1010952 0.0000e+00
       2465      8.718    15.9048   3.231221     1.9035     1.9304     0.0042  0.1010952 0.0000e+00
       2466      8.661    15.9214   3.240041     1.9047     1.9316     0.0044  0.1006068 0.0000e+00
       2467      8.702    15.9322   3.246206     1.9072     1.9328     0.0044  0.1006068 0.0000e+00
       2468      8.660    15.9328   3.248030     1.9047     1.9328     0.0044  0.1006068 0.0000e+00
       2469      8.603    15.9262   3.244744     1.9047     1.9340     0.0044  0.1006068 0.0000e+00
       2470      8.636    15.9232   3.240188     1.9047     1.9353     0.0044  0.1006068 0.0000e+00
       2471      8.537    15.9286   3.238397     1.9060     1.9353     0.0044  0.1006068 0.0000e+00
       2472      8.603    15.9374   3.240051     1.9072     1.9365     0.0044  0.1006068 0.0000e+00
       2473      8.512    15.9471   3.243012     1.9072     1.9377     0.0044  0.1006068 0.0000e+00
       2474      8.479    15.9593   3.246245     1.9060     1.9389     0.0044  0.1001184 0.0000e+00
       2475      8.578    15.9794   3.251490     1.9072     1.9402     0.0044  0.1006068 0.0000e+00
       2476      8.413    15.9986   3.258512     1.9072     1.9414     0.0044  0.1006068 0.0000e+00
       2477      8.479    16.0139   3.264489     1.9072     1.9426     0.0044  0.1006068 0.0000e+00
       2478      8.388    16.0172   3.267334     1.9072     1.9438     0.0044  0.1006068 0.0000e+00
       2479      8.413    16.0144   3.266803     1.9072     1.9450     0.0044  0.1006068 0.0000e+00
       2480      8.413    16.0109   3.265096     1.9072     1.9463     0.0044  0.1006068 0.0000e+00
       2481      8.330    15.9993   3.262516     1.9096     1.9475     0.0044  0.1006068 0.0000e+00
       2482      8.355    15.9884   3.258937     1.9096     1.9499     0.0044  0.1001184 0.0000e+00
       2483      8.355    15.9806   3.256357     1.9096     1.9511     0.0044  0.1001184 0.0000e+00
       2484      8.272    15.9959   3.257569     1.9096     1.9524     0.0044  0.1006068 0.0000e+00
       2485      8.231    16.0253   3.264470     1.9108     1.9536     0.0044  0.1006068 0.0000e+00
       2486      8.297    16.0459   3.271749     1.9121     1.9560     0.0044  0.1001184 0.0000e+00
       2487      8.206    16.0606   3.276652     1.9121     1.9572     0.0044  0.1001184 0.0000e+00
       2488      8.231    16.0669   3.279197     1.9121     1.9585     0.0044  0.1006068 0.0000e+00
       2489      8.173    16.0689   3.279830     1.9145     1.9609     0.0044  0.1006068 0.0000e+00
       2490      8.206    16.0714   3.280868     1.9170     1.9634     0.0044  0.1006068 0.0000e+00
       2491      8.107    16.0814   3.283398     1.9170     1.9646     0.0042  0.1030488 0.0000e+00
       2492      8.107    16.0928   3.286457     1.9170     1.9670     0.0040  0.1050024 0.0000e+00
       2493      8.148    16.1001   3.289197     1.9182     1.9695     0.0040  0.1054908 0.0000e+00
       2494      8.049    16.1047   3.291099     1.9194     1.9707     0.0040  0.1054908 0.0000e+00
       2495      8.024    16.1067   3.292199     1.9218     1.9731     0.0040  0.1054908 0.0000e+00
       2496      8.107    16.1073   3.292959     1.9231     1.9756     0.0040  0.1050024 0.0000e+00
       2497      7.983    16.1110   3.293830     1.9243     1.9780     0.0040  0.1054908 0.0000e+00
       2498      7.967    16.1184   3.294347     1.9255     1.9817     0.0040  0.1050024 0.0000e+00
       2499      7.983    16.1249   3.294602     1.9267     1.9841     0.0040  0.1054908 0.0000e+00
       2500      7.925    16.1273   3.294674     1.9316     1.9866     0.0040  0.1050024 0.0000e+00
       2501      7.966    16.1293   3.294464     1.9328     1.9890     0.0040  0.1054908 0.0000e+00
       2502      7.867    16.1308   3.294446     1.9353     1.9927     0.0040  0.1050024 0.0000e+00
       2503      7.925    16.1327   3.294912     1.9365     1.9951     0.0040  0.1050024 0.0000e+00
       2504      7.843    16.1354   3.295854     1.9389     1.9988     0.0040  0.1054908 0.0000e+00
       2505      7.801    16.1393   3.296603     1.9438     2.0012     0.0040  0.1054908 0.0000e+00
       2506      7.801    16.1417   3.296181     1.9463     2.0049     0.0040  0.1054908 0.0000e+00
       2507      7.777    16.1403   3.294905     1.9475     2.0085     0.0040  0.1054908 0.0000e+00
       2508      7.801    16.1334   3.292411     1.9511     2.0110     0.0040  0.1054908 0.0000e+00
       2509      7.743    16.1208   3.288485     1.9560     2.0146     0.0040  0.1054908 0.0000e+00
       2510      7.719    16.1094   3.283691     1.9609     2.0183     0.0040  0.1050024 0.0000e+00
       2511      7.677    16.1013   3.280003     1.9609     2.0207     0.0040  0.1050024 0.0000e+00
       2512      7.719    16.0953   3.277313     1.9634     2.0244     0.0040  0.1054908 0.0000e+00
       2513      7.620    16.0882   3.274808     1.9670     2.0268     0.0040  0.1054908 0.0000e+00
       2514      7.620    16.0783   3.272126     1.9719     2.0305     0.0040  0.1050024 0.0000e+00
       2515      7.595    16.0652   3.268437     1.9756     2.0330     0.0040  0.1054908 0.0000e+00
       2516      7.619    16.0572   3.264459     1.9804     2.0366     0.0040  0.1050024 0.0000e+00
       2517      7.562    16.0467   3.260972     1.9817     2.0391     0.0042  0.1050024 0.0000e+00
       2518      7.537    16.0235   3.256585     1.9853     2.0415     0.0042  0.1050024 0.0000e+00
       2519      7.438    16.0001   3.249814     1.9902     2.0439     0.0042  0.1050024 0.0000e+00
       2520      7.619    15.9942   3.244511     1.9939     2.0476     0.0042  0.1050024 0.0000e+00
       2521      7.471    16.0068   3.244397     1.9963     2.0488     0.0042  0.1050024 0.0000e+00
       2522      7.438    16.0117   3.247945     2.0000     2.0513     0.0042  0.1050024 0.0000e+00
       2523      7.413    16.0185   3.251346     2.0024     2.0537     0.0042  0.1050024 0.0000e+00
       2524      7.438    16.0338   3.253929     2.0073     2.0574     0.0042  0.1050024 0.0000e+00
       2525      7.372    16.0483   3.255921     2.0110     2.0586     0.0042  0.1050024 0.0000e+00
       2526      7.347    16.0494   3.257900     2.0122     2.0610     0.0042  0.1050024 0.0000e+00
       2527      7.372    16.0451   3.258171     2.0159     2.0635     0.0042  0.1050024 0.0000e+00
       2528      7.314    16.0533   3.257489     2.0183     2.0647     0.0042  0.1045140 0.0000e+00
       2529      7.289    16.0728   3.257028     2.0232     2.0671     0.0042  0.1050024 0.0000e+00
       2530      7.314    16.0906   3.256937     2.0256     2.0696     0.0042  0.1045140 0.0000e+00
       2531      7.231    16.1008   3.256857     2.0281     2.0708     0.0042  0.1050024 0.0000e+00
       2532      7.248    16.0994   3.256559     2.0305     2.0720     0.0042  0.1050024 0.0000e+00
       2533      7.190    16.1011   3.255851     2.0342     2.0745     0.0042  0.1050024 0.0000e+00
       2534      7.231    16.1061   3.254428     2.0378     2.0757     0.0042  0.1050024 0.0000e+00
       2535      7.132    16.1128   3.253608     2.0391     2.0781     0.0042  0.1050024 0.0000e+00
       2536      7.132    16.1179   3.254297     2.0403     2.0794     0.0042  0.1050024 0.0000e+00
       2537      7.165    16.1213   3.255883     2.0415     2.0806     0.0042  0.1050024 0.0000e+00
       2538      7.132    16.1260   3.259100     2.0452     2.0818     0.0042  0.1050024 0.0000e+00
       2539      7.008    16.1310   3.264283     2.0476     2.0830     0.0042  0.1050024 0.0000e+00
       2540      7.107    16.1325   3.267794     2.0488     2.0842     0.0042  0.1045140 0.0000e+00
       2541      7.008    16.1318   3.267894     2.0500     2.0855     0.0042  0.1050024 0.0000e+00
       2542      7.041    16.1290   3.265041     2.0537     2.0867     0.0042  0.1069560 0.0000e+00
       2543      7.008    16.1232   3.259092     2.0549     2.0879     0.0042  0.1093980 0.0000e+00
       2544      6.942    16.1163   3.249591     2.0586     2.0891     0.0042  0.1098864 0.0000e+00
       2545      6.917    16.1083   3.236488     2.0574     2.0903     0.0042  0.1098864 0.0000e+00
       2546      6.942    16.1010   3.223324     2.0574     2.0916     0.0042  0.1098864 0.0000e+00
       2547      6.942    16.0970   3.214472     2.0598     2.0928     0.0042  0.1098864 0.0000e+00
       2548      6.860    16.0938   3.209366     2.0635     2.0928     0.0042  0.1098864 0.0000e+00
       2549      6.884    16.0932   3.206582     2.0647     2.0940     0.0042  0.1098864 0.0000e+00
       2550      6.859    16.0928   3.205573     2.0647     2.0952     0.0042  0.1098864 0.0000e+00
       2551      6.826    16.0932   3.206087     2.0659     2.0952     0.0042  0.1098864 0.0000e+00
       2552      6.760    16.0928   3.206017     2.0671     2.0964     0.0042  0.1098864 0.0000e+00
       2553      6.802    16.0930   3.205529     2.0708     2.0977     0.0042  0.1098864 0.0000e+00
       2554      6.760    16.0933   3.205422     2.0708     2.0977     0.0042  0.1098864 0.0000e+00
       2555      6.736    16.0935   3.205651     2.0708     2.0977     0.0042  0.1098864 0.0000e+00
       2556      6.703    16.0938   3.205987     2.0720     2.0989     0.0042  0.1098864 0.0000e+00
       2557      6.637    16.0945   3.206878     2.0745     2.1001     0.0042  0.1098864 0.0000e+00
       2558      6.678    16.0933   3.207044     2.0781     2.1026     0.0042  0.1098864 0.0000e+00
       2559      6.702    16.0908   3.205265     2.0781     2.1026     0.0042  0.1098864 0.0000e+00
       2560      6.579    16.0901   3.203238     2.0781     2.1026     0.0042  0.1098864 0.0000e+00
