code/data/2021/ctd_data_day2/station7_ctm_fil_le.cnv
* Sea-Bird SBE 9 Data File:
* FileName = C:\Users\CTD-User\Desktop\MAR440\day2\station7.hex
* Software Version Seasave V 7.26.2.13
* Temperature SN = 6313
* Conductivity SN = 4758
* Number of Bytes Per Scan = 37
* Number of Voltage Words = 4
* Number of Scans Averaged by the Deck Unit = 1
* NMEA Latitude = 58 19.09 N
* NMEA Longitude = 011 47.38 E
* NMEA UTC (Time) = Sep 22 2021 11:12:47
* NMEA baud rate = 4800
** Ship: Skagerrak
** Station: station7
** Operator: group1
# nquan = 9
# nvalues = 2736                        
# units = specified
# name 0 = scan: Scan Count
# name 1 = prDM: Pressure, Digiquartz [db]
# name 2 = t090C: Temperature [ITS-90, deg C]
# name 3 = c0S/m: Conductivity [S/m]
# name 4 = sbeox0V: Oxygen raw, SBE 43 [V]
# name 5 = sbeox1V: Oxygen raw, SBE 43, 2 [V]
# name 6 = flECO-AFL: Fluorescence, WET Labs ECO-AFL/FL [mg/m^3]
# name 7 = upoly0: Upoly 0, Turbidity
# name 8 = flag:  0.000e+00
# span 0 =          1,       2736       
# span 1 =      0.803,     30.368       
# span 2 =     7.3535,    16.0306       
# span 3 =   2.942788,   3.785244       
# span 4 =     0.5864,     2.8350       
# span 5 =     0.6626,     2.7722       
# span 6 =     0.0035,     0.0123       
# span 7 =  0.0866458,  0.1647296       
# span 8 = 0.0000e+00, 0.0000e+00       
# interval = seconds: 0.0416667
# start_time = Sep 22 2021 11:12:47 [NMEA time, header]
# bad_flag = -9.990e-29
*END*
          1      1.308    14.8896   2.942831     2.8260     2.7717     0.0044  0.1554084 -9.990e-29
          2      1.307    14.8896   2.942826     2.8260     2.7717     0.0044  0.1554163 -9.990e-29
          3      1.306    14.8896   2.942820     2.8260     2.7717     0.0044  0.1554224 -9.990e-29
          4      1.305    14.8895   2.942815     2.8261     2.7717     0.0044  0.1554259 -9.990e-29
          5      1.304    14.8895   2.942809     2.8261     2.7717     0.0044  0.1554269 -9.990e-29
          6      1.303    14.8895   2.942803     2.8262     2.7717     0.0044  0.1554252 -9.990e-29
          7      1.302    14.8895   2.942799     2.8262     2.7717     0.0044  0.1554210 -9.990e-29
          8      1.301    14.8895   2.942796     2.8263     2.7717     0.0044  0.1554142 -9.990e-29
          9      1.300    14.8894   2.942793     2.8263     2.7717     0.0044  0.1554047 -9.990e-29
         10      1.299    14.8894   2.942791     2.8264     2.7717     0.0044  0.1553925 -9.990e-29
         11      1.298    14.8894   2.942789     2.8264     2.7717     0.0044  0.1553775 -9.990e-29
         12      1.298    14.8894   2.942788     2.8265     2.7717     0.0044  0.1553596 -9.990e-29
         13      1.297    14.8895   2.942788     2.8266     2.7717     0.0044  0.1553387 -9.990e-29
         14      1.297    14.8895   2.942789     2.8266     2.7717     0.0044  0.1553145 -9.990e-29
         15      1.297    14.8894   2.942790     2.8267     2.7717     0.0044  0.1552871 -9.990e-29
         16      1.297    14.8894   2.942791     2.8268     2.7717     0.0044  0.1552560 -9.990e-29
         17      1.297    14.8894   2.942792     2.8268     2.7716     0.0044  0.1552212 -9.990e-29
         18      1.298    14.8894   2.942792     2.8269     2.7716     0.0044  0.1551825 -9.990e-29
         19      1.298    14.8894   2.942792     2.8270     2.7716     0.0044  0.1551394 -9.990e-29
         20      1.299    14.8894   2.942792     2.8271     2.7715     0.0044  0.1550918 -9.990e-29
         21      1.300    14.8894   2.942792     2.8272     2.7715     0.0044  0.1550393 -9.990e-29
         22      1.301    14.8894   2.942791     2.8272     2.7714     0.0044  0.1549815 -9.990e-29
         23      1.302    14.8894   2.942791     2.8273     2.7714     0.0044  0.1549180 -9.990e-29
         24      1.302    14.8894   2.942790     2.8274     2.7713     0.0042  0.1548502 -9.990e-29
         25      1.303    14.8894   2.942790     2.8275     2.7712     0.0042  0.1547825 -9.990e-29
         26      1.304    14.8894   2.942789     2.8276     2.7712     0.0042  0.1547197 -9.990e-29
         27      1.305    14.8894   2.942789     2.8277     2.7711     0.0042  0.1546630 -9.990e-29
         28      1.306    14.8894   2.942789     2.8278     2.7710     0.0042  0.1546120 -9.990e-29
         29      1.306    14.8894   2.942789     2.8278     2.7709     0.0042  0.1545664 -9.990e-29
         30      1.307    14.8894   2.942790     2.8279     2.7709     0.0042  0.1545258 -9.990e-29
         31      1.307    14.8894   2.942791     2.8280     2.7708     0.0042  0.1544899 -9.990e-29
         32      1.308    14.8894   2.942792     2.8281     2.7707     0.0042  0.1544586 -9.990e-29
         33      1.308    14.8894   2.942793     2.8282     2.7706     0.0042  0.1544315 -9.990e-29
         34      1.308    14.8894   2.942795     2.8283     2.7705     0.0042  0.1544086 -9.990e-29
         35      1.308    14.8894   2.942797     2.8284     2.7704     0.0042  0.1543895 -9.990e-29
         36      1.307    14.8894   2.942798     2.8285     2.7703     0.0042  0.1543743 -9.990e-29
         37      1.307    14.8894   2.942799     2.8286     2.7702     0.0042  0.1543628 -9.990e-29
         38      1.307    14.8895   2.942800     2.8287     2.7701     0.0042  0.1543549 -9.990e-29
         39      1.306    14.8895   2.942801     2.8287     2.7701     0.0042  0.1543506 -9.990e-29
         40      1.306    14.8895   2.942802     2.8288     2.7700     0.0042  0.1543498 -9.990e-29
         41      1.305    14.8895   2.942803     2.8289     2.7699     0.0042  0.1543525 -9.990e-29
         42      1.304    14.8895   2.942805     2.8290     2.7698     0.0042  0.1543588 -9.990e-29
         43      1.303    14.8895   2.942807     2.8291     2.7697     0.0042  0.1543686 -9.990e-29
         44      1.302    14.8896   2.942810     2.8292     2.7696     0.0042  0.1543822 -9.990e-29
         45      1.301    14.8896   2.942813     2.8293     2.7696     0.0042  0.1543995 -9.990e-29
         46      1.300    14.8896   2.942815     2.8294     2.7695     0.0042  0.1544206 -9.990e-29
         47      1.299    14.8896   2.942818     2.8294     2.7694     0.0042  0.1544458 -9.990e-29
         48      1.299    14.8896   2.942820     2.8295     2.7693     0.0042  0.1544752 -9.990e-29
         49      1.298    14.8896   2.942823     2.8296     2.7693     0.0042  0.1545090 -9.990e-29
         50      1.297    14.8896   2.942825     2.8296     2.7692     0.0044  0.1545457 -9.990e-29
         51      1.297    14.8896   2.942828     2.8297     2.7692     0.0044  0.1545813 -9.990e-29
         52      1.297    14.8896   2.942830     2.8297     2.7691     0.0044  0.1546136 -9.990e-29
         53      1.296    14.8896   2.942832     2.8298     2.7691     0.0044  0.1546428 -9.990e-29
         54      1.297    14.8896   2.942834     2.8298     2.7690     0.0044  0.1546682 -9.990e-29
         55      1.297    14.8897   2.942836     2.8299     2.7690     0.0044  0.1546900 -9.990e-29
         56      1.297    14.8897   2.942839     2.8299     2.7689     0.0044  0.1547092 -9.990e-29
         57      1.298    14.8897   2.942841     2.8300     2.7689     0.0044  0.1547251 -9.990e-29
         58      1.298    14.8897   2.942844     2.8300     2.7689     0.0044  0.1547378 -9.990e-29
         59      1.299    14.8897   2.942847     2.8301     2.7688     0.0044  0.1547482 -9.990e-29
         60      1.300    14.8898   2.942849     2.8301     2.7688     0.0044  0.1547556 -9.990e-29
         61      1.301    14.8898   2.942852     2.8301     2.7688     0.0044  0.1547591 -9.990e-29
         62      1.303    14.8898   2.942854     2.8302     2.7688     0.0044  0.1547597 -9.990e-29
         63      1.304    14.8899   2.942856     2.8302     2.7688     0.0044  0.1547590 -9.990e-29
         64      1.305    14.8899   2.942859     2.8302     2.7687     0.0044  0.1547579 -9.990e-29
         65      1.306    14.8900   2.942862     2.8302     2.7687     0.0044  0.1547564 -9.990e-29
         66      1.307    14.8900   2.942865     2.8302     2.7687     0.0044  0.1547535 -9.990e-29
         67      1.308    14.8901   2.942869     2.8303     2.7687     0.0044  0.1547477 -9.990e-29
         68      1.309    14.8901   2.942874     2.8303     2.7686     0.0044  0.1547380 -9.990e-29
         69      1.311    14.8902   2.942878     2.8303     2.7686     0.0044  0.1547252 -9.990e-29
         70      1.312    14.8903   2.942884     2.8303     2.7686     0.0044  0.1547108 -9.990e-29
         71      1.313    14.8903   2.942890     2.8303     2.7686     0.0044  0.1546957 -9.990e-29
         72      1.314    14.8904   2.942896     2.8303     2.7685     0.0044  0.1546797 -9.990e-29
         73      1.315    14.8905   2.942904     2.8303     2.7685     0.0044  0.1546628 -9.990e-29
         74      1.316    14.8906   2.942914     2.8303     2.7685     0.0044  0.1546448 -9.990e-29
         75      1.316    14.8907   2.942928     2.8303     2.7685     0.0042  0.1546256 -9.990e-29
         76      1.317    14.8909   2.942944     2.8304     2.7685     0.0042  0.1546058 -9.990e-29
         77      1.318    14.8910   2.942962     2.8304     2.7685     0.0042  0.1545872 -9.990e-29
         78      1.318    14.8911   2.942981     2.8304     2.7685     0.0042  0.1545712 -9.990e-29
         79      1.319    14.8912   2.943000     2.8304     2.7684     0.0042  0.1545593 -9.990e-29
         80      1.320    14.8913   2.943018     2.8304     2.7684     0.0042  0.1545525 -9.990e-29
         81      1.321    14.8914   2.943035     2.8304     2.7684     0.0042  0.1545506 -9.990e-29
         82      1.322    14.8914   2.943048     2.8305     2.7684     0.0042  0.1545537 -9.990e-29
         83      1.323    14.8914   2.943058     2.8305     2.7684     0.0042  0.1545608 -9.990e-29
         84      1.324    14.8914   2.943064     2.8305     2.7684     0.0042  0.1545712 -9.990e-29
         85      1.326    14.8914   2.943066     2.8305     2.7685     0.0042  0.1545850 -9.990e-29
         86      1.327    14.8913   2.943066     2.8305     2.7685     0.0042  0.1546015 -9.990e-29
         87      1.330    14.8912   2.943062     2.8306     2.7685     0.0042  0.1546198 -9.990e-29
         88      1.332    14.8911   2.943056     2.8306     2.7685     0.0042  0.1546409 -9.990e-29
         89      1.334    14.8910   2.943048     2.8306     2.7685     0.0042  0.1546659 -9.990e-29
         90      1.337    14.8909   2.943038     2.8306     2.7686     0.0042  0.1546950 -9.990e-29
         91      1.341    14.8908   2.943029     2.8306     2.7686     0.0042  0.1547283 -9.990e-29
         92      1.345    14.8908   2.943019     2.8307     2.7686     0.0042  0.1547660 -9.990e-29
         93      1.349    14.8907   2.943008     2.8307     2.7686     0.0042  0.1548093 -9.990e-29
         94      1.354    14.8906   2.942998     2.8307     2.7687     0.0042  0.1548585 -9.990e-29
         95      1.359    14.8905   2.942987     2.8307     2.7687     0.0042  0.1549131 -9.990e-29
         96      1.365    14.8905   2.942976     2.8307     2.7687     0.0042  0.1549742 -9.990e-29
         97      1.371    14.8904   2.942965     2.8308     2.7687     0.0042  0.1550433 -9.990e-29
         98      1.378    14.8904   2.942955     2.8308     2.7687     0.0042  0.1551207 -9.990e-29
         99      1.386    14.8903   2.942944     2.8308     2.7687     0.0042  0.1552069 -9.990e-29
        100      1.394    14.8902   2.942934     2.8308     2.7687     0.0042  0.1553019 -9.990e-29
        101      1.402    14.8902   2.942924     2.8308     2.7687     0.0044  0.1554018 -9.990e-29
        102      1.411    14.8901   2.942916     2.8309     2.7687     0.0044  0.1554999 -9.990e-29
        103      1.421    14.8901   2.942910     2.8309     2.7687     0.0044  0.1555908 -9.990e-29
        104      1.430    14.8901   2.942904     2.8309     2.7687     0.0044  0.1556735 -9.990e-29
        105      1.441    14.8900   2.942899     2.8309     2.7687     0.0044  0.1557486 -9.990e-29
        106      1.452    14.8900   2.942895     2.8309     2.7687     0.0044  0.1558165 -9.990e-29
        107      1.463    14.8899   2.942890     2.8309     2.7687     0.0044  0.1558778 -9.990e-29
        108      1.475    14.8899   2.942887     2.8309     2.7687     0.0044  0.1559329 -9.990e-29
        109      1.487    14.8898   2.942885     2.8309     2.7687     0.0044  0.1559821 -9.990e-29
        110      1.500    14.8898   2.942882     2.8309     2.7686     0.0044  0.1560258 -9.990e-29
        111      1.513    14.8897   2.942880     2.8309     2.7686     0.0044  0.1560651 -9.990e-29
        112      1.527    14.8897   2.942878     2.8309     2.7686     0.0044  0.1561013 -9.990e-29
        113      1.541    14.8896   2.942876     2.8308     2.7686     0.0044  0.1561336 -9.990e-29
        114      1.555    14.8896   2.942874     2.8308     2.7685     0.0044  0.1561614 -9.990e-29
        115      1.570    14.8895   2.942871     2.8308     2.7685     0.0044  0.1561850 -9.990e-29
        116      1.585    14.8895   2.942869     2.8307     2.7685     0.0044  0.1562046 -9.990e-29
        117      1.600    14.8894   2.942866     2.8307     2.7684     0.0044  0.1562201 -9.990e-29
        118      1.616    14.8894   2.942863     2.8307     2.7684     0.0044  0.1562318 -9.990e-29
        119      1.632    14.8893   2.942860     2.8306     2.7683     0.0044  0.1562398 -9.990e-29
        120      1.648    14.8892   2.942857     2.8306     2.7683     0.0044  0.1562441 -9.990e-29
        121      1.664    14.8892   2.942855     2.8305     2.7683     0.0044  0.1562446 -9.990e-29
        122      1.681    14.8891   2.942852     2.8305     2.7682     0.0044  0.1562415 -9.990e-29
        123      1.698    14.8890   2.942850     2.8304     2.7682     0.0042  0.1562347 -9.990e-29
        124      1.715    14.8890   2.942847     2.8304     2.7681     0.0044  0.1562242 -9.990e-29
        125      1.732    14.8889   2.942845     2.8303     2.7681     0.0044  0.1562098 -9.990e-29
        126      1.750    14.8889   2.942844     2.8303     2.7680     0.0044  0.1561915 -9.990e-29
        127      1.768    14.8889   2.942843     2.8303     2.7679     0.0046  0.1561700 -9.990e-29
        128      1.786    14.8888   2.942842     2.8302     2.7679     0.0046  0.1561478 -9.990e-29
        129      1.805    14.8888   2.942843     2.8302     2.7678     0.0048  0.1561262 -9.990e-29
        130      1.824    14.8889   2.942844     2.8302     2.7677     0.0046  0.1561053 -9.990e-29
        131      1.843    14.8889   2.942847     2.8301     2.7677     0.0048  0.1560857 -9.990e-29
        132      1.862    14.8889   2.942850     2.8301     2.7676     0.0046  0.1560681 -9.990e-29
        133      1.881    14.8890   2.942855     2.8301     2.7675     0.0046  0.1560524 -9.990e-29
        134      1.900    14.8890   2.942861     2.8301     2.7674     0.0048  0.1560376 -9.990e-29
        135      1.920    14.8891   2.942868     2.8301     2.7672     0.0046  0.1560219 -9.990e-29
        136      1.940    14.8892   2.942877     2.8300     2.7671     0.0048  0.1560053 -9.990e-29
        137      1.960    14.8893   2.942889     2.8300     2.7670     0.0046  0.1559893 -9.990e-29
        138      1.981    14.8895   2.942903     2.8300     2.7669     0.0048  0.1559746 0.0000e+00
        139      2.001    14.8897   2.942920     2.8300     2.7668     0.0046  0.1559612 0.0000e+00
        140      2.022    14.8899   2.942940     2.8299     2.7666     0.0048  0.1559480 0.0000e+00
        141      2.043    14.8901   2.942964     2.8299     2.7665     0.0046  0.1559342 0.0000e+00
        142      2.063    14.8904   2.942992     2.8299     2.7664     0.0048  0.1559197 0.0000e+00
        143      2.084    14.8907   2.943023     2.8299     2.7663     0.0048  0.1559043 0.0000e+00
        144      2.105    14.8910   2.943056     2.8299     2.7662     0.0046  0.1558889 0.0000e+00
        145      2.126    14.8913   2.943090     2.8298     2.7660     0.0048  0.1558732 0.0000e+00
        146      2.148    14.8916   2.943124     2.8298     2.7659     0.0048  0.1558564 0.0000e+00
        147      2.169    14.8919   2.943158     2.8298     2.7658     0.0048  0.1558391 0.0000e+00
        148      2.191    14.8922   2.943193     2.8298     2.7657     0.0048  0.1558213 0.0000e+00
        149      2.213    14.8925   2.943228     2.8297     2.7656     0.0046  0.1558020 0.0000e+00
        150      2.234    14.8928   2.943265     2.8297     2.7655     0.0048  0.1557819 0.0000e+00
        151      2.256    14.8931   2.943301     2.8297     2.7654     0.0046  0.1557616 0.0000e+00
        152      2.278    14.8934   2.943336     2.8296     2.7653     0.0048  0.1557420 0.0000e+00
        153      2.300    14.8937   2.943369     2.8296     2.7652     0.0049  0.1557246 0.0000e+00
        154      2.321    14.8940   2.943401     2.8296     2.7651     0.0049  0.1557109 0.0000e+00
        155      2.343    14.8942   2.943432     2.8295     2.7650     0.0049  0.1557025 0.0000e+00
        156      2.365    14.8945   2.943462     2.8295     2.7650     0.0049  0.1557003 0.0000e+00
        157      2.387    14.8947   2.943492     2.8294     2.7649     0.0049  0.1557042 0.0000e+00
        158      2.409    14.8949   2.943519     2.8294     2.7648     0.0049  0.1557135 0.0000e+00
        159      2.431    14.8951   2.943545     2.8293     2.7647     0.0049  0.1557272 0.0000e+00
        160      2.453    14.8953   2.943568     2.8293     2.7646     0.0049  0.1557464 0.0000e+00
