code/data/2021/ctd_data_day2/station3_ctm.cnv
* Sea-Bird SBE 9 Data File:
* FileName = C:\Users\CTD-User\Desktop\MAR440\day2\station3.hex
* Software Version Seasave V 7.26.2.13
* Temperature SN = 6313
* Conductivity SN = 4758
* Number of Bytes Per Scan = 37
* Number of Voltage Words = 4
* Number of Scans Averaged by the Deck Unit = 1
* NMEA Latitude = 58 19.70 N
* NMEA Longitude = 011 51.29 E
* NMEA UTC (Time) = Sep 22 2021 09:36:18
* NMEA baud rate = 4800
** Ship: Skagerrak
** Station: station3
** Operator: group2purple
# nquan = 9
# nvalues = 3261                        
# units = specified
# name 0 = scan: Scan Count
# name 1 = prDM: Pressure, Digiquartz [db]
# name 2 = t090C: Temperature [ITS-90, deg C]
# name 3 = c0S/m: Conductivity [S/m]
# name 4 = sbeox0V: Oxygen raw, SBE 43 [V]
# name 5 = sbeox1V: Oxygen raw, SBE 43, 2 [V]
# name 6 = flECO-AFL: Fluorescence, WET Labs ECO-AFL/FL [mg/m^3]
# name 7 = upoly0: Upoly 0, Turbidity
# name 8 = flag:  0.000e+00
# span 0 =          1,       3261       
# span 1 =      0.712,     17.296       
# span 2 =    10.1794,    16.2156       
# span 3 =   2.673323,   3.481176       
# span 4 =     0.9840,     3.3394       
# span 5 =     1.0157,     3.3590       
# span 6 =     0.0035,     0.0081       
# span 7 =  0.0883968,  0.2398010       
# span 8 = 0.0000e+00, 0.0000e+00       
# interval = seconds: 0.0416667
# start_time = Sep 22 2021 09:36:18 [NMEA time, header]
# bad_flag = -9.990e-29
*END*
[from data line 801]
        802      6.776    16.1305   3.169034     2.3028     2.3602     0.0042  0.1079328 0.0000e+00
        803      6.752    16.1328   3.169277     2.3052     2.3590     0.0042  0.1079328 0.0000e+00
        804      6.710    16.1341   3.169412     2.3052     2.3590     0.0042  0.1074444 0.0000e+00
        805      6.653    16.1339   3.169470     2.3052     2.3577     0.0042  0.1079328 0.0000e+00
        806      6.686    16.1327   3.169410     2.3052     2.3577     0.0042  0.1079328 0.0000e+00
        807      6.653    16.1328   3.169298     2.3052     2.3577     0.0042  0.1074444 0.0000e+00
        808      6.628    16.1334   3.169330     2.3064     2.3565     0.0042  0.1079328 0.0000e+00
        809      6.587    16.1337   3.169503     2.3052     2.3565     0.0042  0.1074444 0.0000e+00
        810      6.587    16.1328   3.169387     2.3040     2.3553     0.0042  0.1079328 0.0000e+00
        811      6.562    16.1335   3.169255     2.3040     2.3553     0.0042  0.1079328 0.0000e+00
        812      6.587    16.1339   3.169089     2.3052     2.3553     0.0042  0.1079328 0.0000e+00
        813      6.504    16.1354   3.168942     2.3077     2.3541     0.0044  0.1084212 0.0000e+00
        814      6.471    16.1357   3.168837     2.3052     2.3541     0.0044  0.1093980 0.0000e+00
        815      6.471    16.1359   3.168727     2.3052     2.3529     0.0044  0.1093980 0.0000e+00
        816      6.438    16.1359   3.168604     2.3052     2.3529     0.0044  0.1093980 0.0000e+00
        817      6.471    16.1322   3.168313     2.3077     2.3516     0.0044  0.1093980 0.0000e+00
        818      6.381    16.1260   3.167730     2.3064     2.3529     0.0044  0.1089096 0.0000e+00
        819      6.405    16.1227   3.167113     2.3052     2.3516     0.0044  0.1089096 0.0000e+00
        820      6.405    16.1218   3.166772     2.3052     2.3516     0.0044  0.1093980 0.0000e+00
        821      6.323    16.1195   3.166454     2.3040     2.3504     0.0044  0.1089096 0.0000e+00
        822      6.348    16.1104   3.165549     2.3077     2.3516     0.0044  0.1093980 0.0000e+00
        823      6.323    16.1020   3.164210     2.3064     2.3516     0.0044  0.1093980 0.0000e+00
        824      6.282    16.0970   3.162846     2.3052     2.3504     0.0044  0.1093980 0.0000e+00
        825      6.282    16.0933   3.162082     2.3040     2.3492     0.0044  0.1093980 0.0000e+00
        826      6.199    16.0909   3.161651     2.3040     2.3492     0.0044  0.1089096 0.0000e+00
        827      6.282    16.0905   3.161336     2.3077     2.3504     0.0044  0.1093980 0.0000e+00
        828      6.199    16.0920   3.160789     2.3064     2.3492     0.0044  0.1093980 0.0000e+00
        829      6.100    16.0929   3.160563     2.3052     2.3492     0.0044  0.1093980 0.0000e+00
        830      6.158    16.0918   3.160455     2.3052     2.3492     0.0044  0.1089096 0.0000e+00
        831      6.133    16.0904   3.160146     2.3052     2.3492     0.0042  0.1089096 0.0000e+00
        832      6.158    16.0896   3.159818     2.3064     2.3492     0.0044  0.1093980 0.0000e+00
        833      6.076    16.0888   3.159580     2.3077     2.3492     0.0044  0.1093980 0.0000e+00
        834      6.100    16.0873   3.159327     2.3052     2.3467     0.0044  0.1089096 0.0000e+00
        835      6.042    16.0855   3.158531     2.3052     2.3492     0.0044  0.1093980 0.0000e+00
        836      6.075    16.0826   3.156550     2.3052     2.3480     0.0044  0.1093980 0.0000e+00
        837      5.977    16.0799   3.153755     2.3077     2.3480     0.0044  0.1089096 0.0000e+00
        838      6.009    16.0792   3.150246     2.3077     2.3480     0.0044  0.1118400 0.0000e+00
        839      5.977    16.0804   3.147988     2.3052     2.3480     0.0044  0.1133053 0.0000e+00
        840      5.976    16.0782   3.146627     2.3052     2.3467     0.0042  0.1137937 0.0000e+00
        841      5.894    16.0745   3.145306     2.3077     2.3467     0.0044  0.1137937 0.0000e+00
        842      5.919    16.0721   3.144097     2.3064     2.3467     0.0044  0.1137937 0.0000e+00
        843      5.894    16.0698   3.142816     2.3052     2.3467     0.0044  0.1133053 0.0000e+00
        844      5.919    16.0670   3.141510     2.3052     2.3467     0.0044  0.1137937 0.0000e+00
        845      5.795    16.0650   3.141246     2.3052     2.3467     0.0044  0.1137937 0.0000e+00
        846      5.828    16.0721   3.142462     2.3064     2.3455     0.0044  0.1137937 0.0000e+00
        847      5.853    16.0810   3.144109     2.3064     2.3455     0.0044  0.1137937 0.0000e+00
        848      5.770    16.0832   3.146113     2.3052     2.3455     0.0044  0.1137937 0.0000e+00
        849      5.737    16.0853   3.148513     2.3052     2.3455     0.0044  0.1137937 0.0000e+00
        850      5.770    16.0836   3.150317     2.3052     2.3455     0.0044  0.1137937 0.0000e+00
        851      5.737    16.0798   3.151097     2.3064     2.3455     0.0044  0.1137937 0.0000e+00
        852      5.671    16.0792   3.150408     2.3077     2.3443     0.0044  0.1133053 0.0000e+00
        853      5.704    16.0801   3.149856     2.3040     2.3443     0.0044  0.1137937 0.0000e+00
        854      5.671    16.0792   3.149776     2.3052     2.3443     0.0044  0.1137937 0.0000e+00
        855      5.647    16.0769   3.150296     2.3052     2.3443     0.0044  0.1133053 0.0000e+00
        856      5.614    16.0728   3.150967     2.3077     2.3443     0.0044  0.1137937 0.0000e+00
        857      5.548    16.0696   3.151545     2.3052     2.3431     0.0044  0.1133053 0.0000e+00
        858      5.589    16.0662   3.151609     2.3052     2.3431     0.0044  0.1137937 0.0000e+00
        859      5.548    16.0611   3.151519     2.3052     2.3431     0.0044  0.1133053 0.0000e+00
        860      5.523    16.0587   3.151062     2.3052     2.3431     0.0044  0.1133053 0.0000e+00
        861      5.490    16.0570   3.150336     2.3077     2.3419     0.0044  0.1137937 0.0000e+00
        862      5.523    16.0545   3.149216     2.3052     2.3419     0.0044  0.1137937 0.0000e+00
        863      5.424    16.0510   3.148235     2.3040     2.3419     0.0044  0.1157473 0.0000e+00
        864      5.490    16.0459   3.146649     2.3040     2.3419     0.0044  0.1235617 0.0000e+00
        865      5.399    16.0425   3.144104     2.3077     2.3419     0.0044  0.1274689 0.0000e+00
        866      5.366    16.0445   3.141294     2.3077     2.3419     0.0044  0.1274689 0.0000e+00
        867      5.399    16.0517   3.140102     2.3052     2.3419     0.0044  0.1264921 0.0000e+00
        868      5.366    16.0610   3.140564     2.3052     2.3419     0.0044  0.1260037 0.0000e+00
        869      5.309    16.0708   3.142103     2.3077     2.3406     0.0044  0.1264921 0.0000e+00
        870      5.341    16.0541   3.142752     2.3077     2.3394     0.0044  0.1264921 0.0000e+00
        871      5.308    16.0246   3.138781     2.3077     2.3406     0.0044  0.1264921 0.0000e+00
        872      5.218    16.0064   3.131096     2.3077     2.3406     0.0044  0.1264921 0.0000e+00
        873      5.308    15.9935   3.124132     2.3064     2.3394     0.0044  0.1264921 0.0000e+00
        874      5.218    15.9875   3.120257     2.3064     2.3394     0.0044  0.1260037 0.0000e+00
        875      5.185    15.9847   3.118984     2.3089     2.3394     0.0044  0.1264921 0.0000e+00
        876      5.185    15.9814   3.118414     2.3089     2.3394     0.0044  0.1264921 0.0000e+00
        877      5.160    15.9819   3.118089     2.3077     2.3394     0.0044  0.1264921 0.0000e+00
        878      5.185    15.9840   3.118317     2.3077     2.3394     0.0044  0.1264921 0.0000e+00
        879      5.094    15.9921   3.119952     2.3077     2.3394     0.0044  0.1260037 0.0000e+00
        880      5.119    16.0126   3.123003     2.3101     2.3382     0.0044  0.1260037 0.0000e+00
        881      5.094    16.0315   3.125701     2.3101     2.3382     0.0044  0.1264921 0.0000e+00
        882      5.003    16.0265   3.126530     2.3089     2.3382     0.0044  0.1264921 0.0000e+00
        883      5.061    16.0131   3.124838     2.3101     2.3382     0.0044  0.1264921 0.0000e+00
        884      4.970    16.0052   3.121934     2.3126     2.3382     0.0044  0.1264921 0.0000e+00
        885      5.003    16.0005   3.118926     2.3126     2.3382     0.0044  0.1264921 0.0000e+00
        886      4.970    15.9991   3.116815     2.3126     2.3382     0.0044  0.1264921 0.0000e+00
        887      4.937    16.0041   3.116671     2.3126     2.3382     0.0044  0.1264921 0.0000e+00
        888      4.913    16.0095   3.117794     2.3113     2.3382     0.0044  0.1264921 0.0000e+00
        889      4.880    15.9959   3.117431     2.3138     2.3382     0.0046  0.1367485 0.0000e+00
        890      4.880    15.9884   3.115590     2.3150     2.3370     0.0046  0.1460281 0.0000e+00
        891      4.855    15.9837   3.115205     2.3138     2.3370     0.0046  0.1479817 0.0000e+00
        892      4.814    15.9711   3.115561     2.3138     2.3370     0.0046  0.1474933 0.0000e+00
        893      4.789    15.9607   3.114665     2.3150     2.3370     0.0046  0.1470049 0.0000e+00
        894      4.814    15.9751   3.114035     2.3174     2.3370     0.0046  0.1470049 0.0000e+00
        895      4.731    15.9818   3.114691     2.3174     2.3358     0.0046  0.1470049 0.0000e+00
        896      4.756    15.9763   3.115137     2.3174     2.3358     0.0046  0.1470049 0.0000e+00
        897      4.698    15.9734   3.114422     2.3174     2.3345     0.0046  0.1470049 0.0000e+00
        898      4.731    15.9775   3.113493     2.3174     2.3345     0.0046  0.1470049 0.0000e+00
        899      4.632    15.9840   3.113011     2.3187     2.3345     0.0046  0.1470049 0.0000e+00
        900      4.665    15.9879   3.113488     2.3187     2.3345     0.0046  0.1470049 0.0000e+00
        901      4.632    15.9935   3.114410     2.3187     2.3345     0.0046  0.1470049 0.0000e+00
        902      4.607    15.9961   3.115679     2.3187     2.3345     0.0046  0.1470049 0.0000e+00
        903      4.574    15.9986   3.116814     2.3199     2.3345     0.0046  0.1470049 0.0000e+00
        904      4.508    16.0083   3.118218     2.3223     2.3333     0.0046  0.1470049 0.0000e+00
        905      4.541    16.0190   3.120128     2.3211     2.3333     0.0046  0.1470049 0.0000e+00
        906      4.508    16.0304   3.121505     2.3223     2.3333     0.0046  0.1470049 0.0000e+00
        907      4.484    16.0032   3.118899     2.3223     2.3345     0.0046  0.1470049 0.0000e+00
        908      4.451    15.9021   3.109033     2.3223     2.3345     0.0046  0.1470049 0.0000e+00
        909      4.484    15.8345   3.095543     2.3235     2.3333     0.0046  0.1470049 0.0000e+00
        910      4.385    15.8167   3.087376     2.3235     2.3333     0.0046  0.1470049 0.0000e+00
        911      4.360    15.8928   3.093441     2.3235     2.3345     0.0046  0.1470049 0.0000e+00
        912      4.327    15.9590   3.107711     2.3235     2.3345     0.0046  0.1470049 0.0000e+00
        913      4.385    15.9641   3.115953     2.3248     2.3345     0.0046  0.1470049 0.0000e+00
        914      4.302    15.9590   3.116316     2.3260     2.3345     0.0046  0.1474933 0.0000e+00
        915      4.327    15.9437   3.113888     2.3272     2.3345     0.0044  0.1484701 0.0000e+00
        916      4.236    15.9176   3.109761     2.3272     2.3358     0.0044  0.1489585 0.0000e+00
        917      4.269    15.8903   3.103339     2.3272     2.3370     0.0044  0.1489585 0.0000e+00
        918      4.179    15.8682   3.096387     2.3284     2.3370     0.0044  0.1489585 0.0000e+00
        919      4.203    15.8506   3.090894     2.3296     2.3370     0.0044  0.1489585 0.0000e+00
        920      4.203    15.8398   3.087232     2.3296     2.3382     0.0044  0.1489585 0.0000e+00
        921      4.113    15.8182   3.084224     2.3296     2.3394     0.0044  0.1489585 0.0000e+00
        922      4.146    15.8057   3.081433     2.3321     2.3406     0.0044  0.1489585 0.0000e+00
        923      4.113    15.8046   3.079141     2.3333     2.3419     0.0044  0.1489585 0.0000e+00
        924      4.080    15.7981   3.077734     2.3333     2.3431     0.0044  0.1489585 0.0000e+00
        925      4.055    15.7974   3.077623     2.3333     2.3443     0.0044  0.1489585 0.0000e+00
        926      4.022    15.7957   3.077995     2.3345     2.3467     0.0044  0.1489585 0.0000e+00
        927      3.997    15.7949   3.077822     2.3358     2.3467     0.0044  0.1489585 0.0000e+00
        928      4.022    15.7972   3.077979     2.3370     2.3504     0.0044  0.1489585 0.0000e+00
        929      3.964    15.7981   3.078020     2.3382     2.3529     0.0044  0.1489585 0.0000e+00
        930      3.931    15.7910   3.077554     2.3382     2.3541     0.0044  0.1489585 0.0000e+00
        931      3.898    15.7789   3.076076     2.3382     2.3565     0.0044  0.1489585 0.0000e+00
        932      3.931    15.7667   3.073630     2.3406     2.3590     0.0044  0.1489585 0.0000e+00
        933      3.840    15.7607   3.071658     2.3431     2.3614     0.0044  0.1489585 0.0000e+00
        934      3.873    15.7531   3.070334     2.3431     2.3638     0.0044  0.1489585 0.0000e+00
        935      3.774    15.7413   3.068329     2.3431     2.3663     0.0044  0.1489585 0.0000e+00
        936      3.807    15.7312   3.065816     2.3443     2.3687     0.0044  0.1489585 0.0000e+00
        937      3.774    15.7213   3.063708     2.3467     2.3712     0.0044  0.1489585 0.0000e+00
        938      3.750    15.7159   3.062170     2.3480     2.3748     0.0044  0.1489585 0.0000e+00
        939      3.717    15.7099   3.061051     2.3480     2.3773     0.0044  0.1489585 0.0000e+00
        940      3.717    15.7028   3.059687     2.3467     2.3797     0.0046  0.1514005 0.0000e+00
        941      3.692    15.6997   3.058110     2.3492     2.3834     0.0046  0.1538425 0.0000e+00
        942      3.593    15.6960   3.056474     2.3516     2.3858     0.0046  0.1548193 0.0000e+00
        943      3.626    15.6838   3.054840     2.3528     2.3895     0.0046  0.1548193 0.0000e+00
        944      3.593    15.6604   3.051923     2.3516     2.3919     0.0046  0.1543309 0.0000e+00
        945      3.626    15.6465   3.047901     2.3528     2.3944     0.0046  0.1548193 0.0000e+00
        946      3.535    15.6389   3.044570     2.3528     2.3968     0.0046  0.1548193 0.0000e+00
        947      3.502    15.6357   3.042956     2.3565     2.4005     0.0046  0.1548193 0.0000e+00
        948      3.535    15.6297   3.042164     2.3565     2.4029     0.0046  0.1543309 0.0000e+00
        949      3.502    15.6246   3.041063     2.3565     2.4066     0.0046  0.1543309 0.0000e+00
        950      3.412    15.6240   3.040437     2.3577     2.4090     0.0046  0.1548193 0.0000e+00
        951      3.469    15.6233   3.040290     2.3577     2.4115     0.0046  0.1548193 0.0000e+00
        952      3.379    15.6230   3.040150     2.3614     2.4139     0.0046  0.1543309 0.0000e+00
        953      3.412    15.6234   3.040248     2.3614     2.4163     0.0046  0.1543309 0.0000e+00
        954      3.321    15.6238   3.040232     2.3614     2.4200     0.0046  0.1548193 0.0000e+00
        955      3.346    15.6252   3.040110     2.3614     2.4224     0.0046  0.1538425 0.0000e+00
        956      3.321    15.6277   3.040349     2.3638     2.4249     0.0046  0.1548193 0.0000e+00
        957      3.288    15.6292   3.040807     2.3663     2.4286     0.0046  0.1538425 0.0000e+00
        958      3.263    15.6297   3.041071     2.3651     2.4298     0.0046  0.1543309 0.0000e+00
        959      3.230    15.6307   3.041348     2.3663     2.4334     0.0046  0.1548193 0.0000e+00
        960      3.263    15.6329   3.041670     2.3663     2.4359     0.0046  0.1548193 0.0000e+00
