code/data/2021/ctd_data_day2/station6_ctm.cnv
* Sea-Bird SBE 9 Data File:
* FileName = C:\Users\CTD-User\Desktop\MAR440\day2\station6.hex
* Software Version Seasave V 7.26.2.13
* Temperature SN = 6313
* Conductivity SN = 4758
* Number of Bytes Per Scan = 37
* Number of Voltage Words = 4
* Number of Scans Averaged by the Deck Unit = 1
* NMEA Latitude = 58 18.87 N
* NMEA Longitude = 011 46.44 E
* NMEA UTC (Time) = Sep 22 2021 10:40:23
* NMEA baud rate = 4800
** Ship: Skagerrak
** Station: station6
** Operator: group2blu
# nquan = 9
# nvalues = 3719                        
# units = specified
# name 0 = scan: Scan Count
# name 1 = prDM: Pressure, Digiquartz [db]
# name 2 = t090C: Temperature [ITS-90, deg C]
# name 3 = c0S/m: Conductivity [S/m]
# name 4 = sbeox0V: Oxygen raw, SBE 43 [V]
# name 5 = sbeox1V: Oxygen raw, SBE 43, 2 [V]
# name 6 = flECO-AFL: Fluorescence, WET Labs ECO-AFL/FL [mg/m^3]
# name 7 = upoly0: Upoly 0, Turbidity
# name 8 = flag:  0.000e+00
# span 0 =          1,       3719       
# span 1 =      0.217,     37.875       
# span 2 =     6.7156,    16.0704       
# span 3 =   2.942919,   3.752195       
# span 4 =     0.5138,     2.8083       
# span 5 =     0.5761,     2.7851       
# span 6 =     0.0033,     0.0304       
# span 7 =  0.0859548,  0.1621453       
# span 8 = 0.0000e+00, 0.0000e+00       
# interval = seconds: 0.0416667
# start_time = Sep 22 2021 10:40:23 [NMEA time, header]
# bad_flag = -9.990e-29
*END*
[from data line 3681]
       3682     37.628     7.3122   3.300600     0.5553     0.6445     0.0066  0.0874200 0.0000e+00
       3683     37.694     7.2921   3.300387     0.5553     0.6445     0.0066  0.0874200 0.0000e+00
       3684     37.694     7.3130   3.301348     0.5553     0.6445     0.0066  0.0874200 0.0000e+00
       3685     37.694     7.4029   3.303092     0.5590     0.6457     0.0066  0.0874200 0.0000e+00
       3686     37.694     7.4906   3.304994     0.5578     0.6469     0.0066  0.0874200 0.0000e+00
       3687     37.694     7.5422   3.306122     0.5590     0.6469     0.0066  0.0874200 0.0000e+00
       3688     37.628     7.5755   3.306935     0.5565     0.6469     0.0066  0.0874200 0.0000e+00
       3689     37.694     7.5741   3.307585     0.5578     0.6481     0.0066  0.0874200 0.0000e+00
       3690     37.694     7.6004   3.308694     0.5578     0.6481     0.0066  0.0874200 0.0000e+00
       3691     37.628     7.6422   3.310142     0.5578     0.6494     0.0064  0.0869316 0.0000e+00
       3692     37.694     7.6742   3.311283     0.5590     0.6494     0.0064  0.0869316 0.0000e+00
       3693     37.694     7.7073   3.312012     0.5578     0.6506     0.0064  0.0869316 0.0000e+00
       3694     37.694     7.7288   3.312388     0.5590     0.6506     0.0064  0.0869316 0.0000e+00
       3695     37.694     7.7570   3.313064     0.5590     0.6518     0.0064  0.0864432 0.0000e+00
       3696     37.628     7.8044   3.315003     0.5590     0.6518     0.0064  0.0869316 0.0000e+00
       3697     37.694     7.8516   3.317476     0.5590     0.6530     0.0064  0.0869316 0.0000e+00
       3698     37.694     7.8503   3.319378     0.5590     0.6530     0.0064  0.0869316 0.0000e+00
       3699     37.694     7.8373   3.320374     0.5590     0.6530     0.0064  0.0869316 0.0000e+00
       3700     37.694     7.8229   3.320327     0.5614     0.6542     0.0064  0.0869316 0.0000e+00
       3701     37.628     7.8238   3.319853     0.5602     0.6542     0.0064  0.0869316 0.0000e+00
       3702     37.694     7.8521   3.319635     0.5602     0.6542     0.0064  0.0869316 0.0000e+00
       3703     37.694     7.8539   3.319705     0.5602     0.6555     0.0062  0.0869316 0.0000e+00
       3704     37.628     7.8428   3.320258     0.5602     0.6555     0.0064  0.0869316 0.0000e+00
       3705     37.694     7.8201   3.321236     0.5639     0.6567     0.0064  0.0869316 0.0000e+00
       3706     37.694     7.8241   3.322335     0.5614     0.6567     0.0064  0.0869316 0.0000e+00
       3707     37.694     7.8750   3.323556     0.5614     0.6567     0.0064  0.0869316 0.0000e+00
       3708     37.628     7.9127   3.324554     0.5614     0.6579     0.0064  0.0869316 0.0000e+00
       3709     37.694     7.8954   3.324600     0.5626     0.6579     0.0064  0.0864432 0.0000e+00
       3710     37.694     7.8624   3.324385     0.5639     0.6579     0.0064  0.0864432 0.0000e+00
       3711     37.694     7.8721   3.324393     0.5626     0.6591     0.0064  0.0869316 0.0000e+00
       3712     37.628     7.8758   3.324787     0.5626     0.6591     0.0064  0.0869316 0.0000e+00
       3713     37.693     7.8692   3.325322     0.5639     0.6604     0.0064  0.0869316 0.0000e+00
       3714     37.627     7.8779   3.326065     0.5663     0.6604     0.0064  0.0869316 0.0000e+00
       3715     37.693     7.9022   3.327094     0.5663     0.6604     0.0064  0.0869316 0.0000e+00
       3716     37.693     7.9358   3.327772     0.5651     0.6616     0.0062  0.0869316 0.0000e+00
       3717     37.693     7.9466   3.328383     0.5651     0.6616     0.0062  0.0869316 0.0000e+00
       3718     37.504     7.9262   3.328497     0.5651     0.6616     0.0062  0.0874200 0.0000e+00
       3719     37.875     7.9084   3.328506     0.5688     0.6628     0.0062  0.0874200 0.0000e+00
