code/data/2021/ctd_data_day2/station9_ctm_fil_le_der_avg.cnv
* Sea-Bird SBE 9 Data File:
* FileName = C:\Users\CTD-User\Desktop\MAR440\day2\station9.hex
* Software Version Seasave V 7.26.2.13
* Temperature SN = 6313
* Conductivity SN = 4758
* Number of Bytes Per Scan = 37
* Number of Voltage Words = 4
* Number of Scans Averaged by the Deck Unit = 1
* NMEA Latitude = 58 19.82 N
* NMEA Longitude = 011 51.84 E
* NMEA UTC (Time) = Sep 22 2021 11:46:38
* NMEA baud rate = 4800
** Ship: Skagerrak
** Station: station9
** Operator: group2blue
# nquan = 13
# nvalues = 42                          
# units = specified
# name 0 = scan: Scan Count
# name 1 = prDM: Pressure, Digiquartz [db]
# name 2 = t090C: Temperature [ITS-90, deg C]
# name 3 = c0S/m: Conductivity [S/m]
# name 4 = sbeox0V: Oxygen raw, SBE 43 [V]
# name 5 = sbeox1V: Oxygen raw, SBE 43, 2 [V]
# name 6 = flECO-AFL: Fluorescence, WET Labs ECO-AFL/FL [mg/m^3]
# name 7 = upoly0: Upoly 0, Turbidity
# name 8 = depSM: Depth [salt water, m], lat = 58.3303
# name 9 = sal00: Salinity, Practical [PSU]
# name 10 = sbeox0ML/L: Oxygen, SBE 43 [ml/l], WS = 2
# name 11 = sbeox1ML/L: Oxygen, SBE 43, 2 [ml/l], WS = 2
# name 12 = flag: flag
# span 0 =       1017,       3042       
# span 1 =      1.009,     42.398       
# span 2 =     8.0191,    15.5990       
# span 3 =   2.980537,   3.477209       
# span 4 =     0.4761,     2.7060       
# span 5 =     0.5431,     2.6533       
# span 6 =     0.0037,     0.0136       
# span 7 =  0.0885126,  0.2071621       
# span 8 =      1.000,     42.000       
# span 9 =    23.1733,    32.1392       
# span 10 =    -0.1259,     6.4848      
# span 11 =     0.1945,     5.5392      
# span 12 = 0.0000e+00, 0.0000e+00      
# interval = meters: 1                  
# start_time = Sep 22 2021 11:46:38 [NMEA time, header]
# bad_flag = -9.990e-29
*END*
       1017      1.009    15.3038   2.980537     2.7010     2.6432     0.0045  0.1703408      1.000    23.1733     6.4848     5.5392 0.0000e+00
       1068      2.019    15.4789   3.024334     2.7060     2.6533     0.0051  0.1712753      2.000    23.4442     6.4368     5.4987 0.0000e+00
       1115      3.028    15.3965   3.012509     2.6852     2.6281     0.0049  0.1688034      3.000    23.3916     6.2949     5.3643 0.0000e+00
       1162      4.038    15.3933   3.014731     2.6556     2.5971     0.0051  0.1718681      4.000    23.4122     6.2712     5.3443 0.0000e+00
       1211      5.047    15.4233   3.017307     2.6529     2.5929     0.0050  0.1737341      5.000    23.4162     6.2901     5.3512 0.0000e+00
       1259      6.056    15.4114   3.019301     2.6479     2.5892     0.0049  0.1695757      6.000    23.4401     6.2692     5.3478 0.0000e+00
       1308      7.066    15.4074   3.016163     2.6432     2.5862     0.0049  0.1720138      7.000    23.4153     6.2621     5.3375 0.0000e+00
       1355      8.075    15.5233   3.103105     2.6440     2.5880     0.0049  0.1692340      8.000    24.0897     6.2335     5.3216 0.0000e+00
       1401      9.085    15.5990   3.214240     2.6127     2.5499     0.0046  0.1402691      9.000    24.9961     5.8301     4.9331 0.0000e+00
       1446     10.094    15.3319   3.293595     2.4496     2.3766     0.0049  0.1066653     10.000    25.8541     5.0494     4.3021 0.0000e+00
       1492     11.103    14.4709   3.377050     2.2267     2.1657     0.0042  0.0926878     11.000    27.1712     4.2883     3.7154 0.0000e+00
       1536     12.113    14.0602   3.392629     1.9549     1.9101     0.0039  0.0909473     12.000    27.5998     3.3549     2.9819 0.0000e+00
       1580     13.122    13.4199   3.393723     1.6966     1.6777     0.0037  0.0904794     13.000    28.0740     2.8211     2.5905 0.0000e+00
       1625     14.132    12.7246   3.410515     1.5144     1.5157     0.0037  0.0908155     14.000    28.7494     2.4688     2.3051 0.0000e+00
       1670     15.141    12.2063   3.459219     1.3611     1.3723     0.0037  0.0899590     15.000    29.6088     2.0887     1.9760 0.0000e+00
       1717     16.151    11.8633   3.477209     1.2340     1.2512     0.0037  0.0885126     16.000    30.0536     1.8322     1.7717 0.0000e+00
       1763     17.160    10.9390   3.425367     1.1468     1.1721     0.0039  0.0886595     17.000    30.3048     1.6751     1.6498 0.0000e+00
       1809     18.170     9.1958   3.306327     1.0572     1.0826     0.0045  0.0940023     18.000    30.5765     1.2611     1.2744 0.0000e+00
       1855     19.179     8.2104   3.241798     0.9037     0.9169     0.0067  0.1190049     19.000    30.7600     0.5207     0.6178 0.0000e+00
       1902     20.189     8.0191   3.239893     0.7454     0.7570     0.0111  0.1785509     20.000    30.9077     0.2184     0.3940 0.0000e+00
       1950     21.198     8.0779   3.260653     0.6511     0.6719     0.0136  0.2071621     21.000    31.0744     0.1565     0.3694 0.0000e+00
       1996     22.208     8.1453   3.279127     0.6003     0.6320     0.0112  0.1743235     22.000    31.2091     0.1108     0.3529 0.0000e+00
       2041     23.217     8.2053   3.294032     0.5700     0.6112     0.0101  0.1495776     23.000    31.3122     0.0698     0.3355 0.0000e+00
       2085     24.227     8.2737   3.310229     0.5494     0.5984     0.0101  0.1327980     24.000    31.4212     0.0373     0.3184 0.0000e+00
       2131     25.236     8.3581   3.329954     0.5342     0.5894     0.0098  0.1201231     25.000    31.5526     0.0084     0.3047 0.0000e+00
       2179     26.246     8.4278   3.347054     0.5226     0.5828     0.0100  0.1158583     26.000    31.6692    -0.0149     0.2915 0.0000e+00
       2225     27.255     8.4960   3.363481     0.5139     0.5774     0.0082  0.1129310     27.000    31.7796    -0.0327     0.2784 0.0000e+00
       2270     28.265     8.5408   3.374080     0.5077     0.5733     0.0078  0.1120535     28.000    31.8498    -0.0452     0.2709 0.0000e+00
       2315     29.274     8.5932   3.386155     0.5026     0.5698     0.0069  0.1120971     29.000    31.9284    -0.0575     0.2614 0.0000e+00
       2361     30.284     8.6398   3.396872     0.4987     0.5664     0.0058  0.1127023     30.000    31.9978    -0.0656     0.2532 0.0000e+00
       2407     31.293     8.6681   3.403338     0.4952     0.5637     0.0051  0.1129413     31.000    32.0393    -0.0743     0.2474 0.0000e+00
       2453     32.303     8.6852   3.407804     0.4924     0.5615     0.0048  0.1136052     32.000    32.0701    -0.0815     0.2430 0.0000e+00
       2497     33.312     8.6946   3.410639     0.4902     0.5595     0.0044  0.1144101     33.000    32.0907    -0.0868     0.2368 0.0000e+00
       2542     34.322     8.6994   3.411891     0.4880     0.5576     0.0042  0.1143370     34.000    32.0990    -0.0936     0.2317 0.0000e+00
       2588     35.331     8.7028   3.413328     0.4863     0.5556     0.0041  0.1143966     35.000    32.1104    -0.0969     0.2279 0.0000e+00
       2635     36.341     8.7037   3.414117     0.4848     0.5541     0.0040  0.1147574     36.000    32.1174    -0.1013     0.2235 0.0000e+00
       2682     37.350     8.7011   3.414659     0.4832     0.5526     0.0040  0.1151358     37.000    32.1250    -0.1073     0.2200 0.0000e+00
       2727     38.360     8.6982   3.415028     0.4818     0.5513     0.0040  0.1153998     38.000    32.1310    -0.1096     0.2175 0.0000e+00
       2774     39.370     8.6955   3.414904     0.4810     0.5499     0.0039  0.1155726     39.000    32.1317    -0.1104     0.2128 0.0000e+00
       2845     40.379     8.6967   3.414336     0.4798     0.5480     0.0038  0.1164844     40.000    32.1243    -0.1160     0.2084 0.0000e+00
       2948     41.389     8.6925   3.414953     0.4778     0.5453     0.0039  0.1163876     41.000    32.1340    -0.1218     0.2013 0.0000e+00
       3042     42.398     8.6844   3.414783     0.4761     0.5431     0.0038  0.1168808     42.000    32.1392    -0.1259     0.1945 0.0000e+00
