code/data/2021/ctd_data_day2/station1_ctm.cnv
* Sea-Bird SBE 9 Data File:
* FileName = C:\Users\CTD-User\Desktop\MAR440\day2\station1.hex
* Software Version Seasave V 7.26.2.13
* Temperature SN = 6313
* Conductivity SN = 4758
* Number of Bytes Per Scan = 37
* Number of Voltage Words = 4
* Number of Scans Averaged by the Deck Unit = 1
* NMEA Latitude = 58 20.54 N
* NMEA Longitude = 011 54.21 E
* NMEA UTC (Time) = Sep 22 2021 08:39:44
* NMEA baud rate = 4800
** Ship: Skagerak
** Station: 1
** Operator: JD
# nquan = 9
# nvalues = 2892                        
# units = specified
# name 0 = scan: Scan Count
# name 1 = prDM: Pressure, Digiquartz [db]
# name 2 = t090C: Temperature [ITS-90, deg C]
# name 3 = c0S/m: Conductivity [S/m]
# name 4 = sbeox0V: Oxygen raw, SBE 43 [V]
# name 5 = sbeox1V: Oxygen raw, SBE 43, 2 [V]
# name 6 = flECO-AFL: Fluorescence, WET Labs ECO-AFL/FL [mg/m^3]
# name 7 = upoly0: Upoly 0, Turbidity
# name 8 = flag:  0.000e+00
# span 0 =          1,       2892       
# span 1 =      0.589,     14.316       
# span 2 =    12.0823,    16.0740       
# span 3 =   2.891024,   3.411059       
# span 4 =     1.5872,     2.8523       
# span 5 =     1.5506,     2.7338       
# span 6 =     0.0046,     0.0064       
# span 7 =  0.0927924,  0.1938913       
# span 8 = 0.0000e+00, 0.0000e+00       
# interval = seconds: 0.0416667
# start_time = Sep 22 2021 08:39:44 [NMEA time, header]
# bad_flag = -9.990e-29
*END*
          1      1.750    15.1983   2.922262     2.1832     2.2357     0.0051  0.1836349 0.0000e+00
          2      1.725    15.1983   2.922229     2.1832     2.2357     0.0053  0.1836349 0.0000e+00
          3      1.750    15.1985   2.922197     2.1832     2.2357     0.0053  0.1836349 0.0000e+00
          4      1.783    15.1987   2.922132     2.1832     2.2357     0.0053  0.1836349 0.0000e+00
          5      1.750    15.1987   2.921945     2.1819     2.2344     0.0053  0.1836349 0.0000e+00
          6      1.783    15.1985   2.921790     2.1819     2.2332     0.0051  0.1836349 0.0000e+00
          7      1.750    15.1990   2.921880     2.1819     2.2332     0.0051  0.1836349 0.0000e+00
          8      1.783    15.1990   2.922171     2.1819     2.2344     0.0053  0.1836349 0.0000e+00
          9      1.750    15.1992   2.922270     2.1819     2.2344     0.0053  0.1836349 0.0000e+00
         10      1.725    15.1995   2.922360     2.1819     2.2332     0.0051  0.1836349 0.0000e+00
         11      1.816    15.1993   2.922425     2.1819     2.2320     0.0051  0.1836349 0.0000e+00
         12      1.783    15.1995   2.922585     2.1819     2.2320     0.0051  0.1836349 0.0000e+00
         13      1.750    15.1994   2.922875     2.1807     2.2320     0.0053  0.1836349 0.0000e+00
         14      1.783    15.1993   2.923188     2.1807     2.2320     0.0051  0.1836349 0.0000e+00
         15      1.816    15.1991   2.923484     2.1807     2.2308     0.0051  0.1836349 0.0000e+00
         16      1.783    15.1989   2.923659     2.1807     2.2308     0.0051  0.1831465 0.0000e+00
         17      1.750    15.1987   2.923751     2.1807     2.2308     0.0053  0.1855885 0.0000e+00
         18      1.849    15.1985   2.923713     2.1807     2.2308     0.0049  0.1865653 0.0000e+00
         19      1.750    15.1979   2.923693     2.1795     2.2295     0.0049  0.1870537 0.0000e+00
         20      1.849    15.1978   2.923748     2.1795     2.2295     0.0049  0.1870537 0.0000e+00
         21      1.750    15.1973   2.923806     2.1795     2.2295     0.0049  0.1870537 0.0000e+00
         22      1.849    15.1970   2.923827     2.1795     2.2295     0.0049  0.1870537 0.0000e+00
         23      1.750    15.1965   2.923902     2.1795     2.2295     0.0049  0.1870537 0.0000e+00
         24      1.783    15.1970   2.923849     2.1795     2.2295     0.0049  0.1870537 0.0000e+00
         25      1.816    15.1970   2.923740     2.1795     2.2295     0.0049  0.1870537 0.0000e+00
         26      1.783    15.1972   2.923614     2.1795     2.2295     0.0049  0.1870537 0.0000e+00
         27      1.816    15.1973   2.923411     2.1783     2.2283     0.0049  0.1865653 0.0000e+00
         28      1.783    15.1976   2.923423     2.1795     2.2295     0.0049  0.1870537 0.0000e+00
         29      1.816    15.1976   2.923363     2.1783     2.2295     0.0049  0.1870537 0.0000e+00
         30      1.783    15.1977   2.923320     2.1783     2.2271     0.0049  0.1870537 0.0000e+00
         31      1.816    15.1973   2.923202     2.1783     2.2271     0.0049  0.1870537 0.0000e+00
         32      1.783    15.1973   2.923208     2.1783     2.2271     0.0049  0.1865653 0.0000e+00
         33      1.816    15.1974   2.923000     2.1783     2.2271     0.0049  0.1870537 0.0000e+00
         34      1.783    15.1971   2.922927     2.1783     2.2271     0.0049  0.1870537 0.0000e+00
         35      1.750    15.1971   2.922861     2.1783     2.2271     0.0049  0.1870537 0.0000e+00
         36      1.783    15.1968   2.922860     2.1783     2.2271     0.0049  0.1870537 0.0000e+00
         37      1.816    15.1967   2.922887     2.1770     2.2271     0.0049  0.1870537 0.0000e+00
         38      1.783    15.1966   2.922931     2.1770     2.2259     0.0049  0.1870537 0.0000e+00
         39      1.816    15.1966   2.922865     2.1770     2.2259     0.0049  0.1870537 0.0000e+00
         40      1.783    15.1964   2.922634     2.1770     2.2259     0.0049  0.1870537 0.0000e+00
         41      1.750    15.1964   2.922584     2.1770     2.2271     0.0049  0.1865653 0.0000e+00
         42      1.783    15.1964   2.922573     2.1770     2.2259     0.0053  0.1851001 0.0000e+00
         43      1.816    15.1960   2.922582     2.1770     2.2259     0.0053  0.1792393 0.0000e+00
         44      1.783    15.1962   2.922572     2.1770     2.2259     0.0053  0.1772857 0.0000e+00
         45      1.750    15.1961   2.922462     2.1770     2.2259     0.0053  0.1772857 0.0000e+00
         46      1.849    15.1960   2.922490     2.1770     2.2259     0.0053  0.1772857 0.0000e+00
         47      1.750    15.1958   2.922280     2.1770     2.2259     0.0053  0.1772857 0.0000e+00
         48      1.849    15.1958   2.922209     2.1770     2.2271     0.0053  0.1772857 0.0000e+00
         49      1.750    15.1958   2.922275     2.1758     2.2271     0.0053  0.1772857 0.0000e+00
         50      1.849    15.1958   2.922478     2.1758     2.2271     0.0053  0.1772857 0.0000e+00
         51      1.816    15.1957   2.922472     2.1758     2.2295     0.0053  0.1772857 0.0000e+00
         52      1.849    15.1956   2.922433     2.1758     2.2295     0.0053  0.1772857 0.0000e+00
         53      1.783    15.1954   2.922548     2.1758     2.2271     0.0053  0.1772857 0.0000e+00
         54      1.816    15.1957   2.922692     2.1758     2.2295     0.0053  0.1772857 0.0000e+00
         55      1.849    15.1956   2.922911     2.1758     2.2295     0.0053  0.1772857 0.0000e+00
         56      1.816    15.1954   2.923202     2.1758     2.2271     0.0053  0.1772857 0.0000e+00
         57      1.849    15.1956   2.923417     2.1758     2.2295     0.0053  0.1772857 0.0000e+00
         58      1.816    15.1957   2.923565     2.1758     2.2295     0.0053  0.1772857 0.0000e+00
         59      1.849    15.1954   2.923680     2.1758     2.2295     0.0053  0.1772857 0.0000e+00
         60      1.816    15.1953   2.923768     2.1758     2.2283     0.0053  0.1772857 0.0000e+00
         61      1.849    15.1953   2.923872     2.1758     2.2283     0.0053  0.1772857 0.0000e+00
         62      1.816    15.1951   2.923959     2.1758     2.2295     0.0053  0.1772857 0.0000e+00
         63      1.907    15.1949   2.924018     2.1758     2.2295     0.0053  0.1772857 0.0000e+00
         64      1.816    15.1949   2.924101     2.1758     2.2295     0.0053  0.1772857 0.0000e+00
         65      1.783    15.1950   2.924118     2.1758     2.2295     0.0053  0.1772857 0.0000e+00
         66      1.874    15.1949   2.924013     2.1758     2.2295     0.0053  0.1772857 0.0000e+00
         67      1.783    15.1958   2.923940     2.1758     2.2295     0.0053  0.1772857 0.0000e+00
         68      1.816    15.1961   2.923661     2.1758     2.2295     0.0057  0.1777741 0.0000e+00
         69      1.849    15.1964   2.923513     2.1746     2.2308     0.0060  0.1777741 0.0000e+00
         70      1.816    15.1966   2.923267     2.1746     2.2308     0.0059  0.1777741 0.0000e+00
         71      1.849    15.1971   2.923154     2.1746     2.2320     0.0060  0.1777741 0.0000e+00
         72      1.816    15.1972   2.922956     2.1758     2.2320     0.0060  0.1777741 0.0000e+00
         73      1.783    15.1975   2.922755     2.1758     2.2320     0.0059  0.1777741 0.0000e+00
         74      1.816    15.1978   2.922503     2.1746     2.2320     0.0059  0.1777741 0.0000e+00
         75      1.849    15.1980   2.922153     2.1746     2.2344     0.0060  0.1777741 0.0000e+00
         76      1.816    15.1982   2.921889     2.1746     2.2332     0.0059  0.1777741 0.0000e+00
         77      1.783    15.1981   2.921796     2.1746     2.2332     0.0059  0.1777741 0.0000e+00
         78      1.816    15.1983   2.921907     2.1746     2.2332     0.0059  0.1777741 0.0000e+00
         79      1.849    15.1982   2.921823     2.1746     2.2344     0.0060  0.1777741 0.0000e+00
         80      1.816    15.1983   2.921638     2.1746     2.2344     0.0059  0.1777741 0.0000e+00
         81      1.783    15.1983   2.921610     2.1758     2.2344     0.0060  0.1777741 0.0000e+00
         82      1.816    15.1983   2.921764     2.1746     2.2344     0.0060  0.1777741 0.0000e+00
         83      1.849    15.1983   2.922060     2.1746     2.2357     0.0060  0.1777741 0.0000e+00
         84      1.816    15.1983   2.922258     2.1746     2.2357     0.0060  0.1777741 0.0000e+00
         85      1.849    15.1981   2.922444     2.1758     2.2357     0.0060  0.1777741 0.0000e+00
         86      1.874    15.1983   2.922555     2.1758     2.2369     0.0060  0.1777741 0.0000e+00
         87      1.849    15.1983   2.922697     2.1746     2.2369     0.0059  0.1777741 0.0000e+00
         88      1.816    15.1983   2.922901     2.1746     2.2369     0.0059  0.1777741 0.0000e+00
         89      1.849    15.1980   2.923096     2.1746     2.2369     0.0059  0.1777741 0.0000e+00
         90      1.816    15.1975   2.923293     2.1746     2.2393     0.0060  0.1777741 0.0000e+00
         91      1.849    15.1973   2.923419     2.1746     2.2381     0.0059  0.1777741 0.0000e+00
         92      1.874    15.1971   2.923341     2.1746     2.2393     0.0060  0.1777741 0.0000e+00
         93      1.849    15.1970   2.923264     2.1746     2.2393     0.0059  0.1772857 0.0000e+00
         94      1.816    15.1970   2.923104     2.1746     2.2393     0.0064  0.1753321 0.0000e+00
         95      1.849    15.1970   2.923077     2.1746     2.2393     0.0064  0.1743553 0.0000e+00
         96      1.816    15.1970   2.923066     2.1746     2.2405     0.0064  0.1743553 0.0000e+00
         97      1.849    15.1966   2.922916     2.1746     2.2405     0.0064  0.1743553 0.0000e+00
         98      1.874    15.1966   2.922789     2.1746     2.2405     0.0062  0.1743553 0.0000e+00
         99      1.849    15.1963   2.922613     2.1746     2.2418     0.0064  0.1743553 0.0000e+00
        100      1.816    15.1962   2.922316     2.1746     2.2418     0.0064  0.1743553 0.0000e+00
        101      1.849    15.1960   2.922051     2.1746     2.2418     0.0064  0.1743553 0.0000e+00
        102      1.816    15.1960   2.921931     2.1746     2.2442     0.0064  0.1743553 0.0000e+00
        103      1.849    15.1955   2.921912     2.1746     2.2442     0.0064  0.1743553 0.0000e+00
        104      1.874    15.1954   2.921868     2.1746     2.2442     0.0064  0.1743553 0.0000e+00
        105      1.783    15.1951   2.921790     2.1746     2.2442     0.0064  0.1743553 0.0000e+00
        106      1.874    15.1949   2.921647     2.1746     2.2442     0.0064  0.1743553 0.0000e+00
        107      1.849    15.1947   2.921706     2.1746     2.2430     0.0064  0.1743553 0.0000e+00
        108      1.816    15.1946   2.921948     2.1746     2.2442     0.0064  0.1743553 0.0000e+00
        109      1.849    15.1941   2.922132     2.1746     2.2442     0.0064  0.1743553 0.0000e+00
        110      1.816    15.1938   2.922258     2.1746     2.2442     0.0064  0.1743553 0.0000e+00
        111      1.849    15.1936   2.922383     2.1746     2.2442     0.0064  0.1743553 0.0000e+00
        112      1.816    15.1937   2.922565     2.1746     2.2442     0.0064  0.1743553 0.0000e+00
        113      1.783    15.1934   2.922795     2.1746     2.2454     0.0064  0.1743553 0.0000e+00
        114      1.874    15.1935   2.922998     2.1734     2.2454     0.0064  0.1743553 0.0000e+00
        115      1.783    15.1934   2.923295     2.1734     2.2454     0.0064  0.1743553 0.0000e+00
        116      1.783    15.1931   2.923436     2.1746     2.2454     0.0064  0.1743553 0.0000e+00
        117      1.874    15.1931   2.923437     2.1734     2.2466     0.0062  0.1743553 0.0000e+00
        118      1.849    15.1930   2.923348     2.1734     2.2466     0.0064  0.1743553 0.0000e+00
        119      1.816    15.1929   2.923381     2.1734     2.2466     0.0057  0.1743553 0.0000e+00
        120      1.849    15.1926   2.923275     2.1746     2.2491     0.0053  0.1743553 0.0000e+00
        121      1.816    15.1926   2.923253     2.1734     2.2491     0.0053  0.1743553 0.0000e+00
        122      1.849    15.1922   2.923225     2.1734     2.2491     0.0053  0.1743553 0.0000e+00
        123      1.816    15.1924   2.923127     2.1734     2.2466     0.0051  0.1743553 0.0000e+00
        124      1.849    15.1921   2.923076     2.1734     2.2491     0.0053  0.1743553 0.0000e+00
        125      1.816    15.1923   2.922846     2.1734     2.2479     0.0051  0.1743553 0.0000e+00
        126      1.849    15.1924   2.922605     2.1734     2.2479     0.0051  0.1743553 0.0000e+00
        127      1.816    15.1924   2.922429     2.1746     2.2491     0.0053  0.1743553 0.0000e+00
        128      1.849    15.1924   2.922429     2.1734     2.2479     0.0051  0.1743553 0.0000e+00
        129      1.874    15.1925   2.922348     2.1734     2.2491     0.0053  0.1743553 0.0000e+00
        130      1.849    15.1926   2.922227     2.1722     2.2491     0.0053  0.1743553 0.0000e+00
        131      1.816    15.1924   2.922100     2.1722     2.2491     0.0053  0.1743553 0.0000e+00
        132      1.783    15.1925   2.921815     2.1722     2.2479     0.0051  0.1743553 0.0000e+00
        133      1.874    15.1921   2.921610     2.1722     2.2479     0.0051  0.1743553 0.0000e+00
        134      1.783    15.1924   2.921634     2.1722     2.2479     0.0051  0.1743553 0.0000e+00
        135      1.874    15.1924   2.921716     2.1722     2.2491     0.0053  0.1743553 0.0000e+00
        136      1.783    15.1925   2.921738     2.1722     2.2491     0.0053  0.1743553 0.0000e+00
        137      1.816    15.1922   2.921754     2.1722     2.2491     0.0053  0.1743553 0.0000e+00
        138      1.849    15.1924   2.921513     2.1722     2.2479     0.0051  0.1743553 0.0000e+00
        139      1.816    15.1926   2.921454     2.1722     2.2479     0.0051  0.1743553 0.0000e+00
        140      1.783    15.1925   2.921465     2.1722     2.2491     0.0053  0.1743553 0.0000e+00
        141      1.816    15.1924   2.921464     2.1709     2.2479     0.0051  0.1743553 0.0000e+00
        142      1.849    15.1924   2.921480     2.1722     2.2491     0.0053  0.1743553 0.0000e+00
        143      1.816    15.1922   2.921327     2.1722     2.2491     0.0053  0.1743553 0.0000e+00
        144      1.783    15.1924   2.921212     2.1722     2.2491     0.0053  0.1748437 0.0000e+00
        145      1.816    15.1924   2.921251     2.1722     2.2479     0.0048  0.1748437 0.0000e+00
        146      1.783    15.1922   2.921414     2.1722     2.2479     0.0048  0.1748437 0.0000e+00
        147      1.816    15.1923   2.921426     2.1722     2.2479     0.0048  0.1748437 0.0000e+00
        148      1.783    15.1922   2.921414     2.1722     2.2479     0.0048  0.1748437 0.0000e+00
        149      1.816    15.1922   2.921414     2.1709     2.2491     0.0049  0.1748437 0.0000e+00
        150      1.783    15.1921   2.921431     2.1722     2.2479     0.0048  0.1748437 0.0000e+00
        151      1.816    15.1923   2.921619     2.1709     2.2491     0.0049  0.1748437 0.0000e+00
        152      1.783    15.1919   2.921765     2.1709     2.2466     0.0048  0.1748437 0.0000e+00
        153      1.874    15.1922   2.921794     2.1709     2.2466     0.0048  0.1748437 0.0000e+00
        154      1.783    15.1921   2.921876     2.1709     2.2466     0.0048  0.1748437 0.0000e+00
        155      1.816    15.1923   2.922003     2.1709     2.2466     0.0048  0.1748437 0.0000e+00
        156      1.783    15.1926   2.922247     2.1709     2.2466     0.0048  0.1748437 0.0000e+00
        157      1.816    15.1924   2.922454     2.1709     2.2466     0.0046  0.1748437 0.0000e+00
        158      1.783    15.1928   2.922604     2.1709     2.2466     0.0049  0.1748437 0.0000e+00
        159      1.816    15.1946   2.922650     2.1697     2.2466     0.0049  0.1748437 0.0000e+00
        160      1.849    15.1978   2.922744     2.1697     2.2454     0.0048  0.1748437 0.0000e+00
