code/data/2021/ctd_data_day2/station7_ctm_fil_le_der_avg.cnv
* Sea-Bird SBE 9 Data File:
* FileName = C:\Users\CTD-User\Desktop\MAR440\day2\station7.hex
* Software Version Seasave V 7.26.2.13
* Temperature SN = 6313
* Conductivity SN = 4758
* Number of Bytes Per Scan = 37
* Number of Voltage Words = 4
* Number of Scans Averaged by the Deck Unit = 1
* NMEA Latitude = 58 19.09 N
* NMEA Longitude = 011 47.38 E
* NMEA UTC (Time) = Sep 22 2021 11:12:47
* NMEA baud rate = 4800
** Ship: Skagerrak
** Station: station7
** Operator: group1
# nquan = 13
# nvalues = 28                          
# units = specified
# name 0 = scan: Scan Count
# name 1 = prDM: Pressure, Digiquartz [db]
# name 2 = t090C: Temperature [ITS-90, deg C]
# name 3 = c0S/m: Conductivity [S/m]
# name 4 = sbeox0V: Oxygen raw, SBE 43 [V]
# name 5 = sbeox1V: Oxygen raw, SBE 43, 2 [V]
# name 6 = flECO-AFL: Fluorescence, WET Labs ECO-AFL/FL [mg/m^3]
# name 7 = upoly0: Upoly 0, Turbidity
# name 8 = depSM: Depth [salt water, m], lat = 58.3182
# name 9 = sal00: Salinity, Practical [PSU]
# name 10 = sbeox0ML/L: Oxygen, SBE 43 [ml/l], WS = 2
# name 11 = sbeox1ML/L: Oxygen, SBE 43, 2 [ml/l], WS = 2
# name 12 = flag: flag
# span 0 =        140,       2402       
# span 1 =      2.019,     29.274       
# span 2 =     8.2511,    15.9693       
# span 3 =   2.943147,   3.781311       
# span 4 =     0.8276,     2.8304       
# span 5 =     0.8591,     2.7662       
# span 6 =     0.0035,     0.0104       
# span 7 =  0.0868543,  0.1573866       
# span 8 =      2.000,     29.000       
# span 9 =    23.0936,    32.0327       
# span 10 =     0.5883,     6.9031      
# span 11 =     0.7423,     5.8592      
# span 12 = 0.0000e+00, 0.0000e+00      
# interval = meters: 1                  
# start_time = Sep 22 2021 11:12:47 [NMEA time, header]
# bad_flag = -9.990e-29
*END*
        140      2.019    14.8919   2.943147     2.8298     2.7662     0.0047  0.1553548      2.000    23.0936     6.8993     5.8592 0.0000e+00
        186      3.028    14.8961   2.943706     2.8290     2.7633     0.0052  0.1573866      3.000    23.0956     6.8997     5.8574 0.0000e+00
        232      4.038    14.9108   2.945378     2.8290     2.7620     0.0049  0.1565026      4.000    23.1011     6.9031     5.8575 0.0000e+00
        278      5.047    14.9601   2.951326     2.8304     2.7621     0.0049  0.1555253      5.000    23.1231     6.8971     5.8502 0.0000e+00
        325      6.056    15.0568   2.964002     2.8285     2.7578     0.0049  0.1549546      6.000    23.1751     6.8648     5.8134 0.0000e+00
        371      7.066    15.3100   3.000442     2.8215     2.7501     0.0048  0.1532741      7.000    23.3381     6.7803     5.7511 0.0000e+00
        416      8.075    15.7326   3.071299     2.8014     2.7318     0.0048  0.1462867      8.000    23.6918     6.5728     5.5828 0.0000e+00
        462      9.085    15.9693   3.189812     2.7263     2.6581     0.0048  0.1365780      9.000    24.5561     6.1032     5.2075 0.0000e+00
        945     10.094    15.7326   3.348108     2.4555     2.4001     0.0044  0.1058750     10.000    26.0636     5.0249     4.3398 0.0000e+00
       1569     11.103    15.1726   3.435745     2.0755     2.0387     0.0039  0.0950789     11.000    27.2013     3.8899     3.4329 0.0000e+00
       1618     12.113    14.7924   3.469397     1.8648     1.8450     0.0037  0.0931203     12.000    27.7637     3.3299     2.9848 0.0000e+00
       1664     13.122    14.5976   3.485931     1.6700     1.6660     0.0035  0.0921003     13.000    28.0498     2.8823     2.6421 0.0000e+00
       1711     14.132    14.3452   3.502182     1.5331     1.5474     0.0037  0.0915676     14.000    28.3784     2.6459     2.4702 0.0000e+00
       1757     15.141    13.9205   3.505261     1.4320     1.4592     0.0037  0.0908862     15.000    28.7198     2.4097     2.2883 0.0000e+00
       1802     16.151    13.4516   3.504090     1.3396     1.3755     0.0038  0.0914137     16.000    29.0618     2.1596     2.0835 0.0000e+00
       1848     17.160    13.4117   3.541180     1.2520     1.2928     0.0039  0.0909713     17.000    29.4335     1.9429     1.9111 0.0000e+00
       1894     18.170    13.5744   3.598900     1.1928     1.2438     0.0040  0.0900669     18.000    29.8387     1.8754     1.8807 0.0000e+00
       1940     19.179    13.6719   3.663977     1.1692     1.2316     0.0040  0.0891968     19.000    30.3611     1.8923     1.9157 0.0000e+00
       1986     20.189    13.4901   3.692321     1.1723     1.2455     0.0040  0.0885129     20.000    30.7677     1.9684     1.9995 0.0000e+00
       2032     21.198    13.0952   3.687730     1.1880     1.2685     0.0039  0.0879677     21.000    31.0451     2.0417     2.0727 0.0000e+00
       2077     22.208    12.9540   3.708786     1.2047     1.2915     0.0036  0.0873902     22.000    31.3581     2.1355     2.1781 0.0000e+00
       2123     23.217    13.1880   3.764780     1.2525     1.3498     0.0037  0.0868543     23.000    31.6888     2.3545     2.3800 0.0000e+00
       2169     24.227    13.1210   3.781311     1.3078     1.4095     0.0044  0.0871092     24.000    31.8997     2.4532     2.4534 0.0000e+00
       2215     25.236    12.4565   3.736018     1.3034     1.3909     0.0058  0.0874006     25.000    32.0327     2.1383     2.1139 0.0000e+00
       2262     26.246    11.2153   3.624384     1.1943     1.2572     0.0059  0.0872281     26.000    32.0197     1.6257     1.6499 0.0000e+00
       2307     27.255     9.7219   3.488496     1.0755     1.1290     0.0088  0.0878530     27.000    31.9732     1.3282     1.3968 0.0000e+00
       2353     28.265     8.9029   3.413795     0.9569     0.9965     0.0100  0.0879747     28.000    31.9375     0.8991     0.9877 0.0000e+00
       2402     29.274     8.2511   3.356711     0.8276     0.8591     0.0104  0.0877852     29.000    31.9294     0.5883     0.7423 0.0000e+00
