code/data/2021/ctd_data_day2/station9_ctm.cnv
* Sea-Bird SBE 9 Data File:
* FileName = C:\Users\CTD-User\Desktop\MAR440\day2\station9.hex
* Software Version Seasave V 7.26.2.13
* Temperature SN = 6313
* Conductivity SN = 4758
* Number of Bytes Per Scan = 37
* Number of Voltage Words = 4
* Number of Scans Averaged by the Deck Unit = 1
* NMEA Latitude = 58 19.82 N
* NMEA Longitude = 011 51.84 E
* NMEA UTC (Time) = Sep 22 2021 11:46:38
* NMEA baud rate = 4800
** Ship: Skagerrak
** Station: station9
** Operator: group2blue
# nquan = 9
# nvalues = 3112                        
# units = specified
# name 0 = scan: Scan Count
# name 1 = prDM: Pressure, Digiquartz [db]
# name 2 = t090C: Temperature [ITS-90, deg C]
# name 3 = c0S/m: Conductivity [S/m]
# name 4 = sbeox0V: Oxygen raw, SBE 43 [V]
# name 5 = sbeox1V: Oxygen raw, SBE 43, 2 [V]
# name 6 = flECO-AFL: Fluorescence, WET Labs ECO-AFL/FL [mg/m^3]
# name 7 = upoly0: Upoly 0, Turbidity
# name 8 = flag:  0.000e+00
# span 0 =          1,       3112       
# span 1 =      0.912,     43.038       
# span 2 =     7.9952,    15.9143       
# span 3 =   2.900965,   3.486904       
# span 4 =     0.4748,     2.8083       
# span 5 =     0.5419,     2.6948       
# span 6 =     0.0035,     0.0145       
# span 7 =  0.0874200,  0.2231954       
# span 8 = 0.0000e+00, 0.0000e+00       
# interval = seconds: 0.0416667
# start_time = Sep 22 2021 11:46:38 [NMEA time, header]
# bad_flag = -9.990e-29
*END*
[from data line 161]
        162      4.432    15.7860   3.204600     1.9792     2.0403     0.0038  0.1069560 0.0000e+00
        163      4.333    15.7913   3.204188     1.9780     2.0403     0.0038  0.1069560 0.0000e+00
        164      4.366    15.7937   3.203721     1.9780     2.0403     0.0038  0.1069560 0.0000e+00
        165      4.333    15.7940   3.203626     1.9780     2.0403     0.0040  0.1069560 0.0000e+00
        166      4.333    15.7981   3.204130     1.9805     2.0403     0.0038  0.1069560 0.0000e+00
        167      4.250    15.8006   3.204578     1.9805     2.0403     0.0038  0.1069560 0.0000e+00
        168      4.275    15.8020   3.205158     1.9805     2.0403     0.0038  0.1069560 0.0000e+00
        169      4.250    15.8054   3.205808     1.9805     2.0403     0.0038  0.1069560 0.0000e+00
        170      4.209    15.8100   3.205997     1.9805     2.0403     0.0040  0.1069560 0.0000e+00
        171      4.151    15.8146   3.205776     1.9829     2.0403     0.0040  0.1069560 0.0000e+00
        172      4.184    15.8150   3.206022     1.9829     2.0403     0.0040  0.1069560 0.0000e+00
        173      4.151    15.8124   3.207406     1.9817     2.0403     0.0040  0.1093980 0.0000e+00
        174      4.127    15.8165   3.208799     1.9829     2.0403     0.0042  0.1216081 0.0000e+00
        175      4.094    15.8305   3.208415     1.9829     2.0403     0.0042  0.1264921 0.0000e+00
        176      4.094    15.8504   3.205602     1.9853     2.0403     0.0042  0.1269805 0.0000e+00
        177      4.061    15.8684   3.200686     1.9841     2.0403     0.0042  0.1264921 0.0000e+00
        178      4.028    15.8782   3.195298     1.9841     2.0403     0.0042  0.1264921 0.0000e+00
        179      4.003    15.8836   3.191768     1.9841     2.0403     0.0042  0.1264921 0.0000e+00
        180      3.970    15.8885   3.189453     1.9853     2.0403     0.0042  0.1264921 0.0000e+00
        181      4.003    15.8916   3.186643     1.9866     2.0403     0.0042  0.1264921 0.0000e+00
        182      3.904    15.8950   3.184908     1.9866     2.0403     0.0042  0.1264921 0.0000e+00
        183      3.904    15.8980   3.184068     1.9866     2.0403     0.0042  0.1264921 0.0000e+00
        184      3.945    15.8999   3.182735     1.9866     2.0403     0.0042  0.1264921 0.0000e+00
        185      3.846    15.9025   3.179347     1.9878     2.0403     0.0042  0.1264921 0.0000e+00
        186      3.879    15.9048   3.174475     1.9902     2.0403     0.0042  0.1264921 0.0000e+00
        187      3.846    15.9063   3.170357     1.9902     2.0403     0.0042  0.1264921 0.0000e+00
        188      3.780    15.9081   3.167967     1.9902     2.0403     0.0042  0.1264921 0.0000e+00
        189      3.756    15.9104   3.166679     1.9902     2.0403     0.0042  0.1264921 0.0000e+00
        190      3.780    15.9126   3.165571     1.9927     2.0403     0.0042  0.1260037 0.0000e+00
        191      3.756    15.9138   3.164369     1.9927     2.0403     0.0042  0.1264921 0.0000e+00
        192      3.665    15.9133   3.163099     1.9927     2.0415     0.0042  0.1264921 0.0000e+00
        193      3.756    15.9135   3.161803     1.9951     2.0427     0.0042  0.1264921 0.0000e+00
        194      3.665    15.9138   3.160750     1.9951     2.0427     0.0042  0.1264921 0.0000e+00
        195      3.665    15.9141   3.159828     1.9976     2.0440     0.0042  0.1264921 0.0000e+00
        196      3.632    15.9143   3.159104     1.9976     2.0440     0.0042  0.1264921 0.0000e+00
        197      3.599    15.9135   3.159303     1.9976     2.0452     0.0042  0.1264921 0.0000e+00
        198      3.574    15.9133   3.159765     2.0000     2.0464     0.0042  0.1264921 0.0000e+00
        199      3.541    15.9125   3.159258     2.0000     2.0464     0.0042  0.1303993 0.0000e+00
        200      3.574    15.9099   3.157437     2.0024     2.0476     0.0040  0.1352833 0.0000e+00
        201      3.475    15.9055   3.155740     2.0037     2.0488     0.0040  0.1362601 0.0000e+00
        202      3.541    15.9029   3.154322     2.0037     2.0501     0.0040  0.1357717 0.0000e+00
        203      3.451    15.8989   3.153554     2.0049     2.0513     0.0040  0.1357717 0.0000e+00
        204      3.418    15.8926   3.152376     2.0073     2.0525     0.0040  0.1357717 0.0000e+00
        205      3.451    15.8858   3.150378     2.0098     2.0537     0.0040  0.1357717 0.0000e+00
        206      3.418    15.8794   3.148855     2.0110     2.0562     0.0040  0.1357717 0.0000e+00
        207      3.393    15.8726   3.148643     2.0110     2.0574     0.0040  0.1357717 0.0000e+00
        208      3.360    15.8700   3.148581     2.0134     2.0586     0.0040  0.1357717 0.0000e+00
        209      3.294    15.8700   3.149480     2.0171     2.0598     0.0040  0.1357717 0.0000e+00
        210      3.327    15.8716   3.150871     2.0195     2.0623     0.0040  0.1357717 0.0000e+00
        211      3.294    15.8750   3.153087     2.0208     2.0635     0.0040  0.1357717 0.0000e+00
        212      3.269    15.8773   3.155098     2.0220     2.0659     0.0040  0.1357717 0.0000e+00
        213      3.236    15.8763   3.156806     2.0244     2.0684     0.0040  0.1357717 0.0000e+00
        214      3.269    15.8658   3.156596     2.0293     2.0696     0.0040  0.1357717 0.0000e+00
        215      3.170    15.8550   3.152604     2.0293     2.0720     0.0040  0.1357717 0.0000e+00
        216      3.170    15.8497   3.147742     2.0317     2.0745     0.0040  0.1357717 0.0000e+00
        217      3.212    15.8478   3.145127     2.0342     2.0769     0.0040  0.1357717 0.0000e+00
        218      3.113    15.8477   3.144671     2.0366     2.0794     0.0040  0.1357717 0.0000e+00
        219      3.146    15.8475   3.145438     2.0403     2.0818     0.0040  0.1357717 0.0000e+00
        220      3.113    15.8488   3.146890     2.0415     2.0855     0.0040  0.1357717 0.0000e+00
        221      3.088    15.8494   3.148276     2.0440     2.0867     0.0040  0.1357717 0.0000e+00
        222      2.989    15.8475   3.150614     2.0464     2.0891     0.0040  0.1357717 0.0000e+00
        223      3.055    15.8461   3.153108     2.0488     2.0928     0.0040  0.1352833 0.0000e+00
        224      3.022    15.8450   3.155998     2.0537     2.0952     0.0040  0.1362601 0.0000e+00
        225      2.989    15.8457   3.158461     2.0549     2.0977     0.0042  0.1406557 0.0000e+00
        226      2.964    15.8472   3.159559     2.0562     2.0989     0.0042  0.1426093 0.0000e+00
        227      2.931    15.8487   3.159906     2.0586     2.1038     0.0042  0.1430977 0.0000e+00
        228      2.964    15.8499   3.160121     2.0635     2.1062     0.0042  0.1421209 0.0000e+00
        229      2.865    15.8502   3.160310     2.0672     2.1099     0.0042  0.1426093 0.0000e+00
        230      2.865    15.8509   3.161101     2.0684     2.1123     0.0042  0.1426093 0.0000e+00
        231      2.898    15.8514   3.162931     2.0708     2.1148     0.0042  0.1426093 0.0000e+00
        232      2.865    15.8514   3.165387     2.0733     2.1172     0.0042  0.1426093 0.0000e+00
        233      2.783    15.8516   3.167790     2.0781     2.1209     0.0042  0.1426093 0.0000e+00
        234      2.808    15.8526   3.169244     2.0806     2.1233     0.0042  0.1426093 0.0000e+00
        235      2.783    15.8533   3.169117     2.0830     2.1270     0.0042  0.1426093 0.0000e+00
        236      2.742    15.8545   3.168541     2.0842     2.1294     0.0042  0.1426093 0.0000e+00
        237      2.717    15.8565   3.168159     2.0879     2.1319     0.0042  0.1426093 0.0000e+00
        238      2.742    15.8585   3.168066     2.0928     2.1355     0.0042  0.1426093 0.0000e+00
        239      2.684    15.8606   3.168217     2.0965     2.1380     0.0042  0.1426093 0.0000e+00
        240      2.659    15.8616   3.168521     2.0989     2.1404     0.0042  0.1426093 0.0000e+00
        241      2.626    15.8620   3.169039     2.1013     2.1441     0.0042  0.1426093 0.0000e+00
        242      2.659    15.8621   3.170009     2.1038     2.1465     0.0042  0.1426093 0.0000e+00
        243      2.560    15.8614   3.171067     2.1087     2.1490     0.0042  0.1426093 0.0000e+00
        244      2.593    15.8590   3.171942     2.1123     2.1514     0.0042  0.1426093 0.0000e+00
        245      2.560    15.8560   3.172680     2.1136     2.1551     0.0042  0.1426093 0.0000e+00
        246      2.470    15.8541   3.173330     2.1172     2.1563     0.0042  0.1426093 0.0000e+00
        247      2.560    15.8514   3.173957     2.1209     2.1600     0.0042  0.1426093 0.0000e+00
        248      2.503    15.8480   3.174420     2.1270     2.1636     0.0042  0.1426093 0.0000e+00
        249      2.470    15.8467   3.174457     2.1282     2.1636     0.0042  0.1426093 0.0000e+00
        250      2.437    15.8441   3.174108     2.1319     2.1673     0.0044  0.1489585 0.0000e+00
        251      2.412    15.8412   3.173408     2.1343     2.1697     0.0046  0.1557961 0.0000e+00
        252      2.437    15.8390   3.168819     2.1380     2.1734     0.0048  0.1577497 0.0000e+00
        253      2.354    15.8365   3.165222     2.1429     2.1746     0.0046  0.1577497 0.0000e+00
        254      2.379    15.8342   3.165266     2.1465     2.1770     0.0046  0.1572613 0.0000e+00
        255      2.354    15.8321   3.166901     2.1477     2.1795     0.0048  0.1572613 0.0000e+00
        256      2.321    15.8311   3.167092     2.1514     2.1832     0.0046  0.1572613 0.0000e+00
        257      2.321    15.8306   3.166741     2.1563     2.1832     0.0048  0.1572613 0.0000e+00
        258      2.231    15.8309   3.166631     2.1612     2.1856     0.0046  0.1572613 0.0000e+00
        259      2.256    15.8321   3.166559     2.1612     2.1893     0.0046  0.1567729 0.0000e+00
        260      2.231    15.8329   3.166491     2.1636     2.1905     0.0048  0.1572613 0.0000e+00
        261      2.256    15.8326   3.166644     2.1673     2.1929     0.0046  0.1572613 0.0000e+00
        262      2.165    15.8312   3.166952     2.1722     2.1954     0.0046  0.1567729 0.0000e+00
        263      2.198    15.8279   3.166681     2.1746     2.1978     0.0046  0.1572613 0.0000e+00
        264      2.107    15.8240   3.165479     2.1770     2.2002     0.0046  0.1572613 0.0000e+00
        265      2.132    15.8189   3.162684     2.1795     2.2015     0.0046  0.1572613 0.0000e+00
        266      2.132    15.8069   3.158018     2.1819     2.2039     0.0048  0.1572613 0.0000e+00
        267      2.049    15.7883   3.150680     2.1868     2.2064     0.0046  0.1572613 0.0000e+00
        268      2.074    15.7718   3.142385     2.1893     2.2076     0.0046  0.1572613 0.0000e+00
        269      2.049    15.7521   3.136541     2.1905     2.2100     0.0048  0.1572613 0.0000e+00
        270      2.008    15.7329   3.132021     2.1929     2.2112     0.0046  0.1567729 0.0000e+00
        271      1.984    15.7136   3.127622     2.1966     2.2137     0.0046  0.1572613 0.0000e+00
        272      2.008    15.7021   3.124439     2.2002     2.2149     0.0048  0.1572613 0.0000e+00
        273      1.984    15.6979   3.122293     2.2015     2.2161     0.0046  0.1572613 0.0000e+00
        274      1.893    15.6840   3.119480     2.2027     2.2186     0.0046  0.1572613 0.0000e+00
        275      1.926    15.6728   3.114541     2.2051     2.2186     0.0046  0.1577497 0.0000e+00
        276      1.893    15.6668   3.109489     2.2076     2.2186     0.0044  0.1621453 0.0000e+00
        277      1.893    15.6629   3.106119     2.2112     2.2198     0.0044  0.1640989 0.0000e+00
        278      1.860    15.6602   3.104215     2.2112     2.2222     0.0044  0.1640989 0.0000e+00
        279      1.827    15.6591   3.102576     2.2125     2.2222     0.0044  0.1640989 0.0000e+00
        280      1.802    15.6641   3.102123     2.2149     2.2222     0.0044  0.1636105 0.0000e+00
        281      1.769    15.6785   3.105140     2.2198     2.2222     0.0044  0.1636105 0.0000e+00
        282      1.802    15.6501   3.109740     2.2198     2.2234     0.0044  0.1636105 0.0000e+00
        283      1.769    15.5764   3.106228     2.2210     2.2234     0.0044  0.1636105 0.0000e+00
        284      1.679    15.5039   3.089252     2.2222     2.2234     0.0044  0.1636105 0.0000e+00
        285      1.703    15.4628   3.069222     2.2247     2.2247     0.0044  0.1636105 0.0000e+00
        286      1.736    15.4658   3.059519     2.2271     2.2247     0.0044  0.1636105 0.0000e+00
        287      1.646    15.4816   3.061820     2.2296     2.2247     0.0044  0.1636105 0.0000e+00
        288      1.679    15.4981   3.067384     2.2296     2.2247     0.0044  0.1636105 0.0000e+00
        289      1.588    15.5120   3.071800     2.2296     2.2247     0.0044  0.1636105 0.0000e+00
        290      1.588    15.5237   3.077071     2.2308     2.2247     0.0044  0.1636105 0.0000e+00
        291      1.555    15.5558   3.083927     2.2344     2.2234     0.0044  0.1636105 0.0000e+00
        292      1.588    15.5980   3.091494     2.2344     2.2234     0.0044  0.1636105 0.0000e+00
        293      1.555    15.6246   3.097395     2.2344     2.2234     0.0044  0.1636105 0.0000e+00
        294      1.522    15.6294   3.101138     2.2357     2.2222     0.0044  0.1636105 0.0000e+00
        295      1.497    15.5836   3.100365     2.2369     2.2222     0.0044  0.1636105 0.0000e+00
        296      1.464    15.5292   3.091114     2.2393     2.2222     0.0044  0.1636105 0.0000e+00
        297      1.431    15.4835   3.074990     2.2393     2.2210     0.0044  0.1636105 0.0000e+00
        298      1.464    15.4526   3.059581     2.2393     2.2210     0.0044  0.1636105 0.0000e+00
        299      1.374    15.4368   3.049795     2.2405     2.2198     0.0044  0.1636105 0.0000e+00
        300      1.398    15.4354   3.045954     2.2418     2.2186     0.0044  0.1636105 0.0000e+00
        301      1.374    15.4377   3.045667     2.2442     2.2186     0.0046  0.1665409 0.0000e+00
        302      1.341    15.4418   3.046608     2.2442     2.2161     0.0048  0.1694713 0.0000e+00
        303      1.341    15.4374   3.047002     2.2442     2.2173     0.0048  0.1699597 0.0000e+00
        304      1.316    15.4255   3.045978     2.2442     2.2186     0.0048  0.1699597 0.0000e+00
        305      1.283    15.4088   3.042828     2.2466     2.2161     0.0048  0.1694713 0.0000e+00
        306      1.316    15.4052   3.039457     2.2491     2.2173     0.0048  0.1694713 0.0000e+00
        307      1.217    15.4024   3.037584     2.2466     2.2161     0.0048  0.1694713 0.0000e+00
        308      1.250    15.4008   3.036686     2.2491     2.2173     0.0048  0.1694713 0.0000e+00
        309      1.217    15.3996   3.035109     2.2491     2.2186     0.0048  0.1694713 0.0000e+00
        310      1.126    15.4018   3.033584     2.2503     2.2186     0.0048  0.1694713 0.0000e+00
        311      1.217    15.4062   3.033150     2.2503     2.2198     0.0048  0.1694713 0.0000e+00
        312      1.126    15.4040   3.032411     2.2503     2.2210     0.0048  0.1694713 0.0000e+00
        313      1.159    15.3974   3.030853     2.2515     2.2222     0.0048  0.1694713 0.0000e+00
        314      1.126    15.3962   3.030508     2.2540     2.2234     0.0048  0.1694713 0.0000e+00
        315      1.093    15.4018   3.033013     2.2552     2.2247     0.0048  0.1694713 0.0000e+00
        316      1.126    15.4074   3.036677     2.2552     2.2271     0.0048  0.1694713 0.0000e+00
        317      1.036    15.4066   3.039288     2.2552     2.2296     0.0048  0.1694713 0.0000e+00
        318      1.069    15.4073   3.040387     2.2564     2.2320     0.0048  0.1694713 0.0000e+00
        319      1.036    15.4001   3.040084     2.2589     2.2344     0.0048  0.1694713 0.0000e+00
        320      1.036    15.3925   3.038595     2.2613     2.2357     0.0048  0.1694713 0.0000e+00
