code/data/2021/ctd_data_day2/station3_ctm.cnv
* Sea-Bird SBE 9 Data File:
* FileName = C:\Users\CTD-User\Desktop\MAR440\day2\station3.hex
* Software Version Seasave V 7.26.2.13
* Temperature SN = 6313
* Conductivity SN = 4758
* Number of Bytes Per Scan = 37
* Number of Voltage Words = 4
* Number of Scans Averaged by the Deck Unit = 1
* NMEA Latitude = 58 19.70 N
* NMEA Longitude = 011 51.29 E
* NMEA UTC (Time) = Sep 22 2021 09:36:18
* NMEA baud rate = 4800
** Ship: Skagerrak
** Station: station3
** Operator: group2purple
# nquan = 9
# nvalues = 3261                        
# units = specified
# name 0 = scan: Scan Count
# name 1 = prDM: Pressure, Digiquartz [db]
# name 2 = t090C: Temperature [ITS-90, deg C]
# name 3 = c0S/m: Conductivity [S/m]
# name 4 = sbeox0V: Oxygen raw, SBE 43 [V]
# name 5 = sbeox1V: Oxygen raw, SBE 43, 2 [V]
# name 6 = flECO-AFL: Fluorescence, WET Labs ECO-AFL/FL [mg/m^3]
# name 7 = upoly0: Upoly 0, Turbidity
# name 8 = flag:  0.000e+00
# span 0 =          1,       3261       
# span 1 =      0.712,     17.296       
# span 2 =    10.1794,    16.2156       
# span 3 =   2.673323,   3.481176       
# span 4 =     0.9840,     3.3394       
# span 5 =     1.0157,     3.3590       
# span 6 =     0.0035,     0.0081       
# span 7 =  0.0883968,  0.2398010       
# span 8 = 0.0000e+00, 0.0000e+00       
# interval = seconds: 0.0416667
# start_time = Sep 22 2021 09:36:18 [NMEA time, header]
# bad_flag = -9.990e-29
*END*
[from data line 2561]
       2562      5.051    15.2913   2.978650     2.7802     2.7021     0.0055  0.1728901 0.0000e+00
       2563      5.076    15.2549   2.974639     2.7668     2.7008     0.0053  0.1724017 0.0000e+00
       2564      5.175    15.2686   2.972625     2.7668     2.6996     0.0053  0.1724017 0.0000e+00
       2565      5.076    15.3023   2.974821     2.7680     2.6996     0.0053  0.1724017 0.0000e+00
       2566      5.142    15.3374   2.979263     2.7765     2.6984     0.0053  0.1724017 0.0000e+00
       2567      5.175    15.3428   2.982988     2.7643     2.6984     0.0053  0.1724017 0.0000e+00
       2568      5.200    15.3480   2.985414     2.7594     2.6972     0.0053  0.1728901 0.0000e+00
       2569      5.175    15.3506   2.986585     2.7619     2.6972     0.0053  0.1728901 0.0000e+00
       2570      5.266    15.3580   2.987458     2.7655     2.6960     0.0053  0.1724017 0.0000e+00
       2571      5.200    15.3847   2.988823     2.7741     2.6960     0.0053  0.1724017 0.0000e+00
       2572      5.299    15.3685   2.990181     2.7582     2.6947     0.0053  0.1724017 0.0000e+00
       2573      5.323    15.3656   2.990805     2.7570     2.6947     0.0053  0.1728901 0.0000e+00
       2574      5.298    15.3470   2.990128     2.7607     2.6935     0.0053  0.1733785 0.0000e+00
       2575      5.323    15.3252   2.987783     2.7607     2.6923     0.0053  0.1738669 0.0000e+00
       2576      5.356    15.3117   2.984519     2.7594     2.6923     0.0053  0.1733785 0.0000e+00
       2577      5.381    15.2953   2.981567     2.7582     2.6923     0.0053  0.1738669 0.0000e+00
       2578      5.447    15.2675   2.977295     2.7582     2.6911     0.0053  0.1743553 0.0000e+00
       2579      5.422    15.2451   2.972163     2.7582     2.6911     0.0053  0.1733785 0.0000e+00
       2580      5.447    15.2288   2.967947     2.7582     2.6898     0.0053  0.1733785 0.0000e+00
       2581      5.422    15.2176   2.964791     2.7570     2.6898     0.0053  0.1743553 0.0000e+00
       2582      5.504    15.2078   2.962309     2.7570     2.6898     0.0053  0.1743553 0.0000e+00
       2583      5.504    15.2088   2.960808     2.7558     2.6886     0.0053  0.1733785 0.0000e+00
       2584      5.545    15.2132   2.960877     2.7570     2.6886     0.0053  0.1733785 0.0000e+00
       2585      5.570    15.2085   2.961264     2.7570     2.6874     0.0053  0.1743553 0.0000e+00
       2586      5.545    15.2061   2.961092     2.7546     2.6874     0.0053  0.1733785 0.0000e+00
       2587      5.628    15.1985   2.960396     2.7533     2.6874     0.0053  0.1733785 0.0000e+00
       2588      5.603    15.1897   2.959118     2.7533     2.6862     0.0053  0.1743553 0.0000e+00
       2589      5.628    15.1807   2.957436     2.7546     2.6862     0.0053  0.1733785 0.0000e+00
       2590      5.694    15.1792   2.956440     2.7533     2.6862     0.0053  0.1743553 0.0000e+00
       2591      5.661    15.1792   2.955875     2.7521     2.6850     0.0053  0.1733785 0.0000e+00
       2592      5.694    15.1738   2.954876     2.7521     2.6850     0.0053  0.1743553 0.0000e+00
       2593      5.727    15.1529   2.951854     2.7521     2.6837     0.0053  0.1733785 0.0000e+00
       2594      5.751    15.1252   2.946158     2.7533     2.6837     0.0053  0.1733785 0.0000e+00
       2595      5.809    15.1073   2.940202     2.7521     2.6837     0.0053  0.1743553 0.0000e+00
       2596      5.784    15.0883   2.936529     2.7570     2.6825     0.0053  0.1733785 0.0000e+00
       2597      5.809    15.1073   2.936091     2.7509     2.6825     0.0055  0.1733785 0.0000e+00
       2598      5.850    15.1274   2.936987     2.7570     2.6825     0.0053  0.1733785 0.0000e+00
       2599      5.809    15.0962   2.936008     2.7472     2.6801     0.0055  0.1719133 0.0000e+00
       2600      5.908    15.0734   2.932932     2.7460     2.6801     0.0055  0.1714249 0.0000e+00
       2601      5.875    15.0546   2.928846     2.7472     2.6801     0.0055  0.1714249 0.0000e+00
       2602      5.932    15.0552   2.925981     2.7582     2.6789     0.0053  0.1714249 0.0000e+00
       2603      5.965    15.0496   2.924921     2.7460     2.6789     0.0055  0.1714249 0.0000e+00
       2604      5.932    15.0515   2.925005     2.7436     2.6789     0.0055  0.1714249 0.0000e+00
       2605      6.031    15.0562   2.926090     2.7460     2.6776     0.0055  0.1714249 0.0000e+00
       2606      5.998    15.0734   2.928009     2.7546     2.6776     0.0055  0.1714249 0.0000e+00
       2607      5.998    15.0686   2.929760     2.7448     2.6764     0.0055  0.1714249 0.0000e+00
       2608      6.089    15.0724   2.930841     2.7423     2.6764     0.0055  0.1714249 0.0000e+00
       2609      6.056    15.0752   2.931336     2.7436     2.6764     0.0053  0.1714249 0.0000e+00
       2610      6.089    15.0768   2.931776     2.7436     2.6752     0.0055  0.1714249 0.0000e+00
       2611      6.113    15.0911   2.932249     2.7521     2.6752     0.0055  0.1714249 0.0000e+00
       2612      6.179    15.0802   2.932569     2.7411     2.6740     0.0055  0.1714249 0.0000e+00
       2613      6.155    15.0832   2.932956     2.7387     2.6740     0.0055  0.1714249 0.0000e+00
       2614      6.179    15.0883   2.933619     2.7423     2.6740     0.0055  0.1714249 0.0000e+00
       2615      6.212    15.0905   2.934441     2.7423     2.6728     0.0055  0.1714249 0.0000e+00
       2616      6.179    15.0920   2.935002     2.7399     2.6728     0.0055  0.1714249 0.0000e+00
       2617      6.303    15.0957   2.935358     2.7399     2.6728     0.0055  0.1714249 0.0000e+00
       2618      6.278    15.0995   2.935895     2.7399     2.6715     0.0055  0.1714249 0.0000e+00
       2619      6.237    15.1031   2.936607     2.7387     2.6728     0.0055  0.1714249 0.0000e+00
       2620      6.336    15.1226   2.937744     2.7472     2.6715     0.0055  0.1714249 0.0000e+00
       2621      6.361    15.1137   2.938815     2.7326     2.6715     0.0053  0.1714249 0.0000e+00
       2622      6.360    15.1327   2.939735     2.7399     2.6715     0.0055  0.1714249 0.0000e+00
       2623      6.336    15.1230   2.940793     2.7301     2.6703     0.0055  0.1714249 0.0000e+00
       2624      6.426    15.2044   2.947704     2.7326     2.6715     0.0053  0.1724017 0.0000e+00
       2625      6.393    15.3428   2.964731     2.7326     2.6715     0.0053  0.1728901 0.0000e+00
       2626      6.484    15.4533   2.984610     2.7326     2.6715     0.0053  0.1733785 0.0000e+00
       2627      6.484    15.5332   3.000955     2.7326     2.6715     0.0053  0.1733785 0.0000e+00
       2628      6.459    15.5991   3.014793     2.7326     2.6715     0.0053  0.1728901 0.0000e+00
       2629      6.542    15.6662   3.027741     2.7301     2.6715     0.0053  0.1733785 0.0000e+00
       2630      6.517    15.7230   3.039179     2.7301     2.6703     0.0053  0.1733785 0.0000e+00
       2631      6.542    15.7697   3.049143     2.7289     2.6715     0.0053  0.1728901 0.0000e+00
       2632      6.607    15.8097   3.056992     2.7301     2.6715     0.0053  0.1728901 0.0000e+00
       2633      6.583    15.8446   3.062755     2.7289     2.6715     0.0053  0.1733785 0.0000e+00
       2634      6.607    15.8911   3.067538     2.7375     2.6728     0.0053  0.1728901 0.0000e+00
       2635      6.706    15.8875   3.071154     2.7253     2.6715     0.0053  0.1728901 0.0000e+00
       2636      6.607    15.8990   3.073701     2.7228     2.6728     0.0053  0.1728901 0.0000e+00
       2637      6.731    15.9046   3.075683     2.7277     2.6728     0.0053  0.1733785 0.0000e+00
       2638      6.640    15.9081   3.077025     2.7277     2.6728     0.0053  0.1728901 0.0000e+00
       2639      6.789    15.9085   3.077912     2.7265     2.6728     0.0053  0.1733785 0.0000e+00
       2640      6.764    15.9070   3.078323     2.7277     2.6728     0.0053  0.1728901 0.0000e+00
       2641      6.789    15.9223   3.078899     2.7362     2.6740     0.0053  0.1724017 0.0000e+00
       2642      6.731    15.9055   3.079256     2.7240     2.6728     0.0053  0.1733785 0.0000e+00
       2643      6.887    15.9046   3.079429     2.7228     2.6740     0.0053  0.1733785 0.0000e+00
       2644      6.788    15.9085   3.079939     2.7350     2.6752     0.0055  0.1728901 0.0000e+00
       2645      6.912    15.9104   3.080716     2.7240     2.6752     0.0053  0.1728901 0.0000e+00
       2646      6.887    15.9182   3.082451     2.7228     2.6764     0.0053  0.1733785 0.0000e+00
       2647      6.912    15.9301   3.084970     2.7277     2.6776     0.0053  0.1728901 0.0000e+00
       2648      6.887    15.9418   3.087579     2.7338     2.6776     0.0053  0.1728901 0.0000e+00
       2649      6.970    15.9541   3.090146     2.7289     2.6789     0.0053  0.1714249 0.0000e+00
       2650      6.970    15.9654   3.092524     2.7228     2.6801     0.0049  0.1597033 0.0000e+00
       2651      7.011    15.6695   3.093678     2.7387     2.6813     0.0048  0.1543309 0.0000e+00
       2652      7.036    15.9938   3.097336     2.7301     2.6825     0.0048  0.1538425 0.0000e+00
       2653      7.011    16.0049   3.099940     2.7277     2.6837     0.0048  0.1548193 0.0000e+00
       2654      7.093    16.0196   3.103069     2.7326     2.6862     0.0048  0.1548193 0.0000e+00
       2655      7.093    16.0321   3.106499     2.7350     2.6874     0.0048  0.1548193 0.0000e+00
       2656      7.068    16.0433   3.109848     2.7375     2.6886     0.0048  0.1548193 0.0000e+00
       2657      7.159    16.0549   3.113401     2.7375     2.6899     0.0048  0.1548193 0.0000e+00
       2658      7.159    16.0660   3.117280     2.7387     2.6911     0.0048  0.1548193 0.0000e+00
       2659      7.126    16.0762   3.120876     2.7387     2.6935     0.0048  0.1543309 0.0000e+00
       2660      7.217    16.0840   3.124408     2.7411     2.6935     0.0048  0.1548193 0.0000e+00
       2661      7.250    16.0897   3.127206     2.7436     2.6947     0.0048  0.1548193 0.0000e+00
       2662      7.217    16.0940   3.129477     2.7436     2.6960     0.0048  0.1548193 0.0000e+00
       2663      7.274    16.0979   3.131459     2.7436     2.6972     0.0048  0.1548193 0.0000e+00
       2664      7.250    16.1006   3.133301     2.7436     2.6972     0.0048  0.1548193 0.0000e+00
       2665      7.340    16.1233   3.135053     2.7558     2.6984     0.0048  0.1548193 0.0000e+00
       2666      7.315    16.1111   3.136749     2.7448     2.6984     0.0048  0.1548193 0.0000e+00
       2667      7.340    16.1150   3.138405     2.7436     2.6984     0.0048  0.1548193 0.0000e+00
       2668      7.398    16.1172   3.139610     2.7472     2.6984     0.0048  0.1548193 0.0000e+00
       2669      7.373    16.1189   3.140430     2.7472     2.6984     0.0048  0.1548193 0.0000e+00
       2670      7.398    16.1208   3.141048     2.7485     2.6984     0.0048  0.1548193 0.0000e+00
       2671      7.464    16.1218   3.141509     2.7485     2.6972     0.0048  0.1548193 0.0000e+00
       2672      7.497    16.1229   3.142169     2.7472     2.6972     0.0048  0.1548193 0.0000e+00
       2673      7.464    16.1414   3.142728     2.7570     2.6972     0.0048  0.1543309 0.0000e+00
       2674      7.497    16.1264   3.143252     2.7436     2.6947     0.0048  0.1548193 0.0000e+00
       2675      7.521    16.1273   3.143641     2.7436     2.6947     0.0046  0.1411441 0.0000e+00
       2676      7.521    16.1286   3.143811     2.7472     2.6935     0.0042  0.1235617 0.0000e+00
       2677      7.620    16.1298   3.143981     2.7472     2.6923     0.0042  0.1196545 0.0000e+00
       2678      7.579    16.1314   3.144469     2.7436     2.6899     0.0042  0.1196545 0.0000e+00
       2679      7.579    16.1325   3.144909     2.7423     2.6886     0.0042  0.1201429 0.0000e+00
       2680      7.678    16.1344   3.145189     2.7436     2.6874     0.0042  0.1201429 0.0000e+00
       2681      7.645    16.1364   3.145582     2.7411     2.6862     0.0042  0.1206313 0.0000e+00
       2682      7.678    16.1380   3.146184     2.7399     2.6837     0.0042  0.1201429 0.0000e+00
       2683      7.702    16.1398   3.146921     2.7375     2.6813     0.0042  0.1201429 0.0000e+00
       2684      7.702    16.1463   3.147265     3.3394     3.3590     0.0079  0.1387021 0.0000e+00
       2685      7.744    16.0224   3.147079     2.7423     2.6776     0.0042  0.1201429 0.0000e+00
       2686      7.768    16.1439   3.147906     2.7289     2.6752     0.0042  0.1201429 0.0000e+00
       2687      7.826    16.1439   3.148106     2.7289     2.6728     0.0042  0.1201429 0.0000e+00
       2688      7.801    16.1444   3.148404     2.7277     2.6703     0.0042  0.1201429 0.0000e+00
       2689      7.826    16.1612   3.148828     2.7375     2.6679     0.0042  0.1201429 0.0000e+00
       2690      7.867    16.1471   3.149159     2.7228     2.6642     0.0042  0.1206313 0.0000e+00
       2691      7.884    16.1656   3.149596     2.7277     2.6630     0.0042  0.1201429 0.0000e+00
       2692      7.884    16.1503   3.150024     2.7143     2.6605     0.0042  0.1201429 0.0000e+00
       2693      7.925    16.1638   3.150469     2.7240     2.6581     0.0042  0.1196545 0.0000e+00
       2694      7.949    16.1529   3.150933     2.7106     2.6544     0.0042  0.1201429 0.0000e+00
       2695      7.949    16.1537   3.151345     2.7106     2.6508     0.0042  0.1206313 0.0000e+00
       2696      7.982    16.1542   3.151610     2.7094     2.6483     0.0042  0.1206313 0.0000e+00
       2697      8.007    16.1619   3.151908     2.8229     2.6471     0.0044  0.1206313 0.0000e+00
       2698      8.007    16.1643   3.152226     2.7069     2.6422     0.0042  0.1201429 0.0000e+00
       2699      8.048    16.1582   3.152708     2.6984     2.6386     0.0040  0.1201429 0.0000e+00
       2700      8.073    16.1592   3.153219     2.6984     2.6361     0.0044  0.1196545 0.0000e+00
       2701      8.106    16.1599   3.153864     2.6947     2.6325     0.0053  0.1147705 0.0000e+00
       2702      8.131    16.1602   3.154394     2.6898     2.6288     0.0057  0.1123284 0.0000e+00
       2703      8.131    16.1616   3.155041     2.6886     2.6251     0.0057  0.1118400 0.0000e+00
       2704      8.172    16.1130   3.155715     2.6947     2.6227     0.0057  0.1123284 0.0000e+00
       2705      8.197    16.1658   3.156784     2.6776     2.6178     0.0057  0.1123284 0.0000e+00
       2706      8.197    16.1675   3.157965     2.6752     2.6154     0.0057  0.1123284 0.0000e+00
       2707      8.230    16.1690   3.158964     2.6740     2.6117     0.0057  0.1123284 0.0000e+00
       2708      8.197    16.1843   3.159871     2.6837     2.6080     0.0057  0.1123284 0.0000e+00
       2709      8.287    16.1738   3.160817     2.6654     2.6032     0.0055  0.1123284 0.0000e+00
       2710      8.312    16.1752   3.161873     2.6605     2.5995     0.0055  0.1123284 0.0000e+00
       2711      8.254    16.1771   3.163123     2.6593     2.5958     0.0057  0.1123284 0.0000e+00
       2712      8.353    16.1792   3.164839     2.6557     2.5922     0.0057  0.1123284 0.0000e+00
       2713      8.378    16.1823   3.166942     2.6532     2.5885     0.0057  0.1123284 0.0000e+00
       2714      8.378    16.1854   3.169460     2.6495     2.5848     0.0057  0.1123284 0.0000e+00
       2715      8.411    16.1962   3.171823     2.6557     2.5824     0.0057  0.1123284 0.0000e+00
       2716      8.378    16.1916   3.174148     2.6373     2.5763     0.0057  0.1118400 0.0000e+00
       2717      8.501    16.2116   3.176553     2.6434     2.5726     0.0057  0.1123284 0.0000e+00
       2718      8.411    16.1964   3.178968     2.6300     2.5690     0.0057  0.1123284 0.0000e+00
       2719      8.501    16.1969   3.181384     2.6263     2.5653     0.0057  0.1123284 0.0000e+00
       2720      8.501    16.1974   3.183335     2.6251     2.5616     0.0057  0.1123284 0.0000e+00
