code/data/2021/ctd_data_day2/station6_ctm.cnv
* Sea-Bird SBE 9 Data File:
* FileName = C:\Users\CTD-User\Desktop\MAR440\day2\station6.hex
* Software Version Seasave V 7.26.2.13
* Temperature SN = 6313
* Conductivity SN = 4758
* Number of Bytes Per Scan = 37
* Number of Voltage Words = 4
* Number of Scans Averaged by the Deck Unit = 1
* NMEA Latitude = 58 18.87 N
* NMEA Longitude = 011 46.44 E
* NMEA UTC (Time) = Sep 22 2021 10:40:23
* NMEA baud rate = 4800
** Ship: Skagerrak
** Station: station6
** Operator: group2blu
# nquan = 9
# nvalues = 3719                        
# units = specified
# name 0 = scan: Scan Count
# name 1 = prDM: Pressure, Digiquartz [db]
# name 2 = t090C: Temperature [ITS-90, deg C]
# name 3 = c0S/m: Conductivity [S/m]
# name 4 = sbeox0V: Oxygen raw, SBE 43 [V]
# name 5 = sbeox1V: Oxygen raw, SBE 43, 2 [V]
# name 6 = flECO-AFL: Fluorescence, WET Labs ECO-AFL/FL [mg/m^3]
# name 7 = upoly0: Upoly 0, Turbidity
# name 8 = flag:  0.000e+00
# span 0 =          1,       3719       
# span 1 =      0.217,     37.875       
# span 2 =     6.7156,    16.0704       
# span 3 =   2.942919,   3.752195       
# span 4 =     0.5138,     2.8083       
# span 5 =     0.5761,     2.7851       
# span 6 =     0.0033,     0.0304       
# span 7 =  0.0859548,  0.1621453       
# span 8 = 0.0000e+00, 0.0000e+00       
# interval = seconds: 0.0416667
# start_time = Sep 22 2021 10:40:23 [NMEA time, header]
# bad_flag = -9.990e-29
*END*
[from data line 1121]
       1122      1.153    15.0267   2.969485     2.7595     2.7338     0.0042  0.1514005 0.0000e+00
       1123      1.178    15.0258   2.969620     2.7595     2.7338     0.0042  0.1514005 0.0000e+00
       1124      1.153    15.0255   2.969713     2.7583     2.7338     0.0042  0.1514005 0.0000e+00
       1125      1.120    15.0247   2.969649     2.7583     2.7351     0.0042  0.1514005 0.0000e+00
       1126      1.211    15.0236   2.969545     2.7595     2.7351     0.0042  0.1514005 0.0000e+00
       1127      1.178    15.0219   2.969296     2.7619     2.7351     0.0042  0.1514005 0.0000e+00
       1128      1.153    15.0196   2.969149     2.7595     2.7363     0.0042  0.1514005 0.0000e+00
       1129      1.244    15.0164   2.968783     2.7595     2.7375     0.0042  0.1514005 0.0000e+00
       1130      1.153    15.0106   2.968176     2.7595     2.7375     0.0042  0.1514005 0.0000e+00
       1131      1.243    15.0056   2.967328     2.7619     2.7387     0.0040  0.1509121 0.0000e+00
       1132      1.177    15.0016   2.966479     2.7619     2.7387     0.0042  0.1514005 0.0000e+00
       1133      1.210    14.9984   2.965826     2.7607     2.7387     0.0042  0.1514005 0.0000e+00
       1134      1.177    14.9960   2.965298     2.7619     2.7387     0.0042  0.1514005 0.0000e+00
       1135      1.210    14.9957   2.964966     2.7595     2.7400     0.0042  0.1514005 0.0000e+00
       1136      1.120    14.9970   2.964779     2.7619     2.7400     0.0042  0.1514005 0.0000e+00
       1137      1.210    14.9989   2.964892     2.7619     2.7400     0.0042  0.1514005 0.0000e+00
       1138      1.120    15.0007   2.965010     2.7619     2.7412     0.0042  0.1514005 0.0000e+00
       1139      1.153    15.0048   2.965297     2.7619     2.7412     0.0042  0.1514005 0.0000e+00
       1140      1.177    15.0088   2.965727     2.7595     2.7412     0.0042  0.1514005 0.0000e+00
       1141      1.152    15.0108   2.966281     2.7619     2.7424     0.0044  0.1499353 0.0000e+00
       1142      1.119    15.0111   2.966713     2.7619     2.7424     0.0044  0.1494469 0.0000e+00
       1143      1.086    15.0107   2.966977     2.7619     2.7424     0.0044  0.1494469 0.0000e+00
       1144      1.119    15.0099   2.967046     2.7595     2.7424     0.0044  0.1494469 0.0000e+00
       1145      1.152    15.0091   2.966906     2.7607     2.7424     0.0044  0.1494469 0.0000e+00
       1146      1.053    15.0093   2.966879     2.7619     2.7424     0.0044  0.1494469 0.0000e+00
       1147      1.086    15.0092   2.966824     2.7619     2.7424     0.0044  0.1494469 0.0000e+00
       1148      1.119    15.0068   2.966837     2.7607     2.7436     0.0044  0.1494469 0.0000e+00
       1149      1.086    15.0040   2.966672     2.7607     2.7436     0.0044  0.1494469 0.0000e+00
       1150      1.119    15.0021   2.966262     2.7619     2.7436     0.0044  0.1494469 0.0000e+00
       1151      1.086    15.0016   2.965891     2.7619     2.7436     0.0044  0.1494469 0.0000e+00
       1152      1.053    15.0009   2.965623     2.7619     2.7436     0.0044  0.1494469 0.0000e+00
       1153      1.210    14.9955   2.965520     2.7607     2.7436     0.0044  0.1494469 0.0000e+00
       1154      1.053    14.9950   2.965325     2.7607     2.7436     0.0044  0.1494469 0.0000e+00
       1155      1.152    14.9955   2.965101     2.7619     2.7436     0.0044  0.1494469 0.0000e+00
       1156      1.119    14.9953   2.964941     2.7619     2.7436     0.0044  0.1494469 0.0000e+00
       1157      1.209    14.9948   2.964923     2.7607     2.7436     0.0044  0.1494469 0.0000e+00
       1158      1.119    14.9943   2.964805     2.7619     2.7436     0.0044  0.1494469 0.0000e+00
       1159      1.209    14.9947   2.964703     2.7595     2.7436     0.0044  0.1494469 0.0000e+00
       1160      1.119    14.9948   2.964621     2.7619     2.7436     0.0044  0.1494469 0.0000e+00
       1161      1.209    14.9957   2.964543     2.7619     2.7436     0.0044  0.1494469 0.0000e+00
       1162      1.176    14.9958   2.964527     2.7619     2.7436     0.0044  0.1494469 0.0000e+00
       1163      1.209    14.9967   2.964404     2.7619     2.7436     0.0044  0.1494469 0.0000e+00
       1164      1.176    14.9970   2.964427     2.7619     2.7436     0.0044  0.1494469 0.0000e+00
       1165      1.242    14.9975   2.964618     2.7631     2.7436     0.0044  0.1494469 0.0000e+00
       1166      1.151    14.9980   2.964736     2.7631     2.7436     0.0044  0.1499353 0.0000e+00
       1167      1.176    14.9986   2.964761     2.7619     2.7436     0.0042  0.1504237 0.0000e+00
       1168      1.209    14.9984   2.964987     2.7619     2.7436     0.0042  0.1509121 0.0000e+00
       1169      1.176    14.9972   2.965039     2.7631     2.7424     0.0042  0.1509121 0.0000e+00
       1170      1.209    14.9965   2.965030     2.7644     2.7424     0.0042  0.1509121 0.0000e+00
       1171      1.176    14.9943   2.964790     2.7631     2.7424     0.0042  0.1509121 0.0000e+00
       1172      1.151    14.9913   2.964437     2.7619     2.7424     0.0042  0.1509121 0.0000e+00
       1173      1.176    14.9871   2.963897     2.7619     2.7436     0.0042  0.1509121 0.0000e+00
       1174      1.151    14.9838   2.963118     2.7631     2.7424     0.0042  0.1509121 0.0000e+00
       1175      1.176    14.9810   2.962340     2.7668     2.7436     0.0042  0.1504237 0.0000e+00
       1176      1.085    14.9774   2.961731     2.7644     2.7436     0.0042  0.1509121 0.0000e+00
       1177      1.118    14.9786   2.961455     2.7631     2.7436     0.0042  0.1509121 0.0000e+00
       1178      1.151    14.9831   2.961346     2.7631     2.7436     0.0042  0.1509121 0.0000e+00
       1179      1.118    14.9869   2.961621     2.7644     2.7436     0.0042  0.1509121 0.0000e+00
       1180      1.085    14.9921   2.962044     2.7656     2.7436     0.0042  0.1509121 0.0000e+00
       1181      1.118    14.9969   2.962937     2.7644     2.7436     0.0042  0.1504237 0.0000e+00
       1182      1.085    14.9980   2.963962     2.7631     2.7436     0.0042  0.1509121 0.0000e+00
       1183      1.118    14.9962   2.964563     2.7631     2.7436     0.0042  0.1509121 0.0000e+00
       1184      1.085    14.9918   2.964513     2.7644     2.7448     0.0042  0.1509121 0.0000e+00
       1185      1.052    14.9889   2.963979     2.7668     2.7448     0.0042  0.1509121 0.0000e+00
       1186      1.151    14.9894   2.963451     2.7631     2.7436     0.0042  0.1509121 0.0000e+00
       1187      1.052    14.9906   2.963334     2.7631     2.7436     0.0042  0.1509121 0.0000e+00
       1188      1.085    14.9924   2.963568     2.7631     2.7436     0.0042  0.1509121 0.0000e+00
       1189      1.118    14.9931   2.963792     2.7668     2.7436     0.0042  0.1509121 0.0000e+00
       1190      1.151    14.9931   2.963942     2.7668     2.7436     0.0042  0.1509121 0.0000e+00
       1191      1.118    14.9928   2.964041     2.7631     2.7436     0.0042  0.1509121 0.0000e+00
       1192      1.085    14.9945   2.964070     2.7631     2.7436     0.0044  0.1504237 0.0000e+00
       1193      1.175    14.9969   2.964201     2.7644     2.7436     0.0044  0.1499353 0.0000e+00
       1194      1.151    14.9972   2.964535     2.7668     2.7436     0.0044  0.1499353 0.0000e+00
       1195      1.118    14.9974   2.964718     2.7656     2.7436     0.0044  0.1499353 0.0000e+00
       1196      1.208    14.9969   2.964843     2.7644     2.7424     0.0044  0.1499353 0.0000e+00
       1197      1.118    14.9970   2.964866     2.7644     2.7436     0.0044  0.1499353 0.0000e+00
       1198      1.175    14.9970   2.964811     2.7668     2.7436     0.0044  0.1499353 0.0000e+00
       1199      1.208    14.9967   2.964778     2.7668     2.7436     0.0044  0.1499353 0.0000e+00
       1200      1.118    14.9967   2.964689     2.7656     2.7436     0.0044  0.1499353 0.0000e+00
       1201      1.151    14.9952   2.964717     2.7644     2.7436     0.0044  0.1499353 0.0000e+00
       1202      1.175    14.9911   2.964596     2.7656     2.7424     0.0044  0.1499353 0.0000e+00
       1203      1.208    14.9881   2.964232     2.7668     2.7436     0.0044  0.1499353 0.0000e+00
       1204      1.175    14.9877   2.963696     2.7680     2.7436     0.0044  0.1499353 0.0000e+00
       1205      1.150    14.9877   2.963299     2.7668     2.7436     0.0044  0.1499353 0.0000e+00
       1206      1.175    14.9880   2.963119     2.7668     2.7436     0.0044  0.1499353 0.0000e+00
       1207      1.150    14.9888   2.963089     2.7668     2.7436     0.0044  0.1499353 0.0000e+00
       1208      1.175    14.9887   2.963106     2.7680     2.7448     0.0044  0.1499353 0.0000e+00
       1209      1.150    14.9879   2.963009     2.7680     2.7436     0.0044  0.1499353 0.0000e+00
       1210      1.175    14.9874   2.962992     2.7680     2.7448     0.0044  0.1499353 0.0000e+00
       1211      1.150    14.9857   2.962914     2.7668     2.7436     0.0044  0.1499353 0.0000e+00
       1212      1.117    14.9843   2.962694     2.7680     2.7436     0.0044  0.1499353 0.0000e+00
       1213      1.150    14.9841   2.962506     2.7717     2.7448     0.0044  0.1499353 0.0000e+00
       1214      1.175    14.9841   2.962401     2.7692     2.7448     0.0044  0.1499353 0.0000e+00
       1215      1.150    14.9851   2.962467     2.7680     2.7448     0.0044  0.1499353 0.0000e+00
       1216      1.117    14.9850   2.962456     2.7680     2.7448     0.0044  0.1499353 0.0000e+00
       1217      1.150    14.9844   2.962443     2.7692     2.7448     0.0044  0.1504237 0.0000e+00
       1218      1.117    14.9840   2.962315     2.7705     2.7448     0.0044  0.1509121 0.0000e+00
       1219      1.150    14.9837   2.962232     2.7705     2.7448     0.0044  0.1514005 0.0000e+00
       1220      1.117    14.9833   2.962220     2.7692     2.7448     0.0044  0.1514005 0.0000e+00
       1221      1.150    14.9827   2.962196     2.7692     2.7448     0.0044  0.1514005 0.0000e+00
       1222      1.117    14.9828   2.962274     2.7705     2.7448     0.0044  0.1514005 0.0000e+00
       1223      1.150    14.9835   2.962322     2.7717     2.7448     0.0044  0.1514005 0.0000e+00
       1224      1.051    14.9850   2.962483     2.7705     2.7461     0.0044  0.1514005 0.0000e+00
       1225      1.150    14.9869   2.962684     2.7717     2.7461     0.0044  0.1514005 0.0000e+00
       1226      1.117    14.9877   2.963003     2.7717     2.7461     0.0044  0.1514005 0.0000e+00
       1227      1.150    14.9889   2.963019     2.7729     2.7461     0.0044  0.1514005 0.0000e+00
       1228      1.117    14.9897   2.963138     2.7729     2.7461     0.0044  0.1514005 0.0000e+00
       1229      1.084    14.9906   2.963169     2.7729     2.7461     0.0044  0.1514005 0.0000e+00
       1230      1.117    14.9935   2.963380     2.7717     2.7461     0.0044  0.1514005 0.0000e+00
       1231      1.117    14.9950   2.963767     2.7717     2.7461     0.0044  0.1514005 0.0000e+00
       1232      1.150    14.9952   2.964017     2.7741     2.7473     0.0044  0.1514005 0.0000e+00
       1233      1.175    14.9948   2.964148     2.7766     2.7461     0.0044  0.1514005 0.0000e+00
       1234      1.084    14.9942   2.964107     2.7729     2.7461     0.0044  0.1514005 0.0000e+00
       1235      1.175    14.9936   2.963984     2.7729     2.7473     0.0044  0.1514005 0.0000e+00
       1236      1.150    14.9936   2.963886     2.7741     2.7473     0.0044  0.1514005 0.0000e+00
       1237      1.175    14.9945   2.963851     2.7766     2.7461     0.0044  0.1514005 0.0000e+00
       1238      1.150    14.9958   2.963972     2.7754     2.7473     0.0044  0.1514005 0.0000e+00
       1239      1.175    14.9969   2.964131     2.7766     2.7461     0.0044  0.1514005 0.0000e+00
       1240      1.208    14.9977   2.964289     2.7741     2.7461     0.0044  0.1514005 0.0000e+00
       1241      1.175    14.9987   2.964392     2.7754     2.7473     0.0044  0.1514005 0.0000e+00
       1242      1.208    14.9992   2.964560     2.7766     2.7461     0.0044  0.1514005 0.0000e+00
       1243      1.175    14.9980   2.964622     2.7754     2.7461     0.0042  0.1509121 0.0000e+00
       1244      1.208    14.9969   2.964547     2.7754     2.7461     0.0042  0.1504237 0.0000e+00
       1245      1.241    14.9953   2.964491     2.7754     2.7461     0.0042  0.1504237 0.0000e+00
       1246      1.150    14.9945   2.964355     2.7766     2.7461     0.0042  0.1504237 0.0000e+00
       1247      1.241    14.9958   2.964301     2.7778     2.7461     0.0042  0.1504237 0.0000e+00
       1248      1.150    14.9948   2.964291     2.7766     2.7461     0.0042  0.1504237 0.0000e+00
       1249      1.175    14.9935   2.964265     2.7766     2.7461     0.0042  0.1499353 0.0000e+00
       1250      1.207    14.9914   2.964042     2.7766     2.7461     0.0042  0.1504237 0.0000e+00
       1251      1.117    14.9893   2.963840     2.7778     2.7461     0.0042  0.1504237 0.0000e+00
       1252      1.150    14.9879   2.963515     2.7790     2.7461     0.0042  0.1504237 0.0000e+00
       1253      1.174    14.9876   2.963205     2.7778     2.7461     0.0042  0.1504237 0.0000e+00
       1254      1.150    14.9877   2.963173     2.7778     2.7473     0.0042  0.1504237 0.0000e+00
       1255      1.117    14.9869   2.963038     2.7778     2.7461     0.0042  0.1504237 0.0000e+00
       1256      1.084    14.9865   2.963054     2.7802     2.7473     0.0042  0.1504237 0.0000e+00
       1257      1.174    14.9874   2.962975     2.7815     2.7473     0.0042  0.1504237 0.0000e+00
       1258      1.084    14.9884   2.962985     2.7778     2.7473     0.0042  0.1504237 0.0000e+00
       1259      1.117    14.9886   2.963019     2.7778     2.7473     0.0042  0.1504237 0.0000e+00
       1260      1.150    14.9889   2.963131     2.7790     2.7473     0.0042  0.1504237 0.0000e+00
       1261      1.117    14.9899   2.963257     2.7815     2.7473     0.0042  0.1504237 0.0000e+00
       1262      1.117    14.9915   2.963474     2.7815     2.7473     0.0042  0.1504237 0.0000e+00
       1263      1.149    14.9918   2.963579     2.7815     2.7473     0.0042  0.1504237 0.0000e+00
       1264      1.116    14.9919   2.963597     2.7790     2.7485     0.0042  0.1504237 0.0000e+00
       1265      1.083    14.9923   2.963638     2.7815     2.7473     0.0042  0.1504237 0.0000e+00
       1266      1.174    14.9933   2.963780     2.7815     2.7485     0.0042  0.1504237 0.0000e+00
       1267      1.083    14.9942   2.963949     2.7815     2.7485     0.0042  0.1504237 0.0000e+00
       1268      1.174    14.9958   2.964099     2.7815     2.7485     0.0042  0.1509121 0.0000e+00
       1269      1.149    14.9972   2.964287     2.7815     2.7485     0.0044  0.1514005 0.0000e+00
       1270      1.174    15.0011   2.964556     2.7802     2.7485     0.0044  0.1518889 0.0000e+00
       1271      1.149    15.0043   2.964873     2.7815     2.7485     0.0044  0.1518889 0.0000e+00
       1272      1.174    15.0065   2.965202     2.7815     2.7485     0.0044  0.1518889 0.0000e+00
       1273      1.207    15.0087   2.965558     2.7815     2.7485     0.0044  0.1518889 0.0000e+00
       1274      1.174    15.0053   2.965843     2.7815     2.7485     0.0044  0.1518889 0.0000e+00
       1275      1.207    15.0001   2.965624     2.7815     2.7485     0.0044  0.1518889 0.0000e+00
       1276      1.174    14.9960   2.965205     2.7815     2.7485     0.0044  0.1518889 0.0000e+00
       1277      1.207    14.9947   2.964870     2.7802     2.7473     0.0044  0.1518889 0.0000e+00
       1278      1.240    14.9947   2.964544     2.7790     2.7473     0.0044  0.1518889 0.0000e+00
       1279      1.207    14.9958   2.964449     2.7790     2.7473     0.0044  0.1518889 0.0000e+00
       1280      1.240    14.9965   2.964568     2.7802     2.7473     0.0044  0.1514005 0.0000e+00
