code/data/2021/ctd_data_day2/station8_ctm_fil_le_der.cnv
* Sea-Bird SBE 9 Data File:
* FileName = C:\Users\CTD-User\Desktop\MAR440\day2\station8.hex
* Software Version Seasave V 7.26.2.13
* Temperature SN = 6313
* Conductivity SN = 4758
* Number of Bytes Per Scan = 37
* Number of Voltage Words = 4
* Number of Scans Averaged by the Deck Unit = 1
* NMEA Latitude = 58 19.53 N
* NMEA Longitude = 011 50.68 E
* NMEA UTC (Time) = Sep 22 2021 11:34:11
* NMEA baud rate = 4800
** Ship: Skagerrak
** Station: station8
** Operator: group1
# nquan = 13                                
# nvalues = 1621                        
# units = specified
# name 0 = scan: Scan Count
# name 1 = prDM: Pressure, Digiquartz [db]
# name 2 = t090C: Temperature [ITS-90, deg C]
# name 3 = c0S/m: Conductivity [S/m]
# name 4 = sbeox0V: Oxygen raw, SBE 43 [V]
# name 5 = sbeox1V: Oxygen raw, SBE 43, 2 [V]
# name 6 = flECO-AFL: Fluorescence, WET Labs ECO-AFL/FL [mg/m^3]
# name 7 = upoly0: Upoly 0, Turbidity
# name 8 = depSM: Depth [salt water, m], lat = 58.3255
# name 9 = sal00: Salinity, Practical [PSU]
# name 10 = sbeox0ML/L: Oxygen, SBE 43 [ml/l], WS = 2
# name 11 = sbeox1ML/L: Oxygen, SBE 43, 2 [ml/l], WS = 2
# name 12 = flag: flag
# span 0 =          1,       1621       
# span 1 =      0.840,     12.569       
# span 2 =    14.0065,    15.7167       
# span 3 =   2.901340,   3.413555       
# span 4 =     1.3577,     2.8177       
# span 5 =     1.3369,     2.7501       
# span 6 =     0.0040,     0.0057       
# span 7 =  0.0909304,  0.1803616       
# span 8 =      0.832,     12.452       
# span 9 =    22.7877,    27.8196       
# span 10 =     2.4182,     6.8996      
# span 11 =     2.1748,     5.8530      
# span 12 = 0.0000e+00, 0.0000e+00      
# interval = seconds: 0.0416667
# start_time = Sep 22 2021 11:34:11 [NMEA time, header]
# bad_flag = -9.990e-29
*END*
[from data line 1334]
       1335     12.344    14.6327   3.405354     1.7273     1.7204     0.0049  0.0920823     12.229    27.3078     3.1443     2.8096 -9.990e-29
       1336     12.345    14.6393   3.404916     1.7243     1.7173     0.0049  0.0920564     12.230    27.2993     3.1342     2.8000 -9.990e-29
       1337     12.345    14.6457   3.404482     1.7213     1.7142     0.0049  0.0920322     12.230    27.2910     3.1242     2.7905 -9.990e-29
       1338     12.346    14.6521   3.404045     1.7182     1.7111     0.0049  0.0920094     12.231    27.2826     3.1140     2.7811 -9.990e-29
       1339     12.346    14.6584   3.403603     1.7152     1.7079     0.0049  0.0919880     12.231    27.2743     3.1041     2.7715 -9.990e-29
       1340     12.347    14.6645   3.403155     1.7121     1.7048     0.0049  0.0919678     12.232    27.2660     3.0940     2.7623 -9.990e-29
       1341     12.347    14.6705   3.402699     1.7090     1.7016     0.0049  0.0919487     12.232    27.2578     3.0840     2.7529 -9.990e-29
       1342     12.348    14.6762   3.402238     1.7059     1.6984     0.0049  0.0919305     12.233    27.2497     3.0742     2.7436 -9.990e-29
       1343     12.348    14.6814   3.401780     1.7027     1.6952     0.0049  0.0919130     12.233    27.2420     3.0642     2.7345 -9.990e-29
       1344     12.349    14.6861   3.401338     1.6996     1.6920     0.0049  0.0918963     12.234    27.2348     3.0546     2.7255 -9.990e-29
       1345     12.350    14.6900   3.400927     1.6965     1.6888     0.0049  0.0918793     12.235    27.2284     3.0453     2.7166 -9.990e-29
       1346     12.350    14.6931   3.400560     1.6933     1.6855     0.0049  0.0918610     12.235    27.2230     3.0358     2.7076 -9.990e-29
       1347     12.351    14.6951   3.400243     1.6901     1.6823     0.0049  0.0918422     12.236    27.2188     3.0266     2.6990 -9.990e-29
       1348     12.351    14.6961   3.399980     1.6870     1.6790     0.0049  0.0918236     12.236    27.2158     3.0179     2.6903 -9.990e-29
       1349     12.352    14.6962   3.399768     1.6838     1.6757     0.0049  0.0918050     12.237    27.2138     3.0091     2.6818 -9.990e-29
       1350     12.352    14.6956   3.399597     1.6806     1.6725     0.0049  0.0917855     12.237    27.2127     3.0005     2.6736 -9.990e-29
       1351     12.353    14.6940   3.399462     1.6775     1.6692     0.0049  0.0917641     12.238    27.2127     2.9925     2.6654 -9.990e-29
       1352     12.354    14.6913   3.399368     1.6743     1.6659     0.0049  0.0917415     12.239    27.2137     2.9845     2.6573 -9.990e-29
       1353     12.355    14.6871   3.399326     1.6711     1.6626     0.0049  0.0917175     12.240    27.2163     2.9767     2.6494 -9.990e-29
       1354     12.356    14.6814   3.399343     1.6680     1.6594     0.0048  0.0916920     12.241    27.2204     2.9695     2.6419 -9.990e-29
       1355     12.357    14.6744   3.399424     1.6649     1.6561     0.0046  0.0916673     12.242    27.2260     2.9626     2.6343 -9.990e-29
       1356     12.358    14.6670   3.399562     1.6617     1.6529     0.0048  0.0916450     12.243    27.2324     2.9557     2.6271 -9.990e-29
       1357     12.359    14.6598   3.399741     1.6586     1.6496     0.0046  0.0916249     12.244    27.2390     2.9493     2.6197 -9.990e-29
       1358     12.360    14.6533   3.399939     1.6555     1.6464     0.0046  0.0916069     12.245    27.2453     2.9431     2.6127 -9.990e-29
       1359     12.362    14.6474   3.400137     1.6525     1.6432     0.0048  0.0915908     12.247    27.2512     2.9375     2.6057 -9.990e-29
       1360     12.363    14.6419   3.400327     1.6494     1.6400     0.0048  0.0915766     12.248    27.2567     2.9318     2.5989 -9.990e-29
       1361     12.364    14.6363   3.400510     1.6464     1.6369     0.0046  0.0915641     12.249    27.2623     2.9267     2.5925 -9.990e-29
       1362     12.366    14.6308   3.400691     1.6434     1.6337     0.0048  0.0915532     12.251    27.2677     2.9219     2.5859 -9.990e-29
       1363     12.367    14.6256   3.400873     1.6404     1.6306     0.0048  0.0915439     12.252    27.2730     2.9172     2.5796 -9.990e-29
       1364     12.369    14.6213   3.401050     1.6375     1.6275     0.0046  0.0915361     12.254    27.2776     2.9131     2.5734 -9.990e-29
       1365     12.370    14.6178   3.401216     1.6346     1.6244     0.0046  0.0915298     12.255    27.2815     2.9092     2.5673 -9.990e-29
       1366     12.372    14.6146   3.401365     1.6318     1.6213     0.0046  0.0915249     12.257    27.2851     2.9058     2.5613 -9.990e-29
       1367     12.373    14.6112   3.401502     1.6290     1.6182     0.0048  0.0915214     12.258    27.2887     2.9026     2.5554 -9.990e-29
       1368     12.375    14.6072   3.401637     1.6262     1.6152     0.0048  0.0915192     12.260    27.2927     2.8996     2.5498 -9.990e-29
       1369     12.377    14.6026   3.401779     1.6235     1.6122     0.0048  0.0915183     12.262    27.2972     2.8972     2.5443 -9.990e-29
       1370     12.378    14.5973   3.401939     1.6209     1.6092     0.0048  0.0915188     12.263    27.3023     2.8953     2.5389 -9.990e-29
       1371     12.380    14.5911   3.402125     1.6183     1.6062     0.0046  0.0915206     12.265    27.3083     2.8935     2.5336 -9.990e-29
       1372     12.381    14.5839   3.402343     1.6157     1.6033     0.0046  0.0915237     12.266    27.3153     2.8919     2.5286 -9.990e-29
       1373     12.383    14.5755   3.402592     1.6132     1.6004     0.0046  0.0915283     12.268    27.3234     2.8907     2.5237 -9.990e-29
       1374     12.385    14.5661   3.402874     1.6107     1.5975     0.0048  0.0915342     12.270    27.3325     2.8898     2.5189 -9.990e-29
       1375     12.387    14.5555   3.403185     1.6083     1.5946     0.0046  0.0915415     12.272    27.3427     2.8892     2.5142 -9.990e-29
       1376     12.389    14.5439   3.403523     1.6060     1.5917     0.0046  0.0915504     12.273    27.3539     2.8890     2.5095 -9.990e-29
       1377     12.391    14.5311   3.403886     1.6037     1.5889     0.0048  0.0915608     12.275    27.3661     2.8890     2.5052 -9.990e-29
       1378     12.393    14.5171   3.404272     1.6015     1.5860     0.0048  0.0915728     12.277    27.3794     2.8893     2.5006 -9.990e-29
       1379     12.394    14.5019   3.404679     1.5993     1.5832     0.0046  0.0915865     12.278    27.3938     2.8896     2.4965 -9.990e-29
       1380     12.396    14.4855   3.405105     1.5972     1.5805     0.0048  0.0916012     12.280    27.4091     2.8904     2.4926 -9.990e-29
       1381     12.398    14.4682   3.405549     1.5951     1.5777     0.0048  0.0916153     12.282    27.4253     2.8911     2.4885 -9.990e-29
       1382     12.400    14.4507   3.406007     1.5931     1.5750     0.0048  0.0916279     12.284    27.4417     2.8920     2.4847 -9.990e-29
       1383     12.402    14.4334   3.406473     1.5912     1.5723     0.0048  0.0916392     12.286    27.4581     2.8932     2.4809 -9.990e-29
       1384     12.404    14.4169   3.406937     1.5893     1.5696     0.0048  0.0916494     12.288    27.4739     2.8943     2.4771 -9.990e-29
       1385     12.406    14.4014   3.407388     1.5874     1.5669     0.0048  0.0916583     12.290    27.4890     2.8953     2.4733 -9.990e-29
       1386     12.408    14.3871   3.407819     1.5856     1.5643     0.0048  0.0916662     12.292    27.5029     2.8965     2.4698 -9.990e-29
       1387     12.409    14.3740   3.408224     1.5839     1.5616     0.0048  0.0916730     12.293    27.5158     2.8977     2.4660 -9.990e-29
       1388     12.411    14.3621   3.408604     1.5822     1.5591     0.0048  0.0916789     12.295    27.5277     2.8988     2.4627 -9.990e-29
       1389     12.413    14.3513   3.408958     1.5806     1.5565     0.0048  0.0916837     12.297    27.5385     2.8999     2.4592 -9.990e-29
       1390     12.415    14.3418   3.409288     1.5790     1.5540     0.0048  0.0916877     12.299    27.5482     2.9009     2.4558 -9.990e-29
       1391     12.417    14.3335   3.409595     1.5775     1.5515     0.0048  0.0916908     12.301    27.5569     2.9019     2.4525 -9.990e-29
       1392     12.419    14.3262   3.409879     1.5760     1.5490     0.0048  0.0916930     12.303    27.5646     2.9027     2.4491 -9.990e-29
       1393     12.421    14.3198   3.410138     1.5746     1.5466     0.0048  0.0916944     12.305    27.5715     2.9035     2.4460 -9.990e-29
       1394     12.423    14.3141   3.410372     1.5732     1.5441     0.0048  0.0916949     12.307    27.5776     2.9041     2.4425 -9.990e-29
       1395     12.425    14.3088   3.410583     1.5718     1.5418     0.0048  0.0916946     12.309    27.5833     2.9045     2.4396 -9.990e-29
       1396     12.427    14.3038   3.410771     1.5705     1.5394     0.0048  0.0916934     12.311    27.5885     2.9050     2.4364 -9.990e-29
       1397     12.429    14.2988   3.410939     1.5692     1.5371     0.0048  0.0916914     12.313    27.5936     2.9052     2.4334 -9.990e-29
       1398     12.431    14.2937   3.411090     1.5680     1.5348     0.0048  0.0916885     12.315    27.5986     2.9054     2.4305 -9.990e-29
       1399     12.433    14.2884   3.411227     1.5667     1.5325     0.0048  0.0916847     12.317    27.6036     2.9051     2.4275 -9.990e-29
       1400     12.435    14.2828   3.411354     1.5655     1.5303     0.0048  0.0916792     12.319    27.6087     2.9049     2.4248 -9.990e-29
       1401     12.437    14.2771   3.411475     1.5643     1.5281     0.0048  0.0916710     12.321    27.6139     2.9045     2.4220 -9.990e-29
       1402     12.440    14.2714   3.411590     1.5631     1.5259     0.0048  0.0916610     12.324    27.6190     2.9037     2.4192 -9.990e-29
       1403     12.442    14.2656   3.411696     1.5619     1.5238     0.0048  0.0916499     12.326    27.6240     2.9028     2.4166 -9.990e-29
       1404     12.444    14.2598   3.411793     1.5608     1.5216     0.0048  0.0916376     12.328    27.6291     2.9018     2.4138 -9.990e-29
       1405     12.446    14.2538   3.411881     1.5596     1.5195     0.0048  0.0916241     12.330    27.6341     2.9003     2.4111 -9.990e-29
       1406     12.449    14.2476   3.411961     1.5584     1.5174     0.0048  0.0916102     12.333    27.6393     2.8986     2.4085 -9.990e-29
       1407     12.451    14.2413   3.412036     1.5573     1.5154     0.0048  0.0915973     12.335    27.6444     2.8969     2.4060 -9.990e-29
       1408     12.453    14.2348   3.412104     1.5561     1.5133     0.0048  0.0915863     12.337    27.6497     2.8946     2.4033 -9.990e-29
       1409     12.456    14.2284   3.412164     1.5550     1.5113     0.0048  0.0915772     12.340    27.6548     2.8924     2.4007 -9.990e-29
       1410     12.458    14.2224   3.412218     1.5539     1.5093     0.0048  0.0915697     12.342    27.6596     2.8899     2.3981 -9.990e-29
       1411     12.461    14.2168   3.412264     1.5527     1.5074     0.0048  0.0915640     12.345    27.6640     2.8868     2.3956 -9.990e-29
       1412     12.463    14.2118   3.412304     1.5516     1.5054     0.0048  0.0915599     12.347    27.6679     2.8838     2.3928 -9.990e-29
       1413     12.466    14.2072   3.412339     1.5504     1.5035     0.0048  0.0915574     12.350    27.6715     2.8802     2.3902 -9.990e-29
       1414     12.468    14.2029   3.412371     1.5493     1.5016     0.0048  0.0915565     12.352    27.6749     2.8767     2.3875 -9.990e-29
       1415     12.471    14.1989   3.412399     1.5481     1.4997     0.0048  0.0915572     12.355    27.6780     2.8726     2.3848 -9.990e-29
       1416     12.473    14.1951   3.412423     1.5470     1.4978     0.0048  0.0915595     12.357    27.6809     2.8687     2.3820 -9.990e-29
       1417     12.476    14.1914   3.412444     1.5458     1.4959     0.0048  0.0915634     12.360    27.6838     2.8642     2.3791 -9.990e-29
       1418     12.478    14.1879   3.412462     1.5446     1.4941     0.0048  0.0915690     12.362    27.6864     2.8595     2.3765 -9.990e-29
       1419     12.481    14.1844   3.412477     1.5434     1.4922     0.0048  0.0915763     12.365    27.6891     2.8547     2.3735 -9.990e-29
       1420     12.484    14.1808   3.412491     1.5422     1.4904     0.0048  0.0915852     12.368    27.6918     2.8498     2.3707 -9.990e-29
       1421     12.486    14.1772   3.412503     1.5410     1.4886     0.0048  0.0915960     12.370    27.6945     2.8447     2.3678 -9.990e-29
       1422     12.489    14.1733   3.412514     1.5398     1.4868     0.0048  0.0916087     12.373    27.6974     2.8395     2.3649 -9.990e-29
       1423     12.491    14.1689   3.412524     1.5385     1.4850     0.0048  0.0916233     12.375    27.7006     2.8339     2.3620 -9.990e-29
       1424     12.494    14.1639   3.412533     1.5373     1.4833     0.0048  0.0916399     12.378    27.7043     2.8285     2.3593 -9.990e-29
       1425     12.497    14.1580   3.412542     1.5360     1.4815     0.0048  0.0916588     12.380    27.7086     2.8227     2.3563 -9.990e-29
       1426     12.500    14.1511   3.412552     1.5347     1.4798     0.0048  0.0916799     12.383    27.7136     2.8169     2.3536 -9.990e-29
       1427     12.502    14.1433   3.412565     1.5334     1.4780     0.0048  0.0917035     12.385    27.7193     2.8111     2.3505 -9.990e-29
       1428     12.505    14.1346   3.412579     1.5320     1.4763     0.0048  0.0917298     12.388    27.7257     2.8049     2.3478 -9.990e-29
       1429     12.508    14.1250   3.412597     1.5306     1.4746     0.0048  0.0917588     12.391    27.7327     2.7987     2.3450 -9.990e-29
       1430     12.510    14.1150   3.412617     1.5292     1.4729     0.0048  0.0917900     12.393    27.7401     2.7925     2.3422 -9.990e-29
       1431     12.513    14.1048   3.412641     1.5278     1.4712     0.0049  0.0918209     12.396    27.7476     2.7863     2.3393 -9.990e-29
       1432     12.515    14.0949   3.412665     1.5263     1.4695     0.0049  0.0918494     12.398    27.7550     2.7797     2.3365 -9.990e-29
       1433     12.518    14.0854   3.412689     1.5248     1.4678     0.0049  0.0918748     12.401    27.7620     2.7731     2.3336 -9.990e-29
       1434     12.520    14.0765   3.412711     1.5233     1.4661     0.0049  0.0918971     12.403    27.7686     2.7664     2.3306 -9.990e-29
       1435     12.523    14.0681   3.412730     1.5217     1.4644     0.0049  0.0919166     12.406    27.7748     2.7595     2.3277 -9.990e-29
       1436     12.525    14.0602   3.412746     1.5202     1.4628     0.0049  0.0919334     12.408    27.7807     2.7528     2.3250 -9.990e-29
       1437     12.527    14.0528   3.412760     1.5186     1.4611     0.0049  0.0919476     12.410    27.7861     2.7459     2.3220 -9.990e-29
       1438     12.530    14.0459   3.412771     1.5169     1.4595     0.0049  0.0919594     12.413    27.7912     2.7387     2.3192 -9.990e-29
       1439     12.532    14.0395   3.412780     1.5153     1.4578     0.0049  0.0919687     12.415    27.7959     2.7318     2.3162 -9.990e-29
       1440     12.534    14.0337   3.412788     1.5136     1.4562     0.0049  0.0919758     12.417    27.8001     2.7247     2.3134 -9.990e-29
       1441     12.536    14.0283   3.412793     1.5119     1.4546     0.0049  0.0919805     12.419    27.8041     2.7176     2.3106 -9.990e-29
       1442     12.538    14.0235   3.412797     1.5102     1.4530     0.0049  0.0919830     12.421    27.8076     2.7105     2.3078 -9.990e-29
       1443     12.539    14.0193   3.412799     1.5085     1.4514     0.0049  0.0919833     12.422    27.8106     2.7036     2.3049 -9.990e-29
       1444     12.541    14.0156   3.412799     1.5068     1.4498     0.0049  0.0919813     12.424    27.8133     2.6967     2.3021 -9.990e-29
