code/data/2021/ctd_data_day2/station9_ctm.cnv
* Sea-Bird SBE 9 Data File:
* FileName = C:\Users\CTD-User\Desktop\MAR440\day2\station9.hex
* Software Version Seasave V 7.26.2.13
* Temperature SN = 6313
* Conductivity SN = 4758
* Number of Bytes Per Scan = 37
* Number of Voltage Words = 4
* Number of Scans Averaged by the Deck Unit = 1
* NMEA Latitude = 58 19.82 N
* NMEA Longitude = 011 51.84 E
* NMEA UTC (Time) = Sep 22 2021 11:46:38
* NMEA baud rate = 4800
** Ship: Skagerrak
** Station: station9
** Operator: group2blue
# nquan = 9
# nvalues = 3112                        
# units = specified
# name 0 = scan: Scan Count
# name 1 = prDM: Pressure, Digiquartz [db]
# name 2 = t090C: Temperature [ITS-90, deg C]
# name 3 = c0S/m: Conductivity [S/m]
# name 4 = sbeox0V: Oxygen raw, SBE 43 [V]
# name 5 = sbeox1V: Oxygen raw, SBE 43, 2 [V]
# name 6 = flECO-AFL: Fluorescence, WET Labs ECO-AFL/FL [mg/m^3]
# name 7 = upoly0: Upoly 0, Turbidity
# name 8 = flag:  0.000e+00
# span 0 =          1,       3112       
# span 1 =      0.912,     43.038       
# span 2 =     7.9952,    15.9143       
# span 3 =   2.900965,   3.486904       
# span 4 =     0.4748,     2.8083       
# span 5 =     0.5419,     2.6948       
# span 6 =     0.0035,     0.0145       
# span 7 =  0.0874200,  0.2231954       
# span 8 = 0.0000e+00, 0.0000e+00       
# interval = seconds: 0.0416667
# start_time = Sep 22 2021 11:46:38 [NMEA time, header]
# bad_flag = -9.990e-29
*END*
[from data line 1761]
       1762     17.109    11.1840   3.442711     1.1476     1.1745     0.0040  0.0883968 0.0000e+00
       1763     17.175    11.1650   3.441310     1.1464     1.1733     0.0040  0.0883968 0.0000e+00
       1764     17.175    11.1391   3.439825     1.1452     1.1721     0.0040  0.0883968 0.0000e+00
       1765     17.175    11.1181   3.438359     1.1452     1.1696     0.0040  0.0883968 0.0000e+00
       1766     17.274    11.0918   3.437019     1.1427     1.1684     0.0040  0.0883968 0.0000e+00
       1767     17.233    11.0605   3.435375     1.1403     1.1672     0.0040  0.0883968 0.0000e+00
       1768     17.233    11.0318   3.433548     1.1379     1.1659     0.0040  0.0883968 0.0000e+00
       1769     17.291    11.0033   3.431583     1.1379     1.1647     0.0040  0.0883968 0.0000e+00
       1770     17.291    10.9697   3.429412     1.1379     1.1635     0.0040  0.0883968 0.0000e+00
       1771     17.357    10.9288   3.426876     1.1354     1.1611     0.0040  0.0883968 0.0000e+00
       1772     17.340    10.8904   3.424117     1.1317     1.1611     0.0040  0.0883968 0.0000e+00
       1773     17.414    10.8527   3.421309     1.1305     1.1586     0.0040  0.0883968 0.0000e+00
       1774     17.414    10.7939   3.417904     1.1305     1.1574     0.0040  0.0883968 0.0000e+00
       1775     17.357    10.7280   3.413781     1.1305     1.1574     0.0040  0.0883968 0.0000e+00
       1776     17.480    10.6608   3.409066     1.1269     1.1550     0.0040  0.0883968 0.0000e+00
       1777     17.480    10.5927   3.404125     1.1256     1.1525     0.0040  0.0883968 0.0000e+00
       1778     17.480    10.5244   3.399600     1.1232     1.1513     0.0040  0.0883968 0.0000e+00
       1779     17.522    10.4323   3.393947     1.1232     1.1501     0.0040  0.0883968 0.0000e+00
       1780     17.538    10.3455   3.387888     1.1208     1.1489     0.0040  0.0883968 0.0000e+00
       1781     17.538    10.2602   3.382004     1.1208     1.1476     0.0040  0.0893736 0.0000e+00
       1782     17.538    10.1875   3.376217     1.1171     1.1464     0.0040  0.0893736 0.0000e+00
       1783     17.596    10.1204   3.371270     1.1147     1.1440     0.0040  0.0893736 0.0000e+00
       1784     17.662    10.0848   3.367443     1.1159     1.1427     0.0040  0.0893736 0.0000e+00
       1785     17.662    10.0265   3.363671     1.1134     1.1403     0.0040  0.0893736 0.0000e+00
       1786     17.645     9.9662   3.359304     1.1110     1.1391     0.0040  0.0893736 0.0000e+00
       1787     17.662     9.9076   3.354980     1.1085     1.1379     0.0040  0.0893736 0.0000e+00
       1788     17.719     9.8536   3.351522     1.1073     1.1366     0.0040  0.0893736 0.0000e+00
       1789     17.719     9.8045   3.348200     1.1073     1.1342     0.0040  0.0893736 0.0000e+00
       1790     17.785     9.7538   3.344771     1.1061     1.1330     0.0040  0.0893736 0.0000e+00
       1791     17.785     9.7033   3.341285     1.1012     1.1305     0.0040  0.0893736 0.0000e+00
       1792     17.785     9.6581   3.337990     1.1012     1.1293     0.0040  0.0893736 0.0000e+00
       1793     17.827     9.6258   3.335276     1.0988     1.1269     0.0040  0.0893736 0.0000e+00
       1794     17.843     9.5945   3.333100     1.0988     1.1256     0.0040  0.0893736 0.0000e+00
       1795     17.843     9.5524   3.330623     1.0963     1.1220     0.0040  0.0893736 0.0000e+00
       1796     17.843     9.5030   3.327498     1.0927     1.1220     0.0040  0.0893736 0.0000e+00
       1797     17.967     9.4636   3.324017     1.0902     1.1195     0.0040  0.0893736 0.0000e+00
       1798     17.909     9.4171   3.320766     1.0890     1.1183     0.0040  0.0893736 0.0000e+00
       1799     17.967     9.3651   3.317503     1.0878     1.1159     0.0040  0.0893736 0.0000e+00
       1800     17.950     9.3153   3.314163     1.0866     1.1134     0.0040  0.0893736 0.0000e+00
       1801     18.024     9.2849   3.311410     1.0817     1.1110     0.0040  0.0893736 0.0000e+00
       1802     17.967     9.2578   3.309195     1.0805     1.1086     0.0040  0.0893736 0.0000e+00
       1803     18.024     9.2375   3.307145     1.0792     1.1073     0.0040  0.0893736 0.0000e+00
       1804     18.090     9.2095   3.305275     1.0768     1.1049     0.0040  0.0893736 0.0000e+00
       1805     18.090     9.1794   3.303304     1.0731     1.1024     0.0040  0.0893736 0.0000e+00
       1806     18.090     9.1540   3.301582     1.0707     1.1000     0.0044  0.0913272 0.0000e+00
       1807     18.132     9.1219   3.300274     1.0683     1.0988     0.0051  0.0932808 0.0000e+00
       1808     18.148     9.0958   3.298741     1.0683     1.0963     0.0049  0.0942576 0.0000e+00
       1809     18.214     9.0727   3.297012     1.0658     1.0927     0.0049  0.0942576 0.0000e+00
       1810     18.148     9.0491   3.295432     1.0621     1.0902     0.0049  0.0942576 0.0000e+00
       1811     18.214     9.0263   3.293762     1.0597     1.0890     0.0049  0.0942576 0.0000e+00
       1812     18.272     8.9983   3.292264     1.0573     1.0854     0.0051  0.0942576 0.0000e+00
       1813     18.272     8.9727   3.290654     1.0573     1.0829     0.0049  0.0942576 0.0000e+00
       1814     18.255     8.9482   3.288761     1.0536     1.0805     0.0049  0.0942576 0.0000e+00
       1815     18.329     8.9151   3.286889     1.0499     1.0768     0.0049  0.0942576 0.0000e+00
       1816     18.329     8.8850   3.285206     1.0475     1.0744     0.0049  0.0942576 0.0000e+00
       1817     18.329     8.8580   3.283162     1.0463     1.0719     0.0051  0.0937692 0.0000e+00
       1818     18.395     8.8279   3.281303     1.0438     1.0695     0.0049  0.0942576 0.0000e+00
       1819     18.395     8.7974   3.279495     1.0402     1.0658     0.0049  0.0942576 0.0000e+00
       1820     18.395     8.7686   3.277521     1.0377     1.0634     0.0049  0.0942576 0.0000e+00
       1821     18.453     8.7462   3.275686     1.0328     1.0597     0.0049  0.0942576 0.0000e+00
       1822     18.437     8.7220   3.273655     1.0328     1.0573     0.0051  0.0942576 0.0000e+00
       1823     18.519     8.6947   3.271711     1.0292     1.0536     0.0049  0.0942576 0.0000e+00
       1824     18.453     8.6633   3.270034     1.0255     1.0499     0.0049  0.0942576 0.0000e+00
       1825     18.519     8.6325   3.268217     1.0218     1.0463     0.0049  0.0942576 0.0000e+00
       1826     18.577     8.6088   3.266311     1.0182     1.0426     0.0049  0.0942576 0.0000e+00
       1827     18.577     8.5826   3.264804     1.0182     1.0389     0.0051  0.0942576 0.0000e+00
       1828     18.577     8.5634   3.263329     1.0133     1.0353     0.0049  0.0942576 0.0000e+00
       1829     18.643     8.5396   3.261774     1.0096     1.0304     0.0049  0.0937692 0.0000e+00
       1830     18.626     8.5237   3.260508     1.0060     1.0267     0.0049  0.0942576 0.0000e+00
       1831     18.643     8.5123   3.259567     1.0011     1.0231     0.0053  0.0947460 0.0000e+00
       1832     18.700     8.4953   3.258634     0.9986     1.0194     0.0060  0.1030488 0.0000e+00
       1833     18.700     8.4730   3.257361     0.9950     1.0145     0.0064  0.1074444 0.0000e+00
       1834     18.758     8.4535   3.255754     0.9901     1.0109     0.0064  0.1079328 0.0000e+00
       1835     18.758     8.4345   3.254127     0.9864     1.0060     0.0064  0.1074444 0.0000e+00
       1836     18.758     8.4104   3.252619     0.9840     1.0023     0.0064  0.1069560 0.0000e+00
       1837     18.758     8.3813   3.251304     0.9803     0.9962     0.0064  0.1069560 0.0000e+00
       1838     18.807     8.3574   3.249591     0.9767     0.9925     0.0064  0.1069560 0.0000e+00
       1839     18.882     8.3383   3.248125     0.9706     0.9877     0.0064  0.1069560 0.0000e+00
       1840     18.824     8.3184   3.246782     0.9657     0.9828     0.0064  0.1069560 0.0000e+00
       1841     18.882     8.2939   3.245606     0.9645     0.9791     0.0064  0.1074444 0.0000e+00
       1842     18.948     8.2738   3.244115     0.9608     0.9742     0.0064  0.1069560 0.0000e+00
       1843     18.882     8.2524   3.242624     0.9547     0.9693     0.0064  0.1069560 0.0000e+00
       1844     18.948     8.2300   3.241199     0.9498     0.9645     0.0064  0.1074444 0.0000e+00
       1845     19.005     8.2070   3.239778     0.9449     0.9596     0.0064  0.1074444 0.0000e+00
       1846     18.989     8.1780   3.238054     0.9425     0.9547     0.0064  0.1069560 0.0000e+00
       1847     19.005     8.1577   3.236296     0.9376     0.9498     0.0064  0.1069560 0.0000e+00
       1848     19.005     8.1439   3.235167     0.9327     0.9449     0.0064  0.1069560 0.0000e+00
       1849     19.063     8.1398   3.234297     0.9278     0.9400     0.0064  0.1069560 0.0000e+00
       1850     19.063     8.1305   3.233950     0.9229     0.9352     0.0064  0.1074444 0.0000e+00
       1851     19.129     8.1195   3.233512     0.9205     0.9315     0.0064  0.1069560 0.0000e+00
       1852     19.129     8.1084   3.232690     0.9156     0.9266     0.0064  0.1074444 0.0000e+00
       1853     19.129     8.0940   3.231919     0.9107     0.9217     0.0064  0.1069560 0.0000e+00
       1854     19.187     8.0803   3.231263     0.9046     0.9181     0.0064  0.1069560 0.0000e+00
       1855     19.170     8.0707   3.231116     0.9010     0.9132     0.0064  0.1069560 0.0000e+00
       1856     19.187     8.0644   3.230511     0.8985     0.9071     0.0064  0.1069560 0.0000e+00
       1857     19.253     8.0626   3.230294     0.8936     0.9034     0.0066  0.1147705 0.0000e+00
       1858     19.253     8.0616   3.230338     0.8887     0.8997     0.0070  0.1255153 0.0000e+00
       1859     19.253     8.0587   3.230310     0.8826     0.8949     0.0070  0.1284457 0.0000e+00
       1860     19.310     8.0565   3.230274     0.8790     0.8900     0.0070  0.1284457 0.0000e+00
       1861     19.310     8.0521   3.230457     0.8778     0.8863     0.0070  0.1279573 0.0000e+00
       1862     19.376     8.0468   3.230358     0.8729     0.8814     0.0070  0.1274689 0.0000e+00
       1863     19.310     8.0426   3.230478     0.8680     0.8765     0.0070  0.1279573 0.0000e+00
       1864     19.417     8.0399   3.230582     0.8631     0.8729     0.0070  0.1279573 0.0000e+00
       1865     19.376     8.0371   3.230536     0.8594     0.8680     0.0070  0.1274689 0.0000e+00
       1866     19.434     8.0354   3.230683     0.8570     0.8643     0.0070  0.1279573 0.0000e+00
       1867     19.434     8.0331   3.230718     0.8509     0.8607     0.0070  0.1279573 0.0000e+00
       1868     19.492     8.0303   3.230598     0.8460     0.8558     0.0070  0.1279573 0.0000e+00
       1869     19.492     8.0253   3.230525     0.8423     0.8521     0.0070  0.1279573 0.0000e+00
       1870     19.492     8.0216   3.230384     0.8399     0.8484     0.0070  0.1279573 0.0000e+00
       1871     19.558     8.0209   3.230236     0.8375     0.8448     0.0070  0.1279573 0.0000e+00
       1872     19.558     8.0180   3.230364     0.8326     0.8411     0.0070  0.1279573 0.0000e+00
       1873     19.541     8.0154   3.230466     0.8277     0.8375     0.0070  0.1279573 0.0000e+00
       1874     19.615     8.0136   3.230632     0.8228     0.8326     0.0070  0.1274689 0.0000e+00
       1875     19.615     8.0133   3.230712     0.8216     0.8289     0.0070  0.1274689 0.0000e+00
       1876     19.615     8.0118   3.231074     0.8179     0.8252     0.0070  0.1279573 0.0000e+00
       1877     19.681     8.0123   3.231352     0.8130     0.8216     0.0070  0.1274689 0.0000e+00
       1878     19.681     8.0102   3.231585     0.8094     0.8179     0.0070  0.1279573 0.0000e+00
       1879     19.739     8.0062   3.231764     0.8057     0.8143     0.0070  0.1279573 0.0000e+00
       1880     19.739     8.0035   3.232046     0.8033     0.8118     0.0070  0.1279573 0.0000e+00
       1881     19.739     8.0023   3.232304     0.7996     0.8082     0.0070  0.1279573 0.0000e+00
       1882     19.722     8.0007   3.232732     0.7947     0.8045     0.0071  0.1299109 0.0000e+00
       1883     19.797     7.9984   3.232882     0.7910     0.8020     0.0092  0.1567729 0.0000e+00
       1884     19.797     7.9978   3.233085     0.7898     0.7984     0.0102  0.1709365 0.0000e+00
       1885     19.863     7.9971   3.233527     0.7886     0.7959     0.0104  0.1724017 0.0000e+00
       1886     19.863     7.9961   3.233648     0.7837     0.7911     0.0102  0.1714249 0.0000e+00
       1887     19.863     7.9955   3.233872     0.7788     0.7886     0.0102  0.1704481 0.0000e+00
       1888     19.920     7.9967   3.234017     0.7752     0.7862     0.0101  0.1704481 0.0000e+00
       1889     19.920     7.9957   3.234440     0.7740     0.7825     0.0102  0.1704481 0.0000e+00
       1890     19.920     7.9952   3.234726     0.7715     0.7788     0.0102  0.1704481 0.0000e+00
       1891     19.920     7.9958   3.235023     0.7678     0.7764     0.0102  0.1704481 0.0000e+00
       1892     20.027     7.9960   3.235168     0.7642     0.7727     0.0102  0.1704481 0.0000e+00
       1893     19.986     7.9963   3.235440     0.7605     0.7703     0.0102  0.1704481 0.0000e+00
       1894     20.044     7.9968   3.235741     0.7593     0.7679     0.0102  0.1704481 0.0000e+00
       1895     20.044     7.9962   3.235877     0.7569     0.7654     0.0102  0.1704481 0.0000e+00
       1896     20.044     7.9969   3.236144     0.7544     0.7630     0.0102  0.1704481 0.0000e+00
       1897     20.110     7.9994   3.236485     0.7495     0.7593     0.0102  0.1704481 0.0000e+00
       1898     20.110     8.0005   3.236923     0.7471     0.7569     0.0102  0.1704481 0.0000e+00
       1899     20.110     8.0012   3.237143     0.7459     0.7544     0.0102  0.1704481 0.0000e+00
       1900     20.168     8.0020   3.237501     0.7446     0.7520     0.0101  0.1704481 0.0000e+00
       1901     20.168     8.0023   3.238067     0.7398     0.7495     0.0102  0.1704481 0.0000e+00
       1902     20.168     8.0033   3.238310     0.7361     0.7471     0.0102  0.1704481 0.0000e+00
       1903     20.217     8.0041   3.238552     0.7337     0.7446     0.0102  0.1704481 0.0000e+00
       1904     20.225     8.0038   3.238898     0.7337     0.7434     0.0102  0.1704481 0.0000e+00
       1905     20.225     8.0038   3.239216     0.7300     0.7398     0.0102  0.1704481 0.0000e+00
       1906     20.291     8.0039   3.239478     0.7263     0.7385     0.0102  0.1704481 0.0000e+00
       1907     20.291     8.0047   3.239787     0.7251     0.7373     0.0102  0.1704481 0.0000e+00
       1908     20.349     8.0049   3.240002     0.7214     0.7337     0.0112  0.1836349 0.0000e+00
       1909     20.291     8.0047   3.240416     0.7202     0.7312     0.0130  0.2056129 0.0000e+00
       1910     20.415     8.0051   3.240649     0.7178     0.7300     0.0134  0.2119621 0.0000e+00
       1911     20.349     8.0065   3.241021     0.7141     0.7276     0.0134  0.2114737 0.0000e+00
       1912     20.415     8.0080   3.241435     0.7117     0.7251     0.0134  0.2104969 0.0000e+00
       1913     20.415     8.0083   3.241735     0.7105     0.7239     0.0134  0.2104969 0.0000e+00
       1914     20.456     8.0091   3.242157     0.7105     0.7214     0.0132  0.2104969 0.0000e+00
       1915     20.415     8.0099   3.242378     0.7068     0.7190     0.0134  0.2104969 0.0000e+00
       1916     20.530     8.0109   3.242880     0.7043     0.7178     0.0134  0.2104969 0.0000e+00
       1917     20.472     8.0127   3.243414     0.7019     0.7153     0.0134  0.2104969 0.0000e+00
       1918     20.530     8.0135   3.243862     0.7007     0.7141     0.0134  0.2104969 0.0000e+00
       1919     20.530     8.0145   3.244238     0.6995     0.7117     0.0134  0.2104969 0.0000e+00
       1920     20.530     8.0159   3.244791     0.6958     0.7105     0.0134  0.2104969 0.0000e+00
