code/data/2021/ctd_data_day2/station3.cnv
* Sea-Bird SBE 9 Data File:
* FileName = C:\Users\CTD-User\Desktop\MAR440\day2\station3.hex
* Software Version Seasave V 7.26.2.13
* Temperature SN = 6313
* Conductivity SN = 4758
* Number of Bytes Per Scan = 37
* Number of Voltage Words = 4
* Number of Scans Averaged by the Deck Unit = 1
* NMEA Latitude = 58 19.70 N
* NMEA Longitude = 011 51.29 E
* NMEA UTC (Time) = Sep 22 2021 09:36:18
* NMEA baud rate = 4800
** Ship: Skagerrak
** Station: station3
** Operator: group2purple
# nquan = 9
# nvalues = 3261                                  
# units = specified
# name 0 = scan: Scan Count
# name 1 = prDM: Pressure, Digiquartz [db]
# name 2 = t090C: Temperature [ITS-90, deg C]
# name 3 = c0S/m: Conductivity [S/m]
# name 4 = sbeox0V: Oxygen raw, SBE 43 [V]
# name 5 = sbeox1V: Oxygen raw, SBE 43, 2 [V]
# name 6 = flECO-AFL: Fluorescence, WET Labs ECO-AFL/FL [mg/m^3]
# name 7 = upoly0: Upoly 0, Turbidity
# name 8 = flag:  0.000e+00
# span 0 =          1,       3261                 
# span 1 =      0.712,     17.296                 
# span 2 =    10.1794,    16.2156                 
# span 3 =   2.674270,   3.486635                 
# span 4 =     0.9840,     3.3394                 
# span 5 =     1.0157,     3.3590                 
# span 6 =     0.0035,     0.0081                 
# span 7 =  0.0883968,  0.2398010                 
# span 8 = 0.0000e+00, 0.0000e+00                 
# interval = seconds: 0.0416667
# start_time = Sep 22 2021 09:36:18 [NMEA time, header]
# bad_flag = -9.990e-29
*END*
[from data line 2721]
       2722      8.559    16.1993   3.183359     2.6129     2.5531     0.0057  0.1123284  0.000e+00
       2723      8.534    16.1993   3.184743     2.6105     2.5494     0.0057  0.1123284  0.000e+00
       2724      8.616    16.1997   3.186100     2.6093     2.5458     0.0057  0.1123284  0.000e+00
       2725      8.616    16.2155   3.187495     2.6117     2.5421     0.0057  0.1123284  0.000e+00
       2726      8.600    16.2012   3.188897     2.6019     2.5372     0.0051  0.1103748  0.000e+00
       2727      8.682    16.2156   3.190226     2.5995     2.5336     0.0044  0.1079328  0.000e+00
       2728      8.682    16.2017   3.191975     2.5922     2.5299     0.0042  0.1074444  0.000e+00
       2729      8.658    16.2008   3.193911     2.5848     2.5262     0.0042  0.1074444  0.000e+00
       2730      8.740    16.2105   3.196348     2.5958     2.5226     0.0042  0.1074444  0.000e+00
       2731      8.740    16.2003   3.198945     2.5775     2.5177     0.0042  0.1079328  0.000e+00
       2732      8.781    16.1991   3.201480     2.5726     2.5152     0.0042  0.1079328  0.000e+00
       2733      8.806    16.1973   3.203771     2.5726     2.5116     0.0042  0.1079328  0.000e+00
       2734      8.806    16.1939   3.205796     2.5702     2.5079     0.0042  0.1079328  0.000e+00
       2735      8.781    16.1939   3.208049     2.5738     2.5042     0.0042  0.1079328  0.000e+00
       2736      8.863    16.1843   3.210894     2.5592     2.4981     0.0042  0.1079328  0.000e+00
       2737      8.863    16.1776   3.214162     2.5519     2.4957     0.0042  0.1079328  0.000e+00
       2738      8.905    16.1548   3.217550     2.5616     2.4933     0.0042  0.1079328  0.000e+00
       2739      8.929    16.1692   3.220410     2.5494     2.4884     0.0042  0.1079328  0.000e+00
       2740      8.962    16.1828   3.222888     2.5506     2.4859     0.0042  0.1074444  0.000e+00
       2741      8.929    16.1612   3.224952     2.5372     2.4823     0.0042  0.1079328  0.000e+00
       2742      8.987    16.1573   3.226645     2.5335     2.4786     0.0042  0.1079328  0.000e+00
       2743      9.020    16.1118   3.228169     2.5470     2.4762     0.0042  0.1074444  0.000e+00
       2744      8.987    16.1457   3.229868     2.5274     2.4713     0.0042  0.1079328  0.000e+00
       2745      9.044    16.1602   3.231653     2.5335     2.4701     0.0042  0.1079328  0.000e+00
       2746      9.086    16.1376   3.233542     2.5189     2.4664     0.0042  0.1079328  0.000e+00
       2747      9.044    16.1327   3.235563     2.5177     2.4627     0.0042  0.1079328  0.000e+00
       2748      9.110    16.1279   3.237584     2.5177     2.4603     0.0042  0.1079328  0.000e+00
       2749      9.143    16.1237   3.239651     2.5128     2.4578     0.0042  0.1079328  0.000e+00
       2750      9.110    16.1191   3.241553     2.5091     2.4542     0.0042  0.1079328  0.000e+00
       2751      9.234    16.1151   3.243244     2.5079     2.4505     0.0042  0.1079328  0.000e+00
       2752      9.143    16.1116   3.244849     2.5055     2.4493     0.0048  0.1045140  0.000e+00
       2753      9.234    16.1077   3.246381     2.5018     2.4469     0.0049  0.1030488  0.000e+00
       2754      9.234    16.1264   3.247684     2.5055     2.4444     0.0049  0.1030488  0.000e+00
       2755      9.267    16.1041   3.248862     2.4896     2.4408     0.0049  0.1030488  0.000e+00
       2756      9.291    16.1016   3.250085     2.4871     2.4383     0.0049  0.1035372  0.000e+00
       2757      9.291    16.0997   3.251132     2.4884     2.4359     0.0048  0.1040256  0.000e+00
       2758      9.333    16.0983   3.251949     2.4859     2.4334     0.0049  0.1035372  0.000e+00
       2759      9.349    16.0970   3.252590     2.4835     2.4310     0.0049  0.1040256  0.000e+00
       2760      9.349    16.0957   3.253294     2.4798     2.4285     0.0049  0.1030488  0.000e+00
       2761      9.390    16.0945   3.254014     2.4774     2.4261     0.0049  0.1030488  0.000e+00
       2762      9.415    16.0936   3.254363     2.4762     2.4249     0.0049  0.1035372  0.000e+00
       2763      9.415    16.0931   3.254850     2.4725     2.4212     0.0049  0.1035372  0.000e+00
       2764      9.448    16.0869   3.255073     2.4786     2.4188     0.0049  0.1030488  0.000e+00
       2765      9.473    16.0923   3.255553     2.4627     2.4163     0.0049  0.1030488  0.000e+00
       2766      9.538    16.0909   3.255782     2.4591     2.4151     0.0049  0.1030488  0.000e+00
       2767      9.514    16.0898   3.256240     2.4603     2.4127     0.0049  0.1030488  0.000e+00
       2768      9.538    16.0802   3.256457     2.4639     2.4102     0.0049  0.1035372  0.000e+00
       2769      9.538    16.0896   3.256675     2.4566     2.4078     0.0049  0.1030488  0.000e+00
       2770      9.571    16.0889   3.256772     2.4468     2.4053     0.0049  0.1035372  0.000e+00
       2771      9.662    16.0896   3.256784     2.4493     2.4041     0.0049  0.1040256  0.000e+00
       2772      9.596    16.0916   3.256349     2.4493     2.4017     0.0049  0.1040256  0.000e+00
       2773      9.695    16.1041   3.255548     2.4542     2.3992     0.0049  0.1035372  0.000e+00
       2774      9.662    16.0950   3.254832     2.4395     2.3968     0.0049  0.1040256  0.000e+00
       2775      9.662    16.0945   3.254524     2.4346     2.3944     0.0049  0.1040256  0.000e+00
       2776      9.761    16.0931   3.254615     2.4395     2.3919     0.0049  0.1040256  0.000e+00
       2777      9.719    16.0913   3.255176     2.4346     2.3895     0.0046  0.1010952  0.000e+00
       2778      9.777    16.0894   3.255914     2.4322     2.3870     0.0040  0.0986532  0.000e+00
       2779      9.761    16.0874   3.256635     2.4273     2.3846     0.0038  0.0976764  0.000e+00
       2780      9.777    16.0850   3.257247     2.4261     2.3809     0.0038  0.0976764  0.000e+00
       2781      9.843    16.0828   3.257797     2.4249     2.3797     0.0038  0.0976764  0.000e+00
       2782      9.818    16.0806   3.258529     2.4212     2.3760     0.0038  0.0981648  0.000e+00
       2783      9.901    16.0790   3.259022     2.4175     2.3736     0.0038  0.0976764  0.000e+00
       2784      9.901    16.0772   3.259691     2.4151     2.3712     0.0038  0.0976764  0.000e+00
       2785      9.876    15.9108   3.260157     2.4188     2.3687     0.0038  0.0976764  0.000e+00
       2786      9.901    16.0965   3.260687     2.4127     2.3650     0.0038  0.0976764  0.000e+00
       2787      9.966    16.0852   3.261409     2.4102     2.3626     0.0038  0.0976764  0.000e+00
       2788      9.999    16.0703   3.262142     2.4004     2.3602     0.0038  0.0981648  0.000e+00
       2789      9.966    16.0623   3.263006     2.3956     2.3577     0.0038  0.0976764  0.000e+00
       2790     10.024    16.0195   3.264679     2.4066     2.3553     0.0040  0.0976764  0.000e+00
       2791     10.065    16.0443   3.266564     2.3956     2.3516     0.0038  0.0976764  0.000e+00
       2792     10.082    16.0318   3.268214     2.3882     2.3492     0.0038  0.0976764  0.000e+00
       2793     10.024    16.0272   3.269824     2.3980     2.3492     0.0038  0.0981648  0.000e+00
       2794     10.123    15.9843   3.272152     2.3809     2.3443     0.0038  0.0976764  0.000e+00
       2795     10.148    15.9398   3.275919     2.3809     2.3418     0.0038  0.0976764  0.000e+00
       2796     10.148    15.8963   3.280222     2.3809     2.3382     0.0038  0.0976764  0.000e+00
       2797     10.181    15.8530   3.284373     2.3870     2.3370     0.0040  0.0976764  0.000e+00
       2798     10.148    15.8107   3.288283     2.3711     2.3333     0.0038  0.0976764  0.000e+00
       2799     10.205    15.7781   3.292368     2.3663     2.3309     0.0038  0.0976764  0.000e+00
       2800     10.246    15.7519   3.296076     2.3675     2.3284     0.0038  0.0976764  0.000e+00
       2801     10.271    15.7232   3.300101     2.3663     2.3247     0.0038  0.0976764  0.000e+00
       2802     10.271    15.6913   3.304716     2.3687     2.3272     0.0040  0.0981648  0.000e+00
       2803     10.304    15.6367   3.310070     2.3638     2.3199     0.0038  0.0957228  0.000e+00
       2804     10.329    15.6319   3.314585     2.3516     2.3162     0.0038  0.0947460  0.000e+00
       2805     10.329    15.6077   3.318083     2.3516     2.3150     0.0038  0.0947460  0.000e+00
       2806     10.370    15.5863   3.321012     2.3504     2.3113     0.0037  0.0947460  0.000e+00
       2807     10.395    15.5773   3.323595     2.3565     2.3089     0.0038  0.0952344  0.000e+00
       2808     10.395    15.5668   3.325787     2.3467     2.3064     0.0038  0.0947460  0.000e+00
       2809     10.428    15.5431   3.327951     2.3370     2.3028     0.0038  0.0947460  0.000e+00
       2810     10.452    15.5228   3.330075     2.3333     2.3015     0.0038  0.0947460  0.000e+00
       2811     10.452    15.5037   3.332592     2.3333     2.2991     0.0038  0.0952344  0.000e+00
       2812     10.452    15.4828   3.335191     2.3418     2.2967     0.0038  0.0947460  0.000e+00
       2813     10.551    15.4735   3.337559     2.3272     2.2930     0.0038  0.0952344  0.000e+00
       2814     10.510    15.4609   3.339489     2.3211     2.2906     0.0038  0.0947460  0.000e+00
       2815     10.576    15.4535   3.341141     2.3223     2.2881     0.0038  0.0952344  0.000e+00
       2816     10.551    15.4498   3.342286     2.3199     2.2857     0.0038  0.0952344  0.000e+00
       2817     10.634    15.4464   3.342875     2.3162     2.2832     0.0038  0.0952344  0.000e+00
       2818     10.576    15.4426   3.343395     2.3138     2.2808     0.0038  0.0952344  0.000e+00
       2819     10.675    15.4389   3.343985     2.3125     2.2783     0.0038  0.0947460  0.000e+00
       2820     10.633    15.4403   3.344748     2.3199     2.2759     0.0038  0.0952344  0.000e+00
       2821     10.699    15.4335   3.345500     2.3015     2.2722     0.0038  0.0952344  0.000e+00
       2822     10.732    15.4302   3.345835     2.2979     2.2698     0.0038  0.0952344  0.000e+00
       2823     10.699    15.4289   3.346119     2.2979     2.2674     0.0038  0.0952344  0.000e+00
       2824     10.757    15.1878   3.346468     2.3076     2.2649     0.0040  0.0952344  0.000e+00
       2825     10.732    15.4282   3.346668     2.2905     2.2613     0.0038  0.0952344  0.000e+00
       2826     10.815    15.4406   3.346795     2.2954     2.2600     0.0038  0.0952344  0.000e+00
       2827     10.815    15.4269   3.347073     2.2832     2.2564     0.0038  0.0952344  0.000e+00
       2828     10.856    15.4269   3.347431     2.2796     2.2539     0.0040  0.0942576  0.000e+00
       2829     10.815    15.4264   3.347703     2.2832     2.2515     0.0042  0.0942576  0.000e+00
       2830     10.881    15.4258   3.347900     2.2796     2.2478     0.0042  0.0932808  0.000e+00
       2831     10.880    15.4260   3.348062     2.2759     2.2454     0.0042  0.0932808  0.000e+00
       2832     10.922    15.4255   3.348415     2.2832     2.2429     0.0042  0.0932808  0.000e+00
       2833     10.938    15.4279   3.348611     2.2686     2.2393     0.0042  0.0932808  0.000e+00
       2834     11.004    15.4274   3.348733     2.2625     2.2368     0.0042  0.0932808  0.000e+00
       2835     10.979    15.4272   3.348877     2.2637     2.2332     0.0042  0.0937692  0.000e+00
       2836     11.004    15.4245   3.349340     2.2600     2.2307     0.0042  0.0932808  0.000e+00
       2837     11.004    15.4189   3.350167     2.2564     2.2271     0.0042  0.0932808  0.000e+00
       2838     11.037    15.4094   3.351400     2.2539     2.2234     0.0042  0.0932808  0.000e+00
       2839     11.119    15.3382   3.352940     2.2637     2.2222     0.0042  0.0932808  0.000e+00
       2840     11.062    15.3643   3.354323     2.2429     2.2161     0.0042  0.0932808  0.000e+00
       2841     11.103    15.3333   3.355944     2.2441     2.2149     0.0042  0.0932808  0.000e+00
       2842     11.185    15.2889   3.358040     2.2429     2.2087     0.0042  0.0932808  0.000e+00
       2843     11.119    15.2492   3.359870     2.2332     2.2051     0.0042  0.0932808  0.000e+00
       2844     11.185    15.2112   3.361545     2.2393     2.2014     0.0042  0.0932808  0.000e+00
       2845     11.226    15.2024   3.362669     2.2295     2.1965     0.0042  0.0932808  0.000e+00
       2846     11.185    15.1880   3.363926     2.2295     2.1929     0.0042  0.0932808  0.000e+00
       2847     11.243    15.1626   3.365781     2.2185     2.1892     0.0042  0.0932808  0.000e+00
       2848     11.284    15.1492   3.368412     2.2148     2.1843     0.0042  0.0932808  0.000e+00
       2849     11.309    15.1383   3.371561     2.2148     2.1807     0.0042  0.0932808  0.000e+00
       2850     11.243    15.1290   3.374954     2.2100     2.1758     0.0042  0.0932808  0.000e+00
       2851     11.342    15.1235   3.378047     2.2051     2.1709     0.0042  0.0932808  0.000e+00
       2852     11.366    15.1195   3.380944     2.2014     2.1672     0.0042  0.0932808  0.000e+00
       2853     11.366    15.1107   3.383417     2.1977     2.1623     0.0042  0.0932808  0.000e+00
       2854     11.432    15.0958   3.385561     2.1953     2.1575     0.0044  0.0927924  0.000e+00
       2855     11.407    15.0733   3.387548     2.1880     2.1526     0.0044  0.0923040  0.000e+00
       2856     11.432    15.0001   3.389646     2.1916     2.1489     0.0044  0.0923040  0.000e+00
       2857     11.490    14.9962   3.391692     2.1782     2.1440     0.0044  0.0923040  0.000e+00
       2858     11.465    14.9640   3.393989     2.1782     2.1379     0.0042  0.0923040  0.000e+00
       2859     11.490    14.9185   3.396664     2.1733     2.1343     0.0044  0.0923040  0.000e+00
       2860     11.548    14.8744   3.399207     2.1587     2.1282     0.0044  0.0923040  0.000e+00
       2861     11.531    14.8490   3.401290     2.1538     2.1245     0.0044  0.0923040  0.000e+00
       2862     11.613    14.8253   3.403018     2.1538     2.1196     0.0044  0.0923040  0.000e+00
       2863     11.548    14.8028   3.404713     2.1513     2.1147     0.0044  0.0923040  0.000e+00
       2864     11.613    14.7825   3.406407     2.1465     2.1098     0.0044  0.0923040  0.000e+00
       2865     11.655    14.7691   3.408003     2.1391     2.1037     0.0044  0.0923040  0.000e+00
       2866     11.671    14.7607   3.408940     2.1330     2.1001     0.0044  0.0923040  0.000e+00
       2867     11.671    14.7542   3.409517     2.1318     2.0952     0.0044  0.0927924  0.000e+00
       2868     11.712    14.7497   3.409878     2.1245     2.0891     0.0044  0.0923040  0.000e+00
       2869     11.671    14.7456   3.410263     2.1184     2.0854     0.0044  0.0923040  0.000e+00
       2870     11.737    14.7418   3.410676     2.1135     2.0805     0.0044  0.0923040  0.000e+00
       2871     11.795    14.7382   3.410898     2.1074     2.0756     0.0044  0.0923040  0.000e+00
       2872     11.770    14.7357   3.410956     2.1049     2.0708     0.0044  0.0923040  0.000e+00
       2873     11.795    14.7230   3.410898     2.1086     2.0659     0.0044  0.0923040  0.000e+00
       2874     11.852    14.7351   3.410875     2.0927     2.0610     0.0044  0.0927924  0.000e+00
       2875     11.836    14.7332   3.410781     2.0830     2.0561     0.0044  0.0923040  0.000e+00
       2876     11.852    14.7319   3.410700     2.0830     2.0512     0.0044  0.0923040  0.000e+00
       2877     11.918    14.5546   3.410830     2.0903     2.0463     0.0042  0.0923040  0.000e+00
       2878     11.893    14.7248   3.411020     2.0708     2.0415     0.0044  0.0923040  0.000e+00
       2879     11.918    14.7160   3.410945     2.0646     2.0378     0.0044  0.0923040  0.000e+00
       2880     11.976    14.7095   3.410648     2.0634     2.0329     0.0044  0.0923040  0.000e+00
