code/data/2021/ctd_data_day2/station6_ctm_fil_le.cnv
* Sea-Bird SBE 9 Data File:
* FileName = C:\Users\CTD-User\Desktop\MAR440\day2\station6.hex
* Software Version Seasave V 7.26.2.13
* Temperature SN = 6313
* Conductivity SN = 4758
* Number of Bytes Per Scan = 37
* Number of Voltage Words = 4
* Number of Scans Averaged by the Deck Unit = 1
* NMEA Latitude = 58 18.87 N
* NMEA Longitude = 011 46.44 E
* NMEA UTC (Time) = Sep 22 2021 10:40:23
* NMEA baud rate = 4800
** Ship: Skagerrak
** Station: station6
** Operator: group2blu
# nquan = 9
# nvalues = 3719                        
# units = specified
# name 0 = scan: Scan Count
# name 1 = prDM: Pressure, Digiquartz [db]
# name 2 = t090C: Temperature [ITS-90, deg C]
# name 3 = c0S/m: Conductivity [S/m]
# name 4 = sbeox0V: Oxygen raw, SBE 43 [V]
# name 5 = sbeox1V: Oxygen raw, SBE 43, 2 [V]
# name 6 = flECO-AFL: Fluorescence, WET Labs ECO-AFL/FL [mg/m^3]
# name 7 = upoly0: Upoly 0, Turbidity
# name 8 = flag:  0.000e+00
# span 0 =          1,       3719       
# span 1 =      0.297,     37.682       
# span 2 =     6.7387,    16.0330       
# span 3 =   2.945436,   3.739498       
# span 4 =     0.5149,     2.7976       
# span 5 =     0.5764,     2.7771       
# span 6 =     0.0033,     0.0304       
# span 7 =  0.0865424,  0.1559155       
# span 8 = 0.0000e+00, 0.0000e+00       
# interval = seconds: 0.0416667
# start_time = Sep 22 2021 10:40:23 [NMEA time, header]
# bad_flag = -9.990e-29
*END*
[from data line 2081]
       2082     13.491    14.3795   3.474596     1.8807     1.8527     0.0037  0.0934393 0.0000e+00
       2083     13.513    14.3810   3.476214     1.8745     1.8468     0.0037  0.0933356 0.0000e+00
       2084     13.534    14.3821   3.477801     1.8683     1.8410     0.0037  0.0932263 0.0000e+00
       2085     13.556    14.3828   3.479340     1.8621     1.8353     0.0037  0.0931150 0.0000e+00
       2086     13.578    14.3830   3.480816     1.8559     1.8295     0.0037  0.0930075 0.0000e+00
       2087     13.599    14.3825   3.482215     1.8498     1.8238     0.0037  0.0929076 0.0000e+00
       2088     13.621    14.3813   3.483524     1.8437     1.8181     0.0037  0.0928152 0.0000e+00
       2089     13.643    14.3792   3.484735     1.8375     1.8124     0.0037  0.0927297 0.0000e+00
       2090     13.664    14.3762   3.485841     1.8314     1.8068     0.0037  0.0926507 0.0000e+00
       2091     13.686    14.3723   3.486840     1.8254     1.8012     0.0037  0.0925774 0.0000e+00
       2092     13.708    14.3674   3.487732     1.8193     1.7956     0.0037  0.0925094 0.0000e+00
       2093     13.730    14.3616   3.488519     1.8133     1.7901     0.0037  0.0924463 0.0000e+00
       2094     13.751    14.3549   3.489207     1.8074     1.7846     0.0037  0.0923875 0.0000e+00
       2095     13.773    14.3473   3.489798     1.8014     1.7791     0.0037  0.0923328 0.0000e+00
       2096     13.794    14.3389   3.490297     1.7955     1.7737     0.0037  0.0922816 0.0000e+00
       2097     13.816    14.3296   3.490706     1.7896     1.7684     0.0037  0.0922336 0.0000e+00
       2098     13.838    14.3195   3.491027     1.7838     1.7630     0.0037  0.0921886 0.0000e+00
       2099     13.860    14.3087   3.491262     1.7780     1.7578     0.0037  0.0921462 0.0000e+00
       2100     13.881    14.2973   3.491415     1.7723     1.7525     0.0037  0.0921061 0.0000e+00
       2101     13.903    14.2853   3.491495     1.7666     1.7473     0.0037  0.0920680 0.0000e+00
       2102     13.925    14.2730   3.491512     1.7609     1.7422     0.0037  0.0920316 0.0000e+00
       2103     13.946    14.2606   3.491481     1.7553     1.7370     0.0037  0.0919968 0.0000e+00
       2104     13.968    14.2481   3.491420     1.7497     1.7320     0.0037  0.0919632 0.0000e+00
       2105     13.990    14.2359   3.491345     1.7441     1.7270     0.0037  0.0919306 0.0000e+00
       2106     14.012    14.2240   3.491274     1.7386     1.7220     0.0037  0.0918988 0.0000e+00
       2107     14.034    14.2124   3.491222     1.7332     1.7170     0.0037  0.0918676 0.0000e+00
       2108     14.056    14.2014   3.491201     1.7278     1.7121     0.0037  0.0918368 0.0000e+00
       2109     14.077    14.1908   3.491218     1.7224     1.7073     0.0037  0.0918061 0.0000e+00
       2110     14.099    14.1807   3.491279     1.7171     1.7024     0.0037  0.0917754 0.0000e+00
       2111     14.121    14.1712   3.491385     1.7118     1.6977     0.0035  0.0917452 0.0000e+00
       2112     14.143    14.1622   3.491536     1.7066     1.6929     0.0035  0.0917171 0.0000e+00
       2113     14.165    14.1537   3.491729     1.7014     1.6883     0.0035  0.0916917 0.0000e+00
       2114     14.186    14.1456   3.491962     1.6962     1.6836     0.0035  0.0916689 0.0000e+00
       2115     14.208    14.1379   3.492230     1.6911     1.6790     0.0035  0.0916484 0.0000e+00
       2116     14.230    14.1307   3.492531     1.6860     1.6744     0.0035  0.0916301 0.0000e+00
       2117     14.252    14.1238   3.492859     1.6810     1.6699     0.0035  0.0916140 0.0000e+00
       2118     14.274    14.1171   3.493211     1.6760     1.6654     0.0035  0.0915998 0.0000e+00
       2119     14.296    14.1108   3.493580     1.6710     1.6610     0.0035  0.0915876 0.0000e+00
       2120     14.318    14.1047   3.493963     1.6661     1.6566     0.0035  0.0915771 0.0000e+00
       2121     14.340    14.0989   3.494356     1.6612     1.6522     0.0035  0.0915684 0.0000e+00
       2122     14.361    14.0933   3.494759     1.6564     1.6479     0.0035  0.0915614 0.0000e+00
       2123     14.383    14.0879   3.495171     1.6516     1.6437     0.0035  0.0915560 0.0000e+00
       2124     14.405    14.0828   3.495596     1.6468     1.6394     0.0035  0.0915522 0.0000e+00
       2125     14.427    14.0779   3.496034     1.6421     1.6353     0.0035  0.0915499 0.0000e+00
       2126     14.449    14.0734   3.496489     1.6374     1.6311     0.0035  0.0915492 0.0000e+00
       2127     14.471    14.0690   3.496964     1.6328     1.6270     0.0035  0.0915501 0.0000e+00
       2128     14.493    14.0650   3.497463     1.6282     1.6230     0.0035  0.0915525 0.0000e+00
       2129     14.515    14.0612   3.497989     1.6236     1.6189     0.0035  0.0915565 0.0000e+00
       2130     14.537    14.0577   3.498549     1.6191     1.6149     0.0035  0.0915620 0.0000e+00
       2131     14.559    14.0546   3.499151     1.6146     1.6110     0.0035  0.0915692 0.0000e+00
       2132     14.581    14.0519   3.499801     1.6102     1.6071     0.0035  0.0915781 0.0000e+00
       2133     14.603    14.0497   3.500504     1.6058     1.6032     0.0035  0.0915887 0.0000e+00
       2134     14.625    14.0480   3.501263     1.6014     1.5993     0.0035  0.0916012 0.0000e+00
       2135     14.647    14.0468   3.502074     1.5971     1.5955     0.0035  0.0916155 0.0000e+00
       2136     14.669    14.0461   3.502929     1.5928     1.5917     0.0037  0.0916311 0.0000e+00
       2137     14.691    14.0457   3.503821     1.5886     1.5880     0.0037  0.0916461 0.0000e+00
       2138     14.713    14.0457   3.504736     1.5844     1.5843     0.0037  0.0916600 0.0000e+00
       2139     14.735    14.0459   3.505662     1.5803     1.5806     0.0037  0.0916720 0.0000e+00
       2140     14.757    14.0461   3.506586     1.5761     1.5769     0.0037  0.0916813 0.0000e+00
       2141     14.779    14.0463   3.507494     1.5720     1.5733     0.0037  0.0916887 0.0000e+00
       2142     14.801    14.0463   3.508373     1.5680     1.5697     0.0037  0.0916953 0.0000e+00
       2143     14.823    14.0460   3.509211     1.5640     1.5661     0.0037  0.0917011 0.0000e+00
       2144     14.845    14.0454   3.510000     1.5600     1.5626     0.0037  0.0917061 0.0000e+00
       2145     14.867    14.0444   3.510734     1.5560     1.5591     0.0037  0.0917103 0.0000e+00
       2146     14.890    14.0429   3.511408     1.5521     1.5556     0.0037  0.0917138 0.0000e+00
       2147     14.912    14.0408   3.512018     1.5482     1.5521     0.0037  0.0917165 0.0000e+00
       2148     14.934    14.0381   3.512560     1.5443     1.5487     0.0037  0.0917186 0.0000e+00
       2149     14.956    14.0348   3.513030     1.5405     1.5454     0.0037  0.0917192 0.0000e+00
       2150     14.978    14.0307   3.513428     1.5367     1.5420     0.0037  0.0917173 0.0000e+00
       2151     15.000    14.0259   3.513750     1.5330     1.5387     0.0037  0.0917140 0.0000e+00
       2152     15.022    14.0202   3.513993     1.5292     1.5354     0.0037  0.0917099 0.0000e+00
       2153     15.044    14.0136   3.514152     1.5255     1.5321     0.0037  0.0917043 0.0000e+00
       2154     15.067    14.0060   3.514227     1.5219     1.5289     0.0037  0.0916962 0.0000e+00
       2155     15.089    13.9976   3.514219     1.5183     1.5257     0.0037  0.0916864 0.0000e+00
       2156     15.111    13.9883   3.514132     1.5147     1.5225     0.0037  0.0916757 0.0000e+00
       2157     15.133    13.9783   3.513976     1.5111     1.5193     0.0037  0.0916640 0.0000e+00
       2158     15.156    13.9676   3.513764     1.5076     1.5162     0.0037  0.0916513 0.0000e+00
       2159     15.178    13.9565   3.513510     1.5041     1.5131     0.0037  0.0916374 0.0000e+00
       2160     15.200    13.9450   3.513232     1.5006     1.5100     0.0037  0.0916223 0.0000e+00
       2161     15.222    13.9333   3.512948     1.4971     1.5069     0.0037  0.0916059 0.0000e+00
       2162     15.245    13.9215   3.512679     1.4937     1.5039     0.0035  0.0915888 0.0000e+00
       2163     15.267    13.9100   3.512444     1.4903     1.5009     0.0035  0.0915728 0.0000e+00
       2164     15.289    13.8988   3.512264     1.4870     1.4979     0.0035  0.0915584 0.0000e+00
       2165     15.311    13.8881   3.512157     1.4836     1.4950     0.0035  0.0915456 0.0000e+00
       2166     15.333    13.8781   3.512141     1.4803     1.4921     0.0035  0.0915344 0.0000e+00
       2167     15.356    13.8689   3.512232     1.4770     1.4892     0.0035  0.0915246 0.0000e+00
       2168     15.378    13.8604   3.512446     1.4738     1.4863     0.0035  0.0915161 0.0000e+00
       2169     15.400    13.8529   3.512793     1.4706     1.4835     0.0035  0.0915090 0.0000e+00
       2170     15.423    13.8463   3.513281     1.4674     1.4807     0.0035  0.0915031 0.0000e+00
       2171     15.445    13.8404   3.513906     1.4642     1.4779     0.0035  0.0914985 0.0000e+00
       2172     15.467    13.8353   3.514656     1.4611     1.4752     0.0035  0.0914951 0.0000e+00
       2173     15.489    13.8308   3.515507     1.4580     1.4724     0.0035  0.0914928 0.0000e+00
       2174     15.511    13.8267   3.516432     1.4549     1.4698     0.0035  0.0914917 0.0000e+00
       2175     15.534    13.8228   3.517405     1.4518     1.4671     0.0035  0.0914917 0.0000e+00
       2176     15.556    13.8190   3.518407     1.4488     1.4645     0.0035  0.0914929 0.0000e+00
       2177     15.578    13.8152   3.519423     1.4457     1.4619     0.0035  0.0914952 0.0000e+00
       2178     15.601    13.8113   3.520443     1.4428     1.4593     0.0035  0.0914987 0.0000e+00
       2179     15.623    13.8073   3.521460     1.4398     1.4568     0.0035  0.0915033 0.0000e+00
       2180     15.645    13.8032   3.522469     1.4369     1.4542     0.0035  0.0915093 0.0000e+00
       2181     15.668    13.7989   3.523465     1.4340     1.4518     0.0035  0.0915164 0.0000e+00
       2182     15.690    13.7944   3.524449     1.4311     1.4493     0.0035  0.0915249 0.0000e+00
       2183     15.712    13.7897   3.525420     1.4283     1.4469     0.0035  0.0915348 0.0000e+00
       2184     15.735    13.7848   3.526379     1.4254     1.4444     0.0035  0.0915461 0.0000e+00
       2185     15.757    13.7799   3.527327     1.4226     1.4421     0.0035  0.0915589 0.0000e+00
       2186     15.779    13.7747   3.528265     1.4198     1.4397     0.0035  0.0915734 0.0000e+00
       2187     15.801    13.7694   3.529191     1.4171     1.4374     0.0037  0.0915887 0.0000e+00
       2188     15.824    13.7640   3.530105     1.4144     1.4351     0.0038  0.0916032 0.0000e+00
       2189     15.846    13.7585   3.531004     1.4117     1.4328     0.0038  0.0916163 0.0000e+00
       2190     15.868    13.7528   3.531886     1.4090     1.4306     0.0038  0.0916280 0.0000e+00
       2191     15.890    13.7470   3.532748     1.4063     1.4284     0.0038  0.0916384 0.0000e+00
       2192     15.912    13.7411   3.533588     1.4037     1.4262     0.0038  0.0916476 0.0000e+00
       2193     15.935    13.7350   3.534402     1.4011     1.4240     0.0038  0.0916556 0.0000e+00
       2194     15.957    13.7288   3.535189     1.3985     1.4219     0.0038  0.0916625 0.0000e+00
       2195     15.979    13.7224   3.535945     1.3960     1.4198     0.0038  0.0916684 0.0000e+00
       2196     16.001    13.7158   3.536670     1.3935     1.4177     0.0038  0.0916732 0.0000e+00
       2197     16.024    13.7090   3.537359     1.3910     1.4157     0.0038  0.0916770 0.0000e+00
       2198     16.046    13.7021   3.538010     1.3886     1.4136     0.0038  0.0916790 0.0000e+00
       2199     16.068    13.6951   3.538622     1.3862     1.4116     0.0038  0.0916783 0.0000e+00
       2200     16.090    13.6879   3.539192     1.3838     1.4097     0.0038  0.0916759 0.0000e+00
       2201     16.112    13.6805   3.539719     1.3814     1.4077     0.0038  0.0916724 0.0000e+00
       2202     16.134    13.6729   3.540201     1.3791     1.4057     0.0038  0.0916680 0.0000e+00
       2203     16.156    13.6652   3.540639     1.3768     1.4038     0.0038  0.0916626 0.0000e+00
       2204     16.178    13.6574   3.541037     1.3745     1.4019     0.0038  0.0916561 0.0000e+00
       2205     16.201    13.6495   3.541402     1.3722     1.4000     0.0038  0.0916484 0.0000e+00
       2206     16.223    13.6416   3.541741     1.3700     1.3981     0.0038  0.0916397 0.0000e+00
       2207     16.245    13.6338   3.542066     1.3678     1.3962     0.0038  0.0916296 0.0000e+00
       2208     16.267    13.6261   3.542383     1.3656     1.3943     0.0038  0.0916183 0.0000e+00
       2209     16.289    13.6186   3.542698     1.3634     1.3925     0.0038  0.0916048 0.0000e+00
       2210     16.311    13.6112   3.543017     1.3612     1.3906     0.0038  0.0915881 0.0000e+00
       2211     16.333    13.6041   3.543342     1.3590     1.3887     0.0038  0.0915690 0.0000e+00
       2212     16.355    13.5973   3.543679     1.3569     1.3869     0.0040  0.0915482 0.0000e+00
       2213     16.378    13.5906   3.544030     1.3548     1.3850     0.0040  0.0915263 0.0000e+00
       2214     16.400    13.5843   3.544397     1.3526     1.3832     0.0040  0.0915050 0.0000e+00
       2215     16.422    13.5781   3.544781     1.3505     1.3813     0.0040  0.0914849 0.0000e+00
       2216     16.444    13.5720   3.545176     1.3484     1.3795     0.0040  0.0914660 0.0000e+00
       2217     16.466    13.5660   3.545574     1.3463     1.3777     0.0040  0.0914480 0.0000e+00
       2218     16.488    13.5600   3.545968     1.3442     1.3758     0.0040  0.0914308 0.0000e+00
       2219     16.510    13.5541   3.546353     1.3422     1.3740     0.0040  0.0914143 0.0000e+00
       2220     16.532    13.5482   3.546729     1.3401     1.3722     0.0040  0.0913985 0.0000e+00
       2221     16.554    13.5424   3.547101     1.3380     1.3704     0.0040  0.0913831 0.0000e+00
       2222     16.576    13.5368   3.547474     1.3360     1.3686     0.0040  0.0913682 0.0000e+00
       2223     16.599    13.5314   3.547854     1.3339     1.3668     0.0040  0.0913535 0.0000e+00
       2224     16.621    13.5263   3.548241     1.3319     1.3650     0.0040  0.0913390 0.0000e+00
       2225     16.643    13.5214   3.548636     1.3299     1.3632     0.0040  0.0913246 0.0000e+00
       2226     16.665    13.5167   3.549039     1.3278     1.3613     0.0040  0.0913102 0.0000e+00
       2227     16.687    13.5123   3.549454     1.3258     1.3595     0.0040  0.0912956 0.0000e+00
       2228     16.708    13.5082   3.549880     1.3238     1.3577     0.0040  0.0912808 0.0000e+00
       2229     16.730    13.5043   3.550323     1.3218     1.3559     0.0040  0.0912658 0.0000e+00
       2230     16.752    13.5008   3.550786     1.3198     1.3541     0.0040  0.0912502 0.0000e+00
       2231     16.774    13.4976   3.551273     1.3178     1.3523     0.0040  0.0912342 0.0000e+00
       2232     16.796    13.4948   3.551784     1.3159     1.3505     0.0040  0.0912175 0.0000e+00
       2233     16.818    13.4923   3.552323     1.3139     1.3488     0.0040  0.0912000 0.0000e+00
       2234     16.839    13.4903   3.552894     1.3119     1.3470     0.0040  0.0911817 0.0000e+00
       2235     16.861    13.4887   3.553500     1.3099     1.3452     0.0040  0.0911623 0.0000e+00
       2236     16.883    13.4876   3.554147     1.3080     1.3435     0.0040  0.0911418 0.0000e+00
       2237     16.905    13.4869   3.554838     1.3060     1.3417     0.0040  0.0911200 0.0000e+00
       2238     16.927    13.4867   3.555576     1.3041     1.3400     0.0040  0.0910968 0.0000e+00
       2239     16.948    13.4871   3.556364     1.3022     1.3382     0.0040  0.0910728 0.0000e+00
       2240     16.970    13.4879   3.557205     1.3002     1.3365     0.0040  0.0910496 0.0000e+00
