code/data/2021/ctd_data_day2/station3_ctm.cnv
* Sea-Bird SBE 9 Data File:
* FileName = C:\Users\CTD-User\Desktop\MAR440\day2\station3.hex
* Software Version Seasave V 7.26.2.13
* Temperature SN = 6313
* Conductivity SN = 4758
* Number of Bytes Per Scan = 37
* Number of Voltage Words = 4
* Number of Scans Averaged by the Deck Unit = 1
* NMEA Latitude = 58 19.70 N
* NMEA Longitude = 011 51.29 E
* NMEA UTC (Time) = Sep 22 2021 09:36:18
* NMEA baud rate = 4800
** Ship: Skagerrak
** Station: station3
** Operator: group2purple
# nquan = 9
# nvalues = 3261                        
# units = specified
# name 0 = scan: Scan Count
# name 1 = prDM: Pressure, Digiquartz [db]
# name 2 = t090C: Temperature [ITS-90, deg C]
# name 3 = c0S/m: Conductivity [S/m]
# name 4 = sbeox0V: Oxygen raw, SBE 43 [V]
# name 5 = sbeox1V: Oxygen raw, SBE 43, 2 [V]
# name 6 = flECO-AFL: Fluorescence, WET Labs ECO-AFL/FL [mg/m^3]
# name 7 = upoly0: Upoly 0, Turbidity
# name 8 = flag:  0.000e+00
# span 0 =          1,       3261       
# span 1 =      0.712,     17.296       
# span 2 =    10.1794,    16.2156       
# span 3 =   2.673323,   3.481176       
# span 4 =     0.9840,     3.3394       
# span 5 =     1.0157,     3.3590       
# span 6 =     0.0035,     0.0081       
# span 7 =  0.0883968,  0.2398010       
# span 8 = 0.0000e+00, 0.0000e+00       
# interval = seconds: 0.0416667
# start_time = Sep 22 2021 09:36:18 [NMEA time, header]
# bad_flag = -9.990e-29
*END*
[from data line 3201]
       3202     16.562    11.0907   3.429815     1.0768     1.1207     0.0040  0.0888852 0.0000e+00
       3203     16.620    10.5465   3.427171     1.0865     1.1195     0.0040  0.0888852 0.0000e+00
       3204     16.620    11.0736   3.428143     1.0768     1.1183     0.0040  0.0888852 0.0000e+00
       3205     16.620    11.0638   3.427380     1.0719     1.1171     0.0040  0.0888852 0.0000e+00
       3206     16.661    10.8920   3.426074     1.0829     1.1159     0.0040  0.0888852 0.0000e+00
       3207     16.620    11.0478   3.426044     1.0719     1.1146     0.0040  0.0893736 0.0000e+00
       3208     16.678    11.0418   3.425034     1.0719     1.1134     0.0040  0.0888852 0.0000e+00
       3209     16.678    11.0056   3.424027     1.0646     1.1122     0.0040  0.0888852 0.0000e+00
       3210     16.678    10.9925   3.423154     1.0670     1.1097     0.0040  0.0888852 0.0000e+00
       3211     16.727    10.8202   3.421660     1.0768     1.1097     0.0042  0.0883968 0.0000e+00
       3212     16.678    10.9649   3.421414     1.0621     1.1073     0.0042  0.0888852 0.0000e+00
       3213     16.744    10.6060   3.418893     1.0682     1.1073     0.0042  0.0888852 0.0000e+00
       3214     16.744    10.9407   3.419406     1.0646     1.1049     0.0042  0.0888852 0.0000e+00
       3215     16.801    10.9328   3.418501     1.0572     1.1036     0.0042  0.0888852 0.0000e+00
       3216     16.744    10.9218   3.417731     1.0585     1.1024     0.0038  0.0888852 0.0000e+00
       3217     16.785    10.7908   3.416550     1.0670     1.1012     0.0042  0.0888852 0.0000e+00
       3218     16.802    10.8976   3.416348     1.0536     1.0988     0.0042  0.0888852 0.0000e+00
       3219     16.801    10.8818   3.415705     1.0548     1.0975     0.0042  0.0888852 0.0000e+00
       3220     16.867    10.8827   3.415079     1.0585     1.0975     0.0042  0.0888852 0.0000e+00
       3221     16.801    10.7723   3.414162     1.0572     1.0951     0.0042  0.0888852 0.0000e+00
       3222     16.785    10.8539   3.413923     1.0511     1.0939     0.0042  0.0893736 0.0000e+00
       3223     16.925    10.3826   3.411853     1.0536     1.0914     0.0042  0.0888852 0.0000e+00
       3224     16.925    10.8511   3.413111     1.0548     1.0902     0.0042  0.0888852 0.0000e+00
       3225     16.867    10.8350   3.412601     1.0414     1.0878     0.0042  0.0888852 0.0000e+00
       3226     16.925    10.7491   3.411883     1.0475     1.0865     0.0042  0.0888852 0.0000e+00
       3227     16.908    10.8115   3.411558     1.0450     1.0841     0.0042  0.0888852 0.0000e+00
       3228     16.925    10.8018   3.411044     1.0389     1.0829     0.0038  0.0888852 0.0000e+00
       3229     16.925    10.6558   3.409779     1.0462     1.0817     0.0042  0.0888852 0.0000e+00
       3230     16.983    10.7836   3.409435     1.0328     1.0792     0.0042  0.0888852 0.0000e+00
       3231     16.925    10.7426   3.408552     1.0438     1.0792     0.0042  0.0888852 0.0000e+00
       3232     17.032    10.7578   3.407741     1.0328     1.0756     0.0042  0.0888852 0.0000e+00
       3233     16.983    10.7423   3.407042     1.0304     1.0743     0.0042  0.0888852 0.0000e+00
       3234     17.049    10.6329   3.406032     1.0365     1.0719     0.0042  0.0888852 0.0000e+00
       3235     16.983    10.7245   3.405685     1.0328     1.0695     0.0042  0.0888852 0.0000e+00
       3236     17.048    10.7199   3.405330     1.0230     1.0682     0.0042  0.0893736 0.0000e+00
       3237     17.032    10.1794   3.402701     1.0377     1.0658     0.0042  0.0898620 0.0000e+00
       3238     17.106    10.7067   3.404081     1.0230     1.0633     0.0044  0.0898620 0.0000e+00
       3239     17.049    10.7044   3.403769     1.0206     1.0621     0.0044  0.0898620 0.0000e+00
       3240     17.106    10.6056   3.402821     1.0230     1.0597     0.0044  0.0898620 0.0000e+00
       3241     17.106    10.6793   3.402559     1.0133     1.0572     0.0044  0.0898620 0.0000e+00
       3242     17.106    10.4568   3.401194     1.0230     1.0560     0.0044  0.0898620 0.0000e+00
       3243     17.156    10.6624   3.401469     1.0169     1.0536     0.0044  0.0898620 0.0000e+00
       3244     17.106    10.6492   3.400797     1.0084     1.0511     0.0044  0.0898620 0.0000e+00
       3245     17.172    10.4965   3.399322     1.0169     1.0499     0.0044  0.0898620 0.0000e+00
       3246     17.172    10.6229   3.398891     1.0096     1.0475     0.0044  0.0898620 0.0000e+00
       3247     17.172    10.5180   3.397700     1.0108     1.0450     0.0044  0.0898620 0.0000e+00
       3248     17.213    10.5933   3.396972     1.0047     1.0426     0.0044  0.0898620 0.0000e+00
       3249     17.172    10.5670   3.395715     0.9986     1.0414     0.0044  0.0898620 0.0000e+00
       3250     17.230    10.5556   3.394765     1.0023     1.0389     0.0046  0.0903504 0.0000e+00
       3251     17.172    10.3524   3.393039     1.0047     1.0365     0.0044  0.0898620 0.0000e+00
       3252     17.230    10.5252   3.392848     0.9937     1.0340     0.0044  0.0898620 0.0000e+00
       3253     17.172    10.5154   3.392341     0.9937     1.0328     0.0044  0.0898620 0.0000e+00
       3254     17.213    10.5065   3.391808     0.9937     1.0304     0.0044  0.0898620 0.0000e+00
       3255     17.230    10.4215   3.391544     0.9998     1.0292     0.0044  0.0898620 0.0000e+00
       3256     17.172    10.5249   3.392504     0.9888     1.0255     0.0044  0.0898620 0.0000e+00
       3257     17.296    10.5380   3.393997     0.9840     1.0243     0.0044  0.0898620 0.0000e+00
       3258     17.230    10.5756   3.395202     0.9840     1.0218     0.0044  0.0898620 0.0000e+00
       3259     17.271    10.5498   3.396717     0.9901     1.0206     0.0044  0.0898620 0.0000e+00
       3260     17.230    10.7132   3.400309     0.9840     1.0169     0.0044  0.0898620 0.0000e+00
       3261     17.296    10.4995   3.403027     0.9840     1.0157     0.0044  0.0898620 0.0000e+00
