code/data/2021/ctd_data_day2/station7_ctm_fil_le.cnv
* Sea-Bird SBE 9 Data File:
* FileName = C:\Users\CTD-User\Desktop\MAR440\day2\station7.hex
* Software Version Seasave V 7.26.2.13
* Temperature SN = 6313
* Conductivity SN = 4758
* Number of Bytes Per Scan = 37
* Number of Voltage Words = 4
* Number of Scans Averaged by the Deck Unit = 1
* NMEA Latitude = 58 19.09 N
* NMEA Longitude = 011 47.38 E
* NMEA UTC (Time) = Sep 22 2021 11:12:47
* NMEA baud rate = 4800
** Ship: Skagerrak
** Station: station7
** Operator: group1
# nquan = 9
# nvalues = 2736                        
# units = specified
# name 0 = scan: Scan Count
# name 1 = prDM: Pressure, Digiquartz [db]
# name 2 = t090C: Temperature [ITS-90, deg C]
# name 3 = c0S/m: Conductivity [S/m]
# name 4 = sbeox0V: Oxygen raw, SBE 43 [V]
# name 5 = sbeox1V: Oxygen raw, SBE 43, 2 [V]
# name 6 = flECO-AFL: Fluorescence, WET Labs ECO-AFL/FL [mg/m^3]
# name 7 = upoly0: Upoly 0, Turbidity
# name 8 = flag:  0.000e+00
# span 0 =          1,       2736       
# span 1 =      0.803,     30.368       
# span 2 =     7.3535,    16.0306       
# span 3 =   2.942788,   3.785244       
# span 4 =     0.5864,     2.8350       
# span 5 =     0.6626,     2.7722       
# span 6 =     0.0035,     0.0123       
# span 7 =  0.0866458,  0.1647296       
# span 8 = 0.0000e+00, 0.0000e+00       
# interval = seconds: 0.0416667
# start_time = Sep 22 2021 11:12:47 [NMEA time, header]
# bad_flag = -9.990e-29
*END*
[from data line 321]
        322      5.991    15.0454   2.962475     2.8288     2.7581     0.0049  0.1546899 0.0000e+00
        323      6.012    15.0477   2.962802     2.8288     2.7580     0.0049  0.1547169 0.0000e+00
        324      6.034    15.0499   2.963122     2.8287     2.7578     0.0051  0.1547501 0.0000e+00
        325      6.056    15.0523   2.963445     2.8286     2.7576     0.0051  0.1547887 0.0000e+00
        326      6.078    15.0548   2.963777     2.8286     2.7574     0.0051  0.1548313 0.0000e+00
        327      6.100    15.0575   2.964124     2.8285     2.7573     0.0049  0.1548783 0.0000e+00
        328      6.121    15.0603   2.964487     2.8284     2.7571     0.0051  0.1549308 0.0000e+00
        329      6.143    15.0632   2.964868     2.8283     2.7570     0.0051  0.1549883 0.0000e+00
        330      6.165    15.0663   2.965264     2.8282     2.7568     0.0049  0.1550495 0.0000e+00
        331      6.187    15.0695   2.965677     2.8281     2.7567     0.0048  0.1551115 0.0000e+00
        332      6.208    15.0728   2.966103     2.8280     2.7565     0.0048  0.1551696 0.0000e+00
        333      6.230    15.0761   2.966542     2.8280     2.7564     0.0048  0.1552199 0.0000e+00
        334      6.253    15.0796   2.966995     2.8279     2.7563     0.0048  0.1552611 0.0000e+00
        335      6.275    15.0831   2.967461     2.8278     2.7561     0.0048  0.1552943 0.0000e+00
        336      6.296    15.0867   2.967943     2.8277     2.7560     0.0048  0.1553215 0.0000e+00
        337      6.318    15.0905   2.968443     2.8276     2.7559     0.0048  0.1553437 0.0000e+00
        338      6.340    15.0944   2.968963     2.8275     2.7557     0.0048  0.1553611 0.0000e+00
        339      6.362    15.0985   2.969503     2.8274     2.7556     0.0048  0.1553745 0.0000e+00
        340      6.384    15.1026   2.970062     2.8273     2.7555     0.0048  0.1553842 0.0000e+00
        341      6.406    15.1069   2.970636     2.8272     2.7553     0.0048  0.1553893 0.0000e+00
        342      6.428    15.1112   2.971223     2.8271     2.7552     0.0048  0.1553908 0.0000e+00
        343      6.450    15.1156   2.971820     2.8270     2.7551     0.0048  0.1553894 0.0000e+00
        344      6.472    15.1200   2.972427     2.8269     2.7549     0.0048  0.1553852 0.0000e+00
        345      6.494    15.1244   2.973044     2.8267     2.7548     0.0048  0.1553773 0.0000e+00
        346      6.516    15.1289   2.973671     2.8266     2.7547     0.0048  0.1553648 0.0000e+00
        347      6.538    15.1335   2.974309     2.8265     2.7546     0.0048  0.1553484 0.0000e+00
        348      6.560    15.1382   2.974959     2.8263     2.7544     0.0048  0.1553290 0.0000e+00
        349      6.582    15.1430   2.975623     2.8262     2.7543     0.0048  0.1553054 0.0000e+00
        350      6.604    15.1479   2.976305     2.8261     2.7542     0.0048  0.1552767 0.0000e+00
        351      6.627    15.1530   2.977010     2.8259     2.7540     0.0048  0.1552435 0.0000e+00
        352      6.649    15.1584   2.977746     2.8258     2.7539     0.0048  0.1552065 0.0000e+00
        353      6.671    15.1640   2.978518     2.8256     2.7537     0.0048  0.1551654 0.0000e+00
        354      6.693    15.1699   2.979325     2.8254     2.7536     0.0048  0.1551199 0.0000e+00
        355      6.715    15.1759   2.980166     2.8253     2.7534     0.0048  0.1550697 0.0000e+00
        356      6.737    15.1821   2.981036     2.8251     2.7533     0.0048  0.1550145 0.0000e+00
        357      6.759    15.1885   2.981933     2.8249     2.7531     0.0049  0.1549547 0.0000e+00
        358      6.781    15.1949   2.982856     2.8248     2.7530     0.0049  0.1548924 0.0000e+00
        359      6.804    15.2015   2.983803     2.8246     2.7528     0.0049  0.1548289 0.0000e+00
        360      6.826    15.2082   2.984773     2.8244     2.7526     0.0049  0.1547638 0.0000e+00
        361      6.848    15.2150   2.985764     2.8242     2.7524     0.0049  0.1546966 0.0000e+00
        362      6.870    15.2220   2.986777     2.8240     2.7522     0.0049  0.1546268 0.0000e+00
        363      6.892    15.2290   2.987814     2.8238     2.7520     0.0049  0.1545549 0.0000e+00
        364      6.914    15.2362   2.988878     2.8235     2.7518     0.0049  0.1544811 0.0000e+00
        365      6.936    15.2436   2.989972     2.8233     2.7516     0.0049  0.1544050 0.0000e+00
        366      6.958    15.2512   2.991101     2.8231     2.7515     0.0049  0.1543260 0.0000e+00
        367      6.980    15.2590   2.992267     2.8229     2.7513     0.0049  0.1542427 0.0000e+00
        368      7.003    15.2671   2.993475     2.8226     2.7511     0.0049  0.1541537 0.0000e+00
        369      7.025    15.2755   2.994729     2.8224     2.7508     0.0049  0.1540583 0.0000e+00
        370      7.047    15.2842   2.996032     2.8221     2.7506     0.0049  0.1539552 0.0000e+00
        371      7.069    15.2931   2.997382     2.8219     2.7504     0.0049  0.1538426 0.0000e+00
        372      7.091    15.3022   2.998776     2.8216     2.7502     0.0049  0.1537207 0.0000e+00
        373      7.114    15.3116   3.000212     2.8214     2.7500     0.0049  0.1535902 0.0000e+00
        374      7.136    15.3210   3.001686     2.8211     2.7497     0.0049  0.1534504 0.0000e+00
        375      7.158    15.3307   3.003193     2.8208     2.7495     0.0049  0.1532994 0.0000e+00
        376      7.180    15.3404   3.004728     2.8206     2.7493     0.0049  0.1531369 0.0000e+00
        377      7.202    15.3502   3.006281     2.8203     2.7490     0.0049  0.1529628 0.0000e+00
        378      7.224    15.3601   3.007851     2.8200     2.7488     0.0049  0.1527748 0.0000e+00
        379      7.247    15.3702   3.009444     2.8197     2.7485     0.0049  0.1525701 0.0000e+00
        380      7.269    15.3805   3.011073     2.8194     2.7483     0.0049  0.1523472 0.0000e+00
        381      7.291    15.3913   3.012754     2.8191     2.7480     0.0048  0.1521080 0.0000e+00
        382      7.313    15.4025   3.014498     2.8188     2.7478     0.0048  0.1518609 0.0000e+00
        383      7.335    15.4141   3.016314     2.8185     2.7475     0.0046  0.1516196 0.0000e+00
        384      7.357    15.4262   3.018207     2.8182     2.7472     0.0046  0.1513917 0.0000e+00
        385      7.379    15.4388   3.020171     2.8179     2.7470     0.0046  0.1511774 0.0000e+00
        386      7.402    15.4516   3.022198     2.8176     2.7467     0.0046  0.1509750 0.0000e+00
        387      7.424    15.4647   3.024277     2.8173     2.7464     0.0046  0.1507833 0.0000e+00
        388      7.446    15.4780   3.026396     2.8169     2.7461     0.0046  0.1506009 0.0000e+00
        389      7.468    15.4914   3.028545     2.8166     2.7458     0.0048  0.1504266 0.0000e+00
        390      7.491    15.5049   3.030711     2.8163     2.7456     0.0048  0.1502590 0.0000e+00
        391      7.513    15.5184   3.032886     2.8159     2.7453     0.0046  0.1500971 0.0000e+00
        392      7.535    15.5317   3.035059     2.8156     2.7449     0.0046  0.1499397 0.0000e+00
        393      7.557    15.5450   3.037221     2.8152     2.7446     0.0046  0.1497857 0.0000e+00
        394      7.579    15.5581   3.039363     2.8148     2.7443     0.0046  0.1496350 0.0000e+00
        395      7.601    15.5708   3.041471     2.8145     2.7440     0.0046  0.1494872 0.0000e+00
        396      7.623    15.5833   3.043533     2.8141     2.7437     0.0048  0.1493406 0.0000e+00
        397      7.645    15.5953   3.045539     2.8137     2.7433     0.0044  0.1491933 0.0000e+00
        398      7.667    15.6069   3.047479     2.8133     2.7430     0.0046  0.1490442 0.0000e+00
        399      7.689    15.6180   3.049349     2.8129     2.7427     0.0046  0.1488923 0.0000e+00
        400      7.711    15.6287   3.051148     2.8125     2.7423     0.0046  0.1487365 0.0000e+00
        401      7.733    15.6388   3.052874     2.8121     2.7420     0.0046  0.1485758 0.0000e+00
        402      7.755    15.6485   3.054525     2.8117     2.7416     0.0046  0.1484090 0.0000e+00
        403      7.778    15.6577   3.056102     2.8113     2.7413     0.0048  0.1482350 0.0000e+00
        404      7.800    15.6664   3.057605     2.8108     2.7409     0.0046  0.1480526 0.0000e+00
        405      7.822    15.6747   3.059038     2.8104     2.7405     0.0048  0.1478604 0.0000e+00
        406      7.844    15.6825   3.060404     2.8099     2.7401     0.0048  0.1476573 0.0000e+00
        407      7.866    15.6900   3.061708     2.8094     2.7397     0.0046  0.1474459 0.0000e+00
        408      7.888    15.6970   3.062954     2.8089     2.7393     0.0048  0.1472367 0.0000e+00
        409      7.910    15.7037   3.064150     2.8084     2.7388     0.0048  0.1470394 0.0000e+00
        410      7.932    15.7100   3.065299     2.8078     2.7383     0.0048  0.1468559 0.0000e+00
        411      7.954    15.7161   3.066405     2.8073     2.7378     0.0048  0.1466849 0.0000e+00
        412      7.976    15.7218   3.067472     2.8067     2.7373     0.0048  0.1465253 0.0000e+00
        413      7.998    15.7273   3.068507     2.8061     2.7368     0.0048  0.1463760 0.0000e+00
        414      8.021    15.7326   3.069515     2.8055     2.7362     0.0048  0.1462359 0.0000e+00
        415      8.043    15.7377   3.070502     2.8048     2.7356     0.0048  0.1461040 0.0000e+00
        416      8.065    15.7426   3.071475     2.8042     2.7350     0.0048  0.1459794 0.0000e+00
        417      8.087    15.7473   3.072439     2.8035     2.7343     0.0048  0.1458613 0.0000e+00
        418      8.109    15.7520   3.073400     2.8028     2.7337     0.0048  0.1457489 0.0000e+00
        419      8.132    15.7566   3.074364     2.8020     2.7329     0.0048  0.1456412 0.0000e+00
        420      8.154    15.7612   3.075340     2.8013     2.7322     0.0048  0.1455377 0.0000e+00
        421      8.176    15.7658   3.076332     2.8005     2.7314     0.0048  0.1454376 0.0000e+00
        422      8.198    15.7703   3.077346     2.7996     2.7305     0.0048  0.1453401 0.0000e+00
        423      8.220    15.7749   3.078385     2.7988     2.7296     0.0048  0.1452447 0.0000e+00
        424      8.242    15.7795   3.079449     2.7978     2.7287     0.0048  0.1451506 0.0000e+00
        425      8.265    15.7841   3.080543     2.7969     2.7277     0.0048  0.1450572 0.0000e+00
        426      8.286    15.7888   3.081671     2.7959     2.7267     0.0048  0.1449639 0.0000e+00
        427      8.308    15.7935   3.082835     2.7949     2.7256     0.0048  0.1448699 0.0000e+00
        428      8.331    15.7982   3.084038     2.7938     2.7245     0.0048  0.1447747 0.0000e+00
        429      8.353    15.8031   3.085284     2.7927     2.7234     0.0048  0.1446775 0.0000e+00
        430      8.375    15.8080   3.086578     2.7915     2.7222     0.0048  0.1445778 0.0000e+00
        431      8.397    15.8132   3.087925     2.7903     2.7209     0.0048  0.1444747 0.0000e+00
        432      8.419    15.8185   3.089334     2.7890     2.7196     0.0048  0.1443685 0.0000e+00
        433      8.441    15.8239   3.090809     2.7877     2.7182     0.0048  0.1442610 0.0000e+00
        434      8.463    15.8296   3.092357     2.7863     2.7168     0.0048  0.1441539 0.0000e+00
        435      8.485    15.8354   3.093982     2.7849     2.7153     0.0048  0.1440473 0.0000e+00
        436      8.507    15.8414   3.095687     2.7834     2.7137     0.0048  0.1439406 0.0000e+00
        437      8.529    15.8475   3.097476     2.7819     2.7121     0.0048  0.1438329 0.0000e+00
        438      8.551    15.8538   3.099352     2.7803     2.7105     0.0048  0.1437235 0.0000e+00
        439      8.573    15.8602   3.101316     2.7787     2.7088     0.0048  0.1436117 0.0000e+00
        440      8.596    15.8667   3.103373     2.7770     2.7070     0.0048  0.1434967 0.0000e+00
        441      8.618    15.8733   3.105522     2.7753     2.7052     0.0048  0.1433777 0.0000e+00
        442      8.640    15.8800   3.107766     2.7735     2.7034     0.0048  0.1432538 0.0000e+00
        443      8.662    15.8867   3.110105     2.7717     2.7015     0.0048  0.1431242 0.0000e+00
        444      8.683    15.8934   3.112540     2.7698     2.6996     0.0048  0.1429880 0.0000e+00
        445      8.705    15.9001   3.115077     2.7679     2.6976     0.0048  0.1428442 0.0000e+00
        446      8.727    15.9068   3.117720     2.7659     2.6956     0.0048  0.1426919 0.0000e+00
        447      8.749    15.9134   3.120479     2.7639     2.6936     0.0048  0.1425299 0.0000e+00
        448      8.771    15.9200   3.123360     2.7618     2.6915     0.0048  0.1423572 0.0000e+00
        449      8.793    15.9264   3.126376     2.7597     2.6894     0.0048  0.1421726 0.0000e+00
        450      8.815    15.9329   3.129539     2.7576     2.6873     0.0048  0.1419747 0.0000e+00
        451      8.837    15.9392   3.132864     2.7554     2.6852     0.0048  0.1417623 0.0000e+00
        452      8.859    15.9456   3.136365     2.7532     2.6830     0.0048  0.1415337 0.0000e+00
        453      8.881    15.9519   3.140056     2.7510     2.6808     0.0048  0.1412875 0.0000e+00
        454      8.903    15.9581   3.143944     2.7487     2.6786     0.0048  0.1410218 0.0000e+00
        455      8.924    15.9641   3.148037     2.7464     2.6764     0.0048  0.1407350 0.0000e+00
        456      8.946    15.9700   3.152337     2.7441     2.6742     0.0048  0.1404249 0.0000e+00
        457      8.968    15.9756   3.156839     2.7418     2.6719     0.0048  0.1400894 0.0000e+00
        458      8.990    15.9808   3.161532     2.7394     2.6697     0.0048  0.1397313 0.0000e+00
        459      9.012    15.9856   3.166400     2.7370     2.6674     0.0048  0.1393625 0.0000e+00
        460      9.033    15.9900   3.171425     2.7346     2.6651     0.0048  0.1389949 0.0000e+00
        461      9.055    15.9939   3.176593     2.7321     2.6628     0.0048  0.1386319 0.0000e+00
        462      9.077    15.9974   3.181894     2.7297     2.6605     0.0048  0.1382719 0.0000e+00
        463      9.098    16.0007   3.187308     2.7272     2.6582     0.0048  0.1379113 0.0000e+00
        464      9.120    16.0036   3.192816     2.7247     2.6559     0.0048  0.1375461 0.0000e+00
        465      9.142    16.0063   3.198403     2.7222     2.6535     0.0048  0.1371729 0.0000e+00
        466      9.163    16.0088   3.204046     2.7196     2.6512     0.0048  0.1367890 0.0000e+00
        467      9.185    16.0110   3.209699     2.7171     2.6489     0.0048  0.1363919 0.0000e+00
        468      9.206    16.0129   3.215295     2.7146     2.6465     0.0048  0.1359786 0.0000e+00
        469      9.228    16.0142   3.220774     2.7120     2.6442     0.0048  0.1355464 0.0000e+00
        470      9.249    16.0150   3.226095     2.7094     2.6418     0.0048  0.1350923 0.0000e+00
        471      9.271    16.0153   3.231226     2.7069     2.6395     0.0048  0.1346139 0.0000e+00
        472      9.293    16.0150   3.236153     2.7043     2.6371     0.0048  0.1341087 0.0000e+00
        473      9.314    16.0143   3.240872     2.7017     2.6347     0.0048  0.1335725 0.0000e+00
        474      9.335    16.0132   3.245390     2.6990     2.6324     0.0048  0.1330006 0.0000e+00
        475      9.357    16.0118   3.249716     2.6964     2.6300     0.0048  0.1323890 0.0000e+00
        476      9.378    16.0101   3.253865     2.6938     2.6276     0.0048  0.1317343 0.0000e+00
        477      9.399    16.0082   3.257847     2.6911     2.6252     0.0048  0.1310337 0.0000e+00
        478      9.420    16.0063   3.261671     2.6884     2.6227     0.0048  0.1302832 0.0000e+00
        479      9.441    16.0042   3.265341     2.6857     2.6203     0.0048  0.1294775 0.0000e+00
        480      9.463    16.0019   3.268860     2.6830     2.6178     0.0048  0.1286101 0.0000e+00
