code/data/2021/ctd_data_day2/station7_ctm_fil_le.cnv
* Sea-Bird SBE 9 Data File:
* FileName = C:\Users\CTD-User\Desktop\MAR440\day2\station7.hex
* Software Version Seasave V 7.26.2.13
* Temperature SN = 6313
* Conductivity SN = 4758
* Number of Bytes Per Scan = 37
* Number of Voltage Words = 4
* Number of Scans Averaged by the Deck Unit = 1
* NMEA Latitude = 58 19.09 N
* NMEA Longitude = 011 47.38 E
* NMEA UTC (Time) = Sep 22 2021 11:12:47
* NMEA baud rate = 4800
** Ship: Skagerrak
** Station: station7
** Operator: group1
# nquan = 9
# nvalues = 2736                        
# units = specified
# name 0 = scan: Scan Count
# name 1 = prDM: Pressure, Digiquartz [db]
# name 2 = t090C: Temperature [ITS-90, deg C]
# name 3 = c0S/m: Conductivity [S/m]
# name 4 = sbeox0V: Oxygen raw, SBE 43 [V]
# name 5 = sbeox1V: Oxygen raw, SBE 43, 2 [V]
# name 6 = flECO-AFL: Fluorescence, WET Labs ECO-AFL/FL [mg/m^3]
# name 7 = upoly0: Upoly 0, Turbidity
# name 8 = flag:  0.000e+00
# span 0 =          1,       2736       
# span 1 =      0.803,     30.368       
# span 2 =     7.3535,    16.0306       
# span 3 =   2.942788,   3.785244       
# span 4 =     0.5864,     2.8350       
# span 5 =     0.6626,     2.7722       
# span 6 =     0.0035,     0.0123       
# span 7 =  0.0866458,  0.1647296       
# span 8 = 0.0000e+00, 0.0000e+00       
# interval = seconds: 0.0416667
# start_time = Sep 22 2021 11:12:47 [NMEA time, header]
# bad_flag = -9.990e-29
*END*
[from data line 2561]
       2562     30.218     7.4488   3.289767     0.6597     0.7337     0.0090  0.0873325 -9.990e-29
       2563     30.221     7.4484   3.289715     0.6592     0.7330     0.0092  0.0873233 -9.990e-29
       2564     30.224     7.4482   3.289700     0.6588     0.7324     0.0090  0.0873142 -9.990e-29
       2565     30.226     7.4481   3.289724     0.6583     0.7317     0.0092  0.0873044 -9.990e-29
       2566     30.229     7.4481   3.289767     0.6579     0.7311     0.0092  0.0872937 -9.990e-29
       2567     30.232     7.4483   3.289818     0.6574     0.7304     0.0090  0.0872822 -9.990e-29
       2568     30.235     7.4485   3.289872     0.6569     0.7298     0.0090  0.0872698 -9.990e-29
       2569     30.237     7.4488   3.289928     0.6565     0.7291     0.0090  0.0872562 -9.990e-29
       2570     30.240     7.4491   3.289983     0.6560     0.7285     0.0090  0.0872416 -9.990e-29
       2571     30.243     7.4494   3.290037     0.6555     0.7279     0.0090  0.0872257 -9.990e-29
       2572     30.245     7.4497   3.290090     0.6551     0.7272     0.0090  0.0872085 -9.990e-29
       2573     30.248     7.4500   3.290140     0.6546     0.7266     0.0090  0.0871898 -9.990e-29
       2574     30.251     7.4501   3.290185     0.6541     0.7260     0.0090  0.0871694 -9.990e-29
       2575     30.254     7.4502   3.290224     0.6536     0.7253     0.0092  0.0871482 -9.990e-29
       2576     30.257     7.4502   3.290256     0.6531     0.7247     0.0093  0.0871285 -9.990e-29
       2577     30.259     7.4501   3.290280     0.6526     0.7240     0.0093  0.0871127 -9.990e-29
       2578     30.262     7.4499   3.290295     0.6521     0.7234     0.0093  0.0871008 -9.990e-29
       2579     30.265     7.4495   3.290302     0.6516     0.7227     0.0093  0.0870908 -9.990e-29
       2580     30.267     7.4491   3.290299     0.6511     0.7221     0.0092  0.0870828 -9.990e-29
       2581     30.270     7.4485   3.290286     0.6506     0.7215     0.0093  0.0870776 -9.990e-29
       2582     30.272     7.4478   3.290261     0.6501     0.7208     0.0093  0.0870742 -9.990e-29
       2583     30.275     7.4469   3.290223     0.6496     0.7202     0.0093  0.0870718 -9.990e-29
       2584     30.277     7.4458   3.290173     0.6491     0.7195     0.0093  0.0870704 -9.990e-29
       2585     30.280     7.4446   3.290108     0.6486     0.7189     0.0093  0.0870699 -9.990e-29
       2586     30.282     7.4431   3.290030     0.6481     0.7183     0.0093  0.0870705 -9.990e-29
       2587     30.285     7.4416   3.289940     0.6476     0.7176     0.0093  0.0870720 -9.990e-29
       2588     30.288     7.4398   3.289838     0.6470     0.7170     0.0093  0.0870744 -9.990e-29
       2589     30.290     7.4380   3.289728     0.6465     0.7164     0.0093  0.0870779 -9.990e-29
       2590     30.293     7.4361   3.289611     0.6460     0.7157     0.0093  0.0870823 -9.990e-29
       2591     30.295     7.4341   3.289488     0.6455     0.7151     0.0093  0.0870879 -9.990e-29
       2592     30.298     7.4321   3.289362     0.6449     0.7145     0.0093  0.0870953 -9.990e-29
       2593     30.301     7.4300   3.289233     0.6444     0.7139     0.0093  0.0871056 -9.990e-29
       2594     30.303     7.4280   3.289102     0.6438     0.7132     0.0093  0.0871180 -9.990e-29
       2595     30.305     7.4258   3.288966     0.6433     0.7126     0.0093  0.0871325 -9.990e-29
       2596     30.308     7.4237   3.288826     0.6428     0.7121     0.0093  0.0871501 -9.990e-29
       2597     30.310     7.4215   3.288684     0.6422     0.7115     0.0093  0.0871700 -9.990e-29
       2598     30.312     7.4194   3.288543     0.6417     0.7109     0.0093  0.0871916 -9.990e-29
       2599     30.315     7.4173   3.288403     0.6412     0.7103     0.0093  0.0872159 -9.990e-29
       2600     30.317     7.4153   3.288265     0.6406     0.7097     0.0099  0.0872430 -9.990e-29
       2601     30.319     7.4133   3.288129     0.6401     0.7092     0.0101  0.0872706 -9.990e-29
       2602     30.321     7.4114   3.287997     0.6396     0.7086     0.0102  0.0872963 -9.990e-29
       2603     30.324     7.4095   3.287867     0.6390     0.7081     0.0102  0.0873194 -9.990e-29
       2604     30.326     7.4077   3.287741     0.6385     0.7075     0.0102  0.0873410 -9.990e-29
       2605     30.328     7.4060   3.287619     0.6380     0.7070     0.0102  0.0873620 -9.990e-29
       2606     30.331     7.4043   3.287502     0.6375     0.7064     0.0102  0.0873818 -9.990e-29
       2607     30.333     7.4028   3.287389     0.6369     0.7059     0.0102  0.0873996 -9.990e-29
       2608     30.335     7.4013   3.287280     0.6364     0.7054     0.0102  0.0874156 -9.990e-29
       2609     30.337     7.3998   3.287175     0.6359     0.7048     0.0101  0.0874299 -9.990e-29
       2610     30.339     7.3984   3.287071     0.6354     0.7043     0.0102  0.0874433 -9.990e-29
       2611     30.341     7.3969   3.286968     0.6348     0.7038     0.0102  0.0874561 -9.990e-29
       2612     30.343     7.3955   3.286865     0.6343     0.7033     0.0102  0.0874666 -9.990e-29
       2613     30.345     7.3940   3.286763     0.6338     0.7028     0.0102  0.0874748 -9.990e-29
       2614     30.346     7.3926   3.286661     0.6332     0.7023     0.0102  0.0874826 -9.990e-29
       2615     30.348     7.3911   3.286561     0.6327     0.7018     0.0102  0.0874900 -9.990e-29
       2616     30.350     7.3896   3.286463     0.6322     0.7013     0.0102  0.0874961 -9.990e-29
       2617     30.351     7.3882   3.286367     0.6317     0.7008     0.0102  0.0875020 -9.990e-29
       2618     30.353     7.3868   3.286275     0.6312     0.7003     0.0102  0.0875084 -9.990e-29
       2619     30.354     7.3854   3.286185     0.6307     0.6998     0.0102  0.0875154 -9.990e-29
       2620     30.356     7.3841   3.286098     0.6302     0.6993     0.0102  0.0875223 -9.990e-29
       2621     30.357     7.3828   3.286014     0.6296     0.6988     0.0102  0.0875273 -9.990e-29
       2622     30.358     7.3816   3.285934     0.6291     0.6984     0.0102  0.0875296 -9.990e-29
       2623     30.359     7.3804   3.285857     0.6286     0.6979     0.0101  0.0875302 -9.990e-29
       2624     30.360     7.3792   3.285783     0.6281     0.6974     0.0102  0.0875307 -9.990e-29
       2625     30.360     7.3782   3.285714     0.6276     0.6969     0.0104  0.0875319 -9.990e-29
       2626     30.361     7.3771   3.285650     0.6271     0.6964     0.0115  0.0875331 -9.990e-29
       2627     30.362     7.3762   3.285589     0.6266     0.6960     0.0121  0.0875334 -9.990e-29
       2628     30.363     7.3753   3.285533     0.6261     0.6955     0.0121  0.0875336 -9.990e-29
       2629     30.364     7.3745   3.285481     0.6256     0.6950     0.0121  0.0875346 -9.990e-29
       2630     30.365     7.3737   3.285432     0.6251     0.6945     0.0121  0.0875364 -9.990e-29
       2631     30.365     7.3730   3.285387     0.6247     0.6941     0.0121  0.0875382 -9.990e-29
       2632     30.366     7.3723   3.285346     0.6242     0.6936     0.0121  0.0875390 -9.990e-29
       2633     30.366     7.3717   3.285307     0.6237     0.6932     0.0121  0.0875391 -9.990e-29
       2634     30.367     7.3710   3.285270     0.6232     0.6927     0.0121  0.0875382 -9.990e-29
       2635     30.367     7.3705   3.285236     0.6228     0.6923     0.0121  0.0875373 -9.990e-29
       2636     30.367     7.3700   3.285206     0.6223     0.6919     0.0121  0.0875373 -9.990e-29
       2637     30.367     7.3695   3.285180     0.6219     0.6914     0.0121  0.0875380 -9.990e-29
       2638     30.367     7.3691   3.285159     0.6214     0.6910     0.0121  0.0875396 -9.990e-29
       2639     30.367     7.3688   3.285145     0.6210     0.6906     0.0121  0.0875411 -9.990e-29
       2640     30.367     7.3685   3.285135     0.6205     0.6902     0.0121  0.0875418 -9.990e-29
       2641     30.367     7.3683   3.285128     0.6201     0.6897     0.0121  0.0875425 -9.990e-29
       2642     30.367     7.3680   3.285123     0.6196     0.6893     0.0121  0.0875441 -9.990e-29
       2643     30.367     7.3678   3.285118     0.6192     0.6889     0.0121  0.0875456 -9.990e-29
       2644     30.368     7.3675   3.285112     0.6187     0.6885     0.0121  0.0875455 -9.990e-29
       2645     30.368     7.3673   3.285105     0.6183     0.6881     0.0121  0.0875437 -9.990e-29
       2646     30.368     7.3670   3.285097     0.6179     0.6877     0.0121  0.0875419 -9.990e-29
       2647     30.368     7.3667   3.285088     0.6174     0.6873     0.0121  0.0875410 -9.990e-29
       2648     30.368     7.3663   3.285077     0.6170     0.6869     0.0121  0.0875409 -9.990e-29
       2649     30.368     7.3660   3.285065     0.6166     0.6865     0.0121  0.0875417 -9.990e-29
       2650     30.367     7.3656   3.285051     0.6162     0.6861     0.0121  0.0875424 -9.990e-29
       2651     30.367     7.3652   3.285037     0.6157     0.6857     0.0121  0.0875423 -9.990e-29
       2652     30.367     7.3649   3.285022     0.6153     0.6853     0.0123  0.0875413 -9.990e-29
       2653     30.367     7.3646   3.285007     0.6149     0.6850     0.0123  0.0875395 -9.990e-29
       2654     30.366     7.3642   3.284992     0.6145     0.6846     0.0123  0.0875369 -9.990e-29
       2655     30.366     7.3639   3.284977     0.6141     0.6842     0.0123  0.0875333 -9.990e-29
       2656     30.366     7.3636   3.284964     0.6137     0.6838     0.0123  0.0875297 -9.990e-29
       2657     30.366     7.3634   3.284951     0.6132     0.6835     0.0123  0.0875268 -9.990e-29
       2658     30.366     7.3631   3.284940     0.6128     0.6831     0.0123  0.0875247 -9.990e-29
       2659     30.366     7.3628   3.284931     0.6124     0.6828     0.0123  0.0875233 -9.990e-29
       2660     30.365     7.3626   3.284922     0.6120     0.6824     0.0123  0.0875227 -9.990e-29
       2661     30.365     7.3623   3.284913     0.6116     0.6821     0.0123  0.0875227 -9.990e-29
       2662     30.365     7.3621   3.284903     0.6112     0.6817     0.0123  0.0875235 -9.990e-29
       2663     30.364     7.3619   3.284894     0.6108     0.6814     0.0123  0.0875250 -9.990e-29
       2664     30.364     7.3616   3.284885     0.6104     0.6810     0.0123  0.0875272 -9.990e-29
       2665     30.363     7.3614   3.284875     0.6100     0.6807     0.0123  0.0875293 -9.990e-29
       2666     30.363     7.3612   3.284866     0.6096     0.6804     0.0123  0.0875305 -9.990e-29
       2667     30.363     7.3609   3.284856     0.6092     0.6801     0.0123  0.0875316 -9.990e-29
       2668     30.363     7.3607   3.284846     0.6088     0.6797     0.0123  0.0875335 -9.990e-29
       2669     30.362     7.3605   3.284835     0.6084     0.6794     0.0123  0.0875361 -9.990e-29
       2670     30.362     7.3603   3.284824     0.6080     0.6791     0.0123  0.0875396 -9.990e-29
       2671     30.362     7.3601   3.284813     0.6076     0.6788     0.0123  0.0875439 -9.990e-29
       2672     30.362     7.3599   3.284801     0.6072     0.6785     0.0123  0.0875482 -9.990e-29
       2673     30.362     7.3597   3.284790     0.6068     0.6782     0.0123  0.0875509 -9.990e-29
       2674     30.361     7.3595   3.284777     0.6064     0.6779     0.0123  0.0875519 -9.990e-29
       2675     30.361     7.3593   3.284765     0.6061     0.6776     0.0123  0.0875530 -9.990e-29
       2676     30.361     7.3591   3.284753     0.6057     0.6773     0.0123  0.0875550 -9.990e-29
       2677     30.360     7.3589   3.284740     0.6053     0.6770     0.0121  0.0875579 -9.990e-29
       2678     30.360     7.3587   3.284727     0.6049     0.6767     0.0121  0.0875618 -9.990e-29
       2679     30.360     7.3585   3.284715     0.6045     0.6764     0.0121  0.0875667 -9.990e-29
       2680     30.359     7.3583   3.284703     0.6041     0.6761     0.0121  0.0875726 -9.990e-29
       2681     30.359     7.3582   3.284692     0.6036     0.6758     0.0121  0.0875788 -9.990e-29
       2682     30.359     7.3580   3.284679     0.6032     0.6755     0.0121  0.0875843 -9.990e-29
       2683     30.358     7.3578   3.284667     0.6028     0.6752     0.0121  0.0875901 -9.990e-29
       2684     30.358     7.3577   3.284655     0.6024     0.6750     0.0121  0.0875972 -9.990e-29
       2685     30.358     7.3575   3.284642     0.6020     0.6747     0.0121  0.0876046 -9.990e-29
       2686     30.357     7.3574   3.284630     0.6016     0.6744     0.0121  0.0876107 -9.990e-29
       2687     30.357     7.3572   3.284618     0.6012     0.6741     0.0121  0.0876156 -9.990e-29
       2688     30.357     7.3570   3.284606     0.6008     0.6738     0.0121  0.0876210 -9.990e-29
       2689     30.357     7.3569   3.284595     0.6004     0.6736     0.0121  0.0876278 -9.990e-29
       2690     30.356     7.3567   3.284583     0.6000     0.6733     0.0121  0.0876361 -9.990e-29
       2691     30.356     7.3566   3.284573     0.5996     0.6730     0.0121  0.0876450 -9.990e-29
       2692     30.356     7.3564   3.284562     0.5992     0.6727     0.0121  0.0876538 -9.990e-29
       2693     30.355     7.3563   3.284551     0.5988     0.6725     0.0121  0.0876634 -9.990e-29
       2694     30.355     7.3561   3.284540     0.5984     0.6722     0.0121  0.0876746 -9.990e-29
       2695     30.354     7.3560   3.284530     0.5980     0.6719     0.0121  0.0876868 -9.990e-29
       2696     30.354     7.3558   3.284519     0.5976     0.6717     0.0121  0.0876991 -9.990e-29
       2697     30.354     7.3557   3.284510     0.5973     0.6714     0.0121  0.0877117 -9.990e-29
       2698     30.354     7.3555   3.284501     0.5969     0.6711     0.0121  0.0877246 -9.990e-29
       2699     30.354     7.3554   3.284494     0.5965     0.6709     0.0121  0.0877388 -9.990e-29
       2700     30.354     7.3553   3.284486     0.5961     0.6706     0.0121  0.0877552 -9.990e-29
       2701     30.354     7.3552   3.284480     0.5957     0.6703     0.0121  0.0877731 -9.990e-29
       2702     30.353     7.3551   3.284474     0.5953     0.6700     0.0121  0.0877908 -9.990e-29
       2703     30.353     7.3550   3.284469     0.5949     0.6698     0.0123  0.0878078 -9.990e-29
       2704     30.353     7.3549   3.284466     0.5945     0.6695     0.0123  0.0878232 -9.990e-29
       2705     30.352     7.3548   3.284464     0.5942     0.6692     0.0123  0.0878363 -9.990e-29
       2706     30.352     7.3547   3.284463     0.5938     0.6689     0.0123  0.0878481 -9.990e-29
       2707     30.352     7.3546   3.284463     0.5934     0.6686     0.0123  0.0878595 -9.990e-29
       2708     30.352     7.3545   3.284463     0.5931     0.6683     0.0123  0.0878696 -9.990e-29
       2709     30.351     7.3545   3.284465     0.5927     0.6681     0.0123  0.0878778 -9.990e-29
       2710     30.351     7.3544   3.284468     0.5924     0.6678     0.0121  0.0878850 -9.990e-29
       2711     30.351     7.3543   3.284471     0.5920     0.6675     0.0123  0.0878919 -9.990e-29
       2712     30.351     7.3543   3.284475     0.5917     0.6672     0.0123  0.0878988 -9.990e-29
       2713     30.351     7.3542   3.284479     0.5913     0.6669     0.0123  0.0879056 -9.990e-29
       2714     30.350     7.3542   3.284483     0.5910     0.6667     0.0123  0.0879123 -9.990e-29
       2715     30.350     7.3541   3.284486     0.5906     0.6664     0.0123  0.0879191 -9.990e-29
       2716     30.350     7.3541   3.284489     0.5903     0.6661     0.0123  0.0879260 -9.990e-29
       2717     30.350     7.3540   3.284492     0.5900     0.6658     0.0123  0.0879330 -9.990e-29
       2718     30.350     7.3539   3.284493     0.5897     0.6656     0.0123  0.0879402 -9.990e-29
       2719     30.350     7.3539   3.284494     0.5894     0.6653     0.0123  0.0879476 -9.990e-29
       2720     30.350     7.3538   3.284494     0.5891     0.6651     0.0123  0.0879544 -9.990e-29
