code/data/2021/ctd_data_day2/station7_ctm_fil_le_der.cnv
* Sea-Bird SBE 9 Data File:
* FileName = C:\Users\CTD-User\Desktop\MAR440\day2\station7.hex
* Software Version Seasave V 7.26.2.13
* Temperature SN = 6313
* Conductivity SN = 4758
* Number of Bytes Per Scan = 37
* Number of Voltage Words = 4
* Number of Scans Averaged by the Deck Unit = 1
* NMEA Latitude = 58 19.09 N
* NMEA Longitude = 011 47.38 E
* NMEA UTC (Time) = Sep 22 2021 11:12:47
* NMEA baud rate = 4800
** Ship: Skagerrak
** Station: station7
** Operator: group1
# nquan = 13                                
# nvalues = 2736                        
# units = specified
# name 0 = scan: Scan Count
# name 1 = prDM: Pressure, Digiquartz [db]
# name 2 = t090C: Temperature [ITS-90, deg C]
# name 3 = c0S/m: Conductivity [S/m]
# name 4 = sbeox0V: Oxygen raw, SBE 43 [V]
# name 5 = sbeox1V: Oxygen raw, SBE 43, 2 [V]
# name 6 = flECO-AFL: Fluorescence, WET Labs ECO-AFL/FL [mg/m^3]
# name 7 = upoly0: Upoly 0, Turbidity
# name 8 = depSM: Depth [salt water, m], lat = 58.3182
# name 9 = sal00: Salinity, Practical [PSU]
# name 10 = sbeox0ML/L: Oxygen, SBE 43 [ml/l], WS = 2
# name 11 = sbeox1ML/L: Oxygen, SBE 43, 2 [ml/l], WS = 2
# name 12 = flag: flag
# span 0 =          1,       2736       
# span 1 =      0.803,     30.368       
# span 2 =     7.3535,    16.0306       
# span 3 =   2.942788,   3.785244       
# span 4 =     0.5864,     2.8350       
# span 5 =     0.6626,     2.7722       
# span 6 =     0.0035,     0.0123       
# span 7 =  0.0866458,  0.1647296       
# span 8 =      0.796,     30.084       
# span 9 =    23.0921,    32.0429       
# span 10 =     0.1903,     6.9243      
# span 11 =     0.5180,     5.8849      
# span 12 = 0.0000e+00, 0.0000e+00      
# interval = seconds: 0.0416667
# start_time = Sep 22 2021 11:12:47 [NMEA time, header]
# bad_flag = -9.990e-29
*END*
[from data line 1778]
       1779     15.638    13.5357   3.486208     1.3860     1.4187     0.0037  0.0908921     15.492    28.8340     2.2962     2.2020 0.0000e+00
       1780     15.660    13.5252   3.486167     1.3840     1.4169     0.0037  0.0909285     15.514    28.8415     2.2908     2.1974 0.0000e+00
       1781     15.683    13.5156   3.486252     1.3820     1.4151     0.0037  0.0909690     15.537    28.8495     2.2852     2.1926 0.0000e+00
       1782     15.705    13.5070   3.486463     1.3800     1.4133     0.0037  0.0910138     15.558    28.8579     2.2796     2.1879 0.0000e+00
       1783     15.727    13.4994   3.486801     1.3780     1.4115     0.0037  0.0910632     15.580    28.8668     2.2739     2.1830 0.0000e+00
       1784     15.749    13.4928   3.487266     1.3760     1.4097     0.0037  0.0911167     15.602    28.8760     2.2682     2.1781 0.0000e+00
       1785     15.771    13.4872   3.487855     1.3740     1.4078     0.0037  0.0911713     15.624    28.8856     2.2624     2.1728 0.0000e+00
       1786     15.794    13.4825   3.488564     1.3720     1.4060     0.0037  0.0912231     15.647    28.8957     2.2565     2.1678 0.0000e+00
       1787     15.816    13.4787   3.489389     1.3700     1.4042     0.0037  0.0912708     15.668    28.9061     2.2506     2.1627 0.0000e+00
       1788     15.838    13.4759   3.490323     1.3680     1.4023     0.0037  0.0913147     15.690    28.9168     2.2446     2.1573 0.0000e+00
       1789     15.860    13.4739   3.491362     1.3660     1.4005     0.0037  0.0913551     15.712    28.9279     2.2385     2.1521 0.0000e+00
       1790     15.882    13.4726   3.492498     1.3640     1.3986     0.0037  0.0913914     15.734    28.9393     2.2324     2.1466 0.0000e+00
       1791     15.905    13.4721   3.493720     1.3619     1.3968     0.0037  0.0914231     15.757    28.9509     2.2260     2.1413 0.0000e+00
       1792     15.927    13.4722   3.495010     1.3599     1.3949     0.0037  0.0914513     15.778    28.9627     2.2198     2.1358 0.0000e+00
       1793     15.949    13.4726   3.496345     1.3579     1.3930     0.0037  0.0914769     15.800    28.9746     2.2137     2.1302 0.0000e+00
       1794     15.972    13.4734   3.497706     1.3559     1.3911     0.0037  0.0914993     15.823    28.9865     2.2075     2.1247 0.0000e+00
       1795     15.994    13.4743   3.499073     1.3539     1.3893     0.0037  0.0915177     15.845    28.9984     2.2013     2.1194 0.0000e+00
       1796     16.016    13.4752   3.500431     1.3519     1.3874     0.0037  0.0915333     15.867    29.0102     2.1951     2.1138 0.0000e+00
       1797     16.039    13.4760   3.501764     1.3499     1.3855     0.0037  0.0915469     15.889    29.0218     2.1889     2.1083 0.0000e+00
       1798     16.061    13.4766   3.503056     1.3479     1.3836     0.0037  0.0915587     15.911    29.0332     2.1827     2.1028 0.0000e+00
       1799     16.083    13.4770   3.504294     1.3458     1.3817     0.0037  0.0915686     15.933    29.0443     2.1763     2.0974 0.0000e+00
       1800     16.105    13.4769   3.505471     1.3438     1.3798     0.0037  0.0915768     15.955    29.0552     2.1701     2.0920 0.0000e+00
       1801     16.128    13.4764   3.506579     1.3418     1.3778     0.0037  0.0915834     15.977    29.0657     2.1640     2.0864 0.0000e+00
       1802     16.150    13.4754   3.507615     1.3398     1.3759     0.0037  0.0915875     15.999    29.0760     2.1580     2.0810 0.0000e+00
       1803     16.172    13.4739   3.508578     1.3378     1.3740     0.0037  0.0915883     16.021    29.0860     2.1519     2.0758 0.0000e+00
       1804     16.194    13.4719   3.509464     1.3358     1.3721     0.0037  0.0915867     16.043    29.0957     2.1459     2.0706 0.0000e+00
       1805     16.216    13.4693   3.510274     1.3337     1.3701     0.0037  0.0915835     16.065    29.1051     2.1397     2.0652 0.0000e+00
       1806     16.239    13.4661   3.511005     1.3317     1.3682     0.0037  0.0915778     16.087    29.1142     2.1338     2.0601 0.0000e+00
       1807     16.261    13.4622   3.511657     1.3297     1.3662     0.0037  0.0915688     16.109    29.1232     2.1279     2.0549 0.0000e+00
       1808     16.283    13.4577   3.512229     1.3277     1.3643     0.0037  0.0915564     16.131    29.1319     2.1221     2.0499 0.0000e+00
       1809     16.306    13.4525   3.512720     1.3256     1.3623     0.0037  0.0915405     16.154    29.1404     2.1160     2.0448 0.0000e+00
       1810     16.328    13.4466   3.513132     1.3236     1.3604     0.0040  0.0915226     16.176    29.1486     2.1103     2.0400 0.0000e+00
       1811     16.350    13.4401   3.513468     1.3216     1.3584     0.0040  0.0915053     16.197    29.1567     2.1046     2.0350 0.0000e+00
       1812     16.372    13.4331   3.513736     1.3196     1.3565     0.0040  0.0914892     16.219    29.1645     2.0990     2.0303 0.0000e+00
       1813     16.394    13.4255   3.513946     1.3175     1.3545     0.0040  0.0914742     16.241    29.1722     2.0931     2.0254 0.0000e+00
       1814     16.417    13.4177   3.514116     1.3155     1.3526     0.0040  0.0914602     16.264    29.1797     2.0876     2.0209 0.0000e+00
       1815     16.439    13.4098   3.514265     1.3135     1.3506     0.0040  0.0914472     16.286    29.1871     2.0821     2.0161 0.0000e+00
       1816     16.461    13.4021   3.514417     1.3115     1.3487     0.0040  0.0914350     16.307    29.1944     2.0766     2.0116 0.0000e+00
       1817     16.483    13.3948   3.514595     1.3095     1.3467     0.0040  0.0914236     16.329    29.2016     2.0711     2.0070 0.0000e+00
       1818     16.505    13.3880   3.514819     1.3075     1.3448     0.0040  0.0914128     16.351    29.2089     2.0657     2.0026 0.0000e+00
       1819     16.528    13.3819   3.515104     1.3054     1.3428     0.0040  0.0914026     16.374    29.2162     2.0600     1.9980 0.0000e+00
       1820     16.550    13.3765   3.515463     1.3034     1.3409     0.0040  0.0913930     16.396    29.2236     2.0546     1.9937 0.0000e+00
       1821     16.572    13.3719   3.515905     1.3014     1.3390     0.0040  0.0913838     16.417    29.2312     2.0493     1.9894 0.0000e+00
       1822     16.594    13.3681   3.516432     1.2994     1.3371     0.0040  0.0913750     16.439    29.2390     2.0440     1.9852 0.0000e+00
       1823     16.617    13.3651   3.517042     1.2974     1.3351     0.0040  0.0913665     16.462    29.2469     2.0387     1.9808 0.0000e+00
       1824     16.639    13.3627   3.517729     1.2954     1.3332     0.0040  0.0913583     16.484    29.2551     2.0334     1.9767 0.0000e+00
       1825     16.661    13.3611   3.518481     1.2934     1.3313     0.0040  0.0913503     16.506    29.2632     2.0282     1.9726 0.0000e+00
       1826     16.683    13.3600   3.519285     1.2914     1.3294     0.0040  0.0913425     16.527    29.2715     2.0230     1.9686 0.0000e+00
       1827     16.706    13.3595   3.520131     1.2894     1.3275     0.0040  0.0913348     16.550    29.2797     2.0179     1.9646 0.0000e+00
       1828     16.728    13.3594   3.521012     1.2874     1.3256     0.0040  0.0913271     16.572    29.2878     2.0128     1.9607 0.0000e+00
       1829     16.750    13.3599   3.521928     1.2854     1.3237     0.0040  0.0913194     16.594    29.2959     2.0078     1.9569 0.0000e+00
       1830     16.772    13.3608   3.522878     1.2835     1.3218     0.0040  0.0913117     16.615    29.3040     2.0032     1.9531 0.0000e+00
       1831     16.794    13.3622   3.523862     1.2815     1.3200     0.0040  0.0913039     16.637    29.3120     1.9983     1.9496 0.0000e+00
       1832     16.817    13.3640   3.524880     1.2796     1.3181     0.0040  0.0912959     16.660    29.3200     1.9938     1.9459 0.0000e+00
       1833     16.839    13.3662   3.525930     1.2776     1.3163     0.0040  0.0912877     16.682    29.3280     1.9890     1.9425 0.0000e+00
       1834     16.861    13.3688   3.527009     1.2757     1.3144     0.0040  0.0912792     16.704    29.3359     1.9846     1.9389 0.0000e+00
       1835     16.883    13.3718   3.528115     1.2738     1.3126     0.0040  0.0912704     16.725    29.3438     1.9803     1.9357 0.0000e+00
       1836     16.905    13.3751   3.529245     1.2718     1.3108     0.0040  0.0912612     16.747    29.3517     1.9757     1.9325 0.0000e+00
       1837     16.927    13.3787   3.530397     1.2699     1.3090     0.0040  0.0912516     16.769    29.3595     1.9715     1.9293 0.0000e+00
       1838     16.949    13.3824   3.531566     1.2680     1.3072     0.0040  0.0912414     16.791    29.3675     1.9674     1.9263 0.0000e+00
       1839     16.971    13.3864   3.532745     1.2661     1.3054     0.0038  0.0912306     16.813    29.3753     1.9633     1.9232 0.0000e+00
       1840     16.993    13.3904   3.533927     1.2643     1.3037     0.0038  0.0912191     16.834    29.3831     1.9596     1.9205 0.0000e+00
       1841     17.015    13.3945   3.535104     1.2624     1.3019     0.0038  0.0912069     16.856    29.3908     1.9557     1.9176 0.0000e+00
       1842     17.037    13.3985   3.536269     1.2605     1.3002     0.0040  0.0911939     16.878    29.3984     1.9519     1.9151 0.0000e+00
       1843     17.059    13.4025   3.537415     1.2587     1.2985     0.0038  0.0911799     16.900    29.4059     1.9485     1.9125 0.0000e+00
       1844     17.081    13.4064   3.538538     1.2569     1.2968     0.0038  0.0911649     16.922    29.4133     1.9451     1.9101 0.0000e+00
       1845     17.103    13.4102   3.539636     1.2551     1.2952     0.0038  0.0911487     16.943    29.4205     1.9418     1.9079 0.0000e+00
       1846     17.125    13.4138   3.540706     1.2533     1.2936     0.0040  0.0911314     16.965    29.4275     1.9386     1.9058 0.0000e+00
       1847     17.147    13.4173   3.541752     1.2515     1.2920     0.0040  0.0911126     16.987    29.4345     1.9354     1.9038 0.0000e+00
       1848     17.169    13.4206   3.542774     1.2498     1.2904     0.0040  0.0910924     17.009    29.4413     1.9326     1.9019 0.0000e+00
       1849     17.191    13.4238   3.543775     1.2480     1.2888     0.0038  0.0910706     17.031    29.4481     1.9295     1.9000 0.0000e+00
       1850     17.213    13.4268   3.544756     1.2463     1.2873     0.0040  0.0910469     17.052    29.4548     1.9268     1.8983 0.0000e+00
       1851     17.235    13.4296   3.545717     1.2446     1.2858     0.0040  0.0910213     17.074    29.4615     1.9242     1.8968 0.0000e+00
       1852     17.257    13.4322   3.546655     1.2430     1.2843     0.0038  0.0909936     17.096    29.4682     1.9219     1.8952 0.0000e+00
       1853     17.279    13.4345   3.547567     1.2413     1.2828     0.0040  0.0909636     17.118    29.4748     1.9194     1.8937 0.0000e+00
       1854     17.301    13.4366   3.548453     1.2397     1.2813     0.0040  0.0909310     17.140    29.4813     1.9172     1.8923 0.0000e+00
       1855     17.323    13.4385   3.549312     1.2381     1.2799     0.0038  0.0908956     17.161    29.4878     1.9150     1.8911 0.0000e+00
       1856     17.345    13.4402   3.550145     1.2365     1.2785     0.0038  0.0908573     17.183    29.4941     1.9128     1.8899 0.0000e+00
       1857     17.367    13.4416   3.550954     1.2349     1.2771     0.0038  0.0908157     17.205    29.5005     1.9108     1.8888 0.0000e+00
       1858     17.389    13.4429   3.551744     1.2334     1.2758     0.0038  0.0907705     17.227    29.5068     1.9090     1.8880 0.0000e+00
       1859     17.410    13.4441   3.552523     1.2319     1.2745     0.0038  0.0907215     17.247    29.5130     1.9073     1.8871 0.0000e+00
       1860     17.432    13.4452   3.553299     1.2304     1.2732     0.0038  0.0906683     17.269    29.5193     1.9056     1.8863 0.0000e+00
       1861     17.454    13.4463   3.554081     1.2289     1.2719     0.0038  0.0906121     17.291    29.5257     1.9039     1.8855 0.0000e+00
       1862     17.476    13.4475   3.554879     1.2275     1.2706     0.0040  0.0905570     17.313    29.5321     1.9024     1.8847 0.0000e+00
       1863     17.497    13.4487   3.555702     1.2260     1.2694     0.0040  0.0905058     17.334    29.5387     1.9007     1.8841 0.0000e+00
       1864     17.519    13.4502   3.556558     1.2246     1.2682     0.0038  0.0904591     17.355    29.5455     1.8992     1.8835 0.0000e+00
       1865     17.541    13.4518   3.557456     1.2232     1.2670     0.0038  0.0904166     17.377    29.5525     1.8978     1.8829 0.0000e+00
       1866     17.563    13.4536   3.558400     1.2219     1.2658     0.0038  0.0903779     17.399    29.5598     1.8967     1.8823 0.0000e+00
       1867     17.585    13.4557   3.559393     1.2205     1.2647     0.0038  0.0903428     17.421    29.5673     1.8952     1.8819 0.0000e+00
       1868     17.607    13.4579   3.560433     1.2192     1.2636     0.0038  0.0903110     17.443    29.5752     1.8940     1.8815 0.0000e+00
       1869     17.629    13.4604   3.561515     1.2179     1.2625     0.0040  0.0902824     17.464    29.5832     1.8928     1.8810 0.0000e+00
       1870     17.651    13.4630   3.562630     1.2166     1.2614     0.0038  0.0902567     17.486    29.5915     1.8916     1.8806 0.0000e+00
       1871     17.672    13.4657   3.563774     1.2153     1.2604     0.0038  0.0902337     17.507    29.5999     1.8903     1.8804 0.0000e+00
       1872     17.694    13.4685   3.564945     1.2141     1.2594     0.0038  0.0902133     17.529    29.6085     1.8894     1.8801 0.0000e+00
       1873     17.716    13.4714   3.566140     1.2128     1.2584     0.0040  0.0901954     17.551    29.6173     1.8881     1.8799 0.0000e+00
       1874     17.738    13.4744   3.567362     1.2116     1.2574     0.0040  0.0901798     17.572    29.6262     1.8871     1.8796 0.0000e+00
       1875     17.759    13.4775   3.568613     1.2104     1.2564     0.0038  0.0901664     17.593    29.6354     1.8860     1.8793 0.0000e+00
       1876     17.781    13.4807   3.569892     1.2093     1.2555     0.0038  0.0901551     17.615    29.6447     1.8853     1.8793 0.0000e+00
       1877     17.803    13.4839   3.571195     1.2081     1.2546     0.0040  0.0901459     17.637    29.6542     1.8842     1.8792 0.0000e+00
       1878     17.825    13.4871   3.572518     1.2070     1.2537     0.0038  0.0901386     17.659    29.6639     1.8834     1.8791 0.0000e+00
       1879     17.846    13.4904   3.573860     1.2058     1.2528     0.0038  0.0901333     17.679    29.6737     1.8823     1.8789 0.0000e+00
       1880     17.868    13.4937   3.575217     1.2047     1.2519     0.0040  0.0901298     17.701    29.6836     1.8815     1.8787 0.0000e+00
       1881     17.890    13.4971   3.576590     1.2036     1.2511     0.0040  0.0901282     17.723    29.6936     1.8806     1.8788 0.0000e+00
       1882     17.912    13.5006   3.577980     1.2026     1.2503     0.0040  0.0901285     17.745    29.7037     1.8800     1.8788 0.0000e+00
       1883     17.934    13.5042   3.579392     1.2015     1.2495     0.0040  0.0901306     17.767    29.7139     1.8791     1.8788 0.0000e+00
       1884     17.956    13.5082   3.580834     1.2005     1.2487     0.0040  0.0901346     17.788    29.7241     1.8785     1.8787 0.0000e+00
       1885     17.978    13.5125   3.582314     1.1995     1.2480     0.0040  0.0901404     17.810    29.7344     1.8778     1.8789 0.0000e+00
       1886     18.000    13.5172   3.583838     1.1984     1.2472     0.0038  0.0901474     17.832    29.7447     1.8769     1.8788 0.0000e+00
       1887     18.021    13.5225   3.585415     1.1974     1.2465     0.0040  0.0901538     17.853    29.7551     1.8762     1.8789 0.0000e+00
       1888     18.043    13.5283   3.587051     1.1965     1.2458     0.0040  0.0901588     17.875    29.7657     1.8757     1.8789 0.0000e+00
