code/data/2021/ctd_data_day2/station7_ctm.cnv
* Sea-Bird SBE 9 Data File:
* FileName = C:\Users\CTD-User\Desktop\MAR440\day2\station7.hex
* Software Version Seasave V 7.26.2.13
* Temperature SN = 6313
* Conductivity SN = 4758
* Number of Bytes Per Scan = 37
* Number of Voltage Words = 4
* Number of Scans Averaged by the Deck Unit = 1
* NMEA Latitude = 58 19.09 N
* NMEA Longitude = 011 47.38 E
* NMEA UTC (Time) = Sep 22 2021 11:12:47
* NMEA baud rate = 4800
** Ship: Skagerrak
** Station: station7
** Operator: group1
# nquan = 9
# nvalues = 2736                        
# units = specified
# name 0 = scan: Scan Count
# name 1 = prDM: Pressure, Digiquartz [db]
# name 2 = t090C: Temperature [ITS-90, deg C]
# name 3 = c0S/m: Conductivity [S/m]
# name 4 = sbeox0V: Oxygen raw, SBE 43 [V]
# name 5 = sbeox1V: Oxygen raw, SBE 43, 2 [V]
# name 6 = flECO-AFL: Fluorescence, WET Labs ECO-AFL/FL [mg/m^3]
# name 7 = upoly0: Upoly 0, Turbidity
# name 8 = flag:  0.000e+00
# span 0 =          1,       2736       
# span 1 =      0.724,     30.415       
# span 2 =     7.3528,    16.1037       
# span 3 =   2.942330,   3.795563       
# span 4 =     0.5809,     2.8364       
# span 5 =     0.6579,     2.7741       
# span 6 =     0.0035,     0.0123       
# span 7 =  0.0859548,  0.1675177       
# span 8 = 0.0000e+00, 0.0000e+00       
# interval = seconds: 0.0416667
# start_time = Sep 22 2021 11:12:47 [NMEA time, header]
# bad_flag = -9.990e-29
*END*
[from data line 2401]
       2402     29.303     8.1624   3.349356     0.8289     0.8618     0.0110  0.0879084 0.0000e+00
       2403     29.303     8.1559   3.348717     0.8289     0.8594     0.0110  0.0874200 0.0000e+00
       2404     29.311     8.1528   3.348489     0.8252     0.8569     0.0110  0.0874200 0.0000e+00
       2405     29.360     8.1598   3.348971     0.8228     0.8557     0.0110  0.0874200 0.0000e+00
       2406     29.303     8.1847   3.350363     0.8203     0.8545     0.0110  0.0874200 0.0000e+00
       2407     29.426     8.2010   3.351846     0.8179     0.8508     0.0110  0.0874200 0.0000e+00
       2408     29.360     8.2102   3.352444     0.8179     0.8484     0.0110  0.0874200 0.0000e+00
       2409     29.360     8.2245   3.352227     0.8142     0.8472     0.0110  0.0874200 0.0000e+00
       2410     29.360     8.2373   3.352310     0.8130     0.8460     0.0110  0.0879084 0.0000e+00
       2411     29.426     8.2346   3.352254     0.8105     0.8447     0.0110  0.0874200 0.0000e+00
       2412     29.360     8.2024   3.351138     0.8093     0.8423     0.0110  0.0874200 0.0000e+00
       2413     29.426     8.1627   3.348989     0.8081     0.8399     0.0110  0.0879084 0.0000e+00
       2414     29.360     8.1294   3.346991     0.8057     0.8374     0.0110  0.0874200 0.0000e+00
       2415     29.426     8.1139   3.345511     0.8032     0.8362     0.0110  0.0879084 0.0000e+00
       2416     29.435     8.1049   3.344849     0.8020     0.8350     0.0110  0.0879084 0.0000e+00
       2417     29.426     8.1115   3.345019     0.8008     0.8325     0.0110  0.0874200 0.0000e+00
       2418     29.426     8.1281   3.345730     0.7983     0.8313     0.0110  0.0874200 0.0000e+00
       2419     29.426     8.1510   3.346851     0.7959     0.8289     0.0110  0.0874200 0.0000e+00
       2420     29.426     8.1735   3.348017     0.7934     0.8276     0.0110  0.0879084 0.0000e+00
       2421     29.484     8.1994   3.348714     0.7934     0.8264     0.0110  0.0879084 0.0000e+00
       2422     29.426     8.2028   3.349750     0.7934     0.8252     0.0099  0.0879084 0.0000e+00
       2423     29.426     8.2266   3.351336     0.7898     0.8228     0.0095  0.0879084 0.0000e+00
       2424     29.484     8.2483   3.352578     0.7886     0.8215     0.0095  0.0879084 0.0000e+00
       2425     29.484     8.2268   3.351754     0.7849     0.8203     0.0095  0.0879084 0.0000e+00
       2426     29.426     8.1718   3.349450     0.7837     0.8179     0.0095  0.0879084 0.0000e+00
       2427     29.484     8.1383   3.347483     0.7837     0.8166     0.0095  0.0879084 0.0000e+00
       2428     29.434     8.1269   3.346472     0.7837     0.8154     0.0095  0.0879084 0.0000e+00
       2429     29.484     8.1215   3.345871     0.7800     0.8130     0.0095  0.0879084 0.0000e+00
       2430     29.484     8.1146   3.345253     0.7776     0.8118     0.0095  0.0879084 0.0000e+00
       2431     29.484     8.0951   3.344518     0.7763     0.8093     0.0095  0.0879084 0.0000e+00
       2432     29.484     8.0764   3.343527     0.7763     0.8093     0.0095  0.0879084 0.0000e+00
       2433     29.550     8.0719   3.342768     0.7739     0.8069     0.0095  0.0883968 0.0000e+00
       2434     29.484     8.0712   3.342525     0.7715     0.8057     0.0095  0.0879084 0.0000e+00
       2435     29.550     8.0634   3.341621     0.7690     0.8044     0.0095  0.0879084 0.0000e+00
       2436     29.484     8.0556   3.340259     0.7690     0.8032     0.0095  0.0879084 0.0000e+00
       2437     29.550     8.0392   3.338952     0.7690     0.8008     0.0095  0.0879084 0.0000e+00
       2438     29.484     8.0246   3.338044     0.7654     0.7996     0.0095  0.0879084 0.0000e+00
       2439     29.608     8.0118   3.337173     0.7629     0.7983     0.0095  0.0879084 0.0000e+00
       2440     29.492     8.0000   3.336653     0.7617     0.7971     0.0095  0.0879084 0.0000e+00
       2441     29.550     7.9961   3.336324     0.7617     0.7959     0.0095  0.0879084 0.0000e+00
       2442     29.550     7.9952   3.336145     0.7605     0.7959     0.0095  0.0879084 0.0000e+00
       2443     29.550     7.9940   3.336074     0.7580     0.7934     0.0095  0.0879084 0.0000e+00
       2444     29.550     7.9927   3.335620     0.7556     0.7922     0.0095  0.0883968 0.0000e+00
       2445     29.608     7.9860   3.334823     0.7544     0.7910     0.0095  0.0879084 0.0000e+00
       2446     29.550     7.9773   3.333873     0.7544     0.7898     0.0095  0.0879084 0.0000e+00
       2447     29.608     7.9715   3.333155     0.7544     0.7898     0.0093  0.0879084 0.0000e+00
       2448     29.608     7.9698   3.332532     0.7507     0.7886     0.0092  0.0879084 0.0000e+00
       2449     29.608     7.9695   3.332163     0.7483     0.7873     0.0092  0.0874200 0.0000e+00
       2450     29.608     7.9680   3.332171     0.7483     0.7861     0.0090  0.0874200 0.0000e+00
       2451     29.616     7.9630   3.332101     0.7495     0.7861     0.0092  0.0879084 0.0000e+00
       2452     29.608     7.9579   3.331708     0.7458     0.7837     0.0092  0.0874200 0.0000e+00
       2453     29.608     7.9500   3.331055     0.7434     0.7837     0.0092  0.0879084 0.0000e+00
       2454     29.674     7.9398   3.330245     0.7422     0.7812     0.0092  0.0879084 0.0000e+00
       2455     29.608     7.9319   3.329528     0.7409     0.7812     0.0092  0.0874200 0.0000e+00
       2456     29.674     7.9278   3.329052     0.7409     0.7800     0.0092  0.0874200 0.0000e+00
       2457     29.674     7.9244   3.328658     0.7397     0.7788     0.0092  0.0874200 0.0000e+00
       2458     29.674     7.9201   3.328378     0.7373     0.7776     0.0092  0.0874200 0.0000e+00
       2459     29.608     7.9183   3.328146     0.7360     0.7776     0.0092  0.0874200 0.0000e+00
       2460     29.731     7.9178   3.327774     0.7348     0.7763     0.0092  0.0879084 0.0000e+00
       2461     29.674     7.9133   3.327336     0.7348     0.7751     0.0092  0.0874200 0.0000e+00
       2462     29.731     7.9042   3.326823     0.7312     0.7739     0.0092  0.0874200 0.0000e+00
       2463     29.616     7.8933   3.325944     0.7299     0.7727     0.0092  0.0874200 0.0000e+00
       2464     29.731     7.8810   3.325137     0.7299     0.7727     0.0092  0.0874200 0.0000e+00
       2465     29.731     7.8726   3.324354     0.7299     0.7727     0.0092  0.0874200 0.0000e+00
       2466     29.731     7.8629   3.323706     0.7299     0.7702     0.0092  0.0879084 0.0000e+00
       2467     29.674     7.8550   3.322822     0.7263     0.7702     0.0092  0.0874200 0.0000e+00
       2468     29.731     7.8514   3.322139     0.7238     0.7702     0.0092  0.0874200 0.0000e+00
       2469     29.731     7.8474   3.321806     0.7226     0.7702     0.0092  0.0879084 0.0000e+00
       2470     29.789     7.8413   3.321303     0.7238     0.7702     0.0092  0.0874200 0.0000e+00
       2471     29.731     7.8351   3.320864     0.7226     0.7702     0.0092  0.0874200 0.0000e+00
       2472     29.731     7.8280   3.320363     0.7202     0.7702     0.0092  0.0874200 0.0000e+00
       2473     29.789     7.8226   3.319696     0.7177     0.7690     0.0086  0.0874200 0.0000e+00
       2474     29.740     7.8146   3.319146     0.7165     0.7690     0.0086  0.0874200 0.0000e+00
       2475     29.789     7.8070   3.318567     0.7177     0.7690     0.0084  0.0874200 0.0000e+00
       2476     29.789     7.7966   3.318009     0.7165     0.7690     0.0086  0.0874200 0.0000e+00
       2477     29.789     7.7857   3.317223     0.7141     0.7702     0.0086  0.0874200 0.0000e+00
       2478     29.789     7.7776   3.316389     0.7128     0.7702     0.0086  0.0874200 0.0000e+00
       2479     29.789     7.7701   3.315581     0.7128     0.7702     0.0086  0.0874200 0.0000e+00
       2480     29.789     7.7625   3.314941     0.7128     0.7702     0.0086  0.0874200 0.0000e+00
       2481     29.855     7.7561   3.314396     0.7104     0.7702     0.0086  0.0874200 0.0000e+00
       2482     29.789     7.7472   3.313669     0.7104     0.7702     0.0086  0.0874200 0.0000e+00
       2483     29.789     7.7394   3.313022     0.7080     0.7715     0.0086  0.0874200 0.0000e+00
       2484     29.855     7.7283   3.312339     0.7080     0.7727     0.0086  0.0874200 0.0000e+00
       2485     29.863     7.7175   3.311311     0.7080     0.7727     0.0086  0.0874200 0.0000e+00
       2486     29.855     7.7065   3.310507     0.7055     0.7727     0.0086  0.0874200 0.0000e+00
       2487     29.855     7.6919   3.309782     0.7055     0.7727     0.0086  0.0874200 0.0000e+00
       2488     29.855     7.6918   3.309198     0.7019     0.7739     0.0086  0.0874200 0.0000e+00
       2489     29.855     7.6890   3.308586     0.7031     0.7739     0.0086  0.0874200 0.0000e+00
       2490     29.855     7.6779   3.307707     0.7019     0.7739     0.0086  0.0874200 0.0000e+00
       2491     29.913     7.6653   3.306667     0.7006     0.7739     0.0086  0.0874200 0.0000e+00
       2492     29.855     7.6461   3.305678     0.7006     0.7739     0.0086  0.0874200 0.0000e+00
       2493     29.913     7.6360   3.304780     0.6982     0.7763     0.0086  0.0874200 0.0000e+00
       2494     29.913     7.6275   3.303889     0.6994     0.7751     0.0086  0.0874200 0.0000e+00
       2495     29.913     7.6181   3.303224     0.6982     0.7751     0.0086  0.0874200 0.0000e+00
       2496     29.921     7.6165   3.302576     0.6957     0.7739     0.0086  0.0874200 0.0000e+00
       2497     29.913     7.6094   3.302075     0.6957     0.7751     0.0086  0.0874200 0.0000e+00
       2498     29.913     7.5976   3.301170     0.6945     0.7739     0.0086  0.0874200 0.0000e+00
       2499     29.979     7.5890   3.300313     0.6957     0.7739     0.0086  0.0874200 0.0000e+00
       2500     29.913     7.5867   3.299905     0.6933     0.7739     0.0086  0.0874200 0.0000e+00
       2501     29.979     7.5857   3.299587     0.6921     0.7739     0.0086  0.0879084 0.0000e+00
       2502     29.913     7.5833   3.299103     0.6909     0.7739     0.0086  0.0879084 0.0000e+00
       2503     29.979     7.5794   3.298539     0.6909     0.7739     0.0086  0.0874200 0.0000e+00
       2504     29.979     7.5691   3.298129     0.6921     0.7727     0.0086  0.0874200 0.0000e+00
       2505     29.979     7.5614   3.297533     0.6909     0.7727     0.0086  0.0874200 0.0000e+00
       2506     29.987     7.5536   3.297081     0.6884     0.7727     0.0086  0.0879084 0.0000e+00
       2507     29.979     7.5488   3.296651     0.6872     0.7727     0.0086  0.0874200 0.0000e+00
       2508     30.036     7.5411   3.296303     0.6872     0.7702     0.0086  0.0874200 0.0000e+00
       2509     29.979     7.5350   3.295809     0.6884     0.7702     0.0086  0.0874200 0.0000e+00
       2510     30.036     7.5318   3.295340     0.6860     0.7702     0.0086  0.0879084 0.0000e+00
       2511     29.979     7.5292   3.295142     0.6848     0.7702     0.0086  0.0874200 0.0000e+00
       2512     30.036     7.5252   3.294818     0.6835     0.7690     0.0086  0.0879084 0.0000e+00
       2513     30.036     7.5208   3.294601     0.6860     0.7690     0.0086  0.0874200 0.0000e+00
       2514     30.036     7.5184   3.294347     0.6860     0.7678     0.0086  0.0874200 0.0000e+00
       2515     30.036     7.5162   3.294138     0.6823     0.7666     0.0086  0.0874200 0.0000e+00
       2516     30.036     7.5113   3.294040     0.6811     0.7666     0.0086  0.0879084 0.0000e+00
       2517     30.102     7.5079   3.293885     0.6799     0.7654     0.0086  0.0874200 0.0000e+00
       2518     30.036     7.5063   3.293828     0.6811     0.7666     0.0086  0.0874200 0.0000e+00
       2519     30.102     7.5038   3.293641     0.6811     0.7641     0.0086  0.0874200 0.0000e+00
       2520     30.036     7.5024   3.293527     0.6811     0.7641     0.0086  0.0874200 0.0000e+00
       2521     30.102     7.5004   3.293278     0.6786     0.7629     0.0086  0.0879084 0.0000e+00
       2522     30.102     7.4972   3.293191     0.6774     0.7617     0.0086  0.0874200 0.0000e+00
       2523     30.102     7.4962   3.293228     0.6786     0.7617     0.0086  0.0874200 0.0000e+00
       2524     30.102     7.4951   3.293131     0.6774     0.7605     0.0088  0.0874200 0.0000e+00
       2525     30.102     7.4935   3.293033     0.6762     0.7593     0.0092  0.0874200 0.0000e+00
       2526     30.160     7.4935   3.292998     0.6762     0.7593     0.0090  0.0874200 0.0000e+00
       2527     30.102     7.4930   3.292989     0.6762     0.7580     0.0092  0.0879084 0.0000e+00
       2528     30.102     7.4937   3.293163     0.6762     0.7568     0.0092  0.0874200 0.0000e+00
       2529     30.102     7.4919   3.293017     0.6738     0.7568     0.0092  0.0879084 0.0000e+00
       2530     30.102     7.4883   3.292727     0.6725     0.7568     0.0092  0.0874200 0.0000e+00
       2531     30.160     7.4856   3.292548     0.6725     0.7544     0.0092  0.0874200 0.0000e+00
       2532     30.102     7.4833   3.292480     0.6725     0.7544     0.0092  0.0879084 0.0000e+00
       2533     30.160     7.4810   3.292263     0.6738     0.7531     0.0092  0.0874200 0.0000e+00
       2534     30.160     7.4790   3.292133     0.6725     0.7531     0.0092  0.0874200 0.0000e+00
       2535     30.160     7.4778   3.292212     0.6713     0.7507     0.0090  0.0874200 0.0000e+00
       2536     30.160     7.4772   3.292173     0.6713     0.7507     0.0090  0.0874200 0.0000e+00
       2537     30.102     7.4765   3.292133     0.6713     0.7507     0.0092  0.0879084 0.0000e+00
       2538     30.226     7.4755   3.292018     0.6701     0.7495     0.0090  0.0874200 0.0000e+00
       2539     30.160     7.4743   3.291883     0.6689     0.7495     0.0092  0.0874200 0.0000e+00
       2540     30.036     7.4720   3.291923     0.6677     0.7483     0.0092  0.0879084 0.0000e+00
       2541     30.218     7.4692   3.291766     0.6677     0.7470     0.0092  0.0879084 0.0000e+00
       2542     30.218     7.4673   3.291485     0.6689     0.7470     0.0092  0.0879084 0.0000e+00
       2543     30.102     7.4660   3.291396     0.6689     0.7470     0.0092  0.0874200 0.0000e+00
       2544     30.218     7.4636   3.291223     0.6677     0.7446     0.0090  0.0874200 0.0000e+00
       2545     30.160     7.4610   3.291054     0.6664     0.7446     0.0092  0.0874200 0.0000e+00
       2546     30.160     7.4609   3.291009     0.6664     0.7434     0.0092  0.0879084 0.0000e+00
       2547     30.160     7.4607   3.291091     0.6677     0.7434     0.0090  0.0874200 0.0000e+00
       2548     30.226     7.4588   3.290850     0.6664     0.7422     0.0090  0.0874200 0.0000e+00
       2549     30.160     7.4571   3.290735     0.6664     0.7422     0.0090  0.0874200 0.0000e+00
       2550     30.218     7.4558   3.290737     0.6640     0.7409     0.0090  0.0874200 0.0000e+00
       2551     30.160     7.4533   3.290545     0.6640     0.7397     0.0092  0.0874200 0.0000e+00
       2552     30.218     7.4513   3.290308     0.6652     0.7397     0.0090  0.0874200 0.0000e+00
       2553     30.218     7.4485   3.290292     0.6640     0.7397     0.0090  0.0874200 0.0000e+00
       2554     30.160     7.4458   3.290168     0.6628     0.7385     0.0090  0.0874200 0.0000e+00
       2555     30.218     7.4440   3.289869     0.6615     0.7385     0.0092  0.0874200 0.0000e+00
       2556     30.218     7.4422   3.289788     0.6628     0.7373     0.0090  0.0874200 0.0000e+00
       2557     30.160     7.4389   3.289873     0.6640     0.7373     0.0092  0.0874200 0.0000e+00
       2558     30.226     7.4362   3.289467     0.6615     0.7360     0.0090  0.0874200 0.0000e+00
       2559     30.160     7.4366   3.289421     0.6615     0.7348     0.0092  0.0874200 0.0000e+00
       2560     30.284     7.4362   3.289362     0.6591     0.7348     0.0092  0.0874200 0.0000e+00
