code/data/2021/ctd_data_day2/station10_ctm_fil_le.cnv
* Sea-Bird SBE 9 Data File:
* FileName = C:\Users\CTD-User\Desktop\MAR440\day2\station10.hex
* Software Version Seasave V 7.26.2.13
* Temperature SN = 6313
* Conductivity SN = 4758
* Number of Bytes Per Scan = 37
* Number of Voltage Words = 4
* Number of Scans Averaged by the Deck Unit = 1
* NMEA Latitude = 58 20.25 N
* NMEA Longitude = 011 53.24 E
* NMEA UTC (Time) = Sep 22 2021 12:19:36
* NMEA baud rate = 4800
** Ship: Skagerrak
** Station: station10
** Operator: group2green
# nquan = 9
# nvalues = 2945                        
# units = specified
# name 0 = scan: Scan Count
# name 1 = prDM: Pressure, Digiquartz [db]
# name 2 = t090C: Temperature [ITS-90, deg C]
# name 3 = c0S/m: Conductivity [S/m]
# name 4 = sbeox0V: Oxygen raw, SBE 43 [V]
# name 5 = sbeox1V: Oxygen raw, SBE 43, 2 [V]
# name 6 = flECO-AFL: Fluorescence, WET Labs ECO-AFL/FL [mg/m^3]
# name 7 = upoly0: Upoly 0, Turbidity
# name 8 = flag:  0.000e+00
# span 0 =          1,       2945       
# span 1 =      1.437,     39.632       
# span 2 =     7.9679,    15.8524       
# span 3 =   2.829968,   3.458167       
# span 4 =     0.4799,     2.9159       
# span 5 =     0.5511,     2.8625       
# span 6 =     0.0033,     0.0148       
# span 7 =  0.0884141,  0.2199261       
# span 8 = 0.0000e+00, 0.0000e+00       
# interval = seconds: 0.0416667
# start_time = Sep 22 2021 12:19:36 [NMEA time, header]
# bad_flag = -9.990e-29
*END*
[from data line 961]
        962      1.439    14.7735   2.849734     2.8412     2.8181     0.0053  0.2041553 -9.990e-29
        963      1.439    14.7745   2.850064     2.8419     2.8184     0.0053  0.2042325 -9.990e-29
        964      1.440    14.7752   2.850312     2.8427     2.8188     0.0053  0.2043069 -9.990e-29
        965      1.440    14.7755   2.850476     2.8435     2.8191     0.0053  0.2043790 -9.990e-29
        966      1.440    14.7754   2.850556     2.8442     2.8195     0.0053  0.2044494 -9.990e-29
        967      1.441    14.7749   2.850547     2.8450     2.8198     0.0053  0.2045184 -9.990e-29
        968      1.441    14.7739   2.850441     2.8457     2.8202     0.0053  0.2045866 -9.990e-29
        969      1.442    14.7725   2.850236     2.8465     2.8206     0.0053  0.2046545 -9.990e-29
        970      1.442    14.7708   2.849937     2.8472     2.8210     0.0053  0.2047225 -9.990e-29
        971      1.442    14.7687   2.849556     2.8480     2.8214     0.0053  0.2047911 -9.990e-29
        972      1.442    14.7664   2.849100     2.8487     2.8218     0.0053  0.2048608 -9.990e-29
        973      1.442    14.7637   2.848575     2.8495     2.8222     0.0053  0.2049320 -9.990e-29
        974      1.442    14.7608   2.847982     2.8503     2.8226     0.0053  0.2050053 -9.990e-29
        975      1.442    14.7577   2.847330     2.8510     2.8231     0.0053  0.2050811 -9.990e-29
        976      1.442    14.7543   2.846628     2.8518     2.8235     0.0053  0.2051601 -9.990e-29
        977      1.442    14.7509   2.845890     2.8526     2.8240     0.0053  0.2052427 -9.990e-29
        978      1.442    14.7473   2.845128     2.8533     2.8244     0.0053  0.2053295 -9.990e-29
        979      1.442    14.7438   2.844352     2.8541     2.8249     0.0053  0.2054212 -9.990e-29
        980      1.442    14.7403   2.843573     2.8549     2.8254     0.0053  0.2055183 -9.990e-29
        981      1.442    14.7370   2.842812     2.8556     2.8259     0.0053  0.2056216 -9.990e-29
        982      1.441    14.7340   2.842089     2.8564     2.8263     0.0053  0.2057317 -9.990e-29
        983      1.441    14.7312   2.841418     2.8572     2.8268     0.0053  0.2058494 -9.990e-29
        984      1.441    14.7286   2.840803     2.8580     2.8273     0.0055  0.2059722 -9.990e-29
        985      1.441    14.7263   2.840235     2.8588     2.8278     0.0055  0.2060906 -9.990e-29
        986      1.440    14.7240   2.839703     2.8595     2.8283     0.0057  0.2061955 -9.990e-29
        987      1.440    14.7218   2.839196     2.8603     2.8288     0.0057  0.2062839 -9.990e-29
        988      1.440    14.7197   2.838709     2.8610     2.8293     0.0057  0.2063567 -9.990e-29
        989      1.441    14.7176   2.838239     2.8618     2.8298     0.0057  0.2064142 -9.990e-29
        990      1.441    14.7157   2.837788     2.8625     2.8303     0.0057  0.2064570 -9.990e-29
        991      1.442    14.7138   2.837355     2.8633     2.8307     0.0057  0.2064852 -9.990e-29
        992      1.443    14.7121   2.836939     2.8640     2.8312     0.0057  0.2064991 -9.990e-29
        993      1.443    14.7104   2.836541     2.8647     2.8316     0.0057  0.2064988 -9.990e-29
        994      1.444    14.7088   2.836160     2.8654     2.8321     0.0057  0.2064843 -9.990e-29
        995      1.446    14.7072   2.835794     2.8661     2.8325     0.0057  0.2064554 -9.990e-29
        996      1.447    14.7058   2.835443     2.8668     2.8329     0.0057  0.2064120 -9.990e-29
        997      1.448    14.7044   2.835111     2.8674     2.8333     0.0057  0.2063538 -9.990e-29
        998      1.449    14.7032   2.834799     2.8681     2.8337     0.0057  0.2062804 -9.990e-29
        999      1.451    14.7021   2.834511     2.8687     2.8341     0.0057  0.2061912 -9.990e-29
       1000      1.452    14.7011   2.834248     2.8693     2.8344     0.0057  0.2060856 -9.990e-29
       1001      1.454    14.7002   2.834006     2.8699     2.8348     0.0057  0.2059630 -9.990e-29
       1002      1.456    14.6994   2.833784     2.8705     2.8351     0.0057  0.2058224 -9.990e-29
       1003      1.457    14.6986   2.833577     2.8711     2.8354     0.0057  0.2056629 -9.990e-29
       1004      1.458    14.6979   2.833385     2.8717     2.8357     0.0057  0.2054833 -9.990e-29
       1005      1.459    14.6972   2.833204     2.8722     2.8360     0.0055  0.2052825 -9.990e-29
       1006      1.460    14.6966   2.833036     2.8727     2.8363     0.0057  0.2050589 -9.990e-29
       1007      1.461    14.6961   2.832881     2.8732     2.8366     0.0057  0.2048112 -9.990e-29
       1008      1.462    14.6956   2.832737     2.8737     2.8368     0.0057  0.2045374 -9.990e-29
       1009      1.463    14.6951   2.832600     2.8742     2.8371     0.0055  0.2042392 -9.990e-29
       1010      1.463    14.6945   2.832463     2.8746     2.8373     0.0055  0.2039315 -9.990e-29
       1011      1.464    14.6940   2.832322     2.8751     2.8375     0.0053  0.2036392 -9.990e-29
       1012      1.465    14.6934   2.832176     2.8755     2.8377     0.0053  0.2033774 -9.990e-29
       1013      1.465    14.6927   2.832025     2.8760     2.8379     0.0053  0.2031467 -9.990e-29
       1014      1.465    14.6920   2.831868     2.8764     2.8381     0.0053  0.2029439 -9.990e-29
       1015      1.466    14.6913   2.831706     2.8768     2.8383     0.0053  0.2027667 -9.990e-29
       1016      1.466    14.6905   2.831538     2.8772     2.8384     0.0053  0.2026138 -9.990e-29
       1017      1.466    14.6897   2.831366     2.8775     2.8386     0.0053  0.2024843 -9.990e-29
       1018      1.467    14.6889   2.831195     2.8779     2.8388     0.0053  0.2023772 -9.990e-29
       1019      1.467    14.6882   2.831027     2.8783     2.8390     0.0053  0.2022917 -9.990e-29
       1020      1.467    14.6875   2.830864     2.8786     2.8392     0.0053  0.2022273 -9.990e-29
       1021      1.467    14.6869   2.830707     2.8790     2.8393     0.0053  0.2021835 -9.990e-29
       1022      1.467    14.6863   2.830556     2.8794     2.8395     0.0053  0.2021600 -9.990e-29
       1023      1.467    14.6858   2.830412     2.8797     2.8397     0.0053  0.2021567 -9.990e-29
       1024      1.467    14.6854   2.830280     2.8800     2.8399     0.0053  0.2021735 -9.990e-29
       1025      1.467    14.6851   2.830165     2.8804     2.8401     0.0053  0.2022105 -9.990e-29
       1026      1.467    14.6849   2.830073     2.8807     2.8403     0.0053  0.2022681 -9.990e-29
       1027      1.467    14.6849   2.830008     2.8810     2.8406     0.0053  0.2023465 -9.990e-29
       1028      1.468    14.6850   2.829972     2.8814     2.8408     0.0053  0.2024464 -9.990e-29
       1029      1.468    14.6852   2.829968     2.8817     2.8410     0.0053  0.2025684 -9.990e-29
       1030      1.468    14.6856   2.829996     2.8820     2.8412     0.0053  0.2027135 -9.990e-29
       1031      1.469    14.6861   2.830054     2.8823     2.8415     0.0053  0.2028825 -9.990e-29
       1032      1.469    14.6867   2.830138     2.8827     2.8417     0.0053  0.2030767 -9.990e-29
       1033      1.470    14.6874   2.830246     2.8830     2.8420     0.0053  0.2032974 -9.990e-29
       1034      1.471    14.6881   2.830374     2.8833     2.8422     0.0053  0.2035461 -9.990e-29
       1035      1.472    14.6888   2.830514     2.8836     2.8425     0.0053  0.2038179 -9.990e-29
       1036      1.472    14.6895   2.830656     2.8840     2.8427     0.0055  0.2040959 -9.990e-29
       1037      1.473    14.6902   2.830796     2.8843     2.8430     0.0055  0.2043633 -9.990e-29
       1038      1.474    14.6908   2.830932     2.8846     2.8433     0.0055  0.2046144 -9.990e-29
       1039      1.476    14.6914   2.831062     2.8849     2.8436     0.0055  0.2048508 -9.990e-29
       1040      1.477    14.6919   2.831183     2.8853     2.8439     0.0055  0.2050752 -9.990e-29
       1041      1.478    14.6923   2.831294     2.8856     2.8441     0.0055  0.2052891 -9.990e-29
       1042      1.479    14.6927   2.831395     2.8859     2.8444     0.0055  0.2054939 -9.990e-29
       1043      1.480    14.6930   2.831487     2.8863     2.8447     0.0055  0.2056911 -9.990e-29
       1044      1.482    14.6933   2.831571     2.8866     2.8450     0.0055  0.2058820 -9.990e-29
       1045      1.484    14.6935   2.831644     2.8869     2.8453     0.0055  0.2060680 -9.990e-29
       1046      1.485    14.6937   2.831703     2.8873     2.8456     0.0055  0.2062504 -9.990e-29
       1047      1.487    14.6937   2.831749     2.8876     2.8460     0.0055  0.2064304 -9.990e-29
       1048      1.489    14.6938   2.831781     2.8880     2.8463     0.0055  0.2066093 -9.990e-29
       1049      1.491    14.6938   2.831804     2.8883     2.8466     0.0055  0.2067884 -9.990e-29
       1050      1.494    14.6938   2.831823     2.8886     2.8469     0.0055  0.2069688 -9.990e-29
       1051      1.496    14.6939   2.831844     2.8890     2.8472     0.0055  0.2071519 -9.990e-29
       1052      1.498    14.6940   2.831870     2.8893     2.8474     0.0055  0.2073389 -9.990e-29
       1053      1.500    14.6942   2.831904     2.8897     2.8477     0.0055  0.2075310 -9.990e-29
       1054      1.502    14.6944   2.831947     2.8900     2.8480     0.0055  0.2077298 -9.990e-29
       1055      1.505    14.6946   2.831994     2.8904     2.8483     0.0055  0.2079365 -9.990e-29
       1056      1.507    14.6948   2.832042     2.8908     2.8486     0.0055  0.2081525 -9.990e-29
       1057      1.509    14.6949   2.832084     2.8912     2.8489     0.0055  0.2083794 -9.990e-29
       1058      1.511    14.6948   2.832107     2.8916     2.8492     0.0055  0.2086188 -9.990e-29
       1059      1.514    14.6946   2.832104     2.8920     2.8495     0.0055  0.2088722 -9.990e-29
       1060      1.516    14.6942   2.832069     2.8924     2.8498     0.0055  0.2091399 -9.990e-29
       1061      1.519    14.6937   2.832003     2.8928     2.8501     0.0055  0.2094134 -9.990e-29
       1062      1.521    14.6931   2.831912     2.8932     2.8504     0.0055  0.2096768 -9.990e-29
       1063      1.524    14.6925   2.831804     2.8936     2.8507     0.0055  0.2099201 -9.990e-29
       1064      1.528    14.6919   2.831691     2.8940     2.8510     0.0055  0.2101424 -9.990e-29
       1065      1.531    14.6915   2.831589     2.8944     2.8513     0.0055  0.2103452 -9.990e-29
       1066      1.535    14.6912   2.831509     2.8948     2.8516     0.0055  0.2105291 -9.990e-29
       1067      1.539    14.6911   2.831460     2.8952     2.8519     0.0055  0.2106946 -9.990e-29
       1068      1.544    14.6912   2.831445     2.8956     2.8522     0.0055  0.2108427 -9.990e-29
       1069      1.548    14.6914   2.831466     2.8960     2.8525     0.0055  0.2109737 -9.990e-29
       1070      1.554    14.6918   2.831524     2.8964     2.8528     0.0055  0.2110877 -9.990e-29
       1071      1.559    14.6924   2.831619     2.8968     2.8531     0.0055  0.2111854 -9.990e-29
       1072      1.565    14.6932   2.831749     2.8972     2.8534     0.0055  0.2112674 -9.990e-29
       1073      1.571    14.6941   2.831915     2.8976     2.8536     0.0055  0.2113345 -9.990e-29
       1074      1.577    14.6952   2.832117     2.8980     2.8539     0.0055  0.2113878 -9.990e-29
       1075      1.585    14.6966   2.832359     2.8984     2.8542     0.0055  0.2114295 -9.990e-29
       1076      1.592    14.6981   2.832643     2.8988     2.8545     0.0055  0.2114599 -9.990e-29
       1077      1.601    14.6999   2.832972     2.8991     2.8547     0.0055  0.2114774 -9.990e-29
       1078      1.609    14.7019   2.833348     2.8995     2.8550     0.0055  0.2114822 -9.990e-29
       1079      1.618    14.7041   2.833774     2.8998     2.8553     0.0055  0.2114752 -9.990e-29
       1080      1.627    14.7065   2.834247     2.9002     2.8555     0.0055  0.2114563 -9.990e-29
       1081      1.637    14.7091   2.834763     2.9006     2.8558     0.0055  0.2114253 -9.990e-29
       1082      1.647    14.7117   2.835315     2.9009     2.8560     0.0055  0.2113813 -9.990e-29
       1083      1.657    14.7144   2.835893     2.9013     2.8563     0.0055  0.2113231 -9.990e-29
       1084      1.667    14.7171   2.836489     2.9016     2.8565     0.0055  0.2112502 -9.990e-29
       1085      1.678    14.7197   2.837097     2.9020     2.8568     0.0055  0.2111639 0.0000e+00
       1086      1.689    14.7224   2.837714     2.9023     2.8570     0.0055  0.2110686 0.0000e+00
       1087      1.700    14.7252   2.838340     2.9026     2.8572     0.0055  0.2109705 0.0000e+00
       1088      1.711    14.7278   2.838969     2.9029     2.8575     0.0055  0.2108740 0.0000e+00
       1089      1.723    14.7305   2.839597     2.9032     2.8577     0.0055  0.2107801 0.0000e+00
       1090      1.735    14.7331   2.840223     2.9036     2.8579     0.0055  0.2106882 0.0000e+00
       1091      1.747    14.7358   2.840843     2.9039     2.8581     0.0055  0.2105977 0.0000e+00
       1092      1.760    14.7383   2.841455     2.9042     2.8583     0.0055  0.2105078 0.0000e+00
       1093      1.772    14.7408   2.842057     2.9045     2.8585     0.0055  0.2104180 0.0000e+00
       1094      1.785    14.7432   2.842644     2.9048     2.8587     0.0055  0.2103276 0.0000e+00
       1095      1.798    14.7455   2.843211     2.9051     2.8589     0.0053  0.2102361 0.0000e+00
       1096      1.811    14.7478   2.843762     2.9054     2.8591     0.0055  0.2101428 0.0000e+00
       1097      1.825    14.7500   2.844300     2.9057     2.8593     0.0055  0.2100470 0.0000e+00
       1098      1.838    14.7523   2.844831     2.9060     2.8595     0.0055  0.2099480 0.0000e+00
       1099      1.852    14.7545   2.845359     2.9063     2.8597     0.0055  0.2098453 0.0000e+00
       1100      1.866    14.7567   2.845885     2.9066     2.8599     0.0055  0.2097380 0.0000e+00
       1101      1.880    14.7589   2.846411     2.9069     2.8600     0.0055  0.2096255 0.0000e+00
       1102      1.894    14.7611   2.846941     2.9072     2.8602     0.0055  0.2095068 0.0000e+00
       1103      1.908    14.7634   2.847477     2.9075     2.8603     0.0055  0.2093813 0.0000e+00
       1104      1.922    14.7657   2.848021     2.9077     2.8605     0.0055  0.2092480 0.0000e+00
       1105      1.936    14.7680   2.848577     2.9080     2.8606     0.0055  0.2091061 0.0000e+00
       1106      1.951    14.7705   2.849146     2.9083     2.8608     0.0055  0.2089544 0.0000e+00
       1107      1.965    14.7730   2.849735     2.9085     2.8609     0.0055  0.2087921 0.0000e+00
       1108      1.980    14.7756   2.850346     2.9088     2.8610     0.0055  0.2086179 0.0000e+00
       1109      1.994    14.7783   2.850981     2.9091     2.8611     0.0055  0.2084306 0.0000e+00
       1110      2.009    14.7811   2.851637     2.9093     2.8612     0.0055  0.2082289 0.0000e+00
       1111      2.025    14.7840   2.852307     2.9096     2.8613     0.0055  0.2080131 0.0000e+00
       1112      2.040    14.7869   2.852984     2.9098     2.8614     0.0057  0.2077911 0.0000e+00
       1113      2.055    14.7897   2.853662     2.9101     2.8615     0.0059  0.2075767 0.0000e+00
       1114      2.071    14.7926   2.854338     2.9103     2.8616     0.0059  0.2073767 0.0000e+00
       1115      2.086    14.7955   2.855008     2.9106     2.8617     0.0059  0.2071899 0.0000e+00
       1116      2.102    14.7982   2.855671     2.9108     2.8618     0.0059  0.2070148 0.0000e+00
       1117      2.118    14.8010   2.856326     2.9111     2.8619     0.0059  0.2068513 0.0000e+00
       1118      2.134    14.8037   2.856974     2.9113     2.8620     0.0059  0.2066971 0.0000e+00
       1119      2.150    14.8063   2.857615     2.9115     2.8621     0.0059  0.2065506 0.0000e+00
       1120      2.167    14.8090   2.858250     2.9117     2.8621     0.0059  0.2064114 0.0000e+00
