code/data/2021/ctd_data_day2/station8_ctm_fil_le_der.cnv
* Sea-Bird SBE 9 Data File:
* FileName = C:\Users\CTD-User\Desktop\MAR440\day2\station8.hex
* Software Version Seasave V 7.26.2.13
* Temperature SN = 6313
* Conductivity SN = 4758
* Number of Bytes Per Scan = 37
* Number of Voltage Words = 4
* Number of Scans Averaged by the Deck Unit = 1
* NMEA Latitude = 58 19.53 N
* NMEA Longitude = 011 50.68 E
* NMEA UTC (Time) = Sep 22 2021 11:34:11
* NMEA baud rate = 4800
** Ship: Skagerrak
** Station: station8
** Operator: group1
# nquan = 13                                
# nvalues = 1621                        
# units = specified
# name 0 = scan: Scan Count
# name 1 = prDM: Pressure, Digiquartz [db]
# name 2 = t090C: Temperature [ITS-90, deg C]
# name 3 = c0S/m: Conductivity [S/m]
# name 4 = sbeox0V: Oxygen raw, SBE 43 [V]
# name 5 = sbeox1V: Oxygen raw, SBE 43, 2 [V]
# name 6 = flECO-AFL: Fluorescence, WET Labs ECO-AFL/FL [mg/m^3]
# name 7 = upoly0: Upoly 0, Turbidity
# name 8 = depSM: Depth [salt water, m], lat = 58.3255
# name 9 = sal00: Salinity, Practical [PSU]
# name 10 = sbeox0ML/L: Oxygen, SBE 43 [ml/l], WS = 2
# name 11 = sbeox1ML/L: Oxygen, SBE 43, 2 [ml/l], WS = 2
# name 12 = flag: flag
# span 0 =          1,       1621       
# span 1 =      0.840,     12.569       
# span 2 =    14.0065,    15.7167       
# span 3 =   2.901340,   3.413555       
# span 4 =     1.3577,     2.8177       
# span 5 =     1.3369,     2.7501       
# span 6 =     0.0040,     0.0057       
# span 7 =  0.0909304,  0.1803616       
# span 8 =      0.832,     12.452       
# span 9 =    22.7877,    27.8196       
# span 10 =     2.4182,     6.8996      
# span 11 =     2.1748,     5.8530      
# span 12 = 0.0000e+00, 0.0000e+00      
# interval = seconds: 0.0416667
# start_time = Sep 22 2021 11:34:11 [NMEA time, header]
# bad_flag = -9.990e-29
*END*
[from data line 556]
        557      1.664    14.9201   2.929486     2.6866     2.6297     0.0049  0.1663119      1.649    22.9591     6.6352     5.6266 -9.990e-29
        558      1.645    14.9191   2.929231     2.6878     2.6306     0.0049  0.1663931      1.630    22.9574     6.6372     5.6280 -9.990e-29
        559      1.625    14.9182   2.928996     2.6889     2.6315     0.0049  0.1664802      1.610    22.9559     6.6389     5.6294 -9.990e-29
        560      1.605    14.9174   2.928780     2.6900     2.6325     0.0049  0.1665736      1.590    22.9546     6.6406     5.6310 -9.990e-29
        561      1.585    14.9166   2.928579     2.6911     2.6334     0.0049  0.1666740      1.570    22.9533     6.6423     5.6324 -9.990e-29
        562      1.566    14.9158   2.928385     2.6922     2.6343     0.0049  0.1667821      1.551    22.9521     6.6441     5.6339 -9.990e-29
        563      1.547    14.9149   2.928187     2.6932     2.6352     0.0049  0.1668971      1.533    22.9509     6.6457     5.6353 -9.990e-29
        564      1.527    14.9140   2.927980     2.6943     2.6361     0.0051  0.1670136      1.513    22.9497     6.6476     5.6368 -9.990e-29
        565      1.508    14.9131   2.927762     2.6953     2.6370     0.0049  0.1671249      1.494    22.9483     6.6493     5.6383 -9.990e-29
        566      1.489    14.9122   2.927537     2.6964     2.6379     0.0049  0.1672285      1.475    22.9469     6.6513     5.6399 -9.990e-29
        567      1.470    14.9112   2.927309     2.6974     2.6387     0.0051  0.1673257      1.456    22.9455     6.6530     5.6412 -9.990e-29
        568      1.451    14.9103   2.927080     2.6984     2.6396     0.0051  0.1674182      1.438    22.9441     6.6548     5.6428 -9.990e-29
        569      1.432    14.9094   2.926855     2.6994     2.6405     0.0051  0.1675067      1.419    22.9427     6.6567     5.6444 -9.990e-29
        570      1.414    14.9085   2.926634     2.7004     2.6413     0.0049  0.1675916      1.401    22.9413     6.6585     5.6458 -9.990e-29
        571      1.395    14.9076   2.926422     2.7014     2.6422     0.0051  0.1676737      1.382    22.9400     6.6604     5.6474 -9.990e-29
        572      1.377    14.9068   2.926220     2.7024     2.6430     0.0049  0.1677526      1.364    22.9387     6.6624     5.6489 -9.990e-29
        573      1.359    14.9060   2.926028     2.7034     2.6438     0.0049  0.1678272      1.346    22.9375     6.6644     5.6503 -9.990e-29
        574      1.340    14.9052   2.925843     2.7044     2.6447     0.0051  0.1678980      1.328    22.9364     6.6664     5.6521 -9.990e-29
        575      1.322    14.9045   2.925662     2.7053     2.6455     0.0049  0.1679672      1.310    22.9353     6.6681     5.6535 -9.990e-29
        576      1.304    14.9037   2.925482     2.7063     2.6463     0.0051  0.1680362      1.292    22.9342     6.6702     5.6550 -9.990e-29
        577      1.286    14.9030   2.925303     2.7073     2.6471     0.0049  0.1681053      1.274    22.9331     6.6723     5.6565 -9.990e-29
        578      1.269    14.9022   2.925125     2.7082     2.6479     0.0051  0.1681752      1.257    22.9320     6.6741     5.6581 -9.990e-29
        579      1.251    14.9014   2.924942     2.7091     2.6487     0.0049  0.1682462      1.239    22.9309     6.6760     5.6597 -9.990e-29
        580      1.234    14.9005   2.924744     2.7101     2.6495     0.0051  0.1683189      1.223    22.9297     6.6782     5.6613 -9.990e-29
        581      1.216    14.8995   2.924525     2.7110     2.6503     0.0051  0.1683937      1.205    22.9284     6.6801     5.6629 -9.990e-29
        582      1.199    14.8983   2.924283     2.7119     2.6511     0.0049  0.1684713      1.188    22.9270     6.6822     5.6646 -9.990e-29
        583      1.183    14.8971   2.924020     2.7128     2.6519     0.0051  0.1685521      1.172    22.9255     6.6842     5.6663 -9.990e-29
        584      1.167    14.8958   2.923741     2.7137     2.6526     0.0049  0.1686367      1.156    22.9238     6.6863     5.6678 -9.990e-29
        585      1.151    14.8945   2.923450     2.7146     2.6534     0.0051  0.1687256      1.140    22.9221     6.6885     5.6696 -9.990e-29
        586      1.135    14.8932   2.923153     2.7155     2.6542     0.0049  0.1688196      1.124    22.9203     6.6906     5.6714 -9.990e-29
        587      1.120    14.8919   2.922854     2.7164     2.6549     0.0049  0.1689193      1.110    22.9185     6.6928     5.6730 -9.990e-29
        588      1.106    14.8907   2.922558     2.7173     2.6557     0.0051  0.1690244      1.096    22.9166     6.6950     5.6748 -9.990e-29
        589      1.091    14.8894   2.922269     2.7182     2.6564     0.0049  0.1691324      1.081    22.9149     6.6972     5.6764 -9.990e-29
        590      1.077    14.8883   2.921991     2.7190     2.6572     0.0051  0.1692389      1.067    22.9131     6.6990     5.6782 -9.990e-29
        591      1.064    14.8871   2.921726     2.7199     2.6579     0.0051  0.1693403      1.054    22.9115     6.7012     5.6799 -9.990e-29
        592      1.051    14.8861   2.921476     2.7208     2.6587     0.0049  0.1694349      1.041    22.9100     6.7034     5.6817 -9.990e-29
        593      1.039    14.8851   2.921239     2.7216     2.6594     0.0049  0.1695225      1.029    22.9085     6.7053     5.6833 -9.990e-29
        594      1.028    14.8841   2.921015     2.7225     2.6601     0.0051  0.1696044      1.018    22.9072     6.7074     5.6850 -9.990e-29
        595      1.017    14.8831   2.920800     2.7233     2.6608     0.0051  0.1696822      1.008    22.9059     6.7093     5.6866 -9.990e-29
        596      1.007    14.8822   2.920595     2.7242     2.6616     0.0049  0.1697555      0.998    22.9046     6.7115     5.6885 -9.990e-29
        597      0.997    14.8812   2.920397     2.7250     2.6623     0.0051  0.1698249      0.988    22.9035     6.7134     5.6901 -9.990e-29
        598      0.988    14.8804   2.920208     2.7258     2.6630     0.0051  0.1698925      0.979    22.9024     6.7152     5.6918 -9.990e-29
        599      0.979    14.8795   2.920032     2.7267     2.6637     0.0049  0.1699595      0.970    22.9014     6.7174     5.6935 -9.990e-29
        600      0.971    14.8788   2.919870     2.7275     2.6644     0.0051  0.1700266      0.962    22.9004     6.7192     5.6951 -9.990e-29
        601      0.964    14.8780   2.919721     2.7283     2.6651     0.0049  0.1700942      0.955    22.8996     6.7211     5.6968 -9.990e-29
        602      0.957    14.8774   2.919581     2.7291     2.6658     0.0051  0.1701627      0.948    22.8987     6.7229     5.6984 -9.990e-29
        603      0.951    14.8768   2.919449     2.7299     2.6665     0.0049  0.1702326      0.942    22.8979     6.7247     5.7001 -9.990e-29
        604      0.946    14.8763   2.919323     2.7307     2.6673     0.0051  0.1703044      0.937    22.8971     6.7266     5.7020 -9.990e-29
        605      0.940    14.8758   2.919199     2.7316     2.6680     0.0049  0.1703786      0.931    22.8963     6.7287     5.7036 -9.990e-29
        606      0.935    14.8753   2.919075     2.7324     2.6687     0.0051  0.1704557      0.926    22.8956     6.7305     5.7053 -9.990e-29
        607      0.931    14.8749   2.918952     2.7332     2.6694     0.0051  0.1705363      0.922    22.8947     6.7323     5.7070 -9.990e-29
        608      0.926    14.8745   2.918831     2.7340     2.6701     0.0051  0.1706208      0.917    22.8939     6.7340     5.7086 -9.990e-29
        609      0.922    14.8740   2.918714     2.7348     2.6709     0.0051  0.1707100      0.913    22.8932     6.7358     5.7106 -9.990e-29
        610      0.919    14.8736   2.918600     2.7356     2.6716     0.0051  0.1708044      0.910    22.8925     6.7376     5.7123 -9.990e-29
        611      0.915    14.8731   2.918488     2.7363     2.6723     0.0049  0.1709047      0.906    22.8918     6.7391     5.7140 -9.990e-29
        612      0.911    14.8727   2.918375     2.7371     2.6730     0.0049  0.1710115      0.903    22.8911     6.7409     5.7157 -9.990e-29
        613      0.908    14.8721   2.918259     2.7379     2.6737     0.0049  0.1711257      0.900    22.8904     6.7427     5.7174 -9.990e-29
        614      0.905    14.8716   2.918140     2.7386     2.6744     0.0049  0.1712454      0.897    22.8897     6.7442     5.7191 -9.990e-29
        615      0.901    14.8709   2.918014     2.7394     2.6751     0.0055  0.1713639      0.893    22.8890     6.7460     5.7208 -9.990e-29
        616      0.898    14.8702   2.917876     2.7402     2.6758     0.0049  0.1714734      0.890    22.8882     6.7478     5.7226 -9.990e-29
        617      0.895    14.8694   2.917722     2.7409     2.6765     0.0055  0.1715706      0.887    22.8873     6.7493     5.7243 -9.990e-29
        618      0.891    14.8685   2.917549     2.7416     2.6772     0.0055  0.1716560      0.883    22.8864     6.7508     5.7261 -9.990e-29
        619      0.889    14.8674   2.917351     2.7424     2.6779     0.0055  0.1717320      0.881    22.8853     6.7527     5.7279 -9.990e-29
        620      0.886    14.8662   2.917127     2.7431     2.6786     0.0053  0.1717991      0.878    22.8841     6.7543     5.7296 -9.990e-29
        621      0.884    14.8648   2.916871     2.7438     2.6793     0.0049  0.1718561      0.876    22.8827     6.7559     5.7315 -9.990e-29
        622      0.881    14.8633   2.916583     2.7445     2.6800     0.0055  0.1719033      0.873    22.8811     6.7575     5.7333 -9.990e-29
        623      0.879    14.8616   2.916261     2.7452     2.6807     0.0049  0.1719419      0.871    22.8793     6.7592     5.7352 -9.990e-29
        624      0.877    14.8597   2.915904     2.7459     2.6813     0.0055  0.1719723      0.869    22.8773     6.7609     5.7368 -9.990e-29
        625      0.875    14.8577   2.915509     2.7466     2.6820     0.0049  0.1719945      0.867    22.8751     6.7626     5.7386 -9.990e-29
        626      0.873    14.8555   2.915079     2.7473     2.6827     0.0049  0.1720089      0.865    22.8726     6.7643     5.7404 -9.990e-29
        627      0.871    14.8532   2.914617     2.7480     2.6833     0.0053  0.1720154      0.863    22.8700     6.7661     5.7421 -9.990e-29
        628      0.870    14.8510   2.914133     2.7487     2.6840     0.0055  0.1720133      0.862    22.8671     6.7678     5.7439 -9.990e-29
        629      0.868    14.8486   2.913639     2.7493     2.6847     0.0053  0.1720025      0.860    22.8642     6.7692     5.7457 -9.990e-29
        630      0.867    14.8462   2.913136     2.7500     2.6854     0.0049  0.1719847      0.859    22.8613     6.7710     5.7476 -9.990e-29
        631      0.866    14.8437   2.912619     2.7507     2.6860     0.0055  0.1719597      0.858    22.8583     6.7728     5.7492 -9.990e-29
        632      0.864    14.8410   2.912078     2.7513     2.6867     0.0049  0.1719258      0.856    22.8552     6.7743     5.7510 -9.990e-29
        633      0.863    14.8382   2.911506     2.7520     2.6874     0.0049  0.1718817      0.855    22.8519     6.7761     5.7529 -9.990e-29
        634      0.861    14.8352   2.910898     2.7526     2.6881     0.0055  0.1718272      0.853    22.8484     6.7777     5.7548 -9.990e-29
        635      0.859    14.8321   2.910254     2.7533     2.6887     0.0049  0.1717619      0.851    22.8446     6.7796     5.7564 -9.990e-29
        636      0.858    14.8290   2.909586     2.7539     2.6894     0.0055  0.1716854      0.850    22.8406     6.7812     5.7583 -9.990e-29
        637      0.856    14.8262   2.908925     2.7545     2.6901     0.0049  0.1715971      0.848    22.8366     6.7827     5.7601 -9.990e-29
        638      0.854    14.8236   2.908302     2.7552     2.6907     0.0049  0.1714964      0.846    22.8327     6.7845     5.7617 -9.990e-29
        639      0.853    14.8215   2.907744     2.7558     2.6914     0.0053  0.1713835      0.845    22.8291     6.7860     5.7635 -9.990e-29
        640      0.852    14.8196   2.907258     2.7564     2.6920     0.0055  0.1712635      0.844    22.8260     6.7873     5.7649 -9.990e-29
        641      0.850    14.8180   2.906840     2.7570     2.6927     0.0055  0.1711475      0.842    22.8233     6.7886     5.7666 -9.990e-29
        642      0.849    14.8167   2.906481     2.7576     2.6933     0.0049  0.1710439      0.841    22.8210     6.7899     5.7679 -9.990e-29
        643      0.848    14.8155   2.906170     2.7582     2.6939     0.0053  0.1709547      0.840    22.8190     6.7911     5.7693 -9.990e-29
        644      0.847    14.8145   2.905892     2.7588     2.6946     0.0053  0.1708784      0.839    22.8172     6.7923     5.7708 -9.990e-29
        645      0.846    14.8135   2.905637     2.7594     2.6952     0.0049  0.1708127      0.838    22.8155     6.7934     5.7722 -9.990e-29
        646      0.845    14.8126   2.905395     2.7600     2.6958     0.0053  0.1707572      0.837    22.8140     6.7946     5.7735 -9.990e-29
        647      0.844    14.8118   2.905164     2.7605     2.6964     0.0055  0.1707123      0.836    22.8124     6.7954     5.7748 -9.990e-29
        648      0.843    14.8111   2.904949     2.7611     2.6970     0.0053  0.1706769      0.835    22.8110     6.7965     5.7761 -9.990e-29
        649      0.843    14.8105   2.904761     2.7617     2.6975     0.0049  0.1706499      0.835    22.8097     6.7976     5.7772 -9.990e-29
        650      0.842    14.8101   2.904606     2.7622     2.6981     0.0049  0.1706312      0.834    22.8086     6.7983     5.7784 -9.990e-29
        651      0.841    14.8098   2.904486     2.7627     2.6987     0.0049  0.1706213      0.833    22.8077     6.7991     5.7797 -9.990e-29
        652      0.841    14.8097   2.904399     2.7633     2.6992     0.0049  0.1706211      0.833    22.8071     6.8001     5.7807 -9.990e-29
        653      0.840    14.8097   2.904342     2.7638     2.6998     0.0055  0.1706298      0.832    22.8066     6.8008     5.7820 -9.990e-29
        654      0.840    14.8098   2.904311     2.7643     2.7003     0.0049  0.1706465      0.832    22.8062     6.8015     5.7830 -9.990e-29
        655      0.840    14.8100   2.904303     2.7648     2.7009     0.0049  0.1706714      0.832    22.8060     6.8023     5.7843 -9.990e-29
        656      0.840    14.8103   2.904319     2.7653     2.7014     0.0049  0.1707046      0.832    22.8060     6.8030     5.7853 -9.990e-29
        657      0.840    14.8107   2.904363     2.7658     2.7020     0.0055  0.1707465      0.832    22.8062     6.8037     5.7866 -9.990e-29
        658      0.840    14.8113   2.904436     2.7663     2.7025     0.0055  0.1707972      0.832    22.8064     6.8044     5.7876 -9.990e-29
        659      0.840    14.8119   2.904532     2.7668     2.7030     0.0055  0.1708580      0.832    22.8069     6.8051     5.7887 -9.990e-29
        660      0.840    14.8125   2.904637     2.7673     2.7036     0.0049  0.1709309      0.832    22.8075     6.8058     5.7900 -9.990e-29
        661      0.840    14.8131   2.904739     2.7678     2.7041     0.0049  0.1710166      0.832    22.8080     6.8066     5.7911 -9.990e-29
        662      0.841    14.8136   2.904830     2.7682     2.7047     0.0055  0.1711147      0.833    22.8085     6.8071     5.7925 -9.990e-29
        663      0.841    14.8140   2.904903     2.7687     2.7052     0.0053  0.1712260      0.833    22.8089     6.8080     5.7936 -9.990e-29
        664      0.842    14.8143   2.904957     2.7691     2.7058     0.0049  0.1713511      0.834    22.8092     6.8087     5.7951 -9.990e-29
        665      0.843    14.8145   2.904996     2.7696     2.7063     0.0055  0.1714893      0.835    22.8094     6.8097     5.7963 -9.990e-29
        666      0.844    14.8148   2.905025     2.7700     2.7069     0.0055  0.1716331      0.836    22.8095     6.8104     5.7978 -9.990e-29
