code/data/2021/ctd_data_day2/station3.cnv
* Sea-Bird SBE 9 Data File:
* FileName = C:\Users\CTD-User\Desktop\MAR440\day2\station3.hex
* Software Version Seasave V 7.26.2.13
* Temperature SN = 6313
* Conductivity SN = 4758
* Number of Bytes Per Scan = 37
* Number of Voltage Words = 4
* Number of Scans Averaged by the Deck Unit = 1
* NMEA Latitude = 58 19.70 N
* NMEA Longitude = 011 51.29 E
* NMEA UTC (Time) = Sep 22 2021 09:36:18
* NMEA baud rate = 4800
** Ship: Skagerrak
** Station: station3
** Operator: group2purple
# nquan = 9
# nvalues = 3261                                  
# units = specified
# name 0 = scan: Scan Count
# name 1 = prDM: Pressure, Digiquartz [db]
# name 2 = t090C: Temperature [ITS-90, deg C]
# name 3 = c0S/m: Conductivity [S/m]
# name 4 = sbeox0V: Oxygen raw, SBE 43 [V]
# name 5 = sbeox1V: Oxygen raw, SBE 43, 2 [V]
# name 6 = flECO-AFL: Fluorescence, WET Labs ECO-AFL/FL [mg/m^3]
# name 7 = upoly0: Upoly 0, Turbidity
# name 8 = flag:  0.000e+00
# span 0 =          1,       3261                 
# span 1 =      0.712,     17.296                 
# span 2 =    10.1794,    16.2156                 
# span 3 =   2.674270,   3.486635                 
# span 4 =     0.9840,     3.3394                 
# span 5 =     1.0157,     3.3590                 
# span 6 =     0.0035,     0.0081                 
# span 7 =  0.0883968,  0.2398010                 
# span 8 = 0.0000e+00, 0.0000e+00                 
# interval = seconds: 0.0416667
# start_time = Sep 22 2021 09:36:18 [NMEA time, header]
# bad_flag = -9.990e-29
*END*
[from data line 1281]
       1282      0.931    14.7030   2.847012     2.5397     2.5409     0.0051  0.1767973  0.000e+00
       1283      0.832    14.6969   2.848399     2.5421     2.5421     0.0051  0.1767973  0.000e+00
       1284      0.931    14.7026   2.847812     2.5421     2.5421     0.0051  0.1767973  0.000e+00
       1285      0.832    14.7084   2.847871     2.5421     2.5433     0.0051  0.1767973  0.000e+00
       1286      0.931    14.7210   2.850194     2.5409     2.5446     0.0051  0.1767973  0.000e+00
       1287      0.898    14.7248   2.853318     2.5421     2.5458     0.0051  0.1767973  0.000e+00
       1288      0.865    14.7341   2.855202     2.5445     2.5470     0.0051  0.1767973  0.000e+00
       1289      0.832    14.7551   2.856868     2.5445     2.5482     0.0051  0.1767973  0.000e+00
       1290      0.865    14.7768   2.858551     2.5445     2.5482     0.0051  0.1767973  0.000e+00
       1291      0.898    14.8022   2.858964     2.5445     2.5507     0.0051  0.1767973  0.000e+00
       1292      0.865    14.8081   2.859972     2.5470     2.5519     0.0051  0.1767973  0.000e+00
       1293      0.898    14.8085   2.863580     2.5482     2.5531     0.0051  0.1767973  0.000e+00
       1294      0.865    14.8260   2.870832     2.5470     2.5531     0.0051  0.1767973  0.000e+00
       1295      0.897    14.8670   2.878370     2.5482     2.5555     0.0051  0.1767973  0.000e+00
       1296      0.864    14.8893   2.879260     2.5482     2.5568     0.0051  0.1767973  0.000e+00
       1297      0.897    14.8250   2.872998     2.5507     2.5580     0.0053  0.1816813  0.000e+00
       1298      0.864    14.7443   2.863068     2.5519     2.5604     0.0055  0.1894957  0.000e+00
       1299      0.807    14.7716   2.856704     2.5519     2.5616     0.0057  0.1914493  0.000e+00
       1300      0.955    14.8822   2.860238     2.5531     2.5629     0.0057  0.1914493  0.000e+00
       1301      0.930    14.9371   2.870444     2.5531     2.5653     0.0057  0.1909609  0.000e+00
       1302      0.897    14.9530   2.880374     2.5568     2.5665     0.0057  0.1909609  0.000e+00
       1303      0.864    14.9739   2.888030     2.5568     2.5690     0.0057  0.1909609  0.000e+00
       1304      0.897    14.9987   2.895733     2.5580     2.5702     0.0057  0.1909609  0.000e+00
       1305      0.930    15.0204   2.904445     2.5592     2.5726     0.0057  0.1909609  0.000e+00
       1306      0.897    15.0381   2.911007     2.5604     2.5751     0.0057  0.1909609  0.000e+00
       1307      0.930    15.0464   2.913673     2.5641     2.5775     0.0057  0.1909609  0.000e+00
       1308      0.897    15.0378   2.914567     2.5665     2.5800     0.0057  0.1909609  0.000e+00
       1309      0.930    15.0123   2.913426     2.5653     2.5824     0.0057  0.1909609  0.000e+00
       1310      0.897    14.9728   2.907455     2.5665     2.5848     0.0057  0.1909609  0.000e+00
       1311      0.930    14.9359   2.898826     2.5690     2.5873     0.0057  0.1909609  0.000e+00
       1312      0.897    14.9146   2.890645     2.5726     2.5897     0.0057  0.1909609  0.000e+00
       1313      0.864    14.8853   2.885068     2.5763     2.5910     0.0057  0.1909609  0.000e+00
       1314      0.897    14.8571   2.881724     2.5763     2.5934     0.0057  0.1909609  0.000e+00
       1315      0.930    14.8633   2.881500     2.5787     2.5958     0.0057  0.1909609  0.000e+00
       1316      0.897    14.8729   2.884117     2.5812     2.5983     0.0057  0.1909609  0.000e+00
       1317      0.930    14.8998   2.887692     2.5848     2.5995     0.0057  0.1909609  0.000e+00
       1318      0.954    14.9107   2.892122     2.5861     2.6019     0.0057  0.1909609  0.000e+00
       1319      0.864    14.9354   2.896768     2.5873     2.6044     0.0057  0.1909609  0.000e+00
       1320      0.954    14.9582   2.901016     2.5909     2.6056     0.0057  0.1909609  0.000e+00
       1321      0.864    14.9810   2.905454     2.5958     2.6080     0.0057  0.1909609  0.000e+00
       1322      0.954    15.0184   2.910727     2.5970     2.6093     0.0057  0.1914493  0.000e+00
       1323      0.930    15.0462   2.915428     2.6007     2.6117     0.0060  0.1992637  0.000e+00
       1324      0.897    15.0589   2.919347     2.6019     2.6141     0.0062  0.2036593  0.000e+00
       1325      0.929    15.0636   2.921675     2.6044     2.6154     0.0062  0.2041477  0.000e+00
       1326      0.954    15.0623   2.921955     2.6105     2.6166     0.0062  0.2036593  0.000e+00
       1327      0.929    15.0533   2.920950     2.6117     2.6190     0.0062  0.2036593  0.000e+00
       1328      0.896    15.0444   2.919243     2.6129     2.6203     0.0062  0.2036593  0.000e+00
       1329      0.929    15.0173   2.917256     2.6154     2.6215     0.0062  0.2036593  0.000e+00
       1330      0.896    15.0380   2.916625     2.6202     2.6239     0.0062  0.2036593  0.000e+00
       1331      0.929    15.0650   2.919243     2.6239     2.6251     0.0062  0.2036593  0.000e+00
       1332      0.954    15.0353   2.922603     2.6264     2.6264     0.0062  0.2036593  0.000e+00
       1333      0.863    15.0091   2.924059     2.6276     2.6276     0.0062  0.2036593  0.000e+00
       1334      0.896    14.9460   2.922401     2.6300     2.6288     0.0062  0.2036593  0.000e+00
       1335      0.929    14.9175   2.915929     2.6325     2.6288     0.0062  0.2036593  0.000e+00
       1336      0.896    14.9134   2.908234     2.6398     2.6300     0.0062  0.2036593  0.000e+00
       1337      0.929    14.9179   2.901899     2.6398     2.6312     0.0062  0.2036593  0.000e+00
       1338      0.896    14.9089   2.896850     2.6410     2.6312     0.0062  0.2036593  0.000e+00
       1339      0.929    14.8716   2.892429     2.6434     2.6325     0.0062  0.2036593  0.000e+00
       1340      0.896    14.8845   2.889119     2.6459     2.6325     0.0062  0.2036593  0.000e+00
       1341      0.929    14.9138   2.889666     2.6496     2.6337     0.0062  0.2036593  0.000e+00
       1342      0.896    14.9290   2.893101     2.6508     2.6337     0.0062  0.2036593  0.000e+00
       1343      0.929    14.9238   2.896396     2.6520     2.6337     0.0062  0.2036593  0.000e+00
       1344      0.896    14.8830   2.895931     2.6544     2.6337     0.0062  0.2036593  0.000e+00
       1345      0.986    14.8522   2.891460     2.6581     2.6337     0.0062  0.2036593  0.000e+00
       1346      0.896    14.8311   2.884795     2.6605     2.6349     0.0062  0.2036593  0.000e+00
       1347      0.986    14.8043   2.876874     2.6618     2.6337     0.0062  0.2036593  0.000e+00
       1348      0.896    14.7994   2.871291     2.6618     2.6337     0.0060  0.2017057  0.000e+00
       1349      0.986    14.8093   2.871907     2.6642     2.6337     0.0055  0.1982869  0.000e+00
       1350      0.896    14.8264   2.875924     2.6691     2.6337     0.0053  0.1977985  0.000e+00
       1351      0.929    14.8423   2.878878     2.6691     2.6337     0.0055  0.1973101  0.000e+00
       1352      0.953    14.8542   2.880080     2.6703     2.6337     0.0055  0.1977985  0.000e+00
       1353      0.929    14.8556   2.880653     2.6703     2.6337     0.0055  0.1977985  0.000e+00
       1354      0.896    14.8490   2.880779     2.6728     2.6325     0.0055  0.1977985  0.000e+00
       1355      0.928    14.8397   2.880478     2.6764     2.6325     0.0055  0.1977985  0.000e+00
       1356      0.953    14.8225   2.878430     2.6789     2.6325     0.0055  0.1977985  0.000e+00
       1357      0.928    14.8049   2.873381     2.6776     2.6325     0.0055  0.1977985  0.000e+00
       1358      0.895    14.7849   2.866458     2.6789     2.6325     0.0055  0.1977985  0.000e+00
       1359      0.928    14.7460   2.859226     2.6789     2.6325     0.0055  0.1977985  0.000e+00
       1360      0.953    14.6833   2.851414     2.6837     2.6325     0.0055  0.1977985  0.000e+00
       1361      0.928    14.6309   2.842848     2.6837     2.6325     0.0055  0.1977985  0.000e+00
       1362      0.895    14.5918   2.833547     2.6837     2.6325     0.0055  0.1977985  0.000e+00
       1363      0.928    14.5418   2.825533     2.6837     2.6325     0.0055  0.1977985  0.000e+00
       1364      0.862    14.4712   2.818595     2.6850     2.6325     0.0055  0.1977985  0.000e+00
       1365      0.953    14.4253   2.810547     2.6886     2.6325     0.0055  0.1977985  0.000e+00
       1366      0.986    14.4000   2.802146     2.6886     2.6325     0.0055  0.1977985  0.000e+00
       1367      0.895    14.3847   2.795801     2.6886     2.6337     0.0055  0.1977985  0.000e+00
       1368      0.928    14.3825   2.792490     2.6886     2.6337     0.0055  0.1977985  0.000e+00
       1369      0.895    14.4054   2.792597     2.6886     2.6337     0.0055  0.1977985  0.000e+00
       1370      0.928    14.4142   2.795217     2.6898     2.6349     0.0053  0.1977985  0.000e+00
       1371      0.953    14.4144   2.797497     2.6886     2.6349     0.0055  0.1977985  0.000e+00
       1372      0.862    14.4129   2.798221     2.6886     2.6361     0.0055  0.1977985  0.000e+00
       1373      0.953    14.4075   2.797708     2.6886     2.6373     0.0055  0.1977985  0.000e+00
       1374      0.928    14.3945   2.797011     2.6911     2.6386     0.0055  0.1987753  0.000e+00
       1375      0.895    14.3852   2.795060     2.6911     2.6386     0.0057  0.1997521  0.000e+00
       1376      0.928    14.3817   2.791793     2.6911     2.6398     0.0057  0.1997521  0.000e+00
       1377      0.895    14.3774   2.789126     2.6898     2.6410     0.0057  0.1997521  0.000e+00
       1378      0.985    14.3847   2.788074     2.6911     2.6422     0.0057  0.1997521  0.000e+00
       1379      0.895    14.3947   2.788289     2.6935     2.6435     0.0057  0.1997521  0.000e+00
       1380      0.928    14.3983   2.788646     2.6935     2.6435     0.0057  0.1997521  0.000e+00
       1381      0.895    14.4017   2.788268     2.6923     2.6447     0.0057  0.1997521  0.000e+00
       1382      0.928    14.3961   2.787367     2.6923     2.6459     0.0057  0.1997521  0.000e+00
       1383      0.895    14.3724   2.785716     2.6923     2.6471     0.0057  0.1997521  0.000e+00
       1384      0.927    14.3675   2.783294     2.6935     2.6483     0.0057  0.1997521  0.000e+00
       1385      0.952    14.3810   2.781999     2.6935     2.6496     0.0057  0.1997521  0.000e+00
       1386      0.927    14.3794   2.782344     2.6935     2.6508     0.0057  0.1997521  0.000e+00
       1387      0.894    14.3682   2.783272     2.6923     2.6508     0.0057  0.1997521  0.000e+00
       1388      0.927    14.3480   2.782609     2.6935     2.6520     0.0057  0.1997521  0.000e+00
       1389      0.894    14.3275   2.779800     2.6935     2.6544     0.0057  0.1997521  0.000e+00
       1390      0.927    14.3241   2.775645     2.6935     2.6544     0.0057  0.1997521  0.000e+00
       1391      0.894    14.3268   2.772078     2.6923     2.6557     0.0057  0.1997521  0.000e+00
       1392      0.861    14.3236   2.769666     2.6935     2.6569     0.0057  0.1997521  0.000e+00
       1393      0.894    14.3123   2.767545     2.6935     2.6581     0.0057  0.1997521  0.000e+00
       1394      0.927    14.2989   2.765457     2.6947     2.6593     0.0057  0.1997521  0.000e+00
       1395      0.828    14.2931   2.764069     2.6935     2.6605     0.0057  0.1997521  0.000e+00
       1396      0.927    14.3127   2.764812     2.6923     2.6605     0.0057  0.1997521  0.000e+00
       1397      0.894    14.3147   2.766577     2.6935     2.6630     0.0057  0.1997521  0.000e+00
       1398      0.927    14.2945   2.766528     2.6947     2.6654     0.0057  0.1997521  0.000e+00
       1399      0.894    14.3004   2.764763     2.6960     2.6654     0.0059  0.2070781  0.000e+00
       1400      0.927    14.3233   2.764709     2.6960     2.6667     0.0060  0.2212418  0.000e+00
       1401      0.894    14.3342   2.766598     2.6947     2.6667     0.0062  0.2251490  0.000e+00
       1402      0.927    14.3105   2.766819     2.6947     2.6679     0.0062  0.2251490  0.000e+00
       1403      0.894    14.2785   2.764258     2.6972     2.6691     0.0062  0.2246606  0.000e+00
       1404      0.927    14.2696   2.761681     2.6972     2.6703     0.0062  0.2241722  0.000e+00
       1405      0.952    14.2638   2.760213     2.6984     2.6715     0.0062  0.2241722  0.000e+00
       1406      0.927    14.2567   2.759466     2.6972     2.6728     0.0062  0.2241722  0.000e+00
       1407      0.951    14.2478   2.759434     2.6972     2.6740     0.0062  0.2241722  0.000e+00
       1408      0.927    14.2399   2.759870     2.6996     2.6752     0.0062  0.2241722  0.000e+00
       1409      0.894    14.2397   2.760606     2.6996     2.6764     0.0060  0.2241722  0.000e+00
       1410      0.927    14.2373   2.761714     2.6996     2.6776     0.0062  0.2241722  0.000e+00
       1411      0.951    14.2412   2.762698     2.6996     2.6789     0.0062  0.2241722  0.000e+00
       1412      0.861    14.2478   2.763338     2.7033     2.6801     0.0062  0.2241722  0.000e+00
       1413      0.894    14.2526   2.763494     2.7033     2.6801     0.0062  0.2241722  0.000e+00
       1414      0.861    14.2570   2.762913     2.7033     2.6825     0.0062  0.2241722  0.000e+00
       1415      0.893    14.2649   2.762736     2.7033     2.6825     0.0062  0.2241722  0.000e+00
       1416      0.860    14.2681   2.763354     2.7033     2.6837     0.0062  0.2241722  0.000e+00
       1417      0.827    14.2809   2.764285     2.7057     2.6850     0.0062  0.2241722  0.000e+00
       1418      0.860    14.2820   2.764920     2.7082     2.6862     0.0062  0.2241722  0.000e+00
       1419      0.827    14.2672   2.765307     2.7082     2.6874     0.0062  0.2241722  0.000e+00
       1420      0.860    14.2565   2.765313     2.7082     2.6886     0.0062  0.2241722  0.000e+00
       1421      0.827    14.2518   2.764882     2.7094     2.6886     0.0062  0.2241722  0.000e+00
       1422      0.860    14.2819   2.765151     2.7118     2.6899     0.0062  0.2241722  0.000e+00
       1423      0.827    14.3366   2.768417     2.7130     2.6911     0.0062  0.2241722  0.000e+00
       1424      0.860    14.3392   2.773129     2.7130     2.6923     0.0062  0.2241722  0.000e+00
       1425      0.827    14.3621   2.776700     2.7143     2.6935     0.0060  0.2197766  0.000e+00
       1426      0.860    14.3974   2.779276     2.7155     2.6947     0.0060  0.2173346  0.000e+00
       1427      0.860    14.3765   2.780996     2.7179     2.6972     0.0060  0.2168462  0.000e+00
       1428      0.893    14.3529   2.780279     2.7192     2.6984     0.0060  0.2173346  0.000e+00
       1429      0.860    14.3325   2.777843     2.7192     2.6996     0.0060  0.2168462  0.000e+00
       1430      0.893    14.2962   2.774740     2.7192     2.7008     0.0060  0.2173346  0.000e+00
       1431      0.926    14.2746   2.771061     2.7228     2.7021     0.0060  0.2173346  0.000e+00
       1432      0.893    14.2683   2.767546     2.7253     2.7033     0.0060  0.2173346  0.000e+00
       1433      0.926    14.2735   2.765361     2.7253     2.7045     0.0060  0.2173346  0.000e+00
       1434      0.827    14.2831   2.765194     2.7253     2.7057     0.0060  0.2168462  0.000e+00
       1435      0.983    14.2883   2.765936     2.7277     2.7069     0.0060  0.2168462  0.000e+00
       1436      0.893    14.2772   2.765253     2.7289     2.7082     0.0060  0.2168462  0.000e+00
       1437      0.860    14.2681   2.762978     2.7314     2.7094     0.0060  0.2168462  0.000e+00
       1438      0.893    14.2609   2.761364     2.7326     2.7094     0.0060  0.2168462  0.000e+00
       1439      0.926    14.2454   2.760590     2.7326     2.7118     0.0060  0.2168462  0.000e+00
       1440      0.893    14.2444   2.760149     2.7338     2.7118     0.0060  0.2168462  0.000e+00
