code/data/2021/ctd_data_day2/station7_ctm.cnv
* Sea-Bird SBE 9 Data File:
* FileName = C:\Users\CTD-User\Desktop\MAR440\day2\station7.hex
* Software Version Seasave V 7.26.2.13
* Temperature SN = 6313
* Conductivity SN = 4758
* Number of Bytes Per Scan = 37
* Number of Voltage Words = 4
* Number of Scans Averaged by the Deck Unit = 1
* NMEA Latitude = 58 19.09 N
* NMEA Longitude = 011 47.38 E
* NMEA UTC (Time) = Sep 22 2021 11:12:47
* NMEA baud rate = 4800
** Ship: Skagerrak
** Station: station7
** Operator: group1
# nquan = 9
# nvalues = 2736                        
# units = specified
# name 0 = scan: Scan Count
# name 1 = prDM: Pressure, Digiquartz [db]
# name 2 = t090C: Temperature [ITS-90, deg C]
# name 3 = c0S/m: Conductivity [S/m]
# name 4 = sbeox0V: Oxygen raw, SBE 43 [V]
# name 5 = sbeox1V: Oxygen raw, SBE 43, 2 [V]
# name 6 = flECO-AFL: Fluorescence, WET Labs ECO-AFL/FL [mg/m^3]
# name 7 = upoly0: Upoly 0, Turbidity
# name 8 = flag:  0.000e+00
# span 0 =          1,       2736       
# span 1 =      0.724,     30.415       
# span 2 =     7.3528,    16.1037       
# span 3 =   2.942330,   3.795563       
# span 4 =     0.5809,     2.8364       
# span 5 =     0.6579,     2.7741       
# span 6 =     0.0035,     0.0123       
# span 7 =  0.0859548,  0.1675177       
# span 8 = 0.0000e+00, 0.0000e+00       
# interval = seconds: 0.0416667
# start_time = Sep 22 2021 11:12:47 [NMEA time, header]
# bad_flag = -9.990e-29
*END*
[from data line 2241]
       2242     25.815    11.8246   3.680246     1.2526     1.3235     0.0059  0.0874200 0.0000e+00
       2243     25.881    11.7928   3.677494     1.2502     1.3198     0.0059  0.0874200 0.0000e+00
       2244     25.815    11.7574   3.674482     1.2477     1.3161     0.0062  0.0874200 0.0000e+00
       2245     25.938    11.7160   3.671198     1.2453     1.3137     0.0062  0.0874200 0.0000e+00
       2246     25.881    11.6883   3.667877     1.2404     1.3088     0.0060  0.0874200 0.0000e+00
       2247     25.938    11.6642   3.664931     1.2380     1.3051     0.0062  0.0874200 0.0000e+00
       2248     25.881    11.6342   3.661988     1.2343     1.3015     0.0062  0.0874200 0.0000e+00
       2249     25.996    11.6018   3.658858     1.2331     1.2978     0.0062  0.0874200 0.0000e+00
       2250     25.996    11.5687   3.656145     1.2294     1.2941     0.0060  0.0874200 0.0000e+00
       2251     26.062    11.5374   3.653621     1.2245     1.2905     0.0062  0.0874200 0.0000e+00
       2252     25.996    11.5071   3.651076     1.2233     1.2868     0.0060  0.0874200 0.0000e+00
       2253     26.062    11.4804   3.648631     1.2184     1.2844     0.0062  0.0874200 0.0000e+00
       2254     26.062    11.4532   3.645982     1.2172     1.2795     0.0060  0.0874200 0.0000e+00
       2255     26.120    11.4233   3.643491     1.2135     1.2758     0.0060  0.0874200 0.0000e+00
       2256     26.120    11.3963   3.640874     1.2099     1.2734     0.0060  0.0874200 0.0000e+00
       2257     26.120    11.3741   3.638659     1.2062     1.2697     0.0062  0.0874200 0.0000e+00
       2258     26.186    11.3455   3.636194     1.2038     1.2661     0.0062  0.0874200 0.0000e+00
       2259     26.186    11.3198   3.633759     1.2026     1.2624     0.0060  0.0874200 0.0000e+00
       2260     26.186    11.2962   3.631356     1.1989     1.2587     0.0060  0.0874200 0.0000e+00
       2261     26.243    11.2751   3.629125     1.1952     1.2563     0.0062  0.0874200 0.0000e+00
       2262     26.243    11.2530   3.626610     1.1916     1.2526     0.0062  0.0874200 0.0000e+00
       2263     26.309    11.2237   3.623973     1.1891     1.2490     0.0062  0.0874200 0.0000e+00
       2264     26.309    11.2034   3.621586     1.1867     1.2453     0.0060  0.0874200 0.0000e+00
       2265     26.309    11.1822   3.619478     1.1842     1.2416     0.0062  0.0874200 0.0000e+00
       2266     26.367    11.1523   3.617385     1.1793     1.2392     0.0060  0.0874200 0.0000e+00
       2267     26.367    11.1171   3.614884     1.1757     1.2355     0.0060  0.0874200 0.0000e+00
       2268     26.367    11.0902   3.612543     1.1745     1.2331     0.0062  0.0869316 0.0000e+00
       2269     26.425    11.0697   3.610874     1.1720     1.2294     0.0057  0.0869316 0.0000e+00
       2270     26.425    11.0465   3.608262     1.1684     1.2258     0.0057  0.0869316 0.0000e+00
       2271     26.425    11.0189   3.606444     1.1647     1.2221     0.0057  0.0864432 0.0000e+00
       2272     26.491    10.9935   3.603783     1.1610     1.2197     0.0057  0.0864432 0.0000e+00
       2273     26.491    10.9664   3.601646     1.1598     1.2160     0.0057  0.0869316 0.0000e+00
       2274     26.549    10.9433   3.599627     1.1574     1.2123     0.0057  0.0864432 0.0000e+00
       2275     26.491    10.9161   3.596462     1.1549     1.2099     0.0057  0.0869316 0.0000e+00
       2276     26.557    10.8675   3.592623     1.1500     1.2062     0.0057  0.0864432 0.0000e+00
       2277     26.615    10.8059   3.588488     1.1464     1.2038     0.0057  0.0869316 0.0000e+00
       2278     26.615    10.7530   3.583859     1.1452     1.2001     0.0057  0.0864432 0.0000e+00
       2279     26.615    10.6947   3.578814     1.1427     1.1977     0.0057  0.0864432 0.0000e+00
       2280     26.672    10.6372   3.573492     1.1403     1.1940     0.0057  0.0864432 0.0000e+00
       2281     26.672    10.5822   3.567631     1.1354     1.1916     0.0057  0.0864432 0.0000e+00
       2282     26.730    10.5367   3.562521     1.1329     1.1891     0.0057  0.0864432 0.0000e+00
       2283     26.672    10.4878   3.558037     1.1329     1.1867     0.0057  0.0869316 0.0000e+00
       2284     26.796    10.4527   3.553850     1.1281     1.1830     0.0057  0.0864432 0.0000e+00
       2285     26.730    10.4045   3.549984     1.1256     1.1806     0.0057  0.0869316 0.0000e+00
       2286     26.796    10.3504   3.546026     1.1220     1.1781     0.0057  0.0869316 0.0000e+00
       2287     26.796    10.3120   3.542331     1.1195     1.1757     0.0057  0.0864432 0.0000e+00
       2288     26.796    10.2792   3.539008     1.1207     1.1732     0.0057  0.0869316 0.0000e+00
       2289     26.854    10.2496   3.536071     1.1158     1.1708     0.0057  0.0869316 0.0000e+00
       2290     26.920    10.2084   3.532667     1.1122     1.1671     0.0055  0.0869316 0.0000e+00
       2291     26.854    10.1689   3.529625     1.1097     1.1659     0.0057  0.0864432 0.0000e+00
       2292     26.920    10.1370   3.526464     1.1085     1.1635     0.0057  0.0869316 0.0000e+00
       2293     26.977    10.1050   3.523460     1.1073     1.1610     0.0057  0.0864432 0.0000e+00
       2294     26.920    10.0809   3.520751     1.1036     1.1586     0.0071  0.0874200 0.0000e+00
       2295     27.043    10.0474   3.517732     1.1012     1.1574     0.0092  0.0883968 0.0000e+00
       2296     26.977    10.0075   3.514104     1.0975     1.1549     0.0097  0.0883968 0.0000e+00
       2297     27.043     9.9711   3.510434     1.0975     1.1525     0.0095  0.0883968 0.0000e+00
       2298     27.043     9.9345   3.506918     1.0951     1.1500     0.0095  0.0883968 0.0000e+00
       2299     27.043     9.8941   3.503636     1.0914     1.1488     0.0095  0.0883968 0.0000e+00
       2300     27.159     9.8518   3.500315     1.0890     1.1464     0.0095  0.0883968 0.0000e+00
       2301     27.101     9.8112   3.497195     1.0878     1.1439     0.0095  0.0883968 0.0000e+00
       2302     27.159     9.7689   3.493895     1.0878     1.1415     0.0095  0.0883968 0.0000e+00
       2303     27.101     9.7396   3.490985     1.0865     1.1403     0.0095  0.0883968 0.0000e+00
       2304     27.225     9.7018   3.487592     1.0817     1.1378     0.0095  0.0883968 0.0000e+00
       2305     27.225     9.6608   3.484054     1.0792     1.1354     0.0095  0.0883968 0.0000e+00
       2306     27.175     9.6290   3.480816     1.0768     1.1329     0.0095  0.0883968 0.0000e+00
       2307     27.282     9.5883   3.477442     1.0768     1.1317     0.0095  0.0883968 0.0000e+00
       2308     27.282     9.5414   3.474004     1.0731     1.1293     0.0095  0.0883968 0.0000e+00
       2309     27.282     9.4982   3.470318     1.0719     1.1281     0.0095  0.0883968 0.0000e+00
       2310     27.348     9.4595   3.466885     1.0682     1.1256     0.0095  0.0883968 0.0000e+00
       2311     27.282     9.4319   3.464141     1.0670     1.1220     0.0095  0.0883968 0.0000e+00
       2312     27.348     9.4087   3.461573     1.0658     1.1207     0.0095  0.0883968 0.0000e+00
       2313     27.406     9.3897   3.459062     1.0633     1.1183     0.0095  0.0883968 0.0000e+00
       2314     27.406     9.3737   3.456904     1.0621     1.1158     0.0095  0.0883968 0.0000e+00
       2315     27.406     9.3470   3.454835     1.0584     1.1134     0.0095  0.0883968 0.0000e+00
       2316     27.464     9.3241   3.452201     1.0572     1.1110     0.0095  0.0883968 0.0000e+00
       2317     27.464     9.3005   3.449793     1.0572     1.1085     0.0095  0.0883968 0.0000e+00
       2318     27.530     9.2779   3.447631     1.0523     1.1073     0.0095  0.0883968 0.0000e+00
       2319     27.464     9.2608   3.445653     1.0499     1.1049     0.0095  0.0883968 0.0000e+00
       2320     27.588     9.2399   3.443715     1.0462     1.1024     0.0095  0.0883968 0.0000e+00
       2321     27.530     9.2174   3.442209     1.0462     1.0988     0.0097  0.0879084 0.0000e+00
       2322     27.588     9.2029   3.440816     1.0450     1.0963     0.0099  0.0879084 0.0000e+00
       2323     27.654     9.1899   3.439236     1.0426     1.0939     0.0099  0.0879084 0.0000e+00
       2324     27.588     9.1781   3.437917     1.0377     1.0914     0.0097  0.0883968 0.0000e+00
       2325     27.654     9.1701   3.436848     1.0377     1.0890     0.0099  0.0879084 0.0000e+00
       2326     27.654     9.1644   3.436185     1.0352     1.0853     0.0099  0.0879084 0.0000e+00
       2327     27.711     9.1598   3.435688     1.0328     1.0829     0.0099  0.0879084 0.0000e+00
       2328     27.719     9.1564   3.435512     1.0291     1.0792     0.0099  0.0879084 0.0000e+00
       2329     27.711     9.1516   3.435290     1.0279     1.0755     0.0099  0.0879084 0.0000e+00
       2330     27.777     9.1465   3.434786     1.0230     1.0731     0.0097  0.0879084 0.0000e+00
       2331     27.835     9.1388   3.434126     1.0230     1.0694     0.0095  0.0879084 0.0000e+00
       2332     27.777     9.1303   3.433486     1.0194     1.0670     0.0099  0.0879084 0.0000e+00
       2333     27.835     9.1190   3.432882     1.0145     1.0633     0.0099  0.0879084 0.0000e+00
       2334     27.835     9.1106   3.432085     1.0133     1.0597     0.0099  0.0879084 0.0000e+00
       2335     27.893     9.1005   3.431275     1.0096     1.0560     0.0097  0.0879084 0.0000e+00
       2336     27.893     9.0904   3.430366     1.0084     1.0523     0.0097  0.0879084 0.0000e+00
       2337     27.893     9.0825   3.429465     1.0047     1.0499     0.0097  0.0879084 0.0000e+00
       2338     27.959     9.0729   3.428774     1.0011     1.0462     0.0099  0.0879084 0.0000e+00
       2339     27.959     9.0657   3.427998     0.9986     1.0426     0.0099  0.0879084 0.0000e+00
       2340     27.959     9.0603   3.427077     0.9949     1.0401     0.0099  0.0879084 0.0000e+00
       2341     28.016     9.0500   3.426389     0.9937     1.0352     0.0099  0.0879084 0.0000e+00
       2342     28.016     9.0374   3.425336     0.9888     1.0316     0.0097  0.0879084 0.0000e+00
       2343     28.082     9.0253   3.424431     0.9852     1.0279     0.0099  0.0879084 0.0000e+00
       2344     28.082     9.0140   3.423557     0.9840     1.0243     0.0097  0.0879084 0.0000e+00
       2345     28.082     9.0007   3.422520     0.9815     1.0206     0.0099  0.0879084 0.0000e+00
       2346     28.140     8.9910   3.421395     0.9791     1.0169     0.0101  0.0879084 0.0000e+00
       2347     28.091     8.9787   3.420303     0.9742     1.0133     0.0102  0.0879084 0.0000e+00
       2348     28.206     8.9654   3.419090     0.9705     1.0108     0.0102  0.0879084 0.0000e+00
       2349     28.206     8.9531   3.418067     0.9669     1.0059     0.0102  0.0879084 0.0000e+00
       2350     28.206     8.9401   3.416873     0.9656     1.0023     0.0102  0.0879084 0.0000e+00
       2351     28.206     8.9252   3.415713     0.9632     0.9998     0.0102  0.0879084 0.0000e+00
       2352     28.264     8.9086   3.414640     0.9595     0.9962     0.0101  0.0879084 0.0000e+00
       2353     28.264     8.8969   3.413463     0.9546     0.9925     0.0102  0.0879084 0.0000e+00
       2354     28.321     8.8884   3.412240     0.9522     0.9888     0.0102  0.0879084 0.0000e+00
       2355     28.264     8.8777   3.411153     0.9510     0.9852     0.0101  0.0879084 0.0000e+00
       2356     28.387     8.8678   3.410083     0.9473     0.9827     0.0102  0.0883968 0.0000e+00
       2357     28.321     8.8583   3.409136     0.9424     0.9791     0.0102  0.0879084 0.0000e+00
       2358     28.387     8.8469   3.408018     0.9400     0.9766     0.0102  0.0879084 0.0000e+00
       2359     28.445     8.8324   3.406790     0.9375     0.9730     0.0102  0.0879084 0.0000e+00
       2360     28.387     8.8165   3.405772     0.9351     0.9693     0.0101  0.0883968 0.0000e+00
       2361     28.445     8.8016   3.404847     0.9314     0.9656     0.0102  0.0879084 0.0000e+00
       2362     28.511     8.7904   3.403660     0.9278     0.9632     0.0102  0.0879084 0.0000e+00
       2363     28.453     8.7807   3.402527     0.9253     0.9620     0.0102  0.0879084 0.0000e+00
       2364     28.569     8.7725   3.401462     0.9229     0.9571     0.0102  0.0879084 0.0000e+00
       2365     28.511     8.7584   3.400580     0.9205     0.9546     0.0102  0.0879084 0.0000e+00
       2366     28.569     8.7450   3.399508     0.9168     0.9510     0.0102  0.0879084 0.0000e+00
       2367     28.569     8.7331   3.398424     0.9131     0.9485     0.0102  0.0883968 0.0000e+00
       2368     28.626     8.7195   3.397288     0.9107     0.9461     0.0102  0.0883968 0.0000e+00
       2369     28.626     8.7078   3.396345     0.9107     0.9437     0.0102  0.0879084 0.0000e+00
       2370     28.626     8.6955   3.395558     0.9070     0.9400     0.0101  0.0879084 0.0000e+00
       2371     28.692     8.6861   3.394700     0.9034     0.9376     0.0099  0.0879084 0.0000e+00
       2372     28.692     8.6776   3.393733     0.8997     0.9351     0.0099  0.0879084 0.0000e+00
       2373     28.692     8.6699   3.392835     0.8985     0.9327     0.0099  0.0879084 0.0000e+00
       2374     28.750     8.6633   3.392057     0.8960     0.9290     0.0099  0.0883968 0.0000e+00
       2375     28.750     8.6565   3.391411     0.8924     0.9266     0.0099  0.0883968 0.0000e+00
       2376     28.750     8.6438   3.390645     0.8899     0.9241     0.0099  0.0879084 0.0000e+00
       2377     28.816     8.6275   3.389667     0.8875     0.9217     0.0099  0.0883968 0.0000e+00
       2378     28.824     8.6133   3.388680     0.8850     0.9180     0.0099  0.0879084 0.0000e+00
       2379     28.816     8.6036   3.387750     0.8838     0.9156     0.0099  0.0879084 0.0000e+00
       2380     28.874     8.5931   3.386667     0.8814     0.9143     0.0099  0.0879084 0.0000e+00
       2381     28.940     8.5736   3.385096     0.8765     0.9107     0.0099  0.0879084 0.0000e+00
       2382     28.874     8.5495   3.383125     0.8740     0.9082     0.0099  0.0883968 0.0000e+00
       2383     28.940     8.5223   3.381225     0.8728     0.9058     0.0099  0.0879084 0.0000e+00
       2384     28.940     8.4961   3.379219     0.8716     0.9034     0.0099  0.0879084 0.0000e+00
       2385     28.998     8.4737   3.377262     0.8679     0.9009     0.0099  0.0879084 0.0000e+00
       2386     28.998     8.4521   3.375395     0.8643     0.8985     0.0099  0.0879084 0.0000e+00
       2387     28.998     8.4311   3.373561     0.8618     0.8960     0.0097  0.0879084 0.0000e+00
       2388     29.055     8.4167   3.371682     0.8606     0.8936     0.0099  0.0879084 0.0000e+00
       2389     29.055     8.3973   3.369605     0.8594     0.8911     0.0099  0.0879084 0.0000e+00
       2390     29.055     8.3663   3.367073     0.8569     0.8875     0.0099  0.0879084 0.0000e+00
       2391     29.129     8.3392   3.364697     0.8533     0.8863     0.0099  0.0879084 0.0000e+00
       2392     29.121     8.3109   3.362693     0.8508     0.8838     0.0099  0.0879084 0.0000e+00
       2393     29.121     8.2856   3.360504     0.8496     0.8814     0.0099  0.0879084 0.0000e+00
       2394     29.179     8.2710   3.358855     0.8472     0.8789     0.0099  0.0879084 0.0000e+00
       2395     29.179     8.2557   3.357458     0.8435     0.8765     0.0099  0.0879084 0.0000e+00
       2396     29.245     8.2410   3.355988     0.8423     0.8740     0.0102  0.0879084 0.0000e+00
       2397     29.179     8.2268   3.354635     0.8386     0.8716     0.0108  0.0874200 0.0000e+00
       2398     29.245     8.2135   3.353275     0.8386     0.8704     0.0110  0.0874200 0.0000e+00
       2399     29.303     8.1981   3.352105     0.8374     0.8679     0.0110  0.0874200 0.0000e+00
       2400     29.245     8.1861   3.350866     0.8337     0.8655     0.0110  0.0879084 0.0000e+00
