code/data/2021/ctd_data_day2/station6.cnv
* Sea-Bird SBE 9 Data File:
* FileName = C:\Users\CTD-User\Desktop\MAR440\day2\station6.hex
* Software Version Seasave V 7.26.2.13
* Temperature SN = 6313
* Conductivity SN = 4758
* Number of Bytes Per Scan = 37
* Number of Voltage Words = 4
* Number of Scans Averaged by the Deck Unit = 1
* NMEA Latitude = 58 18.87 N
* NMEA Longitude = 011 46.44 E
* NMEA UTC (Time) = Sep 22 2021 10:40:23
* NMEA baud rate = 4800
** Ship: Skagerrak
** Station: station6
** Operator: group2blu
# nquan = 9
# nvalues = 3719                                  
# units = specified
# name 0 = scan: Scan Count
# name 1 = prDM: Pressure, Digiquartz [db]
# name 2 = t090C: Temperature [ITS-90, deg C]
# name 3 = c0S/m: Conductivity [S/m]
# name 4 = sbeox0V: Oxygen raw, SBE 43 [V]
# name 5 = sbeox1V: Oxygen raw, SBE 43, 2 [V]
# name 6 = flECO-AFL: Fluorescence, WET Labs ECO-AFL/FL [mg/m^3]
# name 7 = upoly0: Upoly 0, Turbidity
# name 8 = flag:  0.000e+00
# span 0 =          1,       3719                 
# span 1 =      0.217,     37.875                 
# span 2 =     6.7156,    16.0704                 
# span 3 =   2.943636,   3.753979                 
# span 4 =     0.5138,     2.8083                 
# span 5 =     0.5761,     2.7851                 
# span 6 =     0.0033,     0.0304                 
# span 7 =  0.0859548,  0.1621453                 
# span 8 = 0.0000e+00, 0.0000e+00                 
# interval = seconds: 0.0416667
# start_time = Sep 22 2021 10:40:23 [NMEA time, header]
# bad_flag = -9.990e-29
*END*
[from data line 2881]
       2882     31.160     7.1254   3.268985     0.8228     0.8594     0.0046  0.0869316  0.000e+00
       2883     31.217     7.1241   3.268888     0.8216     0.8582     0.0046  0.0869316  0.000e+00
       2884     31.217     7.1227   3.268584     0.8216     0.8558     0.0046  0.0869316  0.000e+00
       2885     31.283     7.1217   3.268430     0.8203     0.8545     0.0046  0.0869316  0.000e+00
       2886     31.217     7.1204   3.268160     0.8167     0.8533     0.0046  0.0869316  0.000e+00
       2887     31.341     7.1193   3.268080     0.8142     0.8521     0.0046  0.0869316  0.000e+00
       2888     31.283     7.1183   3.268367     0.8142     0.8496     0.0046  0.0869316  0.000e+00
       2889     31.341     7.1175   3.268349     0.8142     0.8484     0.0046  0.0869316  0.000e+00
       2890     31.399     7.1169   3.268355     0.8130     0.8472     0.0046  0.0869316  0.000e+00
       2891     31.341     7.1162   3.268149     0.8093     0.8460     0.0046  0.0869316  0.000e+00
       2892     31.465     7.1156   3.267851     0.8081     0.8448     0.0046  0.0869316  0.000e+00
       2893     31.399     7.1146   3.267714     0.8081     0.8435     0.0046  0.0869316  0.000e+00
       2894     31.465     7.1130   3.267759     0.8057     0.8423     0.0046  0.0869316  0.000e+00
       2895     31.465     7.1102   3.267645     0.8032     0.8411     0.0046  0.0869316  0.000e+00
       2896     31.522     7.1054   3.267513     0.8020     0.8399     0.0048  0.0869316  0.000e+00
       2897     31.531     7.0979   3.267147     0.8008     0.8387     0.0046  0.0864432  0.000e+00
       2898     31.522     7.0903   3.266768     0.8032     0.8374     0.0046  0.0869316  0.000e+00
       2899     31.588     7.0840   3.266390     0.7983     0.8362     0.0046  0.0869316  0.000e+00
       2900     31.588     7.0782   3.265961     0.7959     0.8350     0.0048  0.0869316  0.000e+00
       2901     31.588     7.0711   3.265898     0.7947     0.8338     0.0053  0.0869316  0.000e+00
       2902     31.646     7.0631   3.265915     0.7947     0.8338     0.0053  0.0869316  0.000e+00
       2903     31.646     7.0550   3.265703     0.7947     0.8325     0.0053  0.0869316  0.000e+00
       2904     31.712     7.0463   3.265154     0.7935     0.8301     0.0053  0.0869316  0.000e+00
       2905     31.712     7.0375   3.264879     0.7910     0.8289     0.0053  0.0869316  0.000e+00
       2906     31.712     7.0307   3.264552     0.7898     0.8289     0.0053  0.0869316  0.000e+00
       2907     31.770     7.0225   3.264048     0.7898     0.8277     0.0053  0.0869316  0.000e+00
       2908     31.770     7.0158   3.263636     0.7898     0.8277     0.0053  0.0869316  0.000e+00
       2909     31.770     7.0109   3.263453     0.7861     0.8264     0.0053  0.0869316  0.000e+00
       2910     31.827     7.0063   3.263195     0.7849     0.8252     0.0055  0.0864432  0.000e+00
       2911     31.827     7.0034   3.262932     0.7837     0.8240     0.0053  0.0864432  0.000e+00
       2912     31.893     7.0015   3.262754     0.7837     0.8240     0.0053  0.0869316  0.000e+00
       2913     31.901     6.9992   3.262668     0.7837     0.8228     0.0053  0.0869316  0.000e+00
       2914     31.893     6.9968   3.262462     0.7813     0.8216     0.0055  0.0869316  0.000e+00
       2915     31.951     6.9948   3.262142     0.7800     0.8216     0.0055  0.0869316  0.000e+00
       2916     31.893     6.9931   3.262062     0.7788     0.8203     0.0053  0.0869316  0.000e+00
       2917     32.017     6.9918   3.262067     0.7788     0.8191     0.0053  0.0869316  0.000e+00
       2918     31.951     6.9912   3.261815     0.7776     0.8179     0.0053  0.0864432  0.000e+00
       2919     32.075     6.9908   3.261735     0.7751     0.8179     0.0053  0.0869316  0.000e+00
       2920     32.017     6.9899   3.261821     0.7739     0.8167     0.0053  0.0869316  0.000e+00
       2921     32.083     6.9895   3.261678     0.7727     0.8155     0.0053  0.0869316  0.000e+00
       2922     32.075     6.9894   3.261752     0.7739     0.8142     0.0055  0.0869316  0.000e+00
       2923     32.132     6.9889   3.261730     0.7739     0.8130     0.0053  0.0869316  0.000e+00
       2924     32.132     6.9889   3.261604     0.7715     0.8130     0.0055  0.0869316  0.000e+00
       2925     32.132     6.9888   3.261518     0.7690     0.8130     0.0055  0.0869316  0.000e+00
       2926     32.198     6.9889   3.261518     0.7690     0.8118     0.0066  0.0869316  0.000e+00
       2927     32.198     6.9889   3.261420     0.7703     0.8106     0.0075  0.0869316  0.000e+00
       2928     32.198     6.9887   3.261403     0.7690     0.8106     0.0075  0.0869316  0.000e+00
       2929     32.264     6.9886   3.261415     0.7666     0.8093     0.0075  0.0869316  0.000e+00
       2930     32.256     6.9884   3.261306     0.7642     0.8081     0.0075  0.0869316  0.000e+00
       2931     32.256     6.9880   3.261151     0.7642     0.8081     0.0075  0.0869316  0.000e+00
       2932     32.322     6.9875   3.261203     0.7654     0.8069     0.0075  0.0869316  0.000e+00
       2933     32.322     6.9871   3.261014     0.7642     0.8069     0.0075  0.0869316  0.000e+00
       2934     32.379     6.9867   3.260980     0.7617     0.8057     0.0075  0.0869316  0.000e+00
       2935     32.379     6.9862   3.260928     0.7593     0.8045     0.0075  0.0869316  0.000e+00
       2936     32.379     6.9851   3.260865     0.7605     0.8045     0.0075  0.0869316  0.000e+00
       2937     32.445     6.9838   3.260848     0.7605     0.8032     0.0075  0.0869316  0.000e+00
       2938     32.379     6.9826   3.260762     0.7593     0.8020     0.0075  0.0869316  0.000e+00
       2939     32.503     6.9818   3.260711     0.7568     0.8008     0.0075  0.0869316  0.000e+00
       2940     32.445     6.9809   3.260653     0.7556     0.8008     0.0075  0.0864432  0.000e+00
       2941     32.503     6.9801   3.260482     0.7593     0.7996     0.0075  0.0869316  0.000e+00
       2942     32.561     6.9797   3.260367     0.7556     0.7996     0.0075  0.0869316  0.000e+00
       2943     32.561     6.9793   3.260453     0.7532     0.7984     0.0075  0.0869316  0.000e+00
       2944     32.569     6.9786   3.260333     0.7519     0.7971     0.0075  0.0869316  0.000e+00
       2945     32.561     6.9778   3.260264     0.7519     0.7959     0.0075  0.0869316  0.000e+00
       2946     32.627     6.9772   3.260298     0.7544     0.7959     0.0075  0.0869316  0.000e+00
       2947     32.627     6.9767   3.260155     0.7507     0.7947     0.0075  0.0864432  0.000e+00
       2948     32.684     6.9759   3.260087     0.7483     0.7935     0.0075  0.0869316  0.000e+00
       2949     32.684     6.9751   3.260167     0.7483     0.7935     0.0075  0.0869316  0.000e+00
       2950     32.684     6.9746   3.260178     0.7471     0.7922     0.0075  0.0869316  0.000e+00
       2951     32.693     6.9740   3.259926     0.7495     0.7910     0.0075  0.0869316  0.000e+00
       2952     32.750     6.9728   3.259795     0.7458     0.7898     0.0075  0.0864432  0.000e+00
       2953     32.808     6.9722   3.259698     0.7446     0.7886     0.0075  0.0869316  0.000e+00
       2954     32.808     6.9714   3.259755     0.7422     0.7874     0.0075  0.0869316  0.000e+00
       2955     32.750     6.9707   3.259669     0.7422     0.7861     0.0075  0.0869316  0.000e+00
       2956     32.866     6.9698   3.259743     0.7446     0.7861     0.0075  0.0869316  0.000e+00
       2957     32.808     6.9687   3.259623     0.7410     0.7837     0.0075  0.0869316  0.000e+00
       2958     32.940     6.9674   3.259577     0.7385     0.7825     0.0075  0.0869316  0.000e+00
       2959     32.866     6.9664   3.259463     0.7397     0.7825     0.0075  0.0869316  0.000e+00
       2960     32.932     6.9660   3.259268     0.7397     0.7800     0.0075  0.0869316  0.000e+00
       2961     32.932     6.9646   3.259177     0.7373     0.7788     0.0075  0.0869316  0.000e+00
       2962     32.932     6.9638   3.259142     0.7348     0.7776     0.0075  0.0869316  0.000e+00
       2963     32.989     6.9624   3.258999     0.7348     0.7764     0.0075  0.0869316  0.000e+00
       2964     33.055     6.9613   3.259062     0.7324     0.7764     0.0075  0.0869316  0.000e+00
       2965     32.998     6.9602   3.258965     0.7324     0.7739     0.0075  0.0869316  0.000e+00
       2966     33.055     6.9594   3.258971     0.7312     0.7727     0.0075  0.0869316  0.000e+00
       2967     33.055     6.9584   3.258828     0.7300     0.7715     0.0075  0.0869316  0.000e+00
       2968     33.113     6.9573   3.258645     0.7275     0.7703     0.0075  0.0869316  0.000e+00
       2969     33.113     6.9563   3.258490     0.7263     0.7690     0.0075  0.0869316  0.000e+00
       2970     33.113     6.9555   3.258490     0.7263     0.7678     0.0075  0.0869316  0.000e+00
       2971     33.179     6.9542   3.258576     0.7251     0.7666     0.0075  0.0869316  0.000e+00
       2972     33.179     6.9537   3.258536     0.7226     0.7654     0.0075  0.0869316  0.000e+00
       2973     33.179     6.9533   3.258393     0.7202     0.7642     0.0075  0.0869316  0.000e+00
       2974     33.237     6.9529   3.258410     0.7202     0.7629     0.0075  0.0869316  0.000e+00
       2975     33.237     6.9529   3.258307     0.7202     0.7617     0.0075  0.0869316  0.000e+00
       2976     33.294     6.9521   3.258341     0.7177     0.7593     0.0075  0.0869316  0.000e+00
       2977     33.237     6.9513   3.258296     0.7165     0.7593     0.0077  0.0869316  0.000e+00
       2978     33.360     6.9507   3.258164     0.7153     0.7568     0.0079  0.0869316  0.000e+00
       2979     33.303     6.9500   3.258193     0.7153     0.7568     0.0079  0.0864432  0.000e+00
       2980     33.360     6.9499   3.258164     0.7153     0.7544     0.0079  0.0869316  0.000e+00
       2981     33.360     6.9497   3.258135     0.7116     0.7544     0.0079  0.0869316  0.000e+00
       2982     33.360     6.9492   3.257987     0.7104     0.7519     0.0079  0.0869316  0.000e+00
       2983     33.418     6.9488   3.257969     0.7104     0.7507     0.0079  0.0869316  0.000e+00
       2984     33.484     6.9483   3.258050     0.7092     0.7495     0.0079  0.0869316  0.000e+00
       2985     33.426     6.9478   3.258061     0.7080     0.7483     0.0079  0.0869316  0.000e+00
       2986     33.484     6.9475   3.257998     0.7055     0.7471     0.0079  0.0869316  0.000e+00
       2987     33.484     6.9468   3.258015     0.7055     0.7458     0.0079  0.0864432  0.000e+00
       2988     33.542     6.9465   3.257969     0.7019     0.7446     0.0079  0.0869316  0.000e+00
       2989     33.542     6.9464   3.257855     0.7031     0.7434     0.0079  0.0869316  0.000e+00
       2990     33.542     6.9459   3.257809     0.7006     0.7422     0.0079  0.0869316  0.000e+00
       2991     33.608     6.9455   3.257803     0.6982     0.7410     0.0079  0.0869316  0.000e+00
       2992     33.608     6.9456   3.257838     0.6970     0.7397     0.0079  0.0869316  0.000e+00
       2993     33.608     6.9449   3.257855     0.6958     0.7385     0.0079  0.0869316  0.000e+00
       2994     33.665     6.9447   3.257741     0.6970     0.7373     0.0079  0.0869316  0.000e+00
       2995     33.665     6.9443   3.257620     0.6945     0.7361     0.0079  0.0869316  0.000e+00
       2996     33.665     6.9438   3.257632     0.6921     0.7361     0.0079  0.0869316  0.000e+00
       2997     33.723     6.9436   3.257718     0.6909     0.7336     0.0079  0.0869316  0.000e+00
       2998     33.731     6.9431   3.257678     0.6909     0.7324     0.0079  0.0869316  0.000e+00
       2999     33.789     6.9427   3.257580     0.6909     0.7324     0.0079  0.0869316  0.000e+00
       3000     33.789     6.9416   3.257626     0.6884     0.7312     0.0079  0.0869316  0.000e+00
       3001     33.723     6.9406   3.257535     0.6860     0.7300     0.0079  0.0869316  0.000e+00
       3002     33.847     6.9393   3.257569     0.6848     0.7287     0.0079  0.0869316  0.000e+00
       3003     33.847     6.9376   3.257477     0.6848     0.7275     0.0081  0.0869316  0.000e+00
       3004     33.855     6.9361   3.257220     0.6848     0.7263     0.0081  0.0869316  0.000e+00
       3005     33.913     6.9343   3.257054     0.6823     0.7263     0.0081  0.0869316  0.000e+00
       3006     33.913     6.9329   3.256940     0.6811     0.7251     0.0081  0.0864432  0.000e+00
       3007     33.913     6.9318   3.256985     0.6799     0.7239     0.0081  0.0869316  0.000e+00
       3008     33.913     6.9302   3.256951     0.6799     0.7226     0.0081  0.0869316  0.000e+00
       3009     33.970     6.9294   3.256831     0.6787     0.7214     0.0081  0.0869316  0.000e+00
       3010     34.036     6.9279   3.256762     0.6762     0.7202     0.0081  0.0869316  0.000e+00
       3011     33.970     6.9271   3.256585     0.6762     0.7202     0.0081  0.0869316  0.000e+00
       3012     34.028     6.9258   3.256522     0.6738     0.7190     0.0081  0.0869316  0.000e+00
       3013     34.094     6.9244   3.256459     0.6750     0.7178     0.0081  0.0869316  0.000e+00
       3014     34.028     6.9234   3.256390     0.6726     0.7165     0.0081  0.0869316  0.000e+00
       3015     34.094     6.9223   3.256356     0.6713     0.7153     0.0081  0.0869316  0.000e+00
       3016     34.160     6.9213   3.256339     0.6701     0.7153     0.0081  0.0869316  0.000e+00
       3017     34.152     6.9210   3.256219     0.6677     0.7141     0.0081  0.0869316  0.000e+00
       3018     34.152     6.9202   3.256253     0.6713     0.7141     0.0081  0.0869316  0.000e+00
       3019     34.152     6.9193   3.256247     0.6677     0.7116     0.0081  0.0869316  0.000e+00
       3020     34.218     6.9178   3.256179     0.6665     0.7104     0.0081  0.0869316  0.000e+00
       3021     34.218     6.9151   3.256019     0.6652     0.7104     0.0081  0.0869316  0.000e+00
       3022     34.284     6.9121   3.255979     0.6640     0.7092     0.0081  0.0869316  0.000e+00
       3023     34.218     6.9097   3.255795     0.6665     0.7092     0.0081  0.0869316  0.000e+00
       3024     34.341     6.9066   3.255790     0.6628     0.7080     0.0081  0.0869316  0.000e+00
       3025     34.275     6.9042   3.255687     0.6603     0.7068     0.0081  0.0869316  0.000e+00
       3026     34.341     6.9018   3.255590     0.6591     0.7055     0.0081  0.0869316  0.000e+00
       3027     34.399     6.8985   3.255378     0.6591     0.7055     0.0081  0.0869316  0.000e+00
       3028     34.341     6.8962   3.255418     0.6591     0.7043     0.0084  0.0869316  0.000e+00
       3029     34.399     6.8940   3.255286     0.6567     0.7031     0.0088  0.0874200  0.000e+00
       3030     34.457     6.8910   3.255149     0.6567     0.7031     0.0088  0.0874200  0.000e+00
       3031     34.399     6.8887   3.255006     0.6542     0.7019     0.0088  0.0874200  0.000e+00
       3032     34.457     6.8866   3.254772     0.6555     0.7007     0.0088  0.0874200  0.000e+00
       3033     34.523     6.8842   3.254680     0.6542     0.7007     0.0088  0.0874200  0.000e+00
       3034     34.523     6.8819   3.254720     0.6518     0.6994     0.0088  0.0869316  0.000e+00
       3035     34.523     6.8787   3.254577     0.6506     0.6982     0.0088  0.0874200  0.000e+00
       3036     34.580     6.8766   3.254348     0.6518     0.6982     0.0088  0.0874200  0.000e+00
       3037     34.523     6.8752   3.254354     0.6506     0.6970     0.0088  0.0874200  0.000e+00
       3038     34.646     6.8739   3.254429     0.6506     0.6958     0.0088  0.0869316  0.000e+00
       3039     34.580     6.8722   3.254280     0.6481     0.6958     0.0088  0.0874200  0.000e+00
       3040     34.646     6.8705   3.254143     0.6469     0.6945     0.0088  0.0874200  0.000e+00
