code/data/2021/ctd_data_day2/station7_ctm_fil_le.cnv
* Sea-Bird SBE 9 Data File:
* FileName = C:\Users\CTD-User\Desktop\MAR440\day2\station7.hex
* Software Version Seasave V 7.26.2.13
* Temperature SN = 6313
* Conductivity SN = 4758
* Number of Bytes Per Scan = 37
* Number of Voltage Words = 4
* Number of Scans Averaged by the Deck Unit = 1
* NMEA Latitude = 58 19.09 N
* NMEA Longitude = 011 47.38 E
* NMEA UTC (Time) = Sep 22 2021 11:12:47
* NMEA baud rate = 4800
** Ship: Skagerrak
** Station: station7
** Operator: group1
# nquan = 9
# nvalues = 2736                        
# units = specified
# name 0 = scan: Scan Count
# name 1 = prDM: Pressure, Digiquartz [db]
# name 2 = t090C: Temperature [ITS-90, deg C]
# name 3 = c0S/m: Conductivity [S/m]
# name 4 = sbeox0V: Oxygen raw, SBE 43 [V]
# name 5 = sbeox1V: Oxygen raw, SBE 43, 2 [V]
# name 6 = flECO-AFL: Fluorescence, WET Labs ECO-AFL/FL [mg/m^3]
# name 7 = upoly0: Upoly 0, Turbidity
# name 8 = flag:  0.000e+00
# span 0 =          1,       2736       
# span 1 =      0.803,     30.368       
# span 2 =     7.3535,    16.0306       
# span 3 =   2.942788,   3.785244       
# span 4 =     0.5864,     2.8350       
# span 5 =     0.6626,     2.7722       
# span 6 =     0.0035,     0.0123       
# span 7 =  0.0866458,  0.1647296       
# span 8 = 0.0000e+00, 0.0000e+00       
# interval = seconds: 0.0416667
# start_time = Sep 22 2021 11:12:47 [NMEA time, header]
# bad_flag = -9.990e-29
*END*
[from data line 801]
        802      4.671    15.1527   2.978275     2.7199     2.7129     0.0044  0.1558038 -9.990e-29
        803      4.650    15.1514   2.978081     2.7206     2.7131     0.0044  0.1557647 -9.990e-29
        804      4.628    15.1500   2.977868     2.7213     2.7133     0.0044  0.1557236 -9.990e-29
        805      4.606    15.1485   2.977643     2.7219     2.7134     0.0044  0.1556804 -9.990e-29
        806      4.585    15.1470   2.977415     2.7226     2.7136     0.0044  0.1556346 -9.990e-29
        807      4.563    15.1457   2.977193     2.7232     2.7137     0.0044  0.1555861 -9.990e-29
        808      4.541    15.1444   2.976985     2.7238     2.7138     0.0044  0.1555352 -9.990e-29
        809      4.520    15.1433   2.976795     2.7243     2.7139     0.0044  0.1554825 -9.990e-29
        810      4.498    15.1423   2.976625     2.7249     2.7140     0.0044  0.1554276 -9.990e-29
        811      4.477    15.1414   2.976472     2.7254     2.7141     0.0044  0.1553701 -9.990e-29
        812      4.455    15.1405   2.976328     2.7259     2.7141     0.0044  0.1553089 -9.990e-29
        813      4.433    15.1394   2.976179     2.7263     2.7142     0.0044  0.1552425 -9.990e-29
        814      4.412    15.1381   2.976008     2.7268     2.7142     0.0044  0.1551715 -9.990e-29
        815      4.390    15.1364   2.975801     2.7272     2.7142     0.0046  0.1550970 -9.990e-29
        816      4.369    15.1345   2.975552     2.7277     2.7143     0.0048  0.1550218 -9.990e-29
        817      4.347    15.1322   2.975260     2.7281     2.7143     0.0046  0.1549506 -9.990e-29
        818      4.325    15.1299   2.974931     2.7285     2.7143     0.0048  0.1548862 -9.990e-29
        819      4.304    15.1274   2.974578     2.7288     2.7142     0.0046  0.1548292 -9.990e-29
        820      4.282    15.1249   2.974210     2.7292     2.7142     0.0048  0.1547781 -9.990e-29
        821      4.260    15.1223   2.973835     2.7295     2.7142     0.0046  0.1547310 -9.990e-29
        822      4.238    15.1197   2.973452     2.7299     2.7142     0.0046  0.1546867 -9.990e-29
        823      4.217    15.1169   2.973062     2.7302     2.7142     0.0048  0.1546448 -9.990e-29
        824      4.195    15.1141   2.972667     2.7305     2.7141     0.0048  0.1546052 -9.990e-29
        825      4.174    15.1113   2.972266     2.7308     2.7141     0.0048  0.1545674 -9.990e-29
        826      4.152    15.1083   2.971858     2.7310     2.7141     0.0046  0.1545313 -9.990e-29
        827      4.130    15.1053   2.971442     2.7313     2.7141     0.0048  0.1544974 -9.990e-29
        828      4.108    15.1022   2.971018     2.7315     2.7140     0.0048  0.1544664 -9.990e-29
        829      4.087    15.0990   2.970587     2.7318     2.7140     0.0048  0.1544372 -9.990e-29
        830      4.065    15.0958   2.970152     2.7320     2.7140     0.0048  0.1544096 -9.990e-29
        831      4.044    15.0926   2.969717     2.7323     2.7140     0.0046  0.1543850 -9.990e-29
        832      4.022    15.0895   2.969286     2.7325     2.7141     0.0048  0.1543634 -9.990e-29
        833      4.001    15.0864   2.968860     2.7328     2.7141     0.0046  0.1543437 -9.990e-29
        834      3.979    15.0833   2.968441     2.7330     2.7141     0.0046  0.1543267 -9.990e-29
        835      3.958    15.0803   2.968026     2.7332     2.7142     0.0048  0.1543122 -9.990e-29
        836      3.937    15.0772   2.967609     2.7335     2.7143     0.0046  0.1542992 -9.990e-29
        837      3.915    15.0739   2.967186     2.7337     2.7143     0.0046  0.1542886 -9.990e-29
        838      3.894    15.0706   2.966750     2.7339     2.7144     0.0048  0.1542802 -9.990e-29
        839      3.872    15.0672   2.966299     2.7342     2.7145     0.0046  0.1542723 -9.990e-29
        840      3.851    15.0637   2.965831     2.7344     2.7146     0.0046  0.1542649 -9.990e-29
        841      3.829    15.0600   2.965344     2.7347     2.7147     0.0046  0.1542595 -9.990e-29
        842      3.808    15.0562   2.964840     2.7349     2.7149     0.0048  0.1542562 -9.990e-29
        843      3.786    15.0523   2.964321     2.7352     2.7150     0.0048  0.1542541 -9.990e-29
        844      3.765    15.0483   2.963791     2.7354     2.7151     0.0046  0.1542540 -9.990e-29
        845      3.744    15.0443   2.963251     2.7356     2.7153     0.0046  0.1542567 -9.990e-29
        846      3.722    15.0402   2.962700     2.7359     2.7155     0.0048  0.1542615 -9.990e-29
        847      3.700    15.0361   2.962146     2.7361     2.7157     0.0046  0.1542675 -9.990e-29
        848      3.679    15.0320   2.961592     2.7364     2.7159     0.0048  0.1542748 -9.990e-29
        849      3.658    15.0281   2.961048     2.7366     2.7161     0.0048  0.1542825 -9.990e-29
        850      3.636    15.0242   2.960518     2.7369     2.7163     0.0046  0.1542907 -9.990e-29
        851      3.615    15.0206   2.960010     2.7371     2.7165     0.0048  0.1543012 -9.990e-29
        852      3.594    15.0171   2.959528     2.7374     2.7168     0.0048  0.1543141 -9.990e-29
        853      3.572    15.0138   2.959074     2.7376     2.7170     0.0046  0.1543285 -9.990e-29
        854      3.551    15.0107   2.958653     2.7378     2.7173     0.0046  0.1543455 -9.990e-29
        855      3.529    15.0080   2.958266     2.7381     2.7175     0.0048  0.1543651 -9.990e-29
        856      3.508    15.0054   2.957914     2.7383     2.7178     0.0046  0.1543866 -9.990e-29
        857      3.486    15.0031   2.957591     2.7386     2.7180     0.0048  0.1544111 -9.990e-29
        858      3.464    15.0010   2.957294     2.7388     2.7183     0.0048  0.1544395 -9.990e-29
        859      3.443    14.9991   2.957019     2.7391     2.7186     0.0048  0.1544713 -9.990e-29
        860      3.422    14.9972   2.956764     2.7394     2.7189     0.0046  0.1545057 -9.990e-29
        861      3.400    14.9954   2.956521     2.7396     2.7192     0.0048  0.1545438 -9.990e-29
        862      3.379    14.9937   2.956286     2.7399     2.7194     0.0046  0.1545869 -9.990e-29
        863      3.357    14.9919   2.956054     2.7402     2.7197     0.0046  0.1546351 -9.990e-29
        864      3.336    14.9901   2.955820     2.7404     2.7200     0.0048  0.1546889 -9.990e-29
        865      3.314    14.9883   2.955585     2.7407     2.7203     0.0048  0.1547485 -9.990e-29
        866      3.292    14.9865   2.955349     2.7409     2.7206     0.0046  0.1548127 -9.990e-29
        867      3.271    14.9847   2.955109     2.7412     2.7209     0.0046  0.1548786 -9.990e-29
        868      3.249    14.9828   2.954865     2.7415     2.7212     0.0046  0.1549450 -9.990e-29
        869      3.228    14.9809   2.954616     2.7418     2.7215     0.0048  0.1550113 -9.990e-29
        870      3.206    14.9789   2.954362     2.7420     2.7218     0.0046  0.1550772 -9.990e-29
        871      3.185    14.9769   2.954100     2.7423     2.7221     0.0048  0.1551433 -9.990e-29
        872      3.163    14.9748   2.953830     2.7426     2.7224     0.0048  0.1552091 -9.990e-29
        873      3.142    14.9727   2.953554     2.7429     2.7228     0.0048  0.1552750 -9.990e-29
        874      3.120    14.9706   2.953272     2.7431     2.7231     0.0046  0.1553424 -9.990e-29
        875      3.099    14.9684   2.952984     2.7434     2.7234     0.0046  0.1554109 -9.990e-29
        876      3.077    14.9661   2.952692     2.7438     2.7238     0.0048  0.1554810 -9.990e-29
        877      3.056    14.9639   2.952398     2.7441     2.7241     0.0048  0.1555539 -9.990e-29
        878      3.034    14.9616   2.952103     2.7444     2.7244     0.0048  0.1556295 -9.990e-29
        879      3.013    14.9594   2.951811     2.7447     2.7248     0.0046  0.1557081 -9.990e-29
        880      2.992    14.9573   2.951525     2.7450     2.7251     0.0048  0.1557912 -9.990e-29
        881      2.970    14.9552   2.951249     2.7453     2.7255     0.0048  0.1558785 -9.990e-29
        882      2.949    14.9533   2.950986     2.7457     2.7259     0.0048  0.1559698 -9.990e-29
        883      2.927    14.9516   2.950740     2.7460     2.7262     0.0048  0.1560657 -9.990e-29
        884      2.906    14.9499   2.950511     2.7464     2.7266     0.0046  0.1561677 -9.990e-29
        885      2.884    14.9484   2.950298     2.7468     2.7269     0.0044  0.1562782 -9.990e-29
        886      2.863    14.9470   2.950101     2.7472     2.7272     0.0048  0.1563989 -9.990e-29
        887      2.841    14.9457   2.949917     2.7476     2.7276     0.0048  0.1565306 -9.990e-29
        888      2.820    14.9444   2.949741     2.7480     2.7279     0.0048  0.1566742 -9.990e-29
        889      2.798    14.9432   2.949570     2.7484     2.7283     0.0046  0.1568298 -9.990e-29
        890      2.776    14.9420   2.949401     2.7488     2.7286     0.0046  0.1569969 -9.990e-29
        891      2.755    14.9407   2.949232     2.7492     2.7290     0.0048  0.1571749 -9.990e-29
        892      2.733    14.9395   2.949063     2.7497     2.7293     0.0048  0.1573582 -9.990e-29
        893      2.711    14.9383   2.948894     2.7501     2.7297     0.0048  0.1575346 -9.990e-29
        894      2.690    14.9371   2.948727     2.7506     2.7300     0.0048  0.1576950 -9.990e-29
        895      2.668    14.9359   2.948562     2.7511     2.7303     0.0048  0.1578380 -9.990e-29
        896      2.647    14.9347   2.948400     2.7515     2.7307     0.0048  0.1579647 -9.990e-29
        897      2.625    14.9336   2.948242     2.7520     2.7310     0.0048  0.1580767 -9.990e-29
        898      2.603    14.9326   2.948092     2.7525     2.7313     0.0048  0.1581758 -9.990e-29
        899      2.582    14.9316   2.947952     2.7530     2.7317     0.0048  0.1582624 -9.990e-29
        900      2.560    14.9307   2.947823     2.7534     2.7320     0.0048  0.1583383 -9.990e-29
        901      2.539    14.9298   2.947705     2.7539     2.7323     0.0048  0.1584046 -9.990e-29
        902      2.517    14.9290   2.947595     2.7544     2.7326     0.0048  0.1584610 -9.990e-29
        903      2.495    14.9283   2.947492     2.7549     2.7329     0.0048  0.1585063 -9.990e-29
        904      2.474    14.9276   2.947396     2.7554     2.7332     0.0048  0.1585407 -9.990e-29
        905      2.452    14.9269   2.947307     2.7559     2.7335     0.0048  0.1585661 -9.990e-29
        906      2.431    14.9263   2.947225     2.7564     2.7339     0.0048  0.1585836 -9.990e-29
        907      2.409    14.9258   2.947151     2.7569     2.7342     0.0048  0.1585934 -9.990e-29
        908      2.387    14.9253   2.947084     2.7575     2.7345     0.0048  0.1585954 -9.990e-29
        909      2.366    14.9249   2.947025     2.7580     2.7348     0.0048  0.1585888 -9.990e-29
        910      2.345    14.9246   2.946972     2.7585     2.7351     0.0048  0.1585720 -9.990e-29
        911      2.323    14.9242   2.946927     2.7591     2.7354     0.0048  0.1585447 -9.990e-29
        912      2.302    14.9240   2.946889     2.7596     2.7357     0.0048  0.1585077 -9.990e-29
        913      2.281    14.9238   2.946858     2.7601     2.7360     0.0048  0.1584607 -9.990e-29
        914      2.260    14.9237   2.946836     2.7607     2.7364     0.0048  0.1584041 -9.990e-29
        915      2.239    14.9236   2.946821     2.7613     2.7367     0.0048  0.1583386 -9.990e-29
        916      2.218    14.9235   2.946811     2.7618     2.7370     0.0048  0.1582635 -9.990e-29
        917      2.197    14.9234   2.946804     2.7624     2.7373     0.0048  0.1581801 -9.990e-29
        918      2.177    14.9234   2.946796     2.7630     2.7376     0.0044  0.1580938 -9.990e-29
        919      2.156    14.9233   2.946786     2.7635     2.7379     0.0044  0.1580116 -9.990e-29
        920      2.136    14.9231   2.946773     2.7641     2.7382     0.0044  0.1579371 -9.990e-29
        921      2.115    14.9230   2.946757     2.7647     2.7385     0.0044  0.1578699 -9.990e-29
        922      2.095    14.9228   2.946739     2.7653     2.7388     0.0044  0.1578077 -9.990e-29
        923      2.075    14.9227   2.946720     2.7659     2.7391     0.0044  0.1577494 -9.990e-29
        924      2.055    14.9225   2.946701     2.7664     2.7394     0.0044  0.1576953 -9.990e-29
        925      2.035    14.9224   2.946682     2.7670     2.7398     0.0044  0.1576468 -9.990e-29
        926      2.016    14.9222   2.946664     2.7676     2.7401     0.0044  0.1576035 -9.990e-29
        927      1.996    14.9220   2.946644     2.7682     2.7404     0.0044  0.1575635 -9.990e-29
        928      1.977    14.9218   2.946624     2.7688     2.7407     0.0044  0.1575255 -9.990e-29
        929      1.958    14.9216   2.946602     2.7694     2.7410     0.0044  0.1574894 -9.990e-29
        930      1.939    14.9214   2.946580     2.7700     2.7413     0.0044  0.1574548 -9.990e-29
        931      1.921    14.9212   2.946557     2.7706     2.7417     0.0044  0.1574216 -9.990e-29
        932      1.902    14.9210   2.946534     2.7712     2.7420     0.0044  0.1573904 -9.990e-29
        933      1.885    14.9207   2.946511     2.7718     2.7423     0.0044  0.1573618 -9.990e-29
        934      1.867    14.9205   2.946487     2.7724     2.7427     0.0044  0.1573347 -9.990e-29
        935      1.849    14.9203   2.946464     2.7730     2.7430     0.0044  0.1573081 -9.990e-29
        936      1.832    14.9201   2.946442     2.7736     2.7433     0.0044  0.1572819 -9.990e-29
        937      1.815    14.9199   2.946420     2.7742     2.7437     0.0044  0.1572558 -9.990e-29
        938      1.799    14.9197   2.946399     2.7747     2.7440     0.0044  0.1572297 -9.990e-29
        939      1.783    14.9195   2.946379     2.7753     2.7443     0.0044  0.1572033 -9.990e-29
        940      1.767    14.9193   2.946360     2.7759     2.7447     0.0044  0.1571765 -9.990e-29
        941      1.751    14.9191   2.946345     2.7765     2.7450     0.0044  0.1571492 -9.990e-29
        942      1.735    14.9190   2.946334     2.7771     2.7454     0.0044  0.1571219 -9.990e-29
        943      1.720    14.9189   2.946330     2.7776     2.7458     0.0044  0.1570962 -9.990e-29
        944      1.706    14.9189   2.946331     2.7782     2.7461     0.0044  0.1570727 -9.990e-29
        945      1.691    14.9189   2.946340     2.7788     2.7465     0.0044  0.1570514 -9.990e-29
        946      1.677    14.9189   2.946355     2.7794     2.7469     0.0044  0.1570319 -9.990e-29
        947      1.663    14.9191   2.946379     2.7799     2.7473     0.0044  0.1570143 -9.990e-29
        948      1.649    14.9192   2.946410     2.7805     2.7477     0.0044  0.1569984 -9.990e-29
        949      1.636    14.9195   2.946449     2.7811     2.7480     0.0044  0.1569840 -9.990e-29
        950      1.623    14.9198   2.946496     2.7816     2.7484     0.0044  0.1569711 -9.990e-29
        951      1.610    14.9202   2.946550     2.7822     2.7488     0.0044  0.1569595 -9.990e-29
        952      1.597    14.9206   2.946609     2.7827     2.7492     0.0044  0.1569493 -9.990e-29
        953      1.585    14.9210   2.946674     2.7833     2.7496     0.0044  0.1569403 -9.990e-29
        954      1.573    14.9215   2.946744     2.7838     2.7500     0.0044  0.1569324 -9.990e-29
        955      1.561    14.9221   2.946819     2.7844     2.7504     0.0044  0.1569257 -9.990e-29
        956      1.549    14.9227   2.946900     2.7849     2.7508     0.0044  0.1569200 -9.990e-29
        957      1.537    14.9234   2.946986     2.7854     2.7511     0.0044  0.1569154 -9.990e-29
        958      1.525    14.9241   2.947079     2.7860     2.7515     0.0044  0.1569117 -9.990e-29
        959      1.514    14.9249   2.947179     2.7865     2.7519     0.0044  0.1569090 -9.990e-29
        960      1.502    14.9257   2.947284     2.7870     2.7523     0.0044  0.1569073 -9.990e-29
