code/data/2021/ctd_data_day2/station6_ctm.cnv
* Sea-Bird SBE 9 Data File:
* FileName = C:\Users\CTD-User\Desktop\MAR440\day2\station6.hex
* Software Version Seasave V 7.26.2.13
* Temperature SN = 6313
* Conductivity SN = 4758
* Number of Bytes Per Scan = 37
* Number of Voltage Words = 4
* Number of Scans Averaged by the Deck Unit = 1
* NMEA Latitude = 58 18.87 N
* NMEA Longitude = 011 46.44 E
* NMEA UTC (Time) = Sep 22 2021 10:40:23
* NMEA baud rate = 4800
** Ship: Skagerrak
** Station: station6
** Operator: group2blu
# nquan = 9
# nvalues = 3719                        
# units = specified
# name 0 = scan: Scan Count
# name 1 = prDM: Pressure, Digiquartz [db]
# name 2 = t090C: Temperature [ITS-90, deg C]
# name 3 = c0S/m: Conductivity [S/m]
# name 4 = sbeox0V: Oxygen raw, SBE 43 [V]
# name 5 = sbeox1V: Oxygen raw, SBE 43, 2 [V]
# name 6 = flECO-AFL: Fluorescence, WET Labs ECO-AFL/FL [mg/m^3]
# name 7 = upoly0: Upoly 0, Turbidity
# name 8 = flag:  0.000e+00
# span 0 =          1,       3719       
# span 1 =      0.217,     37.875       
# span 2 =     6.7156,    16.0704       
# span 3 =   2.942919,   3.752195       
# span 4 =     0.5138,     2.8083       
# span 5 =     0.5761,     2.7851       
# span 6 =     0.0033,     0.0304       
# span 7 =  0.0859548,  0.1621453       
# span 8 = 0.0000e+00, 0.0000e+00       
# interval = seconds: 0.0416667
# start_time = Sep 22 2021 10:40:23 [NMEA time, header]
# bad_flag = -9.990e-29
*END*
[from data line 961]
        962      0.541    15.0154   2.967719     2.7827     2.7424     0.0046  0.1504237 0.0000e+00
        963      0.698    15.0164   2.967579     2.7839     2.7424     0.0046  0.1499353 0.0000e+00
        964      0.574    15.0169   2.967504     2.7851     2.7424     0.0046  0.1499353 0.0000e+00
        965      0.607    15.0161   2.967838     2.7863     2.7424     0.0046  0.1499353 0.0000e+00
        966      0.574    15.0170   2.967918     2.7839     2.7424     0.0046  0.1499353 0.0000e+00
        967      0.607    15.0189   2.967893     2.7827     2.7424     0.0046  0.1499353 0.0000e+00
        968      0.632    15.0224   2.967856     2.7863     2.7424     0.0046  0.1499353 0.0000e+00
        969      0.607    15.0255   2.968084     2.7863     2.7412     0.0046  0.1499353 0.0000e+00
        970      0.632    15.0277   2.968539     2.7839     2.7412     0.0046  0.1499353 0.0000e+00
        971      0.607    15.0292   2.969142     2.7839     2.7412     0.0046  0.1499353 0.0000e+00
        972      0.632    15.0296   2.969386     2.7839     2.7412     0.0046  0.1499353 0.0000e+00
        973      0.665    15.0245   2.969416     2.7851     2.7412     0.0046  0.1499353 0.0000e+00
        974      0.574    15.0243   2.969155     2.7839     2.7412     0.0046  0.1499353 0.0000e+00
        975      0.730    15.0250   2.969019     2.7839     2.7412     0.0046  0.1499353 0.0000e+00
        976      0.632    15.0250   2.969030     2.7839     2.7412     0.0046  0.1499353 0.0000e+00
        977      0.664    15.0349   2.969201     2.7827     2.7412     0.0046  0.1499353 0.0000e+00
        978      0.697    15.0494   2.969466     2.7839     2.7400     0.0046  0.1499353 0.0000e+00
        979      0.664    15.0540   2.970224     2.7839     2.7400     0.0046  0.1499353 0.0000e+00
        980      0.697    15.0589   2.971408     2.7827     2.7400     0.0046  0.1499353 0.0000e+00
        981      0.664    15.0673   2.972407     2.7815     2.7400     0.0046  0.1499353 0.0000e+00
        982      0.697    15.0769   2.973283     2.7827     2.7400     0.0046  0.1499353 0.0000e+00
        983      0.664    15.0805   2.974229     2.7827     2.7400     0.0046  0.1499353 0.0000e+00
        984      0.697    15.0757   2.974701     2.7815     2.7400     0.0046  0.1499353 0.0000e+00
        985      0.606    15.0671   2.974733     2.7815     2.7400     0.0046  0.1499353 0.0000e+00
        986      0.697    15.0590   2.974420     2.7815     2.7400     0.0046  0.1499353 0.0000e+00
        987      0.664    15.0537   2.973994     2.7815     2.7400     0.0046  0.1499353 0.0000e+00
        988      0.631    15.0497   2.973608     2.7815     2.7400     0.0044  0.1514005 0.0000e+00
        989      0.664    15.0469   2.973236     2.7790     2.7400     0.0042  0.1518889 0.0000e+00
        990      0.697    15.0447   2.972929     2.7790     2.7400     0.0042  0.1518889 0.0000e+00
        991      0.606    15.0430   2.972734     2.7778     2.7400     0.0042  0.1518889 0.0000e+00
        992      0.697    15.0413   2.972622     2.7790     2.7387     0.0042  0.1518889 0.0000e+00
        993      0.664    15.0316   2.972291     2.7778     2.7375     0.0042  0.1518889 0.0000e+00
        994      0.631    15.0192   2.971381     2.7766     2.7375     0.0042  0.1518889 0.0000e+00
        995      0.606    15.0106   2.970027     2.7766     2.7375     0.0042  0.1514005 0.0000e+00
        996      0.697    15.0068   2.968256     2.7766     2.7375     0.0042  0.1514005 0.0000e+00
        997      0.606    15.0092   2.967204     2.7766     2.7363     0.0042  0.1518889 0.0000e+00
        998      0.697    15.0173   2.966805     2.7754     2.7363     0.0042  0.1518889 0.0000e+00
        999      0.730    15.0314   2.967450     2.7729     2.7351     0.0042  0.1518889 0.0000e+00
       1000      0.697    15.0500   2.969201     2.7729     2.7363     0.0042  0.1514005 0.0000e+00
       1001      0.663    15.0724   2.971735     2.7741     2.7351     0.0042  0.1518889 0.0000e+00
       1002      0.696    15.0920   2.974811     2.7741     2.7351     0.0042  0.1518889 0.0000e+00
       1003      0.729    15.1117   2.978126     2.7741     2.7338     0.0042  0.1518889 0.0000e+00
       1004      0.754    15.1278   2.981312     2.7717     2.7338     0.0042  0.1518889 0.0000e+00
       1005      0.787    15.1342   2.984273     2.7717     2.7338     0.0042  0.1518889 0.0000e+00
       1006      0.696    15.1347   2.986071     2.7717     2.7338     0.0042  0.1518889 0.0000e+00
       1007      0.853    15.1313   2.986726     2.7741     2.7338     0.0042  0.1518889 0.0000e+00
       1008      0.754    15.1261   2.986515     2.7717     2.7338     0.0042  0.1518889 0.0000e+00
       1009      0.853    15.1203   2.985960     2.7717     2.7338     0.0042  0.1514005 0.0000e+00
       1010      0.696    15.1163   2.985361     2.7717     2.7338     0.0042  0.1518889 0.0000e+00
       1011      0.853    15.1124   2.984796     2.7717     2.7326     0.0042  0.1518889 0.0000e+00
       1012      0.820    15.1055   2.984186     2.7729     2.7326     0.0042  0.1518889 0.0000e+00
       1013      0.853    15.1024   2.983409     2.7717     2.7326     0.0042  0.1518889 0.0000e+00
       1014      0.754    15.1011   2.982478     2.7717     2.7326     0.0044  0.1518889 0.0000e+00
       1015      0.910    15.0913   2.981559     2.7717     2.7326     0.0044  0.1523773 0.0000e+00
       1016      0.819    15.0901   2.980950     2.7717     2.7314     0.0044  0.1523773 0.0000e+00
       1017      0.910    15.0800   2.979825     2.7717     2.7314     0.0044  0.1523773 0.0000e+00
       1018      0.819    15.0704   2.978614     2.7717     2.7314     0.0044  0.1523773 0.0000e+00
       1019      0.852    15.0724   2.977487     2.7705     2.7302     0.0044  0.1523773 0.0000e+00
       1020      0.877    15.0806   2.977650     2.7692     2.7314     0.0044  0.1523773 0.0000e+00
       1021      0.852    15.0899   2.978991     2.7717     2.7314     0.0044  0.1523773 0.0000e+00
       1022      0.877    15.0918   2.981132     2.7705     2.7302     0.0044  0.1523773 0.0000e+00
       1023      0.910    15.0869   2.982534     2.7717     2.7302     0.0044  0.1523773 0.0000e+00
       1024      0.877    15.0796   2.982964     2.7692     2.7290     0.0044  0.1523773 0.0000e+00
       1025      0.910    15.0788   2.982467     2.7705     2.7290     0.0044  0.1523773 0.0000e+00
       1026      0.935    15.0835   2.981654     2.7717     2.7290     0.0044  0.1523773 0.0000e+00
       1027      0.967    15.0926   2.981649     2.7705     2.7290     0.0044  0.1523773 0.0000e+00
       1028      0.934    15.0991   2.982204     2.7705     2.7290     0.0044  0.1523773 0.0000e+00
       1029      0.910    15.1038   2.983240     2.7692     2.7290     0.0044  0.1523773 0.0000e+00
       1030      1.000    15.1087   2.984009     2.7705     2.7277     0.0044  0.1523773 0.0000e+00
       1031      1.033    15.1019   2.984092     2.7705     2.7277     0.0044  0.1523773 0.0000e+00
       1032      1.000    15.0857   2.983547     2.7705     2.7277     0.0044  0.1523773 0.0000e+00
       1033      1.000    15.0827   2.982598     2.7717     2.7277     0.0044  0.1523773 0.0000e+00
       1034      1.033    15.0856   2.982145     2.7692     2.7277     0.0044  0.1523773 0.0000e+00
       1035      1.000    15.0867   2.982629     2.7717     2.7265     0.0044  0.1523773 0.0000e+00
       1036      1.033    15.0778   2.982726     2.7717     2.7265     0.0044  0.1523773 0.0000e+00
       1037      1.000    15.0643   2.981666     2.7692     2.7265     0.0044  0.1518889 0.0000e+00
       1038      1.091    15.0525   2.979977     2.7692     2.7253     0.0044  0.1518889 0.0000e+00
       1039      1.000    15.0445   2.978341     2.7692     2.7253     0.0046  0.1509121 0.0000e+00
       1040      1.091    15.0415   2.977140     2.7717     2.7253     0.0048  0.1499353 0.0000e+00
       1041      1.000    15.0380   2.976209     2.7717     2.7241     0.0048  0.1499353 0.0000e+00
       1042      1.090    15.0334   2.975217     2.7692     2.7241     0.0048  0.1499353 0.0000e+00
       1043      1.057    15.0253   2.974445     2.7692     2.7229     0.0048  0.1499353 0.0000e+00
       1044      1.090    15.0175   2.973436     2.7692     2.7229     0.0048  0.1499353 0.0000e+00
       1045      1.000    15.0164   2.972150     2.7705     2.7229     0.0048  0.1499353 0.0000e+00
       1046      1.090    15.0208   2.971371     2.7692     2.7216     0.0048  0.1499353 0.0000e+00
       1047      1.057    15.0267   2.971494     2.7680     2.7216     0.0048  0.1499353 0.0000e+00
       1048      1.090    15.0282   2.972185     2.7680     2.7204     0.0048  0.1499353 0.0000e+00
       1049      1.057    15.0280   2.973108     2.7680     2.7204     0.0048  0.1499353 0.0000e+00
       1050      1.090    15.0306   2.973505     2.7692     2.7192     0.0048  0.1499353 0.0000e+00
       1051      1.057    15.0364   2.973344     2.7680     2.7192     0.0048  0.1499353 0.0000e+00
       1052      1.156    15.0429   2.973563     2.7680     2.7192     0.0048  0.1499353 0.0000e+00
       1053      1.123    15.0443   2.974330     2.7680     2.7180     0.0048  0.1499353 0.0000e+00
       1054      1.156    15.0420   2.974659     2.7680     2.7180     0.0048  0.1499353 0.0000e+00
       1055      1.057    15.0415   2.974662     2.7680     2.7180     0.0048  0.1499353 0.0000e+00
       1056      1.156    15.0415   2.974441     2.7668     2.7180     0.0048  0.1499353 0.0000e+00
       1057      1.123    15.0382   2.974439     2.7668     2.7180     0.0048  0.1499353 0.0000e+00
       1058      1.156    15.0337   2.974327     2.7668     2.7180     0.0048  0.1499353 0.0000e+00
       1059      1.123    15.0285   2.973699     2.7680     2.7180     0.0048  0.1499353 0.0000e+00
       1060      1.090    15.0257   2.973130     2.7680     2.7180     0.0048  0.1499353 0.0000e+00
       1061      1.180    15.0238   2.972626     2.7668     2.7168     0.0048  0.1499353 0.0000e+00
       1062      1.156    15.0228   2.972208     2.7656     2.7168     0.0048  0.1499353 0.0000e+00
       1063      1.123    15.0245   2.972037     2.7644     2.7168     0.0048  0.1499353 0.0000e+00
       1064      1.156    15.0258   2.972136     2.7668     2.7168     0.0046  0.1514005 0.0000e+00
       1065      1.180    15.0253   2.971925     2.7656     2.7168     0.0044  0.1533541 0.0000e+00
       1066      1.156    15.0248   2.971641     2.7668     2.7168     0.0044  0.1538425 0.0000e+00
       1067      1.180    15.0243   2.971440     2.7644     2.7180     0.0044  0.1538425 0.0000e+00
       1068      1.122    15.0241   2.971296     2.7631     2.7180     0.0044  0.1538425 0.0000e+00
       1069      1.213    15.0236   2.971029     2.7656     2.7168     0.0044  0.1538425 0.0000e+00
       1070      1.180    15.0243   2.970716     2.7668     2.7168     0.0044  0.1538425 0.0000e+00
       1071      1.213    15.0233   2.970293     2.7631     2.7168     0.0044  0.1538425 0.0000e+00
       1072      1.122    15.0215   2.969905     2.7619     2.7168     0.0044  0.1538425 0.0000e+00
       1073      1.213    15.0199   2.969391     2.7631     2.7168     0.0044  0.1538425 0.0000e+00
       1074      1.180    15.0179   2.969073     2.7644     2.7155     0.0044  0.1538425 0.0000e+00
       1075      1.213    15.0186   2.968778     2.7631     2.7168     0.0044  0.1538425 0.0000e+00
       1076      1.122    15.0198   2.968722     2.7619     2.7168     0.0044  0.1538425 0.0000e+00
       1077      1.213    15.0206   2.968548     2.7619     2.7168     0.0044  0.1538425 0.0000e+00
       1078      1.122    15.0206   2.968467     2.7619     2.7168     0.0044  0.1538425 0.0000e+00
       1079      1.155    15.0211   2.968557     2.7631     2.7168     0.0044  0.1538425 0.0000e+00
       1080      1.180    15.0212   2.968452     2.7619     2.7168     0.0044  0.1538425 0.0000e+00
       1081      1.213    15.0206   2.968572     2.7607     2.7168     0.0044  0.1533541 0.0000e+00
       1082      1.122    15.0212   2.968812     2.7595     2.7168     0.0044  0.1533541 0.0000e+00
       1083      1.155    15.0251   2.968849     2.7619     2.7168     0.0044  0.1538425 0.0000e+00
       1084      1.122    15.0294   2.969093     2.7619     2.7168     0.0044  0.1538425 0.0000e+00
       1085      1.212    15.0301   2.969350     2.7595     2.7168     0.0044  0.1538425 0.0000e+00
       1086      1.122    15.0277   2.969666     2.7583     2.7168     0.0044  0.1538425 0.0000e+00
       1087      1.155    15.0230   2.969825     2.7583     2.7180     0.0044  0.1538425 0.0000e+00
       1088      1.122    15.0184   2.969591     2.7595     2.7180     0.0044  0.1538425 0.0000e+00
       1089      1.212    15.0155   2.969387     2.7595     2.7180     0.0044  0.1538425 0.0000e+00
       1090      1.122    15.0165   2.969088     2.7570     2.7180     0.0046  0.1538425 0.0000e+00
       1091      1.154    15.0200   2.968742     2.7570     2.7180     0.0046  0.1543309 0.0000e+00
       1092      1.179    15.0215   2.968676     2.7570     2.7192     0.0046  0.1543309 0.0000e+00
       1093      1.154    15.0203   2.968882     2.7583     2.7192     0.0046  0.1543309 0.0000e+00
       1094      1.179    15.0184   2.968908     2.7583     2.7192     0.0046  0.1543309 0.0000e+00
       1095      1.154    15.0115   2.968577     2.7570     2.7204     0.0046  0.1538425 0.0000e+00
       1096      1.179    15.0002   2.967877     2.7570     2.7204     0.0046  0.1543309 0.0000e+00
       1097      1.154    14.9967   2.966991     2.7570     2.7204     0.0046  0.1543309 0.0000e+00
       1098      1.179    14.9938   2.966257     2.7570     2.7216     0.0046  0.1543309 0.0000e+00
       1099      1.154    14.9884   2.965906     2.7570     2.7216     0.0046  0.1538425 0.0000e+00
       1100      1.245    14.9889   2.965544     2.7558     2.7229     0.0046  0.1538425 0.0000e+00
       1101      1.121    14.9897   2.965178     2.7570     2.7229     0.0046  0.1543309 0.0000e+00
       1102      1.278    14.9916   2.965098     2.7570     2.7229     0.0046  0.1543309 0.0000e+00
       1103      1.121    14.9957   2.965153     2.7570     2.7241     0.0046  0.1543309 0.0000e+00
       1104      1.212    14.9980   2.965278     2.7570     2.7241     0.0046  0.1543309 0.0000e+00
       1105      1.121    15.0006   2.965510     2.7570     2.7253     0.0046  0.1538425 0.0000e+00
       1106      1.212    15.0031   2.965520     2.7570     2.7253     0.0046  0.1543309 0.0000e+00
       1107      1.121    15.0075   2.965770     2.7570     2.7253     0.0046  0.1543309 0.0000e+00
       1108      1.211    15.0144   2.966377     2.7583     2.7253     0.0046  0.1543309 0.0000e+00
       1109      1.121    15.0215   2.967315     2.7570     2.7265     0.0046  0.1543309 0.0000e+00
       1110      1.211    15.0262   2.968433     2.7558     2.7277     0.0046  0.1538425 0.0000e+00
       1111      1.121    15.0282   2.969093     2.7558     2.7277     0.0046  0.1543309 0.0000e+00
       1112      1.154    15.0277   2.969384     2.7583     2.7290     0.0046  0.1543309 0.0000e+00
       1113      1.121    15.0263   2.969505     2.7583     2.7290     0.0046  0.1543309 0.0000e+00
       1114      1.153    15.0258   2.969453     2.7570     2.7302     0.0046  0.1543309 0.0000e+00
       1115      1.055    15.0250   2.969406     2.7570     2.7302     0.0046  0.1533541 0.0000e+00
       1116      1.153    15.0238   2.969292     2.7570     2.7302     0.0042  0.1514005 0.0000e+00
       1117      1.120    15.0235   2.969224     2.7595     2.7314     0.0042  0.1514005 0.0000e+00
       1118      1.087    15.0233   2.969163     2.7583     2.7314     0.0042  0.1509121 0.0000e+00
       1119      1.120    15.0243   2.969189     2.7583     2.7326     0.0042  0.1509121 0.0000e+00
       1120      1.087    15.0255   2.969227     2.7570     2.7326     0.0042  0.1514005 0.0000e+00
