code/data/2021/ctd_data_day2/station2_ctm_fil_le_der_avg.cnv
* Sea-Bird SBE 9 Data File:
* FileName = C:\Users\CTD-User\Desktop\MAR440\day2\station2.hex
* Software Version Seasave V 7.26.2.13
* Temperature SN = 6313
* Conductivity SN = 4758
* Number of Bytes Per Scan = 37
* Number of Voltage Words = 4
* Number of Scans Averaged by the Deck Unit = 1
* NMEA Latitude = 58 19.95 N
* NMEA Longitude = 011 52.33 E
* NMEA UTC (Time) = Sep 22 2021 09:05:25
* NMEA baud rate = 4800
** Ship: Skagerrak
** Station: station2
** Operator: group2blue
# nquan = 13
# nvalues = 42                          
# units = specified
# name 0 = scan: Scan Count
# name 1 = prDM: Pressure, Digiquartz [db]
# name 2 = t090C: Temperature [ITS-90, deg C]
# name 3 = c0S/m: Conductivity [S/m]
# name 4 = sbeox0V: Oxygen raw, SBE 43 [V]
# name 5 = sbeox1V: Oxygen raw, SBE 43, 2 [V]
# name 6 = flECO-AFL: Fluorescence, WET Labs ECO-AFL/FL [mg/m^3]
# name 7 = upoly0: Upoly 0, Turbidity
# name 8 = depSM: Depth [salt water, m], lat = 58.3325
# name 9 = sal00: Salinity, Practical [PSU]
# name 10 = sbeox0ML/L: Oxygen, SBE 43 [ml/l], WS = 2
# name 11 = sbeox1ML/L: Oxygen, SBE 43, 2 [ml/l], WS = 2
# name 12 = flag: flag
# span 0 =        271,       5475       
# span 1 =      2.019,     43.408       
# span 2 =     7.9863,    16.0772       
# span 3 =   2.832144,   3.459363       
# span 4 =     0.4807,     2.9813       
# span 5 =     0.5426,     2.8740       
# span 6 =     0.0037,     0.0141       
# span 7 =  0.0887371,  0.2132165       
# span 8 =      2.000,     43.000       
# span 9 =    22.3451,    32.1408       
# span 10 =    -0.1109,     7.4397      
# span 11 =     0.1946,     6.2168      
# span 12 = 0.0000e+00, 0.0000e+00      
# interval = meters: 1                  
# start_time = Sep 22 2021 09:05:25 [NMEA time, header]
# bad_flag = -9.990e-29
*END*
        271      2.019    14.5255   2.832144     2.9746     2.8715     0.0063  0.2082205      2.000    22.3451     7.4397     6.2168 0.0000e+00
        321      3.028    14.6699   2.885908     2.9803     2.8740     0.0059  0.2070053      3.000    22.7277     7.4156     6.1908 0.0000e+00
        367      4.038    14.8460   2.911609     2.9813     2.8722     0.0059  0.1950679      4.000    22.8471     7.3708     6.1512 0.0000e+00
        411      5.047    15.2857   2.977995     2.9776     2.8671     0.0051  0.1785761      5.000    23.1605     7.2474     6.0346 0.0000e+00
        456      6.056    15.6776   3.047121     2.9402     2.8185     0.0048  0.1639975      6.000    23.5192     6.9102     5.7243 0.0000e+00
        505      7.066    15.8772   3.088470     2.8384     2.7144     0.0056  0.1514877      7.000    23.7517     6.4446     5.3590 0.0000e+00
        554      8.075    16.0192   3.128895     2.7106     2.5976     0.0047  0.1332050      8.000    24.0088     6.0742     5.0884 0.0000e+00
        599      9.085    16.0772   3.206944     2.6137     2.5151     0.0042  0.1133209      9.000    24.6352     5.7946     4.8814 0.0000e+00
       1648     10.094    15.8051   3.276511     2.4773     2.3912     0.0039  0.0975167     10.000    25.4000     5.2626     4.4575 0.0000e+00
       4015     11.104    15.2565   3.345590     2.2555     2.1858     0.0038  0.0938774     11.000    26.3555     4.5234     3.8756 0.0000e+00
       4038     12.113    14.6173   3.382403     2.0691     2.0107     0.0037  0.0919313     12.000    27.1159     3.9636     3.4261 0.0000e+00
       4083     13.122    13.6558   3.390770     1.8626     1.8159     0.0038  0.0911979     13.000    27.8765     3.3462     2.9279 0.0000e+00
       4131     14.132    12.5627   3.414898     1.6405     1.6022     0.0038  0.0914990     14.000    28.9138     2.6835     2.3697 0.0000e+00
       4178     15.141    12.1118   3.459363     1.4216     1.3877     0.0037  0.0903356     15.000    29.6851     2.1037     1.8882 0.0000e+00
       4224     16.151    11.4742   3.451447     1.2661     1.2441     0.0038  0.0887460     16.000    30.1207     1.8833     1.7327 0.0000e+00
       4269     17.160    10.2259   3.368356     1.1652     1.1534     0.0037  0.0887371     17.000    30.3327     1.6497     1.5387 0.0000e+00
       4314     18.170     9.1711   3.297840     1.0429     1.0305     0.0044  0.0918913     18.000    30.5107     1.0758     1.0249 0.0000e+00
       4360     19.179     8.4661   3.252398     0.8752     0.8559     0.0057  0.0975339     19.000    30.6479     0.4795     0.5114 0.0000e+00
       4407     20.189     8.0583   3.231478     0.7364     0.7215     0.0071  0.1207196     20.000    30.7843     0.2681     0.3719 0.0000e+00
       4454     21.198     7.9863   3.236594     0.6580     0.6552     0.0103  0.1683662     21.000    30.9013     0.2152     0.3597 0.0000e+00
       4499     22.208     8.0165   3.248596     0.6139     0.6236     0.0140  0.2098956     22.000    31.0011     0.1679     0.3463 0.0000e+00
       4544     23.217     8.0697   3.262711     0.5850     0.6058     0.0141  0.2132165     23.000    31.1025     0.1230     0.3294 0.0000e+00
       4590     24.227     8.1585   3.284132     0.5638     0.5943     0.0116  0.1759143     24.000    31.2491     0.0827     0.3127 0.0000e+00
       4637     25.236     8.2575   3.307465     0.5476     0.5860     0.0100  0.1379606     25.000    31.4062     0.0486     0.2975 0.0000e+00
       4683     26.246     8.3572   3.330398     0.5352     0.5798     0.0097  0.1222738     26.000    31.5577     0.0224     0.2852 0.0000e+00
       4728     27.255     8.4602   3.354378     0.5260     0.5752     0.0092  0.1138713     27.000    31.7164     0.0020     0.2748 0.0000e+00
       4773     28.265     8.5286   3.370458     0.5187     0.5713     0.0083  0.1118979     28.000    31.8229    -0.0136     0.2650 0.0000e+00
       4818     29.274     8.5861   3.383889     0.5129     0.5678     0.0076  0.1118192     29.000    31.9111    -0.0276     0.2571 0.0000e+00
       4865     30.284     8.6327   3.395011     0.5078     0.5648     0.0061  0.1120891     30.000    31.9848    -0.0404     0.2496 0.0000e+00
       4911     31.293     8.6508   3.399398     0.5035     0.5621     0.0056  0.1124064     31.000    32.0139    -0.0508     0.2430 0.0000e+00
       4956     32.303     8.6681   3.403535     0.5002     0.5598     0.0053  0.1127925     32.000    32.0410    -0.0581     0.2377 0.0000e+00
       5000     33.312     8.6864   3.408294     0.4973     0.5578     0.0047  0.1131562     33.000    32.0737    -0.0670     0.2326 0.0000e+00
       5045     34.322     8.6957   3.411028     0.4949     0.5559     0.0044  0.1138819     34.000    32.0933    -0.0720     0.2274 0.0000e+00
       5092     35.331     8.7023   3.412850     0.4926     0.5540     0.0041  0.1140291     35.000    32.1059    -0.0795     0.2231 0.0000e+00
       5138     36.341     8.7040   3.413856     0.4907     0.5524     0.0040  0.1142790     36.000    32.1144    -0.0825     0.2188 0.0000e+00
       5184     37.350     8.7029   3.414319     0.4892     0.5509     0.0040  0.1146139     37.000    32.1198    -0.0879     0.2152 0.0000e+00
       5230     38.360     8.7025   3.414682     0.4873     0.5495     0.0040  0.1148432     38.000    32.1235    -0.0947     0.2120 0.0000e+00
       5275     39.370     8.7005   3.415023     0.4859     0.5483     0.0038  0.1153296     39.000    32.1284    -0.0963     0.2088 0.0000e+00
       5320     40.379     8.6967   3.415166     0.4850     0.5470     0.0038  0.1155640     40.000    32.1329    -0.0989     0.2044 0.0000e+00
       5366     41.389     8.6893   3.414974     0.4836     0.5456     0.0040  0.1158845     41.000    32.1371    -0.1058     0.2014 0.0000e+00
       5413     42.398     8.6822   3.414656     0.4821     0.5443     0.0041  0.1163193     42.000    32.1398    -0.1092     0.1976 0.0000e+00
       5475     43.408     8.6801   3.414610     0.4807     0.5426     0.0039  0.1169026     43.000    32.1408    -0.1109     0.1946 0.0000e+00
