code/data/2021/ctd_data_day2/station6_ctm_fil_le.cnv
* Sea-Bird SBE 9 Data File:
* FileName = C:\Users\CTD-User\Desktop\MAR440\day2\station6.hex
* Software Version Seasave V 7.26.2.13
* Temperature SN = 6313
* Conductivity SN = 4758
* Number of Bytes Per Scan = 37
* Number of Voltage Words = 4
* Number of Scans Averaged by the Deck Unit = 1
* NMEA Latitude = 58 18.87 N
* NMEA Longitude = 011 46.44 E
* NMEA UTC (Time) = Sep 22 2021 10:40:23
* NMEA baud rate = 4800
** Ship: Skagerrak
** Station: station6
** Operator: group2blu
# nquan = 9
# nvalues = 3719                        
# units = specified
# name 0 = scan: Scan Count
# name 1 = prDM: Pressure, Digiquartz [db]
# name 2 = t090C: Temperature [ITS-90, deg C]
# name 3 = c0S/m: Conductivity [S/m]
# name 4 = sbeox0V: Oxygen raw, SBE 43 [V]
# name 5 = sbeox1V: Oxygen raw, SBE 43, 2 [V]
# name 6 = flECO-AFL: Fluorescence, WET Labs ECO-AFL/FL [mg/m^3]
# name 7 = upoly0: Upoly 0, Turbidity
# name 8 = flag:  0.000e+00
# span 0 =          1,       3719       
# span 1 =      0.297,     37.682       
# span 2 =     6.7387,    16.0330       
# span 3 =   2.945436,   3.739498       
# span 4 =     0.5149,     2.7976       
# span 5 =     0.5764,     2.7771       
# span 6 =     0.0033,     0.0304       
# span 7 =  0.0865424,  0.1559155       
# span 8 = 0.0000e+00, 0.0000e+00       
# interval = seconds: 0.0416667
# start_time = Sep 22 2021 10:40:23 [NMEA time, header]
# bad_flag = -9.990e-29
*END*
[from data line 3521]
       3522     37.669     7.0909   3.268391     0.5333     0.5920     0.0082  0.0873581 -9.990e-29
       3523     37.670     7.0946   3.268547     0.5335     0.5921     0.0082  0.0873599 -9.990e-29
       3524     37.670     7.0985   3.268715     0.5337     0.5923     0.0082  0.0873620 -9.990e-29
       3525     37.671     7.1025   3.268889     0.5338     0.5924     0.0082  0.0873638 -9.990e-29
       3526     37.671     7.1064   3.269063     0.5340     0.5925     0.0082  0.0873651 -9.990e-29
       3527     37.671     7.1102   3.269235     0.5342     0.5926     0.0082  0.0873661 -9.990e-29
       3528     37.671     7.1138   3.269405     0.5344     0.5927     0.0082  0.0873667 -9.990e-29
       3529     37.671     7.1172   3.269576     0.5346     0.5928     0.0082  0.0873669 -9.990e-29
       3530     37.671     7.1204   3.269750     0.5348     0.5929     0.0082  0.0873668 -9.990e-29
       3531     37.672     7.1234   3.269931     0.5349     0.5930     0.0082  0.0873672 -9.990e-29
       3532     37.672     7.1264   3.270119     0.5351     0.5931     0.0082  0.0873688 -9.990e-29
       3533     37.672     7.1294   3.270315     0.5353     0.5932     0.0081  0.0873710 -9.990e-29
       3534     37.672     7.1325   3.270521     0.5355     0.5933     0.0082  0.0873728 -9.990e-29
       3535     37.673     7.1356   3.270738     0.5356     0.5934     0.0082  0.0873743 -9.990e-29
       3536     37.673     7.1389   3.270961     0.5358     0.5935     0.0082  0.0873755 -9.990e-29
       3537     37.673     7.1420   3.271181     0.5360     0.5936     0.0082  0.0873764 -9.990e-29
       3538     37.673     7.1449   3.271387     0.5362     0.5937     0.0082  0.0873770 -9.990e-29
       3539     37.673     7.1474   3.271571     0.5363     0.5937     0.0084  0.0873772 -9.990e-29
       3540     37.673     7.1496   3.271731     0.5365     0.5938     0.0084  0.0873772 -9.990e-29
       3541     37.673     7.1514   3.271867     0.5367     0.5939     0.0084  0.0873777 -9.990e-29
       3542     37.672     7.1529   3.271982     0.5368     0.5940     0.0084  0.0873797 -9.990e-29
       3543     37.672     7.1541   3.272078     0.5369     0.5941     0.0084  0.0873822 -9.990e-29
       3544     37.672     7.1551   3.272156     0.5371     0.5942     0.0084  0.0873844 -9.990e-29
       3545     37.672     7.1561   3.272222     0.5372     0.5942     0.0084  0.0873864 -9.990e-29
       3546     37.672     7.1569   3.272278     0.5373     0.5943     0.0084  0.0873881 -9.990e-29
       3547     37.672     7.1576   3.272325     0.5375     0.5944     0.0084  0.0873897 -9.990e-29
       3548     37.672     7.1581   3.272363     0.5376     0.5945     0.0084  0.0873910 -9.990e-29
       3549     37.672     7.1584   3.272392     0.5377     0.5945     0.0084  0.0873921 -9.990e-29
       3550     37.672     7.1583   3.272410     0.5378     0.5946     0.0084  0.0873930 -9.990e-29
       3551     37.671     7.1578   3.272417     0.5380     0.5947     0.0084  0.0873938 -9.990e-29
       3552     37.671     7.1571   3.272416     0.5381     0.5947     0.0084  0.0873943 -9.990e-29
       3553     37.671     7.1562   3.272410     0.5382     0.5948     0.0084  0.0873947 -9.990e-29
       3554     37.671     7.1553   3.272404     0.5383     0.5949     0.0084  0.0873949 -9.990e-29
       3555     37.671     7.1546   3.272399     0.5385     0.5950     0.0084  0.0873949 -9.990e-29
       3556     37.671     7.1542   3.272398     0.5386     0.5950     0.0084  0.0873956 -9.990e-29
       3557     37.670     7.1540   3.272403     0.5387     0.5951     0.0084  0.0873979 -9.990e-29
       3558     37.670     7.1541   3.272417     0.5388     0.5952     0.0084  0.0874008 -9.990e-29
       3559     37.670     7.1545   3.272441     0.5389     0.5952     0.0084  0.0874036 -9.990e-29
       3560     37.670     7.1552   3.272480     0.5389     0.5953     0.0084  0.0874063 -9.990e-29
       3561     37.670     7.1563   3.272532     0.5390     0.5953     0.0084  0.0874088 -9.990e-29
       3562     37.670     7.1576   3.272599     0.5391     0.5954     0.0084  0.0874113 -9.990e-29
       3563     37.670     7.1594   3.272683     0.5392     0.5954     0.0084  0.0874138 -9.990e-29
       3564     37.670     7.1615   3.272783     0.5393     0.5955     0.0084  0.0874162 -9.990e-29
       3565     37.670     7.1640   3.272898     0.5393     0.5956     0.0084  0.0874186 -9.990e-29
       3566     37.670     7.1666   3.273027     0.5394     0.5956     0.0084  0.0874209 -9.990e-29
       3567     37.670     7.1693   3.273166     0.5395     0.5957     0.0084  0.0874233 -9.990e-29
       3568     37.670     7.1720   3.273311     0.5395     0.5957     0.0084  0.0874257 -9.990e-29
       3569     37.670     7.1747   3.273460     0.5396     0.5958     0.0084  0.0874281 -9.990e-29
       3570     37.670     7.1775   3.273612     0.5396     0.5958     0.0084  0.0874306 -9.990e-29
       3571     37.670     7.1804   3.273770     0.5397     0.5959     0.0084  0.0874332 -9.990e-29
       3572     37.670     7.1835   3.273936     0.5398     0.5959     0.0084  0.0874358 -9.990e-29
       3573     37.670     7.1869   3.274111     0.5398     0.5960     0.0084  0.0874386 -9.990e-29
       3574     37.670     7.1905   3.274296     0.5399     0.5960     0.0084  0.0874415 -9.990e-29
       3575     37.670     7.1944   3.274493     0.5399     0.5961     0.0084  0.0874445 -9.990e-29
       3576     37.670     7.1987   3.274703     0.5400     0.5961     0.0084  0.0874478 -9.990e-29
       3577     37.671     7.2033   3.274926     0.5400     0.5962     0.0084  0.0874512 -9.990e-29
       3578     37.671     7.2082   3.275165     0.5401     0.5963     0.0084  0.0874556 -9.990e-29
       3579     37.671     7.2134   3.275421     0.5401     0.5963     0.0084  0.0874621 -9.990e-29
       3580     37.671     7.2187   3.275695     0.5402     0.5964     0.0084  0.0874696 -9.990e-29
       3581     37.671     7.2241   3.275984     0.5402     0.5965     0.0084  0.0874775 -9.990e-29
       3582     37.671     7.2295   3.276289     0.5403     0.5966     0.0084  0.0874858 -9.990e-29
       3583     37.671     7.2351   3.276606     0.5404     0.5967     0.0084  0.0874946 -9.990e-29
       3584     37.672     7.2407   3.276929     0.5404     0.5968     0.0084  0.0875039 -9.990e-29
       3585     37.672     7.2460   3.277249     0.5405     0.5969     0.0084  0.0875137 -9.990e-29
       3586     37.672     7.2507   3.277563     0.5405     0.5970     0.0084  0.0875243 -9.990e-29
       3587     37.672     7.2550   3.277867     0.5406     0.5972     0.0084  0.0875355 -9.990e-29
       3588     37.672     7.2587   3.278158     0.5407     0.5973     0.0084  0.0875476 -9.990e-29
       3589     37.672     7.2620   3.278437     0.5408     0.5975     0.0086  0.0875605 -9.990e-29
       3590     37.672     7.2649   3.278701     0.5408     0.5976     0.0088  0.0875744 -9.990e-29
       3591     37.673     7.2678   3.278953     0.5409     0.5978     0.0088  0.0875886 -9.990e-29
       3592     37.673     7.2706   3.279194     0.5410     0.5980     0.0088  0.0876013 -9.990e-29
       3593     37.673     7.2735   3.279423     0.5410     0.5982     0.0088  0.0876119 -9.990e-29
       3594     37.673     7.2764   3.279638     0.5411     0.5985     0.0088  0.0876205 -9.990e-29
       3595     37.674     7.2789   3.279837     0.5412     0.5987     0.0088  0.0876271 -9.990e-29
       3596     37.674     7.2809   3.280021     0.5413     0.5990     0.0088  0.0876317 -9.990e-29
       3597     37.674     7.2824   3.280190     0.5413     0.5992     0.0088  0.0876344 -9.990e-29
       3598     37.674     7.2836   3.280348     0.5414     0.5995     0.0088  0.0876351 -9.990e-29
       3599     37.675     7.2845   3.280499     0.5415     0.5998     0.0088  0.0876340 -9.990e-29
       3600     37.675     7.2854   3.280646     0.5416     0.6001     0.0088  0.0876318 -9.990e-29
       3601     37.675     7.2862   3.280794     0.5417     0.6004     0.0088  0.0876294 -9.990e-29
       3602     37.675     7.2871   3.280943     0.5418     0.6008     0.0088  0.0876259 -9.990e-29
       3603     37.675     7.2880   3.281095     0.5419     0.6011     0.0088  0.0876205 -9.990e-29
       3604     37.675     7.2890   3.281249     0.5420     0.6015     0.0088  0.0876130 -9.990e-29
       3605     37.676     7.2900   3.281406     0.5421     0.6019     0.0088  0.0876035 -9.990e-29
       3606     37.676     7.2912   3.281564     0.5422     0.6023     0.0088  0.0875918 -9.990e-29
       3607     37.676     7.2925   3.281722     0.5422     0.6027     0.0088  0.0875780 -9.990e-29
       3608     37.677     7.2940   3.281877     0.5423     0.6031     0.0088  0.0875618 -9.990e-29
       3609     37.677     7.2955   3.282027     0.5424     0.6035     0.0088  0.0875433 -9.990e-29
       3610     37.678     7.2969   3.282169     0.5425     0.6040     0.0088  0.0875222 -9.990e-29
       3611     37.678     7.2981   3.282299     0.5426     0.6044     0.0088  0.0874984 -9.990e-29
       3612     37.678     7.2992   3.282415     0.5427     0.6049     0.0088  0.0874717 -9.990e-29
       3613     37.678     7.3000   3.282518     0.5428     0.6054     0.0088  0.0874421 -9.990e-29
       3614     37.678     7.3005   3.282608     0.5429     0.6059     0.0086  0.0874100 -9.990e-29
       3615     37.678     7.3009   3.282684     0.5430     0.6064     0.0082  0.0873778 -9.990e-29
       3616     37.678     7.3010   3.282749     0.5430     0.6069     0.0082  0.0873488 -9.990e-29
       3617     37.678     7.3010   3.282805     0.5431     0.6074     0.0082  0.0873244 -9.990e-29
       3618     37.678     7.3009   3.282852     0.5432     0.6079     0.0082  0.0873035 -9.990e-29
       3619     37.678     7.3006   3.282891     0.5433     0.6084     0.0082  0.0872853 -9.990e-29
       3620     37.678     7.3003   3.282925     0.5434     0.6089     0.0082  0.0872694 -9.990e-29
       3621     37.678     7.2999   3.282956     0.5435     0.6095     0.0082  0.0872560 -9.990e-29
       3622     37.679     7.2995   3.282986     0.5436     0.6100     0.0082  0.0872448 -9.990e-29
       3623     37.679     7.2992   3.283019     0.5437     0.6106     0.0082  0.0872358 -9.990e-29
       3624     37.679     7.2989   3.283060     0.5439     0.6111     0.0082  0.0872289 -9.990e-29
       3625     37.679     7.2989   3.283109     0.5440     0.6117     0.0082  0.0872240 -9.990e-29
       3626     37.679     7.2990   3.283171     0.5441     0.6122     0.0084  0.0872212 -9.990e-29
       3627     37.680     7.2994   3.283246     0.5442     0.6128     0.0082  0.0872204 -9.990e-29
       3628     37.680     7.3000   3.283338     0.5443     0.6133     0.0082  0.0872217 -9.990e-29
       3629     37.680     7.3009   3.283447     0.5445     0.6139     0.0082  0.0872249 -9.990e-29
       3630     37.680     7.3021   3.283574     0.5446     0.6145     0.0082  0.0872302 -9.990e-29
       3631     37.680     7.3036   3.283718     0.5448     0.6150     0.0082  0.0872375 -9.990e-29
       3632     37.680     7.3054   3.283878     0.5449     0.6156     0.0082  0.0872470 -9.990e-29
       3633     37.681     7.3076   3.284052     0.5451     0.6162     0.0082  0.0872587 -9.990e-29
       3634     37.681     7.3102   3.284243     0.5452     0.6168     0.0082  0.0872726 -9.990e-29
       3635     37.681     7.3132   3.284454     0.5454     0.6173     0.0082  0.0872890 -9.990e-29
       3636     37.681     7.3166   3.284690     0.5455     0.6179     0.0082  0.0873078 -9.990e-29
       3637     37.681     7.3206   3.284952     0.5457     0.6185     0.0082  0.0873292 -9.990e-29
       3638     37.681     7.3251   3.285240     0.5459     0.6190     0.0084  0.0873534 -9.990e-29
       3639     37.681     7.3300   3.285557     0.5461     0.6196     0.0082  0.0873805 -9.990e-29
       3640     37.681     7.3355   3.285905     0.5463     0.6202     0.0077  0.0874100 -9.990e-29
       3641     37.681     7.3415   3.286286     0.5464     0.6208     0.0075  0.0874393 -9.990e-29
       3642     37.681     7.3479   3.286703     0.5466     0.6213     0.0075  0.0874662 -9.990e-29
       3643     37.681     7.3549   3.287159     0.5468     0.6219     0.0075  0.0874901 -9.990e-29
       3644     37.681     7.3625   3.287655     0.5470     0.6225     0.0075  0.0875110 -9.990e-29
       3645     37.682     7.3707   3.288195     0.5472     0.6230     0.0075  0.0875292 -9.990e-29
       3646     37.682     7.3796   3.288785     0.5474     0.6236     0.0075  0.0875447 -9.990e-29
       3647     37.682     7.3892   3.289429     0.5476     0.6242     0.0075  0.0875577 -9.990e-29
       3648     37.682     7.3996   3.290133     0.5478     0.6247     0.0075  0.0875691 -9.990e-29
       3649     37.682     7.4109   3.290902     0.5480     0.6253     0.0075  0.0875798 -9.990e-29
       3650     37.682     7.4228   3.291738     0.5482     0.6259     0.0075  0.0875892 -9.990e-29
       3651     37.682     7.4348   3.292629     0.5484     0.6264     0.0075  0.0875962 -9.990e-29
       3652     37.682     7.4465   3.293552     0.5486     0.6270     0.0075  0.0876012 -9.990e-29
       3653     37.682     7.4578   3.294480     0.5489     0.6276     0.0075  0.0876039 -9.990e-29
       3654     37.682     7.4689   3.295389     0.5491     0.6282     0.0075  0.0876046 -9.990e-29
       3655     37.682     7.4796   3.296264     0.5493     0.6287     0.0073  0.0876040 -9.990e-29
       3656     37.682     7.4897   3.297098     0.5495     0.6293     0.0075  0.0876030 -9.990e-29
       3657     37.682     7.4990   3.297889     0.5498     0.6299     0.0075  0.0876007 -9.990e-29
       3658     37.682     7.5070   3.298637     0.5500     0.6304     0.0075  0.0875963 -9.990e-29
       3659     37.682     7.5136   3.299339     0.5503     0.6310     0.0073  0.0875897 -9.990e-29
       3660     37.682     7.5183   3.299984     0.5505     0.6315     0.0075  0.0875817 -9.990e-29
       3661     37.682     7.5214   3.300566     0.5508     0.6321     0.0075  0.0875731 -9.990e-29
       3662     37.682     7.5238   3.301097     0.5510     0.6326     0.0075  0.0875631 -9.990e-29
       3663     37.682     7.5261   3.301601     0.5513     0.6332     0.0075  0.0875507 -9.990e-29
       3664     37.682     7.5289   3.302101     0.5515     0.6338     0.0075  0.0875366 -9.990e-29
       3665     37.682     7.5320   3.302608     0.5518     0.6343     0.0071  0.0875225 -9.990e-29
       3666     37.682     7.5351   3.303116     0.5520     0.6349     0.0066  0.0875091 -9.990e-29
       3667     37.682     7.5377   3.303608     0.5523     0.6354     0.0066  0.0874963 -9.990e-29
       3668     37.682     7.5398   3.304068     0.5525     0.6360     0.0066  0.0874841 -9.990e-29
       3669     37.682     7.5415   3.304484     0.5528     0.6365     0.0066  0.0874723 -9.990e-29
       3670     37.682     7.5429   3.304850     0.5530     0.6371     0.0066  0.0874609 -9.990e-29
       3671     37.682     7.5443   3.305167     0.5533     0.6376     0.0066  0.0874497 -9.990e-29
       3672     37.682     7.5458   3.305440     0.5535     0.6381     0.0066  0.0874388 -9.990e-29
       3673     37.682     7.5473   3.305677     0.5538     0.6387     0.0066  0.0874280 -9.990e-29
       3674     37.682     7.5489   3.305884     0.5540     0.6392     0.0066  0.0874172 -9.990e-29
       3675     37.682     7.5502   3.306066     0.5543     0.6398     0.0066  0.0874064 -9.990e-29
       3676     37.682     7.5512   3.306228     0.5545     0.6403     0.0066  0.0873956 -9.990e-29
       3677     37.682     7.5521   3.306384     0.5547     0.6409     0.0066  0.0873845 -9.990e-29
       3678     37.682     7.5530   3.306544     0.5550     0.6414     0.0066  0.0873732 -9.990e-29
       3679     37.681     7.5541   3.306719     0.5552     0.6420     0.0066  0.0873616 -9.990e-29
       3680     37.681     7.5556   3.306917     0.5555     0.6425     0.0066  0.0873496 -9.990e-29
