code/data/2021/ctd_data_day2/station6_ctm_fil_le.cnv
* Sea-Bird SBE 9 Data File:
* FileName = C:\Users\CTD-User\Desktop\MAR440\day2\station6.hex
* Software Version Seasave V 7.26.2.13
* Temperature SN = 6313
* Conductivity SN = 4758
* Number of Bytes Per Scan = 37
* Number of Voltage Words = 4
* Number of Scans Averaged by the Deck Unit = 1
* NMEA Latitude = 58 18.87 N
* NMEA Longitude = 011 46.44 E
* NMEA UTC (Time) = Sep 22 2021 10:40:23
* NMEA baud rate = 4800
** Ship: Skagerrak
** Station: station6
** Operator: group2blu
# nquan = 9
# nvalues = 3719                        
# units = specified
# name 0 = scan: Scan Count
# name 1 = prDM: Pressure, Digiquartz [db]
# name 2 = t090C: Temperature [ITS-90, deg C]
# name 3 = c0S/m: Conductivity [S/m]
# name 4 = sbeox0V: Oxygen raw, SBE 43 [V]
# name 5 = sbeox1V: Oxygen raw, SBE 43, 2 [V]
# name 6 = flECO-AFL: Fluorescence, WET Labs ECO-AFL/FL [mg/m^3]
# name 7 = upoly0: Upoly 0, Turbidity
# name 8 = flag:  0.000e+00
# span 0 =          1,       3719       
# span 1 =      0.297,     37.682       
# span 2 =     6.7387,    16.0330       
# span 3 =   2.945436,   3.739498       
# span 4 =     0.5149,     2.7976       
# span 5 =     0.5764,     2.7771       
# span 6 =     0.0033,     0.0304       
# span 7 =  0.0865424,  0.1559155       
# span 8 = 0.0000e+00, 0.0000e+00       
# interval = seconds: 0.0416667
# start_time = Sep 22 2021 10:40:23 [NMEA time, header]
# bad_flag = -9.990e-29
*END*
[from data line 801]
        802      0.418    14.9642   2.957148     2.7907     2.7745     0.0042  0.1505825 -9.990e-29
        803      0.409    14.9648   2.957217     2.7911     2.7747     0.0042  0.1504970 -9.990e-29
        804      0.400    14.9655   2.957288     2.7915     2.7749     0.0042  0.1504052 -9.990e-29
        805      0.392    14.9662   2.957360     2.7918     2.7751     0.0042  0.1503065 -9.990e-29
        806      0.384    14.9669   2.957433     2.7922     2.7753     0.0042  0.1502001 -9.990e-29
        807      0.376    14.9677   2.957509     2.7926     2.7755     0.0042  0.1500855 -9.990e-29
        808      0.369    14.9685   2.957587     2.7929     2.7757     0.0042  0.1499616 -9.990e-29
        809      0.363    14.9694   2.957666     2.7933     2.7759     0.0046  0.1498303 -9.990e-29
        810      0.357    14.9702   2.957746     2.7936     2.7761     0.0048  0.1496983 -9.990e-29
        811      0.352    14.9711   2.957827     2.7940     2.7762     0.0048  0.1495723 -9.990e-29
        812      0.347    14.9721   2.957908     2.7943     2.7764     0.0048  0.1494539 -9.990e-29
        813      0.343    14.9730   2.957991     2.7946     2.7766     0.0048  0.1493424 -9.990e-29
        814      0.339    14.9739   2.958073     2.7950     2.7767     0.0048  0.1492370 -9.990e-29
        815      0.335    14.9746   2.958157     2.7953     2.7768     0.0048  0.1491369 -9.990e-29
        816      0.332    14.9753   2.958241     2.7956     2.7770     0.0048  0.1490414 -9.990e-29
        817      0.329    14.9758   2.958325     2.7960     2.7770     0.0048  0.1489499 -9.990e-29
        818      0.327    14.9761   2.958409     2.7963     2.7771     0.0048  0.1488617 -9.990e-29
        819      0.326    14.9763   2.958490     2.7967     2.7771     0.0048  0.1487763 -9.990e-29
        820      0.324    14.9764   2.958569     2.7970     2.7770     0.0048  0.1486930 -9.990e-29
        821      0.323    14.9764   2.958642     2.7972     2.7769     0.0048  0.1486113 -9.990e-29
        822      0.322    14.9763   2.958707     2.7974     2.7767     0.0048  0.1485305 -9.990e-29
        823      0.321    14.9760   2.958761     2.7975     2.7765     0.0048  0.1484501 -9.990e-29
        824      0.321    14.9757   2.958803     2.7976     2.7762     0.0048  0.1483696 -9.990e-29
        825      0.320    14.9752   2.958830     2.7976     2.7759     0.0048  0.1482885 -9.990e-29
        826      0.319    14.9747   2.958842     2.7975     2.7755     0.0048  0.1482060 -9.990e-29
        827      0.319    14.9740   2.958837     2.7974     2.7752     0.0048  0.1481217 -9.990e-29
        828      0.319    14.9732   2.958816     2.7973     2.7747     0.0048  0.1480350 -9.990e-29
        829      0.318    14.9723   2.958777     2.7971     2.7743     0.0048  0.1479453 -9.990e-29
        830      0.318    14.9713   2.958719     2.7969     2.7738     0.0048  0.1478519 -9.990e-29
        831      0.317    14.9703   2.958640     2.7966     2.7734     0.0048  0.1477542 -9.990e-29
        832      0.317    14.9693   2.958541     2.7964     2.7729     0.0048  0.1476515 -9.990e-29
        833      0.316    14.9683   2.958424     2.7961     2.7724     0.0048  0.1475431 -9.990e-29
        834      0.314    14.9674   2.958295     2.7957     2.7719     0.0079  0.1474292 -9.990e-29
        835      0.313    14.9666   2.958158     2.7954     2.7714     0.0233  0.1473131 -9.990e-29
        836      0.312    14.9658   2.958018     2.7951     2.7709     0.0298  0.1472008 -9.990e-29
        837      0.310    14.9650   2.957879     2.7948     2.7704     0.0304  0.1470958 -9.990e-29
        838      0.309    14.9644   2.957744     2.7944     2.7700     0.0297  0.1469983 -9.990e-29
        839      0.307    14.9638   2.957614     2.7941     2.7695     0.0295  0.1469075 -9.990e-29
        840      0.305    14.9633   2.957490     2.7937     2.7690     0.0293  0.1468229 -9.990e-29
        841      0.304    14.9629   2.957375     2.7934     2.7685     0.0293  0.1467437 -9.990e-29
        842      0.302    14.9626   2.957270     2.7930     2.7681     0.0295  0.1466696 -9.990e-29
        843      0.301    14.9624   2.957175     2.7927     2.7677     0.0295  0.1465999 -9.990e-29
        844      0.300    14.9623   2.957093     2.7924     2.7672     0.0295  0.1465341 -9.990e-29
        845      0.298    14.9623   2.957027     2.7920     2.7668     0.0295  0.1464719 -9.990e-29
        846      0.298    14.9624   2.956978     2.7917     2.7664     0.0295  0.1464128 -9.990e-29
        847      0.297    14.9625   2.956948     2.7914     2.7660     0.0295  0.1463564 -9.990e-29
        848      0.297    14.9628   2.956935     2.7910     2.7657     0.0295  0.1463022 -9.990e-29
        849      0.297    14.9631   2.956939     2.7907     2.7653     0.0295  0.1462500 -9.990e-29
        850      0.297    14.9634   2.956958     2.7904     2.7649     0.0295  0.1461993 -9.990e-29
        851      0.297    14.9639   2.956992     2.7901     2.7645     0.0295  0.1461498 -9.990e-29
        852      0.298    14.9644   2.957040     2.7898     2.7641     0.0295  0.1461011 -9.990e-29
        853      0.299    14.9649   2.957103     2.7895     2.7637     0.0295  0.1460530 -9.990e-29
        854      0.299    14.9655   2.957179     2.7892     2.7632     0.0293  0.1460050 -9.990e-29
        855      0.300    14.9661   2.957266     2.7889     2.7628     0.0295  0.1459569 -9.990e-29
        856      0.301    14.9668   2.957363     2.7886     2.7623     0.0295  0.1459082 -9.990e-29
        857      0.302    14.9674   2.957470     2.7884     2.7618     0.0295  0.1458588 -9.990e-29
        858      0.303    14.9681   2.957584     2.7881     2.7613     0.0295  0.1458081 -9.990e-29
        859      0.304    14.9688   2.957704     2.7879     2.7608     0.0295  0.1457559 -9.990e-29
        860      0.306    14.9694   2.957829     2.7876     2.7603     0.0244  0.1457036 -9.990e-29
        861      0.307    14.9699   2.957954     2.7874     2.7597     0.0187  0.1456557 -9.990e-29
        862      0.308    14.9703   2.958077     2.7872     2.7592     0.0174  0.1456172 -9.990e-29
        863      0.309    14.9706   2.958194     2.7869     2.7586     0.0176  0.1455894 -9.990e-29
        864      0.310    14.9709   2.958300     2.7867     2.7581     0.0178  0.1455721 -9.990e-29
        865      0.311    14.9710   2.958394     2.7865     2.7575     0.0179  0.1455653 -9.990e-29
        866      0.313    14.9711   2.958473     2.7862     2.7570     0.0178  0.1455688 -9.990e-29
        867      0.314    14.9711   2.958538     2.7860     2.7564     0.0179  0.1455828 -9.990e-29
        868      0.316    14.9710   2.958588     2.7858     2.7559     0.0179  0.1456072 -9.990e-29
        869      0.318    14.9709   2.958625     2.7856     2.7553     0.0178  0.1456422 -9.990e-29
        870      0.320    14.9707   2.958649     2.7853     2.7548     0.0178  0.1456882 -9.990e-29
        871      0.322    14.9705   2.958659     2.7851     2.7543     0.0179  0.1457454 -9.990e-29
        872      0.324    14.9703   2.958658     2.7850     2.7538     0.0178  0.1458143 -9.990e-29
        873      0.327    14.9701   2.958649     2.7848     2.7533     0.0178  0.1458952 -9.990e-29
        874      0.329    14.9699   2.958633     2.7846     2.7528     0.0178  0.1459888 -9.990e-29
        875      0.333    14.9697   2.958613     2.7844     2.7523     0.0179  0.1460957 -9.990e-29
        876      0.336    14.9695   2.958592     2.7842     2.7518     0.0178  0.1462167 -9.990e-29
        877      0.340    14.9693   2.958569     2.7840     2.7514     0.0178  0.1463526 -9.990e-29
        878      0.343    14.9691   2.958545     2.7839     2.7510     0.0178  0.1465043 -9.990e-29
        879      0.348    14.9688   2.958518     2.7837     2.7506     0.0178  0.1466730 -9.990e-29
        880      0.352    14.9686   2.958488     2.7836     2.7502     0.0178  0.1468597 -9.990e-29
        881      0.357    14.9683   2.958453     2.7835     2.7498     0.0178  0.1470658 -9.990e-29
        882      0.362    14.9680   2.958415     2.7833     2.7494     0.0178  0.1472926 -9.990e-29
        883      0.367    14.9677   2.958376     2.7832     2.7491     0.0178  0.1475419 -9.990e-29
        884      0.372    14.9675   2.958335     2.7831     2.7488     0.0178  0.1478153 -9.990e-29
        885      0.377    14.9673   2.958294     2.7830     2.7484     0.0165  0.1481139 -9.990e-29
        886      0.382    14.9671   2.958256     2.7829     2.7481     0.0082  0.1484287 -9.990e-29
        887      0.386    14.9670   2.958223     2.7828     2.7478     0.0044  0.1487381 -9.990e-29
        888      0.391    14.9669   2.958194     2.7827     2.7475     0.0040  0.1490264 -9.990e-29
        889      0.395    14.9668   2.958170     2.7826     2.7472     0.0044  0.1492914 -9.990e-29
        890      0.399    14.9668   2.958150     2.7825     2.7470     0.0046  0.1495350 -9.990e-29
        891      0.402    14.9668   2.958136     2.7824     2.7467     0.0046  0.1497588 -9.990e-29
        892      0.405    14.9669   2.958126     2.7823     2.7464     0.0046  0.1499643 -9.990e-29
        893      0.408    14.9670   2.958122     2.7823     2.7462     0.0046  0.1501531 -9.990e-29
        894      0.410    14.9671   2.958124     2.7822     2.7459     0.0046  0.1503264 -9.990e-29
        895      0.412    14.9673   2.958134     2.7821     2.7457     0.0046  0.1504863 -9.990e-29
        896      0.414    14.9676   2.958152     2.7820     2.7454     0.0046  0.1506347 -9.990e-29
        897      0.415    14.9680   2.958178     2.7819     2.7452     0.0046  0.1507719 -9.990e-29
        898      0.416    14.9684   2.958214     2.7819     2.7450     0.0046  0.1508979 -9.990e-29
        899      0.417    14.9688   2.958260     2.7818     2.7448     0.0046  0.1510136 -9.990e-29
        900      0.418    14.9694   2.958316     2.7817     2.7446     0.0046  0.1511198 -9.990e-29
        901      0.419    14.9699   2.958384     2.7817     2.7444     0.0046  0.1512172 -9.990e-29
        902      0.419    14.9705   2.958462     2.7816     2.7443     0.0046  0.1513066 -9.990e-29
        903      0.421    14.9711   2.958548     2.7815     2.7441     0.0046  0.1513886 -9.990e-29
        904      0.422    14.9717   2.958641     2.7815     2.7440     0.0046  0.1514636 -9.990e-29
        905      0.424    14.9724   2.958741     2.7814     2.7439     0.0046  0.1515332 -9.990e-29
        906      0.426    14.9731   2.958848     2.7814     2.7438     0.0046  0.1515986 -9.990e-29
        907      0.428    14.9739   2.958965     2.7813     2.7437     0.0046  0.1516602 -9.990e-29
        908      0.430    14.9748   2.959092     2.7813     2.7435     0.0046  0.1517186 -9.990e-29
        909      0.433    14.9758   2.959234     2.7812     2.7434     0.0046  0.1517733 -9.990e-29
        910      0.436    14.9769   2.959391     2.7812     2.7433     0.0046  0.1518237 -9.990e-29
        911      0.440    14.9781   2.959566     2.7811     2.7432     0.0046  0.1518703 -9.990e-29
        912      0.444    14.9794   2.959761     2.7811     2.7431     0.0044  0.1519134 -9.990e-29
        913      0.448    14.9808   2.959978     2.7811     2.7430     0.0044  0.1519523 -9.990e-29
        914      0.453    14.9824   2.960220     2.7811     2.7429     0.0044  0.1519858 -9.990e-29
        915      0.458    14.9842   2.960488     2.7810     2.7428     0.0044  0.1520140 -9.990e-29
        916      0.463    14.9861   2.960786     2.7810     2.7427     0.0044  0.1520380 -9.990e-29
        917      0.468    14.9883   2.961116     2.7810     2.7426     0.0044  0.1520579 -9.990e-29
        918      0.473    14.9906   2.961480     2.7810     2.7425     0.0044  0.1520748 -9.990e-29
        919      0.478    14.9931   2.961879     2.7810     2.7425     0.0044  0.1520887 -9.990e-29
        920      0.484    14.9958   2.962314     2.7810     2.7424     0.0044  0.1520980 -9.990e-29
        921      0.489    14.9987   2.962785     2.7810     2.7423     0.0044  0.1521029 -9.990e-29
        922      0.494    15.0018   2.963292     2.7810     2.7423     0.0044  0.1521050 -9.990e-29
        923      0.499    15.0049   2.963832     2.7809     2.7422     0.0044  0.1521043 -9.990e-29
        924      0.503    15.0082   2.964399     2.7809     2.7422     0.0044  0.1520993 -9.990e-29
        925      0.508    15.0114   2.964986     2.7809     2.7422     0.0044  0.1520888 -9.990e-29
        926      0.512    15.0146   2.965582     2.7810     2.7421     0.0044  0.1520730 -9.990e-29
        927      0.517    15.0176   2.966178     2.7810     2.7421     0.0044  0.1520517 -9.990e-29
        928      0.521    15.0205   2.966766     2.7810     2.7421     0.0044  0.1520246 -9.990e-29
        929      0.525    15.0231   2.967336     2.7810     2.7421     0.0044  0.1519926 -9.990e-29
        930      0.529    15.0255   2.967877     2.7810     2.7421     0.0044  0.1519571 -9.990e-29
        931      0.533    15.0276   2.968379     2.7810     2.7421     0.0044  0.1519186 -9.990e-29
        932      0.537    15.0293   2.968834     2.7810     2.7421     0.0044  0.1518770 -9.990e-29
        933      0.540    15.0307   2.969235     2.7810     2.7420     0.0044  0.1518319 -9.990e-29
        934      0.544    15.0317   2.969577     2.7810     2.7420     0.0044  0.1517821 -9.990e-29
        935      0.547    15.0324   2.969858     2.7810     2.7420     0.0044  0.1517256 -9.990e-29
        936      0.551    15.0327   2.970082     2.7810     2.7420     0.0044  0.1516621 -9.990e-29
        937      0.554    15.0329   2.970253     2.7811     2.7420     0.0046  0.1515944 -9.990e-29
        938      0.558    15.0328   2.970379     2.7811     2.7420     0.0046  0.1515272 -9.990e-29
        939      0.561    15.0326   2.970465     2.7812     2.7419     0.0046  0.1514644 -9.990e-29
        940      0.565    15.0323   2.970519     2.7812     2.7419     0.0046  0.1514079 -9.990e-29
        941      0.568    15.0320   2.970548     2.7813     2.7419     0.0046  0.1513573 -9.990e-29
        942      0.572    15.0316   2.970558     2.7813     2.7418     0.0046  0.1513108 -9.990e-29
        943      0.575    15.0311   2.970555     2.7814     2.7418     0.0046  0.1512670 -9.990e-29
        944      0.579    15.0305   2.970540     2.7814     2.7418     0.0046  0.1512257 -9.990e-29
        945      0.582    15.0299   2.970513     2.7815     2.7417     0.0046  0.1511866 -9.990e-29
        946      0.585    15.0292   2.970473     2.7816     2.7417     0.0046  0.1511493 -9.990e-29
        947      0.588    15.0285   2.970420     2.7816     2.7417     0.0046  0.1511138 -9.990e-29
        948      0.591    15.0277   2.970353     2.7817     2.7416     0.0046  0.1510796 -9.990e-29
        949      0.593    15.0269   2.970274     2.7818     2.7416     0.0046  0.1510466 -9.990e-29
        950      0.596    15.0262   2.970186     2.7819     2.7415     0.0046  0.1510145 -9.990e-29
        951      0.598    15.0256   2.970094     2.7819     2.7415     0.0046  0.1509832 -9.990e-29
        952      0.600    15.0251   2.970002     2.7820     2.7414     0.0046  0.1509523 -9.990e-29
        953      0.602    15.0248   2.969916     2.7821     2.7414     0.0046  0.1509217 -9.990e-29
        954      0.604    15.0246   2.969841     2.7822     2.7413     0.0046  0.1508912 -9.990e-29
        955      0.606    15.0245   2.969775     2.7823     2.7413     0.0046  0.1508605 -9.990e-29
        956      0.608    15.0246   2.969720     2.7823     2.7413     0.0046  0.1508295 -9.990e-29
        957      0.609    15.0247   2.969672     2.7824     2.7412     0.0046  0.1507979 -9.990e-29
        958      0.611    15.0249   2.969633     2.7825     2.7412     0.0046  0.1507655 -9.990e-29
        959      0.613    15.0251   2.969602     2.7825     2.7412     0.0046  0.1507321 -9.990e-29
        960      0.614    15.0255   2.969581     2.7826     2.7412     0.0046  0.1506975 -9.990e-29
