code/data/2021/ctd_data_day2/station7_ctm_fil_le_der.cnv
* Sea-Bird SBE 9 Data File:
* FileName = C:\Users\CTD-User\Desktop\MAR440\day2\station7.hex
* Software Version Seasave V 7.26.2.13
* Temperature SN = 6313
* Conductivity SN = 4758
* Number of Bytes Per Scan = 37
* Number of Voltage Words = 4
* Number of Scans Averaged by the Deck Unit = 1
* NMEA Latitude = 58 19.09 N
* NMEA Longitude = 011 47.38 E
* NMEA UTC (Time) = Sep 22 2021 11:12:47
* NMEA baud rate = 4800
** Ship: Skagerrak
** Station: station7
** Operator: group1
# nquan = 13                                
# nvalues = 2736                        
# units = specified
# name 0 = scan: Scan Count
# name 1 = prDM: Pressure, Digiquartz [db]
# name 2 = t090C: Temperature [ITS-90, deg C]
# name 3 = c0S/m: Conductivity [S/m]
# name 4 = sbeox0V: Oxygen raw, SBE 43 [V]
# name 5 = sbeox1V: Oxygen raw, SBE 43, 2 [V]
# name 6 = flECO-AFL: Fluorescence, WET Labs ECO-AFL/FL [mg/m^3]
# name 7 = upoly0: Upoly 0, Turbidity
# name 8 = depSM: Depth [salt water, m], lat = 58.3182
# name 9 = sal00: Salinity, Practical [PSU]
# name 10 = sbeox0ML/L: Oxygen, SBE 43 [ml/l], WS = 2
# name 11 = sbeox1ML/L: Oxygen, SBE 43, 2 [ml/l], WS = 2
# name 12 = flag: flag
# span 0 =          1,       2736       
# span 1 =      0.803,     30.368       
# span 2 =     7.3535,    16.0306       
# span 3 =   2.942788,   3.785244       
# span 4 =     0.5864,     2.8350       
# span 5 =     0.6626,     2.7722       
# span 6 =     0.0035,     0.0123       
# span 7 =  0.0866458,  0.1647296       
# span 8 =      0.796,     30.084       
# span 9 =    23.0921,    32.0429       
# span 10 =     0.1903,     6.9243      
# span 11 =     0.5180,     5.8849      
# span 12 = 0.0000e+00, 0.0000e+00      
# interval = seconds: 0.0416667
# start_time = Sep 22 2021 11:12:47 [NMEA time, header]
# bad_flag = -9.990e-29
*END*
[from data line 2112]
       2113     23.004    13.1770   3.758563     1.2393     1.3352     0.0037  0.0870062     22.789    31.6399     2.3181     2.3488 0.0000e+00
       2114     23.026    13.1813   3.759666     1.2406     1.3367     0.0037  0.0869711     22.811    31.6466     2.3226     2.3526 0.0000e+00
       2115     23.048    13.1853   3.760725     1.2420     1.3383     0.0037  0.0869337     22.833    31.6532     2.3274     2.3566 0.0000e+00
       2116     23.070    13.1890   3.761742     1.2433     1.3398     0.0037  0.0868964     22.854    31.6596     2.3317     2.3603 0.0000e+00
       2117     23.092    13.1924   3.762723     1.2447     1.3414     0.0037  0.0868613     22.876    31.6660     2.3363     2.3641 0.0000e+00
       2118     23.114    13.1957   3.763669     1.2461     1.3430     0.0037  0.0868300     22.898    31.6721     2.3407     2.3679 0.0000e+00
       2119     23.136    13.1986   3.764584     1.2474     1.3445     0.0037  0.0868030     22.920    31.6782     2.3448     2.3714 0.0000e+00
       2120     23.158    13.2014   3.765470     1.2488     1.3461     0.0037  0.0867795     22.942    31.6842     2.3491     2.3751 0.0000e+00
       2121     23.180    13.2040   3.766328     1.2502     1.3476     0.0037  0.0867582     22.963    31.6900     2.3534     2.3784 0.0000e+00
       2122     23.202    13.2064   3.767157     1.2516     1.3492     0.0037  0.0867392     22.985    31.6958     2.3575     2.3820 0.0000e+00
       2123     23.224    13.2086   3.767959     1.2529     1.3507     0.0037  0.0867222     23.007    31.7014     2.3613     2.3853 0.0000e+00
       2124     23.246    13.2106   3.768732     1.2543     1.3522     0.0037  0.0867072     23.029    31.7070     2.3653     2.3886 0.0000e+00
       2125     23.268    13.2124   3.769473     1.2557     1.3538     0.0037  0.0866940     23.050    31.7124     2.3693     2.3920 0.0000e+00
       2126     23.290    13.2140   3.770182     1.2570     1.3553     0.0037  0.0866825     23.072    31.7177     2.3729     2.3952 0.0000e+00
       2127     23.312    13.2153   3.770856     1.2584     1.3568     0.0037  0.0866727     23.094    31.7229     2.3768     2.3984 0.0000e+00
       2128     23.334    13.2164   3.771494     1.2597     1.3583     0.0037  0.0866645     23.116    31.7280     2.3803     2.4015 0.0000e+00
       2129     23.356    13.2173   3.772095     1.2611     1.3598     0.0037  0.0866578     23.138    31.7329     2.3840     2.4046 0.0000e+00
       2130     23.378    13.2179   3.772661     1.2624     1.3612     0.0037  0.0866527     23.159    31.7376     2.3874     2.4075 0.0000e+00
       2131     23.400    13.2184   3.773190     1.2638     1.3627     0.0037  0.0866490     23.181    31.7422     2.3910     2.4106 0.0000e+00
       2132     23.421    13.2186   3.773685     1.2651     1.3642     0.0037  0.0866467     23.202    31.7466     2.3944     2.4136 0.0000e+00
       2133     23.443    13.2186   3.774146     1.2664     1.3656     0.0037  0.0866458     23.224    31.7509     2.3977     2.4164 0.0000e+00
       2134     23.465    13.2184   3.774576     1.2677     1.3671     0.0037  0.0866464     23.246    31.7551     2.4009     2.4195 0.0000e+00
       2135     23.487    13.2180   3.774978     1.2691     1.3685     0.0037  0.0866483     23.267    31.7592     2.4044     2.4223 0.0000e+00
       2136     23.509    13.2175   3.775354     1.2704     1.3699     0.0037  0.0866517     23.289    31.7631     2.4075     2.4250 0.0000e+00
       2137     23.531    13.2169   3.775707     1.2717     1.3714     0.0037  0.0866566     23.311    31.7669     2.4107     2.4280 0.0000e+00
       2138     23.553    13.2161   3.776041     1.2730     1.3728     0.0037  0.0866629     23.333    31.7707     2.4138     2.4307 0.0000e+00
       2139     23.575    13.2152   3.776359     1.2743     1.3742     0.0037  0.0866707     23.355    31.7744     2.4168     2.4334 0.0000e+00
       2140     23.597    13.2143   3.776664     1.2755     1.3756     0.0037  0.0866802     23.376    31.7780     2.4196     2.4361 0.0000e+00
       2141     23.619    13.2133   3.776961     1.2768     1.3770     0.0038  0.0866913     23.398    31.7817     2.4226     2.4387 0.0000e+00
       2142     23.641    13.2123   3.777251     1.2781     1.3784     0.0040  0.0867041     23.420    31.7852     2.4255     2.4414 0.0000e+00
       2143     23.663    13.2113   3.777538     1.2794     1.3798     0.0040  0.0867187     23.442    31.7887     2.4285     2.4439 0.0000e+00
       2144     23.685    13.2102   3.777822     1.2807     1.3811     0.0040  0.0867344     23.464    31.7923     2.4314     2.4462 0.0000e+00
       2145     23.707    13.2092   3.778106     1.2819     1.3825     0.0040  0.0867504     23.485    31.7958     2.4340     2.4488 0.0000e+00
       2146     23.729    13.2081   3.778389     1.2832     1.3839     0.0040  0.0867668     23.507    31.7993     2.4368     2.4513 0.0000e+00
       2147     23.751    13.2070   3.778670     1.2844     1.3853     0.0040  0.0867830     23.529    31.8029     2.4393     2.4537 0.0000e+00
       2148     23.773    13.2058   3.778950     1.2857     1.3866     0.0040  0.0867981     23.551    31.8065     2.4420     2.4558 0.0000e+00
       2149     23.794    13.2047   3.779230     1.2869     1.3880     0.0040  0.0868123     23.572    31.8100     2.4445     2.4581 0.0000e+00
       2150     23.816    13.2035   3.779509     1.2882     1.3893     0.0040  0.0868257     23.593    31.8136     2.4471     2.4601 0.0000e+00
       2151     23.838    13.2023   3.779788     1.2894     1.3907     0.0040  0.0868383     23.615    31.8172     2.4494     2.4623 0.0000e+00
       2152     23.860    13.2010   3.780069     1.2906     1.3920     0.0040  0.0868503     23.637    31.8210     2.4517     2.4642 0.0000e+00
       2153     23.881    13.1997   3.780352     1.2918     1.3934     0.0040  0.0868617     23.658    31.8247     2.4538     2.4662 0.0000e+00
       2154     23.903    13.1983   3.780638     1.2930     1.3947     0.0040  0.0868735     23.679    31.8285     2.4559     2.4679 0.0000e+00
       2155     23.925    13.1969   3.780928     1.2942     1.3960     0.0040  0.0868866     23.701    31.8324     2.4579     2.4695 0.0000e+00
       2156     23.947    13.1954   3.781223     1.2954     1.3973     0.0040  0.0869002     23.723    31.8364     2.4599     2.4709 0.0000e+00
       2157     23.969    13.1939   3.781523     1.2966     1.3986     0.0040  0.0869136     23.745    31.8405     2.4617     2.4723 0.0000e+00
       2158     23.990    13.1923   3.781831     1.2977     1.3999     0.0040  0.0869268     23.766    31.8447     2.4632     2.4735 0.0000e+00
       2159     24.012    13.1907   3.782144     1.2989     1.4011     0.0040  0.0869401     23.787    31.8490     2.4648     2.4744 0.0000e+00
       2160     24.034    13.1889   3.782462     1.3001     1.4024     0.0040  0.0869542     23.809    31.8534     2.4664     2.4754 0.0000e+00
       2161     24.055    13.1871   3.782783     1.3012     1.4036     0.0040  0.0869702     23.830    31.8580     2.4675     2.4760 0.0000e+00
       2162     24.077    13.1850   3.783103     1.3023     1.4048     0.0040  0.0869882     23.852    31.8627     2.4686     2.4765 0.0000e+00
       2163     24.099    13.1829   3.783422     1.3035     1.4060     0.0040  0.0870083     23.874    31.8675     2.4698     2.4768 0.0000e+00
       2164     24.120    13.1804   3.783735     1.3046     1.4072     0.0040  0.0870297     23.894    31.8725     2.4706     2.4770 0.0000e+00
       2165     24.142    13.1778   3.784037     1.3057     1.4083     0.0040  0.0870518     23.916    31.8775     2.4712     2.4768 0.0000e+00
       2166     24.164    13.1748   3.784323     1.3067     1.4095     0.0040  0.0870748     23.938    31.8827     2.4715     2.4767 0.0000e+00
       2167     24.185    13.1714   3.784584     1.3078     1.4105     0.0048  0.0870987     23.959    31.8880     2.4719     2.4760 0.0000e+00
       2168     24.207    13.1676   3.784811     1.3089     1.4116     0.0048  0.0871230     23.981    31.8933     2.4722     2.4753 0.0000e+00
       2169     24.229    13.1633   3.784997     1.3099     1.4127     0.0048  0.0871460     24.002    31.8986     2.4721     2.4745 0.0000e+00
       2170     24.251    13.1584   3.785135     1.3109     1.4137     0.0048  0.0871672     24.024    31.9040     2.4718     2.4733 0.0000e+00
       2171     24.272    13.1529   3.785219     1.3118     1.4146     0.0048  0.0871866     24.045    31.9094     2.4711     2.4718 0.0000e+00
       2172     24.294    13.1467   3.785244     1.3128     1.4156     0.0048  0.0872043     24.067    31.9149     2.4706     2.4703 0.0000e+00
       2173     24.316    13.1399   3.785205     1.3138     1.4164     0.0048  0.0872206     24.089    31.9202     2.4699     2.4682 0.0000e+00
       2174     24.338    13.1324   3.785099     1.3147     1.4173     0.0048  0.0872355     24.110    31.9255     2.4688     2.4662 0.0000e+00
       2175     24.359    13.1242   3.784922     1.3155     1.4181     0.0048  0.0872491     24.131    31.9307     2.4672     2.4638 0.0000e+00
       2176     24.381    13.1152   3.784672     1.3164     1.4189     0.0048  0.0872615     24.153    31.9359     2.4658     2.4612 0.0000e+00
       2177     24.402    13.1054   3.784347     1.3172     1.4196     0.0048  0.0872728     24.174    31.9411     2.4639     2.4583 0.0000e+00
       2178     24.424    13.0950   3.783946     1.3180     1.4203     0.0048  0.0872830     24.196    31.9461     2.4619     2.4551 0.0000e+00
       2179     24.446    13.0838   3.783470     1.3187     1.4209     0.0048  0.0872924     24.217    31.9510     2.4593     2.4516 0.0000e+00
       2180     24.467    13.0719   3.782921     1.3194     1.4215     0.0048  0.0873008     24.238    31.9559     2.4566     2.4479 0.0000e+00
       2181     24.489    13.0594   3.782301     1.3201     1.4220     0.0048  0.0873084     24.260    31.9606     2.4537     2.4438 0.0000e+00
       2182     24.511    13.0464   3.781616     1.3208     1.4225     0.0048  0.0873152     24.282    31.9651     2.4505     2.4395 0.0000e+00
       2183     24.532    13.0329   3.780868     1.3214     1.4229     0.0048  0.0873213     24.303    31.9694     2.4469     2.4348 0.0000e+00
       2184     24.554    13.0190   3.780064     1.3219     1.4233     0.0048  0.0873268     24.324    31.9736     2.4428     2.4299 0.0000e+00
       2185     24.576    13.0047   3.779209     1.3224     1.4236     0.0048  0.0873315     24.346    31.9776     2.4385     2.4246 0.0000e+00
       2186     24.597    12.9901   3.778311     1.3229     1.4238     0.0048  0.0873357     24.367    31.9814     2.4339     2.4188 0.0000e+00
       2187     24.619    12.9753   3.777378     1.3233     1.4240     0.0048  0.0873401     24.389    31.9851     2.4288     2.4128 0.0000e+00
       2188     24.641    12.9603   3.776417     1.3237     1.4241     0.0048  0.0873456     24.411    31.9887     2.4236     2.4064 0.0000e+00
       2189     24.662    12.9452   3.775427     1.3240     1.4242     0.0048  0.0873515     24.431    31.9921     2.4178     2.3999 0.0000e+00
       2190     24.684    12.9298   3.774405     1.3243     1.4242     0.0048  0.0873569     24.453    31.9955     2.4118     2.3929 0.0000e+00
       2191     24.706    12.9142   3.773348     1.3246     1.4241     0.0048  0.0873619     24.475    31.9987     2.4056     2.3855 0.0000e+00
       2192     24.727    12.8983   3.772251     1.3247     1.4240     0.0051  0.0873665     24.496    32.0018     2.3986     2.3779 0.0000e+00
       2193     24.749    12.8823   3.771114     1.3249     1.4238     0.0055  0.0873707     24.518    32.0046     2.3917     2.3699 0.0000e+00
       2194     24.770    12.8660   3.769941     1.3249     1.4235     0.0057  0.0873745     24.538    32.0073     2.3840     2.3616 0.0000e+00
       2195     24.792    12.8496   3.768738     1.3249     1.4232     0.0057  0.0873781     24.560    32.0098     2.3761     2.3531 0.0000e+00
       2196     24.813    12.8332   3.767511     1.3249     1.4228     0.0057  0.0873813     24.581    32.0121     2.3681     2.3442 0.0000e+00
       2197     24.835    12.8169   3.766268     1.3248     1.4223     0.0057  0.0873843     24.603    32.0141     2.3595     2.3350 0.0000e+00
       2198     24.857    12.8006   3.765014     1.3246     1.4217     0.0057  0.0873870     24.625    32.0161     2.3506     2.3254 0.0000e+00
       2199     24.878    12.7845   3.763755     1.3243     1.4210     0.0057  0.0873895     24.645    32.0178     2.3412     2.3154 0.0000e+00
       2200     24.900    12.7685   3.762495     1.3240     1.4203     0.0057  0.0873918     24.667    32.0194     2.3316     2.3053 0.0000e+00
       2201     24.922    12.7527   3.761234     1.3236     1.4194     0.0057  0.0873939     24.689    32.0209     2.3216     2.2946 0.0000e+00
       2202     24.943    12.7370   3.759970     1.3231     1.4185     0.0057  0.0873958     24.710    32.0222     2.3112     2.2839 0.0000e+00
       2203     24.965    12.7212   3.758703     1.3225     1.4175     0.0057  0.0873976     24.732    32.0236     2.3004     2.2729 0.0000e+00
       2204     24.987    12.7054   3.757426     1.3219     1.4164     0.0057  0.0873992     24.753    32.0249     2.2895     2.2616 0.0000e+00
       2205     25.008    12.6894   3.756134     1.3212     1.4152     0.0055  0.0874006     24.774    32.0262     2.2782     2.2500 0.0000e+00
       2206     25.030    12.6732   3.754820     1.3204     1.4139     0.0057  0.0874019     24.796    32.0275     2.2666     2.2382 0.0000e+00
       2207     25.052    12.6566   3.753475     1.3196     1.4125     0.0057  0.0874031     24.818    32.0288     2.2549     2.2261 0.0000e+00
       2208     25.073    12.6396   3.752092     1.3186     1.4111     0.0057  0.0874042     24.838    32.0301     2.2427     2.2140 0.0000e+00
       2209     25.095    12.6221   3.750663     1.3176     1.4095     0.0057  0.0874051     24.860    32.0314     2.2304     2.2015 0.0000e+00
       2210     25.117    12.6041   3.749184     1.3165     1.4079     0.0057  0.0874060     24.882    32.0327     2.2179     2.1891 0.0000e+00
       2211     25.139    12.5855   3.747651     1.3154     1.4061     0.0057  0.0874067     24.904    32.0339     2.2054     2.1762 0.0000e+00
       2212     25.160    12.5663   3.746061     1.3142     1.4043     0.0057  0.0874074     24.925    32.0351     2.1927     2.1635 0.0000e+00
       2213     25.182    12.5465   3.744411     1.3129     1.4024     0.0057  0.0874079     24.946    32.0362     2.1797     2.1506 0.0000e+00
       2214     25.204    12.5262   3.742700     1.3115     1.4004     0.0057  0.0874084     24.968    32.0372     2.1665     2.1375 0.0000e+00
       2215     25.225    12.5052   3.740928     1.3100     1.3984     0.0057  0.0874088     24.989    32.0382     2.1531     2.1246 0.0000e+00
       2216     25.247    12.4836   3.739094     1.3085     1.3962     0.0057  0.0874092     25.011    32.0391     2.1399     2.1113 0.0000e+00
       2217     25.269    12.4615   3.737201     1.3069     1.3940     0.0057  0.0874094     25.033    32.0399     2.1264     2.0982 0.0000e+00
       2218     25.291    12.4388   3.735250     1.3052     1.3917     0.0057  0.0874096     25.054    32.0407     2.1128     2.0850 0.0000e+00
       2219     25.312    12.4156   3.733244     1.3035     1.3894     0.0059  0.0874097     25.075    32.0413     2.0994     2.0720 0.0000e+00
       2220     25.334    12.3919   3.731188     1.3017     1.3870     0.0059  0.0874097     25.097    32.0419     2.0858     2.0589 0.0000e+00
       2221     25.356    12.3679   3.729084     1.2999     1.3845     0.0059  0.0874097     25.119    32.0423     2.0723     2.0457 0.0000e+00
       2222     25.378    12.3435   3.726934     1.2980     1.3819     0.0059  0.0874096     25.141    32.0425     2.0588     2.0325 0.0000e+00
