code/data/2021/ctd_data_day2/station7_ctm.cnv
* Sea-Bird SBE 9 Data File:
* FileName = C:\Users\CTD-User\Desktop\MAR440\day2\station7.hex
* Software Version Seasave V 7.26.2.13
* Temperature SN = 6313
* Conductivity SN = 4758
* Number of Bytes Per Scan = 37
* Number of Voltage Words = 4
* Number of Scans Averaged by the Deck Unit = 1
* NMEA Latitude = 58 19.09 N
* NMEA Longitude = 011 47.38 E
* NMEA UTC (Time) = Sep 22 2021 11:12:47
* NMEA baud rate = 4800
** Ship: Skagerrak
** Station: station7
** Operator: group1
# nquan = 9
# nvalues = 2736                        
# units = specified
# name 0 = scan: Scan Count
# name 1 = prDM: Pressure, Digiquartz [db]
# name 2 = t090C: Temperature [ITS-90, deg C]
# name 3 = c0S/m: Conductivity [S/m]
# name 4 = sbeox0V: Oxygen raw, SBE 43 [V]
# name 5 = sbeox1V: Oxygen raw, SBE 43, 2 [V]
# name 6 = flECO-AFL: Fluorescence, WET Labs ECO-AFL/FL [mg/m^3]
# name 7 = upoly0: Upoly 0, Turbidity
# name 8 = flag:  0.000e+00
# span 0 =          1,       2736       
# span 1 =      0.724,     30.415       
# span 2 =     7.3528,    16.1037       
# span 3 =   2.942330,   3.795563       
# span 4 =     0.5809,     2.8364       
# span 5 =     0.6579,     2.7741       
# span 6 =     0.0035,     0.0123       
# span 7 =  0.0859548,  0.1675177       
# span 8 = 0.0000e+00, 0.0000e+00       
# interval = seconds: 0.0416667
# start_time = Sep 22 2021 11:12:47 [NMEA time, header]
# bad_flag = -9.990e-29
*END*
[from data line 321]
        322      6.022    15.0573   2.964743     2.8278     2.7570     0.0049  0.1538425 0.0000e+00
        323      5.964    15.0477   2.963859     2.8278     2.7570     0.0049  0.1538425 0.0000e+00
        324      6.063    15.0363   2.962780     2.8291     2.7570     0.0051  0.1538425 0.0000e+00
        325      6.022    15.0299   2.961886     2.8303     2.7570     0.0051  0.1543309 0.0000e+00
        326      6.121    15.0323   2.961551     2.8303     2.7570     0.0051  0.1543309 0.0000e+00
        327      6.088    15.0358   2.961722     2.8278     2.7558     0.0049  0.1538425 0.0000e+00
        328      6.145    15.0400   2.962012     2.8278     2.7558     0.0051  0.1543309 0.0000e+00
        329      6.121    15.0450   2.962449     2.8291     2.7558     0.0051  0.1543309 0.0000e+00
        330      6.145    15.0513   2.963061     2.8291     2.7570     0.0049  0.1548193 0.0000e+00
        331      6.203    15.0575   2.963635     2.8278     2.7570     0.0048  0.1557961 0.0000e+00
        332      6.178    15.0616   2.964300     2.8278     2.7558     0.0048  0.1562845 0.0000e+00
        333      6.203    15.0639   2.964703     2.8278     2.7558     0.0048  0.1567729 0.0000e+00
        334      6.302    15.0652   2.964976     2.8303     2.7570     0.0048  0.1562845 0.0000e+00
        335      6.269    15.0665   2.965199     2.8278     2.7558     0.0048  0.1562845 0.0000e+00
        336      6.269    15.0680   2.965439     2.8266     2.7558     0.0048  0.1557961 0.0000e+00
        337      6.368    15.0692   2.965485     2.8266     2.7558     0.0048  0.1562845 0.0000e+00
        338      6.326    15.0746   2.965890     2.8278     2.7558     0.0048  0.1557961 0.0000e+00
        339      6.326    15.0845   2.966743     2.8291     2.7546     0.0048  0.1557961 0.0000e+00
        340      6.368    15.0910   2.967985     2.8278     2.7558     0.0048  0.1562845 0.0000e+00
        341      6.450    15.0968   2.968894     2.8266     2.7558     0.0048  0.1557961 0.0000e+00
        342      6.425    15.1031   2.969655     2.8266     2.7546     0.0048  0.1557961 0.0000e+00
        343      6.450    15.1087   2.970424     2.8278     2.7546     0.0048  0.1557961 0.0000e+00
        344      6.450    15.1141   2.971022     2.8303     2.7558     0.0048  0.1557961 0.0000e+00
        345      6.491    15.1171   2.971600     2.8266     2.7546     0.0048  0.1562845 0.0000e+00
        346      6.508    15.1187   2.972182     2.8266     2.7546     0.0048  0.1557961 0.0000e+00
        347      6.574    15.1212   2.972580     2.8266     2.7546     0.0048  0.1557961 0.0000e+00
        348      6.549    15.1234   2.972956     2.8278     2.7546     0.0048  0.1557961 0.0000e+00
        349      6.574    15.1226   2.973236     2.8278     2.7546     0.0048  0.1562845 0.0000e+00
        350      6.549    15.1181   2.972900     2.8266     2.7546     0.0048  0.1557961 0.0000e+00
        351      6.697    15.1156   2.972533     2.8254     2.7546     0.0048  0.1557961 0.0000e+00
        352      6.631    15.1207   2.972439     2.8254     2.7546     0.0048  0.1557961 0.0000e+00
        353      6.672    15.1313   2.973206     2.8278     2.7546     0.0048  0.1557961 0.0000e+00
        354      6.697    15.1433   2.974537     2.8266     2.7546     0.0048  0.1557961 0.0000e+00
        355      6.697    15.1533   2.975948     2.8254     2.7534     0.0048  0.1557961 0.0000e+00
        356      6.730    15.1624   2.977223     2.8254     2.7546     0.0048  0.1557961 0.0000e+00
        357      6.755    15.1690   2.978234     2.8254     2.7534     0.0049  0.1553077 0.0000e+00
        358      6.755    15.1775   2.979319     2.8266     2.7546     0.0049  0.1548193 0.0000e+00
        359      6.854    15.1871   2.980524     2.8254     2.7534     0.0049  0.1553077 0.0000e+00
        360      6.821    15.1937   2.981778     2.8254     2.7534     0.0049  0.1548193 0.0000e+00
        361      6.854    15.1988   2.982701     2.8242     2.7521     0.0049  0.1553077 0.0000e+00
        362      6.878    15.2027   2.983352     2.8242     2.7521     0.0049  0.1548193 0.0000e+00
        363      6.878    15.2068   2.983961     2.8254     2.7521     0.0049  0.1548193 0.0000e+00
        364      6.911    15.2101   2.984512     2.8242     2.7521     0.0049  0.1548193 0.0000e+00
        365      6.936    15.2139   2.985036     2.8230     2.7521     0.0049  0.1548193 0.0000e+00
        366      6.936    15.2181   2.985667     2.8230     2.7521     0.0049  0.1548193 0.0000e+00
        367      6.977    15.2205   2.986330     2.8242     2.7521     0.0049  0.1553077 0.0000e+00
        368      7.002    15.2245   2.986772     2.8254     2.7521     0.0049  0.1548193 0.0000e+00
        369      7.059    15.2343   2.987519     2.8230     2.7521     0.0049  0.1553077 0.0000e+00
        370      7.035    15.2481   2.989128     2.8217     2.7509     0.0049  0.1553077 0.0000e+00
        371      7.059    15.2617   2.990997     2.8217     2.7509     0.0049  0.1553077 0.0000e+00
        372      7.059    15.2752   2.992894     2.8230     2.7509     0.0049  0.1548193 0.0000e+00
        373      7.158    15.2864   2.994687     2.8230     2.7509     0.0049  0.1548193 0.0000e+00
        374      7.125    15.3004   2.996669     2.8217     2.7497     0.0049  0.1553077 0.0000e+00
        375      7.158    15.3184   2.999278     2.8205     2.7497     0.0049  0.1548193 0.0000e+00
        376      7.183    15.3328   3.002221     2.8205     2.7497     0.0049  0.1548193 0.0000e+00
        377      7.183    15.3376   3.004308     2.8217     2.7485     0.0049  0.1548193 0.0000e+00
        378      7.224    15.3346   3.004732     2.8205     2.7497     0.0049  0.1553077 0.0000e+00
        379      7.241    15.3277   3.004232     2.8205     2.7497     0.0049  0.1553077 0.0000e+00
        380      7.307    15.3249   3.003676     2.8205     2.7497     0.0049  0.1548193 0.0000e+00
        381      7.282    15.3256   3.003473     2.8193     2.7485     0.0048  0.1538425 0.0000e+00
        382      7.307    15.3318   3.003800     2.8205     2.7485     0.0048  0.1504237 0.0000e+00
        383      7.364    15.3477   3.005076     2.8193     2.7473     0.0046  0.1494469 0.0000e+00
        384      7.339    15.3680   3.007733     2.8181     2.7473     0.0046  0.1494469 0.0000e+00
        385      7.364    15.3902   3.011065     2.8181     2.7473     0.0046  0.1494469 0.0000e+00
        386      7.430    15.4154   3.014670     2.8181     2.7473     0.0046  0.1494469 0.0000e+00
        387      7.405    15.4394   3.018488     2.8193     2.7473     0.0046  0.1494469 0.0000e+00
        388      7.430    15.4599   3.022234     2.8181     2.7473     0.0046  0.1494469 0.0000e+00
        389      7.405    15.4832   3.025952     2.8168     2.7473     0.0048  0.1494469 0.0000e+00
        390      7.554    15.5075   3.029608     2.8156     2.7460     0.0048  0.1494469 0.0000e+00
        391      7.554    15.5280   3.033113     2.8168     2.7460     0.0046  0.1494469 0.0000e+00
        392      7.529    15.5502   3.036540     2.8181     2.7460     0.0046  0.1494469 0.0000e+00
        393      7.554    15.5744   3.040134     2.8156     2.7460     0.0046  0.1494469 0.0000e+00
        394      7.554    15.5975   3.044108     2.8156     2.7448     0.0046  0.1489585 0.0000e+00
        395      7.644    15.6209   3.048230     2.8144     2.7436     0.0046  0.1494469 0.0000e+00
        396      7.611    15.6424   3.051833     2.8156     2.7436     0.0048  0.1494469 0.0000e+00
        397      7.611    15.6602   3.055037     2.8156     2.7436     0.0044  0.1494469 0.0000e+00
        398      7.710    15.6729   3.057648     2.8144     2.7436     0.0046  0.1494469 0.0000e+00
        399      7.669    15.6864   3.059642     2.8132     2.7436     0.0046  0.1494469 0.0000e+00
        400      7.669    15.6977   3.061634     2.8132     2.7436     0.0046  0.1494469 0.0000e+00
        401      7.768    15.7090   3.063620     2.8144     2.7436     0.0046  0.1494469 0.0000e+00
        402      7.735    15.7193   3.065452     2.8144     2.7436     0.0046  0.1494469 0.0000e+00
        403      7.793    15.7259   3.066705     2.8132     2.7424     0.0048  0.1494469 0.0000e+00
        404      7.834    15.7322   3.067660     2.8120     2.7424     0.0046  0.1494469 0.0000e+00
        405      7.792    15.7380   3.068703     2.8120     2.7424     0.0048  0.1494469 0.0000e+00
        406      7.858    15.7422   3.069551     2.8132     2.7424     0.0048  0.1494469 0.0000e+00
        407      7.834    15.7447   3.069836     2.8107     2.7424     0.0046  0.1470049 0.0000e+00
        408      7.916    15.7479   3.070193     2.8107     2.7424     0.0048  0.1450513 0.0000e+00
        409      7.916    15.7512   3.070908     2.8107     2.7411     0.0048  0.1450513 0.0000e+00
        410      7.891    15.7546   3.071562     2.8107     2.7411     0.0048  0.1450513 0.0000e+00
        411      7.974    15.7575   3.071951     2.8107     2.7411     0.0048  0.1450513 0.0000e+00
        412      7.974    15.7595   3.072208     2.8107     2.7411     0.0048  0.1450513 0.0000e+00
        413      8.015    15.7609   3.072384     2.8083     2.7399     0.0048  0.1450513 0.0000e+00
        414      7.974    15.7617   3.072463     2.8071     2.7399     0.0048  0.1450513 0.0000e+00
        415      8.097    15.7618   3.072652     2.8083     2.7399     0.0048  0.1450513 0.0000e+00
        416      8.015    15.7612   3.072703     2.8083     2.7387     0.0048  0.1450513 0.0000e+00
        417      8.097    15.7609   3.072839     2.8071     2.7399     0.0048  0.1450513 0.0000e+00
        418      8.097    15.7605   3.072897     2.8059     2.7399     0.0048  0.1450513 0.0000e+00
        419      8.138    15.7600   3.072837     2.8059     2.7387     0.0048  0.1450513 0.0000e+00
        420      8.163    15.7619   3.072820     2.8059     2.7375     0.0048  0.1450513 0.0000e+00
        421      8.163    15.7657   3.073117     2.8059     2.7375     0.0048  0.1450513 0.0000e+00
        422      8.262    15.7703   3.073822     2.8059     2.7363     0.0048  0.1450513 0.0000e+00
        423      8.163    15.7738   3.074700     2.8034     2.7363     0.0048  0.1450513 0.0000e+00
        424      8.287    15.7764   3.075240     2.8034     2.7350     0.0048  0.1450513 0.0000e+00
        425      8.262    15.7787   3.075616     2.8034     2.7338     0.0048  0.1450513 0.0000e+00
        426      8.287    15.7820   3.076388     2.8022     2.7338     0.0048  0.1450513 0.0000e+00
        427      8.287    15.7837   3.077266     2.8010     2.7326     0.0048  0.1450513 0.0000e+00
        428      8.320    15.7856   3.077871     2.8010     2.7314     0.0048  0.1450513 0.0000e+00
        429      8.344    15.7864   3.078548     2.7985     2.7302     0.0048  0.1450513 0.0000e+00
        430      8.402    15.7864   3.078905     2.8010     2.7302     0.0048  0.1450513 0.0000e+00
        431      8.443    15.7879   3.079066     2.7973     2.7289     0.0048  0.1450513 0.0000e+00
        432      8.344    15.7920   3.079578     2.7961     2.7277     0.0048  0.1445629 0.0000e+00
        433      8.468    15.7977   3.080355     2.7936     2.7265     0.0048  0.1440745 0.0000e+00
        434      8.443    15.8046   3.081304     2.7924     2.7241     0.0048  0.1440745 0.0000e+00
        435      8.526    15.8113   3.082448     2.7936     2.7228     0.0048  0.1440745 0.0000e+00
        436      8.468    15.8179   3.083553     2.7912     2.7216     0.0048  0.1440745 0.0000e+00
        437      8.567    15.8276   3.084961     2.7888     2.7204     0.0048  0.1440745 0.0000e+00
        438      8.525    15.8373   3.086543     2.7863     2.7179     0.0048  0.1440745 0.0000e+00
        439      8.591    15.8448   3.088089     2.7863     2.7155     0.0048  0.1440745 0.0000e+00
        440      8.567    15.8538   3.089893     2.7851     2.7143     0.0048  0.1440745 0.0000e+00
        441      8.649    15.8648   3.091941     2.7827     2.7118     0.0048  0.1440745 0.0000e+00
        442      8.649    15.8750   3.094165     2.7802     2.7094     0.0048  0.1440745 0.0000e+00
        443      8.690    15.8845   3.096292     2.7778     2.7070     0.0048  0.1440745 0.0000e+00
        444      8.649    15.8940   3.098065     2.7778     2.7045     0.0048  0.1440745 0.0000e+00
        445      8.707    15.9051   3.099676     2.7766     2.7033     0.0048  0.1440745 0.0000e+00
        446      8.748    15.9160   3.101271     2.7717     2.7009     0.0048  0.1440745 0.0000e+00
        447      8.707    15.9245   3.102772     2.7680     2.6972     0.0048  0.1440745 0.0000e+00
        448      8.773    15.9294   3.104129     2.7668     2.6960     0.0048  0.1440745 0.0000e+00
        449      8.806    15.9337   3.105288     2.7668     2.6935     0.0048  0.1440745 0.0000e+00
        450      8.830    15.9383   3.106180     2.7631     2.6911     0.0048  0.1440745 0.0000e+00
        451      8.830    15.9444   3.107307     2.7595     2.6874     0.0048  0.1440745 0.0000e+00
        452      8.872    15.9537   3.109092     2.7570     2.6850     0.0048  0.1440745 0.0000e+00
        453      8.896    15.9636   3.111404     2.7546     2.6838     0.0048  0.1440745 0.0000e+00
        454      8.896    15.9774   3.114410     2.7546     2.6813     0.0048  0.1440745 0.0000e+00
        455      8.929    15.9935   3.117951     2.7509     2.6789     0.0048  0.1440745 0.0000e+00
        456      8.954    16.0098   3.122951     2.7472     2.6764     0.0048  0.1440745 0.0000e+00
        457      8.954    16.0264   3.129054     2.7448     2.6740     0.0048  0.1440745 0.0000e+00
        458      8.995    16.0403   3.136418     2.7424     2.6715     0.0048  0.1411441 0.0000e+00
        459      9.020    16.0510   3.144065     2.7424     2.6691     0.0048  0.1387021 0.0000e+00
        460      9.020    16.0556   3.150722     2.7375     2.6667     0.0048  0.1382137 0.0000e+00
        461      9.053    16.0514   3.157301     2.7338     2.6654     0.0048  0.1382137 0.0000e+00
        462      9.135    16.0456   3.165418     2.7314     2.6606     0.0048  0.1382137 0.0000e+00
        463      9.077    16.0384   3.174013     2.7302     2.6593     0.0048  0.1387021 0.0000e+00
        464      9.119    16.0327   3.181636     2.7277     2.6569     0.0048  0.1387021 0.0000e+00
        465      9.135    16.0350   3.188924     2.7240     2.6545     0.0048  0.1387021 0.0000e+00
        466      9.201    16.0493   3.201690     2.7204     2.6520     0.0048  0.1387021 0.0000e+00
        467      9.135    16.0684   3.218479     2.7179     2.6496     0.0048  0.1387021 0.0000e+00
        468      9.234    16.0821   3.232678     2.7179     2.6459     0.0048  0.1387021 0.0000e+00
        469      9.259    16.0921   3.244100     2.7143     2.6447     0.0048  0.1387021 0.0000e+00
        470      9.135    16.0959   3.253881     2.7106     2.6422     0.0048  0.1387021 0.0000e+00
        471      9.358    16.0920   3.261190     2.7082     2.6410     0.0048  0.1382137 0.0000e+00
        472      9.325    16.0827   3.266318     2.7057     2.6386     0.0048  0.1387021 0.0000e+00
        473      9.325    16.0708   3.270083     2.7045     2.6361     0.0048  0.1387021 0.0000e+00
        474      9.300    16.0585   3.273023     2.7008     2.6337     0.0048  0.1387021 0.0000e+00
        475      9.382    16.0459   3.275263     2.6984     2.6313     0.0048  0.1387021 0.0000e+00
        476      9.382    16.0357   3.277639     2.6947     2.6300     0.0048  0.1382137 0.0000e+00
        477      9.423    16.0274   3.280489     2.6923     2.6264     0.0048  0.1382137 0.0000e+00
        478      9.382    16.0220   3.283747     2.6923     2.6251     0.0048  0.1382137 0.0000e+00
        479      9.506    16.0190   3.287280     2.6886     2.6227     0.0048  0.1382137 0.0000e+00
        480      9.423    16.0166   3.290191     2.6850     2.6203     0.0048  0.1387021 0.0000e+00
