code/data/2021/ctd_data_day2/station5_ctm.cnv
* Sea-Bird SBE 9 Data File:
* FileName = C:\Users\CTD-User\Desktop\MAR440\day2\station5.hex
* Software Version Seasave V 7.26.2.13
* Temperature SN = 6313
* Conductivity SN = 4758
* Number of Bytes Per Scan = 37
* Number of Voltage Words = 4
* Number of Scans Averaged by the Deck Unit = 1
* NMEA Latitude = 58 19.20 N
* NMEA Longitude = 011 48.71 E
* NMEA UTC (Time) = Sep 22 2021 10:20:22
* NMEA baud rate = 4800
** Ship: Skagerrak
** Station: station5
** Operator: group2blu
# nquan = 9
# nvalues = 5019                        
# units = specified
# name 0 = scan: Scan Count
# name 1 = prDM: Pressure, Digiquartz [db]
# name 2 = t090C: Temperature [ITS-90, deg C]
# name 3 = c0S/m: Conductivity [S/m]
# name 4 = sbeox0V: Oxygen raw, SBE 43 [V]
# name 5 = sbeox1V: Oxygen raw, SBE 43, 2 [V]
# name 6 = flECO-AFL: Fluorescence, WET Labs ECO-AFL/FL [mg/m^3]
# name 7 = upoly0: Upoly 0, Turbidity
# name 8 = flag:  0.000e+00
# span 0 =          1,       5019       
# span 1 =      0.359,     26.579       
# span 2 =    11.2578,    16.2563       
# span 3 =  -0.000972,   3.804915       
# span 4 =     0.9253,     2.9597       
# span 5 =     1.0182,     2.8608       
# span 6 =     0.0020,     0.0522       
# span 7 =  0.0800940,  0.1792393       
# span 8 = 0.0000e+00, 0.0000e+00       
# interval = seconds: 0.0416667
# start_time = Sep 22 2021 10:20:22 [NMEA time, header]
# bad_flag = -9.990e-29
*END*
[from data line 4321]
       4322     12.958    15.0128   3.437097     1.8876     1.8815     0.0038  0.0942576 0.0000e+00
       4323     12.958    14.9758   3.433835     1.8827     1.8778     0.0038  0.0937692 0.0000e+00
       4324     13.015    14.9310   3.430363     1.8827     1.8742     0.0038  0.0942576 0.0000e+00
       4325     13.057    14.8841   3.426571     1.8778     1.8705     0.0038  0.0937692 0.0000e+00
       4326     13.015    14.8404   3.422454     1.8717     1.8669     0.0038  0.0937692 0.0000e+00
       4327     13.073    14.8061   3.418627     1.8681     1.8632     0.0038  0.0937692 0.0000e+00
       4328     13.073    14.7776   3.415495     1.8644     1.8607     0.0038  0.0942576 0.0000e+00
       4329     13.114    14.7578   3.413016     1.8632     1.8571     0.0037  0.0942576 0.0000e+00
       4330     13.139    14.7423   3.411302     1.8583     1.8534     0.0037  0.0947460 0.0000e+00
       4331     13.139    14.7396   3.410825     1.8534     1.8498     0.0037  0.0947460 0.0000e+00
       4332     13.180    14.7498   3.411726     1.8485     1.8461     0.0037  0.0947460 0.0000e+00
       4333     13.197    14.7679   3.413602     1.8449     1.8436     0.0037  0.0947460 0.0000e+00
       4334     13.196    14.7849   3.415755     1.8436     1.8412     0.0037  0.0947460 0.0000e+00
       4335     13.262    14.7896   3.417830     1.8375     1.8375     0.0037  0.0942576 0.0000e+00
       4336     13.238    14.7823   3.418553     1.8339     1.8339     0.0037  0.0947460 0.0000e+00
       4337     13.320    14.7658   3.417986     1.8302     1.8302     0.0037  0.0947460 0.0000e+00
       4338     13.320    14.7438   3.416558     1.8266     1.8278     0.0037  0.0947460 0.0000e+00
       4339     13.320    14.7192   3.414737     1.8241     1.8241     0.0037  0.0947460 0.0000e+00
       4340     13.303    14.7036   3.413318     1.8192     1.8204     0.0037  0.0947460 0.0000e+00
       4341     13.378    14.6973   3.412565     1.8156     1.8180     0.0037  0.0947460 0.0000e+00
       4342     13.444    14.6957   3.412221     1.8119     1.8131     0.0037  0.0942576 0.0000e+00
       4343     13.378    14.6973   3.412477     1.8082     1.8107     0.0037  0.0947460 0.0000e+00
       4344     13.444    14.6983   3.412918     1.8058     1.8070     0.0037  0.0942576 0.0000e+00
       4345     13.485    14.6991   3.413462     1.8009     1.8046     0.0037  0.0942576 0.0000e+00
       4346     13.443    14.6993   3.414104     1.7972     1.8009     0.0037  0.0942576 0.0000e+00
       4347     13.501    14.7001   3.414934     1.7924     1.7972     0.0037  0.0947460 0.0000e+00
       4348     13.501    14.7013   3.415772     1.7899     1.7936     0.0037  0.0947460 0.0000e+00
       4349     13.608    14.7028   3.416623     1.7875     1.7899     0.0037  0.0942576 0.0000e+00
       4350     13.567    14.7035   3.417277     1.7814     1.7875     0.0037  0.0947460 0.0000e+00
       4351     13.567    14.7030   3.417991     1.7765     1.7838     0.0037  0.0942576 0.0000e+00
       4352     13.625    14.6986   3.418895     1.7740     1.7814     0.0037  0.0947460 0.0000e+00
       4353     13.608    14.6895   3.419920     1.7716     1.7777     0.0038  0.0937692 0.0000e+00
       4354     13.691    14.6767   3.420704     1.7679     1.7740     0.0046  0.0932808 0.0000e+00
       4355     13.625    14.6650   3.420985     1.7631     1.7704     0.0048  0.0927924 0.0000e+00
       4356     13.748    14.6553   3.421163     1.7606     1.7679     0.0048  0.0927924 0.0000e+00
       4357     13.732    14.6453   3.421357     1.7557     1.7655     0.0048  0.0927924 0.0000e+00
       4358     13.748    14.6367   3.421645     1.7557     1.7618     0.0048  0.0927924 0.0000e+00
       4359     13.748    14.6294   3.422019     1.7496     1.7582     0.0048  0.0927924 0.0000e+00
       4360     13.748    14.6254   3.422889     1.7460     1.7545     0.0048  0.0932808 0.0000e+00
       4361     13.847    14.6247   3.423791     1.7423     1.7521     0.0048  0.0927924 0.0000e+00
       4362     13.806    14.6242   3.424472     1.7386     1.7496     0.0048  0.0927924 0.0000e+00
       4363     13.872    14.6243   3.425312     1.7374     1.7460     0.0048  0.0927924 0.0000e+00
       4364     13.872    14.6238   3.426039     1.7325     1.7435     0.0048  0.0927924 0.0000e+00
       4365     13.847    14.6206   3.426849     1.7289     1.7399     0.0048  0.0927924 0.0000e+00
       4366     13.929    14.6147   3.427637     1.7252     1.7374     0.0048  0.0927924 0.0000e+00
       4367     13.929    14.6049   3.428019     1.7228     1.7350     0.0048  0.0927924 0.0000e+00
       4368     13.995    14.5945   3.428638     1.7215     1.7313     0.0048  0.0927924 0.0000e+00
       4369     13.970    14.5845   3.429089     1.7167     1.7289     0.0048  0.0927924 0.0000e+00
       4370     13.995    14.5755   3.429972     1.7118     1.7264     0.0048  0.0927924 0.0000e+00
       4371     14.053    14.5711   3.431479     1.7093     1.7228     0.0048  0.0932808 0.0000e+00
       4372     14.053    14.5756   3.434452     1.7069     1.7203     0.0048  0.0927924 0.0000e+00
       4373     14.053    14.5873   3.438833     1.7044     1.7179     0.0048  0.0932808 0.0000e+00
       4374     14.094    14.6009   3.443615     1.7008     1.7142     0.0048  0.0927924 0.0000e+00
       4375     14.110    14.6150   3.448250     1.6971     1.7118     0.0048  0.0927924 0.0000e+00
       4376     14.110    14.6275   3.452394     1.6935     1.7105     0.0048  0.0927924 0.0000e+00
       4377     14.176    14.6371   3.456200     1.6922     1.7081     0.0048  0.0927924 0.0000e+00
       4378     14.151    14.6432   3.459819     1.6898     1.7044     0.0048  0.0927924 0.0000e+00
       4379     14.234    14.6461   3.463443     1.6861     1.7020     0.0040  0.0927924 0.0000e+00
       4380     14.234    14.6456   3.466435     1.6825     1.7008     0.0035  0.0923040 0.0000e+00
       4381     14.234    14.6405   3.468395     1.6800     1.6971     0.0035  0.0923040 0.0000e+00
       4382     14.275    14.6324   3.469417     1.6788     1.6947     0.0035  0.0923040 0.0000e+00
       4383     14.300    14.6225   3.469863     1.6751     1.6922     0.0035  0.0923040 0.0000e+00
       4384     14.300    14.6115   3.469789     1.6703     1.6898     0.0035  0.0923040 0.0000e+00
       4385     14.357    14.6006   3.469633     1.6678     1.6873     0.0035  0.0923040 0.0000e+00
       4386     14.300    14.5899   3.469566     1.6654     1.6849     0.0035  0.0923040 0.0000e+00
       4387     14.399    14.5797   3.469203     1.6641     1.6825     0.0035  0.0923040 0.0000e+00
       4388     14.423    14.5687   3.469100     1.6605     1.6800     0.0035  0.0923040 0.0000e+00
       4389     14.423    14.5578   3.468805     1.6568     1.6776     0.0035  0.0923040 0.0000e+00
       4390     14.423    14.5401   3.468042     1.6544     1.6751     0.0035  0.0923040 0.0000e+00
       4391     14.464    14.5154   3.466697     1.6519     1.6727     0.0035  0.0923040 0.0000e+00
       4392     14.539    14.4873   3.464595     1.6507     1.6703     0.0035  0.0923040 0.0000e+00
       4393     14.481    14.4611   3.462430     1.6483     1.6678     0.0035  0.0923040 0.0000e+00
       4394     14.539    14.4336   3.460354     1.6446     1.6666     0.0035  0.0923040 0.0000e+00
       4395     14.539    14.4122   3.458327     1.6409     1.6641     0.0035  0.0923040 0.0000e+00
       4396     14.580    14.3953   3.456558     1.6397     1.6617     0.0035  0.0923040 0.0000e+00
       4397     14.604    14.3821   3.455191     1.6385     1.6593     0.0035  0.0923040 0.0000e+00
       4398     14.604    14.3657   3.453735     1.6348     1.6568     0.0035  0.0923040 0.0000e+00
       4399     14.662    14.3463   3.452034     1.6300     1.6544     0.0035  0.0923040 0.0000e+00
       4400     14.646    14.3264   3.450367     1.6287     1.6532     0.0035  0.0923040 0.0000e+00
       4401     14.662    14.3115   3.449001     1.6275     1.6507     0.0035  0.0923040 0.0000e+00
       4402     14.728    14.2973   3.447520     1.6251     1.6483     0.0035  0.0923040 0.0000e+00
       4403     14.728    14.2795   3.445909     1.6214     1.6471     0.0035  0.0923040 0.0000e+00
       4404     14.786    14.2580   3.444221     1.6190     1.6446     0.0035  0.0923040 0.0000e+00
       4405     14.769    14.2256   3.442174     1.6165     1.6422     0.0035  0.0923040 0.0000e+00
       4406     14.786    14.1936   3.439617     1.6153     1.6397     0.0035  0.0923040 0.0000e+00
       4407     14.785    14.1655   3.436807     1.6141     1.6373     0.0035  0.0923040 0.0000e+00
       4408     14.843    14.1353   3.433650     1.6092     1.6348     0.0035  0.0927924 0.0000e+00
       4409     14.893    14.0975   3.430408     1.6068     1.6336     0.0035  0.0923040 0.0000e+00
       4410     14.843    14.0573   3.426959     1.6043     1.6312     0.0035  0.0923040 0.0000e+00
       4411     14.909    14.0049   3.423274     1.6031     1.6287     0.0035  0.0923040 0.0000e+00
       4412     14.967    13.9567   3.419268     1.6006     1.6263     0.0035  0.0923040 0.0000e+00
       4413     14.909    13.9138   3.415589     1.5970     1.6251     0.0035  0.0923040 0.0000e+00
       4414     15.008    13.8752   3.412995     1.5945     1.6214     0.0035  0.0927924 0.0000e+00
       4415     14.967    13.8428   3.411348     1.5921     1.6202     0.0035  0.0923040 0.0000e+00
       4416     15.033    13.8210   3.410569     1.5909     1.6177     0.0035  0.0923040 0.0000e+00
       4417     15.033    13.8098   3.410466     1.5872     1.6153     0.0035  0.0923040 0.0000e+00
       4418     15.008    13.8061   3.411098     1.5848     1.6116     0.0035  0.0923040 0.0000e+00
       4419     15.090    13.8068   3.412341     1.5811     1.6104     0.0035  0.0927924 0.0000e+00
       4420     15.156    13.8098   3.414217     1.5799     1.6080     0.0035  0.0927924 0.0000e+00
       4421     15.090    13.8119   3.416602     1.5774     1.6055     0.0035  0.0923040 0.0000e+00
       4422     15.156    13.8139   3.418819     1.5750     1.6019     0.0035  0.0923040 0.0000e+00
       4423     15.197    13.8163   3.420840     1.5713     1.5994     0.0035  0.0923040 0.0000e+00
       4424     15.156    13.8178   3.422582     1.5689     1.5970     0.0035  0.0923040 0.0000e+00
       4425     15.214    13.8175   3.424131     1.5677     1.5945     0.0035  0.0923040 0.0000e+00
       4426     15.271    13.8156   3.425540     1.5640     1.5921     0.0035  0.0923040 0.0000e+00
       4427     15.214    13.8123   3.426879     1.5603     1.5897     0.0035  0.0923040 0.0000e+00
       4428     15.313    13.8082   3.428105     1.5567     1.5872     0.0035  0.0927924 0.0000e+00
       4429     15.271    13.8039   3.429230     1.5555     1.5836     0.0035  0.0923040 0.0000e+00
       4430     15.337    13.8006   3.430155     1.5530     1.5811     0.0037  0.0927924 0.0000e+00
       4431     15.337    13.7970   3.430950     1.5506     1.5787     0.0037  0.0927924 0.0000e+00
       4432     15.337    13.7968   3.431805     1.5469     1.5750     0.0037  0.0932808 0.0000e+00
       4433     15.436    13.8094   3.433370     1.5433     1.5726     0.0037  0.0927924 0.0000e+00
       4434     15.395    13.8301   3.436052     1.5408     1.5701     0.0037  0.0932808 0.0000e+00
       4435     15.395    13.8480   3.438853     1.5396     1.5665     0.0037  0.0927924 0.0000e+00
       4436     15.461    13.8659   3.441788     1.5359     1.5640     0.0037  0.0927924 0.0000e+00
       4437     15.502    13.8950   3.445673     1.5323     1.5616     0.0037  0.0927924 0.0000e+00
       4438     15.518    13.9288   3.450392     1.5286     1.5579     0.0037  0.0932808 0.0000e+00
       4439     15.518    13.9668   3.454858     1.5274     1.5555     0.0037  0.0927924 0.0000e+00
       4440     15.518    13.9978   3.458859     1.5262     1.5530     0.0037  0.0927924 0.0000e+00
       4441     15.576    14.0163   3.462094     1.5213     1.5506     0.0037  0.0927924 0.0000e+00
       4442     15.559    14.0328   3.464464     1.5176     1.5469     0.0037  0.0927924 0.0000e+00
       4443     15.576    14.0480   3.466711     1.5164     1.5445     0.0037  0.0927924 0.0000e+00
       4444     15.642    14.0643   3.469246     1.5127     1.5420     0.0037  0.0932808 0.0000e+00
       4445     15.642    14.0764   3.471706     1.5115     1.5384     0.0037  0.0927924 0.0000e+00
       4446     15.699    14.0818   3.473728     1.5066     1.5359     0.0037  0.0932808 0.0000e+00
       4447     15.683    14.0710   3.474915     1.5042     1.5347     0.0037  0.0927924 0.0000e+00
       4448     15.699    14.0166   3.474561     1.5005     1.5310     0.0037  0.0932808 0.0000e+00
       4449     15.765    13.9513   3.472453     1.5017     1.5286     0.0037  0.0927924 0.0000e+00
       4450     15.765    13.9073   3.470075     1.4969     1.5262     0.0037  0.0927924 0.0000e+00
       4451     15.765    13.8779   3.468048     1.4932     1.5225     0.0037  0.0927924 0.0000e+00
       4452     15.806    13.8534   3.466616     1.4920     1.5213     0.0037  0.0927924 0.0000e+00
       4453     15.889    13.8306   3.465232     1.4871     1.5176     0.0037  0.0927924 0.0000e+00
       4454     15.823    13.8123   3.464077     1.4859     1.5164     0.0037  0.0927924 0.0000e+00
       4455     15.889    13.8022   3.463005     1.4822     1.5139     0.0037  0.0927924 0.0000e+00
       4456     15.889    13.8045   3.463553     1.4798     1.5115     0.0038  0.0923040 0.0000e+00
       4457     15.930    13.8197   3.467077     1.4773     1.5078     0.0038  0.0923040 0.0000e+00
       4458     15.889    13.8156   3.472447     1.4749     1.5066     0.0038  0.0918156 0.0000e+00
       4459     16.004    13.7947   3.476505     1.4736     1.5042     0.0038  0.0923040 0.0000e+00
       4460     16.004    13.7705   3.479036     1.4700     1.5017     0.0038  0.0918156 0.0000e+00
       4461     15.946    13.7514   3.480672     1.4675     1.4993     0.0038  0.0918156 0.0000e+00
       4462     16.053    13.7413   3.482367     1.4651     1.4969     0.0038  0.0918156 0.0000e+00
       4463     16.070    13.7356   3.484314     1.4627     1.4944     0.0038  0.0923040 0.0000e+00
       4464     16.004    13.7290   3.486640     1.4614     1.4920     0.0038  0.0918156 0.0000e+00
       4465     16.128    13.7165   3.489285     1.4578     1.4895     0.0038  0.0918156 0.0000e+00
       4466     16.070    13.7060   3.492528     1.4553     1.4871     0.0038  0.0918156 0.0000e+00
       4467     16.193    13.6981   3.496216     1.4529     1.4846     0.0038  0.0918156 0.0000e+00
       4468     16.111    13.6928   3.499645     1.4529     1.4822     0.0038  0.0918156 0.0000e+00
       4469     16.193    13.6858   3.503075     1.4492     1.4798     0.0038  0.0918156 0.0000e+00
       4470     16.193    13.6714   3.506708     1.4456     1.4785     0.0038  0.0923040 0.0000e+00
       4471     16.251    13.6492   3.509553     1.4431     1.4761     0.0038  0.0923040 0.0000e+00
       4472     16.251    13.6262   3.510732     1.4395     1.4724     0.0038  0.0918156 0.0000e+00
       4473     16.234    13.6010   3.510572     1.4382     1.4712     0.0038  0.0923040 0.0000e+00
       4474     16.309    13.5752   3.510051     1.4382     1.4675     0.0038  0.0918156 0.0000e+00
       4475     16.309    13.5537   3.509829     1.4334     1.4651     0.0038  0.0918156 0.0000e+00
       4476     16.309    13.5433   3.509945     1.4297     1.4627     0.0038  0.0918156 0.0000e+00
       4477     16.375    13.5371   3.510607     1.4285     1.4602     0.0038  0.0923040 0.0000e+00
       4478     16.358    13.5327   3.511642     1.4260     1.4578     0.0038  0.0918156 0.0000e+00
       4479     16.432    13.5301   3.512642     1.4236     1.4553     0.0038  0.0923040 0.0000e+00
       4480     16.432    13.5273   3.513430     1.4199     1.4529     0.0038  0.0923040 0.0000e+00
