code/data/2021/ctd_data_day2/station3_ctm_fil.cnv
* Sea-Bird SBE 9 Data File:
* FileName = C:\Users\CTD-User\Desktop\MAR440\day2\station3.hex
* Software Version Seasave V 7.26.2.13
* Temperature SN = 6313
* Conductivity SN = 4758
* Number of Bytes Per Scan = 37
* Number of Voltage Words = 4
* Number of Scans Averaged by the Deck Unit = 1
* NMEA Latitude = 58 19.70 N
* NMEA Longitude = 011 51.29 E
* NMEA UTC (Time) = Sep 22 2021 09:36:18
* NMEA baud rate = 4800
** Ship: Skagerrak
** Station: station3
** Operator: group2purple
# nquan = 9
# nvalues = 3261                        
# units = specified
# name 0 = scan: Scan Count
# name 1 = prDM: Pressure, Digiquartz [db]
# name 2 = t090C: Temperature [ITS-90, deg C]
# name 3 = c0S/m: Conductivity [S/m]
# name 4 = sbeox0V: Oxygen raw, SBE 43 [V]
# name 5 = sbeox1V: Oxygen raw, SBE 43, 2 [V]
# name 6 = flECO-AFL: Fluorescence, WET Labs ECO-AFL/FL [mg/m^3]
# name 7 = upoly0: Upoly 0, Turbidity
# name 8 = flag:  0.000e+00
# span 0 =          1,       3261       
# span 1 =      0.798,     17.164       
# span 2 =    10.5794,    16.1805       
# span 3 =   2.674562,   3.477897       
# span 4 =     1.0037,     2.9284       
# span 5 =     1.0402,     2.8631       
# span 6 =     0.0035,     0.0081       
# span 7 =  0.0885866,  0.2372454       
# span 8 = 0.0000e+00, 0.0000e+00       
# interval = seconds: 0.0416667
# start_time = Sep 22 2021 09:36:18 [NMEA time, header]
# bad_flag = -9.990e-29
*END*
[from data line 961]
        962      3.173    15.6451   3.045104     2.3719     2.4375     0.0046  0.1546492 0.0000e+00
        963      3.149    15.6439   3.044851     2.3731     2.4398     0.0046  0.1547416 0.0000e+00
        964      3.126    15.6427   3.044608     2.3743     2.4420     0.0046  0.1548352 0.0000e+00
        965      3.102    15.6415   3.044369     2.3755     2.4443     0.0046  0.1549332 0.0000e+00
        966      3.079    15.6403   3.044131     2.3767     2.4465     0.0046  0.1550336 0.0000e+00
        967      3.055    15.6391   3.043896     2.3779     2.4487     0.0046  0.1551304 0.0000e+00
        968      3.032    15.6379   3.043669     2.3791     2.4508     0.0046  0.1552201 0.0000e+00
        969      3.009    15.6369   3.043455     2.3804     2.4530     0.0046  0.1553015 0.0000e+00
        970      2.986    15.6360   3.043261     2.3817     2.4551     0.0046  0.1553743 0.0000e+00
        971      2.962    15.6352   3.043090     2.3831     2.4572     0.0046  0.1554400 0.0000e+00
        972      2.939    15.6345   3.042945     2.3844     2.4592     0.0046  0.1554990 0.0000e+00
        973      2.916    15.6339   3.042828     2.3858     2.4613     0.0046  0.1555499 0.0000e+00
        974      2.893    15.6334   3.042739     2.3872     2.4633     0.0046  0.1555932 0.0000e+00
        975      2.870    15.6331   3.042679     2.3887     2.4652     0.0046  0.1556317 0.0000e+00
        976      2.847    15.6329   3.042644     2.3901     2.4672     0.0046  0.1556682 0.0000e+00
        977      2.824    15.6327   3.042631     2.3916     2.4691     0.0046  0.1557021 0.0000e+00
        978      2.801    15.6326   3.042639     2.3931     2.4710     0.0046  0.1557311 0.0000e+00
        979      2.779    15.6326   3.042662     2.3947     2.4728     0.0046  0.1557545 0.0000e+00
        980      2.756    15.6326   3.042696     2.3963     2.4746     0.0046  0.1557734 0.0000e+00
        981      2.733    15.6326   3.042736     2.3978     2.4764     0.0046  0.1557896 0.0000e+00
        982      2.711    15.6326   3.042778     2.3995     2.4781     0.0046  0.1558032 0.0000e+00
        983      2.688    15.6325   3.042817     2.4011     2.4798     0.0046  0.1558135 0.0000e+00
        984      2.666    15.6324   3.042847     2.4028     2.4815     0.0046  0.1558196 0.0000e+00
        985      2.643    15.6322   3.042861     2.4045     2.4832     0.0046  0.1558208 0.0000e+00
        986      2.621    15.6318   3.042855     2.4062     2.4848     0.0046  0.1558180 0.0000e+00
        987      2.598    15.6313   3.042826     2.4080     2.4864     0.0046  0.1558118 0.0000e+00
        988      2.576    15.6307   3.042774     2.4098     2.4880     0.0046  0.1558024 0.0000e+00
        989      2.554    15.6300   3.042698     2.4116     2.4896     0.0046  0.1557897 0.0000e+00
        990      2.532    15.6292   3.042605     2.4134     2.4911     0.0046  0.1557726 0.0000e+00
        991      2.510    15.6284   3.042498     2.4153     2.4925     0.0046  0.1557520 0.0000e+00
        992      2.488    15.6274   3.042378     2.4171     2.4940     0.0046  0.1557337 0.0000e+00
        993      2.466    15.6264   3.042245     2.4190     2.4954     0.0046  0.1557242 0.0000e+00
        994      2.444    15.6254   3.042102     2.4209     2.4968     0.0046  0.1557261 0.0000e+00
        995      2.422    15.6243   3.041957     2.4228     2.4982     0.0046  0.1557386 0.0000e+00
        996      2.400    15.6235   3.041827     2.4247     2.4995     0.0046  0.1557600 0.0000e+00
        997      2.378    15.6229   3.041738     2.4266     2.5008     0.0046  0.1557897 0.0000e+00
        998      2.356    15.6228   3.041713     2.4285     2.5021     0.0046  0.1558287 0.0000e+00
        999      2.335    15.6230   3.041766     2.4304     2.5034     0.0046  0.1558772 0.0000e+00
       1000      2.313    15.6235   3.041897     2.4324     2.5046     0.0046  0.1559340 0.0000e+00
       1001      2.291    15.6244   3.042108     2.4343     2.5057     0.0046  0.1559985 0.0000e+00
       1002      2.270    15.6258   3.042403     2.4362     2.5069     0.0046  0.1560720 0.0000e+00
       1003      2.248    15.6275   3.042789     2.4381     2.5080     0.0046  0.1561568 0.0000e+00
       1004      2.227    15.6298   3.043270     2.4400     2.5091     0.0046  0.1562544 0.0000e+00
       1005      2.205    15.6324   3.043846     2.4420     2.5101     0.0046  0.1563653 0.0000e+00
       1006      2.184    15.6354   3.044505     2.4439     2.5112     0.0046  0.1564903 0.0000e+00
       1007      2.162    15.6385   3.045232     2.4458     2.5122     0.0046  0.1566296 0.0000e+00
       1008      2.141    15.6417   3.046005     2.4477     2.5131     0.0046  0.1567822 0.0000e+00
       1009      2.120    15.6449   3.046798     2.4496     2.5141     0.0046  0.1569485 0.0000e+00
       1010      2.099    15.6479   3.047584     2.4515     2.5150     0.0046  0.1571297 0.0000e+00
       1011      2.077    15.6507   3.048338     2.4533     2.5159     0.0046  0.1573269 0.0000e+00
       1012      2.056    15.6531   3.049040     2.4552     2.5167     0.0046  0.1575424 0.0000e+00
       1013      2.035    15.6553   3.049679     2.4570     2.5175     0.0046  0.1577794 0.0000e+00
       1014      2.014    15.6572   3.050253     2.4589     2.5183     0.0046  0.1580395 0.0000e+00
       1015      1.993    15.6589   3.050764     2.4607     2.5191     0.0046  0.1583246 0.0000e+00
       1016      1.972    15.6605   3.051213     2.4624     2.5198     0.0046  0.1586375 0.0000e+00
       1017      1.952    15.6619   3.051602     2.4642     2.5206     0.0048  0.1589718 0.0000e+00
       1018      1.931    15.6631   3.051933     2.4660     2.5212     0.0048  0.1593129 0.0000e+00
       1019      1.910    15.6641   3.052211     2.4677     2.5219     0.0048  0.1596531 0.0000e+00
       1020      1.890    15.6649   3.052443     2.4694     2.5226     0.0048  0.1599928 0.0000e+00
       1021      1.870    15.6656   3.052638     2.4711     2.5232     0.0048  0.1603346 0.0000e+00
       1022      1.849    15.6662   3.052803     2.4727     2.5238     0.0048  0.1606808 0.0000e+00
       1023      1.829    15.6667   3.052942     2.4743     2.5244     0.0048  0.1610338 0.0000e+00
       1024      1.809    15.6670   3.053056     2.4760     2.5249     0.0048  0.1613960 0.0000e+00
       1025      1.789    15.6672   3.053141     2.4775     2.5254     0.0048  0.1617700 0.0000e+00
       1026      1.770    15.6672   3.053194     2.4791     2.5259     0.0048  0.1621592 0.0000e+00
       1027      1.750    15.6669   3.053211     2.4807     2.5264     0.0048  0.1625672 0.0000e+00
       1028      1.730    15.6663   3.053186     2.4822     2.5268     0.0048  0.1629960 0.0000e+00
       1029      1.711    15.6653   3.053117     2.4837     2.5273     0.0048  0.1634477 0.0000e+00
       1030      1.691    15.6641   3.053000     2.4852     2.5277     0.0048  0.1639254 0.0000e+00
       1031      1.671    15.6626   3.052833     2.4866     2.5281     0.0048  0.1644334 0.0000e+00
       1032      1.652    15.6607   3.052611     2.4881     2.5284     0.0048  0.1649760 0.0000e+00
       1033      1.632    15.6586   3.052332     2.4895     2.5287     0.0048  0.1655561 0.0000e+00
       1034      1.613    15.6561   3.051992     2.4909     2.5290     0.0048  0.1661769 0.0000e+00
       1035      1.594    15.6534   3.051586     2.4923     2.5293     0.0048  0.1668427 0.0000e+00
       1036      1.575    15.6503   3.051111     2.4937     2.5295     0.0048  0.1675582 0.0000e+00
       1037      1.556    15.6469   3.050563     2.4950     2.5297     0.0048  0.1683292 0.0000e+00
       1038      1.537    15.6432   3.049936     2.4963     2.5299     0.0048  0.1691619 0.0000e+00
       1039      1.518    15.6392   3.049229     2.4976     2.5301     0.0048  0.1700613 0.0000e+00
       1040      1.500    15.6347   3.048440     2.4989     2.5302     0.0048  0.1710327 0.0000e+00
       1041      1.481    15.6298   3.047565     2.5001     2.5303     0.0048  0.1720829 0.0000e+00
       1042      1.463    15.6244   3.046599     2.5014     2.5304     0.0051  0.1732005 0.0000e+00
       1043      1.444    15.6184   3.045537     2.5026     2.5304     0.0053  0.1743348 0.0000e+00
       1044      1.426    15.6119   3.044372     2.5037     2.5304     0.0053  0.1754281 0.0000e+00
       1045      1.408    15.6047   3.043095     2.5049     2.5303     0.0053  0.1764593 0.0000e+00
       1046      1.389    15.5968   3.041696     2.5060     2.5302     0.0053  0.1774337 0.0000e+00
       1047      1.371    15.5881   3.040171     2.5071     2.5301     0.0053  0.1783616 0.0000e+00
       1048      1.353    15.5790   3.038535     2.5081     2.5299     0.0053  0.1792520 0.0000e+00
       1049      1.335    15.5699   3.036846     2.5091     2.5297     0.0053  0.1801110 0.0000e+00
       1050      1.317    15.5614   3.035204     2.5101     2.5295     0.0053  0.1809438 0.0000e+00
       1051      1.299    15.5539   3.033709     2.5111     2.5292     0.0053  0.1817562 0.0000e+00
       1052      1.282    15.5476   3.032420     2.5120     2.5288     0.0053  0.1825539 0.0000e+00
       1053      1.264    15.5421   3.031328     2.5129     2.5285     0.0053  0.1833423 0.0000e+00
       1054      1.247    15.5372   3.030392     2.5138     2.5281     0.0053  0.1841270 0.0000e+00
       1055      1.229    15.5325   3.029577     2.5146     2.5276     0.0053  0.1849134 0.0000e+00
       1056      1.212    15.5282   3.028883     2.5154     2.5272     0.0053  0.1857061 0.0000e+00
       1057      1.195    15.5247   3.028354     2.5162     2.5267     0.0053  0.1865099 0.0000e+00
       1058      1.179    15.5221   3.028042     2.5169     2.5261     0.0053  0.1873302 0.0000e+00
       1059      1.163    15.5209   3.027985     2.5176     2.5256     0.0053  0.1881729 0.0000e+00
       1060      1.147    15.5210   3.028194     2.5183     2.5250     0.0053  0.1890438 0.0000e+00
       1061      1.132    15.5224   3.028660     2.5189     2.5244     0.0053  0.1899497 0.0000e+00
       1062      1.117    15.5252   3.029357     2.5195     2.5237     0.0053  0.1908978 0.0000e+00
       1063      1.103    15.5293   3.030241     2.5201     2.5231     0.0053  0.1918939 0.0000e+00
       1064      1.090    15.5343   3.031261     2.5206     2.5224     0.0053  0.1929441 0.0000e+00
       1065      1.077    15.5401   3.032369     2.5212     2.5217     0.0053  0.1940565 0.0000e+00
       1066      1.065    15.5466   3.033533     2.5217     2.5209     0.0053  0.1952397 0.0000e+00
       1067      1.054    15.5534   3.034728     2.5221     2.5202     0.0055  0.1964952 0.0000e+00
       1068      1.043    15.5604   3.035938     2.5226     2.5195     0.0060  0.1977874 0.0000e+00
       1069      1.033    15.5673   3.037151     2.5230     2.5187     0.0062  0.1990430 0.0000e+00
       1070      1.024    15.5741   3.038346     2.5234     2.5180     0.0062  0.2002105 0.0000e+00
       1071      1.015    15.5808   3.039502     2.5237     2.5172     0.0062  0.2012826 0.0000e+00
       1072      1.007    15.5872   3.040601     2.5240     2.5164     0.0062  0.2022685 0.0000e+00
       1073      1.000    15.5932   3.041625     2.5243     2.5157     0.0062  0.2031768 0.0000e+00
       1074      0.993    15.5986   3.042552     2.5246     2.5149     0.0062  0.2040138 0.0000e+00
       1075      0.986    15.6034   3.043363     2.5248     2.5141     0.0062  0.2047853 0.0000e+00
       1076      0.980    15.6076   3.044059     2.5251     2.5134     0.0062  0.2054967 0.0000e+00
       1077      0.975    15.6113   3.044652     2.5253     2.5126     0.0062  0.2061529 0.0000e+00
       1078      0.969    15.6147   3.045166     2.5255     2.5119     0.0062  0.2067594 0.0000e+00
       1079      0.965    15.6178   3.045619     2.5257     2.5112     0.0062  0.2073212 0.0000e+00
       1080      0.960    15.6206   3.046026     2.5258     2.5104     0.0062  0.2078413 0.0000e+00
       1081      0.956    15.6234   3.046405     2.5260     2.5097     0.0062  0.2083226 0.0000e+00
       1082      0.953    15.6261   3.046776     2.5262     2.5090     0.0062  0.2087684 0.0000e+00
       1083      0.950    15.6288   3.047151     2.5263     2.5083     0.0062  0.2091817 0.0000e+00
       1084      0.947    15.6312   3.047517     2.5265     2.5076     0.0062  0.2095656 0.0000e+00
       1085      0.944    15.6331   3.047836     2.5266     2.5070     0.0062  0.2099234 0.0000e+00
       1086      0.942    15.6343   3.048062     2.5268     2.5063     0.0062  0.2102585 0.0000e+00
       1087      0.940    15.6347   3.048154     2.5270     2.5057     0.0062  0.2105725 0.0000e+00
       1088      0.938    15.6344   3.048093     2.5272     2.5051     0.0060  0.2108665 0.0000e+00
       1089      0.936    15.6334   3.047877     2.5273     2.5045     0.0062  0.2111428 0.0000e+00
       1090      0.935    15.6319   3.047522     2.5276     2.5039     0.0062  0.2114032 0.0000e+00
       1091      0.933    15.6299   3.047052     2.5278     2.5033     0.0062  0.2116495 0.0000e+00
       1092      0.932    15.6275   3.046500     2.5280     2.5027     0.0062  0.2118834 0.0000e+00
       1093      0.931    15.6250   3.045895     2.5283     2.5022     0.0062  0.2121057 0.0000e+00
       1094      0.931    15.6224   3.045263     2.5286     2.5017     0.0062  0.2123155 0.0000e+00
       1095      0.930    15.6198   3.044621     2.5288     2.5012     0.0062  0.2125107 0.0000e+00
       1096      0.930    15.6172   3.043981     2.5292     2.5007     0.0062  0.2126910 0.0000e+00
       1097      0.930    15.6146   3.043350     2.5295     2.5002     0.0062  0.2128586 0.0000e+00
       1098      0.930    15.6121   3.042730     2.5298     2.4998     0.0062  0.2130146 0.0000e+00
       1099      0.930    15.6096   3.042126     2.5302     2.4994     0.0062  0.2131592 0.0000e+00
       1100      0.930    15.6072   3.041537     2.5306     2.4990     0.0062  0.2132935 0.0000e+00
       1101      0.931    15.6048   3.040959     2.5309     2.4986     0.0062  0.2134174 0.0000e+00
       1102      0.932    15.6024   3.040385     2.5313     2.4982     0.0062  0.2135320 0.0000e+00
       1103      0.932    15.5998   3.039800     2.5317     2.4979     0.0062  0.2136388 0.0000e+00
       1104      0.933    15.5971   3.039184     2.5321     2.4975     0.0062  0.2137386 0.0000e+00
       1105      0.934    15.5940   3.038517     2.5325     2.4972     0.0062  0.2138329 0.0000e+00
       1106      0.935    15.5904   3.037777     2.5329     2.4969     0.0062  0.2139223 0.0000e+00
       1107      0.936    15.5865   3.036950     2.5333     2.4966     0.0062  0.2140059 0.0000e+00
       1108      0.937    15.5821   3.036035     2.5337     2.4963     0.0062  0.2140841 0.0000e+00
       1109      0.938    15.5775   3.035046     2.5342     2.4960     0.0062  0.2141585 0.0000e+00
       1110      0.939    15.5728   3.034005     2.5346     2.4957     0.0062  0.2142285 0.0000e+00
       1111      0.940    15.5679   3.032930     2.5350     2.4954     0.0060  0.2142948 0.0000e+00
       1112      0.941    15.5628   3.031830     2.5354     2.4951     0.0062  0.2143595 0.0000e+00
       1113      0.942    15.5576   3.030710     2.5358     2.4949     0.0062  0.2144230 0.0000e+00
       1114      0.943    15.5523   3.029573     2.5362     2.4946     0.0062  0.2144850 0.0000e+00
       1115      0.944    15.5470   3.028433     2.5366     2.4944     0.0062  0.2145467 0.0000e+00
       1116      0.944    15.5418   3.027314     2.5370     2.4942     0.0062  0.2146093 0.0000e+00
       1117      0.945    15.5370   3.026243     2.5373     2.4940     0.0062  0.2146734 0.0000e+00
       1118      0.946    15.5327   3.025240     2.5376     2.4938     0.0062  0.2147385 0.0000e+00
       1119      0.946    15.5287   3.024313     2.5380     2.4936     0.0060  0.2147983 0.0000e+00
       1120      0.947    15.5252   3.023475     2.5383     2.4934     0.0060  0.2148405 0.0000e+00
