code/data/2021/ctd_data_day2/station1_ctm.cnv
* Sea-Bird SBE 9 Data File:
* FileName = C:\Users\CTD-User\Desktop\MAR440\day2\station1.hex
* Software Version Seasave V 7.26.2.13
* Temperature SN = 6313
* Conductivity SN = 4758
* Number of Bytes Per Scan = 37
* Number of Voltage Words = 4
* Number of Scans Averaged by the Deck Unit = 1
* NMEA Latitude = 58 20.54 N
* NMEA Longitude = 011 54.21 E
* NMEA UTC (Time) = Sep 22 2021 08:39:44
* NMEA baud rate = 4800
** Ship: Skagerak
** Station: 1
** Operator: JD
# nquan = 9
# nvalues = 2892                        
# units = specified
# name 0 = scan: Scan Count
# name 1 = prDM: Pressure, Digiquartz [db]
# name 2 = t090C: Temperature [ITS-90, deg C]
# name 3 = c0S/m: Conductivity [S/m]
# name 4 = sbeox0V: Oxygen raw, SBE 43 [V]
# name 5 = sbeox1V: Oxygen raw, SBE 43, 2 [V]
# name 6 = flECO-AFL: Fluorescence, WET Labs ECO-AFL/FL [mg/m^3]
# name 7 = upoly0: Upoly 0, Turbidity
# name 8 = flag:  0.000e+00
# span 0 =          1,       2892       
# span 1 =      0.589,     14.316       
# span 2 =    12.0823,    16.0740       
# span 3 =   2.891024,   3.411059       
# span 4 =     1.5872,     2.8523       
# span 5 =     1.5506,     2.7338       
# span 6 =     0.0046,     0.0064       
# span 7 =  0.0927924,  0.1938913       
# span 8 = 0.0000e+00, 0.0000e+00       
# interval = seconds: 0.0416667
# start_time = Sep 22 2021 08:39:44 [NMEA time, header]
# bad_flag = -9.990e-29
*END*
[from data line 1601]
       1602      5.125    15.3512   2.989090     2.6691     2.5617     0.0048  0.1689829 0.0000e+00
       1603      5.092    15.3563   2.989190     2.6691     2.5617     0.0048  0.1684945 0.0000e+00
       1604      5.059    15.3575   2.987680     2.6728     2.5629     0.0048  0.1684945 0.0000e+00
       1605      5.092    15.3580   2.986349     2.6728     2.5641     0.0048  0.1684945 0.0000e+00
       1606      5.059    15.3585   2.986000     2.6740     2.5641     0.0048  0.1684945 0.0000e+00
       1607      5.034    15.3411   2.984916     2.6740     2.5653     0.0048  0.1684945 0.0000e+00
       1608      5.001    15.3056   2.980481     2.6740     2.5665     0.0048  0.1689829 0.0000e+00
       1609      5.001    15.2768   2.975168     2.6764     2.5665     0.0048  0.1684945 0.0000e+00
       1610      5.034    15.2712   2.971739     2.6764     2.5665     0.0048  0.1689829 0.0000e+00
       1611      5.001    15.2616   2.971032     2.6764     2.5678     0.0048  0.1684945 0.0000e+00
       1612      4.968    15.2515   2.972600     2.6764     2.5690     0.0048  0.1684945 0.0000e+00
       1613      4.935    15.2373   2.972622     2.6789     2.5690     0.0048  0.1680061 0.0000e+00
       1614      4.968    15.2322   2.970772     2.6801     2.5702     0.0048  0.1684945 0.0000e+00
       1615      4.935    15.2481   2.969710     2.6801     2.5702     0.0048  0.1689829 0.0000e+00
       1616      4.968    15.2837   2.969963     2.6801     2.5702     0.0048  0.1684945 0.0000e+00
       1617      4.877    15.2936   2.971354     2.6813     2.5714     0.0048  0.1684945 0.0000e+00
       1618      4.877    15.3043   2.972582     2.6838     2.5714     0.0048  0.1684945 0.0000e+00
       1619      4.910    15.2884   2.972423     2.6838     2.5727     0.0048  0.1684945 0.0000e+00
       1620      4.877    15.2649   2.970242     2.6838     2.5727     0.0048  0.1689829 0.0000e+00
       1621      4.910    15.2458   2.966780     2.6850     2.5727     0.0048  0.1684945 0.0000e+00
       1622      4.877    15.2344   2.964177     2.6850     2.5739     0.0048  0.1684945 0.0000e+00
       1623      4.786    15.2285   2.962773     2.6886     2.5739     0.0048  0.1684945 0.0000e+00
       1624      4.877    15.2266   2.962290     2.6886     2.5751     0.0048  0.1680061 0.0000e+00
       1625      4.786    15.2240   2.962533     2.6886     2.5751     0.0046  0.1665409 0.0000e+00
       1626      4.819    15.2263   2.963000     2.6899     2.5763     0.0046  0.1660525 0.0000e+00
       1627      4.819    15.2280   2.963712     2.6911     2.5763     0.0046  0.1660525 0.0000e+00
       1628      4.786    15.2358   2.965498     2.6935     2.5763     0.0046  0.1660525 0.0000e+00
       1629      4.753    15.2605   2.969454     2.6960     2.5775     0.0046  0.1660525 0.0000e+00
       1630      4.786    15.3114   2.976006     2.6935     2.5788     0.0046  0.1660525 0.0000e+00
       1631      4.753    15.3529   2.983976     2.6948     2.5788     0.0046  0.1665409 0.0000e+00
       1632      4.729    15.3996   2.992272     2.6960     2.5800     0.0046  0.1660525 0.0000e+00
       1633      4.696    15.4723   3.002507     2.6984     2.5800     0.0046  0.1660525 0.0000e+00
       1634      4.729    15.5353   3.014400     2.6972     2.5812     0.0046  0.1665409 0.0000e+00
       1635      4.696    15.5791   3.023184     2.6984     2.5812     0.0046  0.1665409 0.0000e+00
       1636      4.728    15.6086   3.027301     2.6996     2.5812     0.0046  0.1660525 0.0000e+00
       1637      4.695    15.6021   3.026739     2.7021     2.5824     0.0046  0.1665409 0.0000e+00
       1638      4.630    15.5698   3.023217     2.7033     2.5824     0.0046  0.1660525 0.0000e+00
       1639      4.662    15.5516   3.019574     2.7033     2.5824     0.0046  0.1660525 0.0000e+00
       1640      4.629    15.5298   3.015536     2.7033     2.5836     0.0046  0.1665409 0.0000e+00
       1641      4.605    15.5117   3.011187     2.7033     2.5836     0.0046  0.1665409 0.0000e+00
       1642      4.629    15.5024   3.008284     2.7057     2.5836     0.0046  0.1665409 0.0000e+00
       1643      4.605    15.4633   3.005783     2.7082     2.5836     0.0046  0.1660525 0.0000e+00
       1644      4.572    15.4055   2.999851     2.7057     2.5836     0.0046  0.1660525 0.0000e+00
       1645      4.547    15.3680   2.992705     2.7082     2.5836     0.0046  0.1665409 0.0000e+00
       1646      4.629    15.3475   2.987647     2.7070     2.5836     0.0046  0.1665409 0.0000e+00
       1647      4.506    15.3372   2.985001     2.7082     2.5836     0.0046  0.1665409 0.0000e+00
       1648      4.547    15.3269   2.983398     2.7094     2.5836     0.0046  0.1660525 0.0000e+00
       1649      4.572    15.3118   2.981261     2.7082     2.5836     0.0046  0.1665409 0.0000e+00
       1650      4.481    15.3029   2.979082     2.7082     2.5836     0.0048  0.1670293 0.0000e+00
       1651      4.506    15.3005   2.977372     2.7094     2.5824     0.0048  0.1675177 0.0000e+00
       1652      4.481    15.2922   2.976116     2.7131     2.5824     0.0048  0.1675177 0.0000e+00
       1653      4.448    15.2882   2.975594     2.7106     2.5824     0.0048  0.1680061 0.0000e+00
       1654      4.481    15.2902   2.975649     2.7106     2.5824     0.0048  0.1675177 0.0000e+00
       1655      4.448    15.2913   2.975867     2.7131     2.5824     0.0048  0.1675177 0.0000e+00
       1656      4.481    15.2952   2.976433     2.7118     2.5812     0.0048  0.1680061 0.0000e+00
       1657      4.390    15.2995   2.977022     2.7143     2.5812     0.0048  0.1675177 0.0000e+00
       1658      4.448    15.3105   2.978058     2.7143     2.5812     0.0048  0.1675177 0.0000e+00
       1659      4.357    15.3426   2.981538     2.7143     2.5812     0.0048  0.1675177 0.0000e+00
       1660      4.390    15.3664   2.986691     2.7143     2.5824     0.0048  0.1680061 0.0000e+00
       1661      4.423    15.3664   2.989002     2.7180     2.5824     0.0048  0.1675177 0.0000e+00
       1662      4.390    15.3231   2.985868     2.7180     2.5824     0.0048  0.1680061 0.0000e+00
       1663      4.357    15.2735   2.978855     2.7180     2.5824     0.0048  0.1675177 0.0000e+00
       1664      4.324    15.2439   2.971954     2.7180     2.5824     0.0048  0.1675177 0.0000e+00
       1665      4.299    15.2230   2.967672     2.7180     2.5824     0.0048  0.1680061 0.0000e+00
       1666      4.324    15.2098   2.965112     2.7204     2.5836     0.0048  0.1675177 0.0000e+00
       1667      4.299    15.2043   2.963339     2.7204     2.5836     0.0048  0.1675177 0.0000e+00
       1668      4.266    15.1990   2.961805     2.7192     2.5849     0.0048  0.1680061 0.0000e+00
       1669      4.299    15.1968   2.960355     2.7192     2.5849     0.0048  0.1675177 0.0000e+00
       1670      4.266    15.1956   2.959378     2.7204     2.5861     0.0048  0.1675177 0.0000e+00
       1671      4.266    15.1938   2.958918     2.7228     2.5861     0.0048  0.1675177 0.0000e+00
       1672      4.233    15.1917   2.958336     2.7228     2.5873     0.0048  0.1675177 0.0000e+00
       1673      4.200    15.1895   2.957615     2.7204     2.5885     0.0048  0.1675177 0.0000e+00
       1674      4.233    15.1887   2.956977     2.7192     2.5885     0.0048  0.1675177 0.0000e+00
       1675      4.200    15.1888   2.956954     2.7192     2.5897     0.0048  0.1665409 0.0000e+00
       1676      4.175    15.1892   2.957270     2.7228     2.5910     0.0049  0.1650757 0.0000e+00
       1677      4.142    15.1887   2.957571     2.7204     2.5910     0.0049  0.1645873 0.0000e+00
       1678      4.175    15.1883   2.957602     2.7204     2.5910     0.0049  0.1645873 0.0000e+00
       1679      4.200    15.1881   2.957468     2.7192     2.5922     0.0049  0.1650757 0.0000e+00
       1680      4.118    15.1892   2.957499     2.7192     2.5934     0.0049  0.1650757 0.0000e+00
       1681      4.085    15.1899   2.957566     2.7204     2.5934     0.0049  0.1650757 0.0000e+00
       1682      4.142    15.1901   2.957600     2.7192     2.5946     0.0049  0.1650757 0.0000e+00
       1683      4.118    15.1900   2.957494     2.7180     2.5959     0.0049  0.1650757 0.0000e+00
       1684      4.085    15.1899   2.957393     2.7180     2.5959     0.0049  0.1650757 0.0000e+00
       1685      4.052    15.1892   2.957251     2.7180     2.5971     0.0049  0.1645873 0.0000e+00
       1686      4.085    15.1884   2.957193     2.7192     2.5971     0.0049  0.1645873 0.0000e+00
       1687      3.994    15.1860   2.957011     2.7167     2.5983     0.0049  0.1650757 0.0000e+00
       1688      4.085    15.1826   2.956700     2.7155     2.5983     0.0049  0.1650757 0.0000e+00
       1689      3.994    15.1821   2.956602     2.7155     2.5983     0.0049  0.1645873 0.0000e+00
       1690      4.019    15.1837   2.956977     2.7167     2.5995     0.0049  0.1645873 0.0000e+00
       1691      3.994    15.1885   2.957470     2.7180     2.5995     0.0049  0.1650757 0.0000e+00
       1692      3.961    15.1937   2.958096     2.7155     2.5995     0.0049  0.1650757 0.0000e+00
       1693      3.994    15.1956   2.958406     2.7143     2.5995     0.0049  0.1645873 0.0000e+00
       1694      3.961    15.1945   2.958328     2.7143     2.5995     0.0049  0.1650757 0.0000e+00
       1695      3.928    15.1926   2.958121     2.7155     2.6007     0.0049  0.1645873 0.0000e+00
       1696      3.961    15.1914   2.958005     2.7155     2.6007     0.0049  0.1650757 0.0000e+00
       1697      3.895    15.1909   2.958074     2.7143     2.6007     0.0049  0.1645873 0.0000e+00
       1698      3.928    15.1915   2.958268     2.7131     2.6007     0.0049  0.1650757 0.0000e+00
       1699      3.895    15.1921   2.958291     2.7131     2.6007     0.0049  0.1650757 0.0000e+00
       1700      3.870    15.1924   2.958363     2.7143     2.6020     0.0049  0.1650757 0.0000e+00
       1701      3.895    15.1932   2.958563     2.7131     2.6020     0.0049  0.1699597 0.0000e+00
       1702      3.812    15.1982   2.959033     2.7118     2.6020     0.0049  0.1728901 0.0000e+00
       1703      3.895    15.2015   2.959574     2.7131     2.6032     0.0049  0.1733785 0.0000e+00
       1704      3.812    15.2015   2.959793     2.7131     2.6032     0.0049  0.1733785 0.0000e+00
       1705      3.837    15.2009   2.959757     2.7143     2.6032     0.0049  0.1728901 0.0000e+00
       1706      3.812    15.1988   2.959549     2.7131     2.6044     0.0049  0.1728901 0.0000e+00
       1707      3.837    15.1973   2.959337     2.7118     2.6044     0.0049  0.1728901 0.0000e+00
       1708      3.746    15.1960   2.959104     2.7118     2.6044     0.0049  0.1728901 0.0000e+00
       1709      3.837    15.1946   2.958870     2.7131     2.6044     0.0049  0.1728901 0.0000e+00
       1710      3.746    15.1936   2.958755     2.7143     2.6056     0.0049  0.1728901 0.0000e+00
       1711      3.779    15.1942   2.958662     2.7131     2.6056     0.0049  0.1728901 0.0000e+00
       1712      3.713    15.1947   2.958740     2.7131     2.6068     0.0049  0.1728901 0.0000e+00
       1713      3.746    15.1934   2.958815     2.7131     2.6068     0.0049  0.1728901 0.0000e+00
       1714      3.713    15.1922   2.958683     2.7143     2.6081     0.0049  0.1728901 0.0000e+00
       1715      3.746    15.1905   2.958387     2.7155     2.6081     0.0049  0.1728901 0.0000e+00
       1716      3.655    15.1893   2.958099     2.7143     2.6081     0.0049  0.1728901 0.0000e+00
       1717      3.688    15.1895   2.958077     2.7143     2.6093     0.0049  0.1728901 0.0000e+00
       1718      3.655    15.1899   2.958032     2.7143     2.6093     0.0049  0.1728901 0.0000e+00
       1719      3.688    15.1888   2.957784     2.7180     2.6105     0.0049  0.1728901 0.0000e+00
       1720      3.655    15.1880   2.957559     2.7180     2.6105     0.0049  0.1728901 0.0000e+00
       1721      3.688    15.1865   2.957391     2.7180     2.6117     0.0049  0.1728901 0.0000e+00
       1722      3.589    15.1853   2.957098     2.7180     2.6117     0.0049  0.1728901 0.0000e+00
       1723      3.622    15.1846   2.956834     2.7167     2.6129     0.0049  0.1728901 0.0000e+00
       1724      3.589    15.1842   2.956754     2.7192     2.6129     0.0049  0.1728901 0.0000e+00
       1725      3.622    15.1846   2.956732     2.7192     2.6142     0.0049  0.1728901 0.0000e+00
       1726      3.589    15.1851   2.957019     2.7192     2.6142     0.0049  0.1733785 0.0000e+00
       1727      3.564    15.1863   2.957308     2.7192     2.6154     0.0049  0.1748437 0.0000e+00
       1728      3.531    15.1869   2.957558     2.7204     2.6154     0.0049  0.1748437 0.0000e+00
       1729      3.531    15.1875   2.957818     2.7228     2.6166     0.0049  0.1753321 0.0000e+00
       1730      3.564    15.1885   2.957952     2.7228     2.6178     0.0049  0.1748437 0.0000e+00
       1731      3.531    15.1910   2.958297     2.7216     2.6178     0.0049  0.1748437 0.0000e+00
       1732      3.498    15.1949   2.958723     2.7228     2.6178     0.0049  0.1748437 0.0000e+00
       1733      3.465    15.1980   2.959048     2.7241     2.6191     0.0049  0.1748437 0.0000e+00
       1734      3.498    15.2010   2.959587     2.7277     2.6191     0.0049  0.1748437 0.0000e+00
       1735      3.465    15.2036   2.960334     2.7253     2.6191     0.0049  0.1748437 0.0000e+00
       1736      3.498    15.2051   2.961055     2.7253     2.6203     0.0049  0.1748437 0.0000e+00
       1737      3.408    15.2071   2.961563     2.7277     2.6203     0.0049  0.1748437 0.0000e+00
       1738      3.441    15.2091   2.961933     2.7277     2.6203     0.0049  0.1748437 0.0000e+00
       1739      3.465    15.2103   2.962040     2.7277     2.6203     0.0049  0.1748437 0.0000e+00
       1740      3.383    15.2113   2.962158     2.7277     2.6215     0.0049  0.1748437 0.0000e+00
       1741      3.407    15.2120   2.962180     2.7277     2.6215     0.0049  0.1748437 0.0000e+00
       1742      3.383    15.2122   2.962112     2.7289     2.6215     0.0049  0.1748437 0.0000e+00
       1743      3.407    15.2122   2.962016     2.7314     2.6215     0.0049  0.1748437 0.0000e+00
       1744      3.317    15.2125   2.961910     2.7326     2.6215     0.0049  0.1753321 0.0000e+00
       1745      3.350    15.2132   2.961926     2.7326     2.6215     0.0049  0.1748437 0.0000e+00
       1746      3.383    15.2135   2.961963     2.7314     2.6227     0.0049  0.1748437 0.0000e+00
       1747      3.350    15.2144   2.962163     2.7326     2.6227     0.0049  0.1748437 0.0000e+00
       1748      3.259    15.2153   2.962334     2.7350     2.6227     0.0049  0.1748437 0.0000e+00
       1749      3.350    15.2158   2.962544     2.7350     2.6227     0.0049  0.1748437 0.0000e+00
       1750      3.284    15.2166   2.962644     2.7350     2.6239     0.0049  0.1748437 0.0000e+00
       1751      3.259    15.2166   2.962807     2.7363     2.6239     0.0049  0.1748437 0.0000e+00
       1752      3.349    15.2174   2.962896     2.7375     2.6239     0.0049  0.1758205 0.0000e+00
       1753      3.259    15.2174   2.962914     2.7387     2.6239     0.0049  0.1763089 0.0000e+00
       1754      3.226    15.2176   2.963006     2.7387     2.6239     0.0049  0.1763089 0.0000e+00
       1755      3.259    15.2174   2.963036     2.7387     2.6252     0.0049  0.1763089 0.0000e+00
       1756      3.226    15.2174   2.963099     2.7387     2.6252     0.0049  0.1763089 0.0000e+00
       1757      3.193    15.2170   2.963123     2.7399     2.6252     0.0049  0.1763089 0.0000e+00
       1758      3.226    15.2166   2.963058     2.7424     2.6252     0.0049  0.1763089 0.0000e+00
       1759      3.193    15.2164   2.963043     2.7424     2.6252     0.0049  0.1763089 0.0000e+00
       1760      3.160    15.2166   2.962941     2.7412     2.6264     0.0049  0.1763089 0.0000e+00
