code/data/2021/ctd_data_day2/station10_ctm_fil_le.cnv
* Sea-Bird SBE 9 Data File:
* FileName = C:\Users\CTD-User\Desktop\MAR440\day2\station10.hex
* Software Version Seasave V 7.26.2.13
* Temperature SN = 6313
* Conductivity SN = 4758
* Number of Bytes Per Scan = 37
* Number of Voltage Words = 4
* Number of Scans Averaged by the Deck Unit = 1
* NMEA Latitude = 58 20.25 N
* NMEA Longitude = 011 53.24 E
* NMEA UTC (Time) = Sep 22 2021 12:19:36
* NMEA baud rate = 4800
** Ship: Skagerrak
** Station: station10
** Operator: group2green
# nquan = 9
# nvalues = 2945                        
# units = specified
# name 0 = scan: Scan Count
# name 1 = prDM: Pressure, Digiquartz [db]
# name 2 = t090C: Temperature [ITS-90, deg C]
# name 3 = c0S/m: Conductivity [S/m]
# name 4 = sbeox0V: Oxygen raw, SBE 43 [V]
# name 5 = sbeox1V: Oxygen raw, SBE 43, 2 [V]
# name 6 = flECO-AFL: Fluorescence, WET Labs ECO-AFL/FL [mg/m^3]
# name 7 = upoly0: Upoly 0, Turbidity
# name 8 = flag:  0.000e+00
# span 0 =          1,       2945       
# span 1 =      1.437,     39.632       
# span 2 =     7.9679,    15.8524       
# span 3 =   2.829968,   3.458167       
# span 4 =     0.4799,     2.9159       
# span 5 =     0.5511,     2.8625       
# span 6 =     0.0033,     0.0148       
# span 7 =  0.0884141,  0.2199261       
# span 8 = 0.0000e+00, 0.0000e+00       
# interval = seconds: 0.0416667
# start_time = Sep 22 2021 12:19:36 [NMEA time, header]
# bad_flag = -9.990e-29
*END*
[from data line 1921]
       1922     19.593     8.0074   3.227510     0.7256     0.7333     0.0060  0.1190810 0.0000e+00
       1923     19.615     8.0044   3.227495     0.7234     0.7314     0.0060  0.1195449 0.0000e+00
       1924     19.637     8.0014   3.227483     0.7213     0.7295     0.0060  0.1200352 0.0000e+00
       1925     19.659     7.9984   3.227474     0.7192     0.7277     0.0060  0.1205553 0.0000e+00
       1926     19.681     7.9953   3.227468     0.7171     0.7259     0.0060  0.1211089 0.0000e+00
       1927     19.703     7.9921   3.227465     0.7150     0.7241     0.0060  0.1216981 0.0000e+00
       1928     19.726     7.9889   3.227465     0.7130     0.7224     0.0066  0.1223108 0.0000e+00
       1929     19.748     7.9864   3.227472     0.7109     0.7207     0.0070  0.1229174 0.0000e+00
       1930     19.770     7.9857   3.227488     0.7089     0.7190     0.0070  0.1234949 0.0000e+00
       1931     19.793     7.9857   3.227510     0.7069     0.7173     0.0070  0.1240396 0.0000e+00
       1932     19.815     7.9856   3.227533     0.7049     0.7157     0.0070  0.1245563 0.0000e+00
       1933     19.837     7.9854   3.227559     0.7030     0.7140     0.0070  0.1250492 0.0000e+00
       1934     19.859     7.9851   3.227588     0.7011     0.7125     0.0070  0.1255220 0.0000e+00
       1935     19.882     7.9848   3.227619     0.6993     0.7109     0.0070  0.1259778 0.0000e+00
       1936     19.904     7.9844   3.227652     0.6974     0.7093     0.0070  0.1264198 0.0000e+00
       1937     19.927     7.9840   3.227688     0.6956     0.7078     0.0070  0.1268511 0.0000e+00
       1938     19.949     7.9835   3.227727     0.6938     0.7063     0.0070  0.1272748 0.0000e+00
       1939     19.971     7.9830   3.227768     0.6920     0.7049     0.0070  0.1276937 0.0000e+00
       1940     19.994     7.9825   3.227811     0.6903     0.7034     0.0070  0.1281107 0.0000e+00
       1941     20.016     7.9819   3.227857     0.6886     0.7020     0.0070  0.1285289 0.0000e+00
       1942     20.039     7.9813   3.227906     0.6869     0.7006     0.0070  0.1289510 0.0000e+00
       1943     20.061     7.9807   3.227957     0.6852     0.6992     0.0070  0.1293800 0.0000e+00
       1944     20.084     7.9801   3.228012     0.6835     0.6978     0.0070  0.1298189 0.0000e+00
       1945     20.107     7.9795   3.228070     0.6819     0.6965     0.0070  0.1302707 0.0000e+00
       1946     20.129     7.9788   3.228131     0.6803     0.6951     0.0070  0.1307387 0.0000e+00
       1947     20.152     7.9782   3.228195     0.6787     0.6938     0.0070  0.1312260 0.0000e+00
       1948     20.175     7.9776   3.228262     0.6771     0.6926     0.0070  0.1317360 0.0000e+00
       1949     20.197     7.9769   3.228333     0.6756     0.6913     0.0070  0.1322724 0.0000e+00
       1950     20.220     7.9763   3.228406     0.6740     0.6901     0.0070  0.1328387 0.0000e+00
       1951     20.243     7.9757   3.228482     0.6725     0.6888     0.0070  0.1334390 0.0000e+00
       1952     20.265     7.9751   3.228561     0.6710     0.6876     0.0070  0.1340783 0.0000e+00
       1953     20.288     7.9745   3.228645     0.6695     0.6865     0.0073  0.1347534 0.0000e+00
       1954     20.310     7.9739   3.228733     0.6680     0.6853     0.0077  0.1354400 0.0000e+00
       1955     20.333     7.9733   3.228825     0.6666     0.6841     0.0079  0.1361083 0.0000e+00
       1956     20.356     7.9728   3.228922     0.6651     0.6830     0.0079  0.1367449 0.0000e+00
       1957     20.378     7.9723   3.229022     0.6637     0.6819     0.0079  0.1373517 0.0000e+00
       1958     20.401     7.9717   3.229127     0.6623     0.6808     0.0079  0.1379356 0.0000e+00
       1959     20.424     7.9713   3.229236     0.6609     0.6797     0.0079  0.1385022 0.0000e+00
       1960     20.446     7.9708   3.229351     0.6595     0.6786     0.0079  0.1390547 0.0000e+00
       1961     20.469     7.9704   3.229472     0.6582     0.6776     0.0079  0.1395961 0.0000e+00
       1962     20.492     7.9700   3.229600     0.6568     0.6766     0.0079  0.1401301 0.0000e+00
       1963     20.515     7.9696   3.229735     0.6555     0.6755     0.0079  0.1406604 0.0000e+00
       1964     20.538     7.9693   3.229877     0.6542     0.6745     0.0079  0.1411908 0.0000e+00
       1965     20.560     7.9690   3.230026     0.6529     0.6735     0.0079  0.1417249 0.0000e+00
       1966     20.583     7.9687   3.230185     0.6517     0.6726     0.0079  0.1422664 0.0000e+00
       1967     20.606     7.9685   3.230351     0.6504     0.6716     0.0079  0.1428191 0.0000e+00
       1968     20.629     7.9683   3.230526     0.6492     0.6706     0.0079  0.1433869 0.0000e+00
       1969     20.651     7.9681   3.230710     0.6479     0.6697     0.0079  0.1439737 0.0000e+00
       1970     20.674     7.9680   3.230904     0.6467     0.6688     0.0079  0.1445836 0.0000e+00
       1971     20.697     7.9679   3.231106     0.6455     0.6679     0.0079  0.1452208 0.0000e+00
       1972     20.720     7.9679   3.231318     0.6443     0.6670     0.0079  0.1458897 0.0000e+00
       1973     20.742     7.9679   3.231539     0.6432     0.6661     0.0079  0.1465951 0.0000e+00
       1974     20.765     7.9679   3.231769     0.6420     0.6652     0.0079  0.1473417 0.0000e+00
       1975     20.788     7.9680   3.232006     0.6408     0.6643     0.0079  0.1481349 0.0000e+00
       1976     20.811     7.9681   3.232250     0.6397     0.6635     0.0079  0.1489801 0.0000e+00
       1977     20.834     7.9682   3.232502     0.6386     0.6626     0.0079  0.1498833 0.0000e+00
       1978     20.857     7.9684   3.232762     0.6375     0.6618     0.0079  0.1508489 0.0000e+00
       1979     20.880     7.9685   3.233028     0.6364     0.6610     0.0088  0.1518599 0.0000e+00
       1980     20.903     7.9687   3.233301     0.6353     0.6602     0.0093  0.1528699 0.0000e+00
       1981     20.926     7.9691   3.233581     0.6342     0.6594     0.0093  0.1538426 0.0000e+00
       1982     20.949     7.9698   3.233867     0.6331     0.6586     0.0093  0.1547728 0.0000e+00
       1983     20.972     7.9707   3.234159     0.6320     0.6579     0.0093  0.1556678 0.0000e+00
       1984     20.994     7.9716   3.234456     0.6309     0.6571     0.0093  0.1565356 0.0000e+00
       1985     21.017     7.9725   3.234757     0.6299     0.6564     0.0093  0.1573831 0.0000e+00
       1986     21.040     7.9734   3.235061     0.6289     0.6556     0.0093  0.1582153 0.0000e+00
       1987     21.063     7.9743   3.235369     0.6279     0.6549     0.0093  0.1590371 0.0000e+00
       1988     21.086     7.9752   3.235679     0.6269     0.6542     0.0093  0.1598551 0.0000e+00
       1989     21.109     7.9761   3.235992     0.6259     0.6535     0.0093  0.1606759 0.0000e+00
       1990     21.131     7.9771   3.236307     0.6249     0.6528     0.0093  0.1615052 0.0000e+00
       1991     21.154     7.9780   3.236624     0.6239     0.6521     0.0093  0.1623487 0.0000e+00
       1992     21.177     7.9789   3.236943     0.6229     0.6514     0.0093  0.1632114 0.0000e+00
       1993     21.200     7.9799   3.237262     0.6220     0.6507     0.0093  0.1640986 0.0000e+00
       1994     21.222     7.9808   3.237583     0.6210     0.6500     0.0093  0.1650163 0.0000e+00
       1995     21.245     7.9817   3.237905     0.6201     0.6494     0.0093  0.1659710 0.0000e+00
       1996     21.268     7.9827   3.238230     0.6192     0.6487     0.0093  0.1669702 0.0000e+00
       1997     21.291     7.9836   3.238556     0.6183     0.6481     0.0093  0.1680216 0.0000e+00
       1998     21.314     7.9846   3.238885     0.6174     0.6474     0.0093  0.1691317 0.0000e+00
       1999     21.336     7.9855   3.239216     0.6165     0.6468     0.0093  0.1703074 0.0000e+00
       2000     21.359     7.9865   3.239550     0.6156     0.6462     0.0093  0.1715568 0.0000e+00
       2001     21.382     7.9875   3.239887     0.6147     0.6455     0.0093  0.1728887 0.0000e+00
       2002     21.405     7.9885   3.240225     0.6138     0.6449     0.0093  0.1743124 0.0000e+00
       2003     21.427     7.9895   3.240566     0.6130     0.6443     0.0093  0.1758377 0.0000e+00
       2004     21.450     7.9905   3.240909     0.6121     0.6437     0.0104  0.1774548 0.0000e+00
       2005     21.473     7.9916   3.241255     0.6113     0.6431     0.0123  0.1791003 0.0000e+00
       2006     21.496     7.9926   3.241605     0.6105     0.6425     0.0126  0.1806879 0.0000e+00
       2007     21.518     7.9936   3.241957     0.6096     0.6420     0.0126  0.1821769 0.0000e+00
       2008     21.541     7.9947   3.242312     0.6088     0.6414     0.0126  0.1835716 0.0000e+00
       2009     21.564     7.9958   3.242671     0.6080     0.6408     0.0126  0.1848861 0.0000e+00
       2010     21.586     7.9969   3.243032     0.6072     0.6403     0.0126  0.1861311 0.0000e+00
       2011     21.609     7.9980   3.243397     0.6065     0.6397     0.0126  0.1873153 0.0000e+00
       2012     21.632     7.9991   3.243764     0.6057     0.6392     0.0126  0.1884470 0.0000e+00
       2013     21.655     8.0002   3.244134     0.6049     0.6386     0.0126  0.1895340 0.0000e+00
       2014     21.677     8.0014   3.244508     0.6041     0.6381     0.0126  0.1905839 0.0000e+00
       2015     21.700     8.0026   3.244885     0.6034     0.6376     0.0126  0.1916040 0.0000e+00
       2016     21.723     8.0038   3.245267     0.6026     0.6371     0.0126  0.1926014 0.0000e+00
       2017     21.745     8.0051   3.245653     0.6019     0.6366     0.0126  0.1935831 0.0000e+00
       2018     21.768     8.0063   3.246045     0.6011     0.6361     0.0126  0.1945558 0.0000e+00
       2019     21.790     8.0076   3.246443     0.6004     0.6356     0.0126  0.1955263 0.0000e+00
       2020     21.813     8.0090   3.246848     0.5996     0.6351     0.0126  0.1965014 0.0000e+00
       2021     21.836     8.0104   3.247260     0.5989     0.6346     0.0126  0.1974879 0.0000e+00
       2022     21.858     8.0118   3.247680     0.5982     0.6341     0.0126  0.1984926 0.0000e+00
       2023     21.881     8.0132   3.248108     0.5975     0.6337     0.0126  0.1995225 0.0000e+00
       2024     21.903     8.0147   3.248545     0.5967     0.6332     0.0126  0.2005847 0.0000e+00
       2025     21.926     8.0163   3.248991     0.5961     0.6327     0.0126  0.2016868 0.0000e+00
       2026     21.949     8.0179   3.249446     0.5954     0.6323     0.0126  0.2028363 0.0000e+00
       2027     21.971     8.0195   3.249909     0.5947     0.6318     0.0126  0.2040412 0.0000e+00
       2028     21.994     8.0211   3.250380     0.5940     0.6314     0.0126  0.2053099 0.0000e+00
       2029     22.016     8.0228   3.250858     0.5933     0.6310     0.0126  0.2066496 0.0000e+00
       2030     22.039     8.0245   3.251342     0.5927     0.6305     0.0139  0.2080330 0.0000e+00
       2031     22.061     8.0263   3.251831     0.5920     0.6301     0.0146  0.2093823 0.0000e+00
       2032     22.084     8.0281   3.252326     0.5913     0.6297     0.0148  0.2106321 0.0000e+00
       2033     22.106     8.0299   3.252825     0.5907     0.6292     0.0148  0.2117681 0.0000e+00
       2034     22.129     8.0318   3.253327     0.5900     0.6288     0.0148  0.2128001 0.0000e+00
       2035     22.151     8.0336   3.253831     0.5894     0.6284     0.0148  0.2137384 0.0000e+00
       2036     22.174     8.0355   3.254337     0.5888     0.6280     0.0148  0.2145906 0.0000e+00
       2037     22.196     8.0374   3.254843     0.5881     0.6276     0.0148  0.2153626 0.0000e+00
       2038     22.218     8.0393   3.255347     0.5875     0.6272     0.0148  0.2160597 0.0000e+00
       2039     22.240     8.0412   3.255850     0.5869     0.6268     0.0148  0.2166868 0.0000e+00
       2040     22.263     8.0431   3.256349     0.5863     0.6264     0.0148  0.2172482 0.0000e+00
       2041     22.285     8.0450   3.256842     0.5857     0.6260     0.0148  0.2177478 0.0000e+00
       2042     22.307     8.0469   3.257329     0.5850     0.6256     0.0148  0.2181892 0.0000e+00
       2043     22.329     8.0487   3.257810     0.5844     0.6253     0.0148  0.2185753 0.0000e+00
       2044     22.351     8.0506   3.258283     0.5838     0.6249     0.0148  0.2189089 0.0000e+00
       2045     22.374     8.0524   3.258749     0.5832     0.6245     0.0148  0.2191924 0.0000e+00
       2046     22.396     8.0542   3.259206     0.5826     0.6241     0.0148  0.2194275 0.0000e+00
       2047     22.418     8.0559   3.259656     0.5820     0.6238     0.0148  0.2196161 0.0000e+00
       2048     22.440     8.0577   3.260098     0.5815     0.6234     0.0148  0.2197594 0.0000e+00
       2049     22.462     8.0594   3.260533     0.5809     0.6230     0.0148  0.2198585 0.0000e+00
       2050     22.484     8.0611   3.260960     0.5803     0.6227     0.0148  0.2199139 0.0000e+00
       2051     22.506     8.0627   3.261378     0.5798     0.6223     0.0146  0.2199261 0.0000e+00
       2052     22.528     8.0644   3.261790     0.5792     0.6220     0.0148  0.2198952 0.0000e+00
       2053     22.550     8.0660   3.262195     0.5787     0.6216     0.0148  0.2198209 0.0000e+00
       2054     22.572     8.0675   3.262596     0.5781     0.6213     0.0148  0.2197028 0.0000e+00
       2055     22.594     8.0691   3.262991     0.5776     0.6209     0.0146  0.2195425 0.0000e+00
       2056     22.616     8.0706   3.263380     0.5770     0.6206     0.0145  0.2193492 0.0000e+00
       2057     22.638     8.0722   3.263763     0.5765     0.6202     0.0145  0.2191359 0.0000e+00
       2058     22.660     8.0737   3.264140     0.5760     0.6199     0.0145  0.2189088 0.0000e+00
       2059     22.681     8.0752   3.264512     0.5755     0.6196     0.0145  0.2186672 0.0000e+00
       2060     22.703     8.0766   3.264880     0.5749     0.6192     0.0145  0.2184094 0.0000e+00
       2061     22.725     8.0781   3.265243     0.5744     0.6189     0.0145  0.2181327 0.0000e+00
       2062     22.747     8.0796   3.265603     0.5739     0.6186     0.0143  0.2178344 0.0000e+00
       2063     22.769     8.0810   3.265961     0.5734     0.6183     0.0145  0.2175124 0.0000e+00
       2064     22.790     8.0825   3.266317     0.5729     0.6180     0.0145  0.2171645 0.0000e+00
       2065     22.812     8.0839   3.266671     0.5724     0.6177     0.0145  0.2167882 0.0000e+00
       2066     22.834     8.0854   3.267023     0.5718     0.6174     0.0145  0.2163809 0.0000e+00
       2067     22.856     8.0868   3.267374     0.5713     0.6171     0.0143  0.2159406 0.0000e+00
       2068     22.877     8.0882   3.267725     0.5708     0.6168     0.0145  0.2154652 0.0000e+00
       2069     22.899     8.0896   3.268074     0.5703     0.6165     0.0145  0.2149504 0.0000e+00
       2070     22.920     8.0911   3.268423     0.5698     0.6161     0.0145  0.2143919 0.0000e+00
       2071     22.942     8.0925   3.268770     0.5693     0.6158     0.0145  0.2137857 0.0000e+00
       2072     22.963     8.0939   3.269116     0.5688     0.6155     0.0145  0.2131276 0.0000e+00
       2073     22.985     8.0953   3.269459     0.5683     0.6152     0.0145  0.2124131 0.0000e+00
       2074     23.007     8.0967   3.269800     0.5678     0.6150     0.0145  0.2116372 0.0000e+00
       2075     23.028     8.0981   3.270138     0.5673     0.6147     0.0145  0.2107953 0.0000e+00
       2076     23.050     8.0994   3.270472     0.5668     0.6144     0.0145  0.2098833 0.0000e+00
       2077     23.071     8.1008   3.270804     0.5664     0.6141     0.0145  0.2088948 0.0000e+00
       2078     23.093     8.1021   3.271131     0.5659     0.6138     0.0145  0.2078221 0.0000e+00
       2079     23.114     8.1035   3.271454     0.5654     0.6135     0.0145  0.2066578 0.0000e+00
       2080     23.136     8.1048   3.271774     0.5649     0.6133     0.0145  0.2053937 0.0000e+00
