code/data/2021/ctd_data_day2/station7_ctm.cnv
* Sea-Bird SBE 9 Data File:
* FileName = C:\Users\CTD-User\Desktop\MAR440\day2\station7.hex
* Software Version Seasave V 7.26.2.13
* Temperature SN = 6313
* Conductivity SN = 4758
* Number of Bytes Per Scan = 37
* Number of Voltage Words = 4
* Number of Scans Averaged by the Deck Unit = 1
* NMEA Latitude = 58 19.09 N
* NMEA Longitude = 011 47.38 E
* NMEA UTC (Time) = Sep 22 2021 11:12:47
* NMEA baud rate = 4800
** Ship: Skagerrak
** Station: station7
** Operator: group1
# nquan = 9
# nvalues = 2736                        
# units = specified
# name 0 = scan: Scan Count
# name 1 = prDM: Pressure, Digiquartz [db]
# name 2 = t090C: Temperature [ITS-90, deg C]
# name 3 = c0S/m: Conductivity [S/m]
# name 4 = sbeox0V: Oxygen raw, SBE 43 [V]
# name 5 = sbeox1V: Oxygen raw, SBE 43, 2 [V]
# name 6 = flECO-AFL: Fluorescence, WET Labs ECO-AFL/FL [mg/m^3]
# name 7 = upoly0: Upoly 0, Turbidity
# name 8 = flag:  0.000e+00
# span 0 =          1,       2736       
# span 1 =      0.724,     30.415       
# span 2 =     7.3528,    16.1037       
# span 3 =   2.942330,   3.795563       
# span 4 =     0.5809,     2.8364       
# span 5 =     0.6579,     2.7741       
# span 6 =     0.0035,     0.0123       
# span 7 =  0.0859548,  0.1675177       
# span 8 = 0.0000e+00, 0.0000e+00       
# interval = seconds: 0.0416667
# start_time = Sep 22 2021 11:12:47 [NMEA time, header]
# bad_flag = -9.990e-29
*END*
[from data line 2561]
       2562     30.284     7.4311   3.288526     0.6603     0.7336     0.0090  0.0869316 0.0000e+00
       2563     30.218     7.4291   3.282593     0.6591     0.7324     0.0092  0.0874200 0.0000e+00
       2564     30.218     7.4267   3.283388     0.6579     0.7324     0.0090  0.0874200 0.0000e+00
       2565     30.218     7.4273   3.287579     0.6579     0.7312     0.0092  0.0874200 0.0000e+00
       2566     30.218     7.4301   3.288903     0.6591     0.7312     0.0092  0.0874200 0.0000e+00
       2567     30.218     7.4358   3.289452     0.6579     0.7299     0.0090  0.0874200 0.0000e+00
       2568     30.292     7.4424   3.289624     0.6567     0.7299     0.0090  0.0874200 0.0000e+00
       2569     30.218     7.4474   3.289916     0.6567     0.7287     0.0090  0.0874200 0.0000e+00
       2570     30.218     7.4501   3.290286     0.6554     0.7287     0.0090  0.0874200 0.0000e+00
       2571     30.284     7.4527   3.290184     0.6567     0.7275     0.0090  0.0874200 0.0000e+00
       2572     30.218     7.4556   3.290490     0.6567     0.7275     0.0090  0.0874200 0.0000e+00
       2573     30.218     7.4589   3.290804     0.6542     0.7263     0.0090  0.0874200 0.0000e+00
       2574     30.284     7.4628   3.291011     0.6530     0.7263     0.0090  0.0874200 0.0000e+00
       2575     30.218     7.4654   3.291299     0.6542     0.7251     0.0092  0.0869316 0.0000e+00
       2576     30.284     7.4657   3.291549     0.6554     0.7251     0.0093  0.0864432 0.0000e+00
       2577     30.284     7.4652   3.291423     0.6530     0.7238     0.0093  0.0864432 0.0000e+00
       2578     30.226     7.4652   3.291459     0.6518     0.7238     0.0093  0.0869316 0.0000e+00
       2579     30.284     7.4666   3.291742     0.6518     0.7226     0.0093  0.0869316 0.0000e+00
       2580     30.284     7.4681   3.291853     0.6518     0.7226     0.0092  0.0864432 0.0000e+00
       2581     30.284     7.4699   3.291906     0.6518     0.7214     0.0093  0.0869316 0.0000e+00
       2582     30.284     7.4706   3.292065     0.6518     0.7202     0.0093  0.0869316 0.0000e+00
       2583     30.284     7.4720   3.292174     0.6493     0.7202     0.0093  0.0869316 0.0000e+00
       2584     30.218     7.4724   3.292136     0.6481     0.7190     0.0093  0.0869316 0.0000e+00
       2585     30.341     7.4704   3.292060     0.6493     0.7190     0.0093  0.0869316 0.0000e+00
       2586     30.218     7.4663   3.291959     0.6493     0.7177     0.0093  0.0869316 0.0000e+00
       2587     30.284     7.4623   3.291474     0.6469     0.7177     0.0093  0.0869316 0.0000e+00
       2588     30.292     7.4571   3.291013     0.6469     0.7177     0.0093  0.0869316 0.0000e+00
       2589     30.341     7.4514   3.290871     0.6469     0.7153     0.0093  0.0869316 0.0000e+00
       2590     30.284     7.4442   3.290345     0.6469     0.7153     0.0093  0.0869316 0.0000e+00
       2591     30.284     7.4367   3.289972     0.6469     0.7141     0.0093  0.0869316 0.0000e+00
       2592     30.284     7.4327   3.289693     0.6445     0.7141     0.0093  0.0864432 0.0000e+00
       2593     30.341     7.4353   3.289548     0.6432     0.7128     0.0093  0.0869316 0.0000e+00
       2594     30.284     7.4362   3.289770     0.6432     0.7116     0.0093  0.0869316 0.0000e+00
       2595     30.341     7.4321   3.289650     0.6445     0.7116     0.0093  0.0864432 0.0000e+00
       2596     30.284     7.4247   3.289088     0.6432     0.7116     0.0093  0.0869316 0.0000e+00
       2597     30.341     7.4172   3.288704     0.6420     0.7104     0.0093  0.0869316 0.0000e+00
       2598     30.292     7.4116   3.288241     0.6408     0.7104     0.0093  0.0869316 0.0000e+00
       2599     30.341     7.4103   3.288028     0.6420     0.7092     0.0093  0.0864432 0.0000e+00
       2600     30.283     7.4080   3.287962     0.6420     0.7092     0.0099  0.0874200 0.0000e+00
       2601     30.341     7.4059   3.287660     0.6396     0.7080     0.0101  0.0874200 0.0000e+00
       2602     30.283     7.4040   3.287681     0.6383     0.7080     0.0102  0.0879084 0.0000e+00
       2603     30.341     7.3999   3.287292     0.6383     0.7080     0.0102  0.0874200 0.0000e+00
       2604     30.341     7.3957   3.287213     0.6383     0.7067     0.0102  0.0874200 0.0000e+00
       2605     30.341     7.3925   3.286798     0.6396     0.7055     0.0102  0.0874200 0.0000e+00
       2606     30.341     7.3918   3.286955     0.6371     0.7055     0.0102  0.0879084 0.0000e+00
       2607     30.341     7.3933   3.286782     0.6359     0.7055     0.0102  0.0874200 0.0000e+00
       2608     30.292     7.3957   3.286772     0.6347     0.7043     0.0102  0.0879084 0.0000e+00
       2609     30.407     7.3977   3.286904     0.6371     0.7043     0.0101  0.0874200 0.0000e+00
       2610     30.341     7.3986   3.286997     0.6371     0.7043     0.0102  0.0874200 0.0000e+00
       2611     30.341     7.3991   3.286980     0.6347     0.7031     0.0102  0.0879084 0.0000e+00
       2612     30.341     7.3974   3.286805     0.6335     0.7031     0.0102  0.0879084 0.0000e+00
       2613     30.341     7.3951   3.286697     0.6322     0.7019     0.0102  0.0874200 0.0000e+00
       2614     30.341     7.3926   3.286381     0.6335     0.7019     0.0102  0.0874200 0.0000e+00
       2615     30.407     7.3898   3.286288     0.6322     0.7006     0.0102  0.0879084 0.0000e+00
       2616     30.341     7.3864   3.286061     0.6322     0.7006     0.0102  0.0874200 0.0000e+00
       2617     30.407     7.3831   3.286035     0.6322     0.7006     0.0102  0.0874200 0.0000e+00
       2618     30.292     7.3815   3.285756     0.6298     0.6994     0.0102  0.0874200 0.0000e+00
       2619     30.407     7.3807   3.285854     0.6310     0.6994     0.0102  0.0874200 0.0000e+00
       2620     30.341     7.3788   3.285580     0.6322     0.6994     0.0102  0.0879084 0.0000e+00
       2621     30.407     7.3768   3.285633     0.6286     0.6982     0.0102  0.0879084 0.0000e+00
       2622     30.341     7.3745   3.285369     0.6274     0.6982     0.0102  0.0879084 0.0000e+00
       2623     30.407     7.3715   3.285361     0.6274     0.6982     0.0101  0.0874200 0.0000e+00
       2624     30.341     7.3692   3.285091     0.6286     0.6982     0.0102  0.0874200 0.0000e+00
       2625     30.407     7.3686   3.285119     0.6274     0.6970     0.0104  0.0874200 0.0000e+00
       2626     30.283     7.3688   3.285007     0.6274     0.6957     0.0115  0.0879084 0.0000e+00
       2627     30.415     7.3678   3.285058     0.6249     0.6957     0.0121  0.0874200 0.0000e+00
       2628     30.341     7.3668   3.284884     0.6261     0.6945     0.0121  0.0874200 0.0000e+00
       2629     30.407     7.3663   3.285033     0.6261     0.6945     0.0121  0.0874200 0.0000e+00
       2630     30.341     7.3665   3.284881     0.6237     0.6945     0.0121  0.0874200 0.0000e+00
       2631     30.407     7.3668   3.284804     0.6237     0.6933     0.0121  0.0879084 0.0000e+00
       2632     30.341     7.3667   3.285023     0.6225     0.6921     0.0121  0.0874200 0.0000e+00
       2633     30.407     7.3667   3.285002     0.6237     0.6921     0.0121  0.0879084 0.0000e+00
       2634     30.407     7.3651   3.284963     0.6237     0.6921     0.0121  0.0874200 0.0000e+00
       2635     30.407     7.3625   3.284673     0.6225     0.6921     0.0121  0.0874200 0.0000e+00
       2636     30.341     7.3610   3.284623     0.6212     0.6909     0.0121  0.0874200 0.0000e+00
       2637     30.349     7.3601   3.284288     0.6200     0.6909     0.0121  0.0874200 0.0000e+00
       2638     30.341     7.3612   3.284356     0.6212     0.6909     0.0121  0.0874200 0.0000e+00
       2639     30.407     7.3619   3.284348     0.6225     0.6909     0.0121  0.0879084 0.0000e+00
       2640     30.341     7.3639   3.284747     0.6200     0.6896     0.0121  0.0874200 0.0000e+00
       2641     30.407     7.3671   3.284811     0.6188     0.6896     0.0121  0.0874200 0.0000e+00
       2642     30.341     7.3689   3.285226     0.6188     0.6884     0.0121  0.0874200 0.0000e+00
       2643     30.341     7.3692   3.285216     0.6200     0.6884     0.0121  0.0879084 0.0000e+00
       2644     30.407     7.3694   3.285309     0.6188     0.6884     0.0121  0.0879084 0.0000e+00
       2645     30.341     7.3696   3.285246     0.6176     0.6872     0.0121  0.0874200 0.0000e+00
       2646     30.407     7.3710   3.285251     0.6164     0.6872     0.0121  0.0874200 0.0000e+00
       2647     30.349     7.3705   3.285347     0.6164     0.6860     0.0121  0.0874200 0.0000e+00
       2648     30.407     7.3686   3.285230     0.6176     0.6860     0.0121  0.0874200 0.0000e+00
       2649     30.341     7.3665   3.285303     0.6164     0.6860     0.0121  0.0874200 0.0000e+00
       2650     30.407     7.3651   3.285176     0.6151     0.6860     0.0121  0.0879084 0.0000e+00
       2651     30.341     7.3639   3.285159     0.6151     0.6860     0.0121  0.0874200 0.0000e+00
       2652     30.407     7.3630   3.284983     0.6151     0.6848     0.0123  0.0879084 0.0000e+00
       2653     30.341     7.3623   3.285009     0.6176     0.6848     0.0123  0.0874200 0.0000e+00
       2654     30.341     7.3622   3.284847     0.6139     0.6835     0.0123  0.0879084 0.0000e+00
       2655     30.407     7.3619   3.284999     0.6139     0.6835     0.0123  0.0874200 0.0000e+00
       2656     30.341     7.3618   3.284728     0.6127     0.6835     0.0123  0.0874200 0.0000e+00
       2657     30.349     7.3617   3.284634     0.6127     0.6823     0.0123  0.0874200 0.0000e+00
       2658     30.407     7.3618   3.284725     0.6127     0.6823     0.0123  0.0874200 0.0000e+00
       2659     30.341     7.3620   3.284944     0.6115     0.6823     0.0123  0.0874200 0.0000e+00
       2660     30.407     7.3618   3.284981     0.6115     0.6823     0.0123  0.0874200 0.0000e+00
       2661     30.341     7.3617   3.284875     0.6103     0.6811     0.0123  0.0874200 0.0000e+00
       2662     30.407     7.3615   3.284994     0.6115     0.6811     0.0123  0.0874200 0.0000e+00
       2663     30.341     7.3610   3.284789     0.6127     0.6811     0.0123  0.0874200 0.0000e+00
       2664     30.341     7.3612   3.284949     0.6103     0.6811     0.0123  0.0874200 0.0000e+00
       2665     30.341     7.3609   3.284836     0.6090     0.6799     0.0123  0.0879084 0.0000e+00
       2666     30.407     7.3607   3.284971     0.6090     0.6799     0.0123  0.0874200 0.0000e+00
       2667     30.349     7.3605   3.284870     0.6103     0.6799     0.0123  0.0874200 0.0000e+00
       2668     30.341     7.3601   3.284941     0.6090     0.6786     0.0123  0.0874200 0.0000e+00
       2669     30.341     7.3601   3.284841     0.6078     0.6786     0.0123  0.0874200 0.0000e+00
       2670     30.407     7.3601   3.284924     0.6066     0.6786     0.0123  0.0874200 0.0000e+00
       2671     30.341     7.3597   3.284823     0.6078     0.6786     0.0123  0.0874200 0.0000e+00
       2672     30.407     7.3596   3.284814     0.6078     0.6786     0.0123  0.0879084 0.0000e+00
       2673     30.341     7.3591   3.284884     0.6066     0.6774     0.0123  0.0879084 0.0000e+00
       2674     30.341     7.3589   3.284742     0.6054     0.6774     0.0123  0.0874200 0.0000e+00
       2675     30.407     7.3586   3.284899     0.6054     0.6774     0.0123  0.0874200 0.0000e+00
       2676     30.283     7.3584   3.284717     0.6078     0.6774     0.0123  0.0874200 0.0000e+00
       2677     30.415     7.3584   3.284720     0.6066     0.6762     0.0121  0.0874200 0.0000e+00
       2678     30.341     7.3579   3.284668     0.6054     0.6762     0.0121  0.0874200 0.0000e+00
       2679     30.407     7.3577   3.284606     0.6042     0.6762     0.0121  0.0874200 0.0000e+00
       2680     30.341     7.3577   3.284769     0.6029     0.6762     0.0121  0.0874200 0.0000e+00
       2681     30.341     7.3578   3.284708     0.6042     0.6750     0.0121  0.0879084 0.0000e+00
       2682     30.341     7.3578   3.284773     0.6042     0.6750     0.0121  0.0874200 0.0000e+00
       2683     30.407     7.3575   3.284613     0.6029     0.6750     0.0121  0.0874200 0.0000e+00
       2684     30.341     7.3573   3.284706     0.6017     0.6750     0.0121  0.0874200 0.0000e+00
       2685     30.341     7.3573   3.284564     0.6005     0.6750     0.0121  0.0879084 0.0000e+00
       2686     30.349     7.3572   3.284629     0.6029     0.6750     0.0121  0.0879084 0.0000e+00
       2687     30.341     7.3572   3.284618     0.6017     0.6738     0.0121  0.0874200 0.0000e+00
       2688     30.407     7.3572   3.284477     0.6005     0.6738     0.0121  0.0874200 0.0000e+00
       2689     30.341     7.3570   3.284627     0.5993     0.6725     0.0121  0.0874200 0.0000e+00
       2690     30.341     7.3565   3.284476     0.5993     0.6725     0.0121  0.0874200 0.0000e+00
       2691     30.407     7.3562   3.284648     0.6005     0.6725     0.0121  0.0879084 0.0000e+00
       2692     30.341     7.3562   3.284495     0.5993     0.6725     0.0121  0.0874200 0.0000e+00
       2693     30.341     7.3559   3.284523     0.5980     0.6725     0.0121  0.0874200 0.0000e+00
       2694     30.341     7.3556   3.284592     0.5980     0.6725     0.0121  0.0874200 0.0000e+00
       2695     30.341     7.3552   3.284413     0.5980     0.6725     0.0121  0.0879084 0.0000e+00
       2696     30.349     7.3552   3.284471     0.5980     0.6713     0.0121  0.0874200 0.0000e+00
       2697     30.341     7.3549   3.284298     0.5980     0.6713     0.0121  0.0879084 0.0000e+00
       2698     30.341     7.3546   3.284470     0.5956     0.6713     0.0121  0.0874200 0.0000e+00
       2699     30.407     7.3544   3.284383     0.5956     0.6713     0.0121  0.0874200 0.0000e+00
       2700     30.341     7.3546   3.284344     0.5956     0.6701     0.0121  0.0874200 0.0000e+00
       2701     30.341     7.3543   3.284470     0.5980     0.6713     0.0121  0.0879084 0.0000e+00
       2702     30.341     7.3543   3.284257     0.5944     0.6701     0.0121  0.0879084 0.0000e+00
       2703     30.407     7.3541   3.284290     0.5932     0.6701     0.0123  0.0879084 0.0000e+00
       2704     30.341     7.3541   3.284211     0.5932     0.6701     0.0123  0.0883968 0.0000e+00
       2705     30.341     7.3539   3.284324     0.5944     0.6689     0.0123  0.0879084 0.0000e+00
       2706     30.349     7.3538   3.284427     0.5932     0.6689     0.0123  0.0879084 0.0000e+00
       2707     30.341     7.3539   3.284284     0.5932     0.6689     0.0123  0.0879084 0.0000e+00
       2708     30.341     7.3538   3.284369     0.5919     0.6677     0.0123  0.0883968 0.0000e+00
       2709     30.407     7.3539   3.284231     0.5919     0.6677     0.0123  0.0879084 0.0000e+00
       2710     30.283     7.3539   3.284408     0.5932     0.6689     0.0121  0.0879084 0.0000e+00
       2711     30.407     7.3539   3.284448     0.5919     0.6677     0.0123  0.0879084 0.0000e+00
       2712     30.283     7.3539   3.284390     0.5907     0.6664     0.0123  0.0879084 0.0000e+00
       2713     30.407     7.3539   3.284538     0.5895     0.6664     0.0123  0.0879084 0.0000e+00
       2714     30.341     7.3543   3.284475     0.5895     0.6664     0.0123  0.0879084 0.0000e+00
       2715     30.341     7.3539   3.284645     0.5907     0.6664     0.0123  0.0879084 0.0000e+00
       2716     30.349     7.3539   3.284524     0.5895     0.6652     0.0123  0.0879084 0.0000e+00
       2717     30.341     7.3540   3.284591     0.5883     0.6652     0.0123  0.0879084 0.0000e+00
       2718     30.341     7.3538   3.284665     0.5883     0.6652     0.0123  0.0879084 0.0000e+00
       2719     30.341     7.3536   3.284639     0.5883     0.6640     0.0123  0.0879084 0.0000e+00
       2720     30.341     7.3535   3.284729     0.5883     0.6640     0.0123  0.0883968 0.0000e+00
