code/data/2021/ctd_data_day2/station2_ctm_fil.cnv
* Sea-Bird SBE 9 Data File:
* FileName = C:\Users\CTD-User\Desktop\MAR440\day2\station2.hex
* Software Version Seasave V 7.26.2.13
* Temperature SN = 6313
* Conductivity SN = 4758
* Number of Bytes Per Scan = 37
* Number of Voltage Words = 4
* Number of Scans Averaged by the Deck Unit = 1
* NMEA Latitude = 58 19.95 N
* NMEA Longitude = 011 52.33 E
* NMEA UTC (Time) = Sep 22 2021 09:05:25
* NMEA baud rate = 4800
** Ship: Skagerrak
** Station: station2
** Operator: group2blue
# nquan = 9
# nvalues = 8194                        
# units = specified
# name 0 = scan: Scan Count
# name 1 = prDM: Pressure, Digiquartz [db]
# name 2 = t090C: Temperature [ITS-90, deg C]
# name 3 = c0S/m: Conductivity [S/m]
# name 4 = sbeox0V: Oxygen raw, SBE 43 [V]
# name 5 = sbeox1V: Oxygen raw, SBE 43, 2 [V]
# name 6 = flECO-AFL: Fluorescence, WET Labs ECO-AFL/FL [mg/m^3]
# name 7 = upoly0: Upoly 0, Turbidity
# name 8 = flag:  0.000e+00
# span 0 =          1,       8194       
# span 1 =      0.490,     46.006       
# span 2 =     7.9829,    16.1349       
# span 3 =   2.611598,   3.472334       
# span 4 =     0.4618,     3.0255       
# span 5 =     0.5156,     2.9259       
# span 6 =     0.0035,     0.0209       
# span 7 =  0.0885042,  0.2305465       
# span 8 = 0.0000e+00, 0.0000e+00       
# interval = seconds: 0.0416667
# start_time = Sep 22 2021 09:05:25 [NMEA time, header]
# bad_flag = -9.990e-29
*END*
[from data line 4481]
       4482     21.830     8.0001   3.243665     0.6271     0.6324     0.0119  0.1976067 0.0000e+00
       4483     21.853     8.0010   3.243950     0.6262     0.6317     0.0119  0.1987541 0.0000e+00
       4484     21.876     8.0018   3.244238     0.6253     0.6311     0.0123  0.1999607 0.0000e+00
       4485     21.898     8.0027   3.244526     0.6244     0.6305     0.0137  0.2011908 0.0000e+00
       4486     21.921     8.0035   3.244817     0.6236     0.6299     0.0143  0.2023792 0.0000e+00
       4487     21.943     8.0044   3.245109     0.6227     0.6293     0.0143  0.2034847 0.0000e+00
       4488     21.966     8.0053   3.245403     0.6219     0.6288     0.0143  0.2045050 0.0000e+00
       4489     21.989     8.0063   3.245698     0.6210     0.6282     0.0143  0.2054496 0.0000e+00
       4490     22.011     8.0072   3.245994     0.6201     0.6276     0.0143  0.2063276 0.0000e+00
       4491     22.034     8.0081   3.246290     0.6193     0.6271     0.0143  0.2071461 0.0000e+00
       4492     22.057     8.0091   3.246588     0.6185     0.6265     0.0143  0.2079107 0.0000e+00
       4493     22.079     8.0101   3.246886     0.6176     0.6260     0.0143  0.2086267 0.0000e+00
       4494     22.102     8.0111   3.247186     0.6168     0.6255     0.0143  0.2092991 0.0000e+00
       4495     22.124     8.0120   3.247485     0.6160     0.6249     0.0143  0.2099326 0.0000e+00
       4496     22.147     8.0130   3.247785     0.6152     0.6244     0.0143  0.2105316 0.0000e+00
       4497     22.169     8.0140   3.248085     0.6145     0.6239     0.0143  0.2111003 0.0000e+00
       4498     22.192     8.0150   3.248384     0.6137     0.6234     0.0143  0.2116426 0.0000e+00
       4499     22.214     8.0161   3.248681     0.6129     0.6229     0.0143  0.2121622 0.0000e+00
       4500     22.237     8.0171   3.248977     0.6122     0.6224     0.0143  0.2126629 0.0000e+00
       4501     22.259     8.0181   3.249272     0.6114     0.6219     0.0143  0.2131481 0.0000e+00
       4502     22.282     8.0191   3.249565     0.6106     0.6214     0.0143  0.2136211 0.0000e+00
       4503     22.305     8.0201   3.249857     0.6099     0.6209     0.0143  0.2140853 0.0000e+00
       4504     22.327     8.0211   3.250148     0.6092     0.6205     0.0143  0.2145439 0.0000e+00
       4505     22.350     8.0222   3.250440     0.6084     0.6200     0.0143  0.2150001 0.0000e+00
       4506     22.373     8.0232   3.250732     0.6077     0.6195     0.0143  0.2154570 0.0000e+00
       4507     22.395     8.0243   3.251025     0.6070     0.6191     0.0143  0.2159178 0.0000e+00
       4508     22.418     8.0253   3.251320     0.6063     0.6186     0.0143  0.2163857 0.0000e+00
       4509     22.441     8.0264   3.251617     0.6056     0.6182     0.0143  0.2168641 0.0000e+00
       4510     22.463     8.0275   3.251914     0.6049     0.6178     0.0145  0.2173476 0.0000e+00
       4511     22.486     8.0286   3.252212     0.6042     0.6173     0.0146  0.2178152 0.0000e+00
       4512     22.508     8.0297   3.252511     0.6035     0.6169     0.0148  0.2182444 0.0000e+00
       4513     22.531     8.0308   3.252810     0.6029     0.6165     0.0148  0.2186273 0.0000e+00
       4514     22.554     8.0319   3.253110     0.6022     0.6161     0.0148  0.2189657 0.0000e+00
       4515     22.577     8.0331   3.253410     0.6015     0.6156     0.0148  0.2192636 0.0000e+00
       4516     22.600     8.0342   3.253711     0.6009     0.6152     0.0148  0.2195240 0.0000e+00
       4517     22.622     8.0353   3.254012     0.6002     0.6148     0.0148  0.2197478 0.0000e+00
       4518     22.645     8.0364   3.254314     0.5996     0.6144     0.0148  0.2199357 0.0000e+00
       4519     22.667     8.0376   3.254616     0.5990     0.6140     0.0148  0.2200899 0.0000e+00
       4520     22.690     8.0387   3.254918     0.5983     0.6136     0.0148  0.2202123 0.0000e+00
       4521     22.712     8.0398   3.255221     0.5977     0.6133     0.0148  0.2203029 0.0000e+00
       4522     22.734     8.0410   3.255527     0.5971     0.6129     0.0148  0.2203615 0.0000e+00
       4523     22.757     8.0422   3.255834     0.5965     0.6125     0.0148  0.2203885 0.0000e+00
       4524     22.779     8.0433   3.256143     0.5959     0.6121     0.0148  0.2203832 0.0000e+00
       4525     22.801     8.0445   3.256453     0.5953     0.6117     0.0148  0.2203456 0.0000e+00
       4526     22.824     8.0457   3.256765     0.5947     0.6114     0.0148  0.2202763 0.0000e+00
       4527     22.846     8.0469   3.257079     0.5941     0.6110     0.0148  0.2201748 0.0000e+00
       4528     22.869     8.0482   3.257394     0.5935     0.6107     0.0148  0.2200413 0.0000e+00
       4529     22.891     8.0494   3.257711     0.5929     0.6103     0.0148  0.2198747 0.0000e+00
       4530     22.913     8.0507   3.258031     0.5923     0.6100     0.0148  0.2196723 0.0000e+00
       4531     22.936     8.0519   3.258354     0.5917     0.6096     0.0148  0.2194319 0.0000e+00
       4532     22.959     8.0532   3.258679     0.5911     0.6093     0.0148  0.2191516 0.0000e+00
       4533     22.981     8.0545   3.259007     0.5906     0.6089     0.0148  0.2188297 0.0000e+00
       4534     23.004     8.0558   3.259338     0.5900     0.6086     0.0148  0.2184646 0.0000e+00
       4535     23.026     8.0571   3.259671     0.5894     0.6082     0.0146  0.2180572 0.0000e+00
       4536     23.048     8.0585   3.260006     0.5889     0.6079     0.0143  0.2176201 0.0000e+00
       4537     23.071     8.0598   3.260343     0.5883     0.6076     0.0139  0.2171782 0.0000e+00
       4538     23.093     8.0612   3.260681     0.5878     0.6073     0.0139  0.2167487 0.0000e+00
       4539     23.115     8.0625   3.261020     0.5872     0.6069     0.0141  0.2163339 0.0000e+00
       4540     23.138     8.0639   3.261359     0.5866     0.6066     0.0141  0.2159291 0.0000e+00
       4541     23.160     8.0653   3.261697     0.5861     0.6063     0.0141  0.2155298 0.0000e+00
       4542     23.182     8.0666   3.262034     0.5856     0.6060     0.0141  0.2151341 0.0000e+00
       4543     23.204     8.0680   3.262371     0.5850     0.6057     0.0141  0.2147401 0.0000e+00
       4544     23.227     8.0694   3.262706     0.5845     0.6054     0.0141  0.2143450 0.0000e+00
       4545     23.249     8.0707   3.263040     0.5840     0.6051     0.0141  0.2139461 0.0000e+00
       4546     23.271     8.0721   3.263373     0.5834     0.6048     0.0141  0.2135406 0.0000e+00
       4547     23.294     8.0735   3.263707     0.5829     0.6045     0.0141  0.2131257 0.0000e+00
       4548     23.316     8.0748   3.264042     0.5824     0.6042     0.0141  0.2126985 0.0000e+00
       4549     23.338     8.0762   3.264380     0.5819     0.6040     0.0141  0.2122561 0.0000e+00
       4550     23.361     8.0776   3.264722     0.5813     0.6037     0.0141  0.2117953 0.0000e+00
       4551     23.383     8.0790   3.265066     0.5808     0.6034     0.0141  0.2113130 0.0000e+00
       4552     23.405     8.0805   3.265415     0.5803     0.6031     0.0141  0.2108057 0.0000e+00
       4553     23.427     8.0819   3.265767     0.5798     0.6028     0.0141  0.2102701 0.0000e+00
       4554     23.449     8.0834   3.266124     0.5793     0.6025     0.0141  0.2097022 0.0000e+00
       4555     23.472     8.0849   3.266485     0.5788     0.6023     0.0141  0.2090983 0.0000e+00
       4556     23.494     8.0865   3.266851     0.5783     0.6020     0.0141  0.2084541 0.0000e+00
       4557     23.516     8.0880   3.267222     0.5778     0.6017     0.0141  0.2077651 0.0000e+00
       4558     23.538     8.0896   3.267601     0.5773     0.6014     0.0141  0.2070265 0.0000e+00
       4559     23.560     8.0912   3.267988     0.5768     0.6012     0.0141  0.2062331 0.0000e+00
       4560     23.582     8.0929   3.268384     0.5763     0.6009     0.0141  0.2053796 0.0000e+00
       4561     23.604     8.0946   3.268790     0.5758     0.6007     0.0135  0.2044726 0.0000e+00
       4562     23.626     8.0963   3.269207     0.5754     0.6004     0.0128  0.2035466 0.0000e+00
       4563     23.648     8.0981   3.269636     0.5749     0.6002     0.0128  0.2026427 0.0000e+00
       4564     23.670     8.0999   3.270075     0.5744     0.5999     0.0128  0.2017777 0.0000e+00
       4565     23.693     8.1018   3.270526     0.5740     0.5997     0.0128  0.2009471 0.0000e+00
       4566     23.715     8.1037   3.270988     0.5735     0.5994     0.0128  0.2001419 0.0000e+00
       4567     23.737     8.1057   3.271461     0.5731     0.5992     0.0128  0.1993538 0.0000e+00
       4568     23.759     8.1077   3.271944     0.5726     0.5989     0.0128  0.1985773 0.0000e+00
       4569     23.781     8.1097   3.272437     0.5722     0.5987     0.0128  0.1978080 0.0000e+00
       4570     23.803     8.1118   3.272940     0.5717     0.5985     0.0128  0.1970396 0.0000e+00
       4571     23.825     8.1139   3.273452     0.5713     0.5982     0.0128  0.1962659 0.0000e+00
       4572     23.847     8.1161   3.273975     0.5708     0.5980     0.0128  0.1954824 0.0000e+00
       4573     23.869     8.1183   3.274507     0.5704     0.5978     0.0128  0.1946845 0.0000e+00
       4574     23.891     8.1205   3.275047     0.5699     0.5975     0.0126  0.1938666 0.0000e+00
       4575     23.912     8.1228   3.275598     0.5695     0.5973     0.0128  0.1930231 0.0000e+00
       4576     23.934     8.1251   3.276159     0.5691     0.5971     0.0128  0.1921481 0.0000e+00
       4577     23.956     8.1275   3.276729     0.5687     0.5969     0.0128  0.1912363 0.0000e+00
       4578     23.977     8.1299   3.277309     0.5683     0.5966     0.0128  0.1902822 0.0000e+00
       4579     23.999     8.1323   3.277896     0.5678     0.5964     0.0128  0.1892793 0.0000e+00
       4580     24.021     8.1347   3.278489     0.5674     0.5962     0.0128  0.1882204 0.0000e+00
       4581     24.043     8.1372   3.279086     0.5670     0.5960     0.0128  0.1870975 0.0000e+00
       4582     24.064     8.1397   3.279688     0.5666     0.5958     0.0128  0.1859019 0.0000e+00
       4583     24.086     8.1422   3.280292     0.5662     0.5956     0.0128  0.1846260 0.0000e+00
       4584     24.108     8.1447   3.280897     0.5658     0.5953     0.0128  0.1832620 0.0000e+00
       4585     24.129     8.1472   3.281501     0.5654     0.5951     0.0128  0.1818001 0.0000e+00
       4586     24.151     8.1497   3.282105     0.5650     0.5949     0.0126  0.1802364 0.0000e+00
       4587     24.173     8.1523   3.282707     0.5646     0.5947     0.0112  0.1786107 0.0000e+00
       4588     24.194     8.1548   3.283307     0.5642     0.5945     0.0106  0.1770147 0.0000e+00
       4589     24.216     8.1573   3.283905     0.5638     0.5943     0.0106  0.1755145 0.0000e+00
       4590     24.238     8.1598   3.284500     0.5634     0.5941     0.0106  0.1741183 0.0000e+00
       4591     24.259     8.1623   3.285091     0.5630     0.5938     0.0106  0.1728131 0.0000e+00
       4592     24.281     8.1647   3.285678     0.5627     0.5936     0.0106  0.1715863 0.0000e+00
       4593     24.302     8.1672   3.286262     0.5623     0.5934     0.0106  0.1704285 0.0000e+00
       4594     24.324     8.1696   3.286841     0.5619     0.5932     0.0106  0.1693318 0.0000e+00
       4595     24.345     8.1721   3.287417     0.5615     0.5930     0.0106  0.1682885 0.0000e+00
       4596     24.367     8.1745   3.287989     0.5611     0.5929     0.0106  0.1672913 0.0000e+00
       4597     24.388     8.1769   3.288556     0.5607     0.5927     0.0106  0.1663342 0.0000e+00
       4598     24.410     8.1793   3.289120     0.5603     0.5925     0.0106  0.1654113 0.0000e+00
       4599     24.431     8.1817   3.289679     0.5600     0.5923     0.0106  0.1645154 0.0000e+00
       4600     24.453     8.1840   3.290232     0.5596     0.5921     0.0106  0.1636394 0.0000e+00
       4601     24.474     8.1864   3.290782     0.5592     0.5919     0.0106  0.1627771 0.0000e+00
       4602     24.496     8.1887   3.291326     0.5589     0.5917     0.0106  0.1619226 0.0000e+00
       4603     24.517     8.1910   3.291866     0.5585     0.5915     0.0106  0.1610700 0.0000e+00
       4604     24.538     8.1933   3.292401     0.5581     0.5913     0.0106  0.1602133 0.0000e+00
       4605     24.560     8.1956   3.292931     0.5578     0.5911     0.0106  0.1593466 0.0000e+00
       4606     24.581     8.1978   3.293456     0.5574     0.5909     0.0106  0.1584638 0.0000e+00
       4607     24.603     8.2000   3.293975     0.5571     0.5908     0.0106  0.1575588 0.0000e+00
       4608     24.624     8.2023   3.294489     0.5567     0.5906     0.0106  0.1566253 0.0000e+00
       4609     24.645     8.2045   3.294997     0.5564     0.5904     0.0106  0.1556567 0.0000e+00
       4610     24.667     8.2066   3.295499     0.5560     0.5902     0.0106  0.1546465 0.0000e+00
       4611     24.688     8.2088   3.295995     0.5557     0.5901     0.0106  0.1535874 0.0000e+00
       4612     24.710     8.2109   3.296486     0.5553     0.5899     0.0104  0.1524884 0.0000e+00
       4613     24.731     8.2131   3.296972     0.5550     0.5897     0.0101  0.1513927 0.0000e+00
       4614     24.752     8.2152   3.297453     0.5546     0.5896     0.0101  0.1503504 0.0000e+00
       4615     24.774     8.2172   3.297930     0.5543     0.5894     0.0101  0.1493816 0.0000e+00
       4616     24.795     8.2193   3.298401     0.5540     0.5892     0.0101  0.1484827 0.0000e+00
       4617     24.817     8.2213   3.298867     0.5536     0.5890     0.0101  0.1476460 0.0000e+00
       4618     24.838     8.2232   3.299328     0.5533     0.5889     0.0101  0.1468647 0.0000e+00
       4619     24.859     8.2252   3.299785     0.5530     0.5887     0.0101  0.1461334 0.0000e+00
       4620     24.881     8.2271   3.300236     0.5527     0.5885     0.0101  0.1454470 0.0000e+00
       4621     24.902     8.2290   3.300685     0.5523     0.5884     0.0101  0.1448007 0.0000e+00
       4622     24.923     8.2309   3.301130     0.5520     0.5882     0.0101  0.1441900 0.0000e+00
       4623     24.945     8.2328   3.301572     0.5517     0.5881     0.0101  0.1436107 0.0000e+00
       4624     24.966     8.2347   3.302012     0.5514     0.5879     0.0101  0.1430588 0.0000e+00
       4625     24.987     8.2365   3.302450     0.5510     0.5877     0.0101  0.1425312 0.0000e+00
       4626     25.008     8.2384   3.302885     0.5507     0.5876     0.0101  0.1420252 0.0000e+00
       4627     25.029     8.2402   3.303318     0.5504     0.5874     0.0101  0.1415363 0.0000e+00
       4628     25.051     8.2420   3.303748     0.5501     0.5872     0.0101  0.1410604 0.0000e+00
       4629     25.072     8.2438   3.304177     0.5498     0.5871     0.0101  0.1405941 0.0000e+00
       4630     25.093     8.2455   3.304603     0.5495     0.5869     0.0101  0.1401341 0.0000e+00
       4631     25.115     8.2473   3.305028     0.5492     0.5868     0.0101  0.1396773 0.0000e+00
       4632     25.136     8.2491   3.305452     0.5490     0.5866     0.0101  0.1392205 0.0000e+00
       4633     25.158     8.2508   3.305875     0.5487     0.5865     0.0101  0.1387605 0.0000e+00
       4634     25.179     8.2525   3.306298     0.5484     0.5863     0.0101  0.1382942 0.0000e+00
       4635     25.200     8.2543   3.306721     0.5481     0.5862     0.0101  0.1378182 0.0000e+00
       4636     25.222     8.2560   3.307145     0.5478     0.5860     0.0101  0.1373292 0.0000e+00
       4637     25.243     8.2578   3.307569     0.5475     0.5858     0.0101  0.1368247 0.0000e+00
       4638     25.265     8.2595   3.307994     0.5472     0.5857     0.0099  0.1363132 0.0000e+00
       4639     25.287     8.2613   3.308420     0.5469     0.5855     0.0099  0.1358156 0.0000e+00
       4640     25.308     8.2631   3.308848     0.5466     0.5854     0.0099  0.1353472 0.0000e+00
