code/data/2021/ctd_data_day2/station7_ctm_fil_le_der.cnv
* Sea-Bird SBE 9 Data File:
* FileName = C:\Users\CTD-User\Desktop\MAR440\day2\station7.hex
* Software Version Seasave V 7.26.2.13
* Temperature SN = 6313
* Conductivity SN = 4758
* Number of Bytes Per Scan = 37
* Number of Voltage Words = 4
* Number of Scans Averaged by the Deck Unit = 1
* NMEA Latitude = 58 19.09 N
* NMEA Longitude = 011 47.38 E
* NMEA UTC (Time) = Sep 22 2021 11:12:47
* NMEA baud rate = 4800
** Ship: Skagerrak
** Station: station7
** Operator: group1
# nquan = 13                                
# nvalues = 2736                        
# units = specified
# name 0 = scan: Scan Count
# name 1 = prDM: Pressure, Digiquartz [db]
# name 2 = t090C: Temperature [ITS-90, deg C]
# name 3 = c0S/m: Conductivity [S/m]
# name 4 = sbeox0V: Oxygen raw, SBE 43 [V]
# name 5 = sbeox1V: Oxygen raw, SBE 43, 2 [V]
# name 6 = flECO-AFL: Fluorescence, WET Labs ECO-AFL/FL [mg/m^3]
# name 7 = upoly0: Upoly 0, Turbidity
# name 8 = depSM: Depth [salt water, m], lat = 58.3182
# name 9 = sal00: Salinity, Practical [PSU]
# name 10 = sbeox0ML/L: Oxygen, SBE 43 [ml/l], WS = 2
# name 11 = sbeox1ML/L: Oxygen, SBE 43, 2 [ml/l], WS = 2
# name 12 = flag: flag
# span 0 =          1,       2736       
# span 1 =      0.803,     30.368       
# span 2 =     7.3535,    16.0306       
# span 3 =   2.942788,   3.785244       
# span 4 =     0.5864,     2.8350       
# span 5 =     0.6626,     2.7722       
# span 6 =     0.0035,     0.0123       
# span 7 =  0.0866458,  0.1647296       
# span 8 =      0.796,     30.084       
# span 9 =    23.0921,    32.0429       
# span 10 =     0.1903,     6.9243      
# span 11 =     0.5180,     5.8849      
# span 12 = 0.0000e+00, 0.0000e+00      
# interval = seconds: 0.0416667
# start_time = Sep 22 2021 11:12:47 [NMEA time, header]
# bad_flag = -9.990e-29
*END*
[from data line 112]
        113      1.541    14.8896   2.942876     2.8308     2.7686     0.0044  0.1561336      1.527    23.0927     6.9044     5.8729 -9.990e-29
        114      1.555    14.8896   2.942874     2.8308     2.7685     0.0044  0.1561614      1.541    23.0927     6.9042     5.8724 -9.990e-29
        115      1.570    14.8895   2.942871     2.8308     2.7685     0.0044  0.1561850      1.555    23.0927     6.9040     5.8721 -9.990e-29
        116      1.585    14.8895   2.942869     2.8307     2.7685     0.0044  0.1562046      1.570    23.0927     6.9035     5.8718 -9.990e-29
        117      1.600    14.8894   2.942866     2.8307     2.7684     0.0044  0.1562201      1.585    23.0927     6.9034     5.8712 -9.990e-29
        118      1.616    14.8894   2.942863     2.8307     2.7684     0.0044  0.1562318      1.601    23.0927     6.9033     5.8709 -9.990e-29
        119      1.632    14.8893   2.942860     2.8306     2.7683     0.0044  0.1562398      1.617    23.0927     6.9029     5.8703 -9.990e-29
        120      1.648    14.8892   2.942857     2.8306     2.7683     0.0044  0.1562441      1.633    23.0927     6.9027     5.8700 -9.990e-29
        121      1.664    14.8892   2.942855     2.8305     2.7683     0.0044  0.1562446      1.649    23.0927     6.9023     5.8697 -9.990e-29
        122      1.681    14.8891   2.942852     2.8305     2.7682     0.0044  0.1562415      1.665    23.0927     6.9022     5.8691 -9.990e-29
        123      1.698    14.8890   2.942850     2.8304     2.7682     0.0042  0.1562347      1.682    23.0928     6.9019     5.8688 -9.990e-29
        124      1.715    14.8890   2.942847     2.8304     2.7681     0.0044  0.1562242      1.699    23.0927     6.9018     5.8682 -9.990e-29
        125      1.732    14.8889   2.942845     2.8303     2.7681     0.0044  0.1562098      1.716    23.0928     6.9015     5.8679 -9.990e-29
        126      1.750    14.8889   2.942844     2.8303     2.7680     0.0044  0.1561915      1.734    23.0928     6.9014     5.8674 -9.990e-29
        127      1.768    14.8889   2.942843     2.8303     2.7679     0.0046  0.1561700      1.752    23.0928     6.9014     5.8668 -9.990e-29
        128      1.786    14.8888   2.942842     2.8302     2.7679     0.0046  0.1561478      1.769    23.0928     6.9011     5.8666 -9.990e-29
        129      1.805    14.8888   2.942843     2.8302     2.7678     0.0048  0.1561262      1.788    23.0928     6.9010     5.8661 -9.990e-29
        130      1.824    14.8889   2.942844     2.8302     2.7677     0.0046  0.1561053      1.807    23.0927     6.9010     5.8655 -9.990e-29
        131      1.843    14.8889   2.942847     2.8301     2.7677     0.0048  0.1560857      1.826    23.0928     6.9007     5.8653 -9.990e-29
        132      1.862    14.8889   2.942850     2.8301     2.7676     0.0046  0.1560681      1.845    23.0928     6.9007     5.8648 -9.990e-29
        133      1.881    14.8890   2.942855     2.8301     2.7675     0.0046  0.1560524      1.864    23.0928     6.9007     5.8644 -9.990e-29
        134      1.900    14.8890   2.942861     2.8301     2.7674     0.0048  0.1560376      1.882    23.0928     6.9007     5.8639 -9.990e-29
        135      1.920    14.8891   2.942868     2.8301     2.7672     0.0046  0.1560219      1.902    23.0928     6.9007     5.8632 -9.990e-29
        136      1.940    14.8892   2.942877     2.8300     2.7671     0.0048  0.1560053      1.922    23.0928     6.9004     5.8628 -9.990e-29
        137      1.960    14.8893   2.942889     2.8300     2.7670     0.0046  0.1559893      1.942    23.0929     6.9005     5.8624 -9.990e-29
        138      1.981    14.8895   2.942903     2.8300     2.7669     0.0048  0.1559746      1.963    23.0929     6.9004     5.8620 0.0000e+00
        139      2.001    14.8897   2.942920     2.8300     2.7668     0.0046  0.1559612      1.982    23.0929     6.9004     5.8616 0.0000e+00
        140      2.022    14.8899   2.942940     2.8299     2.7666     0.0048  0.1559480      2.003    23.0929     6.9001     5.8610 0.0000e+00
        141      2.043    14.8901   2.942964     2.8299     2.7665     0.0046  0.1559342      2.024    23.0930     6.9001     5.8607 0.0000e+00
        142      2.063    14.8904   2.942992     2.8299     2.7664     0.0048  0.1559197      2.044    23.0931     6.9001     5.8604 0.0000e+00
        143      2.084    14.8907   2.943023     2.8299     2.7663     0.0048  0.1559043      2.065    23.0932     6.9001     5.8600 0.0000e+00
        144      2.105    14.8910   2.943056     2.8299     2.7662     0.0046  0.1558889      2.085    23.0933     6.9001     5.8598 0.0000e+00
        145      2.126    14.8913   2.943090     2.8298     2.7660     0.0048  0.1558732      2.106    23.0934     6.8997     5.8592 0.0000e+00
        146      2.148    14.8916   2.943124     2.8298     2.7659     0.0048  0.1558564      2.128    23.0935     6.8997     5.8590 0.0000e+00
        147      2.169    14.8919   2.943158     2.8298     2.7658     0.0048  0.1558391      2.149    23.0936     6.8997     5.8588 0.0000e+00
        148      2.191    14.8922   2.943193     2.8298     2.7657     0.0048  0.1558213      2.171    23.0937     6.8997     5.8586 0.0000e+00
        149      2.213    14.8925   2.943228     2.8297     2.7656     0.0046  0.1558020      2.192    23.0938     6.8994     5.8584 0.0000e+00
        150      2.234    14.8928   2.943265     2.8297     2.7655     0.0048  0.1557819      2.213    23.0940     6.8994     5.8582 0.0000e+00
        151      2.256    14.8931   2.943301     2.8297     2.7654     0.0046  0.1557616      2.235    23.0941     6.8994     5.8581 0.0000e+00
        152      2.278    14.8934   2.943336     2.8296     2.7653     0.0048  0.1557420      2.257    23.0942     6.8991     5.8579 0.0000e+00
        153      2.300    14.8937   2.943369     2.8296     2.7652     0.0049  0.1557246      2.279    23.0943     6.8992     5.8578 0.0000e+00
        154      2.321    14.8940   2.943401     2.8296     2.7651     0.0049  0.1557109      2.299    23.0944     6.8992     5.8577 0.0000e+00
        155      2.343    14.8942   2.943432     2.8295     2.7650     0.0049  0.1557025      2.321    23.0946     6.8990     5.8576 0.0000e+00
        156      2.365    14.8945   2.943462     2.8295     2.7650     0.0049  0.1557003      2.343    23.0946     6.8990     5.8578 0.0000e+00
        157      2.387    14.8947   2.943492     2.8294     2.7649     0.0049  0.1557042      2.365    23.0948     6.8988     5.8577 0.0000e+00
        158      2.409    14.8949   2.943519     2.8294     2.7648     0.0049  0.1557135      2.387    23.0949     6.8988     5.8576 0.0000e+00
        159      2.431    14.8951   2.943545     2.8293     2.7647     0.0049  0.1557272      2.408    23.0950     6.8986     5.8575 0.0000e+00
        160      2.453    14.8953   2.943568     2.8293     2.7646     0.0049  0.1557464      2.430    23.0951     6.8987     5.8575 0.0000e+00
        161      2.475    14.8955   2.943588     2.8293     2.7646     0.0049  0.1557721      2.452    23.0951     6.8988     5.8576 0.0000e+00
        162      2.497    14.8956   2.943605     2.8292     2.7645     0.0049  0.1558036      2.474    23.0952     6.8985     5.8576 0.0000e+00
        163      2.519    14.8957   2.943619     2.8292     2.7644     0.0049  0.1558402      2.496    23.0952     6.8986     5.8575 0.0000e+00
        164      2.541    14.8958   2.943631     2.8291     2.7644     0.0049  0.1558822      2.517    23.0953     6.8985     5.8577 0.0000e+00
        165      2.563    14.8958   2.943640     2.8291     2.7643     0.0049  0.1559299      2.539    23.0954     6.8986     5.8576 0.0000e+00
        166      2.585    14.8959   2.943646     2.8291     2.7643     0.0049  0.1559844      2.561    23.0953     6.8987     5.8578 0.0000e+00
        167      2.607    14.8959   2.943650     2.8291     2.7642     0.0049  0.1560462      2.583    23.0954     6.8988     5.8577 0.0000e+00
        168      2.629    14.8959   2.943652     2.8291     2.7642     0.0049  0.1561141      2.605    23.0954     6.8989     5.8579 0.0000e+00
        169      2.651    14.8959   2.943652     2.8290     2.7641     0.0049  0.1561875      2.626    23.0954     6.8988     5.8578 0.0000e+00
        170      2.673    14.8959   2.943651     2.8290     2.7641     0.0049  0.1562670      2.648    23.0954     6.8989     5.8580 0.0000e+00
        171      2.695    14.8959   2.943649     2.8290     2.7640     0.0049  0.1563541      2.670    23.0953     6.8991     5.8579 0.0000e+00
        172      2.718    14.8958   2.943647     2.8290     2.7640     0.0049  0.1564510      2.693    23.0954     6.8992     5.8580 0.0000e+00
        173      2.740    14.8958   2.943646     2.8290     2.7639     0.0049  0.1565592      2.715    23.0954     6.8994     5.8579 0.0000e+00
        174      2.762    14.8957   2.943643     2.8291     2.7639     0.0049  0.1566796      2.736    23.0954     6.8998     5.8581 0.0000e+00
        175      2.784    14.8957   2.943640     2.8291     2.7638     0.0049  0.1568120      2.758    23.0953     6.9000     5.8579 0.0000e+00
        176      2.807    14.8956   2.943637     2.8291     2.7637     0.0049  0.1569566      2.781    23.0954     6.9001     5.8578 0.0000e+00
        177      2.829    14.8955   2.943633     2.8291     2.7637     0.0051  0.1571127      2.803    23.0954     6.9002     5.8579 0.0000e+00
        178      2.851    14.8955   2.943630     2.8291     2.7636     0.0055  0.1572728      2.824    23.0954     6.9003     5.8577 0.0000e+00
        179      2.873    14.8954   2.943627     2.8291     2.7636     0.0055  0.1574254      2.846    23.0954     6.9004     5.8578 0.0000e+00
        180      2.895    14.8954   2.943625     2.8291     2.7635     0.0055  0.1575638      2.868    23.0954     6.9005     5.8576 0.0000e+00
        181      2.917    14.8954   2.943624     2.8291     2.7634     0.0055  0.1576874      2.890    23.0953     6.9006     5.8574 0.0000e+00
        182      2.939    14.8954   2.943623     2.8291     2.7634     0.0055  0.1577969      2.912    23.0953     6.9006     5.8575 0.0000e+00
        183      2.962    14.8953   2.943622     2.8291     2.7633     0.0055  0.1578932      2.934    23.0954     6.9007     5.8574 0.0000e+00
        184      2.984    14.8953   2.943622     2.8290     2.7633     0.0055  0.1579768      2.956    23.0954     6.9004     5.8574 0.0000e+00
        185      3.006    14.8953   2.943622     2.8290     2.7633     0.0055  0.1580485      2.978    23.0954     6.9004     5.8575 0.0000e+00
        186      3.028    14.8953   2.943623     2.8290     2.7632     0.0055  0.1581086      3.000    23.0954     6.9004     5.8573 0.0000e+00
        187      3.051    14.8953   2.943624     2.8290     2.7632     0.0055  0.1581577      3.023    23.0954     6.9004     5.8574 0.0000e+00
        188      3.073    14.8953   2.943626     2.8290     2.7631     0.0055  0.1581960      3.044    23.0954     6.9004     5.8572 0.0000e+00
        189      3.095    14.8953   2.943629     2.8290     2.7631     0.0055  0.1582246      3.066    23.0954     6.9004     5.8573 0.0000e+00
        190      3.117    14.8953   2.943631     2.8290     2.7630     0.0055  0.1582447      3.088    23.0954     6.9004     5.8571 0.0000e+00
        191      3.139    14.8954   2.943636     2.8290     2.7630     0.0055  0.1582555      3.110    23.0954     6.9003     5.8572 0.0000e+00
        192      3.162    14.8954   2.943642     2.8290     2.7629     0.0055  0.1582562      3.133    23.0954     6.9003     5.8570 0.0000e+00
        193      3.184    14.8955   2.943651     2.8290     2.7629     0.0055  0.1582468      3.154    23.0954     6.9002     5.8571 0.0000e+00
        194      3.206    14.8956   2.943663     2.8290     2.7629     0.0055  0.1582273      3.176    23.0955     6.9001     5.8572 0.0000e+00
        195      3.228    14.8958   2.943679     2.8290     2.7628     0.0055  0.1581976      3.198    23.0955     6.9000     5.8570 0.0000e+00
        196      3.250    14.8959   2.943697     2.8290     2.7628     0.0055  0.1581573      3.220    23.0956     6.8999     5.8571 0.0000e+00
        197      3.272    14.8961   2.943718     2.8290     2.7627     0.0055  0.1581063      3.242    23.0956     6.8998     5.8570 0.0000e+00
        198      3.294    14.8963   2.943742     2.8289     2.7627     0.0055  0.1580442      3.263    23.0957     6.8994     5.8571 0.0000e+00
        199      3.316    14.8966   2.943769     2.8289     2.7626     0.0055  0.1579706      3.285    23.0958     6.8993     5.8569 0.0000e+00
        200      3.338    14.8968   2.943798     2.8289     2.7626     0.0055  0.1578849      3.307    23.0959     6.8993     5.8570 0.0000e+00
        201      3.360    14.8971   2.943829     2.8289     2.7625     0.0055  0.1577866      3.329    23.0960     6.8992     5.8569 0.0000e+00
        202      3.382    14.8974   2.943862     2.8288     2.7625     0.0055  0.1576749      3.351    23.0961     6.8989     5.8570 0.0000e+00
        203      3.404    14.8977   2.943896     2.8288     2.7624     0.0051  0.1575525      3.372    23.0962     6.8989     5.8568 0.0000e+00
        204      3.426    14.8979   2.943932     2.8288     2.7624     0.0048  0.1574287      3.394    23.0964     6.8989     5.8569 0.0000e+00
        205      3.447    14.8982   2.943967     2.8288     2.7623     0.0048  0.1573129      3.415    23.0965     6.8989     5.8568 0.0000e+00
        206      3.469    14.8985   2.944003     2.8288     2.7623     0.0048  0.1572077      3.437    23.0966     6.8990     5.8569 0.0000e+00
        207      3.491    14.8988   2.944040     2.8287     2.7623     0.0048  0.1571114      3.459    23.0968     6.8987     5.8570 0.0000e+00
        208      3.513    14.8991   2.944077     2.8287     2.7622     0.0048  0.1570225      3.480    23.0969     6.8988     5.8568 0.0000e+00
        209      3.535    14.8995   2.944115     2.8287     2.7622     0.0048  0.1569414      3.502    23.0970     6.8989     5.8569 0.0000e+00
        210      3.557    14.8998   2.944155     2.8287     2.7622     0.0048  0.1568682      3.524    23.0972     6.8990     5.8571 0.0000e+00
        211      3.579    14.9001   2.944196     2.8287     2.7622     0.0048  0.1568025      3.546    23.0973     6.8991     5.8572 0.0000e+00
        212      3.601    14.9005   2.944235     2.8287     2.7622     0.0048  0.1567429      3.568    23.0974     6.8992     5.8573 0.0000e+00
        213      3.623    14.9008   2.944273     2.8287     2.7621     0.0048  0.1566882      3.589    23.0976     6.8993     5.8571 0.0000e+00
        214      3.645    14.9011   2.944310     2.8286     2.7621     0.0048  0.1566389      3.611    23.0977     6.8992     5.8573 0.0000e+00
        215      3.667    14.9014   2.944346     2.8286     2.7621     0.0048  0.1565954      3.633    23.0978     6.8994     5.8574 0.0000e+00
        216      3.689    14.9017   2.944381     2.8286     2.7621     0.0048  0.1565575      3.655    23.0980     6.8996     5.8575 0.0000e+00
        217      3.711    14.9019   2.944415     2.8285     2.7621     0.0048  0.1565249      3.676    23.0981     6.8995     5.8576 0.0000e+00
        218      3.732    14.9022   2.944448     2.8285     2.7621     0.0048  0.1564974      3.697    23.0982     6.8997     5.8577 0.0000e+00
        219      3.754    14.9025   2.944481     2.8285     2.7621     0.0048  0.1564747      3.719    23.0983     6.9000     5.8578 0.0000e+00
        220      3.776    14.9027   2.944513     2.8285     2.7621     0.0048  0.1564568      3.741    23.0985     6.9002     5.8579 0.0000e+00
        221      3.798    14.9030   2.944545     2.8285     2.7621     0.0048  0.1564434      3.763    23.0986     6.9005     5.8580 0.0000e+00
        222      3.820    14.9033   2.944576     2.8285     2.7620     0.0048  0.1564346      3.784    23.0987     6.9008     5.8579 0.0000e+00
