code/data/2021/ctd_data_day2/station1_ctm.cnv
* Sea-Bird SBE 9 Data File:
* FileName = C:\Users\CTD-User\Desktop\MAR440\day2\station1.hex
* Software Version Seasave V 7.26.2.13
* Temperature SN = 6313
* Conductivity SN = 4758
* Number of Bytes Per Scan = 37
* Number of Voltage Words = 4
* Number of Scans Averaged by the Deck Unit = 1
* NMEA Latitude = 58 20.54 N
* NMEA Longitude = 011 54.21 E
* NMEA UTC (Time) = Sep 22 2021 08:39:44
* NMEA baud rate = 4800
** Ship: Skagerak
** Station: 1
** Operator: JD
# nquan = 9
# nvalues = 2892                        
# units = specified
# name 0 = scan: Scan Count
# name 1 = prDM: Pressure, Digiquartz [db]
# name 2 = t090C: Temperature [ITS-90, deg C]
# name 3 = c0S/m: Conductivity [S/m]
# name 4 = sbeox0V: Oxygen raw, SBE 43 [V]
# name 5 = sbeox1V: Oxygen raw, SBE 43, 2 [V]
# name 6 = flECO-AFL: Fluorescence, WET Labs ECO-AFL/FL [mg/m^3]
# name 7 = upoly0: Upoly 0, Turbidity
# name 8 = flag:  0.000e+00
# span 0 =          1,       2892       
# span 1 =      0.589,     14.316       
# span 2 =    12.0823,    16.0740       
# span 3 =   2.891024,   3.411059       
# span 4 =     1.5872,     2.8523       
# span 5 =     1.5506,     2.7338       
# span 6 =     0.0046,     0.0064       
# span 7 =  0.0927924,  0.1938913       
# span 8 = 0.0000e+00, 0.0000e+00       
# interval = seconds: 0.0416667
# start_time = Sep 22 2021 08:39:44 [NMEA time, header]
# bad_flag = -9.990e-29
*END*
[from data line 801]
        802      2.037    15.1293   2.942403     2.7802     2.6850     0.0048  0.1675177 0.0000e+00
        803      2.062    15.1283   2.942406     2.7778     2.6850     0.0048  0.1675177 0.0000e+00
        804      2.037    15.1278   2.942278     2.7778     2.6850     0.0048  0.1675177 0.0000e+00
        805      2.062    15.1273   2.942155     2.7778     2.6850     0.0048  0.1675177 0.0000e+00
        806      2.037    15.1264   2.941733     2.7778     2.6850     0.0048  0.1670293 0.0000e+00
        807      2.062    15.1257   2.941539     2.7790     2.6850     0.0048  0.1675177 0.0000e+00
        808      2.037    15.1261   2.941788     2.7778     2.6850     0.0049  0.1724017 0.0000e+00
        809      2.004    15.1261   2.941854     2.7778     2.6850     0.0051  0.1753321 0.0000e+00
        810      2.037    15.1263   2.941934     2.7778     2.6850     0.0051  0.1758205 0.0000e+00
        811      2.061    15.1261   2.941817     2.7778     2.6850     0.0051  0.1758205 0.0000e+00
        812      2.036    15.1261   2.941934     2.7790     2.6850     0.0051  0.1753321 0.0000e+00
        813      2.061    15.1261   2.942071     2.7778     2.6850     0.0051  0.1753321 0.0000e+00
        814      2.036    15.1254   2.942053     2.7778     2.6850     0.0051  0.1753321 0.0000e+00
        815      2.003    15.1245   2.941978     2.7778     2.6850     0.0051  0.1753321 0.0000e+00
        816      2.036    15.1242   2.941955     2.7778     2.6850     0.0051  0.1753321 0.0000e+00
        817      2.061    15.1239   2.941856     2.7814     2.6850     0.0051  0.1753321 0.0000e+00
        818      2.036    15.1237   2.941800     2.7790     2.6850     0.0051  0.1753321 0.0000e+00
        819      2.003    15.1234   2.941624     2.7778     2.6850     0.0051  0.1753321 0.0000e+00
        820      2.036    15.1235   2.941509     2.7778     2.6850     0.0051  0.1753321 0.0000e+00
        821      2.003    15.1235   2.941449     2.7814     2.6850     0.0051  0.1753321 0.0000e+00
        822      2.036    15.1230   2.941371     2.7802     2.6850     0.0051  0.1753321 0.0000e+00
        823      2.060    15.1227   2.941309     2.7790     2.6850     0.0051  0.1753321 0.0000e+00
        824      1.970    15.1226   2.941314     2.7790     2.6850     0.0051  0.1753321 0.0000e+00
        825      2.003    15.1226   2.941282     2.7790     2.6850     0.0051  0.1753321 0.0000e+00
        826      2.036    15.1227   2.941063     2.7814     2.6850     0.0051  0.1753321 0.0000e+00
        827      2.060    15.1220   2.940852     2.7802     2.6850     0.0051  0.1753321 0.0000e+00
        828      1.970    15.1212   2.940574     2.7790     2.6850     0.0051  0.1753321 0.0000e+00
        829      2.060    15.1200   2.940245     2.7790     2.6850     0.0051  0.1753321 0.0000e+00
        830      2.035    15.1187   2.940141     2.7790     2.6850     0.0051  0.1753321 0.0000e+00
        831      2.002    15.1171   2.939982     2.7814     2.6862     0.0051  0.1753321 0.0000e+00
        832      1.969    15.1170   2.939817     2.7802     2.6850     0.0051  0.1753321 0.0000e+00
        833      2.060    15.1168   2.939712     2.7790     2.6862     0.0051  0.1748437 0.0000e+00
        834      2.035    15.1171   2.939588     2.7814     2.6862     0.0051  0.1728901 0.0000e+00
        835      2.002    15.1171   2.939494     2.7802     2.6862     0.0051  0.1724017 0.0000e+00
        836      2.035    15.1168   2.939510     2.7814     2.6862     0.0051  0.1724017 0.0000e+00
        837      2.002    15.1166   2.939548     2.7814     2.6850     0.0051  0.1724017 0.0000e+00
        838      1.969    15.1170   2.939579     2.7814     2.6862     0.0051  0.1724017 0.0000e+00
        839      2.060    15.1171   2.939563     2.7814     2.6862     0.0051  0.1724017 0.0000e+00
        840      1.969    15.1168   2.939556     2.7814     2.6862     0.0051  0.1728901 0.0000e+00
        841      2.059    15.1175   2.939537     2.7827     2.6862     0.0051  0.1724017 0.0000e+00
        842      1.969    15.1173   2.939532     2.7814     2.6862     0.0051  0.1724017 0.0000e+00
        843      2.002    15.1158   2.939406     2.7827     2.6862     0.0051  0.1724017 0.0000e+00
        844      2.034    15.1139   2.939250     2.7827     2.6862     0.0051  0.1724017 0.0000e+00
        845      2.001    15.1131   2.939193     2.7839     2.6862     0.0051  0.1724017 0.0000e+00
        846      2.034    15.1126   2.939048     2.7814     2.6862     0.0051  0.1724017 0.0000e+00
        847      2.001    15.1126   2.939055     2.7827     2.6874     0.0051  0.1724017 0.0000e+00
        848      1.968    15.1127   2.938973     2.7827     2.6874     0.0051  0.1724017 0.0000e+00
        849      2.001    15.1127   2.938925     2.7827     2.6874     0.0051  0.1724017 0.0000e+00
        850      2.034    15.1134   2.938840     2.7851     2.6874     0.0051  0.1728901 0.0000e+00
        851      1.943    15.1139   2.938815     2.7839     2.6874     0.0051  0.1724017 0.0000e+00
        852      2.034    15.1137   2.938671     2.7827     2.6874     0.0051  0.1724017 0.0000e+00
        853      2.001    15.1129   2.938454     2.7827     2.6874     0.0051  0.1724017 0.0000e+00
        854      1.968    15.1119   2.938330     2.7827     2.6874     0.0051  0.1724017 0.0000e+00
        855      2.001    15.1115   2.938104     2.7876     2.6874     0.0051  0.1724017 0.0000e+00
        856      1.968    15.1109   2.937936     2.7851     2.6874     0.0051  0.1728901 0.0000e+00
        857      2.001    15.1097   2.937789     2.7827     2.6874     0.0051  0.1724017 0.0000e+00
        858      1.968    15.1085   2.937604     2.7827     2.6874     0.0051  0.1724017 0.0000e+00
        859      2.001    15.1077   2.937404     2.7851     2.6874     0.0051  0.1733785 0.0000e+00
        860      1.967    15.1061   2.937216     2.7863     2.6887     0.0049  0.1738669 0.0000e+00
        861      1.943    15.1063   2.937026     2.7839     2.6887     0.0049  0.1738669 0.0000e+00
        862      2.033    15.1061   2.936899     2.7863     2.6887     0.0049  0.1738669 0.0000e+00
        863      1.943    15.1061   2.936860     2.7839     2.6887     0.0049  0.1738669 0.0000e+00
        864      1.967    15.1055   2.936826     2.7863     2.6874     0.0049  0.1738669 0.0000e+00
        865      2.000    15.1048   2.936500     2.7863     2.6874     0.0049  0.1743553 0.0000e+00
        866      1.967    15.1041   2.936184     2.7851     2.6887     0.0049  0.1738669 0.0000e+00
        867      2.000    15.1034   2.936017     2.7863     2.6887     0.0049  0.1738669 0.0000e+00
        868      1.967    15.1029   2.935879     2.7863     2.6887     0.0049  0.1738669 0.0000e+00
        869      2.000    15.1028   2.935725     2.7863     2.6887     0.0049  0.1743553 0.0000e+00
        870      1.967    15.1022   2.935641     2.7863     2.6887     0.0049  0.1738669 0.0000e+00
        871      1.942    15.1014   2.935495     2.7863     2.6887     0.0049  0.1738669 0.0000e+00
        872      1.967    15.1006   2.935394     2.7851     2.6887     0.0049  0.1738669 0.0000e+00
        873      2.000    15.0997   2.935144     2.7863     2.6887     0.0049  0.1743553 0.0000e+00
        874      1.967    15.0984   2.934837     2.7863     2.6887     0.0049  0.1738669 0.0000e+00
        875      1.942    15.0974   2.934680     2.7876     2.6887     0.0049  0.1738669 0.0000e+00
        876      2.032    15.0972   2.934526     2.7863     2.6887     0.0049  0.1738669 0.0000e+00
        877      1.942    15.0974   2.934467     2.7863     2.6887     0.0049  0.1738669 0.0000e+00
        878      1.966    15.0971   2.934395     2.7851     2.6899     0.0049  0.1743553 0.0000e+00
        879      1.941    15.0982   2.934422     2.7876     2.6899     0.0049  0.1743553 0.0000e+00
        880      1.966    15.0979   2.934455     2.7863     2.6887     0.0049  0.1738669 0.0000e+00
        881      1.999    15.0964   2.934274     2.7863     2.6887     0.0049  0.1738669 0.0000e+00
        882      1.966    15.0953   2.934216     2.7863     2.6899     0.0049  0.1738669 0.0000e+00
        883      1.999    15.0958   2.934153     2.7863     2.6887     0.0049  0.1743553 0.0000e+00
        884      1.966    15.0964   2.934057     2.7876     2.6899     0.0049  0.1753321 0.0000e+00
        885      1.941    15.0965   2.934069     2.7863     2.6899     0.0049  0.1782625 0.0000e+00
        886      1.966    15.0962   2.934146     2.7863     2.6899     0.0049  0.1787509 0.0000e+00
        887      1.941    15.0945   2.934178     2.7863     2.6899     0.0049  0.1787509 0.0000e+00
        888      1.966    15.0940   2.934166     2.7876     2.6899     0.0049  0.1787509 0.0000e+00
        889      1.999    15.0930   2.933762     2.7888     2.6899     0.0049  0.1787509 0.0000e+00
        890      1.965    15.0923   2.933507     2.7876     2.6899     0.0049  0.1787509 0.0000e+00
        891      1.941    15.0921   2.933512     2.7863     2.6899     0.0049  0.1787509 0.0000e+00
        892      1.965    15.0914   2.933461     2.7863     2.6899     0.0049  0.1787509 0.0000e+00
        893      1.941    15.0898   2.933225     2.7888     2.6899     0.0049  0.1787509 0.0000e+00
        894      1.965    15.0874   2.932903     2.7888     2.6911     0.0049  0.1787509 0.0000e+00
        895      1.940    15.0860   2.932634     2.7876     2.6911     0.0049  0.1787509 0.0000e+00
        896      1.965    15.0866   2.932451     2.7863     2.6911     0.0049  0.1787509 0.0000e+00
        897      1.940    15.0871   2.932349     2.7863     2.6911     0.0049  0.1787509 0.0000e+00
        898      1.965    15.0869   2.932382     2.7888     2.6923     0.0049  0.1787509 0.0000e+00
        899      1.940    15.0864   2.932432     2.7888     2.6923     0.0049  0.1787509 0.0000e+00
        900      1.965    15.0860   2.932541     2.7876     2.6923     0.0049  0.1787509 0.0000e+00
        901      1.940    15.0862   2.932619     2.7876     2.6923     0.0049  0.1787509 0.0000e+00
        902      1.965    15.0867   2.932513     2.7876     2.6923     0.0049  0.1787509 0.0000e+00
        903      1.940    15.0862   2.932555     2.7888     2.6923     0.0049  0.1787509 0.0000e+00
        904      1.965    15.0866   2.932541     2.7888     2.6935     0.0049  0.1787509 0.0000e+00
        905      1.940    15.0871   2.932533     2.7876     2.6935     0.0049  0.1787509 0.0000e+00
        906      1.964    15.0874   2.932722     2.7876     2.6935     0.0049  0.1787509 0.0000e+00
        907      1.940    15.0878   2.932845     2.7876     2.6935     0.0049  0.1787509 0.0000e+00
        908      1.907    15.0876   2.932824     2.7912     2.6960     0.0049  0.1787509 0.0000e+00
        909      1.997    15.0872   2.932872     2.7888     2.6960     0.0049  0.1787509 0.0000e+00
        910      1.964    15.0881   2.932898     2.7876     2.6960     0.0049  0.1772857 0.0000e+00
        911      1.939    15.0896   2.932922     2.7876     2.6960     0.0049  0.1758205 0.0000e+00
        912      2.030    15.0898   2.932918     2.7888     2.6948     0.0049  0.1758205 0.0000e+00
        913      1.997    15.0896   2.932946     2.7912     2.6960     0.0049  0.1758205 0.0000e+00
        914      1.939    15.0891   2.933060     2.7888     2.6960     0.0049  0.1758205 0.0000e+00
        915      2.088    15.0887   2.932971     2.7888     2.6960     0.0049  0.1758205 0.0000e+00
        916      1.997    15.0874   2.932802     2.7888     2.6960     0.0049  0.1758205 0.0000e+00
        917      1.964    15.0874   2.932682     2.7900     2.6960     0.0049  0.1758205 0.0000e+00
        918      2.054    15.0876   2.932700     2.7912     2.6972     0.0049  0.1758205 0.0000e+00
        919      1.964    15.0891   2.932839     2.7888     2.6972     0.0049  0.1758205 0.0000e+00
        920      2.054    15.0914   2.933322     2.7888     2.6972     0.0049  0.1758205 0.0000e+00
        921      1.963    15.0926   2.933778     2.7900     2.6972     0.0049  0.1758205 0.0000e+00
        922      2.120    15.0926   2.934147     2.7912     2.6972     0.0049  0.1758205 0.0000e+00
        923      2.029    15.0923   2.934278     2.7912     2.6972     0.0049  0.1758205 0.0000e+00
        924      2.120    15.0938   2.934483     2.7900     2.6972     0.0049  0.1758205 0.0000e+00
        925      2.029    15.0972   2.934805     2.7900     2.6972     0.0049  0.1758205 0.0000e+00
        926      2.120    15.1006   2.935418     2.7900     2.6972     0.0049  0.1758205 0.0000e+00
        927      2.087    15.1036   2.935926     2.7924     2.6972     0.0049  0.1758205 0.0000e+00
        928      2.120    15.1053   2.936489     2.7924     2.6972     0.0049  0.1758205 0.0000e+00
        929      2.087    15.1068   2.936693     2.7912     2.6984     0.0049  0.1758205 0.0000e+00
        930      2.177    15.1080   2.936731     2.7912     2.6984     0.0049  0.1758205 0.0000e+00
        931      2.086    15.1088   2.936311     2.7912     2.6984     0.0049  0.1758205 0.0000e+00
        932      2.177    15.1090   2.936164     2.7937     2.6984     0.0049  0.1758205 0.0000e+00
        933      2.144    15.1092   2.936330     2.7924     2.6984     0.0049  0.1758205 0.0000e+00
        934      2.177    15.1095   2.936909     2.7924     2.6984     0.0049  0.1758205 0.0000e+00
        935      2.210    15.1092   2.937261     2.7912     2.6984     0.0051  0.1758205 0.0000e+00
        936      2.177    15.1095   2.937311     2.7924     2.6984     0.0053  0.1758205 0.0000e+00
        937      2.210    15.1102   2.937182     2.7937     2.6984     0.0053  0.1763089 0.0000e+00
        938      2.243    15.1104   2.937178     2.7937     2.6984     0.0053  0.1763089 0.0000e+00
        939      2.210    15.1107   2.937345     2.7924     2.6996     0.0053  0.1763089 0.0000e+00
        940      2.300    15.1109   2.937467     2.7924     2.6996     0.0053  0.1763089 0.0000e+00
        941      2.209    15.1114   2.937557     2.7937     2.6984     0.0053  0.1763089 0.0000e+00
        942      2.300    15.1107   2.937698     2.7949     2.6996     0.0053  0.1763089 0.0000e+00
        943      2.267    15.1109   2.937875     2.7937     2.6996     0.0053  0.1763089 0.0000e+00
        944      2.300    15.1109   2.937952     2.7937     2.7009     0.0053  0.1763089 0.0000e+00
        945      2.267    15.1114   2.938064     2.7937     2.6996     0.0053  0.1763089 0.0000e+00
        946      2.357    15.1122   2.938277     2.7973     2.6996     0.0053  0.1763089 0.0000e+00
        947      2.267    15.1134   2.938497     2.7961     2.6996     0.0053  0.1763089 0.0000e+00
        948      2.357    15.1164   2.938812     2.7949     2.6996     0.0053  0.1763089 0.0000e+00
        949      2.333    15.1195   2.939462     2.7949     2.6996     0.0053  0.1763089 0.0000e+00
        950      2.357    15.1205   2.940082     2.7961     2.6996     0.0053  0.1763089 0.0000e+00
        951      2.390    15.1203   2.940472     2.7973     2.6996     0.0053  0.1763089 0.0000e+00
        952      2.357    15.1208   2.940639     2.7961     2.6996     0.0053  0.1763089 0.0000e+00
        953      2.390    15.1220   2.940589     2.7961     2.6996     0.0053  0.1763089 0.0000e+00
        954      2.423    15.1234   2.940733     2.7961     2.6996     0.0053  0.1763089 0.0000e+00
        955      2.390    15.1244   2.941033     2.7961     2.6996     0.0053  0.1758205 0.0000e+00
        956      2.448    15.1252   2.941285     2.7973     2.6996     0.0053  0.1763089 0.0000e+00
        957      2.423    15.1256   2.941462     2.7973     2.6996     0.0053  0.1763089 0.0000e+00
        958      2.447    15.1263   2.941465     2.7961     2.6996     0.0053  0.1763089 0.0000e+00
        959      2.480    15.1281   2.941808     2.7961     2.6996     0.0053  0.1763089 0.0000e+00
        960      2.447    15.1308   2.942391     2.7973     2.6984     0.0053  0.1758205 0.0000e+00
