code/data/2021/ctd_data_day2/station10_ctm_fil_le.cnv
* Sea-Bird SBE 9 Data File:
* FileName = C:\Users\CTD-User\Desktop\MAR440\day2\station10.hex
* Software Version Seasave V 7.26.2.13
* Temperature SN = 6313
* Conductivity SN = 4758
* Number of Bytes Per Scan = 37
* Number of Voltage Words = 4
* Number of Scans Averaged by the Deck Unit = 1
* NMEA Latitude = 58 20.25 N
* NMEA Longitude = 011 53.24 E
* NMEA UTC (Time) = Sep 22 2021 12:19:36
* NMEA baud rate = 4800
** Ship: Skagerrak
** Station: station10
** Operator: group2green
# nquan = 9
# nvalues = 2945                        
# units = specified
# name 0 = scan: Scan Count
# name 1 = prDM: Pressure, Digiquartz [db]
# name 2 = t090C: Temperature [ITS-90, deg C]
# name 3 = c0S/m: Conductivity [S/m]
# name 4 = sbeox0V: Oxygen raw, SBE 43 [V]
# name 5 = sbeox1V: Oxygen raw, SBE 43, 2 [V]
# name 6 = flECO-AFL: Fluorescence, WET Labs ECO-AFL/FL [mg/m^3]
# name 7 = upoly0: Upoly 0, Turbidity
# name 8 = flag:  0.000e+00
# span 0 =          1,       2945       
# span 1 =      1.437,     39.632       
# span 2 =     7.9679,    15.8524       
# span 3 =   2.829968,   3.458167       
# span 4 =     0.4799,     2.9159       
# span 5 =     0.5511,     2.8625       
# span 6 =     0.0033,     0.0148       
# span 7 =  0.0884141,  0.2199261       
# span 8 = 0.0000e+00, 0.0000e+00       
# interval = seconds: 0.0416667
# start_time = Sep 22 2021 12:19:36 [NMEA time, header]
# bad_flag = -9.990e-29
*END*
[from data line 2561]
       2562     33.774     8.7058   3.411607     0.4905     0.5641     0.0048  0.1134297 0.0000e+00
       2563     33.797     8.7058   3.411644     0.4904     0.5641     0.0048  0.1134426 0.0000e+00
       2564     33.819     8.7057   3.411680     0.4904     0.5641     0.0048  0.1134581 0.0000e+00
       2565     33.842     8.7057   3.411713     0.4904     0.5640     0.0048  0.1134755 0.0000e+00
       2566     33.865     8.7056   3.411744     0.4903     0.5640     0.0046  0.1134941 0.0000e+00
       2567     33.887     8.7056   3.411772     0.4903     0.5639     0.0044  0.1135131 0.0000e+00
       2568     33.910     8.7055   3.411797     0.4903     0.5639     0.0044  0.1135311 0.0000e+00
       2569     33.932     8.7054   3.411821     0.4902     0.5639     0.0044  0.1135472 0.0000e+00
       2570     33.955     8.7053   3.411844     0.4902     0.5638     0.0044  0.1135616 0.0000e+00
       2571     33.977     8.7053   3.411866     0.4902     0.5638     0.0044  0.1135744 0.0000e+00
       2572     33.999     8.7052   3.411887     0.4901     0.5637     0.0044  0.1135856 0.0000e+00
       2573     34.022     8.7051   3.411909     0.4901     0.5637     0.0044  0.1135955 0.0000e+00
       2574     34.044     8.7050   3.411931     0.4900     0.5637     0.0044  0.1136039 0.0000e+00
       2575     34.066     8.7049   3.411952     0.4900     0.5636     0.0044  0.1136110 0.0000e+00
       2576     34.088     8.7049   3.411972     0.4900     0.5636     0.0044  0.1136169 0.0000e+00
       2577     34.111     8.7048   3.411992     0.4899     0.5635     0.0044  0.1136224 0.0000e+00
       2578     34.133     8.7047   3.412011     0.4899     0.5635     0.0044  0.1136283 0.0000e+00
       2579     34.155     8.7046   3.412030     0.4898     0.5635     0.0044  0.1136340 0.0000e+00
       2580     34.177     8.7046   3.412049     0.4898     0.5634     0.0044  0.1136386 0.0000e+00
       2581     34.200     8.7045   3.412068     0.4897     0.5634     0.0044  0.1136429 0.0000e+00
       2582     34.222     8.7044   3.412087     0.4897     0.5633     0.0044  0.1136487 0.0000e+00
       2583     34.244     8.7044   3.412107     0.4897     0.5633     0.0044  0.1136561 0.0000e+00
       2584     34.266     8.7043   3.412127     0.4896     0.5632     0.0044  0.1136634 0.0000e+00
       2585     34.287     8.7043   3.412149     0.4896     0.5632     0.0044  0.1136697 0.0000e+00
       2586     34.309     8.7043   3.412171     0.4895     0.5631     0.0044  0.1136752 0.0000e+00
       2587     34.331     8.7042   3.412194     0.4895     0.5631     0.0044  0.1136808 0.0000e+00
       2588     34.353     8.7042   3.412219     0.4895     0.5630     0.0044  0.1136872 0.0000e+00
       2589     34.375     8.7042   3.412244     0.4894     0.5630     0.0044  0.1136938 0.0000e+00
       2590     34.396     8.7042   3.412271     0.4894     0.5630     0.0044  0.1136996 0.0000e+00
       2591     34.418     8.7042   3.412298     0.4894     0.5629     0.0044  0.1137048 0.0000e+00
       2592     34.440     8.7043   3.412326     0.4893     0.5629     0.0042  0.1137094 0.0000e+00
       2593     34.462     8.7043   3.412356     0.4893     0.5628     0.0042  0.1137134 0.0000e+00
       2594     34.483     8.7043   3.412387     0.4893     0.5628     0.0042  0.1137168 0.0000e+00
       2595     34.505     8.7044   3.412419     0.4892     0.5628     0.0042  0.1137197 0.0000e+00
       2596     34.526     8.7044   3.412452     0.4892     0.5627     0.0042  0.1137221 0.0000e+00
       2597     34.547     8.7045   3.412487     0.4892     0.5627     0.0042  0.1137240 0.0000e+00
       2598     34.569     8.7046   3.412521     0.4891     0.5627     0.0042  0.1137254 0.0000e+00
       2599     34.590     8.7047   3.412556     0.4891     0.5626     0.0042  0.1137263 0.0000e+00
       2600     34.611     8.7047   3.412591     0.4890     0.5626     0.0042  0.1137267 0.0000e+00
       2601     34.632     8.7048   3.412626     0.4890     0.5626     0.0042  0.1137276 0.0000e+00
       2602     34.653     8.7049   3.412659     0.4890     0.5625     0.0042  0.1137297 0.0000e+00
       2603     34.674     8.7050   3.412692     0.4889     0.5625     0.0042  0.1137321 0.0000e+00
       2604     34.695     8.7051   3.412724     0.4888     0.5625     0.0042  0.1137342 0.0000e+00
       2605     34.716     8.7051   3.412756     0.4888     0.5624     0.0042  0.1137358 0.0000e+00
       2606     34.736     8.7052   3.412788     0.4887     0.5624     0.0042  0.1137371 0.0000e+00
       2607     34.757     8.7053   3.412821     0.4887     0.5624     0.0042  0.1137379 0.0000e+00
       2608     34.778     8.7054   3.412855     0.4886     0.5623     0.0042  0.1137384 0.0000e+00
       2609     34.798     8.7055   3.412888     0.4886     0.5623     0.0042  0.1137384 0.0000e+00
       2610     34.819     8.7056   3.412922     0.4885     0.5622     0.0042  0.1137381 0.0000e+00
       2611     34.839     8.7057   3.412956     0.4885     0.5622     0.0042  0.1137374 0.0000e+00
       2612     34.859     8.7058   3.412989     0.4884     0.5621     0.0042  0.1137363 0.0000e+00
       2613     34.880     8.7059   3.413021     0.4884     0.5621     0.0042  0.1137348 0.0000e+00
       2614     34.900     8.7060   3.413053     0.4883     0.5620     0.0042  0.1137338 0.0000e+00
       2615     34.920     8.7061   3.413084     0.4882     0.5620     0.0042  0.1137340 0.0000e+00
       2616     34.939     8.7061   3.413113     0.4882     0.5619     0.0042  0.1137347 0.0000e+00
       2617     34.959     8.7062   3.413142     0.4881     0.5619     0.0044  0.1137349 0.0000e+00
       2618     34.979     8.7063   3.413169     0.4881     0.5618     0.0046  0.1137348 0.0000e+00
       2619     34.998     8.7064   3.413196     0.4881     0.5618     0.0046  0.1137342 0.0000e+00
       2620     35.017     8.7064   3.413221     0.4880     0.5617     0.0046  0.1137341 0.0000e+00
       2621     35.036     8.7065   3.413245     0.4880     0.5617     0.0046  0.1137352 0.0000e+00
       2622     35.055     8.7066   3.413268     0.4879     0.5616     0.0046  0.1137368 0.0000e+00
       2623     35.074     8.7066   3.413291     0.4879     0.5616     0.0046  0.1137389 0.0000e+00
       2624     35.092     8.7067   3.413313     0.4878     0.5615     0.0046  0.1137422 0.0000e+00
       2625     35.111     8.7068   3.413336     0.4878     0.5615     0.0046  0.1137469 0.0000e+00
       2626     35.129     8.7068   3.413359     0.4878     0.5614     0.0046  0.1137530 0.0000e+00
       2627     35.147     8.7069   3.413383     0.4877     0.5614     0.0046  0.1137605 0.0000e+00
       2628     35.165     8.7070   3.413408     0.4877     0.5614     0.0046  0.1137695 0.0000e+00
       2629     35.183     8.7071   3.413433     0.4876     0.5613     0.0046  0.1137791 0.0000e+00
       2630     35.200     8.7071   3.413460     0.4876     0.5613     0.0046  0.1137887 0.0000e+00
       2631     35.217     8.7072   3.413488     0.4876     0.5612     0.0046  0.1137982 0.0000e+00
       2632     35.235     8.7073   3.413517     0.4875     0.5612     0.0046  0.1138086 0.0000e+00
       2633     35.251     8.7074   3.413546     0.4875     0.5611     0.0046  0.1138207 0.0000e+00
       2634     35.268     8.7074   3.413576     0.4874     0.5611     0.0046  0.1138348 0.0000e+00
       2635     35.285     8.7075   3.413606     0.4874     0.5610     0.0046  0.1138509 0.0000e+00
       2636     35.301     8.7076   3.413636     0.4873     0.5610     0.0046  0.1138682 0.0000e+00
       2637     35.317     8.7076   3.413666     0.4872     0.5609     0.0046  0.1138860 0.0000e+00
       2638     35.333     8.7077   3.413695     0.4872     0.5609     0.0046  0.1139045 0.0000e+00
       2639     35.350     8.7077   3.413723     0.4872     0.5608     0.0046  0.1139246 0.0000e+00
       2640     35.365     8.7078   3.413751     0.4871     0.5608     0.0046  0.1139473 0.0000e+00
       2641     35.381     8.7078   3.413778     0.4871     0.5607     0.0046  0.1139719 0.0000e+00
       2642     35.397     8.7079   3.413805     0.4870     0.5607     0.0044  0.1139978 0.0000e+00
       2643     35.412     8.7079   3.413830     0.4870     0.5606     0.0040  0.1140242 0.0000e+00
       2644     35.427     8.7080   3.413856     0.4870     0.5606     0.0040  0.1140497 0.0000e+00
       2645     35.443     8.7080   3.413881     0.4869     0.5605     0.0040  0.1140735 0.0000e+00
       2646     35.458     8.7080   3.413906     0.4869     0.5605     0.0040  0.1140960 0.0000e+00
       2647     35.472     8.7080   3.413931     0.4869     0.5604     0.0040  0.1141171 0.0000e+00
       2648     35.487     8.7080   3.413957     0.4868     0.5604     0.0040  0.1141371 0.0000e+00
       2649     35.502     8.7081   3.413983     0.4868     0.5604     0.0040  0.1141560 0.0000e+00
       2650     35.517     8.7081   3.414010     0.4868     0.5603     0.0040  0.1141741 0.0000e+00
       2651     35.531     8.7081   3.414036     0.4867     0.5603     0.0040  0.1141914 0.0000e+00
       2652     35.546     8.7081   3.414063     0.4867     0.5602     0.0040  0.1142081 0.0000e+00
       2653     35.560     8.7081   3.414089     0.4867     0.5602     0.0040  0.1142243 0.0000e+00
       2654     35.574     8.7081   3.414116     0.4867     0.5602     0.0040  0.1142401 0.0000e+00
       2655     35.589     8.7081   3.414143     0.4866     0.5601     0.0040  0.1142556 0.0000e+00
       2656     35.603     8.7081   3.414169     0.4866     0.5601     0.0040  0.1142709 0.0000e+00
       2657     35.617     8.7081   3.414195     0.4866     0.5601     0.0040  0.1142862 0.0000e+00
       2658     35.632     8.7080   3.414221     0.4865     0.5600     0.0040  0.1143014 0.0000e+00
       2659     35.646     8.7080   3.414246     0.4865     0.5600     0.0040  0.1143168 0.0000e+00
       2660     35.660     8.7080   3.414271     0.4865     0.5599     0.0040  0.1143325 0.0000e+00
       2661     35.674     8.7080   3.414294     0.4864     0.5599     0.0040  0.1143485 0.0000e+00
       2662     35.688     8.7080   3.414317     0.4864     0.5599     0.0040  0.1143649 0.0000e+00
       2663     35.702     8.7080   3.414339     0.4864     0.5598     0.0040  0.1143819 0.0000e+00
       2664     35.716     8.7079   3.414360     0.4863     0.5598     0.0040  0.1143997 0.0000e+00
       2665     35.730     8.7079   3.414380     0.4863     0.5597     0.0040  0.1144182 0.0000e+00
       2666     35.745     8.7079   3.414400     0.4863     0.5597     0.0040  0.1144377 0.0000e+00
       2667     35.759     8.7078   3.414419     0.4862     0.5597     0.0040  0.1144582 0.0000e+00
       2668     35.773     8.7078   3.414437     0.4862     0.5596     0.0040  0.1144800 0.0000e+00
       2669     35.787     8.7077   3.414454     0.4862     0.5596     0.0040  0.1145024 0.0000e+00
       2670     35.801     8.7077   3.414471     0.4862     0.5595     0.0040  0.1145237 0.0000e+00
       2671     35.815     8.7076   3.414487     0.4861     0.5595     0.0040  0.1145433 0.0000e+00
       2672     35.830     8.7076   3.414502     0.4861     0.5595     0.0040  0.1145613 0.0000e+00
       2673     35.844     8.7075   3.414516     0.4861     0.5594     0.0040  0.1145778 0.0000e+00
       2674     35.858     8.7075   3.414529     0.4861     0.5594     0.0040  0.1145930 0.0000e+00
       2675     35.873     8.7074   3.414542     0.4861     0.5593     0.0040  0.1146070 0.0000e+00
       2676     35.887     8.7073   3.414554     0.4860     0.5593     0.0040  0.1146198 0.0000e+00
       2677     35.901     8.7072   3.414564     0.4860     0.5593     0.0040  0.1146316 0.0000e+00
       2678     35.915     8.7071   3.414573     0.4860     0.5592     0.0040  0.1146425 0.0000e+00
       2679     35.930     8.7070   3.414580     0.4860     0.5592     0.0040  0.1146524 0.0000e+00
       2680     35.944     8.7069   3.414587     0.4860     0.5592     0.0040  0.1146615 0.0000e+00
       2681     35.959     8.7068   3.414593     0.4859     0.5591     0.0040  0.1146698 0.0000e+00
       2682     35.973     8.7067   3.414598     0.4859     0.5591     0.0040  0.1146775 0.0000e+00
       2683     35.988     8.7065   3.414602     0.4859     0.5591     0.0040  0.1146845 0.0000e+00
       2684     36.002     8.7064   3.414605     0.4859     0.5591     0.0040  0.1146909 0.0000e+00
       2685     36.017     8.7062   3.414607     0.4858     0.5590     0.0040  0.1146968 0.0000e+00
       2686     36.032     8.7060   3.414609     0.4858     0.5590     0.0040  0.1147021 0.0000e+00
       2687     36.046     8.7058   3.414610     0.4858     0.5590     0.0040  0.1147070 0.0000e+00
       2688     36.061     8.7056   3.414611     0.4858     0.5590     0.0040  0.1147114 0.0000e+00
       2689     36.075     8.7054   3.414611     0.4857     0.5590     0.0040  0.1147154 0.0000e+00
       2690     36.090     8.7051   3.414612     0.4857     0.5589     0.0040  0.1147190 0.0000e+00
       2691     36.104     8.7049   3.414611     0.4857     0.5589     0.0040  0.1147223 0.0000e+00
       2692     36.119     8.7046   3.414611     0.4856     0.5589     0.0040  0.1147252 0.0000e+00
       2693     36.133     8.7043   3.414612     0.4856     0.5589     0.0040  0.1147279 0.0000e+00
       2694     36.148     8.7039   3.414612     0.4856     0.5588     0.0038  0.1147302 0.0000e+00
       2695     36.163     8.7036   3.414612     0.4855     0.5588     0.0038  0.1147322 0.0000e+00
       2696     36.178     8.7034   3.414613     0.4855     0.5588     0.0038  0.1147340 0.0000e+00
       2697     36.192     8.7035   3.414615     0.4854     0.5587     0.0038  0.1147355 0.0000e+00
       2698     36.207     8.7038   3.414617     0.4853     0.5587     0.0038  0.1147368 0.0000e+00
       2699     36.222     8.7041   3.414619     0.4853     0.5587     0.0038  0.1147379 0.0000e+00
       2700     36.236     8.7043   3.414622     0.4853     0.5587     0.0038  0.1147387 0.0000e+00
       2701     36.251     8.7045   3.414624     0.4852     0.5586     0.0038  0.1147393 0.0000e+00
       2702     36.266     8.7047   3.414627     0.4852     0.5586     0.0038  0.1147397 0.0000e+00
       2703     36.280     8.7049   3.414630     0.4852     0.5586     0.0038  0.1147398 0.0000e+00
       2704     36.295     8.7050   3.414633     0.4851     0.5585     0.0038  0.1147398 0.0000e+00
       2705     36.310     8.7051   3.414636     0.4851     0.5585     0.0038  0.1147395 0.0000e+00
       2706     36.325     8.7053   3.414639     0.4851     0.5585     0.0038  0.1147399 0.0000e+00
       2707     36.340     8.7054   3.414643     0.4850     0.5584     0.0038  0.1147418 0.0000e+00
       2708     36.355     8.7055   3.414646     0.4850     0.5584     0.0038  0.1147443 0.0000e+00
       2709     36.370     8.7055   3.414650     0.4850     0.5583     0.0038  0.1147466 0.0000e+00
       2710     36.385     8.7056   3.414654     0.4850     0.5583     0.0038  0.1147488 0.0000e+00
       2711     36.400     8.7057   3.414658     0.4849     0.5582     0.0038  0.1147508 0.0000e+00
       2712     36.416     8.7057   3.414662     0.4849     0.5582     0.0038  0.1147527 0.0000e+00
       2713     36.431     8.7058   3.414665     0.4849     0.5581     0.0038  0.1147544 0.0000e+00
       2714     36.446     8.7058   3.414669     0.4849     0.5581     0.0038  0.1147561 0.0000e+00
       2715     36.461     8.7058   3.414672     0.4849     0.5581     0.0038  0.1147576 0.0000e+00
       2716     36.477     8.7059   3.414675     0.4849     0.5580     0.0038  0.1147591 0.0000e+00
       2717     36.492     8.7059   3.414678     0.4849     0.5580     0.0038  0.1147604 0.0000e+00
       2718     36.507     8.7059   3.414681     0.4848     0.5580     0.0038  0.1147617 0.0000e+00
       2719     36.522     8.7059   3.414684     0.4848     0.5580     0.0040  0.1147630 0.0000e+00
       2720     36.537     8.7059   3.414687     0.4848     0.5579     0.0042  0.1147642 0.0000e+00
