code/data/2021/ctd_data_day2/station3.cnv
* Sea-Bird SBE 9 Data File:
* FileName = C:\Users\CTD-User\Desktop\MAR440\day2\station3.hex
* Software Version Seasave V 7.26.2.13
* Temperature SN = 6313
* Conductivity SN = 4758
* Number of Bytes Per Scan = 37
* Number of Voltage Words = 4
* Number of Scans Averaged by the Deck Unit = 1
* NMEA Latitude = 58 19.70 N
* NMEA Longitude = 011 51.29 E
* NMEA UTC (Time) = Sep 22 2021 09:36:18
* NMEA baud rate = 4800
** Ship: Skagerrak
** Station: station3
** Operator: group2purple
# nquan = 9
# nvalues = 3261                                  
# units = specified
# name 0 = scan: Scan Count
# name 1 = prDM: Pressure, Digiquartz [db]
# name 2 = t090C: Temperature [ITS-90, deg C]
# name 3 = c0S/m: Conductivity [S/m]
# name 4 = sbeox0V: Oxygen raw, SBE 43 [V]
# name 5 = sbeox1V: Oxygen raw, SBE 43, 2 [V]
# name 6 = flECO-AFL: Fluorescence, WET Labs ECO-AFL/FL [mg/m^3]
# name 7 = upoly0: Upoly 0, Turbidity
# name 8 = flag:  0.000e+00
# span 0 =          1,       3261                 
# span 1 =      0.712,     17.296                 
# span 2 =    10.1794,    16.2156                 
# span 3 =   2.674270,   3.486635                 
# span 4 =     0.9840,     3.3394                 
# span 5 =     1.0157,     3.3590                 
# span 6 =     0.0035,     0.0081                 
# span 7 =  0.0883968,  0.2398010                 
# span 8 = 0.0000e+00, 0.0000e+00                 
# interval = seconds: 0.0416667
# start_time = Sep 22 2021 09:36:18 [NMEA time, header]
# bad_flag = -9.990e-29
*END*
[from data line 961]
        962      3.139    15.6407   3.043938     2.3712     2.4408     0.0046  0.1548193  0.000e+00
        963      3.164    15.6440   3.044457     2.3712     2.4432     0.0046  0.1548193  0.000e+00
        964      3.106    15.6467   3.045204     2.3712     2.4456     0.0046  0.1538425  0.000e+00
        965      3.139    15.6458   3.045249     2.3712     2.4481     0.0046  0.1543309  0.000e+00
        966      3.040    15.6390   3.045025     2.3760     2.4505     0.0046  0.1557961  0.000e+00
        967      3.016    15.6271   3.044100     2.3748     2.4518     0.0046  0.1562845  0.000e+00
        968      3.040    15.6228   3.042577     2.3748     2.4542     0.0046  0.1562845  0.000e+00
        969      3.016    15.6189   3.041713     2.3760     2.4566     0.0046  0.1567729  0.000e+00
        970      2.983    15.6182   3.040988     2.3760     2.4591     0.0046  0.1562845  0.000e+00
        971      2.958    15.6196   3.040414     2.3809     2.4615     0.0046  0.1562845  0.000e+00
        972      2.925    15.6182   3.040035     2.3809     2.4640     0.0046  0.1567729  0.000e+00
        973      2.892    15.6157   3.039745     2.3822     2.4652     0.0046  0.1567729  0.000e+00
        974      2.925    15.6162   3.039734     2.3822     2.4676     0.0046  0.1562845  0.000e+00
        975      2.834    15.6180   3.040074     2.3834     2.4701     0.0046  0.1557961  0.000e+00
        976      2.859    15.6199   3.040453     2.3870     2.4713     0.0046  0.1557961  0.000e+00
        977      2.834    15.6238   3.040760     2.3883     2.4737     0.0046  0.1567729  0.000e+00
        978      2.735    15.6270   3.041390     2.3907     2.4762     0.0046  0.1562845  0.000e+00
        979      2.801    15.6294   3.042204     2.3907     2.4774     0.0046  0.1567729  0.000e+00
        980      2.768    15.6309   3.042711     2.3919     2.4786     0.0046  0.1557961  0.000e+00
        981      2.678    15.6336   3.043397     2.3944     2.4811     0.0046  0.1562845  0.000e+00
        982      2.711    15.6382   3.044200     2.3956     2.4823     0.0046  0.1562845  0.000e+00
        983      2.678    15.6423   3.045148     2.3968     2.4835     0.0046  0.1562845  0.000e+00
        984      2.711    15.6463   3.046052     2.3980     2.4859     0.0046  0.1567729  0.000e+00
        985      2.612    15.6497   3.046621     2.4017     2.4872     0.0046  0.1562845  0.000e+00
        986      2.587    15.6509   3.047190     2.4029     2.4896     0.0046  0.1562845  0.000e+00
        987      2.612    15.6502   3.047268     2.4041     2.4908     0.0046  0.1562845  0.000e+00
        988      2.587    15.6472   3.047056     2.4053     2.4920     0.0046  0.1562845  0.000e+00
        989      2.496    15.6421   3.046152     2.4078     2.4945     0.0046  0.1562845  0.000e+00
        990      2.529    15.6411   3.045366     2.4115     2.4945     0.0046  0.1567729  0.000e+00
        991      2.496    15.6396   3.045282     2.4151     2.4969     0.0046  0.1553077  0.000e+00
        992      2.529    15.6368   3.045310     2.4151     2.4982     0.0046  0.1543309  0.000e+00
        993      2.430    15.6323   3.044674     2.4163     2.4994     0.0046  0.1538425  0.000e+00
        994      2.463    15.6234   3.043787     2.4188     2.5006     0.0046  0.1543309  0.000e+00
        995      2.372    15.6013   3.041250     2.4224     2.5030     0.0046  0.1543309  0.000e+00
        996      2.405    15.5767   3.037026     2.4249     2.5043     0.0046  0.1548193  0.000e+00
        997      2.372    15.5664   3.033049     2.4249     2.5055     0.0046  0.1543309  0.000e+00
        998      2.339    15.5696   3.031300     2.4261     2.5067     0.0046  0.1543309  0.000e+00
        999      2.372    15.5733   3.031534     2.4298     2.5079     0.0046  0.1548193  0.000e+00
       1000      2.306    15.5708   3.031885     2.4347     2.5091     0.0046  0.1548193  0.000e+00
       1001      2.282    15.5635   3.031272     2.4347     2.5104     0.0046  0.1548193  0.000e+00
       1002      2.249    15.5600   3.030292     2.4347     2.5116     0.0046  0.1543309  0.000e+00
       1003      2.224    15.5634   3.029852     2.4383     2.5128     0.0046  0.1543309  0.000e+00
       1004      2.249    15.5694   3.030721     2.4408     2.5128     0.0046  0.1543309  0.000e+00
       1005      2.158    15.5828   3.032458     2.4432     2.5140     0.0046  0.1543309  0.000e+00
       1006      2.249    15.6106   3.035466     2.4444     2.5152     0.0046  0.1543309  0.000e+00
       1007      2.100    15.6295   3.039511     2.4456     2.5165     0.0046  0.1548193  0.000e+00
       1008      2.125    15.6394   3.043882     2.4493     2.5177     0.0046  0.1548193  0.000e+00
       1009      2.100    15.6707   3.048361     2.4517     2.5189     0.0046  0.1548193  0.000e+00
       1010      2.125    15.6968   3.053066     2.4542     2.5189     0.0046  0.1548193  0.000e+00
       1011      2.100    15.6954   3.056919     2.4554     2.5201     0.0046  0.1548193  0.000e+00
       1012      2.001    15.6929   3.058970     2.4554     2.5201     0.0046  0.1543309  0.000e+00
       1013      2.034    15.6877   3.059730     2.4579     2.5214     0.0046  0.1543309  0.000e+00
       1014      2.001    15.6814   3.060009     2.4640     2.5226     0.0046  0.1548193  0.000e+00
       1015      1.976    15.6828   3.060266     2.4640     2.5226     0.0046  0.1538425  0.000e+00
       1016      2.001    15.6865   3.060551     2.4652     2.5238     0.0046  0.1548193  0.000e+00
       1017      1.910    15.6901   3.060663     2.4664     2.5238     0.0048  0.1587265  0.000e+00
       1018      1.943    15.6923   3.060210     2.4676     2.5250     0.0048  0.1597033  0.000e+00
       1019      1.853    15.6897   3.059400     2.4737     2.5250     0.0048  0.1597033  0.000e+00
       1020      1.877    15.6855   3.058416     2.4737     2.5262     0.0048  0.1597033  0.000e+00
       1021      1.853    15.6833   3.057523     2.4737     2.5262     0.0048  0.1597033  0.000e+00
       1022      1.820    15.6796   3.056914     2.4749     2.5275     0.0048  0.1597033  0.000e+00
       1023      1.853    15.6819   3.057120     2.4762     2.5275     0.0048  0.1597033  0.000e+00
       1024      1.762    15.6916   3.057640     2.4798     2.5287     0.0048  0.1597033  0.000e+00
       1025      1.795    15.6975   3.058299     2.4811     2.5287     0.0048  0.1597033  0.000e+00
       1026      1.762    15.7060   3.058986     2.4811     2.5299     0.0048  0.1592149  0.000e+00
       1027      1.729    15.7122   3.059729     2.4835     2.5299     0.0048  0.1597033  0.000e+00
       1028      1.762    15.7109   3.060104     2.4859     2.5299     0.0048  0.1597033  0.000e+00
       1029      1.671    15.7116   3.060355     2.4884     2.5311     0.0048  0.1597033  0.000e+00
       1030      1.696    15.7096   3.060741     2.4884     2.5311     0.0048  0.1597033  0.000e+00
       1031      1.671    15.7054   3.061165     2.4884     2.5323     0.0048  0.1592149  0.000e+00
       1032      1.638    15.7019   3.061462     2.4896     2.5323     0.0048  0.1597033  0.000e+00
       1033      1.605    15.7015   3.061629     2.4933     2.5323     0.0048  0.1597033  0.000e+00
       1034      1.572    15.7003   3.061836     2.4945     2.5323     0.0048  0.1597033  0.000e+00
       1035      1.605    15.6991   3.062082     2.4945     2.5336     0.0048  0.1597033  0.000e+00
       1036      1.572    15.6967   3.062317     2.4957     2.5336     0.0048  0.1597033  0.000e+00
       1037      1.482    15.6947   3.062306     2.4981     2.5336     0.0048  0.1592149  0.000e+00
       1038      1.515    15.6929   3.062049     2.5006     2.5348     0.0048  0.1597033  0.000e+00
       1039      1.547    15.6954   3.061613     2.5030     2.5348     0.0048  0.1597033  0.000e+00
       1040      1.514    15.7003   3.061227     2.5018     2.5348     0.0048  0.1597033  0.000e+00
       1041      1.424    15.7025   3.060981     2.5030     2.5348     0.0048  0.1597033  0.000e+00
       1042      1.457    15.7018   3.060947     2.5043     2.5360     0.0051  0.1704481  0.000e+00
       1043      1.481    15.7019   3.060830     2.5079     2.5360     0.0053  0.1826581  0.000e+00
       1044      1.391    15.7052   3.060875     2.5079     2.5360     0.0053  0.1851001  0.000e+00
       1045      1.424    15.7096   3.061070     2.5079     2.5360     0.0053  0.1846117  0.000e+00
       1046      1.333    15.7122   3.061109     2.5091     2.5360     0.0053  0.1841233  0.000e+00
       1047      1.366    15.6662   3.058299     2.5128     2.5360     0.0053  0.1836349  0.000e+00
       1048      1.391    15.5882   3.049065     2.5128     2.5348     0.0053  0.1836349  0.000e+00
       1049      1.300    15.4715   3.031885     2.5128     2.5348     0.0053  0.1841233  0.000e+00
       1050      1.267    15.3944   3.013331     2.5140     2.5348     0.0053  0.1836349  0.000e+00
       1051      1.300    15.3856   3.003198     2.5140     2.5348     0.0053  0.1841233  0.000e+00
       1052      1.267    15.4111   3.004191     2.5177     2.5348     0.0053  0.1836349  0.000e+00
       1053      1.242    15.4735   3.010375     2.5189     2.5336     0.0053  0.1841233  0.000e+00
       1054      1.267    15.5115   3.015964     2.5189     2.5336     0.0053  0.1836349  0.000e+00
       1055      1.176    15.4845   3.015036     2.5189     2.5323     0.0053  0.1841233  0.000e+00
       1056      1.151    15.4244   3.007005     2.5201     2.5323     0.0053  0.1841233  0.000e+00
       1057      1.176    15.3742   2.998090     2.5213     2.5311     0.0053  0.1841233  0.000e+00
       1058      1.085    15.3346   2.992165     2.5226     2.5299     0.0053  0.1841233  0.000e+00
       1059      1.118    15.3210   2.990663     2.5213     2.5299     0.0053  0.1841233  0.000e+00
       1060      1.085    15.3206   2.992464     2.5226     2.5287     0.0053  0.1841233  0.000e+00
       1061      1.061    15.3269   2.996682     2.5226     2.5275     0.0053  0.1836349  0.000e+00
       1062      1.028    15.3480   3.003515     2.5250     2.5275     0.0053  0.1841233  0.000e+00
       1063      0.995    15.3915   3.012686     2.5250     2.5262     0.0053  0.1841233  0.000e+00
       1064      1.028    15.4150   3.020462     2.5238     2.5250     0.0053  0.1841233  0.000e+00
       1065      0.937    15.4366   3.026146     2.5238     2.5238     0.0053  0.1836349  0.000e+00
       1066      0.962    15.4997   3.030515     2.5250     2.5226     0.0053  0.1841233  0.000e+00
       1067      0.937    15.5431   3.033511     2.5275     2.5214     0.0055  0.1875421  0.000e+00
       1068      0.962    15.5675   3.036006     2.5275     2.5214     0.0060  0.2056129  0.000e+00
       1069      0.937    15.5824   3.040347     2.5275     2.5189     0.0062  0.2134274  0.000e+00
       1070      0.962    15.5926   3.045081     2.5275     2.5189     0.0062  0.2144042  0.000e+00
       1071      0.937    15.6111   3.048372     2.5275     2.5177     0.0062  0.2134274  0.000e+00
       1072      0.904    15.6472   3.051570     2.5287     2.5165     0.0062  0.2134274  0.000e+00
       1073      0.937    15.6836   3.056098     2.5275     2.5152     0.0062  0.2134274  0.000e+00
       1074      0.904    15.6999   3.060120     2.5275     2.5140     0.0062  0.2134274  0.000e+00
       1075      0.937    15.6870   3.061277     2.5262     2.5140     0.0062  0.2134274  0.000e+00
       1076      0.904    15.6695   3.059232     2.5275     2.5128     0.0062  0.2134274  0.000e+00
       1077      0.871    15.6631   3.056389     2.5287     2.5116     0.0062  0.2134274  0.000e+00
       1078      0.961    15.6575   3.054294     2.5275     2.5104     0.0062  0.2129389  0.000e+00
       1079      0.871    15.6502   3.052770     2.5275     2.5104     0.0062  0.2134274  0.000e+00
       1080      0.961    15.6370   3.050727     2.5250     2.5091     0.0062  0.2134274  0.000e+00
       1081      0.871    15.6245   3.048060     2.5275     2.5079     0.0062  0.2134274  0.000e+00
       1082      0.904    15.6277   3.045795     2.5275     2.5079     0.0062  0.2134274  0.000e+00
       1083      0.871    15.6641   3.047546     2.5275     2.5067     0.0062  0.2134274  0.000e+00
       1084      0.904    15.7050   3.054171     2.5250     2.5055     0.0062  0.2134274  0.000e+00
       1085      0.936    15.7349   3.061987     2.5238     2.5043     0.0062  0.2129389  0.000e+00
       1086      0.903    15.7495   3.067964     2.5275     2.5043     0.0062  0.2134274  0.000e+00
       1087      0.936    15.7468   3.071175     2.5275     2.5030     0.0062  0.2134274  0.000e+00
       1088      0.903    15.7330   3.071136     2.5250     2.5030     0.0060  0.2134274  0.000e+00
       1089      0.936    15.7166   3.068501     2.5238     2.5018     0.0062  0.2134274  0.000e+00
       1090      0.838    15.6991   3.064396     2.5238     2.5018     0.0062  0.2134274  0.000e+00
       1091      0.936    15.6724   3.059394     2.5262     2.5006     0.0062  0.2134274  0.000e+00
       1092      0.903    15.6523   3.054272     2.5275     2.5006     0.0062  0.2134274  0.000e+00
       1093      0.870    15.6382   3.049985     2.5250     2.4994     0.0062  0.2139158  0.000e+00
       1094      0.961    15.6253   3.047150     2.5250     2.4994     0.0062  0.2144042  0.000e+00
       1095      0.870    15.6166   3.044601     2.5262     2.4982     0.0062  0.2148926  0.000e+00
       1096      0.903    15.6118   3.043235     2.5275     2.4982     0.0062  0.2144042  0.000e+00
       1097      0.870    15.6075   3.042254     2.5275     2.4982     0.0062  0.2144042  0.000e+00
       1098      0.961    15.6023   3.041200     2.5275     2.4957     0.0062  0.2148926  0.000e+00
       1099      0.870    15.5992   3.040392     2.5275     2.4957     0.0062  0.2144042  0.000e+00
       1100      0.903    15.6024   3.040252     2.5287     2.4957     0.0062  0.2148926  0.000e+00
       1101      0.936    15.6107   3.040826     2.5323     2.4969     0.0062  0.2148926  0.000e+00
       1102      0.903    15.6190   3.042415     2.5299     2.4957     0.0062  0.2144042  0.000e+00
       1103      0.936    15.6328   3.044512     2.5299     2.4969     0.0062  0.2148926  0.000e+00
       1104      0.903    15.6460   3.047251     2.5311     2.4957     0.0062  0.2144042  0.000e+00
       1105      0.936    15.6570   3.049404     2.5323     2.4969     0.0062  0.2144042  0.000e+00
       1106      0.903    15.6577   3.051213     2.5336     2.4945     0.0062  0.2148926  0.000e+00
       1107      0.994    15.6402   3.050772     2.5323     2.4945     0.0062  0.2148926  0.000e+00
       1108      0.903    15.6201   3.047502     2.5323     2.4957     0.0062  0.2144042  0.000e+00
       1109      0.994    15.6014   3.042990     2.5336     2.4945     0.0062  0.2148926  0.000e+00
       1110      0.903    15.5844   3.039322     2.5360     2.4945     0.0062  0.2148926  0.000e+00
       1111      0.936    15.5888   3.036652     2.5360     2.4945     0.0060  0.2144042  0.000e+00
       1112      0.961    15.5918   3.035543     2.5372     2.4933     0.0062  0.2144042  0.000e+00
       1113      0.936    15.5776   3.034195     2.5372     2.4933     0.0062  0.2148926  0.000e+00
       1114      0.961    15.5519   3.031250     2.5360     2.4933     0.0062  0.2144042  0.000e+00
       1115      0.936    15.5232   3.026424     2.5397     2.4933     0.0062  0.2144042  0.000e+00
       1116      0.960    15.4871   3.021056     2.5397     2.4933     0.0062  0.2144042  0.000e+00
       1117      0.993    15.4747   3.017092     2.5397     2.4920     0.0062  0.2144042  0.000e+00
       1118      0.870    15.4725   3.015414     2.5397     2.4920     0.0062  0.2148926  0.000e+00
       1119      1.026    15.4638   3.013219     2.5397     2.4920     0.0060  0.2178230  0.000e+00
       1120      0.936    15.4294   3.008626     2.5421     2.4920     0.0060  0.2187998  0.000e+00
