code/data/2021/ctd_data_day2/station8_ctm.cnv
* Sea-Bird SBE 9 Data File:
* FileName = C:\Users\CTD-User\Desktop\MAR440\day2\station8.hex
* Software Version Seasave V 7.26.2.13
* Temperature SN = 6313
* Conductivity SN = 4758
* Number of Bytes Per Scan = 37
* Number of Voltage Words = 4
* Number of Scans Averaged by the Deck Unit = 1
* NMEA Latitude = 58 19.53 N
* NMEA Longitude = 011 50.68 E
* NMEA UTC (Time) = Sep 22 2021 11:34:11
* NMEA baud rate = 4800
** Ship: Skagerrak
** Station: station8
** Operator: group1
# nquan = 9
# nvalues = 1621                        
# units = specified
# name 0 = scan: Scan Count
# name 1 = prDM: Pressure, Digiquartz [db]
# name 2 = t090C: Temperature [ITS-90, deg C]
# name 3 = c0S/m: Conductivity [S/m]
# name 4 = sbeox0V: Oxygen raw, SBE 43 [V]
# name 5 = sbeox1V: Oxygen raw, SBE 43, 2 [V]
# name 6 = flECO-AFL: Fluorescence, WET Labs ECO-AFL/FL [mg/m^3]
# name 7 = upoly0: Upoly 0, Turbidity
# name 8 = flag:  0.000e+00
# span 0 =          1,       1621       
# span 1 =      0.732,     12.652       
# span 2 =    13.9013,    15.7444       
# span 3 =   2.895952,   3.417838       
# span 4 =     1.3528,     2.8205       
# span 5 =     1.3344,     2.7521       
# span 6 =     0.0040,     0.0057       
# span 7 =  0.0908388,  0.1826581       
# span 8 = 0.0000e+00, 0.0000e+00       
# interval = seconds: 0.0416667
# start_time = Sep 22 2021 11:34:11 [NMEA time, header]
# bad_flag = -9.990e-29
*END*
          1      2.538    14.9680   2.936881     2.7839     2.7106     0.0049  0.1724017 0.0000e+00
          2      2.571    14.9751   2.937155     2.7827     2.7106     0.0055  0.1728901 0.0000e+00
          3      2.604    14.9769   2.937817     2.7814     2.7106     0.0055  0.1733785 0.0000e+00
          4      2.571    14.9778   2.939037     2.7814     2.7106     0.0055  0.1733785 0.0000e+00
          5      2.661    14.9791   2.941150     2.7827     2.7106     0.0055  0.1733785 0.0000e+00
          6      2.694    14.9809   2.941994     2.7839     2.7094     0.0053  0.1733785 0.0000e+00
          7      2.694    14.9781   2.942252     2.7814     2.7094     0.0049  0.1733785 0.0000e+00
          8      2.661    14.9708   2.941542     2.7814     2.7106     0.0055  0.1733785 0.0000e+00
          9      2.752    14.9698   2.940762     2.7814     2.7094     0.0055  0.1733785 0.0000e+00
         10      2.785    14.9583   2.940249     2.7827     2.7094     0.0049  0.1733785 0.0000e+00
         11      2.752    14.9454   2.938762     2.7814     2.7094     0.0055  0.1733785 0.0000e+00
         12      2.785    14.9370   2.935996     2.7814     2.7082     0.0055  0.1733785 0.0000e+00
         13      2.810    14.9311   2.933432     2.7814     2.7082     0.0055  0.1733785 0.0000e+00
         14      2.851    14.9268   2.931568     2.7814     2.7082     0.0055  0.1733785 0.0000e+00
         15      2.876    14.9228   2.930295     2.7814     2.7082     0.0055  0.1733785 0.0000e+00
         16      2.876    14.9192   2.929221     2.7814     2.7082     0.0055  0.1733785 0.0000e+00
         17      2.908    14.9181   2.928327     2.7814     2.7070     0.0055  0.1733785 0.0000e+00
         18      2.933    14.9180   2.927872     2.7814     2.7070     0.0055  0.1733785 0.0000e+00
         19      2.966    14.9187   2.927854     2.7802     2.7070     0.0055  0.1733785 0.0000e+00
         20      2.933    14.9192   2.927961     2.7814     2.7070     0.0049  0.1733785 0.0000e+00
         21      3.032    14.9181   2.927919     2.7814     2.7070     0.0055  0.1733785 0.0000e+00
         22      2.999    14.9167   2.927591     2.7802     2.7070     0.0049  0.1733785 0.0000e+00
         23      3.057    14.9149   2.927051     2.7814     2.7070     0.0055  0.1733785 0.0000e+00
         24      3.032    14.9119   2.926425     2.7814     2.7070     0.0055  0.1733785 0.0000e+00
         25      3.123    14.9085   2.925682     2.7814     2.7057     0.0055  0.1733785 0.0000e+00
         26      3.090    14.9055   2.924991     2.7790     2.7057     0.0055  0.1733785 0.0000e+00
         27      3.123    14.9050   2.924479     2.7790     2.7057     0.0049  0.1743553 0.0000e+00
         28      3.156    14.9087   2.924479     2.7790     2.7057     0.0049  0.1753321 0.0000e+00
         29      3.180    14.9247   2.925503     2.7802     2.7057     0.0051  0.1763089 0.0000e+00
         30      3.180    14.9441   2.928512     2.7814     2.7057     0.0049  0.1758205 0.0000e+00
         31      3.213    14.9606   2.932816     2.7790     2.7045     0.0049  0.1758205 0.0000e+00
         32      3.238    14.9581   2.936492     2.7790     2.7057     0.0049  0.1758205 0.0000e+00
         33      3.279    14.9456   2.936845     2.7778     2.7057     0.0051  0.1758205 0.0000e+00
         34      3.238    14.9344   2.934222     2.7790     2.7057     0.0049  0.1758205 0.0000e+00
         35      3.337    14.9307   2.931327     2.7802     2.7057     0.0049  0.1758205 0.0000e+00
         36      3.304    14.9263   2.929722     2.7778     2.7057     0.0049  0.1758205 0.0000e+00
         37      3.362    14.9211   2.928602     2.7778     2.7057     0.0049  0.1758205 0.0000e+00
         38      3.337    14.9183   2.927565     2.7778     2.7057     0.0049  0.1758205 0.0000e+00
         39      3.428    14.9268   2.927840     2.7790     2.7057     0.0049  0.1758205 0.0000e+00
         40      3.395    14.9388   2.931384     2.7790     2.7057     0.0049  0.1758205 0.0000e+00
         41      3.428    14.9460   2.935642     2.7778     2.7057     0.0049  0.1758205 0.0000e+00
         42      3.461    14.9596   2.938379     2.7778     2.7057     0.0049  0.1758205 0.0000e+00
         43      3.485    14.9783   2.941468     2.7766     2.7057     0.0051  0.1758205 0.0000e+00
         44      3.485    14.9889   2.944328     2.7790     2.7057     0.0049  0.1758205 0.0000e+00
         45      3.518    14.9829   2.945307     2.7790     2.7057     0.0051  0.1758205 0.0000e+00
         46      3.543    14.9765   2.944247     2.7778     2.7057     0.0051  0.1758205 0.0000e+00
         47      3.584    14.9825   2.943823     2.7778     2.7057     0.0049  0.1758205 0.0000e+00
         48      3.543    14.9987   2.945400     2.7778     2.7057     0.0051  0.1758205 0.0000e+00
         49      3.642    15.0391   2.950007     2.7790     2.7057     0.0051  0.1758205 0.0000e+00
         50      3.609    15.0867   2.958245     2.7778     2.7057     0.0049  0.1758205 0.0000e+00
         51      3.667    15.1288   2.969083     2.7778     2.7057     0.0049  0.1758205 0.0000e+00
         52      3.642    15.1558   2.979504     2.7766     2.7057     0.0051  0.1758205 0.0000e+00
         53      3.733    15.1716   2.987021     2.7778     2.7057     0.0053  0.1704481 0.0000e+00
         54      3.700    15.1827   2.992288     2.7790     2.7045     0.0055  0.1670293 0.0000e+00
         55      3.733    15.1851   2.995563     2.7778     2.7057     0.0055  0.1665409 0.0000e+00
         56      3.766    15.1883   2.997411     2.7766     2.7045     0.0055  0.1665409 0.0000e+00
         57      3.790    15.1919   2.999062     2.7766     2.7045     0.0055  0.1665409 0.0000e+00
         58      3.790    15.1919   3.000116     2.7778     2.7045     0.0055  0.1665409 0.0000e+00
         59      3.823    15.1876   3.000057     2.7778     2.7045     0.0055  0.1665409 0.0000e+00
         60      3.848    15.1824   2.999323     2.7778     2.7045     0.0053  0.1665409 0.0000e+00
         61      3.889    15.1782   2.998276     2.7766     2.7045     0.0055  0.1665409 0.0000e+00
         62      3.914    15.1753   2.997302     2.7766     2.7045     0.0049  0.1665409 0.0000e+00
         63      3.914    15.1743   2.996213     2.7790     2.7045     0.0055  0.1665409 0.0000e+00
         64      3.947    15.1770   2.995477     2.7778     2.7045     0.0049  0.1665409 0.0000e+00
         65      3.972    15.1775   2.994821     2.7778     2.7045     0.0049  0.1665409 0.0000e+00
         66      4.013    15.1739   2.993617     2.7766     2.7045     0.0055  0.1665409 0.0000e+00
         67      3.972    15.1701   2.992551     2.7778     2.7045     0.0055  0.1665409 0.0000e+00
         68      4.013    15.1636   2.991547     2.7790     2.7045     0.0055  0.1665409 0.0000e+00
         69      4.095    15.1509   2.989528     2.7790     2.7045     0.0049  0.1665409 0.0000e+00
         70      4.038    15.1296   2.986191     2.7778     2.7045     0.0055  0.1665409 0.0000e+00
         71      4.128    15.1029   2.981686     2.7778     2.7045     0.0055  0.1665409 0.0000e+00
         72      4.095    15.0784   2.975637     2.7778     2.7045     0.0055  0.1670293 0.0000e+00
         73      4.128    15.0621   2.969520     2.7814     2.7045     0.0055  0.1665409 0.0000e+00
         74      4.161    15.0540   2.964715     2.7814     2.7045     0.0055  0.1670293 0.0000e+00
         75      4.219    15.0484   2.961529     2.7790     2.7057     0.0049  0.1670293 0.0000e+00
         76      4.194    15.0428   2.959232     2.7790     2.7057     0.0049  0.1665409 0.0000e+00
         77      4.219    15.0381   2.957448     2.7802     2.7057     0.0053  0.1665409 0.0000e+00
         78      4.252    15.0349   2.956072     2.7814     2.7070     0.0049  0.1660525 0.0000e+00
         79      4.277    15.0335   2.955029     2.7814     2.7070     0.0049  0.1645873 0.0000e+00
         80      4.318    15.0327   2.954435     2.7802     2.7070     0.0049  0.1640989 0.0000e+00
         81      4.277    15.0314   2.953916     2.7814     2.7082     0.0049  0.1645873 0.0000e+00
         82      4.343    15.0314   2.953292     2.7839     2.7082     0.0051  0.1645873 0.0000e+00
         83      4.376    15.0294   2.952743     2.7839     2.7082     0.0051  0.1645873 0.0000e+00
         84      4.343    15.0265   2.952345     2.7827     2.7082     0.0049  0.1645873 0.0000e+00
         85      4.433    15.0258   2.951906     2.7827     2.7094     0.0049  0.1645873 0.0000e+00
         86      4.466    15.0275   2.951829     2.7827     2.7106     0.0051  0.1645873 0.0000e+00
         87      4.400    15.0301   2.951998     2.7863     2.7106     0.0049  0.1645873 0.0000e+00
         88      4.499    15.0304   2.952335     2.7863     2.7106     0.0049  0.1645873 0.0000e+00
         89      4.466    15.0292   2.952263     2.7863     2.7118     0.0049  0.1645873 0.0000e+00
         90      4.557    15.0292   2.951992     2.7839     2.7118     0.0049  0.1645873 0.0000e+00
         91      4.524    15.0316   2.952000     2.7839     2.7118     0.0051  0.1645873 0.0000e+00
         92      4.524    15.0328   2.952214     2.7863     2.7118     0.0049  0.1645873 0.0000e+00
         93      4.623    15.0317   2.952286     2.7839     2.7118     0.0051  0.1645873 0.0000e+00
         94      4.582    15.0316   2.952213     2.7839     2.7118     0.0049  0.1645873 0.0000e+00
         95      4.623    15.0325   2.952194     2.7839     2.7118     0.0049  0.1645873 0.0000e+00
         96      4.648    15.0337   2.952297     2.7839     2.7118     0.0051  0.1645873 0.0000e+00
         97      4.648    15.0348   2.952411     2.7863     2.7118     0.0049  0.1645873 0.0000e+00
         98      4.681    15.0370   2.952903     2.7827     2.7118     0.0049  0.1645873 0.0000e+00
         99      4.705    15.0388   2.953455     2.7814     2.7118     0.0049  0.1645873 0.0000e+00
        100      4.747    15.0408   2.953859     2.7814     2.7106     0.0051  0.1645873 0.0000e+00
        101      4.771    15.0431   2.954076     2.7802     2.7106     0.0051  0.1645873 0.0000e+00
        102      4.771    15.0447   2.954517     2.7814     2.7106     0.0051  0.1645873 0.0000e+00
        103      4.804    15.0442   2.954580     2.7790     2.7082     0.0051  0.1645873 0.0000e+00
        104      4.829    15.0450   2.954395     2.7778     2.7082     0.0051  0.1616569 0.0000e+00
        105      4.804    15.0475   2.954558     2.7766     2.7070     0.0049  0.1597033 0.0000e+00
        106      4.895    15.0504   2.955075     2.7766     2.7057     0.0049  0.1592149 0.0000e+00
        107      4.829    15.0527   2.955762     2.7766     2.7045     0.0051  0.1597033 0.0000e+00
        108      4.928    15.0515   2.956114     2.7729     2.7033     0.0049  0.1597033 0.0000e+00
        109      4.953    15.0489   2.956065     2.7717     2.7021     0.0051  0.1597033 0.0000e+00
        110      4.928    15.0466   2.955751     2.7705     2.7009     0.0049  0.1597033 0.0000e+00
        111      4.953    15.0432   2.955048     2.7705     2.6984     0.0049  0.1597033 0.0000e+00
        112      5.010    15.0406   2.954656     2.7692     2.6984     0.0049  0.1597033 0.0000e+00
        113      4.986    15.0387   2.954272     2.7668     2.6960     0.0049  0.1597033 0.0000e+00
        114      5.076    15.0388   2.953859     2.7643     2.6947     0.0049  0.1597033 0.0000e+00
        115      4.986    15.0397   2.953763     2.7631     2.6923     0.0051  0.1597033 0.0000e+00
        116      5.076    15.0414   2.953889     2.7643     2.6911     0.0051  0.1597033 0.0000e+00
        117      5.134    15.0510   2.954901     2.7631     2.6886     0.0049  0.1597033 0.0000e+00
        118      5.109    15.0715   2.957914     2.7607     2.6874     0.0049  0.1597033 0.0000e+00
        119      5.134    15.0874   2.962687     2.7595     2.6850     0.0049  0.1597033 0.0000e+00
        120      5.175    15.1040   2.967657     2.7582     2.6850     0.0051  0.1597033 0.0000e+00
        121      5.134    15.1244   2.973044     2.7582     2.6825     0.0049  0.1597033 0.0000e+00
        122      5.258    15.1410   2.979343     2.7570     2.6813     0.0051  0.1597033 0.0000e+00
        123      5.233    15.1545   2.985114     2.7558     2.6801     0.0049  0.1597033 0.0000e+00
        124      5.200    15.1655   2.990099     2.7546     2.6789     0.0049  0.1597033 0.0000e+00
        125      5.291    15.1724   2.994144     2.7534     2.6777     0.0051  0.1597033 0.0000e+00
        126      5.258    15.1777   2.997498     2.7546     2.6764     0.0051  0.1592149 0.0000e+00
        127      5.315    15.1812   3.000474     2.7521     2.6752     0.0049  0.1597033 0.0000e+00
        128      5.291    15.1827   3.002851     2.7509     2.6740     0.0049  0.1597033 0.0000e+00
        129      5.381    15.1853   3.004744     2.7497     2.6740     0.0049  0.1606801 0.0000e+00
        130      5.381    15.1876   3.006325     2.7509     2.6728     0.0049  0.1650757 0.0000e+00
        131      5.357    15.1887   3.007475     2.7509     2.6703     0.0049  0.1665409 0.0000e+00
        132      5.381    15.1883   3.008231     2.7497     2.6703     0.0049  0.1665409 0.0000e+00
        133      5.480    15.1888   3.008850     2.7485     2.6715     0.0051  0.1665409 0.0000e+00
        134      5.439    15.1877   3.009081     2.7473     2.6691     0.0049  0.1665409 0.0000e+00
        135      5.439    15.1868   3.009207     2.7497     2.6691     0.0049  0.1660525 0.0000e+00
        136      5.480    15.1854   3.008915     2.7497     2.6679     0.0051  0.1660525 0.0000e+00
        137      5.505    15.1792   3.007889     2.7485     2.6679     0.0049  0.1665409 0.0000e+00
        138      5.538    15.1745   3.005974     2.7485     2.6679     0.0051  0.1665409 0.0000e+00
        139      5.563    15.1729   3.004334     2.7473     2.6654     0.0051  0.1665409 0.0000e+00
        140      5.563    15.1736   3.003717     2.7485     2.6667     0.0049  0.1665409 0.0000e+00
        141      5.596    15.1723   3.003581     2.7485     2.6654     0.0051  0.1665409 0.0000e+00
        142      5.629    15.1656   3.002593     2.7473     2.6654     0.0049  0.1665409 0.0000e+00
        143      5.629    15.1602   3.000477     2.7473     2.6654     0.0051  0.1660525 0.0000e+00
        144      5.662    15.1571   2.998682     2.7473     2.6667     0.0051  0.1665409 0.0000e+00
        145      5.686    15.1562   2.998138     2.7485     2.6667     0.0049  0.1665409 0.0000e+00
        146      5.662    15.1567   2.998426     2.7485     2.6667     0.0049  0.1665409 0.0000e+00
        147      5.744    15.1582   2.999016     2.7473     2.6667     0.0051  0.1660525 0.0000e+00
        148      5.744    15.1636   2.999944     2.7473     2.6667     0.0051  0.1665409 0.0000e+00
        149      5.719    15.1766   3.002692     2.7485     2.6679     0.0051  0.1665409 0.0000e+00
        150      5.810    15.2097   3.011788     2.7497     2.6679     0.0051  0.1660525 0.0000e+00
        151      5.785    15.2526   3.032214     2.7485     2.6679     0.0051  0.1665409 0.0000e+00
        152      5.868    15.2714   3.055178     2.7485     2.6679     0.0051  0.1665409 0.0000e+00
        153      5.810    15.2661   3.064299     2.7485     2.6679     0.0049  0.1665409 0.0000e+00
        154      5.843    15.2671   3.061436     2.7497     2.6679     0.0051  0.1660525 0.0000e+00
        155      5.934    15.2776   3.060913     2.7509     2.6679     0.0049  0.1616569 0.0000e+00
        156      5.868    15.3318   3.073482     2.7497     2.6691     0.0051  0.1577497 0.0000e+00
        157      5.967    15.3913   3.099704     2.7497     2.6691     0.0049  0.1567729 0.0000e+00
        158      5.934    15.4328   3.130552     2.7497     2.6691     0.0049  0.1567729 0.0000e+00
        159      5.967    15.4660   3.156563     2.7521     2.6691     0.0051  0.1572613 0.0000e+00
        160      5.991    15.4947   3.177269     2.7521     2.6691     0.0049  0.1572613 0.0000e+00
