code/data/2021/ctd_data_day2/station2_ctm_fil.cnv
* Sea-Bird SBE 9 Data File:
* FileName = C:\Users\CTD-User\Desktop\MAR440\day2\station2.hex
* Software Version Seasave V 7.26.2.13
* Temperature SN = 6313
* Conductivity SN = 4758
* Number of Bytes Per Scan = 37
* Number of Voltage Words = 4
* Number of Scans Averaged by the Deck Unit = 1
* NMEA Latitude = 58 19.95 N
* NMEA Longitude = 011 52.33 E
* NMEA UTC (Time) = Sep 22 2021 09:05:25
* NMEA baud rate = 4800
** Ship: Skagerrak
** Station: station2
** Operator: group2blue
# nquan = 9
# nvalues = 8194                        
# units = specified
# name 0 = scan: Scan Count
# name 1 = prDM: Pressure, Digiquartz [db]
# name 2 = t090C: Temperature [ITS-90, deg C]
# name 3 = c0S/m: Conductivity [S/m]
# name 4 = sbeox0V: Oxygen raw, SBE 43 [V]
# name 5 = sbeox1V: Oxygen raw, SBE 43, 2 [V]
# name 6 = flECO-AFL: Fluorescence, WET Labs ECO-AFL/FL [mg/m^3]
# name 7 = upoly0: Upoly 0, Turbidity
# name 8 = flag:  0.000e+00
# span 0 =          1,       8194       
# span 1 =      0.490,     46.006       
# span 2 =     7.9829,    16.1349       
# span 3 =   2.611598,   3.472334       
# span 4 =     0.4618,     3.0255       
# span 5 =     0.5156,     2.9259       
# span 6 =     0.0035,     0.0209       
# span 7 =  0.0885042,  0.2305465       
# span 8 = 0.0000e+00, 0.0000e+00       
# interval = seconds: 0.0416667
# start_time = Sep 22 2021 09:05:25 [NMEA time, header]
# bad_flag = -9.990e-29
*END*
[from data line 321]
        322      3.047    14.6728   2.887779     2.9806     2.8745     0.0062  0.2083300 0.0000e+00
        323      3.068    14.6737   2.888041     2.9807     2.8745     0.0062  0.2078969 0.0000e+00
        324      3.090    14.6746   2.888290     2.9808     2.8745     0.0062  0.2074185 0.0000e+00
        325      3.111    14.6755   2.888529     2.9808     2.8745     0.0062  0.2068924 0.0000e+00
        326      3.133    14.6764   2.888760     2.9809     2.8745     0.0057  0.2063319 0.0000e+00
        327      3.154    14.6773   2.888984     2.9810     2.8745     0.0055  0.2057738 0.0000e+00
        328      3.175    14.6782   2.889201     2.9811     2.8745     0.0055  0.2052491 0.0000e+00
        329      3.197    14.6791   2.889412     2.9811     2.8745     0.0055  0.2047652 0.0000e+00
        330      3.219    14.6801   2.889620     2.9812     2.8745     0.0055  0.2043196 0.0000e+00
        331      3.240    14.6811   2.889825     2.9813     2.8745     0.0055  0.2039083 0.0000e+00
        332      3.262    14.6821   2.890030     2.9813     2.8745     0.0055  0.2035268 0.0000e+00
        333      3.283    14.6832   2.890235     2.9814     2.8745     0.0055  0.2031715 0.0000e+00
        334      3.305    14.6844   2.890443     2.9814     2.8745     0.0055  0.2028400 0.0000e+00
        335      3.327    14.6856   2.890654     2.9815     2.8744     0.0055  0.2025300 0.0000e+00
        336      3.348    14.6869   2.890870     2.9815     2.8744     0.0055  0.2022393 0.0000e+00
        337      3.370    14.6883   2.891092     2.9816     2.8744     0.0055  0.2019668 0.0000e+00
        338      3.392    14.6898   2.891321     2.9816     2.8743     0.0055  0.2017113 0.0000e+00
        339      3.413    14.6914   2.891558     2.9817     2.8743     0.0055  0.2014712 0.0000e+00
        340      3.435    14.6931   2.891807     2.9817     2.8742     0.0055  0.2012448 0.0000e+00
        341      3.457    14.6950   2.892067     2.9817     2.8742     0.0055  0.2010296 0.0000e+00
        342      3.479    14.6969   2.892341     2.9818     2.8741     0.0055  0.2008241 0.0000e+00
        343      3.501    14.6991   2.892630     2.9818     2.8741     0.0055  0.2006287 0.0000e+00
        344      3.523    14.7013   2.892933     2.9818     2.8740     0.0055  0.2004427 0.0000e+00
        345      3.545    14.7037   2.893252     2.9819     2.8740     0.0055  0.2002649 0.0000e+00
        346      3.567    14.7063   2.893588     2.9819     2.8739     0.0055  0.2000933 0.0000e+00
        347      3.589    14.7091   2.893945     2.9819     2.8738     0.0055  0.1999248 0.0000e+00
        348      3.611    14.7121   2.894324     2.9819     2.8737     0.0055  0.1997576 0.0000e+00
        349      3.633    14.7153   2.894726     2.9819     2.8737     0.0055  0.1995904 0.0000e+00
        350      3.656    14.7187   2.895154     2.9820     2.8736     0.0055  0.1994230 0.0000e+00
        351      3.678    14.7223   2.895611     2.9820     2.8735     0.0055  0.1992557 0.0000e+00
        352      3.700    14.7263   2.896097     2.9820     2.8734     0.0060  0.1990893 0.0000e+00
        353      3.722    14.7305   2.896616     2.9820     2.8733     0.0062  0.1989243 0.0000e+00
        354      3.745    14.7350   2.897171     2.9820     2.8732     0.0062  0.1987602 0.0000e+00
        355      3.767    14.7398   2.897764     2.9820     2.8731     0.0062  0.1985961 0.0000e+00
        356      3.789    14.7450   2.898398     2.9820     2.8730     0.0062  0.1984307 0.0000e+00
        357      3.812    14.7506   2.899076     2.9820     2.8729     0.0062  0.1982629 0.0000e+00
        358      3.834    14.7565   2.899800     2.9820     2.8728     0.0062  0.1980915 0.0000e+00
        359      3.856    14.7627   2.900571     2.9820     2.8727     0.0062  0.1979154 0.0000e+00
        360      3.879    14.7694   2.901392     2.9819     2.8726     0.0062  0.1977333 0.0000e+00
        361      3.901    14.7765   2.902265     2.9819     2.8725     0.0062  0.1975440 0.0000e+00
        362      3.924    14.7840   2.903194     2.9819     2.8724     0.0062  0.1973461 0.0000e+00
        363      3.946    14.7920   2.904184     2.9818     2.8724     0.0062  0.1971391 0.0000e+00
        364      3.969    14.8006   2.905242     2.9818     2.8723     0.0062  0.1969224 0.0000e+00
        365      3.991    14.8096   2.906367     2.9817     2.8722     0.0062  0.1966937 0.0000e+00
        366      4.014    14.8189   2.907550     2.9817     2.8721     0.0062  0.1964505 0.0000e+00
        367      4.036    14.8284   2.908776     2.9816     2.8720     0.0062  0.1961911 0.0000e+00
        368      4.059    14.8380   2.910029     2.9815     2.8719     0.0062  0.1959137 0.0000e+00
        369      4.082    14.8478   2.911300     2.9814     2.8719     0.0062  0.1956165 0.0000e+00
        370      4.104    14.8576   2.912580     2.9814     2.8718     0.0062  0.1952972 0.0000e+00
        371      4.127    14.8673   2.913866     2.9813     2.8717     0.0062  0.1949538 0.0000e+00
        372      4.150    14.8770   2.915151     2.9812     2.8716     0.0062  0.1945838 0.0000e+00
        373      4.172    14.8867   2.916437     2.9812     2.8716     0.0062  0.1941846 0.0000e+00
        374      4.195    14.8964   2.917728     2.9811     2.8715     0.0062  0.1937535 0.0000e+00
        375      4.218    14.9061   2.919032     2.9810     2.8714     0.0062  0.1932874 0.0000e+00
        376      4.241    14.9158   2.920356     2.9809     2.8714     0.0062  0.1927841 0.0000e+00
        377      4.264    14.9256   2.921707     2.9808     2.8713     0.0057  0.1922535 0.0000e+00
        378      4.286    14.9355   2.923085     2.9807     2.8713     0.0055  0.1917242 0.0000e+00
        379      4.309    14.9455   2.924491     2.9806     2.8712     0.0055  0.1912206 0.0000e+00
        380      4.332    14.9556   2.925927     2.9806     2.8712     0.0055  0.1907486 0.0000e+00
        381      4.355    14.9658   2.927396     2.9805     2.8712     0.0055  0.1903048 0.0000e+00
        382      4.378    14.9764   2.928909     2.9804     2.8712     0.0055  0.1898845 0.0000e+00
        383      4.401    14.9874   2.930476     2.9803     2.8711     0.0055  0.1894839 0.0000e+00
        384      4.424    14.9989   2.932110     2.9802     2.8711     0.0055  0.1891002 0.0000e+00
        385      4.447    15.0109   2.933821     2.9802     2.8711     0.0055  0.1887307 0.0000e+00
        386      4.470    15.0233   2.935612     2.9801     2.8711     0.0055  0.1883729 0.0000e+00
        387      4.493    15.0361   2.937475     2.9801     2.8711     0.0055  0.1880242 0.0000e+00
        388      4.516    15.0489   2.939389     2.9800     2.8711     0.0055  0.1876823 0.0000e+00
        389      4.538    15.0617   2.941331     2.9800     2.8711     0.0055  0.1873448 0.0000e+00
        390      4.561    15.0743   2.943282     2.9799     2.8711     0.0055  0.1870093 0.0000e+00
        391      4.585    15.0868   2.945228     2.9799     2.8711     0.0055  0.1866735 0.0000e+00
        392      4.608    15.0991   2.947159     2.9799     2.8711     0.0055  0.1863351 0.0000e+00
        393      4.631    15.1111   2.949064     2.9799     2.8711     0.0055  0.1859916 0.0000e+00
        394      4.654    15.1228   2.950939     2.9798     2.8711     0.0055  0.1856408 0.0000e+00
        395      4.677    15.1344   2.952783     2.9798     2.8711     0.0055  0.1852801 0.0000e+00
        396      4.700    15.1456   2.954599     2.9798     2.8711     0.0055  0.1849072 0.0000e+00
        397      4.723    15.1567   2.956389     2.9798     2.8710     0.0055  0.1845192 0.0000e+00
        398      4.746    15.1675   2.958150     2.9798     2.8710     0.0055  0.1841137 0.0000e+00
        399      4.769    15.1781   2.959881     2.9798     2.8710     0.0055  0.1836876 0.0000e+00
        400      4.792    15.1884   2.961580     2.9798     2.8709     0.0055  0.1832391 0.0000e+00
        401      4.815    15.1986   2.963249     2.9798     2.8709     0.0053  0.1827657 0.0000e+00
        402      4.838    15.2085   2.964886     2.9798     2.8708     0.0053  0.1822684 0.0000e+00
        403      4.861    15.2182   2.966493     2.9798     2.8707     0.0049  0.1817624 0.0000e+00
        404      4.883    15.2277   2.968072     2.9797     2.8706     0.0049  0.1812714 0.0000e+00
        405      4.906    15.2371   2.969624     2.9797     2.8704     0.0049  0.1808082 0.0000e+00
        406      4.929    15.2462   2.971149     2.9796     2.8703     0.0049  0.1803720 0.0000e+00
        407      4.952    15.2552   2.972651     2.9795     2.8701     0.0049  0.1799582 0.0000e+00
        408      4.975    15.2641   2.974130     2.9794     2.8700     0.0049  0.1795629 0.0000e+00
        409      4.998    15.2728   2.975589     2.9793     2.8698     0.0049  0.1791835 0.0000e+00
        410      5.021    15.2814   2.977029     2.9792     2.8695     0.0049  0.1788173 0.0000e+00
        411      5.044    15.2898   2.978449     2.9791     2.8693     0.0049  0.1784617 0.0000e+00
        412      5.067    15.2981   2.979850     2.9789     2.8690     0.0049  0.1781143 0.0000e+00
        413      5.090    15.3064   2.981239     2.9787     2.8687     0.0049  0.1777727 0.0000e+00
        414      5.113    15.3147   2.982623     2.9785     2.8684     0.0049  0.1774345 0.0000e+00
        415      5.136    15.3230   2.984011     2.9783     2.8680     0.0051  0.1770973 0.0000e+00
        416      5.159    15.3314   2.985411     2.9781     2.8676     0.0049  0.1767587 0.0000e+00
        417      5.182    15.3398   2.986827     2.9779     2.8672     0.0051  0.1764166 0.0000e+00
        418      5.205    15.3484   2.988262     2.9776     2.8667     0.0049  0.1760683 0.0000e+00
        419      5.228    15.3570   2.989717     2.9773     2.8662     0.0049  0.1757116 0.0000e+00
        420      5.251    15.3658   2.991191     2.9770     2.8657     0.0049  0.1753440 0.0000e+00
        421      5.274    15.3746   2.992682     2.9767     2.8651     0.0049  0.1749629 0.0000e+00
        422      5.296    15.3834   2.994186     2.9763     2.8645     0.0049  0.1745656 0.0000e+00
        423      5.319    15.3923   2.995704     2.9759     2.8639     0.0049  0.1741493 0.0000e+00
        424      5.342    15.4014   2.997238     2.9755     2.8632     0.0051  0.1737113 0.0000e+00
        425      5.364    15.4105   2.998793     2.9750     2.8624     0.0049  0.1732467 0.0000e+00
        426      5.387    15.4198   3.000367     2.9745     2.8617     0.0049  0.1727505 0.0000e+00
        427      5.410    15.4291   3.001955     2.9739     2.8608     0.0049  0.1722212 0.0000e+00
        428      5.432    15.4384   3.003550     2.9734     2.8600     0.0049  0.1716693 0.0000e+00
        429      5.455    15.4476   3.005143     2.9728     2.8591     0.0048  0.1711251 0.0000e+00
        430      5.478    15.4567   3.006725     2.9722     2.8581     0.0048  0.1706145 0.0000e+00
        431      5.500    15.4657   3.008289     2.9715     2.8571     0.0048  0.1701424 0.0000e+00
        432      5.523    15.4746   3.009827     2.9708     2.8561     0.0048  0.1697048 0.0000e+00
        433      5.546    15.4832   3.011336     2.9701     2.8550     0.0048  0.1692976 0.0000e+00
        434      5.568    15.4917   3.012817     2.9694     2.8539     0.0048  0.1689189 0.0000e+00
        435      5.591    15.5001   3.014272     2.9686     2.8527     0.0048  0.1685670 0.0000e+00
        436      5.613    15.5083   3.015704     2.9678     2.8515     0.0048  0.1682385 0.0000e+00
        437      5.635    15.5165   3.017117     2.9669     2.8503     0.0048  0.1679295 0.0000e+00
        438      5.658    15.5245   3.018513     2.9660     2.8490     0.0048  0.1676378 0.0000e+00
        439      5.681    15.5325   3.019901     2.9651     2.8477     0.0048  0.1673621 0.0000e+00
        440      5.703    15.5405   3.021292     2.9641     2.8464     0.0048  0.1671007 0.0000e+00
        441      5.725    15.5487   3.022695     2.9630     2.8450     0.0048  0.1668526 0.0000e+00
        442      5.747    15.5571   3.024121     2.9620     2.8436     0.0048  0.1666168 0.0000e+00
        443      5.769    15.5657   3.025577     2.9609     2.8421     0.0048  0.1663917 0.0000e+00
        444      5.792    15.5744   3.027066     2.9597     2.8406     0.0048  0.1661749 0.0000e+00
        445      5.814    15.5833   3.028590     2.9585     2.8391     0.0048  0.1659641 0.0000e+00
        446      5.836    15.5923   3.030147     2.9573     2.8376     0.0048  0.1657586 0.0000e+00
        447      5.858    15.6013   3.031737     2.9561     2.8360     0.0048  0.1655570 0.0000e+00
        448      5.880    15.6105   3.033360     2.9548     2.8344     0.0048  0.1653571 0.0000e+00
        449      5.902    15.6197   3.035017     2.9535     2.8328     0.0048  0.1651583 0.0000e+00
        450      5.924    15.6290   3.036706     2.9521     2.8312     0.0048  0.1649600 0.0000e+00
        451      5.946    15.6383   3.038420     2.9507     2.8296     0.0048  0.1647601 0.0000e+00
        452      5.967    15.6475   3.040151     2.9493     2.8279     0.0048  0.1645563 0.0000e+00
        453      5.989    15.6568   3.041895     2.9478     2.8262     0.0048  0.1643489 0.0000e+00
        454      6.011    15.6660   3.043646     2.9464     2.8245     0.0048  0.1641423 0.0000e+00
        455      6.032    15.6752   3.045406     2.9449     2.8228     0.0048  0.1639429 0.0000e+00
        456      6.054    15.6844   3.047178     2.9433     2.8210     0.0048  0.1637534 0.0000e+00
        457      6.075    15.6936   3.048964     2.9418     2.8193     0.0048  0.1635743 0.0000e+00
        458      6.097    15.7027   3.050767     2.9402     2.8175     0.0048  0.1634042 0.0000e+00
        459      6.119    15.7119   3.052582     2.9385     2.8156     0.0049  0.1632404 0.0000e+00
        460      6.140    15.7209   3.054400     2.9369     2.8138     0.0048  0.1630808 0.0000e+00
        461      6.161    15.7298   3.056211     2.9352     2.8119     0.0048  0.1629251 0.0000e+00
        462      6.183    15.7385   3.058001     2.9335     2.8100     0.0048  0.1627732 0.0000e+00
        463      6.205    15.7469   3.059754     2.9318     2.8082     0.0048  0.1626239 0.0000e+00
        464      6.226    15.7548   3.061449     2.9301     2.8062     0.0048  0.1624763 0.0000e+00
        465      6.247    15.7624   3.063071     2.9283     2.8043     0.0048  0.1623284 0.0000e+00
        466      6.268    15.7694   3.064610     2.9265     2.8024     0.0048  0.1621784 0.0000e+00
        467      6.289    15.7760   3.066060     2.9247     2.8004     0.0048  0.1620261 0.0000e+00
        468      6.311    15.7822   3.067418     2.9228     2.7984     0.0048  0.1618712 0.0000e+00
        469      6.332    15.7879   3.068686     2.9209     2.7964     0.0048  0.1617119 0.0000e+00
        470      6.353    15.7931   3.069863     2.9190     2.7944     0.0048  0.1615462 0.0000e+00
        471      6.374    15.7980   3.070954     2.9171     2.7924     0.0048  0.1613729 0.0000e+00
        472      6.395    15.8025   3.071965     2.9151     2.7903     0.0048  0.1611908 0.0000e+00
        473      6.416    15.8067   3.072903     2.9132     2.7883     0.0048  0.1609987 0.0000e+00
        474      6.437    15.8107   3.073776     2.9112     2.7862     0.0048  0.1607961 0.0000e+00
        475      6.458    15.8144   3.074592     2.9091     2.7841     0.0048  0.1605824 0.0000e+00
        476      6.478    15.8179   3.075358     2.9071     2.7820     0.0048  0.1603553 0.0000e+00
        477      6.499    15.8212   3.076076     2.9050     2.7799     0.0048  0.1601123 0.0000e+00
        478      6.520    15.8243   3.076748     2.9029     2.7778     0.0048  0.1598527 0.0000e+00
        479      6.541    15.8272   3.077375     2.9008     2.7756     0.0059  0.1595805 0.0000e+00
        480      6.562    15.8299   3.077956     2.8987     2.7735     0.0066  0.1593065 0.0000e+00
