code/data/2021/ctd_data_day2/station3_ctm_fil.cnv
* Sea-Bird SBE 9 Data File:
* FileName = C:\Users\CTD-User\Desktop\MAR440\day2\station3.hex
* Software Version Seasave V 7.26.2.13
* Temperature SN = 6313
* Conductivity SN = 4758
* Number of Bytes Per Scan = 37
* Number of Voltage Words = 4
* Number of Scans Averaged by the Deck Unit = 1
* NMEA Latitude = 58 19.70 N
* NMEA Longitude = 011 51.29 E
* NMEA UTC (Time) = Sep 22 2021 09:36:18
* NMEA baud rate = 4800
** Ship: Skagerrak
** Station: station3
** Operator: group2purple
# nquan = 9
# nvalues = 3261                        
# units = specified
# name 0 = scan: Scan Count
# name 1 = prDM: Pressure, Digiquartz [db]
# name 2 = t090C: Temperature [ITS-90, deg C]
# name 3 = c0S/m: Conductivity [S/m]
# name 4 = sbeox0V: Oxygen raw, SBE 43 [V]
# name 5 = sbeox1V: Oxygen raw, SBE 43, 2 [V]
# name 6 = flECO-AFL: Fluorescence, WET Labs ECO-AFL/FL [mg/m^3]
# name 7 = upoly0: Upoly 0, Turbidity
# name 8 = flag:  0.000e+00
# span 0 =          1,       3261       
# span 1 =      0.798,     17.164       
# span 2 =    10.5794,    16.1805       
# span 3 =   2.674562,   3.477897       
# span 4 =     1.0037,     2.9284       
# span 5 =     1.0402,     2.8631       
# span 6 =     0.0035,     0.0081       
# span 7 =  0.0885866,  0.2372454       
# span 8 = 0.0000e+00, 0.0000e+00       
# interval = seconds: 0.0416667
# start_time = Sep 22 2021 09:36:18 [NMEA time, header]
# bad_flag = -9.990e-29
*END*
[from data line 2881]
       2882     12.001    14.6115   3.402007     2.0521     2.0215     0.0044  0.0919078 0.0000e+00
       2883     12.023    14.5961   3.402018     2.0471     2.0167     0.0042  0.0918734 0.0000e+00
       2884     12.045    14.5801   3.401990     2.0420     2.0119     0.0044  0.0918428 0.0000e+00
       2885     12.066    14.5632   3.401927     2.0368     2.0070     0.0044  0.0918158 0.0000e+00
       2886     12.088    14.5456   3.401835     2.0317     2.0021     0.0044  0.0917922 0.0000e+00
       2887     12.110    14.5271   3.401718     2.0266     1.9973     0.0044  0.0917701 0.0000e+00
       2888     12.132    14.5076   3.401580     2.0214     1.9924     0.0044  0.0917477 0.0000e+00
       2889     12.153    14.4870   3.401425     2.0163     1.9875     0.0044  0.0917265 0.0000e+00
       2890     12.175    14.4654   3.401260     2.0111     1.9825     0.0044  0.0917081 0.0000e+00
       2891     12.197    14.4429   3.401091     2.0059     1.9776     0.0044  0.0916924 0.0000e+00
       2892     12.219    14.4196   3.400929     2.0007     1.9727     0.0044  0.0916792 0.0000e+00
       2893     12.241    14.3957   3.400785     1.9955     1.9677     0.0044  0.0916667 0.0000e+00
       2894     12.262    14.3711   3.400674     1.9902     1.9627     0.0044  0.0916532 0.0000e+00
       2895     12.284    14.3463   3.400607     1.9850     1.9577     0.0044  0.0916394 0.0000e+00
       2896     12.306    14.3214   3.400599     1.9798     1.9527     0.0044  0.0916261 0.0000e+00
       2897     12.328    14.2967   3.400655     1.9745     1.9476     0.0044  0.0916140 0.0000e+00
       2898     12.349    14.2722   3.400773     1.9692     1.9426     0.0044  0.0916023 0.0000e+00
       2899     12.371    14.2476   3.400945     1.9638     1.9375     0.0044  0.0915890 0.0000e+00
       2900     12.393    14.2229   3.401156     1.9585     1.9325     0.0044  0.0915759 0.0000e+00
       2901     12.415    14.1982   3.401388     1.9531     1.9274     0.0044  0.0915645 0.0000e+00
       2902     12.437    14.1734   3.401626     1.9478     1.9223     0.0044  0.0915530 0.0000e+00
       2903     12.458    14.1486   3.401858     1.9424     1.9171     0.0044  0.0915397 0.0000e+00
       2904     12.480    14.1238   3.402079     1.9371     1.9120     0.0044  0.0915262 0.0000e+00
       2905     12.502    14.0993   3.402285     1.9316     1.9069     0.0042  0.0915141 0.0000e+00
       2906     12.524    14.0750   3.402473     1.9262     1.9017     0.0042  0.0915033 0.0000e+00
       2907     12.546    14.0512   3.402644     1.9208     1.8966     0.0042  0.0914937 0.0000e+00
       2908     12.568    14.0280   3.402800     1.9154     1.8914     0.0042  0.0914853 0.0000e+00
       2909     12.589    14.0056   3.402943     1.9099     1.8862     0.0042  0.0914779 0.0000e+00
       2910     12.611    13.9840   3.403076     1.9044     1.8810     0.0042  0.0914717 0.0000e+00
       2911     12.633    13.9631   3.403203     1.8989     1.8759     0.0042  0.0914647 0.0000e+00
       2912     12.654    13.9431   3.403327     1.8935     1.8707     0.0042  0.0914553 0.0000e+00
       2913     12.676    13.9239   3.403449     1.8880     1.8655     0.0042  0.0914450 0.0000e+00
       2914     12.698    13.9056   3.403573     1.8825     1.8603     0.0042  0.0914339 0.0000e+00
       2915     12.719    13.8881   3.403698     1.8770     1.8551     0.0042  0.0914202 0.0000e+00
       2916     12.741    13.8712   3.403823     1.8715     1.8499     0.0042  0.0914053 0.0000e+00
       2917     12.762    13.8549   3.403947     1.8660     1.8447     0.0042  0.0913911 0.0000e+00
       2918     12.784    13.8391   3.404066     1.8605     1.8395     0.0042  0.0913772 0.0000e+00
       2919     12.805    13.8238   3.404176     1.8550     1.8344     0.0042  0.0913638 0.0000e+00
       2920     12.827    13.8089   3.404275     1.8496     1.8292     0.0042  0.0913488 0.0000e+00
       2921     12.848    13.7941   3.404360     1.8441     1.8241     0.0042  0.0913307 0.0000e+00
       2922     12.869    13.7795   3.404429     1.8387     1.8190     0.0042  0.0913108 0.0000e+00
       2923     12.890    13.7648   3.404480     1.8333     1.8138     0.0042  0.0912909 0.0000e+00
       2924     12.911    13.7501   3.404512     1.8279     1.8087     0.0042  0.0912707 0.0000e+00
       2925     12.932    13.7353   3.404524     1.8225     1.8037     0.0042  0.0912500 0.0000e+00
       2926     12.953    13.7203   3.404513     1.8171     1.7986     0.0042  0.0912289 0.0000e+00
       2927     12.974    13.7048   3.404476     1.8118     1.7935     0.0042  0.0912071 0.0000e+00
       2928     12.995    13.6888   3.404412     1.8064     1.7885     0.0042  0.0911844 0.0000e+00
       2929     13.015    13.6724   3.404320     1.8011     1.7835     0.0042  0.0911608 0.0000e+00
       2930     13.035    13.6555   3.404200     1.7958     1.7785     0.0042  0.0911359 0.0000e+00
       2931     13.055    13.6384   3.404050     1.7905     1.7735     0.0044  0.0911107 0.0000e+00
       2932     13.075    13.6210   3.403872     1.7853     1.7686     0.0042  0.0910864 0.0000e+00
       2933     13.094    13.6037   3.403669     1.7800     1.7636     0.0044  0.0910639 0.0000e+00
       2934     13.114    13.5864   3.403445     1.7748     1.7587     0.0044  0.0910429 0.0000e+00
       2935     13.133    13.5693   3.403205     1.7696     1.7538     0.0044  0.0910234 0.0000e+00
       2936     13.152    13.5526   3.402955     1.7644     1.7490     0.0044  0.0910051 0.0000e+00
       2937     13.170    13.5364   3.402701     1.7592     1.7441     0.0044  0.0909880 0.0000e+00
       2938     13.189    13.5207   3.402450     1.7541     1.7393     0.0044  0.0909711 0.0000e+00
       2939     13.207    13.5055   3.402205     1.7490     1.7345     0.0044  0.0909534 0.0000e+00
       2940     13.225    13.4907   3.401970     1.7439     1.7297     0.0044  0.0909356 0.0000e+00
       2941     13.242    13.4763   3.401748     1.7388     1.7249     0.0042  0.0909186 0.0000e+00
       2942     13.260    13.4625   3.401541     1.7337     1.7202     0.0044  0.0909020 0.0000e+00
       2943     13.277    13.4491   3.401350     1.7286     1.7154     0.0044  0.0908860 0.0000e+00
       2944     13.294    13.4361   3.401175     1.7235     1.7107     0.0044  0.0908702 0.0000e+00
       2945     13.311    13.4234   3.401015     1.7185     1.7059     0.0044  0.0908547 0.0000e+00
       2946     13.328    13.4109   3.400868     1.7134     1.7012     0.0044  0.0908393 0.0000e+00
       2947     13.344    13.3986   3.400731     1.7084     1.6965     0.0044  0.0908238 0.0000e+00
       2948     13.360    13.3867   3.400605     1.7035     1.6918     0.0044  0.0908083 0.0000e+00
       2949     13.375    13.3753   3.400488     1.6985     1.6871     0.0044  0.0907926 0.0000e+00
       2950     13.391    13.3643   3.400382     1.6935     1.6824     0.0044  0.0907765 0.0000e+00
       2951     13.406    13.3537   3.400286     1.6885     1.6778     0.0044  0.0907600 0.0000e+00
       2952     13.421    13.3434   3.400199     1.6836     1.6731     0.0044  0.0907430 0.0000e+00
       2953     13.437    13.3331   3.400121     1.6787     1.6685     0.0044  0.0907253 0.0000e+00
       2954     13.452    13.3228   3.400054     1.6738     1.6638     0.0044  0.0907068 0.0000e+00
       2955     13.467    13.3127   3.399997     1.6689     1.6592     0.0044  0.0906874 0.0000e+00
       2956     13.482    13.3026   3.399952     1.6640     1.6546     0.0040  0.0906669 0.0000e+00
       2957     13.496    13.2926   3.399918     1.6591     1.6500     0.0040  0.0906461 0.0000e+00
       2958     13.511    13.2826   3.399895     1.6543     1.6454     0.0040  0.0906265 0.0000e+00
       2959     13.525    13.2726   3.399884     1.6494     1.6408     0.0040  0.0906088 0.0000e+00
       2960     13.539    13.2625   3.399886     1.6446     1.6362     0.0042  0.0905921 0.0000e+00
       2961     13.553    13.2524   3.399901     1.6398     1.6317     0.0040  0.0905754 0.0000e+00
       2962     13.567    13.2425   3.399933     1.6349     1.6271     0.0040  0.0905593 0.0000e+00
       2963     13.581    13.2326   3.399984     1.6301     1.6225     0.0040  0.0905447 0.0000e+00
       2964     13.595    13.2227   3.400056     1.6254     1.6180     0.0040  0.0905315 0.0000e+00
       2965     13.609    13.2130   3.400152     1.6206     1.6135     0.0040  0.0905195 0.0000e+00
       2966     13.623    13.2033   3.400271     1.6158     1.6090     0.0040  0.0905087 0.0000e+00
       2967     13.637    13.1934   3.400413     1.6110     1.6045     0.0040  0.0904991 0.0000e+00
       2968     13.651    13.1834   3.400578     1.6063     1.6001     0.0040  0.0904904 0.0000e+00
       2969     13.665    13.1731   3.400764     1.6016     1.5957     0.0040  0.0904827 0.0000e+00
       2970     13.679    13.1627   3.400973     1.5969     1.5913     0.0042  0.0904760 0.0000e+00
       2971     13.693    13.1522   3.401202     1.5923     1.5870     0.0040  0.0904701 0.0000e+00
       2972     13.706    13.1415   3.401450     1.5877     1.5827     0.0040  0.0904650 0.0000e+00
       2973     13.720    13.1306   3.401716     1.5831     1.5784     0.0040  0.0904608 0.0000e+00
       2974     13.734    13.1195   3.401997     1.5786     1.5742     0.0040  0.0904573 0.0000e+00
       2975     13.747    13.1080   3.402289     1.5741     1.5700     0.0040  0.0904545 0.0000e+00
       2976     13.761    13.0963   3.402588     1.5696     1.5658     0.0040  0.0904525 0.0000e+00
       2977     13.775    13.0842   3.402890     1.5651     1.5617     0.0040  0.0904512 0.0000e+00
       2978     13.789    13.0717   3.403194     1.5607     1.5576     0.0040  0.0904506 0.0000e+00
       2979     13.802    13.0590   3.403500     1.5563     1.5535     0.0040  0.0904507 0.0000e+00
       2980     13.816    13.0464   3.403811     1.5519     1.5495     0.0040  0.0904514 0.0000e+00
       2981     13.829    13.0335   3.404126     1.5476     1.5455     0.0040  0.0904529 0.0000e+00
       2982     13.843    13.0208   3.404449     1.5433     1.5415     0.0038  0.0904551 0.0000e+00
       2983     13.856    13.0088   3.404781     1.5390     1.5376     0.0038  0.0904580 0.0000e+00
       2984     13.870    12.9968   3.405123     1.5347     1.5338     0.0038  0.0904617 0.0000e+00
       2985     13.883    12.9844   3.405474     1.5305     1.5299     0.0038  0.0904662 0.0000e+00
       2986     13.897    12.9715   3.405834     1.5264     1.5261     0.0038  0.0904714 0.0000e+00
       2987     13.910    12.9591   3.406210     1.5223     1.5223     0.0038  0.0904775 0.0000e+00
       2988     13.924    12.9483   3.406605     1.5182     1.5186     0.0038  0.0904845 0.0000e+00
       2989     13.938    12.9380   3.407018     1.5141     1.5149     0.0038  0.0904924 0.0000e+00
       2990     13.951    12.9275   3.407443     1.5101     1.5113     0.0038  0.0905013 0.0000e+00
       2991     13.965    12.9169   3.407881     1.5061     1.5076     0.0038  0.0905112 0.0000e+00
       2992     13.979    12.9061   3.408329     1.5021     1.5041     0.0038  0.0905223 0.0000e+00
       2993     13.992    12.8954   3.408787     1.4982     1.5005     0.0038  0.0905346 0.0000e+00
       2994     14.006    12.8851   3.409257     1.4943     1.4970     0.0038  0.0905481 0.0000e+00
       2995     14.019    12.8750   3.409740     1.4904     1.4935     0.0038  0.0905630 0.0000e+00
       2996     14.033    12.8647   3.410235     1.4866     1.4901     0.0038  0.0905794 0.0000e+00
       2997     14.046    12.8543   3.410745     1.4829     1.4867     0.0038  0.0905974 0.0000e+00
       2998     14.059    12.8438   3.411268     1.4792     1.4834     0.0038  0.0906172 0.0000e+00
       2999     14.073    12.8331   3.411805     1.4755     1.4800     0.0038  0.0906387 0.0000e+00
       3000     14.086    12.8224   3.412351     1.4719     1.4767     0.0038  0.0906615 0.0000e+00
       3001     14.100    12.8116   3.412902     1.4683     1.4735     0.0038  0.0906846 0.0000e+00
       3002     14.113    12.8007   3.413458     1.4647     1.4703     0.0038  0.0907093 0.0000e+00
       3003     14.127    12.7899   3.414014     1.4612     1.4671     0.0038  0.0907365 0.0000e+00
       3004     14.140    12.7790   3.414570     1.4577     1.4639     0.0038  0.0907663 0.0000e+00
       3005     14.154    12.7681   3.415122     1.4543     1.4608     0.0038  0.0907999 0.0000e+00
       3006     14.167    12.7572   3.415668     1.4509     1.4577     0.0040  0.0908375 0.0000e+00
       3007     14.180    12.7464   3.416209     1.4475     1.4546     0.0040  0.0908759 0.0000e+00
       3008     14.193    12.7356   3.416743     1.4441     1.4516     0.0042  0.0909120 0.0000e+00
       3009     14.207    12.7248   3.417271     1.4408     1.4485     0.0038  0.0909444 0.0000e+00
       3010     14.220    12.7141   3.417795     1.4376     1.4455     0.0042  0.0909724 0.0000e+00
       3011     14.233    12.7036   3.418319     1.4343     1.4426     0.0042  0.0909971 0.0000e+00
       3012     14.246    12.6932   3.418843     1.4311     1.4396     0.0042  0.0910195 0.0000e+00
       3013     14.259    12.6828   3.419371     1.4279     1.4367     0.0042  0.0910398 0.0000e+00
       3014     14.272    12.6725   3.419906     1.4247     1.4338     0.0042  0.0910581 0.0000e+00
       3015     14.285    12.6622   3.420452     1.4216     1.4309     0.0042  0.0910728 0.0000e+00
       3016     14.298    12.6517   3.421010     1.4185     1.4281     0.0042  0.0910823 0.0000e+00
       3017     14.311    12.6414   3.421585     1.4154     1.4253     0.0042  0.0910884 0.0000e+00
       3018     14.324    12.6313   3.422178     1.4123     1.4225     0.0042  0.0910929 0.0000e+00
       3019     14.337    12.6212   3.422787     1.4093     1.4197     0.0042  0.0910940 0.0000e+00
       3020     14.349    12.6112   3.423412     1.4063     1.4169     0.0042  0.0910901 0.0000e+00
       3021     14.362    12.6012   3.424051     1.4033     1.4142     0.0042  0.0910829 0.0000e+00
       3022     14.375    12.5913   3.424702     1.4004     1.4115     0.0042  0.0910739 0.0000e+00
       3023     14.388    12.5813   3.425363     1.3974     1.4088     0.0042  0.0910632 0.0000e+00
       3024     14.400    12.5713   3.426030     1.3945     1.4061     0.0042  0.0910507 0.0000e+00
       3025     14.413    12.5614   3.426700     1.3917     1.4034     0.0042  0.0910363 0.0000e+00
       3026     14.426    12.5516   3.427371     1.3888     1.4008     0.0042  0.0910181 0.0000e+00
       3027     14.439    12.5419   3.428039     1.3859     1.3982     0.0042  0.0909944 0.0000e+00
       3028     14.451    12.5323   3.428705     1.3830     1.3956     0.0042  0.0909666 0.0000e+00
       3029     14.464    12.5227   3.429368     1.3802     1.3930     0.0042  0.0909364 0.0000e+00
       3030     14.477    12.5133   3.430029     1.3774     1.3904     0.0042  0.0909034 0.0000e+00
       3031     14.489    12.5039   3.430686     1.3746     1.3879     0.0042  0.0908675 0.0000e+00
       3032     14.502    12.4946   3.431340     1.3719     1.3853     0.0040  0.0908284 0.0000e+00
       3033     14.514    12.4855   3.431990     1.3691     1.3828     0.0037  0.0907875 0.0000e+00
       3034     14.527    12.4767   3.432637     1.3663     1.3803     0.0037  0.0907479 0.0000e+00
       3035     14.539    12.4683   3.433282     1.3636     1.3778     0.0037  0.0907112 0.0000e+00
       3036     14.552    12.4601   3.433924     1.3609     1.3753     0.0037  0.0906769 0.0000e+00
       3037     14.564    12.4521   3.434563     1.3582     1.3728     0.0037  0.0906449 0.0000e+00
       3038     14.577    12.4442   3.435199     1.3555     1.3703     0.0035  0.0906149 0.0000e+00
       3039     14.589    12.4364   3.435835     1.3528     1.3678     0.0037  0.0905868 0.0000e+00
       3040     14.602    12.4288   3.436470     1.3501     1.3654     0.0037  0.0905604 0.0000e+00
