code/data/2021/ctd_data_day2/station1_ctm.cnv
* Sea-Bird SBE 9 Data File:
* FileName = C:\Users\CTD-User\Desktop\MAR440\day2\station1.hex
* Software Version Seasave V 7.26.2.13
* Temperature SN = 6313
* Conductivity SN = 4758
* Number of Bytes Per Scan = 37
* Number of Voltage Words = 4
* Number of Scans Averaged by the Deck Unit = 1
* NMEA Latitude = 58 20.54 N
* NMEA Longitude = 011 54.21 E
* NMEA UTC (Time) = Sep 22 2021 08:39:44
* NMEA baud rate = 4800
** Ship: Skagerak
** Station: 1
** Operator: JD
# nquan = 9
# nvalues = 2892                        
# units = specified
# name 0 = scan: Scan Count
# name 1 = prDM: Pressure, Digiquartz [db]
# name 2 = t090C: Temperature [ITS-90, deg C]
# name 3 = c0S/m: Conductivity [S/m]
# name 4 = sbeox0V: Oxygen raw, SBE 43 [V]
# name 5 = sbeox1V: Oxygen raw, SBE 43, 2 [V]
# name 6 = flECO-AFL: Fluorescence, WET Labs ECO-AFL/FL [mg/m^3]
# name 7 = upoly0: Upoly 0, Turbidity
# name 8 = flag:  0.000e+00
# span 0 =          1,       2892       
# span 1 =      0.589,     14.316       
# span 2 =    12.0823,    16.0740       
# span 3 =   2.891024,   3.411059       
# span 4 =     1.5872,     2.8523       
# span 5 =     1.5506,     2.7338       
# span 6 =     0.0046,     0.0064       
# span 7 =  0.0927924,  0.1938913       
# span 8 = 0.0000e+00, 0.0000e+00       
# interval = seconds: 0.0416667
# start_time = Sep 22 2021 08:39:44 [NMEA time, header]
# bad_flag = -9.990e-29
*END*
[from data line 1921]
       1922      1.358    15.2936   2.975987     2.7497     2.6630     0.0051  0.1821697 0.0000e+00
       1923      1.383    15.2960   2.976140     2.7485     2.6630     0.0051  0.1821697 0.0000e+00
       1924      1.358    15.2923   2.976281     2.7473     2.6606     0.0051  0.1821697 0.0000e+00
       1925      1.383    15.2873   2.976107     2.7473     2.6618     0.0051  0.1821697 0.0000e+00
       1926      1.358    15.2860   2.975821     2.7485     2.6630     0.0051  0.1821697 0.0000e+00
       1927      1.235    15.2861   2.975429     2.7473     2.6630     0.0051  0.1821697 0.0000e+00
       1928      1.383    15.2857   2.975007     2.7460     2.6606     0.0051  0.1821697 0.0000e+00
       1929      1.292    15.2823   2.974763     2.7448     2.6618     0.0051  0.1821697 0.0000e+00
       1930      1.325    15.2730   2.974296     2.7460     2.6630     0.0051  0.1826581 0.0000e+00
       1931      1.292    15.2651   2.974051     2.7460     2.6618     0.0051  0.1836349 0.0000e+00
       1932      1.268    15.2661   2.973962     2.7436     2.6606     0.0051  0.1846117 0.0000e+00
       1933      1.292    15.2685   2.973640     2.7424     2.6630     0.0051  0.1846117 0.0000e+00
       1934      1.325    15.2643   2.973293     2.7424     2.6618     0.0051  0.1846117 0.0000e+00
       1935      1.235    15.2651   2.973014     2.7436     2.6618     0.0051  0.1846117 0.0000e+00
       1936      1.268    15.2714   2.972659     2.7424     2.6630     0.0051  0.1846117 0.0000e+00
       1937      1.235    15.2739   2.972199     2.7412     2.6618     0.0051  0.1846117 0.0000e+00
       1938      1.202    15.2675   2.971733     2.7424     2.6618     0.0051  0.1846117 0.0000e+00
       1939      1.177    15.2600   2.971103     2.7424     2.6630     0.0051  0.1846117 0.0000e+00
       1940      1.202    15.2535   2.970354     2.7424     2.6606     0.0051  0.1841233 0.0000e+00
       1941      1.177    15.2493   2.969913     2.7412     2.6630     0.0051  0.1846117 0.0000e+00
       1942      1.201    15.2471   2.969508     2.7412     2.6630     0.0051  0.1846117 0.0000e+00
       1943      1.111    15.2472   2.969487     2.7399     2.6606     0.0051  0.1846117 0.0000e+00
       1944      1.144    15.2514   2.969969     2.7399     2.6618     0.0051  0.1846117 0.0000e+00
       1945      1.111    15.2564   2.970719     2.7412     2.6630     0.0051  0.1846117 0.0000e+00
       1946      1.078    15.2575   2.971139     2.7399     2.6642     0.0051  0.1846117 0.0000e+00
       1947      1.053    15.2541   2.971204     2.7399     2.6630     0.0051  0.1846117 0.0000e+00
       1948      1.078    15.2507   2.970794     2.7399     2.6606     0.0051  0.1846117 0.0000e+00
       1949      1.111    15.2499   2.970399     2.7399     2.6618     0.0051  0.1846117 0.0000e+00
       1950      1.020    15.2495   2.969930     2.7424     2.6630     0.0051  0.1846117 0.0000e+00
       1951      1.053    15.2486   2.969407     2.7399     2.6630     0.0051  0.1846117 0.0000e+00
       1952      1.020    15.2476   2.969128     2.7387     2.6630     0.0051  0.1846117 0.0000e+00
       1953      1.053    15.2440   2.968669     2.7387     2.6630     0.0051  0.1846117 0.0000e+00
       1954      0.987    15.2374   2.967500     2.7424     2.6655     0.0051  0.1841233 0.0000e+00
       1955      1.020    15.2343   2.966346     2.7424     2.6655     0.0051  0.1846117 0.0000e+00
       1956      0.987    15.2352   2.965583     2.7399     2.6630     0.0051  0.1836349 0.0000e+00
       1957      0.962    15.2322   2.965038     2.7399     2.6630     0.0051  0.1836349 0.0000e+00
       1958      0.987    15.2322   2.964497     2.7387     2.6655     0.0051  0.1836349 0.0000e+00
       1959      0.962    15.2348   2.964625     2.7424     2.6655     0.0051  0.1836349 0.0000e+00
       1960      0.929    15.2359   2.965083     2.7412     2.6642     0.0051  0.1836349 0.0000e+00
       1961      0.962    15.2317   2.965029     2.7387     2.6655     0.0051  0.1836349 0.0000e+00
       1962      0.929    15.2186   2.963473     2.7399     2.6642     0.0051  0.1836349 0.0000e+00
       1963      0.896    15.2051   2.960866     2.7399     2.6655     0.0051  0.1836349 0.0000e+00
       1964      0.863    15.1917   2.957908     2.7412     2.6655     0.0051  0.1836349 0.0000e+00
       1965      0.896    15.1866   2.955475     2.7399     2.6655     0.0051  0.1836349 0.0000e+00
       1966      0.863    15.1831   2.954222     2.7399     2.6655     0.0051  0.1836349 0.0000e+00
       1967      0.838    15.1795   2.953489     2.7399     2.6655     0.0051  0.1836349 0.0000e+00
       1968      0.863    15.1760   2.952739     2.7399     2.6655     0.0051  0.1836349 0.0000e+00
       1969      0.838    15.1701   2.951571     2.7424     2.6667     0.0051  0.1836349 0.0000e+00
       1970      0.805    15.1555   2.949803     2.7399     2.6655     0.0051  0.1836349 0.0000e+00
       1971      0.772    15.1421   2.947313     2.7387     2.6667     0.0051  0.1836349 0.0000e+00
       1972      0.805    15.1298   2.944949     2.7387     2.6667     0.0051  0.1836349 0.0000e+00
       1973      0.805    15.1276   2.943396     2.7399     2.6655     0.0051  0.1836349 0.0000e+00
       1974      0.715    15.1290   2.942364     2.7412     2.6667     0.0051  0.1836349 0.0000e+00
       1975      0.747    15.1296   2.941462     2.7399     2.6667     0.0051  0.1836349 0.0000e+00
       1976      0.772    15.1283   2.941052     2.7399     2.6667     0.0051  0.1836349 0.0000e+00
       1977      0.681    15.1205   2.940447     2.7399     2.6667     0.0051  0.1836349 0.0000e+00
       1978      0.714    15.1117   2.939398     2.7424     2.6667     0.0051  0.1836349 0.0000e+00
       1979      0.747    15.1056   2.938299     2.7412     2.6667     0.0051  0.1836349 0.0000e+00
       1980      0.714    15.1036   2.937657     2.7399     2.6667     0.0051  0.1836349 0.0000e+00
       1981      0.747    15.1051   2.937627     2.7399     2.6667     0.0051  0.1821697 0.0000e+00
       1982      0.714    15.1086   2.938130     2.7399     2.6667     0.0053  0.1787509 0.0000e+00
       1983      0.681    15.1115   2.938661     2.7424     2.6667     0.0053  0.1772857 0.0000e+00
       1984      0.714    15.1122   2.938497     2.7424     2.6667     0.0053  0.1772857 0.0000e+00
       1985      0.681    15.1078   2.937757     2.7412     2.6667     0.0053  0.1772857 0.0000e+00
       1986      0.648    15.1029   2.936784     2.7412     2.6667     0.0053  0.1772857 0.0000e+00
       1987      0.681    15.1004   2.936200     2.7412     2.6679     0.0053  0.1772857 0.0000e+00
       1988      0.714    15.0975   2.936314     2.7436     2.6679     0.0053  0.1772857 0.0000e+00
       1989      0.623    15.0972   2.936486     2.7424     2.6679     0.0053  0.1772857 0.0000e+00
       1990      0.714    15.0955   2.935630     2.7424     2.6679     0.0053  0.1772857 0.0000e+00
       1991      0.681    15.0911   2.933599     2.7424     2.6679     0.0053  0.1772857 0.0000e+00
       1992      0.681    15.0833   2.931438     2.7424     2.6679     0.0053  0.1772857 0.0000e+00
       1993      0.590    15.0731   2.929572     2.7448     2.6679     0.0053  0.1772857 0.0000e+00
       1994      0.681    15.0701   2.928514     2.7436     2.6679     0.0053  0.1772857 0.0000e+00
       1995      0.590    15.0758   2.928727     2.7424     2.6679     0.0053  0.1772857 0.0000e+00
       1996      0.681    15.0756   2.929715     2.7424     2.6679     0.0053  0.1772857 0.0000e+00
       1997      0.648    15.0734   2.930760     2.7436     2.6679     0.0053  0.1772857 0.0000e+00
       1998      0.623    15.0724   2.931733     2.7448     2.6691     0.0053  0.1772857 0.0000e+00
       1999      0.648    15.0756   2.932624     2.7436     2.6679     0.0053  0.1772857 0.0000e+00
       2000      0.623    15.0864   2.933566     2.7436     2.6679     0.0053  0.1772857 0.0000e+00
       2001      0.648    15.0920   2.935027     2.7436     2.6679     0.0053  0.1772857 0.0000e+00
       2002      0.681    15.0977   2.936516     2.7448     2.6679     0.0053  0.1772857 0.0000e+00
       2003      0.648    15.1036   2.937665     2.7473     2.6667     0.0053  0.1772857 0.0000e+00
       2004      0.623    15.1016   2.938019     2.7448     2.6667     0.0053  0.1772857 0.0000e+00
       2005      0.714    15.1048   2.937868     2.7448     2.6667     0.0053  0.1772857 0.0000e+00
       2006      0.623    15.1110   2.937825     2.7448     2.6667     0.0053  0.1772857 0.0000e+00
       2007      0.681    15.1154   2.938395     2.7473     2.6655     0.0053  0.1807045 0.0000e+00
       2008      0.648    15.1190   2.939221     2.7473     2.6667     0.0051  0.1831465 0.0000e+00
       2009      0.681    15.1202   2.939784     2.7473     2.6655     0.0051  0.1836349 0.0000e+00
       2010      0.648    15.1203   2.940393     2.7473     2.6642     0.0051  0.1836349 0.0000e+00
       2011      0.681    15.1220   2.940628     2.7460     2.6667     0.0051  0.1836349 0.0000e+00
       2012      0.648    15.1170   2.939598     2.7485     2.6642     0.0051  0.1836349 0.0000e+00
       2013      0.747    15.0825   2.937255     2.7485     2.6630     0.0051  0.1836349 0.0000e+00
       2014      0.590    15.0722   2.933902     2.7473     2.6642     0.0051  0.1836349 0.0000e+00
       2015      0.747    15.0557   2.929146     2.7485     2.6655     0.0051  0.1836349 0.0000e+00
       2016      0.648    15.0038   2.922850     2.7485     2.6642     0.0051  0.1836349 0.0000e+00
       2017      0.623    14.9405   2.914935     2.7521     2.6655     0.0051  0.1836349 0.0000e+00
       2018      0.714    14.8959   2.907205     2.7509     2.6655     0.0051  0.1836349 0.0000e+00
       2019      0.681    14.8738   2.901903     2.7497     2.6642     0.0051  0.1836349 0.0000e+00
       2020      0.590    14.8815   2.899755     2.7521     2.6655     0.0051  0.1836349 0.0000e+00
       2021      0.681    14.8987   2.900624     2.7521     2.6667     0.0051  0.1836349 0.0000e+00
       2022      0.648    14.9102   2.901929     2.7534     2.6667     0.0051  0.1836349 0.0000e+00
       2023      0.623    14.9168   2.902268     2.7534     2.6667     0.0051  0.1836349 0.0000e+00
       2024      0.680    14.9222   2.902635     2.7534     2.6679     0.0051  0.1836349 0.0000e+00
       2025      0.590    14.9273   2.903461     2.7546     2.6679     0.0051  0.1836349 0.0000e+00
       2026      0.680    14.9314   2.904234     2.7570     2.6691     0.0051  0.1836349 0.0000e+00
       2027      0.590    14.9371   2.904837     2.7570     2.6703     0.0051  0.1836349 0.0000e+00
       2028      0.680    14.9405   2.905311     2.7570     2.6703     0.0051  0.1836349 0.0000e+00
       2029      0.647    14.9426   2.905583     2.7570     2.6716     0.0051  0.1836349 0.0000e+00
       2030      0.680    14.9435   2.905598     2.7570     2.6728     0.0051  0.1836349 0.0000e+00
       2031      0.647    14.9339   2.904810     2.7619     2.6740     0.0051  0.1836349 0.0000e+00
       2032      0.680    14.9178   2.903992     2.7619     2.6752     0.0051  0.1821697 0.0000e+00
       2033      0.647    14.9070   2.904285     2.7607     2.6764     0.0055  0.1782625 0.0000e+00
       2034      0.680    14.8950   2.905040     2.7619     2.6777     0.0057  0.1772857 0.0000e+00
       2035      0.647    14.8896   2.905673     2.7619     2.6789     0.0057  0.1772857 0.0000e+00
       2036      0.680    14.9082   2.906464     2.7668     2.6801     0.0057  0.1772857 0.0000e+00
       2037      0.647    14.9252   2.907156     2.7668     2.6813     0.0057  0.1772857 0.0000e+00
       2038      0.680    14.9288   2.908097     2.7656     2.6825     0.0057  0.1772857 0.0000e+00
       2039      0.647    14.9291   2.908866     2.7644     2.6838     0.0057  0.1772857 0.0000e+00
       2040      0.680    14.9381   2.909591     2.7668     2.6850     0.0057  0.1772857 0.0000e+00
       2041      0.746    14.9443   2.909501     2.7680     2.6862     0.0057  0.1772857 0.0000e+00
       2042      0.647    14.9395   2.908226     2.7680     2.6874     0.0057  0.1772857 0.0000e+00
       2043      0.680    14.9338   2.906395     2.7680     2.6899     0.0057  0.1772857 0.0000e+00
       2044      0.647    14.9184   2.904384     2.7680     2.6911     0.0057  0.1772857 0.0000e+00
       2045      0.746    14.9048   2.902529     2.7692     2.6923     0.0057  0.1772857 0.0000e+00
       2046      0.647    14.8998   2.901470     2.7717     2.6935     0.0057  0.1772857 0.0000e+00
       2047      0.680    14.9052   2.901332     2.7705     2.6948     0.0057  0.1772857 0.0000e+00
       2048      0.647    14.9072   2.901297     2.7705     2.6960     0.0057  0.1772857 0.0000e+00
       2049      0.746    14.9074   2.901205     2.7717     2.6984     0.0057  0.1772857 0.0000e+00
       2050      0.589    14.9038   2.901351     2.7741     2.6996     0.0057  0.1772857 0.0000e+00
       2051      0.746    14.9011   2.901571     2.7741     2.7009     0.0057  0.1772857 0.0000e+00
       2052      0.647    14.8979   2.901658     2.7741     2.7033     0.0055  0.1772857 0.0000e+00
       2053      0.680    14.9027   2.901862     2.7741     2.7045     0.0055  0.1772857 0.0000e+00
       2054      0.647    14.9038   2.902146     2.7741     2.7057     0.0057  0.1772857 0.0000e+00
       2055      0.680    14.9057   2.902767     2.7766     2.7082     0.0057  0.1772857 0.0000e+00
       2056      0.647    14.9057   2.903294     2.7778     2.7094     0.0057  0.1772857 0.0000e+00
       2057      0.680    14.9117   2.903504     2.7766     2.7118     0.0057  0.1772857 0.0000e+00
       2058      0.680    14.9092   2.903352     2.7778     2.7131     0.0053  0.1797277 0.0000e+00
       2059      0.647    14.9016   2.902988     2.7778     2.7143     0.0051  0.1816813 0.0000e+00
       2060      0.680    14.8920   2.902497     2.7802     2.7167     0.0051  0.1821697 0.0000e+00
       2061      0.647    14.8878   2.901895     2.7802     2.7180     0.0051  0.1821697 0.0000e+00
       2062      0.680    14.8930   2.900968     2.7814     2.7192     0.0051  0.1821697 0.0000e+00
       2063      0.647    14.9040   2.900271     2.7814     2.7204     0.0051  0.1821697 0.0000e+00
       2064      0.746    14.9184   2.900042     2.7802     2.7216     0.0051  0.1821697 0.0000e+00
       2065      0.647    14.9353   2.900112     2.7839     2.7228     0.0051  0.1821697 0.0000e+00
       2066      0.680    14.9445   2.900596     2.7863     2.7241     0.0051  0.1821697 0.0000e+00
       2067      0.713    14.9373   2.901450     2.7839     2.7253     0.0051  0.1821697 0.0000e+00
       2068      0.680    14.9320   2.902288     2.7863     2.7265     0.0051  0.1821697 0.0000e+00
       2069      0.713    14.9390   2.902912     2.7863     2.7277     0.0051  0.1821697 0.0000e+00
       2070      0.680    14.9398   2.903188     2.7876     2.7277     0.0051  0.1821697 0.0000e+00
       2071      0.713    14.9430   2.903211     2.7876     2.7289     0.0051  0.1816813 0.0000e+00
       2072      0.680    14.9453   2.903154     2.7888     2.7289     0.0051  0.1821697 0.0000e+00
       2073      0.713    14.9478   2.903003     2.7888     2.7302     0.0051  0.1821697 0.0000e+00
       2074      0.745    14.9447   2.902661     2.7912     2.7302     0.0051  0.1821697 0.0000e+00
       2075      0.680    14.9277   2.901729     2.7924     2.7314     0.0051  0.1821697 0.0000e+00
       2076      0.712    14.9222   2.900781     2.7924     2.7314     0.0051  0.1821697 0.0000e+00
       2077      0.679    14.9290   2.900977     2.7924     2.7326     0.0051  0.1821697 0.0000e+00
       2078      0.712    14.9245   2.901359     2.7937     2.7326     0.0051  0.1821697 0.0000e+00
       2079      0.745    14.9202   2.902190     2.7961     2.7326     0.0051  0.1821697 0.0000e+00
       2080      0.712    14.9126   2.903360     2.7973     2.7326     0.0051  0.1821697 0.0000e+00
