code/data/2021/ctd_data_day2/station2_ctm_fil.cnv
* Sea-Bird SBE 9 Data File:
* FileName = C:\Users\CTD-User\Desktop\MAR440\day2\station2.hex
* Software Version Seasave V 7.26.2.13
* Temperature SN = 6313
* Conductivity SN = 4758
* Number of Bytes Per Scan = 37
* Number of Voltage Words = 4
* Number of Scans Averaged by the Deck Unit = 1
* NMEA Latitude = 58 19.95 N
* NMEA Longitude = 011 52.33 E
* NMEA UTC (Time) = Sep 22 2021 09:05:25
* NMEA baud rate = 4800
** Ship: Skagerrak
** Station: station2
** Operator: group2blue
# nquan = 9
# nvalues = 8194                        
# units = specified
# name 0 = scan: Scan Count
# name 1 = prDM: Pressure, Digiquartz [db]
# name 2 = t090C: Temperature [ITS-90, deg C]
# name 3 = c0S/m: Conductivity [S/m]
# name 4 = sbeox0V: Oxygen raw, SBE 43 [V]
# name 5 = sbeox1V: Oxygen raw, SBE 43, 2 [V]
# name 6 = flECO-AFL: Fluorescence, WET Labs ECO-AFL/FL [mg/m^3]
# name 7 = upoly0: Upoly 0, Turbidity
# name 8 = flag:  0.000e+00
# span 0 =          1,       8194       
# span 1 =      0.490,     46.006       
# span 2 =     7.9829,    16.1349       
# span 3 =   2.611598,   3.472334       
# span 4 =     0.4618,     3.0255       
# span 5 =     0.5156,     2.9259       
# span 6 =     0.0035,     0.0209       
# span 7 =  0.0885042,  0.2305465       
# span 8 = 0.0000e+00, 0.0000e+00       
# interval = seconds: 0.0416667
# start_time = Sep 22 2021 09:05:25 [NMEA time, header]
# bad_flag = -9.990e-29
*END*
[from data line 1601]
       1602      0.496    14.3907   2.753084     2.8470     2.8009     0.0179  0.1977069 0.0000e+00
       1603      0.497    14.3940   2.753998     2.8480     2.8017     0.0209  0.1981431 0.0000e+00
       1604      0.498    14.3984   2.755205     2.8490     2.8024     0.0207  0.1985521 0.0000e+00
       1605      0.500    14.4040   2.756734     2.8500     2.8032     0.0203  0.1989348 0.0000e+00
       1606      0.501    14.4109   2.758612     2.8510     2.8039     0.0203  0.1992949 0.0000e+00
       1607      0.503    14.4193   2.760863     2.8520     2.8046     0.0201  0.1996348 0.0000e+00
       1608      0.504    14.4292   2.763508     2.8529     2.8053     0.0201  0.1999569 0.0000e+00
       1609      0.506    14.4407   2.766567     2.8539     2.8059     0.0201  0.2002634 0.0000e+00
       1610      0.508    14.4539   2.770054     2.8548     2.8066     0.0201  0.2005565 0.0000e+00
       1611      0.509    14.4687   2.773974     2.8558     2.8072     0.0201  0.2008382 0.0000e+00
       1612      0.511    14.4848   2.778298     2.8567     2.8079     0.0203  0.2011105 0.0000e+00
       1613      0.513    14.5021   2.782965     2.8576     2.8085     0.0201  0.2013752 0.0000e+00
       1614      0.515    14.5201   2.787882     2.8586     2.8091     0.0203  0.2016342 0.0000e+00
       1615      0.517    14.5381   2.792930     2.8595     2.8097     0.0201  0.2018894 0.0000e+00
       1616      0.519    14.5553   2.797964     2.8604     2.8102     0.0201  0.2021424 0.0000e+00
       1617      0.521    14.5716   2.802843     2.8614     2.8108     0.0203  0.2023951 0.0000e+00
       1618      0.522    14.5870   2.807496     2.8623     2.8113     0.0203  0.2026491 0.0000e+00
       1619      0.524    14.6016   2.811924     2.8632     2.8119     0.0201  0.2029064 0.0000e+00
       1620      0.525    14.6157   2.816157     2.8642     2.8124     0.0201  0.2031685 0.0000e+00
       1621      0.527    14.6289   2.820204     2.8651     2.8129     0.0201  0.2034375 0.0000e+00
       1622      0.528    14.6412   2.824045     2.8661     2.8134     0.0201  0.2037151 0.0000e+00
       1623      0.529    14.6522   2.827633     2.8670     2.8139     0.0203  0.2040033 0.0000e+00
       1624      0.531    14.6618   2.830913     2.8680     2.8143     0.0203  0.2043041 0.0000e+00
       1625      0.532    14.6699   2.833842     2.8690     2.8148     0.0201  0.2046195 0.0000e+00
       1626      0.534    14.6766   2.836404     2.8699     2.8152     0.0201  0.2049519 0.0000e+00
       1627      0.535    14.6820   2.838599     2.8709     2.8157     0.0134  0.2052957 0.0000e+00
       1628      0.536    14.6861   2.840444     2.8719     2.8161     0.0088  0.2056323 0.0000e+00
       1629      0.538    14.6890   2.841970     2.8729     2.8166     0.0081  0.2059444 0.0000e+00
       1630      0.539    14.6911   2.843226     2.8739     2.8170     0.0084  0.2062282 0.0000e+00
       1631      0.540    14.6927   2.844284     2.8749     2.8175     0.0084  0.2064857 0.0000e+00
       1632      0.542    14.6939   2.845221     2.8760     2.8179     0.0086  0.2067187 0.0000e+00
       1633      0.543    14.6951   2.846105     2.8770     2.8184     0.0086  0.2069288 0.0000e+00
       1634      0.544    14.6966   2.846997     2.8781     2.8188     0.0086  0.2071175 0.0000e+00
       1635      0.546    14.6986   2.847952     2.8792     2.8192     0.0086  0.2072860 0.0000e+00
       1636      0.547    14.7010   2.848999     2.8802     2.8197     0.0086  0.2074357 0.0000e+00
       1637      0.548    14.7038   2.850121     2.8813     2.8201     0.0084  0.2075674 0.0000e+00
       1638      0.550    14.7067   2.851269     2.8824     2.8205     0.0086  0.2076822 0.0000e+00
       1639      0.551    14.7096   2.852385     2.8836     2.8210     0.0086  0.2077807 0.0000e+00
       1640      0.552    14.7120   2.853413     2.8847     2.8214     0.0086  0.2078638 0.0000e+00
       1641      0.553    14.7140   2.854290     2.8859     2.8219     0.0086  0.2079319 0.0000e+00
       1642      0.555    14.7152   2.854964     2.8870     2.8224     0.0086  0.2079857 0.0000e+00
       1643      0.556    14.7158   2.855412     2.8882     2.8228     0.0086  0.2080253 0.0000e+00
       1644      0.557    14.7158   2.855634     2.8894     2.8233     0.0086  0.2080511 0.0000e+00
       1645      0.558    14.7152   2.855640     2.8905     2.8238     0.0086  0.2080633 0.0000e+00
       1646      0.559    14.7139   2.855434     2.8917     2.8242     0.0086  0.2080620 0.0000e+00
       1647      0.560    14.7118   2.855007     2.8928     2.8247     0.0086  0.2080472 0.0000e+00
       1648      0.561    14.7090   2.854342     2.8939     2.8251     0.0086  0.2080187 0.0000e+00
       1649      0.561    14.7054   2.853432     2.8950     2.8256     0.0086  0.2079764 0.0000e+00
       1650      0.562    14.7012   2.852291     2.8961     2.8260     0.0086  0.2079199 0.0000e+00
       1651      0.562    14.6964   2.850949     2.8972     2.8265     0.0086  0.2078489 0.0000e+00
       1652      0.562    14.6912   2.849437     2.8982     2.8269     0.0081  0.2077629 0.0000e+00
       1653      0.563    14.6857   2.847773     2.8993     2.8274     0.0064  0.2076621 0.0000e+00
       1654      0.563    14.6799   2.845964     2.9003     2.8278     0.0059  0.2075475 0.0000e+00
       1655      0.563    14.6736   2.844021     2.9013     2.8283     0.0059  0.2074192 0.0000e+00
       1656      0.563    14.6670   2.841963     2.9022     2.8287     0.0060  0.2072763 0.0000e+00
       1657      0.563    14.6602   2.839824     2.9031     2.8291     0.0060  0.2071178 0.0000e+00
       1658      0.563    14.6533   2.837639     2.9040     2.8296     0.0060  0.2069425 0.0000e+00
       1659      0.562    14.6464   2.835435     2.9049     2.8300     0.0060  0.2067494 0.0000e+00
       1660      0.562    14.6395   2.833222     2.9057     2.8304     0.0060  0.2065369 0.0000e+00
       1661      0.562    14.6328   2.831000     2.9064     2.8308     0.0060  0.2063037 0.0000e+00
       1662      0.562    14.6260   2.828766     2.9072     2.8312     0.0060  0.2060482 0.0000e+00
       1663      0.562    14.6193   2.826517     2.9079     2.8316     0.0060  0.2057684 0.0000e+00
       1664      0.562    14.6126   2.824250     2.9086     2.8320     0.0060  0.2054626 0.0000e+00
       1665      0.561    14.6058   2.821957     2.9092     2.8324     0.0060  0.2051286 0.0000e+00
       1666      0.561    14.5989   2.819630     2.9098     2.8328     0.0060  0.2047640 0.0000e+00
       1667      0.561    14.5918   2.817258     2.9104     2.8332     0.0060  0.2043663 0.0000e+00
       1668      0.560    14.5846   2.814831     2.9109     2.8337     0.0060  0.2039328 0.0000e+00
       1669      0.560    14.5771   2.812348     2.9114     2.8341     0.0060  0.2034604 0.0000e+00
       1670      0.560    14.5694   2.809807     2.9118     2.8345     0.0060  0.2029458 0.0000e+00
       1671      0.560    14.5615   2.807207     2.9122     2.8349     0.0059  0.2023855 0.0000e+00
       1672      0.559    14.5537   2.804557     2.9126     2.8353     0.0060  0.2017756 0.0000e+00
       1673      0.559    14.5459   2.801884     2.9129     2.8357     0.0060  0.2011118 0.0000e+00
       1674      0.559    14.5383   2.799211     2.9132     2.8361     0.0060  0.2003895 0.0000e+00
       1675      0.559    14.5310   2.796557     2.9134     2.8365     0.0060  0.1996037 0.0000e+00
       1676      0.559    14.5239   2.793937     2.9136     2.8369     0.0060  0.1987490 0.0000e+00
       1677      0.559    14.5170   2.791365     2.9138     2.8372     0.0060  0.1978192 0.0000e+00
       1678      0.559    14.5104   2.788857     2.9140     2.8376     0.0053  0.1968336 0.0000e+00
       1679      0.558    14.5041   2.786438     2.9141     2.8380     0.0048  0.1958548 0.0000e+00
       1680      0.558    14.4984   2.784142     2.9141     2.8383     0.0048  0.1949424 0.0000e+00
       1681      0.558    14.4932   2.782001     2.9142     2.8386     0.0048  0.1941137 0.0000e+00
       1682      0.557    14.4887   2.780023     2.9142     2.8389     0.0048  0.1933622 0.0000e+00
       1683      0.557    14.4846   2.778199     2.9142     2.8392     0.0048  0.1926792 0.0000e+00
       1684      0.557    14.4810   2.776512     2.9142     2.8395     0.0048  0.1920591 0.0000e+00
       1685      0.556    14.4777   2.774946     2.9141     2.8397     0.0048  0.1914976 0.0000e+00
       1686      0.555    14.4747   2.773492     2.9140     2.8400     0.0048  0.1909908 0.0000e+00
       1687      0.554    14.4721   2.772156     2.9139     2.8402     0.0048  0.1905352 0.0000e+00
       1688      0.553    14.4701   2.770973     2.9138     2.8403     0.0048  0.1901276 0.0000e+00
       1689      0.552    14.4689   2.769998     2.9137     2.8405     0.0048  0.1897651 0.0000e+00
       1690      0.551    14.4687   2.769279     2.9135     2.8406     0.0048  0.1894453 0.0000e+00
       1691      0.550    14.4693   2.768844     2.9133     2.8407     0.0048  0.1891659 0.0000e+00
       1692      0.549    14.4711   2.768708     2.9131     2.8408     0.0048  0.1889250 0.0000e+00
       1693      0.548    14.4739   2.768881     2.9129     2.8408     0.0048  0.1887209 0.0000e+00
       1694      0.547    14.4779   2.769364     2.9127     2.8408     0.0048  0.1885521 0.0000e+00
       1695      0.546    14.4831   2.770156     2.9125     2.8408     0.0048  0.1884176 0.0000e+00
       1696      0.545    14.4895   2.771259     2.9123     2.8407     0.0048  0.1883164 0.0000e+00
       1697      0.545    14.4971   2.772668     2.9121     2.8406     0.0048  0.1882477 0.0000e+00
       1698      0.544    14.5057   2.774332     2.9119     2.8405     0.0048  0.1882111 0.0000e+00
       1699      0.544    14.5147   2.776158     2.9117     2.8403     0.0048  0.1882063 0.0000e+00
       1700      0.544    14.5237   2.778059     2.9115     2.8401     0.0048  0.1882334 0.0000e+00
       1701      0.544    14.5326   2.780006     2.9112     2.8398     0.0048  0.1882924 0.0000e+00
       1702      0.544    14.5415   2.782010     2.9110     2.8395     0.0048  0.1883838 0.0000e+00
       1703      0.544    14.5505   2.784082     2.9108     2.8392     0.0049  0.1885057 0.0000e+00
       1704      0.544    14.5595   2.786228     2.9106     2.8388     0.0053  0.1886471 0.0000e+00
       1705      0.543    14.5686   2.788459     2.9104     2.8384     0.0053  0.1887910 0.0000e+00
       1706      0.543    14.5779   2.790800     2.9102     2.8380     0.0053  0.1889284 0.0000e+00
       1707      0.543    14.5880   2.793286     2.9101     2.8376     0.0053  0.1890584 0.0000e+00
       1708      0.543    14.5990   2.795946     2.9099     2.8371     0.0053  0.1891819 0.0000e+00
       1709      0.542    14.6110   2.798791     2.9098     2.8365     0.0053  0.1892999 0.0000e+00
       1710      0.542    14.6242   2.801829     2.9097     2.8360     0.0053  0.1894131 0.0000e+00
       1711      0.541    14.6385   2.805081     2.9096     2.8354     0.0053  0.1895224 0.0000e+00
       1712      0.540    14.6542   2.808579     2.9095     2.8348     0.0053  0.1896284 0.0000e+00
       1713      0.539    14.6712   2.812347     2.9094     2.8341     0.0053  0.1897320 0.0000e+00
       1714      0.538    14.6892   2.816394     2.9093     2.8334     0.0053  0.1898338 0.0000e+00
       1715      0.537    14.7082   2.820724     2.9093     2.8327     0.0053  0.1899346 0.0000e+00
       1716      0.537    14.7280   2.825333     2.9093     2.8319     0.0053  0.1900350 0.0000e+00
       1717      0.536    14.7487   2.830220     2.9093     2.8311     0.0053  0.1901358 0.0000e+00
       1718      0.535    14.7703   2.835375     2.9093     2.8302     0.0053  0.1902376 0.0000e+00
       1719      0.535    14.7928   2.840765     2.9094     2.8294     0.0053  0.1903412 0.0000e+00
       1720      0.534    14.8159   2.846336     2.9095     2.8285     0.0053  0.1904473 0.0000e+00
       1721      0.534    14.8395   2.852025     2.9096     2.8276     0.0053  0.1905566 0.0000e+00
       1722      0.534    14.8633   2.857772     2.9098     2.8266     0.0053  0.1906699 0.0000e+00
       1723      0.534    14.8871   2.863522     2.9099     2.8256     0.0053  0.1907879 0.0000e+00
       1724      0.534    14.9107   2.869215     2.9101     2.8247     0.0053  0.1909116 0.0000e+00
       1725      0.535    14.9339   2.874792     2.9103     2.8236     0.0053  0.1910417 0.0000e+00
       1726      0.535    14.9565   2.880206     2.9105     2.8226     0.0053  0.1911792 0.0000e+00
       1727      0.536    14.9783   2.885436     2.9108     2.8216     0.0053  0.1913249 0.0000e+00
       1728      0.537    14.9989   2.890475     2.9111     2.8205     0.0053  0.1914800 0.0000e+00
       1729      0.538    15.0183   2.895302     2.9113     2.8194     0.0055  0.1916404 0.0000e+00
       1730      0.539    15.0364   2.899874     2.9117     2.8183     0.0057  0.1917928 0.0000e+00
       1731      0.541    15.0531   2.904153     2.9120     2.8172     0.0057  0.1919238 0.0000e+00
       1732      0.542    15.0685   2.908121     2.9123     2.8161     0.0057  0.1920284 0.0000e+00
       1733      0.544    15.0826   2.911782     2.9127     2.8150     0.0057  0.1921064 0.0000e+00
       1734      0.546    15.0955   2.915150     2.9131     2.8139     0.0057  0.1921585 0.0000e+00
       1735      0.547    15.1074   2.918243     2.9135     2.8127     0.0057  0.1921848 0.0000e+00
       1736      0.549    15.1183   2.921086     2.9140     2.8116     0.0057  0.1921858 0.0000e+00
       1737      0.551    15.1284   2.923726     2.9144     2.8104     0.0057  0.1921612 0.0000e+00
       1738      0.552    15.1375   2.926211     2.9149     2.8093     0.0057  0.1921110 0.0000e+00
       1739      0.554    15.1459   2.928566     2.9154     2.8081     0.0057  0.1920349 0.0000e+00
       1740      0.555    15.1535   2.930799     2.9159     2.8070     0.0057  0.1919322 0.0000e+00
       1741      0.557    15.1606   2.932915     2.9164     2.8058     0.0057  0.1918024 0.0000e+00
       1742      0.558    15.1672   2.934923     2.9169     2.8047     0.0057  0.1916444 0.0000e+00
       1743      0.559    15.1733   2.936841     2.9174     2.8035     0.0057  0.1914572 0.0000e+00
       1744      0.561    15.1792   2.938687     2.9180     2.8023     0.0057  0.1912395 0.0000e+00
       1745      0.562    15.1848   2.940472     2.9186     2.8012     0.0057  0.1909897 0.0000e+00
       1746      0.564    15.1902   2.942197     2.9191     2.8000     0.0057  0.1907061 0.0000e+00
       1747      0.565    15.1952   2.943859     2.9197     2.7988     0.0057  0.1903868 0.0000e+00
       1748      0.567    15.1999   2.945457     2.9202     2.7976     0.0057  0.1900296 0.0000e+00
       1749      0.568    15.2044   2.946986     2.9208     2.7964     0.0057  0.1896319 0.0000e+00
       1750      0.570    15.2087   2.948443     2.9214     2.7952     0.0057  0.1891909 0.0000e+00
       1751      0.571    15.2127   2.949828     2.9219     2.7940     0.0057  0.1887037 0.0000e+00
       1752      0.573    15.2166   2.951149     2.9224     2.7928     0.0057  0.1881668 0.0000e+00
       1753      0.575    15.2205   2.952423     2.9229     2.7916     0.0057  0.1875765 0.0000e+00
       1754      0.577    15.2245   2.953664     2.9234     2.7903     0.0055  0.1869346 0.0000e+00
       1755      0.579    15.2287   2.954885     2.9239     2.7891     0.0051  0.1862681 0.0000e+00
       1756      0.581    15.2332   2.956099     2.9244     2.7878     0.0049  0.1856250 0.0000e+00
       1757      0.583    15.2382   2.957327     2.9248     2.7866     0.0049  0.1850357 0.0000e+00
       1758      0.586    15.2436   2.958602     2.9251     2.7853     0.0049  0.1845028 0.0000e+00
       1759      0.588    15.2498   2.959967     2.9255     2.7840     0.0049  0.1840210 0.0000e+00
       1760      0.591    15.2568   2.961466     2.9258     2.7827     0.0049  0.1835861 0.0000e+00
