code/data/2021/ctd_data_day2/station6.cnv
* Sea-Bird SBE 9 Data File:
* FileName = C:\Users\CTD-User\Desktop\MAR440\day2\station6.hex
* Software Version Seasave V 7.26.2.13
* Temperature SN = 6313
* Conductivity SN = 4758
* Number of Bytes Per Scan = 37
* Number of Voltage Words = 4
* Number of Scans Averaged by the Deck Unit = 1
* NMEA Latitude = 58 18.87 N
* NMEA Longitude = 011 46.44 E
* NMEA UTC (Time) = Sep 22 2021 10:40:23
* NMEA baud rate = 4800
** Ship: Skagerrak
** Station: station6
** Operator: group2blu
# nquan = 9
# nvalues = 3719                                  
# units = specified
# name 0 = scan: Scan Count
# name 1 = prDM: Pressure, Digiquartz [db]
# name 2 = t090C: Temperature [ITS-90, deg C]
# name 3 = c0S/m: Conductivity [S/m]
# name 4 = sbeox0V: Oxygen raw, SBE 43 [V]
# name 5 = sbeox1V: Oxygen raw, SBE 43, 2 [V]
# name 6 = flECO-AFL: Fluorescence, WET Labs ECO-AFL/FL [mg/m^3]
# name 7 = upoly0: Upoly 0, Turbidity
# name 8 = flag:  0.000e+00
# span 0 =          1,       3719                 
# span 1 =      0.217,     37.875                 
# span 2 =     6.7156,    16.0704                 
# span 3 =   2.943636,   3.753979                 
# span 4 =     0.5138,     2.8083                 
# span 5 =     0.5761,     2.7851                 
# span 6 =     0.0033,     0.0304                 
# span 7 =  0.0859548,  0.1621453                 
# span 8 = 0.0000e+00, 0.0000e+00                 
# interval = seconds: 0.0416667
# start_time = Sep 22 2021 10:40:23 [NMEA time, header]
# bad_flag = -9.990e-29
*END*
[from data line 3201]
       3202     36.971     6.7919   3.250415     0.5333     0.5932     0.0128  0.0874200  0.000e+00
       3203     36.913     6.7893   3.250226     0.5321     0.5932     0.0130  0.0874200  0.000e+00
       3204     37.029     6.7896   3.250209     0.5321     0.5932     0.0130  0.0874200  0.000e+00
       3205     36.905     6.7885   3.250209     0.5333     0.5932     0.0130  0.0874200  0.000e+00
       3206     36.971     6.7861   3.250026     0.5321     0.5932     0.0128  0.0874200  0.000e+00
       3207     37.029     6.7814   3.249821     0.5309     0.5932     0.0124  0.0874200  0.000e+00
       3208     36.905     6.7785   3.249741     0.5297     0.5932     0.0124  0.0874200  0.000e+00
       3209     37.029     6.7800   3.249598     0.5297     0.5920     0.0124  0.0874200  0.000e+00
       3210     36.905     6.7805   3.249563     0.5321     0.5920     0.0124  0.0874200  0.000e+00
       3211     36.971     6.7806   3.249649     0.5309     0.5920     0.0124  0.0874200  0.000e+00
       3212     36.971     6.7840   3.249809     0.5297     0.5920     0.0124  0.0874200  0.000e+00
       3213     36.971     6.7910   3.250038     0.5297     0.5920     0.0124  0.0874200  0.000e+00
       3214     36.971     6.7999   3.250489     0.5297     0.5920     0.0124  0.0874200  0.000e+00
       3215     36.971     6.8086   3.250952     0.5309     0.5920     0.0124  0.0874200  0.000e+00
       3216     36.971     6.8178   3.251244     0.5297     0.5920     0.0124  0.0874200  0.000e+00
       3217     37.029     6.8232   3.251656     0.5297     0.5920     0.0124  0.0874200  0.000e+00
       3218     36.971     6.8268   3.251759     0.5297     0.5920     0.0124  0.0874200  0.000e+00
       3219     36.971     6.8291   3.251879     0.5297     0.5920     0.0124  0.0874200  0.000e+00
       3220     36.971     6.8308   3.252079     0.5309     0.5920     0.0124  0.0874200  0.000e+00
       3221     36.971     6.8302   3.251867     0.5297     0.5920     0.0124  0.0874200  0.000e+00
       3222     36.971     6.8278   3.251776     0.5297     0.5907     0.0124  0.0874200  0.000e+00
       3223     36.971     6.8265   3.251644     0.5284     0.5907     0.0124  0.0874200  0.000e+00
       3224     36.971     6.8299   3.251776     0.5297     0.5907     0.0124  0.0874200  0.000e+00
       3225     37.029     6.8328   3.251816     0.5297     0.5920     0.0124  0.0874200  0.000e+00
       3226     36.971     6.8302   3.251787     0.5297     0.5907     0.0124  0.0869316  0.000e+00
       3227     36.971     6.8281   3.251844     0.5297     0.5907     0.0124  0.0874200  0.000e+00
       3228     36.971     6.8257   3.251781     0.5284     0.5907     0.0124  0.0874200  0.000e+00
       3229     37.029     6.8236   3.251684     0.5297     0.5907     0.0124  0.0874200  0.000e+00
       3230     36.905     6.8214   3.251478     0.5297     0.5907     0.0124  0.0874200  0.000e+00
       3231     37.029     6.8215   3.251381     0.5284     0.5907     0.0124  0.0874200  0.000e+00
       3232     36.971     6.8223   3.251518     0.5297     0.5907     0.0124  0.0869316  0.000e+00
       3233     36.971     6.8218   3.251501     0.5272     0.5907     0.0124  0.0874200  0.000e+00
       3234     37.029     6.8201   3.251433     0.5297     0.5907     0.0124  0.0874200  0.000e+00
       3235     36.971     6.8192   3.251467     0.5284     0.5895     0.0124  0.0874200  0.000e+00
       3236     37.029     6.8194   3.251416     0.5297     0.5907     0.0124  0.0874200  0.000e+00
       3237     36.971     6.8209   3.251639     0.5272     0.5895     0.0124  0.0874200  0.000e+00
       3238     36.971     6.8257   3.251787     0.5297     0.5907     0.0124  0.0874200  0.000e+00
       3239     36.971     6.8288   3.251850     0.5297     0.5895     0.0124  0.0874200  0.000e+00
       3240     36.971     6.8286   3.251976     0.5284     0.5895     0.0124  0.0874200  0.000e+00
       3241     37.029     6.8284   3.251902     0.5297     0.5895     0.0124  0.0874200  0.000e+00
       3242     36.971     6.8294   3.252062     0.5272     0.5895     0.0124  0.0874200  0.000e+00
       3243     36.971     6.8300   3.252130     0.5272     0.5895     0.0124  0.0874200  0.000e+00
       3244     37.029     6.8312   3.252130     0.5284     0.5895     0.0124  0.0874200  0.000e+00
       3245     36.971     6.8342   3.252085     0.5272     0.5895     0.0124  0.0869316  0.000e+00
       3246     36.971     6.8382   3.252142     0.5272     0.5883     0.0124  0.0874200  0.000e+00
       3247     37.029     6.8380   3.252336     0.5272     0.5895     0.0124  0.0874200  0.000e+00
       3248     37.029     6.8382   3.252399     0.5272     0.5883     0.0124  0.0869316  0.000e+00
       3249     36.971     6.8394   3.252531     0.5297     0.5883     0.0124  0.0874200  0.000e+00
       3250     37.029     6.8414   3.252685     0.5260     0.5883     0.0124  0.0874200  0.000e+00
       3251     36.971     6.8442   3.252765     0.5260     0.5883     0.0124  0.0874200  0.000e+00
       3252     37.029     6.8440   3.252919     0.5260     0.5883     0.0124  0.0874200  0.000e+00
       3253     36.971     6.8449   3.252914     0.5272     0.5883     0.0124  0.0874200  0.000e+00
       3254     37.029     6.8521   3.253080     0.5272     0.5883     0.0124  0.0874200  0.000e+00
       3255     36.971     6.8596   3.253182     0.5260     0.5871     0.0124  0.0874200  0.000e+00
       3256     37.029     6.8595   3.253354     0.5248     0.5871     0.0124  0.0874200  0.000e+00
       3257     36.971     6.8608   3.253537     0.5248     0.5871     0.0123  0.0874200  0.000e+00
       3258     37.029     6.8617   3.253560     0.5260     0.5871     0.0123  0.0874200  0.000e+00
       3259     36.971     6.8642   3.253794     0.5260     0.5871     0.0123  0.0874200  0.000e+00
       3260     37.028     6.8711   3.253812     0.5248     0.5871     0.0123  0.0874200  0.000e+00
       3261     37.028     6.8736   3.253926     0.5248     0.5871     0.0123  0.0874200  0.000e+00
       3262     36.971     6.8714   3.253812     0.5248     0.5871     0.0123  0.0874200  0.000e+00
       3263     37.028     6.8700   3.253806     0.5260     0.5859     0.0123  0.0874200  0.000e+00
       3264     37.028     6.8691   3.253686     0.5248     0.5859     0.0123  0.0874200  0.000e+00
       3265     36.971     6.8676   3.253726     0.5236     0.5859     0.0123  0.0874200  0.000e+00
       3266     37.028     6.8668   3.253737     0.5248     0.5859     0.0123  0.0874200  0.000e+00
       3267     37.028     6.8665   3.253800     0.5236     0.5859     0.0123  0.0869316  0.000e+00
       3268     37.028     6.8645   3.253754     0.5248     0.5859     0.0123  0.0869316  0.000e+00
       3269     36.971     6.8604   3.253486     0.5248     0.5846     0.0123  0.0874200  0.000e+00
       3270     37.028     6.8573   3.253423     0.5223     0.5846     0.0123  0.0874200  0.000e+00
       3271     37.028     6.8560   3.253188     0.5211     0.5846     0.0123  0.0874200  0.000e+00
       3272     37.028     6.8558   3.253308     0.5223     0.5846     0.0123  0.0874200  0.000e+00
       3273     37.028     6.8560   3.253240     0.5236     0.5846     0.0123  0.0874200  0.000e+00
       3274     36.971     6.8560   3.253423     0.5223     0.5846     0.0123  0.0874200  0.000e+00
       3275     37.028     6.8568   3.253623     0.5211     0.5846     0.0123  0.0874200  0.000e+00
       3276     37.028     6.8597   3.253938     0.5211     0.5846     0.0123  0.0874200  0.000e+00
       3277     37.028     6.8660   3.254161     0.5223     0.5834     0.0123  0.0874200  0.000e+00
       3278     36.971     6.8726   3.254223     0.5223     0.5834     0.0123  0.0874200  0.000e+00
       3279     37.094     6.8766   3.254412     0.5211     0.5834     0.0123  0.0874200  0.000e+00
       3280     37.028     6.8695   3.254469     0.5199     0.5834     0.0123  0.0874200  0.000e+00
       3281     37.094     6.8676   3.254693     0.5199     0.5834     0.0123  0.0874200  0.000e+00
       3282     36.971     6.8803   3.255207     0.5223     0.5834     0.0123  0.0874200  0.000e+00
       3283     37.094     6.8917   3.256094     0.5199     0.5834     0.0119  0.0874200  0.000e+00
       3284     37.028     6.9042   3.256775     0.5199     0.5834     0.0117  0.0874200  0.000e+00
       3285     37.028     6.9117   3.257399     0.5199     0.5822     0.0117  0.0874200  0.000e+00
       3286     37.028     6.9144   3.257473     0.5187     0.5822     0.0117  0.0874200  0.000e+00
       3287     37.094     6.9226   3.257759     0.5211     0.5822     0.0117  0.0874200  0.000e+00
       3288     37.028     6.9404   3.258234     0.5199     0.5822     0.0117  0.0874200  0.000e+00
       3289     37.028     6.9510   3.258274     0.5199     0.5822     0.0117  0.0874200  0.000e+00
       3290     37.094     6.9624   3.258371     0.5187     0.5822     0.0117  0.0874200  0.000e+00
       3291     37.028     6.9773   3.258239     0.5199     0.5822     0.0117  0.0874200  0.000e+00
       3292     37.028     6.9743   3.258274     0.5199     0.5822     0.0117  0.0869316  0.000e+00
       3293     37.094     6.9623   3.258056     0.5199     0.5810     0.0117  0.0874200  0.000e+00
       3294     37.028     6.9640   3.257913     0.5187     0.5810     0.0117  0.0874200  0.000e+00
       3295     37.094     6.9553   3.258068     0.5175     0.5810     0.0117  0.0874200  0.000e+00
       3296     37.028     6.9561   3.257879     0.5199     0.5810     0.0117  0.0874200  0.000e+00
       3297     37.094     6.9626   3.258176     0.5187     0.5810     0.0117  0.0874200  0.000e+00
       3298     37.094     6.9590   3.258302     0.5175     0.5810     0.0117  0.0874200  0.000e+00
       3299     37.028     6.9497   3.258417     0.5175     0.5810     0.0117  0.0874200  0.000e+00
       3300     37.094     6.9550   3.258537     0.5175     0.5810     0.0117  0.0869316  0.000e+00
       3301     37.094     6.9646   3.258680     0.5187     0.5797     0.0117  0.0874200  0.000e+00
       3302     37.094     6.9703   3.258983     0.5199     0.5797     0.0117  0.0869316  0.000e+00
       3303     37.094     6.9767   3.259075     0.5175     0.5797     0.0117  0.0874200  0.000e+00
       3304     37.028     6.9741   3.259229     0.5162     0.5797     0.0117  0.0874200  0.000e+00
       3305     37.094     6.9641   3.259436     0.5162     0.5797     0.0117  0.0874200  0.000e+00
       3306     37.094     6.9645   3.259464     0.5175     0.5797     0.0117  0.0874200  0.000e+00
       3307     37.094     6.9688   3.259413     0.5175     0.5797     0.0117  0.0874200  0.000e+00
       3308     37.094     6.9382   3.258778     0.5162     0.5797     0.0112  0.0874200  0.000e+00
       3309     37.094     6.9182   3.258148     0.5162     0.5785     0.0102  0.0874200  0.000e+00
       3310     37.094     6.9091   3.257759     0.5162     0.5785     0.0099  0.0874200  0.000e+00
       3311     37.094     6.9016   3.257708     0.5175     0.5797     0.0101  0.0874200  0.000e+00
       3312     37.094     6.8901   3.257731     0.5162     0.5785     0.0101  0.0874200  0.000e+00
       3313     37.152     6.8848   3.257405     0.5150     0.5785     0.0101  0.0874200  0.000e+00
       3314     37.094     6.8752   3.257073     0.5150     0.5785     0.0099  0.0874200  0.000e+00
       3315     37.094     6.8622   3.256403     0.5162     0.5785     0.0101  0.0874200  0.000e+00
       3316     37.152     6.8673   3.256089     0.5175     0.5785     0.0101  0.0874200  0.000e+00
       3317     37.094     6.9059   3.256186     0.5162     0.5773     0.0101  0.0874200  0.000e+00
       3318     37.094     6.9314   3.256895     0.5150     0.5785     0.0101  0.0874200  0.000e+00
       3319     37.152     6.9415   3.257301     0.5138     0.5785     0.0101  0.0874200  0.000e+00
       3320     37.094     6.9610   3.257759     0.5150     0.5773     0.0101  0.0874200  0.000e+00
       3321     37.152     6.9770   3.258108     0.5162     0.5785     0.0101  0.0874200  0.000e+00
       3322     37.094     6.9828   3.258205     0.5150     0.5773     0.0101  0.0874200  0.000e+00
       3323     37.151     6.9865   3.258611     0.5150     0.5773     0.0101  0.0874200  0.000e+00
       3324     37.094     6.9935   3.258748     0.5150     0.5773     0.0101  0.0874200  0.000e+00
       3325     37.151     6.9969   3.258817     0.5150     0.5773     0.0101  0.0874200  0.000e+00
       3326     37.151     6.9855   3.258834     0.5150     0.5773     0.0101  0.0874200  0.000e+00
       3327     37.151     6.9817   3.258880     0.5138     0.5773     0.0101  0.0874200  0.000e+00
       3328     37.094     6.9847   3.259138     0.5138     0.5773     0.0101  0.0874200  0.000e+00
       3329     37.151     6.9870   3.259086     0.5138     0.5773     0.0101  0.0874200  0.000e+00
       3330     37.151     6.9853   3.259023     0.5162     0.5773     0.0101  0.0874200  0.000e+00
       3331     37.151     6.9767   3.258949     0.5150     0.5761     0.0101  0.0874200  0.000e+00
       3332     37.151     6.9736   3.258789     0.5150     0.5773     0.0101  0.0874200  0.000e+00
       3333     37.151     6.9770   3.258903     0.5150     0.5773     0.0099  0.0874200  0.000e+00
       3334     37.151     6.9785   3.258794     0.5150     0.5773     0.0099  0.0874200  0.000e+00
       3335     37.151     6.9741   3.258949     0.5150     0.5761     0.0097  0.0874200  0.000e+00
       3336     37.151     6.9719   3.259012     0.5138     0.5761     0.0097  0.0874200  0.000e+00
       3337     37.209     6.9732   3.258880     0.5150     0.5761     0.0097  0.0874200  0.000e+00
       3338     37.151     6.9730   3.258903     0.5150     0.5761     0.0097  0.0874200  0.000e+00
       3339     37.151     6.9649   3.258680     0.5150     0.5761     0.0097  0.0874200  0.000e+00
       3340     37.151     6.9459   3.258514     0.5150     0.5761     0.0097  0.0874200  0.000e+00
       3341     37.209     6.9343   3.258326     0.5150     0.5761     0.0097  0.0874200  0.000e+00
       3342     37.151     6.9416   3.258228     0.5150     0.5761     0.0097  0.0874200  0.000e+00
       3343     37.209     6.9573   3.258365     0.5138     0.5761     0.0097  0.0874200  0.000e+00
       3344     37.209     6.9769   3.258531     0.5150     0.5761     0.0097  0.0874200  0.000e+00
       3345     37.151     6.9876   3.258794     0.5150     0.5761     0.0097  0.0874200  0.000e+00
       3346     37.209     6.9928   3.258800     0.5138     0.5761     0.0099  0.0874200  0.000e+00
       3347     37.151     6.9960   3.258886     0.5150     0.5761     0.0097  0.0874200  0.000e+00
       3348     37.209     6.9961   3.258857     0.5138     0.5761     0.0097  0.0874200  0.000e+00
       3349     37.217     6.9947   3.258726     0.5150     0.5761     0.0097  0.0874200  0.000e+00
       3350     37.209     6.9934   3.258794     0.5150     0.5761     0.0097  0.0874200  0.000e+00
       3351     37.209     6.9844   3.258588     0.5138     0.5761     0.0097  0.0874200  0.000e+00
       3352     37.151     6.9786   3.258514     0.5138     0.5761     0.0097  0.0874200  0.000e+00
       3353     37.209     6.9795   3.258531     0.5150     0.5761     0.0097  0.0874200  0.000e+00
       3354     37.217     6.9672   3.258651     0.5162     0.5761     0.0097  0.0874200  0.000e+00
       3355     37.275     6.9428   3.258949     0.5150     0.5761     0.0097  0.0874200  0.000e+00
       3356     37.209     6.9244   3.259156     0.5150     0.5761     0.0097  0.0874200  0.000e+00
       3357     37.209     6.9109   3.259637     0.5138     0.5761     0.0097  0.0874200  0.000e+00
       3358     37.217     6.9006   3.260049     0.5138     0.5761     0.0097  0.0874200  0.000e+00
       3359     37.209     6.8982   3.260226     0.5162     0.5761     0.0097  0.0869316  0.000e+00
       3360     37.209     6.9113   3.260455     0.5150     0.5761     0.0097  0.0874200  0.000e+00
