code/data/2021/ctd_data_day2/station6.cnv
* Sea-Bird SBE 9 Data File:
* FileName = C:\Users\CTD-User\Desktop\MAR440\day2\station6.hex
* Software Version Seasave V 7.26.2.13
* Temperature SN = 6313
* Conductivity SN = 4758
* Number of Bytes Per Scan = 37
* Number of Voltage Words = 4
* Number of Scans Averaged by the Deck Unit = 1
* NMEA Latitude = 58 18.87 N
* NMEA Longitude = 011 46.44 E
* NMEA UTC (Time) = Sep 22 2021 10:40:23
* NMEA baud rate = 4800
** Ship: Skagerrak
** Station: station6
** Operator: group2blu
# nquan = 9
# nvalues = 3719                                  
# units = specified
# name 0 = scan: Scan Count
# name 1 = prDM: Pressure, Digiquartz [db]
# name 2 = t090C: Temperature [ITS-90, deg C]
# name 3 = c0S/m: Conductivity [S/m]
# name 4 = sbeox0V: Oxygen raw, SBE 43 [V]
# name 5 = sbeox1V: Oxygen raw, SBE 43, 2 [V]
# name 6 = flECO-AFL: Fluorescence, WET Labs ECO-AFL/FL [mg/m^3]
# name 7 = upoly0: Upoly 0, Turbidity
# name 8 = flag:  0.000e+00
# span 0 =          1,       3719                 
# span 1 =      0.217,     37.875                 
# span 2 =     6.7156,    16.0704                 
# span 3 =   2.943636,   3.753979                 
# span 4 =     0.5138,     2.8083                 
# span 5 =     0.5761,     2.7851                 
# span 6 =     0.0033,     0.0304                 
# span 7 =  0.0859548,  0.1621453                 
# span 8 = 0.0000e+00, 0.0000e+00                 
# interval = seconds: 0.0416667
# start_time = Sep 22 2021 10:40:23 [NMEA time, header]
# bad_flag = -9.990e-29
*END*
          1      3.964    14.9686   2.945387     2.2723     2.2381     0.0046  0.1553077  0.000e+00
          2      4.088    14.9684   2.945365     2.2723     2.2369     0.0046  0.1553077  0.000e+00
          3      4.055    14.9682   2.945508     2.2723     2.2357     0.0046  0.1553077  0.000e+00
          4      4.088    14.9680   2.945426     2.2711     2.2344     0.0046  0.1553077  0.000e+00
          5      4.121    14.9677   2.945470     2.2711     2.2332     0.0046  0.1553077  0.000e+00
          6      4.088    14.9679   2.945370     2.2711     2.2320     0.0046  0.1553077  0.000e+00
          7      4.179    14.9682   2.945481     2.2698     2.2308     0.0046  0.1553077  0.000e+00
          8      4.146    14.9680   2.945420     2.2698     2.2295     0.0046  0.1548193  0.000e+00
          9      4.203    14.9677   2.945492     2.2698     2.2283     0.0046  0.1548193  0.000e+00
         10      4.179    14.9677   2.945464     2.2698     2.2271     0.0046  0.1548193  0.000e+00
         11      4.269    14.9676   2.945486     2.2686     2.2259     0.0046  0.1548193  0.000e+00
         12      4.245    14.9672   2.945415     2.2686     2.2247     0.0046  0.1553077  0.000e+00
         13      4.269    14.9672   2.945552     2.2674     2.2234     0.0046  0.1553077  0.000e+00
         14      4.302    14.9670   2.945420     2.2674     2.2222     0.0046  0.1548193  0.000e+00
         15      4.327    14.9672   2.945569     2.2674     2.2210     0.0046  0.1553077  0.000e+00
         16      4.393    14.9671   2.945448     2.2662     2.2198     0.0046  0.1548193  0.000e+00
         17      4.360    14.9669   2.945536     2.2662     2.2186     0.0046  0.1553077  0.000e+00
         18      4.393    14.9669   2.945475     2.2662     2.2173     0.0046  0.1553077  0.000e+00
         19      4.426    14.9667   2.945508     2.2650     2.2161     0.0046  0.1553077  0.000e+00
         20      4.393    14.9664   2.945525     2.2650     2.2149     0.0046  0.1557961  0.000e+00
         21      4.508    14.9659   2.945569     2.2637     2.2137     0.0046  0.1557961  0.000e+00
         22      4.426    14.9657   2.945536     2.2625     2.2125     0.0046  0.1557961  0.000e+00
         23      4.508    14.9649   2.945607     2.2625     2.2112     0.0046  0.1557961  0.000e+00
         24      4.550    14.9649   2.945492     2.2625     2.2100     0.0046  0.1557961  0.000e+00
         25      4.574    14.9650   2.945607     2.2613     2.2088     0.0046  0.1557961  0.000e+00
         26      4.550    14.9654   2.945646     2.2613     2.2076     0.0046  0.1557961  0.000e+00
         27      4.574    14.9659   2.945530     2.2601     2.2063     0.0046  0.1557961  0.000e+00
         28      4.632    14.9664   2.945602     2.2601     2.2051     0.0046  0.1557961  0.000e+00
         29      4.607    14.9667   2.945486     2.2589     2.2039     0.0046  0.1557961  0.000e+00
         30      4.698    14.9670   2.945630     2.2589     2.2027     0.0046  0.1557961  0.000e+00
         31      4.673    14.9672   2.945630     2.2576     2.2015     0.0046  0.1553077  0.000e+00
         32      4.698    14.9672   2.945591     2.2564     2.2002     0.0046  0.1557961  0.000e+00
         33      4.698    14.9670   2.945619     2.2564     2.1990     0.0046  0.1557961  0.000e+00
         34      4.789    14.9671   2.945679     2.2564     2.1978     0.0046  0.1557961  0.000e+00
         35      4.756    14.9670   2.945690     2.2552     2.1966     0.0046  0.1553077  0.000e+00
         36      4.789    14.9674   2.945630     2.2540     2.1954     0.0046  0.1557961  0.000e+00
         37      4.822    14.9672   2.945729     2.2540     2.1941     0.0046  0.1553077  0.000e+00
         38      4.789    14.9672   2.945839     2.2540     2.1929     0.0046  0.1557961  0.000e+00
         39      4.879    14.9669   2.945729     2.2527     2.1917     0.0046  0.1553077  0.000e+00
         40      4.879    14.9662   2.945734     2.2515     2.1917     0.0046  0.1557961  0.000e+00
         41      4.912    14.9661   2.945701     2.2515     2.1905     0.0044  0.1557961  0.000e+00
         42      4.937    14.9655   2.945712     2.2503     2.1893     0.0046  0.1557961  0.000e+00
         43      4.912    14.9655   2.945657     2.2491     2.1880     0.0046  0.1553077  0.000e+00
         44      5.003    14.9659   2.945701     2.2491     2.1868     0.0046  0.1548193  0.000e+00
         45      5.003    14.9664   2.945641     2.2479     2.1856     0.0046  0.1548193  0.000e+00
         46      4.978    14.9662   2.945773     2.2479     2.1844     0.0046  0.1548193  0.000e+00
         47      5.061    14.9664   2.945707     2.2466     2.1844     0.0046  0.1548193  0.000e+00
         48      5.036    14.9665   2.945767     2.2454     2.1831     0.0046  0.1548193  0.000e+00
         49      5.061    14.9669   2.945701     2.2454     2.1819     0.0046  0.1548193  0.000e+00
         50      5.127    14.9669   2.945685     2.2442     2.1819     0.0046  0.1543309  0.000e+00
         51      5.094    14.9672   2.945795     2.2430     2.1807     0.0046  0.1543309  0.000e+00
         52      5.127    14.9672   2.945784     2.2418     2.1807     0.0046  0.1548193  0.000e+00
         53      5.217    14.9670   2.945817     2.2418     2.1807     0.0046  0.1548193  0.000e+00
         54      5.184    14.9665   2.945850     2.2405     2.1807     0.0046  0.1543309  0.000e+00
         55      5.184    14.9664   2.945856     2.2405     2.1795     0.0046  0.1543309  0.000e+00
         56      5.217    14.9659   2.945856     2.2393     2.1795     0.0046  0.1548193  0.000e+00
         57      5.242    14.9662   2.945878     2.2381     2.1795     0.0046  0.1548193  0.000e+00
         58      5.283    14.9659   2.945756     2.2381     2.1795     0.0046  0.1548193  0.000e+00
         59      5.308    14.9655   2.945867     2.2369     2.1795     0.0046  0.1543309  0.000e+00
         60      5.308    14.9647   2.945806     2.2357     2.1807     0.0046  0.1548193  0.000e+00
         61      5.341    14.9642   2.945839     2.2344     2.1807     0.0046  0.1543309  0.000e+00
         62      5.366    14.9635   2.945778     2.2332     2.1807     0.0046  0.1543309  0.000e+00
         63      5.341    14.9632   2.945889     2.2332     2.1819     0.0046  0.1548193  0.000e+00
         64      5.432    14.9625   2.945795     2.2320     2.1819     0.0046  0.1548193  0.000e+00
         65      5.341    14.9616   2.945828     2.2320     2.1819     0.0046  0.1548193  0.000e+00
         66      5.555    14.9605   2.945757     2.2308     2.1831     0.0046  0.1543309  0.000e+00
         67      5.432    14.9600   2.945740     2.2295     2.1844     0.0046  0.1543309  0.000e+00
         68      5.465    14.9593   2.945872     2.2283     2.1856     0.0046  0.1543309  0.000e+00
         69      5.555    14.9583   2.945850     2.2283     2.1856     0.0046  0.1548193  0.000e+00
         70      5.465    14.9572   2.945955     2.2271     2.1880     0.0046  0.1548193  0.000e+00
         71      5.613    14.9559   2.945971     2.2259     2.1880     0.0046  0.1553077  0.000e+00
         72      5.555    14.9544   2.946032     2.2271     2.1893     0.0046  0.1553077  0.000e+00
         73      5.646    14.9532   2.945988     2.2247     2.1905     0.0046  0.1553077  0.000e+00
         74      5.555    14.9527   2.946071     2.2234     2.1929     0.0046  0.1553077  0.000e+00
         75      5.671    14.9522   2.945977     2.2222     2.1941     0.0046  0.1553077  0.000e+00
         76      5.646    14.9516   2.945922     2.2210     2.1954     0.0046  0.1548193  0.000e+00
         77      5.671    14.9511   2.946038     2.2198     2.1966     0.0046  0.1548193  0.000e+00
         78      5.712    14.9503   2.945972     2.2198     2.1978     0.0046  0.1553077  0.000e+00
         79      5.737    14.9500   2.945922     2.2186     2.1990     0.0046  0.1553077  0.000e+00
         80      5.737    14.9494   2.945933     2.2173     2.2015     0.0046  0.1553077  0.000e+00
         81      5.770    14.9493   2.945983     2.2173     2.2027     0.0046  0.1553077  0.000e+00
         82      5.794    14.9492   2.946016     2.2161     2.2039     0.0046  0.1548193  0.000e+00
         83      5.836    14.9493   2.946043     2.2149     2.2063     0.0046  0.1553077  0.000e+00
         84      5.794    14.9491   2.946071     2.2149     2.2076     0.0046  0.1553077  0.000e+00
         85      5.860    14.9489   2.946181     2.2137     2.2088     0.0046  0.1553077  0.000e+00
         86      5.836    14.9486   2.946170     2.2125     2.2112     0.0046  0.1553077  0.000e+00
         87      5.918    14.9482   2.946120     2.2112     2.2125     0.0046  0.1548193  0.000e+00
         88      5.893    14.9478   2.946104     2.2112     2.2137     0.0046  0.1553077  0.000e+00
         89      5.976    14.9476   2.946126     2.2100     2.2161     0.0046  0.1553077  0.000e+00
         90      5.918    14.9472   2.946087     2.2088     2.2186     0.0046  0.1548193  0.000e+00
         91      5.951    14.9472   2.946159     2.2076     2.2198     0.0046  0.1548193  0.000e+00
         92      6.042    14.9468   2.946192     2.2063     2.2198     0.0046  0.1553077  0.000e+00
         93      6.017    14.9462   2.946082     2.2063     2.2222     0.0046  0.1553077  0.000e+00
         94      5.976    14.9462   2.946175     2.2051     2.2247     0.0046  0.1553077  0.000e+00
         95      6.099    14.9464   2.946049     2.2039     2.2259     0.0046  0.1553077  0.000e+00
         96      6.075    14.9464   2.946203     2.2039     2.2271     0.0046  0.1553077  0.000e+00
         97      6.099    14.9464   2.946164     2.2027     2.2283     0.0046  0.1553077  0.000e+00
         98      6.099    14.9465   2.946297     2.2015     2.2308     0.0046  0.1553077  0.000e+00
         99      6.198    14.9471   2.946142     2.2002     2.2320     0.0046  0.1553077  0.000e+00
        100      6.099    14.9476   2.946302     2.1990     2.2332     0.0046  0.1553077  0.000e+00
        101      6.198    14.9477   2.946231     2.1990     2.2344     0.0046  0.1553077  0.000e+00
        102      6.223    14.9483   2.946269     2.1978     2.2369     0.0046  0.1548193  0.000e+00
        103      6.223    14.9484   2.946220     2.1966     2.2381     0.0046  0.1548193  0.000e+00
        104      6.256    14.9489   2.946269     2.1966     2.2393     0.0046  0.1553077  0.000e+00
        105      6.289    14.9496   2.946280     2.1966     2.2405     0.0046  0.1553077  0.000e+00
        106      6.256    14.9496   2.946209     2.1941     2.2418     0.0046  0.1548193  0.000e+00
        107      6.289    14.9501   2.946308     2.1941     2.2430     0.0046  0.1553077  0.000e+00
        108      6.347    14.9501   2.946269     2.1929     2.2454     0.0046  0.1553077  0.000e+00
        109      6.380    14.9500   2.946363     2.1917     2.2466     0.0046  0.1553077  0.000e+00
        110      6.347    14.9500   2.946198     2.1917     2.2479     0.0046  0.1553077  0.000e+00
        111      6.404    14.9501   2.946418     2.1905     2.2491     0.0046  0.1553077  0.000e+00
        112      6.380    14.9504   2.946308     2.1893     2.2503     0.0046  0.1553077  0.000e+00
        113      6.470    14.9507   2.946407     2.1880     2.2515     0.0046  0.1548193  0.000e+00
        114      6.446    14.9514   2.946396     2.1880     2.2527     0.0046  0.1553077  0.000e+00
        115      6.470    14.9516   2.946319     2.1868     2.2527     0.0046  0.1553077  0.000e+00
        116      6.470    14.9525   2.946319     2.1856     2.2552     0.0046  0.1553077  0.000e+00
        117      6.569    14.9539   2.946176     2.1844     2.2552     0.0046  0.1553077  0.000e+00
        118      6.528    14.9576   2.946313     2.1831     2.2564     0.0046  0.1553077  0.000e+00
        119      6.569    14.9617   2.946275     2.1819     2.2576     0.0046  0.1548193  0.000e+00
        120      6.594    14.9640   2.946407     2.1819     2.2589     0.0046  0.1548193  0.000e+00
        121      6.594    14.9662   2.946379     2.1807     2.2601     0.0046  0.1548193  0.000e+00
        122      6.627    14.9708   2.946412     2.1795     2.2601     0.0046  0.1543309  0.000e+00
        123      6.652    14.9738   2.946473     2.1795     2.2613     0.0046  0.1543309  0.000e+00
        124      6.652    14.9760   2.946385     2.1783     2.2625     0.0046  0.1543309  0.000e+00
        125      6.685    14.9786   2.946473     2.1783     2.2637     0.0046  0.1543309  0.000e+00
        126      6.709    14.9827   2.946495     2.1770     2.2637     0.0046  0.1543309  0.000e+00
        127      6.685    14.9876   2.946506     2.1758     2.2650     0.0046  0.1543309  0.000e+00
        128      6.775    14.9950   2.946390     2.1746     2.2662     0.0046  0.1548193  0.000e+00
        129      6.775    15.0006   2.946555     2.1746     2.2662     0.0046  0.1548193  0.000e+00
        130      6.808    15.0043   2.946478     2.1734     2.2674     0.0046  0.1548193  0.000e+00
        131      6.775    15.0103   2.946599     2.1734     2.2686     0.0046  0.1548193  0.000e+00
        132      6.833    15.0150   2.946572     2.1722     2.2686     0.0046  0.1543309  0.000e+00
        133      6.874    15.0189   2.946561     2.1709     2.2698     0.0046  0.1543309  0.000e+00
        134      6.833    15.0341   2.946588     2.1709     2.2698     0.0046  0.1548193  0.000e+00
        135      6.932    15.0562   2.946555     2.1697     2.2711     0.0046  0.1543309  0.000e+00
        136      6.899    15.0742   2.946582     2.1697     2.2711     0.0046  0.1548193  0.000e+00
        137      6.957    15.0849   2.946555     2.1685     2.2723     0.0046  0.1543309  0.000e+00
        138      6.932    15.0943   2.946582     2.1673     2.2723     0.0046  0.1548193  0.000e+00
        139      7.014    15.1024   2.946532     2.1661     2.2723     0.0046  0.1548193  0.000e+00
        140      6.957    15.1160   2.946659     2.1648     2.2735     0.0046  0.1548193  0.000e+00
        141      7.055    15.1311   2.946582     2.1648     2.2735     0.0046  0.1548193  0.000e+00
        142      7.014    15.1386   2.946664     2.1636     2.2747     0.0046  0.1543309  0.000e+00
        143      7.080    15.1438   2.946626     2.1624     2.2747     0.0046  0.1543309  0.000e+00
        144      7.055    15.1498   2.946598     2.1624     2.2747     0.0046  0.1543309  0.000e+00
        145      7.138    15.1529   2.946615     2.1624     2.2759     0.0046  0.1538425  0.000e+00
        146      7.113    15.1557   2.946603     2.1612     2.2759     0.0044  0.1465165  0.000e+00
        147      7.138    15.1605   2.946636     2.1599     2.2759     0.0044  0.1426093  0.000e+00
        148      7.204    15.1628   2.946670     2.1599     2.2772     0.0044  0.1421209  0.000e+00
        149      7.179    15.1638   2.946697     2.1587     2.2772     0.0044  0.1430977  0.000e+00
        150      7.204    15.1704   2.946725     2.1587     2.2772     0.0044  0.1430977  0.000e+00
        151      7.204    15.1861   2.946835     2.1575     2.2772     0.0044  0.1426093  0.000e+00
        152      7.303    15.2028   2.946790     2.1575     2.2784     0.0044  0.1430977  0.000e+00
        153      7.204    15.2198   2.946823     2.1563     2.2784     0.0044  0.1430977  0.000e+00
        154      7.360    15.2439   2.946762     2.1551     2.2784     0.0044  0.1430977  0.000e+00
        155      7.262    15.2646   2.946773     2.1538     2.2784     0.0044  0.1426093  0.000e+00
        156      7.327    15.2827   2.946685     2.1538     2.2784     0.0044  0.1430977  0.000e+00
        157      7.418    15.3051   2.946751     2.1538     2.2796     0.0044  0.1430977  0.000e+00
        158      7.327    15.3196   2.946789     2.1526     2.2796     0.0044  0.1430977  0.000e+00
        159      7.443    15.3269   2.946745     2.1526     2.2796     0.0044  0.1426093  0.000e+00
        160      7.418    15.3289   2.946817     2.1514     2.2796     0.0044  0.1430977  0.000e+00
