code/data/2021/ctd_data_day2/station8_ctm.cnv
* Sea-Bird SBE 9 Data File:
* FileName = C:\Users\CTD-User\Desktop\MAR440\day2\station8.hex
* Software Version Seasave V 7.26.2.13
* Temperature SN = 6313
* Conductivity SN = 4758
* Number of Bytes Per Scan = 37
* Number of Voltage Words = 4
* Number of Scans Averaged by the Deck Unit = 1
* NMEA Latitude = 58 19.53 N
* NMEA Longitude = 011 50.68 E
* NMEA UTC (Time) = Sep 22 2021 11:34:11
* NMEA baud rate = 4800
** Ship: Skagerrak
** Station: station8
** Operator: group1
# nquan = 9
# nvalues = 1621                        
# units = specified
# name 0 = scan: Scan Count
# name 1 = prDM: Pressure, Digiquartz [db]
# name 2 = t090C: Temperature [ITS-90, deg C]
# name 3 = c0S/m: Conductivity [S/m]
# name 4 = sbeox0V: Oxygen raw, SBE 43 [V]
# name 5 = sbeox1V: Oxygen raw, SBE 43, 2 [V]
# name 6 = flECO-AFL: Fluorescence, WET Labs ECO-AFL/FL [mg/m^3]
# name 7 = upoly0: Upoly 0, Turbidity
# name 8 = flag:  0.000e+00
# span 0 =          1,       1621       
# span 1 =      0.732,     12.652       
# span 2 =    13.9013,    15.7444       
# span 3 =   2.895952,   3.417838       
# span 4 =     1.3528,     2.8205       
# span 5 =     1.3344,     2.7521       
# span 6 =     0.0040,     0.0057       
# span 7 =  0.0908388,  0.1826581       
# span 8 = 0.0000e+00, 0.0000e+00       
# interval = seconds: 0.0416667
# start_time = Sep 22 2021 11:34:11 [NMEA time, header]
# bad_flag = -9.990e-29
*END*
[from data line 641]
        642      0.856    14.7903   2.899640     2.7582     2.6947     0.0049  0.1689829 0.0000e+00
        643      0.765    14.7980   2.901328     2.7582     2.6960     0.0053  0.1689829 0.0000e+00
        644      0.922    14.8049   2.902784     2.7607     2.6960     0.0053  0.1694713 0.0000e+00
        645      0.765    14.8063   2.903967     2.7607     2.6960     0.0049  0.1694713 0.0000e+00
        646      0.922    14.8023   2.904235     2.7607     2.6972     0.0053  0.1689829 0.0000e+00
        647      0.765    14.7942   2.902998     2.7619     2.6972     0.0055  0.1694713 0.0000e+00
        648      0.856    14.7893   2.900837     2.7619     2.6984     0.0053  0.1694713 0.0000e+00
        649      0.831    14.7895   2.899708     2.7643     2.6984     0.0049  0.1694713 0.0000e+00
        650      0.856    14.7888   2.899628     2.7631     2.6996     0.0049  0.1694713 0.0000e+00
        651      0.798    14.7891   2.899771     2.7631     2.6996     0.0049  0.1689829 0.0000e+00
        652      0.831    14.7927   2.899883     2.7631     2.6996     0.0049  0.1694713 0.0000e+00
        653      0.798    14.7957   2.900519     2.7643     2.7008     0.0055  0.1694713 0.0000e+00
        654      0.889    14.7959   2.901269     2.7668     2.7008     0.0049  0.1694713 0.0000e+00
        655      0.798    14.7933   2.901078     2.7656     2.7008     0.0049  0.1694713 0.0000e+00
        656      0.831    14.7896   2.900230     2.7656     2.7021     0.0049  0.1694713 0.0000e+00
        657      0.856    14.7945   2.899700     2.7668     2.7021     0.0055  0.1694713 0.0000e+00
        658      0.765    14.8030   2.900866     2.7680     2.7021     0.0055  0.1694713 0.0000e+00
        659      0.856    14.8112   2.903312     2.7692     2.7033     0.0055  0.1689829 0.0000e+00
        660      0.831    14.8184   2.905234     2.7680     2.7033     0.0049  0.1689829 0.0000e+00
        661      0.798    14.8255   2.906434     2.7680     2.7033     0.0049  0.1694713 0.0000e+00
        662      0.831    14.8294   2.907599     2.7680     2.7045     0.0055  0.1689829 0.0000e+00
        663      0.856    14.8253   2.907844     2.7704     2.7045     0.0053  0.1694713 0.0000e+00
        664      0.831    14.8211   2.907261     2.7704     2.7045     0.0049  0.1689829 0.0000e+00
        665      0.798    14.8200   2.906159     2.7704     2.7057     0.0055  0.1704481 0.0000e+00
        666      0.889    14.8213   2.905872     2.7692     2.7069     0.0055  0.1728901 0.0000e+00
        667      0.798    14.8233   2.906223     2.7717     2.7069     0.0055  0.1733785 0.0000e+00
        668      0.765    14.8257   2.906725     2.7729     2.7082     0.0055  0.1733785 0.0000e+00
        669      0.922    14.8276   2.907410     2.7717     2.7082     0.0055  0.1728901 0.0000e+00
        670      0.831    14.8285   2.907823     2.7717     2.7082     0.0055  0.1728901 0.0000e+00
        671      0.798    14.8285   2.907798     2.7717     2.7106     0.0055  0.1728901 0.0000e+00
        672      0.831    14.8299   2.907628     2.7717     2.7094     0.0055  0.1728901 0.0000e+00
        673      0.856    14.8317   2.907714     2.7741     2.7106     0.0055  0.1733785 0.0000e+00
        674      0.798    14.8356   2.908556     2.7741     2.7106     0.0055  0.1733785 0.0000e+00
        675      0.831    14.8338   2.909007     2.7729     2.7118     0.0049  0.1728901 0.0000e+00
        676      0.798    14.8300   2.908327     2.7729     2.7118     0.0055  0.1733785 0.0000e+00
        677      0.831    14.8284   2.907222     2.7741     2.7131     0.0055  0.1733785 0.0000e+00
        678      0.798    14.8223   2.906495     2.7765     2.7131     0.0055  0.1733785 0.0000e+00
        679      0.831    14.8125   2.905600     2.7765     2.7143     0.0055  0.1733785 0.0000e+00
        680      0.732    14.8063   2.904298     2.7741     2.7155     0.0049  0.1728901 0.0000e+00
        681      0.831    14.8046   2.903232     2.7741     2.7155     0.0055  0.1728901 0.0000e+00
        682      0.798    14.8012   2.902538     2.7765     2.7167     0.0055  0.1728901 0.0000e+00
        683      0.765    14.7975   2.901953     2.7778     2.7167     0.0049  0.1733785 0.0000e+00
        684      0.856    14.7957   2.901320     2.7765     2.7179     0.0055  0.1733785 0.0000e+00
        685      0.831    14.7950   2.901096     2.7765     2.7192     0.0055  0.1733785 0.0000e+00
        686      0.798    14.7950   2.900958     2.7765     2.7192     0.0049  0.1733785 0.0000e+00
        687      0.889    14.7947   2.900879     2.7790     2.7204     0.0055  0.1728901 0.0000e+00
        688      0.856    14.7943   2.900930     2.7790     2.7204     0.0055  0.1728901 0.0000e+00
        689      0.831    14.7945   2.900979     2.7790     2.7216     0.0055  0.1733785 0.0000e+00
        690      0.922    14.7953   2.901052     2.7790     2.7216     0.0049  0.1733785 0.0000e+00
        691      0.831    14.7930   2.900433     2.7802     2.7228     0.0053  0.1743553 0.0000e+00
        692      0.922    14.7830   2.898679     2.7826     2.7228     0.0049  0.1743553 0.0000e+00
        693      0.889    14.7765   2.896550     2.7814     2.7240     0.0049  0.1743553 0.0000e+00
        694      0.856    14.7792   2.895952     2.7814     2.7240     0.0049  0.1743553 0.0000e+00
        695      0.955    14.7832   2.896837     2.7814     2.7240     0.0049  0.1743553 0.0000e+00
        696      0.980    14.7847   2.897974     2.7826     2.7240     0.0053  0.1743553 0.0000e+00
        697      0.980    14.7844   2.898645     2.7851     2.7253     0.0049  0.1743553 0.0000e+00
        698      0.955    14.7842   2.898944     2.7863     2.7265     0.0053  0.1743553 0.0000e+00
        699      1.037    14.7847   2.899021     2.7839     2.7265     0.0055  0.1743553 0.0000e+00
        700      0.955    14.7863   2.899239     2.7863     2.7265     0.0055  0.1743553 0.0000e+00
        701      1.037    14.7871   2.899520     2.7863     2.7277     0.0053  0.1743553 0.0000e+00
        702      1.013    14.7871   2.899704     2.7888     2.7277     0.0055  0.1743553 0.0000e+00
        703      1.037    14.7852   2.899482     2.7875     2.7277     0.0055  0.1743553 0.0000e+00
        704      1.070    14.7808   2.898670     2.7863     2.7289     0.0049  0.1743553 0.0000e+00
        705      1.037    14.7766   2.897831     2.7875     2.7289     0.0049  0.1743553 0.0000e+00
        706      1.070    14.7761   2.897356     2.7912     2.7301     0.0055  0.1748437 0.0000e+00
        707      1.161    14.7711   2.897078     2.7912     2.7301     0.0049  0.1743553 0.0000e+00
        708      1.070    14.7662   2.896685     2.7912     2.7301     0.0055  0.1743553 0.0000e+00
        709      1.161    14.7702   2.896333     2.7912     2.7314     0.0055  0.1743553 0.0000e+00
        710      1.136    14.7780   2.896564     2.7912     2.7326     0.0049  0.1743553 0.0000e+00
        711      1.103    14.7871   2.897856     2.7924     2.7314     0.0055  0.1743553 0.0000e+00
        712      1.194    14.7932   2.899312     2.7936     2.7326     0.0049  0.1743553 0.0000e+00
        713      1.161    14.7981   2.900557     2.7936     2.7326     0.0049  0.1743553 0.0000e+00
        714      1.194    14.8038   2.901787     2.7936     2.7326     0.0049  0.1743553 0.0000e+00
        715      1.227    14.8093   2.903033     2.7949     2.7326     0.0049  0.1743553 0.0000e+00
        716      1.227    14.8140   2.904523     2.7961     2.7338     0.0049  0.1753321 0.0000e+00
        717      1.260    14.8181   2.905364     2.7961     2.7338     0.0049  0.1772857 0.0000e+00
        718      1.285    14.8215   2.905999     2.7961     2.7338     0.0055  0.1772857 0.0000e+00
        719      1.318    14.8243   2.906797     2.7961     2.7338     0.0049  0.1772857 0.0000e+00
        720      1.285    14.8294   2.907329     2.7961     2.7350     0.0055  0.1772857 0.0000e+00
        721      1.384    14.8365   2.908324     2.7997     2.7350     0.0049  0.1772857 0.0000e+00
        722      1.351    14.8419   2.909472     2.7985     2.7350     0.0049  0.1772857 0.0000e+00
        723      1.384    14.8459   2.910640     2.7985     2.7350     0.0049  0.1772857 0.0000e+00
        724      1.408    14.8503   2.911466     2.7985     2.7350     0.0055  0.1772857 0.0000e+00
        725      1.441    14.8564   2.912655     2.8010     2.7350     0.0055  0.1772857 0.0000e+00
        726      1.408    14.8592   2.913808     2.8010     2.7363     0.0055  0.1772857 0.0000e+00
        727      1.441    14.8604   2.914825     2.8010     2.7363     0.0055  0.1772857 0.0000e+00
        728      1.532    14.8626   2.915405     2.7997     2.7363     0.0049  0.1772857 0.0000e+00
        729      1.499    14.8631   2.915536     2.8010     2.7363     0.0049  0.1772857 0.0000e+00
        730      1.466    14.8648   2.915303     2.8022     2.7363     0.0055  0.1772857 0.0000e+00
        731      1.590    14.8682   2.915241     2.8034     2.7375     0.0049  0.1772857 0.0000e+00
        732      1.565    14.8731   2.915837     2.8034     2.7375     0.0049  0.1772857 0.0000e+00
        733      1.532    14.8781   2.917005     2.8034     2.7375     0.0055  0.1772857 0.0000e+00
        734      1.623    14.8793   2.918044     2.8022     2.7375     0.0055  0.1772857 0.0000e+00
        735      1.590    14.8761   2.918192     2.8058     2.7399     0.0055  0.1772857 0.0000e+00
        736      1.623    14.8742   2.917939     2.8046     2.7387     0.0049  0.1772857 0.0000e+00
        737      1.656    14.8744   2.917738     2.8034     2.7387     0.0049  0.1772857 0.0000e+00
        738      1.689    14.8758   2.917844     2.8046     2.7399     0.0049  0.1772857 0.0000e+00
        739      1.656    14.8761   2.918149     2.8046     2.7399     0.0055  0.1772857 0.0000e+00
        740      1.746    14.8769   2.918494     2.8071     2.7399     0.0055  0.1772857 0.0000e+00
        741      1.713    14.8780   2.918587     2.8071     2.7411     0.0049  0.1772857 0.0000e+00
        742      1.746    14.8793   2.918759     2.8058     2.7399     0.0057  0.1782625 0.0000e+00
        743      1.713    14.8805   2.919034     2.8058     2.7411     0.0057  0.1782625 0.0000e+00
        744      1.771    14.8821   2.919262     2.8071     2.7424     0.0057  0.1782625 0.0000e+00
        745      1.804    14.8830   2.919381     2.8095     2.7424     0.0057  0.1782625 0.0000e+00
        746      1.837    14.8827   2.919382     2.8083     2.7424     0.0057  0.1782625 0.0000e+00
        747      1.804    14.8820   2.919100     2.8083     2.7424     0.0057  0.1782625 0.0000e+00
        748      1.837    14.8812   2.918747     2.8083     2.7424     0.0057  0.1782625 0.0000e+00
        749      1.870    14.8803   2.918580     2.8083     2.7436     0.0057  0.1782625 0.0000e+00
        750      1.837    14.8810   2.918738     2.8107     2.7436     0.0057  0.1782625 0.0000e+00
        751      1.928    14.8822   2.919084     2.8107     2.7436     0.0057  0.1782625 0.0000e+00
        752      1.895    14.8844   2.919462     2.8095     2.7448     0.0057  0.1782625 0.0000e+00
        753      1.928    14.8967   2.920356     2.8107     2.7460     0.0057  0.1782625 0.0000e+00
        754      1.961    14.9090   2.922217     2.8107     2.7460     0.0057  0.1782625 0.0000e+00
        755      1.928    14.9128   2.924693     2.8120     2.7460     0.0057  0.1782625 0.0000e+00
        756      2.018    14.9175   2.926685     2.8120     2.7472     0.0057  0.1782625 0.0000e+00
        757      2.018    14.9230   2.928240     2.8120     2.7472     0.0057  0.1782625 0.0000e+00
        758      1.994    14.9226   2.929542     2.8120     2.7472     0.0057  0.1782625 0.0000e+00
        759      2.076    14.9175   2.929671     2.8144     2.7485     0.0057  0.1782625 0.0000e+00
        760      1.994    14.9164   2.929387     2.8144     2.7485     0.0057  0.1782625 0.0000e+00
        761      2.076    14.9184   2.929422     2.8156     2.7497     0.0057  0.1782625 0.0000e+00
        762      2.117    14.9220   2.929778     2.8156     2.7497     0.0057  0.1782625 0.0000e+00
        763      2.076    14.9224   2.930214     2.8144     2.7497     0.0057  0.1782625 0.0000e+00
        764      2.175    14.9213   2.930419     2.8168     2.7497     0.0057  0.1782625 0.0000e+00
        765      2.142    14.9219   2.930521     2.8156     2.7497     0.0057  0.1782625 0.0000e+00
        766      2.175    14.9201   2.930470     2.8156     2.7509     0.0057  0.1782625 0.0000e+00
        767      2.142    14.9149   2.930083     2.8156     2.7509     0.0057  0.1797277 0.0000e+00
        768      2.200    14.9104   2.929247     2.8168     2.7509     0.0055  0.1821697 0.0000e+00
        769      2.233    14.9119   2.928659     2.8205     2.7509     0.0055  0.1826581 0.0000e+00
        770      2.266    14.9128   2.928559     2.8181     2.7509     0.0055  0.1826581 0.0000e+00
        771      2.233    14.9130   2.928550     2.8168     2.7509     0.0055  0.1826581 0.0000e+00
        772      2.266    14.9127   2.928356     2.8168     2.7521     0.0049  0.1821697 0.0000e+00
        773      2.299    14.9109   2.928103     2.8181     2.7521     0.0055  0.1826581 0.0000e+00
        774      2.323    14.9116   2.927820     2.8205     2.7521     0.0055  0.1826581 0.0000e+00
        775      2.299    14.9140   2.927693     2.8181     2.7521     0.0049  0.1826581 0.0000e+00
        776      2.389    14.9176   2.928120     2.8181     2.7521     0.0055  0.1826581 0.0000e+00
        777      2.389    14.9244   2.929186     2.8168     2.7521     0.0055  0.1826581 0.0000e+00
        778      2.356    14.9272   2.930450     2.8205     2.7521     0.0055  0.1826581 0.0000e+00
        779      2.389    14.9274   2.931193     2.8193     2.7521     0.0055  0.1821697 0.0000e+00
        780      2.480    14.9264   2.931162     2.8181     2.7521     0.0055  0.1826581 0.0000e+00
        781      2.389    14.9263   2.930948     2.8181     2.7521     0.0055  0.1826581 0.0000e+00
        782      2.480    14.9290   2.930843     2.8181     2.7521     0.0055  0.1826581 0.0000e+00
        783      2.447    14.9267   2.930917     2.8193     2.7521     0.0055  0.1821697 0.0000e+00
        784      2.538    14.9266   2.930763     2.8205     2.7521     0.0055  0.1826581 0.0000e+00
        785      2.505    14.9278   2.930647     2.8181     2.7521     0.0055  0.1826581 0.0000e+00
        786      2.505    14.9277   2.930751     2.8181     2.7521     0.0049  0.1826581 0.0000e+00
        787      2.538    14.9272   2.930811     2.8181     2.7521     0.0055  0.1821697 0.0000e+00
        788      2.571    14.9282   2.930743     2.8205     2.7521     0.0049  0.1821697 0.0000e+00
        789      2.604    14.9285   2.930728     2.8193     2.7509     0.0049  0.1826581 0.0000e+00
        790      2.571    14.9302   2.930828     2.8181     2.7509     0.0049  0.1826581 0.0000e+00
        791      2.661    14.9288   2.930955     2.8181     2.7509     0.0049  0.1826581 0.0000e+00
        792      2.628    14.9266   2.930881     2.8181     2.7509     0.0055  0.1821697 0.0000e+00
        793      2.661    14.9248   2.930610     2.8193     2.7509     0.0055  0.1772857 0.0000e+00
        794      2.694    14.9282   2.930531     2.8193     2.7509     0.0057  0.1743553 0.0000e+00
        795      2.628    14.9295   2.930816     2.8181     2.7497     0.0057  0.1733785 0.0000e+00
        796      2.727    14.9306   2.931200     2.8181     2.7497     0.0057  0.1738669 0.0000e+00
        797      2.752    14.9302   2.931215     2.8181     2.7497     0.0057  0.1738669 0.0000e+00
        798      2.727    14.9337   2.931179     2.8205     2.7497     0.0057  0.1738669 0.0000e+00
        799      2.752    14.9364   2.931701     2.8181     2.7497     0.0057  0.1743553 0.0000e+00
        800      2.785    14.9385   2.932661     2.8181     2.7497     0.0057  0.1738669 0.0000e+00
