code/data/2021/ctd_data_day2/station5_ctm.cnv
* Sea-Bird SBE 9 Data File:
* FileName = C:\Users\CTD-User\Desktop\MAR440\day2\station5.hex
* Software Version Seasave V 7.26.2.13
* Temperature SN = 6313
* Conductivity SN = 4758
* Number of Bytes Per Scan = 37
* Number of Voltage Words = 4
* Number of Scans Averaged by the Deck Unit = 1
* NMEA Latitude = 58 19.20 N
* NMEA Longitude = 011 48.71 E
* NMEA UTC (Time) = Sep 22 2021 10:20:22
* NMEA baud rate = 4800
** Ship: Skagerrak
** Station: station5
** Operator: group2blu
# nquan = 9
# nvalues = 5019                        
# units = specified
# name 0 = scan: Scan Count
# name 1 = prDM: Pressure, Digiquartz [db]
# name 2 = t090C: Temperature [ITS-90, deg C]
# name 3 = c0S/m: Conductivity [S/m]
# name 4 = sbeox0V: Oxygen raw, SBE 43 [V]
# name 5 = sbeox1V: Oxygen raw, SBE 43, 2 [V]
# name 6 = flECO-AFL: Fluorescence, WET Labs ECO-AFL/FL [mg/m^3]
# name 7 = upoly0: Upoly 0, Turbidity
# name 8 = flag:  0.000e+00
# span 0 =          1,       5019       
# span 1 =      0.359,     26.579       
# span 2 =    11.2578,    16.2563       
# span 3 =  -0.000972,   3.804915       
# span 4 =     0.9253,     2.9597       
# span 5 =     1.0182,     2.8608       
# span 6 =     0.0020,     0.0522       
# span 7 =  0.0800940,  0.1792393       
# span 8 = 0.0000e+00, 0.0000e+00       
# interval = seconds: 0.0416667
# start_time = Sep 22 2021 10:20:22 [NMEA time, header]
# bad_flag = -9.990e-29
*END*
[from data line 2081]
       2082     10.451    15.9692   3.238847     1.9414     2.1172     0.0042  0.1006068 0.0000e+00
       2083     10.493    15.9677   3.244120     1.9377     2.1184     0.0044  0.1006068 0.0000e+00
       2084     10.509    15.9709   3.249015     1.9377     2.1196     0.0044  0.1010952 0.0000e+00
       2085     10.451    15.9731   3.254206     1.9389     2.1209     0.0044  0.1015836 0.0000e+00
       2086     10.509    15.9770   3.260969     1.9377     2.1209     0.0044  0.1010952 0.0000e+00
       2087     10.492    15.9955   3.267199     1.9365     2.1209     0.0044  0.1015836 0.0000e+00
       2088     10.451    16.0025   3.270430     1.9365     2.1221     0.0044  0.1015836 0.0000e+00
       2089     10.509    16.0083   3.270758     1.9365     2.1221     0.0044  0.1010952 0.0000e+00
       2090     10.426    16.0142   3.267784     1.9365     2.1245     0.0044  0.1010952 0.0000e+00
       2091     10.509    16.0209   3.262353     1.9365     2.1233     0.0044  0.1015836 0.0000e+00
       2092     10.509    16.0248   3.256944     1.9365     2.1258     0.0044  0.1015836 0.0000e+00
       2093     10.426    16.0181   3.254595     1.9365     2.1270     0.0044  0.1010952 0.0000e+00
       2094     10.509    16.0223   3.256758     1.9365     2.1306     0.0044  0.1015836 0.0000e+00
       2095     10.508    16.0425   3.260323     1.9389     2.1343     0.0044  0.1010952 0.0000e+00
       2096     10.426    16.0633   3.261851     1.9414     2.1380     0.0044  0.1015836 0.0000e+00
       2097     10.508    16.0744   3.264775     1.9450     2.1441     0.0044  0.1010952 0.0000e+00
       2098     10.508    16.0754   3.271310     1.9487     2.1502     0.0044  0.1015836 0.0000e+00
       2099     10.450    16.0813   3.279074     1.9511     2.1563     0.0044  0.1010952 0.0000e+00
       2100     10.492    16.0925   3.284936     1.9560     2.1648     0.0044  0.1010952 0.0000e+00
       2101     10.508    16.0966   3.286416     1.9609     2.1734     0.0044  0.1010952 0.0000e+00
       2102     10.450    16.0905   3.285226     1.9658     2.1831     0.0044  0.1010952 0.0000e+00
       2103     10.491    16.0848   3.285714     1.9731     2.1929     0.0044  0.1010952 0.0000e+00
       2104     10.508    16.0816   3.287705     1.9817     2.2039     0.0044  0.1010952 0.0000e+00
       2105     10.450    16.0824   3.288374     1.9927     2.2149     0.0044  0.1015836 0.0000e+00
       2106     10.491    16.0860   3.290439     2.0000     2.2259     0.0044  0.1015836 0.0000e+00
       2107     10.508    16.0928   3.294751     2.0085     2.2369     0.0044  0.1015836 0.0000e+00
       2108     10.508    16.0942   3.298016     2.0183     2.2479     0.0044  0.1010952 0.0000e+00
       2109     10.425    16.0894   3.299302     2.0256     2.2576     0.0040  0.1015836 0.0000e+00
       2110     10.507    16.0860   3.300894     2.0391     2.2674     0.0040  0.1015836 0.0000e+00
       2111     10.507    16.0915   3.303498     2.0488     2.2772     0.0040  0.1010952 0.0000e+00
       2112     10.450    16.0970   3.306758     2.0586     2.2869     0.0040  0.1015836 0.0000e+00
       2113     10.491    16.0970   3.308807     2.0708     2.2955     0.0040  0.1010952 0.0000e+00
       2114     10.507    16.0967   3.307850     2.0806     2.3028     0.0040  0.1010952 0.0000e+00
       2115     10.450    16.0981   3.305761     2.0903     2.3101     0.0040  0.1015836 0.0000e+00
       2116     10.491    16.0947   3.307181     2.1026     2.3175     0.0040  0.1015836 0.0000e+00
       2117     10.507    16.0940   3.312067     2.1160     2.3224     0.0040  0.1010952 0.0000e+00
       2118     10.449    16.1015   3.316150     2.1270     2.3272     0.0040  0.1015836 0.0000e+00
       2119     10.490    16.1059   3.318172     2.1343     2.3321     0.0040  0.1010952 0.0000e+00
       2120     10.507    16.1039   3.317174     2.1453     2.3358     0.0040  0.1010952 0.0000e+00
       2121     10.507    16.1004   3.315558     2.1551     2.3382     0.0040  0.1010952 0.0000e+00
       2122     10.449    16.1011   3.315693     2.1636     2.3407     0.0040  0.1010952 0.0000e+00
       2123     10.490    16.1013   3.315949     2.1734     2.3419     0.0040  0.1010952 0.0000e+00
       2124     10.507    16.1004   3.315990     2.1807     2.3419     0.0040  0.1015836 0.0000e+00
       2125     10.449    16.1030   3.316508     2.1868     2.3431     0.0040  0.1015836 0.0000e+00
       2126     10.490    16.1064   3.317219     2.1954     2.3431     0.0040  0.1015836 0.0000e+00
       2127     10.506    16.1093   3.317916     2.2100     2.3419     0.0040  0.1015836 0.0000e+00
       2128     10.449    16.1100   3.318379     2.2198     2.3419     0.0040  0.1015836 0.0000e+00
       2129     10.490    16.1093   3.319098     2.2271     2.3394     0.0040  0.1015836 0.0000e+00
       2130     10.506    16.1123   3.321375     2.2344     2.3370     0.0040  0.1015836 0.0000e+00
       2131     10.449    16.1201   3.326468     2.2393     2.3358     0.0040  0.1015836 0.0000e+00
       2132     10.490    16.1271   3.331965     2.2430     2.3333     0.0040  0.1015836 0.0000e+00
       2133     10.506    16.1334   3.334599     2.2466     2.3297     0.0040  0.1010952 0.0000e+00
       2134     10.448    16.1415   3.335733     2.2503     2.3272     0.0040  0.1010952 0.0000e+00
       2135     10.506    16.1490   3.340128     2.2564     2.3236     0.0040  0.1006068 0.0000e+00
       2136     10.490    16.1544   3.346212     2.2589     2.3199     0.0040  0.1001184 0.0000e+00
       2137     10.448    16.1550   3.349782     2.2613     2.3162     0.0038  0.1006068 0.0000e+00
       2138     10.506    16.1575   3.351642     2.2637     2.3114     0.0040  0.1006068 0.0000e+00
       2139     10.489    16.1667   3.354182     2.2650     2.3077     0.0040  0.1006068 0.0000e+00
       2140     10.448    16.1724   3.358424     2.2686     2.3040     0.0040  0.1001184 0.0000e+00
       2141     10.506    16.1799   3.363433     2.2698     2.2991     0.0040  0.1006068 0.0000e+00
       2142     10.489    16.1828   3.367933     2.2711     2.2955     0.0040  0.1006068 0.0000e+00
       2143     10.448    16.1838   3.371097     2.2711     2.2906     0.0040  0.1006068 0.0000e+00
       2144     10.506    16.1854   3.372226     2.2735     2.2869     0.0040  0.1006068 0.0000e+00
       2145     10.489    16.1872   3.372441     2.2747     2.2821     0.0040  0.1006068 0.0000e+00
       2146     10.448    16.1894   3.374769     2.2747     2.2772     0.0040  0.1006068 0.0000e+00
       2147     10.448    16.1918   3.379953     2.2735     2.2723     0.0040  0.1006068 0.0000e+00
       2148     10.505    16.1935   3.385741     2.2735     2.2686     0.0040  0.1001184 0.0000e+00
       2149     10.489    16.1947   3.390143     2.2735     2.2637     0.0040  0.1001184 0.0000e+00
       2150     10.448    16.1988   3.392732     2.2759     2.2601     0.0040  0.1006068 0.0000e+00
       2151     10.448    16.2027   3.394398     2.2735     2.2552     0.0040  0.1006068 0.0000e+00
       2152     10.489    16.2041   3.395791     2.2723     2.2503     0.0040  0.1006068 0.0000e+00
       2153     10.505    16.2049   3.397079     2.2723     2.2466     0.0040  0.1001184 0.0000e+00
       2154     10.447    16.2065   3.397980     2.2723     2.2418     0.0040  0.1006068 0.0000e+00
       2155     10.489    16.2085   3.398719     2.2711     2.2369     0.0040  0.1006068 0.0000e+00
       2156     10.447    16.2095   3.399705     2.2686     2.2332     0.0040  0.1006068 0.0000e+00
       2157     10.505    16.2102   3.400062     2.2686     2.2283     0.0040  0.1006068 0.0000e+00
       2158     10.447    16.2086   3.399461     2.2662     2.2247     0.0040  0.1006068 0.0000e+00
       2159     10.488    16.2071   3.397919     2.2662     2.2198     0.0040  0.1001184 0.0000e+00
       2160     10.447    16.2061   3.396344     2.2650     2.2161     0.0042  0.1006068 0.0000e+00
       2161     10.447    16.2059   3.395023     2.2625     2.2112     0.0042  0.1010952 0.0000e+00
       2162     10.488    16.2058   3.393493     2.2601     2.2076     0.0042  0.1010952 0.0000e+00
       2163     10.505    16.2051   3.392292     2.2589     2.2027     0.0042  0.1010952 0.0000e+00
       2164     10.447    16.2041   3.391585     2.2589     2.1990     0.0042  0.1006068 0.0000e+00
       2165     10.422    16.2020   3.390495     2.2589     2.1954     0.0042  0.1010952 0.0000e+00
       2166     10.505    16.1998   3.389382     2.2540     2.1905     0.0042  0.1010952 0.0000e+00
       2167     10.447    16.1988   3.388814     2.2515     2.1868     0.0042  0.1006068 0.0000e+00
       2168     10.488    16.1998   3.388899     2.2503     2.1831     0.0042  0.1010952 0.0000e+00
       2169     10.447    16.1997   3.389287     2.2503     2.1783     0.0042  0.1010952 0.0000e+00
       2170     10.447    16.1998   3.389211     2.2491     2.1746     0.0042  0.1010952 0.0000e+00
       2171     10.447    16.2005   3.389040     2.2442     2.1709     0.0042  0.1006068 0.0000e+00
       2172     10.488    16.2005   3.389824     2.2418     2.1673     0.0042  0.1010952 0.0000e+00
       2173     10.446    16.2005   3.391405     2.2405     2.1636     0.0042  0.1010952 0.0000e+00
       2174     10.446    16.1979   3.393179     2.2393     2.1599     0.0042  0.1010952 0.0000e+00
       2175     10.488    16.1991   3.395259     2.2369     2.1575     0.0042  0.1010952 0.0000e+00
       2176     10.446    16.2022   3.396969     2.2344     2.1526     0.0042  0.1010952 0.0000e+00
       2177     10.446    16.2044   3.397197     2.2308     2.1502     0.0042  0.1010952 0.0000e+00
       2178     10.487    16.2066   3.397369     2.2295     2.1465     0.0042  0.1006068 0.0000e+00
       2179     10.446    16.2080   3.397846     2.2295     2.1429     0.0042  0.1010952 0.0000e+00
       2180     10.446    16.2087   3.398650     2.2247     2.1392     0.0042  0.1010952 0.0000e+00
       2181     10.487    16.2092   3.398978     2.2210     2.1355     0.0042  0.1010952 0.0000e+00
       2182     10.446    16.2093   3.398554     2.2198     2.1331     0.0042  0.1010952 0.0000e+00
       2183     10.446    16.2100   3.398330     2.2173     2.1294     0.0042  0.1006068 0.0000e+00
       2184     10.446    16.2100   3.398993     2.2149     2.1258     0.0042  0.1010952 0.0000e+00
       2185     10.487    16.2097   3.399696     2.2112     2.1233     0.0042  0.1010952 0.0000e+00
       2186     10.446    16.2086   3.400209     2.2100     2.1209     0.0042  0.1006068 0.0000e+00
       2187     10.446    16.2083   3.399551     2.2051     2.1172     0.0042  0.1010952 0.0000e+00
       2188     10.421    16.2076   3.397617     2.2051     2.1148     0.0042  0.1006068 0.0000e+00
       2189     10.446    16.2073   3.395911     2.2015     2.1111     0.0042  0.1010952 0.0000e+00
       2190     10.446    16.2071   3.395882     2.1978     2.1087     0.0042  0.1010952 0.0000e+00
       2191     10.487    16.2080   3.396811     2.1954     2.1062     0.0042  0.1010952 0.0000e+00
       2192     10.446    16.2083   3.397457     2.1917     2.1026     0.0042  0.1010952 0.0000e+00
       2193     10.445    16.2078   3.396944     2.1905     2.1001     0.0042  0.1010952 0.0000e+00
       2194     10.421    16.2069   3.396051     2.1856     2.0977     0.0042  0.1006068 0.0000e+00
       2195     10.445    16.2068   3.395557     2.1819     2.0952     0.0042  0.1006068 0.0000e+00
       2196     10.445    16.2068   3.395359     2.1783     2.0928     0.0042  0.1010952 0.0000e+00
       2197     10.445    16.2056   3.394773     2.1758     2.0903     0.0042  0.1010952 0.0000e+00
       2198     10.420    16.2049   3.394056     2.1746     2.0879     0.0042  0.1010952 0.0000e+00
       2199     10.445    16.2039   3.393251     2.1709     2.0855     0.0042  0.1010952 0.0000e+00
       2200     10.503    16.2029   3.392323     2.1661     2.0830     0.0042  0.1006068 0.0000e+00
       2201     10.420    16.1988   3.391487     2.1624     2.0806     0.0042  0.1010952 0.0000e+00
       2202     10.445    16.1976   3.391298     2.1612     2.0794     0.0042  0.1010952 0.0000e+00
       2203     10.445    16.2001   3.390954     2.1587     2.0769     0.0042  0.1006068 0.0000e+00
       2204     10.420    16.2031   3.390385     2.1538     2.0745     0.0042  0.1010952 0.0000e+00
       2205     10.445    16.2034   3.389736     2.1514     2.0732     0.0042  0.1010952 0.0000e+00
       2206     10.445    16.2031   3.389091     2.1465     2.0708     0.0042  0.1010952 0.0000e+00
       2207     10.486    16.2031   3.388795     2.1465     2.0696     0.0042  0.1010952 0.0000e+00
       2208     10.387    16.2027   3.389248     2.1429     2.0671     0.0042  0.1010952 0.0000e+00
       2209     10.445    16.2022   3.390310     2.1380     2.0659     0.0042  0.1006068 0.0000e+00
       2210     10.445    16.2010   3.391282     2.1343     2.0635     0.0042  0.1010952 0.0000e+00
       2211     10.420    16.1973   3.391629     2.1319     2.0623     0.0044  0.1010952 0.0000e+00
       2212     10.445    16.1964   3.392445     2.1294     2.0598     0.0044  0.1015836 0.0000e+00
       2213     10.445    16.1974   3.393875     2.1270     2.0586     0.0044  0.1015836 0.0000e+00
       2214     10.486    16.1990   3.394423     2.1221     2.0574     0.0044  0.1010952 0.0000e+00
       2215     10.387    16.1997   3.393671     2.1197     2.0549     0.0044  0.1015836 0.0000e+00
       2216     10.444    16.2001   3.392418     2.1160     2.0537     0.0044  0.1010952 0.0000e+00
       2217     10.486    16.1990   3.391363     2.1148     2.0525     0.0044  0.1015836 0.0000e+00
       2218     10.387    16.1976   3.390643     2.1123     2.0513     0.0044  0.1015836 0.0000e+00
       2219     10.444    16.1956   3.390102     2.1074     2.0500     0.0044  0.1015836 0.0000e+00
       2220     10.419    16.1930   3.389436     2.1050     2.0476     0.0044  0.1015836 0.0000e+00
       2221     10.444    16.1925   3.388931     2.1026     2.0464     0.0044  0.1010952 0.0000e+00
       2222     10.444    16.1922   3.388326     2.1001     2.0452     0.0044  0.1010952 0.0000e+00
       2223     10.444    16.1916   3.387134     2.0965     2.0427     0.0044  0.1015836 0.0000e+00
       2224     10.419    16.1922   3.385988     2.0940     2.0427     0.0044  0.1010952 0.0000e+00
       2225     10.444    16.1925   3.386479     2.0903     2.0415     0.0044  0.1015836 0.0000e+00
       2226     10.444    16.1928   3.388544     2.0891     2.0391     0.0044  0.1010952 0.0000e+00
       2227     10.419    16.1957   3.390555     2.0867     2.0378     0.0044  0.1010952 0.0000e+00
       2228     10.444    16.1986   3.391433     2.0830     2.0366     0.0044  0.1015836 0.0000e+00
       2229     10.444    16.2003   3.391506     2.0794     2.0354     0.0044  0.1010952 0.0000e+00
       2230     10.419    16.2015   3.392011     2.0781     2.0342     0.0044  0.1010952 0.0000e+00
       2231     10.444    16.2032   3.393176     2.0769     2.0330     0.0044  0.1010952 0.0000e+00
       2232     10.444    16.2029   3.394617     2.0732     2.0305     0.0044  0.1010952 0.0000e+00
       2233     10.386    16.1998   3.395572     2.0708     2.0293     0.0044  0.1015836 0.0000e+00
       2234     10.485    16.1979   3.395811     2.0671     2.0281     0.0044  0.1015836 0.0000e+00
       2235     10.444    16.1956   3.395617     2.0647     2.0268     0.0044  0.1010952 0.0000e+00
       2236     10.444    16.1926   3.395177     2.0635     2.0256     0.0042  0.1010952 0.0000e+00
       2237     10.361    16.1889   3.394437     2.0635     2.0244     0.0040  0.1006068 0.0000e+00
       2238     10.443    16.1899   3.394309     2.0586     2.0232     0.0040  0.1006068 0.0000e+00
       2239     10.443    16.1930   3.394707     2.0562     2.0220     0.0040  0.1006068 0.0000e+00
       2240     10.485    16.1945   3.395342     2.0537     2.0207     0.0040  0.1006068 0.0000e+00
