code/data/2021/ctd_data_day2/station2_ctm_fil.cnv
* Sea-Bird SBE 9 Data File:
* FileName = C:\Users\CTD-User\Desktop\MAR440\day2\station2.hex
* Software Version Seasave V 7.26.2.13
* Temperature SN = 6313
* Conductivity SN = 4758
* Number of Bytes Per Scan = 37
* Number of Voltage Words = 4
* Number of Scans Averaged by the Deck Unit = 1
* NMEA Latitude = 58 19.95 N
* NMEA Longitude = 011 52.33 E
* NMEA UTC (Time) = Sep 22 2021 09:05:25
* NMEA baud rate = 4800
** Ship: Skagerrak
** Station: station2
** Operator: group2blue
# nquan = 9
# nvalues = 8194                        
# units = specified
# name 0 = scan: Scan Count
# name 1 = prDM: Pressure, Digiquartz [db]
# name 2 = t090C: Temperature [ITS-90, deg C]
# name 3 = c0S/m: Conductivity [S/m]
# name 4 = sbeox0V: Oxygen raw, SBE 43 [V]
# name 5 = sbeox1V: Oxygen raw, SBE 43, 2 [V]
# name 6 = flECO-AFL: Fluorescence, WET Labs ECO-AFL/FL [mg/m^3]
# name 7 = upoly0: Upoly 0, Turbidity
# name 8 = flag:  0.000e+00
# span 0 =          1,       8194       
# span 1 =      0.490,     46.006       
# span 2 =     7.9829,    16.1349       
# span 3 =   2.611598,   3.472334       
# span 4 =     0.4618,     3.0255       
# span 5 =     0.5156,     2.9259       
# span 6 =     0.0035,     0.0209       
# span 7 =  0.0885042,  0.2305465       
# span 8 = 0.0000e+00, 0.0000e+00       
# interval = seconds: 0.0416667
# start_time = Sep 22 2021 09:05:25 [NMEA time, header]
# bad_flag = -9.990e-29
*END*
[from data line 4161]
       4162     14.793    12.2459   3.444324     1.4921     1.4557     0.0037  0.0909610 0.0000e+00
       4163     14.814    12.2382   3.445538     1.4873     1.4510     0.0037  0.0909325 0.0000e+00
       4164     14.835    12.2307   3.446736     1.4826     1.4464     0.0037  0.0909047 0.0000e+00
       4165     14.856    12.2234   3.447916     1.4779     1.4418     0.0037  0.0908764 0.0000e+00
       4166     14.878    12.2162   3.449076     1.4733     1.4372     0.0037  0.0908467 0.0000e+00
       4167     14.899    12.2092   3.450218     1.4686     1.4326     0.0037  0.0908162 0.0000e+00
       4168     14.921    12.2023   3.451342     1.4640     1.4281     0.0037  0.0907856 0.0000e+00
       4169     14.942    12.1955   3.452449     1.4594     1.4236     0.0037  0.0907546 0.0000e+00
       4170     14.964    12.1888   3.453539     1.4548     1.4191     0.0037  0.0907230 0.0000e+00
       4171     14.985    12.1821   3.454610     1.4503     1.4147     0.0037  0.0906906 0.0000e+00
       4172     15.007    12.1753   3.455664     1.4458     1.4103     0.0037  0.0906572 0.0000e+00
       4173     15.028    12.1684   3.456704     1.4413     1.4060     0.0037  0.0906225 0.0000e+00
       4174     15.050    12.1614   3.457731     1.4368     1.4016     0.0037  0.0905854 0.0000e+00
       4175     15.071    12.1542   3.458749     1.4324     1.3974     0.0037  0.0905441 0.0000e+00
       4176     15.092    12.1468   3.459758     1.4280     1.3931     0.0037  0.0904981 0.0000e+00
       4177     15.114    12.1391   3.460755     1.4236     1.3890     0.0037  0.0904490 0.0000e+00
       4178     15.135    12.1311   3.461734     1.4193     1.3848     0.0037  0.0903971 0.0000e+00
       4179     15.157    12.1229   3.462693     1.4151     1.3807     0.0037  0.0903430 0.0000e+00
       4180     15.178    12.1143   3.463627     1.4108     1.3767     0.0037  0.0902888 0.0000e+00
       4181     15.200    12.1055   3.464531     1.4066     1.3727     0.0037  0.0902368 0.0000e+00
       4182     15.222    12.0963   3.465403     1.4025     1.3687     0.0037  0.0901873 0.0000e+00
       4183     15.243    12.0868   3.466239     1.3984     1.3648     0.0037  0.0901401 0.0000e+00
       4184     15.265    12.0770   3.467034     1.3943     1.3609     0.0037  0.0900949 0.0000e+00
       4185     15.286    12.0668   3.467785     1.3902     1.3571     0.0037  0.0900513 0.0000e+00
       4186     15.308    12.0563   3.468487     1.3862     1.3533     0.0037  0.0900090 0.0000e+00
       4187     15.330    12.0455   3.469137     1.3823     1.3496     0.0037  0.0899677 0.0000e+00
       4188     15.351    12.0344   3.469730     1.3784     1.3459     0.0037  0.0899272 0.0000e+00
       4189     15.373    12.0228   3.470265     1.3745     1.3423     0.0037  0.0898871 0.0000e+00
       4190     15.395    12.0109   3.470739     1.3707     1.3387     0.0037  0.0898472 0.0000e+00
       4191     15.417    11.9986   3.471151     1.3669     1.3351     0.0037  0.0898071 0.0000e+00
       4192     15.438    11.9859   3.471499     1.3632     1.3316     0.0037  0.0897667 0.0000e+00
       4193     15.460    11.9736   3.471786     1.3595     1.3282     0.0037  0.0897257 0.0000e+00
       4194     15.482    11.9627   3.472015     1.3558     1.3248     0.0037  0.0896837 0.0000e+00
       4195     15.504    11.9522   3.472185     1.3521     1.3214     0.0037  0.0896404 0.0000e+00
       4196     15.525    11.9415   3.472291     1.3485     1.3181     0.0037  0.0895956 0.0000e+00
       4197     15.547    11.9304   3.472334     1.3450     1.3149     0.0037  0.0895490 0.0000e+00
       4198     15.569    11.9191   3.472316     1.3415     1.3116     0.0037  0.0895001 0.0000e+00
       4199     15.591    11.9074   3.472237     1.3381     1.3085     0.0037  0.0894488 0.0000e+00
       4200     15.613    11.8954   3.472098     1.3347     1.3054     0.0037  0.0893946 0.0000e+00
       4201     15.635    11.8832   3.471903     1.3313     1.3023     0.0037  0.0893371 0.0000e+00
       4202     15.657    11.8707   3.471652     1.3280     1.2992     0.0037  0.0892760 0.0000e+00
       4203     15.679    11.8580   3.471350     1.3247     1.2963     0.0037  0.0892108 0.0000e+00
       4204     15.701    11.8451   3.471001     1.3215     1.2933     0.0037  0.0891428 0.0000e+00
       4205     15.723    11.8321   3.470608     1.3183     1.2904     0.0037  0.0890765 0.0000e+00
       4206     15.745    11.8190   3.470175     1.3151     1.2876     0.0037  0.0890159 0.0000e+00
       4207     15.767    11.8057   3.469703     1.3120     1.2847     0.0037  0.0889604 0.0000e+00
       4208     15.789    11.7922   3.469195     1.3090     1.2820     0.0037  0.0889096 0.0000e+00
       4209     15.811    11.7785   3.468652     1.3059     1.2792     0.0037  0.0888642 0.0000e+00
       4210     15.833    11.7647   3.468075     1.3029     1.2765     0.0037  0.0888237 0.0000e+00
       4211     15.855    11.7507   3.467465     1.2999     1.2739     0.0037  0.0887878 0.0000e+00
       4212     15.877    11.7366   3.466825     1.2970     1.2713     0.0037  0.0887555 0.0000e+00
       4213     15.900    11.7222   3.466156     1.2941     1.2687     0.0037  0.0887258 0.0000e+00
       4214     15.922    11.7077   3.465457     1.2912     1.2661     0.0037  0.0886991 0.0000e+00
       4215     15.944    11.6929   3.464730     1.2884     1.2636     0.0037  0.0886763 0.0000e+00
       4216     15.966    11.6778   3.463972     1.2856     1.2611     0.0037  0.0886571 0.0000e+00
       4217     15.989    11.6624   3.463183     1.2829     1.2587     0.0037  0.0886422 0.0000e+00
       4218     16.011    11.6466   3.462361     1.2802     1.2563     0.0037  0.0886317 0.0000e+00
       4219     16.033    11.6304   3.461503     1.2775     1.2539     0.0037  0.0886236 0.0000e+00
       4220     16.055    11.6138   3.460610     1.2748     1.2515     0.0037  0.0886170 0.0000e+00
       4221     16.077    11.5967   3.459678     1.2722     1.2492     0.0037  0.0886120 0.0000e+00
       4222     16.100    11.5791   3.458707     1.2696     1.2469     0.0037  0.0886085 0.0000e+00
       4223     16.122    11.5610   3.457695     1.2670     1.2447     0.0037  0.0886074 0.0000e+00
       4224     16.144    11.5423   3.456641     1.2645     1.2424     0.0037  0.0886094 0.0000e+00
       4225     16.167    11.5229   3.455542     1.2619     1.2402     0.0037  0.0886137 0.0000e+00
       4226     16.189    11.5028   3.454391     1.2595     1.2381     0.0037  0.0886204 0.0000e+00
       4227     16.212    11.4818   3.453182     1.2570     1.2359     0.0037  0.0886303 0.0000e+00
       4228     16.234    11.4598   3.451906     1.2546     1.2338     0.0037  0.0886427 0.0000e+00
       4229     16.257    11.4367   3.450550     1.2521     1.2317     0.0037  0.0886568 0.0000e+00
       4230     16.279    11.4124   3.449101     1.2498     1.2296     0.0040  0.0886719 0.0000e+00
       4231     16.301    11.3866   3.447545     1.2474     1.2276     0.0040  0.0886863 0.0000e+00
       4232     16.324    11.3592   3.445869     1.2450     1.2255     0.0040  0.0886985 0.0000e+00
       4233     16.347    11.3302   3.444062     1.2427     1.2235     0.0040  0.0887078 0.0000e+00
       4234     16.369    11.2994   3.442116     1.2404     1.2215     0.0040  0.0887149 0.0000e+00
       4235     16.392    11.2668   3.440026     1.2382     1.2196     0.0040  0.0887208 0.0000e+00
       4236     16.414    11.2325   3.437794     1.2359     1.2176     0.0040  0.0887256 0.0000e+00
       4237     16.437    11.1967   3.435434     1.2337     1.2157     0.0040  0.0887293 0.0000e+00
       4238     16.459    11.1598   3.432966     1.2314     1.2137     0.0040  0.0887319 0.0000e+00
       4239     16.482    11.1223   3.430418     1.2292     1.2118     0.0040  0.0887334 0.0000e+00
       4240     16.504    11.0845   3.427820     1.2271     1.2099     0.0040  0.0887339 0.0000e+00
       4241     16.527    11.0467   3.425198     1.2249     1.2080     0.0040  0.0887334 0.0000e+00
       4242     16.550    11.0092   3.422579     1.2227     1.2061     0.0040  0.0887317 0.0000e+00
       4243     16.572    10.9723   3.419983     1.2206     1.2043     0.0040  0.0887290 0.0000e+00
       4244     16.595    10.9361   3.417428     1.2185     1.2024     0.0040  0.0887253 0.0000e+00
       4245     16.618    10.9007   3.414926     1.2163     1.2005     0.0040  0.0887204 0.0000e+00
       4246     16.641    10.8662   3.412483     1.2142     1.1986     0.0040  0.0887143 0.0000e+00
       4247     16.663    10.8324   3.410100     1.2121     1.1968     0.0040  0.0887071 0.0000e+00
       4248     16.686    10.7995   3.407776     1.2100     1.1949     0.0040  0.0886986 0.0000e+00
       4249     16.709    10.7674   3.405506     1.2079     1.1931     0.0040  0.0886889 0.0000e+00
       4250     16.731    10.7361   3.403290     1.2059     1.1912     0.0040  0.0886777 0.0000e+00
       4251     16.754    10.7054   3.401129     1.2038     1.1894     0.0040  0.0886652 0.0000e+00
       4252     16.777    10.6754   3.399021     1.2017     1.1875     0.0040  0.0886511 0.0000e+00
       4253     16.800    10.6460   3.396963     1.1996     1.1856     0.0040  0.0886353 0.0000e+00
       4254     16.823    10.6171   3.394952     1.1975     1.1838     0.0040  0.0886179 0.0000e+00
       4255     16.846    10.5886   3.392981     1.1954     1.1819     0.0037  0.0885994 0.0000e+00
       4256     16.868    10.5605   3.391045     1.1934     1.1800     0.0035  0.0885814 0.0000e+00
       4257     16.891    10.5326   3.389137     1.1913     1.1781     0.0035  0.0885648 0.0000e+00
       4258     16.914    10.5050   3.387251     1.1892     1.1762     0.0035  0.0885493 0.0000e+00
       4259     16.936    10.4776   3.385383     1.1871     1.1743     0.0035  0.0885358 0.0000e+00
       4260     16.959    10.4503   3.383532     1.1850     1.1724     0.0035  0.0885249 0.0000e+00
       4261     16.981    10.4232   3.381696     1.1829     1.1704     0.0035  0.0885166 0.0000e+00
       4262     17.004    10.3963   3.379873     1.1808     1.1685     0.0035  0.0885108 0.0000e+00
       4263     17.027    10.3694   3.378061     1.1787     1.1665     0.0035  0.0885067 0.0000e+00
       4264     17.049    10.3426   3.376254     1.1766     1.1645     0.0035  0.0885042 0.0000e+00
       4265     17.072    10.3158   3.374449     1.1744     1.1626     0.0035  0.0885050 0.0000e+00
       4266     17.094    10.2890   3.372644     1.1723     1.1606     0.0035  0.0885090 0.0000e+00
       4267     17.117    10.2621   3.370837     1.1701     1.1586     0.0035  0.0885148 0.0000e+00
       4268     17.140    10.2353   3.369029     1.1680     1.1566     0.0035  0.0885221 0.0000e+00
       4269     17.162    10.2083   3.367217     1.1658     1.1545     0.0035  0.0885321 0.0000e+00
       4270     17.185    10.1813   3.365400     1.1636     1.1525     0.0035  0.0885447 0.0000e+00
       4271     17.208    10.1543   3.363578     1.1615     1.1504     0.0035  0.0885608 0.0000e+00
       4272     17.230    10.1274   3.361753     1.1593     1.1484     0.0035  0.0885815 0.0000e+00
       4273     17.253    10.1006   3.359931     1.1571     1.1463     0.0035  0.0886061 0.0000e+00
       4274     17.276    10.0743   3.358116     1.1549     1.1442     0.0035  0.0886329 0.0000e+00
       4275     17.298    10.0483   3.356320     1.1527     1.1421     0.0035  0.0886614 0.0000e+00
       4276     17.321    10.0228   3.354551     1.1504     1.1399     0.0035  0.0886918 0.0000e+00
       4277     17.343     9.9980   3.352819     1.1482     1.1378     0.0035  0.0887241 0.0000e+00
       4278     17.366     9.9737   3.351129     1.1459     1.1356     0.0035  0.0887588 0.0000e+00
       4279     17.389     9.9501   3.349483     1.1436     1.1333     0.0035  0.0887968 0.0000e+00
       4280     17.411     9.9270   3.347882     1.1414     1.1311     0.0037  0.0888393 0.0000e+00
       4281     17.434     9.9043   3.346323     1.1390     1.1288     0.0040  0.0888849 0.0000e+00
       4282     17.457     9.8822   3.344804     1.1367     1.1265     0.0040  0.0889314 0.0000e+00
       4283     17.479     9.8603   3.343319     1.1343     1.1242     0.0040  0.0889781 0.0000e+00
       4284     17.502     9.8388   3.341862     1.1319     1.1218     0.0040  0.0890255 0.0000e+00
       4285     17.524     9.8174   3.340426     1.1295     1.1195     0.0040  0.0890739 0.0000e+00
       4286     17.547     9.7962   3.339007     1.1271     1.1170     0.0040  0.0891236 0.0000e+00
       4287     17.569     9.7750   3.337599     1.1246     1.1146     0.0040  0.0891749 0.0000e+00
       4288     17.592     9.7538   3.336197     1.1221     1.1121     0.0040  0.0892283 0.0000e+00
       4289     17.614     9.7326   3.334797     1.1196     1.1095     0.0040  0.0892841 0.0000e+00
       4290     17.637     9.7114   3.333396     1.1170     1.1070     0.0040  0.0893426 0.0000e+00
       4291     17.659     9.6901   3.331992     1.1144     1.1043     0.0040  0.0894043 0.0000e+00
       4292     17.682     9.6687   3.330582     1.1117     1.1017     0.0040  0.0894696 0.0000e+00
       4293     17.704     9.6472   3.329162     1.1091     1.0990     0.0040  0.0895390 0.0000e+00
       4294     17.727     9.6255   3.327729     1.1064     1.0963     0.0040  0.0896129 0.0000e+00
       4295     17.749     9.6034   3.326281     1.1036     1.0935     0.0040  0.0896911 0.0000e+00
       4296     17.771     9.5811   3.324812     1.1009     1.0907     0.0040  0.0897731 0.0000e+00
       4297     17.794     9.5584   3.323322     1.0980     1.0878     0.0040  0.0898605 0.0000e+00
       4298     17.816     9.5353   3.321806     1.0952     1.0849     0.0040  0.0899547 0.0000e+00
       4299     17.839     9.5118   3.320266     1.0923     1.0820     0.0040  0.0900563 0.0000e+00
       4300     17.861     9.4880   3.318698     1.0894     1.0790     0.0040  0.0901661 0.0000e+00
       4301     17.883     9.4637   3.317102     1.0864     1.0759     0.0040  0.0902847 0.0000e+00
       4302     17.906     9.4391   3.315478     1.0834     1.0729     0.0040  0.0904131 0.0000e+00
       4303     17.928     9.4141   3.313826     1.0804     1.0697     0.0040  0.0905513 0.0000e+00
       4304     17.951     9.3887   3.312149     1.0773     1.0666     0.0040  0.0906994 0.0000e+00
       4305     17.973     9.3630   3.310454     1.0742     1.0634     0.0040  0.0908592 0.0000e+00
       4306     17.995     9.3372   3.308747     1.0711     1.0602     0.0042  0.0910285 0.0000e+00
       4307     18.017     9.3114   3.307038     1.0680     1.0569     0.0042  0.0911975 0.0000e+00
       4308     18.040     9.2858   3.305337     1.0648     1.0536     0.0042  0.0913570 0.0000e+00
       4309     18.062     9.2606   3.303652     1.0616     1.0503     0.0042  0.0915049 0.0000e+00
       4310     18.084     9.2358   3.301992     1.0583     1.0469     0.0042  0.0916430 0.0000e+00
       4311     18.106     9.2116   3.300368     1.0550     1.0435     0.0042  0.0917722 0.0000e+00
       4312     18.128     9.1881   3.298791     1.0517     1.0400     0.0042  0.0918926 0.0000e+00
       4313     18.151     9.1652   3.297264     1.0484     1.0366     0.0042  0.0920059 0.0000e+00
       4314     18.173     9.1429   3.295789     1.0450     1.0331     0.0042  0.0921138 0.0000e+00
       4315     18.195     9.1211   3.294362     1.0416     1.0295     0.0042  0.0922169 0.0000e+00
       4316     18.217     9.0998   3.292974     1.0382     1.0259     0.0042  0.0923151 0.0000e+00
       4317     18.239     9.0788   3.291617     1.0347     1.0223     0.0042  0.0924084 0.0000e+00
       4318     18.261     9.0582   3.290284     1.0313     1.0187     0.0042  0.0924981 0.0000e+00
       4319     18.283     9.0378   3.288970     1.0278     1.0150     0.0042  0.0925858 0.0000e+00
       4320     18.305     9.0177   3.287672     1.0242     1.0113     0.0042  0.0926720 0.0000e+00
