code/data/2021/ctd_data_day2/station5_ctm.cnv
* Sea-Bird SBE 9 Data File:
* FileName = C:\Users\CTD-User\Desktop\MAR440\day2\station5.hex
* Software Version Seasave V 7.26.2.13
* Temperature SN = 6313
* Conductivity SN = 4758
* Number of Bytes Per Scan = 37
* Number of Voltage Words = 4
* Number of Scans Averaged by the Deck Unit = 1
* NMEA Latitude = 58 19.20 N
* NMEA Longitude = 011 48.71 E
* NMEA UTC (Time) = Sep 22 2021 10:20:22
* NMEA baud rate = 4800
** Ship: Skagerrak
** Station: station5
** Operator: group2blu
# nquan = 9
# nvalues = 5019                        
# units = specified
# name 0 = scan: Scan Count
# name 1 = prDM: Pressure, Digiquartz [db]
# name 2 = t090C: Temperature [ITS-90, deg C]
# name 3 = c0S/m: Conductivity [S/m]
# name 4 = sbeox0V: Oxygen raw, SBE 43 [V]
# name 5 = sbeox1V: Oxygen raw, SBE 43, 2 [V]
# name 6 = flECO-AFL: Fluorescence, WET Labs ECO-AFL/FL [mg/m^3]
# name 7 = upoly0: Upoly 0, Turbidity
# name 8 = flag:  0.000e+00
# span 0 =          1,       5019       
# span 1 =      0.359,     26.579       
# span 2 =    11.2578,    16.2563       
# span 3 =  -0.000972,   3.804915       
# span 4 =     0.9253,     2.9597       
# span 5 =     1.0182,     2.8608       
# span 6 =     0.0020,     0.0522       
# span 7 =  0.0800940,  0.1792393       
# span 8 = 0.0000e+00, 0.0000e+00       
# interval = seconds: 0.0416667
# start_time = Sep 22 2021 10:20:22 [NMEA time, header]
# bad_flag = -9.990e-29
*END*
[from data line 2721]
       2722      3.026    14.9640   2.956062     2.3712     2.2637     0.0044  0.1553077 0.0000e+00
       2723      3.026    14.9696   2.955405     2.3748     2.2637     0.0044  0.1557961 0.0000e+00
       2724      3.059    14.9757   2.955292     2.3785     2.2637     0.0044  0.1557961 0.0000e+00
       2725      2.960    14.9760   2.955343     2.3834     2.2637     0.0044  0.1557961 0.0000e+00
       2726      3.001    14.9701   2.955155     2.3883     2.2650     0.0044  0.1557961 0.0000e+00
       2727      2.902    14.9627   2.954216     2.3919     2.2650     0.0044  0.1557961 0.0000e+00
       2728      2.935    14.9566   2.953161     2.3944     2.2662     0.0044  0.1557961 0.0000e+00
       2729      2.902    14.9576   2.952829     2.4005     2.2662     0.0044  0.1557961 0.0000e+00
       2730      2.878    14.9549   2.952592     2.4041     2.2674     0.0044  0.1557961 0.0000e+00
       2731      2.845    14.9343   2.950726     2.4090     2.2686     0.0044  0.1557961 0.0000e+00
       2732      2.877    14.9077   2.947206     2.4115     2.2698     0.0044  0.1557961 0.0000e+00
       2733      2.844    14.8793   2.943031     2.4139     2.2723     0.0044  0.1557961 0.0000e+00
       2734      2.778    14.8574   2.938905     2.4188     2.2735     0.0044  0.1557961 0.0000e+00
       2735      2.754    14.8349   2.935445     2.4237     2.2747     0.0044  0.1557961 0.0000e+00
       2736      2.778    14.8176   2.932541     2.4273     2.2772     0.0044  0.1557961 0.0000e+00
       2737      2.754    14.8066   2.929805     2.4286     2.2796     0.0044  0.1557961 0.0000e+00
       2738      2.721    14.8039   2.927862     2.4322     2.2820     0.0044  0.1557961 0.0000e+00
       2739      2.688    14.8036   2.927154     2.4359     2.2833     0.0044  0.1557961 0.0000e+00
       2740      2.655    14.8070   2.927148     2.4408     2.2857     0.0044  0.1557961 0.0000e+00
       2741      2.687    14.8107   2.927632     2.4432     2.2894     0.0044  0.1557961 0.0000e+00
       2742      2.597    14.8147   2.928221     2.4444     2.2918     0.0044  0.1557961 0.0000e+00
       2743      2.630    14.8193   2.928719     2.4469     2.2955     0.0042  0.1557961 0.0000e+00
       2744      2.597    14.8222   2.929149     2.4493     2.2979     0.0044  0.1553077 0.0000e+00
       2745      2.572    14.8240   2.929207     2.4542     2.3016     0.0044  0.1553077 0.0000e+00
       2746      2.596    14.8257   2.929309     2.4554     2.3040     0.0044  0.1577497 0.0000e+00
       2747      2.539    14.8270   2.929387     2.4567     2.3065     0.0044  0.1597033 0.0000e+00
       2748      2.506    14.8280   2.929540     2.4591     2.3089     0.0044  0.1601917 0.0000e+00
       2749      2.539    14.8294   2.929789     2.4615     2.3126     0.0044  0.1601917 0.0000e+00
       2750      2.448    14.8292   2.929949     2.4652     2.3150     0.0044  0.1601917 0.0000e+00
       2751      2.473    14.8282   2.929874     2.4664     2.3175     0.0044  0.1601917 0.0000e+00
       2752      2.448    14.8284   2.929639     2.4689     2.3199     0.0044  0.1601917 0.0000e+00
       2753      2.415    14.8296   2.929633     2.4701     2.3223     0.0044  0.1601917 0.0000e+00
       2754      2.382    14.8314   2.929652     2.4737     2.3260     0.0044  0.1601917 0.0000e+00
       2755      2.349    14.8338   2.929996     2.4750     2.3284     0.0044  0.1601917 0.0000e+00
       2756      2.382    14.8366   2.930668     2.4786     2.3309     0.0044  0.1601917 0.0000e+00
       2757      2.349    14.8392   2.931283     2.4786     2.3333     0.0044  0.1601917 0.0000e+00
       2758      2.324    14.8404   2.931706     2.4799     2.3358     0.0044  0.1597033 0.0000e+00
       2759      2.291    14.8417   2.931837     2.4835     2.3382     0.0044  0.1601917 0.0000e+00
       2760      2.291    14.8431   2.931848     2.4860     2.3407     0.0044  0.1601917 0.0000e+00
       2761      2.266    14.8444   2.932276     2.4872     2.3443     0.0044  0.1601917 0.0000e+00
       2762      2.167    14.8442   2.932566     2.4896     2.3480     0.0044  0.1601917 0.0000e+00
       2763      2.266    14.8449   2.932596     2.4921     2.3492     0.0044  0.1601917 0.0000e+00
       2764      2.167    14.8459   2.932605     2.4982     2.3529     0.0044  0.1601917 0.0000e+00
       2765      2.200    14.8486   2.932956     2.4982     2.3565     0.0044  0.1601917 0.0000e+00
       2766      2.167    14.8511   2.933415     2.4994     2.3602     0.0044  0.1601917 0.0000e+00
       2767      2.076    14.8499   2.933558     2.5018     2.3639     0.0044  0.1601917 0.0000e+00
       2768      2.167    14.8466   2.933281     2.5043     2.3663     0.0044  0.1601917 0.0000e+00
       2769      2.076    14.8420   2.932795     2.5092     2.3700     0.0044  0.1601917 0.0000e+00
       2770      2.043    14.8361   2.932016     2.5128     2.3748     0.0044  0.1601917 0.0000e+00
       2771      2.076    14.8312   2.931040     2.5128     2.3785     0.0044  0.1601917 0.0000e+00
       2772      2.043    14.8266   2.930086     2.5153     2.3822     0.0046  0.1626337 0.0000e+00
       2773      2.018    14.8233   2.929203     2.5189     2.3871     0.0048  0.1640989 0.0000e+00
       2774      1.985    14.8208   2.928846     2.5238     2.3907     0.0048  0.1640989 0.0000e+00
       2775      2.018    14.8183   2.928704     2.5250     2.3944     0.0048  0.1640989 0.0000e+00
       2776      1.985    14.8183   2.928582     2.5275     2.3993     0.0048  0.1636105 0.0000e+00
       2777      1.919    14.8198   2.928713     2.5299     2.4029     0.0048  0.1640989 0.0000e+00
       2778      1.952    14.8248   2.929050     2.5348     2.4066     0.0048  0.1640989 0.0000e+00
       2779      1.919    14.8324   2.929787     2.5397     2.4115     0.0048  0.1640989 0.0000e+00
       2780      1.894    14.8336   2.930626     2.5409     2.4151     0.0048  0.1640989 0.0000e+00
       2781      1.861    14.8331   2.930963     2.5433     2.4200     0.0048  0.1636105 0.0000e+00
       2782      1.836    14.8340   2.930943     2.5470     2.4237     0.0048  0.1640989 0.0000e+00
       2783      1.861    14.8363   2.930835     2.5507     2.4286     0.0048  0.1640989 0.0000e+00
       2784      1.836    14.8408   2.931120     2.5543     2.4335     0.0048  0.1640989 0.0000e+00
       2785      1.803    14.8452   2.931904     2.5568     2.4383     0.0048  0.1640989 0.0000e+00
       2786      1.770    14.8490   2.932973     2.5592     2.4432     0.0048  0.1636105 0.0000e+00
       2787      1.737    14.8515   2.933722     2.5629     2.4469     0.0048  0.1640989 0.0000e+00
       2788      1.712    14.8513   2.934065     2.5678     2.4518     0.0048  0.1636105 0.0000e+00
       2789      1.737    14.8513   2.934063     2.5714     2.4567     0.0048  0.1640989 0.0000e+00
       2790      1.712    14.8548   2.934168     2.5739     2.4603     0.0048  0.1640989 0.0000e+00
       2791      1.679    14.8565   2.934408     2.5763     2.4652     0.0048  0.1640989 0.0000e+00
       2792      1.646    14.8560   2.934617     2.5812     2.4713     0.0048  0.1640989 0.0000e+00
       2793      1.613    14.8461   2.933882     2.5849     2.4750     0.0048  0.1636105 0.0000e+00
       2794      1.588    14.8363   2.932208     2.5885     2.4799     0.0048  0.1636105 0.0000e+00
       2795      1.613    14.8346   2.930829     2.5897     2.4860     0.0048  0.1640989 0.0000e+00
       2796      1.588    14.8363   2.930893     2.5946     2.4908     0.0048  0.1636105 0.0000e+00
       2797      1.555    14.8366   2.931518     2.5971     2.4957     0.0048  0.1645873 0.0000e+00
       2798      1.465    14.8368   2.932104     2.6020     2.5018     0.0046  0.1650757 0.0000e+00
       2799      1.555    14.8368   2.932294     2.6044     2.5067     0.0046  0.1655641 0.0000e+00
       2800      1.498    14.8370   2.932281     2.6068     2.5116     0.0046  0.1655641 0.0000e+00
       2801      1.465    14.8390   2.932577     2.6105     2.5165     0.0046  0.1655641 0.0000e+00
       2802      1.432    14.8413   2.933000     2.6142     2.5214     0.0046  0.1655641 0.0000e+00
       2803      1.465    14.8442   2.933563     2.6203     2.5262     0.0046  0.1655641 0.0000e+00
       2804      1.374    14.8469   2.934164     2.6215     2.5299     0.0046  0.1655641 0.0000e+00
       2805      1.407    14.8491   2.934780     2.6252     2.5348     0.0046  0.1655641 0.0000e+00
       2806      1.432    14.8521   2.935333     2.6276     2.5385     0.0046  0.1655641 0.0000e+00
       2807      1.341    14.8491   2.935180     2.6313     2.5433     0.0046  0.1655641 0.0000e+00
       2808      1.374    14.8431   2.934772     2.6349     2.5470     0.0046  0.1655641 0.0000e+00
       2809      1.341    14.8384   2.934729     2.6374     2.5507     0.0046  0.1655641 0.0000e+00
       2810      1.374    14.8353   2.935048     2.6386     2.5531     0.0046  0.1655641 0.0000e+00
       2811      1.283    14.8341   2.935513     2.6422     2.5568     0.0046  0.1650757 0.0000e+00
       2812      1.308    14.8338   2.936081     2.6471     2.5604     0.0046  0.1655641 0.0000e+00
       2813      1.283    14.8370   2.936215     2.6496     2.5629     0.0046  0.1655641 0.0000e+00
       2814      1.308    14.8378   2.935834     2.6508     2.5653     0.0046  0.1655641 0.0000e+00
       2815      1.283    14.8392   2.935500     2.6545     2.5678     0.0046  0.1650757 0.0000e+00
       2816      1.250    14.8400   2.935411     2.6557     2.5702     0.0046  0.1655641 0.0000e+00
       2817      1.283    14.8420   2.935161     2.6606     2.5726     0.0046  0.1655641 0.0000e+00
       2818      1.250    14.8483   2.935527     2.6630     2.5751     0.0046  0.1655641 0.0000e+00
       2819      1.217    14.8505   2.936137     2.6642     2.5763     0.0046  0.1655641 0.0000e+00
       2820      1.308    14.8511   2.936553     2.6667     2.5788     0.0046  0.1655641 0.0000e+00
       2821      1.159    14.8547   2.936765     2.6691     2.5812     0.0046  0.1655641 0.0000e+00
       2822      1.308    14.8564   2.937223     2.6740     2.5824     0.0046  0.1665409 0.0000e+00
       2823      1.217    14.8624   2.937913     2.6752     2.5836     0.0048  0.1709365 0.0000e+00
       2824      1.250    14.8773   2.939595     2.6764     2.5849     0.0048  0.1733785 0.0000e+00
       2825      1.159    14.8954   2.942209     2.6789     2.5861     0.0048  0.1738669 0.0000e+00
       2826      1.250    14.9234   2.945786     2.6825     2.5873     0.0048  0.1738669 0.0000e+00
       2827      1.159    14.9462   2.950531     2.6850     2.5885     0.0048  0.1733785 0.0000e+00
       2828      1.184    14.9872   2.956357     2.6862     2.5897     0.0048  0.1733785 0.0000e+00
       2829      1.102    15.0412   2.964837     2.6874     2.5910     0.0048  0.1738669 0.0000e+00
       2830      1.184    15.0833   2.974810     2.6899     2.5922     0.0046  0.1733785 0.0000e+00
       2831      1.102    15.1257   2.983545     2.6923     2.5922     0.0048  0.1733785 0.0000e+00
       2832      1.184    15.1747   2.992186     2.6948     2.5946     0.0048  0.1733785 0.0000e+00
       2833      1.102    15.2514   3.004782     2.6960     2.5958     0.0048  0.1733785 0.0000e+00
       2834      1.184    15.3553   3.023107     2.6984     2.5958     0.0048  0.1738669 0.0000e+00
       2835      1.159    15.4345   3.043101     2.6996     2.5983     0.0048  0.1743553 0.0000e+00
       2836      1.126    15.4432   3.055512     2.7033     2.5995     0.0048  0.1738669 0.0000e+00
       2837      1.101    15.4267   3.056336     2.7045     2.6007     0.0048  0.1738669 0.0000e+00
       2838      1.126    15.4201   3.052763     2.7045     2.6020     0.0048  0.1733785 0.0000e+00
       2839      1.035    15.4414   3.052210     2.7082     2.6032     0.0048  0.1733785 0.0000e+00
       2840      1.250    15.4905   3.058664     2.7082     2.6044     0.0048  0.1733785 0.0000e+00
       2841      1.068    15.5397   3.072631     2.7131     2.6056     0.0048  0.1733785 0.0000e+00
       2842      1.159    15.5771   3.087269     2.7131     2.6068     0.0048  0.1733785 0.0000e+00
       2843      1.126    15.6077   3.097358     2.7131     2.6093     0.0048  0.1733785 0.0000e+00
       2844      1.159    15.6067   3.101286     2.7131     2.6105     0.0048  0.1733785 0.0000e+00
       2845      1.126    15.5986   3.100554     2.7155     2.6117     0.0048  0.1733785 0.0000e+00
       2846      1.217    15.5845   3.099064     2.7192     2.6142     0.0048  0.1733785 0.0000e+00
       2847      1.126    15.5401   3.095021     2.7192     2.6154     0.0048  0.1733785 0.0000e+00
       2848      1.217    15.4860   3.085078     2.7192     2.6166     0.0048  0.1733785 0.0000e+00
       2849      1.126    15.4294   3.072037     2.7216     2.6190     0.0048  0.1733785 0.0000e+00
       2850      1.283    15.3932   3.061327     2.7241     2.6215     0.0048  0.1733785 0.0000e+00
       2851      1.184    15.4096   3.056887     2.7253     2.6227     0.0048  0.1733785 0.0000e+00
       2852      1.217    15.4374   3.060062     2.7253     2.6252     0.0048  0.1733785 0.0000e+00
       2853      1.250    15.4518   3.065209     2.7265     2.6264     0.0048  0.1733785 0.0000e+00
       2854      1.217    15.4540   3.067208     2.7277     2.6288     0.0048  0.1733785 0.0000e+00
       2855      1.184    15.4560   3.066689     2.7326     2.6313     0.0048  0.1733785 0.0000e+00
       2856      1.282    15.4558   3.065876     2.7326     2.6325     0.0048  0.1738669 0.0000e+00
       2857      1.183    15.4530   3.064813     2.7326     2.6349     0.0048  0.1733785 0.0000e+00
       2858      1.282    15.4489   3.063359     2.7338     2.6361     0.0048  0.1733785 0.0000e+00
       2859      1.249    15.4296   3.060769     2.7350     2.6386     0.0048  0.1733785 0.0000e+00
       2860      1.216    15.3783   3.055553     2.7387     2.6410     0.0048  0.1733785 0.0000e+00
       2861      1.249    15.3423   3.048090     2.7399     2.6422     0.0048  0.1733785 0.0000e+00
       2862      1.159    15.3134   3.041186     2.7411     2.6447     0.0048  0.1738669 0.0000e+00
       2863      1.249    15.2914   3.034984     2.7424     2.6459     0.0048  0.1733785 0.0000e+00
       2864      1.216    15.2800   3.030036     2.7424     2.6484     0.0048  0.1733785 0.0000e+00
       2865      1.183    15.2712   3.027255     2.7473     2.6496     0.0048  0.1733785 0.0000e+00
       2866      1.159    15.2595   3.025158     2.7473     2.6508     0.0048  0.1738669 0.0000e+00
       2867      1.183    15.2620   3.022512     2.7473     2.6532     0.0048  0.1733785 0.0000e+00
       2868      1.158    15.2764   3.021168     2.7485     2.6545     0.0048  0.1733785 0.0000e+00
       2869      1.183    15.2977   3.022973     2.7521     2.6557     0.0048  0.1733785 0.0000e+00
       2870      1.158    15.3230   3.027106     2.7534     2.6569     0.0048  0.1733785 0.0000e+00
       2871      1.125    15.3411   3.032027     2.7534     2.6581     0.0048  0.1733785 0.0000e+00
       2872      1.158    15.3461   3.035662     2.7534     2.6593     0.0048  0.1733785 0.0000e+00
       2873      1.183    15.3413   3.036776     2.7534     2.6593     0.0048  0.1733785 0.0000e+00
       2874      1.101    15.3309   3.035790     2.7546     2.6606     0.0046  0.1733785 0.0000e+00
       2875      1.125    15.3240   3.033831     2.7570     2.6618     0.0046  0.1728901 0.0000e+00
       2876      1.158    15.3391   3.033473     2.7558     2.6630     0.0046  0.1728901 0.0000e+00
       2877      1.125    15.3592   3.036104     2.7570     2.6630     0.0046  0.1733785 0.0000e+00
       2878      1.100    15.3549   3.038501     2.7570     2.6606     0.0046  0.1733785 0.0000e+00
       2879      1.183    15.3364   3.037667     2.7558     2.6630     0.0046  0.1733785 0.0000e+00
       2880      1.100    15.3115   3.033851     2.7558     2.6654     0.0046  0.1733785 0.0000e+00
