code/data/2021/ctd_data_day2/station8_ctm_fil_le_der.cnv
* Sea-Bird SBE 9 Data File:
* FileName = C:\Users\CTD-User\Desktop\MAR440\day2\station8.hex
* Software Version Seasave V 7.26.2.13
* Temperature SN = 6313
* Conductivity SN = 4758
* Number of Bytes Per Scan = 37
* Number of Voltage Words = 4
* Number of Scans Averaged by the Deck Unit = 1
* NMEA Latitude = 58 19.53 N
* NMEA Longitude = 011 50.68 E
* NMEA UTC (Time) = Sep 22 2021 11:34:11
* NMEA baud rate = 4800
** Ship: Skagerrak
** Station: station8
** Operator: group1
# nquan = 13                                
# nvalues = 1621                        
# units = specified
# name 0 = scan: Scan Count
# name 1 = prDM: Pressure, Digiquartz [db]
# name 2 = t090C: Temperature [ITS-90, deg C]
# name 3 = c0S/m: Conductivity [S/m]
# name 4 = sbeox0V: Oxygen raw, SBE 43 [V]
# name 5 = sbeox1V: Oxygen raw, SBE 43, 2 [V]
# name 6 = flECO-AFL: Fluorescence, WET Labs ECO-AFL/FL [mg/m^3]
# name 7 = upoly0: Upoly 0, Turbidity
# name 8 = depSM: Depth [salt water, m], lat = 58.3255
# name 9 = sal00: Salinity, Practical [PSU]
# name 10 = sbeox0ML/L: Oxygen, SBE 43 [ml/l], WS = 2
# name 11 = sbeox1ML/L: Oxygen, SBE 43, 2 [ml/l], WS = 2
# name 12 = flag: flag
# span 0 =          1,       1621       
# span 1 =      0.840,     12.569       
# span 2 =    14.0065,    15.7167       
# span 3 =   2.901340,   3.413555       
# span 4 =     1.3577,     2.8177       
# span 5 =     1.3369,     2.7501       
# span 6 =     0.0040,     0.0057       
# span 7 =  0.0909304,  0.1803616       
# span 8 =      0.832,     12.452       
# span 9 =    22.7877,    27.8196       
# span 10 =     2.4182,     6.8996      
# span 11 =     2.1748,     5.8530      
# span 12 = 0.0000e+00, 0.0000e+00      
# interval = seconds: 0.0416667
# start_time = Sep 22 2021 11:34:11 [NMEA time, header]
# bad_flag = -9.990e-29
*END*
[from data line 445]
        446      3.874    15.0202   2.958857     2.4517     2.4308     0.0048  0.1551521      3.838    23.1530     6.2062     5.3534 -9.990e-29
        447      3.854    15.0191   2.958452     2.4550     2.4340     0.0048  0.1553449      3.818    23.1501     6.2106     5.3556 -9.990e-29
        448      3.834    15.0181   2.958094     2.4582     2.4371     0.0048  0.1555406      3.798    23.1476     6.2149     5.3578 -9.990e-29
        449      3.814    15.0173   2.957781     2.4614     2.4402     0.0048  0.1557412      3.779    23.1454     6.2192     5.3600 -9.990e-29
        450      3.794    15.0167   2.957511     2.4645     2.4432     0.0048  0.1559475      3.759    23.1435     6.2233     5.3622 -9.990e-29
        451      3.773    15.0161   2.957281     2.4675     2.4462     0.0048  0.1561598      3.738    23.1418     6.2273     5.3645 -9.990e-29
        452      3.753    15.0157   2.957087     2.4706     2.4491     0.0048  0.1563798      3.718    23.1404     6.2317     5.3667 -9.990e-29
        453      3.733    15.0153   2.956923     2.4736     2.4519     0.0048  0.1566081      3.698    23.1392     6.2359     5.3688 -9.990e-29
        454      3.713    15.0150   2.956780     2.4765     2.4547     0.0048  0.1568463      3.678    23.1382     6.2400     5.3710 -9.990e-29
        455      3.693    15.0146   2.956646     2.4794     2.4575     0.0048  0.1570978      3.659    23.1373     6.2442     5.3735 -9.990e-29
        456      3.673    15.0142   2.956498     2.4823     2.4602     0.0048  0.1573651      3.639    23.1362     6.2485     5.3758 -9.990e-29
        457      3.653    15.0137   2.956316     2.4851     2.4629     0.0048  0.1576501      3.619    23.1350     6.2528     5.3784 -9.990e-29
        458      3.633    15.0129   2.956083     2.4879     2.4655     0.0048  0.1579540      3.599    23.1334     6.2572     5.3809 -9.990e-29
        459      3.613    15.0121   2.955796     2.4907     2.4681     0.0048  0.1582771      3.579    23.1314     6.2618     5.3836 -9.990e-29
        460      3.593    15.0111   2.955461     2.4935     2.4707     0.0048  0.1586217      3.560    23.1291     6.2666     5.3864 -9.990e-29
        461      3.573    15.0101   2.955093     2.4962     2.4732     0.0049  0.1589851      3.540    23.1266     6.2713     5.3892 -9.990e-29
        462      3.553    15.0091   2.954709     2.4989     2.4758     0.0049  0.1593504      3.520    23.1238     6.2761     5.3923 -9.990e-29
        463      3.533    15.0081   2.954324     2.5016     2.4782     0.0049  0.1596979      3.500    23.1211     6.2811     5.3951 -9.990e-29
        464      3.513    15.0072   2.953946     2.5043     2.4807     0.0049  0.1600198      3.480    23.1184     6.2862     5.3983 -9.990e-29
        465      3.492    15.0062   2.953581     2.5069     2.4831     0.0049  0.1603168      3.460    23.1158     6.2912     5.4013 -9.990e-29
        466      3.472    15.0053   2.953229     2.5095     2.4855     0.0049  0.1605909      3.440    23.1133     6.2962     5.4045 -9.990e-29
        467      3.452    15.0044   2.952889     2.5122     2.4879     0.0049  0.1608448      3.420    23.1109     6.3017     5.4077 -9.990e-29
        468      3.432    15.0036   2.952558     2.5147     2.4903     0.0049  0.1610812      3.400    23.1086     6.3067     5.4110 -9.990e-29
        469      3.412    15.0027   2.952234     2.5173     2.4927     0.0049  0.1613008      3.380    23.1063     6.3122     5.4144 -9.990e-29
        470      3.392    15.0019   2.951917     2.5199     2.4951     0.0049  0.1615044      3.360    23.1041     6.3177     5.4179 -9.990e-29
        471      3.372    15.0011   2.951606     2.5224     2.4974     0.0049  0.1616933      3.341    23.1018     6.3231     5.4212 -9.990e-29
        472      3.352    15.0003   2.951304     2.5250     2.4997     0.0049  0.1618688      3.321    23.0997     6.3288     5.4245 -9.990e-29
        473      3.332    14.9995   2.951013     2.5275     2.5020     0.0048  0.1620323      3.301    23.0977     6.3344     5.4280 -9.990e-29
        474      3.312    14.9988   2.950732     2.5300     2.5043     0.0049  0.1621848      3.281    23.0957     6.3400     5.4314 -9.990e-29
        475      3.293    14.9980   2.950459     2.5326     2.5066     0.0049  0.1623273      3.262    23.0938     6.3460     5.4349 -9.990e-29
        476      3.273    14.9973   2.950188     2.5351     2.5088     0.0049  0.1624610      3.243    23.0919     6.3517     5.4382 -9.990e-29
        477      3.253    14.9965   2.949916     2.5376     2.5111     0.0049  0.1625866      3.223    23.0900     6.3575     5.4417 -9.990e-29
        478      3.234    14.9956   2.949639     2.5401     2.5133     0.0049  0.1627051      3.204    23.0882     6.3634     5.4451 -9.990e-29
        479      3.214    14.9948   2.949360     2.5426     2.5155     0.0049  0.1628174      3.184    23.0862     6.3692     5.4484 -9.990e-29
        480      3.194    14.9939   2.949079     2.5451     2.5176     0.0049  0.1629241      3.164    23.0843     6.3752     5.4516 -9.990e-29
        481      3.174    14.9930   2.948796     2.5475     2.5198     0.0049  0.1630260      3.144    23.0824     6.3808     5.4550 -9.990e-29
        482      3.154    14.9921   2.948510     2.5500     2.5219     0.0049  0.1631238      3.125    23.0805     6.3867     5.4581 -9.990e-29
        483      3.135    14.9911   2.948218     2.5524     2.5240     0.0049  0.1632183      3.106    23.0786     6.3924     5.4613 -9.990e-29
        484      3.115    14.9901   2.947913     2.5549     2.5260     0.0049  0.1633101      3.086    23.0765     6.3983     5.4642 -9.990e-29
        485      3.095    14.9889   2.947590     2.5573     2.5281     0.0049  0.1633997      3.066    23.0745     6.4040     5.4674 -9.990e-29
        486      3.075    14.9877   2.947248     2.5597     2.5301     0.0049  0.1634879      3.046    23.0722     6.4097     5.4704 -9.990e-29
        487      3.055    14.9865   2.946895     2.5621     2.5321     0.0049  0.1635744      3.027    23.0699     6.4154     5.4734 -9.990e-29
        488      3.036    14.9853   2.946541     2.5645     2.5341     0.0049  0.1636573      3.008    23.0676     6.4210     5.4764 -9.990e-29
        489      3.016    14.9841   2.946189     2.5669     2.5360     0.0049  0.1637345      2.988    23.0652     6.4266     5.4791 -9.990e-29
        490      2.996    14.9829   2.945841     2.5693     2.5379     0.0049  0.1638058      2.968    23.0629     6.4322     5.4819 -9.990e-29
        491      2.977    14.9818   2.945497     2.5716     2.5398     0.0049  0.1638716      2.949    23.0606     6.4374     5.4846 -9.990e-29
        492      2.957    14.9806   2.945159     2.5740     2.5417     0.0049  0.1639325      2.929    23.0584     6.4429     5.4874 -9.990e-29
        493      2.937    14.9796   2.944830     2.5763     2.5435     0.0049  0.1639888      2.910    23.0562     6.4480     5.4899 -9.990e-29
        494      2.918    14.9785   2.944514     2.5787     2.5453     0.0049  0.1640409      2.891    23.0541     6.4534     5.4925 -9.990e-29
        495      2.898    14.9776   2.944213     2.5810     2.5471     0.0049  0.1640893      2.871    23.0520     6.4584     5.4950 -9.990e-29
        496      2.879    14.9767   2.943927     2.5833     2.5489     0.0049  0.1641342      2.852    23.0501     6.4633     5.4976 -9.990e-29
        497      2.859    14.9757   2.943652     2.5856     2.5506     0.0049  0.1641759      2.832    23.0483     6.4682     5.4999 -9.990e-29
        498      2.839    14.9749   2.943384     2.5878     2.5523     0.0049  0.1642148      2.813    23.0465     6.4727     5.5022 -9.990e-29
        499      2.820    14.9740   2.943120     2.5900     2.5540     0.0049  0.1642511      2.794    23.0448     6.4772     5.5046 -9.990e-29
        500      2.800    14.9731   2.942856     2.5923     2.5557     0.0049  0.1642850      2.774    23.0430     6.4820     5.5071 -9.990e-29
        501      2.781    14.9721   2.942590     2.5945     2.5573     0.0049  0.1643168      2.755    23.0413     6.4865     5.5093 -9.990e-29
        502      2.761    14.9712   2.942318     2.5967     2.5590     0.0049  0.1643468      2.735    23.0395     6.4908     5.5118 -9.990e-29
        503      2.742    14.9701   2.942035     2.5988     2.5606     0.0049  0.1643751      2.716    23.0377     6.4949     5.5141 -9.990e-29
        504      2.722    14.9691   2.941739     2.6010     2.5622     0.0049  0.1644019      2.697    23.0357     6.4993     5.5165 -9.990e-29
        505      2.703    14.9680   2.941434     2.6031     2.5638     0.0049  0.1644274      2.678    23.0338     6.5034     5.5189 -9.990e-29
        506      2.683    14.9669   2.941126     2.6052     2.5653     0.0049  0.1644518      2.658    23.0318     6.5074     5.5211 -9.990e-29
        507      2.664    14.9658   2.940818     2.6073     2.5669     0.0049  0.1644753      2.639    23.0298     6.5114     5.5236 -9.990e-29
        508      2.644    14.9647   2.940510     2.6093     2.5684     0.0049  0.1644980      2.619    23.0278     6.5151     5.5259 -9.990e-29
        509      2.624    14.9636   2.940204     2.6114     2.5700     0.0049  0.1645200      2.600    23.0258     6.5190     5.5284 -9.990e-29
        510      2.605    14.9624   2.939898     2.6134     2.5715     0.0049  0.1645416      2.581    23.0238     6.5227     5.5308 -9.990e-29
        511      2.585    14.9613   2.939592     2.6154     2.5730     0.0049  0.1645629      2.561    23.0218     6.5263     5.5332 -9.990e-29
        512      2.565    14.9601   2.939285     2.6174     2.5745     0.0049  0.1645840      2.541    23.0199     6.5299     5.5356 -9.990e-29
        513      2.546    14.9590   2.938979     2.6193     2.5760     0.0048  0.1646051      2.522    23.0179     6.5333     5.5381 -9.990e-29
        514      2.526    14.9578   2.938672     2.6213     2.5775     0.0048  0.1646254      2.503    23.0160     6.5369     5.5407 -9.990e-29
        515      2.507    14.9566   2.938363     2.6232     2.5789     0.0048  0.1646435      2.484    23.0140     6.5402     5.5430 -9.990e-29
        516      2.487    14.9554   2.938052     2.6251     2.5804     0.0048  0.1646594      2.464    23.0120     6.5434     5.5456 -9.990e-29
        517      2.467    14.9541   2.937738     2.6270     2.5818     0.0048  0.1646742      2.444    23.0101     6.5467     5.5480 -9.990e-29
        518      2.447    14.9529   2.937420     2.6288     2.5832     0.0048  0.1646878      2.424    23.0081     6.5497     5.5504 -9.990e-29
        519      2.428    14.9516   2.937100     2.6306     2.5846     0.0048  0.1647013      2.405    23.0061     6.5527     5.5528 -9.990e-29
        520      2.408    14.9504   2.936778     2.6324     2.5860     0.0048  0.1647155      2.386    23.0040     6.5557     5.5553 -9.990e-29
        521      2.388    14.9491   2.936458     2.6342     2.5874     0.0048  0.1647307      2.366    23.0020     6.5587     5.5578 -9.990e-29
        522      2.368    14.9479   2.936142     2.6360     2.5887     0.0048  0.1647468      2.346    23.0000     6.5617     5.5600 -9.990e-29
        523      2.348    14.9467   2.935835     2.6378     2.5901     0.0048  0.1647641      2.326    22.9981     6.5647     5.5625 -9.990e-29
        524      2.328    14.9456   2.935540     2.6395     2.5914     0.0048  0.1647826      2.306    22.9962     6.5674     5.5648 -9.990e-29
        525      2.308    14.9446   2.935264     2.6412     2.5928     0.0048  0.1648025      2.287    22.9944     6.5701     5.5673 -9.990e-29
        526      2.289    14.9437   2.935012     2.6429     2.5941     0.0048  0.1648238      2.268    22.9927     6.5728     5.5695 -9.990e-29
        527      2.269    14.9429   2.934790     2.6446     2.5954     0.0048  0.1648468      2.248    22.9913     6.5754     5.5718 -9.990e-29
        528      2.249    14.9423   2.934598     2.6463     2.5967     0.0048  0.1648716      2.228    22.9900     6.5780     5.5740 -9.990e-29
        529      2.229    14.9417   2.934438     2.6479     2.5980     0.0048  0.1648984      2.208    22.9890     6.5804     5.5762 -9.990e-29
        530      2.209    14.9413   2.934307     2.6496     2.5993     0.0048  0.1649274      2.188    22.9881     6.5830     5.5784 -9.990e-29
        531      2.189    14.9410   2.934202     2.6512     2.6006     0.0048  0.1649587      2.169    22.9874     6.5853     5.5805 -9.990e-29
        532      2.169    14.9407   2.934118     2.6528     2.6018     0.0048  0.1649926      2.149    22.9868     6.5876     5.5823 -9.990e-29
        533      2.149    14.9405   2.934051     2.6544     2.6031     0.0048  0.1650293      2.129    22.9864     6.5898     5.5844 -9.990e-29
        534      2.129    14.9403   2.933999     2.6560     2.6043     0.0048  0.1650691      2.109    22.9860     6.5921     5.5863 -9.990e-29
        535      2.108    14.9401   2.933959     2.6575     2.6055     0.0048  0.1651122      2.088    22.9858     6.5941     5.5881 -9.990e-29
        536      2.088    14.9399   2.933925     2.6590     2.6068     0.0048  0.1651590      2.069    22.9856     6.5961     5.5902 -9.990e-29
        537      2.068    14.9397   2.933888     2.6606     2.6080     0.0048  0.1652098      2.049    22.9854     6.5984     5.5921 -9.990e-29
        538      2.048    14.9395   2.933843     2.6620     2.6092     0.0049  0.1652632      2.029    22.9852     6.6002     5.5939 -9.990e-29
        539      2.028    14.9391   2.933782     2.6635     2.6104     0.0049  0.1653162      2.009    22.9849     6.6023     5.5958 -9.990e-29
        540      2.008    14.9387   2.933702     2.6649     2.6115     0.0049  0.1653675      1.989    22.9844     6.6041     5.5974 -9.990e-29
        541      1.988    14.9382   2.933599     2.6663     2.6127     0.0049  0.1654174      1.970    22.9839     6.6059     5.5993 -9.990e-29
        542      1.967    14.9375   2.933470     2.6677     2.6139     0.0049  0.1654663      1.949    22.9832     6.6079     5.6013 -9.990e-29
        543      1.947    14.9367   2.933316     2.6691     2.6150     0.0049  0.1655145      1.929    22.9823     6.6098     5.6029 -9.990e-29
        544      1.927    14.9359   2.933136     2.6705     2.6162     0.0049  0.1655624      1.909    22.9812     6.6118     5.6049 -9.990e-29
        545      1.907    14.9349   2.932931     2.6718     2.6173     0.0048  0.1656103      1.889    22.9800     6.6135     5.6066 -9.990e-29
        546      1.886    14.9338   2.932699     2.6732     2.6184     0.0049  0.1656584      1.868    22.9787     6.6156     5.6084 -9.990e-29
        547      1.866    14.9326   2.932440     2.6745     2.6195     0.0049  0.1657073      1.849    22.9772     6.6174     5.6102 -9.990e-29
        548      1.846    14.9313   2.932160     2.6758     2.6206     0.0049  0.1657571      1.829    22.9755     6.6193     5.6120 -9.990e-29
        549      1.825    14.9300   2.931865     2.6770     2.6217     0.0049  0.1658083      1.808    22.9737     6.6209     5.6138 -9.990e-29
        550      1.805    14.9287   2.931563     2.6783     2.6227     0.0049  0.1658612      1.788    22.9719     6.6229     5.6154 -9.990e-29
        551      1.785    14.9274   2.931258     2.6795     2.6237     0.0049  0.1659161      1.768    22.9700     6.6245     5.6169 -9.990e-29
        552      1.764    14.9261   2.930953     2.6808     2.6248     0.0049  0.1659735      1.748    22.9682     6.6266     5.6188 -9.990e-29
        553      1.744    14.9248   2.930648     2.6820     2.6258     0.0049  0.1660337      1.728    22.9663     6.6284     5.6204 -9.990e-29
        554      1.724    14.9236   2.930344     2.6832     2.6268     0.0049  0.1660972      1.708    22.9644     6.6302     5.6220 -9.990e-29
        555      1.704    14.9223   2.930046     2.6843     2.6277     0.0049  0.1661644      1.688    22.9626     6.6317     5.6234 -9.990e-29
