data/2019/Station3.cnv
* Sea-Bird SBE 9 Data File:
* FileName = Z:\MAR440_2409\Station3.hex
* Software Version Seasave V 7.20a
* Temperature SN = 4766
* Conductivity SN = 3059
* Number of Bytes Per Scan = 34
* Number of Voltage Words = 5
* Number of Scans Averaged by the Deck Unit = 1
* NMEA Latitude = 58 19.34 N
* NMEA Longitude = 011 49.67 E
* NMEA UTC (Time) = Feb 08 2000  09:45:10
** StationNumber: 3
** BottomDepth: 20
# nquan = 14
# nvalues = 38                          
# units = specified
# name 0 = latitude: Latitude [deg]
# name 1 = longitude: Longitude [deg]
# name 2 = timeJ: Julian Days
# name 3 = t090C: Temperature [ITS-90, deg C]
# name 4 = c0S/m: Conductivity [S/m]
# name 5 = prDM: Pressure, Digiquartz [db]
# name 6 = sbeox0V: Oxygen raw, SBE 43 [V]
# name 7 = dz/dtM: Descent Rate [m/s]
# name 8 = flECO-AFL: Fluorescence, WET Labs ECO-AFL/FL [mg/m^3]
# name 9 = upoly0: Upoly 0, Turbidity Sensor
# name 10 = sal00: Salinity, Practical [PSU]
# name 11 = sbox0Mm/Kg: Oxygen, SBE 43 [umol/kg]
# name 12 = depSM: Depth [salt water, m]
# name 13 = flag: flag
# span 0 =   58.32241,   58.32246       
# span 1 =   11.82780,   11.82787       
# span 2 =  39.406654,  39.407654       
# span 3 =    13.9035,    15.6338       
# span 4 =   2.749206,   3.849604       
# span 5 =      0.505,     19.179       
# span 6 =     0.7841,     2.2971       
# span 7 =     -0.042,      0.465       
# span 8 =     0.1098,     1.8540       
# span 9 =  0.8651465,  1.7556788       
# span 10 =    21.5001,    31.3803      
# span 11 =     18.674,    249.284      
# span 12 =      0.500,     19.000      
# span 13 = 0.0000e+00, 0.0000e+00      
# interval = meters: 0.5                
# start_time = Feb 08 2000 09:45:10 [NMEA time, header]
# bad_flag = -9.990e-29
*END*
   58.32241   11.82786  39.406654    14.7650   2.750708      0.505     2.2971     -0.042     1.8540  0.9853530    21.5066    249.284      0.500 0.0000e+00
   58.32243   11.82787  39.407139    14.7545   2.749206      1.009     2.2830      0.201     1.7230  0.9937717    21.5001    247.795      1.000 0.0000e+00
   58.32244   11.82786  39.407149    14.7655   2.753103      1.514     2.2895      0.234     1.7976  1.0081795    21.5273    249.104      1.500 0.0000e+00
   58.32242   11.82786  39.407164    14.8916   2.791856      2.019     2.2911      0.343     1.7530  1.0098131    21.7902    247.853      2.000 0.0000e+00
   58.32244   11.82786  39.407178    15.1778   2.881703      2.523     2.2927      0.422     1.5827  0.9946710    22.3990    245.502      2.500 0.0000e+00
   58.32244   11.82786  39.407191    15.1934   2.888508      3.028     2.2897      0.411     1.1851  0.9829699    22.4484    244.465      3.000 0.0000e+00
   58.32244   11.82786  39.407205    15.2255   2.909687      3.533     2.2776      0.448     0.9360  0.9118702    22.6112    240.594      3.500 0.0000e+00
   58.32244   11.82785  39.407218    15.2697   2.929580      4.038     2.2680      0.439     0.9422  0.8864907    22.7558    238.310      4.000 0.0000e+00
   58.32244   11.82784  39.407232    15.2753   2.932712      4.542     2.2620      0.420     0.8889  0.9184805    22.7793    238.682      4.500 0.0000e+00
   58.32244   11.82784  39.407247    15.2694   2.938499      5.047     2.2459      0.407     0.8664  0.9007041    22.8320    234.977      5.000 0.0000e+00
   58.32244   11.82784  39.407261    15.3530   3.001938      5.552     2.2300      0.403     0.7668  0.9967980    23.3261    231.255      5.500 0.0000e+00
   58.32244   11.82784  39.407276    15.4832   3.114164      6.056     2.2069      0.397     0.5737  1.4213991    24.2091    225.502      6.000 0.0000e+00
   58.32244   11.82784  39.407291    15.6338   3.259680      6.561     2.1309      0.394     0.3412  1.7225592    25.3652    205.874      6.500 0.0000e+00
   58.32244   11.82784  39.407306    15.4970   3.297311      7.066     1.9212      0.385     0.2651  1.7556788    25.7791    158.878      7.000 0.0000e+00
   58.32244   11.82782  39.407322    15.0704   3.369578      7.570     1.6468      0.369     0.3193  1.3526158    26.6932    104.793      7.500 0.0000e+00
   58.32244   11.82782  39.407339    14.4777   3.398883      8.075     1.4046      0.355     0.3306  1.1284829    27.3606     79.055      8.000 0.0000e+00
   58.32244   11.82782  39.407355    14.0683   3.412495      8.580     1.1394      0.350     0.2800  1.0509299    27.7740     38.725      8.500 0.0000e+00
   58.32244   11.82782  39.407372    13.9528   3.425073      9.085     0.9384      0.354     0.2360  0.9762986    27.9708     18.674      9.000 0.0000e+00
   58.32244   11.82782  39.407385    13.9371   3.474399      9.589     0.8544      0.417     0.2364  1.0318319    28.4289     21.759      9.500 0.0000e+00
   58.32244   11.82782  39.407399    14.0959   3.539983     10.094     0.7964      0.422     0.1705  0.8989400    28.9053     25.016     10.000 0.0000e+00
   58.32244   11.82782  39.407411    14.1155   3.562223     10.599     0.7841      0.449     0.1713  0.8672534    29.0917     30.464     10.500 0.0000e+00
   58.32244   11.82781  39.407426    14.2715   3.593199     11.103     0.8160      0.420     0.1649  0.8651465    29.2541     45.535     11.000 0.0000e+00
   58.32244   11.82780  39.407440    14.5075   3.640469     11.608     0.8573      0.398     0.1500  0.9041547    29.5013     54.673     11.500 0.0000e+00
   58.32244   11.82780  39.407453    14.6784   3.694611     12.113     0.8956      0.440     0.1469  0.9610292    29.8573     60.093     12.000 0.0000e+00
   58.32244   11.82780  39.407466    14.6743   3.724525     12.618     0.9314      0.465     0.1469  0.9814821    30.1293     64.124     12.500 0.0000e+00
   58.32244   11.82780  39.407478    14.2887   3.710249     13.122     0.9803      0.455     0.1460  0.9894976    30.3003     72.635     13.000 0.0000e+00
   58.32244   11.82780  39.407492    14.4514   3.755917     13.627     1.0370      0.443     0.1225  1.0211439    30.5857     82.231     13.500 0.0000e+00
   58.32246   11.82780  39.407506    14.8755   3.823563     14.132     1.0736      0.428     0.1225  1.0555773    30.8613     83.185     14.000 0.0000e+00
   58.32246   11.82780  39.407520    14.8681   3.825258     14.637     1.1092      0.414     0.1161  1.0527725    30.8820     85.136     14.500 0.0000e+00
   58.32246   11.82780  39.407533    14.2388   3.758106     15.141     1.1666      0.421     0.1098  1.0680309    30.7738     98.394     15.000 0.0000e+00
   58.32246   11.82780  39.407547    13.9035   3.729190     15.646     1.1941      0.423     0.1400  1.1494221    30.7773    100.744     15.500 0.0000e+00
   58.32246   11.82780  39.407562    14.0931   3.760051     16.151     1.1630      0.411     0.1348  1.2264705    30.9078     84.908     16.000 0.0000e+00
   58.32246   11.82780  39.407576    14.2655   3.791879     16.655     1.1116      0.406     0.1299  1.1558932    31.0598     69.958     16.500 0.0000e+00
   58.32246   11.82780  39.407594    14.4584   3.824396     17.160     1.1133      0.339     0.1336  1.0891702    31.2002     77.907     17.000 0.0000e+00
   58.32246   11.82780  39.407612    14.5356   3.842766     17.665     1.1739      0.316     0.1408  1.1183047    31.3045     96.512     17.500 0.0000e+00
   58.32246   11.82780  39.407630    14.5353   3.847815     18.170     1.2187      0.333     0.1275  1.1282224    31.3505    101.413     18.000 0.0000e+00
   58.32246   11.82780  39.407648    14.5152   3.848562     18.674     1.2442      0.307     0.1358  1.1888498    31.3733    100.464     18.500 0.0000e+00
   58.32246   11.82780  39.407654    14.5181   3.849604     19.179     1.2484      0.364     0.1347  1.2561326    31.3803    101.035     19.000 0.0000e+00
