data/2019/Station4.cnv
* Sea-Bird SBE 9 Data File:
* FileName = Z:\MAR440_2409\Station4.hex
* Software Version Seasave V 7.20a
* Temperature SN = 4766
* Conductivity SN = 3059
* Number of Bytes Per Scan = 34
* Number of Voltage Words = 5
* Number of Scans Averaged by the Deck Unit = 1
* NMEA Latitude = 58 18.71 N
* NMEA Longitude = 011 46.24 E
* NMEA UTC (Time) = Feb 08 2000  10:12:54
** StationNumber: 4
** BottomDepth: 40
# nquan = 14
# nvalues = 77                          
# units = specified
# name 0 = latitude: Latitude [deg]
# name 1 = longitude: Longitude [deg]
# name 2 = timeJ: Julian Days
# name 3 = t090C: Temperature [ITS-90, deg C]
# name 4 = c0S/m: Conductivity [S/m]
# name 5 = prDM: Pressure, Digiquartz [db]
# name 6 = sbeox0V: Oxygen raw, SBE 43 [V]
# name 7 = dz/dtM: Descent Rate [m/s]
# name 8 = flECO-AFL: Fluorescence, WET Labs ECO-AFL/FL [mg/m^3]
# name 9 = upoly0: Upoly 0, Turbidity Sensor
# name 10 = sal00: Salinity, Practical [PSU]
# name 11 = sbox0Mm/Kg: Oxygen, SBE 43 [umol/kg]
# name 12 = depSM: Depth [salt water, m]
# name 13 = flag: flag
# span 0 =   58.31195,   58.31212       
# span 1 =   11.77086,   11.77120       
# span 2 =  39.426209,  39.427532       
# span 3 =     6.9880,    15.9242       
# span 4 =   2.764544,   4.043840       
# span 5 =      1.009,     39.369       
# span 6 =     0.5343,     2.3985       
# span 7 =      0.055,      0.545       
# span 8 =     0.0713,     1.5330       
# span 9 =  0.8545624,  1.6561247       
# span 10 =    21.6516,    33.0459      
# span 11 =      4.043,    262.417      
# span 12 =      1.000,     39.000      
# span 13 = 0.0000e+00, 0.0000e+00      
# interval = meters: 0.5                
# start_time = Feb 08 2000 10:12:54 [NMEA time, header]
# bad_flag = -9.990e-29
*END*
   58.31195   11.77086  39.426209    14.7190   2.764544      1.009     2.3906      0.055     1.5330  0.8659083    21.6516    262.417      1.000 0.0000e+00
   58.31200   11.77094  39.426622    14.7205   2.764821      1.514     2.3900      0.248     1.5310  0.8975084    21.6530    262.244      1.500 0.0000e+00
   58.31200   11.77094  39.426630    14.7246   2.765634      2.019     2.3902      0.369     1.4707  0.9201327    21.6576    262.383      2.000 0.0000e+00
   58.31200   11.77094  39.426642    14.7401   2.768700      2.523     2.3902      0.470     1.4438  0.9099962    21.6753    262.275      2.500 0.0000e+00
   58.31200   11.77095  39.426653    14.7798   2.775856      3.028     2.3915      0.497     1.4691  0.9103205    21.7147    262.330      3.000 0.0000e+00
   58.31200   11.77096  39.426665    14.9345   2.803414      3.533     2.3919      0.497     1.4059  0.9101328    21.8652    261.365      3.500 0.0000e+00
   58.31200   11.77096  39.426678    15.1442   2.850027      4.038     2.3941      0.483     1.2190  0.8902509    22.1469    259.998      4.000 0.0000e+00
   58.31200   11.77096  39.426691    15.1647   2.871541      4.542     2.3985      0.451     0.9793  0.8545624    22.3192    260.905      4.500 0.0000e+00
   58.31200   11.77098  39.426703    15.2036   2.901370      5.047     2.3934      0.451     0.9197  0.8715583    22.5522    258.567      5.000 0.0000e+00
   58.31200   11.77098  39.426714    15.2202   2.937053      5.552     2.3789      0.507     0.8635  0.8922413    22.8480    253.534      5.500 0.0000e+00
   58.31200   11.77098  39.426727    15.3742   3.007864      6.056     2.3549      0.493     0.7301  1.0406123    23.3641    246.608      6.000 0.0000e+00
   58.31200   11.77098  39.426738    15.3065   3.098170      6.561     2.3156      0.497     0.6003  1.0994338    24.1807    237.370      6.500 0.0000e+00
   58.31200   11.77098  39.426748    15.4121   3.171777      7.066     2.2429      0.539     0.5244  1.0057762    24.7486    219.986      7.000 0.0000e+00
   58.31200   11.77098  39.426759    15.7677   3.262191      7.570     2.1224      0.542     0.4677  1.1972595    25.3005    191.837      7.500 0.0000e+00
   58.31200   11.77098  39.426771    15.2567   3.368478      8.075     1.9519      0.515     0.4219  1.4040529    26.5593    157.177      8.000 0.0000e+00
   58.31200   11.77098  39.426784    14.2669   3.396626      8.580     1.7238      0.475     0.3561  1.0555615    27.4898    115.819      8.500 0.0000e+00
   58.31200   11.77100  39.426796    13.7039   3.398188      9.084     1.4424      0.469     0.2587  1.0137053    27.9079     64.717      9.000 0.0000e+00
   58.31200   11.77100  39.426808    13.6384   3.426683      9.590     1.1666      0.478     0.2099  0.9939066    28.2152     18.583      9.500 0.0000e+00
   58.31202   11.77100  39.426821    13.7667   3.476263     10.094     0.9854      0.472     0.1960  0.9602217    28.5716      9.986     10.000 0.0000e+00
   58.31202   11.77100  39.426833    13.9869   3.537793     10.599     0.9011      0.467     0.1725  0.8978143    28.9669     24.282     10.500 0.0000e+00
   58.31202   11.77100  39.426845    14.0563   3.569234     11.103     0.8699      0.477     0.1515  0.8563392    29.1999     35.271     11.000 0.0000e+00
   58.31202   11.77100  39.426855    14.0908   3.586773     11.608     0.8738      0.534     0.1539  0.8816231    29.3328     45.753     11.500 0.0000e+00
   58.31202   11.77100  39.426867    14.0285   3.604198     12.113     0.8923      0.523     0.1658  0.9032557    29.5386     55.017     12.000 0.0000e+00
   58.31202   11.77100  39.426880    14.1069   3.639348     12.618     0.9126      0.475     0.1394  0.8959354    29.7977     59.230     12.500 0.0000e+00
   58.31202   11.77100  39.426893    14.2602   3.677169     13.122     0.9345      0.456     0.1312  0.9194411    30.0222     61.655     13.000 0.0000e+00
   58.31202   11.77101  39.426905    14.6520   3.747192     13.627     0.9675      0.474     0.1435  0.9465396    30.3499     67.228     13.500 0.0000e+00
   58.31202   11.77102  39.426917    14.9649   3.810640     14.132     1.0089      0.488     0.1376  0.9758069    30.6747     74.360     14.000 0.0000e+00
   58.31202   11.77102  39.426928    15.0249   3.833347     14.637     1.0646      0.493     0.1147  1.0080894    30.8307     83.795     14.500 0.0000e+00
   58.31202   11.77102  39.426939    15.1883   3.868937     15.141     1.1345      0.517     0.1184  0.9751194    31.0196     96.709     15.000 0.0000e+00
   58.31202   11.77102  39.426950    15.3879   3.905389     15.646     1.2012      0.534     0.1224  1.0034418    31.1858    106.534     15.500 0.0000e+00
   58.31202   11.77102  39.426961    15.5551   3.936089     16.151     1.2639      0.532     0.1225  0.9895451    31.3256    112.781     16.000 0.0000e+00
   58.31202   11.77102  39.426972    15.3851   3.925402     16.655     1.3229      0.532     0.1291  0.9581147    31.3659    119.854     16.500 0.0000e+00
   58.31204   11.77104  39.426984    15.1925   3.911784     17.160     1.3869      0.519     0.1349  0.9582512    31.3982    128.684     17.000 0.0000e+00
   58.31204   11.77104  39.426995    15.2988   3.928594     17.665     1.4302      0.510     0.1228  0.9725841    31.4629    132.234     17.500 0.0000e+00
   58.31204   11.77104  39.427007    15.4777   3.955449     18.170     1.4418      0.503     0.1155  0.9924151    31.5585    126.292     18.000 0.0000e+00
   58.31204   11.77104  39.427019    15.4632   3.959018     18.674     1.4465      0.484     0.1289  1.0041720    31.6018    121.855     18.500 0.0000e+00
   58.31204   11.77106  39.427032    15.5165   3.973204     19.179     1.4709      0.462     0.1264  0.9912653    31.6848    127.103     19.000 0.0000e+00
   58.31204   11.77106  39.427044    15.7430   4.007916     19.684     1.4930      0.472     0.1306  0.9863444    31.8101    131.151     19.500 0.0000e+00
   58.31204   11.77106  39.427056    15.8946   4.030860     20.189     1.5111      0.487     0.1256  0.9927517    31.8906    131.697     20.000 0.0000e+00
   58.31204   11.77106  39.427068    15.9242   4.043840     20.693     1.5391      0.495     0.1303  1.0084346    31.9811    135.998     20.500 0.0000e+00
   58.31204   11.77106  39.427079    15.7757   4.032026     21.198     1.5733      0.510     0.1332  1.0166865    31.9965    143.008     21.000 0.0000e+00
   58.31204   11.77106  39.427090    15.4382   3.999440     21.703     1.5989      0.532     0.1192  1.0094450    31.9807    147.545     21.500 0.0000e+00
   58.31206   11.77106  39.427100    15.1790   3.972344     22.208     1.6084      0.543     0.1119  1.0087775    31.9493    146.882     22.000 0.0000e+00
   58.31206   11.77106  39.427111    14.9201   3.946695     22.712     1.5955      0.545     0.1156  1.0167828    31.9300    141.102     22.500 0.0000e+00
   58.31206   11.77108  39.427123    14.3125   3.884946     23.217     1.5682      0.526     0.1167  1.0061634    31.8681    134.289     23.000 0.0000e+00
   58.31206   11.77108  39.427135    14.0909   3.869581     23.722     1.5283      0.489     0.1240  0.9941033    31.9104    126.703     23.500 0.0000e+00
   58.31206   11.77108  39.427147    13.6255   3.828730     24.227     1.4780      0.481     0.1091  0.9860357    31.9197    118.083     24.000 0.0000e+00
   58.31206   11.77108  39.427159    13.1193   3.778986     24.731     1.4292      0.475     0.1164  0.9665908    31.8789    111.668     24.500 0.0000e+00
   58.31206   11.77108  39.427172    12.1868   3.688049     25.236     1.3814      0.466     0.1153  0.9582045    31.8030    107.785     25.000 0.0000e+00
   58.31206   11.77109  39.427185    11.0299   3.582081     25.741     1.3272      0.457     0.1103  1.1691379    31.7645    101.685     25.500 0.0000e+00
   58.31206   11.77110  39.427197     8.5856   3.394897     26.246     1.2631      0.472     0.1190  1.0512302    32.0296     92.500     26.000 0.0000e+00
   58.31207   11.77110  39.427209     7.7874   3.352772     26.750     1.1807      0.478     0.1132  0.9078611    32.3138     75.388     26.500 0.0000e+00
   58.31208   11.77110  39.427222     7.6614   3.352647     27.255     1.0661      0.471     0.1103  0.8919553    32.4294     49.157     27.000 0.0000e+00
   58.31208   11.77110  39.427234     7.5279   3.350521     27.760     0.9384      0.469     0.0995  0.9923766    32.5311     19.956     27.500 0.0000e+00
   58.31208   11.77110  39.427246     7.3794   3.347089     28.265     0.8396      0.485     0.1096  0.9669523    32.6334      8.087     28.000 0.0000e+00
   58.31208   11.77110  39.427258     7.3228   3.345576     28.769     0.7669      0.496     0.1098  0.8580302    32.6701      7.034     28.500 0.0000e+00
   58.31208   11.77110  39.427269     7.2656   3.344431     29.274     0.7173      0.498     0.0975  0.9157680    32.7116      8.440     29.000 0.0000e+00
   58.31208   11.77110  39.427281     7.2071   3.344043     29.779     0.6821      0.499     0.0753  0.8593329    32.7625     10.799     29.500 0.0000e+00
   58.31208   11.77110  39.427293     7.1738   3.344349     30.284     0.6547      0.505     0.0819  0.9004404    32.7973     10.641     30.000 0.0000e+00
   58.31208   11.77112  39.427304     7.1675   3.344128     30.788     0.6364      0.517     0.0922  0.9140340    32.8005     10.652     30.500 0.0000e+00
   58.31208   11.77112  39.427315     7.1569   3.343623     31.293     0.6217      0.513     0.0917  0.9312374    32.8049     11.239     31.000 0.0000e+00
   58.31210   11.77112  39.427327     7.1384   3.343953     31.798     0.6087      0.509     0.0928  0.9388572    32.8258     10.406     31.500 0.0000e+00
   58.31210   11.77112  39.427338     7.1171   3.344138     32.303     0.5969      0.514     0.1033  0.9503463    32.8479      9.006     32.000 0.0000e+00
   58.31210   11.77112  39.427349     7.0816   3.344106     32.807     0.5888      0.527     0.0869  0.9526983    32.8812      8.611     32.500 0.0000e+00
   58.31210   11.77112  39.427360     7.0564   3.345735     33.312     0.5810      0.544     0.0764  0.9414481    32.9227      8.397     33.000 0.0000e+00
   58.31210   11.77113  39.427370     7.0244   3.347757     33.817     0.5734      0.533     0.0926  0.9805618    32.9752      7.263     33.500 0.0000e+00
   58.31210   11.77114  39.427382     7.0237   3.347627     34.322     0.5664      0.530     0.0955  1.1250772    32.9742      6.362     34.000 0.0000e+00
   58.31210   11.77115  39.427394     7.0218   3.347609     34.827     0.5609      0.518     0.0779  1.1648343    32.9756      6.112     34.500 0.0000e+00
   58.31210   11.77116  39.427409     7.0170   3.348015     35.331     0.5549      0.384     0.0869  1.1915192    32.9844      5.810     35.000 0.0000e+00
   58.31210   11.77116  39.427425     7.0114   3.348404     35.836     0.5503      0.365     0.0791  1.0739037    32.9938      5.634     35.500 0.0000e+00
   58.31210   11.77117  39.427442     7.0067   3.348680     36.341     0.5466      0.349     0.0798  1.0914513    33.0011      5.344     36.000 0.0000e+00
   58.31210   11.77118  39.427457     7.0049   3.348655     36.846     0.5437      0.385     0.0859  1.1389865    33.0023      5.071     36.500 0.0000e+00
   58.31212   11.77118  39.427471     7.0004   3.349388     37.350     0.5411      0.405     0.0822  1.4575740    33.0144      4.782     37.000 0.0000e+00
   58.31212   11.77119  39.427487     6.9903   3.350486     37.856     0.5389      0.383     0.0904  1.2730825    33.0358      4.561     37.500 0.0000e+00
   58.31212   11.77120  39.427504     6.9911   3.351234     38.360     0.5369      0.348     0.0954  1.5909064    33.0429      4.448     38.000 0.0000e+00
   58.31212   11.77120  39.427521     6.9880   3.351254     38.864     0.5351      0.335     0.0774  1.6561247    33.0459      4.182     38.500 0.0000e+00
   58.31212   11.77120  39.427532     6.9880   3.351229     39.369     0.5343      0.370     0.0713  1.5715529    33.0455      4.043     39.000 0.0000e+00
