data/2019/Station5.cnv
* Sea-Bird SBE 9 Data File:
* FileName = Z:\MAR440_2409\Station5.hex
* Software Version Seasave V 7.20a
* Temperature SN = 4766
* Conductivity SN = 3059
* Number of Bytes Per Scan = 34
* Number of Voltage Words = 5
* Number of Scans Averaged by the Deck Unit = 1
* NMEA Latitude = 58 19.57 N
* NMEA Longitude = 011 50.84 E
* NMEA UTC (Time) = Feb 08 2000  11:20:50
** StationNumber: 5
** BottomDepth: 14
# nquan = 14
# nvalues = 23                          
# units = specified
# name 0 = latitude: Latitude [deg]
# name 1 = longitude: Longitude [deg]
# name 2 = timeJ: Julian Days
# name 3 = t090C: Temperature [ITS-90, deg C]
# name 4 = c0S/m: Conductivity [S/m]
# name 5 = prDM: Pressure, Digiquartz [db]
# name 6 = sbeox0V: Oxygen raw, SBE 43 [V]
# name 7 = dz/dtM: Descent Rate [m/s]
# name 8 = flECO-AFL: Fluorescence, WET Labs ECO-AFL/FL [mg/m^3]
# name 9 = upoly0: Upoly 0, Turbidity Sensor
# name 10 = sal00: Salinity, Practical [PSU]
# name 11 = sbox0Mm/Kg: Oxygen, SBE 43 [umol/kg]
# name 12 = depSM: Depth [salt water, m]
# name 13 = flag: flag
# span 0 =   58.32630,   58.32634       
# span 1 =   11.84728,   11.84733       
# span 2 =  39.473285,  39.474064       
# span 3 =    13.8616,    15.6952       
# span 4 =   2.689342,   3.679401       
# span 5 =      1.009,     12.113       
# span 6 =     0.7984,     2.2722       
# span 7 =      0.025,      0.354       
# span 8 =     0.1392,     2.0639       
# span 9 =  0.9475951,  1.6871049       
# span 10 =    20.8960,    29.7973      
# span 11 =     29.056,    246.485      
# span 12 =      1.000,     12.000      
# span 13 = 0.0000e+00, 0.0000e+00      
# interval = meters: 0.5                
# start_time = Feb 08 2000 11:20:50 [NMEA time, header]
# bad_flag = -9.990e-29
*END*
   58.32631   11.84733  39.473285    14.9228   2.689342      1.009     2.2606      0.025     2.0280  1.1840139    20.8960    244.738      1.000 0.0000e+00
   58.32630   11.84730  39.473700    14.9395   2.700279      1.514     2.2687      0.231     2.0639  1.2082970    20.9803    246.485      1.500 0.0000e+00
   58.32630   11.84730  39.473699    15.0355   2.764767      2.019     2.2713      0.314     1.6445  1.2086874    21.4789    244.996      2.000 0.0000e+00
   58.32630   11.84730  39.473716    15.0660   2.788044      2.523     2.2722      0.351     1.5603  1.2373548    21.6610    244.420      2.500 0.0000e+00
   58.32631   11.84730  39.473732    15.0752   2.795700      3.028     2.2624      0.354     1.6661  1.2060518    21.7212    241.445      3.000 0.0000e+00
   58.32632   11.84730  39.473749    15.1487   2.839739      3.533     2.2545      0.349     1.5522  1.2280740    22.0564    239.144      3.500 0.0000e+00
   58.32632   11.84730  39.473766    15.2218   2.886041      4.038     2.2489      0.346     1.4742  1.1866779    22.4109    238.017      4.000 0.0000e+00
   58.32632   11.84730  39.473784    15.2512   2.902881      4.542     2.2402      0.329     1.3425  1.2076428    22.5380    236.204      4.500 0.0000e+00
   58.32632   11.84730  39.473802    15.3231   2.937547      5.047     2.2264      0.327     0.9811  1.1438243    22.7926    232.766      5.000 0.0000e+00
   58.32632   11.84730  39.473820    15.6952   3.170776      5.552     2.2100      0.325     0.5500  1.3636112    24.5641    225.619      5.500 0.0000e+00
   58.32634   11.84730  39.473837    15.6904   3.247646      6.056     2.0867      0.329     0.3087  1.6871049    25.2259    196.419      6.000 0.0000e+00
   58.32634   11.84729  39.473855    15.5868   3.280948      6.561     1.8011      0.324     0.2868  1.6557791    25.5787    129.956      6.500 0.0000e+00
   58.32634   11.84728  39.473874    15.4164   3.307662      7.066     1.5631      0.317     0.2810  1.5045127    25.9205    103.702      7.000 0.0000e+00
   58.32634   11.84728  39.473892    15.2627   3.324885      7.570     1.4046      0.320     0.2618  1.4319544    26.1714     94.917      7.500 0.0000e+00
   58.32632   11.84730  39.473911    15.1334   3.338761      8.075     1.2795      0.312     0.2624  1.4890187    26.3792     84.208      8.000 0.0000e+00
   58.32632   11.84730  39.473930    14.3299   3.399113      8.580     1.1827      0.302     0.2566  1.3738798    27.4699     76.619      8.500 0.0000e+00
   58.32630   11.84730  39.473950    14.0009   3.424111      9.085     1.0660      0.296     0.2658  1.1090805    27.9273     59.384      9.000 0.0000e+00
   58.32630   11.84730  39.473970    13.9026   3.450098      9.589     0.9032      0.297     0.2247  1.0184629    28.2340     29.061      9.500 0.0000e+00
   58.32630   11.84730  39.473990    13.8616   3.471991     10.094     0.8180      0.291     0.2081  1.0331762    28.4629     29.056     10.000 0.0000e+00
   58.32630   11.84730  39.474010    14.0112   3.534612     10.599     0.7984      0.296     0.1674  0.9709845    28.9194     35.898     10.500 0.0000e+00
   58.32630   11.84730  39.474031    14.3435   3.595025     11.104     0.8188      0.277     0.1467  0.9497705    29.2162     44.401     11.000 0.0000e+00
   58.32632   11.84730  39.474052    14.6178   3.660315     11.608     0.8765      0.275     0.1392  0.9475951    29.5960     56.977     11.500 0.0000e+00
   58.32630   11.84730  39.474064    14.5785   3.679401     12.113     0.9112      0.295     0.1486  1.0045825    29.7973     61.911     12.000 0.0000e+00
