data/2019/Station2.cnv
* Sea-Bird SBE 9 Data File:
* FileName = Z:\MAR440_2409\Station2.hex
* Software Version Seasave V 7.20a
* Temperature SN = 4766
* Conductivity SN = 3059
* Number of Bytes Per Scan = 34
* Number of Voltage Words = 5
* Number of Scans Averaged by the Deck Unit = 1
* NMEA Latitude = 58 19.69 N
* NMEA Longitude = 011 51.35 E
* NMEA UTC (Time) = Feb 08 2000  09:16:08
** StationNumber: 2
** BottomDepth: 19
# nquan = 14
# nvalues = 34                          
# units = specified
# name 0 = latitude: Latitude [deg]
# name 1 = longitude: Longitude [deg]
# name 2 = timeJ: Julian Days
# name 3 = t090C: Temperature [ITS-90, deg C]
# name 4 = c0S/m: Conductivity [S/m]
# name 5 = prDM: Pressure, Digiquartz [db]
# name 6 = sbeox0V: Oxygen raw, SBE 43 [V]
# name 7 = dz/dtM: Descent Rate [m/s]
# name 8 = flECO-AFL: Fluorescence, WET Labs ECO-AFL/FL [mg/m^3]
# name 9 = upoly0: Upoly 0, Turbidity Sensor
# name 10 = sal00: Salinity, Practical [PSU]
# name 11 = sbox0Mm/Kg: Oxygen, SBE 43 [umol/kg]
# name 12 = depSM: Depth [salt water, m]
# name 13 = flag: flag
# span 0 =   58.32820,   58.32824       
# span 1 =   11.85590,   11.85590       
# span 2 =  39.386507,  39.387522       
# span 3 =    11.2478,    15.9237       
# span 4 =   2.680972,   3.606291       
# span 5 =      0.505,     17.160       
# span 6 =     0.7228,     2.2676       
# span 7 =      0.004,      0.310       
# span 8 =     0.1493,     1.8597       
# span 9 =  0.8790154,  1.3380041       
# span 10 =    20.8487,    29.9992      
# span 11 =     28.986,    246.099      
# span 12 =      0.500,     17.000      
# span 13 = 0.0000e+00, 0.0000e+00      
# interval = meters: 0.5                
# start_time = Feb 08 2000 09:16:08 [NMEA time, header]
# bad_flag = -9.990e-29
*END*
   58.32822   11.85590  39.386507    14.8777   2.680972      0.505     2.2594      0.019     1.8130  1.1043687    20.8487    244.749      0.500 0.0000e+00
   58.32822   11.85590  39.386782    14.8835   2.682786      1.009     2.2676      0.200     1.8597  1.1431808    20.8610    246.099      1.000 0.0000e+00
   58.32822   11.85590  39.386796    14.8856   2.689394      1.514     2.2666      0.226     1.8206  1.1515001    20.9162    245.506      1.500 0.0000e+00
   58.32822   11.85590  39.386820    14.8913   2.703480      2.019     2.2639      0.251     1.7805  1.1475878    21.0334    244.618      2.000 0.0000e+00
   58.32822   11.85590  39.386841    15.0266   2.760816      2.523     2.2595      0.266     1.7267  1.1229941    21.4495    242.368      2.500 0.0000e+00
   58.32822   11.85590  39.386861    15.3828   2.896299      3.028     2.2585      0.301     1.4074  1.1116460    22.4071    239.312      3.000 0.0000e+00
   58.32822   11.85590  39.386880    15.5907   2.972002      3.533     2.2315      0.310     1.1282  1.1125117    22.9319    230.791      3.500 0.0000e+00
   58.32822   11.85590  39.386900    15.6835   3.010718      4.038     2.1678      0.281     0.9288  1.0813178    23.2070    216.154      4.000 0.0000e+00
   58.32821   11.85590  39.386922    15.6877   3.013647      4.542     2.1031      0.271     0.6729  1.0751428    23.2293    207.329      4.500 0.0000e+00
   58.32820   11.85590  39.386945    15.6872   3.016049      5.047     2.0634      0.255     0.6299  1.0589438    23.2498    205.627      5.000 0.0000e+00
   58.32820   11.85590  39.386965    15.6813   3.013084      5.552     2.0446      0.291     0.6275  1.0945412    23.2280    205.082      5.500 0.0000e+00
   58.32821   11.85590  39.386985    15.7972   3.083247      6.056     2.0397      0.297     0.5243  1.1922423    23.7553    205.175      6.000 0.0000e+00
   58.32822   11.85590  39.387007    15.9237   3.160598      6.561     1.9995      0.258     0.3507  1.2592956    24.3363    194.762      6.500 0.0000e+00
   58.32822   11.85590  39.387030    15.8660   3.213278      7.066     1.8785      0.254     0.3304  1.0565427    24.8206    167.941      7.000 0.0000e+00
   58.32822   11.85590  39.387050    15.8127   3.241139      7.571     1.7618      0.298     0.2912  0.9833580    25.0920    151.148      7.500 0.0000e+00
   58.32822   11.85590  39.387069    15.7196   3.274163      8.075     1.6475      0.307     0.3001  0.9281797    25.4342    135.244      8.000 0.0000e+00
   58.32822   11.85590  39.387088    15.3971   3.318071      8.580     1.5453      0.301     0.2890  0.8790154    26.0234    124.365      8.500 0.0000e+00
   58.32821   11.85590  39.387108    15.1591   3.338002      9.085     1.4031      0.299     0.3243  0.9167439    26.3545    100.475      9.000 0.0000e+00
   58.32821   11.85590  39.387127    14.8503   3.365172      9.589     1.2341      0.296     0.2483  1.1215650    26.8022     73.024      9.500 0.0000e+00
   58.32822   11.85590  39.387147    14.6790   3.381068     10.094     1.1117      0.297     0.2347  1.3029383    27.0613     62.927     10.000 0.0000e+00
   58.32822   11.85590  39.387167    14.1997   3.429587     10.599     1.0206      0.300     0.2344  1.3380041    27.8330     55.577     10.500 0.0000e+00
   58.32822   11.85590  39.387187    13.9501   3.442364     11.103     0.9415      0.289     0.2038  1.2132069    28.1287     47.512     11.000 0.0000e+00
   58.32822   11.85590  39.387207    13.8671   3.439321     11.608     0.8758      0.286     0.2068  1.0999217    28.1615     40.312     11.500 0.0000e+00
   58.32822   11.85590  39.387228    13.8324   3.437555     12.113     0.8402      0.288     0.2021  1.0552435    28.1707     40.047     12.000 0.0000e+00
   58.32822   11.85590  39.387248    13.5819   3.430263     12.618     0.8233      0.285     0.1972  1.0137136    28.2886     40.744     12.500 0.0000e+00
   58.32822   11.85590  39.387268    13.4530   3.457430     13.122     0.8088      0.286     0.1763  1.0500476    28.6329     39.355     13.000 0.0000e+00
   58.32823   11.85590  39.387288    13.4219   3.467837     13.627     0.7961      0.295     0.1493  1.0057902    28.7517     37.596     13.500 0.0000e+00
   58.32824   11.85590  39.387308    13.2192   3.467331     14.132     0.7981      0.291     0.1966  0.9992409    28.9002     40.376     14.000 0.0000e+00
   58.32824   11.85590  39.387328    13.2737   3.494493     14.637     0.7966      0.292     0.1758  1.0299438    29.1092     39.684     14.500 0.0000e+00
   58.32824   11.85590  39.387348    13.6661   3.568425     15.141     0.7947      0.299     0.1668  1.1732653    29.4886     38.750     15.000 0.0000e+00
   58.32822   11.85590  39.387367    13.6466   3.606291     15.646     0.8126      0.300     0.1523  1.2566268    29.8515     43.845     15.500 0.0000e+00
   58.32822   11.85590  39.387388    12.4292   3.514142     16.151     0.8614      0.288     0.2119  1.2751112    29.9513     56.854     16.000 0.0000e+00
   58.32822   11.85590  39.387417    11.2478   3.420003     16.655     0.8468      0.185     0.2334  1.2247020    29.9992     44.851     16.500 0.0000e+00
   58.32822   11.85590  39.387522    11.9565   3.448368     17.160     0.7228      0.004     0.2672  1.1217564    29.7047     28.986     17.000 0.0000e+00
