code/data/2019/Station1.cnv
* Sea-Bird SBE 9 Data File:
* FileName = Z:\MAR440_2409\Station1.hex
* Software Version Seasave V 7.20a
* Temperature SN = 4766
* Conductivity SN = 3059
* Number of Bytes Per Scan = 34
* Number of Voltage Words = 5
* Number of Scans Averaged by the Deck Unit = 1
* NMEA Latitude = 58 19.96 N
* NMEA Longitude = 011 52.30 E
* NMEA UTC (Time) = Feb 08 2000  08:36:10
** StationNumber: 1
** BottomDepth: 46.3
# nquan = 14
# nvalues = 87                          
# units = specified
# name 0 = latitude: Latitude [deg]
# name 1 = longitude: Longitude [deg]
# name 2 = timeJ: Julian Days
# name 3 = t090C: Temperature [ITS-90, deg C]
# name 4 = c0S/m: Conductivity [S/m]
# name 5 = prDM: Pressure, Digiquartz [db]
# name 6 = sbeox0V: Oxygen raw, SBE 43 [V]
# name 7 = dz/dtM: Descent Rate [m/s]
# name 8 = flECO-AFL: Fluorescence, WET Labs ECO-AFL/FL [mg/m^3]
# name 9 = upoly0: Upoly 0, Turbidity Sensor
# name 10 = sal00: Salinity, Practical [PSU]
# name 11 = sbox0Mm/Kg: Oxygen, SBE 43 [umol/kg]
# name 12 = depSM: Depth [salt water, m]
# name 13 = flag: flag
# span 0 =   58.33289,   58.33298       
# span 1 =   11.87168,   11.87194       
# span 2 =  39.358724,  39.360080       
# span 3 =     8.1913,    15.9649       
# span 4 =   2.803977,   3.527654       
# span 5 =      1.009,     44.418       
# span 6 =     0.5231,     2.1909       
# span 7 =      0.039,      0.593       
# span 8 =     0.1583,     3.5650       
# span 9 =  0.7866906,  2.0410556       
# span 10 =    21.7535,    32.3402      
# span 11 =      2.659,    234.131      
# span 12 =      1.000,     44.000      
# span 13 = 0.0000e+00, 0.0000e+00      
# interval = meters: 0.5                
# start_time = Feb 08 2000 08:36:10 [NMEA time, header]
# bad_flag = -9.990e-29
*END*
   58.33289   11.87168  39.358724    15.2260   2.847648      1.009     2.1382      0.039     1.0204  0.9848020    22.0810    224.836      1.000 0.0000e+00
   58.33294   11.87170  39.358961    15.1916   2.833230      1.514     2.1524      0.325     1.0027  1.0181300    21.9775    234.072      1.500 0.0000e+00
   58.33294   11.87170  39.358962    15.1439   2.803977      2.019     2.1590      0.331     1.0633  1.0315862    21.7535    229.745      2.000 0.0000e+00
   58.33294   11.87170  39.358978    15.5512   2.881293      2.523     2.1532      0.371     1.1464  0.9978566    22.1834    223.576      2.500 0.0000e+00
   58.33294   11.87170  39.358992    15.6653   2.942498      3.028     2.1736      0.398     0.9537  0.9475181    22.6392    227.864      3.000 0.0000e+00
   58.33294   11.87171  39.359004    15.5462   2.979377      3.533     2.1909      0.447     0.7903  0.9758288    23.0207    234.131      3.500 0.0000e+00
   58.33294   11.87172  39.359016    15.6980   3.018298      4.038     2.1731      0.506     0.7088  0.9758992    23.2626    224.690      4.000 0.0000e+00
   58.33295   11.87172  39.359028    15.9605   3.108152      4.542     2.1407      0.491     0.4724  1.0286746    23.8696    212.110      4.500 0.0000e+00
   58.33296   11.87172  39.359041    15.9649   3.179759      5.047     2.1103      0.460     0.2927  1.0939213    24.4744    207.516      5.000 0.0000e+00
   58.33296   11.87172  39.359053    15.7888   3.235069      5.552     2.0338      0.468     0.2817  0.9701173    25.0562    191.405      5.500 0.0000e+00
   58.33296   11.87172  39.359064    15.5743   3.267247      6.056     1.9306      0.511     0.2654  0.9054857    25.4688    168.183      6.000 0.0000e+00
   58.33296   11.87172  39.359076    15.5245   3.317211      6.561     1.7961      0.501     0.2469  0.8664435    25.9322    143.863      6.500 0.0000e+00
   58.33296   11.87172  39.359089    15.2797   3.335322      7.066     1.6268      0.462     0.2903  0.8808064    26.2512    115.387      7.000 0.0000e+00
   58.33296   11.87174  39.359103    14.9386   3.351874      7.571     1.4420      0.437     0.2535  0.8654735    26.6257     87.033      7.500 0.0000e+00
   58.33296   11.87174  39.359117    14.7375   3.358832      8.075     1.2726      0.414     0.2330  0.8508683    26.8244     67.383      8.000 0.0000e+00
   58.33296   11.87174  39.359131    14.5175   3.375441      8.580     1.1398      0.408     0.2362  0.8453820    27.1238     56.372      8.500 0.0000e+00
   58.33297   11.87174  39.359142    14.3903   3.387448      9.085     1.0610      0.465     0.2237  0.8557214    27.3198     51.143      9.000 0.0000e+00
   58.33298   11.87174  39.359152    14.3039   3.398498      9.590     1.0065      0.544     0.2102  0.8792348    27.4795     49.121      9.500 0.0000e+00
   58.33298   11.87174  39.359162    14.2318   3.410380     10.094     0.9612      0.583     0.2007  0.9012711    27.6372     46.421     10.000 0.0000e+00
   58.33298   11.87174  39.359172    14.1175   3.419763     10.599     0.9253      0.593     0.1892  0.9156988    27.8034     44.152     10.500 0.0000e+00
   58.33298   11.87174  39.359183    13.8669   3.421399     11.103     0.8939      0.557     0.1842  0.9345269    27.9994     43.031     11.000 0.0000e+00
   58.33298   11.87176  39.359197    13.5711   3.428938     11.608     0.8656      0.457     0.1759  0.9272130    28.2846     42.225     11.500 0.0000e+00
   58.33298   11.87176  39.359212    13.6002   3.444582     12.113     0.8379      0.397     0.1916  0.9288690    28.4059     39.604     12.000 0.0000e+00
   58.33298   11.87176  39.359226    13.5383   3.439578     12.618     0.8177      0.406     0.1583  0.9366116    28.4059     37.605     12.500 0.0000e+00
   58.33298   11.87176  39.359238    13.6107   3.448466     13.122     0.8101      0.453     0.1637  0.9157146    28.4333     38.725     13.000 0.0000e+00
   58.33298   11.87176  39.359250    13.6960   3.462111     13.627     0.8038      0.499     0.1824  0.9469763    28.4943     38.966     13.500 0.0000e+00
   58.33298   11.87178  39.359262    13.7311   3.508894     14.132     0.7997      0.501     0.1715  0.9625210    28.8949     38.534     14.000 0.0000e+00
   58.33298   11.87178  39.359275    13.0201   3.527654     14.637     0.8010      0.457     0.1754  1.0405004    29.6142     40.349     14.500 0.0000e+00
   58.33298   11.87178  39.359289    12.0826   3.476434     15.141     0.8131      0.417     0.1834  1.1572576    29.8704     44.907     15.000 0.0000e+00
   58.33297   11.87179  39.359303    11.6912   3.445778     15.646     0.8223      0.406     0.2024  1.1614769    29.8904     47.937     15.500 0.0000e+00
   58.33296   11.87180  39.359316    11.2110   3.403987     16.151     0.8112      0.441     0.2182  1.1529375    29.8733     42.358     16.000 0.0000e+00
   58.33296   11.87180  39.359327     9.6906   3.289786     16.656     0.7972      0.506     0.2292  1.1256119    29.9915     38.529     16.500 0.0000e+00
   58.33296   11.87180  39.359337     8.5920   3.249981     17.160     0.7817      0.554     0.4268  1.1643674    30.5152     35.754     17.000 0.0000e+00
   58.33296   11.87180  39.359347     8.3019   3.255271     17.665     0.7585      0.566     0.8934  1.1821229    30.8218     30.747     17.500 0.0000e+00
   58.33296   11.87180  39.359358     8.2678   3.275473     18.170     0.7236      0.553     1.5818  1.2621566    31.0637     21.415     18.000 0.0000e+00
   58.33296   11.87181  39.359371     8.1913   3.306771     18.674     0.6857      0.493     2.3096  1.5555271    31.4610     13.659     18.500 0.0000e+00
   58.33296   11.87182  39.359387     8.1943   3.322143     19.179     0.6521      0.388     2.8229  1.6377042    31.6203     12.088     19.000 0.0000e+00
   58.33296   11.87182  39.359402     8.2078   3.327308     19.684     0.6294      0.377     3.1378  1.7451393    31.6624     11.580     19.500 0.0000e+00
   58.33296   11.87182  39.359414     8.2253   3.332087     20.188     0.6139      0.435     3.2298  1.8327955    31.6968     10.694     20.000 0.0000e+00
   58.33296   11.87182  39.359427     8.2571   3.339874     20.693     0.6007      0.478     3.3290  1.8697283    31.7499      9.495     20.500 0.0000e+00
   58.33296   11.87182  39.359438     8.3063   3.349511     21.198     0.5898      0.491     3.4585  1.9099986    31.8068      8.444     21.000 0.0000e+00
   58.33296   11.87182  39.359451     8.3553   3.357649     21.703     0.5798      0.471     3.5650  2.0295889    31.8478      7.741     21.500 0.0000e+00
   58.33296   11.87182  39.359466     8.4028   3.365105     22.208     0.5710      0.421     3.4883  2.0410556    31.8830      7.096     22.000 0.0000e+00
   58.33296   11.87182  39.359480     8.4564   3.373196     22.712     0.5641      0.409     3.4076  2.0222821    31.9192      6.624     22.500 0.0000e+00
   58.33296   11.87184  39.359493     8.4960   3.379056     23.217     0.5591      0.435     3.2365  1.9583775    31.9446      6.348     23.000 0.0000e+00
   58.33296   11.87184  39.359504     8.5225   3.382902     23.722     0.5551      0.478     3.1836  1.9852356    31.9608      6.019     23.500 0.0000e+00
   58.33296   11.87184  39.359515     8.5432   3.386005     24.227     0.5516      0.514     3.0193  1.9032982    31.9743      5.623     24.000 0.0000e+00
   58.33296   11.87184  39.359527     8.5752   3.390701     24.731     0.5490      0.529     2.7934  1.8142706    31.9943      5.470     24.500 0.0000e+00
   58.33296   11.87186  39.359539     8.6034   3.394812     25.236     0.5466      0.503     2.4077  1.6834556    32.0116      5.333     25.000 0.0000e+00
   58.33296   11.87186  39.359551     8.6178   3.397317     25.741     0.5441      0.471     2.1526  1.5932681    32.0245      5.092     25.500 0.0000e+00
   58.33296   11.87186  39.359565     8.6434   3.401227     26.245     0.5420      0.446     1.9828  1.5372777    32.0419      4.836     26.000 0.0000e+00
   58.33296   11.87186  39.359577     8.6811   3.406714     26.750     0.5401      0.453     1.7009  1.4834582    32.0649      4.661     26.500 0.0000e+00
   58.33296   11.87186  39.359589     8.7121   3.411432     27.255     0.5389      0.478     1.4020  1.4181660    32.0858      4.564     27.000 0.0000e+00
   58.33296   11.87186  39.359600     8.7407   3.416266     27.760     0.5371      0.513     1.1515  1.3852633    32.1101      4.283     27.500 0.0000e+00
   58.33296   11.87186  39.359611     8.7735   3.421746     28.265     0.5361      0.525     1.0111  1.4040237    32.1372      4.194     28.000 0.0000e+00
   58.33296   11.87186  39.359623     8.7953   3.425047     28.769     0.5347      0.503     0.8403  1.4030155    32.1517      3.995     28.500 0.0000e+00
   58.33296   11.87186  39.359636     8.8172   3.428755     29.274     0.5338      0.468     0.7534  1.4258487    32.1702      3.987     29.000 0.0000e+00
   58.33296   11.87187  39.359650     8.8225   3.430643     29.779     0.5330      0.436     0.6955  1.3506146    32.1849      3.949     29.500 0.0000e+00
   58.33296   11.87188  39.359663     8.8314   3.432413     30.283     0.5322      0.426     0.7262  1.2420206    32.1950      3.811     30.000 0.0000e+00
   58.33296   11.87188  39.359675     8.8381   3.433808     30.789     0.5313      0.461     0.6955  1.2116058    32.2032      3.727     30.500 0.0000e+00
   58.33296   11.87188  39.359687     8.8454   3.435300     31.293     0.5303      0.497     0.7074  1.1926634    32.2119      3.505     31.000 0.0000e+00
   58.33296   11.87188  39.359698     8.8604   3.438118     31.798     0.5298      0.515     0.6961  1.1715390    32.2273      3.427     31.500 0.0000e+00
   58.33296   11.87188  39.359710     8.8723   3.440508     32.303     0.5295      0.512     0.6438  1.1486683    32.2411      3.564     32.000 0.0000e+00
   58.33296   11.87188  39.359723     8.8843   3.442764     32.807     0.5287      0.461     0.6228  1.1001192    32.2535      3.382     32.500 0.0000e+00
   58.33296   11.87188  39.359740     8.8924   3.444756     33.312     0.5284      0.365     0.6151  1.0185987    32.2666      3.417     33.000 0.0000e+00
   58.33296   11.87188  39.359759     8.8986   3.445997     33.817     0.5277      0.309     0.5967  0.9608804    32.2736      3.285     33.500 0.0000e+00
   58.33296   11.87190  39.359773     8.9028   3.446943     34.322     0.5274      0.370     0.6121  0.9445053    32.2795      3.219     34.000 0.0000e+00
   58.33296   11.87190  39.359784     8.9133   3.448900     34.827     0.5274      0.482     0.6109  0.9313554    32.2900      3.343     34.500 0.0000e+00
   58.33296   11.87190  39.359796     8.9175   3.450077     35.331     0.5269      0.503     0.5831  0.8901864    32.2982      3.234     35.000 0.0000e+00
   58.33296   11.87190  39.359808     8.9198   3.450665     35.836     0.5266      0.477     0.6032  0.8899915    32.3020      3.099     35.500 0.0000e+00
   58.33296   11.87190  39.359821     8.9218   3.451202     36.341     0.5265      0.470     0.6106  0.9191115    32.3055      3.180     36.000 0.0000e+00
   58.33296   11.87190  39.359834     8.9220   3.451586     36.846     0.5260      0.453     0.5991  0.8815722    32.3091      3.023     36.500 0.0000e+00
   58.33296   11.87190  39.359847     8.9234   3.452015     37.350     0.5259      0.455     0.5981  0.8734830    32.3121      3.109     37.000 0.0000e+00
   58.33297   11.87190  39.359858     8.9268   3.452674     37.855     0.5255      0.481     0.5899  0.8490812    32.3156      2.990     37.500 0.0000e+00
   58.33298   11.87190  39.359870     8.9295   3.453294     38.360     0.5250      0.506     0.6228  0.8463105    32.3194      2.902     38.000 0.0000e+00
   58.33298   11.87190  39.359881     8.9314   3.453872     38.865     0.5249      0.515     0.5998  0.8644640    32.3234      2.906     38.500 0.0000e+00
   58.33298   11.87190  39.359893     8.9327   3.454404     39.369     0.5249      0.494     0.6119  0.8368790    32.3275      2.991     39.000 0.0000e+00
   58.33298   11.87191  39.359907     8.9337   3.454795     39.874     0.5249      0.445     0.6183  0.8330428    32.3305      3.016     39.500 0.0000e+00
   58.33298   11.87192  39.359926     8.9333   3.455019     40.379     0.5246      0.329     0.6278  0.8139320    32.3329      2.906     40.000 0.0000e+00
   58.33298   11.87192  39.359946     8.9310   3.455016     40.884     0.5244      0.278     0.6283  0.7924639    32.3347      2.904     40.500 0.0000e+00
   58.33298   11.87192  39.359963     8.9292   3.455030     41.389     0.5241      0.335     0.6368  0.7974418    32.3364      2.867     41.000 0.0000e+00
   58.33298   11.87192  39.359979     8.9277   3.455021     41.894     0.5239      0.362     0.6491  0.7933689    32.3374      2.761     41.500 0.0000e+00
   58.33298   11.87192  39.359997     8.9249   3.454933     42.398     0.5238      0.338     0.6443  0.8015255    32.3388      2.832     42.000 0.0000e+00
   58.33298   11.87192  39.360016     8.9236   3.454875     42.903     0.5237      0.302     0.6476  0.8010080    32.3391      2.813     42.500 0.0000e+00
   58.33298   11.87194  39.360035     8.9197   3.454618     43.408     0.5236      0.317     0.6443  0.7870023    32.3398      2.799     43.000 0.0000e+00
   58.33298   11.87194  39.360054     8.9190   3.454617     43.913     0.5234      0.315     0.6604  0.7866906    32.3402      2.747     43.500 0.0000e+00
   58.33298   11.87194  39.360080     8.9175   3.454509     44.418     0.5231      0.187     0.6517  0.7949151    32.3402      2.659     44.000 0.0000e+00
