code/data/2021/ctd_data_day3/station4d_ctm_fil_le.cnv
* Sea-Bird SBE 9 Data File:
* FileName = C:\Users\CTD-User\Desktop\MAR440\day3\station4d.hex
* Software Version Seasave V 7.26.2.13
* Temperature SN = 6313
* Conductivity SN = 4758
* Number of Bytes Per Scan = 37
* Number of Voltage Words = 4
* Number of Scans Averaged by the Deck Unit = 1
* NMEA Latitude = 58 19.57 N
* NMEA Longitude = 011 50.76 E
* NMEA UTC (Time) = Sep 23 2021 09:22:13
* NMEA baud rate = 4800
** Ship: Skagerrak
** Station: station4D
** Operator: Nicolas
# nquan = 9
# nvalues = 1887                        
# units = specified
# name 0 = scan: Scan Count
# name 1 = prDM: Pressure, Digiquartz [db]
# name 2 = t090C: Temperature [ITS-90, deg C]
# name 3 = c0S/m: Conductivity [S/m]
# name 4 = sbeox0V: Oxygen raw, SBE 43 [V]
# name 5 = sbeox1V: Oxygen raw, SBE 43, 2 [V]
# name 6 = flECO-AFL: Fluorescence, WET Labs ECO-AFL/FL [mg/m^3]
# name 7 = upoly0: Upoly 0, Turbidity
# name 8 = flag:  0.000e+00
# span 0 =          1,       1887       
# span 1 =      0.696,     12.878       
# span 2 =    13.8821,    15.7615       
# span 3 =   2.926252,   3.389260       
# span 4 =     1.6696,     2.7385       
# span 5 =     1.6682,     2.6416       
# span 6 =     0.0037,     0.0101       
# span 7 =  0.0900140,  0.1579594       
# span 8 = 0.0000e+00, 0.0000e+00       
# interval = seconds: 0.0416667
# start_time = Sep 23 2021 09:22:13 [NMEA time, header]
# bad_flag = -9.990e-29
*END*
[from data line 321]
        322      5.584    15.0838   2.970519     2.6395     2.5764     0.0059  0.1452907 -9.990e-29
        323      5.562    15.0834   2.970449     2.6406     2.5771     0.0059  0.1452492 -9.990e-29
        324      5.540    15.0830   2.970381     2.6417     2.5779     0.0059  0.1452092 -9.990e-29
        325      5.517    15.0825   2.970313     2.6428     2.5786     0.0059  0.1451702 -9.990e-29
        326      5.495    15.0821   2.970247     2.6438     2.5793     0.0059  0.1451320 -9.990e-29
        327      5.473    15.0817   2.970181     2.6449     2.5801     0.0059  0.1450944 -9.990e-29
        328      5.451    15.0813   2.970116     2.6459     2.5807     0.0059  0.1450572 -9.990e-29
        329      5.429    15.0808   2.970050     2.6469     2.5814     0.0059  0.1450199 -9.990e-29
        330      5.407    15.0804   2.969984     2.6479     2.5821     0.0059  0.1449824 -9.990e-29
        331      5.384    15.0799   2.969916     2.6489     2.5827     0.0059  0.1449445 -9.990e-29
        332      5.362    15.0795   2.969848     2.6498     2.5834     0.0059  0.1449067 -9.990e-29
        333      5.340    15.0790   2.969778     2.6508     2.5840     0.0059  0.1448695 -9.990e-29
        334      5.318    15.0785   2.969706     2.6517     2.5846     0.0059  0.1448319 -9.990e-29
        335      5.295    15.0781   2.969631     2.6526     2.5852     0.0059  0.1447929 -9.990e-29
        336      5.273    15.0775   2.969554     2.6535     2.5858     0.0059  0.1447520 -9.990e-29
        337      5.250    15.0770   2.969475     2.6544     2.5863     0.0059  0.1447090 -9.990e-29
        338      5.228    15.0765   2.969395     2.6552     2.5869     0.0059  0.1446645 -9.990e-29
        339      5.206    15.0760   2.969316     2.6561     2.5874     0.0059  0.1446199 -9.990e-29
        340      5.183    15.0755   2.969238     2.6569     2.5880     0.0059  0.1445765 -9.990e-29
        341      5.161    15.0751   2.969163     2.6577     2.5885     0.0059  0.1445357 -9.990e-29
        342      5.138    15.0747   2.969093     2.6585     2.5890     0.0059  0.1444982 -9.990e-29
        343      5.116    15.0743   2.969027     2.6593     2.5895     0.0059  0.1444636 -9.990e-29
        344      5.094    15.0740   2.968965     2.6601     2.5900     0.0059  0.1444317 -9.990e-29
        345      5.071    15.0736   2.968909     2.6608     2.5905     0.0059  0.1444023 -9.990e-29
        346      5.049    15.0733   2.968857     2.6616     2.5910     0.0059  0.1443751 -9.990e-29
        347      5.027    15.0731   2.968809     2.6623     2.5915     0.0059  0.1443501 -9.990e-29
        348      5.004    15.0728   2.968765     2.6630     2.5919     0.0059  0.1443270 -9.990e-29
        349      4.982    15.0726   2.968723     2.6638     2.5924     0.0059  0.1443056 -9.990e-29
        350      4.959    15.0724   2.968684     2.6645     2.5929     0.0059  0.1442859 -9.990e-29
        351      4.937    15.0722   2.968649     2.6652     2.5933     0.0059  0.1442676 -9.990e-29
        352      4.915    15.0721   2.968615     2.6658     2.5937     0.0059  0.1442506 -9.990e-29
        353      4.892    15.0719   2.968584     2.6665     2.5942     0.0059  0.1442349 -9.990e-29
        354      4.870    15.0717   2.968554     2.6671     2.5946     0.0059  0.1442203 -9.990e-29
        355      4.848    15.0716   2.968525     2.6678     2.5950     0.0059  0.1442076 -9.990e-29
        356      4.825    15.0714   2.968497     2.6684     2.5954     0.0059  0.1441975 -9.990e-29
        357      4.803    15.0712   2.968467     2.6690     2.5958     0.0059  0.1441891 -9.990e-29
        358      4.780    15.0711   2.968438     2.6696     2.5962     0.0059  0.1441815 -9.990e-29
        359      4.758    15.0709   2.968409     2.6702     2.5966     0.0059  0.1441746 -9.990e-29
        360      4.736    15.0707   2.968380     2.6708     2.5970     0.0059  0.1441684 -9.990e-29
        361      4.713    15.0706   2.968350     2.6714     2.5974     0.0059  0.1441629 -9.990e-29
        362      4.691    15.0704   2.968321     2.6719     2.5978     0.0059  0.1441580 -9.990e-29
        363      4.669    15.0702   2.968291     2.6725     2.5982     0.0059  0.1441537 -9.990e-29
        364      4.646    15.0701   2.968263     2.6731     2.5985     0.0059  0.1441499 -9.990e-29
        365      4.624    15.0699   2.968236     2.6736     2.5989     0.0059  0.1441467 -9.990e-29
        366      4.601    15.0698   2.968211     2.6741     2.5993     0.0059  0.1441440 -9.990e-29
        367      4.579    15.0697   2.968188     2.6747     2.5996     0.0059  0.1441417 -9.990e-29
        368      4.556    15.0696   2.968167     2.6752     2.6000     0.0059  0.1441399 -9.990e-29
        369      4.534    15.0695   2.968149     2.6757     2.6003     0.0059  0.1441386 -9.990e-29
        370      4.512    15.0694   2.968134     2.6762     2.6007     0.0059  0.1441377 -9.990e-29
        371      4.489    15.0694   2.968122     2.6767     2.6011     0.0059  0.1441373 -9.990e-29
        372      4.467    15.0694   2.968112     2.6772     2.6014     0.0059  0.1441373 -9.990e-29
        373      4.445    15.0694   2.968105     2.6777     2.6018     0.0059  0.1441377 -9.990e-29
        374      4.422    15.0694   2.968099     2.6782     2.6021     0.0059  0.1441385 -9.990e-29
        375      4.400    15.0694   2.968096     2.6787     2.6024     0.0059  0.1441399 -9.990e-29
        376      4.378    15.0694   2.968095     2.6792     2.6028     0.0059  0.1441416 -9.990e-29
        377      4.356    15.0694   2.968096     2.6797     2.6031     0.0059  0.1441439 -9.990e-29
        378      4.333    15.0694   2.968097     2.6801     2.6035     0.0059  0.1441466 -9.990e-29
        379      4.311    15.0695   2.968099     2.6806     2.6038     0.0059  0.1441498 -9.990e-29
        380      4.289    15.0695   2.968101     2.6811     2.6041     0.0059  0.1441535 -9.990e-29
        381      4.266    15.0696   2.968104     2.6815     2.6045     0.0059  0.1441578 -9.990e-29
        382      4.243    15.0696   2.968106     2.6820     2.6048     0.0059  0.1441627 -9.990e-29
        383      4.221    15.0696   2.968108     2.6824     2.6051     0.0059  0.1441682 -9.990e-29
        384      4.199    15.0697   2.968108     2.6828     2.6055     0.0059  0.1441743 -9.990e-29
        385      4.176    15.0697   2.968108     2.6833     2.6058     0.0059  0.1441811 -9.990e-29
        386      4.154    15.0697   2.968107     2.6837     2.6061     0.0059  0.1441887 -9.990e-29
        387      4.132    15.0698   2.968105     2.6841     2.6064     0.0059  0.1441971 -9.990e-29
        388      4.109    15.0698   2.968103     2.6845     2.6067     0.0059  0.1442063 -9.990e-29
        389      4.087    15.0698   2.968100     2.6849     2.6071     0.0059  0.1442164 -9.990e-29
        390      4.065    15.0698   2.968096     2.6853     2.6074     0.0059  0.1442267 -9.990e-29
        391      4.043    15.0699   2.968093     2.6857     2.6077     0.0059  0.1442355 -9.990e-29
        392      4.020    15.0699   2.968088     2.6861     2.6080     0.0059  0.1442420 -9.990e-29
        393      3.998    15.0699   2.968083     2.6865     2.6083     0.0059  0.1442471 -9.990e-29
        394      3.976    15.0699   2.968077     2.6869     2.6086     0.0059  0.1442517 -9.990e-29
        395      3.954    15.0699   2.968070     2.6873     2.6089     0.0059  0.1442550 -9.990e-29
        396      3.932    15.0699   2.968062     2.6876     2.6092     0.0059  0.1442562 -9.990e-29
        397      3.909    15.0699   2.968055     2.6880     2.6095     0.0057  0.1442552 -9.990e-29
        398      3.887    15.0699   2.968048     2.6883     2.6099     0.0059  0.1442521 -9.990e-29
        399      3.865    15.0699   2.968043     2.6887     2.6102     0.0059  0.1442469 -9.990e-29
        400      3.843    15.0699   2.968038     2.6890     2.6105     0.0059  0.1442394 -9.990e-29
        401      3.820    15.0699   2.968033     2.6893     2.6108     0.0059  0.1442297 -9.990e-29
        402      3.798    15.0699   2.968029     2.6896     2.6111     0.0059  0.1442177 -9.990e-29
        403      3.776    15.0699   2.968024     2.6899     2.6114     0.0059  0.1442032 -9.990e-29
        404      3.754    15.0699   2.968020     2.6903     2.6117     0.0059  0.1441863 -9.990e-29
        405      3.731    15.0699   2.968016     2.6905     2.6120     0.0059  0.1441667 -9.990e-29
        406      3.709    15.0699   2.968012     2.6908     2.6123     0.0059  0.1441444 -9.990e-29
        407      3.687    15.0699   2.968007     2.6911     2.6126     0.0059  0.1441192 -9.990e-29
        408      3.665    15.0699   2.968002     2.6914     2.6129     0.0059  0.1440909 -9.990e-29
        409      3.643    15.0699   2.967997     2.6916     2.6131     0.0059  0.1440593 -9.990e-29
        410      3.620    15.0699   2.967991     2.6919     2.6134     0.0059  0.1440242 -9.990e-29
        411      3.598    15.0699   2.967983     2.6921     2.6137     0.0059  0.1439853 -9.990e-29
        412      3.576    15.0699   2.967974     2.6924     2.6139     0.0059  0.1439425 -9.990e-29
        413      3.553    15.0699   2.967965     2.6926     2.6142     0.0059  0.1438953 -9.990e-29
        414      3.531    15.0699   2.967961     2.6928     2.6145     0.0059  0.1438435 -9.990e-29
        415      3.509    15.0699   2.967963     2.6931     2.6147     0.0059  0.1437883 -9.990e-29
        416      3.487    15.0699   2.967966     2.6933     2.6150     0.0059  0.1437346 -9.990e-29
        417      3.465    15.0698   2.967967     2.6935     2.6152     0.0059  0.1436870 -9.990e-29
        418      3.443    15.0698   2.967966     2.6937     2.6155     0.0059  0.1436469 -9.990e-29
        419      3.421    15.0697   2.967964     2.6939     2.6157     0.0059  0.1436140 -9.990e-29
        420      3.399    15.0696   2.967959     2.6941     2.6159     0.0059  0.1435881 -9.990e-29
        421      3.377    15.0696   2.967954     2.6943     2.6161     0.0059  0.1435691 -9.990e-29
        422      3.355    15.0695   2.967948     2.6945     2.6164     0.0059  0.1435558 -9.990e-29
        423      3.333    15.0694   2.967941     2.6947     2.6166     0.0059  0.1435474 -9.990e-29
        424      3.311    15.0693   2.967933     2.6949     2.6168     0.0059  0.1435447 -9.990e-29
        425      3.289    15.0693   2.967925     2.6951     2.6170     0.0059  0.1435486 -9.990e-29
        426      3.266    15.0692   2.967918     2.6953     2.6172     0.0059  0.1435589 -9.990e-29
        427      3.244    15.0691   2.967910     2.6955     2.6174     0.0059  0.1435759 -9.990e-29
        428      3.222    15.0690   2.967901     2.6957     2.6176     0.0059  0.1435995 -9.990e-29
        429      3.200    15.0689   2.967891     2.6959     2.6178     0.0059  0.1436301 -9.990e-29
        430      3.178    15.0688   2.967881     2.6961     2.6180     0.0059  0.1436678 -9.990e-29
        431      3.156    15.0687   2.967871     2.6963     2.6182     0.0059  0.1437128 -9.990e-29
        432      3.134    15.0686   2.967860     2.6965     2.6184     0.0059  0.1437655 -9.990e-29
        433      3.112    15.0685   2.967848     2.6967     2.6185     0.0059  0.1438263 -9.990e-29
        434      3.090    15.0684   2.967836     2.6969     2.6187     0.0059  0.1438955 -9.990e-29
        435      3.068    15.0683   2.967821     2.6970     2.6189     0.0059  0.1439737 -9.990e-29
        436      3.046    15.0682   2.967806     2.6972     2.6190     0.0059  0.1440613 -9.990e-29
        437      3.024    15.0680   2.967790     2.6974     2.6192     0.0059  0.1441591 -9.990e-29
        438      3.002    15.0679   2.967772     2.6976     2.6193     0.0059  0.1442676 -9.990e-29
        439      2.980    15.0677   2.967752     2.6977     2.6195     0.0059  0.1443877 -9.990e-29
        440      2.958    15.0675   2.967731     2.6979     2.6196     0.0059  0.1445193 -9.990e-29
        441      2.936    15.0673   2.967708     2.6981     2.6198     0.0059  0.1446574 -9.990e-29
        442      2.914    15.0671   2.967683     2.6983     2.6199     0.0059  0.1447919 -9.990e-29
        443      2.892    15.0669   2.967657     2.6984     2.6200     0.0059  0.1449161 -9.990e-29
        444      2.870    15.0666   2.967628     2.6986     2.6201     0.0059  0.1450292 -9.990e-29
        445      2.848    15.0663   2.967597     2.6988     2.6202     0.0059  0.1451319 -9.990e-29
        446      2.826    15.0660   2.967561     2.6990     2.6204     0.0059  0.1452250 -9.990e-29
        447      2.804    15.0657   2.967523     2.6992     2.6205     0.0059  0.1453091 -9.990e-29
        448      2.782    15.0654   2.967481     2.6994     2.6206     0.0059  0.1453848 -9.990e-29
        449      2.760    15.0650   2.967438     2.6996     2.6207     0.0059  0.1454526 -9.990e-29
        450      2.738    15.0647   2.967393     2.6998     2.6208     0.0059  0.1455130 -9.990e-29
        451      2.716    15.0643   2.967346     2.7000     2.6209     0.0059  0.1455665 -9.990e-29
        452      2.694    15.0640   2.967300     2.7002     2.6210     0.0059  0.1456133 -9.990e-29
        453      2.672    15.0636   2.967254     2.7004     2.6211     0.0059  0.1456539 -9.990e-29
        454      2.650    15.0632   2.967208     2.7006     2.6212     0.0059  0.1456885 -9.990e-29
        455      2.628    15.0629   2.967162     2.7008     2.6213     0.0059  0.1457172 -9.990e-29
        456      2.606    15.0625   2.967116     2.7010     2.6213     0.0059  0.1457405 -9.990e-29
        457      2.584    15.0621   2.967067     2.7012     2.6214     0.0059  0.1457583 -9.990e-29
        458      2.562    15.0617   2.967016     2.7014     2.6215     0.0059  0.1457709 -9.990e-29
        459      2.541    15.0613   2.966962     2.7016     2.6216     0.0059  0.1457783 -9.990e-29
        460      2.519    15.0609   2.966907     2.7018     2.6217     0.0059  0.1457805 -9.990e-29
        461      2.498    15.0604   2.966848     2.7020     2.6217     0.0059  0.1457777 -9.990e-29
        462      2.476    15.0599   2.966787     2.7022     2.6218     0.0059  0.1457696 -9.990e-29
        463      2.454    15.0595   2.966724     2.7024     2.6219     0.0059  0.1457564 -9.990e-29
        464      2.433    15.0590   2.966661     2.7026     2.6220     0.0059  0.1457379 -9.990e-29
        465      2.411    15.0585   2.966598     2.7028     2.6221     0.0059  0.1457140 -9.990e-29
        466      2.390    15.0581   2.966538     2.7030     2.6222     0.0057  0.1456854 -9.990e-29
        467      2.368    15.0577   2.966482     2.7032     2.6223     0.0057  0.1456552 -9.990e-29
        468      2.346    15.0573   2.966430     2.7034     2.6224     0.0057  0.1456275 -9.990e-29
        469      2.325    15.0570   2.966382     2.7036     2.6224     0.0057  0.1456038 -9.990e-29
        470      2.303    15.0566   2.966337     2.7038     2.6225     0.0057  0.1455840 -9.990e-29
        471      2.281    15.0563   2.966296     2.7040     2.6226     0.0057  0.1455679 -9.990e-29
        472      2.260    15.0560   2.966257     2.7042     2.6227     0.0057  0.1455562 -9.990e-29
        473      2.238    15.0557   2.966220     2.7044     2.6227     0.0055  0.1455497 -9.990e-29
        474      2.217    15.0554   2.966184     2.7046     2.6228     0.0057  0.1455476 -9.990e-29
        475      2.195    15.0551   2.966148     2.7047     2.6229     0.0057  0.1455489 -9.990e-29
        476      2.173    15.0548   2.966112     2.7049     2.6229     0.0057  0.1455536 -9.990e-29
        477      2.152    15.0545   2.966076     2.7051     2.6230     0.0057  0.1455619 -9.990e-29
        478      2.130    15.0542   2.966040     2.7053     2.6231     0.0057  0.1455737 -9.990e-29
        479      2.108    15.0539   2.966005     2.7055     2.6231     0.0057  0.1455891 -9.990e-29
        480      2.087    15.0536   2.965971     2.7057     2.6232     0.0057  0.1456083 -9.990e-29
