code/data/2021/ctd_data_day3/station3c.cnv
* Sea-Bird SBE 9 Data File:
* FileName = C:\Users\CTD-User\Desktop\MAR440\day3\station3c.hex
* Software Version Seasave V 7.26.2.13
* Temperature SN = 6313
* Conductivity SN = 4758
* Number of Bytes Per Scan = 37
* Number of Voltage Words = 4
* Number of Scans Averaged by the Deck Unit = 1
* NMEA Latitude = 58 19.70 N
* NMEA Longitude = 011 51.37 E
* NMEA UTC (Time) = Sep 23 2021 09:07:02
* NMEA baud rate = 4800
** Ship: Skagerrak
** Station: station3C
** Operator: Eva
# nquan = 9
# nvalues = 4697                                  
# units = specified
# name 0 = scan: Scan Count
# name 1 = prDM: Pressure, Digiquartz [db]
# name 2 = t090C: Temperature [ITS-90, deg C]
# name 3 = c0S/m: Conductivity [S/m]
# name 4 = sbeox0V: Oxygen raw, SBE 43 [V]
# name 5 = sbeox1V: Oxygen raw, SBE 43, 2 [V]
# name 6 = flECO-AFL: Fluorescence, WET Labs ECO-AFL/FL [mg/m^3]
# name 7 = upoly0: Upoly 0, Turbidity
# name 8 = flag:  0.000e+00
# span 0 =          1,       4697                 
# span 1 =      0.630,     19.095                 
# span 2 =     7.0204,    15.5591                 
# span 3 =   2.896240,   3.484227                 
# span 4 =     0.5883,     2.9487                 
# span 5 =     0.6079,     2.6361                 
# span 6 =     0.0038,     0.0258                 
# span 7 =  0.0888852,  0.1684945                 
# span 8 = 0.0000e+00, 0.0000e+00                 
# interval = seconds: 0.0416667
# start_time = Sep 23 2021 09:07:02 [NMEA time, header]
# bad_flag = -9.990e-29
*END*
[from data line 4161]
       4162     12.470    15.3644   3.315603     2.4237     2.3284     0.0040  0.1054908  0.000e+00
       4163     12.429    15.3631   3.316369     2.4200     2.3235     0.0040  0.1054908  0.000e+00
       4164     12.495    15.3612   3.317303     2.4200     2.3187     0.0044  0.0996300  0.000e+00
       4165     12.495    15.2518   3.319102     2.4261     2.3138     0.0046  0.0952344  0.000e+00
       4166     12.536    15.3480   3.322174     2.4078     2.3089     0.0046  0.0947460  0.000e+00
       4167     12.553    15.3315   3.326027     2.3992     2.3040     0.0046  0.0947460  0.000e+00
       4168     12.553    15.3186   3.330118     2.3980     2.2991     0.0046  0.0947460  0.000e+00
       4169     12.619    15.3060   3.333403     2.3968     2.2942     0.0046  0.0947460  0.000e+00
       4170     12.594    15.2940   3.335465     2.3907     2.2881     0.0046  0.0947460  0.000e+00
       4171     12.676    15.2756   3.337354     2.3858     2.2845     0.0046  0.0952344  0.000e+00
       4172     12.676    15.2820   3.339283     2.3907     2.2784     0.0046  0.0947460  0.000e+00
       4173     12.676    15.2715   3.340618     2.3724     2.2735     0.0046  0.0947460  0.000e+00
       4174     12.718    15.2715   3.341086     2.3663     2.2686     0.0046  0.0952344  0.000e+00
       4175     12.676    15.2695   3.341040     2.3638     2.2625     0.0046  0.0952344  0.000e+00
       4176     12.800    15.2190   3.341225     2.3712     2.2588     0.0046  0.0947460  0.000e+00
       4177     12.734    15.2491   3.342023     2.3516     2.2527     0.0046  0.0952344  0.000e+00
       4178     12.775    15.2369   3.343335     2.3443     2.2478     0.0046  0.0952344  0.000e+00
       4179     12.800    15.2021   3.344867     2.3443     2.2429     0.0046  0.0947460  0.000e+00
       4180     12.858    15.1565   3.347487     2.3419     2.2368     0.0046  0.0947460  0.000e+00
       4181     12.858    15.0609   3.350317     2.3419     2.2332     0.0046  0.0947460  0.000e+00
       4182     12.899    15.0986   3.352810     2.3272     2.2271     0.0048  0.0947460  0.000e+00
       4183     12.858    15.0908   3.354726     2.3186     2.2210     0.0046  0.0947460  0.000e+00
       4184     12.924    15.0671   3.356138     2.3174     2.2173     0.0046  0.0947460  0.000e+00
       4185     12.981    15.0327   3.357835     2.3125     2.2112     0.0046  0.0947460  0.000e+00
       4186     12.965    14.9782   3.359984     2.3174     2.2075     0.0046  0.0942576  0.000e+00
       4187     12.981    14.9682   3.361953     2.2979     2.2014     0.0046  0.0952344  0.000e+00
       4188     13.047    14.9235   3.363947     2.2954     2.1978     0.0046  0.0947460  0.000e+00
       4189     12.981    14.8368   3.366289     2.3028     2.1929     0.0044  0.0942576  0.000e+00
       4190     13.088    14.8499   3.368410     2.2832     2.1868     0.0040  0.0927924  0.000e+00
       4191     13.047    14.8238   3.370231     2.2759     2.1819     0.0038  0.0923040  0.000e+00
       4192     13.105    14.7471   3.372204     2.2820     2.1770     0.0038  0.0923040  0.000e+00
       4193     13.163    14.7878   3.373932     2.2722     2.1721     0.0038  0.0923040  0.000e+00
       4194     13.088    14.7531   3.375261     2.2613     2.1672     0.0038  0.0923040  0.000e+00
       4195     13.163    14.7272   3.376410     2.2588     2.1624     0.0038  0.0923040  0.000e+00
       4196     13.229    14.7047   3.377449     2.2539     2.1575     0.0038  0.0923040  0.000e+00
       4197     13.163    14.4527   3.378409     2.2564     2.1538     0.0038  0.0923040  0.000e+00
       4198     13.270    14.6665   3.379469     2.2490     2.1477     0.0038  0.0923040  0.000e+00
       4199     13.229    14.6265   3.380334     2.2344     2.1428     0.0038  0.0923040  0.000e+00
       4200     13.286    14.6004   3.380898     2.2320     2.1392     0.0038  0.0923040  0.000e+00
       4201     13.286    14.5697   3.381798     2.2295     2.1343     0.0038  0.0923040  0.000e+00
       4202     13.286    14.5317   3.382867     2.2246     2.1294     0.0038  0.0923040  0.000e+00
       4203     13.327    14.4780   3.384366     2.2197     2.1245     0.0038  0.0923040  0.000e+00
       4204     13.352    14.3441   3.386011     2.2185     2.1196     0.0038  0.0923040  0.000e+00
       4205     13.410    14.3460   3.387824     2.2087     2.1147     0.0040  0.0923040  0.000e+00
       4206     13.410    14.2785   3.389416     2.1953     2.1098     0.0038  0.0923040  0.000e+00
       4207     13.393    14.2012   3.390568     2.1953     2.1050     0.0038  0.0923040  0.000e+00
       4208     13.468    14.0133   3.391105     2.2026     2.1001     0.0040  0.0923040  0.000e+00
       4209     13.468    14.0729   3.391883     2.1819     2.0952     0.0038  0.0923040  0.000e+00
       4210     13.468    14.0317   3.392616     2.1758     2.0903     0.0038  0.0923040  0.000e+00
       4211     13.509    13.9022   3.392943     2.1819     2.0854     0.0038  0.0923040  0.000e+00
       4212     13.534    13.9958   3.393360     2.1685     2.0805     0.0038  0.0923040  0.000e+00
       4213     13.534    13.9754   3.393715     2.1587     2.0744     0.0038  0.0923040  0.000e+00
       4214     13.591    13.8904   3.394164     2.1660     2.0708     0.0038  0.0923040  0.000e+00
       4215     13.575    13.9260   3.394803     2.1465     2.0647     0.0038  0.0918156  0.000e+00
       4216     13.657    13.9045   3.395263     2.1428     2.0610     0.0038  0.0913272  0.000e+00
       4217     13.591    13.8958   3.395647     2.1477     2.0573     0.0038  0.0913272  0.000e+00
       4218     13.715    13.6622   3.395661     2.1404     2.0500     0.0040  0.0913272  0.000e+00
       4219     13.657    13.8514   3.395531     2.1245     2.0439     0.0038  0.0913272  0.000e+00
       4220     13.698    13.8378   3.395368     2.1221     2.0402     0.0038  0.0913272  0.000e+00
       4221     13.715    13.8293   3.395275     2.1196     2.0341     0.0038  0.0913272  0.000e+00
       4222     13.781    13.8227   3.395078     2.1159     2.0293     0.0038  0.0913272  0.000e+00
       4223     13.715    13.8106   3.394991     2.1086     2.0231     0.0038  0.0913272  0.000e+00
       4224     13.822    13.8008   3.395078     2.1025     2.0183     0.0038  0.0913272  0.000e+00
       4225     13.839    13.7938   3.394973     2.0976     2.0134     0.0038  0.0913272  0.000e+00
       4226     13.781    13.7853   3.394968     2.0915     2.0073     0.0038  0.0913272  0.000e+00
       4227     13.839    13.7769   3.394799     2.0879     2.0024     0.0038  0.0913272  0.000e+00
       4228     13.896    13.7700   3.394764     2.0805     1.9951     0.0038  0.0913272  0.000e+00
       4229     13.880    13.7652   3.394590     2.0732     1.9890     0.0038  0.0913272  0.000e+00
       4230     13.962    13.7610   3.394386     2.0671     1.9841     0.0038  0.0913272  0.000e+00
       4231     13.896    13.7554   3.394276     2.0634     1.9780     0.0038  0.0923040  0.000e+00
       4232     13.962    13.5767   3.394168     2.0659     1.9719     0.0038  0.0913272  0.000e+00
       4233     14.003    13.7365   3.393852     2.0488     1.9658     0.0038  0.0913272  0.000e+00
       4234     13.962    13.7280   3.393398     2.0439     1.9609     0.0038  0.0913272  0.000e+00
       4235     14.020    13.7154   3.392997     2.0354     1.9548     0.0038  0.0913272  0.000e+00
       4236     14.020    13.3280   3.392612     2.0354     1.9487     0.0038  0.0913272  0.000e+00
       4237     14.086    13.6853   3.391934     2.0219     1.9413     0.0038  0.0913272  0.000e+00
       4238     14.127    13.6593   3.391539     2.0146     1.9352     0.0038  0.0913272  0.000e+00
       4239     14.086    13.5875   3.391057     2.0207     1.9303     0.0038  0.0913272  0.000e+00
       4240     14.143    13.5971   3.390511     1.9999     1.9230     0.0038  0.0913272  0.000e+00
       4241     14.143    13.5580   3.390308     1.9963     1.9169     0.0038  0.0908388  0.000e+00
       4242     14.127    13.5108   3.391110     1.9951     1.9108     0.0038  0.0908388  0.000e+00
       4243     14.201    13.4057   3.392652     1.9963     1.9047     0.0038  0.0908388  0.000e+00
       4244     14.201    13.4244   3.394850     1.9767     1.8974     0.0038  0.0908388  0.000e+00
       4245     14.267    13.3991   3.396693     1.9682     1.8913     0.0038  0.0908388  0.000e+00
       4246     14.267    13.3744   3.398037     1.9670     1.8852     0.0038  0.0913272  0.000e+00
       4247     14.251    13.3345   3.398451     1.9621     1.8778     0.0038  0.0908388  0.000e+00
       4248     14.325    13.3028   3.398079     1.9560     1.8705     0.0038  0.0908388  0.000e+00
       4249     14.325    13.2892   3.397410     1.9474     1.8644     0.0038  0.0908388  0.000e+00
       4250     14.325    12.7431   3.396811     1.9474     1.8583     0.0038  0.0908388  0.000e+00
       4251     14.366    13.2672   3.395660     1.9377     1.8510     0.0038  0.0908388  0.000e+00
       4252     14.391    13.2210   3.394544     1.9230     1.8449     0.0038  0.0908388  0.000e+00
       4253     14.391    13.1952   3.393416     1.9193     1.8388     0.0038  0.0908388  0.000e+00
       4254     14.448    13.1787   3.392230     1.9145     1.8314     0.0038  0.0908388  0.000e+00
       4255     14.448    12.6940   3.391416     1.9169     1.8253     0.0038  0.0908388  0.000e+00
       4256     14.432    13.1546   3.390341     1.9035     1.8180     0.0040  0.0908388  0.000e+00
       4257     14.514    13.1464   3.389423     1.8888     1.8107     0.0038  0.0908388  0.000e+00
       4258     14.514    13.1375   3.388720     1.8852     1.8058     0.0038  0.0908388  0.000e+00
       4259     14.572    13.1228   3.388180     1.8803     1.7985     0.0038  0.0908388  0.000e+00
       4260     14.514    12.7149   3.387668     1.8864     1.7924     0.0040  0.0908388  0.000e+00
       4261     14.556    13.0950   3.387512     1.8644     1.7838     0.0038  0.0908388  0.000e+00
       4262     14.630    13.0744   3.387635     1.8558     1.7777     0.0038  0.0908388  0.000e+00
       4263     14.572    12.9360   3.387595     1.8632     1.7728     0.0038  0.0903504  0.000e+00
       4264     14.696    13.0259   3.388210     1.8497     1.7704     0.0038  0.0913272  0.000e+00
       4265     14.671    12.9974   3.390448     1.8388     1.7569     0.0038  0.0908388  0.000e+00
       4266     14.630    12.9500   3.393337     1.8265     1.7508     0.0038  0.0908388  0.000e+00
       4267     14.696    12.9216   3.395576     1.8229     1.7447     0.0038  0.0913272  0.000e+00
       4268     14.753    12.8964   3.397188     1.8192     1.7374     0.0038  0.0908388  0.000e+00
       4269     14.753    12.8673   3.398148     1.8119     1.7313     0.0038  0.0908388  0.000e+00
       4270     14.737    12.4616   3.399362     1.8168     1.7252     0.0040  0.0908388  0.000e+00
       4271     14.819    12.7957   3.400796     1.7997     1.7166     0.0038  0.0908388  0.000e+00
       4272     14.753    12.7566   3.402501     1.7862     1.7118     0.0038  0.0908388  0.000e+00
       4273     14.877    12.7219   3.403881     1.7826     1.7057     0.0038  0.0908388  0.000e+00
       4274     14.819    12.1479   3.404883     1.7850     1.6996     0.0038  0.0908388  0.000e+00
       4275     14.918    12.6797   3.405727     1.7753     1.6922     0.0040  0.0908388  0.000e+00
       4276     14.877    12.6355   3.406438     1.7606     1.6873     0.0038  0.0908388  0.000e+00
       4277     14.877    12.6236   3.407480     1.7557     1.6812     0.0038  0.0908388  0.000e+00
       4278     14.935    12.6176   3.408528     1.7521     1.6751     0.0038  0.0908388  0.000e+00
       4279     15.001    12.1132   3.409250     1.7557     1.6690     0.0038  0.0908388  0.000e+00
       4280     14.984    12.6023   3.409862     1.7374     1.6629     0.0038  0.0908388  0.000e+00
       4281     15.001    12.5919   3.410655     1.7276     1.6580     0.0038  0.0908388  0.000e+00
       4282     15.001    12.4918   3.411442     1.7313     1.6519     0.0038  0.0903504  0.000e+00
       4283     15.059    12.5728   3.412094     1.7130     1.6458     0.0038  0.0908388  0.000e+00
       4284     15.059    12.5602   3.412851     1.7105     1.6397     0.0038  0.0908388  0.000e+00
       4285     15.042    12.4030   3.413879     1.7166     1.6348     0.0038  0.0908388  0.000e+00
       4286     15.125    12.5193   3.415766     1.6983     1.6275     0.0038  0.0908388  0.000e+00
       4287     15.125    12.4847   3.419054     1.6898     1.6226     0.0038  0.0908388  0.000e+00
       4288     15.182    12.4571   3.423149     1.6873     1.6177     0.0038  0.0908388  0.000e+00
       4289     15.182    12.4290   3.428167     1.6837     1.6116     0.0038  0.0908388  0.000e+00
       4290     15.166    12.2068   3.434575     1.6873     1.6067     0.0038  0.0903504  0.000e+00
       4291     15.182    12.3584   3.441282     1.6654     1.6006     0.0038  0.0908388  0.000e+00
       4292     15.248    12.3216   3.447153     1.6592     1.5945     0.0040  0.0908388  0.000e+00
       4293     15.248    12.2992   3.451664     1.6592     1.5909     0.0040  0.0913272  0.000e+00
       4294     15.306    11.6999   3.454937     1.6592     1.5848     0.0040  0.0908388  0.000e+00
       4295     15.290    12.2840   3.457033     1.6470     1.5787     0.0040  0.0908388  0.000e+00
       4296     15.306    12.2593   3.458427     1.6385     1.5738     0.0040  0.0908388  0.000e+00
       4297     15.364    12.2476   3.459675     1.6263     1.5677     0.0040  0.0908388  0.000e+00
       4298     15.364    12.2444   3.460799     1.8742     1.8449     0.0070  0.0981648  0.000e+00
       4299     15.364    11.5894   3.461820     1.6287     1.5579     0.0040  0.0908388  0.000e+00
       4300     15.413    12.2204   3.463161     1.6116     1.5518     0.0040  0.0908388  0.000e+00
       4301     15.430    12.2071   3.464644     1.6092     1.5469     0.0040  0.0908388  0.000e+00
       4302     15.487    12.1152   3.466104     1.6141     1.5420     0.0040  0.0908388  0.000e+00
       4303     15.430    12.1580   3.467757     1.5957     1.5359     0.0040  0.0908388  0.000e+00
       4304     15.487    12.1275   3.469915     1.5896     1.5323     0.0040  0.0908388  0.000e+00
       4305     15.529    12.0825   3.471840     1.5872     1.5262     0.0040  0.0908388  0.000e+00
       4306     15.553    12.0454   3.473336     1.5823     1.5213     0.0040  0.0908388  0.000e+00
       4307     15.553    11.8643   3.474975     1.5848     1.5164     0.0040  0.0908388  0.000e+00
       4308     15.611    12.0103   3.476476     1.5750     1.5115     0.0040  0.0908388  0.000e+00
       4309     15.611    12.0050   3.478008     1.5616     1.5066     0.0040  0.0908388  0.000e+00
       4310     15.595    12.0026   3.479628     1.5591     1.5017     0.0040  0.0913272  0.000e+00
       4311     15.611    12.0010   3.481254     1.5555     1.4968     0.0040  0.0908388  0.000e+00
       4312     15.669    11.9912   3.482617     1.5493     1.4907     0.0040  0.0908388  0.000e+00
       4313     15.735    11.2882   3.483600     1.5555     1.4871     0.0040  0.0908388  0.000e+00
       4314     15.669    11.9513   3.484091     1.5359     1.4810     0.0040  0.0908388  0.000e+00
       4315     15.735    11.9253   3.484227     1.5298     1.4773     0.0040  0.0908388  0.000e+00
       4316     15.776    11.8923   3.484174     1.5261     1.4724     0.0040  0.0908388  0.000e+00
       4317     15.793    11.8582   3.483846     1.5286     1.4724     0.0042  0.0903504  0.000e+00
       4318     15.793    11.3206   3.483212     1.5249     1.4627     0.0040  0.0893736  0.000e+00
       4319     15.793    11.7983   3.482043     1.5176     1.4578     0.0040  0.0893736  0.000e+00
       4320     15.858    11.7368   3.480453     1.5017     1.4529     0.0040  0.0893736  0.000e+00
