code/data/2021/ctd_data_day3/station3c_ctm_fil_le.cnv
* Sea-Bird SBE 9 Data File:
* FileName = C:\Users\CTD-User\Desktop\MAR440\day3\station3c.hex
* Software Version Seasave V 7.26.2.13
* Temperature SN = 6313
* Conductivity SN = 4758
* Number of Bytes Per Scan = 37
* Number of Voltage Words = 4
* Number of Scans Averaged by the Deck Unit = 1
* NMEA Latitude = 58 19.70 N
* NMEA Longitude = 011 51.37 E
* NMEA UTC (Time) = Sep 23 2021 09:07:02
* NMEA baud rate = 4800
** Ship: Skagerrak
** Station: station3C
** Operator: Eva
# nquan = 9
# nvalues = 4697                        
# units = specified
# name 0 = scan: Scan Count
# name 1 = prDM: Pressure, Digiquartz [db]
# name 2 = t090C: Temperature [ITS-90, deg C]
# name 3 = c0S/m: Conductivity [S/m]
# name 4 = sbeox0V: Oxygen raw, SBE 43 [V]
# name 5 = sbeox1V: Oxygen raw, SBE 43, 2 [V]
# name 6 = flECO-AFL: Fluorescence, WET Labs ECO-AFL/FL [mg/m^3]
# name 7 = upoly0: Upoly 0, Turbidity
# name 8 = flag:  0.000e+00
# span 0 =          1,       4697       
# span 1 =      0.749,     19.037       
# span 2 =     7.9937,    15.4890       
# span 3 =   2.901777,   3.455814       
# span 4 =     0.5983,     2.9333       
# span 5 =     0.6122,     2.6359       
# span 6 =     0.0038,     0.0258       
# span 7 =  0.0890841,  0.1655471       
# span 8 = 0.0000e+00, 0.0000e+00       
# interval = seconds: 0.0416667
# start_time = Sep 23 2021 09:07:02 [NMEA time, header]
# bad_flag = -9.990e-29
*END*
[from data line 3041]
       3042      0.922    15.0860   2.962832     2.7234     2.6311     0.0053  0.1544213 -9.990e-29
       3043      0.923    15.0860   2.962834     2.7233     2.6310     0.0053  0.1543818 -9.990e-29
       3044      0.924    15.0861   2.962836     2.7233     2.6310     0.0053  0.1543428 -9.990e-29
       3045      0.925    15.0861   2.962836     2.7232     2.6310     0.0053  0.1543038 -9.990e-29
       3046      0.926    15.0861   2.962836     2.7232     2.6310     0.0053  0.1542646 -9.990e-29
       3047      0.927    15.0862   2.962836     2.7231     2.6309     0.0053  0.1542258 -9.990e-29
       3048      0.928    15.0862   2.962836     2.7231     2.6309     0.0053  0.1541880 -9.990e-29
       3049      0.928    15.0862   2.962835     2.7231     2.6309     0.0053  0.1541500 -9.990e-29
       3050      0.929    15.0863   2.962836     2.7231     2.6309     0.0053  0.1541117 -9.990e-29
       3051      0.929    15.0863   2.962837     2.7230     2.6308     0.0053  0.1540735 -9.990e-29
       3052      0.930    15.0864   2.962838     2.7230     2.6308     0.0053  0.1540343 -9.990e-29
       3053      0.930    15.0865   2.962841     2.7230     2.6307     0.0053  0.1539931 -9.990e-29
       3054      0.930    15.0866   2.962846     2.7229     2.6307     0.0053  0.1539496 -9.990e-29
       3055      0.930    15.0867   2.962852     2.7229     2.6306     0.0053  0.1539025 -9.990e-29
       3056      0.930    15.0868   2.962860     2.7229     2.6306     0.0053  0.1538508 -9.990e-29
       3057      0.930    15.0869   2.962869     2.7229     2.6306     0.0053  0.1537957 -9.990e-29
       3058      0.929    15.0870   2.962880     2.7229     2.6305     0.0053  0.1537378 -9.990e-29
       3059      0.929    15.0871   2.962893     2.7228     2.6305     0.0053  0.1536749 -9.990e-29
       3060      0.929    15.0873   2.962908     2.7228     2.6305     0.0053  0.1536057 -9.990e-29
       3061      0.928    15.0874   2.962924     2.7228     2.6305     0.0053  0.1535306 -9.990e-29
       3062      0.928    15.0875   2.962942     2.7228     2.6304     0.0053  0.1534499 -9.990e-29
       3063      0.927    15.0877   2.962959     2.7228     2.6304     0.0053  0.1533623 -9.990e-29
       3064      0.927    15.0878   2.962976     2.7228     2.6304     0.0053  0.1532663 -9.990e-29
       3065      0.926    15.0879   2.962992     2.7227     2.6304     0.0053  0.1531620 -9.990e-29
       3066      0.926    15.0881   2.963007     2.7227     2.6304     0.0053  0.1530512 -9.990e-29
       3067      0.926    15.0882   2.963022     2.7227     2.6304     0.0053  0.1529375 -9.990e-29
       3068      0.926    15.0883   2.963037     2.7227     2.6304     0.0053  0.1528268 -9.990e-29
       3069      0.925    15.0885   2.963052     2.7227     2.6304     0.0053  0.1527244 -9.990e-29
       3070      0.925    15.0886   2.963067     2.7227     2.6304     0.0053  0.1526320 -9.990e-29
       3071      0.925    15.0887   2.963080     2.7226     2.6304     0.0053  0.1525499 -9.990e-29
       3072      0.925    15.0888   2.963092     2.7226     2.6304     0.0053  0.1524767 -9.990e-29
       3073      0.925    15.0889   2.963101     2.7226     2.6304     0.0053  0.1524109 -9.990e-29
       3074      0.925    15.0889   2.963109     2.7226     2.6305     0.0053  0.1523521 -9.990e-29
       3075      0.925    15.0889   2.963114     2.7226     2.6305     0.0053  0.1523000 -9.990e-29
       3076      0.925    15.0890   2.963119     2.7226     2.6305     0.0053  0.1522542 -9.990e-29
       3077      0.926    15.0890   2.963124     2.7226     2.6305     0.0053  0.1522142 -9.990e-29
       3078      0.926    15.0890   2.963128     2.7227     2.6306     0.0053  0.1521799 -9.990e-29
       3079      0.926    15.0891   2.963133     2.7227     2.6306     0.0053  0.1521511 -9.990e-29
       3080      0.926    15.0891   2.963139     2.7227     2.6306     0.0053  0.1521275 -9.990e-29
       3081      0.927    15.0892   2.963144     2.7227     2.6307     0.0053  0.1521089 -9.990e-29
       3082      0.927    15.0892   2.963149     2.7227     2.6307     0.0053  0.1520953 -9.990e-29
       3083      0.927    15.0893   2.963155     2.7227     2.6308     0.0053  0.1520865 -9.990e-29
       3084      0.928    15.0894   2.963162     2.7228     2.6308     0.0053  0.1520824 -9.990e-29
       3085      0.928    15.0894   2.963171     2.7228     2.6309     0.0053  0.1520831 -9.990e-29
       3086      0.928    15.0895   2.963180     2.7228     2.6310     0.0053  0.1520886 -9.990e-29
       3087      0.928    15.0895   2.963190     2.7228     2.6311     0.0053  0.1520988 -9.990e-29
       3088      0.928    15.0896   2.963200     2.7228     2.6311     0.0053  0.1521139 -9.990e-29
       3089      0.928    15.0897   2.963210     2.7229     2.6312     0.0053  0.1521340 -9.990e-29
       3090      0.927    15.0898   2.963221     2.7229     2.6313     0.0053  0.1521591 -9.990e-29
       3091      0.926    15.0898   2.963233     2.7229     2.6314     0.0053  0.1521896 -9.990e-29
       3092      0.926    15.0899   2.963244     2.7230     2.6314     0.0053  0.1522255 -9.990e-29
       3093      0.925    15.0901   2.963257     2.7230     2.6315     0.0053  0.1522655 -9.990e-29
       3094      0.924    15.0902   2.963269     2.7230     2.6316     0.0053  0.1523055 -9.990e-29
       3095      0.922    15.0903   2.963282     2.7231     2.6317     0.0053  0.1523425 -9.990e-29
       3096      0.921    15.0905   2.963295     2.7231     2.6318     0.0053  0.1523767 -9.990e-29
       3097      0.920    15.0907   2.963310     2.7231     2.6318     0.0053  0.1524092 -9.990e-29
       3098      0.919    15.0909   2.963327     2.7232     2.6319     0.0053  0.1524394 -9.990e-29
       3099      0.917    15.0911   2.963345     2.7232     2.6320     0.0053  0.1524675 -9.990e-29
       3100      0.916    15.0913   2.963366     2.7233     2.6321     0.0053  0.1524953 -9.990e-29
       3101      0.914    15.0915   2.963390     2.7233     2.6322     0.0053  0.1525240 -9.990e-29
       3102      0.913    15.0916   2.963416     2.7233     2.6323     0.0053  0.1525528 -9.990e-29
       3103      0.912    15.0918   2.963445     2.7234     2.6323     0.0053  0.1525803 -9.990e-29
       3104      0.911    15.0920   2.963473     2.7234     2.6324     0.0053  0.1526059 -9.990e-29
       3105      0.910    15.0921   2.963501     2.7235     2.6325     0.0053  0.1526296 -9.990e-29
       3106      0.910    15.0923   2.963528     2.7235     2.6326     0.0053  0.1526525 -9.990e-29
       3107      0.909    15.0924   2.963554     2.7236     2.6327     0.0053  0.1526756 -9.990e-29
       3108      0.908    15.0925   2.963577     2.7236     2.6328     0.0053  0.1526991 -9.990e-29
       3109      0.908    15.0926   2.963598     2.7237     2.6328     0.0053  0.1527241 -9.990e-29
       3110      0.907    15.0926   2.963615     2.7237     2.6329     0.0053  0.1527514 -9.990e-29
       3111      0.907    15.0927   2.963629     2.7238     2.6330     0.0053  0.1527813 -9.990e-29
       3112      0.907    15.0927   2.963640     2.7238     2.6331     0.0053  0.1528132 -9.990e-29
       3113      0.906    15.0927   2.963648     2.7239     2.6331     0.0053  0.1528464 -9.990e-29
       3114      0.906    15.0927   2.963654     2.7239     2.6332     0.0053  0.1528820 -9.990e-29
       3115      0.906    15.0927   2.963657     2.7239     2.6332     0.0053  0.1529211 -9.990e-29
       3116      0.906    15.0926   2.963659     2.7240     2.6333     0.0053  0.1529640 -9.990e-29
       3117      0.906    15.0926   2.963658     2.7240     2.6333     0.0053  0.1530102 -9.990e-29
       3118      0.906    15.0925   2.963656     2.7241     2.6334     0.0053  0.1530573 -9.990e-29
       3119      0.905    15.0924   2.963651     2.7241     2.6334     0.0053  0.1531024 -9.990e-29
       3120      0.905    15.0923   2.963644     2.7241     2.6334     0.0053  0.1531432 -9.990e-29
       3121      0.904    15.0922   2.963635     2.7242     2.6335     0.0053  0.1531792 -9.990e-29
       3122      0.904    15.0921   2.963625     2.7242     2.6335     0.0053  0.1532105 -9.990e-29
       3123      0.903    15.0919   2.963613     2.7242     2.6335     0.0053  0.1532374 -9.990e-29
       3124      0.903    15.0917   2.963600     2.7243     2.6336     0.0053  0.1532601 -9.990e-29
       3125      0.902    15.0915   2.963584     2.7243     2.6336     0.0053  0.1532787 -9.990e-29
       3126      0.901    15.0913   2.963565     2.7243     2.6336     0.0053  0.1532935 -9.990e-29
       3127      0.900    15.0910   2.963543     2.7244     2.6337     0.0053  0.1533044 -9.990e-29
       3128      0.899    15.0908   2.963518     2.7244     2.6337     0.0053  0.1533115 -9.990e-29
       3129      0.898    15.0906   2.963490     2.7245     2.6337     0.0053  0.1533150 -9.990e-29
       3130      0.897    15.0903   2.963458     2.7245     2.6338     0.0053  0.1533148 -9.990e-29
       3131      0.896    15.0900   2.963425     2.7245     2.6338     0.0053  0.1533109 -9.990e-29
       3132      0.895    15.0898   2.963390     2.7246     2.6338     0.0053  0.1533034 -9.990e-29
       3133      0.894    15.0895   2.963355     2.7246     2.6339     0.0053  0.1532921 -9.990e-29
       3134      0.893    15.0893   2.963320     2.7246     2.6339     0.0053  0.1532769 -9.990e-29
       3135      0.892    15.0891   2.963285     2.7246     2.6339     0.0053  0.1532579 -9.990e-29
       3136      0.890    15.0888   2.963251     2.7247     2.6340     0.0053  0.1532347 -9.990e-29
       3137      0.889    15.0886   2.963218     2.7247     2.6340     0.0053  0.1532073 -9.990e-29
       3138      0.888    15.0885   2.963188     2.7247     2.6340     0.0053  0.1531755 -9.990e-29
       3139      0.887    15.0883   2.963161     2.7248     2.6341     0.0053  0.1531400 -9.990e-29
       3140      0.886    15.0882   2.963136     2.7248     2.6341     0.0053  0.1531012 -9.990e-29
       3141      0.884    15.0881   2.963113     2.7248     2.6342     0.0053  0.1530581 -9.990e-29
       3142      0.883    15.0879   2.963094     2.7248     2.6342     0.0053  0.1530096 -9.990e-29
       3143      0.882    15.0878   2.963076     2.7248     2.6342     0.0053  0.1529561 -9.990e-29
       3144      0.880    15.0877   2.963061     2.7248     2.6342     0.0053  0.1529007 -9.990e-29
       3145      0.879    15.0876   2.963048     2.7248     2.6343     0.0053  0.1528481 -9.990e-29
       3146      0.878    15.0875   2.963037     2.7248     2.6343     0.0053  0.1528005 -9.990e-29
       3147      0.877    15.0874   2.963031     2.7248     2.6343     0.0053  0.1527566 -9.990e-29
       3148      0.876    15.0873   2.963029     2.7248     2.6343     0.0053  0.1527154 -9.990e-29
       3149      0.874    15.0873   2.963032     2.7248     2.6343     0.0053  0.1526774 -9.990e-29
       3150      0.873    15.0873   2.963037     2.7248     2.6343     0.0053  0.1526440 -9.990e-29
       3151      0.872    15.0872   2.963044     2.7249     2.6343     0.0053  0.1526151 -9.990e-29
       3152      0.871    15.0872   2.963053     2.7249     2.6343     0.0053  0.1525886 -9.990e-29
       3153      0.870    15.0872   2.963063     2.7249     2.6343     0.0053  0.1525636 -9.990e-29
       3154      0.869    15.0872   2.963072     2.7249     2.6343     0.0053  0.1525399 -9.990e-29
       3155      0.869    15.0871   2.963081     2.7249     2.6343     0.0053  0.1525174 -9.990e-29
       3156      0.868    15.0871   2.963088     2.7249     2.6343     0.0053  0.1524958 -9.990e-29
       3157      0.868    15.0871   2.963095     2.7250     2.6343     0.0053  0.1524750 -9.990e-29
       3158      0.867    15.0871   2.963103     2.7250     2.6343     0.0053  0.1524550 -9.990e-29
       3159      0.867    15.0871   2.963111     2.7250     2.6343     0.0053  0.1524363 -9.990e-29
       3160      0.866    15.0871   2.963120     2.7250     2.6343     0.0053  0.1524205 -9.990e-29
       3161      0.866    15.0871   2.963131     2.7250     2.6343     0.0053  0.1524077 -9.990e-29
       3162      0.865    15.0871   2.963141     2.7250     2.6343     0.0053  0.1523958 -9.990e-29
       3163      0.865    15.0872   2.963153     2.7249     2.6343     0.0053  0.1523842 -9.990e-29
       3164      0.865    15.0872   2.963165     2.7249     2.6343     0.0053  0.1523734 -9.990e-29
       3165      0.865    15.0872   2.963178     2.7249     2.6343     0.0053  0.1523642 -9.990e-29
       3166      0.864    15.0872   2.963191     2.7249     2.6343     0.0053  0.1523567 -9.990e-29
       3167      0.864    15.0873   2.963205     2.7249     2.6344     0.0053  0.1523508 -9.990e-29
       3168      0.864    15.0873   2.963219     2.7248     2.6344     0.0053  0.1523455 -9.990e-29
       3169      0.864    15.0873   2.963234     2.7248     2.6344     0.0053  0.1523408 -9.990e-29
       3170      0.863    15.0873   2.963250     2.7248     2.6344     0.0053  0.1523384 -9.990e-29
       3171      0.863    15.0874   2.963270     2.7248     2.6344     0.0053  0.1523392 -9.990e-29
       3172      0.863    15.0875   2.963292     2.7247     2.6344     0.0053  0.1523431 -9.990e-29
       3173      0.863    15.0877   2.963318     2.7247     2.6344     0.0053  0.1523501 -9.990e-29
       3174      0.863    15.0879   2.963347     2.7246     2.6344     0.0053  0.1523604 -9.990e-29
       3175      0.862    15.0881   2.963379     2.7246     2.6344     0.0053  0.1523739 -9.990e-29
       3176      0.862    15.0883   2.963411     2.7245     2.6344     0.0053  0.1523908 -9.990e-29
       3177      0.861    15.0886   2.963445     2.7245     2.6344     0.0053  0.1524112 -9.990e-29
       3178      0.861    15.0888   2.963479     2.7244     2.6344     0.0053  0.1524352 -9.990e-29
       3179      0.861    15.0890   2.963512     2.7243     2.6344     0.0053  0.1524630 -9.990e-29
       3180      0.860    15.0892   2.963544     2.7241     2.6344     0.0053  0.1524949 -9.990e-29
       3181      0.860    15.0893   2.963574     2.7240     2.6344     0.0053  0.1525318 -9.990e-29
       3182      0.859    15.0895   2.963603     2.7240     2.6344     0.0053  0.1525748 -9.990e-29
       3183      0.859    15.0897   2.963629     2.7239     2.6344     0.0053  0.1526235 -9.990e-29
       3184      0.858    15.0898   2.963654     2.7238     2.6345     0.0053  0.1526773 -9.990e-29
       3185      0.858    15.0901   2.963678     2.7237     2.6345     0.0053  0.1527366 -9.990e-29
       3186      0.857    15.0903   2.963701     2.7237     2.6345     0.0053  0.1528017 -9.990e-29
       3187      0.857    15.0906   2.963724     2.7236     2.6345     0.0053  0.1528733 -9.990e-29
       3188      0.856    15.0909   2.963748     2.7235     2.6345     0.0053  0.1529525 -9.990e-29
       3189      0.856    15.0912   2.963772     2.7235     2.6345     0.0053  0.1530408 -9.990e-29
       3190      0.856    15.0915   2.963796     2.7234     2.6345     0.0053  0.1531380 -9.990e-29
       3191      0.855    15.0918   2.963821     2.7233     2.6345     0.0053  0.1532438 -9.990e-29
       3192      0.855    15.0921   2.963846     2.7233     2.6344     0.0053  0.1533591 -9.990e-29
       3193      0.855    15.0924   2.963871     2.7232     2.6344     0.0053  0.1534847 -9.990e-29
       3194      0.855    15.0927   2.963895     2.7232     2.6344     0.0053  0.1536204 -9.990e-29
       3195      0.854    15.0929   2.963918     2.7231     2.6344     0.0053  0.1537615 -9.990e-29
       3196      0.854    15.0931   2.963940     2.7231     2.6344     0.0053  0.1538977 -9.990e-29
       3197      0.854    15.0933   2.963959     2.7230     2.6344     0.0053  0.1540224 -9.990e-29
       3198      0.854    15.0935   2.963976     2.7230     2.6343     0.0053  0.1541347 -9.990e-29
       3199      0.854    15.0936   2.963991     2.7229     2.6343     0.0053  0.1542355 -9.990e-29
       3200      0.854    15.0937   2.964005     2.7229     2.6343     0.0053  0.1543263 -9.990e-29
