code/data/2021/ctd_data_day3/station3c.cnv
* Sea-Bird SBE 9 Data File:
* FileName = C:\Users\CTD-User\Desktop\MAR440\day3\station3c.hex
* Software Version Seasave V 7.26.2.13
* Temperature SN = 6313
* Conductivity SN = 4758
* Number of Bytes Per Scan = 37
* Number of Voltage Words = 4
* Number of Scans Averaged by the Deck Unit = 1
* NMEA Latitude = 58 19.70 N
* NMEA Longitude = 011 51.37 E
* NMEA UTC (Time) = Sep 23 2021 09:07:02
* NMEA baud rate = 4800
** Ship: Skagerrak
** Station: station3C
** Operator: Eva
# nquan = 9
# nvalues = 4697                                  
# units = specified
# name 0 = scan: Scan Count
# name 1 = prDM: Pressure, Digiquartz [db]
# name 2 = t090C: Temperature [ITS-90, deg C]
# name 3 = c0S/m: Conductivity [S/m]
# name 4 = sbeox0V: Oxygen raw, SBE 43 [V]
# name 5 = sbeox1V: Oxygen raw, SBE 43, 2 [V]
# name 6 = flECO-AFL: Fluorescence, WET Labs ECO-AFL/FL [mg/m^3]
# name 7 = upoly0: Upoly 0, Turbidity
# name 8 = flag:  0.000e+00
# span 0 =          1,       4697                 
# span 1 =      0.630,     19.095                 
# span 2 =     7.0204,    15.5591                 
# span 3 =   2.896240,   3.484227                 
# span 4 =     0.5883,     2.9487                 
# span 5 =     0.6079,     2.6361                 
# span 6 =     0.0038,     0.0258                 
# span 7 =  0.0888852,  0.1684945                 
# span 8 = 0.0000e+00, 0.0000e+00                 
# interval = seconds: 0.0416667
# start_time = Sep 23 2021 09:07:02 [NMEA time, header]
# bad_flag = -9.990e-29
*END*
[from data line 1281]
       1282      0.768    15.1048   2.909877     2.1697     2.0525     0.0049  0.1582381  0.000e+00
       1283      0.735    15.1041   2.909822     2.1709     2.0525     0.0049  0.1587265  0.000e+00
       1284      0.768    15.1033   2.909794     2.1709     2.0525     0.0049  0.1582381  0.000e+00
       1285      0.792    15.1016   2.909833     2.1709     2.0525     0.0049  0.1587265  0.000e+00
       1286      0.768    15.0992   2.909723     2.1709     2.0525     0.0049  0.1582381  0.000e+00
       1287      0.735    15.0960   2.909849     2.1722     2.0513     0.0049  0.1587265  0.000e+00
       1288      0.768    15.0923   2.909696     2.1722     2.0513     0.0049  0.1582381  0.000e+00
       1289      0.792    15.0881   2.909729     2.1722     2.0513     0.0049  0.1587265  0.000e+00
       1290      0.768    15.0840   2.909641     2.1722     2.0513     0.0049  0.1587265  0.000e+00
       1291      0.792    15.0800   2.909685     2.1734     2.0513     0.0049  0.1582381  0.000e+00
       1292      0.768    15.0765   2.909630     2.1734     2.0513     0.0049  0.1582381  0.000e+00
       1293      0.792    15.0729   2.909685     2.1734     2.0513     0.0049  0.1587265  0.000e+00
       1294      0.702    15.0698   2.909729     2.1746     2.0501     0.0049  0.1587265  0.000e+00
       1295      0.858    15.0675   2.909718     2.1746     2.0501     0.0049  0.1582381  0.000e+00
       1296      0.735    15.0644   2.909773     2.1746     2.0501     0.0049  0.1587265  0.000e+00
       1297      0.825    15.0623   2.909751     2.1746     2.0501     0.0049  0.1587265  0.000e+00
       1298      0.735    15.0604   2.909921     2.1758     2.0501     0.0049  0.1582381  0.000e+00
       1299      0.825    15.0585   2.909861     2.1758     2.0501     0.0049  0.1582381  0.000e+00
       1300      0.735    15.0570   2.910041     2.1758     2.0488     0.0049  0.1587265  0.000e+00
       1301      0.825    15.0554   2.910080     2.1758     2.0488     0.0049  0.1587265  0.000e+00
       1302      0.792    15.0543   2.910250     2.1770     2.0488     0.0049  0.1582381  0.000e+00
       1303      0.825    15.0530   2.910272     2.1770     2.0488     0.0049  0.1587265  0.000e+00
       1304      0.792    15.0521   2.910497     2.1770     2.0488     0.0049  0.1582381  0.000e+00
       1305      0.825    15.0511   2.910360     2.1770     2.0476     0.0049  0.1582381  0.000e+00
       1306      0.792    15.0501   2.910568     2.1770     2.0476     0.0049  0.1587265  0.000e+00
       1307      0.825    15.0493   2.910705     2.1770     2.0476     0.0051  0.1611685  0.000e+00
       1308      0.792    15.0486   2.910837     2.1783     2.0476     0.0051  0.1621453  0.000e+00
       1309      0.825    15.0483   2.910881     2.1783     2.0476     0.0051  0.1626337  0.000e+00
       1310      0.858    15.0494   2.910957     2.1783     2.0464     0.0051  0.1621453  0.000e+00
       1311      0.825    15.0527   2.910952     2.1783     2.0464     0.0051  0.1616569  0.000e+00
       1312      0.734    15.0589   2.910990     2.1795     2.0464     0.0051  0.1616569  0.000e+00
       1313      0.948    15.0661   2.911039     2.1795     2.0452     0.0051  0.1616569  0.000e+00
       1314      0.792    15.0732   2.911166     2.1795     2.0452     0.0051  0.1621453  0.000e+00
       1315      0.891    15.0788   2.911171     2.1795     2.0452     0.0051  0.1616569  0.000e+00
       1316      0.858    15.0833   2.911231     2.1807     2.0452     0.0051  0.1621453  0.000e+00
       1317      0.825    15.0872   2.911160     2.1807     2.0440     0.0051  0.1616569  0.000e+00
       1318      0.858    15.0904   2.911264     2.1807     2.0440     0.0051  0.1616569  0.000e+00
       1319      0.891    15.0925   2.911237     2.1807     2.0440     0.0051  0.1616569  0.000e+00
       1320      0.915    15.0935   2.911330     2.1807     2.0427     0.0051  0.1616569  0.000e+00
       1321      0.825    15.0937   2.911165     2.1807     2.0427     0.0051  0.1616569  0.000e+00
       1322      0.915    15.0930   2.911341     2.1807     2.0427     0.0051  0.1616569  0.000e+00
       1323      0.891    15.0917   2.911346     2.1807     2.0415     0.0051  0.1616569  0.000e+00
       1324      0.915    15.0891   2.911440     2.1819     2.0415     0.0051  0.1616569  0.000e+00
       1325      0.891    15.0856   2.911379     2.1819     2.0403     0.0051  0.1616569  0.000e+00
       1326      0.915    15.0833   2.911522     2.1819     2.0403     0.0051  0.1616569  0.000e+00
       1327      0.915    15.0827   2.911484     2.1819     2.0403     0.0051  0.1616569  0.000e+00
       1328      0.948    15.0833   2.911489     2.1819     2.0391     0.0051  0.1616569  0.000e+00
       1329      0.915    15.0840   2.911385     2.1819     2.0391     0.0051  0.1616569  0.000e+00
       1330      0.890    15.0842   2.911478     2.1819     2.0378     0.0051  0.1616569  0.000e+00
       1331      0.915    15.0833   2.911352     2.1831     2.0366     0.0051  0.1616569  0.000e+00
       1332      0.948    15.0820   2.911467     2.1831     2.0378     0.0051  0.1606801  0.000e+00
       1333      0.915    15.0805   2.911390     2.1831     2.0366     0.0053  0.1592149  0.000e+00
       1334      0.948    15.0785   2.911445     2.1831     2.0366     0.0053  0.1587265  0.000e+00
       1335      0.915    15.0768   2.911396     2.1831     2.0354     0.0053  0.1587265  0.000e+00
       1336      0.890    15.0752   2.911347     2.1831     2.0354     0.0053  0.1592149  0.000e+00
       1337      0.973    15.0734   2.911423     2.1831     2.0342     0.0053  0.1592149  0.000e+00
       1338      0.890    15.0714   2.911412     2.1831     2.0342     0.0053  0.1592149  0.000e+00
       1339      0.973    15.0702   2.911418     2.1831     2.0330     0.0053  0.1592149  0.000e+00
       1340      0.890    15.0695   2.911445     2.1831     2.0330     0.0053  0.1592149  0.000e+00
       1341      0.973    15.0693   2.911429     2.1831     2.0317     0.0053  0.1592149  0.000e+00
       1342      0.890    15.0698   2.911489     2.1831     2.0317     0.0053  0.1592149  0.000e+00
       1343      0.973    15.0694   2.911401     2.1844     2.0317     0.0053  0.1592149  0.000e+00
       1344      0.948    15.0697   2.911577     2.1844     2.0305     0.0053  0.1592149  0.000e+00
       1345      0.973    15.0697   2.911577     2.1844     2.0293     0.0053  0.1587265  0.000e+00
       1346      0.948    15.0695   2.911687     2.1844     2.0293     0.0053  0.1592149  0.000e+00
       1347      0.915    15.0692   2.911615     2.1844     2.0281     0.0053  0.1592149  0.000e+00
       1348      0.948    15.0685   2.911774     2.1844     2.0281     0.0053  0.1587265  0.000e+00
       1349      0.973    15.0686   2.911807     2.1844     2.0281     0.0053  0.1592149  0.000e+00
       1350      0.948    15.0702   2.911890     2.1844     2.0269     0.0053  0.1592149  0.000e+00
       1351      0.972    15.0731   2.911994     2.1844     2.0256     0.0053  0.1587265  0.000e+00
       1352      0.972    15.0776   2.912109     2.1844     2.0256     0.0053  0.1592149  0.000e+00
       1353      0.948    15.0833   2.912125     2.1844     2.0256     0.0053  0.1592149  0.000e+00
       1354      0.972    15.0889   2.912257     2.1844     2.0244     0.0053  0.1592149  0.000e+00
       1355      1.005    15.0931   2.912290     2.1844     2.0244     0.0053  0.1592149  0.000e+00
       1356      0.915    15.0956   2.912136     2.1844     2.0232     0.0053  0.1592149  0.000e+00
       1357      1.005    15.0970   2.912301     2.1844     2.0232     0.0053  0.1592149  0.000e+00
       1358      0.972    15.0980   2.912257     2.1844     2.0220     0.0051  0.1616569  0.000e+00
       1359      1.005    15.1002   2.912273     2.1844     2.0220     0.0051  0.1631221  0.000e+00
       1360      0.972    15.1029   2.912246     2.1844     2.0208     0.0051  0.1631221  0.000e+00
       1361      1.005    15.1055   2.912383     2.1844     2.0195     0.0051  0.1631221  0.000e+00
       1362      1.038    15.1077   2.912388     2.1844     2.0195     0.0051  0.1626337  0.000e+00
       1363      1.005    15.1094   2.912421     2.1844     2.0195     0.0051  0.1631221  0.000e+00
       1364      1.038    15.1100   2.912322     2.1844     2.0183     0.0051  0.1631221  0.000e+00
       1365      1.005    15.1110   2.912399     2.1844     2.0183     0.0051  0.1626337  0.000e+00
       1366      0.972    15.1127   2.912427     2.1844     2.0171     0.0051  0.1626337  0.000e+00
       1367      1.071    15.1148   2.912454     2.1844     2.0171     0.0051  0.1626337  0.000e+00
       1368      0.972    15.1170   2.912498     2.1844     2.0159     0.0051  0.1626337  0.000e+00
       1369      1.071    15.1197   2.912476     2.1844     2.0159     0.0051  0.1626337  0.000e+00
       1370      0.972    15.1217   2.912558     2.1844     2.0146     0.0051  0.1631221  0.000e+00
       1371      1.071    15.1237   2.912443     2.1844     2.0146     0.0049  0.1631221  0.000e+00
       1372      0.972    15.1252   2.912487     2.1844     2.0134     0.0051  0.1631221  0.000e+00
       1373      1.071    15.1263   2.912427     2.1844     2.0134     0.0051  0.1631221  0.000e+00
       1374      0.972    15.1268   2.912344     2.1831     2.0122     0.0051  0.1631221  0.000e+00
       1375      1.071    15.1268   2.912235     2.1831     2.0122     0.0051  0.1626337  0.000e+00
       1376      0.972    15.1264   2.912158     2.1831     2.0110     0.0051  0.1626337  0.000e+00
       1377      1.038    15.1259   2.912070     2.1844     2.0110     0.0051  0.1626337  0.000e+00
       1378      1.071    15.1239   2.912032     2.1844     2.0098     0.0051  0.1626337  0.000e+00
       1379      1.038    15.1212   2.912021     2.1831     2.0085     0.0051  0.1631221  0.000e+00
       1380      1.005    15.1176   2.911988     2.1844     2.0085     0.0051  0.1631221  0.000e+00
       1381      1.096    15.1146   2.912026     2.1831     2.0073     0.0051  0.1631221  0.000e+00
       1382      1.005    15.1114   2.911867     2.1831     2.0073     0.0051  0.1626337  0.000e+00
       1383      1.096    15.1087   2.912065     2.1819     2.0061     0.0051  0.1616569  0.000e+00
       1384      1.071    15.1063   2.911955     2.1819     2.0061     0.0051  0.1601917  0.000e+00
       1385      1.038    15.1050   2.912109     2.1831     2.0049     0.0051  0.1597033  0.000e+00
       1386      1.071    15.1036   2.911983     2.1819     2.0049     0.0051  0.1597033  0.000e+00
       1387      1.095    15.1033   2.912196     2.1819     2.0037     0.0051  0.1597033  0.000e+00
       1388      1.194    15.1036   2.912120     2.1819     2.0037     0.0051  0.1601917  0.000e+00
       1389      1.038    15.1045   2.912427     2.1819     2.0024     0.0051  0.1601917  0.000e+00
       1390      1.128    15.1061   2.912290     2.1819     2.0024     0.0051  0.1601917  0.000e+00
       1391      1.038    15.1097   2.912520     2.1819     2.0012     0.0051  0.1597033  0.000e+00
       1392      1.128    15.1133   2.912558     2.1819     2.0012     0.0051  0.1601917  0.000e+00
       1393      1.095    15.1156   2.912728     2.1819     2.0000     0.0051  0.1601917  0.000e+00
       1394      1.071    15.1176   2.912822     2.1819     2.0000     0.0051  0.1601917  0.000e+00
       1395      1.095    15.1187   2.912800     2.1819     1.9988     0.0051  0.1601917  0.000e+00
       1396      1.071    15.1187   2.912964     2.1807     1.9988     0.0051  0.1601917  0.000e+00
       1397      1.038    15.1185   2.912805     2.1807     1.9976     0.0051  0.1601917  0.000e+00
       1398      1.071    15.1176   2.912953     2.1807     1.9988     0.0051  0.1597033  0.000e+00
       1399      1.038    15.1158   2.912855     2.1807     1.9963     0.0051  0.1601917  0.000e+00
       1400      1.095    15.1137   2.912816     2.1807     1.9951     0.0051  0.1597033  0.000e+00
       1401      1.005    15.1146   2.912706     2.1807     1.9963     0.0051  0.1597033  0.000e+00
       1402      1.038    15.1171   2.912679     2.1795     1.9951     0.0051  0.1601917  0.000e+00
       1403      1.005    15.1193   2.912531     2.1795     1.9939     0.0051  0.1597033  0.000e+00
       1404      1.095    15.1212   2.912366     2.1795     1.9939     0.0051  0.1597033  0.000e+00
       1405      1.005    15.1229   2.912317     2.1795     1.9939     0.0051  0.1597033  0.000e+00
       1406      1.037    15.1239   2.912059     2.1795     1.9939     0.0051  0.1601917  0.000e+00
       1407      1.004    15.1235   2.912065     2.1795     1.9927     0.0051  0.1597033  0.000e+00
       1408      1.037    15.1215   2.911779     2.1783     1.9914     0.0051  0.1601917  0.000e+00
       1409      1.070    15.1187   2.911790     2.1783     1.9914     0.0053  0.1601917  0.000e+00
       1410      1.037    15.1149   2.911609     2.1783     1.9914     0.0053  0.1606801  0.000e+00
       1411      1.004    15.1102   2.911653     2.1783     1.9902     0.0053  0.1606801  0.000e+00
       1412      1.095    15.1050   2.911489     2.1783     1.9902     0.0053  0.1606801  0.000e+00
       1413      1.004    15.0991   2.911626     2.1783     1.9902     0.0053  0.1606801  0.000e+00
       1414      1.095    15.0933   2.911467     2.1783     1.9890     0.0053  0.1606801  0.000e+00
       1415      1.004    15.0894   2.911560     2.1770     1.9890     0.0053  0.1606801  0.000e+00
       1416      1.095    15.0914   2.911451     2.1770     1.9890     0.0053  0.1601917  0.000e+00
       1417      1.004    15.0953   2.911560     2.1758     1.9890     0.0053  0.1606801  0.000e+00
       1418      1.095    15.0986   2.911489     2.1758     1.9878     0.0053  0.1606801  0.000e+00
       1419      1.070    15.0982   2.911615     2.1758     1.9878     0.0053  0.1606801  0.000e+00
       1420      1.037    15.0989   2.911664     2.1758     1.9878     0.0053  0.1606801  0.000e+00
       1421      1.070    15.1018   2.911714     2.1758     1.9866     0.0053  0.1606801  0.000e+00
       1422      1.037    15.1075   2.911845     2.1758     1.9866     0.0053  0.1606801  0.000e+00
       1423      1.070    15.1114   2.912032     2.1746     1.9866     0.0053  0.1601917  0.000e+00
       1424      1.037    15.1133   2.912070     2.1746     1.9866     0.0053  0.1606801  0.000e+00
       1425      1.037    15.1139   2.912322     2.1746     1.9866     0.0053  0.1601917  0.000e+00
       1426      1.004    15.1134   2.912482     2.1746     1.9853     0.0053  0.1606801  0.000e+00
       1427      1.037    15.1112   2.912761     2.1746     1.9866     0.0053  0.1606801  0.000e+00
       1428      1.004    15.1087   2.910551     2.1526     1.9853     0.0053  0.1606801  0.000e+00
       1429      1.037    15.1065   2.902428     2.1038     1.9853     0.0053  0.1606801  0.000e+00
       1430      1.070    15.1038   2.908566     2.0879     1.9853     0.0053  0.1606801  0.000e+00
       1431      0.971    15.1047   2.925157     2.0879     1.9866     0.0053  0.1606801  0.000e+00
       1432      1.070    15.1151   2.942526     2.0903     1.9853     0.0053  0.1606801  0.000e+00
       1433      0.971    15.1251   2.955035     2.0916     1.9853     0.0053  0.1606801  0.000e+00
       1434      1.070    15.1312   2.962738     2.1111     1.9866     0.0053  0.1587265  0.000e+00
       1435      0.971    15.1347   2.965250     2.1270     1.9866     0.0051  0.1562845  0.000e+00
       1436      1.004    15.1367   2.966311     2.1209     1.9866     0.0051  0.1557961  0.000e+00
       1437      1.037    15.1377   2.967122     2.1184     1.9866     0.0055  0.1557961  0.000e+00
       1438      1.004    15.1383   2.967614     2.1172     1.9878     0.0051  0.1557961  0.000e+00
       1439      1.037    15.1384   2.967658     2.1160     1.9878     0.0051  0.1557961  0.000e+00
       1440      1.004    15.1386   2.967763     2.1148     1.9878     0.0051  0.1557961  0.000e+00
