code/data/2021/ctd_data_day3/station8H_ctm_fil_le_der.cnv
* Sea-Bird SBE 9 Data File:
* FileName = C:\Users\CTD-User\Desktop\MAR440\day3\station8H.hex
* Software Version Seasave V 7.26.2.13
* Temperature SN = 6313
* Conductivity SN = 4758
* Number of Bytes Per Scan = 37
* Number of Voltage Words = 4
* Number of Scans Averaged by the Deck Unit = 1
* NMEA Latitude = 58 19.26 N
* NMEA Longitude = 011 49.42 E
* NMEA UTC (Time) = Sep 23 2021 11:26:46
* NMEA baud rate = 4800
** Ship: Skagerrak
** Station: station8H
** Operator: Emma
# nquan = 13                                
# nvalues = 2851                        
# units = specified
# name 0 = scan: Scan Count
# name 1 = prDM: Pressure, Digiquartz [db]
# name 2 = t090C: Temperature [ITS-90, deg C]
# name 3 = c0S/m: Conductivity [S/m]
# name 4 = sbeox0V: Oxygen raw, SBE 43 [V]
# name 5 = sbeox1V: Oxygen raw, SBE 43, 2 [V]
# name 6 = flECO-AFL: Fluorescence, WET Labs ECO-AFL/FL [mg/m^3]
# name 7 = upoly0: Upoly 0, Turbidity
# name 8 = depSM: Depth [salt water, m], lat = 58.321
# name 9 = sal00: Salinity, Practical [PSU]
# name 10 = sbeox0ML/L: Oxygen, SBE 43 [ml/l], WS = 2
# name 11 = sbeox1ML/L: Oxygen, SBE 43, 2 [ml/l], WS = 2
# name 12 = flag: flag
# span 0 =          1,       2851       
# span 1 =      1.387,     23.022       
# span 2 =    13.0407,    15.3630       
# span 3 =   2.902068,   3.761010       
# span 4 =     1.1054,     2.7944       
# span 5 =     1.1407,     2.6911       
# span 6 =     0.0037,     0.0104       
# span 7 =  0.0895694,  0.1540266       
# span 8 =      1.374,     22.807       
# span 9 =    22.6266,    31.5377       
# span 10 =     1.6713,     6.7956      
# span 11 =     1.6256,     5.6740      
# span 12 = 0.0000e+00, 0.0000e+00      
# interval = seconds: 0.0416667
# start_time = Sep 23 2021 11:26:46 [NMEA time, header]
# bad_flag = -9.990e-29
*END*
[from data line 1223]
       1224      4.214    14.8276   2.918174     2.0794     2.2307     0.0064  0.1469111      4.175    22.9148     4.9328     4.3865 -9.990e-29
       1225      4.201    14.8265   2.918196     2.0814     2.2295     0.0064  0.1469110      4.162    22.9156     4.9426     4.3836 -9.990e-29
       1226      4.188    14.8254   2.918218     2.0835     2.2283     0.0064  0.1469103      4.149    22.9165     4.9525     4.3807 -9.990e-29
       1227      4.175    14.8242   2.918241     2.0856     2.2272     0.0064  0.1469089      4.136    22.9174     4.9620     4.3781 -9.990e-29
       1228      4.162    14.8230   2.918267     2.0877     2.2260     0.0064  0.1469068      4.123    22.9183     4.9712     4.3753 -9.990e-29
       1229      4.149    14.8216   2.918294     2.0899     2.2248     0.0064  0.1469040      4.110    22.9193     4.9803     4.3726 -9.990e-29
       1230      4.136    14.8202   2.918323     2.0920     2.2236     0.0064  0.1469006      4.098    22.9204     4.9888     4.3699 -9.990e-29
       1231      4.123    14.8186   2.918353     2.0942     2.2224     0.0064  0.1468972      4.085    22.9216     4.9973     4.3673 -9.990e-29
       1232      4.110    14.8170   2.918386     2.0964     2.2213     0.0064  0.1468948      4.072    22.9229     5.0053     4.3649 -9.990e-29
       1233      4.097    14.8153   2.918421     2.0986     2.2201     0.0064  0.1468925      4.059    22.9242     5.0130     4.3624 -9.990e-29
       1234      4.084    14.8135   2.918458     2.1008     2.2189     0.0064  0.1468894      4.046    22.9255     5.0203     4.3599 -9.990e-29
       1235      4.071    14.8118   2.918499     2.1030     2.2178     0.0064  0.1468856      4.033    22.9269     5.0271     4.3577 -9.990e-29
       1236      4.058    14.8101   2.918543     2.1053     2.2166     0.0066  0.1468808      4.020    22.9283     5.0339     4.3553 -9.990e-29
       1237      4.045    14.8084   2.918591     2.1075     2.2155     0.0066  0.1468753      4.007    22.9297     5.0399     4.3533 -9.990e-29
       1238      4.032    14.8068   2.918643     2.1097     2.2144     0.0066  0.1468688      3.994    22.9311     5.0454     4.3512 -9.990e-29
       1239      4.019    14.8054   2.918699     2.1119     2.2132     0.0066  0.1468613      3.982    22.9324     5.0505     4.3490 -9.990e-29
       1240      4.006    14.8042   2.918760     2.1141     2.2121     0.0066  0.1468529      3.969    22.9336     5.0551     4.3470 -9.990e-29
       1241      3.993    14.8033   2.918826     2.1163     2.2110     0.0066  0.1468434      3.956    22.9347     5.0592     4.3451 -9.990e-29
       1242      3.979    14.8026   2.918898     2.1184     2.2099     0.0066  0.1468328      3.942    22.9358     5.0624     4.3432 -9.990e-29
       1243      3.966    14.8022   2.918977     2.1206     2.2087     0.0066  0.1468210      3.929    22.9367     5.0655     4.3411 -9.990e-29
       1244      3.953    14.8021   2.919062     2.1227     2.2076     0.0066  0.1468079      3.916    22.9375     5.0677     4.3392 -9.990e-29
       1245      3.940    14.8022   2.919155     2.1248     2.2066     0.0066  0.1467935      3.903    22.9382     5.0693     4.3377 -9.990e-29
       1246      3.926    14.8024   2.919255     2.1268     2.2055     0.0066  0.1467775      3.889    22.9390     5.0701     4.3360 -9.990e-29
       1247      3.913    14.8026   2.919361     2.1288     2.2044     0.0066  0.1467600      3.877    22.9398     5.0703     4.3344 -9.990e-29
       1248      3.899    14.8027   2.919476     2.1308     2.2033     0.0066  0.1467408      3.863    22.9407     5.0699     4.3328 -9.990e-29
       1249      3.886    14.8027   2.919599     2.1328     2.2023     0.0066  0.1467197      3.850    22.9418     5.0690     4.3315 -9.990e-29
       1250      3.873    14.8025   2.919731     2.1347     2.2013     0.0066  0.1466967      3.837    22.9431     5.0673     4.3304 -9.990e-29
       1251      3.859    14.8022   2.919873     2.1365     2.2002     0.0066  0.1466715      3.823    22.9445     5.0652     4.3290 -9.990e-29
       1252      3.846    14.8016   2.920024     2.1383     2.1992     0.0066  0.1466440      3.810    22.9461     5.0629     4.3281 -9.990e-29
       1253      3.832    14.8008   2.920188     2.1400     2.1982     0.0066  0.1466140      3.796    22.9480     5.0603     4.3272 -9.990e-29
       1254      3.818    14.7998   2.920363     2.1417     2.1972     0.0066  0.1465813      3.782    22.9501     5.0579     4.3265 -9.990e-29
       1255      3.805    14.7987   2.920552     2.1433     2.1963     0.0066  0.1465456      3.770    22.9524     5.0554     4.3261 -9.990e-29
       1256      3.791    14.7974   2.920756     2.1448     2.1953     0.0066  0.1465067      3.756    22.9549     5.0528     4.3256 -9.990e-29
       1257      3.777    14.7963   2.920977     2.1463     2.1944     0.0066  0.1464644      3.742    22.9575     5.0505     4.3254 -9.990e-29
       1258      3.763    14.7953   2.921217     2.1477     2.1934     0.0066  0.1464183      3.728    22.9602     5.0483     4.3251 -9.990e-29
       1259      3.749    14.7946   2.921478     2.1490     2.1925     0.0066  0.1463681      3.714    22.9629     5.0461     4.3252 -9.990e-29
       1260      3.735    14.7941   2.921761     2.1502     2.1917     0.0066  0.1463135      3.700    22.9656     5.0440     4.3257 -9.990e-29
       1261      3.721    14.7938   2.922069     2.1513     2.1908     0.0064  0.1462558      3.686    22.9684     5.0421     4.3260 -9.990e-29
       1262      3.707    14.7939   2.922403     2.1523     2.1899     0.0064  0.1461988      3.673    22.9713     5.0405     4.3265 -9.990e-29
       1263      3.693    14.7943   2.922765     2.1533     2.1891     0.0064  0.1461456      3.659    22.9742     5.0393     4.3275 -9.990e-29
       1264      3.679    14.7950   2.923160     2.1540     2.1883     0.0064  0.1460966      3.645    22.9772     5.0379     4.3287 -9.990e-29
       1265      3.665    14.7962   2.923589     2.1547     2.1875     0.0064  0.1460514      3.631    22.9802     5.0371     4.3300 -9.990e-29
       1266      3.651    14.7979   2.924056     2.1552     2.1868     0.0064  0.1460098      3.617    22.9833     5.0364     4.3319 -9.990e-29
       1267      3.638    14.8001   2.924563     2.1556     2.1860     0.0064  0.1459715      3.604    22.9864     5.0361     4.3338 -9.990e-29
       1268      3.624    14.8028   2.925116     2.1559     2.1853     0.0064  0.1459362      3.590    22.9896     5.0362     4.3362 -9.990e-29
       1269      3.610    14.8060   2.925716     2.1560     2.1847     0.0064  0.1459036      3.576    22.9929     5.0366     4.3393 -9.990e-29
       1270      3.596    14.8096   2.926368     2.1559     2.1840     0.0064  0.1458736      3.563    22.9964     5.0371     4.3425 -9.990e-29
       1271      3.583    14.8137   2.927077     2.1556     2.1834     0.0064  0.1458459      3.550    23.0001     5.0379     4.3463 -9.990e-29
       1272      3.569    14.8182   2.927850     2.1552     2.1828     0.0064  0.1458211      3.536    23.0042     5.0393     4.3507 -9.990e-29
       1273      3.555    14.8232   2.928719     2.1547     2.1823     0.0064  0.1458009      3.522    23.0088     5.0413     4.3558 -9.990e-29
       1274      3.541    14.8285   2.929738     2.1544     2.1818     0.0064  0.1457859      3.508    23.0145     5.0448     4.3615 -9.990e-29
       1275      3.528    14.8342   2.930909     2.1545     2.1814     0.0064  0.1457760      3.495    23.0213     5.0505     4.3680 -9.990e-29
       1276      3.514    14.8401   2.932182     2.1549     2.1810     0.0064  0.1457711      3.481    23.0288     5.0580     4.3751 -9.990e-29
       1277      3.501    14.8460   2.933510     2.1556     2.1806     0.0064  0.1457704      3.468    23.0368     5.0675     4.3829 -9.990e-29
       1278      3.487    14.8517   2.934837     2.1566     2.1803     0.0064  0.1457722      3.455    23.0450     5.0789     4.3917 -9.990e-29
       1279      3.473    14.8571   2.936110     2.1577     2.1801     0.0064  0.1457755      3.441    23.0528     5.0917     4.4015 -9.990e-29
       1280      3.460    14.8621   2.937305     2.1589     2.1799     0.0064  0.1457806      3.428    23.0602     5.1059     4.4120 -9.990e-29
       1281      3.446    14.8668   2.938425     2.1602     2.1799     0.0064  0.1457872      3.414    23.0671     5.1215     4.4239 -9.990e-29
       1282      3.433    14.8711   2.939474     2.1616     2.1798     0.0064  0.1457957      3.401    23.0736     5.1385     4.4363 -9.990e-29
       1283      3.419    14.8751   2.940450     2.1631     2.1799     0.0064  0.1458058      3.387    23.0797     5.1568     4.4499 -9.990e-29
       1284      3.406    14.8788   2.941353     2.1647     2.1801     0.0064  0.1458179      3.374    23.0854     5.1764     4.4645 -9.990e-29
       1285      3.393    14.8822   2.942188     2.1665     2.1803     0.0064  0.1458318      3.361    23.0906     5.1976     4.4799 -9.990e-29
       1286      3.380    14.8853   2.942957     2.1684     2.1807     0.0064  0.1458479      3.349    23.0954     5.2199     4.4964 -9.990e-29
       1287      3.367    14.8881   2.943665     2.1704     2.1812     0.0062  0.1458660      3.336    23.0999     5.2434     4.5138 -9.990e-29
       1288      3.354    14.8907   2.944318     2.1725     2.1819     0.0062  0.1458856      3.323    23.1040     5.2680     4.5324 -9.990e-29
       1289      3.341    14.8931   2.944918     2.1748     2.1827     0.0062  0.1459050      3.310    23.1078     5.2938     4.5518 -9.990e-29
       1290      3.328    14.8953   2.945470     2.1772     2.1837     0.0062  0.1459236      3.297    23.1113     5.3206     4.5722 -9.990e-29
       1291      3.315    14.8973   2.945977     2.1798     2.1850     0.0062  0.1459414      3.284    23.1145     5.3484     4.5938 -9.990e-29
       1292      3.302    14.8992   2.946443     2.1826     2.1864     0.0062  0.1459587      3.271    23.1174     5.3772     4.6160 -9.990e-29
       1293      3.289    14.9009   2.946870     2.1855     2.1881     0.0062  0.1459754      3.258    23.1201     5.4066     4.6393 -9.990e-29
       1294      3.276    14.9024   2.947262     2.1886     2.1901     0.0062  0.1459918      3.246    23.1226     5.4367     4.6637 -9.990e-29
       1295      3.263    14.9038   2.947621     2.1918     2.1924     0.0062  0.1460079      3.233    23.1248     5.4672     4.6890 -9.990e-29
       1296      3.250    14.9051   2.947950     2.1952     2.1950     0.0062  0.1460239      3.220    23.1269     5.4982     4.7152 -9.990e-29
       1297      3.237    14.9063   2.948251     2.1989     2.1978     0.0062  0.1460399      3.207    23.1288     5.5297     4.7420 -9.990e-29
       1298      3.223    14.9074   2.948527     2.2027     2.2010     0.0062  0.1460560      3.193    23.1306     5.5612     4.7698 -9.990e-29
       1299      3.210    14.9083   2.948780     2.2067     2.2044     0.0062  0.1460722      3.180    23.1322     5.5929     4.7979 -9.990e-29
       1300      3.197    14.9092   2.949012     2.2109     2.2081     0.0062  0.1460888      3.167    23.1337     5.6248     4.8267 -9.990e-29
       1301      3.183    14.9101   2.949226     2.2153     2.2121     0.0062  0.1461057      3.153    23.1350     5.6569     4.8559 -9.990e-29
       1302      3.170    14.9108   2.949422     2.2199     2.2164     0.0062  0.1461232      3.141    23.1363     5.6892     4.8856 -9.990e-29
       1303      3.157    14.9115   2.949601     2.2247     2.2210     0.0062  0.1461414      3.128    23.1374     5.7219     4.9157 -9.990e-29
       1304      3.143    14.9121   2.949766     2.2296     2.2258     0.0062  0.1461604      3.114    23.1385     5.7545     4.9458 -9.990e-29
       1305      3.130    14.9127   2.949918     2.2348     2.2308     0.0062  0.1461803      3.101    23.1395     5.7875     4.9758 -9.990e-29
       1306      3.116    14.9133   2.950057     2.2401     2.2361     0.0062  0.1462012      3.087    23.1403     5.8203     5.0060 -9.990e-29
       1307      3.102    14.9137   2.950185     2.2455     2.2415     0.0062  0.1462234      3.073    23.1412     5.8529     5.0358 -9.990e-29
       1308      3.089    14.9142   2.950304     2.2511     2.2471     0.0062  0.1462469      3.060    23.1419     5.8855     5.0653 -9.990e-29
       1309      3.075    14.9146   2.950413     2.2569     2.2529     0.0062  0.1462719      3.046    23.1427     5.9181     5.0946 -9.990e-29
       1310      3.061    14.9149   2.950514     2.2628     2.2588     0.0062  0.1462986      3.033    23.1434     5.9503     5.1232 -9.990e-29
       1311      3.047    14.9153   2.950606     2.2688     2.2649     0.0062  0.1463272      3.019    23.1439     5.9821     5.1514 -9.990e-29
       1312      3.033    14.9156   2.950691     2.2749     2.2711     0.0062  0.1463571      3.005    23.1445     6.0135     5.1789 -9.990e-29
       1313      3.019    14.9159   2.950770     2.2812     2.2774     0.0064  0.1463858      2.991    23.1450     6.0446     5.2056 -9.990e-29
       1314      3.005    14.9161   2.950843     2.2875     2.2838     0.0064  0.1464111      2.977    23.1455     6.0750     5.2316 -9.990e-29
       1315      2.991    14.9163   2.950910     2.2939     2.2902     0.0064  0.1464322      2.963    23.1460     6.1048     5.2565 -9.990e-29
       1316      2.977    14.9165   2.950972     2.3004     2.2966     0.0064  0.1464494      2.949    23.1464     6.1340     5.2803 -9.990e-29
       1317      2.963    14.9167   2.951029     2.3069     2.3032     0.0064  0.1464627      2.935    23.1468     6.1623     5.3036 -9.990e-29
       1318      2.949    14.9169   2.951081     2.3135     2.3097     0.0064  0.1464722      2.922    23.1471     6.1900     5.3256 -9.990e-29
       1319      2.935    14.9171   2.951130     2.3202     2.3162     0.0064  0.1464780      2.908    23.1474     6.2171     5.3465 -9.990e-29
       1320      2.921    14.9172   2.951176     2.3269     2.3227     0.0064  0.1464801      2.894    23.1478     6.2433     5.3664 -9.990e-29
       1321      2.908    14.9173   2.951218     2.3336     2.3293     0.0064  0.1464786      2.881    23.1481     6.2685     5.3855 -9.990e-29
       1322      2.893    14.9175   2.951257     2.3403     2.3358     0.0064  0.1464735      2.866    23.1483     6.2928     5.4034 -9.990e-29
       1323      2.880    14.9176   2.951294     2.3471     2.3422     0.0064  0.1464646      2.853    23.1485     6.3166     5.4201 -9.990e-29
       1324      2.866    14.9177   2.951328     2.3539     2.3487     0.0064  0.1464520      2.839    23.1488     6.3394     5.4362 -9.990e-29
       1325      2.852    14.9178   2.951360     2.3606     2.3550     0.0064  0.1464355      2.825    23.1490     6.3611     5.4510 -9.990e-29
       1326      2.838    14.9178   2.951390     2.3674     2.3614     0.0064  0.1464151      2.812    23.1493     6.3823     5.4652 -9.990e-29
       1327      2.825    14.9179   2.951418     2.3742     2.3676     0.0064  0.1463905      2.799    23.1495     6.4026     5.4781 -9.990e-29
       1328      2.811    14.9180   2.951444     2.3809     2.3738     0.0064  0.1463617      2.785    23.1496     6.4219     5.4903 -9.990e-29
       1329      2.798    14.9181   2.951469     2.3876     2.3800     0.0064  0.1463285      2.772    23.1498     6.4403     5.5020 -9.990e-29
       1330      2.785    14.9181   2.951492     2.3943     2.3860     0.0064  0.1462905      2.759    23.1500     6.4581     5.5125 -9.990e-29
       1331      2.771    14.9182   2.951513     2.4010     2.3920     0.0064  0.1462475      2.745    23.1501     6.4752     5.5224 -9.990e-29
       1332      2.758    14.9182   2.951533     2.4076     2.3979     0.0064  0.1461993      2.732    23.1503     6.4913     5.5316 -9.990e-29
       1333      2.745    14.9183   2.951552     2.4142     2.4037     0.0064  0.1461455      2.719    23.1504     6.5067     5.5401 -9.990e-29
