code/data/2021/ctd_data_day3/station3c.cnv
* Sea-Bird SBE 9 Data File:
* FileName = C:\Users\CTD-User\Desktop\MAR440\day3\station3c.hex
* Software Version Seasave V 7.26.2.13
* Temperature SN = 6313
* Conductivity SN = 4758
* Number of Bytes Per Scan = 37
* Number of Voltage Words = 4
* Number of Scans Averaged by the Deck Unit = 1
* NMEA Latitude = 58 19.70 N
* NMEA Longitude = 011 51.37 E
* NMEA UTC (Time) = Sep 23 2021 09:07:02
* NMEA baud rate = 4800
** Ship: Skagerrak
** Station: station3C
** Operator: Eva
# nquan = 9
# nvalues = 4697                                  
# units = specified
# name 0 = scan: Scan Count
# name 1 = prDM: Pressure, Digiquartz [db]
# name 2 = t090C: Temperature [ITS-90, deg C]
# name 3 = c0S/m: Conductivity [S/m]
# name 4 = sbeox0V: Oxygen raw, SBE 43 [V]
# name 5 = sbeox1V: Oxygen raw, SBE 43, 2 [V]
# name 6 = flECO-AFL: Fluorescence, WET Labs ECO-AFL/FL [mg/m^3]
# name 7 = upoly0: Upoly 0, Turbidity
# name 8 = flag:  0.000e+00
# span 0 =          1,       4697                 
# span 1 =      0.630,     19.095                 
# span 2 =     7.0204,    15.5591                 
# span 3 =   2.896240,   3.484227                 
# span 4 =     0.5883,     2.9487                 
# span 5 =     0.6079,     2.6361                 
# span 6 =     0.0038,     0.0258                 
# span 7 =  0.0888852,  0.1684945                 
# span 8 = 0.0000e+00, 0.0000e+00                 
# interval = seconds: 0.0416667
# start_time = Sep 23 2021 09:07:02 [NMEA time, header]
# bad_flag = -9.990e-29
*END*
[from data line 321]
        322      3.743    15.1107   2.914304     2.3052     2.3468     0.0059  0.1631221  0.000e+00
        323      3.743    15.1107   2.914380     2.3052     2.3443     0.0059  0.1631221  0.000e+00
        324      3.718    15.1104   2.914342     2.3040     2.3431     0.0059  0.1631221  0.000e+00
        325      3.801    15.1095   2.914282     2.3052     2.3407     0.0059  0.1626337  0.000e+00
        326      3.776    15.1082   2.914172     2.3028     2.3394     0.0059  0.1631221  0.000e+00
        327      3.801    15.1072   2.914156     2.3016     2.3382     0.0059  0.1631221  0.000e+00
        328      3.842    15.1067   2.914199     2.3004     2.3358     0.0059  0.1631221  0.000e+00
        329      3.924    15.1063   2.914117     2.3004     2.3346     0.0059  0.1631221  0.000e+00
        330      3.866    15.1073   2.914161     2.2991     2.3333     0.0059  0.1631221  0.000e+00
        331      3.899    15.1085   2.914106     2.2991     2.3309     0.0059  0.1626337  0.000e+00
        332      3.924    15.1073   2.913974     2.2991     2.3297     0.0059  0.1626337  0.000e+00
        333      3.957    15.1056   2.914046     2.2979     2.3284     0.0059  0.1626337  0.000e+00
        334      3.990    15.1042   2.913898     2.2979     2.3260     0.0059  0.1626337  0.000e+00
        335      3.990    15.1043   2.913975     2.2967     2.3248     0.0059  0.1626337  0.000e+00
        336      4.081    15.1038   2.913881     2.2967     2.3236     0.0059  0.1626337  0.000e+00
        337      4.048    15.1048   2.913914     2.2967     2.3223     0.0059  0.1616569  0.000e+00
        338      4.081    15.1060   2.913903     2.2955     2.3199     0.0060  0.1601917  0.000e+00
        339      4.048    15.1060   2.913810     2.2955     2.3187     0.0060  0.1597033  0.000e+00
        340      4.147    15.1051   2.913777     2.2955     2.3175     0.0060  0.1597033  0.000e+00
        341      4.105    15.1060   2.913821     2.2955     2.3162     0.0060  0.1601917  0.000e+00
        342      4.171    15.1061   2.913788     2.2955     2.3150     0.0060  0.1601917  0.000e+00
        343      4.204    15.1038   2.913744     2.2943     2.3138     0.0060  0.1601917  0.000e+00
        344      4.229    15.1004   2.913602     2.2930     2.3126     0.0060  0.1601917  0.000e+00
        345      4.204    15.0979   2.913667     2.2930     2.3114     0.0060  0.1597033  0.000e+00
        346      4.229    15.0970   2.913580     2.2930     2.3101     0.0060  0.1597033  0.000e+00
        347      4.270    15.0964   2.913613     2.2930     2.3101     0.0060  0.1597033  0.000e+00
        348      4.352    15.0957   2.913585     2.2930     2.3089     0.0059  0.1597033  0.000e+00
        349      4.352    15.0948   2.913558     2.2930     2.3089     0.0060  0.1601917  0.000e+00
        350      4.328    15.0917   2.913563     2.2930     2.3077     0.0060  0.1601917  0.000e+00
        351      4.352    15.0894   2.913476     2.2930     2.3077     0.0060  0.1601917  0.000e+00
        352      4.385    15.0884   2.913498     2.2930     2.3065     0.0060  0.1601917  0.000e+00
        353      4.418    15.0884   2.913388     2.2930     2.3065     0.0060  0.1601917  0.000e+00
        354      4.418    15.0901   2.913382     2.2930     2.3065     0.0060  0.1597033  0.000e+00
        355      4.509    15.0911   2.913316     2.2918     2.3065     0.0060  0.1597033  0.000e+00
        356      4.476    15.0918   2.913366     2.2918     2.3052     0.0060  0.1601917  0.000e+00
        357      4.509    15.0911   2.913278     2.2918     2.3052     0.0060  0.1601917  0.000e+00
        358      4.534    15.0899   2.913234     2.2918     2.3052     0.0060  0.1601917  0.000e+00
        359      4.534    15.0893   2.913278     2.2918     2.3052     0.0060  0.1601917  0.000e+00
        360      4.575    15.0896   2.913108     2.2918     2.3052     0.0060  0.1597033  0.000e+00
        361      4.600    15.0903   2.913146     2.2918     2.3052     0.0060  0.1597033  0.000e+00
        362      4.633    15.0899   2.913163     2.2918     2.3052     0.0060  0.1601917  0.000e+00
        363      4.657    15.0889   2.913196     2.2918     2.3052     0.0059  0.1631221  0.000e+00
        364      4.600    15.0874   2.913004     2.2918     2.3052     0.0057  0.1645873  0.000e+00
        365      4.756    15.0854   2.912993     2.2918     2.3052     0.0057  0.1645873  0.000e+00
        366      4.723    15.0837   2.913020     2.2906     2.3065     0.0057  0.1645873  0.000e+00
        367      4.690    15.0837   2.913026     2.2906     2.3052     0.0057  0.1640989  0.000e+00
        368      4.781    15.0840   2.913075     2.2906     2.3065     0.0057  0.1640989  0.000e+00
        369      4.756    15.0854   2.912938     2.2906     2.3065     0.0057  0.1645873  0.000e+00
        370      4.781    15.0876   2.912922     2.2906     2.3065     0.0057  0.1640989  0.000e+00
        371      4.839    15.0894   2.912834     2.2894     2.3077     0.0057  0.1645873  0.000e+00
        372      4.880    15.0906   2.912856     2.2906     2.3077     0.0057  0.1640989  0.000e+00
        373      4.839    15.0914   2.912741     2.2906     2.3077     0.0057  0.1640989  0.000e+00
        374      4.880    15.0925   2.912812     2.2906     2.3089     0.0057  0.1640989  0.000e+00
        375      4.962    15.0938   2.912900     2.2894     2.3089     0.0057  0.1645873  0.000e+00
        376      4.904    15.0940   2.912784     2.2894     2.3089     0.0055  0.1645873  0.000e+00
        377      4.937    15.0945   2.912790     2.2894     2.3089     0.0057  0.1640989  0.000e+00
        378      5.028    15.0947   2.912603     2.2906     2.3101     0.0057  0.1645873  0.000e+00
        379      5.003    15.0952   2.912730     2.2894     2.3101     0.0055  0.1645873  0.000e+00
        380      5.028    15.0953   2.912620     2.2894     2.3101     0.0057  0.1640989  0.000e+00
        381      5.028    15.0955   2.912631     2.2894     2.3114     0.0057  0.1640989  0.000e+00
        382      5.061    15.0958   2.912587     2.2881     2.3114     0.0057  0.1645873  0.000e+00
        383      5.086    15.0955   2.912593     2.2881     2.3101     0.0055  0.1645873  0.000e+00
        384      5.119    15.0955   2.912609     2.2881     2.3114     0.0057  0.1640989  0.000e+00
        385      5.152    15.0947   2.912604     2.2894     2.3114     0.0057  0.1640989  0.000e+00
        386      5.152    15.0925   2.912609     2.2881     2.3126     0.0057  0.1640989  0.000e+00
        387      5.242    15.0920   2.912494     2.2881     2.3126     0.0057  0.1645873  0.000e+00
        388      5.151    15.0915   2.912604     2.2869     2.3126     0.0057  0.1636105  0.000e+00
        389      5.242    15.0899   2.912565     2.2869     2.3126     0.0059  0.1631221  0.000e+00
        390      5.267    15.0884   2.912648     2.2869     2.3126     0.0059  0.1626337  0.000e+00
        391      5.267    15.0854   2.912615     2.2857     2.3126     0.0059  0.1626337  0.000e+00
        392      5.308    15.0810   2.912702     2.2857     2.3126     0.0059  0.1631221  0.000e+00
        393      5.267    15.0768   2.912664     2.2857     2.3126     0.0059  0.1626337  0.000e+00
        394      5.366    15.0727   2.912796     2.2857     2.3126     0.0059  0.1631221  0.000e+00
        395      5.390    15.0690   2.912774     2.2857     2.3126     0.0059  0.1631221  0.000e+00
        396      5.333    15.0657   2.912845     2.2845     2.3126     0.0059  0.1626337  0.000e+00
        397      5.432    15.0634   2.912884     2.2845     2.3126     0.0059  0.1631221  0.000e+00
        398      5.456    15.0608   2.912845     2.2833     2.3126     0.0059  0.1626337  0.000e+00
        399      5.456    15.0581   2.912950     2.2833     2.3126     0.0059  0.1626337  0.000e+00
        400      5.432    15.0563   2.912933     2.2833     2.3126     0.0059  0.1626337  0.000e+00
        401      5.514    15.0552   2.912988     2.2820     2.3126     0.0059  0.1631221  0.000e+00
        402      5.489    15.0540   2.912982     2.2820     2.3114     0.0059  0.1626337  0.000e+00
        403      5.572    15.0530   2.913043     2.2808     2.3114     0.0059  0.1631221  0.000e+00
        404      5.514    15.0523   2.913098     2.2808     2.3114     0.0059  0.1626337  0.000e+00
        405      5.613    15.0515   2.913037     2.2796     2.3114     0.0057  0.1626337  0.000e+00
        406      5.572    15.0515   2.913142     2.2796     2.3114     0.0059  0.1631221  0.000e+00
        407      5.547    15.0516   2.913043     2.2784     2.3114     0.0059  0.1626337  0.000e+00
        408      5.761    15.0519   2.913175     2.2784     2.3101     0.0059  0.1631221  0.000e+00
        409      5.637    15.0519   2.913120     2.2784     2.3101     0.0059  0.1626337  0.000e+00
        410      5.670    15.0518   2.913235     2.2772     2.3089     0.0057  0.1631221  0.000e+00
        411      5.761    15.0538   2.913153     2.2772     2.3101     0.0059  0.1631221  0.000e+00
        412      5.736    15.0562   2.913240     2.2759     2.3089     0.0057  0.1631221  0.000e+00
        413      5.695    15.0570   2.913290     2.2759     2.3089     0.0059  0.1626337  0.000e+00
        414      5.819    15.0554   2.913334     2.2747     2.3077     0.0057  0.1616569  0.000e+00
        415      5.794    15.0525   2.913421     2.2747     2.3077     0.0057  0.1606801  0.000e+00
        416      5.819    15.0503   2.913290     2.2735     2.3077     0.0057  0.1606801  0.000e+00
        417      5.819    15.0487   2.913498     2.2723     2.3065     0.0057  0.1611685  0.000e+00
        418      5.852    15.0467   2.913427     2.2723     2.3065     0.0057  0.1611685  0.000e+00
        419      5.885    15.0450   2.913592     2.2711     2.3052     0.0057  0.1611685  0.000e+00
        420      5.918    15.0454   2.913553     2.2698     2.3052     0.0057  0.1611685  0.000e+00
        421      5.942    15.0467   2.913433     2.2686     2.3052     0.0057  0.1611685  0.000e+00
        422      5.942    15.0481   2.913603     2.2686     2.3040     0.0057  0.1606801  0.000e+00
        423      5.975    15.0476   2.913531     2.2674     2.3040     0.0057  0.1611685  0.000e+00
        424      5.942    15.0455   2.913619     2.2674     2.3028     0.0057  0.1611685  0.000e+00
        425      6.041    15.0430   2.913652     2.2662     2.3016     0.0055  0.1611685  0.000e+00
        426      6.066    15.0398   2.913663     2.2649     2.3016     0.0057  0.1611685  0.000e+00
        427      6.000    15.0383   2.913734     2.2637     2.3004     0.0057  0.1611685  0.000e+00
        428      6.099    15.0365   2.913696     2.2625     2.3004     0.0057  0.1611685  0.000e+00
        429      6.066    15.0349   2.913811     2.2625     2.2991     0.0057  0.1611685  0.000e+00
        430      6.124    15.0337   2.913778     2.2613     2.2991     0.0057  0.1611685  0.000e+00
        431      6.165    15.0352   2.913833     2.2601     2.2979     0.0057  0.1606801  0.000e+00
        432      6.123    15.0388   2.913943     2.2601     2.2979     0.0057  0.1611685  0.000e+00
        433      6.222    15.0415   2.913822     2.2588     2.2967     0.0057  0.1606801  0.000e+00
        434      6.189    15.0430   2.913882     2.2576     2.2967     0.0057  0.1611685  0.000e+00
        435      6.189    15.0440   2.913778     2.2564     2.2955     0.0057  0.1611685  0.000e+00
        436      6.280    15.0456   2.913948     2.2564     2.2943     0.0057  0.1611685  0.000e+00
        437      6.247    15.0479   2.913839     2.2552     2.2943     0.0057  0.1606801  0.000e+00
        438      6.305    15.0482   2.913899     2.2540     2.2930     0.0057  0.1611685  0.000e+00
        439      6.280    15.0474   2.914009     2.2527     2.2918     0.0057  0.1616569  0.000e+00
        440      6.371    15.0494   2.913784     2.2515     2.2918     0.0057  0.1621453  0.000e+00
        441      6.346    15.0508   2.913987     2.2503     2.2906     0.0057  0.1626337  0.000e+00
        442      6.371    15.0518   2.913981     2.2503     2.2894     0.0055  0.1621453  0.000e+00
        443      6.371    15.0527   2.913943     2.2491     2.2894     0.0057  0.1621453  0.000e+00
        444      6.469    15.0533   2.913965     2.2479     2.2882     0.0057  0.1626337  0.000e+00
        445      6.428    15.0558   2.913822     2.2479     2.2869     0.0057  0.1626337  0.000e+00
        446      6.428    15.0587   2.913943     2.2466     2.2869     0.0057  0.1621453  0.000e+00
        447      6.469    15.0611   2.913817     2.2442     2.2857     0.0057  0.1626337  0.000e+00
        448      6.494    15.0623   2.913937     2.2430     2.2845     0.0057  0.1621453  0.000e+00
        449      6.527    15.0623   2.913959     2.2430     2.2833     0.0057  0.1621453  0.000e+00
        450      6.552    15.0616   2.913756     2.2417     2.2820     0.0057  0.1626337  0.000e+00
        451      6.609    15.0614   2.913882     2.2405     2.2820     0.0057  0.1626337  0.000e+00
        452      6.527    15.0631   2.913866     2.2393     2.2808     0.0057  0.1621453  0.000e+00
        453      6.609    15.0633   2.913855     2.2381     2.2796     0.0057  0.1621453  0.000e+00
        454      6.609    15.0624   2.913800     2.2381     2.2784     0.0057  0.1626337  0.000e+00
        455      6.708    15.0606   2.913756     2.2369     2.2772     0.0057  0.1626337  0.000e+00
        456      6.675    15.0594   2.913899     2.2356     2.2772     0.0057  0.1621453  0.000e+00
        457      6.708    15.0602   2.913756     2.2344     2.2759     0.0055  0.1626337  0.000e+00
        458      6.675    15.0617   2.913800     2.2332     2.2747     0.0057  0.1626337  0.000e+00
        459      6.733    15.0627   2.913718     2.2320     2.2735     0.0057  0.1621453  0.000e+00
        460      6.774    15.0643   2.913811     2.2308     2.2723     0.0057  0.1621453  0.000e+00
        461      6.799    15.0648   2.913800     2.2308     2.2723     0.0057  0.1621453  0.000e+00
        462      6.799    15.0651   2.913734     2.2295     2.2711     0.0057  0.1621453  0.000e+00
        463      6.832    15.0658   2.913729     2.2271     2.2698     0.0057  0.1621453  0.000e+00
        464      6.799    15.0666   2.913668     2.2271     2.2686     0.0057  0.1626337  0.000e+00
        465      6.857    15.0677   2.913806     2.2259     2.2674     0.0055  0.1592149  0.000e+00
        466      6.898    15.0691   2.913762     2.2247     2.2662     0.0055  0.1582381  0.000e+00
        467      6.922    15.0714   2.913767     2.2234     2.2650     0.0055  0.1577497  0.000e+00
        468      6.955    15.0729   2.913800     2.2234     2.2650     0.0055  0.1577497  0.000e+00
        469      6.922    15.0727   2.913657     2.2222     2.2625     0.0055  0.1577497  0.000e+00
        470      6.980    15.0714   2.913762     2.2210     2.2625     0.0055  0.1587265  0.000e+00
        471      7.013    15.0724   2.913647     2.2198     2.2601     0.0055  0.1582381  0.000e+00
        472      6.980    15.0764   2.913773     2.2185     2.2601     0.0055  0.1587265  0.000e+00
        473      7.104    15.0812   2.913734     2.2173     2.2588     0.0055  0.1582381  0.000e+00
        474      7.013    15.0844   2.913657     2.2173     2.2576     0.0055  0.1577497  0.000e+00
        475      7.104    15.0866   2.913624     2.2161     2.2564     0.0055  0.1587265  0.000e+00
        476      7.104    15.0874   2.913613     2.2149     2.2564     0.0053  0.1577497  0.000e+00
        477      7.137    15.0886   2.913515     2.2137     2.2552     0.0055  0.1582381  0.000e+00
        478      7.104    15.0883   2.913405     2.2124     2.2540     0.0055  0.1587265  0.000e+00
        479      7.137    15.0886   2.913553     2.2112     2.2527     0.0055  0.1582381  0.000e+00
        480      7.227    15.0981   2.913559     2.2100     2.2527     0.0055  0.1582381  0.000e+00
