code/data/2021/ctd_data_day3/station6f.cnv
* Sea-Bird SBE 9 Data File:
* FileName = C:\Users\CTD-User\Desktop\MAR440\day3\station6f.hex
* Software Version Seasave V 7.26.2.13
* Temperature SN = 6313
* Conductivity SN = 4758
* Number of Bytes Per Scan = 37
* Number of Voltage Words = 4
* Number of Scans Averaged by the Deck Unit = 1
* NMEA Latitude = 58 18.97 N
* NMEA Longitude = 011 48.24 E
* NMEA UTC (Time) = Sep 23 2021 10:37:53
* NMEA baud rate = 4800
** Ship: Skagerrak
** Station: station6f
** Operator: Tor
# nquan = 9
# nvalues = 2508                                  
# units = specified
# name 0 = scan: Scan Count
# name 1 = prDM: Pressure, Digiquartz [db]
# name 2 = t090C: Temperature [ITS-90, deg C]
# name 3 = c0S/m: Conductivity [S/m]
# name 4 = sbeox0V: Oxygen raw, SBE 43 [V]
# name 5 = sbeox1V: Oxygen raw, SBE 43, 2 [V]
# name 6 = flECO-AFL: Fluorescence, WET Labs ECO-AFL/FL [mg/m^3]
# name 7 = upoly0: Upoly 0, Turbidity
# name 8 = flag:  0.000e+00
# span 0 =          1,       2508                 
# span 1 =      0.694,     27.246                 
# span 2 =     8.7731,    15.8238                 
# span 3 =   2.898285,   3.796493                 
# span 4 =     1.0194,     2.7814                 
# span 5 =     1.0328,     2.6996                 
# span 6 =     0.0035,     0.0218                 
# span 7 =  0.0864432,  0.1616569                 
# span 8 = 0.0000e+00, 0.0000e+00                 
# interval = seconds: 0.0416667
# start_time = Sep 23 2021 10:37:53 [NMEA time, header]
# bad_flag = -9.990e-29
*END*
[from data line 801]
        802      0.751    14.7553   2.930200     2.5592     2.5434     0.0161  0.1616569  0.000e+00
        803      0.784    14.7549   2.930151     2.5641     2.5458     0.0159  0.1616569  0.000e+00
        804      0.817    14.7549   2.930118     2.5702     2.5495     0.0159  0.1611685  0.000e+00
        805      0.784    14.7549   2.930173     2.5714     2.5507     0.0161  0.1616569  0.000e+00
        806      0.817    14.7546   2.930211     2.5739     2.5531     0.0161  0.1616569  0.000e+00
        807      0.784    14.7548   2.930217     2.5775     2.5556     0.0159  0.1616569  0.000e+00
        808      0.751    14.7542   2.930260     2.5812     2.5568     0.0161  0.1616569  0.000e+00
        809      0.850    14.7542   2.930255     2.5861     2.5604     0.0159  0.1616569  0.000e+00
        810      0.751    14.7546   2.930167     2.5885     2.5617     0.0161  0.1611685  0.000e+00
        811      0.850    14.7559   2.930118     2.5910     2.5641     0.0163  0.1562845  0.000e+00
        812      0.751    14.7561   2.930129     2.5934     2.5653     0.0165  0.1538425  0.000e+00
        813      0.850    14.7571   2.930156     2.5958     2.5678     0.0165  0.1533541  0.000e+00
        814      0.751    14.7582   2.930205     2.6007     2.5702     0.0163  0.1538425  0.000e+00
        815      0.850    14.7590   2.930343     2.6032     2.5714     0.0165  0.1533541  0.000e+00
        816      0.817    14.7596   2.930552     2.6056     2.5739     0.0165  0.1538425  0.000e+00
        817      0.784    14.7600   2.930810     2.6081     2.5751     0.0165  0.1533541  0.000e+00
        818      0.817    14.7602   2.930997     2.6117     2.5775     0.0163  0.1538425  0.000e+00
        819      0.850    14.7605   2.931124     2.6154     2.5800     0.0163  0.1538425  0.000e+00
        820      0.817    14.7603   2.931058     2.6154     2.5812     0.0163  0.1538425  0.000e+00
        821      0.850    14.7606   2.931058     2.6178     2.5824     0.0165  0.1538425  0.000e+00
        822      0.751    14.7603   2.931047     2.6203     2.5849     0.0163  0.1538425  0.000e+00
        823      0.849    14.7593   2.931019     2.6252     2.5861     0.0163  0.1538425  0.000e+00
        824      0.816    14.7588   2.930871     2.6264     2.5873     0.0165  0.1533541  0.000e+00
        825      0.849    14.7585   2.930783     2.6276     2.5885     0.0163  0.1538425  0.000e+00
        826      0.750    14.7583   2.930810     2.6300     2.5910     0.0165  0.1538425  0.000e+00
        827      0.849    14.7583   2.930783     2.6325     2.5922     0.0163  0.1538425  0.000e+00
        828      0.816    14.7585   2.930788     2.6361     2.5934     0.0165  0.1538425  0.000e+00
        829      0.783    14.7585   2.930898     2.6361     2.5959     0.0163  0.1538425  0.000e+00
        830      0.750    14.7590   2.930937     2.6374     2.5971     0.0165  0.1538425  0.000e+00
        831      0.783    14.7590   2.930887     2.6398     2.5983     0.0163  0.1538425  0.000e+00
        832      0.816    14.7580   2.930876     2.6422     2.5995     0.0165  0.1538425  0.000e+00
        833      0.725    14.7571   2.930816     2.6447     2.6007     0.0165  0.1538425  0.000e+00
        834      0.750    14.7563   2.930612     2.6459     2.6020     0.0163  0.1538425  0.000e+00
        835      0.816    14.7556   2.930321     2.6471     2.6032     0.0165  0.1538425  0.000e+00
        836      0.725    14.7549   2.930227     2.6484     2.6044     0.0161  0.1538425  0.000e+00
        837      0.750    14.7544   2.930140     2.6520     2.6044     0.0159  0.1548193  0.000e+00
        838      0.725    14.7539   2.930068     2.6545     2.6068     0.0157  0.1553077  0.000e+00
        839      0.750    14.7529   2.930013     2.6545     2.6068     0.0157  0.1553077  0.000e+00
        840      0.783    14.7526   2.929980     2.6557     2.6081     0.0157  0.1548193  0.000e+00
        841      0.750    14.7521   2.929914     2.6569     2.6093     0.0159  0.1553077  0.000e+00
        842      0.783    14.7521   2.929854     2.6606     2.6105     0.0159  0.1553077  0.000e+00
        843      0.816    14.7519   2.929821     2.6618     2.6117     0.0159  0.1553077  0.000e+00
        844      0.783    14.7519   2.929898     2.6642     2.6130     0.0157  0.1548193  0.000e+00
        845      0.816    14.7517   2.929859     2.6642     2.6130     0.0159  0.1553077  0.000e+00
        846      0.725    14.7514   2.929810     2.6654     2.6142     0.0157  0.1548193  0.000e+00
        847      0.873    14.7519   2.929832     2.6691     2.6154     0.0157  0.1553077  0.000e+00
        848      0.783    14.7517   2.929843     2.6703     2.6166     0.0159  0.1553077  0.000e+00
        849      0.815    14.7514   2.929656     2.6703     2.6178     0.0159  0.1553077  0.000e+00
        850      0.848    14.7521   2.929595     2.6703     2.6191     0.0157  0.1548193  0.000e+00
        851      0.873    14.7527   2.929716     2.6740     2.6203     0.0157  0.1553077  0.000e+00
        852      0.782    14.7538   2.929799     2.6752     2.6215     0.0159  0.1548193  0.000e+00
        853      0.873    14.7548   2.929898     2.6752     2.6215     0.0159  0.1553077  0.000e+00
        854      0.782    14.7553   2.929925     2.6764     2.6227     0.0157  0.1553077  0.000e+00
        855      0.873    14.7556   2.930145     2.6777     2.6239     0.0159  0.1553077  0.000e+00
        856      0.782    14.7561   2.930260     2.6801     2.6239     0.0159  0.1553077  0.000e+00
        857      0.873    14.7561   2.930277     2.6813     2.6252     0.0159  0.1553077  0.000e+00
        858      0.782    14.7561   2.930458     2.6813     2.6252     0.0159  0.1553077  0.000e+00
        859      0.815    14.7561   2.930524     2.6838     2.6264     0.0159  0.1553077  0.000e+00
        860      0.848    14.7559   2.930645     2.6838     2.6276     0.0157  0.1553077  0.000e+00
        861      0.815    14.7558   2.930645     2.6850     2.6276     0.0159  0.1548193  0.000e+00
        862      0.782    14.7554   2.930519     2.6874     2.6288     0.0170  0.1523773  0.000e+00
        863      0.815    14.7551   2.930409     2.6886     2.6288     0.0176  0.1509121  0.000e+00
        864      0.724    14.7548   2.930304     2.6874     2.6288     0.0178  0.1504237  0.000e+00
        865      0.815    14.7544   2.930277     2.6886     2.6300     0.0178  0.1509121  0.000e+00
        866      0.724    14.7539   2.930211     2.6911     2.6300     0.0176  0.1509121  0.000e+00
        867      0.815    14.7534   2.930151     2.6923     2.6313     0.0176  0.1509121  0.000e+00
        868      0.724    14.7531   2.930035     2.6911     2.6313     0.0176  0.1509121  0.000e+00
        869      0.749    14.7524   2.929958     2.6935     2.6313     0.0176  0.1509121  0.000e+00
        870      0.782    14.7512   2.929931     2.6935     2.6313     0.0176  0.1509121  0.000e+00
        871      0.749    14.7510   2.929821     2.6960     2.6325     0.0176  0.1509121  0.000e+00
        872      0.724    14.7510   2.929766     2.6960     2.6325     0.0176  0.1509121  0.000e+00
        873      0.749    14.7512   2.929777     2.6960     2.6337     0.0178  0.1509121  0.000e+00
        874      0.782    14.7515   2.929722     2.6984     2.6337     0.0176  0.1509121  0.000e+00
        875      0.749    14.7514   2.929705     2.6984     2.6337     0.0176  0.1509121  0.000e+00
        876      0.749    14.7516   2.929744     2.7009     2.6349     0.0176  0.1509121  0.000e+00
        877      0.782    14.7513   2.929760     2.7009     2.6349     0.0176  0.1509121  0.000e+00
        878      0.749    14.7512   2.929678     2.6996     2.6349     0.0176  0.1509121  0.000e+00
        879      0.781    14.7510   2.929667     2.6996     2.6362     0.0176  0.1509121  0.000e+00
        880      0.814    14.7513   2.929634     2.7021     2.6362     0.0178  0.1509121  0.000e+00
        881      0.781    14.7512   2.929623     2.7033     2.6374     0.0176  0.1509121  0.000e+00
        882      0.748    14.7509   2.929639     2.7033     2.6374     0.0176  0.1509121  0.000e+00
        883      0.847    14.7509   2.929689     2.7033     2.6374     0.0176  0.1509121  0.000e+00
        884      0.814    14.7505   2.929639     2.7033     2.6386     0.0176  0.1509121  0.000e+00
        885      0.847    14.7504   2.929639     2.7057     2.6386     0.0176  0.1509121  0.000e+00
        886      0.814    14.7505   2.929584     2.7070     2.6386     0.0176  0.1509121  0.000e+00
        887      0.847    14.7502   2.929463     2.7082     2.6398     0.0172  0.1509121  0.000e+00
        888      0.814    14.7490   2.929365     2.7070     2.6398     0.0165  0.1494469  0.000e+00
        889      0.781    14.7473   2.929304     2.7082     2.6398     0.0163  0.1489585  0.000e+00
        890      0.872    14.7445   2.929249     2.7094     2.6398     0.0163  0.1489585  0.000e+00
        891      0.781    14.7446   2.929068     2.7094     2.6410     0.0163  0.1489585  0.000e+00
        892      0.872    14.7470   2.928958     2.7094     2.6410     0.0165  0.1489585  0.000e+00
        893      0.781    14.7489   2.929018     2.7094     2.6410     0.0165  0.1489585  0.000e+00
        894      0.814    14.7505   2.929062     2.7094     2.6410     0.0165  0.1489585  0.000e+00
        895      0.781    14.7514   2.929073     2.7118     2.6423     0.0165  0.1489585  0.000e+00
        896      0.871    14.7517   2.929255     2.7131     2.6423     0.0163  0.1489585  0.000e+00
        897      0.723    14.7514   2.929337     2.7118     2.6423     0.0163  0.1489585  0.000e+00
        898      0.814    14.7510   2.929408     2.7118     2.6435     0.0163  0.1489585  0.000e+00
        899      0.781    14.7500   2.929491     2.7131     2.6435     0.0165  0.1489585  0.000e+00
        900      0.814    14.7490   2.929408     2.7143     2.6435     0.0165  0.1489585  0.000e+00
        901      0.723    14.7479   2.929271     2.7143     2.6435     0.0163  0.1489585  0.000e+00
        902      0.814    14.7466   2.929233     2.7143     2.6435     0.0165  0.1489585  0.000e+00
        903      0.723    14.7460   2.929090     2.7143     2.6447     0.0165  0.1489585  0.000e+00
        904      0.813    14.7469   2.929062     2.7180     2.6435     0.0165  0.1489585  0.000e+00
        905      0.723    14.7478   2.929051     2.7180     2.6447     0.0165  0.1489585  0.000e+00
        906      0.813    14.7480   2.929062     2.7167     2.6447     0.0163  0.1489585  0.000e+00
        907      0.723    14.7475   2.929112     2.7180     2.6459     0.0163  0.1489585  0.000e+00
        908      0.813    14.7475   2.929002     2.7180     2.6447     0.0163  0.1489585  0.000e+00
        909      0.780    14.7482   2.928925     2.7192     2.6459     0.0163  0.1489585  0.000e+00
        910      0.747    14.7485   2.928930     2.7192     2.6459     0.0163  0.1489585  0.000e+00
        911      0.780    14.7477   2.928958     2.7192     2.6471     0.0165  0.1489585  0.000e+00
        912      0.747    14.7458   2.928903     2.7180     2.6471     0.0163  0.1489585  0.000e+00
        913      0.780    14.7445   2.928864     2.7180     2.6484     0.0168  0.1499353  0.000e+00
        914      0.813    14.7433   2.928710     2.7204     2.6484     0.0170  0.1509121  0.000e+00
        915      0.780    14.7426   2.928496     2.7228     2.6496     0.0170  0.1509121  0.000e+00
        916      0.813    14.7419   2.928260     2.7204     2.6496     0.0170  0.1509121  0.000e+00
        917      0.722    14.7413   2.928199     2.7204     2.6496     0.0170  0.1509121  0.000e+00
        918      0.871    14.7412   2.928073     2.7192     2.6496     0.0168  0.1509121  0.000e+00
        919      0.813    14.7410   2.927914     2.7228     2.6496     0.0170  0.1509121  0.000e+00
        920      0.780    14.7410   2.927809     2.7228     2.6496     0.0170  0.1509121  0.000e+00
        921      0.813    14.7407   2.927793     2.7216     2.6496     0.0170  0.1509121  0.000e+00
        922      0.846    14.7403   2.927710     2.7228     2.6496     0.0168  0.1509121  0.000e+00
        923      0.813    14.7406   2.927721     2.7216     2.6496     0.0170  0.1509121  0.000e+00
        924      0.846    14.7405   2.927672     2.7241     2.6496     0.0170  0.1509121  0.000e+00
        925      0.870    14.7403   2.927694     2.7228     2.6496     0.0170  0.1509121  0.000e+00
        926      0.846    14.7402   2.927644     2.7228     2.6496     0.0170  0.1509121  0.000e+00
        927      0.813    14.7396   2.927628     2.7228     2.6496     0.0168  0.1509121  0.000e+00
        928      0.845    14.7398   2.927606     2.7228     2.6496     0.0170  0.1509121  0.000e+00
        929      0.812    14.7393   2.927578     2.7253     2.6496     0.0170  0.1509121  0.000e+00
        930      0.779    14.7391   2.927589     2.7241     2.6496     0.0170  0.1509121  0.000e+00
        931      0.870    14.7392   2.927496     2.7241     2.6496     0.0170  0.1509121  0.000e+00
        932      0.779    14.7391   2.927397     2.7228     2.6508     0.0170  0.1509121  0.000e+00
        933      0.812    14.7391   2.927501     2.7253     2.6496     0.0170  0.1509121  0.000e+00
        934      0.779    14.7388   2.927441     2.7253     2.6496     0.0170  0.1509121  0.000e+00
        935      0.812    14.7384   2.927386     2.7241     2.6508     0.0170  0.1509121  0.000e+00
        936      0.845    14.7384   2.927276     2.7241     2.6508     0.0170  0.1509121  0.000e+00
        937      0.746    14.7381   2.927281     2.7241     2.6508     0.0170  0.1509121  0.000e+00
        938      0.845    14.7381   2.927172     2.7253     2.6508     0.0172  0.1474933  0.000e+00
        939      0.812    14.7380   2.927216     2.7265     2.6520     0.0176  0.1396789  0.000e+00
        940      0.845    14.7381   2.927177     2.7253     2.6520     0.0178  0.1372369  0.000e+00
        941      0.812    14.7378   2.927139     2.7253     2.6532     0.0179  0.1372369  0.000e+00
        942      0.779    14.7383   2.927216     2.7253     2.6532     0.0178  0.1372369  0.000e+00
        943      0.812    14.7384   2.927260     2.7277     2.6532     0.0178  0.1377253  0.000e+00
        944      0.845    14.7390   2.927331     2.7277     2.6532     0.0178  0.1377253  0.000e+00
        945      0.812    14.7396   2.927391     2.7277     2.6545     0.0178  0.1377253  0.000e+00
        946      0.845    14.7397   2.927468     2.7253     2.6532     0.0178  0.1377253  0.000e+00
        947      0.812    14.7398   2.927551     2.7277     2.6532     0.0178  0.1377253  0.000e+00
        948      0.845    14.7398   2.927573     2.7277     2.6532     0.0178  0.1372369  0.000e+00
        949      0.812    14.7399   2.927573     2.7277     2.6532     0.0178  0.1377253  0.000e+00
        950      0.845    14.7404   2.927611     2.7265     2.6532     0.0178  0.1377253  0.000e+00
        951      0.869    14.7403   2.927644     2.7277     2.6532     0.0178  0.1377253  0.000e+00
        952      0.779    14.7402   2.927716     2.7277     2.6532     0.0178  0.1377253  0.000e+00
        953      0.869    14.7398   2.927672     2.7289     2.6532     0.0178  0.1377253  0.000e+00
        954      0.844    14.7395   2.927650     2.7277     2.6532     0.0178  0.1372369  0.000e+00
        955      0.811    14.7400   2.927694     2.7277     2.6532     0.0178  0.1377253  0.000e+00
        956      0.844    14.7401   2.927666     2.7277     2.6532     0.0178  0.1377253  0.000e+00
        957      0.811    14.7404   2.927694     2.7289     2.6532     0.0178  0.1377253  0.000e+00
        958      0.869    14.7404   2.927688     2.7289     2.6532     0.0178  0.1377253  0.000e+00
        959      0.778    14.7409   2.927699     2.7289     2.6532     0.0178  0.1377253  0.000e+00
        960      0.869    14.7411   2.927793     2.7277     2.6532     0.0178  0.1377253  0.000e+00
