code/data/2021/ctd_data_day3/station8H_ctm_fil.cnv
* Sea-Bird SBE 9 Data File:
* FileName = C:\Users\CTD-User\Desktop\MAR440\day3\station8H.hex
* Software Version Seasave V 7.26.2.13
* Temperature SN = 6313
* Conductivity SN = 4758
* Number of Bytes Per Scan = 37
* Number of Voltage Words = 4
* Number of Scans Averaged by the Deck Unit = 1
* NMEA Latitude = 58 19.26 N
* NMEA Longitude = 011 49.42 E
* NMEA UTC (Time) = Sep 23 2021 11:26:46
* NMEA baud rate = 4800
** Ship: Skagerrak
** Station: station8H
** Operator: Emma
# nquan = 9
# nvalues = 2851                        
# units = specified
# name 0 = scan: Scan Count
# name 1 = prDM: Pressure, Digiquartz [db]
# name 2 = t090C: Temperature [ITS-90, deg C]
# name 3 = c0S/m: Conductivity [S/m]
# name 4 = sbeox0V: Oxygen raw, SBE 43 [V]
# name 5 = sbeox1V: Oxygen raw, SBE 43, 2 [V]
# name 6 = flECO-AFL: Fluorescence, WET Labs ECO-AFL/FL [mg/m^3]
# name 7 = upoly0: Upoly 0, Turbidity
# name 8 = flag:  0.000e+00
# span 0 =          1,       2851       
# span 1 =      1.387,     23.022       
# span 2 =    13.0407,    15.3630       
# span 3 =   2.902068,   3.761010       
# span 4 =     1.1054,     2.7944       
# span 5 =     1.1407,     2.6911       
# span 6 =     0.0037,     0.0104       
# span 7 =  0.0895694,  0.1540266       
# span 8 = 0.0000e+00, 0.0000e+00       
# interval = seconds: 0.0416667
# start_time = Sep 23 2021 11:26:46 [NMEA time, header]
# bad_flag = -9.990e-29
*END*
[from data line 161]
        162      4.350    14.9158   2.908940     2.4115     2.3059     0.0073  0.1475878 0.0000e+00
        163      4.374    14.9159   2.908865     2.4108     2.3061     0.0073  0.1474467 0.0000e+00
        164      4.398    14.9160   2.908789     2.4101     2.3063     0.0071  0.1472976 0.0000e+00
        165      4.422    14.9161   2.908713     2.4093     2.3066     0.0071  0.1471505 0.0000e+00
        166      4.446    14.9162   2.908637     2.4086     2.3068     0.0070  0.1470147 0.0000e+00
        167      4.470    14.9163   2.908562     2.4079     2.3070     0.0071  0.1468925 0.0000e+00
        168      4.494    14.9164   2.908488     2.4071     2.3073     0.0071  0.1467831 0.0000e+00
        169      4.518    14.9165   2.908414     2.4064     2.3075     0.0071  0.1466858 0.0000e+00
        170      4.543    14.9166   2.908343     2.4056     2.3078     0.0071  0.1465998 0.0000e+00
        171      4.567    14.9166   2.908273     2.4049     2.3081     0.0071  0.1465247 0.0000e+00
        172      4.591    14.9167   2.908205     2.4041     2.3083     0.0071  0.1464597 0.0000e+00
        173      4.615    14.9168   2.908140     2.4034     2.3086     0.0071  0.1464046 0.0000e+00
        174      4.639    14.9169   2.908078     2.4026     2.3088     0.0070  0.1463589 0.0000e+00
        175      4.663    14.9170   2.908018     2.4018     2.3090     0.0071  0.1463222 0.0000e+00
        176      4.688    14.9170   2.907961     2.4011     2.3092     0.0071  0.1462944 0.0000e+00
        177      4.711    14.9171   2.907908     2.4003     2.3095     0.0071  0.1462753 0.0000e+00
        178      4.735    14.9172   2.907857     2.3995     2.3097     0.0071  0.1462647 0.0000e+00
        179      4.759    14.9172   2.907807     2.3987     2.3099     0.0071  0.1462625 0.0000e+00
        180      4.783    14.9173   2.907759     2.3979     2.3100     0.0071  0.1462687 0.0000e+00
        181      4.807    14.9173   2.907711     2.3971     2.3102     0.0071  0.1462835 0.0000e+00
        182      4.831    14.9174   2.907663     2.3963     2.3103     0.0071  0.1463067 0.0000e+00
        183      4.855    14.9174   2.907614     2.3955     2.3105     0.0071  0.1463388 0.0000e+00
        184      4.879    14.9175   2.907564     2.3947     2.3106     0.0071  0.1463797 0.0000e+00
        185      4.903    14.9175   2.907511     2.3939     2.3107     0.0071  0.1464299 0.0000e+00
        186      4.927    14.9176   2.907457     2.3931     2.3107     0.0071  0.1464898 0.0000e+00
        187      4.951    14.9176   2.907399     2.3923     2.3108     0.0071  0.1465596 0.0000e+00
        188      4.975    14.9176   2.907339     2.3915     2.3108     0.0071  0.1466399 0.0000e+00
        189      4.999    14.9176   2.907276     2.3907     2.3109     0.0071  0.1467304 0.0000e+00
        190      5.023    14.9176   2.907209     2.3898     2.3109     0.0070  0.1468266 0.0000e+00
        191      5.048    14.9177   2.907139     2.3890     2.3108     0.0068  0.1469208 0.0000e+00
        192      5.072    14.9177   2.907065     2.3882     2.3108     0.0070  0.1470084 0.0000e+00
        193      5.096    14.9177   2.906988     2.3873     2.3107     0.0070  0.1470892 0.0000e+00
        194      5.120    14.9177   2.906907     2.3865     2.3107     0.0070  0.1471639 0.0000e+00
        195      5.145    14.9177   2.906822     2.3856     2.3106     0.0068  0.1472328 0.0000e+00
        196      5.169    14.9177   2.906734     2.3848     2.3104     0.0070  0.1472966 0.0000e+00
        197      5.194    14.9178   2.906642     2.3839     2.3103     0.0070  0.1473556 0.0000e+00
        198      5.218    14.9178   2.906547     2.3830     2.3101     0.0068  0.1474102 0.0000e+00
        199      5.243    14.9178   2.906448     2.3821     2.3099     0.0070  0.1474608 0.0000e+00
        200      5.267    14.9178   2.906346     2.3812     2.3097     0.0070  0.1475079 0.0000e+00
        201      5.292    14.9178   2.906242     2.3803     2.3095     0.0070  0.1475516 0.0000e+00
        202      5.316    14.9178   2.906137     2.3794     2.3092     0.0070  0.1475923 0.0000e+00
        203      5.341    14.9177   2.906030     2.3785     2.3089     0.0068  0.1476303 0.0000e+00
        204      5.366    14.9177   2.905924     2.3776     2.3086     0.0070  0.1476659 0.0000e+00
        205      5.390    14.9177   2.905817     2.3767     2.3083     0.0070  0.1476993 0.0000e+00
        206      5.415    14.9176   2.905711     2.3758     2.3079     0.0070  0.1477307 0.0000e+00
        207      5.440    14.9176   2.905606     2.3749     2.3076     0.0068  0.1477604 0.0000e+00
        208      5.464    14.9175   2.905502     2.3740     2.3072     0.0068  0.1477885 0.0000e+00
        209      5.489    14.9175   2.905399     2.3730     2.3067     0.0070  0.1478153 0.0000e+00
        210      5.514    14.9174   2.905298     2.3721     2.3063     0.0068  0.1478410 0.0000e+00
        211      5.538    14.9173   2.905197     2.3712     2.3058     0.0070  0.1478656 0.0000e+00
        212      5.563    14.9172   2.905098     2.3702     2.3054     0.0070  0.1478895 0.0000e+00
        213      5.587    14.9170   2.905001     2.3693     2.3049     0.0070  0.1479127 0.0000e+00
        214      5.612    14.9169   2.904906     2.3683     2.3043     0.0070  0.1479354 0.0000e+00
        215      5.637    14.9168   2.904813     2.3674     2.3038     0.0068  0.1479578 0.0000e+00
        216      5.661    14.9167   2.904722     2.3664     2.3032     0.0068  0.1479792 0.0000e+00
        217      5.686    14.9166   2.904633     2.3654     2.3026     0.0068  0.1479980 0.0000e+00
        218      5.711    14.9165   2.904546     2.3645     2.3020     0.0068  0.1480135 0.0000e+00
        219      5.735    14.9164   2.904461     2.3635     2.3014     0.0068  0.1480259 0.0000e+00
        220      5.759    14.9163   2.904378     2.3625     2.3008     0.0068  0.1480352 0.0000e+00
        221      5.784    14.9162   2.904297     2.3615     2.3001     0.0068  0.1480414 0.0000e+00
        222      5.808    14.9161   2.904218     2.3605     2.2995     0.0068  0.1480447 0.0000e+00
        223      5.833    14.9160   2.904141     2.3595     2.2988     0.0068  0.1480450 0.0000e+00
        224      5.857    14.9159   2.904065     2.3585     2.2981     0.0066  0.1480423 0.0000e+00
        225      5.881    14.9159   2.903990     2.3575     2.2974     0.0068  0.1480367 0.0000e+00
        226      5.905    14.9158   2.903918     2.3565     2.2967     0.0068  0.1480289 0.0000e+00
        227      5.930    14.9157   2.903847     2.3555     2.2960     0.0068  0.1480206 0.0000e+00
        228      5.953    14.9156   2.903777     2.3545     2.2953     0.0068  0.1480117 0.0000e+00
        229      5.977    14.9156   2.903709     2.3534     2.2945     0.0068  0.1480005 0.0000e+00
        230      6.001    14.9155   2.903643     2.3524     2.2938     0.0068  0.1479860 0.0000e+00
        231      6.025    14.9155   2.903579     2.3514     2.2930     0.0066  0.1479681 0.0000e+00
        232      6.049    14.9155   2.903516     2.3503     2.2922     0.0068  0.1479467 0.0000e+00
        233      6.073    14.9155   2.903455     2.3493     2.2914     0.0068  0.1479217 0.0000e+00
        234      6.097    14.9155   2.903397     2.3482     2.2906     0.0068  0.1478929 0.0000e+00
        235      6.120    14.9155   2.903340     2.3471     2.2898     0.0068  0.1478601 0.0000e+00
        236      6.144    14.9155   2.903285     2.3460     2.2889     0.0068  0.1478230 0.0000e+00
        237      6.168    14.9156   2.903233     2.3450     2.2881     0.0068  0.1477814 0.0000e+00
        238      6.191    14.9157   2.903183     2.3439     2.2873     0.0068  0.1477351 0.0000e+00
        239      6.215    14.9157   2.903135     2.3428     2.2864     0.0068  0.1476836 0.0000e+00
        240      6.238    14.9158   2.903088     2.3417     2.2855     0.0068  0.1476275 0.0000e+00
        241      6.261    14.9159   2.903044     2.3406     2.2847     0.0066  0.1475698 0.0000e+00
        242      6.285    14.9160   2.903002     2.3395     2.2838     0.0066  0.1475143 0.0000e+00
        243      6.308    14.9162   2.902961     2.3384     2.2829     0.0066  0.1474632 0.0000e+00
        244      6.332    14.9163   2.902922     2.3373     2.2820     0.0066  0.1474170 0.0000e+00
        245      6.355    14.9165   2.902885     2.3362     2.2811     0.0066  0.1473745 0.0000e+00
        246      6.378    14.9166   2.902849     2.3351     2.2801     0.0066  0.1473346 0.0000e+00
        247      6.401    14.9168   2.902815     2.3339     2.2792     0.0066  0.1472970 0.0000e+00
        248      6.424    14.9170   2.902782     2.3328     2.2783     0.0066  0.1472614 0.0000e+00
        249      6.447    14.9172   2.902751     2.3317     2.2773     0.0066  0.1472275 0.0000e+00
        250      6.470    14.9174   2.902722     2.3306     2.2763     0.0066  0.1471953 0.0000e+00
        251      6.493    14.9176   2.902693     2.3294     2.2754     0.0066  0.1471643 0.0000e+00
        252      6.516    14.9178   2.902666     2.3283     2.2744     0.0066  0.1471345 0.0000e+00
        253      6.539    14.9179   2.902641     2.3272     2.2734     0.0066  0.1471056 0.0000e+00
        254      6.562    14.9181   2.902617     2.3260     2.2724     0.0066  0.1470774 0.0000e+00
        255      6.585    14.9182   2.902594     2.3249     2.2714     0.0066  0.1470496 0.0000e+00
        256      6.607    14.9183   2.902572     2.3237     2.2704     0.0066  0.1470222 0.0000e+00
        257      6.630    14.9184   2.902551     2.3226     2.2694     0.0066  0.1469949 0.0000e+00
        258      6.652    14.9185   2.902531     2.3215     2.2683     0.0066  0.1469676 0.0000e+00
        259      6.675    14.9185   2.902511     2.3203     2.2673     0.0066  0.1469400 0.0000e+00
        260      6.698    14.9184   2.902493     2.3192     2.2662     0.0066  0.1469119 0.0000e+00
        261      6.720    14.9184   2.902475     2.3181     2.2652     0.0066  0.1468832 0.0000e+00
        262      6.743    14.9182   2.902458     2.3169     2.2641     0.0066  0.1468545 0.0000e+00
        263      6.765    14.9181   2.902442     2.3158     2.2630     0.0066  0.1468264 0.0000e+00
        264      6.787    14.9179   2.902426     2.3146     2.2620     0.0066  0.1467979 0.0000e+00
        265      6.809    14.9176   2.902411     2.3135     2.2609     0.0066  0.1467680 0.0000e+00
        266      6.831    14.9174   2.902397     2.3123     2.2598     0.0068  0.1467365 0.0000e+00
        267      6.854    14.9171   2.902384     2.3112     2.2587     0.0068  0.1467048 0.0000e+00
        268      6.876    14.9168   2.902371     2.3101     2.2576     0.0070  0.1466761 0.0000e+00
        269      6.898    14.9165   2.902360     2.3089     2.2565     0.0070  0.1466519 0.0000e+00
        270      6.920    14.9161   2.902350     2.3078     2.2555     0.0070  0.1466321 0.0000e+00
        271      6.942    14.9158   2.902341     2.3066     2.2544     0.0070  0.1466164 0.0000e+00
        272      6.964    14.9154   2.902332     2.3055     2.2533     0.0068  0.1466048 0.0000e+00
        273      6.986    14.9150   2.902324     2.3043     2.2522     0.0070  0.1465973 0.0000e+00
        274      7.007    14.9145   2.902317     2.3032     2.2511     0.0068  0.1465937 0.0000e+00
        275      7.029    14.9140   2.902311     2.3020     2.2500     0.0068  0.1465940 0.0000e+00
        276      7.050    14.9135   2.902306     2.3009     2.2489     0.0068  0.1465983 0.0000e+00
        277      7.072    14.9129   2.902300     2.2997     2.2478     0.0068  0.1466066 0.0000e+00
        278      7.093    14.9123   2.902295     2.2985     2.2467     0.0070  0.1466189 0.0000e+00
        279      7.115    14.9117   2.902291     2.2974     2.2456     0.0070  0.1466352 0.0000e+00
        280      7.136    14.9110   2.902287     2.2962     2.2445     0.0070  0.1466558 0.0000e+00
        281      7.157    14.9103   2.902283     2.2951     2.2434     0.0068  0.1466808 0.0000e+00
        282      7.178    14.9097   2.902279     2.2939     2.2423     0.0068  0.1467103 0.0000e+00
        283      7.199    14.9090   2.902276     2.2927     2.2412     0.0068  0.1467446 0.0000e+00
        284      7.220    14.9084   2.902272     2.2915     2.2401     0.0070  0.1467838 0.0000e+00
        285      7.242    14.9078   2.902268     2.2904     2.2390     0.0068  0.1468283 0.0000e+00
        286      7.263    14.9072   2.902265     2.2892     2.2379     0.0070  0.1468784 0.0000e+00
        287      7.284    14.9066   2.902262     2.2880     2.2368     0.0068  0.1469344 0.0000e+00
        288      7.305    14.9060   2.902259     2.2868     2.2357     0.0070  0.1469967 0.0000e+00
        289      7.325    14.9055   2.902256     2.2857     2.2347     0.0068  0.1470657 0.0000e+00
        290      7.346    14.9050   2.902253     2.2845     2.2336     0.0068  0.1471419 0.0000e+00
        291      7.367    14.9046   2.902251     2.2833     2.2325     0.0070  0.1472251 0.0000e+00
        292      7.388    14.9042   2.902250     2.2822     2.2314     0.0070  0.1473115 0.0000e+00
        293      7.408    14.9039   2.902248     2.2810     2.2303     0.0070  0.1473949 0.0000e+00
        294      7.429    14.9036   2.902246     2.2798     2.2293     0.0070  0.1474717 0.0000e+00
        295      7.449    14.9033   2.902245     2.2787     2.2282     0.0070  0.1475415 0.0000e+00
        296      7.470    14.9031   2.902244     2.2775     2.2272     0.0070  0.1476057 0.0000e+00
        297      7.490    14.9030   2.902243     2.2763     2.2261     0.0068  0.1476656 0.0000e+00
        298      7.511    14.9029   2.902241     2.2752     2.2251     0.0068  0.1477208 0.0000e+00
        299      7.531    14.9028   2.902240     2.2740     2.2241     0.0070  0.1477707 0.0000e+00
        300      7.551    14.9028   2.902238     2.2728     2.2231     0.0070  0.1478158 0.0000e+00
        301      7.571    14.9028   2.902236     2.2717     2.2220     0.0068  0.1478564 0.0000e+00
        302      7.591    14.9029   2.902233     2.2705     2.2210     0.0070  0.1478926 0.0000e+00
        303      7.611    14.9030   2.902231     2.2694     2.2201     0.0070  0.1479249 0.0000e+00
        304      7.631    14.9031   2.902229     2.2682     2.2191     0.0070  0.1479533 0.0000e+00
        305      7.652    14.9032   2.902225     2.2671     2.2181     0.0070  0.1479782 0.0000e+00
        306      7.672    14.9034   2.902222     2.2660     2.2171     0.0068  0.1479996 0.0000e+00
        307      7.692    14.9036   2.902219     2.2648     2.2162     0.0068  0.1480178 0.0000e+00
        308      7.711    14.9039   2.902216     2.2637     2.2152     0.0068  0.1480328 0.0000e+00
        309      7.731    14.9041   2.902214     2.2625     2.2143     0.0070  0.1480448 0.0000e+00
        310      7.751    14.9044   2.902211     2.2614     2.2134     0.0068  0.1480538 0.0000e+00
        311      7.771    14.9046   2.902208     2.2603     2.2124     0.0068  0.1480599 0.0000e+00
        312      7.790    14.9049   2.902206     2.2592     2.2115     0.0068  0.1480632 0.0000e+00
        313      7.810    14.9052   2.902203     2.2580     2.2106     0.0070  0.1480636 0.0000e+00
        314      7.830    14.9055   2.902200     2.2569     2.2098     0.0068  0.1480612 0.0000e+00
        315      7.850    14.9059   2.902196     2.2558     2.2089     0.0068  0.1480560 0.0000e+00
        316      7.869    14.9062   2.902193     2.2547     2.2080     0.0070  0.1480479 0.0000e+00
        317      7.889    14.9065   2.902190     2.2536     2.2071     0.0068  0.1480377 0.0000e+00
        318      7.908    14.9068   2.902186     2.2525     2.2063     0.0068  0.1480270 0.0000e+00
        319      7.928    14.9072   2.902183     2.2514     2.2054     0.0068  0.1480167 0.0000e+00
        320      7.947    14.9075   2.902180     2.2504     2.2046     0.0068  0.1480066 0.0000e+00
