code/data/2021/ctd_data_day3/station3c_ctm.cnv
* Sea-Bird SBE 9 Data File:
* FileName = C:\Users\CTD-User\Desktop\MAR440\day3\station3c.hex
* Software Version Seasave V 7.26.2.13
* Temperature SN = 6313
* Conductivity SN = 4758
* Number of Bytes Per Scan = 37
* Number of Voltage Words = 4
* Number of Scans Averaged by the Deck Unit = 1
* NMEA Latitude = 58 19.70 N
* NMEA Longitude = 011 51.37 E
* NMEA UTC (Time) = Sep 23 2021 09:07:02
* NMEA baud rate = 4800
** Ship: Skagerrak
** Station: station3C
** Operator: Eva
# nquan = 9
# nvalues = 4697                        
# units = specified
# name 0 = scan: Scan Count
# name 1 = prDM: Pressure, Digiquartz [db]
# name 2 = t090C: Temperature [ITS-90, deg C]
# name 3 = c0S/m: Conductivity [S/m]
# name 4 = sbeox0V: Oxygen raw, SBE 43 [V]
# name 5 = sbeox1V: Oxygen raw, SBE 43, 2 [V]
# name 6 = flECO-AFL: Fluorescence, WET Labs ECO-AFL/FL [mg/m^3]
# name 7 = upoly0: Upoly 0, Turbidity
# name 8 = flag:  0.000e+00
# span 0 =          1,       4697       
# span 1 =      0.630,     19.095       
# span 2 =     7.0204,    15.5591       
# span 3 =   2.896240,   3.475521       
# span 4 =     0.5883,     2.9487       
# span 5 =     0.6079,     2.6361       
# span 6 =     0.0038,     0.0258       
# span 7 =  0.0888852,  0.1684945       
# span 8 = 0.0000e+00, 0.0000e+00       
# interval = seconds: 0.0416667
# start_time = Sep 23 2021 09:07:02 [NMEA time, header]
# bad_flag = -9.990e-29
*END*
[from data line 1441]
       1442      1.004    15.1387   2.968132     2.1123     1.9890     0.0055  0.1557961 0.0000e+00
       1443      1.036    15.1389   2.968281     2.1123     1.9890     0.0055  0.1562845 0.0000e+00
       1444      1.069    15.1387   2.968395     2.1135     1.9902     0.0051  0.1562845 0.0000e+00
       1445      1.036    15.1387   2.968416     2.1135     1.9902     0.0055  0.1562845 0.0000e+00
       1446      1.003    15.1386   2.968370     2.1099     1.9914     0.0051  0.1562845 0.0000e+00
       1447      1.036    15.1387   2.968420     2.1087     1.9939     0.0051  0.1562845 0.0000e+00
       1448      1.036    15.1388   2.968573     2.1123     1.9976     0.0051  0.1562845 0.0000e+00
       1449      1.069    15.1386   2.968604     2.1148     1.9976     0.0051  0.1557961 0.0000e+00
       1450      1.036    15.1386   2.968664     2.1148     2.0024     0.0051  0.1562845 0.0000e+00
       1451      1.069    15.1387   2.968724     2.1160     2.0061     0.0051  0.1562845 0.0000e+00
       1452      1.036    15.1386   2.968612     2.1184     2.0098     0.0051  0.1562845 0.0000e+00
       1453      1.069    15.1386   2.968655     2.1197     2.0146     0.0051  0.1562845 0.0000e+00
       1454      1.036    15.1386   2.968836     2.1197     2.0208     0.0051  0.1562845 0.0000e+00
       1455      1.003    15.1387   2.968814     2.1270     2.0269     0.0051  0.1562845 0.0000e+00
       1456      1.036    15.1386   2.968746     2.1306     2.0330     0.0051  0.1562845 0.0000e+00
       1457      1.003    15.1387   2.968667     2.1343     2.0391     0.0051  0.1557961 0.0000e+00
       1458      1.036    15.1386   2.968771     2.1404     2.0464     0.0051  0.1557961 0.0000e+00
       1459      1.003    15.1389   2.968782     2.1429     2.0549     0.0055  0.1562845 0.0000e+00
       1460      0.970    15.1386   2.968780     2.1453     2.0635     0.0051  0.1597033 0.0000e+00
       1461      1.069    15.1384   2.968867     2.1514     2.0720     0.0049  0.1611685 0.0000e+00
       1462      0.912    15.1387   2.968745     2.1575     2.0818     0.0049  0.1611685 0.0000e+00
       1463      1.069    15.1386   2.968656     2.1636     2.0916     0.0049  0.1611685 0.0000e+00
       1464      0.912    15.1383   2.968631     2.1709     2.1001     0.0049  0.1611685 0.0000e+00
       1465      1.003    15.1383   2.968740     2.1783     2.1087     0.0049  0.1611685 0.0000e+00
       1466      0.912    15.1383   2.968877     2.1868     2.1184     0.0049  0.1606801 0.0000e+00
       1467      1.003    15.1383   2.968849     2.1941     2.1282     0.0049  0.1611685 0.0000e+00
       1468      0.970    15.1381   2.968864     2.2015     2.1380     0.0049  0.1611685 0.0000e+00
       1469      0.945    15.1383   2.968924     2.2076     2.1490     0.0049  0.1606801 0.0000e+00
       1470      0.969    15.1383   2.968940     2.2149     2.1587     0.0049  0.1611685 0.0000e+00
       1471      1.002    15.1383   2.968872     2.2247     2.1685     0.0048  0.1611685 0.0000e+00
       1472      0.969    15.1384   2.968856     2.2320     2.1783     0.0049  0.1611685 0.0000e+00
       1473      0.969    15.1383   2.968925     2.2405     2.1880     0.0049  0.1611685 0.0000e+00
       1474      1.002    15.1383   2.969002     2.2491     2.1966     0.0049  0.1611685 0.0000e+00
       1475      0.969    15.1384   2.969057     2.2552     2.2051     0.0049  0.1606801 0.0000e+00
       1476      1.002    15.1381   2.969072     2.2637     2.2149     0.0049  0.1611685 0.0000e+00
       1477      0.969    15.1383   2.968816     2.2711     2.2222     0.0049  0.1611685 0.0000e+00
       1478      1.002    15.1381   2.968893     2.2796     2.2320     0.0049  0.1606801 0.0000e+00
       1479      0.969    15.1381   2.969080     2.2894     2.2405     0.0049  0.1611685 0.0000e+00
       1480      1.002    15.1377   2.969077     2.2955     2.2479     0.0051  0.1611685 0.0000e+00
       1481      0.969    15.1374   2.969146     2.3052     2.2564     0.0049  0.1611685 0.0000e+00
       1482      0.944    15.1372   2.968901     2.3126     2.2637     0.0049  0.1611685 0.0000e+00
       1483      0.969    15.1372   2.969011     2.3175     2.2711     0.0049  0.1611685 0.0000e+00
       1484      1.002    15.1372   2.969105     2.3248     2.2784     0.0049  0.1611685 0.0000e+00
       1485      0.969    15.1371   2.968965     2.3333     2.2857     0.0051  0.1601917 0.0000e+00
       1486      0.944    15.1372   2.968854     2.3407     2.2930     0.0055  0.1597033 0.0000e+00
       1487      0.969    15.1372   2.968710     2.3468     2.2991     0.0055  0.1597033 0.0000e+00
       1488      1.002    15.1374   2.968991     2.3553     2.3077     0.0055  0.1597033 0.0000e+00
       1489      0.969    15.1371   2.969067     2.3626     2.3150     0.0055  0.1597033 0.0000e+00
       1490      0.944    15.1371   2.968950     2.3700     2.3223     0.0055  0.1597033 0.0000e+00
       1491      0.969    15.1372   2.968849     2.3773     2.3284     0.0055  0.1597033 0.0000e+00
       1492      1.002    15.1372   2.968997     2.3834     2.3346     0.0055  0.1597033 0.0000e+00
       1493      0.969    15.1372   2.969168     2.3895     2.3419     0.0055  0.1597033 0.0000e+00
       1494      0.944    15.1372   2.969107     2.3944     2.3492     0.0053  0.1597033 0.0000e+00
       1495      0.968    15.1371   2.969055     2.4017     2.3541     0.0055  0.1597033 0.0000e+00
       1496      0.944    15.1372   2.969028     2.4078     2.3602     0.0053  0.1597033 0.0000e+00
       1497      0.968    15.1376   2.969073     2.4127     2.3663     0.0055  0.1597033 0.0000e+00
       1498      0.886    15.1374   2.969098     2.4200     2.3712     0.0053  0.1597033 0.0000e+00
       1499      1.034    15.1374   2.969059     2.4249     2.3785     0.0053  0.1597033 0.0000e+00
       1500      0.968    15.1376   2.969130     2.4310     2.3822     0.0053  0.1597033 0.0000e+00
       1501      1.001    15.1376   2.969052     2.4383     2.3871     0.0055  0.1597033 0.0000e+00
       1502      0.968    15.1377   2.969174     2.4444     2.3932     0.0055  0.1597033 0.0000e+00
       1503      0.943    15.1374   2.969150     2.4469     2.3980     0.0055  0.1597033 0.0000e+00
       1504      0.968    15.1374   2.969165     2.4542     2.4029     0.0053  0.1597033 0.0000e+00
       1505      1.001    15.1375   2.968971     2.4591     2.4078     0.0053  0.1592149 0.0000e+00
       1506      0.968    15.1377   2.968987     2.4689     2.4127     0.0053  0.1597033 0.0000e+00
       1507      0.943    15.1377   2.969109     2.4774     2.4164     0.0053  0.1597033 0.0000e+00
       1508      0.968    15.1377   2.969086     2.4823     2.4200     0.0053  0.1597033 0.0000e+00
       1509      1.001    15.1379   2.969069     2.4884     2.4249     0.0053  0.1597033 0.0000e+00
       1510      0.968    15.1379   2.969046     2.4933     2.4286     0.0051  0.1592149 0.0000e+00
       1511      1.001    15.1379   2.969100     2.4982     2.4322     0.0053  0.1592149 0.0000e+00
       1512      0.968    15.1379   2.969133     2.5006     2.4347     0.0051  0.1592149 0.0000e+00
       1513      0.943    15.1379   2.969082     2.5055     2.4383     0.0051  0.1592149 0.0000e+00
       1514      0.968    15.1376   2.969081     2.5116     2.4408     0.0051  0.1592149 0.0000e+00
       1515      1.001    15.1376   2.969025     2.5153     2.4444     0.0051  0.1592149 0.0000e+00
       1516      0.968    15.1377   2.969079     2.5189     2.4469     0.0051  0.1592149 0.0000e+00
       1517      0.943    15.1377   2.969029     2.5226     2.4505     0.0051  0.1592149 0.0000e+00
       1518      0.968    15.1374   2.969022     2.5250     2.4530     0.0051  0.1592149 0.0000e+00
       1519      0.943    15.1376   2.969132     2.5324     2.4554     0.0051  0.1587265 0.0000e+00
       1520      0.968    15.1376   2.969043     2.5348     2.4591     0.0051  0.1592149 0.0000e+00
       1521      0.943    15.1374   2.969035     2.5360     2.4615     0.0051  0.1592149 0.0000e+00
       1522      0.967    15.1371   2.969155     2.5397     2.4640     0.0051  0.1592149 0.0000e+00
       1523      1.000    15.1372   2.969171     2.5433     2.4676     0.0051  0.1592149 0.0000e+00
       1524      0.910    15.1369   2.968992     2.5494     2.4701     0.0051  0.1592149 0.0000e+00
       1525      0.967    15.1367   2.969041     2.5519     2.4737     0.0051  0.1592149 0.0000e+00
       1526      1.000    15.1372   2.969175     2.5531     2.4750     0.0051  0.1592149 0.0000e+00
       1527      0.910    15.1369   2.969068     2.5568     2.4786     0.0051  0.1587265 0.0000e+00
       1528      1.000    15.1371   2.969123     2.5617     2.4811     0.0051  0.1592149 0.0000e+00
       1529      0.967    15.1372   2.969035     2.5641     2.4835     0.0051  0.1592149 0.0000e+00
       1530      0.942    15.1372   2.969056     2.5665     2.4860     0.0051  0.1592149 0.0000e+00
       1531      0.909    15.1372   2.969149     2.5690     2.4896     0.0051  0.1592149 0.0000e+00
       1532      0.942    15.1372   2.969060     2.5702     2.4908     0.0051  0.1592149 0.0000e+00
       1533      0.967    15.1372   2.969186     2.5763     2.4933     0.0051  0.1587265 0.0000e+00
       1534      0.942    15.1373   2.969136     2.5775     2.4957     0.0051  0.1592149 0.0000e+00
       1535      0.909    15.1372   2.969135     2.5788     2.4982     0.0051  0.1587265 0.0000e+00
       1536      0.942    15.1374   2.969195     2.5812     2.5006     0.0051  0.1582381 0.0000e+00
       1537      0.967    15.1371   2.969272     2.5836     2.5030     0.0051  0.1572613 0.0000e+00
       1538      0.942    15.1374   2.969189     2.5873     2.5043     0.0051  0.1572613 0.0000e+00
       1539      0.967    15.1369   2.969070     2.5897     2.5067     0.0051  0.1572613 0.0000e+00
       1540      0.942    15.1371   2.969198     2.5910     2.5092     0.0051  0.1572613 0.0000e+00
       1541      0.967    15.1371   2.969175     2.5910     2.5116     0.0051  0.1572613 0.0000e+00
       1542      0.942    15.1369   2.969151     2.5934     2.5140     0.0051  0.1572613 0.0000e+00
       1543      0.967    15.1371   2.969085     2.5983     2.5153     0.0051  0.1572613 0.0000e+00
       1544      1.000    15.1369   2.969128     2.5983     2.5177     0.0051  0.1572613 0.0000e+00
       1545      0.967    15.1367   2.969160     2.5995     2.5201     0.0051  0.1572613 0.0000e+00
       1546      0.999    15.1369   2.969132     2.6007     2.5214     0.0051  0.1572613 0.0000e+00
       1547      1.032    15.1369   2.969242     2.6020     2.5226     0.0051  0.1572613 0.0000e+00
       1548      0.999    15.1366   2.969113     2.6056     2.5238     0.0051  0.1572613 0.0000e+00
       1549      0.966    15.1366   2.969113     2.6056     2.5262     0.0051  0.1572613 0.0000e+00
       1550      1.032    15.1366   2.969139     2.6056     2.5275     0.0051  0.1572613 0.0000e+00
       1551      1.065    15.1366   2.969227     2.6081     2.5287     0.0051  0.1567729 0.0000e+00
       1552      0.966    15.1367   2.969149     2.6105     2.5299     0.0051  0.1572613 0.0000e+00
       1553      0.999    15.1366   2.968966     2.6129     2.5311     0.0051  0.1572613 0.0000e+00
       1554      1.032    15.1366   2.969016     2.6117     2.5324     0.0051  0.1572613 0.0000e+00
       1555      0.999    15.1366   2.969136     2.6142     2.5336     0.0051  0.1572613 0.0000e+00
       1556      1.032    15.1367   2.969042     2.6154     2.5348     0.0051  0.1572613 0.0000e+00
       1557      0.999    15.1364   2.968875     2.6178     2.5372     0.0051  0.1572613 0.0000e+00
       1558      0.966    15.1364   2.969001     2.6190     2.5385     0.0051  0.1572613 0.0000e+00
       1559      0.999    15.1366   2.969128     2.6203     2.5397     0.0051  0.1572613 0.0000e+00
       1560      1.032    15.1364   2.969182     2.6203     2.5409     0.0051  0.1572613 0.0000e+00
       1561      0.999    15.1364   2.969170     2.6215     2.5421     0.0051  0.1572613 0.0000e+00
       1562      0.966    15.1366   2.968978     2.6239     2.5433     0.0053  0.1601917 0.0000e+00
       1563      0.999    15.1366   2.969070     2.6251     2.5446     0.0053  0.1616569 0.0000e+00
       1564      0.966    15.1366   2.969152     2.6251     2.5458     0.0053  0.1616569 0.0000e+00
       1565      0.999    15.1366   2.969097     2.6251     2.5458     0.0053  0.1616569 0.0000e+00
       1566      0.966    15.1364   2.969096     2.6276     2.5482     0.0053  0.1616569 0.0000e+00
       1567      0.883    15.1366   2.968980     2.6300     2.5482     0.0053  0.1616569 0.0000e+00
       1568      1.089    15.1364   2.969094     2.6300     2.5494     0.0053  0.1611685 0.0000e+00
       1569      0.941    15.1364   2.969133     2.6313     2.5507     0.0053  0.1616569 0.0000e+00
       1570      1.032    15.1362   2.969147     2.6325     2.5519     0.0053  0.1616569 0.0000e+00
       1571      0.941    15.1364   2.969076     2.6325     2.5531     0.0053  0.1611685 0.0000e+00
       1572      1.031    15.1362   2.969003     2.6349     2.5543     0.0053  0.1616569 0.0000e+00
       1573      0.998    15.1362   2.969124     2.6361     2.5556     0.0053  0.1616569 0.0000e+00
       1574      1.031    15.1364   2.969179     2.6361     2.5556     0.0053  0.1616569 0.0000e+00
       1575      0.965    15.1366   2.969119     2.6374     2.5568     0.0053  0.1616569 0.0000e+00
       1576      1.064    15.1367   2.969058     2.6398     2.5580     0.0053  0.1616569 0.0000e+00
       1577      0.965    15.1366   2.969057     2.6410     2.5592     0.0053  0.1616569 0.0000e+00
       1578      1.064    15.1364   2.969150     2.6410     2.5604     0.0053  0.1616569 0.0000e+00
       1579      1.031    15.1366   2.969222     2.6410     2.5604     0.0053  0.1616569 0.0000e+00
       1580      0.998    15.1366   2.969254     2.6410     2.5617     0.0053  0.1616569 0.0000e+00
       1581      1.031    15.1367   2.969138     2.6447     2.5617     0.0053  0.1616569 0.0000e+00
       1582      1.064    15.1367   2.969132     2.6447     2.5629     0.0053  0.1616569 0.0000e+00
       1583      0.965    15.1366   2.969192     2.6447     2.5629     0.0053  0.1616569 0.0000e+00
       1584      1.064    15.1366   2.969224     2.6447     2.5641     0.0053  0.1616569 0.0000e+00
       1585      1.031    15.1364   2.969129     2.6459     2.5653     0.0053  0.1616569 0.0000e+00
       1586      1.064    15.1362   2.969051     2.6496     2.5653     0.0053  0.1616569 0.0000e+00
       1587      1.031    15.1362   2.969171     2.6496     2.5665     0.0053  0.1606801 0.0000e+00
       1588      0.998    15.1360   2.969226     2.6496     2.5665     0.0053  0.1601917 0.0000e+00
       1589      1.031    15.1362   2.969209     2.6496     2.5678     0.0053  0.1597033 0.0000e+00
       1590      1.064    15.1360   2.969098     2.6496     2.5690     0.0053  0.1601917 0.0000e+00
       1591      1.031    15.1362   2.969181     2.6520     2.5690     0.0053  0.1601917 0.0000e+00
       1592      0.998    15.1367   2.969227     2.6545     2.5702     0.0053  0.1601917 0.0000e+00
       1593      1.031    15.1367   2.969314     2.6520     2.5714     0.0053  0.1597033 0.0000e+00
       1594      1.064    15.1372   2.969404     2.6532     2.5714     0.0053  0.1597033 0.0000e+00
       1595      1.031    15.1371   2.969381     2.6532     2.5726     0.0053  0.1597033 0.0000e+00
       1596      1.064    15.1372   2.969441     2.6569     2.5726     0.0053  0.1601917 0.0000e+00
       1597      1.031    15.1372   2.969436     2.6557     2.5739     0.0053  0.1601917 0.0000e+00
       1598      0.998    15.1372   2.969402     2.6569     2.5739     0.0053  0.1601917 0.0000e+00
       1599      1.088    15.1376   2.969414     2.6569     2.5751     0.0053  0.1601917 0.0000e+00
       1600      1.030    15.1372   2.969494     2.6593     2.5751     0.0053  0.1601917 0.0000e+00
