code/data/2021/ctd_data_day3/station2B_ctm.cnv
* Sea-Bird SBE 9 Data File:
* FileName = C:\Users\CTD-User\Desktop\MAR440\day3\station2B.hex
* Software Version Seasave V 7.26.2.13
* Temperature SN = 6313
* Conductivity SN = 4758
* Number of Bytes Per Scan = 37
* Number of Voltage Words = 4
* Number of Scans Averaged by the Deck Unit = 1
* NMEA Latitude = 58 20.01 N
* NMEA Longitude = 011 52.53 E
* NMEA UTC (Time) = Sep 23 2021 08:43:00
* NMEA baud rate = 4800
** Ship: Skagerrak
** Station: station2B
** Operator: Eva
# nquan = 9
# nvalues = 5095                        
# units = specified
# name 0 = scan: Scan Count
# name 1 = prDM: Pressure, Digiquartz [db]
# name 2 = t090C: Temperature [ITS-90, deg C]
# name 3 = c0S/m: Conductivity [S/m]
# name 4 = sbeox0V: Oxygen raw, SBE 43 [V]
# name 5 = sbeox1V: Oxygen raw, SBE 43, 2 [V]
# name 6 = flECO-AFL: Fluorescence, WET Labs ECO-AFL/FL [mg/m^3]
# name 7 = upoly0: Upoly 0, Turbidity
# name 8 = flag:  0.000e+00
# span 0 =          1,       5095       
# span 1 =      0.188,     45.391       
# span 2 =     7.5723,    15.8582       
# span 3 =   0.044614,   3.476282       
# span 4 =     0.4687,     3.2015       
# span 5 =     0.5334,     2.8169       
# span 6 =     0.0033,     0.0346       
# span 7 =  0.0800940,  0.2285678       
# span 8 = 0.0000e+00, 0.0000e+00       
# interval = seconds: 0.0416667
# start_time = Sep 23 2021 08:43:00 [NMEA time, header]
# bad_flag = -9.990e-29
*END*
[from data line 161]
        162      0.246    13.0016   0.047631     2.9389     2.7766     0.0093  0.0810708 0.0000e+00
        163      0.337    12.9999   0.047255     2.9389     2.7766     0.0093  0.0815592 0.0000e+00
        164      0.246    12.9981   0.047805     2.9389     2.7766     0.0093  0.0815592 0.0000e+00
        165      0.279    12.9964   0.047286     2.9389     2.7766     0.0093  0.0810708 0.0000e+00
        166      0.304    12.9946   0.047771     2.9389     2.7766     0.0093  0.0810708 0.0000e+00
        167      0.279    12.9937   0.046944     2.9389     2.7766     0.0093  0.0815592 0.0000e+00
        168      0.304    12.9924   0.047587     2.9389     2.7766     0.0093  0.0810708 0.0000e+00
        169      0.279    12.9908   0.046978     2.9389     2.7766     0.0093  0.0810708 0.0000e+00
        170      0.304    12.9891   0.047883     2.9389     2.7766     0.0093  0.0815592 0.0000e+00
        171      0.279    12.9864   0.046990     2.9389     2.7766     0.0093  0.0815592 0.0000e+00
        172      0.246    12.9820   0.047686     2.9389     2.7766     0.0093  0.0815592 0.0000e+00
        173      0.337    12.9777   0.046992     2.9389     2.7766     0.0093  0.0810708 0.0000e+00
        174      0.246    12.9737   0.047631     2.9389     2.7766     0.0093  0.0815592 0.0000e+00
        175      0.337    12.9660   0.046837     2.9389     2.7766     0.0093  0.0815592 0.0000e+00
        176      0.246    12.9587   0.047279     2.9389     2.7766     0.0068  0.0810708 0.0000e+00
        177      0.337    12.9541   0.046909     2.9389     2.7766     0.0051  0.0810708 0.0000e+00
        178      0.246    12.9511   0.047157     2.9389     2.7766     0.0048  0.0815592 0.0000e+00
        179      0.279    12.9488   0.047093     2.9389     2.7766     0.0049  0.0810708 0.0000e+00
        180      0.304    12.9467   0.047180     2.9389     2.7766     0.0049  0.0810708 0.0000e+00
        181      0.279    12.9430   0.046896     2.9389     2.7766     0.0049  0.0810708 0.0000e+00
        182      0.304    12.9395   0.046963     2.9389     2.7766     0.0049  0.0815592 0.0000e+00
        183      0.279    12.9373   0.047212     2.9389     2.7766     0.0049  0.0810708 0.0000e+00
        184      0.304    12.9351   0.047100     2.9389     2.7766     0.0049  0.0815592 0.0000e+00
        185      0.279    12.9331   0.047137     2.9389     2.7766     0.0049  0.0810708 0.0000e+00
        186      0.304    12.9310   0.047201     2.9389     2.7766     0.0049  0.0810708 0.0000e+00
        187      0.279    12.9285   0.047299     2.9389     2.7766     0.0049  0.0810708 0.0000e+00
        188      0.304    12.9257   0.046944     2.9389     2.7766     0.0049  0.0810708 0.0000e+00
        189      0.279    12.9233   0.047186     2.9389     2.7766     0.0049  0.0810708 0.0000e+00
        190      0.246    12.9210   0.046810     2.9389     2.7766     0.0049  0.0810708 0.0000e+00
        191      0.337    12.9185   0.047169     2.9389     2.7766     0.0049  0.0815592 0.0000e+00
        192      0.246    12.9158   0.046891     2.9389     2.7766     0.0049  0.0815592 0.0000e+00
        193      0.337    12.9136   0.047360     2.9389     2.7766     0.0049  0.0810708 0.0000e+00
        194      0.246    12.9116   0.047082     2.9389     2.7766     0.0049  0.0810708 0.0000e+00
        195      0.337    12.9096   0.047460     2.9389     2.7766     0.0049  0.0810708 0.0000e+00
        196      0.246    12.9076   0.046997     2.9389     2.7766     0.0049  0.0815592 0.0000e+00
        197      0.337    12.9058   0.047305     2.9389     2.7766     0.0049  0.0810708 0.0000e+00
        198      0.246    12.9039   0.047171     2.9389     2.7766     0.0049  0.0810708 0.0000e+00
        199      0.246    12.9016   0.047667     2.9389     2.7766     0.0049  0.0810708 0.0000e+00
        200      0.337    12.8989   0.047318     2.9389     2.7766     0.0049  0.0815592 0.0000e+00
        201      0.246    12.8956   0.047869     2.9389     2.7766     0.0057  0.0810708 0.0000e+00
        202      0.279    12.8923   0.047432     2.9389     2.7766     0.0075  0.0810708 0.0000e+00
        203      0.304    12.8888   0.047841     2.9389     2.7766     0.0081  0.0810708 0.0000e+00
        204      0.279    12.8850   0.047544     2.9389     2.7766     0.0081  0.0810708 0.0000e+00
        205      0.304    12.8818   0.048278     2.9389     2.7766     0.0081  0.0810708 0.0000e+00
        206      0.279    12.8786   0.047677     2.9389     2.7766     0.0081  0.0815592 0.0000e+00
        207      0.304    12.8765   0.048523     2.9389     2.7766     0.0081  0.0815592 0.0000e+00
        208      0.279    12.8748   0.047497     2.9389     2.7766     0.0081  0.0815592 0.0000e+00
        209      0.304    12.8731   0.047683     2.9389     2.7766     0.0081  0.0815592 0.0000e+00
        210      0.279    12.8711   0.047416     2.9389     2.7766     0.0081  0.0810708 0.0000e+00
        211      0.246    12.8686   0.047993     2.9389     2.7766     0.0081  0.0815592 0.0000e+00
        212      0.279    12.8655   0.047751     2.9389     2.7766     0.0081  0.0815592 0.0000e+00
        213      0.304    12.8623   0.048160     2.9389     2.7766     0.0081  0.0810708 0.0000e+00
        214      0.279    12.8596   0.047395     2.9389     2.7766     0.0081  0.0815592 0.0000e+00
        215      0.304    12.8573   0.047601     2.9389     2.7766     0.0081  0.0810708 0.0000e+00
        216      0.279    12.8550   0.047387     2.9389     2.7766     0.0081  0.0815592 0.0000e+00
        217      0.246    12.8519   0.047735     2.9389     2.7766     0.0081  0.0810708 0.0000e+00
        218      0.337    12.8495   0.047520     2.9389     2.7766     0.0081  0.0815592 0.0000e+00
        219      0.246    12.8475   0.047974     2.9389     2.7766     0.0081  0.0810708 0.0000e+00
        220      0.279    12.8458   0.047420     2.9389     2.7766     0.0081  0.0815592 0.0000e+00
        221      0.246    12.8440   0.047665     2.9389     2.7766     0.0081  0.0810708 0.0000e+00
        222      0.337    12.8421   0.047310     2.9389     2.7766     0.0079  0.0810708 0.0000e+00
        223      0.246    12.8401   0.047852     2.9389     2.7766     0.0081  0.0810708 0.0000e+00
        224      0.279    12.8383   0.047448     2.9389     2.7766     0.0081  0.0815592 0.0000e+00
        225      0.304    12.8365   0.047670     2.9389     2.7766     0.0081  0.0810708 0.0000e+00
        226      0.279    12.8344   0.047290     2.9389     2.7766     0.0081  0.0815592 0.0000e+00
        227      0.246    12.8317   0.047512     2.9389     2.7766     0.0081  0.0810708 0.0000e+00
        228      0.279    12.8297   0.047563     2.9389     2.7766     0.0079  0.0815592 0.0000e+00
        229      0.304    12.8273   0.047473     2.9389     2.7766     0.0079  0.0815592 0.0000e+00
        230      0.279    12.8250   0.047177     2.9389     2.7766     0.0079  0.0815592 0.0000e+00
        231      0.304    12.8225   0.047621     2.9389     2.7766     0.0081  0.0810708 0.0000e+00
        232      0.279    12.8210   0.047578     2.9389     2.7766     0.0079  0.0815592 0.0000e+00
        233      0.246    12.8196   0.047500     2.9389     2.7766     0.0079  0.0815592 0.0000e+00
        234      0.279    12.8177   0.047643     2.9389     2.7766     0.0079  0.0810708 0.0000e+00
        235      0.304    12.8157   0.047518     2.9389     2.7766     0.0079  0.0815592 0.0000e+00
        236      0.279    12.8140   0.047585     2.9389     2.7766     0.0079  0.0815592 0.0000e+00
        237      0.304    12.8114   0.047651     2.9389     2.7766     0.0079  0.0815592 0.0000e+00
        238      0.279    12.8081   0.047495     2.9389     2.7766     0.0081  0.0810708 0.0000e+00
        239      0.246    12.8038   0.047641     2.9389     2.7766     0.0081  0.0810708 0.0000e+00
        240      0.279    12.8000   0.047497     2.9389     2.7766     0.0079  0.0810708 0.0000e+00
        241      0.304    12.7957   0.047748     2.9377     2.7766     0.0081  0.0810708 0.0000e+00
        242      0.279    12.7924   0.047561     2.9389     2.7766     0.0081  0.0810708 0.0000e+00
        243      0.246    12.7902   0.047258     2.9389     2.7766     0.0081  0.0810708 0.0000e+00
        244      0.337    12.7882   0.047292     2.9389     2.7766     0.0079  0.0815592 0.0000e+00
        245      0.246    12.7868   0.047340     2.9389     2.7766     0.0079  0.0815592 0.0000e+00
        246      0.246    12.7853   0.047492     2.9389     2.7766     0.0079  0.0815592 0.0000e+00
        247      0.279    12.7841   0.047617     2.9389     2.7766     0.0079  0.0815592 0.0000e+00
        248      0.304    12.7820   0.047773     2.9389     2.7766     0.0081  0.0810708 0.0000e+00
        249      0.279    12.7801   0.047315     2.9389     2.7766     0.0079  0.0815592 0.0000e+00
        250      0.246    12.7782   0.047361     2.9389     2.7766     0.0079  0.0815592 0.0000e+00
        251      0.279    12.7768   0.047292     2.9389     2.7766     0.0079  0.0810708 0.0000e+00
        252      0.246    12.7758   0.047506     2.9389     2.7766     0.0071  0.0810708 0.0000e+00
        253      0.279    12.7755   0.047788     2.9389     2.7766     0.0055  0.0805824 0.0000e+00
        254      0.304    12.7735   0.047848     2.9389     2.7766     0.0048  0.0800940 0.0000e+00
        255      0.279    12.7712   0.047756     2.9389     2.7766     0.0049  0.0805824 0.0000e+00
        256      0.246    12.7688   0.047681     2.9389     2.7766     0.0049  0.0805824 0.0000e+00
        257      0.279    12.7656   0.047521     2.9389     2.7766     0.0049  0.0805824 0.0000e+00
        258      0.246    12.7632   0.048033     2.9389     2.7766     0.0049  0.0800940 0.0000e+00
        259      0.279    12.7621   0.047810     2.9389     2.7766     0.0049  0.0800940 0.0000e+00
        260      0.304    12.7599   0.047977     2.9389     2.7766     0.0049  0.0805824 0.0000e+00
        261      0.279    12.7579   0.047606     2.9389     2.7766     0.0049  0.0800940 0.0000e+00
        262      0.246    12.7561   0.047828     2.9389     2.7766     0.0049  0.0805824 0.0000e+00
        263      0.279    12.7550   0.047479     2.9389     2.7766     0.0049  0.0805824 0.0000e+00
        264      0.304    12.7549   0.048001     2.9389     2.7766     0.0049  0.0800940 0.0000e+00
        265      0.279    12.7539   0.047545     2.9389     2.7766     0.0049  0.0800940 0.0000e+00
        266      0.246    12.7526   0.047803     2.9389     2.7766     0.0049  0.0805824 0.0000e+00
        267      0.279    12.7512   0.047323     2.9389     2.7766     0.0049  0.0805824 0.0000e+00
        268      0.304    12.7498   0.048044     2.9389     2.7766     0.0049  0.0805824 0.0000e+00
        269      0.279    12.7483   0.047501     2.9389     2.7766     0.0049  0.0805824 0.0000e+00
        270      0.246    12.7462   0.047926     2.9389     2.7766     0.0049  0.0805824 0.0000e+00
        271      0.279    12.7443   0.047589     2.9389     2.7766     0.0049  0.0800940 0.0000e+00
        272      0.304    12.7429   0.047909     2.9389     2.7766     0.0049  0.0805824 0.0000e+00
        273      0.279    12.7412   0.047644     2.9389     2.7766     0.0049  0.0800940 0.0000e+00
        274      0.246    12.7401   0.047871     2.9389     2.7766     0.0049  0.0800940 0.0000e+00
        275      0.279    12.7387   0.047357     2.9389     2.7766     0.0049  0.0800940 0.0000e+00
        276      0.304    12.7369   0.047642     2.9389     2.7766     0.0049  0.0805824 0.0000e+00
        277      0.279    12.7353   0.047062     2.9389     2.7766     0.0049  0.0800940 0.0000e+00
        278      0.246    12.7335   0.047562     2.9389     2.7766     0.0055  0.0805824 0.0000e+00
        279      0.279    12.7316   0.047517     2.9389     2.7766     0.0059  0.0805824 0.0000e+00
        280      0.304    12.7283   0.047745     2.9389     2.7766     0.0059  0.0805824 0.0000e+00
        281      0.279    12.7247   0.047344     2.9389     2.7766     0.0059  0.0810708 0.0000e+00
        282      0.246    12.7220   0.047657     2.9389     2.7766     0.0059  0.0805824 0.0000e+00
        283      0.279    12.7191   0.047358     2.9389     2.7766     0.0059  0.0805824 0.0000e+00
        284      0.304    12.7152   0.047797     2.9389     2.7766     0.0059  0.0810708 0.0000e+00
        285      0.279    12.7115   0.047371     2.9389     2.7766     0.0059  0.0805824 0.0000e+00
        286      0.246    12.7081   0.047403     2.9389     2.7766     0.0059  0.0810708 0.0000e+00
        287      0.279    12.7054   0.047031     2.9389     2.7766     0.0059  0.0810708 0.0000e+00
        288      0.304    12.7029   0.047555     2.9377     2.7766     0.0059  0.0805824 0.0000e+00
        289      0.279    12.6999   0.047318     2.9389     2.7766     0.0059  0.0805824 0.0000e+00
        290      0.246    12.6977   0.047596     2.9389     2.7766     0.0059  0.0805824 0.0000e+00
        291      0.279    12.6949   0.047332     2.9389     2.7766     0.0059  0.0810708 0.0000e+00
        292      0.304    12.6920   0.047681     2.9389     2.7766     0.0059  0.0810708 0.0000e+00
        293      0.246    12.6897   0.047467     2.9389     2.7766     0.0059  0.0805824 0.0000e+00
        294      0.279    12.6870   0.047807     2.9389     2.7766     0.0059  0.0805824 0.0000e+00
        295      0.246    12.6850   0.047286     2.9389     2.7766     0.0059  0.0805824 0.0000e+00
        296      0.279    12.6837   0.047737     2.9389     2.7766     0.0059  0.0810708 0.0000e+00
        297      0.304    12.6817   0.047502     2.9389     2.7766     0.0059  0.0810708 0.0000e+00
        298      0.279    12.6789   0.047689     2.9389     2.7766     0.0059  0.0810708 0.0000e+00
        299      0.246    12.6766   0.047346     2.9389     2.7766     0.0059  0.0805824 0.0000e+00
        300      0.279    12.6742   0.047809     2.9389     2.7766     0.0059  0.0810708 0.0000e+00
        301      0.246    12.6718   0.047587     2.9389     2.7766     0.0057  0.0810708 0.0000e+00
        302      0.279    12.6710   0.047810     2.9389     2.7766     0.0059  0.0810708 0.0000e+00
        303      0.304    12.6697   0.047595     2.9389     2.7766     0.0060  0.0810708 0.0000e+00
        304      0.221    12.6680   0.047928     2.9389     2.7766     0.0066  0.0810708 0.0000e+00
        305      0.304    12.6656   0.047981     2.9389     2.7766     0.0068  0.0815592 0.0000e+00
        306      0.279    12.6634   0.047978     2.9389     2.7766     0.0068  0.0810708 0.0000e+00
        307      0.246    12.6605   0.048034     2.9389     2.7766     0.0068  0.0810708 0.0000e+00
        308      0.279    12.6578   0.047714     2.9389     2.7766     0.0068  0.0810708 0.0000e+00
        309      0.246    12.6554   0.048203     2.9389     2.7766     0.0068  0.0810708 0.0000e+00
        310      0.279    12.6542   0.047883     2.9389     2.7766     0.0068  0.0810708 0.0000e+00
        311      0.246    12.6537   0.048261     2.9389     2.7766     0.0068  0.0815592 0.0000e+00
        312      0.279    12.6530   0.047886     2.9389     2.7766     0.0068  0.0815592 0.0000e+00
        313      0.246    12.6535   0.048412     2.9389     2.7766     0.0068  0.0815592 0.0000e+00
        314      0.279    12.6539   0.047903     2.9389     2.7766     0.0068  0.0810708 0.0000e+00
        315      0.304    12.6529   0.048571     2.9389     2.7766     0.0068  0.0815592 0.0000e+00
        316      0.221    12.6499   0.048263     2.9389     2.7766     0.0066  0.0810708 0.0000e+00
        317      0.304    12.6475   0.048441     2.9389     2.7766     0.0068  0.0815592 0.0000e+00
        318      0.221    12.6449   0.048694     2.9389     2.7766     0.0068  0.0815592 0.0000e+00
        319      0.304    12.6429   0.048496     2.9389     2.7766     0.0068  0.0810708 0.0000e+00
        320      0.279    12.6422   0.048824     2.9389     2.7766     0.0068  0.0810708 0.0000e+00
