code/data/2021/ctd_data_day3/station3c_ctm_fil_le.cnv
* Sea-Bird SBE 9 Data File:
* FileName = C:\Users\CTD-User\Desktop\MAR440\day3\station3c.hex
* Software Version Seasave V 7.26.2.13
* Temperature SN = 6313
* Conductivity SN = 4758
* Number of Bytes Per Scan = 37
* Number of Voltage Words = 4
* Number of Scans Averaged by the Deck Unit = 1
* NMEA Latitude = 58 19.70 N
* NMEA Longitude = 011 51.37 E
* NMEA UTC (Time) = Sep 23 2021 09:07:02
* NMEA baud rate = 4800
** Ship: Skagerrak
** Station: station3C
** Operator: Eva
# nquan = 9
# nvalues = 4697                        
# units = specified
# name 0 = scan: Scan Count
# name 1 = prDM: Pressure, Digiquartz [db]
# name 2 = t090C: Temperature [ITS-90, deg C]
# name 3 = c0S/m: Conductivity [S/m]
# name 4 = sbeox0V: Oxygen raw, SBE 43 [V]
# name 5 = sbeox1V: Oxygen raw, SBE 43, 2 [V]
# name 6 = flECO-AFL: Fluorescence, WET Labs ECO-AFL/FL [mg/m^3]
# name 7 = upoly0: Upoly 0, Turbidity
# name 8 = flag:  0.000e+00
# span 0 =          1,       4697       
# span 1 =      0.749,     19.037       
# span 2 =     7.9937,    15.4890       
# span 3 =   2.901777,   3.455814       
# span 4 =     0.5983,     2.9333       
# span 5 =     0.6122,     2.6359       
# span 6 =     0.0038,     0.0258       
# span 7 =  0.0890841,  0.1655471       
# span 8 = 0.0000e+00, 0.0000e+00       
# interval = seconds: 0.0416667
# start_time = Sep 23 2021 09:07:02 [NMEA time, header]
# bad_flag = -9.990e-29
*END*
[from data line 641]
        642      9.684    15.2138   2.914421     2.1168     2.1828     0.0040  0.1113825 -9.990e-29
        643      9.683    15.2216   2.914397     2.1173     2.1827     0.0044  0.1124253 -9.990e-29
        644      9.681    15.2287   2.914371     2.1178     2.1826     0.0051  0.1135147 -9.990e-29
        645      9.679    15.2351   2.914343     2.1184     2.1825     0.0053  0.1145775 -9.990e-29
        646      9.676    15.2410   2.914314     2.1189     2.1824     0.0053  0.1155770 -9.990e-29
        647      9.674    15.2466   2.914282     2.1195     2.1824     0.0053  0.1165141 -9.990e-29
        648      9.670    15.2517   2.914248     2.1202     2.1824     0.0053  0.1173988 -9.990e-29
        649      9.666    15.2564   2.914211     2.1208     2.1824     0.0053  0.1182397 -9.990e-29
        650      9.662    15.2605   2.914170     2.1215     2.1824     0.0053  0.1190437 -9.990e-29
        651      9.658    15.2641   2.914125     2.1222     2.1825     0.0053  0.1198162 -9.990e-29
        652      9.653    15.2670   2.914075     2.1229     2.1825     0.0053  0.1205635 -9.990e-29
        653      9.647    15.2692   2.914021     2.1236     2.1827     0.0053  0.1212917 -9.990e-29
        654      9.642    15.2708   2.913961     2.1244     2.1828     0.0053  0.1220049 -9.990e-29
        655      9.636    15.2717   2.913897     2.1252     2.1830     0.0053  0.1227073 -9.990e-29
        656      9.629    15.2718   2.913828     2.1261     2.1832     0.0053  0.1234037 -9.990e-29
        657      9.622    15.2712   2.913755     2.1270     2.1834     0.0053  0.1240990 -9.990e-29
        658      9.615    15.2698   2.913679     2.1279     2.1836     0.0053  0.1247981 -9.990e-29
        659      9.607    15.2675   2.913600     2.1289     2.1839     0.0053  0.1255058 -9.990e-29
        660      9.598    15.2643   2.913517     2.1299     2.1842     0.0053  0.1262270 -9.990e-29
        661      9.590    15.2600   2.913432     2.1310     2.1846     0.0053  0.1269667 -9.990e-29
        662      9.580    15.2547   2.913342     2.1321     2.1849     0.0053  0.1277301 -9.990e-29
        663      9.570    15.2481   2.913247     2.1332     2.1853     0.0053  0.1285225 -9.990e-29
        664      9.559    15.2403   2.913146     2.1344     2.1857     0.0053  0.1293495 -9.990e-29
        665      9.549    15.2312   2.913039     2.1356     2.1861     0.0053  0.1302167 -9.990e-29
        666      9.537    15.2206   2.912927     2.1369     2.1865     0.0053  0.1311302 -9.990e-29
        667      9.526    15.2086   2.912809     2.1383     2.1870     0.0053  0.1320963 -9.990e-29
        668      9.513    15.1951   2.912687     2.1397     2.1875     0.0053  0.1331201 -9.990e-29
        669      9.501    15.1803   2.912560     2.1411     2.1880     0.0053  0.1341815 -9.990e-29
        670      9.488    15.1642   2.912431     2.1426     2.1885     0.0051  0.1352243 -9.990e-29
        671      9.474    15.1474   2.912299     2.1442     2.1890     0.0051  0.1362012 -9.990e-29
        672      9.460    15.1300   2.912167     2.1458     2.1896     0.0051  0.1371021 -9.990e-29
        673      9.446    15.1127   2.912036     2.1474     2.1902     0.0051  0.1379341 -9.990e-29
        674      9.431    15.0957   2.911908     2.1491     2.1908     0.0051  0.1387055 -9.990e-29
        675      9.416    15.0792   2.911783     2.1508     2.1914     0.0051  0.1394218 -9.990e-29
        676      9.401    15.0636   2.911661     2.1526     2.1920     0.0051  0.1400870 -9.990e-29
        677      9.385    15.0488   2.911541     2.1545     2.1926     0.0051  0.1407058 -9.990e-29
        678      9.369    15.0346   2.911422     2.1563     2.1933     0.0051  0.1412825 -9.990e-29
        679      9.353    15.0211   2.911303     2.1582     2.1940     0.0051  0.1418211 -9.990e-29
        680      9.337    15.0081   2.911185     2.1602     2.1947     0.0051  0.1423253 -9.990e-29
        681      9.320    14.9958   2.911066     2.1621     2.1955     0.0051  0.1427986 -9.990e-29
        682      9.303    14.9840   2.910946     2.1641     2.1962     0.0051  0.1432435 -9.990e-29
        683      9.286    14.9727   2.910824     2.1661     2.1970     0.0051  0.1436632 -9.990e-29
        684      9.268    14.9618   2.910698     2.1682     2.1978     0.0051  0.1440612 -9.990e-29
        685      9.250    14.9511   2.910567     2.1703     2.1986     0.0051  0.1444397 -9.990e-29
        686      9.231    14.9407   2.910432     2.1723     2.1995     0.0051  0.1448003 -9.990e-29
        687      9.213    14.9304   2.910291     2.1744     2.2004     0.0051  0.1451455 -9.990e-29
        688      9.194    14.9203   2.910146     2.1766     2.2013     0.0051  0.1454778 -9.990e-29
        689      9.175    14.9102   2.909995     2.1787     2.2022     0.0051  0.1457995 -9.990e-29
        690      9.156    14.9001   2.909840     2.1808     2.2032     0.0051  0.1461137 -9.990e-29
        691      9.137    14.8898   2.909679     2.1830     2.2042     0.0051  0.1464234 -9.990e-29
        692      9.117    14.8795   2.909514     2.1851     2.2052     0.0051  0.1467298 -9.990e-29
        693      9.097    14.8691   2.909346     2.1873     2.2063     0.0051  0.1470344 -9.990e-29
        694      9.077    14.8591   2.909177     2.1894     2.2074     0.0051  0.1473383 -9.990e-29
        695      9.057    14.8497   2.909009     2.1916     2.2085     0.0049  0.1476377 -9.990e-29
        696      9.037    14.8410   2.908844     2.1937     2.2097     0.0049  0.1479237 -9.990e-29
        697      9.017    14.8333   2.908683     2.1958     2.2109     0.0049  0.1481907 -9.990e-29
        698      8.996    14.8269   2.908528     2.1979     2.2122     0.0049  0.1484386 -9.990e-29
        699      8.975    14.8221   2.908382     2.2000     2.2135     0.0049  0.1486703 -9.990e-29
        700      8.954    14.8188   2.908245     2.2020     2.2148     0.0049  0.1488880 -9.990e-29
        701      8.933    14.8172   2.908116     2.2041     2.2162     0.0049  0.1490933 -9.990e-29
        702      8.912    14.8170   2.907995     2.2061     2.2177     0.0049  0.1492886 -9.990e-29
        703      8.891    14.8180   2.907880     2.2081     2.2192     0.0049  0.1494750 -9.990e-29
        704      8.869    14.8197   2.907768     2.2101     2.2207     0.0049  0.1496524 -9.990e-29
        705      8.848    14.8217   2.907658     2.2120     2.2223     0.0049  0.1498210 -9.990e-29
        706      8.827    14.8239   2.907547     2.2139     2.2240     0.0049  0.1499828 -9.990e-29
        707      8.805    14.8259   2.907434     2.2158     2.2257     0.0049  0.1501407 -9.990e-29
        708      8.783    14.8278   2.907319     2.2177     2.2274     0.0049  0.1502967 -9.990e-29
        709      8.761    14.8295   2.907202     2.2195     2.2292     0.0049  0.1504518 -9.990e-29
        710      8.740    14.8312   2.907084     2.2213     2.2311     0.0049  0.1506070 -9.990e-29
        711      8.718    14.8331   2.906966     2.2230     2.2331     0.0049  0.1507636 -9.990e-29
        712      8.696    14.8353   2.906849     2.2248     2.2351     0.0049  0.1509216 -9.990e-29
        713      8.674    14.8377   2.906735     2.2265     2.2371     0.0049  0.1510814 -9.990e-29
        714      8.652    14.8404   2.906623     2.2281     2.2392     0.0049  0.1512441 -9.990e-29
        715      8.630    14.8433   2.906515     2.2297     2.2414     0.0049  0.1514108 -9.990e-29
        716      8.609    14.8468   2.906413     2.2313     2.2436     0.0049  0.1515827 -9.990e-29
        717      8.587    14.8509   2.906319     2.2328     2.2459     0.0049  0.1517601 -9.990e-29
        718      8.565    14.8557   2.906231     2.2343     2.2481     0.0049  0.1519434 -9.990e-29
        719      8.543    14.8610   2.906151     2.2358     2.2505     0.0049  0.1521339 -9.990e-29
        720      8.521    14.8669   2.906078     2.2372     2.2528     0.0051  0.1523294 -9.990e-29
        721      8.499    14.8731   2.906012     2.2386     2.2552     0.0051  0.1525221 -9.990e-29
        722      8.477    14.8796   2.905951     2.2400     2.2576     0.0051  0.1527039 -9.990e-29
        723      8.456    14.8864   2.905897     2.2413     2.2600     0.0051  0.1528727 -9.990e-29
        724      8.434    14.8931   2.905848     2.2425     2.2624     0.0051  0.1530304 -9.990e-29
        725      8.412    14.8998   2.905802     2.2438     2.2649     0.0051  0.1531792 -9.990e-29
        726      8.390    14.9065   2.905760     2.2450     2.2673     0.0051  0.1533199 -9.990e-29
        727      8.368    14.9132   2.905723     2.2461     2.2698     0.0051  0.1534528 -9.990e-29
        728      8.346    14.9200   2.905690     2.2472     2.2722     0.0051  0.1535778 -9.990e-29
        729      8.325    14.9271   2.905661     2.2483     2.2746     0.0051  0.1536968 -9.990e-29
        730      8.303    14.9345   2.905636     2.2494     2.2770     0.0051  0.1538113 -9.990e-29
        731      8.281    14.9421   2.905614     2.2504     2.2794     0.0051  0.1539214 -9.990e-29
        732      8.260    14.9498   2.905595     2.2513     2.2817     0.0051  0.1540260 -9.990e-29
        733      8.238    14.9575   2.905578     2.2523     2.2841     0.0051  0.1541252 -9.990e-29
        734      8.216    14.9651   2.905562     2.2532     2.2864     0.0051  0.1542195 -9.990e-29
        735      8.194    14.9726   2.905547     2.2540     2.2886     0.0051  0.1543097 -9.990e-29
        736      8.172    14.9801   2.905535     2.2548     2.2909     0.0051  0.1543971 -9.990e-29
        737      8.151    14.9876   2.905524     2.2556     2.2930     0.0051  0.1544842 -9.990e-29
        738      8.129    14.9952   2.905516     2.2563     2.2952     0.0051  0.1545724 -9.990e-29
        739      8.107    15.0029   2.905509     2.2570     2.2973     0.0051  0.1546613 -9.990e-29
        740      8.086    15.0105   2.905503     2.2577     2.2993     0.0051  0.1547501 -9.990e-29
        741      8.064    15.0180   2.905498     2.2583     2.3013     0.0051  0.1548391 -9.990e-29
        742      8.042    15.0252   2.905492     2.2589     2.3032     0.0051  0.1549301 -9.990e-29
        743      8.020    15.0321   2.905486     2.2595     2.3051     0.0051  0.1550226 -9.990e-29
        744      7.999    15.0386   2.905480     2.2600     2.3069     0.0051  0.1551166 -9.990e-29
        745      7.977    15.0448   2.905473     2.2605     2.3087     0.0053  0.1552126 -9.990e-29
        746      7.955    15.0506   2.905465     2.2609     2.3104     0.0053  0.1553097 -9.990e-29
        747      7.934    15.0559   2.905456     2.2613     2.3120     0.0053  0.1554042 -9.990e-29
        748      7.912    15.0608   2.905445     2.2617     2.3136     0.0053  0.1554935 -9.990e-29
        749      7.890    15.0651   2.905432     2.2621     2.3151     0.0053  0.1555781 -9.990e-29
        750      7.869    15.0690   2.905417     2.2624     2.3166     0.0053  0.1556603 -9.990e-29
        751      7.847    15.0727   2.905401     2.2627     2.3180     0.0053  0.1557416 -9.990e-29
        752      7.825    15.0761   2.905384     2.2629     2.3193     0.0053  0.1558225 -9.990e-29
        753      7.803    15.0792   2.905365     2.2631     2.3206     0.0053  0.1559036 -9.990e-29
        754      7.782    15.0822   2.905345     2.2633     2.3217     0.0053  0.1559854 -9.990e-29
        755      7.760    15.0851   2.905325     2.2635     2.3229     0.0053  0.1560686 -9.990e-29
        756      7.738    15.0879   2.905303     2.2636     2.3239     0.0053  0.1561537 -9.990e-29
        757      7.717    15.0906   2.905280     2.2637     2.3249     0.0053  0.1562412 -9.990e-29
        758      7.695    15.0932   2.905256     2.2638     2.3259     0.0053  0.1563319 -9.990e-29
        759      7.673    15.0957   2.905230     2.2639     2.3268     0.0053  0.1564262 -9.990e-29
        760      7.651    15.0980   2.905204     2.2639     2.3276     0.0053  0.1565250 -9.990e-29
        761      7.630    15.1001   2.905175     2.2639     2.3283     0.0053  0.1566288 -9.990e-29
        762      7.608    15.1021   2.905145     2.2639     2.3290     0.0053  0.1567384 -9.990e-29
        763      7.586    15.1040   2.905114     2.2638     2.3297     0.0053  0.1568537 -9.990e-29
        764      7.564    15.1058   2.905081     2.2637     2.3302     0.0053  0.1569747 -9.990e-29
        765      7.542    15.1074   2.905048     2.2636     2.3307     0.0053  0.1571030 -9.990e-29
        766      7.520    15.1089   2.905013     2.2635     2.3312     0.0053  0.1572405 -9.990e-29
        767      7.498    15.1103   2.904977     2.2634     2.3316     0.0053  0.1573879 -9.990e-29
        768      7.476    15.1117   2.904941     2.2632     2.3320     0.0053  0.1575465 -9.990e-29
        769      7.455    15.1131   2.904905     2.2630     2.3322     0.0053  0.1577172 -9.990e-29
        770      7.433    15.1145   2.904868     2.2628     2.3325     0.0053  0.1579004 -9.990e-29
        771      7.411    15.1159   2.904832     2.2626     2.3327     0.0051  0.1580907 -9.990e-29
        772      7.390    15.1172   2.904794     2.2623     2.3328     0.0051  0.1582756 -9.990e-29
        773      7.368    15.1182   2.904756     2.2620     2.3329     0.0051  0.1584464 -9.990e-29
        774      7.346    15.1190   2.904716     2.2617     2.3329     0.0051  0.1586008 -9.990e-29
        775      7.325    15.1194   2.904674     2.2614     2.3329     0.0051  0.1587390 -9.990e-29
        776      7.303    15.1195   2.904630     2.2611     2.3328     0.0051  0.1588629 -9.990e-29
        777      7.281    15.1191   2.904584     2.2608     2.3327     0.0051  0.1589733 -9.990e-29
        778      7.259    15.1183   2.904536     2.2604     2.3326     0.0051  0.1590692 -9.990e-29
        779      7.238    15.1171   2.904486     2.2600     2.3324     0.0051  0.1591514 -9.990e-29
        780      7.216    15.1155   2.904434     2.2596     2.3321     0.0051  0.1592222 -9.990e-29
        781      7.195    15.1134   2.904379     2.2592     2.3319     0.0051  0.1592827 -9.990e-29
        782      7.173    15.1108   2.904324     2.2588     2.3315     0.0051  0.1593327 -9.990e-29
        783      7.152    15.1078   2.904267     2.2584     2.3312     0.0051  0.1593717 -9.990e-29
        784      7.130    15.1043   2.904208     2.2579     2.3308     0.0051  0.1593998 -9.990e-29
        785      7.109    15.1003   2.904149     2.2575     2.3304     0.0051  0.1594165 -9.990e-29
        786      7.087    15.0959   2.904089     2.2570     2.3299     0.0051  0.1594210 -9.990e-29
        787      7.065    15.0913   2.904029     2.2565     2.3294     0.0051  0.1594142 -9.990e-29
        788      7.044    15.0867   2.903970     2.2560     2.3289     0.0051  0.1593969 -9.990e-29
        789      7.022    15.0824   2.903914     2.2555     2.3283     0.0051  0.1593689 -9.990e-29
        790      7.001    15.0788   2.903862     2.2549     2.3277     0.0051  0.1593310 -9.990e-29
        791      6.979    15.0758   2.903813     2.2544     2.3270     0.0051  0.1592837 -9.990e-29
        792      6.958    15.0733   2.903767     2.2539     2.3264     0.0051  0.1592267 -9.990e-29
        793      6.936    15.0711   2.903725     2.2533     2.3257     0.0051  0.1591596 -9.990e-29
        794      6.915    15.0692   2.903685     2.2527     2.3249     0.0051  0.1590810 -9.990e-29
        795      6.893    15.0675   2.903647     2.2522     2.3242     0.0051  0.1589896 -9.990e-29
        796      6.872    15.0659   2.903611     2.2516     2.3234     0.0051  0.1588865 -9.990e-29
        797      6.850    15.0643   2.903576     2.2510     2.3226     0.0051  0.1587768 -9.990e-29
        798      6.829    15.0627   2.903542     2.2504     2.3217     0.0051  0.1586684 -9.990e-29
        799      6.808    15.0613   2.903508     2.2498     2.3208     0.0051  0.1585654 -9.990e-29
        800      6.786    15.0601   2.903476     2.2492     2.3199     0.0051  0.1584673 -9.990e-29
