code/data/2021/ctd_data_day3/station3c_ctm_fil_le.cnv
* Sea-Bird SBE 9 Data File:
* FileName = C:\Users\CTD-User\Desktop\MAR440\day3\station3c.hex
* Software Version Seasave V 7.26.2.13
* Temperature SN = 6313
* Conductivity SN = 4758
* Number of Bytes Per Scan = 37
* Number of Voltage Words = 4
* Number of Scans Averaged by the Deck Unit = 1
* NMEA Latitude = 58 19.70 N
* NMEA Longitude = 011 51.37 E
* NMEA UTC (Time) = Sep 23 2021 09:07:02
* NMEA baud rate = 4800
** Ship: Skagerrak
** Station: station3C
** Operator: Eva
# nquan = 9
# nvalues = 4697                        
# units = specified
# name 0 = scan: Scan Count
# name 1 = prDM: Pressure, Digiquartz [db]
# name 2 = t090C: Temperature [ITS-90, deg C]
# name 3 = c0S/m: Conductivity [S/m]
# name 4 = sbeox0V: Oxygen raw, SBE 43 [V]
# name 5 = sbeox1V: Oxygen raw, SBE 43, 2 [V]
# name 6 = flECO-AFL: Fluorescence, WET Labs ECO-AFL/FL [mg/m^3]
# name 7 = upoly0: Upoly 0, Turbidity
# name 8 = flag:  0.000e+00
# span 0 =          1,       4697       
# span 1 =      0.749,     19.037       
# span 2 =     7.9937,    15.4890       
# span 3 =   2.901777,   3.455814       
# span 4 =     0.5983,     2.9333       
# span 5 =     0.6122,     2.6359       
# span 6 =     0.0038,     0.0258       
# span 7 =  0.0890841,  0.1655471       
# span 8 = 0.0000e+00, 0.0000e+00       
# interval = seconds: 0.0416667
# start_time = Sep 23 2021 09:07:02 [NMEA time, header]
# bad_flag = -9.990e-29
*END*
[from data line 2081]
       2082      0.992    15.1403   2.970359     2.7040     2.6190     0.0053  0.1552467 -9.990e-29
       2083      0.993    15.1402   2.970345     2.7040     2.6190     0.0053  0.1552566 -9.990e-29
       2084      0.994    15.1401   2.970332     2.7040     2.6190     0.0053  0.1552644 -9.990e-29
       2085      0.995    15.1400   2.970319     2.7041     2.6190     0.0053  0.1552702 -9.990e-29
       2086      0.995    15.1400   2.970307     2.7041     2.6190     0.0053  0.1552741 -9.990e-29
       2087      0.996    15.1399   2.970295     2.7041     2.6190     0.0053  0.1552760 -9.990e-29
       2088      0.996    15.1398   2.970284     2.7041     2.6190     0.0053  0.1552760 -9.990e-29
       2089      0.996    15.1397   2.970273     2.7042     2.6191     0.0053  0.1552733 -9.990e-29
       2090      0.997    15.1397   2.970262     2.7042     2.6191     0.0053  0.1552669 -9.990e-29
       2091      0.996    15.1396   2.970251     2.7042     2.6191     0.0053  0.1552568 -9.990e-29
       2092      0.996    15.1395   2.970240     2.7043     2.6191     0.0053  0.1552430 -9.990e-29
       2093      0.996    15.1395   2.970229     2.7043     2.6191     0.0053  0.1552253 -9.990e-29
       2094      0.996    15.1394   2.970216     2.7044     2.6191     0.0053  0.1552045 -9.990e-29
       2095      0.996    15.1393   2.970204     2.7044     2.6191     0.0053  0.1551821 -9.990e-29
       2096      0.995    15.1392   2.970191     2.7044     2.6191     0.0053  0.1551580 -9.990e-29
       2097      0.995    15.1392   2.970178     2.7045     2.6191     0.0053  0.1551312 -9.990e-29
       2098      0.994    15.1391   2.970164     2.7045     2.6191     0.0053  0.1551031 -9.990e-29
       2099      0.993    15.1390   2.970150     2.7045     2.6192     0.0053  0.1550762 -9.990e-29
       2100      0.993    15.1390   2.970136     2.7045     2.6192     0.0053  0.1550519 -9.990e-29
       2101      0.992    15.1389   2.970121     2.7045     2.6192     0.0053  0.1550309 -9.990e-29
       2102      0.991    15.1388   2.970106     2.7045     2.6192     0.0053  0.1550123 -9.990e-29
       2103      0.991    15.1387   2.970092     2.7046     2.6192     0.0053  0.1549950 -9.990e-29
       2104      0.990    15.1386   2.970077     2.7046     2.6192     0.0053  0.1549789 -9.990e-29
       2105      0.989    15.1386   2.970064     2.7046     2.6193     0.0053  0.1549639 -9.990e-29
       2106      0.988    15.1385   2.970051     2.7046     2.6193     0.0053  0.1549499 -9.990e-29
       2107      0.988    15.1384   2.970037     2.7046     2.6193     0.0053  0.1549368 -9.990e-29
       2108      0.987    15.1383   2.970025     2.7046     2.6193     0.0053  0.1549246 -9.990e-29
       2109      0.987    15.1383   2.970012     2.7046     2.6194     0.0053  0.1549131 -9.990e-29
       2110      0.986    15.1382   2.970000     2.7047     2.6194     0.0053  0.1549022 -9.990e-29
       2111      0.986    15.1381   2.969989     2.7047     2.6194     0.0053  0.1548919 -9.990e-29
       2112      0.985    15.1381   2.969978     2.7047     2.6195     0.0053  0.1548821 -9.990e-29
       2113      0.985    15.1380   2.969969     2.7047     2.6195     0.0053  0.1548728 -9.990e-29
       2114      0.984    15.1380   2.969960     2.7047     2.6195     0.0053  0.1548638 -9.990e-29
       2115      0.984    15.1380   2.969952     2.7047     2.6196     0.0053  0.1548551 -9.990e-29
       2116      0.984    15.1379   2.969944     2.7048     2.6196     0.0053  0.1548475 -9.990e-29
       2117      0.983    15.1379   2.969939     2.7048     2.6196     0.0053  0.1548419 -9.990e-29
       2118      0.983    15.1379   2.969934     2.7048     2.6196     0.0053  0.1548372 -9.990e-29
       2119      0.982    15.1378   2.969930     2.7048     2.6196     0.0053  0.1548327 -9.990e-29
       2120      0.981    15.1378   2.969928     2.7048     2.6197     0.0053  0.1548282 -9.990e-29
       2121      0.981    15.1378   2.969926     2.7048     2.6197     0.0053  0.1548238 -9.990e-29
       2122      0.980    15.1378   2.969925     2.7048     2.6197     0.0053  0.1548195 -9.990e-29
       2123      0.979    15.1378   2.969925     2.7048     2.6197     0.0053  0.1548160 -9.990e-29
       2124      0.978    15.1378   2.969925     2.7048     2.6197     0.0051  0.1548141 -9.990e-29
       2125      0.977    15.1377   2.969926     2.7048     2.6197     0.0051  0.1548131 -9.990e-29
       2126      0.976    15.1377   2.969927     2.7048     2.6197     0.0051  0.1548120 -9.990e-29
       2127      0.975    15.1377   2.969929     2.7049     2.6197     0.0051  0.1548118 -9.990e-29
       2128      0.974    15.1377   2.969930     2.7049     2.6197     0.0051  0.1548132 -9.990e-29
       2129      0.973    15.1377   2.969932     2.7049     2.6197     0.0051  0.1548153 -9.990e-29
       2130      0.972    15.1377   2.969933     2.7049     2.6197     0.0051  0.1548175 -9.990e-29
       2131      0.971    15.1377   2.969933     2.7049     2.6197     0.0051  0.1548197 -9.990e-29
       2132      0.969    15.1377   2.969932     2.7050     2.6197     0.0051  0.1548218 -9.990e-29
       2133      0.968    15.1377   2.969931     2.7050     2.6197     0.0051  0.1548240 -9.990e-29
       2134      0.966    15.1377   2.969929     2.7050     2.6196     0.0051  0.1548262 -9.990e-29
       2135      0.965    15.1376   2.969927     2.7050     2.6196     0.0051  0.1548284 -9.990e-29
       2136      0.964    15.1376   2.969923     2.7050     2.6196     0.0051  0.1548316 -9.990e-29
       2137      0.962    15.1376   2.969919     2.7051     2.6195     0.0051  0.1548365 -9.990e-29
       2138      0.961    15.1375   2.969915     2.7051     2.6195     0.0051  0.1548425 -9.990e-29
       2139      0.959    15.1375   2.969911     2.7051     2.6195     0.0051  0.1548485 -9.990e-29
       2140      0.958    15.1374   2.969906     2.7051     2.6194     0.0051  0.1548548 -9.990e-29
       2141      0.957    15.1374   2.969901     2.7052     2.6194     0.0051  0.1548614 -9.990e-29
       2142      0.955    15.1374   2.969895     2.7052     2.6194     0.0051  0.1548682 -9.990e-29
       2143      0.954    15.1373   2.969889     2.7052     2.6194     0.0051  0.1548753 -9.990e-29
       2144      0.953    15.1373   2.969882     2.7053     2.6193     0.0051  0.1548829 -9.990e-29
       2145      0.952    15.1372   2.969875     2.7053     2.6193     0.0051  0.1548909 -9.990e-29
       2146      0.950    15.1372   2.969867     2.7053     2.6193     0.0051  0.1549002 -9.990e-29
       2147      0.949    15.1372   2.969860     2.7054     2.6193     0.0051  0.1549118 -9.990e-29
       2148      0.948    15.1371   2.969852     2.7054     2.6193     0.0051  0.1549249 -9.990e-29
       2149      0.946    15.1371   2.969844     2.7054     2.6192     0.0051  0.1549379 -9.990e-29
       2150      0.945    15.1371   2.969837     2.7055     2.6192     0.0051  0.1549492 -9.990e-29
       2151      0.943    15.1370   2.969830     2.7055     2.6192     0.0051  0.1549588 -9.990e-29
       2152      0.942    15.1370   2.969823     2.7055     2.6192     0.0051  0.1549677 -9.990e-29
       2153      0.940    15.1370   2.969817     2.7056     2.6192     0.0051  0.1549751 -9.990e-29
       2154      0.939    15.1370   2.969811     2.7056     2.6192     0.0051  0.1549801 -9.990e-29
       2155      0.937    15.1369   2.969805     2.7056     2.6192     0.0051  0.1549829 -9.990e-29
       2156      0.935    15.1369   2.969800     2.7057     2.6192     0.0051  0.1549834 -9.990e-29
       2157      0.933    15.1369   2.969794     2.7057     2.6192     0.0051  0.1549817 -9.990e-29
       2158      0.931    15.1369   2.969790     2.7057     2.6192     0.0051  0.1549777 -9.990e-29
       2159      0.929    15.1369   2.969786     2.7058     2.6193     0.0051  0.1549722 -9.990e-29
       2160      0.927    15.1369   2.969782     2.7058     2.6193     0.0051  0.1549661 -9.990e-29
       2161      0.924    15.1370   2.969778     2.7059     2.6193     0.0051  0.1549585 -9.990e-29
       2162      0.922    15.1370   2.969774     2.7059     2.6193     0.0053  0.1549485 -9.990e-29
       2163      0.919    15.1370   2.969772     2.7060     2.6193     0.0051  0.1549359 -9.990e-29
       2164      0.917    15.1370   2.969768     2.7060     2.6193     0.0051  0.1549208 -9.990e-29
       2165      0.914    15.1371   2.969766     2.7061     2.6194     0.0051  0.1549030 -9.990e-29
       2166      0.911    15.1371   2.969766     2.7061     2.6194     0.0051  0.1548824 -9.990e-29
       2167      0.908    15.1371   2.969767     2.7062     2.6194     0.0051  0.1548588 -9.990e-29
       2168      0.906    15.1371   2.969769     2.7062     2.6194     0.0051  0.1548320 -9.990e-29
       2169      0.903    15.1371   2.969770     2.7063     2.6195     0.0051  0.1548020 -9.990e-29
       2170      0.901    15.1371   2.969772     2.7063     2.6195     0.0051  0.1547685 -9.990e-29
       2171      0.898    15.1371   2.969773     2.7064     2.6195     0.0051  0.1547312 -9.990e-29
       2172      0.896    15.1371   2.969773     2.7064     2.6196     0.0051  0.1546899 -9.990e-29
       2173      0.894    15.1371   2.969773     2.7065     2.6196     0.0051  0.1546443 -9.990e-29
       2174      0.892    15.1371   2.969772     2.7065     2.6196     0.0053  0.1545949 -9.990e-29
       2175      0.890    15.1371   2.969771     2.7066     2.6197     0.0053  0.1545448 -9.990e-29
       2176      0.889    15.1371   2.969772     2.7066     2.6197     0.0053  0.1544979 -9.990e-29
       2177      0.887    15.1371   2.969775     2.7067     2.6198     0.0053  0.1544556 -9.990e-29
       2178      0.886    15.1371   2.969780     2.7067     2.6198     0.0053  0.1544175 -9.990e-29
       2179      0.885    15.1371   2.969787     2.7067     2.6199     0.0053  0.1543834 -9.990e-29
       2180      0.884    15.1372   2.969796     2.7068     2.6199     0.0053  0.1543531 -9.990e-29
       2181      0.883    15.1372   2.969805     2.7069     2.6200     0.0053  0.1543264 -9.990e-29
       2182      0.883    15.1372   2.969814     2.7069     2.6201     0.0053  0.1543030 -9.990e-29
       2183      0.882    15.1372   2.969822     2.7070     2.6202     0.0053  0.1542828 -9.990e-29
       2184      0.882    15.1372   2.969832     2.7070     2.6202     0.0053  0.1542657 -9.990e-29
       2185      0.882    15.1373   2.969841     2.7071     2.6203     0.0053  0.1542515 -9.990e-29
       2186      0.882    15.1373   2.969850     2.7071     2.6204     0.0053  0.1542402 -9.990e-29
       2187      0.882    15.1373   2.969860     2.7072     2.6205     0.0053  0.1542316 -9.990e-29
       2188      0.882    15.1374   2.969870     2.7072     2.6205     0.0053  0.1542257 -9.990e-29
       2189      0.882    15.1375   2.969881     2.7073     2.6206     0.0053  0.1542225 -9.990e-29
       2190      0.882    15.1375   2.969893     2.7073     2.6206     0.0053  0.1542220 -9.990e-29
       2191      0.882    15.1376   2.969906     2.7074     2.6207     0.0053  0.1542241 -9.990e-29
       2192      0.882    15.1377   2.969920     2.7074     2.6207     0.0053  0.1542288 -9.990e-29
       2193      0.882    15.1377   2.969934     2.7074     2.6208     0.0053  0.1542362 -9.990e-29
       2194      0.882    15.1378   2.969948     2.7075     2.6208     0.0053  0.1542473 -9.990e-29
       2195      0.882    15.1379   2.969961     2.7075     2.6209     0.0053  0.1542628 -9.990e-29
       2196      0.881    15.1380   2.969973     2.7075     2.6209     0.0053  0.1542821 -9.990e-29
       2197      0.881    15.1381   2.969985     2.7075     2.6209     0.0053  0.1543045 -9.990e-29
       2198      0.880    15.1381   2.969997     2.7076     2.6210     0.0053  0.1543301 -9.990e-29
       2199      0.880    15.1382   2.970008     2.7076     2.6210     0.0053  0.1543590 -9.990e-29
       2200      0.879    15.1383   2.970019     2.7076     2.6210     0.0055  0.1543899 -9.990e-29
       2201      0.879    15.1384   2.970030     2.7076     2.6211     0.0055  0.1544203 -9.990e-29
       2202      0.878    15.1385   2.970041     2.7077     2.6211     0.0055  0.1544497 -9.990e-29
       2203      0.877    15.1386   2.970051     2.7077     2.6211     0.0055  0.1544782 -9.990e-29
       2204      0.876    15.1387   2.970060     2.7077     2.6211     0.0055  0.1545060 -9.990e-29
       2205      0.875    15.1388   2.970068     2.7077     2.6211     0.0055  0.1545324 -9.990e-29
       2206      0.874    15.1389   2.970076     2.7078     2.6212     0.0055  0.1545569 -9.990e-29
       2207      0.873    15.1389   2.970082     2.7078     2.6212     0.0055  0.1545795 -9.990e-29
       2208      0.871    15.1390   2.970088     2.7078     2.6212     0.0055  0.1546005 -9.990e-29
       2209      0.870    15.1390   2.970093     2.7078     2.6212     0.0055  0.1546200 -9.990e-29
       2210      0.869    15.1391   2.970098     2.7078     2.6212     0.0055  0.1546381 -9.990e-29
       2211      0.868    15.1391   2.970102     2.7078     2.6212     0.0055  0.1546549 -9.990e-29
       2212      0.867    15.1392   2.970107     2.7078     2.6212     0.0055  0.1546705 -9.990e-29
       2213      0.866    15.1392   2.970111     2.7078     2.6211     0.0055  0.1546852 -9.990e-29
       2214      0.865    15.1393   2.970117     2.7078     2.6211     0.0055  0.1546989 -9.990e-29
       2215      0.864    15.1393   2.970123     2.7078     2.6211     0.0055  0.1547117 -9.990e-29
       2216      0.864    15.1393   2.970129     2.7078     2.6211     0.0055  0.1547239 -9.990e-29
       2217      0.863    15.1394   2.970136     2.7078     2.6210     0.0055  0.1547353 -9.990e-29
       2218      0.863    15.1394   2.970141     2.7078     2.6210     0.0055  0.1547462 -9.990e-29
       2219      0.862    15.1394   2.970146     2.7078     2.6210     0.0055  0.1547565 -9.990e-29
       2220      0.862    15.1395   2.970151     2.7078     2.6210     0.0055  0.1547665 -9.990e-29
       2221      0.862    15.1395   2.970156     2.7078     2.6209     0.0055  0.1547760 -9.990e-29
       2222      0.862    15.1395   2.970161     2.7078     2.6209     0.0055  0.1547853 -9.990e-29
       2223      0.862    15.1396   2.970166     2.7078     2.6209     0.0053  0.1547943 -9.990e-29
       2224      0.862    15.1396   2.970171     2.7078     2.6209     0.0055  0.1548031 -9.990e-29
       2225      0.863    15.1396   2.970175     2.7079     2.6209     0.0055  0.1548119 -9.990e-29
       2226      0.863    15.1397   2.970180     2.7079     2.6209     0.0055  0.1548205 -9.990e-29
       2227      0.863    15.1397   2.970185     2.7079     2.6209     0.0055  0.1548292 -9.990e-29
       2228      0.863    15.1397   2.970190     2.7079     2.6209     0.0055  0.1548388 -9.990e-29
       2229      0.863    15.1398   2.970196     2.7078     2.6209     0.0055  0.1548511 -9.990e-29
       2230      0.863    15.1398   2.970202     2.7078     2.6210     0.0055  0.1548670 -9.990e-29
       2231      0.864    15.1398   2.970209     2.7078     2.6210     0.0053  0.1548858 -9.990e-29
       2232      0.864    15.1399   2.970215     2.7078     2.6210     0.0055  0.1549068 -9.990e-29
       2233      0.864    15.1399   2.970220     2.7078     2.6210     0.0055  0.1549309 -9.990e-29
       2234      0.864    15.1399   2.970226     2.7078     2.6210     0.0055  0.1549592 -9.990e-29
       2235      0.864    15.1400   2.970231     2.7078     2.6210     0.0055  0.1549918 -9.990e-29
       2236      0.864    15.1400   2.970235     2.7078     2.6211     0.0055  0.1550282 -9.990e-29
       2237      0.865    15.1400   2.970239     2.7078     2.6211     0.0055  0.1550686 -9.990e-29
       2238      0.866    15.1400   2.970242     2.7078     2.6211     0.0055  0.1551142 -9.990e-29
       2239      0.867    15.1401   2.970245     2.7078     2.6211     0.0055  0.1551635 -9.990e-29
       2240      0.868    15.1401   2.970248     2.7078     2.6211     0.0055  0.1552160 -9.990e-29
