code/data/2021/ctd_data_day3/station4d_ctm_fil_le.cnv
* Sea-Bird SBE 9 Data File:
* FileName = C:\Users\CTD-User\Desktop\MAR440\day3\station4d.hex
* Software Version Seasave V 7.26.2.13
* Temperature SN = 6313
* Conductivity SN = 4758
* Number of Bytes Per Scan = 37
* Number of Voltage Words = 4
* Number of Scans Averaged by the Deck Unit = 1
* NMEA Latitude = 58 19.57 N
* NMEA Longitude = 011 50.76 E
* NMEA UTC (Time) = Sep 23 2021 09:22:13
* NMEA baud rate = 4800
** Ship: Skagerrak
** Station: station4D
** Operator: Nicolas
# nquan = 9
# nvalues = 1887                        
# units = specified
# name 0 = scan: Scan Count
# name 1 = prDM: Pressure, Digiquartz [db]
# name 2 = t090C: Temperature [ITS-90, deg C]
# name 3 = c0S/m: Conductivity [S/m]
# name 4 = sbeox0V: Oxygen raw, SBE 43 [V]
# name 5 = sbeox1V: Oxygen raw, SBE 43, 2 [V]
# name 6 = flECO-AFL: Fluorescence, WET Labs ECO-AFL/FL [mg/m^3]
# name 7 = upoly0: Upoly 0, Turbidity
# name 8 = flag:  0.000e+00
# span 0 =          1,       1887       
# span 1 =      0.696,     12.878       
# span 2 =    13.8821,    15.7615       
# span 3 =   2.926252,   3.389260       
# span 4 =     1.6696,     2.7385       
# span 5 =     1.6682,     2.6416       
# span 6 =     0.0037,     0.0101       
# span 7 =  0.0900140,  0.1579594       
# span 8 = 0.0000e+00, 0.0000e+00       
# interval = seconds: 0.0416667
# start_time = Sep 23 2021 09:22:13 [NMEA time, header]
# bad_flag = -9.990e-29
*END*
          1      8.463    14.8516   2.926252     1.9658     1.9017     0.0057  0.1477445 -9.990e-29
          2      8.463    14.8517   2.926264     1.9656     1.9015     0.0057  0.1477239 -9.990e-29
          3      8.463    14.8519   2.926276     1.9653     1.9013     0.0057  0.1477015 -9.990e-29
          4      8.463    14.8521   2.926289     1.9651     1.9012     0.0057  0.1476771 -9.990e-29
          5      8.463    14.8523   2.926302     1.9648     1.9010     0.0057  0.1476506 -9.990e-29
          6      8.463    14.8524   2.926316     1.9646     1.9007     0.0057  0.1476219 -9.990e-29
          7      8.463    14.8526   2.926330     1.9643     1.9005     0.0057  0.1475914 -9.990e-29
          8      8.463    14.8528   2.926345     1.9640     1.9003     0.0059  0.1475608 -9.990e-29
          9      8.463    14.8530   2.926359     1.9637     1.9000     0.0059  0.1475307 -9.990e-29
         10      8.463    14.8532   2.926372     1.9634     1.8998     0.0059  0.1475008 -9.990e-29
         11      8.463    14.8534   2.926385     1.9631     1.8995     0.0059  0.1474709 -9.990e-29
         12      8.463    14.8536   2.926398     1.9628     1.8992     0.0059  0.1474410 -9.990e-29
         13      8.463    14.8538   2.926410     1.9625     1.8989     0.0059  0.1474106 -9.990e-29
         14      8.463    14.8539   2.926422     1.9622     1.8986     0.0059  0.1473797 -9.990e-29
         15      8.463    14.8541   2.926433     1.9618     1.8983     0.0059  0.1473480 -9.990e-29
         16      8.463    14.8543   2.926445     1.9615     1.8980     0.0059  0.1473153 -9.990e-29
         17      8.463    14.8544   2.926458     1.9611     1.8977     0.0059  0.1472813 -9.990e-29
         18      8.463    14.8546   2.926470     1.9608     1.8974     0.0059  0.1472459 -9.990e-29
         19      8.463    14.8548   2.926483     1.9605     1.8971     0.0059  0.1472087 -9.990e-29
         20      8.463    14.8549   2.926497     1.9601     1.8968     0.0059  0.1471696 -9.990e-29
         21      8.463    14.8551   2.926510     1.9598     1.8964     0.0059  0.1471282 -9.990e-29
         22      8.463    14.8552   2.926525     1.9594     1.8961     0.0059  0.1470842 -9.990e-29
         23      8.463    14.8554   2.926539     1.9591     1.8958     0.0059  0.1470375 -9.990e-29
         24      8.463    14.8555   2.926554     1.9587     1.8955     0.0059  0.1469875 -9.990e-29
         25      8.463    14.8556   2.926568     1.9583     1.8951     0.0059  0.1469340 -9.990e-29
         26      8.463    14.8557   2.926582     1.9580     1.8948     0.0059  0.1468767 -9.990e-29
         27      8.464    14.8559   2.926596     1.9576     1.8945     0.0059  0.1468150 -9.990e-29
         28      8.464    14.8560   2.926609     1.9573     1.8941     0.0059  0.1467487 -9.990e-29
         29      8.464    14.8561   2.926622     1.9569     1.8938     0.0059  0.1466771 -9.990e-29
         30      8.464    14.8562   2.926636     1.9565     1.8935     0.0059  0.1465999 -9.990e-29
         31      8.464    14.8563   2.926649     1.9562     1.8931     0.0059  0.1465165 -9.990e-29
         32      8.464    14.8564   2.926662     1.9558     1.8928     0.0059  0.1464279 -9.990e-29
         33      8.464    14.8565   2.926675     1.9554     1.8924     0.0060  0.1463388 -9.990e-29
         34      8.465    14.8566   2.926688     1.9551     1.8921     0.0062  0.1462543 -9.990e-29
         35      8.465    14.8567   2.926701     1.9547     1.8917     0.0062  0.1461774 -9.990e-29
         36      8.465    14.8568   2.926713     1.9543     1.8914     0.0062  0.1461083 -9.990e-29
         37      8.465    14.8569   2.926726     1.9540     1.8910     0.0062  0.1460466 -9.990e-29
         38      8.465    14.8570   2.926738     1.9536     1.8907     0.0062  0.1459918 -9.990e-29
         39      8.465    14.8571   2.926750     1.9532     1.8903     0.0062  0.1459435 -9.990e-29
         40      8.465    14.8572   2.926762     1.9528     1.8900     0.0062  0.1459014 -9.990e-29
         41      8.465    14.8573   2.926774     1.9524     1.8896     0.0062  0.1458653 -9.990e-29
         42      8.465    14.8574   2.926785     1.9521     1.8893     0.0062  0.1458348 -9.990e-29
         43      8.465    14.8576   2.926797     1.9517     1.8889     0.0062  0.1458098 -9.990e-29
         44      8.465    14.8577   2.926808     1.9513     1.8886     0.0062  0.1457900 -9.990e-29
         45      8.465    14.8578   2.926819     1.9509     1.8882     0.0062  0.1457754 -9.990e-29
         46      8.465    14.8580   2.926831     1.9506     1.8879     0.0062  0.1457658 -9.990e-29
         47      8.465    14.8581   2.926843     1.9502     1.8875     0.0062  0.1457612 -9.990e-29
         48      8.465    14.8583   2.926856     1.9498     1.8872     0.0060  0.1457615 -9.990e-29
         49      8.465    14.8584   2.926869     1.9495     1.8868     0.0062  0.1457676 -9.990e-29
         50      8.465    14.8586   2.926882     1.9491     1.8865     0.0062  0.1457804 -9.990e-29
         51      8.465    14.8588   2.926896     1.9487     1.8862     0.0062  0.1457991 -9.990e-29
         52      8.465    14.8590   2.926909     1.9484     1.8858     0.0062  0.1458231 -9.990e-29
         53      8.465    14.8592   2.926923     1.9480     1.8855     0.0062  0.1458524 -9.990e-29
         54      8.465    14.8594   2.926937     1.9476     1.8851     0.0062  0.1458872 -9.990e-29
         55      8.465    14.8596   2.926952     1.9473     1.8848     0.0062  0.1459279 -9.990e-29
         56      8.465    14.8598   2.926967     1.9469     1.8844     0.0062  0.1459747 -9.990e-29
         57      8.465    14.8600   2.926983     1.9466     1.8841     0.0062  0.1460279 -9.990e-29
         58      8.465    14.8602   2.926999     1.9462     1.8838     0.0068  0.1460870 -9.990e-29
         59      8.465    14.8604   2.927016     1.9458     1.8834     0.0071  0.1461483 -9.990e-29
         60      8.465    14.8607   2.927032     1.9455     1.8831     0.0071  0.1462069 -9.990e-29
         61      8.465    14.8609   2.927048     1.9451     1.8827     0.0071  0.1462618 -9.990e-29
         62      8.465    14.8612   2.927064     1.9448     1.8824     0.0071  0.1463131 -9.990e-29
         63      8.464    14.8614   2.927080     1.9444     1.8821     0.0071  0.1463622 -9.990e-29
         64      8.464    14.8617   2.927095     1.9440     1.8817     0.0071  0.1464094 -9.990e-29
         65      8.464    14.8619   2.927111     1.9437     1.8814     0.0071  0.1464542 -9.990e-29
         66      8.464    14.8622   2.927126     1.9433     1.8810     0.0071  0.1464976 -9.990e-29
         67      8.464    14.8625   2.927140     1.9430     1.8807     0.0071  0.1465409 -9.990e-29
         68      8.464    14.8628   2.927154     1.9426     1.8804     0.0071  0.1465844 -9.990e-29
         69      8.464    14.8631   2.927167     1.9423     1.8800     0.0071  0.1466284 -9.990e-29
         70      8.464    14.8634   2.927179     1.9419     1.8797     0.0071  0.1466731 -9.990e-29
         71      8.464    14.8637   2.927191     1.9416     1.8794     0.0071  0.1467181 -9.990e-29
         72      8.464    14.8640   2.927202     1.9412     1.8791     0.0071  0.1467628 -9.990e-29
         73      8.463    14.8643   2.927213     1.9409     1.8787     0.0071  0.1468083 -9.990e-29
         74      8.463    14.8646   2.927225     1.9405     1.8784     0.0071  0.1468551 -9.990e-29
         75      8.463    14.8649   2.927236     1.9402     1.8781     0.0071  0.1469016 -9.990e-29
         76      8.463    14.8653   2.927247     1.9398     1.8778     0.0071  0.1469483 -9.990e-29
         77      8.462    14.8656   2.927259     1.9395     1.8775     0.0071  0.1469963 -9.990e-29
         78      8.462    14.8659   2.927270     1.9391     1.8772     0.0071  0.1470450 -9.990e-29
         79      8.462    14.8663   2.927281     1.9388     1.8768     0.0071  0.1470941 -9.990e-29
         80      8.461    14.8666   2.927292     1.9384     1.8765     0.0071  0.1471437 -9.990e-29
         81      8.461    14.8670   2.927304     1.9381     1.8762     0.0071  0.1471943 -9.990e-29
         82      8.461    14.8674   2.927316     1.9377     1.8759     0.0071  0.1472471 -9.990e-29
         83      8.461    14.8677   2.927328     1.9374     1.8756     0.0068  0.1473042 -9.990e-29
         84      8.460    14.8681   2.927340     1.9371     1.8753     0.0059  0.1473650 -9.990e-29
         85      8.460    14.8685   2.927353     1.9367     1.8750     0.0057  0.1474258 -9.990e-29
         86      8.460    14.8688   2.927366     1.9364     1.8747     0.0057  0.1474835 -9.990e-29
         87      8.459    14.8692   2.927379     1.9360     1.8744     0.0057  0.1475386 -9.990e-29
         88      8.459    14.8696   2.927393     1.9357     1.8742     0.0057  0.1475924 -9.990e-29
         89      8.459    14.8700   2.927408     1.9353     1.8739     0.0057  0.1476443 -9.990e-29
         90      8.458    14.8704   2.927424     1.9350     1.8736     0.0057  0.1476938 -9.990e-29
         91      8.458    14.8708   2.927440     1.9346     1.8733     0.0057  0.1477414 -9.990e-29
         92      8.457    14.8713   2.927457     1.9343     1.8730     0.0055  0.1477872 -9.990e-29
         93      8.457    14.8717   2.927475     1.9339     1.8727     0.0057  0.1478317 -9.990e-29
         94      8.456    14.8721   2.927494     1.9336     1.8724     0.0057  0.1478752 -9.990e-29
         95      8.455    14.8726   2.927513     1.9332     1.8721     0.0057  0.1479179 -9.990e-29
         96      8.455    14.8730   2.927532     1.9329     1.8718     0.0057  0.1479602 -9.990e-29
         97      8.454    14.8735   2.927553     1.9325     1.8715     0.0057  0.1480024 -9.990e-29
         98      8.454    14.8740   2.927574     1.9322     1.8713     0.0057  0.1480446 -9.990e-29
         99      8.453    14.8745   2.927595     1.9319     1.8710     0.0057  0.1480874 -9.990e-29
        100      8.452    14.8750   2.927618     1.9315     1.8707     0.0057  0.1481308 -9.990e-29
        101      8.452    14.8755   2.927642     1.9312     1.8704     0.0057  0.1481753 -9.990e-29
        102      8.451    14.8760   2.927666     1.9308     1.8702     0.0057  0.1482211 -9.990e-29
        103      8.450    14.8765   2.927691     1.9305     1.8699     0.0057  0.1482687 -9.990e-29
        104      8.449    14.8771   2.927716     1.9301     1.8696     0.0057  0.1483182 -9.990e-29
        105      8.448    14.8776   2.927742     1.9298     1.8694     0.0057  0.1483700 -9.990e-29
        106      8.447    14.8782   2.927769     1.9294     1.8691     0.0057  0.1484245 -9.990e-29
        107      8.446    14.8789   2.927796     1.9291     1.8689     0.0057  0.1484822 -9.990e-29
        108      8.444    14.8795   2.927825     1.9287     1.8686     0.0057  0.1485433 -9.990e-29
        109      8.443    14.8801   2.927855     1.9284     1.8684     0.0055  0.1486083 -9.990e-29
        110      8.442    14.8808   2.927886     1.9280     1.8681     0.0057  0.1486768 -9.990e-29
        111      8.440    14.8815   2.927919     1.9277     1.8679     0.0057  0.1487476 -9.990e-29
        112      8.439    14.8822   2.927955     1.9273     1.8676     0.0057  0.1488203 -9.990e-29
        113      8.437    14.8830   2.927993     1.9270     1.8674     0.0057  0.1488955 -9.990e-29
        114      8.435    14.8838   2.928032     1.9266     1.8672     0.0055  0.1489736 -9.990e-29
        115      8.433    14.8846   2.928074     1.9262     1.8670     0.0057  0.1490553 -9.990e-29
        116      8.431    14.8855   2.928117     1.9259     1.8667     0.0057  0.1491410 -9.990e-29
        117      8.429    14.8864   2.928163     1.9255     1.8665     0.0057  0.1492314 -9.990e-29
        118      8.426    14.8874   2.928211     1.9251     1.8663     0.0057  0.1493270 -9.990e-29
        119      8.424    14.8884   2.928262     1.9247     1.8661     0.0057  0.1494287 -9.990e-29
        120      8.421    14.8895   2.928316     1.9244     1.8659     0.0057  0.1495370 -9.990e-29
        121      8.418    14.8906   2.928373     1.9240     1.8657     0.0057  0.1496527 -9.990e-29
        122      8.414    14.8918   2.928434     1.9236     1.8656     0.0057  0.1497766 -9.990e-29
        123      8.411    14.8931   2.928498     1.9232     1.8654     0.0057  0.1499097 -9.990e-29
        124      8.407    14.8944   2.928566     1.9228     1.8652     0.0057  0.1500527 -9.990e-29
        125      8.403    14.8958   2.928638     1.9224     1.8651     0.0057  0.1502068 -9.990e-29
        126      8.398    14.8974   2.928715     1.9220     1.8649     0.0055  0.1503729 -9.990e-29
        127      8.394    14.8990   2.928797     1.9216     1.8648     0.0057  0.1505523 -9.990e-29
        128      8.389    14.9007   2.928886     1.9211     1.8647     0.0057  0.1507462 -9.990e-29
        129      8.384    14.9026   2.928983     1.9207     1.8645     0.0057  0.1509559 -9.990e-29
        130      8.379    14.9046   2.929089     1.9202     1.8644     0.0057  0.1511829 -9.990e-29
        131      8.374    14.9067   2.929205     1.9198     1.8644     0.0057  0.1514287 -9.990e-29
        132      8.368    14.9090   2.929333     1.9193     1.8643     0.0057  0.1516952 -9.990e-29
        133      8.362    14.9114   2.929472     1.9188     1.8642     0.0057  0.1519840 -9.990e-29
        134      8.356    14.9139   2.929623     1.9183     1.8642     0.0057  0.1522948 -9.990e-29
        135      8.349    14.9166   2.929788     1.9178     1.8642     0.0055  0.1526135 -9.990e-29
        136      8.342    14.9194   2.929969     1.9172     1.8642     0.0055  0.1529135 -9.990e-29
        137      8.335    14.9224   2.930165     1.9166     1.8642     0.0057  0.1531772 -9.990e-29
        138      8.328    14.9255   2.930378     1.9161     1.8642     0.0057  0.1534024 -9.990e-29
        139      8.320    14.9287   2.930610     1.9155     1.8643     0.0057  0.1535905 -9.990e-29
        140      8.312    14.9320   2.930861     1.9148     1.8644     0.0057  0.1537429 -9.990e-29
        141      8.304    14.9353   2.931132     1.9142     1.8645     0.0057  0.1538615 -9.990e-29
        142      8.296    14.9387   2.931423     1.9135     1.8647     0.0057  0.1539487 -9.990e-29
        143      8.288    14.9420   2.931738     1.9128     1.8649     0.0057  0.1540053 -9.990e-29
        144      8.279    14.9452   2.932076     1.9120     1.8651     0.0057  0.1540308 -9.990e-29
        145      8.270    14.9482   2.932441     1.9112     1.8654     0.0057  0.1540253 -9.990e-29
        146      8.261    14.9511   2.932834     1.9104     1.8657     0.0057  0.1539879 -9.990e-29
        147      8.251    14.9538   2.933258     1.9095     1.8660     0.0057  0.1539175 -9.990e-29
        148      8.242    14.9564   2.933714     1.9085     1.8664     0.0057  0.1538137 -9.990e-29
        149      8.232    14.9587   2.934204     1.9076     1.8668     0.0057  0.1536766 -9.990e-29
        150      8.222    14.9608   2.934731     1.9065     1.8673     0.0057  0.1535069 -9.990e-29
        151      8.212    14.9626   2.935299     1.9054     1.8679     0.0057  0.1533034 -9.990e-29
        152      8.202    14.9642   2.935910     1.9042     1.8685     0.0057  0.1530631 -9.990e-29
        153      8.191    14.9657   2.936569     1.9029     1.8691     0.0057  0.1527842 -9.990e-29
        154      8.181    14.9672   2.937279     1.9016     1.8699     0.0057  0.1524657 -9.990e-29
        155      8.170    14.9686   2.938047     1.9001     1.8707     0.0057  0.1521053 -9.990e-29
        156      8.159    14.9703   2.938877     1.8986     1.8715     0.0057  0.1517014 -9.990e-29
        157      8.148    14.9722   2.939776     1.8969     1.8725     0.0057  0.1512512 -9.990e-29
        158      8.136    14.9745   2.940750     1.8951     1.8735     0.0057  0.1507498 -9.990e-29
        159      8.125    14.9773   2.941806     1.8932     1.8747     0.0057  0.1501929 -9.990e-29
        160      8.114    14.9807   2.942953     1.8911     1.8759     0.0055  0.1495920 -9.990e-29
