code/data/2021/ctd_data_day3/station6f_ctm_fil_le.cnv
* Sea-Bird SBE 9 Data File:
* FileName = C:\Users\CTD-User\Desktop\MAR440\day3\station6f.hex
* Software Version Seasave V 7.26.2.13
* Temperature SN = 6313
* Conductivity SN = 4758
* Number of Bytes Per Scan = 37
* Number of Voltage Words = 4
* Number of Scans Averaged by the Deck Unit = 1
* NMEA Latitude = 58 18.97 N
* NMEA Longitude = 011 48.24 E
* NMEA UTC (Time) = Sep 23 2021 10:37:53
* NMEA baud rate = 4800
** Ship: Skagerrak
** Station: station6f
** Operator: Tor
# nquan = 9
# nvalues = 2508                        
# units = specified
# name 0 = scan: Scan Count
# name 1 = prDM: Pressure, Digiquartz [db]
# name 2 = t090C: Temperature [ITS-90, deg C]
# name 3 = c0S/m: Conductivity [S/m]
# name 4 = sbeox0V: Oxygen raw, SBE 43 [V]
# name 5 = sbeox1V: Oxygen raw, SBE 43, 2 [V]
# name 6 = flECO-AFL: Fluorescence, WET Labs ECO-AFL/FL [mg/m^3]
# name 7 = upoly0: Upoly 0, Turbidity
# name 8 = flag:  0.000e+00
# span 0 =          1,       2508       
# span 1 =      0.784,     27.109       
# span 2 =     9.0660,    15.6861       
# span 3 =   2.898495,   3.792571       
# span 4 =     1.0521,     2.7736       
# span 5 =     1.0683,     2.6904       
# span 6 =     0.0035,     0.0218       
# span 7 =  0.0871359,  0.1607957       
# span 8 = 0.0000e+00, 0.0000e+00       
# interval = seconds: 0.0416667
# start_time = Sep 23 2021 10:37:53 [NMEA time, header]
# bad_flag = -9.990e-29
*END*
[from data line 2401]
       2402     26.052    11.7210   3.672146     1.2926     1.3486     0.0053  0.0879308 0.0000e+00
       2403     26.072    11.6574   3.666658     1.2909     1.3465     0.0053  0.0879277 0.0000e+00
       2404     26.093    11.5941   3.661133     1.2892     1.3444     0.0053  0.0879256 0.0000e+00
       2405     26.113    11.5314   3.655615     1.2875     1.3422     0.0053  0.0879253 0.0000e+00
       2406     26.133    11.4697   3.650136     1.2858     1.3400     0.0053  0.0879259 0.0000e+00
       2407     26.153    11.4091   3.644723     1.2840     1.3378     0.0053  0.0879267 0.0000e+00
       2408     26.173    11.3501   3.639400     1.2822     1.3356     0.0053  0.0879276 0.0000e+00
       2409     26.192    11.2928   3.634199     1.2804     1.3334     0.0053  0.0879287 0.0000e+00
       2410     26.212    11.2378   3.629154     1.2786     1.3312     0.0053  0.0879299 0.0000e+00
       2411     26.231    11.1855   3.624295     1.2768     1.3289     0.0053  0.0879303 0.0000e+00
       2412     26.249    11.1360   3.619643     1.2749     1.3267     0.0053  0.0879301 0.0000e+00
       2413     26.268    11.0894   3.615210     1.2730     1.3244     0.0053  0.0879301 0.0000e+00
       2414     26.286    11.0456   3.611005     1.2711     1.3221     0.0053  0.0879285 0.0000e+00
       2415     26.304    11.0046   3.607026     1.2692     1.3198     0.0053  0.0879245 0.0000e+00
       2416     26.321    10.9660   3.603266     1.2672     1.3175     0.0053  0.0879197 0.0000e+00
       2417     26.338    10.9298   3.599717     1.2653     1.3152     0.0053  0.0879142 0.0000e+00
       2418     26.354    10.8959   3.596368     1.2633     1.3128     0.0057  0.0879070 0.0000e+00
       2419     26.371    10.8639   3.593207     1.2613     1.3105     0.0060  0.0878981 0.0000e+00
       2420     26.387    10.8338   3.590222     1.2593     1.3081     0.0062  0.0878866 0.0000e+00
       2421     26.402    10.8054   3.587398     1.2572     1.3057     0.0062  0.0878724 0.0000e+00
       2422     26.417    10.7785   3.584726     1.2552     1.3033     0.0062  0.0878579 0.0000e+00
       2423     26.432    10.7529   3.582193     1.2531     1.3008     0.0062  0.0878448 0.0000e+00
       2424     26.447    10.7287   3.579791     1.2510     1.2984     0.0062  0.0878329 0.0000e+00
       2425     26.461    10.7056   3.577512     1.2489     1.2959     0.0062  0.0878231 0.0000e+00
       2426     26.475    10.6836   3.575348     1.2467     1.2934     0.0062  0.0878161 0.0000e+00
       2427     26.488    10.6626   3.573296     1.2446     1.2909     0.0062  0.0878118 0.0000e+00
       2428     26.501    10.6428   3.571352     1.2424     1.2883     0.0062  0.0878086 0.0000e+00
       2429     26.514    10.6239   3.569511     1.2402     1.2858     0.0062  0.0878029 0.0000e+00
       2430     26.526    10.6060   3.567769     1.2380     1.2832     0.0062  0.0877948 0.0000e+00
       2431     26.538    10.5891   3.566121     1.2358     1.2805     0.0062  0.0877868 0.0000e+00
       2432     26.549    10.5731   3.564559     1.2335     1.2779     0.0062  0.0877797 0.0000e+00
       2433     26.560    10.5580   3.563078     1.2312     1.2752     0.0062  0.0877742 0.0000e+00
       2434     26.571    10.5437   3.561670     1.2289     1.2725     0.0062  0.0877703 0.0000e+00
       2435     26.582    10.5301   3.560327     1.2266     1.2698     0.0062  0.0877654 0.0000e+00
       2436     26.593    10.5171   3.559038     1.2243     1.2671     0.0062  0.0877579 -9.990e-29
       2437     26.603    10.5045   3.557787     1.2220     1.2643     0.0062  0.0877476 -9.990e-29
       2438     26.613    10.4922   3.556556     1.2196     1.2615     0.0062  0.0877353 -9.990e-29
       2439     26.623    10.4800   3.555333     1.2173     1.2587     0.0062  0.0877219 -9.990e-29
       2440     26.633    10.4679   3.554115     1.2149     1.2558     0.0062  0.0877071 -9.990e-29
       2441     26.642    10.4558   3.552899     1.2125     1.2529     0.0062  0.0876918 -9.990e-29
       2442     26.652    10.4436   3.551686     1.2100     1.2500     0.0062  0.0876758 -9.990e-29
       2443     26.662    10.4312   3.550474     1.2076     1.2471     0.0062  0.0876591 -9.990e-29
       2444     26.671    10.4187   3.549259     1.2051     1.2441     0.0062  0.0876432 -9.990e-29
       2445     26.680    10.4060   3.548037     1.2026     1.2411     0.0062  0.0876288 -9.990e-29
       2446     26.689    10.3930   3.546804     1.2001     1.2380     0.0062  0.0876159 -9.990e-29
       2447     26.698    10.3799   3.545554     1.1976     1.2349     0.0062  0.0876043 -9.990e-29
       2448     26.707    10.3665   3.544286     1.1950     1.2318     0.0062  0.0875940 -9.990e-29
       2449     26.715    10.3528   3.542996     1.1924     1.2287     0.0062  0.0875849 -9.990e-29
       2450     26.724    10.3388   3.541681     1.1898     1.2255     0.0062  0.0875779 -9.990e-29
       2451     26.733    10.3244   3.540337     1.1872     1.2222     0.0062  0.0875736 -9.990e-29
       2452     26.742    10.3094   3.538956     1.1845     1.2190     0.0062  0.0875713 -9.990e-29
       2453     26.751    10.2939   3.537531     1.1818     1.2157     0.0062  0.0875699 -9.990e-29
       2454     26.759    10.2778   3.536056     1.1791     1.2124     0.0062  0.0875697 -9.990e-29
       2455     26.768    10.2609   3.534520     1.1764     1.2090     0.0062  0.0875705 -9.990e-29
       2456     26.776    10.2432   3.532917     1.1736     1.2057     0.0062  0.0875723 -9.990e-29
       2457     26.785    10.2246   3.531240     1.1708     1.2023     0.0062  0.0875752 -9.990e-29
       2458     26.794    10.2051   3.529480     1.1680     1.1989     0.0062  0.0875792 -9.990e-29
       2459     26.802    10.1845   3.527631     1.1652     1.1954     0.0062  0.0875842 -9.990e-29
       2460     26.810    10.1629   3.525689     1.1623     1.1920     0.0062  0.0875904 -9.990e-29
       2461     26.819    10.1404   3.523656     1.1594     1.1885     0.0062  0.0875978 -9.990e-29
       2462     26.827    10.1169   3.521534     1.1565     1.1851     0.0062  0.0876065 -9.990e-29
       2463     26.836    10.0926   3.519328     1.1536     1.1816     0.0062  0.0876164 -9.990e-29
       2464     26.844    10.0676   3.517048     1.1507     1.1781     0.0062  0.0876277 -9.990e-29
       2465     26.852    10.0420   3.514700     1.1478     1.1746     0.0062  0.0876405 -9.990e-29
       2466     26.861    10.0159   3.512293     1.1448     1.1711     0.0062  0.0876548 -9.990e-29
       2467     26.869     9.9893   3.509835     1.1418     1.1676     0.0062  0.0876707 -9.990e-29
       2468     26.877     9.9620   3.507330     1.1389     1.1641     0.0062  0.0876883 -9.990e-29
       2469     26.885     9.9343   3.504779     1.1359     1.1606     0.0062  0.0877078 -9.990e-29
       2470     26.893     9.9061   3.502187     1.1330     1.1572     0.0062  0.0877285 -9.990e-29
       2471     26.901     9.8776   3.499562     1.1300     1.1537     0.0062  0.0877480 -9.990e-29
       2472     26.909     9.8489   3.496912     1.1270     1.1503     0.0062  0.0877637 -9.990e-29
       2473     26.917     9.8201   3.494243     1.1241     1.1469     0.0062  0.0877751 -9.990e-29
       2474     26.924     9.7911   3.491560     1.1211     1.1435     0.0062  0.0877830 -9.990e-29
       2475     26.932     9.7618   3.488863     1.1182     1.1401     0.0062  0.0877900 -9.990e-29
       2476     26.940     9.7321   3.486149     1.1153     1.1368     0.0062  0.0877979 -9.990e-29
       2477     26.947     9.7022   3.483421     1.1124     1.1335     0.0062  0.0878058 -9.990e-29
       2478     26.955     9.6723   3.480679     1.1095     1.1302     0.0062  0.0878131 -9.990e-29
       2479     26.962     9.6423   3.477928     1.1067     1.1270     0.0062  0.0878188 -9.990e-29
       2480     26.970     9.6122   3.475164     1.1039     1.1239     0.0062  0.0878222 -9.990e-29
       2481     26.977     9.5819   3.472386     1.1010     1.1207     0.0062  0.0878233 -9.990e-29
       2482     26.984     9.5514   3.469601     1.0983     1.1177     0.0060  0.0878230 -9.990e-29
       2483     26.992     9.5210   3.466819     1.0955     1.1146     0.0062  0.0878238 -9.990e-29
       2484     26.999     9.4907   3.464057     1.0928     1.1117     0.0062  0.0878265 -9.990e-29
       2485     27.006     9.4608   3.461329     1.0902     1.1088     0.0062  0.0878296 -9.990e-29
       2486     27.012     9.4313   3.458651     1.0875     1.1059     0.0062  0.0878320 -9.990e-29
       2487     27.019     9.4022   3.456031     1.0850     1.1032     0.0062  0.0878340 -9.990e-29
       2488     27.026     9.3737   3.453476     1.0824     1.1004     0.0062  0.0878363 -9.990e-29
       2489     27.032     9.3460   3.450994     1.0800     1.0978     0.0062  0.0878389 -9.990e-29
       2490     27.039     9.3193   3.448594     1.0776     1.0953     0.0062  0.0878402 -9.990e-29
       2491     27.045     9.2936   3.446281     1.0753     1.0928     0.0062  0.0878401 -9.990e-29
       2492     27.051     9.2691   3.444061     1.0730     1.0904     0.0062  0.0878396 -9.990e-29
       2493     27.057     9.2460   3.441943     1.0709     1.0881     0.0062  0.0878386 -9.990e-29
       2494     27.063     9.2243   3.439932     1.0688     1.0858     0.0062  0.0878380 -9.990e-29
       2495     27.068     9.2039   3.438034     1.0668     1.0837     0.0068  0.0878386 -9.990e-29
       2496     27.074     9.1848   3.436253     1.0649     1.0817     0.0070  0.0878404 -9.990e-29
       2497     27.078     9.1670   3.434591     1.0631     1.0798     0.0070  0.0878443 -9.990e-29
       2498     27.083     9.1505   3.433053     1.0614     1.0780     0.0070  0.0878511 -9.990e-29
       2499     27.087     9.1354   3.431644     1.0598     1.0763     0.0070  0.0878592 -9.990e-29
       2500     27.091     9.1216   3.430368     1.0583     1.0748     0.0070  0.0878653 -9.990e-29
       2501     27.095     9.1093   3.429229     1.0570     1.0734     0.0070  0.0878677 -9.990e-29
       2502     27.099     9.0984   3.428230     1.0557     1.0721     0.0070  0.0878672 -9.990e-29
       2503     27.102     9.0890   3.427373     1.0547     1.0710     0.0070  0.0878657 -9.990e-29
       2504     27.104     9.0810   3.426661     1.0538     1.0701     0.0070  0.0878638 -9.990e-29
       2505     27.106     9.0746   3.426096     1.0531     1.0693     0.0070  0.0878616 -9.990e-29
       2506     27.108     9.0699   3.425686     1.0525     1.0688     0.0070  0.0878591 -9.990e-29
       2507     27.109     9.0670   3.425435     1.0522     1.0684     0.0070  0.0878571 -9.990e-29
       2508     27.109     9.0660   3.425351     1.0521     1.0683     0.0070  0.0878564 -9.990e-29
