code/data/2021/ctd_data_day3/station6f.cnv
* Sea-Bird SBE 9 Data File:
* FileName = C:\Users\CTD-User\Desktop\MAR440\day3\station6f.hex
* Software Version Seasave V 7.26.2.13
* Temperature SN = 6313
* Conductivity SN = 4758
* Number of Bytes Per Scan = 37
* Number of Voltage Words = 4
* Number of Scans Averaged by the Deck Unit = 1
* NMEA Latitude = 58 18.97 N
* NMEA Longitude = 011 48.24 E
* NMEA UTC (Time) = Sep 23 2021 10:37:53
* NMEA baud rate = 4800
** Ship: Skagerrak
** Station: station6f
** Operator: Tor
# nquan = 9
# nvalues = 2508                                  
# units = specified
# name 0 = scan: Scan Count
# name 1 = prDM: Pressure, Digiquartz [db]
# name 2 = t090C: Temperature [ITS-90, deg C]
# name 3 = c0S/m: Conductivity [S/m]
# name 4 = sbeox0V: Oxygen raw, SBE 43 [V]
# name 5 = sbeox1V: Oxygen raw, SBE 43, 2 [V]
# name 6 = flECO-AFL: Fluorescence, WET Labs ECO-AFL/FL [mg/m^3]
# name 7 = upoly0: Upoly 0, Turbidity
# name 8 = flag:  0.000e+00
# span 0 =          1,       2508                 
# span 1 =      0.694,     27.246                 
# span 2 =     8.7731,    15.8238                 
# span 3 =   2.898285,   3.796493                 
# span 4 =     1.0194,     2.7814                 
# span 5 =     1.0328,     2.6996                 
# span 6 =     0.0035,     0.0218                 
# span 7 =  0.0864432,  0.1616569                 
# span 8 = 0.0000e+00, 0.0000e+00                 
# interval = seconds: 0.0416667
# start_time = Sep 23 2021 10:37:53 [NMEA time, header]
# bad_flag = -9.990e-29
*END*
[from data line 641]
        642      0.822    14.7092   2.905067     2.1319     2.1416     0.0170  0.1460281  0.000e+00
        643      0.789    14.7103   2.905363     2.1319     2.1416     0.0170  0.1460281  0.000e+00
        644      0.880    14.7104   2.905051     2.1306     2.1416     0.0170  0.1460281  0.000e+00
        645      0.789    14.7118   2.905078     2.1306     2.1404     0.0170  0.1460281  0.000e+00
        646      0.756    14.7136   2.905303     2.1306     2.1404     0.0170  0.1460281  0.000e+00
        647      0.789    14.7152   2.905155     2.1306     2.1392     0.0170  0.1460281  0.000e+00
        648      0.822    14.7169   2.905265     2.1294     2.1392     0.0170  0.1460281  0.000e+00
        649      0.789    14.7175   2.905593     2.1294     2.1380     0.0170  0.1460281  0.000e+00
        650      0.822    14.7174   2.905402     2.1294     2.1380     0.0170  0.1460281  0.000e+00
        651      0.789    14.7170   2.905319     2.1294     2.1380     0.0170  0.1460281  0.000e+00
        652      0.822    14.7164   2.905593     2.1282     2.1380     0.0170  0.1460281  0.000e+00
        653      0.789    14.7158   2.905358     2.1282     2.1368     0.0170  0.1460281  0.000e+00
        654      0.880    14.7154   2.905325     2.1282     2.1368     0.0170  0.1460281  0.000e+00
        655      0.789    14.7143   2.905621     2.1270     2.1368     0.0170  0.1460281  0.000e+00
        656      0.756    14.7124   2.905265     2.1270     2.1368     0.0170  0.1460281  0.000e+00
        657      0.789    14.7099   2.905248     2.1270     2.1355     0.0170  0.1460281  0.000e+00
        658      0.822    14.7078   2.905566     2.1270     2.1355     0.0170  0.1474933  0.000e+00
        659      0.789    14.7060   2.905292     2.1258     2.1355     0.0174  0.1479817  0.000e+00
        660      0.822    14.7056   2.905183     2.1258     2.1355     0.0176  0.1479817  0.000e+00
        661      0.789    14.7072   2.905435     2.1258     2.1355     0.0170  0.1479817  0.000e+00
        662      0.822    14.7105   2.905237     2.1245     2.1355     0.0170  0.1479817  0.000e+00
        663      0.789    14.7137   2.905095     2.1245     2.1355     0.0170  0.1479817  0.000e+00
        664      0.756    14.7173   2.905495     2.1245     2.1355     0.0170  0.1479817  0.000e+00
        665      0.855    14.7202   2.905347     2.1233     2.1343     0.0176  0.1479817  0.000e+00
        666      0.822    14.7230   2.905204     2.1233     2.1343     0.0170  0.1479817  0.000e+00
        667      0.855    14.7245   2.905539     2.1233     2.1343     0.0170  0.1474933  0.000e+00
        668      0.756    14.7262   2.905352     2.1233     2.1343     0.0170  0.1479817  0.000e+00
        669      0.880    14.7283   2.905243     2.1221     2.1343     0.0174  0.1479817  0.000e+00
        670      0.789    14.7302   2.905615     2.1221     2.1343     0.0170  0.1479817  0.000e+00
        671      0.822    14.7320   2.905495     2.1221     2.1331     0.0176  0.1479817  0.000e+00
        672      0.789    14.7344   2.905347     2.1209     2.1331     0.0170  0.1479817  0.000e+00
        673      0.822    14.7369   2.905675     2.1209     2.1331     0.0170  0.1479817  0.000e+00
        674      0.789    14.7384   2.905549     2.1209     2.1331     0.0176  0.1479817  0.000e+00
        675      0.822    14.7388   2.905358     2.1209     2.1331     0.0170  0.1479817  0.000e+00
        676      0.789    14.7389   2.905654     2.1209     2.1331     0.0170  0.1479817  0.000e+00
        677      0.822    14.7385   2.905544     2.1197     2.1319     0.0170  0.1479817  0.000e+00
        678      0.789    14.7384   2.905423     2.1197     2.1331     0.0174  0.1479817  0.000e+00
        679      0.756    14.7381   2.905719     2.1197     2.1331     0.0170  0.1479817  0.000e+00
        680      0.855    14.7376   2.905456     2.1197     2.1319     0.0170  0.1479817  0.000e+00
        681      0.756    14.7378   2.905385     2.1197     2.1319     0.0176  0.1479817  0.000e+00
        682      0.789    14.7372   2.905654     2.1184     2.1319     0.0170  0.1479817  0.000e+00
        683      0.822    14.7357   2.905495     2.1184     2.1319     0.0170  0.1514005  0.000e+00
        684      0.789    14.7300   2.905506     2.1184     2.1319     0.0168  0.1553077  0.000e+00
        685      0.756    14.7207   2.905769     2.1184     2.1319     0.0168  0.1562845  0.000e+00
        686      0.855    14.7104   2.905583     2.1184     2.1319     0.0168  0.1557961  0.000e+00
        687      0.756    14.7007   2.905648     2.1184     2.1319     0.0168  0.1562845  0.000e+00
        688      0.789    14.6929   2.905835     2.1172     2.1319     0.0168  0.1562845  0.000e+00
        689      0.756    14.6868   2.905709     2.1172     2.1319     0.0168  0.1557961  0.000e+00
        690      0.855    14.6819   2.905692     2.1184     2.1319     0.0168  0.1562845  0.000e+00
        691      0.756    14.6780   2.905895     2.1172     2.1319     0.0168  0.1557961  0.000e+00
        692      0.855    14.6748   2.905627     2.1172     2.1331     0.0168  0.1562845  0.000e+00
        693      0.822    14.6726   2.905676     2.1172     2.1331     0.0168  0.1562845  0.000e+00
        694      0.789    14.6709   2.905862     2.1172     2.1331     0.0168  0.1557961  0.000e+00
        695      0.822    14.6692   2.905638     2.1172     2.1331     0.0168  0.1557961  0.000e+00
        696      0.854    14.6679   2.905747     2.1172     2.1331     0.0168  0.1562845  0.000e+00
        697      0.821    14.6663   2.905841     2.1172     2.1331     0.0168  0.1557961  0.000e+00
        698      0.854    14.6653   2.905682     2.1172     2.1331     0.0168  0.1562845  0.000e+00
        699      0.755    14.6667   2.905846     2.1172     2.1343     0.0168  0.1557961  0.000e+00
        700      0.912    14.6712   2.905890     2.1172     2.1343     0.0168  0.1562845  0.000e+00
        701      0.755    14.6792   2.905709     2.1172     2.1331     0.0168  0.1557961  0.000e+00
        702      0.854    14.6909   2.905933     2.1172     2.1343     0.0168  0.1562845  0.000e+00
        703      0.821    14.7023   2.905911     2.1172     2.1343     0.0168  0.1557961  0.000e+00
        704      0.788    14.7117   2.905692     2.1172     2.1343     0.0168  0.1557961  0.000e+00
        705      0.821    14.7181   2.905785     2.1172     2.1343     0.0168  0.1557961  0.000e+00
        706      0.854    14.7218   2.905846     2.1172     2.1343     0.0168  0.1562845  0.000e+00
        707      0.755    14.7247   2.904662     2.0965     2.1343     0.0168  0.1557961  0.000e+00
        708      0.788    14.7267   2.904651     2.0488     2.1343     0.0168  0.1557961  0.000e+00
        709      0.755    14.7274   2.908882     2.0342     2.1343     0.0165  0.1577497  0.000e+00
        710      0.755    14.7288   2.911679     2.0342     2.1343     0.0163  0.1587265  0.000e+00
        711      0.788    14.7344   2.908515     2.0366     2.1343     0.0165  0.1587265  0.000e+00
        712      0.755    14.7402   2.908586     2.0415     2.1331     0.0165  0.1587265  0.000e+00
        713      0.788    14.7435   2.917994     2.0659     2.1331     0.0165  0.1587265  0.000e+00
        714      0.755    14.7449   2.924496     2.0733     2.1319     0.0165  0.1587265  0.000e+00
        715      0.788    14.7455   2.927073     2.0659     2.1319     0.0165  0.1587265  0.000e+00
        716      0.755    14.7462   2.927727     2.0659     2.1331     0.0165  0.1587265  0.000e+00
        717      0.788    14.7465   2.927990     2.0672     2.1331     0.0163  0.1587265  0.000e+00
        718      0.755    14.7469   2.928078     2.0647     2.1343     0.0163  0.1587265  0.000e+00
        719      0.788    14.7470   2.928128     2.0659     2.1343     0.0165  0.1587265  0.000e+00
        720      0.821    14.7470   2.928161     2.0672     2.1343     0.0163  0.1587265  0.000e+00
        721      0.788    14.7472   2.928271     2.0672     2.1343     0.0165  0.1587265  0.000e+00
        722      0.821    14.7472   2.928370     2.0672     2.1343     0.0165  0.1587265  0.000e+00
        723      0.854    14.7475   2.928430     2.0672     2.1343     0.0165  0.1587265  0.000e+00
        724      0.820    14.7475   2.928403     2.0684     2.1355     0.0165  0.1587265  0.000e+00
        725      0.853    14.7475   2.928452     2.0684     2.1355     0.0165  0.1587265  0.000e+00
        726      0.820    14.7475   2.928474     2.0696     2.1368     0.0165  0.1587265  0.000e+00
        727      0.853    14.7475   2.928491     2.0733     2.1380     0.0165  0.1587265  0.000e+00
        728      0.878    14.7468   2.928502     2.0733     2.1404     0.0163  0.1587265  0.000e+00
        729      0.853    14.7465   2.928518     2.0720     2.1429     0.0165  0.1587265  0.000e+00
        730      0.878    14.7462   2.928485     2.0745     2.1465     0.0165  0.1582381  0.000e+00
        731      0.787    14.7463   2.928535     2.0769     2.1502     0.0165  0.1587265  0.000e+00
        732      0.878    14.7465   2.928535     2.0806     2.1539     0.0165  0.1587265  0.000e+00
        733      0.853    14.7467   2.928589     2.0842     2.1587     0.0165  0.1587265  0.000e+00
        734      0.820    14.7466   2.928463     2.0879     2.1636     0.0165  0.1592149  0.000e+00
        735      0.853    14.7469   2.928584     2.0952     2.1697     0.0165  0.1597033  0.000e+00
        736      0.820    14.7466   2.928535     2.1001     2.1758     0.0167  0.1601917  0.000e+00
        737      0.787    14.7464   2.928540     2.1050     2.1819     0.0165  0.1601917  0.000e+00
        738      0.820    14.7465   2.928557     2.1123     2.1893     0.0167  0.1601917  0.000e+00
        739      0.787    14.7461   2.928513     2.1160     2.1966     0.0165  0.1601917  0.000e+00
        740      0.754    14.7460   2.928540     2.1233     2.2039     0.0167  0.1601917  0.000e+00
        741      0.787    14.7462   2.928513     2.1319     2.2112     0.0165  0.1601917  0.000e+00
        742      0.820    14.7465   2.928540     2.1368     2.2186     0.0167  0.1601917  0.000e+00
        743      0.729    14.7464   2.928556     2.1453     2.2259     0.0167  0.1601917  0.000e+00
        744      0.754    14.7465   2.928535     2.1526     2.2332     0.0167  0.1601917  0.000e+00
        745      0.786    14.7464   2.928611     2.1587     2.2430     0.0167  0.1601917  0.000e+00
        746      0.753    14.7464   2.928595     2.1673     2.2515     0.0167  0.1601917  0.000e+00
        747      0.729    14.7466   2.928622     2.1770     2.2589     0.0167  0.1601917  0.000e+00
        748      0.753    14.7464   2.928655     2.1880     2.2686     0.0167  0.1601917  0.000e+00
        749      0.786    14.7465   2.928600     2.1978     2.2760     0.0167  0.1597033  0.000e+00
        750      0.753    14.7463   2.928644     2.2063     2.2845     0.0167  0.1601917  0.000e+00
        751      0.753    14.7464   2.928644     2.2149     2.2930     0.0167  0.1601917  0.000e+00
        752      0.786    14.7465   2.928617     2.2247     2.3004     0.0167  0.1601917  0.000e+00
        753      0.753    14.7465   2.928589     2.2320     2.3089     0.0167  0.1601917  0.000e+00
        754      0.786    14.7464   2.928600     2.2405     2.3175     0.0165  0.1601917  0.000e+00
        755      0.753    14.7468   2.928611     2.2503     2.3248     0.0167  0.1597033  0.000e+00
        756      0.852    14.7472   2.928589     2.2601     2.3321     0.0167  0.1601917  0.000e+00
        757      0.753    14.7475   2.928666     2.2674     2.3394     0.0167  0.1601917  0.000e+00
        758      0.852    14.7480   2.928732     2.2759     2.3468     0.0167  0.1601917  0.000e+00
        759      0.819    14.7485   2.928765     2.2857     2.3553     0.0167  0.1601917  0.000e+00
        760      0.786    14.7490   2.928936     2.2967     2.3626     0.0170  0.1606801  0.000e+00
        761      0.819    14.7500   2.928991     2.3040     2.3688     0.0172  0.1611685  0.000e+00
        762      0.852    14.7507   2.929051     2.3114     2.3761     0.0174  0.1611685  0.000e+00
        763      0.876    14.7512   2.929194     2.3199     2.3834     0.0172  0.1611685  0.000e+00
        764      0.852    14.7515   2.929337     2.3333     2.3895     0.0172  0.1611685  0.000e+00
        765      0.876    14.7510   2.929310     2.3468     2.3956     0.0174  0.1611685  0.000e+00
        766      0.851    14.7505   2.929392     2.3565     2.4017     0.0172  0.1611685  0.000e+00
        767      0.818    14.7495   2.929326     2.3626     2.4078     0.0172  0.1606801  0.000e+00
        768      0.851    14.7494   2.929211     2.3687     2.4139     0.0172  0.1611685  0.000e+00
        769      0.876    14.7494   2.928996     2.3773     2.4200     0.0172  0.1606801  0.000e+00
        770      0.851    14.7487   2.928941     2.3858     2.4261     0.0174  0.1611685  0.000e+00
        771      0.818    14.7482   2.928919     2.3944     2.4310     0.0174  0.1611685  0.000e+00
        772      0.785    14.7481   2.928930     2.4005     2.4359     0.0172  0.1611685  0.000e+00
        773      0.818    14.7473   2.928914     2.4066     2.4408     0.0172  0.1611685  0.000e+00
        774      0.851    14.7480   2.928947     2.4151     2.4457     0.0172  0.1606801  0.000e+00
        775      0.752    14.7485   2.929084     2.4225     2.4506     0.0172  0.1606801  0.000e+00
        776      0.851    14.7495   2.929106     2.4298     2.4542     0.0172  0.1606801  0.000e+00
        777      0.694    14.7495   2.929183     2.4347     2.4579     0.0172  0.1611685  0.000e+00
        778      0.785    14.7504   2.929211     2.4408     2.4628     0.0172  0.1611685  0.000e+00
        779      0.818    14.7512   2.929271     2.4469     2.4664     0.0172  0.1611685  0.000e+00
        780      0.727    14.7514   2.929392     2.4554     2.4713     0.0172  0.1611685  0.000e+00
        781      0.818    14.7519   2.929447     2.4603     2.4750     0.0172  0.1611685  0.000e+00
        782      0.785    14.7536   2.929601     2.4652     2.4786     0.0172  0.1611685  0.000e+00
        783      0.752    14.7549   2.929733     2.4713     2.4823     0.0172  0.1606801  0.000e+00
        784      0.785    14.7554   2.929821     2.4786     2.4860     0.0172  0.1606801  0.000e+00
        785      0.818    14.7554   2.929821     2.4835     2.4909     0.0168  0.1611685  0.000e+00
        786      0.785    14.7554   2.929997     2.4884     2.4933     0.0163  0.1616569  0.000e+00
        787      0.752    14.7561   2.930178     2.4933     2.4982     0.0159  0.1616569  0.000e+00
        788      0.851    14.7565   2.930261     2.4982     2.5006     0.0159  0.1616569  0.000e+00
        789      0.818    14.7566   2.930376     2.5055     2.5043     0.0159  0.1611685  0.000e+00
        790      0.785    14.7565   2.930431     2.5104     2.5079     0.0161  0.1616569  0.000e+00
        791      0.818    14.7561   2.930480     2.5140     2.5116     0.0161  0.1616569  0.000e+00
        792      0.818    14.7558   2.930381     2.5177     2.5141     0.0161  0.1616569  0.000e+00
        793      0.850    14.7558   2.930414     2.5226     2.5177     0.0161  0.1616569  0.000e+00
        794      0.817    14.7563   2.930398     2.5287     2.5202     0.0159  0.1611685  0.000e+00
        795      0.784    14.7565   2.930321     2.5324     2.5238     0.0161  0.1616569  0.000e+00
        796      0.817    14.7571   2.930343     2.5360     2.5263     0.0161  0.1616569  0.000e+00
        797      0.850    14.7565   2.930480     2.5409     2.5287     0.0161  0.1616569  0.000e+00
        798      0.751    14.7554   2.930442     2.5446     2.5324     0.0161  0.1616569  0.000e+00
        799      0.850    14.7553   2.930348     2.5519     2.5348     0.0161  0.1616569  0.000e+00
        800      0.751    14.7551   2.930145     2.5531     2.5385     0.0161  0.1616569  0.000e+00
