code/data/2021/ctd_data_day3/station8H_ctm_fil.cnv
* Sea-Bird SBE 9 Data File:
* FileName = C:\Users\CTD-User\Desktop\MAR440\day3\station8H.hex
* Software Version Seasave V 7.26.2.13
* Temperature SN = 6313
* Conductivity SN = 4758
* Number of Bytes Per Scan = 37
* Number of Voltage Words = 4
* Number of Scans Averaged by the Deck Unit = 1
* NMEA Latitude = 58 19.26 N
* NMEA Longitude = 011 49.42 E
* NMEA UTC (Time) = Sep 23 2021 11:26:46
* NMEA baud rate = 4800
** Ship: Skagerrak
** Station: station8H
** Operator: Emma
# nquan = 9
# nvalues = 2851                        
# units = specified
# name 0 = scan: Scan Count
# name 1 = prDM: Pressure, Digiquartz [db]
# name 2 = t090C: Temperature [ITS-90, deg C]
# name 3 = c0S/m: Conductivity [S/m]
# name 4 = sbeox0V: Oxygen raw, SBE 43 [V]
# name 5 = sbeox1V: Oxygen raw, SBE 43, 2 [V]
# name 6 = flECO-AFL: Fluorescence, WET Labs ECO-AFL/FL [mg/m^3]
# name 7 = upoly0: Upoly 0, Turbidity
# name 8 = flag:  0.000e+00
# span 0 =          1,       2851       
# span 1 =      1.387,     23.022       
# span 2 =    13.0407,    15.3630       
# span 3 =   2.902068,   3.761010       
# span 4 =     1.1054,     2.7944       
# span 5 =     1.1407,     2.6911       
# span 6 =     0.0037,     0.0104       
# span 7 =  0.0895694,  0.1540266       
# span 8 = 0.0000e+00, 0.0000e+00       
# interval = seconds: 0.0416667
# start_time = Sep 23 2021 11:26:46 [NMEA time, header]
# bad_flag = -9.990e-29
*END*
[from data line 961]
        962      7.390    14.9394   2.910752     2.0287     1.9695     0.0064  0.1452332 0.0000e+00
        963      7.384    14.9392   2.910771     2.0282     1.9691     0.0064  0.1452883 0.0000e+00
        964      7.377    14.9390   2.910790     2.0278     1.9687     0.0062  0.1453450 0.0000e+00
        965      7.370    14.9388   2.910809     2.0273     1.9683     0.0064  0.1454038 0.0000e+00
        966      7.364    14.9386   2.910828     2.0268     1.9679     0.0064  0.1454651 0.0000e+00
        967      7.357    14.9384   2.910848     2.0264     1.9675     0.0064  0.1455292 0.0000e+00
        968      7.350    14.9381   2.910868     2.0259     1.9671     0.0064  0.1455967 0.0000e+00
        969      7.343    14.9378   2.910889     2.0255     1.9668     0.0064  0.1456680 0.0000e+00
        970      7.336    14.9376   2.910911     2.0251     1.9664     0.0064  0.1457435 0.0000e+00
        971      7.329    14.9373   2.910933     2.0246     1.9661     0.0064  0.1458239 0.0000e+00
        972      7.321    14.9370   2.910956     2.0242     1.9658     0.0064  0.1459096 0.0000e+00
        973      7.314    14.9366   2.910979     2.0237     1.9655     0.0064  0.1460013 0.0000e+00
        974      7.307    14.9363   2.911002     2.0233     1.9652     0.0064  0.1460996 0.0000e+00
        975      7.299    14.9359   2.911026     2.0228     1.9649     0.0064  0.1462052 0.0000e+00
        976      7.292    14.9356   2.911049     2.0224     1.9647     0.0064  0.1463189 0.0000e+00
        977      7.285    14.9352   2.911073     2.0220     1.9645     0.0064  0.1464413 0.0000e+00
        978      7.277    14.9348   2.911097     2.0215     1.9642     0.0064  0.1465734 0.0000e+00
        979      7.269    14.9344   2.911122     2.0211     1.9640     0.0064  0.1467161 0.0000e+00
        980      7.262    14.9340   2.911147     2.0206     1.9639     0.0062  0.1468687 0.0000e+00
        981      7.254    14.9335   2.911173     2.0202     1.9637     0.0059  0.1470246 0.0000e+00
        982      7.246    14.9330   2.911199     2.0198     1.9636     0.0057  0.1471730 0.0000e+00
        983      7.238    14.9325   2.911226     2.0193     1.9635     0.0057  0.1473073 0.0000e+00
        984      7.230    14.9320   2.911254     2.0189     1.9634     0.0057  0.1474267 0.0000e+00
        985      7.222    14.9314   2.911283     2.0185     1.9633     0.0057  0.1475320 0.0000e+00
        986      7.214    14.9308   2.911312     2.0181     1.9633     0.0057  0.1476240 0.0000e+00
        987      7.205    14.9301   2.911342     2.0176     1.9632     0.0057  0.1477033 0.0000e+00
        988      7.197    14.9294   2.911373     2.0172     1.9632     0.0057  0.1477705 0.0000e+00
        989      7.189    14.9287   2.911405     2.0168     1.9633     0.0057  0.1478261 0.0000e+00
        990      7.180    14.9279   2.911437     2.0163     1.9633     0.0057  0.1478703 0.0000e+00
        991      7.172    14.9271   2.911470     2.0159     1.9634     0.0057  0.1479036 0.0000e+00
        992      7.163    14.9262   2.911505     2.0155     1.9635     0.0057  0.1479262 0.0000e+00
        993      7.154    14.9252   2.911540     2.0150     1.9636     0.0055  0.1479382 0.0000e+00
        994      7.146    14.9241   2.911576     2.0146     1.9638     0.0057  0.1479397 0.0000e+00
        995      7.137    14.9230   2.911614     2.0142     1.9640     0.0057  0.1479307 0.0000e+00
        996      7.128    14.9218   2.911653     2.0138     1.9642     0.0057  0.1479111 0.0000e+00
        997      7.119    14.9205   2.911694     2.0133     1.9644     0.0057  0.1478809 0.0000e+00
        998      7.110    14.9191   2.911735     2.0129     1.9647     0.0057  0.1478397 0.0000e+00
        999      7.100    14.9175   2.911777     2.0125     1.9649     0.0057  0.1477874 0.0000e+00
       1000      7.091    14.9159   2.911821     2.0121     1.9653     0.0057  0.1477236 0.0000e+00
       1001      7.082    14.9141   2.911866     2.0116     1.9656     0.0057  0.1476477 0.0000e+00
       1002      7.072    14.9122   2.911913     2.0112     1.9660     0.0057  0.1475594 0.0000e+00
       1003      7.062    14.9102   2.911960     2.0108     1.9664     0.0057  0.1474579 0.0000e+00
       1004      7.053    14.9080   2.912009     2.0104     1.9668     0.0057  0.1473426 0.0000e+00
       1005      7.043    14.9057   2.912060     2.0100     1.9672     0.0057  0.1472126 0.0000e+00
       1006      7.033    14.9033   2.912112     2.0096     1.9677     0.0059  0.1470713 0.0000e+00
       1007      7.023    14.9008   2.912165     2.0092     1.9682     0.0060  0.1469297 0.0000e+00
       1008      7.013    14.8982   2.912219     2.0088     1.9687     0.0060  0.1467986 0.0000e+00
       1009      7.003    14.8955   2.912273     2.0084     1.9693     0.0060  0.1466822 0.0000e+00
       1010      6.993    14.8928   2.912329     2.0080     1.9698     0.0060  0.1465796 0.0000e+00
       1011      6.983    14.8899   2.912387     2.0076     1.9704     0.0060  0.1464886 0.0000e+00
       1012      6.972    14.8870   2.912445     2.0071     1.9711     0.0060  0.1464075 0.0000e+00
       1013      6.962    14.8840   2.912505     2.0067     1.9717     0.0060  0.1463359 0.0000e+00
       1014      6.951    14.8810   2.912566     2.0063     1.9724     0.0060  0.1462741 0.0000e+00
       1015      6.941    14.8779   2.912627     2.0059     1.9731     0.0060  0.1462225 0.0000e+00
       1016      6.930    14.8748   2.912690     2.0056     1.9738     0.0060  0.1461798 0.0000e+00
       1017      6.920    14.8717   2.912754     2.0052     1.9746     0.0060  0.1461450 0.0000e+00
       1018      6.909    14.8686   2.912819     2.0048     1.9754     0.0060  0.1461179 0.0000e+00
       1019      6.898    14.8654   2.912884     2.0044     1.9762     0.0060  0.1460981 0.0000e+00
       1020      6.887    14.8623   2.912951     2.0040     1.9770     0.0060  0.1460857 0.0000e+00
       1021      6.876    14.8591   2.913018     2.0036     1.9778     0.0060  0.1460804 0.0000e+00
       1022      6.864    14.8560   2.913086     2.0033     1.9787     0.0060  0.1460823 0.0000e+00
       1023      6.853    14.8528   2.913154     2.0029     1.9796     0.0060  0.1460913 0.0000e+00
       1024      6.842    14.8497   2.913224     2.0025     1.9805     0.0059  0.1461076 0.0000e+00
       1025      6.830    14.8466   2.913294     2.0022     1.9814     0.0060  0.1461313 0.0000e+00
       1026      6.819    14.8434   2.913366     2.0018     1.9824     0.0060  0.1461624 0.0000e+00
       1027      6.807    14.8403   2.913438     2.0014     1.9834     0.0059  0.1462013 0.0000e+00
       1028      6.795    14.8372   2.913511     2.0011     1.9844     0.0060  0.1462482 0.0000e+00
       1029      6.783    14.8341   2.913584     2.0007     1.9855     0.0060  0.1463034 0.0000e+00
       1030      6.771    14.8311   2.913659     2.0004     1.9866     0.0060  0.1463673 0.0000e+00
       1031      6.759    14.8280   2.913733     2.0001     1.9877     0.0060  0.1464395 0.0000e+00
       1032      6.747    14.8249   2.913808     1.9997     1.9888     0.0060  0.1465155 0.0000e+00
       1033      6.735    14.8218   2.913884     1.9994     1.9900     0.0060  0.1465871 0.0000e+00
       1034      6.723    14.8186   2.913959     1.9990     1.9912     0.0060  0.1466500 0.0000e+00
       1035      6.710    14.8152   2.914034     1.9987     1.9925     0.0062  0.1467035 0.0000e+00
       1036      6.698    14.8115   2.914108     1.9984     1.9938     0.0062  0.1467482 0.0000e+00
       1037      6.686    14.8076   2.914181     1.9981     1.9951     0.0062  0.1467843 0.0000e+00
       1038      6.673    14.8035   2.914254     1.9978     1.9965     0.0060  0.1468121 0.0000e+00
       1039      6.660    14.7993   2.914327     1.9975     1.9980     0.0062  0.1468317 0.0000e+00
       1040      6.647    14.7952   2.914400     1.9972     1.9995     0.0062  0.1468433 0.0000e+00
       1041      6.634    14.7912   2.914474     1.9970     2.0010     0.0060  0.1468470 0.0000e+00
       1042      6.621    14.7873   2.914546     1.9967     2.0026     0.0060  0.1468428 0.0000e+00
       1043      6.608    14.7835   2.914619     1.9964     2.0043     0.0062  0.1468307 0.0000e+00
       1044      6.595    14.7799   2.914691     1.9962     2.0060     0.0060  0.1468106 0.0000e+00
       1045      6.582    14.7766   2.914764     1.9959     2.0078     0.0062  0.1467824 0.0000e+00
       1046      6.568    14.7735   2.914835     1.9957     2.0097     0.0062  0.1467457 0.0000e+00
       1047      6.555    14.7708   2.914907     1.9954     2.0116     0.0060  0.1467005 0.0000e+00
       1048      6.542    14.7683   2.914978     1.9952     2.0136     0.0060  0.1466464 0.0000e+00
       1049      6.528    14.7662   2.915049     1.9950     2.0157     0.0062  0.1465830 0.0000e+00
       1050      6.515    14.7644   2.915120     1.9947     2.0178     0.0062  0.1465099 0.0000e+00
       1051      6.502    14.7626   2.915190     1.9945     2.0200     0.0060  0.1464265 0.0000e+00
       1052      6.488    14.7609   2.915259     1.9943     2.0223     0.0060  0.1463323 0.0000e+00
       1053      6.474    14.7590   2.915326     1.9942     2.0247     0.0060  0.1462267 0.0000e+00
       1054      6.461    14.7570   2.915390     1.9940     2.0272     0.0062  0.1461088 0.0000e+00
       1055      6.447    14.7547   2.915451     1.9938     2.0297     0.0060  0.1459779 0.0000e+00
       1056      6.433    14.7522   2.915510     1.9937     2.0323     0.0062  0.1458330 0.0000e+00
       1057      6.420    14.7496   2.915566     1.9935     2.0350     0.0068  0.1456775 0.0000e+00
       1058      6.406    14.7470   2.915621     1.9934     2.0378     0.0071  0.1455229 0.0000e+00
       1059      6.393    14.7445   2.915673     1.9932     2.0406     0.0073  0.1453818 0.0000e+00
       1060      6.379    14.7421   2.915724     1.9931     2.0436     0.0073  0.1452583 0.0000e+00
       1061      6.365    14.7401   2.915774     1.9930     2.0466     0.0073  0.1451506 0.0000e+00
       1062      6.352    14.7383   2.915823     1.9929     2.0497     0.0073  0.1450573 0.0000e+00
       1063      6.338    14.7369   2.915870     1.9929     2.0528     0.0073  0.1449775 0.0000e+00
       1064      6.324    14.7359   2.915918     1.9928     2.0561     0.0073  0.1449109 0.0000e+00
       1065      6.310    14.7354   2.915966     1.9928     2.0594     0.0073  0.1448569 0.0000e+00
       1066      6.297    14.7353   2.916014     1.9928     2.0627     0.0073  0.1448151 0.0000e+00
       1067      6.283    14.7357   2.916062     1.9928     2.0662     0.0073  0.1447852 0.0000e+00
       1068      6.269    14.7366   2.916111     1.9928     2.0696     0.0073  0.1447671 0.0000e+00
       1069      6.255    14.7380   2.916159     1.9928     2.0732     0.0073  0.1447606 0.0000e+00
       1070      6.241    14.7399   2.916208     1.9929     2.0768     0.0073  0.1447665 0.0000e+00
       1071      6.228    14.7425   2.916257     1.9930     2.0804     0.0073  0.1447857 0.0000e+00
       1072      6.214    14.7455   2.916307     1.9930     2.0841     0.0073  0.1448175 0.0000e+00
       1073      6.200    14.7489   2.916356     1.9931     2.0879     0.0073  0.1448613 0.0000e+00
       1074      6.186    14.7524   2.916405     1.9933     2.0916     0.0073  0.1449174 0.0000e+00
       1075      6.172    14.7560   2.916453     1.9934     2.0954     0.0073  0.1449861 0.0000e+00
       1076      6.159    14.7597   2.916499     1.9935     2.0993     0.0073  0.1450679 0.0000e+00
       1077      6.145    14.7633   2.916545     1.9937     2.1031     0.0073  0.1451635 0.0000e+00
       1078      6.131    14.7668   2.916589     1.9939     2.1070     0.0073  0.1452734 0.0000e+00
       1079      6.117    14.7701   2.916631     1.9941     2.1109     0.0073  0.1453993 0.0000e+00
       1080      6.103    14.7731   2.916671     1.9943     2.1148     0.0073  0.1455429 0.0000e+00
       1081      6.089    14.7757   2.916708     1.9945     2.1187     0.0073  0.1457044 0.0000e+00
       1082      6.076    14.7780   2.916743     1.9947     2.1226     0.0071  0.1458823 0.0000e+00
       1083      6.062    14.7799   2.916776     1.9949     2.1265     0.0066  0.1460685 0.0000e+00
       1084      6.048    14.7815   2.916807     1.9952     2.1304     0.0066  0.1462491 0.0000e+00
       1085      6.034    14.7828   2.916835     1.9955     2.1343     0.0066  0.1464159 0.0000e+00
       1086      6.020    14.7840   2.916862     1.9957     2.1382     0.0066  0.1465693 0.0000e+00
       1087      6.006    14.7851   2.916887     1.9960     2.1421     0.0066  0.1467112 0.0000e+00
       1088      5.993    14.7862   2.916912     1.9964     2.1460     0.0066  0.1468417 0.0000e+00
       1089      5.979    14.7872   2.916935     1.9967     2.1498     0.0066  0.1469608 0.0000e+00
       1090      5.965    14.7880   2.916957     1.9970     2.1536     0.0066  0.1470694 0.0000e+00
       1091      5.951    14.7887   2.916977     1.9974     2.1574     0.0066  0.1471683 0.0000e+00
       1092      5.938    14.7892   2.916996     1.9978     2.1611     0.0066  0.1472582 0.0000e+00
       1093      5.924    14.7895   2.917014     1.9982     2.1649     0.0066  0.1473396 0.0000e+00
       1094      5.910    14.7895   2.917029     1.9986     2.1685     0.0066  0.1474132 0.0000e+00
       1095      5.896    14.7893   2.917042     1.9990     2.1722     0.0066  0.1474794 0.0000e+00
       1096      5.883    14.7888   2.917054     1.9994     2.1758     0.0066  0.1475387 0.0000e+00
       1097      5.869    14.7880   2.917063     1.9998     2.1793     0.0066  0.1475915 0.0000e+00
       1098      5.855    14.7872   2.917071     2.0003     2.1829     0.0066  0.1476382 0.0000e+00
       1099      5.841    14.7863   2.917077     2.0007     2.1863     0.0066  0.1476791 0.0000e+00
       1100      5.828    14.7856   2.917083     2.0012     2.1897     0.0066  0.1477146 0.0000e+00
       1101      5.814    14.7849   2.917088     2.0017     2.1931     0.0066  0.1477447 0.0000e+00
       1102      5.800    14.7843   2.917093     2.0021     2.1964     0.0066  0.1477699 0.0000e+00
       1103      5.787    14.7838   2.917096     2.0026     2.1996     0.0066  0.1477901 0.0000e+00
       1104      5.773    14.7835   2.917099     2.0031     2.2028     0.0066  0.1478056 0.0000e+00
       1105      5.760    14.7833   2.917101     2.0036     2.2059     0.0066  0.1478165 0.0000e+00
       1106      5.746    14.7833   2.917103     2.0042     2.2090     0.0066  0.1478229 0.0000e+00
       1107      5.733    14.7832   2.917103     2.0047     2.2120     0.0066  0.1478247 0.0000e+00
       1108      5.719    14.7832   2.917103     2.0052     2.2149     0.0068  0.1478221 0.0000e+00
       1109      5.705    14.7832   2.917103     2.0058     2.2178     0.0073  0.1478150 0.0000e+00
       1110      5.692    14.7834   2.917103     2.0063     2.2206     0.0073  0.1478041 0.0000e+00
       1111      5.678    14.7836   2.917103     2.0068     2.2233     0.0073  0.1477903 0.0000e+00
       1112      5.665    14.7840   2.917104     2.0074     2.2260     0.0073  0.1477726 0.0000e+00
       1113      5.651    14.7844   2.917107     2.0079     2.2287     0.0073  0.1477501 0.0000e+00
       1114      5.638    14.7851   2.917111     2.0085     2.2312     0.0073  0.1477226 0.0000e+00
       1115      5.625    14.7858   2.917116     2.0090     2.2337     0.0073  0.1476899 0.0000e+00
       1116      5.611    14.7867   2.917124     2.0096     2.2362     0.0073  0.1476517 0.0000e+00
       1117      5.598    14.7877   2.917132     2.0101     2.2385     0.0073  0.1476079 0.0000e+00
       1118      5.585    14.7887   2.917142     2.0107     2.2408     0.0073  0.1475580 0.0000e+00
       1119      5.571    14.7899   2.917153     2.0112     2.2431     0.0073  0.1475018 0.0000e+00
       1120      5.558    14.7912   2.917166     2.0118     2.2453     0.0073  0.1474389 0.0000e+00
