code/data/2021/ctd_data_day3/station3c_ctm.cnv
* Sea-Bird SBE 9 Data File:
* FileName = C:\Users\CTD-User\Desktop\MAR440\day3\station3c.hex
* Software Version Seasave V 7.26.2.13
* Temperature SN = 6313
* Conductivity SN = 4758
* Number of Bytes Per Scan = 37
* Number of Voltage Words = 4
* Number of Scans Averaged by the Deck Unit = 1
* NMEA Latitude = 58 19.70 N
* NMEA Longitude = 011 51.37 E
* NMEA UTC (Time) = Sep 23 2021 09:07:02
* NMEA baud rate = 4800
** Ship: Skagerrak
** Station: station3C
** Operator: Eva
# nquan = 9
# nvalues = 4697                        
# units = specified
# name 0 = scan: Scan Count
# name 1 = prDM: Pressure, Digiquartz [db]
# name 2 = t090C: Temperature [ITS-90, deg C]
# name 3 = c0S/m: Conductivity [S/m]
# name 4 = sbeox0V: Oxygen raw, SBE 43 [V]
# name 5 = sbeox1V: Oxygen raw, SBE 43, 2 [V]
# name 6 = flECO-AFL: Fluorescence, WET Labs ECO-AFL/FL [mg/m^3]
# name 7 = upoly0: Upoly 0, Turbidity
# name 8 = flag:  0.000e+00
# span 0 =          1,       4697       
# span 1 =      0.630,     19.095       
# span 2 =     7.0204,    15.5591       
# span 3 =   2.896240,   3.475521       
# span 4 =     0.5883,     2.9487       
# span 5 =     0.6079,     2.6361       
# span 6 =     0.0038,     0.0258       
# span 7 =  0.0888852,  0.1684945       
# span 8 = 0.0000e+00, 0.0000e+00       
# interval = seconds: 0.0416667
# start_time = Sep 23 2021 09:07:02 [NMEA time, header]
# bad_flag = -9.990e-29
*END*
[from data line 2721]
       2722      0.920    15.0850   2.962992     2.7143     2.6276     0.0051  0.1567729 0.0000e+00
       2723      0.887    15.0839   2.962857     2.7143     2.6276     0.0051  0.1557961 0.0000e+00
       2724      0.920    15.0839   2.962730     2.7179     2.6276     0.0051  0.1567729 0.0000e+00
       2725      0.945    15.0844   2.962777     2.7155     2.6276     0.0051  0.1557961 0.0000e+00
       2726      0.920    15.0852   2.962791     2.7143     2.6276     0.0051  0.1567729 0.0000e+00
       2727      0.945    15.0857   2.962833     2.7143     2.6276     0.0051  0.1567729 0.0000e+00
       2728      0.920    15.0864   2.962852     2.7143     2.6276     0.0051  0.1557961 0.0000e+00
       2729      0.945    15.0862   2.962808     2.7167     2.6276     0.0051  0.1557961 0.0000e+00
       2730      0.978    15.0862   2.962880     2.7155     2.6264     0.0051  0.1557961 0.0000e+00
       2731      0.945    15.1046   2.962957     2.7241     2.6264     0.0051  0.1562845 0.0000e+00
       2732      0.978    15.0874   2.962902     2.7094     2.6264     0.0051  0.1567729 0.0000e+00
       2733      0.945    15.0869   2.962762     2.7094     2.6264     0.0051  0.1562845 0.0000e+00
       2734      0.945    15.0872   2.962737     2.7143     2.6264     0.0051  0.1567729 0.0000e+00
       2735      0.920    15.0876   2.962811     2.7143     2.6264     0.0051  0.1553077 0.0000e+00
       2736      0.945    15.0871   2.962869     2.7131     2.6264     0.0051  0.1548193 0.0000e+00
       2737      0.978    15.0866   2.962885     2.7131     2.6276     0.0051  0.1533541 0.0000e+00
       2738      0.945    15.0866   2.962802     2.7143     2.6276     0.0051  0.1538425 0.0000e+00
       2739      0.978    15.0867   2.962731     2.7143     2.6276     0.0051  0.1538425 0.0000e+00
       2740      0.945    15.0866   2.962637     2.7131     2.6276     0.0051  0.1538425 0.0000e+00
       2741      0.920    15.0866   2.962672     2.7131     2.6276     0.0051  0.1538425 0.0000e+00
       2742      1.011    15.0864   2.962626     2.7143     2.6276     0.0051  0.1538425 0.0000e+00
       2743      0.920    15.0850   2.962605     2.7155     2.6276     0.0051  0.1538425 0.0000e+00
       2744      0.945    15.0847   2.962500     2.7155     2.6276     0.0051  0.1538425 0.0000e+00
       2745      0.978    15.0852   2.962447     2.7131     2.6276     0.0051  0.1538425 0.0000e+00
       2746      0.945    15.0852   2.962459     2.7131     2.6288     0.0051  0.1538425 0.0000e+00
       2747      0.920    15.0850   2.962403     2.7131     2.6288     0.0051  0.1538425 0.0000e+00
       2748      1.010    15.0852   2.962427     2.7155     2.6288     0.0051  0.1538425 0.0000e+00
       2749      0.920    15.0857   2.962484     2.7143     2.6288     0.0051  0.1538425 0.0000e+00
       2750      0.945    15.0854   2.962560     2.7143     2.6288     0.0051  0.1538425 0.0000e+00
       2751      0.920    15.0849   2.962515     2.7131     2.6300     0.0051  0.1538425 0.0000e+00
       2752      0.945    15.0842   2.962392     2.7143     2.6300     0.0051  0.1538425 0.0000e+00
       2753      0.920    15.0833   2.962394     2.7155     2.6300     0.0051  0.1538425 0.0000e+00
       2754      0.944    15.0829   2.962388     2.7143     2.6300     0.0051  0.1538425 0.0000e+00
       2755      0.920    15.0830   2.962317     2.7143     2.6300     0.0051  0.1538425 0.0000e+00
       2756      0.944    15.0839   2.962304     2.7143     2.6300     0.0051  0.1538425 0.0000e+00
       2757      0.977    15.0847   2.962285     2.7155     2.6300     0.0051  0.1538425 0.0000e+00
       2758      0.944    15.0850   2.962381     2.7155     2.6288     0.0051  0.1538425 0.0000e+00
       2759      0.944    15.0852   2.962459     2.7143     2.6300     0.0051  0.1538425 0.0000e+00
       2760      0.920    15.0852   2.962410     2.7143     2.6300     0.0051  0.1538425 0.0000e+00
       2761      1.010    15.0850   2.962410     2.7143     2.6300     0.0053  0.1548193 0.0000e+00
       2762      0.920    15.0850   2.962499     2.7155     2.6300     0.0053  0.1548193 0.0000e+00
       2763      1.010    15.0849   2.962510     2.7167     2.6300     0.0053  0.1548193 0.0000e+00
       2764      0.977    15.0849   2.962482     2.7143     2.6300     0.0053  0.1548193 0.0000e+00
       2765      0.944    15.0847   2.962477     2.7143     2.6300     0.0053  0.1548193 0.0000e+00
       2766      0.977    15.0845   2.962515     2.7143     2.6300     0.0053  0.1543309 0.0000e+00
       2767      1.010    15.0847   2.962533     2.7155     2.6300     0.0053  0.1548193 0.0000e+00
       2768      0.977    15.0850   2.962490     2.7179     2.6300     0.0053  0.1548193 0.0000e+00
       2769      1.010    15.0850   2.962458     2.7155     2.6288     0.0053  0.1548193 0.0000e+00
       2770      0.977    15.0850   2.962552     2.7143     2.6288     0.0053  0.1548193 0.0000e+00
       2771      1.010    15.0850   2.962546     2.7143     2.6288     0.0053  0.1548193 0.0000e+00
       2772      0.977    15.0847   2.961812     2.7179     2.6288     0.0053  0.1548193 0.0000e+00
       2773      1.010    15.0850   2.961239     2.7179     2.6288     0.0053  0.1548193 0.0000e+00
       2774      0.977    15.0850   2.962167     2.7155     2.6288     0.0053  0.1548193 0.0000e+00
       2775      1.010    15.0845   2.962463     2.7143     2.6288     0.0053  0.1548193 0.0000e+00
       2776      0.977    15.0842   2.962451     2.7155     2.6276     0.0053  0.1548193 0.0000e+00
       2777      1.010    15.0840   2.962468     2.7179     2.6276     0.0053  0.1548193 0.0000e+00
       2778      0.977    15.0839   2.962374     2.7167     2.6276     0.0053  0.1548193 0.0000e+00
       2779      0.944    15.0837   2.962341     2.7179     2.6288     0.0053  0.1548193 0.0000e+00
       2780      1.043    15.0839   2.962342     2.7167     2.6288     0.0053  0.1548193 0.0000e+00
       2781      0.944    15.0835   2.962297     2.7167     2.6288     0.0053  0.1548193 0.0000e+00
       2782      0.977    15.0828   2.962240     2.7192     2.6288     0.0053  0.1548193 0.0000e+00
       2783      1.010    15.0820   2.962242     2.7179     2.6288     0.0053  0.1548193 0.0000e+00
       2784      0.944    15.0812   2.962250     2.7167     2.6276     0.0053  0.1548193 0.0000e+00
       2785      0.977    15.0813   2.962124     2.7179     2.6276     0.0053  0.1548193 0.0000e+00
       2786      1.010    15.0815   2.962147     2.7179     2.6288     0.0053  0.1543309 0.0000e+00
       2787      0.977    15.0818   2.962022     2.7192     2.6288     0.0051  0.1533541 0.0000e+00
       2788      0.944    15.0817   2.961956     2.7179     2.6288     0.0051  0.1528657 0.0000e+00
       2789      0.977    15.0815   2.961989     2.7179     2.6276     0.0051  0.1528657 0.0000e+00
       2790      1.010    15.0806   2.961920     2.7179     2.6276     0.0051  0.1533541 0.0000e+00
       2791      0.977    15.0805   2.961810     2.7192     2.6276     0.0051  0.1533541 0.0000e+00
       2792      1.010    15.0805   2.961787     2.7192     2.6276     0.0053  0.1533541 0.0000e+00
       2793      0.977    15.0805   2.961827     2.7192     2.6276     0.0051  0.1533541 0.0000e+00
       2794      0.944    15.0796   2.961874     2.7192     2.6276     0.0051  0.1533541 0.0000e+00
       2795      0.977    15.0786   2.961947     2.7179     2.6276     0.0051  0.1533541 0.0000e+00
       2796      0.944    15.0786   2.961904     2.7204     2.6276     0.0051  0.1533541 0.0000e+00
       2797      0.977    15.0788   2.961949     2.7192     2.6288     0.0051  0.1533541 0.0000e+00
       2798      1.010    15.0791   2.961852     2.7192     2.6288     0.0051  0.1533541 0.0000e+00
       2799      0.977    15.0795   2.961870     2.7192     2.6288     0.0051  0.1533541 0.0000e+00
       2800      1.010    15.0798   2.961877     2.7204     2.6288     0.0051  0.1533541 0.0000e+00
       2801      0.977    15.0793   2.961848     2.7228     2.6288     0.0051  0.1533541 0.0000e+00
       2802      0.944    15.0785   2.961796     2.7204     2.6288     0.0051  0.1533541 0.0000e+00
       2803      1.043    15.0784   2.961658     2.7192     2.6288     0.0051  0.1533541 0.0000e+00
       2804      1.010    15.0790   2.961683     2.7204     2.6288     0.0053  0.1533541 0.0000e+00
       2805      0.977    15.0796   2.961807     2.7216     2.6288     0.0051  0.1528657 0.0000e+00
       2806      1.010    15.0798   2.961863     2.7228     2.6288     0.0051  0.1533541 0.0000e+00
       2807      0.977    15.0802   2.961876     2.7216     2.6288     0.0051  0.1533541 0.0000e+00
       2808      1.010    15.0798   2.961875     2.7204     2.6300     0.0051  0.1533541 0.0000e+00
       2809      1.010    15.0800   2.961771     2.7204     2.6300     0.0051  0.1533541 0.0000e+00
       2810      0.977    15.0808   2.961825     2.7216     2.6300     0.0051  0.1533541 0.0000e+00
       2811      0.944    15.0817   2.961956     2.7228     2.6300     0.0051  0.1533541 0.0000e+00
       2812      1.043    15.0829   2.962055     2.7228     2.6300     0.0053  0.1528657 0.0000e+00
       2813      0.944    15.0835   2.962036     2.7204     2.6300     0.0053  0.1533541 0.0000e+00
       2814      0.977    15.0839   2.962086     2.7228     2.6300     0.0053  0.1533541 0.0000e+00
       2815      1.010    15.0839   2.962170     2.7228     2.6313     0.0053  0.1533541 0.0000e+00
       2816      0.919    15.0829   2.962166     2.7228     2.6313     0.0053  0.1533541 0.0000e+00
       2817      1.010    15.0825   2.962116     2.7228     2.6313     0.0053  0.1533541 0.0000e+00
       2818      0.977    15.0828   2.962040     2.7216     2.6313     0.0053  0.1533541 0.0000e+00
       2819      0.944    15.0822   2.962038     2.7228     2.6313     0.0053  0.1533541 0.0000e+00
       2820      0.919    15.0825   2.961984     2.7228     2.6313     0.0053  0.1533541 0.0000e+00
       2821      0.944    15.0818   2.962004     2.7228     2.6313     0.0053  0.1533541 0.0000e+00
       2822      0.977    15.0817   2.962021     2.7216     2.6313     0.0053  0.1533541 0.0000e+00
       2823      0.944    15.0818   2.962000     2.7216     2.6313     0.0053  0.1533541 0.0000e+00
       2824      0.919    15.0818   2.961994     2.7228     2.6300     0.0053  0.1533541 0.0000e+00
       2825      0.944    15.0818   2.961972     2.7241     2.6313     0.0053  0.1533541 0.0000e+00
       2826      0.977    15.0818   2.961968     2.7228     2.6313     0.0053  0.1528657 0.0000e+00
       2827      0.944    15.0813   2.961966     2.7216     2.6313     0.0053  0.1533541 0.0000e+00
       2828      0.919    15.0808   2.961942     2.7228     2.6313     0.0053  0.1533541 0.0000e+00
       2829      0.944    15.0808   2.961898     2.7228     2.6300     0.0053  0.1533541 0.0000e+00
       2830      0.977    15.0806   2.961987     2.7241     2.6313     0.0053  0.1533541 0.0000e+00
       2831      0.944    15.0808   2.961977     2.7228     2.6313     0.0053  0.1528657 0.0000e+00
       2832      0.977    15.0808   2.961921     2.7216     2.6313     0.0053  0.1533541 0.0000e+00
       2833      0.944    15.0810   2.961994     2.7216     2.6313     0.0053  0.1533541 0.0000e+00
       2834      0.944    15.0813   2.962024     2.7228     2.6313     0.0053  0.1533541 0.0000e+00
       2835      0.977    15.0812   2.962062     2.7241     2.6313     0.0053  0.1533541 0.0000e+00
       2836      0.944    15.0815   2.962036     2.7228     2.6313     0.0053  0.1533541 0.0000e+00
       2837      0.977    15.0815   2.962004     2.7228     2.6313     0.0053  0.1528657 0.0000e+00
       2838      0.944    15.0817   2.962121     2.7216     2.6300     0.0055  0.1528657 0.0000e+00
       2839      0.977    15.0820   2.962166     2.7228     2.6313     0.0055  0.1528657 0.0000e+00
       2840      0.944    15.0820   2.962250     2.7228     2.6313     0.0055  0.1523773 0.0000e+00
       2841      0.977    15.0820   2.962255     2.7228     2.6313     0.0055  0.1523773 0.0000e+00
       2842      0.944    15.0825   2.962268     2.7228     2.6313     0.0055  0.1528657 0.0000e+00
       2843      0.977    15.0825   2.962318     2.7228     2.6313     0.0055  0.1523773 0.0000e+00
       2844      0.944    15.0829   2.962314     2.7241     2.6313     0.0055  0.1523773 0.0000e+00
       2845      0.977    15.0827   2.962259     2.7228     2.6313     0.0055  0.1528657 0.0000e+00
       2846      0.944    15.0827   2.962314     2.7228     2.6313     0.0055  0.1523773 0.0000e+00
       2847      0.977    15.0832   2.962294     2.7228     2.6313     0.0055  0.1523773 0.0000e+00
       2848      0.944    15.0832   2.962323     2.7216     2.6313     0.0055  0.1528657 0.0000e+00
       2849      0.919    15.0832   2.962317     2.7228     2.6313     0.0055  0.1528657 0.0000e+00
       2850      0.944    15.0829   2.962244     2.7216     2.6313     0.0055  0.1523773 0.0000e+00
       2851      0.976    15.0825   2.962326     2.7216     2.6313     0.0055  0.1528657 0.0000e+00
       2852      0.944    15.0822   2.962281     2.7216     2.6313     0.0055  0.1528657 0.0000e+00
       2853      0.919    15.0817   2.962229     2.7228     2.6313     0.0055  0.1523773 0.0000e+00
       2854      0.943    15.0815   2.962202     2.7228     2.6313     0.0055  0.1523773 0.0000e+00
       2855      0.919    15.0815   2.962174     2.7216     2.6313     0.0055  0.1523773 0.0000e+00
       2856      0.943    15.0815   2.962170     2.7228     2.6313     0.0055  0.1528657 0.0000e+00
       2857      0.919    15.0812   2.962169     2.7216     2.6313     0.0055  0.1528657 0.0000e+00
       2858      0.886    15.0813   2.962169     2.7228     2.6325     0.0055  0.1523773 0.0000e+00
       2859      0.943    15.0815   2.962171     2.7228     2.6325     0.0055  0.1528657 0.0000e+00
       2860      0.919    15.0818   2.962089     2.7228     2.6325     0.0055  0.1523773 0.0000e+00
       2861      0.886    15.0818   2.962144     2.7228     2.6337     0.0055  0.1523773 0.0000e+00
       2862      0.919    15.0816   2.962150     2.7216     2.6337     0.0055  0.1528657 0.0000e+00
       2863      0.886    15.0818   2.962145     2.7228     2.6337     0.0053  0.1523773 0.0000e+00
       2864      0.919    15.0813   2.962121     2.7228     2.6337     0.0053  0.1523773 0.0000e+00
       2865      0.828    15.0823   2.962159     2.7228     2.6337     0.0053  0.1523773 0.0000e+00
       2866      0.919    15.0829   2.962156     2.7228     2.6337     0.0053  0.1523773 0.0000e+00
       2867      0.886    15.0825   2.962188     2.7228     2.6337     0.0053  0.1523773 0.0000e+00
       2868      0.919    15.0823   2.962159     2.7228     2.6349     0.0053  0.1523773 0.0000e+00
       2869      0.886    15.0821   2.962187     2.7228     2.6349     0.0053  0.1518889 0.0000e+00
       2870      0.919    15.0822   2.962138     2.7216     2.6349     0.0053  0.1523773 0.0000e+00
       2871      0.886    15.0823   2.962221     2.7228     2.6337     0.0053  0.1523773 0.0000e+00
       2872      0.919    15.0823   2.962177     2.7216     2.6337     0.0053  0.1523773 0.0000e+00
       2873      0.886    15.0822   2.962044     2.7241     2.6337     0.0053  0.1523773 0.0000e+00
       2874      0.919    15.0820   2.962094     2.7228     2.6337     0.0053  0.1518889 0.0000e+00
       2875      0.886    15.0817   2.962137     2.7228     2.6337     0.0053  0.1523773 0.0000e+00
       2876      0.861    15.0818   2.962188     2.7228     2.6337     0.0053  0.1523773 0.0000e+00
       2877      0.886    15.0820   2.962205     2.7228     2.6325     0.0053  0.1523773 0.0000e+00
       2878      0.919    15.0823   2.962162     2.7241     2.6337     0.0053  0.1518889 0.0000e+00
       2879      0.943    15.0832   2.962238     2.7228     2.6325     0.0053  0.1523773 0.0000e+00
       2880      0.861    15.0847   2.962288     2.7228     2.6325     0.0053  0.1523773 0.0000e+00
