code/data/2021/ctd_data_day3/station6f_ctm_fil_le.cnv
* Sea-Bird SBE 9 Data File:
* FileName = C:\Users\CTD-User\Desktop\MAR440\day3\station6f.hex
* Software Version Seasave V 7.26.2.13
* Temperature SN = 6313
* Conductivity SN = 4758
* Number of Bytes Per Scan = 37
* Number of Voltage Words = 4
* Number of Scans Averaged by the Deck Unit = 1
* NMEA Latitude = 58 18.97 N
* NMEA Longitude = 011 48.24 E
* NMEA UTC (Time) = Sep 23 2021 10:37:53
* NMEA baud rate = 4800
** Ship: Skagerrak
** Station: station6f
** Operator: Tor
# nquan = 9
# nvalues = 2508                        
# units = specified
# name 0 = scan: Scan Count
# name 1 = prDM: Pressure, Digiquartz [db]
# name 2 = t090C: Temperature [ITS-90, deg C]
# name 3 = c0S/m: Conductivity [S/m]
# name 4 = sbeox0V: Oxygen raw, SBE 43 [V]
# name 5 = sbeox1V: Oxygen raw, SBE 43, 2 [V]
# name 6 = flECO-AFL: Fluorescence, WET Labs ECO-AFL/FL [mg/m^3]
# name 7 = upoly0: Upoly 0, Turbidity
# name 8 = flag:  0.000e+00
# span 0 =          1,       2508       
# span 1 =      0.784,     27.109       
# span 2 =     9.0660,    15.6861       
# span 3 =   2.898495,   3.792571       
# span 4 =     1.0521,     2.7736       
# span 5 =     1.0683,     2.6904       
# span 6 =     0.0035,     0.0218       
# span 7 =  0.0871359,  0.1607957       
# span 8 = 0.0000e+00, 0.0000e+00       
# interval = seconds: 0.0416667
# start_time = Sep 23 2021 10:37:53 [NMEA time, header]
# bad_flag = -9.990e-29
*END*
[from data line 1921]
       1922     15.550    14.0347   3.494051     1.5231     1.5032     0.0037  0.0924408 0.0000e+00
       1923     15.572    14.0219   3.494329     1.5204     1.5010     0.0037  0.0924332 0.0000e+00
       1924     15.595    14.0088   3.494570     1.5177     1.4988     0.0037  0.0924205 0.0000e+00
       1925     15.617    13.9953   3.494774     1.5150     1.4966     0.0037  0.0924043 0.0000e+00
       1926     15.639    13.9815   3.494944     1.5123     1.4945     0.0037  0.0923854 0.0000e+00
       1927     15.662    13.9674   3.495081     1.5097     1.4923     0.0037  0.0923629 0.0000e+00
       1928     15.684    13.9531   3.495189     1.5070     1.4901     0.0037  0.0923357 0.0000e+00
       1929     15.706    13.9387   3.495271     1.5044     1.4880     0.0037  0.0923044 0.0000e+00
       1930     15.728    13.9242   3.495329     1.5018     1.4859     0.0037  0.0922698 0.0000e+00
       1931     15.750    13.9096   3.495364     1.4992     1.4838     0.0037  0.0922315 0.0000e+00
       1932     15.773    13.8951   3.495377     1.4966     1.4816     0.0037  0.0921893 0.0000e+00
       1933     15.795    13.8806   3.495366     1.4941     1.4795     0.0037  0.0921430 0.0000e+00
       1934     15.817    13.8661   3.495328     1.4915     1.4774     0.0038  0.0920938 0.0000e+00
       1935     15.839    13.8517   3.495261     1.4890     1.4753     0.0038  0.0920457 0.0000e+00
       1936     15.862    13.8374   3.495160     1.4865     1.4732     0.0038  0.0920017 0.0000e+00
       1937     15.884    13.8233   3.495028     1.4840     1.4712     0.0038  0.0919624 0.0000e+00
       1938     15.906    13.8094   3.494864     1.4816     1.4691     0.0038  0.0919276 0.0000e+00
       1939     15.929    13.7958   3.494674     1.4791     1.4670     0.0038  0.0918969 0.0000e+00
       1940     15.951    13.7826   3.494463     1.4767     1.4650     0.0038  0.0918702 0.0000e+00
       1941     15.973    13.7697   3.494235     1.4743     1.4629     0.0038  0.0918473 0.0000e+00
       1942     15.995    13.7572   3.493995     1.4718     1.4609     0.0038  0.0918280 0.0000e+00
       1943     16.018    13.7450   3.493744     1.4694     1.4588     0.0038  0.0918121 0.0000e+00
       1944     16.040    13.7333   3.493484     1.4670     1.4568     0.0038  0.0917997 0.0000e+00
       1945     16.062    13.7218   3.493215     1.4647     1.4547     0.0038  0.0917888 0.0000e+00
       1946     16.084    13.7106   3.492936     1.4623     1.4527     0.0038  0.0917777 0.0000e+00
       1947     16.107    13.6997   3.492647     1.4599     1.4506     0.0038  0.0917681 0.0000e+00
       1948     16.129    13.6889   3.492346     1.4575     1.4486     0.0038  0.0917616 0.0000e+00
       1949     16.151    13.6782   3.492033     1.4552     1.4465     0.0038  0.0917580 0.0000e+00
       1950     16.173    13.6675   3.491707     1.4528     1.4445     0.0038  0.0917575 0.0000e+00
       1951     16.195    13.6570   3.491368     1.4504     1.4424     0.0038  0.0917583 0.0000e+00
       1952     16.217    13.6464   3.491018     1.4481     1.4404     0.0038  0.0917586 0.0000e+00
       1953     16.239    13.6360   3.490661     1.4457     1.4383     0.0038  0.0917603 0.0000e+00
       1954     16.261    13.6256   3.490299     1.4433     1.4362     0.0038  0.0917650 0.0000e+00
       1955     16.283    13.6153   3.489935     1.4410     1.4342     0.0038  0.0917727 0.0000e+00
       1956     16.306    13.6050   3.489572     1.4386     1.4321     0.0038  0.0917835 0.0000e+00
       1957     16.328    13.5949   3.489210     1.4363     1.4300     0.0038  0.0917975 0.0000e+00
       1958     16.350    13.5849   3.488852     1.4339     1.4280     0.0038  0.0918148 0.0000e+00
       1959     16.372    13.5750   3.488502     1.4316     1.4259     0.0038  0.0918337 0.0000e+00
       1960     16.394    13.5652   3.488160     1.4292     1.4238     0.0038  0.0918519 0.0000e+00
       1961     16.416    13.5555   3.487830     1.4269     1.4217     0.0038  0.0918696 0.0000e+00
       1962     16.438    13.5460   3.487515     1.4245     1.4196     0.0038  0.0918876 0.0000e+00
       1963     16.460    13.5367   3.487219     1.4221     1.4175     0.0038  0.0919053 0.0000e+00
       1964     16.482    13.5276   3.486949     1.4198     1.4154     0.0038  0.0919219 0.0000e+00
       1965     16.504    13.5188   3.486711     1.4174     1.4133     0.0038  0.0919383 0.0000e+00
       1966     16.526    13.5104   3.486516     1.4151     1.4112     0.0038  0.0919548 0.0000e+00
       1967     16.548    13.5026   3.486375     1.4128     1.4090     0.0038  0.0919697 0.0000e+00
       1968     16.570    13.4954   3.486302     1.4104     1.4069     0.0038  0.0919823 0.0000e+00
       1969     16.592    13.4890   3.486311     1.4081     1.4047     0.0038  0.0919935 0.0000e+00
       1970     16.614    13.4834   3.486417     1.4057     1.4026     0.0038  0.0920042 0.0000e+00
       1971     16.635    13.4788   3.486631     1.4034     1.4004     0.0038  0.0920137 0.0000e+00
       1972     16.657    13.4752   3.486965     1.4011     1.3983     0.0038  0.0920220 0.0000e+00
       1973     16.679    13.4726   3.487427     1.3987     1.3961     0.0038  0.0920301 0.0000e+00
       1974     16.701    13.4712   3.488023     1.3964     1.3939     0.0038  0.0920371 0.0000e+00
       1975     16.723    13.4707   3.488756     1.3940     1.3917     0.0038  0.0920431 0.0000e+00
       1976     16.744    13.4713   3.489629     1.3917     1.3895     0.0038  0.0920490 0.0000e+00
       1977     16.766    13.4729   3.490640     1.3893     1.3873     0.0038  0.0920548 0.0000e+00
       1978     16.788    13.4756   3.491791     1.3870     1.3851     0.0038  0.0920606 0.0000e+00
       1979     16.809    13.4791   3.493078     1.3846     1.3829     0.0038  0.0920663 0.0000e+00
       1980     16.831    13.4835   3.494492     1.3823     1.3807     0.0038  0.0920730 0.0000e+00
       1981     16.853    13.4886   3.496016     1.3799     1.3785     0.0038  0.0920815 0.0000e+00
       1982     16.874    13.4940   3.497631     1.3775     1.3763     0.0038  0.0920909 0.0000e+00
       1983     16.896    13.4997   3.499314     1.3752     1.3740     0.0038  0.0920998 0.0000e+00
       1984     16.917    13.5054   3.501044     1.3728     1.3718     0.0038  0.0921080 0.0000e+00
       1985     16.939    13.5109   3.502797     1.3704     1.3696     0.0040  0.0921166 0.0000e+00
       1986     16.960    13.5161   3.504554     1.3680     1.3673     0.0040  0.0921239 0.0000e+00
       1987     16.982    13.5207   3.506295     1.3657     1.3651     0.0040  0.0921283 0.0000e+00
       1988     17.003    13.5247   3.508001     1.3633     1.3628     0.0040  0.0921305 0.0000e+00
       1989     17.024    13.5280   3.509654     1.3609     1.3606     0.0040  0.0921316 0.0000e+00
       1990     17.046    13.5306   3.511237     1.3586     1.3583     0.0040  0.0921314 0.0000e+00
       1991     17.067    13.5324   3.512738     1.3562     1.3561     0.0040  0.0921301 0.0000e+00
       1992     17.089    13.5334   3.514150     1.3539     1.3539     0.0040  0.0921275 0.0000e+00
       1993     17.110    13.5337   3.515470     1.3515     1.3517     0.0040  0.0921238 0.0000e+00
       1994     17.131    13.5333   3.516696     1.3492     1.3495     0.0040  0.0921187 0.0000e+00
       1995     17.153    13.5321   3.517825     1.3468     1.3472     0.0040  0.0921124 0.0000e+00
       1996     17.174    13.5303   3.518858     1.3445     1.3450     0.0040  0.0921048 0.0000e+00
       1997     17.195    13.5279   3.519796     1.3422     1.3429     0.0040  0.0920957 0.0000e+00
       1998     17.217    13.5250   3.520644     1.3399     1.3407     0.0040  0.0920853 0.0000e+00
       1999     17.238    13.5216   3.521406     1.3376     1.3386     0.0040  0.0920732 0.0000e+00
       2000     17.259    13.5178   3.522087     1.3353     1.3364     0.0040  0.0920596 0.0000e+00
       2001     17.281    13.5136   3.522693     1.3330     1.3343     0.0040  0.0920443 0.0000e+00
       2002     17.302    13.5092   3.523230     1.3307     1.3322     0.0040  0.0920272 0.0000e+00
       2003     17.323    13.5045   3.523707     1.3284     1.3301     0.0040  0.0920082 0.0000e+00
       2004     17.345    13.4996   3.524130     1.3262     1.3280     0.0040  0.0919870 0.0000e+00
       2005     17.366    13.4945   3.524507     1.3239     1.3259     0.0040  0.0919637 0.0000e+00
       2006     17.387    13.4894   3.524849     1.3217     1.3239     0.0040  0.0919381 0.0000e+00
       2007     17.408    13.4842   3.525164     1.3195     1.3219     0.0040  0.0919098 0.0000e+00
       2008     17.429    13.4791   3.525461     1.3173     1.3199     0.0040  0.0918789 0.0000e+00
       2009     17.451    13.4740   3.525749     1.3151     1.3179     0.0040  0.0918450 0.0000e+00
       2010     17.472    13.4691   3.526037     1.3129     1.3159     0.0040  0.0918087 0.0000e+00
       2011     17.493    13.4644   3.526329     1.3107     1.3140     0.0038  0.0917724 0.0000e+00
       2012     17.514    13.4598   3.526633     1.3086     1.3121     0.0038  0.0917383 0.0000e+00
       2013     17.536    13.4554   3.526953     1.3065     1.3101     0.0038  0.0917071 0.0000e+00
       2014     17.557    13.4512   3.527294     1.3044     1.3083     0.0038  0.0916785 0.0000e+00
       2015     17.578    13.4472   3.527660     1.3023     1.3064     0.0038  0.0916524 0.0000e+00
       2016     17.599    13.4435   3.528055     1.3002     1.3046     0.0038  0.0916286 0.0000e+00
       2017     17.621    13.4400   3.528481     1.2981     1.3027     0.0038  0.0916068 0.0000e+00
       2018     17.642    13.4367   3.528939     1.2961     1.3009     0.0038  0.0915870 0.0000e+00
       2019     17.664    13.4335   3.529427     1.2941     1.2992     0.0038  0.0915690 0.0000e+00
       2020     17.685    13.4305   3.529943     1.2921     1.2974     0.0038  0.0915527 0.0000e+00
       2021     17.707    13.4275   3.530480     1.2901     1.2957     0.0038  0.0915379 0.0000e+00
       2022     17.728    13.4245   3.531035     1.2881     1.2939     0.0038  0.0915246 0.0000e+00
       2023     17.749    13.4213   3.531598     1.2861     1.2922     0.0038  0.0915127 0.0000e+00
       2024     17.771    13.4180   3.532158     1.2842     1.2906     0.0038  0.0915021 0.0000e+00
       2025     17.792    13.4142   3.532702     1.2823     1.2889     0.0038  0.0914927 0.0000e+00
       2026     17.813    13.4100   3.533214     1.2804     1.2873     0.0038  0.0914844 0.0000e+00
       2027     17.835    13.4052   3.533679     1.2785     1.2858     0.0038  0.0914772 0.0000e+00
       2028     17.857    13.3998   3.534085     1.2766     1.2842     0.0038  0.0914711 0.0000e+00
       2029     17.878    13.3939   3.534426     1.2748     1.2827     0.0038  0.0914660 0.0000e+00
       2030     17.899    13.3875   3.534703     1.2730     1.2812     0.0038  0.0914618 0.0000e+00
       2031     17.921    13.3807   3.534921     1.2712     1.2797     0.0038  0.0914586 0.0000e+00
       2032     17.942    13.3738   3.535093     1.2694     1.2782     0.0038  0.0914563 0.0000e+00
       2033     17.964    13.3667   3.535235     1.2676     1.2768     0.0038  0.0914549 0.0000e+00
       2034     17.985    13.3599   3.535366     1.2659     1.2753     0.0038  0.0914544 0.0000e+00
       2035     18.007    13.3534   3.535504     1.2642     1.2740     0.0038  0.0914548 0.0000e+00
       2036     18.028    13.3473   3.535665     1.2625     1.2726     0.0038  0.0914543 0.0000e+00
       2037     18.050    13.3418   3.535861     1.2609     1.2712     0.0038  0.0914514 0.0000e+00
       2038     18.071    13.3369   3.536103     1.2592     1.2699     0.0038  0.0914476 0.0000e+00
       2039     18.093    13.3326   3.536401     1.2576     1.2686     0.0038  0.0914446 0.0000e+00
       2040     18.114    13.3291   3.536762     1.2560     1.2674     0.0038  0.0914425 0.0000e+00
       2041     18.136    13.3262   3.537192     1.2545     1.2661     0.0038  0.0914395 0.0000e+00
       2042     18.158    13.3242   3.537697     1.2529     1.2649     0.0038  0.0914338 0.0000e+00
       2043     18.179    13.3230   3.538285     1.2514     1.2636     0.0038  0.0914272 0.0000e+00
       2044     18.201    13.3228   3.538963     1.2499     1.2624     0.0038  0.0914213 0.0000e+00
       2045     18.223    13.3236   3.539740     1.2483     1.2613     0.0038  0.0914160 0.0000e+00
       2046     18.244    13.3254   3.540624     1.2469     1.2601     0.0038  0.0914114 0.0000e+00
       2047     18.266    13.3283   3.541623     1.2454     1.2589     0.0038  0.0914073 0.0000e+00
       2048     18.287    13.3321   3.542739     1.2440     1.2578     0.0038  0.0914021 0.0000e+00
       2049     18.309    13.3366   3.543959     1.2425     1.2567     0.0038  0.0913941 0.0000e+00
       2050     18.331    13.3415   3.545256     1.2411     1.2556     0.0038  0.0913848 0.0000e+00
       2051     18.352    13.3466   3.546595     1.2397     1.2545     0.0038  0.0913759 0.0000e+00
       2052     18.374    13.3516   3.547952     1.2384     1.2534     0.0038  0.0913673 0.0000e+00
       2053     18.396    13.3564   3.549308     1.2370     1.2523     0.0038  0.0913590 0.0000e+00
       2054     18.417    13.3611   3.550656     1.2357     1.2512     0.0038  0.0913509 0.0000e+00
       2055     18.439    13.3655   3.551991     1.2344     1.2502     0.0038  0.0913430 0.0000e+00
       2056     18.461    13.3697   3.553313     1.2330     1.2492     0.0038  0.0913361 0.0000e+00
       2057     18.482    13.3736   3.554622     1.2318     1.2482     0.0038  0.0913309 0.0000e+00
       2058     18.504    13.3773   3.555924     1.2305     1.2472     0.0038  0.0913266 0.0000e+00
       2059     18.526    13.3808   3.557223     1.2292     1.2462     0.0038  0.0913223 0.0000e+00
       2060     18.547    13.3841   3.558527     1.2279     1.2452     0.0038  0.0913180 0.0000e+00
       2061     18.569    13.3873   3.559843     1.2267     1.2442     0.0040  0.0913135 0.0000e+00
       2062     18.591    13.3904   3.561173     1.2255     1.2433     0.0042  0.0913090 0.0000e+00
       2063     18.613    13.3934   3.562520     1.2243     1.2423     0.0042  0.0913044 0.0000e+00
       2064     18.635    13.3964   3.563879     1.2231     1.2414     0.0042  0.0912996 0.0000e+00
       2065     18.656    13.3993   3.565245     1.2219     1.2405     0.0042  0.0912947 0.0000e+00
       2066     18.678    13.4023   3.566614     1.2208     1.2396     0.0042  0.0912895 0.0000e+00
       2067     18.699    13.4053   3.567982     1.2196     1.2387     0.0042  0.0912840 0.0000e+00
       2068     18.721    13.4082   3.569351     1.2185     1.2378     0.0042  0.0912782 0.0000e+00
       2069     18.743    13.4113   3.570724     1.2173     1.2370     0.0042  0.0912721 0.0000e+00
       2070     18.764    13.4143   3.572103     1.2162     1.2361     0.0042  0.0912656 0.0000e+00
       2071     18.786    13.4175   3.573496     1.2151     1.2353     0.0042  0.0912587 0.0000e+00
       2072     18.808    13.4208   3.574910     1.2141     1.2344     0.0042  0.0912513 0.0000e+00
       2073     18.830    13.4243   3.576354     1.2130     1.2336     0.0042  0.0912433 0.0000e+00
       2074     18.851    13.4281   3.577837     1.2119     1.2328     0.0042  0.0912348 0.0000e+00
       2075     18.873    13.4321   3.579371     1.2109     1.2320     0.0042  0.0912257 0.0000e+00
       2076     18.895    13.4363   3.580964     1.2099     1.2313     0.0042  0.0912158 0.0000e+00
       2077     18.917    13.4409   3.582622     1.2088     1.2305     0.0042  0.0912052 0.0000e+00
       2078     18.938    13.4457   3.584345     1.2078     1.2297     0.0042  0.0911937 0.0000e+00
       2079     18.960    13.4508   3.586128     1.2068     1.2290     0.0042  0.0911813 0.0000e+00
       2080     18.982    13.4562   3.587965     1.2058     1.2282     0.0042  0.0911679 0.0000e+00
