code/data/2021/ctd_data_day3/station1a_ctm_fil.cnv
* Sea-Bird SBE 9 Data File:
* FileName = C:\Users\CTD-User\Desktop\MAR440\day3\station1a.hex
* Software Version Seasave V 7.26.2.13
* Temperature SN = 6313
* Conductivity SN = 4758
* Number of Bytes Per Scan = 37
* Number of Voltage Words = 4
* Number of Scans Averaged by the Deck Unit = 1
* NMEA Latitude = 58 20.46 N
* NMEA Longitude = 011 53.94 E
* NMEA UTC (Time) = Sep 23 2021 08:23:54
* NMEA baud rate = 4800
** Ship: Skagerrak
** Station: station1a
** Operator: Jess
# nquan = 9
# nvalues = 3026                        
# units = specified
# name 0 = scan: Scan Count
# name 1 = prDM: Pressure, Digiquartz [db]
# name 2 = t090C: Temperature [ITS-90, deg C]
# name 3 = c0S/m: Conductivity [S/m]
# name 4 = sbeox0V: Oxygen raw, SBE 43 [V]
# name 5 = sbeox1V: Oxygen raw, SBE 43, 2 [V]
# name 6 = flECO-AFL: Fluorescence, WET Labs ECO-AFL/FL [mg/m^3]
# name 7 = upoly0: Upoly 0, Turbidity
# name 8 = flag:  0.000e+00
# span 0 =          1,       3026       
# span 1 =      1.183,     33.673       
# span 2 =     7.9775,    15.5437       
# span 3 =   2.740292,   3.455395       
# span 4 =     0.4944,     2.8603       
# span 5 =     0.5538,     2.7362       
# span 6 =     0.0035,     0.0152       
# span 7 =  0.0886323,  0.2314865       
# span 8 = 0.0000e+00, 0.0000e+00       
# interval = seconds: 0.0416667
# start_time = Sep 23 2021 08:23:54 [NMEA time, header]
# bad_flag = -9.990e-29
*END*
[from data line 1761]
       1762     10.231    15.3812   3.024768     2.6244     2.5535     0.0059  0.1495080 0.0000e+00
       1763     10.231    15.3810   3.024800     2.6242     2.5533     0.0059  0.1493956 0.0000e+00
       1764     10.232    15.3808   3.024816     2.6241     2.5532     0.0059  0.1492726 0.0000e+00
       1765     10.232    15.3805   3.024819     2.6240     2.5530     0.0059  0.1491382 0.0000e+00
       1766     10.233    15.3802   3.024810     2.6239     2.5528     0.0059  0.1489915 0.0000e+00
       1767     10.233    15.3799   3.024789     2.6238     2.5527     0.0059  0.1488314 0.0000e+00
       1768     10.233    15.3796   3.024757     2.6237     2.5525     0.0059  0.1486569 0.0000e+00
       1769     10.234    15.3793   3.024714     2.6235     2.5524     0.0057  0.1484692 0.0000e+00
       1770     10.234    15.3789   3.024664     2.6234     2.5522     0.0055  0.1482764 0.0000e+00
       1771     10.235    15.3786   3.024609     2.6234     2.5521     0.0053  0.1480899 0.0000e+00
       1772     10.235    15.3783   3.024551     2.6233     2.5519     0.0053  0.1479160 0.0000e+00
       1773     10.236    15.3779   3.024492     2.6232     2.5518     0.0053  0.1477553 0.0000e+00
       1774     10.236    15.3776   3.024432     2.6231     2.5516     0.0053  0.1476065 0.0000e+00
       1775     10.237    15.3772   3.024370     2.6230     2.5514     0.0053  0.1474688 0.0000e+00
       1776     10.237    15.3769   3.024309     2.6230     2.5512     0.0053  0.1473411 0.0000e+00
       1777     10.238    15.3765   3.024249     2.6229     2.5510     0.0053  0.1472225 0.0000e+00
       1778     10.238    15.3762   3.024190     2.6228     2.5508     0.0053  0.1471123 0.0000e+00
       1779     10.239    15.3758   3.024134     2.6228     2.5505     0.0053  0.1470095 0.0000e+00
       1780     10.239    15.3756   3.024083     2.6227     2.5503     0.0053  0.1469136 0.0000e+00
       1781     10.239    15.3753   3.024039     2.6227     2.5500     0.0053  0.1468239 0.0000e+00
       1782     10.240    15.3752   3.024005     2.6226     2.5497     0.0053  0.1467397 0.0000e+00
       1783     10.240    15.3750   3.023981     2.6226     2.5494     0.0053  0.1466604 0.0000e+00
       1784     10.241    15.3750   3.023967     2.6225     2.5490     0.0053  0.1465856 0.0000e+00
       1785     10.241    15.3750   3.023965     2.6224     2.5487     0.0053  0.1465146 0.0000e+00
       1786     10.242    15.3751   3.023975     2.6224     2.5483     0.0053  0.1464470 0.0000e+00
       1787     10.242    15.3752   3.023997     2.6223     2.5479     0.0053  0.1463824 0.0000e+00
       1788     10.243    15.3754   3.024031     2.6223     2.5475     0.0053  0.1463201 0.0000e+00
       1789     10.243    15.3756   3.024077     2.6222     2.5471     0.0053  0.1462600 0.0000e+00
       1790     10.244    15.3758   3.024133     2.6222     2.5467     0.0055  0.1462014 0.0000e+00
       1791     10.245    15.3760   3.024199     2.6221     2.5462     0.0053  0.1461440 0.0000e+00
       1792     10.246    15.3763   3.024275     2.6220     2.5458     0.0053  0.1460875 0.0000e+00
       1793     10.246    15.3766   3.024362     2.6220     2.5453     0.0055  0.1460313 0.0000e+00
       1794     10.247    15.3769   3.024462     2.6219     2.5449     0.0053  0.1459752 0.0000e+00
       1795     10.248    15.3772   3.024576     2.6218     2.5444     0.0051  0.1459196 0.0000e+00
       1796     10.249    15.3775   3.024706     2.6218     2.5439     0.0051  0.1458666 0.0000e+00
       1797     10.250    15.3779   3.024854     2.6217     2.5435     0.0051  0.1458184 0.0000e+00
       1798     10.250    15.3784   3.025020     2.6216     2.5430     0.0051  0.1457756 0.0000e+00
       1799     10.251    15.3789   3.025206     2.6215     2.5425     0.0051  0.1457386 0.0000e+00
       1800     10.253    15.3794   3.025412     2.6214     2.5421     0.0051  0.1457082 0.0000e+00
       1801     10.254    15.3801   3.025639     2.6214     2.5416     0.0051  0.1456831 0.0000e+00
       1802     10.255    15.3807   3.025889     2.6213     2.5411     0.0051  0.1456625 0.0000e+00
       1803     10.256    15.3815   3.026165     2.6211     2.5407     0.0051  0.1456461 0.0000e+00
       1804     10.257    15.3823   3.026470     2.6210     2.5402     0.0051  0.1456338 0.0000e+00
       1805     10.259    15.3833   3.026805     2.6209     2.5398     0.0051  0.1456256 0.0000e+00
       1806     10.260    15.3843   3.027171     2.6208     2.5393     0.0051  0.1456214 0.0000e+00
       1807     10.262    15.3854   3.027571     2.6207     2.5388     0.0053  0.1456211 0.0000e+00
       1808     10.264    15.3867   3.028005     2.6206     2.5384     0.0051  0.1456257 0.0000e+00
       1809     10.266    15.3880   3.028476     2.6204     2.5379     0.0051  0.1456360 0.0000e+00
       1810     10.269    15.3894   3.028985     2.6203     2.5375     0.0051  0.1456512 0.0000e+00
       1811     10.271    15.3910   3.029533     2.6202     2.5370     0.0051  0.1456705 0.0000e+00
       1812     10.274    15.3926   3.030125     2.6200     2.5366     0.0051  0.1456942 0.0000e+00
       1813     10.276    15.3944   3.030766     2.6199     2.5361     0.0051  0.1457223 0.0000e+00
       1814     10.279    15.3964   3.031460     2.6197     2.5356     0.0051  0.1457551 0.0000e+00
       1815     10.282    15.3986   3.032213     2.6196     2.5352     0.0051  0.1457928 0.0000e+00
       1816     10.286    15.4010   3.033029     2.6194     2.5347     0.0051  0.1458356 0.0000e+00
       1817     10.290    15.4035   3.033914     2.6193     2.5342     0.0053  0.1458839 0.0000e+00
       1818     10.294    15.4063   3.034869     2.6191     2.5338     0.0051  0.1459380 0.0000e+00
       1819     10.299    15.4092   3.035898     2.6189     2.5333     0.0051  0.1459983 0.0000e+00
       1820     10.304    15.4124   3.037002     2.6188     2.5328     0.0051  0.1460643 0.0000e+00
       1821     10.309    15.4158   3.038183     2.6186     2.5323     0.0051  0.1461331 0.0000e+00
       1822     10.315    15.4194   3.039441     2.6184     2.5318     0.0049  0.1462001 0.0000e+00
       1823     10.321    15.4231   3.040776     2.6182     2.5313     0.0049  0.1462623 0.0000e+00
       1824     10.328    15.4269   3.042185     2.6181     2.5307     0.0049  0.1463194 0.0000e+00
       1825     10.335    15.4307   3.043669     2.6179     2.5302     0.0049  0.1463717 0.0000e+00
       1826     10.342    15.4344   3.045231     2.6177     2.5297     0.0049  0.1464196 0.0000e+00
       1827     10.350    15.4382   3.046874     2.6176     2.5291     0.0049  0.1464634 0.0000e+00
       1828     10.358    15.4420   3.048605     2.6174     2.5285     0.0051  0.1465035 0.0000e+00
       1829     10.367    15.4459   3.050429     2.6173     2.5279     0.0049  0.1465400 0.0000e+00
       1830     10.376    15.4499   3.052354     2.6172     2.5273     0.0049  0.1465734 0.0000e+00
       1831     10.385    15.4540   3.054387     2.6170     2.5267     0.0051  0.1466037 0.0000e+00
       1832     10.395    15.4582   3.056540     2.6169     2.5261     0.0049  0.1466313 0.0000e+00
       1833     10.405    15.4627   3.058824     2.6168     2.5255     0.0049  0.1466562 0.0000e+00
       1834     10.416    15.4673   3.061251     2.6166     2.5248     0.0049  0.1466787 0.0000e+00
       1835     10.427    15.4720   3.063821     2.6165     2.5242     0.0049  0.1466990 0.0000e+00
       1836     10.439    15.4768   3.066525     2.6164     2.5235     0.0051  0.1467171 0.0000e+00
       1837     10.451    15.4815   3.069354     2.6163     2.5228     0.0049  0.1467332 0.0000e+00
       1838     10.463    15.4861   3.072304     2.6161     2.5221     0.0049  0.1467475 0.0000e+00
       1839     10.476    15.4907   3.075378     2.6160     2.5214     0.0051  0.1467599 0.0000e+00
       1840     10.490    15.4952   3.078584     2.6159     2.5207     0.0049  0.1467706 0.0000e+00
       1841     10.503    15.4996   3.081933     2.6158     2.5199     0.0049  0.1467797 0.0000e+00
       1842     10.517    15.5040   3.085439     2.6156     2.5192     0.0049  0.1467873 0.0000e+00
       1843     10.532    15.5083   3.089117     2.6155     2.5184     0.0049  0.1467933 0.0000e+00
       1844     10.546    15.5125   3.092979     2.6154     2.5176     0.0049  0.1467979 0.0000e+00
       1845     10.561    15.5167   3.097032     2.6152     2.5168     0.0049  0.1468010 0.0000e+00
       1846     10.577    15.5208   3.101276     2.6151     2.5160     0.0053  0.1467984 0.0000e+00
       1847     10.592    15.5248   3.105715     2.6149     2.5152     0.0055  0.1467783 0.0000e+00
       1848     10.608    15.5287   3.110352     2.6148     2.5144     0.0055  0.1467294 0.0000e+00
       1849     10.625    15.5324   3.115186     2.6146     2.5136     0.0055  0.1466480 0.0000e+00
       1850     10.641    15.5359   3.120202     2.6144     2.5127     0.0055  0.1465336 0.0000e+00
       1851     10.658    15.5389   3.125366     2.6143     2.5119     0.0055  0.1463853 0.0000e+00
       1852     10.675    15.5414   3.130632     2.6141     2.5110     0.0053  0.1462021 0.0000e+00
       1853     10.692    15.5430   3.135960     2.6138     2.5102     0.0055  0.1459828 0.0000e+00
       1854     10.710    15.5437   3.141322     2.6136     2.5093     0.0055  0.1457257 0.0000e+00
       1855     10.728    15.5433   3.146702     2.6134     2.5084     0.0055  0.1454292 0.0000e+00
       1856     10.746    15.5418   3.152096     2.6132     2.5075     0.0055  0.1450912 0.0000e+00
       1857     10.764    15.5391   3.157505     2.6129     2.5066     0.0055  0.1447092 0.0000e+00
       1858     10.782    15.5353   3.162930     2.6126     2.5057     0.0055  0.1442807 0.0000e+00
       1859     10.801    15.5303   3.168368     2.6123     2.5048     0.0055  0.1438027 0.0000e+00
       1860     10.820    15.5243   3.173807     2.6120     2.5038     0.0055  0.1432718 0.0000e+00
       1861     10.839    15.5171   3.179221     2.6117     2.5029     0.0055  0.1426844 0.0000e+00
       1862     10.858    15.5087   3.184574     2.6113     2.5019     0.0055  0.1420363 0.0000e+00
       1863     10.878    15.4993   3.189824     2.6109     2.5010     0.0055  0.1413240 0.0000e+00
       1864     10.897    15.4886   3.194934     2.6105     2.5000     0.0055  0.1405432 0.0000e+00
       1865     10.917    15.4768   3.199873     2.6100     2.4989     0.0055  0.1396878 0.0000e+00
       1866     10.937    15.4638   3.204623     2.6095     2.4979     0.0055  0.1387509 0.0000e+00
       1867     10.957    15.4499   3.209180     2.6090     2.4969     0.0055  0.1377260 0.0000e+00
       1868     10.977    15.4353   3.213556     2.6084     2.4958     0.0055  0.1366060 0.0000e+00
       1869     10.997    15.4202   3.217774     2.6078     2.4947     0.0055  0.1353830 0.0000e+00
       1870     11.017    15.4049   3.221860     2.6071     2.4936     0.0055  0.1340486 0.0000e+00
       1871     11.038    15.3896   3.225837     2.6064     2.4924     0.0055  0.1326089 0.0000e+00
       1872     11.058    15.3744   3.229718     2.6056     2.4912     0.0053  0.1311216 0.0000e+00
       1873     11.079    15.3595   3.233513     2.6048     2.4900     0.0053  0.1296792 0.0000e+00
       1874     11.100    15.3448   3.237230     2.6039     2.4887     0.0053  0.1283338 0.0000e+00
       1875     11.121    15.3305   3.240875     2.6029     2.4874     0.0053  0.1270862 0.0000e+00
       1876     11.141    15.3166   3.244449     2.6019     2.4860     0.0053  0.1259233 0.0000e+00
       1877     11.162    15.3033   3.247950     2.6008     2.4845     0.0053  0.1248338 0.0000e+00
       1878     11.183    15.2904   3.251374     2.5996     2.4830     0.0053  0.1238092 0.0000e+00
       1879     11.204    15.2779   3.254719     2.5984     2.4814     0.0053  0.1228416 0.0000e+00
       1880     11.225    15.2659   3.257980     2.5970     2.4798     0.0053  0.1219241 0.0000e+00
       1881     11.246    15.2541   3.261153     2.5956     2.4780     0.0053  0.1210513 0.0000e+00
       1882     11.268    15.2427   3.264233     2.5940     2.4762     0.0053  0.1202171 0.0000e+00
       1883     11.289    15.2315   3.267221     2.5923     2.4742     0.0053  0.1194166 0.0000e+00
       1884     11.310    15.2203   3.270115     2.5906     2.4722     0.0053  0.1186449 0.0000e+00
       1885     11.331    15.2091   3.272918     2.5887     2.4700     0.0055  0.1178969 0.0000e+00
       1886     11.353    15.1978   3.275632     2.5866     2.4677     0.0053  0.1171671 0.0000e+00
       1887     11.374    15.1862   3.278262     2.5845     2.4653     0.0053  0.1164507 0.0000e+00
       1888     11.395    15.1744   3.280812     2.5822     2.4627     0.0055  0.1157425 0.0000e+00
       1889     11.416    15.1623   3.283289     2.5798     2.4601     0.0053  0.1150369 0.0000e+00
       1890     11.438    15.1499   3.285697     2.5772     2.4572     0.0053  0.1143280 0.0000e+00
       1891     11.459    15.1372   3.288043     2.5745     2.4543     0.0053  0.1136109 0.0000e+00
       1892     11.480    15.1243   3.290332     2.5717     2.4512     0.0053  0.1128807 0.0000e+00
       1893     11.502    15.1111   3.292567     2.5687     2.4479     0.0053  0.1121331 0.0000e+00
       1894     11.523    15.0977   3.294746     2.5655     2.4445     0.0053  0.1113638 0.0000e+00
       1895     11.545    15.0841   3.296865     2.5622     2.4410     0.0053  0.1105673 0.0000e+00
       1896     11.566    15.0702   3.298919     2.5587     2.4373     0.0053  0.1097390 0.0000e+00
       1897     11.588    15.0559   3.300902     2.5551     2.4335     0.0049  0.1088911 0.0000e+00
       1898     11.609    15.0413   3.302810     2.5514     2.4295     0.0046  0.1080617 0.0000e+00
       1899     11.631    15.0262   3.304640     2.5474     2.4253     0.0046  0.1072850 0.0000e+00
       1900     11.652    15.0106   3.306388     2.5434     2.4210     0.0046  0.1065692 0.0000e+00
       1901     11.674    14.9946   3.308052     2.5391     2.4166     0.0046  0.1059093 0.0000e+00
       1902     11.696    14.9782   3.309630     2.5347     2.4120     0.0046  0.1052991 0.0000e+00
       1903     11.717    14.9613   3.311124     2.5302     2.4073     0.0046  0.1047325 0.0000e+00
       1904     11.739    14.9442   3.312537     2.5255     2.4024     0.0046  0.1042048 0.0000e+00
       1905     11.760    14.9267   3.313877     2.5206     2.3973     0.0046  0.1037133 0.0000e+00
       1906     11.782    14.9091   3.315152     2.5156     2.3922     0.0046  0.1032552 0.0000e+00
       1907     11.804    14.8913   3.316372     2.5105     2.3869     0.0046  0.1028274 0.0000e+00
       1908     11.825    14.8733   3.317545     2.5052     2.3814     0.0046  0.1024269 0.0000e+00
       1909     11.847    14.8554   3.318681     2.4997     2.3758     0.0046  0.1020502 0.0000e+00
       1910     11.869    14.8374   3.319791     2.4941     2.3701     0.0046  0.1016937 0.0000e+00
       1911     11.890    14.8194   3.320886     2.4884     2.3643     0.0046  0.1013549 0.0000e+00
       1912     11.912    14.8014   3.321976     2.4825     2.3584     0.0046  0.1010316 0.0000e+00
       1913     11.933    14.7835   3.323067     2.4765     2.3523     0.0046  0.1007214 0.0000e+00
       1914     11.955    14.7654   3.324164     2.4703     2.3461     0.0046  0.1004230 0.0000e+00
       1915     11.977    14.7472   3.325262     2.4640     2.3398     0.0046  0.1001353 0.0000e+00
       1916     11.998    14.7287   3.326354     2.4576     2.3334     0.0046  0.0998553 0.0000e+00
       1917     12.020    14.7097   3.327431     2.4511     2.3269     0.0046  0.0995802 0.0000e+00
       1918     12.042    14.6901   3.328487     2.4445     2.3203     0.0046  0.0993083 0.0000e+00
       1919     12.063    14.6699   3.329516     2.4378     2.3137     0.0046  0.0990374 0.0000e+00
       1920     12.085    14.6490   3.330516     2.4310     2.3069     0.0046  0.0987659 0.0000e+00
