code/data/2021/ctd_data_day3/station4d_ctm.cnv
* Sea-Bird SBE 9 Data File:
* FileName = C:\Users\CTD-User\Desktop\MAR440\day3\station4d.hex
* Software Version Seasave V 7.26.2.13
* Temperature SN = 6313
* Conductivity SN = 4758
* Number of Bytes Per Scan = 37
* Number of Voltage Words = 4
* Number of Scans Averaged by the Deck Unit = 1
* NMEA Latitude = 58 19.57 N
* NMEA Longitude = 011 50.76 E
* NMEA UTC (Time) = Sep 23 2021 09:22:13
* NMEA baud rate = 4800
** Ship: Skagerrak
** Station: station4D
** Operator: Nicolas
# nquan = 9
# nvalues = 1887                        
# units = specified
# name 0 = scan: Scan Count
# name 1 = prDM: Pressure, Digiquartz [db]
# name 2 = t090C: Temperature [ITS-90, deg C]
# name 3 = c0S/m: Conductivity [S/m]
# name 4 = sbeox0V: Oxygen raw, SBE 43 [V]
# name 5 = sbeox1V: Oxygen raw, SBE 43, 2 [V]
# name 6 = flECO-AFL: Fluorescence, WET Labs ECO-AFL/FL [mg/m^3]
# name 7 = upoly0: Upoly 0, Turbidity
# name 8 = flag:  0.000e+00
# span 0 =          1,       1887       
# span 1 =      0.634,     12.935       
# span 2 =    13.8096,    15.8465       
# span 3 =   2.926118,   3.390174       
# span 4 =     1.6324,     2.7485       
# span 5 =     1.6288,     2.6423       
# span 6 =     0.0037,     0.0101       
# span 7 =  0.0893736,  0.1592149       
# span 8 = 0.0000e+00, 0.0000e+00       
# interval = seconds: 0.0416667
# start_time = Sep 23 2021 09:22:13 [NMEA time, header]
# bad_flag = -9.990e-29
*END*
          1      8.463    14.8499   2.926118     1.9683     1.9035     0.0057  0.1479817 0.0000e+00
          2      8.463    14.8501   2.926168     1.9670     1.9035     0.0057  0.1479817 0.0000e+00
          3      8.496    14.8507   2.926203     1.9670     1.9035     0.0057  0.1479817 0.0000e+00
          4      8.463    14.8511   2.926211     1.9670     1.9035     0.0057  0.1479817 0.0000e+00
          5      8.463    14.8515   2.926228     1.9658     1.9023     0.0057  0.1479817 0.0000e+00
          6      8.439    14.8518   2.926256     1.9658     1.9023     0.0057  0.1479817 0.0000e+00
          7      8.463    14.8522   2.926269     1.9658     1.9035     0.0057  0.1474933 0.0000e+00
          8      8.439    14.8527   2.926436     1.9658     1.9011     0.0059  0.1474933 0.0000e+00
          9      8.463    14.8528   2.926486     1.9646     1.9011     0.0059  0.1474933 0.0000e+00
         10      8.521    14.8533   2.926427     1.9646     1.9011     0.0059  0.1474933 0.0000e+00
         11      8.373    14.8537   2.926428     1.9646     1.9011     0.0059  0.1474933 0.0000e+00
         12      8.521    14.8539   2.926457     1.9634     1.9011     0.0059  0.1474933 0.0000e+00
         13      8.463    14.8542   2.926485     1.9634     1.8999     0.0059  0.1474933 0.0000e+00
         14      8.439    14.8545   2.926371     1.9634     1.8999     0.0059  0.1474933 0.0000e+00
         15      8.463    14.8548   2.926432     1.9621     1.8987     0.0059  0.1474933 0.0000e+00
         16      8.463    14.8548   2.926427     1.9621     1.8987     0.0059  0.1474933 0.0000e+00
         17      8.496    14.8552   2.926374     1.9609     1.8974     0.0059  0.1474933 0.0000e+00
         18      8.463    14.8552   2.926423     1.9609     1.8974     0.0059  0.1474933 0.0000e+00
         19      8.397    14.8555   2.926463     1.9609     1.8974     0.0059  0.1474933 0.0000e+00
         20      8.562    14.8558   2.926431     1.9609     1.8974     0.0059  0.1474933 0.0000e+00
         21      8.397    14.8560   2.926398     1.9597     1.8974     0.0059  0.1474933 0.0000e+00
         22      8.463    14.8560   2.926491     1.9597     1.8962     0.0059  0.1474933 0.0000e+00
         23      8.496    14.8562   2.926569     1.9597     1.8962     0.0059  0.1474933 0.0000e+00
         24      8.463    14.8562   2.926564     1.9597     1.8962     0.0059  0.1474933 0.0000e+00
         25      8.397    14.8564   2.926597     1.9585     1.8950     0.0059  0.1474933 0.0000e+00
         26      8.496    14.8565   2.926631     1.9585     1.8950     0.0059  0.1474933 0.0000e+00
         27      8.463    14.8564   2.926641     1.9573     1.8950     0.0059  0.1474933 0.0000e+00
         28      8.463    14.8565   2.926657     1.9573     1.8950     0.0059  0.1474933 0.0000e+00
         29      8.438    14.8564   2.926646     1.9573     1.8938     0.0059  0.1474933 0.0000e+00
         30      8.463    14.8567   2.926576     1.9560     1.8938     0.0059  0.1474933 0.0000e+00
         31      8.521    14.8567   2.926658     1.9560     1.8926     0.0059  0.1474933 0.0000e+00
         32      8.438    14.8567   2.926730     1.9560     1.8926     0.0059  0.1465165 0.0000e+00
         33      8.463    14.8567   2.926686     1.9560     1.8926     0.0060  0.1455397 0.0000e+00
         34      8.463    14.8569   2.926686     1.9548     1.8926     0.0062  0.1450513 0.0000e+00
         35      8.496    14.8565   2.926712     1.9548     1.8926     0.0062  0.1450513 0.0000e+00
         36      8.463    14.8565   2.926782     1.9548     1.8913     0.0062  0.1450513 0.0000e+00
         37      8.463    14.8564   2.926700     1.9548     1.8913     0.0062  0.1450513 0.0000e+00
         38      8.438    14.8565   2.926766     1.9536     1.8913     0.0062  0.1450513 0.0000e+00
         39      8.463    14.8565   2.926821     1.9536     1.8901     0.0062  0.1450513 0.0000e+00
         40      8.463    14.8564   2.926810     1.9524     1.8901     0.0062  0.1450513 0.0000e+00
         41      8.496    14.8567   2.926740     1.9524     1.8889     0.0062  0.1450513 0.0000e+00
         42      8.463    14.8565   2.926843     1.9524     1.8889     0.0062  0.1450513 0.0000e+00
         43      8.463    14.8567   2.926782     1.9512     1.8889     0.0062  0.1450513 0.0000e+00
         44      8.438    14.8569   2.926811     1.9512     1.8889     0.0062  0.1450513 0.0000e+00
         45      8.521    14.8571   2.926768     1.9512     1.8877     0.0062  0.1450513 0.0000e+00
         46      8.397    14.8571   2.926751     1.9499     1.8877     0.0062  0.1450513 0.0000e+00
         47      8.496    14.8571   2.926767     1.9499     1.8877     0.0062  0.1450513 0.0000e+00
         48      8.463    14.8572   2.926839     1.9499     1.8877     0.0060  0.1450513 0.0000e+00
         49      8.463    14.8575   2.926780     1.9487     1.8864     0.0062  0.1445629 0.0000e+00
         50      8.496    14.8575   2.926917     1.9487     1.8864     0.0062  0.1450513 0.0000e+00
         51      8.463    14.8577   2.926890     1.9487     1.8864     0.0062  0.1450513 0.0000e+00
         52      8.463    14.8581   2.926842     1.9475     1.8852     0.0062  0.1450513 0.0000e+00
         53      8.438    14.8582   2.926853     1.9487     1.8852     0.0062  0.1450513 0.0000e+00
         54      8.463    14.8586   2.926882     1.9475     1.8852     0.0062  0.1450513 0.0000e+00
         55      8.463    14.8587   2.926828     1.9475     1.8852     0.0062  0.1450513 0.0000e+00
         56      8.496    14.8587   2.926893     1.9463     1.8840     0.0062  0.1450513 0.0000e+00
         57      8.463    14.8591   2.926961     1.9463     1.8840     0.0062  0.1450513 0.0000e+00
         58      8.463    14.8594   2.926995     1.9463     1.8840     0.0068  0.1455397 0.0000e+00
         59      8.438    14.8596   2.927006     1.9463     1.8828     0.0071  0.1470049 0.0000e+00
         60      8.463    14.8599   2.927045     1.9451     1.8828     0.0071  0.1465165 0.0000e+00
         61      8.521    14.8598   2.927095     1.9451     1.8828     0.0071  0.1470049 0.0000e+00
         62      8.438    14.8604   2.927097     1.9451     1.8828     0.0071  0.1465165 0.0000e+00
         63      8.463    14.8606   2.927043     1.9438     1.8816     0.0071  0.1465165 0.0000e+00
         64      8.463    14.8607   2.927114     1.9438     1.8816     0.0071  0.1470049 0.0000e+00
         65      8.438    14.8611   2.927242     1.9438     1.8816     0.0071  0.1465165 0.0000e+00
         66      8.463    14.8613   2.927215     1.9438     1.8803     0.0071  0.1465165 0.0000e+00
         67      8.521    14.8616   2.927216     1.9426     1.8803     0.0071  0.1465165 0.0000e+00
         68      8.438    14.8620   2.927245     1.9426     1.8803     0.0071  0.1465165 0.0000e+00
         69      8.463    14.8619   2.927294     1.9414     1.8803     0.0071  0.1465165 0.0000e+00
         70      8.463    14.8626   2.927269     1.9414     1.8791     0.0071  0.1465165 0.0000e+00
         71      8.496    14.8628   2.927237     1.9414     1.8791     0.0071  0.1470049 0.0000e+00
         72      8.463    14.8633   2.927210     1.9414     1.8791     0.0071  0.1465165 0.0000e+00
         73      8.463    14.8634   2.927161     1.9414     1.8779     0.0071  0.1465165 0.0000e+00
         74      8.438    14.8638   2.927234     1.9402     1.8779     0.0071  0.1470049 0.0000e+00
         75      8.463    14.8641   2.927279     1.9402     1.8779     0.0071  0.1470049 0.0000e+00
         76      8.463    14.8645   2.927209     1.9402     1.8779     0.0071  0.1465165 0.0000e+00
         77      8.496    14.8646   2.927302     1.9402     1.8767     0.0071  0.1470049 0.0000e+00
         78      8.463    14.8653   2.927245     1.9389     1.8767     0.0071  0.1470049 0.0000e+00
         79      8.463    14.8655   2.927294     1.9389     1.8767     0.0071  0.1470049 0.0000e+00
         80      8.438    14.8658   2.927218     1.9377     1.8767     0.0071  0.1470049 0.0000e+00
         81      8.463    14.8663   2.927286     1.9377     1.8755     0.0071  0.1470049 0.0000e+00
         82      8.463    14.8666   2.927281     1.9377     1.8755     0.0071  0.1465165 0.0000e+00
         83      8.496    14.8670   2.927271     1.9377     1.8755     0.0068  0.1465165 0.0000e+00
         84      8.397    14.8675   2.927334     1.9365     1.8755     0.0059  0.1474933 0.0000e+00
         85      8.521    14.8677   2.927312     1.9365     1.8755     0.0057  0.1479817 0.0000e+00
         86      8.438    14.8682   2.927319     1.9365     1.8742     0.0057  0.1479817 0.0000e+00
         87      8.463    14.8683   2.927248     1.9365     1.8742     0.0057  0.1474933 0.0000e+00
         88      8.463    14.8689   2.927239     1.9353     1.8730     0.0057  0.1479817 0.0000e+00
         89      8.496    14.8690   2.927332     1.9353     1.8755     0.0057  0.1479817 0.0000e+00
         90      8.397    14.8694   2.927339     1.9353     1.8730     0.0057  0.1479817 0.0000e+00
         91      8.521    14.8697   2.927334     1.9353     1.8730     0.0057  0.1479817 0.0000e+00
         92      8.438    14.8700   2.927352     1.9341     1.8730     0.0055  0.1479817 0.0000e+00
         93      8.463    14.8707   2.927343     1.9341     1.8718     0.0057  0.1479817 0.0000e+00
         94      8.463    14.8707   2.927420     1.9341     1.8718     0.0057  0.1479817 0.0000e+00
         95      8.438    14.8714   2.927427     1.9328     1.8718     0.0057  0.1479817 0.0000e+00
         96      8.463    14.8717   2.927483     1.9328     1.8718     0.0057  0.1479817 0.0000e+00
         97      8.463    14.8719   2.927439     1.9328     1.8718     0.0057  0.1479817 0.0000e+00
         98      8.496    14.8724   2.927463     1.9316     1.8706     0.0057  0.1479817 0.0000e+00
         99      8.397    14.8727   2.927437     1.9316     1.8706     0.0057  0.1479817 0.0000e+00
        100      8.463    14.8733   2.927488     1.9316     1.8706     0.0057  0.1479817 0.0000e+00
        101      8.496    14.8734   2.927549     1.9316     1.8706     0.0057  0.1479817 0.0000e+00
        102      8.463    14.8741   2.927584     1.9304     1.8694     0.0057  0.1479817 0.0000e+00
        103      8.463    14.8742   2.927611     1.9304     1.8694     0.0057  0.1479817 0.0000e+00
        104      8.438    14.8744   2.927622     1.9304     1.8694     0.0057  0.1479817 0.0000e+00
        105      8.463    14.8751   2.927642     1.9304     1.8694     0.0057  0.1479817 0.0000e+00
        106      8.463    14.8753   2.927669     1.9292     1.8681     0.0057  0.1479817 0.0000e+00
        107      8.438    14.8758   2.927682     1.9292     1.8681     0.0057  0.1479817 0.0000e+00
        108      8.463    14.8763   2.927617     1.9292     1.8681     0.0057  0.1479817 0.0000e+00
        109      8.463    14.8768   2.927603     1.9280     1.8681     0.0055  0.1479817 0.0000e+00
        110      8.438    14.8769   2.927619     1.9280     1.8681     0.0057  0.1484701 0.0000e+00
        111      8.463    14.8775   2.927609     1.9280     1.8669     0.0057  0.1484701 0.0000e+00
        112      8.463    14.8778   2.927643     1.9280     1.8669     0.0057  0.1484701 0.0000e+00
        113      8.438    14.8781   2.927677     1.9280     1.8669     0.0057  0.1484701 0.0000e+00
        114      8.463    14.8785   2.927772     1.9267     1.8669     0.0055  0.1484701 0.0000e+00
        115      8.463    14.8790   2.927860     1.9267     1.8657     0.0057  0.1484701 0.0000e+00
        116      8.438    14.8795   2.927758     1.9255     1.8657     0.0057  0.1484701 0.0000e+00
        117      8.463    14.8797   2.927758     1.9255     1.8657     0.0057  0.1484701 0.0000e+00
        118      8.463    14.8800   2.927836     1.9255     1.8657     0.0057  0.1484701 0.0000e+00
        119      8.438    14.8802   2.927836     1.9255     1.8657     0.0057  0.1484701 0.0000e+00
        120      8.463    14.8807   2.927849     1.9243     1.8645     0.0057  0.1484701 0.0000e+00
        121      8.463    14.8810   2.927920     1.9255     1.8645     0.0057  0.1484701 0.0000e+00
        122      8.438    14.8815   2.927922     1.9243     1.8645     0.0057  0.1484701 0.0000e+00
        123      8.463    14.8819   2.927918     1.9243     1.8645     0.0057  0.1484701 0.0000e+00
        124      8.463    14.8822   2.928017     1.9243     1.8645     0.0057  0.1484701 0.0000e+00
        125      8.438    14.8824   2.927952     1.9231     1.8632     0.0057  0.1484701 0.0000e+00
        126      8.397    14.8827   2.927875     1.9243     1.8632     0.0055  0.1484701 0.0000e+00
        127      8.397    14.8830   2.927865     1.9231     1.8632     0.0057  0.1484701 0.0000e+00
        128      8.438    14.8834   2.927783     1.9219     1.8632     0.0057  0.1484701 0.0000e+00
        129      8.397    14.8841   2.927692     1.9219     1.8632     0.0057  0.1484701 0.0000e+00
        130      8.462    14.8847   2.927573     1.9219     1.8620     0.0057  0.1484701 0.0000e+00
        131      8.372    14.8864   2.927601     1.9219     1.8620     0.0057  0.1484701 0.0000e+00
        132      8.396    14.8891   2.927633     1.9219     1.8620     0.0057  0.1484701 0.0000e+00
        133      8.462    14.8923   2.927711     1.9206     1.8620     0.0057  0.1484701 0.0000e+00
        134      8.372    14.8950   2.927637     1.9206     1.8620     0.0057  0.1499353 0.0000e+00
        135      8.396    14.8964   2.927648     1.9206     1.8608     0.0055  0.1562845 0.0000e+00
        136      8.339    14.8973   2.927684     1.9194     1.8608     0.0055  0.1587265 0.0000e+00
        137      8.438    14.9004   2.927662     1.9194     1.8608     0.0057  0.1587265 0.0000e+00
        138      8.339    14.9084   2.927681     1.9194     1.8608     0.0057  0.1587265 0.0000e+00
        139      8.339    14.9178   2.927898     1.9194     1.8608     0.0057  0.1587265 0.0000e+00
        140      8.314    14.9264   2.927996     1.9182     1.8608     0.0057  0.1587265 0.0000e+00
        141      8.339    14.9344   2.928124     1.9182     1.8596     0.0057  0.1582381 0.0000e+00
        142      8.339    14.9459   2.928183     1.9182     1.8596     0.0057  0.1582381 0.0000e+00
        143      8.372    14.9566   2.928256     1.9182     1.8596     0.0057  0.1587265 0.0000e+00
        144      8.273    14.9647   2.928301     1.9182     1.8596     0.0057  0.1582381 0.0000e+00
        145      8.339    14.9709   2.928362     1.9170     1.8596     0.0057  0.1587265 0.0000e+00
        146      8.248    14.9762   2.928474     1.9170     1.8596     0.0057  0.1587265 0.0000e+00
        147      8.339    14.9817   2.928581     1.9170     1.8596     0.0057  0.1587265 0.0000e+00
        148      8.215    14.9884   2.928791     1.9170     1.8596     0.0057  0.1587265 0.0000e+00
        149      8.248    14.9935   2.928879     1.9157     1.8596     0.0057  0.1582381 0.0000e+00
        150      8.273    14.9955   2.928934     1.9157     1.8596     0.0057  0.1582381 0.0000e+00
        151      8.215    14.9935   2.929023     1.9157     1.8596     0.0057  0.1587265 0.0000e+00
        152      8.248    14.9876   2.929124     1.9157     1.8596     0.0057  0.1587265 0.0000e+00
        153      8.215    14.9750   2.929128     1.9157     1.8596     0.0057  0.1582381 0.0000e+00
        154      8.215    14.9598   2.929095     1.9157     1.8596     0.0057  0.1587265 0.0000e+00
        155      8.190    14.9441   2.929043     1.9145     1.8596     0.0057  0.1582381 0.0000e+00
        156      8.149    14.9302   2.929005     1.9145     1.8596     0.0057  0.1582381 0.0000e+00
        157      8.215    14.9151   2.928934     1.9145     1.8608     0.0057  0.1587265 0.0000e+00
        158      8.132    14.8989   2.928903     1.9145     1.8608     0.0057  0.1587265 0.0000e+00
        159      8.149    14.8983   2.928873     1.9145     1.8608     0.0057  0.1587265 0.0000e+00
        160      8.091    14.9040   2.928757     1.8938     1.8608     0.0055  0.1499353 0.0000e+00
