code/data/2021/ctd_data_day3/station2B_ctm.cnv
* Sea-Bird SBE 9 Data File:
* FileName = C:\Users\CTD-User\Desktop\MAR440\day3\station2B.hex
* Software Version Seasave V 7.26.2.13
* Temperature SN = 6313
* Conductivity SN = 4758
* Number of Bytes Per Scan = 37
* Number of Voltage Words = 4
* Number of Scans Averaged by the Deck Unit = 1
* NMEA Latitude = 58 20.01 N
* NMEA Longitude = 011 52.53 E
* NMEA UTC (Time) = Sep 23 2021 08:43:00
* NMEA baud rate = 4800
** Ship: Skagerrak
** Station: station2B
** Operator: Eva
# nquan = 9
# nvalues = 5095                        
# units = specified
# name 0 = scan: Scan Count
# name 1 = prDM: Pressure, Digiquartz [db]
# name 2 = t090C: Temperature [ITS-90, deg C]
# name 3 = c0S/m: Conductivity [S/m]
# name 4 = sbeox0V: Oxygen raw, SBE 43 [V]
# name 5 = sbeox1V: Oxygen raw, SBE 43, 2 [V]
# name 6 = flECO-AFL: Fluorescence, WET Labs ECO-AFL/FL [mg/m^3]
# name 7 = upoly0: Upoly 0, Turbidity
# name 8 = flag:  0.000e+00
# span 0 =          1,       5095       
# span 1 =      0.188,     45.391       
# span 2 =     7.5723,    15.8582       
# span 3 =   0.044614,   3.476282       
# span 4 =     0.4687,     3.2015       
# span 5 =     0.5334,     2.8169       
# span 6 =     0.0033,     0.0346       
# span 7 =  0.0800940,  0.2285678       
# span 8 = 0.0000e+00, 0.0000e+00       
# interval = seconds: 0.0416667
# start_time = Sep 23 2021 08:43:00 [NMEA time, header]
# bad_flag = -9.990e-29
*END*
          1      0.279    13.4823   0.046327     2.9389     2.7766     0.0081  0.0820476 0.0000e+00
          2      0.304    13.4816   0.046854     2.9389     2.7766     0.0081  0.0815592 0.0000e+00
          3      0.279    13.4805   0.046960     2.9389     2.7766     0.0081  0.0820476 0.0000e+00
          4      0.370    13.4799   0.046681     2.9389     2.7766     0.0081  0.0820476 0.0000e+00
          5      0.279    13.4790   0.047232     2.9389     2.7766     0.0081  0.0820476 0.0000e+00
          6      0.304    13.4783   0.046850     2.9389     2.7766     0.0081  0.0820476 0.0000e+00
          7      0.279    13.4773   0.046648     2.9389     2.7766     0.0081  0.0820476 0.0000e+00
          8      0.304    13.4760   0.047363     2.9389     2.7766     0.0081  0.0820476 0.0000e+00
          9      0.337    13.4745   0.046675     2.9402     2.7766     0.0081  0.0815592 0.0000e+00
         10      0.304    13.4733   0.047106     2.9389     2.7766     0.0081  0.0820476 0.0000e+00
         11      0.337    13.4718   0.046855     2.9389     2.7766     0.0081  0.0815592 0.0000e+00
         12      0.246    13.4708   0.046488     2.9389     2.7766     0.0081  0.0820476 0.0000e+00
         13      0.337    13.4693   0.047035     2.9389     2.7766     0.0081  0.0820476 0.0000e+00
         14      0.304    13.4683   0.046454     2.9389     2.7766     0.0081  0.0820476 0.0000e+00
         15      0.279    13.4671   0.046573     2.9389     2.7766     0.0081  0.0815592 0.0000e+00
         16      0.370    13.4661   0.047069     2.9389     2.7766     0.0081  0.0820476 0.0000e+00
         17      0.246    13.4649   0.046362     2.9389     2.7766     0.0081  0.0815592 0.0000e+00
         18      0.337    13.4642   0.047005     2.9389     2.7766     0.0081  0.0820476 0.0000e+00
         19      0.304    13.4631   0.046891     2.9389     2.7766     0.0081  0.0815592 0.0000e+00
         20      0.279    13.4622   0.046270     2.9389     2.7766     0.0081  0.0815592 0.0000e+00
         21      0.304    13.4612   0.047290     2.9389     2.7766     0.0081  0.0815592 0.0000e+00
         22      0.337    13.4606   0.046563     2.9389     2.7766     0.0081  0.0815592 0.0000e+00
         23      0.304    13.4597   0.046653     2.9389     2.7766     0.0082  0.0815592 0.0000e+00
         24      0.279    13.4591   0.047178     2.9389     2.7766     0.0086  0.0815592 0.0000e+00
         25      0.304    13.4586   0.046160     2.9389     2.7766     0.0086  0.0810708 0.0000e+00
         26      0.337    13.4577   0.046976     2.9389     2.7766     0.0086  0.0815592 0.0000e+00
         27      0.304    13.4571   0.046909     2.9389     2.7766     0.0086  0.0810708 0.0000e+00
         28      0.279    13.4566   0.046601     2.9389     2.7766     0.0086  0.0810708 0.0000e+00
         29      0.304    13.4556   0.047147     2.9389     2.7766     0.0086  0.0810708 0.0000e+00
         30      0.279    13.4545   0.046727     2.9389     2.7766     0.0084  0.0810708 0.0000e+00
         31      0.304    13.4530   0.046773     2.9389     2.7766     0.0086  0.0810708 0.0000e+00
         32      0.337    13.4524   0.047043     2.9389     2.7766     0.0086  0.0810708 0.0000e+00
         33      0.304    13.4509   0.046533     2.9389     2.7766     0.0086  0.0815592 0.0000e+00
         34      0.279    13.4495   0.047226     2.9389     2.7766     0.0086  0.0815592 0.0000e+00
         35      0.304    13.4479   0.046501     2.9389     2.7766     0.0086  0.0810708 0.0000e+00
         36      0.337    13.4469   0.046251     2.9389     2.7766     0.0086  0.0815592 0.0000e+00
         37      0.246    13.4455   0.047369     2.9389     2.7766     0.0086  0.0810708 0.0000e+00
         38      0.337    13.4442   0.046544     2.9402     2.7766     0.0086  0.0815592 0.0000e+00
         39      0.246    13.4427   0.046962     2.9389     2.7766     0.0086  0.0815592 0.0000e+00
         40      0.337    13.4408   0.046967     2.9389     2.7766     0.0086  0.0815592 0.0000e+00
         41      0.304    13.4389   0.046558     2.9389     2.7766     0.0086  0.0815592 0.0000e+00
         42      0.279    13.4372   0.047247     2.9389     2.7766     0.0086  0.0815592 0.0000e+00
         43      0.304    13.4353   0.046305     2.9389     2.7766     0.0086  0.0815592 0.0000e+00
         44      0.337    13.4335   0.046704     2.9389     2.7766     0.0086  0.0815592 0.0000e+00
         45      0.246    13.4321   0.047403     2.9389     2.7766     0.0086  0.0815592 0.0000e+00
         46      0.337    13.4310   0.046707     2.9389     2.7766     0.0084  0.0810708 0.0000e+00
         47      0.304    13.4296   0.047270     2.9389     2.7766     0.0086  0.0815592 0.0000e+00
         48      0.279    13.4275   0.046872     2.9389     2.7766     0.0099  0.0815592 0.0000e+00
         49      0.304    13.4256   0.046780     2.9389     2.7766     0.0132  0.0820476 0.0000e+00
         50      0.279    13.4233   0.047433     2.9389     2.7766     0.0143  0.0825360 0.0000e+00
         51      0.304    13.4221   0.046928     2.9389     2.7766     0.0143  0.0825360 0.0000e+00
         52      0.279    13.4209   0.047149     2.9402     2.7766     0.0141  0.0825360 0.0000e+00
         53      0.304    13.4196   0.046966     2.9402     2.7766     0.0141  0.0825360 0.0000e+00
         54      0.337    13.4179   0.047141     2.9389     2.7766     0.0141  0.0825360 0.0000e+00
         55      0.246    13.4162   0.047264     2.9389     2.7766     0.0141  0.0820476 0.0000e+00
         56      0.337    13.4134   0.046843     2.9389     2.7766     0.0141  0.0825360 0.0000e+00
         57      0.304    13.4096   0.047247     2.9389     2.7766     0.0141  0.0825360 0.0000e+00
         58      0.279    13.4059   0.047069     2.9389     2.7766     0.0141  0.0820476 0.0000e+00
         59      0.304    13.4019   0.047353     2.9389     2.7766     0.0141  0.0825360 0.0000e+00
         60      0.337    13.3981   0.047326     2.9389     2.7766     0.0141  0.0825360 0.0000e+00
         61      0.246    13.3946   0.047059     2.9389     2.7766     0.0139  0.0825360 0.0000e+00
         62      0.304    13.3917   0.047568     2.9389     2.7766     0.0141  0.0820476 0.0000e+00
         63      0.337    13.3893   0.046883     2.9389     2.7766     0.0141  0.0825360 0.0000e+00
         64      0.304    13.3872   0.047044     2.9389     2.7766     0.0141  0.0825360 0.0000e+00
         65      0.279    13.3845   0.047063     2.9389     2.7766     0.0141  0.0825360 0.0000e+00
         66      0.304    13.3815   0.047323     2.9389     2.7766     0.0141  0.0820476 0.0000e+00
         67      0.279    13.3789   0.047530     2.9389     2.7766     0.0141  0.0825360 0.0000e+00
         68      0.304    13.3762   0.046898     2.9389     2.7766     0.0141  0.0825360 0.0000e+00
         69      0.337    13.3740   0.047544     2.9389     2.7766     0.0141  0.0820476 0.0000e+00
         70      0.304    13.3715   0.047059     2.9389     2.7766     0.0141  0.0825360 0.0000e+00
         71      0.279    13.3692   0.047438     2.9389     2.7766     0.0141  0.0820476 0.0000e+00
         72      0.304    13.3665   0.047183     2.9389     2.7766     0.0141  0.0825360 0.0000e+00
         73      0.279    13.3635   0.046941     2.9389     2.7766     0.0141  0.0825360 0.0000e+00
         74      0.304    13.3598   0.047615     2.9389     2.7766     0.0176  0.0815592 0.0000e+00
         75      0.337    13.3558   0.046978     2.9389     2.7766     0.0201  0.0815592 0.0000e+00
         76      0.246    13.3517   0.047277     2.9389     2.7766     0.0207  0.0810708 0.0000e+00
         77      0.337    13.3482   0.047002     2.9389     2.7766     0.0205  0.0810708 0.0000e+00
         78      0.304    13.3455   0.046887     2.9389     2.7766     0.0205  0.0810708 0.0000e+00
         79      0.279    13.3427   0.047289     2.9389     2.7766     0.0203  0.0815592 0.0000e+00
         80      0.304    13.3396   0.046761     2.9389     2.7766     0.0205  0.0815592 0.0000e+00
         81      0.337    13.3373   0.047253     2.9389     2.7766     0.0205  0.0810708 0.0000e+00
         82      0.246    13.3353   0.046953     2.9389     2.7766     0.0205  0.0815592 0.0000e+00
         83      0.279    13.3333   0.047098     2.9389     2.7766     0.0205  0.0810708 0.0000e+00
         84      0.370    13.3304   0.047095     2.9389     2.7766     0.0205  0.0815592 0.0000e+00
         85      0.279    13.3261   0.046603     2.9389     2.7766     0.0203  0.0815592 0.0000e+00
         86      0.304    13.3224   0.047215     2.9389     2.7766     0.0203  0.0815592 0.0000e+00
         87      0.279    13.3191   0.046635     2.9389     2.7766     0.0205  0.0810708 0.0000e+00
         88      0.304    13.3158   0.047058     2.9389     2.7766     0.0205  0.0815592 0.0000e+00
         89      0.279    13.3123   0.047176     2.9389     2.7766     0.0205  0.0810708 0.0000e+00
         90      0.304    13.3088   0.046612     2.9389     2.7766     0.0205  0.0810708 0.0000e+00
         91      0.279    13.3046   0.047382     2.9389     2.7766     0.0205  0.0815592 0.0000e+00
         92      0.304    13.3000   0.046876     2.9377     2.7766     0.0205  0.0810708 0.0000e+00
         93      0.337    13.2951   0.047403     2.9389     2.7766     0.0205  0.0810708 0.0000e+00
         94      0.304    13.2895   0.047168     2.9389     2.7766     0.0203  0.0815592 0.0000e+00
         95      0.279    13.2815   0.047053     2.9389     2.7766     0.0205  0.0810708 0.0000e+00
         96      0.304    13.2733   0.046935     2.9389     2.7766     0.0205  0.0815592 0.0000e+00
         97      0.279    13.2654   0.046854     2.9389     2.7766     0.0203  0.0815592 0.0000e+00
         98      0.304    13.2577   0.047297     2.9389     2.7766     0.0205  0.0810708 0.0000e+00
         99      0.279    13.2500   0.046749     2.9389     2.7766     0.0192  0.0815592 0.0000e+00
        100      0.304    13.2426   0.047247     2.9389     2.7766     0.0159  0.0810708 0.0000e+00
        101      0.337    13.2376   0.046958     2.9389     2.7766     0.0148  0.0810708 0.0000e+00
        102      0.246    13.2321   0.047297     2.9389     2.7766     0.0148  0.0810708 0.0000e+00
        103      0.337    13.2271   0.047401     2.9389     2.7766     0.0148  0.0810708 0.0000e+00
        104      0.246    13.2226   0.047235     2.9402     2.7766     0.0150  0.0810708 0.0000e+00
        105      0.337    13.2181   0.047398     2.9389     2.7766     0.0148  0.0810708 0.0000e+00
        106      0.246    13.2134   0.047361     2.9389     2.7766     0.0148  0.0810708 0.0000e+00
        107      0.304    13.2084   0.047560     2.9389     2.7766     0.0148  0.0810708 0.0000e+00
        108      0.337    13.2041   0.047193     2.9389     2.7766     0.0148  0.0810708 0.0000e+00
        109      0.304    13.1999   0.047556     2.9389     2.7766     0.0148  0.0815592 0.0000e+00
        110      0.279    13.1950   0.046853     2.9389     2.7766     0.0148  0.0810708 0.0000e+00
        111      0.304    13.1889   0.047189     2.9389     2.7766     0.0150  0.0815592 0.0000e+00
        112      0.279    13.1822   0.046839     2.9389     2.7766     0.0148  0.0810708 0.0000e+00
        113      0.304    13.1770   0.047147     2.9389     2.7766     0.0148  0.0810708 0.0000e+00
        114      0.337    13.1725   0.046968     2.9389     2.7766     0.0148  0.0815592 0.0000e+00
        115      0.304    13.1683   0.047028     2.9389     2.7766     0.0150  0.0815592 0.0000e+00
        116      0.279    13.1641   0.047317     2.9389     2.7766     0.0148  0.0815592 0.0000e+00
        117      0.304    13.1593   0.046992     2.9389     2.7766     0.0150  0.0810708 0.0000e+00
        118      0.279    13.1543   0.047347     2.9389     2.7766     0.0148  0.0810708 0.0000e+00
        119      0.304    13.1493   0.046784     2.9389     2.7766     0.0148  0.0815592 0.0000e+00
        120      0.279    13.1451   0.047178     2.9389     2.7766     0.0148  0.0815592 0.0000e+00
        121      0.304    13.1406   0.046803     2.9389     2.7766     0.0148  0.0810708 0.0000e+00
        122      0.337    13.1360   0.046689     2.9389     2.7766     0.0148  0.0810708 0.0000e+00
        123      0.304    13.1316   0.046576     2.9389     2.7766     0.0148  0.0810708 0.0000e+00
        124      0.279    13.1268   0.046649     2.9389     2.7766     0.0148  0.0810708 0.0000e+00
        125      0.304    13.1209   0.047004     2.9389     2.7766     0.0128  0.0810708 0.0000e+00
        126      0.279    13.1159   0.046715     2.9389     2.7766     0.0112  0.0810708 0.0000e+00
        127      0.304    13.1104   0.047193     2.9389     2.7766     0.0110  0.0810708 0.0000e+00
        128      0.279    13.1062   0.046568     2.9389     2.7766     0.0112  0.0810708 0.0000e+00
        129      0.304    13.1028   0.047420     2.9389     2.7766     0.0112  0.0810708 0.0000e+00
        130      0.337    13.0993   0.046798     2.9389     2.7766     0.0112  0.0815592 0.0000e+00
        131      0.246    13.0960   0.047183     2.9389     2.7766     0.0112  0.0810708 0.0000e+00
        132      0.337    13.0924   0.046631     2.9389     2.7766     0.0112  0.0815592 0.0000e+00
        133      0.246    13.0881   0.046870     2.9389     2.7766     0.0112  0.0815592 0.0000e+00
        134      0.337    13.0839   0.046823     2.9389     2.7766     0.0112  0.0815592 0.0000e+00
        135      0.304    13.0806   0.046480     2.9389     2.7766     0.0112  0.0815592 0.0000e+00
        136      0.279    13.0778   0.047053     2.9389     2.7766     0.0112  0.0815592 0.0000e+00
        137      0.304    13.0742   0.046423     2.9389     2.7766     0.0112  0.0810708 0.0000e+00
        138      0.337    13.0701   0.046818     2.9389     2.7766     0.0112  0.0810708 0.0000e+00
        139      0.246    13.0659   0.046537     2.9389     2.7766     0.0112  0.0815592 0.0000e+00
        140      0.279    13.0623   0.046958     2.9389     2.7766     0.0112  0.0815592 0.0000e+00
        141      0.304    13.0585   0.046618     2.9389     2.7766     0.0110  0.0810708 0.0000e+00
        142      0.279    13.0548   0.046624     2.9389     2.7766     0.0112  0.0815592 0.0000e+00
        143      0.304    13.0516   0.046947     2.9389     2.7766     0.0112  0.0810708 0.0000e+00
        144      0.279    13.0493   0.046900     2.9389     2.7766     0.0112  0.0810708 0.0000e+00
        145      0.304    13.0464   0.047364     2.9389     2.7766     0.0112  0.0810708 0.0000e+00
        146      0.279    13.0447   0.046808     2.9389     2.7766     0.0112  0.0810708 0.0000e+00
        147      0.304    13.0426   0.047232     2.9389     2.7766     0.0112  0.0810708 0.0000e+00
        148      0.279    13.0410   0.046540     2.9389     2.7766     0.0110  0.0810708 0.0000e+00
        149      0.304    13.0387   0.047259     2.9389     2.7766     0.0112  0.0815592 0.0000e+00
        150      0.279    13.0355   0.047183     2.9389     2.7766     0.0106  0.0810708 0.0000e+00
        151      0.304    13.0322   0.047290     2.9389     2.7766     0.0095  0.0810708 0.0000e+00
        152      0.304    13.0292   0.047186     2.9389     2.7766     0.0092  0.0810708 0.0000e+00
        153      0.279    13.0262   0.047309     2.9389     2.7766     0.0092  0.0810708 0.0000e+00
        154      0.246    13.0222   0.046966     2.9389     2.7766     0.0092  0.0815592 0.0000e+00
        155      0.337    13.0196   0.047130     2.9389     2.7766     0.0093  0.0815592 0.0000e+00
        156      0.246    13.0163   0.047368     2.9389     2.7766     0.0093  0.0810708 0.0000e+00
        157      0.337    13.0139   0.047647     2.9389     2.7766     0.0092  0.0810708 0.0000e+00
        158      0.246    13.0115   0.047471     2.9389     2.7766     0.0093  0.0815592 0.0000e+00
        159      0.337    13.0096   0.047165     2.9389     2.7766     0.0093  0.0815592 0.0000e+00
        160      0.246    13.0066   0.047123     2.9389     2.7766     0.0093  0.0810708 0.0000e+00
