code/data/2021/ctd_data_day3/station1a_ctm.cnv
* Sea-Bird SBE 9 Data File:
* FileName = C:\Users\CTD-User\Desktop\MAR440\day3\station1a.hex
* Software Version Seasave V 7.26.2.13
* Temperature SN = 6313
* Conductivity SN = 4758
* Number of Bytes Per Scan = 37
* Number of Voltage Words = 4
* Number of Scans Averaged by the Deck Unit = 1
* NMEA Latitude = 58 20.46 N
* NMEA Longitude = 011 53.94 E
* NMEA UTC (Time) = Sep 23 2021 08:23:54
* NMEA baud rate = 4800
** Ship: Skagerrak
** Station: station1a
** Operator: Jess
# nquan = 9
# nvalues = 3026                        
# units = specified
# name 0 = scan: Scan Count
# name 1 = prDM: Pressure, Digiquartz [db]
# name 2 = t090C: Temperature [ITS-90, deg C]
# name 3 = c0S/m: Conductivity [S/m]
# name 4 = sbeox0V: Oxygen raw, SBE 43 [V]
# name 5 = sbeox1V: Oxygen raw, SBE 43, 2 [V]
# name 6 = flECO-AFL: Fluorescence, WET Labs ECO-AFL/FL [mg/m^3]
# name 7 = upoly0: Upoly 0, Turbidity
# name 8 = flag:  0.000e+00
# span 0 =          1,       3026       
# span 1 =      1.106,     33.895       
# span 2 =     7.9623,    15.7106       
# span 3 =   2.731770,   3.460570       
# span 4 =     0.4931,     2.8620       
# span 5 =     0.5529,     2.7375       
# span 6 =     0.0035,     0.0152       
# span 7 =  0.0883968,  0.2354054       
# span 8 = 0.0000e+00, 0.0000e+00       
# interval = seconds: 0.0416667
# start_time = Sep 23 2021 08:23:54 [NMEA time, header]
# bad_flag = -9.990e-29
*END*
[from data line 1761]
       1762     10.226    15.3883   3.027216     2.6227     2.5519     0.0059  0.1509121 0.0000e+00
       1763     10.201    15.3881   3.027073     2.6252     2.5519     0.0059  0.1509121 0.0000e+00
       1764     10.226    15.3861   3.026768     2.6239     2.5519     0.0059  0.1509121 0.0000e+00
       1765     10.284    15.3837   3.026399     2.6215     2.5519     0.0059  0.1509121 0.0000e+00
       1766     10.226    15.3817   3.026484     2.6215     2.5519     0.0059  0.1509121 0.0000e+00
       1767     10.201    15.3825   3.026635     2.6252     2.5519     0.0059  0.1509121 0.0000e+00
       1768     10.284    15.3818   3.026256     2.6252     2.5531     0.0059  0.1509121 0.0000e+00
       1769     10.160    15.3800   3.025819     2.6215     2.5519     0.0057  0.1494469 0.0000e+00
       1770     10.267    15.3793   3.025297     2.6215     2.5531     0.0055  0.1470049 0.0000e+00
       1771     10.226    15.3791   3.024899     2.6215     2.5531     0.0053  0.1460281 0.0000e+00
       1772     10.226    15.3793   3.024735     2.6239     2.5531     0.0053  0.1460281 0.0000e+00
       1773     10.226    15.3773   3.024759     2.6239     2.5531     0.0053  0.1460281 0.0000e+00
       1774     10.267    15.3768   3.024588     2.6215     2.5531     0.0053  0.1460281 0.0000e+00
       1775     10.226    15.3778   3.024255     2.6215     2.5531     0.0053  0.1460281 0.0000e+00
       1776     10.226    15.3783   3.024244     2.6215     2.5531     0.0053  0.1460281 0.0000e+00
       1777     10.267    15.3753   3.024052     2.6239     2.5531     0.0053  0.1460281 0.0000e+00
       1778     10.226    15.3720   3.023837     2.6227     2.5531     0.0053  0.1460281 0.0000e+00
       1779     10.226    15.3702   3.023449     2.6227     2.5531     0.0053  0.1460281 0.0000e+00
       1780     10.284    15.3692   3.022915     2.6215     2.5531     0.0053  0.1460281 0.0000e+00
       1781     10.201    15.3670   3.022631     2.6215     2.5531     0.0053  0.1460281 0.0000e+00
       1782     10.226    15.3648   3.022560     2.6252     2.5519     0.0053  0.1460281 0.0000e+00
       1783     10.284    15.3646   3.022513     2.6227     2.5519     0.0053  0.1460281 0.0000e+00
       1784     10.201    15.3656   3.022398     2.6215     2.5519     0.0053  0.1460281 0.0000e+00
       1785     10.226    15.3678   3.022137     2.6215     2.5507     0.0053  0.1460281 0.0000e+00
       1786     10.284    15.3697   3.022099     2.6227     2.5507     0.0053  0.1460281 0.0000e+00
       1787     10.226    15.3713   3.022314     2.6239     2.5507     0.0053  0.1460281 0.0000e+00
       1788     10.201    15.3710   3.022439     2.6227     2.5495     0.0053  0.1460281 0.0000e+00
       1789     10.284    15.3707   3.022580     2.6215     2.5482     0.0053  0.1460281 0.0000e+00
       1790     10.226    15.3717   3.022677     2.6215     2.5482     0.0055  0.1460281 0.0000e+00
       1791     10.201    15.3735   3.022710     2.6227     2.5470     0.0053  0.1460281 0.0000e+00
       1792     10.284    15.3737   3.022758     2.6227     2.5470     0.0053  0.1460281 0.0000e+00
       1793     10.226    15.3735   3.022638     2.6227     2.5458     0.0055  0.1460281 0.0000e+00
       1794     10.226    15.3725   3.022405     2.6215     2.5458     0.0053  0.1460281 0.0000e+00
       1795     10.267    15.3724   3.022135     2.6215     2.5446     0.0051  0.1455397 0.0000e+00
       1796     10.226    15.3712   3.022185     2.6239     2.5446     0.0051  0.1450513 0.0000e+00
       1797     10.284    15.3709   3.022175     2.6227     2.5433     0.0051  0.1450513 0.0000e+00
       1798     10.201    15.3710   3.022224     2.6215     2.5433     0.0051  0.1450513 0.0000e+00
       1799     10.226    15.3720   3.022343     2.6215     2.5421     0.0051  0.1445629 0.0000e+00
       1800     10.284    15.3717   3.022357     2.6215     2.5421     0.0051  0.1450513 0.0000e+00
       1801     10.226    15.3702   3.022326     2.6239     2.5409     0.0051  0.1450513 0.0000e+00
       1802     10.267    15.3692   3.022165     2.6227     2.5409     0.0051  0.1450513 0.0000e+00
       1803     10.226    15.3683   3.022060     2.6215     2.5409     0.0051  0.1450513 0.0000e+00
       1804     10.226    15.3683   3.022091     2.6203     2.5397     0.0051  0.1450513 0.0000e+00
       1805     10.267    15.3693   3.022260     2.6203     2.5397     0.0051  0.1450513 0.0000e+00
       1806     10.226    15.3702   3.022395     2.6227     2.5397     0.0051  0.1450513 0.0000e+00
       1807     10.226    15.3715   3.022560     2.6215     2.5385     0.0053  0.1450513 0.0000e+00
       1808     10.201    15.3734   3.022749     2.6215     2.5372     0.0051  0.1445629 0.0000e+00
       1809     10.284    15.3742   3.023067     2.6203     2.5385     0.0051  0.1450513 0.0000e+00
       1810     10.284    15.3731   3.023300     2.6203     2.5372     0.0051  0.1450513 0.0000e+00
       1811     10.226    15.3723   3.023262     2.6215     2.5372     0.0051  0.1450513 0.0000e+00
       1812     10.267    15.3720   3.023198     2.6203     2.5372     0.0051  0.1450513 0.0000e+00
       1813     10.226    15.3703   3.023022     2.6203     2.5372     0.0051  0.1450513 0.0000e+00
       1814     10.226    15.3702   3.023070     2.6203     2.5360     0.0051  0.1450513 0.0000e+00
       1815     10.267    15.3710   3.023027     2.6203     2.5360     0.0051  0.1450513 0.0000e+00
       1816     10.226    15.3717   3.023084     2.6215     2.5348     0.0051  0.1450513 0.0000e+00
       1817     10.226    15.3734   3.023655     2.6203     2.5348     0.0053  0.1450513 0.0000e+00
       1818     10.226    15.3785   3.024358     2.6203     2.5348     0.0051  0.1450513 0.0000e+00
       1819     10.267    15.3771   3.025174     2.6178     2.5336     0.0051  0.1450513 0.0000e+00
       1820     10.226    15.3778   3.025793     2.6191     2.5336     0.0051  0.1455397 0.0000e+00
       1821     10.284    15.3880   3.026927     2.6191     2.5336     0.0051  0.1465165 0.0000e+00
       1822     10.201    15.4020   3.028437     2.6166     2.5336     0.0049  0.1470049 0.0000e+00
       1823     10.284    15.4160   3.030108     2.6178     2.5324     0.0049  0.1470049 0.0000e+00
       1824     10.284    15.4291   3.031531     2.6166     2.5324     0.0049  0.1470049 0.0000e+00
       1825     10.284    15.4326   3.032539     2.6178     2.5324     0.0049  0.1470049 0.0000e+00
       1826     10.267    15.4334   3.033502     2.6178     2.5311     0.0049  0.1470049 0.0000e+00
       1827     10.284    15.4332   3.034352     2.6166     2.5311     0.0049  0.1470049 0.0000e+00
       1828     10.349    15.4321   3.035140     2.6166     2.5299     0.0051  0.1470049 0.0000e+00
       1829     10.267    15.4314   3.035960     2.6166     2.5299     0.0049  0.1470049 0.0000e+00
       1830     10.349    15.4325   3.036813     2.6178     2.5287     0.0049  0.1470049 0.0000e+00
       1831     10.284    15.4306   3.037382     2.6166     2.5287     0.0051  0.1470049 0.0000e+00
       1832     10.349    15.4291   3.037480     2.6154     2.5287     0.0049  0.1470049 0.0000e+00
       1833     10.325    15.4339   3.037952     2.6154     2.5275     0.0049  0.1470049 0.0000e+00
       1834     10.349    15.4520   3.040115     2.6166     2.5263     0.0049  0.1470049 0.0000e+00
       1835     10.407    15.4720   3.044521     2.6178     2.5263     0.0049  0.1470049 0.0000e+00
       1836     10.382    15.4837   3.048925     2.6166     2.5250     0.0051  0.1470049 0.0000e+00
       1837     10.349    15.4909   3.052108     2.6154     2.5250     0.0049  0.1470049 0.0000e+00
       1838     10.407    15.4974   3.054536     2.6154     2.5238     0.0049  0.1470049 0.0000e+00
       1839     10.407    15.5024   3.056517     2.6178     2.5238     0.0051  0.1470049 0.0000e+00
       1840     10.448    15.5052   3.058155     2.6166     2.5226     0.0049  0.1470049 0.0000e+00
       1841     10.465    15.5075   3.059411     2.6154     2.5214     0.0049  0.1470049 0.0000e+00
       1842     10.465    15.5119   3.060519     2.6154     2.5214     0.0049  0.1470049 0.0000e+00
       1843     10.465    15.5173   3.062308     2.6154     2.5201     0.0049  0.1470049 0.0000e+00
       1844     10.506    15.5225   3.065431     2.6166     2.5189     0.0049  0.1470049 0.0000e+00
       1845     10.531    15.5270   3.069399     2.6166     2.5189     0.0049  0.1470049 0.0000e+00
       1846     10.531    15.5323   3.073471     2.6154     2.5165     0.0053  0.1494469 0.0000e+00
       1847     10.572    15.5395   3.077049     2.6154     2.5165     0.0055  0.1514005 0.0000e+00
       1848     10.531    15.5516   3.081382     2.6154     2.5153     0.0055  0.1514005 0.0000e+00
       1849     10.588    15.5700   3.088145     2.6166     2.5153     0.0055  0.1514005 0.0000e+00
       1850     10.588    15.5960   3.098451     2.6166     2.5140     0.0055  0.1514005 0.0000e+00
       1851     10.630    15.6273   3.110893     2.6154     2.5128     0.0055  0.1514005 0.0000e+00
       1852     10.654    15.6572   3.122260     2.6154     2.5128     0.0053  0.1514005 0.0000e+00
       1853     10.654    15.6801   3.131603     2.6154     2.5116     0.0055  0.1514005 0.0000e+00
       1854     10.687    15.6979   3.138989     2.6166     2.5104     0.0055  0.1514005 0.0000e+00
       1855     10.654    15.7086   3.144994     2.6154     2.5104     0.0055  0.1514005 0.0000e+00
       1856     10.770    15.7106   3.150099     2.6154     2.5092     0.0055  0.1514005 0.0000e+00
       1857     10.712    15.7058   3.154835     2.6142     2.5079     0.0055  0.1514005 0.0000e+00
       1858     10.753    15.6968   3.160651     2.6154     2.5067     0.0055  0.1514005 0.0000e+00
       1859     10.770    15.6899   3.167842     2.6166     2.5067     0.0055  0.1514005 0.0000e+00
       1860     10.770    15.6846   3.176939     2.6154     2.5055     0.0055  0.1514005 0.0000e+00
       1861     10.811    15.6805   3.187838     2.6154     2.5043     0.0055  0.1514005 0.0000e+00
       1862     10.836    15.6764   3.199440     2.6142     2.5043     0.0055  0.1514005 0.0000e+00
       1863     10.893    15.6704   3.210419     2.6154     2.5031     0.0055  0.1509121 0.0000e+00
       1864     10.836    15.6609   3.219929     2.6154     2.5031     0.0055  0.1514005 0.0000e+00
       1865     10.935    15.6394   3.227550     2.6154     2.5018     0.0055  0.1514005 0.0000e+00
       1866     10.893    15.6033   3.233073     2.6142     2.5006     0.0055  0.1514005 0.0000e+00
       1867     10.959    15.5553   3.235827     2.6142     2.5006     0.0055  0.1514005 0.0000e+00
       1868     10.959    15.5018   3.236318     2.6154     2.4994     0.0055  0.1514005 0.0000e+00
       1869     10.935    15.4435   3.236425     2.6154     2.4982     0.0055  0.1514005 0.0000e+00
       1870     11.017    15.4045   3.237386     2.6154     2.4982     0.0055  0.1514005 0.0000e+00
       1871     11.017    15.3742   3.239465     2.6129     2.4982     0.0055  0.1426093 0.0000e+00
       1872     11.058    15.3456   3.242079     2.6129     2.4969     0.0053  0.1211197 0.0000e+00
       1873     11.083    15.3161   3.244678     2.6142     2.4969     0.0053  0.1137937 0.0000e+00
       1874     11.083    15.2891   3.247438     2.6154     2.4957     0.0053  0.1142821 0.0000e+00
       1875     11.141    15.2644   3.250969     2.6117     2.4945     0.0053  0.1147705 0.0000e+00
       1876     11.116    15.2467   3.254860     2.6117     2.4945     0.0053  0.1157473 0.0000e+00
       1877     11.141    15.2339   3.259116     2.6117     2.4945     0.0053  0.1152589 0.0000e+00
       1878     11.198    15.2248   3.262822     2.6129     2.4933     0.0053  0.1157473 0.0000e+00
       1879     11.141    15.2192   3.266664     2.6117     2.4933     0.0053  0.1157473 0.0000e+00
       1880     11.240    15.2163   3.270655     2.6105     2.4921     0.0053  0.1152589 0.0000e+00
       1881     11.264    15.2155   3.274536     2.6105     2.4921     0.0053  0.1157473 0.0000e+00
       1882     11.264    15.2168   3.277841     2.6105     2.4908     0.0053  0.1152589 0.0000e+00
       1883     11.264    15.2193   3.280579     2.6093     2.4896     0.0053  0.1152589 0.0000e+00
       1884     11.306    15.2233   3.283300     2.6068     2.4884     0.0053  0.1152589 0.0000e+00
       1885     11.322    15.2268   3.285796     2.6056     2.4872     0.0055  0.1152589 0.0000e+00
       1886     11.388    15.2288   3.287793     2.6056     2.4860     0.0053  0.1152589 0.0000e+00
       1887     11.363    15.2264   3.289705     2.6032     2.4835     0.0053  0.1152589 0.0000e+00
       1888     11.388    15.2195   3.291479     2.6032     2.4823     0.0055  0.1152589 0.0000e+00
       1889     11.388    15.2085   3.293145     2.6007     2.4799     0.0053  0.1157473 0.0000e+00
       1890     11.446    15.1900   3.294622     2.5971     2.4774     0.0053  0.1152589 0.0000e+00
       1891     11.487    15.1711   3.296093     2.5959     2.4750     0.0053  0.1157473 0.0000e+00
       1892     11.446    15.1557   3.298073     2.5934     2.4725     0.0053  0.1152589 0.0000e+00
       1893     11.503    15.1426   3.300470     2.5910     2.4689     0.0053  0.1152589 0.0000e+00
       1894     11.503    15.1333   3.303291     2.5873     2.4652     0.0053  0.1152589 0.0000e+00
       1895     11.545    15.1252   3.306320     2.5836     2.4628     0.0053  0.1152589 0.0000e+00
       1896     11.569    15.1183   3.309108     2.5800     2.4591     0.0053  0.1147705 0.0000e+00
       1897     11.569    15.1122   3.311754     2.5788     2.4554     0.0049  0.1054908 0.0000e+00
       1898     11.627    15.1051   3.314122     2.5739     2.4518     0.0046  0.0991416 0.0000e+00
       1899     11.611    15.0945   3.316333     2.5690     2.4469     0.0046  0.0981648 0.0000e+00
       1900     11.693    15.0781   3.318591     2.5653     2.4420     0.0046  0.0986532 0.0000e+00
       1901     11.627    15.0570   3.320544     2.5617     2.4371     0.0046  0.0986532 0.0000e+00
       1902     11.693    15.0337   3.321872     2.5580     2.4334     0.0046  0.0991416 0.0000e+00
       1903     11.734    15.0089   3.322809     2.5531     2.4286     0.0046  0.0991416 0.0000e+00
       1904     11.751    14.9857   3.323124     2.5470     2.4237     0.0046  0.0991416 0.0000e+00
       1905     11.751    14.9579   3.323323     2.5421     2.4176     0.0046  0.0986532 0.0000e+00
       1906     11.751    14.9320   3.323133     2.5372     2.4115     0.0046  0.0991416 0.0000e+00
       1907     11.850    14.9070   3.323055     2.5324     2.4066     0.0046  0.0986532 0.0000e+00
       1908     11.817    14.8802   3.322845     2.5275     2.4005     0.0046  0.0991416 0.0000e+00
       1909     11.817    14.8559   3.322558     2.5201     2.3944     0.0046  0.0991416 0.0000e+00
       1910     11.916    14.8338   3.321836     2.5140     2.3883     0.0046  0.0991416 0.0000e+00
       1911     11.874    14.8160   3.321547     2.5079     2.3822     0.0046  0.0991416 0.0000e+00
       1912     11.874    14.8003   3.321588     2.5030     2.3748     0.0046  0.0991416 0.0000e+00
       1913     11.932    14.7920   3.322102     2.4945     2.3687     0.0046  0.0991416 0.0000e+00
       1914     11.973    14.7916   3.323767     2.4884     2.3614     0.0046  0.0986532 0.0000e+00
       1915     11.998    14.7942   3.326083     2.4811     2.3553     0.0046  0.0991416 0.0000e+00
       1916     11.998    14.7948   3.328617     2.4750     2.3480     0.0046  0.0991416 0.0000e+00
       1917     11.998    14.7905   3.330649     2.4676     2.3406     0.0046  0.0991416 0.0000e+00
       1918     12.039    14.7839   3.332273     2.4591     2.3333     0.0046  0.0991416 0.0000e+00
       1919     12.056    14.7746   3.333743     2.4518     2.3260     0.0046  0.0991416 0.0000e+00
       1920     12.056    14.7642   3.335006     2.4444     2.3187     0.0046  0.0991416 0.0000e+00
