code/data/2021/ctd_data_day3/station3c_ctm_fil_le.cnv
* Sea-Bird SBE 9 Data File:
* FileName = C:\Users\CTD-User\Desktop\MAR440\day3\station3c.hex
* Software Version Seasave V 7.26.2.13
* Temperature SN = 6313
* Conductivity SN = 4758
* Number of Bytes Per Scan = 37
* Number of Voltage Words = 4
* Number of Scans Averaged by the Deck Unit = 1
* NMEA Latitude = 58 19.70 N
* NMEA Longitude = 011 51.37 E
* NMEA UTC (Time) = Sep 23 2021 09:07:02
* NMEA baud rate = 4800
** Ship: Skagerrak
** Station: station3C
** Operator: Eva
# nquan = 9
# nvalues = 4697                        
# units = specified
# name 0 = scan: Scan Count
# name 1 = prDM: Pressure, Digiquartz [db]
# name 2 = t090C: Temperature [ITS-90, deg C]
# name 3 = c0S/m: Conductivity [S/m]
# name 4 = sbeox0V: Oxygen raw, SBE 43 [V]
# name 5 = sbeox1V: Oxygen raw, SBE 43, 2 [V]
# name 6 = flECO-AFL: Fluorescence, WET Labs ECO-AFL/FL [mg/m^3]
# name 7 = upoly0: Upoly 0, Turbidity
# name 8 = flag:  0.000e+00
# span 0 =          1,       4697       
# span 1 =      0.749,     19.037       
# span 2 =     7.9937,    15.4890       
# span 3 =   2.901777,   3.455814       
# span 4 =     0.5983,     2.9333       
# span 5 =     0.6122,     2.6359       
# span 6 =     0.0038,     0.0258       
# span 7 =  0.0890841,  0.1655471       
# span 8 = 0.0000e+00, 0.0000e+00       
# interval = seconds: 0.0416667
# start_time = Sep 23 2021 09:07:02 [NMEA time, header]
# bad_flag = -9.990e-29
*END*
[from data line 4001]
       4002      8.963    15.2805   2.999675     2.7050     2.6138     0.0051  0.1534833 0.0000e+00
       4003      8.985    15.2808   2.999725     2.7045     2.6135     0.0051  0.1534889 0.0000e+00
       4004      9.006    15.2809   2.999779     2.7041     2.6133     0.0051  0.1534937 0.0000e+00
       4005      9.028    15.2808   2.999837     2.7036     2.6130     0.0051  0.1534969 0.0000e+00
       4006      9.049    15.2809   2.999901     2.7031     2.6127     0.0051  0.1534977 0.0000e+00
       4007      9.071    15.2816   2.999973     2.7026     2.6124     0.0051  0.1534961 0.0000e+00
       4008      9.092    15.2824   3.000053     2.7021     2.6122     0.0051  0.1534921 0.0000e+00
       4009      9.114    15.2830   3.000140     2.7017     2.6119     0.0051  0.1534865 0.0000e+00
       4010      9.135    15.2836   3.000233     2.7012     2.6116     0.0051  0.1534802 0.0000e+00
       4011      9.156    15.2842   3.000335     2.7007     2.6114     0.0051  0.1534730 0.0000e+00
       4012      9.178    15.2847   3.000444     2.7002     2.6111     0.0051  0.1534666 0.0000e+00
       4013      9.199    15.2850   3.000560     2.6998     2.6109     0.0051  0.1534627 0.0000e+00
       4014      9.221    15.2852   3.000684     2.6993     2.6107     0.0051  0.1534605 0.0000e+00
       4015      9.242    15.2854   3.000818     2.6989     2.6104     0.0051  0.1534598 0.0000e+00
       4016      9.264    15.2855   3.000964     2.6984     2.6102     0.0051  0.1534615 0.0000e+00
       4017      9.285    15.2854   3.001121     2.6980     2.6100     0.0051  0.1534649 0.0000e+00
       4018      9.307    15.2853   3.001292     2.6975     2.6098     0.0051  0.1534690 0.0000e+00
       4019      9.328    15.2852   3.001477     2.6971     2.6096     0.0051  0.1534739 0.0000e+00
       4020      9.350    15.2857   3.001679     2.6966     2.6094     0.0051  0.1534797 0.0000e+00
       4021      9.371    15.2872   3.001905     2.6962     2.6092     0.0051  0.1534871 0.0000e+00
       4022      9.393    15.2892   3.002154     2.6957     2.6090     0.0051  0.1534972 0.0000e+00
       4023      9.414    15.2912   3.002430     2.6953     2.6088     0.0051  0.1535092 0.0000e+00
       4024      9.436    15.2933   3.002734     2.6948     2.6086     0.0051  0.1535222 0.0000e+00
       4025      9.457    15.2954   3.003067     2.6944     2.6084     0.0051  0.1535364 0.0000e+00
       4026      9.479    15.2976   3.003427     2.6939     2.6082     0.0051  0.1535519 0.0000e+00
       4027      9.501    15.2999   3.003812     2.6935     2.6081     0.0051  0.1535687 0.0000e+00
       4028      9.522    15.3022   3.004215     2.6931     2.6079     0.0051  0.1535879 0.0000e+00
       4029      9.544    15.3043   3.004632     2.6927     2.6078     0.0051  0.1536104 0.0000e+00
       4030      9.566    15.3063   3.005060     2.6923     2.6076     0.0051  0.1536355 0.0000e+00
       4031      9.587    15.3083   3.005502     2.6919     2.6075     0.0051  0.1536634 0.0000e+00
       4032      9.609    15.3104   3.005961     2.6915     2.6074     0.0051  0.1536952 0.0000e+00
       4033      9.630    15.3125   3.006442     2.6910     2.6073     0.0051  0.1537303 0.0000e+00
       4034      9.651    15.3145   3.006948     2.6906     2.6072     0.0051  0.1537679 0.0000e+00
       4035      9.673    15.3165   3.007485     2.6902     2.6071     0.0051  0.1538084 0.0000e+00
       4036      9.694    15.3185   3.008056     2.6899     2.6070     0.0051  0.1538521 0.0000e+00
       4037      9.715    15.3204   3.008662     2.6895     2.6069     0.0053  0.1538967 0.0000e+00
       4038      9.737    15.3222   3.009306     2.6891     2.6068     0.0055  0.1539374 0.0000e+00
       4039      9.758    15.3240   3.009990     2.6887     2.6067     0.0053  0.1539720 0.0000e+00
       4040      9.780    15.3256   3.010716     2.6884     2.6067     0.0053  0.1540006 0.0000e+00
       4041      9.801    15.3272   3.011487     2.6881     2.6066     0.0053  0.1540236 0.0000e+00
       4042      9.822    15.3287   3.012304     2.6878     2.6065     0.0053  0.1540411 0.0000e+00
       4043      9.844    15.3302   3.013172     2.6874     2.6065     0.0055  0.1540531 0.0000e+00
       4044      9.865    15.3318   3.014099     2.6871     2.6065     0.0053  0.1540598 0.0000e+00
       4045      9.886    15.3334   3.015089     2.6868     2.6064     0.0053  0.1540621 0.0000e+00
       4046      9.908    15.3350   3.016143     2.6865     2.6064     0.0053  0.1540617 0.0000e+00
       4047      9.929    15.3365   3.017265     2.6862     2.6064     0.0053  0.1540585 0.0000e+00
       4048      9.951    15.3380   3.018461     2.6859     2.6064     0.0053  0.1540509 0.0000e+00
       4049      9.972    15.3395   3.019740     2.6856     2.6063     0.0053  0.1540388 0.0000e+00
       4050      9.994    15.3410   3.021110     2.6853     2.6063     0.0053  0.1540230 0.0000e+00
       4051     10.015    15.3425   3.022580     2.6850     2.6063     0.0053  0.1540033 0.0000e+00
       4052     10.037    15.3440   3.024161     2.6847     2.6062     0.0053  0.1539805 0.0000e+00
       4053     10.058    15.3455   3.025864     2.6845     2.6062     0.0053  0.1539544 0.0000e+00
       4054     10.079    15.3471   3.027700     2.6842     2.6062     0.0053  0.1539232 0.0000e+00
       4055     10.100    15.3487   3.029681     2.6839     2.6061     0.0055  0.1538857 0.0000e+00
       4056     10.122    15.3504   3.031820     2.6837     2.6061     0.0053  0.1538417 0.0000e+00
       4057     10.143    15.3521   3.034131     2.6834     2.6061     0.0053  0.1537909 0.0000e+00
       4058     10.164    15.3541   3.036632     2.6831     2.6061     0.0053  0.1537330 0.0000e+00
       4059     10.186    15.3568   3.039343     2.6828     2.6060     0.0053  0.1536683 0.0000e+00
       4060     10.207    15.3597   3.042280     2.6825     2.6060     0.0055  0.1535974 0.0000e+00
       4061     10.229    15.3628   3.045466     2.6822     2.6060     0.0053  0.1535188 0.0000e+00
       4062     10.250    15.3660   3.048920     2.6820     2.6060     0.0051  0.1534303 0.0000e+00
       4063     10.272    15.3693   3.052665     2.6817     2.6059     0.0051  0.1533296 0.0000e+00
       4064     10.293    15.3731   3.056724     2.6815     2.6059     0.0051  0.1532142 0.0000e+00
       4065     10.315    15.3774   3.061124     2.6812     2.6059     0.0051  0.1530818 0.0000e+00
       4066     10.336    15.3822   3.065888     2.6810     2.6059     0.0051  0.1529305 0.0000e+00
       4067     10.357    15.3873   3.071042     2.6807     2.6059     0.0051  0.1527601 0.0000e+00
       4068     10.379    15.3925   3.076604     2.6805     2.6058     0.0051  0.1525703 0.0000e+00
       4069     10.400    15.3981   3.082569     2.6803     2.6058     0.0051  0.1523589 0.0000e+00
       4070     10.422    15.4043   3.088908     2.6800     2.6058     0.0051  0.1521235 0.0000e+00
       4071     10.443    15.4106   3.095558     2.6797     2.6057     0.0051  0.1518627 0.0000e+00
       4072     10.465    15.4169   3.102425     2.6795     2.6057     0.0051  0.1515744 0.0000e+00
       4073     10.486    15.4232   3.109396     2.6792     2.6056     0.0051  0.1512568 0.0000e+00
       4074     10.507    15.4299   3.116362     2.6790     2.6056     0.0051  0.1509076 0.0000e+00
       4075     10.529    15.4365   3.123219     2.6787     2.6055     0.0051  0.1505244 0.0000e+00
       4076     10.550    15.4426   3.129875     2.6785     2.6054     0.0051  0.1501054 0.0000e+00
       4077     10.572    15.4482   3.136268     2.6782     2.6053     0.0051  0.1496485 0.0000e+00
       4078     10.593    15.4533   3.142363     2.6780     2.6052     0.0051  0.1491497 0.0000e+00
       4079     10.615    15.4578   3.148143     2.6778     2.6051     0.0051  0.1486047 0.0000e+00
       4080     10.636    15.4618   3.153598     2.6775     2.6050     0.0051  0.1480096 0.0000e+00
       4081     10.658    15.4651   3.158728     2.6772     2.6048     0.0051  0.1473603 0.0000e+00
       4082     10.679    15.4678   3.163533     2.6769     2.6047     0.0051  0.1466532 0.0000e+00
       4083     10.701    15.4703   3.168024     2.6765     2.6045     0.0051  0.1458842 0.0000e+00
       4084     10.723    15.4730   3.172223     2.6762     2.6043     0.0051  0.1450472 0.0000e+00
       4085     10.744    15.4755   3.176155     2.6759     2.6041     0.0051  0.1441353 0.0000e+00
       4086     10.766    15.4777   3.179843     2.6755     2.6039     0.0053  0.1431432 0.0000e+00
       4087     10.787    15.4796   3.183301     2.6752     2.6036     0.0051  0.1420749 0.0000e+00
       4088     10.809    15.4812   3.186544     2.6748     2.6033     0.0051  0.1409698 0.0000e+00
       4089     10.831    15.4826   3.189587     2.6744     2.6030     0.0049  0.1398941 0.0000e+00
       4090     10.852    15.4838   3.192451     2.6740     2.6027     0.0049  0.1388878 0.0000e+00
       4091     10.874    15.4847   3.195158     2.6735     2.6024     0.0051  0.1379533 0.0000e+00
       4092     10.896    15.4853   3.197727     2.6730     2.6020     0.0049  0.1370815 0.0000e+00
       4093     10.917    15.4860   3.200169     2.6725     2.6016     0.0049  0.1362639 0.0000e+00
       4094     10.939    15.4869   3.202484     2.6719     2.6011     0.0049  0.1354947 0.0000e+00
       4095     10.961    15.4877   3.204663     2.6714     2.6006     0.0049  0.1347694 0.0000e+00
       4096     10.982    15.4884   3.206697     2.6707     2.6000     0.0049  0.1340831 0.0000e+00
       4097     11.004    15.4888   3.208582     2.6701     2.5993     0.0049  0.1334317 0.0000e+00
       4098     11.026    15.4890   3.210315     2.6695     2.5986     0.0049  0.1328108 0.0000e+00
       4099     11.048    15.4890   3.211901     2.6688     2.5978     0.0049  0.1322151 0.0000e+00
       4100     11.069    15.4887   3.213346     2.6680     2.5969     0.0049  0.1316414 0.0000e+00
       4101     11.091    15.4881   3.214658     2.6672     2.5959     0.0049  0.1310865 0.0000e+00
       4102     11.113    15.4873   3.215846     2.6663     2.5948     0.0049  0.1305458 0.0000e+00
       4103     11.135    15.4863   3.216918     2.6654     2.5936     0.0049  0.1300137 0.0000e+00
       4104     11.157    15.4851   3.217886     2.6644     2.5922     0.0049  0.1294875 0.0000e+00
       4105     11.179    15.4837   3.218757     2.6634     2.5907     0.0049  0.1289659 0.0000e+00
       4106     11.201    15.4825   3.219543     2.6622     2.5891     0.0049  0.1284454 0.0000e+00
       4107     11.223    15.4815   3.220256     2.6609     2.5873     0.0049  0.1279215 0.0000e+00
       4108     11.244    15.4806   3.220916     2.6596     2.5854     0.0049  0.1273905 0.0000e+00
       4109     11.266    15.4794   3.221550     2.6582     2.5833     0.0049  0.1268489 0.0000e+00
       4110     11.288    15.4781   3.222185     2.6566     2.5810     0.0049  0.1262918 0.0000e+00
       4111     11.310    15.4766   3.222845     2.6550     2.5786     0.0049  0.1257147 0.0000e+00
       4112     11.332    15.4748   3.223551     2.6532     2.5760     0.0049  0.1251144 0.0000e+00
       4113     11.354    15.4729   3.224315     2.6513     2.5733     0.0049  0.1244968 0.0000e+00
       4114     11.376    15.4706   3.225148     2.6493     2.5704     0.0049  0.1238848 0.0000e+00
       4115     11.398    15.4681   3.226062     2.6472     2.5673     0.0049  0.1233023 0.0000e+00
       4116     11.420    15.4659   3.227070     2.6449     2.5640     0.0049  0.1227563 0.0000e+00
       4117     11.442    15.4646   3.228191     2.6425     2.5606     0.0049  0.1222419 0.0000e+00
       4118     11.464    15.4636   3.229433     2.6399     2.5570     0.0049  0.1217533 0.0000e+00
       4119     11.486    15.4624   3.230811     2.6372     2.5533     0.0049  0.1212860 0.0000e+00
       4120     11.509    15.4608   3.232341     2.6344     2.5494     0.0049  0.1208369 0.0000e+00
       4121     11.531    15.4590   3.234042     2.6315     2.5454     0.0057  0.1204019 0.0000e+00
       4122     11.553    15.4571   3.235933     2.6284     2.5412     0.0049  0.1199772 0.0000e+00
       4123     11.575    15.4556   3.238033     2.6251     2.5369     0.0049  0.1195608 0.0000e+00
       4124     11.597    15.4541   3.240350     2.6217     2.5325     0.0049  0.1191504 0.0000e+00
       4125     11.619    15.4522   3.242885     2.6181     2.5280     0.0049  0.1187434 0.0000e+00
       4126     11.641    15.4499   3.245621     2.6144     2.5233     0.0049  0.1183368 0.0000e+00
       4127     11.663    15.4474   3.248514     2.6106     2.5185     0.0049  0.1179278 0.0000e+00
       4128     11.685    15.4446   3.251504     2.6067     2.5137     0.0049  0.1175137 0.0000e+00
       4129     11.708    15.4418   3.254524     2.6027     2.5087     0.0049  0.1170914 0.0000e+00
       4130     11.730    15.4387   3.257521     2.5985     2.5037     0.0049  0.1166581 0.0000e+00
       4131     11.752    15.4355   3.260454     2.5941     2.4985     0.0049  0.1162108 0.0000e+00
       4132     11.775    15.4322   3.263301     2.5897     2.4933     0.0049  0.1157462 0.0000e+00
       4133     11.797    15.4288   3.266044     2.5852     2.4881     0.0049  0.1152613 0.0000e+00
       4134     11.819    15.4253   3.268678     2.5806     2.4828     0.0049  0.1147535 0.0000e+00
       4135     11.841    15.4217   3.271204     2.5759     2.4774     0.0049  0.1142201 0.0000e+00
       4136     11.863    15.4181   3.273630     2.5711     2.4720     0.0049  0.1136565 0.0000e+00
       4137     11.886    15.4146   3.275968     2.5662     2.4666     0.0049  0.1130580 0.0000e+00
       4138     11.908    15.4111   3.278222     2.5612     2.4611     0.0048  0.1124255 0.0000e+00
       4139     11.930    15.4074   3.280398     2.5561     2.4556     0.0042  0.1117783 0.0000e+00
       4140     11.952    15.4038   3.282496     2.5510     2.4501     0.0040  0.1111495 0.0000e+00
       4141     11.974    15.4010   3.284521     2.5459     2.4446     0.0040  0.1105583 0.0000e+00
       4142     11.997    15.3983   3.286470     2.5406     2.4391     0.0040  0.1100048 0.0000e+00
       4143     12.019    15.3954   3.288344     2.5353     2.4335     0.0040  0.1094845 0.0000e+00
       4144     12.041    15.3921   3.290150     2.5300     2.4280     0.0040  0.1089946 0.0000e+00
       4145     12.063    15.3886   3.291897     2.5247     2.4225     0.0040  0.1085315 0.0000e+00
       4146     12.085    15.3847   3.293592     2.5193     2.4169     0.0040  0.1080905 0.0000e+00
       4147     12.107    15.3806   3.295245     2.5139     2.4114     0.0040  0.1076675 0.0000e+00
       4148     12.130    15.3761   3.296864     2.5086     2.4059     0.0040  0.1072597 0.0000e+00
       4149     12.152    15.3715   3.298459     2.5031     2.4005     0.0040  0.1068642 0.0000e+00
       4150     12.174    15.3670   3.300042     2.4977     2.3950     0.0040  0.1064791 0.0000e+00
       4151     12.197    15.3622   3.301621     2.4922     2.3896     0.0040  0.1061034 0.0000e+00
       4152     12.219    15.3571   3.303199     2.4868     2.3841     0.0040  0.1057345 0.0000e+00
       4153     12.241    15.3516   3.304778     2.4814     2.3787     0.0040  0.1053682 0.0000e+00
       4154     12.263    15.3458   3.306353     2.4760     2.3734     0.0040  0.1050018 0.0000e+00
       4155     12.285    15.3396   3.307920     2.4706     2.3680     0.0040  0.1046346 0.0000e+00
       4156     12.307    15.3332   3.309475     2.4652     2.3627     0.0040  0.1042640 0.0000e+00
       4157     12.329    15.3266   3.311019     2.4598     2.3574     0.0040  0.1038866 0.0000e+00
       4158     12.351    15.3197   3.312555     2.4544     2.3521     0.0040  0.1034997 0.0000e+00
       4159     12.373    15.3125   3.314086     2.4490     2.3468     0.0040  0.1030998 0.0000e+00
       4160     12.395    15.3050   3.315619     2.4437     2.3415     0.0040  0.1026841 0.0000e+00
