code/data/2021/ctd_data_day3/station8H_ctm_fil.cnv
* Sea-Bird SBE 9 Data File:
* FileName = C:\Users\CTD-User\Desktop\MAR440\day3\station8H.hex
* Software Version Seasave V 7.26.2.13
* Temperature SN = 6313
* Conductivity SN = 4758
* Number of Bytes Per Scan = 37
* Number of Voltage Words = 4
* Number of Scans Averaged by the Deck Unit = 1
* NMEA Latitude = 58 19.26 N
* NMEA Longitude = 011 49.42 E
* NMEA UTC (Time) = Sep 23 2021 11:26:46
* NMEA baud rate = 4800
** Ship: Skagerrak
** Station: station8H
** Operator: Emma
# nquan = 9
# nvalues = 2851                        
# units = specified
# name 0 = scan: Scan Count
# name 1 = prDM: Pressure, Digiquartz [db]
# name 2 = t090C: Temperature [ITS-90, deg C]
# name 3 = c0S/m: Conductivity [S/m]
# name 4 = sbeox0V: Oxygen raw, SBE 43 [V]
# name 5 = sbeox1V: Oxygen raw, SBE 43, 2 [V]
# name 6 = flECO-AFL: Fluorescence, WET Labs ECO-AFL/FL [mg/m^3]
# name 7 = upoly0: Upoly 0, Turbidity
# name 8 = flag:  0.000e+00
# span 0 =          1,       2851       
# span 1 =      1.387,     23.022       
# span 2 =    13.0407,    15.3630       
# span 3 =   2.902068,   3.761010       
# span 4 =     1.1054,     2.7944       
# span 5 =     1.1407,     2.6911       
# span 6 =     0.0037,     0.0104       
# span 7 =  0.0895694,  0.1540266       
# span 8 = 0.0000e+00, 0.0000e+00       
# interval = seconds: 0.0416667
# start_time = Sep 23 2021 11:26:46 [NMEA time, header]
# bad_flag = -9.990e-29
*END*
[from data line 2721]
       2722     21.135    13.4793   3.624896     1.1423     1.1848     0.0042  0.0898026 0.0000e+00
       2723     21.150    13.4826   3.626116     1.1424     1.1849     0.0042  0.0898153 0.0000e+00
       2724     21.165    13.4858   3.627376     1.1424     1.1851     0.0042  0.0898276 0.0000e+00
       2725     21.180    13.4892   3.628679     1.1425     1.1852     0.0042  0.0898397 0.0000e+00
       2726     21.195    13.4926   3.630028     1.1426     1.1854     0.0042  0.0898517 0.0000e+00
       2727     21.210    13.4960   3.631428     1.1427     1.1855     0.0042  0.0898636 0.0000e+00
       2728     21.225    13.4996   3.632882     1.1427     1.1857     0.0042  0.0898755 0.0000e+00
       2729     21.240    13.5033   3.634393     1.1428     1.1858     0.0042  0.0898875 0.0000e+00
       2730     21.255    13.5070   3.635958     1.1429     1.1860     0.0042  0.0898996 0.0000e+00
       2731     21.271    13.5107   3.637575     1.1430     1.1861     0.0042  0.0899121 0.0000e+00
       2732     21.286    13.5145   3.639237     1.1431     1.1863     0.0042  0.0899248 0.0000e+00
       2733     21.301    13.5183   3.640937     1.1431     1.1864     0.0042  0.0899381 0.0000e+00
       2734     21.316    13.5222   3.642668     1.1432     1.1865     0.0042  0.0899518 0.0000e+00
       2735     21.331    13.5260   3.644427     1.1433     1.1867     0.0042  0.0899662 0.0000e+00
       2736     21.347    13.5299   3.646208     1.1434     1.1868     0.0042  0.0899813 0.0000e+00
       2737     21.362    13.5338   3.648007     1.1434     1.1870     0.0042  0.0899972 0.0000e+00
       2738     21.377    13.5377   3.649820     1.1435     1.1871     0.0042  0.0900140 0.0000e+00
       2739     21.392    13.5416   3.651642     1.1436     1.1872     0.0042  0.0900320 0.0000e+00
       2740     21.407    13.5455   3.653471     1.1437     1.1874     0.0046  0.0900511 0.0000e+00
       2741     21.422    13.5493   3.655304     1.1438     1.1875     0.0051  0.0900706 0.0000e+00
       2742     21.437    13.5531   3.657139     1.1438     1.1877     0.0055  0.0900891 0.0000e+00
       2743     21.453    13.5568   3.658973     1.1439     1.1878     0.0055  0.0901058 0.0000e+00
       2744     21.468    13.5606   3.660806     1.1440     1.1879     0.0055  0.0901207 0.0000e+00
       2745     21.483    13.5644   3.662637     1.1441     1.1881     0.0055  0.0901341 0.0000e+00
       2746     21.499    13.5682   3.664463     1.1441     1.1882     0.0055  0.0901459 0.0000e+00
       2747     21.514    13.5719   3.666283     1.1442     1.1883     0.0055  0.0901563 0.0000e+00
       2748     21.529    13.5757   3.668099     1.1443     1.1884     0.0055  0.0901646 0.0000e+00
       2749     21.544    13.5794   3.669913     1.1443     1.1886     0.0055  0.0901698 0.0000e+00
       2750     21.559    13.5830   3.671724     1.1444     1.1887     0.0055  0.0901729 0.0000e+00
       2751     21.575    13.5866   3.673536     1.1445     1.1888     0.0055  0.0901748 0.0000e+00
       2752     21.590    13.5901   3.675348     1.1445     1.1889     0.0055  0.0901755 0.0000e+00
       2753     21.606    13.5936   3.677163     1.1446     1.1890     0.0055  0.0901750 0.0000e+00
       2754     21.621    13.5970   3.678981     1.1446     1.1892     0.0055  0.0901732 0.0000e+00
       2755     21.637    13.6004   3.680809     1.1447     1.1893     0.0055  0.0901702 0.0000e+00
       2756     21.652    13.6037   3.682649     1.1448     1.1894     0.0055  0.0901660 0.0000e+00
       2757     21.668    13.6070   3.684503     1.1448     1.1895     0.0055  0.0901604 0.0000e+00
       2758     21.683    13.6103   3.686372     1.1448     1.1895     0.0053  0.0901536 0.0000e+00
       2759     21.699    13.6135   3.688252     1.1449     1.1896     0.0055  0.0901454 0.0000e+00
       2760     21.714    13.6167   3.690137     1.1449     1.1897     0.0055  0.0901357 0.0000e+00
       2761     21.730    13.6198   3.692018     1.1449     1.1898     0.0055  0.0901246 0.0000e+00
       2762     21.746    13.6229   3.693889     1.1450     1.1898     0.0055  0.0901119 0.0000e+00
       2763     21.762    13.6260   3.695745     1.1450     1.1899     0.0055  0.0900975 0.0000e+00
       2764     21.778    13.6289   3.697582     1.1450     1.1899     0.0055  0.0900814 0.0000e+00
       2765     21.794    13.6319   3.699399     1.1450     1.1900     0.0055  0.0900633 0.0000e+00
       2766     21.810    13.6347   3.701197     1.1450     1.1900     0.0060  0.0900442 0.0000e+00
       2767     21.826    13.6375   3.702972     1.1450     1.1900     0.0064  0.0900255 0.0000e+00
       2768     21.842    13.6401   3.704721     1.1450     1.1900     0.0064  0.0900079 0.0000e+00
       2769     21.859    13.6427   3.706442     1.1450     1.1900     0.0064  0.0899913 0.0000e+00
       2770     21.875    13.6451   3.708134     1.1450     1.1900     0.0064  0.0899756 0.0000e+00
       2771     21.892    13.6474   3.709792     1.1450     1.1899     0.0064  0.0899607 0.0000e+00
       2772     21.908    13.6495   3.711409     1.1449     1.1899     0.0064  0.0899465 0.0000e+00
       2773     21.925    13.6514   3.712979     1.1449     1.1898     0.0064  0.0899329 0.0000e+00
       2774     21.941    13.6532   3.714495     1.1448     1.1897     0.0064  0.0899198 0.0000e+00
       2775     21.958    13.6547   3.715950     1.1447     1.1896     0.0064  0.0899070 0.0000e+00
       2776     21.975    13.6559   3.717334     1.1447     1.1895     0.0064  0.0898946 0.0000e+00
       2777     21.992    13.6568   3.718636     1.1446     1.1893     0.0064  0.0898824 0.0000e+00
       2778     22.008    13.6574   3.719851     1.1445     1.1892     0.0064  0.0898704 0.0000e+00
       2779     22.025    13.6576   3.720978     1.1443     1.1890     0.0064  0.0898584 0.0000e+00
       2780     22.042    13.6575   3.722018     1.1442     1.1888     0.0064  0.0898464 0.0000e+00
       2781     22.059    13.6570   3.722972     1.1441     1.1886     0.0064  0.0898343 0.0000e+00
       2782     22.075    13.6561   3.723840     1.1439     1.1884     0.0064  0.0898220 0.0000e+00
       2783     22.092    13.6548   3.724624     1.1437     1.1881     0.0064  0.0898094 0.0000e+00
       2784     22.109    13.6531   3.725328     1.1435     1.1878     0.0064  0.0897964 0.0000e+00
       2785     22.126    13.6510   3.725952     1.1433     1.1875     0.0064  0.0897830 0.0000e+00
       2786     22.143    13.6485   3.726504     1.1431     1.1872     0.0064  0.0897691 0.0000e+00
       2787     22.161    13.6456   3.726987     1.1428     1.1868     0.0064  0.0897545 0.0000e+00
       2788     22.178    13.6425   3.727411     1.1426     1.1865     0.0064  0.0897391 0.0000e+00
       2789     22.195    13.6392   3.727787     1.1423     1.1861     0.0064  0.0897229 0.0000e+00
       2790     22.212    13.6357   3.728126     1.1420     1.1857     0.0064  0.0897057 0.0000e+00
       2791     22.229    13.6323   3.728443     1.1417     1.1852     0.0064  0.0896875 0.0000e+00
       2792     22.246    13.6289   3.728748     1.1414     1.1848     0.0068  0.0896688 0.0000e+00
       2793     22.263    13.6255   3.729047     1.1410     1.1843     0.0070  0.0896514 0.0000e+00
       2794     22.280    13.6222   3.729346     1.1406     1.1838     0.0070  0.0896359 0.0000e+00
       2795     22.297    13.6189   3.729650     1.1402     1.1833     0.0070  0.0896222 0.0000e+00
       2796     22.314    13.6156   3.729961     1.1398     1.1827     0.0070  0.0896103 0.0000e+00
       2797     22.331    13.6123   3.730283     1.1394     1.1822     0.0070  0.0896000 0.0000e+00
       2798     22.348    13.6090   3.730618     1.1389     1.1816     0.0070  0.0895913 0.0000e+00
       2799     22.366    13.6057   3.730970     1.1385     1.1810     0.0068  0.0895841 0.0000e+00
       2800     22.383    13.6025   3.731342     1.1380     1.1804     0.0070  0.0895784 0.0000e+00
       2801     22.400    13.5992   3.731738     1.1375     1.1797     0.0070  0.0895741 0.0000e+00
       2802     22.416    13.5960   3.732159     1.1369     1.1790     0.0070  0.0895711 0.0000e+00
       2803     22.433    13.5928   3.732610     1.1364     1.1783     0.0070  0.0895696 0.0000e+00
       2804     22.450    13.5895   3.733092     1.1358     1.1776     0.0070  0.0895694 0.0000e+00
       2805     22.467    13.5862   3.733607     1.1353     1.1769     0.0070  0.0895706 0.0000e+00
       2806     22.485    13.5828   3.734160     1.1347     1.1762     0.0070  0.0895731 0.0000e+00
       2807     22.502    13.5793   3.734753     1.1341     1.1754     0.0070  0.0895771 0.0000e+00
       2808     22.518    13.5757   3.735390     1.1334     1.1746     0.0068  0.0895824 0.0000e+00
       2809     22.535    13.5720   3.736075     1.1328     1.1738     0.0070  0.0895892 0.0000e+00
       2810     22.552    13.5681   3.736812     1.1321     1.1730     0.0070  0.0895976 0.0000e+00
       2811     22.569    13.5642   3.737601     1.1315     1.1722     0.0070  0.0896074 0.0000e+00
       2812     22.586    13.5601   3.738437     1.1308     1.1713     0.0070  0.0896189 0.0000e+00
       2813     22.603    13.5560   3.739312     1.1301     1.1705     0.0070  0.0896321 0.0000e+00
       2814     22.619    13.5517   3.740216     1.1294     1.1696     0.0070  0.0896471 0.0000e+00
       2815     22.636    13.5474   3.741140     1.1286     1.1688     0.0070  0.0896640 0.0000e+00
       2816     22.652    13.5429   3.742075     1.1279     1.1679     0.0070  0.0896829 0.0000e+00
       2817     22.668    13.5384   3.743012     1.1271     1.1670     0.0075  0.0897031 0.0000e+00
       2818     22.685    13.5337   3.743943     1.1264     1.1661     0.0079  0.0897231 0.0000e+00
       2819     22.701    13.5288   3.744861     1.1257     1.1652     0.0081  0.0897421 0.0000e+00
       2820     22.716    13.5238   3.745763     1.1249     1.1643     0.0081  0.0897603 0.0000e+00
       2821     22.732    13.5186   3.746646     1.1241     1.1634     0.0081  0.0897777 0.0000e+00
       2822     22.748    13.5132   3.747506     1.1234     1.1625     0.0081  0.0897946 0.0000e+00
       2823     22.763    13.5076   3.748343     1.1226     1.1616     0.0081  0.0898110 0.0000e+00
       2824     22.778    13.5018   3.749155     1.1218     1.1607     0.0081  0.0898271 0.0000e+00
       2825     22.793    13.4958   3.749943     1.1211     1.1597     0.0081  0.0898429 0.0000e+00
       2826     22.808    13.4895   3.750706     1.1203     1.1588     0.0081  0.0898586 0.0000e+00
       2827     22.822    13.4830   3.751443     1.1195     1.1579     0.0081  0.0898742 0.0000e+00
       2828     22.836    13.4763   3.752153     1.1188     1.1569     0.0081  0.0898899 0.0000e+00
       2829     22.850    13.4692   3.752838     1.1180     1.1560     0.0081  0.0899059 0.0000e+00
       2830     22.864    13.4619   3.753500     1.1172     1.1551     0.0081  0.0899221 0.0000e+00
       2831     22.877    13.4542   3.754139     1.1164     1.1541     0.0081  0.0899388 0.0000e+00
       2832     22.890    13.4462   3.754755     1.1157     1.1532     0.0081  0.0899560 0.0000e+00
       2833     22.903    13.4380   3.755347     1.1149     1.1522     0.0081  0.0899738 0.0000e+00
       2834     22.915    13.4296   3.755912     1.1142     1.1513     0.0081  0.0899924 0.0000e+00
       2835     22.927    13.4210   3.756449     1.1134     1.1504     0.0081  0.0900119 0.0000e+00
       2836     22.938    13.4123   3.756959     1.1127     1.1495     0.0081  0.0900325 0.0000e+00
       2837     22.948    13.4036   3.757442     1.1119     1.1486     0.0081  0.0900543 0.0000e+00
       2838     22.958    13.3949   3.757899     1.1112     1.1477     0.0079  0.0900774 0.0000e+00
       2839     22.968    13.3861   3.758330     1.1105     1.1469     0.0081  0.0901020 0.0000e+00
       2840     22.977    13.3775   3.758738     1.1099     1.1461     0.0081  0.0901282 0.0000e+00
       2841     22.984    13.3693   3.759120     1.1092     1.1453     0.0081  0.0901563 0.0000e+00
       2842     22.991    13.3615   3.759473     1.1086     1.1445     0.0084  0.0901865 0.0000e+00
       2843     22.998    13.3544   3.759795     1.1080     1.1438     0.0099  0.0902172 0.0000e+00
       2844     23.003    13.3482   3.760081     1.1075     1.1432     0.0104  0.0902453 0.0000e+00
       2845     23.008    13.3428   3.760329     1.1070     1.1426     0.0104  0.0902693 0.0000e+00
       2846     23.012    13.3382   3.760538     1.1066     1.1420     0.0104  0.0902893 0.0000e+00
       2847     23.016    13.3344   3.760709     1.1062     1.1416     0.0104  0.0903054 0.0000e+00
       2848     23.018    13.3314   3.760841     1.1058     1.1412     0.0104  0.0903179 0.0000e+00
       2849     23.020    13.3293   3.760935     1.1056     1.1409     0.0104  0.0903268 0.0000e+00
       2850     23.022    13.3280   3.760991     1.1055     1.1408     0.0104  0.0903320 0.0000e+00
       2851     23.022    13.3276   3.761010     1.1054     1.1407     0.0102  0.0903338 0.0000e+00
