code/data/2021/ctd_data_day3/station1a_ctm_fil_le_der_avg.cnv
* Sea-Bird SBE 9 Data File:
* FileName = C:\Users\CTD-User\Desktop\MAR440\day3\station1a.hex
* Software Version Seasave V 7.26.2.13
* Temperature SN = 6313
* Conductivity SN = 4758
* Number of Bytes Per Scan = 37
* Number of Voltage Words = 4
* Number of Scans Averaged by the Deck Unit = 1
* NMEA Latitude = 58 20.46 N
* NMEA Longitude = 011 53.94 E
* NMEA UTC (Time) = Sep 23 2021 08:23:54
* NMEA baud rate = 4800
** Ship: Skagerrak
** Station: station1a
** Operator: Jess
# nquan = 13
# nvalues = 33                          
# units = specified
# name 0 = scan: Scan Count
# name 1 = prDM: Pressure, Digiquartz [db]
# name 2 = t090C: Temperature [ITS-90, deg C]
# name 3 = c0S/m: Conductivity [S/m]
# name 4 = sbeox0V: Oxygen raw, SBE 43 [V]
# name 5 = sbeox1V: Oxygen raw, SBE 43, 2 [V]
# name 6 = flECO-AFL: Fluorescence, WET Labs ECO-AFL/FL [mg/m^3]
# name 7 = upoly0: Upoly 0, Turbidity
# name 8 = depSM: Depth [salt water, m], lat = 58.341
# name 9 = sal00: Salinity, Practical [PSU]
# name 10 = sbeox0ML/L: Oxygen, SBE 43 [ml/l], WS = 2
# name 11 = sbeox1ML/L: Oxygen, SBE 43, 2 [ml/l], WS = 2
# name 12 = flag: flag
# span 0 =        853,       2990       
# span 1 =      1.010,     33.312       
# span 2 =     7.9835,    15.3555       
# span 3 =   2.844425,   3.449011       
# span 4 =     0.4951,     2.8592       
# span 5 =     0.5547,     2.7351       
# span 6 =     0.0037,     0.0149       
# span 7 =  0.0887199,  0.2284553       
# span 8 =      1.000,     33.000       
# span 9 =    22.3240,    32.0824       
# span 10 =    -0.0673,     7.0307      
# span 11 =     0.2259,     5.8366      
# span 12 = 0.0000e+00, 0.0000e+00      
# interval = meters: 1                  
# start_time = Sep 23 2021 08:23:54 [NMEA time, header]
# bad_flag = -9.990e-29
*END*
        853      1.010    14.8317   2.872898     2.8439     2.7311     0.0063  0.2284553      1.000    22.5223     6.9930     5.8134 0.0000e+00
        920      2.019    14.7480   2.844425     2.8476     2.7321     0.0065  0.2249259      2.000    22.3240     7.0143     5.8284 0.0000e+00
        980      3.028    14.7699   2.852194     2.8500     2.7346     0.0063  0.2222737      3.000    22.3783     7.0300     5.8366 0.0000e+00
       1041      4.038    14.8489   2.879812     2.8585     2.7351     0.0058  0.2055491      4.000    22.5710     7.0307     5.8112 0.0000e+00
       1115      5.047    14.8889   2.895727     2.8592     2.7298     0.0055  0.1914361      5.000    22.6849     7.0047     5.7852 0.0000e+00
       1185      6.056    14.9362   2.908030     2.8551     2.7274     0.0055  0.1881479      6.000    22.7633     6.9854     5.7798 0.0000e+00
       1255      7.066    14.9983   2.922199     2.8486     2.7230     0.0053  0.1860174      7.000    22.8490     6.9340     5.7441 0.0000e+00
       1327      8.075    14.9858   2.920477     2.8337     2.7140     0.0050  0.1839896      8.000    22.8412     6.8953     5.7356 0.0000e+00
       1402      9.085    14.9956   2.922362     2.8283     2.7206     0.0051  0.1829678      9.000    22.8514     6.9004     5.7699 0.0000e+00
       1559     10.094    15.2232   2.984934     2.7762     2.6767     0.0050  0.1631180     10.000    23.2547     6.6926     5.5879 0.0000e+00
       1880     11.103    15.3555   3.227409     2.5941     2.4806     0.0054  0.1292339     11.000    25.2667     5.8797     4.8360 0.0000e+00
       1921     12.113    14.5662   3.329525     2.4145     2.2919     0.0045  0.0991998     12.000    26.6834     4.7105     3.9050 0.0000e+00
       1968     13.122    13.2280   3.351504     2.0616     1.9542     0.0054  0.0933386     13.000    27.8280     3.5034     2.9582 0.0000e+00
       2014     14.132    12.3932   3.384454     1.7218     1.6331     0.0043  0.0923037     14.000    28.7582     2.6202     2.2460 0.0000e+00
       2059     15.141    11.9103   3.449011     1.4573     1.3900     0.0039  0.0905684     15.000    29.7467     2.1141     1.8572 0.0000e+00
       2105     16.151    11.4576   3.446283     1.2835     1.2389     0.0037  0.0889442     16.000    30.0841     1.8825     1.6983 0.0000e+00
       2151     17.160    10.5615   3.385044     1.1714     1.1443     0.0037  0.0887199     17.000    30.2192     1.6947     1.5545 0.0000e+00
       2198     18.170     9.4653   3.310180     1.0713     1.0486     0.0041  0.0898017     18.000    30.3864     1.3122     1.1931 0.0000e+00
       2243     19.179     8.5304   3.254369     0.9315     0.9010     0.0045  0.0957748     19.000    30.6128     0.6907     0.6506 0.0000e+00
       2288     20.189     8.0630   3.230604     0.7872     0.7591     0.0058  0.1148332     20.000    30.7710     0.3393     0.4028 0.0000e+00
       2333     21.198     7.9835   3.235522     0.6910     0.6765     0.0089  0.1557752     21.000    30.8924     0.2507     0.3692 0.0000e+00
       2379     22.208     8.0143   3.247891     0.6341     0.6342     0.0135  0.2057416     22.000    30.9955     0.1984     0.3527 0.0000e+00
       2425     23.217     8.0602   3.260121     0.5986     0.6115     0.0149  0.2244251     23.000    31.0836     0.1482     0.3359 0.0000e+00
       2471     24.227     8.1399   3.279260     0.5741     0.5983     0.0125  0.1927132     24.000    31.2143     0.1054     0.3200 0.0000e+00
       2516     25.236     8.2320   3.300343     0.5567     0.5893     0.0101  0.1453308     25.000    31.3539     0.0713     0.3040 0.0000e+00
       2563     26.246     8.3348   3.323955     0.5428     0.5824     0.0103  0.1236004     26.000    31.5100     0.0406     0.2905 0.0000e+00
       2616     27.255     8.4124   3.342502     0.5307     0.5765     0.0101  0.1136007     27.000    31.6347     0.0149     0.2786 0.0000e+00
       2675     28.265     8.4864   3.359862     0.5208     0.5714     0.0093  0.1114807     28.000    31.7498    -0.0072     0.2663 0.0000e+00
       2734     29.274     8.5545   3.375003     0.5133     0.5672     0.0085  0.1109234     29.000    31.8467    -0.0247     0.2562 0.0000e+00
       2793     30.284     8.6150   3.388711     0.5076     0.5636     0.0073  0.1116225     30.000    31.9350    -0.0386     0.2469 0.0000e+00
       2854     31.293     8.6559   3.398898     0.5026     0.5604     0.0062  0.1124921     31.000    32.0040    -0.0517     0.2392 0.0000e+00
       2922     32.303     8.6826   3.405788     0.4985     0.5574     0.0053  0.1129939     32.000    32.0514    -0.0619     0.2319 0.0000e+00
       2990     33.312     8.6999   3.410308     0.4951     0.5547     0.0048  0.1137612     33.000    32.0824    -0.0673     0.2259 0.0000e+00
