code/data/2021/ctd_data_day3/station6f.cnv
* Sea-Bird SBE 9 Data File:
* FileName = C:\Users\CTD-User\Desktop\MAR440\day3\station6f.hex
* Software Version Seasave V 7.26.2.13
* Temperature SN = 6313
* Conductivity SN = 4758
* Number of Bytes Per Scan = 37
* Number of Voltage Words = 4
* Number of Scans Averaged by the Deck Unit = 1
* NMEA Latitude = 58 18.97 N
* NMEA Longitude = 011 48.24 E
* NMEA UTC (Time) = Sep 23 2021 10:37:53
* NMEA baud rate = 4800
** Ship: Skagerrak
** Station: station6f
** Operator: Tor
# nquan = 9
# nvalues = 2508                                  
# units = specified
# name 0 = scan: Scan Count
# name 1 = prDM: Pressure, Digiquartz [db]
# name 2 = t090C: Temperature [ITS-90, deg C]
# name 3 = c0S/m: Conductivity [S/m]
# name 4 = sbeox0V: Oxygen raw, SBE 43 [V]
# name 5 = sbeox1V: Oxygen raw, SBE 43, 2 [V]
# name 6 = flECO-AFL: Fluorescence, WET Labs ECO-AFL/FL [mg/m^3]
# name 7 = upoly0: Upoly 0, Turbidity
# name 8 = flag:  0.000e+00
# span 0 =          1,       2508                 
# span 1 =      0.694,     27.246                 
# span 2 =     8.7731,    15.8238                 
# span 3 =   2.898285,   3.796493                 
# span 4 =     1.0194,     2.7814                 
# span 5 =     1.0328,     2.6996                 
# span 6 =     0.0035,     0.0218                 
# span 7 =  0.0864432,  0.1616569                 
# span 8 = 0.0000e+00, 0.0000e+00                 
# interval = seconds: 0.0416667
# start_time = Sep 23 2021 10:37:53 [NMEA time, header]
# bad_flag = -9.990e-29
*END*
[from data line 321]
        322      4.278    14.7542   2.900422     2.2112     2.0806     0.0154  0.1445629  0.000e+00
        323      4.245    14.7568   2.900483     2.2100     2.0806     0.0156  0.1445629  0.000e+00
        324      4.220    14.7585   2.900581     2.2088     2.0794     0.0156  0.1445629  0.000e+00
        325      4.245    14.7603   2.900565     2.2088     2.0782     0.0156  0.1445629  0.000e+00
        326      4.187    14.7620   2.900532     2.2076     2.0782     0.0163  0.1450513  0.000e+00
        327      4.154    14.7640   2.900444     2.2063     2.0782     0.0168  0.1455397  0.000e+00
        328      4.121    14.7654   2.900537     2.2063     2.0769     0.0168  0.1455397  0.000e+00
        329      4.154    14.7666   2.900581     2.2051     2.0757     0.0168  0.1455397  0.000e+00
        330      4.063    14.7672   2.900641     2.2039     2.0757     0.0168  0.1455397  0.000e+00
        331      4.121    14.7679   2.900619     2.2027     2.0745     0.0168  0.1455397  0.000e+00
        332      4.039    14.7686   2.900482     2.2015     2.0745     0.0168  0.1455397  0.000e+00
        333      4.063    14.7698   2.900526     2.2015     2.0733     0.0168  0.1455397  0.000e+00
        334      3.973    14.7703   2.900636     2.2002     2.0733     0.0168  0.1455397  0.000e+00
        335      3.997    14.7703   2.900784     2.2002     2.0720     0.0168  0.1455397  0.000e+00
        336      3.973    14.7703   2.900658     2.1978     2.0720     0.0168  0.1455397  0.000e+00
        337      3.997    14.7701   2.900504     2.1966     2.0708     0.0168  0.1455397  0.000e+00
        338      3.882    14.7694   2.900488     2.1966     2.0708     0.0168  0.1455397  0.000e+00
        339      3.915    14.7691   2.900685     2.1966     2.0696     0.0168  0.1455397  0.000e+00
        340      3.882    14.7683   2.900822     2.1954     2.0684     0.0168  0.1455397  0.000e+00
        341      3.915    14.7679   2.900849     2.1941     2.0684     0.0168  0.1455397  0.000e+00
        342      3.816    14.7674   2.900603     2.1941     2.0672     0.0168  0.1455397  0.000e+00
        343      3.849    14.7662   2.900608     2.1917     2.0672     0.0168  0.1455397  0.000e+00
        344      3.758    14.7647   2.900690     2.1917     2.0659     0.0168  0.1455397  0.000e+00
        345      3.816    14.7637   2.900926     2.1905     2.0659     0.0168  0.1455397  0.000e+00
        346      3.734    14.7625   2.900926     2.1893     2.0647     0.0168  0.1455397  0.000e+00
        347      3.758    14.7612   2.900680     2.1880     2.0635     0.0168  0.1455397  0.000e+00
        348      3.668    14.7598   2.900625     2.1880     2.0635     0.0163  0.1455397  0.000e+00
        349      3.692    14.7585   2.900652     2.1868     2.0623     0.0168  0.1455397  0.000e+00
        350      3.668    14.7580   2.900893     2.1844     2.0623     0.0168  0.1455397  0.000e+00
        351      3.692    14.7573   2.900921     2.1844     2.0611     0.0168  0.1460281  0.000e+00
        352      3.635    14.7565   2.900756     2.1831     2.0598     0.0170  0.1465165  0.000e+00
        353      3.544    14.7559   2.900691     2.1819     2.0598     0.0170  0.1465165  0.000e+00
        354      3.577    14.7553   2.900603     2.1819     2.0586     0.0170  0.1465165  0.000e+00
        355      3.610    14.7548   2.900789     2.1807     2.0586     0.0170  0.1465165  0.000e+00
        356      3.511    14.7541   2.900992     2.1795     2.0586     0.0170  0.1465165  0.000e+00
        357      3.544    14.7538   2.900893     2.1783     2.0574     0.0170  0.1465165  0.000e+00
        358      3.453    14.7538   2.900849     2.1783     2.0562     0.0170  0.1465165  0.000e+00
        359      3.486    14.7532   2.900767     2.1770     2.0562     0.0170  0.1465165  0.000e+00
        360      3.453    14.7527   2.900888     2.1758     2.0550     0.0170  0.1465165  0.000e+00
        361      3.453    14.7522   2.900910     2.1746     2.0537     0.0170  0.1465165  0.000e+00
        362      3.420    14.7513   2.900904     2.1734     2.0537     0.0170  0.1460281  0.000e+00
        363      3.387    14.7507   2.900822     2.1734     2.0525     0.0170  0.1465165  0.000e+00
        364      3.363    14.7504   2.900855     2.1722     2.0525     0.0170  0.1465165  0.000e+00
        365      3.330    14.7497   2.900882     2.1709     2.0513     0.0170  0.1465165  0.000e+00
        366      3.363    14.7492   2.901003     2.1697     2.0501     0.0170  0.1465165  0.000e+00
        367      3.264    14.7485   2.900975     2.1697     2.0501     0.0170  0.1465165  0.000e+00
        368      3.330    14.7480   2.900877     2.1685     2.0488     0.0170  0.1465165  0.000e+00
        369      3.239    14.7479   2.900827     2.1685     2.0488     0.0170  0.1465165  0.000e+00
        370      3.264    14.7477   2.900888     2.1661     2.0476     0.0170  0.1465165  0.000e+00
        371      3.239    14.7473   2.901129     2.1648     2.0476     0.0170  0.1465165  0.000e+00
        372      3.206    14.7467   2.901057     2.1648     2.0464     0.0170  0.1465165  0.000e+00
        373      3.181    14.7463   2.900910     2.1636     2.0452     0.0170  0.1465165  0.000e+00
        374      3.206    14.7455   2.900937     2.1624     2.0452     0.0170  0.1465165  0.000e+00
        375      3.181    14.7453   2.901063     2.1624     2.0440     0.0170  0.1465165  0.000e+00
        376      3.206    14.7451   2.901216     2.1612     2.0427     0.0170  0.1465165  0.000e+00
        377      3.148    14.7452   2.901134     2.1599     2.0427     0.0170  0.1470049  0.000e+00
        378      3.181    14.7449   2.901030     2.1587     2.0427     0.0170  0.1474933  0.000e+00
        379      3.148    14.7445   2.901074     2.1587     2.0415     0.0170  0.1474933  0.000e+00
        380      3.058    14.7447   2.901304     2.1575     2.0403     0.0170  0.1474933  0.000e+00
        381      3.148    14.7446   2.901386     2.1563     2.0403     0.0170  0.1474933  0.000e+00
        382      3.115    14.7445   2.901271     2.1563     2.0391     0.0170  0.1474933  0.000e+00
        383      3.148    14.7449   2.901249     2.1551     2.0379     0.0170  0.1474933  0.000e+00
        384      3.115    14.7451   2.901337     2.1538     2.0379     0.0170  0.1474933  0.000e+00
        385      3.082    14.7452   2.901490     2.1538     2.0366     0.0170  0.1474933  0.000e+00
        386      3.082    14.7456   2.901611     2.1526     2.0354     0.0170  0.1474933  0.000e+00
        387      3.058    14.7460   2.901512     2.1526     2.0354     0.0170  0.1474933  0.000e+00
        388      3.082    14.7460   2.901370     2.1502     2.0342     0.0170  0.1474933  0.000e+00
        389      3.115    14.7470   2.901523     2.1502     2.0330     0.0170  0.1474933  0.000e+00
        390      3.082    14.7475   2.901687     2.1490     2.0318     0.0170  0.1474933  0.000e+00
        391      3.115    14.7480   2.901676     2.1490     2.0318     0.0170  0.1474933  0.000e+00
        392      3.082    14.7488   2.901622     2.1477     2.0305     0.0170  0.1474933  0.000e+00
        393      3.058    14.7490   2.901589     2.1465     2.0293     0.0170  0.1474933  0.000e+00
        394      3.148    14.7494   2.901808     2.1453     2.0293     0.0170  0.1474933  0.000e+00
        395      3.148    14.7498   2.902021     2.1453     2.0281     0.0170  0.1474933  0.000e+00
        396      3.058    14.7497   2.901972     2.1441     2.0281     0.0170  0.1474933  0.000e+00
        397      3.082    14.7497   2.901895     2.1429     2.0269     0.0170  0.1474933  0.000e+00
        398      3.115    14.7501   2.902027     2.1429     2.0256     0.0170  0.1474933  0.000e+00
        399      3.082    14.7501   2.902356     2.1429     2.0256     0.0170  0.1474933  0.000e+00
        400      3.115    14.7500   2.902432     2.1416     2.0244     0.0170  0.1474933  0.000e+00
        401      3.082    14.7501   2.902427     2.1404     2.0244     0.0170  0.1474933  0.000e+00
        402      3.082    14.7507   2.902405     2.1404     2.0244     0.0170  0.1474933  0.000e+00
        403      3.115    14.7509   2.902783     2.1404     2.0244     0.0170  0.1479817  0.000e+00
        404      3.148    14.7514   2.902914     2.1404     2.0244     0.0170  0.1479817  0.000e+00
        405      3.058    14.7539   2.902668     2.1392     2.0232     0.0170  0.1479817  0.000e+00
        406      3.148    14.7574   2.902651     2.1392     2.0232     0.0176  0.1479817  0.000e+00
        407      3.115    14.7578   2.902996     2.1392     2.0232     0.0170  0.1479817  0.000e+00
        408      3.082    14.7574   2.902794     2.1392     2.0232     0.0174  0.1479817  0.000e+00
        409      3.115    14.7573   2.902597     2.1380     2.0232     0.0176  0.1479817  0.000e+00
        410      3.082    14.7583   2.902646     2.1380     2.0244     0.0176  0.1479817  0.000e+00
        411      3.148    14.7593   2.902914     2.1392     2.0244     0.0170  0.1479817  0.000e+00
        412      3.115    14.7598   2.902827     2.1392     2.0244     0.0170  0.1479817  0.000e+00
        413      3.148    14.7596   2.902575     2.1392     2.0244     0.0170  0.1474933  0.000e+00
        414      3.058    14.7595   2.902706     2.1392     2.0256     0.0174  0.1479817  0.000e+00
        415      3.148    14.7592   2.902859     2.1392     2.0256     0.0170  0.1479817  0.000e+00
        416      3.115    14.7590   2.902701     2.1392     2.0256     0.0170  0.1479817  0.000e+00
        417      3.082    14.7585   2.902377     2.1392     2.0269     0.0176  0.1479817  0.000e+00
        418      3.115    14.7583   2.902388     2.1392     2.0281     0.0176  0.1479817  0.000e+00
        419      3.148    14.7585   2.902624     2.1404     2.0281     0.0176  0.1479817  0.000e+00
        420      3.082    14.7593   2.902509     2.1404     2.0293     0.0170  0.1479817  0.000e+00
        421      3.181    14.7606   2.902202     2.1404     2.0293     0.0176  0.1479817  0.000e+00
        422      3.082    14.7612   2.902169     2.1416     2.0305     0.0170  0.1479817  0.000e+00
        423      3.115    14.7618   2.902449     2.1416     2.0318     0.0170  0.1479817  0.000e+00
        424      3.082    14.7620   2.902328     2.1429     2.0318     0.0174  0.1479817  0.000e+00
        425      3.115    14.7630   2.902093     2.1429     2.0342     0.0170  0.1479817  0.000e+00
        426      3.148    14.7642   2.902109     2.1429     2.0342     0.0176  0.1479817  0.000e+00
        427      3.115    14.7657   2.902229     2.1441     2.0354     0.0170  0.1479817  0.000e+00
        428      3.082    14.7664   2.902240     2.1441     2.0366     0.0168  0.1484701  0.000e+00
        429      3.148    14.7672   2.902065     2.1453     2.0379     0.0168  0.1489585  0.000e+00
        430      3.058    14.7674   2.901873     2.1465     2.0391     0.0168  0.1489585  0.000e+00
        431      3.082    14.7677   2.902092     2.1465     2.0403     0.0168  0.1489585  0.000e+00
        432      2.992    14.7676   2.902076     2.1477     2.0415     0.0163  0.1489585  0.000e+00
        433      3.148    14.7674   2.901879     2.1490     2.0427     0.0168  0.1489585  0.000e+00
        434      2.992    14.7666   2.901808     2.1490     2.0440     0.0168  0.1489585  0.000e+00
        435      3.148    14.7654   2.901923     2.1502     2.0452     0.0168  0.1489585  0.000e+00
        436      2.992    14.7618   2.902125     2.1514     2.0476     0.0168  0.1489585  0.000e+00
        437      3.148    14.7571   2.901978     2.1514     2.0488     0.0163  0.1489585  0.000e+00
        438      2.959    14.7534   2.901890     2.1526     2.0513     0.0168  0.1489585  0.000e+00
        439      3.115    14.7501   2.902049     2.1526     2.0525     0.0168  0.1489585  0.000e+00
        440      2.959    14.7475   2.902136     2.1538     2.0537     0.0163  0.1489585  0.000e+00
        441      2.992    14.7458   2.902049     2.1551     2.0562     0.0163  0.1489585  0.000e+00
        442      2.959    14.7443   2.901917     2.1551     2.0574     0.0168  0.1489585  0.000e+00
        443      3.058    14.7432   2.901945     2.1563     2.0598     0.0163  0.1489585  0.000e+00
        444      2.959    14.7429   2.902087     2.1563     2.0623     0.0168  0.1489585  0.000e+00
        445      2.992    14.7433   2.902126     2.1575     2.0635     0.0163  0.1489585  0.000e+00
        446      2.959    14.7439   2.902021     2.1575     2.0659     0.0163  0.1489585  0.000e+00
        447      2.959    14.7447   2.902071     2.1587     2.0684     0.0163  0.1489585  0.000e+00
        448      2.934    14.7460   2.902180     2.1599     2.0696     0.0163  0.1489585  0.000e+00
        449      2.959    14.7473   2.902290     2.1599     2.0733     0.0168  0.1489585  0.000e+00
        450      2.934    14.7482   2.902191     2.1599     2.0745     0.0168  0.1489585  0.000e+00
        451      2.901    14.7487   2.902153     2.1612     2.0769     0.0163  0.1489585  0.000e+00
        452      2.876    14.7488   2.902219     2.1612     2.0794     0.0163  0.1489585  0.000e+00
        453      2.959    14.7490   2.902317     2.1624     2.0806     0.0163  0.1484701  0.000e+00
        454      2.876    14.7494   2.902301     2.1624     2.0830     0.0161  0.1474933  0.000e+00
        455      2.901    14.7493   2.902224     2.1624     2.0855     0.0156  0.1474933  0.000e+00
        456      2.843    14.7494   2.902273     2.1624     2.0879     0.0161  0.1474933  0.000e+00
        457      2.934    14.7492   2.902476     2.1624     2.0904     0.0161  0.1474933  0.000e+00
        458      2.843    14.7492   2.902366     2.1624     2.0916     0.0161  0.1474933  0.000e+00
        459      2.876    14.7487   2.902356     2.1636     2.0940     0.0161  0.1474933  0.000e+00
        460      2.843    14.7483   2.902388     2.1648     2.0965     0.0161  0.1474933  0.000e+00
        461      2.810    14.7479   2.902564     2.1648     2.0977     0.0161  0.1474933  0.000e+00
        462      2.843    14.7475   2.902410     2.1648     2.1001     0.0161  0.1474933  0.000e+00
        463      2.810    14.7478   2.902345     2.1648     2.1026     0.0161  0.1474933  0.000e+00
        464      2.777    14.7480   2.902361     2.1648     2.1050     0.0161  0.1474933  0.000e+00
        465      2.777    14.7482   2.902454     2.1648     2.1062     0.0161  0.1474933  0.000e+00
        466      2.810    14.7483   2.902460     2.1648     2.1087     0.0161  0.1474933  0.000e+00
        467      2.777    14.7487   2.902284     2.1661     2.1111     0.0159  0.1474933  0.000e+00
        468      2.810    14.7489   2.902251     2.1661     2.1136     0.0161  0.1474933  0.000e+00
        469      2.720    14.7495   2.902383     2.1661     2.1148     0.0161  0.1474933  0.000e+00
        470      2.753    14.7510   2.902427     2.1661     2.1172     0.0161  0.1474933  0.000e+00
        471      2.720    14.7522   2.902219     2.1661     2.1197     0.0161  0.1474933  0.000e+00
        472      2.687    14.7527   2.902235     2.1661     2.1209     0.0161  0.1470049  0.000e+00
        473      2.720    14.7533   2.902427     2.1661     2.1233     0.0161  0.1474933  0.000e+00
        474      2.687    14.7529   2.902481     2.1661     2.1258     0.0161  0.1474933  0.000e+00
        475      2.720    14.7529   2.902273     2.1661     2.1282     0.0161  0.1474933  0.000e+00
        476      2.720    14.7526   2.902306     2.1661     2.1294     0.0161  0.1474933  0.000e+00
        477      2.629    14.7524   2.902383     2.1661     2.1319     0.0161  0.1474933  0.000e+00
        478      2.654    14.7522   2.902498     2.1661     2.1343     0.0161  0.1474933  0.000e+00
        479      2.629    14.7517   2.902388     2.1661     2.1368     0.0163  0.1489585  0.000e+00
        480      2.654    14.7510   2.902262     2.1661     2.1392     0.0163  0.1499353  0.000e+00
