code/data/2021/ctd_data_day3/station1a_ctm_fil.cnv
* Sea-Bird SBE 9 Data File:
* FileName = C:\Users\CTD-User\Desktop\MAR440\day3\station1a.hex
* Software Version Seasave V 7.26.2.13
* Temperature SN = 6313
* Conductivity SN = 4758
* Number of Bytes Per Scan = 37
* Number of Voltage Words = 4
* Number of Scans Averaged by the Deck Unit = 1
* NMEA Latitude = 58 20.46 N
* NMEA Longitude = 011 53.94 E
* NMEA UTC (Time) = Sep 23 2021 08:23:54
* NMEA baud rate = 4800
** Ship: Skagerrak
** Station: station1a
** Operator: Jess
# nquan = 9
# nvalues = 3026                        
# units = specified
# name 0 = scan: Scan Count
# name 1 = prDM: Pressure, Digiquartz [db]
# name 2 = t090C: Temperature [ITS-90, deg C]
# name 3 = c0S/m: Conductivity [S/m]
# name 4 = sbeox0V: Oxygen raw, SBE 43 [V]
# name 5 = sbeox1V: Oxygen raw, SBE 43, 2 [V]
# name 6 = flECO-AFL: Fluorescence, WET Labs ECO-AFL/FL [mg/m^3]
# name 7 = upoly0: Upoly 0, Turbidity
# name 8 = flag:  0.000e+00
# span 0 =          1,       3026       
# span 1 =      1.183,     33.673       
# span 2 =     7.9775,    15.5437       
# span 3 =   2.740292,   3.455395       
# span 4 =     0.4944,     2.8603       
# span 5 =     0.5538,     2.7362       
# span 6 =     0.0035,     0.0152       
# span 7 =  0.0886323,  0.2314865       
# span 8 = 0.0000e+00, 0.0000e+00       
# interval = seconds: 0.0416667
# start_time = Sep 23 2021 08:23:54 [NMEA time, header]
# bad_flag = -9.990e-29
*END*
[from data line 1441]
       1442      9.639    15.0523   2.934794     2.8284     2.7262     0.0048  0.1761926 0.0000e+00
       1443      9.653    15.0542   2.935223     2.8285     2.7264     0.0048  0.1758365 0.0000e+00
       1444      9.666    15.0560   2.935623     2.8285     2.7265     0.0048  0.1754967 0.0000e+00
       1445      9.680    15.0578   2.936009     2.8286     2.7266     0.0048  0.1751707 0.0000e+00
       1446      9.693    15.0596   2.936396     2.8286     2.7267     0.0048  0.1748555 0.0000e+00
       1447      9.707    15.0615   2.936801     2.8287     2.7269     0.0048  0.1745497 0.0000e+00
       1448      9.720    15.0636   2.937235     2.8288     2.7270     0.0048  0.1742503 0.0000e+00
       1449      9.734    15.0658   2.937704     2.8288     2.7271     0.0048  0.1739536 0.0000e+00
       1450      9.747    15.0682   2.938209     2.8289     2.7272     0.0048  0.1736593 0.0000e+00
       1451      9.761    15.0707   2.938748     2.8290     2.7273     0.0048  0.1733660 0.0000e+00
       1452      9.774    15.0734   2.939324     2.8290     2.7274     0.0048  0.1730709 0.0000e+00
       1453      9.788    15.0763   2.939945     2.8291     2.7275     0.0048  0.1727729 0.0000e+00
       1454      9.801    15.0794   2.940616     2.8291     2.7276     0.0048  0.1724706 0.0000e+00
       1455      9.814    15.0827   2.941333     2.8292     2.7278     0.0048  0.1721621 0.0000e+00
       1456      9.827    15.0862   2.942090     2.8292     2.7279     0.0048  0.1718450 0.0000e+00
       1457      9.840    15.0898   2.942885     2.8293     2.7279     0.0048  0.1715173 0.0000e+00
       1458      9.854    15.0936   2.943722     2.8293     2.7280     0.0048  0.1711767 0.0000e+00
       1459      9.867    15.0977   2.944606     2.8294     2.7281     0.0048  0.1708190 0.0000e+00
       1460      9.880    15.1019   2.945546     2.8294     2.7282     0.0048  0.1704401 0.0000e+00
       1461      9.893    15.1065   2.946547     2.8294     2.7283     0.0048  0.1700391 0.0000e+00
       1462      9.905    15.1113   2.947608     2.8295     2.7283     0.0048  0.1696149 0.0000e+00
       1463      9.918    15.1163   2.948732     2.8295     2.7284     0.0051  0.1691696 0.0000e+00
       1464      9.931    15.1216   2.949919     2.8295     2.7284     0.0053  0.1687187 0.0000e+00
       1465      9.944    15.1271   2.951169     2.8295     2.7285     0.0053  0.1682831 0.0000e+00
       1466      9.956    15.1328   2.952472     2.8295     2.7285     0.0055  0.1678714 0.0000e+00
       1467      9.969    15.1387   2.953815     2.8295     2.7285     0.0053  0.1674826 0.0000e+00
       1468      9.981    15.1446   2.955188     2.8295     2.7285     0.0053  0.1671131 0.0000e+00
       1469      9.994    15.1505   2.956584     2.8295     2.7285     0.0053  0.1667586 0.0000e+00
       1470     10.006    15.1564   2.958001     2.8294     2.7285     0.0053  0.1664166 0.0000e+00
       1471     10.018    15.1623   2.959437     2.8294     2.7285     0.0053  0.1660866 0.0000e+00
       1472     10.031    15.1683   2.960891     2.8294     2.7285     0.0053  0.1657661 0.0000e+00
       1473     10.043    15.1741   2.962362     2.8293     2.7284     0.0053  0.1654521 0.0000e+00
       1474     10.055    15.1800   2.963847     2.8293     2.7283     0.0053  0.1651424 0.0000e+00
       1475     10.067    15.1858   2.965345     2.8292     2.7283     0.0053  0.1648341 0.0000e+00
       1476     10.079    15.1916   2.966854     2.8291     2.7282     0.0053  0.1645240 0.0000e+00
       1477     10.090    15.1974   2.968374     2.8290     2.7281     0.0053  0.1642101 0.0000e+00
       1478     10.102    15.2031   2.969902     2.8290     2.7280     0.0053  0.1638911 0.0000e+00
       1479     10.113    15.2088   2.971433     2.8289     2.7280     0.0053  0.1635664 0.0000e+00
       1480     10.125    15.2144   2.972955     2.8288     2.7279     0.0053  0.1632337 0.0000e+00
       1481     10.136    15.2198   2.974453     2.8287     2.7278     0.0053  0.1628890 0.0000e+00
       1482     10.147    15.2250   2.975914     2.8286     2.7277     0.0053  0.1625291 0.0000e+00
       1483     10.158    15.2299   2.977334     2.8284     2.7276     0.0053  0.1621515 0.0000e+00
       1484     10.169    15.2348   2.978713     2.8283     2.7275     0.0053  0.1617545 0.0000e+00
       1485     10.180    15.2394   2.980056     2.8282     2.7274     0.0055  0.1613360 0.0000e+00
       1486     10.190    15.2439   2.981366     2.8280     2.7273     0.0055  0.1608923 0.0000e+00
       1487     10.200    15.2482   2.982645     2.8279     2.7272     0.0053  0.1604204 0.0000e+00
       1488     10.209    15.2524   2.983884     2.8277     2.7271     0.0053  0.1599196 0.0000e+00
       1489     10.219    15.2562   2.985069     2.8276     2.7270     0.0053  0.1593981 0.0000e+00
       1490     10.228    15.2598   2.986185     2.8274     2.7269     0.0053  0.1588779 0.0000e+00
       1491     10.237    15.2630   2.987219     2.8272     2.7267     0.0053  0.1583766 0.0000e+00
       1492     10.246    15.2658   2.988160     2.8271     2.7266     0.0053  0.1578966 0.0000e+00
       1493     10.254    15.2681   2.988990     2.8269     2.7265     0.0053  0.1574347 0.0000e+00
       1494     10.262    15.2700   2.989693     2.8267     2.7263     0.0053  0.1569867 0.0000e+00
       1495     10.270    15.2713   2.990257     2.8266     2.7262     0.0053  0.1565487 0.0000e+00
       1496     10.277    15.2721   2.990679     2.8264     2.7260     0.0055  0.1561176 0.0000e+00
       1497     10.283    15.2723   2.990951     2.8262     2.7258     0.0053  0.1556896 0.0000e+00
       1498     10.290    15.2719   2.991066     2.8260     2.7256     0.0053  0.1552609 0.0000e+00
       1499     10.296    15.2708   2.991005     2.8259     2.7254     0.0053  0.1548284 0.0000e+00
       1500     10.302    15.2687   2.990742     2.8257     2.7252     0.0053  0.1543892 0.0000e+00
       1501     10.308    15.2657   2.990244     2.8255     2.7250     0.0053  0.1539402 0.0000e+00
       1502     10.313    15.2615   2.989489     2.8253     2.7247     0.0053  0.1534784 0.0000e+00
       1503     10.319    15.2564   2.988480     2.8251     2.7245     0.0053  0.1530003 0.0000e+00
       1504     10.324    15.2507   2.987268     2.8249     2.7242     0.0053  0.1525037 0.0000e+00
       1505     10.328    15.2451   2.985958     2.8246     2.7238     0.0053  0.1519859 0.0000e+00
       1506     10.332    15.2400   2.984673     2.8244     2.7235     0.0053  0.1514425 0.0000e+00
       1507     10.336    15.2354   2.983504     2.8241     2.7231     0.0053  0.1508687 0.0000e+00
       1508     10.339    15.2314   2.982489     2.8239     2.7227     0.0053  0.1502607 0.0000e+00
       1509     10.342    15.2277   2.981620     2.8236     2.7222     0.0053  0.1496141 0.0000e+00
       1510     10.345    15.2243   2.980866     2.8233     2.7217     0.0053  0.1489246 0.0000e+00
       1511     10.347    15.2210   2.980187     2.8229     2.7212     0.0053  0.1481872 0.0000e+00
       1512     10.350    15.2177   2.979545     2.8226     2.7207     0.0053  0.1473969 0.0000e+00
       1513     10.352    15.2145   2.978920     2.8222     2.7200     0.0053  0.1465482 0.0000e+00
       1514     10.355    15.2115   2.978312     2.8218     2.7194     0.0055  0.1456488 0.0000e+00
       1515     10.357    15.2089   2.977733     2.8214     2.7187     0.0055  0.1447407 0.0000e+00
       1516     10.359    15.2066   2.977200     2.8210     2.7179     0.0057  0.1438789 0.0000e+00
       1517     10.361    15.2046   2.976730     2.8205     2.7171     0.0057  0.1430889 0.0000e+00
       1518     10.362    15.2028   2.976334     2.8200     2.7162     0.0057  0.1423692 0.0000e+00
       1519     10.363    15.2012   2.976013     2.8194     2.7153     0.0057  0.1417124 0.0000e+00
       1520     10.364    15.1997   2.975759     2.8189     2.7143     0.0057  0.1411114 0.0000e+00
       1521     10.365    15.1983   2.975555     2.8182     2.7133     0.0057  0.1405611 0.0000e+00
       1522     10.366    15.1970   2.975390     2.8176     2.7122     0.0057  0.1400578 0.0000e+00
       1523     10.367    15.1958   2.975259     2.8169     2.7111     0.0057  0.1395978 0.0000e+00
       1524     10.368    15.1948   2.975165     2.8161     2.7099     0.0057  0.1391781 0.0000e+00
       1525     10.369    15.1940   2.975108     2.8153     2.7086     0.0057  0.1387956 0.0000e+00
       1526     10.369    15.1933   2.975078     2.8145     2.7073     0.0055  0.1384478 0.0000e+00
       1527     10.370    15.1929   2.975056     2.8136     2.7059     0.0057  0.1381321 0.0000e+00
       1528     10.370    15.1925   2.975021     2.8127     2.7045     0.0057  0.1378465 0.0000e+00
       1529     10.370    15.1922   2.974965     2.8117     2.7030     0.0057  0.1375889 0.0000e+00
       1530     10.370    15.1918   2.974893     2.8107     2.7015     0.0057  0.1373575 0.0000e+00
       1531     10.370    15.1914   2.974822     2.8097     2.6999     0.0057  0.1371508 0.0000e+00
       1532     10.370    15.1910   2.974771     2.8086     2.6983     0.0057  0.1369672 0.0000e+00
       1533     10.370    15.1907   2.974756     2.8075     2.6967     0.0057  0.1368056 0.0000e+00
       1534     10.370    15.1906   2.974788     2.8063     2.6950     0.0057  0.1366647 0.0000e+00
       1535     10.369    15.1907   2.974881     2.8051     2.6934     0.0057  0.1365436 0.0000e+00
       1536     10.369    15.1912   2.975053     2.8039     2.6917     0.0057  0.1364415 0.0000e+00
       1537     10.368    15.1921   2.975322     2.8027     2.6899     0.0057  0.1363577 0.0000e+00
       1538     10.367    15.1934   2.975696     2.8014     2.6882     0.0057  0.1362915 0.0000e+00
       1539     10.366    15.1951   2.976163     2.8001     2.6864     0.0057  0.1362425 0.0000e+00
       1540     10.365    15.1971   2.976688     2.7988     2.6847     0.0055  0.1362087 0.0000e+00
       1541     10.364    15.1993   2.977228     2.7975     2.6829     0.0055  0.1361855 0.0000e+00
       1542     10.362    15.2015   2.977746     2.7962     2.6811     0.0055  0.1361695 0.0000e+00
       1543     10.360    15.2034   2.978204     2.7949     2.6793     0.0055  0.1361597 0.0000e+00
       1544     10.359    15.2048   2.978564     2.7935     2.6775     0.0055  0.1361559 0.0000e+00
       1545     10.357    15.2056   2.978789     2.7922     2.6757     0.0055  0.1361582 0.0000e+00
       1546     10.355    15.2058   2.978862     2.7908     2.6738     0.0055  0.1361666 0.0000e+00
       1547     10.352    15.2053   2.978775     2.7895     2.6720     0.0055  0.1361812 0.0000e+00
       1548     10.349    15.2041   2.978528     2.7882     2.6702     0.0055  0.1362020 0.0000e+00
       1549     10.346    15.2024   2.978132     2.7868     2.6684     0.0055  0.1362292 0.0000e+00
       1550     10.343    15.2004   2.977618     2.7855     2.6665     0.0055  0.1362629 0.0000e+00
       1551     10.340    15.1982   2.977024     2.7842     2.6647     0.0055  0.1363035 0.0000e+00
       1552     10.337    15.1959   2.976385     2.7829     2.6628     0.0055  0.1363512 0.0000e+00
       1553     10.334    15.1936   2.975725     2.7817     2.6610     0.0055  0.1364063 0.0000e+00
       1554     10.330    15.1915   2.975057     2.7804     2.6592     0.0055  0.1364692 0.0000e+00
       1555     10.327    15.1894   2.974385     2.7792     2.6573     0.0055  0.1365404 0.0000e+00
       1556     10.323    15.1874   2.973711     2.7780     2.6555     0.0053  0.1366203 0.0000e+00
       1557     10.319    15.1853   2.973035     2.7768     2.6536     0.0055  0.1367096 0.0000e+00
       1558     10.315    15.1833   2.972350     2.7756     2.6518     0.0055  0.1368087 0.0000e+00
       1559     10.311    15.1812   2.971658     2.7744     2.6499     0.0055  0.1369184 0.0000e+00
       1560     10.307    15.1792   2.970971     2.7733     2.6481     0.0055  0.1370396 0.0000e+00
       1561     10.303    15.1775   2.970322     2.7722     2.6463     0.0055  0.1371729 0.0000e+00
       1562     10.299    15.1762   2.969749     2.7712     2.6444     0.0055  0.1373194 0.0000e+00
       1563     10.296    15.1754   2.969284     2.7701     2.6426     0.0055  0.1374801 0.0000e+00
       1564     10.292    15.1751   2.968949     2.7691     2.6408     0.0055  0.1376560 0.0000e+00
       1565     10.288    15.1754   2.968754     2.7681     2.6390     0.0055  0.1378459 0.0000e+00
       1566     10.285    15.1761   2.968704     2.7671     2.6372     0.0051  0.1380417 0.0000e+00
       1567     10.282    15.1773   2.968793     2.7662     2.6355     0.0051  0.1382330 0.0000e+00
       1568     10.279    15.1791   2.969008     2.7653     2.6337     0.0051  0.1384150 0.0000e+00
       1569     10.276    15.1812   2.969333     2.7644     2.6320     0.0051  0.1385882 0.0000e+00
       1570     10.273    15.1837   2.969747     2.7635     2.6303     0.0051  0.1387539 0.0000e+00
       1571     10.270    15.1862   2.970227     2.7626     2.6286     0.0051  0.1389131 0.0000e+00
       1572     10.267    15.1886   2.970737     2.7617     2.6269     0.0053  0.1390670 0.0000e+00
       1573     10.264    15.1904   2.971229     2.7609     2.6252     0.0051  0.1392166 0.0000e+00
       1574     10.262    15.1918   2.971672     2.7601     2.6236     0.0051  0.1393630 0.0000e+00
       1575     10.259    15.1931   2.972076     2.7593     2.6219     0.0051  0.1395072 0.0000e+00
       1576     10.257    15.1944   2.972492     2.7585     2.6203     0.0051  0.1396502 0.0000e+00
       1577     10.255    15.1962   2.972980     2.7577     2.6187     0.0051  0.1397930 0.0000e+00
       1578     10.253    15.1985   2.973585     2.7570     2.6171     0.0051  0.1399366 0.0000e+00
       1579     10.252    15.2014   2.974332     2.7562     2.6156     0.0053  0.1400821 0.0000e+00
       1580     10.250    15.2051   2.975229     2.7555     2.6140     0.0051  0.1402311 0.0000e+00
       1581     10.249    15.2094   2.976275     2.7547     2.6125     0.0053  0.1403857 0.0000e+00
       1582     10.247    15.2143   2.977463     2.7540     2.6110     0.0051  0.1405461 0.0000e+00
       1583     10.246    15.2196   2.978789     2.7533     2.6095     0.0053  0.1407125 0.0000e+00
       1584     10.244    15.2254   2.980251     2.7526     2.6081     0.0051  0.1408869 0.0000e+00
       1585     10.243    15.2318   2.981859     2.7519     2.6067     0.0051  0.1410715 0.0000e+00
       1586     10.242    15.2389   2.983624     2.7512     2.6052     0.0051  0.1412665 0.0000e+00
       1587     10.240    15.2465   2.985544     2.7506     2.6039     0.0053  0.1414727 0.0000e+00
       1588     10.239    15.2545   2.987578     2.7499     2.6025     0.0051  0.1416913 0.0000e+00
       1589     10.238    15.2626   2.989665     2.7493     2.6011     0.0051  0.1419239 0.0000e+00
       1590     10.237    15.2708   2.991755     2.7487     2.5998     0.0051  0.1421721 0.0000e+00
       1591     10.236    15.2790   2.993813     2.7480     2.5985     0.0051  0.1424308 0.0000e+00
       1592     10.235    15.2869   2.995814     2.7474     2.5972     0.0051  0.1426841 0.0000e+00
       1593     10.234    15.2944   2.997753     2.7469     2.5960     0.0049  0.1429167 0.0000e+00
       1594     10.233    15.3014   2.999624     2.7463     2.5947     0.0049  0.1431242 0.0000e+00
       1595     10.233    15.3077   3.001417     2.7458     2.5935     0.0049  0.1433098 0.0000e+00
       1596     10.232    15.3136   3.003115     2.7452     2.5923     0.0049  0.1434765 0.0000e+00
       1597     10.231    15.3191   3.004711     2.7447     2.5911     0.0051  0.1436255 0.0000e+00
       1598     10.230    15.3243   3.006213     2.7442     2.5900     0.0049  0.1437577 0.0000e+00
       1599     10.229    15.3293   3.007630     2.7438     2.5888     0.0049  0.1438742 0.0000e+00
       1600     10.228    15.3341   3.008974     2.7433     2.5877     0.0049  0.1439756 0.0000e+00
