code/data/2021/ctd_data_day3/station4d_ctm.cnv
* Sea-Bird SBE 9 Data File:
* FileName = C:\Users\CTD-User\Desktop\MAR440\day3\station4d.hex
* Software Version Seasave V 7.26.2.13
* Temperature SN = 6313
* Conductivity SN = 4758
* Number of Bytes Per Scan = 37
* Number of Voltage Words = 4
* Number of Scans Averaged by the Deck Unit = 1
* NMEA Latitude = 58 19.57 N
* NMEA Longitude = 011 50.76 E
* NMEA UTC (Time) = Sep 23 2021 09:22:13
* NMEA baud rate = 4800
** Ship: Skagerrak
** Station: station4D
** Operator: Nicolas
# nquan = 9
# nvalues = 1887                        
# units = specified
# name 0 = scan: Scan Count
# name 1 = prDM: Pressure, Digiquartz [db]
# name 2 = t090C: Temperature [ITS-90, deg C]
# name 3 = c0S/m: Conductivity [S/m]
# name 4 = sbeox0V: Oxygen raw, SBE 43 [V]
# name 5 = sbeox1V: Oxygen raw, SBE 43, 2 [V]
# name 6 = flECO-AFL: Fluorescence, WET Labs ECO-AFL/FL [mg/m^3]
# name 7 = upoly0: Upoly 0, Turbidity
# name 8 = flag:  0.000e+00
# span 0 =          1,       1887       
# span 1 =      0.634,     12.935       
# span 2 =    13.8096,    15.8465       
# span 3 =   2.926118,   3.390174       
# span 4 =     1.6324,     2.7485       
# span 5 =     1.6288,     2.6423       
# span 6 =     0.0037,     0.0101       
# span 7 =  0.0893736,  0.1592149       
# span 8 = 0.0000e+00, 0.0000e+00       
# interval = seconds: 0.0416667
# start_time = Sep 23 2021 09:22:13 [NMEA time, header]
# bad_flag = -9.990e-29
*END*
[from data line 961]
        962      1.020    14.9839   2.956403     2.7314     2.6386     0.0066  0.1479817 0.0000e+00
        963      0.996    14.9837   2.956265     2.7314     2.6386     0.0066  0.1479817 0.0000e+00
        964      0.963    14.9834   2.956187     2.7302     2.6386     0.0066  0.1479817 0.0000e+00
        965      0.995    14.9857   2.956274     2.7326     2.6398     0.0066  0.1479817 0.0000e+00
        966      0.963    14.9918   2.956734     2.7326     2.6386     0.0066  0.1479817 0.0000e+00
        967      0.995    14.9963   2.957425     2.7326     2.6398     0.0066  0.1479817 0.0000e+00
        968      0.962    15.0029   2.958234     2.7314     2.6386     0.0066  0.1479817 0.0000e+00
        969      0.938    15.0026   2.958923     2.7326     2.6398     0.0066  0.1479817 0.0000e+00
        970      0.962    15.0009   2.959391     2.7326     2.6398     0.0066  0.1479817 0.0000e+00
        971      0.938    14.9953   2.959100     2.7326     2.6398     0.0066  0.1479817 0.0000e+00
        972      0.962    14.9901   2.958319     2.7326     2.6398     0.0066  0.1479817 0.0000e+00
        973      0.938    14.9876   2.957350     2.7326     2.6398     0.0066  0.1479817 0.0000e+00
        974      0.905    14.9858   2.956814     2.7326     2.6398     0.0066  0.1479817 0.0000e+00
        975      0.995    14.9854   2.956615     2.7351     2.6398     0.0066  0.1479817 0.0000e+00
        976      0.905    14.9848   2.956453     2.7339     2.6398     0.0066  0.1474933 0.0000e+00
        977      0.962    14.9845   2.956430     2.7326     2.6398     0.0064  0.1455397 0.0000e+00
        978      0.938    14.9848   2.956327     2.7339     2.6411     0.0064  0.1445629 0.0000e+00
        979      0.962    14.9844   2.956215     2.7339     2.6411     0.0064  0.1450513 0.0000e+00
        980      0.938    14.9882   2.956353     2.7351     2.6411     0.0064  0.1450513 0.0000e+00
        981      1.020    14.9965   2.957052     2.7351     2.6411     0.0064  0.1450513 0.0000e+00
        982      0.938    15.0079   2.958377     2.7351     2.6411     0.0064  0.1450513 0.0000e+00
        983      0.962    15.0124   2.959784     2.7351     2.6411     0.0064  0.1450513 0.0000e+00
        984      0.995    15.0053   2.960160     2.7351     2.6411     0.0064  0.1450513 0.0000e+00
        985      0.962    14.9980   2.959266     2.7375     2.6411     0.0064  0.1450513 0.0000e+00
        986      0.995    14.9927   2.958143     2.7375     2.6411     0.0064  0.1450513 0.0000e+00
        987      0.962    14.9903   2.957449     2.7351     2.6411     0.0064  0.1450513 0.0000e+00
        988      0.995    14.9886   2.956969     2.7351     2.6411     0.0064  0.1450513 0.0000e+00
        989      1.020    14.9880   2.956807     2.7375     2.6411     0.0064  0.1450513 0.0000e+00
        990      0.937    14.9874   2.956744     2.7375     2.6411     0.0064  0.1445629 0.0000e+00
        991      1.020    14.9870   2.956793     2.7375     2.6411     0.0064  0.1450513 0.0000e+00
        992      0.995    14.9864   2.956974     2.7363     2.6411     0.0064  0.1450513 0.0000e+00
        993      0.962    14.9865   2.957233     2.7363     2.6411     0.0064  0.1450513 0.0000e+00
        994      0.995    14.9982   2.957577     2.7375     2.6411     0.0064  0.1450513 0.0000e+00
        995      1.020    15.0203   2.958557     2.7375     2.6411     0.0064  0.1450513 0.0000e+00
        996      0.937    15.0374   2.960499     2.7363     2.6411     0.0064  0.1450513 0.0000e+00
        997      1.020    15.0472   2.962452     2.7375     2.6411     0.0064  0.1450513 0.0000e+00
        998      0.995    15.0412   2.963455     2.7375     2.6398     0.0064  0.1450513 0.0000e+00
        999      0.962    15.0361   2.963777     2.7387     2.6411     0.0064  0.1450513 0.0000e+00
       1000      0.995    15.0492   2.964213     2.7387     2.6411     0.0064  0.1450513 0.0000e+00
       1001      0.962    15.0614   2.965176     2.7375     2.6411     0.0064  0.1450513 0.0000e+00
       1002      0.937    15.0688   2.966446     2.7375     2.6411     0.0062  0.1460281 0.0000e+00
       1003      1.020    15.0697   2.967145     2.7387     2.6411     0.0062  0.1470049 0.0000e+00
       1004      0.962    15.0719   2.967462     2.7400     2.6411     0.0062  0.1470049 0.0000e+00
       1005      0.995    15.0744   2.967537     2.7387     2.6411     0.0062  0.1470049 0.0000e+00
       1006      0.962    15.0754   2.967677     2.7375     2.6411     0.0062  0.1470049 0.0000e+00
       1007      0.937    15.0725   2.967820     2.7375     2.6411     0.0062  0.1470049 0.0000e+00
       1008      0.962    15.0702   2.967804     2.7387     2.6411     0.0062  0.1470049 0.0000e+00
       1009      0.995    15.0690   2.967765     2.7424     2.6411     0.0062  0.1470049 0.0000e+00
       1010      0.962    15.0689   2.967609     2.7400     2.6411     0.0062  0.1470049 0.0000e+00
       1011      0.937    15.0677   2.967515     2.7387     2.6411     0.0062  0.1470049 0.0000e+00
       1012      0.962    15.0665   2.967448     2.7387     2.6411     0.0062  0.1470049 0.0000e+00
       1013      0.937    15.0646   2.967263     2.7400     2.6411     0.0062  0.1470049 0.0000e+00
       1014      0.962    15.0641   2.967211     2.7400     2.6411     0.0062  0.1470049 0.0000e+00
       1015      0.937    15.0639   2.967126     2.7387     2.6411     0.0062  0.1470049 0.0000e+00
       1016      0.962    15.0650   2.967141     2.7387     2.6411     0.0062  0.1470049 0.0000e+00
       1017      0.937    15.0677   2.967266     2.7375     2.6411     0.0062  0.1470049 0.0000e+00
       1018      0.962    15.0697   2.967494     2.7400     2.6411     0.0062  0.1470049 0.0000e+00
       1019      0.937    15.0707   2.967806     2.7400     2.6411     0.0062  0.1470049 0.0000e+00
       1020      0.904    15.0700   2.967907     2.7387     2.6411     0.0062  0.1470049 0.0000e+00
       1021      0.937    15.0701   2.968084     2.7375     2.6411     0.0062  0.1470049 0.0000e+00
       1022      1.019    15.0698   2.968219     2.7387     2.6411     0.0062  0.1470049 0.0000e+00
       1023      0.937    15.0695   2.968200     2.7400     2.6398     0.0062  0.1470049 0.0000e+00
       1024      0.962    15.0702   2.968225     2.7400     2.6411     0.0062  0.1470049 0.0000e+00
       1025      0.937    15.0709   2.968204     2.7387     2.6411     0.0062  0.1470049 0.0000e+00
       1026      0.962    15.0720   2.968257     2.7375     2.6398     0.0062  0.1470049 0.0000e+00
       1027      0.937    15.0726   2.968341     2.7387     2.6411     0.0062  0.1470049 0.0000e+00
       1028      1.019    15.0725   2.968213     2.7400     2.6411     0.0060  0.1465165 0.0000e+00
       1029      0.937    15.0724   2.968167     2.7387     2.6411     0.0060  0.1465165 0.0000e+00
       1030      0.962    15.0683   2.968040     2.7375     2.6411     0.0060  0.1465165 0.0000e+00
       1031      0.962    15.0599   2.967559     2.7375     2.6411     0.0059  0.1465165 0.0000e+00
       1032      0.994    15.0558   2.966930     2.7387     2.6411     0.0060  0.1465165 0.0000e+00
       1033      0.962    15.0525   2.966220     2.7387     2.6411     0.0060  0.1465165 0.0000e+00
       1034      0.994    15.0503   2.965637     2.7387     2.6411     0.0060  0.1465165 0.0000e+00
       1035      0.961    15.0498   2.965359     2.7375     2.6411     0.0060  0.1465165 0.0000e+00
       1036      0.994    15.0497   2.965247     2.7375     2.6423     0.0060  0.1465165 0.0000e+00
       1037      0.961    15.0511   2.965280     2.7387     2.6411     0.0060  0.1465165 0.0000e+00
       1038      0.994    15.0527   2.965334     2.7387     2.6423     0.0060  0.1465165 0.0000e+00
       1039      0.961    15.0546   2.965562     2.7387     2.6423     0.0060  0.1465165 0.0000e+00
       1040      0.994    15.0581   2.965978     2.7375     2.6423     0.0060  0.1465165 0.0000e+00
       1041      0.961    15.0608   2.966386     2.7375     2.6423     0.0060  0.1465165 0.0000e+00
       1042      0.994    15.0616   2.966653     2.7387     2.6423     0.0060  0.1465165 0.0000e+00
       1043      0.961    15.0616   2.966768     2.7375     2.6423     0.0060  0.1465165 0.0000e+00
       1044      0.994    15.0623   2.966875     2.7387     2.6423     0.0060  0.1465165 0.0000e+00
       1045      0.961    15.0633   2.967027     2.7375     2.6423     0.0060  0.1465165 0.0000e+00
       1046      0.994    15.0639   2.967195     2.7375     2.6423     0.0060  0.1470049 0.0000e+00
       1047      1.019    15.0653   2.967261     2.7400     2.6423     0.0060  0.1465165 0.0000e+00
       1048      0.994    15.0663   2.967275     2.7387     2.6423     0.0060  0.1465165 0.0000e+00
       1049      0.961    15.0687   2.967382     2.7375     2.6423     0.0060  0.1465165 0.0000e+00
       1050      0.994    15.0709   2.967633     2.7363     2.6423     0.0060  0.1465165 0.0000e+00
       1051      1.019    15.0719   2.968072     2.7375     2.6423     0.0060  0.1465165 0.0000e+00
       1052      0.994    15.0725   2.968245     2.7387     2.6423     0.0060  0.1465165 0.0000e+00
       1053      0.961    15.0720   2.968258     2.7375     2.6423     0.0060  0.1474933 0.0000e+00
       1054      0.994    15.0710   2.968271     2.7375     2.6423     0.0062  0.1484701 0.0000e+00
       1055      0.961    15.0707   2.968214     2.7363     2.6411     0.0062  0.1484701 0.0000e+00
       1056      0.994    15.0657   2.967988     2.7375     2.6411     0.0062  0.1484701 0.0000e+00
       1057      0.961    15.0476   2.967520     2.7375     2.6411     0.0062  0.1484701 0.0000e+00
       1058      1.019    15.0344   2.966839     2.7375     2.6411     0.0062  0.1484701 0.0000e+00
       1059      0.936    15.0382   2.966517     2.7375     2.6411     0.0062  0.1484701 0.0000e+00
       1060      0.961    15.0508   2.966515     2.7363     2.6411     0.0062  0.1484701 0.0000e+00
       1061      0.994    15.0535   2.966442     2.7375     2.6398     0.0062  0.1484701 0.0000e+00
       1062      0.961    15.0439   2.966189     2.7375     2.6398     0.0062  0.1484701 0.0000e+00
       1063      0.936    15.0340   2.965919     2.7375     2.6398     0.0062  0.1484701 0.0000e+00
       1064      1.019    15.0275   2.965861     2.7351     2.6398     0.0062  0.1484701 0.0000e+00
       1065      0.936    15.0289   2.965833     2.7351     2.6398     0.0062  0.1484701 0.0000e+00
       1066      0.961    15.0394   2.966029     2.7375     2.6398     0.0062  0.1484701 0.0000e+00
       1067      0.994    15.0471   2.966234     2.7363     2.6398     0.0062  0.1484701 0.0000e+00
       1068      0.961    15.0511   2.966310     2.7351     2.6398     0.0062  0.1484701 0.0000e+00
       1069      0.994    15.0546   2.966290     2.7351     2.6398     0.0062  0.1484701 0.0000e+00
       1070      0.961    15.0567   2.966220     2.7351     2.6398     0.0062  0.1484701 0.0000e+00
       1071      0.994    15.0560   2.966284     2.7375     2.6398     0.0062  0.1484701 0.0000e+00
       1072      0.961    15.0519   2.966272     2.7351     2.6398     0.0062  0.1484701 0.0000e+00
       1073      1.052    15.0488   2.966067     2.7339     2.6398     0.0062  0.1484701 0.0000e+00
       1074      0.961    15.0480   2.965831     2.7339     2.6398     0.0062  0.1484701 0.0000e+00
       1075      0.994    15.0471   2.965733     2.7339     2.6398     0.0062  0.1484701 0.0000e+00
       1076      0.961    15.0472   2.965679     2.7351     2.6398     0.0062  0.1484701 0.0000e+00
       1077      1.052    15.0474   2.965519     2.7339     2.6398     0.0062  0.1484701 0.0000e+00
       1078      0.961    15.0445   2.965292     2.7326     2.6398     0.0062  0.1484701 0.0000e+00
       1079      0.994    15.0351   2.965018     2.7326     2.6398     0.0060  0.1489585 0.0000e+00
       1080      0.961    15.0292   2.964852     2.7351     2.6398     0.0060  0.1489585 0.0000e+00
       1081      0.994    15.0321   2.964918     2.7351     2.6411     0.0060  0.1489585 0.0000e+00
       1082      1.019    15.0363   2.965149     2.7339     2.6398     0.0060  0.1489585 0.0000e+00
       1083      0.961    15.0420   2.965375     2.7326     2.6398     0.0060  0.1489585 0.0000e+00
       1084      0.994    15.0501   2.965555     2.7326     2.6398     0.0060  0.1489585 0.0000e+00
       1085      1.019    15.0560   2.965739     2.7339     2.6411     0.0060  0.1489585 0.0000e+00
       1086      0.994    15.0596   2.965917     2.7339     2.6411     0.0060  0.1489585 0.0000e+00
       1087      1.018    15.0592   2.966020     2.7326     2.6411     0.0060  0.1489585 0.0000e+00
       1088      0.994    15.0604   2.966085     2.7326     2.6411     0.0060  0.1489585 0.0000e+00
       1089      1.018    15.0606   2.966328     2.7314     2.6411     0.0060  0.1489585 0.0000e+00
       1090      0.994    15.0608   2.966549     2.7339     2.6411     0.0060  0.1489585 0.0000e+00
       1091      1.018    15.0602   2.966678     2.7326     2.6411     0.0060  0.1489585 0.0000e+00
       1092      0.994    15.0612   2.966809     2.7326     2.6411     0.0060  0.1489585 0.0000e+00
       1093      1.018    15.0629   2.966893     2.7326     2.6411     0.0060  0.1489585 0.0000e+00
       1094      0.994    15.0618   2.966882     2.7314     2.6411     0.0060  0.1484701 0.0000e+00
       1095      1.018    15.0590   2.966655     2.7326     2.6411     0.0060  0.1489585 0.0000e+00
       1096      0.994    15.0573   2.966559     2.7326     2.6411     0.0060  0.1489585 0.0000e+00
       1097      1.018    15.0562   2.966566     2.7326     2.6411     0.0060  0.1489585 0.0000e+00
       1098      0.994    15.0555   2.966469     2.7302     2.6411     0.0060  0.1489585 0.0000e+00
       1099      0.961    15.0553   2.966368     2.7326     2.6398     0.0060  0.1489585 0.0000e+00
       1100      1.051    15.0552   2.966284     2.7326     2.6398     0.0060  0.1489585 0.0000e+00
       1101      0.961    15.0548   2.966183     2.7326     2.6398     0.0060  0.1489585 0.0000e+00
       1102      1.051    15.0575   2.965994     2.7302     2.6398     0.0060  0.1489585 0.0000e+00
       1103      0.961    15.0616   2.966142     2.7290     2.6398     0.0060  0.1489585 0.0000e+00
       1104      1.051    15.0639   2.966609     2.7302     2.6398     0.0060  0.1484701 0.0000e+00
       1105      0.961    15.0641   2.966946     2.7326     2.6386     0.0062  0.1479817 0.0000e+00
       1106      1.051    15.0650   2.967225     2.7302     2.6398     0.0062  0.1479817 0.0000e+00
       1107      0.961    15.0633   2.967268     2.7290     2.6398     0.0062  0.1479817 0.0000e+00
       1108      1.051    15.0613   2.967270     2.7290     2.6398     0.0062  0.1479817 0.0000e+00
       1109      1.018    15.0626   2.967286     2.7302     2.6398     0.0062  0.1479817 0.0000e+00
       1110      1.018    15.0641   2.967269     2.7314     2.6386     0.0062  0.1479817 0.0000e+00
       1111      0.994    15.0655   2.967285     2.7290     2.6386     0.0062  0.1479817 0.0000e+00
       1112      1.018    15.0668   2.967256     2.7290     2.6386     0.0062  0.1479817 0.0000e+00
       1113      1.051    15.0674   2.967329     2.7278     2.6386     0.0062  0.1479817 0.0000e+00
       1114      1.018    15.0650   2.967325     2.7302     2.6386     0.0062  0.1479817 0.0000e+00
       1115      0.936    15.0602   2.967069     2.7302     2.6386     0.0062  0.1479817 0.0000e+00
       1116      1.142    15.0575   2.966837     2.7290     2.6374     0.0062  0.1479817 0.0000e+00
       1117      0.993    15.0567   2.966722     2.7278     2.6374     0.0062  0.1479817 0.0000e+00
       1118      1.018    15.0563   2.966577     2.7278     2.6374     0.0062  0.1479817 0.0000e+00
       1119      1.051    15.0570   2.966457     2.7302     2.6374     0.0062  0.1479817 0.0000e+00
       1120      1.018    15.0573   2.966469     2.7290     2.6374     0.0062  0.1474933 0.0000e+00
