code/data/2021/ctd_data_day3/station4d_ctm_fil_le.cnv
* Sea-Bird SBE 9 Data File:
* FileName = C:\Users\CTD-User\Desktop\MAR440\day3\station4d.hex
* Software Version Seasave V 7.26.2.13
* Temperature SN = 6313
* Conductivity SN = 4758
* Number of Bytes Per Scan = 37
* Number of Voltage Words = 4
* Number of Scans Averaged by the Deck Unit = 1
* NMEA Latitude = 58 19.57 N
* NMEA Longitude = 011 50.76 E
* NMEA UTC (Time) = Sep 23 2021 09:22:13
* NMEA baud rate = 4800
** Ship: Skagerrak
** Station: station4D
** Operator: Nicolas
# nquan = 9
# nvalues = 1887                        
# units = specified
# name 0 = scan: Scan Count
# name 1 = prDM: Pressure, Digiquartz [db]
# name 2 = t090C: Temperature [ITS-90, deg C]
# name 3 = c0S/m: Conductivity [S/m]
# name 4 = sbeox0V: Oxygen raw, SBE 43 [V]
# name 5 = sbeox1V: Oxygen raw, SBE 43, 2 [V]
# name 6 = flECO-AFL: Fluorescence, WET Labs ECO-AFL/FL [mg/m^3]
# name 7 = upoly0: Upoly 0, Turbidity
# name 8 = flag:  0.000e+00
# span 0 =          1,       1887       
# span 1 =      0.696,     12.878       
# span 2 =    13.8821,    15.7615       
# span 3 =   2.926252,   3.389260       
# span 4 =     1.6696,     2.7385       
# span 5 =     1.6682,     2.6416       
# span 6 =     0.0037,     0.0101       
# span 7 =  0.0900140,  0.1579594       
# span 8 = 0.0000e+00, 0.0000e+00       
# interval = seconds: 0.0416667
# start_time = Sep 23 2021 09:22:13 [NMEA time, header]
# bad_flag = -9.990e-29
*END*
[from data line 1761]
       1762     12.236    14.8796   3.362858     2.0809     2.1646     0.0040  0.0907274 -9.990e-29
       1763     12.243    14.8707   3.363290     2.0761     2.1596     0.0040  0.0907103 -9.990e-29
       1764     12.250    14.8621   3.363721     2.0712     2.1545     0.0040  0.0906932 -9.990e-29
       1765     12.256    14.8535   3.364150     2.0664     2.1494     0.0040  0.0906743 -9.990e-29
       1766     12.263    14.8450   3.364570     2.0616     2.1443     0.0040  0.0906525 -9.990e-29
       1767     12.270    14.8368   3.364977     2.0569     2.1391     0.0040  0.0906285 -9.990e-29
       1768     12.277    14.8287   3.365367     2.0522     2.1338     0.0042  0.0906039 -9.990e-29
       1769     12.283    14.8209   3.365738     2.0475     2.1285     0.0042  0.0905803 -9.990e-29
       1770     12.290    14.8131   3.366092     2.0428     2.1232     0.0042  0.0905582 -9.990e-29
       1771     12.297    14.8053   3.366434     2.0381     2.1179     0.0042  0.0905376 -9.990e-29
       1772     12.304    14.7972   3.366767     2.0336     2.1125     0.0042  0.0905183 -9.990e-29
       1773     12.310    14.7889   3.367098     2.0290     2.1071     0.0042  0.0905001 -9.990e-29
       1774     12.317    14.7806   3.367427     2.0245     2.1017     0.0042  0.0904830 -9.990e-29
       1775     12.324    14.7719   3.367755     2.0200     2.0962     0.0042  0.0904669 -9.990e-29
       1776     12.330    14.7635   3.368083     2.0156     2.0908     0.0042  0.0904515 -9.990e-29
       1777     12.337    14.7555   3.368413     2.0112     2.0853     0.0042  0.0904368 -9.990e-29
       1778     12.344    14.7477   3.368743     2.0068     2.0799     0.0042  0.0904219 -9.990e-29
       1779     12.351    14.7394   3.369071     2.0025     2.0744     0.0042  0.0904058 -9.990e-29
       1780     12.358    14.7309   3.369396     1.9983     2.0689     0.0042  0.0903892 -9.990e-29
       1781     12.365    14.7220   3.369716     1.9940     2.0635     0.0042  0.0903729 -9.990e-29
       1782     12.372    14.7130   3.370030     1.9898     2.0580     0.0042  0.0903568 -9.990e-29
       1783     12.379    14.7037   3.370336     1.9857     2.0525     0.0042  0.0903406 -9.990e-29
       1784     12.386    14.6943   3.370635     1.9815     2.0471     0.0042  0.0903245 -9.990e-29
       1785     12.393    14.6848   3.370928     1.9774     2.0416     0.0042  0.0903081 -9.990e-29
       1786     12.399    14.6753   3.371214     1.9734     2.0362     0.0042  0.0902915 -9.990e-29
       1787     12.406    14.6659   3.371494     1.9693     2.0308     0.0042  0.0902744 -9.990e-29
       1788     12.413    14.6566   3.371770     1.9653     2.0254     0.0042  0.0902568 -9.990e-29
       1789     12.419    14.6474   3.372043     1.9612     2.0201     0.0042  0.0902386 -9.990e-29
       1790     12.426    14.6385   3.372315     1.9572     2.0148     0.0042  0.0902196 -9.990e-29
       1791     12.433    14.6297   3.372586     1.9533     2.0095     0.0042  0.0901996 -9.990e-29
       1792     12.440    14.6210   3.372857     1.9494     2.0042     0.0042  0.0901787 -9.990e-29
       1793     12.446    14.6125   3.373130     1.9455     1.9989     0.0040  0.0901574 -9.990e-29
       1794     12.453    14.6041   3.373406     1.9416     1.9937     0.0040  0.0901372 -9.990e-29
       1795     12.460    14.5958   3.373688     1.9377     1.9885     0.0040  0.0901190 -9.990e-29
       1796     12.467    14.5875   3.373978     1.9339     1.9834     0.0040  0.0901026 -9.990e-29
       1797     12.473    14.5790   3.374278     1.9301     1.9782     0.0040  0.0900879 -9.990e-29
       1798     12.480    14.5704   3.374591     1.9264     1.9731     0.0040  0.0900747 -9.990e-29
       1799     12.487    14.5615   3.374918     1.9226     1.9681     0.0040  0.0900630 -9.990e-29
       1800     12.494    14.5522   3.375262     1.9189     1.9630     0.0040  0.0900527 -9.990e-29
       1801     12.501    14.5429   3.375626     1.9152     1.9580     0.0040  0.0900438 -9.990e-29
       1802     12.508    14.5338   3.376014     1.9114     1.9531     0.0040  0.0900361 -9.990e-29
       1803     12.515    14.5247   3.376427     1.9077     1.9481     0.0040  0.0900296 -9.990e-29
       1804     12.522    14.5151   3.376864     1.9041     1.9432     0.0040  0.0900243 -9.990e-29
       1805     12.529    14.5051   3.377327     1.9005     1.9384     0.0040  0.0900201 -9.990e-29
       1806     12.536    14.4948   3.377812     1.8969     1.9336     0.0040  0.0900170 -9.990e-29
       1807     12.543    14.4841   3.378313     1.8933     1.9288     0.0040  0.0900150 -9.990e-29
       1808     12.550    14.4730   3.378820     1.8897     1.9241     0.0040  0.0900140 -9.990e-29
       1809     12.557    14.4617   3.379324     1.8862     1.9194     0.0040  0.0900141 -9.990e-29
       1810     12.564    14.4504   3.379818     1.8826     1.9147     0.0040  0.0900162 -9.990e-29
       1811     12.570    14.4393   3.380298     1.8791     1.9101     0.0040  0.0900209 -9.990e-29
       1812     12.577    14.4283   3.380756     1.8755     1.9055     0.0040  0.0900277 -9.990e-29
       1813     12.584    14.4170   3.381191     1.8720     1.9010     0.0040  0.0900356 -9.990e-29
       1814     12.591    14.4055   3.381601     1.8685     1.8965     0.0040  0.0900447 -9.990e-29
       1815     12.598    14.3941   3.381989     1.8651     1.8920     0.0040  0.0900551 -9.990e-29
       1816     12.604    14.3827   3.382354     1.8616     1.8875     0.0040  0.0900668 -9.990e-29
       1817     12.611    14.3714   3.382697     1.8582     1.8831     0.0040  0.0900799 -9.990e-29
       1818     12.618    14.3602   3.383018     1.8548     1.8788     0.0038  0.0900946 -9.990e-29
       1819     12.625    14.3487   3.383320     1.8514     1.8745     0.0038  0.0901100 -9.990e-29
       1820     12.632    14.3367   3.383609     1.8480     1.8702     0.0038  0.0901246 -9.990e-29
       1821     12.639    14.3242   3.383889     1.8446     1.8659     0.0038  0.0901376 -9.990e-29
       1822     12.646    14.3111   3.384162     1.8413     1.8617     0.0038  0.0901492 -9.990e-29
       1823     12.652    14.2976   3.384428     1.8379     1.8575     0.0038  0.0901593 -9.990e-29
       1824     12.659    14.2837   3.384686     1.8346     1.8533     0.0038  0.0901682 -9.990e-29
       1825     12.666    14.2693   3.384937     1.8312     1.8492     0.0038  0.0901757 -9.990e-29
       1826     12.672    14.2545   3.385183     1.8279     1.8451     0.0038  0.0901821 -9.990e-29
       1827     12.679    14.2388   3.385425     1.8245     1.8410     0.0038  0.0901872 -9.990e-29
       1828     12.686    14.2221   3.385668     1.8212     1.8370     0.0038  0.0901913 -9.990e-29
       1829     12.692    14.2045   3.385911     1.8179     1.8329     0.0038  0.0901942 -9.990e-29
       1830     12.699    14.1864   3.386156     1.8146     1.8290     0.0038  0.0901960 -9.990e-29
       1831     12.705    14.1680   3.386401     1.8113     1.8250     0.0038  0.0901968 -9.990e-29
       1832     12.712    14.1497   3.386643     1.8081     1.8211     0.0038  0.0901965 -9.990e-29
       1833     12.718    14.1316   3.386876     1.8048     1.8172     0.0038  0.0901951 -9.990e-29
       1834     12.725    14.1141   3.387098     1.8015     1.8134     0.0038  0.0901927 -9.990e-29
       1835     12.731    14.0972   3.387305     1.7983     1.8096     0.0038  0.0901891 -9.990e-29
       1836     12.737    14.0812   3.387499     1.7951     1.8058     0.0038  0.0901844 -9.990e-29
       1837     12.743    14.0663   3.387678     1.7919     1.8020     0.0038  0.0901786 -9.990e-29
       1838     12.749    14.0526   3.387842     1.7887     1.7983     0.0038  0.0901716 -9.990e-29
       1839     12.755    14.0402   3.387992     1.7856     1.7946     0.0038  0.0901633 -9.990e-29
       1840     12.762    14.0291   3.388127     1.7824     1.7909     0.0038  0.0901538 -9.990e-29
       1841     12.767    14.0190   3.388248     1.7793     1.7873     0.0038  0.0901428 -9.990e-29
       1842     12.773    14.0097   3.388357     1.7761     1.7837     0.0038  0.0901304 -9.990e-29
       1843     12.779    14.0010   3.388455     1.7730     1.7801     0.0038  0.0901165 -9.990e-29
       1844     12.784    13.9929   3.388544     1.7699     1.7765     0.0038  0.0901018 -9.990e-29
       1845     12.790    13.9852   3.388626     1.7668     1.7730     0.0038  0.0900880 -9.990e-29
       1846     12.795    13.9776   3.388702     1.7637     1.7695     0.0038  0.0900757 -9.990e-29
       1847     12.800    13.9703   3.388774     1.7606     1.7660     0.0038  0.0900649 -9.990e-29
       1848     12.805    13.9633   3.388842     1.7575     1.7625     0.0038  0.0900555 -9.990e-29
       1849     12.810    13.9568   3.388906     1.7545     1.7591     0.0038  0.0900474 -9.990e-29
       1850     12.815    13.9510   3.388965     1.7514     1.7557     0.0038  0.0900407 -9.990e-29
       1851     12.820    13.9460   3.389019     1.7484     1.7523     0.0038  0.0900351 -9.990e-29
       1852     12.824    13.9416   3.389066     1.7453     1.7489     0.0038  0.0900308 -9.990e-29
       1853     12.828    13.9379   3.389108     1.7423     1.7456     0.0038  0.0900277 -9.990e-29
       1854     12.832    13.9347   3.389144     1.7393     1.7422     0.0038  0.0900257 -9.990e-29
       1855     12.836    13.9320   3.389175     1.7364     1.7390     0.0038  0.0900248 -9.990e-29
       1856     12.839    13.9296   3.389200     1.7334     1.7357     0.0038  0.0900251 -9.990e-29
       1857     12.842    13.9278   3.389221     1.7305     1.7325     0.0038  0.0900266 -9.990e-29
       1858     12.845    13.9263   3.389238     1.7276     1.7293     0.0038  0.0900291 -9.990e-29
       1859     12.849    13.9254   3.389249     1.7246     1.7262     0.0038  0.0900328 -9.990e-29
       1860     12.852    13.9248   3.389257     1.7218     1.7231     0.0038  0.0900378 -9.990e-29
       1861     12.854    13.9246   3.389260     1.7189     1.7200     0.0038  0.0900439 -9.990e-29
       1862     12.857    13.9248   3.389258     1.7161     1.7170     0.0038  0.0900513 -9.990e-29
       1863     12.860    13.9250   3.389252     1.7133     1.7140     0.0038  0.0900600 -9.990e-29
       1864     12.862    13.9249   3.389244     1.7106     1.7111     0.0038  0.0900701 -9.990e-29
       1865     12.864    13.9242   3.389238     1.7079     1.7082     0.0038  0.0900817 -9.990e-29
       1866     12.865    13.9229   3.389237     1.7052     1.7054     0.0038  0.0900947 -9.990e-29
       1867     12.867    13.9212   3.389241     1.7026     1.7026     0.0038  0.0901094 -9.990e-29
       1868     12.868    13.9195   3.389244     1.7000     1.6999     0.0038  0.0901259 -9.990e-29
       1869     12.869    13.9176   3.389244     1.6975     1.6972     0.0038  0.0901433 -9.990e-29
       1870     12.870    13.9156   3.389240     1.6950     1.6946     0.0038  0.0901601 -9.990e-29
       1871     12.871    13.9135   3.389233     1.6926     1.6921     0.0038  0.0901755 -9.990e-29
       1872     12.872    13.9112   3.389223     1.6903     1.6896     0.0038  0.0901898 -9.990e-29
       1873     12.874    13.9090   3.389210     1.6881     1.6873     0.0038  0.0902030 -9.990e-29
       1874     12.874    13.9068   3.389196     1.6859     1.6850     0.0038  0.0902151 -9.990e-29
       1875     12.875    13.9046   3.389181     1.6839     1.6828     0.0038  0.0902263 -9.990e-29
       1876     12.876    13.9025   3.389165     1.6819     1.6808     0.0038  0.0902366 -9.990e-29
       1877     12.876    13.9001   3.389149     1.6800     1.6788     0.0038  0.0902461 -9.990e-29
       1878     12.876    13.8974   3.389133     1.6783     1.6770     0.0038  0.0902541 -9.990e-29
       1879     12.877    13.8946   3.389119     1.6766     1.6753     0.0038  0.0902597 -9.990e-29
       1880     12.877    13.8917   3.389109     1.6751     1.6738     0.0038  0.0902638 -9.990e-29
       1881     12.877    13.8890   3.389102     1.6738     1.6724     0.0038  0.0902673 -9.990e-29
       1882     12.878    13.8867   3.389098     1.6726     1.6712     0.0038  0.0902702 -9.990e-29
       1883     12.878    13.8849   3.389095     1.6716     1.6702     0.0038  0.0902725 -9.990e-29
       1884     12.878    13.8836   3.389092     1.6707     1.6693     0.0038  0.0902744 -9.990e-29
       1885     12.878    13.8828   3.389089     1.6701     1.6687     0.0038  0.0902757 -9.990e-29
       1886     12.878    13.8823   3.389087     1.6697     1.6683     0.0038  0.0902764 -9.990e-29
       1887     12.878    13.8821   3.389086     1.6696     1.6682     0.0038  0.0902767 -9.990e-29
