code/data/2021/ctd_data_day3/station6f_ctm_fil_le.cnv
* Sea-Bird SBE 9 Data File:
* FileName = C:\Users\CTD-User\Desktop\MAR440\day3\station6f.hex
* Software Version Seasave V 7.26.2.13
* Temperature SN = 6313
* Conductivity SN = 4758
* Number of Bytes Per Scan = 37
* Number of Voltage Words = 4
* Number of Scans Averaged by the Deck Unit = 1
* NMEA Latitude = 58 18.97 N
* NMEA Longitude = 011 48.24 E
* NMEA UTC (Time) = Sep 23 2021 10:37:53
* NMEA baud rate = 4800
** Ship: Skagerrak
** Station: station6f
** Operator: Tor
# nquan = 9
# nvalues = 2508                        
# units = specified
# name 0 = scan: Scan Count
# name 1 = prDM: Pressure, Digiquartz [db]
# name 2 = t090C: Temperature [ITS-90, deg C]
# name 3 = c0S/m: Conductivity [S/m]
# name 4 = sbeox0V: Oxygen raw, SBE 43 [V]
# name 5 = sbeox1V: Oxygen raw, SBE 43, 2 [V]
# name 6 = flECO-AFL: Fluorescence, WET Labs ECO-AFL/FL [mg/m^3]
# name 7 = upoly0: Upoly 0, Turbidity
# name 8 = flag:  0.000e+00
# span 0 =          1,       2508       
# span 1 =      0.784,     27.109       
# span 2 =     9.0660,    15.6861       
# span 3 =   2.898495,   3.792571       
# span 4 =     1.0521,     2.7736       
# span 5 =     1.0683,     2.6904       
# span 6 =     0.0035,     0.0218       
# span 7 =  0.0871359,  0.1607957       
# span 8 = 0.0000e+00, 0.0000e+00       
# interval = seconds: 0.0416667
# start_time = Sep 23 2021 10:37:53 [NMEA time, header]
# bad_flag = -9.990e-29
*END*
[from data line 1281]
       1282      1.558    14.7357   2.927100     2.7524     2.6641     0.0179  0.1402505 0.0000e+00
       1283      1.578    14.7356   2.927092     2.7524     2.6640     0.0178  0.1403257 0.0000e+00
       1284      1.599    14.7356   2.927084     2.7524     2.6639     0.0178  0.1404123 0.0000e+00
       1285      1.620    14.7356   2.927077     2.7524     2.6639     0.0178  0.1405107 0.0000e+00
       1286      1.640    14.7355   2.927071     2.7524     2.6638     0.0178  0.1406217 0.0000e+00
       1287      1.661    14.7355   2.927065     2.7524     2.6637     0.0178  0.1407461 0.0000e+00
       1288      1.681    14.7355   2.927059     2.7524     2.6636     0.0178  0.1408847 0.0000e+00
       1289      1.702    14.7355   2.927054     2.7524     2.6635     0.0179  0.1410385 0.0000e+00
       1290      1.723    14.7355   2.927049     2.7524     2.6634     0.0179  0.1412085 0.0000e+00
       1291      1.744    14.7354   2.927044     2.7524     2.6633     0.0178  0.1413969 0.0000e+00
       1292      1.765    14.7354   2.927040     2.7524     2.6632     0.0178  0.1416056 0.0000e+00
       1293      1.786    14.7354   2.927036     2.7523     2.6631     0.0178  0.1418354 0.0000e+00
       1294      1.807    14.7354   2.927033     2.7523     2.6630     0.0178  0.1420871 0.0000e+00
       1295      1.828    14.7354   2.927031     2.7523     2.6630     0.0179  0.1423622 0.0000e+00
       1296      1.849    14.7354   2.927029     2.7523     2.6629     0.0201  0.1426552 0.0000e+00
       1297      1.870    14.7354   2.927028     2.7522     2.6628     0.0216  0.1429476 0.0000e+00
       1298      1.892    14.7354   2.927026     2.7522     2.6627     0.0218  0.1432238 0.0000e+00
       1299      1.913    14.7354   2.927025     2.7522     2.6626     0.0218  0.1434804 0.0000e+00
       1300      1.935    14.7354   2.927025     2.7521     2.6625     0.0218  0.1437192 0.0000e+00
       1301      1.956    14.7354   2.927026     2.7521     2.6625     0.0216  0.1439421 0.0000e+00
       1302      1.978    14.7354   2.927027     2.7520     2.6624     0.0216  0.1441504 0.0000e+00
       1303      2.000    14.7354   2.927030     2.7520     2.6623     0.0216  0.1443456 0.0000e+00
       1304      2.022    14.7354   2.927034     2.7519     2.6622     0.0216  0.1445292 0.0000e+00
       1305      2.044    14.7355   2.927040     2.7519     2.6621     0.0218  0.1447023 0.0000e+00
       1306      2.066    14.7355   2.927046     2.7519     2.6621     0.0216  0.1448662 0.0000e+00
       1307      2.088    14.7355   2.927054     2.7518     2.6620     0.0216  0.1450220 0.0000e+00
       1308      2.110    14.7355   2.927062     2.7518     2.6619     0.0218  0.1451708 0.0000e+00
       1309      2.132    14.7355   2.927070     2.7517     2.6619     0.0218  0.1453137 0.0000e+00
       1310      2.154    14.7355   2.927077     2.7517     2.6618     0.0216  0.1454515 0.0000e+00
       1311      2.177    14.7356   2.927084     2.7516     2.6617     0.0218  0.1455854 0.0000e+00
       1312      2.199    14.7356   2.927091     2.7516     2.6617     0.0218  0.1457162 0.0000e+00
       1313      2.222    14.7356   2.927098     2.7516     2.6616     0.0218  0.1458448 0.0000e+00
       1314      2.244    14.7356   2.927104     2.7515     2.6615     0.0218  0.1459722 0.0000e+00
       1315      2.267    14.7357   2.927110     2.7515     2.6615     0.0216  0.1460991 0.0000e+00
       1316      2.289    14.7357   2.927117     2.7514     2.6614     0.0216  0.1462266 0.0000e+00
       1317      2.312    14.7357   2.927123     2.7514     2.6614     0.0218  0.1463554 0.0000e+00
       1318      2.334    14.7358   2.927128     2.7514     2.6613     0.0216  0.1464865 0.0000e+00
       1319      2.357    14.7358   2.927133     2.7514     2.6613     0.0218  0.1466208 0.0000e+00
       1320      2.379    14.7358   2.927138     2.7513     2.6612     0.0218  0.1467592 0.0000e+00
       1321      2.402    14.7358   2.927141     2.7513     2.6612     0.0214  0.1469010 0.0000e+00
       1322      2.424    14.7358   2.927144     2.7513     2.6611     0.0209  0.1470421 0.0000e+00
       1323      2.446    14.7358   2.927146     2.7513     2.6611     0.0207  0.1471775 0.0000e+00
       1324      2.468    14.7358   2.927148     2.7513     2.6611     0.0209  0.1473047 0.0000e+00
       1325      2.490    14.7358   2.927150     2.7514     2.6610     0.0209  0.1474238 0.0000e+00
       1326      2.512    14.7358   2.927151     2.7514     2.6610     0.0207  0.1475357 0.0000e+00
       1327      2.534    14.7358   2.927153     2.7514     2.6610     0.0209  0.1476411 0.0000e+00
       1328      2.556    14.7358   2.927155     2.7515     2.6610     0.0209  0.1477407 0.0000e+00
       1329      2.578    14.7358   2.927157     2.7515     2.6609     0.0207  0.1478352 0.0000e+00
       1330      2.600    14.7358   2.927160     2.7515     2.6609     0.0207  0.1479253 0.0000e+00
       1331      2.622    14.7358   2.927165     2.7516     2.6609     0.0209  0.1480116 0.0000e+00
       1332      2.644    14.7358   2.927170     2.7516     2.6609     0.0207  0.1480948 0.0000e+00
       1333      2.665    14.7359   2.927177     2.7517     2.6609     0.0207  0.1481753 0.0000e+00
       1334      2.687    14.7359   2.927184     2.7518     2.6609     0.0209  0.1482537 0.0000e+00
       1335      2.709    14.7359   2.927192     2.7518     2.6609     0.0207  0.1483307 0.0000e+00
       1336      2.730    14.7360   2.927201     2.7519     2.6609     0.0209  0.1484067 0.0000e+00
       1337      2.752    14.7360   2.927211     2.7520     2.6608     0.0207  0.1484822 0.0000e+00
       1338      2.773    14.7360   2.927222     2.7520     2.6608     0.0207  0.1485579 0.0000e+00
       1339      2.795    14.7361   2.927235     2.7521     2.6608     0.0207  0.1486341 0.0000e+00
       1340      2.817    14.7361   2.927248     2.7522     2.6607     0.0209  0.1487115 0.0000e+00
       1341      2.838    14.7361   2.927262     2.7523     2.6607     0.0209  0.1487906 0.0000e+00
       1342      2.859    14.7361   2.927278     2.7524     2.6606     0.0209  0.1488719 0.0000e+00
       1343      2.881    14.7361   2.927295     2.7525     2.6605     0.0209  0.1489559 0.0000e+00
       1344      2.903    14.7361   2.927314     2.7526     2.6605     0.0209  0.1490434 0.0000e+00
       1345      2.924    14.7361   2.927335     2.7527     2.6604     0.0209  0.1491349 0.0000e+00
       1346      2.946    14.7361   2.927357     2.7527     2.6604     0.0207  0.1492310 0.0000e+00
       1347      2.967    14.7361   2.927380     2.7528     2.6603     0.0209  0.1493298 0.0000e+00
       1348      2.989    14.7360   2.927403     2.7529     2.6603     0.0209  0.1494252 0.0000e+00
       1349      3.010    14.7360   2.927426     2.7530     2.6602     0.0209  0.1495121 0.0000e+00
       1350      3.032    14.7360   2.927449     2.7531     2.6601     0.0209  0.1495891 0.0000e+00
       1351      3.054    14.7359   2.927472     2.7532     2.6601     0.0209  0.1496570 0.0000e+00
       1352      3.075    14.7359   2.927493     2.7533     2.6600     0.0211  0.1497162 0.0000e+00
       1353      3.097    14.7359   2.927514     2.7534     2.6600     0.0209  0.1497670 0.0000e+00
       1354      3.119    14.7358   2.927535     2.7535     2.6599     0.0209  0.1498098 0.0000e+00
       1355      3.140    14.7358   2.927554     2.7536     2.6599     0.0209  0.1498450 0.0000e+00
       1356      3.162    14.7358   2.927572     2.7537     2.6598     0.0209  0.1498728 0.0000e+00
       1357      3.183    14.7358   2.927588     2.7538     2.6598     0.0211  0.1498933 0.0000e+00
       1358      3.205    14.7358   2.927604     2.7538     2.6598     0.0211  0.1499068 0.0000e+00
       1359      3.227    14.7358   2.927619     2.7539     2.6597     0.0211  0.1499133 0.0000e+00
       1360      3.248    14.7358   2.927633     2.7540     2.6597     0.0209  0.1499128 0.0000e+00
       1361      3.270    14.7358   2.927647     2.7541     2.6597     0.0209  0.1499053 0.0000e+00
       1362      3.291    14.7358   2.927662     2.7541     2.6597     0.0209  0.1498909 0.0000e+00
       1363      3.313    14.7357   2.927679     2.7542     2.6596     0.0209  0.1498693 0.0000e+00
       1364      3.334    14.7357   2.927696     2.7542     2.6596     0.0209  0.1498405 0.0000e+00
       1365      3.356    14.7357   2.927714     2.7543     2.6596     0.0211  0.1498043 0.0000e+00
       1366      3.377    14.7356   2.927732     2.7544     2.6596     0.0211  0.1497603 0.0000e+00
       1367      3.399    14.7356   2.927752     2.7544     2.6596     0.0209  0.1497083 0.0000e+00
       1368      3.421    14.7356   2.927771     2.7544     2.6595     0.0209  0.1496480 0.0000e+00
       1369      3.442    14.7356   2.927791     2.7545     2.6595     0.0209  0.1495788 0.0000e+00
       1370      3.464    14.7355   2.927812     2.7545     2.6595     0.0211  0.1495004 0.0000e+00
       1371      3.485    14.7355   2.927832     2.7546     2.6595     0.0209  0.1494122 0.0000e+00
       1372      3.507    14.7355   2.927852     2.7546     2.6595     0.0209  0.1493152 0.0000e+00
       1373      3.529    14.7355   2.927872     2.7547     2.6595     0.0203  0.1492147 0.0000e+00
       1374      3.550    14.7355   2.927890     2.7547     2.6595     0.0201  0.1491178 0.0000e+00
       1375      3.572    14.7355   2.927908     2.7547     2.6594     0.0201  0.1490279 0.0000e+00
       1376      3.593    14.7355   2.927924     2.7548     2.6594     0.0201  0.1489453 0.0000e+00
       1377      3.614    14.7356   2.927940     2.7548     2.6594     0.0201  0.1488693 0.0000e+00
       1378      3.636    14.7356   2.927954     2.7549     2.6594     0.0201  0.1487996 0.0000e+00
       1379      3.657    14.7356   2.927966     2.7549     2.6594     0.0201  0.1487355 0.0000e+00
       1380      3.679    14.7356   2.927977     2.7549     2.6594     0.0201  0.1486767 0.0000e+00
       1381      3.700    14.7356   2.927986     2.7550     2.6594     0.0203  0.1486227 0.0000e+00
       1382      3.721    14.7356   2.927993     2.7550     2.6594     0.0203  0.1485732 0.0000e+00
       1383      3.743    14.7357   2.927999     2.7551     2.6594     0.0203  0.1485278 0.0000e+00
       1384      3.765    14.7357   2.928003     2.7551     2.6594     0.0203  0.1484862 0.0000e+00
       1385      3.786    14.7357   2.928006     2.7552     2.6593     0.0201  0.1484481 0.0000e+00
       1386      3.808    14.7357   2.928008     2.7553     2.6593     0.0203  0.1484132 0.0000e+00
       1387      3.830    14.7358   2.928009     2.7553     2.6593     0.0201  0.1483814 0.0000e+00
       1388      3.851    14.7358   2.928009     2.7554     2.6593     0.0203  0.1483523 0.0000e+00
       1389      3.873    14.7358   2.928007     2.7554     2.6593     0.0201  0.1483258 0.0000e+00
       1390      3.895    14.7359   2.928006     2.7555     2.6593     0.0201  0.1483017 0.0000e+00
       1391      3.916    14.7359   2.928004     2.7555     2.6593     0.0201  0.1482798 0.0000e+00
       1392      3.938    14.7359   2.928002     2.7555     2.6593     0.0201  0.1482600 0.0000e+00
       1393      3.959    14.7360   2.928000     2.7556     2.6593     0.0201  0.1482422 0.0000e+00
       1394      3.981    14.7360   2.927998     2.7556     2.6593     0.0201  0.1482261 0.0000e+00
       1395      4.003    14.7361   2.927997     2.7557     2.6593     0.0201  0.1482118 0.0000e+00
       1396      4.024    14.7361   2.927996     2.7557     2.6592     0.0203  0.1481990 0.0000e+00
       1397      4.046    14.7362   2.927996     2.7558     2.6592     0.0203  0.1481878 0.0000e+00
       1398      4.068    14.7363   2.927996     2.7558     2.6592     0.0205  0.1481780 0.0000e+00
       1399      4.089    14.7363   2.927996     2.7559     2.6592     0.0207  0.1481696 0.0000e+00
       1400      4.111    14.7364   2.927995     2.7560     2.6592     0.0205  0.1481624 0.0000e+00
       1401      4.133    14.7365   2.927993     2.7561     2.6592     0.0207  0.1481565 0.0000e+00
       1402      4.154    14.7365   2.927992     2.7561     2.6591     0.0205  0.1481519 0.0000e+00
       1403      4.176    14.7366   2.927990     2.7562     2.6591     0.0207  0.1481484 0.0000e+00
       1404      4.198    14.7367   2.927989     2.7563     2.6591     0.0207  0.1481461 0.0000e+00
       1405      4.219    14.7367   2.927988     2.7564     2.6591     0.0205  0.1481449 0.0000e+00
       1406      4.241    14.7368   2.927987     2.7564     2.6590     0.0205  0.1481449 0.0000e+00
       1407      4.263    14.7369   2.927987     2.7565     2.6590     0.0205  0.1481460 0.0000e+00
       1408      4.284    14.7369   2.927988     2.7566     2.6590     0.0207  0.1481482 0.0000e+00
       1409      4.306    14.7370   2.927990     2.7566     2.6589     0.0207  0.1481516 0.0000e+00
       1410      4.327    14.7371   2.927994     2.7567     2.6589     0.0205  0.1481562 0.0000e+00
       1411      4.349    14.7371   2.927998     2.7568     2.6589     0.0207  0.1481620 0.0000e+00
       1412      4.371    14.7372   2.928003     2.7568     2.6589     0.0205  0.1481691 0.0000e+00
       1413      4.392    14.7372   2.928010     2.7569     2.6589     0.0207  0.1481774 0.0000e+00
       1414      4.414    14.7373   2.928019     2.7569     2.6589     0.0207  0.1481871 0.0000e+00
       1415      4.436    14.7373   2.928029     2.7569     2.6589     0.0205  0.1481983 0.0000e+00
       1416      4.457    14.7374   2.928040     2.7570     2.6589     0.0207  0.1482109 0.0000e+00
       1417      4.479    14.7374   2.928052     2.7570     2.6589     0.0207  0.1482252 0.0000e+00
       1418      4.500    14.7375   2.928065     2.7571     2.6589     0.0207  0.1482411 0.0000e+00
       1419      4.522    14.7376   2.928079     2.7572     2.6590     0.0207  0.1482589 0.0000e+00
       1420      4.543    14.7376   2.928094     2.7572     2.6590     0.0205  0.1482785 0.0000e+00
       1421      4.565    14.7377   2.928110     2.7573     2.6590     0.0205  0.1483003 0.0000e+00
       1422      4.586    14.7378   2.928128     2.7573     2.6590     0.0207  0.1483242 0.0000e+00
       1423      4.608    14.7378   2.928148     2.7574     2.6590     0.0203  0.1483506 0.0000e+00
       1424      4.629    14.7379   2.928169     2.7574     2.6591     0.0198  0.1483786 0.0000e+00
       1425      4.650    14.7380   2.928192     2.7575     2.6591     0.0192  0.1484069 0.0000e+00
       1426      4.672    14.7381   2.928216     2.7575     2.6591     0.0192  0.1484347 0.0000e+00
       1427      4.693    14.7382   2.928240     2.7576     2.6591     0.0192  0.1484623 0.0000e+00
       1428      4.715    14.7383   2.928265     2.7577     2.6591     0.0192  0.1484899 0.0000e+00
       1429      4.736    14.7384   2.928291     2.7577     2.6592     0.0192  0.1485175 0.0000e+00
       1430      4.758    14.7385   2.928318     2.7578     2.6592     0.0192  0.1485455 0.0000e+00
       1431      4.780    14.7386   2.928347     2.7578     2.6592     0.0192  0.1485740 0.0000e+00
       1432      4.801    14.7387   2.928377     2.7579     2.6592     0.0192  0.1486033 0.0000e+00
       1433      4.823    14.7388   2.928406     2.7579     2.6592     0.0194  0.1486335 0.0000e+00
       1434      4.844    14.7389   2.928434     2.7580     2.6592     0.0192  0.1486648 0.0000e+00
       1435      4.866    14.7390   2.928461     2.7580     2.6592     0.0192  0.1486974 0.0000e+00
       1436      4.887    14.7391   2.928486     2.7581     2.6592     0.0192  0.1487317 0.0000e+00
       1437      4.909    14.7392   2.928508     2.7581     2.6592     0.0194  0.1487677 0.0000e+00
       1438      4.930    14.7393   2.928530     2.7582     2.6592     0.0192  0.1488059 0.0000e+00
       1439      4.952    14.7394   2.928550     2.7582     2.6592     0.0192  0.1488463 0.0000e+00
       1440      4.974    14.7395   2.928570     2.7583     2.6592     0.0192  0.1488894 0.0000e+00
