code/data/2021/ctd_data_day3/station4d_ctm.cnv
* Sea-Bird SBE 9 Data File:
* FileName = C:\Users\CTD-User\Desktop\MAR440\day3\station4d.hex
* Software Version Seasave V 7.26.2.13
* Temperature SN = 6313
* Conductivity SN = 4758
* Number of Bytes Per Scan = 37
* Number of Voltage Words = 4
* Number of Scans Averaged by the Deck Unit = 1
* NMEA Latitude = 58 19.57 N
* NMEA Longitude = 011 50.76 E
* NMEA UTC (Time) = Sep 23 2021 09:22:13
* NMEA baud rate = 4800
** Ship: Skagerrak
** Station: station4D
** Operator: Nicolas
# nquan = 9
# nvalues = 1887                        
# units = specified
# name 0 = scan: Scan Count
# name 1 = prDM: Pressure, Digiquartz [db]
# name 2 = t090C: Temperature [ITS-90, deg C]
# name 3 = c0S/m: Conductivity [S/m]
# name 4 = sbeox0V: Oxygen raw, SBE 43 [V]
# name 5 = sbeox1V: Oxygen raw, SBE 43, 2 [V]
# name 6 = flECO-AFL: Fluorescence, WET Labs ECO-AFL/FL [mg/m^3]
# name 7 = upoly0: Upoly 0, Turbidity
# name 8 = flag:  0.000e+00
# span 0 =          1,       1887       
# span 1 =      0.634,     12.935       
# span 2 =    13.8096,    15.8465       
# span 3 =   2.926118,   3.390174       
# span 4 =     1.6324,     2.7485       
# span 5 =     1.6288,     2.6423       
# span 6 =     0.0037,     0.0101       
# span 7 =  0.0893736,  0.1592149       
# span 8 = 0.0000e+00, 0.0000e+00       
# interval = seconds: 0.0416667
# start_time = Sep 23 2021 09:22:13 [NMEA time, header]
# bad_flag = -9.990e-29
*END*
[from data line 641]
        642      0.704    15.0545   2.966157     2.7216     2.6264     0.0068  0.1489585 0.0000e+00
        643      0.671    15.0548   2.966109     2.7229     2.6276     0.0068  0.1489585 0.0000e+00
        644      0.704    15.0548   2.966058     2.7241     2.6264     0.0068  0.1489585 0.0000e+00
        645      0.671    15.0555   2.966028     2.7229     2.6264     0.0064  0.1509121 0.0000e+00
        646      0.704    15.0558   2.966106     2.7216     2.6276     0.0064  0.1523773 0.0000e+00
        647      0.671    15.0575   2.966178     2.7229     2.6264     0.0064  0.1523773 0.0000e+00
        648      0.729    15.0590   2.966450     2.7229     2.6276     0.0064  0.1523773 0.0000e+00
        649      0.638    15.0617   2.966559     2.7229     2.6264     0.0064  0.1518889 0.0000e+00
        650      0.728    15.0631   2.966658     2.7229     2.6264     0.0064  0.1518889 0.0000e+00
        651      0.638    15.0642   2.966855     2.7229     2.6276     0.0064  0.1518889 0.0000e+00
        652      0.728    15.0655   2.967059     2.7216     2.6264     0.0064  0.1523773 0.0000e+00
        653      0.703    15.0666   2.967256     2.7229     2.6264     0.0064  0.1523773 0.0000e+00
        654      0.670    15.0678   2.967553     2.7229     2.6264     0.0064  0.1523773 0.0000e+00
        655      0.703    15.0685   2.967743     2.7216     2.6276     0.0064  0.1523773 0.0000e+00
        656      0.728    15.0689   2.967821     2.7216     2.6276     0.0064  0.1523773 0.0000e+00
        657      0.703    15.0690   2.967876     2.7229     2.6276     0.0064  0.1523773 0.0000e+00
        658      0.728    15.0709   2.967856     2.7229     2.6276     0.0064  0.1523773 0.0000e+00
        659      0.703    15.0720   2.968014     2.7229     2.6264     0.0064  0.1523773 0.0000e+00
        660      0.728    15.0722   2.968390     2.7229     2.6276     0.0064  0.1523773 0.0000e+00
        661      0.703    15.0715   2.968442     2.7229     2.6276     0.0064  0.1523773 0.0000e+00
        662      0.728    15.0697   2.968269     2.7216     2.6276     0.0064  0.1523773 0.0000e+00
        663      0.703    15.0692   2.968200     2.7229     2.6276     0.0064  0.1523773 0.0000e+00
        664      0.728    15.0693   2.968046     2.7229     2.6276     0.0062  0.1518889 0.0000e+00
        665      0.703    15.0702   2.968165     2.7216     2.6276     0.0064  0.1523773 0.0000e+00
        666      0.727    15.0707   2.968244     2.7204     2.6276     0.0064  0.1518889 0.0000e+00
        667      0.703    15.0705   2.968231     2.7229     2.6276     0.0064  0.1523773 0.0000e+00
        668      0.727    15.0721   2.968248     2.7229     2.6276     0.0064  0.1523773 0.0000e+00
        669      0.637    15.0732   2.968467     2.7216     2.6276     0.0064  0.1523773 0.0000e+00
        670      0.727    15.0751   2.968723     2.7229     2.6276     0.0064  0.1518889 0.0000e+00
        671      0.702    15.0771   2.968940     2.7229     2.6276     0.0064  0.1518889 0.0000e+00
        672      0.669    15.0778   2.969097     2.7229     2.6276     0.0064  0.1514005 0.0000e+00
        673      0.702    15.0783   2.969197     2.7229     2.6276     0.0064  0.1518889 0.0000e+00
        674      0.727    15.0784   2.969319     2.7204     2.6276     0.0064  0.1518889 0.0000e+00
        675      0.636    15.0788   2.969369     2.7204     2.6276     0.0064  0.1514005 0.0000e+00
        676      0.727    15.0791   2.969381     2.7204     2.6288     0.0064  0.1514005 0.0000e+00
        677      0.702    15.0790   2.969342     2.7216     2.6288     0.0064  0.1518889 0.0000e+00
        678      0.669    15.0779   2.969243     2.7229     2.6276     0.0064  0.1518889 0.0000e+00
        679      0.702    15.0747   2.969136     2.7204     2.6288     0.0064  0.1514005 0.0000e+00
        680      0.727    15.0721   2.969075     2.7204     2.6288     0.0064  0.1514005 0.0000e+00
        681      0.636    15.0719   2.968781     2.7204     2.6276     0.0064  0.1518889 0.0000e+00
        682      0.726    15.0725   2.968590     2.7229     2.6276     0.0064  0.1518889 0.0000e+00
        683      0.702    15.0737   2.968644     2.7216     2.6288     0.0064  0.1518889 0.0000e+00
        684      0.726    15.0741   2.968755     2.7204     2.6288     0.0064  0.1518889 0.0000e+00
        685      0.702    15.0747   2.968857     2.7192     2.6276     0.0064  0.1518889 0.0000e+00
        686      0.726    15.0745   2.968828     2.7204     2.6288     0.0064  0.1518889 0.0000e+00
        687      0.726    15.0746   2.968828     2.7216     2.6288     0.0064  0.1514005 0.0000e+00
        688      0.701    15.0747   2.968773     2.7204     2.6276     0.0064  0.1514005 0.0000e+00
        689      0.726    15.0751   2.968873     2.7192     2.6276     0.0064  0.1518889 0.0000e+00
        690      0.701    15.0752   2.968835     2.7192     2.6276     0.0064  0.1518889 0.0000e+00
        691      0.726    15.0754   2.968851     2.7204     2.6276     0.0064  0.1518889 0.0000e+00
        692      0.701    15.0754   2.968801     2.7229     2.6276     0.0064  0.1518889 0.0000e+00
        693      0.726    15.0752   2.968866     2.7204     2.6276     0.0064  0.1518889 0.0000e+00
        694      0.701    15.0749   2.968843     2.7192     2.6288     0.0064  0.1518889 0.0000e+00
        695      0.726    15.0747   2.968874     2.7192     2.6288     0.0064  0.1518889 0.0000e+00
        696      0.701    15.0741   2.968761     2.7216     2.6276     0.0066  0.1553077 0.0000e+00
        697      0.726    15.0739   2.968593     2.7216     2.6288     0.0066  0.1577497 0.0000e+00
        698      0.635    15.0736   2.968532     2.7204     2.6276     0.0066  0.1577497 0.0000e+00
        699      0.725    15.0730   2.968639     2.7204     2.6276     0.0066  0.1577497 0.0000e+00
        700      0.701    15.0722   2.968575     2.7192     2.6276     0.0066  0.1577497 0.0000e+00
        701      0.725    15.0714   2.968417     2.7216     2.6276     0.0066  0.1577497 0.0000e+00
        702      0.635    15.0690   2.968285     2.7229     2.6276     0.0066  0.1577497 0.0000e+00
        703      0.725    15.0678   2.968043     2.7204     2.6276     0.0066  0.1577497 0.0000e+00
        704      0.700    15.0667   2.967972     2.7192     2.6276     0.0066  0.1577497 0.0000e+00
        705      0.725    15.0665   2.967883     2.7204     2.6276     0.0066  0.1577497 0.0000e+00
        706      0.634    15.0665   2.967795     2.7229     2.6276     0.0066  0.1577497 0.0000e+00
        707      0.725    15.0665   2.967694     2.7229     2.6276     0.0066  0.1577497 0.0000e+00
        708      0.700    15.0665   2.967540     2.7204     2.6276     0.0066  0.1577497 0.0000e+00
        709      0.725    15.0663   2.967500     2.7192     2.6276     0.0066  0.1572613 0.0000e+00
        710      0.634    15.0653   2.967529     2.7192     2.6276     0.0066  0.1577497 0.0000e+00
        711      0.725    15.0641   2.967502     2.7229     2.6276     0.0066  0.1577497 0.0000e+00
        712      0.700    15.0638   2.967446     2.7216     2.6276     0.0064  0.1577497 0.0000e+00
        713      0.667    15.0651   2.967356     2.7204     2.6276     0.0066  0.1577497 0.0000e+00
        714      0.700    15.0671   2.967292     2.7204     2.6264     0.0066  0.1577497 0.0000e+00
        715      0.667    15.0684   2.967452     2.7204     2.6264     0.0066  0.1577497 0.0000e+00
        716      0.700    15.0693   2.967692     2.7216     2.6264     0.0066  0.1577497 0.0000e+00
        717      0.667    15.0697   2.967920     2.7204     2.6264     0.0066  0.1572613 0.0000e+00
        718      0.699    15.0693   2.968039     2.7192     2.6264     0.0066  0.1577497 0.0000e+00
        719      0.666    15.0693   2.968039     2.7192     2.6264     0.0066  0.1577497 0.0000e+00
        720      0.699    15.0699   2.968014     2.7192     2.6264     0.0066  0.1577497 0.0000e+00
        721      0.666    15.0710   2.967929     2.7229     2.6264     0.0064  0.1582381 0.0000e+00
        722      0.699    15.0720   2.968170     2.7204     2.6252     0.0060  0.1587265 0.0000e+00
        723      0.666    15.0725   2.968426     2.7192     2.6264     0.0060  0.1592149 0.0000e+00
        724      0.699    15.0725   2.968586     2.7192     2.6252     0.0060  0.1592149 0.0000e+00
        725      0.724    15.0717   2.968472     2.7204     2.6252     0.0060  0.1592149 0.0000e+00
        726      0.666    15.0701   2.968272     2.7204     2.6252     0.0060  0.1592149 0.0000e+00
        727      0.699    15.0651   2.968098     2.7192     2.6252     0.0060  0.1587265 0.0000e+00
        728      0.724    15.0563   2.967743     2.7180     2.6252     0.0060  0.1592149 0.0000e+00
        729      0.699    15.0506   2.967063     2.7180     2.6252     0.0060  0.1592149 0.0000e+00
        730      0.666    15.0489   2.966372     2.7204     2.6252     0.0060  0.1587265 0.0000e+00
        731      0.699    15.0462   2.965887     2.7204     2.6252     0.0060  0.1592149 0.0000e+00
        732      0.723    15.0425   2.965563     2.7180     2.6252     0.0060  0.1592149 0.0000e+00
        733      0.699    15.0434   2.965103     2.7180     2.6252     0.0060  0.1587265 0.0000e+00
        734      0.723    15.0485   2.964847     2.7180     2.6252     0.0060  0.1592149 0.0000e+00
        735      0.699    15.0525   2.965111     2.7204     2.6252     0.0060  0.1592149 0.0000e+00
        736      0.723    15.0543   2.965544     2.7192     2.6252     0.0060  0.1587265 0.0000e+00
        737      0.698    15.0540   2.965902     2.7180     2.6252     0.0060  0.1587265 0.0000e+00
        738      0.723    15.0523   2.965955     2.7180     2.6240     0.0060  0.1592149 0.0000e+00
        739      0.756    15.0501   2.965815     2.7180     2.6252     0.0060  0.1587265 0.0000e+00
        740      0.665    15.0521   2.965573     2.7192     2.6252     0.0060  0.1592149 0.0000e+00
        741      0.756    15.0542   2.965450     2.7180     2.6252     0.0059  0.1587265 0.0000e+00
        742      0.723    15.0530   2.965406     2.7180     2.6240     0.0060  0.1592149 0.0000e+00
        743      0.756    15.0546   2.965506     2.7180     2.6240     0.0060  0.1587265 0.0000e+00
        744      0.723    15.0543   2.965610     2.7180     2.6240     0.0060  0.1587265 0.0000e+00
        745      0.698    15.0506   2.965568     2.7192     2.6240     0.0060  0.1592149 0.0000e+00
        746      0.723    15.0443   2.965361     2.7180     2.6240     0.0060  0.1587265 0.0000e+00
        747      0.756    15.0379   2.964951     2.7168     2.6240     0.0062  0.1562845 0.0000e+00
        748      0.723    15.0349   2.964189     2.7168     2.6240     0.0064  0.1548193 0.0000e+00
        749      0.698    15.0346   2.963602     2.7192     2.6240     0.0064  0.1543309 0.0000e+00
        750      0.723    15.0311   2.963071     2.7192     2.6240     0.0064  0.1548193 0.0000e+00
        751      0.755    15.0265   2.962385     2.7180     2.6240     0.0064  0.1548193 0.0000e+00
        752      0.722    15.0241   2.961967     2.7180     2.6240     0.0064  0.1548193 0.0000e+00
        753      0.698    15.0228   2.961930     2.7168     2.6240     0.0064  0.1548193 0.0000e+00
        754      0.722    15.0226   2.961947     2.7180     2.6240     0.0064  0.1548193 0.0000e+00
        755      0.698    15.0236   2.962116     2.7180     2.6240     0.0064  0.1543309 0.0000e+00
        756      0.722    15.0250   2.962194     2.7180     2.6240     0.0064  0.1548193 0.0000e+00
        757      0.755    15.0282   2.962235     2.7168     2.6240     0.0064  0.1548193 0.0000e+00
        758      0.664    15.0336   2.962367     2.7180     2.6240     0.0064  0.1543309 0.0000e+00
        759      0.755    15.0309   2.962578     2.7192     2.6240     0.0062  0.1548193 0.0000e+00
        760      0.664    15.0253   2.962539     2.7180     2.6240     0.0064  0.1548193 0.0000e+00
        761      0.697    15.0235   2.962191     2.7180     2.6240     0.0064  0.1548193 0.0000e+00
        762      0.664    15.0230   2.961903     2.7180     2.6240     0.0064  0.1548193 0.0000e+00
        763      0.722    15.0209   2.961735     2.7168     2.6240     0.0064  0.1548193 0.0000e+00
        764      0.697    15.0196   2.961466     2.7180     2.6240     0.0064  0.1548193 0.0000e+00
        765      0.788    15.0231   2.961281     2.7180     2.6240     0.0064  0.1548193 0.0000e+00
        766      0.697    15.0351   2.961494     2.7168     2.6240     0.0064  0.1543309 0.0000e+00
        767      0.722    15.0479   2.962355     2.7180     2.6240     0.0064  0.1543309 0.0000e+00
        768      0.697    15.0584   2.963909     2.7180     2.6240     0.0064  0.1543309 0.0000e+00
        769      0.787    15.0668   2.965625     2.7180     2.6240     0.0064  0.1548193 0.0000e+00
        770      0.697    15.0710   2.966845     2.7168     2.6240     0.0064  0.1548193 0.0000e+00
        771      0.787    15.0714   2.967503     2.7180     2.6240     0.0064  0.1548193 0.0000e+00
        772      0.754    15.0719   2.967842     2.7180     2.6240     0.0062  0.1538425 0.0000e+00
        773      0.721    15.0742   2.968087     2.7180     2.6252     0.0064  0.1518889 0.0000e+00
        774      0.820    15.0764   2.968416     2.7180     2.6240     0.0064  0.1514005 0.0000e+00
        775      0.721    15.0768   2.968875     2.7168     2.6252     0.0064  0.1518889 0.0000e+00
        776      0.820    15.0775   2.969131     2.7168     2.6240     0.0064  0.1518889 0.0000e+00
        777      0.787    15.0764   2.969044     2.7168     2.6252     0.0064  0.1518889 0.0000e+00
        778      0.820    15.0724   2.968863     2.7180     2.6252     0.0064  0.1518889 0.0000e+00
        779      0.787    15.0686   2.968328     2.7180     2.6252     0.0064  0.1518889 0.0000e+00
        780      0.820    15.0661   2.967993     2.7168     2.6252     0.0064  0.1518889 0.0000e+00
        781      0.787    15.0634   2.967678     2.7180     2.6252     0.0064  0.1518889 0.0000e+00
        782      0.877    15.0619   2.967280     2.7168     2.6264     0.0064  0.1514005 0.0000e+00
        783      0.787    15.0612   2.967028     2.7180     2.6264     0.0064  0.1518889 0.0000e+00
        784      0.820    15.0608   2.966916     2.7180     2.6252     0.0064  0.1518889 0.0000e+00
        785      0.844    15.0599   2.966874     2.7180     2.6264     0.0064  0.1518889 0.0000e+00
        786      0.877    15.0594   2.966866     2.7180     2.6264     0.0064  0.1518889 0.0000e+00
        787      0.786    15.0587   2.966781     2.7180     2.6264     0.0064  0.1518889 0.0000e+00
        788      0.877    15.0563   2.966555     2.7180     2.6264     0.0064  0.1518889 0.0000e+00
        789      0.844    15.0508   2.966181     2.7180     2.6264     0.0062  0.1518889 0.0000e+00
        790      0.877    15.0469   2.965818     2.7180     2.6264     0.0064  0.1518889 0.0000e+00
        791      0.844    15.0410   2.965342     2.7168     2.6276     0.0064  0.1514005 0.0000e+00
        792      0.877    15.0331   2.964688     2.7180     2.6276     0.0064  0.1518889 0.0000e+00
        793      0.844    15.0290   2.963678     2.7192     2.6276     0.0064  0.1514005 0.0000e+00
        794      0.943    15.0211   2.962710     2.7180     2.6276     0.0064  0.1518889 0.0000e+00
        795      0.844    15.0126   2.961944     2.7180     2.6276     0.0064  0.1518889 0.0000e+00
        796      0.910    15.0123   2.961276     2.7180     2.6276     0.0064  0.1518889 0.0000e+00
        797      0.876    15.0194   2.961078     2.7192     2.6276     0.0064  0.1514005 0.0000e+00
        798      0.909    15.0262   2.961436     2.7192     2.6276     0.0066  0.1489585 0.0000e+00
        799      0.876    15.0274   2.962015     2.7180     2.6276     0.0068  0.1470049 0.0000e+00
        800      0.909    15.0224   2.962310     2.7180     2.6276     0.0068  0.1470049 0.0000e+00
