code/data/2021/ctd_data_day3/station2B.cnv
* Sea-Bird SBE 9 Data File:
* FileName = C:\Users\CTD-User\Desktop\MAR440\day3\station2B.hex
* Software Version Seasave V 7.26.2.13
* Temperature SN = 6313
* Conductivity SN = 4758
* Number of Bytes Per Scan = 37
* Number of Voltage Words = 4
* Number of Scans Averaged by the Deck Unit = 1
* NMEA Latitude = 58 20.01 N
* NMEA Longitude = 011 52.53 E
* NMEA UTC (Time) = Sep 23 2021 08:43:00
* NMEA baud rate = 4800
** Ship: Skagerrak
** Station: station2B
** Operator: Eva
# nquan = 9
# nvalues = 5095                                  
# units = specified
# name 0 = scan: Scan Count
# name 1 = prDM: Pressure, Digiquartz [db]
# name 2 = t090C: Temperature [ITS-90, deg C]
# name 3 = c0S/m: Conductivity [S/m]
# name 4 = sbeox0V: Oxygen raw, SBE 43 [V]
# name 5 = sbeox1V: Oxygen raw, SBE 43, 2 [V]
# name 6 = flECO-AFL: Fluorescence, WET Labs ECO-AFL/FL [mg/m^3]
# name 7 = upoly0: Upoly 0, Turbidity
# name 8 = flag:  0.000e+00
# span 0 =          1,       5095                 
# span 1 =      0.188,     45.391                 
# span 2 =     7.5723,    15.8582                 
# span 3 =   0.045378,   3.484679                 
# span 4 =     0.4687,     3.2015                 
# span 5 =     0.5334,     2.8169                 
# span 6 =     0.0033,     0.0346                 
# span 7 =  0.0800940,  0.2285678                 
# span 8 = 0.0000e+00, 0.0000e+00                 
# interval = seconds: 0.0416667
# start_time = Sep 23 2021 08:43:00 [NMEA time, header]
# bad_flag = -9.990e-29
*END*
[from data line 4481]
       4482     42.207     8.6955   3.414284     0.4821     0.5456     0.0040  0.1167241  0.000e+00
       4483     42.083     8.6937   3.414313     0.4845     0.5456     0.0040  0.1167241  0.000e+00
       4484     42.207     8.3432   3.414329     0.4919     0.5456     0.0040  0.1167241  0.000e+00
       4485     42.149     8.6927   3.414442     0.4809     0.5456     0.0040  0.1167241  0.000e+00
       4486     42.149     8.6916   3.414552     0.4760     0.5456     0.0040  0.1167241  0.000e+00
       4487     42.149     8.6915   3.414616     0.4797     0.5456     0.0040  0.1167241  0.000e+00
       4488     42.207     8.6919   3.414564     0.4845     0.5456     0.0038  0.1167241  0.000e+00
       4489     42.149     8.3710   3.414568     0.4931     0.5456     0.0038  0.1167241  0.000e+00
       4490     42.149     8.7012   3.414593     0.4797     0.5456     0.0038  0.1167241  0.000e+00
       4491     42.149     8.6517   3.414483     0.4809     0.5456     0.0040  0.1167241  0.000e+00
       4492     42.206     8.2645   3.414545     0.4809     0.5456     0.0038  0.1167241  0.000e+00
       4493     42.206     8.4798   3.414549     0.4845     0.5456     0.0040  0.1167241  0.000e+00
       4494     42.149     8.6924   3.414587     0.4772     0.5456     0.0038  0.1167241  0.000e+00
       4495     42.206     8.4193   3.414555     0.4882     0.5456     0.0038  0.1167241  0.000e+00
       4496     42.149     8.6916   3.414587     0.4760     0.5444     0.0038  0.1167241  0.000e+00
       4497     42.206     8.4462   3.414508     0.4894     0.5456     0.0038  0.1167241  0.000e+00
       4498     42.206     8.6902   3.414500     0.4784     0.5444     0.0038  0.1167241  0.000e+00
       4499     42.149     8.6884   3.414599     0.4809     0.5456     0.0038  0.1167241  0.000e+00
       4500     42.206     8.6880   3.414541     0.4809     0.5456     0.0038  0.1167241  0.000e+00
       4501     42.206     8.6874   3.414558     0.4821     0.5456     0.0038  0.1167241  0.000e+00
       4502     42.206     8.4085   3.414579     0.4906     0.5456     0.0038  0.1167241  0.000e+00
       4503     42.206     8.6885   3.414576     0.4784     0.5444     0.0038  0.1167241  0.000e+00
       4504     42.149     8.6879   3.414593     0.4797     0.5444     0.0038  0.1167241  0.000e+00
       4505     42.264     8.6874   3.414535     0.4809     0.5456     0.0038  0.1167241  0.000e+00
       4506     42.206     8.4026   3.414602     0.4906     0.5456     0.0038  0.1167241  0.000e+00
       4507     42.206     8.6874   3.414651     0.4809     0.5444     0.0038  0.1167241  0.000e+00
       4508     42.206     8.6858   3.414593     0.4784     0.5444     0.0038  0.1167241  0.000e+00
       4509     42.272     8.3593   3.414643     0.4906     0.5456     0.0038  0.1167241  0.000e+00
       4510     42.206     8.6843   3.414593     0.4821     0.5444     0.0038  0.1167241  0.000e+00
       4511     42.206     8.6845   3.414576     0.4760     0.5444     0.0038  0.1167241  0.000e+00
       4512     42.272     8.6835   3.414523     0.4809     0.5456     0.0038  0.1167241  0.000e+00
       4513     42.207     8.6926   3.414581     0.4858     0.5456     0.0038  0.1167241  0.000e+00
       4514     42.207     8.3783   3.414556     0.4858     0.5444     0.0040  0.1167241  0.000e+00
       4515     42.273     8.6838   3.414541     0.4760     0.5444     0.0038  0.1167241  0.000e+00
       4516     42.207     8.3509   3.414632     0.4894     0.5456     0.0038  0.1167241  0.000e+00
       4517     42.273     8.6845   3.414617     0.4784     0.5444     0.0038  0.1167241  0.000e+00
       4518     42.273     8.6837   3.414605     0.4784     0.5444     0.0038  0.1167241  0.000e+00
       4519     42.264     8.6828   3.414582     0.4809     0.5444     0.0038  0.1167241  0.000e+00
       4520     42.207     8.4784   3.414456     0.4906     0.5444     0.0038  0.1167241  0.000e+00
       4521     42.273     8.6836   3.414535     0.4760     0.5444     0.0038  0.1167241  0.000e+00
       4522     42.264     8.6833   3.414547     0.4797     0.5444     0.0038  0.1162357  0.000e+00
       4523     42.273     8.3486   3.414521     0.4931     0.5456     0.0040  0.1167241  0.000e+00
       4524     42.273     8.6846   3.414558     0.4772     0.5444     0.0038  0.1167241  0.000e+00
       4525     42.207     8.5845   3.414548     0.4858     0.5456     0.0038  0.1167241  0.000e+00
       4526     42.330     8.6842   3.414587     0.4760     0.5444     0.0038  0.1167241  0.000e+00
       4527     42.273     8.6835   3.414535     0.4797     0.5444     0.0038  0.1167241  0.000e+00
       4528     42.264     8.3348   3.414463     0.4882     0.5444     0.0038  0.1167241  0.000e+00
       4529     42.273     8.6835   3.414541     0.4821     0.5444     0.0040  0.1167241  0.000e+00
       4530     42.272     8.4697   3.414526     0.4809     0.5444     0.0038  0.1167241  0.000e+00
       4531     42.264     8.7034   3.414622     0.4821     0.5444     0.0040  0.1167241  0.000e+00
       4532     42.330     8.6847   3.414523     0.4760     0.5444     0.0038  0.1167241  0.000e+00
       4533     42.272     8.6840   3.414570     0.4809     0.5444     0.0038  0.1167241  0.000e+00
       4534     42.264     8.6838   3.414605     0.4809     0.5444     0.0038  0.1167241  0.000e+00
       4535     42.330     8.6890   3.414646     0.6140     0.7068     0.0081  0.1367485  0.000e+00
       4536     42.330     7.8971   3.414649     0.4882     0.5432     0.0038  0.1167241  0.000e+00
       4537     42.264     8.6846   3.414587     0.4760     0.5444     0.0038  0.1167241  0.000e+00
       4538     42.330     8.3099   3.414510     0.4858     0.5444     0.0038  0.1167241  0.000e+00
       4539     42.330     8.6864   3.414570     0.4809     0.5444     0.0040  0.1167241  0.000e+00
       4540     42.264     8.6843   3.414512     0.4760     0.5444     0.0040  0.1167241  0.000e+00
       4541     42.330     8.6836   3.414552     0.4809     0.5444     0.0040  0.1167241  0.000e+00
       4542     42.330     8.3535   3.414644     0.4931     0.5444     0.0040  0.1167241  0.000e+00
       4543     42.330     8.6852   3.414570     0.4760     0.5432     0.0040  0.1162357  0.000e+00
       4544     42.330     8.6213   3.414611     0.4858     0.5444     0.0040  0.1167241  0.000e+00
       4545     42.330     8.6470   3.414588     0.4833     0.5444     0.0040  0.1167241  0.000e+00
       4546     42.330     8.6849   3.414547     0.4784     0.5444     0.0040  0.1167241  0.000e+00
       4547     42.330     8.6936   3.414587     0.4858     0.5444     0.0040  0.1167241  0.000e+00
       4548     42.330     8.6857   3.414622     0.4760     0.5444     0.0040  0.1162357  0.000e+00
       4549     42.330     8.6848   3.414564     0.4760     0.5444     0.0040  0.1167241  0.000e+00
       4550     42.330     8.2326   3.414592     0.4906     0.5444     0.0040  0.1167241  0.000e+00
       4551     42.330     8.6853   3.414535     0.4772     0.5432     0.0040  0.1167241  0.000e+00
       4552     42.330     8.6843   3.414529     0.4784     0.5444     0.0040  0.1167241  0.000e+00
       4553     42.388     8.4048   3.414684     0.4919     0.5444     0.0040  0.1167241  0.000e+00
       4554     42.330     8.6856   3.414634     0.4760     0.5432     0.0040  0.1167241  0.000e+00
       4555     42.330     7.8081   3.414591     0.4858     0.5444     0.0040  0.1167241  0.000e+00
       4556     42.388     8.6864   3.414617     0.4809     0.5432     0.0040  0.1162357  0.000e+00
       4557     42.330     8.6902   3.414587     0.4858     0.5444     0.0040  0.1167241  0.000e+00
       4558     42.388     8.6847   3.414547     0.4735     0.5432     0.0040  0.1167241  0.000e+00
       4559     42.388     8.6841   3.414564     0.4772     0.5444     0.0040  0.1167241  0.000e+00
       4560     42.330     8.6843   3.414547     0.4821     0.5444     0.0040  0.1167241  0.000e+00
       4561     42.388     8.4264   3.414544     0.4931     0.5444     0.0040  0.1167241  0.000e+00
       4562     42.388     8.6853   3.414587     0.4760     0.5432     0.0040  0.1167241  0.000e+00
       4563     42.330     8.6846   3.414582     0.4760     0.5444     0.0040  0.1167241  0.000e+00
       4564     42.388     8.6842   3.414523     0.4797     0.5444     0.0038  0.1167241  0.000e+00
       4565     42.388     8.6841   3.414442     0.4821     0.5444     0.0038  0.1167241  0.000e+00
       4566     42.388     8.6841   3.414535     0.4809     0.5432     0.0038  0.1167241  0.000e+00
       4567     42.388     8.6840   3.414576     0.4809     0.5432     0.0038  0.1167241  0.000e+00
       4568     42.388     8.3922   3.414579     0.4906     0.5444     0.0038  0.1167241  0.000e+00
       4569     42.388     8.6854   3.414523     0.4760     0.5432     0.0038  0.1167241  0.000e+00
       4570     42.388     8.6851   3.414529     0.4784     0.5444     0.0038  0.1167241  0.000e+00
       4571     42.330     8.6947   3.414628     0.5175     0.5664     0.0040  0.1172125  0.000e+00
       4572     42.454     8.4171   3.414550     0.4858     0.5432     0.0038  0.1167241  0.000e+00
       4573     42.388     8.6863   3.414652     0.4760     0.5432     0.0038  0.1167241  0.000e+00
       4574     42.388     8.6857   3.414628     0.4809     0.5444     0.0038  0.1167241  0.000e+00
       4575     42.388     8.6851   3.414605     0.4821     0.5432     0.0038  0.1167241  0.000e+00
       4576     42.454     8.6847   3.414605     0.4809     0.5444     0.0038  0.1167241  0.000e+00
       4577     42.388     8.3142   3.414586     0.4870     0.5444     0.0038  0.1167241  0.000e+00
       4578     42.454     8.6849   3.414547     0.4809     0.5432     0.0040  0.1167241  0.000e+00
       4579     42.454     8.6856   3.414611     0.4760     0.5432     0.0038  0.1167241  0.000e+00
       4580     42.454     8.6848   3.414564     0.4797     0.5432     0.0038  0.1167241  0.000e+00
       4581     42.388     8.6847   3.414628     0.4809     0.5432     0.0038  0.1167241  0.000e+00
       4582     42.454     8.3536   3.414597     0.4919     0.5444     0.0038  0.1167241  0.000e+00
       4583     42.512     8.6866   3.414617     0.4760     0.5432     0.0038  0.1167241  0.000e+00
       4584     42.454     8.6863   3.414652     0.4784     0.5432     0.0038  0.1167241  0.000e+00
       4585     42.454     8.6857   3.414733     0.4809     0.5432     0.0038  0.1167241  0.000e+00
       4586     42.454     8.6856   3.414710     0.4809     0.5432     0.0038  0.1167241  0.000e+00
       4587     42.512     8.6852   3.414739     0.4809     0.5432     0.0038  0.1167241  0.000e+00
       4588     42.454     8.6851   3.414687     0.4809     0.5432     0.0038  0.1167241  0.000e+00
       4589     42.512     8.6852   3.414710     0.4821     0.5432     0.0038  0.1167241  0.000e+00
       4590     42.512     8.6849   3.414675     0.4809     0.5432     0.0038  0.1167241  0.000e+00
       4591     42.512     8.4355   3.414666     0.4882     0.5432     0.0038  0.1167241  0.000e+00
       4592     42.512     8.6843   3.414710     0.4797     0.5432     0.0038  0.1167241  0.000e+00
       4593     42.512     7.9972   3.414572     0.4858     0.5432     0.0038  0.1167241  0.000e+00
       4594     42.512     8.6857   3.414488     0.4772     0.5432     0.0038  0.1167241  0.000e+00
       4595     42.578     8.6848   3.414523     0.4760     0.5432     0.0038  0.1167241  0.000e+00
       4596     42.512     8.4829   3.414631     0.4833     0.5432     0.0038  0.1167241  0.000e+00
       4597     42.578     8.7018   3.414593     0.4821     0.5432     0.0038  0.1167241  0.000e+00
       4598     42.578     8.0616   3.414647     0.4797     0.5432     0.0038  0.1167241  0.000e+00
       4599     42.512     8.4606   3.414596     0.4821     0.5432     0.0040  0.1167241  0.000e+00
       4600     42.578     8.6843   3.414523     0.4748     0.5432     0.0038  0.1167241  0.000e+00
       4601     42.578     8.6832   3.414582     0.4784     0.5432     0.0038  0.1167241  0.000e+00
       4602     42.635     8.6830   3.414622     0.4809     0.5432     0.0038  0.1162357  0.000e+00
       4603     42.578     8.6828   3.414611     0.4821     0.5432     0.0038  0.1167241  0.000e+00
       4604     42.578     8.6830   3.414605     0.4809     0.5432     0.0038  0.1167241  0.000e+00
       4605     42.635     8.6827   3.414623     0.4809     0.5432     0.0038  0.1167241  0.000e+00
       4606     42.635     8.6830   3.414652     0.4809     0.5432     0.0038  0.1167241  0.000e+00
       4607     42.578     8.6827   3.414733     0.4797     0.5432     0.0038  0.1167241  0.000e+00
       4608     42.635     7.7531   3.414697     0.4931     0.5432     0.0040  0.1167241  0.000e+00
       4609     42.701     8.6849   3.414547     0.4772     0.5419     0.0038  0.1167241  0.000e+00
       4610     42.578     8.6611   3.414599     0.4833     0.5432     0.0038  0.1167241  0.000e+00
       4611     42.635     8.6991   3.414564     0.4821     0.5432     0.0038  0.1162357  0.000e+00
       4612     42.693     8.6849   3.414657     0.4760     0.5432     0.0038  0.1167241  0.000e+00
       4613     42.635     8.6841   3.414716     0.4748     0.5432     0.0038  0.1167241  0.000e+00
       4614     42.701     8.6838   3.414727     0.4784     0.5432     0.0038  0.1167241  0.000e+00
       4615     42.635     8.3948   3.414707     0.4882     0.5432     0.0038  0.1167241  0.000e+00
       4616     42.701     8.6840   3.414628     0.4784     0.5432     0.0038  0.1167241  0.000e+00
       4617     42.701     8.4765   3.414718     0.4858     0.5432     0.0038  0.1167241  0.000e+00
       4618     42.693     8.6846   3.414757     0.4748     0.5419     0.0038  0.1167241  0.000e+00
       4619     42.635     8.6836   3.414663     0.4772     0.5419     0.0038  0.1167241  0.000e+00
       4620     42.759     8.6835   3.414634     0.4784     0.5432     0.0038  0.1167241  0.000e+00
       4621     42.693     8.6836   3.414681     0.4809     0.5432     0.0038  0.1167241  0.000e+00
       4622     42.701     8.6835   3.414669     0.4809     0.5432     0.0038  0.1167241  0.000e+00
       4623     42.759     8.6836   3.414733     0.4809     0.5432     0.0038  0.1167241  0.000e+00
       4624     42.693     8.6838   3.414757     0.4809     0.5419     0.0038  0.1167241  0.000e+00
       4625     42.759     8.6835   3.414710     0.4797     0.5419     0.0038  0.1167241  0.000e+00
       4626     42.759     8.6835   3.414739     0.4809     0.5432     0.0038  0.1162357  0.000e+00
       4627     42.759     8.6835   3.414757     0.4821     0.5432     0.0038  0.1167241  0.000e+00
       4628     42.759     8.6835   3.414757     0.4809     0.5419     0.0038  0.1167241  0.000e+00
       4629     42.701     8.6833   3.414710     0.4809     0.5419     0.0038  0.1167241  0.000e+00
       4630     42.817     8.6833   3.414716     0.4797     0.5419     0.0038  0.1167241  0.000e+00
       4631     42.759     8.6836   3.414675     0.4797     0.5419     0.0038  0.1167241  0.000e+00
       4632     42.759     8.6833   3.414733     0.4821     0.5419     0.0038  0.1167241  0.000e+00
       4633     42.759     8.2768   3.414831     0.4906     0.5432     0.0040  0.1167241  0.000e+00
       4634     42.817     8.6856   3.414850     0.4772     0.5419     0.0038  0.1167241  0.000e+00
       4635     42.759     8.6843   3.414797     0.4735     0.5419     0.0038  0.1167241  0.000e+00
       4636     42.817     8.3077   3.414837     0.4906     0.5432     0.0038  0.1167241  0.000e+00
       4637     42.817     8.6856   3.414827     0.4772     0.5419     0.0038  0.1167241  0.000e+00
       4638     42.817     8.4050   3.414841     0.4870     0.5419     0.0038  0.1167241  0.000e+00
       4639     42.817     8.6856   3.414867     0.4723     0.5419     0.0038  0.1162357  0.000e+00
       4640     42.817     8.6853   3.414786     0.4760     0.5419     0.0038  0.1167241  0.000e+00
