code/data/2021/ctd_data_day3/station8H_ctm_fil_le_der.cnv
* Sea-Bird SBE 9 Data File:
* FileName = C:\Users\CTD-User\Desktop\MAR440\day3\station8H.hex
* Software Version Seasave V 7.26.2.13
* Temperature SN = 6313
* Conductivity SN = 4758
* Number of Bytes Per Scan = 37
* Number of Voltage Words = 4
* Number of Scans Averaged by the Deck Unit = 1
* NMEA Latitude = 58 19.26 N
* NMEA Longitude = 011 49.42 E
* NMEA UTC (Time) = Sep 23 2021 11:26:46
* NMEA baud rate = 4800
** Ship: Skagerrak
** Station: station8H
** Operator: Emma
# nquan = 13                                
# nvalues = 2851                        
# units = specified
# name 0 = scan: Scan Count
# name 1 = prDM: Pressure, Digiquartz [db]
# name 2 = t090C: Temperature [ITS-90, deg C]
# name 3 = c0S/m: Conductivity [S/m]
# name 4 = sbeox0V: Oxygen raw, SBE 43 [V]
# name 5 = sbeox1V: Oxygen raw, SBE 43, 2 [V]
# name 6 = flECO-AFL: Fluorescence, WET Labs ECO-AFL/FL [mg/m^3]
# name 7 = upoly0: Upoly 0, Turbidity
# name 8 = depSM: Depth [salt water, m], lat = 58.321
# name 9 = sal00: Salinity, Practical [PSU]
# name 10 = sbeox0ML/L: Oxygen, SBE 43 [ml/l], WS = 2
# name 11 = sbeox1ML/L: Oxygen, SBE 43, 2 [ml/l], WS = 2
# name 12 = flag: flag
# span 0 =          1,       2851       
# span 1 =      1.387,     23.022       
# span 2 =    13.0407,    15.3630       
# span 3 =   2.902068,   3.761010       
# span 4 =     1.1054,     2.7944       
# span 5 =     1.1407,     2.6911       
# span 6 =     0.0037,     0.0104       
# span 7 =  0.0895694,  0.1540266       
# span 8 =      1.374,     22.807       
# span 9 =    22.6266,    31.5377       
# span 10 =     1.6713,     6.7956      
# span 11 =     1.6256,     5.6740      
# span 12 = 0.0000e+00, 0.0000e+00      
# interval = seconds: 0.0416667
# start_time = Sep 23 2021 11:26:46 [NMEA time, header]
# bad_flag = -9.990e-29
*END*
[from data line 889]
        890      7.749    14.9345   2.909882     2.0624     2.0135     0.0060  0.1458946      7.677    22.7798     4.5576     3.8809 -9.990e-29
        891      7.744    14.9347   2.909889     2.0619     2.0128     0.0060  0.1457960      7.672    22.7798     4.5562     3.8791 -9.990e-29
        892      7.739    14.9349   2.909896     2.0614     2.0122     0.0062  0.1456958      7.667    22.7797     4.5548     3.8774 -9.990e-29
        893      7.734    14.9351   2.909904     2.0609     2.0115     0.0062  0.1455933      7.662    22.7797     4.5534     3.8755 -9.990e-29
        894      7.730    14.9352   2.909911     2.0605     2.0108     0.0060  0.1454878      7.658    22.7797     4.5523     3.8737 -9.990e-29
        895      7.725    14.9354   2.909919     2.0600     2.0102     0.0060  0.1453786      7.653    22.7796     4.5510     3.8720 -9.990e-29
        896      7.720    14.9356   2.909926     2.0595     2.0095     0.0060  0.1452648      7.648    22.7796     4.5496     3.8702 -9.990e-29
        897      7.715    14.9357   2.909933     2.0590     2.0089     0.0062  0.1451465      7.643    22.7796     4.5482     3.8686 -9.990e-29
        898      7.711    14.9359   2.909940     2.0585     2.0082     0.0060  0.1450238      7.639    22.7795     4.5468     3.8668 -9.990e-29
        899      7.706    14.9360   2.909948     2.0580     2.0075     0.0060  0.1448950      7.634    22.7795     4.5454     3.8649 -9.990e-29
        900      7.701    14.9361   2.909955     2.0576     2.0069     0.0060  0.1447583      7.629    22.7795     4.5443     3.8633 -9.990e-29
        901      7.697    14.9363   2.909963     2.0571     2.0062     0.0060  0.1446128      7.625    22.7795     4.5430     3.8615 -9.990e-29
        902      7.692    14.9364   2.909970     2.0566     2.0055     0.0060  0.1444574      7.620    22.7795     4.5416     3.8597 -9.990e-29
        903      7.687    14.9366   2.909978     2.0561     2.0049     0.0060  0.1442911      7.615    22.7794     4.5402     3.8581 -9.990e-29
        904      7.683    14.9367   2.909986     2.0556     2.0042     0.0060  0.1441169      7.611    22.7795     4.5388     3.8563 -9.990e-29
        905      7.678    14.9369   2.909994     2.0552     2.0035     0.0060  0.1439456      7.607    22.7794     4.5377     3.8544 -9.990e-29
        906      7.673    14.9370   2.910003     2.0547     2.0029     0.0060  0.1437879      7.602    22.7794     4.5363     3.8529 -9.990e-29
        907      7.669    14.9372   2.910013     2.0542     2.0022     0.0059  0.1436468      7.598    22.7794     4.5349     3.8511 -9.990e-29
        908      7.664    14.9374   2.910023     2.0537     2.0015     0.0060  0.1435206      7.593    22.7794     4.5334     3.8493 -9.990e-29
        909      7.660    14.9375   2.910033     2.0533     2.0009     0.0060  0.1434075      7.589    22.7794     4.5323     3.8478 -9.990e-29
        910      7.655    14.9377   2.910044     2.0528     2.0002     0.0060  0.1433076      7.584    22.7794     4.5309     3.8460 -9.990e-29
        911      7.651    14.9379   2.910054     2.0523     1.9995     0.0060  0.1432211      7.580    22.7794     4.5295     3.8443 -9.990e-29
        912      7.646    14.9380   2.910065     2.0519     1.9989     0.0060  0.1431465      7.575    22.7794     4.5284     3.8428 -9.990e-29
        913      7.642    14.9382   2.910075     2.0514     1.9982     0.0060  0.1430824      7.571    22.7794     4.5270     3.8411 -9.990e-29
        914      7.637    14.9384   2.910086     2.0509     1.9975     0.0060  0.1430284      7.566    22.7793     4.5255     3.8394 -9.990e-29
        915      7.633    14.9385   2.910096     2.0504     1.9969     0.0060  0.1429841      7.562    22.7794     4.5241     3.8380 -9.990e-29
        916      7.629    14.9387   2.910107     2.0500     1.9962     0.0060  0.1429492      7.558    22.7794     4.5230     3.8363 -9.990e-29
        917      7.624    14.9388   2.910118     2.0495     1.9955     0.0060  0.1429235      7.553    22.7794     4.5216     3.8346 -9.990e-29
        918      7.619    14.9390   2.910128     2.0490     1.9949     0.0060  0.1429067      7.548    22.7794     4.5201     3.8332 -9.990e-29
        919      7.615    14.9391   2.910139     2.0486     1.9942     0.0060  0.1428988      7.544    22.7794     4.5190     3.8316 -9.990e-29
        920      7.610    14.9393   2.910150     2.0481     1.9936     0.0060  0.1428998      7.539    22.7794     4.5176     3.8302 -9.990e-29
        921      7.606    14.9394   2.910161     2.0476     1.9929     0.0060  0.1429095      7.535    22.7794     4.5162     3.8286 -9.990e-29
        922      7.601    14.9395   2.910172     2.0472     1.9923     0.0060  0.1429290      7.530    22.7795     4.5150     3.8273 -9.990e-29
        923      7.597    14.9396   2.910183     2.0467     1.9916     0.0060  0.1429592      7.526    22.7795     4.5136     3.8258 -9.990e-29
        924      7.592    14.9398   2.910194     2.0462     1.9910     0.0060  0.1429994      7.521    22.7795     4.5121     3.8244 -9.990e-29
        925      7.588    14.9399   2.910205     2.0458     1.9903     0.0060  0.1430492      7.517    22.7795     4.5110     3.8229 -9.990e-29
        926      7.583    14.9400   2.910217     2.0453     1.9897     0.0060  0.1431089      7.512    22.7796     4.5096     3.8217 -9.990e-29
        927      7.578    14.9401   2.910229     2.0449     1.9890     0.0060  0.1431788      7.507    22.7796     4.5084     3.8202 -9.990e-29
        928      7.574    14.9402   2.910242     2.0444     1.9884     0.0060  0.1432594      7.503    22.7797     4.5069     3.8189 -9.990e-29
        929      7.569    14.9402   2.910254     2.0439     1.9877     0.0060  0.1433506      7.499    22.7798     4.5055     3.8175 -9.990e-29
        930      7.564    14.9403   2.910267     2.0435     1.9871     0.0060  0.1434477      7.494    22.7798     4.5043     3.8163 -9.990e-29
        931      7.560    14.9404   2.910279     2.0430     1.9865     0.0062  0.1435430      7.490    22.7799     4.5029     3.8151 -9.990e-29
        932      7.555    14.9405   2.910292     2.0426     1.9859     0.0062  0.1436321      7.485    22.7799     4.5017     3.8139 -9.990e-29
        933      7.550    14.9405   2.910305     2.0421     1.9852     0.0060  0.1437147      7.480    22.7800     4.5002     3.8125 -9.990e-29
        934      7.546    14.9406   2.910318     2.0417     1.9846     0.0062  0.1437914      7.476    22.7801     4.4990     3.8114 -9.990e-29
        935      7.541    14.9406   2.910331     2.0412     1.9840     0.0062  0.1438627      7.471    22.7802     4.4975     3.8103 -9.990e-29
        936      7.536    14.9407   2.910344     2.0407     1.9834     0.0062  0.1439292      7.466    22.7803     4.4960     3.8092 -9.990e-29
        937      7.531    14.9407   2.910357     2.0403     1.9828     0.0060  0.1439921      7.461    22.7804     4.4948     3.8082 -9.990e-29
        938      7.526    14.9407   2.910369     2.0398     1.9822     0.0060  0.1440527      7.456    22.7805     4.4934     3.8071 -9.990e-29
        939      7.521    14.9408   2.910382     2.0394     1.9816     0.0062  0.1441107      7.451    22.7805     4.4921     3.8061 -9.990e-29
        940      7.516    14.9408   2.910395     2.0389     1.9810     0.0062  0.1441655      7.446    22.7806     4.4906     3.8051 -9.990e-29
        941      7.511    14.9408   2.910408     2.0384     1.9804     0.0060  0.1442175      7.441    22.7808     4.4891     3.8041 -9.990e-29
        942      7.505    14.9408   2.910422     2.0380     1.9798     0.0060  0.1442671      7.435    22.7809     4.4879     3.8031 -9.990e-29
        943      7.500    14.9408   2.910436     2.0375     1.9792     0.0062  0.1443147      7.430    22.7810     4.4864     3.8022 -9.990e-29
        944      7.495    14.9408   2.910450     2.0371     1.9787     0.0060  0.1443613      7.425    22.7811     4.4851     3.8015 -9.990e-29
        945      7.490    14.9408   2.910465     2.0366     1.9781     0.0060  0.1444083      7.420    22.7813     4.4836     3.8006 -9.990e-29
        946      7.484    14.9407   2.910479     2.0361     1.9775     0.0060  0.1444551      7.414    22.7814     4.4822     3.7998 -9.990e-29
        947      7.479    14.9407   2.910494     2.0357     1.9770     0.0060  0.1445011      7.409    22.7816     4.4810     3.7992 -9.990e-29
        948      7.474    14.9407   2.910509     2.0352     1.9764     0.0062  0.1445466      7.404    22.7817     4.4795     3.7983 -9.990e-29
        949      7.468    14.9406   2.910525     2.0348     1.9759     0.0060  0.1445921      7.398    22.7819     4.4783     3.7978 -9.990e-29
        950      7.463    14.9406   2.910540     2.0343     1.9754     0.0060  0.1446378      7.394    22.7820     4.4768     3.7973 -9.990e-29
        951      7.457    14.9405   2.910556     2.0338     1.9749     0.0062  0.1446840      7.388    22.7822     4.4753     3.7968 -9.990e-29
        952      7.451    14.9405   2.910572     2.0334     1.9743     0.0060  0.1447310      7.382    22.7824     4.4742     3.7961 -9.990e-29
        953      7.445    14.9404   2.910589     2.0329     1.9738     0.0060  0.1447792      7.376    22.7826     4.4727     3.7957 -9.990e-29
        954      7.440    14.9403   2.910607     2.0325     1.9733     0.0062  0.1448289      7.371    22.7828     4.4715     3.7953 -9.990e-29
        955      7.434    14.9403   2.910624     2.0320     1.9728     0.0062  0.1448796      7.365    22.7829     4.4701     3.7949 -9.990e-29
        956      7.428    14.9402   2.910642     2.0315     1.9723     0.0064  0.1449299      7.359    22.7831     4.4686     3.7946 -9.990e-29
        957      7.421    14.9401   2.910660     2.0311     1.9718     0.0064  0.1449794      7.352    22.7834     4.4675     3.7943 -9.990e-29
        958      7.415    14.9400   2.910678     2.0306     1.9714     0.0064  0.1450285      7.346    22.7836     4.4661     3.7943 -9.990e-29
        959      7.409    14.9398   2.910697     2.0301     1.9709     0.0064  0.1450773      7.340    22.7839     4.4647     3.7941 -9.990e-29
        960      7.403    14.9397   2.910715     2.0296     1.9704     0.0064  0.1451272      7.334    22.7841     4.4632     3.7939 -9.990e-29
        961      7.397    14.9396   2.910734     2.0292     1.9700     0.0064  0.1451793      7.328    22.7843     4.4621     3.7941 -9.990e-29
        962      7.390    14.9394   2.910752     2.0287     1.9695     0.0064  0.1452332      7.321    22.7846     4.4608     3.7940 -9.990e-29
        963      7.384    14.9392   2.910771     2.0282     1.9691     0.0064  0.1452883      7.315    22.7849     4.4594     3.7942 -9.990e-29
        964      7.377    14.9390   2.910790     2.0278     1.9687     0.0062  0.1453450      7.308    22.7851     4.4583     3.7944 -9.990e-29
        965      7.370    14.9388   2.910809     2.0273     1.9683     0.0064  0.1454038      7.301    22.7854     4.4569     3.7948 -9.990e-29
        966      7.364    14.9386   2.910828     2.0268     1.9679     0.0064  0.1454651      7.295    22.7857     4.4555     3.7951 -9.990e-29
        967      7.357    14.9384   2.910848     2.0264     1.9675     0.0064  0.1455292      7.289    22.7860     4.4545     3.7955 -9.990e-29
        968      7.350    14.9381   2.910868     2.0259     1.9671     0.0064  0.1455967      7.282    22.7863     4.4531     3.7959 -9.990e-29
        969      7.343    14.9378   2.910889     2.0255     1.9668     0.0064  0.1456680      7.275    22.7867     4.4521     3.7967 -9.990e-29
        970      7.336    14.9376   2.910911     2.0251     1.9664     0.0064  0.1457435      7.268    22.7870     4.4510     3.7972 -9.990e-29
        971      7.329    14.9373   2.910933     2.0246     1.9661     0.0064  0.1458239      7.261    22.7874     4.4496     3.7981 -9.990e-29
        972      7.321    14.9370   2.910956     2.0242     1.9658     0.0064  0.1459096      7.253    22.7877     4.4486     3.7990 -9.990e-29
        973      7.314    14.9366   2.910979     2.0237     1.9655     0.0064  0.1460013      7.246    22.7882     4.4473     3.8000 -9.990e-29
        974      7.307    14.9363   2.911002     2.0233     1.9652     0.0064  0.1460996      7.239    22.7886     4.4462     3.8010 -9.990e-29
        975      7.299    14.9359   2.911026     2.0228     1.9649     0.0064  0.1462052      7.231    22.7890     4.4449     3.8021 -9.990e-29
        976      7.292    14.9356   2.911049     2.0224     1.9647     0.0064  0.1463189      7.224    22.7894     4.4439     3.8035 -9.990e-29
        977      7.285    14.9352   2.911073     2.0220     1.9645     0.0064  0.1464413      7.217    22.7898     4.4428     3.8049 -9.990e-29
        978      7.277    14.9348   2.911097     2.0215     1.9642     0.0064  0.1465734      7.209    22.7903     4.4415     3.8061 -9.990e-29
        979      7.269    14.9344   2.911122     2.0211     1.9640     0.0064  0.1467161      7.201    22.7907     4.4405     3.8077 -9.990e-29
        980      7.262    14.9340   2.911147     2.0206     1.9639     0.0062  0.1468687      7.194    22.7912     4.4392     3.8095 -9.990e-29
        981      7.254    14.9335   2.911173     2.0202     1.9637     0.0059  0.1470246      7.186    22.7917     4.4382     3.8112 -9.990e-29
        982      7.246    14.9330   2.911199     2.0198     1.9636     0.0057  0.1471730      7.179    22.7922     4.4372     3.8131 -9.990e-29
        983      7.238    14.9325   2.911226     2.0193     1.9635     0.0057  0.1473073      7.171    22.7927     4.4359     3.8151 -9.990e-29
        984      7.230    14.9320   2.911254     2.0189     1.9634     0.0057  0.1474267      7.163    22.7932     4.4349     3.8171 -9.990e-29
        985      7.222    14.9314   2.911283     2.0185     1.9633     0.0057  0.1475320      7.155    22.7938     4.4338     3.8192 -9.990e-29
        986      7.214    14.9308   2.911312     2.0181     1.9633     0.0057  0.1476240      7.147    22.7944     4.4329     3.8216 -9.990e-29
        987      7.205    14.9301   2.911342     2.0176     1.9632     0.0057  0.1477033      7.138    22.7951     4.4316     3.8237 -9.990e-29
        988      7.197    14.9294   2.911373     2.0172     1.9632     0.0057  0.1477705      7.130    22.7958     4.4305     3.8262 -9.990e-29
        989      7.189    14.9287   2.911405     2.0168     1.9633     0.0057  0.1478261      7.122    22.7965     4.4295     3.8289 -9.990e-29
        990      7.180    14.9279   2.911437     2.0163     1.9633     0.0057  0.1478703      7.113    22.7972     4.4282     3.8315 -9.990e-29
        991      7.172    14.9271   2.911470     2.0159     1.9634     0.0057  0.1479036      7.105    22.7980     4.4271     3.8343 -9.990e-29
        992      7.163    14.9262   2.911505     2.0155     1.9635     0.0057  0.1479262      7.096    22.7988     4.4261     3.8372 -9.990e-29
        993      7.154    14.9252   2.911540     2.0150     1.9636     0.0055  0.1479382      7.087    22.7997     4.4248     3.8401 -9.990e-29
        994      7.146    14.9241   2.911576     2.0146     1.9638     0.0057  0.1479397      7.079    22.8006     4.4239     3.8433 -9.990e-29
        995      7.137    14.9230   2.911614     2.0142     1.9640     0.0057  0.1479307      7.071    22.8016     4.4229     3.8465 -9.990e-29
        996      7.128    14.9218   2.911653     2.0138     1.9642     0.0057  0.1479111      7.062    22.8026     4.4219     3.8497 -9.990e-29
        997      7.119    14.9205   2.911694     2.0133     1.9644     0.0057  0.1478809      7.053    22.8038     4.4207     3.8529 -9.990e-29
        998      7.110    14.9191   2.911735     2.0129     1.9647     0.0057  0.1478397      7.044    22.8049     4.4198     3.8565 -9.990e-29
        999      7.100    14.9175   2.911777     2.0125     1.9649     0.0057  0.1477874      7.034    22.8062     4.4188     3.8598 -9.990e-29
       1000      7.091    14.9159   2.911821     2.0121     1.9653     0.0057  0.1477236      7.025    22.8075     4.4179     3.8636 -9.990e-29
