code/data/2021/ctd_data_day3/station1a_ctm.cnv
* Sea-Bird SBE 9 Data File:
* FileName = C:\Users\CTD-User\Desktop\MAR440\day3\station1a.hex
* Software Version Seasave V 7.26.2.13
* Temperature SN = 6313
* Conductivity SN = 4758
* Number of Bytes Per Scan = 37
* Number of Voltage Words = 4
* Number of Scans Averaged by the Deck Unit = 1
* NMEA Latitude = 58 20.46 N
* NMEA Longitude = 011 53.94 E
* NMEA UTC (Time) = Sep 23 2021 08:23:54
* NMEA baud rate = 4800
** Ship: Skagerrak
** Station: station1a
** Operator: Jess
# nquan = 9
# nvalues = 3026                        
# units = specified
# name 0 = scan: Scan Count
# name 1 = prDM: Pressure, Digiquartz [db]
# name 2 = t090C: Temperature [ITS-90, deg C]
# name 3 = c0S/m: Conductivity [S/m]
# name 4 = sbeox0V: Oxygen raw, SBE 43 [V]
# name 5 = sbeox1V: Oxygen raw, SBE 43, 2 [V]
# name 6 = flECO-AFL: Fluorescence, WET Labs ECO-AFL/FL [mg/m^3]
# name 7 = upoly0: Upoly 0, Turbidity
# name 8 = flag:  0.000e+00
# span 0 =          1,       3026       
# span 1 =      1.106,     33.895       
# span 2 =     7.9623,    15.7106       
# span 3 =   2.731770,   3.460570       
# span 4 =     0.4931,     2.8620       
# span 5 =     0.5529,     2.7375       
# span 6 =     0.0035,     0.0152       
# span 7 =  0.0883968,  0.2354054       
# span 8 = 0.0000e+00, 0.0000e+00       
# interval = seconds: 0.0416667
# start_time = Sep 23 2021 08:23:54 [NMEA time, header]
# bad_flag = -9.990e-29
*END*
[from data line 2881]
       2882     31.685     8.6636   3.401055     0.5016     0.5590     0.0060  0.1128168 0.0000e+00
       2883     31.751     8.6639   3.401119     0.5004     0.5590     0.0060  0.1128168 0.0000e+00
       2884     31.751     8.6641   3.401311     0.5004     0.5590     0.0060  0.1128168 0.0000e+00
       2885     31.751     8.6642   3.401351     0.4992     0.5590     0.0060  0.1128168 0.0000e+00
       2886     31.817     8.6646   3.401457     0.5016     0.5590     0.0060  0.1128168 0.0000e+00
       2887     31.751     8.6649   3.401567     0.5004     0.5590     0.0060  0.1128168 0.0000e+00
       2888     31.809     8.6655   3.401546     0.5004     0.5590     0.0060  0.1128168 0.0000e+00
       2889     31.875     8.6659   3.401639     0.5004     0.5590     0.0060  0.1128168 0.0000e+00
       2890     31.809     8.6660   3.401796     0.4992     0.5590     0.0060  0.1128168 0.0000e+00
       2891     31.875     8.6670   3.401910     0.5016     0.5590     0.0060  0.1128168 0.0000e+00
       2892     31.809     8.6675   3.401998     0.5004     0.5590     0.0059  0.1128168 0.0000e+00
       2893     31.932     8.6679   3.402214     0.5004     0.5590     0.0057  0.1128168 0.0000e+00
       2894     31.875     8.6685   3.402384     0.4992     0.5578     0.0057  0.1128168 0.0000e+00
       2895     31.932     8.6686   3.402442     0.5004     0.5578     0.0057  0.1128168 0.0000e+00
       2896     31.932     8.6693   3.402508     0.5016     0.5590     0.0057  0.1123284 0.0000e+00
       2897     31.932     8.6695   3.402630     0.4992     0.5578     0.0057  0.1128168 0.0000e+00
       2898     31.932     8.6699   3.402822     0.4992     0.5590     0.0057  0.1128168 0.0000e+00
       2899     31.990     8.6704   3.402817     0.4992     0.5578     0.0057  0.1128168 0.0000e+00
       2900     31.990     8.6708   3.402952     0.5004     0.5578     0.0057  0.1128168 0.0000e+00
       2901     31.998     8.6710   3.403004     0.5004     0.5578     0.0057  0.1128168 0.0000e+00
       2902     31.990     8.6713   3.403057     0.5004     0.5578     0.0057  0.1128168 0.0000e+00
       2903     31.990     8.6717   3.403185     0.5004     0.5578     0.0057  0.1128168 0.0000e+00
       2904     32.056     8.6720   3.403267     0.5004     0.5578     0.0057  0.1128168 0.0000e+00
       2905     32.056     8.6726   3.403315     0.5004     0.5578     0.0057  0.1128168 0.0000e+00
       2906     32.114     8.6726   3.403360     0.5004     0.5578     0.0057  0.1128168 0.0000e+00
       2907     32.056     8.6732   3.403530     0.4992     0.5578     0.0057  0.1128168 0.0000e+00
       2908     32.122     8.6736   3.403642     0.4980     0.5578     0.0057  0.1128168 0.0000e+00
       2909     32.114     8.6743   3.403702     0.4980     0.5578     0.0057  0.1128168 0.0000e+00
       2910     32.114     8.6748   3.403825     0.5004     0.5578     0.0057  0.1128168 0.0000e+00
       2911     32.180     8.6755   3.403902     0.5004     0.5578     0.0057  0.1128168 0.0000e+00
       2912     32.114     8.6770   3.404110     0.4980     0.5578     0.0057  0.1128168 0.0000e+00
       2913     32.180     8.6781   3.404341     0.5004     0.5578     0.0057  0.1128168 0.0000e+00
       2914     32.180     8.6790   3.404663     0.4980     0.5578     0.0057  0.1128168 0.0000e+00
       2915     32.246     8.6802   3.404969     0.5004     0.5578     0.0057  0.1128168 0.0000e+00
       2916     32.238     8.6807   3.405116     0.4992     0.5578     0.0057  0.1128168 0.0000e+00
       2917     32.180     8.6812   3.405321     0.4980     0.5578     0.0055  0.1128168 0.0000e+00
       2918     32.304     8.6817   3.405472     0.4967     0.5578     0.0051  0.1128168 0.0000e+00
       2919     32.238     8.6820   3.405642     0.4980     0.5578     0.0051  0.1128168 0.0000e+00
       2920     32.304     8.6828   3.405736     0.4992     0.5578     0.0051  0.1128168 0.0000e+00
       2921     32.304     8.6833   3.405958     0.4980     0.5578     0.0051  0.1128168 0.0000e+00
       2922     32.304     8.6843   3.406165     0.4980     0.5578     0.0051  0.1128168 0.0000e+00
       2923     32.304     8.6852   3.406377     0.4980     0.5578     0.0051  0.1128168 0.0000e+00
       2924     32.361     8.6859   3.406507     0.5004     0.5578     0.0051  0.1128168 0.0000e+00
       2925     32.361     8.6868   3.406759     0.4992     0.5566     0.0051  0.1128168 0.0000e+00
       2926     32.361     8.6870   3.406992     0.4980     0.5566     0.0051  0.1128168 0.0000e+00
       2927     32.361     8.6880   3.407192     0.4980     0.5566     0.0051  0.1128168 0.0000e+00
       2928     32.427     8.6887   3.407398     0.4967     0.5566     0.0051  0.1128168 0.0000e+00
       2929     32.419     8.6897   3.407610     0.4980     0.5566     0.0051  0.1128168 0.0000e+00
       2930     32.419     8.6906   3.407810     0.4980     0.5566     0.0051  0.1128168 0.0000e+00
       2931     32.419     8.6916   3.408016     0.4967     0.5566     0.0051  0.1128168 0.0000e+00
       2932     32.485     8.6924   3.408257     0.4967     0.5566     0.0051  0.1128168 0.0000e+00
       2933     32.485     8.6932   3.408340     0.4967     0.5566     0.0051  0.1128168 0.0000e+00
       2934     32.485     8.6934   3.408370     0.5004     0.5566     0.0051  0.1128168 0.0000e+00
       2935     32.493     8.6937   3.408451     0.4980     0.5566     0.0051  0.1128168 0.0000e+00
       2936     32.485     8.6941   3.408614     0.4967     0.5566     0.0051  0.1128168 0.0000e+00
       2937     32.543     8.6940   3.408676     0.4955     0.5566     0.0051  0.1123284 0.0000e+00
       2938     32.543     8.6943   3.408688     0.4967     0.5566     0.0051  0.1128168 0.0000e+00
       2939     32.543     8.6941   3.408686     0.4992     0.5566     0.0053  0.1128168 0.0000e+00
       2940     32.609     8.6943   3.408773     0.4980     0.5566     0.0051  0.1128168 0.0000e+00
       2941     32.609     8.6945   3.408738     0.4967     0.5566     0.0051  0.1128168 0.0000e+00
       2942     32.609     8.6947   3.408854     0.4955     0.5566     0.0051  0.1128168 0.0000e+00
       2943     32.609     8.6947   3.408917     0.4967     0.5566     0.0049  0.1133053 0.0000e+00
       2944     32.609     8.6948   3.408858     0.4980     0.5566     0.0048  0.1137937 0.0000e+00
       2945     32.666     8.6952   3.408835     0.4967     0.5566     0.0048  0.1137937 0.0000e+00
       2946     32.666     8.6953   3.408852     0.4955     0.5566     0.0048  0.1137937 0.0000e+00
       2947     32.732     8.6952   3.409048     0.4955     0.5566     0.0048  0.1133053 0.0000e+00
       2948     32.609     8.6953   3.409106     0.4980     0.5554     0.0048  0.1137937 0.0000e+00
       2949     32.732     8.6955   3.409059     0.4980     0.5566     0.0048  0.1137937 0.0000e+00
       2950     32.732     8.6957   3.408977     0.4980     0.5566     0.0048  0.1137937 0.0000e+00
       2951     32.732     8.6955   3.408928     0.4967     0.5566     0.0048  0.1137937 0.0000e+00
       2952     32.790     8.6957   3.408992     0.4967     0.5554     0.0048  0.1137937 0.0000e+00
       2953     32.732     8.6960   3.409179     0.4980     0.5566     0.0048  0.1137937 0.0000e+00
       2954     32.798     8.6957   3.409270     0.4980     0.5566     0.0048  0.1133053 0.0000e+00
       2955     32.790     8.6960   3.409171     0.4955     0.5566     0.0048  0.1137937 0.0000e+00
       2956     32.790     8.6960   3.409042     0.4955     0.5566     0.0048  0.1137937 0.0000e+00
       2957     32.848     8.6961   3.409122     0.4955     0.5554     0.0048  0.1133053 0.0000e+00
       2958     32.848     8.6963   3.409181     0.4980     0.5566     0.0048  0.1137937 0.0000e+00
       2959     32.848     8.6964   3.409314     0.4967     0.5566     0.0048  0.1137937 0.0000e+00
       2960     32.856     8.6967   3.409483     0.4955     0.5554     0.0048  0.1137937 0.0000e+00
       2961     32.914     8.6969   3.409506     0.4955     0.5554     0.0048  0.1137937 0.0000e+00
       2962     32.914     8.6970   3.409406     0.4955     0.5554     0.0048  0.1137937 0.0000e+00
       2963     32.914     8.6971   3.409393     0.4967     0.5566     0.0048  0.1137937 0.0000e+00
       2964     32.914     8.6970   3.409404     0.4955     0.5554     0.0048  0.1137937 0.0000e+00
       2965     32.971     8.6972   3.409496     0.4955     0.5554     0.0048  0.1137937 0.0000e+00
       2966     32.914     8.6976   3.409596     0.4955     0.5554     0.0048  0.1133053 0.0000e+00
       2967     32.971     8.6978   3.409619     0.4955     0.5554     0.0048  0.1137937 0.0000e+00
       2968     32.971     8.6979   3.409636     0.4967     0.5554     0.0048  0.1137937 0.0000e+00
       2969     33.037     8.6981   3.409647     0.4955     0.5554     0.0048  0.1137937 0.0000e+00
       2970     33.037     8.6982   3.409646     0.4955     0.5554     0.0048  0.1137937 0.0000e+00
       2971     32.971     8.6981   3.409697     0.4955     0.5554     0.0048  0.1133053 0.0000e+00
       2972     33.095     8.6984   3.409844     0.4967     0.5554     0.0048  0.1137937 0.0000e+00
       2973     33.037     8.6983   3.409865     0.4967     0.5554     0.0048  0.1137937 0.0000e+00
       2974     33.095     8.6984   3.409788     0.4955     0.5554     0.0048  0.1137937 0.0000e+00
       2975     33.095     8.6983   3.409717     0.4943     0.5554     0.0048  0.1137937 0.0000e+00
       2976     33.095     8.6986   3.409723     0.4943     0.5554     0.0048  0.1137937 0.0000e+00
       2977     33.153     8.6985   3.409734     0.4967     0.5554     0.0048  0.1137937 0.0000e+00
       2978     33.153     8.6986   3.409925     0.4967     0.5554     0.0048  0.1137937 0.0000e+00
       2979     33.103     8.6985   3.409976     0.4955     0.5554     0.0048  0.1137937 0.0000e+00
       2980     33.219     8.6986   3.409952     0.4955     0.5554     0.0048  0.1133053 0.0000e+00
       2981     33.153     8.6986   3.409782     0.4943     0.5541     0.0048  0.1137937 0.0000e+00
       2982     33.219     8.6990   3.409841     0.4967     0.5554     0.0048  0.1137937 0.0000e+00
       2983     33.219     8.6984   3.409925     0.4955     0.5554     0.0048  0.1133053 0.0000e+00
       2984     33.219     8.6988   3.409943     0.4943     0.5554     0.0048  0.1137937 0.0000e+00
       2985     33.285     8.6987   3.410053     0.4955     0.5554     0.0048  0.1137937 0.0000e+00
       2986     33.219     8.6985   3.410045     0.4955     0.5541     0.0048  0.1137937 0.0000e+00
       2987     33.342     8.6989   3.410074     0.4967     0.5541     0.0048  0.1133053 0.0000e+00
       2988     33.277     8.6988   3.410044     0.4955     0.5541     0.0048  0.1137937 0.0000e+00
       2989     33.277     8.6991   3.410003     0.4955     0.5554     0.0048  0.1133053 0.0000e+00
       2990     33.342     8.6988   3.409972     0.4955     0.5554     0.0048  0.1137937 0.0000e+00
       2991     33.342     8.6987   3.409995     0.4955     0.5541     0.0048  0.1137937 0.0000e+00
       2992     33.342     8.6988   3.410267     0.4955     0.5554     0.0048  0.1137937 0.0000e+00
       2993     33.400     8.6989   3.410244     0.4943     0.5541     0.0048  0.1137937 0.0000e+00
       2994     33.400     8.6990   3.410138     0.4955     0.5541     0.0048  0.1133053 0.0000e+00
       2995     33.343     8.6991   3.410092     0.4943     0.5541     0.0049  0.1137937 0.0000e+00
       2996     33.466     8.6991   3.410085     0.4955     0.5541     0.0049  0.1137937 0.0000e+00
       2997     33.408     8.6991   3.410101     0.4955     0.5541     0.0049  0.1137937 0.0000e+00
       2998     33.466     8.6989   3.410117     0.4943     0.5541     0.0049  0.1137937 0.0000e+00
       2999     33.466     8.6990   3.410226     0.4955     0.5541     0.0049  0.1137937 0.0000e+00
       3000     33.466     8.6991   3.410267     0.4931     0.5541     0.0049  0.1137937 0.0000e+00
       3001     33.466     8.6991   3.410214     0.4955     0.5541     0.0049  0.1137937 0.0000e+00
       3002     33.532     8.6991   3.410178     0.4955     0.5541     0.0049  0.1137937 0.0000e+00
       3003     33.524     8.6990   3.410212     0.4955     0.5541     0.0049  0.1133053 0.0000e+00
       3004     33.524     8.6991   3.410182     0.4931     0.5541     0.0049  0.1133053 0.0000e+00
       3005     33.524     8.6991   3.410186     0.4931     0.5554     0.0049  0.1137937 0.0000e+00
       3006     33.582     8.6989   3.410319     0.4955     0.5541     0.0049  0.1137937 0.0000e+00
       3007     33.582     8.6991   3.410395     0.4955     0.5541     0.0049  0.1133053 0.0000e+00
       3008     33.590     8.6989   3.410411     0.4943     0.5541     0.0049  0.1137937 0.0000e+00
       3009     33.582     8.6991   3.410358     0.4931     0.5541     0.0049  0.1137937 0.0000e+00
       3010     33.648     8.6992   3.410299     0.4931     0.5541     0.0049  0.1133053 0.0000e+00
       3011     33.582     8.6993   3.410305     0.4955     0.5541     0.0049  0.1137937 0.0000e+00
       3012     33.648     8.6996   3.410386     0.4943     0.5541     0.0049  0.1137937 0.0000e+00
       3013     33.705     8.6996   3.410508     0.4931     0.5541     0.0049  0.1137937 0.0000e+00
       3014     33.648     8.6997   3.410554     0.4931     0.5541     0.0049  0.1137937 0.0000e+00
       3015     33.705     8.7002   3.410608     0.4955     0.5529     0.0051  0.1137937 0.0000e+00
       3016     33.705     8.7001   3.410601     0.4955     0.5529     0.0049  0.1137937 0.0000e+00
       3017     33.705     8.7000   3.410634     0.4943     0.5541     0.0049  0.1137937 0.0000e+00
       3018     33.705     8.7006   3.410723     0.4931     0.5541     0.0049  0.1133053 0.0000e+00
       3019     33.771     8.7003   3.410785     0.4931     0.5541     0.0049  0.1137937 0.0000e+00
       3020     33.771     8.7007   3.410826     0.4955     0.5541     0.0049  0.1142821 0.0000e+00
       3021     33.771     8.7010   3.410984     0.4955     0.5529     0.0049  0.1142821 0.0000e+00
       3022     33.771     8.7011   3.411018     0.4955     0.5529     0.0049  0.1142821 0.0000e+00
       3023     33.829     8.7012   3.411042     0.4931     0.5529     0.0049  0.1142821 0.0000e+00
       3024     33.829     8.7014   3.411024     0.4931     0.5529     0.0049  0.1142821 0.0000e+00
       3025     33.771     8.7018   3.411176     0.4943     0.5541     0.0049  0.1142821 0.0000e+00
       3026     33.895     8.7017   3.411163     0.4955     0.5529     0.0049  0.1142821 0.0000e+00
