code/data/2021/ctd_data_day3/station2B_ctm.cnv
* Sea-Bird SBE 9 Data File:
* FileName = C:\Users\CTD-User\Desktop\MAR440\day3\station2B.hex
* Software Version Seasave V 7.26.2.13
* Temperature SN = 6313
* Conductivity SN = 4758
* Number of Bytes Per Scan = 37
* Number of Voltage Words = 4
* Number of Scans Averaged by the Deck Unit = 1
* NMEA Latitude = 58 20.01 N
* NMEA Longitude = 011 52.53 E
* NMEA UTC (Time) = Sep 23 2021 08:43:00
* NMEA baud rate = 4800
** Ship: Skagerrak
** Station: station2B
** Operator: Eva
# nquan = 9
# nvalues = 5095                        
# units = specified
# name 0 = scan: Scan Count
# name 1 = prDM: Pressure, Digiquartz [db]
# name 2 = t090C: Temperature [ITS-90, deg C]
# name 3 = c0S/m: Conductivity [S/m]
# name 4 = sbeox0V: Oxygen raw, SBE 43 [V]
# name 5 = sbeox1V: Oxygen raw, SBE 43, 2 [V]
# name 6 = flECO-AFL: Fluorescence, WET Labs ECO-AFL/FL [mg/m^3]
# name 7 = upoly0: Upoly 0, Turbidity
# name 8 = flag:  0.000e+00
# span 0 =          1,       5095       
# span 1 =      0.188,     45.391       
# span 2 =     7.5723,    15.8582       
# span 3 =   0.044614,   3.476282       
# span 4 =     0.4687,     3.2015       
# span 5 =     0.5334,     2.8169       
# span 6 =     0.0033,     0.0346       
# span 7 =  0.0800940,  0.2285678       
# span 8 = 0.0000e+00, 0.0000e+00       
# interval = seconds: 0.0416667
# start_time = Sep 23 2021 08:43:00 [NMEA time, header]
# bad_flag = -9.990e-29
*END*
[from data line 641]
        642      0.246    14.9806   0.239887     2.9377     2.7766     0.0333  0.1328413 0.0000e+00
        643      0.222    15.0132   0.249878     2.9377     2.7766     0.0335  0.1333297 0.0000e+00
        644      0.304    15.0489   0.274956     2.9377     2.7766     0.0333  0.1333297 0.0000e+00
        645      0.279    15.0818   0.354593     2.9390     2.7766     0.0335  0.1333297 0.0000e+00
        646      0.304    15.1088   0.945386     2.9390     2.7766     0.0335  0.1333297 0.0000e+00
        647      0.337    15.1282   1.213405     2.9390     2.7766     0.0333  0.1333297 0.0000e+00
        648      0.370    15.1418   1.510548     2.9377     2.7766     0.0335  0.1333297 0.0000e+00
        649      0.337    15.1498   2.015800     2.9390     2.7766     0.0333  0.1333297 0.0000e+00
        650      0.370    15.1555   2.281320     2.9390     2.7766     0.0333  0.1333297 0.0000e+00
        651      0.403    15.1597   2.463162     2.9390     2.7766     0.0333  0.1333297 0.0000e+00
        652      0.493    15.1636   2.657312     2.9390     2.7766     0.0333  0.1328413 0.0000e+00
        653      0.403    15.1668   2.759477     2.9390     2.7766     0.0333  0.1333297 0.0000e+00
        654      0.427    15.1694   2.852968     2.9390     2.7766     0.0333  0.1328413 0.0000e+00
        655      0.526    15.1721   2.918478     2.9390     2.7766     0.0333  0.1333297 0.0000e+00
        656      0.493    15.1733   2.934471     2.9390     2.7766     0.0333  0.1333297 0.0000e+00
        657      0.526    15.1748   2.936346     2.9390     2.7766     0.0333  0.1333297 0.0000e+00
        658      0.493    15.1763   2.937429     2.9390     2.7766     0.0333  0.1333297 0.0000e+00
        659      0.584    15.1777   2.938220     2.9390     2.7766     0.0333  0.1333297 0.0000e+00
        660      0.493    15.1799   2.939241     2.9402     2.7766     0.0264  0.1440745 0.0000e+00
        661      0.650    15.1832   2.939727     2.9402     2.7766     0.0097  0.1694713 0.0000e+00
        662      0.551    15.1866   2.939461     2.9402     2.7766     0.0042  0.1782625 0.0000e+00
        663      0.584    15.1895   2.939242     2.9402     2.7766     0.0042  0.1777741 0.0000e+00
        664      0.617    15.1921   2.939242     2.9402     2.7766     0.0049  0.1763089 0.0000e+00
        665      0.650    15.1939   2.939761     2.9402     2.7766     0.0051  0.1763089 0.0000e+00
        666      0.617    15.1963   2.940938     2.9402     2.7766     0.0051  0.1763089 0.0000e+00
        667      0.650    15.1980   2.941711     2.9414     2.7778     0.0051  0.1763089 0.0000e+00
        668      0.674    15.1990   2.943515     2.9402     2.7778     0.0051  0.1763089 0.0000e+00
        669      0.707    15.1998   2.944780     2.9414     2.7778     0.0051  0.1763089 0.0000e+00
        670      0.674    15.1999   2.945933     2.9414     2.7790     0.0051  0.1763089 0.0000e+00
        671      0.707    15.1995   2.947173     2.9414     2.7790     0.0051  0.1763089 0.0000e+00
        672      0.732    15.1978   2.947961     2.9426     2.7802     0.0051  0.1763089 0.0000e+00
        673      0.707    15.1953   2.948367     2.9426     2.7802     0.0051  0.1763089 0.0000e+00
        674      0.732    15.1920   2.948698     2.9438     2.7814     0.0051  0.1763089 0.0000e+00
        675      0.732    15.1890   2.948762     2.9438     2.7827     0.0051  0.1763089 0.0000e+00
        676      0.765    15.1858   2.948797     2.9438     2.7839     0.0051  0.1763089 0.0000e+00
        677      0.798    15.1836   2.949107     2.9451     2.7851     0.0051  0.1763089 0.0000e+00
        678      0.831    15.1820   2.949210     2.9475     2.7863     0.0051  0.1763089 0.0000e+00
        679      0.798    15.1811   2.949266     2.9475     2.7875     0.0051  0.1763089 0.0000e+00
        680      0.831    15.1807   2.949517     2.9487     2.7888     0.0051  0.1763089 0.0000e+00
        681      0.798    15.1800   2.949733     2.9499     2.7900     0.0051  0.1763089 0.0000e+00
        682      0.888    15.1795   2.950150     2.9499     2.7924     0.0051  0.1763089 0.0000e+00
        683      0.855    15.1789   2.950461     2.9512     2.7937     0.0051  0.1763089 0.0000e+00
        684      0.888    15.1780   2.950606     2.9524     2.7949     0.0051  0.1763089 0.0000e+00
        685      0.921    15.1782   2.950553     2.9548     2.7973     0.0051  0.1763089 0.0000e+00
        686      0.888    15.1795   2.950657     2.9548     2.7985     0.0051  0.1777741 0.0000e+00
        687      0.921    15.1800   2.950643     2.9573     2.7998     0.0053  0.1787509 0.0000e+00
        688      0.954    15.1804   2.950690     2.9585     2.8010     0.0053  0.1787509 0.0000e+00
        689      0.979    15.1805   2.950708     2.9597     2.8034     0.0053  0.1787509 0.0000e+00
        690      0.954    15.1812   2.950497     2.9609     2.8046     0.0053  0.1787509 0.0000e+00
        691      0.979    15.1815   2.950356     2.9634     2.8071     0.0053  0.1787509 0.0000e+00
        692      1.012    15.1819   2.950167     2.9646     2.8083     0.0053  0.1787509 0.0000e+00
        693      0.979    15.1821   2.950181     2.9658     2.8095     0.0053  0.1787509 0.0000e+00
        694      1.069    15.1824   2.949891     2.9683     2.8107     0.0053  0.1787509 0.0000e+00
        695      0.979    15.1832   2.949759     2.9695     2.8120     0.0053  0.1787509 0.0000e+00
        696      1.036    15.1838   2.949505     2.9707     2.8132     0.0053  0.1787509 0.0000e+00
        697      1.069    15.1842   2.949289     2.9744     2.8144     0.0053  0.1787509 0.0000e+00
        698      1.102    15.1846   2.948952     2.9768     2.8144     0.0053  0.1787509 0.0000e+00
        699      1.069    15.1846   2.948790     2.9780     2.8156     0.0053  0.1787509 0.0000e+00
        700      1.160    15.1854   2.948598     2.9792     2.8156     0.0053  0.1787509 0.0000e+00
        701      1.135    15.1858   2.948289     2.9817     2.8169     0.0053  0.1787509 0.0000e+00
        702      1.102    15.1861   2.948244     2.9841     2.8156     0.0053  0.1787509 0.0000e+00
        703      1.193    15.1860   2.948059     2.9866     2.8156     0.0053  0.1787509 0.0000e+00
        704      1.160    15.1868   2.947934     2.9878     2.8156     0.0053  0.1787509 0.0000e+00
        705      1.135    15.1885   2.947813     2.9902     2.8144     0.0053  0.1787509 0.0000e+00
        706      1.160    15.1895   2.947507     2.9927     2.8144     0.0053  0.1787509 0.0000e+00
        707      1.259    15.1905   2.947378     2.9951     2.8132     0.0053  0.1787509 0.0000e+00
        708      1.226    15.1911   2.947087     2.9976     2.8120     0.0053  0.1787509 0.0000e+00
        709      1.193    15.1912   2.946789     3.0000     2.8120     0.0053  0.1787509 0.0000e+00
        710      1.225    15.1911   2.946694     3.0012     2.8107     0.0053  0.1787509 0.0000e+00
        711      1.192    15.1908   2.946428     3.0037     2.8083     0.0053  0.1782625 0.0000e+00
        712      1.225    15.1905   2.946174     3.0061     2.8071     0.0055  0.1767973 0.0000e+00
        713      1.258    15.1903   2.946035     3.0085     2.8059     0.0055  0.1763089 0.0000e+00
        714      1.225    15.1895   2.945916     3.0110     2.8034     0.0057  0.1763089 0.0000e+00
        715      1.283    15.1879   2.945563     3.0134     2.8022     0.0057  0.1763089 0.0000e+00
        716      1.192    15.1856   2.945269     3.0159     2.7998     0.0055  0.1763089 0.0000e+00
        717      1.225    15.1838   2.945130     3.0183     2.7973     0.0055  0.1763089 0.0000e+00
        718      1.258    15.1842   2.945005     3.0220     2.7949     0.0057  0.1763089 0.0000e+00
        719      1.225    15.1846   2.944810     3.0244     2.7937     0.0055  0.1763089 0.0000e+00
        720      1.258    15.1838   2.944698     3.0256     2.7912     0.0057  0.1758205 0.0000e+00
        721      1.225    15.1824   2.944655     3.0293     2.7888     0.0057  0.1763089 0.0000e+00
        722      1.192    15.1809   2.944601     3.0317     2.7851     0.0057  0.1763089 0.0000e+00
        723      1.225    15.1793   2.944470     3.0342     2.7827     0.0057  0.1763089 0.0000e+00
        724      1.316    15.1785   2.944281     3.0366     2.7790     0.0057  0.1763089 0.0000e+00
        725      1.225    15.1780   2.944133     3.0391     2.7766     0.0057  0.1763089 0.0000e+00
        726      1.258    15.1766   2.944042     3.0427     2.7729     0.0057  0.1763089 0.0000e+00
        727      1.225    15.1751   2.944000     3.0440     2.7692     0.0057  0.1763089 0.0000e+00
        728      1.258    15.1735   2.944106     3.0476     2.7656     0.0057  0.1763089 0.0000e+00
        729      1.225    15.1719   2.944064     3.0513     2.7619     0.0057  0.1763089 0.0000e+00
        730      1.258    15.1707   2.943964     3.0537     2.7582     0.0057  0.1763089 0.0000e+00
        731      1.225    15.1701   2.944035     3.0562     2.7546     0.0057  0.1763089 0.0000e+00
        732      1.225    15.1694   2.944113     3.0586     2.7509     0.0057  0.1763089 0.0000e+00
        733      1.258    15.1692   2.943957     3.0611     2.7473     0.0057  0.1763089 0.0000e+00
        734      1.225    15.1691   2.943855     3.0635     2.7436     0.0057  0.1763089 0.0000e+00
        735      1.258    15.1689   2.943660     3.0672     2.7399     0.0055  0.1763089 0.0000e+00
        736      1.225    15.1685   2.943651     3.0696     2.7350     0.0057  0.1763089 0.0000e+00
        737      1.192    15.1685   2.943567     3.0708     2.7314     0.0051  0.1753321 0.0000e+00
        738      1.225    15.1682   2.943570     3.0745     2.7265     0.0048  0.1743553 0.0000e+00
        739      1.258    15.1679   2.943590     3.0769     2.7228     0.0046  0.1743553 0.0000e+00
        740      1.225    15.1674   2.943604     3.0794     2.7192     0.0048  0.1743553 0.0000e+00
        741      1.192    15.1668   2.943518     3.0818     2.7143     0.0048  0.1743553 0.0000e+00
        742      1.225    15.1662   2.943559     3.0843     2.7106     0.0048  0.1743553 0.0000e+00
        743      1.258    15.1656   2.943550     3.0867     2.7070     0.0048  0.1743553 0.0000e+00
        744      1.225    15.1648   2.943288     3.0891     2.7021     0.0048  0.1743553 0.0000e+00
        745      1.192    15.1639   2.943334     3.0916     2.6984     0.0048  0.1743553 0.0000e+00
        746      1.282    15.1633   2.943618     3.0940     2.6947     0.0048  0.1743553 0.0000e+00
        747      1.192    15.1631   2.943573     3.0965     2.6899     0.0048  0.1743553 0.0000e+00
        748      1.224    15.1633   2.943580     3.0989     2.6862     0.0048  0.1743553 0.0000e+00
        749      1.224    15.1641   2.943782     3.1001     2.6825     0.0046  0.1743553 0.0000e+00
        750      1.257    15.1663   2.943703     3.1026     2.6789     0.0048  0.1743553 0.0000e+00
        751      1.282    15.1686   2.943563     3.1038     2.6752     0.0048  0.1743553 0.0000e+00
        752      1.257    15.1707   2.943711     3.1074     2.6703     0.0048  0.1743553 0.0000e+00
        753      1.224    15.1729   2.943808     3.1087     2.6667     0.0048  0.1743553 0.0000e+00
        754      1.315    15.1746   2.943849     3.1111     2.6630     0.0048  0.1743553 0.0000e+00
        755      1.224    15.1758   2.943865     3.1123     2.6593     0.0048  0.1743553 0.0000e+00
        756      1.257    15.1773   2.943828     3.1148     2.6557     0.0048  0.1743553 0.0000e+00
        757      1.282    15.1789   2.943901     3.1160     2.6520     0.0046  0.1743553 0.0000e+00
        758      1.257    15.1799   2.943984     3.1184     2.6484     0.0048  0.1743553 0.0000e+00
        759      1.282    15.1804   2.943998     3.1197     2.6447     0.0048  0.1743553 0.0000e+00
        760      1.257    15.1810   2.943831     3.1209     2.6398     0.0048  0.1743553 0.0000e+00
        761      1.224    15.1819   2.943831     3.1233     2.6374     0.0048  0.1743553 0.0000e+00
        762      1.257    15.1822   2.943635     3.1258     2.6337     0.0046  0.1728901 0.0000e+00
        763      1.224    15.1832   2.943532     3.1270     2.6300     0.0046  0.1684945 0.0000e+00
        764      1.315    15.1837   2.943530     3.1294     2.6264     0.0046  0.1670293 0.0000e+00
        765      1.158    15.1842   2.943320     3.1306     2.6227     0.0046  0.1670293 0.0000e+00
        766      1.224    15.1844   2.942981     3.1319     2.6203     0.0046  0.1670293 0.0000e+00
        767      1.257    15.1846   2.942946     3.1331     2.6154     0.0046  0.1670293 0.0000e+00
        768      1.158    15.1850   2.942857     3.1355     2.6117     0.0046  0.1670293 0.0000e+00
        769      1.191    15.1857   2.942598     3.1368     2.6093     0.0046  0.1670293 0.0000e+00
        770      1.224    15.1861   2.942607     3.1380     2.6056     0.0046  0.1670293 0.0000e+00
        771      1.257    15.1866   2.942613     3.1392     2.6020     0.0046  0.1670293 0.0000e+00
        772      1.158    15.1866   2.942285     3.1392     2.5983     0.0046  0.1670293 0.0000e+00
        773      1.257    15.1871   2.941856     3.1416     2.5946     0.0046  0.1670293 0.0000e+00
        774      1.158    15.1870   2.941600     3.1429     2.5910     0.0046  0.1670293 0.0000e+00
        775      1.257    15.1875   2.941352     3.1441     2.5885     0.0046  0.1670293 0.0000e+00
        776      1.158    15.1875   2.940877     3.1453     2.5849     0.0044  0.1670293 0.0000e+00
        777      1.257    15.1874   2.940578     3.1465     2.5812     0.0046  0.1670293 0.0000e+00
        778      1.158    15.1876   2.940693     3.1477     2.5775     0.0046  0.1670293 0.0000e+00
        779      1.191    15.1876   2.940713     3.1490     2.5751     0.0046  0.1670293 0.0000e+00
        780      1.224    15.1878   2.940454     3.1502     2.5714     0.0046  0.1670293 0.0000e+00
        781      1.257    15.1877   2.940260     3.1514     2.5678     0.0046  0.1670293 0.0000e+00
        782      1.158    15.1878   2.940220     3.1526     2.5653     0.0046  0.1670293 0.0000e+00
        783      1.223    15.1876   2.940119     3.1526     2.5617     0.0046  0.1670293 0.0000e+00
        784      1.190    15.1874   2.939759     3.1551     2.5580     0.0046  0.1675177 0.0000e+00
        785      1.223    15.1870   2.939345     3.1551     2.5556     0.0046  0.1675177 0.0000e+00
        786      1.190    15.1863   2.939181     3.1563     2.5519     0.0046  0.1670293 0.0000e+00
        787      1.157    15.1861   2.939125     3.1563     2.5494     0.0046  0.1670293 0.0000e+00
        788      1.190    15.1854   2.938886     3.1575     2.5458     0.0046  0.1689829 0.0000e+00
        789      1.223    15.1851   2.938675     3.1587     2.5433     0.0046  0.1704481 0.0000e+00
        790      1.190    15.1846   2.938425     3.1600     2.5397     0.0046  0.1709365 0.0000e+00
        791      1.157    15.1844   2.938463     3.1612     2.5372     0.0046  0.1704481 0.0000e+00
        792      1.190    15.1839   2.938664     3.1612     2.5336     0.0046  0.1704481 0.0000e+00
        793      1.157    15.1841   2.938764     3.1624     2.5299     0.0046  0.1704481 0.0000e+00
        794      1.190    15.1836   2.938641     3.1624     2.5275     0.0046  0.1704481 0.0000e+00
        795      1.223    15.1836   2.938560     3.1636     2.5238     0.0046  0.1704481 0.0000e+00
        796      1.190    15.1836   2.938488     3.1648     2.5214     0.0046  0.1704481 0.0000e+00
        797      1.157    15.1835   2.938637     3.1661     2.5189     0.0046  0.1704481 0.0000e+00
        798      1.132    15.1834   2.938775     3.1661     2.5153     0.0046  0.1704481 0.0000e+00
        799      1.157    15.1836   2.938727     3.1661     2.5128     0.0046  0.1704481 0.0000e+00
        800      1.157    15.1836   2.938645     3.1673     2.5092     0.0046  0.1704481 0.0000e+00
