code/data/2021/ctd_data_day3/station3c_ctm.cnv
* Sea-Bird SBE 9 Data File:
* FileName = C:\Users\CTD-User\Desktop\MAR440\day3\station3c.hex
* Software Version Seasave V 7.26.2.13
* Temperature SN = 6313
* Conductivity SN = 4758
* Number of Bytes Per Scan = 37
* Number of Voltage Words = 4
* Number of Scans Averaged by the Deck Unit = 1
* NMEA Latitude = 58 19.70 N
* NMEA Longitude = 011 51.37 E
* NMEA UTC (Time) = Sep 23 2021 09:07:02
* NMEA baud rate = 4800
** Ship: Skagerrak
** Station: station3C
** Operator: Eva
# nquan = 9
# nvalues = 4697                        
# units = specified
# name 0 = scan: Scan Count
# name 1 = prDM: Pressure, Digiquartz [db]
# name 2 = t090C: Temperature [ITS-90, deg C]
# name 3 = c0S/m: Conductivity [S/m]
# name 4 = sbeox0V: Oxygen raw, SBE 43 [V]
# name 5 = sbeox1V: Oxygen raw, SBE 43, 2 [V]
# name 6 = flECO-AFL: Fluorescence, WET Labs ECO-AFL/FL [mg/m^3]
# name 7 = upoly0: Upoly 0, Turbidity
# name 8 = flag:  0.000e+00
# span 0 =          1,       4697       
# span 1 =      0.630,     19.095       
# span 2 =     7.0204,    15.5591       
# span 3 =   2.896240,   3.475521       
# span 4 =     0.5883,     2.9487       
# span 5 =     0.6079,     2.6361       
# span 6 =     0.0038,     0.0258       
# span 7 =  0.0888852,  0.1684945       
# span 8 = 0.0000e+00, 0.0000e+00       
# interval = seconds: 0.0416667
# start_time = Sep 23 2021 09:07:02 [NMEA time, header]
# bad_flag = -9.990e-29
*END*
[from data line 1921]
       1922      0.929    15.1396   2.970214     2.6996     2.6129     0.0051  0.1548193 0.0000e+00
       1923      0.954    15.1396   2.970236     2.6996     2.6129     0.0051  0.1548193 0.0000e+00
       1924      0.987    15.1401   2.970332     2.6984     2.6129     0.0051  0.1548193 0.0000e+00
       1925      0.954    15.1399   2.970315     2.6984     2.6117     0.0051  0.1548193 0.0000e+00
       1926      0.929    15.1402   2.970371     2.6984     2.6117     0.0051  0.1548193 0.0000e+00
       1927      0.954    15.1398   2.970386     2.6996     2.6117     0.0051  0.1548193 0.0000e+00
       1928      0.987    15.1395   2.970303     2.6984     2.6117     0.0051  0.1548193 0.0000e+00
       1929      0.896    15.1391   2.970251     2.6984     2.6129     0.0051  0.1548193 0.0000e+00
       1930      0.929    15.1393   2.970252     2.6984     2.6117     0.0051  0.1548193 0.0000e+00
       1931      0.954    15.1389   2.970161     2.6972     2.6117     0.0051  0.1543309 0.0000e+00
       1932      0.929    15.1387   2.970232     2.6984     2.6117     0.0051  0.1548193 0.0000e+00
       1933      0.954    15.1389   2.970206     2.6984     2.6117     0.0051  0.1548193 0.0000e+00
       1934      0.929    15.1395   2.970257     2.6984     2.6117     0.0051  0.1548193 0.0000e+00
       1935      0.896    15.1398   2.970320     2.6984     2.6117     0.0051  0.1548193 0.0000e+00
       1936      0.929    15.1401   2.970288     2.6984     2.6117     0.0051  0.1548193 0.0000e+00
       1937      0.896    15.1396   2.970209     2.6984     2.6117     0.0051  0.1548193 0.0000e+00
       1938      0.929    15.1393   2.970323     2.6984     2.6117     0.0051  0.1548193 0.0000e+00
       1939      0.954    15.1395   2.970296     2.6960     2.6117     0.0051  0.1548193 0.0000e+00
       1940      0.929    15.1395   2.970252     2.6960     2.6117     0.0051  0.1548193 0.0000e+00
       1941      0.896    15.1395   2.970180     2.6984     2.6129     0.0051  0.1548193 0.0000e+00
       1942      0.929    15.1391   2.970251     2.6972     2.6129     0.0051  0.1548193 0.0000e+00
       1943      0.954    15.1387   2.970271     2.6984     2.6129     0.0051  0.1548193 0.0000e+00
       1944      0.929    15.1384   2.970187     2.6947     2.6129     0.0051  0.1543309 0.0000e+00
       1945      0.896    15.1386   2.970054     2.6947     2.6129     0.0051  0.1538425 0.0000e+00
       1946      0.953    15.1387   2.970171     2.6984     2.6129     0.0051  0.1538425 0.0000e+00
       1947      0.871    15.1391   2.970217     2.6984     2.6129     0.0051  0.1538425 0.0000e+00
       1948      0.953    15.1393   2.970196     2.6960     2.6129     0.0051  0.1533541 0.0000e+00
       1949      0.929    15.1393   2.970107     2.6960     2.6129     0.0051  0.1538425 0.0000e+00
       1950      0.896    15.1391   2.970294     2.6947     2.6117     0.0051  0.1538425 0.0000e+00
       1951      0.871    15.1395   2.970296     2.6984     2.6117     0.0051  0.1538425 0.0000e+00
       1952      0.896    15.1396   2.970290     2.6984     2.6129     0.0051  0.1538425 0.0000e+00
       1953      0.929    15.1398   2.970220     2.6960     2.6129     0.0051  0.1533541 0.0000e+00
       1954      0.896    15.1398   2.970303     2.6960     2.6129     0.0051  0.1533541 0.0000e+00
       1955      0.871    15.1387   2.970287     2.6960     2.6117     0.0051  0.1538425 0.0000e+00
       1956      0.896    15.1379   2.970118     2.6972     2.6117     0.0051  0.1538425 0.0000e+00
       1957      0.871    15.1379   2.970029     2.6984     2.6117     0.0051  0.1538425 0.0000e+00
       1958      0.895    15.1384   2.970131     2.6960     2.6129     0.0051  0.1533541 0.0000e+00
       1959      0.871    15.1386   2.970076     2.6960     2.6117     0.0051  0.1538425 0.0000e+00
       1960      0.895    15.1393   2.970030     2.6984     2.6117     0.0051  0.1533541 0.0000e+00
       1961      0.871    15.1395   2.970125     2.6984     2.6117     0.0051  0.1538425 0.0000e+00
       1962      0.895    15.1396   2.970119     2.6984     2.6117     0.0051  0.1538425 0.0000e+00
       1963      0.871    15.1399   2.970093     2.6972     2.6117     0.0051  0.1538425 0.0000e+00
       1964      0.895    15.1401   2.970082     2.6984     2.6117     0.0051  0.1538425 0.0000e+00
       1965      0.870    15.1403   2.969911     2.6984     2.6117     0.0051  0.1538425 0.0000e+00
       1966      0.895    15.1406   2.970173     2.6984     2.6117     0.0051  0.1538425 0.0000e+00
       1967      0.870    15.1411   2.970345     2.6984     2.6129     0.0051  0.1533541 0.0000e+00
       1968      0.895    15.1420   2.970410     2.6984     2.6117     0.0051  0.1538425 0.0000e+00
       1969      0.928    15.1425   2.970440     2.6984     2.6129     0.0051  0.1538425 0.0000e+00
       1970      0.837    15.1428   2.970595     2.6984     2.6129     0.0051  0.1533541 0.0000e+00
       1971      0.928    15.1428   2.970778     2.6996     2.6129     0.0051  0.1533541 0.0000e+00
       1972      0.895    15.1437   2.970792     2.6984     2.6129     0.0051  0.1533541 0.0000e+00
       1973      0.837    15.1440   2.970765     2.6984     2.6129     0.0051  0.1533541 0.0000e+00
       1974      0.928    15.1425   2.970969     2.6984     2.6129     0.0051  0.1533541 0.0000e+00
       1975      0.895    15.1415   2.970987     2.7009     2.6129     0.0051  0.1533541 0.0000e+00
       1976      0.870    15.1423   2.970741     2.6996     2.6129     0.0051  0.1533541 0.0000e+00
       1977      0.895    15.1428   2.970650     2.6996     2.6129     0.0051  0.1533541 0.0000e+00
       1978      0.870    15.1415   2.970562     2.6996     2.6129     0.0051  0.1533541 0.0000e+00
       1979      0.895    15.1391   2.970271     2.6996     2.6129     0.0051  0.1533541 0.0000e+00
       1980      0.870    15.1371   2.970009     2.7009     2.6129     0.0051  0.1533541 0.0000e+00
       1981      0.837    15.1360   2.969784     2.6996     2.6129     0.0051  0.1533541 0.0000e+00
       1982      0.928    15.1347   2.969696     2.7009     2.6129     0.0051  0.1533541 0.0000e+00
       1983      0.837    15.1349   2.969552     2.6996     2.6129     0.0051  0.1533541 0.0000e+00
       1984      0.928    15.1360   2.969491     2.7009     2.6142     0.0051  0.1533541 0.0000e+00
       1985      0.837    15.1371   2.969489     2.7033     2.6142     0.0051  0.1533541 0.0000e+00
       1986      0.870    15.1379   2.969675     2.7009     2.6142     0.0051  0.1533541 0.0000e+00
       1987      0.895    15.1381   2.969935     2.7009     2.6142     0.0051  0.1533541 0.0000e+00
       1988      0.870    15.1398   2.969974     2.7009     2.6142     0.0051  0.1528657 0.0000e+00
       1989      0.895    15.1408   2.969973     2.7033     2.6142     0.0051  0.1533541 0.0000e+00
       1990      0.870    15.1435   2.970249     2.7033     2.6142     0.0051  0.1533541 0.0000e+00
       1991      0.837    15.1462   2.970569     2.7033     2.6142     0.0051  0.1533541 0.0000e+00
       1992      0.870    15.1465   2.970857     2.7009     2.6142     0.0051  0.1533541 0.0000e+00
       1993      0.894    15.1462   2.970994     2.7009     2.6154     0.0051  0.1533541 0.0000e+00
       1994      0.870    15.1450   2.971138     2.7033     2.6154     0.0051  0.1533541 0.0000e+00
       1995      0.894    15.1443   2.971069     2.7033     2.6154     0.0051  0.1538425 0.0000e+00
       1996      0.870    15.1443   2.970848     2.7021     2.6154     0.0053  0.1553077 0.0000e+00
       1997      0.894    15.1447   2.970805     2.7033     2.6154     0.0053  0.1557961 0.0000e+00
       1998      0.870    15.1457   2.970930     2.7033     2.6142     0.0053  0.1557961 0.0000e+00
       1999      0.837    15.1452   2.970917     2.7033     2.6142     0.0053  0.1553077 0.0000e+00
       2000      0.894    15.1450   2.970855     2.7033     2.6142     0.0053  0.1553077 0.0000e+00
       2001      0.927    15.1448   2.970926     2.7033     2.6142     0.0053  0.1557961 0.0000e+00
       2002      0.836    15.1448   2.971081     2.7033     2.6142     0.0053  0.1553077 0.0000e+00
       2003      0.927    15.1447   2.971098     2.7033     2.6142     0.0053  0.1557961 0.0000e+00
       2004      0.894    15.1448   2.970965     2.7033     2.6142     0.0053  0.1557961 0.0000e+00
       2005      0.869    15.1452   2.971016     2.7033     2.6142     0.0053  0.1557961 0.0000e+00
       2006      0.836    15.1455   2.971017     2.7033     2.6142     0.0053  0.1557961 0.0000e+00
       2007      0.927    15.1450   2.970943     2.7033     2.6142     0.0053  0.1553077 0.0000e+00
       2008      0.894    15.1442   2.970940     2.7033     2.6154     0.0053  0.1557961 0.0000e+00
       2009      0.869    15.1443   2.971001     2.7033     2.6154     0.0053  0.1557961 0.0000e+00
       2010      0.894    15.1450   2.970888     2.7021     2.6154     0.0053  0.1557961 0.0000e+00
       2011      0.927    15.1448   2.970859     2.7021     2.6154     0.0053  0.1557961 0.0000e+00
       2012      0.894    15.1454   2.970872     2.7021     2.6154     0.0053  0.1557961 0.0000e+00
       2013      0.927    15.1460   2.970940     2.7033     2.6154     0.0053  0.1553077 0.0000e+00
       2014      0.894    15.1453   2.970932     2.7033     2.6154     0.0053  0.1553077 0.0000e+00
       2015      0.869    15.1448   2.970963     2.7033     2.6154     0.0053  0.1553077 0.0000e+00
       2016      0.894    15.1452   2.971020     2.7009     2.6154     0.0053  0.1553077 0.0000e+00
       2017      0.927    15.1462   2.971124     2.7009     2.6154     0.0053  0.1557961 0.0000e+00
       2018      0.894    15.1469   2.971093     2.7033     2.6154     0.0053  0.1557961 0.0000e+00
       2019      0.927    15.1467   2.971086     2.7033     2.6154     0.0053  0.1557961 0.0000e+00
       2020      0.894    15.1459   2.971177     2.7033     2.6154     0.0053  0.1557961 0.0000e+00
       2021      0.869    15.1453   2.971119     2.7033     2.6154     0.0051  0.1548193 0.0000e+00
       2022      0.951    15.1455   2.971026     2.7033     2.6154     0.0051  0.1538425 0.0000e+00
       2023      0.869    15.1459   2.971010     2.7033     2.6166     0.0051  0.1533541 0.0000e+00
       2024      0.894    15.1459   2.971159     2.7033     2.6166     0.0051  0.1538425 0.0000e+00
       2025      0.926    15.1455   2.971120     2.7021     2.6166     0.0051  0.1538425 0.0000e+00
       2026      0.893    15.1448   2.971089     2.7033     2.6166     0.0051  0.1538425 0.0000e+00
       2027      0.893    15.1445   2.971055     2.7021     2.6166     0.0051  0.1538425 0.0000e+00
       2028      0.926    15.1443   2.971137     2.7045     2.6166     0.0051  0.1538425 0.0000e+00
       2029      0.893    15.1438   2.970997     2.7033     2.6166     0.0051  0.1538425 0.0000e+00
       2030      0.926    15.1426   2.970876     2.7033     2.6166     0.0051  0.1533541 0.0000e+00
       2031      0.893    15.1426   2.970992     2.7033     2.6166     0.0051  0.1538425 0.0000e+00
       2032      0.926    15.1440   2.970886     2.7033     2.6166     0.0051  0.1538425 0.0000e+00
       2033      0.893    15.1444   2.970794     2.7045     2.6166     0.0051  0.1538425 0.0000e+00
       2034      0.926    15.1445   2.970822     2.7033     2.6178     0.0051  0.1533541 0.0000e+00
       2035      0.951    15.1448   2.971027     2.7033     2.6178     0.0051  0.1533541 0.0000e+00
       2036      0.926    15.1447   2.971043     2.7033     2.6178     0.0051  0.1538425 0.0000e+00
       2037      0.951    15.1447   2.971032     2.7045     2.6178     0.0051  0.1538425 0.0000e+00
       2038      0.926    15.1448   2.971049     2.7045     2.6178     0.0051  0.1538425 0.0000e+00
       2039      0.951    15.1448   2.971127     2.7045     2.6166     0.0051  0.1538425 0.0000e+00
       2040      0.926    15.1448   2.970954     2.7033     2.6166     0.0051  0.1538425 0.0000e+00
       2041      0.951    15.1445   2.970893     2.7033     2.6166     0.0051  0.1538425 0.0000e+00
       2042      0.984    15.1438   2.970956     2.7045     2.6166     0.0051  0.1538425 0.0000e+00
       2043      0.951    15.1433   2.970948     2.7045     2.6166     0.0051  0.1538425 0.0000e+00
       2044      0.926    15.1440   2.970880     2.7033     2.6166     0.0051  0.1538425 0.0000e+00
       2045      0.951    15.1443   2.970842     2.7033     2.6166     0.0051  0.1538425 0.0000e+00
       2046      0.984    15.1450   2.970950     2.7033     2.6166     0.0051  0.1538425 0.0000e+00
       2047      0.951    15.1450   2.970917     2.7045     2.6166     0.0051  0.1538425 0.0000e+00
       2048      0.926    15.1448   2.970894     2.7045     2.6178     0.0051  0.1548193 0.0000e+00
       2049      0.951    15.1443   2.970975     2.7033     2.6178     0.0051  0.1548193 0.0000e+00
       2050      0.984    15.1440   2.971166     2.7033     2.6178     0.0051  0.1548193 0.0000e+00
       2051      0.951    15.1442   2.971095     2.7033     2.6178     0.0051  0.1543309 0.0000e+00
       2052      0.983    15.1442   2.970907     2.7057     2.6178     0.0051  0.1548193 0.0000e+00
       2053      0.893    15.1440   2.970928     2.7045     2.6190     0.0051  0.1543309 0.0000e+00
       2054      1.016    15.1437   2.971005     2.7033     2.6178     0.0051  0.1538425 0.0000e+00
       2055      0.926    15.1432   2.970920     2.7033     2.6178     0.0051  0.1538425 0.0000e+00
       2056      0.950    15.1432   2.970842     2.7033     2.6178     0.0051  0.1543309 0.0000e+00
       2057      0.926    15.1428   2.970813     2.7045     2.6190     0.0051  0.1538425 0.0000e+00
       2058      1.016    15.1421   2.970738     2.7033     2.6178     0.0051  0.1543309 0.0000e+00
       2059      0.926    15.1416   2.970670     2.7033     2.6178     0.0051  0.1543309 0.0000e+00
       2060      0.950    15.1418   2.970593     2.7033     2.6178     0.0051  0.1548193 0.0000e+00
       2061      0.983    15.1423   2.970728     2.7033     2.6190     0.0051  0.1548193 0.0000e+00
       2062      0.950    15.1423   2.970667     2.7045     2.6190     0.0051  0.1538425 0.0000e+00
       2063      0.983    15.1425   2.970591     2.7033     2.6190     0.0051  0.1548193 0.0000e+00
       2064      0.950    15.1426   2.970596     2.7033     2.6190     0.0051  0.1543309 0.0000e+00
       2065      0.983    15.1427   2.970718     2.7021     2.6190     0.0051  0.1543309 0.0000e+00
       2066      0.950    15.1425   2.970723     2.7045     2.6190     0.0051  0.1548193 0.0000e+00
       2067      0.983    15.1425   2.970652     2.7045     2.6190     0.0051  0.1548193 0.0000e+00
       2068      0.950    15.1418   2.970660     2.7033     2.6190     0.0051  0.1543309 0.0000e+00
       2069      0.983    15.1415   2.970764     2.7021     2.6190     0.0051  0.1543309 0.0000e+00
       2070      0.950    15.1410   2.970585     2.7021     2.6190     0.0051  0.1543309 0.0000e+00
       2071      0.983    15.1405   2.970389     2.7045     2.6190     0.0051  0.1538425 0.0000e+00
       2072      1.016    15.1403   2.970460     2.7033     2.6190     0.0053  0.1548193 0.0000e+00
       2073      0.983    15.1403   2.970510     2.7033     2.6190     0.0053  0.1557961 0.0000e+00
       2074      0.950    15.1401   2.970365     2.7033     2.6190     0.0053  0.1557961 0.0000e+00
       2075      0.983    15.1403   2.970239     2.7033     2.6190     0.0053  0.1557961 0.0000e+00
       2076      1.016    15.1403   2.970405     2.7057     2.6190     0.0053  0.1557961 0.0000e+00
       2077      1.049    15.1403   2.970438     2.7045     2.6190     0.0053  0.1557961 0.0000e+00
       2078      0.950    15.1400   2.970349     2.7033     2.6190     0.0053  0.1557961 0.0000e+00
       2079      0.950    15.1401   2.970321     2.7033     2.6190     0.0053  0.1553077 0.0000e+00
       2080      1.049    15.1403   2.970433     2.7033     2.6190     0.0053  0.1557961 0.0000e+00
