code/data/2021/ctd_data_day3/station8H_ctm_fil.cnv
* Sea-Bird SBE 9 Data File:
* FileName = C:\Users\CTD-User\Desktop\MAR440\day3\station8H.hex
* Software Version Seasave V 7.26.2.13
* Temperature SN = 6313
* Conductivity SN = 4758
* Number of Bytes Per Scan = 37
* Number of Voltage Words = 4
* Number of Scans Averaged by the Deck Unit = 1
* NMEA Latitude = 58 19.26 N
* NMEA Longitude = 011 49.42 E
* NMEA UTC (Time) = Sep 23 2021 11:26:46
* NMEA baud rate = 4800
** Ship: Skagerrak
** Station: station8H
** Operator: Emma
# nquan = 9
# nvalues = 2851                        
# units = specified
# name 0 = scan: Scan Count
# name 1 = prDM: Pressure, Digiquartz [db]
# name 2 = t090C: Temperature [ITS-90, deg C]
# name 3 = c0S/m: Conductivity [S/m]
# name 4 = sbeox0V: Oxygen raw, SBE 43 [V]
# name 5 = sbeox1V: Oxygen raw, SBE 43, 2 [V]
# name 6 = flECO-AFL: Fluorescence, WET Labs ECO-AFL/FL [mg/m^3]
# name 7 = upoly0: Upoly 0, Turbidity
# name 8 = flag:  0.000e+00
# span 0 =          1,       2851       
# span 1 =      1.387,     23.022       
# span 2 =    13.0407,    15.3630       
# span 3 =   2.902068,   3.761010       
# span 4 =     1.1054,     2.7944       
# span 5 =     1.1407,     2.6911       
# span 6 =     0.0037,     0.0104       
# span 7 =  0.0895694,  0.1540266       
# span 8 = 0.0000e+00, 0.0000e+00       
# interval = seconds: 0.0416667
# start_time = Sep 23 2021 11:26:46 [NMEA time, header]
# bad_flag = -9.990e-29
*END*
[from data line 1281]
       1282      3.433    14.8711   2.939474     2.1616     2.1798     0.0064  0.1457957 0.0000e+00
       1283      3.419    14.8751   2.940450     2.1631     2.1799     0.0064  0.1458058 0.0000e+00
       1284      3.406    14.8788   2.941353     2.1647     2.1801     0.0064  0.1458179 0.0000e+00
       1285      3.393    14.8822   2.942188     2.1665     2.1803     0.0064  0.1458318 0.0000e+00
       1286      3.380    14.8853   2.942957     2.1684     2.1807     0.0064  0.1458479 0.0000e+00
       1287      3.367    14.8881   2.943665     2.1704     2.1812     0.0062  0.1458660 0.0000e+00
       1288      3.354    14.8907   2.944318     2.1725     2.1819     0.0062  0.1458856 0.0000e+00
       1289      3.341    14.8931   2.944918     2.1748     2.1827     0.0062  0.1459050 0.0000e+00
       1290      3.328    14.8953   2.945470     2.1772     2.1837     0.0062  0.1459236 0.0000e+00
       1291      3.315    14.8973   2.945977     2.1798     2.1850     0.0062  0.1459414 0.0000e+00
       1292      3.302    14.8992   2.946443     2.1826     2.1864     0.0062  0.1459587 0.0000e+00
       1293      3.289    14.9009   2.946870     2.1855     2.1881     0.0062  0.1459754 0.0000e+00
       1294      3.276    14.9024   2.947262     2.1886     2.1901     0.0062  0.1459918 0.0000e+00
       1295      3.263    14.9038   2.947621     2.1918     2.1924     0.0062  0.1460079 0.0000e+00
       1296      3.250    14.9051   2.947950     2.1952     2.1950     0.0062  0.1460239 0.0000e+00
       1297      3.237    14.9063   2.948251     2.1989     2.1978     0.0062  0.1460399 0.0000e+00
       1298      3.223    14.9074   2.948527     2.2027     2.2010     0.0062  0.1460560 0.0000e+00
       1299      3.210    14.9083   2.948780     2.2067     2.2044     0.0062  0.1460722 0.0000e+00
       1300      3.197    14.9092   2.949012     2.2109     2.2081     0.0062  0.1460888 0.0000e+00
       1301      3.183    14.9101   2.949226     2.2153     2.2121     0.0062  0.1461057 0.0000e+00
       1302      3.170    14.9108   2.949422     2.2199     2.2164     0.0062  0.1461232 0.0000e+00
       1303      3.157    14.9115   2.949601     2.2247     2.2210     0.0062  0.1461414 0.0000e+00
       1304      3.143    14.9121   2.949766     2.2296     2.2258     0.0062  0.1461604 0.0000e+00
       1305      3.130    14.9127   2.949918     2.2348     2.2308     0.0062  0.1461803 0.0000e+00
       1306      3.116    14.9133   2.950057     2.2401     2.2361     0.0062  0.1462012 0.0000e+00
       1307      3.102    14.9137   2.950185     2.2455     2.2415     0.0062  0.1462234 0.0000e+00
       1308      3.089    14.9142   2.950304     2.2511     2.2471     0.0062  0.1462469 0.0000e+00
       1309      3.075    14.9146   2.950413     2.2569     2.2529     0.0062  0.1462719 0.0000e+00
       1310      3.061    14.9149   2.950514     2.2628     2.2588     0.0062  0.1462986 0.0000e+00
       1311      3.047    14.9153   2.950606     2.2688     2.2649     0.0062  0.1463272 0.0000e+00
       1312      3.033    14.9156   2.950691     2.2749     2.2711     0.0062  0.1463571 0.0000e+00
       1313      3.019    14.9159   2.950770     2.2812     2.2774     0.0064  0.1463858 0.0000e+00
       1314      3.005    14.9161   2.950843     2.2875     2.2838     0.0064  0.1464111 0.0000e+00
       1315      2.991    14.9163   2.950910     2.2939     2.2902     0.0064  0.1464322 0.0000e+00
       1316      2.977    14.9165   2.950972     2.3004     2.2966     0.0064  0.1464494 0.0000e+00
       1317      2.963    14.9167   2.951029     2.3069     2.3032     0.0064  0.1464627 0.0000e+00
       1318      2.949    14.9169   2.951081     2.3135     2.3097     0.0064  0.1464722 0.0000e+00
       1319      2.935    14.9171   2.951130     2.3202     2.3162     0.0064  0.1464780 0.0000e+00
       1320      2.921    14.9172   2.951176     2.3269     2.3227     0.0064  0.1464801 0.0000e+00
       1321      2.908    14.9173   2.951218     2.3336     2.3293     0.0064  0.1464786 0.0000e+00
       1322      2.893    14.9175   2.951257     2.3403     2.3358     0.0064  0.1464735 0.0000e+00
       1323      2.880    14.9176   2.951294     2.3471     2.3422     0.0064  0.1464646 0.0000e+00
       1324      2.866    14.9177   2.951328     2.3539     2.3487     0.0064  0.1464520 0.0000e+00
       1325      2.852    14.9178   2.951360     2.3606     2.3550     0.0064  0.1464355 0.0000e+00
       1326      2.838    14.9178   2.951390     2.3674     2.3614     0.0064  0.1464151 0.0000e+00
       1327      2.825    14.9179   2.951418     2.3742     2.3676     0.0064  0.1463905 0.0000e+00
       1328      2.811    14.9180   2.951444     2.3809     2.3738     0.0064  0.1463617 0.0000e+00
       1329      2.798    14.9181   2.951469     2.3876     2.3800     0.0064  0.1463285 0.0000e+00
       1330      2.785    14.9181   2.951492     2.3943     2.3860     0.0064  0.1462905 0.0000e+00
       1331      2.771    14.9182   2.951513     2.4010     2.3920     0.0064  0.1462475 0.0000e+00
       1332      2.758    14.9182   2.951533     2.4076     2.3979     0.0064  0.1461993 0.0000e+00
       1333      2.745    14.9183   2.951552     2.4142     2.4037     0.0064  0.1461455 0.0000e+00
       1334      2.731    14.9183   2.951569     2.4207     2.4094     0.0064  0.1460857 0.0000e+00
       1335      2.718    14.9183   2.951586     2.4272     2.4150     0.0064  0.1460195 0.0000e+00
       1336      2.706    14.9184   2.951602     2.4336     2.4205     0.0064  0.1459464 0.0000e+00
       1337      2.693    14.9184   2.951618     2.4399     2.4260     0.0064  0.1458660 0.0000e+00
       1338      2.680    14.9185   2.951634     2.4462     2.4313     0.0062  0.1457810 0.0000e+00
       1339      2.668    14.9185   2.951649     2.4524     2.4366     0.0062  0.1456995 0.0000e+00
       1340      2.655    14.9185   2.951664     2.4585     2.4418     0.0062  0.1456267 0.0000e+00
       1341      2.643    14.9186   2.951678     2.4645     2.4469     0.0062  0.1455621 0.0000e+00
       1342      2.630    14.9186   2.951692     2.4705     2.4519     0.0062  0.1455045 0.0000e+00
       1343      2.618    14.9186   2.951705     2.4764     2.4568     0.0062  0.1454534 0.0000e+00
       1344      2.606    14.9186   2.951718     2.4822     2.4616     0.0062  0.1454086 0.0000e+00
       1345      2.593    14.9187   2.951730     2.4879     2.4663     0.0062  0.1453696 0.0000e+00
       1346      2.581    14.9187   2.951740     2.4936     2.4710     0.0062  0.1453362 0.0000e+00
       1347      2.569    14.9187   2.951750     2.4992     2.4755     0.0062  0.1453082 0.0000e+00
       1348      2.557    14.9187   2.951759     2.5047     2.4800     0.0062  0.1452854 0.0000e+00
       1349      2.545    14.9187   2.951767     2.5101     2.4844     0.0062  0.1452676 0.0000e+00
       1350      2.533    14.9187   2.951775     2.5154     2.4887     0.0062  0.1452548 0.0000e+00
       1351      2.520    14.9188   2.951782     2.5207     2.4929     0.0062  0.1452467 0.0000e+00
       1352      2.508    14.9188   2.951788     2.5258     2.4970     0.0062  0.1452434 0.0000e+00
       1353      2.496    14.9188   2.951793     2.5309     2.5011     0.0062  0.1452448 0.0000e+00
       1354      2.483    14.9188   2.951798     2.5359     2.5051     0.0062  0.1452510 0.0000e+00
       1355      2.471    14.9188   2.951803     2.5408     2.5089     0.0062  0.1452619 0.0000e+00
       1356      2.458    14.9188   2.951807     2.5457     2.5128     0.0062  0.1452777 0.0000e+00
       1357      2.446    14.9188   2.951810     2.5504     2.5165     0.0062  0.1452985 0.0000e+00
       1358      2.433    14.9188   2.951812     2.5551     2.5201     0.0062  0.1453253 0.0000e+00
       1359      2.420    14.9188   2.951814     2.5598     2.5237     0.0062  0.1453591 0.0000e+00
       1360      2.407    14.9187   2.951814     2.5643     2.5272     0.0062  0.1453992 0.0000e+00
       1361      2.394    14.9187   2.951815     2.5688     2.5306     0.0062  0.1454452 0.0000e+00
       1362      2.381    14.9187   2.951815     2.5732     2.5339     0.0062  0.1454973 0.0000e+00
       1363      2.368    14.9187   2.951816     2.5776     2.5372     0.0062  0.1455542 0.0000e+00
       1364      2.354    14.9187   2.951816     2.5818     2.5404     0.0062  0.1456112 0.0000e+00
       1365      2.341    14.9187   2.951816     2.5860     2.5435     0.0062  0.1456627 0.0000e+00
       1366      2.327    14.9187   2.951816     2.5902     2.5466     0.0062  0.1457066 0.0000e+00
       1367      2.314    14.9187   2.951816     2.5943     2.5495     0.0062  0.1457441 0.0000e+00
       1368      2.300    14.9187   2.951816     2.5984     2.5524     0.0062  0.1457761 0.0000e+00
       1369      2.286    14.9187   2.951815     2.6024     2.5552     0.0062  0.1458031 0.0000e+00
       1370      2.272    14.9187   2.951814     2.6063     2.5580     0.0062  0.1458250 0.0000e+00
       1371      2.258    14.9187   2.951813     2.6102     2.5607     0.0062  0.1458421 0.0000e+00
       1372      2.244    14.9186   2.951812     2.6140     2.5633     0.0062  0.1458546 0.0000e+00
       1373      2.230    14.9186   2.951811     2.6178     2.5659     0.0062  0.1458616 0.0000e+00
       1374      2.216    14.9186   2.951809     2.6214     2.5684     0.0062  0.1458623 0.0000e+00
       1375      2.202    14.9186   2.951807     2.6249     2.5708     0.0062  0.1458577 0.0000e+00
       1376      2.188    14.9186   2.951804     2.6283     2.5731     0.0062  0.1458484 0.0000e+00
       1377      2.174    14.9186   2.951802     2.6316     2.5754     0.0062  0.1458337 0.0000e+00
       1378      2.160    14.9186   2.951800     2.6348     2.5776     0.0060  0.1458116 0.0000e+00
       1379      2.146    14.9186   2.951800     2.6379     2.5798     0.0062  0.1457821 0.0000e+00
       1380      2.132    14.9186   2.951800     2.6410     2.5819     0.0062  0.1457467 0.0000e+00
       1381      2.118    14.9186   2.951801     2.6440     2.5839     0.0062  0.1457050 0.0000e+00
       1382      2.105    14.9186   2.951802     2.6468     2.5859     0.0062  0.1456560 0.0000e+00
       1383      2.091    14.9186   2.951804     2.6497     2.5878     0.0062  0.1456002 0.0000e+00
       1384      2.077    14.9187   2.951807     2.6524     2.5897     0.0062  0.1455371 0.0000e+00
       1385      2.064    14.9187   2.951809     2.6550     2.5915     0.0062  0.1454656 0.0000e+00
       1386      2.051    14.9187   2.951812     2.6576     2.5933     0.0062  0.1453850 0.0000e+00
       1387      2.037    14.9187   2.951814     2.6602     2.5950     0.0062  0.1452948 0.0000e+00
       1388      2.024    14.9187   2.951817     2.6626     2.5968     0.0062  0.1451962 0.0000e+00
       1389      2.011    14.9187   2.951821     2.6650     2.5984     0.0062  0.1450935 0.0000e+00
       1390      1.998    14.9188   2.951825     2.6674     2.6001     0.0060  0.1449936 0.0000e+00
       1391      1.986    14.9188   2.951829     2.6697     2.6017     0.0062  0.1449018 0.0000e+00
       1392      1.973    14.9188   2.951834     2.6719     2.6033     0.0062  0.1448191 0.0000e+00
       1393      1.961    14.9188   2.951839     2.6741     2.6048     0.0062  0.1447450 0.0000e+00
       1394      1.948    14.9188   2.951844     2.6762     2.6063     0.0062  0.1446790 0.0000e+00
       1395      1.936    14.9189   2.951849     2.6783     2.6078     0.0062  0.1446206 0.0000e+00
       1396      1.924    14.9189   2.951854     2.6803     2.6092     0.0060  0.1445694 0.0000e+00
       1397      1.912    14.9189   2.951858     2.6823     2.6106     0.0062  0.1445250 0.0000e+00
       1398      1.901    14.9189   2.951863     2.6842     2.6120     0.0062  0.1444872 0.0000e+00
       1399      1.889    14.9189   2.951867     2.6861     2.6133     0.0062  0.1444556 0.0000e+00
       1400      1.878    14.9189   2.951871     2.6879     2.6146     0.0060  0.1444301 0.0000e+00
       1401      1.866    14.9190   2.951874     2.6897     2.6159     0.0062  0.1444104 0.0000e+00
       1402      1.855    14.9190   2.951879     2.6914     2.6171     0.0062  0.1443965 0.0000e+00
       1403      1.844    14.9190   2.951883     2.6931     2.6183     0.0062  0.1443882 0.0000e+00
       1404      1.833    14.9190   2.951888     2.6948     2.6195     0.0062  0.1443855 0.0000e+00
       1405      1.822    14.9190   2.951893     2.6964     2.6207     0.0062  0.1443884 0.0000e+00
       1406      1.811    14.9191   2.951899     2.6980     2.6218     0.0062  0.1443968 0.0000e+00
       1407      1.800    14.9191   2.951904     2.6996     2.6229     0.0062  0.1444109 0.0000e+00
       1408      1.789    14.9191   2.951910     2.7011     2.6240     0.0062  0.1444316 0.0000e+00
       1409      1.779    14.9191   2.951915     2.7025     2.6251     0.0062  0.1444598 0.0000e+00
       1410      1.768    14.9191   2.951919     2.7040     2.6261     0.0060  0.1444950 0.0000e+00
       1411      1.757    14.9192   2.951923     2.7054     2.6272     0.0062  0.1445365 0.0000e+00
       1412      1.747    14.9192   2.951927     2.7068     2.6282     0.0062  0.1445846 0.0000e+00
       1413      1.736    14.9192   2.951930     2.7082     2.6291     0.0062  0.1446397 0.0000e+00
       1414      1.726    14.9192   2.951933     2.7095     2.6301     0.0062  0.1447012 0.0000e+00
       1415      1.715    14.9192   2.951934     2.7108     2.6310     0.0064  0.1447654 0.0000e+00
       1416      1.705    14.9193   2.951935     2.7120     2.6319     0.0064  0.1448268 0.0000e+00
       1417      1.694    14.9193   2.951936     2.7133     2.6328     0.0064  0.1448832 0.0000e+00
       1418      1.684    14.9193   2.951937     2.7145     2.6337     0.0064  0.1449350 0.0000e+00
       1419      1.673    14.9193   2.951937     2.7157     2.6346     0.0064  0.1449827 0.0000e+00
       1420      1.663    14.9193   2.951938     2.7168     2.6355     0.0062  0.1450264 0.0000e+00
       1421      1.652    14.9193   2.951938     2.7180     2.6363     0.0064  0.1450666 0.0000e+00
       1422      1.642    14.9194   2.951937     2.7191     2.6371     0.0064  0.1451035 0.0000e+00
       1423      1.632    14.9194   2.951936     2.7201     2.6379     0.0064  0.1451374 0.0000e+00
       1424      1.622    14.9194   2.951935     2.7212     2.6387     0.0064  0.1451684 0.0000e+00
       1425      1.611    14.9194   2.951938     2.7222     2.6394     0.0064  0.1451969 0.0000e+00
       1426      1.601    14.9195   2.951944     2.7232     2.6402     0.0064  0.1452230 0.0000e+00
       1427      1.591    14.9195   2.951953     2.7242     2.6409     0.0064  0.1452469 0.0000e+00
       1428      1.581    14.9195   2.951963     2.7252     2.6416     0.0064  0.1452687 0.0000e+00
       1429      1.571    14.9196   2.951973     2.7262     2.6423     0.0064  0.1452887 0.0000e+00
       1430      1.561    14.9196   2.951983     2.7271     2.6430     0.0064  0.1453069 0.0000e+00
       1431      1.551    14.9197   2.951993     2.7281     2.6436     0.0064  0.1453235 0.0000e+00
       1432      1.541    14.9197   2.952002     2.7290     2.6443     0.0064  0.1453386 0.0000e+00
       1433      1.532    14.9198   2.952011     2.7299     2.6449     0.0064  0.1453523 0.0000e+00
       1434      1.522    14.9198   2.952021     2.7307     2.6455     0.0064  0.1453647 0.0000e+00
       1435      1.513    14.9199   2.952030     2.7316     2.6461     0.0064  0.1453759 0.0000e+00
       1436      1.505    14.9199   2.952039     2.7324     2.6467     0.0064  0.1453859 0.0000e+00
       1437      1.496    14.9200   2.952047     2.7333     2.6473     0.0064  0.1453949 0.0000e+00
       1438      1.488    14.9200   2.952055     2.7340     2.6478     0.0064  0.1454029 0.0000e+00
       1439      1.480    14.9201   2.952062     2.7348     2.6484     0.0064  0.1454099 0.0000e+00
       1440      1.472    14.9202   2.952068     2.7356     2.6489     0.0064  0.1454160 0.0000e+00
