code/data/2021/ctd_data_day3/station6f.cnv
* Sea-Bird SBE 9 Data File:
* FileName = C:\Users\CTD-User\Desktop\MAR440\day3\station6f.hex
* Software Version Seasave V 7.26.2.13
* Temperature SN = 6313
* Conductivity SN = 4758
* Number of Bytes Per Scan = 37
* Number of Voltage Words = 4
* Number of Scans Averaged by the Deck Unit = 1
* NMEA Latitude = 58 18.97 N
* NMEA Longitude = 011 48.24 E
* NMEA UTC (Time) = Sep 23 2021 10:37:53
* NMEA baud rate = 4800
** Ship: Skagerrak
** Station: station6f
** Operator: Tor
# nquan = 9
# nvalues = 2508                                  
# units = specified
# name 0 = scan: Scan Count
# name 1 = prDM: Pressure, Digiquartz [db]
# name 2 = t090C: Temperature [ITS-90, deg C]
# name 3 = c0S/m: Conductivity [S/m]
# name 4 = sbeox0V: Oxygen raw, SBE 43 [V]
# name 5 = sbeox1V: Oxygen raw, SBE 43, 2 [V]
# name 6 = flECO-AFL: Fluorescence, WET Labs ECO-AFL/FL [mg/m^3]
# name 7 = upoly0: Upoly 0, Turbidity
# name 8 = flag:  0.000e+00
# span 0 =          1,       2508                 
# span 1 =      0.694,     27.246                 
# span 2 =     8.7731,    15.8238                 
# span 3 =   2.898285,   3.796493                 
# span 4 =     1.0194,     2.7814                 
# span 5 =     1.0328,     2.6996                 
# span 6 =     0.0035,     0.0218                 
# span 7 =  0.0864432,  0.1616569                 
# span 8 = 0.0000e+00, 0.0000e+00                 
# interval = seconds: 0.0416667
# start_time = Sep 23 2021 10:37:53 [NMEA time, header]
# bad_flag = -9.990e-29
*END*
[from data line 2241]
       2242     22.541    13.5458   3.788627     1.2355     1.2978     0.0044  0.0874200  0.000e+00
       2243     22.541    13.5435   3.789149     1.2355     1.2978     0.0044  0.0874200  0.000e+00
       2244     22.599    13.5411   3.789446     1.2380     1.2978     0.0044  0.0874200  0.000e+00
       2245     22.590    13.5385   3.789841     1.2380     1.2978     0.0044  0.0874200  0.000e+00
       2246     22.665    13.5345   3.790473     1.2355     1.2978     0.0044  0.0874200  0.000e+00
       2247     22.665    13.5302   3.790934     1.2355     1.2990     0.0044  0.0874200  0.000e+00
       2248     22.665    13.5257   3.791323     1.2380     1.2990     0.0044  0.0874200  0.000e+00
       2249     22.722    13.5217   3.791882     1.2380     1.3003     0.0044  0.0874200  0.000e+00
       2250     22.722    13.5160   3.792416     1.2380     1.3003     0.0044  0.0874200  0.000e+00
       2251     22.722    13.5100   3.792544     1.2380     1.3015     0.0044  0.0874200  0.000e+00
       2252     22.788    13.5024   3.792914     1.2380     1.3027     0.0044  0.0874200  0.000e+00
       2253     22.788    13.4954   3.793188     1.2392     1.3027     0.0044  0.0869316  0.000e+00
       2254     22.788    13.4873   3.793115     1.2404     1.3039     0.0044  0.0874200  0.000e+00
       2255     22.846    13.4786   3.793176     1.2404     1.3039     0.0044  0.0874200  0.000e+00
       2256     22.846    13.4714   3.793212     1.2392     1.3051     0.0044  0.0874200  0.000e+00
       2257     22.846    13.4641   3.793067     1.2404     1.3064     0.0044  0.0874200  0.000e+00
       2258     22.904    13.4571   3.793085     1.2429     1.3076     0.0044  0.0869316  0.000e+00
       2259     22.904    13.4507   3.793109     1.2429     1.3088     0.0044  0.0869316  0.000e+00
       2260     22.969    13.4474   3.793182     1.2416     1.3088     0.0044  0.0874200  0.000e+00
       2261     22.904    13.4457   3.793413     1.2416     1.3100     0.0044  0.0874200  0.000e+00
       2262     23.027    13.4443   3.793480     1.2429     1.3113     0.0044  0.0874200  0.000e+00
       2263     22.969    13.4432   3.793553     1.2453     1.3113     0.0044  0.0874200  0.000e+00
       2264     23.077    13.4423   3.793905     1.2453     1.3125     0.0044  0.0874200  0.000e+00
       2265     23.027    13.4417   3.794063     1.2453     1.3137     0.0044  0.0874200  0.000e+00
       2266     23.093    13.4407   3.794373     1.2465     1.3149     0.0042  0.0879084  0.000e+00
       2267     23.027    13.4403   3.794828     1.2477     1.3161     0.0042  0.0874200  0.000e+00
       2268     23.151    13.4400   3.794920     1.2490     1.3174     0.0042  0.0879084  0.000e+00
       2269     23.093    13.4402   3.795412     1.2490     1.3186     0.0042  0.0879084  0.000e+00
       2270     23.217    13.4397   3.795630     1.2490     1.3198     0.0042  0.0883968  0.000e+00
       2271     23.151    13.4380   3.795940     1.2502     1.3210     0.0042  0.0879084  0.000e+00
       2272     23.217    13.4352   3.796299     1.2514     1.3222     0.0042  0.0874200  0.000e+00
       2273     23.217    13.4304   3.796329     1.2538     1.3235     0.0042  0.0879084  0.000e+00
       2274     23.217    13.4246   3.796493     1.2538     1.3247     0.0042  0.0874200  0.000e+00
       2275     23.274    13.4190   3.796220     1.2538     1.3259     0.0042  0.0879084  0.000e+00
       2276     23.274    13.4133   3.796032     1.2551     1.3284     0.0042  0.0879084  0.000e+00
       2277     23.332    13.4076   3.795686     1.2563     1.3296     0.0042  0.0874200  0.000e+00
       2278     23.332    13.4029   3.795528     1.2587     1.3308     0.0042  0.0879084  0.000e+00
       2279     23.332    13.3982   3.795491     1.2587     1.3320     0.0042  0.0874200  0.000e+00
       2280     23.398    13.3931   3.795206     1.2587     1.3332     0.0042  0.0879084  0.000e+00
       2281     23.398    13.3857   3.795261     1.2612     1.3345     0.0042  0.0874200  0.000e+00
       2282     23.398    13.3757   3.795012     1.2624     1.3369     0.0042  0.0879084  0.000e+00
       2283     23.456    13.3648   3.794538     1.2636     1.3381     0.0042  0.0883968  0.000e+00
       2284     23.456    13.3557   3.794137     1.2648     1.3393     0.0042  0.0879084  0.000e+00
       2285     23.456    13.3497   3.793493     1.2648     1.3406     0.0042  0.0879084  0.000e+00
       2286     23.522    13.3459   3.793086     1.2673     1.3418     0.0042  0.0883968  0.000e+00
       2287     23.505    13.3433   3.792886     1.2685     1.3442     0.0042  0.0874200  0.000e+00
       2288     23.579    13.3417   3.792540     1.2697     1.3454     0.0042  0.0879084  0.000e+00
       2289     23.579    13.3407   3.792522     1.2697     1.3467     0.0042  0.0879084  0.000e+00
       2290     23.579    13.3400   3.792516     1.2709     1.3479     0.0042  0.0874200  0.000e+00
       2291     23.579    13.3392   3.792333     1.2722     1.3491     0.0040  0.0869316  0.000e+00
       2292     23.637    13.3381   3.792133     1.2746     1.3503     0.0040  0.0869316  0.000e+00
       2293     23.703    13.3375   3.792230     1.2758     1.3516     0.0040  0.0869316  0.000e+00
       2294     23.637    13.3368   3.792024     1.2758     1.3528     0.0040  0.0864432  0.000e+00
       2295     23.703    13.3365   3.791975     1.2758     1.3540     0.0040  0.0869316  0.000e+00
       2296     23.761    13.3365   3.792006     1.2770     1.3552     0.0040  0.0869316  0.000e+00
       2297     23.761    13.3363   3.791933     1.2819     1.3564     0.0040  0.0869316  0.000e+00
       2298     23.761    13.3361   3.791763     1.2807     1.3577     0.0040  0.0869316  0.000e+00
       2299     23.761    13.3363   3.791939     1.2807     1.3589     0.0040  0.0869316  0.000e+00
       2300     23.827    13.3361   3.791957     1.2819     1.3589     0.0042  0.0869316  0.000e+00
       2301     23.827    13.3360   3.791799     1.2832     1.3613     0.0040  0.0869316  0.000e+00
       2302     23.884    13.3358   3.791896     1.2868     1.3613     0.0040  0.0869316  0.000e+00
       2303     23.827    13.3357   3.791915     1.2844     1.3625     0.0040  0.0869316  0.000e+00
       2304     23.884    13.3347   3.791684     1.2844     1.3625     0.0040  0.0869316  0.000e+00
       2305     24.008    13.3336   3.791714     1.2868     1.3638     0.0040  0.0869316  0.000e+00
       2306     23.950    13.3330   3.791793     1.2893     1.3650     0.0040  0.0869316  0.000e+00
       2307     23.950    13.3329   3.791732     1.2917     1.3662     0.0040  0.0864432  0.000e+00
       2308     23.950    13.3330   3.791641     1.2893     1.3674     0.0040  0.0869316  0.000e+00
       2309     24.066    13.3328   3.791811     1.2893     1.3674     0.0040  0.0869316  0.000e+00
       2310     24.008    13.3332   3.791848     1.2917     1.3687     0.0040  0.0869316  0.000e+00
       2311     24.066    13.3331   3.791848     1.2929     1.3687     0.0040  0.0869316  0.000e+00
       2312     24.066    13.3332   3.792042     1.2929     1.3699     0.0040  0.0869316  0.000e+00
       2313     24.066    13.3331   3.792158     1.2917     1.3711     0.0040  0.0869316  0.000e+00
       2314     24.132    13.3327   3.792103     1.2929     1.3711     0.0040  0.0869316  0.000e+00
       2315     24.189    13.3321   3.792431     1.2929     1.3723     0.0040  0.0869316  0.000e+00
       2316     24.132    13.3315   3.792546     1.2966     1.3723     0.0040  0.0869316  0.000e+00
       2317     24.189    13.3302   3.792395     1.2966     1.3735     0.0042  0.0874200  0.000e+00
       2318     24.239    13.3278   3.792601     1.2966     1.3748     0.0042  0.0874200  0.000e+00
       2319     24.189    13.3237   3.792577     1.2966     1.3748     0.0042  0.0874200  0.000e+00
       2320     24.255    13.3180   3.792243     1.2978     1.3760     0.0042  0.0874200  0.000e+00
       2321     24.313    13.3100   3.791976     1.3002     1.3760     0.0042  0.0874200  0.000e+00
       2322     24.313    13.3011   3.791684     1.3002     1.3772     0.0042  0.0874200  0.000e+00
       2323     24.313    13.2905   3.791029     1.2990     1.3784     0.0042  0.0874200  0.000e+00
       2324     24.313    13.2822   3.790452     1.3015     1.3784     0.0042  0.0874200  0.000e+00
       2325     24.371    13.2763   3.790185     1.3015     1.3796     0.0042  0.0874200  0.000e+00
       2326     24.371    13.2707   3.789839     1.3027     1.3809     0.0042  0.0874200  0.000e+00
       2327     24.437    13.2641   3.789390     1.3027     1.3809     0.0042  0.0874200  0.000e+00
       2328     24.371    13.2577   3.789262     1.3027     1.3821     0.0042  0.0874200  0.000e+00
       2329     24.494    13.2507   3.789171     1.3027     1.3833     0.0042  0.0874200  0.000e+00
       2330     24.437    13.2428   3.788862     1.3051     1.3833     0.0042  0.0874200  0.000e+00
       2331     24.494    13.2380   3.788443     1.3064     1.3845     0.0042  0.0874200  0.000e+00
       2332     24.560    13.2341   3.788133     1.3064     1.3857     0.0042  0.0874200  0.000e+00
       2333     24.494    13.2313   3.788048     1.3076     1.3857     0.0042  0.0874200  0.000e+00
       2334     24.618    13.2291   3.787970     1.3088     1.3870     0.0042  0.0874200  0.000e+00
       2335     24.560    13.2240   3.787739     1.3112     1.3882     0.0042  0.0874200  0.000e+00
       2336     24.618    13.2153   3.787326     1.3100     1.3894     0.0042  0.0874200  0.000e+00
       2337     24.618    13.2082   3.787029     1.3112     1.3906     0.0042  0.0874200  0.000e+00
       2338     24.684    13.2026   3.786871     1.3112     1.3919     0.0042  0.0874200  0.000e+00
       2339     24.618    13.1970   3.786786     1.3125     1.3931     0.0042  0.0874200  0.000e+00
       2340     24.684    13.1919   3.786701     1.3149     1.3943     0.0042  0.0874200  0.000e+00
       2341     24.742    13.1872   3.786374     1.3149     1.3943     0.0044  0.0874200  0.000e+00
       2342     24.742    13.1838   3.786101     1.3161     1.3955     0.0049  0.0874200  0.000e+00
       2343     24.742    13.1785   3.785992     1.3161     1.3967     0.0051  0.0879084  0.000e+00
       2344     24.799    13.1712   3.785700     1.3173     1.3980     0.0051  0.0879084  0.000e+00
       2345     24.799    13.1621   3.785482     1.3198     1.3992     0.0051  0.0879084  0.000e+00
       2346     24.865    13.1542   3.785294     1.3210     1.4004     0.0051  0.0883968  0.000e+00
       2347     24.799    13.1488   3.785069     1.3198     1.4004     0.0051  0.0883968  0.000e+00
       2348     24.865    13.1443   3.784736     1.3198     1.4016     0.0051  0.0879084  0.000e+00
       2349     24.923    13.1400   3.784341     1.3222     1.4028     0.0051  0.0879084  0.000e+00
       2350     24.923    13.1346   3.784068     1.3259     1.4041     0.0051  0.0879084  0.000e+00
       2351     24.923    13.1287   3.783686     1.3235     1.4053     0.0051  0.0883968  0.000e+00
       2352     24.923    13.1213   3.783377     1.3235     1.4053     0.0051  0.0883968  0.000e+00
       2353     25.047    13.1133   3.783092     1.3259     1.4065     0.0051  0.0883968  0.000e+00
       2354     24.989    13.1044   3.782764     1.3259     1.4077     0.0051  0.0879084  0.000e+00
       2355     24.989    13.0973   3.782400     1.3283     1.4065     0.0051  0.0879084  0.000e+00
       2356     25.046    13.0883   3.781939     1.3271     1.4090     0.0051  0.0874200  0.000e+00
       2357     25.104    13.0723   3.781115     1.3271     1.4090     0.0051  0.0874200  0.000e+00
       2358     25.046    13.0536   3.779883     1.3283     1.4102     0.0051  0.0879084  0.000e+00
       2359     25.170    13.0332   3.778677     1.3308     1.4102     0.0051  0.0879084  0.000e+00
       2360     25.104    13.0181   3.777967     1.3308     1.4102     0.0051  0.0883968  0.000e+00
       2361     25.170    13.0055   3.777422     1.3308     1.4114     0.0051  0.0879084  0.000e+00
       2362     25.170    12.9926   3.776719     1.3308     1.4114     0.0051  0.0883968  0.000e+00
       2363     25.228    12.9779   3.775706     1.3308     1.4114     0.0051  0.0879084  0.000e+00
       2364     25.170    12.9638   3.774561     1.3332     1.4114     0.0051  0.0874200  0.000e+00
       2365     25.294    12.9525   3.773773     1.3320     1.4114     0.0051  0.0879084  0.000e+00
       2366     25.228    12.9443   3.773112     1.3320     1.4114     0.0051  0.0883968  0.000e+00
       2367     25.294    12.9373   3.772506     1.3320     1.4114     0.0055  0.0879084  0.000e+00
       2368     25.351    12.9276   3.772107     1.3320     1.4102     0.0059  0.0879084  0.000e+00
       2369     25.294    12.9173   3.771543     1.3357     1.4102     0.0059  0.0883968  0.000e+00
       2370     25.417    12.9052   3.770689     1.3332     1.4090     0.0059  0.0883968  0.000e+00
       2371     25.351    12.8923   3.769786     1.3320     1.4090     0.0059  0.0883968  0.000e+00
       2372     25.417    12.8809   3.768769     1.3320     1.4077     0.0059  0.0874200  0.000e+00
       2373     25.417    12.8723   3.767854     1.3320     1.4065     0.0059  0.0879084  0.000e+00
       2374     25.417    12.8661   3.767139     1.3332     1.4065     0.0059  0.0883968  0.000e+00
       2375     25.475    12.8608   3.766582     1.3320     1.4041     0.0059  0.0879084  0.000e+00
       2376     25.533    12.8568   3.766049     1.3308     1.4028     0.0059  0.0883968  0.000e+00
       2377     25.475    12.8507   3.765637     1.3308     1.4028     0.0059  0.0879084  0.000e+00
       2378     25.533    12.8390   3.764887     1.3308     1.4004     0.0059  0.0879084  0.000e+00
       2379     25.599    12.8228   3.763754     1.3308     1.3992     0.0059  0.0874200  0.000e+00
       2380     25.599    12.8039   3.762501     1.3283     1.3980     0.0059  0.0879084  0.000e+00
       2381     25.599    12.7848   3.761140     1.3271     1.3955     0.0059  0.0879084  0.000e+00
       2382     25.599    12.7646   3.759972     1.3259     1.3943     0.0059  0.0879084  0.000e+00
       2383     25.656    12.7404   3.758531     1.3259     1.3931     0.0059  0.0874200  0.000e+00
       2384     25.656    12.7164   3.757152     1.3247     1.3906     0.0059  0.0874200  0.000e+00
       2385     25.722    12.6925   3.755622     1.3235     1.3882     0.0059  0.0874200  0.000e+00
       2386     25.722    12.6675   3.754055     1.3210     1.3870     0.0059  0.0883968  0.000e+00
       2387     25.722    12.6450   3.752453     1.3198     1.3845     0.0059  0.0879084  0.000e+00
       2388     25.780    12.6266   3.750983     1.3210     1.3821     0.0059  0.0879084  0.000e+00
       2389     25.780    12.6108   3.749611     1.3186     1.3796     0.0059  0.0879084  0.000e+00
       2390     25.780    12.5989   3.748378     1.3161     1.3784     0.0059  0.0883968  0.000e+00
       2391     25.846    12.5885   3.747441     1.3137     1.3748     0.0059  0.0874200  0.000e+00
       2392     25.846    12.5780   3.746480     1.3125     1.3735     0.0059  0.0879084  0.000e+00
       2393     25.846    12.5683   3.745634     1.3137     1.3711     0.0055  0.0883968  0.000e+00
       2394     25.904    12.5552   3.744649     1.3112     1.3687     0.0053  0.0883968  0.000e+00
       2395     25.904    12.5340   3.743441     1.3076     1.3662     0.0053  0.0883968  0.000e+00
       2396     25.961    12.5015   3.741418     1.3051     1.3638     0.0053  0.0879084  0.000e+00
       2397     25.961    12.4431   3.738350     1.3051     1.3625     0.0053  0.0874200  0.000e+00
       2398     25.961    12.3543   3.733642     1.3039     1.3601     0.0053  0.0879084  0.000e+00
       2399     26.027    12.2183   3.726235     1.3015     1.3577     0.0053  0.0879084  0.000e+00
       2400     26.027    12.0675   3.716026     1.2990     1.3552     0.0053  0.0883968  0.000e+00
