code/data/2021/ctd_data_day3/station1a_ctm.cnv
* Sea-Bird SBE 9 Data File:
* FileName = C:\Users\CTD-User\Desktop\MAR440\day3\station1a.hex
* Software Version Seasave V 7.26.2.13
* Temperature SN = 6313
* Conductivity SN = 4758
* Number of Bytes Per Scan = 37
* Number of Voltage Words = 4
* Number of Scans Averaged by the Deck Unit = 1
* NMEA Latitude = 58 20.46 N
* NMEA Longitude = 011 53.94 E
* NMEA UTC (Time) = Sep 23 2021 08:23:54
* NMEA baud rate = 4800
** Ship: Skagerrak
** Station: station1a
** Operator: Jess
# nquan = 9
# nvalues = 3026                        
# units = specified
# name 0 = scan: Scan Count
# name 1 = prDM: Pressure, Digiquartz [db]
# name 2 = t090C: Temperature [ITS-90, deg C]
# name 3 = c0S/m: Conductivity [S/m]
# name 4 = sbeox0V: Oxygen raw, SBE 43 [V]
# name 5 = sbeox1V: Oxygen raw, SBE 43, 2 [V]
# name 6 = flECO-AFL: Fluorescence, WET Labs ECO-AFL/FL [mg/m^3]
# name 7 = upoly0: Upoly 0, Turbidity
# name 8 = flag:  0.000e+00
# span 0 =          1,       3026       
# span 1 =      1.106,     33.895       
# span 2 =     7.9623,    15.7106       
# span 3 =   2.731770,   3.460570       
# span 4 =     0.4931,     2.8620       
# span 5 =     0.5529,     2.7375       
# span 6 =     0.0035,     0.0152       
# span 7 =  0.0883968,  0.2354054       
# span 8 = 0.0000e+00, 0.0000e+00       
# interval = seconds: 0.0416667
# start_time = Sep 23 2021 08:23:54 [NMEA time, header]
# bad_flag = -9.990e-29
*END*
[from data line 2721]
       2722     29.121     8.5402   3.371615     0.5151     0.5676     0.0086  0.1108632 0.0000e+00
       2723     29.055     8.5417   3.371987     0.5163     0.5676     0.0086  0.1108632 0.0000e+00
       2724     29.121     8.5429   3.372306     0.5151     0.5676     0.0086  0.1108632 0.0000e+00
       2725     29.121     8.5442   3.372498     0.5138     0.5676     0.0086  0.1108632 0.0000e+00
       2726     29.121     8.5454   3.372655     0.5126     0.5676     0.0086  0.1108632 0.0000e+00
       2727     29.178     8.5470   3.373062     0.5138     0.5676     0.0086  0.1108632 0.0000e+00
       2728     29.129     8.5483   3.373416     0.5151     0.5676     0.0086  0.1108632 0.0000e+00
       2729     29.178     8.5496   3.373886     0.5138     0.5676     0.0086  0.1108632 0.0000e+00
       2730     29.178     8.5502   3.374173     0.5126     0.5676     0.0086  0.1108632 0.0000e+00
       2731     29.244     8.5514   3.374353     0.5126     0.5676     0.0086  0.1108632 0.0000e+00
       2732     29.244     8.5522   3.374438     0.5138     0.5676     0.0086  0.1103748 0.0000e+00
       2733     29.244     8.5538   3.374619     0.5138     0.5663     0.0086  0.1108632 0.0000e+00
       2734     29.302     8.5553   3.374887     0.5126     0.5676     0.0086  0.1108632 0.0000e+00
       2735     29.302     8.5561   3.375303     0.5126     0.5676     0.0086  0.1108632 0.0000e+00
       2736     29.244     8.5572   3.375674     0.5114     0.5663     0.0086  0.1108632 0.0000e+00
       2737     29.360     8.5582   3.375852     0.5138     0.5676     0.0086  0.1108632 0.0000e+00
       2738     29.360     8.5595   3.376113     0.5138     0.5676     0.0086  0.1103748 0.0000e+00
       2739     29.310     8.5606   3.376356     0.5126     0.5676     0.0082  0.1108632 0.0000e+00
       2740     29.360     8.5613   3.376505     0.5114     0.5663     0.0082  0.1108632 0.0000e+00
       2741     29.426     8.5615   3.376744     0.5114     0.5663     0.0082  0.1108632 0.0000e+00
       2742     29.360     8.5623   3.376905     0.5138     0.5663     0.0082  0.1108632 0.0000e+00
       2743     29.426     8.5631   3.377124     0.5126     0.5663     0.0082  0.1108632 0.0000e+00
       2744     29.426     8.5642   3.377192     0.5114     0.5663     0.0082  0.1108632 0.0000e+00
       2745     29.484     8.5655   3.377378     0.5114     0.5663     0.0082  0.1108632 0.0000e+00
       2746     29.484     8.5670   3.377582     0.5114     0.5663     0.0082  0.1108632 0.0000e+00
       2747     29.484     8.5681   3.377883     0.5126     0.5663     0.0082  0.1108632 0.0000e+00
       2748     29.484     8.5686   3.378152     0.5126     0.5663     0.0082  0.1108632 0.0000e+00
       2749     29.550     8.5699   3.378424     0.5114     0.5663     0.0082  0.1108632 0.0000e+00
       2750     29.558     8.5709   3.378678     0.5102     0.5663     0.0082  0.1108632 0.0000e+00
       2751     29.550     8.5722   3.378858     0.5114     0.5663     0.0082  0.1108632 0.0000e+00
       2752     29.607     8.5738   3.379131     0.5126     0.5663     0.0082  0.1108632 0.0000e+00
       2753     29.550     8.5757   3.379493     0.5102     0.5663     0.0082  0.1108632 0.0000e+00
       2754     29.607     8.5767   3.379840     0.5102     0.5651     0.0082  0.1108632 0.0000e+00
       2755     29.673     8.5779   3.380135     0.5102     0.5663     0.0082  0.1108632 0.0000e+00
       2756     29.607     8.5790   3.380413     0.5114     0.5663     0.0082  0.1108632 0.0000e+00
       2757     29.673     8.5798   3.380573     0.5114     0.5651     0.0082  0.1108632 0.0000e+00
       2758     29.673     8.5811   3.380817     0.5102     0.5663     0.0082  0.1108632 0.0000e+00
       2759     29.731     8.5827   3.381049     0.5102     0.5663     0.0082  0.1108632 0.0000e+00
       2760     29.673     8.5839   3.381431     0.5102     0.5651     0.0082  0.1108632 0.0000e+00
       2761     29.731     8.5845   3.381788     0.5114     0.5651     0.0082  0.1108632 0.0000e+00
       2762     29.789     8.5860   3.382130     0.5102     0.5651     0.0082  0.1103748 0.0000e+00
       2763     29.789     8.5870   3.382500     0.5102     0.5651     0.0082  0.1108632 0.0000e+00
       2764     29.731     8.5881   3.382795     0.5102     0.5651     0.0081  0.1108632 0.0000e+00
       2765     29.789     8.5896   3.383098     0.5089     0.5639     0.0081  0.1113516 0.0000e+00
       2766     29.855     8.5912   3.383411     0.5114     0.5651     0.0077  0.1113516 0.0000e+00
       2767     29.855     8.5928   3.383580     0.5102     0.5651     0.0077  0.1113516 0.0000e+00
       2768     29.855     8.5941   3.383800     0.5089     0.5651     0.0077  0.1113516 0.0000e+00
       2769     29.855     8.5956   3.384026     0.5089     0.5651     0.0077  0.1113516 0.0000e+00
       2770     29.863     8.5974   3.384388     0.5102     0.5651     0.0077  0.1113516 0.0000e+00
       2771     29.912     8.5987   3.384810     0.5114     0.5651     0.0077  0.1118400 0.0000e+00
       2772     29.978     8.5995   3.385128     0.5102     0.5651     0.0075  0.1118400 0.0000e+00
       2773     29.912     8.6004   3.385340     0.5102     0.5651     0.0077  0.1118400 0.0000e+00
       2774     29.978     8.6014   3.385547     0.5077     0.5651     0.0077  0.1108632 0.0000e+00
       2775     29.978     8.6026   3.385557     0.5089     0.5639     0.0077  0.1113516 0.0000e+00
       2776     29.978     8.6032   3.385797     0.5102     0.5651     0.0077  0.1113516 0.0000e+00
       2777     30.036     8.6041   3.386115     0.5089     0.5639     0.0077  0.1113516 0.0000e+00
       2778     30.036     8.6045   3.386331     0.5077     0.5639     0.0075  0.1113516 0.0000e+00
       2779     30.036     8.6052   3.386519     0.5077     0.5639     0.0075  0.1118400 0.0000e+00
       2780     30.044     8.6057   3.386655     0.5089     0.5639     0.0077  0.1113516 0.0000e+00
       2781     30.094     8.6068   3.386711     0.5089     0.5639     0.0077  0.1113516 0.0000e+00
       2782     30.094     8.6075   3.386986     0.5077     0.5639     0.0077  0.1113516 0.0000e+00
       2783     30.094     8.6082   3.387042     0.5077     0.5639     0.0077  0.1113516 0.0000e+00
       2784     30.094     8.6087   3.387101     0.5077     0.5639     0.0077  0.1118400 0.0000e+00
       2785     30.217     8.6091   3.387149     0.5102     0.5639     0.0077  0.1118400 0.0000e+00
       2786     30.160     8.6099   3.387356     0.5089     0.5639     0.0077  0.1113516 0.0000e+00
       2787     30.160     8.6101   3.387617     0.5077     0.5639     0.0077  0.1118400 0.0000e+00
       2788     30.217     8.6102   3.387698     0.5065     0.5639     0.0077  0.1113516 0.0000e+00
       2789     30.226     8.6110   3.387759     0.5077     0.5639     0.0075  0.1118400 0.0000e+00
       2790     30.217     8.6114   3.387959     0.5089     0.5639     0.0073  0.1118400 0.0000e+00
       2791     30.283     8.6119   3.388146     0.5077     0.5639     0.0071  0.1118400 0.0000e+00
       2792     30.283     8.6128   3.388178     0.5065     0.5639     0.0071  0.1118400 0.0000e+00
       2793     30.283     8.6135   3.388361     0.5065     0.5639     0.0071  0.1118400 0.0000e+00
       2794     30.283     8.6144   3.388585     0.5077     0.5639     0.0071  0.1118400 0.0000e+00
       2795     30.341     8.6154   3.388885     0.5089     0.5639     0.0071  0.1118400 0.0000e+00
       2796     30.341     8.6162   3.388887     0.5077     0.5627     0.0071  0.1118400 0.0000e+00
       2797     30.341     8.6164   3.388975     0.5065     0.5627     0.0071  0.1118400 0.0000e+00
       2798     30.407     8.6172   3.389187     0.5053     0.5627     0.0071  0.1118400 0.0000e+00
       2799     30.407     8.6175   3.389350     0.5077     0.5639     0.0071  0.1118400 0.0000e+00
       2800     30.407     8.6180   3.389474     0.5077     0.5627     0.0071  0.1118400 0.0000e+00
       2801     30.465     8.6190   3.389669     0.5065     0.5627     0.0071  0.1118400 0.0000e+00
       2802     30.407     8.6195   3.389892     0.5053     0.5627     0.0071  0.1118400 0.0000e+00
       2803     30.523     8.6198   3.390079     0.5041     0.5627     0.0071  0.1118400 0.0000e+00
       2804     30.465     8.6211   3.390129     0.5065     0.5627     0.0071  0.1118400 0.0000e+00
       2805     30.523     8.6227   3.390484     0.5065     0.5627     0.0071  0.1113516 0.0000e+00
       2806     30.523     8.6241   3.390669     0.5065     0.5627     0.0071  0.1118400 0.0000e+00
       2807     30.473     8.6255   3.390947     0.5053     0.5627     0.0071  0.1118400 0.0000e+00
       2808     30.589     8.6278   3.391525     0.5053     0.5627     0.0071  0.1118400 0.0000e+00
       2809     30.589     8.6296   3.391851     0.5077     0.5627     0.0071  0.1118400 0.0000e+00
       2810     30.589     8.6315   3.392275     0.5065     0.5627     0.0071  0.1118400 0.0000e+00
       2811     30.589     8.6341   3.392843     0.5053     0.5627     0.0071  0.1118400 0.0000e+00
       2812     30.646     8.6354   3.393150     0.5053     0.5627     0.0071  0.1118400 0.0000e+00
       2813     30.589     8.6371   3.393533     0.5053     0.5627     0.0071  0.1118400 0.0000e+00
       2814     30.712     8.6382   3.393938     0.5077     0.5627     0.0071  0.1118400 0.0000e+00
       2815     30.646     8.6400   3.394205     0.5065     0.5627     0.0070  0.1118400 0.0000e+00
       2816     30.712     8.6413   3.394581     0.5053     0.5627     0.0068  0.1118400 0.0000e+00
       2817     30.712     8.6423   3.394811     0.5053     0.5627     0.0066  0.1118400 0.0000e+00
       2818     30.770     8.6435   3.395216     0.5053     0.5615     0.0068  0.1118400 0.0000e+00
       2819     30.712     8.6442   3.395439     0.5077     0.5615     0.0068  0.1118400 0.0000e+00
       2820     30.770     8.6450   3.395738     0.5053     0.5615     0.0068  0.1118400 0.0000e+00
       2821     30.770     8.6460   3.395910     0.5053     0.5615     0.0068  0.1118400 0.0000e+00
       2822     30.836     8.6468   3.396144     0.5041     0.5615     0.0066  0.1118400 0.0000e+00
       2823     30.836     8.6480   3.396340     0.5053     0.5615     0.0068  0.1118400 0.0000e+00
       2824     30.836     8.6488   3.396604     0.5053     0.5615     0.0068  0.1118400 0.0000e+00
       2825     30.836     8.6493   3.396826     0.5053     0.5615     0.0068  0.1118400 0.0000e+00
       2826     30.894     8.6506   3.397103     0.5041     0.5615     0.0068  0.1118400 0.0000e+00
       2827     30.894     8.6510   3.397343     0.5053     0.5615     0.0068  0.1118400 0.0000e+00
       2828     30.894     8.6518   3.397490     0.5053     0.5615     0.0068  0.1118400 0.0000e+00
       2829     30.894     8.6522   3.397590     0.5053     0.5615     0.0068  0.1118400 0.0000e+00
       2830     30.951     8.6527   3.397771     0.5041     0.5615     0.0068  0.1118400 0.0000e+00
       2831     30.951     8.6529   3.397853     0.5053     0.5615     0.0068  0.1118400 0.0000e+00
       2832     30.951     8.6530   3.398038     0.5028     0.5615     0.0068  0.1118400 0.0000e+00
       2833     31.026     8.6535   3.398149     0.5053     0.5615     0.0068  0.1118400 0.0000e+00
       2834     31.017     8.6541   3.398285     0.5053     0.5615     0.0068  0.1118400 0.0000e+00
       2835     31.017     8.6542   3.398203     0.5028     0.5615     0.0068  0.1118400 0.0000e+00
       2836     31.017     8.6545   3.398371     0.5028     0.5615     0.0068  0.1118400 0.0000e+00
       2837     31.017     8.6546   3.398371     0.5028     0.5615     0.0068  0.1118400 0.0000e+00
       2838     31.075     8.6548   3.398511     0.5041     0.5615     0.0068  0.1118400 0.0000e+00
       2839     31.075     8.6549   3.398446     0.5041     0.5615     0.0068  0.1118400 0.0000e+00
       2840     31.141     8.6549   3.398637     0.5028     0.5602     0.0068  0.1118400 0.0000e+00
       2841     31.083     8.6552   3.398597     0.5028     0.5615     0.0062  0.1123284 0.0000e+00
       2842     31.141     8.6556   3.398702     0.5028     0.5602     0.0060  0.1128168 0.0000e+00
       2843     31.141     8.6556   3.398678     0.5053     0.5602     0.0060  0.1128168 0.0000e+00
       2844     31.199     8.6557   3.398794     0.5028     0.5615     0.0060  0.1128168 0.0000e+00
       2845     31.141     8.6560   3.398811     0.5028     0.5602     0.0060  0.1128168 0.0000e+00
       2846     31.199     8.6561   3.398875     0.5016     0.5602     0.0060  0.1128168 0.0000e+00
       2847     31.199     8.6562   3.398985     0.5041     0.5602     0.0060  0.1128168 0.0000e+00
       2848     31.199     8.6561   3.398949     0.5041     0.5602     0.0060  0.1128168 0.0000e+00
       2849     31.265     8.6565   3.399043     0.5028     0.5602     0.0060  0.1128168 0.0000e+00
       2850     31.256     8.6565   3.399031     0.5016     0.5602     0.0060  0.1128168 0.0000e+00
       2851     31.199     8.6565   3.399064     0.5016     0.5602     0.0060  0.1128168 0.0000e+00
       2852     31.322     8.6566   3.399052     0.5028     0.5602     0.0060  0.1128168 0.0000e+00
       2853     31.256     8.6565   3.399185     0.5028     0.5602     0.0060  0.1128168 0.0000e+00
       2854     31.322     8.6571   3.399233     0.5016     0.5602     0.0060  0.1128168 0.0000e+00
       2855     31.322     8.6572   3.399319     0.5016     0.5602     0.0060  0.1128168 0.0000e+00
       2856     31.380     8.6573   3.399372     0.5016     0.5602     0.0060  0.1128168 0.0000e+00
       2857     31.331     8.6574   3.399382     0.5028     0.5602     0.0060  0.1128168 0.0000e+00
       2858     31.380     8.6569   3.399404     0.5028     0.5602     0.0060  0.1128168 0.0000e+00
       2859     31.322     8.6576   3.399364     0.5016     0.5602     0.0060  0.1128168 0.0000e+00
       2860     31.446     8.6577   3.399492     0.5016     0.5602     0.0060  0.1128168 0.0000e+00
       2861     31.380     8.6579   3.399556     0.5004     0.5602     0.0060  0.1128168 0.0000e+00
       2862     31.446     8.6584   3.399702     0.5028     0.5602     0.0060  0.1128168 0.0000e+00
       2863     31.446     8.6585   3.399725     0.5016     0.5602     0.0060  0.1128168 0.0000e+00
       2864     31.446     8.6590   3.399830     0.5004     0.5602     0.0060  0.1128168 0.0000e+00
       2865     31.446     8.6596   3.399920     0.5004     0.5602     0.0060  0.1128168 0.0000e+00
       2866     31.504     8.6599   3.399978     0.5004     0.5602     0.0060  0.1128168 0.0000e+00
       2867     31.504     8.6599   3.400111     0.5028     0.5602     0.0060  0.1128168 0.0000e+00
       2868     31.504     8.6601   3.400099     0.5016     0.5602     0.0060  0.1128168 0.0000e+00
       2869     31.504     8.6603   3.400314     0.5004     0.5602     0.0060  0.1128168 0.0000e+00
       2870     31.570     8.6605   3.400303     0.5004     0.5590     0.0060  0.1128168 0.0000e+00
       2871     31.570     8.6607   3.400431     0.5016     0.5602     0.0060  0.1128168 0.0000e+00
       2872     31.570     8.6613   3.400507     0.5016     0.5590     0.0060  0.1128168 0.0000e+00
       2873     31.570     8.6615   3.400472     0.5004     0.5590     0.0060  0.1128168 0.0000e+00
       2874     31.627     8.6617   3.400618     0.5004     0.5590     0.0060  0.1128168 0.0000e+00
       2875     31.627     8.6623   3.400649     0.5004     0.5590     0.0060  0.1128168 0.0000e+00
       2876     31.627     8.6623   3.400683     0.5016     0.5590     0.0060  0.1128168 0.0000e+00
       2877     31.627     8.6623   3.400746     0.5016     0.5590     0.0060  0.1128168 0.0000e+00
       2878     31.685     8.6626   3.400717     0.5004     0.5590     0.0060  0.1128168 0.0000e+00
       2879     31.636     8.6626   3.400879     0.5004     0.5590     0.0060  0.1128168 0.0000e+00
       2880     31.685     8.6629   3.400874     0.5004     0.5590     0.0060  0.1123284 0.0000e+00
