code/data/2021/ctd_data_day3/station2B_ctm.cnv
* Sea-Bird SBE 9 Data File:
* FileName = C:\Users\CTD-User\Desktop\MAR440\day3\station2B.hex
* Software Version Seasave V 7.26.2.13
* Temperature SN = 6313
* Conductivity SN = 4758
* Number of Bytes Per Scan = 37
* Number of Voltage Words = 4
* Number of Scans Averaged by the Deck Unit = 1
* NMEA Latitude = 58 20.01 N
* NMEA Longitude = 011 52.53 E
* NMEA UTC (Time) = Sep 23 2021 08:43:00
* NMEA baud rate = 4800
** Ship: Skagerrak
** Station: station2B
** Operator: Eva
# nquan = 9
# nvalues = 5095                        
# units = specified
# name 0 = scan: Scan Count
# name 1 = prDM: Pressure, Digiquartz [db]
# name 2 = t090C: Temperature [ITS-90, deg C]
# name 3 = c0S/m: Conductivity [S/m]
# name 4 = sbeox0V: Oxygen raw, SBE 43 [V]
# name 5 = sbeox1V: Oxygen raw, SBE 43, 2 [V]
# name 6 = flECO-AFL: Fluorescence, WET Labs ECO-AFL/FL [mg/m^3]
# name 7 = upoly0: Upoly 0, Turbidity
# name 8 = flag:  0.000e+00
# span 0 =          1,       5095       
# span 1 =      0.188,     45.391       
# span 2 =     7.5723,    15.8582       
# span 3 =   0.044614,   3.476282       
# span 4 =     0.4687,     3.2015       
# span 5 =     0.5334,     2.8169       
# span 6 =     0.0033,     0.0346       
# span 7 =  0.0800940,  0.2285678       
# span 8 = 0.0000e+00, 0.0000e+00       
# interval = seconds: 0.0416667
# start_time = Sep 23 2021 08:43:00 [NMEA time, header]
# bad_flag = -9.990e-29
*END*
[from data line 801]
        802      1.157    15.1839   2.938681     3.1685     2.5043     0.0046  0.1704481 0.0000e+00
        803      1.132    15.1839   2.938931     3.1697     2.5018     0.0046  0.1704481 0.0000e+00
        804      1.157    15.1841   2.939032     3.1697     2.4982     0.0046  0.1704481 0.0000e+00
        805      1.132    15.1842   2.939028     3.1709     2.4933     0.0046  0.1704481 0.0000e+00
        806      1.099    15.1841   2.938963     3.1709     2.4921     0.0046  0.1704481 0.0000e+00
        807      1.190    15.1841   2.939151     3.1709     2.4884     0.0046  0.1704481 0.0000e+00
        808      1.099    15.1841   2.939274     3.1734     2.4860     0.0046  0.1704481 0.0000e+00
        809      1.132    15.1837   2.939313     3.1734     2.4835     0.0046  0.1704481 0.0000e+00
        810      1.157    15.1831   2.939203     3.1734     2.4811     0.0046  0.1704481 0.0000e+00
        811      1.132    15.1822   2.939312     3.1734     2.4774     0.0046  0.1704481 0.0000e+00
        812      1.157    15.1814   2.939504     3.1746     2.4750     0.0046  0.1704481 0.0000e+00
        813      1.132    15.1805   2.939475     3.1758     2.4725     0.0046  0.1704481 0.0000e+00
        814      1.157    15.1800   2.939332     3.1758     2.4701     0.0046  0.1680061 0.0000e+00
        815      1.132    15.1793   2.939277     3.1758     2.4664     0.0046  0.1670293 0.0000e+00
        816      1.157    15.1783   2.939370     3.1758     2.4640     0.0046  0.1670293 0.0000e+00
        817      1.132    15.1783   2.939461     3.1758     2.4615     0.0046  0.1670293 0.0000e+00
        818      1.222    15.1777   2.939395     3.1758     2.4591     0.0046  0.1670293 0.0000e+00
        819      1.156    15.1773   2.939210     3.1770     2.4567     0.0046  0.1675177 0.0000e+00
        820      1.132    15.1763   2.939286     3.1770     2.4542     0.0046  0.1670293 0.0000e+00
        821      1.156    15.1762   2.939267     3.1783     2.4505     0.0046  0.1670293 0.0000e+00
        822      1.132    15.1758   2.939115     3.1783     2.4481     0.0046  0.1675177 0.0000e+00
        823      1.156    15.1756   2.938869     3.1783     2.4457     0.0046  0.1675177 0.0000e+00
        824      1.132    15.1754   2.938641     3.1783     2.4432     0.0046  0.1670293 0.0000e+00
        825      1.099    15.1751   2.938390     3.1783     2.4408     0.0044  0.1675177 0.0000e+00
        826      1.066    15.1751   2.938124     3.1783     2.4383     0.0046  0.1670293 0.0000e+00
        827      1.099    15.1751   2.938002     3.1783     2.4359     0.0046  0.1670293 0.0000e+00
        828      1.131    15.1751   2.938319     3.1783     2.4335     0.0046  0.1670293 0.0000e+00
        829      1.099    15.1748   2.938708     3.1795     2.4310     0.0046  0.1675177 0.0000e+00
        830      1.131    15.1748   2.938662     3.1795     2.4286     0.0046  0.1670293 0.0000e+00
        831      1.156    15.1743   2.938350     3.1795     2.4261     0.0046  0.1670293 0.0000e+00
        832      1.131    15.1741   2.938002     3.1795     2.4237     0.0046  0.1675177 0.0000e+00
        833      1.156    15.1736   2.938026     3.1783     2.4212     0.0046  0.1670293 0.0000e+00
        834      1.065    15.1733   2.938135     3.1807     2.4188     0.0046  0.1675177 0.0000e+00
        835      1.098    15.1731   2.938227     3.1795     2.4164     0.0046  0.1675177 0.0000e+00
        836      1.098    15.1731   2.938088     3.1795     2.4151     0.0044  0.1670293 0.0000e+00
        837      1.065    15.1728   2.937822     3.1807     2.4127     0.0046  0.1670293 0.0000e+00
        838      1.156    15.1729   2.937855     3.1807     2.4103     0.0046  0.1670293 0.0000e+00
        839      1.065    15.1733   2.938148     3.1807     2.4078     0.0046  0.1714249 0.0000e+00
        840      1.222    15.1733   2.938241     3.1807     2.4054     0.0046  0.1753321 0.0000e+00
        841      1.131    15.1738   2.938298     3.1807     2.4041     0.0048  0.1758205 0.0000e+00
        842      1.222    15.1744   2.938508     3.1807     2.4017     0.0048  0.1758205 0.0000e+00
        843      1.189    15.1751   2.938951     3.1807     2.3993     0.0046  0.1753321 0.0000e+00
        844      1.222    15.1760   2.939350     3.1807     2.3968     0.0048  0.1753321 0.0000e+00
        845      1.255    15.1766   2.939705     3.1795     2.3944     0.0048  0.1753321 0.0000e+00
        846      1.279    15.1775   2.939763     3.1807     2.3932     0.0048  0.1753321 0.0000e+00
        847      1.189    15.1787   2.939911     3.1795     2.3907     0.0048  0.1753321 0.0000e+00
        848      1.279    15.1797   2.940213     3.1807     2.3895     0.0048  0.1753321 0.0000e+00
        849      1.312    15.1811   2.940499     3.1807     2.3871     0.0048  0.1753321 0.0000e+00
        850      1.279    15.1817   2.940556     3.1807     2.3846     0.0048  0.1753321 0.0000e+00
        851      1.312    15.1829   2.940583     3.1807     2.3834     0.0048  0.1753321 0.0000e+00
        852      1.279    15.1839   2.940637     3.1807     2.3822     0.0048  0.1753321 0.0000e+00
        853      1.279    15.1848   2.940328     3.1807     2.3797     0.0048  0.1753321 0.0000e+00
        854      1.312    15.1853   2.939296     3.1795     2.3773     0.0048  0.1753321 0.0000e+00
        855      1.279    15.1856   2.938054     3.1807     2.3773     0.0048  0.1753321 0.0000e+00
        856      1.254    15.1862   2.936709     3.1807     2.3748     0.0048  0.1753321 0.0000e+00
        857      1.279    15.1865   2.935551     3.1807     2.3736     0.0048  0.1753321 0.0000e+00
        858      1.254    15.1870   2.934591     3.1807     2.3724     0.0048  0.1753321 0.0000e+00
        859      1.279    15.1871   2.933988     3.1819     2.3712     0.0048  0.1753321 0.0000e+00
        860      1.312    15.1873   2.933703     3.1819     2.3700     0.0048  0.1753321 0.0000e+00
        861      1.279    15.1873   2.933562     3.1819     2.3687     0.0048  0.1753321 0.0000e+00
        862      1.254    15.1875   2.933640     3.1819     2.3687     0.0048  0.1753321 0.0000e+00
        863      1.279    15.1871   2.933563     3.1819     2.3675     0.0048  0.1753321 0.0000e+00
        864      1.254    15.1869   2.933179     3.1832     2.3663     0.0048  0.1753321 0.0000e+00
        865      1.221    15.1863   2.932623     3.1832     2.3663     0.0049  0.1758205 0.0000e+00
        866      1.188    15.1858   2.931952     3.1832     2.3651     0.0049  0.1758205 0.0000e+00
        867      1.221    15.1850   2.931433     3.1832     2.3651     0.0049  0.1758205 0.0000e+00
        868      1.254    15.1844   2.931081     3.1844     2.3639     0.0049  0.1758205 0.0000e+00
        869      1.155    15.1841   2.931032     3.1844     2.3626     0.0049  0.1758205 0.0000e+00
        870      1.221    15.1841   2.931341     3.1844     2.3626     0.0049  0.1758205 0.0000e+00
        871      1.254    15.1844   2.931614     3.1856     2.3626     0.0049  0.1758205 0.0000e+00
        872      1.155    15.1844   2.931962     3.1868     2.3626     0.0048  0.1758205 0.0000e+00
        873      1.188    15.1848   2.932345     3.1868     2.3614     0.0049  0.1758205 0.0000e+00
        874      1.155    15.1850   2.932673     3.1868     2.3614     0.0049  0.1758205 0.0000e+00
        875      1.254    15.1850   2.933191     3.1880     2.3614     0.0049  0.1758205 0.0000e+00
        876      1.155    15.1847   2.933902     3.1880     2.3614     0.0049  0.1758205 0.0000e+00
        877      1.188    15.1850   2.934757     3.1893     2.3614     0.0049  0.1758205 0.0000e+00
        878      1.221    15.1848   2.935419     3.1893     2.3614     0.0049  0.1758205 0.0000e+00
        879      1.188    15.1842   2.935821     3.1893     2.3602     0.0049  0.1758205 0.0000e+00
        880      1.155    15.1844   2.935999     3.1905     2.3614     0.0049  0.1758205 0.0000e+00
        881      1.254    15.1842   2.935980     3.1905     2.3602     0.0049  0.1758205 0.0000e+00
        882      1.221    15.1848   2.936012     3.1905     2.3602     0.0049  0.1758205 0.0000e+00
        883      1.188    15.1854   2.936144     3.1917     2.3602     0.0049  0.1758205 0.0000e+00
        884      1.221    15.1862   2.936320     3.1929     2.3602     0.0049  0.1758205 0.0000e+00
        885      1.253    15.1868   2.936419     3.1929     2.3602     0.0049  0.1758205 0.0000e+00
        886      1.155    15.1875   2.936573     3.1941     2.3602     0.0049  0.1758205 0.0000e+00
        887      1.278    15.1880   2.936754     3.1954     2.3602     0.0049  0.1758205 0.0000e+00
        888      1.187    15.1884   2.936935     3.1954     2.3602     0.0048  0.1758205 0.0000e+00
        889      1.220    15.1890   2.937034     3.1954     2.3602     0.0049  0.1758205 0.0000e+00
        890      1.187    15.1895   2.937077     3.1954     2.3602     0.0048  0.1743553 0.0000e+00
        891      1.220    15.1902   2.937061     3.1966     2.3614     0.0048  0.1733785 0.0000e+00
        892      1.130    15.1906   2.936923     3.1966     2.3614     0.0048  0.1728901 0.0000e+00
        893      1.220    15.1909   2.936889     3.1978     2.3626     0.0048  0.1728901 0.0000e+00
        894      1.187    15.1911   2.936783     3.1978     2.3639     0.0048  0.1728901 0.0000e+00
        895      1.154    15.1909   2.936566     3.1978     2.3651     0.0048  0.1728901 0.0000e+00
        896      1.129    15.1904   2.936270     3.1978     2.3663     0.0048  0.1728901 0.0000e+00
        897      1.154    15.1902   2.935893     3.1990     2.3675     0.0048  0.1728901 0.0000e+00
        898      1.129    15.1897   2.935461     3.1990     2.3687     0.0048  0.1728901 0.0000e+00
        899      1.154    15.1900   2.934740     3.1990     2.3700     0.0048  0.1728901 0.0000e+00
        900      1.129    15.1899   2.934012     3.1990     2.3724     0.0048  0.1728901 0.0000e+00
        901      1.096    15.1900   2.933280     3.2002     2.3736     0.0048  0.1728901 0.0000e+00
        902      1.063    15.1902   2.932547     3.2002     2.3761     0.0048  0.1728901 0.0000e+00
        903      1.096    15.1899   2.931989     3.2002     2.3773     0.0048  0.1728901 0.0000e+00
        904      1.063    15.1900   2.931647     3.2002     2.3797     0.0048  0.1728901 0.0000e+00
        905      1.096    15.1897   2.931503     3.2002     2.3809     0.0048  0.1728901 0.0000e+00
        906      1.096    15.1897   2.932029     3.2002     2.3822     0.0048  0.1728901 0.0000e+00
        907      1.063    15.1895   2.933495     3.2015     2.3846     0.0048  0.1728901 0.0000e+00
        908      1.096    15.1892   2.934916     3.2002     2.3858     0.0048  0.1728901 0.0000e+00
        909      1.129    15.1890   2.935366     3.2002     2.3871     0.0048  0.1728901 0.0000e+00
        910      1.154    15.1883   2.935412     3.2002     2.3895     0.0048  0.1728901 0.0000e+00
        911      1.063    15.1883   2.935279     3.2002     2.3907     0.0048  0.1728901 0.0000e+00
        912      1.096    15.1880   2.935326     3.2002     2.3919     0.0048  0.1728901 0.0000e+00
        913      1.063    15.1875   2.935307     3.2002     2.3932     0.0048  0.1728901 0.0000e+00
        914      1.154    15.1873   2.935427     3.2002     2.3944     0.0048  0.1728901 0.0000e+00
        915      1.129    15.1871   2.935689     3.2002     2.3956     0.0048  0.1728901 0.0000e+00
        916      1.154    15.1870   2.936139     3.2002     2.3968     0.0048  0.1724017 0.0000e+00
        917      1.187    15.1866   2.936439     3.2002     2.3980     0.0048  0.1724017 0.0000e+00
        918      1.154    15.1865   2.936510     3.2002     2.3993     0.0048  0.1724017 0.0000e+00
        919      1.252    15.1866   2.936592     3.2002     2.3993     0.0048  0.1724017 0.0000e+00
        920      1.153    15.1866   2.936873     3.2002     2.4005     0.0048  0.1724017 0.0000e+00
        921      1.252    15.1865   2.937235     3.2002     2.4017     0.0046  0.1724017 0.0000e+00
        922      1.153    15.1866   2.937405     3.2002     2.4017     0.0048  0.1724017 0.0000e+00
        923      1.219    15.1873   2.937342     3.1990     2.4029     0.0048  0.1724017 0.0000e+00
        924      1.186    15.1883   2.937473     3.1990     2.4029     0.0048  0.1724017 0.0000e+00
        925      1.219    15.1892   2.937702     3.1990     2.4029     0.0048  0.1724017 0.0000e+00
        926      1.186    15.1897   2.937836     3.1990     2.4041     0.0048  0.1724017 0.0000e+00
        927      1.219    15.1899   2.937875     3.1978     2.4041     0.0048  0.1724017 0.0000e+00
        928      1.186    15.1903   2.937606     3.1978     2.4041     0.0048  0.1724017 0.0000e+00
        929      1.219    15.1905   2.937090     3.1978     2.4041     0.0048  0.1724017 0.0000e+00
        930      1.128    15.1907   2.936244     3.1978     2.4041     0.0048  0.1724017 0.0000e+00
        931      1.219    15.1908   2.935393     3.1978     2.4041     0.0048  0.1724017 0.0000e+00
        932      1.128    15.1907   2.934617     3.1978     2.4041     0.0048  0.1724017 0.0000e+00
        933      1.219    15.1909   2.934035     3.1978     2.4041     0.0048  0.1724017 0.0000e+00
        934      1.128    15.1909   2.933480     3.1966     2.4054     0.0048  0.1724017 0.0000e+00
        935      1.219    15.1910   2.933008     3.1966     2.4041     0.0048  0.1724017 0.0000e+00
        936      1.128    15.1911   2.932437     3.1966     2.4041     0.0048  0.1724017 0.0000e+00
        937      1.153    15.1909   2.931640     3.1954     2.4041     0.0048  0.1724017 0.0000e+00
        938      1.128    15.1906   2.930699     3.1954     2.4041     0.0048  0.1724017 0.0000e+00
        939      1.095    15.1907   2.929711     3.1954     2.4041     0.0048  0.1724017 0.0000e+00
        940      1.062    15.1899   2.928841     3.1941     2.4029     0.0048  0.1724017 0.0000e+00
        941      1.153    15.1887   2.928210     3.1941     2.4029     0.0049  0.1719133 0.0000e+00
        942      1.095    15.1877   2.927795     3.1929     2.4029     0.0049  0.1714249 0.0000e+00
        943      1.128    15.1868   2.927649     3.1929     2.4017     0.0049  0.1714249 0.0000e+00
        944      1.153    15.1861   2.927559     3.1905     2.4017     0.0049  0.1714249 0.0000e+00
        945      1.128    15.1856   2.927569     3.1893     2.4017     0.0049  0.1714249 0.0000e+00
        946      1.095    15.1849   2.927508     3.1880     2.4005     0.0049  0.1714249 0.0000e+00
        947      1.128    15.1836   2.927619     3.1868     2.4005     0.0049  0.1714249 0.0000e+00
        948      1.095    15.1831   2.927778     3.1844     2.3993     0.0049  0.1714249 0.0000e+00
        949      1.128    15.1824   2.928051     3.1819     2.3993     0.0049  0.1714249 0.0000e+00
        950      1.153    15.1820   2.928535     3.1795     2.3993     0.0049  0.1714249 0.0000e+00
        951      1.185    15.1815   2.929397     3.1770     2.3980     0.0049  0.1714249 0.0000e+00
        952      1.152    15.1811   2.930655     3.1746     2.3980     0.0049  0.1714249 0.0000e+00
        953      1.251    15.1805   2.932035     3.1722     2.3980     0.0049  0.1714249 0.0000e+00
        954      1.152    15.1797   2.933353     3.1685     2.3968     0.0049  0.1714249 0.0000e+00
        955      1.251    15.1787   2.934054     3.1648     2.3968     0.0049  0.1714249 0.0000e+00
        956      1.218    15.1780   2.934521     3.1612     2.3956     0.0049  0.1714249 0.0000e+00
        957      1.185    15.1773   2.934954     3.1575     2.3956     0.0049  0.1714249 0.0000e+00
        958      1.276    15.1765   2.935586     3.1538     2.3956     0.0049  0.1714249 0.0000e+00
        959      1.218    15.1760   2.936163     3.1502     2.3944     0.0049  0.1714249 0.0000e+00
        960      1.309    15.1753   2.936702     3.1453     2.3944     0.0049  0.1714249 0.0000e+00
