code/data/2021/ctd_data_day3/station2B.cnv
* Sea-Bird SBE 9 Data File:
* FileName = C:\Users\CTD-User\Desktop\MAR440\day3\station2B.hex
* Software Version Seasave V 7.26.2.13
* Temperature SN = 6313
* Conductivity SN = 4758
* Number of Bytes Per Scan = 37
* Number of Voltage Words = 4
* Number of Scans Averaged by the Deck Unit = 1
* NMEA Latitude = 58 20.01 N
* NMEA Longitude = 011 52.53 E
* NMEA UTC (Time) = Sep 23 2021 08:43:00
* NMEA baud rate = 4800
** Ship: Skagerrak
** Station: station2B
** Operator: Eva
# nquan = 9
# nvalues = 5095                                  
# units = specified
# name 0 = scan: Scan Count
# name 1 = prDM: Pressure, Digiquartz [db]
# name 2 = t090C: Temperature [ITS-90, deg C]
# name 3 = c0S/m: Conductivity [S/m]
# name 4 = sbeox0V: Oxygen raw, SBE 43 [V]
# name 5 = sbeox1V: Oxygen raw, SBE 43, 2 [V]
# name 6 = flECO-AFL: Fluorescence, WET Labs ECO-AFL/FL [mg/m^3]
# name 7 = upoly0: Upoly 0, Turbidity
# name 8 = flag:  0.000e+00
# span 0 =          1,       5095                 
# span 1 =      0.188,     45.391                 
# span 2 =     7.5723,    15.8582                 
# span 3 =   0.045378,   3.484679                 
# span 4 =     0.4687,     3.2015                 
# span 5 =     0.5334,     2.8169                 
# span 6 =     0.0033,     0.0346                 
# span 7 =  0.0800940,  0.2285678                 
# span 8 = 0.0000e+00, 0.0000e+00                 
# interval = seconds: 0.0416667
# start_time = Sep 23 2021 08:43:00 [NMEA time, header]
# bad_flag = -9.990e-29
*END*
[from data line 1761]
       1762      7.714    15.2818   2.925811     2.0720     2.3248     0.0053  0.1440745  0.000e+00
       1763      7.796    15.2827   2.925839     2.0733     2.3248     0.0053  0.1440745  0.000e+00
       1764      7.738    15.2835   2.926014     2.0733     2.3236     0.0053  0.1440745  0.000e+00
       1765      7.779    15.2840   2.925965     2.0733     2.3236     0.0053  0.1440745  0.000e+00
       1766      7.796    15.2844   2.925948     2.0720     2.3223     0.0053  0.1440745  0.000e+00
       1767      7.796    15.2850   2.925959     2.0733     2.3223     0.0053  0.1440745  0.000e+00
       1768      7.837    15.2853   2.926058     2.0733     2.3223     0.0053  0.1440745  0.000e+00
       1769      7.862    15.2855   2.926097     2.0733     2.3211     0.0053  0.1440745  0.000e+00
       1770      7.862    15.2862   2.925970     2.0733     2.3211     0.0053  0.1440745  0.000e+00
       1771      7.895    15.2863   2.925850     2.0733     2.3211     0.0053  0.1440745  0.000e+00
       1772      7.920    15.2866   2.925822     2.0720     2.3199     0.0053  0.1440745  0.000e+00
       1773      7.920    15.2866   2.925905     2.0733     2.3199     0.0053  0.1440745  0.000e+00
       1774      7.961    15.2872   2.925910     2.0733     2.3199     0.0053  0.1440745  0.000e+00
       1775      7.986    15.2884   2.925965     2.0733     2.3187     0.0053  0.1440745  0.000e+00
       1776      7.986    15.2897   2.925987     2.0733     2.3187     0.0053  0.1440745  0.000e+00
       1777      8.018    15.2913   2.926003     2.0733     2.3187     0.0053  0.1440745  0.000e+00
       1778      8.043    15.2930   2.926108     2.0733     2.3187     0.0053  0.1440745  0.000e+00
       1779      8.043    15.2943   2.926245     2.0733     2.3175     0.0053  0.1440745  0.000e+00
       1780      8.084    15.2952   2.926322     2.0720     2.3175     0.0053  0.1440745  0.000e+00
       1781      8.043    15.2967   2.926459     2.0733     2.3175     0.0053  0.1440745  0.000e+00
       1782      8.167    15.2975   2.926503     2.0733     2.3162     0.0053  0.1440745  0.000e+00
       1783      8.084    15.2980   2.926602     2.0733     2.3162     0.0057  0.1440745  0.000e+00
       1784      8.167    15.2980   2.926723     2.0720     2.3162     0.0059  0.1445629  0.000e+00
       1785      8.167    15.2982   2.926850     2.0733     2.3162     0.0059  0.1445629  0.000e+00
       1786      8.208    15.2980   2.926971     2.0733     2.3162     0.0059  0.1445629  0.000e+00
       1787      8.224    15.2982   2.927053     2.0720     2.3138     0.0059  0.1445629  0.000e+00
       1788      8.224    15.2978   2.927135     2.0720     2.3150     0.0059  0.1445629  0.000e+00
       1789      8.266    15.2985   2.927135     2.0720     2.3150     0.0059  0.1445629  0.000e+00
       1790      8.290    15.3005   2.927130     2.0720     2.3138     0.0059  0.1445629  0.000e+00
       1791      8.290    15.3031   2.927108     2.0720     2.3138     0.0059  0.1445629  0.000e+00
       1792      8.266    15.3054   2.927163     2.0720     2.3138     0.0059  0.1445629  0.000e+00
       1793      8.348    15.3071   2.927102     2.0720     2.3126     0.0059  0.1445629  0.000e+00
       1794      8.348    15.3091   2.927135     2.0720     2.3126     0.0059  0.1445629  0.000e+00
       1795      8.447    15.3107   2.927091     2.0720     2.3126     0.0059  0.1445629  0.000e+00
       1796      8.348    15.3118   2.927256     2.0720     2.3126     0.0059  0.1445629  0.000e+00
       1797      8.414    15.3138   2.927240     2.0720     2.3114     0.0059  0.1445629  0.000e+00
       1798      8.447    15.3159   2.927212     2.0720     2.3114     0.0059  0.1445629  0.000e+00
       1799      8.529    15.3168   2.927251     2.0708     2.3114     0.0059  0.1445629  0.000e+00
       1800      8.472    15.3168   2.927284     2.0708     2.3101     0.0059  0.1445629  0.000e+00
       1801      8.513    15.3160   2.927212     2.0708     2.3101     0.0059  0.1445629  0.000e+00
       1802      8.529    15.3151   2.927163     2.0708     2.3101     0.0059  0.1445629  0.000e+00
       1803      8.529    15.3140   2.927256     2.0708     2.3089     0.0059  0.1445629  0.000e+00
       1804      8.570    15.3126   2.927251     2.0708     2.3089     0.0059  0.1445629  0.000e+00
       1805      8.595    15.3115   2.927278     2.0708     2.3089     0.0059  0.1445629  0.000e+00
       1806      8.595    15.3110   2.927251     2.0708     2.3089     0.0059  0.1445629  0.000e+00
       1807      8.628    15.3103   2.927300     2.0696     2.3077     0.0059  0.1445629  0.000e+00
       1808      8.653    15.3101   2.927300     2.0696     2.3077     0.0059  0.1435861  0.000e+00
       1809      8.719    15.3097   2.927251     2.0708     2.3077     0.0057  0.1406557  0.000e+00
       1810      8.694    15.3090   2.927339     2.0696     2.3065     0.0057  0.1396789  0.000e+00
       1811      8.719    15.3084   2.927355     2.0696     2.3065     0.0057  0.1401673  0.000e+00
       1812      8.776    15.3078   2.927432     2.0684     2.3065     0.0057  0.1401673  0.000e+00
       1813      8.752    15.3070   2.927460     2.0684     2.3052     0.0057  0.1401673  0.000e+00
       1814      8.719    15.3055   2.927377     2.0684     2.3052     0.0057  0.1401673  0.000e+00
       1815      8.842    15.3063   2.927432     2.0684     2.3052     0.0057  0.1401673  0.000e+00
       1816      8.818    15.3100   2.927559     2.0684     2.3040     0.0055  0.1401673  0.000e+00
       1817      8.900    15.3130   2.927597     2.0684     2.3028     0.0055  0.1401673  0.000e+00
       1818      8.842    15.3150   2.927575     2.0671     2.3040     0.0057  0.1401673  0.000e+00
       1819      8.875    15.3164   2.927570     2.0671     2.3028     0.0057  0.1401673  0.000e+00
       1820      8.900    15.3163   2.927586     2.0671     2.3028     0.0055  0.1401673  0.000e+00
       1821      8.958    15.3151   2.927553     2.0671     2.3028     0.0055  0.1401673  0.000e+00
       1822      8.941    15.3132   2.927625     2.0659     2.3016     0.0057  0.1401673  0.000e+00
       1823      9.024    15.3114   2.927685     2.0659     2.3016     0.0057  0.1401673  0.000e+00
       1824      8.958    15.3103   2.927724     2.0659     2.3004     0.0055  0.1401673  0.000e+00
       1825      9.024    15.3106   2.927735     2.0659     2.3004     0.0057  0.1401673  0.000e+00
       1826      8.999    15.3120   2.927773     2.0659     2.3004     0.0057  0.1401673  0.000e+00
       1827      9.081    15.3146   2.927767     2.0659     2.2991     0.0057  0.1401673  0.000e+00
       1828      9.081    15.3177   2.927844     2.0647     2.2991     0.0057  0.1401673  0.000e+00
       1829      9.123    15.3210   2.927888     2.0647     2.2991     0.0057  0.1401673  0.000e+00
       1830      9.081    15.3245   2.927916     2.0647     2.2979     0.0057  0.1401673  0.000e+00
       1831      9.147    15.3272   2.927883     2.0647     2.2979     0.0055  0.1401673  0.000e+00
       1832      9.180    15.3298   2.927872     2.0647     2.2967     0.0057  0.1401673  0.000e+00
       1833      9.205    15.3330   2.927910     2.0635     2.2967     0.0057  0.1401673  0.000e+00
       1834      9.205    15.3364   2.927883     2.0635     2.2967     0.0055  0.1338181  0.000e+00
       1835      9.180    15.3394   2.927888     2.0635     2.2967     0.0053  0.1284457  0.000e+00
       1836      9.263    15.3426   2.927976     2.0635     2.2955     0.0053  0.1279573  0.000e+00
       1837      9.263    15.3462   2.928004     2.0623     2.2955     0.0053  0.1279573  0.000e+00
       1838      9.304    15.3493   2.928020     2.0623     2.2943     0.0053  0.1284457  0.000e+00
       1839      9.263    15.3518   2.928069     2.0610     2.2943     0.0053  0.1284457  0.000e+00
       1840      9.329    15.3551   2.928168     2.0623     2.2943     0.0053  0.1284457  0.000e+00
       1841      9.386    15.3592   2.928113     2.0610     2.2930     0.0053  0.1284457  0.000e+00
       1842      9.370    15.3651   2.928146     2.0610     2.2930     0.0053  0.1284457  0.000e+00
       1843      9.386    15.3739   2.928086     2.0610     2.2918     0.0053  0.1284457  0.000e+00
       1844      9.386    15.3850   2.928119     2.0610     2.2918     0.0053  0.1284457  0.000e+00
       1845      9.427    15.3947   2.928119     2.0610     2.2918     0.0053  0.1279573  0.000e+00
       1846      9.452    15.4013   2.928113     2.0598     2.2906     0.0053  0.1284457  0.000e+00
       1847      9.510    15.4073   2.928151     2.0598     2.2906     0.0053  0.1279573  0.000e+00
       1848      9.485    15.4125   2.928124     2.0586     2.2906     0.0053  0.1279573  0.000e+00
       1849      9.510    15.4174   2.928151     2.0586     2.2894     0.0053  0.1284457  0.000e+00
       1850      9.510    15.4213   2.928146     2.0586     2.2894     0.0053  0.1284457  0.000e+00
       1851      9.609    15.4288   2.928118     2.0586     2.2882     0.0053  0.1284457  0.000e+00
       1852      9.568    15.4396   2.928129     2.0586     2.2882     0.0053  0.1284457  0.000e+00
       1853      9.567    15.4489   2.928157     2.0574     2.2869     0.0053  0.1284457  0.000e+00
       1854      9.633    15.4558   2.928124     2.0574     2.2869     0.0053  0.1279573  0.000e+00
       1855      9.675    15.4603   2.928091     2.0574     2.2857     0.0053  0.1284457  0.000e+00
       1856      9.633    15.4636   2.928041     2.0574     2.2857     0.0053  0.1284457  0.000e+00
       1857      9.691    15.4674   2.928046     2.0562     2.2845     0.0053  0.1284457  0.000e+00
       1858      9.675    15.4727   2.928057     2.0562     2.2845     0.0053  0.1284457  0.000e+00
       1859      9.757    15.4796   2.928035     2.0549     2.2833     0.0053  0.1264921  0.000e+00
       1860      9.757    15.4878   2.927991     2.0549     2.2833     0.0053  0.1206313  0.000e+00
       1861      9.790    15.4959   2.928096     2.0549     2.2833     0.0053  0.1181893  0.000e+00
       1862      9.757    15.5036   2.928035     2.0549     2.2820     0.0053  0.1181893  0.000e+00
       1863      9.815    15.5113   2.928002     2.0549     2.2808     0.0053  0.1186777  0.000e+00
       1864      9.815    15.5204   2.927964     2.0525     2.2808     0.0053  0.1186777  0.000e+00
       1865      9.856    15.5321   2.927887     2.0537     2.2796     0.0053  0.1186777  0.000e+00
       1866      9.881    15.5427   2.927826     2.0537     2.2796     0.0053  0.1186777  0.000e+00
       1867      9.881    15.5502   2.927689     2.0537     2.2784     0.0053  0.1181893  0.000e+00
       1868      9.856    15.5563   2.927381     2.0525     2.2784     0.0053  0.1186777  0.000e+00
       1869      9.881    15.5631   2.927144     2.0525     2.2772     0.0053  0.1186777  0.000e+00
       1870      9.938    15.5710   2.926957     2.0525     2.2759     0.0053  0.1186777  0.000e+00
       1871      9.913    15.5763   2.926760     2.0513     2.2759     0.0053  0.1186777  0.000e+00
       1872      9.938    15.5737   2.926490     2.0513     2.2747     0.0053  0.1186777  0.000e+00
       1873      9.938    15.5647   2.926457     2.0513     2.2747     0.0053  0.1186777  0.000e+00
       1874      9.938    15.5527   2.926452     2.0513     2.2735     0.0053  0.1186777  0.000e+00
       1875      9.979    15.5414   2.926403     2.0501     2.2735     0.0053  0.1186777  0.000e+00
       1876      9.938    15.5294   2.926474     2.0501     2.2723     0.0053  0.1186777  0.000e+00
       1877      9.996    15.5078   2.926480     2.0488     2.2723     0.0053  0.1186777  0.000e+00
       1878      9.979    15.4823   2.926409     2.0488     2.2711     0.0053  0.1186777  0.000e+00
       1879      9.996    15.4613   2.926453     2.0488     2.2711     0.0053  0.1186777  0.000e+00
       1880      9.996    15.4470   2.926409     2.0488     2.2698     0.0053  0.1186777  0.000e+00
       1881      9.979    15.4364   2.926431     2.0476     2.2698     0.0051  0.1186777  0.000e+00
       1882      9.996    15.4289   2.926343     2.0476     2.2698     0.0053  0.1186777  0.000e+00
       1883      9.996    15.4225   2.926349     2.0476     2.2698     0.0053  0.1186777  0.000e+00
       1884      9.996    15.4167   2.926404     2.0476     2.2698     0.0053  0.1186777  0.000e+00
       1885     10.037    15.4103   2.926355     2.0464     2.2686     0.0051  0.1123284  0.000e+00
       1886      9.996    15.4028   2.926399     2.0464     2.2686     0.0048  0.1064676  0.000e+00
       1887      9.996    15.3944   2.926437     2.0464     2.2686     0.0048  0.1054908  0.000e+00
       1888      9.979    15.3872   2.926322     2.0464     2.2674     0.0048  0.1059792  0.000e+00
       1889     10.062    15.3817   2.926300     2.0464     2.2674     0.0048  0.1064676  0.000e+00
       1890      9.938    15.3768   2.926311     2.0452     2.2674     0.0048  0.1064676  0.000e+00
       1891     10.037    15.3720   2.926311     2.0452     2.2674     0.0048  0.1064676  0.000e+00
       1892      9.996    15.3678   2.926371     2.0452     2.2674     0.0048  0.1064676  0.000e+00
       1893      9.996    15.3636   2.926426     2.0439     2.2674     0.0048  0.1064676  0.000e+00
       1894      9.996    15.3605   2.926509     2.0439     2.2674     0.0048  0.1064676  0.000e+00
       1895     10.103    15.3587   2.926569     2.0439     2.2674     0.0048  0.1059792  0.000e+00
       1896      9.996    15.3573   2.926685     2.0439     2.2674     0.0048  0.1064676  0.000e+00
       1897      9.996    15.3570   2.926762     2.0439     2.2674     0.0048  0.1064676  0.000e+00
       1898     10.037    15.3565   2.926839     2.0427     2.2674     0.0048  0.1059792  0.000e+00
       1899      9.996    15.3570   2.926877     2.0439     2.2674     0.0048  0.1064676  0.000e+00
       1900      9.996    15.3570   2.926844     2.0439     2.2674     0.0048  0.1064676  0.000e+00
       1901     10.062    15.3573   2.926850     2.0439     2.2674     0.0048  0.1059792  0.000e+00
       1902      9.979    15.3577   2.926817     2.0439     2.2674     0.0048  0.1059792  0.000e+00
       1903      9.996    15.3583   2.926888     2.0439     2.2674     0.0048  0.1064676  0.000e+00
       1904     10.062    15.3589   2.926916     2.0439     2.2674     0.0048  0.1059792  0.000e+00
       1905      9.979    15.3595   2.926850     2.0439     2.2686     0.0048  0.1059792  0.000e+00
       1906      9.996    15.3600   2.926872     2.0439     2.2686     0.0048  0.1064676  0.000e+00
       1907     10.061    15.3605   2.926888     2.0439     2.2686     0.0048  0.1064676  0.000e+00
       1908     10.037    15.3605   2.926888     2.0439     2.2698     0.0048  0.1064676  0.000e+00
       1909      9.995    15.3609   2.926822     2.0427     2.2698     0.0048  0.1064676  0.000e+00
       1910      9.995    15.3614   2.926784     2.0439     2.2698     0.0046  0.1064676  0.000e+00
       1911      9.995    15.3629   2.926778     2.0439     2.2698     0.0046  0.1069560  0.000e+00
       1912     10.037    15.3654   2.926734     2.0439     2.2711     0.0044  0.1074444  0.000e+00
       1913      9.995    15.3697   2.926679     2.0439     2.2723     0.0044  0.1074444  0.000e+00
       1914     10.061    15.3753   2.926668     2.0452     2.2723     0.0044  0.1069560  0.000e+00
       1915      9.979    15.3825   2.926706     2.0439     2.2723     0.0044  0.1074444  0.000e+00
       1916     10.061    15.3917   2.926723     2.0452     2.2735     0.0044  0.1069560  0.000e+00
       1917      9.995    15.4021   2.926723     2.0452     2.2747     0.0044  0.1074444  0.000e+00
       1918     10.037    15.4128   2.926783     2.0452     2.2747     0.0044  0.1069560  0.000e+00
       1919      9.995    15.4233   2.926739     2.0452     2.2759     0.0044  0.1069560  0.000e+00
       1920     10.061    15.4349   2.926821     2.0452     2.2759     0.0044  0.1069560  0.000e+00
