code/data/2021/ctd_data_day3/station1a_ctm_fil.cnv
* Sea-Bird SBE 9 Data File:
* FileName = C:\Users\CTD-User\Desktop\MAR440\day3\station1a.hex
* Software Version Seasave V 7.26.2.13
* Temperature SN = 6313
* Conductivity SN = 4758
* Number of Bytes Per Scan = 37
* Number of Voltage Words = 4
* Number of Scans Averaged by the Deck Unit = 1
* NMEA Latitude = 58 20.46 N
* NMEA Longitude = 011 53.94 E
* NMEA UTC (Time) = Sep 23 2021 08:23:54
* NMEA baud rate = 4800
** Ship: Skagerrak
** Station: station1a
** Operator: Jess
# nquan = 9
# nvalues = 3026                        
# units = specified
# name 0 = scan: Scan Count
# name 1 = prDM: Pressure, Digiquartz [db]
# name 2 = t090C: Temperature [ITS-90, deg C]
# name 3 = c0S/m: Conductivity [S/m]
# name 4 = sbeox0V: Oxygen raw, SBE 43 [V]
# name 5 = sbeox1V: Oxygen raw, SBE 43, 2 [V]
# name 6 = flECO-AFL: Fluorescence, WET Labs ECO-AFL/FL [mg/m^3]
# name 7 = upoly0: Upoly 0, Turbidity
# name 8 = flag:  0.000e+00
# span 0 =          1,       3026       
# span 1 =      1.183,     33.673       
# span 2 =     7.9775,    15.5437       
# span 3 =   2.740292,   3.455395       
# span 4 =     0.4944,     2.8603       
# span 5 =     0.5538,     2.7362       
# span 6 =     0.0035,     0.0152       
# span 7 =  0.0886323,  0.2314865       
# span 8 = 0.0000e+00, 0.0000e+00       
# interval = seconds: 0.0416667
# start_time = Sep 23 2021 08:23:54 [NMEA time, header]
# bad_flag = -9.990e-29
*END*
[from data line 801]
        802      1.244    14.7432   2.840940     2.8364     2.7294     0.0062  0.2215565 0.0000e+00
        803      1.240    14.7437   2.841087     2.8365     2.7294     0.0062  0.2218866 0.0000e+00
        804      1.235    14.7442   2.841228     2.8366     2.7295     0.0062  0.2221975 0.0000e+00
        805      1.231    14.7446   2.841360     2.8368     2.7295     0.0062  0.2224937 0.0000e+00
        806      1.226    14.7451   2.841481     2.8369     2.7296     0.0062  0.2227783 0.0000e+00
        807      1.222    14.7455   2.841592     2.8371     2.7297     0.0062  0.2230531 0.0000e+00
        808      1.218    14.7458   2.841696     2.8372     2.7297     0.0062  0.2233202 0.0000e+00
        809      1.214    14.7462   2.841794     2.8373     2.7298     0.0062  0.2235813 0.0000e+00
        810      1.210    14.7466   2.841892     2.8375     2.7299     0.0062  0.2238384 0.0000e+00
        811      1.207    14.7470   2.841993     2.8376     2.7299     0.0062  0.2240931 0.0000e+00
        812      1.204    14.7474   2.842100     2.8377     2.7300     0.0062  0.2243473 0.0000e+00
        813      1.201    14.7478   2.842214     2.8379     2.7301     0.0062  0.2246027 0.0000e+00
        814      1.198    14.7482   2.842336     2.8380     2.7301     0.0062  0.2248610 0.0000e+00
        815      1.196    14.7486   2.842468     2.8381     2.7302     0.0062  0.2251242 0.0000e+00
        816      1.193    14.7491   2.842610     2.8383     2.7302     0.0062  0.2253940 0.0000e+00
        817      1.191    14.7495   2.842762     2.8384     2.7303     0.0062  0.2256723 0.0000e+00
        818      1.189    14.7500   2.842922     2.8386     2.7303     0.0062  0.2259610 0.0000e+00
        819      1.187    14.7505   2.843090     2.8387     2.7304     0.0062  0.2262622 0.0000e+00
        820      1.186    14.7510   2.843265     2.8388     2.7304     0.0062  0.2265779 0.0000e+00
        821      1.185    14.7516   2.843447     2.8390     2.7305     0.0062  0.2269103 0.0000e+00
        822      1.184    14.7521   2.843632     2.8391     2.7305     0.0062  0.2272618 0.0000e+00
        823      1.184    14.7526   2.843817     2.8393     2.7305     0.0060  0.2276348 0.0000e+00
        824      1.183    14.7531   2.843995     2.8394     2.7306     0.0062  0.2280319 0.0000e+00
        825      1.183    14.7535   2.844160     2.8395     2.7306     0.0060  0.2284499 0.0000e+00
        826      1.183    14.7539   2.844309     2.8397     2.7306     0.0060  0.2288696 0.0000e+00
        827      1.183    14.7543   2.844441     2.8398     2.7306     0.0060  0.2292642 0.0000e+00
        828      1.184    14.7546   2.844556     2.8399     2.7306     0.0060  0.2296204 0.0000e+00
        829      1.184    14.7548   2.844656     2.8401     2.7306     0.0060  0.2299388 0.0000e+00
        830      1.185    14.7550   2.844741     2.8402     2.7306     0.0060  0.2302227 0.0000e+00
        831      1.186    14.7552   2.844809     2.8403     2.7306     0.0060  0.2304738 0.0000e+00
        832      1.187    14.7553   2.844859     2.8405     2.7306     0.0060  0.2306941 0.0000e+00
        833      1.188    14.7554   2.844892     2.8406     2.7305     0.0060  0.2308850 0.0000e+00
        834      1.189    14.7554   2.844910     2.8407     2.7305     0.0060  0.2310478 0.0000e+00
        835      1.190    14.7555   2.844919     2.8409     2.7305     0.0060  0.2311837 0.0000e+00
        836      1.191    14.7555   2.844926     2.8410     2.7305     0.0060  0.2312937 0.0000e+00
        837      1.193    14.7556   2.844939     2.8411     2.7305     0.0060  0.2313784 0.0000e+00
        838      1.194    14.7557   2.844965     2.8413     2.7305     0.0060  0.2314386 0.0000e+00
        839      1.196    14.7558   2.845007     2.8414     2.7305     0.0060  0.2314745 0.0000e+00
        840      1.197    14.7560   2.845068     2.8416     2.7304     0.0060  0.2314865 0.0000e+00
        841      1.199    14.7562   2.845150     2.8417     2.7304     0.0060  0.2314754 0.0000e+00
        842      1.201    14.7565   2.845256     2.8418     2.7304     0.0060  0.2314422 0.0000e+00
        843      1.203    14.7568   2.845386     2.8420     2.7304     0.0060  0.2313856 0.0000e+00
        844      1.205    14.7572   2.845544     2.8421     2.7304     0.0060  0.2313044 0.0000e+00
        845      1.206    14.7577   2.845731     2.8423     2.7304     0.0060  0.2311981 0.0000e+00
        846      1.209    14.7582   2.845951     2.8424     2.7304     0.0060  0.2310659 0.0000e+00
        847      1.211    14.7589   2.846206     2.8426     2.7304     0.0060  0.2309070 0.0000e+00
        848      1.213    14.7596   2.846495     2.8427     2.7304     0.0060  0.2307201 0.0000e+00
        849      1.215    14.7604   2.846816     2.8428     2.7304     0.0060  0.2305041 0.0000e+00
        850      1.218    14.7612   2.847167     2.8430     2.7305     0.0060  0.2302582 0.0000e+00
        851      1.221    14.7621   2.847542     2.8431     2.7305     0.0059  0.2299909 0.0000e+00
        852      1.224    14.7630   2.847931     2.8432     2.7305     0.0057  0.2297233 0.0000e+00
        853      1.228    14.7639   2.848330     2.8434     2.7305     0.0059  0.2294732 0.0000e+00
        854      1.231    14.7648   2.848737     2.8435     2.7305     0.0059  0.2292446 0.0000e+00
        855      1.236    14.7658   2.849159     2.8436     2.7305     0.0059  0.2290351 0.0000e+00
        856      1.240    14.7669   2.849606     2.8437     2.7305     0.0059  0.2288425 0.0000e+00
        857      1.245    14.7681   2.850085     2.8438     2.7306     0.0059  0.2286654 0.0000e+00
        858      1.250    14.7694   2.850601     2.8439     2.7306     0.0059  0.2285026 0.0000e+00
        859      1.255    14.7708   2.851150     2.8440     2.7306     0.0059  0.2283521 0.0000e+00
        860      1.260    14.7723   2.851726     2.8441     2.7306     0.0059  0.2282119 0.0000e+00
        861      1.266    14.7740   2.852324     2.8441     2.7307     0.0059  0.2280820 0.0000e+00
        862      1.273    14.7756   2.852939     2.8442     2.7307     0.0059  0.2279623 0.0000e+00
        863      1.280    14.7774   2.853567     2.8443     2.7308     0.0059  0.2278520 0.0000e+00
        864      1.286    14.7791   2.854197     2.8443     2.7308     0.0059  0.2277504 0.0000e+00
        865      1.294    14.7808   2.854825     2.8444     2.7309     0.0059  0.2276566 0.0000e+00
        866      1.301    14.7826   2.855444     2.8445     2.7309     0.0059  0.2275701 0.0000e+00
        867      1.309    14.7842   2.856050     2.8445     2.7310     0.0059  0.2274910 0.0000e+00
        868      1.316    14.7858   2.856627     2.8446     2.7310     0.0059  0.2274198 0.0000e+00
        869      1.324    14.7872   2.857162     2.8447     2.7310     0.0059  0.2273550 0.0000e+00
        870      1.333    14.7885   2.857641     2.8447     2.7311     0.0059  0.2272954 0.0000e+00
        871      1.342    14.7895   2.858060     2.8448     2.7311     0.0059  0.2272405 0.0000e+00
        872      1.351    14.7904   2.858418     2.8448     2.7312     0.0059  0.2271900 0.0000e+00
        873      1.360    14.7912   2.858717     2.8449     2.7312     0.0059  0.2271434 0.0000e+00
        874      1.370    14.7918   2.858966     2.8450     2.7312     0.0059  0.2271006 0.0000e+00
        875      1.380    14.7923   2.859179     2.8450     2.7313     0.0059  0.2270611 0.0000e+00
        876      1.390    14.7928   2.859368     2.8451     2.7313     0.0060  0.2270248 0.0000e+00
        877      1.400    14.7932   2.859538     2.8451     2.7313     0.0064  0.2269913 0.0000e+00
        878      1.410    14.7936   2.859688     2.8452     2.7313     0.0064  0.2269604 0.0000e+00
        879      1.421    14.7939   2.859810     2.8453     2.7314     0.0064  0.2269319 0.0000e+00
        880      1.431    14.7940   2.859901     2.8453     2.7314     0.0064  0.2269057 0.0000e+00
        881      1.442    14.7941   2.859954     2.8454     2.7314     0.0064  0.2268815 0.0000e+00
        882      1.453    14.7940   2.859965     2.8454     2.7315     0.0064  0.2268591 0.0000e+00
        883      1.465    14.7937   2.859924     2.8455     2.7315     0.0064  0.2268384 0.0000e+00
        884      1.476    14.7933   2.859828     2.8456     2.7316     0.0064  0.2268193 0.0000e+00
        885      1.488    14.7927   2.859677     2.8457     2.7316     0.0064  0.2268017 0.0000e+00
        886      1.500    14.7919   2.859478     2.8457     2.7316     0.0064  0.2267853 0.0000e+00
        887      1.512    14.7911   2.859237     2.8458     2.7317     0.0064  0.2267701 0.0000e+00
        888      1.525    14.7901   2.858960     2.8459     2.7317     0.0064  0.2267560 0.0000e+00
        889      1.537    14.7892   2.858657     2.8460     2.7318     0.0064  0.2267429 0.0000e+00
        890      1.550    14.7882   2.858347     2.8460     2.7318     0.0064  0.2267307 0.0000e+00
        891      1.563    14.7875   2.858054     2.8461     2.7319     0.0064  0.2267193 0.0000e+00
        892      1.577    14.7868   2.857801     2.8462     2.7319     0.0064  0.2267086 0.0000e+00
        893      1.590    14.7864   2.857589     2.8463     2.7320     0.0064  0.2266986 0.0000e+00
        894      1.604    14.7859   2.857393     2.8464     2.7320     0.0064  0.2266891 0.0000e+00
        895      1.618    14.7854   2.857178     2.8464     2.7321     0.0064  0.2266802 0.0000e+00
        896      1.632    14.7848   2.856917     2.8465     2.7321     0.0064  0.2266709 0.0000e+00
        897      1.646    14.7841   2.856592     2.8466     2.7321     0.0064  0.2266603 0.0000e+00
        898      1.661    14.7831   2.856199     2.8467     2.7322     0.0064  0.2266492 0.0000e+00
        899      1.676    14.7819   2.855750     2.8468     2.7322     0.0064  0.2266383 0.0000e+00
        900      1.690    14.7806   2.855256     2.8469     2.7322     0.0064  0.2266276 0.0000e+00
        901      1.705    14.7792   2.854724     2.8470     2.7322     0.0064  0.2266169 0.0000e+00
        902      1.720    14.7776   2.854153     2.8471     2.7323     0.0064  0.2266055 0.0000e+00
        903      1.736    14.7759   2.853546     2.8472     2.7323     0.0066  0.2265914 0.0000e+00
        904      1.751    14.7740   2.852903     2.8472     2.7323     0.0066  0.2265738 0.0000e+00
        905      1.766    14.7721   2.852219     2.8473     2.7323     0.0066  0.2265525 0.0000e+00
        906      1.782    14.7701   2.851494     2.8474     2.7323     0.0066  0.2265273 0.0000e+00
        907      1.798    14.7680   2.850737     2.8475     2.7323     0.0066  0.2264982 0.0000e+00
        908      1.813    14.7658   2.849961     2.8476     2.7323     0.0064  0.2264649 0.0000e+00
        909      1.829    14.7636   2.849179     2.8476     2.7323     0.0066  0.2264271 0.0000e+00
        910      1.846    14.7614   2.848399     2.8477     2.7323     0.0066  0.2263846 0.0000e+00
        911      1.862    14.7592   2.847623     2.8478     2.7323     0.0066  0.2263372 0.0000e+00
        912      1.878    14.7570   2.846851     2.8478     2.7323     0.0066  0.2262844 0.0000e+00
        913      1.895    14.7547   2.846080     2.8479     2.7323     0.0066  0.2262259 0.0000e+00
        914      1.911    14.7524   2.845314     2.8479     2.7323     0.0066  0.2261613 0.0000e+00
        915      1.927    14.7501   2.844553     2.8480     2.7323     0.0066  0.2260902 0.0000e+00
        916      1.944    14.7479   2.843806     2.8480     2.7323     0.0066  0.2260120 0.0000e+00
        917      1.961    14.7457   2.843079     2.8481     2.7323     0.0066  0.2259262 0.0000e+00
        918      1.977    14.7435   2.842380     2.8481     2.7322     0.0066  0.2258323 0.0000e+00
        919      1.994    14.7415   2.841717     2.8482     2.7322     0.0066  0.2257295 0.0000e+00
        920      2.011    14.7396   2.841090     2.8482     2.7322     0.0066  0.2256172 0.0000e+00
        921      2.028    14.7377   2.840503     2.8482     2.7322     0.0066  0.2254945 0.0000e+00
        922      2.045    14.7360   2.839954     2.8482     2.7321     0.0066  0.2253607 0.0000e+00
        923      2.062    14.7344   2.839447     2.8482     2.7321     0.0066  0.2252147 0.0000e+00
        924      2.079    14.7328   2.838983     2.8482     2.7321     0.0066  0.2250556 0.0000e+00
        925      2.096    14.7314   2.838562     2.8482     2.7320     0.0066  0.2248822 0.0000e+00
        926      2.113    14.7302   2.838184     2.8482     2.7320     0.0066  0.2246935 0.0000e+00
        927      2.130    14.7290   2.837847     2.8482     2.7320     0.0066  0.2244904 0.0000e+00
        928      2.147    14.7279   2.837546     2.8482     2.7319     0.0064  0.2242820 0.0000e+00
        929      2.164    14.7269   2.837279     2.8482     2.7319     0.0064  0.2240811 0.0000e+00
        930      2.181    14.7260   2.837045     2.8482     2.7319     0.0064  0.2238949 0.0000e+00
        931      2.198    14.7252   2.836842     2.8481     2.7319     0.0064  0.2237238 0.0000e+00
        932      2.215    14.7245   2.836672     2.8481     2.7319     0.0064  0.2235665 0.0000e+00
        933      2.232    14.7240   2.836533     2.8481     2.7318     0.0064  0.2234211 0.0000e+00
        934      2.249    14.7235   2.836424     2.8481     2.7318     0.0064  0.2232858 0.0000e+00
        935      2.266    14.7231   2.836346     2.8480     2.7318     0.0064  0.2231596 0.0000e+00
        936      2.283    14.7228   2.836297     2.8480     2.7318     0.0064  0.2230417 0.0000e+00
        937      2.301    14.7226   2.836275     2.8480     2.7318     0.0064  0.2229320 0.0000e+00
        938      2.318    14.7225   2.836281     2.8479     2.7318     0.0064  0.2228299 0.0000e+00
        939      2.335    14.7224   2.836312     2.8479     2.7318     0.0064  0.2227337 0.0000e+00
        940      2.352    14.7225   2.836369     2.8478     2.7318     0.0064  0.2226436 0.0000e+00
        941      2.369    14.7226   2.836450     2.8478     2.7319     0.0064  0.2225599 0.0000e+00
        942      2.386    14.7229   2.836557     2.8477     2.7319     0.0064  0.2224819 0.0000e+00
        943      2.402    14.7232   2.836686     2.8477     2.7319     0.0064  0.2224092 0.0000e+00
        944      2.419    14.7235   2.836836     2.8476     2.7319     0.0064  0.2223404 0.0000e+00
        945      2.436    14.7240   2.837006     2.8476     2.7319     0.0064  0.2222732 0.0000e+00
        946      2.453    14.7245   2.837195     2.8476     2.7320     0.0064  0.2222073 0.0000e+00
        947      2.470    14.7251   2.837403     2.8475     2.7320     0.0064  0.2221439 0.0000e+00
        948      2.487    14.7257   2.837631     2.8475     2.7320     0.0064  0.2220833 0.0000e+00
        949      2.504    14.7264   2.837878     2.8475     2.7321     0.0064  0.2220244 0.0000e+00
        950      2.521    14.7272   2.838143     2.8474     2.7321     0.0064  0.2219658 0.0000e+00
        951      2.538    14.7280   2.838422     2.8474     2.7322     0.0064  0.2219079 0.0000e+00
        952      2.555    14.7288   2.838713     2.8474     2.7323     0.0064  0.2218514 0.0000e+00
        953      2.572    14.7297   2.839013     2.8474     2.7323     0.0062  0.2217965 0.0000e+00
        954      2.588    14.7306   2.839320     2.8474     2.7324     0.0062  0.2217454 0.0000e+00
        955      2.605    14.7316   2.839634     2.8474     2.7325     0.0062  0.2217013 0.0000e+00
        956      2.622    14.7325   2.839955     2.8474     2.7325     0.0062  0.2216663 0.0000e+00
        957      2.639    14.7335   2.840280     2.8474     2.7326     0.0062  0.2216411 0.0000e+00
        958      2.656    14.7345   2.840610     2.8474     2.7327     0.0062  0.2216245 0.0000e+00
        959      2.672    14.7355   2.840942     2.8474     2.7328     0.0062  0.2216149 0.0000e+00
        960      2.689    14.7365   2.841278     2.8475     2.7329     0.0062  0.2216122 0.0000e+00
