code/data/2021/ctd_data_day3/station8H_ctm_fil_le_der.cnv
* Sea-Bird SBE 9 Data File:
* FileName = C:\Users\CTD-User\Desktop\MAR440\day3\station8H.hex
* Software Version Seasave V 7.26.2.13
* Temperature SN = 6313
* Conductivity SN = 4758
* Number of Bytes Per Scan = 37
* Number of Voltage Words = 4
* Number of Scans Averaged by the Deck Unit = 1
* NMEA Latitude = 58 19.26 N
* NMEA Longitude = 011 49.42 E
* NMEA UTC (Time) = Sep 23 2021 11:26:46
* NMEA baud rate = 4800
** Ship: Skagerrak
** Station: station8H
** Operator: Emma
# nquan = 13                                
# nvalues = 2851                        
# units = specified
# name 0 = scan: Scan Count
# name 1 = prDM: Pressure, Digiquartz [db]
# name 2 = t090C: Temperature [ITS-90, deg C]
# name 3 = c0S/m: Conductivity [S/m]
# name 4 = sbeox0V: Oxygen raw, SBE 43 [V]
# name 5 = sbeox1V: Oxygen raw, SBE 43, 2 [V]
# name 6 = flECO-AFL: Fluorescence, WET Labs ECO-AFL/FL [mg/m^3]
# name 7 = upoly0: Upoly 0, Turbidity
# name 8 = depSM: Depth [salt water, m], lat = 58.321
# name 9 = sal00: Salinity, Practical [PSU]
# name 10 = sbeox0ML/L: Oxygen, SBE 43 [ml/l], WS = 2
# name 11 = sbeox1ML/L: Oxygen, SBE 43, 2 [ml/l], WS = 2
# name 12 = flag: flag
# span 0 =          1,       2851       
# span 1 =      1.387,     23.022       
# span 2 =    13.0407,    15.3630       
# span 3 =   2.902068,   3.761010       
# span 4 =     1.1054,     2.7944       
# span 5 =     1.1407,     2.6911       
# span 6 =     0.0037,     0.0104       
# span 7 =  0.0895694,  0.1540266       
# span 8 =      1.374,     22.807       
# span 9 =    22.6266,    31.5377       
# span 10 =     1.6713,     6.7956      
# span 11 =     1.6256,     5.6740      
# span 12 = 0.0000e+00, 0.0000e+00      
# interval = seconds: 0.0416667
# start_time = Sep 23 2021 11:26:46 [NMEA time, header]
# bad_flag = -9.990e-29
*END*
[from data line 2223]
       2224     12.597    13.8763   3.415833     2.2031     2.0478     0.0042  0.0927797     12.480    27.9415     3.4921     2.8405 0.0000e+00
       2225     12.619    13.8635   3.415721     2.1922     2.0373     0.0042  0.0927268     12.501    27.9498     3.4650     2.8215 0.0000e+00
       2226     12.641    13.8510   3.415634     2.1814     2.0269     0.0042  0.0926768     12.523    27.9581     3.4386     2.8031 0.0000e+00
       2227     12.663    13.8390   3.415575     2.1707     2.0167     0.0042  0.0926294     12.545    27.9662     3.4129     2.7855 0.0000e+00
       2228     12.685    13.8274   3.415547     2.1600     2.0065     0.0042  0.0925843     12.567    27.9744     3.3876     2.7680 0.0000e+00
       2229     12.706    13.8162   3.415556     2.1494     1.9964     0.0042  0.0925411     12.588    27.9826     3.3629     2.7511 0.0000e+00
       2230     12.728    13.8056   3.415604     2.1388     1.9863     0.0042  0.0924995     12.609    27.9908     3.3387     2.7344 0.0000e+00
       2231     12.750    13.7955   3.415690     2.1283     1.9764     0.0044  0.0924593     12.631    27.9989     3.3150     2.7183 0.0000e+00
       2232     12.772    13.7860   3.415815     2.1178     1.9665     0.0044  0.0924202     12.653    28.0070     3.2917     2.7025 0.0000e+00
       2233     12.794    13.7771   3.415979     2.1075     1.9568     0.0044  0.0923828     12.675    28.0149     3.2694     2.6873 0.0000e+00
       2234     12.816    13.7689   3.416182     2.0971     1.9471     0.0044  0.0923476     12.697    28.0228     3.2470     2.6722 0.0000e+00
       2235     12.838    13.7613   3.416424     2.0869     1.9375     0.0044  0.0923144     12.718    28.0305     3.2255     2.6576 0.0000e+00
       2236     12.860    13.7544   3.416708     2.0767     1.9280     0.0044  0.0922838     12.740    28.0381     3.2043     2.6433 0.0000e+00
       2237     12.882    13.7482   3.417033     2.0666     1.9187     0.0044  0.0922557     12.762    28.0456     3.1837     2.6296 0.0000e+00
       2238     12.903    13.7427   3.417399     2.0565     1.9093     0.0044  0.0922280     12.783    28.0529     3.1633     2.6157 0.0000e+00
       2239     12.925    13.7377   3.417804     2.0465     1.9001     0.0044  0.0922007     12.804    28.0602     3.1434     2.6025 0.0000e+00
       2240     12.947    13.7334   3.418246     2.0366     1.8910     0.0044  0.0921752     12.826    28.0674     3.1240     2.5896 0.0000e+00
       2241     12.970    13.7296   3.418719     2.0268     1.8820     0.0044  0.0921522     12.849    28.0745     3.1051     2.5770 0.0000e+00
       2242     12.992    13.7262   3.419217     2.0170     1.8731     0.0044  0.0921315     12.871    28.0815     3.0865     2.5647 0.0000e+00
       2243     13.014    13.7233   3.419734     2.0073     1.8642     0.0044  0.0921131     12.893    28.0883     3.0682     2.5525 0.0000e+00
       2244     13.036    13.7208   3.420267     1.9977     1.8555     0.0044  0.0920959     12.914    28.0950     3.0504     2.5408 0.0000e+00
       2245     13.058    13.7186   3.420811     1.9882     1.8468     0.0044  0.0920789     12.936    28.1015     3.0331     2.5291 0.0000e+00
       2246     13.080    13.7167   3.421360     1.9788     1.8383     0.0044  0.0920620     12.958    28.1079     3.0163     2.5180 0.0000e+00
       2247     13.102    13.7151   3.421911     1.9695     1.8299     0.0044  0.0920452     12.980    28.1141     2.9998     2.5072 0.0000e+00
       2248     13.124    13.7137   3.422462     1.9602     1.8215     0.0044  0.0920291     13.002    28.1201     2.9835     2.4964 0.0000e+00
       2249     13.147    13.7124   3.423009     1.9510     1.8133     0.0044  0.0920136     13.024    28.1260     2.9676     2.4861 0.0000e+00
       2250     13.169    13.7114   3.423551     1.9420     1.8051     0.0044  0.0919978     13.046    28.1317     2.9524     2.4758 0.0000e+00
       2251     13.191    13.7105   3.424085     1.9330     1.7971     0.0044  0.0919825     13.068    28.1372     2.9372     2.4661 0.0000e+00
       2252     13.213    13.7097   3.424611     1.9241     1.7891     0.0044  0.0919674     13.090    28.1426     2.9225     2.4563 0.0000e+00
       2253     13.236    13.7090   3.425128     1.9152     1.7813     0.0044  0.0919517     13.113    28.1478     2.9078     2.4470 0.0000e+00
       2254     13.258    13.7084   3.425637     1.9065     1.7735     0.0044  0.0919353     13.134    28.1529     2.8938     2.4377 0.0000e+00
       2255     13.280    13.7080   3.426139     1.8978     1.7659     0.0044  0.0919171     13.156    28.1577     2.8798     2.4289 0.0000e+00
       2256     13.302    13.7076   3.426636     1.8893     1.7583     0.0046  0.0918971     13.178    28.1625     2.8665     2.4201 0.0000e+00
       2257     13.325    13.7073   3.427131     1.8808     1.7508     0.0046  0.0918760     13.201    28.1673     2.8532     2.4115 0.0000e+00
       2258     13.347    13.7072   3.427625     1.8724     1.7435     0.0046  0.0918545     13.223    28.1718     2.8403     2.4033 0.0000e+00
       2259     13.369    13.7071   3.428120     1.8641     1.7362     0.0046  0.0918332     13.244    28.1764     2.8277     2.3952 0.0000e+00
       2260     13.391    13.7071   3.428619     1.8559     1.7290     0.0046  0.0918120     13.266    28.1809     2.8154     2.3872 0.0000e+00
       2261     13.414    13.7072   3.429123     1.8478     1.7219     0.0046  0.0917925     13.289    28.1854     2.8034     2.3794 0.0000e+00
       2262     13.436    13.7073   3.429632     1.8397     1.7149     0.0046  0.0917745     13.311    28.1900     2.7914     2.3719 0.0000e+00
       2263     13.458    13.7075   3.430150     1.8318     1.7080     0.0046  0.0917563     13.332    28.1946     2.7800     2.3645 0.0000e+00
       2264     13.481    13.7078   3.430678     1.8239     1.7012     0.0046  0.0917393     13.355    28.1991     2.7686     2.3573 0.0000e+00
       2265     13.503    13.7082   3.431219     1.8162     1.6945     0.0046  0.0917236     13.377    28.2038     2.7578     2.3504 0.0000e+00
       2266     13.526    13.7086   3.431776     1.8085     1.6878     0.0046  0.0917054     13.400    28.2085     2.7469     2.3433 0.0000e+00
       2267     13.548    13.7091   3.432351     1.8008     1.6813     0.0046  0.0916848     13.422    28.2134     2.7360     2.3367 0.0000e+00
       2268     13.570    13.7098   3.432949     1.7933     1.6749     0.0046  0.0916650     13.443    28.2183     2.7257     2.3303 0.0000e+00
       2269     13.593    13.7106   3.433575     1.7859     1.6685     0.0046  0.0916459     13.466    28.2234     2.7156     2.3238 0.0000e+00
       2270     13.615    13.7115   3.434233     1.7785     1.6622     0.0046  0.0916238     13.488    28.2288     2.7055     2.3175 0.0000e+00
       2271     13.638    13.7126   3.434929     1.7713     1.6560     0.0046  0.0915988     13.511    28.2343     2.6959     2.3113 0.0000e+00
       2272     13.660    13.7139   3.435664     1.7641     1.6499     0.0046  0.0915739     13.533    28.2400     2.6863     2.3054 0.0000e+00
       2273     13.683    13.7153   3.436437     1.7570     1.6439     0.0046  0.0915507     13.555    28.2460     2.6769     2.2995 0.0000e+00
       2274     13.705    13.7167   3.437244     1.7500     1.6380     0.0046  0.0915291     13.577    28.2523     2.6678     2.2939 0.0000e+00
       2275     13.727    13.7182   3.438074     1.7431     1.6321     0.0046  0.0915072     13.599    28.2588     2.6589     2.2882 0.0000e+00
       2276     13.750    13.7196   3.438920     1.7362     1.6263     0.0046  0.0914832     13.622    28.2654     2.6499     2.2827 0.0000e+00
       2277     13.773    13.7210   3.439774     1.7294     1.6207     0.0046  0.0914585     13.645    28.2722     2.6412     2.2775 0.0000e+00
       2278     13.795    13.7222   3.440628     1.7228     1.6151     0.0046  0.0914331     13.666    28.2791     2.6330     2.2723 0.0000e+00
       2279     13.818    13.7233   3.441477     1.7162     1.6095     0.0046  0.0914033     13.689    28.2860     2.6248     2.2671 0.0000e+00
       2280     13.840    13.7241   3.442316     1.7096     1.6041     0.0046  0.0913689     13.711    28.2930     2.6165     2.2622 0.0000e+00
       2281     13.863    13.7247   3.443142     1.7032     1.5987     0.0046  0.0913332     13.734    28.3001     2.6087     2.2573 0.0000e+00
       2282     13.885    13.7251   3.443955     1.6968     1.5934     0.0044  0.0912974     13.756    28.3072     2.6009     2.2525 0.0000e+00
       2283     13.908    13.7253   3.444752     1.6906     1.5882     0.0042  0.0912623     13.778    28.3143     2.5935     2.2478 0.0000e+00
       2284     13.930    13.7253   3.445535     1.6844     1.5831     0.0042  0.0912294     13.800    28.3214     2.5862     2.2434 0.0000e+00
       2285     13.953    13.7251   3.446307     1.6782     1.5780     0.0042  0.0911991     13.823    28.3286     2.5787     2.2389 0.0000e+00
       2286     13.975    13.7247   3.447072     1.6722     1.5731     0.0042  0.0911713     13.845    28.3359     2.5718     2.2348 0.0000e+00
       2287     13.998    13.7243   3.447836     1.6662     1.5681     0.0042  0.0911458     13.867    28.3431     2.5649     2.2303 0.0000e+00
       2288     14.020    13.7239   3.448604     1.6603     1.5633     0.0042  0.0911225     13.889    28.3504     2.5581     2.2263 0.0000e+00
       2289     14.043    13.7234   3.449379     1.6545     1.5585     0.0042  0.0911012     13.912    28.3578     2.5516     2.2221 0.0000e+00
       2290     14.065    13.7230   3.450164     1.6488     1.5539     0.0042  0.0910817     13.934    28.3652     2.5454     2.2184 0.0000e+00
       2291     14.088    13.7227   3.450961     1.6431     1.5492     0.0042  0.0910638     13.957    28.3727     2.5390     2.2143 0.0000e+00
       2292     14.110    13.7224   3.451773     1.6375     1.5447     0.0042  0.0910467     13.978    28.3803     2.5329     2.2107 0.0000e+00
       2293     14.133    13.7223   3.452601     1.6320     1.5402     0.0042  0.0910293     14.001    28.3880     2.5269     2.2069 0.0000e+00
       2294     14.155    13.7225   3.453452     1.6265     1.5358     0.0042  0.0910124     14.023    28.3956     2.5209     2.2034 0.0000e+00
       2295     14.178    13.7228   3.454328     1.6212     1.5315     0.0042  0.0909967     14.046    28.4033     2.5154     2.1999 0.0000e+00
       2296     14.200    13.7235   3.455234     1.6159     1.5272     0.0042  0.0909822     14.068    28.4110     2.5098     2.1964 0.0000e+00
       2297     14.223    13.7244   3.456172     1.6106     1.5230     0.0042  0.0909686     14.090    28.4189     2.5041     2.1930 0.0000e+00
       2298     14.245    13.7255   3.457140     1.6055     1.5189     0.0042  0.0909559     14.112    28.4269     2.4989     2.1898 0.0000e+00
       2299     14.268    13.7268   3.458132     1.6004     1.5148     0.0042  0.0909440     14.135    28.4350     2.4936     2.1865 0.0000e+00
       2300     14.290    13.7281   3.459142     1.5954     1.5108     0.0042  0.0909329     14.157    28.4432     2.4885     2.1833 0.0000e+00
       2301     14.313    13.7295   3.460160     1.5904     1.5069     0.0042  0.0909224     14.179    28.4514     2.4833     2.1803 0.0000e+00
       2302     14.335    13.7307   3.461180     1.5856     1.5030     0.0042  0.0909125     14.201    28.4598     2.4786     2.1772 0.0000e+00
       2303     14.358    13.7318   3.462195     1.5807     1.4992     0.0042  0.0909031     14.224    28.4683     2.4735     2.1743 0.0000e+00
       2304     14.380    13.7327   3.463199     1.5760     1.4954     0.0042  0.0908941     14.246    28.4767     2.4689     2.1712 0.0000e+00
       2305     14.403    13.7334   3.464188     1.5713     1.4917     0.0042  0.0908856     14.269    28.4852     2.4642     2.1684 0.0000e+00
       2306     14.425    13.7339   3.465162     1.5667     1.4880     0.0042  0.0908773     14.290    28.4937     2.4597     2.1654 0.0000e+00
       2307     14.448    13.7343   3.466123     1.5622     1.4844     0.0042  0.0908694     14.313    28.5022     2.4554     2.1626 0.0000e+00
       2308     14.470    13.7345   3.467074     1.5577     1.4809     0.0042  0.0908616     14.335    28.5107     2.4510     2.1599 0.0000e+00
       2309     14.492    13.7347   3.468022     1.5533     1.4774     0.0042  0.0908540     14.357    28.5192     2.4468     2.1572 0.0000e+00
       2310     14.515    13.7350   3.468975     1.5490     1.4740     0.0042  0.0908465     14.380    28.5276     2.4427     2.1546 0.0000e+00
       2311     14.537    13.7355   3.469943     1.5447     1.4706     0.0042  0.0908391     14.401    28.5361     2.4385     2.1519 0.0000e+00
       2312     14.560    13.7361   3.470937     1.5405     1.4673     0.0042  0.0908316     14.424    28.5447     2.4345     2.1493 0.0000e+00
       2313     14.582    13.7371   3.471964     1.5364     1.4640     0.0042  0.0908241     14.446    28.5533     2.4307     2.1466 0.0000e+00
       2314     14.605    13.7384   3.473032     1.5323     1.4608     0.0042  0.0908166     14.469    28.5621     2.4268     2.1441 0.0000e+00
       2315     14.627    13.7400   3.474143     1.5283     1.4576     0.0042  0.0908088     14.491    28.5710     2.4230     2.1415 0.0000e+00
       2316     14.650    13.7419   3.475296     1.5243     1.4545     0.0042  0.0908009     14.513    28.5801     2.4191     2.1390 0.0000e+00
       2317     14.672    13.7441   3.476482     1.5203     1.4515     0.0042  0.0907926     14.535    28.5893     2.4151     2.1366 0.0000e+00
       2318     14.695    13.7463   3.477684     1.5165     1.4485     0.0042  0.0907841     14.558    28.5986     2.4115     2.1342 0.0000e+00
       2319     14.717    13.7485   3.478882     1.5127     1.4455     0.0042  0.0907752     14.580    28.6078     2.4078     2.1317 0.0000e+00
       2320     14.740    13.7506   3.480060     1.5089     1.4426     0.0042  0.0907658     14.602    28.6170     2.4040     2.1293 0.0000e+00
       2321     14.762    13.7524   3.481207     1.5052     1.4397     0.0042  0.0907560     14.624    28.6261     2.4004     2.1269 0.0000e+00
       2322     14.785    13.7540   3.482317     1.5016     1.4369     0.0042  0.0907455     14.647    28.6350     2.3969     2.1246 0.0000e+00
       2323     14.807    13.7554   3.483390     1.4980     1.4341     0.0042  0.0907344     14.669    28.6438     2.3933     2.1223 0.0000e+00
       2324     14.829    13.7566   3.484426     1.4944     1.4314     0.0042  0.0907226     14.691    28.6523     2.3896     2.1201 0.0000e+00
       2325     14.852    13.7577   3.485430     1.4909     1.4287     0.0042  0.0907100     14.713    28.6606     2.3861     2.1179 0.0000e+00
       2326     14.874    13.7587   3.486404     1.4875     1.4260     0.0042  0.0906964     14.735    28.6688     2.3828     2.1156 0.0000e+00
       2327     14.896    13.7596   3.487351     1.4841     1.4234     0.0042  0.0906819     14.757    28.6767     2.3793     2.1134 0.0000e+00
       2328     14.918    13.7604   3.488273     1.4807     1.4208     0.0042  0.0906663     14.779    28.6845     2.3757     2.1112 0.0000e+00
       2329     14.941    13.7612   3.489169     1.4774     1.4183     0.0042  0.0906495     14.802    28.6921     2.3723     2.1092 0.0000e+00
       2330     14.963    13.7619   3.490038     1.4741     1.4158     0.0042  0.0906314     14.823    28.6995     2.3687     2.1070 0.0000e+00
       2331     14.985    13.7625   3.490876     1.4709     1.4133     0.0042  0.0906118     14.845    28.7067     2.3654     2.1048 0.0000e+00
       2332     15.008    13.7629   3.491680     1.4677     1.4108     0.0042  0.0905907     14.868    28.7137     2.3619     2.1025 0.0000e+00
       2333     15.030    13.7631   3.492447     1.4646     1.4084     0.0038  0.0905687     14.890    28.7205     2.3586     2.1005 0.0000e+00
