code/data/2021/ctd_data_day3/station2B.cnv
* Sea-Bird SBE 9 Data File:
* FileName = C:\Users\CTD-User\Desktop\MAR440\day3\station2B.hex
* Software Version Seasave V 7.26.2.13
* Temperature SN = 6313
* Conductivity SN = 4758
* Number of Bytes Per Scan = 37
* Number of Voltage Words = 4
* Number of Scans Averaged by the Deck Unit = 1
* NMEA Latitude = 58 20.01 N
* NMEA Longitude = 011 52.53 E
* NMEA UTC (Time) = Sep 23 2021 08:43:00
* NMEA baud rate = 4800
** Ship: Skagerrak
** Station: station2B
** Operator: Eva
# nquan = 9
# nvalues = 5095                                  
# units = specified
# name 0 = scan: Scan Count
# name 1 = prDM: Pressure, Digiquartz [db]
# name 2 = t090C: Temperature [ITS-90, deg C]
# name 3 = c0S/m: Conductivity [S/m]
# name 4 = sbeox0V: Oxygen raw, SBE 43 [V]
# name 5 = sbeox1V: Oxygen raw, SBE 43, 2 [V]
# name 6 = flECO-AFL: Fluorescence, WET Labs ECO-AFL/FL [mg/m^3]
# name 7 = upoly0: Upoly 0, Turbidity
# name 8 = flag:  0.000e+00
# span 0 =          1,       5095                 
# span 1 =      0.188,     45.391                 
# span 2 =     7.5723,    15.8582                 
# span 3 =   0.045378,   3.484679                 
# span 4 =     0.4687,     3.2015                 
# span 5 =     0.5334,     2.8169                 
# span 6 =     0.0033,     0.0346                 
# span 7 =  0.0800940,  0.2285678                 
# span 8 = 0.0000e+00, 0.0000e+00                 
# interval = seconds: 0.0416667
# start_time = Sep 23 2021 08:43:00 [NMEA time, header]
# bad_flag = -9.990e-29
*END*
[from data line 1601]
       1602      4.500    15.1865   2.924273     2.0794     2.3236     0.0051  0.1484701  0.000e+00
       1603      4.558    15.1870   2.924256     2.0781     2.3260     0.0051  0.1484701  0.000e+00
       1604      4.533    15.1879   2.924185     2.0781     2.3272     0.0051  0.1484701  0.000e+00
       1605      4.558    15.1890   2.924075     2.0794     2.3284     0.0051  0.1484701  0.000e+00
       1606      4.533    15.1902   2.924086     2.0781     2.3297     0.0051  0.1489585  0.000e+00
       1607      4.624    15.1912   2.924234     2.0781     2.3309     0.0051  0.1489585  0.000e+00
       1608      4.624    15.1931   2.924289     2.0769     2.3321     0.0051  0.1489585  0.000e+00
       1609      4.657    15.1951   2.924355     2.0769     2.3321     0.0051  0.1484701  0.000e+00
       1610      4.624    15.1968   2.924394     2.0769     2.3333     0.0051  0.1489585  0.000e+00
       1611      4.722    15.1980   2.924339     2.0769     2.3346     0.0051  0.1489585  0.000e+00
       1612      4.681    15.1991   2.924240     2.0757     2.3358     0.0051  0.1489585  0.000e+00
       1613      4.747    15.1997   2.924146     2.0757     2.3370     0.0051  0.1489585  0.000e+00
       1614      4.722    15.2015   2.924047     2.0757     2.3382     0.0051  0.1489585  0.000e+00
       1615      4.747    15.2034   2.924036     2.0745     2.3382     0.0051  0.1489585  0.000e+00
       1616      4.780    15.2052   2.924135     2.0745     2.3394     0.0051  0.1489585  0.000e+00
       1617      4.805    15.2066   2.924240     2.0745     2.3407     0.0051  0.1489585  0.000e+00
       1618      4.871    15.2083   2.924267     2.0733     2.3419     0.0051  0.1489585  0.000e+00
       1619      4.838    15.2100   2.924267     2.0733     2.3419     0.0051  0.1489585  0.000e+00
       1620      4.805    15.2112   2.924201     2.0733     2.3443     0.0049  0.1489585  0.000e+00
       1621      4.904    15.2118   2.924141     2.0733     2.3443     0.0051  0.1489585  0.000e+00
       1622      4.928    15.2125   2.924003     2.0733     2.3455     0.0051  0.1489585  0.000e+00
       1623      4.928    15.2137   2.923921     2.0720     2.3455     0.0051  0.1489585  0.000e+00
       1624      4.961    15.2147   2.923910     2.0720     2.3468     0.0051  0.1489585  0.000e+00
       1625      4.928    15.2156   2.924020     2.0708     2.3468     0.0051  0.1489585  0.000e+00
       1626      5.027    15.2157   2.924091     2.0708     2.3480     0.0051  0.1489585  0.000e+00
       1627      4.986    15.2161   2.924119     2.0708     2.3492     0.0051  0.1489585  0.000e+00
       1628      5.052    15.2164   2.924130     2.0708     2.3504     0.0051  0.1489585  0.000e+00
       1629      5.085    15.2171   2.924047     2.0708     2.3492     0.0051  0.1489585  0.000e+00
       1630      5.052    15.2185   2.923916     2.0696     2.3504     0.0051  0.1479817  0.000e+00
       1631      5.085    15.2204   2.923817     2.0708     2.3516     0.0051  0.1470049  0.000e+00
       1632      5.110    15.2215   2.923734     2.0696     2.3516     0.0051  0.1470049  0.000e+00
       1633      5.176    15.2222   2.923866     2.0696     2.3529     0.0051  0.1470049  0.000e+00
       1634      5.151    15.2237   2.923910     2.0708     2.3529     0.0051  0.1470049  0.000e+00
       1635      5.176    15.2253   2.923992     2.0708     2.3541     0.0051  0.1470049  0.000e+00
       1636      5.266    15.2271   2.923976     2.0684     2.3541     0.0051  0.1470049  0.000e+00
       1637      5.176    15.2290   2.924003     2.0684     2.3541     0.0051  0.1470049  0.000e+00
       1638      5.233    15.2312   2.923850     2.0684     2.3553     0.0051  0.1470049  0.000e+00
       1639      5.266    15.2333   2.923756     2.0684     2.3553     0.0051  0.1470049  0.000e+00
       1640      5.291    15.2348   2.923663     2.0684     2.3553     0.0051  0.1470049  0.000e+00
       1641      5.332    15.2356   2.923723     2.0671     2.3553     0.0051  0.1470049  0.000e+00
       1642      5.357    15.2363   2.923872     2.0671     2.3553     0.0051  0.1470049  0.000e+00
       1643      5.357    15.2374   2.923970     2.0671     2.3565     0.0051  0.1470049  0.000e+00
       1644      5.332    15.2381   2.924031     2.0671     2.3565     0.0051  0.1470049  0.000e+00
       1645      5.415    15.2390   2.923965     2.0671     2.3565     0.0051  0.1470049  0.000e+00
       1646      5.415    15.2400   2.923811     2.0671     2.3565     0.0051  0.1470049  0.000e+00
       1647      5.390    15.2403   2.923773     2.0671     2.3565     0.0051  0.1470049  0.000e+00
       1648      5.480    15.2413   2.923712     2.0671     2.3578     0.0051  0.1470049  0.000e+00
       1649      5.513    15.2427   2.923773     2.0671     2.3578     0.0051  0.1470049  0.000e+00
       1650      5.480    15.2429   2.923784     2.0671     2.3565     0.0051  0.1470049  0.000e+00
       1651      5.480    15.2425   2.923877     2.0671     2.3578     0.0051  0.1470049  0.000e+00
       1652      5.571    15.2419   2.923970     2.0659     2.3578     0.0051  0.1470049  0.000e+00
       1653      5.538    15.2415   2.923926     2.0659     2.3578     0.0051  0.1470049  0.000e+00
       1654      5.571    15.2415   2.923948     2.0659     2.3578     0.0051  0.1470049  0.000e+00
       1655      5.604    15.2420   2.923921     2.0659     2.3578     0.0051  0.1479817  0.000e+00
       1656      5.604    15.2422   2.923828     2.0647     2.3578     0.0051  0.1494469  0.000e+00
       1657      5.695    15.2427   2.923778     2.0659     2.3578     0.0051  0.1499353  0.000e+00
       1658      5.604    15.2432   2.923839     2.0659     2.3578     0.0051  0.1499353  0.000e+00
       1659      5.719    15.2429   2.923938     2.0659     2.3578     0.0051  0.1499353  0.000e+00
       1660      5.695    15.2418   2.924025     2.0659     2.3578     0.0051  0.1499353  0.000e+00
       1661      5.719    15.2405   2.923943     2.0659     2.3578     0.0051  0.1499353  0.000e+00
       1662      5.695    15.2391   2.923927     2.0659     2.3578     0.0051  0.1499353  0.000e+00
       1663      5.785    15.2383   2.923833     2.0647     2.3578     0.0051  0.1499353  0.000e+00
       1664      5.785    15.2385   2.923718     2.0647     2.3578     0.0051  0.1499353  0.000e+00
       1665      5.761    15.2393   2.923696     2.0647     2.3578     0.0051  0.1499353  0.000e+00
       1666      5.843    15.2400   2.923822     2.0647     2.3578     0.0051  0.1499353  0.000e+00
       1667      5.884    15.2407   2.923938     2.0647     2.3578     0.0051  0.1499353  0.000e+00
       1668      5.843    15.2410   2.924086     2.0647     2.3578     0.0051  0.1499353  0.000e+00
       1669      5.909    15.2422   2.924168     2.0647     2.3578     0.0051  0.1499353  0.000e+00
       1670      5.818    15.2431   2.924163     2.0647     2.3578     0.0051  0.1499353  0.000e+00
       1671      5.967    15.2432   2.924031     2.0647     2.3578     0.0051  0.1499353  0.000e+00
       1672      5.909    15.2432   2.923992     2.0647     2.3578     0.0051  0.1499353  0.000e+00
       1673      6.000    15.2424   2.923910     2.0647     2.3578     0.0051  0.1499353  0.000e+00
       1674      5.967    15.2415   2.923943     2.0647     2.3578     0.0051  0.1499353  0.000e+00
       1675      6.000    15.2400   2.924075     2.0647     2.3578     0.0051  0.1499353  0.000e+00
       1676      5.967    15.2366   2.924146     2.0647     2.3565     0.0051  0.1499353  0.000e+00
       1677      6.090    15.2321   2.924256     2.0647     2.3578     0.0051  0.1499353  0.000e+00
       1678      6.066    15.2280   2.924251     2.0647     2.3565     0.0051  0.1499353  0.000e+00
       1679      6.090    15.2256   2.924322     2.0647     2.3565     0.0051  0.1499353  0.000e+00
       1680      6.090    15.2234   2.924245     2.0659     2.3565     0.0051  0.1499353  0.000e+00
       1681      6.123    15.2224   2.924147     2.0659     2.3565     0.0051  0.1514005  0.000e+00
       1682      6.148    15.2220   2.924147     2.0659     2.3565     0.0051  0.1518889  0.000e+00
       1683      6.123    15.2230   2.924196     2.0659     2.3565     0.0051  0.1523773  0.000e+00
       1684      6.214    15.2232   2.924196     2.0659     2.3565     0.0051  0.1523773  0.000e+00
       1685      6.148    15.2230   2.924289     2.0659     2.3565     0.0051  0.1523773  0.000e+00
       1686      6.247    15.2227   2.924240     2.0659     2.3565     0.0051  0.1523773  0.000e+00
       1687      6.214    15.2215   2.924273     2.0659     2.3565     0.0051  0.1518889  0.000e+00
       1688      6.272    15.2208   2.924229     2.0659     2.3553     0.0051  0.1518889  0.000e+00
       1689      6.247    15.2198   2.924147     2.0659     2.3553     0.0051  0.1523773  0.000e+00
       1690      6.329    15.2192   2.924108     2.0659     2.3553     0.0051  0.1523773  0.000e+00
       1691      6.329    15.2189   2.924224     2.0647     2.3553     0.0051  0.1523773  0.000e+00
       1692      6.370    15.2210   2.924306     2.0659     2.3553     0.0051  0.1518889  0.000e+00
       1693      6.329    15.2252   2.924306     2.0671     2.3553     0.0051  0.1523773  0.000e+00
       1694      6.370    15.2303   2.924520     2.0671     2.3553     0.0051  0.1518889  0.000e+00
       1695      6.395    15.2361   2.924630     2.0671     2.3541     0.0051  0.1523773  0.000e+00
       1696      6.395    15.2415   2.924482     2.0671     2.3541     0.0051  0.1523773  0.000e+00
       1697      6.428    15.2468   2.924471     2.0671     2.3541     0.0051  0.1523773  0.000e+00
       1698      6.453    15.2503   2.924487     2.0671     2.3541     0.0051  0.1523773  0.000e+00
       1699      6.519    15.2520   2.924339     2.0671     2.3541     0.0051  0.1523773  0.000e+00
       1700      6.494    15.2533   2.924355     2.0671     2.3529     0.0051  0.1523773  0.000e+00
       1701      6.519    15.2534   2.924416     2.0671     2.3529     0.0051  0.1518889  0.000e+00
       1702      6.552    15.2538   2.924487     2.0671     2.3529     0.0051  0.1523773  0.000e+00
       1703      6.519    15.2536   2.924558     2.0671     2.3516     0.0051  0.1518889  0.000e+00
       1704      6.642    15.2535   2.924751     2.0684     2.3516     0.0051  0.1523773  0.000e+00
       1705      6.552    15.2536   2.924811     2.0684     2.3516     0.0051  0.1523773  0.000e+00
       1706      6.642    15.2535   2.924850     2.0684     2.3516     0.0051  0.1504237  0.000e+00
       1707      6.642    15.2537   2.924883     2.0684     2.3516     0.0053  0.1460281  0.000e+00
       1708      6.675    15.2541   2.924872     2.0684     2.3504     0.0053  0.1445629  0.000e+00
       1709      6.700    15.2546   2.924696     2.0684     2.3504     0.0053  0.1445629  0.000e+00
       1710      6.700    15.2543   2.924580     2.0684     2.3516     0.0053  0.1450513  0.000e+00
       1711      6.733    15.2536   2.924504     2.0684     2.3492     0.0053  0.1450513  0.000e+00
       1712      6.700    15.2530   2.924504     2.0684     2.3492     0.0053  0.1450513  0.000e+00
       1713      6.733    15.2527   2.924569     2.0684     2.3492     0.0053  0.1450513  0.000e+00
       1714      6.824    15.2528   2.924784     2.0684     2.3480     0.0053  0.1450513  0.000e+00
       1715      6.824    15.2532   2.924778     2.0696     2.3468     0.0053  0.1450513  0.000e+00
       1716      6.799    15.2537   2.924756     2.0684     2.3492     0.0053  0.1450513  0.000e+00
       1717      6.824    15.2541   2.924795     2.0708     2.3468     0.0053  0.1450513  0.000e+00
       1718      6.881    15.2548   2.924767     2.0684     2.3468     0.0053  0.1450513  0.000e+00
       1719      6.923    15.2558   2.924674     2.0708     2.3468     0.0053  0.1450513  0.000e+00
       1720      6.881    15.2574   2.924624     2.0684     2.3468     0.0053  0.1450513  0.000e+00
       1721      6.947    15.2590   2.924575     2.0708     2.3455     0.0053  0.1450513  0.000e+00
       1722      6.923    15.2605   2.924465     2.0696     2.3455     0.0053  0.1450513  0.000e+00
       1723      7.005    15.2612   2.924569     2.0696     2.3443     0.0053  0.1450513  0.000e+00
       1724      6.947    15.2611   2.924646     2.0708     2.3443     0.0053  0.1450513  0.000e+00
       1725      6.980    15.2598   2.924668     2.0708     2.3431     0.0053  0.1450513  0.000e+00
       1726      7.063    15.2583   2.924839     2.0708     2.3431     0.0053  0.1450513  0.000e+00
       1727      7.046    15.2568   2.924932     2.0708     2.3419     0.0053  0.1450513  0.000e+00
       1728      7.063    15.2553   2.924927     2.0708     2.3419     0.0053  0.1450513  0.000e+00
       1729      7.063    15.2546   2.924877     2.0708     2.3419     0.0053  0.1450513  0.000e+00
       1730      7.104    15.2540   2.924905     2.0708     2.3407     0.0053  0.1450513  0.000e+00
       1731      7.186    15.2544   2.924855     2.0708     2.3407     0.0053  0.1450513  0.000e+00
       1732      7.129    15.2565   2.924839     2.0708     2.3394     0.0053  0.1435861  0.000e+00
       1733      7.162    15.2595   2.924839     2.0708     2.3394     0.0053  0.1421209  0.000e+00
       1734      7.129    15.2619   2.924773     2.0708     2.3382     0.0053  0.1421209  0.000e+00
       1735      7.186    15.2641   2.924888     2.0720     2.3382     0.0053  0.1421209  0.000e+00
       1736      7.227    15.2653   2.924943     2.0720     2.3382     0.0053  0.1421209  0.000e+00
       1737      7.252    15.2665   2.925047     2.0708     2.3370     0.0053  0.1421209  0.000e+00
       1738      7.252    15.2671   2.925168     2.0708     2.3370     0.0053  0.1421209  0.000e+00
       1739      7.285    15.2671   2.925174     2.0720     2.3358     0.0053  0.1421209  0.000e+00
       1740      7.310    15.2669   2.925146     2.0720     2.3358     0.0053  0.1421209  0.000e+00
       1741      7.310    15.2673   2.925058     2.0720     2.3358     0.0053  0.1421209  0.000e+00
       1742      7.351    15.2671   2.925047     2.0720     2.3346     0.0053  0.1421209  0.000e+00
       1743      7.376    15.2673   2.924993     2.0720     2.3346     0.0053  0.1421209  0.000e+00
       1744      7.409    15.2673   2.924894     2.0720     2.3333     0.0053  0.1421209  0.000e+00
       1745      7.376    15.2675   2.924987     2.0720     2.3333     0.0053  0.1421209  0.000e+00
       1746      7.376    15.2683   2.925130     2.0720     2.3333     0.0053  0.1421209  0.000e+00
       1747      7.466    15.2692   2.925196     2.0720     2.3321     0.0053  0.1421209  0.000e+00
       1748      7.433    15.2703   2.925256     2.0720     2.3309     0.0053  0.1421209  0.000e+00
       1749      7.491    15.2712   2.925438     2.0720     2.3309     0.0053  0.1421209  0.000e+00
       1750      7.466    15.2719   2.925509     2.0720     2.3309     0.0053  0.1421209  0.000e+00
       1751      7.557    15.2724   2.925619     2.0720     2.3297     0.0053  0.1421209  0.000e+00
       1752      7.491    15.2730   2.925531     2.0720     2.3297     0.0053  0.1421209  0.000e+00
       1753      7.532    15.2729   2.925531     2.0720     2.3297     0.0053  0.1421209  0.000e+00
       1754      7.615    15.2734   2.925547     2.0720     2.3284     0.0053  0.1416325  0.000e+00
       1755      7.557    15.2735   2.925481     2.0720     2.3284     0.0053  0.1421209  0.000e+00
       1756      7.590    15.2752   2.925481     2.0720     2.3272     0.0053  0.1421209  0.000e+00
       1757      7.615    15.2764   2.925575     2.0720     2.3272     0.0053  0.1426093  0.000e+00
       1758      7.681    15.2778   2.925498     2.0733     2.3260     0.0053  0.1435861  0.000e+00
       1759      7.656    15.2783   2.925503     2.0733     2.3260     0.0053  0.1440745  0.000e+00
       1760      7.681    15.2793   2.925619     2.0733     2.3260     0.0053  0.1440745  0.000e+00
