code/data/2021/ctd_data_day3/station6f_ctm_fil_le.cnv
* Sea-Bird SBE 9 Data File:
* FileName = C:\Users\CTD-User\Desktop\MAR440\day3\station6f.hex
* Software Version Seasave V 7.26.2.13
* Temperature SN = 6313
* Conductivity SN = 4758
* Number of Bytes Per Scan = 37
* Number of Voltage Words = 4
* Number of Scans Averaged by the Deck Unit = 1
* NMEA Latitude = 58 18.97 N
* NMEA Longitude = 011 48.24 E
* NMEA UTC (Time) = Sep 23 2021 10:37:53
* NMEA baud rate = 4800
** Ship: Skagerrak
** Station: station6f
** Operator: Tor
# nquan = 9
# nvalues = 2508                        
# units = specified
# name 0 = scan: Scan Count
# name 1 = prDM: Pressure, Digiquartz [db]
# name 2 = t090C: Temperature [ITS-90, deg C]
# name 3 = c0S/m: Conductivity [S/m]
# name 4 = sbeox0V: Oxygen raw, SBE 43 [V]
# name 5 = sbeox1V: Oxygen raw, SBE 43, 2 [V]
# name 6 = flECO-AFL: Fluorescence, WET Labs ECO-AFL/FL [mg/m^3]
# name 7 = upoly0: Upoly 0, Turbidity
# name 8 = flag:  0.000e+00
# span 0 =          1,       2508       
# span 1 =      0.784,     27.109       
# span 2 =     9.0660,    15.6861       
# span 3 =   2.898495,   3.792571       
# span 4 =     1.0521,     2.7736       
# span 5 =     1.0683,     2.6904       
# span 6 =     0.0035,     0.0218       
# span 7 =  0.0871359,  0.1607957       
# span 8 = 0.0000e+00, 0.0000e+00       
# interval = seconds: 0.0416667
# start_time = Sep 23 2021 10:37:53 [NMEA time, header]
# bad_flag = -9.990e-29
*END*
[from data line 1121]
       1122      0.957    14.7345   2.927067     2.7489     2.6645     0.0181  0.1419300 -9.990e-29
       1123      0.957    14.7345   2.927059     2.7490     2.6645     0.0179  0.1419953 -9.990e-29
       1124      0.958    14.7345   2.927052     2.7490     2.6645     0.0179  0.1420546 -9.990e-29
       1125      0.958    14.7344   2.927046     2.7491     2.6645     0.0179  0.1421083 -9.990e-29
       1126      0.958    14.7344   2.927041     2.7491     2.6645     0.0181  0.1421576 -9.990e-29
       1127      0.959    14.7344   2.927036     2.7492     2.6645     0.0179  0.1422039 -9.990e-29
       1128      0.959    14.7344   2.927033     2.7492     2.6645     0.0181  0.1422473 -9.990e-29
       1129      0.960    14.7344   2.927030     2.7492     2.6645     0.0179  0.1422882 -9.990e-29
       1130      0.960    14.7344   2.927028     2.7493     2.6646     0.0179  0.1423269 -9.990e-29
       1131      0.960    14.7344   2.927028     2.7493     2.6646     0.0179  0.1423636 -9.990e-29
       1132      0.961    14.7344   2.927027     2.7494     2.6646     0.0179  0.1423985 -9.990e-29
       1133      0.961    14.7344   2.927027     2.7494     2.6646     0.0179  0.1424321 -9.990e-29
       1134      0.961    14.7344   2.927028     2.7494     2.6647     0.0179  0.1424635 -9.990e-29
       1135      0.961    14.7344   2.927030     2.7495     2.6647     0.0179  0.1424922 -9.990e-29
       1136      0.962    14.7344   2.927032     2.7495     2.6647     0.0179  0.1425193 -9.990e-29
       1137      0.962    14.7345   2.927035     2.7496     2.6648     0.0179  0.1425458 -9.990e-29
       1138      0.962    14.7345   2.927038     2.7496     2.6648     0.0179  0.1425709 -9.990e-29
       1139      0.962    14.7345   2.927041     2.7497     2.6648     0.0179  0.1425941 -9.990e-29
       1140      0.962    14.7345   2.927044     2.7497     2.6648     0.0179  0.1426163 -9.990e-29
       1141      0.962    14.7346   2.927047     2.7497     2.6648     0.0179  0.1426386 -9.990e-29
       1142      0.963    14.7346   2.927050     2.7498     2.6649     0.0179  0.1426611 -9.990e-29
       1143      0.963    14.7346   2.927054     2.7498     2.6649     0.0178  0.1426831 -9.990e-29
       1144      0.963    14.7347   2.927058     2.7499     2.6649     0.0176  0.1427039 -9.990e-29
       1145      0.964    14.7347   2.927063     2.7499     2.6649     0.0176  0.1427236 -9.990e-29
       1146      0.964    14.7347   2.927067     2.7500     2.6648     0.0176  0.1427425 -9.990e-29
       1147      0.965    14.7348   2.927072     2.7500     2.6648     0.0176  0.1427606 -9.990e-29
       1148      0.966    14.7348   2.927076     2.7501     2.6648     0.0178  0.1427780 -9.990e-29
       1149      0.966    14.7348   2.927081     2.7501     2.6648     0.0178  0.1427958 -9.990e-29
       1150      0.967    14.7348   2.927086     2.7501     2.6648     0.0176  0.1428148 -9.990e-29
       1151      0.967    14.7349   2.927091     2.7502     2.6648     0.0176  0.1428353 -9.990e-29
       1152      0.968    14.7349   2.927097     2.7502     2.6648     0.0178  0.1428574 -9.990e-29
       1153      0.969    14.7349   2.927103     2.7502     2.6648     0.0176  0.1428812 -9.990e-29
       1154      0.970    14.7350   2.927109     2.7503     2.6648     0.0178  0.1429069 -9.990e-29
       1155      0.971    14.7350   2.927115     2.7503     2.6648     0.0176  0.1429346 -9.990e-29
       1156      0.972    14.7351   2.927121     2.7503     2.6648     0.0176  0.1429646 -9.990e-29
       1157      0.972    14.7351   2.927126     2.7504     2.6648     0.0176  0.1429971 -9.990e-29
       1158      0.973    14.7351   2.927131     2.7504     2.6647     0.0176  0.1430315 -9.990e-29
       1159      0.974    14.7351   2.927135     2.7505     2.6647     0.0176  0.1430670 -9.990e-29
       1160      0.975    14.7352   2.927138     2.7505     2.6647     0.0176  0.1431049 -9.990e-29
       1161      0.976    14.7352   2.927142     2.7505     2.6647     0.0176  0.1431463 -9.990e-29
       1162      0.976    14.7352   2.927145     2.7506     2.6647     0.0176  0.1431914 -9.990e-29
       1163      0.977    14.7353   2.927148     2.7506     2.6647     0.0176  0.1432405 -9.990e-29
       1164      0.977    14.7353   2.927152     2.7507     2.6647     0.0176  0.1432941 -9.990e-29
       1165      0.978    14.7353   2.927155     2.7507     2.6647     0.0178  0.1433523 -9.990e-29
       1166      0.978    14.7354   2.927159     2.7507     2.6647     0.0176  0.1434150 -9.990e-29
       1167      0.978    14.7354   2.927164     2.7507     2.6647     0.0178  0.1434815 -9.990e-29
       1168      0.978    14.7355   2.927170     2.7508     2.6647     0.0178  0.1435524 -9.990e-29
       1169      0.978    14.7355   2.927176     2.7508     2.6647     0.0176  0.1436256 -9.990e-29
       1170      0.978    14.7356   2.927183     2.7508     2.6648     0.0176  0.1436965 -9.990e-29
       1171      0.977    14.7357   2.927192     2.7508     2.6648     0.0176  0.1437622 -9.990e-29
       1172      0.976    14.7358   2.927202     2.7509     2.6648     0.0176  0.1438224 -9.990e-29
       1173      0.976    14.7359   2.927213     2.7509     2.6649     0.0176  0.1438774 -9.990e-29
       1174      0.975    14.7360   2.927226     2.7509     2.6649     0.0176  0.1439277 -9.990e-29
       1175      0.974    14.7361   2.927241     2.7510     2.6649     0.0176  0.1439736 -9.990e-29
       1176      0.973    14.7363   2.927258     2.7510     2.6650     0.0176  0.1440153 -9.990e-29
       1177      0.972    14.7364   2.927276     2.7510     2.6650     0.0176  0.1440532 -9.990e-29
       1178      0.971    14.7366   2.927296     2.7510     2.6650     0.0178  0.1440876 -9.990e-29
       1179      0.970    14.7367   2.927315     2.7511     2.6651     0.0176  0.1441187 -9.990e-29
       1180      0.969    14.7368   2.927332     2.7511     2.6651     0.0176  0.1441467 -9.990e-29
       1181      0.968    14.7369   2.927347     2.7511     2.6651     0.0176  0.1441718 -9.990e-29
       1182      0.967    14.7370   2.927360     2.7511     2.6652     0.0178  0.1441950 -9.990e-29
       1183      0.966    14.7371   2.927371     2.7512     2.6652     0.0176  0.1442173 -9.990e-29
       1184      0.966    14.7371   2.927378     2.7512     2.6652     0.0176  0.1442382 -9.990e-29
       1185      0.966    14.7371   2.927383     2.7512     2.6652     0.0176  0.1442576 -9.990e-29
       1186      0.965    14.7371   2.927386     2.7513     2.6653     0.0176  0.1442765 -9.990e-29
       1187      0.965    14.7371   2.927386     2.7513     2.6653     0.0176  0.1442944 -9.990e-29
       1188      0.966    14.7371   2.927384     2.7514     2.6653     0.0176  0.1443103 -9.990e-29
       1189      0.966    14.7370   2.927381     2.7514     2.6653     0.0176  0.1443245 -9.990e-29
       1190      0.966    14.7370   2.927376     2.7514     2.6653     0.0176  0.1443371 -9.990e-29
       1191      0.967    14.7370   2.927371     2.7515     2.6653     0.0176  0.1443480 -9.990e-29
       1192      0.968    14.7369   2.927366     2.7515     2.6653     0.0178  0.1443575 -9.990e-29
       1193      0.969    14.7369   2.927360     2.7516     2.6653     0.0176  0.1443656 -9.990e-29
       1194      0.970    14.7369   2.927355     2.7516     2.6653     0.0181  0.1443723 -9.990e-29
       1195      0.971    14.7368   2.927350     2.7516     2.6653     0.0183  0.1443776 -9.990e-29
       1196      0.972    14.7368   2.927345     2.7517     2.6653     0.0183  0.1443817 -9.990e-29
       1197      0.974    14.7368   2.927340     2.7517     2.6653     0.0185  0.1443845 -9.990e-29
       1198      0.975    14.7368   2.927334     2.7517     2.6653     0.0183  0.1443860 -9.990e-29
       1199      0.976    14.7367   2.927329     2.7517     2.6653     0.0183  0.1443864 -9.990e-29
       1200      0.976    14.7367   2.927324     2.7518     2.6653     0.0185  0.1443855 -9.990e-29
       1201      0.977    14.7367   2.927319     2.7518     2.6653     0.0183  0.1443834 -9.990e-29
       1202      0.977    14.7367   2.927314     2.7518     2.6653     0.0183  0.1443800 -9.990e-29
       1203      0.978    14.7366   2.927308     2.7518     2.6653     0.0183  0.1443753 -9.990e-29
       1204      0.978    14.7366   2.927303     2.7519     2.6653     0.0183  0.1443694 -9.990e-29
       1205      0.978    14.7366   2.927298     2.7519     2.6653     0.0185  0.1443621 -9.990e-29
       1206      0.978    14.7365   2.927293     2.7519     2.6653     0.0183  0.1443534 -9.990e-29
       1207      0.978    14.7365   2.927287     2.7520     2.6653     0.0183  0.1443432 -9.990e-29
       1208      0.977    14.7365   2.927282     2.7520     2.6653     0.0183  0.1443315 -9.990e-29
       1209      0.977    14.7365   2.927278     2.7520     2.6653     0.0185  0.1443182 -9.990e-29
       1210      0.976    14.7364   2.927274     2.7521     2.6653     0.0183  0.1443032 -9.990e-29
       1211      0.975    14.7364   2.927271     2.7521     2.6653     0.0185  0.1442864 -9.990e-29
       1212      0.975    14.7364   2.927269     2.7522     2.6653     0.0183  0.1442677 -9.990e-29
       1213      0.975    14.7364   2.927267     2.7522     2.6653     0.0183  0.1442469 -9.990e-29
       1214      0.975    14.7364   2.927267     2.7523     2.6653     0.0183  0.1442239 -9.990e-29
       1215      0.975    14.7364   2.927267     2.7523     2.6653     0.0183  0.1441986 -9.990e-29
       1216      0.975    14.7365   2.927268     2.7524     2.6653     0.0183  0.1441707 -9.990e-29
       1217      0.975    14.7365   2.927270     2.7525     2.6653     0.0183  0.1441401 -9.990e-29
       1218      0.975    14.7365   2.927272     2.7525     2.6654     0.0183  0.1441066 -9.990e-29
       1219      0.975    14.7365   2.927276     2.7526     2.6654     0.0183  0.1440699 -9.990e-29
       1220      0.975    14.7365   2.927279     2.7527     2.6654     0.0179  0.1440306 -9.990e-29
       1221      0.976    14.7366   2.927281     2.7527     2.6654     0.0178  0.1439902 -9.990e-29
       1222      0.976    14.7366   2.927283     2.7528     2.6654     0.0178  0.1439491 -9.990e-29
       1223      0.977    14.7366   2.927284     2.7529     2.6654     0.0178  0.1439072 -9.990e-29
       1224      0.978    14.7366   2.927284     2.7529     2.6654     0.0178  0.1438641 -9.990e-29
       1225      0.979    14.7366   2.927283     2.7530     2.6654     0.0178  0.1438196 -9.990e-29
       1226      0.980    14.7366   2.927282     2.7531     2.6654     0.0178  0.1437733 -9.990e-29
       1227      0.981    14.7366   2.927280     2.7531     2.6654     0.0178  0.1437249 -9.990e-29
       1228      0.982    14.7365   2.927277     2.7532     2.6655     0.0178  0.1436749 -9.990e-29
       1229      0.983    14.7365   2.927273     2.7532     2.6655     0.0178  0.1436238 -9.990e-29
       1230      0.984    14.7365   2.927268     2.7533     2.6655     0.0179  0.1435705 -9.990e-29
       1231      0.986    14.7365   2.927262     2.7533     2.6654     0.0178  0.1435136 -9.990e-29
       1232      0.988    14.7364   2.927255     2.7534     2.6654     0.0178  0.1434529 -9.990e-29
       1233      0.990    14.7364   2.927247     2.7534     2.6654     0.0178  0.1433878 -9.990e-29
       1234      0.993    14.7364   2.927239     2.7534     2.6654     0.0178  0.1433179 -9.990e-29
       1235      0.995    14.7363   2.927231     2.7534     2.6654     0.0178  0.1432428 -9.990e-29
       1236      0.999    14.7363   2.927223     2.7534     2.6654     0.0178  0.1431619 -9.990e-29
       1237      1.002    14.7363   2.927216     2.7534     2.6653     0.0178  0.1430746 -9.990e-29
       1238      1.006    14.7363   2.927209     2.7533     2.6653     0.0178  0.1429804 -9.990e-29
       1239      1.010    14.7363   2.927203     2.7533     2.6653     0.0178  0.1428786 -9.990e-29
       1240      1.015    14.7363   2.927198     2.7533     2.6652     0.0178  0.1427684 -9.990e-29
       1241      1.020    14.7362   2.927193     2.7532     2.6652     0.0178  0.1426492 -9.990e-29
       1242      1.025    14.7362   2.927189     2.7532     2.6651     0.0178  0.1425201 -9.990e-29
       1243      1.030    14.7362   2.927185     2.7531     2.6651     0.0178  0.1423801 -9.990e-29
       1244      1.036    14.7362   2.927182     2.7531     2.6651     0.0178  0.1422283 -9.990e-29
       1245      1.041    14.7362   2.927178     2.7531     2.6650     0.0179  0.1420680 -9.990e-29
       1246      1.048    14.7362   2.927176     2.7530     2.6650     0.0178  0.1419090 -9.990e-29
       1247      1.054    14.7362   2.927173     2.7530     2.6650     0.0178  0.1417604 -9.990e-29
       1248      1.061    14.7362   2.927172     2.7529     2.6649     0.0178  0.1416246 -9.990e-29
       1249      1.067    14.7362   2.927170     2.7529     2.6649     0.0178  0.1414997 -9.990e-29
       1250      1.075    14.7362   2.927169     2.7528     2.6649     0.0178  0.1413842 -9.990e-29
       1251      1.082    14.7361   2.927169     2.7528     2.6649     0.0178  0.1412771 -9.990e-29
       1252      1.091    14.7361   2.927169     2.7527     2.6648     0.0178  0.1411777 -9.990e-29
       1253      1.100    14.7361   2.927170     2.7527     2.6648     0.0178  0.1410854 -9.990e-29
       1254      1.109    14.7361   2.927172     2.7526     2.6648     0.0178  0.1409994 -9.990e-29
       1255      1.120    14.7361   2.927173     2.7526     2.6648     0.0178  0.1409193 -9.990e-29
       1256      1.130    14.7361   2.927175     2.7525     2.6648     0.0178  0.1408443 -9.990e-29
       1257      1.141    14.7361   2.927176     2.7525     2.6648     0.0178  0.1407741 0.0000e+00
       1258      1.153    14.7361   2.927177     2.7525     2.6648     0.0178  0.1407081 0.0000e+00
       1259      1.165    14.7361   2.927177     2.7524     2.6648     0.0178  0.1406458 0.0000e+00
       1260      1.178    14.7361   2.927177     2.7524     2.6648     0.0178  0.1405869 0.0000e+00
       1261      1.191    14.7361   2.927176     2.7524     2.6648     0.0178  0.1405309 0.0000e+00
       1262      1.205    14.7361   2.927175     2.7524     2.6648     0.0178  0.1404774 0.0000e+00
       1263      1.219    14.7361   2.927174     2.7523     2.6648     0.0178  0.1404261 0.0000e+00
       1264      1.234    14.7361   2.927173     2.7523     2.6648     0.0178  0.1403766 0.0000e+00
       1265      1.249    14.7361   2.927173     2.7523     2.6648     0.0178  0.1403286 0.0000e+00
       1266      1.265    14.7361   2.927172     2.7523     2.6647     0.0178  0.1402816 0.0000e+00
       1267      1.281    14.7361   2.927171     2.7523     2.6647     0.0178  0.1402355 0.0000e+00
       1268      1.298    14.7361   2.927170     2.7523     2.6647     0.0178  0.1401907 0.0000e+00
       1269      1.314    14.7360   2.927169     2.7523     2.6647     0.0178  0.1401477 0.0000e+00
       1270      1.331    14.7360   2.927167     2.7523     2.6646     0.0178  0.1401063 0.0000e+00
       1271      1.349    14.7360   2.927165     2.7523     2.6646     0.0178  0.1400688 0.0000e+00
       1272      1.367    14.7360   2.927162     2.7523     2.6645     0.0178  0.1400390 0.0000e+00
       1273      1.385    14.7360   2.927158     2.7523     2.6645     0.0178  0.1400186 0.0000e+00
       1274      1.403    14.7359   2.927154     2.7523     2.6644     0.0179  0.1400073 0.0000e+00
       1275      1.422    14.7359   2.927149     2.7523     2.6644     0.0178  0.1400050 0.0000e+00
       1276      1.441    14.7359   2.927143     2.7523     2.6644     0.0178  0.1400119 0.0000e+00
       1277      1.460    14.7358   2.927137     2.7523     2.6643     0.0178  0.1400279 0.0000e+00
       1278      1.479    14.7358   2.927131     2.7524     2.6643     0.0178  0.1400530 0.0000e+00
       1279      1.498    14.7358   2.927123     2.7524     2.6642     0.0178  0.1400876 0.0000e+00
       1280      1.518    14.7357   2.927116     2.7524     2.6642     0.0178  0.1401318 0.0000e+00
