code/data/2021/ctd_data_day3/station4d_ctm_fil_le.cnv
* Sea-Bird SBE 9 Data File:
* FileName = C:\Users\CTD-User\Desktop\MAR440\day3\station4d.hex
* Software Version Seasave V 7.26.2.13
* Temperature SN = 6313
* Conductivity SN = 4758
* Number of Bytes Per Scan = 37
* Number of Voltage Words = 4
* Number of Scans Averaged by the Deck Unit = 1
* NMEA Latitude = 58 19.57 N
* NMEA Longitude = 011 50.76 E
* NMEA UTC (Time) = Sep 23 2021 09:22:13
* NMEA baud rate = 4800
** Ship: Skagerrak
** Station: station4D
** Operator: Nicolas
# nquan = 9
# nvalues = 1887                        
# units = specified
# name 0 = scan: Scan Count
# name 1 = prDM: Pressure, Digiquartz [db]
# name 2 = t090C: Temperature [ITS-90, deg C]
# name 3 = c0S/m: Conductivity [S/m]
# name 4 = sbeox0V: Oxygen raw, SBE 43 [V]
# name 5 = sbeox1V: Oxygen raw, SBE 43, 2 [V]
# name 6 = flECO-AFL: Fluorescence, WET Labs ECO-AFL/FL [mg/m^3]
# name 7 = upoly0: Upoly 0, Turbidity
# name 8 = flag:  0.000e+00
# span 0 =          1,       1887       
# span 1 =      0.696,     12.878       
# span 2 =    13.8821,    15.7615       
# span 3 =   2.926252,   3.389260       
# span 4 =     1.6696,     2.7385       
# span 5 =     1.6682,     2.6416       
# span 6 =     0.0037,     0.0101       
# span 7 =  0.0900140,  0.1579594       
# span 8 = 0.0000e+00, 0.0000e+00       
# interval = seconds: 0.0416667
# start_time = Sep 23 2021 09:22:13 [NMEA time, header]
# bad_flag = -9.990e-29
*END*
[from data line 1121]
       1122      1.010    15.0596   2.966761     2.7296     2.6368     0.0062  0.1473762 -9.990e-29
       1123      1.010    15.0596   2.966766     2.7296     2.6366     0.0062  0.1473102 -9.990e-29
       1124      1.010    15.0597   2.966773     2.7296     2.6365     0.0062  0.1472395 -9.990e-29
       1125      1.009    15.0597   2.966780     2.7295     2.6364     0.0062  0.1471636 -9.990e-29
       1126      1.009    15.0597   2.966788     2.7295     2.6362     0.0062  0.1470820 -9.990e-29
       1127      1.009    15.0597   2.966795     2.7295     2.6361     0.0062  0.1469941 -9.990e-29
       1128      1.009    15.0597   2.966803     2.7295     2.6360     0.0062  0.1468994 -9.990e-29
       1129      1.009    15.0597   2.966812     2.7294     2.6358     0.0062  0.1467980 -9.990e-29
       1130      1.009    15.0597   2.966822     2.7294     2.6357     0.0064  0.1466943 -9.990e-29
       1131      1.010    15.0597   2.966834     2.7294     2.6356     0.0062  0.1465970 -9.990e-29
       1132      1.011    15.0596   2.966845     2.7294     2.6355     0.0062  0.1465121 -9.990e-29
       1133      1.012    15.0595   2.966855     2.7294     2.6353     0.0064  0.1464399 -9.990e-29
       1134      1.013    15.0594   2.966866     2.7294     2.6352     0.0064  0.1463782 -9.990e-29
       1135      1.015    15.0595   2.966875     2.7294     2.6351     0.0064  0.1463257 -9.990e-29
       1136      1.016    15.0596   2.966884     2.7293     2.6350     0.0064  0.1462822 -9.990e-29
       1137      1.019    15.0597   2.966892     2.7293     2.6348     0.0064  0.1462471 -9.990e-29
       1138      1.021    15.0597   2.966895     2.7293     2.6347     0.0064  0.1462204 -9.990e-29
       1139      1.024    15.0597   2.966893     2.7293     2.6346     0.0064  0.1462019 -9.990e-29
       1140      1.027    15.0595   2.966885     2.7293     2.6345     0.0064  0.1461913 -9.990e-29
       1141      1.030    15.0593   2.966870     2.7293     2.6344     0.0064  0.1461887 -9.990e-29
       1142      1.034    15.0590   2.966848     2.7293     2.6343     0.0064  0.1461939 -9.990e-29
       1143      1.037    15.0586   2.966819     2.7292     2.6342     0.0064  0.1462072 -9.990e-29
       1144      1.041    15.0581   2.966783     2.7292     2.6341     0.0064  0.1462284 -9.990e-29
       1145      1.046    15.0576   2.966740     2.7292     2.6340     0.0064  0.1462579 -9.990e-29
       1146      1.050    15.0570   2.966693     2.7292     2.6339     0.0064  0.1462957 -9.990e-29
       1147      1.054    15.0564   2.966642     2.7293     2.6338     0.0064  0.1463431 -9.990e-29
       1148      1.059    15.0558   2.966588     2.7293     2.6337     0.0064  0.1464011 -9.990e-29
       1149      1.064    15.0551   2.966531     2.7293     2.6336     0.0064  0.1464694 -9.990e-29
       1150      1.068    15.0545   2.966472     2.7293     2.6335     0.0064  0.1465476 -9.990e-29
       1151      1.073    15.0538   2.966411     2.7293     2.6334     0.0064  0.1466361 -9.990e-29
       1152      1.078    15.0532   2.966351     2.7293     2.6333     0.0064  0.1467357 -9.990e-29
       1153      1.084    15.0527   2.966291     2.7293     2.6332     0.0064  0.1468470 -9.990e-29
       1154      1.089    15.0523   2.966233     2.7293     2.6331     0.0064  0.1469708 -9.990e-29
       1155      1.095    15.0519   2.966176     2.7293     2.6331     0.0062  0.1471045 -9.990e-29
       1156      1.101    15.0515   2.966122     2.7293     2.6330     0.0062  0.1472390 -9.990e-29
       1157      1.108    15.0511   2.966069     2.7293     2.6329     0.0062  0.1473648 -9.990e-29
       1158      1.115    15.0506   2.966016     2.7293     2.6328     0.0062  0.1474796 -9.990e-29
       1159      1.122    15.0501   2.965963     2.7294     2.6327     0.0062  0.1475841 -9.990e-29
       1160      1.131    15.0497   2.965911     2.7294     2.6326     0.0062  0.1476791 -9.990e-29
       1161      1.139    15.0492   2.965858     2.7294     2.6326     0.0062  0.1477651 -9.990e-29
       1162      1.148    15.0486   2.965804     2.7295     2.6325     0.0062  0.1478428 -9.990e-29
       1163      1.157    15.0481   2.965750     2.7295     2.6324     0.0062  0.1479128 -9.990e-29
       1164      1.167    15.0475   2.965696     2.7295     2.6324     0.0062  0.1479755 -9.990e-29
       1165      1.177    15.0469   2.965642     2.7296     2.6323     0.0062  0.1480314 -9.990e-29
       1166      1.188    15.0462   2.965587     2.7296     2.6322     0.0062  0.1480808 0.0000e+00
       1167      1.200    15.0456   2.965530     2.7296     2.6322     0.0062  0.1481241 0.0000e+00
       1168      1.212    15.0449   2.965472     2.7297     2.6321     0.0062  0.1481616 0.0000e+00
       1169      1.225    15.0441   2.965413     2.7297     2.6321     0.0062  0.1481944 0.0000e+00
       1170      1.238    15.0433   2.965352     2.7297     2.6320     0.0062  0.1482236 0.0000e+00
       1171      1.252    15.0425   2.965290     2.7297     2.6320     0.0062  0.1482485 0.0000e+00
       1172      1.267    15.0416   2.965227     2.7298     2.6320     0.0062  0.1482685 0.0000e+00
       1173      1.282    15.0407   2.965164     2.7298     2.6319     0.0060  0.1482837 0.0000e+00
       1174      1.298    15.0397   2.965100     2.7298     2.6319     0.0062  0.1482942 0.0000e+00
       1175      1.315    15.0386   2.965034     2.7298     2.6318     0.0062  0.1483000 0.0000e+00
       1176      1.332    15.0379   2.964970     2.7297     2.6318     0.0062  0.1483013 0.0000e+00
       1177      1.349    15.0378   2.964905     2.7297     2.6317     0.0062  0.1482980 0.0000e+00
       1178      1.367    15.0380   2.964839     2.7297     2.6317     0.0062  0.1482901 0.0000e+00
       1179      1.384    15.0380   2.964766     2.7296     2.6316     0.0062  0.1482776 0.0000e+00
       1180      1.402    15.0380   2.964687     2.7296     2.6316     0.0062  0.1482612 0.0000e+00
       1181      1.421    15.0378   2.964597     2.7296     2.6315     0.0066  0.1482433 0.0000e+00
       1182      1.439    15.0376   2.964497     2.7296     2.6315     0.0068  0.1482273 0.0000e+00
       1183      1.458    15.0371   2.964386     2.7296     2.6314     0.0068  0.1482155 0.0000e+00
       1184      1.478    15.0366   2.964261     2.7295     2.6314     0.0068  0.1482087 0.0000e+00
       1185      1.497    15.0359   2.964119     2.7295     2.6314     0.0068  0.1482069 0.0000e+00
       1186      1.517    15.0350   2.963960     2.7295     2.6313     0.0068  0.1482101 0.0000e+00
       1187      1.536    15.0340   2.963781     2.7294     2.6313     0.0068  0.1482183 0.0000e+00
       1188      1.556    15.0328   2.963585     2.7294     2.6313     0.0068  0.1482315 0.0000e+00
       1189      1.576    15.0315   2.963372     2.7293     2.6312     0.0068  0.1482498 0.0000e+00
       1190      1.596    15.0301   2.963149     2.7293     2.6312     0.0068  0.1482734 0.0000e+00
       1191      1.616    15.0287   2.962921     2.7293     2.6312     0.0068  0.1483024 0.0000e+00
       1192      1.637    15.0273   2.962696     2.7292     2.6311     0.0068  0.1483371 0.0000e+00
       1193      1.657    15.0260   2.962477     2.7292     2.6311     0.0068  0.1483776 0.0000e+00
       1194      1.678    15.0247   2.962266     2.7291     2.6310     0.0068  0.1484243 0.0000e+00
       1195      1.698    15.0235   2.962064     2.7291     2.6310     0.0068  0.1484775 0.0000e+00
       1196      1.719    15.0223   2.961871     2.7290     2.6310     0.0068  0.1485375 0.0000e+00
       1197      1.740    15.0211   2.961681     2.7290     2.6309     0.0068  0.1486047 0.0000e+00
       1198      1.761    15.0197   2.961487     2.7289     2.6309     0.0068  0.1486797 0.0000e+00
       1199      1.783    15.0182   2.961283     2.7289     2.6308     0.0068  0.1487638 0.0000e+00
       1200      1.804    15.0166   2.961065     2.7288     2.6308     0.0066  0.1488585 0.0000e+00
       1201      1.825    15.0149   2.960835     2.7287     2.6307     0.0068  0.1489635 0.0000e+00
       1202      1.846    15.0131   2.960597     2.7287     2.6306     0.0068  0.1490787 0.0000e+00
       1203      1.868    15.0114   2.960358     2.7286     2.6306     0.0068  0.1492049 0.0000e+00
       1204      1.889    15.0097   2.960123     2.7286     2.6305     0.0068  0.1493431 0.0000e+00
       1205      1.910    15.0081   2.959892     2.7286     2.6304     0.0068  0.1494941 0.0000e+00
       1206      1.931    15.0064   2.959665     2.7286     2.6303     0.0070  0.1496547 0.0000e+00
       1207      1.953    15.0048   2.959440     2.7285     2.6303     0.0073  0.1498143 0.0000e+00
       1208      1.974    15.0032   2.959219     2.7285     2.6302     0.0073  0.1499629 0.0000e+00
       1209      1.996    15.0017   2.959003     2.7284     2.6300     0.0073  0.1500972 0.0000e+00
       1210      2.017    15.0002   2.958794     2.7284     2.6299     0.0073  0.1502165 0.0000e+00
       1211      2.039    14.9989   2.958596     2.7284     2.6298     0.0073  0.1503207 0.0000e+00
       1212      2.060    14.9976   2.958409     2.7283     2.6297     0.0071  0.1504115 0.0000e+00
       1213      2.082    14.9963   2.958235     2.7283     2.6296     0.0073  0.1504904 0.0000e+00
       1214      2.103    14.9951   2.958074     2.7282     2.6295     0.0073  0.1505569 0.0000e+00
       1215      2.125    14.9940   2.957926     2.7282     2.6294     0.0073  0.1506116 0.0000e+00
       1216      2.146    14.9930   2.957792     2.7282     2.6293     0.0073  0.1506558 0.0000e+00
       1217      2.168    14.9921   2.957670     2.7281     2.6292     0.0073  0.1506888 0.0000e+00
       1218      2.189    14.9913   2.957560     2.7281     2.6291     0.0073  0.1507101 0.0000e+00
       1219      2.211    14.9906   2.957461     2.7281     2.6290     0.0073  0.1507197 0.0000e+00
       1220      2.233    14.9899   2.957374     2.7281     2.6289     0.0073  0.1507179 0.0000e+00
       1221      2.254    14.9894   2.957299     2.7280     2.6288     0.0073  0.1507053 0.0000e+00
       1222      2.276    14.9889   2.957233     2.7280     2.6287     0.0073  0.1506828 0.0000e+00
       1223      2.297    14.9886   2.957178     2.7280     2.6287     0.0073  0.1506494 0.0000e+00
       1224      2.318    14.9883   2.957132     2.7279     2.6286     0.0073  0.1506048 0.0000e+00
       1225      2.340    14.9881   2.957096     2.7279     2.6285     0.0073  0.1505505 0.0000e+00
       1226      2.361    14.9879   2.957071     2.7279     2.6285     0.0073  0.1504859 0.0000e+00
       1227      2.382    14.9879   2.957058     2.7279     2.6284     0.0073  0.1504091 0.0000e+00
       1228      2.404    14.9879   2.957054     2.7279     2.6284     0.0073  0.1503186 0.0000e+00
       1229      2.425    14.9880   2.957061     2.7278     2.6283     0.0073  0.1502137 0.0000e+00
       1230      2.447    14.9882   2.957077     2.7278     2.6283     0.0073  0.1500938 0.0000e+00
       1231      2.468    14.9885   2.957105     2.7278     2.6282     0.0073  0.1499597 0.0000e+00
       1232      2.490    14.9888   2.957143     2.7278     2.6282     0.0071  0.1498181 0.0000e+00
       1233      2.512    14.9892   2.957193     2.7277     2.6282     0.0071  0.1496800 0.0000e+00
       1234      2.533    14.9898   2.957254     2.7277     2.6282     0.0071  0.1495520 0.0000e+00
       1235      2.555    14.9904   2.957326     2.7277     2.6282     0.0071  0.1494349 0.0000e+00
       1236      2.576    14.9911   2.957410     2.7277     2.6281     0.0071  0.1493279 0.0000e+00
       1237      2.598    14.9919   2.957506     2.7277     2.6281     0.0071  0.1492303 0.0000e+00
       1238      2.619    14.9928   2.957617     2.7277     2.6281     0.0071  0.1491414 0.0000e+00
       1239      2.641    14.9938   2.957742     2.7277     2.6281     0.0071  0.1490605 0.0000e+00
       1240      2.662    14.9949   2.957881     2.7277     2.6281     0.0071  0.1489871 0.0000e+00
       1241      2.684    14.9961   2.958032     2.7278     2.6281     0.0071  0.1489208 0.0000e+00
       1242      2.705    14.9974   2.958193     2.7278     2.6281     0.0071  0.1488609 0.0000e+00
       1243      2.727    14.9987   2.958363     2.7278     2.6282     0.0071  0.1488072 0.0000e+00
       1244      2.749    15.0001   2.958540     2.7278     2.6282     0.0071  0.1487592 0.0000e+00
       1245      2.770    15.0016   2.958728     2.7278     2.6282     0.0071  0.1487166 0.0000e+00
       1246      2.792    15.0032   2.958929     2.7279     2.6282     0.0071  0.1486792 0.0000e+00
       1247      2.814    15.0049   2.959148     2.7279     2.6283     0.0071  0.1486466 0.0000e+00
       1248      2.835    15.0069   2.959385     2.7280     2.6283     0.0071  0.1486186 0.0000e+00
       1249      2.857    15.0089   2.959642     2.7280     2.6283     0.0071  0.1485950 0.0000e+00
       1250      2.879    15.0108   2.959912     2.7281     2.6284     0.0071  0.1485758 0.0000e+00
       1251      2.900    15.0128   2.960189     2.7282     2.6284     0.0071  0.1485606 0.0000e+00
       1252      2.922    15.0147   2.960467     2.7283     2.6285     0.0071  0.1485495 0.0000e+00
       1253      2.944    15.0165   2.960745     2.7283     2.6285     0.0071  0.1485423 0.0000e+00
       1254      2.966    15.0183   2.961022     2.7284     2.6286     0.0071  0.1485390 0.0000e+00
       1255      2.988    15.0201   2.961296     2.7285     2.6287     0.0071  0.1485396 0.0000e+00
       1256      3.010    15.0217   2.961566     2.7287     2.6288     0.0071  0.1485441 0.0000e+00
       1257      3.031    15.0233   2.961830     2.7288     2.6288     0.0071  0.1485517 0.0000e+00
       1258      3.053    15.0248   2.962087     2.7290     2.6289     0.0071  0.1485598 0.0000e+00
       1259      3.075    15.0262   2.962336     2.7291     2.6290     0.0071  0.1485660 0.0000e+00
       1260      3.097    15.0275   2.962576     2.7292     2.6291     0.0071  0.1485694 0.0000e+00
       1261      3.119    15.0288   2.962806     2.7294     2.6292     0.0071  0.1485702 0.0000e+00
       1262      3.140    15.0299   2.963028     2.7296     2.6293     0.0071  0.1485682 0.0000e+00
       1263      3.162    15.0311   2.963241     2.7297     2.6294     0.0071  0.1485636 0.0000e+00
       1264      3.184    15.0327   2.963447     2.7299     2.6295     0.0071  0.1485562 0.0000e+00
       1265      3.206    15.0345   2.963648     2.7300     2.6296     0.0071  0.1485460 0.0000e+00
       1266      3.228    15.0361   2.963843     2.7302     2.6297     0.0071  0.1485329 0.0000e+00
       1267      3.250    15.0377   2.964031     2.7303     2.6298     0.0071  0.1485168 0.0000e+00
       1268      3.272    15.0392   2.964211     2.7305     2.6299     0.0071  0.1484977 0.0000e+00
       1269      3.294    15.0406   2.964382     2.7307     2.6300     0.0071  0.1484754 0.0000e+00
       1270      3.316    15.0419   2.964545     2.7309     2.6301     0.0071  0.1484497 0.0000e+00
       1271      3.338    15.0432   2.964702     2.7311     2.6302     0.0071  0.1484205 0.0000e+00
       1272      3.360    15.0444   2.964853     2.7313     2.6303     0.0071  0.1483876 0.0000e+00
       1273      3.382    15.0455   2.964999     2.7316     2.6305     0.0071  0.1483506 0.0000e+00
       1274      3.404    15.0467   2.965140     2.7318     2.6306     0.0071  0.1483095 0.0000e+00
       1275      3.426    15.0477   2.965274     2.7320     2.6307     0.0071  0.1482638 0.0000e+00
       1276      3.448    15.0487   2.965401     2.7322     2.6308     0.0071  0.1482133 0.0000e+00
       1277      3.470    15.0496   2.965518     2.7324     2.6310     0.0071  0.1481576 0.0000e+00
       1278      3.492    15.0504   2.965627     2.7326     2.6311     0.0071  0.1480963 0.0000e+00
       1279      3.514    15.0512   2.965727     2.7328     2.6312     0.0071  0.1480299 0.0000e+00
       1280      3.536    15.0519   2.965819     2.7330     2.6314     0.0071  0.1479587 0.0000e+00
