code/data/2021/ctd_data_day3/station1a_ctm_fil.cnv
* Sea-Bird SBE 9 Data File:
* FileName = C:\Users\CTD-User\Desktop\MAR440\day3\station1a.hex
* Software Version Seasave V 7.26.2.13
* Temperature SN = 6313
* Conductivity SN = 4758
* Number of Bytes Per Scan = 37
* Number of Voltage Words = 4
* Number of Scans Averaged by the Deck Unit = 1
* NMEA Latitude = 58 20.46 N
* NMEA Longitude = 011 53.94 E
* NMEA UTC (Time) = Sep 23 2021 08:23:54
* NMEA baud rate = 4800
** Ship: Skagerrak
** Station: station1a
** Operator: Jess
# nquan = 9
# nvalues = 3026                        
# units = specified
# name 0 = scan: Scan Count
# name 1 = prDM: Pressure, Digiquartz [db]
# name 2 = t090C: Temperature [ITS-90, deg C]
# name 3 = c0S/m: Conductivity [S/m]
# name 4 = sbeox0V: Oxygen raw, SBE 43 [V]
# name 5 = sbeox1V: Oxygen raw, SBE 43, 2 [V]
# name 6 = flECO-AFL: Fluorescence, WET Labs ECO-AFL/FL [mg/m^3]
# name 7 = upoly0: Upoly 0, Turbidity
# name 8 = flag:  0.000e+00
# span 0 =          1,       3026       
# span 1 =      1.183,     33.673       
# span 2 =     7.9775,    15.5437       
# span 3 =   2.740292,   3.455395       
# span 4 =     0.4944,     2.8603       
# span 5 =     0.5538,     2.7362       
# span 6 =     0.0035,     0.0152       
# span 7 =  0.0886323,  0.2314865       
# span 8 = 0.0000e+00, 0.0000e+00       
# interval = seconds: 0.0416667
# start_time = Sep 23 2021 08:23:54 [NMEA time, header]
# bad_flag = -9.990e-29
*END*
[from data line 641]
        642      2.748    14.8274   2.872010     2.7607     2.6889     0.0057  0.2190502 0.0000e+00
        643      2.741    14.8273   2.871973     2.7620     2.6897     0.0059  0.2193618 0.0000e+00
        644      2.735    14.8272   2.871932     2.7634     2.6905     0.0059  0.2196926 0.0000e+00
        645      2.728    14.8270   2.871885     2.7647     2.6912     0.0059  0.2200423 0.0000e+00
        646      2.721    14.8269   2.871832     2.7660     2.6919     0.0059  0.2204126 0.0000e+00
        647      2.714    14.8267   2.871775     2.7673     2.6926     0.0059  0.2207958 0.0000e+00
        648      2.708    14.8266   2.871712     2.7686     2.6933     0.0059  0.2211691 0.0000e+00
        649      2.701    14.8264   2.871645     2.7698     2.6940     0.0059  0.2215139 0.0000e+00
        650      2.694    14.8262   2.871575     2.7710     2.6946     0.0059  0.2218274 0.0000e+00
        651      2.688    14.8260   2.871500     2.7722     2.6953     0.0059  0.2221136 0.0000e+00
        652      2.681    14.8258   2.871421     2.7734     2.6959     0.0059  0.2223752 0.0000e+00
        653      2.675    14.8255   2.871332     2.7746     2.6965     0.0059  0.2226142 0.0000e+00
        654      2.669    14.8252   2.871231     2.7757     2.6971     0.0059  0.2228321 0.0000e+00
        655      2.662    14.8247   2.871113     2.7768     2.6976     0.0059  0.2230306 0.0000e+00
        656      2.656    14.8242   2.870978     2.7779     2.6982     0.0059  0.2232108 0.0000e+00
        657      2.650    14.8237   2.870831     2.7790     2.6987     0.0059  0.2233742 0.0000e+00
        658      2.644    14.8231   2.870673     2.7800     2.6993     0.0059  0.2235219 0.0000e+00
        659      2.638    14.8226   2.870512     2.7810     2.6998     0.0059  0.2236549 0.0000e+00
        660      2.632    14.8220   2.870350     2.7820     2.7003     0.0059  0.2237740 0.0000e+00
        661      2.626    14.8215   2.870190     2.7830     2.7007     0.0059  0.2238802 0.0000e+00
        662      2.620    14.8210   2.870034     2.7839     2.7012     0.0059  0.2239742 0.0000e+00
        663      2.614    14.8205   2.869884     2.7848     2.7017     0.0059  0.2240566 0.0000e+00
        664      2.608    14.8201   2.869740     2.7857     2.7022     0.0059  0.2241280 0.0000e+00
        665      2.601    14.8197   2.869606     2.7866     2.7026     0.0059  0.2241889 0.0000e+00
        666      2.595    14.8194   2.869483     2.7875     2.7031     0.0059  0.2242397 0.0000e+00
        667      2.589    14.8191   2.869373     2.7883     2.7035     0.0059  0.2242808 0.0000e+00
        668      2.583    14.8189   2.869274     2.7892     2.7039     0.0059  0.2243124 0.0000e+00
        669      2.577    14.8187   2.869185     2.7900     2.7043     0.0059  0.2243349 0.0000e+00
        670      2.571    14.8185   2.869106     2.7908     2.7048     0.0059  0.2243483 0.0000e+00
        671      2.565    14.8184   2.869037     2.7916     2.7052     0.0059  0.2243527 0.0000e+00
        672      2.559    14.8183   2.868975     2.7924     2.7056     0.0059  0.2243490 0.0000e+00
        673      2.553    14.8182   2.868920     2.7931     2.7060     0.0057  0.2243398 0.0000e+00
        674      2.546    14.8181   2.868872     2.7939     2.7064     0.0055  0.2243283 0.0000e+00
        675      2.540    14.8181   2.868830     2.7946     2.7068     0.0055  0.2243171 0.0000e+00
        676      2.533    14.8181   2.868792     2.7954     2.7072     0.0057  0.2243068 0.0000e+00
        677      2.527    14.8180   2.868757     2.7961     2.7076     0.0057  0.2242976 0.0000e+00
        678      2.520    14.8179   2.868721     2.7968     2.7079     0.0057  0.2242891 0.0000e+00
        679      2.514    14.8178   2.868682     2.7975     2.7083     0.0057  0.2242815 0.0000e+00
        680      2.507    14.8177   2.868636     2.7982     2.7086     0.0057  0.2242747 0.0000e+00
        681      2.500    14.8176   2.868581     2.7989     2.7090     0.0057  0.2242686 0.0000e+00
        682      2.493    14.8173   2.868515     2.7995     2.7093     0.0057  0.2242631 0.0000e+00
        683      2.486    14.8171   2.868440     2.8002     2.7097     0.0057  0.2242583 0.0000e+00
        684      2.479    14.8168   2.868356     2.8008     2.7100     0.0057  0.2242541 0.0000e+00
        685      2.472    14.8165   2.868263     2.8014     2.7104     0.0057  0.2242504 0.0000e+00
        686      2.464    14.8162   2.868164     2.8020     2.7107     0.0055  0.2242473 0.0000e+00
        687      2.457    14.8158   2.868058     2.8026     2.7110     0.0057  0.2242447 0.0000e+00
        688      2.449    14.8154   2.867943     2.8032     2.7113     0.0057  0.2242426 0.0000e+00
        689      2.441    14.8150   2.867818     2.8038     2.7117     0.0057  0.2242410 0.0000e+00
        690      2.433    14.8146   2.867685     2.8044     2.7120     0.0057  0.2242399 0.0000e+00
        691      2.425    14.8142   2.867544     2.8049     2.7123     0.0057  0.2242392 0.0000e+00
        692      2.416    14.8139   2.867403     2.8055     2.7126     0.0057  0.2242390 0.0000e+00
        693      2.408    14.8136   2.867264     2.8060     2.7129     0.0057  0.2242393 0.0000e+00
        694      2.399    14.8133   2.867130     2.8066     2.7132     0.0057  0.2242401 0.0000e+00
        695      2.391    14.8131   2.867001     2.8071     2.7135     0.0057  0.2242413 0.0000e+00
        696      2.382    14.8128   2.866876     2.8076     2.7138     0.0057  0.2242430 0.0000e+00
        697      2.373    14.8126   2.866758     2.8081     2.7141     0.0057  0.2242452 0.0000e+00
        698      2.364    14.8124   2.866645     2.8086     2.7144     0.0060  0.2242462 0.0000e+00
        699      2.355    14.8122   2.866541     2.8091     2.7147     0.0062  0.2242426 0.0000e+00
        700      2.345    14.8120   2.866441     2.8096     2.7150     0.0062  0.2242327 0.0000e+00
        701      2.336    14.8117   2.866345     2.8101     2.7153     0.0062  0.2242165 0.0000e+00
        702      2.326    14.8115   2.866249     2.8106     2.7156     0.0062  0.2241937 0.0000e+00
        703      2.315    14.8112   2.866149     2.8111     2.7159     0.0062  0.2241643 0.0000e+00
        704      2.305    14.8109   2.866043     2.8115     2.7162     0.0062  0.2241281 0.0000e+00
        705      2.295    14.8106   2.865930     2.8120     2.7165     0.0062  0.2240847 0.0000e+00
        706      2.284    14.8103   2.865809     2.8124     2.7167     0.0062  0.2240340 0.0000e+00
        707      2.273    14.8099   2.865681     2.8129     2.7170     0.0062  0.2239755 0.0000e+00
        708      2.262    14.8095   2.865545     2.8133     2.7173     0.0062  0.2239088 0.0000e+00
        709      2.251    14.8091   2.865399     2.8137     2.7176     0.0062  0.2238335 0.0000e+00
        710      2.240    14.8087   2.865243     2.8142     2.7178     0.0062  0.2237491 0.0000e+00
        711      2.229    14.8082   2.865076     2.8146     2.7181     0.0062  0.2236549 0.0000e+00
        712      2.217    14.8077   2.864899     2.8149     2.7183     0.0062  0.2235503 0.0000e+00
        713      2.206    14.8072   2.864709     2.8153     2.7186     0.0062  0.2234346 0.0000e+00
        714      2.194    14.8067   2.864505     2.8157     2.7188     0.0062  0.2233070 0.0000e+00
        715      2.182    14.8061   2.864286     2.8161     2.7190     0.0062  0.2231665 0.0000e+00
        716      2.170    14.8054   2.864050     2.8164     2.7193     0.0062  0.2230123 0.0000e+00
        717      2.158    14.8047   2.863797     2.8168     2.7195     0.0062  0.2228441 0.0000e+00
        718      2.146    14.8040   2.863523     2.8172     2.7197     0.0062  0.2226615 0.0000e+00
        719      2.134    14.8031   2.863228     2.8175     2.7199     0.0062  0.2224625 0.0000e+00
        720      2.121    14.8023   2.862912     2.8179     2.7201     0.0062  0.2222447 0.0000e+00
        721      2.109    14.8014   2.862574     2.8182     2.7204     0.0062  0.2220068 0.0000e+00
        722      2.096    14.8004   2.862213     2.8186     2.7206     0.0062  0.2217470 0.0000e+00
        723      2.083    14.7993   2.861831     2.8190     2.7208     0.0060  0.2214678 0.0000e+00
        724      2.070    14.7982   2.861426     2.8193     2.7210     0.0059  0.2211825 0.0000e+00
        725      2.058    14.7971   2.861002     2.8196     2.7212     0.0059  0.2209087 0.0000e+00
        726      2.045    14.7959   2.860564     2.8200     2.7213     0.0059  0.2206547 0.0000e+00
        727      2.032    14.7947   2.860120     2.8203     2.7215     0.0059  0.2204204 0.0000e+00
        728      2.019    14.7935   2.859674     2.8206     2.7217     0.0059  0.2202032 0.0000e+00
        729      2.006    14.7923   2.859232     2.8209     2.7219     0.0059  0.2200001 0.0000e+00
        730      1.993    14.7911   2.858798     2.8212     2.7221     0.0059  0.2198096 0.0000e+00
        731      1.980    14.7900   2.858381     2.8216     2.7223     0.0059  0.2196321 0.0000e+00
        732      1.967    14.7888   2.857982     2.8219     2.7225     0.0059  0.2194671 0.0000e+00
        733      1.954    14.7878   2.857601     2.8222     2.7227     0.0059  0.2193136 0.0000e+00
        734      1.941    14.7867   2.857234     2.8225     2.7228     0.0059  0.2191705 0.0000e+00
        735      1.928    14.7857   2.856877     2.8228     2.7230     0.0059  0.2190367 0.0000e+00
        736      1.915    14.7846   2.856526     2.8231     2.7232     0.0059  0.2189105 0.0000e+00
        737      1.902    14.7836   2.856180     2.8234     2.7234     0.0059  0.2187902 0.0000e+00
        738      1.890    14.7826   2.855837     2.8237     2.7236     0.0059  0.2186758 0.0000e+00
        739      1.877    14.7816   2.855494     2.8240     2.7238     0.0059  0.2185673 0.0000e+00
        740      1.864    14.7805   2.855150     2.8243     2.7240     0.0059  0.2184639 0.0000e+00
        741      1.852    14.7795   2.854801     2.8246     2.7242     0.0059  0.2183651 0.0000e+00
        742      1.839    14.7785   2.854448     2.8249     2.7243     0.0059  0.2182691 0.0000e+00
        743      1.826    14.7774   2.854092     2.8252     2.7245     0.0059  0.2181746 0.0000e+00
        744      1.814    14.7764   2.853731     2.8255     2.7247     0.0059  0.2180817 0.0000e+00
        745      1.801    14.7753   2.853365     2.8258     2.7249     0.0057  0.2179905 0.0000e+00
        746      1.789    14.7742   2.852993     2.8260     2.7251     0.0059  0.2179005 0.0000e+00
        747      1.777    14.7732   2.852617     2.8263     2.7252     0.0059  0.2178111 0.0000e+00
        748      1.764    14.7721   2.852244     2.8266     2.7254     0.0059  0.2177216 0.0000e+00
        749      1.752    14.7711   2.851882     2.8269     2.7256     0.0059  0.2176330 0.0000e+00
        750      1.739    14.7701   2.851539     2.8271     2.7257     0.0059  0.2175491 0.0000e+00
        751      1.727    14.7692   2.851220     2.8274     2.7259     0.0059  0.2174727 0.0000e+00
        752      1.715    14.7684   2.850927     2.8277     2.7261     0.0059  0.2174040 0.0000e+00
        753      1.703    14.7677   2.850659     2.8279     2.7262     0.0059  0.2173417 0.0000e+00
        754      1.690    14.7670   2.850412     2.8282     2.7264     0.0059  0.2172837 0.0000e+00
        755      1.678    14.7664   2.850181     2.8284     2.7265     0.0059  0.2172287 0.0000e+00
        756      1.666    14.7658   2.849962     2.8286     2.7266     0.0059  0.2171773 0.0000e+00
        757      1.653    14.7653   2.849753     2.8288     2.7268     0.0059  0.2171307 0.0000e+00
        758      1.641    14.7648   2.849552     2.8291     2.7269     0.0059  0.2170895 0.0000e+00
        759      1.629    14.7643   2.849359     2.8293     2.7270     0.0059  0.2170534 0.0000e+00
        760      1.617    14.7638   2.849172     2.8295     2.7271     0.0059  0.2170221 0.0000e+00
        761      1.605    14.7632   2.848985     2.8297     2.7273     0.0059  0.2169955 0.0000e+00
        762      1.593    14.7627   2.848790     2.8299     2.7274     0.0059  0.2169733 0.0000e+00
        763      1.582    14.7621   2.848580     2.8300     2.7275     0.0059  0.2169545 0.0000e+00
        764      1.570    14.7615   2.848354     2.8302     2.7276     0.0059  0.2169382 0.0000e+00
        765      1.558    14.7608   2.848108     2.8304     2.7277     0.0059  0.2169242 0.0000e+00
        766      1.546    14.7601   2.847839     2.8306     2.7278     0.0059  0.2169124 0.0000e+00
        767      1.535    14.7593   2.847541     2.8307     2.7279     0.0059  0.2169028 0.0000e+00
        768      1.523    14.7584   2.847209     2.8309     2.7279     0.0059  0.2168953 0.0000e+00
        769      1.512    14.7574   2.846841     2.8311     2.7280     0.0059  0.2168907 0.0000e+00
        770      1.501    14.7563   2.846436     2.8312     2.7281     0.0059  0.2168898 0.0000e+00
        771      1.490    14.7551   2.846000     2.8314     2.7282     0.0059  0.2168926 0.0000e+00
        772      1.479    14.7539   2.845541     2.8316     2.7282     0.0059  0.2168991 0.0000e+00
        773      1.469    14.7527   2.845070     2.8317     2.7283     0.0059  0.2169094 0.0000e+00
        774      1.458    14.7515   2.844593     2.8319     2.7284     0.0059  0.2169235 0.0000e+00
        775      1.448    14.7503   2.844114     2.8321     2.7284     0.0059  0.2169424 0.0000e+00
        776      1.437    14.7490   2.843636     2.8322     2.7285     0.0059  0.2169680 0.0000e+00
        777      1.428    14.7478   2.843161     2.8324     2.7285     0.0059  0.2170003 0.0000e+00
        778      1.418    14.7465   2.842696     2.8326     2.7285     0.0059  0.2170388 0.0000e+00
        779      1.408    14.7453   2.842245     2.8327     2.7286     0.0059  0.2170845 0.0000e+00
        780      1.399    14.7442   2.841813     2.8329     2.7286     0.0059  0.2171387 0.0000e+00
        781      1.390    14.7431   2.841400     2.8331     2.7287     0.0059  0.2172018 0.0000e+00
        782      1.381    14.7420   2.841008     2.8333     2.7287     0.0059  0.2172733 0.0000e+00
        783      1.372    14.7410   2.840640     2.8334     2.7287     0.0059  0.2173528 0.0000e+00
        784      1.363    14.7401   2.840304     2.8336     2.7288     0.0059  0.2174410 0.0000e+00
        785      1.355    14.7394   2.840011     2.8337     2.7288     0.0059  0.2175384 0.0000e+00
        786      1.346    14.7388   2.839770     2.8339     2.7288     0.0059  0.2176465 0.0000e+00
        787      1.338    14.7383   2.839586     2.8341     2.7289     0.0059  0.2177670 0.0000e+00
        788      1.331    14.7381   2.839461     2.8342     2.7289     0.0059  0.2178999 0.0000e+00
        789      1.323    14.7379   2.839389     2.8344     2.7289     0.0059  0.2180443 0.0000e+00
        790      1.316    14.7380   2.839367     2.8345     2.7289     0.0059  0.2182014 0.0000e+00
        791      1.308    14.7381   2.839388     2.8347     2.7290     0.0059  0.2183729 0.0000e+00
        792      1.301    14.7383   2.839447     2.8348     2.7290     0.0059  0.2185602 0.0000e+00
        793      1.295    14.7386   2.839539     2.8350     2.7290     0.0059  0.2187653 0.0000e+00
        794      1.289    14.7390   2.839658     2.8352     2.7291     0.0059  0.2189906 0.0000e+00
        795      1.282    14.7395   2.839801     2.8353     2.7291     0.0059  0.2192367 0.0000e+00
        796      1.276    14.7400   2.839961     2.8354     2.7291     0.0059  0.2195046 0.0000e+00
        797      1.270    14.7405   2.840129     2.8356     2.7292     0.0059  0.2197969 0.0000e+00
        798      1.264    14.7411   2.840300     2.8357     2.7292     0.0059  0.2201165 0.0000e+00
        799      1.259    14.7416   2.840468     2.8359     2.7292     0.0059  0.2204649 0.0000e+00
        800      1.253    14.7422   2.840630     2.8361     2.7293     0.0060  0.2208341 0.0000e+00
