code/data/2021/ctd_data_day3/station1a_ctm.cnv
* Sea-Bird SBE 9 Data File:
* FileName = C:\Users\CTD-User\Desktop\MAR440\day3\station1a.hex
* Software Version Seasave V 7.26.2.13
* Temperature SN = 6313
* Conductivity SN = 4758
* Number of Bytes Per Scan = 37
* Number of Voltage Words = 4
* Number of Scans Averaged by the Deck Unit = 1
* NMEA Latitude = 58 20.46 N
* NMEA Longitude = 011 53.94 E
* NMEA UTC (Time) = Sep 23 2021 08:23:54
* NMEA baud rate = 4800
** Ship: Skagerrak
** Station: station1a
** Operator: Jess
# nquan = 9
# nvalues = 3026                        
# units = specified
# name 0 = scan: Scan Count
# name 1 = prDM: Pressure, Digiquartz [db]
# name 2 = t090C: Temperature [ITS-90, deg C]
# name 3 = c0S/m: Conductivity [S/m]
# name 4 = sbeox0V: Oxygen raw, SBE 43 [V]
# name 5 = sbeox1V: Oxygen raw, SBE 43, 2 [V]
# name 6 = flECO-AFL: Fluorescence, WET Labs ECO-AFL/FL [mg/m^3]
# name 7 = upoly0: Upoly 0, Turbidity
# name 8 = flag:  0.000e+00
# span 0 =          1,       3026       
# span 1 =      1.106,     33.895       
# span 2 =     7.9623,    15.7106       
# span 3 =   2.731770,   3.460570       
# span 4 =     0.4931,     2.8620       
# span 5 =     0.5529,     2.7375       
# span 6 =     0.0035,     0.0152       
# span 7 =  0.0883968,  0.2354054       
# span 8 = 0.0000e+00, 0.0000e+00       
# interval = seconds: 0.0416667
# start_time = Sep 23 2021 08:23:54 [NMEA time, header]
# bad_flag = -9.990e-29
*END*
[from data line 1921]
       1922     12.163    14.7406   3.337554     2.4298     2.3040     0.0046  0.0976764 0.0000e+00
       1923     12.122    14.7260   3.338618     2.4212     2.2967     0.0044  0.0957228 0.0000e+00
       1924     12.179    14.7028   3.339418     2.4151     2.2881     0.0044  0.0947460 0.0000e+00
       1925     12.237    14.6721   3.340213     2.4054     2.2808     0.0044  0.0947460 0.0000e+00
       1926     12.163    14.6395   3.341018     2.3993     2.2723     0.0044  0.0952344 0.0000e+00
       1927     12.237    14.6053   3.342010     2.3907     2.2649     0.0044  0.0952344 0.0000e+00
       1928     12.303    14.5692   3.343265     2.3809     2.2564     0.0044  0.0947460 0.0000e+00
       1929     12.237    14.5337   3.344484     2.3724     2.2491     0.0044  0.0952344 0.0000e+00
       1930     12.344    14.4856   3.345175     2.3651     2.2405     0.0044  0.0947460 0.0000e+00
       1931     12.303    14.4326   3.344917     2.3577     2.2332     0.0044  0.0952344 0.0000e+00
       1932     12.361    14.3792   3.344330     2.3492     2.2234     0.0044  0.0952344 0.0000e+00
       1933     12.361    14.3359   3.343417     2.3394     2.2161     0.0044  0.0947460 0.0000e+00
       1934     12.361    14.3100   3.342937     2.3321     2.2088     0.0044  0.0947460 0.0000e+00
       1935     12.402    14.2861   3.342783     2.3235     2.2002     0.0044  0.0952344 0.0000e+00
       1936     12.484    14.2614   3.342649     2.3174     2.1917     0.0044  0.0947460 0.0000e+00
       1937     12.427    14.2350   3.342323     2.3065     2.1843     0.0044  0.0952344 0.0000e+00
       1938     12.484    14.2007   3.341981     2.2979     2.1758     0.0044  0.0947460 0.0000e+00
       1939     12.468    14.1636   3.341853     2.2894     2.1685     0.0044  0.0952344 0.0000e+00
       1940     12.550    14.1291   3.341892     2.2833     2.1599     0.0044  0.0952344 0.0000e+00
       1941     12.550    14.0946   3.342371     2.2747     2.1526     0.0044  0.0952344 0.0000e+00
       1942     12.550    14.0536   3.343167     2.2649     2.1440     0.0044  0.0947460 0.0000e+00
       1943     12.591    14.0123   3.343737     2.2564     2.1367     0.0044  0.0952344 0.0000e+00
       1944     12.608    13.9742   3.344354     2.2491     2.1294     0.0044  0.0947460 0.0000e+00
       1945     12.608    13.9374   3.345574     2.2417     2.1221     0.0044  0.0947460 0.0000e+00
       1946     12.666    13.8883   3.347083     2.2344     2.1135     0.0044  0.0952344 0.0000e+00
       1947     12.649    13.8287   3.348627     2.2246     2.1062     0.0044  0.0947460 0.0000e+00
       1948     12.732    13.7634   3.350372     2.2149     2.0989     0.0053  0.0942576 0.0000e+00
       1949     12.666    13.6944   3.351687     2.2063     2.0915     0.0060  0.0932808 0.0000e+00
       1950     12.731    13.6348   3.352484     2.2002     2.0842     0.0060  0.0932808 0.0000e+00
       1951     12.773    13.5822   3.353477     2.1917     2.0769     0.0060  0.0932808 0.0000e+00
       1952     12.789    13.5222   3.354281     2.1819     2.0683     0.0060  0.0932808 0.0000e+00
       1953     12.789    13.4746   3.355243     2.1734     2.0610     0.0060  0.0932808 0.0000e+00
       1954     12.855    13.4323   3.355456     2.1660     2.0525     0.0060  0.0932808 0.0000e+00
       1955     12.830    13.3966   3.355504     2.1587     2.0451     0.0060  0.0932808 0.0000e+00
       1956     12.855    13.3701   3.355396     2.1514     2.0378     0.0060  0.0932808 0.0000e+00
       1957     12.913    13.3470   3.355539     2.1428     2.0305     0.0060  0.0932808 0.0000e+00
       1958     12.913    13.3229   3.355441     2.1331     2.0232     0.0060  0.0932808 0.0000e+00
       1959     12.913    13.3020   3.355425     2.1269     2.0146     0.0060  0.0937692 0.0000e+00
       1960     12.954    13.2778   3.354754     2.1196     2.0085     0.0060  0.0932808 0.0000e+00
       1961     12.971    13.2510   3.354177     2.1099     2.0012     0.0060  0.0932808 0.0000e+00
       1962     12.971    13.2181   3.353421     2.1013     1.9939     0.0060  0.0932808 0.0000e+00
       1963     13.036    13.1877   3.352803     2.0940     1.9865     0.0060  0.0932808 0.0000e+00
       1964     13.078    13.1657   3.352061     2.0879     1.9792     0.0060  0.0932808 0.0000e+00
       1965     13.036    13.1503   3.351652     2.0805     1.9719     0.0060  0.0932808 0.0000e+00
       1966     13.094    13.1371   3.351297     2.0720     1.9645     0.0060  0.0932808 0.0000e+00
       1967     13.094    13.1229   3.351152     2.0635     1.9572     0.0060  0.0932808 0.0000e+00
       1968     13.135    13.1089   3.351032     2.0549     1.9499     0.0060  0.0932808 0.0000e+00
       1969     13.160    13.0962   3.350795     2.0488     1.9426     0.0060  0.0932808 0.0000e+00
       1970     13.160    13.0846   3.350939     2.0415     1.9352     0.0060  0.0932808 0.0000e+00
       1971     13.160    13.0717   3.350759     2.0329     1.9279     0.0060  0.0937692 0.0000e+00
       1972     13.218    13.0495   3.350782     2.0244     1.9206     0.0060  0.0932808 0.0000e+00
       1973     13.259    13.0264   3.351009     2.0171     1.9133     0.0057  0.0932808 0.0000e+00
       1974     13.284    13.0009   3.351147     2.0109     1.9059     0.0048  0.0927924 0.0000e+00
       1975     13.284    12.9747   3.351236     2.0024     1.8998     0.0046  0.0923040 0.0000e+00
       1976     13.284    12.9485   3.351192     1.9951     1.8925     0.0046  0.0923040 0.0000e+00
       1977     13.325    12.9213   3.351434     1.9865     1.8852     0.0046  0.0923040 0.0000e+00
       1978     13.342    12.9033   3.351422     1.9792     1.8778     0.0046  0.0923040 0.0000e+00
       1979     13.399    12.8906   3.351512     1.9731     1.8705     0.0046  0.0927924 0.0000e+00
       1980     13.341    12.8766   3.351313     1.9658     1.8632     0.0046  0.0923040 0.0000e+00
       1981     13.440    12.8633   3.351146     1.9560     1.8559     0.0046  0.0923040 0.0000e+00
       1982     13.465    12.8485   3.351002     1.9487     1.8485     0.0046  0.0923040 0.0000e+00
       1983     13.399    12.8334   3.350804     1.9413     1.8412     0.0046  0.0923040 0.0000e+00
       1984     13.523    12.8184   3.350908     1.9365     1.8339     0.0046  0.0923040 0.0000e+00
       1985     13.465    12.8041   3.350969     1.9267     1.8278     0.0046  0.0923040 0.0000e+00
       1986     13.506    12.7897   3.350792     1.9181     1.8205     0.0046  0.0923040 0.0000e+00
       1987     13.589    12.7755   3.350350     1.9120     1.8131     0.0046  0.0923040 0.0000e+00
       1988     13.523    12.7633   3.349776     1.9047     1.8058     0.0046  0.0923040 0.0000e+00
       1989     13.589    12.7486   3.349552     1.8962     1.7985     0.0046  0.0923040 0.0000e+00
       1990     13.564    12.7329   3.349237     1.8888     1.7911     0.0046  0.0923040 0.0000e+00
       1991     13.704    12.7194   3.349173     1.8803     1.7838     0.0046  0.0923040 0.0000e+00
       1992     13.646    12.7064   3.349414     1.8730     1.7753     0.0046  0.0927924 0.0000e+00
       1993     13.646    12.6899   3.349623     1.8669     1.7679     0.0046  0.0923040 0.0000e+00
       1994     13.704    12.6707   3.350175     1.8595     1.7606     0.0046  0.0923040 0.0000e+00
       1995     13.688    12.6497   3.350582     1.8510     1.7533     0.0046  0.0927924 0.0000e+00
       1996     13.770    12.6314   3.350930     1.8437     1.7460     0.0046  0.0923040 0.0000e+00
       1997     13.770    12.6164   3.351181     1.8351     1.7386     0.0046  0.0923040 0.0000e+00
       1998     13.770    12.6026   3.351395     1.8290     1.7325     0.0046  0.0923040 0.0000e+00
       1999     13.828    12.5900   3.351667     1.8205     1.7240     0.0044  0.0923040 0.0000e+00
       2000     13.811    12.5763   3.351644     1.8119     1.7167     0.0042  0.0923040 0.0000e+00
       2001     13.828    12.5616   3.352046     1.8046     1.7106     0.0042  0.0923040 0.0000e+00
       2002     13.894    12.5457   3.352410     1.7973     1.7032     0.0042  0.0923040 0.0000e+00
       2003     13.894    12.5285   3.353122     1.7899     1.6959     0.0042  0.0923040 0.0000e+00
       2004     13.935    12.5145   3.354129     1.7826     1.6886     0.0042  0.0923040 0.0000e+00
       2005     13.894    12.5044   3.355905     1.7753     1.6812     0.0042  0.0923040 0.0000e+00
       2006     13.951    12.4958   3.357728     1.7667     1.6739     0.0042  0.0923040 0.0000e+00
       2007     14.017    12.4868   3.359579     1.7606     1.6678     0.0042  0.0923040 0.0000e+00
       2008     14.017    12.4757   3.361532     1.7557     1.6605     0.0042  0.0923040 0.0000e+00
       2009     13.993    12.4573   3.363156     1.7460     1.6544     0.0042  0.0923040 0.0000e+00
       2010     14.075    12.4368   3.364512     1.7374     1.6471     0.0042  0.0927924 0.0000e+00
       2011     14.075    12.4150   3.365603     1.7301     1.6410     0.0042  0.0927924 0.0000e+00
       2012     14.075    12.3905   3.366892     1.7252     1.6336     0.0042  0.0923040 0.0000e+00
       2013     14.075    12.3637   3.368445     1.7179     1.6275     0.0042  0.0923040 0.0000e+00
       2014     14.174    12.3423   3.370565     1.7093     1.6202     0.0042  0.0923040 0.0000e+00
       2015     14.133    12.3204   3.373184     1.7020     1.6141     0.0042  0.0923040 0.0000e+00
       2016     14.199    12.2937   3.376290     1.6947     1.6080     0.0042  0.0923040 0.0000e+00
       2017     14.199    12.2686   3.380038     1.6898     1.6019     0.0042  0.0923040 0.0000e+00
       2018     14.174    12.2466   3.383770     1.6825     1.5945     0.0042  0.0923040 0.0000e+00
       2019     14.256    12.2269   3.387408     1.6751     1.5884     0.0042  0.0923040 0.0000e+00
       2020     14.322    12.2131   3.390692     1.6678     1.5823     0.0042  0.0923040 0.0000e+00
       2021     14.256    12.1998   3.393967     1.6629     1.5762     0.0042  0.0923040 0.0000e+00
       2022     14.322    12.1832   3.396737     1.6568     1.5701     0.0042  0.0923040 0.0000e+00
       2023     14.364    12.1647   3.399599     1.6495     1.5640     0.0042  0.0923040 0.0000e+00
       2024     14.322    12.1477   3.402550     1.6434     1.5579     0.0044  0.0927924 0.0000e+00
       2025     14.380    12.1336   3.405221     1.6361     1.5518     0.0044  0.0923040 0.0000e+00
       2026     14.438    12.1234   3.407389     1.6300     1.5469     0.0044  0.0927924 0.0000e+00
       2027     14.380    12.1141   3.409194     1.6239     1.5408     0.0044  0.0923040 0.0000e+00
       2028     14.487    12.1068   3.410820     1.6165     1.5347     0.0044  0.0927924 0.0000e+00
       2029     14.504    12.1060   3.412751     1.6104     1.5286     0.0044  0.0923040 0.0000e+00
       2030     14.438    12.1126   3.415427     1.6043     1.5237     0.0044  0.0923040 0.0000e+00
       2031     14.561    12.1278   3.418873     1.5994     1.5176     0.0044  0.0927924 0.0000e+00
       2032     14.504    12.1479   3.423200     1.5945     1.5127     0.0044  0.0923040 0.0000e+00
       2033     14.545    12.1643   3.427271     1.5860     1.5066     0.0044  0.0923040 0.0000e+00
       2034     14.627    12.1735   3.430889     1.5799     1.5017     0.0044  0.0923040 0.0000e+00
       2035     14.561    12.1763   3.433852     1.5750     1.4969     0.0044  0.0923040 0.0000e+00
       2036     14.685    12.1749   3.436198     1.5701     1.4908     0.0044  0.0923040 0.0000e+00
       2037     14.627    12.1699   3.438226     1.5640     1.4859     0.0044  0.0923040 0.0000e+00
       2038     14.669    12.1610   3.439907     1.5579     1.4798     0.0044  0.0923040 0.0000e+00
       2039     14.685    12.1507   3.441481     1.5506     1.4749     0.0044  0.0923040 0.0000e+00
       2040     14.751    12.1414   3.443225     1.5457     1.4700     0.0044  0.0923040 0.0000e+00
       2041     14.751    12.1348   3.445109     1.5408     1.4651     0.0044  0.0923040 0.0000e+00
       2042     14.751    12.1279   3.446927     1.5359     1.4590     0.0044  0.0923040 0.0000e+00
       2043     14.792    12.1210   3.448780     1.5286     1.4553     0.0044  0.0923040 0.0000e+00
       2044     14.809    12.1127   3.450581     1.5225     1.4492     0.0044  0.0923040 0.0000e+00
       2045     14.809    12.1032   3.452144     1.5176     1.4444     0.0044  0.0927924 0.0000e+00
       2046     14.866    12.0893   3.453479     1.5140     1.4395     0.0044  0.0923040 0.0000e+00
       2047     14.866    12.0751   3.454726     1.5078     1.4358     0.0044  0.0923040 0.0000e+00
       2048     14.916    12.0619   3.455836     1.5017     1.4309     0.0044  0.0923040 0.0000e+00
       2049     14.932    12.0470   3.456612     1.4969     1.4248     0.0044  0.0923040 0.0000e+00
       2050     14.932    12.0339   3.457278     1.4920     1.4212     0.0040  0.0908388 0.0000e+00
       2051     14.990    12.0186   3.457741     1.4871     1.4163     0.0038  0.0898620 0.0000e+00
       2052     14.932    12.0042   3.457992     1.4810     1.4114     0.0038  0.0898620 0.0000e+00
       2053     15.097    11.9931   3.458149     1.4773     1.4065     0.0038  0.0898620 0.0000e+00
       2054     14.990    11.9801   3.458264     1.4700     1.4016     0.0038  0.0898620 0.0000e+00
       2055     15.056    11.9643   3.458468     1.4675     1.3967     0.0038  0.0898620 0.0000e+00
       2056     15.056    11.9475   3.458687     1.4627     1.3931     0.0038  0.0898620 0.0000e+00
       2057     15.114    11.9342   3.458930     1.4578     1.3882     0.0038  0.0898620 0.0000e+00
       2058     15.114    11.9221   3.459007     1.4505     1.3845     0.0038  0.0898620 0.0000e+00
       2059     15.155    11.9106   3.459176     1.4456     1.3796     0.0038  0.0898620 0.0000e+00
       2060     15.171    11.9005   3.459536     1.4431     1.3747     0.0038  0.0898620 0.0000e+00
       2061     15.171    11.8896   3.459730     1.4382     1.3711     0.0038  0.0898620 0.0000e+00
       2062     15.171    11.8790   3.460025     1.4334     1.3662     0.0038  0.0898620 0.0000e+00
       2063     15.237    11.8665   3.460312     1.4273     1.3625     0.0038  0.0898620 0.0000e+00
       2064     15.279    11.8493   3.460570     1.4236     1.3577     0.0038  0.0898620 0.0000e+00
       2065     15.295    11.8336   3.460529     1.4199     1.3540     0.0038  0.0898620 0.0000e+00
       2066     15.295    11.8195   3.460558     1.4150     1.3491     0.0038  0.0898620 0.0000e+00
       2067     15.295    11.8087   3.460460     1.4089     1.3454     0.0038  0.0898620 0.0000e+00
       2068     15.361    11.7966   3.460162     1.4041     1.3418     0.0038  0.0898620 0.0000e+00
       2069     15.345    11.7858   3.459753     1.4004     1.3381     0.0038  0.0898620 0.0000e+00
       2070     15.419    11.7764   3.459583     1.3992     1.3332     0.0038  0.0898620 0.0000e+00
       2071     15.361    11.7637   3.459361     1.3918     1.3308     0.0038  0.0898620 0.0000e+00
       2072     15.419    11.7483   3.458892     1.3870     1.3259     0.0038  0.0898620 0.0000e+00
       2073     15.485    11.7334   3.458462     1.3845     1.3222     0.0038  0.0898620 0.0000e+00
       2074     15.485    11.7211   3.458159     1.3796     1.3186     0.0038  0.0898620 0.0000e+00
       2075     15.526    11.7116   3.457813     1.3760     1.3149     0.0037  0.0898620 0.0000e+00
       2076     15.485    11.6994   3.457311     1.3711     1.3113     0.0035  0.0893736 0.0000e+00
       2077     15.542    11.6886   3.456820     1.3662     1.3076     0.0035  0.0893736 0.0000e+00
       2078     15.600    11.6795   3.456458     1.3625     1.3051     0.0035  0.0893736 0.0000e+00
       2079     15.542    11.6710   3.456110     1.3601     1.3015     0.0035  0.0893736 0.0000e+00
       2080     15.650    11.6633   3.455648     1.3564     1.2978     0.0035  0.0893736 0.0000e+00
