code/data/2021/ctd_data_day3/station8H_ctm_fil_le_der.cnv
* Sea-Bird SBE 9 Data File:
* FileName = C:\Users\CTD-User\Desktop\MAR440\day3\station8H.hex
* Software Version Seasave V 7.26.2.13
* Temperature SN = 6313
* Conductivity SN = 4758
* Number of Bytes Per Scan = 37
* Number of Voltage Words = 4
* Number of Scans Averaged by the Deck Unit = 1
* NMEA Latitude = 58 19.26 N
* NMEA Longitude = 011 49.42 E
* NMEA UTC (Time) = Sep 23 2021 11:26:46
* NMEA baud rate = 4800
** Ship: Skagerrak
** Station: station8H
** Operator: Emma
# nquan = 13                                
# nvalues = 2851                        
# units = specified
# name 0 = scan: Scan Count
# name 1 = prDM: Pressure, Digiquartz [db]
# name 2 = t090C: Temperature [ITS-90, deg C]
# name 3 = c0S/m: Conductivity [S/m]
# name 4 = sbeox0V: Oxygen raw, SBE 43 [V]
# name 5 = sbeox1V: Oxygen raw, SBE 43, 2 [V]
# name 6 = flECO-AFL: Fluorescence, WET Labs ECO-AFL/FL [mg/m^3]
# name 7 = upoly0: Upoly 0, Turbidity
# name 8 = depSM: Depth [salt water, m], lat = 58.321
# name 9 = sal00: Salinity, Practical [PSU]
# name 10 = sbeox0ML/L: Oxygen, SBE 43 [ml/l], WS = 2
# name 11 = sbeox1ML/L: Oxygen, SBE 43, 2 [ml/l], WS = 2
# name 12 = flag: flag
# span 0 =          1,       2851       
# span 1 =      1.387,     23.022       
# span 2 =    13.0407,    15.3630       
# span 3 =   2.902068,   3.761010       
# span 4 =     1.1054,     2.7944       
# span 5 =     1.1407,     2.6911       
# span 6 =     0.0037,     0.0104       
# span 7 =  0.0895694,  0.1540266       
# span 8 =      1.374,     22.807       
# span 9 =    22.6266,    31.5377       
# span 10 =     1.6713,     6.7956      
# span 11 =     1.6256,     5.6740      
# span 12 = 0.0000e+00, 0.0000e+00      
# interval = seconds: 0.0416667
# start_time = Sep 23 2021 11:26:46 [NMEA time, header]
# bad_flag = -9.990e-29
*END*
[from data line 667]
        668      9.031    14.9808   2.906819     2.1279     2.1641     0.0062  0.1456991      8.947    22.7262     4.8085     4.3055 -9.990e-29
        669      9.026    14.9795   2.906821     2.1279     2.1639     0.0062  0.1457257      8.942    22.7270     4.8094     4.3048 -9.990e-29
        670      9.022    14.9782   2.906822     2.1279     2.1636     0.0060  0.1457536      8.938    22.7277     4.8104     4.3039 -9.990e-29
        671      9.017    14.9770   2.906823     2.1278     2.1633     0.0060  0.1457830      8.933    22.7284     4.8110     4.3030 -9.990e-29
        672      9.012    14.9758   2.906824     2.1278     2.1630     0.0060  0.1458141      8.928    22.7292     4.8118     4.3021 -9.990e-29
        673      9.008    14.9747   2.906825     2.1278     2.1627     0.0060  0.1458471      8.924    22.7298     4.8127     4.3012 -9.990e-29
        674      9.003    14.9736   2.906825     2.1278     2.1624     0.0062  0.1458822      8.919    22.7304     4.8135     4.3003 -9.990e-29
        675      8.998    14.9726   2.906826     2.1278     2.1621     0.0064  0.1459180      8.914    22.7310     4.8142     4.2993 -9.990e-29
        676      8.994    14.9716   2.906827     2.1277     2.1618     0.0064  0.1459514      8.910    22.7316     4.8147     4.2984 -9.990e-29
        677      8.989    14.9706   2.906828     2.1277     2.1616     0.0064  0.1459808      8.905    22.7322     4.8154     4.2977 -9.990e-29
        678      8.984    14.9696   2.906829     2.1277     2.1613     0.0064  0.1460065      8.900    22.7328     4.8162     4.2967 -9.990e-29
        679      8.980    14.9687   2.906832     2.1277     2.1610     0.0064  0.1460286      8.896    22.7333     4.8168     4.2957 -9.990e-29
        680      8.975    14.9679   2.906835     2.1278     2.1607     0.0064  0.1460474      8.891    22.7338     4.8178     4.2946 -9.990e-29
        681      8.971    14.9670   2.906839     2.1278     2.1604     0.0064  0.1460629      8.887    22.7344     4.8184     4.2936 -9.990e-29
        682      8.966    14.9662   2.906844     2.1278     2.1601     0.0062  0.1460752      8.882    22.7349     4.8190     4.2925 -9.990e-29
        683      8.962    14.9654   2.906849     2.1278     2.1598     0.0064  0.1460845      8.879    22.7354     4.8195     4.2914 -9.990e-29
        684      8.957    14.9647   2.906855     2.1278     2.1595     0.0064  0.1460907      8.874    22.7359     4.8200     4.2902 -9.990e-29
        685      8.953    14.9639   2.906861     2.1279     2.1592     0.0064  0.1460949      8.870    22.7364     4.8208     4.2891 -9.990e-29
        686      8.948    14.9632   2.906866     2.1279     2.1589     0.0064  0.1460978      8.865    22.7368     4.8212     4.2879 -9.990e-29
        687      8.944    14.9624   2.906872     2.1279     2.1586     0.0064  0.1460995      8.861    22.7374     4.8216     4.2867 -9.990e-29
        688      8.939    14.9617   2.906878     2.1280     2.1583     0.0064  0.1461000      8.856    22.7378     4.8223     4.2854 -9.990e-29
        689      8.935    14.9610   2.906884     2.1280     2.1580     0.0064  0.1460984      8.852    22.7383     4.8226     4.2842 -9.990e-29
        690      8.930    14.9604   2.906890     2.1281     2.1576     0.0064  0.1460948      8.847    22.7387     4.8232     4.2826 -9.990e-29
        691      8.926    14.9597   2.906896     2.1281     2.1573     0.0062  0.1460900      8.843    22.7391     4.8234     4.2813 -9.990e-29
        692      8.921    14.9591   2.906902     2.1281     2.1570     0.0064  0.1460830      8.838    22.7395     4.8237     4.2799 -9.990e-29
        693      8.917    14.9586   2.906907     2.1282     2.1566     0.0064  0.1460730      8.834    22.7399     4.8241     4.2782 -9.990e-29
        694      8.913    14.9580   2.906912     2.1282     2.1563     0.0064  0.1460600      8.830    22.7403     4.8243     4.2768 -9.990e-29
        695      8.908    14.9575   2.906917     2.1283     2.1559     0.0062  0.1460437      8.825    22.7406     4.8247     4.2751 -9.990e-29
        696      8.903    14.9570   2.906922     2.1283     2.1556     0.0064  0.1460242      8.820    22.7409     4.8248     4.2736 -9.990e-29
        697      8.899    14.9566   2.906927     2.1283     2.1552     0.0064  0.1460012      8.816    22.7412     4.8249     4.2718 -9.990e-29
        698      8.894    14.9561   2.906931     2.1284     2.1548     0.0064  0.1459747      8.811    22.7415     4.8252     4.2699 -9.990e-29
        699      8.890    14.9557   2.906934     2.1284     2.1544     0.0062  0.1459444      8.807    22.7418     4.8252     4.2681 -9.990e-29
        700      8.886    14.9553   2.906938     2.1285     2.1540     0.0064  0.1459118      8.803    22.7421     4.8255     4.2662 -9.990e-29
        701      8.881    14.9550   2.906941     2.1285     2.1536     0.0062  0.1458810      8.798    22.7423     4.8254     4.2642 -9.990e-29
        702      8.877    14.9546   2.906944     2.1286     2.1532     0.0064  0.1458550      8.794    22.7425     4.8256     4.2623 -9.990e-29
        703      8.872    14.9542   2.906947     2.1286     2.1528     0.0064  0.1458347      8.789    22.7428     4.8255     4.2603 -9.990e-29
        704      8.868    14.9539   2.906950     2.1287     2.1523     0.0064  0.1458198      8.785    22.7430     4.8257     4.2581 -9.990e-29
        705      8.863    14.9536   2.906953     2.1287     2.1519     0.0064  0.1458103      8.780    22.7432     4.8255     4.2561 -9.990e-29
        706      8.859    14.9533   2.906955     2.1288     2.1514     0.0064  0.1458060      8.776    22.7434     4.8256     4.2538 -9.990e-29
        707      8.854    14.9530   2.906957     2.1288     2.1510     0.0062  0.1458070      8.772    22.7436     4.8254     4.2518 -9.990e-29
        708      8.850    14.9527   2.906958     2.1289     2.1505     0.0064  0.1458133      8.768    22.7437     4.8255     4.2494 -9.990e-29
        709      8.845    14.9525   2.906959     2.1289     2.1500     0.0062  0.1458248      8.763    22.7439     4.8252     4.2471 -9.990e-29
        710      8.841    14.9522   2.906959     2.1289     2.1495     0.0064  0.1458417      8.759    22.7440     4.8249     4.2447 -9.990e-29
        711      8.836    14.9520   2.906959     2.1289     2.1490     0.0064  0.1458642      8.754    22.7442     4.8246     4.2424 -9.990e-29
        712      8.831    14.9517   2.906958     2.1290     2.1485     0.0064  0.1458923      8.749    22.7443     4.8246     4.2400 -9.990e-29
        713      8.827    14.9515   2.906957     2.1290     2.1479     0.0064  0.1459262      8.745    22.7444     4.8243     4.2374 -9.990e-29
        714      8.822    14.9513   2.906955     2.1290     2.1474     0.0064  0.1459662      8.740    22.7445     4.8239     4.2350 -9.990e-29
        715      8.817    14.9511   2.906954     2.1290     2.1468     0.0064  0.1460126      8.735    22.7446     4.8235     4.2324 -9.990e-29
        716      8.813    14.9510   2.906952     2.1290     2.1462     0.0064  0.1460657      8.731    22.7447     4.8231     4.2297 -9.990e-29
        717      8.808    14.9508   2.906950     2.1290     2.1457     0.0062  0.1461258      8.726    22.7448     4.8227     4.2273 -9.990e-29
        718      8.803    14.9506   2.906949     2.1290     2.1451     0.0064  0.1461934      8.721    22.7449     4.8222     4.2247 -9.990e-29
        719      8.798    14.9505   2.906947     2.1290     2.1445     0.0064  0.1462690      8.716    22.7449     4.8217     4.2220 -9.990e-29
        720      8.793    14.9504   2.906946     2.1290     2.1439     0.0062  0.1463530      8.711    22.7450     4.8212     4.2194 -9.990e-29
        721      8.788    14.9502   2.906944     2.1290     2.1432     0.0064  0.1464461      8.706    22.7451     4.8207     4.2165 -9.990e-29
        722      8.783    14.9501   2.906942     2.1290     2.1426     0.0064  0.1465488      8.701    22.7451     4.8201     4.2139 -9.990e-29
        723      8.778    14.9500   2.906941     2.1290     2.1419     0.0064  0.1466620      8.696    22.7452     4.8195     4.2110 -9.990e-29
        724      8.774    14.9499   2.906939     2.1289     2.1413     0.0064  0.1467864      8.692    22.7452     4.8186     4.2084 -9.990e-29
        725      8.769    14.9498   2.906938     2.1289     2.1406     0.0062  0.1469212      8.687    22.7453     4.8180     4.2055 -9.990e-29
        726      8.764    14.9497   2.906938     2.1289     2.1399     0.0062  0.1470596      8.682    22.7453     4.8174     4.2027 -9.990e-29
        727      8.758    14.9496   2.906937     2.1289     2.1392     0.0060  0.1471917      8.676    22.7454     4.8167     4.1998 -9.990e-29
        728      8.753    14.9495   2.906937     2.1288     2.1385     0.0060  0.1473122      8.671    22.7454     4.8157     4.1970 -9.990e-29
        729      8.748    14.9494   2.906938     2.1288     2.1378     0.0062  0.1474214      8.667    22.7455     4.8150     4.1942 -9.990e-29
        730      8.743    14.9493   2.906938     2.1287     2.1371     0.0060  0.1475198      8.662    22.7456     4.8140     4.1914 -9.990e-29
        731      8.737    14.9492   2.906939     2.1287     2.1364     0.0060  0.1476082      8.656    22.7456     4.8133     4.1886 -9.990e-29
        732      8.732    14.9491   2.906941     2.1286     2.1356     0.0060  0.1476873      8.651    22.7457     4.8123     4.1856 -9.990e-29
        733      8.726    14.9490   2.906943     2.1286     2.1349     0.0060  0.1477575      8.645    22.7458     4.8116     4.1829 -9.990e-29
        734      8.721    14.9489   2.906946     2.1285     2.1341     0.0062  0.1478193      8.640    22.7459     4.8105     4.1799 -9.990e-29
        735      8.715    14.9488   2.906950     2.1284     2.1334     0.0062  0.1478732      8.634    22.7460     4.8095     4.1772 -9.990e-29
        736      8.710    14.9487   2.906955     2.1284     2.1326     0.0060  0.1479196      8.629    22.7461     4.8087     4.1742 -9.990e-29
        737      8.704    14.9486   2.906960     2.1283     2.1318     0.0060  0.1479587      8.623    22.7462     4.8076     4.1713 -9.990e-29
        738      8.699    14.9485   2.906966     2.1282     2.1310     0.0062  0.1479909      8.618    22.7463     4.8065     4.1684 -9.990e-29
        739      8.693    14.9484   2.906972     2.1281     2.1302     0.0060  0.1480163      8.612    22.7464     4.8054     4.1655 -9.990e-29
        740      8.687    14.9482   2.906979     2.1280     2.1294     0.0060  0.1480352      8.606    22.7466     4.8043     4.1626 -9.990e-29
        741      8.681    14.9481   2.906987     2.1279     2.1286     0.0060  0.1480477      8.600    22.7467     4.8031     4.1598 -9.990e-29
        742      8.675    14.9480   2.906994     2.1277     2.1278     0.0060  0.1480538      8.594    22.7468     4.8017     4.1569 -9.990e-29
        743      8.670    14.9479   2.907002     2.1276     2.1270     0.0060  0.1480537      8.589    22.7470     4.8005     4.1541 -9.990e-29
        744      8.664    14.9478   2.907010     2.1275     2.1261     0.0060  0.1480472      8.583    22.7471     4.7993     4.1511 -9.990e-29
        745      8.658    14.9477   2.907019     2.1273     2.1253     0.0062  0.1480344      8.577    22.7472     4.7978     4.1483 -9.990e-29
        746      8.651    14.9476   2.907029     2.1272     2.1244     0.0060  0.1480152      8.570    22.7474     4.7966     4.1453 -9.990e-29
        747      8.645    14.9475   2.907039     2.1270     2.1236     0.0062  0.1479894      8.564    22.7475     4.7951     4.1426 -9.990e-29
        748      8.639    14.9474   2.907051     2.1268     2.1227     0.0062  0.1479569      8.559    22.7477     4.7936     4.1396 -9.990e-29
        749      8.633    14.9473   2.907063     2.1267     2.1218     0.0060  0.1479174      8.553    22.7478     4.7923     4.1367 -9.990e-29
        750      8.627    14.9472   2.907076     2.1265     2.1210     0.0062  0.1478706      8.547    22.7480     4.7907     4.1340 -9.990e-29
        751      8.621    14.9470   2.907090     2.1263     2.1201     0.0060  0.1478180      8.541    22.7483     4.7892     4.1311 -9.990e-29
        752      8.615    14.9469   2.907105     2.1261     2.1192     0.0062  0.1477634      8.535    22.7484     4.7877     4.1282 -9.990e-29
        753      8.609    14.9468   2.907121     2.1259     2.1183     0.0060  0.1477099      8.529    22.7486     4.7861     4.1253 -9.990e-29
        754      8.602    14.9466   2.907137     2.1257     2.1174     0.0060  0.1476578      8.522    22.7489     4.7845     4.1225 -9.990e-29
        755      8.596    14.9465   2.907155     2.1255     2.1165     0.0062  0.1476069      8.516    22.7491     4.7830     4.1197 -9.990e-29
        756      8.590    14.9463   2.907173     2.1253     2.1156     0.0062  0.1475568      8.510    22.7494     4.7814     4.1169 -9.990e-29
        757      8.583    14.9461   2.907193     2.1250     2.1147     0.0062  0.1475071      8.503    22.7497     4.7795     4.1141 -9.990e-29
        758      8.577    14.9459   2.907212     2.1248     2.1138     0.0060  0.1474575      8.497    22.7500     4.7780     4.1114 -9.990e-29
        759      8.571    14.9457   2.907233     2.1246     2.1128     0.0062  0.1474077      8.491    22.7503     4.7764     4.1084 -9.990e-29
        760      8.564    14.9455   2.907254     2.1243     2.1119     0.0062  0.1473572      8.484    22.7506     4.7746     4.1058 -9.990e-29
        761      8.558    14.9453   2.907276     2.1241     2.1110     0.0062  0.1473059      8.478    22.7509     4.7731     4.1031 -9.990e-29
        762      8.551    14.9451   2.907298     2.1238     2.1101     0.0062  0.1472532      8.471    22.7512     4.7712     4.1005 -9.990e-29
        763      8.545    14.9449   2.907321     2.1235     2.1091     0.0062  0.1471988      8.465    22.7515     4.7694     4.0976 -9.990e-29
        764      8.538    14.9446   2.907345     2.1233     2.1082     0.0062  0.1471424      8.458    22.7519     4.7679     4.0950 -9.990e-29
        765      8.532    14.9444   2.907370     2.1230     2.1073     0.0062  0.1470836      8.453    22.7522     4.7660     4.0925 -9.990e-29
        766      8.525    14.9441   2.907395     2.1227     2.1063     0.0062  0.1470219      8.446    22.7526     4.7642     4.0897 -9.990e-29
        767      8.518    14.9438   2.907422     2.1224     2.1054     0.0062  0.1469569      8.439    22.7530     4.7624     4.0872 -9.990e-29
        768      8.512    14.9436   2.907449     2.1221     2.1044     0.0062  0.1468882      8.433    22.7533     4.7606     4.0845 -9.990e-29
        769      8.505    14.9433   2.907477     2.1217     2.1035     0.0062  0.1468153      8.426    22.7538     4.7585     4.0820 -9.990e-29
        770      8.499    14.9430   2.907507     2.1214     2.1025     0.0060  0.1467377      8.420    22.7542     4.7567     4.0794 -9.990e-29
        771      8.492    14.9428   2.907537     2.1211     2.1016     0.0062  0.1466548      8.413    22.7546     4.7549     4.0770 -9.990e-29
        772      8.485    14.9425   2.907567     2.1207     2.1006     0.0060  0.1465661      8.406    22.7550     4.7528     4.0744 -9.990e-29
        773      8.479    14.9422   2.907599     2.1204     2.0997     0.0062  0.1464709      8.400    22.7555     4.7510     4.0721 -9.990e-29
        774      8.472    14.9420   2.907631     2.1200     2.0987     0.0062  0.1463686      8.393    22.7559     4.7490     4.0696 -9.990e-29
        775      8.465    14.9417   2.907663     2.1197     2.0978     0.0060  0.1462585      8.386    22.7563     4.7472     4.0674 -9.990e-29
        776      8.458    14.9414   2.907696     2.1193     2.0968     0.0060  0.1461415      8.379    22.7568     4.7451     4.0649 -9.990e-29
        777      8.451    14.9411   2.907730     2.1189     2.0959     0.0062  0.1460228      8.372    22.7572     4.7431     4.0627 -9.990e-29
