code/data/2021/ctd_data_day3/station3c_ctm.cnv
* Sea-Bird SBE 9 Data File:
* FileName = C:\Users\CTD-User\Desktop\MAR440\day3\station3c.hex
* Software Version Seasave V 7.26.2.13
* Temperature SN = 6313
* Conductivity SN = 4758
* Number of Bytes Per Scan = 37
* Number of Voltage Words = 4
* Number of Scans Averaged by the Deck Unit = 1
* NMEA Latitude = 58 19.70 N
* NMEA Longitude = 011 51.37 E
* NMEA UTC (Time) = Sep 23 2021 09:07:02
* NMEA baud rate = 4800
** Ship: Skagerrak
** Station: station3C
** Operator: Eva
# nquan = 9
# nvalues = 4697                        
# units = specified
# name 0 = scan: Scan Count
# name 1 = prDM: Pressure, Digiquartz [db]
# name 2 = t090C: Temperature [ITS-90, deg C]
# name 3 = c0S/m: Conductivity [S/m]
# name 4 = sbeox0V: Oxygen raw, SBE 43 [V]
# name 5 = sbeox1V: Oxygen raw, SBE 43, 2 [V]
# name 6 = flECO-AFL: Fluorescence, WET Labs ECO-AFL/FL [mg/m^3]
# name 7 = upoly0: Upoly 0, Turbidity
# name 8 = flag:  0.000e+00
# span 0 =          1,       4697       
# span 1 =      0.630,     19.095       
# span 2 =     7.0204,    15.5591       
# span 3 =   2.896240,   3.475521       
# span 4 =     0.5883,     2.9487       
# span 5 =     0.6079,     2.6361       
# span 6 =     0.0038,     0.0258       
# span 7 =  0.0888852,  0.1684945       
# span 8 = 0.0000e+00, 0.0000e+00       
# interval = seconds: 0.0416667
# start_time = Sep 23 2021 09:07:02 [NMEA time, header]
# bad_flag = -9.990e-29
*END*
[from data line 3041]
       3042      0.917    15.0860   2.962993     2.7228     2.6313     0.0053  0.1543309 0.0000e+00
       3043      0.942    15.0862   2.962965     2.7228     2.6313     0.0053  0.1543309 0.0000e+00
       3044      0.917    15.0860   2.962938     2.7216     2.6313     0.0053  0.1543309 0.0000e+00
       3045      0.942    15.0860   2.962932     2.7228     2.6313     0.0053  0.1543309 0.0000e+00
       3046      0.917    15.0862   2.962867     2.7241     2.6313     0.0053  0.1543309 0.0000e+00
       3047      0.942    15.0860   2.962866     2.7228     2.6313     0.0053  0.1538425 0.0000e+00
       3048      0.975    15.0860   2.962772     2.7216     2.6313     0.0053  0.1543309 0.0000e+00
       3049      0.942    15.0857   2.962777     2.7216     2.6313     0.0053  0.1543309 0.0000e+00
       3050      0.917    15.0856   2.962771     2.7241     2.6313     0.0053  0.1538425 0.0000e+00
       3051      0.942    15.0850   2.962719     2.7241     2.6313     0.0053  0.1543309 0.0000e+00
       3052      0.942    15.0850   2.962664     2.7228     2.6313     0.0053  0.1543309 0.0000e+00
       3053      0.975    15.0850   2.962609     2.7228     2.6313     0.0053  0.1543309 0.0000e+00
       3054      0.942    15.0850   2.962615     2.7216     2.6300     0.0053  0.1543309 0.0000e+00
       3055      0.975    15.0850   2.962604     2.7228     2.6300     0.0053  0.1548193 0.0000e+00
       3056      0.942    15.0852   2.962616     2.7228     2.6300     0.0053  0.1543309 0.0000e+00
       3057      0.917    15.0856   2.962606     2.7228     2.6300     0.0053  0.1538425 0.0000e+00
       3058      0.942    15.0857   2.962601     2.7228     2.6300     0.0053  0.1548193 0.0000e+00
       3059      0.974    15.0857   2.962662     2.7216     2.6300     0.0053  0.1543309 0.0000e+00
       3060      0.884    15.0860   2.962701     2.7241     2.6300     0.0053  0.1548193 0.0000e+00
       3061      0.974    15.0877   2.962736     2.7228     2.6300     0.0053  0.1538425 0.0000e+00
       3062      0.884    15.0894   2.962897     2.7228     2.6300     0.0053  0.1548193 0.0000e+00
       3063      0.917    15.0893   2.963068     2.7216     2.6300     0.0053  0.1543309 0.0000e+00
       3064      0.941    15.0881   2.963140     2.7228     2.6300     0.0053  0.1548193 0.0000e+00
       3065      0.917    15.0867   2.963130     2.7241     2.6300     0.0053  0.1538425 0.0000e+00
       3066      0.884    15.0871   2.963049     2.7228     2.6300     0.0053  0.1538425 0.0000e+00
       3067      0.974    15.0869   2.962998     2.7228     2.6300     0.0053  0.1523773 0.0000e+00
       3068      0.884    15.0879   2.963013     2.7216     2.6300     0.0053  0.1514005 0.0000e+00
       3069      0.917    15.0901   2.963071     2.7228     2.6300     0.0053  0.1514005 0.0000e+00
       3070      0.941    15.0923   2.963240     2.7228     2.6300     0.0053  0.1509121 0.0000e+00
       3071      0.917    15.0925   2.963351     2.7228     2.6300     0.0053  0.1514005 0.0000e+00
       3072      0.884    15.0925   2.963456     2.7216     2.6300     0.0053  0.1514005 0.0000e+00
       3073      0.974    15.0921   2.963438     2.7204     2.6300     0.0053  0.1514005 0.0000e+00
       3074      0.884    15.0908   2.963339     2.7228     2.6300     0.0053  0.1514005 0.0000e+00
       3075      0.917    15.0891   2.963199     2.7228     2.6300     0.0053  0.1514005 0.0000e+00
       3076      0.941    15.0879   2.963179     2.7228     2.6300     0.0053  0.1514005 0.0000e+00
       3077      0.941    15.0881   2.963086     2.7204     2.6300     0.0053  0.1514005 0.0000e+00
       3078      0.859    15.0881   2.963069     2.7228     2.6300     0.0053  0.1514005 0.0000e+00
       3079      0.941    15.0886   2.963121     2.7228     2.6300     0.0053  0.1514005 0.0000e+00
       3080      0.916    15.0887   2.963093     2.7228     2.6300     0.0053  0.1514005 0.0000e+00
       3081      0.941    15.0891   2.963144     2.7228     2.6300     0.0053  0.1514005 0.0000e+00
       3082      0.916    15.0887   2.963099     2.7228     2.6300     0.0053  0.1514005 0.0000e+00
       3083      0.941    15.0886   2.963016     2.7228     2.6300     0.0053  0.1514005 0.0000e+00
       3084      0.974    15.0887   2.962933     2.7228     2.6300     0.0053  0.1514005 0.0000e+00
       3085      0.883    15.0893   2.962979     2.7228     2.6300     0.0053  0.1514005 0.0000e+00
       3086      0.974    15.0899   2.963148     2.7216     2.6300     0.0053  0.1514005 0.0000e+00
       3087      0.941    15.0896   2.963197     2.7216     2.6313     0.0053  0.1514005 0.0000e+00
       3088      0.974    15.0889   2.963127     2.7216     2.6313     0.0053  0.1514005 0.0000e+00
       3089      0.941    15.0884   2.963181     2.7241     2.6313     0.0053  0.1514005 0.0000e+00
       3090      0.974    15.0879   2.963107     2.7228     2.6313     0.0053  0.1514005 0.0000e+00
       3091      0.883    15.0881   2.963163     2.7216     2.6313     0.0053  0.1514005 0.0000e+00
       3092      0.974    15.0887   2.963209     2.7228     2.6313     0.0053  0.1514005 0.0000e+00
       3093      0.941    15.0883   2.963219     2.7228     2.6313     0.0053  0.1523773 0.0000e+00
       3094      0.974    15.0877   2.963233     2.7241     2.6313     0.0053  0.1528657 0.0000e+00
       3095      0.883    15.0876   2.963161     2.7228     2.6313     0.0053  0.1528657 0.0000e+00
       3096      0.974    15.0876   2.963067     2.7228     2.6313     0.0053  0.1523773 0.0000e+00
       3097      0.883    15.0877   2.963111     2.7216     2.6313     0.0053  0.1528657 0.0000e+00
       3098      0.974    15.0876   2.963089     2.7228     2.6325     0.0053  0.1528657 0.0000e+00
       3099      0.883    15.0874   2.962928     2.7241     2.6325     0.0053  0.1523773 0.0000e+00
       3100      0.916    15.1061   2.962996     2.7326     2.6325     0.0053  0.1523773 0.0000e+00
       3101      0.883    15.0887   2.962961     2.7167     2.6313     0.0053  0.1523773 0.0000e+00
       3102      0.916    15.0910   2.963102     2.7192     2.6325     0.0053  0.1528657 0.0000e+00
       3103      0.883    15.0926   2.963401     2.7241     2.6325     0.0053  0.1528657 0.0000e+00
       3104      0.883    15.0935   2.963587     2.7241     2.6325     0.0053  0.1528657 0.0000e+00
       3105      0.916    15.0935   2.963664     2.7228     2.6325     0.0053  0.1528657 0.0000e+00
       3106      0.883    15.0944   2.963745     2.7228     2.6325     0.0053  0.1523773 0.0000e+00
       3107      0.916    15.0948   2.963851     2.7228     2.6325     0.0053  0.1528657 0.0000e+00
       3108      0.883    15.0955   2.964003     2.7253     2.6337     0.0053  0.1523773 0.0000e+00
       3109      0.916    15.0962   2.964050     2.7241     2.6337     0.0053  0.1523773 0.0000e+00
       3110      0.883    15.0960   2.964115     2.7241     2.6337     0.0053  0.1523773 0.0000e+00
       3111      0.916    15.0955   2.964091     2.7228     2.6337     0.0053  0.1523773 0.0000e+00
       3112      0.883    15.0953   2.964029     2.7228     2.6337     0.0053  0.1528657 0.0000e+00
       3113      0.858    15.0950   2.964034     2.7253     2.6337     0.0053  0.1523773 0.0000e+00
       3114      0.941    15.0945   2.963893     2.7241     2.6337     0.0053  0.1523773 0.0000e+00
       3115      0.916    15.0948   2.963950     2.7241     2.6337     0.0053  0.1523773 0.0000e+00
       3116      0.883    15.0950   2.963989     2.7241     2.6337     0.0053  0.1523773 0.0000e+00
       3117      0.916    15.0945   2.964003     2.7241     2.6337     0.0053  0.1528657 0.0000e+00
       3118      0.941    15.0945   2.963948     2.7253     2.6337     0.0053  0.1533541 0.0000e+00
       3119      0.916    15.0952   2.963912     2.7241     2.6337     0.0053  0.1538425 0.0000e+00
       3120      0.883    15.0957   2.963909     2.7241     2.6337     0.0053  0.1538425 0.0000e+00
       3121      0.916    15.0957   2.963841     2.7241     2.6337     0.0053  0.1538425 0.0000e+00
       3122      0.941    15.0948   2.963822     2.7241     2.6337     0.0053  0.1538425 0.0000e+00
       3123      0.916    15.0945   2.963860     2.7253     2.6337     0.0053  0.1538425 0.0000e+00
       3124      0.883    15.0941   2.963957     2.7241     2.6337     0.0053  0.1538425 0.0000e+00
       3125      0.916    15.0935   2.964021     2.7241     2.6337     0.0053  0.1538425 0.0000e+00
       3126      0.941    15.0931   2.964063     2.7228     2.6337     0.0053  0.1538425 0.0000e+00
       3127      0.916    15.0930   2.964024     2.7253     2.6337     0.0053  0.1538425 0.0000e+00
       3128      0.883    15.0926   2.963940     2.7253     2.6337     0.0053  0.1538425 0.0000e+00
       3129      0.858    15.0911   2.963895     2.7241     2.6337     0.0053  0.1538425 0.0000e+00
       3130      0.941    15.0901   2.963803     2.7241     2.6337     0.0053  0.1538425 0.0000e+00
       3131      0.941    15.0896   2.963586     2.7241     2.6337     0.0053  0.1538425 0.0000e+00
       3132      0.858    15.0891   2.963440     2.7253     2.6337     0.0053  0.1538425 0.0000e+00
       3133      0.941    15.0886   2.963411     2.7253     2.6337     0.0053  0.1538425 0.0000e+00
       3134      0.858    15.0884   2.963328     2.7241     2.6337     0.0053  0.1538425 0.0000e+00
       3135      0.883    15.0869   2.963106     2.7241     2.6337     0.0053  0.1538425 0.0000e+00
       3136      0.916    15.0860   2.962975     2.7241     2.6337     0.0053  0.1538425 0.0000e+00
       3137      0.883    15.0859   2.962854     2.7277     2.6337     0.0053  0.1538425 0.0000e+00
       3138      0.858    15.0852   2.962858     2.7253     2.6337     0.0053  0.1538425 0.0000e+00
       3139      0.941    15.0840   2.962803     2.7241     2.6337     0.0053  0.1533541 0.0000e+00
       3140      0.858    15.0849   2.962746     2.7241     2.6349     0.0053  0.1538425 0.0000e+00
       3141      0.883    15.0872   2.962722     2.7241     2.6349     0.0053  0.1538425 0.0000e+00
       3142      0.916    15.0883   2.962737     2.7277     2.6349     0.0053  0.1538425 0.0000e+00
       3143      0.883    15.0869   2.962782     2.7253     2.6349     0.0053  0.1533541 0.0000e+00
       3144      0.858    15.0844   2.962805     2.7241     2.6349     0.0053  0.1523773 0.0000e+00
       3145      0.883    15.1004   2.962729     2.7326     2.6349     0.0053  0.1518889 0.0000e+00
       3146      0.858    15.0808   2.962421     2.7192     2.6337     0.0053  0.1523773 0.0000e+00
       3147      0.883    15.0805   2.962254     2.7228     2.6349     0.0053  0.1523773 0.0000e+00
       3148      0.858    15.0825   2.962373     2.7241     2.6349     0.0053  0.1523773 0.0000e+00
       3149      0.883    15.0842   2.962656     2.7241     2.6349     0.0053  0.1518889 0.0000e+00
       3150      0.858    15.0866   2.962781     2.7241     2.6349     0.0053  0.1518889 0.0000e+00
       3151      0.883    15.0887   2.962805     2.7253     2.6349     0.0053  0.1523773 0.0000e+00
       3152      0.858    15.0886   2.962960     2.7253     2.6349     0.0053  0.1523773 0.0000e+00
       3153      0.825    15.0881   2.963101     2.7253     2.6349     0.0053  0.1523773 0.0000e+00
       3154      0.858    15.0871   2.963230     2.7241     2.6337     0.0053  0.1523773 0.0000e+00
       3155      0.883    15.0862   2.963199     2.7241     2.6337     0.0053  0.1523773 0.0000e+00
       3156      0.858    15.0852   2.963179     2.7265     2.6349     0.0053  0.1523773 0.0000e+00
       3157      0.825    15.0847   2.963072     2.7277     2.6349     0.0053  0.1523773 0.0000e+00
       3158      0.883    15.0854   2.962937     2.7253     2.6337     0.0053  0.1523773 0.0000e+00
       3159      0.858    15.0871   2.962949     2.7241     2.6337     0.0053  0.1518889 0.0000e+00
       3160      0.883    15.0874   2.962983     2.7241     2.6337     0.0053  0.1518889 0.0000e+00
       3161      0.858    15.0867   2.963091     2.7277     2.6337     0.0053  0.1523773 0.0000e+00
       3162      0.825    15.0859   2.963044     2.7253     2.6337     0.0053  0.1523773 0.0000e+00
       3163      0.858    15.0862   2.963017     2.7253     2.6337     0.0053  0.1523773 0.0000e+00
       3164      0.883    15.0871   2.963038     2.7241     2.6349     0.0053  0.1518889 0.0000e+00
       3165      0.858    15.0877   2.963133     2.7253     2.6349     0.0053  0.1523773 0.0000e+00
       3166      0.883    15.0876   2.963200     2.7265     2.6349     0.0053  0.1518889 0.0000e+00
       3167      0.858    15.0876   2.963133     2.7253     2.6337     0.0053  0.1523773 0.0000e+00
       3168      0.825    15.0874   2.963083     2.7241     2.6337     0.0053  0.1523773 0.0000e+00
       3169      0.916    15.0852   2.963003     2.7241     2.6337     0.0053  0.1518889 0.0000e+00
       3170      0.825    15.0825   2.962871     2.7253     2.6349     0.0053  0.1518889 0.0000e+00
       3171      0.858    15.0811   2.962750     2.7277     2.6349     0.0053  0.1518889 0.0000e+00
       3172      0.883    15.0822   2.962787     2.7253     2.6349     0.0053  0.1518889 0.0000e+00
       3173      0.858    15.0835   2.962876     2.7241     2.6349     0.0053  0.1518889 0.0000e+00
       3174      0.883    15.0837   2.963081     2.7241     2.6349     0.0053  0.1518889 0.0000e+00
       3175      0.858    15.0827   2.963121     2.7277     2.6337     0.0053  0.1518889 0.0000e+00
       3176      0.883    15.0866   2.963230     2.7277     2.6349     0.0053  0.1518889 0.0000e+00
       3177      0.858    15.0884   2.963441     2.7241     2.6349     0.0053  0.1518889 0.0000e+00
       3178      0.825    15.0977   2.963582     2.7326     2.6349     0.0053  0.1518889 0.0000e+00
       3179      0.916    15.0920   2.963731     2.7216     2.6337     0.0053  0.1518889 0.0000e+00
       3180      0.825    15.0930   2.963807     2.7192     2.6337     0.0053  0.1518889 0.0000e+00
       3181      0.916    15.0884   2.963861     2.7228     2.6337     0.0053  0.1514005 0.0000e+00
       3182      0.825    15.0864   2.963831     2.7241     2.6349     0.0053  0.1518889 0.0000e+00
       3183      0.858    15.0876   2.963841     2.7228     2.6349     0.0053  0.1518889 0.0000e+00
       3184      0.883    15.0876   2.963869     2.7228     2.6337     0.0053  0.1518889 0.0000e+00
       3185      0.825    15.0847   2.963764     2.7253     2.6349     0.0053  0.1518889 0.0000e+00
       3186      0.858    15.0837   2.963661     2.7241     2.6349     0.0053  0.1518889 0.0000e+00
       3187      0.882    15.0864   2.963693     2.7228     2.6349     0.0053  0.1518889 0.0000e+00
       3188      0.792    15.0899   2.963701     2.7228     2.6349     0.0053  0.1514005 0.0000e+00
       3189      0.882    15.0920   2.963720     2.7228     2.6349     0.0053  0.1518889 0.0000e+00
       3190      0.858    15.0931   2.963713     2.7241     2.6349     0.0053  0.1518889 0.0000e+00
       3191      0.825    15.0940   2.963750     2.7228     2.6349     0.0053  0.1518889 0.0000e+00
       3192      0.858    15.0941   2.963866     2.7228     2.6349     0.0053  0.1518889 0.0000e+00
       3193      0.882    15.0950   2.963924     2.7216     2.6349     0.0053  0.1518889 0.0000e+00
       3194      0.858    15.0957   2.964071     2.7228     2.6349     0.0053  0.1523773 0.0000e+00
       3195      0.825    15.0953   2.964207     2.7241     2.6349     0.0053  0.1548193 0.0000e+00
       3196      0.858    15.0947   2.964238     2.7216     2.6337     0.0053  0.1557961 0.0000e+00
       3197      0.825    15.1058   2.964320     2.7302     2.6349     0.0053  0.1557961 0.0000e+00
       3198      0.858    15.0948   2.964271     2.7155     2.6337     0.0053  0.1557961 0.0000e+00
       3199      0.882    15.0947   2.964220     2.7192     2.6349     0.0053  0.1557961 0.0000e+00
       3200      0.858    15.0942   2.964141     2.7228     2.6337     0.0053  0.1553077 0.0000e+00
