data/2021/ctd_data_day1/Station 2ex 210921_ctm_fil_le_der.cnv
* Sea-Bird SBE 9 Data File:
* FileName = C:\Users\CTD-User\Desktop\MAR440\Station 2ex 210921.hex
* Software Version Seasave V 7.26.2.13
* Temperature SN = 6313
* Conductivity SN = 4758
* Number of Bytes Per Scan = 30
* Number of Voltage Words = 4
* Number of Scans Averaged by the Deck Unit = 1
* NMEA baud rate = 4800
** Ship:
** Station:
** Operator:
# nquan = 16                                
# nvalues = 3819                        
# units = specified
# name 0 = scan: Scan Count
# name 1 = prDM: Pressure, Digiquartz [db]
# name 2 = t090C: Temperature [ITS-90, deg C]
# name 3 = t190C: Temperature, 2 [ITS-90, deg C]
# name 4 = c0S/m: Conductivity [S/m]
# name 5 = c1S/m: Conductivity, 2 [S/m]
# name 6 = sbeox0V: Oxygen raw, SBE 43 [V]
# name 7 = sbeox1V: Oxygen raw, SBE 43, 2 [V]
# name 8 = flECO-AFL: Fluorescence, WET Labs ECO-AFL/FL [mg/m^3]
# name 9 = upoly0: Upoly 0, Turbidity
# name 10 = depSM: Depth [salt water, m], lat = 59
# name 11 = sal00: Salinity, Practical [PSU]
# name 12 = sal11: Salinity, Practical, 2 [PSU]
# name 13 = sbeox0ML/L: Oxygen, SBE 43 [ml/l], WS = 2
# name 14 = sbeox1ML/L: Oxygen, SBE 43, 2 [ml/l], WS = 2
# name 15 = flag: flag
# span 0 =          1,       3819       
# span 1 =      0.334,     23.962       
# span 2 =    13.0502,    16.1228       
# span 3 =    13.0462,    16.1243       
# span 4 =   2.856028,   3.797037       
# span 5 =   2.858521,   3.795947       
# span 6 =     0.9332,     2.9217       
# span 7 =     1.0319,     2.8775       
# span 8 =     0.0033,     0.0101       
# span 9 =  0.0875356,  0.2323405       
# span 10 =      0.331,     23.737      
# span 11 =    22.3023,    31.7843      
# span 12 =    22.4328,    31.7470      
# span 13 =     1.2220,     7.2422      
# span 14 =     1.3863,     6.2137      
# span 15 = 0.0000e+00, 0.0000e+00      
# interval = seconds: 0.0416667
# start_time = Sep 21 2021 11:43:06 [System UTC, header]
# bad_flag = -9.990e-29
*END*
[from data line 1628]
       1629      0.463    14.6178    14.6073   2.880411   2.879581     2.9206     2.8755     0.0055  0.2137924      0.459    22.7111    22.7100     7.2370     6.2086 -9.990e-29
       1630      0.461    14.6183    14.6072   2.880494   2.879561     2.9206     2.8756     0.0055  0.2137858      0.457    22.7116    22.7099     7.2368     6.2082 -9.990e-29
       1631      0.460    14.6189    14.6071   2.880579   2.879545     2.9207     2.8757     0.0055  0.2137715      0.456    22.7120    22.7099     7.2370     6.2078 -9.990e-29
       1632      0.459    14.6194    14.6070   2.880666   2.879531     2.9207     2.8757     0.0055  0.2137494      0.455    22.7124    22.7098     7.2368     6.2072 -9.990e-29
       1633      0.457    14.6200    14.6070   2.880755   2.879517     2.9208     2.8758     0.0055  0.2137193      0.453    22.7128    22.7097     7.2369     6.2068 -9.990e-29
       1634      0.455    14.6206    14.6068   2.880846   2.879502     2.9208     2.8758     0.0055  0.2136811      0.451    22.7133    22.7097     7.2367     6.2062 -9.990e-29
       1635      0.454    14.6212    14.6067   2.880938   2.879485     2.9209     2.8759     0.0055  0.2136344      0.450    22.7137    22.7096     7.2368     6.2058 -9.990e-29
       1636      0.452    14.6218    14.6065   2.881031   2.879466     2.9209     2.8759     0.0055  0.2135790      0.448    22.7142    22.7095     7.2366     6.2053 -9.990e-29
       1637      0.450    14.6223    14.6063   2.881127   2.879443     2.9209     2.8759     0.0055  0.2135145      0.446    22.7147    22.7094     7.2364     6.2048 -9.990e-29
       1638      0.448    14.6229    14.6061   2.881224   2.879417     2.9210     2.8759     0.0055  0.2134403      0.444    22.7152    22.7093     7.2364     6.2043 -9.990e-29
       1639      0.446    14.6236    14.6058   2.881324   2.879390     2.9210     2.8760     0.0055  0.2133561      0.442    22.7157    22.7093     7.2361     6.2041 -9.990e-29
       1640      0.444    14.6242    14.6057   2.881429   2.879368     2.9211     2.8760     0.0055  0.2132612      0.440    22.7163    22.7091     7.2361     6.2036 -9.990e-29
       1641      0.442    14.6249    14.6055   2.881539   2.879355     2.9211     2.8760     0.0055  0.2131549      0.438    22.7168    22.7091     7.2358     6.2033 -9.990e-29
       1642      0.440    14.6256    14.6055   2.881655   2.879355     2.9212     2.8760     0.0055  0.2130365      0.436    22.7174    22.7091     7.2357     6.2029 -9.990e-29
       1643      0.438    14.6264    14.6055   2.881778   2.879366     2.9212     2.8760     0.0055  0.2129061      0.434    22.7180    22.7092     7.2353     6.2026 -9.990e-29
       1644      0.436    14.6272    14.6057   2.881908   2.879389     2.9213     2.8760     0.0055  0.2127678      0.432    22.7187    22.7093     7.2352     6.2023 -9.990e-29
       1645      0.435    14.6281    14.6060   2.882047   2.879427     2.9213     2.8760     0.0055  0.2126300      0.431    22.7193    22.7095     7.2348     6.2020 -9.990e-29
       1646      0.433    14.6290    14.6063   2.882197   2.879479     2.9213     2.8760     0.0055  0.2124985      0.429    22.7201    22.7098     7.2343     6.2018 -9.990e-29
       1647      0.431    14.6301    14.6068   2.882360   2.879545     2.9214     2.8759     0.0055  0.2123742      0.427    22.7209    22.7100     7.2342     6.2013 -9.990e-29
       1648      0.430    14.6312    14.6073   2.882538   2.879621     2.9214     2.8759     0.0055  0.2122562      0.426    22.7218    22.7104     7.2336     6.2011 -9.990e-29
       1649      0.429    14.6325    14.6079   2.882731   2.879702     2.9214     2.8759     0.0055  0.2121435      0.425    22.7227    22.7108     7.2331     6.2010 -9.990e-29
       1650      0.428    14.6338    14.6084   2.882939   2.879786     2.9214     2.8758     0.0055  0.2120356      0.424    22.7238    22.7112     7.2325     6.2007 -9.990e-29
       1651      0.427    14.6353    14.6090   2.883164   2.879873     2.9215     2.8758     0.0055  0.2119316      0.423    22.7249    22.7116     7.2322     6.2006 -9.990e-29
       1652      0.426    14.6369    14.6096   2.883408   2.879965     2.9215     2.8758     0.0055  0.2118307      0.422    22.7260    22.7121     7.2315     6.2006 -9.990e-29
       1653      0.425    14.6387    14.6103   2.883673   2.880064     2.9215     2.8757     0.0055  0.2117323      0.421    22.7273    22.7125     7.2308     6.2003 -9.990e-29
       1654      0.425    14.6406    14.6110   2.883963   2.880168     2.9215     2.8757     0.0055  0.2116357      0.421    22.7287    22.7130     7.2301     6.2003 -9.990e-29
       1655      0.424    14.6427    14.6118   2.884280   2.880279     2.9215     2.8757     0.0055  0.2115403      0.420    22.7302    22.7135     7.2293     6.2003 -9.990e-29
       1656      0.424    14.6450    14.6126   2.884624   2.880398     2.9215     2.8756     0.0055  0.2114453      0.420    22.7319    22.7141     7.2285     6.2001 -9.990e-29
       1657      0.423    14.6474    14.6135   2.884997   2.880523     2.9215     2.8756     0.0055  0.2113501      0.419    22.7337    22.7146     7.2277     6.2001 -9.990e-29
       1658      0.423    14.6501    14.6144   2.885401   2.880656     2.9215     2.8756     0.0055  0.2112541      0.419    22.7356    22.7153     7.2268     6.2002 -9.990e-29
       1659      0.422    14.6529    14.6154   2.885840   2.880797     2.9215     2.8756     0.0055  0.2111565      0.418    22.7378    22.7159     7.2259     6.2002 -9.990e-29
       1660      0.422    14.6561    14.6164   2.886317   2.880949     2.9215     2.8756     0.0055  0.2110567      0.418    22.7401    22.7166     7.2250     6.2002 -9.990e-29
       1661      0.422    14.6595    14.6175   2.886836   2.881111     2.9215     2.8756     0.0055  0.2109541      0.418    22.7426    22.7174     7.2240     6.2003 -9.990e-29
       1662      0.423    14.6632    14.6187   2.887402   2.881286     2.9214     2.8757     0.0055  0.2108478      0.419    22.7454    22.7182     7.2227     6.2006 -9.990e-29
       1663      0.423    14.6673    14.6200   2.888019   2.881474     2.9214     2.8757     0.0055  0.2107371      0.419    22.7483    22.7191     7.2216     6.2006 -9.990e-29
       1664      0.423    14.6718    14.6214   2.888693   2.881677     2.9214     2.8758     0.0055  0.2106214      0.419    22.7515    22.7200     7.2204     6.2008 -9.990e-29
       1665      0.423    14.6767    14.6230   2.889427   2.881896     2.9214     2.8758     0.0055  0.2104997      0.419    22.7551    22.7210     7.2193     6.2008 -9.990e-29
       1666      0.424    14.6820    14.6246   2.890228   2.882130     2.9213     2.8759     0.0055  0.2103712      0.420    22.7589    22.7221     7.2177     6.2010 -9.990e-29
       1667      0.424    14.6878    14.6263   2.891098   2.882378     2.9213     2.8760     0.0055  0.2102350      0.420    22.7631    22.7233     7.2165     6.2012 -9.990e-29
       1668      0.425    14.6939    14.6281   2.892037   2.882638     2.9212     2.8761     0.0055  0.2100903      0.421    22.7677    22.7245     7.2149     6.2013 -9.990e-29
       1669      0.426    14.7005    14.6299   2.893044   2.882909     2.9212     2.8762     0.0055  0.2099384      0.422    22.7725    22.7258     7.2136     6.2014 -9.990e-29
       1670      0.427    14.7073    14.6317   2.894110   2.883191     2.9212     2.8762     0.0053  0.2097861      0.423    22.7778    22.7272     7.2122     6.2012 -9.990e-29
       1671      0.429    14.7144    14.6336   2.895214   2.883484     2.9211     2.8763     0.0053  0.2096399      0.425    22.7832    22.7286     7.2106     6.2012 -9.990e-29
       1672      0.431    14.7214    14.6355   2.896329   2.883788     2.9210     2.8764     0.0055  0.2095013      0.427    22.7888    22.7301     7.2090     6.2012 -9.990e-29
       1673      0.433    14.7282    14.6374   2.897427   2.884105     2.9210     2.8765     0.0053  0.2093694      0.429    22.7944    22.7318     7.2078     6.2012 -9.990e-29
       1674      0.435    14.7349    14.6395   2.898503   2.884438     2.9209     2.8766     0.0055  0.2092432      0.431    22.7998    22.7335     7.2063     6.2011 -9.990e-29
       1675      0.437    14.7417    14.6416   2.899571   2.884789     2.9209     2.8766     0.0053  0.2091219      0.433    22.8051    22.7353     7.2052     6.2007 -9.990e-29
       1676      0.440    14.7485    14.6439   2.900644   2.885161     2.9208     2.8767     0.0055  0.2090046      0.436    22.8104    22.7372     7.2038     6.2005 -9.990e-29
       1677      0.443    14.7552    14.6464   2.901717   2.885556     2.9208     2.8767     0.0053  0.2088905      0.439    22.8158    22.7391     7.2028     6.2000 -9.990e-29
       1678      0.447    14.7615    14.6490   2.902769   2.885978     2.9207     2.8768     0.0053  0.2087788      0.443    22.8212    22.7413     7.2016     6.1997 -9.990e-29
       1679      0.451    14.7674    14.6518   2.903770   2.886431     2.9206     2.8768     0.0055  0.2086688      0.447    22.8264    22.7436     7.2005     6.1991 -9.990e-29
       1680      0.455    14.7727    14.6549   2.904701   2.886919     2.9206     2.8769     0.0055  0.2085596      0.451    22.8314    22.7460     7.1998     6.1987 -9.990e-29
       1681      0.460    14.7775    14.6581   2.905552   2.887442     2.9205     2.8769     0.0055  0.2084506      0.456    22.8359    22.7487     7.1990     6.1981 -9.990e-29
       1682      0.465    14.7818    14.6616   2.906325   2.888002     2.9205     2.8770     0.0055  0.2083409      0.461    22.8401    22.7515     7.1986     6.1976 -9.990e-29
       1683      0.470    14.7859    14.6654   2.907034   2.888599     2.9204     2.8770     0.0053  0.2082298      0.466    22.8438    22.7545     7.1979     6.1968 -9.990e-29
       1684      0.475    14.7900    14.6694   2.907708   2.889233     2.9204     2.8771     0.0053  0.2081165      0.471    22.8473    22.7576     7.1976     6.1962 -9.990e-29
       1685      0.481    14.7942    14.6736   2.908376   2.889900     2.9204     2.8771     0.0053  0.2080002      0.477    22.8506    22.7610     7.1973     6.1954 -9.990e-29
       1686      0.487    14.7986    14.6779   2.909052   2.890592     2.9203     2.8771     0.0055  0.2078802      0.482    22.8539    22.7644     7.1967     6.1945 -9.990e-29
       1687      0.493    14.8030    14.6823   2.909736   2.891295     2.9203     2.8772     0.0055  0.2077556      0.488    22.8572    22.7680     7.1963     6.1939 -9.990e-29
       1688      0.500    14.8075    14.6866   2.910417   2.891995     2.9203     2.8772     0.0053  0.2076255      0.495    22.8605    22.7715     7.1959     6.1931 -9.990e-29
       1689      0.507    14.8118    14.6908   2.911085   2.892682     2.9203     2.8772     0.0053  0.2074890      0.502    22.8637    22.7750     7.1956     6.1923 -9.990e-29
       1690      0.514    14.8159    14.6950   2.911730   2.893357     2.9203     2.8772     0.0055  0.2073451      0.509    22.8669    22.7784     7.1953     6.1915 -9.990e-29
       1691      0.521    14.8198    14.6992   2.912347   2.894023     2.9204     2.8771     0.0053  0.2071929      0.516    22.8700    22.7818     7.1952     6.1904 -9.990e-29
       1692      0.528    14.8234    14.7034   2.912930   2.894687     2.9204     2.8771     0.0053  0.2070314      0.523    22.8729    22.7851     7.1949     6.1897 -9.990e-29
       1693      0.535    14.8268    14.7078   2.913476   2.895357     2.9204     2.8771     0.0055  0.2068593      0.530    22.8756    22.7883     7.1946     6.1890 -9.990e-29
       1694      0.542    14.8299    14.7123   2.913984   2.896043     2.9205     2.8770     0.0053  0.2066763      0.537    22.8782    22.7916     7.1946     6.1880 -9.990e-29
       1695      0.550    14.8327    14.7172   2.914453   2.896762     2.9205     2.8770     0.0055  0.2064872      0.545    22.8806    22.7950     7.1943     6.1872 -9.990e-29
       1696      0.558    14.8352    14.7224   2.914886   2.897525     2.9206     2.8769     0.0055  0.2063016      0.553    22.8829    22.7986     7.1943     6.1861 -9.990e-29
       1697      0.565    14.8375    14.7278   2.915287   2.898329     2.9207     2.8769     0.0055  0.2061250      0.560    22.8850    22.8024     7.1943     6.1852 -9.990e-29
       1698      0.573    14.8397    14.7333   2.915660   2.899164     2.9208     2.8769     0.0055  0.2059571      0.568    22.8870    22.8064     7.1942     6.1843 -9.990e-29
       1699      0.581    14.8416    14.7390   2.916007   2.900023     2.9209     2.8768     0.0055  0.2057967      0.576    22.8889    22.8105     7.1942     6.1832 -9.990e-29
       1700      0.590    14.8434    14.7447   2.916331   2.900909     2.9209     2.8768     0.0055  0.2056418      0.584    22.8906    22.8148     7.1937     6.1823 -9.990e-29
       1701      0.598    14.8450    14.7506   2.916633   2.901827     2.9210     2.8768     0.0055  0.2054905      0.592    22.8923    22.8193     7.1936     6.1813 -9.990e-29
       1702      0.606    14.8465    14.7565   2.916912   2.902774     2.9211     2.8768     0.0055  0.2053417      0.600    22.8938    22.8241     7.1933     6.1804 -9.990e-29
       1703      0.615    14.8479    14.7623   2.917169   2.903734     2.9212     2.8768     0.0055  0.2051945      0.609    22.8952    22.8290     7.1930     6.1794 -9.990e-29
       1704      0.624    14.8491    14.7681   2.917405   2.904689     2.9213     2.8768     0.0055  0.2050477      0.618    22.8966    22.8339     7.1927     6.1784 -9.990e-29
       1705      0.632    14.8502    14.7738   2.917627   2.905626     2.9214     2.8769     0.0055  0.2049005      0.626    22.8978    22.8387     7.1922     6.1777 -9.990e-29
       1706      0.641    14.8513    14.7793   2.917839   2.906538     2.9215     2.8769     0.0055  0.2047516      0.635    22.8990    22.8434     7.1917     6.1768 -9.990e-29
       1707      0.651    14.8524    14.7846   2.918044   2.907418     2.9215     2.8769     0.0055  0.2046002      0.645    22.9001    22.8479     7.1908     6.1759 -9.990e-29
       1708      0.660    14.8534    14.7897   2.918242   2.908254     2.9216     2.8770     0.0055  0.2044451      0.654    22.9013    22.8521     7.1901     6.1752 -9.990e-29
       1709      0.670    14.8544    14.7944   2.918433   2.909038     2.9216     2.8770     0.0055  0.2042853      0.664    22.9023    22.8562     7.1889     6.1743 -9.990e-29
       1710      0.680    14.8554    14.7987   2.918619   2.909767     2.9217     2.8771     0.0055  0.2041196      0.674    22.9033    22.8600     7.1881     6.1737 -9.990e-29
       1711      0.690    14.8564    14.8027   2.918802   2.910441     2.9217     2.8772     0.0055  0.2039470      0.684    22.9043    22.8634     7.1867     6.1731 -9.990e-29
       1712      0.700    14.8575    14.8064   2.918988   2.911061     2.9217     2.8772     0.0055  0.2037661      0.693    22.9053    22.8666     7.1853     6.1723 -9.990e-29
       1713      0.711    14.8586    14.8097   2.919177   2.911631     2.9217     2.8773     0.0055  0.2035758      0.704    22.9063    22.8696     7.1838     6.1718 -9.990e-29
       1714      0.723    14.8597    14.8127   2.919370   2.912150     2.9217     2.8774     0.0055  0.2033748      0.716    22.9073    22.8724     7.1822     6.1713 -9.990e-29
       1715      0.735    14.8609    14.8154   2.919568   2.912621     2.9217     2.8774     0.0055  0.2031616      0.728    22.9083    22.8749     7.1806     6.1705 -9.990e-29
       1716      0.747    14.8621    14.8179   2.919770   2.913048     2.9216     2.8775     0.0055  0.2029347      0.740    22.9094    22.8771     7.1786     6.1700 -9.990e-29
       1717      0.760    14.8634    14.8200   2.919976   2.913438     2.9216     2.8775     0.0055  0.2026926      0.753    22.9104    22.8792     7.1767     6.1691 -9.990e-29
