data/2021/ctd_data_day1/Station 1 210921_ctm_fil.cnv
* Sea-Bird SBE 9 Data File:
* FileName = C:\Users\CTD-User\Desktop\MAR440\Station 1 210921.hex
* Software Version Seasave V 7.26.2.13
* Temperature SN = 6313
* Conductivity SN = 4758
* Number of Bytes Per Scan = 30
* Number of Voltage Words = 4
* Number of Scans Averaged by the Deck Unit = 1
* NMEA baud rate = 4800
** Ship:
** Station:
** Operator:
# nquan = 11
# nvalues = 5940                        
# units = specified
# name 0 = scan: Scan Count
# name 1 = prDM: Pressure, Digiquartz [db]
# name 2 = t090C: Temperature [ITS-90, deg C]
# name 3 = t190C: Temperature, 2 [ITS-90, deg C]
# name 4 = c0S/m: Conductivity [S/m]
# name 5 = c1S/m: Conductivity, 2 [S/m]
# name 6 = sbeox0V: Oxygen raw, SBE 43 [V]
# name 7 = sbeox1V: Oxygen raw, SBE 43, 2 [V]
# name 8 = flECO-AFL: Fluorescence, WET Labs ECO-AFL/FL [mg/m^3]
# name 9 = upoly0: Upoly 0, Turbidity
# name 10 = flag:  0.000e+00
# span 0 =          1,       5940       
# span 1 =      0.420,     13.919       
# span 2 =    11.9583,    16.0077       
# span 3 =    11.9664,    16.0088       
# span 4 =   2.810210,   3.422799       
# span 5 =   2.813003,   3.416273       
# span 6 =     0.9943,     2.8560       
# span 7 =     1.0244,     2.7645       
# span 8 =     0.0040,     0.0086       
# span 9 =  0.0921354,  0.2082287       
# span 10 = 0.0000e+00, 0.0000e+00      
# interval = seconds: 0.0416667
# start_time = Sep 21 2021 08:43:04 [System UTC, header]
# bad_flag = -9.990e-29
*END*
[from data line 1181]
       1182      9.539    15.8082    15.7620   3.191716   3.209409     2.1643     2.1490     0.0059  0.1459618 0.0000e+00
       1183      9.539    15.8083    15.7619   3.191757   3.209414     2.1645     2.1492     0.0059  0.1463998 0.0000e+00
       1184      9.539    15.8084    15.7617   3.191799   3.209409     2.1648     2.1494     0.0059  0.1468141 0.0000e+00
       1185      9.539    15.8084    15.7616   3.191843   3.209396     2.1651     2.1495     0.0059  0.1472075 0.0000e+00
       1186      9.539    15.8084    15.7613   3.191889   3.209384     2.1654     2.1497     0.0059  0.1475845 0.0000e+00
       1187      9.539    15.8084    15.7609   3.191936   3.209377     2.1658     2.1498     0.0059  0.1479486 0.0000e+00
       1188      9.539    15.8083    15.7605   3.191985   3.209378     2.1661     2.1498     0.0059  0.1483022 0.0000e+00
       1189      9.540    15.8082    15.7600   3.192035   3.209385     2.1665     2.1499     0.0059  0.1486478 0.0000e+00
       1190      9.540    15.8081    15.7594   3.192085   3.209400     2.1669     2.1499     0.0059  0.1489879 0.0000e+00
       1191      9.540    15.8079    15.7588   3.192139   3.209423     2.1674     2.1499     0.0059  0.1493248 0.0000e+00
       1192      9.541    15.8077    15.7581   3.192197   3.209458     2.1678     2.1499     0.0059  0.1496608 0.0000e+00
       1193      9.541    15.8075    15.7573   3.192261   3.209508     2.1683     2.1498     0.0059  0.1499984 0.0000e+00
       1194      9.541    15.8073    15.7565   3.192330   3.209573     2.1688     2.1498     0.0059  0.1503398 0.0000e+00
       1195      9.541    15.8070    15.7556   3.192406   3.209655     2.1693     2.1497     0.0059  0.1506873 0.0000e+00
       1196      9.541    15.8067    15.7548   3.192486   3.209757     2.1698     2.1496     0.0059  0.1510435 0.0000e+00
       1197      9.541    15.8064    15.7540   3.192573   3.209881     2.1703     2.1495     0.0059  0.1514109 0.0000e+00
       1198      9.541    15.8060    15.7533   3.192667   3.210029     2.1709     2.1493     0.0059  0.1517918 0.0000e+00
       1199      9.541    15.8057    15.7527   3.192769   3.210200     2.1714     2.1491     0.0059  0.1521891 0.0000e+00
       1200      9.542    15.8053    15.7521   3.192880   3.210391     2.1720     2.1490     0.0059  0.1526055 0.0000e+00
       1201      9.542    15.8049    15.7516   3.193001   3.210598     2.1726     2.1488     0.0059  0.1530439 0.0000e+00
       1202      9.542    15.8045    15.7512   3.193132   3.210819     2.1732     2.1486     0.0059  0.1535072 0.0000e+00
       1203      9.542    15.8042    15.7507   3.193274   3.211051     2.1738     2.1483     0.0059  0.1539988 0.0000e+00
       1204      9.542    15.8038    15.7503   3.193427   3.211292     2.1744     2.1481     0.0059  0.1545221 0.0000e+00
       1205      9.542    15.8035    15.7499   3.193592   3.211543     2.1750     2.1479     0.0059  0.1550807 0.0000e+00
       1206      9.542    15.8032    15.7495   3.193767   3.211801     2.1757     2.1476     0.0059  0.1556708 0.0000e+00
       1207      9.542    15.8028    15.7490   3.193951   3.212066     2.1763     2.1473     0.0060  0.1562660 0.0000e+00
       1208      9.542    15.8025    15.7486   3.194145   3.212331     2.1769     2.1470     0.0060  0.1568271 0.0000e+00
       1209      9.542    15.8021    15.7482   3.194347   3.212585     2.1776     2.1467     0.0060  0.1573326 0.0000e+00
       1210      9.542    15.8017    15.7479   3.194555   3.212819     2.1782     2.1464     0.0060  0.1577816 0.0000e+00
       1211      9.542    15.8013    15.7476   3.194765   3.213028     2.1789     2.1461     0.0060  0.1581790 0.0000e+00
       1212      9.542    15.8008    15.7474   3.194975   3.213208     2.1795     2.1458     0.0060  0.1585284 0.0000e+00
       1213      9.542    15.8003    15.7473   3.195181   3.213354     2.1801     2.1454     0.0060  0.1588323 0.0000e+00
       1214      9.542    15.7998    15.7472   3.195382   3.213462     2.1808     2.1451     0.0060  0.1590927 0.0000e+00
       1215      9.541    15.7992    15.7471   3.195573   3.213532     2.1814     2.1448     0.0060  0.1593116 0.0000e+00
       1216      9.541    15.7987    15.7470   3.195752   3.213561     2.1821     2.1444     0.0060  0.1594903 0.0000e+00
       1217      9.541    15.7982    15.7469   3.195914   3.213549     2.1827     2.1441     0.0060  0.1596302 0.0000e+00
       1218      9.541    15.7977    15.7468   3.196061   3.213497     2.1833     2.1437     0.0060  0.1597322 0.0000e+00
       1219      9.541    15.7972    15.7467   3.196193   3.213405     2.1840     2.1433     0.0060  0.1597970 0.0000e+00
       1220      9.542    15.7967    15.7465   3.196311   3.213278     2.1846     2.1430     0.0060  0.1598251 0.0000e+00
       1221      9.541    15.7963    15.7463   3.196415   3.213119     2.1852     2.1426     0.0060  0.1598167 0.0000e+00
       1222      9.541    15.7958    15.7460   3.196508   3.212932     2.1859     2.1422     0.0060  0.1597717 0.0000e+00
       1223      9.542    15.7953    15.7458   3.196588   3.212720     2.1865     2.1419     0.0060  0.1596898 0.0000e+00
       1224      9.542    15.7949    15.7455   3.196657   3.212487     2.1871     2.1415     0.0060  0.1595704 0.0000e+00
       1225      9.542    15.7944    15.7453   3.196714   3.212238     2.1877     2.1411     0.0060  0.1594128 0.0000e+00
       1226      9.542    15.7940    15.7452   3.196764   3.211977     2.1883     2.1407     0.0060  0.1592157 0.0000e+00
       1227      9.541    15.7936    15.7450   3.196809   3.211712     2.1889     2.1403     0.0060  0.1589779 0.0000e+00
       1228      9.541    15.7931    15.7449   3.196852   3.211454     2.1895     2.1399     0.0060  0.1586976 0.0000e+00
       1229      9.541    15.7928    15.7449   3.196895   3.211209     2.1900     2.1396     0.0060  0.1583730 0.0000e+00
       1230      9.541    15.7925    15.7448   3.196934   3.210981     2.1906     2.1392     0.0060  0.1580026 0.0000e+00
       1231      9.541    15.7923    15.7447   3.196970   3.210771     2.1911     2.1388     0.0060  0.1575856 0.0000e+00
       1232      9.541    15.7921    15.7443   3.197002   3.210578     2.1917     2.1384     0.0059  0.1571334 0.0000e+00
       1233      9.541    15.7921    15.7438   3.197028   3.210398     2.1922     2.1381     0.0057  0.1566786 0.0000e+00
       1234      9.541    15.7920    15.7432   3.197048   3.210227     2.1927     2.1377     0.0055  0.1562496 0.0000e+00
       1235      9.541    15.7920    15.7425   3.197061   3.210060     2.1932     2.1373     0.0057  0.1558534 0.0000e+00
       1236      9.540    15.7920    15.7417   3.197070   3.209892     2.1937     2.1370     0.0057  0.1554873 0.0000e+00
       1237      9.540    15.7919    15.7408   3.197075   3.209718     2.1942     2.1366     0.0057  0.1551471 0.0000e+00
       1238      9.540    15.7919    15.7399   3.197079   3.209533     2.1946     2.1362     0.0057  0.1548296 0.0000e+00
       1239      9.540    15.7919    15.7388   3.197083   3.209339     2.1951     2.1359     0.0057  0.1545325 0.0000e+00
       1240      9.540    15.7919    15.7377   3.197089   3.209138     2.1955     2.1355     0.0057  0.1542538 0.0000e+00
       1241      9.540    15.7919    15.7365   3.197097   3.208937     2.1959     2.1352     0.0057  0.1539916 0.0000e+00
       1242      9.539    15.7919    15.7353   3.197108   3.208743     2.1963     2.1348     0.0057  0.1537440 0.0000e+00
       1243      9.539    15.7920    15.7342   3.197124   3.208563     2.1967     2.1345     0.0057  0.1535093 0.0000e+00
       1244      9.539    15.7921    15.7330   3.197144   3.208399     2.1971     2.1341     0.0057  0.1532859 0.0000e+00
       1245      9.539    15.7922    15.7320   3.197169   3.208255     2.1975     2.1338     0.0057  0.1530722 0.0000e+00
       1246      9.538    15.7923    15.7309   3.197195   3.208130     2.1978     2.1334     0.0057  0.1528667 0.0000e+00
       1247      9.538    15.7923    15.7300   3.197220   3.208022     2.1981     2.1331     0.0057  0.1526681 0.0000e+00
       1248      9.538    15.7922    15.7290   3.197242   3.207931     2.1985     2.1327     0.0057  0.1524748 0.0000e+00
       1249      9.538    15.7921    15.7281   3.197259   3.207856     2.1988     2.1324     0.0057  0.1522857 0.0000e+00
       1250      9.538    15.7919    15.7273   3.197269   3.207801     2.1990     2.1321     0.0057  0.1520993 0.0000e+00
       1251      9.537    15.7916    15.7265   3.197273   3.207763     2.1993     2.1317     0.0057  0.1519143 0.0000e+00
       1252      9.537    15.7912    15.7257   3.197271   3.207742     2.1996     2.1314     0.0057  0.1517296 0.0000e+00
       1253      9.537    15.7908    15.7250   3.197264   3.207732     2.1999     2.1310     0.0057  0.1515437 0.0000e+00
       1254      9.537    15.7904    15.7243   3.197253   3.207730     2.2001     2.1307     0.0057  0.1513554 0.0000e+00
       1255      9.537    15.7900    15.7236   3.197239   3.207730     2.2003     2.1304     0.0057  0.1511634 0.0000e+00
       1256      9.536    15.7896    15.7230   3.197223   3.207726     2.2006     2.1300     0.0057  0.1509664 0.0000e+00
       1257      9.536    15.7892    15.7223   3.197207   3.207712     2.2008     2.1297     0.0057  0.1507646 0.0000e+00
       1258      9.536    15.7889    15.7217   3.197193   3.207682     2.2010     2.1293     0.0059  0.1505635 0.0000e+00
       1259      9.535    15.7885    15.7210   3.197184   3.207632     2.2012     2.1290     0.0059  0.1503711 0.0000e+00
       1260      9.535    15.7881    15.7203   3.197179   3.207559     2.2014     2.1287     0.0059  0.1501910 0.0000e+00
       1261      9.535    15.7876    15.7195   3.197176   3.207463     2.2015     2.1284     0.0059  0.1500229 0.0000e+00
       1262      9.535    15.7871    15.7188   3.197175   3.207344     2.2017     2.1280     0.0059  0.1498655 0.0000e+00
       1263      9.535    15.7865    15.7181   3.197172   3.207203     2.2019     2.1277     0.0059  0.1497179 0.0000e+00
       1264      9.534    15.7858    15.7174   3.197167   3.207043     2.2020     2.1274     0.0059  0.1495790 0.0000e+00
       1265      9.534    15.7850    15.7166   3.197158   3.206865     2.2021     2.1271     0.0059  0.1494478 0.0000e+00
       1266      9.534    15.7843    15.7160   3.197143   3.206672     2.2023     2.1268     0.0059  0.1493234 0.0000e+00
       1267      9.533    15.7836    15.7154   3.197119   3.206465     2.2024     2.1266     0.0059  0.1492049 0.0000e+00
       1268      9.533    15.7830    15.7148   3.197083   3.206245     2.2025     2.1263     0.0059  0.1490915 0.0000e+00
       1269      9.533    15.7825    15.7144   3.197031   3.206005     2.2026     2.1260     0.0059  0.1489825 0.0000e+00
       1270      9.532    15.7820    15.7140   3.196963   3.205739     2.2027     2.1258     0.0059  0.1488770 0.0000e+00
       1271      9.532    15.7817    15.7137   3.196877   3.205439     2.2028     2.1255     0.0059  0.1487743 0.0000e+00
       1272      9.532    15.7815    15.7134   3.196772   3.205101     2.2029     2.1253     0.0059  0.1486738 0.0000e+00
       1273      9.531    15.7813    15.7131   3.196649   3.204721     2.2030     2.1250     0.0059  0.1485747 0.0000e+00
       1274      9.531    15.7813    15.7129   3.196507   3.204297     2.2030     2.1248     0.0059  0.1484763 0.0000e+00
       1275      9.531    15.7813    15.7128   3.196349   3.203826     2.2031     2.1246     0.0059  0.1483780 0.0000e+00
       1276      9.530    15.7815    15.7126   3.196172   3.203304     2.2032     2.1244     0.0059  0.1482790 0.0000e+00
       1277      9.530    15.7816    15.7124   3.195977   3.202725     2.2032     2.1243     0.0059  0.1481787 0.0000e+00
       1278      9.529    15.7818    15.7121   3.195764   3.202079     2.2033     2.1241     0.0059  0.1480763 0.0000e+00
       1279      9.529    15.7820    15.7119   3.195530   3.201356     2.2033     2.1239     0.0059  0.1479712 0.0000e+00
       1280      9.528    15.7820    15.7115   3.195273   3.200546     2.2033     2.1238     0.0059  0.1478627 0.0000e+00
       1281      9.528    15.7821    15.7112   3.194994   3.199642     2.2034     2.1237     0.0059  0.1477499 0.0000e+00
       1282      9.528    15.7820    15.7109   3.194691   3.198649     2.2034     2.1235     0.0059  0.1476321 0.0000e+00
       1283      9.527    15.7819    15.7107   3.194363   3.197580     2.2034     2.1234     0.0057  0.1475119 0.0000e+00
       1284      9.527    15.7818    15.7104   3.194009   3.196460     2.2034     2.1233     0.0057  0.1473978 0.0000e+00
       1285      9.526    15.7816    15.7103   3.193627   3.195314     2.2034     2.1232     0.0057  0.1472974 0.0000e+00
       1286      9.526    15.7814    15.7101   3.193213   3.194161     2.2034     2.1232     0.0057  0.1472126 0.0000e+00
       1287      9.526    15.7812    15.7099   3.192766   3.193015     2.2034     2.1231     0.0057  0.1471429 0.0000e+00
       1288      9.525    15.7809    15.7098   3.192289   3.191888     2.2034     2.1230     0.0057  0.1470878 0.0000e+00
       1289      9.525    15.7806    15.7096   3.191790   3.190804     2.2034     2.1229     0.0057  0.1470468 0.0000e+00
       1290      9.524    15.7802    15.7094   3.191271   3.189787     2.2034     2.1229     0.0057  0.1470197 0.0000e+00
       1291      9.524    15.7798    15.7091   3.190734   3.188859     2.2034     2.1228     0.0057  0.1470071 0.0000e+00
       1292      9.524    15.7792    15.7089   3.190173   3.188036     2.2034     2.1228     0.0057  0.1470098 0.0000e+00
       1293      9.523    15.7787    15.7086   3.189580   3.187322     2.2034     2.1228     0.0057  0.1470270 0.0000e+00
       1294      9.523    15.7780    15.7083   3.188951   3.186716     2.2033     2.1227     0.0057  0.1470580 0.0000e+00
       1295      9.522    15.7774    15.7080   3.188287   3.186208     2.2033     2.1227     0.0057  0.1471029 0.0000e+00
       1296      9.522    15.7769    15.7077   3.187594   3.185784     2.2032     2.1227     0.0057  0.1471621 0.0000e+00
       1297      9.522    15.7764    15.7074   3.186882   3.185429     2.2032     2.1226     0.0057  0.1472360 0.0000e+00
       1298      9.522    15.7759    15.7072   3.186162   3.185126     2.2032     2.1226     0.0057  0.1473250 0.0000e+00
       1299      9.522    15.7755    15.7071   3.185446   3.184870     2.2031     2.1226     0.0057  0.1474299 0.0000e+00
       1300      9.521    15.7751    15.7069   3.184745   3.184663     2.2031     2.1226     0.0057  0.1475513 0.0000e+00
       1301      9.521    15.7746    15.7069   3.184063   3.184509     2.2030     2.1226     0.0057  0.1476902 0.0000e+00
       1302      9.521    15.7741    15.7068   3.183403   3.184401     2.2030     2.1226     0.0057  0.1478474 0.0000e+00
       1303      9.521    15.7736    15.7068   3.182763   3.184321     2.2030     2.1226     0.0057  0.1480240 0.0000e+00
       1304      9.520    15.7730    15.7069   3.182147   3.184250     2.2029     2.1226     0.0057  0.1482213 0.0000e+00
       1305      9.520    15.7723    15.7069   3.181555   3.184173     2.2029     2.1226     0.0057  0.1484407 0.0000e+00
       1306      9.520    15.7716    15.7070   3.180989   3.184080     2.2028     2.1226     0.0057  0.1486836 0.0000e+00
       1307      9.520    15.7708    15.7071   3.180448   3.183972     2.2028     2.1226     0.0057  0.1489518 0.0000e+00
       1308      9.519    15.7699    15.7072   3.179927   3.183853     2.2027     2.1226     0.0057  0.1492438 0.0000e+00
       1309      9.519    15.7691    15.7074   3.179419   3.183729     2.2027     2.1227     0.0057  0.1495453 0.0000e+00
       1310      9.519    15.7682    15.7076   3.178917   3.183614     2.2026     2.1227     0.0057  0.1498340 0.0000e+00
       1311      9.518    15.7673    15.7079   3.178412   3.183514     2.2026     2.1227     0.0057  0.1500973 0.0000e+00
