data/2021/ctd_data_day1/Station 1 210921.cnv
* Sea-Bird SBE 9 Data File:
* FileName = C:\Users\CTD-User\Desktop\MAR440\Station 1 210921.hex
* Software Version Seasave V 7.26.2.13
* Temperature SN = 6313
* Conductivity SN = 4758
* Number of Bytes Per Scan = 30
* Number of Voltage Words = 4
* Number of Scans Averaged by the Deck Unit = 1
* NMEA baud rate = 4800
** Ship:
** Station:
** Operator:
# nquan = 11
# nvalues = 5940                                  
# units = specified
# name 0 = scan: Scan Count
# name 1 = prDM: Pressure, Digiquartz [db]
# name 2 = t090C: Temperature [ITS-90, deg C]
# name 3 = t190C: Temperature, 2 [ITS-90, deg C]
# name 4 = c0S/m: Conductivity [S/m]
# name 5 = c1S/m: Conductivity, 2 [S/m]
# name 6 = sbeox0V: Oxygen raw, SBE 43 [V]
# name 7 = sbeox1V: Oxygen raw, SBE 43, 2 [V]
# name 8 = flECO-AFL: Fluorescence, WET Labs ECO-AFL/FL [mg/m^3]
# name 9 = upoly0: Upoly 0, Turbidity
# name 10 = flag:  0.000e+00
# span 0 =          1,       5940                 
# span 1 =      0.327,     13.973                 
# span 2 =    11.9529,    16.0393                 
# span 3 =    11.9540,    16.0416                 
# span 4 =   2.808631,   3.425009                 
# span 5 =   2.808411,   3.418136                 
# span 6 =     0.9938,     2.8596                 
# span 7 =     1.0231,     2.7656                 
# span 8 =     0.0040,     0.0086                 
# span 9 =  0.0918156,  0.2139158                 
# span 10 = 0.0000e+00, 0.0000e+00                
# interval = seconds: 0.0416667
# start_time = Sep 21 2021 08:43:04 [System UTC, header]
# bad_flag = -9.990e-29
*END*
[from data line 1968]
       1969      9.564    15.6014    15.6716   3.262015   3.248390     2.0952     2.0610     0.0059  0.1069560  0.000e+00
       1970      9.465    15.6008    15.6638   3.262341   3.248142     2.0940     2.0610     0.0059  0.1069560  0.000e+00
       1971      9.531    15.5970    15.6553   3.262416   3.248097     2.0915     2.0610     0.0057  0.1079328  0.000e+00
       1972      9.564    15.5937    15.6495   3.262124   3.248633     2.0928     2.0598     0.0051  0.1152589  0.000e+00
       1973      9.531    15.5944    15.6480   3.261780   3.249611     2.0928     2.0598     0.0049  0.1181893  0.000e+00
       1974      9.531    15.5972    15.6484   3.261591   3.250894     2.0928     2.0598     0.0049  0.1181893  0.000e+00
       1975      9.506    15.5992    15.6512   3.261706   3.252121     2.0903     2.0586     0.0049  0.1181893  0.000e+00
       1976      9.531    15.6009    15.6551   3.261980   3.252969     2.0891     2.0586     0.0049  0.1181893  0.000e+00
       1977      9.531    15.6016    15.6570   3.262118   3.253060     2.0903     2.0586     0.0049  0.1181893  0.000e+00
       1978      9.531    15.5998    15.6577   3.261809   3.252698     2.0903     2.0574     0.0049  0.1181893  0.000e+00
       1979      9.506    15.5989    15.6560   3.261053   3.252415     2.0891     2.0574     0.0049  0.1181893  0.000e+00
       1980      9.531    15.5984    15.6521   3.260612   3.252528     2.0867     2.0574     0.0049  0.1181893  0.000e+00
       1981      9.531    15.5979    15.6482   3.260681   3.252788     2.0879     2.0574     0.0049  0.1181893  0.000e+00
       1982      9.506    15.5954    15.6441   3.261007   3.253026     2.0879     2.0561     0.0049  0.1181893  0.000e+00
       1983      9.531    15.5954    15.6405   3.261860   3.253275     2.0867     2.0561     0.0049  0.1181893  0.000e+00
       1984      9.531    15.6004    15.6382   3.262765   3.253614     2.0854     2.0549     0.0049  0.1181893  0.000e+00
       1985      9.506    15.6064    15.6357   3.263349   3.254219     2.0842     2.0549     0.0049  0.1181893  0.000e+00
       1986      9.531    15.6086    15.6384   3.264139   3.255316     2.0842     2.0549     0.0049  0.1181893  0.000e+00
       1987      9.531    15.6079    15.6408   3.265898   3.256447     2.0842     2.0537     0.0049  0.1181893  0.000e+00
       1988      9.506    15.6067    15.6320   3.268533   3.257494     2.0842     2.0537     0.0049  0.1181893  0.000e+00
       1989      9.531    15.6064    15.6243   3.271416   3.258111     2.0830     2.0537     0.0049  0.1181893  0.000e+00
       1990      9.531    15.6060    15.6216   3.273704   3.257828     2.0830     2.0537     0.0049  0.1181893  0.000e+00
       1991      9.506    15.6042    15.6175   3.275292   3.257387     2.0830     2.0537     0.0049  0.1181893  0.000e+00
       1992      9.531    15.5988    15.6144   3.275757   3.257013     2.0830     2.0525     0.0049  0.1181893  0.000e+00
       1993      9.531    15.5880    15.6160   3.275413   3.256945     2.0818     2.0525     0.0049  0.1181893  0.000e+00
       1994      9.506    15.5821    15.6236   3.274507   3.257109     2.0793     2.0513     0.0049  0.1181893  0.000e+00
       1995      9.531    15.5815    15.6342   3.272815   3.257138     2.0781     2.0513     0.0049  0.1181893  0.000e+00
       1996      9.531    15.5849    15.6412   3.270465   3.256821     2.0793     2.0513     0.0049  0.1181893  0.000e+00
       1997      9.506    15.5887    15.6426   3.267886   3.256425     2.0793     2.0500     0.0051  0.1147705  0.000e+00
       1998      9.531    15.5886    15.6427   3.265675   3.255995     2.0781     2.0500     0.0053  0.1113516  0.000e+00
       1999      9.531    15.5879    15.6397   3.264048   3.255622     2.0769     2.0488     0.0053  0.1103748  0.000e+00
       2000      9.506    15.5925    15.6374   3.262834   3.255333     2.0757     2.0488     0.0053  0.1103748  0.000e+00
       2001      9.531    15.6031    15.6363   3.261580   3.254847     2.0781     2.0476     0.0053  0.1108632  0.000e+00
       2002      9.531    15.6202    15.6369   3.260205   3.254377     2.0769     2.0476     0.0053  0.1108632  0.000e+00
       2003      9.506    15.6370    15.6373   3.259793   3.254202     2.0744     2.0476     0.0053  0.1108632  0.000e+00
       2004      9.531    15.6490    15.6397   3.260400   3.254592     2.0744     2.0476     0.0053  0.1108632  0.000e+00
       2005      9.465    15.6501    15.6417   3.261356   3.255090     2.0732     2.0476     0.0053  0.1108632  0.000e+00
       2006      9.564    15.6457    15.6446   3.262587   3.255254     2.0744     2.0464     0.0053  0.1108632  0.000e+00
       2007      9.465    15.6284    15.6442   3.263389   3.255095     2.0732     2.0464     0.0053  0.1108632  0.000e+00
       2008      9.531    15.6138    15.6420   3.263429   3.254637     2.0732     2.0451     0.0053  0.1108632  0.000e+00
       2009      9.531    15.6158    15.6455   3.263183   3.254128     2.0708     2.0451     0.0053  0.1103748  0.000e+00
       2010      9.506    15.6268    15.6521   3.262604   3.253636     2.0696     2.0451     0.0053  0.1108632  0.000e+00
       2011      9.531    15.6338    15.6575   3.261751   3.253393     2.0708     2.0439     0.0053  0.1108632  0.000e+00
       2012      9.465    15.6353    15.6608   3.260921   3.253331     2.0696     2.0439     0.0053  0.1108632  0.000e+00
       2013      9.564    15.6386    15.6625   3.260520   3.253393     2.0683     2.0439     0.0053  0.1108632  0.000e+00
       2014      9.465    15.6440    15.6642   3.260388   3.253755     2.0683     2.0427     0.0053  0.1108632  0.000e+00
       2015      9.531    15.6458    15.6668   3.260612   3.254190     2.0683     2.0427     0.0053  0.1108632  0.000e+00
       2016      9.506    15.6426    15.6698   3.260886   3.254541     2.0683     2.0415     0.0053  0.1108632  0.000e+00
       2017      9.531    15.6353    15.6718   3.260846   3.254795     2.0659     2.0415     0.0053  0.1108632  0.000e+00
       2018      9.531    15.6214    15.6724   3.260784   3.255321     2.0647     2.0415     0.0053  0.1108632  0.000e+00
       2019      9.506    15.6107    15.6702   3.260709   3.256057     2.0647     2.0415     0.0053  0.1108632  0.000e+00
       2020      9.465    15.6052    15.6674   3.260400   3.256781     2.0647     2.0403     0.0053  0.1108632  0.000e+00
       2021      9.531    15.6013    15.6671   3.259971   3.257465     2.0647     2.0403     0.0053  0.1108632  0.000e+00
       2022      9.506    15.5984    15.6673   3.259347   3.258280     2.0635     2.0390     0.0053  0.1103748  0.000e+00
       2023      9.531    15.5970    15.6604   3.258540   3.259180     2.0622     2.0390     0.0053  0.1093980  0.000e+00
       2024      9.531    15.5958    15.6458   3.258013   3.260164     2.0610     2.0390     0.0051  0.1084212  0.000e+00
       2025      9.441    15.5952    15.6325   3.257321   3.261279     2.0635     2.0378     0.0051  0.1084212  0.000e+00
       2026      9.531    15.5944    15.6240   3.256760   3.262321     2.0610     2.0378     0.0051  0.1089096  0.000e+00
       2027      9.531    15.6065    15.6216   3.256360   3.263040     2.0598     2.0378     0.0051  0.1089096  0.000e+00
       2028      9.506    15.6287    15.6265   3.256079   3.263147     2.0586     2.0366     0.0051  0.1089096  0.000e+00
       2029      9.531    15.6364    15.6373   3.255964   3.262740     2.0574     2.0366     0.0051  0.1089096  0.000e+00
       2030      9.465    15.6374    15.6468   3.256290   3.262004     2.0586     2.0354     0.0051  0.1089096  0.000e+00
       2031      9.506    15.6396    15.6530   3.257286   3.261138     2.0574     2.0354     0.0051  0.1089096  0.000e+00
       2032      9.531    15.6331    15.6509   3.258139   3.260691     2.0586     2.0342     0.0051  0.1089096  0.000e+00
       2033      9.465    15.6294    15.6426   3.258408   3.260708     2.0561     2.0342     0.0051  0.1089096  0.000e+00
       2034      9.564    15.6328    15.6306   3.258259   3.260680     2.0549     2.0342     0.0051  0.1089096  0.000e+00
       2035      9.465    15.6389    15.6230   3.258047   3.260544     2.0561     2.0329     0.0051  0.1089096  0.000e+00
       2036      9.531    15.6389    15.6233   3.258150   3.260521     2.0549     2.0329     0.0051  0.1089096  0.000e+00
       2037      9.506    15.6265    15.6293   3.258648   3.260685     2.0537     2.0329     0.0051  0.1089096  0.000e+00
       2038      9.465    15.6143    15.6374   3.260177   3.260979     2.0537     2.0317     0.0051  0.1089096  0.000e+00
       2039      9.531    15.6016    15.6425   3.261786   3.261200     2.0537     2.0317     0.0051  0.1084212  0.000e+00
       2040      9.531    15.5866    15.6437   3.263086   3.261398     2.0537     2.0305     0.0051  0.1084212  0.000e+00
       2041      9.506    15.5810    15.6389   3.264655   3.261313     2.0512     2.0305     0.0051  0.1089096  0.000e+00
       2042      9.465    15.5811    15.6339   3.265783   3.261393     2.0500     2.0305     0.0051  0.1089096  0.000e+00
       2043      9.531    15.5831    15.6340   3.265950   3.262044     2.0500     2.0293     0.0051  0.1089096  0.000e+00
       2044      9.506    15.5920    15.6373   3.265331   3.263000     2.0500     2.0293     0.0051  0.1089096  0.000e+00
       2045      9.465    15.6037    15.6311   3.264529   3.263940     2.0500     2.0281     0.0051  0.1089096  0.000e+00
       2046      9.531    15.6170    15.6250   3.263549   3.265016     2.0488     2.0281     0.0051  0.1089096  0.000e+00
       2047      9.506    15.6251    15.6228   3.262209   3.266347     2.0488     2.0281     0.0051  0.1089096  0.000e+00
       2048      9.465    15.6141    15.6095   3.261001   3.267581     2.0476     2.0268     0.0051  0.1089096  0.000e+00
       2049      9.531    15.5976    15.5931   3.260206   3.268748     2.0476     2.0268     0.0049  0.1098864  0.000e+00
       2050      9.506    15.5891    15.5775   3.259370   3.269666     2.0488     2.0268     0.0049  0.1103748  0.000e+00
       2051      9.465    15.5962    15.5670   3.258952   3.270533     2.0476     2.0256     0.0049  0.1103748  0.000e+00
       2052      9.531    15.6108    15.5559   3.258637   3.270550     2.0464     2.0256     0.0049  0.1103748  0.000e+00
       2053      9.506    15.6165    15.5544   3.258002   3.270176     2.0451     2.0256     0.0049  0.1103748  0.000e+00
       2054      9.465    15.6202    15.5588   3.257281   3.269967     2.0464     2.0244     0.0049  0.1103748  0.000e+00
       2055      9.531    15.6301    15.5622   3.256663   3.270397     2.0464     2.0244     0.0049  0.1103748  0.000e+00
       2056      9.506    15.6402    15.5652   3.256411   3.270879     2.0451     2.0244     0.0049  0.1103748  0.000e+00
       2057      9.465    15.6467    15.5702   3.256136   3.270992     2.0439     2.0244     0.0049  0.1103748  0.000e+00
       2058      9.531    15.6473    15.5755   3.255695   3.270788     2.0439     2.0232     0.0049  0.1103748  0.000e+00
       2059      9.441    15.6436    15.5792   3.255026   3.270969     2.0451     2.0232     0.0049  0.1103748  0.000e+00
       2060      9.531    15.6407    15.5797   3.254328   3.271542     2.0451     2.0219     0.0049  0.1098864  0.000e+00
       2061      9.465    15.6353    15.5777   3.254025   3.272216     2.0439     2.0219     0.0049  0.1103748  0.000e+00
       2062      9.506    15.6038    15.5753   3.254054   3.272902     2.0439     2.0219     0.0049  0.1103748  0.000e+00
       2063      9.531    15.5730    15.5738   3.254266   3.273622     2.0439     2.0219     0.0049  0.1103748  0.000e+00
       2064      9.465    15.5555    15.5743   3.254741   3.274529     2.0439     2.0207     0.0049  0.1103748  0.000e+00
       2065      9.506    15.5464    15.5787   3.255021   3.275300     2.0439     2.0207     0.0049  0.1103748  0.000e+00
       2066      9.531    15.5493    15.5834   3.254993   3.275424     2.0427     2.0207     0.0049  0.1103748  0.000e+00
       2067      9.465    15.5625    15.5853   3.254518   3.275322     2.0427     2.0195     0.0049  0.1103748  0.000e+00
       2068      9.506    15.5739    15.5831   3.253700   3.275158     2.0427     2.0195     0.0049  0.1103748  0.000e+00
       2069      9.531    15.5821    15.5779   3.252967   3.275118     2.0439     2.0195     0.0049  0.1103748  0.000e+00
       2070      9.465    15.5869    15.5746   3.252933   3.275413     2.0427     2.0183     0.0049  0.1103748  0.000e+00
       2071      9.465    15.5860    15.5758   3.253442   3.275543     2.0439     2.0183     0.0049  0.1103748  0.000e+00
       2072      9.506    15.5830    15.5789   3.254403   3.275787     2.0415     2.0183     0.0049  0.1103748  0.000e+00
       2073      9.531    15.5773    15.5799   3.255885   3.276161     2.0427     2.0171     0.0049  0.1103748  0.000e+00
       2074      9.465    15.5669    15.5802   3.257144   3.276677     2.0439     2.0171     0.0049  0.1128168  0.000e+00
       2075      9.506    15.5647    15.5792   3.257968   3.276870     2.0439     2.0158     0.0049  0.1137937  0.000e+00
       2076      9.465    15.5732    15.5787   3.258878   3.276836     2.0415     2.0158     0.0049  0.1137937  0.000e+00
       2077      9.531    15.5844    15.5790   3.259902   3.276802     2.0415     2.0158     0.0049  0.1137937  0.000e+00
       2078      9.506    15.5910    15.5802   3.260555   3.276723     2.0439     2.0146     0.0049  0.1137937  0.000e+00
       2079      9.465    15.5900    15.5806   3.260246   3.276808     2.0439     2.0146     0.0049  0.1137937  0.000e+00
       2080      9.531    15.5915    15.5795   3.258941   3.276898     2.0427     2.0146     0.0049  0.1137937  0.000e+00
       2081      9.506    15.6002    15.5764   3.256972   3.276796     2.0415     2.0134     0.0049  0.1137937  0.000e+00
       2082      9.465    15.6145    15.5726   3.254792   3.276473     2.0415     2.0134     0.0049  0.1137937  0.000e+00
       2083      9.531    15.6319    15.5693   3.252910   3.276281     2.0427     2.0134     0.0049  0.1137937  0.000e+00
       2084      9.441    15.6443    15.5671   3.251743   3.276195     2.0439     2.0134     0.0049  0.1137937  0.000e+00
       2085      9.531    15.6479    15.5644   3.251411   3.276230     2.0415     2.0122     0.0049  0.1137937  0.000e+00
       2086      9.465    15.6499    15.5634   3.251491   3.276150     2.0403     2.0122     0.0049  0.1137937  0.000e+00
       2087      9.506    15.6497    15.5642   3.251325   3.276105     2.0403     2.0110     0.0049  0.1133053  0.000e+00
       2088      9.531    15.6487    15.5676   3.251148   3.276105     2.0427     2.0110     0.0049  0.1137937  0.000e+00
       2089      9.465    15.6487    15.5713   3.251337   3.276042     2.0415     2.0097     0.0049  0.1137937  0.000e+00
       2090      9.506    15.6528    15.5732   3.251674   3.276059     2.0415     2.0097     0.0049  0.1137937  0.000e+00
       2091      9.465    15.6458    15.5732   3.251828   3.276348     2.0403     2.0097     0.0049  0.1137937  0.000e+00
       2092      9.531    15.6343    15.5692   3.252160   3.277012     2.0415     2.0085     0.0049  0.1137937  0.000e+00
       2093      9.506    15.6323    15.5613   3.252801   3.277744     2.0439     2.0085     0.0049  0.1137937  0.000e+00
       2094      9.465    15.6403    15.5568   3.253664   3.278793     2.0415     2.0073     0.0049  0.1137937  0.000e+00
       2095      9.531    15.6483    15.5598   3.254986   3.279921     2.0403     2.0073     0.0049  0.1137937  0.000e+00
       2096      9.441    15.6501    15.5663   3.256737   3.280704     2.0403     2.0061     0.0049  0.1137937  0.000e+00
       2097      9.531    15.6472    15.5714   3.258505   3.280818     2.0415     2.0061     0.0049  0.1137937  0.000e+00
       2098      9.465    15.6426    15.5709   3.259610   3.280783     2.0415     2.0049     0.0049  0.1133053  0.000e+00
