data/2021/ctd_data_day1/Station 1 210921_ctm.cnv
* Sea-Bird SBE 9 Data File:
* FileName = C:\Users\CTD-User\Desktop\MAR440\Station 1 210921.hex
* Software Version Seasave V 7.26.2.13
* Temperature SN = 6313
* Conductivity SN = 4758
* Number of Bytes Per Scan = 30
* Number of Voltage Words = 4
* Number of Scans Averaged by the Deck Unit = 1
* NMEA baud rate = 4800
** Ship:
** Station:
** Operator:
# nquan = 11
# nvalues = 5940                        
# units = specified
# name 0 = scan: Scan Count
# name 1 = prDM: Pressure, Digiquartz [db]
# name 2 = t090C: Temperature [ITS-90, deg C]
# name 3 = t190C: Temperature, 2 [ITS-90, deg C]
# name 4 = c0S/m: Conductivity [S/m]
# name 5 = c1S/m: Conductivity, 2 [S/m]
# name 6 = sbeox0V: Oxygen raw, SBE 43 [V]
# name 7 = sbeox1V: Oxygen raw, SBE 43, 2 [V]
# name 8 = flECO-AFL: Fluorescence, WET Labs ECO-AFL/FL [mg/m^3]
# name 9 = upoly0: Upoly 0, Turbidity
# name 10 = flag:  0.000e+00
# span 0 =          1,       5940       
# span 1 =      0.327,     13.973       
# span 2 =    11.9529,    16.0393       
# span 3 =    11.9540,    16.0416       
# span 4 =   2.808598,   3.423301       
# span 5 =   2.808270,   3.416889       
# span 6 =     0.9938,     2.8596       
# span 7 =     1.0231,     2.7656       
# span 8 =     0.0040,     0.0086       
# span 9 =  0.0918156,  0.2139158       
# span 10 = 0.0000e+00, 0.0000e+00      
# interval = seconds: 0.0416667
# start_time = Sep 21 2021 08:43:04 [System UTC, header]
# bad_flag = -9.990e-29
*END*
[from data line 5378]
       5379     13.846    12.2493    12.2611   3.389338   3.390096     1.0707     1.1024     0.0048  0.0932808 0.0000e+00
       5380     13.846    12.2553    12.2697   3.388869   3.390146     1.0695     1.1024     0.0048  0.0932808 0.0000e+00
       5381     13.846    12.2557    12.2801   3.388314   3.390089     1.0719     1.1024     0.0048  0.0932808 0.0000e+00
       5382     13.887    12.2550    12.2868   3.387825   3.389993     1.0695     1.1024     0.0048  0.0932808 0.0000e+00
       5383     13.846    12.2521    12.2907   3.387490   3.389917     1.0682     1.1024     0.0048  0.0932808 0.0000e+00
       5384     13.846    12.2606    12.2879   3.387442   3.389866     1.0682     1.1024     0.0048  0.0932808 0.0000e+00
       5385     13.846    12.2744    12.2833   3.387369   3.389796     1.0682     1.1024     0.0048  0.0932808 0.0000e+00
       5386     13.846    12.2775    12.2791   3.387061   3.389723     1.0695     1.1012     0.0048  0.0932808 0.0000e+00
       5387     13.830    12.2748    12.2825   3.386640   3.389570     1.0682     1.1024     0.0048  0.0932808 0.0000e+00
       5388     13.912    12.2718    12.2877   3.386414   3.389245     1.0682     1.1024     0.0048  0.0932808 0.0000e+00
       5389     13.846    12.2709    12.2941   3.386395   3.389155     1.0670     1.1024     0.0048  0.0932808 0.0000e+00
       5390     13.846    12.2721    12.3031   3.386464   3.389205     1.0682     1.1012     0.0048  0.0932808 0.0000e+00
       5391     13.830    12.2734    12.3081   3.386424   3.389190     1.0682     1.1024     0.0048  0.0927924 0.0000e+00
       5392     13.846    12.2746    12.3116   3.386278   3.389219     1.0682     1.1012     0.0048  0.0927924 0.0000e+00
       5393     13.846    12.2852    12.3166   3.386133   3.389392     1.0670     1.1012     0.0048  0.0927924 0.0000e+00
       5394     13.846    12.3075    12.3176   3.386021   3.389671     1.0670     1.1012     0.0048  0.0932808 0.0000e+00
       5395     13.887    12.3023    12.2953   3.385961   3.390011     1.0670     1.1012     0.0048  0.0932808 0.0000e+00
       5396     13.846    12.2950    12.2721   3.385869   3.390198     1.0682     1.1012     0.0048  0.0927924 0.0000e+00
       5397     13.846    12.2983    12.2597   3.386185   3.390238     1.0670     1.1012     0.0048  0.0927924 0.0000e+00
       5398     13.846    12.3026    12.2629   3.386421   3.390084     1.0670     1.1012     0.0048  0.0927924 0.0000e+00
       5399     13.830    12.3098    12.2756   3.386629   3.389844     1.0658     1.1012     0.0048  0.0927924 0.0000e+00
       5400     13.846    12.3156    12.2858   3.386732   3.389400     1.0670     1.1012     0.0048  0.0927924 0.0000e+00
       5401     13.846    12.3129    12.2920   3.386897   3.389176     1.0670     1.1012     0.0048  0.0927924 0.0000e+00
       5402     13.912    12.3170    12.2960   3.387214   3.389278     1.0658     1.1012     0.0048  0.0927924 0.0000e+00
       5403     13.830    12.3274    12.2944   3.387555   3.389334     1.0658     1.1012     0.0048  0.0927924 0.0000e+00
       5404     13.846    12.3262    12.2946   3.387858   3.389259     1.0670     1.1012     0.0048  0.0927924 0.0000e+00
       5405     13.846    12.3170    12.2974   3.388026   3.389085     1.0670     1.1012     0.0048  0.0927924 0.0000e+00
       5406     13.846    12.3023    12.2985   3.388213   3.388858     1.0646     1.1012     0.0048  0.0927924 0.0000e+00
       5407     13.846    12.2857    12.2938   3.388174   3.388805     1.0646     1.1012     0.0048  0.0927924 0.0000e+00
       5408     13.887    12.2829    12.2873   3.387838   3.388861     1.0646     1.1000     0.0048  0.0927924 0.0000e+00
       5409     13.788    12.2842    12.2848   3.387616   3.389109     1.0646     1.1000     0.0048  0.0927924 0.0000e+00
       5410     13.846    12.2862    12.2838   3.387462   3.389300     1.0658     1.1000     0.0048  0.0927924 0.0000e+00
       5411     13.912    12.2921    12.2801   3.387217   3.389487     1.0670     1.1000     0.0048  0.0927924 0.0000e+00
       5412     13.830    12.2990    12.2793   3.387034   3.389753     1.0646     1.1000     0.0048  0.0927924 0.0000e+00
       5413     13.846    12.3034    12.2821   3.386730   3.390045     1.0646     1.1000     0.0048  0.0927924 0.0000e+00
       5414     13.846    12.3050    12.2831   3.386312   3.390238     1.0646     1.1000     0.0048  0.0927924 0.0000e+00
       5415     13.846    12.3080    12.2801   3.386079   3.390380     1.0670     1.1000     0.0049  0.0932808 0.0000e+00
       5416     13.830    12.3078    12.2803   3.386176   3.390357     1.0646     1.1000     0.0051  0.0942576 0.0000e+00
       5417     13.846    12.3061    12.2871   3.386803   3.389998     1.0634     1.1000     0.0051  0.0947460 0.0000e+00
       5418     13.912    12.3050    12.2967   3.387606   3.389705     1.0634     1.1000     0.0051  0.0947460 0.0000e+00
       5419     13.846    12.2998    12.3009   3.388004   3.389617     1.0646     1.1000     0.0051  0.0947460 0.0000e+00
       5420     13.830    12.2897    12.3010   3.388541   3.389697     1.0670     1.1000     0.0051  0.0942576 0.0000e+00
       5421     13.846    12.2821    12.2990   3.389197   3.390211     1.0646     1.1000     0.0051  0.0947460 0.0000e+00
       5422     13.846    12.2796    12.2923   3.389496   3.390730     1.0646     1.1000     0.0051  0.0942576 0.0000e+00
       5423     13.846    12.2742    12.2911   3.390952   3.391000     1.0634     1.1000     0.0051  0.0942576 0.0000e+00
       5424     13.846    12.2671    12.2840   3.393645   3.391139     1.0646     1.1000     0.0051  0.0947460 0.0000e+00
       5425     13.887    12.2436    12.2793   3.396249   3.391280     1.0646     1.1000     0.0051  0.0947460 0.0000e+00
       5426     13.846    12.1850    12.2684   3.399093   3.391578     1.0634     1.1000     0.0051  0.0947460 0.0000e+00
       5427     13.846    12.1499    12.2495   3.400841   3.391885     1.0634     1.1000     0.0051  0.0947460 0.0000e+00
       5428     13.846    12.1587    12.2353   3.401523   3.391997     1.0634     1.0988     0.0051  0.0947460 0.0000e+00
       5429     13.830    12.1923    12.2422   3.401216   3.392034     1.0646     1.0988     0.0051  0.0942576 0.0000e+00
       5430     13.846    12.2036    12.2610   3.400102   3.392301     1.0646     1.0988     0.0051  0.0942576 0.0000e+00
       5431     13.846    12.2037    12.2805   3.399097   3.393040     1.0634     1.0988     0.0051  0.0942576 0.0000e+00
       5432     13.912    12.2208    12.2910   3.398686   3.393442     1.0634     1.0988     0.0051  0.0942576 0.0000e+00
       5433     13.830    12.2149    12.2861   3.399345   3.393290     1.0634     1.0988     0.0051  0.0942576 0.0000e+00
       5434     13.846    12.2003    12.2810   3.400832   3.392855     1.0646     1.0988     0.0051  0.0947460 0.0000e+00
       5435     13.912    12.2051    12.2812   3.401695   3.392378     1.0634     1.0988     0.0051  0.0942576 0.0000e+00
       5436     13.788    12.1888    12.2838   3.402362   3.392059     1.0634     1.0988     0.0051  0.0947460 0.0000e+00
       5437     13.887    12.1838    12.2785   3.403153   3.392187     1.0634     1.0988     0.0051  0.0942576 0.0000e+00
       5438     13.846    12.1898    12.2495   3.403987   3.393236     1.0634     1.0988     0.0051  0.0947460 0.0000e+00
       5439     13.846    12.1711    12.1822   3.404923   3.395562     1.0646     1.0988     0.0051  0.0942576 0.0000e+00
       5440     13.846    12.1196    12.1531   3.405691   3.398851     1.0646     1.0988     0.0051  0.0947460 0.0000e+00
       5441     13.912    12.1133    12.1229   3.406228   3.402126     1.0634     1.0988     0.0048  0.0942576 0.0000e+00
       5442     13.829    12.1060    12.1014   3.406017   3.404487     1.0634     1.0988     0.0048  0.0937692 0.0000e+00
       5443     13.846    12.1032    12.1317   3.405682   3.405737     1.0646     1.0988     0.0048  0.0937692 0.0000e+00
       5444     13.846    12.0811    12.1434   3.405922   3.406267     1.0646     1.0988     0.0048  0.0942576 0.0000e+00
       5445     13.846    12.0713    12.1194   3.406440   3.406736     1.0646     1.0988     0.0048  0.0937692 0.0000e+00
       5446     13.887    12.0823    12.0991   3.406881   3.407069     1.0634     1.0976     0.0048  0.0937692 0.0000e+00
       5447     13.846    12.0896    12.0984   3.407466   3.407276     1.0634     1.0988     0.0048  0.0942576 0.0000e+00
       5448     13.912    12.1034    12.0938   3.407997   3.407295     1.0646     1.0976     0.0048  0.0942576 0.0000e+00
       5449     13.846    12.1288    12.0875   3.407380   3.407653     1.0646     1.0988     0.0048  0.0942576 0.0000e+00
       5450     13.829    12.1507    12.0943   3.405741   3.408268     1.0634     1.0988     0.0048  0.0942576 0.0000e+00
       5451     13.912    12.1572    12.1069   3.404352   3.408801     1.0634     1.0976     0.0048  0.0942576 0.0000e+00
       5452     13.846    12.1702    12.1024   3.404100   3.408977     1.0634     1.0988     0.0048  0.0942576 0.0000e+00
       5453     13.846    12.1739    12.0828   3.405128   3.409157     1.0646     1.0976     0.0048  0.0942576 0.0000e+00
       5454     13.887    12.1577    12.0543   3.407187   3.409425     1.0646     1.0976     0.0048  0.0942576 0.0000e+00
       5455     13.846    12.1314    12.0417   3.409465   3.409657     1.0634     1.0976     0.0048  0.0942576 0.0000e+00
       5456     13.846    12.1250    12.0559   3.411411   3.409581     1.0634     1.0976     0.0048  0.0937692 0.0000e+00
       5457     13.846    12.0992    12.0793   3.412905   3.409113     1.0634     1.0976     0.0048  0.0937692 0.0000e+00
       5458     13.887    12.0592    12.1016   3.413939   3.409039     1.0646     1.0976     0.0048  0.0942576 0.0000e+00
       5459     13.846    12.0443    12.1107   3.414690   3.409317     1.0646     1.0976     0.0048  0.0937692 0.0000e+00
       5460     13.846    12.0506    12.0974   3.415364   3.409273     1.0621     1.0976     0.0048  0.0942576 0.0000e+00
       5461     13.912    12.0385    12.0641   3.415957   3.408780     1.0634     1.0976     0.0048  0.0937692 0.0000e+00
       5462     13.846    12.0251    12.0492   3.416609   3.408668     1.0634     1.0963     0.0048  0.0942576 0.0000e+00
       5463     13.887    12.0093    12.0523   3.417199   3.408440     1.0646     1.0963     0.0048  0.0942576 0.0000e+00
       5464     13.846    11.9987    12.0558   3.417874   3.407943     1.0634     1.0963     0.0048  0.0937692 0.0000e+00
       5465     13.846    11.9924    12.0656   3.418624   3.407481     1.0621     1.0963     0.0048  0.0942576 0.0000e+00
       5466     13.912    11.9870    12.0710   3.419243   3.407297     1.0621     1.0963     0.0048  0.0937692 0.0000e+00
       5467     13.829    11.9898    12.0775   3.419799   3.407410     1.0634     1.0963     0.0046  0.0932808 0.0000e+00
       5468     13.912    11.9951    12.0704   3.420150   3.407148     1.0646     1.0963     0.0046  0.0927924 0.0000e+00
       5469     13.846    11.9944    12.0550   3.420426   3.407103     1.0621     1.0963     0.0048  0.0927924 0.0000e+00
       5470     13.912    11.9880    12.0530   3.420685   3.407431     1.0621     1.0963     0.0048  0.0932808 0.0000e+00
       5471     13.829    11.9800    12.0794   3.420915   3.407504     1.0621     1.0951     0.0046  0.0927924 0.0000e+00
       5472     13.846    11.9770    12.0981   3.421251   3.407186     1.0621     1.0951     0.0046  0.0927924 0.0000e+00
       5473     13.912    11.9792    12.1094   3.421409   3.406843     1.0621     1.0951     0.0046  0.0927924 0.0000e+00
       5474     13.846    11.9838    12.1164   3.421570   3.406582     1.0609     1.0951     0.0048  0.0927924 0.0000e+00
       5475     13.887    11.9824    12.1146   3.421819   3.406450     1.0621     1.0939     0.0042  0.0927924 0.0000e+00
       5476     13.846    11.9817    12.1127   3.421850   3.406651     1.0609     1.0951     0.0048  0.0927924 0.0000e+00
       5477     13.912    11.9815    12.1121   3.421952   3.406775     1.0609     1.0951     0.0048  0.0927924 0.0000e+00
       5478     13.846    11.9769    12.1166   3.422100   3.407109     1.0621     1.0939     0.0046  0.0927924 0.0000e+00
       5479     13.846    11.9739    12.1202   3.422437   3.407279     1.0597     1.0939     0.0048  0.0927924 0.0000e+00
       5480     13.887    11.9697    12.1157   3.422693   3.407262     1.0585     1.0939     0.0046  0.0927924 0.0000e+00
       5481     13.912    11.9643    12.1143   3.422642   3.407234     1.0585     1.0939     0.0046  0.0927924 0.0000e+00
       5482     13.846    11.9616    12.1134   3.422705   3.407370     1.0597     1.0927     0.0046  0.0927924 0.0000e+00
       5483     13.912    11.9620    12.0914   3.422908   3.407828     1.0585     1.0927     0.0048  0.0927924 0.0000e+00
       5484     13.829    11.9631    12.0718   3.422945   3.408693     1.0573     1.0915     0.0048  0.0927924 0.0000e+00
       5485     13.912    11.9646    12.0616   3.422773   3.409474     1.0573     1.0915     0.0048  0.0927924 0.0000e+00
       5486     13.846    11.9640    12.0568   3.422885   3.409882     1.0573     1.0915     0.0046  0.0927924 0.0000e+00
       5487     13.912    11.9634    12.0526   3.423038   3.409902     1.0573     1.0915     0.0048  0.0932808 0.0000e+00
       5488     13.887    11.9618    12.0500   3.422994   3.409485     1.0573     1.0902     0.0046  0.0927924 0.0000e+00
       5489     13.846    11.9603    12.0561   3.423004   3.408859     1.0573     1.0902     0.0046  0.0927924 0.0000e+00
       5490     13.912    11.9590    12.0614   3.423107   3.408327     1.0548     1.0902     0.0046  0.0927924 0.0000e+00
       5491     13.846    11.9593    12.0673   3.423222   3.408058     1.0548     1.0890     0.0046  0.0932808 0.0000e+00
       5492     13.887    11.9577    12.0751   3.423080   3.407811     1.0536     1.0890     0.0055  0.0937692 0.0000e+00
       5493     13.846    11.9550    12.0758   3.423143   3.407648     1.0536     1.0890     0.0062  0.0937692 0.0000e+00
       5494     13.912    11.9555    12.0733   3.423148   3.407524     1.0524     1.0878     0.0060  0.0942576 0.0000e+00
       5495     13.846    11.9569    12.0726   3.423168   3.407465     1.0524     1.0878     0.0062  0.0937692 0.0000e+00
       5496     13.912    11.9560    12.0783   3.423301   3.407170     1.0524     1.0866     0.0060  0.0942576 0.0000e+00
       5497     13.887    11.9552    12.0829   3.423208   3.406929     1.0524     1.0866     0.0060  0.0942576 0.0000e+00
       5498     13.912    11.9564    12.0826   3.423263   3.406900     1.0511     1.0866     0.0062  0.0937692 0.0000e+00
       5499     13.846    11.9562    12.0874   3.423294   3.407073     1.0487     1.0853     0.0060  0.0942576 0.0000e+00
       5500     13.846    11.9550    12.0947   3.423257   3.407286     1.0487     1.0853     0.0060  0.0942576 0.0000e+00
       5501     13.887    11.9540    12.0856   3.423274   3.407533     1.0487     1.0841     0.0060  0.0942576 0.0000e+00
       5502     13.912    11.9564    12.0716   3.423251   3.407728     1.0487     1.0841     0.0062  0.0937692 0.0000e+00
       5503     13.846    11.9575    12.0756   3.423175   3.408032     1.0475     1.0841     0.0062  0.0937692 0.0000e+00
       5504     13.912    11.9567    12.0829   3.423071   3.408527     1.0463     1.0829     0.0062  0.0937692 0.0000e+00
       5505     13.887    11.9545    12.0840   3.422995   3.409015     1.0450     1.0829     0.0062  0.0937692 0.0000e+00
       5506     13.846    11.9542    12.0840   3.423002   3.409297     1.0475     1.0817     0.0060  0.0942576 0.0000e+00
       5507     13.912    11.9529    12.0779   3.422994   3.409314     1.0463     1.0817     0.0062  0.0937692 0.0000e+00
       5508     13.846    11.9532    12.0646   3.422910   3.409247     1.0450     1.0805     0.0060  0.0942576 0.0000e+00
