data/2021/ctd_data_day1/Station 3ex 210921.cnv
* Sea-Bird SBE 9 Data File:
* FileName = C:\Users\CTD-User\Desktop\MAR440\Station 3ex 210921.hex
* Software Version Seasave V 7.26.2.13
* Temperature SN = 6313
* Conductivity SN = 4758
* Number of Bytes Per Scan = 30
* Number of Voltage Words = 4
* Number of Scans Averaged by the Deck Unit = 1
* NMEA baud rate = 4800
** Ship:
** Station:
** Operator:
# nquan = 11
# nvalues = 3026                                  
# units = specified
# name 0 = scan: Scan Count
# name 1 = prDM: Pressure, Digiquartz [db]
# name 2 = t090C: Temperature [ITS-90, deg C]
# name 3 = t190C: Temperature, 2 [ITS-90, deg C]
# name 4 = c0S/m: Conductivity [S/m]
# name 5 = c1S/m: Conductivity, 2 [S/m]
# name 6 = sbeox0V: Oxygen raw, SBE 43 [V]
# name 7 = sbeox1V: Oxygen raw, SBE 43, 2 [V]
# name 8 = flECO-AFL: Fluorescence, WET Labs ECO-AFL/FL [mg/m^3]
# name 9 = upoly0: Upoly 0, Turbidity
# name 10 = flag:  0.000e+00
# span 0 =          1,       3026                 
# span 1 =      0.398,     13.226                 
# span 2 =    11.9233,    16.1619                 
# span 3 =    11.8952,    16.1632                 
# span 4 =  -0.000629,   3.418605                 
# span 5 =   0.068124,   3.418735                 
# span 6 =     1.3393,     3.2662                 
# span 7 =     1.3833,     3.1099                 
# span 8 =     0.0035,     0.0441                 
# span 9 =  0.0800940,  0.1890073                 
# span 10 = 0.0000e+00, 0.0000e+00                
# interval = seconds: 0.0416667
# start_time = Sep 21 2021 12:03:19 [System UTC, header]
# bad_flag = -9.990e-29
*END*
[from data line 394]
        395      0.525    12.0420    11.9960   0.000127   0.075671     2.9585     2.8462     0.0037  0.0810708  0.000e+00
        396      0.492    12.0415    11.9957   0.000055   0.075269     2.9585     2.8462     0.0037  0.0810708  0.000e+00
        397      0.467    12.0408    11.9952  -0.000106   0.075335     2.9585     2.8462     0.0037  0.0810708  0.000e+00
        398      0.492    12.0405    11.9945  -0.000294   0.076994     2.9585     2.8462     0.0037  0.0810708  0.000e+00
        399      0.467    12.0398    11.9941   0.000324   0.076824     2.9585     2.8462     0.0037  0.0810708  0.000e+00
        400      0.492    12.0393    11.9937   0.000279   0.077397     2.9585     2.8462     0.0037  0.0810708  0.000e+00
        401      0.525    12.0388    11.9930  -0.000222   0.076980     2.9585     2.8462     0.0037  0.0810708  0.000e+00
        402      0.434    12.0382    11.9927   0.000055   0.076850     2.9597     2.8462     0.0037  0.0810708  0.000e+00
        403      0.467    12.0378    11.9920  -0.000324   0.075320     2.9585     2.8462     0.0037  0.0810708  0.000e+00
        404      0.558    12.0370    11.9917  -0.000067   0.075388     2.9585     2.8462     0.0037  0.0810708  0.000e+00
        405      0.467    12.0367    11.9914   0.000404   0.075289     2.9597     2.8462     0.0037  0.0810708  0.000e+00
        406      0.492    12.0360    11.9909  -0.000380   0.075892     2.9597     2.8462     0.0037  0.0810708  0.000e+00
        407      0.467    12.0355    11.9902  -0.000172   0.077723     2.9585     2.8462     0.0037  0.0810708  0.000e+00
        408      0.492    12.0348    11.9899  -0.000023   0.077249     2.9585     2.8462     0.0037  0.0810708  0.000e+00
        409      0.467    12.0343    11.9892  -0.000230   0.076830     2.9585     2.8462     0.0037  0.0810708  0.000e+00
        410      0.492    12.0337    11.9887  -0.000053   0.076470     2.9585     2.8462     0.0037  0.0810708  0.000e+00
        411      0.467    12.0330    11.9880   0.000088   0.076003     2.9585     2.8462     0.0037  0.0810708  0.000e+00
        412      0.492    12.0325    11.9877  -0.000286   0.075414     2.9597     2.8462     0.0037  0.0810708  0.000e+00
        413      0.467    12.0319    11.9872   0.000024   0.074975     2.9585     2.8462     0.0037  0.0810708  0.000e+00
        414      0.492    12.0315    11.9869   0.000055   0.076329     2.9585     2.8462     0.0037  0.0805824  0.000e+00
        415      0.467    12.0309    11.9862  -0.000197   0.076088     2.9597     2.8462     0.0037  0.0805824  0.000e+00
        416      0.492    12.0300    11.9857  -0.000036   0.076102     2.9585     2.8462     0.0037  0.0805824  0.000e+00
        417      0.467    12.0296    11.9852  -0.000241   0.076122     2.9585     2.8462     0.0037  0.0805824  0.000e+00
        418      0.492    12.0289    11.9847   0.000132   0.075037     2.9585     2.8462     0.0037  0.0800940  0.000e+00
        419      0.525    12.0284    11.9842   0.000199   0.074981     2.9585     2.8462     0.0037  0.0800940  0.000e+00
        420      0.434    12.0279    11.9837   0.000196   0.075960     2.9597     2.8462     0.0037  0.0805824  0.000e+00
        421      0.467    12.0272    11.9834  -0.000003   0.076433     2.9597     2.8462     0.0037  0.0805824  0.000e+00
        422      0.492    12.0269    11.9829   0.000193   0.077238     2.9597     2.8462     0.0037  0.0805824  0.000e+00
        423      0.525    12.0264    11.9824  -0.000424   0.077221     2.9597     2.8462     0.0037  0.0805824  0.000e+00
        424      0.434    12.0259    11.9819  -0.000106   0.076816     2.9597     2.8462     0.0037  0.0800940  0.000e+00
        425      0.525    12.0251    11.9815   0.000105   0.075383     2.9585     2.8462     0.0037  0.0800940  0.000e+00
        426      0.492    12.0246    11.9809   0.000166   0.074913     2.9597     2.8462     0.0037  0.0805824  0.000e+00
        427      0.467    12.0239    11.9806   0.000152   0.075536     2.9597     2.8462     0.0037  0.0800940  0.000e+00
        428      0.434    12.0236    11.9802   0.000088   0.076459     2.9585     2.8462     0.0037  0.0805824  0.000e+00
        429      0.525    12.0233    11.9798   0.000063   0.076918     2.9585     2.8462     0.0037  0.0805824  0.000e+00
        430      0.492    12.0224    11.9794   0.000196   0.076822     2.9597     2.8462     0.0037  0.0805824  0.000e+00
        431      0.467    12.0222    11.9787   0.000343   0.076980     2.9597     2.8462     0.0037  0.0800940  0.000e+00
        432      0.434    12.0213    11.9784   0.000041   0.076170     2.9597     2.8462     0.0037  0.0800940  0.000e+00
        433      0.525    12.0208    11.9775  -0.000230   0.076048     2.9585     2.8462     0.0037  0.0805824  0.000e+00
        434      0.492    12.0204    11.9772   0.000205   0.076309     2.9585     2.8462     0.0037  0.0805824  0.000e+00
        435      0.467    12.0197    11.9767  -0.000042   0.075193     2.9585     2.8462     0.0037  0.0800940  0.000e+00
        436      0.492    12.0193    11.9765  -0.000117   0.074621     2.9585     2.8462     0.0037  0.0805824  0.000e+00
        437      0.467    12.0188    11.9759 -4.628e-07   0.074901     2.9597     2.8462     0.0037  0.0805824  0.000e+00
        438      0.492    12.0181    11.9751  -0.000086   0.076320     2.9597     2.8462     0.0037  0.0800940  0.000e+00
        439      0.467    12.0176    11.9748  -0.000092   0.076323     2.9597     2.8462     0.0037  0.0800940  0.000e+00
        440      0.492    12.0171    11.9744   0.000036   0.074522     2.9597     2.8462     0.0037  0.0805824  0.000e+00
        441      0.467    12.0164    11.9738  -0.000241   0.075091     2.9597     2.8462     0.0035  0.0810708  0.000e+00
        442      0.492    12.0159    11.9733  -0.000167   0.075966     2.9597     2.8462     0.0035  0.0810708  0.000e+00
        443      0.467    12.0154    11.9730  -0.000139   0.074661     2.9597     2.8462     0.0035  0.0805824  0.000e+00
        444      0.492    12.0148    11.9723  -0.000228   0.075635     2.9585     2.8462     0.0035  0.0810708  0.000e+00
        445      0.467    12.0143    11.9720   0.000216   0.075739     2.9585     2.8462     0.0035  0.0810708  0.000e+00
        446      0.491    12.0138    11.9713   0.000313   0.073368     2.9597     2.8462     0.0035  0.0810708  0.000e+00
        447      0.467    12.0128    11.9710  -0.000133   0.074471     2.9597     2.8462     0.0035  0.0810708  0.000e+00
        448      0.491    12.0127    11.9705   0.000149   0.074049     2.9597     2.8462     0.0035  0.0805824  0.000e+00
        449      0.467    12.0121    11.9698  -0.000103   0.075320     2.9597     2.8462     0.0035  0.0810708  0.000e+00
        450      0.491    12.0113    11.9695  -0.000441   0.075411     2.9597     2.8462     0.0035  0.0810708  0.000e+00
        451      0.467    12.0108    11.9688   0.000157   0.075374     2.9597     2.8462     0.0035  0.0810708  0.000e+00
        452      0.434    12.0103    11.9685  -0.000192   0.074160     2.9585     2.8462     0.0035  0.0810708  0.000e+00
        453      0.524    12.0096    11.9680  -0.000078   0.074559     2.9585     2.8462     0.0035  0.0805824  0.000e+00
        454      0.491    12.0093    11.9675   0.000373   0.075669     2.9585     2.8462     0.0035  0.0810708  0.000e+00
        455      0.467    12.0085    11.9668  -0.000012   0.075397     2.9585     2.8462     0.0035  0.0810708  0.000e+00
        456      0.434    12.0080    11.9665  -0.000067   0.074372     2.9585     2.8462     0.0035  0.0810708  0.000e+00
        457      0.524    12.0073    11.9659   0.000398   0.074819     2.9585     2.8462     0.0035  0.0805824  0.000e+00
        458      0.434    12.0068    11.9656  -0.000225   0.074774     2.9585     2.8462     0.0035  0.0810708  0.000e+00
        459      0.524    12.0062    11.9647  -0.000081   0.075796     2.9585     2.8462     0.0035  0.0810708  0.000e+00
        460      0.491    12.0057    11.9643   0.000166   0.076207     2.9585     2.8462     0.0035  0.0810708  0.000e+00
        461      0.467    12.0052    11.9639  -0.000117   0.074867     2.9585     2.8462     0.0035  0.0810708  0.000e+00
        462      0.434    12.0047    11.9635   0.000196   0.074664     2.9597     2.8462     0.0035  0.0805824  0.000e+00
        463      0.467    12.0041    11.9628   0.000634   0.074451     2.9585     2.8462     0.0035  0.0810708  0.000e+00
        464      0.491    12.0035    11.9625   0.000055   0.074805     2.9585     2.8462     0.0035  0.0810708  0.000e+00
        465      0.466    12.0030    11.9619  -0.000070   0.074137     2.9585     2.8462     0.0035  0.0810708  0.000e+00
        466      0.491    12.0024    11.9613   0.000290   0.074672     2.9597     2.8462     0.0035  0.0810708  0.000e+00
        467      0.466    12.0017    11.9608  -0.000128   0.075312     2.9597     2.8462     0.0035  0.0810708  0.000e+00
        468      0.491    12.0015    11.9604  -0.000156   0.075836     2.9597     2.8462     0.0035  0.0810708  0.000e+00
        469      0.466    12.0009    11.9595   0.000238   0.075422     2.9597     2.8462     0.0035  0.0810708  0.000e+00
        470      0.491    12.0002    11.9593  -0.000355   0.076108     2.9597     2.8462     0.0035  0.0810708  0.000e+00
        471      0.466    11.9997    11.9587  -0.000117   0.075782     2.9597     2.8462     0.0035  0.0810708  0.000e+00
        472      0.491    11.9991    11.9585   0.000138   0.075768     2.9597     2.8462     0.0035  0.0805824  0.000e+00
        473      0.466    11.9986    11.9578  -0.000017   0.074740     2.9597     2.8462     0.0035  0.0810708  0.000e+00
        474      0.491    11.9981    11.9572   0.000030   0.074429     2.9597     2.8462     0.0035  0.0805824  0.000e+00
        475      0.466    11.9974    11.9569   0.000196   0.074989     2.9597     2.8462     0.0035  0.0805824  0.000e+00
        476      0.433    11.9969    11.9565  -0.000305   0.075881     2.9597     2.8462     0.0035  0.0810708  0.000e+00
        477      0.524    11.9965    11.9558  -0.000139   0.076034     2.9597     2.8462     0.0035  0.0810708  0.000e+00
        478      0.433    11.9957    11.9554  -0.000275   0.076108     2.9597     2.8462     0.0035  0.0810708  0.000e+00
        479      0.466    11.9954    11.9550  -0.000463   0.074732     2.9585     2.8462     0.0035  0.0810708  0.000e+00
        480      0.491    11.9947    11.9545   0.000271   0.075346     2.9585     2.8462     0.0035  0.0810708  0.000e+00
        481      0.524    11.9943    11.9540   0.000221   0.075737     2.9585     2.8462     0.0035  0.0810708  0.000e+00
        482      0.433    11.9938    11.9537  -0.000053   0.075669     2.9585     2.8462     0.0035  0.0810708  0.000e+00
        483      0.524    11.9931    11.9530   0.000182   0.077272     2.9597     2.8462     0.0035  0.0810708  0.000e+00
        484      0.433    11.9926    11.9523  -0.000374   0.076482     2.9597     2.8462     0.0035  0.0810708  0.000e+00
        485      0.466    11.9918    11.9520  -0.000416   0.076210     2.9585     2.8462     0.0035  0.0810708  0.000e+00
        486      0.491    11.9914    11.9515   0.000132   0.075272     2.9585     2.8462     0.0035  0.0810708  0.000e+00
        487      0.466    11.9906    11.9510   0.000002   0.074879     2.9585     2.8462     0.0035  0.0810708  0.000e+00
        488      0.491    11.9903    11.9505  -0.000084   0.076156     2.9585     2.8462     0.0035  0.0810708  0.000e+00
        489      0.466    11.9895    11.9500  -0.000078   0.075366     2.9585     2.8462     0.0035  0.0810708  0.000e+00
        490      0.433    11.9889    11.9496   0.000052   0.074904     2.9585     2.8462     0.0035  0.0810708  0.000e+00
        491      0.524    11.9886    11.9488   0.000091   0.076040     2.9597     2.8462     0.0035  0.0810708  0.000e+00
        492      0.433    11.9878    11.9487   0.000088   0.076014     2.9597     2.8462     0.0035  0.0805824  0.000e+00
        493      0.524    11.9875    11.9480   0.000036   0.075422     2.9597     2.8462     0.0035  0.0810708  0.000e+00
        494      0.433    11.9868    11.9477   0.000030   0.076269     2.9597     2.8462     0.0035  0.0810708  0.000e+00
        495      0.466    11.9865    11.9473   0.000396   0.075111     2.9585     2.8462     0.0035  0.0805824  0.000e+00
        496      0.491    11.9858    11.9467  -0.000197   0.076091     2.9585     2.8462     0.0035  0.0810708  0.000e+00
        497      0.466    11.9855    11.9463  -0.000277   0.076125     2.9597     2.8462     0.0035  0.0810708  0.000e+00
        498      0.433    11.9850    11.9457   0.000235   0.077439     2.9597     2.8462     0.0035  0.0810708  0.000e+00
        499      0.524    11.9845    11.9455  -0.000416   0.076731     2.9585     2.8462     0.0035  0.0810708  0.000e+00
        500      0.433    11.9838    11.9449   0.000063   0.076720     2.9585     2.8462     0.0035  0.0810708  0.000e+00
        501      0.524    11.9833    11.9441   0.000429   0.074638     2.9585     2.8462     0.0035  0.0810708  0.000e+00
        502      0.433    11.9827    11.9440  -0.000521   0.075926     2.9597     2.8462     0.0035  0.0810708  0.000e+00
        503      0.466    11.9822    11.9434  -0.000233   0.075063     2.9597     2.8462     0.0035  0.0810708  0.000e+00
        504      0.491    11.9817    11.9428   0.000252   0.074930     2.9597     2.8462     0.0035  0.0810708  0.000e+00
        505      0.466    11.9810    11.9422  -0.000100   0.076388     2.9597     2.8462     0.0035  0.0810708  0.000e+00
        506      0.491    11.9804    11.9418   0.000166   0.076484     2.9585     2.8462     0.0035  0.0810708  0.000e+00
        507      0.466    11.9798    11.9412   0.000110   0.075125     2.9597     2.8462     0.0035  0.0810708  0.000e+00
        508      0.433    11.9792    11.9406  -0.000324   0.075210     2.9597     2.8462     0.0035  0.0805824  0.000e+00
        509      0.466    11.9785    11.9402   0.000138   0.074819     2.9597     2.8462     0.0035  0.0810708  0.000e+00
        510      0.491    11.9780    11.9398   0.000019   0.075131     2.9597     2.8462     0.0035  0.0810708  0.000e+00
        511      0.466    11.9775    11.9390  -0.000106   0.075663     2.9597     2.8462     0.0035  0.0810708  0.000e+00
        512      0.490    11.9769    11.9387   0.000069   0.074171     2.9585     2.8462     0.0035  0.0810708  0.000e+00
        513      0.466    11.9764    11.9383  -0.000156   0.073495     2.9597     2.8462     0.0035  0.0805824  0.000e+00
        514      0.433    11.9759    11.9377  -0.000222   0.075366     2.9597     2.8462     0.0035  0.0810708  0.000e+00
        515      0.400    11.9753    11.9371   0.000221   0.075068     2.9597     2.8462     0.0035  0.0810708  0.000e+00
        516      0.556    11.9747    11.9368  -0.000313   0.075346     2.9597     2.8462     0.0035  0.0805824  0.000e+00
        517      0.466    11.9742    11.9364  -0.000092   0.076210     2.9597     2.8462     0.0037  0.0810708  0.000e+00
        518      0.490    11.9738    11.9362   0.000315   0.073990     2.9597     2.8462     0.0037  0.0805824  0.000e+00
        519      0.466    11.9732    11.9355  -0.000372   0.073976     2.9597     2.8462     0.0037  0.0810708  0.000e+00
        520      0.433    11.9729    11.9348  -0.000147   0.076096     2.9597     2.8462     0.0037  0.0805824  0.000e+00
        521      0.466    11.9723    11.9344   0.000329   0.074828     2.9597     2.8462     0.0037  0.0805824  0.000e+00
        522      0.490    11.9717    11.9336  -0.000056   0.074233     2.9597     2.8462     0.0037  0.0810708  0.000e+00
        523      0.466    11.9709    11.9333   0.000224   0.072861     2.9597     2.8462     0.0037  0.0810708  0.000e+00
        524      0.556    11.9705    11.9327   0.000229   0.074066     2.9597     2.8462     0.0037  0.0810708  0.000e+00
