data/2021/ctd_data_day1/Station 3 210921.cnv
* Sea-Bird SBE 9 Data File:
* FileName = C:\Users\CTD-User\Desktop\MAR440\Station 3 210921.hex
* Software Version Seasave V 7.26.2.13
* Temperature SN = 6313
* Conductivity SN = 4758
* Number of Bytes Per Scan = 30
* Number of Voltage Words = 4
* Number of Scans Averaged by the Deck Unit = 1
* NMEA baud rate = 4800
** Ship:
** Station:
** Operator:
# nquan = 11
# nvalues = 5414                                  
# units = specified
# name 0 = scan: Scan Count
# name 1 = prDM: Pressure, Digiquartz [db]
# name 2 = t090C: Temperature [ITS-90, deg C]
# name 3 = t190C: Temperature, 2 [ITS-90, deg C]
# name 4 = c0S/m: Conductivity [S/m]
# name 5 = c1S/m: Conductivity, 2 [S/m]
# name 6 = sbeox0V: Oxygen raw, SBE 43 [V]
# name 7 = sbeox1V: Oxygen raw, SBE 43, 2 [V]
# name 8 = flECO-AFL: Fluorescence, WET Labs ECO-AFL/FL [mg/m^3]
# name 9 = upoly0: Upoly 0, Turbidity
# name 10 = flag:  0.000e+00
# span 0 =          1,       5414                 
# span 1 =      1.484,     20.539                 
# span 2 =     8.0003,    16.1871                 
# span 3 =     8.0022,    16.1888                 
# span 4 =   2.919530,   3.490542                 
# span 5 =   2.966036,   3.491878                 
# span 6 =     0.4650,     2.8157                 
# span 7 =     0.5261,     2.6667                 
# span 8 =     0.0033,     0.0092                 
# span 9 =  0.0883968,  0.1934029                 
# span 10 = 0.0000e+00, 0.0000e+00                
# interval = seconds: 0.0416667
# start_time = Sep 21 2021 09:31:52 [System UTC, header]
# bad_flag = -9.990e-29
*END*
[from data line 1443]
       1444      1.641    15.4779    15.5083   3.040688   3.075545     2.8157     2.5837     0.0048  0.1831465  0.000e+00
       1445      1.542    15.4810    15.5141   3.040973   3.075457     2.8157     2.5837     0.0048  0.1831465  0.000e+00
       1446      1.575    15.4896    15.5243   3.041263   3.075318     2.8144     2.5849     0.0048  0.1831465  0.000e+00
       1447      1.608    15.4900    15.5377   3.041129   3.075490     2.8132     2.5849     0.0048  0.1831465  0.000e+00
       1448      1.641    15.4825    15.5503   3.040382   3.075899     2.8157     2.5861     0.0048  0.1831465  0.000e+00
       1449      1.542    15.4641    15.5659   3.038805   3.076098     2.8157     2.5861     0.0048  0.1831465  0.000e+00
       1450      1.641    15.4491    15.5692   3.037512   3.076447     2.8157     2.5873     0.0048  0.1831465  0.000e+00
       1451      1.542    15.4470    15.5701   3.037038   3.077056     2.8132     2.5873     0.0048  0.1831465  0.000e+00
       1452      1.575    15.4548    15.5768   3.036553   3.077997     2.8132     2.5886     0.0048  0.1782625  0.000e+00
       1453      1.608    15.4532    15.5944   3.035590   3.079331     2.8157     2.5886     0.0048  0.1743553  0.000e+00
       1454      1.608    15.4474    15.6090   3.034264   3.080959     2.8144     2.5898     0.0048  0.1733785  0.000e+00
       1455      1.575    15.4430    15.6216   3.033027   3.082532     2.8132     2.5898     0.0048  0.1738669  0.000e+00
       1456      1.608    15.4245    15.6335   3.031385   3.083684     2.8108     2.5898     0.0048  0.1738669  0.000e+00
       1457      1.575    15.4093    15.6398   3.029002   3.084382     2.8108     2.5898     0.0048  0.1738669  0.000e+00
       1458      1.542    15.4001    15.6373   3.027249   3.084886     2.8120     2.5898     0.0048  0.1738669  0.000e+00
       1459      1.575    15.3974    15.6429   3.026609   3.085434     2.8132     2.5898     0.0048  0.1738669  0.000e+00
       1460      1.608    15.3996    15.6442   3.025485   3.086110     2.8120     2.5886     0.0048  0.1738669  0.000e+00
       1461      1.575    15.3945    15.6417   3.024033   3.086731     2.8096     2.5898     0.0048  0.1738669  0.000e+00
       1462      1.608    15.3900    15.6342   3.022086   3.087352     2.8083     2.5886     0.0048  0.1738669  0.000e+00
       1463      1.575    15.3842    15.6335   3.019928   3.088355     2.8096     2.5886     0.0048  0.1743553  0.000e+00
       1464      1.608    15.3778    15.6408   3.018022   3.089320     2.8096     2.5886     0.0048  0.1743553  0.000e+00
       1465      1.575    15.3768    15.6512   3.016965   3.090018     2.8071     2.5873     0.0048  0.1738669  0.000e+00
       1466      1.542    15.3793    15.6613   3.016610   3.090450     2.8059     2.5873     0.0048  0.1738669  0.000e+00
       1467      1.641    15.3709    15.6652   3.016710   3.091227     2.8059     2.5873     0.0048  0.1738669  0.000e+00
       1468      1.542    15.3639    15.6645   3.017155   3.092413     2.8071     2.5873     0.0048  0.1738669  0.000e+00
       1469      1.575    15.3651    15.6676   3.017627   3.093262     2.8047     2.5861     0.0048  0.1738669  0.000e+00
       1470      1.608    15.3703    15.6608   3.017744   3.093806     2.8022     2.5861     0.0048  0.1738669  0.000e+00
       1471      1.575    15.3757    15.6327   3.017127   3.094566     2.7998     2.5861     0.0048  0.1738669  0.000e+00
       1472      1.608    15.3779    15.6071   3.018083   3.095676     2.7998     2.5861     0.0048  0.1738669  0.000e+00
       1473      1.575    15.3812    15.5867   3.021491   3.096358     2.7986     2.5849     0.0048  0.1738669  0.000e+00
       1474      1.608    15.3802    15.5896   3.025435   3.096203     2.7986     2.5849     0.0048  0.1738669  0.000e+00
       1475      1.575    15.3773    15.6260   3.028234   3.095514     2.7961     2.5849     0.0048  0.1738669  0.000e+00
       1476      1.608    15.3824    15.6565   3.029642   3.094738     2.7937     2.5837     0.0048  0.1738669  0.000e+00
       1477      1.542    15.4008    15.6611   3.029147   3.094699     2.7925     2.5837     0.0048  0.1743553  0.000e+00
       1478      1.641    15.4157    15.6378   3.026982   3.095087     2.7925     2.5824     0.0049  0.1753321  0.000e+00
       1479      1.542    15.4274    15.6105   3.024071   3.095481     2.7888     2.5824     0.0049  0.1753321  0.000e+00
       1480      1.575    15.4367    15.5892   3.020695   3.095809     2.7876     2.5812     0.0049  0.1753321  0.000e+00
       1481      1.608    15.4255    15.5748   3.018344   3.096247     2.7864     2.5812     0.0049  0.1753321  0.000e+00
       1482      1.575    15.4099    15.5702   3.019639   3.096475     2.7839     2.5812     0.0049  0.1753321  0.000e+00
       1483      1.608    15.4032    15.6023   3.025273   3.096108     2.7827     2.5800     0.0049  0.1753321  0.000e+00
       1484      1.575    15.4223    15.6460   3.031173   3.095564     2.7790     2.5788     0.0049  0.1753321  0.000e+00
       1485      1.608    15.4347    15.6700   3.033345   3.095642     2.7766     2.5776     0.0049  0.1753321  0.000e+00
       1486      1.575    15.4208    15.6828   3.032276   3.096785     2.7741     2.5776     0.0049  0.1753321  0.000e+00
       1487      1.542    15.4089    15.6893   3.029297   3.098527     2.7741     2.5763     0.0049  0.1753321  0.000e+00
       1488      1.641    15.4081    15.6961   3.026264   3.099842     2.7717     2.5751     0.0049  0.1753321  0.000e+00
       1489      1.542    15.4094    15.6993   3.024461   3.100497     2.7680     2.5739     0.0049  0.1753321  0.000e+00
       1490      1.575    15.4079    15.7052   3.023143   3.100675     2.7668     2.5739     0.0049  0.1753321  0.000e+00
       1491      1.608    15.4025    15.7036   3.020785   3.100309     2.7632     2.5727     0.0049  0.1753321  0.000e+00
       1492      1.575    15.3768    15.6959   3.017210   3.099443     2.7632     2.5715     0.0049  0.1753321  0.000e+00
       1493      1.542    15.3417    15.6877   3.013265   3.098594     2.7607     2.5702     0.0049  0.1753321  0.000e+00
       1494      1.575    15.3057    15.6811   3.008878   3.098111     2.7571     2.5702     0.0049  0.1753321  0.000e+00
       1495      1.608    15.2735    15.6731   3.004354   3.097439     2.7546     2.5690     0.0049  0.1753321  0.000e+00
       1496      1.575    15.2513    15.6645   2.999943   3.096524     2.7522     2.5678     0.0049  0.1753321  0.000e+00
       1497      1.542    15.2405    15.6577   2.995951   3.095941     2.7522     2.5666     0.0049  0.1753321  0.000e+00
       1498      1.641    15.2349    15.6575   2.992781   3.095764     2.7497     2.5654     0.0049  0.1753321  0.000e+00
       1499      1.542    15.2295    15.6614   2.990825   3.095547     2.7473     2.5641     0.0049  0.1753321  0.000e+00
       1500      1.575    15.2390    15.6637   2.989352   3.095248     2.7448     2.5629     0.0049  0.1753321  0.000e+00
       1501      1.608    15.2643    15.6574   2.987978   3.095303     2.7424     2.5617     0.0049  0.1753321  0.000e+00
       1502      1.542    15.2766    15.6458   2.986394   3.095620     2.7424     2.5617     0.0049  0.1753321  0.000e+00
       1503      1.575    15.2854    15.6349   2.985148   3.095797     2.7387     2.5605     0.0051  0.1738669  0.000e+00
       1504      1.542    15.3009    15.6381   2.984124   3.096080     2.7363     2.5592     0.0051  0.1728901  0.000e+00
       1505      1.575    15.3035    15.6447   2.983056   3.096252     2.7351     2.5592     0.0051  0.1724017  0.000e+00
       1506      1.608    15.2855    15.6475   2.982502   3.095919     2.7339     2.5580     0.0051  0.1724017  0.000e+00
       1507      1.575    15.2737    15.6465   2.981993   3.095520     2.7326     2.5568     0.0051  0.1724017  0.000e+00
       1508      1.542    15.2678    15.6424   2.981473   3.095581     2.7290     2.5556     0.0051  0.1724017  0.000e+00
       1509      1.575    15.2617    15.6422   2.980837   3.095797     2.7277     2.5556     0.0051  0.1724017  0.000e+00
       1510      1.608    15.2530    15.6481   2.980090   3.096108     2.7253     2.5544     0.0051  0.1724017  0.000e+00
       1511      1.517    15.2400    15.6507   2.979631   3.096280     2.7253     2.5531     0.0051  0.1724017  0.000e+00
       1512      1.608    15.2337    15.6528   2.978956   3.096568     2.7241     2.5519     0.0051  0.1724017  0.000e+00
       1513      1.575    15.2373    15.6524   2.978431   3.096807     2.7216     2.5507     0.0051  0.1724017  0.000e+00
       1514      1.608    15.2383    15.6519   2.978088   3.096940     2.7192     2.5495     0.0051  0.1728901  0.000e+00
       1515      1.575    15.2351    15.6559   2.978370   3.096746     2.7180     2.5483     0.0051  0.1724017  0.000e+00
       1516      1.542    15.2373    15.6603   2.978713   3.096746     2.7180     2.5470     0.0051  0.1724017  0.000e+00
       1517      1.575    15.2439    15.6647   2.979708   3.096896     2.7168     2.5458     0.0051  0.1724017  0.000e+00
       1518      1.608    15.2546    15.6685   2.981822   3.096918     2.7143     2.5446     0.0051  0.1724017  0.000e+00
       1519      1.575    15.2729    15.6638   2.985475   3.096929     2.7119     2.5434     0.0051  0.1724017  0.000e+00
       1520      1.542    15.2892    15.6589   2.990254   3.096979     2.7131     2.5422     0.0051  0.1724017  0.000e+00
       1521      1.575    15.3181    15.6565   2.996865   3.096929     2.7119     2.5409     0.0051  0.1724017  0.000e+00
       1522      1.608    15.3617    15.6557   3.005535   3.097190     2.7094     2.5397     0.0051  0.1724017  0.000e+00
       1523      1.575    15.3893    15.6564   3.014126   3.097423     2.7082     2.5385     0.0051  0.1724017  0.000e+00
       1524      1.608    15.4297    15.6588   3.021413   3.097756     2.7058     2.5373     0.0051  0.1724017  0.000e+00
       1525      1.575    15.4372    15.6668   3.030143   3.098166     2.7045     2.5360     0.0051  0.1724017  0.000e+00
       1526      1.542    15.4093    15.6766   3.038755   3.098277     2.7045     2.5360     0.0051  0.1724017  0.000e+00
       1527      1.608    15.4030    15.6818   3.045379   3.098116     2.7033     2.5336     0.0051  0.1728901  0.000e+00
       1528      1.575    15.4214    15.6872   3.051154   3.097989     2.7009     2.5336     0.0051  0.1728901  0.000e+00
       1529      1.542    15.4572    15.6852   3.055548   3.097983     2.6997     2.5324     0.0049  0.1728901  0.000e+00
       1530      1.575    15.4784    15.6752   3.059312   3.097772     2.6997     2.5312     0.0049  0.1728901  0.000e+00
       1531      1.608    15.4945    15.6678   3.062347   3.097589     2.6997     2.5299     0.0049  0.1728901  0.000e+00
       1532      1.575    15.5054    15.6627   3.064561   3.097584     2.6984     2.5287     0.0049  0.1728901  0.000e+00
       1533      1.542    15.5196    15.6620   3.066780   3.097723     2.6960     2.5275     0.0049  0.1728901  0.000e+00
       1534      1.575    15.5370    15.6635   3.069370   3.097850     2.6936     2.5275     0.0049  0.1728901  0.000e+00
       1535      1.608    15.5461    15.6661   3.071362   3.098061     2.6960     2.5263     0.0049  0.1728901  0.000e+00
       1536      1.575    15.5529    15.6691   3.072307   3.098216     2.6948     2.5263     0.0049  0.1728901  0.000e+00
       1537      1.542    15.5540    15.6708   3.072604   3.098588     2.6936     2.5251     0.0049  0.1728901  0.000e+00
       1538      1.575    15.5565    15.6726   3.071406   3.098799     2.6911     2.5238     0.0049  0.1728901  0.000e+00
       1539      1.608    15.5659    15.6780   3.070063   3.098732     2.6911     2.5226     0.0049  0.1728901  0.000e+00
       1540      1.575    15.5404    15.6825   3.069845   3.098466     2.6936     2.5226     0.0049  0.1728901  0.000e+00
       1541      1.542    15.4977    15.6857   3.069040   3.097961     2.6911     2.5214     0.0049  0.1728901  0.000e+00
       1542      1.575    15.4724    15.6877   3.066552   3.097450     2.6899     2.5202     0.0049  0.1733785  0.000e+00
       1543      1.542    15.4589    15.6883   3.062297   3.097251     2.6887     2.5190     0.0049  0.1728901  0.000e+00
       1544      1.575    15.4606    15.6849   3.057519   3.097117     2.6899     2.5190     0.0049  0.1733785  0.000e+00
       1545      1.608    15.4606    15.6816   3.052119   3.096629     2.6911     2.5177     0.0049  0.1728901  0.000e+00
       1546      1.575    15.4540    15.6819   3.046483   3.096013     2.6911     2.5165     0.0049  0.1728901  0.000e+00
       1547      1.542    15.4567    15.6838   3.041854   3.095686     2.6899     2.5153     0.0049  0.1733785  0.000e+00
       1548      1.575    15.4608    15.6830   3.039172   3.095309     2.6899     2.5153     0.0049  0.1728901  0.000e+00
       1549      1.608    15.4624    15.6773   3.038448   3.094604     2.6899     2.5141     0.0049  0.1728901  0.000e+00
       1550      1.575    15.4676    15.6666   3.039418   3.093916     2.6923     2.5141     0.0049  0.1728901  0.000e+00
       1551      1.542    15.4718    15.6508   3.041703   3.093517     2.6911     2.5129     0.0049  0.1728901  0.000e+00
       1552      1.608    15.4709    15.6362   3.043978   3.093168     2.6911     2.5129     0.0049  0.1728901  0.000e+00
       1553      1.575    15.4476    15.6311   3.046148   3.092392     2.6911     2.5116     0.0049  0.1728901  0.000e+00
       1554      1.542    15.4181    15.6320   3.048179   3.091560     2.6936     2.5116     0.0051  0.1738669  0.000e+00
       1555      1.575    15.4064    15.6374   3.049608   3.091022     2.6936     2.5104     0.0051  0.1743553  0.000e+00
       1556      1.608    15.4028    15.6506   3.050021   3.090567     2.6936     2.5104     0.0051  0.1743553  0.000e+00
       1557      1.517    15.3995    15.6565   3.049284   3.090179     2.6936     2.5104     0.0051  0.1743553  0.000e+00
       1558      1.608    15.3934    15.6502   3.047900   3.089769     2.6936     2.5092     0.0051  0.1743553  0.000e+00
       1559      1.575    15.4079    15.6420   3.047872   3.089259     2.6960     2.5092     0.0051  0.1743553  0.000e+00
       1560      1.608    15.4235    15.6275   3.048955   3.088821     2.6960     2.5080     0.0051  0.1743553  0.000e+00
       1561      1.575    15.4179    15.6218   3.050428   3.088571     2.6960     2.5080     0.0051  0.1743553  0.000e+00
       1562      1.542    15.4188    15.6298   3.051684   3.088333     2.6948     2.5067     0.0051  0.1743553  0.000e+00
       1563      1.575    15.4267    15.6364   3.052946   3.088078     2.6960     2.5067     0.0051  0.1743553  0.000e+00
       1564      1.608    15.4368    15.6321   3.053822   3.087928     2.6984     2.5067     0.0051  0.1743553  0.000e+00
       1565      1.575    15.4445    15.6301   3.053722   3.087773     2.6984     2.5055     0.0051  0.1743553  0.000e+00
       1566      1.542    15.4450    15.6294   3.054157   3.087563     2.6960     2.5055     0.0051  0.1743553  0.000e+00
       1567      1.575    15.4532    15.6196   3.055648   3.087419     2.6960     2.5043     0.0051  0.1743553  0.000e+00
       1568      1.608    15.4604    15.6189   3.057072   3.087496     2.6948     2.5043     0.0051  0.1743553  0.000e+00
       1569      1.575    15.4488    15.6293   3.057385   3.087574     2.6972     2.5043     0.0051  0.1743553  0.000e+00
       1570      1.608    15.4480    15.6371   3.057106   3.087457     2.6948     2.5031     0.0051  0.1743553  0.000e+00
       1571      1.575    15.4709    15.6415   3.057860   3.087180     2.6936     2.5031     0.0051  0.1743553  0.000e+00
       1572      1.542    15.4882    15.6420   3.058837   3.086892     2.6923     2.5019     0.0051  0.1743553  0.000e+00
       1573      1.641    15.4603    15.6377   3.058709   3.086543     2.6936     2.5006     0.0051  0.1743553  0.000e+00
