data/2021/ctd_data_day1/Station 6 210921_ctm_fil_le.cnv
* Sea-Bird SBE 9 Data File:
* FileName = C:\Users\CTD-User\Desktop\MAR440\Station 6 210921.hex
* Software Version Seasave V 7.26.2.13
* Temperature SN = 6313
* Conductivity SN = 4758
* Number of Bytes Per Scan = 30
* Number of Voltage Words = 4
* Number of Scans Averaged by the Deck Unit = 1
* NMEA baud rate = 4800
** Ship:
** Station:
** Operator:
# nquan = 11
# nvalues = 4130                        
# units = specified
# name 0 = scan: Scan Count
# name 1 = prDM: Pressure, Digiquartz [db]
# name 2 = t090C: Temperature [ITS-90, deg C]
# name 3 = t190C: Temperature, 2 [ITS-90, deg C]
# name 4 = c0S/m: Conductivity [S/m]
# name 5 = c1S/m: Conductivity, 2 [S/m]
# name 6 = sbeox0V: Oxygen raw, SBE 43 [V]
# name 7 = sbeox1V: Oxygen raw, SBE 43, 2 [V]
# name 8 = flECO-AFL: Fluorescence, WET Labs ECO-AFL/FL [mg/m^3]
# name 9 = upoly0: Upoly 0, Turbidity
# name 10 = flag:  0.000e+00
# span 0 =          1,       4130       
# span 1 =      0.401,     37.705       
# span 2 =     6.5339,    15.9700       
# span 3 =     6.5228,    15.9659       
# span 4 =   2.889567,   3.739249       
# span 5 =   2.889377,   3.740329       
# span 6 =     0.4861,     2.7979       
# span 7 =     0.5457,     2.7563       
# span 8 =     0.0033,     0.0189       
# span 9 =  0.0862693,  0.1633834       
# span 10 = 0.0000e+00, 0.0000e+00      
# interval = seconds: 0.0416667
# start_time = Sep 21 2021 10:55:39 [System UTC, header]
# bad_flag = -9.990e-29
*END*
[from data line 263]
        264      4.989    14.8191    14.8214   2.889919   2.893257     2.2793     2.1360     0.0049  0.1586276 0.0000e+00
        265      5.010    14.8181    14.8201   2.889915   2.893259     2.2787     2.1366     0.0049  0.1586509 0.0000e+00
        266      5.031    14.8171    14.8190   2.889910   2.893262     2.2781     2.1373     0.0049  0.1586754 0.0000e+00
        267      5.052    14.8162    14.8181   2.889906   2.893266     2.2776     2.1379     0.0048  0.1587004 0.0000e+00
        268      5.073    14.8152    14.8174   2.889903   2.893270     2.2770     2.1386     0.0046  0.1587252 0.0000e+00
        269      5.095    14.8141    14.8169   2.889901   2.893276     2.2765     2.1393     0.0046  0.1587492 0.0000e+00
        270      5.116    14.8130    14.8166   2.889900   2.893281     2.2760     2.1400     0.0046  0.1587708 0.0000e+00
        271      5.137    14.8117    14.8164   2.889899   2.893288     2.2755     2.1408     0.0046  0.1587893 0.0000e+00
        272      5.158    14.8103    14.8164   2.889897   2.893294     2.2749     2.1415     0.0046  0.1588048 0.0000e+00
        273      5.179    14.8089    14.8165   2.889894   2.893302     2.2744     2.1423     0.0046  0.1588175 0.0000e+00
        274      5.200    14.8073    14.8167   2.889888   2.893310     2.2740     2.1431     0.0046  0.1588274 0.0000e+00
        275      5.221    14.8056    14.8171   2.889881   2.893319     2.2735     2.1439     0.0046  0.1588346 0.0000e+00
        276      5.242    14.8039    14.8176   2.889874   2.893329     2.2730     2.1448     0.0046  0.1588400 0.0000e+00
        277      5.263    14.8021    14.8183   2.889868   2.893340     2.2726     2.1457     0.0046  0.1588445 0.0000e+00
        278      5.284    14.8003    14.8191   2.889864   2.893351     2.2721     2.1466     0.0046  0.1588482 0.0000e+00
        279      5.305    14.7985    14.8199   2.889860   2.893363     2.2717     2.1475     0.0046  0.1588509 0.0000e+00
        280      5.326    14.7966    14.8209   2.889857   2.893376     2.2712     2.1484     0.0044  0.1588520 0.0000e+00
        281      5.347    14.7946    14.8218   2.889852   2.893389     2.2708     2.1493     0.0046  0.1588515 0.0000e+00
        282      5.368    14.7925    14.8228   2.889845   2.893402     2.2704     2.1502     0.0046  0.1588501 0.0000e+00
        283      5.389    14.7902    14.8238   2.889837   2.893415     2.2700     2.1512     0.0046  0.1588470 0.0000e+00
        284      5.410    14.7877    14.8248   2.889828   2.893429     2.2696     2.1522     0.0046  0.1588422 0.0000e+00
        285      5.431    14.7851    14.8257   2.889818   2.893442     2.2693     2.1531     0.0046  0.1588365 0.0000e+00
        286      5.451    14.7823    14.8265   2.889809   2.893456     2.2689     2.1541     0.0046  0.1588298 0.0000e+00
        287      5.472    14.7794    14.8273   2.889801   2.893470     2.2685     2.1551     0.0046  0.1588222 0.0000e+00
        288      5.493    14.7764    14.8280   2.889793   2.893484     2.2682     2.1561     0.0046  0.1588136 0.0000e+00
        289      5.514    14.7732    14.8286   2.889784   2.893499     2.2678     2.1571     0.0046  0.1588038 0.0000e+00
        290      5.535    14.7698    14.8290   2.889773   2.893513     2.2675     2.1581     0.0046  0.1587929 0.0000e+00
        291      5.556    14.7664    14.8294   2.889760   2.893527     2.2672     2.1591     0.0046  0.1587808 0.0000e+00
        292      5.577    14.7627    14.8295   2.889746   2.893542     2.2668     2.1601     0.0046  0.1587673 0.0000e+00
        293      5.598    14.7590    14.8295   2.889731   2.893556     2.2665     2.1611     0.0046  0.1587533 0.0000e+00
        294      5.619    14.7552    14.8293   2.889718   2.893570     2.2662     2.1621     0.0046  0.1587395 0.0000e+00
        295      5.640    14.7512    14.8289   2.889706   2.893584     2.2659     2.1631     0.0046  0.1587257 0.0000e+00
        296      5.661    14.7473    14.8283   2.889695   2.893598     2.2657     2.1641     0.0046  0.1587120 0.0000e+00
        297      5.682    14.7433    14.8274   2.889684   2.893613     2.2654     2.1651     0.0046  0.1586989 0.0000e+00
        298      5.703    14.7393    14.8264   2.889672   2.893628     2.2652     2.1661     0.0046  0.1586875 0.0000e+00
        299      5.723    14.7353    14.8251   2.889660   2.893643     2.2650     2.1671     0.0046  0.1586774 0.0000e+00
        300      5.744    14.7314    14.8236   2.889647   2.893658     2.2647     2.1680     0.0046  0.1586695 0.0000e+00
        301      5.765    14.7276    14.8219   2.889633   2.893672     2.2646     2.1690     0.0046  0.1586638 0.0000e+00
        302      5.786    14.7241    14.8199   2.889621   2.893687     2.2644     2.1700     0.0046  0.1586585 0.0000e+00
        303      5.807    14.7207    14.8176   2.889611   2.893701     2.2642     2.1709     0.0046  0.1586536 0.0000e+00
        304      5.828    14.7175    14.8151   2.889603   2.893714     2.2641     2.1719     0.0046  0.1586507 0.0000e+00
        305      5.849    14.7146    14.8124   2.889596   2.893727     2.2639     2.1728     0.0046  0.1586507 0.0000e+00
        306      5.869    14.7120    14.8095   2.889590   2.893741     2.2638     2.1737     0.0046  0.1586536 0.0000e+00
        307      5.890    14.7097    14.8066   2.889584   2.893754     2.2637     2.1747     0.0046  0.1586585 0.0000e+00
        308      5.911    14.7077    14.8035   2.889579   2.893768     2.2636     2.1756     0.0046  0.1586637 0.0000e+00
        309      5.932    14.7061    14.8004   2.889573   2.893781     2.2636     2.1765     0.0046  0.1586694 0.0000e+00
        310      5.953    14.7047    14.7973   2.889569   2.893794     2.2635     2.1774     0.0046  0.1586764 0.0000e+00
        311      5.973    14.7034    14.7943   2.889567   2.893808     2.2635     2.1783     0.0046  0.1586839 0.0000e+00
        312      5.994    14.7023    14.7914   2.889567   2.893821     2.2634     2.1791     0.0046  0.1586911 0.0000e+00
        313      6.015    14.7013    14.7887   2.889569   2.893836     2.2634     2.1800     0.0046  0.1586989 0.0000e+00
        314      6.036    14.7004    14.7863   2.889571   2.893851     2.2634     2.1809     0.0046  0.1587090 0.0000e+00
        315      6.057    14.6995    14.7842   2.889574   2.893868     2.2635     2.1817     0.0046  0.1587225 0.0000e+00
        316      6.078    14.6987    14.7824   2.889575   2.893885     2.2635     2.1825     0.0046  0.1587384 0.0000e+00
        317      6.099    14.6979    14.7810   2.889576   2.893903     2.2636     2.1834     0.0046  0.1587562 0.0000e+00
        318      6.119    14.6972    14.7797   2.889576   2.893921     2.2636     2.1842     0.0046  0.1587766 0.0000e+00
        319      6.140    14.6965    14.7787   2.889576   2.893940     2.2637     2.1850     0.0046  0.1588000 0.0000e+00
        320      6.161    14.6959    14.7778   2.889578   2.893959     2.2638     2.1858     0.0046  0.1588239 0.0000e+00
        321      6.182    14.6955    14.7770   2.889581   2.893978     2.2639     2.1866     0.0046  0.1588459 0.0000e+00
        322      6.203    14.6952    14.7763   2.889586   2.893997     2.2640     2.1873     0.0046  0.1588654 0.0000e+00
        323      6.224    14.6950    14.7756   2.889591   2.894015     2.2641     2.1881     0.0046  0.1588833 0.0000e+00
        324      6.245    14.6949    14.7751   2.889596   2.894033     2.2643     2.1888     0.0046  0.1589005 0.0000e+00
        325      6.266    14.6950    14.7746   2.889601   2.894050     2.2644     2.1896     0.0046  0.1589165 0.0000e+00
        326      6.287    14.6952    14.7742   2.889604   2.894068     2.2646     2.1903     0.0046  0.1589303 0.0000e+00
        327      6.308    14.6953    14.7738   2.889608   2.894085     2.2648     2.1910     0.0046  0.1589422 0.0000e+00
        328      6.329    14.6954    14.7736   2.889612   2.894101     2.2649     2.1917     0.0044  0.1589522 0.0000e+00
        329      6.350    14.6953    14.7734   2.889618   2.894117     2.2651     2.1924     0.0046  0.1589603 0.0000e+00
        330      6.371    14.6952    14.7733   2.889624   2.894133     2.2653     2.1931     0.0046  0.1589667 0.0000e+00
        331      6.392    14.6950    14.7732   2.889630   2.894147     2.2655     2.1937     0.0046  0.1589714 0.0000e+00
        332      6.413    14.6947    14.7731   2.889636   2.894162     2.2657     2.1944     0.0046  0.1589752 0.0000e+00
        333      6.434    14.6943    14.7730   2.889641   2.894175     2.2659     2.1950     0.0046  0.1589790 0.0000e+00
        334      6.455    14.6939    14.7730   2.889644   2.894189     2.2662     2.1956     0.0046  0.1589829 0.0000e+00
        335      6.476    14.6935    14.7730   2.889647   2.894202     2.2664     2.1962     0.0046  0.1589869 0.0000e+00
        336      6.497    14.6930    14.7730   2.889650   2.894214     2.2666     2.1968     0.0046  0.1589901 0.0000e+00
        337      6.519    14.6925    14.7731   2.889654   2.894227     2.2668     2.1974     0.0046  0.1589926 0.0000e+00
        338      6.540    14.6921    14.7732   2.889660   2.894239     2.2671     2.1980     0.0046  0.1589953 0.0000e+00
        339      6.561    14.6917    14.7733   2.889667   2.894251     2.2673     2.1986     0.0046  0.1589982 0.0000e+00
        340      6.582    14.6912    14.7735   2.889674   2.894264     2.2675     2.1991     0.0046  0.1590012 0.0000e+00
        341      6.603    14.6907    14.7736   2.889680   2.894276     2.2678     2.1997     0.0046  0.1590036 0.0000e+00
        342      6.625    14.6899    14.7738   2.889685   2.894288     2.2680     2.2002     0.0046  0.1590046 0.0000e+00
        343      6.646    14.6889    14.7739   2.889688   2.894299     2.2682     2.2007     0.0046  0.1590049 0.0000e+00
        344      6.667    14.6876    14.7739   2.889690   2.894310     2.2685     2.2012     0.0046  0.1590054 0.0000e+00
        345      6.689    14.6860    14.7739   2.889693   2.894321     2.2687     2.2016     0.0048  0.1590054 0.0000e+00
        346      6.710    14.6843    14.7738   2.889695   2.894331     2.2689     2.2021     0.0048  0.1590039 0.0000e+00
        347      6.731    14.6824    14.7736   2.889698   2.894341     2.2692     2.2025     0.0048  0.1590009 0.0000e+00
        348      6.752    14.6805    14.7732   2.889701   2.894350     2.2694     2.2029     0.0048  0.1589965 0.0000e+00
        349      6.774    14.6786    14.7727   2.889704   2.894358     2.2697     2.2033     0.0048  0.1589905 0.0000e+00
        350      6.795    14.6768    14.7721   2.889707   2.894366     2.2699     2.2037     0.0048  0.1589838 0.0000e+00
        351      6.816    14.6753    14.7714   2.889709   2.894373     2.2701     2.2041     0.0048  0.1589772 0.0000e+00
        352      6.838    14.6739    14.7706   2.889711   2.894380     2.2704     2.2044     0.0048  0.1589698 0.0000e+00
        353      6.859    14.6728    14.7698   2.889714   2.894387     2.2706     2.2048     0.0048  0.1589615 0.0000e+00
        354      6.881    14.6717    14.7691   2.889719   2.894394     2.2708     2.2051     0.0048  0.1589532 0.0000e+00
        355      6.902    14.6709    14.7684   2.889725   2.894401     2.2711     2.2053     0.0048  0.1589439 0.0000e+00
        356      6.924    14.6701    14.7678   2.889733   2.894408     2.2713     2.2056     0.0048  0.1589327 0.0000e+00
        357      6.945    14.6694    14.7672   2.889740   2.894415     2.2716     2.2059     0.0048  0.1589196 0.0000e+00
        358      6.967    14.6687    14.7668   2.889748   2.894423     2.2718     2.2061     0.0046  0.1589044 0.0000e+00
        359      6.988    14.6681    14.7666   2.889754   2.894431     2.2720     2.2063     0.0046  0.1588870 0.0000e+00
        360      7.010    14.6674    14.7664   2.889760   2.894439     2.2723     2.2065     0.0048  0.1588682 0.0000e+00
        361      7.031    14.6667    14.7665   2.889764   2.894447     2.2725     2.2067     0.0048  0.1588487 0.0000e+00
        362      7.053    14.6659    14.7666   2.889769   2.894456     2.2727     2.2068     0.0048  0.1588275 0.0000e+00
        363      7.074    14.6648    14.7668   2.889773   2.894465     2.2730     2.2070     0.0048  0.1588045 0.0000e+00
        364      7.096    14.6636    14.7671   2.889779   2.894474     2.2732     2.2071     0.0048  0.1587803 0.0000e+00
        365      7.117    14.6622    14.7675   2.889785   2.894484     2.2734     2.2072     0.0048  0.1587539 0.0000e+00
        366      7.139    14.6607    14.7681   2.889791   2.894493     2.2736     2.2073     0.0048  0.1587243 0.0000e+00
        367      7.160    14.6591    14.7687   2.889796   2.894502     2.2738     2.2074     0.0048  0.1586913 0.0000e+00
        368      7.182    14.6576    14.7695   2.889801   2.894513     2.2740     2.2075     0.0048  0.1586547 0.0000e+00
        369      7.203    14.6562    14.7706   2.889805   2.894523     2.2742     2.2075     0.0048  0.1586150 0.0000e+00
        370      7.225    14.6549    14.7718   2.889809   2.894534     2.2744     2.2076     0.0046  0.1585737 0.0000e+00
        371      7.246    14.6539    14.7732   2.889814   2.894546     2.2746     2.2076     0.0046  0.1585321 0.0000e+00
        372      7.268    14.6532    14.7748   2.889822   2.894558     2.2748     2.2076     0.0046  0.1584910 0.0000e+00
        373      7.290    14.6530    14.7767   2.889832   2.894571     2.2750     2.2077     0.0046  0.1584490 0.0000e+00
        374      7.311    14.6533    14.7788   2.889845   2.894584     2.2752     2.2077     0.0046  0.1584060 0.0000e+00
        375      7.333    14.6542    14.7812   2.889860   2.894599     2.2754     2.2076     0.0046  0.1583624 0.0000e+00
        376      7.355    14.6556    14.7839   2.889877   2.894614     2.2756     2.2076     0.0046  0.1583180 0.0000e+00
        377      7.376    14.6577    14.7869   2.889895   2.894630     2.2758     2.2076     0.0046  0.1582732 0.0000e+00
        378      7.398    14.6604    14.7901   2.889915   2.894647     2.2760     2.2076     0.0046  0.1582288 0.0000e+00
        379      7.419    14.6637    14.7935   2.889937   2.894664     2.2762     2.2075     0.0046  0.1581834 0.0000e+00
        380      7.441    14.6676    14.7970   2.889961   2.894681     2.2763     2.2075     0.0046  0.1581351 0.0000e+00
        381      7.463    14.6723    14.8006   2.889989   2.894698     2.2765     2.2074     0.0046  0.1580827 0.0000e+00
        382      7.485    14.6776    14.8042   2.890020   2.894715     2.2767     2.2074     0.0046  0.1580258 0.0000e+00
        383      7.506    14.6836    14.8078   2.890054   2.894731     2.2768     2.2073     0.0046  0.1579648 0.0000e+00
        384      7.528    14.6903    14.8114   2.890090   2.894747     2.2770     2.2072     0.0046  0.1579003 0.0000e+00
        385      7.550    14.6976    14.8149   2.890129   2.894763     2.2771     2.2071     0.0046  0.1578317 0.0000e+00
        386      7.572    14.7054    14.8185   2.890168   2.894779     2.2773     2.2070     0.0046  0.1577586 0.0000e+00
        387      7.594    14.7137    14.8221   2.890208   2.894794     2.2774     2.2068     0.0046  0.1576805 0.0000e+00
        388      7.616    14.7224    14.8258   2.890250   2.894810     2.2776     2.2067     0.0046  0.1575968 0.0000e+00
        389      7.638    14.7314    14.8295   2.890292   2.894825     2.2777     2.2065     0.0046  0.1575069 0.0000e+00
        390      7.660    14.7407    14.8334   2.890337   2.894841     2.2778     2.2064     0.0046  0.1574111 0.0000e+00
        391      7.681    14.7500    14.8374   2.890382   2.894857     2.2779     2.2062     0.0046  0.1573087 0.0000e+00
        392      7.703    14.7593    14.8415   2.890428   2.894874     2.2781     2.2061     0.0046  0.1571973 0.0000e+00
        393      7.725    14.7684    14.8457   2.890473   2.894891     2.2782     2.2059     0.0046  0.1570761 0.0000e+00
