data/2021/ctd_data_day1/Station 4ex 210921_ctm.cnv
* Sea-Bird SBE 9 Data File:
* FileName = C:\Users\CTD-User\Desktop\MAR440\Station 4ex 210921.hex
* Software Version Seasave V 7.26.2.13
* Temperature SN = 6313
* Conductivity SN = 4758
* Number of Bytes Per Scan = 30
* Number of Voltage Words = 4
* Number of Scans Averaged by the Deck Unit = 1
* NMEA baud rate = 4800
** Ship:
** Station:
** Operator:
# nquan = 11
# nvalues = 6123                        
# units = specified
# name 0 = scan: Scan Count
# name 1 = prDM: Pressure, Digiquartz [db]
# name 2 = t090C: Temperature [ITS-90, deg C]
# name 3 = t190C: Temperature, 2 [ITS-90, deg C]
# name 4 = c0S/m: Conductivity [S/m]
# name 5 = c1S/m: Conductivity, 2 [S/m]
# name 6 = sbeox0V: Oxygen raw, SBE 43 [V]
# name 7 = sbeox1V: Oxygen raw, SBE 43, 2 [V]
# name 8 = flECO-AFL: Fluorescence, WET Labs ECO-AFL/FL [mg/m^3]
# name 9 = upoly0: Upoly 0, Turbidity
# name 10 = flag:  0.000e+00
# span 0 =          1,       6123       
# span 1 =      0.204,     43.521       
# span 2 =     7.9722,    16.0343       
# span 3 =     7.9734,    15.9665       
# span 4 =  -0.000854,   3.482181       
# span 5 =   0.276017,   3.482947       
# span 6 =     0.4687,     3.2015       
# span 7 =     0.5358,     3.0635       
# span 8 =     0.0033,     0.0524       
# span 9 =  0.0800940,  0.2168462       
# span 10 = 0.0000e+00, 0.0000e+00      
# interval = seconds: 0.0416667
# start_time = Sep 21 2021 12:21:52 [System UTC, header]
# bad_flag = -9.990e-29
*END*
[from data line 5115]
       5116     32.581     8.6937     8.6946   3.410152   3.411007     0.4919     0.5603     0.0048  0.1137937 0.0000e+00
       5117     32.581     8.6940     8.6946   3.410171   3.411053     0.4919     0.5603     0.0048  0.1137937 0.0000e+00
       5118     32.647     8.6939     8.6946   3.410211   3.411018     0.4906     0.5603     0.0048  0.1137937 0.0000e+00
       5119     32.639     8.6943     8.6949   3.410247   3.411094     0.4906     0.5603     0.0044  0.1133053 0.0000e+00
       5120     32.639     8.6943     8.6952   3.410282   3.411135     0.4894     0.5603     0.0044  0.1133053 0.0000e+00
       5121     32.697     8.6945     8.6952   3.410346   3.411082     0.4919     0.5603     0.0044  0.1137937 0.0000e+00
       5122     32.697     8.6945     8.6954   3.410421   3.411089     0.4906     0.5603     0.0044  0.1137937 0.0000e+00
       5123     32.697     8.6948     8.6953   3.410398   3.411197     0.4894     0.5603     0.0044  0.1137937 0.0000e+00
       5124     32.697     8.6945     8.6956   3.410426   3.411222     0.4906     0.5603     0.0044  0.1137937 0.0000e+00
       5125     32.771     8.6949     8.6955   3.410462   3.411238     0.4906     0.5603     0.0044  0.1137937 0.0000e+00
       5126     32.820     8.6950     8.6956   3.410427   3.411226     0.4919     0.5603     0.0044  0.1137937 0.0000e+00
       5127     32.820     8.6947     8.6958   3.410501   3.411295     0.4906     0.5603     0.0044  0.1137937 0.0000e+00
       5128     32.763     8.6948     8.6958   3.410577   3.411382     0.4894     0.5603     0.0044  0.1137937 0.0000e+00
       5129     32.886     8.6950     8.6956   3.410578   3.411421     0.4894     0.5603     0.0044  0.1137937 0.0000e+00
       5130     32.820     8.6950     8.6959   3.410658   3.411485     0.4894     0.5603     0.0044  0.1137937 0.0000e+00
       5131     32.944     8.6950     8.6956   3.410641   3.411495     0.4906     0.5603     0.0044  0.1137937 0.0000e+00
       5132     32.886     8.6953     8.6961   3.410740   3.411514     0.4906     0.5603     0.0044  0.1137937 0.0000e+00
       5133     32.886     8.6952     8.6961   3.410781   3.411548     0.4894     0.5603     0.0044  0.1137937 0.0000e+00
       5134     33.002     8.6953     8.6963   3.410757   3.411612     0.4882     0.5603     0.0044  0.1137937 0.0000e+00
       5135     32.944     8.6957     8.6963   3.410700   3.411617     0.4906     0.5603     0.0044  0.1137937 0.0000e+00
       5136     33.002     8.6957     8.6963   3.410734   3.411663     0.4906     0.5603     0.0044  0.1137937 0.0000e+00
       5137     33.002     8.6957     8.6967   3.410781   3.411710     0.4894     0.5603     0.0044  0.1137937 0.0000e+00
       5138     33.002     8.6963     8.6974   3.410922   3.411758     0.4882     0.5603     0.0044  0.1137937 0.0000e+00
       5139     33.076     8.6966     8.6979   3.411081   3.411864     0.4906     0.5603     0.0044  0.1137937 0.0000e+00
       5140     33.068     8.6973     8.6986   3.411164   3.411970     0.4906     0.5603     0.0044  0.1137937 0.0000e+00
       5141     33.068     8.6979     8.6987   3.411299   3.412085     0.4906     0.5603     0.0044  0.1137937 0.0000e+00
       5142     33.125     8.6986     8.6994   3.411454   3.412231     0.4894     0.5603     0.0044  0.1137937 0.0000e+00
       5143     33.125     8.6991     8.6995   3.411565   3.412427     0.4882     0.5590     0.0044  0.1137937 0.0000e+00
       5144     33.191     8.6995     8.7002   3.411590   3.412469     0.4906     0.5590     0.0042  0.1133053 0.0000e+00
       5145     33.125     8.6998     8.7004   3.411771   3.412597     0.4906     0.5590     0.0042  0.1137937 0.0000e+00
       5146     33.191     8.7002     8.7010   3.411906   3.412783     0.4894     0.5590     0.0042  0.1137937 0.0000e+00
       5147     33.249     8.7005     8.7013   3.412035   3.412806     0.4882     0.5590     0.0042  0.1137937 0.0000e+00
       5148     33.249     8.7007     8.7017   3.412076   3.412911     0.4882     0.5590     0.0042  0.1137937 0.0000e+00
       5149     33.249     8.7012     8.7021   3.412223   3.413038     0.4882     0.5590     0.0042  0.1137937 0.0000e+00
       5150     33.249     8.7017     8.7023   3.412288   3.413028     0.4906     0.5590     0.0042  0.1137937 0.0000e+00
       5151     33.315     8.7018     8.7025   3.412300   3.413126     0.4906     0.5590     0.0042  0.1137937 0.0000e+00
       5152     33.315     8.7020     8.7028   3.412441   3.413236     0.4882     0.5590     0.0042  0.1137937 0.0000e+00
       5153     33.381     8.7023     8.7028   3.412458   3.413212     0.4882     0.5590     0.0042  0.1137937 0.0000e+00
       5154     33.373     8.7020     8.7031   3.412405   3.413311     0.4906     0.5590     0.0042  0.1133053 0.0000e+00
       5155     33.373     8.7027     8.7034   3.412506   3.413444     0.4894     0.5590     0.0042  0.1137937 0.0000e+00
       5156     33.373     8.7026     8.7035   3.412703   3.413455     0.4894     0.5590     0.0042  0.1137937 0.0000e+00
       5157     33.430     8.7029     8.7034   3.412762   3.413490     0.4882     0.5590     0.0042  0.1137937 0.0000e+00
       5158     33.496     8.7029     8.7038   3.412779   3.413554     0.4906     0.5590     0.0042  0.1133053 0.0000e+00
       5159     33.430     8.7029     8.7034   3.412767   3.413546     0.4894     0.5590     0.0042  0.1133053 0.0000e+00
       5160     33.505     8.7033     8.7038   3.412832   3.413628     0.4906     0.5590     0.0042  0.1137937 0.0000e+00
       5161     33.496     8.7029     8.7038   3.412772   3.413633     0.4906     0.5590     0.0042  0.1137937 0.0000e+00
       5162     33.554     8.7033     8.7036   3.412849   3.413672     0.4882     0.5590     0.0042  0.1133053 0.0000e+00
       5163     33.554     8.7032     8.7039   3.413040   3.413737     0.4882     0.5590     0.0042  0.1133053 0.0000e+00
       5164     33.554     8.7031     8.7036   3.413074   3.413769     0.4906     0.5590     0.0042  0.1137937 0.0000e+00
       5165     33.620     8.7029     8.7038   3.413038   3.413729     0.4894     0.5590     0.0042  0.1137937 0.0000e+00
       5166     33.620     8.7033     8.7038   3.413010   3.413763     0.4882     0.5590     0.0042  0.1137937 0.0000e+00
       5167     33.620     8.7029     8.7038   3.413072   3.413797     0.4882     0.5590     0.0042  0.1137937 0.0000e+00
       5168     33.678     8.7031     8.7035   3.413043   3.413831     0.4870     0.5590     0.0042  0.1137937 0.0000e+00
       5169     33.678     8.7030     8.7038   3.413147   3.413912     0.4882     0.5590     0.0042  0.1137937 0.0000e+00
       5170     33.678     8.7031     8.7036   3.413187   3.413950     0.4882     0.5590     0.0044  0.1142821 0.0000e+00
       5171     33.744     8.7030     8.7039   3.413204   3.413963     0.4882     0.5590     0.0044  0.1142821 0.0000e+00
       5172     33.744     8.7029     8.7038   3.413255   3.413939     0.4870     0.5578     0.0044  0.1142821 0.0000e+00
       5173     33.744     8.7034     8.7038   3.413182   3.413997     0.4882     0.5578     0.0044  0.1142821 0.0000e+00
       5174     33.801     8.7031     8.7036   3.413267   3.414042     0.4894     0.5578     0.0044  0.1142821 0.0000e+00
       5175     33.801     8.7032     8.7039   3.413279   3.414099     0.4882     0.5578     0.0044  0.1142821 0.0000e+00
       5176     33.859     8.7031     8.7043   3.413225   3.414089     0.4870     0.5578     0.0044  0.1142821 0.0000e+00
       5177     33.859     8.7032     8.7039   3.413283   3.414151     0.4870     0.5578     0.0044  0.1142821 0.0000e+00
       5178     33.859     8.7034     8.7043   3.413279   3.414221     0.4870     0.5578     0.0044  0.1142821 0.0000e+00
       5179     33.867     8.7035     8.7041   3.413266   3.414185     0.4906     0.5578     0.0044  0.1142821 0.0000e+00
       5180     33.925     8.7034     8.7043   3.413388   3.414197     0.4882     0.5578     0.0044  0.1142821 0.0000e+00
       5181     33.925     8.7035     8.7043   3.413429   3.414202     0.4870     0.5578     0.0044  0.1142821 0.0000e+00
       5182     33.983     8.7037     8.7045   3.413447   3.414249     0.4870     0.5578     0.0044  0.1142821 0.0000e+00
       5183     33.983     8.7037     8.7044   3.413475   3.414312     0.4882     0.5578     0.0044  0.1142821 0.0000e+00
       5184     33.983     8.7039     8.7049   3.413557   3.414347     0.4894     0.5578     0.0044  0.1142821 0.0000e+00
       5185     33.991     8.7040     8.7047   3.413627   3.414375     0.4870     0.5578     0.0044  0.1142821 0.0000e+00
       5186     34.106     8.7042     8.7049   3.413616   3.414411     0.4870     0.5578     0.0044  0.1142821 0.0000e+00
       5187     34.049     8.7045     8.7051   3.413681   3.414439     0.4858     0.5578     0.0044  0.1142821 0.0000e+00
       5188     34.106     8.7045     8.7051   3.413721   3.414496     0.4882     0.5578     0.0044  0.1142821 0.0000e+00
       5189     34.049     8.7047     8.7051   3.413779   3.414444     0.4882     0.5578     0.0044  0.1142821 0.0000e+00
       5190     34.164     8.7045     8.7054   3.413772   3.414508     0.4870     0.5578     0.0044  0.1142821 0.0000e+00
       5191     34.172     8.7051     8.7056   3.413809   3.414560     0.4858     0.5578     0.0044  0.1142821 0.0000e+00
       5192     34.164     8.7050     8.7054   3.413802   3.414588     0.4858     0.5578     0.0044  0.1142821 0.0000e+00
       5193     34.164     8.7049     8.7056   3.413842   3.414623     0.4882     0.5578     0.0044  0.1142821 0.0000e+00
       5194     34.230     8.7047     8.7054   3.413858   3.414679     0.4882     0.5578     0.0044  0.1142821 0.0000e+00
       5195     34.230     8.7047     8.7053   3.413993   3.414690     0.4870     0.5578     0.0042  0.1142821 0.0000e+00
       5196     34.288     8.7043     8.7049   3.413874   3.414711     0.4858     0.5578     0.0040  0.1147705 0.0000e+00
       5197     34.296     8.7042     8.7046   3.413797   3.414652     0.4870     0.5578     0.0040  0.1147705 0.0000e+00
       5198     34.288     8.7040     8.7044   3.413837   3.414599     0.4906     0.5578     0.0040  0.1147705 0.0000e+00
       5199     34.288     8.7037     8.7045   3.413870   3.414663     0.4870     0.5578     0.0040  0.1147705 0.0000e+00
       5200     34.412     8.7037     8.7043   3.413788   3.414685     0.4858     0.5578     0.0040  0.1147705 0.0000e+00
       5201     34.354     8.7034     8.7043   3.413868   3.414730     0.4858     0.5578     0.0040  0.1147705 0.0000e+00
       5202     34.354     8.7034     8.7039   3.413862   3.414745     0.4870     0.5578     0.0040  0.1147705 0.0000e+00
       5203     34.478     8.7034     8.7039   3.413868   3.414745     0.4882     0.5566     0.0040  0.1147705 0.0000e+00
       5204     34.412     8.7035     8.7041   3.413880   3.414722     0.4870     0.5578     0.0040  0.1147705 0.0000e+00
       5205     34.478     8.7034     8.7043   3.413873   3.414735     0.4858     0.5578     0.0040  0.1147705 0.0000e+00
       5206     34.478     8.7032     8.7039   3.413988   3.414744     0.4858     0.5566     0.0040  0.1142821 0.0000e+00
       5207     34.535     8.7036     8.7039   3.414030   3.414813     0.4870     0.5566     0.0040  0.1147705 0.0000e+00
       5208     34.535     8.7034     8.7041   3.414006   3.414785     0.4882     0.5566     0.0040  0.1147705 0.0000e+00
       5209     34.544     8.7036     8.7041   3.414111   3.414842     0.4858     0.5566     0.0040  0.1147705 0.0000e+00
       5210     34.593     8.7035     8.7043   3.414034   3.414842     0.4858     0.5566     0.0040  0.1147705 0.0000e+00
       5211     34.593     8.7034     8.7045   3.414040   3.414837     0.4858     0.5566     0.0040  0.1147705 0.0000e+00
       5212     34.593     8.7035     8.7043   3.413964   3.414859     0.4870     0.5566     0.0040  0.1147705 0.0000e+00
       5213     34.659     8.7036     8.7045   3.414022   3.414842     0.4870     0.5566     0.0040  0.1147705 0.0000e+00
       5214     34.659     8.7037     8.7043   3.414145   3.414859     0.4858     0.5566     0.0040  0.1147705 0.0000e+00
       5215     34.659     8.7037     8.7045   3.414156   3.414910     0.4858     0.5566     0.0040  0.1147705 0.0000e+00
       5216     34.717     8.7037     8.7044   3.414196   3.414898     0.4858     0.5566     0.0040  0.1147705 0.0000e+00
       5217     34.783     8.7037     8.7046   3.414184   3.414893     0.4870     0.5566     0.0040  0.1147705 0.0000e+00
       5218     34.717     8.7037     8.7046   3.414201   3.414915     0.4870     0.5566     0.0040  0.1147705 0.0000e+00
       5219     34.783     8.7039     8.7046   3.414254   3.414875     0.4858     0.5566     0.0040  0.1147705 0.0000e+00
       5220     34.849     8.7037     8.7046   3.414200   3.414910     0.4858     0.5566     0.0040  0.1147705 0.0000e+00
       5221     34.783     8.7039     8.7046   3.414155   3.414966     0.4845     0.5566     0.0040  0.1147705 0.0000e+00
       5222     34.906     8.7038     8.7046   3.414165   3.414937     0.4870     0.5566     0.0040  0.1147705 0.0000e+00
       5223     34.840     8.7041     8.7048   3.414201   3.414972     0.4858     0.5566     0.0040  0.1147705 0.0000e+00
       5224     34.906     8.7038     8.7046   3.414182   3.414982     0.4845     0.5566     0.0040  0.1147705 0.0000e+00
       5225     34.964     8.7041     8.7046   3.414247   3.414965     0.4845     0.5566     0.0040  0.1147705 0.0000e+00
       5226     34.906     8.7038     8.7046   3.414152   3.415045     0.4858     0.5566     0.0040  0.1147705 0.0000e+00
       5227     34.964     8.7039     8.7048   3.414258   3.415005     0.4870     0.5566     0.0040  0.1147705 0.0000e+00
       5228     34.964     8.7040     8.7047   3.414252   3.414964     0.4858     0.5566     0.0040  0.1147705 0.0000e+00
       5229     35.022     8.7040     8.7046   3.414286   3.414998     0.4845     0.5566     0.0040  0.1147705 0.0000e+00
       5230     35.022     8.7042     8.7049   3.414234   3.415016     0.4845     0.5566     0.0040  0.1147705 0.0000e+00
       5231     35.088     8.7040     8.7049   3.414209   3.415016     0.4858     0.5566     0.0040  0.1147705 0.0000e+00
       5232     35.088     8.7041     8.7046   3.414250   3.415014     0.4870     0.5566     0.0040  0.1147705 0.0000e+00
       5233     35.088     8.7042     8.7046   3.414315   3.415106     0.4858     0.5566     0.0040  0.1147705 0.0000e+00
       5234     35.145     8.7039     8.7046   3.414330   3.415106     0.4858     0.5566     0.0040  0.1147705 0.0000e+00
       5235     35.145     8.7040     8.7046   3.414237   3.415083     0.4858     0.5566     0.0040  0.1147705 0.0000e+00
       5236     35.145     8.7041     8.7049   3.414179   3.415147     0.4858     0.5554     0.0040  0.1147705 0.0000e+00
       5237     35.211     8.7038     8.7046   3.414219   3.415117     0.4870     0.5554     0.0040  0.1147705 0.0000e+00
       5238     35.211     8.7041     8.7047   3.414236   3.415151     0.4845     0.5566     0.0040  0.1147705 0.0000e+00
       5239     35.269     8.7038     8.7048   3.414305   3.415117     0.4858     0.5566     0.0040  0.1147705 0.0000e+00
       5240     35.269     8.7041     8.7046   3.414306   3.415081     0.4858     0.5554     0.0038  0.1147705 0.0000e+00
       5241     35.269     8.7040     8.7046   3.414229   3.415191     0.4858     0.5554     0.0040  0.1147705 0.0000e+00
       5242     35.335     8.7039     8.7048   3.414362   3.415197     0.4858     0.5554     0.0040  0.1147705 0.0000e+00
       5243     35.327     8.7042     8.7049   3.414392   3.415150     0.4845     0.5554     0.0040  0.1147705 0.0000e+00
       5244     35.393     8.7039     8.7046   3.414502   3.415172     0.4858     0.5554     0.0040  0.1147705 0.0000e+00
       5245     35.327     8.7038     8.7046   3.414472   3.415189     0.4858     0.5554     0.0040  0.1147705 0.0000e+00
