data/2021/ctd_data_day1/Station 3 210921.cnv
* Sea-Bird SBE 9 Data File:
* FileName = C:\Users\CTD-User\Desktop\MAR440\Station 3 210921.hex
* Software Version Seasave V 7.26.2.13
* Temperature SN = 6313
* Conductivity SN = 4758
* Number of Bytes Per Scan = 30
* Number of Voltage Words = 4
* Number of Scans Averaged by the Deck Unit = 1
* NMEA baud rate = 4800
** Ship:
** Station:
** Operator:
# nquan = 11
# nvalues = 5414                                  
# units = specified
# name 0 = scan: Scan Count
# name 1 = prDM: Pressure, Digiquartz [db]
# name 2 = t090C: Temperature [ITS-90, deg C]
# name 3 = t190C: Temperature, 2 [ITS-90, deg C]
# name 4 = c0S/m: Conductivity [S/m]
# name 5 = c1S/m: Conductivity, 2 [S/m]
# name 6 = sbeox0V: Oxygen raw, SBE 43 [V]
# name 7 = sbeox1V: Oxygen raw, SBE 43, 2 [V]
# name 8 = flECO-AFL: Fluorescence, WET Labs ECO-AFL/FL [mg/m^3]
# name 9 = upoly0: Upoly 0, Turbidity
# name 10 = flag:  0.000e+00
# span 0 =          1,       5414                 
# span 1 =      1.484,     20.539                 
# span 2 =     8.0003,    16.1871                 
# span 3 =     8.0022,    16.1888                 
# span 4 =   2.919530,   3.490542                 
# span 5 =   2.966036,   3.491878                 
# span 6 =     0.4650,     2.8157                 
# span 7 =     0.5261,     2.6667                 
# span 8 =     0.0033,     0.0092                 
# span 9 =  0.0883968,  0.1934029                 
# span 10 = 0.0000e+00, 0.0000e+00                
# interval = seconds: 0.0416667
# start_time = Sep 21 2021 09:31:52 [System UTC, header]
# bad_flag = -9.990e-29
*END*
[from data line 1837]
       1838      1.574    15.6089    15.4840   3.068843   3.048776     2.5910     2.5397     0.0046  0.1611685  0.000e+00
       1839      1.541    15.6192    15.4830   3.070192   3.048682     2.5910     2.5409     0.0046  0.1611685  0.000e+00
       1840      1.574    15.6257    15.4802   3.071126   3.048467     2.5910     2.5409     0.0046  0.1611685  0.000e+00
       1841      1.607    15.6253    15.4790   3.071417   3.048561     2.5910     2.5422     0.0046  0.1611685  0.000e+00
       1842      1.574    15.6194    15.4787   3.071607   3.048947     2.5922     2.5422     0.0046  0.1611685  0.000e+00
       1843      1.541    15.6150    15.4772   3.072206   3.049377     2.5934     2.5434     0.0048  0.1611685  0.000e+00
       1844      1.574    15.6150    15.4762   3.073113   3.049797     2.5934     2.5434     0.0046  0.1611685  0.000e+00
       1845      1.607    15.6158    15.4756   3.073717   3.050072     2.5922     2.5434     0.0048  0.1611685  0.000e+00
       1846      1.574    15.6109    15.4759   3.074137   3.050277     2.5934     2.5446     0.0046  0.1611685  0.000e+00
       1847      1.607    15.6059    15.4772   3.074854   3.050387     2.5959     2.5446     0.0046  0.1606801  0.000e+00
       1848      1.541    15.6106    15.4788   3.075688   3.050514     2.5959     2.5446     0.0046  0.1611685  0.000e+00
       1849      1.574    15.6174    15.4797   3.076354   3.050552     2.5959     2.5458     0.0046  0.1611685  0.000e+00
       1850      1.607    15.6194    15.4798   3.076914   3.050740     2.5959     2.5470     0.0046  0.1611685  0.000e+00
       1851      1.574    15.6211    15.4794   3.077323   3.051010     2.5947     2.5470     0.0048  0.1611685  0.000e+00
       1852      1.607    15.6241    15.4796   3.077586   3.051270     2.5983     2.5470     0.0046  0.1611685  0.000e+00
       1853      1.574    15.6270    15.4802   3.077726   3.051419     2.5971     2.5483     0.0048  0.1611685  0.000e+00
       1854      1.607    15.6295    15.4810   3.077541   3.051352     2.5959     2.5483     0.0048  0.1611685  0.000e+00
       1855      1.574    15.6297    15.4825   3.077351   3.051115     2.5971     2.5495     0.0048  0.1611685  0.000e+00
       1856      1.541    15.6262    15.4817   3.077132   3.050972     2.5959     2.5495     0.0046  0.1611685  0.000e+00
       1857      1.639    15.6228    15.4814   3.076987   3.050861     2.5983     2.5507     0.0046  0.1606801  0.000e+00
       1858      1.541    15.6206    15.4837   3.077009   3.050916     2.6008     2.5507     0.0046  0.1611685  0.000e+00
       1859      1.574    15.6162    15.4879   3.076785   3.051192     2.5983     2.5519     0.0046  0.1611685  0.000e+00
       1860      1.606    15.6096    15.4982   3.076550   3.051871     2.5971     2.5519     0.0048  0.1650757  0.000e+00
       1861      1.574    15.6026    15.5126   3.076388   3.052555     2.5983     2.5519     0.0046  0.1699597  0.000e+00
       1862      1.606    15.5999    15.5231   3.075890   3.052842     2.6008     2.5531     0.0046  0.1709365  0.000e+00
       1863      1.574    15.6025    15.5214   3.075806   3.052732     2.6008     2.5531     0.0046  0.1709365  0.000e+00
       1864      1.541    15.6033    15.5098   3.076001   3.052241     2.5983     2.5544     0.0046  0.1704481  0.000e+00
       1865      1.573    15.6023    15.5035   3.076029   3.051468     2.5971     2.5544     0.0046  0.1704481  0.000e+00
       1866      1.606    15.6047    15.5017   3.076237   3.050409     2.5983     2.5556     0.0046  0.1704481  0.000e+00
       1867      1.573    15.6047    15.4980   3.076377   3.049112     2.6008     2.5568     0.0046  0.1704481  0.000e+00
       1868      1.606    15.6021    15.4959   3.076371   3.047596     2.6008     2.5568     0.0046  0.1704481  0.000e+00
       1869      1.573    15.5998    15.4954   3.076477   3.046592     2.5983     2.5568     0.0046  0.1704481  0.000e+00
       1870      1.606    15.5989    15.4963   3.076718   3.046261     2.5983     2.5580     0.0046  0.1704481  0.000e+00
       1871      1.540    15.6001    15.4971   3.077004   3.046327     2.6008     2.5580     0.0046  0.1704481  0.000e+00
       1872      1.639    15.6060    15.4922   3.077379   3.046366     2.6008     2.5592     0.0046  0.1704481  0.000e+00
       1873      1.540    15.6099    15.4879   3.077412   3.046404     2.5983     2.5592     0.0044  0.1704481  0.000e+00
       1874      1.573    15.6091    15.4886   3.077536   3.046520     2.5971     2.5592     0.0046  0.1704481  0.000e+00
       1875      1.606    15.6067    15.4809   3.077631   3.046730     2.5971     2.5605     0.0046  0.1704481  0.000e+00
       1876      1.573    15.6038    15.4681   3.077597   3.047105     2.6008     2.5605     0.0046  0.1704481  0.000e+00
       1877      1.606    15.6004    15.4666   3.077502   3.047629     2.5983     2.5605     0.0046  0.1704481  0.000e+00
       1878      1.573    15.5984    15.4700   3.077088   3.047954     2.5971     2.5617     0.0046  0.1704481  0.000e+00
       1879      1.606    15.5969    15.4736   3.076405   3.048059     2.5959     2.5617     0.0046  0.1704481  0.000e+00
       1880      1.573    15.5969    15.4696   3.075890   3.048142     2.5959     2.5629     0.0046  0.1704481  0.000e+00
       1881      1.606    15.6006    15.4543   3.075386   3.048434     2.5983     2.5629     0.0046  0.1704481  0.000e+00
       1882      1.573    15.6002    15.4345   3.074831   3.049030     2.5959     2.5629     0.0048  0.1704481  0.000e+00
       1883      1.540    15.5945    15.4275   3.074109   3.049703     2.5947     2.5629     0.0048  0.1704481  0.000e+00
       1884      1.639    15.5837    15.4138   3.073024   3.050365     2.5947     2.5641     0.0048  0.1704481  0.000e+00
       1885      1.540    15.5722    15.4075   3.071966   3.051326     2.5922     2.5641     0.0046  0.1694713  0.000e+00
       1886      1.573    15.5656    15.4167   3.071714   3.052727     2.5959     2.5641     0.0044  0.1601917  0.000e+00
       1887      1.606    15.5635    15.4107   3.071692   3.054124     2.5922     2.5654     0.0044  0.1553077  0.000e+00
       1888      1.573    15.5624    15.4112   3.071664   3.055029     2.5922     2.5654     0.0044  0.1548193  0.000e+00
       1889      1.606    15.5597    15.4266   3.071462   3.055283     2.5910     2.5654     0.0044  0.1553077  0.000e+00
       1890      1.573    15.5521    15.4383   3.071272   3.055365     2.5910     2.5666     0.0044  0.1557961  0.000e+00
       1891      1.606    15.5505    15.4488   3.071356   3.055343     2.5910     2.5666     0.0044  0.1557961  0.000e+00
       1892      1.573    15.5574    15.4579   3.071569   3.055437     2.5898     2.5678     0.0044  0.1557961  0.000e+00
       1893      1.606    15.5691    15.4584   3.071776   3.055829     2.5873     2.5678     0.0044  0.1557961  0.000e+00
       1894      1.573    15.5786    15.4547   3.071826   3.055928     2.5873     2.5678     0.0044  0.1557961  0.000e+00
       1895      1.606    15.5854    15.4512   3.071887   3.055304     2.5873     2.5690     0.0044  0.1557961  0.000e+00
       1896      1.540    15.5893    15.4506   3.072038   3.054068     2.5873     2.5678     0.0044  0.1557961  0.000e+00
       1897      1.573    15.5894    15.4536   3.072016   3.053157     2.5861     2.5690     0.0044  0.1557961  0.000e+00
       1898      1.606    15.5913    15.4512   3.071887   3.052881     2.5837     2.5690     0.0044  0.1553077  0.000e+00
       1899      1.573    15.5970    15.4433   3.071831   3.052749     2.5824     2.5690     0.0044  0.1557961  0.000e+00
       1900      1.606    15.5996    15.4371   3.071842   3.052208     2.5837     2.5690     0.0044  0.1557961  0.000e+00
       1901      1.573    15.5998    15.4337   3.071703   3.051298     2.5824     2.5690     0.0044  0.1557961  0.000e+00
       1902      1.606    15.5989    15.4444   3.071098   3.050696     2.5812     2.5690     0.0044  0.1557961  0.000e+00
       1903      1.573    15.5936    15.4664   3.070343   3.050426     2.5800     2.5690     0.0044  0.1557961  0.000e+00
       1904      1.606    15.5830    15.4864   3.069683   3.050023     2.5788     2.5702     0.0044  0.1557961  0.000e+00
       1905      1.573    15.5723    15.4827   3.069084   3.049697     2.5800     2.5702     0.0044  0.1557961  0.000e+00
       1906      1.606    15.5618    15.4712   3.068743   3.049648     2.5788     2.5702     0.0044  0.1557961  0.000e+00
       1907      1.573    15.5526    15.4587   3.068721   3.049819     2.5763     2.5702     0.0044  0.1553077  0.000e+00
       1908      1.540    15.5467    15.4447   3.068363   3.050293     2.5751     2.5702     0.0044  0.1557961  0.000e+00
       1909      1.573    15.5435    15.4337   3.067848   3.050735     2.5751     2.5715     0.0044  0.1553077  0.000e+00
       1910      1.606    15.5429    15.4360   3.067205   3.051165     2.5751     2.5715     0.0044  0.1557961  0.000e+00
       1911      1.573    15.5446    15.4546   3.066310   3.052015     2.5739     2.5715     0.0044  0.1567729  0.000e+00
       1912      1.606    15.5449    15.4728   3.065075   3.052853     2.5727     2.5727     0.0046  0.1577497  0.000e+00
       1913      1.573    15.5445    15.4720   3.063833   3.053604     2.5715     2.5727     0.0048  0.1582381  0.000e+00
       1914      1.606    15.5414    15.4608   3.062615   3.054289     2.5715     2.5727     0.0046  0.1582381  0.000e+00
       1915      1.573    15.5303    15.4583   3.061340   3.055028     2.5727     2.5727     0.0046  0.1582381  0.000e+00
       1916      1.606    15.5151    15.4644   3.060424   3.055939     2.5715     2.5727     0.0046  0.1582381  0.000e+00
       1917      1.573    15.5107    15.4828   3.060318   3.057021     2.5690     2.5727     0.0046  0.1582381  0.000e+00
       1918      1.540    15.5047    15.4951   3.060575   3.058148     2.5690     2.5727     0.0046  0.1577497  0.000e+00
       1919      1.639    15.4979    15.4997   3.060972   3.059081     2.5690     2.5727     0.0046  0.1582381  0.000e+00
       1920      1.540    15.4943    15.5075   3.061330   3.059854     2.5690     2.5727     0.0048  0.1582381  0.000e+00
       1921      1.606    15.4974    15.5125   3.061497   3.060440     2.5666     2.5727     0.0048  0.1577497  0.000e+00
       1922      1.573    15.5132    15.5105   3.061396   3.060760     2.5654     2.5727     0.0048  0.1582381  0.000e+00
       1923      1.540    15.5265    15.5075   3.061419   3.060810     2.5666     2.5727     0.0046  0.1582381  0.000e+00
       1924      1.573    15.5355    15.5096   3.061374   3.060738     2.5666     2.5727     0.0046  0.1582381  0.000e+00
       1925      1.606    15.5431    15.5133   3.061508   3.060583     2.5654     2.5727     0.0048  0.1582381  0.000e+00
       1926      1.573    15.5468    15.5085   3.061743   3.060290     2.5641     2.5727     0.0046  0.1582381  0.000e+00
       1927      1.606    15.5460    15.4894   3.061743   3.059694     2.5629     2.5739     0.0046  0.1582381  0.000e+00
       1928      1.573    15.5431    15.4746   3.061659   3.059020     2.5629     2.5739     0.0046  0.1582381  0.000e+00
       1929      1.606    15.5409    15.4720   3.061642   3.058551     2.5641     2.5739     0.0046  0.1582381  0.000e+00
       1930      1.573    15.5404    15.4739   3.061692   3.058358     2.5629     2.5739     0.0046  0.1582381  0.000e+00
       1931      1.540    15.5423    15.4867   3.061486   3.058214     2.5617     2.5751     0.0046  0.1582381  0.000e+00
       1932      1.573    15.5441    15.5013   3.061564   3.057623     2.5617     2.5739     0.0046  0.1582381  0.000e+00
       1933      1.606    15.5458    15.5063   3.061866   3.056784     2.5617     2.5739     0.0046  0.1582381  0.000e+00
       1934      1.573    15.5464    15.5114   3.062330   3.055867     2.5617     2.5739     0.0046  0.1582381  0.000e+00
       1935      1.606    15.5463    15.5207   3.062520   3.054917     2.5605     2.5739     0.0048  0.1582381  0.000e+00
       1936      1.573    15.5455    15.5282   3.062475   3.054365     2.5592     2.5739     0.0046  0.1582381  0.000e+00
       1937      1.606    15.5463    15.5304   3.062352   3.054155     2.5580     2.5739     0.0048  0.1601917  0.000e+00
       1938      1.573    15.5504    15.5347   3.062402   3.053758     2.5580     2.5739     0.0048  0.1611685  0.000e+00
       1939      1.540    15.5537    15.5418   3.062447   3.053239     2.5592     2.5751     0.0048  0.1611685  0.000e+00
       1940      1.573    15.5559    15.5431   3.062458   3.052936     2.5580     2.5751     0.0048  0.1611685  0.000e+00
       1941      1.606    15.5548    15.5400   3.062391   3.052858     2.5568     2.5751     0.0046  0.1606801  0.000e+00
       1942      1.573    15.5467    15.5336   3.061989   3.052632     2.5568     2.5751     0.0048  0.1611685  0.000e+00
       1943      1.540    15.5380    15.5246   3.061357   3.052312     2.5568     2.5751     0.0048  0.1611685  0.000e+00
       1944      1.639    15.5289    15.5183   3.060614   3.052130     2.5568     2.5751     0.0048  0.1611685  0.000e+00
       1945      1.540    15.5176    15.5181   3.059619   3.051904     2.5556     2.5751     0.0048  0.1606801  0.000e+00
       1946      1.540    15.5044    15.5224   3.058374   3.051760     2.5556     2.5751     0.0048  0.1611685  0.000e+00
       1947      1.573    15.5013    15.5294   3.057759   3.051815     2.5544     2.5751     0.0048  0.1611685  0.000e+00
       1948      1.606    15.5071    15.5311   3.057703   3.052091     2.5556     2.5751     0.0048  0.1611685  0.000e+00
       1949      1.573    15.5131    15.5306   3.057971   3.052411     2.5556     2.5751     0.0048  0.1606801  0.000e+00
       1950      1.540    15.5164    15.5325   3.057926   3.052892     2.5544     2.5751     0.0048  0.1611685  0.000e+00
       1951      1.573    15.5134    15.5347   3.057245   3.053615     2.5531     2.5751     0.0048  0.1611685  0.000e+00
       1952      1.606    15.5134    15.5362   3.056189   3.054636     2.5531     2.5751     0.0048  0.1611685  0.000e+00
       1953      1.573    15.5188    15.5370   3.054961   3.055795     2.5568     2.5751     0.0048  0.1611685  0.000e+00
       1954      1.540    15.5213    15.5377   3.053799   3.056789     2.5544     2.5751     0.0048  0.1611685  0.000e+00
       1955      1.573    15.5173    15.5374   3.052800   3.057611     2.5531     2.5751     0.0048  0.1606801  0.000e+00
       1956      1.606    15.5056    15.5287   3.052582   3.058103     2.5519     2.5739     0.0048  0.1611685  0.000e+00
       1957      1.573    15.4962    15.5170   3.052911   3.058269     2.5531     2.5739     0.0048  0.1611685  0.000e+00
       1958      1.540    15.4991    15.5059   3.053051   3.058225     2.5544     2.5739     0.0048  0.1611685  0.000e+00
       1959      1.573    15.5054    15.4975   3.052856   3.057949     2.5531     2.5727     0.0048  0.1611685  0.000e+00
       1960      1.540    15.5083    15.4947   3.052828   3.057673     2.5531     2.5715     0.0048  0.1611685  0.000e+00
       1961      1.573    15.5088    15.4935   3.053185   3.057601     2.5519     2.5715     0.0048  0.1611685  0.000e+00
       1962      1.606    15.5113    15.4849   3.053570   3.057816     2.5531     2.5715     0.0046  0.1636105  0.000e+00
       1963      1.573    15.5131    15.4751   3.054251   3.057789     2.5544     2.5702     0.0044  0.1670293  0.000e+00
       1964      1.540    15.5162    15.4686   3.054815   3.057435     2.5531     2.5702     0.0044  0.1680061  0.000e+00
       1965      1.573    15.5166    15.4683   3.054905   3.057115     2.5531     2.5702     0.0044  0.1680061  0.000e+00
       1966      1.540    15.5127    15.4712   3.054961   3.056646     2.5531     2.5690     0.0044  0.1675177  0.000e+00
       1967      1.573    15.5086    15.4732   3.054916   3.056259     2.5531     2.5690     0.0044  0.1675177  0.000e+00
