data/2021/ctd_data_day1/Station 2ex 210921_ctm_fil_le_der.cnv
* Sea-Bird SBE 9 Data File:
* FileName = C:\Users\CTD-User\Desktop\MAR440\Station 2ex 210921.hex
* Software Version Seasave V 7.26.2.13
* Temperature SN = 6313
* Conductivity SN = 4758
* Number of Bytes Per Scan = 30
* Number of Voltage Words = 4
* Number of Scans Averaged by the Deck Unit = 1
* NMEA baud rate = 4800
** Ship:
** Station:
** Operator:
# nquan = 16                                
# nvalues = 3819                        
# units = specified
# name 0 = scan: Scan Count
# name 1 = prDM: Pressure, Digiquartz [db]
# name 2 = t090C: Temperature [ITS-90, deg C]
# name 3 = t190C: Temperature, 2 [ITS-90, deg C]
# name 4 = c0S/m: Conductivity [S/m]
# name 5 = c1S/m: Conductivity, 2 [S/m]
# name 6 = sbeox0V: Oxygen raw, SBE 43 [V]
# name 7 = sbeox1V: Oxygen raw, SBE 43, 2 [V]
# name 8 = flECO-AFL: Fluorescence, WET Labs ECO-AFL/FL [mg/m^3]
# name 9 = upoly0: Upoly 0, Turbidity
# name 10 = depSM: Depth [salt water, m], lat = 59
# name 11 = sal00: Salinity, Practical [PSU]
# name 12 = sal11: Salinity, Practical, 2 [PSU]
# name 13 = sbeox0ML/L: Oxygen, SBE 43 [ml/l], WS = 2
# name 14 = sbeox1ML/L: Oxygen, SBE 43, 2 [ml/l], WS = 2
# name 15 = flag: flag
# span 0 =          1,       3819       
# span 1 =      0.334,     23.962       
# span 2 =    13.0502,    16.1228       
# span 3 =    13.0462,    16.1243       
# span 4 =   2.856028,   3.797037       
# span 5 =   2.858521,   3.795947       
# span 6 =     0.9332,     2.9217       
# span 7 =     1.0319,     2.8775       
# span 8 =     0.0033,     0.0101       
# span 9 =  0.0875356,  0.2323405       
# span 10 =      0.331,     23.737      
# span 11 =    22.3023,    31.7843      
# span 12 =    22.4328,    31.7470      
# span 13 =     1.2220,     7.2422      
# span 14 =     1.3863,     6.2137      
# span 15 = 0.0000e+00, 0.0000e+00      
# interval = seconds: 0.0416667
# start_time = Sep 21 2021 11:43:06 [System UTC, header]
# bad_flag = -9.990e-29
*END*
[from data line 181]
        182      1.554    14.5233    14.5226   2.858897   2.863489     2.5837     2.5446     0.0057  0.2223078      1.539    22.5788    22.6192     6.2735     5.4395 -9.990e-29
        183      1.553    14.5231    14.5227   2.858946   2.863483     2.5839     2.5454     0.0057  0.2223631      1.538    22.5794    22.6191     6.2733     5.4414 -9.990e-29
        184      1.552    14.5228    14.5229   2.858994   2.863475     2.5842     2.5461     0.0057  0.2224397      1.537    22.5800    22.6189     6.2734     5.4430 -9.990e-29
        185      1.550    14.5226    14.5230   2.859042   2.863466     2.5844     2.5469     0.0057  0.2225382      1.536    22.5805    22.6187     6.2731     5.4447 -9.990e-29
        186      1.549    14.5223    14.5231   2.859090   2.863456     2.5847     2.5477     0.0057  0.2226594      1.535    22.5811    22.6186     6.2732     5.4464 -9.990e-29
        187      1.548    14.5220    14.5232   2.859138   2.863445     2.5849     2.5484     0.0057  0.2228040      1.534    22.5817    22.6184     6.2729     5.4478 -9.990e-29
        188      1.546    14.5217    14.5233   2.859185   2.863432     2.5851     2.5492     0.0057  0.2229731      1.532    22.5823    22.6183     6.2727     5.4493 -9.990e-29
        189      1.545    14.5215    14.5234   2.859232   2.863418     2.5853     2.5499     0.0057  0.2231627      1.531    22.5828    22.6181     6.2724     5.4505 -9.990e-29
        190      1.543    14.5213    14.5235   2.859279   2.863403     2.5856     2.5507     0.0057  0.2233589      1.529    22.5833    22.6179     6.2725     5.4520 -9.990e-29
        191      1.542    14.5211    14.5236   2.859324   2.863386     2.5858     2.5514     0.0057  0.2235460      1.528    22.5838    22.6177     6.2723     5.4531 -9.990e-29
        192      1.540    14.5209    14.5237   2.859369   2.863369     2.5860     2.5521     0.0055  0.2237177      1.526    22.5843    22.6175     6.2720     5.4541 -9.990e-29
        193      1.539    14.5208    14.5238   2.859412   2.863350     2.5861     2.5528     0.0057  0.2238752      1.525    22.5848    22.6173     6.2715     5.4551 -9.990e-29
        194      1.537    14.5208    14.5239   2.859454   2.863331     2.5863     2.5535     0.0057  0.2240205      1.523    22.5851    22.6170     6.2713     5.4560 -9.990e-29
        195      1.536    14.5208    14.5240   2.859495   2.863312     2.5865     2.5542     0.0057  0.2241545      1.522    22.5855    22.6168     6.2710     5.4569 -9.990e-29
        196      1.535    14.5208    14.5241   2.859533   2.863292     2.5867     2.5549     0.0057  0.2242782      1.521    22.5858    22.6166     6.2709     5.4578 -9.990e-29
        197      1.533    14.5209    14.5242   2.859570   2.863272     2.5868     2.5556     0.0057  0.2243924      1.519    22.5861    22.6164     6.2704     5.4586 -9.990e-29
        198      1.532    14.5211    14.5244   2.859604   2.863253     2.5870     2.5562     0.0057  0.2244980      1.518    22.5863    22.6161     6.2702     5.4590 -9.990e-29
        199      1.530    14.5212    14.5245   2.859635   2.863234     2.5871     2.5569     0.0057  0.2245956      1.516    22.5865    22.6159     6.2697     5.4597 -9.990e-29
        200      1.529    14.5214    14.5246   2.859664   2.863215     2.5873     2.5575     0.0057  0.2246860      1.515    22.5866    22.6156     6.2696     5.4601 -9.990e-29
        201      1.527    14.5216    14.5248   2.859690   2.863196     2.5874     2.5581     0.0057  0.2247698      1.513    22.5867    22.6154     6.2692     5.4604 -9.990e-29
        202      1.526    14.5218    14.5249   2.859714   2.863177     2.5876     2.5587     0.0057  0.2248476      1.512    22.5868    22.6151     6.2691     5.4607 -9.990e-29
        203      1.525    14.5220    14.5250   2.859735   2.863159     2.5877     2.5593     0.0057  0.2249198      1.511    22.5869    22.6149     6.2687     5.4610 -9.990e-29
        204      1.523    14.5222    14.5252   2.859754   2.863140     2.5878     2.5599     0.0057  0.2249871      1.509    22.5869    22.6146     6.2683     5.4612 -9.990e-29
        205      1.522    14.5224    14.5253   2.859770   2.863122     2.5879     2.5605     0.0057  0.2250498      1.508    22.5870    22.6144     6.2680     5.4614 -9.990e-29
        206      1.520    14.5227    14.5255   2.859784   2.863104     2.5880     2.5611     0.0057  0.2251085      1.506    22.5869    22.6142     6.2676     5.4615 -9.990e-29
        207      1.519    14.5230    14.5256   2.859796   2.863086     2.5881     2.5616     0.0057  0.2251635      1.505    22.5868    22.6139     6.2673     5.4614 -9.990e-29
        208      1.517    14.5233    14.5258   2.859806   2.863068     2.5882     2.5622     0.0057  0.2252151      1.503    22.5868    22.6137     6.2669     5.4615 -9.990e-29
        209      1.516    14.5236    14.5259   2.859814   2.863051     2.5883     2.5627     0.0057  0.2252639      1.502    22.5866    22.6135     6.2666     5.4613 -9.990e-29
        210      1.514    14.5240    14.5261   2.859821   2.863034     2.5884     2.5632     0.0057  0.2253100      1.500    22.5865    22.6132     6.2663     5.4611 -9.990e-29
        211      1.513    14.5244    14.5263   2.859827   2.863018     2.5885     2.5637     0.0057  0.2253539      1.499    22.5863    22.6129     6.2660     5.4609 -9.990e-29
        212      1.512    14.5248    14.5265   2.859833   2.863004     2.5887     2.5642     0.0057  0.2253958      1.498    22.5861    22.6127     6.2660     5.4606 -9.990e-29
        213      1.511    14.5253    14.5268   2.859838   2.862991     2.5888     2.5647     0.0055  0.2254360      1.497    22.5859    22.6124     6.2657     5.4603 -9.990e-29
        214      1.509    14.5258    14.5270   2.859842   2.862979     2.5889     2.5652     0.0057  0.2254748      1.495    22.5856    22.6122     6.2653     5.4600 -9.990e-29
        215      1.508    14.5263    14.5273   2.859846   2.862969     2.5890     2.5657     0.0057  0.2255133      1.494    22.5854    22.6119     6.2650     5.4597 -9.990e-29
        216      1.507    14.5268    14.5276   2.859849   2.862960     2.5891     2.5661     0.0057  0.2255544      1.493    22.5851    22.6117     6.2647     5.4591 -9.990e-29
        217      1.505    14.5274    14.5279   2.859852   2.862953     2.5892     2.5665     0.0057  0.2256008      1.491    22.5848    22.6114     6.2643     5.4585 -9.990e-29
        218      1.504    14.5280    14.5283   2.859855   2.862947     2.5892     2.5669     0.0057  0.2256538      1.490    22.5845    22.6112     6.2637     5.4579 -9.990e-29
        219      1.503    14.5286    14.5286   2.859857   2.862943     2.5893     2.5673     0.0057  0.2257137      1.489    22.5841    22.6110     6.2633     5.4573 -9.990e-29
        220      1.501    14.5293    14.5290   2.859859   2.862940     2.5894     2.5677     0.0057  0.2257800      1.487    22.5837    22.6107     6.2629     5.4567 -9.990e-29
        221      1.500    14.5300    14.5295   2.859860   2.862938     2.5895     2.5680     0.0057  0.2258525      1.486    22.5833    22.6104     6.2625     5.4558 -9.990e-29
        222      1.499    14.5307    14.5299   2.859861   2.862937     2.5896     2.5683     0.0057  0.2259315      1.485    22.5829    22.6101     6.2621     5.4550 -9.990e-29
        223      1.497    14.5315    14.5304   2.859862   2.862939     2.5897     2.5686     0.0057  0.2260168      1.483    22.5825    22.6099     6.2617     5.4542 -9.990e-29
        224      1.496    14.5324    14.5309   2.859862   2.862941     2.5897     2.5689     0.0057  0.2261091      1.482    22.5820    22.6096     6.2609     5.4534 -9.990e-29
        225      1.495    14.5333    14.5314   2.859861   2.862945     2.5898     2.5692     0.0057  0.2262105      1.481    22.5814    22.6093     6.2605     5.4526 -9.990e-29
        226      1.493    14.5342    14.5320   2.859860   2.862951     2.5899     2.5694     0.0057  0.2263219      1.479    22.5809    22.6091     6.2600     5.4515 -9.990e-29
        227      1.492    14.5353    14.5325   2.859858   2.862959     2.5899     2.5697     0.0057  0.2264423      1.478    22.5803    22.6088     6.2592     5.4508 -9.990e-29
        228      1.490    14.5364    14.5332   2.859856   2.862967     2.5900     2.5699     0.0057  0.2265725      1.476    22.5796    22.6085     6.2586     5.4497 -9.990e-29
        229      1.489    14.5375    14.5339   2.859854   2.862977     2.5900     2.5701     0.0057  0.2267152      1.475    22.5789    22.6082     6.2578     5.4488 -9.990e-29
        230      1.487    14.5388    14.5346   2.859851   2.862987     2.5900     2.5703     0.0057  0.2268722      1.473    22.5782    22.6079     6.2569     5.4478 -9.990e-29
        231      1.486    14.5402    14.5354   2.859849   2.862998     2.5900     2.5705     0.0057  0.2270445      1.472    22.5773    22.6075     6.2559     5.4469 -9.990e-29
        232      1.484    14.5416    14.5362   2.859848   2.863009     2.5901     2.5706     0.0057  0.2272326      1.470    22.5765    22.6071     6.2553     5.4458 -9.990e-29
        233      1.482    14.5432    14.5370   2.859846   2.863021     2.5901     2.5708     0.0057  0.2274360      1.468    22.5756    22.6068     6.2543     5.4449 -9.990e-29
        234      1.480    14.5449    14.5379   2.859845   2.863033     2.5901     2.5709     0.0057  0.2276562      1.466    22.5746    22.6063     6.2533     5.4438 -9.990e-29
        235      1.478    14.5467    14.5389   2.859845   2.863045     2.5901     2.5710     0.0057  0.2278964      1.464    22.5735    22.6059     6.2523     5.4428 -9.990e-29
        236      1.477    14.5486    14.5399   2.859845   2.863058     2.5901     2.5711     0.0057  0.2281591      1.463    22.5724    22.6054     6.2512     5.4418 -9.990e-29
        237      1.475    14.5507    14.5409   2.859847   2.863072     2.5900     2.5712     0.0057  0.2284453      1.461    22.5712    22.6049     6.2499     5.4408 -9.990e-29
        238      1.473    14.5528    14.5421   2.859849   2.863086     2.5900     2.5713     0.0057  0.2287561      1.459    22.5700    22.6044     6.2488     5.4399 -9.990e-29
        239      1.471    14.5550    14.5433   2.859852   2.863101     2.5900     2.5714     0.0057  0.2290946      1.457    22.5688    22.6038     6.2477     5.4389 -9.990e-29
        240      1.469    14.5573    14.5446   2.859856   2.863117     2.5900     2.5715     0.0057  0.2294562      1.455    22.5675    22.6032     6.2467     5.4381 -9.990e-29
        241      1.467    14.5596    14.5460   2.859860   2.863134     2.5899     2.5716     0.0057  0.2298198      1.453    22.5662    22.6025     6.2453     5.4373 -9.990e-29
        242      1.465    14.5620    14.5476   2.859865   2.863154     2.5899     2.5716     0.0057  0.2301615      1.451    22.5649    22.6018     6.2442     5.4362 -9.990e-29
        243      1.463    14.5643    14.5492   2.859870   2.863174     2.5898     2.5717     0.0057  0.2304719      1.449    22.5636    22.6010     6.2428     5.4355 -9.990e-29
        244      1.462    14.5666    14.5509   2.859875   2.863197     2.5897     2.5717     0.0057  0.2307513      1.448    22.5623    22.6002     6.2414     5.4345 -9.990e-29
        245      1.460    14.5689    14.5528   2.859881   2.863222     2.5897     2.5718     0.0057  0.2310026      1.446    22.5610    22.5993     6.2403     5.4338 -9.990e-29
        246      1.458    14.5711    14.5548   2.859887   2.863250     2.5896     2.5718     0.0057  0.2312283      1.444    22.5598    22.5984     6.2390     5.4329 -9.990e-29
        247      1.457    14.5732    14.5570   2.859894   2.863280     2.5895     2.5719     0.0057  0.2314293      1.443    22.5586    22.5974     6.2377     5.4322 -9.990e-29
        248      1.455    14.5754    14.5592   2.859901   2.863312     2.5894     2.5719     0.0057  0.2316059      1.441    22.5574    22.5964     6.2363     5.4314 -9.990e-29
        249      1.454    14.5775    14.5616   2.859909   2.863348     2.5893     2.5720     0.0057  0.2317604      1.440    22.5563    22.5953     6.2350     5.4307 -9.990e-29
        250      1.453    14.5796    14.5641   2.859918   2.863387     2.5892     2.5720     0.0057  0.2318955      1.439    22.5551    22.5942     6.2337     5.4299 -9.990e-29
        251      1.452    14.5816    14.5666   2.859928   2.863430     2.5891     2.5720     0.0057  0.2320130      1.438    22.5541    22.5932     6.2325     5.4291 -9.990e-29
        252      1.451    14.5836    14.5693   2.859940   2.863476     2.5890     2.5720     0.0057  0.2321128      1.437    22.5530    22.5920     6.2312     5.4283 -9.990e-29
        253      1.450    14.5856    14.5721   2.859953   2.863527     2.5889     2.5721     0.0057  0.2321940      1.436    22.5520    22.5908     6.2299     5.4277 -9.990e-29
        254      1.449    14.5876    14.5750   2.859969   2.863582     2.5887     2.5721     0.0057  0.2322562      1.435    22.5509    22.5896     6.2284     5.4269 -9.990e-29
        255      1.449    14.5895    14.5780   2.859986   2.863643     2.5886     2.5721     0.0055  0.2323007      1.435    22.5500    22.5884     6.2271     5.4262 -9.990e-29
        256      1.448    14.5913    14.5812   2.860005   2.863709     2.5885     2.5721     0.0057  0.2323288      1.434    22.5491    22.5871     6.2259     5.4254 -9.990e-29
        257      1.448    14.5931    14.5843   2.860027   2.863780     2.5883     2.5721     0.0057  0.2323405      1.434    22.5483    22.5859     6.2244     5.4246 -9.990e-29
        258      1.448    14.5947    14.5875   2.860051   2.863857     2.5882     2.5721     0.0057  0.2323360      1.434    22.5475    22.5848     6.2233     5.4239 -9.990e-29
        259      1.448    14.5962    14.5905   2.860077   2.863940     2.5881     2.5721     0.0057  0.2323144      1.434    22.5469    22.5837     6.2221     5.4232 -9.990e-29
        260      1.448    14.5976    14.5935   2.860106   2.864028     2.5879     2.5721     0.0057  0.2322756      1.434    22.5463    22.5828     6.2207     5.4225 -9.990e-29
        261      1.448    14.5989    14.5964   2.860137   2.864123     2.5878     2.5721     0.0057  0.2322201      1.434    22.5459    22.5819     6.2196     5.4218 -9.990e-29
        262      1.448    14.6001    14.5992   2.860172   2.864224     2.5876     2.5721     0.0057  0.2321475      1.434    22.5455    22.5812     6.2182     5.4211 -9.990e-29
        263      1.448    14.6012    14.6020   2.860209   2.864332     2.5874     2.5720     0.0057  0.2320573      1.434    22.5452    22.5805     6.2169     5.4201 -9.990e-29
        264      1.449    14.6021    14.6046   2.860249   2.864447     2.5873     2.5720     0.0057  0.2319481      1.435    22.5450    22.5800     6.2159     5.4195 -9.990e-29
        265      1.449    14.6029    14.6071   2.860292   2.864569     2.5871     2.5720     0.0057  0.2318191      1.435    22.5449    22.5796     6.2146     5.4188 -9.990e-29
        266      1.450    14.6037    14.6095   2.860338   2.864698     2.5869     2.5720     0.0057  0.2316754      1.436    22.5448    22.5793     6.2133     5.4183 -9.990e-29
        267      1.450    14.6044    14.6116   2.860387   2.864834     2.5868     2.5720     0.0057  0.2315269      1.436    22.5449    22.5793     6.2124     5.4176 -9.990e-29
        268      1.450    14.6051    14.6136   2.860440   2.864976     2.5866     2.5719     0.0057  0.2313812      1.436    22.5449    22.5793     6.2111     5.4168 -9.990e-29
        269      1.451    14.6058    14.6153   2.860496   2.865126     2.5864     2.5719     0.0057  0.2312398      1.437    22.5450    22.5797     6.2099     5.4162 -9.990e-29
        270      1.451    14.6065    14.6169   2.860555   2.865283     2.5862     2.5719     0.0057  0.2311008      1.437    22.5451    22.5801     6.2087     5.4157 -9.990e-29
        271      1.451    14.6073    14.6182   2.860619   2.865448     2.5860     2.5718     0.0057  0.2309624      1.437    22.5452    22.5808     6.2075     5.4149 -9.990e-29
