data/2021/ctd_data_day1/Station 2 210921_ctm.cnv
* Sea-Bird SBE 9 Data File:
* FileName = C:\Users\CTD-User\Desktop\MAR440\Station 2 210921.hex
* Software Version Seasave V 7.26.2.13
* Temperature SN = 6313
* Conductivity SN = 4758
* Number of Bytes Per Scan = 30
* Number of Voltage Words = 4
* Number of Scans Averaged by the Deck Unit = 1
* NMEA baud rate = 4800
** Ship:
** Station:
** Operator:
# nquan = 11
# nvalues = 6110                        
# units = specified
# name 0 = scan: Scan Count
# name 1 = prDM: Pressure, Digiquartz [db]
# name 2 = t090C: Temperature [ITS-90, deg C]
# name 3 = t190C: Temperature, 2 [ITS-90, deg C]
# name 4 = c0S/m: Conductivity [S/m]
# name 5 = c1S/m: Conductivity, 2 [S/m]
# name 6 = sbeox0V: Oxygen raw, SBE 43 [V]
# name 7 = sbeox1V: Oxygen raw, SBE 43, 2 [V]
# name 8 = flECO-AFL: Fluorescence, WET Labs ECO-AFL/FL [mg/m^3]
# name 9 = upoly0: Upoly 0, Turbidity
# name 10 = flag:  0.000e+00
# span 0 =          1,       6110       
# span 1 =      0.157,     43.455       
# span 2 =     7.9730,    16.1801       
# span 3 =     7.9712,    16.1835       
# span 4 =  -0.001126,   3.495104       
# span 5 =   0.107799,   3.496217       
# span 6 =     0.4711,     3.0415       
# span 7 =     0.5273,     2.8535       
# span 8 =     0.0033,     0.0408       
# span 9 =  0.0805824,  0.2358938       
# span 10 = 0.0000e+00, 0.0000e+00      
# interval = seconds: 0.0416667
# start_time = Sep 21 2021 09:07:42 [System UTC, header]
# bad_flag = -9.990e-29
*END*
[from data line 1968]
       1969     10.066    15.8700    15.8983   2.778521   2.834823     2.1062     2.0781     0.0038  0.0952344 0.0000e+00
       1970     10.042    15.8706    15.8984   2.778580   2.834612     2.1062     2.0781     0.0038  0.0962112 0.0000e+00
       1971     10.066    15.8707    15.8985   2.778680   2.834488     2.1062     2.0769     0.0038  0.0962112 0.0000e+00
       1972     10.066    15.8713    15.8983   2.778711   2.834320     2.1062     2.0769     0.0038  0.0952344 0.0000e+00
       1973     10.041    15.8715    15.8985   2.778741   2.834152     2.1062     2.0757     0.0038  0.0962112 0.0000e+00
       1974     10.066    15.8719    15.8988   2.778757   2.834098     2.1062     2.0745     0.0038  0.0962112 0.0000e+00
       1975     10.066    15.8723    15.8985   2.778852   2.833902     2.1062     2.0745     0.0038  0.0962112 0.0000e+00
       1976     10.107    15.8724    15.8986   2.778823   2.833811     2.1050     2.0732     0.0038  0.0966996 0.0000e+00
       1977     10.066    15.8729    15.8984   2.778956   2.833749     2.1050     2.0732     0.0038  0.0962112 0.0000e+00
       1978     10.008    15.8734    15.8988   2.778976   2.833535     2.1050     2.0720     0.0038  0.0962112 0.0000e+00
       1979     10.107    15.8736    15.8986   2.779092   2.833517     2.1038     2.0720     0.0038  0.0962112 0.0000e+00
       1980     10.066    15.8739    15.8986   2.779058   2.833403     2.1038     2.0708     0.0038  0.0966996 0.0000e+00
       1981     10.066    15.8743    15.8988   2.779246   2.833193     2.1038     2.0708     0.0038  0.0962112 0.0000e+00
       1982     10.066    15.8746    15.8986   2.779185   2.833207     2.1038     2.0696     0.0038  0.0962112 0.0000e+00
       1983     10.041    15.8748    15.8989   2.779312   2.833045     2.1038     2.0696     0.0038  0.0962112 0.0000e+00
       1984     10.066    15.8750    15.8988   2.779170   2.832889     2.1038     2.0671     0.0038  0.0962112 0.0000e+00
       1985     10.066    15.8753    15.8988   2.779319   2.832931     2.1038     2.0671     0.0038  0.0962112 0.0000e+00
       1986     10.041    15.8756    15.8990   2.779274   2.832710     2.1038     2.0671     0.0038  0.0962112 0.0000e+00
       1987     10.066    15.8758    15.8986   2.779347   2.832621     2.1025     2.0659     0.0038  0.0966996 0.0000e+00
       1988     10.066    15.8762    15.8988   2.779465   2.832605     2.1025     2.0647     0.0038  0.0962112 0.0000e+00
       1989     10.041    15.8762    15.8989   2.779472   2.832378     2.1025     2.0647     0.0038  0.0962112 0.0000e+00
       1990     10.066    15.8763    15.8990   2.779578   2.832340     2.1013     2.0635     0.0038  0.0966996 0.0000e+00
       1991     10.066    15.8765    15.8990   2.779501   2.832296     2.1025     2.0635     0.0038  0.0962112 0.0000e+00
       1992     10.107    15.8766    15.8990   2.779713   2.832080     2.1025     2.0623     0.0038  0.0962112 0.0000e+00
       1993     10.008    15.8768    15.8990   2.779517   2.832084     2.1025     2.0623     0.0038  0.0962112 0.0000e+00
       1994     10.066    15.8768    15.8991   2.779719   2.832034     2.1013     2.0610     0.0038  0.0962112 0.0000e+00
       1995     10.107    15.8770    15.8991   2.779755   2.831867     2.1013     2.0598     0.0038  0.0962112 0.0000e+00
       1996     10.066    15.8772    15.8990   2.779871   2.831791     2.1013     2.0598     0.0038  0.0962112 0.0000e+00
       1997     10.008    15.8772    15.8991   2.779917   2.831790     2.1013     2.0586     0.0038  0.0962112 0.0000e+00
       1998     10.066    15.8773    15.8990   2.779856   2.831589     2.1013     2.0586     0.0038  0.0962112 0.0000e+00
       1999     10.107    15.8773    15.8991   2.779950   2.831460     2.1013     2.0574     0.0038  0.0962112 0.0000e+00
       2000     10.066    15.8773    15.8990   2.779851   2.831518     2.1001     2.0574     0.0040  0.0962112 0.0000e+00
       2001     10.008    15.8777    15.8990   2.780080   2.831388     2.1001     2.0562     0.0040  0.0962112 0.0000e+00
       2002     10.107    15.8777    15.8989   2.779971   2.831236     2.1001     2.0549     0.0042  0.0962112 0.0000e+00
       2003     10.066    15.8777    15.8990   2.780102   2.831331     2.1001     2.0549     0.0040  0.0962112 0.0000e+00
       2004     10.008    15.8780    15.8988   2.780181   2.831179     2.1001     2.0537     0.0040  0.0962112 0.0000e+00
       2005     10.107    15.8775    15.8988   2.780123   2.831017     2.1001     2.0537     0.0040  0.0962112 0.0000e+00
       2006     10.065    15.8779    15.8990   2.780262   2.831060     2.1001     2.0525     0.0040  0.0962112 0.0000e+00
       2007     10.008    15.8779    15.8988   2.780195   2.831047     2.1001     2.0513     0.0040  0.0962112 0.0000e+00
       2008     10.107    15.8780    15.8986   2.780349   2.830852     2.1001     2.0513     0.0040  0.0962112 0.0000e+00
       2009     10.065    15.8779    15.8985   2.780233   2.830813     2.0989     2.0500     0.0040  0.0962112 0.0000e+00
       2010     10.065    15.8777    15.8985   2.780353   2.830801     2.0989     2.0500     0.0040  0.0962112 0.0000e+00
       2011     10.041    15.8779    15.8983   2.780486   2.830729     2.0989     2.0488     0.0040  0.0962112 0.0000e+00
       2012     10.008    15.8779    15.8981   2.780489   2.830589     2.1001     2.0488     0.0040  0.0962112 0.0000e+00
       2013     10.065    15.8777    15.8978   2.780502   2.830602     2.0989     2.0476     0.0040  0.0962112 0.0000e+00
       2014     10.041    15.8775    15.8977   2.780466   2.830585     2.0989     2.0464     0.0040  0.0962112 0.0000e+00
       2015     10.065    15.8777    15.8976   2.780707   2.830368     2.0976     2.0464     0.0040  0.0962112 0.0000e+00
       2016     10.065    15.8772    15.8974   2.780589   2.830415     2.0976     2.0452     0.0040  0.0962112 0.0000e+00
       2017     10.065    15.8773    15.8974   2.780684   2.830478     2.0989     2.0439     0.0040  0.0962112 0.0000e+00
       2018     10.040    15.8770    15.8971   2.780750   2.830320     2.0976     2.0439     0.0040  0.0962112 0.0000e+00
       2019     10.065    15.8768    15.8969   2.780613   2.830189     2.0976     2.0439     0.0040  0.0962112 0.0000e+00
       2020     10.065    15.8768    15.8967   2.780825   2.830280     2.0989     2.0427     0.0040  0.0962112 0.0000e+00
       2021     10.040    15.8766    15.8965   2.780844   2.830358     2.0976     2.0415     0.0040  0.0962112 0.0000e+00
       2022     10.065    15.8766    15.8962   2.780960   2.830152     2.0976     2.0415     0.0040  0.0962112 0.0000e+00
       2023     10.065    15.8763    15.8962   2.780962   2.830082     2.0976     2.0403     0.0040  0.0962112 0.0000e+00
       2024     10.040    15.8765    15.8959   2.780950   2.830132     2.0976     2.0403     0.0040  0.0962112 0.0000e+00
       2025     10.065    15.8762    15.8957   2.781162   2.830190     2.0976     2.0391     0.0040  0.0962112 0.0000e+00
       2026     10.007    15.8760    15.8956   2.781089   2.830124     2.0976     2.0391     0.0038  0.0957228 0.0000e+00
       2027     10.106    15.8760    15.8954   2.781265   2.830134     2.0976     2.0378     0.0038  0.0957228 0.0000e+00
       2028     10.007    15.8759    15.8951   2.781235   2.830243     2.0964     2.0378     0.0038  0.0957228 0.0000e+00
       2029     10.065    15.8756    15.8952   2.781231   2.830216     2.0964     2.0366     0.0038  0.0957228 0.0000e+00
       2030     10.040    15.8756    15.8949   2.781369   2.830155     2.0976     2.0366     0.0038  0.0957228 0.0000e+00
       2031     10.065    15.8755    15.8945   2.781344   2.830201     2.0964     2.0354     0.0038  0.0957228 0.0000e+00
       2032     10.065    15.8756    15.8945   2.781482   2.830237     2.0964     2.0342     0.0038  0.0957228 0.0000e+00
       2033     10.065    15.8755    15.8944   2.781448   2.830145     2.0964     2.0342     0.0038  0.0957228 0.0000e+00
       2034     10.040    15.8755    15.8944   2.781418   2.830208     2.0964     2.0342     0.0038  0.0962112 0.0000e+00
       2035     10.007    15.8755    15.8940   2.781594   2.830399     2.0964     2.0330     0.0037  0.0962112 0.0000e+00
       2036     10.065    15.8753    15.8939   2.781532   2.830414     2.0964     2.0317     0.0038  0.0962112 0.0000e+00
       2037     10.040    15.8755    15.8937   2.781773   2.830418     2.0964     2.0317     0.0038  0.0957228 0.0000e+00
       2038     10.065    15.8753    15.8933   2.781738   2.830538     2.0964     2.0305     0.0038  0.0957228 0.0000e+00
       2039     10.065    15.8755    15.8933   2.781634   2.830623     2.0964     2.0293     0.0038  0.0962112 0.0000e+00
       2040     10.040    15.8750    15.8932   2.781813   2.830638     2.0964     2.0293     0.0038  0.0957228 0.0000e+00
       2041     10.065    15.8752    15.8932   2.781817   2.830653     2.0952     2.0281     0.0038  0.0957228 0.0000e+00
       2042     10.007    15.8750    15.8930   2.781874   2.830792     2.0952     2.0281     0.0038  0.0962112 0.0000e+00
       2043     10.040    15.8751    15.8926   2.781979   2.830901     2.0952     2.0268     0.0038  0.0962112 0.0000e+00
       2044     10.065    15.8748    15.8926   2.781901   2.830859     2.0964     2.0268     0.0038  0.0957228 0.0000e+00
       2045     10.065    15.8748    15.8923   2.782045   2.830975     2.0952     2.0256     0.0038  0.0962112 0.0000e+00
       2046     10.040    15.8748    15.8921   2.782059   2.831123     2.0952     2.0244     0.0038  0.0957228 0.0000e+00
       2047     10.065    15.8746    15.8921   2.782083   2.831057     2.0964     2.0244     0.0038  0.0962112 0.0000e+00
       2048     10.007    15.8744    15.8918   2.782177   2.831120     2.0952     2.0232     0.0038  0.0962112 0.0000e+00
       2049     10.065    15.8746    15.8918   2.782181   2.831392     2.0964     2.0232     0.0038  0.0957228 0.0000e+00
       2050     10.040    15.8743    15.8916   2.782285   2.831332     2.0952     2.0232     0.0038  0.0962112 0.0000e+00
       2051     10.064    15.8741    15.8915   2.782368   2.831289     2.0952     2.0220     0.0038  0.0947460 0.0000e+00
       2052     10.007    15.8741    15.8913   2.782377   2.831437     2.0952     2.0207     0.0040  0.0942576 0.0000e+00
       2053     10.040    15.8739    15.8911   2.782456   2.831489     2.0952     2.0207     0.0038  0.0942576 0.0000e+00
       2054     10.064    15.8738    15.8910   2.782534   2.831493     2.0940     2.0195     0.0040  0.0942576 0.0000e+00
       2055     10.007    15.8735    15.8906   2.782488   2.831603     2.0952     2.0195     0.0040  0.0942576 0.0000e+00
       2056     10.106    15.8735    15.8908   2.782572   2.831646     2.0952     2.0183     0.0040  0.0942576 0.0000e+00
       2057     10.007    15.8733    15.8903   2.782639   2.831584     2.0952     2.0183     0.0040  0.0942576 0.0000e+00
       2058     10.064    15.8731    15.8904   2.782567   2.831718     2.0952     2.0171     0.0040  0.0942576 0.0000e+00
       2059     10.040    15.8728    15.8899   2.782725   2.831833     2.0952     2.0159     0.0040  0.0942576 0.0000e+00
       2060     10.007    15.8724    15.8901   2.782813   2.831818     2.0952     2.0159     0.0040  0.0942576 0.0000e+00
       2061     10.064    15.8723    15.8899   2.782741   2.831897     2.0940     2.0146     0.0040  0.0942576 0.0000e+00
       2062     10.039    15.8722    15.8896   2.782819   2.832034     2.0952     2.0146     0.0040  0.0942576 0.0000e+00
       2063     10.064    15.8719    15.8894   2.782886   2.831990     2.0952     2.0134     0.0040  0.0942576 0.0000e+00
       2064     10.006    15.8716    15.8894   2.782873   2.832054     2.0940     2.0134     0.0040  0.0942576 0.0000e+00
       2065     10.064    15.8716    15.8892   2.782989   2.832246     2.0940     2.0134     0.0040  0.0942576 0.0000e+00
       2066     10.039    15.8713    15.8891   2.782965   2.832282     2.0940     2.0122     0.0040  0.0942576 0.0000e+00
       2067     10.064    15.8712    15.8889   2.783017   2.832388     2.0940     2.0122     0.0040  0.0942576 0.0000e+00
       2068     10.006    15.8709    15.8889   2.783246   2.832532     2.0940     2.0110     0.0040  0.0942576 0.0000e+00
       2069     10.039    15.8707    15.8885   2.783163   2.832567     2.0940     2.0098     0.0040  0.0937692 0.0000e+00
       2070     10.064    15.8706    15.8885   2.783150   2.832755     2.0940     2.0098     0.0040  0.0942576 0.0000e+00
       2071     10.006    15.8704    15.8887   2.783292   2.832884     2.0940     2.0098     0.0040  0.0942576 0.0000e+00
       2072     10.039    15.8702    15.8884   2.783338   2.832925     2.0940     2.0085     0.0040  0.0942576 0.0000e+00
       2073     10.064    15.8699    15.8887   2.783325   2.833145     2.0940     2.0073     0.0040  0.0942576 0.0000e+00
       2074     10.006    15.8700    15.8884   2.783561   2.833262     2.0940     2.0061     0.0040  0.0942576 0.0000e+00
       2075     10.039    15.8699    15.8884   2.783397   2.833390     2.0940     2.0061     0.0040  0.0942576 0.0000e+00
       2076     10.064    15.8696    15.8882   2.783448   2.833614     2.0940     2.0061     0.0038  0.0942576 0.0000e+00
       2077     10.006    15.8696    15.8882   2.783661   2.833640     2.0940     2.0049     0.0038  0.0942576 0.0000e+00
       2078     10.039    15.8696    15.8880   2.783687   2.833789     2.0940     2.0049     0.0038  0.0942576 0.0000e+00
       2079     10.064    15.8694    15.8880   2.783652   2.834040     2.0928     2.0036     0.0038  0.0942576 0.0000e+00
       2080     10.006    15.8692    15.8879   2.783790   2.834141     2.0928     2.0036     0.0038  0.0942576 0.0000e+00
       2081     10.064    15.8692    15.8879   2.783750   2.834339     2.0928     2.0024     0.0038  0.0942576 0.0000e+00
       2082     10.039    15.8689    15.8880   2.783753   2.834473     2.0928     2.0024     0.0038  0.0942576 0.0000e+00
       2083     10.006    15.8689    15.8879   2.783957   2.834681     2.0928     2.0012     0.0038  0.0942576 0.0000e+00
       2084     10.064    15.8689    15.8877   2.784003   2.834858     2.0928     2.0012     0.0038  0.0942576 0.0000e+00
       2085     10.039    15.8685    15.8877   2.783919   2.835018     2.0928     2.0000     0.0038  0.0942576 0.0000e+00
       2086     10.006    15.8687    15.8879   2.784064   2.835275     2.0928     2.0000     0.0038  0.0942576 0.0000e+00
       2087     10.064    15.8685    15.8875   2.784186   2.835429     2.0928     1.9988     0.0038  0.0942576 0.0000e+00
       2088     10.039    15.8684    15.8879   2.784184   2.835618     2.0928     1.9988     0.0038  0.0942576 0.0000e+00
       2089     10.006    15.8681    15.8875   2.784224   2.835750     2.0928     1.9975     0.0038  0.0942576 0.0000e+00
       2090     10.063    15.8682    15.8879   2.784326   2.836036     2.0928     1.9963     0.0038  0.0942576 0.0000e+00
       2091     10.039    15.8682    15.8875   2.784275   2.836178     2.0928     1.9963     0.0038  0.0942576 0.0000e+00
       2092     10.006    15.8677    15.8875   2.784326   2.836376     2.0928     1.9963     0.0038  0.0942576 0.0000e+00
       2093     10.063    15.8675    15.8877   2.784464   2.836581     2.0928     1.9963     0.0038  0.0942576 0.0000e+00
       2094      9.981    15.8671    15.8875   2.784466   2.836805     2.0928     1.9951     0.0038  0.0942576 0.0000e+00
       2095     10.063    15.8668    15.8875   2.784469   2.837003     2.0928     1.9951     0.0038  0.0942576 0.0000e+00
       2096     10.063    15.8665    15.8875   2.784607   2.837126     2.0928     1.9939     0.0038  0.0942576 0.0000e+00
       2097     10.006    15.8660    15.8874   2.784652   2.837297     2.0928     1.9939     0.0038  0.0942576 0.0000e+00
       2098     10.039    15.8657    15.8875   2.784590   2.837495     2.0928     1.9927     0.0038  0.0942576 0.0000e+00
