data/2021/ctd_data_day1/Station 1 ex 210921_ctm_fil_le_der.cnv
* Sea-Bird SBE 9 Data File:
* FileName = C:\Users\CTD-User\Desktop\MAR440\Station 1 ex 210921.hex
* Software Version Seasave V 7.26.2.13
* Temperature SN = 6313
* Conductivity SN = 4758
* Number of Bytes Per Scan = 30
* Number of Voltage Words = 4
* Number of Scans Averaged by the Deck Unit = 1
* NMEA baud rate = 4800
** Ship:
** Station:
** Operator:
# nquan = 16                                
# nvalues = 3592                        
# units = specified
# name 0 = scan: Scan Count
# name 1 = prDM: Pressure, Digiquartz [db]
# name 2 = t090C: Temperature [ITS-90, deg C]
# name 3 = t190C: Temperature, 2 [ITS-90, deg C]
# name 4 = c0S/m: Conductivity [S/m]
# name 5 = c1S/m: Conductivity, 2 [S/m]
# name 6 = sbeox0V: Oxygen raw, SBE 43 [V]
# name 7 = sbeox1V: Oxygen raw, SBE 43, 2 [V]
# name 8 = flECO-AFL: Fluorescence, WET Labs ECO-AFL/FL [mg/m^3]
# name 9 = upoly0: Upoly 0, Turbidity
# name 10 = depSM: Depth [salt water, m], lat = 59
# name 11 = sal00: Salinity, Practical [PSU]
# name 12 = sal11: Salinity, Practical, 2 [PSU]
# name 13 = sbeox0ML/L: Oxygen, SBE 43 [ml/l], WS = 2
# name 14 = sbeox1ML/L: Oxygen, SBE 43, 2 [ml/l], WS = 2
# name 15 = flag: flag
# span 0 =          1,       3592       
# span 1 =      0.209,     30.533       
# span 2 =     7.9664,    16.1288       
# span 3 =     7.9555,    16.1351       
# span 4 =   2.884986,   3.768774       
# span 5 =   2.872738,   3.769854       
# span 6 =     0.6778,     2.8827       
# span 7 =     0.7295,     2.7937       
# span 8 =     0.0035,     0.1207       
# span 9 =  0.0866592,  0.1704992       
# span 10 =      0.207,     30.245      
# span 11 =    22.3329,    32.1221      
# span 12 =    22.5603,    32.0933      
# span 13 =     0.4259,     7.0525      
# span 14 =     0.6473,     5.9082      
# span 15 = 0.0000e+00, 0.0000e+00      
# interval = seconds: 0.0416667
# start_time = Sep 21 2021 11:23:14 [System UTC, header]
# bad_flag = -9.990e-29
*END*
[from data line 3526]
       3527     29.396    10.1160     9.1439   3.502933   3.434329     0.7338     0.8280     0.0066  0.0878908     29.119    31.7711    31.9334     0.6574     1.0056 0.0000e+00
       3528     29.418    10.1888     9.1713   3.508759   3.436198     0.7336     0.8284     0.0066  0.0878919     29.141    31.7658    31.9282     0.6625     1.0122 0.0000e+00
       3529     29.439    10.2597     9.2054   3.514497   3.438548     0.7335     0.8287     0.0066  0.0878928     29.162    31.7614    31.9219     0.6679     1.0181 0.0000e+00
       3530     29.461    10.3276     9.2468   3.520021   3.441433     0.7334     0.8292     0.0066  0.0878937     29.184    31.7574    31.9145     0.6733     1.0239 0.0000e+00
       3531     29.483    10.3915     9.2949   3.525245   3.444848     0.7334     0.8297     0.0064  0.0878953     29.205    31.7539    31.9067     0.6788     1.0292 0.0000e+00
       3532     29.505    10.4507     9.3472   3.530108   3.448684     0.7334     0.8302     0.0066  0.0878984     29.227    31.7508    31.8994     0.6844     1.0340 0.0000e+00
       3533     29.526    10.5041     9.3998   3.534539   3.452737     0.7334     0.8308     0.0066  0.0879024     29.248    31.7485    31.8941     0.6898     1.0387 0.0000e+00
       3534     29.548    10.5504     9.4498   3.538448   3.456798     0.7335     0.8314     0.0066  0.0879063     29.270    31.7472    31.8912     0.6955     1.0430 0.0000e+00
       3535     29.570    10.5885     9.4954   3.541737   3.460710     0.7337     0.8321     0.0066  0.0879103     29.291    31.7467    31.8906     0.7015     1.0472 0.0000e+00
       3536     29.591    10.6177     9.5360   3.544334   3.464375     0.7339     0.8328     0.0066  0.0879142     29.312    31.7472    31.8920     0.7075     1.0512 0.0000e+00
       3537     29.613    10.6375     9.5708   3.546194   3.467718     0.7341     0.8335     0.0066  0.0879181     29.334    31.7485    31.8952     0.7134     1.0549 0.0000e+00
       3538     29.635    10.6483     9.5992   3.547311   3.470669     0.7344     0.8342     0.0066  0.0879222     29.356    31.7502    31.9001     0.7196     1.0583 0.0000e+00
       3539     29.656    10.6515     9.6208   3.547748   3.473161     0.7347     0.8349     0.0077  0.0879263     29.377    31.7517    31.9063     0.7258     1.0615 0.0000e+00
       3540     29.678    10.6485     9.6358   3.547633   3.475159     0.7350     0.8356     0.0092  0.0879306     29.398    31.7532    31.9134     0.7319     1.0645 0.0000e+00
       3541     29.700    10.6399     9.6454   3.547094   3.476686     0.7354     0.8363     0.0095  0.0879350     29.420    31.7553    31.9204     0.7382     1.0672 0.0000e+00
       3542     29.722    10.6247     9.6512   3.546148   3.477805     0.7359     0.8371     0.0095  0.0879404     29.442    31.7591    31.9266     0.7447     1.0700 0.0000e+00
       3543     29.743    10.6008     9.6542   3.544690   3.478563     0.7363     0.8378     0.0095  0.0879478     29.463    31.7654    31.9317     0.7509     1.0721 0.0000e+00
       3544     29.765    10.5669     9.6548   3.542575   3.478991     0.7368     0.8385     0.0095  0.0879571     29.485    31.7738    31.9355     0.7573     1.0740 0.0000e+00
       3545     29.787    10.5220     9.6522   3.539692   3.479083     0.7374     0.8392     0.0095  0.0879693     29.506    31.7842    31.9388     0.7642     1.0756 0.0000e+00
       3546     29.808    10.4663     9.6447   3.536003   3.478765     0.7379     0.8399     0.0095  0.0879845     29.527    31.7960    31.9422     0.7707     1.0770 0.0000e+00
       3547     29.830    10.4016     9.6309   3.531580   3.477949     0.7385     0.8405     0.0095  0.0880011     29.549    31.8083    31.9461     0.7775     1.0780 0.0000e+00
       3548     29.851    10.3307     9.6115   3.526578   3.476639     0.7391     0.8412     0.0095  0.0880183     29.570    31.8202    31.9500     0.7842     1.0791 0.0000e+00
       3549     29.873    10.2560     9.5879   3.521175   3.474924     0.7396     0.8418     0.0095  0.0880363     29.592    31.8315    31.9535     0.7906     1.0797 0.0000e+00
       3550     29.894    10.1801     9.5609   3.515553   3.472889     0.7402     0.8423     0.0095  0.0880552     29.612    31.8416    31.9567     0.7971     1.0800 0.0000e+00
       3551     29.915    10.1059     9.5312   3.509921   3.470584     0.7408     0.8429     0.0095  0.0880751     29.633    31.8501    31.9596     0.8034     1.0803 0.0000e+00
       3552     29.937    10.0357     9.4998   3.504476   3.468065     0.7415     0.8434     0.0095  0.0880961     29.655    31.8570    31.9618     0.8098     1.0802 0.0000e+00
       3553     29.958     9.9704     9.4676   3.499347   3.465399     0.7421     0.8439     0.0095  0.0881185     29.676    31.8627    31.9632     0.8156     1.0800 0.0000e+00
       3554     29.979     9.9102     9.4355   3.494581   3.462645     0.7427     0.8444     0.0095  0.0881423     29.697    31.8676    31.9636     0.8211     1.0795 0.0000e+00
       3555     30.000     9.8547     9.4040   3.490170   3.459852     0.7433     0.8448     0.0095  0.0881677     29.717    31.8719    31.9631     0.8264     1.0787 0.0000e+00
       3556     30.021     9.8034     9.3730   3.486073   3.457047     0.7439     0.8452     0.0095  0.0881950     29.738    31.8757    31.9620     0.8314     1.0778 0.0000e+00
       3557     30.042     9.7554     9.3425   3.482232   3.454239     0.7445     0.8456     0.0095  0.0882242     29.759    31.8792    31.9604     0.8362     1.0768 0.0000e+00
       3558     30.062     9.7098     9.3125   3.478582   3.451446     0.7451     0.8460     0.0095  0.0882557     29.779    31.8824    31.9585     0.8408     1.0757 0.0000e+00
       3559     30.083     9.6656     9.2833   3.475057   3.448699     0.7457     0.8463     0.0095  0.0882904     29.800    31.8857    31.9564     0.8451     1.0744 0.0000e+00
       3560     30.104     9.6225     9.2548   3.471617   3.446015     0.7463     0.8466     0.0095  0.0883294     29.820    31.8889    31.9543     0.8494     1.0730 0.0000e+00
       3561     30.124     9.5804     9.2267   3.468248   3.443386     0.7469     0.8468     0.0095  0.0883723     29.840    31.8919    31.9523     0.8534     1.0714 0.0000e+00
       3562     30.145     9.5391     9.1989   3.464944   3.440797     0.7475     0.8470     0.0095  0.0884183     29.861    31.8948    31.9505     0.8572     1.0698 0.0000e+00
       3563     30.165     9.4983     9.1712   3.461687   3.438245     0.7482     0.8472     0.0095  0.0884688     29.881    31.8978    31.9490     0.8612     1.0683 0.0000e+00
       3564     30.184     9.4580     9.1439   3.458468   3.435737     0.7488     0.8474     0.0095  0.0885249     29.900    31.9007    31.9476     0.8646     1.0668 0.0000e+00
       3565     30.204     9.4183     9.1170   3.455283   3.433276     0.7494     0.8475     0.0101  0.0885861     29.919    31.9034    31.9463     0.8678     1.0651 0.0000e+00
       3566     30.223     9.3791     9.0902   3.452122   3.430860     0.7500     0.8476     0.0110  0.0886520     29.938    31.9059    31.9454     0.8707     1.0635 0.0000e+00
       3567     30.242     9.3402     9.0639   3.448964   3.428491     0.7506     0.8476     0.0110  0.0887231     29.957    31.9082    31.9445     0.8733     1.0618 0.0000e+00
       3568     30.261     9.3014     9.0380   3.445786   3.426175     0.7512     0.8477     0.0110  0.0887998     29.976    31.9102    31.9437     0.8756     1.0604 0.0000e+00
       3569     30.280     9.2628     9.0123   3.442583   3.423893     0.7519     0.8477     0.0110  0.0888828     29.995    31.9117    31.9432     0.7621     1.0380 0.0000e+00
       3570     30.298     9.2245     8.9865   3.439366   3.421617     0.7525     0.8477     0.0108  0.0889725     30.013    31.9128    31.9428     0.7647     1.0386 0.0000e+00
       3571     30.316     9.1866     8.9608   3.436156   3.419332     0.7531     0.8477     0.0110  0.0890697     30.030    31.9136    31.9422     0.7673     1.0392 0.0000e+00
       3572     30.334     9.1491     8.9350   3.432971   3.417030     0.7538     0.8477     0.0110  0.0891749     30.048    31.9143    31.9415     0.7702     1.0399 0.0000e+00
       3573     30.351     9.1122     8.9085   3.429827   3.414685     0.7544     0.8476     0.0108  0.0892889     30.065    31.9149    31.9410     0.7728     1.0402 0.0000e+00
       3574     30.368     9.0763     8.8807   3.426744   3.412265     0.7551     0.8476     0.0110  0.0894125     30.082    31.9152    31.9408     0.7757     1.0409 0.0000e+00
       3575     30.384     9.0412     8.8513   3.423727   3.409751     0.7557     0.8476     0.0108  0.0895466     30.098    31.9155    31.9412     0.7783     1.0416 0.0000e+00
       3576     30.399     9.0068     8.8206   3.420762   3.407158     0.7564     0.8476     0.0110  0.0896921     30.113    31.9156    31.9418     0.7811     1.0424 0.0000e+00
       3577     30.414     8.9728     8.7895   3.417829   3.404534     0.7571     0.8475     0.0110  0.0898500     30.127    31.9158    31.9425     0.7840     1.0429 0.0000e+00
       3578     30.429     8.9393     8.7590   3.414923   3.401945     0.7578     0.8475     0.0110  0.0900214     30.142    31.9157    31.9431     0.7869     1.0436 0.0000e+00
       3579     30.442     8.9062     8.7298   3.412046   3.399444     0.7585     0.8475     0.0110  0.0902075     30.155    31.9156    31.9433     0.7898     1.0443 0.0000e+00
       3580     30.455     8.8736     8.7019   3.409211   3.397051     0.7592     0.8475     0.0110  0.0904096     30.168    31.9155    31.9435     0.7927     1.0450 0.0000e+00
       3581     30.467     8.8414     8.6746   3.406429   3.394743     0.7598     0.8475     0.0110  0.0906291     30.180    31.9155    31.9441     0.7952     1.0457 0.0000e+00
       3582     30.478     8.8092     8.6470   3.403699   3.392475     0.7605     0.8475     0.0110  0.0908675     30.191    31.9161    31.9453     0.7981     1.0464 0.0000e+00
       3583     30.489     8.7773     8.6193   3.401029   3.390220     0.7611     0.8476     0.0110  0.0911266     30.202    31.9170    31.9468     0.8006     1.0473 -9.990e-29
       3584     30.498     8.7461     8.5923   3.398464   3.388007     0.7618     0.8476     0.0110  0.0914080     30.211    31.9184    31.9480     0.8035     1.0480 -9.990e-29
       3585     30.506     8.7167     8.5673   3.396070   3.385917     0.7623     0.8477     0.0110  0.0917137     30.219    31.9199    31.9488     0.8057     1.0489 -9.990e-29
       3586     30.513     8.6897     8.5453   3.393909   3.384034     0.7629     0.8477     0.0110  0.0920459     30.226    31.9217    31.9490     0.8081     1.0494 -9.990e-29
       3587     30.519     8.6658     8.5268   3.392025   3.382416     0.7634     0.8478     0.0110  0.0924069     30.231    31.9236    31.9487     0.8102     1.0501 -9.990e-29
       3588     30.524     8.6456     8.5121   3.390449   3.381094     0.7638     0.8478     0.0108  0.0927992     30.236    31.9254    31.9482     0.8119     1.0505 -9.990e-29
       3589     30.528     8.6295     8.5012   3.389209   3.380084     0.7641     0.8478     0.0110  0.0932255     30.240    31.9270    31.9475     0.8131     1.0508 -9.990e-29
       3590     30.530     8.6177     8.4941   3.388324   3.379389     0.7644     0.8479     0.0491  0.0936600     30.242    31.9284    31.9466     0.8143     1.0513 -9.990e-29
       3591     30.532     8.6107     8.4902   3.387801   3.378996     0.7645     0.8479     0.1051  0.0940053     30.244    31.9292    31.9460     0.8148     1.0514 -9.990e-29
       3592     30.533     8.6084     8.4891   3.387631   3.378872     0.7646     0.8479     0.1207  0.0941382     30.245    31.9295    31.9457     0.8152     1.0514 -9.990e-29
