data/2021/ctd_data_day1/Station 2ex 210921.cnv
* Sea-Bird SBE 9 Data File:
* FileName = C:\Users\CTD-User\Desktop\MAR440\Station 2ex 210921.hex
* Software Version Seasave V 7.26.2.13
* Temperature SN = 6313
* Conductivity SN = 4758
* Number of Bytes Per Scan = 30
* Number of Voltage Words = 4
* Number of Scans Averaged by the Deck Unit = 1
* NMEA baud rate = 4800
** Ship:
** Station:
** Operator:
# nquan = 11
# nvalues = 3819                                  
# units = specified
# name 0 = scan: Scan Count
# name 1 = prDM: Pressure, Digiquartz [db]
# name 2 = t090C: Temperature [ITS-90, deg C]
# name 3 = t190C: Temperature, 2 [ITS-90, deg C]
# name 4 = c0S/m: Conductivity [S/m]
# name 5 = c1S/m: Conductivity, 2 [S/m]
# name 6 = sbeox0V: Oxygen raw, SBE 43 [V]
# name 7 = sbeox1V: Oxygen raw, SBE 43, 2 [V]
# name 8 = flECO-AFL: Fluorescence, WET Labs ECO-AFL/FL [mg/m^3]
# name 9 = upoly0: Upoly 0, Turbidity
# name 10 = flag:  0.000e+00
# span 0 =          1,       3819                 
# span 1 =      0.200,     24.037                 
# span 2 =    13.0098,    16.1645                 
# span 3 =    13.0064,    16.1714                 
# span 4 =   2.855411,   3.803823                 
# span 5 =   2.857473,   3.804921                 
# span 6 =     0.9315,     2.9243                 
# span 7 =     1.0304,     2.8791                 
# span 8 =     0.0033,     0.0101                 
# span 9 =  0.0869316,  0.2349170                 
# span 10 = 0.0000e+00, 0.0000e+00                
# interval = seconds: 0.0416667
# start_time = Sep 21 2021 11:43:06 [System UTC, header]
# bad_flag = -9.990e-29
*END*
[from data line 1050]
       1051      4.299    15.0143    15.0140   2.941521   2.940734     2.5775     2.6447     0.0048  0.1675177  0.000e+00
       1052      4.216    15.0216    15.0108   2.941757   2.940386     2.5812     2.6471     0.0048  0.1675177  0.000e+00
       1053      4.241    15.0326    15.0052   2.943007   2.939858     2.5824     2.6496     0.0048  0.1675177  0.000e+00
       1054      4.216    15.0387    14.9963   2.944544   2.938460     2.5861     2.6508     0.0048  0.1675177  0.000e+00
       1055      4.183    15.0406    14.9823   2.945210   2.936159     2.5873     2.6532     0.0048  0.1675177  0.000e+00
       1056      4.150    15.0408    14.9728   2.945386   2.933707     2.5922     2.6545     0.0048  0.1694713  0.000e+00
       1057      4.183    15.0376    14.9646   2.945122   2.932033     2.5946     2.6569     0.0048  0.1767973  0.000e+00
       1058      4.117    15.0335    14.9622   2.944725   2.931185     2.5971     2.6593     0.0048  0.1797277  0.000e+00
       1059      4.092    15.0309    14.9641   2.944059   2.931576     2.5995     2.6606     0.0048  0.1797277  0.000e+00
       1060      4.117    15.0341    14.9676   2.943574   2.932615     2.6020     2.6618     0.0048  0.1792393  0.000e+00
       1061      4.035    15.0236    14.9707   2.942991   2.933359     2.6056     2.6654     0.0048  0.1792393  0.000e+00
       1062      4.059    15.0179    14.9712   2.942099   2.933713     2.6081     2.6667     0.0048  0.1792393  0.000e+00
       1063      4.035    15.0184    14.9672   2.941344   2.933582     2.6093     2.6691     0.0048  0.1792393  0.000e+00
       1064      3.993    15.0173    14.9637   2.940744   2.932875     2.6117     2.6703     0.0048  0.1792393  0.000e+00
       1065      3.936    15.0154    14.9600   2.940238   2.932147     2.6154     2.6728     0.0048  0.1792393  0.000e+00
       1066      3.968    15.0068    14.9598   2.939616   2.932033     2.6203     2.6752     0.0048  0.1792393  0.000e+00
       1067      3.935    14.9989    14.9649   2.938499   2.932859     2.6215     2.6764     0.0048  0.1792393  0.000e+00
       1068      3.911    14.9960    14.9725   2.937662   2.934327     2.6227     2.6789     0.0048  0.1792393  0.000e+00
       1069      3.878    14.9928    14.9798   2.937068   2.935681     2.6239     2.6801     0.0048  0.1792393  0.000e+00
       1070      3.911    14.9871    14.9840   2.936287   2.936371     2.6288     2.6825     0.0048  0.1792393  0.000e+00
       1071      3.812    14.9781    14.9755   2.935148   2.935050     2.6313     2.6838     0.0048  0.1792393  0.000e+00
       1072      3.845    14.9632    14.9638   2.933449   2.932680     2.6325     2.6862     0.0048  0.1792393  0.000e+00
       1073      3.812    14.9440    14.9549   2.931090   2.930973     2.6349     2.6886     0.0048  0.1792393  0.000e+00
       1074      3.754    14.9302    14.9473   2.928863   2.929587     2.6361     2.6899     0.0048  0.1792393  0.000e+00
       1075      3.787    14.9246    14.9461   2.927550   2.929267     2.6410     2.6911     0.0048  0.1792393  0.000e+00
       1076      3.754    14.9265    14.9500   2.927253   2.930696     2.6447     2.6935     0.0048  0.1792393  0.000e+00
       1077      3.721    14.9118    14.9521   2.926539   2.931544     2.6447     2.6960     0.0048  0.1792393  0.000e+00
       1078      3.688    14.8975    14.9415   2.924863   2.930631     2.6459     2.6972     0.0048  0.1792393  0.000e+00
       1079      3.663    14.9031    14.9242   2.923742   2.928170     2.6496     2.6996     0.0048  0.1792393  0.000e+00
       1080      3.688    14.9242    14.9001   2.924846   2.924417     2.6520     2.7009     0.0048  0.1792393  0.000e+00
       1081      3.564    14.9412    14.8704   2.927143   2.920052     2.6545     2.7033     0.0048  0.1792393  0.000e+00
       1082      3.663    14.9520    14.8564   2.929034   2.917171     2.6557     2.7045     0.0048  0.1811929  0.000e+00
       1083      3.564    14.9622    14.8551   2.930276   2.916645     2.6581     2.7057     0.0048  0.1826581  0.000e+00
       1084      3.605    14.9657    14.8526   2.931084   2.916623     2.6593     2.7082     0.0048  0.1831465  0.000e+00
       1085      3.506    14.9635    14.8530   2.931106   2.916591     2.6642     2.7106     0.0048  0.1831465  0.000e+00
       1086      3.539    14.9628    14.8585   2.931144   2.917274     2.6654     2.7118     0.0048  0.1831465  0.000e+00
       1087      3.506    14.9684    14.8668   2.931628   2.919103     2.6667     2.7131     0.0048  0.1831465  0.000e+00
       1088      3.415    14.9725    14.8829   2.932602   2.921756     2.6691     2.7155     0.0048  0.1831465  0.000e+00
       1089      3.506    14.9803    14.8989   2.933613   2.924303     2.6716     2.7167     0.0048  0.1831465  0.000e+00
       1090      3.382    14.9945    14.8979   2.934928   2.924949     2.6752     2.7192     0.0048  0.1831465  0.000e+00
       1091      3.415    15.0075    14.8858   2.936699   2.923244     2.6789     2.7204     0.0048  0.1831465  0.000e+00
       1092      3.382    15.0302    14.8828   2.939335   2.921387     2.6789     2.7228     0.0048  0.1831465  0.000e+00
       1093      3.358    15.0516    14.8782   2.943315   2.920242     2.6801     2.7241     0.0048  0.1831465  0.000e+00
       1094      3.382    15.0638    14.8687   2.946813   2.919070     2.6838     2.7253     0.0048  0.1831465  0.000e+00
       1095      3.292    15.0636    14.8536   2.948620   2.917225     2.6862     2.7277     0.0048  0.1831465  0.000e+00
       1096      3.259    15.0579    14.8444   2.949039   2.915555     2.6886     2.7289     0.0048  0.1831465  0.000e+00
       1097      3.291    15.0558    14.8429   2.948449   2.914947     2.6886     2.7314     0.0048  0.1831465  0.000e+00
       1098      3.258    15.0543    14.8462   2.947744   2.915262     2.6911     2.7326     0.0048  0.1831465  0.000e+00
       1099      3.201    15.0542    14.8425   2.947298   2.915381     2.6960     2.7338     0.0048  0.1831465  0.000e+00
       1100      3.234    15.0521    14.8356   2.947138   2.914817     2.6984     2.7350     0.0048  0.1831465  0.000e+00
       1101      3.143    15.0503    14.8298   2.946769   2.913830     2.6984     2.7375     0.0048  0.1831465  0.000e+00
       1102      3.176    15.0481    14.8219   2.946014   2.912485     2.6996     2.7387     0.0048  0.1831465  0.000e+00
       1103      3.143    15.0397    14.8154   2.944351   2.911173     2.7033     2.7399     0.0048  0.1831465  0.000e+00
       1104      3.110    15.0185    14.8180   2.941350   2.910978     2.7057     2.7424     0.0048  0.1831465  0.000e+00
       1105      3.077    14.9925    14.8256   2.937998   2.912182     2.7082     2.7436     0.0048  0.1831465  0.000e+00
       1106      3.052    14.9689    14.8286   2.935010   2.913320     2.7082     2.7448     0.0048  0.1831465  0.000e+00
       1107      3.077    14.9588    14.8254   2.933063   2.913223     2.7094     2.7460     0.0048  0.1841233  0.000e+00
       1108      3.019    14.9549    14.8193   2.932123   2.912236     2.7131     2.7473     0.0051  0.1890073  0.000e+00
       1109      2.986    14.9502    14.8129   2.931469   2.911249     2.7167     2.7485     0.0051  0.1909609  0.000e+00
       1110      2.953    14.9498    14.8088   2.931007   2.910610     2.7180     2.7509     0.0051  0.1914493  0.000e+00
       1111      2.928    14.9522    14.8068   2.930782   2.910312     2.7180     2.7521     0.0051  0.1909609  0.000e+00
       1112      2.953    14.9544    14.8088   2.930628   2.910013     2.7204     2.7534     0.0051  0.1909609  0.000e+00
       1113      2.928    14.9535    14.8113   2.930413   2.910219     2.7228     2.7546     0.0051  0.1909609  0.000e+00
       1114      2.895    14.9507    14.8130   2.930292   2.910642     2.7277     2.7558     0.0051  0.1909609  0.000e+00
       1115      2.804    14.9465    14.8127   2.930171   2.910832     2.7277     2.7570     0.0051  0.1909609  0.000e+00
       1116      2.829    14.9413    14.8093   2.929539   2.910713     2.7289     2.7582     0.0051  0.1909609  0.000e+00
       1117      2.804    14.9354    14.7974   2.928357   2.909770     2.7326     2.7595     0.0051  0.1909609  0.000e+00
       1118      2.771    14.9287    14.7880   2.927275   2.908344     2.7338     2.7619     0.0051  0.1909609  0.000e+00
       1119      2.771    14.9282    14.7827   2.926632   2.907266     2.7375     2.7619     0.0051  0.1909609  0.000e+00
       1120      2.747    14.9153    14.7755   2.925802   2.906432     2.7375     2.7631     0.0051  0.1909609  0.000e+00
       1121      2.714    14.9132    14.7702   2.924835   2.905576     2.7387     2.7643     0.0051  0.1909609  0.000e+00
       1122      2.681    14.9107    14.7707   2.924253   2.905159     2.7424     2.7656     0.0051  0.1909609  0.000e+00
       1123      2.714    14.9146    14.7709   2.923726   2.904910     2.7448     2.7668     0.0051  0.1909609  0.000e+00
       1124      2.623    14.9226    14.7724   2.924385   2.904991     2.7473     2.7680     0.0051  0.1909609  0.000e+00
       1125      2.648    14.9247    14.7735   2.925527   2.905240     2.7473     2.7692     0.0051  0.1909609  0.000e+00
       1126      2.557    14.9253    14.7738   2.926071   2.905370     2.7485     2.7705     0.0051  0.1909609  0.000e+00
       1127      2.590    14.9270    14.7729   2.925862   2.905245     2.7509     2.7717     0.0051  0.1909609  0.000e+00
       1128      2.557    14.9175    14.7699   2.924967   2.905034     2.7546     2.7741     0.0051  0.1909609  0.000e+00
       1129      2.524    14.8939    14.7677   2.922874   2.904639     2.7570     2.7741     0.0051  0.1909609  0.000e+00
       1130      2.524    14.8788    14.7665   2.920206   2.904357     2.7558     2.7753     0.0051  0.1909609  0.000e+00
       1131      2.441    14.8626    14.7667   2.917829   2.904178     2.7570     2.7766     0.0051  0.1909609  0.000e+00
       1132      2.466    14.8510    14.7673   2.915974   2.904325     2.7582     2.7778     0.0051  0.1909609  0.000e+00
       1133      2.441    14.8422    14.7702   2.915118   2.904568     2.7619     2.7790     0.0051  0.1958449  0.000e+00
       1134      2.408    14.8314    14.7778   2.914449   2.905522     2.7619     2.7802     0.0051  0.2012173  0.000e+00
       1135      2.375    14.8216    14.7835   2.912989   2.906529     2.7631     2.7802     0.0051  0.2026825  0.000e+00
       1136      2.342    14.8115    14.7919   2.911733   2.907835     2.7644     2.7827     0.0051  0.2021941  0.000e+00
       1137      2.375    14.8128    14.8003   2.910510   2.909179     2.7668     2.7839     0.0051  0.2021941  0.000e+00
       1138      2.284    14.8107    14.8078   2.910083   2.910214     2.7680     2.7839     0.0051  0.2021941  0.000e+00
       1139      2.317    14.8058    14.8066   2.909611   2.910713     2.7680     2.7851     0.0051  0.2021941  0.000e+00
       1140      2.284    14.8039    14.8005   2.909490   2.909965     2.7692     2.7863     0.0051  0.2021941  0.000e+00
       1141      2.194    14.8070    14.7927   2.909638   2.908344     2.7705     2.7875     0.0051  0.2021941  0.000e+00
       1142      2.218    14.8088    14.7804   2.909885   2.906627     2.7729     2.7875     0.0051  0.2021941  0.000e+00
       1143      2.218    14.8076    14.7716   2.909814   2.905370     2.7766     2.7900     0.0051  0.2017057  0.000e+00
       1144      2.136    14.8016    14.7682   2.909299   2.904563     2.7741     2.7900     0.0051  0.2021941  0.000e+00
       1145      2.161    14.7985    14.7675   2.908855   2.904140     2.7753     2.7912     0.0051  0.2021941  0.000e+00
       1146      2.136    14.7967    14.7671   2.908476   2.903750     2.7766     2.7924     0.0051  0.2021941  0.000e+00
       1147      2.103    14.7884    14.7662   2.907934   2.903637     2.7790     2.7924     0.0051  0.2017057  0.000e+00
       1148      2.012    14.7829    14.7640   2.907106   2.903545     2.7802     2.7937     0.0051  0.2021941  0.000e+00
       1149      2.103    14.7788    14.7611   2.906300   2.903317     2.7790     2.7949     0.0051  0.2021941  0.000e+00
       1150      2.012    14.7763    14.7590   2.905626   2.903019     2.7802     2.7949     0.0051  0.2021941  0.000e+00
       1151      1.979    14.7711    14.7570   2.905040   2.902624     2.7814     2.7961     0.0051  0.2017057  0.000e+00
       1152      1.946    14.7687    14.7555   2.904399   2.902332     2.7827     2.7973     0.0051  0.2021941  0.000e+00
       1153      1.979    14.7675    14.7549   2.904097   2.902131     2.7851     2.7985     0.0051  0.2021941  0.000e+00
       1154      1.888    14.7652    14.7553   2.903851   2.902137     2.7863     2.7998     0.0051  0.2021941  0.000e+00
       1155      1.913    14.7603    14.7557   2.903675   2.902077     2.7863     2.8010     0.0051  0.2021941  0.000e+00
       1156      1.888    14.7583    14.7552   2.903604   2.902158     2.7851     2.8010     0.0051  0.2021941  0.000e+00
       1157      1.855    14.7608    14.7532   2.903549   2.902104     2.7863     2.8022     0.0051  0.2021941  0.000e+00
       1158      1.822    14.7632    14.7486   2.903577   2.901823     2.7875     2.8034     0.0051  0.2017057  0.000e+00
       1159      1.789    14.7642    14.7469   2.903527   2.901379     2.7875     2.8046     0.0051  0.2007289  0.000e+00
       1160      1.707    14.7662    14.7480   2.903467   2.901357     2.7875     2.8059     0.0051  0.2002405  0.000e+00
       1161      1.855    14.7698    14.7498   2.903681   2.901639     2.7888     2.8059     0.0051  0.2002405  0.000e+00
       1162      1.674    14.7748    14.7504   2.904240   2.901844     2.7912     2.8071     0.0051  0.2002405  0.000e+00
       1163      1.764    14.7776    14.7514   2.905001   2.901980     2.7912     2.8083     0.0051  0.2002405  0.000e+00
       1164      1.673    14.7803    14.7505   2.905155   2.901898     2.7912     2.8095     0.0051  0.2002405  0.000e+00
       1165      1.640    14.7815    14.7450   2.905051   2.901563     2.7912     2.8095     0.0051  0.2002405  0.000e+00
       1166      1.673    14.7812    14.7435   2.905357   2.901027     2.7937     2.8107     0.0051  0.2002405  0.000e+00
       1167      1.583    14.7784    14.7458   2.905286   2.900919     2.7949     2.8120     0.0051  0.2002405  0.000e+00
       1168      1.607    14.7704    14.7482   2.904766   2.901281     2.7949     2.8120     0.0051  0.2002405  0.000e+00
       1169      1.583    14.7682    14.7504   2.904415   2.901595     2.7937     2.8132     0.0051  0.2002405  0.000e+00
       1170      1.550    14.7719    14.7514   2.904168   2.901931     2.7949     2.8144     0.0051  0.2002405  0.000e+00
       1171      1.459    14.7740    14.7522   2.904371   2.902120     2.7973     2.8144     0.0051  0.2002405  0.000e+00
       1172      1.550    14.7741    14.7506   2.904557   2.902207     2.7985     2.8156     0.0051  0.2002405  0.000e+00
       1173      1.459    14.7738    14.7441   2.904716   2.901644     2.7973     2.8156     0.0051  0.2002405  0.000e+00
       1174      1.484    14.7722    14.7259   2.904640   2.899982     2.7985     2.8169     0.0051  0.2002405  0.000e+00
       1175      1.459    14.7709    14.7053   2.904388   2.897179     2.7985     2.8169     0.0051  0.2002405  0.000e+00
       1176      1.484    14.7699    14.6883   2.904404   2.894420     2.8010     2.8181     0.0051  0.2002405  0.000e+00
       1177      1.401    14.7684    14.6788   2.904130   2.892419     2.8010     2.8181     0.0051  0.2002405  0.000e+00
       1178      1.368    14.7671    14.6754   2.903796   2.891553     2.8010     2.8193     0.0051  0.2002405  0.000e+00
       1179      1.401    14.7649    14.6763   2.903725   2.891856     2.8010     2.8205     0.0051  0.2002405  0.000e+00
       1180      1.368    14.7590    14.6809   2.903626   2.893754     2.8022     2.8205     0.0051  0.2002405  0.000e+00
