data/2021/ctd_data_day1/Station 2ex 210921_ctm.cnv
* Sea-Bird SBE 9 Data File:
* FileName = C:\Users\CTD-User\Desktop\MAR440\Station 2ex 210921.hex
* Software Version Seasave V 7.26.2.13
* Temperature SN = 6313
* Conductivity SN = 4758
* Number of Bytes Per Scan = 30
* Number of Voltage Words = 4
* Number of Scans Averaged by the Deck Unit = 1
* NMEA baud rate = 4800
** Ship:
** Station:
** Operator:
# nquan = 11
# nvalues = 3819                        
# units = specified
# name 0 = scan: Scan Count
# name 1 = prDM: Pressure, Digiquartz [db]
# name 2 = t090C: Temperature [ITS-90, deg C]
# name 3 = t190C: Temperature, 2 [ITS-90, deg C]
# name 4 = c0S/m: Conductivity [S/m]
# name 5 = c1S/m: Conductivity, 2 [S/m]
# name 6 = sbeox0V: Oxygen raw, SBE 43 [V]
# name 7 = sbeox1V: Oxygen raw, SBE 43, 2 [V]
# name 8 = flECO-AFL: Fluorescence, WET Labs ECO-AFL/FL [mg/m^3]
# name 9 = upoly0: Upoly 0, Turbidity
# name 10 = flag:  0.000e+00
# span 0 =          1,       3819       
# span 1 =      0.200,     24.037       
# span 2 =    13.0098,    16.1645       
# span 3 =    13.0064,    16.1714       
# span 4 =   2.855505,   3.803001       
# span 5 =   2.857414,   3.804093       
# span 6 =     0.9315,     2.9243       
# span 7 =     1.0304,     2.8791       
# span 8 =     0.0033,     0.0101       
# span 9 =  0.0869316,  0.2349170       
# span 10 = 0.0000e+00, 0.0000e+00      
# interval = seconds: 0.0416667
# start_time = Sep 21 2021 11:43:06 [System UTC, header]
# bad_flag = -9.990e-29
*END*
[from data line 656]
        657      8.754    16.0845    16.0970   2.986773   3.055309     2.5531     2.6142     0.0042  0.1303993 0.0000e+00
        658      8.713    16.0887    16.1039   2.987687   3.056607     2.5531     2.6142     0.0042  0.1303993 0.0000e+00
        659      8.713    16.0908    16.1133   2.988588   3.057932     2.5531     2.6142     0.0042  0.1303993 0.0000e+00
        660      8.754    16.0936    16.1206   2.989713   3.059353     2.5531     2.6142     0.0042  0.1303993 0.0000e+00
        661      8.837    16.0979    16.1261   2.990717   3.060651     2.5531     2.6142     0.0042  0.1299109 0.0000e+00
        662      8.779    16.1057    16.1301   2.991436   3.061845     2.5531     2.6142     0.0042  0.1299109 0.0000e+00
        663      8.812    16.1133    16.1351   2.992325   3.063102     2.5531     2.6129     0.0042  0.1303993 0.0000e+00
        664      8.837    16.1203    16.1392   2.993412   3.064181     2.5531     2.6129     0.0042  0.1303993 0.0000e+00
        665      8.903    16.1252    16.1411   2.994463   3.065565     2.5531     2.6129     0.0042  0.1303993 0.0000e+00
        666      8.878    16.1279    16.1389   2.995544   3.067177     2.5531     2.6117     0.0042  0.1299109 0.0000e+00
        667      8.903    16.1296    16.1349   2.996500   3.068693     2.5531     2.6117     0.0040  0.1303993 0.0000e+00
        668      8.960    16.1301    16.1317   2.997422   3.070098     2.5531     2.6117     0.0042  0.1303993 0.0000e+00
        669      8.936    16.1288    16.1288   2.998395   3.071394     2.5531     2.6117     0.0042  0.1303993 0.0000e+00
        670      8.960    16.1266    16.1257   2.999324   3.072666     2.5531     2.6105     0.0042  0.1303993 0.0000e+00
        671      8.960    16.1250    16.1231   3.000440   3.074136     2.5531     2.6105     0.0042  0.1303993 0.0000e+00
        672      9.002    16.1232    16.1198   3.001444   3.075612     2.5531     2.6105     0.0042  0.1303993 0.0000e+00
        673      9.018    16.1215    16.1160   3.002338   3.076928     2.5531     2.6093     0.0042  0.1299109 0.0000e+00
        674      9.084    16.1201    16.1131   3.003333   3.078159     2.5531     2.6093     0.0044  0.1264921 0.0000e+00
        675      9.059    16.1188    16.1104   3.004267   3.079330     2.5519     2.6093     0.0044  0.1240501 0.0000e+00
        676      9.084    16.1178    16.1083   3.005297   3.080465     2.5519     2.6093     0.0044  0.1235617 0.0000e+00
        677      9.142    16.1161    16.1075   3.006403   3.081871     2.5519     2.6081     0.0044  0.1235617 0.0000e+00
        678      9.117    16.1143    16.1076   3.007436   3.083358     2.5519     2.6081     0.0044  0.1235617 0.0000e+00
        679      9.142    16.1132    16.1080   3.008284   3.084786     2.5519     2.6081     0.0044  0.1235617 0.0000e+00
        680      9.142    16.1120    16.1080   3.009114   3.086258     2.5531     2.6068     0.0044  0.1235617 0.0000e+00
        681      9.240    16.1117    16.1086   3.009882   3.087831     2.5519     2.6068     0.0044  0.1235617 0.0000e+00
        682      9.208    16.1120    16.1099   3.010663   3.089347     2.5519     2.6068     0.0044  0.1235617 0.0000e+00
        683      9.207    16.1121    16.1109   3.011533   3.090800     2.5531     2.6056     0.0044  0.1235617 0.0000e+00
        684      9.306    16.1124    16.1138   3.012536   3.092223     2.5531     2.6056     0.0044  0.1235617 0.0000e+00
        685      9.265    16.1130    16.1160   3.013624   3.093788     2.5531     2.6056     0.0044  0.1235617 0.0000e+00
        686      9.265    16.1155    16.1196   3.014659   3.095224     2.5531     2.6044     0.0044  0.1235617 0.0000e+00
        687      9.306    16.1202    16.1240   3.015642   3.096698     2.5531     2.6032     0.0044  0.1235617 0.0000e+00
        688      9.323    16.1245    16.1274   3.016711   3.098029     2.5531     2.6044     0.0044  0.1235617 0.0000e+00
        689      9.389    16.1277    16.1312   3.017811   3.099335     2.5531     2.6044     0.0044  0.1235617 0.0000e+00
        690      9.364    16.1296    16.1334   3.018849   3.100745     2.5531     2.6044     0.0044  0.1235617 0.0000e+00
        691      9.389    16.1308    16.1341   3.019985   3.102173     2.5531     2.6032     0.0044  0.1235617 0.0000e+00
        692      9.446    16.1310    16.1355   3.020934   3.103458     2.5531     2.6032     0.0044  0.1235617 0.0000e+00
        693      9.422    16.1317    16.1381   3.021841   3.104749     2.5531     2.6032     0.0044  0.1235617 0.0000e+00
        694      9.446    16.1330    16.1406   3.022733   3.106250     2.5543     2.6020     0.0044  0.1235617 0.0000e+00
        695      9.512    16.1358    16.1438   3.023771   3.107694     2.5531     2.6020     0.0046  0.1235617 0.0000e+00
        696      9.488    16.1403    16.1457   3.024865   3.109138     2.5543     2.6020     0.0044  0.1235617 0.0000e+00
        697      9.512    16.1427    16.1466   3.025717   3.110734     2.5543     2.6020     0.0044  0.1235617 0.0000e+00
        698      9.570    16.1441    16.1469   3.026805   3.112289     2.5543     2.6020     0.0044  0.1235617 0.0000e+00
        699      9.545    16.1446    16.1445   3.027723   3.113951     2.5531     2.6007     0.0046  0.1220965 0.0000e+00
        700      9.570    16.1426    16.1401   3.028671   3.115616     2.5543     2.6007     0.0046  0.1177009 0.0000e+00
        701      9.636    16.1383    16.1336   3.029820   3.117152     2.5543     2.6007     0.0048  0.1162357 0.0000e+00
        702      9.611    16.1335    16.1274   3.031081   3.118512     2.5543     2.6007     0.0048  0.1162357 0.0000e+00
        703      9.694    16.1310    16.1230   3.032399   3.119778     2.5543     2.6007     0.0048  0.1162357 0.0000e+00
        704      9.636    16.1276    16.1197   3.033615   3.121022     2.5568     2.6007     0.0048  0.1167241 0.0000e+00
        705      9.669    16.1245    16.1172   3.034771   3.122041     2.5556     2.5995     0.0048  0.1162357 0.0000e+00
        706      9.751    16.1216    16.1156   3.035906   3.123141     2.5556     2.5995     0.0048  0.1167241 0.0000e+00
        707      9.693    16.1176    16.1133   3.037009   3.124685     2.5556     2.5995     0.0048  0.1167241 0.0000e+00
        708      9.751    16.1141    16.1109   3.037924   3.126501     2.5556     2.5995     0.0048  0.1167241 0.0000e+00
        709      9.792    16.1111    16.1088   3.039042   3.128135     2.5556     2.5995     0.0048  0.1167241 0.0000e+00
        710      9.751    16.1089    16.1068   3.040259   3.129713     2.5568     2.5995     0.0048  0.1167241 0.0000e+00
        711      9.817    16.1069    16.1051   3.041365   3.131494     2.5568     2.5995     0.0048  0.1162357 0.0000e+00
        712      9.850    16.1054    16.1042   3.042569   3.133430     2.5568     2.5995     0.0048  0.1162357 0.0000e+00
        713      9.817    16.1042    16.1028   3.044014   3.135609     2.5568     2.5995     0.0048  0.1167241 0.0000e+00
        714      9.875    16.1039    16.1018   3.045311   3.137802     2.5568     2.5983     0.0048  0.1167241 0.0000e+00
        715      9.916    16.1030    16.1010   3.046556   3.139929     2.5568     2.5983     0.0048  0.1167241 0.0000e+00
        716      9.941    16.1020    16.1006   3.047830   3.142052     2.5580     2.5983     0.0048  0.1162357 0.0000e+00
        717      9.941    16.1010    16.0994   3.049187   3.143934     2.5580     2.5983     0.0048  0.1167241 0.0000e+00
        718      9.916    16.0994    16.0964   3.050458   3.145596     2.5580     2.5983     0.0048  0.1167241 0.0000e+00
        719      9.998    16.0977    16.0938   3.051562   3.147277     2.5580     2.5983     0.0049  0.1162357 0.0000e+00
        720      9.998    16.0955    16.0916   3.052871   3.148832     2.5580     2.5983     0.0048  0.1162357 0.0000e+00
        721     10.039    16.0935    16.0892   3.053689   3.150286     2.5592     2.5983     0.0048  0.1167241 0.0000e+00
        722     10.056    16.0904    16.0861   3.054716   3.151733     2.5592     2.5983     0.0048  0.1167241 0.0000e+00
        723      9.998    16.0871    16.0844   3.055877   3.153146     2.5604     2.5983     0.0048  0.1167241 0.0000e+00
        724     10.097    16.0850    16.0825   3.057047   3.154927     2.5604     2.5983     0.0048  0.1162357 0.0000e+00
        725     10.122    16.0842    16.0800   3.058211   3.156773     2.5604     2.5983     0.0048  0.1098864 0.0000e+00
        726     10.122    16.0830    16.0778   3.059358   3.158622     2.5617     2.5983     0.0048  0.1050024 0.0000e+00
        727     10.122    16.0816    16.0759   3.060287   3.160354     2.5617     2.5983     0.0048  0.1040256 0.0000e+00
        728     10.163    16.0806    16.0739   3.060742   3.161824     2.5617     2.5983     0.0048  0.1045140 0.0000e+00
        729     10.180    16.0792    16.0709   3.059766   3.162523     2.5617     2.5983     0.0048  0.1045140 0.0000e+00
        730     10.180    16.0755    16.0686   3.056267   3.162125     2.5617     2.5983     0.0048  0.1045140 0.0000e+00
        731     10.163    16.0708    16.0660   3.050004   3.159159     2.5629     2.5983     0.0048  0.1045140 0.0000e+00
        732     10.179    16.0684    16.0621   3.041776   3.151955     2.5629     2.5983     0.0048  0.1045140 0.0000e+00
        733     10.245    16.0671    16.0583   3.033538   3.139936     2.5629     2.5983     0.0048  0.1045140 0.0000e+00
        734     10.221    16.0658    16.0549   3.026949   3.125922     2.5629     2.5983     0.0048  0.1045140 0.0000e+00
        735     10.179    16.0645    16.0510   3.021940   3.112603     2.5641     2.5983     0.0048  0.1050024 0.0000e+00
        736     10.245    16.0621    16.0485   3.018780   3.101020     2.5641     2.5983     0.0048  0.1050024 0.0000e+00
        737     10.278    16.0604    16.0467   3.016475   3.090536     2.5653     2.5983     0.0048  0.1050024 0.0000e+00
        738     10.245    16.0599    16.0454   3.015730   3.082826     2.5653     2.5983     0.0048  0.1045140 0.0000e+00
        739     10.245    16.0585    16.0431   3.036918   3.107619     2.5470     2.5995     0.0048  0.1045140 0.0000e+00
        740     10.245    16.0554    16.0414   3.063798   3.153306     2.4982     2.5983     0.0048  0.1050024 0.0000e+00
        741     10.278    16.0505    16.0402   3.111548   3.189883     2.4811     2.5995     0.0048  0.1045140 0.0000e+00
        742     10.245    16.0438    16.0378   3.167216   3.220991     2.4835     2.5995     0.0048  0.1050024 0.0000e+00
        743     10.245    16.0354    16.0326   3.219813   3.256200     2.4835     2.6007     0.0048  0.1050024 0.0000e+00
        744     10.220    16.0296    16.0292   3.254583   3.276625     2.4884     2.6007     0.0048  0.1050024 0.0000e+00
        745     10.303    16.0293    16.0268   3.271629   3.283889     2.5128     2.6032     0.0048  0.1050024 0.0000e+00
        746     10.245    16.0320    16.0256   3.278931   3.286702     2.5201     2.6044     0.0048  0.1050024 0.0000e+00
        747     10.220    16.0355    16.0251   3.281937   3.288067     2.5128     2.6056     0.0048  0.1050024 0.0000e+00
        748     10.245    16.0400    16.0257   3.283323   3.288561     2.5128     2.6081     0.0048  0.1050024 0.0000e+00
        749     10.245    16.0383    16.0265   3.284324   3.288692     2.5116     2.6105     0.0048  0.1050024 0.0000e+00
        750     10.278    16.0386    16.0295   3.284719   3.288270     2.5140     2.6129     0.0048  0.1035372 0.0000e+00
        751     10.245    16.0413    16.0354   3.285054   3.287558     2.5189     2.6142     0.0049  0.1006068 0.0000e+00
        752     10.245    16.0433    16.0411   3.285358   3.287380     2.5214     2.6154     0.0049  0.0996300 0.0000e+00
        753     10.245    16.0400    16.0442   3.286013   3.287543     2.5214     2.6166     0.0049  0.0996300 0.0000e+00
        754     10.220    16.0348    16.0449   3.286916   3.287429     2.5214     2.6178     0.0049  0.0996300 0.0000e+00
        755     10.245    16.0310    16.0455   3.287369   3.286879     2.5238     2.6191     0.0049  0.0996300 0.0000e+00
        756     10.245    16.0280    16.0498   3.287626   3.286548     2.5250     2.6215     0.0049  0.1001184 0.0000e+00
        757     10.278    16.0269    16.0471   3.288004   3.287568     2.5275     2.6227     0.0049  0.0996300 0.0000e+00
        758     10.245    16.0273    16.0402   3.288187   3.289037     2.5287     2.6239     0.0049  0.1001184 0.0000e+00
        759     10.245    16.0274    16.0358   3.288450   3.289784     2.5324     2.6264     0.0049  0.1001184 0.0000e+00
        760     10.277    16.0284    16.0329   3.288400   3.290055     2.5348     2.6276     0.0049  0.1001184 0.0000e+00
        761     10.178    16.0297    16.0319   3.287588   3.289874     2.5397     2.6300     0.0049  0.0996300 0.0000e+00
        762     10.244    16.0411    16.0335   3.281431   3.285070     2.5397     2.6325     0.0049  0.1001184 0.0000e+00
        763     10.220    16.0572    16.0477   3.272149   3.271731     2.5433     2.6349     0.0049  0.0996300 0.0000e+00
        764     10.244    16.0664    16.0638   3.266533   3.261639     2.5470     2.6374     0.0049  0.1001184 0.0000e+00
        765     10.178    16.0740    16.0732   3.261550   3.258119     2.5519     2.6386     0.0049  0.0996300 0.0000e+00
        766     10.244    16.0773    16.0771   3.259162   3.257057     2.5568     2.6423     0.0049  0.0996300 0.0000e+00
        767     10.219    16.0748    16.0802   3.260993   3.256937     2.5604     2.6435     0.0049  0.1001184 0.0000e+00
        768     10.178    16.0725    16.0829   3.264599   3.256250     2.5653     2.6459     0.0049  0.1001184 0.0000e+00
        769     10.244    16.0718    16.0841   3.267011   3.254148     2.5690     2.6484     0.0049  0.1001184 0.0000e+00
        770     10.162    16.0723    16.0832   3.267090   3.252887     2.5751     2.6496     0.0049  0.1001184 0.0000e+00
        771     10.178    16.0722    16.0800   3.265410   3.253251     2.5788     2.6520     0.0049  0.0996300 0.0000e+00
        772     10.178    16.0731    16.0790   3.264099   3.255206     2.5836     2.6520     0.0049  0.1001184 0.0000e+00
        773     10.219    16.0742    16.0776   3.262074   3.257088     2.5885     2.6532     0.0049  0.1001184 0.0000e+00
        774     10.120    16.0757    16.0785   3.260401   3.258604     2.5897     2.6532     0.0049  0.1001184 0.0000e+00
        775     10.120    16.0766    16.0793   3.260946   3.259698     2.5946     2.6532     0.0049  0.1001184 0.0000e+00
        776     10.095    16.0711    16.0798   3.264311   3.260399     2.6007     2.6520     0.0048  0.1001184 0.0000e+00
        777     10.120    16.0592    16.0798   3.271350   3.261676     2.6032     2.6508     0.0042  0.1001184 0.0000e+00
        778     10.120    16.0521    16.0766   3.278797   3.266343     2.6068     2.6496     0.0042  0.1006068 0.0000e+00
        779     10.120    16.0534    16.0723   3.283288   3.269840     2.6105     2.6484     0.0042  0.1001184 0.0000e+00
        780     10.038    16.0582    16.0733   3.283987   3.270375     2.6129     2.6459     0.0048  0.1001184 0.0000e+00
        781     10.120    16.0618    16.0719   3.282765   3.273615     2.6129     2.6423     0.0046  0.1001184 0.0000e+00
        782      9.996    16.0645    16.0697   3.280611   3.275486     2.6142     2.6398     0.0044  0.1006068 0.0000e+00
        783     10.037    16.0682    16.0682   3.277703   3.275517     2.6203     2.6349     0.0048  0.1001184 0.0000e+00
        784      9.996    16.0750    16.0677   3.273829   3.275656     2.6264     2.6313     0.0048  0.1001184 0.0000e+00
        785     10.054    16.0822    16.0677   3.268778   3.275813     2.6288     2.6264     0.0048  0.1001184 0.0000e+00
        786      9.971    16.0860    16.0690   3.264535   3.275913     2.6288     2.6215     0.0048  0.1001184 0.0000e+00
