data/2021/ctd_data_day1/Station 1 ex 210921_ctm.cnv
* Sea-Bird SBE 9 Data File:
* FileName = C:\Users\CTD-User\Desktop\MAR440\Station 1 ex 210921.hex
* Software Version Seasave V 7.26.2.13
* Temperature SN = 6313
* Conductivity SN = 4758
* Number of Bytes Per Scan = 30
* Number of Voltage Words = 4
* Number of Scans Averaged by the Deck Unit = 1
* NMEA baud rate = 4800
** Ship:
** Station:
** Operator:
# nquan = 11
# nvalues = 3592                        
# units = specified
# name 0 = scan: Scan Count
# name 1 = prDM: Pressure, Digiquartz [db]
# name 2 = t090C: Temperature [ITS-90, deg C]
# name 3 = t190C: Temperature, 2 [ITS-90, deg C]
# name 4 = c0S/m: Conductivity [S/m]
# name 5 = c1S/m: Conductivity, 2 [S/m]
# name 6 = sbeox0V: Oxygen raw, SBE 43 [V]
# name 7 = sbeox1V: Oxygen raw, SBE 43, 2 [V]
# name 8 = flECO-AFL: Fluorescence, WET Labs ECO-AFL/FL [mg/m^3]
# name 9 = upoly0: Upoly 0, Turbidity
# name 10 = flag:  0.000e+00
# span 0 =          1,       3592       
# span 1 =      0.134,     30.832       
# span 2 =     7.8918,    16.1993       
# span 3 =     7.8898,    16.2048       
# span 4 =   2.884743,   3.774460       
# span 5 =   2.871701,   3.775522       
# span 6 =     0.6713,     2.9072       
# span 7 =     0.7251,     2.8022       
# span 8 =     0.0035,     0.1207       
# span 9 =  0.0859548,  0.1714249       
# span 10 = 0.0000e+00, 0.0000e+00      
# interval = seconds: 0.0416667
# start_time = Sep 21 2021 11:23:14 [System UTC, header]
# bad_flag = -9.990e-29
*END*
[from data line 132]
        133      2.430    15.0182    15.0171   2.896829   2.895943     2.5287     2.3297     0.0046  0.1626337 0.0000e+00
        134      2.463    15.0197    15.0177   2.896485   2.895647     2.5262     2.3297     0.0046  0.1626337 0.0000e+00
        135      2.496    15.0208    15.0184   2.896085   2.895391     2.5250     2.3284     0.0046  0.1631221 0.0000e+00
        136      2.463    15.0221    15.0194   2.895679   2.895096     2.5226     2.3284     0.0046  0.1626337 0.0000e+00
        137      2.554    15.0228    15.0201   2.895420   2.894910     2.5214     2.3272     0.0046  0.1631221 0.0000e+00
        138      2.554    15.0236    15.0208   2.895144   2.894631     2.5189     2.3272     0.0046  0.1631221 0.0000e+00
        139      2.529    15.0243    15.0216   2.894950   2.894575     2.5177     2.3260     0.0046  0.1626337 0.0000e+00
        140      2.620    15.0250    15.0225   2.894647   2.894486     2.5153     2.3248     0.0046  0.1626337 0.0000e+00
        141      2.587    15.0258    15.0237   2.894464   2.894367     2.5128     2.3248     0.0046  0.1631221 0.0000e+00
        142      2.620    15.0270    15.0245   2.894250   2.894207     2.5116     2.3236     0.0046  0.1631221 0.0000e+00
        143      2.653    15.0267    15.0256   2.894025   2.894103     2.5104     2.3236     0.0046  0.1631221 0.0000e+00
        144      2.677    15.0268    15.0264   2.893767   2.894009     2.5079     2.3223     0.0046  0.1631221 0.0000e+00
        145      2.710    15.0265    15.0272   2.893602   2.893936     2.5067     2.3223     0.0046  0.1631221 0.0000e+00
        146      2.677    15.0268    15.0284   2.893402   2.893767     2.5043     2.3211     0.0046  0.1626337 0.0000e+00
        147      2.710    15.0270    15.0295   2.893118   2.893598     2.5018     2.3211     0.0046  0.1631221 0.0000e+00
        148      2.735    15.0277    15.0303   2.892809   2.893439     2.4994     2.3199     0.0046  0.1631221 0.0000e+00
        149      2.735    15.0287    15.0309   2.892616   2.893278     2.4969     2.3199     0.0046  0.1631221 0.0000e+00
        150      2.776    15.0297    15.0318   2.892396   2.893098     2.4957     2.3187     0.0044  0.1636105 0.0000e+00
        151      2.801    15.0307    15.0326   2.892198   2.893090     2.4933     2.3187     0.0044  0.1636105 0.0000e+00
        152      2.834    15.0317    15.0332   2.892136   2.892990     2.4921     2.3175     0.0044  0.1636105 0.0000e+00
        153      2.859    15.0329    15.0338   2.892135   2.892851     2.4896     2.3175     0.0046  0.1631221 0.0000e+00
        154      2.834    15.0336    15.0340   2.891952   2.892776     2.4884     2.3175     0.0044  0.1636105 0.0000e+00
        155      2.859    15.0340    15.0347   2.891871   2.892664     2.4860     2.3162     0.0046  0.1631221 0.0000e+00
        156      2.892    15.0344    15.0350   2.891905   2.892611     2.4847     2.3162     0.0046  0.1631221 0.0000e+00
        157      2.925    15.0348    15.0353   2.891902   2.892579     2.4823     2.3162     0.0046  0.1631221 0.0000e+00
        158      2.958    15.0348    15.0354   2.891831   2.892493     2.4811     2.3150     0.0046  0.1631221 0.0000e+00
        159      2.982    15.0349    15.0355   2.891749   2.892347     2.4786     2.3150     0.0046  0.1631221 0.0000e+00
        160      2.982    15.0353    15.0357   2.891734   2.892229     2.4774     2.3138     0.0046  0.1631221 0.0000e+00
        161      3.015    15.0358    15.0359   2.891676   2.892137     2.4750     2.3138     0.0046  0.1631221 0.0000e+00
        162      2.982    15.0364    15.0364   2.891415   2.892020     2.4737     2.3126     0.0044  0.1636105 0.0000e+00
        163      3.015    15.0366    15.0374   2.891072   2.891926     2.4713     2.3126     0.0044  0.1631221 0.0000e+00
        164      3.106    15.0370    15.0380   2.890680   2.891868     2.4701     2.3126     0.0046  0.1631221 0.0000e+00
        165      3.081    15.0374    15.0386   2.890353   2.891778     2.4676     2.3114     0.0044  0.1636105 0.0000e+00
        166      3.106    15.0376    15.0389   2.889916   2.891628     2.4664     2.3114     0.0046  0.1631221 0.0000e+00
        167      3.081    15.0378    15.0389   2.889655   2.891590     2.4640     2.3101     0.0044  0.1636105 0.0000e+00
        168      3.164    15.0385    15.0376   2.889569   2.891622     2.4628     2.3101     0.0046  0.1631221 0.0000e+00
        169      3.164    15.0390    15.0363   2.889413   2.891612     2.4615     2.3089     0.0044  0.1636105 0.0000e+00
        170      3.197    15.0388    15.0355   2.889346   2.891560     2.4591     2.3089     0.0044  0.1636105 0.0000e+00
        171      3.229    15.0379    15.0353   2.889092   2.891525     2.4566     2.3077     0.0044  0.1631221 0.0000e+00
        172      3.196    15.0380    15.0353   2.888829   2.891439     2.4554     2.3077     0.0046  0.1631221 0.0000e+00
        173      3.229    15.0379    15.0352   2.888649   2.891308     2.4530     2.3077     0.0046  0.1626337 0.0000e+00
        174      3.320    15.0375    15.0350   2.888608   2.891091     2.4518     2.3065     0.0046  0.1626337 0.0000e+00
        175      3.229    15.0375    15.0344   2.888608   2.890905     2.4493     2.3065     0.0046  0.1621453 0.0000e+00
        176      3.320    15.0373    15.0340   2.888657   2.890741     2.4481     2.3052     0.0046  0.1621453 0.0000e+00
        177      3.353    15.0370    15.0337   2.888623   2.890578     2.4469     2.3052     0.0046  0.1626337 0.0000e+00
        178      3.353    15.0367    15.0333   2.888458   2.890273     2.4432     2.3040     0.0046  0.1626337 0.0000e+00
        179      3.386    15.0364    15.0325   2.888331   2.890080     2.4432     2.3040     0.0046  0.1621453 0.0000e+00
        180      3.353    15.0364    15.0319   2.888386   2.889807     2.4408     2.3040     0.0046  0.1621453 0.0000e+00
        181      3.444    15.0364    15.0315   2.888555   2.889557     2.4396     2.3028     0.0046  0.1626337 0.0000e+00
        182      3.411    15.0365    15.0313   2.888697   2.889334     2.4371     2.3028     0.0046  0.1626337 0.0000e+00
        183      3.444    15.0366    15.0308   2.888573   2.889116     2.4359     2.3016     0.0046  0.1626337 0.0000e+00
        184      3.468    15.0375    15.0296   2.888357   2.888776     2.4334     2.3016     0.0046  0.1621453 0.0000e+00
        185      3.510    15.0380    15.0293   2.888271   2.888499     2.4322     2.3004     0.0046  0.1626337 0.0000e+00
        186      3.534    15.0379    15.0287   2.888315   2.888372     2.4310     2.2991     0.0046  0.1626337 0.0000e+00
        187      3.468    15.0385    15.0281   2.888503   2.888170     2.4298     2.2991     0.0046  0.1626337 0.0000e+00
        188      3.567    15.0385    15.0264   2.888508   2.888120     2.4273     2.2991     0.0046  0.1626337 0.0000e+00
        189      3.592    15.0391    15.0248   2.888319   2.888103     2.4261     2.2979     0.0046  0.1621453 0.0000e+00
        190      3.625    15.0397    15.0242   2.888201   2.888031     2.4237     2.2979     0.0046  0.1621453 0.0000e+00
        191      3.534    15.0405    15.0228   2.888123   2.887944     2.4225     2.2967     0.0046  0.1621453 0.0000e+00
        192      3.691    15.0407    15.0208   2.888249   2.887919     2.4200     2.2967     0.0046  0.1621453 0.0000e+00
        193      3.658    15.0410    15.0181   2.888332   2.887926     2.4188     2.2955     0.0046  0.1621453 0.0000e+00
        194      3.658    15.0410    15.0146   2.888239   2.887922     2.4176     2.2955     0.0046  0.1621453 0.0000e+00
        195      3.691    15.0407    15.0111   2.888046   2.887947     2.4151     2.2943     0.0046  0.1626337 0.0000e+00
        196      3.716    15.0405    15.0079   2.887876   2.887968     2.4139     2.2930     0.0046  0.1621453 0.0000e+00
        197      3.749    15.0400    15.0052   2.887835   2.887969     2.4127     2.2930     0.0046  0.1621453 0.0000e+00
        198      3.716    15.0398    15.0016   2.887933   2.887955     2.4103     2.2918     0.0046  0.1631221 0.0000e+00
        199      3.749    15.0404    14.9986   2.887880   2.888041     2.4090     2.2918     0.0049  0.1645873 0.0000e+00
        200      3.839    15.0406    14.9935   2.887652   2.888098     2.4066     2.2894     0.0049  0.1655641 0.0000e+00
        201      3.814    15.0408    14.9874   2.887549   2.888069     2.4054     2.2894     0.0048  0.1655641 0.0000e+00
        202      3.839    15.0414    14.9810   2.887496   2.888099     2.4041     2.2894     0.0048  0.1655641 0.0000e+00
        203      3.839    15.0414    14.9752   2.887584   2.888115     2.4017     2.2882     0.0048  0.1655641 0.0000e+00
        204      3.872    15.0410    14.9685   2.887549   2.888139     2.4005     2.2869     0.0048  0.1650757 0.0000e+00
        205      3.897    15.0410    14.9627   2.887374   2.888193     2.3980     2.2869     0.0049  0.1650757 0.0000e+00
        206      3.938    15.0416    14.9565   2.887180   2.888230     2.3968     2.2869     0.0049  0.1650757 0.0000e+00
        207      3.897    15.0420    14.9493   2.887154   2.888333     2.3956     2.2857     0.0048  0.1655641 0.0000e+00
        208      3.938    15.0422    14.9425   2.887182   2.888433     2.3944     2.2845     0.0048  0.1655641 0.0000e+00
        209      4.020    15.0424    14.9359   2.887198   2.888441     2.3919     2.2845     0.0049  0.1650757 0.0000e+00
        210      3.963    15.0423    14.9242   2.886952   2.888517     2.3907     2.2833     0.0048  0.1650757 0.0000e+00
        211      3.996    15.0427    14.9111   2.886702   2.888528     2.3895     2.2833     0.0048  0.1655641 0.0000e+00
        212      4.086    15.0422    14.8999   2.886815   2.888535     2.3871     2.2820     0.0048  0.1655641 0.0000e+00
        213      4.053    15.0423    14.8922   2.886733   2.888643     2.3858     2.2808     0.0048  0.1655641 0.0000e+00
        214      4.020    15.0420    14.8867   2.886573   2.888645     2.3846     2.2808     0.0049  0.1650757 0.0000e+00
        215      4.119    15.0418    14.8812   2.886397   2.888681     2.3834     2.2796     0.0048  0.1655641 0.0000e+00
        216      4.144    15.0404    14.8763   2.886447   2.888805     2.3809     2.2784     0.0049  0.1650757 0.0000e+00
        217      4.086    15.0398    14.8716   2.886515   2.888790     2.3797     2.2784     0.0048  0.1655641 0.0000e+00
        218      4.177    15.0398    14.8659   2.886400   2.888798     2.3773     2.2772     0.0048  0.1655641 0.0000e+00
        219      4.202    15.0405    14.8597   2.886245   2.888853     2.3761     2.2772     0.0048  0.1655641 0.0000e+00
        220      4.177    15.0409    14.8534   2.886214   2.888935     2.3748     2.2759     0.0049  0.1650757 0.0000e+00
        221      4.202    15.0408    14.8498   2.886251   2.888951     2.3736     2.2759     0.0048  0.1655641 0.0000e+00
        222      4.243    15.0405    14.8481   2.886168   2.889045     2.3712     2.2747     0.0049  0.1650757 0.0000e+00
        223      4.268    15.0401    14.8451   2.886051   2.889079     2.3700     2.2747     0.0048  0.1655641 0.0000e+00
        224      4.268    15.0400    14.8409   2.886024   2.889185     2.3687     2.2735     0.0048  0.1640989 0.0000e+00
        225      4.301    15.0398    14.8363   2.886100   2.889247     2.3675     2.2735     0.0046  0.1636105 0.0000e+00
        226      4.325    15.0395    14.8357   2.886131   2.889302     2.3651     2.2723     0.0046  0.1631221 0.0000e+00
        227      4.301    15.0397    14.8336   2.885885   2.889313     2.3639     2.2723     0.0046  0.1631221 0.0000e+00
        228      4.391    15.0400    14.8303   2.885784   2.889342     2.3626     2.2711     0.0046  0.1631221 0.0000e+00
        229      4.325    15.0398    14.8293   2.885957   2.889440     2.3614     2.2711     0.0046  0.1631221 0.0000e+00
        230      4.424    15.0407    14.8293   2.886010   2.889486     2.3590     2.2698     0.0046  0.1631221 0.0000e+00
        231      4.391    15.0406    14.8264   2.885753   2.889489     2.3577     2.2698     0.0046  0.1631221 0.0000e+00
        232      4.482    15.0410    14.8242   2.885732   2.889462     2.3565     2.2698     0.0046  0.1631221 0.0000e+00
        233      4.449    15.0415    14.8215   2.885876   2.889489     2.3553     2.2686     0.0046  0.1631221 0.0000e+00
        234      4.482    15.0411    14.8180   2.885918   2.889495     2.3541     2.2686     0.0046  0.1631221 0.0000e+00
        235      4.507    15.0405    14.8158   2.885708   2.889528     2.3516     2.2674     0.0046  0.1631221 0.0000e+00
        236      4.507    15.0398    14.8147   2.885497   2.889543     2.3504     2.2674     0.0046  0.1631221 0.0000e+00
        237      4.548    15.0389    14.8168   2.885669   2.889614     2.3492     2.2674     0.0046  0.1636105 0.0000e+00
        238      4.572    15.0383    14.8176   2.885644   2.889519     2.3480     2.2674     0.0046  0.1631221 0.0000e+00
        239      4.548    15.0378    14.8130   2.885446   2.889504     2.3468     2.2662     0.0046  0.1636105 0.0000e+00
        240      4.630    15.0377    14.8084   2.885347   2.889506     2.3443     2.2662     0.0046  0.1631221 0.0000e+00
        241      4.630    15.0364    14.8071   2.885528   2.889462     2.3431     2.2662     0.0046  0.1631221 0.0000e+00
        242      4.671    15.0346    14.8076   2.885516   2.889457     2.3407     2.2662     0.0046  0.1631221 0.0000e+00
        243      4.630    15.0344    14.8095   2.885340   2.889403     2.3407     2.2662     0.0046  0.1636105 0.0000e+00
        244      4.729    15.0341    14.8115   2.885333   2.889376     2.3382     2.2662     0.0046  0.1631221 0.0000e+00
        245      4.696    15.0326    14.8112   2.885508   2.889417     2.3370     2.2650     0.0046  0.1631221 0.0000e+00
        246      4.729    15.0322    14.8054   2.885545   2.889447     2.3358     2.2662     0.0046  0.1636105 0.0000e+00
        247      4.754    15.0325    14.7974   2.885289   2.889392     2.3345     2.2650     0.0046  0.1631221 0.0000e+00
        248      4.820    15.0333    14.7934   2.885308   2.889370     2.3333     2.2662     0.0046  0.1636105 0.0000e+00
        249      4.787    15.0337    14.7943   2.885431   2.889312     2.3321     2.2662     0.0046  0.1636105 0.0000e+00
        250      4.820    15.0338    14.7943   2.885295   2.889300     2.3309     2.2662     0.0046  0.1645873 0.0000e+00
        251      4.853    15.0337    14.7986   2.885218   2.889298     2.3284     2.2662     0.0046  0.1650757 0.0000e+00
        252      4.820    15.0334    14.8065   2.885227   2.889306     2.3284     2.2662     0.0046  0.1645873 0.0000e+00
        253      4.877    15.0329    14.8119   2.885362   2.889282     2.3248     2.2650     0.0046  0.1650757 0.0000e+00
        254      4.910    15.0339    14.8166   2.885240   2.889228     2.3236     2.2674     0.0046  0.1645873 0.0000e+00
        255      4.935    15.0349    14.8207   2.885091   2.889247     2.3236     2.2674     0.0046  0.1645873 0.0000e+00
        256      4.976    15.0355    14.8242   2.885220   2.889279     2.3223     2.2674     0.0046  0.1645873 0.0000e+00
        257      4.935    15.0361    14.8268   2.885277   2.889331     2.3211     2.2674     0.0046  0.1645873 0.0000e+00
        258      5.034    15.0361    14.8264   2.885113   2.889321     2.3187     2.2686     0.0046  0.1645873 0.0000e+00
        259      5.001    15.0361    14.8349   2.885020   2.889287     2.3175     2.2686     0.0046  0.1645873 0.0000e+00
        260      5.001    15.0362    14.8403   2.885167   2.889273     2.3175     2.2698     0.0046  0.1645873 0.0000e+00
        261      5.034    15.0364    14.8407   2.885267   2.889250     2.3150     2.2698     0.0046  0.1650757 0.0000e+00
        262      5.125    15.0368    14.8422   2.885078   2.889252     2.3138     2.2711     0.0046  0.1645873 0.0000e+00
