data/2021/ctd_data_day1/Station 2ex 210921_ctm.cnv
* Sea-Bird SBE 9 Data File:
* FileName = C:\Users\CTD-User\Desktop\MAR440\Station 2ex 210921.hex
* Software Version Seasave V 7.26.2.13
* Temperature SN = 6313
* Conductivity SN = 4758
* Number of Bytes Per Scan = 30
* Number of Voltage Words = 4
* Number of Scans Averaged by the Deck Unit = 1
* NMEA baud rate = 4800
** Ship:
** Station:
** Operator:
# nquan = 11
# nvalues = 3819                        
# units = specified
# name 0 = scan: Scan Count
# name 1 = prDM: Pressure, Digiquartz [db]
# name 2 = t090C: Temperature [ITS-90, deg C]
# name 3 = t190C: Temperature, 2 [ITS-90, deg C]
# name 4 = c0S/m: Conductivity [S/m]
# name 5 = c1S/m: Conductivity, 2 [S/m]
# name 6 = sbeox0V: Oxygen raw, SBE 43 [V]
# name 7 = sbeox1V: Oxygen raw, SBE 43, 2 [V]
# name 8 = flECO-AFL: Fluorescence, WET Labs ECO-AFL/FL [mg/m^3]
# name 9 = upoly0: Upoly 0, Turbidity
# name 10 = flag:  0.000e+00
# span 0 =          1,       3819       
# span 1 =      0.200,     24.037       
# span 2 =    13.0098,    16.1645       
# span 3 =    13.0064,    16.1714       
# span 4 =   2.855505,   3.803001       
# span 5 =   2.857414,   3.804093       
# span 6 =     0.9315,     2.9243       
# span 7 =     1.0304,     2.8791       
# span 8 =     0.0033,     0.0101       
# span 9 =  0.0869316,  0.2349170       
# span 10 = 0.0000e+00, 0.0000e+00      
# interval = seconds: 0.0416667
# start_time = Sep 21 2021 11:43:06 [System UTC, header]
# bad_flag = -9.990e-29
*END*
[from data line 394]
        395      3.037    15.0002    15.0548   2.869507   2.877327     2.5763     2.5885     0.0055  0.1953565 0.0000e+00
        396      3.128    15.0082    15.0618   2.869683   2.877475     2.5763     2.5885     0.0055  0.1958449 0.0000e+00
        397      3.095    15.0149    15.0769   2.869629   2.877821     2.5763     2.5885     0.0055  0.1963333 0.0000e+00
        398      3.128    15.0250    15.0954   2.869480   2.878045     2.5763     2.5897     0.0055  0.1963333 0.0000e+00
        399      3.161    15.0285    15.1142   2.869408   2.878270     2.5763     2.5897     0.0055  0.1963333 0.0000e+00
        400      3.128    15.0305    15.1353   2.869429   2.878633     2.5763     2.5897     0.0055  0.1963333 0.0000e+00
        401      3.219    15.0388    15.1482   2.869442   2.878846     2.5763     2.5897     0.0055  0.1963333 0.0000e+00
        402      3.194    15.0507    15.1542   2.869393   2.879058     2.5775     2.5897     0.0055  0.1963333 0.0000e+00
        403      3.219    15.0572    15.1575   2.869278   2.879362     2.5763     2.5897     0.0055  0.1963333 0.0000e+00
        404      3.276    15.0631    15.1639   2.869254   2.879711     2.5763     2.5897     0.0055  0.1963333 0.0000e+00
        405      3.252    15.0688    15.1697   2.869392   2.879955     2.5763     2.5910     0.0055  0.1963333 0.0000e+00
        406      3.342    15.0803    15.1748   2.869471   2.880255     2.5763     2.5910     0.0055  0.1963333 0.0000e+00
        407      3.309    15.0944    15.1773   2.869413   2.880638     2.5751     2.5897     0.0055  0.1963333 0.0000e+00
        408      3.342    15.1060    15.1783   2.869328   2.880950     2.5751     2.5910     0.0055  0.1963333 0.0000e+00
        409      3.375    15.1156    15.1803   2.869394   2.881201     2.5763     2.5910     0.0055  0.1963333 0.0000e+00
        410      3.400    15.1230    15.1816   2.869516   2.881503     2.5751     2.5910     0.0055  0.1963333 0.0000e+00
        411      3.375    15.1296    15.1819   2.869559   2.881958     2.5751     2.5910     0.0055  0.1958449 0.0000e+00
        412      3.466    15.1323    15.1821   2.869434   2.882321     2.5751     2.5910     0.0055  0.1963333 0.0000e+00
        413      3.466    15.1364    15.1831   2.869375   2.882751     2.5751     2.5897     0.0055  0.1963333 0.0000e+00
        414      3.433    15.1398    15.1834   2.869498   2.883309     2.5751     2.5910     0.0055  0.1963333 0.0000e+00
        415      3.523    15.1411    15.1834   2.869514   2.883876     2.5739     2.5897     0.0055  0.1963333 0.0000e+00
        416      3.499    15.1416    15.1841   2.869539   2.884511     2.5739     2.5897     0.0055  0.1963333 0.0000e+00
        417      3.523    15.1428    15.1836   2.869485   2.885131     2.5739     2.5897     0.0055  0.1963333 0.0000e+00
        418      3.622    15.1491    15.1836   2.869434   2.885742     2.5726     2.5897     0.0055  0.1958449 0.0000e+00
        419      3.523    15.1548    15.1841   2.869403   2.886230     2.5726     2.5885     0.0059  0.1880305 0.0000e+00
        420      3.622    15.1590    15.1839   2.869512   2.886738     2.5726     2.5885     0.0060  0.1841233 0.0000e+00
        421      3.581    15.1614    15.1817   2.869533   2.887216     2.5726     2.5885     0.0060  0.1836349 0.0000e+00
        422      3.647    15.1625    15.1790   2.869424   2.887661     2.5714     2.5885     0.0060  0.1836349 0.0000e+00
        423      3.680    15.1633    15.1768   2.869291   2.888189     2.5714     2.5885     0.0060  0.1841233 0.0000e+00
        424      3.647    15.1629    15.1744   2.869400   2.888797     2.5714     2.5873     0.0060  0.1841233 0.0000e+00
        425      3.680    15.1626    15.1717   2.869558   2.889359     2.5714     2.5873     0.0060  0.1841233 0.0000e+00
        426      3.771    15.1619    15.1703   2.869567   2.890052     2.5702     2.5873     0.0060  0.1841233 0.0000e+00
        427      3.738    15.1616    15.1697   2.869403   2.890856     2.5702     2.5861     0.0060  0.1836349 0.0000e+00
        428      3.705    15.1605    15.1698   2.869318   2.891810     2.5690     2.5861     0.0060  0.1841233 0.0000e+00
        429      3.828    15.1596    15.1712   2.869464   2.892741     2.5690     2.5861     0.0060  0.1841233 0.0000e+00
        430      3.803    15.1590    15.1717   2.869670   2.893594     2.5690     2.5849     0.0060  0.1841233 0.0000e+00
        431      3.770    15.1597    15.1720   2.869657   2.894240     2.5678     2.5849     0.0060  0.1841233 0.0000e+00
        432      3.861    15.1623    15.1761   2.869576   2.894863     2.5665     2.5836     0.0060  0.1841233 0.0000e+00
        433      3.828    15.1663    15.1810   2.869615   2.895700     2.5678     2.5836     0.0060  0.1841233 0.0000e+00
        434      3.927    15.1714    15.1877   2.869876   2.896674     2.5665     2.5836     0.0060  0.1836349 0.0000e+00
        435      3.894    15.1763    15.1972   2.870043   2.897735     2.5653     2.5836     0.0060  0.1841233 0.0000e+00
        436      3.894    15.1846    15.2069   2.869990   2.898569     2.5653     2.5824     0.0060  0.1841233 0.0000e+00
        437      3.927    15.1960    15.2152   2.869980   2.899484     2.5653     2.5824     0.0060  0.1841233 0.0000e+00
        438      4.009    15.2046    15.2203   2.870292   2.900668     2.5653     2.5812     0.0060  0.1841233 0.0000e+00
        439      3.927    15.2097    15.2247   2.870624   2.901719     2.5641     2.5812     0.0060  0.1841233 0.0000e+00
        440      4.009    15.2131    15.2280   2.870758   2.902751     2.5641     2.5812     0.0060  0.1841233 0.0000e+00
        441      4.051    15.2157    15.2317   2.870708   2.903735     2.5629     2.5800     0.0060  0.1841233 0.0000e+00
        442      4.009    15.2176    15.2347   2.870853   2.904814     2.5629     2.5800     0.0060  0.1841233 0.0000e+00
        443      3.985    15.2204    15.2382   2.871236   2.906037     2.5617     2.5788     0.0060  0.1841233 0.0000e+00
        444      4.133    15.2260    15.2417   2.871498   2.907118     2.5617     2.5788     0.0057  0.1763089 0.0000e+00
        445      4.133    15.2322    15.2439   2.871484   2.908336     2.5604     2.5788     0.0049  0.1631221 0.0000e+00
        446      4.108    15.2364    15.2462   2.871779   2.909601     2.5604     2.5775     0.0048  0.1597033 0.0000e+00
        447      4.133    15.2419    15.2491   2.872199   2.910731     2.5592     2.5763     0.0048  0.1597033 0.0000e+00
        448      4.108    15.2476    15.2512   2.872315   2.911867     2.5580     2.5751     0.0048  0.1601917 0.0000e+00
        449      4.199    15.2518    15.2529   2.872463   2.913077     2.5580     2.5751     0.0048  0.1606801 0.0000e+00
        450      4.166    15.2550    15.2561   2.872836   2.914175     2.5580     2.5751     0.0048  0.1606801 0.0000e+00
        451      4.257    15.2581    15.2604   2.873143   2.915227     2.5568     2.5751     0.0048  0.1606801 0.0000e+00
        452      4.257    15.2607    15.2637   2.873295   2.916234     2.5556     2.5739     0.0048  0.1601917 0.0000e+00
        453      4.232    15.2622    15.2661   2.873798   2.917220     2.5556     2.5727     0.0048  0.1606801 0.0000e+00
        454      4.257    15.2648    15.2669   2.874207   2.918330     2.5543     2.5727     0.0048  0.1601917 0.0000e+00
        455      4.355    15.2669    15.2666   2.874401   2.919263     2.5543     2.5714     0.0049  0.1606801 0.0000e+00
        456      4.314    15.2688    15.2661   2.874905   2.920206     2.5531     2.5702     0.0048  0.1606801 0.0000e+00
        457      4.314    15.2705    15.2659   2.875420   2.921210     2.5519     2.5714     0.0048  0.1606801 0.0000e+00
        458      4.355    15.2724    15.2672   2.875739   2.922204     2.5519     2.5702     0.0048  0.1606801 0.0000e+00
        459      4.380    15.2748    15.2683   2.876235   2.923153     2.5507     2.5690     0.0048  0.1606801 0.0000e+00
        460      4.413    15.2766    15.2698   2.876564   2.924186     2.5507     2.5690     0.0049  0.1606801 0.0000e+00
        461      4.438    15.2779    15.2725   2.877203   2.925246     2.5495     2.5678     0.0048  0.1606801 0.0000e+00
        462      4.413    15.2790    15.2749   2.877715   2.926331     2.5495     2.5678     0.0048  0.1606801 0.0000e+00
        463      4.438    15.2800    15.2776   2.878403   2.927423     2.5482     2.5665     0.0046  0.1606801 0.0000e+00
        464      4.504    15.2810    15.2800   2.878936   2.928498     2.5482     2.5665     0.0048  0.1606801 0.0000e+00
        465      4.471    15.2818    15.2821   2.879633   2.929556     2.5470     2.5665     0.0048  0.1606801 0.0000e+00
        466      4.438    15.2817    15.2834   2.880197   2.930697     2.5458     2.5653     0.0048  0.1601917 0.0000e+00
        467      4.660    15.2810    15.2832   2.880905   2.931800     2.5458     2.5653     0.0048  0.1606801 0.0000e+00
        468      4.561    15.2803    15.2805   2.881405   2.932949     2.5446     2.5641     0.0048  0.1606801 0.0000e+00
        469      4.594    15.2800    15.2797   2.882219   2.934143     2.5446     2.5641     0.0048  0.1601917 0.0000e+00
        470      4.561    15.2805    15.2805   2.882801   2.935131     2.5433     2.5629     0.0046  0.1577497 0.0000e+00
        471      4.619    15.2809    15.2812   2.883591   2.936103     2.5421     2.5629     0.0044  0.1557961 0.0000e+00
        472      4.660    15.2822    15.2815   2.884329   2.937117     2.5421     2.5629     0.0044  0.1557961 0.0000e+00
        473      4.619    15.2840    15.2819   2.884965   2.938148     2.5409     2.5617     0.0044  0.1557961 0.0000e+00
        474      4.718    15.2849    15.2830   2.885697   2.939203     2.5409     2.5617     0.0044  0.1557961 0.0000e+00
        475      4.685    15.2866    15.2850   2.886583   2.940224     2.5409     2.5617     0.0044  0.1562845 0.0000e+00
        476      4.743    15.2877    15.2886   2.887289   2.941203     2.5397     2.5604     0.0044  0.1557961 0.0000e+00
        477      4.718    15.2892    15.2917   2.888094   2.942076     2.5397     2.5604     0.0044  0.1562845 0.0000e+00
        478      4.742    15.2903    15.2942   2.889155   2.942773     2.5397     2.5604     0.0044  0.1557961 0.0000e+00
        479      4.841    15.2917    15.2963   2.890036   2.943485     2.5372     2.5604     0.0044  0.1562845 0.0000e+00
        480      4.808    15.2933    15.2988   2.890869   2.944018     2.5360     2.5592     0.0044  0.1557961 0.0000e+00
        481      4.841    15.2946    15.3020   2.891663   2.944614     2.5360     2.5592     0.0044  0.1562845 0.0000e+00
        482      4.808    15.2955    15.3044   2.892401   2.945365     2.5348     2.5592     0.0044  0.1562845 0.0000e+00
        483      4.866    15.2956    15.3056   2.893245   2.946008     2.5348     2.5592     0.0044  0.1562845 0.0000e+00
        484      4.899    15.2948    15.3066   2.894250   2.946831     2.5336     2.5592     0.0044  0.1562845 0.0000e+00
        485      4.932    15.2931    15.3080   2.895104   2.947643     2.5336     2.5580     0.0044  0.1557961 0.0000e+00
        486      4.899    15.2921    15.3093   2.896021   2.948451     2.5324     2.5580     0.0044  0.1562845 0.0000e+00
        487      4.932    15.2918    15.3117   2.896869   2.949153     2.5324     2.5580     0.0044  0.1557961 0.0000e+00
        488      4.990    15.2914    15.3139   2.897751   2.949751     2.5311     2.5580     0.0044  0.1562845 0.0000e+00
        489      5.023    15.2926    15.3156   2.898622   2.950282     2.5311     2.5580     0.0044  0.1557961 0.0000e+00
        490      4.990    15.2940    15.3161   2.899549   2.950771     2.5299     2.5580     0.0044  0.1562845 0.0000e+00
        491      5.023    15.2948    15.3102   2.900315   2.951278     2.5299     2.5580     0.0044  0.1562845 0.0000e+00
        492      5.047    15.2930    15.2991   2.901120   2.951775     2.5275     2.5580     0.0044  0.1557961 0.0000e+00
        493      5.113    15.2904    15.2899   2.902043   2.952358     2.5287     2.5580     0.0044  0.1562845 0.0000e+00
        494      5.088    15.2891    15.2808   2.902812   2.952930     2.5275     2.5580     0.0044  0.1557961 0.0000e+00
        495      5.113    15.2884    15.2744   2.903731   2.953518     2.5263     2.5580     0.0046  0.1557961 0.0000e+00
        496      5.146    15.2875    15.2705   2.904563   2.954045     2.5263     2.5580     0.0048  0.1562845 0.0000e+00
        497      5.171    15.2869    15.2681   2.905516   2.954654     2.5250     2.5580     0.0048  0.1557961 0.0000e+00
        498      5.146    15.2864    15.2683   2.906442   2.955241     2.5250     2.5580     0.0048  0.1562845 0.0000e+00
        499      5.237    15.2870    15.2730   2.907149   2.955764     2.5250     2.5580     0.0048  0.1557961 0.0000e+00
        500      5.237    15.2870    15.2769   2.907984   2.956328     2.5238     2.5580     0.0048  0.1562845 0.0000e+00
        501      5.204    15.2905    15.2804   2.908948   2.956829     2.5226     2.5580     0.0048  0.1562845 0.0000e+00
        502      5.294    15.2953    15.2837   2.909731   2.957199     2.5226     2.5580     0.0048  0.1557961 0.0000e+00
        503      5.270    15.2956    15.2859   2.910573   2.957548     2.5226     2.5580     0.0048  0.1557961 0.0000e+00
        504      5.294    15.2967    15.2912   2.911222   2.958019     2.5214     2.5580     0.0048  0.1557961 0.0000e+00
        505      5.352    15.3009    15.2996   2.912101   2.958561     2.5214     2.5580     0.0048  0.1557961 0.0000e+00
        506      5.393    15.3066    15.3051   2.912839   2.959097     2.5201     2.5592     0.0048  0.1562845 0.0000e+00
        507      5.352    15.3117    15.3093   2.913628   2.959601     2.5201     2.5592     0.0048  0.1562845 0.0000e+00
        508      5.393    15.3163    15.3143   2.914509   2.960087     2.5201     2.5592     0.0048  0.1562845 0.0000e+00
        509      5.418    15.3232    15.3202   2.915284   2.960467     2.5189     2.5592     0.0046  0.1562845 0.0000e+00
        510      5.476    15.3306    15.3241   2.916034   2.960888     2.5177     2.5592     0.0048  0.1557961 0.0000e+00
        511      5.451    15.3372    15.3299   2.916889   2.961387     2.5177     2.5604     0.0048  0.1562845 0.0000e+00
        512      5.476    15.3459    15.3350   2.917699   2.961911     2.5177     2.5604     0.0048  0.1562845 0.0000e+00
        513      5.517    15.3539    15.3389   2.918401   2.962294     2.5165     2.5604     0.0048  0.1562845 0.0000e+00
        514      5.542    15.3575    15.3432   2.919190   2.962548     2.5165     2.5604     0.0048  0.1562845 0.0000e+00
        515      5.542    15.3587    15.3472   2.919856   2.962631     2.5165     2.5617     0.0048  0.1557961 0.0000e+00
        516      5.575    15.3593    15.3496   2.920431   2.962707     2.5153     2.5617     0.0048  0.1557961 0.0000e+00
        517      5.599    15.3622    15.3522   2.921179   2.962867     2.5153     2.5617     0.0048  0.1562845 0.0000e+00
        518      5.632    15.3678    15.3566   2.921872   2.962963     2.5153     2.5617     0.0048  0.1557961 0.0000e+00
        519      5.599    15.3717    15.3629   2.922345   2.963032     2.5153     2.5617     0.0048  0.1562845 0.0000e+00
        520      5.665    15.3757    15.3693   2.922861   2.963146     2.5153     2.5629     0.0048  0.1562845 0.0000e+00
        521      5.698    15.3798    15.3760   2.923471   2.963322     2.5140     2.5629     0.0049  0.1577497 0.0000e+00
        522      5.723    15.3832    15.3826   2.924046   2.963497     2.5140     2.5629     0.0049  0.1587265 0.0000e+00
        523      5.756    15.3864    15.3871   2.924670   2.963565     2.5140     2.5629     0.0049  0.1587265 0.0000e+00
        524      5.723    15.3908    15.3899   2.925315   2.963719     2.5128     2.5641     0.0049  0.1587265 0.0000e+00
