data/2021/ctd_data_day1/Station 1 210921.cnv
* Sea-Bird SBE 9 Data File:
* FileName = C:\Users\CTD-User\Desktop\MAR440\Station 1 210921.hex
* Software Version Seasave V 7.26.2.13
* Temperature SN = 6313
* Conductivity SN = 4758
* Number of Bytes Per Scan = 30
* Number of Voltage Words = 4
* Number of Scans Averaged by the Deck Unit = 1
* NMEA baud rate = 4800
** Ship:
** Station:
** Operator:
# nquan = 11
# nvalues = 5940                                  
# units = specified
# name 0 = scan: Scan Count
# name 1 = prDM: Pressure, Digiquartz [db]
# name 2 = t090C: Temperature [ITS-90, deg C]
# name 3 = t190C: Temperature, 2 [ITS-90, deg C]
# name 4 = c0S/m: Conductivity [S/m]
# name 5 = c1S/m: Conductivity, 2 [S/m]
# name 6 = sbeox0V: Oxygen raw, SBE 43 [V]
# name 7 = sbeox1V: Oxygen raw, SBE 43, 2 [V]
# name 8 = flECO-AFL: Fluorescence, WET Labs ECO-AFL/FL [mg/m^3]
# name 9 = upoly0: Upoly 0, Turbidity
# name 10 = flag:  0.000e+00
# span 0 =          1,       5940                 
# span 1 =      0.327,     13.973                 
# span 2 =    11.9529,    16.0393                 
# span 3 =    11.9540,    16.0416                 
# span 4 =   2.808631,   3.425009                 
# span 5 =   2.808411,   3.418136                 
# span 6 =     0.9938,     2.8596                 
# span 7 =     1.0231,     2.7656                 
# span 8 =     0.0040,     0.0086                 
# span 9 =  0.0918156,  0.2139158                 
# span 10 = 0.0000e+00, 0.0000e+00                
# interval = seconds: 0.0416667
# start_time = Sep 21 2021 08:43:04 [System UTC, header]
# bad_flag = -9.990e-29
*END*
[from data line 3935]
       3936      1.393    14.6974    14.5895   2.869922   2.849691     2.8266     2.7338     0.0064  0.2075665  0.000e+00
       3937      1.483    14.6947    14.6049   2.869061   2.853376     2.8266     2.7338     0.0068  0.2124505  0.000e+00
       3938      1.450    14.6904    14.6098   2.868090   2.855383     2.8266     2.7338     0.0068  0.2139158  0.000e+00
       3939      1.426    14.6802    14.6066   2.866808   2.856121     2.8266     2.7338     0.0068  0.2134274  0.000e+00
       3940      1.508    14.6626    14.6066   2.865086   2.856756     2.8266     2.7338     0.0068  0.2134274  0.000e+00
       3941      1.483    14.6492    14.6110   2.863456   2.856465     2.8278     2.7338     0.0068  0.2129389  0.000e+00
       3942      1.450    14.6449    14.6168   2.862933   2.855227     2.8290     2.7338     0.0068  0.2134274  0.000e+00
       3943      1.483    14.6471    14.6295   2.863352   2.855873     2.8303     2.7338     0.0068  0.2129389  0.000e+00
       3944      1.508    14.6501    14.6400   2.863723   2.858500     2.8278     2.7338     0.0068  0.2134274  0.000e+00
       3945      1.483    14.6384    14.6373   2.862142   2.859458     2.8303     2.7338     0.0068  0.2129389  0.000e+00
       3946      1.574    14.6181    14.6349   2.858890   2.859544     2.8303     2.7338     0.0068  0.2129389  0.000e+00
       3947      1.483    14.6102    14.6358   2.856003   2.860664     2.8303     2.7338     0.0068  0.2134274  0.000e+00
       3948      1.574    14.6098    14.6370   2.854501   2.861731     2.8290     2.7338     0.0068  0.2134274  0.000e+00
       3949      1.541    14.6142    14.6358   2.854522   2.862474     2.8303     2.7338     0.0068  0.2134274  0.000e+00
       3950      1.508    14.6169    14.6392   2.855568   2.863465     2.8303     2.7338     0.0068  0.2134274  0.000e+00
       3951      1.607    14.6218    14.6446   2.856657   2.865077     2.8315     2.7326     0.0068  0.2129389  0.000e+00
       3952      1.574    14.6250    14.6538   2.857588   2.866343     2.8303     2.7326     0.0068  0.2134274  0.000e+00
       3953      1.541    14.6285    14.6554   2.858372   2.865702     2.8303     2.7326     0.0068  0.2134274  0.000e+00
       3954      1.574    14.6156    14.6548   2.857654   2.864683     2.8303     2.7326     0.0068  0.2134274  0.000e+00
       3955      1.632    14.5830    14.6544   2.854011   2.864257     2.8315     2.7326     0.0068  0.2129389  0.000e+00
       3956      1.607    14.5531    14.6548   2.851018   2.864538     2.8315     2.7326     0.0068  0.2134274  0.000e+00
       3957      1.632    14.5778    14.6611   2.853151   2.865648     2.8315     2.7326     0.0068  0.2134274  0.000e+00
       3958      1.607    14.6333    14.6758   2.860786   2.867464     2.8303     2.7338     0.0068  0.2134274  0.000e+00
       3959      1.632    14.6778    14.6970   2.868521   2.870348     2.8303     2.7338     0.0068  0.2134274  0.000e+00
       3960      1.665    14.6991    14.7169   2.871843   2.873805     2.8315     2.7338     0.0068  0.2134274  0.000e+00
       3961      1.632    14.7082    14.7266   2.872072   2.875974     2.8315     2.7338     0.0066  0.2109853  0.000e+00
       3962      1.664    14.7035    14.7389   2.872552   2.877070     2.8303     2.7338     0.0064  0.1987753  0.000e+00
       3963      1.697    14.7102    14.7444   2.873998   2.878090     2.8303     2.7338     0.0064  0.1934029  0.000e+00
       3964      1.730    14.7247    14.7511   2.875472   2.879515     2.8303     2.7338     0.0064  0.1929145  0.000e+00
       3965      1.697    14.7346    14.7614   2.876629   2.881151     2.8315     2.7338     0.0064  0.1934029  0.000e+00
       3966      1.664    14.7404    14.7683   2.877241   2.882431     2.8303     2.7350     0.0064  0.1938913  0.000e+00
       3967      1.755    14.7507    14.7733   2.878131   2.883003     2.8303     2.7350     0.0064  0.1938913  0.000e+00
       3968      1.730    14.7606    14.7745   2.879316   2.883219     2.8303     2.7350     0.0064  0.1938913  0.000e+00
       3969      1.697    14.7696    14.7780   2.880807   2.883322     2.8303     2.7350     0.0064  0.1938913  0.000e+00
       3970      1.788    14.7739    14.7822   2.882402   2.883111     2.8303     2.7350     0.0064  0.1938913  0.000e+00
       3971      1.755    14.7649    14.7833   2.882921   2.882517     2.8303     2.7350     0.0064  0.1938913  0.000e+00
       3972      1.788    14.7573    14.7780   2.881676   2.881615     2.8303     2.7350     0.0064  0.1938913  0.000e+00
       3973      1.813    14.7561    14.7740   2.880026   2.880222     2.8290     2.7350     0.0064  0.1938913  0.000e+00
       3974      1.788    14.7576    14.7680   2.879059   2.878062     2.8303     2.7363     0.0064  0.1938913  0.000e+00
       3975      1.813    14.7571    14.7514   2.878382   2.875073     2.8303     2.7363     0.0064  0.1938913  0.000e+00
       3976      1.730    14.7561    14.7254   2.877574   2.871496     2.8303     2.7363     0.0064  0.1938913  0.000e+00
       3977      1.936    14.7606    14.7131   2.877377   2.869458     2.8290     2.7363     0.0064  0.1938913  0.000e+00
       3978      1.813    14.7703    14.7158   2.878497   2.869604     2.8278     2.7363     0.0064  0.1938913  0.000e+00
       3979      1.846    14.7646    14.7084   2.878158   2.869377     2.8290     2.7363     0.0064  0.1938913  0.000e+00
       3980      1.879    14.7529    14.6908   2.875794   2.867631     2.8303     2.7375     0.0064  0.1938913  0.000e+00
       3981      1.912    14.7372    14.6790   2.872934   2.865577     2.8290     2.7375     0.0064  0.1938913  0.000e+00
       3982      1.879    14.7300    14.6695   2.871695   2.863972     2.8278     2.7375     0.0064  0.1938913  0.000e+00
       3983      1.912    14.7270    14.6649   2.872274   2.863083     2.8278     2.7375     0.0064  0.1938913  0.000e+00
       3984      1.936    14.7334    14.6712   2.874015   2.863805     2.8303     2.7387     0.0064  0.1938913  0.000e+00
       3985      1.912    14.7563    14.6763   2.876913   2.864715     2.8303     2.7387     0.0064  0.1938913  0.000e+00
       3986      1.936    14.7832    14.6709   2.879753   2.864230     2.8303     2.7387     0.0064  0.1934029  0.000e+00
       3987      1.969    14.7898    14.6661   2.880490   2.863390     2.8303     2.7399     0.0064  0.1934029  0.000e+00
       3988      1.936    14.7573    14.6622   2.875723   2.862533     2.8303     2.7387     0.0062  0.1934029  0.000e+00
       3989      1.969    14.7093    14.6594   2.866503   2.861650     2.8303     2.7399     0.0064  0.1934029  0.000e+00
       3990      2.060    14.6699    14.6557   2.857588   2.861149     2.8303     2.7399     0.0064  0.1934029  0.000e+00
       3991      1.969    14.6421    14.6517   2.852116   2.861036     2.8303     2.7399     0.0064  0.1934029  0.000e+00
       3992      2.002    14.6180    14.6535   2.849445   2.861149     2.8303     2.7399     0.0064  0.1934029  0.000e+00
       3993      2.035    14.6021    14.6497   2.847661   2.859539     2.8303     2.7399     0.0064  0.1934029  0.000e+00
       3994      2.060    14.5908    14.6273   2.846334   2.855146     2.8315     2.7399     0.0064  0.1934029  0.000e+00
       3995      2.002    14.5952    14.6041   2.846943   2.850724     2.8315     2.7399     0.0064  0.1934029  0.000e+00
       3996      2.093    14.5992    14.5938   2.848890   2.848121     2.8315     2.7387     0.0064  0.1934029  0.000e+00
       3997      2.060    14.5986    14.5906   2.850087   2.847438     2.8303     2.7387     0.0064  0.1934029  0.000e+00
       3998      2.093    14.6012    14.5875   2.851192   2.847326     2.8315     2.7387     0.0064  0.1934029  0.000e+00
       3999      2.126    14.6043    14.5877   2.852253   2.847584     2.8315     2.7387     0.0064  0.1934029  0.000e+00
       4000      2.093    14.6056    14.5897   2.852607   2.848062     2.8315     2.7375     0.0064  0.1934029  0.000e+00
       4001      2.126    14.6066    14.5878   2.852438   2.847568     2.8303     2.7375     0.0064  0.1934029  0.000e+00
       4002      2.159    14.6098    14.5895   2.852536   2.847783     2.8303     2.7375     0.0064  0.1934029  0.000e+00
       4003      2.183    14.6147    14.6017   2.853069   2.851074     2.8315     2.7363     0.0064  0.1934029  0.000e+00
       4004      2.159    14.6173    14.6126   2.853630   2.854587     2.8327     2.7363     0.0064  0.1934029  0.000e+00
       4005      2.126    14.6193    14.6246   2.854044   2.856514     2.8315     2.7363     0.0064  0.1934029  0.000e+00
       4006      2.216    14.6221    14.6376   2.854468   2.858091     2.8303     2.7363     0.0064  0.1934029  0.000e+00
       4007      2.183    14.6240    14.6525   2.854811   2.859857     2.8303     2.7363     0.0064  0.1934029  0.000e+00
       4008      2.216    14.6243    14.6577   2.854909   2.861133     2.8315     2.7350     0.0064  0.1934029  0.000e+00
       4009      2.241    14.6247    14.6654   2.855399   2.862356     2.8315     2.7350     0.0064  0.1934029  0.000e+00
       4010      2.241    14.6279    14.6632   2.856145   2.862113     2.8303     2.7350     0.0064  0.1934029  0.000e+00
       4011      2.216    14.6365    14.6523   2.858520   2.859846     2.8303     2.7338     0.0064  0.1934029  0.000e+00
       4012      2.183    14.6618    14.6444   2.863418   2.858005     2.8303     2.7338     0.0062  0.1943797  0.000e+00
       4013      2.398    14.6925    14.6429   2.869165   2.857708     2.8303     2.7326     0.0062  0.2002405  0.000e+00
       4014      2.241    14.7038    14.6427   2.872596   2.858031     2.8290     2.7314     0.0060  0.2026825  0.000e+00
       4015      2.340    14.7089    14.6364   2.873371   2.857267     2.8303     2.7314     0.0060  0.2026825  0.000e+00
       4016      2.307    14.7176    14.6271   2.874004   2.855593     2.8278     2.7314     0.0060  0.2026825  0.000e+00
       4017      2.340    14.7248    14.6179   2.874757   2.854172     2.8278     2.7301     0.0060  0.2026825  0.000e+00
       4018      2.307    14.7196    14.6107   2.874828   2.853107     2.8278     2.7301     0.0060  0.2026825  0.000e+00
       4019      2.340    14.7292    14.6107   2.875003   2.852682     2.8266     2.7289     0.0060  0.2026825  0.000e+00
       4020      2.365    14.7440    14.6148   2.877683   2.853226     2.8266     2.7289     0.0060  0.2026825  0.000e+00
       4021      2.398    14.7642    14.6226   2.881621   2.854189     2.8254     2.7277     0.0060  0.2026825  0.000e+00
       4022      2.365    14.7968    14.6329   2.885501   2.855550     2.8266     2.7277     0.0060  0.2026825  0.000e+00
       4023      2.397    14.8309    14.6422   2.889087   2.857445     2.8266     2.7277     0.0059  0.2026825  0.000e+00
       4024      2.430    14.8439    14.6512   2.891176   2.859254     2.8254     2.7277     0.0060  0.2026825  0.000e+00
       4025      2.430    14.8434    14.6505   2.891313   2.859448     2.8242     2.7265     0.0060  0.2026825  0.000e+00
       4026      2.397    14.8423    14.6605   2.891390   2.861262     2.8242     2.7265     0.0060  0.2026825  0.000e+00
       4027      2.430    14.8331    14.6850   2.891953   2.866510     2.8254     2.7265     0.0060  0.2021941  0.000e+00
       4028      2.521    14.8400    14.7138   2.892894   2.873336     2.8242     2.7265     0.0060  0.2026825  0.000e+00
       4029      2.430    14.8577    14.7349   2.894229   2.879110     2.8229     2.7265     0.0060  0.2026825  0.000e+00
       4030      2.521    14.8680    14.7538   2.895565   2.882906     2.8229     2.7265     0.0060  0.2026825  0.000e+00
       4031      2.488    14.8765    14.7673   2.897108   2.885440     2.8229     2.7265     0.0060  0.2026825  0.000e+00
       4032      2.521    14.8679    14.7821   2.897776   2.888039     2.8254     2.7265     0.0060  0.2026825  0.000e+00
       4033      2.488    14.8508    14.8010   2.897108   2.891369     2.8242     2.7253     0.0060  0.2026825  0.000e+00
       4034      2.579    14.8449    14.8219   2.896555   2.894462     2.8229     2.7253     0.0060  0.2026825  0.000e+00
       4035      2.546    14.8437    14.8392   2.896698   2.896599     2.8229     2.7253     0.0060  0.2026825  0.000e+00
       4036      2.579    14.8451    14.8462   2.897223   2.897189     2.8229     2.7253     0.0060  0.2026825  0.000e+00
       4037      2.546    14.8431    14.8203   2.897207   2.893829     2.8254     2.7253     0.0060  0.2026825  0.000e+00
       4038      2.612    14.8368    14.7985   2.896484   2.888017     2.8229     2.7253     0.0062  0.2026825  0.000e+00
       4039      2.579    14.8312    14.7827   2.895795   2.882901     2.8229     2.7253     0.0064  0.2026825  0.000e+00
       4040      2.612    14.8260    14.7663   2.895516   2.879720     2.8229     2.7253     0.0064  0.2026825  0.000e+00
       4041      2.645    14.8309    14.7595   2.895598   2.877523     2.8254     2.7253     0.0064  0.2026825  0.000e+00
       4042      2.669    14.8232    14.7408   2.894804   2.874010     2.8254     2.7253     0.0064  0.2026825  0.000e+00
       4043      2.645    14.7630    14.7068   2.887896   2.868062     2.8242     2.7253     0.0064  0.2026825  0.000e+00
       4044      2.669    14.6937    14.6717   2.876461   2.862124     2.8242     2.7253     0.0064  0.2026825  0.000e+00
       4045      2.645    14.6555    14.6354   2.867092   2.857100     2.8242     2.7253     0.0064  0.2026825  0.000e+00
       4046      2.735    14.6660    14.6005   2.863309   2.852376     2.8254     2.7253     0.0064  0.2026825  0.000e+00
       4047      2.702    14.6709    14.5814   2.861859   2.848256     2.8254     2.7253     0.0062  0.2026825  0.000e+00
       4048      2.735    14.6450    14.5755   2.857855   2.845213     2.8254     2.7253     0.0064  0.2026825  0.000e+00
       4049      2.735    14.6073    14.5733   2.851399   2.843096     2.8254     2.7265     0.0064  0.2026825  0.000e+00
       4050      2.768    14.5881    14.5631   2.846899   2.840856     2.8254     2.7265     0.0064  0.2026825  0.000e+00
       4051      2.735    14.5812    14.5506   2.844964   2.837816     2.8266     2.7265     0.0064  0.2026825  0.000e+00
       4052      2.768    14.5821    14.5379   2.844094   2.835384     2.8266     2.7265     0.0064  0.2026825  0.000e+00
       4053      2.793    14.5839    14.5430   2.844148   2.835873     2.8266     2.7277     0.0064  0.2026825  0.000e+00
       4054      2.826    14.5856    14.5518   2.844420   2.838686     2.8266     2.7277     0.0064  0.2026825  0.000e+00
       4055      2.793    14.5869    14.5668   2.844529   2.842666     2.8266     2.7277     0.0062  0.2026825  0.000e+00
       4056      2.826    14.5886    14.5804   2.844393   2.846310     2.8278     2.7277     0.0064  0.2026825  0.000e+00
       4057      2.850    14.5893    14.5873   2.844860   2.848014     2.8278     2.7277     0.0064  0.2026825  0.000e+00
       4058      2.892    14.6029    14.6073   2.846807   2.849982     2.8266     2.7277     0.0064  0.2026825  0.000e+00
       4059      2.850    14.6161    14.6305   2.849543   2.852951     2.8266     2.7289     0.0064  0.2026825  0.000e+00
       4060      2.850    14.6576    14.6474   2.854969   2.856540     2.8266     2.7289     0.0064  0.2026825  0.000e+00
       4061      2.949    14.7033    14.6632   2.862502   2.859781     2.8278     2.7289     0.0064  0.2026825  0.000e+00
       4062      2.916    14.7292    14.7217   2.867506   2.866294     2.8266     2.7289     0.0064  0.2026825  0.000e+00
       4063      2.892    14.7690    14.7842   2.873463   2.876244     2.8266     2.7289     0.0064  0.2026825  0.000e+00
       4064      2.974    14.8340    14.8212   2.883648   2.884591     2.8254     2.7289     0.0066  0.2051245  0.000e+00
       4065      2.949    14.8663    14.8375   2.890515   2.888579     2.8254     2.7289     0.0066  0.2061013  0.000e+00
