data/2021/ctd_data_day1/Station 4ex 210921_ctm.cnv
* Sea-Bird SBE 9 Data File:
* FileName = C:\Users\CTD-User\Desktop\MAR440\Station 4ex 210921.hex
* Software Version Seasave V 7.26.2.13
* Temperature SN = 6313
* Conductivity SN = 4758
* Number of Bytes Per Scan = 30
* Number of Voltage Words = 4
* Number of Scans Averaged by the Deck Unit = 1
* NMEA baud rate = 4800
** Ship:
** Station:
** Operator:
# nquan = 11
# nvalues = 6123                        
# units = specified
# name 0 = scan: Scan Count
# name 1 = prDM: Pressure, Digiquartz [db]
# name 2 = t090C: Temperature [ITS-90, deg C]
# name 3 = t190C: Temperature, 2 [ITS-90, deg C]
# name 4 = c0S/m: Conductivity [S/m]
# name 5 = c1S/m: Conductivity, 2 [S/m]
# name 6 = sbeox0V: Oxygen raw, SBE 43 [V]
# name 7 = sbeox1V: Oxygen raw, SBE 43, 2 [V]
# name 8 = flECO-AFL: Fluorescence, WET Labs ECO-AFL/FL [mg/m^3]
# name 9 = upoly0: Upoly 0, Turbidity
# name 10 = flag:  0.000e+00
# span 0 =          1,       6123       
# span 1 =      0.204,     43.521       
# span 2 =     7.9722,    16.0343       
# span 3 =     7.9734,    15.9665       
# span 4 =  -0.000854,   3.482181       
# span 5 =   0.276017,   3.482947       
# span 6 =     0.4687,     3.2015       
# span 7 =     0.5358,     3.0635       
# span 8 =     0.0033,     0.0524       
# span 9 =  0.0800940,  0.2168462       
# span 10 = 0.0000e+00, 0.0000e+00      
# interval = seconds: 0.0416667
# start_time = Sep 21 2021 12:21:52 [System UTC, header]
# bad_flag = -9.990e-29
*END*
[from data line 3017]
       3018      0.902    15.2973    15.2947   2.987650   2.986808     2.7082     2.6679     0.0046  0.1611685 0.0000e+00
       3019      0.934    15.3004    15.2932   2.987448   2.987040     2.7070     2.6679     0.0046  0.1611685 0.0000e+00
       3020      0.901    15.3024    15.2923   2.987407   2.987224     2.7082     2.6679     0.0046  0.1611685 0.0000e+00
       3021      0.934    15.2997    15.2932   2.987685   2.987229     2.7057     2.6679     0.0046  0.1611685 0.0000e+00
       3022      0.967    15.2968    15.2959   2.988583   2.987267     2.7057     2.6691     0.0046  0.1611685 0.0000e+00
       3023      0.868    15.3045    15.2963   2.990077   2.987347     2.7082     2.6691     0.0046  0.1611685 0.0000e+00
       3024      0.967    15.3112    15.2957   2.991911   2.987368     2.7082     2.6691     0.0046  0.1611685 0.0000e+00
       3025      0.934    15.3207    15.2961   2.993921   2.987469     2.7082     2.6691     0.0046  0.1611685 0.0000e+00
       3026      0.901    15.3330    15.2968   2.995699   2.987528     2.7070     2.6691     0.0046  0.1606801 0.0000e+00
       3027      0.992    15.3438    15.2980   2.997194   2.987561     2.7082     2.6691     0.0046  0.1597033 0.0000e+00
       3028      0.901    15.3544    15.3049   2.998150   2.987764     2.7094     2.6691     0.0046  0.1597033 0.0000e+00
       3029      0.934    15.3599    15.3066   2.999214   2.988012     2.7094     2.6691     0.0046  0.1597033 0.0000e+00
       3030      0.967    15.3567    15.3039   3.000860   2.988255     2.7082     2.6691     0.0046  0.1597033 0.0000e+00
       3031      0.992    15.3577    15.3061   3.002328   2.988511     2.7082     2.6679     0.0046  0.1597033 0.0000e+00
       3032      0.967    15.3582    15.3131   3.003168   2.988583     2.7082     2.6691     0.0046  0.1597033 0.0000e+00
       3033      0.934    15.3604    15.3173   3.003210   2.988491     2.7094     2.6691     0.0046  0.1597033 0.0000e+00
       3034      0.967    15.3553    15.3216   3.002075   2.988223     2.7094     2.6691     0.0046  0.1597033 0.0000e+00
       3035      0.934    15.3381    15.3246   3.000489   2.987968     2.7094     2.6691     0.0046  0.1597033 0.0000e+00
       3036      0.967    15.3277    15.3212   2.999102   2.987812     2.7082     2.6691     0.0046  0.1597033 0.0000e+00
       3037      0.992    15.3271    15.3155   2.997991   2.987676     2.7094     2.6691     0.0046  0.1597033 0.0000e+00
       3038      0.901    15.3276    15.3054   2.996829   2.987484     2.7106     2.6679     0.0046  0.1597033 0.0000e+00
       3039      0.934    15.3237    15.2957   2.995700   2.986994     2.7106     2.6679     0.0046  0.1597033 0.0000e+00
       3040      0.901    15.3203    15.2908   2.994646   2.986401     2.7094     2.6679     0.0046  0.1597033 0.0000e+00
       3041      0.991    15.3223    15.2885   2.993712   2.985873     2.7094     2.6679     0.0046  0.1597033 0.0000e+00
       3042      0.901    15.3237    15.2868   2.993009   2.985266     2.7106     2.6679     0.0046  0.1597033 0.0000e+00
       3043      0.934    15.3195    15.2835   2.992439   2.984599     2.7119     2.6679     0.0046  0.1597033 0.0000e+00
       3044      0.901    15.3179    15.2800   2.991930   2.984044     2.7106     2.6679     0.0046  0.1597033 0.0000e+00
       3045      0.934    15.3146    15.2752   2.991813   2.983639     2.7106     2.6667     0.0046  0.1597033 0.0000e+00
       3046      0.901    15.3137    15.2740   2.992192   2.983417     2.7094     2.6667     0.0046  0.1597033 0.0000e+00
       3047      0.934    15.3147    15.2761   2.992657   2.983367     2.7119     2.6679     0.0046  0.1597033 0.0000e+00
       3048      0.901    15.3169    15.2781   2.993237   2.983419     2.7131     2.6679     0.0046  0.1597033 0.0000e+00
       3049      0.933    15.3215    15.2795   2.993616   2.983290     2.7106     2.6679     0.0046  0.1597033 0.0000e+00
       3050      0.900    15.3281    15.2805   2.993963   2.983142     2.7094     2.6667     0.0046  0.1597033 0.0000e+00
       3051      0.933    15.3318    15.2805   2.994311   2.983171     2.7094     2.6679     0.0046  0.1597033 0.0000e+00
       3052      0.966    15.3315    15.2804   2.994599   2.983210     2.7119     2.6667     0.0046  0.1601917 0.0000e+00
       3053      0.933    15.3303    15.2807   2.994811   2.983240     2.7131     2.6667     0.0046  0.1611685 0.0000e+00
       3054      0.900    15.3293    15.2805   2.994979   2.983268     2.7106     2.6667     0.0046  0.1611685 0.0000e+00
       3055      0.991    15.3274    15.2795   2.995139   2.983107     2.7094     2.6679     0.0046  0.1611685 0.0000e+00
       3056      0.867    15.3275    15.2790   2.995412   2.982975     2.7106     2.6679     0.0046  0.1611685 0.0000e+00
       3057      0.966    15.3299    15.2791   2.995687   2.983114     2.7119     2.6679     0.0046  0.1611685 0.0000e+00
       3058      0.933    15.3331    15.2796   2.996077   2.983210     2.7106     2.6679     0.0046  0.1611685 0.0000e+00
       3059      0.966    15.3397    15.2807   2.996435   2.983150     2.7106     2.6679     0.0046  0.1611685 0.0000e+00
       3060      0.933    15.3445    15.2812   2.996842   2.983142     2.7106     2.6679     0.0046  0.1611685 0.0000e+00
       3061      0.900    15.3468    15.2817   2.997396   2.983090     2.7106     2.6679     0.0046  0.1611685 0.0000e+00
       3062      0.933    15.3451    15.2822   2.997977   2.982996     2.7131     2.6667     0.0046  0.1611685 0.0000e+00
       3063      0.966    15.3460    15.2820   2.998457   2.982919     2.7106     2.6679     0.0046  0.1611685 0.0000e+00
       3064      0.867    15.3482    15.2802   2.998239   2.982925     2.7094     2.6679     0.0046  0.1611685 0.0000e+00
       3065      0.966    15.3428    15.2790   2.997020   2.982828     2.7094     2.6679     0.0046  0.1611685 0.0000e+00
       3066      0.933    15.3382    15.2776   2.995201   2.982764     2.7119     2.6679     0.0046  0.1611685 0.0000e+00
       3067      0.842    15.3316    15.2780   2.993469   2.982761     2.7131     2.6679     0.0046  0.1611685 0.0000e+00
       3068      0.991    15.3247    15.2771   2.992617   2.982677     2.7106     2.6679     0.0046  0.1611685 0.0000e+00
       3069      0.842    15.3149    15.2759   2.992364   2.982543     2.7094     2.6679     0.0046  0.1611685 0.0000e+00
       3070      0.990    15.3105    15.2749   2.992319   2.982628     2.7094     2.6679     0.0046  0.1606801 0.0000e+00
       3071      0.900    15.3136    15.2740   2.992266   2.982812     2.7131     2.6679     0.0046  0.1611685 0.0000e+00
       3072      0.867    15.3193    15.2737   2.992039   2.982927     2.7131     2.6679     0.0046  0.1611685 0.0000e+00
       3073      0.966    15.3186    15.2735   2.991755   2.982900     2.7094     2.6679     0.0046  0.1611685 0.0000e+00
       3074      0.933    15.3128    15.2734   2.991246   2.982868     2.7082     2.6679     0.0046  0.1611685 0.0000e+00
       3075      0.900    15.3038    15.2727   2.990797   2.982654     2.7082     2.6691     0.0046  0.1611685 0.0000e+00
       3076      0.933    15.3012    15.2725   2.990892   2.982523     2.7106     2.6691     0.0046  0.1611685 0.0000e+00
       3077      0.900    15.2982    15.2722   2.990760   2.982484     2.7094     2.6679     0.0046  0.1606801 0.0000e+00
       3078      0.933    15.2955    15.2718   2.990397   2.982413     2.7082     2.6679     0.0046  0.1597033 0.0000e+00
       3079      0.900    15.2904    15.2713   2.989780   2.982145     2.7070     2.6691     0.0046  0.1597033 0.0000e+00
       3080      0.990    15.2848    15.2712   2.988574   2.982103     2.7082     2.6691     0.0046  0.1597033 0.0000e+00
       3081      0.899    15.2847    15.2717   2.987346   2.982220     2.7094     2.6691     0.0046  0.1597033 0.0000e+00
       3082      0.932    15.2867    15.2718   2.986596   2.982135     2.7082     2.6691     0.0046  0.1597033 0.0000e+00
       3083      0.899    15.2899    15.2713   2.986559   2.982052     2.7082     2.6691     0.0046  0.1597033 0.0000e+00
       3084      0.932    15.2948    15.2712   2.986868   2.982080     2.7070     2.6691     0.0046  0.1597033 0.0000e+00
       3085      0.899    15.2922    15.2708   2.986843   2.982195     2.7082     2.6703     0.0046  0.1597033 0.0000e+00
       3086      0.932    15.2832    15.2722   2.986205   2.982426     2.7082     2.6703     0.0046  0.1597033 0.0000e+00
       3087      0.899    15.2772    15.2754   2.985059   2.982796     2.7082     2.6691     0.0046  0.1597033 0.0000e+00
       3088      0.932    15.2741    15.2777   2.984003   2.983233     2.7070     2.6703     0.0046  0.1597033 0.0000e+00
       3089      0.899    15.2717    15.2786   2.982827   2.983406     2.7082     2.6703     0.0046  0.1597033 0.0000e+00
       3090      0.866    15.2705    15.2776   2.981811   2.983322     2.7082     2.6703     0.0046  0.1597033 0.0000e+00
       3091      0.965    15.2696    15.2766   2.981289   2.983139     2.7070     2.6703     0.0046  0.1597033 0.0000e+00
       3092      0.866    15.2692    15.2752   2.981024   2.982877     2.7082     2.6703     0.0046  0.1597033 0.0000e+00
       3093      0.899    15.2690    15.2735   2.981058   2.982703     2.7057     2.6703     0.0046  0.1597033 0.0000e+00
       3094      0.932    15.2735    15.2729   2.981492   2.982685     2.7057     2.6703     0.0046  0.1597033 0.0000e+00
       3095      0.899    15.2761    15.2718   2.982339   2.982567     2.7082     2.6716     0.0046  0.1597033 0.0000e+00
       3096      0.866    15.2847    15.2717   2.983331   2.982294     2.7082     2.6716     0.0046  0.1597033 0.0000e+00
       3097      0.965    15.2902    15.2723   2.984201   2.982079     2.7045     2.6716     0.0046  0.1597033 0.0000e+00
       3098      0.866    15.2934    15.2732   2.985062   2.982161     2.7045     2.6716     0.0046  0.1597033 0.0000e+00
       3099      0.965    15.2919    15.2753   2.985372   2.982564     2.7057     2.6716     0.0046  0.1597033 0.0000e+00
       3100      0.866    15.2934    15.2802   2.985185   2.983240     2.7057     2.6728     0.0046  0.1597033 0.0000e+00
       3101      0.965    15.2965    15.2829   2.985082   2.984095     2.7057     2.6728     0.0046  0.1597033 0.0000e+00
       3102      0.932    15.3060    15.2842   2.985607   2.985217     2.7033     2.6728     0.0046  0.1597033 0.0000e+00
       3103      0.899    15.3099    15.2887   2.986559   2.986592     2.7033     2.6728     0.0046  0.1680061 0.0000e+00
       3104      0.989    15.3134    15.2959   2.987199   2.987864     2.7033     2.6728     0.0046  0.1743553 0.0000e+00
       3105      0.899    15.3168    15.2991   2.987296   2.988753     2.7045     2.6728     0.0046  0.1748437 0.0000e+00
       3106      0.932    15.3169    15.2937   2.986976   2.989324     2.7033     2.6728     0.0046  0.1743553 0.0000e+00
       3107      0.965    15.3084    15.2956   2.986505   2.991522     2.7021     2.6740     0.0046  0.1743553 0.0000e+00
       3108      0.866    15.2952    15.3311   2.986029   2.995578     2.7033     2.6740     0.0046  0.1743553 0.0000e+00
       3109      0.965    15.2840    15.3700   2.985300   2.999915     2.7033     2.6740     0.0046  0.1743553 0.0000e+00
       3110      0.932    15.2771    15.3920   2.984062   3.003888     2.7033     2.6740     0.0046  0.1743553 0.0000e+00
       3111      0.899    15.2734    15.3950   2.982942   3.007299     2.7033     2.6740     0.0046  0.1743553 0.0000e+00
       3112      0.931    15.2726    15.3909   2.982304   3.009790     2.7009     2.6740     0.0046  0.1743553 0.0000e+00
       3113      0.931    15.2725    15.3864   2.981834   3.011161     2.7009     2.6752     0.0046  0.1743553 0.0000e+00
       3114      0.898    15.2732    15.3829   2.981645   3.011629     2.7033     2.6752     0.0046  0.1743553 0.0000e+00
       3115      0.865    15.2796    15.3843   2.981611   3.011375     2.7021     2.6752     0.0046  0.1743553 0.0000e+00
       3116      0.964    15.2817    15.3773   2.982494   3.010562     2.7009     2.6752     0.0046  0.1743553 0.0000e+00
       3117      0.865    15.2788    15.3685   2.983641   3.008864     2.6996     2.6752     0.0046  0.1738669 0.0000e+00
       3118      0.898    15.2779    15.3612   2.984392   3.006327     2.6996     2.6752     0.0046  0.1738669 0.0000e+00
       3119      0.865    15.2800    15.3496   2.984677   3.003551     2.7033     2.6752     0.0046  0.1743553 0.0000e+00
       3120      0.898    15.2794    15.3357   2.984632   3.000398     2.7033     2.6752     0.0046  0.1743553 0.0000e+00
       3121      0.931    15.2786    15.3243   2.984187   2.997278     2.7009     2.6764     0.0046  0.1743553 0.0000e+00
       3122      0.898    15.2783    15.3087   2.983971   2.994489     2.6996     2.6764     0.0046  0.1738669 0.0000e+00
       3123      0.931    15.2769    15.2956   2.984056   2.991405     2.6996     2.6764     0.0046  0.1738669 0.0000e+00
       3124      0.898    15.2748    15.2869   2.984176   2.988026     2.7033     2.6764     0.0046  0.1743553 0.0000e+00
       3125      0.931    15.2757    15.2812   2.984170   2.985367     2.7033     2.6764     0.0046  0.1743553 0.0000e+00
       3126      0.898    15.2758    15.2774   2.983940   2.983723     2.6996     2.6764     0.0046  0.1743553 0.0000e+00
       3127      0.931    15.2744    15.2745   2.983294   2.982980     2.6996     2.6764     0.0046  0.1743553 0.0000e+00
       3128      0.964    15.2752    15.2727   2.983110   2.982405     2.6996     2.6777     0.0046  0.1724017 0.0000e+00
       3129      0.931    15.2851    15.2717   2.983282   2.981822     2.7033     2.6777     0.0046  0.1680061 0.0000e+00
       3130      0.898    15.2972    15.2713   2.983784   2.981472     2.7009     2.6777     0.0048  0.1665409 0.0000e+00
       3131      0.931    15.2936    15.2717   2.984507   2.981327     2.6996     2.6777     0.0048  0.1665409 0.0000e+00
       3132      0.964    15.2914    15.2715   2.985468   2.981272     2.6996     2.6789     0.0048  0.1670293 0.0000e+00
       3133      0.931    15.2945    15.2710   2.986129   2.981245     2.6996     2.6777     0.0048  0.1670293 0.0000e+00
       3134      0.898    15.2978    15.2713   2.986275   2.981176     2.7021     2.6777     0.0048  0.1665409 0.0000e+00
       3135      0.931    15.2945    15.2713   2.985947   2.981117     2.7009     2.6777     0.0048  0.1670293 0.0000e+00
       3136      0.964    15.2881    15.2715   2.985420   2.981190     2.6996     2.6789     0.0048  0.1670293 0.0000e+00
       3137      0.931    15.2846    15.2718   2.984721   2.981258     2.7009     2.6789     0.0048  0.1670293 0.0000e+00
       3138      0.898    15.2827    15.2713   2.984217   2.981082     2.7021     2.6789     0.0048  0.1670293 0.0000e+00
       3139      0.931    15.2816    15.2696   2.983980   2.980748     2.7033     2.6789     0.0048  0.1670293 0.0000e+00
       3140      0.898    15.2827    15.2694   2.983698   2.980596     2.7009     2.6789     0.0048  0.1670293 0.0000e+00
       3141      0.931    15.2830    15.2740   2.983474   2.980867     2.6996     2.6789     0.0048  0.1670293 0.0000e+00
       3142      0.898    15.2824    15.2785   2.983395   2.981267     2.7009     2.6789     0.0048  0.1670293 0.0000e+00
       3143      0.930    15.2811    15.2815   2.983164   2.981581     2.7021     2.6789     0.0048  0.1670293 0.0000e+00
       3144      0.897    15.2805    15.2831   2.983040   2.982261     2.7021     2.6789     0.0048  0.1670293 0.0000e+00
       3145      0.988    15.2803    15.2835   2.982737   2.982882     2.7033     2.6789     0.0048  0.1670293 0.0000e+00
       3146      0.897    15.2805    15.2832   2.982567   2.983450     2.7009     2.6789     0.0048  0.1670293 0.0000e+00
       3147      0.930    15.2804    15.2832   2.982551   2.983801     2.7009     2.6789     0.0048  0.1670293 0.0000e+00
