data/2021/ctd_data_day1/Station 3 210921_ctm_fil_le_der.cnv
* Sea-Bird SBE 9 Data File:
* FileName = C:\Users\CTD-User\Desktop\MAR440\Station 3 210921.hex
* Software Version Seasave V 7.26.2.13
* Temperature SN = 6313
* Conductivity SN = 4758
* Number of Bytes Per Scan = 30
* Number of Voltage Words = 4
* Number of Scans Averaged by the Deck Unit = 1
* NMEA baud rate = 4800
** Ship:
** Station:
** Operator:
# nquan = 16                                
# nvalues = 5414                        
# units = specified
# name 0 = scan: Scan Count
# name 1 = prDM: Pressure, Digiquartz [db]
# name 2 = t090C: Temperature [ITS-90, deg C]
# name 3 = t190C: Temperature, 2 [ITS-90, deg C]
# name 4 = c0S/m: Conductivity [S/m]
# name 5 = c1S/m: Conductivity, 2 [S/m]
# name 6 = sbeox0V: Oxygen raw, SBE 43 [V]
# name 7 = sbeox1V: Oxygen raw, SBE 43, 2 [V]
# name 8 = flECO-AFL: Fluorescence, WET Labs ECO-AFL/FL [mg/m^3]
# name 9 = upoly0: Upoly 0, Turbidity
# name 10 = depSM: Depth [salt water, m], lat = 59
# name 11 = sal00: Salinity, Practical [PSU]
# name 12 = sal11: Salinity, Practical, 2 [PSU]
# name 13 = sbeox0ML/L: Oxygen, SBE 43 [ml/l], WS = 2
# name 14 = sbeox1ML/L: Oxygen, SBE 43, 2 [ml/l], WS = 2
# name 15 = flag: flag
# span 0 =          1,       5414       
# span 1 =      1.557,     20.473       
# span 2 =     8.0027,    16.1522       
# span 3 =     8.0029,    16.1543       
# span 4 =   2.929389,   3.478761       
# span 5 =   2.988908,   3.479888       
# span 6 =     0.4661,     2.8108       
# span 7 =     0.5272,     2.6596       
# span 8 =     0.0033,     0.0092       
# span 9 =  0.0887572,  0.1879272       
# span 10 =      1.542,     20.281      
# span 11 =    22.9290,    30.8805      
# span 12 =    23.2306,    30.8814      
# span 13 =    -0.1600,     6.8210      
# span 14 =     0.1557,     5.6113      
# span 15 = 0.0000e+00, 0.0000e+00      
# interval = seconds: 0.0416667
# start_time = Sep 21 2021 09:31:52 [System UTC, header]
# bad_flag = -9.990e-29
*END*
[from data line 3436]
       3437     19.957     8.9917     9.0977   3.285016   3.297539     0.5325     0.6333     0.0066  0.1226610     19.769    30.5319    30.5697     0.0334     0.4480 -9.990e-29
       3438     19.957     8.9959     9.0938   3.285392   3.297402     0.5323     0.6333     0.0066  0.1226182     19.769    30.5321    30.5716     0.0331     0.4487 -9.990e-29
       3439     19.957     9.0002     9.0896   3.285766   3.297253     0.5321     0.6333     0.0066  0.1225781     19.769    30.5323    30.5737     0.0329     0.4494 -9.990e-29
       3440     19.957     9.0045     9.0852   3.286135   3.297094     0.5320     0.6334     0.0066  0.1225405     19.769    30.5324    30.5759     0.0330     0.4504 -9.990e-29
       3441     19.957     9.0087     9.0804   3.286499   3.296922     0.5318     0.6334     0.0064  0.1225043     19.769    30.5325    30.5782     0.0329     0.4511 -9.990e-29
       3442     19.958     9.0130     9.0754   3.286856   3.296738     0.5317     0.6334     0.0064  0.1224700     19.770    30.5325    30.5806     0.0331     0.4518 -9.990e-29
       3443     19.958     9.0173     9.0701   3.287206   3.296542     0.5315     0.6334     0.0064  0.1224384     19.770    30.5324    30.5831     0.0332     0.4525 -9.990e-29
       3444     19.958     9.0215     9.0646   3.287543   3.296335     0.5314     0.6335     0.0064  0.1224092     19.770    30.5323    30.5857     0.0336     0.4535 -9.990e-29
       3445     19.958     9.0250     9.0591   3.287859   3.296119     0.5313     0.6335     0.0064  0.1223821     19.770    30.5326    30.5882     0.0340     0.4542 -9.990e-29
       3446     19.958     9.0277     9.0535   3.288151   3.295896     0.5311     0.6336     0.0064  0.1223570     19.770    30.5332    30.5908     0.0341     0.4551 -9.990e-29
       3447     19.958     9.0296     9.0479   3.288413   3.295673     0.5310     0.6336     0.0064  0.1223329     19.770    30.5343    30.5933     0.0346     0.4557 -9.990e-29
       3448     19.958     9.0307     9.0423   3.288646   3.295453     0.5309     0.6337     0.0062  0.1223088     19.770    30.5358    30.5958     0.0352     0.4566 -9.990e-29
       3449     19.958     9.0315     9.0370   3.288855   3.295239     0.5308     0.6337     0.0064  0.1222852     19.770    30.5372    30.5982     0.0357     0.4572 -9.990e-29
       3450     19.958     9.0323     9.0320   3.289044   3.295028     0.5307     0.6338     0.0064  0.1222621     19.770    30.5385    30.6003     0.0364     0.4581 -9.990e-29
       3451     19.959     9.0333     9.0272   3.289222   3.294814     0.5306     0.6339     0.0064  0.1222385     19.771    30.5395    30.6022     0.0370     0.4589 -9.990e-29
       3452     19.959     9.0346     9.0224   3.289398   3.294594     0.5305     0.6339     0.0062  0.1222150     19.771    30.5401    30.6041     0.0377     0.4594 -9.990e-29
       3453     19.959     9.0366     9.0176   3.289578   3.294365     0.5304     0.6340     0.0064  0.1221924     19.771    30.5403    30.6059     0.0384     0.4601 -9.990e-29
       3454     19.959     9.0391     9.0126   3.289764   3.294125     0.5303     0.6341     0.0064  0.1221704     19.771    30.5401    30.6077     0.0390     0.4608 -9.990e-29
       3455     19.959     9.0419     9.0075   3.289958   3.293876     0.5303     0.6341     0.0064  0.1221480     19.771    30.5396    30.6095     0.0401     0.4612 -9.990e-29
       3456     19.959     9.0453     9.0022   3.290156   3.293621     0.5302     0.6342     0.0064  0.1221235     19.771    30.5388    30.6114     0.0408     0.4619 -9.990e-29
       3457     19.959     9.0493     8.9966   3.290356   3.293363     0.5302     0.6343     0.0064  0.1220958     19.771    30.5374    30.6136     0.0418     0.4625 -9.990e-29
       3458     19.960     9.0535     8.9908   3.290554   3.293105     0.5301     0.6344     0.0064  0.1220655     19.772    30.5358    30.6159     0.0426     0.4631 -9.990e-29
       3459     19.960     9.0577     8.9847   3.290744   3.292849     0.5301     0.6344     0.0064  0.1220342     19.772    30.5342    30.6185     0.0436     0.4634 -9.990e-29
       3460     19.960     9.0615     8.9784   3.290922   3.292600     0.5300     0.6345     0.0064  0.1220024     19.772    30.5328    30.6214     0.0443     0.4639 -9.990e-29
       3461     19.959     9.0648     8.9719   3.291082   3.292360     0.5300     0.6346     0.0064  0.1219699     19.771    30.5316    30.6245     0.0454     0.4644 -9.990e-29
       3462     19.959     9.0674     8.9656   3.291223   3.292135     0.5300     0.6347     0.0064  0.1219358     19.771    30.5308    30.6276     0.0465     0.4648 -9.990e-29
       3463     19.959     9.0694     8.9599   3.291342   3.291927     0.5300     0.6348     0.0064  0.1218979     19.771    30.5303    30.6304     0.0475     0.4652 -9.990e-29
       3464     19.959     9.0709     8.9549   3.291438   3.291738     0.5299     0.6349     0.0064  0.1218562     19.771    30.5300    30.6328     0.0482     0.4656 -9.990e-29
       3465     19.959     9.0717     8.9508   3.291512   3.291568     0.5299     0.6350     0.0064  0.1218119     19.771    30.5301    30.6345     0.0493     0.4659 -9.990e-29
       3466     19.959     9.0720     8.9475   3.291563   3.291414     0.5299     0.6351     0.0064  0.1217656     19.771    30.5303    30.6358     0.0504     0.4662 -9.990e-29
       3467     19.959     9.0716     8.9450   3.291594   3.291274     0.5300     0.6351     0.0062  0.1217179     19.771    30.5310    30.6365     0.0518     0.4662 -9.990e-29
       3468     19.959     9.0705     8.9432   3.291608   3.291147     0.5300     0.6352     0.0062  0.1216710     19.771    30.5321    30.6368     0.0528     0.4664 -9.990e-29
       3469     19.959     9.0687     8.9421   3.291610   3.291032     0.5300     0.6353     0.0062  0.1216270     19.771    30.5337    30.6365     0.0539     0.4666 -9.990e-29
       3470     19.959     9.0664     8.9416   3.291603   3.290929     0.5300     0.6354     0.0062  0.1215866     19.771    30.5356    30.6359     0.0550     0.4667 -9.990e-29
       3471     19.958     9.0638     8.9413   3.291587   3.290838     0.5301     0.6355     0.0062  0.1215494     19.770    30.5376    30.6352     0.0563     0.4669 -9.990e-29
       3472     19.958     9.0608     8.9411   3.291562   3.290755     0.5301     0.6356     0.0062  0.1215152     19.770    30.5399    30.6345     0.0574     0.4669 -9.990e-29
       3473     19.958     9.0573     8.9406   3.291526   3.290677     0.5301     0.6356     0.0062  0.1214837     19.770    30.5426    30.6341     0.0584     0.4667 -9.990e-29
       3474     19.958     9.0533     8.9399   3.291477   3.290602     0.5302     0.6357     0.0062  0.1214548     19.770    30.5455    30.6340     0.0598     0.4668 -9.990e-29
       3475     19.958     9.0490     8.9389   3.291416   3.290526     0.5302     0.6358     0.0062  0.1214282     19.770    30.5485    30.6341     0.0608     0.4668 -9.990e-29
       3476     19.958     9.0448     8.9374   3.291343   3.290446     0.5302     0.6358     0.0062  0.1214038     19.770    30.5514    30.6345     0.0618     0.4665 -9.990e-29
       3477     19.958     9.0410     8.9357   3.291261   3.290361     0.5303     0.6359     0.0062  0.1213813     19.770    30.5538    30.6351     0.0632     0.4664 -9.990e-29
       3478     19.958     9.0377     8.9337   3.291170   3.290269     0.5303     0.6360     0.0062  0.1213607     19.770    30.5557    30.6359     0.0642     0.4664 -9.990e-29
       3479     19.958     9.0346     8.9315   3.291072   3.290169     0.5304     0.6360     0.0062  0.1213417     19.770    30.5574    30.6367     0.0655     0.4660 -9.990e-29
       3480     19.958     9.0315     8.9292   3.290967   3.290060     0.5304     0.6361     0.0060  0.1213243     19.770    30.5589    30.6376     0.0665     0.4659 -9.990e-29
       3481     19.958     9.0280     8.9267   3.290853   3.289940     0.5305     0.6362     0.0062  0.1213083     19.770    30.5608    30.6385     0.0678     0.4658 -9.990e-29
       3482     19.958     9.0243     8.9237   3.290730   3.289809     0.5306     0.6362     0.0062  0.1212936     19.770    30.5627    30.6398     0.0691     0.4653 -9.990e-29
       3483     19.958     9.0203     8.9202   3.290595   3.289662     0.5306     0.6363     0.0062  0.1212801     19.770    30.5647    30.6413     0.0701     0.4652 -9.990e-29
       3484     19.958     9.0161     8.9161   3.290449   3.289500     0.5307     0.6363     0.0060  0.1212678     19.770    30.5668    30.6431     0.0715     0.4647 -9.990e-29
       3485     19.958     9.0115     8.9114   3.290291   3.289322     0.5308     0.6364     0.0062  0.1212564     19.770    30.5692    30.6453     0.0727     0.4645 -9.990e-29
       3486     19.958     9.0064     8.9061   3.290122   3.289126     0.5309     0.6364     0.0062  0.1212461     19.770    30.5718    30.6479     0.0740     0.4640 -9.990e-29
       3487     19.958     9.0006     8.9003   3.289946   3.288913     0.5310     0.6365     0.0062  0.1212366     19.770    30.5750    30.6507     0.0752     0.4637 -9.990e-29
       3488     19.958     8.9944     8.8942   3.289761   3.288682     0.5311     0.6365     0.0062  0.1212279     19.770    30.5784    30.6536     0.0765     0.4632 -9.990e-29
       3489     19.957     8.9881     8.8877   3.289571   3.288430     0.5312     0.6365     0.0062  0.1212199     19.769    30.5819    30.6566     0.0777     0.4627 -9.990e-29
       3490     19.957     8.9818     8.8809   3.289374   3.288158     0.5314     0.6365     0.0062  0.1212127     19.769    30.5852    30.6596     0.0792     0.4622 -9.990e-29
       3491     19.957     8.9754     8.8738   3.289169   3.287865     0.5315     0.6366     0.0062  0.1212061     19.769    30.5886    30.6627     0.0803     0.4620 -9.990e-29
       3492     19.957     8.9690     8.8668   3.288957   3.287552     0.5316     0.6366     0.0062  0.1212001     19.769    30.5920    30.6656     0.0815     0.4614 -9.990e-29
       3493     19.957     8.9626     8.8599   3.288737   3.287221     0.5318     0.6366     0.0060  0.1211947     19.769    30.5952    30.6681     0.0830     0.4609 -9.990e-29
       3494     19.957     8.9561     8.8531   3.288508   3.286872     0.5319     0.6366     0.0062  0.1211898     19.769    30.5984    30.6704     0.0841     0.4603 -9.990e-29
       3495     19.957     8.9497     8.8463   3.288272   3.286504     0.5321     0.6366     0.0062  0.1211854     19.769    30.6015    30.6724     0.0855     0.4597 -9.990e-29
       3496     19.957     8.9432     8.8393   3.288028   3.286116     0.5322     0.6366     0.0062  0.1211814     19.769    30.6046    30.6745     0.0866     0.4592 -9.990e-29
       3497     19.956     8.9366     8.8321   3.287777   3.285709     0.5324     0.6366     0.0062  0.1211779     19.768    30.6077    30.6765     0.0879     0.4587 -9.990e-29
       3498     19.956     8.9298     8.8243   3.287519   3.285284     0.5325     0.6366     0.0062  0.1211747     19.768    30.6109    30.6788     0.0889     0.4581 -9.990e-29
       3499     19.956     8.9228     8.8162   3.287254   3.284849     0.5327     0.6366     0.0062  0.1211720     19.768    30.6142    30.6813     0.0903     0.4576 -9.990e-29
       3500     19.956     8.9157     8.8082   3.286982   3.284412     0.5329     0.6365     0.0062  0.1211696     19.768    30.6175    30.6837     0.0916     0.4567 -9.990e-29
       3501     19.955     8.9083     8.8004   3.286704   3.283978     0.5330     0.6365     0.0062  0.1211676     19.767    30.6210    30.6860     0.0925     0.4562 -9.990e-29
       3502     19.955     8.9008     8.7930   3.286419   3.283551     0.5332     0.6365     0.0062  0.1211658     19.767    30.6245    30.6880     0.0938     0.4556 -9.990e-29
       3503     19.955     8.8933     8.7857   3.286130   3.283133     0.5334     0.6364     0.0062  0.1211645     19.767    30.6280    30.6900     0.0949     0.4548 -9.990e-29
       3504     19.955     8.8858     8.7786   3.285837   3.282724     0.5336     0.6364     0.0062  0.1211634     19.767    30.6314    30.6919     0.0961     0.4542 -9.990e-29
       3505     19.955     8.8784     8.7715   3.285543   3.282325     0.5338     0.6364     0.0062  0.1211626     19.767    30.6348    30.6939     0.0971     0.4537 -9.990e-29
       3506     19.955     8.8711     8.7647   3.285250   3.281938     0.5340     0.6363     0.0062  0.1211622     19.767    30.6381    30.6958     0.0982     0.4528 -9.990e-29
       3507     19.954     8.8640     8.7584   3.284959   3.281564     0.5342     0.6362     0.0062  0.1211620     19.767    30.6412    30.6973     0.0991     0.4520 -9.990e-29
       3508     19.954     8.8572     8.7526   3.284674   3.281203     0.5344     0.6362     0.0062  0.1211621     19.767    30.6441    30.6986     0.1001     0.4515 -9.990e-29
       3509     19.954     8.8507     8.7471   3.284394   3.280854     0.5345     0.6361     0.0060  0.1211625     19.767    30.6468    30.6998     0.1006     0.4506 -9.990e-29
       3510     19.954     8.8445     8.7420   3.284120   3.280517     0.5347     0.6360     0.0062  0.1211632     19.767    30.6493    30.7007     0.1014     0.4498 -9.990e-29
       3511     19.954     8.8386     8.7374   3.283853   3.280191     0.5349     0.6360     0.0062  0.1211642     19.767    30.6517    30.7013     0.1022     0.4493 -9.990e-29
       3512     19.953     8.8330     8.7334   3.283591   3.279878     0.5351     0.6359     0.0062  0.1211656     19.766    30.6538    30.7015     0.1029     0.4485 -9.990e-29
       3513     19.953     8.8278     8.7299   3.283337   3.279577     0.5353     0.6358     0.0062  0.1211672     19.766    30.6557    30.7014     0.1035     0.4477 -9.990e-29
       3514     19.953     8.8231     8.7267   3.283093   3.279285     0.5355     0.6357     0.0062  0.1211692     19.766    30.6572    30.7012     0.1041     0.4469 -9.990e-29
       3515     19.953     8.8190     8.7235   3.282859   3.279003     0.5356     0.6357     0.0062  0.1211715     19.766    30.6583    30.7010     0.1044     0.4463 -9.990e-29
       3516     19.952     8.8156     8.7202   3.282637   3.278728     0.5358     0.6356     0.0062  0.1211742     19.765    30.6590    30.7010     0.1049     0.4455 -9.990e-29
       3517     19.952     8.8126     8.7166   3.282426   3.278458     0.5360     0.6355     0.0062  0.1211772     19.765    30.6594    30.7014     0.1053     0.4448 -9.990e-29
       3518     19.952     8.8101     8.7127   3.282227   3.278193     0.5362     0.6354     0.0062  0.1211807     19.765    30.6595    30.7020     0.1057     0.4440 -9.990e-29
       3519     19.952     8.8078     8.7086   3.282039   3.277930     0.5364     0.6353     0.0062  0.1211846     19.765    30.6595    30.7028     0.1061     0.4432 -9.990e-29
       3520     19.952     8.8057     8.7045   3.281861   3.277667     0.5365     0.6353     0.0062  0.1211889     19.765    30.6595    30.7036     0.1061     0.4427 -9.990e-29
       3521     19.951     8.8039     8.7004   3.281695   3.277404     0.5367     0.6352     0.0062  0.1211937     19.764    30.6593    30.7045     0.1064     0.4420 -9.990e-29
       3522     19.951     8.8022     8.6965   3.281541   3.277141     0.5369     0.6350     0.0062  0.1211991     19.764    30.6592    30.7051     0.1067     0.4409 -9.990e-29
       3523     19.951     8.8006     8.6928   3.281397   3.276880     0.5371     0.6349     0.0062  0.1212050     19.764    30.6591    30.7056     0.1069     0.4401 -9.990e-29
       3524     19.950     8.7991     8.6893   3.281262   3.276624     0.5373     0.6348     0.0062  0.1212114     19.763    30.6590    30.7060     0.1071     0.4394 -9.990e-29
       3525     19.950     8.7977     8.6861   3.281136   3.276372     0.5375     0.6347     0.0062  0.1212186     19.763    30.6589    30.7062     0.1074     0.4387 -9.990e-29
