data/2021/ctd_data_day1/Station 3ex 210921.cnv
* Sea-Bird SBE 9 Data File:
* FileName = C:\Users\CTD-User\Desktop\MAR440\Station 3ex 210921.hex
* Software Version Seasave V 7.26.2.13
* Temperature SN = 6313
* Conductivity SN = 4758
* Number of Bytes Per Scan = 30
* Number of Voltage Words = 4
* Number of Scans Averaged by the Deck Unit = 1
* NMEA baud rate = 4800
** Ship:
** Station:
** Operator:
# nquan = 11
# nvalues = 3026                                  
# units = specified
# name 0 = scan: Scan Count
# name 1 = prDM: Pressure, Digiquartz [db]
# name 2 = t090C: Temperature [ITS-90, deg C]
# name 3 = t190C: Temperature, 2 [ITS-90, deg C]
# name 4 = c0S/m: Conductivity [S/m]
# name 5 = c1S/m: Conductivity, 2 [S/m]
# name 6 = sbeox0V: Oxygen raw, SBE 43 [V]
# name 7 = sbeox1V: Oxygen raw, SBE 43, 2 [V]
# name 8 = flECO-AFL: Fluorescence, WET Labs ECO-AFL/FL [mg/m^3]
# name 9 = upoly0: Upoly 0, Turbidity
# name 10 = flag:  0.000e+00
# span 0 =          1,       3026                 
# span 1 =      0.398,     13.226                 
# span 2 =    11.9233,    16.1619                 
# span 3 =    11.8952,    16.1632                 
# span 4 =  -0.000629,   3.418605                 
# span 5 =   0.068124,   3.418735                 
# span 6 =     1.3393,     3.2662                 
# span 7 =     1.3833,     3.1099                 
# span 8 =     0.0035,     0.0441                 
# span 9 =  0.0800940,  0.1890073                 
# span 10 = 0.0000e+00, 0.0000e+00                
# interval = seconds: 0.0416667
# start_time = Sep 21 2021 12:03:19 [System UTC, header]
# bad_flag = -9.990e-29
*END*
[from data line 2361]
       2362      3.618    15.1543    15.2234   2.958335   2.969652     2.8522     2.7997     0.0048  0.1733785  0.000e+00
       2363      3.643    15.1526    15.2238   2.958092   2.969915     2.8522     2.7997     0.0048  0.1733785  0.000e+00
       2364      3.618    15.1547    15.2183   2.958119   2.969423     2.8547     2.7997     0.0048  0.1743553  0.000e+00
       2365      3.643    15.1575    15.2069   2.958324   2.967900     2.8522     2.7985     0.0048  0.1743553  0.000e+00
       2366      3.684    15.1602    15.1955   2.958748   2.965934     2.8510     2.7985     0.0048  0.1733785  0.000e+00
       2367      3.709    15.1636    15.1879   2.959201   2.964504     2.8510     2.7985     0.0048  0.1738669  0.000e+00
       2368      3.742    15.1669    15.1829   2.959620   2.963800     2.8535     2.7985     0.0048  0.1733785  0.000e+00
       2369      3.709    15.1677    15.1880   2.959846   2.963669     2.8547     2.7985     0.0048  0.1743553  0.000e+00
       2370      3.766    15.1626    15.1898   2.959554   2.963964     2.8522     2.7985     0.0048  0.1743553  0.000e+00
       2371      3.799    15.1555    15.1868   2.958599   2.964057     2.8510     2.7985     0.0048  0.1733785  0.000e+00
       2372      3.766    15.1538    15.1846   2.957739   2.963746     2.8522     2.7985     0.0048  0.1743553  0.000e+00
       2373      3.865    15.1536    15.1822   2.957468   2.963418     2.8547     2.7985     0.0048  0.1743553  0.000e+00
       2374      3.832    15.1568    15.1797   2.957706   2.962971     2.8547     2.7985     0.0048  0.1743553  0.000e+00
       2375      3.865    15.1627    15.1768   2.958296   2.962414     2.8547     2.7985     0.0048  0.1733785  0.000e+00
       2376      3.890    15.1680    15.1702   2.959118   2.961956     2.8547     2.7997     0.0048  0.1733785  0.000e+00
       2377      3.890    15.1736    15.1657   2.959979   2.961296     2.8535     2.7997     0.0048  0.1733785  0.000e+00
       2378      3.923    15.1733    15.1641   2.960691   2.960887     2.8547     2.7997     0.0048  0.1733785  0.000e+00
       2379      3.955    15.1692    15.1642   2.960669   2.960799     2.8535     2.7997     0.0049  0.1733785  0.000e+00
       2380      3.988    15.1640    15.1667   2.960067   2.961072     2.8535     2.7997     0.0049  0.1733785  0.000e+00
       2381      3.955    15.1636    15.1675   2.959372   2.961127     2.8547     2.7997     0.0049  0.1728901  0.000e+00
       2382      4.046    15.1689    15.1683   2.959427   2.961176     2.8535     2.7997     0.0049  0.1733785  0.000e+00
       2383      4.013    15.1746    15.1695   2.960144   2.961258     2.8547     2.7997     0.0049  0.1728901  0.000e+00
       2384      4.071    15.1807    15.1697   2.960856   2.961427     2.8547     2.7997     0.0049  0.1728901  0.000e+00
       2385      4.046    15.1849    15.1702   2.961579   2.961536     2.8535     2.7997     0.0049  0.1733785  0.000e+00
       2386      4.136    15.1870    15.1690   2.962115   2.961558     2.8547     2.7997     0.0049  0.1733785  0.000e+00
       2387      4.112    15.2095    15.1676   2.963119   2.961285     2.8547     2.7997     0.0049  0.1733785  0.000e+00
       2388      4.136    15.2295    15.1676   2.966112   2.961181     2.8547     2.7997     0.0049  0.1728901  0.000e+00
       2389      4.112    15.2410    15.1691   2.969288   2.961230     2.8535     2.7997     0.0049  0.1733785  0.000e+00
       2390      4.194    15.2483    15.1708   2.971061   2.961460     2.8547     2.7997     0.0049  0.1728901  0.000e+00
       2391      4.194    15.2501    15.1742   2.971542   2.961858     2.8535     2.7985     0.0049  0.1733785  0.000e+00
       2392      4.227    15.2563    15.1753   2.971824   2.962152     2.8547     2.7997     0.0049  0.1733785  0.000e+00
       2393      4.194    15.2754    15.1759   2.973101   2.962174     2.8547     2.7985     0.0049  0.1728901  0.000e+00
       2394      4.293    15.2884    15.1826   2.975301   2.962409     2.8547     2.7985     0.0049  0.1728901  0.000e+00
       2395      4.260    15.2875    15.1887   2.976755   2.963380     2.8547     2.7985     0.0049  0.1728901  0.000e+00
       2396      4.350    15.2741    15.2035   2.976440   2.965094     2.8547     2.7985     0.0049  0.1728901  0.000e+00
       2397      4.317    15.2498    15.2250   2.974903   2.968020     2.8547     2.7985     0.0049  0.1728901  0.000e+00
       2398      4.317    15.2282    15.2374   2.971929   2.970794     2.8547     2.7985     0.0049  0.1728901  0.000e+00
       2399      4.350    15.2154    15.2354   2.969034   2.971329     2.8547     2.7973     0.0049  0.1733785  0.000e+00
       2400      4.375    15.2025    15.2328   2.967112   2.970368     2.8522     2.7973     0.0049  0.1733785  0.000e+00
       2401      4.474    15.1876    15.2381   2.965328   2.970401     2.8522     2.7973     0.0049  0.1728901  0.000e+00
       2402      4.375    15.1768    15.2410   2.963357   2.971253     2.8547     2.7961     0.0049  0.1733785  0.000e+00
       2403      4.474    15.1680    15.2366   2.961596   2.971319     2.8522     2.7961     0.0049  0.1728901  0.000e+00
       2404      4.441    15.1628    15.2374   2.960398   2.971171     2.8510     2.7961     0.0049  0.1728901  0.000e+00
       2405      4.499    15.1613    15.2343   2.959803   2.971166     2.8522     2.7961     0.0048  0.1724017  0.000e+00
       2406      4.531    15.1628    15.2237   2.959758   2.970445     2.8522     2.7949     0.0048  0.1719133  0.000e+00
       2407      4.498    15.1651    15.2098   2.959946   2.968632     2.8535     2.7949     0.0048  0.1719133  0.000e+00
       2408      4.597    15.1694    15.1995   2.960310   2.966682     2.8522     2.7949     0.0048  0.1719133  0.000e+00
       2409      4.564    15.1724    15.1940   2.960829   2.965432     2.8510     2.7949     0.0048  0.1719133  0.000e+00
       2410      4.597    15.1773    15.1890   2.961171   2.964668     2.8510     2.7936     0.0048  0.1719133  0.000e+00
       2411      4.622    15.1832    15.1828   2.961900   2.963959     2.8522     2.7936     0.0048  0.1719133  0.000e+00
       2412      4.622    15.1841    15.1770   2.962821   2.963206     2.8522     2.7924     0.0048  0.1719133  0.000e+00
       2413      4.655    15.1829    15.1710   2.963142   2.962371     2.8522     2.7924     0.0048  0.1724017  0.000e+00
       2414      4.680    15.1900    15.1657   2.963147   2.961394     2.8498     2.7924     0.0048  0.1719133  0.000e+00
       2415      4.721    15.2078    15.1654   2.964384   2.960914     2.8510     2.7924     0.0048  0.1719133  0.000e+00
       2416      4.745    15.2159    15.1663   2.966333   2.960947     2.8522     2.7924     0.0048  0.1719133  0.000e+00
       2417      4.679    15.2217    15.1669   2.967708   2.961018     2.8522     2.7924     0.0048  0.1719133  0.000e+00
       2418      4.778    15.2339    15.1795   2.968830   2.961820     2.8510     2.7912     0.0048  0.1724017  0.000e+00
       2419      4.803    15.2486    15.1998   2.970454   2.964253     2.8510     2.7912     0.0048  0.1719133  0.000e+00
       2420      4.778    15.2622    15.2130   2.972476   2.966841     2.8522     2.7912     0.0048  0.1724017  0.000e+00
       2421      4.869    15.2690    15.2169   2.974124   2.967949     2.8522     2.7912     0.0048  0.1719133  0.000e+00
       2422      4.844    15.2715    15.2198   2.975036   2.968359     2.8522     2.7912     0.0048  0.1719133  0.000e+00
       2423      4.869    15.2749    15.2320   2.975854   2.969937     2.8522     2.7912     0.0048  0.1719133  0.000e+00
       2424      4.869    15.2737    15.2481   2.976280   2.972968     2.8522     2.7900     0.0048  0.1719133  0.000e+00
       2425      4.959    15.2671    15.2618   2.975882   2.975449     2.8522     2.7900     0.0048  0.1719133  0.000e+00
       2426      4.926    15.2703    15.2649   2.975301   2.976154     2.8547     2.7900     0.0048  0.1719133  0.000e+00
       2427      4.901    15.2793    15.2552   2.975495   2.975274     2.8522     2.7900     0.0048  0.1719133  0.000e+00
       2428      4.992    15.2878    15.2464   2.976778   2.973673     2.8510     2.7900     0.0048  0.1719133  0.000e+00
       2429      4.992    15.3019    15.2564   2.978155   2.973564     2.8498     2.7900     0.0048  0.1719133  0.000e+00
       2430      5.083    15.3070    15.2868   2.979194   2.976635     2.8510     2.7900     0.0048  0.1699597  0.000e+00
       2431      4.992    15.3187    15.3097   2.979908   2.980473     2.8522     2.7888     0.0048  0.1670293  0.000e+00
       2432      5.083    15.3358    15.3073   2.981745   2.981666     2.8510     2.7888     0.0048  0.1665409  0.000e+00
       2433      5.107    15.3522    15.2834   2.984302   2.979156     2.8498     2.7888     0.0048  0.1665409  0.000e+00
       2434      5.083    15.3707    15.2644   2.986959   2.975958     2.8498     2.7888     0.0048  0.1670293  0.000e+00
       2435      5.107    15.3881    15.2793   2.989888   2.976433     2.8498     2.7875     0.0048  0.1665409  0.000e+00
       2436      5.173    15.4028    15.3155   2.992625   2.980616     2.8510     2.7875     0.0048  0.1670293  0.000e+00
       2437      5.148    15.4121    15.3401   2.994942   2.984997     2.8486     2.7875     0.0048  0.1670293  0.000e+00
       2438      5.231    15.4245    15.3593   2.996499   2.988013     2.8486     2.7875     0.0048  0.1670293  0.000e+00
       2439      5.206    15.4548    15.3783   2.998733   2.990663     2.8474     2.7863     0.0048  0.1665409  0.000e+00
       2440      5.231    15.4781    15.4013   3.002527   2.993532     2.8498     2.7863     0.0048  0.1670293  0.000e+00
       2441      5.231    15.4816    15.4289   3.005269   2.997779     2.8486     2.7863     0.0048  0.1670293  0.000e+00
       2442      5.264    15.4950    15.4456   3.006501   3.001463     2.8474     2.7863     0.0048  0.1670293  0.000e+00
       2443      5.297    15.5258    15.4577   3.008893   3.003958     2.8474     2.7863     0.0048  0.1670293  0.000e+00
       2444      5.329    15.5599    15.4645   3.013192   3.005543     2.8474     2.7863     0.0048  0.1670293  0.000e+00
       2445      5.354    15.5848    15.4634   3.018098   3.006119     2.8486     2.7863     0.0048  0.1665409  0.000e+00
       2446      5.354    15.5974    15.4685   3.022163   3.006383     2.8486     2.7863     0.0048  0.1670293  0.000e+00
       2447      5.387    15.6091    15.4862   3.024783   3.008600     2.8474     2.7851     0.0048  0.1670293  0.000e+00
       2448      5.412    15.6177    15.5204   3.026563   3.013266     2.8461     2.7851     0.0048  0.1665409  0.000e+00
       2449      5.387    15.6224    15.5510   3.028083   3.018468     2.8461     2.7851     0.0048  0.1665409  0.000e+00
       2450      5.478    15.6228    15.5750   3.028934   3.022519     2.8486     2.7851     0.0048  0.1665409  0.000e+00
       2451      5.478    15.6249    15.5915   3.029218   3.025263     2.8474     2.7851     0.0048  0.1670293  0.000e+00
       2452      5.510    15.6277    15.6012   3.029597   3.027045     2.8461     2.7851     0.0048  0.1670293  0.000e+00
       2453      5.477    15.6307    15.6085   3.030231   3.028359     2.8449     2.7851     0.0048  0.1665409  0.000e+00
       2454      5.510    15.6335    15.6173   3.030743   3.029757     2.8461     2.7851     0.0048  0.1665409  0.000e+00
       2455      5.601    15.6346    15.6241   3.031211   3.030962     2.8474     2.7839     0.0048  0.1665409  0.000e+00
       2456      5.535    15.6348    15.6289   3.031545   3.031997     2.8461     2.7839     0.0048  0.1616569  0.000e+00
       2457      5.634    15.6353    15.6320   3.031846   3.032635     2.8449     2.7839     0.0048  0.1592149  0.000e+00
       2458      5.601    15.6364    15.6325   3.032197   3.032817     2.8449     2.7839     0.0048  0.1592149  0.000e+00
       2459      5.691    15.6348    15.6318   3.032392   3.032735     2.8461     2.7839     0.0048  0.1592149  0.000e+00
       2460      5.659    15.6313    15.6325   3.032047   3.032641     2.8461     2.7839     0.0048  0.1597033  0.000e+00
       2461      5.658    15.6275    15.6325   3.031456   3.032619     2.8461     2.7839     0.0048  0.1597033  0.000e+00
       2462      5.691    15.6248    15.6311   3.030732   3.032569     2.8449     2.7839     0.0048  0.1597033  0.000e+00
       2463      5.724    15.6265    15.6282   3.030376   3.032228     2.8449     2.7839     0.0048  0.1597033  0.000e+00
       2464      5.757    15.6282    15.6260   3.030510   3.031650     2.8461     2.7839     0.0048  0.1597033  0.000e+00
       2465      5.782    15.6287    15.6240   3.030849   3.031364     2.8461     2.7839     0.0048  0.1597033  0.000e+00
       2466      5.782    15.6285    15.6248   3.031089   3.031254     2.8449     2.7839     0.0048  0.1597033  0.000e+00
       2467      5.815    15.6284    15.6262   3.031072   3.031408     2.8449     2.7839     0.0048  0.1597033  0.000e+00
       2468      5.840    15.6275    15.6282   3.031200   3.031865     2.8449     2.7839     0.0048  0.1597033  0.000e+00
       2469      5.881    15.6278    15.6303   3.031206   3.032322     2.8474     2.7839     0.0048  0.1597033  0.000e+00
       2470      5.839    15.6307    15.6325   3.031406   3.032652     2.8474     2.7839     0.0048  0.1597033  0.000e+00
       2471      5.905    15.6326    15.6324   3.031852   3.032894     2.8461     2.7839     0.0048  0.1597033  0.000e+00
       2472      5.938    15.6331    15.6315   3.032314   3.032790     2.8461     2.7839     0.0048  0.1592149  0.000e+00
       2473      5.963    15.6338    15.6311   3.032531   3.032625     2.8461     2.7839     0.0048  0.1597033  0.000e+00
       2474      5.938    15.6336    15.6310   3.032525   3.032652     2.8474     2.7839     0.0048  0.1597033  0.000e+00
       2475      6.029    15.6328    15.6303   3.032386   3.032614     2.8461     2.7839     0.0048  0.1597033  0.000e+00
       2476      5.963    15.6328    15.6298   3.032325   3.032564     2.8461     2.7839     0.0048  0.1597033  0.000e+00
       2477      6.062    15.6326    15.6374   3.032487   3.033296     2.8449     2.7827     0.0048  0.1597033  0.000e+00
       2478      6.029    15.6345    15.6579   3.032687   3.035746     2.8449     2.7827     0.0048  0.1592149  0.000e+00
       2479      6.062    15.6364    15.6726   3.033244   3.039018     2.8461     2.7827     0.0048  0.1597033  0.000e+00
       2480      6.086    15.6360    15.6778   3.033556   3.041227     2.8449     2.7827     0.0048  0.1597033  0.000e+00
       2481      6.144    15.6399    15.6833   3.033584   3.042291     2.8437     2.7827     0.0049  0.1543309  0.000e+00
       2482      6.119    15.6512    15.6942   3.034213   3.043641     2.8437     2.7814     0.0049  0.1479817  0.000e+00
       2483      6.144    15.6619    15.7053   3.035945   3.045549     2.8449     2.7814     0.0049  0.1470049  0.000e+00
       2484      6.243    15.6743    15.7103   3.038196   3.047109     2.8449     2.7814     0.0049  0.1470049  0.000e+00
       2485      6.144    15.6923    15.7125   3.040632   3.047882     2.8425     2.7802     0.0049  0.1470049  0.000e+00
       2486      6.210    15.7235    15.7210   3.044105   3.049034     2.8412     2.7790     0.0049  0.1470049  0.000e+00
       2487      6.243    15.7548    15.7436   3.049427   3.052063     2.8400     2.7790     0.0049  0.1470049  0.000e+00
       2488      6.267    15.7779    15.7688   3.055021   3.056909     2.8412     2.7778     0.0049  0.1470049  0.000e+00
       2489      6.267    15.7932    15.7928   3.059126   3.061532     2.8412     2.7766     0.0049  0.1470049  0.000e+00
       2490      6.366    15.8047    15.8118   3.061579   3.065262     2.8400     2.7753     0.0049  0.1470049  0.000e+00
       2491      6.333    15.8140    15.8236   3.063446   3.067810     2.8364     2.7753     0.0049  0.1470049  0.000e+00
