data/2021/ctd_data_day1/Station 2ex 210921.cnv
* Sea-Bird SBE 9 Data File:
* FileName = C:\Users\CTD-User\Desktop\MAR440\Station 2ex 210921.hex
* Software Version Seasave V 7.26.2.13
* Temperature SN = 6313
* Conductivity SN = 4758
* Number of Bytes Per Scan = 30
* Number of Voltage Words = 4
* Number of Scans Averaged by the Deck Unit = 1
* NMEA baud rate = 4800
** Ship:
** Station:
** Operator:
# nquan = 11
# nvalues = 3819                                  
# units = specified
# name 0 = scan: Scan Count
# name 1 = prDM: Pressure, Digiquartz [db]
# name 2 = t090C: Temperature [ITS-90, deg C]
# name 3 = t190C: Temperature, 2 [ITS-90, deg C]
# name 4 = c0S/m: Conductivity [S/m]
# name 5 = c1S/m: Conductivity, 2 [S/m]
# name 6 = sbeox0V: Oxygen raw, SBE 43 [V]
# name 7 = sbeox1V: Oxygen raw, SBE 43, 2 [V]
# name 8 = flECO-AFL: Fluorescence, WET Labs ECO-AFL/FL [mg/m^3]
# name 9 = upoly0: Upoly 0, Turbidity
# name 10 = flag:  0.000e+00
# span 0 =          1,       3819                 
# span 1 =      0.200,     24.037                 
# span 2 =    13.0098,    16.1645                 
# span 3 =    13.0064,    16.1714                 
# span 4 =   2.855411,   3.803823                 
# span 5 =   2.857473,   3.804921                 
# span 6 =     0.9315,     2.9243                 
# span 7 =     1.0304,     2.8791                 
# span 8 =     0.0033,     0.0101                 
# span 9 =  0.0869316,  0.2349170                 
# span 10 = 0.0000e+00, 0.0000e+00                
# interval = seconds: 0.0416667
# start_time = Sep 21 2021 11:43:06 [System UTC, header]
# bad_flag = -9.990e-29
*END*
[from data line 3279]
       3280     23.121    13.4699    13.4775   3.783566   3.781874     0.9547     1.0951     0.0073  0.0883968  0.000e+00
       3281     23.121    13.4664    13.4797   3.783706   3.781904     0.9547     1.0951     0.0073  0.0883968  0.000e+00
       3282     23.178    13.4663    13.4807   3.783888   3.781742     0.9534     1.0939     0.0073  0.0883968  0.000e+00
       3283     23.121    13.4673    13.4810   3.783991   3.781748     0.9534     1.0939     0.0073  0.0883968  0.000e+00
       3284     23.121    13.4678    13.4807   3.783857   3.781670     0.9547     1.0927     0.0073  0.0883968  0.000e+00
       3285     23.121    13.4684    13.4802   3.783584   3.781622     0.9547     1.0927     0.0073  0.0883968  0.000e+00
       3286     23.121    13.4703    13.4800   3.783408   3.781508     0.9547     1.0914     0.0073  0.0883968  0.000e+00
       3287     23.121    13.4704    13.4797   3.782923   3.781382     0.9522     1.0914     0.0073  0.0883968  0.000e+00
       3288     23.178    13.4703    13.4789   3.782522   3.781113     0.9522     1.0914     0.0073  0.0883968  0.000e+00
       3289     23.121    13.4704    13.4782   3.782340   3.780969     0.9534     1.0902     0.0073  0.0883968  0.000e+00
       3290     23.121    13.4689    13.4775   3.782134   3.780993     0.9522     1.0902     0.0073  0.0883968  0.000e+00
       3291     23.121    13.4673    13.4767   3.781977   3.780939     0.9522     1.0890     0.0073  0.0883968  0.000e+00
       3292     23.121    13.4646    13.4772   3.781716   3.780987     0.9522     1.0890     0.0073  0.0883968  0.000e+00
       3293     23.121    13.4616    13.4780   3.781497   3.780963     0.9547     1.0878     0.0073  0.0883968  0.000e+00
       3294     23.121    13.4602    13.4782   3.781370   3.781017     0.9522     1.0878     0.0073  0.0883968  0.000e+00
       3295     23.121    13.4602    13.4782   3.781273   3.780897     0.9510     1.0878     0.0073  0.0883968  0.000e+00
       3296     23.121    13.4601    13.4790   3.781097   3.780969     0.9510     1.0866     0.0073  0.0883968  0.000e+00
       3297     23.178    13.4597    13.4797   3.781146   3.780915     0.9510     1.0866     0.0073  0.0883968  0.000e+00
       3298     23.104    13.4607    13.4799   3.780903   3.780903     0.9522     1.0853     0.0073  0.0883968  0.000e+00
       3299     23.121    13.4621    13.4797   3.780812   3.780891     0.9510     1.0853     0.0073  0.0883968  0.000e+00
       3300     23.121    13.4626    13.4798   3.780587   3.780849     0.9498     1.0853     0.0073  0.0883968  0.000e+00
       3301     23.121    13.4629    13.4800   3.780387   3.780699     0.9498     1.0841     0.0073  0.0888852  0.000e+00
       3302     23.121    13.4631    13.4812   3.780272   3.780717     0.9498     1.0841     0.0073  0.0893736  0.000e+00
       3303     23.121    13.4632    13.4819   3.780193   3.780621     0.9510     1.0829     0.0073  0.0893736  0.000e+00
       3304     23.121    13.4642    13.4819   3.780108   3.780729     0.9510     1.0829     0.0073  0.0888852  0.000e+00
       3305     23.121    13.4653    13.4810   3.779957   3.780657     0.9498     1.0817     0.0073  0.0893736  0.000e+00
       3306     23.121    13.4659    13.4800   3.779841   3.780711     0.9498     1.0817     0.0073  0.0893736  0.000e+00
       3307     23.121    13.4659    13.4792   3.779762   3.780615     0.9498     1.0817     0.0073  0.0893736  0.000e+00
       3308     23.121    13.4666    13.4775   3.779696   3.780657     0.9498     1.0817     0.0073  0.0893736  0.000e+00
       3309     23.121    13.4683    13.4760   3.779756   3.780555     0.9498     1.0805     0.0073  0.0893736  0.000e+00
       3310     23.121    13.4698    13.4770   3.780078   3.780567     0.9498     1.0805     0.0073  0.0893736  0.000e+00
       3311     23.121    13.4723    13.4829   3.780078   3.780303     0.9486     1.0805     0.0073  0.0893736  0.000e+00
       3312     23.121    13.4761    13.4874   3.779841   3.780291     0.9498     1.0792     0.0073  0.0893736  0.000e+00
       3313     23.121    13.4776    13.4861   3.779301   3.780213     0.9510     1.0792     0.0073  0.0893736  0.000e+00
       3314     23.121    13.4776    13.4861   3.778847   3.780111     0.9498     1.0792     0.0073  0.0893736  0.000e+00
       3315     23.120    13.4773    13.4883   3.778501   3.779931     0.9498     1.0792     0.0073  0.0893736  0.000e+00
       3316     23.120    13.4781    13.4893   3.778295   3.779811     0.9498     1.0780     0.0073  0.0893736  0.000e+00
       3317     23.104    13.4798    13.4881   3.778325   3.779607     0.9498     1.0780     0.0073  0.0893736  0.000e+00
       3318     23.055    13.4793    13.4864   3.778373   3.779721     0.9498     1.0768     0.0073  0.0893736  0.000e+00
       3319     23.120    13.4781    13.4859   3.778361   3.779505     0.9486     1.0768     0.0073  0.0893736  0.000e+00
       3320     23.120    13.4770    13.4863   3.778325   3.779266     0.9498     1.0768     0.0073  0.0893736  0.000e+00
       3321     23.120    13.4765    13.4859   3.778343   3.778894     0.9498     1.0768     0.0073  0.0893736  0.000e+00
       3322     23.120    13.4758    13.4851   3.778404   3.778612     0.9498     1.0756     0.0073  0.0893736  0.000e+00
       3323     23.120    13.4743    13.4841   3.778319   3.778282     0.9498     1.0756     0.0073  0.0893736  0.000e+00
       3324     23.120    13.4745    13.4848   3.778137   3.778042     0.9498     1.0756     0.0073  0.0893736  0.000e+00
       3325     23.120    13.4753    13.4873   3.777961   3.777791     0.9486     1.0743     0.0073  0.0893736  0.000e+00
       3326     23.054    13.4756    13.4910   3.777943   3.777701     0.9498     1.0743     0.0073  0.0893736  0.000e+00
       3327     23.120    13.4760    13.4955   3.777828   3.777862     0.9498     1.0743     0.0077  0.0888852  0.000e+00
       3328     23.120    13.4775    13.4948   3.777713   3.777976     0.9498     1.0731     0.0077  0.0888852  0.000e+00
       3329     23.120    13.4788    13.4916   3.777712   3.778366     0.9498     1.0731     0.0077  0.0888852  0.000e+00
       3330     23.120    13.4785    13.4881   3.777694   3.778540     0.9498     1.0731     0.0077  0.0888852  0.000e+00
       3331     23.054    13.4766    13.4868   3.777713   3.778852     0.9498     1.0731     0.0075  0.0888852  0.000e+00
       3332     23.120    13.4746    13.4864   3.777894   3.779050     0.9510     1.0719     0.0077  0.0888852  0.000e+00
       3333     23.120    13.4729    13.4856   3.778028   3.779158     0.9498     1.0719     0.0077  0.0888852  0.000e+00
       3334     23.120    13.4713    13.4848   3.778180   3.779062     0.9486     1.0719     0.0077  0.0888852  0.000e+00
       3335     23.104    13.4714    13.4835   3.778319   3.779116     0.9486     1.0719     0.0077  0.0888852  0.000e+00
       3336     23.120    13.4713    13.4824   3.778701   3.779206     0.9498     1.0707     0.0077  0.0888852  0.000e+00
       3337     23.120    13.4716    13.4819   3.778816   3.779098     0.9510     1.0707     0.0077  0.0888852  0.000e+00
       3338     23.054    13.4724    13.4824   3.778671   3.779056     0.9498     1.0707     0.0077  0.0888852  0.000e+00
       3339     23.120    13.4743    13.4824   3.778246   3.779026     0.9498     1.0707     0.0077  0.0888852  0.000e+00
       3340     23.120    13.4805    13.4803   3.777622   3.778966     0.9498     1.0707     0.0077  0.0888852  0.000e+00
       3341     23.054    13.4912    13.4787   3.776803   3.778828     0.9498     1.0695     0.0077  0.0888852  0.000e+00
       3342     23.120    13.5026    13.4774   3.775966   3.778912     0.9510     1.0695     0.0077  0.0888852  0.000e+00
       3343     23.120    13.5187    13.4757   3.774935   3.778954     0.9498     1.0695     0.0077  0.0888852  0.000e+00
       3344     23.120    13.5278    13.4740   3.774014   3.779224     0.9498     1.0695     0.0077  0.0888852  0.000e+00
       3345     23.054    13.5282    13.4733   3.773377   3.779320     0.9486     1.0695     0.0077  0.0888852  0.000e+00
       3346     23.120    13.5230    13.4726   3.772826   3.779590     0.9510     1.0695     0.0075  0.0888852  0.000e+00
       3347     23.120    13.5182    13.4718   3.772577   3.779883     0.9498     1.0682     0.0077  0.0888852  0.000e+00
       3348     23.054    13.5180    13.4715   3.772486   3.780147     0.9498     1.0682     0.0077  0.0888852  0.000e+00
       3349     23.120    13.5190    13.4714   3.772474   3.780117     0.9486     1.0682     0.0077  0.0888852  0.000e+00
       3350     23.120    13.5167    13.4716   3.772499   3.780177     0.9498     1.0670     0.0077  0.0888852  0.000e+00
       3351     23.054    13.5148    13.4722   3.772468   3.780087     0.9498     1.0670     0.0077  0.0888852  0.000e+00
       3352     23.120    13.5156    13.4735   3.772317   3.780021     0.9498     1.0670     0.0075  0.0888852  0.000e+00
       3353     23.120    13.5139    13.4755   3.772250   3.779889     0.9498     1.0670     0.0075  0.0888852  0.000e+00
       3354     23.104    13.5110    13.4767   3.772244   3.779925     0.9498     1.0670     0.0075  0.0888852  0.000e+00
       3355     23.054    13.5105    13.4770   3.772214   3.779775     0.9498     1.0670     0.0077  0.0888852  0.000e+00
       3356     23.120    13.5110    13.4770   3.772068   3.779763     0.9498     1.0670     0.0077  0.0888852  0.000e+00
       3357     23.120    13.5121    13.4779   3.771838   3.779655     0.9498     1.0670     0.0075  0.0888852  0.000e+00
       3358     23.054    13.5165    13.4797   3.771329   3.779787     0.9486     1.0658     0.0075  0.0888852  0.000e+00
       3359     23.120    13.5237    13.4814   3.770856   3.779877     0.9486     1.0658     0.0075  0.0888852  0.000e+00
       3360     23.054    13.5285    13.4824   3.770753   3.779907     0.9486     1.0658     0.0075  0.0888852  0.000e+00
       3361     23.120    13.5312    13.4829   3.770826   3.779943     0.9498     1.0658     0.0077  0.0888852  0.000e+00
       3362     23.120    13.5340    13.4826   3.770795   3.779871     0.9498     1.0658     0.0075  0.0888852  0.000e+00
       3363     23.054    13.5332    13.4809   3.770608   3.779571     0.9498     1.0658     0.0075  0.0888852  0.000e+00
       3364     23.120    13.5285    13.4799   3.770583   3.779362     0.9498     1.0658     0.0075  0.0888852  0.000e+00
       3365     23.120    13.5190    13.4789   3.770759   3.779194     0.9498     1.0658     0.0075  0.0888852  0.000e+00
       3366     23.054    13.5118    13.4774   3.771093   3.779050     0.9498     1.0646     0.0077  0.0888852  0.000e+00
       3367     23.120    13.5106    13.4758   3.771329   3.779020     0.9498     1.0646     0.0077  0.0888852  0.000e+00
       3368     23.054    13.5143    13.4745   3.771614   3.779020     0.9486     1.0646     0.0077  0.0888852  0.000e+00
       3369     23.120    13.5124    13.4736   3.771880   3.779068     0.9473     1.0646     0.0075  0.0888852  0.000e+00
       3370     23.120    13.5047    13.4730   3.772141   3.779134     0.9498     1.0646     0.0075  0.0888852  0.000e+00
       3371     23.054    13.4984    13.4726   3.772408   3.778978     0.9498     1.0646     0.0075  0.0888852  0.000e+00
       3372     23.120    13.4942    13.4733   3.772759   3.778720     0.9498     1.0646     0.0075  0.0888852  0.000e+00
       3373     23.104    13.4925    13.4745   3.773117   3.778678     0.9473     1.0646     0.0077  0.0888852  0.000e+00
       3374     23.054    13.4914    13.4760   3.773402   3.778486     0.9498     1.0634     0.0075  0.0888852  0.000e+00
       3375     23.120    13.4903    13.4772   3.773717   3.778444     0.9498     1.0634     0.0075  0.0888852  0.000e+00
       3376     23.120    13.4892    13.4772   3.773875   3.778456     0.9498     1.0634     0.0075  0.0888852  0.000e+00
       3377     23.054    13.4887    13.4785   3.773953   3.778600     0.9473     1.0634     0.0077  0.0888852  0.000e+00
       3378     23.120    13.4882    13.4785   3.773960   3.778726     0.9461     1.0634     0.0075  0.0893736  0.000e+00
       3379     23.120    13.4883    13.4799   3.773966   3.778804     0.9473     1.0634     0.0077  0.0893736  0.000e+00
       3380     23.054    13.4898    13.4817   3.774063   3.778996     0.9486     1.0621     0.0077  0.0893736  0.000e+00
       3381     23.054    13.4912    13.4817   3.774147   3.779224     0.9473     1.0621     0.0077  0.0893736  0.000e+00
       3382     23.120    13.4892    13.4809   3.774111   3.779410     0.9461     1.0621     0.0077  0.0893736  0.000e+00
       3383     23.120    13.4880    13.4797   3.773972   3.779422     0.9473     1.0621     0.0077  0.0893736  0.000e+00
       3384     23.054    13.4868    13.4787   3.773972   3.779517     0.9473     1.0621     0.0077  0.0893736  0.000e+00
       3385     23.120    13.4858    13.4789   3.773947   3.779476     0.9498     1.0609     0.0077  0.0893736  0.000e+00
       3386     23.120    13.4850    13.4795   3.773984   3.779577     0.9473     1.0621     0.0077  0.0893736  0.000e+00
       3387     23.054    13.4843    13.4810   3.774051   3.779469     0.9461     1.0621     0.0077  0.0893736  0.000e+00
       3388     23.120    13.4850    13.4822   3.774044   3.779517     0.9461     1.0609     0.0077  0.0893736  0.000e+00
       3389     23.054    13.4858    13.4830   3.774184   3.779625     0.9461     1.0609     0.0077  0.0893736  0.000e+00
       3390     23.120    13.4860    13.4829   3.774299   3.779925     0.9461     1.0609     0.0077  0.0893736  0.000e+00
       3391     22.980    13.4857    13.4822   3.774378   3.780165     0.9461     1.0609     0.0077  0.0893736  0.000e+00
       3392     23.178    13.4855    13.4814   3.774451   3.780411     0.9449     1.0609     0.0077  0.0893736  0.000e+00
       3393     23.120    13.4852    13.4814   3.774438   3.780381     0.9449     1.0609     0.0077  0.0893736  0.000e+00
       3394     23.120    13.4850    13.4812   3.774505   3.780321     0.9461     1.0597     0.0077  0.0893736  0.000e+00
       3395     23.054    13.4850    13.4869   3.774505   3.779841     0.9461     1.0609     0.0075  0.0893736  0.000e+00
       3396     23.120    13.4858    13.4992   3.774463   3.779259     0.9449     1.0597     0.0077  0.0893736  0.000e+00
       3397     23.120    13.4877    13.5014   3.774311   3.778420     0.9437     1.0597     0.0077  0.0893736  0.000e+00
       3398     23.054    13.4893    13.5042   3.774269   3.777569     0.9449     1.0597     0.0077  0.0893736  0.000e+00
       3399     23.120    13.4898    13.5088   3.774341   3.776855     0.9461     1.0597     0.0077  0.0893736  0.000e+00
       3400     23.054    13.4893    13.5111   3.774341   3.776346     0.9449     1.0597     0.0077  0.0893736  0.000e+00
       3401     23.120    13.4897    13.5130   3.774408   3.776154     0.9437     1.0585     0.0077  0.0893736  0.000e+00
       3402     23.120    13.4908    13.5126   3.774475   3.776106     0.9437     1.0585     0.0077  0.0893736  0.000e+00
       3403     23.054    13.4934    13.5073   3.774523   3.776400     0.9449     1.0585     0.0077  0.0893736  0.000e+00
       3404     23.120    13.4950    13.5022   3.774535   3.776897     0.9437     1.0585     0.0077  0.0893736  0.000e+00
       3405     23.120    13.4972    13.5005   3.774481   3.777179     0.9437     1.0585     0.0077  0.0893736  0.000e+00
       3406     23.054    13.4997    13.4953   3.774590   3.777353     0.9425     1.0572     0.0077  0.0893736  0.000e+00
       3407     23.120    13.5009    13.4898   3.774729   3.777341     0.9425     1.0572     0.0077  0.0893736  0.000e+00
       3408     23.120    13.4994    13.4903   3.774863   3.777203     0.9425     1.0572     0.0077  0.0893736  0.000e+00
       3409     23.054    13.4959    13.4898   3.774935   3.776963     0.9449     1.0572     0.0077  0.0893736  0.000e+00
