data/2021/ctd_data_day1/Station 2ex 210921_ctm_fil_le_der.cnv
* Sea-Bird SBE 9 Data File:
* FileName = C:\Users\CTD-User\Desktop\MAR440\Station 2ex 210921.hex
* Software Version Seasave V 7.26.2.13
* Temperature SN = 6313
* Conductivity SN = 4758
* Number of Bytes Per Scan = 30
* Number of Voltage Words = 4
* Number of Scans Averaged by the Deck Unit = 1
* NMEA baud rate = 4800
** Ship:
** Station:
** Operator:
# nquan = 16                                
# nvalues = 3819                        
# units = specified
# name 0 = scan: Scan Count
# name 1 = prDM: Pressure, Digiquartz [db]
# name 2 = t090C: Temperature [ITS-90, deg C]
# name 3 = t190C: Temperature, 2 [ITS-90, deg C]
# name 4 = c0S/m: Conductivity [S/m]
# name 5 = c1S/m: Conductivity, 2 [S/m]
# name 6 = sbeox0V: Oxygen raw, SBE 43 [V]
# name 7 = sbeox1V: Oxygen raw, SBE 43, 2 [V]
# name 8 = flECO-AFL: Fluorescence, WET Labs ECO-AFL/FL [mg/m^3]
# name 9 = upoly0: Upoly 0, Turbidity
# name 10 = depSM: Depth [salt water, m], lat = 59
# name 11 = sal00: Salinity, Practical [PSU]
# name 12 = sal11: Salinity, Practical, 2 [PSU]
# name 13 = sbeox0ML/L: Oxygen, SBE 43 [ml/l], WS = 2
# name 14 = sbeox1ML/L: Oxygen, SBE 43, 2 [ml/l], WS = 2
# name 15 = flag: flag
# span 0 =          1,       3819       
# span 1 =      0.334,     23.962       
# span 2 =    13.0502,    16.1228       
# span 3 =    13.0462,    16.1243       
# span 4 =   2.856028,   3.797037       
# span 5 =   2.858521,   3.795947       
# span 6 =     0.9332,     2.9217       
# span 7 =     1.0319,     2.8775       
# span 8 =     0.0033,     0.0101       
# span 9 =  0.0875356,  0.2323405       
# span 10 =      0.331,     23.737      
# span 11 =    22.3023,    31.7843      
# span 12 =    22.4328,    31.7470      
# span 13 =     1.2220,     7.2422      
# span 14 =     1.3863,     6.2137      
# span 15 = 0.0000e+00, 0.0000e+00      
# interval = seconds: 0.0416667
# start_time = Sep 21 2021 11:43:06 [System UTC, header]
# bad_flag = -9.990e-29
*END*
[from data line 91]
         92      1.488    14.5059    14.5014   2.857359   2.858620     2.5641     2.5282     0.0057  0.2311891      1.474    22.5756    22.5892     6.1727     5.2584 -9.990e-29
         93      1.489    14.5065    14.5020   2.857297   2.858584     2.5641     2.5277     0.0057  0.2313603      1.475    22.5747    22.5885     6.1733     5.2577 -9.990e-29
         94      1.490    14.5070    14.5026   2.857234   2.858557     2.5640     2.5271     0.0057  0.2315110      1.476    22.5738    22.5879     6.1737     5.2569 -9.990e-29
         95      1.492    14.5075    14.5032   2.857171   2.858537     2.5639     2.5265     0.0057  0.2316415      1.478    22.5730    22.5874     6.1740     5.2562 -9.990e-29
         96      1.493    14.5080    14.5039   2.857106   2.858525     2.5639     2.5260     0.0057  0.2317525      1.479    22.5722    22.5869     6.1747     5.2558 -9.990e-29
         97      1.494    14.5086    14.5046   2.857040   2.858521     2.5638     2.5254     0.0057  0.2318450      1.480    22.5712    22.5864     6.1751     5.2552 -9.990e-29
         98      1.496    14.5092    14.5053   2.856974   2.858522     2.5638     2.5249     0.0057  0.2319203      1.482    22.5703    22.5860     6.1759     5.2549 -9.990e-29
         99      1.498    14.5097    14.5061   2.856909   2.858531     2.5638     2.5243     0.0057  0.2319798      1.484    22.5695    22.5856     6.1767     5.2545 -9.990e-29
        100      1.500    14.5103    14.5070   2.856845   2.858546     2.5638     2.5238     0.0057  0.2320232      1.486    22.5686    22.5853     6.1775     5.2543 -9.990e-29
        101      1.502    14.5110    14.5079   2.856783   2.858567     2.5637     2.5233     0.0057  0.2320499      1.488    22.5676    22.5849     6.1781     5.2543 -9.990e-29
        102      1.503    14.5116    14.5089   2.856722   2.858594     2.5637     2.5228     0.0057  0.2320608      1.489    22.5667    22.5846     6.1790     5.2543 -9.990e-29
        103      1.505    14.5123    14.5100   2.856662   2.858628     2.5637     2.5223     0.0057  0.2320570      1.491    22.5658    22.5842     6.1799     5.2544 -9.990e-29
        104      1.507    14.5130    14.5111   2.856604   2.858668     2.5637     2.5218     0.0057  0.2320375      1.493    22.5649    22.5839     6.1809     5.2546 -9.990e-29
        105      1.510    14.5138    14.5123   2.856548   2.858713     2.5637     2.5213     0.0057  0.2320014      1.496    22.5639    22.5836     6.1818     5.2548 -9.990e-29
        106      1.512    14.5145    14.5135   2.856495   2.858764     2.5637     2.5208     0.0057  0.2319484      1.498    22.5631    22.5834     6.1828     5.2551 -9.990e-29
        107      1.514    14.5153    14.5148   2.856443   2.858818     2.5638     2.5204     0.0057  0.2318782      1.500    22.5622    22.5831     6.1842     5.2558 -9.990e-29
        108      1.516    14.5161    14.5160   2.856394   2.858875     2.5638     2.5200     0.0057  0.2317902      1.502    22.5613    22.5829     6.1852     5.2565 -9.990e-29
        109      1.517    14.5169    14.5171   2.856347   2.858935     2.5638     2.5195     0.0057  0.2316838      1.503    22.5604    22.5828     6.1863     5.2571 -9.990e-29
        110      1.519    14.5176    14.5182   2.856303   2.858996     2.5639     2.5192     0.0057  0.2315584      1.505    22.5596    22.5827     6.1876     5.2582 -9.990e-29
        111      1.521    14.5184    14.5192   2.856261   2.859059     2.5639     2.5188     0.0057  0.2314130      1.507    22.5588    22.5826     6.1887     5.2592 -9.990e-29
        112      1.523    14.5191    14.5201   2.856221   2.859123     2.5640     2.5184     0.0057  0.2312483      1.509    22.5580    22.5827     6.1901     5.2602 -9.990e-29
        113      1.525    14.5198    14.5209   2.856185   2.859188     2.5640     2.5181     0.0059  0.2310725      1.511    22.5573    22.5828     6.1913     5.2615 -9.990e-29
        114      1.527    14.5205    14.5216   2.856153   2.859254     2.5641     2.5178     0.0059  0.2309006      1.513    22.5566    22.5829     6.1927     5.2629 -9.990e-29
        115      1.529    14.5211    14.5222   2.856125   2.859321     2.5642     2.5175     0.0059  0.2307415      1.515    22.5560    22.5832     6.1942     5.2644 -9.990e-29
        116      1.530    14.5217    14.5227   2.856101   2.859389     2.5643     2.5172     0.0059  0.2305950      1.516    22.5555    22.5835     6.1957     5.2659 -9.990e-29
        117      1.532    14.5223    14.5230   2.856080   2.859458     2.5644     2.5170     0.0059  0.2304592      1.518    22.5549    22.5839     6.1972     5.2678 -9.990e-29
        118      1.534    14.5228    14.5233   2.856063   2.859529     2.5645     2.5168     0.0059  0.2303340      1.520    22.5545    22.5843     6.1987     5.2697 -9.990e-29
        119      1.536    14.5231    14.5235   2.856049   2.859602     2.5646     2.5166     0.0059  0.2302202      1.522    22.5542    22.5849     6.2002     5.2716 -9.990e-29
        120      1.537    14.5234    14.5236   2.856039   2.859678     2.5648     2.5164     0.0059  0.2301179      1.523    22.5539    22.5855     6.2020     5.2736 -9.990e-29
        121      1.539    14.5237    14.5238   2.856032   2.859756     2.5649     2.5163     0.0059  0.2300264      1.525    22.5537    22.5860     6.2035     5.2758 -9.990e-29
        122      1.540    14.5238    14.5239   2.856029   2.859837     2.5651     2.5162     0.0059  0.2299442      1.526    22.5536    22.5867     6.2053     5.2781 -9.990e-29
        123      1.542    14.5238    14.5239   2.856028   2.859921     2.5653     2.5161     0.0059  0.2298690      1.528    22.5536    22.5874     6.2071     5.2804 -9.990e-29
        124      1.544    14.5238    14.5239   2.856030   2.860008     2.5655     2.5161     0.0059  0.2298003      1.530    22.5536    22.5882     6.2089     5.2829 -9.990e-29
        125      1.545    14.5238    14.5239   2.856035   2.860098     2.5657     2.5161     0.0059  0.2297394      1.531    22.5537    22.5889     6.2107     5.2854 -9.990e-29
        126      1.547    14.5237    14.5239   2.856043   2.860190     2.5659     2.5161     0.0059  0.2296866      1.533    22.5538    22.5897     6.2125     5.2879 -9.990e-29
        127      1.548    14.5237    14.5239   2.856054   2.860285     2.5661     2.5162     0.0059  0.2296416      1.534    22.5539    22.5906     6.2142     5.2906 -9.990e-29
        128      1.549    14.5237    14.5239   2.856067   2.860382     2.5664     2.5162     0.0057  0.2296040      1.535    22.5540    22.5914     6.2162     5.2931 -9.990e-29
        129      1.551    14.5236    14.5239   2.856083   2.860482     2.5666     2.5163     0.0059  0.2295729      1.536    22.5542    22.5923     6.2179     5.2958 -9.990e-29
        130      1.552    14.5236    14.5239   2.856101   2.860584     2.5669     2.5165     0.0059  0.2295470      1.537    22.5544    22.5932     6.2198     5.2987 -9.990e-29
        131      1.553    14.5236    14.5240   2.856121   2.860689     2.5671     2.5167     0.0059  0.2295262      1.538    22.5545    22.5940     6.2214     5.3016 -9.990e-29
        132      1.555    14.5236    14.5241   2.856144   2.860794     2.5674     2.5168     0.0059  0.2295104      1.540    22.5547    22.5949     6.2233     5.3042 -9.990e-29
        133      1.556    14.5236    14.5241   2.856169   2.860901     2.5677     2.5171     0.0057  0.2295003      1.541    22.5550    22.5958     6.2252     5.3073 -9.990e-29
        134      1.557    14.5236    14.5242   2.856196   2.861007     2.5679     2.5173     0.0059  0.2294958      1.542    22.5552    22.5967     6.2267     5.3100 -9.990e-29
        135      1.557    14.5236    14.5242   2.856226   2.861114     2.5682     2.5176     0.0057  0.2294953      1.542    22.5554    22.5976     6.2284     5.3130 -9.990e-29
        136      1.558    14.5236    14.5242   2.856258   2.861220     2.5685     2.5178     0.0059  0.2294978      1.543    22.5557    22.5985     6.2302     5.3157 -9.990e-29
        137      1.559    14.5236    14.5242   2.856292   2.861325     2.5688     2.5181     0.0059  0.2295033      1.544    22.5560    22.5994     6.2319     5.3185 -9.990e-29
        138      1.560    14.5237    14.5242   2.856329   2.861429     2.5691     2.5184     0.0059  0.2295112      1.545    22.5563    22.6003     6.2335     5.3214 -9.990e-29
        139      1.560    14.5237    14.5241   2.856368   2.861531     2.5695     2.5188     0.0059  0.2295179      1.545    22.5566    22.6013     6.2354     5.3244 -9.990e-29
        140      1.561    14.5237    14.5241   2.856409   2.861632     2.5698     2.5191     0.0059  0.2295185      1.546    22.5570    22.6022     6.2369     5.3272 -9.990e-29
        141      1.561    14.5238    14.5241   2.856454   2.861731     2.5701     2.5195     0.0059  0.2295096      1.546    22.5573    22.6030     6.2385     5.3302 -9.990e-29
        142      1.562    14.5239    14.5241   2.856500   2.861827     2.5704     2.5199     0.0059  0.2294903      1.547    22.5577    22.6038     6.2399     5.3331 -9.990e-29
        143      1.562    14.5239    14.5240   2.856548   2.861921     2.5707     2.5203     0.0059  0.2294604      1.547    22.5581    22.6047     6.2414     5.3360 -9.990e-29
        144      1.563    14.5240    14.5240   2.856599   2.862013     2.5711     2.5207     0.0059  0.2294197      1.548    22.5585    22.6055     6.2430     5.3388 -9.990e-29
        145      1.563    14.5241    14.5239   2.856653   2.862101     2.5714     2.5211     0.0059  0.2293679      1.548    22.5589    22.6063     6.2444     5.3416 -9.990e-29
        146      1.563    14.5241    14.5239   2.856709   2.862186     2.5717     2.5215     0.0059  0.2293048      1.548    22.5594    22.6071     6.2457     5.3444 -9.990e-29
        147      1.563    14.5242    14.5238   2.856768   2.862268     2.5721     2.5219     0.0059  0.2292297      1.548    22.5598    22.6079     6.2473     5.3471 -9.990e-29
        148      1.563    14.5243    14.5237   2.856829   2.862347     2.5724     2.5223     0.0059  0.2291423      1.548    22.5603    22.6086     6.2485     5.3498 -9.990e-29
        149      1.563    14.5244    14.5236   2.856892   2.862422     2.5727     2.5228     0.0059  0.2290419      1.548    22.5608    22.6093     6.2497     5.3527 -9.990e-29
        150      1.563    14.5245    14.5235   2.856957   2.862493     2.5731     2.5233     0.0059  0.2289278      1.548    22.5613    22.6100     6.2512     5.3556 -9.990e-29
        151      1.563    14.5246    14.5234   2.857023   2.862562     2.5734     2.5237     0.0059  0.2287992      1.548    22.5618    22.6106     6.2523     5.3582 -9.990e-29
        152      1.562    14.5247    14.5232   2.857091   2.862627     2.5738     2.5242     0.0059  0.2286552      1.547    22.5623    22.6113     6.2537     5.3610 -9.990e-29
        153      1.562    14.5248    14.5230   2.857161   2.862689     2.5741     2.5247     0.0059  0.2284949      1.547    22.5629    22.6120     6.2548     5.3638 -9.990e-29
        154      1.563    14.5249    14.5228   2.857231   2.862748     2.5744     2.5252     0.0059  0.2283171      1.548    22.5634    22.6126     6.2558     5.3666 -9.990e-29
        155      1.563    14.5250    14.5225   2.857302   2.862804     2.5747     2.5257     0.0059  0.2281205      1.548    22.5640    22.6133     6.2568     5.3693 -9.990e-29
        156      1.563    14.5251    14.5222   2.857374   2.862858     2.5751     2.5262     0.0059  0.2279038      1.548    22.5646    22.6139     6.2580     5.3720 -9.990e-29
        157      1.563    14.5252    14.5219   2.857447   2.862908     2.5754     2.5268     0.0059  0.2276656      1.548    22.5651    22.6145     6.2590     5.3749 -9.990e-29
        158      1.564    14.5253    14.5215   2.857519   2.862956     2.5757     2.5273     0.0059  0.2274040      1.549    22.5657    22.6152     6.2599     5.3776 -9.990e-29
        159      1.564    14.5253    14.5211   2.857591   2.863002     2.5761     2.5279     0.0059  0.2271174      1.549    22.5663    22.6158     6.2610     5.3805 -9.990e-29
        160      1.564    14.5253    14.5208   2.857662   2.863046     2.5764     2.5285     0.0059  0.2268037      1.549    22.5669    22.6164     6.2618     5.3834 -9.990e-29
        161      1.565    14.5253    14.5206   2.857732   2.863088     2.5768     2.5291     0.0059  0.2264607      1.550    22.5676    22.6168     6.2629     5.3861 -9.990e-29
        162      1.565    14.5253    14.5204   2.857801   2.863129     2.5771     2.5297     0.0059  0.2260861      1.550    22.5682    22.6173     6.2636     5.3889 -9.990e-29
        163      1.565    14.5252    14.5204   2.857869   2.863168     2.5775     2.5304     0.0059  0.2256798      1.550    22.5688    22.6177     6.2646     5.3918 -9.990e-29
        164      1.565    14.5252    14.5204   2.857935   2.863206     2.5778     2.5310     0.0057  0.2252568      1.550    22.5694    22.6180     6.2653     5.3945 -9.990e-29
        165      1.566    14.5252    14.5205   2.857999   2.863242     2.5782     2.5317     0.0057  0.2248473      1.551    22.5699    22.6182     6.2663     5.3974 -9.990e-29
        166      1.566    14.5251    14.5206   2.858060   2.863276     2.5785     2.5324     0.0057  0.2244722      1.551    22.5705    22.6185     6.2669     5.4002 -9.990e-29
        167      1.566    14.5251    14.5207   2.858121   2.863308     2.5789     2.5331     0.0057  0.2241349      1.551    22.5710    22.6187     6.2678     5.4030 -9.990e-29
        168      1.565    14.5250    14.5208   2.858179   2.863337     2.5792     2.5338     0.0057  0.2238321      1.550    22.5716    22.6189     6.2683     5.4057 -9.990e-29
        169      1.565    14.5250    14.5210   2.858236   2.863365     2.5796     2.5345     0.0057  0.2235610      1.550    22.5721    22.6190     6.2691     5.4084 -9.990e-29
        170      1.565    14.5249    14.5211   2.858292   2.863389     2.5799     2.5353     0.0057  0.2233195      1.550    22.5727    22.6192     6.2696     5.4113 -9.990e-29
        171      1.565    14.5249    14.5212   2.858346   2.863412     2.5803     2.5360     0.0057  0.2231062      1.550    22.5731    22.6193     6.2703     5.4138 -9.990e-29
        172      1.564    14.5248    14.5213   2.858399   2.863432     2.5806     2.5368     0.0057  0.2229193      1.549    22.5736    22.6194     6.2708     5.4166 -9.990e-29
        173      1.563    14.5247    14.5215   2.858450   2.863449     2.5809     2.5375     0.0057  0.2227578      1.548    22.5741    22.6195     6.2711     5.4190 -9.990e-29
        174      1.562    14.5246    14.5216   2.858501   2.863464     2.5812     2.5383     0.0057  0.2226204      1.547    22.5746    22.6195     6.2715     5.4216 -9.990e-29
        175      1.562    14.5245    14.5217   2.858551   2.863476     2.5816     2.5391     0.0057  0.2225061      1.547    22.5751    22.6196     6.2721     5.4242 -9.990e-29
        176      1.561    14.5243    14.5219   2.858601   2.863485     2.5819     2.5399     0.0057  0.2224142      1.546    22.5757    22.6195     6.2724     5.4266 -9.990e-29
        177      1.560    14.5242    14.5220   2.858650   2.863492     2.5822     2.5407     0.0057  0.2223441      1.545    22.5762    22.6195     6.2726     5.4290 -9.990e-29
        178      1.559    14.5240    14.5221   2.858700   2.863496     2.5825     2.5415     0.0057  0.2222953      1.544    22.5767    22.6195     6.2729     5.4313 -9.990e-29
        179      1.558    14.5239    14.5223   2.858749   2.863497     2.5828     2.5422     0.0057  0.2222673      1.543    22.5772    22.6194     6.2731     5.4333 -9.990e-29
        180      1.557    14.5237    14.5224   2.858798   2.863496     2.5831     2.5430     0.0057  0.2222601      1.542    22.5777    22.6193     6.2733     5.4354 -9.990e-29
