data/2021/ctd_data_day1/Station 2 210921_ctm.cnv
* Sea-Bird SBE 9 Data File:
* FileName = C:\Users\CTD-User\Desktop\MAR440\Station 2 210921.hex
* Software Version Seasave V 7.26.2.13
* Temperature SN = 6313
* Conductivity SN = 4758
* Number of Bytes Per Scan = 30
* Number of Voltage Words = 4
* Number of Scans Averaged by the Deck Unit = 1
* NMEA baud rate = 4800
** Ship:
** Station:
** Operator:
# nquan = 11
# nvalues = 6110                        
# units = specified
# name 0 = scan: Scan Count
# name 1 = prDM: Pressure, Digiquartz [db]
# name 2 = t090C: Temperature [ITS-90, deg C]
# name 3 = t190C: Temperature, 2 [ITS-90, deg C]
# name 4 = c0S/m: Conductivity [S/m]
# name 5 = c1S/m: Conductivity, 2 [S/m]
# name 6 = sbeox0V: Oxygen raw, SBE 43 [V]
# name 7 = sbeox1V: Oxygen raw, SBE 43, 2 [V]
# name 8 = flECO-AFL: Fluorescence, WET Labs ECO-AFL/FL [mg/m^3]
# name 9 = upoly0: Upoly 0, Turbidity
# name 10 = flag:  0.000e+00
# span 0 =          1,       6110       
# span 1 =      0.157,     43.455       
# span 2 =     7.9730,    16.1801       
# span 3 =     7.9712,    16.1835       
# span 4 =  -0.001126,   3.495104       
# span 5 =   0.107799,   3.496217       
# span 6 =     0.4711,     3.0415       
# span 7 =     0.5273,     2.8535       
# span 8 =     0.0033,     0.0408       
# span 9 =  0.0805824,  0.2358938       
# span 10 = 0.0000e+00, 0.0000e+00      
# interval = seconds: 0.0416667
# start_time = Sep 21 2021 09:07:42 [System UTC, header]
# bad_flag = -9.990e-29
*END*
[from data line 3279]
       3280      3.797    16.0255    15.9663   3.116933   3.092242     2.3370     2.3504     0.0042  0.1352833 0.0000e+00
       3281      3.764    16.0182    15.9611   3.113858   3.089055     2.3370     2.3529     0.0042  0.1352833 0.0000e+00
       3282      3.731    16.0079    15.9638   3.110538   3.089004     2.3370     2.3553     0.0042  0.1352833 0.0000e+00
       3283      3.764    15.9965    15.9656   3.107276   3.090862     2.3370     2.3565     0.0042  0.1352833 0.0000e+00
       3284      3.673    15.9843    15.9693   3.104210   3.092107     2.3382     2.3578     0.0042  0.1352833 0.0000e+00
       3285      3.706    15.9675    15.9746   3.101128   3.093020     2.3419     2.3602     0.0042  0.1352833 0.0000e+00
       3286      3.673    15.9514    15.9803   3.097633   3.094417     2.3406     2.3614     0.0042  0.1352833 0.0000e+00
       3287      3.582    15.9384    15.9860   3.093637   3.096807     2.3406     2.3639     0.0042  0.1352833 0.0000e+00
       3288      3.673    15.9230    15.9927   3.089459   3.099679     2.3419     2.3651     0.0042  0.1352833 0.0000e+00
       3289      3.607    15.9028    15.9993   3.084969   3.102247     2.3419     2.3663     0.0042  0.1352833 0.0000e+00
       3290      3.524    15.8795    16.0040   3.080149   3.104729     2.3431     2.3675     0.0042  0.1352833 0.0000e+00
       3291      3.549    15.8638    16.0039   3.075765   3.107127     2.3431     2.3700     0.0042  0.1352833 0.0000e+00
       3292      3.524    15.8538    15.9994   3.072168   3.108169     2.3431     2.3712     0.0040  0.1352833 0.0000e+00
       3293      3.549    15.8428    15.9976   3.069396   3.106989     2.3431     2.3736     0.0042  0.1352833 0.0000e+00
       3294      3.458    15.8338    15.9997   3.066952   3.105668     2.3455     2.3748     0.0042  0.1352833 0.0000e+00
       3295      3.491    15.8245    15.9931   3.065072   3.105491     2.3467     2.3761     0.0042  0.1352833 0.0000e+00
       3296      3.425    15.8181    15.9807   3.063825   3.104615     2.3467     2.3773     0.0042  0.1347949 0.0000e+00
       3297      3.458    15.8172    15.9700   3.062857   3.101523     2.3467     2.3785     0.0042  0.1352833 0.0000e+00
       3298      3.368    15.8184    15.9604   3.062679   3.097938     2.3467     2.3810     0.0042  0.1347949 0.0000e+00
       3299      3.401    15.8302    15.9441   3.063761   3.095229     2.3480     2.3822     0.0042  0.1352833 0.0000e+00
       3300      3.368    15.8504    15.9142   3.065899   3.092194     2.3492     2.3846     0.0046  0.1426093 0.0000e+00
       3301      3.335    15.8477    15.8993   3.068121   3.087957     2.3480     2.3858     0.0048  0.1489585 0.0000e+00
       3302      3.301    15.8192    15.8758   3.067962   3.084331     2.3492     2.3871     0.0048  0.1499353 0.0000e+00
       3303      3.277    15.7827    15.8669   3.064456   3.081650     2.3492     2.3895     0.0048  0.1499353 0.0000e+00
       3304      3.301    15.7506    15.8623   3.059382   3.079445     2.3516     2.3907     0.0048  0.1494469 0.0000e+00
       3305      3.244    15.7213    15.8597   3.054250   3.077970     2.3516     2.3919     0.0048  0.1494469 0.0000e+00
       3306      3.277    15.7006    15.8563   3.049897   3.077383     2.3516     2.3932     0.0048  0.1494469 0.0000e+00
       3307      3.186    15.6933    15.8577   3.046976   3.076731     2.3516     2.3944     0.0048  0.1494469 0.0000e+00
       3308      3.153    15.6857    15.8606   3.044882   3.075919     2.3516     2.3956     0.0048  0.1494469 0.0000e+00
       3309      3.186    15.6770    15.8611   3.042923   3.075857     2.3553     2.3968     0.0048  0.1494469 0.0000e+00
       3310      3.153    15.6716    15.8659   3.041022   3.076591     2.3565     2.3968     0.0048  0.1494469 0.0000e+00
       3311      3.120    15.6706    15.8725   3.039457   3.078024     2.3541     2.3980     0.0048  0.1494469 0.0000e+00
       3312      3.095    15.6775    15.8823   3.038909   3.079902     2.3553     2.3993     0.0048  0.1494469 0.0000e+00
       3313      3.120    15.6770    15.8884   3.039335   3.082358     2.3565     2.4005     0.0048  0.1494469 0.0000e+00
       3314      3.095    15.6764    15.8839   3.039878   3.084779     2.3577     2.4017     0.0048  0.1494469 0.0000e+00
       3315      2.996    15.6744    15.8686   3.040054   3.085779     2.3577     2.4017     0.0048  0.1494469 0.0000e+00
       3316      2.996    15.6770    15.8531   3.040158   3.084451     2.3577     2.4042     0.0048  0.1494469 0.0000e+00
       3317      3.029    15.6840    15.8320   3.039922   3.081684     2.3590     2.4042     0.0048  0.1494469 0.0000e+00
       3318      2.938    15.6918    15.8224   3.040547   3.078232     2.3614     2.4054     0.0048  0.1494469 0.0000e+00
       3319      2.971    15.6997    15.8177   3.042260   3.075421     2.3626     2.4066     0.0048  0.1494469 0.0000e+00
       3320      2.938    15.7081    15.8118   3.043663   3.073645     2.3626     2.4078     0.0048  0.1494469 0.0000e+00
       3321      2.914    15.7140    15.8088   3.045107   3.072563     2.3626     2.4090     0.0048  0.1494469 0.0000e+00
       3322      2.872    15.7147    15.8103   3.045945   3.071676     2.3638     2.4103     0.0048  0.1494469 0.0000e+00
       3323      2.848    15.7135    15.8110   3.046123   3.071664     2.3663     2.4115     0.0048  0.1494469 0.0000e+00
       3324      2.872    15.7128    15.8084   3.045789   3.071606     2.3675     2.4139     0.0048  0.1494469 0.0000e+00
       3325      2.815    15.7072    15.8057   3.045660   3.071460     2.3675     2.4151     0.0048  0.1533541 0.0000e+00
       3326      2.790    15.6935    15.8019   3.044633   3.070873     2.3687     2.4164     0.0049  0.1660525 0.0000e+00
       3327      2.815    15.6764    15.7952   3.042084   3.070075     2.3712     2.4176     0.0049  0.1709365 0.0000e+00
       3328      2.724    15.6655    15.7533   3.039437   3.067576     2.3724     2.4188     0.0049  0.1709365 0.0000e+00
       3329      2.757    15.6524    15.7009   3.037641   3.061014     2.3736     2.4188     0.0049  0.1704481 0.0000e+00
       3330      2.724    15.6324    15.6436   3.035389   3.052072     2.3736     2.4200     0.0049  0.1699597 0.0000e+00
       3331      2.691    15.5777    15.5739   3.030526   3.042293     2.3748     2.4212     0.0049  0.1699597 0.0000e+00
       3332      2.666    15.5474    15.5369   3.024126   3.031860     2.3773     2.4225     0.0049  0.1699597 0.0000e+00
       3333      2.633    15.5697    15.5148   3.020008   3.023858     2.3809     2.4237     0.0049  0.1699597 0.0000e+00
       3334      2.666    15.6096    15.4881   3.020658   3.020585     2.3822     2.4249     0.0049  0.1699597 0.0000e+00
       3335      2.567    15.6492    15.4562   3.024711   3.018635     2.3834     2.4261     0.0049  0.1699597 0.0000e+00
       3336      2.600    15.6750    15.4269   3.030399   3.014623     2.3858     2.4274     0.0049  0.1699597 0.0000e+00
       3337      2.567    15.6807    15.4129   3.034786   3.009213     2.3883     2.4286     0.0049  0.1699597 0.0000e+00
       3338      2.567    15.6789    15.4076   3.037446   3.004445     2.3919     2.4298     0.0049  0.1699597 0.0000e+00
       3339      2.485    15.6775    15.4035   3.039212   3.001334     2.3919     2.4310     0.0049  0.1699597 0.0000e+00
       3340      2.509    15.6750    15.3840   3.040031   3.000582     2.3944     2.4310     0.0049  0.1699597 0.0000e+00
       3341      2.485    15.6685    15.3625   3.040111   3.000043     2.3968     2.4322     0.0049  0.1699597 0.0000e+00
       3342      2.452    15.6660    15.3454   3.039894   2.997400     2.3992     2.4335     0.0049  0.1699597 0.0000e+00
       3343      2.419    15.6626    15.3408   3.039316   2.993847     2.4041     2.4335     0.0049  0.1699597 0.0000e+00
       3344      2.452    15.6516    15.3370   3.038246   2.991264     2.4041     2.4347     0.0049  0.1699597 0.0000e+00
       3345      2.418    15.6267    15.3326   3.036388   2.989938     2.4066     2.4359     0.0049  0.1699597 0.0000e+00
       3346      2.328    15.5998    15.3306   3.031916   2.989453     2.4102     2.4359     0.0049  0.1699597 0.0000e+00
       3347      2.361    15.5960    15.3304   3.026494   2.989497     2.4139     2.4371     0.0049  0.1699597 0.0000e+00
       3348      2.328    15.5831    15.3280   3.022734   2.989554     2.4163     2.4383     0.0049  0.1699597 0.0000e+00
       3349      2.361    15.5585    15.3196   3.020502   2.989220     2.4200     2.4396     0.0049  0.1699597 0.0000e+00
       3350      2.262    15.5373    15.3026   3.019181   2.987813     2.4200     2.4408     0.0049  0.1699597 0.0000e+00
       3351      2.262    15.5200    15.2810   3.017781   2.985233     2.4237     2.4420     0.0051  0.1767973 0.0000e+00
       3352      2.237    15.4964    15.2469   3.016529   2.982027     2.4286     2.4432     0.0053  0.1826581 0.0000e+00
       3353      2.262    15.4869    15.2105   3.015048   2.977824     2.4298     2.4444     0.0055  0.1836349 0.0000e+00
       3354      2.179    15.4579    15.1858   3.012382   2.972350     2.4322     2.4457     0.0055  0.1831465 0.0000e+00
       3355      2.146    15.3893    15.1639   3.008070   2.966969     2.4347     2.4469     0.0053  0.1831465 0.0000e+00
       3356      2.179    15.3237    15.1499   3.001886   2.962075     2.4383     2.4481     0.0053  0.1831465 0.0000e+00
       3357      2.146    15.2951    15.1502   2.994947   2.959574     2.4432     2.4481     0.0055  0.1826581 0.0000e+00
       3358      2.113    15.2952    15.1584   2.989172   2.960128     2.4456     2.4493     0.0055  0.1831465 0.0000e+00
       3359      2.080    15.2930    15.1565   2.985137   2.961526     2.4469     2.4493     0.0055  0.1831465 0.0000e+00
       3360      2.055    15.2741    15.1544   2.982064   2.961510     2.4505     2.4505     0.0053  0.1826581 0.0000e+00
       3361      2.080    15.2410    15.1575   2.978632   2.961001     2.4542     2.4505     0.0053  0.1831465 0.0000e+00
       3362      1.989    15.2303    15.1615   2.975266   2.960900     2.4591     2.4518     0.0053  0.1831465 0.0000e+00
       3363      2.022    15.2218    15.1747   2.972985   2.961395     2.4591     2.4518     0.0053  0.1831465 0.0000e+00
       3364      1.989    15.2168    15.1858   2.971518   2.963275     2.4640     2.4530     0.0053  0.1831465 0.0000e+00
       3365      1.956    15.2176    15.1856   2.970488   2.965230     2.4652     2.4530     0.0053  0.1831465 0.0000e+00
       3366      1.932    15.2356    15.1837   2.970471   2.966131     2.4688     2.4542     0.0053  0.1831465 0.0000e+00
       3367      1.956    15.2454    15.1931   2.971775   2.966092     2.4725     2.4542     0.0055  0.1831465 0.0000e+00
       3368      1.833    15.2567    15.1987   2.973638   2.965767     2.4750     2.4554     0.0053  0.1831465 0.0000e+00
       3369      1.866    15.2778    15.1952   2.975369   2.964920     2.4762     2.4567     0.0053  0.1831465 0.0000e+00
       3370      1.899    15.2952    15.2078   2.977565   2.964533     2.4786     2.4579     0.0053  0.1831465 0.0000e+00
       3371      1.808    15.3132    15.2415   2.980024   2.967324     2.4835     2.4579     0.0053  0.1831465 0.0000e+00
       3372      1.833    15.3286    15.2644   2.982308   2.972701     2.4872     2.4591     0.0053  0.1831465 0.0000e+00
       3373      1.750    15.3448    15.2908   2.984899   2.978139     2.4884     2.4603     0.0053  0.1831465 0.0000e+00
       3374      1.775    15.3754    15.3141   2.987973   2.982648     2.4896     2.4615     0.0055  0.1831465 0.0000e+00
       3375      1.750    15.4073    15.3308   2.991973   2.986214     2.4920     2.4628     0.0053  0.1831465 0.0000e+00
       3376      1.717    15.4335    15.3464   2.996705   2.988852     2.4957     2.4628     0.0053  0.1836349 0.0000e+00
       3377      1.684    15.4400    15.3724   3.000914   2.991119     2.4994     2.4640     0.0053  0.1865653 0.0000e+00
       3378      1.651    15.4388    15.3910   3.003202   2.994399     2.5006     2.4652     0.0055  0.1875421 0.0000e+00
       3379      1.684    15.4270    15.3887   3.003076   2.997785     2.5030     2.4664     0.0055  0.1875421 0.0000e+00
       3380      1.651    15.4093    15.3224   3.001456   2.999011     2.5055     2.4676     0.0053  0.1875421 0.0000e+00
       3381      1.626    15.4042    15.2507   2.999856   2.995592     2.5104     2.4689     0.0055  0.1875421 0.0000e+00
       3382      1.593    15.3917    15.1374   2.998479   2.987445     2.5128     2.4701     0.0053  0.1875421 0.0000e+00
       3383      1.503    15.3837    15.0153   2.997114   2.972813     2.5116     2.4713     0.0055  0.1875421 0.0000e+00
       3384      1.593    15.3583    14.9379   2.995471   2.953924     2.5128     2.4737     0.0055  0.1875421 0.0000e+00
       3385      1.503    15.3054    14.9116   2.992177   2.938608     2.5165     2.4762     0.0053  0.1875421 0.0000e+00
       3386      1.527    15.2556    14.8945   2.986353   2.929715     2.5189     2.4786     0.0053  0.1875421 0.0000e+00
       3387      1.445    15.2027    14.8789   2.979245   2.924645     2.5201     2.4799     0.0053  0.1875421 0.0000e+00
       3388      1.469    15.1620    14.8736   2.972169   2.921339     2.5201     2.4823     0.0053  0.1875421 0.0000e+00
       3389      1.469    15.1349    14.8593   2.965699   2.918147     2.5226     2.4847     0.0055  0.1875421 0.0000e+00
       3390      1.379    15.1222    14.8546   2.960715   2.914506     2.5250     2.4872     0.0053  0.1875421 0.0000e+00
       3391      1.412    15.1114    14.8622   2.957187   2.912149     2.5275     2.4896     0.0055  0.1875421 0.0000e+00
       3392      1.379    15.0983    14.8878   2.954313   2.913394     2.5287     2.4933     0.0055  0.1875421 0.0000e+00
       3393      1.346    15.0867    14.9152   2.951784   2.917674     2.5299     2.4945     0.0055  0.1875421 0.0000e+00
       3394      1.321    15.0693    14.9351   2.949910   2.922507     2.5323     2.4982     0.0053  0.1875421 0.0000e+00
       3395      1.288    15.0476    14.9211   2.948269   2.925271     2.5336     2.5006     0.0053  0.1875421 0.0000e+00
       3396      1.255    15.0316    14.8902   2.945813   2.923620     2.5360     2.5043     0.0055  0.1875421 0.0000e+00
       3397      1.288    15.0214    14.8816   2.942956   2.919265     2.5372     2.5067     0.0053  0.1875421 0.0000e+00
       3398      1.255    15.0196    14.8795   2.940898   2.916109     2.5384     2.5092     0.0055  0.1875421 0.0000e+00
       3399      1.164    15.0258    14.8755   2.940155   2.915052     2.5421     2.5116     0.0053  0.1875421 0.0000e+00
       3400      1.255    15.0348    14.8617   2.940369   2.914696     2.5445     2.5153     0.0053  0.1870537 0.0000e+00
       3401      1.164    15.0444    14.8375   2.941163   2.913556     2.5458     2.5177     0.0055  0.1875421 0.0000e+00
       3402      1.131    15.0629    14.8154   2.942630   2.910402     2.5470     2.5214     0.0055  0.1914493 0.0000e+00
       3403      1.164    15.0829    14.7997   2.944798   2.906163     2.5494     2.5250     0.0055  0.1953565 0.0000e+00
       3404      1.073    15.1056    14.7858   2.947406   2.902589     2.5519     2.5275     0.0055  0.1958449 0.0000e+00
       3405      1.164    15.0984    14.7909   2.949612   2.900287     2.5555     2.5299     0.0055  0.1958449 0.0000e+00
       3406      1.016    15.0717    14.8103   2.949736   2.900102     2.5580     2.5336     0.0055  0.1958449 0.0000e+00
       3407      1.040    15.0680    14.8088   2.948313   2.901127     2.5592     2.5360     0.0055  0.1958449 0.0000e+00
       3408      1.073    15.0825    14.7841   2.947742   2.901439     2.5616     2.5397     0.0055  0.1953565 0.0000e+00
       3409      0.983    15.0906    14.7514   2.948497   2.899105     2.5665     2.5421     0.0055  0.1958449 0.0000e+00
